0.0,0.621673642712978,0.6153471705842926,0.0,0.5361215976749477,0.44708966827037505,0.41061276064133984,0.1910870190146594,0.6954847027361015,0.5747841334374054,0.42121100406889667,0.0,0.3619963758747996,0.0,0.6649402729067919,0.6493468088671426,0.6763739871050011,0.716829272052368,0.49986597763166407,0.7095424013753384,0.7025149638608208,0.7564240081724432,0.5103098389388014,0.5155944954766242,0.6921771072661824,0.746381111458685,0.5030154989732911,0.5108661945282016,0.6344987434758069,0.2026390638574983,0.5269869042082524,0.39988852363582794,0.15830738037401854,0.13324024788772967,0.26905904116242074,0.0,0.0,0.523680281267072,0.40691985288790633,0.5752591370330322,0.6974739578790791,0.15840728011551883,0.48581919434348453,0.4394677486839982,0.3880092701138791,0.764103542532407,0.04406583339443665,0.6339172105048165,0.030474474044479907,0.5044321470006803,0.6689372154948289,0.4258239669756105,0.3470758792921937,0.720926018205936,0.4034884442262598,0.49354234731196717,0.0,0.7017635899149545,0.16720179563138715,0.6995103459182739,0.677874484298377,0.20757046088551973,0.6029988509248274,0.41684986738223784,0.7191432411115897,0.6895233819640832,0.7497364796249283,0.62397427092855,0.4246067895593653,0.5377365387407753,0.5445063028796442,0.7071643540586835,0.5896845451476342,0.792172379126159,0.560156113866614,0.5967172676149044
0.621673642712978,0.0,0.5724278565188208,0.08080631260814528,0.6427192950022298,0.7200239972837894,0.5925816107260818,0.42299932113551797,0.7038675912271155,0.5796049327044148,0.5104945867533106,0.0,0.7123568162308334,0.0,0.6639428897717872,0.6281150080623162,0.7638483262139497,0.7147728606597449,0.4155713918809718,0.6814266364413776,0.7255591582529894,0.7827558662280524,0.5292877709093333,0.45198850711916005,0.87472918792888,0.9102150708563828,0.5694281021281887,0.49177226819022946,0.6121306319276132,0.0,0.44825110494569553,0.4276322847395465,0.20773100957339416,0.12509960466808887,0.39448445677675126,0.0,0.06503366426903387,0.4609208008252305,0.37002385388312686,0.507516156166194,0.6661249192861605,0.18885744308910427,0.4711178117446342,0.44634353686157596,0.31729789310280987,0.3034950010481997,0.0,0.6096026695713047,0.0,0.405720450641691,0.6215632325343956,0.36268855604783207,0.42553598479288024,0.6827558398451146,0.2911623825543458,0.5332678748121729,0.09469129440724938,0.6812038668769608,0.08160516084479419,0.6404167497188032,0.3847173661136122,0.14701231654759606,0.36337077961423536,0.3837626218471,0.7425055495384285,0.42941235305572356,0.66875405949629,0.6116197542273779,0.130660728784354,0.44916550636544667,0.26624731315652206,0.8160401898517444,0.5020444249819689,0.6613112550660274,0.44895899069761125,0.4751204390031538
0.6153471705842926,0.5724278565188208,0.0,0.0,0.6352786579209824,0.7061651353948801,0.3091827646068882,0.6140827425429964,0.88403706311402,0.4283770376749444,0.7481939591726128,0.26659244685153405,0.4819727333012275,0.09918723438606725,0.5213697724411523,0.3193756577760751,0.4188721750422293,0.3753499063290757,0.8428204562238188,0.7400582744436164,0.5504155642005104,0.6041278733645424,0.7531123101753202,0.5531469780951096,0.5420765455360882,0.6752181922714612,0.5821078126379863,0.6289855978742875,0.4763483922951122,0.31225074711935835,0.39871879822176926,0.08322986804439095,0.1994250766482772,0.024478198630048104,0.03906178810875501,0.059232813126551195,0.02674623611658769,0.4132785407584967,0.16653379312295125,0.4610078015449157,0.3664475492665675,0.0,0.5609432089900281,0.4665546649271581,0.26658349161820594,0.35001911748329756,0.1313108412478979,0.8900780269771025,0.05357100132535059,0.6466513395073646,0.8130105430390654,0.5589997332292727,0.699545694392805,0.8626369234436961,0.30359887183692585,0.7739509909489509,0.2549711253723597,0.7060479553466641,0.3745814884046681,0.5622138310234794,0.3252178897919959,0.07506167015647744,0.2912779893966452,0.7570106503936367,0.7542436629140326,0.5293410852299667,0.6858104489876033,0.7499875217562524,0.45621933836610806,0.4345427960538263,0.5542892096303056,0.7100822942665312,0.6617887207863365,0.6120943630904593,0.48890566680925673,0.48384009311723114
0.0,0.08080631260814528,0.0,0.0,0.19397818521996246,0.12206005839622691,0.17712035626220052,0.09447331239905529,0.0,0.20933195127944176,0.0,0.19048561895651622,0.13073823718425648,0.21843855186820696,0.0,0.08734209314577346,0.12978621995862846,0.0,0.06677234703278079,0.0,0.0,0.0,0.0,0.0,0.028161603943596583,0.0074945347437483795,0.026565843631926156,0.07874716858198108,0.0,0.014044751681850959,0.18182783882677594,0.0,0.2401147908236667,0.2771560412215279,0.061584136355176455,0.38822413873289696,0.2602661518610637,0.1500968444370483,0.0,0.1405893684363232,0.0,0.0,0.03205817329890026,0.0,0.0,0.0,0.1098867389788934,0.0208212957451145,0.4165665859998645,0.20259703233456156,0.0,0.1552409819134709,0.0,0.0,0.17338269577015916,0.07257811121030994,0.1836191667835095,0.0,0.20428222122797168,0.0,0.0,0.1928745919459386,0.02707241691582235,0.15113175423625716,0.0,0.0,0.0,0.0,0.0,0.1097310135119589,0.0,0.0,0.022370042151290237,0.0,0.0,0.0
0.5361215976749477,0.6427192950022298,0.6352786579209824,0.19397818521996246,0.0,0.7127021840767487,0.7508456933503808,0.37178792262682825,0.7521767065731988,0.6219877215303471,0.62401734662288,0.13466248358908128,0.5955757737959277,0.22485339922541342,0.6583363539379055,0.529006621708634,0.6022401310147188,0.5771013996954965,0.608796886528325,0.8005178662446792,0.6119727147782155,0.7301116856591954,0.5619777069415668,0.2487514113997368,0.7217315044658452,0.6365833537902144,0.7983165426509662,0.5427012779502411,0.7097359500474447,0.14010265795305268,0.5716038223310552,0.3101252686435402,0.27108906800164084,0.21303039728306772,0.31228980256020067,0.22805783484471417,0.16131533292507838,0.3531368395607436,0.24743345519829485,0.37522514174717564,0.46454895321731293,0.02476742021253924,0.5161666215790626,0.4516526514424478,0.114961954802517,0.38294281452989354,0.06260317541784763,0.7212065566525336,0.13711861313320478,0.6927111432183332,0.6254908687105731,0.6600965838217554,0.4224582755998205,0.7402685872116176,0.3272880811558732,0.6824696985379739,0.05220711274485179,0.6171798240490786,0.16857817155756477,0.6019452432986403,0.3857998787420513,0.1124522236850918,0.3366931001346691,0.5814791292158743,0.7021893402588635,0.5113496480931313,0.6323605093642459,0.5872573888090724,0.08825388457227175,0.5364496740308291,0.24847772196689932,0.7557388618517585,0.47018173092768034,0.601225875303669,0.36700947431212727,0.434499622333527
0.44708966827037505,0.7200239972837894,0.7061651353948801,0.12206005839622691,0.7127021840767487,0.0,0.5419617850296776,0.6556208395620767,0.7601064709651126,0.42260869095731046,0.5314356041687103,0.30729219979066896,0.720628796547129,0.1468840989843577,0.4864986856237978,0.43002522079609307,0.5026884123025984,0.44548463038716135,0.5101059533511068,0.70218017064214,0.5756498892524392,0.5980368038810977,0.7732477703959698,0.33259095211229306,0.6997852165190718,0.7046585305611435,0.6240912244179341,0.5119375602047995,0.5428818142874051,0.05526725121841111,0.37975917308283696,0.25854763879337506,0.34911370747480597,0.26614146534751726,0.2667957318992192,0.16117530583218032,0.3155741353240532,0.37425705126549147,0.23363131234108794,0.3301339532272887,0.3672441711487391,0.0,0.4133152160720375,0.37583290948067627,0.1397030649909405,0.15111932319593996,0.203931026183458,0.6963144382961695,0.0,0.6437079250201371,0.7910300363681595,0.6670242339999122,0.6447205352882981,0.7569585813181705,0.16167796475418003,0.6775911167762165,0.3116895538435972,0.7456711873162977,0.19710553514862716,0.5569273118265897,0.16473798378313131,0.05165870543686779,0.25826043661502496,0.5163805252049537,0.653104131015163,0.4498771195634846,0.5610062416854849,0.6962954487743237,0.06265838429667603,0.4355758943145489,0.3292872809311944,0.6686762305935872,0.40624178713492626,0.5337005958114343,0.22243054582766206,0.20231785668085828
0.41061276064133984,0.5925816107260818,0.3091827646068882,0.17712035626220052,0.7508456933503808,0.5419617850296776,0.0,0.08735545725936009,0.454628615707644,0.6216677880786852,0.32456816225259016,0.0,0.5769796549118843,0.17612459068562228,0.579144165053401,0.6240137492196285,0.644534779945866,0.6689606066375502,0.25759754337100066,0.5829111215851882,0.5494523869325727,0.6802126155857702,0.30701718558377655,0.0,0.7073924358245743,0.46926850381576274,0.7269397230542575,0.3660826469503425,0.7598389525106451,0.0,0.6089623004849167,0.3832657193476867,0.2419898655466292,0.30632671019054003,0.4180558428113005,0.10276476564165693,0.11743683963486272,0.2769325400390817,0.27377895511935957,0.22474138457748455,0.37106397841729355,0.1014958024456586,0.3630062329139096,0.33431886842219194,0.08502434985618718,0.3079254026653657,0.0,0.3783969381566637,0.0,0.43599616453381934,0.339082535249977,0.5659831899550052,0.10272166947410233,0.4816213495747433,0.3414156798054432,0.41191484712090576,0.0,0.44940463498857597,0.05778431606360218,0.5202271453972419,0.44567771106597825,0.20024062122366695,0.44888691102159084,0.22916927388958463,0.5246282201561885,0.4049550073064089,0.4696586675128993,0.35717897960879497,0.0,0.49257729377191684,0.0,0.6479281204885405,0.3023206691103647,0.5676808058276418,0.23580482064854275,0.3663609555120107
0.1910870190146594,0.42299932113551797,0.6140827425429964,0.09447331239905529,0.37178792262682825,0.6556208395620767,0.08735545725936009,0.0,0.5467002639308408,0.3387452099688127,0.546743942861003,0.6557376691934963,0.5326525321669119,0.20736313623329308,0.13349002873815213,0.0,0.1246672762672082,0.0,0.45002434813123526,0.3840331138758338,0.3670076711877269,0.17977750181711225,0.6558031016061633,0.40029141350736386,0.22401245998643401,0.4606238575996605,0.23795566139175883,0.4445785586620027,0.046368084880841265,0.08667712709958092,0.11562785743985646,0.0,0.4110886726330929,0.2767256990015536,0.012308637226463949,0.3400418528064927,0.2286856289825968,0.24024045020628665,0.0,0.3786345153699098,0.02439505683537395,0.0,0.3548068447312944,0.18218430100327293,0.0,0.0,0.12660896580778544,0.5549941818743941,0.0,0.4041174044184711,0.5233614817328084,0.32626062994336524,0.8408463766026518,0.5296236433183383,0.1319118718898551,0.6204578691219775,0.6850665672852441,0.4467796460379024,0.24820750628864002,0.16015610374897254,0.0,0.0,0.0,0.4699729382585469,0.3330431998000133,0.2568273107173109,0.21346705803267393,0.5435928487275286,0.18538228881976643,0.09254371069754186,0.31186371458918627,0.28411528083806675,0.19942019284556997,0.05624587414545672,0.0,0.0
0.6954847027361015,0.7038675912271155,0.88403706311402,0.0,0.7521767065731988,0.7601064709651126,0.454628615707644,0.5467002639308408,0.0,0.5476754286644976,0.781201244252609,0.12569668203571358,0.5718387778791648,0.0,0.6916009388905101,0.44183757941366514,0.5658817484328776,0.5557074708028445,0.7636184965614035,0.8706811718291637,0.6710009199012341,0.7551666600295449,0.7096685572543058,0.5527953130227002,0.7201918608556754,0.7877997885793171,0.7515593176139728,0.646476724427372,0.6399777172141827,0.1906728107249517,0.44567008134218183,0.2561185143815162,0.18651515288683723,0.06032771172459282,0.1405613182836202,0.0,0.07144553804002712,0.4495956529296399,0.3230374599636703,0.4835925526630481,0.47010630090775374,0.0,0.6067332432414917,0.5612431867258632,0.3287396406326406,0.41724263937358164,0.08073972810687163,0.8900494341343519,0.0,0.7443383423913278,0.8740559803427521,0.6421669083517992,0.6509544660940563,0.9687853622745699,0.3041550384822316,0.8139024559996942,0.13852014174535526,0.8056557766742629,0.2527317102783925,0.7420790360063567,0.39870481829436066,0.042062241645471315,0.3465767425906722,0.6991961278822549,0.9030083399169336,0.5961183216509891,0.8043175328284528,0.7568152474708354,0.40054281362855415,0.45677875534040424,0.5417302919017888,0.866295898556581,0.6576176288082711,0.772104248861564,0.5320300260846881,0.534111510382822
0.5747841334374054,0.5796049327044148,0.4283770376749444,0.20933195127944176,0.6219877215303471,0.42260869095731046,0.6216677880786852,0.3387452099688127,0.5476754286644976,0.0,0.5001800715211204,0.14725705204255013,0.4839319077595235,0.15302285650003009,0.5110665851489933,0.5672546331560404,0.634597151484744,0.5737712441035013,0.43151927822742026,0.5403819145976171,0.5934631043791426,0.5925320669385405,0.37756428217385335,0.2815869469664197,0.6377116091711188,0.5622038913539106,0.5734422969262407,0.6437818264344074,0.567094308358294,0.18199386386004293,0.6558167674497204,0.10112588302060775,0.28517825703527333,0.3136284176175873,0.20146432435626166,0.26778898493175457,0.15603702117100773,0.29621838572582526,0.0,0.44464856308094636,0.3843188057256486,0.0,0.39090595308787623,0.2867290751145829,0.0790594125280534,0.4395690048780764,0.0,0.4591845136308784,0.026291985890995268,0.5038603612957904,0.4042475472342554,0.49732317382068963,0.3542643643632326,0.5732304516461477,0.6553810817180872,0.5247468223724819,0.04839738383607611,0.4528276889394264,0.24793064919652882,0.4567874696486521,0.3140819054722156,0.35256211924676567,0.42936241267756753,0.3815894138285907,0.5197085047649757,0.531177618806391,0.42682548624311345,0.4696385942948666,0.14881954311957837,0.5193041831415718,0.19379212469647084,0.6287926394414565,0.44417763559095247,0.5165758360653231,0.2270798609293559,0.31860658003125203
0.42121100406889667,0.5104945867533106,0.7481939591726128,0.0,0.62401734662288,0.5314356041687103,0.32456816225259016,0.546743942861003,0.781201244252609,0.5001800715211204,0.0,0.2684744644339682,0.4348772753632197,0.16564084297658868,0.545827343208082,0.21929008123070573,0.3230698780745054,0.24859674334685739,0.7453129702573021,0.6562849655294739,0.4719770821727818,0.5400856651740157,0.5590576352844876,0.36742786165328056,0.45820850694922616,0.5411014408097713,0.5839481758895839,0.5455458892059286,0.370662204714307,0.22662595972021057,0.36694739444645064,0.04041418477949683,0.12714560583676,0.055302124286659926,0.0,0.13972534008235632,0.0,0.3910982195224745,0.11759326139774905,0.3879492924124996,0.3311998721085778,0.0,0.6030141138804812,0.3991010116093986,0.22665231111966436,0.21005747733846822,0.14351055716032957,0.7401132875071099,0.014904195533802622,0.6611134779583981,0.6250573016975145,0.4601316558606994,0.5878011308748946,0.7458708125247693,0.2844092429561871,0.8016988808278933,0.1934585418881251,0.5496154397036932,0.3264262804509397,0.4994105974313797,0.19541493984932268,0.033266056235311314,0.11248512068608542,0.6755840647367716,0.6773507529546798,0.40453368476551654,0.5968287788785297,0.6151461639240937,0.30233030524745186,0.3550091800799974,0.42250989813050893,0.6561726522714919,0.5827556599634238,0.4821929271283665,0.42652884793233725,0.4333642320796743
0.0,0.0,0.26659244685153405,0.19048561895651622,0.13466248358908128,0.30729219979066896,0.0,0.6557376691934963,0.12569668203571358,0.14725705204255013,0.2684744644339682,0.0,0.38594338095191516,0.2523279717473366,0.0,0.0,0.0,0.0,0.3039269881100054,0.046010178409758046,0.02557360363479025,0.0,0.2649919140483019,0.26131944758230347,0.0,0.06853199402368698,0.0,0.3909666453960825,0.0,0.27344532282337325,0.05453947228222972,0.0,0.22064164466325914,0.2085827007696206,0.0,0.5066731331230492,0.24929760287755973,0.0,0.0,0.019792797545789914,0.0,0.0,0.09636874588353925,0.0,0.0,0.0,0.034210304554447846,0.20459517380045317,0.19820311504087895,0.13577376063703295,0.07664127223272854,0.07117303180462772,0.4858296791702702,0.062371273699110774,0.20085954975802167,0.3203013287716731,0.7630796886857619,0.11408101946502158,0.11845785930772942,0.0,0.0,0.1554162531720098,0.0,0.3317140877299163,0.0,0.0,0.0,0.08938419987575136,0.14261725766196887,0.0,0.07791216327513906,0.0,0.08339360143298621,0.0,0.0,0.0
0.3619963758747996,0.7123568162308334,0.4819727333012275,0.13073823718425648,0.5955757737959277,0.720628796547129,0.5769796549118843,0.5326525321669119,0.5718387778791648,0.4839319077595235,0.4348772753632197,0.38594338095191516,0.0,0.10523648115365823,0.4821301309500926,0.5614509337032665,0.6536200257365102,0.5442401884020438,0.4183249481442861,0.5207197253798298,0.6206274924045585,0.5049473633452353,0.4462074379274378,0.3536714217642813,0.5896618354033321,0.6995222265921958,0.37854767846583826,0.6670620477772499,0.45186978463852845,0.13100701741004997,0.45342839188369505,0.19917589294775254,0.22523192779093687,0.2691639033213611,0.23057740857483588,0.11394165990765634,0.2515922387022361,0.28734412027791134,0.11742199621941994,0.24102650624440078,0.3422788067503903,0.0,0.3644450889834526,0.38541772338116337,0.12986318047481432,0.1369316176652584,0.0,0.4973313849107488,0.0,0.4206329228006176,0.47230082280328756,0.36157402588100435,0.4154908635456667,0.5333076365352388,0.28355104443674284,0.5317555729328508,0.36191659798368914,0.6766379495717922,0.15562418412026138,0.4212377814730238,0.20765624836284574,0.33180306304254126,0.36712840147885406,0.40181580048501514,0.5000326550607976,0.3242573404343888,0.4008903371336462,0.4175944759918549,0.042486022538199775,0.2296538929588762,0.14013899778552152,0.49821726513867837,0.4674016360735834,0.3897409701556358,0.2632931682250806,0.2831103560998094
0.0,0.0,0.09918723438606725,0.21843855186820696,0.22485339922541342,0.1468840989843577,0.17612459068562228,0.20736313623329308,0.0,0.15302285650003009,0.16564084297658868,0.2523279717473366,0.10523648115365823,0.0,0.0,0.0,0.0,0.0,0.17543140410663496,0.0,0.0,0.0,0.14747066994780955,0.0,0.0,0.0,0.08152340019056231,0.09107933759022133,0.0,0.0,0.2078508534614768,0.0,0.06157804444882154,0.1446429084586613,0.0,0.4612814117800701,0.2317284058041569,0.0,0.0,0.0,0.0,0.0,0.1478164127716683,0.0,0.0,0.0,0.31321198982658915,0.052323287439703645,0.2723491203455347,0.2541242410025258,0.058987888258123386,0.2198525528077394,0.15720010385286576,0.0,0.09190267041615673,0.22661753231664933,0.10457261796683007,0.02857110298279944,0.2367910331030993,0.0,0.0,0.10018679933854403,0.005691496451771805,0.07955882594227197,0.0,0.09571522306143888,0.0,0.10484523196219683,0.0,0.12943266757377697,0.0,0.0,0.06286787881338216,0.0,0.0,0.0
0.6649402729067919,0.6639428897717872,0.5213697724411523,0.0,0.6583363539379055,0.4864986856237978,0.579144165053401,0.13349002873815213,0.6916009388905101,0.5110665851489933,0.545827343208082,0.0,0.4821301309500926,0.0,0.0,0.6439726118291809,0.6623565788156222,0.7011459597918761,0.44675278824667397,0.7819670692937275,0.7676935409079904,0.8529724316233387,0.42923730445877656,0.34212051754740364,0.7085531014079033,0.6848878983275275,0.6343472789591338,0.425084395197156,0.7012316918189091,0.1295217713274037,0.5987634623596683,0.582692833372318,0.059714175679501394,0.1555188905237835,0.35079438440586275,0.0,0.0,0.40129634353876387,0.5910869045720615,0.3929425561877725,0.7255147279845483,0.12900076023250362,0.4750442611112905,0.541998378679439,0.2993386582039207,0.5335982837575654,0.0,0.6321223633906308,0.0,0.5079524490167084,0.5726153317458651,0.4454324932630651,0.24051337366721448,0.7056919692270713,0.30556608669718194,0.5986843499651681,0.0,0.6435471251032276,0.131429310375503,0.8768950284695284,0.6615140308633258,0.1571285216846646,0.4830267394392146,0.4109070479543209,0.7921535912246265,0.5277005941887856,0.8277170035846535,0.5514466038516322,0.20829127112291726,0.43067807951750775,0.3776023985656935,0.7632909438517177,0.5615893408884913,0.776328441009146,0.5592147470449799,0.6892953194697613
0.6493468088671426,0.6281150080623162,0.3193756577760751,0.08734209314577346,0.529006621708634,0.43002522079609307,0.6240137492196285,0.0,0.44183757941366514,0.5672546331560404,0.21929008123070573,0.0,0.5614509337032665,0.0,0.6439726118291809,0.0,0.8303906499245066,0.8701831822526852,0.31551702734604303,0.5485916098147403,0.6692166306740517,0.7522206333685946,0.2514301103103918,0.135808655027088,0.7321049516731761,0.6078718992956953,0.47523884442442244,0.6106723581630664,0.733063881142902,0.2595084782580091,0.7468648955734107,0.45097486941691833,0.15518733685715166,0.3457290767336228,0.43928385058359537,0.0,0.13911586546148,0.22410498786586702,0.32203523529805034,0.31166583806020004,0.6134406763983534,0.18441063262025073,0.2334003978888708,0.32899279722451324,0.08187857795289566,0.6533230960521741,0.0,0.3601561647959063,0.07568804904899865,0.4127258133833832,0.36442409256956526,0.4328981164602577,0.0,0.4453114655416386,0.5305287251898928,0.34801019268107547,0.0,0.5886710095695953,0.13984816284963747,0.6150371663426428,0.7651996471494638,0.5451072877091162,0.7850001629597687,0.2461800626013905,0.5309242936685394,0.5076776696840344,0.5697138685468729,0.2976825380472134,0.0,0.4785061427045234,0.14244234408175302,0.5838847646179601,0.5259688955292652,0.6910483751751879,0.5154831308163227,0.5896549149969716
0.6763739871050011,0.7638483262139497,0.4188721750422293,0.12978621995862846,0.6022401310147188,0.5026884123025984,0.644534779945866,0.1246672762672082,0.5658817484328776,0.634597151484744,0.3230698780745054,0.0,0.6536200257365102,0.0,0.6623565788156222,0.8303906499245066,0.0,0.9265523247295443,0.3989527667518059,0.5733946309562711,0.6652646970705618,0.7478533943082684,0.31504655145658006,0.3765594766932048,0.808130317251011,0.7721434195778002,0.5046321748201162,0.5896010342754561,0.6550094329989504,0.09419980004773845,0.6496925235883536,0.46929554561512055,0.19116217552403664,0.1859072174691177,0.3323245443044099,0.0,0.08709925105916595,0.39923549912204404,0.380970526267525,0.41892384226977797,0.6143025884794882,0.16694759934071463,0.4337619267100573,0.44498810069609274,0.26565228827688075,0.552586152556287,0.0,0.4732455833924931,0.018860601743488886,0.4083979505080426,0.46760781073147173,0.39999161810670797,0.13211415777142665,0.5700462530552557,0.3867950741414816,0.4163098480166789,0.0,0.636637417561811,0.1499144960778751,0.5947025750779422,0.6428502191876442,0.4120385272977607,0.6739537772431283,0.3362194613829359,0.62876377929284,0.43360861628274894,0.6078165979428023,0.4020435285468985,0.1426689819652859,0.3771609244308669,0.19846563316435595,0.7031875283078082,0.5893863848541704,0.6786681031654315,0.5506747762226466,0.6176571243022535
0.716829272052368,0.7147728606597449,0.3753499063290757,0.0,0.5771013996954965,0.44548463038716135,0.6689606066375502,0.0,0.5557074708028445,0.5737712441035013,0.24859674334685739,0.0,0.5442401884020438,0.0,0.7011459597918761,0.8701831822526852,0.9265523247295443,0.0,0.32419228029051234,0.5823943574000012,0.6803642423158036,0.814224077624804,0.2678734553852839,0.27244702620111955,0.8619986229035459,0.7312108222710278,0.5815072265059892,0.5128096566963556,0.7971243222745797,0.1146444723878903,0.6092500943548711,0.6177805926649806,0.08773754710462953,0.10183378165138658,0.4437669469910594,0.0,0.06764560548637764,0.3282674270833216,0.5631589212453917,0.3535542253370665,0.700341411015809,0.26827154536159387,0.35885002166278046,0.4701651146973542,0.26437147789700977,0.6133481900753044,0.0,0.44055142443108525,0.0,0.38448812157091566,0.44335297546493996,0.4143365365140306,0.0,0.5689151759976743,0.3924492624095248,0.3270589271530696,0.0,0.5975109007813433,0.03522149154529699,0.704098353640781,0.7673396421607042,0.3727942403776553,0.7503727083356703,0.2719147891747887,0.6799587019913751,0.4718352260845209,0.6810403500083015,0.35318988058600925,0.10920720014071328,0.4560426564039037,0.1769716879774093,0.7357506581474222,0.540145272522142,0.7907042233408141,0.6004784619885706,0.6874728998014683
0.49986597763166407,0.4155713918809718,0.8428204562238188,0.06677234703278079,0.608796886528325,0.5101059533511068,0.25759754337100066,0.45002434813123526,0.7636184965614035,0.43151927822742026,0.7453129702573021,0.3039269881100054,0.4183249481442861,0.17543140410663496,0.44675278824667397,0.31551702734604303,0.3989527667518059,0.32419228029051234,0.0,0.5979800081255984,0.45298342683215054,0.4777423211114716,0.5586598694019066,0.4553903345089037,0.41104298204085854,0.5165228965452086,0.46997018888140973,0.6602572852698227,0.4126016879467315,0.4505774165401301,0.4818219931223027,0.0,0.10491520196026219,0.05525374706564988,0.0,0.12789896573363782,0.0,0.2772714042082819,0.012068268932732787,0.3811894118250928,0.2910476874085896,0.0,0.43618259280354393,0.3573968937509968,0.20633252203215385,0.381998551079647,0.030668418409340426,0.7528395171631909,0.19693434634548326,0.6194538489858661,0.6528655079459329,0.4419735052650278,0.5010568543612856,0.7232491392231755,0.37367110406948245,0.7029988201375017,0.1898150060421269,0.5919238042475643,0.4315979146295572,0.41801172087644395,0.33679963970512267,0.21047975914665495,0.3288596310688486,0.8005734286587654,0.6033163544235306,0.4024251205979291,0.5438929538207684,0.5433570700271563,0.4462845385889783,0.3692889450698892,0.4368138793428154,0.5757557138316958,0.714881392439823,0.49827048203383845,0.5440888157119839,0.5399001356143645
0.7095424013753384,0.6814266364413776,0.7400582744436164,0.0,0.8005178662446792,0.70218017064214,0.5829111215851882,0.3840331138758338,0.8706811718291637,0.5403819145976171,0.6562849655294739,0.046010178409758046,0.5207197253798298,0.0,0.7819670692937275,0.5485916098147403,0.5733946309562711,0.5823943574000012,0.5979800081255984,0.0,0.7145215453774587,0.8718381470794649,0.5977103852241757,0.3770346612817382,0.7304209409702198,0.7170376946266743,0.7969544928645008,0.56761679580309,0.7797906538922726,0.24679248899895956,0.5706248720356618,0.4143340942566912,0.23661783636342196,0.1851695433659479,0.3079700249873166,0.026402924397532723,0.07803734958134277,0.42831010503359657,0.3796161237998036,0.5403973390842517,0.6273995085331233,0.10151479322054902,0.5330154076343812,0.5456971640867231,0.2327520415360097,0.47969548126936895,0.13199294749538906,0.8234174699983838,0.0,0.7055614440678966,0.7594858819722317,0.7081415578374254,0.5177726106845837,0.8570814367912652,0.3261167932902683,0.728377624864476,0.010234886369727414,0.7491468478259491,0.1289618045084139,0.8088895651071084,0.5003262716487135,0.02862755826692845,0.3735295564105925,0.5545245469320216,0.9143268449400667,0.6221394167033378,0.8696133885085234,0.6958693195623871,0.22135046180993473,0.5335472610931191,0.4668668951539663,0.844726899627909,0.5567925202938233,0.7784556037402648,0.5201133863594987,0.5294324253991816
0.7025149638608208,0.7255591582529894,0.5504155642005104,0.0,0.6119727147782155,0.5756498892524392,0.5494523869325727,0.3670076711877269,0.6710009199012341,0.5934631043791426,0.4719770821727818,0.02557360363479025,0.6206274924045585,0.0,0.7676935409079904,0.6692166306740517,0.6652646970705618,0.6803642423158036,0.45298342683215054,0.7145215453774587,0.0,0.7702089903959586,0.5474924509186214,0.42126124384386576,0.697872954380823,0.7239367363249568,0.5337230237340949,0.5823325417516634,0.6802697381719555,0.20376083971852593,0.6065910587451059,0.41346562160288214,0.16616639103152125,0.23939212574204513,0.35516045656856376,0.0,0.06070017305407273,0.33904835336699035,0.36181246124717553,0.4807750397315256,0.6976150426760519,0.058037355076350744,0.46015385288426036,0.47723774913068173,0.1916238013486842,0.5489505955401903,0.0,0.6082651691938641,0.0005281724621171713,0.48850767159514324,0.628402622640083,0.39939404431880426,0.44366549125390353,0.6927023542024324,0.42401131827966004,0.5755690268294988,0.0396596371694618,0.7205582072062555,0.14120324076553437,0.7533654870278728,0.563083796009749,0.2615159870501563,0.5555122745797925,0.35351264671245963,0.7115510398339988,0.7089465552442685,0.6916927671665674,0.6498471223375121,0.2584733434432865,0.46622663641636664,0.41365033790897976,0.7141655807965421,0.5577836427158311,0.7336119648295998,0.4231502395738958,0.5078197523023095
0.7564240081724432,0.7827558662280524,0.6041278733645424,0.0,0.7301116856591954,0.5980368038810977,0.6802126155857702,0.17977750181711225,0.7551666600295449,0.5925320669385405,0.5400856651740157,0.0,0.5049473633452353,0.0,0.8529724316233387,0.7522206333685946,0.7478533943082684,0.814224077624804,0.4777423211114716,0.8718381470794649,0.7702089903959586,0.0,0.47516914988363473,0.35236777011563036,0.8679761821598001,0.7838005590319711,0.7695160250065548,0.5160850885614601,0.8597594149638388,0.18465691423908176,0.6464303928751624,0.6103165222784288,0.15251597070678766,0.1482637269011711,0.39641951948628273,0.0,0.04887488941577828,0.4626477892563591,0.5834556167769841,0.517162669960034,0.7477839166322786,0.21113227886731045,0.5263117854423903,0.5745335378613641,0.29668947257616546,0.5733897509317584,0.0539639593320792,0.6714927402828041,0.0,0.5783948195550676,0.645792640113922,0.5767406106191244,0.2838381005562709,0.7591979006159006,0.37295308326769105,0.5709450289154765,0.0,0.6821121779411532,0.11250300902661865,0.8469698109636243,0.735023410344811,0.13934568049772617,0.5461055806451443,0.41021347244633255,0.8710634768459118,0.600961312974816,0.8989483285592599,0.6023846399446413,0.16642779965110377,0.5662143853325345,0.38866683932303187,0.8716710392878895,0.5800199988940836,0.8597517602591398,0.6480471078152465,0.6985704190829614
0.5103098389388014,0.5292877709093333,0.7531123101753202,0.0,0.5619777069415668,0.7732477703959698,0.30701718558377655,0.6558031016061633,0.7096685572543058,0.37756428217385335,0.5590576352844876,0.2649919140483019,0.4462074379274378,0.14747066994780955,0.42923730445877656,0.2514301103103918,0.31504655145658006,0.2678734553852839,0.5586598694019066,0.5977103852241757,0.5474924509186214,0.47516914988363473,0.0,0.5114347315125884,0.4939767398814704,0.6259528870838378,0.5000981456566291,0.4505643382486052,0.3912508985259379,0.176838247953354,0.2364114756446573,0.1863447625253913,0.20782339055546464,0.11009083205433334,0.05357759508332811,0.16397593114069559,0.16926796837015917,0.3810653942378337,0.2496536853016278,0.40149097184543736,0.33967197063910953,0.0,0.4529079103076481,0.4987835567889475,0.17173286465259355,0.24627920483904295,0.33457353613081225,0.7478260207836834,0.0276740605281333,0.520354239001945,0.8358709794914156,0.5123680131381677,0.7559957228741222,0.6960366990837409,0.29228524283559415,0.67560706673595,0.3351167862841615,0.6789632364444276,0.29099692203543387,0.49636029522200664,0.19712913689872835,0.08014970168325211,0.2610848335547874,0.5366463043204379,0.5813551197037041,0.5330341546138718,0.510281424383639,0.8935271507520208,0.36041669589559877,0.48009470977078395,0.6064915498496434,0.5879122600210003,0.40747415125782216,0.5159584656362706,0.2325889979625106,0.21804168946211183
0.5155944954766242,0.45198850711916005,0.5531469780951096,0.0,0.2487514113997368,0.33259095211229306,0.0,0.40029141350736386,0.5527953130227002,0.2815869469664197,0.36742786165328056,0.26131944758230347,0.3536714217642813,0.0,0.34212051754740364,0.135808655027088,0.3765594766932048,0.27244702620111955,0.4553903345089037,0.3770346612817382,0.42126124384386576,0.35236777011563036,0.5114347315125884,0.0,0.3088429367845628,0.7058742301437833,0.12668367535754865,0.39394362940347916,0.13795825509281376,0.16400860111057364,0.05884497762191562,0.1888634899492317,0.0,0.0,0.0,0.0,0.0,0.46553176563073484,0.3226638044297704,0.48185554282555404,0.41124356988669203,0.04251841739965116,0.5276141905693578,0.5421779788757789,0.48710295959073835,0.2776150308458398,0.006946446962348973,0.526706831728283,0.05872318266122643,0.20674479383705863,0.5780216947345902,0.049373992098093816,0.5069111774710585,0.5223532296231193,0.21955725965484021,0.32737463589987637,0.40630620508982873,0.6242446244449236,0.1378974997215623,0.3218342353657488,0.24035893091851632,0.15807961735288886,0.2352033989034823,0.3991967018905189,0.5146946869080332,0.29152031511549115,0.5063944565531442,0.5421558374033988,0.8164445723649448,0.17284546797413294,0.7200830805857382,0.4196818680174931,0.5154976303063772,0.39999302541620396,0.45117730554532864,0.4269651702431534
0.6921771072661824,0.87472918792888,0.5420765455360882,0.028161603943596583,0.7217315044658452,0.6997852165190718,0.7073924358245743,0.22401245998643401,0.7201918608556754,0.6377116091711188,0.45820850694922616,0.0,0.5896618354033321,0.0,0.7085531014079033,0.7321049516731761,0.808130317251011,0.8619986229035459,0.41104298204085854,0.7304209409702198,0.697872954380823,0.8679761821598001,0.4939767398814704,0.3088429367845628,0.0,0.8310405319841412,0.7259692002216505,0.46430057188507123,0.7876802932232372,0.0,0.5183980908436401,0.5302894132674678,0.16684581867295062,0.10843757296081849,0.3708722651318132,0.0,0.09830998839303161,0.4218006449937128,0.46653771280834655,0.4112909839874767,0.6587576037355528,0.23233119113593165,0.42763969425644455,0.42953024634178083,0.2857037218815845,0.463552136413097,0.0,0.632628730452526,0.0,0.5231588782530654,0.6346739794287444,0.5378324152798539,0.25275472245336433,0.7329475421161294,0.32694008822736254,0.5218554923743881,0.0,0.6409202620581347,0.06650910986874764,0.7205330533758536,0.5754481538535039,0.1524977609439251,0.5045132441267387,0.395704667524097,0.7756814333899966,0.5040715088023757,0.7401354806203853,0.5733262525012485,0.05330438584470876,0.6138547546208155,0.2827707219374449,0.8587409484602537,0.46759640334266694,0.7909740495698261,0.5010211141091951,0.5548685636565733
0.746381111458685,0.9102150708563828,0.6752181922714612,0.0074945347437483795,0.6365833537902144,0.7046585305611435,0.46926850381576274,0.4606238575996605,0.7877997885793171,0.5622038913539106,0.5411014408097713,0.06853199402368698,0.6995222265921958,0.0,0.6848878983275275,0.6078718992956953,0.7721434195778002,0.7312108222710278,0.5165228965452086,0.7170376946266743,0.7239367363249568,0.7838005590319711,0.6259528870838378,0.7058742301437833,0.8310405319841412,0.0,0.5407683706836,0.556197750912207,0.5896241575160446,0.05428051518444413,0.3735518537251569,0.4604090826178291,0.16966473523244135,0.0,0.2772032670300314,0.0,0.0757688633567768,0.5155675497032823,0.45060754458507213,0.5432829744604369,0.6938845687037607,0.17177886892920596,0.5595464808862403,0.5455754593990961,0.41910885888299304,0.42009809360591377,0.0,0.7261905458687544,0.0,0.4434192130967256,0.6930254695449178,0.3572495047744637,0.4874637392193767,0.7541360854630681,0.28634531168740784,0.5659249462397815,0.1697740788357821,0.7595942942145774,0.08756419081004946,0.6622920451690882,0.4447723075350398,0.16073242515529862,0.41971713685575734,0.48562759857685,0.8095204971257934,0.4601497135699634,0.7527990071685617,0.6642654330337765,0.3880757786583515,0.4061050102471195,0.5101318724585118,0.7860361176272113,0.5816312842768346,0.6875124155828429,0.5431016525724517,0.5472195174365074
0.5030154989732911,0.5694281021281887,0.5821078126379863,0.026565843631926156,0.7983165426509662,0.6240912244179341,0.7269397230542575,0.23795566139175883,0.7515593176139728,0.5734422969262407,0.5839481758895839,0.0,0.37854767846583826,0.08152340019056231,0.6343472789591338,0.47523884442442244,0.5046321748201162,0.5815072265059892,0.46997018888140973,0.7969544928645008,0.5337230237340949,0.7695160250065548,0.5000981456566291,0.12668367535754865,0.7259692002216505,0.5407683706836,0.0,0.39006631648385454,0.821823150449869,0.10818179117580015,0.507002932988936,0.39616764765780366,0.2646915290243878,0.10471698563865532,0.28468264977723434,0.056593864149259626,0.05131936606816069,0.3796090902340987,0.4064450643475705,0.35237267044972664,0.42925071465852394,0.059189719892285816,0.490812691074209,0.49497222029823473,0.16990996362827093,0.322872393252191,0.21576566808929418,0.6912894331013559,0.0,0.6530857871098712,0.6004002128107453,0.7775138953101927,0.31275863767587403,0.7496530086438891,0.31373634528019234,0.6237586343507534,0.0,0.5303248564064492,0.09170959864272403,0.7102911031815974,0.44420925787987336,0.0,0.33847858970018563,0.47661768491725687,0.7697512172639989,0.5026751944965892,0.7004909030252326,0.564313362202403,0.0,0.5549196969781837,0.25336744339658157,0.8518883886398892,0.4149214251301585,0.7218088458115263,0.3726425727725098,0.4539516043057012
0.5108661945282016,0.49177226819022946,0.6289855978742875,0.07874716858198108,0.5427012779502411,0.5119375602047995,0.3660826469503425,0.4445785586620027,0.646476724427372,0.6437818264344074,0.5455458892059286,0.3909666453960825,0.6670620477772499,0.09107933759022133,0.425084395197156,0.6106723581630664,0.5896010342754561,0.5128096566963556,0.6602572852698227,0.56761679580309,0.5823325417516634,0.5160850885614601,0.4505643382486052,0.39394362940347916,0.46430057188507123,0.556197750912207,0.39006631648385454,0.0,0.5215306643742464,0.5447688719921514,0.6850991123600443,0.0,0.15031572720328845,0.30553309979608134,0.05799483502547967,0.14781912816931655,0.21718312509549048,0.24231669055280539,0.0,0.40533784013501895,0.2692431157059818,0.0,0.39712530490281456,0.375586837757882,0.08863375234892054,0.4197003915185939,0.0,0.539936735346707,0.17018336034515177,0.581319190622123,0.5156523522738631,0.44269608141167005,0.4558373905725306,0.6081709961751718,0.5922748815469514,0.5672706217337997,0.28805042234223,0.6570875908976128,0.4032338480640318,0.42380465945912227,0.41352431432512005,0.4691863734789655,0.549964220528666,0.5598030446593063,0.5438687187363601,0.536353207947273,0.44674752441776777,0.4579391467467695,0.3458102295605463,0.34658913940929575,0.29154939750441405,0.5055371336933525,0.7404193692888235,0.521176195811526,0.5122166678460773,0.44063426862014876
0.6344987434758069,0.6121306319276132,0.4763483922951122,0.0,0.7097359500474447,0.5428818142874051,0.7598389525106451,0.046368084880841265,0.6399777172141827,0.567094308358294,0.370662204714307,0.0,0.45186978463852845,0.0,0.7012316918189091,0.733063881142902,0.6550094329989504,0.7971243222745797,0.4126016879467315,0.7797906538922726,0.6802697381719555,0.8597594149638388,0.3912508985259379,0.13795825509281376,0.7876802932232372,0.5896241575160446,0.821823150449869,0.5215306643742464,0.0,0.2805689846679117,0.6641475912063362,0.4377323445495349,0.10013362466417638,0.17366764946499694,0.3562539288702271,0.0,0.07528602215890516,0.2942968372670527,0.43234407220197446,0.32596384312059745,0.5910667522671234,0.11607968986977091,0.40584465939836933,0.5211763646136327,0.15779470471041243,0.5515376530426364,0.027382115741384716,0.5385890813951919,0.0,0.5291009139450846,0.5353916256511837,0.6291669906652081,0.164691698011697,0.6471714514792326,0.4122196780909364,0.4266834755603918,0.0,0.6224477367592971,0.0673867378090415,0.7877021560023616,0.6906006982569644,0.20257150087845377,0.6285819985682459,0.34147776171400473,0.7581761102266859,0.6143037533894857,0.7204806972093494,0.4970741268904457,0.03000903074726391,0.5938170107719024,0.22878686295529183,0.8141660679086852,0.5283629712120341,0.8710250600070035,0.5430657251836134,0.6013987603307196
0.2026390638574983,0.0,0.31225074711935835,0.014044751681850959,0.14010265795305268,0.05526725121841111,0.0,0.08667712709958092,0.1906728107249517,0.18199386386004293,0.22662595972021057,0.27344532282337325,0.13100701741004997,0.0,0.1295217713274037,0.2595084782580091,0.09419980004773845,0.1146444723878903,0.4505774165401301,0.24679248899895956,0.20376083971852593,0.18465691423908176,0.176838247953354,0.16400860111057364,0.0,0.05428051518444413,0.10818179117580015,0.5447688719921514,0.2805689846679117,0.0,0.4135140723362835,0.0,0.0,0.11129294357698685,0.0,0.0986006784949108,0.0,0.0,0.0,0.18258926853743096,0.038596451946455515,0.0,0.0,0.03926154995975922,0.0,0.3184884618313559,0.0,0.21401092708078834,0.24454421085153544,0.19301664326292375,0.1726241841965118,0.12631705787899722,0.1313994445458196,0.119263016830959,0.523401096881148,0.20346079220799446,0.22864136445896882,0.17938620320494642,0.2546266043253888,0.14558432729756088,0.30974647718295095,0.40898908824438707,0.34917326307090657,0.41356196999555345,0.16340475944401914,0.36716471700204534,0.13977436051131015,0.17688079768677867,0.3660687093547826,0.2871792620657625,0.25576513619454383,0.13440220368598566,0.410281522754704,0.23889984002584191,0.44282100237759786,0.24449410373017338
