0.0,0.5552836529025802,0.0,0.04143684142910198,0.2601873526149494,0.21904677078258716,0.5258541149893082,0.0,0.08716384527322099,0.5354613448045944,0.0,0.0,0.17260451594569448,0.23912013744690735,0.24986265629904628,0.7444720730734193,0.6980192361041841,0.5825722995119789,0.0,0.2705536351523169,0.6859518639178104,0.42193034432740123,0.198941487163939,0.5620567973575439,0.6113210638858463,0.6717166260878311,0.15218377873328665,0.1294884219094092,0.5958243754819006,0.0910333467059721,0.6387930800511771,0.6071735189744687,0.429565864300371,0.25740320820178175,0.39378782154412884,0.0,0.0,0.43494758880988754,0.47990099276365616,0.4872347382127479,0.39464013873218484,0.3242438152678953,0.3955732942450164,0.23559703291272577,0.3661261470901882,0.8621687563389976,0.3696546382091555,0.041836182014113654,0.4256423409278157,0.0,0.0,0.0,0.0,0.1401966946282399,0.38614644963723854,0.04473819488077088,0.0,0.08371156042454517,0.3873431164571248,0.31028824563449153,0.49765419792954196,0.0,0.25786961221303634,0.1576122324328117,0.22900921319382542,0.5924009662989456,0.2381892018319711,0.16999969852900745,0.5160008255538567,0.6075604312274507,0.7197389540296569,0.10236586313416118,0.1997953014713606,0.62052183678516,0.2601364941336022,0.49111363705698674
0.5552836529025802,0.0,0.33021206840884404,0.17079153046276813,0.34527581350152403,0.6378453594248403,0.5353155085689805,0.35826439084901274,0.314890779524789,0.8091107098051002,0.3637388331442323,0.42901388488838804,0.66804110086541,0.0,0.46697457627371014,0.7705159128415289,0.8102001907860611,0.8504634109092164,0.37205562458634667,0.479504554519322,0.6255771573845321,0.5995579216389451,0.48112964719906964,0.24887774775483892,0.899112463028517,0.7535796860947244,0.3973951837718232,0.49857311606874777,0.8234382290647163,0.2563539225906574,0.5592123304428692,0.2976101160302903,0.30945039280960934,0.3100266495972865,0.0,0.0,0.0,0.08905609207618484,0.10523308043778325,0.08236181600588277,0.3441806601546684,0.0,0.1378834893548536,0.0,0.0,0.39555335748299125,0.765057279795372,0.2628895207745363,0.20273230367586603,0.07686240039823992,0.4635487730900515,0.23382873102934051,0.34751490934288076,0.3283168827386941,0.4781100486027682,0.31869781619961224,0.2775482802328233,0.31322702504794625,0.11887419788544355,0.4849942492770103,0.3267369083055084,0.4644706074971273,0.547260366831265,0.37933519570815544,0.4715715265814166,0.5486400530322562,0.40955857856245675,0.448442689031989,0.12779104745171357,0.5518000970016634,0.5219144695373241,0.4150057825428581,0.25172754570954486,0.6721396607166521,0.22124193409268503,0.21939515488995925
0.0,0.33021206840884404,0.0,0.24537574265815898,0.7484317200740565,0.8184934519250611,0.39346525590431547,0.5240885995538538,0.9193821234433404,0.25959633095476836,0.9236384288679218,0.6513733371303843,0.7991385892966328,0.0,0.7551418987664555,0.21272691328309132,0.2013962587227794,0.30289618403789886,0.8895571923024369,0.8268174723924926,0.14990527711121862,0.7282555316055046,0.7799507265376193,0.16083486265419278,0.1480172848725871,0.34580506279797096,0.9187468336678505,0.8139572658872487,0.4999245150636706,0.6094066075966724,0.2558134182277726,0.0,0.0,0.0,0.0,0.27703742710902374,0.3414378617409366,0.1389619833676952,0.0,0.0,0.0,0.0,0.2654375575589443,0.07212476294557997,0.08224497867234654,0.0,0.5411786561276013,0.9457534964671563,0.0,0.8573754084773637,0.7710834318154478,0.404099661608123,0.6155539584461955,0.9189500038805143,0.10361534387975585,0.9220660981067678,0.6711325097789498,0.6245642642423466,0.1957250860431231,0.6570439186433444,0.059770664808194846,0.27101411020436106,0.4415595433088668,0.8461114777037745,0.7698717683908102,0.10528735713512033,0.7766786165150306,0.815635275737525,0.1135618924468239,0.0,0.3537762975559583,0.8261560616073431,0.7017193246631259,0.2392433357715536,0.1331251615573272,0.12524016902009844
0.04143684142910198,0.17079153046276813,0.24537574265815898,0.0,0.09184701983264551,0.23303167006631914,0.08570491090520563,0.35053489260915616,0.16007585385150871,0.22869058994553326,0.26489814612817325,0.3008155993727124,0.37597855431427873,0.0,0.3232228687068277,0.13574222374719458,0.07967179513098223,0.11479055729336853,0.2338612034611922,0.2763580455326397,0.3223518092290423,0.2917709895247315,0.2990701858385658,0.0,0.1083596316541163,0.0,0.21170360073065092,0.45798981210641937,0.25057964031112495,0.3605991004445373,0.2716206712412326,0.0,0.09795704162472017,0.29443312072825933,0.0,0.4069071546103291,0.4386173289045424,0.0,0.0,0.0,0.039469954095259184,0.0,0.04702781759119293,0.0,0.0,0.0,0.1872149450981081,0.1445460693000378,0.05246356941085534,0.20661618567848467,0.28154350961431235,0.20633926492459226,0.34805210928294283,0.2546445972668014,0.1944096920040634,0.21453245192920922,0.26875120605050457,0.0,0.0,0.2761342180383165,0.0,0.2503285791634313,0.08822603695226924,0.18625633141313624,0.2075580089356223,0.3629789632634103,0.19923779271386255,0.2701038123983831,0.0,0.0,0.0,0.3176667235928433,0.0,0.12009224345028269,0.0,0.0
0.2601873526149494,0.34527581350152403,0.7484317200740565,0.09184701983264551,0.0,0.7982628035907655,0.7401884866204149,0.16944168652480962,0.8126257970581126,0.2507185779211196,0.6469422166086001,0.4582204853860959,0.684535320809051,0.3487952194163626,0.5219096802153981,0.31466640363404086,0.316935901254287,0.3989997419325744,0.6436093189575902,0.7975547603328936,0.07368146548109764,0.7466977721318471,0.5977389840824613,0.5725478564098309,0.2168597455000825,0.5619686584914664,0.7915921132749462,0.5287453164374993,0.5623252141159205,0.3553895481177097,0.1714339467160692,0.1848741886824735,0.0,0.0,0.27191628246308674,0.13167836216146836,0.06503804992563941,0.44896840686703027,0.22864480226569733,0.0,0.0,0.26706140544625606,0.512018751626427,0.3796451180359154,0.41791874946500596,0.23787548173672177,0.438150928911926,0.7995244074234603,0.0,0.7448356105816236,0.6850031295102308,0.2020864519783575,0.2776604080617406,0.7662504380516368,0.10706067314752851,0.7454398189453396,0.6317038523841847,0.7847949570964043,0.6020164556277888,0.4691779966192752,0.4846236599109275,0.05742038042499678,0.5582396204961879,0.7115975049369683,0.7027933289241634,0.0,0.7634798372582441,0.5906545945525448,0.5067353386871918,0.3316966467037422,0.7247691092637524,0.6315754483052172,0.8399310737950954,0.3661056518095937,0.304137617894591,0.5297154339100767
0.21904677078258716,0.6378453594248403,0.8184934519250611,0.23303167006631914,0.7982628035907655,0.0,0.6231687893373545,0.6003884304835866,0.8089386087595272,0.5598387576087366,0.809029158163915,0.7408886513580577,0.9128522257162441,0.0,0.6731703189422378,0.38448816625193893,0.48621634262320784,0.5949947759498821,0.7431894360521263,0.7817341355964277,0.3768851893184964,0.7438431215554839,0.8858583028005425,0.3389349799291101,0.469874962050334,0.6239769354405033,0.794919284310811,0.7723236262338176,0.7375510058166623,0.505252393788441,0.4427509807230644,0.05971230020364644,0.0,0.0391424158981515,0.0,0.17693561532678184,0.26506464566021615,0.2678508817819587,0.0,0.0,0.0,0.0,0.344217129451897,0.12810964301916924,0.09027758598715264,0.11499377366338939,0.7312445169913155,0.7879628952509881,0.0,0.7437273283377263,0.8386393148572746,0.48273902310010786,0.6768431490674665,0.7752874442236513,0.31053749527287494,0.8070217136466022,0.7386860333397984,0.7488609599493453,0.3220391655459438,0.6068902336408728,0.16691195363590242,0.389535717769168,0.5946851412799463,0.7160789333168437,0.7152553345835285,0.3163230914700389,0.7125751453895837,0.8499335996652597,0.19505803206990885,0.2614479614927299,0.5750971832575036,0.7354658482210084,0.6672685958165372,0.41766714200049904,0.1698818038371133,0.23871224980411268
0.5258541149893082,0.5353155085689805,0.39346525590431547,0.08570491090520563,0.7401884866204149,0.6231687893373545,0.0,0.0,0.49605464816129213,0.5345163735488506,0.3139371855176332,0.26477211659507544,0.5303718600256941,0.2550825837900283,0.30607593675597716,0.49325832568473627,0.6385643401725389,0.6108325354648123,0.3564356455394163,0.5804145893441948,0.2796462134056094,0.6306182470032233,0.3764198223271935,0.6198808218710702,0.52618136678692,0.6960970948137405,0.5063461533268984,0.2985768596693313,0.6682266849101025,0.04111077622791495,0.3199546300662495,0.47864099460589876,0.0,0.0,0.3756436472330572,0.0,0.0,0.5446195600261932,0.44508218585094245,0.1865389924260075,0.04101639136962362,0.3511516769036558,0.45695760917961536,0.44423601683875175,0.46651183391856665,0.4844870916270405,0.440288085589588,0.4538784588368918,0.20305554579775814,0.3557772761698608,0.4162467929620206,0.1716270764584023,0.08187781011002437,0.4706954196148255,0.2729780146428693,0.4674532587037099,0.366789441587424,0.5889200591815689,0.5704052840330621,0.2913829800265448,0.6120314222418468,0.0,0.46205127931627454,0.4589087295885519,0.49765777452628,0.1740225380221374,0.5652932374086013,0.35993297857037104,0.5293035538670064,0.5696465195466949,0.7294254420545281,0.37219670953153977,0.618566786420845,0.5300114028920713,0.38758767824004486,0.64918888035042
0.0,0.35826439084901274,0.5240885995538538,0.35053489260915616,0.16944168652480962,0.6003884304835866,0.0,0.0,0.42643465654528123,0.4482586809162802,0.6743596315586979,0.7904194019110391,0.6181764801086722,0.0,0.5332577028137706,0.0,0.07692756757467617,0.17531126876294562,0.5684839401407912,0.32045270534730136,0.4623879550206947,0.2631622090281758,0.7772179323998833,0.0,0.1777656188208384,0.21031408859146314,0.4037668470136164,0.6381953792334957,0.3372347164742404,0.6105407983545416,0.34330841258125966,0.0,0.18213383175646428,0.3472546296492198,0.0,0.40092007099882854,0.3654316633533279,0.0,0.0,0.0,0.04756457401847368,0.0,0.0,0.0,0.0,0.0,0.5342469358274714,0.4226039200466525,0.0,0.41594320295346776,0.49771777308709003,0.5237806601901631,0.9333369042499308,0.43912279795882925,0.3725523430147038,0.49953739548316933,0.6307932307554681,0.20761026192668636,0.0,0.4679666963061239,0.0,0.5522799443995255,0.15051107329896957,0.48044450539454353,0.31426126025684264,0.5143239539892801,0.25951220458968827,0.7506463401977759,0.0,0.0,0.08702979120952314,0.5006959535317936,0.0,0.0,0.0,0.0
0.08716384527322099,0.314890779524789,0.9193821234433404,0.16007585385150871,0.8126257970581126,0.8089386087595272,0.49605464816129213,0.42643465654528123,0.0,0.2710142413978282,0.8498092082432864,0.5877690158036526,0.7392439363098214,0.0,0.7512810070197247,0.2285042338557398,0.24972848221730978,0.2883096585768134,0.864116945637361,0.8062631850846519,0.20086339361607783,0.7335507338489556,0.7519427869480291,0.21548979576812052,0.13743843637031802,0.3502072453693758,0.9503336957639701,0.7394919530503419,0.5290975382162217,0.561436762976592,0.30406373773464096,0.0,0.0,0.0,0.0,0.22149685332981123,0.22958401660396216,0.28137149098184355,0.0,0.0,0.0,0.0,0.2955622420915398,0.10909862274573087,0.20460608599303529,0.025950881337010262,0.5553591438580296,0.918974774490285,0.0,0.8867544830147802,0.7010646566381454,0.40781344036794265,0.5223836505254965,0.9628644005533842,0.11374967458545518,0.9363966355508502,0.5985191531559835,0.6301366869043412,0.2519897115199532,0.6787315042937703,0.15325525016060876,0.18488022490643174,0.41087839676820637,0.8709931837873086,0.7641886258613108,0.13679923113487957,0.7994422242881936,0.7815177203380996,0.15372263370621309,0.0,0.4154032606540703,0.8233635925842093,0.7356710765122565,0.263005942760164,0.23504066563098094,0.2526456597912031
0.5354613448045944,0.8091107098051002,0.25959633095476836,0.22869058994553326,0.2507185779211196,0.5598387576087366,0.5345163735488506,0.4482586809162802,0.2710142413978282,0.0,0.30841227411423355,0.5476144715209907,0.6027426824957255,0.0,0.4618446458682446,0.5634662891841038,0.7348450901073765,0.7042959135296685,0.34179566361639585,0.36473239217641895,0.716058788718505,0.48355011987437946,0.49333264130580756,0.2477826261149206,0.7893520438063444,0.6968569364354592,0.32394120210794125,0.4586434659969294,0.768839149169779,0.21175740106671384,0.5937742901103652,0.20685051861718431,0.32411697536822853,0.35495880164897775,0.0,0.0,0.08614067454631286,0.0682028306012259,0.0,0.08782988130176601,0.3487184170546301,0.0,0.1173833615388801,0.0,0.0,0.38197096810685616,0.6660531813518242,0.2282505351100884,0.3162901195061978,0.07525497614858329,0.3477904862724875,0.3314886489405092,0.4282260081726489,0.3102344255292749,0.6610099062948782,0.3120675601859949,0.28687850865602005,0.20639263930412619,0.040805670863047594,0.4941320606296441,0.12833832582120977,0.44290848236607494,0.3901385958170343,0.3700382695241444,0.36974214351721046,0.6777498478406625,0.307119653126598,0.4657888962909653,0.1202392274016913,0.4575331981510973,0.48177298199782176,0.4067963150544648,0.12007124590267829,0.5916377098938126,0.06992817932244166,0.06849185188400503
0.0,0.3637388331442323,0.9236384288679218,0.26489814612817325,0.6469422166086001,0.809029158163915,0.3139371855176332,0.6743596315586979,0.8498092082432864,0.30841227411423355,0.0,0.7235587203053274,0.7664533511796932,0.0,0.7372221061661173,0.12799620586721736,0.12967010485671654,0.24521900535771962,0.8785023846603577,0.7172633094791372,0.20307470848094022,0.6080489748319854,0.8233284897089247,0.012726343186476502,0.14668250381499812,0.27215816280287214,0.8483173142318504,0.7902263501960969,0.4791247347504596,0.6530920019753461,0.23052493445074784,0.0,0.0,0.05562575926964229,0.0,0.34946970033938163,0.3359551779879397,0.0,0.0,0.0,0.0,0.0,0.1581622150005471,0.0,0.0,0.0,0.5995657070762068,0.850341972449974,0.0,0.8048642057481363,0.7435429327976493,0.5253083833436392,0.7488847423395117,0.8535146568027212,0.19906680723984757,0.8951509006748961,0.6603149920566967,0.5461068060084151,0.06698868101968006,0.6358304677713104,0.0,0.3910074192234328,0.3713649922829374,0.8176738780755496,0.6914209783462018,0.20255216580167337,0.6732810242103838,0.832535679446169,0.0,0.0,0.26834967971676954,0.8360812235156267,0.518780684351929,0.1673105321561876,0.0,0.0
0.0,0.42901388488838804,0.6513733371303843,0.3008155993727124,0.4582204853860959,0.7408886513580577,0.26477211659507544,0.7904194019110391,0.5877690158036526,0.5476144715209907,0.7235587203053274,0.0,0.766233931960514,0.0,0.642632428257095,0.0617358142534149,0.12406111045243812,0.32565665416745215,0.6405418042721625,0.536610296316839,0.37185504773952127,0.48547421377123,0.7599145244503934,0.10687389550116427,0.24250775504518482,0.3678824593600304,0.6132573407684149,0.7000239671894484,0.45632586397116837,0.5411314442326166,0.28507406410442004,0.0,0.0,0.13007404147246895,0.0,0.38509714894307534,0.40267772477016356,0.0,0.0,0.0,0.0,0.0,0.17412611346030238,0.0,0.0,0.0,0.5643690947122346,0.598427629833205,0.0,0.5702658673787718,0.6373267354862688,0.5057843028917495,0.7836158420692138,0.5945152042566574,0.3605760010909016,0.6338403173040703,0.7779540718271561,0.4662241897051396,0.0,0.5632502579248877,0.0,0.5622823133122266,0.3543733442790428,0.5747342307759036,0.5462602829925901,0.36426787610606026,0.5178812667542827,0.7322839188102759,0.0,0.0,0.21863277410401166,0.671514476174199,0.29705699580049705,0.0623398565350793,0.0,0.0
0.17260451594569448,0.66804110086541,0.7991385892966328,0.37597855431427873,0.684535320809051,0.9128522257162441,0.5303718600256941,0.6181764801086722,0.7392439363098214,0.6027426824957255,0.7664533511796932,0.766233931960514,0.0,0.0,0.750078459269377,0.453090002317396,0.43023873539673096,0.6034646587040462,0.7463379931134932,0.8364826017706422,0.4169197927150216,0.7979043240184139,0.8034352891711676,0.20363995188370193,0.4828774453025894,0.5913750362544479,0.7759801195016919,0.8644883544329145,0.7660317342883822,0.5702596441963409,0.4328021189742142,0.0,0.0,0.07163317194381066,0.0,0.2634653547390899,0.2888448002981049,0.09598631361506428,0.0,0.0,0.0,0.0,0.27815191532115435,0.03220157456614908,0.0,0.007402030777203472,0.7598719237508218,0.7392648784338813,0.0,0.6809467575776179,0.8310043451078701,0.43581117932568714,0.6418535685006652,0.7402372214573987,0.28156134241422204,0.7472014984284322,0.7506986492663732,0.7038377025176895,0.1649985606262367,0.6744071428434736,0.11910169633033733,0.4625116295263716,0.6274908224875919,0.6993100435495296,0.7780587361388773,0.35711142264745466,0.7750840225761542,0.7748049065332732,0.09111437036293737,0.17772455052643077,0.4753114141989717,0.7312756389356321,0.6244038632426411,0.42018416247747037,0.12480551288064495,0.11320097418248078
0.23912013744690735,0.0,0.0,0.0,0.3487952194163626,0.0,0.2550825837900283,0.0,0.0,0.0,0.0,0.0,0.0,0.0,0.0,0.0,0.0,0.0,0.0,0.0,0.0,0.0,0.0,0.49778103939317,0.0,0.11484104514944025,0.0,0.0,0.0,0.0,0.0,0.3617212155002384,0.0,0.0,0.48076274829099214,0.150178917090256,0.0,0.3438220804347686,0.5163641683456488,0.38705706125232264,0.0,0.538128626448189,0.45843659509461093,0.4550363247252367,0.44869788116051335,0.3699810440034846,0.0,0.0,0.2278710917537618,0.0,0.0,0.0,0.0,0.0,0.005059038429689855,0.0,0.05857867461835514,0.22200280752505525,0.5714500224449364,0.0,0.3335238734688379,0.0,0.013823866984536984,0.0,0.0,0.0,0.0,0.0,0.4969962294150572,0.2994147781714179,0.3836198617002472,0.0,0.24781804035338661,0.0,0.066674529513468,0.37752904941284576
0.24986265629904628,0.46697457627371014,0.7551418987664555,0.3232228687068277,0.5219096802153981,0.6731703189422378,0.30607593675597716,0.5332577028137706,0.7512810070197247,0.4618446458682446,0.7372221061661173,0.642632428257095,0.750078459269377,0.0,0.0,0.3833988478327371,0.3083703536738435,0.30109256618948,0.7148849825015993,0.7874375406788444,0.5289016733851348,0.7817512098603826,0.7296108289847653,0.0,0.275737430476578,0.3304786636729654,0.7649664965829086,0.8487973716839956,0.6511069028024116,0.7130471037643986,0.529044863041497,0.0,0.0,0.21714532360139543,0.0,0.32400001345022017,0.2522044777977045,0.018487477668057,0.0,0.0,0.07767564856817544,0.0,0.13972103767980318,0.0,0.0,0.14718958322073006,0.6682031587199587,0.7091098554379992,0.0,0.6675446837604644,0.5748299928621134,0.512138288089374,0.5639355059877237,0.7731203602732923,0.3202038984479494,0.7182271839359415,0.5427644950019785,0.41156803576734935,0.014161664688172579,0.9268696554701772,0.0,0.4273319170403998,0.3467537739691665,0.6961361912587167,0.7901167681555339,0.46688115953447223,0.7740694926173323,0.7417469017955891,0.0,0.0,0.3486111620964078,0.7916939745375953,0.5211602902760406,0.390686000166654,0.04724250746302541,0.029762479941413983
0.7444720730734193,0.7705159128415289,0.21272691328309132,0.13574222374719458,0.31466640363404086,0.38448816625193893,0.49325832568473627,0.0,0.2285042338557398,0.5634662891841038,0.12799620586721736,0.0617358142534149,0.453090002317396,0.0,0.3833988478327371,0.0,0.82395373607906,0.786431361442283,0.20489222444637523,0.4553915170392353,0.5593512336929476,0.6162902035156042,0.2551102290680494,0.3530483663299455,0.7772868895840872,0.7212888977476326,0.33570530420187344,0.41045996695270914,0.7658426420944462,0.19920110409032715,0.6195335935727118,0.45156201514717365,0.3280330002524206,0.22253270780580647,0.2712396077833783,0.0,0.0,0.2562877967621778,0.288269298103417,0.29922914516252247,0.3502247203768827,0.1687035189586884,0.21602765263822146,0.14691924823909952,0.20571783860120185,0.6396199100085691,0.5542644739903186,0.18399386442536542,0.20468857966932735,0.05772153027261975,0.2831405014896966,0.07547240779086906,0.03258831262966268,0.2690983104129189,0.3322835498677537,0.20338877229833235,0.06427418903860742,0.2677911178726681,0.24384613810382408,0.4418486353100407,0.5339821246332392,0.17228182365159883,0.48029767759853287,0.2734725200613366,0.43112935799225316,0.47028308398225727,0.41868504066279305,0.2422868378278147,0.3249509747908448,0.5684855324923799,0.6346437497758339,0.3224751883248421,0.367334752989258,0.7624515199508684,0.27518716801611975,0.47302509416942407
0.6980192361041841,0.8102001907860611,0.2013962587227794,0.07967179513098223,0.316935901254287,0.48621634262320784,0.6385643401725389,0.07692756757467617,0.24972848221730978,0.7348450901073765,0.12967010485671654,0.12406111045243812,0.43023873539673096,0.0,0.3083703536738435,0.82395373607906,0.0,0.8743462223278795,0.2417087378149457,0.39094573022618356,0.5918771174881734,0.5380132823560957,0.32802741823283316,0.43498673391483905,0.8410407468756542,0.7643016995439028,0.3186940088495555,0.31670530755635407,0.7807794002101262,0.03974021854364551,0.625076543141668,0.5282211082703286,0.33914737511102344,0.24857343089779624,0.2363870818508177,0.0,0.0,0.38997424957122595,0.35989893482593976,0.27222233939495005,0.2734962643652792,0.21473200617918442,0.254082076295227,0.1823117718815693,0.24841871387283224,0.5976914075397453,0.5477500703801718,0.20862552284596927,0.33306082516605356,0.042564848928353605,0.27565261770824556,0.1222843181384502,0.12003783564135909,0.27560208279008286,0.39035396810318784,0.24720965515941634,0.09216287716192256,0.25809825548569987,0.26263225976156895,0.3662379553285158,0.477247641186094,0.1673777649531485,0.4236768105383081,0.31366427551783227,0.35468378463094746,0.49708979614352033,0.3379015458003608,0.30528719877603216,0.31681848219673225,0.5604377782304129,0.5983563699513113,0.2892687663467094,0.30965529757131527,0.6902926643015275,0.32923169958265747,0.47416643908783523
0.5825722995119789,0.8504634109092164,0.30289618403789886,0.11479055729336853,0.3989997419325744,0.5949947759498821,0.6108325354648123,0.17531126876294562,0.2883096585768134,0.7042959135296685,0.24521900535771962,0.32565665416745215,0.6034646587040462,0.0,0.30109256618948,0.786431361442283,0.8743462223278795,0.0,0.29107154231225557,0.46027538364377485,0.4633514047730612,0.574505881533233,0.3524189184207326,0.45342424218330535,0.8647547594228628,0.8516132269857423,0.35132760461267,0.3774056083371118,0.7357904489971299,0.07944462015787002,0.43572979921632615,0.43159925999620036,0.211597071476265,0.11790219036997097,0.14750738220331266,0.0,0.0,0.28759251717556933,0.2818436698215355,0.1113168345967303,0.24952775577432554,0.14611006163388573,0.24600949963523816,0.16014910235784244,0.20831159514253114,0.4161405424145557,0.5527808809818617,0.29147953190247783,0.1648599226133431,0.08583130866587219,0.42635147448376576,0.07203844852215802,0.19784592289932543,0.32655548190765427,0.3193796539065882,0.3204219236614871,0.3208592800351504,0.39428510408484063,0.24625957412281124,0.323379280799905,0.48129263833313773,0.3025371524189478,0.6040446140558177,0.3247971119035441,0.46986286578127007,0.35937293546389404,0.43689925071268687,0.31143915874001105,0.3325838609855577,0.5334673680252628,0.5689064340321142,0.3095456580838956,0.3844635238795541,0.6092946478584402,0.34160331385744835,0.444797062931911
0.0,0.37205562458634667,0.8895571923024369,0.2338612034611922,0.6436093189575902,0.7431894360521263,0.3564356455394163,0.5684839401407912,0.864116945637361,0.34179566361639585,0.8785023846603577,0.6405418042721625,0.7463379931134932,0.0,0.7148849825015993,0.20489222444637523,0.2417087378149457,0.29107154231225557,0.0,0.674989716773674,0.23698697238965546,0.623411552596117,0.7685786260360219,0.04721689715668956,0.16395134882687795,0.28840271788546773,0.8546990278732275,0.7589516145883273,0.5016516321739304,0.59004293233155,0.33367610173371903,0.0,0.0,0.1319737242184636,0.0,0.24225802194520227,0.24071313715374598,0.10246860892651187,0.0,0.0,0.0,0.0,0.16242876094712289,0.0,0.0,0.0,0.6175051624548887,0.8375816663827543,0.0,0.7640817737255474,0.6323910770381171,0.41783032256536745,0.6272152594791685,0.8248974043259538,0.19568458003345002,0.8823069601651682,0.5682047928152514,0.5029819121229064,0.10319593953403201,0.6136872456510685,0.0,0.2995205148356803,0.39813198863877725,0.9259594449304187,0.620632362558159,0.20054131464852665,0.6541484385441314,0.7602366454298429,0.0,0.0,0.3179017923883922,0.7766018020640413,0.5443232024792994,0.19193228899934858,0.0,0.0
0.2705536351523169,0.479504554519322,0.8268174723924926,0.2763580455326397,0.7975547603328936,0.7817341355964277,0.5804145893441948,0.32045270534730136,0.8062631850846519,0.36473239217641895,0.7172633094791372,0.536610296316839,0.8364826017706422,0.0,0.7874375406788444,0.4553915170392353,0.39094573022618356,0.46027538364377485,0.674989716773674,0.0,0.2646952032686254,0.9453446619670552,0.6365343305877473,0.3535333805281967,0.3193394439281775,0.5067709345690705,0.867150227194919,0.7829289870707841,0.6771852272950055,0.5834689070589436,0.3763225055542303,0.031187978344391687,0.0,0.0,0.0,0.2168900565788215,0.26007516557413596,0.25792414102879646,0.0,0.0,0.0,0.0043953231358399986,0.4285150966667418,0.23218500049537033,0.21835269920931222,0.13975630563590846,0.6129643250396763,0.8116245966758686,0.0,0.7633834076779275,0.7797753089764257,0.34465921972654423,0.43643285309352015,0.8148808152079098,0.11799640547349613,0.7479929104438221,0.6523666670464496,0.7212027458361593,0.3803050224589942,0.717734441354315,0.3467411900846454,0.27462876145498505,0.5530778056652845,0.6771738773311515,0.9294909079245253,0.1708640423550446,0.9373561471959706,0.6728146134945289,0.345539392635703,0.1967723206708546,0.5401141131043622,0.7697055751064352,0.8214269601656715,0.46211784287405144,0.32495383290944985,0.3838373729836827
0.6859518639178104,0.6255771573845321,0.14990527711121862,0.3223518092290423,0.07368146548109764,0.3768851893184964,0.2796462134056094,0.4623879550206947,0.20086339361607783,0.716058788718505,0.20307470848094022,0.37185504773952127,0.4169197927150216,0.0,0.5289016733851348,0.5593512336929476,0.5918771174881734,0.4633514047730612,0.23698697238965546,0.2646952032686254,0.0,0.38030421465763764,0.4802471965242741,0.12957980000283864,0.5583296469669266,0.49229350594319266,0.2376532478141327,0.4398196888745771,0.6299046501514202,0.41342335011868403,0.7747224151963504,0.27193208375440026,0.5455230002173289,0.556769191311043,0.0,0.15406759962711347,0.03028987071504244,0.03380194494909619,0.0,0.30571873501274965,0.42295253370636543,0.0,0.06906453051421164,0.0,0.0,0.5798943628017944,0.5724508696333178,0.11281139625593911,0.39026347109459036,0.06205978806524476,0.1106426011578727,0.36209565173226327,0.4326577247467041,0.26951018101494995,0.5899621394458919,0.20501593201292712,0.14169182650286,0.0,0.0,0.5858465034598295,0.0,0.30936854385125834,0.11690739287449409,0.31730784019988106,0.26164075975862977,0.9168253847693977,0.23828502834010443,0.4396416688135713,0.03414607072536152,0.2619682936836198,0.4579012101164406,0.32545692565852957,0.0,0.4820099832099572,0.0,0.0
0.42193034432740123,0.5995579216389451,0.7282555316055046,0.2917709895247315,0.7466977721318471,0.7438431215554839,0.6306182470032233,0.2631622090281758,0.7335507338489556,0.48355011987437946,0.6080489748319854,0.48547421377123,0.7979043240184139,0.0,0.7817512098603826,0.6162902035156042,0.5380132823560957,0.574505881533233,0.623411552596117,0.9453446619670552,0.38030421465763764,0.0,0.5891301168374741,0.39708863644151715,0.46408630594927786,0.5949783585304889,0.8073838166443693,0.750237855335414,0.7681395625980336,0.5331405499934861,0.4770688646118816,0.15599719583228355,0.0,0.0,0.030470193400875298,0.10645706268355087,0.18305792767751414,0.3033680516090115,0.07581738654142194,0.0,0.09536996986668984,0.060524550339850006,0.4085218152892499,0.24985658203339875,0.2579311703374819,0.292337875372612,0.6671984707002698,0.7150488901124732,0.0,0.6410049057896852,0.7087270212713455,0.30000426128533253,0.3757907625246024,0.7446776822937116,0.20843839344751336,0.6654442914213226,0.5705038294475665,0.641007263503894,0.35605788011310935,0.729224637996664,0.45659051414127094,0.2706623315826322,0.5816115148676536,0.6411771955290727,0.8881778347450365,0.2795702704503624,0.9197507405431913,0.6218244046933519,0.37926239966565245,0.3129924442509503,0.6175546695969896,0.7196827350801348,0.7780899669724295,0.5810946718876507,0.37453605394510087,0.4606884208844297
0.198941487163939,0.48112964719906964,0.7799507265376193,0.2990701858385658,0.5977389840824613,0.8858583028005425,0.3764198223271935,0.7772179323998833,0.7519427869480291,0.49333264130580756,0.8233284897089247,0.7599145244503934,0.8034352891711676,0.0,0.7296108289847653,0.2551102290680494,0.32802741823283316,0.3524189184207326,0.7685786260360219,0.6365343305877473,0.4802471965242741,0.5891301168374741,0.0,0.22746200459513904,0.2782927520008084,0.441668637359267,0.7489943910193947,0.8164247545422338,0.6242549834689655,0.6318285764383609,0.5368702954543882,0.0,0.056659786932356085,0.1822338191405922,0.0,0.3254310066699847,0.3062594474898521,0.14868730491425652,0.0,0.0,0.027074583438777444,0.0,0.24207219831566645,0.0,0.0,0.11168453225156746,0.6963394235757397,0.7268065489752834,0.04679218999107644,0.6966560475576874,0.7188762187290735,0.5726115084594436,0.8278744020546117,0.7285755221004113,0.37283590706288083,0.7860466563289745,0.6955611201151011,0.5500428798845766,0.18037972099344896,0.663585113041544,0.0,0.4401404133173066,0.44914963517734086,0.7295199482546251,0.5948690112813196,0.47668218820785824,0.5760547490337071,0.9472013870713532,0.09057782029581005,0.07930006741517753,0.48011933980340993,0.7683417434139788,0.48474229673815583,0.31325459984707527,0.0,0.0
0.5620567973575439,0.24887774775483892,0.16083486265419278,0.0,0.5725478564098309,0.3389349799291101,0.6198808218710702,0.0,0.21548979576812052,0.2477826261149206,0.012726343186476502,0.10687389550116427,0.20363995188370193,0.49778103939317,0.0,0.3530483663299455,0.43498673391483905,0.45342424218330535,0.04721689715668956,0.3535333805281967,0.12957980000283864,0.39708863644151715,0.22746200459513904,0.0,0.283682803565134,0.7099976893127338,0.2370121206865194,0.0,0.3181619458668229,0.0,0.09685992024168588,0.544154856672139,0.0,0.0,0.4795692765442214,0.0,0.0,0.6556147788735658,0.6355413179703935,0.24391320342338968,0.0,0.4930417330995625,0.5499630737038357,0.49663348978351674,0.6074581436289943,0.5813410429686464,0.07878727154465387,0.28422020021879163,0.15719621960896785,0.1266243919145162,0.2306141933406184,0.0,0.0,0.18963790412904055,0.08534087159440895,0.20554228056512036,0.28036738263388616,0.47627163293793645,0.6851457838701711,0.03722279265965339,0.6728675190402386,0.0,0.43483322944293423,0.1986933581579864,0.2684366375084602,0.0,0.3365409243273177,0.18339410446294274,0.8995086042014072,0.4964955971816799,0.7535641447146044,0.03848904386232005,0.5398945310590781,0.3113343884860722,0.47569125688101827,0.7370694719755386
0.6113210638858463,0.899112463028517,0.1480172848725871,0.1083596316541163,0.2168597455000825,0.469874962050334,0.52618136678692,0.1777656188208384,0.13743843637031802,0.7893520438063444,0.14668250381499812,0.24250775504518482,0.4828774453025894,0.0,0.275737430476578,0.7772868895840872,0.8410407468756542,0.8647547594228628,0.16395134882687795,0.3193394439281775,0.5583296469669266,0.46408630594927786,0.2782927520008084,0.283682803565134,0.0,0.7796025719000097,0.2041630754500369,0.3125832279331289,0.7467189119747168,0.05237939144714471,0.4989912021231039,0.3703378721314238,0.3287249383501541,0.25405097606706223,0.019870078135712295,0.0,0.0,0.08623139127812797,0.2264153135953186,0.17002785449324523,0.4165211336118319,0.07202549715712173,0.10441969852490379,0.0,0.0,0.44992600667553573,0.6123575658103257,0.0876929103595693,0.2787811934902382,0.0,0.35225076882663026,0.1496174119646745,0.15779949166555013,0.20381380587229223,0.4925200860535886,0.13218013221390673,0.10961318902588385,0.20717480039251623,0.12104817405105917,0.3064980436516564,0.4107002012866744,0.3435925613484291,0.4761845317112565,0.18724270209733532,0.3522180323972797,0.5048681271231971,0.27088443730422573,0.2508255450067887,0.1827482344317342,0.6690374339498786,0.521362462367909,0.2746495308220053,0.14375352040455466,0.7313131171798589,0.23159571600448564,0.29041468400377196
0.6717166260878311,0.7535796860947244,0.34580506279797096,0.0,0.5619686584914664,0.6239769354405033,0.6960970948137405,0.21031408859146314,0.3502072453693758,0.6968569364354592,0.27215816280287214,0.3678824593600304,0.5913750362544479,0.11484104514944025,0.3304786636729654,0.7212888977476326,0.7643016995439028,0.8516132269857423,0.28840271788546773,0.5067709345690705,0.49229350594319266,0.5949783585304889,0.441668637359267,0.7099976893127338,0.7796025719000097,0.0,0.37258939456661355,0.32953083399476163,0.6964308079745676,0.07357595438052003,0.42297275168154086,0.46146350452481866,0.16739434481006388,0.0,0.24369109895984284,0.0,0.0,0.4190888660874832,0.4097164295483384,0.2040256123153678,0.16296165187704809,0.2642527058887466,0.3842583834593574,0.2719464205052273,0.3136960151288519,0.5746714586542077,0.5301983724633419,0.36988279539719937,0.2297538327068793,0.15195628423871865,0.44074292241957314,0.02025340753614263,0.2142593749249153,0.36385943936572546,0.4038395399963962,0.34558842092090036,0.40115905026248244,0.49184644032325003,0.4418050478228786,0.3341657744164489,0.5589087808612616,0.23943268426871395,0.6169475403416141,0.39202801900930456,0.4724502160766318,0.35324300415258875,0.45667888412036634,0.3825875743590024,0.5842043111154369,0.6325953234981438,0.7921963312952319,0.2780340004162998,0.4820092140971042,0.5802197435789578,0.39198955096932875,0.538373844923263
0.15218377873328665,0.3973951837718232,0.9187468336678505,0.21170360073065092,0.7915921132749462,0.794919284310811,0.5063461533268984,0.4037668470136164,0.9503336957639701,0.32394120210794125,0.8483173142318504,0.6132573407684149,0.7759801195016919,0.0,0.7649664965829086,0.33570530420187344,0.3186940088495555,0.35132760461267,0.8546990278732275,0.867150227194919,0.2376532478141327,0.8073838166443693,0.7489943910193947,0.2370121206865194,0.2041630754500369,0.37258939456661355,0.0,0.7991321123489492,0.6125669975805975,0.5985071120701626,0.40910413755407765,0.0,0.0,0.0,0.0,0.24248696953380178,0.2817221373440551,0.3043921148800573,0.0,0.0,0.0,0.0,0.31337454455697655,0.14666564149452258,0.17233204155496207,0.07758537483708089,0.5972233767323603,0.9007718027274729,0.0,0.850091041828628,0.6877895377534006,0.46936299836723927,0.5137379666425497,0.9046310126567062,0.14813109987329187,0.902918606947666,0.6347542187038476,0.6349548555779403,0.29457288298631673,0.7028325988589591,0.1875628106793698,0.22578411304458,0.4493672681359953,0.8188408717069606,0.8051271144585939,0.17492366558534347,0.8379669242735804,0.7625824722481225,0.17774361333260386,0.06370561630328092,0.44044351193799286,0.8972504928738524,0.7494236823428986,0.346251596988571,0.18950598670491994,0.275487255723176
0.1294884219094092,0.49857311606874777,0.8139572658872487,0.45798981210641937,0.5287453164374993,0.7723236262338176,0.2985768596693313,0.6381953792334957,0.7394919530503419,0.4586434659969294,0.7902263501960969,0.7000239671894484,0.8644883544329145,0.0,0.8487973716839956,0.41045996695270914,0.31670530755635407,0.3774056083371118,0.7589516145883273,0.7829289870707841,0.4398196888745771,0.750237855335414,0.8164247545422338,0.0,0.3125832279331289,0.32953083399476163,0.7991321123489492,0.0,0.6785166035081811,0.766975416037055,0.5411321995555922,0.0,0.0,0.20877200834124182,0.0,0.3749950651276045,0.4125827210791022,0.0,0.0,0.0,0.06254094916297465,0.0,0.1944464814670826,0.0,0.0,0.0,0.7074816674246198,0.6965356714190132,0.0,0.728613272732705,0.7305385822726087,0.5563769682856305,0.6774046542250673,0.7648948672254969,0.24663136891330512,0.7287980673581701,0.6275056006757249,0.5149332310455225,0.0,0.7655148417498749,0.0,0.410860581233205,0.404281900803948,0.7007003825709893,0.7327124490330417,0.43351499720014985,0.7221944389806476,0.7731868510557744,0.0,0.0,0.2947637334274252,0.7810443671733995,0.5308379020251062,0.36568452953077674,0.0,0.0
0.5958243754819006,0.8234382290647163,0.4999245150636706,0.25057964031112495,0.5623252141159205,0.7375510058166623,0.6682266849101025,0.3372347164742404,0.5290975382162217,0.768839149169779,0.4791247347504596,0.45632586397116837,0.7660317342883822,0.0,0.6511069028024116,0.7658426420944462,0.7807794002101262,0.7357904489971299,0.5016516321739304,0.6771852272950055,0.6299046501514202,0.7681395625980336,0.6242549834689655,0.3181619458668229,0.7467189119747168,0.6964308079745676,0.6125669975805975,0.6785166035081811,0.0,0.43018655757366936,0.7018680483681483,0.266084498600594,0.22738444340918107,0.2622875690070164,0.03289955459072347,0.0,0.0729328593341701,0.24651755726518734,0.08250920425001387,0.17317836075713566,0.3317302979462957,0.029408718726845112,0.27598886845046333,0.06656917967579956,0.06177024640202755,0.4743566283876167,0.7769952510632967,0.450167088772944,0.196774779489602,0.3946060566587972,0.5386959742498818,0.4058105409775788,0.38056195801099457,0.5450756219070049,0.47354036045341397,0.4930468990678174,0.3583592236338061,0.49065793130391344,0.2549030156394073,0.6679177706507564,0.38204994955877736,0.3264496761877762,0.5819637646738838,0.5348838007914027,0.6372967207436495,0.5674605277002518,0.6078790401520511,0.595276295424372,0.1977081409527182,0.538122718044503,0.6515447670724116,0.6207057251758726,0.5067748935310924,0.8079755746004413,0.17156339793536604,0.332362964811148
0.0910333467059721,0.2563539225906574,0.6094066075966724,0.3605991004445373,0.3553895481177097,0.505252393788441,0.04111077622791495,0.6105407983545416,0.561436762976592,0.21175740106671384,0.6530920019753461,0.5411314442326166,0.5702596441963409,0.0,0.7130471037643986,0.19920110409032715,0.03974021854364551,0.07944462015787002,0.59004293233155,0.5834689070589436,0.41342335011868403,0.5331405499934861,0.6318285764383609,0.0,0.05237939144714471,0.07357595438052003,0.5985071120701626,0.766975416037055,0.43018655757366936,0.0,0.46126165946191455,0.0,0.10864465865701861,0.30097651689847205,0.0,0.5316117419157946,0.38771075352931517,0.0,0.0,0.0,0.0955562042452935,0.0,0.15738660264305324,0.0,0.0,0.040771232013185776,0.5069021617086127,0.5007087433394448,0.0,0.5949196785659472,0.461883193914791,0.4513445371162289,0.5994176206302582,0.5871698088770578,0.22142624581349504,0.5473702783232819,0.49850527696805935,0.2529412801242471,0.0,0.6086087924967614,0.0,0.3347774070091011,0.13631643631013468,0.5671271309193604,0.4974496422062332,0.3970977775608092,0.5153171300874592,0.5830066757441386,0.0,0.0,0.16564006684167126,0.6026435511970423,0.2748432815940625,0.10141401629963809,0.0,0.0
0.6387930800511771,0.5592123304428692,0.2558134182277726,0.2716206712412326,0.1714339467160692,0.4427509807230644,0.3199546300662495,0.34330841258125966,0.30406373773464096,0.5937742901103652,0.23052493445074784,0.28507406410442004,0.4328021189742142,0.0,0.529044863041497,0.6195335935727118,0.625076543141668,0.43572979921632615,0.33367610173371903,0.3763225055542303,0.7747224151963504,0.4770688646118816,0.5368702954543882,0.09685992024168588,0.4989912021231039,0.42297275168154086,0.40910413755407765,0.5411321995555922,0.7018680483681483,0.46126165946191455,0.0,0.2830113845637329,0.49321136358259704,0.5358083121331075,0.06542159104003989,0.1958970000753055,0.14461033131062861,0.18711781682283796,0.01904450620638473,0.3698836157186697,0.38195823707973076,0.0,0.1951032296620089,0.020238912034430956,0.0,0.5765172276309098,0.5692494929214225,0.1723074946357346,0.4182672497970148,0.24541954928149698,0.20161230686552592,0.4687701534888504,0.37633942087314687,0.33655701700284674,0.5181222564386828,0.26712304555838856,0.13242182820541407,0.13286326287916278,0.06485458416121646,0.553230331840376,0.02670008192853124,0.15610065579651253,0.1391421063047217,0.37116168923154885,0.26776107297973933,0.7446718818417088,0.29545594887037796,0.4612381172659187,0.0,0.22752791751776874,0.4820176297300699,0.40998033400047784,0.1415190492039127,0.510464290152647,0.0,0.07128509040447006
