0.0,0.809407349142077,0.5583275576810273,0.2682442014153008,0.07229650826203096,0.6011002782297942,0.0743054441472289,0.5501272562041218,0.7019588177368566,0.3219948331164343,0.3087425038517361,0.3110110146302132,0.19796236130434058,0.4222118767909548,0.7620337601149505,0.856114779494979,0.5081171654475749,0.5603453441343277,0.3639928136483511,0.8690536299812661,0.57068151895986,0.8953624472478257,0.6699742033935481,0.5142525004846175,0.7530774743856208,0.7082236947220204,0.7637462429891694,0.6797981674064244,0.7910038866810335,0.561651596698794,0.8806751114376954,0.0,0.499620059943217,0.7563491005416938,0.1619071958545443,0.0,0.5896835183367286,0.4981725920947078,0.0,0.7462986628927838,0.11607738183428941,0.0,0.0,0.3577750314358925,0.5292038972373726,0.8863879128973486,0.7822148802783022,0.6319901057966146,0.0,0.0,0.7123642677770227,0.14526682769569502,0.5595564116505378,0.7828634032535391,0.3567168877349799,0.3514460701078046,0.0,0.7249265965083976,0.08291104959098809,0.8111769984045638,0.9215396051730513,0.5656533516054746,0.8362453541430328,0.45129032163774113,0.8043353749735145,0.7291181276698226,0.8689361546175483,0.7796477694647881,0.5325718823473713,0.7426487044710337,0.7757734485310918,0.8111361895050494,0.8013564041063577,0.7735068013864254,0.0,0.5352179679803959
0.809407349142077,0.0,0.6405971788435225,0.0837586589780477,0.0,0.8128785914645911,0.0,0.7057536750111488,0.6979069720234234,0.2937295398800165,0.3200576897302106,0.36731013969963355,0.3962687557332423,0.3772108808647814,0.8197854061476263,0.9053482848798118,0.6181075977680681,0.7561101493960602,0.36682750125313396,0.896352798917144,0.5765515561203209,0.9066387986653703,0.8208713664181692,0.5702533143492982,0.8921253342732481,0.9159682946369876,0.8781462297600082,0.6455956903653495,0.8104284680251651,0.5506575627549929,0.9248274702351957,0.0,0.6397596480271857,0.6632948275184867,0.019821079343273318,0.0,0.43780279857723714,0.5309365892202582,0.0,0.7601327752388172,0.0,0.0,0.0,0.45369633046748387,0.4495002058749743,0.8085268080418456,0.890873812417351,0.7337547428724607,0.0,0.0,0.8561636262537258,0.08469374100707541,0.6806213527538869,0.8252367286837998,0.37447865245275425,0.33262478784637384,0.0,0.8756695550933286,0.10658424298154844,0.8746655522315863,0.8743330173882522,0.6780052767952074,0.8177968055065112,0.5646648402698724,0.89208735090638,0.7299566710049561,0.8834537827350072,0.8621376359872137,0.589427794055295,0.7944658626675034,0.8950673492901611,0.8701271340759007,0.709852447778888,0.8382550388880003,0.0,0.30792964485361024
0.5583275576810273,0.6405971788435225,0.0,0.0,0.0,0.9317368826076862,0.0,0.7681139024214502,0.8380895088298842,0.02211910898244751,0.7696653813052482,0.17720263409293213,0.607767982416777,0.1733497530982426,0.8153153888856983,0.5792358423373515,0.5504269418857839,0.6176887227523631,0.7422940215751618,0.7994974818355534,0.7227754508296962,0.7047714245251165,0.7655393749988189,0.5322545105875808,0.7669554230399613,0.6859652661507913,0.8978783914470927,0.7460191187261973,0.8097917337002809,0.31014835851574946,0.6035252426188364,0.0,0.43083783718709623,0.2609496994030622,0.0,0.0,0.2258029420618306,0.3778322654730445,0.0,0.558613327507761,0.0,0.0,0.10327842660141244,0.5849742660507511,0.2501196940811417,0.6686402813389004,0.5815750845292924,0.8240339544914854,0.0,0.0,0.8742834180250513,0.3211128296816835,0.7184642071659325,0.8554661384798895,0.3127725437510324,0.521026229826413,0.0,0.7000094959377646,0.41871811308724016,0.8244705421818077,0.6078250171008004,0.48823204140411003,0.6115247438093053,0.8170516175199716,0.799425942179715,0.7729206327025506,0.7418161521697197,0.790221682688355,0.46741819429578935,0.7466984647190806,0.7595152271934028,0.8495803498771632,0.7053315870886163,0.8401187275765414,0.0,0.41780596410738646
0.2682442014153008,0.0837586589780477,0.0,0.0,0.15952000910121056,0.0,0.24817840146582254,0.04946234885750887,0.0,0.09427860674475269,0.0,0.28179351220040927,0.0,0.33501464517031776,0.0,0.18167367811445542,0.0,0.0,0.0,0.03644234966580896,0.0,0.09312465231788422,0.1267316886187722,0.09164404900183548,0.0,0.0031602239207871446,0.0,0.00532157727659166,0.0,0.39232050652152883,0.19044730232482338,0.4084951999683434,0.1688090135210254,0.438581188057226,0.4755526268527339,0.42215987463963356,0.2914174868697772,0.03589267310086092,0.0,0.1995326700124285,0.2891354146588432,0.0,0.0,0.0,0.17874809095904287,0.08400799444462159,0.07569444576910578,0.0,0.026394282255324975,0.0,0.0,0.0,0.0,0.0,0.052795068951253146,0.0,0.2600852987246145,0.0,0.026558814479722054,0.0,0.1566599349609364,0.0,0.10736914120398358,0.0,0.0,0.0,0.0,0.040216714029975564,0.18906025688789285,0.0,0.0,0.0,0.0,0.0,0.0,0.0
0.07229650826203096,0.0,0.0,0.15952000910121056,0.0,0.0,0.7721787847292614,0.0,0.17516599854593862,0.3074633616886624,0.24685622282436143,0.0,0.1997169993592795,0.3060785281155567,0.0,0.0,0.021276493097305893,0.0,0.22595181710732373,0.0,0.0,0.0,0.0,0.0,0.0,0.0,0.0,0.0875616184909993,0.06182363033065691,0.0,0.0,0.24888178955276125,0.0,0.0,0.0,0.15771750888342276,0.3279509129111552,0.0,0.24284061180280853,0.05338775346205575,0.0,0.09452049554183561,0.0,0.0,0.014570346630386366,0.04677971516547422,0.024900000317804538,0.11853200477082715,0.24745972288056733,0.6254020469508922,0.0,0.4848658996779358,0.0,0.062104468228112664,0.0,0.34384792208896875,0.0,0.0,0.0,0.0,0.0,0.0,0.03620163603078136,0.06289875426561481,0.0,0.0,0.0,0.048301562725762526,0.0,0.0,0.0,0.0,0.0,0.0,0.2038994994796144,0.12113704185698616
0.6011002782297942,0.8128785914645911,0.9317368826076862,0.0,0.0,0.0,0.0,0.7857377136508179,0.8675652024465482,0.20700280325709675,0.7289310698781806,0.26570539738009047,0.6196122681787964,0.2792895971100743,0.8162146595417727,0.6967647987198262,0.6647055993854389,0.772575788913068,0.6803607673811645,0.8418044382047178,0.7181207184901603,0.7811727864727249,0.8671032539388372,0.5783595128004309,0.8754489067781048,0.8490962283760453,0.9428004645398704,0.7305536114547577,0.8416463039999859,0.33768417768065195,0.6791197426361618,0.0,0.559824973962612,0.377872935936713,0.0,0.0,0.3730218094546842,0.48302296950253854,0.0,0.6754655833772574,0.0,0.0,0.0,0.5786181251111573,0.35181908296679076,0.7031523660658722,0.7644763702947794,0.9099451643952221,0.0,0.0,0.9512120109600077,0.2912533322464782,0.7851622669448164,0.9075781423510725,0.3580892533937964,0.5632645420162885,0.0,0.8438054777408902,0.35156992459241143,0.8537659123943451,0.684316167925649,0.6522862630377901,0.7351029437651584,0.8207198774958799,0.873191415631408,0.8000322822692058,0.8144105446140042,0.8866599173254612,0.5172393128493817,0.8470288463845781,0.8824299592573892,0.9221743155802198,0.7126740230534079,0.9125191344842722,0.0,0.352806956617905
0.0743054441472289,0.0,0.0,0.24817840146582254,0.7721787847292614,0.0,0.0,0.0,0.2024472624754911,0.39245227190724463,0.17805933884466107,0.0,0.19262053932380746,0.15734707347656648,0.0,0.06180738791307,0.08090521865595424,0.018885717233874055,0.09346156838597164,0.0,0.0,0.0,0.0,0.0,0.0,0.0,0.0,0.06243698582669199,0.08549442258913864,0.0,0.0,0.28239414548763303,0.0,0.0,0.0,0.1612862284373982,0.43624809951079546,0.0,0.09560256095826608,0.0014608736944330958,0.0,0.11998596935678277,0.0,0.0,0.02920488418963932,0.01291483933812948,0.0,0.05342664257071436,0.2355398774764789,0.5614576303048888,0.0,0.42051040201016676,0.0,0.012297971116855155,0.0,0.3880876577559778,0.0,0.0,0.0,0.0,0.00088156265826006,0.0,0.0,0.0,0.0,0.0,0.0,0.0,0.0,0.0,0.0,0.0,0.0,0.0,0.13939067848989062,0.11040305122718107
0.5501272562041218,0.7057536750111488,0.7681139024214502,0.04946234885750887,0.0,0.7857377136508179,0.0,0.0,0.653125595807063,0.023470829286995287,0.5104583630198619,0.5387164699948996,0.4669188984092126,0.4466989075380722,0.6834506393507063,0.5645808426119023,0.2778934588236594,0.48836070245190505,0.5054998630005503,0.7225909098014665,0.5114722732905457,0.6723604835483582,0.8946950987643353,0.7365617539357248,0.6637325282319364,0.7510310596808404,0.7698634306449252,0.5789581509308388,0.6521617208094526,0.5516548107325374,0.5802354465175016,0.0,0.5108747827379707,0.5433847946900053,0.07937472635800615,0.0,0.2768288098434057,0.3682812193269741,0.0,0.6012240626085008,0.09659361728298,0.0,0.0,0.4593734219235331,0.42733949890864975,0.5406240168895531,0.5645620753962741,0.623240896898142,0.0,0.0,0.7557682640442777,0.0,0.8494364428034907,0.7100398771459289,0.44101088990577764,0.3522847137813821,0.1283545771802631,0.6289176119912863,0.29213206227856153,0.6991727628673027,0.5571686193628287,0.5152365947325931,0.5494421642370941,0.5057606665125642,0.6857910976035588,0.5316384757780503,0.6256444837837231,0.7889881989584407,0.7226823023993282,0.6033971048051171,0.7567064816567173,0.728093003000158,0.5995109353361654,0.5960909619516368,0.0,0.21710530005817155
0.7019588177368566,0.6979069720234234,0.8380895088298842,0.0,0.17516599854593862,0.8675652024465482,0.2024472624754911,0.653125595807063,0.0,0.17925331170534364,0.7758051432790039,0.14162280348129377,0.6298281714168975,0.29431137350370434,0.7651922967711351,0.6959100986905618,0.6215780176104055,0.6468577210728812,0.7291984269972339,0.8395340101319235,0.6540404656350167,0.8075186196303217,0.7629787527968092,0.4472805229612637,0.7661981325425343,0.6704427525474936,0.9231251785867802,0.7840900734269232,0.8629521493297874,0.33028876560178017,0.7264877879552591,0.0,0.46063296723754926,0.43585411709731425,0.0,0.0,0.5558175655045375,0.4107667954735583,0.0,0.6557174597539839,0.0,0.0,0.0,0.43178046686000593,0.3589262177398377,0.7799241104543907,0.6784233776437049,0.8659924880430063,0.0,0.0,0.8709239691878654,0.41798403079011914,0.6638681589685869,0.9497257899748747,0.17470113264316797,0.688543086160836,0.0,0.742354469976164,0.3232561553948262,0.8330999478224743,0.711318242655968,0.49109844954362264,0.6905035295953739,0.8096720996734541,0.8213766944802097,0.8163161482999612,0.819557886478434,0.8339195208405037,0.40570182872363447,0.7138685530910792,0.7224186017382503,0.9045411668198695,0.6889508818034789,0.870715263892234,0.0,0.44944391206741946
0.3219948331164343,0.2937295398800165,0.02211910898244751,0.09427860674475269,0.3074633616886624,0.20700280325709675,0.39245227190724463,0.023470829286995287,0.17925331170534364,0.0,0.1367572678994931,0.20796102238155817,0.22577113913093705,0.1437447979826219,0.19092312750463725,0.2946642538443126,0.40958591924879423,0.2946531470511595,0.19897424271964725,0.19362858270769273,0.21719521211248285,0.2313997694720172,0.14027979776987898,0.22046834013209596,0.33656934589088183,0.3998572127988888,0.17837772607590058,0.2805402904243051,0.22717853761246365,0.0,0.1471185717878637,0.0,0.10776883829153072,0.0,0.0,0.0,0.49576124425168033,0.14289182051022137,0.04249364624962031,0.1862595560339926,0.0,0.0,0.0,0.0,0.1353802678808197,0.2822381467599077,0.42982200571702955,0.3577414700175864,0.0,0.11042134921592386,0.21059494747982677,0.28114736999160583,0.1653739895359289,0.16597961182467497,0.24024836967731128,0.40097211429709523,0.0,0.2845281793268774,0.0,0.12338441063877734,0.3143255069745425,0.42777072838323704,0.32296559179716955,0.24770506022741107,0.23092741393475988,0.254332788974965,0.26802959202009935,0.19450864122732714,0.0,0.4126363013691508,0.3184183825383894,0.15863693794538974,0.2081359828454249,0.2310009602238022,0.08054814179368923,0.24591891093651402
0.3087425038517361,0.3200576897302106,0.7696653813052482,0.0,0.24685622282436143,0.7289310698781806,0.17805933884466107,0.5104583630198619,0.7758051432790039,0.1367572678994931,0.0,0.07010592865229998,0.6702217086022446,0.04776883852113678,0.5230441452180921,0.3063879497795445,0.47540657437761225,0.4413339246096881,0.8175347785782989,0.5168459809259797,0.5844363376016246,0.4308641820075358,0.535562235026821,0.33874145972239444,0.4951561296140527,0.44157573187504184,0.6460907253161541,0.6156444732666178,0.5890870173265602,0.05021344289808877,0.246405055715973,0.0,0.2729603196510623,0.0,0.0,0.0,0.2608321723167084,0.26527442691388586,0.01871977282938203,0.3740662261803026,0.0,0.0,0.03539164295724295,0.3631670307919862,0.10985106011214871,0.43959008352233486,0.34174036018031345,0.7409627848446164,0.0,0.20190823421402793,0.5991153818848117,0.44601865465802115,0.5042484307888626,0.6502396667252357,0.1316114964376056,0.7510721453071543,0.0,0.4561942403959534,0.3087389708029074,0.49445220086973346,0.37033982420891465,0.31295229970004484,0.3751311899516012,0.8122835265226922,0.5167096840172247,0.5927763535476837,0.49527280389162215,0.5401649048474559,0.18103947156260672,0.5042219015139341,0.4519096564264351,0.5794463520292854,0.5053583909454572,0.5619303533181202,0.14286155402323564,0.41781082315045664
0.3110110146302132,0.36731013969963355,0.17720263409293213,0.28179351220040927,0.0,0.26570539738009047,0.0,0.5387164699948996,0.14162280348129377,0.20796102238155817,0.07010592865229998,0.0,0.2795912652436064,0.46452235348257387,0.30367547537615325,0.29862292555840425,0.0,0.13407774039151535,0.06748892802235557,0.3101675041572378,0.0,0.30216278284931,0.5518321552134865,0.6857438941916134,0.2415172582994371,0.4846665947209645,0.26528945489228417,0.3815085630010987,0.23010641882355987,0.5301031481828882,0.327666498664529,0.10017419654284845,0.1864424605639424,0.5031330153558538,0.3111390327175263,0.1524743536249663,0.3097394674619764,0.22992517954083697,0.0,0.1872204463554351,0.2387229723293326,0.0,0.0,0.0,0.4094053585579816,0.20743659628367112,0.3112800286688509,0.16359403747632084,0.0,0.0,0.27037571749312084,0.0,0.4987889128954773,0.19360602597255006,0.5893831557077454,0.06424324074900475,0.7129917387895401,0.3020366988032156,0.0,0.30568848297672374,0.33510696550021835,0.49514586585848874,0.32735054683050063,0.0,0.22423978918897014,0.01708483545196149,0.2303566044250843,0.4185736830663856,0.7065388308181718,0.2107898235218662,0.40742819856879,0.26305264185878885,0.3194365601994098,0.06541274853931235,0.0,0.0
0.19796236130434058,0.3962687557332423,0.607767982416777,0.0,0.1997169993592795,0.6196122681787964,0.19262053932380746,0.4669188984092126,0.6298281714168975,0.22577113913093705,0.6702217086022446,0.2795912652436064,0.0,0.1194608989315841,0.43870869142755187,0.37671590201990196,0.4892762035264037,0.513787396889714,0.6729260980240791,0.419839899708187,0.46181014539431764,0.40096634295174527,0.48942070264074766,0.40015871534613334,0.444761316331915,0.5484467128595875,0.4933680536279691,0.6858781094689674,0.5089453528323516,0.0,0.30291535877729653,0.0,0.29441705778422156,0.030765982355561355,0.0,0.0,0.2857020100426039,0.20958714293532235,0.0,0.2699568468015634,0.0,0.0,0.01582403414211328,0.2586519407379374,0.1606584506441266,0.3142205074788837,0.4152395700481523,0.6032573014466381,0.0,0.2644579637009543,0.5647309113021828,0.4331706956527112,0.4738756392672132,0.5373429512044345,0.20567414734983963,0.6383164688739182,0.0,0.5981581364671845,0.1794326026865879,0.43835109992357263,0.33813493317981413,0.36977115153977547,0.267697474879981,0.6879991913218039,0.43407267522511916,0.4759956955658661,0.4521583136988371,0.4575442293319221,0.23750977875160012,0.3680934023119777,0.4600182538140436,0.44535198724407715,0.45751034526317325,0.4411763967123368,0.06631893633081803,0.2925791374198241
0.4222118767909548,0.3772108808647814,0.1733497530982426,0.33501464517031776,0.3060785281155567,0.2792895971100743,0.15734707347656648,0.4466989075380722,0.29431137350370434,0.1437447979826219,0.04776883852113678,0.46452235348257387,0.1194608989315841,0.0,0.24768367499932187,0.33311579511501627,0.0,0.1576775536695879,0.09948764054806669,0.3148050318239498,0.06573700828079995,0.32686749665942294,0.5407660163458641,0.3882078414841187,0.1918337018087617,0.33671880016087385,0.3153894661466904,0.22494101736914715,0.25481249939170825,0.41105038130710125,0.38546984993304406,0.12905389289377706,0.2034007433776049,0.4947486686639166,0.2608575206112658,0.18129132261769076,0.32297704363556345,0.1320565569464842,0.0,0.31541683374855595,0.16082230921442905,0.0,0.0,0.03873297106664235,0.3514226985152463,0.32765017595322415,0.35922889167354266,0.2509685318009625,0.0,0.0,0.3031554303823468,0.0,0.4904335495171679,0.3574435744720566,0.27942261415567393,0.13534345684549043,0.2836233714137707,0.3441395599887338,0.08552539033034601,0.31055740689055233,0.3785618521640909,0.27726735153445103,0.4002694904915022,0.04319909101734681,0.25071756686834334,0.21599249149617053,0.31076574892774234,0.503146947675974,0.4311579078379778,0.1812110956875262,0.32437593672544995,0.3032239129760635,0.24401322365059147,0.1713120433419078,0.0,0.047953538697705675
0.7620337601149505,0.8197854061476263,0.8153153888856983,0.0,0.0,0.8162146595417727,0.0,0.6834506393507063,0.7651922967711351,0.19092312750463725,0.5230441452180921,0.30367547537615325,0.43870869142755187,0.24768367499932187,0.0,0.7511689000636496,0.5831417761490463,0.6186972577498269,0.5366987210125596,0.9196467014611867,0.6661048437169965,0.8892646890923965,0.7627203124032436,0.5928359343099758,0.8379215089725921,0.7965305083496381,0.8608059201397041,0.8032566624114394,0.8283100642986074,0.4650812388310509,0.7805573000411276,0.0,0.5219179550036902,0.5336837728977722,0.0,0.0,0.38939603314428073,0.5341422761965005,0.0,0.6786118068342317,0.0,0.0,0.0,0.556631174979211,0.4292900759904319,0.8146213144706317,0.6977134476275197,0.8014670050356671,0.0,0.0,0.8230420742061524,0.16697601371615373,0.658757904871667,0.8298023574500946,0.36481421554373966,0.4223948262403104,0.0,0.7782895317468023,0.18068706443701055,0.9104037496156208,0.7748826033897309,0.5973700859864177,0.7219177228607886,0.6880991161699134,0.890386544113045,0.7887570511780659,0.8860878749925416,0.814175070648897,0.5641802482082426,0.7688349530548032,0.8439084162154018,0.8609596379072992,0.8356964903149271,0.8216440384065313,0.0,0.523934965593831
0.856114779494979,0.9053482848798118,0.5792358423373515,0.18167367811445542,0.0,0.6967647987198262,0.06180738791307,0.5645808426119023,0.6959100986905618,0.2946642538443126,0.3063879497795445,0.29862292555840425,0.37671590201990196,0.33311579511501627,0.7511689000636496,0.0,0.6528061276195871,0.8264936589709013,0.35209559501245236,0.8614986150378434,0.4910696901167726,0.9376428186559256,0.6836888583149431,0.42170209848864165,0.8626055131176632,0.7795293932585394,0.8234564434130303,0.7175701973995241,0.8856087691240604,0.5231036679198695,0.8958809821797002,0.0,0.5616555830051144,0.6524518449976449,0.08817661347862979,0.0,0.46424038859830574,0.4617124050651342,0.0,0.7376627917489389,0.09735769419644924,0.0,0.0,0.38887056632743366,0.4528787617468629,0.8218557571595573,0.8240497424520863,0.6231268862004267,0.0,0.0,0.8063509809886813,0.1517156550661917,0.5339904967028581,0.79558576695268,0.3614222071642925,0.3032843284270212,0.0,0.7869443322084996,0.06902464223468774,0.8372785478226182,0.9014226110485195,0.5975083818558463,0.8041597512094121,0.49428299733811554,0.8371802360601389,0.7250021307385841,0.8684269945507324,0.7651688124184418,0.4543054939234311,0.7326307147086192,0.7956399560684135,0.8503206848427285,0.7366350205063523,0.8244794921784898,0.0,0.46126413331576105
0.5081171654475749,0.6181075977680681,0.5504269418857839,0.0,0.021276493097305893,0.6647055993854389,0.08090521865595424,0.2778934588236594,0.6215780176104055,0.40958591924879423,0.47540657437761225,0.0,0.4892762035264037,0.0,0.5831417761490463,0.6528061276195871,0.0,0.728595218971234,0.5109101208303968,0.6247852480914962,0.6491984975474149,0.6369112716413354,0.3557548673735207,0.29229212708857466,0.7230181627620165,0.6296924671744626,0.6368877314295791,0.6065200163211433,0.6660641911386593,0.0,0.5461140717938526,0.0,0.3438534141214717,0.06516688259946303,0.0,0.0,0.30011622508678004,0.3627414232983541,0.0,0.4159623604531134,0.0,0.0,0.006184893281995951,0.5135306203044777,0.14283186508978032,0.6228899004650177,0.5802867479088846,0.7385384596725533,0.0,0.0,0.6841313982681105,0.3960308699372572,0.35171158452445095,0.6234298106595038,0.0,0.4773348516714693,0.0,0.7024171339535497,0.16479306359725532,0.5986385636374564,0.5991435197339032,0.46409958344897106,0.5642969168627019,0.7339178883673912,0.7011789492173925,0.7367757892782609,0.6970038798142165,0.5338904036932575,0.0754334127323989,0.6190670508711594,0.6029412784156412,0.6546868694148552,0.6003118308890302,0.7479315145455047,0.0,0.5430371382925039
0.5603453441343277,0.7561101493960602,0.6176887227523631,0.0,0.0,0.772575788913068,0.018885717233874055,0.48836070245190505,0.6468577210728812,0.2946531470511595,0.4413339246096881,0.13407774039151535,0.513787396889714,0.1576775536695879,0.6186972577498269,0.8264936589709013,0.728595218971234,0.0,0.40680978410598767,0.6804511646504643,0.5480593438900445,0.7295620162161529,0.5286780128537562,0.27006700707071735,0.8215003710896018,0.6900445656134085,0.7396356577989803,0.6384014924816264,0.789755863500194,0.2787198597643326,0.6505846596053232,0.0,0.48592663289142046,0.329515169087561,0.0,0.0,0.2701740426613377,0.35060093505395007,0.0,0.5539724094943352,0.0,0.0,0.0,0.4596182941926459,0.21158353747297334,0.5896347005950617,0.6950637192827795,0.6136535404184047,0.0,0.0,0.7618640244502577,0.2608377500470361,0.4224604597293299,0.7083405118623103,0.2753517524718976,0.3537147620540434,0.0,0.7047764487415192,0.21673327311726653,0.6734204053163595,0.7070528281372628,0.5499610575350242,0.6991442498927193,0.5958346458535952,0.7574715404552882,0.6556845052160198,0.729957609842665,0.576566591096876,0.22874978676801205,0.6874066878873396,0.6557406846560025,0.744259422482789,0.56683317353209,0.7702016640951164,0.0,0.34552675223566875
0.3639928136483511,0.36682750125313396,0.7422940215751618,0.0,0.22595181710732373,0.6803607673811645,0.09346156838597164,0.5054998630005503,0.7291984269972339,0.19897424271964725,0.8175347785782989,0.06748892802235557,0.6729260980240791,0.09948764054806669,0.5366987210125596,0.35209559501245236,0.5109101208303968,0.40680978410598767,0.0,0.5185573744446708,0.6593187909445669,0.4572425991493726,0.5222707096724875,0.4159478515616414,0.47916759769882566,0.5013711863925723,0.6096238747262518,0.6339760129239078,0.5244471172542069,0.0,0.32083040827428333,0.0,0.37822425488069794,0.04040151207573402,0.0,0.0,0.29434272231214553,0.31242048919816645,0.053972554485361895,0.5012344658614581,0.0,0.0,0.11671935602387878,0.376905987820618,0.18310538330655582,0.5261472058616844,0.4140391661655485,0.7326053590855219,0.0,0.2542046152503541,0.5829235990451487,0.504641088353597,0.5065663532207911,0.6191365166165023,0.1815241348687494,0.7675830873584578,0.0,0.48598368239289225,0.28800925488763207,0.5026613237952531,0.39650747756888616,0.3604928246377658,0.3785032589357936,0.836903578056864,0.5294066009352568,0.5946052640659165,0.5250431678399864,0.5101823673087668,0.22223066163185862,0.5070884047911814,0.5127361477266097,0.5499404873303714,0.5412126254992368,0.5474754469443976,0.1766655330753709,0.4923229925074058
0.8690536299812661,0.896352798917144,0.7994974818355534,0.03644234966580896,0.0,0.8418044382047178,0.0,0.7225909098014665,0.8395340101319235,0.19362858270769273,0.5168459809259797,0.3101675041572378,0.419839899708187,0.3148050318239498,0.9196467014611867,0.8614986150378434,0.6247852480914962,0.6804511646504643,0.5185573744446708,0.0,0.6695203368557784,0.9509382945422584,0.8153474811422396,0.5836814682262095,0.8747857498573136,0.8210409053249317,0.9578629930322533,0.7827398619930473,0.9350561283342302,0.5570784534250821,0.9024080166302348,0.0,0.57433388675484,0.6580145411807032,0.0,0.0,0.47277702299315105,0.5388381912327872,0.0,0.811170969930799,0.01607767922239138,0.0,0.0,0.5391306377799564,0.4800273769149559,0.9071377273953098,0.8148460694732742,0.8139694098605531,0.0,0.0,0.8940649274028147,0.2011842607606206,0.707880475994549,0.9187979942297488,0.36990005966576817,0.437015987101384,0.0,0.8552930292152189,0.1871186249856937,0.9542403365177319,0.9051547296598073,0.6468710841148027,0.8281559399842398,0.666279225392371,0.9515168559942873,0.8572759500289439,0.9444508816436105,0.89797927103007,0.6451509201608956,0.808613101841195,0.9016462397604157,0.94518884702947,0.8251982119216217,0.8995951660194346,0.0,0.5061543620513353
0.57068151895986,0.5765515561203209,0.7227754508296962,0.0,0.0,0.7181207184901603,0.0,0.5114722732905457,0.6540404656350167,0.21719521211248285,0.5844363376016246,0.0,0.46181014539431764,0.06573700828079995,0.6661048437169965,0.4910696901167726,0.6491984975474149,0.5480593438900445,0.6593187909445669,0.6695203368557784,0.0,0.6201794876609659,0.46176732253299413,0.5013364166531926,0.6350500859369739,0.6350224637262295,0.6620166717588296,0.6219801010805946,0.6226377489009551,0.10575575456146463,0.5023753170094573,0.0,0.38828658579844555,0.1458471554636062,0.0,0.0,0.22757033003421995,0.3768023372255237,0.0,0.6109624721712834,0.0,0.0,0.2215257624506211,0.6654128230607893,0.2304441126912592,0.6982190668978032,0.5826803152491,0.7566823757673771,0.0,0.0,0.7352615059839624,0.44418284003494096,0.5545219353314852,0.6746771920546349,0.23502876408937104,0.5243249433595352,0.0,0.6971621693189146,0.3098691948986607,0.6321882677702557,0.5871723131238151,0.5085914461887842,0.6154327298388851,0.7606397059974128,0.72856004601488,0.8316326288576332,0.7032921662415069,0.5681318784028286,0.35733579490094414,0.691964335101138,0.7280669133246361,0.6733913230693442,0.7639836602309522,0.7485275793263818,0.06250341807604301,0.6409238415518695
0.8953624472478257,0.9066387986653703,0.7047714245251165,0.09312465231788422,0.0,0.7811727864727249,0.0,0.6723604835483582,0.8075186196303217,0.2313997694720172,0.4308641820075358,0.30216278284931,0.40096634295174527,0.32686749665942294,0.8892646890923965,0.9376428186559256,0.6369112716413354,0.7295620162161529,0.4572425991493726,0.9509382945422584,0.6201794876609659,0.0,0.7732229775420834,0.5612821535070909,0.8653345809704349,0.8258167747451686,0.8883615945348567,0.7644834044814065,0.897166704529399,0.5440798982562915,0.9582983832233962,0.0,0.6127701201577915,0.7196427963439346,0.02588216608099947,0.0,0.4930467187035769,0.5348490624162854,0.0,0.8176599569370406,0.06157308028126554,0.0,0.0,0.5134184055804245,0.5001496583428154,0.9113462126448999,0.8175161653300567,0.7557433075203848,0.0,0.0,0.8438009986075587,0.16061353432491024,0.6597584673227407,0.8866655746047098,0.3265109658637816,0.4163490560402371,0.0,0.8368286662147477,0.15076552653926012,0.9329624714106193,0.9486262901179618,0.6086102102603306,0.8154953234097251,0.6040868409070834,0.9203971710177764,0.8232367225230581,0.9526678757893506,0.8648348316460999,0.5919600328152843,0.7613158547420709,0.8708008220251082,0.8932327949545109,0.799867234205028,0.8551834359869663,0.0,0.5233528004493935
0.6699742033935481,0.8208713664181692,0.7655393749988189,0.1267316886187722,0.0,0.8671032539388372,0.0,0.8946950987643353,0.7629787527968092,0.14027979776987898,0.535562235026821,0.5518321552134865,0.48942070264074766,0.5407660163458641,0.7627203124032436,0.6836888583149431,0.3557548673735207,0.5286780128537562,0.5222707096724875,0.8153474811422396,0.46176732253299413,0.7732229775420834,0.0,0.7091649811871985,0.7481505063312484,0.8169669838604587,0.8595088886718971,0.7022182738080072,0.7344519771210913,0.6036911259924242,0.7258227863218032,0.0,0.5850255226389132,0.6563127940236594,0.058135938189111745,0.0,0.4803820126824267,0.4701163555559127,0.0,0.7161986744432864,0.009060262474382394,0.0,0.0,0.387302238161352,0.4871634902996967,0.6873487524796448,0.7176925058388639,0.7630440483520275,0.0,0.0,0.8317659820975909,0.03333955244357678,0.8544380677429588,0.8135177199211368,0.42230341726485454,0.4545099807822696,0.083986222627979,0.7330920908282672,0.2682275475075144,0.7919308625865553,0.6689388637513041,0.5845614602807401,0.6676203401129667,0.5603757057358498,0.7743513518640082,0.6034396689926526,0.7313008324090406,0.9283864877962379,0.7039235728896404,0.6888444252626112,0.8261853889629667,0.8436053137354639,0.6740991165665224,0.7067994116818277,0.0,0.19920589819887582
0.5142525004846175,0.5702533143492982,0.5322545105875808,0.09164404900183548,0.0,0.5783595128004309,0.0,0.7365617539357248,0.4472805229612637,0.22046834013209596,0.33874145972239444,0.6857438941916134,0.40015871534613334,0.3882078414841187,0.5928359343099758,0.42170209848864165,0.29229212708857466,0.27006700707071735,0.4159478515616414,0.5836814682262095,0.5013364166531926,0.5612821535070909,0.7091649811871985,0.0,0.5234789431230706,0.7285384557145462,0.5742861800247264,0.5823270911710247,0.4440905861579617,0.44845038276005006,0.5223394494873488,0.0,0.36002912989335983,0.43316795416137666,0.017632130008492043,0.0,0.31895512792474123,0.40683259279494427,0.0,0.46529864723633474,0.09956172073669747,0.0,0.0,0.31678300308342755,0.460594907760703,0.5282226754747874,0.4727534572272198,0.5556209682005913,0.0,0.0,0.5431790651661776,0.0,0.6966904052067294,0.5039024893290038,0.44872012557982943,0.3316928251845943,0.37159582943500913,0.5691886306338654,0.1443469989894473,0.5638723810762746,0.5121915145753224,0.5223173889110276,0.49126648953911645,0.4238613725399739,0.5422161551708601,0.4945679522535906,0.5663953761186258,0.6455054860890292,0.8317765069702215,0.488765052424158,0.7104460085272986,0.55076620161964,0.6153475297447302,0.39603235288280203,0.0,0.3225424323879128
0.7530774743856208,0.8921253342732481,0.7669554230399613,0.0,0.0,0.8754489067781048,0.0,0.6637325282319364,0.7661981325425343,0.33656934589088183,0.4951561296140527,0.2415172582994371,0.444761316331915,0.1918337018087617,0.8379215089725921,0.8626055131176632,0.7230181627620165,0.8215003710896018,0.47916759769882566,0.8747857498573136,0.6350500859369739,0.8653345809704349,0.7481505063312484,0.5234789431230706,0.0,0.8721773296942086,0.8943658909129065,0.7404843592826997,0.8655025556765774,0.4286502808702029,0.7874938063322802,0.0,0.5399805763481852,0.46608944747947734,0.0,0.0,0.34920002750515766,0.49262142639730533,0.0,0.6574394843296156,0.0,0.0,0.0,0.44387999610612694,0.3545284064629498,0.7817351816823461,0.804874201789839,0.8327098139085007,0.0,0.0,0.897980610788286,0.17685606589130218,0.6276240066970861,0.8636001671740248,0.3626428666008126,0.41861538858185865,0.0,0.8062535161746366,0.20644728094449225,0.8353608214306429,0.8225277423827551,0.6366835539295904,0.806479777813073,0.7062410188122219,0.8801369769058468,0.7689824502683592,0.8619108752986462,0.8395862837723018,0.4790419521033885,0.8845582659906057,0.8673226434497986,0.8880586107968671,0.7243684333160072,0.8961761646018813,0.0,0.38472431349596553
0.7082236947220204,0.9159682946369876,0.6859652661507913,0.0031602239207871446,0.0,0.8490962283760453,0.0,0.7510310596808404,0.6704427525474936,0.3998572127988888,0.44157573187504184,0.4846665947209645,0.5484467128595875,0.33671880016087385,0.7965305083496381,0.7795293932585394,0.6296924671744626,0.6900445656134085,0.5013711863925723,0.8210409053249317,0.6350224637262295,0.8258167747451686,0.8169669838604587,0.7285384557145462,0.8721773296942086,0.0,0.8118941033146152,0.7166316878995901,0.728476723294767,0.3782573766185041,0.7700455784175535,0.0,0.5708800661275502,0.5476279190743153,0.0,0.0,0.4189736282117126,0.548081477507405,0.0,0.6702321000355984,0.0,0.0,0.0,0.4231816747525614,0.4028487113165226,0.7540155294823483,0.8320031136972423,0.7980484781480461,0.0,0.0,0.8195276714503577,0.08156491226566653,0.7286918045019464,0.7545781009936228,0.41802103364516136,0.4622583003990604,0.0,0.8430788812855325,0.11470792951327738,0.7754217680486513,0.7797285299681831,0.6981481668921499,0.7200043589861641,0.6566314516447774,0.8559238700059435,0.7280364803946511,0.8385436485472524,0.8259938011938612,0.6175272373631373,0.8038423485589605,0.9161258024837862,0.7956499895842962,0.7334462705908729,0.7437131475485957,0.0,0.3593720069553124
0.7637462429891694,0.8781462297600082,0.8978783914470927,0.0,0.0,0.9428004645398704,0.0,0.7698634306449252,0.9231251785867802,0.17837772607590058,0.6460907253161541,0.26528945489228417,0.4933680536279691,0.3153894661466904,0.8608059201397041,0.8234564434130303,0.6368877314295791,0.7396356577989803,0.6096238747262518,0.9578629930322533,0.6620166717588296,0.8883615945348567,0.8595088886718971,0.5742861800247264,0.8943658909129065,0.8118941033146152,0.0,0.7800680591083053,0.9275216431853924,0.48389077062972563,0.8223854372520034,0.0,0.5663014639027685,0.5553667622902433,0.0,0.0,0.48214596459764625,0.5294001292669115,0.0,0.7783619819496702,0.0,0.0,0.0,0.5669139126222695,0.4197650257159279,0.8174289273020979,0.7794734478879284,0.8853114980040402,0.0,0.0,0.9492640110137662,0.2644484599712317,0.7352709564587848,0.977092103125516,0.3447133446398859,0.48764215663868116,0.0,0.815554616867444,0.3083465370357147,0.9166752986507113,0.8252845492291183,0.6210257192697856,0.8198828387730381,0.753188072862041,0.9272456004943268,0.8275174687419184,0.8925311190874596,0.9192904837484221,0.57829920667551,0.8486988612035886,0.8624595212531435,0.9844672527032319,0.756930314344576,0.9282765517640682,0.0,0.42067130921911844
0.6797981674064244,0.6455956903653495,0.7460191187261973,0.00532157727659166,0.0875616184909993,0.7305536114547577,0.06243698582669199,0.5789581509308388,0.7840900734269232,0.2805402904243051,0.6156444732666178,0.3815085630010987,0.6858781094689674,0.22494101736914715,0.8032566624114394,0.7175701973995241,0.6065200163211433,0.6384014924816264,0.6339760129239078,0.7827398619930473,0.6219801010805946,0.7644834044814065,0.7022182738080072,0.5823270911710247,0.7404843592826997,0.7166316878995901,0.7800680591083053,0.0,0.7885553867722357,0.3673447927994541,0.6906389676385282,0.0,0.4588194067042851,0.42118861928916956,0.0,0.0,0.44739656843882325,0.4335793076085862,0.0,0.5858251161206798,0.01580869426473537,0.0,0.0,0.3989763542273892,0.37584588309082856,0.7264283129857327,0.6339977497742038,0.7303373450614973,0.0,0.0,0.7576622264855828,0.26140299367330644,0.5633393930676893,0.7701045445052205,0.3910342566844027,0.5147765563066611,0.0,0.7203870218481838,0.18509880773670181,0.7800571191118588,0.7255037618258057,0.5874082756464228,0.6592708225598872,0.6837036384776405,0.7438661393592962,0.7218217685868258,0.7775303195249472,0.7045993427293716,0.5095904387806247,0.6707246658359091,0.7161206740415221,0.7475389800944932,0.8229072175983008,0.7358422324900149,0.0,0.566782717752601
0.7910038866810335,0.8104284680251651,0.8097917337002809,0.0,0.06182363033065691,0.8416463039999859,0.08549442258913864,0.6521617208094526,0.8629521493297874,0.22717853761246365,0.5890870173265602,0.23010641882355987,0.5089453528323516,0.25481249939170825,0.8283100642986074,0.8856087691240604,0.6660641911386593,0.789755863500194,0.5244471172542069,0.9350561283342302,0.6226377489009551,0.897166704529399,0.7344519771210913,0.4440905861579617,0.8655025556765774,0.728476723294767,0.9275216431853924,0.7885553867722357,0.0,0.5205699310879607,0.8364871879622957,0.0,0.49988088747193327,0.5415773054265033,0.0,0.0,0.45848492710001365,0.42612114460593764,0.0,0.7163818321265933,0.0,0.0,0.0,0.45643430229904575,0.43220904342293676,0.8210660486784074,0.7660746712938535,0.7806465019990436,0.0,0.0,0.8746269995529768,0.30751411769475423,0.6320916611439336,0.9121110678831592,0.38002461016947625,0.44145515903121796,0.0,0.8029453432429698,0.16871651476147634,0.9091022632945636,0.8777256634489012,0.6064432524317898,0.8430822808736952,0.6881895558120397,0.879774157965347,0.7882848033977352,0.8704039690180871,0.8496804938414597,0.47526588169031425,0.8097554910520184,0.7842662749616771,0.934227505285808,0.7562842095401608,0.945170249621303,0.0,0.45954211006195755
0.561651596698794,0.5506575627549929,0.31014835851574946,0.39232050652152883,0.0,0.33768417768065195,0.0,0.5516548107325374,0.33028876560178017,0.0,0.05021344289808877,0.5301031481828882,0.0,0.41105038130710125,0.4650812388310509,0.5231036679198695,0.0,0.2787198597643326,0.0,0.5570784534250821,0.10575575456146463,0.5440798982562915,0.6036911259924242,0.44845038276005006,0.4286502808702029,0.3782573766185041,0.48389077062972563,0.3673447927994541,0.5205699310879607,0.0,0.6203666451040019,0.20954285139074924,0.2928706341096182,0.735757581856779,0.5566111300361355,0.09301678125116114,0.2290439655661592,0.2471994226214564,0.0,0.44030747249214364,0.4049206625741689,0.0,0.0,0.14894222309185287,0.4168923754871178,0.4691542138498477,0.4520974446321345,0.18596044609990608,0.0,0.0,0.4620993268398899,0.0,0.4450811894690335,0.45248292965839126,0.5122728969931966,0.0,0.28734343198446055,0.35607480056784746,0.07161962097729568,0.5476821602709718,0.5437488107432863,0.36167244869445475,0.5291842627453989,0.0,0.4160093076628917,0.2549783624362904,0.4275280457115515,0.5793302567394096,0.695403988038986,0.3852596330178907,0.48981220868342523,0.5138042710986982,0.399781594015382,0.39430870530300643,0.0,0.04336256909309599
0.8806751114376954,0.9248274702351957,0.6035252426188364,0.19044730232482338,0.0,0.6791197426361618,0.0,0.5802354465175016,0.7264877879552591,0.1471185717878637,0.246405055715973,0.327666498664529,0.30291535877729653,0.38546984993304406,0.7805573000411276,0.8958809821797002,0.5461140717938526,0.6505846596053232,0.32083040827428333,0.9024080166302348,0.5023753170094573,0.9582983832233962,0.7258227863218032,0.5223394494873488,0.7874938063322802,0.7700455784175535,0.8223854372520034,0.6906389676385282,0.8364871879622957,0.6203666451040019,0.0,0.0,0.4958622133592159,0.7554401146235008,0.18423429432990118,0.0,0.5064263652219877,0.476924081318689,0.0,0.7045337565284067,0.14294446217056517,0.0,0.0,0.43010283480094114,0.47487070366294437,0.8512800505313809,0.8044171882209652,0.6409378275893158,0.0,0.0,0.8266876382138173,0.11049999034179031,0.5714247800128225,0.8540277628806295,0.32967706122275076,0.2798788754199989,0.0,0.8331249372621987,0.13385251363749912,0.8748909883452609,0.8974487762605674,0.5707012144686021,0.8371659938111284,0.44792519681686804,0.8653952923515926,0.7247278366574781,0.8894484140884968,0.8156859467153802,0.6244285446915883,0.6942013076749304,0.8364830446713581,0.9003815429118797,0.7637042354928413,0.8354791766487975,0.0,0.45717473399263275
0.0,0.0,0.0,0.4084951999683434,0.24888178955276125,0.0,0.28239414548763303,0.0,0.0,0.0,0.0,0.10017419654284845,0.0,0.12905389289377706,0.0,0.0,0.0,0.0,0.0,0.0,0.0,0.0,0.0,0.0,0.0,0.0,0.0,0.0,0.0,0.20954285139074924,0.0,0.0,0.0,0.07930199498358081,0.35881704011585913,0.6418970375975503,0.06745550238182031,0.0,0.29336598542564024,0.0,0.5510937237461325,0.3673061592215029,0.021513419985670273,0.0,0.0,0.0,0.0,0.0,0.4571042636315682,0.16839369306978436,0.0,0.0,0.0,0.0,0.06584196453460703,0.0,0.376719891502011,0.0,0.11830188148457076,0.0,0.0,0.0,0.0,0.0,0.0,0.0,0.0,0.0,0.0,0.0,0.0,0.0,0.0,0.0,0.09427677407440911,0.0
0.499620059943217,0.6397596480271857,0.43083783718709623,0.1688090135210254,0.0,0.559824973962612,0.0,0.5108747827379707,0.46063296723754926,0.10776883829153072,0.2729603196510623,0.1864424605639424,0.29441705778422156,0.2034007433776049,0.5219179550036902,0.5616555830051144,0.3438534141214717,0.48592663289142046,0.37822425488069794,0.57433388675484,0.38828658579844555,0.6127701201577915,0.5850255226389132,0.36002912989335983,0.5399805763481852,0.5708800661275502,0.5663014639027685,0.4588194067042851,0.49988088747193327,0.2928706341096182,0.4958622133592159,0.0,0.0,0.4205761482460861,0.0,0.0,0.2805367875461487,0.32339572155588414,0.0,0.6456704620685813,0.11255386891086114,0.0,0.0032344785528701375,0.2748867766973207,0.28826067783993475,0.4851507299214203,0.5571162608595254,0.4226637370919767,0.0,0.0,0.5285958535773438,0.1296219889108113,0.4179564871440431,0.514862866068017,0.15172615564856112,0.2849047977122531,0.0,0.47746164687830506,0.2410604440022216,0.5569885502555226,0.5115260342825236,0.29893579745513543,0.4196252700392932,0.37241542350844303,0.5244016793174258,0.4340697012981012,0.5431684946615842,0.5755210962142745,0.31939359600430806,0.4460689532887151,0.5419457305288338,0.5330865894505585,0.4150147689950401,0.4861424651530655,0.0,0.22351510904222505
