0.0,0.43045854504608805,0.3328622650981171,0.1720874916644104,0.4783060552957552,0.17210392386843965,0.4324438020407364,0.2344991254813415,0.5397385863928356,0.053437582688628305,0.4833088263246058,0.14791120401591346,0.2065984924476666,0.1562327401417621,0.47264503383404166,0.68541419979323,0.4251857470511313,0.5196849205196483,0.30378708361943996,0.592023869680249,0.5775251064600909,0.628628883413709,0.28781637592799353,0.0,0.4589218696383367,0.5014702668500162,0.42024440487594844,0.3356832772118633,0.436400030348188,0.4551154532270381,0.466783958835467,0.0,0.0,0.46615795191479686,0.2773906947824534,0.0,0.0,0.4251307201202641,0.0,0.0,0.3305774508392969,0.0,0.04191740655744497,0.0,0.35087319202798345,0.7868391287806838,0.36489408180458455,0.2955762936692914,0.3108675845923495,0.3938410519505522,0.18717092113616238,0.25007753935552307,0.18178826451251057,0.435627198125048,0.04655824655517751,0.4821167102303824,0.0620552414506088,0.0,0.41411909167588973,0.4561968043745118,0.5800776746610863,0.433757597012397,0.1950648715114673,0.051625259549935604,0.16040599166225009,0.48883963177016365,0.5482431495762279,0.32765117400882987,0.0,0.26262083380810025,0.4507472407297228,0.38019261238495444,0.0,0.19846315922530774,0.0,0.0
0.43045854504608805,0.0,0.3365126377787232,0.47194280102452446,0.7604548231453708,0.6144732719792223,0.7682952929635269,0.46747685724567084,0.6508476324608787,0.4241162587731482,0.6298986830009503,0.5675659086788942,0.7510151070114176,0.6100259613761587,0.2111003158702301,0.752526954542013,0.6248589621834826,0.6384086296791275,0.43532523488007013,0.7269711529651017,0.4352187286975511,0.7533431372697081,0.5605101008462093,0.0,0.8503583089169457,0.7391910374881765,0.6093754827841236,0.6943192309824306,0.5526003783579432,0.5670394179855802,0.756161537430172,0.0,0.0,0.6479680980229714,0.4376790511835701,0.0,0.0651023452716509,0.48515671425375095,0.0,0.0,0.5203888398938681,0.0,0.33516088324683485,0.0,0.159214984280962,0.41273638082933756,0.78714820363388,0.24622128646115965,0.6081499886674331,0.5951186393988664,0.5180964216299734,0.5058614104650351,0.3862845108660058,0.41368831108777604,0.38299739153275547,0.6260428426755786,0.4834298432470091,0.12226283780381947,0.6381437958636038,0.1398574647400606,0.39640608773982333,0.6403471457582375,0.0818995365505841,0.0,0.0,0.1450074729823162,0.40404187164476973,0.4751256007555599,0.0,0.5705364302394962,0.4989135999006406,0.5397286713509181,0.0,0.08116475511235668,0.0,0.0
0.3328622650981171,0.3365126377787232,0.0,0.09311424953704017,0.49501777341866116,0.07507414525824702,0.4356382365891776,0.22776365204918098,0.5905335415682124,0.2974281993430128,0.6120970262489349,0.2649079556113658,0.2323713773265467,0.19175951366366403,0.1844857207869705,0.3886902154437777,0.5194050150219696,0.29913367314157163,0.666106517006054,0.4656275093514482,0.21001164575953402,0.44516948743306445,0.3615697097920273,0.018039160862028086,0.43855975532503744,0.44494994113544645,0.2551039889744231,0.22139585541981072,0.08086883464149308,0.3448414863959679,0.4613421824948126,0.0,0.0,0.34284223943916625,0.2624370314222599,0.0,0.0,0.4946374359891377,0.0,0.0,0.3342101747211717,0.0,0.24703965443806586,0.0,0.3665001012445114,0.4117765174488147,0.2707968168396099,0.78480343908749,0.2814827720426639,0.5787800629102926,0.3077574600685654,0.4710764103540672,0.2307297077216492,0.6956750572575425,0.3370689770972359,0.5340876290224004,0.1898897536534232,0.19102124412717558,0.4022827036425479,0.16424677469908844,0.36465795637894927,0.5471940022410273,0.36117577013365104,0.5688625137292289,0.2980133168959828,0.0,0.5766929062187502,0.30541684003306613,0.0,0.42351958344885077,0.43489140796261627,0.33536860916680744,0.22110348736472893,0.22917477714795859,0.051998812144433054,0.0
0.1720874916644104,0.47194280102452446,0.09311424953704017,0.0,0.6937541207905065,0.40975756029157984,0.5693200373682465,0.36198448212427337,0.5041295038660456,0.06956110144774368,0.5294532256424664,0.3675419409124576,0.5657159835573515,0.5907912267834234,0.07198647769853264,0.4840663569292054,0.4503645088233802,0.19973866583749206,0.283298220864581,0.31393286736558323,0.2331340695537848,0.34963043920699305,0.42169959683776104,0.0,0.28393217785853775,0.3233708452381707,0.24184440689714082,0.5395914400957408,0.25882864981892706,0.5328785465572163,0.5801309583788395,0.0,0.0,0.61469452039517,0.308552202043365,0.0,0.030052865946426005,0.34583531799170475,0.0,0.0,0.5044479998434608,0.0,0.2502087789061191,0.0,0.07006156655134026,0.20398316238592895,0.5012235746994953,0.17763412824619007,0.605354498049123,0.45305151789583675,0.5533592238071555,0.33813360795046554,0.4277928803515739,0.3275318404908727,0.03161884965230585,0.6039312174692726,0.27098708746312516,0.09279292881778889,0.6379106925264437,0.0,0.0,0.441185885935726,0.0,0.0,0.0,0.10709159500935868,0.0,0.49446157116736145,0.0,0.20589708734830786,0.19933388560103144,0.37887294848342956,0.0,0.059845396458154926,0.0,0.0
0.4783060552957552,0.7604548231453708,0.49501777341866116,0.6937541207905065,0.0,0.5569005833395034,0.8854981663662657,0.5453881818702199,0.8676835337854636,0.2519354232164314,0.840627631412271,0.5895946480812921,0.6969446638131868,0.7138145987901281,0.2586359462984802,0.7603422742617187,0.8073576259227273,0.4895644585797202,0.6421976619263858,0.7260479523565349,0.4465918389085904,0.7219010610859171,0.5918469405472431,0.0,0.6636629568732572,0.7132916699531354,0.5418479980366326,0.708798834825654,0.45325130625057775,0.7123980703707378,0.9039294866256201,0.0,0.0,0.8609184379819257,0.6418017525234576,0.0,0.0,0.65031986111477,0.0,0.0,0.8080632969630819,0.0,0.5028627466898412,0.0,0.3182404979428492,0.5479079244347554,0.7208675161745357,0.5211955255012168,0.8226407741925852,0.8286719116577421,0.6687841151193383,0.6942727962094646,0.5393243392315891,0.7345765186997284,0.24429057944874707,0.9086967646063577,0.42553007882094385,0.21151895676652405,0.8910225976273323,0.17672129413432067,0.3030176873931024,0.7931086658767084,0.0,0.12128944022844104,0.0,0.11529057773262016,0.3887629934372392,0.6452627764975996,0.0,0.4754387495001905,0.5478586487751473,0.6054979323515356,0.0,0.20221039346539688,0.0,0.0
0.17210392386843965,0.6144732719792223,0.07507414525824702,0.40975756029157984,0.5569005833395034,0.0,0.46402531007420517,0.4863878315321132,0.45994204798478083,0.10970164260318105,0.41256741650667306,0.370933890625057,0.6261035777494296,0.5638824918931067,0.3276635877533384,0.40539611118443447,0.26543206873589476,0.2947124254348216,0.30529836515475206,0.3975599860132477,0.4253392684637237,0.4549164594618744,0.5865203785750491,0.0,0.49269414183929683,0.44340325268114467,0.6861164795623316,0.4464688211537283,0.5660968224980983,0.35841967262576474,0.45453931460606645,0.0,0.0,0.4195577826842489,0.229226002401037,0.11917803893580176,0.16438424141404062,0.1727133593509807,0.0,0.0,0.3587471201200144,0.0,0.30587535743672867,0.005610290424217054,0.0,0.15876753294123624,0.5401180769279295,0.13319021499040368,0.3768406216745879,0.4503403406914293,0.6747695470129124,0.3381014301419026,0.3747106188564495,0.26381926924288124,0.008909387555481763,0.43313799935756914,0.26082885783004717,0.2657022650024069,0.5308587796584747,0.20740944715525877,0.06033018055888309,0.25225293134794724,0.0,0.05019604522192622,0.0,0.2357434622932501,0.11915218969453356,0.5109006977629827,0.0,0.32215610782392423,0.24571894860792914,0.6128762677329015,0.0,0.1880634356472357,0.0,0.0
0.4324438020407364,0.7682952929635269,0.4356382365891776,0.5693200373682465,0.8854981663662657,0.46402531007420517,0.0,0.4695207397735778,0.757765701838641,0.44198861954770685,0.7561765083583605,0.6627885702917902,0.7302715936287059,0.6593532049002174,0.19993992654629802,0.7515357620325634,0.7907848590626924,0.4996743190655434,0.5066759168490014,0.7656868150200549,0.4029729565716081,0.7415711438911115,0.5354652177667019,0.0,0.7142783885974767,0.6934095807189361,0.5012423578312769,0.7597686109289996,0.47934464674771693,0.6745858719440433,0.9031658433491732,0.0,0.0,0.8291693236501199,0.609952983389995,0.0,0.053284118671805186,0.6632030465073455,0.0,0.0,0.7310004275450259,0.0,0.4759927682219307,0.0,0.3338604494965393,0.4967318664667528,0.688068146603596,0.39825107092366785,0.7215595754265341,0.7425128323059094,0.5655400015937643,0.6902065351732528,0.4737275499506606,0.6208022004557634,0.4487247670849699,0.8501456593553645,0.5784828233342676,0.2392837802257013,0.8204723974285096,0.1297335315336665,0.35458299021622575,0.7824036862575209,0.007039837017692174,0.0,0.0,0.044344989605551,0.38591267814030666,0.5709904251598821,0.0,0.47363194797688324,0.503160832802996,0.560130188571238,0.0,0.18420172225634782,0.0,0.0
0.2344991254813415,0.46747685724567084,0.22776365204918098,0.36198448212427337,0.5453881818702199,0.4863878315321132,0.4695207397735778,0.0,0.5326771283033004,0.2883604901487964,0.5485759321732236,0.5873340401198814,0.4929409960597054,0.47973943065507374,0.0,0.3106099057399737,0.4153615660291211,0.12269348350765763,0.40304553096828377,0.35168214388451835,0.26394790003937024,0.2484032954392611,0.7468381360785042,0.12459515826982925,0.4285892170196831,0.6019209390717359,0.1235095011863234,0.48764698152151686,0.0,0.4068371091736959,0.5405975921164691,0.0,0.0,0.4900049895941574,0.3241766687949052,0.10312447416511861,0.10515105119194425,0.37598843572082685,0.0,0.0,0.42843141770882376,0.0,0.39534742552718516,0.0,0.15976434146841378,0.27879723727549355,0.38731305983984793,0.27246675670672726,0.4552338998613333,0.41140987066330326,0.47752456253604125,0.250437070330273,0.7212100879757352,0.3097059149533204,0.21542919164026061,0.5487692161810823,0.4785468555904863,0.04544261527395066,0.4855494991083933,0.043138857924342716,0.0,0.4254927378655289,0.0,0.0,0.0,0.029476234445804106,0.04454387021493564,0.5621610371309248,0.0,0.23264811721776874,0.41737069461601317,0.13460570001621536,0.0,0.0,0.0,0.0
0.5397385863928356,0.6508476324608787,0.5905335415682124,0.5041295038660456,0.8676835337854636,0.45994204798478083,0.757765701838641,0.5326771283033004,0.0,0.27517231974141904,0.8986773059766164,0.5560687234287214,0.6225739523915882,0.6407249816885292,0.3553424661147479,0.7172258373326961,0.6489345831425419,0.38655721778287366,0.6799230249812833,0.7553101492009168,0.43759017782993226,0.7249726266250692,0.5338537413884541,0.0,0.5288978238801092,0.6367717785945004,0.528550421164281,0.6757983060591742,0.4080939020298113,0.6853719299370215,0.853387711197128,0.0,0.0,0.7755095948565841,0.5443505637712683,0.0,0.09594805262812792,0.48833174989255634,0.0,0.0,0.6379822198593702,0.0,0.4700937582074922,0.0,0.18184373250021957,0.5666764296176086,0.6059615853340636,0.6360352029098445,0.6557963004742452,0.7638785576545456,0.5934031363392391,0.5494652686628834,0.5074753041822038,0.7621716977159323,0.2254423843587045,0.892972448311679,0.4204904993889895,0.10892339602341422,0.759038449061353,0.2826802974483671,0.31522369074833245,0.6638032987291924,0.0,0.2268726092701715,0.0,0.1715357466399419,0.46655043965408355,0.5951861863935531,0.0,0.37817630341816355,0.4700724154525615,0.6189252205044175,0.0,0.15354279232237666,0.0,0.0
0.053437582688628305,0.4241162587731482,0.2974281993430128,0.06956110144774368,0.2519354232164314,0.10970164260318105,0.44198861954770685,0.2883604901487964,0.27517231974141904,0.0,0.33531543183944346,0.7962273648679364,0.559980592294294,0.49594774457765745,0.0,0.2004066188261848,0.276231444579888,0.0,0.04286205943537877,0.30582288805586677,0.0674679958019001,0.24427845123880132,0.3819574958119163,0.0,0.5314383638643497,0.4580338506615955,0.0639624580009327,0.642188267297361,0.0,0.08818093022403387,0.5008272981580814,0.0,0.0,0.17779643649338092,0.24432534884614945,0.25270533461857064,0.675918062915803,0.2819470064610342,0.0,0.0,0.15138214007038958,0.0,0.4552288640878831,0.492833879190734,0.0,0.08480114626525401,0.36716799779904497,0.16135801166504862,0.11552645720332047,0.1572914356742104,0.25214811841344315,0.13724108570600965,0.24292110359501756,0.0,0.899613118534285,0.22302279195382235,0.8839340275523966,0.0,0.19412757301404382,0.07944370334158399,0.0,0.4232518149361386,0.0,0.0,0.0,0.0,0.06938743427214228,0.3606732632748733,0.0,0.4437579240544081,0.3654862324639923,0.1712249490348156,0.0,0.0,0.0,0.0
0.4833088263246058,0.6298986830009503,0.6120970262489349,0.5294532256424664,0.840627631412271,0.41256741650667306,0.7561765083583605,0.5485759321732236,0.8986773059766164,0.33531543183944346,0.0,0.564537276267486,0.6671645828645534,0.6379108589353433,0.3194689928062674,0.6181329262123499,0.5922038942791739,0.321416357992293,0.6993889925247877,0.7034262081273669,0.44861115265833595,0.6585692842237493,0.5172072661663467,0.0,0.5142463519546507,0.6544018272861231,0.4964478869974556,0.698212712372013,0.35577641877000865,0.6220526703337846,0.7745116263156709,0.0,0.0,0.6924371348191851,0.47373839110623855,0.0,0.11980847326107676,0.464489646618653,0.0,0.0,0.6048736195998957,0.0,0.3793933731634903,0.0,0.18327104328577498,0.4582734611997902,0.5760324244204476,0.5969292965959988,0.5525590371536173,0.6825240941322168,0.4998301715879456,0.4602138564166665,0.4365428846747169,0.6795403213555711,0.27000299022863744,0.8473057788200405,0.4273959122158203,0.0,0.7226012896622054,0.271140445351253,0.2590062864830264,0.6132622693363058,0.0,0.18831170268318942,0.0,0.15330136446049397,0.43597799022390715,0.5572507763915334,0.0,0.3959669507265756,0.4737622586246305,0.5247566435840447,0.0,0.0501455937724932,0.0,0.0
0.14791120401591346,0.5675659086788942,0.2649079556113658,0.3675419409124576,0.5895946480812921,0.370933890625057,0.6627885702917902,0.5873340401198814,0.5560687234287214,0.7962273648679364,0.564537276267486,0.0,0.7037845438729338,0.7091186808331957,0.04551654386757431,0.45434260261624293,0.5503009155871689,0.06894173091153322,0.21848753425677747,0.4477253398148929,0.18077202489158173,0.3731432990882526,0.5718673953325757,0.0,0.5791368119745783,0.6152942213852067,0.15536273803835166,0.8641487338209279,0.05194213860380785,0.39738078339764576,0.8492790587995804,0.0,0.0,0.5786995964493022,0.5082500482168189,0.23153258956132497,0.5615962073534162,0.3551786160360133,0.0,0.0,0.463353594890293,0.0,0.6127961183023917,0.3464854510166138,0.01213081440530872,0.17310623341472525,0.5499246872799581,0.23650963577832357,0.4982570031903815,0.47657202582973,0.5082286082374674,0.36733818668229534,0.5002444094728841,0.1914156425172649,0.7118568586352779,0.5889630607291707,0.9480170499015629,0.10753954331159354,0.5457933067694887,0.10589757568310182,0.0,0.585180363464213,0.0,0.0,0.0,0.0,0.0,0.5964580365761811,0.0,0.33698287446868247,0.3837456242607161,0.2899305648959978,0.0,0.0,0.0,0.0
0.2065984924476666,0.7510151070114176,0.2323713773265467,0.5657159835573515,0.6969446638131868,0.6261035777494296,0.7302715936287059,0.4929409960597054,0.6225739523915882,0.559980592294294,0.6671645828645534,0.7037845438729338,0.0,0.730776393405111,0.24368941824492238,0.5412291602551074,0.43317066208883387,0.23812875890947333,0.3130679204313478,0.545668034625489,0.5004189808478949,0.541220836330696,0.5998080000489872,0.0,0.5981388396528917,0.6336767712557059,0.4682941222861975,0.822473299878541,0.4577042729169316,0.49605934164984045,0.7133613680685532,0.0,0.0,0.5286384931946284,0.33183373871393534,0.1070795710526403,0.46244873097580075,0.33302859145311575,0.0,0.0,0.3596936221699579,0.0,0.3644170389917026,0.07722287301062522,0.0,0.16080909011905245,0.6739071700055561,0.18958010881797974,0.47162058999427475,0.44617236539907035,0.5842421482420362,0.2684714957536657,0.44709328085808925,0.22376509226188807,0.4259683060223804,0.5676607727998417,0.6367618763540607,0.0874967058592348,0.554555717808174,0.19240070981409074,0.12577346396590766,0.4732264827746752,0.0,0.0,0.0,0.1786602190555876,0.1676330460474315,0.5790651962437232,0.0,0.47913472124357825,0.4027391901366663,0.5060444087263521,0.0,0.0,0.0,0.0
0.1562327401417621,0.6100259613761587,0.19175951366366403,0.5907912267834234,0.7138145987901281,0.5638824918931067,0.6593532049002174,0.47973943065507374,0.6407249816885292,0.49594774457765745,0.6379108589353433,0.7091186808331957,0.730776393405111,0.0,0.25797606289353625,0.45019020142904387,0.5022787659287034,0.15400933829211505,0.3392809229460735,0.4759833954206143,0.31364177856215625,0.5041388846000647,0.5197977851341627,0.0,0.4684647590248872,0.5037495712262652,0.45668109705525767,0.7686787579843608,0.34122926546878113,0.4752386811518621,0.6820541090200004,0.0,0.0,0.5717095279921725,0.3980066713698618,0.2699535442167488,0.3981216187240158,0.24088926985005188,0.0,0.0,0.5306061243639367,0.0,0.49966718934664267,0.19222717079432505,0.0,0.16520538780427513,0.6533793184041821,0.23994634595455,0.5464364876159218,0.5636088383493825,0.6171126954633251,0.44570879262367546,0.3949178041201367,0.30699133520151073,0.45417385088150203,0.6352102071242828,0.6612430200606683,0.1790386280762299,0.6894557413565894,0.19486497954929244,0.035930320181020804,0.5107693277878012,0.0,0.0,0.0,0.12700171829849125,0.09957769656276833,0.6139124048922934,0.0,0.3644043304488568,0.3524894891139393,0.48313835555757306,0.0,0.04820848827124117,0.0,0.0
0.47264503383404166,0.2111003158702301,0.1844857207869705,0.07198647769853264,0.2586359462984802,0.3276635877533384,0.19993992654629802,0.0,0.3553424661147479,0.0,0.3194689928062674,0.04551654386757431,0.24368941824492238,0.25797606289353625,0.0,0.3015971334604072,0.07717899451826199,0.09780725742647361,0.22944910195120757,0.38185302223673784,0.5796940115947569,0.4832002114295297,0.21576458082978991,0.0,0.16893772554481948,0.2466177293297445,0.4621342682926115,0.18038959879303967,0.5120190885213725,0.2504159354602947,0.19642416007027097,0.0,0.0,0.1597175142778421,0.11318637641181648,0.0,0.0,0.0,0.0,0.0,0.1492265240832309,0.0,0.0,0.0,0.0,0.3920588143136798,0.2986185814775844,0.15434062871773968,0.05261823402902029,0.1575570038462216,0.3239371800103726,0.10148632473316993,0.03789525710474656,0.20140783613691593,0.0,0.24709323979314354,0.0,0.0,0.25045704677925795,0.7471143308587603,0.39139262843313627,0.07036350835557353,0.07543766028891963,0.1445059621250201,0.25706863457306645,0.610322759806837,0.3592119279970436,0.3338493164465875,0.0,0.26516982588768584,0.3115835242384999,0.48674303283888026,0.0,0.4488329975985673,0.0,0.0
0.68541419979323,0.752526954542013,0.3886902154437777,0.4840663569292054,0.7603422742617187,0.40539611118443447,0.7515357620325634,0.3106099057399737,0.7172258373326961,0.2004066188261848,0.6181329262123499,0.45434260261624293,0.5412291602551074,0.45019020142904387,0.3015971334604072,0.0,0.7614223233933812,0.7914185796017025,0.448184950385791,0.7552730654633357,0.4787059726408001,0.823173339805047,0.3727106481089304,0.0,0.6857550294447197,0.6815208626016656,0.4916074154235969,0.6283804933716449,0.6141055704261309,0.7392008914310902,0.790460980618727,0.0,0.0,0.7549347525813646,0.5736367266936621,0.0,0.0,0.5852781623914283,0.0,0.0,0.7050107990981306,0.0,0.3038951267093486,0.0,0.29382224599324536,0.7018113961816339,0.6103111980403393,0.35594066588816686,0.6786287955902963,0.707523036640425,0.4235807103187549,0.6705008257150571,0.31604415220969106,0.5996883533346145,0.21956968997910487,0.7178915445180429,0.3308166605781049,0.17218157239498408,0.6746877466029872,0.25303922112245725,0.5520600878011657,0.705137109346082,0.135710656315438,0.03788534882661823,0.0,0.20356584804964706,0.473443221389924,0.4449058024056193,0.0,0.2892832210127951,0.42549075324127034,0.5441309944331756,0.0,0.2385969143136585,0.0,0.0
0.4251857470511313,0.6248589621834826,0.5194050150219696,0.4503645088233802,0.8073576259227273,0.26543206873589476,0.7907848590626924,0.4153615660291211,0.6489345831425419,0.276231444579888,0.5922038942791739,0.5503009155871689,0.43317066208883387,0.5022787659287034,0.07717899451826199,0.7614223233933812,0.0,0.6306984393082836,0.5501437503747646,0.6509925704581245,0.26472699639460084,0.5666088196328137,0.4252328227262425,0.0,0.7130333994364844,0.7484494489800169,0.2732938062505286,0.5331482274084386,0.22147129199298526,0.6190729207964007,0.8492898523364667,0.0,0.0,0.8095872858542853,0.5753937942596807,0.0,0.0,0.8548739210514269,0.0,0.0,0.7393235279792703,0.0,0.5577186817431365,0.0,0.5556386403469609,0.5724666973438186,0.5029744905237499,0.48821521347286767,0.7618321390785872,0.8132033840005746,0.46311132146111844,0.8039040720457242,0.3949541064304565,0.7156820266144372,0.39903704946400775,0.7850203313561236,0.42261722332762064,0.34257123683859897,0.7337675952612476,0.06945419144448697,0.31025820305373225,0.923468496749468,0.2044928685875837,0.1957672263133382,0.0,0.0,0.4168735668205024,0.43392607545408224,0.0,0.3954094468298649,0.5767135941754209,0.3567275314792694,0.0,0.13213495694972127,0.0,0.0
0.5196849205196483,0.6384086296791275,0.29913367314157163,0.19973866583749206,0.4895644585797202,0.2947124254348216,0.4996743190655434,0.12269348350765763,0.38655721778287366,0.0,0.321416357992293,0.06894173091153322,0.23812875890947333,0.15400933829211505,0.09780725742647361,0.7914185796017025,0.6306984393082836,0.0,0.3365401639720653,0.5750897929219552,0.3019069374487085,0.6114472141374516,0.18136044771309043,0.0,0.6877320268350297,0.5527764752132095,0.4221666786052716,0.24967792938936154,0.5140157303343557,0.5282710640924135,0.44496370624765924,0.0,0.0,0.5043855116478385,0.36695227230621763,0.0,0.0,0.5463284876798216,0.0,0.0,0.4415609837461063,0.0,0.12281886959859231,0.0,0.3839342848112476,0.5595188417547863,0.41111353048301547,0.1837771028878669,0.5146939627119631,0.485183272337842,0.17283979426857468,0.5378030901546824,0.08565035488335827,0.5001702068925271,0.08451061035512253,0.43310899347769594,0.018088269841910032,0.18654467629137553,0.3965103684323358,0.034155150723719246,0.5962940657415357,0.5385980660736807,0.4163561901322752,0.1665497168711729,0.19660955687175735,0.05698144211102163,0.5155793013150607,0.09719028459741634,0.0,0.2730270756354284,0.352644447411527,0.33263215940609747,0.15995086199441672,0.2150941414532992,0.0,0.0
0.30378708361943996,0.43532523488007013,0.666106517006054,0.283298220864581,0.6421976619263858,0.30529836515475206,0.5066759168490014,0.40304553096828377,0.6799230249812833,0.04286205943537877,0.6993889925247877,0.21848753425677747,0.3130679204313478,0.3392809229460735,0.22944910195120757,0.448184950385791,0.5501437503747646,0.3365401639720653,0.0,0.5888284034801945,0.2706600378905663,0.5136762310292141,0.40537209601130847,0.0,0.39564110578969786,0.5208539924097193,0.35536882422796773,0.29207736497639203,0.22787937912495262,0.49941573119288873,0.49448037376299175,0.0,0.0,0.5060242730376504,0.37066917362022045,0.0,0.0,0.4457681327981495,0.0,0.0,0.5144719042671796,0.0,0.23394055112450998,0.0,0.36602080297971384,0.39025129747952947,0.3318922208975277,0.619237464581603,0.4888299913798343,0.6394619956259859,0.39217071240995016,0.5100175945818873,0.29639412064636095,0.7264879654066444,0.07945338459417212,0.6850670301245732,0.0956891539587999,0.20966625832168645,0.5615040962962489,0.16946421180803886,0.2506574177065288,0.5422208184461448,0.15532153151269318,0.6022904469590192,0.29141596320638863,0.0,0.4990976854517203,0.35511877043745343,0.0,0.3033904890949798,0.4348862883066071,0.37963951520484707,0.1966631077798833,0.18372298461604536,0.059617404348760256,0.0
0.592023869680249,0.7269711529651017,0.4656275093514482,0.31393286736558323,0.7260479523565349,0.3975599860132477,0.7656868150200549,0.35168214388451835,0.7553101492009168,0.30582288805586677,0.7034262081273669,0.4477253398148929,0.545668034625489,0.4759833954206143,0.38185302223673784,0.7552730654633357,0.6509925704581245,0.5750897929219552,0.5888284034801945,0.0,0.44976070233150084,0.8427669474568005,0.4204040754907887,0.0,0.6804390246868988,0.7136751832730022,0.5940476528858686,0.6248527480974857,0.5904402670091501,0.6650052300155048,0.7543027209249991,0.0,0.0,0.7241823613876895,0.5035870025528647,0.0,0.0,0.5473028476086206,0.0,0.0,0.6035259416152968,0.0,0.373621129129894,0.0,0.2892479577960212,0.5981782777678788,0.6864445478679093,0.40142404451293556,0.6497285802753815,0.637235311311902,0.480018422941078,0.5766067552175859,0.3074948986875319,0.5954094559781336,0.2804194883028696,0.7129241202243068,0.3776705933391956,0.1516638521166337,0.684481537552456,0.32281607561558506,0.5691049533144853,0.6523066727912297,0.17265055888846442,0.16491060498879706,0.2318556587039161,0.2554731356429403,0.5979744453770031,0.4610336330977971,0.0,0.5035675000948056,0.6064469372151758,0.6126726238099587,0.0,0.3045562869410537,0.0,0.0
0.5775251064600909,0.4352187286975511,0.21001164575953402,0.2331340695537848,0.4465918389085904,0.4253392684637237,0.4029729565716081,0.26394790003937024,0.43759017782993226,0.0674679958019001,0.44861115265833595,0.18077202489158173,0.5004189808478949,0.31364177856215625,0.5796940115947569,0.4787059726408001,0.26472699639460084,0.3019069374487085,0.2706600378905663,0.44976070233150084,0.0,0.5501525714855935,0.35683274016386635,0.0,0.3405183640928708,0.44384409411715275,0.44121156616921314,0.33389709232902287,0.5669591589795445,0.37042970525447416,0.33600035259503475,0.0,0.0,0.27739277503742704,0.1402944176869832,0.0,0.0,0.25904519991789005,0.0,0.0,0.21301084863802477,0.0,0.0,0.0,0.08982648057465978,0.4663670460171594,0.30677631309197695,0.22240894208812817,0.16453665934383477,0.2518373794850216,0.3029824840149235,0.08304813236693198,0.262923561854814,0.2765420719776987,0.0,0.36059264095399063,0.06317686967602253,0.0,0.3279892396301417,0.49515136009207866,0.4095422170916157,0.24734640715428258,0.15823458855900696,0.0,0.17085531224166284,0.676835259259295,0.4875369016811986,0.3313104676139542,0.0,0.2886746120868328,0.37365258856658307,0.38219258385407734,0.0,0.3023307914029601,0.0,0.0
0.628628883413709,0.7533431372697081,0.44516948743306445,0.34963043920699305,0.7219010610859171,0.4549164594618744,0.7415711438911115,0.2484032954392611,0.7249726266250692,0.24427845123880132,0.6585692842237493,0.3731432990882526,0.541220836330696,0.5041388846000647,0.4832002114295297,0.823173339805047,0.5666088196328137,0.6114472141374516,0.5136762310292141,0.8427669474568005,0.5501525714855935,0.0,0.37611020653349336,0.0,0.6363954920009904,0.5893162913587349,0.697946016781688,0.5644260914427589,0.7360555879857081,0.6692414793679555,0.6924380632970873,0.0,0.0,0.6654413587817215,0.48145501630619675,0.0,0.0,0.43150124933913203,0.0,0.0,0.5860350548694093,0.0,0.2169899296239971,0.0,0.2328724703906061,0.6161242476404527,0.6673020661660438,0.39724393188990437,0.5365628690628408,0.6097314955308708,0.46014945619853437,0.586103907266436,0.23494173918797503,0.5583902811008306,0.26299905082417185,0.658072403135018,0.2932747851444347,0.13901377103189827,0.623250822062794,0.40202823439006613,0.657697152933941,0.5673542893084706,0.16518439285944264,0.15687984553804868,0.26645061631554096,0.33017965789897263,0.6614603431420274,0.45082072071306817,0.0,0.4506886791168502,0.47503693722035206,0.6735321807038587,0.0,0.41854441123385916,0.0,0.0
0.28781637592799353,0.5605101008462093,0.3615697097920273,0.42169959683776104,0.5918469405472431,0.5865203785750491,0.5354652177667019,0.7468381360785042,0.5338537413884541,0.3819574958119163,0.5172072661663467,0.5718673953325757,0.5998080000489872,0.5197977851341627,0.21576458082978991,0.3727106481089304,0.4252328227262425,0.18136044771309043,0.40537209601130847,0.4204040754907887,0.35683274016386635,0.37611020653349336,0.0,0.0,0.5822010744735985,0.5856221731211271,0.3757411751486025,0.5597332799170575,0.19679202470677554,0.44513317700848476,0.5866791696898984,0.0,0.0,0.47968076112981467,0.26706610685258,0.08955994585665496,0.18197033423546927,0.4171812513381956,0.0,0.0,0.4057422208478067,0.0,0.36916022760797723,0.02165708530764908,0.17111871875292667,0.34469283057626043,0.5551616082240122,0.416461981170439,0.4315302435168139,0.4338777523472402,0.6835261029252503,0.32864711084528836,0.7295433773874083,0.3350155462932845,0.33076122359647386,0.5298733826438099,0.5046604257685192,0.20457926202257545,0.5074317069743414,0.21323569235637488,0.0,0.4598688943487165,0.0,0.06638930925949826,0.0,0.17488344835848083,0.102295106389836,0.8271165003638069,0.0,0.4601355123543074,0.51212726005403,0.43931454776329243,0.0,0.0,0.0,0.0
0.0,0.0,0.018039160862028086,0.0,0.0,0.0,0.0,0.12459515826982925,0.0,0.0,0.0,0.0,0.0,0.0,0.0,0.0,0.0,0.0,0.0,0.0,0.0,0.0,0.0,0.0,0.0,0.07142849154559494,0.0,0.0,0.0,0.0,0.0,0.6059348723678024,0.5679686278201274,0.0,0.0,0.2783856860647447,0.0,0.039277808159437294,0.5825002984254293,0.5284762424625897,0.0,0.42127834957009164,0.07681444600798606,0.14643251170260516,0.167344594924821,0.0,0.0,0.0,0.0,0.0,0.0,0.0,0.0,0.0,0.0,0.0,0.0,0.12008719795162737,0.0,0.0,0.0,0.0,0.36667190581024056,0.3072118943783078,0.38950694016052906,0.0,0.11389094332942398,0.0,0.7544052843947853,0.09339453299830966,0.22046441800607136,0.0,0.518785229468462,0.0,0.4742484304064766,0.49372868146306625
0.4589218696383367,0.8503583089169457,0.43855975532503744,0.28393217785853775,0.6636629568732572,0.49269414183929683,0.7142783885974767,0.4285892170196831,0.5288978238801092,0.5314383638643497,0.5142463519546507,0.5791368119745783,0.5981388396528917,0.4684647590248872,0.16893772554481948,0.6857550294447197,0.7130333994364844,0.6877320268350297,0.39564110578969786,0.6804390246868988,0.3405183640928708,0.6363954920009904,0.5822010744735985,0.0,0.0,0.8393488892169412,0.5068506697213517,0.5705702276592775,0.41316336284544297,0.44925841251123727,0.6800249156468889,0.0,0.0,0.5597820248361782,0.35727136651992825,0.0,0.0,0.6621825993581991,0.0,0.0,0.4829834513578355,0.0,0.3951510978467832,0.0,0.3815517611361815,0.49376942495367226,0.6938955803022251,0.3033344303710849,0.5076270852767788,0.5764880039950089,0.48626001732770596,0.5658052716036389,0.3665526811997418,0.45941820312489257,0.5337072904154744,0.5583983759307687,0.5141500207529424,0.18842272415828723,0.5930579366411374,0.1614073910707959,0.4391133525967228,0.7236134604792428,0.29981973148695057,0.08095336051933869,0.06395327336260248,0.060661755576755905,0.4497143876672852,0.4605942580940908,0.0,0.69951485632492,0.6839966906980718,0.45737115097032466,0.0,0.13696040664968268,0.0,0.0
0.5014702668500162,0.7391910374881765,0.44494994113544645,0.3233708452381707,0.7132916699531354,0.44340325268114467,0.6934095807189361,0.6019209390717359,0.6367717785945004,0.4580338506615955,0.6544018272861231,0.6152942213852067,0.6336767712557059,0.5037495712262652,0.2466177293297445,0.6815208626016656,0.7484494489800169,0.5527764752132095,0.5208539924097193,0.7136751832730022,0.44384409411715275,0.5893162913587349,0.5856221731211271,0.07142849154559494,0.8393488892169412,0.0,0.3852812608752237,0.6259737187743062,0.2855571630762732,0.5114214690997583,0.7790326010760275,0.0,0.0,0.6966316728782702,0.41877936422476214,0.0,0.0,0.6714829080462351,0.0,0.0,0.5078434598199028,0.0,0.4276522408961037,0.0,0.3698285644443572,0.5043086527596261,0.6412347668359039,0.32518817090881935,0.5674384446933823,0.5797740699289361,0.4561377478682821,0.47350659180318716,0.4369348055677668,0.5028669937388995,0.4355351733537454,0.6546092087741072,0.5059903581757009,0.10214686860083355,0.5888197823977397,0.22402287751237474,0.2697300730052974,0.7440362812709574,0.19248598952209825,0.10530237419691105,0.0,0.1299336439416474,0.4607597001074809,0.48535023691804,0.0,0.6118862989041249,0.7906874716998922,0.32372004836820933,0.0,0.0,0.0,0.0
0.42024440487594844,0.6093754827841236,0.2551039889744231,0.24184440689714082,0.5418479980366326,0.6861164795623316,0.5012423578312769,0.1235095011863234,0.528550421164281,0.0639624580009327,0.4964478869974556,0.15536273803835166,0.4682941222861975,0.45668109705525767,0.4621342682926115,0.4916074154235969,0.2732938062505286,0.4221666786052716,0.35536882422796773,0.5940476528858686,0.44121156616921314,0.697946016781688,0.3757411751486025,0.0,0.5068506697213517,0.3852812608752237,0.0,0.35857677938082655,0.7582219211546478,0.3782355313132337,0.3942687741277369,0.0,0.0,0.35959828182331055,0.1922934170242783,0.0,0.04350351863511735,0.19682561645335095,0.0,0.0,0.374433484559233,0.0,0.20252708859210486,0.0,0.0525045616353846,0.32471317885418727,0.5961073783567022,0.29126902033385627,0.32273745133014065,0.46847689560270594,0.5403891640519822,0.41389602957804533,0.09087174064046741,0.40003499079080573,0.039469857944566644,0.41966686422867444,0.0944651520259447,0.17436757521071466,0.5259507418353073,0.3158431685734,0.4907112216835601,0.28134391923958607,0.1821643952929184,0.19955404656741343,0.36272823606616444,0.33595076160320636,0.4919182766011331,0.41141721885218846,0.0,0.4558511035067302,0.31743631122867316,0.8751461167104005,0.0,0.5517540375422998,0.0,0.0
0.3356832772118633,0.6943192309824306,0.22139585541981072,0.5395914400957408,0.708798834825654,0.4464688211537283,0.7597686109289996,0.48764698152151686,0.6757983060591742,0.642188267297361,0.698212712372013,0.8641487338209279,0.822473299878541,0.7686787579843608,0.18038959879303967,0.6283804933716449,0.5331482274084386,0.24967792938936154,0.29207736497639203,0.6248527480974857,0.33389709232902287,0.5644260914427589,0.5597332799170575,0.0,0.5705702276592775,0.6259737187743062,0.35857677938082655,0.0,0.37288803563133,0.5718961988340385,0.8472540710299356,0.0,0.0,0.6719494158668762,0.49345387144216113,0.14361233912892768,0.4741532558314051,0.3216671631219787,0.0,0.0,0.4734544439481607,0.0,0.4574561604801115,0.12083889232632616,0.0,0.2856771007572367,0.7027408069749594,0.21039159028061322,0.5400944049869082,0.48309502314166586,0.5563383638945041,0.31587475752449984,0.42384126441055325,0.23356506476728928,0.5251753288687777,0.661189987313435,0.8119603869166725,0.0,0.582951457197186,0.20108718685837837,0.08571835753136137,0.5601026125719357,0.0,0.0,0.0,0.13621527016314947,0.07430167474724397,0.6388690898888914,0.0,0.3449424885618326,0.3763308385087681,0.4649987123069335,0.0,0.0,0.0,0.0
0.436400030348188,0.5526003783579432,0.08086883464149308,0.25882864981892706,0.45325130625057775,0.5660968224980983,0.47934464674771693,0.0,0.4080939020298113,0.0,0.35577641877000865,0.05194213860380785,0.4577042729169316,0.34122926546878113,0.5120190885213725,0.6141055704261309,0.22147129199298526,0.5140157303343557,0.22787937912495262,0.5904402670091501,0.5669591589795445,0.7360555879857081,0.19679202470677554,0.0,0.41316336284544297,0.2855571630762732,0.7582219211546478,0.37288803563133,0.0,0.4524353204689906,0.36566649462073586,0.0,0.0,0.3693932304984225,0.19789494204230276,0.0,0.0,0.12768969595739316,0.0,0.0,0.3313298622755094,0.0,0.0,0.0,0.0,0.36575115478084075,0.5051070533861585,0.11453451990068358,0.2599663501170594,0.3245666684208386,0.38721498993838044,0.3152010368206809,0.0,0.2665416869683321,0.0,0.33440416330282496,0.0,0.14903942548592625,0.3698271111795608,0.39839298709950416,0.5935425657490879,0.18628828843919895,0.17526662165991957,0.02932904561133548,0.23977515236227157,0.4488943487188929,0.41288564570915864,0.3017999186927014,0.0,0.30848383199539725,0.20187226257121604,0.7069045299372835,0.0,0.5851172306710727,0.0,0.0
0.4551154532270381,0.5670394179855802,0.3448414863959679,0.5328785465572163,0.7123980703707378,0.35841967262576474,0.6745858719440433,0.4068371091736959,0.6853719299370215,0.08818093022403387,0.6220526703337846,0.39738078339764576,0.49605934164984045,0.4752386811518621,0.2504159354602947,0.7392008914310902,0.6190729207964007,0.5282710640924135,0.49941573119288873,0.6650052300155048,0.37042970525447416,0.6692414793679555,0.44513317700848476,0.0,0.44925841251123727,0.5114214690997583,0.3782355313132337,0.5718961988340385,0.4524353204689906,0.0,0.7175728391864491,0.0,0.0,0.7135243133881324,0.5100133364688163,0.0,0.0,0.45902277780911904,0.0,0.0,0.602528368432164,0.0,0.29257482794121703,0.0,0.26675939972517526,0.5013417616108486,0.587813411290743,0.33824802952526023,0.659932693125102,0.6020520556852889,0.530897693696387,0.5250099267639641,0.42740979105303056,0.5116924332504588,0.085991524542148,0.7139922473530793,0.25990908256237594,0.159814211833602,0.6633352326224178,0.2201318609483978,0.3434655075958279,0.5141960913721664,0.0,0.04677392784714823,0.0,0.20522676434459425,0.30566328725753983,0.5538347323027542,0.0,0.20949837193590629,0.3659852407976606,0.4835152407670211,0.0,0.1835541573581227,0.0,0.0
0.466783958835467,0.756161537430172,0.4613421824948126,0.5801309583788395,0.9039294866256201,0.45453931460606645,0.9031658433491732,0.5405975921164691,0.853387711197128,0.5008272981580814,0.7745116263156709,0.8492790587995804,0.7133613680685532,0.6820541090200004,0.19642416007027097,0.790460980618727,0.8492898523364667,0.44496370624765924,0.49448037376299175,0.7543027209249991,0.33600035259503475,0.6924380632970873,0.5866791696898984,0.0,0.6800249156468889,0.7790326010760275,0.3942687741277369,0.8472540710299356,0.36566649462073586,0.7175728391864491,0.0,0.0,0.0,0.8928856385349975,0.6933320815657221,0.0,0.15653157471464907,0.6271291360183561,0.0,0.0,0.7537080307443436,0.0,0.641763952753495,0.0,0.25337976404141827,0.5427752923444412,0.7392926853217823,0.46831806172804513,0.8009100205961945,0.807480117441301,0.6975084779188911,0.7063963218759124,0.5541048753405206,0.634689149104749,0.46954932485100775,0.9077937115811013,0.7186937379138336,0.25692785295071585,0.8336781737238488,0.17376510239129123,0.2368000754242086,0.8425777447221627,0.0,0.0,0.0,0.08193933006664272,0.2769654965011475,0.6799497621017225,0.0,0.4178093059823313,0.5623490903789587,0.5643294411112623,0.0,0.11041043562561484,0.0,0.0
0.0,0.0,0.0,0.0,0.0,0.0,0.0,0.0,0.0,0.0,0.0,0.0,0.0,0.0,0.0,0.0,0.0,0.0,0.0,0.0,0.0,0.0,0.0,0.6059348723678024,0.0,0.0,0.0,0.0,0.0,0.0,0.0,0.0,0.90554640527999,0.0,0.0,0.026788516318760017,0.0,0.0,0.9481102106143324,0.8506209845220991,0.0,0.4975164580545671,0.0,0.0,0.013655053291291491,0.0,0.0,0.0,0.0,0.0,0.0,0.0,0.0,0.0,0.0,0.0,0.0,0.0,0.0,0.0,0.055546601407282514,0.0,0.5913308320268219,0.3531173768141963,0.6634773220811798,0.0,0.15293257790404957,0.0,0.8105133215534063,0.0,0.0,0.0,0.6624564666976899,0.21720301823022947,0.7649456004354458,0.8531121973477153
0.0,0.0,0.0,0.0,0.0,0.0,0.0,0.0,0.0,0.0,0.0,0.0,0.0,0.0,0.0,0.0,0.0,0.0,0.0,0.0,0.0,0.0,0.0,0.5679686278201274,0.0,0.0,0.0,0.0,0.0,0.0,0.0,0.90554640527999,0.0,0.0,0.0,0.12699512820325592,0.0,0.0,0.9239024460628489,0.9191726172183461,0.0,0.47870863224883553,0.0,0.0,0.0,0.0,0.0,0.0,0.0,0.0,0.0,0.0,0.0,0.0,0.0,0.0,0.0,0.0,0.0,0.0,0.023962848987843094,0.0,0.45305248697227013,0.22641958776075266,0.5267626194739768,0.0,0.07421886813732607,0.0,0.7835729139608326,0.0,0.0,0.0,0.5806562904880149,0.14483649942463278,0.6705056691207534,0.7932869593782503
0.46615795191479686,0.6479680980229714,0.34284223943916625,0.61469452039517,0.8609184379819257,0.4195577826842489,0.8291693236501199,0.4900049895941574,0.7755095948565841,0.17779643649338092,0.6924371348191851,0.5786995964493022,0.5286384931946284,0.5717095279921725,0.1597175142778421,0.7549347525813646,0.8095872858542853,0.5043855116478385,0.5060242730376504,0.7241823613876895,0.27739277503742704,0.6654413587817215,0.47968076112981467,0.0,0.5597820248361782,0.6966316728782702,0.35959828182331055,0.6719494158668762,0.3693932304984225,0.7135243133881324,0.8928856385349975,0.0,0.0,0.0,0.7496209501149174,0.0,0.0,0.6588551857231274,0.0,0.0,0.8903291297485562,0.0,0.5495204871183603,0.0,0.341745495239696,0.5624600345768057,0.6424351759328983,0.4459172187034963,0.8796712578484529,0.802256749949324,0.6449023764615001,0.7551348785124723,0.5294140921469503,0.6821087227186287,0.21352689847761328,0.9249816439591589,0.439673100398028,0.3405283613922596,0.8522752394912789,0.09204281968332356,0.26656523742288374,0.7874955117675426,0.0,0.02814860483364641,0.0,0.06595600054301787,0.24365899105662236,0.6359105096354762,0.0,0.29037659497156165,0.4999066278610905,0.5274916474672036,0.0,0.15351745870692657,0.0,0.0
