0.0,0.03849079839824998,0.33097271163607844,0.23849457320044448,0.2655116135333403,0.2625641094520714,0.1748124405918824,0.09608679738632782,0.31285948193865076,0.20617594872366915,0.14681705373569848,0.0,0.10857464378448525,0.1645662658854985,0.19605785642746018,0.34588614152991715,0.05588586902720838,0.0715106386090883,0.39924211955625305,0.23068285635567343,0.4402914180244091,0.3817184890976367,0.22037758699491183,0.26165478675137216,0.3380784292040495,0.16780988414438497,0.431024488353446,0.2985701536424434,0.5490362925145467,0.3007462016916162,0.39965737841676147,0.09562361365446913,0.27109871794510565,0.17645642355672655,0.0,0.03618364487721812,0.03176893011606513,0.2170423140480355,0.023245250585901572,0.26882553312726126,0.08238582802687847,0.0,0.0,0.0,0.2832318066202864,0.7357498077467766,0.09628056405156399,0.2562381482718302,0.04336378656856961,0.28049341825092666,0.26332721451588353,0.3545194298431642,0.0,0.30186796877752553,0.016008162210408183,0.09012708379123256,0.0,0.00868329774212484,0.0,0.10726043035235899,0.33967409400143256,0.005754007467672517,0.17899863644091143,0.2459513370371823,0.2239684074136846,0.5281227294866807,0.40633959196477554,0.19566369080663282,0.33448247866118225,0.24325318721599498,0.2696794366708633,0.38223046241416575,0.08458934715842917,0.5534088679941702,0.1708204792560074,0.31916620166389015
0.03849079839824998,0.0,0.4476450226710196,0.0,0.13748268821446907,0.7056958149004522,0.18316012573071516,0.47476543857391434,0.38973568629081556,0.33025749149017863,0.18814353648684357,0.30987289710262145,0.6105618369830026,0.0977522082112034,0.4107263246969183,0.6022663808823281,0.47131664157787856,0.618503864766764,0.2706318392854135,0.40146424511793677,0.16440678271812767,0.43801543213241256,0.46178881652889064,0.3350869391423776,0.6111059168866351,0.7852809238604331,0.3754916500887163,0.20968549972618936,0.32376289478663794,0.11552530501805079,0.2845085091795226,0.3412608638955895,0.21487984320215772,0.06000922037658264,0.0,0.19061035084743394,0.1456865972566852,0.09042489624855873,0.30541545802506154,0.21604690441615748,0.0987831929929892,0.017118324939395996,0.22520757969416957,0.23081878686732116,0.015004830239238487,0.045785316803357096,0.7777099061634343,0.3578830415586143,0.12190049928235511,0.17369434968194758,0.6365658500101983,0.5107856955350148,0.3496344733392246,0.4057606743293588,0.22865998152872777,0.19866731120680714,0.2694335703270275,0.5843445970475762,0.08823426844943849,0.4674029783381336,0.30766731713445356,0.47533474733658587,0.4925181352995341,0.3228784907335313,0.4763440891163827,0.09069846457805147,0.43470701039874643,0.4092465917388179,0.22364020473176438,0.48848169573855266,0.6664536933938715,0.46979519481156456,0.33361218951538896,0.13089585453485073,0.32431664868900634,0.24253651608893612
0.33097271163607844,0.4476450226710196,0.0,0.0994163895519955,0.5353617932888349,0.6593567116531642,0.1911020774080217,0.30877843457167464,0.8148018366079699,0.34340723095827935,0.6382319193877465,0.0,0.5381755686861593,0.03110863363519703,0.7507565486819501,0.5429292569183785,0.4002535771146716,0.4665473329011315,0.6818375026527288,0.7266112944268209,0.5198352797769732,0.7706258101507162,0.44782729758010353,0.243467160423106,0.5529471391983742,0.5560277565280937,0.7612023945747853,0.6246883309881053,0.5863899754724999,0.2661579116629482,0.5864385164674155,0.34017469283017754,0.05972864858895838,0.05307085289195412,0.044018682466735494,0.2754165238763158,0.40215084706020077,0.04613772190659535,0.3017191563001591,0.0415606083826138,0.0,0.0,0.008264273809797301,0.0,0.07371851969522752,0.32468202038595306,0.4067095756041242,0.8890107040628419,0.04273988323871335,0.6252634006651699,0.6789072330445429,0.5978603534253462,0.27737100352624167,0.8531866773033701,0.017990810442389593,0.5589760169533419,0.0,0.3486936912153463,0.0,0.7106768216964017,0.39295398897392253,0.2797018942160186,0.5193971310278118,0.6998663774410147,0.7533633113163758,0.47532677718944716,0.7475039077418002,0.4235618388193668,0.379155361951474,0.3951536566208167,0.5305957046919829,0.8409753823389234,0.5052050998412878,0.45748085661942395,0.4312537733144257,0.40343128859527105
0.23849457320044448,0.0,0.0994163895519955,0.0,0.2749132147746101,0.0,0.2824212115955972,0.0,0.00758756753921383,0.21010119910408737,0.24924826265974248,0.0,0.08422533892590955,0.0,0.15422018938172882,0.029911882961358008,0.0,0.0,0.09966182985712274,0.11475712691329198,0.2676589360403818,0.1604250943112563,0.0,0.0,0.0,0.0,0.12891064374428443,0.35541859949492083,0.21258638819180714,0.12788129587925068,0.03573663096048105,0.0,0.0,0.08861826961682294,0.0,0.0,0.09620060383279327,0.0,0.0,0.0,0.0,0.0,0.0,0.0,0.1918823521545936,0.2221626201901624,0.0,0.1567499551134934,0.0,0.20217542055110987,0.0,0.0,0.0,0.030161025361239713,0.039161568669528427,0.20564097096127043,0.0,0.0,0.05268438438450013,0.08207718975143985,0.0,0.0,0.0,0.01098348452642918,0.018143377009480197,0.332923626110878,0.07925784541565445,0.0,0.0,0.0,0.0,0.07814310488812086,0.08238595623886155,0.18962264314480068,0.0,0.05102209693949449
0.2655116135333403,0.13748268821446907,0.5353617932888349,0.2749132147746101,0.0,0.4483524827384915,0.6608520294072973,0.23621484052792507,0.6684740760975647,0.03319799727220352,0.5627896755444708,0.03376973771558281,0.43743666326816355,0.36680925109527646,0.47932345279533595,0.2650744715456857,0.06186809417977471,0.07368110546682888,0.45886873736265804,0.5929858328583922,0.41345170338012044,0.518327477321418,0.40662358464204573,0.04035201590693677,0.16316388970222515,0.19560359179269987,0.7033496691211327,0.43418527800816137,0.6206694416410965,0.30048721466637324,0.38111587411510894,0.139291538560853,0.049322940434988624,0.0,0.058166526433712284,0.17692326956000165,0.2491612783381162,0.0923951653821079,0.02122420878766529,0.0,0.0,0.0,0.012338063130785781,0.0,0.19957077282101204,0.27282135935986884,0.06763412725357162,0.5446773152639477,0.018535190851274724,0.38731566393335215,0.23810760854019958,0.19366804850464947,0.27167474015639825,0.5208782393351695,0.0,0.4423549498275827,0.0,0.04647055186898763,0.08708063398772878,0.40521024405700684,0.08382080056370617,0.0,0.07805162627282737,0.45343304074210655,0.36978403741860794,0.44781856747453225,0.3786231894206921,0.3941832015569877,0.013840978132095852,0.07790686664688987,0.20810628700744224,0.5193288006417491,0.08701795257174241,0.15528312808789,0.0,0.03561291529383516
0.2625641094520714,0.7056958149004522,0.6593567116531642,0.0,0.4483524827384915,0.0,0.2506647460204096,0.6124061048271293,0.7491547142130531,0.11797005070596567,0.42135182489762957,0.16428730523172466,0.7229458956960347,0.3379285365862853,0.5494139442450996,0.49080006401285514,0.3247177344231241,0.396622244218926,0.5421660980507113,0.534745093882652,0.4628863992323265,0.5250740551687822,0.7745582282733436,0.3689575380160014,0.46012804283390674,0.6403967600355636,0.7376019439650865,0.44464980277038585,0.5783659948132317,0.26186078934727125,0.4465445702693001,0.31949514918662925,0.30634865983776616,0.17487887282618542,0.15892685853967392,0.4053204732349507,0.25149507864358334,0.177870354129943,0.2675305611271789,0.21757738889031608,0.0067459877182988875,0.0,0.1228954832498311,0.0,0.12184533970627343,0.25820523322608097,0.5403973044484779,0.5188109467993726,0.25181886866014247,0.39323436803851636,0.791137133030193,0.5559912548620927,0.5237184445989482,0.7119080044516075,0.0,0.2878643571214089,0.1114831767672127,0.5131765306799793,0.11634845748822627,0.5111728641819699,0.2717668296498824,0.2203667671177772,0.36038960794982133,0.5663547442477188,0.493701161042099,0.3613086770337859,0.4638432251499066,0.7156246526708572,0.3230920270102786,0.3301176476145091,0.5978476534697732,0.6787433239879268,0.2842323794328048,0.10968638789558602,0.22324878453823585,0.19635311348673223
0.1748124405918824,0.18316012573071516,0.1911020774080217,0.2824212115955972,0.6608520294072973,0.2506647460204096,0.0,0.023386739128749418,0.3728480550476026,0.06585296714807948,0.19168544763107104,0.0,0.3596285047052319,0.24232994161518479,0.15386199318573213,0.3507901226582512,0.19675998141707907,0.18599172301323932,0.08141838164437681,0.34734274952567146,0.16002651053575806,0.4358327060098738,0.12027889415329857,0.0,0.20722027169266188,0.134879240148447,0.48990830630031545,0.27379974753764696,0.5203408059634697,0.1581027937280564,0.26668400140480575,0.09282339766436097,0.07480877439856383,0.0,0.0,0.029441421057181894,0.14901879211622193,0.04076830044761001,0.0097145374761161,0.0,0.0,0.0,0.0,0.0,0.22351536190781918,0.20029417884454026,0.03160733218324574,0.17658996378858588,0.0,0.04072708740204922,0.04472679283041611,0.05020659704412417,0.08477348151010497,0.19783354407561585,0.0,0.053682740106692994,0.0,0.0,0.033730755357414904,0.1768421786027267,0.08821008138932954,0.0,0.0,0.06712256338049144,0.09806061651329967,0.2596058630765523,0.16618259615751296,0.12408739563935953,0.0,0.11149732459712822,0.0801070252214563,0.3176268948516649,0.0,0.11230551114107835,0.0,0.01130879716828491
0.09608679738632782,0.47476543857391434,0.30877843457167464,0.0,0.23621484052792507,0.6124061048271293,0.023386739128749418,0.0,0.2465810797307239,0.18030874128350963,0.3006142456571357,0.6434532395225927,0.5668557543895867,0.42462643548743395,0.48356608378994054,0.10097987893508378,0.0,0.06067488744559997,0.29143612487550097,0.44017473018275444,0.5108595835082559,0.25181093486441253,0.8194554024407604,0.5635305398076831,0.006832614284356359,0.5691010202027537,0.3158292875072827,0.203437936509955,0.13535250717790218,0.15657142920749284,0.0,0.190557179810475,0.2173788884577435,0.0,0.12018092530107727,0.404329792880015,0.16058592822929257,0.1686776855872447,0.0,0.09669713566739226,0.0,0.09268798878751178,0.43504184402744495,0.22751475776889538,0.13622461879484035,0.048909294698506606,0.44410968597421,0.32848066151455774,0.3849926225031027,0.40466529968981485,0.42053166091974276,0.27288531307445857,0.8189205979303914,0.258911137999201,0.23266733519040206,0.429972943493325,0.5979004480178567,0.5649379736764157,0.3830995381609983,0.3785025757256041,0.0,0.0942278322247436,0.09564481328993184,0.401757398065846,0.40528355311923303,0.2987781981768051,0.19381994555304674,0.6923387196346469,0.0904581340403309,0.0,0.5712231949003113,0.24408481027360063,0.2048482367711181,0.0,0.08263610483886852,0.0
0.31285948193865076,0.38973568629081556,0.8148018366079699,0.00758756753921383,0.6684740760975647,0.7491547142130531,0.3728480550476026,0.2465810797307239,0.0,0.15195367673426832,0.5808137896246542,0.0,0.5740173656223853,0.1467680921420179,0.5965964007765046,0.5181143038603715,0.40921099431633223,0.3670307749224082,0.6445253717715453,0.6069615229463957,0.4078826910918904,0.6362463156983801,0.47268902462921764,0.1930521187406422,0.5080647340409992,0.4392671248069717,0.8375608344220522,0.5885455402976965,0.6523397014528869,0.2924628737485614,0.6513338018482658,0.36831633397995645,0.21651170964045113,0.15287902085224064,0.07385205343082991,0.3848013763801148,0.3443631597535556,0.1553711308060266,0.33349896606674895,0.14684827952300403,0.03062763993764875,0.0,0.0,0.0,0.15297641516853314,0.29627404974804183,0.28268509162959254,0.6609478774195177,0.08403583096458986,0.5142872196836976,0.6512509791284216,0.5736108076374975,0.2813478636635568,0.9377837535701623,0.0,0.34584721378807126,0.0,0.24204987552416865,0.0,0.5763808603472504,0.4195833179051195,0.12666508456665432,0.42948016340794815,0.6377168394954734,0.5125778743838101,0.43434013107224,0.5964357217045864,0.48892406691574813,0.3725442921975872,0.37850080981064926,0.4254492841302819,0.8085143600858861,0.3315747372618274,0.30720993412600156,0.2782806423598623,0.4064013096020045
0.20617594872366915,0.33025749149017863,0.34340723095827935,0.21010119910408737,0.03319799727220352,0.11797005070596567,0.06585296714807948,0.18030874128350963,0.15195367673426832,0.0,0.12233343384933142,0.4334647465948815,0.3436132905006754,0.0,0.28109471698208166,0.4753852931313364,0.5478970695633862,0.47812075835728957,0.17096993412120542,0.23782281011838774,0.1878715900590348,0.30895555024696386,0.07742689845402037,0.45647141090380616,0.4484829749215527,0.5363637560256367,0.08949368830264812,0.361735026063465,0.1786561959690676,0.24729139613532808,0.27485145569845115,0.2976447648049271,0.002831933279710569,0.0,0.0,0.0287403483083829,0.0038651881603929406,0.0,0.18181314385185995,0.1728468109265467,0.19326374710678512,0.0,0.24210250276026574,0.13394018337190414,0.006991354696209817,0.13256604958328183,0.3636964359428056,0.3976665949767869,0.01861559118510861,0.2277891349804912,0.2843874160753152,0.3626271811401513,0.10265680451416548,0.2811399164898537,0.6934721536833208,0.2547613342159748,0.3830729452115452,0.4264453104578583,0.0,0.33070078996359853,0.3176514235983445,0.636183262086925,0.5350322130965409,0.18612517431562436,0.4015952978227253,0.24833640675201604,0.4227741807427232,0.07410482246893402,0.4011725188802697,0.38376332839405447,0.485860414470657,0.20946794335347427,0.5878935054776518,0.3879462310126933,0.640785261908446,0.4823533376627065
0.14681705373569848,0.18814353648684357,0.6382319193877465,0.24924826265974248,0.5627896755444708,0.42135182489762957,0.19168544763107104,0.3006142456571357,0.5808137896246542,0.12233343384933142,0.0,0.01037999400369935,0.47640512236318633,0.08364721660791663,0.5751392807891565,0.20700306192490614,0.1032117973741391,0.1365879196860224,0.5164838572687518,0.5245897046037964,0.45867249297399304,0.49312056271651805,0.36172698566549827,0.1737051110987262,0.22342802203749368,0.24167606826077626,0.5776647124483214,0.607490410698165,0.43446886456601297,0.3388256083394465,0.363768365612405,0.22946282282003264,0.0,0.018164519263154738,0.08713162382190508,0.2238325645306875,0.34464488494467843,0.07008801204458497,0.06232121052292518,0.0,0.0,0.0,0.023755817469569923,0.0,0.15999206995634646,0.14059971986262465,0.19099157094021224,0.691495189879239,0.15886769024462777,0.6366253908995401,0.33799024546458645,0.28278870994639366,0.3022214205795965,0.5812001758589787,0.0,0.7664962034494373,0.0,0.2343114585799455,0.16125258300419376,0.48464277769505315,0.09041333769679412,0.056826847381876114,0.19726568965092262,0.5933236978063248,0.47352145555642255,0.4188785242932725,0.45405429021487637,0.375985852480738,0.19950454749375346,0.14363830118603546,0.27884900870468343,0.56193153315173,0.4422456846776266,0.22044566180247677,0.0614333964422841,0.1778213759589782
0.0,0.30987289710262145,0.0,0.0,0.03376973771558281,0.16428730523172466,0.0,0.6434532395225927,0.0,0.4334647465948815,0.01037999400369935,0.0,0.4500958160522311,0.23634647576784457,0.19017125901496232,0.0,0.0,0.13823569342795985,0.0,0.28895744788756256,0.16218840367239654,0.034004179749425156,0.4603490274635562,0.5070102623736868,0.0,0.4729146935632773,0.0,0.12465159469925144,0.0,0.22306466747810727,0.0,0.012494981607174382,0.04176641565763162,0.0,0.0,0.21298071518815276,0.0,0.0,0.0,0.0,0.0,0.10565422866414564,0.5277923980008838,0.40429482273003636,0.052773945429460414,0.0,0.29088053809421677,0.1569637976655977,0.30795768663567114,0.17973200884396728,0.030274003779882597,0.09821559338182131,0.5453001161279432,0.0,0.6096682470757323,0.28527331149360774,0.922219321653064,0.5379956833689421,0.19412488712487763,0.1768974129765128,0.0,0.30418220514494954,0.101970171522376,0.08780953140688391,0.2555588066680972,0.008110975900920081,0.0,0.3159299917943116,0.0,0.0,0.4333760157808024,0.0,0.3236336486369705,0.0,0.1130333198330869,0.0
0.10857464378448525,0.6105618369830026,0.5381755686861593,0.08422533892590955,0.43743666326816355,0.7229458956960347,0.3596285047052319,0.5668557543895867,0.5740173656223853,0.3436132905006754,0.47640512236318633,0.4500958160522311,0.0,0.1840451699696352,0.5036104162001351,0.4720536144365291,0.44514229082591766,0.5472944332449318,0.3653989934797744,0.5692829367319552,0.3919927852391007,0.5204163898053571,0.5965011563038365,0.48226529117663497,0.35235395330659747,0.711738088370198,0.504534033439273,0.6505210187120078,0.4811330252311564,0.39476275661562565,0.30312291921670403,0.3139794736574482,0.17702982111760274,0.035201253230970536,0.0,0.42552660892995026,0.3076475321808473,0.049301269422936805,0.13032007354779435,0.07590597715685343,0.0,0.00630363868920341,0.28273553550979524,0.15388287117203944,0.11816141316580947,0.13346212780493247,0.3718034750312366,0.530102089375669,0.2561057111270063,0.47384617354410474,0.4926438052860138,0.4409649882280081,0.4796934047548577,0.5487144631106956,0.15170141098035286,0.3962256674782596,0.38628071536290814,0.6031166806644535,0.07790204936766909,0.5178369469560764,0.09198722258868515,0.32447973445471273,0.410645099048486,0.45389842015849147,0.4588969003633128,0.2834475094750511,0.39376929197484795,0.47369379930307376,0.30822982289035217,0.12789402504200817,0.5720336105520275,0.4618835685718319,0.5210803806359531,0.03838437678914525,0.21027250782531254,0.17700069327996748
0.1645662658854985,0.0977522082112034,0.03110863363519703,0.0,0.36680925109527646,0.3379285365862853,0.24232994161518479,0.42462643548743395,0.1467680921420179,0.0,0.08364721660791663,0.23634647576784457,0.1840451699696352,0.0,0.2935850137417575,0.0,0.0,0.0,0.2045601332136414,0.27538579249338657,0.27935424569471645,0.11928052522111353,0.5151216237824093,0.20753226837380098,0.0,0.1670995342242063,0.28419087397666565,0.0,0.248411279053413,0.09945293329268173,0.0,0.0,0.2141367013231476,0.0,0.09752523087649402,0.3298579105237146,0.0,0.08739452967504607,0.0,0.09909808880299237,0.0,0.0,0.12215142669287729,0.0,0.1661158941384282,0.148140332072481,0.056856486594154265,0.0660174277655984,0.08096520594284137,0.020546651534600474,0.10800498411986868,0.0,0.4531966269607518,0.03116551531111343,0.0,0.12390037185983682,0.19160026115100245,0.048972066583481744,0.36476737523735975,0.2101100579037678,0.0,0.0,0.0,0.22809682225253275,0.12428604344636007,0.24669719638441923,0.0,0.47474537790356786,0.0,0.0,0.2177968000226954,0.08628818905172721,0.0,0.0,0.0,0.0
0.19605785642746018,0.4107263246969183,0.7507565486819501,0.15422018938172882,0.47932345279533595,0.5494139442450996,0.15386199318573213,0.48356608378994054,0.5965964007765046,0.28109471698208166,0.5751392807891565,0.19017125901496232,0.5036104162001351,0.2935850137417575,0.0,0.40387883199872604,0.17986948906911485,0.3316151627268509,0.61434214840143,0.7990879412148792,0.6078830440104577,0.7398212756085134,0.5169520437325901,0.32835462685144434,0.3509548907450514,0.612028459998328,0.6648677532750473,0.4674316428934673,0.559562859367898,0.2383589796148411,0.40612451558560225,0.3748189891931002,0.055637566564895935,0.0026325242538382254,0.0,0.3006163344521996,0.32315485178942915,0.0,0.252122511641764,0.05160704904916469,0.0,0.0,0.07066182745241266,0.08214089044274811,0.14778008737177645,0.22791340933015963,0.3737193600046322,0.7672592467999242,0.03404634872598471,0.551798472771251,0.4953663603010937,0.3726872049517617,0.4193041598032495,0.6104436395941599,0.036130192429357555,0.5897247419508483,0.14065971772508531,0.30536562093960756,0.050422732128332745,0.8925532587995811,0.25049857233483264,0.13270760267774454,0.42892166330656534,0.6632924850655045,0.771294432613153,0.5531471897371585,0.6847166832433609,0.44248692114814125,0.2204984373352189,0.2511764825583625,0.5887437780764502,0.6997794884354371,0.3965042058651183,0.33191208101081915,0.3968389058450841,0.2215853327823106
0.34588614152991715,0.6022663808823281,0.5429292569183785,0.029911882961358008,0.2650744715456857,0.49080006401285514,0.3507901226582512,0.10097987893508378,0.5181143038603715,0.4753852931313364,0.20700306192490614,0.0,0.4720536144365291,0.0,0.40387883199872604,0.0,0.6697612926488071,0.7569952702334792,0.337955748810879,0.4682885620757882,0.2682763405433715,0.6734217244563095,0.17028883649199617,0.2176096601505505,0.7606153944204679,0.5628182632098111,0.49732116249220215,0.4499043592761245,0.6151450590523997,0.2993454018347648,0.6889431721231697,0.43500393707494256,0.20926414746346841,0.23322638838559412,0.0,0.11080924851673203,0.19664267698103813,0.06580010511357313,0.45689496742793767,0.17632472298542728,0.2453579136186698,0.0,0.009697547823853792,0.017487985974712808,0.11394108360363354,0.3771665718389898,0.4621347883639748,0.45178384754262113,0.0,0.20773767008830135,0.5244826733177792,0.5530589630622931,0.0,0.5361458622337643,0.16842150858049054,0.06254754160157133,0.0,0.31875360757592325,0.0,0.46763184348808917,0.7015842312064065,0.479228838714923,0.6671176739074284,0.3507647480712333,0.46220605009634536,0.34040590021120076,0.6526476551454274,0.16813691048110288,0.35059684429218424,0.5719513203846455,0.4994562163698101,0.5925528712905088,0.42923119114543495,0.5443050707151189,0.4947933132534523,0.5989578001864241
0.05588586902720838,0.47131664157787856,0.4002535771146716,0.0,0.06186809417977471,0.3247177344231241,0.19675998141707907,0.0,0.40921099431633223,0.5478970695633862,0.1032117973741391,0.0,0.44514229082591766,0.0,0.17986948906911485,0.6697612926488071,0.0,0.7957346593314922,0.08913654291388565,0.18849586890928546,0.0,0.3485513727305798,0.00221775787189038,0.35410355305262886,0.7258955533838455,0.5395278565583886,0.18447698672925328,0.44083181488515427,0.30768137673151796,0.35349365999571564,0.6002782232873934,0.4974145035123268,0.0730994298423503,0.15168194565998805,0.0,0.190337960281168,0.14981197892423342,0.03797478338440574,0.5120190103026412,0.1536991734746882,0.5168387341521432,0.07134427211504842,0.1119434905858636,0.05648609558602133,0.0,0.09322968826652447,0.24995194798099418,0.27965771900332853,0.0,0.07313716435347417,0.4211118718833565,0.4433941305693909,0.0,0.45562922856053645,0.19557514289053973,0.0,0.0247868286816868,0.3125285481259663,0.0,0.29086725020483367,0.6195898737589473,0.608386684981344,0.6392744046907928,0.10627026765501288,0.254255058956199,0.048954732724591915,0.41610411062804237,0.0,0.5755415238106041,0.43240517934772504,0.34457491761374826,0.3440967644336562,0.5197983421594796,0.3762656292993294,0.544356100418942,0.73305499735057
0.0715106386090883,0.618503864766764,0.4665473329011315,0.0,0.07368110546682888,0.396622244218926,0.18599172301323932,0.06067488744559997,0.3670307749224082,0.47812075835728957,0.1365879196860224,0.13823569342795985,0.5472944332449318,0.0,0.3316151627268509,0.7569952702334792,0.7957346593314922,0.0,0.12712235793757198,0.39786240721085286,0.06469407701159699,0.4959671581504122,0.08230923130135806,0.34360127716266864,0.6876674412712922,0.6581376021920129,0.21820961558545993,0.44244428844184863,0.32496991690278093,0.26314551361950084,0.5040981667763272,0.35450066925671564,0.0,0.04818338987903667,0.0,0.14694006861026604,0.1691664061693565,0.0,0.38161931329794707,0.06831827043185798,0.2808879022840636,0.0,0.2024981719012977,0.19889107949378587,0.0,0.09891859794303207,0.44447698079831777,0.40136322349324904,0.0,0.1921835325802378,0.4317776542325915,0.46254828329349595,0.0,0.4018244698390314,0.2298193619414557,0.06313430371751362,0.12898776354439243,0.46795627947281737,0.0,0.44960244164995167,0.5105376140097079,0.6031971893963464,0.6956680160352684,0.18217305284216812,0.42286412326826683,0.096687381342341,0.4711397869608459,0.036130432480442426,0.4305288787454744,0.46880338790133524,0.4747744790999672,0.3927005783899401,0.5375588276100169,0.314566532021492,0.47003507413982626,0.5035771672832545
0.39924211955625305,0.2706318392854135,0.6818375026527288,0.09966182985712274,0.45886873736265804,0.5421660980507113,0.08141838164437681,0.29143612487550097,0.6445253717715453,0.17096993412120542,0.5164838572687518,0.0,0.3653989934797744,0.2045601332136414,0.61434214840143,0.337955748810879,0.08913654291388565,0.12712235793757198,0.0,0.5597652773080158,0.4592846551644817,0.5755856319185647,0.39212171397918466,0.15502292792044953,0.23857723483302223,0.268128880661363,0.6514882331181275,0.42606403033731843,0.5102022963991295,0.3473845507330844,0.4027133539513126,0.2923207982414648,0.10271851168265815,0.09258694743120024,0.09561614952867256,0.29110834964871224,0.22869988425803783,0.0,0.26453743795996093,0.13032715619972352,0.0,0.0,0.0305323858809822,0.0,0.07047245633106569,0.3540535654933669,0.2953905831760969,0.6146939370105982,0.09668938197526585,0.4238444517236996,0.49057292458058355,0.39750783856682603,0.25105672395350975,0.6491545017901329,0.0,0.47145170022838234,0.0,0.1990931737940075,0.01802349058139706,0.5498137989200114,0.2891126094872005,0.14385404242777639,0.30132981830331157,0.8608379613724231,0.5270684790610346,0.4095400774942015,0.56378035388047,0.41840071452314326,0.23218031991963634,0.2776181201971446,0.3661290903870463,0.6231904134001687,0.2709804257453987,0.36153386488381356,0.32400517866351247,0.22782443708198086
0.23068285635567343,0.40146424511793677,0.7266112944268209,0.11475712691329198,0.5929858328583922,0.534745093882652,0.34734274952567146,0.44017473018275444,0.6069615229463957,0.23782281011838774,0.5245897046037964,0.28895744788756256,0.5692829367319552,0.27538579249338657,0.7990879412148792,0.4682885620757882,0.18849586890928546,0.39786240721085286,0.5597652773080158,0.0,0.46958800770708886,0.8740146125617012,0.4968749519812645,0.2654814970810846,0.31395580482049246,0.5768656753382801,0.7270714258114173,0.5228351262796043,0.5934578381391487,0.2711828261324938,0.38355751574568536,0.2379814406304962,0.0,0.0,0.018404691598785758,0.240075908917765,0.36178975531984225,0.0,0.10950358424358103,0.0,0.0,0.0,0.17358551499621802,0.1710254589541087,0.17929003200497015,0.24445185374079792,0.3572225735633037,0.7598337390850701,0.08168950452449578,0.527850508088221,0.40713741884030147,0.3699351853002767,0.37155751447732255,0.5512109801460914,0.08783442910236836,0.5448802534909506,0.2330522658571962,0.32868037039908127,0.051188869773569665,0.7834005299755769,0.21204221579651483,0.14238134675591285,0.39090199431044026,0.6575121993452416,0.8670959020778684,0.3985777226930295,0.7163114446833859,0.43575966195705884,0.10767584624697504,0.20969722134614932,0.5470217313588306,0.684297826799273,0.40942260328042746,0.26041813140581993,0.28353428863858743,0.15617803999605767
0.4402914180244091,0.16440678271812767,0.5198352797769732,0.2676589360403818,0.41345170338012044,0.4628863992323265,0.16002651053575806,0.5108595835082559,0.4078826910918904,0.1878715900590348,0.45867249297399304,0.16218840367239654,0.3919927852391007,0.27935424569471645,0.6078830440104577,0.2682763405433715,0.0,0.06469407701159699,0.4592846551644817,0.46958800770708886,0.0,0.4828116211718585,0.5270354666650573,0.22980128247670767,0.17581964713097115,0.3194302846283851,0.5295621067697196,0.37124603800243877,0.5739402493510916,0.24951881522551755,0.31065906525678655,0.2197571886658349,0.1793872706955449,0.14308680774835575,0.09837870231656574,0.19101363936723983,0.10788657621470593,0.13756751551000404,0.06583085943537953,0.1023033660509623,0.0,0.04575939453268395,0.04961598430280162,0.0,0.2117508494199591,0.47290084754902345,0.2771796964594012,0.4724935738487795,0.17645836509098684,0.49461083601058903,0.40784585873318896,0.34755715768553885,0.3985311905488656,0.40812626033174015,0.08299758049561387,0.41867030970656216,0.05673838439500099,0.29580411274545054,0.15305717316897285,0.46349843739917373,0.13227476144704256,0.0019090209554157855,0.22783538390696859,0.47077709282930014,0.40699792234247073,0.7745197978584087,0.4600097070138497,0.5075504498183536,0.12494227412304498,0.1316620273079322,0.5021844807578415,0.4776637067630902,0.1977121513390983,0.33512447910643633,0.15365955604122028,0.08024259416168178
0.3817184890976367,0.43801543213241256,0.7706258101507162,0.1604250943112563,0.518327477321418,0.5250740551687822,0.4358327060098738,0.25181093486441253,0.6362463156983801,0.30895555024696386,0.49312056271651805,0.034004179749425156,0.5204163898053571,0.11928052522111353,0.7398212756085134,0.6734217244563095,0.3485513727305798,0.4959671581504122,0.5755856319185647,0.8740146125617012,0.4828116211718585,0.0,0.3179426290458427,0.14730602855409675,0.5259280035686721,0.5500527020025049,0.7671999763508792,0.5441238018734158,0.7184303680473508,0.22774890999177488,0.5510400249129115,0.3188034260713172,0.05962119881858485,0.06549334223019146,0.0,0.1411347397981429,0.39821957092272176,0.02787185239724102,0.24173679724874536,0.0,0.0,0.0,0.0,0.06116750190679994,0.2136332757495612,0.3984879584259505,0.3541009015772103,0.7118050109223062,0.028922062392963035,0.5090227531069955,0.4779193650580153,0.5026857820997375,0.14796461394568872,0.6167422615065044,0.004434783750049909,0.4223045851239575,0.0,0.23076244637792293,0.0,0.736742759256452,0.43478164646101464,0.18982607630307502,0.4761256993896993,0.6295325706870496,0.8082001974959988,0.474092861320821,0.8413245210062743,0.28574950552440515,0.1737221918481103,0.36976057590819805,0.5232009732549233,0.8311418193947895,0.3600854253962743,0.5300933091443005,0.3251428971751154,0.339779147267964
0.22037758699491183,0.46178881652889064,0.44782729758010353,0.0,0.40662358464204573,0.7745582282733436,0.12027889415329857,0.8194554024407604,0.47268902462921764,0.07742689845402037,0.36172698566549827,0.4603490274635562,0.5965011563038365,0.5151216237824093,0.5169520437325901,0.17028883649199617,0.00221775787189038,0.08230923130135806,0.39212171397918466,0.4968749519812645,0.5270354666650573,0.3179426290458427,0.0,0.4954000080551275,0.06636407042363215,0.5360534860479101,0.5459677929895946,0.37387688289107457,0.37073946589343887,0.2691610806457728,0.15989780870169074,0.1601026480649881,0.2635893517377731,0.06483057610083502,0.1947879156381383,0.4237468401612594,0.16782199731406514,0.19109307576387113,0.0,0.1438295837412046,0.0,0.0,0.22007786837735693,0.02040563331259994,0.15053504823350888,0.21852623166847374,0.3747793513955962,0.42431244022130604,0.35347991115355176,0.3792184281884482,0.5577244804051514,0.2700945796240364,0.7762194029627341,0.43892131318785116,0.0,0.37626421482314715,0.3783553127439327,0.4735725866543272,0.2754916737853792,0.4130752031227813,0.0,0.016346360027445273,0.12366972916434069,0.4607651705407109,0.3831986051761334,0.37715870753046665,0.2237875811711531,0.8890046872888323,0.20490484955549076,0.0,0.5130994950531139,0.3876263547657067,0.2079557694104825,0.0,0.04889121997212886,0.0
0.26165478675137216,0.3350869391423776,0.243467160423106,0.0,0.04035201590693677,0.3689575380160014,0.0,0.5635305398076831,0.1930521187406422,0.45647141090380616,0.1737051110987262,0.5070102623736868,0.48226529117663497,0.20753226837380098,0.32835462685144434,0.2176096601505505,0.35410355305262886,0.34360127716266864,0.15502292792044953,0.2654814970810846,0.22980128247670767,0.14730602855409675,0.4954000080551275,0.0,0.2663310556437011,0.6615374078710401,0.08894684892604197,0.31729017372362944,0.13032206233933463,0.4169583203765794,0.14152123082504656,0.2410354089870049,0.18869099113831528,0.0,0.0,0.3522009541083235,0.11289931553668399,0.12289904506476165,0.0750826108007775,0.23039128989536015,0.1409849458633644,0.09399469797817128,0.3085495847129211,0.09248661099492661,0.017464698398790918,0.10619999732838531,0.23808886176005384,0.301636102596851,0.26668080314500914,0.23194039201982758,0.3106063186827849,0.2299720031505817,0.4371248733033392,0.241082374739383,0.28312463121175785,0.2889383066715154,0.5363757483644098,0.47785213330870846,0.1606008651267522,0.3141101942149086,0.0573725048554532,0.3461547078713702,0.32128907256204503,0.17853961703028604,0.3330573133590227,0.1704865160629999,0.1853656668684377,0.33074919440371303,0.6364632377553942,0.10704258186959748,0.5481134149062056,0.13637397152574313,0.476699266098377,0.034058416023009824,0.3590287669406392,0.2162381355380888
0.3380784292040495,0.6111059168866351,0.5529471391983742,0.0,0.16316388970222515,0.46012804283390674,0.20722027169266188,0.006832614284356359,0.5080647340409992,0.4484829749215527,0.22342802203749368,0.0,0.35235395330659747,0.0,0.3509548907450514,0.7606153944204679,0.7258955533838455,0.6876674412712922,0.23857723483302223,0.31395580482049246,0.17581964713097115,0.5259280035686721,0.06636407042363215,0.2663310556437011,0.0,0.5811789245942951,0.39482061098900817,0.30645731524515396,0.499374588998479,0.17016694784401432,0.6579855376891212,0.46841421314641996,0.17806048539694938,0.1612594431998312,0.0,0.018475026003674053,0.16201891698797782,0.11099188177744024,0.566878631007083,0.2475415778150455,0.39875214030357525,0.0,0.0,0.026776071997344622,0.03492624731282176,0.27478598190442205,0.5221106071917926,0.40483880016199114,0.0,0.16240586724757639,0.6258494145258007,0.5777028333066192,0.0,0.5360632354750138,0.16396468232480926,0.06582134246064036,0.0,0.3120280845806373,0.0,0.4167504649985441,0.7489263535915687,0.5424128222971496,0.6886899627488459,0.22627160592982262,0.4342650699253918,0.3346160467048237,0.6216613728767234,0.13833092874666997,0.5368325430696734,0.7980782871294109,0.5496613690892596,0.5863098741833208,0.4300355009888736,0.5907698434670726,0.567887072800313,0.730931845405314
0.16780988414438497,0.7852809238604331,0.5560277565280937,0.0,0.19560359179269987,0.6403967600355636,0.134879240148447,0.5691010202027537,0.4392671248069717,0.5363637560256367,0.24167606826077626,0.4729146935632773,0.711738088370198,0.1670995342242063,0.612028459998328,0.5628182632098111,0.5395278565583886,0.6581376021920129,0.268128880661363,0.5768656753382801,0.3194302846283851,0.5500527020025049,0.5360534860479101,0.6615374078710401,0.5811789245942951,0.0,0.364057888020917,0.3570379885123797,0.34638019076725707,0.2411628561281475,0.31736710658766615,0.4513945408246905,0.2051055236150527,0.0,0.0,0.2990164658329644,0.1877892697169591,0.028496419209279922,0.313596465278174,0.22138435809315976,0.10345283381546042,0.020216184551216536,0.28651920278520837,0.19643578700988018,0.05559332632899841,0.10806368128974816,0.5333878395312478,0.5196018169214914,0.11941248387596091,0.34810805174229,0.5896712253916613,0.4669434772487374,0.4173816589455192,0.4949743024463033,0.2836241829854278,0.3162900745324039,0.4694424695823794,0.5872669480730703,0.0,0.6540365285040204,0.2583516013648018,0.4494881481417216,0.5506187902011456,0.37030511309966496,0.6352394791277165,0.23301651676246585,0.5181694217162794,0.39165103148511876,0.4618406911956408,0.33170388779746096,0.7984496937722886,0.46395510451488553,0.48010240820227457,0.15851692833796432,0.4868815619017009,0.3226593447140925
0.431024488353446,0.3754916500887163,0.7612023945747853,0.12891064374428443,0.7033496691211327,0.7376019439650865,0.48990830630031545,0.3158292875072827,0.8375608344220522,0.08949368830264812,0.5776647124483214,0.0,0.504534033439273,0.28419087397666565,0.6648677532750473,0.49732116249220215,0.18447698672925328,0.21820961558545993,0.6514882331181275,0.7270714258114173,0.5295621067697196,0.7671999763508792,0.5459677929895946,0.08894684892604197,0.39482061098900817,0.364057888020917,0.0,0.530500832233348,0.786010154502608,0.23117903621967795,0.5633291078849303,0.23587918904217542,0.17540214788434053,0.14375292069563142,0.13152412044251366,0.2861746752168808,0.36178429496725006,0.19290328643247154,0.15622721819846785,0.08051120060400846,0.0,0.0,0.0,0.0,0.27887682601921837,0.3977729796858088,0.3408697076600511,0.658614880175384,0.1104341415472444,0.48218001542141314,0.5840014477148261,0.5327174997386659,0.2946114416889409,0.7806181201224683,0.0,0.42120298445900584,0.0,0.17991185185718714,0.033197928899231094,0.6142241865099193,0.3316333942823846,3.228432190424679e-05,0.2710583276637088,0.663096570801937,0.5889817285330364,0.5351681313529234,0.641592197698775,0.5634575939093049,0.14368308324975312,0.3052510918399206,0.41808685698947085,0.8803953266210329,0.22309093997867066,0.3753550966830514,0.1694413894744222,0.22251113993508037
0.2985701536424434,0.20968549972618936,0.6246883309881053,0.35541859949492083,0.43418527800816137,0.44464980277038585,0.27379974753764696,0.203437936509955,0.5885455402976965,0.361735026063465,0.607490410698165,0.12465159469925144,0.6505210187120078,0.0,0.4674316428934673,0.4499043592761245,0.44083181488515427,0.44244428844184863,0.42606403033731843,0.5228351262796043,0.37124603800243877,0.5441238018734158,0.37387688289107457,0.31729017372362944,0.30645731524515396,0.3570379885123797,0.530500832233348,0.0,0.5565669065153434,0.6054496576634559,0.5699805954052448,0.2229172142786219,0.0,0.14632755230438926,0.0,0.3727654642233863,0.3638872680001628,0.10675893183089726,0.03381511894165689,0.0,0.0,0.0,0.0,0.0,0.1379967173835115,0.33400938526691537,0.0838562344346501,0.627813884899245,0.14013968158201034,0.5380272422191957,0.3775233751134911,0.3911196473560272,0.19730946838795438,0.6345582224263179,0.0,0.4359471336605968,0.019895351194509303,0.26962520442305093,0.0,0.43281524338629923,0.232576652706489,0.2306064992560778,0.3725156029433328,0.4468643875657934,0.4175123871443486,0.38311409947185054,0.480869279898308,0.3713823099123634,0.37685472434103856,0.06655007882800779,0.2765988488300615,0.5689748029381876,0.6464230316051096,0.32012251519709056,0.2168688113368238,0.39445696867126945
0.5490362925145467,0.32376289478663794,0.5863899754724999,0.21258638819180714,0.6206694416410965,0.5783659948132317,0.5203408059634697,0.13535250717790218,0.6523397014528869,0.1786561959690676,0.43446886456601297,0.0,0.4811330252311564,0.248411279053413,0.559562859367898,0.6151450590523997,0.30768137673151796,0.32496991690278093,0.5102022963991295,0.5934578381391487,0.5739402493510916,0.7184303680473508,0.37073946589343887,0.13032206233933463,0.499374588998479,0.34638019076725707,0.786010154502608,0.5565669065153434,0.0,0.420818258416927,0.6140843582437701,0.3063993246755151,0.2326408674564443,0.2409113674596064,0.037046581931306166,0.22117610722885123,0.28519630749220803,0.1449596400771875,0.18452856172701423,0.04568348536592304,0.0,0.0,0.0,0.0,0.25620452318738207,0.5413997211043865,0.21860154820089336,0.5312744193336185,0.07091474512452607,0.3485153436611356,0.4316127347284572,0.45280238834947467,0.03248355700653954,0.5795787339151106,0.0,0.23846412360739233,0.0,0.10422137028776379,0.0,0.5261828882266024,0.4643980172976564,0.0,0.29289837435831567,0.48584572601609377,0.44447759253001873,0.6558960161422598,0.5973100759312753,0.3507894162599015,0.20466446708248492,0.3204579218297436,0.3747403963352423,0.725362108159332,0.20859623135653999,0.5925643610664396,0.20488597645652695,0.3102645870891961
0.3007462016916162,0.11552530501805079,0.2661579116629482,0.12788129587925068,0.30048721466637324,0.26186078934727125,0.1581027937280564,0.15657142920749284,0.2924628737485614,0.24729139613532808,0.3388256083394465,0.22306466747810727,0.39476275661562565,0.09945293329268173,0.2383589796148411,0.2993454018347648,0.35349365999571564,0.26314551361950084,0.3473845507330844,0.2711828261324938,0.24951881522551755,0.22774890999177488,0.2691610806457728,0.4169583203765794,0.17016694784401432,0.2411628561281475,0.23117903621967795,0.6054496576634559,0.420818258416927,0.0,0.36120912080744183,0.3413556108555152,0.12380217987357583,0.22597489977535112,0.0,0.28768574719087503,0.07120106377433671,0.08909151753163505,0.10569336894040589,0.04851801250101853,0.10739534457120349,6.439348279325963e-06,0.17881032616909256,0.008832188841465957,0.15021371089162328,0.26662966017125406,0.06626615544415965,0.3097614347008682,0.2098674676147817,0.20546064161195368,0.1981221809790046,0.23480674779968855,0.12478707358455882,0.271664959019453,0.08429473492100423,0.18898088261842122,0.15330453117364878,0.2480388590905793,0.01145609730299707,0.2211056547932258,0.23914245101785786,0.2706729959938647,0.27177454958753217,0.2837445408530376,0.20180983874348957,0.275865726783034,0.25668975395840954,0.24446268359908482,0.3668335468856252,0.044271478297211536,0.2312531230960983,0.21161700318370374,0.5014100141881358,0.2298139260719353,0.2525224133595406,0.2903393325332658
