0.0,0.1291512924339684,0.2059645791152839,0.1843778550700994,0.23307314764134465,0.17306176946977322,0.20942742049534774,0.17612207234753252,0.21690373682051836,0.5129905284373887,0.26518585425638486,0.1725409780718657,0.18596556177656226,0.08544648789431733,0.35451312333540036,0.40252457548758735,0.18609375059521463,0.19667904305436648,0.2112680236866437,0.3066295646259197,0.6746101653806504,0.31328518911662495,0.41201531723860385,0.417275908278854,0.36505562839494904,0.3313035362977015,0.22657718813059058,0.17841211796744844,0.45520463290790864,0.2705711431190047,0.6330224358964538,0.01712906873186243,0.3011175434302334,0.12409970751123837,0.0,0.15043043172259926,0.0,0.264111328277643,0.027040851541209943,0.22001043482305976,0.02788320535708197,0.0,0.0,0.0,0.11569050417660068,0.7863695949921543,0.2949946249475388,0.28835841641148174,0.10115074292650175,0.21611145097918266,0.2550898828004507,0.4206939957293528,0.31210285044446007,0.23586042106306196,0.4345899019059525,0.2648550416810763,0.1715497504052807,0.32174126864613906,0.05603288341836768,0.2357445981455506,0.24505358078926498,0.04713633830386452,0.12542381514224124,0.2259262090491398,0.22460466192873887,0.6237619642789173,0.3582678171497334,0.42060106835636646,0.492615550304056,0.37040369979097115,0.5715959416044919,0.21325997747226047,0.2735865478890124,0.44315644110653085,0.3671224911030211,0.5183586924713213
0.1291512924339684,0.0,0.5203777568755714,0.2793427358796181,0.40582531344502937,0.7993803393081801,0.5592089317117017,0.6522059852035338,0.4997122380146517,0.5121777556590693,0.3933946858136661,0.6495699922338362,0.7686005948517591,0.21979880823509582,0.5985645300487972,0.2899059212272467,0.4400590787228959,0.395943200236063,0.4617444697700658,0.6297759579447234,0.24559245298169305,0.6892398923121101,0.6419917278098849,0.320064379419254,0.5923302216039826,0.8479319407538727,0.5865151908398948,0.6163822795447533,0.28333062029965206,0.35151751318613444,0.1610081739985741,0.0,0.06652439463362991,0.0,0.0,0.3572336172266496,0.0,0.14034870838426106,0.0,0.0,0.0,0.0,0.24604850873290438,0.0,0.29795757755490826,0.0,0.7733901422254021,0.4725173257720624,0.0,0.3795450420621698,0.687813149417969,0.18628722254091995,0.6573824365947297,0.5035674098268459,0.47864545538091496,0.44106191185668564,0.6601799911390058,0.48908273103505034,0.14719585465562168,0.5309856552990846,0.0745726852012952,0.5097728480585993,0.0,0.451399740484056,0.6560300600791682,0.007777527255708405,0.5997434625594302,0.5996762393355886,0.187735220437868,0.2555823116517577,0.5811333444433863,0.5910959172750648,0.5193796670270897,0.2922172669513423,0.44169737499620354,0.2045108369917747
0.2059645791152839,0.5203777568755714,0.0,0.35306988867354333,0.7627739593549682,0.5703755698757287,0.5916190839563928,0.5459071729282485,0.7623377936836768,0.3830123135083307,0.838807740755608,0.6089848518672396,0.5453970598714497,0.3743172789295039,0.664938707158203,0.14520724880483787,0.3103832963178651,0.028047341749124377,0.9356156754738891,0.6938440347918468,0.26814140977504075,0.6266783207803935,0.6747317646992628,0.1910016093292946,0.2476139199171852,0.6278963535748934,0.7204960196042561,0.5526884756855781,0.4230320752235103,0.6076602084143008,0.340397728592194,0.0,0.0,0.0,0.0,0.29782410326927206,0.0,0.09560169381124475,0.0,0.0,0.0,0.0,0.0,0.05819175557289047,0.1749465560828033,0.10668154401629326,0.45001411858024415,0.9382683323792307,0.0,0.7065886454428205,0.47709912897994056,0.3011816561669237,0.5574213622500179,0.7572934313884895,0.37446491631150697,0.8543818831418779,0.4597316581938848,0.3221173212772428,0.4285025692623421,0.6342472519250427,0.0,0.17901011880991435,0.0,0.9067060014311612,0.7340976857820618,0.0,0.5864460940214624,0.6657393429916875,0.10444205732249295,0.0,0.5215196069183706,0.5931182212161998,0.4297424765226151,0.4559292000960622,0.5644866318253101,0.13047468588015684
0.1843778550700994,0.2793427358796181,0.35306988867354333,0.0,0.6101080433698118,0.3639674448205943,0.47947013118498394,0.3224052590428628,0.5211056014412079,0.41413692733801377,0.4496087424062384,0.49726099049280803,0.47043849849517205,0.26482976527046914,0.40904756594620323,0.09450426236588787,0.3524736942365033,0.0797627656091982,0.4578980606069598,0.43796488380032095,0.14890593522947243,0.3738744318007782,0.35919128825606106,0.11446777250998992,0.19183248411818654,0.37644385499954375,0.4527242613026813,0.4945302008844781,0.2743824872572089,0.28484162276833125,0.3324677923150002,0.0,0.005295991847597964,0.0,0.0,0.48430524672516306,0.22187626703390875,0.12939652262227697,0.0,0.0,0.0,0.0,0.08900749767609689,0.11728811647362287,0.03279821152678722,0.17221843491266373,0.26070431607043865,0.38119140157586384,0.17452809838412509,0.5468357218632471,0.3356395502376223,0.34159679407273297,0.3709772872221756,0.46929679629328885,0.4734758410957518,0.40637086072147754,0.39209539522354164,0.2974659725267407,0.2968251896220485,0.35557126044765275,0.0,0.3812358906144564,0.0,0.4084199328628094,0.46334621011034133,0.04930628742318684,0.36944470382366057,0.4244654158313113,0.14781695514019053,0.057371569841005304,0.3014840000722888,0.450089566730354,0.3638681448984823,0.28348573233583796,0.27926371584940857,0.21515409834454302
0.23307314764134465,0.40582531344502937,0.7627739593549682,0.6101080433698118,0.0,0.5284581793533427,0.7857948144465879,0.48963009220611786,0.896030475846403,0.4776777137556606,0.8656037388415062,0.6701851376570735,0.6125257701058874,0.4100645013847442,0.5972396073961161,0.07530047578431745,0.4259399737084839,0.0,0.8045672069369136,0.6597249837801854,0.24353350279945998,0.601542291687087,0.5682398641578625,0.15472516019676122,0.13997962836217553,0.5554921353167703,0.7372403022731382,0.5906405874396627,0.4587512956162574,0.5275731080076821,0.4354223378804446,0.0,0.0,0.0,0.0,0.4050418234553902,0.078837330806556,0.13333388152640221,0.0,0.0,0.0,0.0,0.0,0.0,0.13657710567429346,0.16660137917114198,0.3806117358648496,0.7606633015137675,0.10301973398544263,0.9235813047194192,0.42857235139028715,0.5120785970113234,0.5143552979658214,0.9016531086588824,0.46085602233071066,0.8407837463560578,0.464111573781059,0.43256668604681264,0.5144451331365568,0.5082640983641185,0.0,0.24337665079181936,0.0,0.7561135509368838,0.6872584807858347,0.0,0.5163065622468487,0.5405447412918263,0.135665302248433,0.0,0.49707910610818395,0.5698187096171781,0.4128274166297709,0.48542049541185817,0.4275029265596758,0.13486755048488483
0.17306176946977322,0.7993803393081801,0.5703755698757287,0.3639674448205943,0.5284581793533427,0.0,0.5589910949890943,0.6785779804879085,0.7041694539299307,0.5239889135323137,0.42331623301217447,0.6538250788938462,0.8453617642379998,0.248973953411171,0.7251342233722619,0.24626757377735636,0.43703701178295906,0.3783925780022763,0.5703818662789096,0.772800439822251,0.2831894528107828,0.6933019412925621,0.7401881304912477,0.38269008929029413,0.6061581447241552,0.8058545401119461,0.7735751311653181,0.6746594809197841,0.490469865914847,0.3792742846471504,0.18178754137229133,0.0,0.0,0.0,0.0,0.5102072114535174,0.06985390183442453,0.12853368142544677,0.0,0.0,0.0,0.0,0.2795074901383613,0.030733430841262788,0.21729122846708232,0.020329611088648003,0.7312206042380993,0.5761296237782552,0.0,0.45442514744220847,0.8733784415543976,0.25324634101494536,0.6256577034901781,0.6618872530167095,0.47128749601662967,0.46961061898848694,0.7194937686782468,0.56428134729909,0.14699811379340785,0.6282045698779999,0.15611467809801777,0.5935237063650409,0.0,0.5371879237092091,0.7325313920125318,0.03886631961194409,0.6403150927020398,0.6777432905385505,0.22774036144495516,0.3182024310328596,0.5940097194574137,0.736129541007247,0.5683676147806094,0.4098003371764056,0.3902556927517009,0.18680677571372412
0.20942742049534774,0.5592089317117017,0.5916190839563928,0.47947013118498394,0.7857948144465879,0.5589910949890943,0.0,0.5790400344317415,0.7356869419125247,0.4660030688055959,0.6866423605015886,0.7318016169797736,0.7298567025317403,0.3769806074825034,0.5087092502825855,0.025705272099523446,0.33960384573512176,0.0,0.6058018197311598,0.5338596728184277,0.27835069092668074,0.5615044408477027,0.5903528323486661,0.2621141082231668,0.27300895268980435,0.5743692582211353,0.6826588805049907,0.6007729491008627,0.41085272755284113,0.45108123862691485,0.381335565743439,0.0,0.07747652130113589,0.0,0.0,0.3748277350936894,0.018593071781831894,0.17269823636725332,0.0,0.0,0.0,0.0,0.023037833719097733,0.0,0.24252993352387003,0.17156286176134505,0.4823712719672299,0.6871528710317573,0.0,0.7396060177826369,0.4530525047522345,0.506179976748899,0.55930303958677,0.77271386622635,0.4818260995300563,0.657386622068901,0.5114928954000194,0.4490385912337638,0.4663260631388717,0.4076254968071755,0.0,0.29151002161654405,0.0,0.6017550810468042,0.5347707995024206,0.0,0.4463093174989928,0.5511894581237905,0.15579976652797053,0.03685590876598052,0.5609964078247045,0.5205003393699055,0.4524136278120412,0.41397894047037986,0.45293850851071304,0.16036825412312328
0.17612207234753252,0.6522059852035338,0.5459071729282485,0.3224052590428628,0.48963009220611786,0.6785779804879085,0.5790400344317415,0.0,0.5225540125276834,0.4762001568317574,0.5362498940482648,0.8141094372878606,0.6204768021357647,0.3550721540568429,0.48122510217985426,0.01934694990576194,0.3096690055869639,0.0,0.5081219887828405,0.4799994332068274,0.3441327095922574,0.45509012410477157,0.8009219281600927,0.5687402345078121,0.384826615434466,0.7428699619055029,0.5631659966455531,0.5334928086516668,0.1459076285022418,0.38457325590765395,0.18826768606397024,0.0,0.09465274345261611,0.0,0.0,0.47813293458911643,0.0,0.10994130129993261,0.0,0.0,0.0,0.0,0.23499930275370393,0.0,0.2832799140241764,0.03560807840051998,0.5932661891330808,0.5625058831933455,0.0,0.4799960135879961,0.5684571492154817,0.1993967550345072,0.8686970134737032,0.5306482215777162,0.4628958535899247,0.579809498564957,0.7541530359096447,0.2935436505467103,0.34384677615555886,0.43163979446907014,0.0,0.433141396992198,0.0,0.4979543197961013,0.46776364338711607,0.08126387624816545,0.4361620510750579,0.7276416688516225,0.35349573890806496,0.19068118874630277,0.5981245811791926,0.4878708404479333,0.4049135663987604,0.13686920111710238,0.42266877419068977,0.12940780193509638
0.21690373682051836,0.4997122380146517,0.7623377936836768,0.5211056014412079,0.896030475846403,0.7041694539299307,0.7356869419125247,0.5225540125276834,0.0,0.48419826100350205,0.7948417877016637,0.6332999320644777,0.6887626202992333,0.33746516284567174,0.7109484385108373,0.09575627734268452,0.4235067428871244,0.08716219097689118,0.8101419957479907,0.7844047514592339,0.26487243878110023,0.6743727999470284,0.6481650056427009,0.20723060976890348,0.2756925802284486,0.6396521381944078,0.8593162960711754,0.6424481546842531,0.4893943450821763,0.4721132081549061,0.34175210825899205,0.0,0.0,0.0,0.0,0.4785836323527,0.016809197207387216,0.17433758261438917,0.0,0.0,0.0,0.0,0.006468204430006508,0.0,0.20194728408948726,0.11760390894190778,0.5008843786884991,0.7494828178033546,0.0,0.8018865893842206,0.5649749926724136,0.4430750930731188,0.5190274613291703,0.9625047830942789,0.4417057105755794,0.7560215957656218,0.5318888213933102,0.4218585155965616,0.37134986618849974,0.607195646176679,0.0,0.34753476651136705,0.0,0.7740763542710782,0.7515236477535888,0.0,0.5921047686437008,0.5937836163661406,0.15406233717870638,0.014311239303293088,0.5206013277127244,0.74075440516013,0.4453765432956803,0.49190539933934246,0.39736680125704577,0.1796023809438751
0.5129905284373887,0.5121777556590693,0.3830123135083307,0.41413692733801377,0.4776777137556606,0.5239889135323137,0.4660030688055959,0.4762001568317574,0.48419826100350205,0.0,0.41174577850157934,0.5948404420089203,0.5618197352287546,0.18038846914830015,0.5202499658350552,0.34224636042114837,0.6054798170897427,0.3390849346130976,0.3862500190234056,0.5267522418617974,0.6348655939586678,0.5327531962028615,0.5740744452407862,0.4610498010126518,0.48186882176068446,0.642638636811514,0.45126294444430737,0.4958625525913296,0.41741078640863455,0.454620274441236,0.5633559790838613,0.0,0.19662754987519923,0.0,0.0,0.25877016977184863,0.06076407181272517,0.1771410330534618,0.0,0.045765691977857015,0.0,0.0,0.09268459530365246,0.0,0.17650751130076694,0.5151444010849792,0.6008297293733249,0.4495579460099469,0.0,0.4619035147451731,0.4824597053442353,0.3961614816220004,0.5769971769981705,0.4509453733701251,0.8691636126270234,0.47229506621704986,0.5870422410871496,0.573013762728479,0.14821602223523242,0.4040475769605506,0.23273449457030565,0.5394309772198688,0.1444892472664856,0.3956882317256628,0.5212877528061187,0.4324604905669286,0.617195568803556,0.5415322454794292,0.48054500741024464,0.40039536382054325,0.7050142787684646,0.4251053349561047,0.4952868654010125,0.4360718743308658,0.546698320769545,0.45734014487474045
0.26518585425638486,0.3933946858136661,0.838807740755608,0.4496087424062384,0.8656037388415062,0.42331623301217447,0.6866423605015886,0.5362498940482648,0.7948417877016637,0.41174577850157934,0.0,0.6480954716037666,0.5142553701382697,0.38573556566853107,0.5256837401899003,0.008418877158489602,0.31835185153568263,0.0,0.880637300234,0.5330293527093631,0.31432743437447785,0.4838688857705068,0.6408193429642637,0.15902329896797607,0.11581830094388007,0.5262168260475024,0.6414972715398402,0.5201985180085602,0.3158258725919968,0.5249765694283509,0.394740910319371,0.0,0.015621173262780286,0.0,0.0,0.26931117819630246,0.0,0.16649936359500203,0.0,0.0,0.0,0.0,0.0,0.0,0.165750239985576,0.15693730484639304,0.3784483417903629,0.8350827536762762,0.05603435330962287,0.8212126963469725,0.38164827743522206,0.46943840082643573,0.5533074338040862,0.812531876886612,0.44141811859095753,0.9582386651450403,0.4244728285360967,0.34082100499491874,0.5264020078448557,0.4648403195208253,0.0,0.16769044724529908,0.0,0.8411858362259852,0.5822544387110076,0.011898532871639694,0.4391957908001223,0.6141842400235005,0.1215862517559447,0.0,0.5154657225747549,0.478988796218345,0.3548547368794828,0.38133124476992764,0.4795410898796164,0.13636191820939222
0.1725409780718657,0.6495699922338362,0.6089848518672396,0.49726099049280803,0.6701851376570735,0.6538250788938462,0.7318016169797736,0.8141094372878606,0.6332999320644777,0.5948404420089203,0.6480954716037666,0.0,0.7026077290225369,0.432179180467616,0.5323392624079933,0.002164366660326239,0.4746719623671516,0.0,0.5687537725148342,0.5566153619580521,0.22328906736793627,0.5162316558325429,0.702969519995956,0.46218612764788775,0.26402921890762426,0.7515914824848805,0.5805823969996858,0.6210668508712007,0.24409480635792807,0.4702093124173977,0.2581283922742241,0.0,0.0743815905795388,0.0,0.0,0.46097199013008894,0.1001723177136929,0.020144631946992453,0.0,0.0,0.0,0.0,0.1410968488542014,0.0,0.23848780642991982,0.09907442051520222,0.5234704760251592,0.6377182086563453,0.0,0.6670511004053801,0.48537534569461505,0.24261630089786235,0.7501279471006261,0.6319273666481384,0.5964503843544724,0.664367017370139,0.8319333254243869,0.38580559060910624,0.4745703494271717,0.4535503221757733,0.0,0.4805620733961574,0.0,0.566914645157311,0.568517055565343,0.0,0.5103121136113475,0.6373681816874616,0.3696488007720022,0.03300878250877029,0.6736754374829366,0.46150307683120984,0.46063069364025205,0.2294394791337951,0.4810980376188984,0.09216365828751368
0.18596556177656226,0.7686005948517591,0.5453970598714497,0.47043849849517205,0.6125257701058874,0.8453617642379998,0.7298567025317403,0.6204768021357647,0.6887626202992333,0.5618197352287546,0.5142553701382697,0.7026077290225369,0.0,0.21224188592386645,0.6690085615542992,0.2848166658216267,0.5230930844484158,0.43242839141132894,0.5563928315431473,0.7100907646700596,0.254722416868074,0.6816637234092379,0.6337617380671643,0.3190968080682204,0.4550976920508554,0.7568440511130141,0.6683673441034339,0.8538050073668569,0.4949432047956982,0.4793421268796887,0.2600655010548423,0.0,0.0,0.0,0.0,0.534582918713815,0.03239709048819328,0.1470339148396508,0.0,0.0,0.0,0.0,0.28377900037747444,0.038268643063676014,0.2439370325047996,0.07578735150460791,0.6487575104923867,0.5887636297776265,0.0,0.5379190587492055,0.7171556805227974,0.3765366266111313,0.6334683323685207,0.6713668068732163,0.565251370582626,0.5248609918042434,0.6891884002168425,0.7050025561095563,0.22276076819836668,0.580877958276133,0.15851178252043518,0.6340354861899129,0.09491442709457393,0.5195611974129931,0.6915583576324644,0.0,0.6243357962673256,0.6163476910930404,0.18784047835985387,0.1948416506727414,0.5842753034525998,0.6154000755065216,0.7275458038423057,0.437420201635704,0.5122692997542484,0.2737324759371663
0.08544648789431733,0.21979880823509582,0.3743172789295039,0.26482976527046914,0.4100645013847442,0.248973953411171,0.3769806074825034,0.3550721540568429,0.33746516284567174,0.18038846914830015,0.38573556566853107,0.432179180467616,0.21224188592386645,0.0,0.29955564395464807,0.0,0.009193848615382819,0.0,0.3708020687616606,0.3048982029361545,0.038901711217900675,0.29184094768667906,0.3955404491762568,0.1361973740883422,0.10674720563821048,0.32310970214403445,0.36437448112139437,0.1661824148784527,0.17822136722716614,0.2572227444003933,0.20410662392112983,0.0,0.008451780621427013,0.0,0.0,0.2500379022245454,0.04436812484688531,0.0,0.0,0.0,0.0,0.0,0.0,0.09447075048340671,0.0,0.05038010404324504,0.20777313483584806,0.3401573760267825,0.03610033025412235,0.38450258432375156,0.19326440520521626,0.15610822227113738,0.32603862922418014,0.3539090964541396,0.12156447538148005,0.3984114345174333,0.2592381149599321,0.02942531955433407,0.5744099154205164,0.30511439143545244,0.0,0.0,0.0,0.3700049738030826,0.3599465962489151,0.0,0.2241967617569437,0.3862793536269373,0.08849246468075829,0.0,0.3134762616263156,0.29974169843073195,0.12563371639606655,0.2107347380361172,0.1006184992478676,0.0
0.35451312333540036,0.5985645300487972,0.664938707158203,0.40904756594620323,0.5972396073961161,0.7251342233722619,0.5087092502825855,0.48122510217985426,0.7109484385108373,0.5202499658350552,0.5256837401899003,0.5323392624079933,0.6690085615542992,0.29955564395464807,0.0,0.3791240164887999,0.4516191288670206,0.3300944408156051,0.6685468386986164,0.9174311787803389,0.417579582168712,0.8265531650309893,0.6383209813211261,0.21601190046353158,0.45030301764490377,0.6884107944095977,0.7745379284110187,0.6937108157222736,0.5875013929545371,0.5415011932970277,0.46353815935081416,0.0,0.0,0.0,0.0,0.5229746348784399,0.08534122993736937,0.1019401761415947,0.0,0.0,0.0,0.0,0.18531031389206054,0.0778227839388841,0.1531855921441024,0.1784128332747784,0.5870030651881468,0.656621787655992,0.0,0.5619793059617951,0.6614584626803441,0.27065858619512606,0.5573929405800091,0.6926242845124576,0.4551203655788666,0.5615004144409113,0.5220965444763058,0.5079622666491445,0.2140475864412028,0.8749782804502626,0.08789105011018286,0.41258669459166697,0.011838977091557623,0.6306550289438043,0.8903672494793712,0.18506653797961048,0.7952401662679718,0.6675153369734536,0.16465739176218186,0.1303638527049852,0.58072585942047,0.7231731384978943,0.6413337685180698,0.6024736253899201,0.5253168327010146,0.26582991498955155
0.40252457548758735,0.2899059212272467,0.14520724880483787,0.09450426236588787,0.07530047578431745,0.24626757377735636,0.025705272099523446,0.01934694990576194,0.09575627734268452,0.34224636042114837,0.008418877158489602,0.002164366660326239,0.2848166658216267,0.0,0.3791240164887999,0.0,0.3965126121456787,0.7425938947370668,0.1596996329850927,0.39215494897005504,0.34559968089408055,0.5514723692029599,0.14032642663449474,0.1361832628377572,0.40325025423240324,0.2680040385963214,0.14722458830091506,0.32558299678536246,0.49099412672301296,0.37237510561998505,0.4478662139539878,0.14777352661264614,0.14468964939261897,0.13430592119449267,0.0,0.14555519875275513,0.07624270397497636,0.2673924911434291,0.09390557976191412,0.05552672099036238,0.03759764323305112,0.016112445587312244,0.16897889801494204,0.0522191381079975,0.0,0.409635610169315,0.27743568300109844,0.14097710713822248,0.3086758047385442,0.040090734753903345,0.23935859329624923,0.2747808681801836,0.14112696591449458,0.0703161140074797,0.24791104501042693,0.0,0.10123279858567152,0.42328469978537253,0.0,0.34659693823768806,0.545447737609542,0.11356551186994013,0.39046314647191654,0.13257300297104613,0.3507704614367729,0.39748025095094786,0.5152903711862584,0.18366187936732029,0.1649577650528672,0.3349368158933242,0.2589870525311437,0.1648428109530753,0.43950817932138825,0.4327534546593083,0.4301460566958875,0.42439291060077117
0.18609375059521463,0.4400590787228959,0.3103832963178651,0.3524736942365033,0.4259399737084839,0.43703701178295906,0.33960384573512176,0.3096690055869639,0.4235067428871244,0.6054798170897427,0.31835185153568263,0.4746719623671516,0.5230930844484158,0.009193848615382819,0.4516191288670206,0.3965126121456787,0.0,0.5091019182907,0.35158468548011357,0.4926086419829329,0.23462380902501634,0.49450050055070427,0.2207910168093759,0.2949000473597243,0.2572335695285728,0.4271794993821058,0.3210215514082693,0.6108950197361699,0.30713304051480006,0.40459263602255413,0.3356023148168883,0.0,0.008614926802973738,0.0,0.0,0.2744222944583218,0.3154555756391302,0.05830671303373247,0.0,0.0,0.0,0.0,0.3259121974675707,0.07462545562066121,0.06533011151536214,0.27339727004937897,0.28993402580897804,0.2984064999508524,0.2511442804590077,0.46462135219948997,0.2805789532143286,0.26439271422213806,0.31841304796609626,0.37845083974556887,0.5670844997508452,0.29395394897200927,0.5237748392556082,0.5759481147036378,0.06792844537444317,0.3989019705784056,0.27826476301780273,0.47052953450541735,0.1700950862683424,0.3014401013114367,0.48613728245279775,0.17253745667036358,0.5376688134647694,0.22314826500921645,0.24807768227768784,0.09030671452099437,0.3153111078614912,0.3078216789836118,0.546058503910539,0.3140114778664803,0.5055968472762182,0.23093493191598324
0.19667904305436648,0.395943200236063,0.028047341749124377,0.0797627656091982,0.0,0.3783925780022763,0.0,0.0,0.08716219097689118,0.3390849346130976,0.0,0.0,0.43242839141132894,0.0,0.3300944408156051,0.7425938947370668,0.5091019182907,0.0,0.05311149280537811,0.36617145383882044,0.1997271903092003,0.43865144005562234,0.0586351437191224,0.14120062096212332,0.4192674616546579,0.3779812784048905,0.13258647998746975,0.3846374664409638,0.3630643820802553,0.19330668298489898,0.16874575358473848,0.038102142858616184,0.04041393682641295,0.07486846351855393,0.0,0.17876543150978905,0.0657784055269477,0.20399256379538433,0.0030706309637619222,0.0,0.0728964622861784,0.0,0.30908999895051503,0.09662040577774791,0.05524918924823853,0.2005494003363769,0.29777335252249576,0.043053299734001405,0.17656215656647192,0.0,0.3463754873357783,0.17311496045926433,0.09062993578257976,0.016769983114784948,0.26227503156455845,0.0,0.17401281968819288,0.48479791034012565,0.0,0.3093403879044245,0.5821014881009772,0.3901137284752791,0.5654788081700126,0.01978063197240848,0.3074280878736796,0.327633930456313,0.40235338438966084,0.10297665796221045,0.05145970704378877,0.3387687586274425,0.18398854132632997,0.18564326639944345,0.45527444055839744,0.25212533845628643,0.295235340370892,0.2294757229315155
0.2112680236866437,0.4617444697700658,0.9356156754738891,0.4578980606069598,0.8045672069369136,0.5703818662789096,0.6058018197311598,0.5081219887828405,0.8101419957479907,0.3862500190234056,0.880637300234,0.5687537725148342,0.5563928315431473,0.3708020687616606,0.6685468386986164,0.1596996329850927,0.35158468548011357,0.05311149280537811,0.0,0.7050241787281417,0.24697226613886236,0.6417034814765068,0.6779297306538948,0.11398766948166775,0.22958863042606514,0.5916705561442033,0.7289894663263422,0.5634830272055844,0.4276289439807891,0.5716094847373989,0.3893134574009519,0.0,0.0,0.0,0.0,0.3447470970403984,0.0,0.12368904252708307,0.0,0.0,0.0,0.0,0.0,0.04571568341255067,0.13694232844050702,0.10951828846436876,0.43235792988062727,0.8686835064995262,0.016943164652113193,0.7042244937377814,0.4980514182361649,0.35692164328461323,0.5431038817317841,0.7971999669319045,0.36779298126250837,0.8449911652860098,0.4265225604179772,0.3474515563919195,0.453944297460141,0.6134614173386912,0.0,0.22529017545590066,0.0,0.9574061231440831,0.7215540060429506,0.0,0.5615475080598304,0.6839151914733533,0.0977165688977176,0.0,0.4866085484773325,0.609577532075864,0.4062872631659405,0.4746477524670246,0.5349064350827625,0.16083418249727485
0.3066295646259197,0.6297759579447234,0.6938440347918468,0.43796488380032095,0.6597249837801854,0.772800439822251,0.5338596728184277,0.4799994332068274,0.7844047514592339,0.5267522418617974,0.5330293527093631,0.5566153619580521,0.7100907646700596,0.3048982029361545,0.9174311787803389,0.39215494897005504,0.4926086419829329,0.36617145383882044,0.7050241787281417,0.0,0.31841549578930706,0.9004315240653507,0.6172059927858302,0.24178870125027713,0.48242353556148954,0.7201383301423705,0.8246641267726258,0.7400750501701658,0.5990162879846739,0.5328066864952433,0.4112320694442752,0.0,0.0,0.0,0.0,0.5641803610290865,0.11720522397449563,0.10693180782465396,0.0,0.0,0.0,0.0,0.24222496928300405,0.10603778692318266,0.22265647477695882,0.17479946394623513,0.5762289237647116,0.6735100962599856,0.0,0.5908145909130247,0.6537925925467019,0.2596990043254783,0.526077790837723,0.7380468901195728,0.4835537229847615,0.560481095139937,0.5720228251389211,0.50038630092308,0.1998516747000617,0.7809161507671623,0.10248170764398193,0.46428040577767515,0.0,0.6323187662208745,0.958698255633998,0.07220605078057257,0.8277892336305563,0.6305850540796848,0.15001178385672087,0.11705473831499719,0.5387735609680641,0.7883111456085984,0.6867979754621077,0.6347738816286281,0.5028191071600693,0.2807875441374306
0.6746101653806504,0.24559245298169305,0.26814140977504075,0.14890593522947243,0.24353350279945998,0.2831894528107828,0.27835069092668074,0.3441327095922574,0.26487243878110023,0.6348655939586678,0.31432743437447785,0.22328906736793627,0.254722416868074,0.038901711217900675,0.417579582168712,0.34559968089408055,0.23462380902501634,0.1997271903092003,0.24697226613886236,0.31841549578930706,0.0,0.33892079152236254,0.5215796982520979,0.3456241081249556,0.4373107714546933,0.3533118506991741,0.306363978081124,0.20388068110309143,0.4302359937259977,0.3434194997968348,0.5846237139717478,0.0587372930259461,0.29154172883598184,0.04735439703404193,0.0,0.09501353544082339,0.0,0.20098448178933168,0.06255300100474759,0.08762460581580045,0.0,0.0,0.0,0.0,0.10927437978389605,0.6348001164494491,0.49327839570870013,0.33607304375203145,0.02599830451239829,0.21384343345150575,0.3656203549236812,0.4529678245646694,0.4609706553807302,0.290332768941852,0.5544375852456921,0.3334928207967613,0.1905158178530131,0.433404216564268,0.05339782990548163,0.2897983700351505,0.23047854461689476,0.13804103026694167,0.18499120735146224,0.271653258776656,0.2942232087944328,0.7095820774335762,0.4180588485535902,0.4626205224746037,0.3876419081975126,0.410233927097598,0.5535577477729131,0.23050820302571393,0.2753967783923056,0.400720020830793,0.37673899687594314,0.4149341023654278
0.31328518911662495,0.6892398923121101,0.6266783207803935,0.3738744318007782,0.601542291687087,0.6933019412925621,0.5615044408477027,0.45509012410477157,0.6743727999470284,0.5327531962028615,0.4838688857705068,0.5162316558325429,0.6816637234092379,0.29184094768667906,0.8265531650309893,0.5514723692029599,0.49450050055070427,0.43865144005562234,0.6417034814765068,0.9004315240653507,0.33892079152236254,0.0,0.5645007313818556,0.1594632906776516,0.5370352177013377,0.67641216021989,0.7627567164226248,0.6683876852851394,0.6425130620904363,0.5360694734355317,0.5075121043133031,0.0,0.0,0.0,0.0,0.4747218513960674,0.10166185045226568,0.139132556456446,0.0,0.0,0.0,0.0,0.1930979891287831,0.05218777619356166,0.18349723564564735,0.2243699608979944,0.6218060574978366,0.5953943766414459,0.0662177521226309,0.5527826508497226,0.5957547908194722,0.3785024306293536,0.5214759423511343,0.6459612915285998,0.47631392774614445,0.5023828037547536,0.5179311399949084,0.514081256295095,0.26739969141017705,0.7090137659017681,0.105943656626517,0.3905719014606266,0.0,0.5960840164582115,0.9036361364533645,0.07913463446456342,0.8660260885640445,0.5895138121363659,0.153128840676143,0.19906876734855733,0.5233394724420176,0.7113817700627337,0.617831761246987,0.6631158757797777,0.5228084832560107,0.3776759502390551
0.41201531723860385,0.6419917278098849,0.6747317646992628,0.35919128825606106,0.5682398641578625,0.7401881304912477,0.5903528323486661,0.8009219281600927,0.6481650056427009,0.5740744452407862,0.6408193429642637,0.702969519995956,0.6337617380671643,0.3955404491762568,0.6383209813211261,0.14032642663449474,0.2207910168093759,0.0586351437191224,0.6779297306538948,0.6172059927858302,0.5215796982520979,0.5645007313818556,0.0,0.5003464444662661,0.5243222626531288,0.7545776861196182,0.7350497326342594,0.48005648156195313,0.4142078594941621,0.401611980681097,0.3143520913379235,0.0,0.05768788188289228,0.0,0.0,0.393751820863,0.0,0.17728623720985787,0.0,0.0,0.0,0.0,0.07906644561612562,0.0,0.31085445569831616,0.20854782148478787,0.7125724879584849,0.7168894703069906,0.0,0.507335665428227,0.738950445246394,0.34239787839561325,0.8058770777558011,0.6763135129158295,0.5061892000891328,0.6906032005393412,0.626212787653514,0.37993706934490284,0.3667597372347827,0.5447771341502071,0.0,0.37227575007760355,0.0,0.6806517243135918,0.5678084431943314,0.23040188171158227,0.5181322742925131,0.9344328061370448,0.4045497155201403,0.34884277572960654,0.7164740867644628,0.6514799667049005,0.3903213606729047,0.3812182258009632,0.4511541093797283,0.25868095237041405
0.417275908278854,0.320064379419254,0.1910016093292946,0.11446777250998992,0.15472516019676122,0.38269008929029413,0.2621141082231668,0.5687402345078121,0.20723060976890348,0.4610498010126518,0.15902329896797607,0.46218612764788775,0.3190968080682204,0.1361973740883422,0.21601190046353158,0.1361832628377572,0.2949000473597243,0.14120062096212332,0.11398766948166775,0.24178870125027713,0.3456241081249556,0.1594632906776516,0.5003464444662661,0.0,0.39874338396244735,0.45061055793662175,0.24922245046295477,0.28756769924188813,0.13193264683250544,0.2090412924140667,0.13734435672978984,0.0,0.18996745271650184,0.0,0.0,0.3214387406928295,0.02868456037671195,0.12285852710443435,0.0,0.10447474821047767,0.08610311068015977,0.0,0.348997135120155,0.0,0.3149502628787113,0.35322042210644145,0.2873327995469339,0.25376011546419835,0.0,0.12156175554196992,0.3568025956035658,0.1038907054557434,0.5362641857157673,0.16565754984993783,0.37967088050853637,0.20392975241527986,0.5858113428550167,0.15962307123452038,0.07777354381637229,0.1651126728179874,0.1562656147694095,0.2756733989109972,0.04097573131547977,0.08473058294174535,0.208747937851539,0.32145674956568515,0.24951205358309994,0.457908591352702,0.7413535168114009,0.3334896273613743,0.48321657592643547,0.3018167086584904,0.3170699858030601,0.10743270976701359,0.3401258496958043,0.2812647836371067
0.36505562839494904,0.5923302216039826,0.2476139199171852,0.19183248411818654,0.13997962836217553,0.6061581447241552,0.27300895268980435,0.384826615434466,0.2756925802284486,0.48186882176068446,0.11581830094388007,0.26402921890762426,0.4550976920508554,0.10674720563821048,0.45030301764490377,0.40325025423240324,0.2572335695285728,0.4192674616546579,0.22958863042606514,0.48242353556148954,0.4373107714546933,0.5370352177013377,0.5243222626531288,0.39874338396244735,0.0,0.5023473260862062,0.48094803963607424,0.2945150708834395,0.4345078103002247,0.18026291145677895,0.17611886951792827,0.0,0.14725117179799202,0.0,0.0,0.2785066975183035,0.013312733078949632,0.21060428212130602,0.0,0.0,0.04913917382240543,0.0,0.2520206378439645,0.0,0.3261186053762597,0.1826543240683506,0.6178082336850264,0.2503297878954458,0.0,0.06470778001032088,0.6769860385872166,0.23328860964892442,0.45532427407748155,0.2115234197681914,0.44766566415999365,0.13014701849459975,0.4566766537843181,0.33517289381567916,0.0,0.38309854264002524,0.41343628659097836,0.42707624166045083,0.2944967616170733,0.18221514349430132,0.4184477633659327,0.4099403406900077,0.4960814987050839,0.5295559112033423,0.3564573123614437,0.8023120041134433,0.39095438288827056,0.5770740871543789,0.36910381698087713,0.3932756618444264,0.3326055487291411,0.42140264157192475
0.3313035362977015,0.8479319407538727,0.6278963535748934,0.37644385499954375,0.5554921353167703,0.8058545401119461,0.5743692582211353,0.7428699619055029,0.6396521381944078,0.642638636811514,0.5262168260475024,0.7515914824848805,0.7568440511130141,0.32310970214403445,0.6884107944095977,0.2680040385963214,0.4271794993821058,0.3779812784048905,0.5916705561442033,0.7201383301423705,0.3533118506991741,0.67641216021989,0.7545776861196182,0.45061055793662175,0.5023473260862062,0.0,0.6754317825305693,0.6107225940727967,0.3531515117427885,0.44010386782253413,0.290225378033637,0.0,0.0424543976364872,0.0,0.0,0.4196099295459032,0.0,0.11487410283117983,0.0,0.0,0.0,0.0,0.1848226332241181,0.0,0.22525757617113326,0.17553864656436025,0.7359122760889654,0.5966904939890723,0.0,0.5290705168932699,0.7181069754923509,0.21356462190472447,0.7195579113128308,0.6280445429844883,0.5774380853558891,0.558032883655684,0.7337328469301108,0.5182184100744296,0.26098162404194625,0.6223116683518221,0.0,0.5786022097243857,0.0,0.5631859410327192,0.7228825823439708,0.1192314924248627,0.634299493014066,0.6905802669266641,0.36039368628118007,0.21925871334711003,0.7987731636201638,0.6379453930939631,0.5288644118618182,0.3564500974899625,0.47386135367256704,0.19805924572037048
0.22657718813059058,0.5865151908398948,0.7204960196042561,0.4527242613026813,0.7372403022731382,0.7735751311653181,0.6826588805049907,0.5631659966455531,0.8593162960711754,0.45126294444430737,0.6414972715398402,0.5805823969996858,0.6683673441034339,0.36437448112139437,0.7745379284110187,0.14722458830091506,0.3210215514082693,0.13258647998746975,0.7289894663263422,0.8246641267726258,0.306363978081124,0.7627567164226248,0.7350497326342594,0.24922245046295477,0.48094803963607424,0.6754317825305693,0.0,0.5482304217932609,0.5676063948564855,0.3480340742906914,0.2962898629403058,0.0,0.0,0.0,0.0,0.5190617797425937,0.02470334856146028,0.14705628923101083,0.0,0.0,0.0,0.0,0.11808742562526119,0.0,0.2525868751300848,0.06832937733539746,0.6136936035729545,0.6947165508821955,0.0,0.6337301525831457,0.6870625198339924,0.3937030049872422,0.5523254771619451,0.8401880202657401,0.40984277469560604,0.6629644334982849,0.5298761327138665,0.3529090309775738,0.29687422083844994,0.575496449844835,0.0,0.378015323157542,0.0,0.69960212796338,0.7694203126925577,0.0,0.598444324652133,0.6859525285321414,0.14378935095523124,0.14522867512278625,0.53919514900469,0.9183456420465124,0.4339282946598109,0.5556096246010309,0.31190572752452933,0.1928728468290486
0.17841211796744844,0.6163822795447533,0.5526884756855781,0.4945302008844781,0.5906405874396627,0.6746594809197841,0.6007729491008627,0.5334928086516668,0.6424481546842531,0.4958625525913296,0.5201985180085602,0.6210668508712007,0.8538050073668569,0.1661824148784527,0.6937108157222736,0.32558299678536246,0.6108950197361699,0.3846374664409638,0.5634830272055844,0.7400750501701658,0.20388068110309143,0.6683876852851394,0.48005648156195313,0.28756769924188813,0.2945150708834395,0.6107225940727967,0.5482304217932609,0.0,0.4799647505513624,0.6662590230224784,0.2967108556165549,0.0,0.0,0.0,0.0,0.6228391131294899,0.14335552902064763,0.07041365562478394,0.0,0.0,0.0,0.0,0.347087641762843,0.1310973673302845,0.18931989039348499,0.1189204905124667,0.4515633952741548,0.6027113095091112,0.06675343896029454,0.5877639223703375,0.5176168572609248,0.2975754821519215,0.5483858339498453,0.6136197130941292,0.5371300247639162,0.5253782091082424,0.6354603979137321,0.6424441707054322,0.19618226984240378,0.6674369158356924,0.20544193610449746,0.5704916365749444,0.1276000002609651,0.49442822513388024,0.7300900846541769,0.035885651919241646,0.7054694616650818,0.5389918080106515,0.1494438521373,0.07749306528076491,0.467051835409229,0.5191106134162125,0.935994642258803,0.43848438445498383,0.6680860263151374,0.2795325404034933
0.45520463290790864,0.28333062029965206,0.4230320752235103,0.2743824872572089,0.4587512956162574,0.490469865914847,0.41085272755284113,0.1459076285022418,0.4893943450821763,0.41741078640863455,0.3158258725919968,0.24409480635792807,0.4949432047956982,0.17822136722716614,0.5875013929545371,0.49099412672301296,0.30713304051480006,0.3630643820802553,0.4276289439807891,0.5990162879846739,0.4302359937259977,0.6425130620904363,0.4142078594941621,0.13193264683250544,0.4345078103002247,0.3531515117427885,0.5676063948564855,0.4799647505513624,0.0,0.5220256933090067,0.49904765200336154,0.0,0.1124794661862359,0.0,0.0,0.32445436759541113,0.15292409883792923,0.16790955838610142,0.0,0.0,0.0,0.0,0.0,0.11265981329577285,0.01589870813561084,0.45623381021267084,0.40443326798554724,0.5195666967153844,0.21661730373234678,0.4126150718693399,0.48938795907663174,0.5919213339610727,0.23247747369967486,0.49650641401021123,0.4204312334487199,0.36526215931150097,0.23585118280490178,0.5624365427088382,0.16888902174305587,0.49690480661705483,0.32880809370585096,0.19660327310814318,0.2593209695798225,0.40790217105938753,0.5555102544900807,0.2650158746242353,0.6348098028396874,0.43039348888736984,0.12880146988541785,0.2881625406542102,0.5010567857071416,0.45908197962624714,0.5020768734453775,0.8395444084777166,0.45353927724855025,0.4008661702732993
0.2705711431190047,0.35151751318613444,0.6076602084143008,0.28484162276833125,0.5275731080076821,0.3792742846471504,0.45108123862691485,0.38457325590765395,0.4721132081549061,0.454620274441236,0.5249765694283509,0.4702093124173977,0.4793421268796887,0.2572227444003933,0.5415011932970277,0.37237510561998505,0.40459263602255413,0.19330668298489898,0.5716094847373989,0.5328066864952433,0.3434194997968348,0.5360694734355317,0.401611980681097,0.2090412924140667,0.18026291145677895,0.44010386782253413,0.3480340742906914,0.6662590230224784,0.5220256933090067,0.0,0.5405581280000179,0.0,0.10071024429429282,0.0,0.0,0.23209424865849984,0.1321774519271368,0.01502577066630048,0.0,0.0,0.0,0.0,0.0,0.007468104545163445,0.08896006533635625,0.3572043365675517,0.3617900435992486,0.6173409514990358,0.23611446414517162,0.5663625042927167,0.2739524903887372,0.31986311858526323,0.42424241644001365,0.47915678737006323,0.4814728572974868,0.540699062325982,0.3993392028860247,0.48257424630002865,0.29366516577452206,0.5868823413418864,0.0797690787390653,0.23938209286689993,0.014915194505958268,0.5467025913106845,0.626378913440758,0.14633867290905886,0.6631736935032555,0.4188792203725167,0.12903948969439788,0.06851690971629759,0.4977705202314316,0.24107223480484508,0.6470340370378138,0.5220043276563172,0.8026992430514321,0.31212724960000376
