0.0,0.5733457348519823,0.11626031523890523,0.29450560492340416,0.0,0.10022376041941308,0.0,0.13789226994987866,0.0,0.04230288573451024,0.0,0.0,0.31437957082496787,0.0,0.5080789662742322,0.650013022503664,0.5561854461743868,0.556524383494531,0.316770129417002,0.2506433676528449,0.5246988242142318,0.7336817100203079,0.31331860901930436,0.6261506972436658,0.5943915920125222,0.3976915994465834,0.1556009295177639,0.04578047409057734,0.2788193418283139,0.14277274071182908,0.0,0.5469225864709927,0.41327685908827105,0.16670848128160337,0.4254802073283399,0.0,0.0,0.49948601767857476,0.37800087253564724,0.40095690642379295,0.280494052444204,0.26914717038359853,0.0,0.0,0.10096299272278675,0.8294283474015942,0.5188244145072836,0.0,0.0,0.0,0.0,0.0,0.0,0.0,0.46522736862113434,0.0,0.4271400327829535,0.0,0.0,0.34476736823500576,0.5962658861306509,0.2788578703490494,0.48591872799978286,0.28529636799127345,0.06345628789257185,0.44879200362176525,0.33272421289308524,0.16587215042205908,0.6217399860737804,0.5935772232047247,0.7148143611602332,0.0,0.0,0.0,0.05312297135026561,0.19370025652157155
0.5733457348519823,0.0,0.0,0.2532758013126672,0.0,0.02569243852934855,0.0,0.045979720100187804,0.0,0.0,0.0,0.0,0.29624362799592596,0.0,0.6405996042619816,0.7156188511242529,0.6101581455353923,0.7916587920083314,0.24955525331991,0.0,0.16061332517272178,0.6533364603865923,0.3453876282422422,0.5874800216715493,0.7619245836211594,0.5957772154744625,0.03337448434681356,0.0,0.0,0.2043624127046102,0.0,0.5530929669573329,0.38682990424625574,0.024073732888218832,0.6859732630367122,0.0,0.0,0.44668271517415703,0.2005437918102725,0.43985585236666147,0.34279373085430626,0.5715967337791634,0.0,0.0,0.0,0.43682108836514894,0.9168872300616107,0.0,0.0,0.0,0.0,0.0,0.0,0.0,0.6144250000467625,0.0,0.6642797618357841,0.0,0.0,0.6969272138054001,0.5071227507796322,0.10495183822392268,0.4373017007986204,0.282183780901627,0.06419069108300324,0.16887041588894863,0.2555093057878253,0.05635508119810978,0.5539577627791548,0.6608504350733048,0.8139748399546609,0.0,0.0,0.0,0.0,0.13198439929878586
0.11626031523890523,0.0,0.0,0.0177229191448931,0.4286622586372735,0.7338003805829602,0.4439444687850804,0.6813607139929685,0.7290416408242633,0.19298596808191462,0.5427632159862492,0.27610996434051843,0.4006934536280536,0.15527013494208297,0.2782414041825019,0.0,0.0,0.0,0.7038464397668789,0.6155897555856311,0.21253994356566422,0.22984921152093726,0.6354834929526829,0.20578350591236882,0.14098982010321245,0.30389683263817524,0.6728791002344586,0.2408723179356431,0.5971260949584466,0.14587123670245314,0.2328913213564352,0.0,0.0735103655385619,0.22456006172249904,0.0,0.1581831833454943,0.024858406929890595,0.0,0.0,0.1055619863374693,0.0,0.0,0.37245216652904906,0.2834214722707893,0.0,0.0,0.0,0.7391621946434641,0.0,0.35867784547289694,0.5255488294699415,0.37249612905665286,0.6027310467908997,0.6377028134087463,0.00458118213091796,0.5453342271983045,0.25631139239462164,0.34906414646352285,0.2333441348616847,0.03832639228578488,0.0,0.0,0.0,0.5269416317686225,0.5085987607720821,0.0,0.30374715716116585,0.595131594198781,0.0,0.010288048505492475,0.0,0.6312632608032367,0.22973361083602548,0.2349741892311648,0.2236798046927887,0.0
0.29450560492340416,0.2532758013126672,0.0177229191448931,0.0,0.0,0.12801469964596218,0.44562387944459647,0.16203572924408777,0.0,0.20324644069546804,0.0,0.0495785334752967,0.6499714150224518,0.0,0.1400861118822606,0.35787440838534823,0.42128103377541937,0.2614552149978372,0.0,0.098271116206843,0.6124781508354783,0.30177252543611766,0.2305438574099296,0.2723266555520059,0.22247983881469896,0.1910371314264319,0.09400099308636231,0.12516332037608763,0.02529564448053781,0.3056027527034187,0.021480839359448084,0.37440806126367265,0.5030230376247378,0.5064121949944383,0.5076029299620188,0.0,0.0,0.24507159819943997,0.2363309939292289,0.4759144828151574,0.4187441951365879,0.24159331625134822,0.0,0.0,0.18468049925517632,0.21569599586943122,0.3259372045442388,0.0,0.25694489279487825,0.0,0.14997751620758112,0.29116566727105386,0.0,0.0,0.45741522575626725,0.0,0.2776689213635073,0.17295451523034816,0.0,0.10893379238492161,0.3655768017684533,0.3117928269044832,0.3680571409996956,0.0,0.08884486197051682,0.5534553798264692,0.2897767006825201,0.3188592240879348,0.41996362839479895,0.26231261923644245,0.3981711738119489,0.0515784736337436,0.13977867337953603,0.0,0.07833881571886803,0.4325638746262383
0.0,0.0,0.4286622586372735,0.0,0.0,0.3660583050757913,0.4702633662951806,0.37739560300499747,0.796431405804063,0.3468221313331212,0.861811910668225,0.4610344088198447,0.1727980580597696,0.7854635482317364,0.0,0.0,0.0,0.0,0.10749076659271528,0.3551537107447311,0.0512798507544949,0.0,0.04536230304699518,0.0,0.0,0.0,0.32508049668519823,0.45942763652525254,0.3668844025313096,0.0,0.520357054990506,0.0,0.0,0.0900329141562604,0.0,0.7602978143348968,0.563153863452243,0.0,0.0,0.0,0.0,0.0,0.55083628878114,0.5329428622694123,0.0,0.0,0.0,0.5914641905497283,0.2913350321937494,0.8409602309334543,0.6303650813422953,0.7138921591775234,0.5674464604477696,0.7900111479736593,0.0,0.8755290558103798,0.0,0.7023548288137179,0.624322618158647,0.0,0.0,0.0,0.0,0.0,0.23069906530670145,0.0,0.06482036535953395,0.2779134159007587,0.0,0.0,0.0,0.49450571441853,0.6659078195351187,0.46740848181036937,0.4016720668097985,0.0
0.10022376041941308,0.02569243852934855,0.7338003805829602,0.12801469964596218,0.3660583050757913,0.0,0.48179849373392974,0.6876694129695398,0.6448807995469106,0.052934054562092936,0.40808947951124597,0.17349770708416815,0.49308857169479514,0.05428899666312895,0.2939904025651193,0.0,0.0,0.0,0.6800138783030774,0.4842632926607108,0.15689942524298836,0.26112875560564186,0.692025245573162,0.2237739522359091,0.1718412184968895,0.24295960000707234,0.681926685832077,0.16086707097221628,0.5031473745920783,0.0,0.055005604768211674,0.0,0.10715166528241254,0.18220928237339673,0.0,0.07609170053779915,0.0,0.0,0.026270761234834877,0.23275585161153622,0.0,0.007520315476016712,0.23101123161213744,0.27437509089438017,0.0,0.0,0.08005848165263924,0.6095431889802876,0.046938603811252165,0.3145715646929774,0.7227207140576565,0.32761178182370154,0.494416160525344,0.5678792043845343,0.014776572160920043,0.4367758242848776,0.16068493213456542,0.24198885038775228,0.16976279936446087,0.03380277299914225,0.0,0.0,0.0,0.2549036384940898,0.36170361529597966,0.0,0.11965319625408302,0.7040762962678748,0.0,0.014057737632034217,0.08572632659509749,0.6508730333190438,0.07923573950543064,0.039238448705462226,0.003731388163118743,0.0
0.0,0.0,0.4439444687850804,0.44562387944459647,0.4702633662951806,0.48179849373392974,0.0,0.47579642401968264,0.44438730894676487,0.43642592852367657,0.24588533693085474,0.3945344663466793,0.734581358786503,0.39748529821602707,0.1418825985197105,0.0,0.03792420714965977,0.0,0.14508942987453824,0.34294145173520957,0.3142722025536659,0.048794383446488954,0.36816700494890003,0.0,0.07899894534245824,0.3241673630419483,0.4282120922573407,0.11782834826024602,0.26718153452395177,0.12043534604273345,0.16155145443856744,0.0,0.3966354701959951,0.4312076202667886,0.2546671128196216,0.033728530039002336,0.0,0.0,0.0,0.48090403994268993,0.08657166801324159,0.04468113746654601,0.15843513757995226,0.0,0.0,0.0,0.06845050915362116,0.26021979017172087,0.0,0.3382027907336934,0.4298081160665371,0.7877710094837179,0.45248983476831517,0.46928601989079205,0.30997606974791764,0.2303524540979746,0.2710234118861484,0.4667778607838893,0.316528869095718,0.0,0.0,0.08260612825429692,0.0,0.0,0.35801248362389637,0.13701228174296404,0.3639779443852487,0.4825775922371192,0.0,0.03778191073537185,0.0,0.43178400226754066,0.24773330021154455,0.18508332060456076,0.092187486933027,0.2830212476936734
0.13789226994987866,0.045979720100187804,0.6813607139929685,0.16203572924408777,0.37739560300499747,0.6876694129695398,0.47579642401968264,0.0,0.48541413154067625,0.2920068735040852,0.39388298453912374,0.378736607725085,0.5014568617999013,0.26998725162911985,0.12516913905696206,0.0,0.0008756475715700485,0.009084796885951346,0.4994489868097878,0.441569873921719,0.32550902583926095,0.12200427206577419,0.7836453271652739,0.29061103801825505,0.21044420041067147,0.47329746351478247,0.3875965515148928,0.21067459970869562,0.4399001605721735,0.07735787795190158,0.12641637697122426,0.0,0.34160517162802984,0.3453573411339942,0.0,0.1509223236569866,0.10001597429936417,0.0,0.0,0.28857302638404136,0.0,0.0,0.3375594090194078,0.1258117544763887,0.0,0.0,0.017435895336495533,0.4301547517234083,0.054161191548827176,0.2826978747392673,0.5442445573873331,0.45117230297392624,0.7989891606782681,0.438188793566165,0.16237419128340266,0.3888868450759847,0.3037114387261174,0.45527927332711404,0.2349626057305265,0.0,0.0,0.15134571769298616,0.0,0.48173424905963164,0.43333320619058446,0.17618998191425636,0.33723826714869604,0.7277622675831774,0.0,0.14256855747076944,0.10227288664755929,0.36330571255362437,0.23810648883179433,0.2397717077844245,0.2838430039722543,0.0794679943768909
0.0,0.0,0.7290416408242633,0.0,0.796431405804063,0.6448807995469106,0.44438730894676487,0.48541413154067625,0.0,0.20815866570991315,0.8609077049716714,0.35309070901044376,0.21028372849125615,0.4468247793015655,0.0,0.0,0.0,0.0,0.3949848276701695,0.5660508304613605,0.0,0.0,0.2764798524600487,0.0,0.0,0.0,0.6115739665924291,0.38778226482649986,0.553808794642908,0.0,0.42914797172055286,0.0,0.0,0.05231292411378864,0.0,0.5580248505450187,0.2956640254556552,0.0,0.0,0.0,0.0,0.0,0.5945405776622009,0.584488928191057,0.0,0.0,0.0,0.8970613197108726,0.20310561181459744,0.6741484448812254,0.6268631762104302,0.5086878314230202,0.5902698811579091,0.8843247141360631,0.0,0.8401673893648438,0.0,0.5380599434585642,0.421115210349136,0.0,0.0,0.0,0.0,0.13646698494449283,0.3683097238009636,0.0,0.07850201661650358,0.3949524574648765,0.0,0.0,0.0,0.7280567386753825,0.44277566005029645,0.36112380915087466,0.3090008768450636,0.0
0.04230288573451024,0.0,0.19298596808191462,0.20324644069546804,0.3468221313331212,0.052934054562092936,0.43642592852367657,0.2920068735040852,0.20815866570991315,0.0,0.29129910135689313,0.819680109730216,0.48283580260266673,0.31163035723764404,0.0,0.01629294745190868,0.5373570384708015,0.22189016429710245,0.0,0.29102191799145716,0.1339311614488803,0.038803631383617865,0.1406089035393404,0.27159489119493513,0.3012150019633023,0.571731270778574,0.15515287986443518,0.6173445787674582,0.19845736037836545,0.27058211485362865,0.5603034589710418,0.0,0.20210948727534594,0.32010685135071265,0.0,0.2512322223480021,0.142681573150114,0.11535266541835265,0.0,0.09292815305374852,0.0,0.0,0.16771019295284226,0.06392124050692213,0.009759762273672895,0.0,0.0,0.18791551201876067,0.04369604223256861,0.27392646701076145,0.11644035858426424,0.5470104975892714,0.4018922636179678,0.3607783083442448,0.5210310479516569,0.17189582605891932,0.5410259839649006,0.4880182704126613,0.06443542229804441,0.0,0.19383697702424013,0.6324689922132443,0.34608293692601233,0.07637227550202452,0.4085228854171665,0.05009422319745238,0.5228840828718835,0.2125782156332724,0.20704878228323162,0.3298455859611485,0.09789483803264609,0.21676941779116465,0.5814864214388131,0.4204536785145494,0.5153558539257426,0.23809604142755145
0.0,0.0,0.5427632159862492,0.0,0.861811910668225,0.40808947951124597,0.24588533693085474,0.39388298453912374,0.8609077049716714,0.29129910135689313,0.0,0.4342751824909282,0.013086693098244784,0.638404961453674,0.0,0.0,0.0,0.0,0.14835910279424008,0.4135002300376182,0.0,0.0,0.08535944496229858,0.0,0.0,0.0,0.3199006143375395,0.4869691747828528,0.4397884620955973,0.0,0.5297563596401896,0.0,0.0,0.020053468656658177,0.0,0.7988398700906314,0.5376641872706995,0.0,0.0,0.0,0.0,0.0,0.6428047501841487,0.6945934924380149,0.0,0.0,0.0,0.6788516081258826,0.26695661745489474,0.7584149143504078,0.5865949846971914,0.48896021709708937,0.6044507381887283,0.8255231893692024,0.0,0.9510162156920067,0.0,0.6658577222235096,0.46004705160294557,0.0,0.0,0.0,0.0,0.10179799696746511,0.30094788347502754,0.0,0.06748271535353645,0.2566395059494119,0.0,0.0,0.0,0.5393503812436022,0.6329456342064066,0.5140775251920082,0.47068611194533566,0.0
0.0,0.0,0.27610996434051843,0.0495785334752967,0.4610344088198447,0.17349770708416815,0.3945344663466793,0.378736607725085,0.35309070901044376,0.819680109730216,0.4342751824909282,0.0,0.35980929431930647,0.5361843482821279,0.0,0.0,0.2481000124481238,0.0,0.13108388483308622,0.3248461258587263,0.007565084244780612,0.0,0.19585850316462997,0.07773746620209693,0.10623694439853931,0.4769510155358394,0.22484025197585764,0.6267441455109073,0.18690774932534523,0.27432781424072183,0.5011479878558036,0.0,0.06562712347404787,0.22861986881997287,0.0,0.4126428393646615,0.24229423246856127,0.0,0.0,0.0,0.0,0.0,0.4285031569223445,0.24866063015252843,0.0,0.0,0.0,0.3696717063934071,0.11568138667284178,0.3271962474870685,0.265138160013797,0.5520755022633888,0.530040597359436,0.4804649461884283,0.20203236265999686,0.3674826748608113,0.4628329119170381,0.5402722139375638,0.28787396282414973,0.0033735072722017867,0.0,0.3052414086594104,0.0,0.172517274839444,0.4910840338673871,0.0,0.4180544347829414,0.2863260873312421,0.0,0.009276890810574895,0.0,0.3137680519012588,0.5877424382899019,0.4014067087200334,0.4785742431974759,0.058207510959285044
0.31437957082496787,0.29624362799592596,0.4006934536280536,0.6499714150224518,0.1727980580597696,0.49308857169479514,0.734581358786503,0.5014568617999013,0.21028372849125615,0.48283580260266673,0.013086693098244784,0.35980929431930647,0.0,0.06793653118750867,0.24899588451556998,0.2874562400870565,0.5158675447487148,0.41214658755013356,0.25695034708469894,0.37565781001121784,0.48671512197923994,0.3823363440920785,0.4597056102125184,0.39772489578845527,0.440054360039599,0.5631992784025724,0.38246538338803193,0.3234407547150348,0.2939331936345527,0.24160858279382944,0.14726408283952291,0.13718312040749428,0.5051453656516244,0.47902592744823064,0.40331844836491715,0.0,0.0,0.22281480322271774,0.0,0.5075415249835462,0.20194528032823428,0.12304042446413008,0.0,0.0,0.03804342286423994,0.1137790939748445,0.2903078080577411,0.1669443572700566,0.0,0.12297308324390377,0.28920461594055924,0.536580829361841,0.31161112638694816,0.25634418546644977,0.5576400082681727,0.0,0.5494061191776073,0.33601903090444185,0.0,0.12078233679811579,0.27364392419060135,0.44156905920797224,0.3819623595197936,0.16278124035859864,0.35628179928145437,0.2764782217269936,0.4854377402124991,0.4154150013573611,0.2778006336744851,0.36698520851817834,0.36300093303618497,0.29466073257487885,0.26371385250146184,0.0951431590131151,0.1190507863312613,0.25712524240755474
0.0,0.0,0.15527013494208297,0.0,0.7854635482317364,0.05428899666312895,0.39748529821602707,0.26998725162911985,0.4468247793015655,0.31163035723764404,0.638404961453674,0.5361843482821279,0.06793653118750867,0.0,0.0,0.0,0.0,0.0,0.0,0.15051225891743097,0.0770548595748427,0.0,0.0,0.0,0.0,0.0,0.025302087286880853,0.3388741872977117,0.13347415942218138,0.0,0.4060966285054023,0.0,0.02059598468400639,0.05931079616443241,0.0,0.7510927793751415,0.5565149520628274,0.0,0.0,0.0,0.0,0.0,0.5154313734760532,0.26328853608231656,0.0,0.0,0.0,0.3184183834872938,0.29431977968972994,0.6025520895368017,0.4784882105033741,0.6265603747025523,0.5210199556433399,0.4696869816213666,0.0,0.6549679962758155,0.0,0.6450254218541951,0.7184464684281621,0.0,0.0,0.0,0.0,0.0,0.20143375821806803,0.0,0.0856866674159233,0.21533936339316498,0.0,0.0,0.0,0.2545937235848262,0.6496358009261196,0.4649854600731544,0.3809736501624153,0.14339737941438077
0.5080789662742322,0.6405996042619816,0.2782414041825019,0.1400861118822606,0.0,0.2939904025651193,0.1418825985197105,0.12516913905696206,0.0,0.0,0.0,0.0,0.24899588451556998,0.0,0.0,0.4360041112283069,0.2798079896152713,0.41737815184022475,0.4804321808431441,0.4253383346200661,0.2751612929770298,0.776065390144468,0.44752736377693236,0.37158259139044547,0.488142903395744,0.345955208445788,0.6048008641571552,0.0,0.3717852983501258,0.2850211948704482,0.0,0.38096357230582495,0.17954686132322722,0.016268894344420637,0.4842787745460911,0.0,0.0,0.10439460490156925,0.30740272134661967,0.2055737747908577,0.0,0.4025952231617493,0.0,0.0,0.0,0.283317463595452,0.6727640133437934,0.10516621538456233,0.0,0.0,0.0,0.0,0.0,0.0,0.32891295015228184,0.0,0.4918593662509243,0.0,0.0,0.841261732264719,0.2806486502318899,0.0,0.08800155826620698,0.262392472771836,0.49098134819516714,0.2579832627517375,0.48277657989544576,0.28102934930400647,0.2587051785973474,0.33322349104887916,0.5198267838902452,0.2457683575256755,0.0,0.0,0.0,0.0
0.650013022503664,0.7156188511242529,0.0,0.35787440838534823,0.0,0.0,0.0,0.0,0.0,0.01629294745190868,0.0,0.0,0.2874562400870565,0.0,0.4360041112283069,0.0,0.7948774881834039,0.8948916743486043,0.033447061503287134,0.0,0.29021158960313354,0.6395919857306459,0.09553688071372254,0.5660441739680502,0.7005739481660396,0.4038847280739991,0.0,0.0,0.0,0.20858817182153916,0.0,0.6265041137283686,0.4133844499441431,0.17294389942742772,0.6058516278175872,0.0,0.0,0.6208752761902736,0.2593669680882255,0.3830337380891091,0.49873718509794984,0.44403033341288733,0.0,0.0,0.1355556489482205,0.639728742711497,0.6273000415736756,0.0,0.0,0.0,0.0,0.0,0.0,0.0,0.5942534137834995,0.0,0.45804371309560515,0.0,0.0,0.5367182121223794,0.8429807332670567,0.4506545830561358,0.7937174551718024,0.10826722231615982,0.0,0.3175295704383513,0.29140814227009215,0.0,0.6743873785300182,0.6842528645432772,0.696947146205036,0.0,0.0,0.0,0.0,0.2764748674066489
0.5561854461743868,0.6101581455353923,0.0,0.42128103377541937,0.0,0.0,0.03792420714965977,0.0008756475715700485,0.0,0.5373570384708015,0.0,0.2481000124481238,0.5158675447487148,0.0,0.2798079896152713,0.7948774881834039,0.0,0.851385357273637,0.06676320124258905,0.0,0.28152301523159134,0.5483225544054103,0.12300110044034776,0.7031304967789007,0.7889598439174538,0.6196048581658199,0.0,0.27597729576506064,0.0,0.29237500988728643,0.0,0.4143177221523532,0.37337088595752266,0.21069876236148227,0.5522793225423686,0.0,0.0,0.6575918431311698,0.13424591245431133,0.37799707063203114,0.34634690354018693,0.1741020518817177,0.0,0.0,0.14419507882128954,0.5612254063739348,0.4893335779494209,0.0,0.0,0.0,0.0,0.0,0.0,0.0,0.8036419180885737,0.0,0.690610708110226,0.0,0.0,0.4325153186176061,0.742167398649054,0.7578116763616731,0.7497365448588527,0.1667955503246648,0.04906923130026469,0.22223077518143622,0.37273721777540103,0.0,0.779994036345748,0.7677710694629051,0.7386296396837966,0.0,0.01987964093411987,0.0,0.03840192890417149,0.272652706987809
0.556524383494531,0.7916587920083314,0.0,0.2614552149978372,0.0,0.0,0.0,0.009084796885951346,0.0,0.22189016429710245,0.0,0.0,0.41214658755013356,0.0,0.41737815184022475,0.8948916743486043,0.851385357273637,0.0,0.09107402632551814,0.0,0.1493802199130432,0.5620390848239157,0.18433688461033765,0.6548204886481819,0.839617469063046,0.6337249957347207,0.0,0.0,0.0,0.23287171661796094,0.0,0.4289083045455305,0.41547745945505526,0.16477286807442154,0.48273744932913476,0.0,0.0,0.5930172020142073,0.06827443655025951,0.3964545168860299,0.4183666069121903,0.33211869360934737,0.0,0.0,0.009215857517251735,0.4934481252337714,0.6505701859273019,0.0,0.0,0.0,0.0,0.0,0.0,0.0,0.7005581719503208,0.0,0.6457055186341306,0.0,0.0,0.5620948798853518,0.7258365160523231,0.5307968487862877,0.7347994493931703,0.214973338751203,0.0138872179683171,0.13535128040402122,0.3061451719905425,0.0,0.6564080825119614,0.7573994253953842,0.7099541011537253,0.0,0.0,0.0,0.0,0.19246077252292054
0.316770129417002,0.24955525331991,0.7038464397668789,0.0,0.10749076659271528,0.6800138783030774,0.14508942987453824,0.4994489868097878,0.3949848276701695,0.0,0.14835910279424008,0.13108388483308622,0.25695034708469894,0.0,0.4804321808431441,0.033447061503287134,0.06676320124258905,0.09107402632551814,0.0,0.5316428549917869,0.2818189858547707,0.5249430508584751,0.6229386013644148,0.3619585297264175,0.23562678649997715,0.2380666684449036,0.5947002578848557,0.16588666488913087,0.5364604494205446,0.06259391336639963,0.042467614041382856,0.1269842322615737,0.13959226479758807,0.08869105399683998,0.12313460162404816,0.0,0.0,0.013991130076067157,0.2749750577842496,0.1860431572011552,0.0,0.0,0.1841952527341097,0.35812576048273426,0.0,0.17155588068796618,0.18753213873650343,0.49889453529634886,0.08531520831844376,0.1344076728090635,0.46484783702048765,0.1345409139655699,0.278324002791214,0.39987031630769243,0.0,0.28711308659814033,0.23806431830263244,0.0008460000756171926,0.1492795300498382,0.2864241171750679,0.0,0.0,0.0,0.6359332696781517,0.43541706452662177,0.15637970531933537,0.21193096297928332,0.5639068233917505,0.06843462083769436,0.05092495738648037,0.22311298286419032,0.5013114107634904,0.0,0.071624324901464,0.0,0.0
0.2506433676528449,0.0,0.6155897555856311,0.098271116206843,0.3551537107447311,0.4842632926607108,0.34294145173520957,0.441569873921719,0.5660508304613605,0.29102191799145716,0.4135002300376182,0.3248461258587263,0.37565781001121784,0.15051225891743097,0.4253383346200661,0.0,0.0,0.0,0.5316428549917869,0.0,0.33921761684613483,0.4596016896566905,0.494028055498109,0.0877566423122495,0.11250088852435644,0.35494141205124774,0.8111749766818028,0.4059916301874257,0.8388602135687431,0.18707761992628286,0.4696183516188105,0.0,0.10095606745649348,0.1758068720321208,0.0,0.17287838411626666,0.07409452879891772,0.0,0.23118760443945555,0.0,0.0,0.0,0.3768734688172375,0.26010618727919316,0.0,0.03676473031823235,0.0,0.6421741073190895,0.12146442322887102,0.2742000048288729,0.3731491439751097,0.3699687116242445,0.4555923971748609,0.5685736637129298,0.0,0.37353043402833125,0.24617428125304075,0.38635206971620983,0.17907221283993224,0.16374812620225732,0.0,0.0,0.0,0.4272093633039266,0.832463559767204,0.17158262302335908,0.6788086033726433,0.5031143582439761,0.0,0.0,0.08379430260983967,0.7464636056808792,0.3079575021445733,0.5796943565706133,0.40602752367872846,0.0
0.5246988242142318,0.16061332517272178,0.21253994356566422,0.6124781508354783,0.0512798507544949,0.15689942524298836,0.3142722025536659,0.32550902583926095,0.0,0.1339311614488803,0.0,0.007565084244780612,0.48671512197923994,0.0770548595748427,0.2751612929770298,0.29021158960313354,0.28152301523159134,0.1493802199130432,0.2818189858547707,0.33921761684613483,0.0,0.4441742110119539,0.40672683554891903,0.22205715757502775,0.10026087047535098,0.1389180934710016,0.2609859762332356,0.16777793731967788,0.3355763589971873,0.34864201829709823,0.11121961225490207,0.3876764570535519,0.5388699172777872,0.4024541767823434,0.36953254199678054,0.0,0.0,0.22925884196285234,0.3593497468946767,0.45827948450490563,0.25754310658193247,0.028986141342672037,0.0,0.0,0.14171997019549518,0.40215396182863217,0.29449847460082107,0.0,0.24785739444733496,0.01235081425177581,0.2898854063025578,0.4148397734431385,0.1557733607964844,0.0,0.3193299262492683,0.0,0.17395416395027455,0.24483834202896135,0.14692380291950546,0.0876737228968199,0.4196624837194357,0.19604233338723814,0.32651195307773245,0.24147850293076906,0.20288696784619392,0.8799584384188323,0.45445487293253384,0.4341651227971455,0.3294760375000193,0.22855667818471984,0.45450093105474004,0.17180504427047186,0.21354931960232382,0.1765653504416247,0.22456561276309187,0.5004507490755739
0.7336817100203079,0.6533364603865923,0.22984921152093726,0.30177252543611766,0.0,0.26112875560564186,0.048794383446488954,0.12200427206577419,0.0,0.038803631383617865,0.0,0.0,0.3823363440920785,0.0,0.776065390144468,0.6395919857306459,0.5483225544054103,0.5620390848239157,0.5249430508584751,0.4596016896566905,0.4441742110119539,0.0,0.4278120114221806,0.49944645679432753,0.6024133429071801,0.4419142022670184,0.5262106935120457,0.08532122943322817,0.4791282077302759,0.2312797906595577,0.016547379531197615,0.5228952629292414,0.29656097903098527,0.12763253729314117,0.5082751075585212,0.0,0.0,0.35818536888309027,0.4677576743900679,0.2559095072098028,0.017205484695577616,0.31874643330304203,0.0,0.0,0.0413521997019813,0.5829399096047765,0.5699144053408588,0.027719752252642227,0.0,0.0,0.0,0.0,0.0,0.0,0.3875641569431892,0.0,0.5079929338279054,0.0,0.0,0.6503889847239005,0.4920492918800612,0.0773668035224104,0.32647968078193274,0.381716277264447,0.4171299264362259,0.3653730482930492,0.5457031066832609,0.26860701815236115,0.4895876478675965,0.4747896126520019,0.6783934105341787,0.23979040429257958,0.0,0.0,0.0,0.05194797826556041
0.31331860901930436,0.3453876282422422,0.6354834929526829,0.2305438574099296,0.04536230304699518,0.692025245573162,0.36816700494890003,0.7836453271652739,0.2764798524600487,0.1406089035393404,0.08535944496229858,0.19585850316462997,0.4597056102125184,0.0,0.44752736377693236,0.09553688071372254,0.12300110044034776,0.18433688461033765,0.6229386013644148,0.494028055498109,0.40672683554891903,0.4278120114221806,0.0,0.39580991336635163,0.41065691226958634,0.5509598434814584,0.5383764106630511,0.0641375155226683,0.4924183397586751,0.1847159015845131,0.0,0.02144969495442539,0.35445492503764664,0.24273096139580133,0.1362395906183193,0.0,0.0,0.0,0.0425209087247259,0.32663073299220774,0.0,0.0629037286050082,0.2034454891817547,0.005275634791801764,0.0,0.02868852655986101,0.32955601274133794,0.33092284011625217,0.0,0.0,0.4335592758867717,0.25240027947554355,0.6293899285672494,0.2564327885786841,0.25658388685864303,0.09803985470350729,0.45328837428030727,0.2211616293431864,0.07133547911123639,0.36831144370447766,0.008781457676189958,0.029280109919434943,0.011841736811735865,0.49795992120181665,0.558984834402807,0.32103384220826653,0.48165202020444553,0.8755114843695995,0.10043041243089426,0.29904552609732626,0.37413271326111264,0.3863979195256024,0.04937281675107444,0.1738494790105438,0.1602691449322069,0.08204096650068449
0.6261506972436658,0.5874800216715493,0.20578350591236882,0.2723266555520059,0.0,0.2237739522359091,0.0,0.29061103801825505,0.0,0.27159489119493513,0.0,0.07773746620209693,0.39772489578845527,0.0,0.37158259139044547,0.5660441739680502,0.7031304967789007,0.6548204886481819,0.3619585297264175,0.0877566423122495,0.22205715757502775,0.49944645679432753,0.39580991336635163,0.0,0.7387830365943493,0.5744467600177455,0.10831198722850251,0.19600329617425852,0.08927469589070486,0.2613969564072687,0.0015035381800596048,0.34803541635555424,0.34732673446625406,0.24183538585590342,0.421473171731808,0.0,0.0,0.6427396773753252,0.14936774645196732,0.3449650583267462,0.16273306271549262,0.24469665751068104,0.0,0.0,0.17882547562010706,0.561141936533138,0.4707143096593912,0.0,0.0,0.0,0.0,0.0,0.0,0.0,0.6112805541921063,0.0,0.7152022090578836,0.0,0.0,0.44777144869192376,0.5260216337244,0.43103672586471875,0.5066577385688296,0.3832297220217209,0.10262243682124939,0.18034207116824302,0.23145191811701665,0.1535237244178207,0.790304208811924,0.6762826822205512,0.7153243838481744,0.0,0.0,0.0,0.0,0.02143056978902258
0.5943915920125222,0.7619245836211594,0.14098982010321245,0.22247983881469896,0.0,0.1718412184968895,0.07899894534245824,0.21044420041067147,0.0,0.3012150019633023,0.0,0.10623694439853931,0.440054360039599,0.0,0.488142903395744,0.7005739481660396,0.7889598439174538,0.839617469063046,0.23562678649997715,0.11250088852435644,0.10026087047535098,0.6024133429071801,0.41065691226958634,0.7387830365943493,0.0,0.7658381520858484,0.10622462049952625,0.10462826874477635,0.14567152310851456,0.1856185318471892,0.0,0.2832339706227891,0.3314321212789223,0.18945632663347267,0.4739508441547875,0.0,0.0,0.5113015889377117,0.022110854430063165,0.3319005565154821,0.23538247991024985,0.3021152194316949,0.0,0.0,0.00048785284477154134,0.4663662296436436,0.5952014825550129,0.0,0.0,0.0,0.0,0.0,0.0,0.0,0.7328660282496879,0.0,0.7520374008824741,0.0,0.0,0.6118040749864712,0.5438553287227855,0.5105709319647397,0.5659993003177771,0.28650858140257957,0.1641575203064581,0.08228720631293196,0.3756457617172626,0.1562091181424459,0.6058214876953697,0.8879009228507566,0.7265849835394929,0.0,0.0,0.0,0.0,0.024358198189186275
0.3976915994465834,0.5957772154744625,0.30389683263817524,0.1910371314264319,0.0,0.24295960000707234,0.3241673630419483,0.47329746351478247,0.0,0.571731270778574,0.0,0.4769510155358394,0.5631992784025724,0.0,0.345955208445788,0.4038847280739991,0.6196048581658199,0.6337249957347207,0.2380666684449036,0.35494141205124774,0.1389180934710016,0.4419142022670184,0.5509598434814584,0.5744467600177455,0.7658381520858484,0.0,0.24103026558858456,0.24664091509887556,0.2607241400225776,0.2375448470361128,0.05974555978762425,0.09294086290720975,0.44259620468774885,0.27199054498601366,0.21808380514188633,0.0,0.0,0.24058107048755814,0.0,0.292250254184486,0.09571184244768646,0.05207273322186701,0.018747098843249738,0.0,0.0,0.11230935328084865,0.3139567936656996,0.0508939819193463,0.0,0.0,0.0,0.1989990043767691,0.39319070632214836,0.07300246423641407,0.6226929742111097,0.0,0.8079267075085228,0.11606281105672978,0.0,0.45550059987264413,0.3077140676051783,0.5353946290834642,0.4301402160619436,0.4142653447083245,0.5114714566010885,0.041575569959833775,0.648722683788554,0.3523571034723154,0.36485353341081217,0.6287456637149962,0.5233269849168198,0.11781153671198868,0.11909139848680803,0.21364146344448587,0.2663213863192243,0.13718920281702607
0.1556009295177639,0.03337448434681356,0.6728791002344586,0.09400099308636231,0.32508049668519823,0.681926685832077,0.4282120922573407,0.3875965515148928,0.6115739665924291,0.15515287986443518,0.3199006143375395,0.22484025197585764,0.38246538338803193,0.025302087286880853,0.6048008641571552,0.0,0.0,0.0,0.5947002578848557,0.8111749766818028,0.2609859762332356,0.5262106935120457,0.5383764106630511,0.10831198722850251,0.10622462049952625,0.24103026558858456,0.0,0.2533902231424853,0.6933956736793644,0.11811813738442539,0.26384668498203634,0.0028635705663027644,0.010348191248843286,0.0747017455451104,0.05023221602067342,0.03359313350319389,0.0,0.0,0.20029483212997284,0.05686600160386156,0.0,0.0,0.2262921197173971,0.2015923484048422,0.0,0.0,0.0868814767897722,0.682390217062665,0.0,0.2957499525054581,0.44734538787032596,0.3585363662634447,0.33697251798080147,0.610258045953175,0.0,0.33688580467643303,0.21711986008387116,0.2018069760051577,0.16387940484696384,0.3072204653497923,0.0,0.0,0.0,0.22344448958515323,0.7163528798019589,0.09203634361081742,0.4595690682465676,0.5739960866240309,0.0,0.0,0.09132546728494878,0.8642384708291133,0.10929879454717906,0.3037835286623394,0.09332114622835704,0.0
0.04578047409057734,0.0,0.2408723179356431,0.12516332037608763,0.45942763652525254,0.16086707097221628,0.11782834826024602,0.21067459970869562,0.38778226482649986,0.6173445787674582,0.4869691747828528,0.6267441455109073,0.3234407547150348,0.3388741872977117,0.0,0.0,0.27597729576506064,0.0,0.16588666488913087,0.4059916301874257,0.16777793731967788,0.08532122943322817,0.0641375155226683,0.19600329617425852,0.10462826874477635,0.24664091509887556,0.2533902231424853,0.0,0.3417253579339971,0.1992247629740257,0.7138535559101641,0.0,0.0,0.15751902188754646,0.0,0.5602675287017915,0.5154853627954763,0.09842044624541738,0.12817766660276755,0.0,0.0,0.0,0.35938521933862533,0.5010937743791815,0.2068427917739628,0.02739689683390273,0.0,0.4242780302177958,0.4585111257708143,0.3633273562664178,0.32133640632036775,0.3667619804607414,0.34707329900047684,0.4900960150274326,0.0,0.45676874081137914,0.08858067720197119,0.5142081953248385,0.18950744633276564,0.0,0.04855213680068676,0.38270104425599816,0.09166059785964081,0.15012868507392385,0.36301784235825524,0.10463476888727688,0.3454802234629975,0.1527025936641055,0.13357672717260996,0.0071207315412796235,0.0,0.3940528827839076,0.7531717741284051,0.4841355864035579,0.5439728339452338,0.0
0.2788193418283139,0.0,0.5971260949584466,0.02529564448053781,0.3668844025313096,0.5031473745920783,0.26718153452395177,0.4399001605721735,0.553808794642908,0.19845736037836545,0.4397884620955973,0.18690774932534523,0.2939331936345527,0.13347415942218138,0.3717852983501258,0.0,0.0,0.0,0.5364604494205446,0.8388602135687431,0.3355763589971873,0.4791282077302759,0.4924183397586751,0.08927469589070486,0.14567152310851456,0.2607241400225776,0.6933956736793644,0.3417253579339971,0.0,0.15536978290363893,0.465587064766713,0.0,0.09820256112111696,0.25038265973933743,0.0,0.2288284088534639,0.11280784776538172,0.0,0.16269132157717062,0.0,0.0,0.0,0.40691600929799726,0.29286750419311774,0.0,0.08477984466655702,0.0,0.5457729659162003,0.19324124209872956,0.22658515682935232,0.4174659074621148,0.3387972864030681,0.4489663609259529,0.49735497134705653,0.0,0.4037598491986207,0.12955382061990534,0.41834863649206977,0.1273961779767138,0.07891112712837839,0.0,0.0,0.0,0.46651853604596716,0.6490075831681843,0.22548566149403915,0.5579014889732109,0.4838724028673935,0.0,0.04795584367781103,0.036075178046807876,0.617519545008424,0.29656935555410313,0.6054278841986241,0.44136729569494854,0.0
0.14277274071182908,0.2043624127046102,0.14587123670245314,0.3056027527034187,0.0,0.0,0.12043534604273345,0.07735787795190158,0.0,0.27058211485362865,0.0,0.27432781424072183,0.24160858279382944,0.0,0.2850211948704482,0.20858817182153916,0.29237500988728643,0.23287171661796094,0.06259391336639963,0.18707761992628286,0.34864201829709823,0.2312797906595577,0.1847159015845131,0.2613969564072687,0.1856185318471892,0.2375448470361128,0.11811813738442539,0.1992247629740257,0.15536978290363893,0.0,0.16579071852335397,0.0,0.14072648678438457,0.2607564822475525,0.2064134462751154,0.0,0.0,0.015437579828189552,0.014706436827989597,0.05236056205208785,0.14909476773056832,0.2158415884466685,0.007648134215093277,0.0,0.14422554700143295,0.030405146059872934,0.19302738269743389,0.05764592507297167,0.0,0.0,0.0,0.14884351361570067,0.07012468639393646,0.0,0.335399114615031,0.0,0.41884913190319634,0.08567843661091032,0.0,0.3328924910964224,0.34971724435763046,0.19477356071397753,0.22159188508477123,0.23357919851534972,0.3264650581350288,0.3492230775208371,0.43480435224021513,0.07941132277322929,0.20406408804644183,0.16708555315555257,0.22467004397559537,0.0147082046245946,0.17580326944402289,0.16597921543689276,0.2715189721848726,0.36713660454008124
0.0,0.0,0.2328913213564352,0.021480839359448084,0.520357054990506,0.055005604768211674,0.16155145443856744,0.12641637697122426,0.42914797172055286,0.5603034589710418,0.5297563596401896,0.5011479878558036,0.14726408283952291,0.4060966285054023,0.0,0.0,0.0,0.0,0.042467614041382856,0.4696183516188105,0.11121961225490207,0.016547379531197615,0.0,0.0015035381800596048,0.0,0.05974555978762425,0.26384668498203634,0.7138535559101641,0.465587064766713,0.16579071852335397,0.0,0.0,0.0,0.2623098527719038,0.0,0.5843023505356594,0.46578128915098027,0.0,0.03516966915604304,0.0,0.0,0.0,0.39343148489559177,0.4518905337994323,0.18469267752693544,0.0,0.0,0.4231924822086134,0.3533149214944503,0.38259568055075094,0.23837306286084836,0.40086297224872247,0.3161804638021069,0.4948613796996567,0.0,0.4786343519662401,0.0,0.5024213700158355,0.12831502102717207,0.0,0.0025388808617884395,0.2282414349236731,0.029348146012163567,0.08065603997903328,0.3730230560212466,0.038057412634508736,0.34225929519090625,0.04786908689157793,0.0,0.0,0.0,0.38076901175373007,0.6469232733984531,0.6258624513072503,0.5516560175551033,0.0
0.5469225864709927,0.5530929669573329,0.0,0.37440806126367265,0.0,0.0,0.0,0.0,0.0,0.0,0.0,0.0,0.13718312040749428,0.0,0.38096357230582495,0.6265041137283686,0.4143177221523532,0.4289083045455305,0.1269842322615737,0.0,0.3876764570535519,0.5228952629292414,0.02144969495442539,0.34803541635555424,0.2832339706227891,0.09294086290720975,0.0028635705663027644,0.0,0.0,0.0,0.0,0.0,0.39143647165576834,0.0,0.6922425874218618,0.0,0.0,0.47622371537445646,0.6840534360724402,0.4144003670649301,0.3236612456467147,0.3672513790469527,0.0,0.0,0.14437170630413573,0.6337025604084668,0.5870286315175401,0.0,0.0,0.0,0.0,0.0,0.0,0.0,0.3066133403751857,0.0,0.17444106264540454,0.0,0.0,0.3770656981008954,0.48069701046200086,0.035871144048042564,0.3607894222490724,0.025105655404459304,0.0,0.41695377751411455,0.0747118099937352,0.0,0.5878692067360916,0.34279725041592296,0.6855820077591936,0.0,0.0,0.0,0.0,0.1951659184857324
0.41327685908827105,0.38682990424625574,0.0735103655385619,0.5030230376247378,0.0,0.10715166528241254,0.3966354701959951,0.34160517162802984,0.0,0.20210948727534594,0.0,0.06562712347404787,0.5051453656516244,0.02059598468400639,0.17954686132322722,0.4133844499441431,0.37337088595752266,0.41547745945505526,0.13959226479758807,0.10095606745649348,0.5388699172777872,0.29656097903098527,0.35445492503764664,0.34732673446625406,0.3314321212789223,0.44259620468774885,0.010348191248843286,0.0,0.09820256112111696,0.14072648678438457,0.0,0.39143647165576834,0.0,0.5599277312477495,0.486326182010557,0.0,0.0,0.26513923722394256,0.17892800943309367,0.7652563354527729,0.5825052075008665,0.24893663096253965,0.0,0.0,0.01953745470601989,0.21217364097969915,0.42516266519684676,0.0,0.0,0.0,0.05902060206835767,0.3470315022239483,0.1449734963684793,0.0,0.5878309743979966,0.0,0.45995627019685303,0.13667054788763475,0.04817072207294229,0.127778007920311,0.39851566825898777,0.34252734736854296,0.48285874434456505,0.25028839701333816,0.13110222040055813,0.4668079798539227,0.42290740506579166,0.2980083858696576,0.35783402638358974,0.4184408781196839,0.48237283834171474,0.0,0.0022108471136719765,0.0020111756123359914,0.09701238511214264,0.6500530309077577
0.16670848128160337,0.024073732888218832,0.22456006172249904,0.5064121949944383,0.0900329141562604,0.18220928237339673,0.4312076202667886,0.3453573411339942,0.05231292411378864,0.32010685135071265,0.020053468656658177,0.22861986881997287,0.47902592744823064,0.05931079616443241,0.016268894344420637,0.17294389942742772,0.21069876236148227,0.16477286807442154,0.08869105399683998,0.1758068720321208,0.4024541767823434,0.12763253729314117,0.24273096139580133,0.24183538585590342,0.18945632663347267,0.27199054498601366,0.0747017455451104,0.15751902188754646,0.25038265973933743,0.2607564822475525,0.2623098527719038,0.0,0.5599277312477495,0.0,0.19493077286504318,0.0,0.02495660855371476,0.0770528381155659,0.0,0.3549343611433018,0.42654779768365453,0.15792591692107422,0.12385507217723925,0.0,0.27363802772218215,0.0,0.053729484914075684,0.0,0.23867976429940396,0.0,0.16660491925023202,0.4052789321324624,0.3128930148218711,0.02697656662158282,0.3307224841189894,0.0,0.299511059870853,0.4062128980530707,0.0,0.0,0.24257857214598944,0.3451275175240436,0.27582754374663576,0.1983525815041544,0.14791181378537233,0.30758081781199154,0.37635484851073137,0.27966562887230717,0.10805872812309467,0.21113973545661918,0.12818547903233504,0.07710013962003384,0.2535878407344522,0.25598223482492555,0.30592008216493716,0.3598532362926339
0.4254802073283399,0.6859732630367122,0.0,0.5076029299620188,0.0,0.0,0.2546671128196216,0.0,0.0,0.0,0.0,0.0,0.40331844836491715,0.0,0.4842787745460911,0.6058516278175872,0.5522793225423686,0.48273744932913476,0.12313460162404816,0.0,0.36953254199678054,0.5082751075585212,0.1362395906183193,0.421473171731808,0.4739508441547875,0.21808380514188633,0.05023221602067342,0.0,0.0,0.2064134462751154,0.0,0.6922425874218618,0.486326182010557,0.19493077286504318,0.0,0.0,0.0,0.3576109436976028,0.2438118221422374,0.6742242344569651,0.506867110684163,0.684886713935073,0.0,0.0,0.026292282703396327,0.37860468232310834,0.746848452616886,0.0,0.0,0.0,0.0,0.0,0.0,0.0,0.5804180412221461,0.0,0.517272336971031,0.0,0.0,0.48103836105805997,0.43680571419718456,0.01148488538192647,0.34057544485836877,0.0,0.0,0.3266305675087555,0.10695840125469519,0.014217635182341898,0.4829487683602468,0.41622473825637546,0.6207538936857947,0.0,0.0,0.0,0.0,0.34673064858126684
