0.0,0.5911821391329407,0.4409534415193073,0.1722146710225903,0.40301944589109245,0.46091497178598045,0.3854407798020455,0.41505062069453025,0.6193919320390829,0.4969128925635645,0.4284203680520638,0.2510431789038924,0.5118085980641649,0.2887282009779327,0.5820509587448753,0.5950497660943375,0.5598531688558286,0.43788662440740894,0.5998299898678517,0.7210674865517726,0.734325601732454,0.6823231507875746,0.4503520364010518,0.5239246020415398,0.6238730923959495,0.5856721160483929,0.5720929982453725,0.5565106643720601,0.6409189162577966,0.4255501094948736,0.5800546470364478,0.33086191734722464,0.34840365751024066,0.36693025927600165,0.0,0.15040087556720988,0.06321603156584771,0.12496551663663717,0.07890384753162298,0.47045546686347395,0.23009247747571282,0.0,0.33184400568944916,0.3390171070634164,0.2879137959884684,0.7429089519222853,0.46056839317354714,0.5826028649461509,0.39180384769738824,0.4326170090877051,0.3899988725819213,0.46658011039239633,0.3877318351921711,0.5877298470038235,0.4302140967215506,0.456606761189549,0.36322266310572593,0.4885134832448781,0.17515379401368625,0.4648241054614907,0.3891414300007803,0.45497688253151664,0.28868221101310626,0.5743734856298743,0.43018585930333997,0.7411447367195039,0.42406417237846256,0.42462707792638466,0.5079042472784573,0.26333023056712324,0.586956323564597,0.416071474167611,0.5040812267186353,0.3942469591662274,0.21751266422912782,0.28552935964886156
0.5911821391329407,0.0,0.6035657038594526,0.11420311710638835,0.33297828348529196,0.7305475319255962,0.5746859716542905,0.579344453964408,0.5300025961700616,0.7769980408431121,0.4348691328834372,0.6526537272091099,0.7826939466173364,0.1257277646692805,0.46331277851945885,0.7012193782130028,0.7283468859474043,0.7326618566079173,0.6733634148766034,0.7086932207333358,0.5714810890526667,0.7401589891556675,0.6891062364564728,0.6615644885291638,0.8084298540986871,0.8331337859994267,0.600659786181371,0.6381054788565208,0.7128625019685941,0.418156655823628,0.47303200657898703,0.37588711862534385,0.40491524752303776,0.27871518294591946,0.0,0.13589159821395133,0.24385178081192832,0.384584827614663,0.19973301666425697,0.31020427686125207,0.181270521385885,0.10426748686386714,0.38932460152881526,0.3478310245481149,0.2991559286301656,0.47987301218395595,0.7286084410750382,0.5539115592836639,0.1770021035714243,0.4776918145089657,0.6757185114673971,0.5480384037489796,0.5245493656589871,0.5659230351121403,0.7015702176551872,0.35773217609809643,0.7327311525218256,0.6846733665935636,0.18890078145522252,0.4514973724136845,0.3320463027520634,0.6621158421094036,0.3219757551417648,0.5875595671681804,0.566853643320826,0.5755653111614623,0.5406493477651855,0.5712392161872142,0.6230572567217565,0.3436619519387253,0.7604449815908678,0.5455211212674256,0.48738495352428995,0.4724719021775654,0.19067583705571645,0.3022853717490967
0.4409534415193073,0.6035657038594526,0.0,0.0,0.4469175682345087,0.39922871225298523,0.5363280105360826,0.5123006292847324,0.46397199300763603,0.6760889578051648,0.6806915529803961,0.5619519525857077,0.5326066671488179,0.0,0.4814256663663455,0.5808907550415038,0.4663167683735552,0.4635726342935709,0.6397763064357493,0.6218746681157186,0.4823798152140254,0.6875014785208088,0.5287161002290158,0.31116602743531624,0.4538231290552167,0.4033721483131439,0.6143934138873451,0.412980377364066,0.42985193052959036,0.5817595304888311,0.3079955620244875,0.4936291057576523,0.3984096345078938,0.09222234366182556,0.0,0.0,0.2654513365640816,0.20019239630933694,0.43063397681617493,0.21949997910690267,0.3665877059244717,0.24128490124344157,0.2537200321326829,0.2921602704650065,0.0,0.18228945521773915,0.5788213436071945,0.568939836055502,0.0,0.3770857649456758,0.5509705885669857,0.3021227484280533,0.24049282914900566,0.5810327470317395,0.7069501178656734,0.18615487713514461,0.6533696422051762,0.5043326640241171,0.03819191494628321,0.5819372573380817,0.33736019313023563,0.4070955222108648,0.06576435316620369,0.3977252259234965,0.6221424081434459,0.4573705373543837,0.5542293810660455,0.23840103838530652,0.37177889183612856,0.243405201235375,0.5175489729146052,0.5656660293790073,0.38251094805559127,0.4078301007935905,0.09252278597405084,0.40213062705102043
0.1722146710225903,0.11420311710638835,0.0,0.0,0.30039403413744553,0.0,0.14657843540503232,0.2743907674210126,0.3572989211566625,0.0,0.10791480777550774,0.018149833220587774,0.22087416608657937,0.5192009226431431,0.014772705159637592,0.0,0.029529032162494362,0.0,0.05451037503353292,0.14384387704273052,0.22279664209692496,0.060908432506902366,0.016745046991857276,0.27318458305059123,0.07760552846192857,0.13373995136879743,0.0,0.1335981460924318,0.11676896544837304,0.0,0.32898948171379594,0.0,0.0051083009761492965,0.3590478587261585,0.07987593770726073,0.5674577775788963,0.0,0.0,0.0,0.1005206738844962,0.0,0.0,0.34840858302445515,0.0,0.0361735500980606,0.25568507545008057,0.0,0.17095614424324213,0.6460309513563929,0.37403377818403105,0.0,0.29404256258039113,0.37613612365710264,0.3493945417680005,0.0,0.3663247699515253,0.0,0.12271653204007461,0.14988662147734422,0.0,0.0,0.0890079944934398,0.18077802745447977,0.22125785272032328,0.0,0.11199319780623748,0.0,0.2356027844030923,0.09272901281828688,0.0,0.03472093684622306,0.0,0.14386943638126987,0.0,0.0,0.0
0.40301944589109245,0.33297828348529196,0.4469175682345087,0.30039403413744553,0.0,0.15606558532369846,0.7283279484436569,0.4490896043113879,0.6047085688416088,0.3777898771426783,0.7597579749281915,0.25032184433713095,0.4560650340903833,0.3484015657874737,0.39931676345563244,0.3479610300373054,0.15661724653704995,0.2177200988623692,0.5508933506344067,0.5281723240460456,0.5292038007894807,0.5452597751920065,0.254835842855908,0.19978553594657553,0.19649256821017624,0.20181194882322379,0.37813316208096426,0.15363834501635193,0.37871129424267314,0.4467709714222189,0.24449786690989317,0.3259907460451169,0.5142027535892062,0.1973791654803278,0.11760838578106102,0.2011661898758514,0.0038556624035263887,0.0,0.2456865929675252,0.28042200734812567,0.3128990913625319,0.21220791928632082,0.24479584763714055,0.12849923233373559,0.0,0.18822143090322746,0.17827303772616251,0.4813329104857239,0.29269208638430333,0.5634344654101247,0.17779633522530108,0.5134845532940805,0.17112322958570916,0.6211999881170305,0.32843833082397816,0.547546545934513,0.19346971488794618,0.42100836987677087,0.06829914218211836,0.3087918628216008,0.1663019992535692,0.1016042162282008,0.0,0.4364178042130516,0.33984440948117556,0.37447380236779,0.21958225016249117,0.06288719640723966,0.27083036680130756,0.1001250898941687,0.33567859263615396,0.2448989374138624,0.28374353979282074,0.281224725791501,0.04428123924291885,0.20936491458375978
0.46091497178598045,0.7305475319255962,0.39922871225298523,0.0,0.15606558532369846,0.0,0.3796498423915897,0.6295168869989236,0.42531895691809307,0.6322121800279992,0.16747083036093854,0.6303000954489378,0.7660734031941387,0.14530474614465835,0.34823021826028977,0.5145772219253555,0.7201973979300491,0.646019094128538,0.5932332076347162,0.4982384487988747,0.4978540282901696,0.46609652492066056,0.8289240951240773,0.7204538873633819,0.6647612381398627,0.8162486632894999,0.6410767484009597,0.5791560527124298,0.6465677783406039,0.2881279393551462,0.3908069887070968,0.41739487973266554,0.2945143304479124,0.13426037080128458,0.0,0.06258662411609775,0.3058660316706818,0.4435588292690953,0.2816444942277705,0.3876176286722121,0.23342788808105602,0.027214141831746398,0.4562538112801825,0.4729218731940906,0.40857633913028846,0.501552571936429,0.7162990364221519,0.5343006158052274,0.1404989146901036,0.3813052808489364,0.7640742921454854,0.47517945633249525,0.6512717332076036,0.39258103819139445,0.5642054115044985,0.31508736646967117,0.6672756899175285,0.692913360254744,0.32442321388634077,0.3641663838352704,0.3654501748730533,0.7096952382720875,0.40641954324218915,0.5885415144228326,0.4549881953197248,0.4790807588705924,0.5253320003679725,0.7134845903869221,0.6625022427968359,0.32584212726376766,0.6648666506427054,0.504215103738179,0.46311957023846606,0.39429938063791736,0.34350554789695387,0.3495759744527311
0.3854407798020455,0.5746859716542905,0.5363280105360826,0.14657843540503232,0.7283279484436569,0.3796498423915897,0.0,0.5083665406602409,0.4969398733895629,0.62369016028952,0.6676021550957894,0.43716257628493305,0.6015429910667025,0.12581412958273705,0.42710926272028793,0.5501127088046213,0.288709508425288,0.44914964003227925,0.5775537909959985,0.5621192611433197,0.5756088872853405,0.6080784106764168,0.41193438393685977,0.2711499842355668,0.3903836149874317,0.3198910671406494,0.48541943877683624,0.2730764484228665,0.49730172961351676,0.49916639819485026,0.28268549433245016,0.5507816894856037,0.5804894620491393,0.01261224832484975,0.2846062634054146,0.07529257410830889,0.20861486930965123,0.06971669181490772,0.47323916973422053,0.24119156185786383,0.4124825212107743,0.46634910141577657,0.21265363618833627,0.2660126091034521,0.0,0.14036959079256536,0.36298726455364766,0.43114115015076837,0.1862678913494721,0.4454721406979736,0.2609865016049767,0.4506886027154514,0.22461583367539723,0.5344185438948981,0.5256302670103954,0.3053564161580345,0.386808864076168,0.4942428354630396,0.005451902217482485,0.3661779293170529,0.16289554814336568,0.2839511546923808,0.0,0.3872827789857124,0.38239719711804826,0.46663719498788103,0.25343257166260674,0.10436484314281536,0.3164804262388251,0.0709779202595919,0.3884757964462696,0.29559501377427716,0.23437674768085548,0.2774999836722255,0.10213180880726962,0.3325168463419532
0.41505062069453025,0.579344453964408,0.5123006292847324,0.2743907674210126,0.4490896043113879,0.6295168869989236,0.5083665406602409,0.0,0.4714501334419768,0.4411552827382011,0.4957466312834865,0.6085679694075837,0.6238182493546411,0.295599917490019,0.3175197341764735,0.258833006425793,0.3617534369658445,0.3221987812831759,0.5503330485286779,0.4818936917032265,0.49827528704446095,0.46103201642146174,0.7517436281934627,0.5665260367566928,0.30393480648620075,0.5386082800637125,0.42803026199446303,0.30122350369516404,0.35246793301139967,0.39769339313006347,0.2644869695164541,0.3362597459065777,0.39830991642491803,0.18373072014766506,0.017671633736196783,0.344182272339477,0.1274169409107237,0.18554696088056138,0.12501909073794373,0.3084369062052335,0.12633810576801557,0.029627003450046215,0.545310847512968,0.24028106054014559,0.12826609801288844,0.3273169551552369,0.4533723794084695,0.40662283230062496,0.28541248103213646,0.5198084780628734,0.5126762457795596,0.42958624561082304,0.72271209454517,0.5246870814635431,0.3422306160150974,0.3312618473410512,0.5561511242615198,0.5120618690844823,0.22671143064195776,0.30329140551379635,0.0,0.3768999686592636,0.07904842840127517,0.43109544768157104,0.228926891114942,0.44435656786327604,0.15255853987709533,0.5502317234406376,0.5106880432724592,0.0,0.4201596715505647,0.23978606725333546,0.24801024384486986,0.08340253914043161,0.0261096065893794,0.03663082478543475
0.6193919320390829,0.5300025961700616,0.46397199300763603,0.3572989211566625,0.6047085688416088,0.42531895691809307,0.4969398733895629,0.4714501334419768,0.0,0.5519014766669101,0.5954902832856044,0.3278208392859575,0.6053035685017658,0.319909069221498,0.4668971000105778,0.5210935528885632,0.5913805029259215,0.41468727775044034,0.6220210801940836,0.6510093039530975,0.6073026817634899,0.6228893192428644,0.42953480896004803,0.48116179977173423,0.58893423061142,0.513642694847809,0.4780852421392694,0.5776831390601177,0.5832047597335988,0.3507305998727411,0.5580998248951025,0.14265912917263202,0.3608052933427486,0.4028406706876786,0.0,0.2375940242777159,0.0,0.12702397228602047,0.0,0.444703741105874,0.015114017620876899,0.0,0.47125607296636685,0.17642492419548172,0.2650707839186637,0.6429632123257923,0.41400534415165824,0.7716598947870408,0.499567421830238,0.713847987243968,0.39759006883704495,0.6459915502717779,0.4779048834544566,0.8992179061680573,0.48504415753173125,0.7678252521189792,0.3462674949183224,0.6043529998267256,0.21130221972696708,0.37262921526090653,0.31614894675151545,0.5149867185525909,0.4103296351292016,0.6798477680603006,0.3606049097258952,0.6084664267904679,0.3647430832298719,0.4699665993995318,0.4714243005781001,0.2783219412546317,0.5791435303976153,0.3671522838685789,0.6128096098547504,0.33526656617787015,0.20047857119361964,0.10845250535151629
0.4969128925635645,0.7769980408431121,0.6760889578051648,0.0,0.3777898771426783,0.6322121800279992,0.62369016028952,0.4411552827382011,0.5519014766669101,0.0,0.5122417403945603,0.6899301358824053,0.7022034274453464,0.01890596005907408,0.5843429948147144,0.7807947603521257,0.7630165700996782,0.7375030240656616,0.6590140235755694,0.6871037516919172,0.5765457800599992,0.6993623551714597,0.5796767972393396,0.4897166298184088,0.8065042988024294,0.6583291540505171,0.656448839909732,0.5758995763126837,0.6547043425468909,0.44435365304160734,0.5024315430605477,0.5007311753111475,0.46684244452426965,0.18130993435114764,0.0,0.0,0.306925404526689,0.3085621277447146,0.36187422733832325,0.27188656757796326,0.30584233733290184,0.2505376021464503,0.16226734222298622,0.35169757510679533,0.288874564888837,0.3863771157453027,0.7100865369487956,0.6185779831035731,0.08811256506714196,0.34384902842038645,0.4777002636124401,0.420007867739069,0.3366701460204627,0.5400301704740407,0.9124507078403931,0.36156635179262137,0.7339356771735017,0.6419127234372132,0.02449572546104975,0.5690452046469852,0.4734921169647075,0.706264523265123,0.3214029735365444,0.5965207315969288,0.6121948287218371,0.5548334279179301,0.6028083254518946,0.38180035620210107,0.5319581235339981,0.4299135663249117,0.6869414137940737,0.5198589498122925,0.47041400546961587,0.4562744595681226,0.28065184108762287,0.5015412880563445
0.4284203680520638,0.4348691328834372,0.6806915529803961,0.10791480777550774,0.7597579749281915,0.16747083036093854,0.6676021550957894,0.4957466312834865,0.5954902832856044,0.5122417403945603,0.0,0.4158083009750602,0.39496823103001943,0.1814690977337718,0.44627859616733323,0.44458196568748987,0.21013159957246885,0.2752010813936422,0.6250409127574653,0.5911736061146462,0.5107659932266124,0.6525781121184902,0.3023702415313882,0.1829928635950127,0.29154770015468223,0.2085718889885503,0.45005609284745135,0.14938959779341204,0.3517172470827677,0.5972994188724123,0.18816002471116158,0.3039102556046572,0.5062244730327814,0.09623460718337376,0.1144646036279722,0.10542730291325843,0.0,0.008223193187986921,0.261256277840448,0.27292803145795386,0.29949612867702274,0.21218101567701864,0.18901025778956415,0.07418586218445082,0.0,0.14626816113042465,0.3504373544233257,0.49864645087419013,0.23719381405584705,0.5175931285874162,0.21688288636465342,0.3189400108976509,0.16364498665127186,0.68888732175941,0.4601000207988737,0.5125639438941315,0.3940688520499099,0.3742921327100198,0.0,0.45196153689160545,0.1511949924578437,0.1290635247577278,0.0,0.41125435335652416,0.3957621830916323,0.43764223766544463,0.2671627427106291,0.04177406777435344,0.3122734247222509,0.1097342536779395,0.37560585524038526,0.28935401707748043,0.20754848476796212,0.2432618773342919,0.0,0.17680731163129074
0.2510431789038924,0.6526537272091099,0.5619519525857077,0.018149833220587774,0.25032184433713095,0.6303000954489378,0.43716257628493305,0.6085679694075837,0.3278208392859575,0.6899301358824053,0.4158083009750602,0.0,0.5714241673877776,0.12924706808960099,0.3335780525750097,0.4529362385728466,0.5797315673792783,0.5621188509439093,0.5008878296699489,0.44421356016786717,0.3203645151107469,0.4597940233587927,0.6363164140992795,0.5398116532405984,0.47702204860426933,0.6154950028344549,0.4373758176615613,0.3505953844346743,0.327538727170672,0.41634058772963717,0.19454962395526468,0.3532585369405352,0.384740170157589,0.13094437499843878,0.0426581891757179,0.11903012970972597,0.3211800182080625,0.422346030362657,0.23056626833134117,0.19540315513877868,0.157461056937337,0.2033247431147434,0.23371050664883988,0.22635025282549445,0.17125663120876058,0.16719985002201512,0.5868753865535358,0.4158018258415813,0.0,0.30072452727640403,0.4853207214289876,0.3246805430530571,0.5100387751681006,0.3462445109245001,0.6656262250077649,0.22360753184413681,0.8357056293506986,0.5275700363591707,0.153394756376082,0.4017600098563977,0.18970604428398616,0.5376284511656281,0.23287112726879697,0.4211448983497092,0.42988140315119805,0.29716150299885824,0.41075864426284037,0.4103276782864348,0.55630049080892,0.286893915959833,0.5454517999729898,0.3382593272361166,0.2006278737164721,0.19171734370216503,0.03944248683936183,0.1593467441920223
0.5118085980641649,0.7826939466173364,0.5326066671488179,0.22087416608657937,0.4560650340903833,0.7660734031941387,0.6015429910667025,0.6238182493546411,0.6053035685017658,0.7022034274453464,0.39496823103001943,0.5714241673877776,0.0,0.17293867129947688,0.45247219185777304,0.6358849159325919,0.6778435587471228,0.6914058155267776,0.634386038868205,0.6585741673390635,0.6371491623649549,0.660676698093691,0.6780541005041493,0.654112935618224,0.7058360416775066,0.7519336753702066,0.5642076287314532,0.6557872930427318,0.7068363540907643,0.44468417125299164,0.5755218869350918,0.41637383815198814,0.351147721339219,0.2594747557557041,0.0,0.26901071284920475,0.22012304889220594,0.28197379998968963,0.24611522609697362,0.3293686063824539,0.17787217819055878,0.07370190310093862,0.44654338428566154,0.38365558349008083,0.23201820520471966,0.44289334139856584,0.575519388654924,0.596880769359452,0.25674024218771985,0.5417505151240205,0.6074371257512725,0.575258311990713,0.5563153116206654,0.6188674363855009,0.6632976745193784,0.4257609221974302,0.6239908953015402,0.7228664414655639,0.2264302909409308,0.39778711680117224,0.34347390584451193,0.7144989790844791,0.44510499309002494,0.5874851114830766,0.4609888303968074,0.48499854936060827,0.4602100394916927,0.5481621102327353,0.5219844089809744,0.3211886031301297,0.688869981044523,0.457663105844493,0.5877408140542351,0.39084888951221725,0.27698638226502403,0.36232976018515267
0.2887282009779327,0.1257277646692805,0.0,0.5192009226431431,0.3484015657874737,0.14530474614465835,0.12581412958273705,0.295599917490019,0.319909069221498,0.01890596005907408,0.1814690977337718,0.12924706808960099,0.17293867129947688,0.0,0.1509270403503718,0.0,0.14636269635928004,0.028704136314598984,0.13038420557365005,0.16494089085919253,0.2720720703429637,0.09834719163209651,0.1744299639525287,0.36404197882368783,0.12078589954064592,0.25169151498231673,0.015112804129860463,0.08706112846487628,0.14339264197805235,0.031666628118785345,0.1933316360344076,0.0,0.12537256253125117,0.3043510864633089,0.023507072615482877,0.5220063024841775,0.0,0.0,0.0,0.18874822543769793,0.0,0.0,0.3525238261815268,0.0,0.05491113406444516,0.33976677202877104,0.037722333456500376,0.17973348549536505,0.43280477564527087,0.2926836871338686,0.0851537721096941,0.32565700126117103,0.3923724351785969,0.2699425997772349,0.0069547008917808795,0.43371954558804166,0.0318103511824368,0.2558382285332336,0.3569388806104688,0.02117826031958492,0.0,0.11782823513065628,0.1780910461317036,0.3068128833119841,0.0,0.1249432965369597,0.0,0.3197880921834939,0.32599814314895126,0.1097544046064221,0.18310381064776762,0.0,0.22156774971240284,0.00605707070696096,0.01660986023811377,0.0
0.5820509587448753,0.46331277851945885,0.4814256663663455,0.014772705159637592,0.39931676345563244,0.34823021826028977,0.42710926272028793,0.3175197341764735,0.4668971000105778,0.5843429948147144,0.44627859616733323,0.3335780525750097,0.45247219185777304,0.1509270403503718,0.0,0.6636165397852329,0.44949548707831277,0.48851397338665803,0.5456663720089643,0.7102300051560042,0.6855358118612245,0.6999278896732782,0.3549963490621857,0.2480707730879873,0.5314845610702588,0.4180258665710789,0.6675453480894487,0.4734505476377223,0.5645790518442755,0.5017498503412374,0.47660524201760684,0.45851945020453533,0.4172293929377323,0.26132497383910475,0.0,0.07520982165879558,0.19593426697107116,0.22611364682815244,0.3127290218504323,0.37917865663330425,0.39978274309897455,0.17927178817798112,0.18754028580024773,0.3059905915821629,0.1550666806302663,0.43161249848920663,0.5921262700239249,0.5005490476716107,0.16266335907384544,0.329831923443465,0.3564090534553549,0.39466684324655255,0.18450898939662577,0.45366250693703675,0.5994727457332529,0.3386818109335977,0.40666319854781097,0.5427774288404981,0.0,0.8059589462027155,0.5778902598396902,0.44946401412401427,0.3051688328195101,0.5616251167624239,0.641029257311023,0.6695195748217193,0.6340784134580624,0.26712433859263107,0.39171930036222047,0.45561047434832747,0.6270858138954437,0.5826864920104655,0.5124317639116789,0.5084175855305164,0.24451226032613987,0.4757227632293347
0.5950497660943375,0.7012193782130028,0.5808907550415038,0.0,0.3479610300373054,0.5145772219253555,0.5501127088046213,0.258833006425793,0.5210935528885632,0.7807947603521257,0.44458196568748987,0.4529362385728466,0.6358849159325919,0.0,0.6636165397852329,0.0,0.6111575522293267,0.811703265461228,0.6616328520379517,0.7487655349060738,0.6167759180010823,0.8090955822749077,0.4477696711944608,0.4038517730783626,0.7699143431563713,0.5897542821000774,0.6734536258815123,0.65649766839556,0.7598113863555747,0.5316379793054977,0.6192407519454369,0.4927720900855608,0.38404271463497214,0.32925773435269423,0.034071814411940085,0.0,0.2734095503600945,0.32243819244090244,0.34765241279197345,0.3683245719954991,0.2829825240577828,0.16488426941695167,0.16597017187043692,0.3229386010333656,0.25097972635536914,0.4889664367805353,0.6317467280202518,0.6313594978110273,0.10731720947242109,0.3805098552789534,0.4512692378275197,0.4370438599330073,0.23609152548544604,0.5206104741307191,0.7232057596030635,0.4216501419144988,0.49819135788029917,0.5854476028121556,0.01607883409727999,0.5934406713090592,0.6825065734544987,0.6383742241811887,0.4255497733880771,0.6424380366175719,0.732109429540917,0.6259177599456937,0.7117545591922263,0.3548349738725712,0.47263430717326416,0.5267235306863364,0.6729927066183559,0.6089909262829405,0.5446567743800866,0.6292992699162148,0.33432144684266024,0.5166477051785776
0.5598531688558286,0.7283468859474043,0.4663167683735552,0.029529032162494362,0.15661724653704995,0.7201973979300491,0.288709508425288,0.3617534369658445,0.5913805029259215,0.7630165700996782,0.21013159957246885,0.5797315673792783,0.6778435587471228,0.14636269635928004,0.44949548707831277,0.6111575522293267,0.0,0.7427861127457883,0.5744882706554137,0.5750245187267129,0.46036296787914255,0.542210601998114,0.5669064395069496,0.7110639399996219,0.8168073361376201,0.8623441631397744,0.5224142423338873,0.7252282606317566,0.5991543806803827,0.19617860947240942,0.5740024237435628,0.24240155629277593,0.2064247851685035,0.3102022325427916,0.0,0.038719908336286246,0.22598926081813092,0.3925593915282112,0.07391361485469594,0.3413784762164954,0.058646695877737354,0.0,0.33762149120936896,0.377878010050878,0.5362749576299634,0.6311170716466293,0.7187319542770374,0.6335955724536613,0.16463776924986812,0.40492189294834446,0.6492398144419449,0.5457624565839405,0.5187309962969607,0.5349224172763825,0.7223528694877982,0.4706475296494822,0.6686524992988857,0.6989836490769108,0.30043210013090266,0.3935820545045604,0.5079309352205861,0.8425706048797605,0.6442540907526308,0.6508205205363374,0.5028317266352444,0.4800132428475814,0.6217191935377305,0.6059923538518965,0.6843198310912613,0.5362276377714645,0.7609617413069794,0.5134470164855474,0.6138249215568801,0.4681362123081998,0.36312063135250283,0.36745830910558275
0.43788662440740894,0.7326618566079173,0.4635726342935709,0.0,0.2177200988623692,0.646019094128538,0.44914964003227925,0.3221987812831759,0.41468727775044034,0.7375030240656616,0.2752010813936422,0.5621188509439093,0.6914058155267776,0.028704136314598984,0.48851397338665803,0.811703265461228,0.7427861127457883,0.0,0.5728776035008561,0.5716844695548068,0.4836172343781655,0.6304424468751856,0.5120698394666613,0.5203902473595443,0.7971059554633869,0.7542427699522561,0.5777425967527106,0.604622829921976,0.6872088045549298,0.361008860907862,0.48139273325404996,0.3747484541473965,0.3412512827874324,0.1846658552511323,0.0,0.027804506482760116,0.3670851609997061,0.40266976246938024,0.29187151448025456,0.36507148090505814,0.20923965029545627,0.10960492529863206,0.2384934862246491,0.3908433798192207,0.3128308726359334,0.3793303156260654,0.6466680587641901,0.5731656041712703,0.0,0.315599098940069,0.5324734348676745,0.428177186716975,0.3217644837676184,0.397559460457007,0.7067487881599388,0.33929229653754234,0.6224492532713016,0.6328696076050138,0.16850956159595934,0.4927128619931188,0.6367190355115051,0.7194987140480766,0.5648517775507758,0.6032935485460142,0.6435191073938533,0.4922991016130299,0.6962537735859887,0.4220254214207829,0.5719829338781104,0.6058415267117916,0.7258412360092736,0.5708195864292379,0.525284957207566,0.5519019519155817,0.40808592078203076,0.48110328595128515
0.5998299898678517,0.6733634148766034,0.6397763064357493,0.05451037503353292,0.5508933506344067,0.5932332076347162,0.5775537909959985,0.5503330485286779,0.6220210801940836,0.6590140235755694,0.6250409127574653,0.5008878296699489,0.634386038868205,0.13038420557365005,0.5456663720089643,0.6616328520379517,0.5744882706554137,0.5728776035008561,0.0,0.6832336108917381,0.6276882804623578,0.7248044585334086,0.5883602819115519,0.5225349192365047,0.5533945457436025,0.5948194965679641,0.6481444418238229,0.5586505054799507,0.6007700980676985,0.5385069704503884,0.4825253193265461,0.42829966608236636,0.47940557246780535,0.22926523116736103,0.00969132898424829,0.0,0.2021609247406489,0.3134246626694849,0.3276817808514557,0.3979327980515417,0.3567966286580253,0.10640258417939645,0.33133031425254933,0.3927370698276067,0.22343382556608915,0.44770660671384055,0.5822948368383827,0.6894066239082723,0.23660085332083194,0.5512635020065356,0.5699251787077008,0.5549290592952576,0.4333504142196104,0.6133783719590677,0.6099053538800357,0.5024248105822604,0.5872514552419839,0.6724849549371046,0.1678895154282871,0.5191052341088369,0.3973119033418382,0.550254835946047,0.24158928976795838,0.7312333474031789,0.5957060959632179,0.6017296002788396,0.5755189480742118,0.44882671272510233,0.6008827106613889,0.3169852068705534,0.6412172653499653,0.5314964852813685,0.49555501994861845,0.47289596609094353,0.2646850670638698,0.3709918303715128
0.7210674865517726,0.7086932207333358,0.6218746681157186,0.14384387704273052,0.5281723240460456,0.4982384487988747,0.5621192611433197,0.4818936917032265,0.6510093039530975,0.6871037516919172,0.5911736061146462,0.44421356016786717,0.6585741673390635,0.16494089085919253,0.7102300051560042,0.7487655349060738,0.5750245187267129,0.5716844695548068,0.6832336108917381,0.0,0.7549033321108543,0.9226992924375426,0.5371299157680011,0.4697544623685172,0.6982313758463996,0.5675658174713734,0.7608071545004228,0.596779489798961,0.7517067688072557,0.6013722744497438,0.6232588538327838,0.46192518416401257,0.4036772246442741,0.37552941219668684,0.007295057265203929,0.1332144622538777,0.09392896355181386,0.193980899572531,0.23580200880721658,0.37753058628592795,0.29077605339495166,0.17923837864157188,0.30819256842717624,0.24520315740865134,0.19564566033618852,0.5461145846274218,0.6649879185010772,0.6477547724916771,0.34698931978509084,0.5080123717972969,0.5242710605972971,0.5261738234754421,0.36430616220904233,0.678470580138186,0.6967231680192284,0.4566854925554099,0.5490602684487524,0.6209616059850607,0.059021584609883215,0.6311973788709003,0.45144190669787,0.5174629399220497,0.2970256680399044,0.6439215519024217,0.6203206253797614,0.7183665088360969,0.584232048306557,0.45085626167860926,0.48757076642217834,0.3899216703583106,0.7234397678464408,0.5868277530244038,0.5653796915916671,0.5539470877491899,0.2372571300185517,0.3682993630161525
0.734325601732454,0.5714810890526667,0.4823798152140254,0.22279664209692496,0.5292038007894807,0.4978540282901696,0.5756088872853405,0.49827528704446095,0.6073026817634899,0.5765457800599992,0.5107659932266124,0.3203645151107469,0.6371491623649549,0.2720720703429637,0.6855358118612245,0.6167759180010823,0.46036296787914255,0.4836172343781655,0.6276882804623578,0.7549033321108543,0.0,0.7399768191072054,0.5119990863946635,0.4070720927375897,0.5979705914255132,0.5160061354059129,0.640061337907178,0.4972832117240384,0.7195043009790765,0.49726431468060595,0.5694553038462395,0.4266670069041454,0.4671074245949571,0.3481728978842906,0.029749002120682135,0.20739117949998442,0.06188279676026358,0.13673842253021573,0.20958092075167703,0.41031695775644517,0.2589223268789802,0.06377706755060562,0.32366062186981936,0.27554967446994666,0.0705196916587777,0.5724101145283237,0.5111986384840214,0.5801492153865604,0.3837479024999072,0.5107448110580947,0.40533664587880347,0.5028012116019784,0.43585958758889026,0.649156934824189,0.5369883235357447,0.5014917106322461,0.34375763142860444,0.5651611760258773,0.10069362455385206,0.5622332784035604,0.3890050722869314,0.454974616758986,0.28089868009810653,0.6248016504699385,0.4688871418154439,0.769466605151089,0.4350672231563593,0.43467261927043854,0.43983951652572556,0.29563035018944084,0.5993422733168798,0.46022068283014966,0.4888852841912018,0.43052600660226736,0.2542214216252941,0.3082041225762556
0.6823231507875746,0.7401589891556675,0.6875014785208088,0.060908432506902366,0.5452597751920065,0.46609652492066056,0.6080784106764168,0.46103201642146174,0.6228893192428644,0.6993623551714597,0.6525781121184902,0.4597940233587927,0.660676698093691,0.09834719163209651,0.6999278896732782,0.8090955822749077,0.542210601998114,0.6304424468751856,0.7248044585334086,0.9226992924375426,0.7399768191072054,0.0,0.5252868971768841,0.4201799905023973,0.6803826691967538,0.5583750317425369,0.7708402719363241,0.6052959442174821,0.7308141248461082,0.6513361578220482,0.5950742802685911,0.4900379384991864,0.4779508303069797,0.3397671567444902,0.058426684230333426,0.09816278728117442,0.12778905547610703,0.2422045895861039,0.2979850294054197,0.4068155247005475,0.3210571124892035,0.2272075699318603,0.23543836653718248,0.23936058835486376,0.14943418575353434,0.49362953111944563,0.6345366312447395,0.6730290221363546,0.2585571238456478,0.5460552448821313,0.5172431283579249,0.5101003870218379,0.3280516957600039,0.6810603289203769,0.6907183430131518,0.4859437230915971,0.5296481296626929,0.6125645363852545,0.04041343724232985,0.6570193053686846,0.49136633256869694,0.48515714013520256,0.26991893113378784,0.6681319777700894,0.7151004130010055,0.7237763111887049,0.6464794409714659,0.3993022422139503,0.4651274724858345,0.3831327872241074,0.7145095115136713,0.6771744237279108,0.5390301625459138,0.5861526998871889,0.21581385245072868,0.3991547718778372
0.4503520364010518,0.6891062364564728,0.5287161002290158,0.016745046991857276,0.254835842855908,0.8289240951240773,0.41193438393685977,0.7517436281934627,0.42953480896004803,0.5796767972393396,0.3023702415313882,0.6363164140992795,0.6780541005041493,0.1744299639525287,0.3549963490621857,0.4477696711944608,0.5669064395069496,0.5120698394666613,0.5883602819115519,0.5371299157680011,0.5119990863946635,0.5252868971768841,0.0,0.6832732318430617,0.548353188545494,0.7256423004754368,0.6925638328002035,0.48884538558403,0.5812728764457522,0.36180447758954154,0.34320276875057004,0.4267171352477426,0.3396709184539689,0.10510605288854027,0.0,0.09249166806409986,0.2603913153012658,0.4160987553138222,0.26836229500010067,0.32534591837662413,0.16805140265900997,0.037402540377806465,0.5290384261757848,0.4073218397217087,0.2856901121702029,0.4216737954532944,0.6780665038508995,0.5289888387692087,0.16169560828684376,0.4694759128876438,0.7543976095350822,0.4650608032272515,0.6930324433606048,0.47385784530884867,0.49728191746350603,0.3115322392088637,0.6249914523812534,0.6429160739713533,0.3246754654915854,0.441338369454325,0.2350603214177138,0.5786174549494159,0.27584629166121954,0.5372103968548095,0.46765661983754936,0.5031256634130756,0.4782286350770486,0.7720393863070107,0.6626871515889702,0.2212369009257538,0.6193912272071682,0.5578189199661975,0.3968910493761513,0.35659878007883006,0.2271202498491188,0.30123171870669296
0.5239246020415398,0.6615644885291638,0.31116602743531624,0.27318458305059123,0.19978553594657553,0.7204538873633819,0.2711499842355668,0.5665260367566928,0.48116179977173423,0.4897166298184088,0.1829928635950127,0.5398116532405984,0.654112935618224,0.36404197882368783,0.2480707730879873,0.4038517730783626,0.7110639399996219,0.5203902473595443,0.5225349192365047,0.4697544623685172,0.4070720927375897,0.4201799905023973,0.6832732318430617,0.0,0.5761766199729508,0.8077634936263792,0.36214002286735403,0.5934159847323034,0.4681323487916702,0.2534273572725195,0.5325565599280593,0.17137532382368442,0.23874966203834652,0.3581051089574714,0.0,0.28329502811745166,0.11328356704286073,0.37325702196513383,0.0,0.426200484281549,0.0,0.0,0.4383332776189431,0.30525484385875323,0.48816591265236486,0.6099671301998937,0.5081375711616702,0.5639000594429133,0.31158207421125717,0.4864294943399845,0.6153800464507595,0.5404485574969543,0.743950536942964,0.4648816898743737,0.42115009699190037,0.4623418309157705,0.5857626193500123,0.6120080700757179,0.32000109982101854,0.20131463208247138,0.20394548382314515,0.6534872340486109,0.5258599366174856,0.6097448720762004,0.3138060359660876,0.3912077304814786,0.35010102806348753,0.7257981318480704,0.7952524065821751,0.29095701606930074,0.6504575044416728,0.3133401920438841,0.5147538246956205,0.28215025257054166,0.20516038077760132,0.12449315608040762
0.6238730923959495,0.8084298540986871,0.4538231290552167,0.07760552846192857,0.19649256821017624,0.6647612381398627,0.3903836149874317,0.30393480648620075,0.58893423061142,0.8065042988024294,0.29154770015468223,0.47702204860426933,0.7058360416775066,0.12078589954064592,0.5314845610702588,0.7699143431563713,0.8168073361376201,0.7971059554633869,0.5533945457436025,0.6982313758463996,0.5979705914255132,0.6803826691967538,0.548353188545494,0.5761766199729508,0.0,0.8018308841545121,0.6515928292987607,0.6966329206997266,0.8036484603983988,0.3169914015018954,0.5667143389326936,0.26577251556977255,0.3225297432486079,0.3355020677597622,0.0,0.057463647001133954,0.1715846682069253,0.35083335353533396,0.09638241402972766,0.37377835210793925,0.07732491681547096,0.0,0.26305159638397574,0.3336684404972483,0.4122829121113665,0.6182398873280319,0.7364477513763016,0.6311367381660213,0.1882205489984095,0.38769324490208257,0.5860393262113468,0.515099659330646,0.4205634546342897,0.5533745888380186,0.7229517947161287,0.475920085674769,0.5703975495876366,0.6826312546559322,0.16249738828249832,0.5403037609039363,0.5766285599998169,0.7605747433367569,0.5646947012445288,0.6637847731941922,0.6062825656905091,0.6433251388057595,0.6527227616751567,0.5761687244843399,0.5805796062386083,0.5918214506292736,0.8146534845449753,0.6022855180549853,0.6216462601759503,0.6109011847558725,0.3623935713634518,0.33829655799367697
0.5856721160483929,0.8331337859994267,0.4033721483131439,0.13373995136879743,0.20181194882322379,0.8162486632894999,0.3198910671406494,0.5386082800637125,0.513642694847809,0.6583291540505171,0.2085718889885503,0.6154950028344549,0.7519336753702066,0.25169151498231673,0.4180258665710789,0.5897542821000774,0.8623441631397744,0.7542427699522561,0.5948194965679641,0.5675658174713734,0.5160061354059129,0.5583750317425369,0.7256423004754368,0.8077634936263792,0.8018308841545121,0.0,0.5353338942590965,0.655317034132857,0.6242456673906001,0.26785527683789917,0.4821493041785637,0.3062140081314945,0.25849050968193754,0.2933612817421818,0.0,0.13762644223505377,0.23169178809581062,0.4110528358990983,0.10047238541305233,0.4432802410587378,0.05827647298769817,0.0,0.430151025762767,0.4496974471394378,0.4868541471742729,0.6055598788583985,0.6906014272553689,0.5974844668353188,0.20994883376218498,0.47296535560331243,0.7236840217365063,0.5596375788994459,0.6447983242514772,0.4829086754171493,0.5945730172834439,0.43706423043552634,0.6870859615613261,0.7177522691409621,0.3469152521797566,0.3894626761425152,0.4004166530346023,0.8060661890511132,0.5744438151135247,0.6536157922783438,0.4636082282503598,0.5219720814485663,0.5629812220555248,0.7095702711807195,0.7416733445381255,0.45586175633761117,0.8121605935028074,0.5061631122423261,0.5573049194779518,0.4193739915014699,0.30003214363997255,0.2931067522047761
0.5720929982453725,0.600659786181371,0.6143934138873451,0.0,0.37813316208096426,0.6410767484009597,0.48541943877683624,0.42803026199446303,0.4780852421392694,0.656448839909732,0.45005609284745135,0.4373758176615613,0.5642076287314532,0.015112804129860463,0.6675453480894487,0.6734536258815123,0.5224142423338873,0.5777425967527106,0.6481444418238229,0.7608071545004228,0.640061337907178,0.7708402719363241,0.6925638328002035,0.36214002286735403,0.6515928292987607,0.5353338942590965,0.0,0.45910573701936797,0.755712198167033,0.5022196946807453,0.4095482641912751,0.5457420057858616,0.41179353728384804,0.15478837291148909,0.0,0.0,0.22068765185543254,0.36346232287576075,0.4063143465678533,0.3663913369868944,0.3970588828571948,0.19521860937279525,0.21959213324831567,0.3448059738332119,0.213985429688482,0.418601136967403,0.7553477694832427,0.5930392608104118,0.07132969731258712,0.3475445520495003,0.6624863448910042,0.4293694718788414,0.3265807492505491,0.49833141382063634,0.6652168026570242,0.35212101246583555,0.5332318350024927,0.5996906274915246,0.09454769947991828,0.6943131548013664,0.5444941453090291,0.48439699506156364,0.20628822785226839,0.5888737132134483,0.7650761100545475,0.7076370516000001,0.7218852111619443,0.5058107542145116,0.48092151686176465,0.4358915803029269,0.690880229852529,0.8255142862230885,0.4719154618555005,0.6758360105668262,0.27175342655800316,0.49033934417422026
0.5565106643720601,0.6381054788565208,0.412980377364066,0.1335981460924318,0.15363834501635193,0.5791560527124298,0.2730764484228665,0.30122350369516404,0.5776831390601177,0.5758995763126837,0.14938959779341204,0.3505953844346743,0.6557872930427318,0.08706112846487628,0.4734505476377223,0.65649766839556,0.7252282606317566,0.604622829921976,0.5586505054799507,0.596779489798961,0.4972832117240384,0.6052959442174821,0.48884538558403,0.5934159847323034,0.6966329206997266,0.655317034132857,0.45910573701936797,0.0,0.5850171245070335,0.393478342172044,0.6738277227578495,0.25568930989050365,0.21051970502833423,0.38692083292859303,0.0,0.05500213160963252,0.21093797936992606,0.3496043732702596,0.09867759956844808,0.40621636383218773,0.1038381015618921,0.0,0.44622017668605346,0.41066722794914656,0.5373347697543809,0.6748389228606162,0.6024238037830896,0.6581752378976202,0.28768110407472414,0.5076756780317117,0.5952591765606963,0.6033111547775283,0.49867062737694784,0.513065488285787,0.606509697010766,0.4351009313918509,0.48151628901852095,0.7234288093803503,0.2840807956159621,0.44768244099168913,0.581412449036903,0.7753019832910599,0.6649159470064863,0.6671973931121993,0.5222840651353758,0.5343054224244952,0.6277078004076001,0.6154927757608686,0.5902144354259613,0.4765192435921184,0.6924288362335094,0.5157693927931172,0.8333721879980458,0.5104423081630685,0.43856104396386464,0.45217115197254687
