0.0,0.3612771386293012,0.2443521455846792,0.41329513077812396,0.471189321092202,0.6463524254373859,0.49831554120159993,0.5477400099922232,0.5574621465441194,0.0,0.3065262177847098,0.0,0.3352000883856456,0.3452448199949831,0.0,0.6525521484361556,0.6360701896688603,0.5837529366505765,0.16343876392977377,0.0,0.9013359434374708,0.0,0.7641012902657026,0.0,0.5378077847671279,0.06159253836512141,0.5096763903807641,0.2962144017403483,0.5002004846876199,0.0,0.6557862266772501,0.0,0.33324539861775504,0.5526457841274977,0.2796086115988344,0.48508079918987324,0.25376845753818744,0.30999253664983256,0.0,0.6102919054999775,0.3112847294956596,0.0,0.5879221976105714,0.0,0.43158697158228965,0.9415071276418592,0.34574421370865993,0.21837706846587038,0.4292991281518776,0.6135267132283502,0.46273768155179706,0.6109240597812738,0.6694265057651342,0.6780678314410327,0.1451929289546675,0.47840224098055484,0.0,0.25398119264946056,0.5505570590059672,0.0,0.0,0.2607609315471004,0.30445484535665795,0.0,0.0,0.8608244691921265,0.0,0.6240656587635036,0.0,0.2404103526160566,0.5228028563569795,0.5110461652525694,0.0,0.25277458273143016,0.0,0.0
0.3612771386293012,0.0,0.1968364177669708,0.0,0.08873889354011585,0.6137243669639009,0.03328075658220869,0.5719119584747545,0.35458929384513016,0.4435374822768319,0.10394719517299643,0.4614363665891428,0.5436822536586758,0.03924653353675117,0.1850476134454187,0.5330052192041446,0.5935774415657254,0.603944191451942,0.1906497951609569,0.17519506869216958,0.2899957528573836,0.19696535479992172,0.5919679588180792,0.29935311422647704,0.7304516356399208,0.7261066713467768,0.41087304463181895,0.371174883137584,0.3152247356627982,0.03205170601558288,0.3267753987928819,0.0,0.30379745360694826,0.10761020636207697,0.0,0.13127658595452166,0.20880808879649,0.13051713570450818,0.05141618503887471,0.47229474026483426,0.28615373344697903,0.0,0.18734017872749717,0.0008596674511313074,0.3349854015851632,0.32081022745730786,0.7293856291909442,0.32565154690367987,0.22153510540282897,0.2005162943729483,0.7491213091776352,0.5502711164246554,0.5258896279060391,0.27636249808066843,0.6087706133150764,0.2756899311831571,0.31824743609620953,0.6294686260241822,0.13380143751168977,0.3364028651777465,0.2312536586413962,0.5723899825654774,0.28158246376049423,0.31198279819628344,0.22359711127505086,0.33853425067135984,0.20236818958851352,0.6507890590840838,0.25157793520007277,0.5839230873552019,0.697989152736405,0.5317693674616228,0.29588461492970614,0.5027933343977447,0.15483295797909694,0.007742183525616425
0.2443521455846792,0.1968364177669708,0.0,0.015427142495727589,0.7212931108985483,0.5405769752789515,0.3250498642671913,0.6054896786247326,0.7550563519760697,0.20563177806257132,0.8906566567618351,0.3061232360552298,0.6127841568983893,0.4411383986016799,0.4333055504791795,0.39949703852156915,0.34082756804779124,0.4623441840026774,0.8457580329665983,0.6266955240728753,0.2530245268603709,0.5369720856682401,0.557559702223268,0.25967505598542456,0.4166017077503859,0.46822100147265305,0.6556095309122666,0.5912081322772491,0.49799205909836664,0.4520407717224196,0.34837010745687086,0.0,0.0,0.0,0.024607217071790616,0.0403618771185546,0.1391391220375165,0.06160849535195745,0.0,0.0,0.0,0.0,0.10259681626354032,0.0,0.0,0.33504212555857893,0.41090785314338524,0.9153219341448744,0.0,0.5129731897336729,0.46836212993901616,0.24044029762042185,0.49217182478931887,0.6211707466691871,0.2667197638643762,0.8056861291398916,0.1439077485299779,0.4265841462963888,0.16622355879415224,0.38907049744386535,0.1924491594497042,0.38404959011913387,0.4007988335608076,0.7013044498284422,0.5600548137975412,0.17718692828727486,0.49417405110096757,0.5797582931016384,0.26539856100429293,0.47374753718502305,0.4884038044828746,0.5741186376931097,0.5521914222999363,0.3617236241197682,0.1805174444568166,0.28129550454157926
0.41329513077812396,0.0,0.015427142495727589,0.0,0.31784787173208834,0.2201288188171467,0.4449026030402265,0.08212005486645572,0.22952857084315537,0.0,0.10806808653638643,0.0,0.13371045991105324,0.2332787139531705,0.0,0.33609789556927583,0.25928437114959935,0.27207517016222493,0.005861946676236338,0.0,0.47709704872495395,0.0,0.24953113102828078,0.0,0.12258574959588281,0.0,0.23374740879629102,0.15775131692865374,0.20015118183017058,0.0,0.45460122703328343,0.0,0.11639449818800666,0.4944646140634503,0.338166137835253,0.3660844807724096,0.028914420195493645,0.2571975348554375,0.0,0.2666071813982759,0.04463582242290108,0.0,0.5119452985361626,0.0,0.31628150289901097,0.3769220094750313,0.030181169582273057,0.03215185175682077,0.49492561395210577,0.5216384600018177,0.13867838713007724,0.4492284034279387,0.2418455586949252,0.3663530101799214,0.0,0.26100826697020735,0.0,0.05098759316864497,0.5252730529941988,0.0,0.0,0.0005088824261427483,0.12716085630888893,0.0,0.0,0.4534143952209594,0.0,0.21297748610149436,0.0,0.0,0.07191946837577418,0.25198760296971273,0.0,0.15006280902328623,0.0,0.0
0.471189321092202,0.08873889354011585,0.7212931108985483,0.31784787173208834,0.0,0.6241444029761622,0.6442713876670546,0.5128373160441919,0.7792375760436441,0.0,0.8288350432044213,0.0,0.6216965554995162,0.6298375852212534,0.4321280887889881,0.5437308502741137,0.35934134474563284,0.5474894302904074,0.46009688790659586,0.5171554710506373,0.5205950858411679,0.3125491109683941,0.5840042038932481,0.0,0.3109380132500277,0.13954605916110258,0.751813096691937,0.6614760592847543,0.6882202699048363,0.06891163957243529,0.43939336286193864,0.0,0.0,0.08399190808807427,0.19064256220488188,0.12650308440052,0.2844829992281708,0.054795042483267234,0.0,0.05234440045256378,0.0,0.0,0.39160889145728234,0.0,0.03495050202636037,0.4915687032505732,0.2600886805635564,0.6779517951874563,0.0,0.8186890367317081,0.45582329172271574,0.4488729921996709,0.5668289234460759,0.821163416657092,0.0,0.8527111621107862,0.0,0.3577192101228742,0.5377368104352653,0.32396290080733886,0.0,0.24862838519634117,0.42322637746012653,0.3192908688848819,0.4355666265603195,0.37296224289270713,0.2473854706021003,0.5681585172987949,0.0,0.253997379675953,0.3535326773708374,0.6750860806834,0.45534681698113677,0.3415636463012548,0.0,0.0
0.6463524254373859,0.6137243669639009,0.5405769752789515,0.2201288188171467,0.6241444029761622,0.0,0.45660073108611904,0.8112630317992732,0.7366167743974792,0.08684800882326327,0.5277638233859134,0.1156964957791683,0.7311369323704967,0.46357890700200904,0.3435361582152912,0.6564002487169942,0.558266326866799,0.6984966122241443,0.4142280362469304,0.35528318310703344,0.7005010921435492,0.22428699598290228,0.8734421270925916,0.06524736453870639,0.6757523396784539,0.4899381669382125,0.808296525232402,0.5658929443230013,0.7577870486474909,0.0,0.48861321981231776,0.0,0.10324871215459544,0.21143392251127766,0.012539202326052996,0.2538763840955107,0.2355071653481675,0.23093725454476646,0.0,0.41186672888471876,0.11957212262255211,0.0,0.45250587494755734,0.0,0.2493317620279567,0.6406906925007049,0.6323223301905578,0.5889035927309941,0.1741304662623373,0.6149664534735211,0.7982898639879416,0.6604415553662818,0.7931548645527183,0.7021111511508741,0.3185837191572014,0.6646988494194603,0.0,0.6024149750337585,0.4152040384695086,0.3527503263055805,0.0,0.4763616064134172,0.43790779190735896,0.34668797290546205,0.3231174364490528,0.6401184537736567,0.18643951593099298,0.8434306590889413,0.05512626402675447,0.5036530781155306,0.696382034870091,0.7700384663737733,0.35666845726234603,0.4971682477212217,0.0,0.0
0.49831554120159993,0.03328075658220869,0.3250498642671913,0.4449026030402265,0.6442713876670546,0.45660073108611904,0.0,0.24631690691523245,0.4341362390470943,0.0,0.3917484608103841,0.0,0.45823781451502144,0.4976320773998001,0.10779293378360594,0.5332153368165151,0.4388500425700982,0.5448974881296638,0.24033750293342915,0.14370532562765612,0.5272187330451386,0.02315502589853985,0.41236328650934917,0.0,0.2956005555008968,0.0,0.4544915279041438,0.40271021925573414,0.6271803507336181,0.0,0.4193111003474401,0.0,0.0,0.21324006689126343,0.3120958776535457,0.2596635159677109,0.29726519754670816,0.16151737526723117,0.0,0.05516044698841448,0.0,0.0,0.34607263259470855,0.0,0.213919951426155,0.437385579745897,0.19330056976002796,0.23595915336757742,0.050913080099933644,0.5080632779098493,0.23826682012317832,0.41260694439200063,0.3657975132849581,0.5190074313174813,0.0,0.38359463911291364,0.0,0.19548198684824272,0.4297179154906103,0.015265164357772809,0.0,0.16848618430070736,0.31279154857685904,0.0,0.07853163331486734,0.40677521279951423,0.0,0.36734261911497057,0.0,0.12973334228918557,0.15316216378923422,0.40235868422142007,0.10457287129167919,0.15796847300632333,0.0,0.0
0.5477400099922232,0.5719119584747545,0.6054896786247326,0.08212005486645572,0.5128373160441919,0.8112630317992732,0.24631690691523245,0.0,0.6201482178686015,0.24138002509513862,0.5200313855298258,0.309132487502365,0.6338194173412627,0.43943838278710384,0.3516682467285673,0.5204399482683081,0.4356719171998349,0.5860335994856294,0.5020183170005861,0.38307166077533716,0.569995886995565,0.31097697788764755,0.8565925976666781,0.30064825576049564,0.6348354763045624,0.6061232865365018,0.6164539674944893,0.586615570171281,0.48920162945254847,0.20697781489679606,0.48853767438587536,0.0,0.0,0.15533393810627139,0.02918638762671366,0.2164203323711472,0.23633858573853916,0.2562733517235531,0.0,0.2667629311760684,0.09012630288435783,0.0,0.27633265142283514,0.0,0.2597534848241927,0.6110261329084818,0.6255332068156572,0.6570007146455554,0.11094272603350526,0.5042728107543344,0.6873193307847072,0.5062750455674213,0.8196816087885721,0.5557008077821322,0.4012161367912285,0.6341231703339711,0.1388942694240623,0.5730268098106286,0.31269215127670114,0.4052516765403931,0.06565887218405009,0.44666569259881017,0.33627759577640215,0.5057392677840673,0.3180436004591717,0.5169685127505743,0.29650480508126925,0.8071127188110248,0.27614919381854924,0.5011099752790877,0.7218008117993269,0.6035162575310763,0.4406058694735545,0.3639816966448197,0.09681945681946699,0.038995378849399145
0.5574621465441194,0.35458929384513016,0.7550563519760697,0.22952857084315537,0.7792375760436441,0.7366167743974792,0.4341362390470943,0.6201482178686015,0.0,0.07609463520227464,0.7572108109222256,0.09373375257966635,0.6593472663112789,0.334756853146016,0.3420890461316448,0.5794591627234712,0.5221789553523679,0.6313612997061356,0.540626536291274,0.42275334587303115,0.5571652059080643,0.28422445036958044,0.7041048313957488,0.07409971509180077,0.5201064107533899,0.37216234897248057,0.7781836695926603,0.5691701995425846,0.5755476685059369,0.11766456550983875,0.5338417322866466,0.0,0.0,0.10374710387677763,0.08012286308171729,0.2566316838717813,0.21034002140513708,0.22971990396146036,0.0,0.2826709988728206,0.0,0.0,0.4164014655470495,0.0,0.24649010326612525,0.5898960221051083,0.44770776700423826,0.7526325840158656,0.07293612015363479,0.7571952814385889,0.6339870613175972,0.5606714113221527,0.7081329215891361,0.8864805593392207,0.25407664931358936,0.8517442627965784,0.0,0.48637528219717807,0.3586911523502975,0.341027733808463,0.05379248292174285,0.4401932125449761,0.49190310548144056,0.3517385751577521,0.3680172486265766,0.5131748894699407,0.2079057678706364,0.7107097426838035,0.18874839963601833,0.4414174650263899,0.6097694856789412,0.7333776650427439,0.4136988525665436,0.4611038856048509,0.0,0.0
0.0,0.4435374822768319,0.20563177806257132,0.0,0.0,0.08684800882326327,0.0,0.24138002509513862,0.07609463520227464,0.0,0.0,0.7804799989583697,0.2587425386378545,0.0,0.07224218245432037,0.10624692912523476,0.38828373486879564,0.25952198970732354,0.3324611792776627,0.21699848548998474,0.0,0.31665143292842013,0.11451177177852592,0.6069536343515399,0.4149506816883912,0.5889236403984809,0.031088927025658464,0.09792077476753308,0.047298759112189226,0.48246803218819034,0.12321043684687155,0.2307136586100031,0.11235789315293843,0.0,0.0,0.0,0.0,0.198815597666364,0.41473485488510975,0.023162074864678778,0.21052509370624026,0.24071328846735185,0.0,0.1912986734320517,0.14711757671896525,0.0,0.40461103665429204,0.29488149843046013,0.0,0.0,0.2272198165788994,0.08250246090644792,0.11084212940529403,0.0,0.7991023601244936,0.0,0.6180498116193476,0.41574186312976735,0.0,0.08776571483915332,0.636029886033591,0.5322769759966278,0.3592507216365345,0.48907491782764534,0.2686746973932132,0.0,0.3542673716498294,0.220794798560847,0.5756508640911961,0.5129698503711818,0.3643756338456483,0.07856188345107148,0.3310750262674467,0.3522221601172228,0.6486375987102895,0.6047678852811937
0.3065262177847098,0.10394719517299643,0.8906566567618351,0.10806808653638643,0.8288350432044213,0.5277638233859134,0.3917484608103841,0.5200313855298258,0.7572108109222256,0.0,0.0,0.08047811005286234,0.587020215845642,0.4732050539824211,0.3803537968909347,0.44783959346572527,0.33471915863810175,0.5093027041065866,0.7421154559727987,0.5567653617799893,0.2999201600051768,0.4151631926480686,0.5116173872791756,0.02415895444216884,0.34328267159401193,0.2659872805742388,0.6608480047863574,0.6131396630796434,0.5151122741353523,0.2747017862171118,0.3617198602360677,0.0,0.0,0.0,0.10829024498974216,0.0,0.10641619786864008,0.003090738046950592,0.0,0.0,0.0,0.0,0.2579474547667414,0.0,0.0,0.3732053341346302,0.29586542633205015,0.8485577540736049,0.0,0.6533345833127908,0.4162899371815312,0.2649338266633654,0.472398574561321,0.7175192897215019,0.09636924872431879,0.8835431566009657,0.0,0.3342870469192265,0.3398992868320726,0.2730426566813918,0.0,0.34241428860909984,0.4013906424558017,0.5832916179136225,0.4788932194364897,0.18620882906682784,0.34420084748279667,0.5119973964102719,0.0570843667455436,0.38129552841117864,0.39237567779479265,0.5858714321861888,0.4719180785270507,0.28583422309798495,0.01927377672016445,0.0821114227566621
0.0,0.4614363665891428,0.3061232360552298,0.0,0.0,0.1156964957791683,0.0,0.309132487502365,0.09373375257966635,0.7804799989583697,0.08047811005286234,0.0,0.3786197029095994,0.0,0.360206972583283,0.0,0.15652574732142527,0.14111585387366604,0.31400987506399214,0.45093156337151474,0.0,0.5204354916955816,0.05141320409762651,0.7881038679337408,0.246166839493168,0.7263333733511421,0.06983529975489491,0.22547554982764814,0.0,0.5735212758475368,0.0,0.10267661996565314,0.0,0.0,0.0,0.0,0.0,0.06969985867378098,0.3891436823119186,0.0,0.003958760364510566,0.15385359846940444,0.0,0.2894074007920617,0.0,0.0,0.39148804267505866,0.3929531916313562,0.0,0.0,0.2972448955676666,0.0,0.04893102134962202,0.0,0.6271600266393258,0.017507262268674384,0.8659569639601697,0.48309080936925575,0.0,0.34096426432148697,0.5747118475087576,0.5116727984918775,0.22375017220528248,0.6138900199978274,0.44197058370948605,0.0,0.5952435081501222,0.20661062022867813,0.646545260060762,0.4616581723993337,0.36934961259212906,0.09501345526159954,0.4987135827987221,0.250365844880447,0.7229581872037296,0.6076466746145353
0.3352000883856456,0.5436822536586758,0.6127841568983893,0.13371045991105324,0.6216965554995162,0.7311369323704967,0.45823781451502144,0.6338194173412627,0.6593472663112789,0.2587425386378545,0.587020215845642,0.3786197029095994,0.0,0.38695978720899016,0.5300523975299825,0.6149828421102645,0.5665335624539518,0.677398023866745,0.39420105002831496,0.5865829916150577,0.39055045719224074,0.5619470940276386,0.6455276147444162,0.1904308423126857,0.43032358894965045,0.5484832830427614,0.5958473152050897,0.8490731728591954,0.6031944040179157,0.31132273839262314,0.47362589977900804,0.0,0.0,0.0,0.0,0.08806446656902342,0.3107262868338722,0.11747223957753924,0.0,0.12570191769107142,0.0,0.0,0.2259626768101975,0.007201656294387793,0.20816708333427958,0.35281438609984717,0.5032637720596331,0.666350216262359,0.0,0.5809323110005955,0.6683764794209192,0.5186370822635205,0.628705203005086,0.6050070774201659,0.38371102453981454,0.676954904446997,0.3173271808951611,0.804128003500516,0.2622286220249289,0.5209092764325636,0.12897253934507577,0.6733081019119194,0.49521231769895036,0.4350686777705462,0.5527187178377426,0.3740100229811162,0.4931740302088593,0.6992541149465153,0.1833672358680723,0.4553410937095812,0.5905868021786858,0.6199751385013699,0.6801593752102009,0.5274182476121176,0.07509071258775098,0.10620079809587424
0.3452448199949831,0.03924653353675117,0.4411383986016799,0.2332787139531705,0.6298375852212534,0.46357890700200904,0.4976320773998001,0.43943838278710384,0.334756853146016,0.0,0.4732050539824211,0.0,0.38695978720899016,0.0,0.31158832791612284,0.3536382731267324,0.10950025193370477,0.25247732470977136,0.2723737987880797,0.36751331800468184,0.37470885314517977,0.2814763889372907,0.4361426426777306,0.0,0.19640399224721966,0.08253604456168581,0.46771194482369144,0.47386658672023735,0.5463978743917084,0.06737342242066041,0.29960421896151085,0.0,0.0,0.08451859810489348,0.2366615244581027,0.2595990736707135,0.3640553800396763,0.09534309094320034,0.0,0.0,0.0,0.0,0.2026125560825912,0.0,0.05002345060860283,0.3635448605422485,0.2501940300996721,0.31729160576690923,0.0,0.451054762315629,0.26924518010485565,0.23475025789800058,0.3907557948164906,0.3954453501963032,0.0,0.4404892104652838,0.0,0.170752610814683,0.39114614785707064,0.21609057514025598,0.0,0.0045787609311999655,0.16112288117000592,0.17491976129383352,0.28909973657395305,0.21480811359391275,0.22308285002499673,0.41749585576944276,0.0,0.16628123638545994,0.2286611734209574,0.4229610243242739,0.2674798703827402,0.1549268936020582,0.0,0.0
0.0,0.1850476134454187,0.4333055504791795,0.0,0.4321280887889881,0.3435361582152912,0.10779293378360594,0.3516682467285673,0.3420890461316448,0.07224218245432037,0.3803537968909347,0.360206972583283,0.5300523975299825,0.31158832791612284,0.0,0.19546992006433947,0.0,0.21545876023113725,0.18431532281981158,0.8452593806412625,0.11481834105136773,0.7915747621310901,0.24028912641358574,0.2223308619172224,0.05995996139304913,0.40988235347383367,0.48948705059670183,0.6805362775236153,0.4535291558975775,0.486790999090401,0.0940118434974444,0.0,0.0,0.0,0.0,0.0,0.2284052329577999,0.0,0.0,0.0,0.0,0.0,0.0,0.07138074776001566,0.0,0.0,0.26680725362305835,0.4573711694671426,0.0,0.26950499983874304,0.3535317931303703,0.13151873477949402,0.3109906233704024,0.24640164925920124,0.05275209221185603,0.41566277812296626,0.31668387267552106,0.4634895784050275,0.06820450041948695,0.7905785064398371,0.1723787842895868,0.2982142225686596,0.2100803083360133,0.36562566360857374,0.7517458548925725,0.12480919080724329,0.781785292655395,0.3643927250641496,0.14315170817020947,0.2529290108246461,0.25213674323370605,0.4046598202426701,0.7133419350276426,0.3352138193482221,0.33428241140431714,0.27774144012921076
0.6525521484361556,0.5330052192041446,0.39949703852156915,0.33609789556927583,0.5437308502741137,0.6564002487169942,0.5332153368165151,0.5204399482683081,0.5794591627234712,0.10624692912523476,0.44783959346572527,0.0,0.6149828421102645,0.3536382731267324,0.19546992006433947,0.0,0.7371475943616852,0.8638003506979572,0.3642725302277811,0.3157687422500656,0.6305727836728378,0.28846439514580546,0.6919591194780069,0.0,0.674782228381986,0.2853177975966601,0.6370647244210814,0.5778158756565269,0.6515808328461319,0.06232840787243088,0.745046260610791,0.0,0.23835011181890242,0.4284041092610476,0.12426327382787955,0.3087660138660356,0.29310718434090033,0.23039632747504188,0.0,0.42902628596109754,0.14087762302275728,0.0,0.39243220401989687,0.0,0.3837062582612286,0.6358556781314166,0.48993031346212096,0.46367288665899553,0.23452565317394714,0.6157608921751689,0.5782327599560162,0.660832353768023,0.6075508628409703,0.6016087265582786,0.41271940009594055,0.5836790729523841,0.0,0.48513412159885116,0.43589623906034897,0.3106302613589228,0.0,0.49578681585491313,0.5613685318295614,0.2637182205372283,0.24917511557774097,0.6047852425270391,0.09300413207010011,0.6947661655285801,0.0,0.4971393726292337,0.5772096024045148,0.6654900240945845,0.3228417803400144,0.5697414294164885,0.0,0.0
0.6360701896688603,0.5935774415657254,0.34082756804779124,0.25928437114959935,0.35934134474563284,0.558266326866799,0.4388500425700982,0.4356719171998349,0.5221789553523679,0.38828373486879564,0.33471915863810175,0.15652574732142527,0.5665335624539518,0.10950025193370477,0.0,0.7371475943616852,0.0,0.8544101891427885,0.30185493618715076,0.06046769664018925,0.5387723151605917,0.0,0.5698615706047542,0.0,0.652276905508635,0.28741319625000916,0.4715945299671408,0.4233059988137109,0.49315621855488195,0.0,0.6346813871186274,0.0,0.3960681660936039,0.38907467778875815,0.0,0.3143856180506657,0.21757603539772974,0.34468865296939877,0.0,0.5729474670534969,0.3969364997299567,0.0,0.4287840670924302,0.0,0.49867669040620516,0.5794059832195644,0.4971367539865181,0.35075931262973403,0.3331355041966275,0.4993079347892479,0.5904570949323751,0.7121915725765281,0.5730759950173154,0.5683383050877278,0.5329925379365195,0.41910550073352415,0.0,0.6234103563788368,0.38142991946244953,0.13885189643703427,0.15347934822495418,0.739286638324385,0.6105750151238475,0.23329913528640392,0.12099343064867116,0.5443129225083666,0.0,0.5567527693773493,0.06410915898808595,0.46882564844999647,0.6059284014905496,0.5863827556441126,0.2717537646545798,0.56502312140856,0.0,0.0
0.5837529366505765,0.603944191451942,0.4623441840026774,0.27207517016222493,0.5474894302904074,0.6984966122241443,0.5448974881296638,0.5860335994856294,0.6313612997061356,0.25952198970732354,0.5093027041065866,0.14111585387366604,0.677398023866745,0.25247732470977136,0.21545876023113725,0.8638003506979572,0.8544101891427885,0.0,0.4179256246342062,0.32053526174913594,0.5772430116720912,0.2468958453493438,0.6556201246336179,0.0,0.7007522318371234,0.39112352536282935,0.6718199115977812,0.5695946399967957,0.6688186374935656,0.1007284251432455,0.6424897293187231,0.0,0.27966805100530123,0.3055994100714644,0.0,0.25122398347017394,0.25296632962641763,0.2588021936888419,0.0,0.47180917209727347,0.19663827623233443,0.0,0.43064806741073236,0.0,0.3352996494255783,0.5505850924776332,0.5343129848453951,0.5267012759969971,0.20672275415807412,0.6020580107227338,0.6555972395586706,0.7000635295940716,0.6663245636101595,0.6344229170306356,0.46344404567880243,0.5837394051314522,0.0,0.5934631418572693,0.39634338592563245,0.3197422655920632,0.06603232753056726,0.6404918717426347,0.6422100145425133,0.3648107307998061,0.3260224451445604,0.5379807302564303,0.15097023229342588,0.6746281995416382,0.0,0.5424067207868453,0.5894136670399658,0.7259195324019951,0.3811811580535012,0.5968001505135807,0.0,0.0
0.16343876392977377,0.1906497951609569,0.8457580329665983,0.005861946676236338,0.46009688790659586,0.4142280362469304,0.24033750293342915,0.5020183170005861,0.540626536291274,0.3324611792776627,0.7421154559727987,0.31400987506399214,0.39420105002831496,0.2723737987880797,0.18431532281981158,0.3642725302277811,0.30185493618715076,0.4179256246342062,0.0,0.4086401786759147,0.13795730152351982,0.3518636556317243,0.44922437393615583,0.2940726438120198,0.49778795140175097,0.40170651690575004,0.4927637420938979,0.31116222222133244,0.3897829458791095,0.4339387361897139,0.3128598400456708,0.0,0.0,0.0,0.10153639360453538,0.003566139290216902,0.0,0.11507913549034914,0.0,0.0,0.0,0.0,0.07177731258219859,0.0,0.009852963800656617,0.24921916701265495,0.4342190647789313,0.7838374846248856,0.0,0.24319808664867032,0.3358250913602481,0.1708335110927392,0.34750513796465154,0.37230639626922546,0.38901361627127956,0.5583858221424716,0.125556554654018,0.273704420757222,0.012392456479020375,0.15395018184492898,0.2495924748500068,0.29222063490580164,0.3978798070819561,0.8287939201112664,0.34258470604024327,0.0804718038455785,0.28945147830035467,0.4541350294761087,0.2742048538857258,0.538795951299209,0.4328329927948309,0.4066698813963345,0.2699102609837449,0.32343587295129583,0.1969596516243861,0.3179121723506087
0.0,0.17519506869216958,0.6266955240728753,0.0,0.5171554710506373,0.35528318310703344,0.14370532562765612,0.38307166077533716,0.42275334587303115,0.21699848548998474,0.5567653617799893,0.45093156337151474,0.5865829916150577,0.36751331800468184,0.8452593806412625,0.3157687422500656,0.06046769664018925,0.32053526174913594,0.4086401786759147,0.0,0.006980128342152281,0.9190307061573286,0.29644432095920703,0.2447445019379824,0.22747946570468908,0.44946500046868476,0.5985179698525483,0.7065176329976697,0.5142923888926066,0.6509647590836722,0.17820810415300387,0.0,0.0,0.0,0.0,0.0,0.14522953010344378,0.0,0.0,0.0,0.0,0.0,0.0,0.12057231553865314,0.0,0.0,0.3141878200256519,0.6586832124553297,0.0,0.2906589542883902,0.39410871111376355,0.12999549489973308,0.24487447316096003,0.27800056963504716,0.2024509710658819,0.49795612446764365,0.36064847199801464,0.43319782914733096,0.025758287582413053,0.6826407232063332,0.3151248337811811,0.32782494020793396,0.3908220864793849,0.5779121056748675,0.8930689865435688,0.0,0.865470923663633,0.42065387909204,0.16308066415630273,0.40146440624286084,0.3072910149696258,0.5103370376020395,0.7777896936973142,0.4538172021616226,0.4247735965436516,0.4414792313112945
0.9013359434374708,0.2899957528573836,0.2530245268603709,0.47709704872495395,0.5205950858411679,0.7005010921435492,0.5272187330451386,0.569995886995565,0.5571652059080643,0.0,0.2999201600051768,0.0,0.39055045719224074,0.37470885314517977,0.11481834105136773,0.6305727836728378,0.5387723151605917,0.5772430116720912,0.13795730152351982,0.006980128342152281,0.0,0.0,0.7603220166319324,0.0,0.4465331017485201,0.0,0.5641286401208485,0.40365726785305467,0.6020558347097095,0.0,0.6815156241934122,0.0,0.24772963807909296,0.5516426732798466,0.2701863434538356,0.4781925364712648,0.2809463959947794,0.36037182427543546,0.0,0.4569524848472333,0.2068688544482034,0.0,0.5964340270188146,0.0,0.41275232809066187,0.8346423291967202,0.3406777274151367,0.2448702502649345,0.4068800203532801,0.6592924578629686,0.45798991438821196,0.6482338269607171,0.7373152247933616,0.6921801180477664,0.1134242616478687,0.49313612496624276,0.0,0.31071635899754135,0.5580404972858145,0.19753726935463528,0.0,0.26724752831842613,0.33953740961401374,0.0,0.0,0.9082517819859914,0.0,0.65062752113094,0.0,0.18580867240111787,0.44826952641353546,0.5354632916495095,0.0941182100594978,0.24240438257868166,0.0,0.0
0.0,0.19696535479992172,0.5369720856682401,0.0,0.3125491109683941,0.22428699598290228,0.02315502589853985,0.31097697788764755,0.28422445036958044,0.31665143292842013,0.4151631926480686,0.5204354916955816,0.5619470940276386,0.2814763889372907,0.7915747621310901,0.28846439514580546,0.0,0.2468958453493438,0.3518636556317243,0.9190307061573286,0.0,0.0,0.19156598652208043,0.3739406848265062,0.14879056678370806,0.5039098962364551,0.37149636951501475,0.6719805362505165,0.3473046385172033,0.7109544056808649,0.1619154885778688,0.0,0.0,0.0,0.0,0.0,0.17061401959783937,0.0,0.0008901481256173016,0.0,0.0,0.0,0.0,0.2629656841442472,0.0,0.0,0.32881553924838397,0.5482924659031422,0.0,0.139866917054128,0.3256697496315448,0.042181446444751525,0.16726163463109073,0.12312096074553774,0.2741545330881083,0.3630451904758676,0.4553878274866938,0.43825941380927597,0.0,0.705138438891074,0.4003021915624815,0.35457651172138216,0.3296054650872673,0.5266685086364431,0.8165618507623175,0.0,0.9190740408249296,0.35877418298867714,0.2840260837026656,0.4219410871439145,0.27991730960487676,0.30915258012706776,0.7618399208693916,0.36349870610980217,0.45012993201361917,0.5964229771742754
0.7641012902657026,0.5919679588180792,0.557559702223268,0.24953113102828078,0.5840042038932481,0.8734421270925916,0.41236328650934917,0.8565925976666781,0.7041048313957488,0.11451177177852592,0.5116173872791756,0.05141320409762651,0.6455276147444162,0.4361426426777306,0.24028912641358574,0.6919591194780069,0.5698615706047542,0.6556201246336179,0.44922437393615583,0.29644432095920703,0.7603220166319324,0.19156598652208043,0.0,0.023450649434530124,0.6958996765097234,0.457075366092142,0.7304540445064724,0.5616628830084154,0.6727519442416154,0.012676117266289533,0.6313680841186553,0.0,0.1145967944539123,0.3045496329961209,0.0816965148592837,0.29650909165939127,0.24797826575625156,0.3065863161575422,0.0,0.40302757278459045,0.128248737568963,0.0,0.4062785730015843,0.0,0.37001059872278375,0.7566012457061778,0.6316316032468582,0.6037789654161985,0.23691768176653275,0.6260032601066676,0.7299505264257353,0.6448295407852436,0.8529975309334303,0.693667134767546,0.3656828152365753,0.6417409422493545,0.0,0.5589098474536363,0.4175784904877144,0.338981086483066,0.0,0.4612973607843769,0.4341459409170124,0.350617180353243,0.2186481967866287,0.7225709470879031,0.11383809463406483,0.9389096653430946,0.08971228765078235,0.5067247456168338,0.7449187858687129,0.6981492735285492,0.3231031315918356,0.42544423092641026,0.0,0.0
0.0,0.29935311422647704,0.25967505598542456,0.0,0.0,0.06524736453870639,0.0,0.30064825576049564,0.07409971509180077,0.6069536343515399,0.02415895444216884,0.7881038679337408,0.1904308423126857,0.0,0.2223308619172224,0.0,0.0,0.0,0.2940726438120198,0.2447445019379824,0.0,0.3739406848265062,0.023450649434530124,0.0,0.19360904392069098,0.6850205809712626,0.0,0.05004355805620661,0.0,0.504189775038596,0.0,0.11915610297008879,0.06897623699313318,0.0,0.0,0.0,0.0,0.20004709908486368,0.38645214286844304,0.0,0.12412681533114207,0.14458281933119815,0.0,0.2208081790816184,0.043927462939750805,0.0,0.2708378846048437,0.26880225110878125,0.0,0.0,0.11155190900870515,0.0,0.050374005300208025,0.0,0.4743507564102907,0.0,0.6292567909564585,0.2536364400194278,0.0,0.16297498350471956,0.6012840966842699,0.3207384504969148,0.18987725588145662,0.41551829623766984,0.2120409425908707,0.0,0.4145480752911269,0.11134783854966779,0.8888775813239763,0.39610539744070744,0.41257875170634684,0.0,0.2828108552962799,0.1374582133904509,0.5693245494172304,0.666683034163575
0.5378077847671279,0.7304516356399208,0.4166017077503859,0.12258574959588281,0.3109380132500277,0.6757523396784539,0.2956005555008968,0.6348354763045624,0.5201064107533899,0.4149506816883912,0.34328267159401193,0.246166839493168,0.43032358894965045,0.19640399224721966,0.05995996139304913,0.674782228381986,0.652276905508635,0.7007522318371234,0.49778795140175097,0.22747946570468908,0.4465331017485201,0.14879056678370806,0.6958996765097234,0.19360904392069098,0.0,0.5787668788659399,0.6482792094375242,0.27433090085391343,0.5335866748709408,0.09307788229649537,0.48875532904324986,0.0573683297147376,0.29387439376069074,0.3104966681796955,0.0,0.17799755981409007,0.128347161617164,0.28272313630159907,0.0035291301035332012,0.5007853883738461,0.3403983059706339,0.0,0.2999092945103034,0.0,0.3457461784554231,0.5595446881983358,0.696133083375319,0.44925201423983785,0.20257970843594925,0.3249148705472767,0.6860511004058664,0.5863280184706879,0.6266115671862618,0.3881761752893532,0.6332357297885293,0.3940316617340098,0.0,0.4521759142963506,0.21192165961742834,0.16064566382415246,0.19588165251695777,0.4330643897231621,0.4404955331342116,0.4432440580420918,0.20765963938765947,0.44870995810988995,0.06317899957848377,0.6786729616831664,0.14902228869863293,0.6894955132015597,0.7555570303634442,0.6727658628567497,0.21408783393227343,0.5931048953548321,0.1343372070583879,0.0037013920304143078
0.06159253836512141,0.7261066713467768,0.46822100147265305,0.0,0.13954605916110258,0.4899381669382125,0.0,0.6061232865365018,0.37216234897248057,0.5889236403984809,0.2659872805742388,0.7263333733511421,0.5484832830427614,0.08253604456168581,0.40988235347383367,0.2853177975966601,0.28741319625000916,0.39112352536282935,0.40170651690575004,0.44946500046868476,0.0,0.5039098962364551,0.457075366092142,0.6850205809712626,0.5787668788659399,0.0,0.32305514393999624,0.3323452329022587,0.2639429882727799,0.3658851381117585,0.14852116778855445,0.028359802216612745,0.07618370628895332,0.0,0.0,0.0,0.08464238482515311,0.15622348473840722,0.1354697893537592,0.16052035631480854,0.09819809350872616,0.0,0.0,0.0,0.14327651201125174,0.14998897723024004,0.5553427292623206,0.5016751020737492,0.0,0.008921631741425157,0.5311980281024297,0.15105768071378944,0.3895925025960193,0.10778624427816247,0.5366911891619965,0.288274802128848,0.5055649828126786,0.5352233508117682,0.0,0.3676161282887182,0.42947410804287023,0.506521606934893,0.2516043599383596,0.5140366576165702,0.3721028881585052,0.03536371155114884,0.4657111641156552,0.5094420218292794,0.5688162075823813,0.5797114366330343,0.6883049968460774,0.353766180448809,0.4300381333770036,0.34973987691152736,0.38787580778361247,0.37274007161174194
0.5096763903807641,0.41087304463181895,0.6556095309122666,0.23374740879629102,0.751813096691937,0.808296525232402,0.4544915279041438,0.6164539674944893,0.7781836695926603,0.031088927025658464,0.6608480047863574,0.06983529975489491,0.5958473152050897,0.46771194482369144,0.48948705059670183,0.6370647244210814,0.4715945299671408,0.6718199115977812,0.4927637420938979,0.5985179698525483,0.5641286401208485,0.37149636951501475,0.7304540445064724,0.0,0.6482792094375242,0.32305514393999624,0.0,0.602248750358047,0.7689462361291243,0.09805797232774127,0.46507933118347655,0.0,0.0,0.08075922484844532,0.0,0.14363626693808781,0.21814966221678367,0.11623973407050417,0.0,0.24444957415536928,0.0,0.0,0.38644103172623323,0.0,0.1299652333034661,0.5414031938636408,0.6007143097163838,0.6652724441853638,0.02503866177971459,0.6958156170317873,0.760423993224774,0.6794032990682606,0.6659351906249944,0.7277964497874606,0.26458289565273707,0.725321567928406,0.0,0.506275450969553,0.41176229363303046,0.47280335341930046,0.059661451596867254,0.39735492095015545,0.4998863952169806,0.46165753286503847,0.5820152706417101,0.5015945476744148,0.35290538505950475,0.7839002397443187,0.0,0.5117675907617506,0.581594361326188,0.9464068332606264,0.499368258456147,0.6421711866348849,0.058096070661379146,0.0
0.2962144017403483,0.371174883137584,0.5912081322772491,0.15775131692865374,0.6614760592847543,0.5658929443230013,0.40271021925573414,0.586615570171281,0.5691701995425846,0.09792077476753308,0.6131396630796434,0.22547554982764814,0.8490731728591954,0.47386658672023735,0.6805362775236153,0.5778158756565269,0.4233059988137109,0.5695946399967957,0.31116222222133244,0.7065176329976697,0.40365726785305467,0.6719805362505165,0.5616628830084154,0.05004355805620661,0.27433090085391343,0.3323452329022587,0.602248750358047,0.0,0.5857858019583615,0.46336232471987887,0.5228784216328093,0.0,0.0,0.0,0.0,0.10371716655021065,0.432918425756163,0.01850917231630661,0.0,0.03477432606501567,0.0,0.0,0.2328430541345674,0.13284829703579376,0.06180295560256836,0.3477825478646011,0.41891734706096617,0.6454891995049097,0.0,0.6440344749846638,0.5714793958827569,0.4732960814397177,0.6003046613467853,0.5986854445202668,0.25268859741275684,0.7193610154078682,0.2326611512105229,0.703059256833031,0.38210526856914795,0.6652784666699255,0.11416143980739674,0.5949158963028383,0.46912446633506566,0.4065927368930506,0.6763603746259019,0.37145020056510236,0.6264206183570092,0.6822381152254382,0.07412384049479884,0.37157845872097095,0.4574624260238972,0.6380092914417146,0.8676386025906093,0.49040441705435023,0.11770829908115893,0.1505076389956515
0.5002004846876199,0.3152247356627982,0.49799205909836664,0.20015118183017058,0.6882202699048363,0.7577870486474909,0.6271803507336181,0.48920162945254847,0.5755476685059369,0.047298759112189226,0.5151122741353523,0.0,0.6031944040179157,0.5463978743917084,0.4535291558975775,0.6515808328461319,0.49315621855488195,0.6688186374935656,0.3897829458791095,0.5142923888926066,0.6020558347097095,0.3473046385172033,0.6727519442416154,0.0,0.5335866748709408,0.2639429882727799,0.7689462361291243,0.5857858019583615,0.0,0.11303209388091096,0.4851469641691796,0.0,0.008797886475884836,0.12560367011676465,0.08602587826333474,0.16215330599500555,0.2539601120645622,0.18391543900031324,0.0,0.16493167100276485,0.0,0.0,0.34484137784544955,0.0,0.11732768780520986,0.5294132163404874,0.4675127941366582,0.4948105912785473,0.0,0.5552238282565327,0.5143792038911642,0.5148649885033965,0.5214642476718419,0.5710350011351342,0.17206109079800672,0.5516129324163831,0.0,0.4237083451697987,0.4442886604480671,0.3084448169299798,0.12804848565654114,0.4038620159317506,0.609120014290064,0.2963273789479665,0.4106038457522093,0.5350158855467178,0.2745590354887737,0.6441003264143375,0.0,0.451492627731016,0.4680141985432407,0.683903898405599,0.4027896570682179,0.5141017092400989,0.0,0.0
0.0,0.03205170601558288,0.4520407717224196,0.0,0.06891163957243529,0.0,0.0,0.20697781489679606,0.11766456550983875,0.48246803218819034,0.2747017862171118,0.5735212758475368,0.31132273839262314,0.06737342242066041,0.486790999090401,0.06232840787243088,0.0,0.1007284251432455,0.4339387361897139,0.6509647590836722,0.0,0.7109544056808649,0.012676117266289533,0.504189775038596,0.09307788229649537,0.3658851381117585,0.09805797232774127,0.46336232471987887,0.11303209388091096,0.0,0.11718497037079567,0.0765039904958084,0.0,0.0,0.0,0.0,0.0,0.0,0.24107573174467323,0.0,0.0,0.0,0.0,0.34447058681346593,0.0,0.0,0.1722811186947128,0.4765417619300314,0.0,0.0,0.07207714966486073,0.0,0.0,0.0,0.36810339065035996,0.1330204971473459,0.4815218285642763,0.2621364467976886,0.0,0.4553459331786491,0.5493839914680606,0.3282886593803675,0.3847820110914074,0.5860942664130722,0.5920866345335136,0.0,0.7053529157341918,0.12175269760374416,0.4433589767362213,0.35574840484996817,0.18391001724697761,0.07388597064853958,0.6256757217857566,0.25633749563024516,0.5927091394996414,0.7828187354285582
0.6557862266772501,0.3267753987928819,0.34837010745687086,0.45460122703328343,0.43939336286193864,0.48861321981231776,0.4193111003474401,0.48853767438587536,0.5338417322866466,0.12321043684687155,0.3617198602360677,0.0,0.47362589977900804,0.29960421896151085,0.0940118434974444,0.745046260610791,0.6346813871186274,0.6424897293187231,0.3128598400456708,0.17820810415300387,0.6815156241934122,0.1619154885778688,0.6313680841186553,0.0,0.48875532904324986,0.14852116778855445,0.46507933118347655,0.5228784216328093,0.4851469641691796,0.11718497037079567,0.0,0.0,0.2370276237561143,0.4394511518252456,0.15449575200649643,0.41310221863255525,0.1952343855002165,0.45343614636318663,0.0,0.3959387604868825,0.20323552702125006,0.0,0.40639999831814705,0.0,0.5189854475939546,0.6790744732933022,0.36642252531122044,0.39665576253762397,0.3569542118632777,0.555172780189656,0.41365042290454407,0.5802723844600656,0.6355723923024352,0.5187681354610459,0.4315675530431037,0.47496615310475165,0.0,0.3675787439382312,0.3926202175294985,0.2595319653913106,0.049911898808163935,0.4776631957384213,0.6003166940063313,0.22279768236651176,0.14913592134237044,0.6660350768629425,0.04696320796781012,0.6427686757812796,0.0905544838374285,0.4061478266652393,0.5032689040420781,0.4849087162227813,0.2555533158527953,0.42581382299135295,0.0,0.0
0.0,0.0,0.0,0.0,0.0,0.0,0.0,0.0,0.0,0.2307136586100031,0.0,0.10267661996565314,0.0,0.0,0.0,0.0,0.0,0.0,0.0,0.0,0.0,0.0,0.0,0.11915610297008879,0.0573683297147376,0.028359802216612745,0.0,0.0,0.0,0.0765039904958084,0.0,0.0,0.2095257737482331,0.0,0.0,0.0,0.0,0.0786704126079803,0.6199791763296578,0.01607154212699674,0.21815523659335334,0.3362757782019589,0.0,0.022889403594256535,0.0,0.0,0.0,0.0,0.1005510866500054,0.0,0.0,0.0,0.0,0.0,0.07589280988776002,0.0,0.019398023312167917,0.0,0.0,0.0,0.147906416208464,0.0,0.0,0.062474057812270625,0.0,0.0,0.0,0.0,0.039035638035817666,0.0,0.0,0.0,0.0,0.0,0.28440626945155867,0.14823389450438065
