0.0,0.362051659577343,0.2990487542539243,0.05695593375729863,0.0,0.3589007296224559,0.4666185516592587,0.42849491575741117,0.44484957266890746,0.15179514308133796,0.4315221437253547,0.0,0.5040014873316832,0.0,0.25153658217597186,0.6273673073077652,0.37893244440377305,0.4962129710480213,0.05684493270474608,0.2522487788902307,0.5096073875075098,0.619707670934307,0.44904913119169776,0.0,0.6065960034249827,0.30740496463527767,0.3611398429242246,0.2272696303881082,0.7114911640761561,0.5613739882006247,0.6228805750557914,0.2066984748517155,0.5396221314528427,0.3949690286522564,0.0,0.0,0.0,0.0,0.0,0.4921748480366899,0.21132510419174166,0.0,0.1762610631997214,0.0,0.0,0.8415419899498963,0.3993745474111939,0.20878956862535109,0.0,0.0,0.40763114915608795,0.5404753946771435,0.3497504390054531,0.47276648310983027,0.5105494154499648,0.4104814580964181,0.0,0.4296722986787658,0.09813994153367009,0.1856640519518599,0.6048329651547975,0.5873114417798373,0.48328742052234314,0.0,0.32010933904009764,0.4670996207850896,0.27982430299735545,0.3681027680421067,0.0,0.615613819431382,0.46635269227267195,0.38289122571966105,0.006209496074546295,0.6529395132065291,0.03804751074978066,0.13139679436805257
0.362051659577343,0.0,0.0,0.04133775015500782,0.0,0.3873209194707983,0.24105108627731525,0.5052243349921446,0.050605589343314245,0.3901150756379902,0.003591860319585194,0.21075495418453774,0.5060207998924661,0.0788021155109363,0.08857101663378719,0.27110830432839583,0.45890933926940924,0.4001414864531936,0.0,0.11696592955119178,0.41693060281452254,0.2608149185415956,0.459499942999191,0.0,0.6728166690877234,0.6119981059758912,0.0,0.045840866092969224,0.31867970490527975,0.28465633243153343,0.3352930821748097,0.3502297299098367,0.21417468864934303,0.1542216491594375,0.0,0.21228537062439873,0.19255399234758142,0.0,0.053070628889646976,0.20004811632351654,0.0,0.0,0.2432741788961599,0.005239794508297535,0.0,0.3017027908975706,0.5780109626119126,0.0,0.0,0.0,0.3110033621191069,0.1350261078087792,0.331882313828714,0.06357331255280421,0.5768564257885114,0.004961434167430473,0.2430879996646147,0.32122930512762626,0.09312333579002931,0.07484049810520063,0.04586507083809255,0.4850925488645331,0.09185754055120765,0.0,0.0,0.3624643423102455,0.0,0.2482580413788442,0.043829827132590676,0.5183373315542716,0.37809309581436645,0.0,0.0,0.02493609269573943,0.0,0.0
0.2990487542539243,0.0,0.0,0.0,0.3568863649253978,0.490406371367476,0.41317946243543496,0.25970060671596323,0.7168932075416321,0.019983872823631066,0.8417541941859532,0.4611049774390964,0.25564672097599966,0.2858938103462796,0.5126553064284406,0.2685710272550916,0.12017676693216744,0.0,0.8119300828932978,0.6277622589164492,0.05861237417355408,0.5582197476588028,0.4322920962991337,0.1155347832108692,0.0,0.19479150870636797,0.8361056753553033,0.46791948238422665,0.3893509950570736,0.5181496306392812,0.2012680312768347,0.0,0.07498443951967589,0.147847546188637,0.0,0.0,0.0,0.0,0.0,0.04604070562592075,0.2559241866448743,0.0,0.0,0.0,0.0,0.2333393078305828,0.12236510910790968,0.788610665230307,0.0,0.37742570199756664,0.4018851527054588,0.5238949236899778,0.40596029971000513,0.714439431434009,0.0262889246974361,0.7231541313303558,0.08312190084204238,0.2565539573951341,0.3567188924993733,0.5157399105315642,0.28454736912989015,0.11240067293785538,0.015196439819211427,0.756958050712846,0.7234002260426163,0.0,0.5816938048908349,0.44009413156693455,0.0338968266011018,0.028530488504875523,0.19275025477524269,0.7580248612054652,0.3356727754287626,0.2981264739790087,0.37291801054894647,0.25745126550605313
0.05695593375729863,0.04133775015500782,0.0,0.0,0.0,0.0,0.1587833000022093,0.14249164269193318,0.0,0.0,0.0,0.0,0.25725603835741195,0.0,0.0,0.24218332485938115,0.10298378165983771,0.19679457047533708,0.0,0.0,0.09523766162683307,0.048279746407196705,0.0,0.0,0.06752132823266568,0.0,0.0,0.11053369227455598,0.03576702690453981,0.0,0.2770424739132271,0.40519469120606016,0.07951545021300421,0.2996417952578032,0.0,0.08160569427143469,0.41912000539291905,0.08929427961024874,0.3050261292630426,0.15291976613544433,0.0,0.0,0.5569421220711329,0.48773442836753256,0.0,0.06626072881589157,0.0,0.0,0.1738930576863594,0.0,0.0,0.11419928825774003,0.0,0.0,0.053340645760236546,0.0034236841474436647,0.0,0.12741422211082878,0.15029637509249633,0.0,0.0,0.05544504950241093,0.0,0.0,0.0,0.22418928413536476,0.0,0.0,0.0,0.09219396799155526,0.0,0.0,0.05672601331377343,0.03559583191577039,0.0,0.0
0.0,0.0,0.3568863649253978,0.0,0.0,0.17120949564189644,0.0,0.0,0.3711481535079815,0.0,0.23191508309531067,0.06156999787823547,0.0,0.11054610283535721,0.08755836842309545,0.0,0.0,0.0,0.5247473521447618,0.27542612967780555,0.0,0.0,0.0,0.16862534906405696,0.0,0.0,0.4454296527519987,0.14683195441502472,0.0,0.0,0.0,0.0,0.0,0.0,0.2657502994511408,0.0,0.0,0.23641385489887098,0.0,0.0,0.21690899222788634,0.39782655115184284,0.0,0.0,0.3681676086270742,0.0,0.0,0.5168203575316355,0.6067648826350471,0.8337825334737934,0.029150409392998955,0.209266106178541,0.0,0.27676192539487604,0.0,0.2575010387039781,0.0,0.04997549546012786,0.0,0.18278687746922015,0.0,0.0,0.0,0.43502124015824495,0.38867564974267055,0.0,0.3334322295437604,0.051303603834288725,0.11591829054522557,0.0,0.0,0.4147468519423223,0.6376889623545925,0.0341350402494498,0.2435553912204112,0.3169777195972978
0.3589007296224559,0.3873209194707983,0.490406371367476,0.0,0.17120949564189644,0.0,0.44321604137493514,0.5695965374875768,0.5674330988109332,0.057699727019924874,0.473867377748305,0.3386889119799069,0.5034213215406328,0.18778875037442677,0.3101063969465658,0.3565759635164807,0.22394426976047574,0.25099143782918887,0.34760433083342507,0.4280455131965096,0.417536547477821,0.4985592204599141,0.738505247067381,0.08010897013595109,0.3775904921749751,0.20845975406078915,0.5616734685212774,0.2785205140552784,0.6397050644166747,0.5501282467808624,0.30096679447519914,0.08362994036905017,0.3337189965230354,0.24439907629426802,0.0,0.04048593668919309,0.0,0.022212270533088607,0.0,0.346806085572533,0.27254825589535914,0.0,0.04460315504310344,0.023611044175626567,0.03656700363164912,0.42514776784246505,0.3662514521974459,0.541044434165671,0.0,0.19624895935924425,0.7296242432376006,0.45800948574011013,0.596206112167891,0.5303146531379657,0.2722415382486601,0.48955466527634556,0.15149264247301145,0.5933002491572352,0.0800935964536411,0.396208501486691,0.33299669708665625,0.3584054428374428,0.14559936647632998,0.32952001988939317,0.4849164399806418,0.2423698461300443,0.3119328507661295,0.6786800863194926,0.10065934708141272,0.40957365171633464,0.24494709953273716,0.469089739000497,0.2275668036594275,0.395389049445125,0.23170661371212897,0.16143711745395317
0.4666185516592587,0.24105108627731525,0.41317946243543496,0.1587833000022093,0.0,0.44321604137493514,0.0,0.5355154480489553,0.6547162146090293,0.4709085440648194,0.7271877187961038,0.2907481357519378,0.7352754260606066,0.0,0.049050689719428275,0.5948268170361655,0.5873756435268478,0.4415107907587071,0.12842831955878553,0.18771346914950787,0.45983721794070403,0.5272552672111486,0.43947961877359887,0.0,0.25522925953867837,0.32482049423031795,0.39217319755683766,0.6117127806736675,0.6209129005905119,0.5479850389263405,0.6578838228127006,0.1554220401218909,0.34422927293629235,0.43868182255095756,0.0,0.03434419211837855,0.1369798064911659,0.0,0.0,0.42942007367308926,0.13000234766319316,0.0,0.1805556503531095,0.0,0.0,0.49119487935827977,0.49109810088698147,0.25404634003535953,0.0,0.11360687858938096,0.3689327269317131,0.7792909769633647,0.48378505371229963,0.6972196737335223,0.622771800019079,0.7319505537526896,0.13362609220087426,0.5822450510486742,0.4037162609402686,0.08841561663164721,0.4192899496804081,0.5829637008850718,0.25935868839197074,0.12360213475499862,0.36372012711406754,0.25384665808713675,0.25632504871086176,0.36950739085636874,0.0,0.5034151020618174,0.29744356858583204,0.2990856884180009,0.0,0.3532026032921678,0.050121471878269944,0.0
0.42849491575741117,0.5052243349921446,0.25970060671596323,0.14249164269193318,0.0,0.5695965374875768,0.5355154480489553,0.0,0.31781439272245793,0.37836684265303694,0.4171566494078522,0.4773285352819702,0.6756297908780895,0.0827870361936272,0.009276572667914929,0.4608302909342814,0.42274295606554124,0.43767504945318636,0.0,0.008543776330279862,0.5310960471958663,0.3395098607387278,0.8060610968642183,0.0,0.4180996633575106,0.3128624150177777,0.100440501340745,0.2626957090068226,0.4350221431579543,0.5301018918639486,0.567324957619146,0.3505631275004637,0.4014405252846557,0.38761170083892904,0.0,0.0824943001377269,0.08878424558952853,0.0,0.0,0.38475092142853706,0.028687683781792657,0.0,0.3376040459160277,0.01828813138997952,0.0,0.4755997313930207,0.5576390109400294,0.13943048051833712,0.0,0.0,0.5893296397338408,0.4885965067586696,0.8173682520640465,0.47865886540492686,0.6242600935478755,0.506237767264426,0.46046299910682714,0.5401343848572061,0.2904696980650691,0.019488507866002813,0.16410214432282522,0.5932741452287197,0.06408383617699212,0.024687011853909757,0.11421477278046585,0.3511802696699431,0.0,0.5853721172812615,0.0,0.5884328613192435,0.46870819327749813,0.0900534571695153,0.0,0.16747814257035248,0.03613761325180351,0.0
0.44484957266890746,0.050605589343314245,0.7168932075416321,0.0,0.3711481535079815,0.5674330988109332,0.6547162146090293,0.31781439272245793,0.0,0.15471173430635338,0.835037969373783,0.3413285328513942,0.4375347108721828,0.2606830081631497,0.40565603572408776,0.2807598512703356,0.2408243427531425,0.05684814921489295,0.5793152212664439,0.5205416527080126,0.23760907017017785,0.5293891571138502,0.49463996705780594,0.0,0.13978996706227706,0.2717637692724756,0.7761719116934548,0.40316763915464227,0.5972576384836026,0.5256132900442666,0.3034114627219494,0.0,0.32616657449456266,0.1818915071965098,0.0,0.0,0.0,0.017346601640881698,0.0,0.348764307656186,0.2987878304587218,0.0,0.0,0.0,0.0,0.47256921272940555,0.3373545230189795,0.6698308851234146,0.0,0.4288815996121672,0.513699636331336,0.7332563416518056,0.47699784027365055,0.9122571118353044,0.33467626475969625,0.7803914899685425,0.08125013875571657,0.5446177690169887,0.32801308008574015,0.46242377114710015,0.5092922070491028,0.4277433179636165,0.30138198947958306,0.4704865161660662,0.7079521002787694,0.16928937739862954,0.5714751229981992,0.5943026208469618,0.029868688239718166,0.3486613286655391,0.3631996718691515,0.7408181988395246,0.21773000011539048,0.48654175162454305,0.1749731219215795,0.24137944030343197
0.15179514308133796,0.3901150756379902,0.019983872823631066,0.0,0.0,0.057699727019924874,0.4709085440648194,0.37836684265303694,0.15471173430635338,0.0,0.24407393782546277,0.5267093837809597,0.3698084992863401,0.17788815919826567,0.0,0.1409895483155527,0.675525583846486,0.4082854264920344,0.0,0.0,0.31526251204976036,0.02616788681436788,0.2639399028524169,0.1969174101163953,0.35150338111900525,0.5383165274620901,0.0,0.27087370114691683,0.1311826831004746,0.202249022863664,0.341175837001025,0.1911655862093685,0.04457384583915558,0.19140678911104403,0.0,0.25800540817422524,0.3071144533020138,0.0,0.0,0.1463724293518501,0.0,0.0,0.0357752141104718,0.0,0.0,0.17230429316220897,0.42746878022162393,0.0,0.0,0.0,0.049319527845577416,0.17607749602497005,0.2325605259009314,0.15957818835609067,0.7061569031859587,0.15953866771343425,0.4944336724519737,0.12005548618081843,0.382484877058613,0.0,0.1147897353844683,0.5224396485716296,0.2681915778203595,0.0,0.0,0.08789492137194238,0.0,0.12152591526993892,0.17369533960248723,0.4012846040705871,0.3677832304116593,0.0,0.0,0.0,0.0,0.0
0.4315221437253547,0.003591860319585194,0.8417541941859532,0.0,0.23191508309531067,0.473867377748305,0.7271877187961038,0.4171566494078522,0.835037969373783,0.24407393782546277,0.0,0.44483008879802116,0.44450597162020666,0.23042137639909172,0.3381593331001591,0.4364262786777766,0.333321432466666,0.1387929850165418,0.6521775992967778,0.4486253845861363,0.2361154549927346,0.5887199769850436,0.4673944320677497,0.0,0.0907163621429818,0.24770227142857615,0.7195053062096743,0.5623383263164522,0.4975433672034799,0.5642097220208492,0.4116854102011424,0.0,0.20661957140775675,0.3000548117174269,0.0,0.0,0.0,0.0,0.0,0.1879652148972291,0.20679134415089834,0.0,0.0,0.0,0.0,0.3764946670138243,0.26871139192423155,0.6815652176233657,0.0,0.3340780981238708,0.4686339183872256,0.713772317273424,0.5175746567799788,0.8487106068888672,0.29961330475864145,0.9124567397734713,0.14089166815067294,0.48356535910733667,0.46706882587842835,0.3465836578175455,0.3617592954138409,0.3530953705567703,0.13297742061129206,0.6213008001060651,0.6384866566732792,0.03992464041170937,0.4551229360409596,0.49137189389038227,0.0,0.2564961715065098,0.3002461116767264,0.6504545186929753,0.17835596812217427,0.3767846083085069,0.2925967433348844,0.21847611591895605
0.0,0.21075495418453774,0.4611049774390964,0.0,0.06156999787823547,0.3386889119799069,0.2907481357519378,0.4773285352819702,0.3413285328513942,0.5267093837809597,0.44483008879802116,0.0,0.34535182409196596,0.3458233593540786,0.2319268828471123,0.0,0.32899650890089405,0.0,0.276149846604997,0.31124598997975894,0.07077727083108956,0.1286156678091874,0.469195311258563,0.49229245444497766,0.0,0.512943912226861,0.2934893418513828,0.39172100883440514,0.04782568795087762,0.40484923532739336,0.16363624613419422,0.0,0.0,0.10648512341904276,0.0,0.2565302052133152,0.08882809988069981,0.0,0.0,0.0665476167931372,0.16370327879388463,0.0,0.0,0.0,0.0,0.0,0.3246469587321644,0.24971139241721993,0.0,0.033847073031486846,0.2343685264252588,0.17096740682732858,0.4382270988444014,0.3751573366440656,0.2834699734515349,0.38059088462296276,0.6602898541122345,0.1418835569907792,0.3865988383335083,0.2686179255342732,0.0,0.21867220182393732,0.0,0.3408466845153951,0.33413294639213437,0.0,0.1938323845742455,0.31140717881462937,0.47274199413363466,0.05442586663075227,0.3660903374501342,0.22223947006403547,0.0,0.0,0.12656731044790695,0.016598994787658666
0.5040014873316832,0.5060207998924661,0.25564672097599966,0.25725603835741195,0.0,0.5034213215406328,0.7352754260606066,0.6756297908780895,0.4375347108721828,0.3698084992863401,0.44450597162020666,0.34535182409196596,0.0,0.0,0.17979074121866537,0.5794240597063451,0.5664973616171347,0.547927053783092,0.0,0.2564215641257961,0.4939992548363107,0.5686126396515226,0.521023628826448,0.0,0.3938144283173214,0.3847602898251701,0.2228027217499235,0.5620882647231742,0.5986574704647319,0.6802781398554774,0.7273950720640776,0.38996935855074377,0.3731332568318937,0.45290149154508313,0.0,0.232941652059146,0.28504734287389666,0.0,0.0,0.49879055879023765,0.1605183906039973,0.0,0.4010496596977571,0.12914859793975425,0.0,0.4931427170851046,0.5481649449811183,0.06446766756201988,0.0,0.0,0.42089869430945714,0.5594706292670558,0.5140349355114344,0.5052602874007536,0.6414711133356183,0.48818279780009594,0.21881809180333167,0.6557440531365639,0.30103620042793555,0.15277092269287892,0.38503341344174163,0.6751898381758805,0.27393181181923076,0.0,0.2759172294250591,0.3513321871458968,0.21031090398278318,0.34112990774191854,0.0,0.5346738697333193,0.3690830823248525,0.1543658743748581,0.0,0.3019193015351924,0.0,0.0
0.0,0.0788021155109363,0.2858938103462796,0.0,0.11054610283535721,0.18778875037442677,0.0,0.0827870361936272,0.2606830081631497,0.17788815919826567,0.23042137639909172,0.3458233593540786,0.0,0.0,0.3070877462609667,0.0,0.0,0.0,0.27001956452320963,0.1737192468326477,0.0,0.0,0.2669829239026842,0.23716686888844457,0.07669631723312098,0.14273080442090819,0.2388688990973173,0.0,0.05821601484188285,0.04021246893729158,0.0,0.0,0.0,0.0,0.0,0.14416699223623405,0.0,0.0,0.0,0.0,0.0,0.0676569214188451,0.0,0.0,0.0,0.0,0.09974801783142274,0.15882037402512567,0.0,0.03821321915397846,0.15186188957472174,0.0,0.1644304400472822,0.18489919876637045,0.0786460173939321,0.07739592729698366,0.2294056667094458,0.0,0.2453803997295214,0.2269675780269435,0.0,0.006742945751020482,0.0,0.2678307133544703,0.10998474275307735,0.0,0.033982595381370925,0.24293078442725916,0.12472718396567174,0.009523959934330584,0.03488040049660811,0.31624913197412835,0.0,0.0,0.0,0.0
0.25153658217597186,0.08857101663378719,0.5126553064284406,0.0,0.08755836842309545,0.3101063969465658,0.049050689719428275,0.009276572667914929,0.40565603572408776,0.0,0.3381593331001591,0.2319268828471123,0.17979074121866537,0.3070877462609667,0.0,0.0037532562261688995,0.0,0.0,0.48848526695075695,0.7819769624732755,0.0800526992468572,0.5787000099137205,0.1641566601651377,0.03336918517326651,0.10463826836538997,0.15081774819751445,0.6709370661908264,0.242779505251034,0.39945951764068116,0.5306234175679381,0.20602159674769085,0.0,0.0,0.0,0.0,0.2253481170775414,0.0,0.0,0.0,0.0,0.17834759396720434,0.0,0.0,0.0,0.0,0.1927748650367454,0.10417997737672663,0.3255928023372112,0.0,0.0,0.19930127017031135,0.10628269696061837,0.004579459005336073,0.2842591157592411,0.0,0.19955587232311306,0.0,0.09613842689795216,0.13404419757936312,0.8647745725084078,0.20448422203251132,0.06295422008430915,0.10256569819041222,0.4341536457959329,0.6303714356972473,0.0,0.6454772028354128,0.16788675104663486,0.0,0.0,0.07714923507278715,0.6333216466216323,0.24040178183075028,0.3497975595962081,0.08912897134990502,0.24636704455937453
0.6273673073077652,0.27110830432839583,0.2685710272550916,0.24218332485938115,0.0,0.3565759635164807,0.5948268170361655,0.4608302909342814,0.2807598512703356,0.1409895483155527,0.4364262786777766,0.0,0.5794240597063451,0.0,0.0037532562261688995,0.0,0.5274074255430868,0.7380571956422374,0.01681189264323507,0.14818865547633175,0.5821602127019484,0.6383503024694739,0.34961299626843745,0.0,0.46395554469277905,0.19647511713500637,0.25733531606219856,0.3996485004966002,0.6313582795573154,0.5594754414575862,0.7015798073733418,0.34323429279935125,0.5732855088909694,0.6591771143286335,0.0,0.0,0.08646134281190115,0.0,0.07364315400431506,0.46326502707841904,0.18439729012134248,0.0,0.33203978451523253,0.1361529969402365,0.0,0.598726863434685,0.25548836216636006,0.19164300984433008,0.0,0.0,0.29921632954906807,0.498347165035288,0.3618119514213125,0.39245704134595416,0.4160151209242018,0.5005736722254929,0.0,0.3758047271481803,0.05826158078998817,0.0,0.5579664807314495,0.5146760794426625,0.4003789210716595,0.003559005895287959,0.15872594573044793,0.3628393310896601,0.0962645084594726,0.2402291916646867,0.0,0.4641093887974743,0.3046346278932617,0.13895534812519675,0.0,0.465162165878012,0.1823048649934975,0.12021850680859558
0.37893244440377305,0.45890933926940924,0.12017676693216744,0.10298378165983771,0.0,0.22394426976047574,0.5873756435268478,0.42274295606554124,0.2408243427531425,0.675525583846486,0.333321432466666,0.32899650890089405,0.5664973616171347,0.0,0.0,0.5274074255430868,0.0,0.6018676284448476,0.0,0.0704914156589096,0.4616793611813874,0.32115986417941245,0.2518562046556917,0.014450727590356982,0.40644046973471337,0.5421457058661527,0.13028567818706777,0.4563651594925318,0.3181017165345874,0.29780446935026356,0.48023137934306576,0.32496569082859694,0.3331757868408177,0.3861641514760774,0.0,0.0,0.2683412060136727,0.0,0.06112069408353002,0.3558295820729096,0.062318977279082574,0.0,0.19269335648983424,0.0,0.0,0.3405541097658961,0.30890606803414933,0.00949556913532329,0.0,0.0,0.07810656988162623,0.3980396949363024,0.28357992168177965,0.2886883274205364,0.6445707833468255,0.34665795417392437,0.3262498349394112,0.30633150329166564,0.2570798842769768,0.0,0.3127871851575512,0.6440756672672423,0.39024791669247916,0.0,0.03873311945282276,0.1975298244341797,0.07377040782031496,0.12859266638528338,0.07245050211938736,0.40284045118209527,0.3508326743072724,0.0,0.0,0.06588155601937995,0.0,0.0
0.4962129710480213,0.4001414864531936,0.0,0.19679457047533708,0.0,0.25099143782918887,0.4415107907587071,0.43767504945318636,0.05684814921489295,0.4082854264920344,0.1387929850165418,0.0,0.547927053783092,0.0,0.0,0.7380571956422374,0.6018676284448476,0.0,0.0,0.0,0.6078967066757315,0.4284887342458049,0.25786006414577506,0.0,0.5855822065040577,0.31287021297934975,0.02094951983770721,0.28557640235024384,0.4960075923026206,0.4156407051725074,0.6096390647548764,0.47486714607588276,0.4450392028390371,0.563339001017616,0.0,0.027040855080185028,0.27073600690075206,0.0,0.17962469149165944,0.41264630243316314,0.11847210579450648,0.0,0.39691890417057873,0.2085861891824989,0.0,0.4825473599321215,0.3294088554235301,0.0,0.0,0.0,0.2026987563858362,0.2715921710739748,0.19860625743855004,0.1547355997699879,0.5293090098661574,0.15662105634951567,0.040809156658283496,0.28834828769850107,0.035113893798923095,0.0,0.49085581813336954,0.5607685745287356,0.5402008654816445,0.0,0.0,0.43039592540010063,0.0075164406575097265,0.0970522580127146,0.0,0.5520052042047858,0.33907682180038773,0.0,0.0,0.3302795056956319,0.04866572192378529,0.022521300356567686
0.05684493270474608,0.0,0.8119300828932978,0.0,0.5247473521447618,0.34760433083342507,0.12842831955878553,0.0,0.5793152212664439,0.0,0.6521775992967778,0.276149846604997,0.0,0.27001956452320963,0.48848526695075695,0.01681189264323507,0.0,0.0,0.0,0.5928540229323495,0.0,0.36778350186609055,0.15254647970616836,0.2549774483742492,0.0,0.0,0.7374268291931676,0.3238575695242814,0.15324732236090766,0.22551438676481522,0.0,0.0,0.0,0.04801508517245867,0.08845343561143879,0.0,0.0,0.05957839426085147,0.0,0.0,0.29392701667561943,0.272329865586888,0.0,0.0,0.17324970612935364,0.0038221425761319483,0.0,0.806855356061804,0.19365662354912758,0.46900724200207683,0.2626014677903535,0.3131084000806395,0.15506179379255092,0.5148480320451891,0.0,0.4845689796146687,0.0,0.12995433079886248,0.2097989645470415,0.5198680320380282,0.15422567052223152,0.0,0.0,0.893986534121167,0.6516322530108497,0.0,0.5826675212244774,0.3137589695267766,0.10618839265653285,0.0,0.020265046651749108,0.7102395763445613,0.5841596113062263,0.23698653125771268,0.4138913534748484,0.4549009137094892
0.2522487788902307,0.11696592955119178,0.6277622589164492,0.0,0.27542612967780555,0.4280455131965096,0.18771346914950787,0.008543776330279862,0.5205416527080126,0.0,0.4486253845861363,0.31124598997975894,0.2564215641257961,0.1737192468326477,0.7819769624732755,0.14818865547633175,0.0704914156589096,0.0,0.5928540229323495,0.0,0.028599867352401165,0.6674343680753939,0.16244799405339638,0.09398015533943388,0.026341889462479673,0.23043914008321237,0.7829557019445758,0.4948166158206454,0.4665544833970895,0.6005051852513474,0.27339961736541196,0.0,0.0,0.04488250094526042,0.0,0.21838653119639806,0.015533678153618669,0.0,0.0,0.0,0.20183523926087749,0.0,0.0,0.0,0.0,0.14632397954455592,0.13006170559663027,0.4258642859361047,0.04970671420754921,0.14144203305305303,0.17816620791527532,0.21462980118581607,0.04088565313076842,0.38611633537281864,0.0,0.32000088768849805,0.0,0.16534871566571274,0.17518906062940764,0.7458489847257125,0.23777740800629044,0.043168924385004886,0.0,0.506193785253348,0.7950855362938465,0.0,0.7516683975313584,0.19910061230799986,0.022437873767530314,0.0,0.05233498026438288,0.6690597109796885,0.39271101437316813,0.23434791298961027,0.16393543200235472,0.30689733460578805
0.5096073875075098,0.41693060281452254,0.05861237417355408,0.09523766162683307,0.0,0.417536547477821,0.45983721794070403,0.5310960471958663,0.23760907017017785,0.31526251204976036,0.2361154549927346,0.07077727083108956,0.4939992548363107,0.0,0.0800526992468572,0.5821602127019484,0.4616793611813874,0.6078967066757315,0.0,0.028599867352401165,0.0,0.45423043160943183,0.4894343589880517,0.0,0.553487564307751,0.31524222463816054,0.13623471881731009,0.2726977552344071,0.5370548556064307,0.426342563701926,0.5918845083800705,0.5011048806792019,0.4905486388480508,0.5278335228535921,0.0,0.03243069281504091,0.1935966728645681,0.021894731376704973,0.2623069822993812,0.5455730252746827,0.19901321338126818,0.0,0.36073130677201753,0.15861356536463453,0.0,0.591261251431316,0.4929150721227971,0.05914826348390287,0.0,0.0,0.3533029199964005,0.3817367219506043,0.3930703840964418,0.28778104312598607,0.5707245082577216,0.3499800761024059,0.04052200408420217,0.3672579938287302,0.02704814552614955,0.08326719522565856,0.5045177064437559,0.6190761348288487,0.4527137837064126,0.0,0.13507449710616526,0.5884727024804449,0.14014114089760432,0.336992806576515,0.012238413092121675,0.6614418829526323,0.4342727394089265,0.051770316876196376,0.0,0.3590252812628219,0.07290054553341319,0.11530442240204801
0.619707670934307,0.2608149185415956,0.5582197476588028,0.048279746407196705,0.0,0.4985592204599141,0.5272552672111486,0.3395098607387278,0.5293891571138502,0.02616788681436788,0.5887199769850436,0.1286156678091874,0.5686126396515226,0.0,0.5787000099137205,0.6383503024694739,0.32115986417941245,0.4284887342458049,0.36778350186609055,0.6674343680753939,0.45423043160943183,0.0,0.3669213432405888,0.0,0.34543853801430596,0.24985672362303218,0.6485360856559408,0.5447321194348116,0.7535694058916329,0.7720477665982963,0.662199544314012,0.1057063284124646,0.23448994716350863,0.41450800851828806,0.0,0.10340574014828299,0.06368243305414638,0.0,0.0,0.2716031996876004,0.2272835012988429,0.0,0.1675939011345734,0.06296247652356769,0.0,0.5377700512894794,0.3317485484691025,0.3649160495388003,0.0,0.0,0.36938050698847746,0.507653265815706,0.2802172791368694,0.5382411309176042,0.2732789521153361,0.559917385430835,0.0,0.3947153487467555,0.18112974670692933,0.5551704034415479,0.534986332308721,0.3957366612194466,0.28786890196223297,0.3049001914294209,0.6489284654903089,0.2658061868827095,0.6075279683152514,0.3230668089781603,0.0,0.382695936035922,0.274171956501539,0.5484704232301455,0.20954588053753725,0.5644103905808826,0.1721435158576527,0.25679378879538467
0.44904913119169776,0.459499942999191,0.4322920962991337,0.0,0.0,0.738505247067381,0.43947961877359887,0.8060610968642183,0.49463996705780594,0.2639399028524169,0.4673944320677497,0.469195311258563,0.521023628826448,0.2669829239026842,0.1641566601651377,0.34961299626843745,0.2518562046556917,0.25786006414577506,0.15254647970616836,0.16244799405339638,0.4894343589880517,0.3669213432405888,0.0,0.0,0.4268170602625329,0.3437141215649726,0.3382978305175005,0.1701494512142106,0.5009283818789142,0.494982559374516,0.3867015946714459,0.18228200127764557,0.4141800384234159,0.27456225943190193,0.0,0.006057801199410462,0.0,0.0,0.0,0.40843214159834734,0.13641820319856823,0.0,0.11328857308782125,0.0,0.0,0.49758494969760225,0.5788001603056923,0.37947683669471854,0.0,0.002061525239777151,0.753896224444361,0.49865362454160245,0.8320767623813302,0.5671255460980191,0.512148996780567,0.49405075202610654,0.3665045874607134,0.5543672407653348,0.26488318476104955,0.22973501303917365,0.26345462972993583,0.5137693217010989,0.1151266142174791,0.17643020938826776,0.3010157679062511,0.4067000635988012,0.12635989092388472,0.8260034382862957,0.08070905240527812,0.570091647071426,0.5195086798078787,0.328747327269046,0.0,0.28387310044470737,0.1070291080422637,0.0
0.0,0.0,0.1155347832108692,0.0,0.16862534906405696,0.08010897013595109,0.0,0.0,0.0,0.1969174101163953,0.0,0.49229245444497766,0.0,0.23716686888844457,0.03336918517326651,0.0,0.014450727590356982,0.0,0.2549774483742492,0.09398015533943388,0.0,0.0,0.0,0.0,0.0,0.2644228484275251,0.05856257101914794,0.060491544680526727,0.0,0.0,0.0,0.0,0.0,0.0,0.2736076598477222,0.1925155568770292,0.04486072473405252,0.1126167941456909,0.1304803966767145,0.0,0.2676140427414322,0.49687188430516543,0.0,0.0,0.3648048324841835,0.0,0.0,0.14694556126304475,0.15699456444988014,0.11526754805136871,0.0,0.0,0.0,0.0,0.0,0.0,0.33972290060519317,0.0,0.0,0.14243785181657825,0.0,0.0,0.0,0.2930270418217669,0.10085372851655991,0.0,0.11293285844848713,0.000582189750068296,0.8129654063324238,0.0,0.07176975513319106,0.0,0.22486132996920183,0.0,0.16116239066643834,0.3274759543667563
0.6065960034249827,0.6728166690877234,0.0,0.06752132823266568,0.0,0.3775904921749751,0.25522925953867837,0.4180996633575106,0.13978996706227706,0.35150338111900525,0.0907163621429818,0.0,0.3938144283173214,0.07669631723312098,0.10463826836538997,0.46395554469277905,0.40644046973471337,0.5855822065040577,0.0,0.026341889462479673,0.553487564307751,0.34543853801430596,0.4268170602625329,0.0,0.0,0.3778419048500848,0.06814801193399855,0.0,0.521700532911265,0.2788125218658979,0.36723568954647234,0.3307476761781988,0.41447589357180925,0.27867285219306503,0.0,0.05010811407084373,0.06381825594998539,0.0,0.09018461984429935,0.3917402483614539,0.0,0.0,0.20091751647638806,0.04126000761697012,0.0,0.5793468468303217,0.3881945978893327,0.0,0.0,0.0,0.3734030572431308,0.22672340926177403,0.2561667097620122,0.1293987401566884,0.5848892243854271,0.06494024705184803,0.0,0.2373890003987864,0.0,0.018703235229583226,0.32900195241795666,0.5669371282338344,0.44611794099061874,0.0,0.0,0.4906108534191049,0.0,0.25668153651545367,0.0,0.7230259267803396,0.3377233396358296,0.0649232250919502,0.0,0.40684036819912417,0.0,0.0
0.30740496463527767,0.6119981059758912,0.19479150870636797,0.0,0.0,0.20845975406078915,0.32482049423031795,0.3128624150177777,0.2717637692724756,0.5383165274620901,0.24770227142857615,0.512943912226861,0.3847602898251701,0.14273080442090819,0.15081774819751445,0.19647511713500637,0.5421457058661527,0.31287021297934975,0.0,0.23043914008321237,0.31524222463816054,0.24985672362303218,0.3437141215649726,0.2644228484275251,0.3778419048500848,0.0,0.20726398280429836,0.24585408887382298,0.1798124741656578,0.2755052551867125,0.21960604407596623,0.04075345048655443,0.159444150337596,0.09639261187825189,0.0,0.01575556076630974,0.12235939926374054,0.0,0.0,0.21768047746523017,0.0,0.0,0.0,0.0,0.0,0.18130477617014715,0.5084223046542627,0.0,0.0,0.0,0.06233507614387751,0.23310758635681283,0.19155551194398718,0.26106853321766554,0.4951877956083927,0.18796954503535243,0.3272826098913595,0.07366197506705119,0.2198020844392003,0.20265613688589787,0.1967339552096066,0.42273371465549303,0.1944092488430284,0.0,0.2271405360197123,0.01237809808869883,0.26958325593173005,0.15745908283779037,0.3192997080958708,0.3234450108163234,0.5711352330479924,0.16586425509451044,0.0,0.0,0.0,0.0
0.3611398429242246,0.0,0.8361056753553033,0.0,0.4454296527519987,0.5616734685212774,0.39217319755683766,0.100440501340745,0.7761719116934548,0.0,0.7195053062096743,0.2934893418513828,0.2228027217499235,0.2388688990973173,0.6709370661908264,0.25733531606219856,0.13028567818706777,0.02094951983770721,0.7374268291931676,0.7829557019445758,0.13623471881731009,0.6485360856559408,0.3382978305175005,0.05856257101914794,0.06814801193399855,0.20726398280429836,0.0,0.4515692201249891,0.558882542402447,0.5308541476029928,0.22200802161908334,0.0,0.07967998391317777,0.09758447724948728,0.0,0.0,0.0,0.0,0.0,0.10212652975483252,0.24585653825595824,0.03243732874019769,0.0,0.0,0.029811695307857697,0.3272060010806302,0.13360069716250328,0.7327498155657822,0.05626100356945202,0.39647369348616235,0.3743786029469839,0.5230024339250253,0.2376364784562524,0.6953381186902492,0.04896447138971105,0.6210348215471619,0.0,0.27952341930438057,0.1820985316329827,0.6717823464608492,0.4326329644657345,0.1704338492223919,0.20877780191316095,0.6319450139254148,0.8372648172654733,0.0,0.7262920905276828,0.4022696194453957,0.025020111373178208,0.0884257925861357,0.15522978338859006,0.877189409706681,0.4354650165782918,0.46125670024108323,0.2705810713465676,0.36287335614772903
0.2272696303881082,0.045840866092969224,0.46791948238422665,0.11053369227455598,0.14683195441502472,0.2785205140552784,0.6117127806736675,0.2626957090068226,0.40316763915464227,0.27087370114691683,0.5623383263164522,0.39172100883440514,0.5620882647231742,0.0,0.242779505251034,0.3996485004966002,0.4563651594925318,0.28557640235024384,0.3238575695242814,0.4948166158206454,0.2726977552344071,0.5447321194348116,0.1701494512142106,0.060491544680526727,0.0,0.24585408887382298,0.4515692201249891,0.0,0.3375176921652461,0.5953043926837902,0.5253268477391109,0.08276683000459314,0.0899869580589036,0.4060314612424201,0.0,0.22160106856122674,0.3453049204464366,0.0,0.0,0.3017924382966536,0.38134663614701936,0.0,0.2304799729905812,0.1472688778784861,0.0,0.15262423233353567,0.18586760155525295,0.298816512079196,0.0,0.178876955856438,0.08574689602017763,0.43250773011437427,0.23580392599076352,0.42623912576586526,0.21219835944886895,0.5485066484858238,0.05249720109564249,0.2747487502934377,0.3686797926823444,0.25448642884257533,0.3203704702090431,0.213852242293285,0.17059045709006843,0.37324417976648067,0.5071918803404567,0.0,0.48301909974420715,0.12323553271439647,0.011699192909927908,0.07038940213333228,0.07688004336679274,0.2677354207833657,0.2844008915792443,0.10980264485336239,0.2228797391655622,0.3717445173790832
0.7114911640761561,0.31867970490527975,0.3893509950570736,0.03576702690453981,0.0,0.6397050644166747,0.6209129005905119,0.4350221431579543,0.5972576384836026,0.1311826831004746,0.4975433672034799,0.04782568795087762,0.5986574704647319,0.05821601484188285,0.39945951764068116,0.6313582795573154,0.3181017165345874,0.4960075923026206,0.15324732236090766,0.4665544833970895,0.5370548556064307,0.7535694058916329,0.5009283818789142,0.0,0.521700532911265,0.1798124741656578,0.558882542402447,0.3375176921652461,0.0,0.7414119861276155,0.6853415733972457,0.1620927005758313,0.42605700301353244,0.37439282733262463,0.0,0.0319450377427386,0.0,0.0,0.0,0.4309515960880332,0.1291554761862368,0.0,0.12186703895599837,0.0,0.0,0.7445603397673087,0.44842339064024683,0.31889989949267133,0.0,0.0,0.5159504761111322,0.5768678997464771,0.3776518187830146,0.5742583303556408,0.5280826091905133,0.5157578730748783,0.0,0.513065962586836,0.12154784487887879,0.35129712710781696,0.6625102447399409,0.5708518815856494,0.47088374975135505,0.07617440418621299,0.4474694062570294,0.49732538930200093,0.3900210839412629,0.4527185890300245,0.0,0.6528628108582749,0.32811956916745066,0.5138893175951008,0.00017936723227468532,0.7324398283382523,0.05415966226157984,0.08213255753838775
0.5613739882006247,0.28465633243153343,0.5181496306392812,0.0,0.0,0.5501282467808624,0.5479850389263405,0.5301018918639486,0.5256132900442666,0.202249022863664,0.5642097220208492,0.40484923532739336,0.6802781398554774,0.04021246893729158,0.5306234175679381,0.5594754414575862,0.29780446935026356,0.4156407051725074,0.22551438676481522,0.6005051852513474,0.426342563701926,0.7720477665982963,0.494982559374516,0.0,0.2788125218658979,0.2755052551867125,0.5308541476029928,0.5953043926837902,0.7414119861276155,0.0,0.8046122076376978,0.17926611910949203,0.2827651362640745,0.4077862310637061,0.0,0.24811479494358346,0.1265589688102931,0.0,0.0,0.3343678673818173,0.28788337614650616,0.0,0.18955005497602231,0.01490816687741707,0.0,0.5058700163868484,0.423328371642507,0.30060040677080274,0.0,0.0,0.408386834276391,0.4777899775776094,0.44296884437882245,0.5531692702794871,0.42222378290690865,0.5328220681524827,0.13031003321679424,0.42119772079484424,0.28889095250716657,0.4686711615326188,0.48506675939746613,0.5024696824507364,0.25191665577099026,0.21365675428888342,0.5921242444964407,0.2190111991899828,0.472706141928214,0.4046915225751328,0.0,0.4409372926399746,0.2971050373967965,0.4441061976739268,0.0628641850604057,0.42144845959295496,0.1292457340778403,0.15110954466342372
0.6228805750557914,0.3352930821748097,0.2012680312768347,0.2770424739132271,0.0,0.30096679447519914,0.6578838228127006,0.567324957619146,0.3034114627219494,0.341175837001025,0.4116854102011424,0.16363624613419422,0.7273950720640776,0.0,0.20602159674769085,0.7015798073733418,0.48023137934306576,0.6096390647548764,0.0,0.27339961736541196,0.5918845083800705,0.662199544314012,0.3867015946714459,0.0,0.36723568954647234,0.21960604407596623,0.22200802161908334,0.5253268477391109,0.6853415733972457,0.8046122076376978,0.0,0.5289280963743548,0.3851660142403453,0.5939109415701552,0.0,0.24715082620472262,0.35703988473771864,0.0,0.0,0.4609090795647773,0.1493658215382112,0.0,0.483193708931583,0.17538784847277164,0.0,0.6108652749642869,0.4856403607946359,0.00012009518991493162,0.0,0.0,0.28157284524990056,0.5061305153246091,0.40807503705437725,0.39386283115347426,0.60287667486956,0.4457527633734125,0.07201272924801726,0.4330776145164118,0.3282552646013065,0.08930640778225454,0.5227447771309893,0.6064209116040821,0.3362706415839031,0.0,0.2616753512790576,0.42923808949950987,0.2191164836320543,0.2594806026205203,0.0,0.5712290729293833,0.33096262777968105,0.16118292790399158,0.0,0.37882347597790433,0.0,0.016970247023399054
0.2066984748517155,0.3502297299098367,0.0,0.40519469120606016,0.0,0.08362994036905017,0.1554220401218909,0.3505631275004637,0.0,0.1911655862093685,0.0,0.0,0.38996935855074377,0.0,0.0,0.34323429279935125,0.32496569082859694,0.47486714607588276,0.0,0.0,0.5011048806792019,0.1057063284124646,0.18228200127764557,0.0,0.3307476761781988,0.04075345048655443,0.0,0.08276683000459314,0.1620927005758313,0.17926611910949203,0.5289280963743548,0.0,0.4139482328352061,0.4716385214451238,0.0,0.24296327225604014,0.4674143389694951,0.0518375760495213,0.68162698493201,0.5210954888215982,0.10642216492516945,0.0,0.6624723855133824,0.5749434777337734,0.0,0.3098109424245249,0.31639827425975703,0.0,0.0,0.0,0.08931022071948812,0.026565456229478035,0.16039167986162223,0.0,0.398540005220837,0.0,0.07232627884382566,0.23793445418451323,0.0,0.0,0.19353319204168712,0.4235402881358826,0.2607091333347119,0.0,0.0,0.4872126334162046,0.0,0.05901223722170468,0.01865002901141774,0.44713963800743767,0.1530704973715743,0.0,0.0,0.05845113336659291,0.0,0.0
0.5396221314528427,0.21417468864934303,0.07498443951967589,0.07951545021300421,0.0,0.3337189965230354,0.34422927293629235,0.4014405252846557,0.32616657449456266,0.04457384583915558,0.20661957140775675,0.0,0.3731332568318937,0.0,0.0,0.5732855088909694,0.3331757868408177,0.4450392028390371,0.0,0.0,0.4905486388480508,0.23448994716350863,0.4141800384234159,0.0,0.41447589357180925,0.159444150337596,0.07967998391317777,0.0899869580589036,0.42605700301353244,0.2827651362640745,0.3851660142403453,0.4139482328352061,0.0,0.41301265014304045,0.0,0.0,0.0,0.1970620084254615,0.2901239963739982,0.7108516540246442,0.2844632810851502,0.0,0.22646461602110526,0.0549890492755802,0.017561265092053163,0.6759776115763603,0.32270455353006716,0.2098031443844835,0.0,0.07747301117723468,0.44660108390808007,0.533981579050997,0.45253858659912594,0.3828276941578498,0.4581587829261956,0.3692572261754146,0.0,0.4906483258976292,0.0,0.0,0.5377550556767748,0.5910563434930504,0.5039386115226949,0.0,0.1320400576920344,0.4490542216361672,0.03798484501622419,0.40876631656023565,0.043219898859991834,0.5551160376590392,0.43985770729883833,0.13288457232217185,0.015110594375236791,0.4959377183362944,0.18694800963512181,0.11876807488751218
0.3949690286522564,0.1542216491594375,0.147847546188637,0.2996417952578032,0.0,0.24439907629426802,0.43868182255095756,0.38761170083892904,0.1818915071965098,0.19140678911104403,0.3000548117174269,0.10648512341904276,0.45290149154508313,0.0,0.0,0.6591771143286335,0.3861641514760774,0.563339001017616,0.04801508517245867,0.04488250094526042,0.5278335228535921,0.41450800851828806,0.27456225943190193,0.0,0.27867285219306503,0.09639261187825189,0.09758447724948728,0.4060314612424201,0.37439282733262463,0.4077862310637061,0.5939109415701552,0.4716385214451238,0.41301265014304045,0.0,0.0,0.04087041182664766,0.22251710473214387,0.05033662219165269,0.2680313951080725,0.4115231801484396,0.42999633621919947,0.0,0.3872825328295332,0.3653467900633987,0.0,0.36156079799506935,0.25993190611135497,0.18966860748025288,0.0,0.0,0.31999194098430395,0.4514950099646548,0.3160331732500775,0.32356108731675404,0.34456601308472734,0.39116525416356995,0.0,0.4069526620861855,0.12068829655610956,0.025488210463242164,0.4213632792185579,0.4580203641166465,0.3483835529034588,0.11976025533421525,0.17023752220689767,0.35760416690494445,0.13181366261401198,0.22140682571395476,0.0,0.3813161061824847,0.3264032662858126,0.1110459283541735,0.1526678626054577,0.35287520023458624,0.23511083031099625,0.3253376878569866
