0.0,0.16426004215020343,0.10643755572588187,0.20288211953297303,0.1710196822257443,0.3903892844891306,0.17355770386494135,0.21453785067815484,0.21245803006723252,0.332638850519816,0.20630578402602548,0.19722205047583757,0.32547783720623846,0.0,0.11889417133295602,0.5771062034086943,0.18651810587071127,0.3415137036021402,0.12154533341633897,0.040495038190246135,0.5091934348556991,0.22849257022374606,0.31252017846841323,0.32920481084740366,0.36184763384036045,0.2803727768154597,0.2519426105696985,0.33522237867653343,0.5680050504311153,0.45343390301699193,0.48162302586798394,0.35708016411337307,0.48021798403607274,0.353799401713502,0.15141841592372599,0.0,0.0,0.05813565262162276,0.2735898575029083,0.5246177015343816,0.2198571329245994,0.13616938497765801,0.06482230123612576,0.1071209852570254,0.32895786838358265,0.6620191207786168,0.2751129974879718,0.11510536759561923,0.2974637588830675,0.2581874947947887,0.22820406188570944,0.33806042107337786,0.19131239395526559,0.18388476300588757,0.14502054683714935,0.17918347832801523,0.1102540211128685,0.36818610203486785,0.16588644350309242,0.14829146645904123,0.4279050989433141,0.16414115760382852,0.3848530121607301,0.16702874267691323,0.04187555284295913,0.48257793111645336,0.23858342040902566,0.25964527845495566,0.36317944907166533,0.29861752586165136,0.30894049551946023,0.2878601576646549,0.4649956317034998,0.4878238993083087,0.3539526722566072,0.3694666144122529
0.16426004215020343,0.0,0.09003057340682055,0.0,0.2560165475539831,0.39173045561376296,0.11329307283333837,0.16967924203614113,0.20878088852587068,0.08887767907358729,0.032343479278130804,0.11999109534072822,0.3513845322334786,0.5411472422092282,0.0,0.3548551503961882,0.0957020085527493,0.4702294787112148,0.08397344170901624,0.09477432763035443,0.2266942382829811,0.3866155458510332,0.0,0.307811255950481,0.5071535626521982,0.7145950317123742,0.0,0.026103871303770176,0.0,0.1966900532712823,0.10437909550923109,0.48109974495077146,0.10104842184563506,0.2587153935725518,0.2114161115114843,0.37143308980756606,0.40053765828013177,0.1967876880047775,0.3964089844836556,0.02299704679324266,0.36487618663213917,0.3646137419847456,0.48909836710293775,0.44255411905446884,0.2170992159748595,0.031519984006555785,0.04120284880152325,0.117596839489438,0.15205617782568107,0.0,0.0,0.04280654922123364,0.21193009091071024,0.0,0.1273573127441396,0.014879024686697828,0.2038080123724773,0.2829415011154177,0.2667744378955579,0.0,0.25906236810721117,0.0006782958344832557,0.0235778304456995,0.08255051309872691,0.01392933450685313,0.14960032169786883,0.02319923037728433,0.0,0.1293694245760101,0.1418262740902715,0.37191810951505955,0.0,0.22978610665303223,0.0,0.4795024335022699,0.4670871466543338
0.10643755572588187,0.09003057340682055,0.0,0.0,0.6705966997128836,0.5519350524974899,0.460330118015151,0.5442765741993059,0.7604370250737466,0.3299485893073141,0.8785317201881291,0.4973287566923691,0.40475815421564076,0.23879020701854564,0.6022665329765245,0.0,0.21835579716461614,0.16805285924600533,0.8488151257422074,0.7199959445559145,0.4043375502747848,0.6347642973781823,0.5206936754270203,0.312752033396709,0.03729738469219476,0.3668448329593819,0.6768099870212212,0.570392508946938,0.29130903731246666,0.4401348337787414,0.2978428652900419,0.012994235599349813,0.23311075677595228,0.41239866881229303,0.19261769901093767,0.3162941333209235,0.26299388597985435,0.2673870846070125,0.0,0.20890087003353075,0.0,0.0,0.15167454987762413,0.0,0.28327012184238565,0.20711114590880872,0.4730339669731284,0.9293617277645894,0.002685565775366189,0.417170001420929,0.5708916694414246,0.4117410843851875,0.5921275110481303,0.7463781409490569,0.5134478578285664,0.8355578224192276,0.5988968915988047,0.24133630764205233,0.0,0.6091746372497467,0.3337970405809251,0.450456450133362,0.3411886232370518,0.856017730449721,0.7408693442826065,0.5059381229668714,0.6922258448376815,0.622751785407128,0.2908065259987559,0.41119452926379785,0.522332343296734,0.5892178943195986,0.36364501234588814,0.30935532476985655,0.1598397166065149,0.0
0.20288211953297303,0.0,0.0,0.0,0.0,0.1584365332073809,0.2258774806691718,0.18592516798041042,0.0,0.4316118816982085,0.0,0.35136209727324014,0.2043383768503968,0.0,0.10813940190727409,0.1907679670375894,0.39129646339434915,0.049395089636774414,0.0,0.0,0.23434949397911603,0.0,0.3059851159897171,0.25033908134275207,0.04273139667093381,0.031244024330069592,0.20304735467206167,0.3118241501572983,0.361689689704472,0.0,0.2775537888454483,0.12640618149118532,0.28696988824610575,0.07546289977028971,0.010894897794943403,0.0,0.0,0.017916888443400197,0.10764512453275403,0.3465704779148752,0.0,0.0,0.0,0.0,0.023768647075971462,0.3048699696599935,0.26962793240449723,0.0,0.06422452480378157,0.2012460772558232,0.25378186381674456,0.1948077632798067,0.06589407053764791,0.07583171714178835,0.2485626391517335,0.0,0.0718833443692023,0.12078349437069752,0.0,0.20123392886188507,0.15869534836736376,0.27169403560995115,0.33769425626296956,0.0,0.0,0.22874780151803714,0.024735220783386108,0.2390024616635591,0.2952546473269385,0.14710799286138562,0.11775104395549389,0.23507123073496827,0.08527378949955533,0.3005300940511887,0.0,0.01527698997920715
0.1710196822257443,0.2560165475539831,0.6705966997128836,0.0,0.0,0.4318189220042536,0.7302610770863763,0.4270454511263402,0.8664639897201738,0.3095148213319564,0.7491981251479122,0.43944155649268196,0.40660249303741847,0.37036416254119997,0.4859449670168421,0.0342805667028776,0.25709464844324453,0.2415816672271361,0.49074752065783706,0.6435769725809564,0.40363338062055076,0.6221904102790736,0.34995993682963294,0.41871567395364573,0.1674554345785196,0.46398288049568537,0.5511601017871419,0.5723659787069211,0.22484638494440967,0.3257932163458978,0.38069623202752695,0.06692884396705631,0.18632228440894683,0.5085365899436921,0.2381593325319038,0.5331426206984324,0.20971601055396083,0.3789857824628745,0.0,0.12820777350115803,0.0,0.0,0.32197958220280287,0.0,0.30339499458141983,0.25252415145636325,0.4597845013160139,0.7080247348955008,0.18249949646383495,0.545799816455449,0.42598305699174965,0.5288273900852355,0.5044522093590336,0.7889636038785626,0.5298906131300316,0.7841673351331466,0.5842217459202462,0.26855738469082635,0.0,0.43483930364080337,0.3672548161690852,0.44094349482160666,0.3691813004493461,0.5441432621520003,0.6503407273272572,0.43741900079196505,0.6365603306673373,0.45388915017539194,0.4051063265488904,0.44020545860631266,0.5572962307612611,0.5137580294764238,0.471098720728547,0.24371551208780767,0.15392176880120673,0.07665038951319428
0.3903892844891306,0.39173045561376296,0.5519350524974899,0.1584365332073809,0.4318189220042536,0.0,0.5604817684867471,0.7843360346956241,0.501509570875713,0.6494865092977233,0.5067706748784317,0.7474127061660505,0.8126358812331752,0.12767452878381538,0.5618027966229958,0.35813275586792787,0.4951247067289876,0.483208763606699,0.40469832901823116,0.5317290263507322,0.7736661095788908,0.5600637936001931,0.786617306001724,0.5800439696003417,0.33370396754940124,0.6494061988854437,0.6332884789382812,0.6469276121403686,0.6227623743513147,0.4873517057419919,0.44378759824604386,0.27779882293402586,0.5208713412200662,0.5079057155562307,0.17874837837672286,0.22974550567584529,0.17352152349283032,0.31975546207251243,0.0759347676283883,0.5010001062841205,0.0,0.0,0.2639400407162793,0.0,0.3961280903112316,0.4335153116919933,0.6408647110672336,0.5270495725328823,0.15764688982302685,0.37189248675242004,0.7176329220894648,0.4774994170216249,0.7115469634420876,0.5219759701813717,0.5706651468097418,0.5061755167843583,0.6530534787357772,0.5667437201742298,0.0,0.5527375180770913,0.5475266502847898,0.5151539099232844,0.5434805372192621,0.44433162273869065,0.5120878379474509,0.7280242614309512,0.5873415165127571,0.7248754768937314,0.49423222766827407,0.5298757127644307,0.6803446276094891,0.6112566989200481,0.481397154023974,0.44292842651035874,0.27543138716041143,0.12236784026077133
0.17355770386494135,0.11329307283333837,0.460330118015151,0.2258774806691718,0.7302610770863763,0.5604817684867471,0.0,0.4919628627724852,0.6116202676929714,0.6205891619504565,0.6141145157814529,0.6091929964561309,0.6274811233675062,0.026790021985656248,0.5538765579695984,0.14910646706650105,0.6816512652711946,0.4162254209623756,0.24370558834375533,0.5626362488715273,0.4663120590231416,0.473372541807358,0.5856529937420061,0.4951955477937125,0.3307756489576785,0.5093215256392997,0.680311604370997,0.68726763649655,0.4769869255726386,0.2746668485848564,0.5488306787796182,0.08687318708577974,0.32589701363673285,0.41928850445411714,0.1431976274114588,0.2912750761552774,0.0,0.4282373055974542,0.0,0.29769816260992404,0.0,0.0,0.1676358182051066,0.0,0.3101474950161089,0.42541301433498024,0.744847095043867,0.5080667212582938,0.22759029501541567,0.6234526177559536,0.6473727840657619,0.6753603506509996,0.5054639199997122,0.6955777467050717,0.7805510622121765,0.6290241431600978,0.5855888068752622,0.38696726217962363,0.0,0.6074262523431798,0.5014523459996543,0.7422653969122961,0.6138218425939839,0.3655182813884128,0.616608253656345,0.5853631154791066,0.6795448801968202,0.6059798445220634,0.5268483433581732,0.6650968529857493,0.708831021225333,0.7136290089255546,0.46234132522932264,0.4884427304570494,0.04096072355222817,0.0
0.21453785067815484,0.16967924203614113,0.5442765741993059,0.18592516798041042,0.4270454511263402,0.7843360346956241,0.4919628627724852,0.0,0.4869265020340504,0.6169500416168622,0.5048519953916591,0.8748233390836808,0.6596884388128629,0.09439692656132748,0.6293373591680362,0.0034743105629491677,0.5134806797188914,0.2312933894333642,0.39693968553838666,0.5855698931017492,0.6823608275788258,0.45294928700635984,0.8443768153910425,0.6872060461119578,0.0110206235538986,0.6211490962081649,0.5818870224673792,0.6471277705179133,0.3443915509057002,0.2939304358071543,0.2995378781152557,0.11984216185406918,0.4079392325261168,0.4171556588032402,0.1633297321109458,0.34082617739628585,0.16511738389687844,0.38455951024990437,0.0,0.3743748860304109,0.0,0.0,0.30534239634993576,0.0,0.35874175995158364,0.4286611826545663,0.647102030164135,0.501535600909051,0.175280118705876,0.4796220854083101,0.7160610615374652,0.48716343747348145,0.8946931303548386,0.5660534845511225,0.5857186253349652,0.560633477389921,0.8004395902317334,0.46272107508144683,0.0,0.6592136027344048,0.351868661974144,0.5840909590381673,0.4678788861963368,0.45052653364288864,0.5747066532782542,0.7044828316445649,0.6147133856818736,0.8171640507080331,0.6195066113618197,0.391569409541796,0.70454944541014,0.5905976755229706,0.433022422086103,0.3073064852533868,0.057849968969004795,0.0
0.21245803006723252,0.20878088852587068,0.7604370250737466,0.0,0.8664639897201738,0.501509570875713,0.6116202676929714,0.4869265020340504,0.0,0.3034707192368705,0.8085557829925458,0.4945341364740957,0.43481502491013435,0.33815291259058833,0.5928881467890192,0.0,0.1926834452505345,0.1505330976428984,0.6436278298719896,0.7304025808771397,0.47276352514346287,0.6777133250218423,0.40789918587942825,0.3621955889448617,0.027083121173308522,0.4257934725841782,0.6163257773326115,0.5536571338193846,0.26268511446346965,0.39012177403277815,0.29518138270456445,0.027222756899939568,0.22815166666834363,0.4520210645641596,0.19662425846985418,0.4653429605931083,0.1997379752883642,0.2990775015277613,0.0,0.1655029058564762,0.0,0.0,0.3156973740424021,0.0,0.32029319668458445,0.2785225451156828,0.4587509518571672,0.8381207128343305,0.27991641788144,0.6081557591941839,0.4744443076172665,0.5316338467351083,0.5395209843200185,0.8817990367503807,0.45753122277572467,0.812038891186388,0.6176904145337536,0.35426053567591,0.0,0.546536504401867,0.335322394147865,0.4421975307790633,0.34637258123532083,0.6357239318280534,0.7104382170884073,0.5101382006777837,0.6839469459025558,0.5113285203776701,0.35515309243995263,0.37518636911615527,0.5627153882927072,0.5437371045926026,0.5137104622554435,0.2520606912677855,0.13104088098359035,0.015774312084318037
0.332638850519816,0.08887767907358729,0.3299485893073141,0.4316118816982085,0.3095148213319564,0.6494865092977233,0.6205891619504565,0.6169500416168622,0.3034707192368705,0.0,0.4300964574236169,0.7426176926056796,0.6719954550794447,0.0,0.45290588622074335,0.36101200087916296,0.8094603330767645,0.4451888667391342,0.14221541571512045,0.38957764454323973,0.5516566346846714,0.31559492734403,0.7260947673128221,0.5921170041319667,0.35332316745209685,0.5513206371074375,0.5775391708848575,0.6452405927699285,0.6276008223972127,0.4658801533909485,0.6497368017850805,0.29240750199320675,0.47247576418135667,0.3858309100635833,0.2006500849068658,0.0,0.0,0.38736692967372566,0.037758525547041566,0.5693319657172358,0.0,0.0,0.1767160024545168,0.0,0.34338528704900473,0.6176451954155251,0.7700846831787973,0.3568359569013258,0.3001983062841602,0.5305466750634881,0.6362963526410186,0.6871011658160908,0.5632319739455263,0.4434827146414011,0.7880751170475317,0.4279652256741082,0.5384385803643658,0.601821438364837,0.0,0.5211147148859199,0.6156871472061681,0.7852710136811196,0.71807033475161,0.30544014681448073,0.4246950024160602,0.6299157774499053,0.5269141725092158,0.6864060565131025,0.5875091993486791,0.6404208501656306,0.6873756340032339,0.612985262853549,0.5849034603801633,0.5854752730551719,0.29752106823107116,0.07188113993683154
0.20630578402602548,0.032343479278130804,0.8785317201881291,0.0,0.7491981251479122,0.5067706748784317,0.6141145157814529,0.5048519953916591,0.8085557829925458,0.4300964574236169,0.0,0.5716592008887855,0.46551856825679194,0.1324242704211867,0.6477394014796407,0.008391483648756803,0.3863354149099989,0.19437997029172877,0.7565033910937974,0.7135976238208199,0.4247959793105327,0.636337426669688,0.5429808340995275,0.34689769278827676,0.1022551728371237,0.37724947516638463,0.7548374140373937,0.6716779154161927,0.41037693259240443,0.41657416039549633,0.4238811754023234,0.0,0.25314200461180814,0.4370807016117178,0.2349157995312648,0.2762720632971436,0.10020734242691696,0.296153458298848,0.0,0.25370854943931964,0.0,0.0,0.1537411735850055,0.0,0.24563417588962183,0.3841533183077088,0.5979125153336771,0.8553057798118926,0.10832507362798613,0.6271321416510163,0.6159857754436557,0.5521272868070817,0.554684531281524,0.8167772216110889,0.5828225192525507,0.9207526894363687,0.6384640660733671,0.3223445385734911,0.0,0.6560293308468486,0.3978688680971339,0.589612729092457,0.47639864575468116,0.7861196867255764,0.7604699522406275,0.5347482646382348,0.7758641460142812,0.6647647190694813,0.41034309216379583,0.5088458532366904,0.5748524211305369,0.6913075396743475,0.49423981319529475,0.44850898488688296,0.1250237254234437,0.0
0.19722205047583757,0.11999109534072822,0.4973287566923691,0.35136209727324014,0.43944155649268196,0.7474127061660505,0.6091929964561309,0.8748233390836808,0.4945341364740957,0.7426176926056796,0.5716592008887855,0.0,0.6906662449534084,0.0,0.6360489661064322,0.015574499994393948,0.6168321029379948,0.25550039433904925,0.36172103264723865,0.6192482695737656,0.5898111592502676,0.4672508428287143,0.8422776669578513,0.7023952928710521,0.036287371556749715,0.6354007845580533,0.6007244983707561,0.6584135003806828,0.3885818079290917,0.3381440959762332,0.4121751641490197,0.12162996892867137,0.4389995571986345,0.45884083465125486,0.12586794082257546,0.2408942582074883,0.06441345532259557,0.4391505745307164,0.0,0.494630558709653,0.0,0.0,0.252959595521661,0.0,0.3883005595801944,0.4875071830300634,0.7078678645446554,0.5224105320104996,0.22495382355117022,0.580715779160264,0.7685826169096679,0.6347632248178471,0.830614449474683,0.6096894411446747,0.7189205348321798,0.61749060040517,0.8476002278747182,0.5522340523908581,0.0,0.6596202077268282,0.39279332526795635,0.7323131911305103,0.5762305401613077,0.43340663275801067,0.6466026902129879,0.6069607034297243,0.6566288858507165,0.818588420348922,0.6636630710339462,0.45858757404605593,0.763101310916461,0.5884456043927944,0.48558099174570857,0.3830255098216433,0.07036451091204252,0.0
0.32547783720623846,0.3513845322334786,0.40475815421564076,0.2043383768503968,0.40660249303741847,0.8126358812331752,0.6274811233675062,0.6596884388128629,0.43481502491013435,0.6719954550794447,0.46551856825679194,0.6906662449534084,0.0,0.05476550508517508,0.5190238853413894,0.37065253501568896,0.6825902356222756,0.6683695304701491,0.2979211715095891,0.4842394614938956,0.6336615428449646,0.491134464551307,0.6552614819236986,0.5410434691997521,0.382469634503009,0.6724457445459933,0.5221309431324728,0.7139887232935624,0.5625063570070481,0.46185333147402086,0.48066961034854166,0.27445137451243,0.4896161110410015,0.438851137939956,0.1259439638352141,0.19921556095763082,0.1771110053724958,0.3888754537125375,0.09822383516648381,0.44380743692348323,0.04709741083057871,0.0,0.32704304050537686,0.0,0.4675510129039214,0.4333590192983979,0.6055220276101396,0.38221760402476757,0.25930761689756665,0.40280073873025,0.6167815764558665,0.47338618790119086,0.5904300266932689,0.45216918034110803,0.6115415541199734,0.4386066096064969,0.5986681888991341,0.6145858370587121,0.03618940073605509,0.4849869083945956,0.536738248079919,0.5918733606594178,0.6174005912882948,0.31601710228760393,0.4413460431148301,0.6295109409094355,0.5432049329895262,0.5911925142802111,0.4585200537257106,0.5162637684951976,0.6524422009958158,0.49254063925807245,0.5427749858384223,0.35079481706263754,0.2677961655546448,0.12148918508889536
0.0,0.5411472422092282,0.23879020701854564,0.0,0.37036416254119997,0.12767452878381538,0.026790021985656248,0.09439692656132748,0.33815291259058833,0.0,0.1324242704211867,0.0,0.05476550508517508,0.0,0.0,0.03337872739386641,0.0,0.12235075325648923,0.2315185390320857,0.24443344915268153,0.052750997876707284,0.4047171864125957,0.0,0.10414816285163236,0.06706667154270937,0.34644382158712617,0.0,0.011979723086697314,0.0,0.14078915287533456,0.0,0.1587864660685922,0.0,0.2625762695385427,0.2789039771083311,0.5678309154550658,0.4704948613304524,0.1934119457736963,0.16458026631740147,0.0,0.20082433625314472,0.24477116661399587,0.47713338921724235,0.37713281576994173,0.06421412583665448,0.0,0.0,0.2515475950975474,0.1341567150679445,0.0,0.0,0.0026946668775248706,0.16394294198200854,0.07524494216336709,0.0,0.12591423254251383,0.2082448543799329,0.053167999818818604,0.2550688911926904,0.0,0.0,0.0,0.0,0.20822399715808415,0.17505478759269721,0.0,0.05405111728111378,0.0,0.0,0.0,0.1857216588832375,0.0,0.08556398694472113,0.0,0.28812947276767165,0.21363471741577716
0.11889417133295602,0.0,0.6022665329765245,0.10813940190727409,0.4859449670168421,0.5618027966229958,0.5538765579695984,0.6293373591680362,0.5928881467890192,0.45290588622074335,0.6477394014796407,0.6360489661064322,0.5190238853413894,0.0,0.0,0.0,0.3842605304068502,0.18368461047042417,0.5296993645225824,0.8661044111036746,0.5877045724235437,0.691280139546623,0.668003280617208,0.39822929344091207,0.04502519133662575,0.35546540718975883,0.8246247959908328,0.6619223376620018,0.5023356520897896,0.43157342186003894,0.38813909630551036,0.0,0.41547858048804565,0.4489576680226268,0.0,0.21537586312173512,0.06913666639580282,0.38237155613355195,0.0,0.3719150836203161,0.0,0.0,0.1042215561615774,0.0,0.40187360132670125,0.34294397730817244,0.7003333492610977,0.5962735437392082,0.15212983394160762,0.5504187752911031,0.7407520426694683,0.5212663540582438,0.6072847953757528,0.7090031335781295,0.5714829325112996,0.6888560277653795,0.6400384238877019,0.3745401232403578,0.0,0.9225339970760641,0.3853655694854229,0.5560753287763991,0.48872586136062035,0.49658906174599005,0.8427427834726632,0.6700421400826375,0.8612000685288604,0.7356672750934043,0.377711566256382,0.5401551361662098,0.6331550764572358,0.7569233869816241,0.41652874577303844,0.46206023999802603,0.10997039229373315,0.0
0.5771062034086943,0.3548551503961882,0.0,0.1907679670375894,0.0342805667028776,0.35813275586792787,0.14910646706650105,0.0034743105629491677,0.0,0.36101200087916296,0.008391483648756803,0.015574499994393948,0.37065253501568896,0.03337872739386641,0.0,0.0,0.25864334522956944,0.652314288598136,0.0,0.0,0.3800758893776956,0.2015318657469259,0.1167146638976202,0.20855657594303445,0.6249923503945967,0.28294564363582,0.10138625172803006,0.2247121559114852,0.5505299416665902,0.4822811569971256,0.5239340457443573,0.5410463860028608,0.4930962628501104,0.2962014253622563,0.17920816875956688,0.0,0.08636936071997336,0.12241250867831552,0.47003125490708475,0.40643876318772776,0.3528992929209731,0.33868731773206784,0.012403099829823863,0.21896598249433505,0.3546900783424791,0.39568600059593934,0.16615023895888656,0.0,0.12425513502303956,0.0,0.046156211433456884,0.1533660137217901,0.0,0.0,0.15879864424170606,0.0,0.0,0.26952807867581097,0.11559279222130416,0.0,0.5675137616544137,0.06596014440654135,0.3394929937991399,0.02630072983861803,0.0,0.3247675152131096,0.021336217509706046,0.034540289318376494,0.20425577420080052,0.31514910891563375,0.18786214792700204,0.08561807705602864,0.27284501087151614,0.3322726407358278,0.5310893444673488,0.5474945579412208
0.18651810587071127,0.0957020085527493,0.21835579716461614,0.39129646339434915,0.25709464844324453,0.4951247067289876,0.6816512652711946,0.5134806797188914,0.1926834452505345,0.8094603330767645,0.3863354149099989,0.6168321029379948,0.6825902356222756,0.0,0.3842605304068502,0.25864334522956944,0.0,0.573779498588424,0.08365375479739537,0.3164410320439489,0.44566544457492036,0.1864284013596032,0.6166322436039446,0.5294228996977692,0.3386427330067566,0.527303219612126,0.4604114474022505,0.5722350517645685,0.5380455951498055,0.29530451685893355,0.594788963195081,0.22258684412173532,0.355490300259761,0.24560958993696277,0.0843205997919837,0.0,0.0,0.34272758947741205,0.0,0.44575438004822826,0.0,0.0,0.15655739566849128,0.0,0.23162916000724232,0.5010819084382224,0.7083298572581449,0.18826463127256665,0.3219447558068703,0.5321907319894879,0.5790612362688902,0.5788258437700803,0.4322981925065083,0.39351792593612545,0.7298062977403224,0.3650002296838163,0.43614489254492156,0.5177732214624226,0.0,0.4460539962715291,0.5993036871519722,0.8188647818717926,0.737046064713916,0.221967390187287,0.33929199192709236,0.503445175242537,0.46779867203907394,0.5387494658228376,0.5722660032779794,0.5726701589246971,0.5970239538267066,0.5053067184123347,0.4505854250417331,0.4971052398306224,0.09129041880556218,0.02113664282166966
0.3415137036021402,0.4702294787112148,0.16805285924600533,0.049395089636774414,0.2415816672271361,0.483208763606699,0.4162254209623756,0.2312933894333642,0.1505330976428984,0.4451888667391342,0.19437997029172877,0.25550039433904925,0.6683695304701491,0.12235075325648923,0.18368461047042417,0.652314288598136,0.573779498588424,0.0,0.12147708774172156,0.22038012501045595,0.43964375091815844,0.34569826664669656,0.23784489174894827,0.38046962569224907,0.537289171287713,0.5712081629252602,0.1836222254140251,0.41764767020706295,0.40495331051177647,0.394261968861528,0.4895174630578569,0.4230318559819202,0.3663406576483569,0.2442094762955584,0.07034331008352904,0.07685872519134987,0.1607549547693511,0.2927113323005121,0.24949839347648353,0.27934840968405084,0.18107956390217103,0.07523556923542923,0.30394866149814276,0.11539320375101118,0.3822377742176535,0.33133446153459667,0.3404501930147478,0.1364122147506326,0.2265634884975711,0.14459889509550256,0.22607318865560833,0.29522203687931664,0.17247916155705734,0.12767264636763806,0.4008583054634493,0.16552551378431302,0.21339891954914628,0.4704379437285564,0.17201978867073153,0.1233447321949164,0.583886817102226,0.3712103545392211,0.5485921800610369,0.14541434587553392,0.1317587954218554,0.40505007014181804,0.23677846522732904,0.1928393313227534,0.3111331726585783,0.41750796399893597,0.40170636616395017,0.17913134488995802,0.4149519136555324,0.20182925235059987,0.4361586260840237,0.36091917279637037
0.12154533341633897,0.08397344170901624,0.8488151257422074,0.0,0.49074752065783706,0.40469832901823116,0.24370558834375533,0.39693968553838666,0.6436278298719896,0.14221541571512045,0.7565033910937974,0.36172103264723865,0.2979211715095891,0.2315185390320857,0.5296993645225824,0.0,0.08365375479739537,0.12147708774172156,0.0,0.5967990413677284,0.3177175547428328,0.5606956488675824,0.3311646872199122,0.17344275326033806,0.0,0.25062525342915914,0.47129212937969567,0.387626059220111,0.18029925966319701,0.36124369704569986,0.15491745340658164,0.044064799410060085,0.15972355411369127,0.332726878274419,0.0866853788422591,0.2709348930824356,0.23607429097026467,0.1395976810959071,0.0,0.10777859325913627,0.0,0.0,0.20165655347278652,0.0,0.22107569899997384,0.14084677840535925,0.2837888534070951,0.7538929132203522,0.024548122679937237,0.2713757775992134,0.36074086772813707,0.26672541046931864,0.44312881298359064,0.5565370167259003,0.2881214721661476,0.6893444681231967,0.473056398739946,0.2212941655493439,0.0,0.4958309821931214,0.19832750676893793,0.24714068847991658,0.1936635360540895,0.8843086731188434,0.6037620171073136,0.3976826864582833,0.5751737043105739,0.4394654432144405,0.16992021069818483,0.24113987525710256,0.3615250761409594,0.36949508477777865,0.31908995597006423,0.16849190806942765,0.1654470632620505,0.02484819467955146
0.040495038190246135,0.09477432763035443,0.7199959445559145,0.0,0.6435769725809564,0.5317290263507322,0.5626362488715273,0.5855698931017492,0.7304025808771397,0.38957764454323973,0.7135976238208199,0.6192482695737656,0.4842394614938956,0.24443344915268153,0.8661044111036746,0.0,0.3164410320439489,0.22038012501045595,0.5967990413677284,0.0,0.43685482745051984,0.8550805337334336,0.5368883793979251,0.37545748490384057,0.04075994952464196,0.47677091907898256,0.6996685892362473,0.6254521787188178,0.33948351358436135,0.3993625369270402,0.3650932459256575,0.0,0.2709194917240592,0.48500129935777647,0.14903468714016388,0.3689799786548753,0.21589422594691968,0.40234526209838173,0.0,0.18124002727596408,0.0,0.0,0.275031660066926,0.0,0.35920321471476047,0.25846972438020643,0.6054551785275935,0.7540902270775238,0.1723109871396222,0.5327364531343488,0.6308452392056472,0.4965387805608895,0.606230938972757,0.7555318724306671,0.5871359047055014,0.7660007236798381,0.690079900578225,0.35492787623658145,0.0,0.7812971230268255,0.3980371196830142,0.5624224982533972,0.42654005168764053,0.6018360006858987,0.9642250171296161,0.5340851451355346,0.9080495971632783,0.6538804619179355,0.3271363937407139,0.4844601007606112,0.6603962688915381,0.6225067573629943,0.4687060450550445,0.3127253295071409,0.17951748275020427,0.0
0.5091934348556991,0.2266942382829811,0.4043375502747848,0.23434949397911603,0.40363338062055076,0.7736661095788908,0.4663120590231416,0.6823608275788258,0.47276352514346287,0.5516566346846714,0.4247959793105327,0.5898111592502676,0.6336615428449646,0.052750997876707284,0.5877045724235437,0.3800758893776956,0.44566544457492036,0.43964375091815844,0.3177175547428328,0.43685482745051984,0.0,0.49165250632046537,0.6903649426669966,0.5581721316724189,0.29632891416669643,0.5579966461554107,0.582601100526021,0.6169746726656868,0.6174729665030239,0.4519779120481006,0.4690216715979939,0.2787350733644321,0.5763644213789894,0.5029231337832406,0.07496194272540127,0.23265753321253868,0.12545386387118038,0.34015989465386126,0.10789820579239674,0.4876058621382239,0.023781353405248562,0.0,0.23477957531247,0.0,0.39609885523553046,0.5373458062622736,0.5605534389299758,0.37577343138226527,0.22399485653333398,0.38251007347298616,0.5592155567304505,0.45868672081402245,0.6041185333744434,0.4885903021166854,0.4831409883911521,0.43956723098722017,0.5047523550074384,0.45435909976170563,0.00763277167600919,0.5669740159688649,0.5036323328864339,0.44072924879125563,0.495395059183019,0.31421399470251526,0.4082842319451243,0.8028617830923709,0.5407207803770213,0.6260816269418721,0.5256875740428801,0.4474250637593409,0.5871002766603368,0.5452931245288887,0.44520932165283855,0.4421858915565394,0.2430383800605731,0.16344876163565414
0.22849257022374606,0.3866155458510332,0.6347642973781823,0.0,0.6221904102790736,0.5600637936001931,0.473372541807358,0.45294928700635984,0.6777133250218423,0.31559492734403,0.636337426669688,0.4672508428287143,0.491134464551307,0.4047171864125957,0.691280139546623,0.2015318657469259,0.1864284013596032,0.34569826664669656,0.5606956488675824,0.8550805337334336,0.49165250632046537,0.0,0.37081314976396035,0.3813193345952926,0.2812634520146162,0.5756600692668967,0.527498866625297,0.5537060918884207,0.32764768274059786,0.5155683758395333,0.4121592558822334,0.24130170745809057,0.3790630041193953,0.5386459820357441,0.22670809647787674,0.39897223882220567,0.3639981823682079,0.3904809943333307,0.05295478388460999,0.21871208930647149,0.08526365415935408,0.0,0.4009058865470192,0.0,0.4609168054080961,0.3170760408332146,0.4840365072319935,0.6794046752639082,0.2001236540910596,0.3463773623319874,0.4249839926084764,0.4272667400644992,0.5080874549816884,0.5645703443895573,0.42899801443113145,0.6272122545240535,0.5458086471776842,0.37864998206761136,0.0,0.5705262238734626,0.46096155244182396,0.35481254826718467,0.33889373483992113,0.544176870250437,0.8086012812652295,0.5570608626517641,0.807571921339448,0.4770397495045219,0.2962207774309733,0.469371856235122,0.6498955425940874,0.4514526608543184,0.5109463208431326,0.23107688472912757,0.4013867950118659,0.25953856914154066
0.31252017846841323,0.0,0.5206936754270203,0.3059851159897171,0.34995993682963294,0.786617306001724,0.5856529937420061,0.8443768153910425,0.40789918587942825,0.7260947673128221,0.5429808340995275,0.8422776669578513,0.6552614819236986,0.0,0.668003280617208,0.1167146638976202,0.6166322436039446,0.23784489174894827,0.3311646872199122,0.5368883793979251,0.6903649426669966,0.37081314976396035,0.0,0.5867540022939421,0.12000277999614098,0.4945747513474813,0.778221877620282,0.6658602475169924,0.6461713147713024,0.3515220059454284,0.4699857119001787,0.06440568594861833,0.49808116658985535,0.4598180844581192,0.08448825195011526,0.08003469442348214,0.0,0.3376992633959848,0.0,0.5418408450500038,0.0,0.0,0.06327200847542677,0.0,0.31506379621173997,0.5539646204989787,0.7907726529122924,0.4760354893910624,0.14558997561326978,0.5661782653002824,0.8521141712425737,0.5688716284450889,0.7884676108525607,0.6118411360455158,0.6603246350199503,0.574580609053081,0.6798037632735452,0.47381852236999344,0.0,0.77231489294153,0.500853792586876,0.674750602367237,0.616504075278283,0.41349351970585324,0.5658436199076944,0.7336726450113022,0.6782607620607659,0.9466087858654315,0.629759499388763,0.5855026338586432,0.6968824294049063,0.7706125669410915,0.4182680667807537,0.5674766387533254,0.006689574098824924,0.0
0.32920481084740366,0.307811255950481,0.312752033396709,0.25033908134275207,0.41871567395364573,0.5800439696003417,0.4951955477937125,0.6872060461119578,0.3621955889448617,0.5921170041319667,0.34689769278827676,0.7023952928710521,0.5410434691997521,0.10414816285163236,0.39822929344091207,0.20855657594303445,0.5294228996977692,0.38046962569224907,0.17344275326033806,0.37545748490384057,0.5581721316724189,0.3813193345952926,0.5867540022939421,0.0,0.3110730278405087,0.7045375289483728,0.37784765061718695,0.519530889164131,0.269780525596491,0.33642878476699023,0.4174328232788662,0.398684119291725,0.47438908976822847,0.33616685144227615,0.0747726520906147,0.26032836851737307,0.19213651989095537,0.4395202877799148,0.21089465973870847,0.5591461200482007,0.05999118141103063,0.0,0.33694993404870843,0.0,0.45084493621982497,0.44421078798981206,0.5207725391055149,0.2997535876169627,0.2147677414750218,0.3320020346886682,0.5115788986448794,0.4623459048236589,0.6356424561789766,0.3989284049162499,0.5608754288598043,0.3665386253246802,0.6279234616499462,0.4404308758657245,0.0,0.39065891249506035,0.46868400231189933,0.5040770145938829,0.48399820337014576,0.23080689237161806,0.3907792747770094,0.5377841453980828,0.4236770992075784,0.5335067734694384,0.8321381753782644,0.434638867794502,0.6884039948796836,0.4023936473366626,0.4733354579983227,0.3071401208778079,0.31681562828159887,0.32510668131244314
0.36184763384036045,0.5071535626521982,0.03729738469219476,0.04273139667093381,0.1674554345785196,0.33370396754940124,0.3307756489576785,0.0110206235538986,0.027083121173308522,0.35332316745209685,0.1022551728371237,0.036287371556749715,0.382469634503009,0.06706667154270937,0.04502519133662575,0.6249923503945967,0.3386427330067566,0.537289171287713,0.0,0.04075994952464196,0.29632891416669643,0.2812634520146162,0.12000277999614098,0.3110730278405087,0.0,0.49987636858888107,0.16626316652297057,0.25657911018186097,0.45001496851648765,0.3536000680284508,0.46149418097998435,0.48875693755982563,0.399230248588295,0.24618818379766777,0.11329034822709746,0.0,0.0931139005178565,0.28306034157039084,0.384366617053449,0.38196442615560294,0.30726246154358683,0.19737125625823243,0.13117578179626888,0.11015363861970538,0.32121444009909605,0.33583647532068295,0.35866977367320685,0.03984214889332291,0.08777652301999672,0.0,0.0671935604054974,0.25997714965664653,0.0,0.0,0.4094787580604226,0.055961285765628754,0.03994603098907146,0.28799330987597266,0.0,0.0,0.6236056579343658,0.1709592218144394,0.35519221252690214,0.021892722097021228,0.0,0.3297657721045404,0.1609247994702494,0.09662392873384304,0.3002806602125914,0.667435460291188,0.3916525006242085,0.2090158350977226,0.3108475994717069,0.35753547429609966,0.44174789240115747,0.5400073827461204
0.2803727768154597,0.7145950317123742,0.3668448329593819,0.031244024330069592,0.46398288049568537,0.6494061988854437,0.5093215256392997,0.6211490962081649,0.4257934725841782,0.5513206371074375,0.37724947516638463,0.6354007845580533,0.6724457445459933,0.34644382158712617,0.35546540718975883,0.28294564363582,0.527303219612126,0.5712081629252602,0.25062525342915914,0.47677091907898256,0.5579966461554107,0.5756600692668967,0.4945747513474813,0.7045375289483728,0.49987636858888107,0.0,0.2750229698655018,0.47657736203917433,0.21539906089717487,0.37562255833479025,0.41753945093204425,0.42787050877792165,0.36285592360601293,0.4341848219086395,0.23458147362647463,0.3864137153628626,0.2953727486580551,0.45330547085968875,0.19002758043914497,0.35531700792181076,0.09887335509401375,0.0,0.4297078618655465,0.0004618841363239201,0.3936066284864018,0.3968402684696797,0.5500839011986071,0.3881006450707737,0.23907793228184093,0.30581509182672983,0.46569497808874216,0.48469665702150877,0.6189452012847622,0.39100966588028163,0.6348116656289677,0.4159308840614744,0.6609825065495081,0.5114871059293004,0.06466764490505394,0.32266389332221596,0.5647510862761104,0.5649044568656111,0.4603088302444106,0.30842741908573534,0.46414948340971796,0.5411071981615402,0.4945481557268183,0.4994623061206711,0.5745658485312093,0.5247631130865279,0.835514155784858,0.35539290755288067,0.4547724830593808,0.2386278705977913,0.37466374220007426,0.30611424366960394
0.2519426105696985,0.0,0.6768099870212212,0.20304735467206167,0.5511601017871419,0.6332884789382812,0.680311604370997,0.5818870224673792,0.6163257773326115,0.5775391708848575,0.7548374140373937,0.6007244983707561,0.5221309431324728,0.0,0.8246247959908328,0.10138625172803006,0.4604114474022505,0.1836222254140251,0.47129212937969567,0.6996685892362473,0.582601100526021,0.527498866625297,0.778221877620282,0.37784765061718695,0.16626316652297057,0.2750229698655018,0.0,0.7291644805149885,0.7137925943390344,0.41436635744261074,0.4969571926841135,0.0,0.47049862762584804,0.4631055602012079,0.0989232226076485,0.05871694996092236,0.0,0.35831894995374347,0.0,0.4569755667717229,0.0,0.0,0.0,0.0,0.30382404282678843,0.49381314382284275,0.7999907772411616,0.6654579111158503,0.07321806901224784,0.6422231393329171,0.8058393414104695,0.6280327361185415,0.5699138133025057,0.7923336755491703,0.6648646179320339,0.7648972405044936,0.5594409674581855,0.3588009846844035,0.0,0.8768889422762216,0.5106698274176209,0.6317711934716304,0.5989662708640093,0.5238283936603836,0.7516025562951746,0.6799297752638813,0.8377337765433241,0.8287483154141742,0.4164530610988413,0.6765326214338466,0.6132531477729577,0.9449216203779822,0.466166758736878,0.7072890699375616,0.03573280777073182,0.0
0.33522237867653343,0.026103871303770176,0.570392508946938,0.3118241501572983,0.5723659787069211,0.6469276121403686,0.68726763649655,0.6471277705179133,0.5536571338193846,0.6452405927699285,0.6716779154161927,0.6584135003806828,0.7139887232935624,0.011979723086697314,0.6619223376620018,0.2247121559114852,0.5722350517645685,0.41764767020706295,0.387626059220111,0.6254521787188178,0.6169746726656868,0.5537060918884207,0.6658602475169924,0.519530889164131,0.25657911018186097,0.47657736203917433,0.7291644805149885,0.0,0.6057975486540178,0.5636400041402714,0.6066874082392055,0.11616707111318905,0.5095094836736432,0.5009154369455127,0.25924238542001804,0.2526730723019919,0.12846057927148108,0.4246275994074089,0.0,0.4648123551343951,0.0,0.0,0.1548880150586901,0.0,0.3515986257892084,0.5241639022005944,0.6656984060088051,0.5858364393444598,0.12054917142566601,0.5423467279588063,0.6674333221815679,0.5372068343801383,0.5871205484045465,0.6793304462764701,0.6910114438426667,0.683142522441502,0.6004934307570641,0.3566492848428569,0.0,0.7012993967804818,0.5469553157955547,0.6333728612194724,0.6626074884358661,0.47116742239498355,0.6368226152992531,0.6738799779726488,0.6923480795470253,0.7324167826329091,0.5021465467918,0.5832034314672672,0.615786641685938,0.7123017370670717,0.5623344915164673,0.5407609032516135,0.21922065926524173,0.025117308251080217
0.5680050504311153,0.0,0.29130903731246666,0.361689689704472,0.22484638494440967,0.6227623743513147,0.4769869255726386,0.3443915509057002,0.26268511446346965,0.6276008223972127,0.41037693259240443,0.3885818079290917,0.5625063570070481,0.0,0.5023356520897896,0.5505299416665902,0.5380455951498055,0.40495331051177647,0.18029925966319701,0.33948351358436135,0.6174729665030239,0.32764768274059786,0.6461713147713024,0.269780525596491,0.45001496851648765,0.21539906089717487,0.7137925943390344,0.6057975486540178,0.0,0.49094780655740233,0.6159694358211296,0.1734213063642216,0.5837234837380899,0.39878088868540584,0.10133497614160802,0.0,0.0,0.2094033067225864,0.013939275746516433,0.5499555882018081,0.0,0.0,0.0,0.0,0.35679104745861423,0.6413252300018079,0.6490687724518448,0.29320937891084375,0.17131372215957194,0.45059942231130773,0.6127253001428321,0.4736582220685789,0.27991855927651055,0.41624539512781045,0.4923042670280904,0.3815217590789317,0.1971741585381269,0.4351871235929691,0.0,0.5596728848796928,0.6391405081827464,0.4967725494936106,0.6698567512675272,0.24630170955304576,0.3285451369637472,0.6553003440820435,0.5278610769003221,0.572727770143913,0.37942253928000474,0.629930161766414,0.43443516551915673,0.6982251106723112,0.47878937904186425,0.7891043803487456,0.18989179385493749,0.12735699750035975
