0.0,0.16727186782652512,0.2848427579926028,0.0,0.0,0.24711042345652035,0.04168152331327368,0.07199796481026924,0.2965840662130818,0.14784927185403307,0.13340245865544584,0.11647304659482119,0.0,0.07956281834791532,0.0,0.3124320219819571,0.09123903090601071,0.32856460273436383,0.3667441368953209,0.1962051533214718,0.0,0.35501623877730265,0.2035444817512647,0.41500583623433535,0.38153773772350363,0.35951899479439026,0.3012650618744739,0.0,0.33797240586075705,0.1210179573860613,0.14447433105569102,0.06535351644470325,0.14481585136599007,0.022554425185019267,0.0,0.0,0.0,0.0,0.3060373103872824,0.308876612182474,0.2784302992357465,0.0,0.0,0.13618012501472632,0.15634463542546415,0.732502567771926,0.35781339158440706,0.28699042823751203,0.0,0.0,0.003927524050405751,0.0,0.011772325525252703,0.21195511623826505,0.176643758459608,0.07472191302115153,0.059542128401259706,0.14044425217454398,0.08378570692519116,0.0721433588850976,0.451607741621266,0.21263607072532628,0.3582107764519485,0.29059964293648843,0.2553388705099385,0.0,0.5493363981004258,0.16291336208765067,0.3084907023952925,0.28574181618116085,0.3905643046020008,0.09848109184101539,0.20243579089082592,0.19351660152176414,0.2912578271574492,0.3202955543353284
0.16727186782652512,0.0,0.2723078131189761,0.08693034140476658,0.0,0.50319056442501,0.170820816417548,0.2942798745687938,0.12702613355221246,0.714391993631053,0.0,0.6814867394257744,0.5165703147476476,0.0,0.0,0.1986459279286778,0.7822609164796093,0.5852086352660641,0.07091748621333963,0.19770481123209843,0.4164157605669595,0.3894162836650128,0.3306924998784836,0.6851839288101076,0.7856854114449019,0.8315137438643426,0.25445404569774205,0.15350511741119208,0.3618987823702799,0.16218910391246016,0.43219406240955927,0.16718346016938543,0.055222472258098204,0.10480197477625042,0.0,0.0,0.018060140275233755,0.3139602406373254,0.1827231157009719,0.32122636939950905,0.08905310599182384,0.0,0.16522414591645995,0.2804907048722011,0.4999015037097787,0.26307676106350797,0.6322391319914347,0.06425955398133493,0.0,0.0,0.18641506087412177,0.0,0.16737158368213298,0.19192972688275967,0.7655787467219674,0.0,0.7480703536265927,0.422139301626296,0.0,0.0,0.3773255075777102,0.6394089203811477,0.5933099490770362,0.07855018567779143,0.20027924973959216,0.22254941768176206,0.4409364666905107,0.07590195788948556,0.3796550165389433,0.7280796430869108,0.7166025635847766,0.1212786097342537,0.30028117912596175,0.11523925308446228,0.20721210512871302,0.2497101698301647
0.2848427579926028,0.2723078131189761,0.0,0.0,0.029296835162447132,0.4979912931083319,0.07585517314186002,0.6662570138963744,0.5527801791334653,0.4798068116189075,0.38996832664567616,0.4694519847426102,0.1660458685809372,0.0,0.14742983878734328,0.13993838482690524,0.37957926319420143,0.32236937436393315,0.6223807912281699,0.4190065533720394,0.2986958151539726,0.3415044457949955,0.8087041596326574,0.46364823841802466,0.3458605767494996,0.4222926573637874,0.7375400053595444,0.0,0.4622350470094479,0.26331858060982616,0.24757837870842242,0.3043814775638883,0.17411889462025654,0.19855573697949225,0.0,0.0,0.0,0.11018032646302948,0.3816695756723678,0.3936425769793739,0.15423775135962772,0.0,0.22884857010964677,0.35490892021852916,0.18766499717793744,0.31142489770542914,0.4581599280683024,0.7800134630905268,0.0,0.1879504076046059,0.3701582025719289,0.17486307800449577,0.5718288955691264,0.7624932979716411,0.5407522203718922,0.5100430935495084,0.45836476792651104,0.5350635310208979,0.059799205686179704,0.3329657153557994,0.2462754773231257,0.45074100556546637,0.4036317264870227,0.6220341354900412,0.6224896526052724,0.22652347076231746,0.49285695549244096,0.6673824428771196,0.40161661876189725,0.4314305028614789,0.48396098530386433,0.6551101458601898,0.42539181883509797,0.4717915361472349,0.38509478023990634,0.04355650963867691
0.0,0.08693034140476658,0.0,0.0,0.0,0.005947609849311558,0.2630302364701767,0.0,0.0,0.20425859633940516,0.0,0.0453404410571768,0.2662968395418906,0.0,0.1654959277912949,0.0,0.04829036195093396,0.0,0.0,0.0,0.19325218253631146,0.0,0.0,0.0,0.0,0.0,0.0,0.26071099200961206,0.0,0.0,0.03328544833049579,0.0,0.0,0.0,0.1300821756433819,0.12971068552458354,0.2654974045818297,0.2355333262272054,0.0,0.0,0.0,0.17822189190789967,0.2437543966817704,0.0,0.06154693934972064,0.0,0.0,0.0,0.30293131712063337,0.14490670849673074,0.0,0.21750324341555935,0.0,0.0,0.020562257254648303,0.0,0.0,0.0,0.0,0.0,0.0,0.025628718651092952,0.0,0.0,0.0,0.19463251844164794,0.0,0.0,0.0,0.0,0.0,0.0,0.0,0.0,0.0,0.0
0.0,0.0,0.029296835162447132,0.0,0.0,0.03737084605887259,0.44495361985563964,0.0190631396721595,0.21737008728932744,0.0,0.5683015160499761,0.0,0.0,0.31984696801086465,0.16806072741957212,0.016707724906025234,0.0,0.0,0.22387396836556728,0.1266842612451941,0.0,0.06075910738235185,0.0,0.0,0.0,0.0,0.11620212439698813,0.0,0.18467225174848956,0.13949774205416499,0.0,0.014800592724879977,0.05940525554545678,0.10651579443634171,0.2568072440357032,0.06440557402106403,0.0,0.0,0.0,0.0,0.15754325227767235,0.31964634658074353,0.0,0.0,0.0,0.03835546557582015,0.0,0.3668616501850199,0.18188291813641966,0.2934472816549039,0.0,0.0,0.20987993624616502,0.2139395962282717,0.0,0.44594466326020055,0.0,0.0,0.0,0.33574534126959027,0.0,0.0,0.0,0.38583993965639246,0.1132576959673717,0.1208290880044019,0.0,0.05667633874171696,0.0,0.0,0.0,0.0,0.0,0.0,0.0,0.0
0.24711042345652035,0.50319056442501,0.4979912931083319,0.005947609849311558,0.03737084605887259,0.0,0.27672297849651595,0.6278342963325666,0.4265335445705337,0.5369030796487563,0.1591207824425687,0.47929878758082034,0.32750761033882825,0.0,0.14565248271214518,0.20252247242351243,0.33569595946756703,0.3446339493313844,0.4663956753098945,0.24028158534301408,0.39882273168904386,0.3456668897678481,0.6499164395975024,0.5884756908512739,0.3983316262691191,0.581486523662088,0.6162652596993483,0.0,0.6139994035615992,0.32725116793111453,0.3680718201839084,0.21219512997656378,0.24411681224431547,0.19408306090499858,0.0,0.0,0.0,0.08502037687000279,0.2054758299439047,0.28916052080206606,0.09882013724872608,0.0,0.4510104085567705,0.42335757339776764,0.13180640946917793,0.3596523235625125,0.6569445449656014,0.37359704197971133,0.0,0.1943377628306729,0.4681982782156815,0.2511164073707798,0.5654154755458357,0.4171983410416614,0.486239419842471,0.13134659207384597,0.422174653186146,0.5284860863480857,0.08540548390335972,0.03165176620780935,0.3114148789796952,0.5584021973376301,0.3555381293737649,0.4221060145931465,0.3160981418322926,0.27167882781809427,0.47317884221558126,0.5539370121114737,0.49282494927526416,0.44242532185032163,0.5405538084830767,0.2275277341743834,0.31890219914763324,0.23899655659506908,0.2101041463737114,0.0
0.04168152331327368,0.170820816417548,0.07585517314186002,0.2630302364701767,0.44495361985563964,0.27672297849651595,0.0,0.0,0.1503489198486755,0.28657786375544264,0.2539137127615046,0.286058058736709,0.2885640196968654,0.09034289637491999,0.0,0.2466228736163045,0.1885195451978345,0.3793116387040777,0.20570316125978283,0.2029336245505394,0.14884568260710235,0.339604945207414,0.014737152646268292,0.14983575139415573,0.2696475321523993,0.1564688892278218,0.2643736304273189,0.0,0.47616065588453566,0.16928517265250748,0.10573890155828924,0.10085030337421719,0.0,0.0,0.0,0.02898970257309988,0.0,0.0,0.04231851045968987,0.05792463179135733,0.1513094232178583,0.04711306629023352,0.09725605312322723,0.18360751503135697,0.0,0.17106862046645993,0.23102645961448248,0.2668956660859033,0.089847432808047,0.027013980316010378,0.0,0.0,0.08081696445465544,0.17864365767798535,0.07071083540016787,0.146607129620491,0.03613396044681011,0.124346245467721,0.0,0.18017366997526202,0.14664258775424938,0.2428843102414413,0.1931582171880456,0.21244955567766144,0.02514132024612742,0.1446934943320215,0.05772017610328889,0.0,0.03805485940112778,0.18396677939303063,0.15904823823011893,0.0,0.0,0.0,0.0,0.017442933883840203
0.07199796481026924,0.2942798745687938,0.6662570138963744,0.0,0.0190631396721595,0.6278342963325666,0.0,0.0,0.3989809526788174,0.3698522426184849,0.3241399021483349,0.46772267130949374,0.17733104859280552,0.0,0.0695123638217077,0.06871910417178793,0.24985229111105184,0.15551816728323198,0.446042049513299,0.2335957745771916,0.3620980390404041,0.20643202251364504,0.7294905117726423,0.4862926203737533,0.18586583241602309,0.3751708609385142,0.46193489652926795,0.0,0.2977580665369557,0.35569934190670627,0.25405787951180203,0.46573707368267947,0.19661741533677338,0.25894502942795894,0.0,0.0,0.0,0.06649116636992916,0.417876610638745,0.35484842370499803,0.16985216481621154,0.0,0.40832926550388265,0.43142672330300313,0.1790832097128393,0.21415160354478874,0.42633825359899347,0.550323596867376,0.0,0.1545727809664727,0.4742095691887056,0.08834689078689453,0.8315090778678526,0.529940760490488,0.4238311226063466,0.37331804267699475,0.4726316905160904,0.5006522830038994,0.0856059437201704,0.1603026088789282,0.09434137193294964,0.4614887926310406,0.3094844639919965,0.5393362722112226,0.48468991130036065,0.259090518371228,0.3446919025466173,0.6555427450339284,0.5240900456741102,0.35523274048578873,0.4541478027995909,0.367800537441107,0.42194770158704104,0.36775043158353216,0.41247338104512954,0.02353162950834982
0.2965840662130818,0.12702613355221246,0.5527801791334653,0.0,0.21737008728932744,0.4265335445705337,0.1503489198486755,0.3989809526788174,0.0,0.1846501029528186,0.4538344997703019,0.2582066675169695,0.054068323072672286,0.0,0.06523232060487405,0.18529924427225136,0.20429582372119734,0.26575091880330876,0.5865443040969415,0.15085653897653684,0.2840945870965617,0.26684408704886464,0.37542663143765054,0.33840465248821394,0.1829021790767868,0.33285342451845557,0.5101661299894774,0.0,0.29528792209575383,0.2727462775729916,0.12839627652764057,0.24138327178194463,0.27892554059692193,0.12323226099872475,0.0,0.0,0.0,0.0,0.17180597979483858,0.4349283923504732,0.28802741774756885,0.0,0.18004217226880587,0.3907350462266366,0.0,0.3480783033346103,0.4091161704835411,0.49637063433834816,0.0,0.16366049322830029,0.12351857836670899,0.2042662778621679,0.36553426063032823,0.6870611680735134,0.2544446209241724,0.23896814381161424,0.2113049083152232,0.38830618852935633,0.11925893279733872,0.10892819243454316,0.24219084484493297,0.26079761137097046,0.28744384013348,0.5276497345437918,0.2602371622867658,0.13608745164286323,0.4730961853346365,0.33710183570256946,0.24509981457375699,0.2518625720170697,0.3035003350851073,0.2692534319805257,0.387500989299111,0.10317263292260681,0.3104641078320447,0.10150917941100603
0.14784927185403307,0.714391993631053,0.4798068116189075,0.20425859633940516,0.0,0.5369030796487563,0.28657786375544264,0.3698522426184849,0.1846501029528186,0.0,0.0,0.8039365132243272,0.4009390463696524,0.0,0.07189970045831356,0.17535584347278818,0.8200425648856184,0.5755527671179973,0.3826383779117847,0.48027942047927896,0.49545762810016314,0.5260819853756097,0.4844028824645421,0.6947667641910636,0.6596678768390648,0.7544605406204372,0.5328337590272503,0.05823919290663582,0.6040309717682124,0.30170298108350124,0.6265441114264251,0.2310509943720364,0.07232828399486824,0.12259858338236981,0.0,0.013228265406156514,0.0,0.3772193982942642,0.35459634933449957,0.3492241154262246,0.07593817377968339,0.0,0.40500170440349526,0.4780935373765791,0.5454614343656577,0.32531572241447254,0.6594759088664964,0.1742806837984756,0.0,0.0,0.3069311683951303,0.1384324769678712,0.3547479242518215,0.22137755740176926,0.9162017946449978,0.0,0.7627648174720256,0.6370305601850453,0.021749503783402,0.0,0.5042558595180217,0.829021487848805,0.6786349773024714,0.17881872232346138,0.42549569888688166,0.4139668392516677,0.5462341930045513,0.2709838830362326,0.5360000897100449,0.7411235602745475,0.7155976259632431,0.3351740653582345,0.498318079573012,0.3277669993479955,0.31058858994300853,0.2038644126639756
0.13340245865544584,0.0,0.38996832664567616,0.0,0.5683015160499761,0.1591207824425687,0.2539137127615046,0.3241399021483349,0.4538344997703019,0.0,0.0,0.0,0.0,0.21737861066645187,0.1562232776657972,0.263559001825814,0.0,0.06906928463332283,0.35985065553759604,0.16892948683386821,0.04225179871427029,0.1933309215767109,0.15771371765857256,0.06242258264876621,0.0,0.0,0.23980862470942632,0.0,0.15733614680262945,0.35522454157506167,0.0,0.34077519798028566,0.36383022250065644,0.26038156665863815,0.0920024099546072,0.0,0.0,0.0,0.14478435548402677,0.326953589293626,0.291624688791702,0.004751395648474942,0.0,0.07848317080912096,0.0,0.1668473433114301,0.039072346287042065,0.6547507988798613,0.052643346320068125,0.22499625562644887,0.020781456166393986,0.0,0.40092293546267954,0.6358985351797473,0.0,0.6193566107064252,0.0,0.10250517664766454,0.02422044584516231,0.42352965050621294,0.0,0.014481808653373646,0.0,0.6663969078224339,0.30756737440031784,0.06721029744662632,0.1200147118371952,0.2574152398998631,0.006775943385720157,0.0,0.0059397410271831985,0.10870921251668264,0.08465361552996425,0.18552957226196976,0.11164078243814672,0.0
0.11647304659482119,0.6814867394257744,0.4694519847426102,0.0453404410571768,0.0,0.47929878758082034,0.286058058736709,0.46772267130949374,0.2582066675169695,0.8039365132243272,0.0,0.0,0.43120219590563436,0.0,0.0,0.38153722470127016,0.8148701772306342,0.6553823965960265,0.3736824008464817,0.44180261031722967,0.3554004167764899,0.5456473360226104,0.4095782184015082,0.7557355516668647,0.6280778326488008,0.7842084977458585,0.3879386505130946,0.13639626379820818,0.4485051415604462,0.3887503118185918,0.5331477853031215,0.40978825710741773,0.0,0.13258310303346368,0.0,0.0,0.0,0.2427302765313033,0.4917936137009355,0.3751202467961601,0.3084584408406136,0.0,0.3478920891958105,0.5570025477360223,0.492768820761049,0.2819857655894079,0.617743512947108,0.3018613365051663,0.0,0.0,0.18708434433503976,0.0,0.3968854072390254,0.2980476575487751,0.7991048689009723,0.06728363274829141,0.8726642929371007,0.6248903147115871,0.03989982418841691,0.0,0.449310746782094,0.8546748939787583,0.7371831216629098,0.3034131892821718,0.41550976370337256,0.1959833934061292,0.5265498121330372,0.20711264846561134,0.638636322606176,0.6966155935164924,0.7747915288689179,0.18019779951571366,0.6055139628585064,0.22936538984073435,0.37669045511487886,0.36419388684770954
0.0,0.5165703147476476,0.1660458685809372,0.2662968395418906,0.0,0.32750761033882825,0.2885640196968654,0.17733104859280552,0.054068323072672286,0.4009390463696524,0.0,0.43120219590563436,0.0,0.0,0.20131386947245866,0.25706673781554445,0.5717708248683772,0.5059886119754561,0.09130220461287136,0.2761782567873778,0.5056097983224691,0.3997653594876255,0.1667241405243734,0.3196815985619948,0.4494455634005873,0.3261021733042768,0.13252649826109586,0.6946356960327994,0.27502551958790417,0.16075178349226824,0.40110656109005605,0.23815695532287862,0.17165811525629807,0.2865938759110544,0.0,0.0,0.16484284935161167,0.22469705325016448,0.23691169231776377,0.3840935218052548,0.20650644488609787,0.0,0.15191954530645918,0.13827959318125402,0.3937460262097512,0.0,0.18580590931865634,0.1350180971504184,0.0,0.0,0.28465246340136624,0.046664534250506096,0.15081267633821663,0.20314164011215513,0.4381391434075541,0.17669064737351503,0.43433704740938534,0.35929816036305157,0.0,0.02949589102450617,0.1771161106732194,0.4813127596013823,0.3163523439101478,0.1941298889644584,0.2530582796080257,0.26072630429979504,0.15745810174161415,0.0,0.0917918647108342,0.3233826951884381,0.3036161016514064,0.11199654273431567,0.387258820520726,0.29305126758647465,0.1077917947216814,0.1908320074531362
0.07956281834791532,0.0,0.0,0.0,0.31984696801086465,0.0,0.09034289637491999,0.0,0.0,0.0,0.21737861066645187,0.0,0.0,0.0,0.0,0.09523772360246384,0.0,0.0,0.06299676148073532,0.15629176733778002,0.0,0.12500343579030185,0.0,0.0,0.0,0.0,0.0,0.0,0.0,0.07590650756632866,0.0319617019668387,0.16377873798864512,0.0,0.14454658304484844,0.15371096458101152,0.0,0.021178848961452237,0.023487307068155397,0.05859586579123013,0.0,0.06009921149210533,0.05729112987651178,0.0,0.0,0.0,0.07873428242582398,0.0,0.17849764506187668,0.0,0.030689564281221993,0.087342462189311,0.0,0.0,0.04420268700662082,0.0,0.27376963390951736,0.0,0.0,0.4192548936368701,0.3585041767793334,0.0,0.0,0.0,0.21203092433501203,0.22585967410621755,0.0,0.0,0.0,0.0,0.0,0.0,0.019287679825605572,0.0,0.25776208481228396,0.0,0.12743813292800596
0.0,0.0,0.14742983878734328,0.1654959277912949,0.16806072741957212,0.14565248271214518,0.0,0.0695123638217077,0.06523232060487405,0.07189970045831356,0.1562232776657972,0.0,0.20131386947245866,0.0,0.0,0.0,0.0,0.0,0.13192270502322007,0.29207595928078683,0.48605904338368566,0.11899550402517045,0.14656400558890004,0.0,0.0,0.0,0.31332800742161176,0.26708889951316994,0.2111931592830198,0.008209713979237532,0.11427703315200982,0.0,0.4860714709668947,0.3450112514129684,0.14637823620465887,0.0,0.0,0.08113238635237345,0.0,0.24993849656403339,0.007714073101125804,0.04948235868911873,0.0,0.0,0.007192357703110608,0.0,0.0,0.0737555340342555,0.4210477539578572,0.3784009487234831,0.22759379439151828,0.4032456698098402,0.13407670536962712,0.23413046456714737,0.0,0.058220498829576195,0.0,0.11041947241126698,0.0,0.5031074685117672,0.0,0.015569928813876532,0.0,0.1236974190607244,0.25223875779874017,0.5460684815695146,0.053884049944447066,0.11678433463432147,0.0,0.0,0.0,0.19836967654340043,0.1386158198978299,0.23821475369961165,0.0,0.0
0.3124320219819571,0.1986459279286778,0.13993838482690524,0.0,0.016707724906025234,0.20252247242351243,0.2466228736163045,0.06871910417178793,0.18529924427225136,0.17535584347278818,0.263559001825814,0.38153722470127016,0.25706673781554445,0.09523772360246384,0.0,0.0,0.33781996180287954,0.7796601918109317,0.3891714147471252,0.3722253192061858,0.06978804296122187,0.710268363743475,0.0,0.41053170628826063,0.5286281119385094,0.41547925728099644,0.18025507594764714,0.12751093714607703,0.373323490625167,0.3788315139779382,0.47159949058426415,0.43557443660418327,0.10858908558405347,0.26883768933338625,0.0,0.0,0.0,0.0,0.48946616357722805,0.30195047555706067,0.48271807728917815,0.0,0.0182373167198132,0.20295737345505094,0.11181500080095111,0.3195208727199198,0.3675603770199425,0.2426201112628032,0.0,0.0,0.0,0.0,0.020956538775207548,0.17053774445102846,0.20850644297072823,0.1729492809084382,0.22517694493182583,0.25218903936682596,0.11394935686565895,0.0,0.5756439508484357,0.4662149025575933,0.5491226249740991,0.4359990091696248,0.3268493595302868,0.0,0.5481509067033261,0.0,0.2476663315247728,0.370068752563987,0.43822774309621376,0.0,0.39525443053425224,0.23537637318238266,0.35147208582088324,0.5377566058313494
0.09123903090601071,0.7822609164796093,0.37957926319420143,0.04829036195093396,0.0,0.33569595946756703,0.1885195451978345,0.24985229111105184,0.20429582372119734,0.8200425648856184,0.0,0.8148701772306342,0.5717708248683772,0.0,0.0,0.33781996180287954,0.0,0.7466110940683537,0.26329908996442264,0.39065224297192636,0.4431478243063727,0.549518936547551,0.29177308470690744,0.7058721437162621,0.7579851958327968,0.7918310394568538,0.3193122213771082,0.2747017902343024,0.3991247286988049,0.27419777481731256,0.6291296962686233,0.294974465710654,0.02269089132275723,0.11902181598638893,0.0,0.0,0.003962499626636973,0.2599856117880954,0.414467478734741,0.4179412736143896,0.20725547048952347,0.0,0.26179911331636563,0.38745401956293435,0.5889748196233948,0.22444792482530249,0.5922222119742842,0.10746610216021296,0.0,0.0,0.22612249883099475,0.0,0.1629194841973802,0.2215783976961332,0.8759029126116311,0.0,0.8435857487408429,0.620856197009512,0.030930581561920772,0.0,0.5403341640925252,0.831546297830666,0.7825713637705352,0.16491439513621436,0.3114560675950513,0.2656684034414052,0.5167794999973319,0.05185341668068677,0.4600712236009919,0.7746044878964224,0.7368145069597626,0.21047243194800025,0.5902391867128303,0.25145262719667094,0.3759767630409696,0.4331785384804999
0.32856460273436383,0.5852086352660641,0.32236937436393315,0.0,0.0,0.3446339493313844,0.3793116387040777,0.15551816728323198,0.26575091880330876,0.5755527671179973,0.06906928463332283,0.6553823965960265,0.5059886119754561,0.0,0.0,0.7796601918109317,0.7466110940683537,0.0,0.43119238578722,0.44604026613008096,0.3192463104062965,0.7607931575813183,0.14377176390181712,0.6350445591644207,0.8047035634702979,0.7004290077409157,0.3341037695463674,0.23334278414264456,0.5392209096336353,0.36347593372976217,0.6035933019957178,0.35554989029153544,0.0111648128727318,0.1710633676317984,0.0,0.0,0.021426506987090727,0.08141031529028481,0.42608580433872445,0.4111646529676796,0.384950520681704,0.0,0.18361998305887697,0.34246966137547485,0.33300227477401756,0.3916818758647409,0.6184803833622827,0.25926036977819544,0.0,0.0,0.0,0.0,0.0850114420340039,0.24032056817337222,0.5922453307503137,0.0838709340452622,0.5577100695559882,0.44316839734104524,0.08308504241637965,0.0,0.6908982623463814,0.6936425581659984,0.7976833741263001,0.39319870580748484,0.3617593987720538,0.10403225206074157,0.65513976645106,0.0,0.39765235256299497,0.6933989255573682,0.6896465899333931,0.0426395845051693,0.4951764726382428,0.22116558058041833,0.3671711774606299,0.5507311251307115
0.3667441368953209,0.07091748621333963,0.6223807912281699,0.0,0.22387396836556728,0.4663956753098945,0.20570316125978283,0.446042049513299,0.5865443040969415,0.3826383779117847,0.35985065553759604,0.3736824008464817,0.09130220461287136,0.06299676148073532,0.13192270502322007,0.3891714147471252,0.26329908996442264,0.43119238578722,0.0,0.510758144756671,0.28086375200638863,0.5826907037174551,0.3888679733626382,0.45541758529995413,0.32493943324745167,0.3428839503057775,0.6084517851455244,0.0,0.6100248728193718,0.4447893074259129,0.3823775133593661,0.3791202915212591,0.18290656952332052,0.28430957511311333,0.0,0.0,0.0,0.0,0.4867705716271858,0.43037554413127743,0.3955471006693101,0.0,0.2791531535861035,0.556677771262313,0.11246538642727162,0.5264185060479305,0.5396038432070278,0.5489552137525276,0.0,0.2205338491398043,0.23539677487089083,0.02105130942894151,0.5079044561666664,0.4776446353432266,0.3660199503184165,0.35096106376669745,0.29943037049983634,0.45426198014928265,0.22351815423504423,0.1256256359708403,0.4720570288612094,0.45643405606546555,0.4758250465016326,0.7561960761588741,0.6309317586281482,0.26966902208309423,0.6806198055820387,0.3751842399052609,0.4112709693538309,0.3931591631183767,0.43981096707184814,0.29285435806489907,0.5278719201711634,0.431459001895497,0.533638788300059,0.3322808857427565
0.1962051533214718,0.19770481123209843,0.4190065533720394,0.0,0.1266842612451941,0.24028158534301408,0.2029336245505394,0.2335957745771916,0.15085653897653684,0.48027942047927896,0.16892948683386821,0.44180261031722967,0.2761782567873778,0.15629176733778002,0.29207595928078683,0.3722253192061858,0.39065224297192636,0.44604026613008096,0.510758144756671,0.0,0.3112456601576019,0.7001078884929713,0.20059099563401725,0.33407800622336903,0.3078983936665758,0.32462355343819316,0.4375425638409431,0.2646711575586394,0.63446294155603,0.5505785579516723,0.5047105600144627,0.2508121734100988,0.11933761381328814,0.3306563743537308,0.0,0.0,0.0,0.17340317862459131,0.2603083900806176,0.2043599230767072,0.1959548321803068,0.0,0.05106258240094838,0.17404898984994446,0.2461505772444797,0.2976677548543126,0.24464377864804296,0.3300052305081568,0.0,0.0,0.09161018872800425,0.0,0.23599595796431225,0.2587296532285803,0.39426246617641236,0.17936947359264171,0.29191598782732325,0.2990974730353226,0.0,0.40417418056353027,0.3907926179044539,0.41579588963991265,0.35711024042998196,0.4163800323244492,0.7000627041517766,0.3467383880263615,0.5096283965919168,0.10133826719617423,0.2057599540496158,0.2959473478398889,0.3373819142680809,0.20975451097418968,0.34970188775672273,0.46110852973222616,0.22552639940247277,0.18879782403273815
0.0,0.4164157605669595,0.2986958151539726,0.19325218253631146,0.0,0.39882273168904386,0.14884568260710235,0.3620980390404041,0.2840945870965617,0.49545762810016314,0.04225179871427029,0.3554004167764899,0.5056097983224691,0.0,0.48605904338368566,0.06978804296122187,0.4431478243063727,0.3192463104062965,0.28086375200638863,0.3112456601576019,0.0,0.31825603190341767,0.30295133941958474,0.361721746381633,0.28189762534800694,0.32046094440152495,0.33490572596749874,0.3529791100648524,0.37973808105689066,0.2116886665659856,0.42213229266891766,0.14309794000494525,0.45155508765926067,0.3229694816840626,0.0,0.0,0.0,0.18770717132338938,0.09564070853000627,0.4841703031045229,0.12673868538979322,0.0,0.35047208028373383,0.2166431134838226,0.35637551437791776,0.10208689486561051,0.3092105302526525,0.0889104927544844,0.05361860813687039,0.12046732563911258,0.2580113567785265,0.35719378307024446,0.41267568656544207,0.26773413133093216,0.46853652586845573,0.0,0.3678911509833455,0.39183551475546313,0.0,0.0,0.2218641611825388,0.39164880144901093,0.24387581847852952,0.2275939575583951,0.2299360110674511,0.7379149776279414,0.30125891301096175,0.1416938263357846,0.23371163903988473,0.1911069671384073,0.17189898384605573,0.10396769614015572,0.4627890718769416,0.13963018728126705,0.19275981465712488,0.013490080804060695
0.35501623877730265,0.3894162836650128,0.3415044457949955,0.0,0.06075910738235185,0.3456668897678481,0.339604945207414,0.20643202251364504,0.26684408704886464,0.5260819853756097,0.1933309215767109,0.5456473360226104,0.3997653594876255,0.12500343579030185,0.11899550402517045,0.710268363743475,0.549518936547551,0.7607931575813183,0.5826907037174551,0.7001078884929713,0.31825603190341767,0.0,0.13440980899655836,0.535367674124957,0.6567611054056384,0.5653023778052128,0.43149505890074435,0.22465807761758189,0.6660018312068452,0.47400023591179585,0.6096199586476525,0.4631809964888307,0.13889280383697195,0.3350443004796111,0.0,0.0,0.0,0.07350743309363915,0.4764122628681007,0.40852445993715647,0.46292486422327717,0.0,0.07538704078159843,0.27354796107234786,0.3022239401187359,0.46219148298488605,0.5030315718297731,0.324547528111266,0.0,0.0,0.04336501257157832,0.0,0.17339703275759893,0.2742880774915038,0.4644874145920499,0.16390666537073,0.3662725684004495,0.334817392184067,0.08631841097460975,0.15325630212038804,0.6436812888371438,0.5917015447856855,0.5960069387939649,0.5010196789508827,0.6488024315226962,0.20299336884994326,0.7580713024890784,0.0,0.33680032995316467,0.5517542856718778,0.580304957205375,0.04530351208393413,0.4653985090145267,0.4237606406547233,0.34867584486330655,0.5057825674022747
0.2035444817512647,0.3306924998784836,0.8087041596326574,0.0,0.0,0.6499164395975024,0.014737152646268292,0.7294905117726423,0.37542663143765054,0.4844028824645421,0.15771371765857256,0.4095782184015082,0.1667241405243734,0.0,0.14656400558890004,0.0,0.29177308470690744,0.14377176390181712,0.3888679733626382,0.20059099563401725,0.30295133941958474,0.13440980899655836,0.0,0.42664332755591916,0.28393356133048697,0.38971489941711696,0.7296958898962351,0.0,0.3909118094953866,0.10579552144627519,0.18152609102361195,0.17341189094668386,0.12998109840470803,0.08606028273443123,0.0,0.0,0.0,0.16814455514411866,0.271676476622711,0.2640293232626412,0.0,0.0,0.314444205101505,0.2922895809017116,0.20537034014424344,0.19660428934321839,0.4462119180868824,0.5843048490891792,0.0,0.203955930997017,0.513416994483951,0.2961274574455529,0.6072809653096988,0.6031760509463098,0.5499604565684818,0.38372305065200446,0.4644053731287371,0.5424895143536247,0.038002072824987965,0.2561651135637467,0.1582386914556956,0.4336072621962214,0.32160323081073583,0.41804024792718836,0.4204311825383171,0.2237619951361239,0.3282536960037503,0.8523194939778911,0.38396772825668535,0.4343897366475886,0.4568094541608534,0.6521463885743627,0.3390818009894381,0.4177175584396273,0.21745614027749233,0.0
0.41500583623433535,0.6851839288101076,0.46364823841802466,0.0,0.0,0.5884756908512739,0.14983575139415573,0.4862926203737533,0.33840465248821394,0.6947667641910636,0.06242258264876621,0.7557355516668647,0.3196815985619948,0.0,0.0,0.41053170628826063,0.7058721437162621,0.6350445591644207,0.45541758529995413,0.33407800622336903,0.361721746381633,0.535367674124957,0.42664332755591916,0.0,0.6823000358008732,0.8176974720603534,0.4019098798630152,0.024264911413884482,0.43991181039261607,0.39004736150161434,0.6451813132794804,0.3932819182124676,0.1884727401253315,0.23374907100988773,0.0,0.0,0.0,0.23468947042613153,0.5006555180321629,0.5283262294680564,0.36865586863556854,0.0,0.3527414793674376,0.5299961270317177,0.4515636919532481,0.5713324800899188,0.7556293239927205,0.2805669512524561,0.0,0.0,0.35039553644744414,0.0,0.4078287458131387,0.33603811093971037,0.7364047502181064,0.03473533750704247,0.735288210992122,0.6431045703838673,0.18172799706231604,0.0,0.596754952292482,0.8099200481239017,0.7460868503491669,0.35531998588893554,0.41140171317959884,0.2287221827546062,0.6720910280058281,0.2847915524941342,0.8321994593264328,0.7383240909241173,0.842448763765359,0.13105397724116646,0.5548547032812852,0.2886380458975879,0.46504498561883945,0.4807088531880309
0.38153773772350363,0.7856854114449019,0.3458605767494996,0.0,0.0,0.3983316262691191,0.2696475321523993,0.18586583241602309,0.1829021790767868,0.6596678768390648,0.0,0.6280778326488008,0.4494455634005873,0.0,0.0,0.5286281119385094,0.7579851958327968,0.8047035634702979,0.32493943324745167,0.3078983936665758,0.28189762534800694,0.6567611054056384,0.28393356133048697,0.6823000358008732,0.0,0.7478435635037198,0.3723186279596685,0.10816861482450058,0.5019406777110247,0.18839723153257606,0.5105418988503585,0.30693405242436134,0.0,0.05925090197004643,0.0,0.0,0.01602803632669246,0.1573876694885425,0.45829368936107034,0.41767851116334875,0.29883994820506493,0.0,0.09501877900200849,0.3225722658665052,0.48813813440730536,0.4469029648736314,0.7149538157919426,0.23598305693536376,0.0,0.0,0.08371359583718074,0.0,0.04450673725452517,0.2292585481275791,0.7291633017681302,0.07354429589086198,0.6299741882470964,0.4056976032507841,0.09303602934013859,0.0,0.6668576532318936,0.6673922890397277,0.7454767452410509,0.2627674336356343,0.3604195791666147,0.07479859380161202,0.646328242037591,0.05102377893291049,0.428507727426602,0.875103451735952,0.7956047160385901,0.16439021081612926,0.3834108974979652,0.32203388541380956,0.34279498678952175,0.5796528760487863
0.35951899479439026,0.8315137438643426,0.4222926573637874,0.0,0.0,0.581486523662088,0.1564688892278218,0.3751708609385142,0.33285342451845557,0.7544605406204372,0.0,0.7842084977458585,0.3261021733042768,0.0,0.0,0.41547925728099644,0.7918310394568538,0.7004290077409157,0.3428839503057775,0.32462355343819316,0.32046094440152495,0.5653023778052128,0.38971489941711696,0.8176974720603534,0.7478435635037198,0.0,0.40205024837196585,0.0,0.4868166978359436,0.2951620591578825,0.5267346024802573,0.34612682353646884,0.07537230558934818,0.14931854540299908,0.0,0.0,0.0,0.18091267780813014,0.391596712338127,0.3827798227364625,0.26869955854416294,0.0,0.2981477599268271,0.46003142501880534,0.44986728200603743,0.45860885423936615,0.7778125802842897,0.20991318371012502,0.0,0.0,0.15799947527201513,0.0,0.3074257603858644,0.2813908816943737,0.811725819948868,0.0,0.7683076963063087,0.5655864997847287,0.08635816491987311,0.0,0.5217259287357822,0.799797739164627,0.7519564228451521,0.2544497730209706,0.34617943090647374,0.18845013327597482,0.7000164656134364,0.18689928863803545,0.584639437982343,0.7703675141970995,0.8997904739823113,0.1573882199296152,0.47164191693225527,0.15685124136318107,0.4184702436853782,0.317421252610974
0.3012650618744739,0.25445404569774205,0.7375400053595444,0.0,0.11620212439698813,0.6162652596993483,0.2643736304273189,0.46193489652926795,0.5101661299894774,0.5328337590272503,0.23980862470942632,0.3879386505130946,0.13252649826109586,0.0,0.31332800742161176,0.18025507594764714,0.3193122213771082,0.3341037695463674,0.6084517851455244,0.4375425638409431,0.33490572596749874,0.43149505890074435,0.7296958898962351,0.4019098798630152,0.3723186279596685,0.40205024837196585,0.0,0.0,0.6730933747645049,0.22749091579566252,0.3374203816268649,0.1738797501756549,0.18730427203117653,0.18763095916611272,0.0,0.0,0.0,0.1133856695004537,0.26225105944123495,0.32467420725986507,0.10733457433249141,0.0,0.20024447661737574,0.31225300973069237,0.13624797132986424,0.3992104482967103,0.5392442280528008,0.5730230277907674,0.02127265681455373,0.34623981151038125,0.3802592171342779,0.3488340470270183,0.4559802099566777,0.6527785528215403,0.5345667193495,0.3666194727032343,0.35231534272606274,0.5544437727521276,0.0,0.3086437022938406,0.428767476261171,0.49107416589112335,0.43099092985813375,0.5259929324987322,0.5626537706201243,0.33205972572855946,0.5493201290741112,0.6125153292972945,0.3235676044486625,0.45317335190851976,0.49142371786802264,0.6222424420583058,0.3956938695310294,0.510459231176426,0.22587819821522595,0.0562786078342081
0.0,0.15350511741119208,0.0,0.26071099200961206,0.0,0.0,0.0,0.0,0.0,0.05823919290663582,0.0,0.13639626379820818,0.6946356960327994,0.0,0.26708889951316994,0.12751093714607703,0.2747017902343024,0.23334278414264456,0.0,0.2646711575586394,0.3529791100648524,0.22465807761758189,0.0,0.024264911413884482,0.10816861482450058,0.0,0.0,0.0,0.037442486294974375,0.26066656455071374,0.25554957881478435,0.1140343345861213,0.13020300519162972,0.33936385141620423,0.007323717677305774,0.0,0.26480978848593234,0.23583290476990681,0.13568507972749072,0.2525639088693638,0.24074485964571665,0.011007437116144617,0.0,0.0,0.2775502387950488,0.0,0.0,0.0,0.09257201346132807,0.002397023694890421,0.0,0.0,0.06211872130749868,0.0,0.0818940799975944,0.2087418718533953,0.19042641942737532,0.07748831980714016,0.0,0.0985431534904207,0.05942156082792838,0.17810150056161392,0.08798786525845931,0.07642681451338401,0.2263093413604093,0.2839376255167344,0.0,0.0,0.0,0.006068385743410898,0.0043583661456922385,0.0,0.29629161836298507,0.22026666998775407,0.13398106374534413,0.23006512708265064
0.33797240586075705,0.3618987823702799,0.4622350470094479,0.0,0.18467225174848956,0.6139994035615992,0.47616065588453566,0.2977580665369557,0.29528792209575383,0.6040309717682124,0.15733614680262945,0.4485051415604462,0.27502551958790417,0.0,0.2111931592830198,0.373323490625167,0.3991247286988049,0.5392209096336353,0.6100248728193718,0.63446294155603,0.37973808105689066,0.6660018312068452,0.3909118094953866,0.43991181039261607,0.5019406777110247,0.4868166978359436,0.6730933747645049,0.037442486294974375,0.0,0.4811486803528967,0.5043469874974275,0.20940116831270814,0.13501199560745564,0.24621990912741232,0.0,0.04489443059861366,0.0,0.08261974610149359,0.2936995479221373,0.25374076539999696,0.24008089338909977,0.0,0.2890435194683436,0.4288605542387616,0.168642336635958,0.5529416005379042,0.5676656143667111,0.3649826097146828,0.0,0.1492323622352569,0.18167570007226497,0.09810445532805218,0.35328500748593455,0.33176337405022,0.5364620254013778,0.1802725093090001,0.35448279737133026,0.4615465359198905,0.0,0.1505408325605731,0.5470506780003406,0.5486805968852819,0.5431092685089798,0.47346010408342476,0.5731884474795774,0.40031428655352486,0.6078304034628689,0.28231597069718356,0.3335282246301165,0.5221198985343148,0.5137035366845599,0.26208630268675975,0.39097515754016227,0.4379968691129889,0.30908294133389,0.19367801633868237
0.1210179573860613,0.16218910391246016,0.26331858060982616,0.0,0.13949774205416499,0.32725116793111453,0.16928517265250748,0.35569934190670627,0.2727462775729916,0.30170298108350124,0.35522454157506167,0.3887503118185918,0.16075178349226824,0.07590650756632866,0.008209713979237532,0.3788315139779382,0.27419777481731256,0.36347593372976217,0.4447893074259129,0.5505785579516723,0.2116886665659856,0.47400023591179585,0.10579552144627519,0.39004736150161434,0.18839723153257606,0.2951620591578825,0.22749091579566252,0.26066656455071374,0.4811486803528967,0.0,0.5736798311683088,0.22326152598957166,0.23248898333349588,0.4052101894733,0.0,0.07095385888302752,0.0,0.1557921921662453,0.18243116445716517,0.3047504989774498,0.2876880171786288,0.0,0.1730734181916773,0.35254855655968786,0.18104757374741215,0.32978756110283414,0.29905832768074897,0.22142426647681834,0.0,0.0,0.11625532076589071,0.0,0.3744583743244463,0.2628770489966925,0.2689338793958891,0.13078993891775292,0.3280398069392346,0.4133031915803914,0.08603406331244162,0.03254707060101231,0.3519807518568377,0.47002457252114027,0.40708522508355127,0.478847157849935,0.4943126090796912,0.22357842565874317,0.36709975724745175,0.09138097335505685,0.2958437722929344,0.2988296011007927,0.35058000101273756,0.0,0.4620078815624526,0.3475982270640649,0.46481644477619455,0.26754833275550366
0.14447433105569102,0.43219406240955927,0.24757837870842242,0.03328544833049579,0.0,0.3680718201839084,0.10573890155828924,0.25405787951180203,0.12839627652764057,0.6265441114264251,0.0,0.5331477853031215,0.40110656109005605,0.0319617019668387,0.11427703315200982,0.47159949058426415,0.6291296962686233,0.6035933019957178,0.3823775133593661,0.5047105600144627,0.42213229266891766,0.6096199586476525,0.18152609102361195,0.6451813132794804,0.5105418988503585,0.5267346024802573,0.3374203816268649,0.25554957881478435,0.5043469874974275,0.5736798311683088,0.0,0.4578419913335614,0.2720436022447249,0.4681918940929714,0.0,0.0,0.0,0.2706005407153142,0.46680136495236224,0.42063850349539794,0.2719017937115125,0.0,0.32775792992579866,0.43336355946489774,0.46212931576090716,0.34335195168058064,0.48648901546154855,0.051414556368561626,0.0,0.0,0.2959425430663879,0.032481892599786344,0.2445747122749553,0.16416439331912147,0.6510522839274454,0.0,0.558934829730882,0.5539834102193921,0.14078184869807597,0.0,0.6398823987044209,0.7481440955180849,0.656293787097214,0.30284174745838705,0.44950427449112973,0.2940186670389465,0.5675673416951542,0.008638039355891358,0.5000101654658596,0.5822565456531635,0.5444331676127496,0.11352877546331902,0.5857566249654399,0.39880138489652506,0.4188592240495109,0.46123257808746143
0.06535351644470325,0.16718346016938543,0.3043814775638883,0.0,0.014800592724879977,0.21219512997656378,0.10085030337421719,0.46573707368267947,0.24138327178194463,0.2310509943720364,0.34077519798028566,0.40978825710741773,0.23815695532287862,0.16377873798864512,0.0,0.43557443660418327,0.294974465710654,0.35554989029153544,0.3791202915212591,0.2508121734100988,0.14309794000494525,0.4631809964888307,0.17341189094668386,0.3932819182124676,0.30693405242436134,0.34612682353646884,0.1738797501756549,0.1140343345861213,0.20940116831270814,0.22326152598957166,0.4578419913335614,0.0,0.17457109074942243,0.44612183131836547,0.0,0.0,0.0,0.0,0.7083006548449537,0.4027992744094966,0.541426338965506,0.0,0.2056595360191815,0.40501562518490114,0.07211685709387017,0.1999303389188404,0.26012237962837215,0.36675374270996214,0.0,0.013218620341857362,0.17286528992650474,0.0,0.3969690679196638,0.28657025466429387,0.2638628081315928,0.30268719132743727,0.3276911783221711,0.26171273037645637,0.15713673970955788,0.06624874631394978,0.2357709560049589,0.44177327170263847,0.27549681934753956,0.42480306828638925,0.3759614967019658,0.0,0.36044651921021265,0.07451939630408358,0.32267578870385555,0.303695551247686,0.40069842144766543,0.08226159835689187,0.40588840380243973,0.2964154985066044,0.3285004349421127,0.3816834673161178
