0.0,0.7043775273776763,0.0,0.0,0.0,0.0,0.0,0.0,0.0,0.24976761632665062,0.0,0.3679300489649793,0.0,0.0,0.22162044752843502,0.47673068939825464,0.21881854325125627,0.5337252171509416,0.0,0.1203894152050958,0.26194363478342725,0.4045663924439674,0.0,0.5651582831533432,0.7707205809040956,0.8154829319756607,0.0,0.0,0.0,-0.010353951535827632,0.0,0.0,0.0,0.0,0.0,0.07618431382010835,0.0,0.30413200367058,0.17928423532443777,0.0,0.09385732672161232,0.33151836841428833,0.15105137748371253,0.0,0.05226230828710127,0.8814651699691025,0.7121253128477356,0.0,0.0,0.0,0.0724478855938937,0.0,0.0,-0.025767776466821435,0.4477590833211264,0.0,0.3610201815337272,0.2823987853161304,0.0,0.2769251419296129,0.6327558214996283,0.3278374719288142,0.6183313114334108,0.0,0.5880658980001864,0.3778189586625308,0.732138982704171,0.0,0.6237905413265988,0.7481369088734234,0.803750459541994,0.17456261714561547,0.3987629800484641,0.6812004805793408,0.4782474606084978,0.49678920398437343
0.7043775273776763,0.0,-0.011074827176785929,0.0,0.08563931154493182,0.1304431096066287,0.032738049480445175,0.0,0.17478257055427948,0.32216225635300855,0.0,0.39182132069877357,0.06810533555930642,0.0,0.3575161570659165,0.44966442566178116,0.34261251795743713,0.5212722187911515,0.0,0.3649029272408915,0.27991947082306784,0.573104838999646,0.0,0.41161619762553825,0.6962723002830934,0.8287897140072499,0.13099102455963751,0.0,0.0,0.08595247751966764,0.0,0.0,0.0,0.0,0.0,0.14267606469957342,0.0,0.14907073099072807,0.03864812178707175,0.0,0.0,0.10457170064807463,0.1362869245272076,0.029566238066814868,0.09031497473760475,0.6132220031825939,0.7592891690454177,0.09700629726697946,0.0,0.0,0.22582739887646308,0.019056665701389197,0.0,0.213858549722763,0.4515366149269088,0.0,0.35074777418815967,0.3883085564995134,0.0,0.5428156719762649,0.4758140274414432,0.29182712663439037,0.4769731503548107,0.0,0.554976010865931,0.4447171577041201,0.6566505232809112,0.11199281371100125,0.43540817384071606,0.6437751106404079,0.7322887215386957,0.3173508003059682,0.31183439885853415,0.48512158263050564,0.2907757339603707,0.27259383661432307
0.0,-0.011074827176785929,0.0,0.12526055984446083,0.46089606385562265,0.5685562651822704,0.30774235297141167,0.5874372836695757,0.6174975873599167,0.0,0.7225387131200918,0.0,0.6083205416110409,0.026036184034889512,0.37019498636606657,0.0,0.0,0.0,0.6166904394176147,0.46472205751508266,0.14140380690701335,0.2845563478693217,0.7104932368963226,0.0,0.0,0.0,0.5967025985858483,0.2832586961266099,0.5685240033169026,0.568552189058574,0.369988877160794,0.39904946231608013,0.3646779308592517,0.522464982734125,0.17245078631105581,0.009224106689341871,0.0,0.0,0.0,0.5574522933069834,0.0,0.0,0.0,0.0,0.0433796553532088,0.0,0.0,0.8203191405672636,0.17056109088727747,0.24785689712240036,0.2003438956428071,0.4569312125639925,0.6738514099470372,0.5556147370163319,0.0,0.6083830287172098,0.0,0.18652322862594015,0.060162484763635934,0.4129133158513125,0.0,0.0,0.0,0.6848212665262309,0.0,0.1831278853697363,0.0,0.5196922717169921,0.0,0.0,0.0,0.22033085879596503,0.0,0.0,0.0,0.0
0.0,0.0,0.12526055984446083,0.0,0.0,0.1117994878290361,0.07454323254052053,0.1615826586805174,0.0,0.0,0.21331350336061825,0.0,0.13114368802699375,0.21705125742125705,0.0,0.0,0.0,0.0,0.3569781109886502,0.0,0.05913625544566474,0.0,0.06076455579387359,0.0,0.0,0.0,0.0,0.05819234207345514,0.2118218838978984,0.0,0.027520184941957487,0.2964076725167438,0.2929013992980859,0.27618414008796677,0.0,0.0,0.2650937972925612,0.0,0.0,0.374698018903448,0.0,0.0,0.0,0.15218696382129215,0.0,0.0,0.0,0.0,0.7613094047569042,0.19300989365254556,0.0,0.0874757429869881,0.2266237572075116,0.0,0.0,0.17549505570017407,0.0,0.0,0.026260022014923112,0.0,0.0,0.0,0.0,0.3197583851774606,0.0,0.0,0.0,0.0,0.0,0.0,0.0,0.0,0.0,0.0,0.0,0.0
0.0,0.08563931154493182,0.46089606385562265,0.0,0.0,0.6301926606349912,0.6461341983332979,0.3472818877139566,0.7794591837593863,0.06618808508967605,0.5951079615018763,0.03321931573546996,0.5892630057954913,0.17887522310090706,0.16131670736605155,0.0,0.06237073866473575,0.0,0.2372130097460455,0.4280956957143404,0.0,0.21956498713777614,0.5358222604871663,0.0,0.04121096914514549,0.023913426525610765,0.668781777239831,0.5616704986147845,0.440735888101189,0.29305717649112906,0.11191780079929983,0.08505555906681467,0.0,0.01790678213087618,0.0,0.05178653718907361,0.0,0.02486290701653726,0.0,0.0,0.0,0.0,0.02353754675959771,0.0,0.0,0.0,0.0,0.6104890304444588,0.0,0.6195837161201221,0.4984707333558479,0.7324399230239522,0.4414697626171722,0.7982374704223172,0.0,0.6355573419990307,0.0,0.36632914496102736,0.03887508055791672,0.4505621092746872,0.0,0.0,0.0,0.2632929428647441,0.21327386131065118,0.039136623987127334,0.0,0.6393994795233513,0.0,0.0,0.0,0.5007121598156565,0.2494417776388895,0.08994845083013867,0.10097516041304036,0.0
0.0,0.1304431096066287,0.5685562651822704,0.1117994878290361,0.6301926606349912,0.0,0.43290986710958573,0.5631971220448382,0.6784501267624324,0.0,0.6480914625542292,0.0,0.657975695573176,0.1966211841190997,0.13704351138380194,0.0,0.0,0.0,0.48375399712244793,0.3965824249510092,0.06492664217684119,0.13070891492129083,0.6741564908838716,0.0,0.0,0.0,0.6604959743463843,0.40601440705408093,0.6824356117500692,0.27413969396787574,-0.017966984905456063,0.21599176209406717,0.0,0.16471205406722592,0.0,0.08253937481433596,0.0,0.0,0.0,0.15733550476676222,0.0,0.0,0.0,0.0,0.0,0.0,0.0,0.6582049156826433,0.05845883564582542,0.2888426414059837,0.3375098885280061,0.47697356446082906,0.6372950666931195,0.5892565919735917,0.0,0.6654901650712858,0.0,0.20644981585996575,-0.0022424964302734662,0.40053623573876745,0.0,0.0,0.0,0.4673137396564989,0.0,0.10464996205049401,0.0,0.666239716134683,0.0,0.0,0.0,0.2583858798481039,0.0,0.0,0.0,0.0
0.0,0.032738049480445175,0.30774235297141167,0.07454323254052053,0.6461341983332979,0.43290986710958573,0.0,0.2686831317194861,0.5762683423756302,0.051868961527901936,0.38539239408210524,0.029423604125919545,0.5379424427490223,0.0,0.0,0.08042433418681183,0.14706294247393883,0.0,0.12902345129234818,0.0714728666578186,0.0,0.04444472107675301,0.29733184037027977,0.042048586229314705,0.0,0.0,0.3051254126532498,0.5067929286264687,0.45272894296634736,0.3415575090892865,0.2692314118549281,0.08224719110049218,0.0,0.02893005835492929,0.0,0.0,0.0,0.0,0.1121388991075401,0.0,0.2528018865964753,-0.007628704008233331,0.0,0.0,0.0,0.0,0.0,0.4070884483061188,0.20087009882944443,0.63028987423393,0.33850872685340383,0.7301272773551261,0.21431612939866418,0.5347723909714506,-0.012597503920970254,0.24989677392341508,0.05080194753184092,0.16812829779706845,0.0,0.3299139781934277,0.0,0.037787324628869495,0.0,0.11805687322821631,-0.007172995419988365,0.0,0.0,0.32264909970693967,0.021839841443076657,0.0,0.0,0.18256544238884995,0.2592214095926787,0.020002406787836297,0.2530867158347249,0.13624618613698092
0.0,0.0,0.5874372836695757,0.1615826586805174,0.3472818877139566,0.5631971220448382,0.2686831317194861,0.0,0.5345332560078081,0.0,0.5702031795758707,0.0,0.6535303227329918,0.24985666668995513,0.323853046505734,0.06635757007850557,0.0,0.0,0.6004798926905621,0.27562998349461504,0.14211875549737307,0.25216585043625467,0.7978358691557529,0.0,0.0,0.0,0.46432312255777863,0.27643694840430105,0.3033358702942818,0.42934145365490206,0.2657791004901944,0.40858287885970357,0.2718457634314972,0.33395026327758437,0.0,0.17634757424275152,0.05013083197609514,0.0,0.0,0.4043970344991496,0.0,0.0,0.0,0.0,0.2595402848645675,0.0,0.0,0.62962669411088,0.2544548516426079,0.28125457038890406,0.38952818333189754,0.36704545215088297,0.8178615062962039,0.494939718652909,0.0,0.5842166120834782,0.0,0.21424974657225124,0.2909314182279535,0.2019633671857955,0.0,0.0,0.0,0.620497003089965,0.0,0.09143346988306783,0.0,0.6301742414018556,0.0,0.0,0.0,0.17934718154885237,0.0,0.0,0.0,0.0
0.0,0.17478257055427948,0.6174975873599167,0.0,0.7794591837593863,0.6784501267624324,0.5762683423756302,0.5345332560078081,0.0,0.06356286213625781,0.660845721272924,0.0,0.6571533233206279,0.12439828185687475,0.2789315619506354,0.0986454397601643,0.03479381725745967,0.06626193193175173,0.4182020325983532,0.45061393413523265,0.038074753736620226,0.39661122939851606,0.6622555943401878,0.0,0.16263527082340415,0.0008741551454033436,0.6990392689389131,0.44825791638325796,0.4370040791067679,0.4674142689049018,0.1803758178354291,0.23492328678807278,0.04086151015533818,0.11695918960311838,0.03989259057205726,0.0877025675088052,0.0,0.055500095539400496,0.0,0.0966974472752713,0.0,0.0,0.03897531392779305,0.0,0.10684064936403215,-0.011167024513771884,0.0,0.8042048958979442,0.0,0.49460510585151374,0.5818770691026479,0.6697775511308746,0.5778623354251097,0.9225925969001627,0.0,0.6638781276051399,0.0,0.4306956922165822,0.15867879194275458,0.5026503516361481,0.0,0.0,0.0,0.3678001948318733,0.1747176761299229,0.13290810752250196,0.0,0.6784870647962833,0.0,0.05589864406435918,0.0,0.4491851745516722,0.07345804737163825,0.11827227313009153,0.0009571724068520859,0.0
0.24976761632665062,0.32216225635300855,0.0,0.0,0.06618808508967605,0.0,0.051868961527901936,0.0,0.06356286213625781,0.0,0.0,0.8514415710999667,0.06897565839120523,0.0,0.19002987068846167,0.4757752241831663,0.9445012946697384,0.64788709972326,0.0,0.2573242671201228,0.0,0.40890690677525854,0.0,0.6126868740726165,0.29850359117675185,0.3524604648511216,0.005602947884005893,0.15796003662257907,0.0,0.19225836886530825,0.33309539965402873,0.0,0.0,0.0,0.0,0.09493209614903471,0.08133637522007539,0.23770139639692364,0.12373670887805802,0.0,0.15785811839282932,0.40627248112677683,0.16172189790750738,0.2345341203726763,0.44012629552733756,0.2834749537156167,0.41845710928955787,0.088348974695145,0.0,0.0,0.3533438809184485,0.019235164920296755,0.0,0.17874100245349667,0.9196352276234957,0.0,0.8571284868130435,0.4436621268232875,0.0,0.23511496692220638,0.5412278637386079,0.8687318583757183,0.6172862969601275,0.0,0.563590066105677,0.0,0.5508595859695604,0.10842959188933152,0.5790791618445235,0.5313899832980137,0.5117998573363944,0.4453149493329718,0.5744405674587203,0.43676797763620445,0.3695378458978504,0.5720797893921818
0.0,0.0,0.7225387131200918,0.21331350336061825,0.5951079615018763,0.6480914625542292,0.38539239408210524,0.5702031795758707,0.660845721272924,0.0,0.0,0.0,0.6971587402493695,0.1927167540731346,0.17388075363666583,0.0,0.0,0.0,0.6726566811784392,0.3107345487994272,0.08134635463606998,0.10064853848607686,0.6740438019015829,0.0,0.0,0.0,0.6464588626338208,0.2882500734759689,0.5841683839665541,0.2628705194161155,0.09689155365222069,0.22593935216968586,0.1697575204864854,0.3699480153787249,0.05961259712127817,0.0548313354182835,0.008216448504885343,0.0,0.0,0.3010105112797656,0.0,0.0,0.0,0.0,0.0,0.0,0.0,0.7412993027903247,0.16915321527111626,0.47224884612723445,0.3231175750802572,0.4821836800836594,0.6479080848050084,0.5990035995899075,0.0,0.8669924919399846,0.0,0.050188617693187804,0.2040357160160219,0.3542347052682131,0.0,0.0,0.0,0.6203074056552071,0.0,0.13039814891064933,0.0,0.5554823371161992,0.0,0.0,0.0,0.20474513237359188,0.0,0.0,0.0,0.0
0.3679300489649793,0.39182132069877357,0.0,0.0,0.03321931573546996,0.0,0.029423604125919545,0.0,0.0,0.8514415710999667,0.0,0.0,0.0,0.0,0.08283089545675061,0.3759955550613173,0.7922298305404208,0.565750396223217,0.0,0.06422428774696898,0.0,0.2800045200185266,0.0,0.8549550068993772,0.42820080182450293,0.5659479030576687,0.0,0.10220922373057753,0.0,0.0,0.019864286457881603,0.0,0.0,0.0,0.0,0.07351038921701208,0.005603909119537287,0.3011120433874604,0.21541041608093273,0.0,0.3346723127779617,0.681489464684232,0.22920907839830382,0.16404975979987263,0.29688570413401083,0.3841234415273618,0.4470513022982555,0.0,0.0,0.0,0.40490098671161295,0.0,0.0,0.13789273935675492,0.8680832874465245,0.0,0.9525184807247544,0.36376938820239907,0.0,0.14254587377516525,0.6036345591560894,0.8443822022980088,0.7042261152951687,0.0,0.631026579819737,0.0,0.5799486718175144,0.0,0.8519859594372831,0.6219797522052903,0.6998463127313692,0.3726314251687435,0.6945023541463328,0.5415075702257262,0.5707903593194217,0.7719075236567644
0.0,0.06810533555930642,0.6083205416110409,0.13114368802699375,0.5892630057954913,0.657975695573176,0.5379424427490223,0.6535303227329918,0.6571533233206279,0.06897565839120523,0.6971587402493695,0.0,0.0,0.14873935741473773,0.23879033561347127,0.012002112399408016,0.11351087760861994,0.055695959739410494,0.5978812181665791,0.4221061302390184,0.0,0.29727237327763417,0.7074412899198738,0.0,0.0,0.0,0.6069359218120154,0.528114165900332,0.4652483205094537,0.45093955983834744,0.32454978908009235,0.2785460191968206,0.1692188740937959,0.3548892411241715,0.005155346922215205,0.061188980398393045,0.07335811433684297,0.0,0.0,0.2480631300310203,0.0,0.0,0.0,0.030104725547594857,0.11149076939640434,0.0,0.0,0.7263505319666126,0.17728073563418817,0.37059123513518355,0.49238994229158783,0.5621749031972134,0.6708725523267983,0.621501379852899,0.0,0.6295980221126769,0.0,0.31797117107316053,0.1474934457652316,0.36252667120527726,0.0,0.0,0.0,0.5282616552035704,0.0,0.05288153499603196,0.0,0.6460408504952102,0.0,0.0,0.0,0.32652446601940055,0.0,0.0,0.0,0.0
0.0,0.0,0.026036184034889512,0.21705125742125705,0.17887522310090706,0.1966211841190997,0.0,0.24985666668995513,0.12439828185687475,0.0,0.1927167540731346,0.0,0.14873935741473773,0.0,0.0,0.0,0.0,0.0,0.13188881985438283,0.0,0.05039192115133992,0.0,0.1291172797582381,0.0,0.0007878391111850735,0.0,0.006194290475173503,0.23595533430689425,0.0,0.0,0.0,0.19220396889621566,0.0,0.0,0.0,0.6056545733827662,0.32703424135377396,0.011132487260747073,0.10272511148936567,0.07954002345803962,0.0,0.0,0.45114032801058346,0.3237955487311698,0.2375236747639973,0.0,0.0,0.006447148409964326,0.19943281271189922,0.09758755219753995,0.07249541518002896,0.07127511871947848,0.2998342977080061,0.09910165847423702,0.0,0.2954716433383523,0.0,0.17654289629237743,0.5007519479008401,0.0,0.0,0.0,0.0,0.05333591930952687,0.0,0.0,0.0,0.13053612737861553,0.0,0.0,0.0,0.0,0.06307888850113101,0.0,0.0,0.0
0.22162044752843502,0.3575161570659165,0.37019498636606657,0.0,0.16131670736605155,0.13704351138380194,0.0,0.323853046505734,0.2789315619506354,0.19002987068846167,0.17388075363666583,0.08283089545675061,0.23879033561347127,0.0,0.0,0.30201197667934726,0.2066859647813019,0.3174402307885199,0.3167090424107506,0.6223583588247228,0.44987059279641717,0.78313996346832,0.4811959424593806,0.0,0.006112545202894781,0.18291428465711917,0.523073743304177,0.0,0.07904042479346657,0.27477377451115853,0.09104703602219227,0.1409368480030474,0.1824188166058647,0.1601658738030228,0.03823554446581891,0.01083151360646542,0.03932988171743185,0.0006977173138071613,0.0,0.16341820077772545,0.0,0.0,0.0,0.0,0.1327851374084503,0.11366080768367504,0.36615999114668574,0.4854139417670147,0.0,0.04619761840496267,0.4037634239380098,0.20362680903438796,0.3866153926251218,0.3695467051858422,0.15919013233654977,0.26927549625763747,0.07823946911961457,0.2810159638967773,0.11660657168080593,0.5998561743868093,0.14376955980847267,0.1580528006293629,0.08601563980050936,0.4568161598846422,0.40019765105086125,0.4535167865589929,0.4598559903801597,0.48503665361989046,0.0,0.09591748391635246,0.20834894727903858,0.5560353656845091,0.0,0.17444242224473078,0.0,0.0
0.47673068939825464,0.44966442566178116,0.0,0.0,0.0,0.0,0.08042433418681183,0.06635757007850557,0.0986454397601643,0.4757752241831663,0.0,0.3759955550613173,0.012002112399408016,0.0,0.30201197667934726,0.0,0.46630478907515166,0.8287880388742528,0.0,0.17313022485064086,0.12695552315487155,0.5596417294395468,0.01148233807200838,0.35421865856448664,0.5236392281488816,0.37669316255231167,0.011252494323487405,0.0,0.0,0.18727508793853193,0.23322320706957828,0.05287537499771547,0.06525770603751171,0.0,0.0,0.023653189750605805,0.0,0.0437880302600539,0.23231362003008532,0.0,0.0391824004366986,0.0703112859314773,0.0,0.05220198477160107,0.37558578215216826,0.4942436460257503,0.5165028136860306,0.04774664996236655,0.0,0.0,0.2667526390456503,0.03488051852434762,0.0,0.13686831771205638,0.5614694060598127,0.0,0.40076431251455036,0.3249611150901878,0.048962608073734155,0.18032953874285806,0.6104619268958418,0.5150580650101773,0.5757264136181055,0.0,0.37456717521497607,0.23982856835337263,0.5065357625712961,0.06407329135839798,0.36803916612674226,0.5592587785090417,0.4200910694103621,0.18276333236325387,0.2673876802474231,0.48433804269263964,0.2547505725885807,0.3095194840613282
0.21881854325125627,0.34261251795743713,0.0,0.0,0.06237073866473575,0.0,0.14706294247393883,0.0,0.03479381725745967,0.9445012946697384,0.0,0.7922298305404208,0.11351087760861994,0.0,0.2066859647813019,0.46630478907515166,0.0,0.6637293361951562,0.0,0.2700836978430754,0.0,0.4320769242645457,0.0,0.5971387356051592,0.2982971333115487,0.29222070806827527,0.03848295321484285,0.12571021004830524,0.0,0.20835295616586666,0.3712620743931313,0.0,0.0,0.0,0.0,0.0,0.042542214776889783,0.1869652026341849,0.10486826646868662,0.0,0.21427519752869667,0.3432148412227247,0.07108857545328837,0.1742076090527524,0.3449431854490784,0.2630976709087456,0.36467085900294005,0.07222832216833266,0.0,0.0,0.34600989245633174,0.01680489491764442,0.0,0.1605212837907022,0.8516932844406147,0.0,0.8479994438306032,0.3453058334234686,0.0,0.2732661957007208,0.5544561827275092,0.824054851163391,0.5576610322273879,0.0,0.5184935418411935,0.0,0.5212414266648853,0.10128549800857617,0.5848418648364218,0.4570787331225688,0.4653678907479318,0.44662869010167494,0.5136953210585375,0.4048929573693155,0.35157082327492933,0.5533655572474748
0.5337252171509416,0.5212722187911515,0.0,0.0,0.0,0.0,0.0,0.0,0.06626193193175173,0.64788709972326,0.0,0.565750396223217,0.055695959739410494,0.0,0.3174402307885199,0.8287880388742528,0.6637293361951562,0.0,0.0,0.28794965630548575,0.0,0.6144869706020549,0.0,0.5389729872124911,0.6168658183381043,0.5525619797265515,0.07484171650683019,0.0,0.0,0.1203039966694226,0.19174606133867692,0.0,0.0,0.0,0.0,0.02813782311073368,0.07189464643106372,0.26155153518537644,0.10328811911723754,0.0,0.021839069461188132,0.21054756081091458,0.06576450145103874,0.051936271614148405,0.44698250850233306,0.5355384914306317,0.608068699256496,0.013438754289189309,0.0,0.0,0.3684555282586187,0.0,0.0,0.16571737927487024,0.6560951189594417,0.0,0.5919989941715187,0.3168051162383083,0.029870268864172142,0.2705731098768627,0.7111722362674904,0.5867411368276311,0.665960178519293,0.0,0.5435286032763955,0.1616128513233832,0.6483379938403652,0.08746769742463903,0.5316490611666023,0.6366921854942815,0.5920591185415554,0.3643188382939989,0.3131829587630883,0.5162947649707028,0.22966867062739518,0.3899618641294804
0.0,0.0,0.6166904394176147,0.3569781109886502,0.2372130097460455,0.48375399712244793,0.12902345129234818,0.6004798926905621,0.4182020325983532,0.0,0.6726566811784392,0.0,0.5978812181665791,0.13188881985438283,0.3167090424107506,0.0,0.0,0.0,0.0,0.2610211121259175,0.20394643313987582,0.15370925337137847,0.6052504747558798,0.0,0.0,0.0,0.45779720381931754,0.12983067216614338,0.43305639243886396,0.2617661420186397,0.15323865384873409,0.3517369793154844,0.36031145221263,0.4813114253330204,0.02471249582609835,0.0,0.14929406153078664,0.0,0.0,0.4929672115076664,0.0,0.0,0.0,0.0,0.03718178040605638,0.0,0.0,0.6549713531988188,0.2854784339322192,0.2019903103432913,0.20428099201597552,0.23960442552073125,0.71540624470896,0.3310166922474627,0.0,0.6473157572592532,0.0,0.0,0.18515095844280932,0.17515392807843158,0.0,0.0,0.0,0.7512916207025507,0.0,0.1508036720270099,0.0,0.4830890471045758,0.0,0.0,0.0,0.04615875932288127,0.0,0.0,0.0,0.0
0.1203894152050958,0.3649029272408915,0.46472205751508266,0.0,0.4280956957143404,0.3965824249510092,0.0714728666578186,0.27562998349461504,0.45061393413523265,0.2573242671201228,0.3107345487994272,0.06422428774696898,0.4221061302390184,0.0,0.6223583588247228,0.17313022485064086,0.2700836978430754,0.28794965630548575,0.2610211121259175,0.0,0.10799041750794242,0.7488160134647222,0.5709377702287015,0.0,0.10597386742632578,0.21944532606679762,0.762430656701753,0.05604680365815795,0.39345574623915247,0.32899021066930334,0.15561390112623436,0.0,0.0,0.19861350715811327,0.09615884166000419,0.0,0.0,0.03333513860177126,0.0,0.025095097410150938,0.0,0.0,0.0,0.0,0.12062893770812441,0.11911556694027173,0.19791226909961013,0.5557541701115083,0.0,0.08652652019287616,0.4131573989543625,0.21279584740439564,0.4035341858536567,0.5021294496733778,0.08499270462372235,0.32349695822186897,0.05573596572571424,0.17637747440288154,0.0,0.7646537451616333,0.08729679649181477,0.0,0.0,0.36434889072836246,0.5192856668801966,0.2878262516159097,0.39022226410543376,0.6809786288609271,0.0,0.07685281764172491,0.18944038015262704,0.7072142934953967,0.0,0.15328203405469945,0.0,0.0
0.26194363478342725,0.27991947082306784,0.14140380690701335,0.05913625544566474,0.0,0.06492664217684119,0.0,0.14211875549737307,0.038074753736620226,0.0,0.08134635463606998,0.0,0.0,0.05039192115133992,0.44987059279641717,0.12695552315487155,0.0,0.0,0.20394643313987582,0.10799041750794242,0.0,0.22889354490679964,0.1696690190782072,0.0,0.10366868972201959,0.16160705410030837,0.028802354967726373,0.0,0.08004745869299817,0.10511535947380696,0.0,0.3799952639399101,0.3220006446098659,0.025291187704791662,0.029580956673212318,0.1851145970658945,0.029635729326077595,0.0,0.13554657527184824,0.23116197571606792,0.0,0.0,0.0,0.0,0.0,0.16386146967383525,0.3721145070148598,0.07927260498048139,0.0,0.0,0.0,0.05453136235868988,0.2352153468754906,-0.021866376586457903,0.0,0.15795878106981534,0.0,0.17681338708645192,0.13484422158598475,0.21385862243561723,0.0,0.0,0.0,0.1748714624727506,-0.00025915665074444094,0.7628133420651715,0.1820494074033706,0.061341263389793454,0.0,0.0715970839520545,0.09438564175093711,0.0,0.0,0.061056453803584154,0.0,0.0
0.4045663924439674,0.573104838999646,0.2845563478693217,0.0,0.21956498713777614,0.13070891492129083,0.04444472107675301,0.25216585043625467,0.39661122939851606,0.40890690677525854,0.10064853848607686,0.2800045200185266,0.29727237327763417,0.0,0.78313996346832,0.5596417294395468,0.4320769242645457,0.6144869706020549,0.15370925337137847,0.7488160134647222,0.22889354490679964,0.0,0.4126257612857714,0.20648593535418525,0.33578842652930524,0.4280406563367877,0.5597079416820898,0.0,0.08422768337744418,0.29927414832509014,0.1699297959914678,0.0,0.01794144177137108,0.06970119537116853,0.048409064042906166,0.0,0.0,0.0687042027329318,0.0,0.0,0.0,0.0,0.0,0.0,0.27415583816882994,0.3938770984308274,0.49294824654336833,0.46401502929996,0.0,0.0,0.5173627677950299,0.16413196214395065,0.25768027404567345,0.4784564631693321,0.3516130955703107,0.13874503057967075,0.2828845423715593,0.31539316325472866,0.08479253356460528,0.7445705246029466,0.4127685169844203,0.2813523717713456,0.3095937863066663,0.23230479767315756,0.6164323982738328,0.4020505100809661,0.6412109436295781,0.5118542217730179,0.15753793216863016,0.3659744358863876,0.42177820278626305,0.6781005340436019,0.06262286880357959,0.42766577088930946,0.026659565348797765,0.047035845628569106
0.0,0.0,0.7104932368963226,0.06076455579387359,0.5358222604871663,0.6741564908838716,0.29733184037027977,0.7978358691557529,0.6622555943401878,0.0,0.6740438019015829,0.0,0.7074412899198738,0.1291172797582381,0.4811959424593806,0.01148233807200838,0.0,0.0,0.6052504747558798,0.5709377702287015,0.1696690190782072,0.4126257612857714,0.0,0.0,0.0,0.0,0.7733208402690228,0.2946085522781601,0.49120868102471,0.47592246334132904,0.2608309387359749,0.2626594611194853,0.23994048280851527,0.3908056843171607,0.09233177841560525,0.0455897526413139,-0.005118859426474706,0.0,0.0,0.37798794072195047,0.0,0.0,0.0,0.0,0.14543920234281646,0.0,0.0,0.77565735550508,0.13065096299206677,0.40606484443636837,0.5124080403493156,0.5284606812326497,0.8373964672375407,0.6681789040906361,0.0,0.6837630940915468,0.0,0.249297880638123,0.2068803245283103,0.3879748739084171,0.0,0.0,0.0,0.6988698564952056,-0.02433703565179185,0.14275329051629543,0.0,0.8450007557826585,0.0,0.0,0.0,0.44610441746043517,0.0,0.0,0.0,0.0
0.5651582831533432,0.41161619762553825,0.0,0.0,0.0,0.0,0.042048586229314705,0.0,0.0,0.6126868740726165,0.0,0.8549550068993772,0.0,0.0,0.0,0.35421865856448664,0.5971387356051592,0.5389729872124911,0.0,0.0,0.0,0.20648593535418525,0.0,0.0,0.5314269047373873,0.7084453908272251,0.0,0.0,0.0,0.0,0.0,0.0,0.0,0.0,0.0,0.0,0.0,0.29747937356807513,0.15193946078390014,0.0,0.4675693167365741,0.7152991256302588,0.09736836730624526,0.012116411771121993,0.0455277769307115,0.5793901430079675,0.46476624682868306,0.0,0.0,0.0,0.32332062697542463,0.0,0.0,0.008908779932142702,0.6897159998423819,0.0,0.8625746356776176,0.09425288317077396,0.0,0.1856522693932764,0.7552202091409033,0.6534186505498574,0.7158029005076433,0.0,0.6586858243752222,0.0,0.6207865074181524,0.0,0.9835328121803072,0.6396215246512641,0.7997166460887163,0.33257435070312724,0.5597964069081232,0.6352937065911739,0.6442254838587539,0.839642317198338
0.7707205809040956,0.6962723002830934,0.0,0.0,0.04121096914514549,0.0,0.0,0.0,0.16263527082340415,0.29850359117675185,0.0,0.42820080182450293,0.0,0.0007878391111850735,0.006112545202894781,0.5236392281488816,0.2982971333115487,0.6168658183381043,0.0,0.10597386742632578,0.10366868972201959,0.33578842652930524,0.0,0.5314269047373873,0.0,0.7966887671382742,0.0,-0.007441863689441275,0.0,0.04529741816410457,0.0,0.0,0.0,0.0,0.050805654287738984,0.18190856689197277,0.0,0.45283414400717426,0.2491927685107278,0.0,0.05188986955593358,0.34130492895023024,0.34838650689596234,0.0377586630563705,0.20622958715554274,0.7624236701526059,0.7144483095954445,0.0,0.0,0.0,0.1260734347755501,0.005546839952548399,0.0,0.16453760320545419,0.49031192079305663,0.0,0.3706719744441691,0.3878931228105825,0.0,0.251835177346597,0.6163940866484904,0.34212819027974845,0.6983078204795203,0.0,0.5890040344705469,0.2585138252051715,0.6321301536581877,0.0,0.5942741147005243,0.891889391744429,0.778601619466675,0.13296953774397813,0.4614119464742841,0.68527453924389,0.45402176174291176,0.5279118216076113
0.8154829319756607,0.8287897140072499,0.0,0.0,0.023913426525610765,0.0,0.0,0.0,0.0008741551454033436,0.3524604648511216,0.0,0.5659479030576687,0.0,0.0,0.18291428465711917,0.37669316255231167,0.29222070806827527,0.5525619797265515,0.0,0.21944532606679762,0.16160705410030837,0.4280406563367877,0.0,0.7084453908272251,0.7966887671382742,0.0,-0.0033658842002543543,0.0,0.0,0.0,0.0,0.0,0.0,0.0,0.0,0.08928064748968488,0.0,0.33224884189572373,0.04760141353935021,0.0,0.11805197103042861,0.40020009139988033,0.17905096280763047,0.0,0.027372910888284724,0.7286446998433688,0.7380833567036756,0.0,0.0,0.0,0.19271120784829496,0.0,0.0,0.07598440061194428,0.48352743393190106,0.0,0.5039955031899176,0.23781945910237498,0.0,0.4306914705264276,0.6406960053004236,0.3783163048863295,0.6448607545738394,0.0,0.7026021144254679,0.3163099783686023,0.756222877283262,0.0,0.720420318650696,0.755750953628888,0.9470128213020167,0.32153845951221505,0.42573803472479416,0.6210202275400384,0.45395739462138407,0.5536932445618111
0.0,0.13099102455963751,0.5967025985858483,0.0,0.668781777239831,0.6604959743463843,0.3051254126532498,0.46432312255777863,0.6990392689389131,0.005602947884005893,0.6464588626338208,0.0,0.6069359218120154,0.006194290475173503,0.523073743304177,0.011252494323487405,0.03848295321484285,0.07484171650683019,0.45779720381931754,0.762430656701753,0.028802354967726373,0.5597079416820898,0.7733208402690228,0.0,0.0,-0.0033658842002543543,0.0,0.19079923705150842,0.525212706987035,0.28691012161009405,0.052177210895282655,0.0,0.0,0.23048858847546455,0.06848660112623292,0.0,0.0,0.0,0.0,0.014914249428128246,0.0,0.0,0.0,0.0,0.025658923918489562,0.0,0.0,0.7339874001718691,0.0,0.41210516095218996,0.6227742077450698,0.5100396897829266,0.5862464113417596,0.7547882259139418,0.0,0.6814992613003634,0.0,0.16311403758463955,0.07759332588781838,0.6377793759704316,0.0,0.0,0.0,0.5382537594262189,0.2491833882383621,0.15427451993756275,-0.01444171985432885,0.8416075676655215,0.0,0.0,0.0,0.7179399093963681,0.0,-0.026925346027583452,0.0,0.0
0.0,0.0,0.2832586961266099,0.05819234207345514,0.5616704986147845,0.40601440705408093,0.5067929286264687,0.27643694840430105,0.44825791638325796,0.15796003662257907,0.2882500734759689,0.10220922373057753,0.528114165900332,0.23595533430689425,0.0,0.0,0.12571021004830524,0.0,0.12983067216614338,0.05604680365815795,0.0,0.0,0.2946085522781601,0.0,-0.007441863689441275,0.0,0.19079923705150842,0.0,0.1966914701467798,0.4823121261108234,0.33889013061885576,0.3337131272854574,0.06420320415586324,0.0,0.0,0.3052729287778114,0.007223941383450172,0.09670618071814355,0.24573144199474256,0.0040217467516039385,0.04573015548980912,0.024463818666467844,0.3426134064185664,0.29874872260635454,0.0,0.0,0.0,0.341863856594398,0.1462799762568177,0.3570648239549399,0.22722426749869454,0.5983147214322275,0.2883466595882772,0.42811821801572847,0.10611555192812155,0.3069691283846087,0.042860025116811806,0.5087995391587264,0.02371231278650357,0.07875631856783766,0.0,0.13336205529594125,0.0,0.08469229866578598,0.03012559220929728,0.0,0.0,0.2791651533686349,0.0,0.0,0.0,0.12429448133488147,0.5026741134067382,0.025564851333889388,0.2824854384823519,0.12195874331878774
0.0,0.0,0.5685240033169026,0.2118218838978984,0.440735888101189,0.6824356117500692,0.45272894296634736,0.3033358702942818,0.4370040791067679,0.0,0.5841683839665541,0.0,0.4652483205094537,0.0,0.07904042479346657,0.0,0.0,0.0,0.43305639243886396,0.39345574623915247,0.08004745869299817,0.08422768337744418,0.49120868102471,0.0,0.0,0.0,0.525212706987035,0.1966914701467798,0.0,0.3318981314618513,0.032940733065140115,0.1743748966658792,0.03144872721788111,0.38282759688473744,0.10572613428598257,0.0,0.0,0.0,0.0,0.3039024214331684,0.0,0.0,0.0,0.0,0.0,0.0,0.0,0.4882887868644289,0.20041873190312806,0.2258256614692777,0.0,0.3419952742297874,0.4948769558764117,0.28330772580349545,0.0,0.4844056480000102,0.0,0.0,0.0,0.3706028441192401,0.0,0.0,0.0,0.42566638792621014,0.0,0.1427921746113227,0.0,0.4130650661455246,0.0,0.0,0.0,0.03509317792137018,0.0,0.0,0.0,0.0
-0.010353951535827632,0.08595247751966764,0.568552189058574,0.0,0.29305717649112906,0.27413969396787574,0.3415575090892865,0.42934145365490206,0.4674142689049018,0.19225836886530825,0.2628705194161155,0.0,0.45093955983834744,0.0,0.27477377451115853,0.18727508793853193,0.20835295616586666,0.1203039966694226,0.2617661420186397,0.32899021066930334,0.10511535947380696,0.29927414832509014,0.47592246334132904,0.0,0.04529741816410457,0.0,0.28691012161009405,0.4823121261108234,0.3318981314618513,0.0,0.5677353744951196,0.3759255963755382,0.34154733318738717,0.2798800931202911,0.18511748101981568,0.09372761784895994,0.0,0.034847720390808856,0.06181693089174519,0.37710085481337696,0.0,0.0,0.0861569140833875,0.031949844959931986,0.11331570540822117,0.09165774972397026,0.031479359159832715,0.4394419579318125,0.03866222677685907,0.15063605168576605,0.14191982126464164,0.41786957551134707,0.44172273413191604,0.3842840948497403,0.09974530409298615,0.1870204982599571,0.0,0.41263421996167315,0.023488133026634203,0.30265643216533744,0.0,0.10598411987661757,0.01566153825575639,0.3187339143263152,0.11556011851937589,0.16599448895668253,0.05902554843958252,0.310934440894445,0.0,0.023686461759594546,0.0,0.15805809407888036,0.1478576916711365,0.07912337011343168,0.0,0.0
0.0,0.0,0.369988877160794,0.027520184941957487,0.11191780079929983,-0.017966984905456063,0.2692314118549281,0.2657791004901944,0.1803758178354291,0.33309539965402873,0.09689155365222069,0.019864286457881603,0.32454978908009235,0.0,0.09104703602219227,0.23322320706957828,0.3712620743931313,0.19174606133867692,0.15323865384873409,0.15561390112623436,0.0,0.1699297959914678,0.2608309387359749,0.0,0.0,0.0,0.052177210895282655,0.33889013061885576,0.032940733065140115,0.5677353744951196,0.0,0.41646147200275585,0.40112637010297625,0.438303540164075,0.3102314589236133,0.0711140628047642,0.13893553468993647,0.20905105453845113,0.2561007810855873,0.30005205355232717,0.10794003065962361,0.0,0.063081448743447,0.23779034564733553,0.15077334839046175,0.0,0.0,0.2600996027308296,0.21490635676995684,0.09763566649085564,0.013644721172647756,0.26824196798826316,0.22043357831617746,0.18831060730388535,0.2006794593951193,-0.0231082753942477,0.07615427753228478,0.23466028543183992,0.0,0.0729210481785462,0.0,0.2092921788457116,0.03515818484403066,0.18784088784594244,-0.02787957548880554,0.003132296525332756,0.0,0.11609623539874583,0.0,0.0,0.0,0.030594165055286948,0.12689819614128242,0.0,0.0,0.0
0.0,0.0,0.39904946231608013,0.2964076725167438,0.08505555906681467,0.21599176209406717,0.08224719110049218,0.40858287885970357,0.23492328678807278,0.0,0.22593935216968586,0.0,0.2785460191968206,0.19220396889621566,0.1409368480030474,0.05287537499771547,0.0,0.0,0.3517369793154844,0.0,0.3799952639399101,0.0,0.2626594611194853,0.0,0.0,0.0,0.0,0.3337131272854574,0.1743748966658792,0.3759255963755382,0.41646147200275585,0.0,0.6318050399459998,0.44323725542968584,0.16950743602650736,0.3073297179420562,0.10424739767826774,0.04808549542031754,0.48230869651602537,0.6063989849092787,0.0,0.0,0.14839592441894725,0.20932324098149838,0.0,0.0,0.0,0.28295033351873167,0.32132381844518715,0.045693280548970566,0.0,0.2681640430168233,0.47085387407695045,0.10153228209562731,0.0,0.20373546984375038,0.0,0.28593054187380945,0.12508794109278362,0.0,0.0,0.0,0.0,0.316092909616963,0.0,0.17938395443486738,0.0,0.050900851867453176,0.0,0.0,0.0,0.0,0.0,0.0,0.0,0.0
0.0,0.0,0.3646779308592517,0.2929013992980859,0.0,0.0,0.0,0.2718457634314972,0.04086151015533818,0.0,0.1697575204864854,0.0,0.1692188740937959,0.0,0.1824188166058647,0.06525770603751171,0.0,0.0,0.36031145221263,0.0,0.3220006446098659,0.01794144177137108,0.23994048280851527,0.0,0.0,0.0,0.0,0.06420320415586324,0.03144872721788111,0.34154733318738717,0.40112637010297625,0.6318050399459998,0.0,0.5940613013967322,0.3720392979099296,0.15668061962199814,0.1985290475625493,0.2014411004651115,0.29592048111157815,0.7021604844224215,0.0,0.0,0.06254138100913989,0.050631905547261116,0.11000667771473535,0.0,0.03504148995466447,0.20097875159054057,0.3115031059142132,0.0,0.0,0.09711977369713808,0.31141024390728944,0.0,0.0,0.11436581622151203,0.0,0.16707509128461223,0.11442074108475345,0.0,0.0,0.0,0.0,0.34050921875318063,0.0,0.13691353510501597,0.0,0.0,0.0,0.0,0.0,0.0,0.0,0.0,0.0,0.0
0.0,0.0,0.522464982734125,0.27618414008796677,0.01790678213087618,0.16471205406722592,0.02893005835492929,0.33395026327758437,0.11695918960311838,0.0,0.3699480153787249,0.0,0.3548892411241715,0.0,0.1601658738030228,0.0,0.0,0.0,0.4813114253330204,0.19861350715811327,0.025291187704791662,0.06970119537116853,0.3908056843171607,0.0,0.0,0.0,0.23048858847546455,0.0,0.38282759688473744,0.2798800931202911,0.438303540164075,0.44323725542968584,0.5940613013967322,0.0,0.47811776287394037,0.0,0.08438938031701736,0.0,0.0,0.5581666046423255,0.0,0.0,0.0,0.0,0.004216537108640228,0.0,0.0,0.361495184087067,0.2966581454083017,0.056339514227007906,0.0,0.148200631578259,0.39322441177369327,0.08429064076314026,0.0,0.19767745494535027,0.0,0.0,0.0,0.05746917903562909,0.0,0.0,0.0,0.4849264889392027,0.0,0.0019682736591439265,0.0,0.13980569019181988,0.0,0.0,0.0,0.0,0.0,0.0,0.0,0.0
0.0,0.0,0.17245078631105581,0.0,0.0,0.0,0.0,0.0,0.03989259057205726,0.0,0.05961259712127817,0.0,0.005155346922215205,0.0,0.03823554446581891,0.0,0.0,0.0,0.02471249582609835,0.09615884166000419,0.029580956673212318,0.048409064042906166,0.09233177841560525,0.0,0.050805654287738984,0.0,0.06848660112623292,0.0,0.10572613428598257,0.18511748101981568,0.3102314589236133,0.16950743602650736,0.3720392979099296,0.47811776287394037,0.0,0.0,0.0,0.43270142531332456,0.09972021705198561,0.18313277980740517,0.14134583078937898,0.24966346214616159,0.0,0.0,0.0,0.08722397774552809,0.0,0.08664922000511033,0.0,0.0,0.0,0.025110195971536825,0.0,0.03094804925223522,0.0,0.0,0.0,0.0,0.0,0.06130826747497115,0.019141778768637707,0.0,0.0,0.027894206736173717,0.09568576536033983,0.0,0.07684359845366126,0.0,0.0,0.0,0.0,0.0,0.0,0.02708063720601525,0.0,0.0
0.07618431382010835,0.14267606469957342,0.009224106689341871,0.0,0.05178653718907361,0.08253937481433596,0.0,0.17634757424275152,0.0877025675088052,0.09493209614903471,0.0548313354182835,0.07351038921701208,0.061188980398393045,0.6056545733827662,0.01083151360646542,0.023653189750605805,0.0,0.02813782311073368,0.0,0.0,0.1851145970658945,0.0,0.0455897526413139,0.0,0.18190856689197277,0.08928064748968488,0.0,0.3052729287778114,0.0,0.09372761784895994,0.0711140628047642,0.3073297179420562,0.15668061962199814,0.0,0.0,0.0,0.3603701114228443,0.26500172423345425,0.266383863884094,0.11737831348806194,0.0,0.0,0.7106857102818532,0.53519624830329,0.3537753104314195,0.0,0.2066164607234895,0.0,0.0,0.0,-0.0027046488121415524,0.0,0.19158162420773944,0.04087722497531421,0.12664343503957265,0.1555618644600581,0.0,0.39339928326043194,0.49179319483706974,0.0,0.0,0.041061969839494145,0.07364444728318813,0.0,0.04958843805477238,0.011714199298666073,0.05898533199037806,0.0038464451808600253,0.0,0.18459506249175156,0.06154045491229353,0.0,0.23425304807494074,0.0708684798107742,0.023934812697117613,0.010323710357753785
0.0,0.0,0.0,0.2650937972925612,0.0,0.0,0.0,0.05013083197609514,0.0,0.08133637522007539,0.008216448504885343,0.005603909119537287,0.07335811433684297,0.32703424135377396,0.03932988171743185,0.0,0.042542214776889783,0.07189464643106372,0.14929406153078664,0.0,0.029635729326077595,0.0,-0.005118859426474706,0.0,0.0,0.0,0.0,0.007223941383450172,0.0,0.0,0.13893553468993647,0.10424739767826774,0.1985290475625493,0.08438938031701736,0.0,0.3603701114228443,0.0,0.13943042285510907,0.060610609629027694,0.09505825829383707,0.0,0.0,0.17943042958743544,0.45665294154323816,0.24663787816385002,0.0,0.0,0.0,0.2723779989282485,0.0,0.008573357191506648,0.0,0.06933715884284108,0.0,0.03642506440054295,0.0658105168517221,0.0022507121368318117,0.03095116330074346,0.33274249565007236,0.0,0.0,0.05639327817995243,0.0,0.07032387611929017,0.0,0.0,0.0,0.0,0.0,0.0,0.0,0.0,0.0,0.0,0.0,0.0
0.30413200367058,0.14907073099072807,0.0,0.0,0.02486290701653726,0.0,0.0,0.0,0.055500095539400496,0.23770139639692364,0.0,0.3011120433874604,0.0,0.011132487260747073,0.0006977173138071613,0.0437880302600539,0.1869652026341849,0.26155153518537644,0.0,0.03333513860177126,0.0,0.0687042027329318,0.0,0.29747937356807513,0.45283414400717426,0.33224884189572373,0.0,0.09670618071814355,0.0,0.034847720390808856,0.20905105453845113,0.04808549542031754,0.2014411004651115,0.0,0.43270142531332456,0.26500172423345425,0.13943042285510907,0.0,0.31721256754405747,0.0,0.1965378785543103,0.5339060981434369,0.377179566989428,0.19455572909135732,0.0,0.30436380474087427,0.2735830289306036,0.0,0.0,0.03699152596048652,0.09812381110704305,0.08068694715495711,0.0,0.15222587080295386,0.23507092160104362,0.0,0.23900738519207332,0.26781644962341794,0.0,0.024112029028808837,0.2223788371397116,0.1832225817811156,0.34581622897478775,0.0,0.3796813517681854,0.0,0.32784392389927797,0.0,0.32087426415924625,0.38840021212933973,0.3776773503021307,0.15277972833012846,0.40158322317320183,0.34845656683492054,0.23801466696632867,0.3631136703560166
