0.0,0.26731708870114623,0.598641896808553,0.3552609596101151,0.5391084932546545,0.5783452465314876,0.5158643350590684,0.40393016442855356,0.5443397901433173,0.2684233405799319,0.48158482078973464,0.09550558568737268,0.5065510742077386,0.26695399416789073,0.7357936441521469,0.5202117091539962,0.3704321110627034,0.4055219554870988,0.40542301019175203,0.575654470527694,0.6889717038369607,0.5471255558141307,0.5309050215298539,0.29056110672023383,0.3831474982260824,0.36901035590126774,0.5914598268300757,0.5314229463908574,0.6842656290698604,0.3629758360963201,0.6697599785282212,0.36428497532799553,0.6020865497372468,0.6311776618108758,0.36830836687525514,0.1974152657755041,0.050655869003481714,0.5933421601116863,0.5802200354083622,0.40581315178850574,0.0,0.0,0.4329034676446549,0.20178665332840617,0.0,0.7462593864503392,0.36842004801154826,0.47807956675203894,0.13218380508637712,0.44258027420071966,0.32780607555393104,0.3102394463167933,0.47526244733310063,0.5455744909529805,0.40663727985504106,0.44639574258107906,0.26231243089257045,0.43975246181751315,0.17733745011172408,0.1860993857752885,0.4482357706959157,0.37025274692076904,0.45150300864260184,0.38615245435915335,0.40282832220579834,0.700439156516857,0.4597677965867961,0.4774988177610018,0.49859714954499024,0.36937960221812244,0.5297296258343407,0.20646379077041144,0.5353675823616526,0.3078760145151882,0.6159402579211497,0.3509830072944309
0.26731708870114623,0.0,0.39103576010776986,0.0,0.3652566030466131,0.5370588975442693,0.5492768579691029,0.4491587215624949,0.40365128165565134,0.6443470335336119,0.3318797697576591,0.7033175793152979,0.5828005059441432,0.26472839633941236,0.4319040346636521,0.6918938893918837,0.7284144089940645,0.6180170455342745,0.5637498812504484,0.6183075964931883,0.5269159942845009,0.7471022297348301,0.4043665674677664,0.6668057421696967,0.8532249884432147,0.8135549440829235,0.4490703234614617,0.45804680599821185,0.11541659634080897,0.09568335558948479,0.336754225234744,0.09749663129425662,0.4422902490140008,0.15194318095792092,0.0,0.049818487471493325,0.09100897248826662,0.13863520666744933,0.0,0.2823002122894455,0.3309398375611042,0.2225423831878612,0.13859503179125837,0.384108468924006,0.38057895419851734,0.0,0.7986654579173471,0.5002204688080089,0.4618982578970154,0.4434682913185276,0.6244291979175448,0.46546205060106594,0.4563698168139847,0.36471266239497446,0.6230818777461342,0.44467336543710834,0.7399377194421097,0.5951342428209695,0.39519899275503534,0.5470226330873306,0.4590457060200276,0.6450842167136983,0.4774375067033587,0.5371915434936004,0.6659518736125789,0.41611023144932685,0.7093283019014274,0.5171061448991155,0.6197396084036236,0.6962639340774026,0.7846906696890308,0.5712962420633563,0.43431258546824225,0.3392791307383223,0.17691376338676004,0.35934156495648956
0.598641896808553,0.39103576010776986,0.0,0.18477386482153896,0.7620419739667361,0.6452377448251188,0.362398860345885,0.6459219790649307,0.846714025622554,0.26648035720019897,0.7826635212254005,0.218791015603454,0.637591519112088,0.4139890980303559,0.7378916485136481,0.4656899753724178,0.3788226588185236,0.3575769279932214,0.8201666023617349,0.7617584429131814,0.593108913596873,0.7105196224183868,0.6686632757871119,0.4237584174077219,0.37097824628116094,0.44951520355571006,0.8131728627908201,0.6247088414598994,0.5995375270894332,0.5255089100590885,0.5240981156024862,0.05630493221144976,0.47733464376076673,0.5205245909845397,0.11681514591132305,0.36448158256876406,0.07314563701902532,0.4052407633748089,0.09768351930911377,0.38343461896411624,0.0,0.0,0.4046043092852555,0.2547421015375256,0.012609492612756706,0.4704876665996087,0.5336450291336367,0.8643167452053727,0.3101023832494505,0.7390544029863331,0.5172336264598764,0.37235274418583447,0.6996118327125995,0.8392873730849367,0.3535918008971281,0.8465060741419779,0.3709365892377952,0.5486238357139239,0.27992857737364885,0.45176707001909583,0.4144313819142236,0.4789546720662152,0.4484499769351373,0.8106142966609732,0.6508676646898747,0.5146822567722881,0.686354068658099,0.6790973909026208,0.5137436422363694,0.4050338772295945,0.6190452547328618,0.5239672676416268,0.5432802285746378,0.2930208911772086,0.682288228738285,0.19168708196307907
0.3552609596101151,0.0,0.18477386482153896,0.0,0.27959113228741483,0.33914585826709803,0.12784281808951198,0.22661587735629773,0.12006216989810857,0.0,0.22855619373171412,0.0,0.17050793315357277,0.20672658304577607,0.22651780446362102,0.0,0.0,0.0,0.0,0.0,0.1795198649985484,0.0,0.1631275744613229,0.0,0.0,0.0,0.0658844842603311,0.28842904732911123,0.5277911826595386,0.3287148738927646,0.2293867019792111,0.04502989676141324,0.14243921161327175,0.4395334350446851,0.642582087338275,0.3168183018129603,0.14965608095725724,0.42590860486084536,0.4288343068779783,0.0,0.0,0.0,0.5094886468272608,0.0,0.0,0.4617730987513167,0.0,0.0,0.0,0.07363206723001842,0.0,0.0,0.27056049198821147,0.1460104948916382,0.0,0.06642826117030443,0.0,0.0,0.0,0.0,0.0,0.0,0.03473720583536831,0.0,0.0,0.10156849116140164,0.0,0.0,0.0,0.0,0.0,0.0,0.09657746158039617,0.0,0.38641167150654043,0.0
0.5391084932546545,0.3652566030466131,0.7620419739667361,0.27959113228741483,0.0,0.646368154632184,0.6951557897794332,0.6209697992753254,0.8484129339090039,0.44889546577404493,0.7696085333440253,0.34541686922065706,0.7007583425807973,0.5040817416879908,0.6941032666394831,0.48717832464288846,0.42114313061392367,0.3578229360658165,0.5440339413374127,0.7608783455704242,0.7421288522033944,0.7038104747196616,0.6396963955692548,0.43952558657644514,0.35243760405577357,0.2738335449781664,0.8071254549250391,0.7049245075353483,0.6378318449689014,0.4649747801886115,0.7147594289865815,0.1468310695378611,0.44800260937653946,0.6846635392085936,0.30237737941545806,0.25157115535751007,0.0832464684749125,0.4021865076924215,0.2080994810634283,0.22968359323032206,0.0,0.0,0.36705019390790283,0.1352590621904181,0.10251937672884298,0.3994421093437379,0.5624389210725106,0.7586619371353935,0.4168233491347327,0.8653136273368587,0.4711343670451199,0.6088820107315411,0.6991447947823266,0.8676009848930768,0.4807032831335867,0.814430792714246,0.43740456784707404,0.5555380952996599,0.37807454995554945,0.32283904500103383,0.26620301565873633,0.582842697610578,0.4265555343486489,0.5325241398640957,0.5289603004980119,0.6220168370152293,0.5674084055258858,0.6405093347838919,0.5407977560482432,0.403655606829456,0.5365042626302083,0.4611096320385697,0.5451844354926252,0.29106335462258176,0.47726300252124054,0.07093631214850467
0.5783452465314876,0.5370588975442693,0.6452377448251188,0.33914585826709803,0.646368154632184,0.0,0.5245650049244233,0.6783867492875721,0.6348645372807592,0.21330013509490034,0.49646136284189535,0.22599981827876972,0.751902860392701,0.45730755401981144,0.6078764571950872,0.5371831911110132,0.3750726967680601,0.5229148980139903,0.47243707986783406,0.5799685785413363,0.6356924120544515,0.5892254390633562,0.6577914691381904,0.44748182234776385,0.4407950337573384,0.5834394994413042,0.6547219222363982,0.5139304609064655,0.7405212501711875,0.3130367327355828,0.4737793750183501,0.1692900359398318,0.47967548356132034,0.6013152033947771,0.33349141833437274,0.31445223296039926,0.059673171899191094,0.3836054436094166,0.26591728054748415,0.3676659291290271,0.0,0.0,0.3928590044315684,0.17776963254750244,0.0,0.4149488042284271,0.5776843836206891,0.5669941136209059,0.18346569221072412,0.5398342535108769,0.5937263934636023,0.2906511565623282,0.7140519549063759,0.6322615976818314,0.33241410684641004,0.5578133004487088,0.38041514853030317,0.4394626514296263,0.3439613701236415,0.25632282206312756,0.3966300418534596,0.4439861794459114,0.48065923411222444,0.4319916790728858,0.3721661431997482,0.5432903462316507,0.46015850092584637,0.5729113505289611,0.4227480410953098,0.41350529643564915,0.6733617298765691,0.22165638605367832,0.3493343258520447,0.13037360742658866,0.4638365413021201,0.04412889892770684
0.5158643350590684,0.5492768579691029,0.362398860345885,0.12784281808951198,0.6951557897794332,0.5245650049244233,0.0,0.4235045379345903,0.569265517958524,0.6668390623417126,0.4365609128313391,0.5037597296294021,0.678760842767808,0.2019049253082778,0.46836012878914157,0.5651836844029263,0.6368096332956571,0.431089122012797,0.3333044826002233,0.588745993004425,0.7358464909457945,0.5961047881927057,0.47926232965645843,0.470584044218774,0.6033311646287842,0.32317197654937796,0.5527597397912087,0.6104770724081408,0.38224161700535547,0.22194279714585807,0.662194314966141,0.35263824419435763,0.4055443440964681,0.5032429666142524,0.20634965043989345,0.0,0.03611582777392981,0.37210824784516694,0.3364786613252716,0.1825249067060436,0.012907138714582989,0.0,0.21978491894700705,0.18208736390663582,0.3106837081481496,0.24429780192842993,0.6221739717701436,0.4769948384774302,0.5637333579274442,0.6542107488624596,0.5061924190368293,0.7463902182554781,0.45401772226471226,0.571224870058359,0.6982110972917108,0.45653078838386263,0.5332326718448749,0.6226517996054035,0.2928541107184684,0.2872541640641125,0.2589026236526665,0.6654520811288859,0.38979667901660053,0.30669957596766473,0.46390283384664877,0.6680946421612415,0.4808108033462,0.5173457548839395,0.568570775198405,0.5453137483950194,0.5444393619765575,0.42646009431734194,0.560970166881266,0.3843165782471395,0.23272122714660468,0.2913726772347
0.40393016442855356,0.4491587215624949,0.6459219790649307,0.22661587735629773,0.6209697992753254,0.6783867492875721,0.4235045379345903,0.0,0.5759325974841389,0.35514488934994,0.6082748094217904,0.44790325905825024,0.6229043305379748,0.4294304934045231,0.6434513217274203,0.3070514795061259,0.3940468163651566,0.17414389331673327,0.5900928014656824,0.641231213434397,0.6953015758608493,0.5623395818005678,0.8273468558556729,0.524276534484114,0.24655695022732924,0.45267167579756373,0.5812038265603999,0.6207853947451255,0.3759332470788372,0.42112537904933395,0.4380454387786521,0.14570624366489118,0.28684654475382243,0.44548437371117877,0.13947606207685426,0.2995916379371257,0.081916310665932,0.3324890629185374,0.05371003024661306,0.222369770639101,0.0,0.0,0.35228172782030365,0.17641561630121402,0.0,0.2314110019847691,0.5777961737895405,0.6069711837283112,0.3505856155382012,0.650642028936802,0.41796744305737726,0.38496050766404444,0.8770893347573984,0.5614775311704729,0.33564640231593357,0.6254648444142548,0.5090758657447721,0.40964365909733824,0.36225111848382574,0.40221568417680176,0.17617396691210607,0.44830783958550646,0.19640238920245753,0.5821624426955025,0.4908217649219526,0.4916897233932246,0.53083498309741,0.6564497085023405,0.5372053835416293,0.23373178260278904,0.5431461592217572,0.3585212244674425,0.41287475623005404,0.0,0.43772976071037023,0.0
0.5443397901433173,0.40365128165565134,0.846714025622554,0.12006216989810857,0.8484129339090039,0.6348645372807592,0.569265517958524,0.5759325974841389,0.0,0.3955624982764846,0.8346978587927432,0.32587379473364586,0.6931229844721185,0.46153027504972954,0.6797674432948285,0.5280090602558809,0.42357315065048595,0.399592955860706,0.6471826337549915,0.803070313393772,0.6568244070009694,0.710618458430487,0.6243821612850423,0.48734977385595246,0.4615450808571462,0.42630565088349187,0.8658978046762067,0.5923584173439147,0.5645659762583252,0.36784112859382245,0.5554063958612206,0.19775606702768184,0.4727073588728558,0.5073085368297218,0.08978454949579298,0.31852627414508744,0.03673841286458454,0.3574224331168615,0.1977332323108633,0.39845870000676786,0.0,0.0,0.2808533225689619,0.13891283256756926,0.11351200643774126,0.3753316256411908,0.5611332545212699,0.8805470713148036,0.42196392681755385,0.7749070973950677,0.5230342070509189,0.520356029135776,0.642250031352161,0.9579901854048323,0.4703699292674494,0.8614218292597219,0.4122149811601815,0.5817540829603743,0.26626505502899284,0.516872115295757,0.31013686197276674,0.5169141760928613,0.4179534364502586,0.6344027914738537,0.6533884049354012,0.6098403685174082,0.6412430326616095,0.6721423853718109,0.5743058173496205,0.4496119894731384,0.6261253650806486,0.6281759283472405,0.5285826697933391,0.3989048909948785,0.4847029526018992,0.20895157500393052
0.2684233405799319,0.6443470335336119,0.26648035720019897,0.0,0.44889546577404493,0.21330013509490034,0.6668390623417126,0.35514488934994,0.3955624982764846,0.0,0.32569146058313037,0.8815153191318277,0.5083190572243886,0.08860666812057567,0.30323611300427716,0.5782257009035924,0.8514325444630412,0.3517929104800613,0.4704808316249868,0.6345463228880519,0.6087693635634224,0.5898192618409317,0.4115768779594628,0.7009322435479619,0.7283140505250651,0.3070860125748459,0.3564862027182813,0.5584315458813414,0.0,0.32718721523215005,0.6250975562130732,0.27398653025086817,0.2855106328226054,0.17424295621782593,0.0,0.0,0.12265515875294608,0.14694102294321065,0.0,0.16551605472445013,0.35357118312114677,0.29946155855477913,0.12121583176703132,0.42489669062654417,0.6790271289219123,0.0865999025979213,0.6554265637444981,0.5375274707028217,0.7143207902724497,0.6017771662336976,0.46680696839379965,0.8384986487765836,0.3216017344919653,0.3503067683434415,0.9599282543426058,0.4631076533739468,0.8728980544450868,0.758039323567764,0.2878958767180938,0.5374347547859578,0.322782312663771,0.8945519519729849,0.3912831686020858,0.4874941228211721,0.6885570087875788,0.5577514707878506,0.6414903346746694,0.5402060877170923,0.78861997837184,0.6921464455025406,0.5537680150743048,0.5827097794648493,0.6967913239584402,0.48794054848317603,0.1871838438621122,0.559593059376398
0.48158482078973464,0.3318797697576591,0.7826635212254005,0.22855619373171412,0.7696085333440253,0.49646136284189535,0.4365609128313391,0.6082748094217904,0.8346978587927432,0.32569146058313037,0.0,0.3185370687764925,0.6456377964483389,0.5144777312730333,0.6533758584141008,0.4206522326985327,0.444834375619223,0.23086863602248933,0.5820776273051191,0.6631436225789586,0.6002551028748431,0.6089024972764231,0.5899031170489561,0.4758706051720436,0.2854945453354457,0.3810355998432715,0.6922181728989717,0.7187332125667198,0.42975450447603897,0.4848244242057138,0.48473904271274726,0.07742246339299513,0.35095499685255027,0.3715608385008415,0.0339358255981934,0.4201769820062933,0.161506001983088,0.3400833658027623,0.04980240256776275,0.22580216894924252,0.0,0.0,0.49176634927004204,0.2930401517745667,0.09145316431037963,0.35484019079167306,0.4690191956861276,0.7352461296104909,0.3563799813980382,0.7404720822290258,0.4086448174055957,0.40497492516839273,0.6269068691201316,0.8164198568168262,0.34116850591217185,0.8857919880947809,0.4108153258288896,0.5639472763857192,0.25282484978045827,0.35551179118666326,0.1949929612102741,0.45371758969455045,0.33761359145344516,0.6472026565459552,0.5228352609408435,0.4484284322595169,0.5153111395404778,0.5514847168742535,0.6021303580024135,0.2698551912249844,0.5195668929172831,0.4672120258027087,0.6109192403675539,0.2034380875301097,0.5625841386492756,0.17713189177642083
0.09550558568737268,0.7033175793152979,0.218791015603454,0.0,0.34541686922065706,0.22599981827876972,0.5037597296294021,0.44790325905825024,0.32587379473364586,0.8815153191318277,0.3185370687764925,0.0,0.4938025788309691,0.21678231633579073,0.23582054268269928,0.4671717833598069,0.7780199532811863,0.32753452180487913,0.4811973405030291,0.5567745710601237,0.4914575206512022,0.5328981521642311,0.42119032774925874,0.8046944301739093,0.641555152444764,0.4582629491315001,0.27892081902767357,0.5291240469387058,0.0,0.31941067763553505,0.40592938343317014,0.1492261658579329,0.22596262242769977,0.0,0.0,0.0246071622108259,0.14690301485825183,0.00979496667060653,0.0,0.16361649270846435,0.42999428823800456,0.4423544663111646,0.09802143396176645,0.4593663023891448,0.712548746277581,0.0,0.6217837200892203,0.48758163145415534,0.6295039847004398,0.5120158724790091,0.48325163103512614,0.6787938169047156,0.3365566677860084,0.2596307381163662,0.797706445501055,0.4309223208934076,0.8957453308214423,0.6984057376870988,0.2846768502683679,0.4927231014065765,0.2939696096690146,0.7756925599355795,0.35225705229218884,0.5155422104307703,0.6425996633323395,0.34362922699960574,0.6005738985636602,0.48651291426400706,0.7847829437336862,0.5963381403111587,0.5626870524767662,0.5341533757201617,0.6163509693578999,0.318570998293354,0.16287392211771975,0.46659300212266824
0.5065510742077386,0.5828005059441432,0.637591519112088,0.17050793315357277,0.7007583425807973,0.751902860392701,0.678760842767808,0.6229043305379748,0.6931229844721185,0.5083190572243886,0.6456377964483389,0.4938025788309691,0.0,0.4167514991513511,0.5832240959348962,0.6319285453302664,0.6700619047388175,0.5609388586837575,0.6035028709038445,0.6783297193473566,0.7048026919948658,0.6428360300527092,0.6139080469079874,0.5935847162648369,0.5685236658054028,0.5847754104640583,0.6330409960181709,0.7803871535030914,0.5212297858967446,0.49987895042474184,0.5787066471989581,0.2697769307146675,0.44407700000065553,0.5073262942521248,0.06087899933358448,0.3703580196106434,0.26588408669115265,0.40295726943495785,0.19000328835969008,0.35612292649713495,0.07983712408551025,0.0,0.40441727474951406,0.3078856894821397,0.22241212318262135,0.3489245802269094,0.5804245730435456,0.6696345507905527,0.40507287036315387,0.6918655618163558,0.5858506884214892,0.5192786767743929,0.6323702978419788,0.6589013262878729,0.5692935730324509,0.7011696571837196,0.5710122576561044,0.7618304831607134,0.26252286128170527,0.4433262640954032,0.335249986577448,0.6473502375821518,0.5728789459592438,0.6072352897546147,0.5604556013140779,0.5628044718697742,0.5484884131231207,0.5991262407154688,0.6347005142663975,0.4520208893644896,0.6687778480256531,0.46676893490793725,0.7082396880441321,0.37198632094238904,0.5508591104057909,0.33973215701992376
0.26695399416789073,0.26472839633941236,0.4139890980303559,0.20672658304577607,0.5040817416879908,0.45730755401981144,0.2019049253082778,0.4294304934045231,0.46153027504972954,0.08860666812057567,0.5144777312730333,0.21678231633579073,0.4167514991513511,0.0,0.45138248523704233,0.30225489694995733,0.16859316917810407,0.2675602286269342,0.28887349832288123,0.4029854748432936,0.4026908407056483,0.4255680060271095,0.4067421767554934,0.4078156710641675,0.16081319555220613,0.389286113351226,0.43870564221783914,0.46374747081449597,0.42233188500420754,0.2100506169387968,0.2912794773379006,0.0,0.3870093473936598,0.2952813771180969,0.0,0.5169466580693518,0.14727986635369134,0.2153572033639039,0.0,0.12980629180551412,0.0,0.0,0.3911312488509494,0.203074686316582,0.0,0.17452431801280377,0.30301137016880064,0.39076148570216346,0.14890603040844788,0.3501267192224135,0.3143747696546566,0.06587647939085015,0.4896408439003065,0.40319925477707286,0.11530313624039405,0.492113921189537,0.2760924184050808,0.2553203814076307,0.4649590500936968,0.2039539692262731,0.10638728030457398,0.2072832836096155,0.3005458075030208,0.3686458910370737,0.2738331319034181,0.23464767103368855,0.26027302815234965,0.40692575771865136,0.4066652698488453,0.18713898143644075,0.45661397660532976,0.27947732183014445,0.301939359068535,0.1028620784481997,0.2742818275435521,0.028914690176780854
0.7357936441521469,0.4319040346636521,0.7378916485136481,0.22651780446362102,0.6941032666394831,0.6078764571950872,0.46836012878914157,0.6434513217274203,0.6797674432948285,0.30323611300427716,0.6533758584141008,0.23582054268269928,0.5832240959348962,0.45138248523704233,0.0,0.4984242064596168,0.4055499525756854,0.3918299216835224,0.6353372133407633,0.7772693560547871,0.7662256115819517,0.7905708632867243,0.6159533473059386,0.33662177516059366,0.3750454002699434,0.4641140196891076,0.812586964254286,0.6650094718001449,0.6244432958123545,0.3675734791035015,0.6284571543300865,0.12516449140983507,0.4851050615389385,0.6047662689327292,0.2238936773689717,0.2737693679515434,0.09963794779739188,0.5124448587232477,0.1911286908923288,0.27888065384683736,0.0,0.0,0.46013391912426543,0.20920299591836278,0.0026271018357476583,0.41531551811048634,0.6498723295963831,0.6419574030241698,0.3151689341730509,0.7198370141151551,0.40413426293107363,0.35321794681143087,0.7500936116910029,0.6941933069387751,0.3999151768569614,0.6631142721518094,0.38067990858118284,0.48806558328778027,0.4146208928306893,0.5137717151828991,0.49391070246457613,0.4893542144850365,0.5196515337781585,0.6365728787574569,0.5843638119181855,0.6677594570869118,0.6930477718924142,0.6258552748188506,0.5165378189837682,0.44358274729458447,0.6781969136128893,0.4337338220855961,0.5037968064380023,0.23431875534176716,0.5091681809423111,0.16543734506379662
0.5202117091539962,0.6918938893918837,0.4656899753724178,0.0,0.48717832464288846,0.5371831911110132,0.5651836844029263,0.3070514795061259,0.5280090602558809,0.5782257009035924,0.4206522326985327,0.4671717833598069,0.6319285453302664,0.30225489694995733,0.4984242064596168,0.0,0.7720790109588355,0.8471094502088835,0.5494335199000668,0.6446152867829611,0.5679529023859343,0.7274150549206622,0.3561230011963574,0.5992702494641831,0.7360078451021108,0.6293682612260776,0.5339047847739472,0.5263257646963949,0.3578241832430962,0.24224499595834303,0.6131871381299413,0.30641834399976897,0.6471464566020666,0.4189755629744364,0.0,0.22046023546239601,0.22222245940907367,0.41328404266498203,0.14758683118896204,0.3542247935252732,0.2859789942333499,0.008901397181143439,0.2687524324872063,0.3841483339048589,0.36612906400503065,0.35361798324230925,0.6064143851026904,0.5679367304948423,0.4057954674546799,0.4831483073161824,0.5179210051460905,0.4221748420318569,0.35220184726855863,0.47105224292848624,0.6123871252697843,0.5345079814159487,0.5232105599546422,0.6378453904819201,0.1943911519230968,0.4811156509303042,0.4216695590794908,0.6852628412735918,0.750930879826309,0.5425954880227486,0.5386390683474196,0.4988912577108741,0.5736138178193628,0.4737662579662294,0.6565416536833194,0.606128615877706,0.6681510755354654,0.42715591324869795,0.6026953188272675,0.41786739952915725,0.3518172609447572,0.46041220022733753
0.3704321110627034,0.7284144089940645,0.3788226588185236,0.0,0.42114313061392367,0.3750726967680601,0.6368096332956571,0.3940468163651566,0.42357315065048595,0.8514325444630412,0.444834375619223,0.7780199532811863,0.6700619047388175,0.16859316917810407,0.4055499525756854,0.7720790109588355,0.0,0.5748563298808417,0.544030596507366,0.5963980687609816,0.5925490323504028,0.6214229309399343,0.3809170584136753,0.7304836774510274,0.7207455951836247,0.5588716995080103,0.3770704817850674,0.6474157189181914,0.06983201138878267,0.40316045012112617,0.5876231073879873,0.23609607592328843,0.41629813474580313,0.17612041211768467,0.0,0.12236084108738578,0.28194706349285437,0.25636016700881875,0.0,0.22641317145423462,0.4036842971662199,0.17995950727193333,0.3122211868250174,0.5280193978582077,0.6127265304156408,0.19091114836382703,0.6788742157126229,0.5227455753021953,0.5745599066745968,0.5722341887466824,0.5264631971466025,0.6744485689012413,0.3715957961812452,0.36602436065599436,0.8367880523706767,0.5238934636476441,0.8172798985976776,0.8323160376701546,0.26164500707001204,0.5383209926434583,0.3830895071595351,0.8739655064673677,0.5903989021044527,0.5853418102233794,0.6212825443011408,0.47413406974499694,0.5937260931956986,0.46449060258919506,0.8040769638835721,0.6352699933651357,0.6610456796733406,0.4983288992113316,0.7699825298948646,0.41543196926062664,0.33635430909941283,0.6294146997448228
0.4055219554870988,0.6180170455342745,0.3575769279932214,0.0,0.3578229360658165,0.5229148980139903,0.431089122012797,0.17414389331673327,0.399592955860706,0.3517929104800613,0.23086863602248933,0.32753452180487913,0.5609388586837575,0.2675602286269342,0.3918299216835224,0.8471094502088835,0.5748563298808417,0.0,0.41708895515386546,0.47524689200869896,0.4093071923955077,0.6037277883084625,0.1896874843476094,0.47692256893504686,0.6635876146515418,0.6349144360261743,0.43401538879467716,0.34111337235257877,0.3897372609647376,0.10398219917586501,0.4118181927723048,0.20976512031920147,0.5954655080743658,0.3184422751440039,0.0,0.23800678462211589,0.20330746878584563,0.31872216657205027,0.15543808755169658,0.33772571685929764,0.2522287774290247,0.0,0.22713705108290044,0.2846444573767137,0.23206354270475973,0.27300299194029115,0.5070180002202526,0.4189922107615112,0.2033945245559889,0.33034061589934127,0.4846372734791403,0.2356999099347431,0.24081355491527145,0.3530872030898421,0.4306730917119405,0.34206316552781546,0.3731386265003619,0.5335614496325909,0.12193987556264435,0.4243660429948205,0.35648664917515627,0.5168683676016604,0.7579166558476298,0.4307352979634609,0.3651328157101707,0.38727329446858966,0.42168359398408517,0.3313488493785913,0.5179711945467859,0.5411306538671072,0.6276662776485837,0.30472152859043905,0.44180677131724694,0.39938703312770807,0.2920804273694252,0.3523323218984441
0.40542301019175203,0.5637498812504484,0.8201666023617349,0.0,0.5440339413374127,0.47243707986783406,0.3333044826002233,0.5900928014656824,0.6471826337549915,0.4704808316249868,0.5820776273051191,0.4811973405030291,0.6035028709038445,0.28887349832288123,0.6353372133407633,0.5494335199000668,0.544030596507366,0.41708895515386546,0.0,0.7787130638119488,0.5702123903119396,0.7442535472845777,0.6359374863079338,0.5581051207935199,0.5354611350624701,0.4650012480530875,0.6733017607510189,0.6161402996491445,0.3338282577127722,0.5681835316406016,0.5188396703387703,0.10219529994694368,0.30565597741014106,0.3370635884827038,0.0,0.31390686412042135,0.07331678535812536,0.24652685137222258,0.0,0.35009383472259425,0.1377443822081528,0.0,0.21930388301750534,0.33374740573449346,0.28685140272299264,0.28947809177098005,0.6073764611205272,0.8380523696638432,0.44818079700429647,0.6341625446829511,0.518233868256124,0.4862009476491504,0.6200878335788955,0.6131538223514792,0.5288569222509552,0.77384291120747,0.5726716330208632,0.6325093563673748,0.2486831147531331,0.6725998422264565,0.4743391669964049,0.6328688710540062,0.5011254897358727,0.960650937257801,0.7716808463428606,0.4986431755847022,0.8058599892879896,0.736651616848951,0.6203923913756405,0.5333684833383471,0.6326021126476253,0.6502397866465008,0.6373788554200683,0.4205637616676472,0.5763175552980222,0.3665009639763914
0.575654470527694,0.6183075964931883,0.7617584429131814,0.0,0.7608783455704242,0.5799685785413363,0.588745993004425,0.641231213434397,0.803070313393772,0.6345463228880519,0.6631436225789586,0.5567745710601237,0.6783297193473566,0.4029854748432936,0.7772693560547871,0.6446152867829611,0.5963980687609816,0.47524689200869896,0.7787130638119488,0.0,0.7794817084659802,0.957685411073459,0.7086469049620292,0.5783090412966461,0.6673755753798349,0.4704335210650538,0.8553328305034802,0.6854241946534593,0.47483087029624305,0.39797569596104077,0.6993792493123288,0.24746793955435337,0.42016265346429493,0.527801985299033,0.014542791549626462,0.21392525326490022,0.044114622482481686,0.3644955744827286,0.1503554271177375,0.3514548721596096,0.05579212637124477,0.0,0.2350922296289809,0.24141452026892302,0.32527580173208337,0.3157116276484481,0.7554281858139662,0.8532861212021413,0.5991241957880795,0.8319980022880296,0.5886776849555103,0.6407584600523692,0.6622886656392013,0.7979879780671433,0.7177343826847342,0.8150687175871292,0.6579733349141819,0.662017037701969,0.398415202558398,0.7098127572783028,0.5087765828292363,0.7609783228912121,0.49742482534144095,0.7529190108844869,0.892595852857863,0.7112369500370839,0.8987258264239684,0.7963842992080374,0.6606622976283778,0.6859999531739402,0.7381385303244412,0.7766568418869447,0.6371374879630377,0.5409629439250888,0.43682366680855955,0.32950297713087773
0.6889717038369607,0.5269159942845009,0.593108913596873,0.1795198649985484,0.7421288522033944,0.6356924120544515,0.7358464909457945,0.6953015758608493,0.6568244070009694,0.6087693635634224,0.6002551028748431,0.4914575206512022,0.7048026919948658,0.4026908407056483,0.7662256115819517,0.5679529023859343,0.5925490323504028,0.4093071923955077,0.5702123903119396,0.7794817084659802,0.0,0.7427067060565005,0.7454242009770944,0.5440903413518127,0.5541201783407064,0.4330695674228639,0.718818574364479,0.716206527432535,0.5336830481365218,0.4196768132332401,0.7699114134048961,0.36059216510905473,0.486154103270184,0.6539318992035266,0.18030175449463326,0.20921846002955136,0.1163928746576551,0.476364198122019,0.311753192538064,0.2917494034286042,0.0,0.0,0.3896487308642732,0.2569552941640916,0.19593565413066394,0.41628750046743823,0.6824147418442161,0.6348716388867991,0.5186065420437123,0.7339491239390588,0.47550660901022307,0.6398008805999489,0.6971155827123433,0.6611707932348282,0.6652427712993592,0.6488672085275048,0.564228432045033,0.6151905403691379,0.331332550923158,0.5178781616628795,0.33769072738754957,0.6550677031518313,0.4171167425819034,0.5607470477120801,0.612377421456096,0.8578217769219092,0.6662562578510576,0.6969163803044937,0.66100413760986,0.5189464428176256,0.6479320797798467,0.4997911683280929,0.6243176615802642,0.37898128024776584,0.45843369843518333,0.27122879356565394
0.5471255558141307,0.7471022297348301,0.7105196224183868,0.0,0.7038104747196616,0.5892254390633562,0.5961047881927057,0.5623395818005678,0.710618458430487,0.5898192618409317,0.6089024972764231,0.5328981521642311,0.6428360300527092,0.4255680060271095,0.7905708632867243,0.7274150549206622,0.6214229309399343,0.6037277883084625,0.7442535472845777,0.957685411073459,0.7427067060565005,0.0,0.5870030285396481,0.5510225405678271,0.723031700034038,0.5770638755626291,0.8249192124544906,0.6493318784740219,0.438679907119097,0.2792008818580578,0.6571177486791792,0.19196382726793407,0.539936446560402,0.4916251694498006,0.0,0.18753923435372216,0.07955342995453152,0.3437063390403947,0.07474987242354326,0.3237997475225647,0.07935157444932633,0.0,0.23804055961067777,0.25633144652233286,0.29590357757621566,0.2498358934112996,0.8383755017433514,0.7908848305429781,0.5726491360909381,0.7575724414031659,0.5999089217249941,0.5645987195759661,0.6112082074775447,0.7099874900620078,0.6634858094516957,0.7409930223619625,0.6118679058757701,0.6392237063793722,0.441001113768247,0.6663009423038748,0.5314828859682303,0.7325049376601203,0.5896541214054016,0.7246265073187267,0.8320626576326932,0.6658395271450963,0.8980012731188672,0.7134710186612171,0.6344568942105739,0.736652532517965,0.7908320162469329,0.7114082495028691,0.5754248562085489,0.46088779168437677,0.36668722811524024,0.3185176186830448
0.5309050215298539,0.4043665674677664,0.6686632757871119,0.1631275744613229,0.6396963955692548,0.6577914691381904,0.47926232965645843,0.8273468558556729,0.6243821612850423,0.4115768779594628,0.5899031170489561,0.42119032774925874,0.6139080469079874,0.4067421767554934,0.6159533473059386,0.3561230011963574,0.3809170584136753,0.1896874843476094,0.6359374863079338,0.7086469049620292,0.7454242009770944,0.5870030285396481,0.0,0.5042684954118829,0.3738681021803212,0.3687071699892861,0.6883315185180581,0.5746991072367647,0.5218099226242076,0.4978093657639159,0.5200939316142791,0.2885690114995826,0.2715903907360956,0.46641351193673847,0.1490118961762262,0.2765424705185816,0.028675527828528946,0.3686118880326287,0.19743736572800402,0.36495064243742104,0.0,0.0,0.27271049484105453,0.15870441667051188,0.07084772736898236,0.3908790756265202,0.5382912301729441,0.6735133646324051,0.3942853307435389,0.6570154422683192,0.4919408434085707,0.4709228323809834,0.780235694470099,0.6113071256579694,0.42431595945619593,0.645183834416945,0.47796124243572835,0.4732115732324971,0.300096700962103,0.4447327771750299,0.29197265118310917,0.48591622819643326,0.22571140567348624,0.5934705056710341,0.5758930547202342,0.6245567784577968,0.5889709298784978,0.8307830300281673,0.5764892866574503,0.347786729259575,0.533442496005217,0.4598639510208429,0.48356062063606026,0.2144272945171233,0.5575948368169364,0.16118474956515494
0.29056110672023383,0.6668057421696967,0.4237584174077219,0.0,0.43952558657644514,0.44748182234776385,0.470584044218774,0.524276534484114,0.48734977385595246,0.7009322435479619,0.4758706051720436,0.8046944301739093,0.5935847162648369,0.4078156710641675,0.33662177516059366,0.5992702494641831,0.7304836774510274,0.47692256893504686,0.5581051207935199,0.5783090412966461,0.5440903413518127,0.5510225405678271,0.5042684954118829,0.0,0.6562467177538972,0.6325646880926108,0.4013332026723405,0.5271165996273337,0.1069371196186973,0.33593051227394793,0.44726294259330046,0.19272563441916643,0.4273660194601443,0.1465649881086034,0.0,0.2613936553415664,0.22561338834764522,0.14467585046775244,0.0,0.34760893688963684,0.37803438237002374,0.292264402218638,0.1725229514520699,0.4183758950623593,0.48194422225307987,0.19866486354570467,0.5862573635733168,0.6239011876921597,0.5423029065126007,0.533693063972987,0.5922746153896767,0.552720770749768,0.43895049266024283,0.4151770083867185,0.6758557366098337,0.5627829811061897,0.7932849244995512,0.6957789704065139,0.24361015715209489,0.5762246921418057,0.3170685678675764,0.7165894396021018,0.49330852065951736,0.5543870727241192,0.6408724647024651,0.4492795354547998,0.5809827413922022,0.5614749722677017,0.8677881313193755,0.599947185881047,0.7028448545504072,0.5559241518687756,0.6366532537329243,0.45640843774667844,0.3718695006222772,0.5225897764262628
0.3831474982260824,0.8532249884432147,0.37097824628116094,0.0,0.35243760405577357,0.4407950337573384,0.6033311646287842,0.24655695022732924,0.4615450808571462,0.7283140505250651,0.2854945453354457,0.641555152444764,0.5685236658054028,0.16081319555220613,0.3750454002699434,0.7360078451021108,0.7207455951836247,0.6635876146515418,0.5354611350624701,0.6673755753798349,0.5541201783407064,0.723031700034038,0.3738681021803212,0.6562467177538972,0.0,0.6747483606810755,0.49602373296045266,0.36994876373508434,0.1615809967270911,0.11054142803237815,0.4245825817929807,0.285792178088508,0.4456725540732399,0.14804057823762112,0.0,0.00573648716130741,0.03261232397709797,0.12189181605243782,0.006106121564513789,0.39909413925435183,0.5121707705796397,0.33122743879100436,0.0,0.3338756672114859,0.46625267134919324,0.10500804716319045,0.7421473234246657,0.5550140809226148,0.5231686186269876,0.42619531963736146,0.6718538868985384,0.5692757620721391,0.2586389130572072,0.4168566238647483,0.7593626426264329,0.43968634832199105,0.6482538072157011,0.7056279215407031,0.19439848170593063,0.6780705544008967,0.5152610781061167,0.6948185866905284,0.5184186154194043,0.5054828291973437,0.7818038675141901,0.5684078585266026,0.7626943497256622,0.5438449820793717,0.6731445958432085,0.8508929777427312,0.7637875522772526,0.6930392277441422,0.5448347611919068,0.6675432471268781,0.24307970140024646,0.5820293646169707
0.36901035590126774,0.8135549440829235,0.44951520355571006,0.0,0.2738335449781664,0.5834394994413042,0.32317197654937796,0.45267167579756373,0.42630565088349187,0.3070860125748459,0.3810355998432715,0.4582629491315001,0.5847754104640583,0.389286113351226,0.4641140196891076,0.6293682612260776,0.5588716995080103,0.6349144360261743,0.4650012480530875,0.4704335210650538,0.4330695674228639,0.5770638755626291,0.3687071699892861,0.6325646880926108,0.6747483606810755,0.0,0.41680148306308334,0.3513112241695671,0.2559325235192722,0.0462722653500566,0.1705044829743439,0.10446164898968277,0.5524589942143311,0.12055175232783658,0.0,0.2700677439474968,0.1453341412087818,0.22380236384197122,0.0,0.4056820917276004,0.2738953790256967,0.048069890002633016,0.25856871155420874,0.4118507197150306,0.1168399210819319,0.08890866946410844,0.5689918838006354,0.42317068554764947,0.1884093361101897,0.2827191784160426,0.50300902942982,0.12471309120269738,0.4270744767999399,0.3400265796989017,0.3233578223480417,0.39770547496613384,0.5104119235503537,0.5020714020344034,0.2692349830049722,0.48905387824007857,0.3808648148219866,0.37455073975916375,0.5008023226460745,0.4791850316814106,0.4996679163640331,0.27362337982064294,0.5416512240392038,0.3798726238479207,0.5639685464651352,0.4408372395269767,0.7864698076493598,0.4313821156427197,0.3794903039182856,0.22905479758701408,0.32631952056346736,0.30945740534689936
0.5914598268300757,0.4490703234614617,0.8131728627908201,0.0658844842603311,0.8071254549250391,0.6547219222363982,0.5527597397912087,0.5812038265603999,0.8658978046762067,0.3564862027182813,0.6922181728989717,0.27892081902767357,0.6330409960181709,0.43870564221783914,0.812586964254286,0.5339047847739472,0.3770704817850674,0.43401538879467716,0.6733017607510189,0.8553328305034802,0.718818574364479,0.8249192124544906,0.6883315185180581,0.4013332026723405,0.49602373296045266,0.41680148306308334,0.0,0.5653019092493814,0.6562019052227404,0.31533156543964597,0.5812639221710689,0.1997329053481791,0.41450881529806005,0.5725470912512272,0.15430893546344787,0.2384427903211038,0.03586762294264709,0.3610377815019776,0.165257748027223,0.35642660692284833,0.0,0.0,0.24888465099948837,0.11785065611886458,0.09432648112142308,0.3686708648899208,0.6665777396128015,0.8065733864613921,0.3895007319781739,0.768221998823551,0.5365330978938172,0.5024402331776063,0.6831761304155912,0.8671258086983122,0.4768892212688688,0.7772223151143469,0.39258163796924617,0.5286889282453822,0.3679840392287015,0.559580005361243,0.41849276463099266,0.5493331792687115,0.4541979250904634,0.6583461113209284,0.6846010957017458,0.6711956659837008,0.7209070766162697,0.7386810527493474,0.493018724462715,0.4918633558648058,0.6771513896198036,0.6359858813646945,0.47289358343330706,0.4093462101390713,0.4225025253143335,0.12139115478437439
0.5314229463908574,0.45804680599821185,0.6247088414598994,0.28842904732911123,0.7049245075353483,0.5139304609064655,0.6104770724081408,0.6207853947451255,0.5923584173439147,0.5584315458813414,0.7187332125667198,0.5291240469387058,0.7803871535030914,0.46374747081449597,0.6650094718001449,0.5263257646963949,0.6474157189181914,0.34111337235257877,0.6161402996491445,0.6854241946534593,0.716206527432535,0.6493318784740219,0.5746991072367647,0.5271165996273337,0.36994876373508434,0.3513112241695671,0.5653019092493814,0.0,0.45706456335041623,0.7240889353421439,0.7371311407239697,0.09047229249949089,0.4224235595855784,0.47521249082002537,0.13744542944077426,0.37620681177627874,0.37713651128095527,0.45464828341262103,0.041817451646373634,0.15980040111402213,0.0,0.0,0.6240022041073544,0.4747140091165705,0.29093541870887685,0.391158503663818,0.5683244473534046,0.6236802947361615,0.5114903090868588,0.7634380647396506,0.4588870975872526,0.5575542482636507,0.6441765581140988,0.5813588726464431,0.5764519919511508,0.7135514829127134,0.628580295409937,0.7264060384146463,0.3946966582992723,0.28418612122252795,0.37223693970195604,0.6773980820158838,0.5830254906993791,0.6479146795070436,0.5024480169606402,0.5460373041342126,0.532928295415759,0.6055780367690227,0.6524280518181018,0.44634370505082754,0.5839745918159295,0.3904354176249679,0.8564572217922274,0.22933181950010498,0.6048951287900681,0.3675693447357039
