0.0,0.6548160375641072,0.36817597501977606,0.08154866408867575,0.1103901190328653,0.7061234455585204,0.7050450659013889,0.5166201566723758,0.5396218911777868,0.41148698296780417,0.19364720060911916,0.37931422304208995,0.6718955719187825,0.0,0.7151600000659095,0.7734662609331864,0.6912587644388556,0.5415652754484145,0.15018933105107884,0.5899631485251271,0.8438207130406574,0.684690559349737,0.6594739427937354,0.6080847396501643,0.7348735290516147,0.36807534707348377,0.6583163367675557,0.3264629729372809,0.7587975307888994,0.5017195108304837,0.5382979544305846,0.031729689477732304,0.5452110111632308,0.0,0.6309719699541102,0.0,0.2893371640873712,0.3919092310075079,0.3449386562190989,0.524366694083072,0.6393214465362699,0.6091753917520378,0.1466909363090866,0.0,0.41881596814266925,0.9420228833617406,0.6632780942824361,0.0,0.0,0.3130980001447705,0.2873515698333745,0.5774787103624961,0.5004725434222363,0.5776193748611993,0.0,0.23163072826640194,0.11744154636659551,0.3371663714369169,0.2463382161392336,0.5571882179731871,0.3004617667951833,0.0,0.05859107737062902,0.12221956097891656,0.43250844198001065,0.8666068308664169,0.5635251806088181,0.5405659717302169,0.5026329958408957,0.287129573451008,0.2548403003280012,0.33551390334062675,0.08732779766895457,0.39223339414646496,0.6457653617743899,0.6304610429012506
0.6548160375641072,0.0,0.5278314746182801,0.06551866147325665,0.26844007335939757,0.7709653518268159,0.745011387651977,0.37687328902386164,0.46379851225893276,0.2684129366736178,0.31309555524095645,0.5198436268604887,0.7513685222086736,0.13833258175061444,0.6820184047069864,0.774653719620368,0.8122313713149758,0.8483768880262461,0.4568554371692125,0.7530949438472492,0.5346856739464194,0.8492778039593138,0.522270540028022,0.6324693382471678,0.9028094046089259,0.8036110100764285,0.6202511025431228,0.399705590823585,0.7784135843795701,0.45958935509925714,0.3752466938736829,0.09626842433064295,0.513392086635301,0.037216894205462994,0.45454556260622614,0.0,0.10403437376292088,0.14530427233841556,0.3026502576775471,0.479924058298946,0.5043178491511562,0.4278211440239004,0.3097090100863517,0.0,0.25653571100081474,0.602267326720608,0.7518966855586565,0.05523142103614129,0.0,0.16078879280329578,0.571140635461568,0.4353207077843013,0.32179108621050867,0.5419653787769814,0.0,0.3085137858734565,0.21026390725498226,0.5397170437338145,0.35781539808323726,0.6630498133485367,0.40002325550466816,0.0,0.15506134663588128,0.3705540899414641,0.6851664001892093,0.525333767873208,0.7565017008937733,0.433393827301486,0.5595453572180411,0.632820166321908,0.4958893959370405,0.5358995815595122,0.213881339381179,0.5286494447168597,0.6008874135428849,0.5092878716550907
0.36817597501977606,0.5278314746182801,0.0,0.07490499259904221,0.7270730948350959,0.6726171296603001,0.566062883262737,0.5436879269959494,0.7998027614311247,0.3874083855012993,0.881781335425185,0.2170044275645571,0.5789118856082385,0.2996551774627988,0.7086347830214775,0.4600411555486049,0.5657276261351902,0.5133666729476865,0.8782977612864582,0.7385524353899928,0.35414689278839356,0.6656389600803034,0.6179836551797608,0.12319641213390825,0.5495753798833822,0.37857077082728036,0.807592197411833,0.6804985601354521,0.5165083638296468,0.3777776555355935,0.45413400030778595,0.0,0.0,0.0,0.06044253436647233,0.0,0.20609195829271887,0.22028085925145474,0.0,0.0,0.0,0.027233662101831802,0.29520639751115463,0.0370061871873259,0.0,0.22340984522120338,0.6944330008300292,0.7393117311898113,0.0,0.5474287253215446,0.6277133265489943,0.5236525663344445,0.5276652376215936,0.7831542789847745,0.0,0.8566583843783732,0.073867759410596,0.6486279032857196,0.09912433913395073,0.7017223522178933,0.25002114311255524,0.0,0.4381694364517238,0.8032744675768433,0.7603487299479519,0.3864989716546493,0.7277790005612685,0.6415609019922799,0.0,0.48287582187525546,0.41425733860480696,0.8149217932403237,0.4384253617084024,0.3025410136253444,0.15301282401364946,0.21895771619104545
0.08154866408867575,0.06551866147325665,0.07490499259904221,0.0,0.18216377408734738,0.20462655116527234,0.1761728563404886,0.12358923055694661,0.16198816196327845,0.0,-0.0030328140088370786,0.0,0.17247957984829448,0.22428833233448286,0.22278584841053725,0.16267330523957851,0.09875738695441763,0.05171074666345843,0.002560783012884857,0.13021676848990338,0.1713843644886174,0.1382048196489995,0.12508848962142538,0.0,0.07915522984843368,0.0,0.15113857667335728,0.18142052190950309,0.1972087528897474,0.11926201873220627,0.29787099146933965,0.0,0.04056599545489248,0.10131168964374973,0.0852955621379754,0.13445991620754766,0.40519808020371617,0.02442507199481922,0.0,0.020299776133223035,0.06078821204632076,0.05131217806558841,0.2070823918515598,0.1169292920720811,0.03903045551919142,0.06150292612997842,0.1277046636999588,0.01441056436502558,0.18367171102087906,0.16879359029082594,0.08235219516755146,0.23175467638208427,0.120405308283931,0.17575820850566598,0.0,0.10019729179650216,0.0,0.1428108638956327,0.17374382192887422,0.20935573109442707,0.0,0.0,0.0,0.0,0.06635415037019246,0.20146121347397145,0.06727306014718272,0.11298421188187988,0.0,0.0,0.0,0.027799188491683738,0.07940593424678229,0.0,0.10101887818207202,0.0
0.1103901190328653,0.26844007335939757,0.7270730948350959,0.18216377408734738,0.0,0.4878083875865411,0.27567012959104453,0.3697311891408316,0.6820382240494769,0.0421709344283237,0.8368038360661154,0.0,0.39396394991177014,0.5028077808712196,0.5514251054217125,0.23824794876498467,0.20614807423618348,0.3272526100950305,0.6280723483288537,0.5851362596324111,0.1846827042930337,0.4725836484250985,0.3937264019899419,0.0,0.342458669400592,0.16842926203024117,0.6426514426911685,0.6756175791241471,0.41814585076071903,0.2986631401074069,0.42543715962809214,0.0,0.0,0.11276856244137222,0.0,0.2253734496287171,0.1183307832658754,0.16798981176464955,0.0,0.0,0.0,0.0,0.4386551456720911,0.30070505315853185,0.0,0.04743724581601977,0.49227104135245986,0.6566274877508038,0.0,0.504142368519605,0.5223178817539536,0.4038040653605957,0.41407335653596844,0.6494834039345552,0.004778927948616896,0.7930055272926155,0.0,0.5803263644674514,0.24140043269402778,0.5601945660318488,0.1128348152130185,0.0,0.5008155962387989,0.5666705857506781,0.5767857374544104,0.21511323946882865,0.5102626569370822,0.4888987866323368,0.0,0.43759138693767563,0.24707869880599356,0.6695453815991568,0.5481896515067411,0.19753101296031636,0.0,0.0
0.7061234455585204,0.7709653518268159,0.6726171296603001,0.20462655116527234,0.4878083875865411,0.0,0.7979535766408516,0.7136979916397167,0.7967009232371269,0.44081511814581303,0.5478524368963295,0.44976208339142437,0.8824922116707045,0.2369637808585749,0.7871491302778778,0.7770302355404606,0.7547757481845516,0.6615245874837092,0.4859432538645809,0.7594679650001697,0.7339284550081346,0.7760316956360647,0.8264155465767241,0.45875003874351566,0.7686473094434533,0.4729823280535409,0.8893727193235712,0.5720677080419547,0.8296918661675725,0.5251582797890683,0.5763600728540632,0.0,0.27690127939699144,0.0,0.5021398168336573,0.0,0.3373746347549114,0.3772400899202841,0.034728831056839465,0.25128616490035427,0.3815981874346652,0.3861880211208764,0.34096407833253933,0.0,0.2779251123249066,0.5914339370595159,0.8648959581951147,0.28951360154948436,0.0,0.5179771638615465,0.6585327779012323,0.6957743623500265,0.6679707631091842,0.8115207544718503,0.0,0.6114804171675338,0.12871618491951697,0.6834043210661949,0.3130399368610489,0.7385755947234554,0.2056405963206426,0.0,0.16149992940182806,0.44761637461173814,0.6603212944316231,0.7241668780517081,0.7193509471953947,0.7705094071144216,0.31424005563686325,0.44015401138821325,0.35000265152355176,0.6165808828573197,0.3108393379742099,0.3322612572899152,0.5066481499730453,0.3543716353361377
0.7050450659013889,0.745011387651977,0.566062883262737,0.1761728563404886,0.27567012959104453,0.7979535766408516,0.0,0.4744668645514135,0.6834027519239455,0.5123774312401628,0.3819842958273127,0.5036952802676682,0.7943716500224925,0.03488124672091869,0.692437191761921,0.7891244767061976,0.8329133751895135,0.7354933961973757,0.42916725210032913,0.6696742346792549,0.6069602319481344,0.7221608803788975,0.6246708095413324,0.5143555066101481,0.7501561126800826,0.5048612691420999,0.7547516153346048,0.42454666473146313,0.7548009721267457,0.449996843013429,0.47166237476044304,0.03017159169955058,0.457158500918525,0.0,0.5005608962443762,0.0,0.3120590887222878,0.1748958421219517,0.3075992084047362,0.43678925932069335,0.36242763423263646,0.502566570778558,0.1516705771229131,0.0,0.2792430639765107,0.6291409932084221,0.7981332974181699,0.12229058680592478,0.0,0.30106229853361166,0.6035720273558117,0.6109391723878597,0.39944333269784527,0.703749688452928,0.0,0.381033594455821,0.18892886782012588,0.6449558002026248,0.2381772502217106,0.7032778913469342,0.3441865736855636,0.0,0.1433025167611174,0.4015691983483196,0.6307535500631728,0.637134484402476,0.6912894133429138,0.5776222551040915,0.38501713884431754,0.45033180825996305,0.38836685460351184,0.5664097907495105,0.1951023440011372,0.5485825137516507,0.5903899644599836,0.4337022396129699
0.5166201566723758,0.37687328902386164,0.5436879269959494,0.12358923055694661,0.3697311891408316,0.7136979916397167,0.4744668645514135,0.0,0.6435928926424491,0.537188081451587,0.45217586311797464,0.23274734291025245,0.6334573077924442,0.06044390369879002,0.5212863308514954,0.3909341160026525,0.3689094673953446,0.23229580950730533,0.36986675068953045,0.3819657773110631,0.6950483855141522,0.36524499869585825,0.9081577471748132,0.09028427884870605,0.3437628626487444,0.02114047824778348,0.6866122144822837,0.503993656172463,0.3722449145084877,0.31101519126249777,0.4662097501548648,0.0,0.0,0.0,0.20867465567948199,0.0,0.4367621009202525,0.5304576016406999,0.0,0.0,0.05187457309884314,0.09961098029065796,0.08467811337134276,0.0,0.30632787768750425,0.43767929409942874,0.6977488823533899,0.3240039315158091,0.23544867686216553,0.7134184223087998,0.41470433521103506,0.7374063193758593,0.898260736129703,0.646255571858257,0.09623294628171775,0.634286578056332,0.10754273214703403,0.5188334220736072,0.052146302012879064,0.44428072358114273,0.0,0.07987086132242485,0.24786255246938155,0.3789851846766488,0.3709208189298121,0.6534472996528331,0.389427336151994,0.8340154415529728,0.0,0.1361564245628834,0.13430508801524282,0.38164949029469053,0.3095848812328676,0.0,0.1965280416097015,0.14950565960397363
0.5396218911777868,0.46379851225893276,0.7998027614311247,0.16198816196327845,0.6820382240494769,0.7967009232371269,0.6834027519239455,0.6435928926424491,0.0,0.4809257408791623,0.7761036395349072,0.2626735917929496,0.7220408884263945,0.14237349771038885,0.7476742012354478,0.5639871203243396,0.5516134042269758,0.4366922376584951,0.5887287360169714,0.6994698113141302,0.5828237446786753,0.6370501383166169,0.7433497562141964,0.1335057315486622,0.5176669751865189,0.13759972417880614,0.8867808618735156,0.7021373798338311,0.6073507302108297,0.43883015008096005,0.5916113559252084,0.0,0.0,0.0,0.2342935587166269,0.0,0.39579648157859293,0.394962206151516,0.0,0.0,0.09629113497838188,0.18987194314495742,0.22986191898260605,0.0,0.20079884080567084,0.4117781156087801,0.773721891350851,0.4009931818561783,-0.002183531502067154,0.7699367054175442,0.5195142944842743,0.8069924248753366,0.6473226629739068,0.9740627439156826,0.0,0.8344677954413015,0.013682126348975643,0.6487981522612827,0.1467451556297742,0.680611952433053,0.15619598626264972,0.0,0.38830585646717153,0.5506191674018898,0.6472048911297917,0.6386867308727596,0.6538353854303448,0.7319087531168236,0.0,0.3382860617345034,0.19085417786774958,0.6803113112640413,0.4150720535169833,0.21146132488810407,0.27562779921672076,0.2760350187691262
0.41148698296780417,0.2684129366736178,0.3874083855012993,0.0,0.0421709344283237,0.44081511814581303,0.5123774312401628,0.537188081451587,0.4809257408791623,0.0,0.18361197946882482,0.6478883275153623,0.4527838219640086,0.0,0.319796891823105,0.37386180783095696,0.5888157570342887,0.3225568912854232,0.23163381526123544,0.2734519268127029,0.3501665468091628,0.23693062704603957,0.5704931316470807,0.2578836044842528,0.20851980364091932,0.06781071233063579,0.396543229915578,0.32707012101218164,0.2110790968996389,0.1287102488679302,0.17022300177620797,0.0,0.043965163646367295,0.0,0.32046090088614976,0.0,0.3430463390529654,0.24475579761913022,0.0,0.08629060544781987,0.05704032610489662,0.3197315875965597,0.0,0.0,0.18342471253120982,0.2888334855294271,0.45525612136170335,0.13134324847066123,0.04338242622460603,0.3757757605544774,0.326750017185703,0.47979556249580096,0.4491451096895491,0.45230716428039563,0.27927102381252994,0.3023052941562093,0.618553230498349,0.42325130357340085,0.0,0.2915981862578131,0.12163295959349085,0.2436993953567243,0.25129011681001034,0.21709389623744169,0.3266178231069257,0.4252039539182762,0.34839840155286095,0.5119146627369202,0.0516413805532428,0.07184203189201638,0.24332549922740848,0.2977457919886207,0.2809067908137405,0.12761689976717228,0.42450996914611505,0.3882787505170414
0.19364720060911916,0.31309555524095645,0.881781335425185,-0.0030328140088370786,0.8368038360661154,0.5478524368963295,0.3819842958273127,0.45217586311797464,0.7761036395349072,0.18361197946882482,0.0,0.01872884325100385,0.4460359716487341,0.3667042672141064,0.5823453343593609,0.2914489991209859,0.3053134686116777,0.3144036980578413,0.8016380136823256,0.6188753573253938,0.23966821175316827,0.5274278549982375,0.4864369968514183,0.0,0.3634784871593285,0.14683091471092663,0.7350358326825966,0.6890224041616364,0.3733602832641801,0.2777649628545981,0.40455180259415996,0.0,0.0,0.0,0.0,0.0887560217995017,0.16714005467712112,0.21316221813995773,0.0,0.0,0.0,0.0,0.3092232671797579,0.16961361059304098,0.0,0.06549760401973165,0.5785641556550815,0.7519737471522501,0.0,0.6179403137082691,0.4962876365918324,0.48865435880763963,0.4655595152762542,0.7399125588753729,0.032797352122460155,0.9258132055103059,0.0,0.5710203618795919,0.12380317603328123,0.5723803428724927,0.11412683574209942,0.0,0.44521628979381705,0.7406071331872611,0.6242346439131133,0.2694435786868346,0.5822127026389121,0.53290526025052,0.0,0.39525739725850156,0.24898399049408476,0.6937423701404757,0.47685635335409593,0.1449386961261988,0.0,0.02921720740028788
0.37931422304208995,0.5198436268604887,0.2170044275645571,0.0,0.0,0.44976208339142437,0.5036952802676682,0.23274734291025245,0.2626735917929496,0.6478883275153623,0.01872884325100385,0.0,0.3792222451605042,0.0,0.32078635820225354,0.5038843706726429,0.7150711226449575,0.507921338231986,0.19639993124973304,0.3895317912677592,0.2580009602934951,0.4123848782212307,0.4000179110812977,0.7316840523635569,0.411294906303029,0.47971508657292855,0.2729834170518789,0.02226467322781084,0.3014384588533929,0.12122374966301681,0.0,0.0,0.3683758245076081,0.0,0.43793232973678087,0.0,0.09788018146071602,-0.008005911426883533,0.34588506762140653,0.48156859022298293,0.3093929300454241,0.5968856452133735,0.0,0.0,0.24258588444502746,0.31853554304446385,0.35419329586207016,0.0229416565013274,0.0,0.0,0.440188100697729,0.1674590345341899,0.14615131069657153,0.2954921082025199,0.0,0.11503673408884968,0.8028470203625534,0.4277618009340648,0.019617034886094203,0.41018742918890916,0.2801319437242411,0.0,0.0,0.23398163860637475,0.5155266147532525,0.2896001281917654,0.5344720300788708,0.29391446287349743,0.5914031207208577,0.13234583612800582,0.33028185095826273,0.23861835020620498,0.18256079464767885,0.29815573836128456,0.7393930160385069,0.502588518108267
0.6718955719187825,0.7513685222086736,0.5789118856082385,0.17247957984829448,0.39396394991177014,0.8824922116707045,0.7943716500224925,0.6334573077924442,0.7220408884263945,0.4527838219640086,0.4460359716487341,0.3792222451605042,0.0,0.12929894472631467,0.7138335631935602,0.783616088178174,0.7341774969579417,0.6813396812880426,0.41359580983003197,0.6945322169948851,0.671671087198508,0.7263470578594902,0.6879443681231832,0.34655776704014035,0.7114937478515472,0.4192464528618682,0.755953692018134,0.6606932604808733,0.7787808871325923,0.597698627223225,0.6467311130309605,0.0,0.2962891897927615,0.0,0.4305457405591798,0.0,0.4278605129957597,0.35187570350339714,0.03757795871910793,0.2699554347616866,0.37267097542398253,0.35638881378242676,0.2894143191747228,0.0,0.33319746975305686,0.573885487442063,0.8061024609231586,0.13934458052240956,0.0,0.5584358922863857,0.5430129194147364,0.7363214933475166,0.5966292089424378,0.7492245709130452,0.0,0.5080467250075357,0.16153478147932368,0.6686253519060987,0.33033983577853343,0.604726444150895,0.19123601545696833,0.0,0.3201931298812576,0.33807010071946353,0.5602809820386234,0.6602908719452069,0.622516540182698,0.6205295835643303,0.2322312048498446,0.42419019831357285,0.29966974886149617,0.470258557960646,0.3875576122763389,0.33327672094326904,0.4636139433043062,0.3420206184149472
0.0,0.13833258175061444,0.2996551774627988,0.22428833233448286,0.5028077808712196,0.2369637808585749,0.03488124672091869,0.06044390369879002,0.14237349771038885,0.0,0.3667042672141064,0.0,0.12929894472631467,0.0,0.27932009005522107,0.07808847997539012,0.03281444202973302,0.15783620160958356,0.2958018512675082,0.30083582210554977,0.0,0.2496984751215326,0.11120961194001701,0.0,0.13102975038170556,0.1970184644864386,0.23298800589597954,0.24101188186642075,0.23181182845609527,0.1336498637587714,0.13454949594967602,0.0,0.0,0.2382017114295183,0.0,0.3384096634987914,0.0,0.05844166287305459,0.0,0.0,0.0,0.0,0.41533005177641547,0.32230994887806874,0.0,0.0,0.1111706761590961,0.2943830521058808,0.0,0.09305124354526773,0.2989030127056502,0.0031442507489377047,0.11151500509682759,0.14850580629734236,0.0,0.2973690709272997,0.0,0.22616414377149252,0.35154963188293414,0.2890717434214299,0.0,0.0,0.05521645749397267,0.2671202207469699,0.29668542692643884,0.0,0.21263627892717807,0.17716642901087495,0.0,0.17325756064692155,0.029183293633262025,0.26047446578239225,0.22376605639078795,0.02864162050609719,0.0,0.0
0.7151600000659095,0.6820184047069864,0.7086347830214775,0.22278584841053725,0.5514251054217125,0.7871491302778778,0.692437191761921,0.5212863308514954,0.7476742012354478,0.319796891823105,0.5823453343593609,0.32078635820225354,0.7138335631935602,0.27932009005522107,0.0,0.7534902553595905,0.7032407363863376,0.6727522981096588,0.5786962239813859,0.934190774200685,0.6883637858727817,0.8946650174729105,0.6720027847124458,0.37395631828240816,0.7193741290524128,0.44191637580600784,0.8631506081818959,0.6389897749580331,0.8150357235870644,0.6554506340894469,0.6719155683384573,0.0,0.1613281129448402,0.03241652708911982,0.39170208592339445,0.0,0.30067452801666766,0.3169154928533066,0.07272582616042189,0.18274272809554318,0.3156771911228319,0.29653665313241667,0.4176285231265263,0.0,0.215837525169401,0.6176056293520407,0.81981932846722,0.2844622958432187,0.0,0.5169669101931021,0.5921128844735113,0.6409386983075034,0.5658942317274849,0.797883443101715,0.0,0.6142434273876511,0.010715388062667253,0.6583387359540434,0.37360191078818267,0.9145982356075458,0.41831078336099814,0.0,0.3480866120259863,0.5002644465927896,0.837716661159587,0.7300708788528092,0.8634964136177399,0.6535850565946454,0.28756309961634563,0.5134070325032685,0.364766863544688,0.6942807602177854,0.4332445046196907,0.5001759237561835,0.5472050949082584,0.48366397909926584
0.7734662609331864,0.774653719620368,0.4600411555486049,0.16267330523957851,0.23824794876498467,0.7770302355404606,0.7891244767061976,0.3909341160026525,0.5639871203243396,0.37386180783095696,0.2914489991209859,0.5038843706726429,0.783616088178174,0.07808847997539012,0.7534902553595905,0.0,0.8560847632679283,0.8233385813819856,0.336613403514789,0.746063737403882,0.6708498286665445,0.8287927173451803,0.574729985335043,0.6003177175183694,0.7962850519345905,0.5281126109658496,0.6735214626748114,0.39894951473053647,0.8425917212715481,0.5507457705434394,0.5700545236544626,0.0,0.5284550990171043,0.0,0.6302562442995499,0.0,0.31575692780913023,0.24974773048836862,0.337707305011264,0.49387360558320054,0.5308275288051418,0.5691530935026561,0.2654781236060839,0.0,0.38386025610805374,0.713229690267819,0.7501688877427122,0.0,0.0,0.2981943928047295,0.49670134929329246,0.5281545983045841,0.35965643706338957,0.617266144454617,0.0,0.335001287842434,0.16505875433687014,0.5627770273306001,0.3166596719139988,0.6940640250770129,0.4553610002258135,0.0,0.11815374742139817,0.30321445636687805,0.6529476260313707,0.6752006670641721,0.7610608601415008,0.4988755654844975,0.5091483184597938,0.4195050160176977,0.34978191197659675,0.43323996594192926,0.25259198415031225,0.5396024638924337,0.7208081811746128,0.6271603237028397
0.6912587644388556,0.8122313713149758,0.5657276261351902,0.09875738695441763,0.20614807423618348,0.7547757481845516,0.8329133751895135,0.3689094673953446,0.5516134042269758,0.5888157570342887,0.3053134686116777,0.7150711226449575,0.7341774969579417,0.03281444202973302,0.7032407363863376,0.8560847632679283,0.0,0.8377871444882588,0.4334696849460111,0.7168475253395887,0.5338348170084086,0.7840000643649953,0.5510670207556516,0.6914827422076106,0.7930922937878436,0.6685577190683486,0.6248605172490973,0.3823207839536747,0.7206184120598398,0.42579367026908277,0.3619081682343911,0.024749084847341007,0.5399808840259925,0.0,0.5377503867891764,0.0,0.24698257804218438,0.09751800851754669,0.3962981114826327,0.5218553951219737,0.4755660537494928,0.5193313529414946,0.20245002724901218,0.0,0.26079608583654795,0.5809516050135886,0.74223772675395,0.047180239952284014,0.0,0.20608517974910615,0.6088183753580321,0.46091622061179693,0.2838716108254539,0.6180543393181176,0.0,0.30641810218141985,0.40724069842741417,0.6431568850447579,0.3009994715759378,0.7368783420425246,0.470209301795558,0.0,0.1461462653746592,0.4059683798755449,0.7080686863373076,0.5559455238432554,0.7860324756153533,0.4633920146488023,0.6078309250448115,0.47300906999888653,0.47924446661512793,0.48628459588604844,0.2729831293010389,0.569131378365995,0.7649145962613789,0.6340775742338784
0.5415652754484145,0.8483768880262461,0.5133666729476865,0.05171074666345843,0.3272526100950305,0.6615245874837092,0.7354933961973757,0.23229580950730533,0.4366922376584951,0.3225568912854232,0.3144036980578413,0.507921338231986,0.6813396812880426,0.15783620160958356,0.6727522981096588,0.8233385813819856,0.8377871444882588,0.0,0.47024306350417355,0.7617320175323428,0.3987701441907257,0.7862197939535067,0.401088842605092,0.5629285385558832,0.8219975930155388,0.7760604873500936,0.5716549552684849,0.4213095608859116,0.7607741313636414,0.47223207456265287,0.3782842536497753,0.12991852177335753,0.504644014725459,0.03160126129611679,0.3801104240112063,0.0,0.07500099525794207,0.020360451227542264,0.33232231263978596,0.4609824129739269,0.41659551832268604,0.32161278138889227,0.34813796710250505,0.0,0.1884586638008609,0.4995890104067432,0.686884126323604,0.09972689251123815,0.0,0.09425146488325105,0.6353490225653806,0.30274359886812485,0.17531752816024251,0.48823727690129703,0.0,0.27951796960901687,0.2515664201901075,0.6309699697524072,0.34150009426246386,0.6816892472988996,0.5291610458346682,0.0,0.257269858871537,0.4234124047633452,0.696542515877884,0.3958799946040846,0.7613908001229267,0.3782560817307482,0.5275663545905875,0.6628236818005993,0.5758134217225063,0.5293091723532253,0.3311669529973095,0.652000145965717,0.6135679007092594,0.5366882094594203
0.15018933105107884,0.4568554371692125,0.8782977612864582,0.002560783012884857,0.6280723483288537,0.4859432538645809,0.42916725210032913,0.36986675068953045,0.5887287360169714,0.23163381526123544,0.8016380136823256,0.19639993124973304,0.41359580983003197,0.2958018512675082,0.5786962239813859,0.336613403514789,0.4334696849460111,0.47024306350417355,0.0,0.6600966416153057,0.15856311113178717,0.5877819460358249,0.3967570844783259,0.058133029964056115,0.4260494164873123,0.4142678176870461,0.5969848757721433,0.6123540282650901,0.38283763226522616,0.3293544284685181,0.2992621732410031,0.0,0.0,0.0,0.0,0.0,0.022643430218073024,0.06879960813964517,0.0,0.0,0.0,0.0,0.3055191814251288,0.08537803992694927,0.0,0.04980126502166024,0.54622104388124,0.7889300677943305,0.0,0.34546297379371044,0.571650000652514,0.33578609727298026,0.3562595511554626,0.5940338277660776,0.04260434017378614,0.7427157459616521,0.07536038202276937,0.5922972427938635,0.07486774163895264,0.6112471735735895,0.3113544220367736,0.04161889585191289,0.5083419194588141,0.9232686429656087,0.734422259613556,0.17396174468018777,0.7050159101190829,0.4435403920362001,0.0,0.49900427716358053,0.4496366349493756,0.6759247824083466,0.46342302121682033,0.31444030066570305,0.07345652899087915,0.130237154223024
0.5899631485251271,0.7530949438472492,0.7385524353899928,0.13021676848990338,0.5851362596324111,0.7594679650001697,0.6696742346792549,0.3819657773110631,0.6994698113141302,0.2734519268127029,0.6188753573253938,0.3895317912677592,0.6945322169948851,0.30083582210554977,0.934190774200685,0.746063737403882,0.7168475253395887,0.7617320175323428,0.6600966416153057,0.0,0.5202569244298885,1.0045499512053784,0.5641562452302966,0.4310581899506612,0.757251928761519,0.5837641295320793,0.794934326806362,0.6456122300623495,0.8160683528877517,0.5872915246970487,0.5559162318206138,0.0,0.18088246469322503,0.03239680818866844,0.3134664785019077,0.0,0.17423171319666977,0.17858475483857114,0.09517616422052558,0.17679447178304103,0.28960229169467366,0.3265526038246786,0.49795911217480987,0.03062933820961014,0.1657533097321367,0.5103201648497177,0.7583226350907065,0.33879270172647513,0.0,0.36838595205333513,0.6359138415572128,0.4804478643477277,0.3874663139772449,0.753841956646773,0.0,0.6037876269014006,0.09771164672971921,0.6717257189216025,0.3839616348841921,0.8822295030975111,0.4669374700725299,0.0,0.34436843217601776,0.5712055729776535,0.9061016508086731,0.5495299373455296,0.9352554705478954,0.5357302933057573,0.3476178619391592,0.5969524807147896,0.44247594300736337,0.726533144886033,0.5099795577127314,0.5632762934694286,0.511557634677713,0.49797138664082585
0.8438207130406574,0.5346856739464194,0.35414689278839356,0.1713843644886174,0.1846827042930337,0.7339284550081346,0.6069602319481344,0.6950483855141522,0.5828237446786753,0.3501665468091628,0.23966821175316827,0.2580009602934951,0.671671087198508,0.0,0.6883637858727817,0.6708498286665445,0.5338348170084086,0.3987701441907257,0.15856311113178717,0.5202569244298885,0.0,0.5939034555975038,0.7611125388301869,0.38830745792685656,0.5795920462849259,0.12126976576171938,0.7274472650694446,0.35527513982491116,0.6994783846911118,0.4900183393392902,0.6585872174202013,0.0,0.3545919164029163,0.0,0.6099679667521208,0.0,0.4402211173026789,0.5555702651845401,0.18664810978067697,0.3493263617246848,0.4614425855154512,0.46560727531406165,0.23157356208966742,0.0,0.510777713141136,0.8300170149377184,0.7302755799299979,0.0,0.17802154097887776,0.5715892373235338,0.25893460478025776,0.7593164979388773,0.7216718040072994,0.6342563426998058,0.0,0.3735361106144842,0.0,0.41147912925392977,0.27195504639258083,0.5318426122929979,0.08555674048220227,0.0,0.09872691365122732,0.12669897500650223,0.37077738070945077,0.9508645596082312,0.4845071779621666,0.6671988757579501,0.2885226168887087,0.1333533270233065,0.013760705800238582,0.2829592472897941,0.18909744056991995,0.18475046569178424,0.5261948770661253,0.4673466582992478
0.684690559349737,0.8492778039593138,0.6656389600803034,0.1382048196489995,0.4725836484250985,0.7760316956360647,0.7221608803788975,0.36524499869585825,0.6370501383166169,0.23693062704603957,0.5274278549982375,0.4123848782212307,0.7263470578594902,0.2496984751215326,0.8946650174729105,0.8287927173451803,0.7840000643649953,0.7862197939535067,0.5877819460358249,1.0045499512053784,0.5939034555975038,0.0,0.5491157335503384,0.5033537571014647,0.8376413440276984,0.6358046646626018,0.7816259528201559,0.5692263387608043,0.8606746554546592,0.6125844963324648,0.5620765481929065,0.0,0.3431633728820155,0.06004079808169216,0.4297375000424865,0.0,0.1950966181122048,0.20188125845288624,0.1928248199792555,0.3155303986265906,0.4167756431795447,0.4062481195054984,0.46166054181639715,0.0,0.22489957289307178,0.6127268752988592,0.7865121949266543,0.17276889767900877,0.0,0.32366072681416164,0.5944738099769966,0.5117895643806352,0.36767598414171077,0.7092004801559446,0.0,0.5124202094762598,0.08882781976279794,0.6289607655670705,0.4209753557992515,0.841705372842099,0.47576576752681404,0.0,0.2705310848031056,0.506494779018205,0.8657738695331264,0.605380237374802,0.918418386850896,0.49201013665364685,0.435236138243025,0.5887866155931792,0.4331166163236731,0.6473753613162344,0.40370206494717165,0.5909484213484221,0.5582328904875187,0.5379519443283868
0.6594739427937354,0.522270540028022,0.6179836551797608,0.12508848962142538,0.3937264019899419,0.8264155465767241,0.6246708095413324,0.9081577471748132,0.7433497562141964,0.5704931316470807,0.4864369968514183,0.4000179110812977,0.6879443681231832,0.11120961194001701,0.6720027847124458,0.574729985335043,0.5510670207556516,0.401088842605092,0.3967570844783259,0.5641562452302966,0.7611125388301869,0.5491157335503384,0.0,0.3043335929738737,0.5440280057272144,0.1859900686641876,0.8236920735523438,0.4787442740628902,0.5620797663266099,0.3695791887326625,0.4962489815326836,0.0,0.13991396544958462,0.0,0.3918018849431428,0.0,0.35544155768431546,0.4890663363867108,0.0,0.11792174326228536,0.19503697020497987,0.26919463685754286,0.15168631807170566,0.0,0.33800340367840037,0.5644371301919411,0.7920305793231833,0.3153663054026573,0.07532316691210889,0.640303322600809,0.5330351794777173,0.7275956613403524,0.8652446679211926,0.7533018435610264,0.0,0.6383630136332021,0.1583978325769626,0.5932381765296788,0.1386162192607818,0.620494802667535,0.0,0.0,0.18406511821988458,0.41824834082731954,0.5270322340982062,0.7576745405044354,0.5691786269927577,0.9332709751795427,0.10904362949001684,0.23707960874766154,0.21067787589894396,0.49656058218670723,0.29027580205465725,0.1346517972393043,0.4061041858764385,0.3158118972844559
0.6080847396501643,0.6324693382471678,0.12319641213390825,0.0,0.0,0.45875003874351566,0.5143555066101481,0.09028427884870605,0.1335057315486622,0.2578836044842528,0.0,0.7316840523635569,0.34655776704014035,0.0,0.37395631828240816,0.6003177175183694,0.6914827422076106,0.5629285385558832,0.058133029964056115,0.4310581899506612,0.38830745792685656,0.5033537571014647,0.3043335929738737,0.0,0.6505595712793957,0.6564056437658466,0.2548759883467779,0.0,0.4710724392195643,0.23602409038946928,0.03791797284902246,0.18163791598382034,0.6704113429138371,0.0,0.641129883113349,0.0,0.0023723741787961133,0.0,0.5818586115062059,0.7148579306058838,0.6776842177025346,0.6808912337343603,0.12691114397842962,0.0,0.2594723516315161,0.614987777764997,0.3418721075524148,0.0,0.0,0.0,0.3550620712821176,0.059202328515257335,0.03456943894069647,0.17856084736942207,0.0,0.0,0.432095624618343,0.21443971598446976,0.2833693481926699,0.4470093670456163,0.3848843552416581,0.0,0.0,0.06703810172347394,0.43795241394291695,0.36195134364699827,0.5038174066055053,0.1962724821584741,0.9227074939774613,0.30514921245755433,0.40219936127579653,0.22720340604615336,0.0,0.5022227241631723,0.7674151242737479,0.6289314677995375
0.7348735290516147,0.9028094046089259,0.5495753798833822,0.07915522984843368,0.342458669400592,0.7686473094434533,0.7501561126800826,0.3437628626487444,0.5176669751865189,0.20851980364091932,0.3634784871593285,0.411294906303029,0.7114937478515472,0.13102975038170556,0.7193741290524128,0.7962850519345905,0.7930922937878436,0.8219975930155388,0.4260494164873123,0.757251928761519,0.5795920462849259,0.8376413440276984,0.5440280057272144,0.6505595712793957,0.0,0.7715428581032571,0.6786596956323097,0.4087183982222252,0.8265663898021565,0.48194848541746926,0.47237724012480997,0.1245024288617854,0.5839171773006797,0.11554234759573606,0.5074713263331044,0.0,0.07054836852453397,0.1513619533490267,0.3187291665022097,0.5082262301932117,0.5814317438439451,0.45382636127577175,0.33919117535675863,0.0,0.21013775282394914,0.6869799239266289,0.7782159996421423,0.05047183997331192,0.0,0.13918544044855347,0.5904665753983562,0.40500519792506817,0.3048499892546134,0.5654199627197936,0.0,0.3214187854769759,0.05172189446580441,0.5299658521223202,0.3400052766621705,0.743431183591675,0.44120049813690065,0.0,0.19385209762994643,0.372311335401214,0.6855132902504837,0.5756143228432113,0.7729352513420056,0.48073146119477794,0.6012809524907161,0.7238337051142807,0.5574716409336145,0.5978981343148547,0.1853092151918634,0.6379064482171306,0.5751588236244689,0.5874685895734121
0.36807534707348377,0.8036110100764285,0.37857077082728036,0.0,0.16842926203024117,0.4729823280535409,0.5048612691420999,0.02114047824778348,0.13759972417880614,0.06781071233063579,0.14683091471092663,0.47971508657292855,0.4192464528618682,0.1970184644864386,0.44191637580600784,0.5281126109658496,0.6685577190683486,0.7760604873500936,0.4142678176870461,0.5837641295320793,0.12126976576171938,0.6358046646626018,0.1859900686641876,0.6564056437658466,0.7715428581032571,0.0,0.3047214682050142,0.18825810873293883,0.5452978450313937,0.32945763825948415,0.10368985499997896,0.35053340525142906,0.5649711027584704,0.16403435851352663,0.26603618161940534,0.0,0.0,0.0,0.4110912426739801,0.4952008026796649,0.4371546731997624,0.2637259258365896,0.2810020139936091,0.0,0.0030934544196694336,0.34371313548893045,0.4225418231756434,0.05221004834491111,0.0,0.0,0.5762042444966322,0.0,-0.02329576680114931,0.19859319236646025,0.0,0.0699552673512551,0.21372722621604923,0.3757427870124091,0.3503252477909567,0.542829460579945,0.4415519957804629,0.0,0.10825291744545551,0.37091903662814346,0.5763957267925947,0.11456176232655993,0.6138721114977665,0.18235778357944102,0.6332169915004742,0.6782846728210516,0.7128391532899246,0.44419844069474285,0.10125828352359606,0.5945552553545065,0.43273557488779746,0.4079217669543621
0.6583163367675557,0.6202511025431228,0.807592197411833,0.15113857667335728,0.6426514426911685,0.8893727193235712,0.7547516153346048,0.6866122144822837,0.8867808618735156,0.396543229915578,0.7350358326825966,0.2729834170518789,0.755953692018134,0.23298800589597954,0.8631506081818959,0.6735214626748114,0.6248605172490973,0.5716549552684849,0.5969848757721433,0.794934326806362,0.7274472650694446,0.7816259528201559,0.8236920735523438,0.2548759883467779,0.6786596956323097,0.3047214682050142,0.0,0.6299134032363611,0.7621791327473466,0.4809839252547078,0.623161615814955,0.0,0.08997088868471981,0.0,0.3530769382601896,0.0,0.32394355770943534,0.3962036057030352,0.0,0.0702158888816448,0.20464096748225347,0.23305925528965363,0.3479703993912425,0.0,0.23889390526401716,0.5423179651156516,0.8789226251195574,0.45208507865407577,0.0,0.6590092539321877,0.607622394367684,0.7592915269820386,0.6984739144273925,0.8927424324061223,0.0,0.7818371086272446,0.0,0.6800715323155626,0.2348940569863227,0.7863950578512126,0.20228686417172947,0.0,0.3205505996933165,0.5518360720614146,0.7264585712497633,0.7459882535963944,0.7524017831164487,0.8130171763213474,0.12777300673756745,0.43773068257076225,0.27779981765313155,0.7482213891468339,0.38174749466711677,0.32765815248242736,0.3611143371334341,0.32907345962480083
0.3264629729372809,0.399705590823585,0.6804985601354521,0.18142052190950309,0.6756175791241471,0.5720677080419547,0.42454666473146313,0.503993656172463,0.7021373798338311,0.32707012101218164,0.6890224041616364,0.02226467322781084,0.6606932604808733,0.24101188186642075,0.6389897749580331,0.39894951473053647,0.3823207839536747,0.4213095608859116,0.6123540282650901,0.6456122300623495,0.35527513982491116,0.5692263387608043,0.4787442740628902,0.0,0.4087183982222252,0.18825810873293883,0.6299134032363611,0.0,0.5091648991833189,0.5798894431800545,0.67139667559174,0.0,0.0,0.1768127267604362,0.0,0.009709549454532396,0.3068267245418534,0.3246419906589823,0.0,0.0,0.0,0.0,0.3932186040664413,0.1502930441200802,0.010597026116850788,0.24685632113088726,0.6082952522542466,0.45252423877183673,0.0,0.6183822098704714,0.45591096622098903,0.5809554195454515,0.5254191618523749,0.7070567390091591,0.1313182649202449,0.7118975156791664,0.0,0.6401272505864819,0.20924954517545005,0.5451631834395161,0.15143567755734616,0.12839470418745638,0.6158296880399821,0.5009819994806369,0.5412822732834222,0.38997662971094776,0.5564559816760867,0.5130209153992131,0.0,0.4236322166861811,0.318720747186321,0.54427100931726,0.6673697060045188,0.17975522775104763,0.0,0.14881841676167054
0.7587975307888994,0.7784135843795701,0.5165083638296468,0.1972087528897474,0.41814585076071903,0.8296918661675725,0.7548009721267457,0.3722449145084877,0.6073507302108297,0.2110790968996389,0.3733602832641801,0.3014384588533929,0.7787808871325923,0.23181182845609527,0.8150357235870644,0.8425917212715481,0.7206184120598398,0.7607741313636414,0.38283763226522616,0.8160683528877517,0.6994783846911118,0.8606746554546592,0.5620797663266099,0.4710724392195643,0.8265663898021565,0.5452978450313937,0.7621791327473466,0.5091648991833189,0.0,0.6526561757228404,0.647874433712482,0.002010312755064858,0.4332125244158537,0.1397347564384974,0.6008141919639189,0.0,0.22237990239940802,0.27285630339132194,0.23191291239425,0.3680375100479318,0.4896766612547112,0.4502584422712053,0.4356622532111989,0.0,0.28713902576590766,0.7178286024272559,0.7901825856845012,0.05841084024560761,0.0,0.3197973538488686,0.5524820621590958,0.5404613707623322,0.40026155089391463,0.6459331139053801,0.0,0.3935286969651536,0.0,0.5754426155628558,0.41148404440601277,0.7315146144052844,0.4612187204866554,0.0,0.24449049545992732,0.3058086161129839,0.6493299326680385,0.6967548898167171,0.7523036242726253,0.5206330578076894,0.43816292944889107,0.5665586642767153,0.3950407008123568,0.5399944928703663,0.3192365491603875,0.5890593232217763,0.5596487340450764,0.5050981194891582
0.5017195108304837,0.45958935509925714,0.3777776555355935,0.11926201873220627,0.2986631401074069,0.5251582797890683,0.449996843013429,0.31101519126249777,0.43883015008096005,0.1287102488679302,0.2777649628545981,0.12122374966301681,0.597698627223225,0.1336498637587714,0.6554506340894469,0.5507457705434394,0.42579367026908277,0.47223207456265287,0.3293544284685181,0.5872915246970487,0.4900183393392902,0.6125844963324648,0.3695791887326625,0.23602409038946928,0.48194848541746926,0.32945763825948415,0.4809839252547078,0.5798894431800545,0.6526561757228404,0.0,0.6340461131457613,0.03781488599200088,0.19978883944505416,0.19834897672247442,0.2720675799669635,0.0,0.21660648256047743,0.35490580778811576,0.1056811736130592,0.17462466030797222,0.3073222133606882,0.15712585279578678,0.2622727014059385,0.0,0.32774113612345707,0.46327461939232906,0.5016755472915508,0.07173017692074846,0.0,0.33265830869874236,0.3349376658081512,0.45386380254697833,0.3676794137307356,0.4652495619548981,0.0,0.3006533013730551,0.0,0.4905580418433595,0.27023396460750027,0.5668492707870176,0.34142520518936664,0.0,0.3654085460176783,0.2637242844267627,0.5056963239036552,0.49959102855870985,0.5630595441000927,0.3578157803682486,0.20059118570203685,0.42581673810874265,0.3289206801152432,0.33965117276342,0.43361562538656623,0.3893054858555447,0.3856477855357418,0.39813166656879817
