0.0,0.5476330681719865,0.34015759408043017,0.23489113559478342,0.4315339712883187,0.46241137995460957,0.4181010382651402,0.506041808980281,0.3530570563845302,0.44352303523196324,0.36646030477807046,0.353445424973988,0.32129483574635553,0.29439904967241975,0.5271366549283374,0.6291014839116718,0.3788588202314411,0.5596353778533771,0.413738532499903,0.5651377076427275,0.7756668461955525,0.6727939470158183,0.5812566247655533,0.5702287175971356,0.6241904255873697,0.6456948046159828,0.3893766625427991,0.5261187994934557,0.6983627232985739,0.6541441297856466,0.698682960394966,0.41332381109161553,0.599392113280439,0.5526776529667218,0.4649837791383422,0.2759197030935285,0.08012210596422484,0.4192491168616649,0.3785647620290329,0.5888013164516447,0.4813192998443297,0.20409340597119635,0.03654928603260113,0.0,0.436759688412233,0.8241407904704342,0.5044032998939787,0.2766218873662032,0.3589841224381429,0.28795634907889783,0.4328559564736484,0.16652280856268412,0.5265445071306885,0.32059081378588145,0.3823517060128838,0.26278620032096434,0.3619311669908694,0.26616159450049975,0.30459096371590255,0.5680459041690233,0.6373577283217609,0.23112094521340446,0.515162588511234,0.356840559826007,0.5379276149465759,0.7495824923270664,0.6503178087027939,0.5058914100661608,0.6029235195501113,0.4764950437931633,0.6325425201762951,0.22215237879843963,0.48964259185770137,0.6080804764407218,0.49813508356084624,0.6167287301705621
0.5476330681719865,0.0,0.5448355547259583,0.3328172468744445,0.6748956331850422,0.8324963638112369,0.6593258851633454,0.7064163720358975,0.6152141535316049,0.7226025829521376,0.5863772112507861,0.6827801056845837,0.7704439332668322,0.3270870559270214,0.5354956355959355,0.6906026369650771,0.7160109889732014,0.7796929377037539,0.5962696343839168,0.7376519649137689,0.6535561244640784,0.8119669859224203,0.6986516565405014,0.5319211636740369,0.836724273182813,0.8920855117312645,0.6337861228559668,0.6773592007856313,0.7576946805445472,0.6119395178494321,0.46864596096847455,0.4526455293513221,0.5953321497625077,0.4637456656286568,0.33593300515474955,0.2574429094005115,0.024034813215204814,0.2752170774805342,0.36109070055526815,0.5139617738888853,0.3930929608745533,0.12770202929763236,0.16818166944661925,0.10918936633653734,0.5453504397846773,0.5028525349562629,0.8837465877689052,0.45857462512206804,0.4607733726185685,0.5901742942809637,0.759316456009818,0.4829389899179309,0.7182804724250323,0.5715724371238178,0.6385160125549654,0.5390126096483733,0.6985400636037773,0.6359269110711103,0.3769760346561365,0.5323044164335188,0.6712830683076421,0.5709029415619506,0.6516052929547134,0.4996626068061878,0.7365515868691096,0.6567677146633207,0.786589692928805,0.6553025186235786,0.472615392683282,0.8148414286804506,0.8447052127278781,0.5488058791134173,0.6399920442032159,0.6882948177754885,0.5375670256492422,0.5190382137730696
0.34015759408043017,0.5448355547259583,0.0,0.0,0.7124597802743505,0.6542373005434162,0.3449280647645816,0.6925616359694777,0.6989367068663082,0.5245525405327501,0.9329796307916481,0.5638510667972392,0.44557026981082926,0.14005617408649,0.5987275066736917,0.3315190239089007,0.46258474865419363,0.496425475028788,0.9270259578457625,0.6898196438256872,0.46683117509023864,0.5598875454946567,0.7808270996131953,0.3456950969803376,0.5381173847037009,0.6152625932373472,0.6758085952608952,0.4273625590863933,0.4205402583932038,0.4767583423951618,0.22896327138652964,0.003979561212027152,0.3480372424864884,0.15131348859135604,0.29805522438462645,0.049267293001597934,0.0,0.08517640277378345,0.0,0.2689799338872458,0.02511501486501687,0.10064945578747497,0.10186375876552223,0.1385521740919202,0.30075904081542804,0.30250452246683823,0.5775659608418858,0.8692720675554002,0.33777244000225826,0.6880254393619587,0.6971068435060996,0.5069912239152468,0.6418622309815474,0.7522557698125327,0.4443865440498315,0.8542282335356032,0.5205892604187083,0.4876238323792612,0.14243561608163433,0.6338604587633371,0.434703646766818,0.40489830932858983,0.4335790254436616,0.8591799838671009,0.7487705852343612,0.4755082533515427,0.682750110138833,0.7976591091431708,0.33840814495717775,0.5836035468945732,0.5979344317357255,0.6800292826094108,0.6315096107841622,0.39581428710861355,0.2783584591958457,0.25951272333054015
0.23489113559478342,0.3328172468744445,0.0,0.0,0.23255935148661966,0.31588802120114035,0.4786940992429781,0.11759975025998635,0.2441399601749204,0.3785595547915439,0.0,0.18682932981503902,0.3225972544650497,0.3598031850478702,0.0,0.3433707564623031,0.3678668440348001,0.25935656473085,0.0,0.17948133748964787,0.3117887418623325,0.2564837930366923,0.1281349397732861,0.20422849287505862,0.30718416784592006,0.24830521664405114,0.23980135543881012,0.372434987403476,0.3856338058754072,0.365651534570014,0.37271056917171363,0.45894870733076004,0.33717224724529327,0.34474210167373603,0.06286370199736857,0.4111489223320479,0.09957477615280173,0.21075531941897857,0.4399478436541805,0.3360711251611695,0.36839331413697884,0.0,0.18572050615323327,0.1379999439511373,0.1752316830442217,0.3269531026034519,0.3043665348413762,0.0,0.36800102978379656,0.21151268902092427,0.1876263976216515,0.19449194334765174,0.18096379631384488,0.13502817796708555,0.357146676134722,0.0,0.24605293963775055,0.1836475025370995,0.34488209520420476,0.0,0.2459691279124814,0.2075647045955617,0.2785116146020418,0.0,0.09554939168081894,0.22743050875956833,0.18048173980528526,0.04887086037357352,0.2470875734597895,0.23973408783009925,0.2353549146674392,0.12318623789004648,0.17895481974672967,0.26574529056069895,0.2398618306376175,0.4109628328700395
0.4315339712883187,0.6748956331850422,0.7124597802743505,0.23255935148661966,0.0,0.7543004508592539,0.6466802408650881,0.5806049058444189,0.8595928268622868,0.7944859854226038,0.7608527314218251,0.7560745961585235,0.6979272607424591,0.3763403330247327,0.5167873644120533,0.6107884795202508,0.7278967250368013,0.7246116406337022,0.6870834465705713,0.778416903260948,0.5226579331080287,0.7402956650526882,0.6273101701179726,0.3663093643494527,0.6125597431281994,0.6831694225578135,0.7381698403122428,0.7192580643101736,0.6900394421716072,0.6519703174412365,0.4838945577270445,0.35421157578177237,0.5620203291833973,0.4289868740117685,0.44762284591998813,0.3407988548134439,0.0984921206681437,0.308711313329051,0.22883758471070248,0.4147881263821108,0.22514375684074223,0.05602489321273311,0.37751732658106507,0.3609472684504442,0.529286581044814,0.47468064553758826,0.7375569220770547,0.55854964452478,0.4830241463401159,0.8984352887162201,0.7337067065371994,0.6508739588534251,0.6367058323059278,0.7947524783901022,0.7278477071613279,0.6543824803544968,0.6803032792842152,0.6775237048755872,0.48744041275558003,0.5086058023293195,0.6266099573883339,0.6155943009877558,0.7167055629327677,0.5793450469980126,0.7726774919387012,0.48328932255141405,0.7802852457434098,0.6573654911839644,0.39707873941394867,0.6848834716465355,0.649367419862458,0.642802183134117,0.8288007192099376,0.6187623463658214,0.37899199990045457,0.4703022369736004
0.46241137995460957,0.8324963638112369,0.6542373005434162,0.31588802120114035,0.7543004508592539,0.0,0.6394186047433863,0.7239999208331224,0.7968467878656823,0.734449452600729,0.6629739934640021,0.7236734456434177,0.8185502281727564,0.3636217690824959,0.5034973467955153,0.5769951774359416,0.712038013959313,0.6947265883411153,0.6803968581354508,0.7767920510951067,0.6178168032349974,0.7306871549646194,0.76929511831632,0.45540686883613735,0.7513311623274008,0.7841746525726712,0.7681043337430363,0.669152201165958,0.7396664326623004,0.6339489185836006,0.3806463167827939,0.3950681004301272,0.5222000038252498,0.3657621846841644,0.30038688082094406,0.2315782502571523,0.0,0.290032026214618,0.2980216724710523,0.5011483970943469,0.2776076199156786,0.01144943094354606,0.2160934277095592,0.1704028508750648,0.5135261932214297,0.47770070154165745,0.8631478774545002,0.5924328718330344,0.5720592104171361,0.7239441235926829,0.8984274139709532,0.6105595323151911,0.7610866843198107,0.7585907865168415,0.6818611194555277,0.6232581891665436,0.7607501168792168,0.7116467426673968,0.42073386795415224,0.47758022512281767,0.598507368078898,0.5845221296524921,0.6237302846612935,0.5831084988001727,0.7280874628859031,0.5572844576806815,0.7678166402099817,0.7184002710972668,0.4399788182911179,0.7741093962410118,0.7929208918616599,0.6356349432452952,0.7028909992502076,0.6271308617920968,0.43375685203516445,0.4452832196610513
0.4181010382651402,0.6593258851633454,0.3449280647645816,0.4786940992429781,0.6466802408650881,0.6394186047433863,0.0,0.3900733579015896,0.6421160423365878,0.6244081610243795,0.38814662243448644,0.3955751886773783,0.7667318011968649,0.19390129807682244,0.3315041180860295,0.5121520055830622,0.56154045967642,0.5431610190920299,0.3761308783647358,0.49335284557707854,0.4903042041444988,0.5381121793920443,0.4605997892156541,0.29059130790071475,0.6596084617264999,0.5750133336037239,0.564402990556103,0.5196293386081232,0.5728866914909756,0.46223732018553226,0.37296302047242474,0.3618362832544779,0.4796776679170015,0.3512551653191964,0.18602477545680562,0.20068600285007596,0.0,0.3679867047338059,0.3221865954795723,0.4402354917574148,0.35451177169303216,0.06357722877914378,0.07326595311713242,0.06789989478831077,0.4906967342534948,0.4410193995403124,0.5967025392945706,0.3646573575695409,0.47810409907784446,0.5328786347303078,0.5331670518501379,0.6169773788601252,0.4926675291108007,0.5644941061757686,0.5571079371528984,0.40419875321161897,0.4755534838922727,0.5989240099574443,0.30471347994099374,0.32891638247788,0.4140479837873335,0.3346531007998891,0.4859816638496507,0.3129627162267637,0.42084102082739305,0.48951056373018853,0.4893920765859884,0.43220406072227474,0.31197269403108574,0.6282843481247835,0.5956941177072677,0.47912429795832145,0.5080754843326699,0.45744698876009815,0.29029830857440464,0.34841258267030517
0.506041808980281,0.7064163720358975,0.6925616359694777,0.11759975025998635,0.5806049058444189,0.7239999208331224,0.3900733579015896,0.0,0.5290521451306998,0.524582061874192,0.7188059283221601,0.6168386739480567,0.5795717005238106,0.2112201667962896,0.7025782920072345,0.5077257868368772,0.48289062578130126,0.6384227438211232,0.7356894734305612,0.6604008515508686,0.7065589062426607,0.6023421656007959,0.8493142597161277,0.5414924487069637,0.6787855096714682,0.7886754362728254,0.5619917038474531,0.5308311048152559,0.5261730061661343,0.5472177394097792,0.4148648613162635,0.2308046385232455,0.4020487935309187,0.29724879640372304,0.3611973336206983,0.05140942505978674,0.0,0.24182624434216815,0.14457204226597614,0.3697998645928372,0.12847602856979948,0.16679546943375176,0.0,0.0,0.3349672629141437,0.39259295856508125,0.6657329917094925,0.6757731095078368,0.28680510561766615,0.544930252070436,0.7234578493020642,0.3838234325163198,0.8490086205245054,0.5837192876603867,0.39754257010157945,0.6920390818614657,0.5792107644683778,0.531994103520149,0.17514140752092072,0.6780965625467866,0.5667261882021789,0.41410630328152503,0.5000105093812434,0.7463444901145457,0.6797403138762881,0.6859715378070195,0.6937677524326615,0.8059585916122687,0.44145483966582305,0.6742456903298166,0.7520747042344824,0.49840251643021616,0.6085959418331027,0.48958180927442385,0.4338293249514253,0.34231766755342546
0.3530570563845302,0.6152141535316049,0.6989367068663082,0.2441399601749204,0.8595928268622868,0.7968467878656823,0.6421160423365878,0.5290521451306998,0.0,0.7455222107322421,0.7173658692775066,0.6610597274009937,0.6559952252160824,0.21421774825114642,0.45477634150268176,0.4016509463493074,0.6532114583755364,0.5426623652606052,0.6558152828860384,0.782066457808509,0.4767447795825386,0.6708052725198275,0.6436945561466089,0.2551396939468705,0.5870939365261627,0.5864083887273459,0.8359296926994291,0.5871364387761819,0.5901623293570559,0.5782027002642484,0.32328447292976603,0.28460625646775234,0.48244584914820254,0.32327516903688486,0.3518134181231698,0.19898646496942785,0.0,0.295840493513171,0.18554455773177608,0.392988136305064,0.17663431528713414,0.0,0.29578173272662134,0.30938782987913005,0.5421881869363302,0.3848609359447107,0.7574970281901686,0.5939560556392192,0.5336171208983382,0.8796467720096695,0.71462690364691,0.7743174891549489,0.6248508665938926,0.9407111945252625,0.712177750470957,0.6761773215856302,0.6334146165904537,0.6242241164489964,0.41552785032548256,0.3986130651526143,0.4388114694052364,0.5082917872665507,0.5053539284649564,0.5274255355420521,0.7085245359899592,0.4284648572493758,0.702039491694862,0.6509206976425417,0.3463569585318942,0.7019708832127558,0.6319570628036764,0.7637063948040616,0.6875153120799815,0.4604482538848388,0.292921198564061,0.36405613699616957
0.44352303523196324,0.7226025829521376,0.5245525405327501,0.3785595547915439,0.7944859854226038,0.734449452600729,0.6244081610243795,0.524582061874192,0.7455222107322421,0.0,0.5530480368382862,0.8127708010877154,0.659154264750986,0.3168174283102548,0.3571297825265408,0.6134374950372138,0.8521644537722225,0.7217900157285745,0.4777406762174743,0.6384043999033144,0.5347322992209089,0.6344133549848362,0.5801215761590182,0.3996042449229041,0.7292876725250457,0.706762859691376,0.6953879525215461,0.6392071288870422,0.657251420763779,0.638173660102552,0.48160997453535004,0.4659917328210408,0.6827878983237026,0.49603990212320054,0.5027995511585415,0.4110831257216886,0.012470557566256979,0.38263567518396036,0.3562644002098353,0.5898881100180284,0.2614447163348511,0.0,0.3654186770081016,0.33953997104112693,0.5724861108517421,0.463801186049558,0.7823769830543437,0.4150958453582524,0.5570005892125328,0.7481040575749383,0.6172595922811577,0.6600094395093394,0.6030920240138004,0.67158182073109,0.9125812334555736,0.49002423151205254,0.7259939244585516,0.6491493512718464,0.5032542324455784,0.3437202629268857,0.5717976023865758,0.7258567559533524,0.6508126243445459,0.40032152433453516,0.6143803305824063,0.5202568773339099,0.6604504000881671,0.5862776683781068,0.4590180365648494,0.7426170457090769,0.6940318063779158,0.5807466390502147,0.6535450029581551,0.5831910927644101,0.3482953494696306,0.499493236705832
0.36646030477807046,0.5863772112507861,0.9329796307916481,0.0,0.7608527314218251,0.6629739934640021,0.38814662243448644,0.7188059283221601,0.7173658692775066,0.5530480368382862,0.0,0.6415420240229508,0.5071881084557605,0.15553794667966392,0.6860278478440593,0.38766073689459435,0.4811956810614003,0.5725073303743319,0.9415909152797698,0.7195723663870619,0.5088563178915393,0.6226416553456704,0.7786942545906981,0.34796263362391977,0.5668469581574145,0.6333081629472167,0.6374329242513246,0.49627059524137657,0.443751322017561,0.5174732810820951,0.29716597094113184,0.06490437439066302,0.36068477895142537,0.20973839300327218,0.3571726454354682,0.053622748794460565,0.0,0.1287079434388804,0.0,0.27384702000360467,0.009449219284063115,0.11885552914983999,0.05884096485768789,0.07473360107698852,0.3189002704501944,0.29939319567964284,0.6101870240274461,0.8426843709821313,0.3026582392367796,0.7151642378332701,0.7185930251991621,0.5271164847269303,0.6768911879091968,0.7587393161307467,0.4403837593323964,0.9225505281987767,0.573723228628117,0.5194761871457304,0.18097907893661289,0.6776241713033708,0.46328987505860486,0.4073620858894947,0.4836304809451558,0.8894468052873397,0.7771213328867199,0.5293980125158922,0.7265858292073543,0.8356217631336224,0.35545346405224615,0.6466932405914163,0.6427360729239622,0.6298575259917174,0.6827024756944129,0.432355942463158,0.28976107402684775,0.25956779344149383
0.353445424973988,0.6827801056845837,0.5638510667972392,0.18682932981503902,0.7560745961585235,0.7236734456434177,0.3955751886773783,0.6168386739480567,0.6610597274009937,0.8127708010877154,0.6415420240229508,0.0,0.6655951573853508,0.3452119538824916,0.463337611766779,0.5396391016092916,0.7644483288613513,0.689890083863316,0.5644274697775586,0.6780701752064423,0.42062885225038044,0.6529315032193137,0.5797350732669018,0.4829894831206188,0.5138739755998033,0.735270659444155,0.5635730263222181,0.7145281127130825,0.5972840734649203,0.6370511802801491,0.40518089138162794,0.3671615911756392,0.5656332185794274,0.4796823273822893,0.5693173596647134,0.3391489957128055,0.04521688923138237,0.20643219565882273,0.20335577276858013,0.43276507103162,0.14463697067364145,0.014553043839145685,0.45633336477283565,0.3703126112378309,0.5127251460216983,0.35489147664592247,0.7421882535676726,0.4745529478348269,0.4216713308518421,0.7579940809724128,0.6814951327680364,0.553481056799443,0.6126564053246206,0.6090686375916737,0.7740763471075973,0.5225592617294605,0.7988632667191793,0.724532988462812,0.4672012942873598,0.43821826016791127,0.5703337085313291,0.7841053247275369,0.6550823430109023,0.5077884738807529,0.6813867575712866,0.3931267042361362,0.6965756671504129,0.6111752492864292,0.48965836109270044,0.6626355254947951,0.7135965667172293,0.4603088082949979,0.7904075632279459,0.5055261718762227,0.37941783414177177,0.41583312444094006
0.32129483574635553,0.7704439332668322,0.44557026981082926,0.3225972544650497,0.6979272607424591,0.8185502281727564,0.7667318011968649,0.5795717005238106,0.6559952252160824,0.659154264750986,0.5071881084557605,0.6655951573853508,0.0,0.27640729960590465,0.4376548478051886,0.5188158304442753,0.7100233665677428,0.7074875115529733,0.4942331313584786,0.6437863569909709,0.4434670676668849,0.6379722031483803,0.5512776529458407,0.40627278363777836,0.6577270642709747,0.7156009337885478,0.6097012133834266,0.729588881700851,0.6546126712328026,0.5482879500505398,0.3239638811430571,0.383595675332428,0.4841978404648558,0.33800576437030283,0.25571725282422747,0.22446077326147024,0.0,0.2412720812839776,0.29906788926594213,0.45535842346006594,0.30944772722086017,0.07286925317354881,0.253005910644351,0.19236748166622408,0.5783983405412131,0.3470686743857391,0.7330672696921035,0.43179775139318777,0.5492704892660957,0.641005028956284,0.6885424994367385,0.6616915366499787,0.628794719911202,0.6041826960438725,0.6477015331929237,0.48987065237481836,0.66723517877827,0.8370905414397357,0.41747909602847333,0.3958110029009793,0.5044164155184371,0.6140850961819402,0.6282554931379315,0.4080594526699145,0.5919101103215074,0.4479160525965864,0.6215487078590205,0.512947771179825,0.33592427385193774,0.7117400965891629,0.6971790089187437,0.5316764114579264,0.7029562210377824,0.5491430597734148,0.42292293759140503,0.39293962105653896
0.29439904967241975,0.3270870559270214,0.14005617408649,0.3598031850478702,0.3763403330247327,0.3636217690824959,0.19390129807682244,0.2112201667962896,0.21421774825114642,0.3168174283102548,0.15553794667966392,0.3452119538824916,0.27640729960590465,0.0,0.0,0.5501176870303893,0.35842496481138747,0.34797976387386587,0.13172723101994802,0.3159565450007019,0.23828711612049058,0.4278256267481098,0.13387835181053181,0.4210309562136063,0.15004994944517608,0.37264792844240796,0.2518976828116081,0.5075008553810914,0.5156990963854354,0.4104654065570277,0.5624638120012567,0.4810995496993984,0.3353329348575269,0.3926367303815715,0.23574301970347689,0.6022284312185849,0.19878265486313854,0.1920572862178094,0.4306518496723203,0.29200748968964313,0.38422807272771686,0.021243694091478874,0.4400892427468922,0.3645075993790241,0.19694395441809953,0.4852805072322114,0.3587630334926887,0.0,0.27453526871259726,0.3050664691716718,0.3090690937205878,0.01925620781862178,0.1900736556998662,0.09758746065477862,0.38932758383001076,0.0,0.4096755750095017,0.21452175227809828,0.6558785564229623,0.05403281151815933,0.4391647274739466,0.3251117880815146,0.37807051395982794,0.07281394414879218,0.29742883108455026,0.1809609183515153,0.3380749479623417,0.09219538740133455,0.4132218954501622,0.1308046354134445,0.2727866175675319,0.1372782709839944,0.38870629252643485,0.4177042949462843,0.3623440190934682,0.5836811295708195
0.5271366549283374,0.5354956355959355,0.5987275066736917,0.0,0.5167873644120533,0.5034973467955153,0.3315041180860295,0.7025782920072345,0.45477634150268176,0.3571297825265408,0.6860278478440593,0.463337611766779,0.4376548478051886,0.0,0.0,0.3353175508016065,0.3009279873834921,0.5429540289718313,0.6966988007138786,0.6736519491898233,0.6341710513294435,0.6272464313095455,0.7107182067903075,0.3549442098920901,0.5770175650863496,0.6113937226448949,0.46289572118663935,0.470430419447472,0.468516507057217,0.4239575010350439,0.3264333620439802,0.0,0.23602284930197232,0.22937391655241146,0.3775511550862391,0.0,0.007333853298236798,0.13749456805824484,0.0,0.19731721078658335,0.0,0.140187808554461,0.0,0.0,0.34436067060847086,0.3768779184012806,0.5341257390924824,0.6491662360348487,0.2141153865217058,0.5021387332995807,0.5913333342106296,0.36311912793684487,0.696095698613665,0.5423150698148702,0.2535732092950325,0.6684911856181588,0.3540991002137589,0.46445964361082925,0.03496146692867132,0.9064401828584105,0.49618474357649933,0.32823480153000983,0.4666482056678454,0.7134417402661795,0.7279275655606918,0.7032763817714993,0.7417126499175791,0.7497614518374656,0.34440394234652694,0.6494151217284256,0.6430287943543591,0.3840397498384146,0.5753837424516184,0.45492449624975917,0.3091199581682636,0.1946850039388684
0.6291014839116718,0.6906026369650771,0.3315190239089007,0.3433707564623031,0.6107884795202508,0.5769951774359416,0.5121520055830622,0.5077257868368772,0.4016509463493074,0.6134374950372138,0.38766073689459435,0.5396391016092916,0.5188158304442753,0.5501176870303893,0.3353175508016065,0.0,0.6976914122042058,0.7991327256831946,0.3994948186578975,0.596053111728444,0.5903816091988003,0.7481228124267534,0.44624688247983046,0.5707397813779056,0.5782345101349897,0.714045418934781,0.49378040640658816,0.6535542902296123,0.79054438087946,0.6928416356239661,0.7531852239506203,0.5206764697520829,0.6898149467335561,0.624993639767516,0.42096927854256355,0.4305291859911218,0.17058590745797,0.3451971580142638,0.4591731779613437,0.5363040286582401,0.5420458471320438,0.2258266276948578,0.3406049883384633,0.24856187440679994,0.409962883187582,0.6845109342670037,0.6279796365755015,0.11152856495413761,0.4787333287046357,0.4360021115511521,0.4527483272627688,0.17135287327319104,0.4268572814373683,0.2978847598335689,0.6008506415271024,0.19436370927394883,0.5667724132375727,0.40932651283258664,0.5549061965034213,0.417474260211438,0.8266788160583224,0.5315591645238299,0.7141595339247552,0.3105386664937256,0.5623798962822335,0.5545783566871303,0.6836782610354982,0.39641885496330964,0.5048659562773024,0.4675601664876356,0.5820875635611882,0.30839706152159635,0.5549271489996671,0.6872000129560761,0.5473608645411123,0.7026346586023213
0.3788588202314411,0.7160109889732014,0.46258474865419363,0.3678668440348001,0.7278967250368013,0.712038013959313,0.56154045967642,0.48289062578130126,0.6532114583755364,0.8521644537722225,0.4811956810614003,0.7644483288613513,0.7100233665677428,0.35842496481138747,0.3009279873834921,0.6976914122042058,0.0,0.8156460786158258,0.42417035681187554,0.6075828464269146,0.43899465353695,0.6472895394754318,0.45698633780078796,0.46574594318816437,0.657007507342869,0.7115969491336207,0.6255764050520656,0.6750768828837558,0.6812417455010099,0.5622815314649652,0.4258009674935601,0.44678945867963327,0.6161056291765246,0.4243930863624794,0.4616064444470707,0.3934645530790925,0.06266267060200834,0.32079180899951937,0.34977767742387655,0.5422004025153171,0.33076790877004103,0.016963607100052028,0.486956754121106,0.41093862579401275,0.4959340648895699,0.4561193764312137,0.7752949873302672,0.2786387330179615,0.5871203413593374,0.7101954597005682,0.6124256975133058,0.5471258183453387,0.5082748497420415,0.5840623901651201,0.8453783196642977,0.37112415705988944,0.7281578487307871,0.68903887029377,0.5827320733250334,0.3576613244965091,0.6056945535132189,0.8261376015512346,0.654867299752188,0.3142194757061506,0.5869670131993507,0.4111394851805513,0.6485532498609459,0.45349138150473417,0.4234511996091813,0.647791977463839,0.6598462351924261,0.49253524120514197,0.6489682252803985,0.6081834312850538,0.3574080676227141,0.5345654273342813
0.5596353778533771,0.7796929377037539,0.496425475028788,0.25935656473085,0.7246116406337022,0.6947265883411153,0.5431610190920299,0.6384227438211232,0.5426623652606052,0.7217900157285745,0.5725073303743319,0.689890083863316,0.7074875115529733,0.34797976387386587,0.5429540289718313,0.7991327256831946,0.8156460786158258,0.0,0.5487756038105894,0.6913038076512484,0.596683435765641,0.7533015351774264,0.571499765364077,0.5359122932205436,0.7245464706843767,0.8036101531239761,0.5585971022847813,0.7194342765508885,0.7806558647126467,0.6380379768577924,0.5544024423203824,0.3628208658629547,0.6517503651961944,0.5038038732229041,0.4090153459979956,0.3307551404810149,0.1297345566846537,0.30828585713992,0.2571639128506353,0.5173459522614473,0.35206940362413436,0.20725671613186092,0.3748773900221482,0.24317904641769933,0.44224765720511394,0.5705943699784892,0.7373256497989472,0.3406567796309251,0.48942475634048627,0.6046727902883697,0.6381378403964733,0.4253847940570803,0.6184408156388908,0.48235758404295814,0.6831120322670192,0.41568866855104364,0.6353774620516004,0.6637128760994583,0.42866555312384796,0.5776660039485371,0.7861843745510328,0.6897497704336013,0.809232700416314,0.4746316469765808,0.6927189332450814,0.5978520939369034,0.7358036082022956,0.5694994442140389,0.4591361275113864,0.6822114676764013,0.7096693445120895,0.4281709738512869,0.7180936115495635,0.7220325516009045,0.4512455888219745,0.5667986186330495
0.413738532499903,0.5962696343839168,0.9270259578457625,0.0,0.6870834465705713,0.6803968581354508,0.3761308783647358,0.7356894734305612,0.6558152828860384,0.4777406762174743,0.9415909152797698,0.5644274697775586,0.4942331313584786,0.13172723101994802,0.6966988007138786,0.3994948186578975,0.42417035681187554,0.5487756038105894,0.0,0.7244398149392732,0.5095346922922759,0.6293246620296858,0.8252725046861085,0.4238263891690416,0.5520011892287364,0.6696735814481967,0.6129277049932589,0.5144934294815243,0.4900709418503047,0.5454983529504568,0.3220323038030428,0.05062225779178223,0.32202578897965983,0.23698758288807276,0.38249917521773613,0.030136628658960843,0.0,0.1626944250562278,0.0,0.26383706471390184,0.058355304204270805,0.12690624700279196,0.05735912049593231,0.09264497500857813,0.3005471988102242,0.31263111295159063,0.605340230229032,0.8200622574950247,0.32129069687894396,0.6097785769275441,0.7282047845973502,0.45177027499565964,0.6960965828485398,0.6896077800686575,0.4113637562454054,0.830191317330495,0.5269948005422835,0.5691060182487162,0.13650834635181017,0.6991521472949241,0.5088134818469661,0.41383514019199175,0.5163593854255379,0.9437470324014245,0.759349410953726,0.5291846630250077,0.7434905427749039,0.8601136441266246,0.40291315828964314,0.6453841999462044,0.6767065745496326,0.5934266876068037,0.7020425986343752,0.47221528410614233,0.3705669693432808,0.31446028441615426
0.5651377076427275,0.7376519649137689,0.6898196438256872,0.17948133748964787,0.778416903260948,0.7767920510951067,0.49335284557707854,0.6604008515508686,0.782066457808509,0.6384043999033144,0.7195723663870619,0.6780701752064423,0.6437863569909709,0.3159565450007019,0.6736519491898233,0.596053111728444,0.6075828464269146,0.6913038076512484,0.7244398149392732,0.0,0.6081658283479883,0.9569135339923066,0.71336027984435,0.4507093041120813,0.6478038256652259,0.7734036690432775,0.7945851936944607,0.7579931391502712,0.7398968488817012,0.7078398522001903,0.5373432665391475,0.3594695550314189,0.454276025742168,0.41897282647172146,0.4532847299082565,0.2564241873345163,0.08843138562648149,0.28226464241828164,0.2402472034247623,0.3520228670889842,0.26178976081806427,0.10929823774240324,0.29857837211568106,0.20066590136678292,0.617146236934173,0.5421836279259604,0.7942761819438833,0.5984168275446996,0.447043645625703,0.7450116369684001,0.7429117044128896,0.5285215228735612,0.6899818999265822,0.7416331777485098,0.6383369826099645,0.6386184561029646,0.642280971498608,0.6108105231634752,0.4084652164657021,0.6521580171706889,0.6623220233408402,0.5469976713858131,0.6615454561111743,0.6288924583565967,0.9473210547821193,0.5949508435863933,0.9342139981921029,0.683948758406353,0.42805519523887103,0.758980925072281,0.761192893248452,0.692077333012655,0.8060672431035152,0.6795618812248746,0.5483974984254963,0.5504183508656508
0.7756668461955525,0.6535561244640784,0.46683117509023864,0.3117887418623325,0.5226579331080287,0.6178168032349974,0.4903042041444988,0.7065589062426607,0.4767447795825386,0.5347322992209089,0.5088563178915393,0.42062885225038044,0.4434670676668849,0.23828711612049058,0.6341710513294435,0.5903816091988003,0.43899465353695,0.596683435765641,0.5095346922922759,0.6081658283479883,0.0,0.6701849914740508,0.726570494919156,0.5149986985238826,0.7457071290722918,0.7075520175163421,0.535468547154706,0.5066700332843607,0.7105212447852094,0.6543695194996362,0.6126088553006517,0.4156038555923104,0.5672808418878315,0.5179972595377199,0.40681241297282283,0.1898582333617195,0.0,0.37032197203155415,0.3466380654572164,0.5238519645390239,0.33604389805960666,0.17417293013642576,0.0,0.0,0.38992913734750784,0.6524969680829491,0.653775088318872,0.42108378522711837,0.36392485645507877,0.4243105662177691,0.5678304889809451,0.2949112844901402,0.7244918858926059,0.464272485228153,0.4754719300863852,0.45935213837586286,0.4386652501782423,0.3483376938330268,0.2546351520211057,0.6026225033471836,0.6387270969478493,0.2932815892386881,0.557897477736558,0.49677048316543115,0.5762802803150278,0.8648627065111798,0.696991022904356,0.6484274598554444,0.489053493222982,0.6560049343898615,0.7140820636798526,0.3630684647368862,0.48857148773952314,0.6432882624483007,0.46745358258937175,0.5329470995390803
0.6727939470158183,0.8119669859224203,0.5598875454946567,0.2564837930366923,0.7402956650526882,0.7306871549646194,0.5381121793920443,0.6023421656007959,0.6708052725198275,0.6344133549848362,0.6226416553456704,0.6529315032193137,0.6379722031483803,0.4278256267481098,0.6272464313095455,0.7481228124267534,0.6472895394754318,0.7533015351774264,0.6293246620296858,0.9569135339923066,0.6701849914740508,0.0,0.6528444568014327,0.5273702966709151,0.6568686978365488,0.8228572955076534,0.7114793430261871,0.8117062841378915,0.8393228941531586,0.7617821939576598,0.6710872284145071,0.46638770359224885,0.5616564922879882,0.5345823981450222,0.5002383486595765,0.3563382285088609,0.14114726551981138,0.3033788235117972,0.34060087652161763,0.45057052149068455,0.40959045601907007,0.16755085169696085,0.34968948832850866,0.1978347899624529,0.5828823252142539,0.6632806399035666,0.8334594944622649,0.4165725842030007,0.47902704505275623,0.6691962884246769,0.6802582940761084,0.43310917958699197,0.6182495459860865,0.5958501007304353,0.6592931299598994,0.486915816948729,0.6340855451118039,0.5645032392419439,0.5205551307593266,0.6327040294372119,0.7693097007456284,0.566760124129803,0.7353706463824135,0.5390351658010665,0.9145620219072358,0.6456461107193614,0.9582116672245145,0.5950552958134765,0.5122304825217234,0.7301443210649512,0.7712894519001825,0.5640480841097579,0.7986443271794195,0.7888350461478655,0.6216845497089076,0.69341768315065
0.5812566247655533,0.6986516565405014,0.7808270996131953,0.1281349397732861,0.6273101701179726,0.76929511831632,0.4605997892156541,0.8493142597161277,0.6436945561466089,0.5801215761590182,0.7786942545906981,0.5797350732669018,0.5512776529458407,0.13387835181053181,0.7107182067903075,0.44624688247983046,0.45698633780078796,0.571499765364077,0.8252725046861085,0.71336027984435,0.726570494919156,0.6528444568014327,0.0,0.47094077601258366,0.7481515990694272,0.7657452573528132,0.6320479834251315,0.5024064357445646,0.592788870018153,0.604689927362764,0.4070860967663887,0.18796393909229697,0.43657554014070704,0.2912601672127467,0.39318794824385894,0.026893100580771157,0.0,0.24634357643601038,0.11484678419069429,0.4204094847284724,0.14567302876118574,0.13589211562702658,0.0,0.0,0.4067309822024469,0.4709453531124477,0.7195936106280126,0.7753427163425064,0.330899455537744,0.5665015678296021,0.7703919662263705,0.4313252632277018,0.851374679068941,0.6900262678010909,0.42757965088670835,0.7616131960495028,0.5121417326802195,0.5026437725136854,0.17597289237622613,0.6938316352640539,0.5825524244666991,0.3504630034099035,0.5240946172764442,0.7999835155426376,0.7018005567837827,0.7406144660579712,0.7572878948858688,0.9460889566439126,0.5488792163901121,0.7678033023386943,0.7958466956121132,0.5295499230324149,0.5966318147538019,0.5265842977776718,0.4294859847850258,0.3716751636987953
0.5702287175971356,0.5319211636740369,0.3456950969803376,0.20422849287505862,0.3663093643494527,0.45540686883613735,0.29059130790071475,0.5414924487069637,0.2551396939468705,0.3996042449229041,0.34796263362391977,0.4829894831206188,0.40627278363777836,0.4210309562136063,0.3549442098920901,0.5707397813779056,0.46574594318816437,0.5359122932205436,0.4238263891690416,0.4507093041120813,0.5149986985238826,0.5273702966709151,0.47094077601258366,0.0,0.42734394316574414,0.712713401460271,0.33301271452103476,0.5351610093605246,0.5435184023139004,0.5999622467771959,0.5598767423451377,0.45283867454383286,0.5515085613099496,0.4638899307136555,0.4010262350108793,0.3378459153133859,0.10461250369254772,0.3465946406260283,0.41208940846950204,0.593953275948931,0.437798907893698,0.23241062631355294,0.20320030566299602,0.16810541547185476,0.2876503719551463,0.5432909920343395,0.5241301079266744,0.20193564166318406,0.3101409443918303,0.27260434295057573,0.38095315522656936,0.0770746267827761,0.4447575595229821,0.19191790709107362,0.4360499160283759,0.189713120134187,0.568995317862614,0.41217189947834687,0.30239936099563614,0.4122531431270725,0.5909773869042584,0.5123716733686665,0.5138528241071831,0.3112745160951901,0.45931996217414606,0.46162859461016015,0.5212708444464372,0.3716962757692648,0.7786392248498956,0.4070156365397972,0.6713066045940501,0.2387225088975804,0.5257376654101347,0.5458285761433603,0.5708452321007793,0.6393891227425279
0.6241904255873697,0.836724273182813,0.5381173847037009,0.30718416784592006,0.6125597431281994,0.7513311623274008,0.6596084617264999,0.6787855096714682,0.5870939365261627,0.7292876725250457,0.5668469581574145,0.5138739755998033,0.6577270642709747,0.15004994944517608,0.5770175650863496,0.5782345101349897,0.657007507342869,0.7245464706843767,0.5520011892287364,0.6478038256652259,0.7457071290722918,0.6568686978365488,0.7481515990694272,0.42734394316574414,0.0,0.8021841246442345,0.607143754437848,0.502308912667233,0.706049805053488,0.5719807183975827,0.41262203017454874,0.3289129567171394,0.6761246906772568,0.41500270719052956,0.3510169804254512,0.1358096598536192,0.0,0.39467083887758453,0.277476790138919,0.6036225546356526,0.307340868138657,0.1353330806316298,0.0,0.0,0.5332254929489372,0.5126647526179515,0.7836293384573713,0.4833626742258852,0.402232679829222,0.4999730756943665,0.6826752724219746,0.4961317681583326,0.7042867150092662,0.5897679646143801,0.5721699852578402,0.5322041898358105,0.5321947791521955,0.5311549205425278,0.22674164316341264,0.5830510135549737,0.5696078129041818,0.42080959693429665,0.5856245623357282,0.4947554301836749,0.6480309884047596,0.7730180828776505,0.6902550414424273,0.6849101485547299,0.46282987512959994,0.8309394877402536,0.7937145186906288,0.47756163112897654,0.5170330055467287,0.6616364544347348,0.38220176135387207,0.4082685886073416
0.6456948046159828,0.8920855117312645,0.6152625932373472,0.24830521664405114,0.6831694225578135,0.7841746525726712,0.5750133336037239,0.7886754362728254,0.5864083887273459,0.706762859691376,0.6333081629472167,0.735270659444155,0.7156009337885478,0.37264792844240796,0.6113937226448949,0.714045418934781,0.7115969491336207,0.8036101531239761,0.6696735814481967,0.7734036690432775,0.7075520175163421,0.8228572955076534,0.7657452573528132,0.712713401460271,0.8021841246442345,0.0,0.6425342896507598,0.7125837372248911,0.7594485018881805,0.6770227913266603,0.5527477877319167,0.4687424003206019,0.6693182492933141,0.46580205747408243,0.45556770031066435,0.2728200705671367,0.07804607597450491,0.36403534141837157,0.3590300326258054,0.602856407803311,0.399007457411962,0.21685029085319313,0.18369526612552844,0.14167079549306932,0.5198710759835355,0.5797701878090046,0.8402626765190598,0.49679762723827575,0.433346134547696,0.5895191780419158,0.7614972166145748,0.4340258001692676,0.7398146725769763,0.5584380902116599,0.6461046368763286,0.5293814690316405,0.7707803393536172,0.6681959902530618,0.42088845983674905,0.6394193079333438,0.7402391560513033,0.6376495663337399,0.6819487687343025,0.5688625130832934,0.778681799150502,0.6890346081734647,0.8368900797746013,0.6908013963518029,0.6279135681232467,0.7591258169644179,0.9428562141462535,0.5300808125471645,0.707554364439231,0.7394470525999371,0.5785782472083985,0.6064883873604999
0.3893766625427991,0.6337861228559668,0.6758085952608952,0.23980135543881012,0.7381698403122428,0.7681043337430363,0.564402990556103,0.5619917038474531,0.8359296926994291,0.6953879525215461,0.6374329242513246,0.5635730263222181,0.6097012133834266,0.2518976828116081,0.46289572118663935,0.49378040640658816,0.6255764050520656,0.5585971022847813,0.6129277049932589,0.7945851936944607,0.535468547154706,0.7114793430261871,0.6320479834251315,0.33301271452103476,0.607143754437848,0.6425342896507598,0.0,0.535927401687513,0.6386021467739548,0.5114442777064119,0.37682864277916484,0.30494562435229167,0.4607556751612196,0.31520303128906924,0.2900235398193819,0.3114779207891969,0.03427016162649105,0.26161257316021297,0.22309119051773207,0.3947404917298274,0.2112647056025096,0.0,0.3107124499118289,0.24146119458004167,0.5519307197189799,0.4588958897583515,0.7509869586774185,0.5377412472941103,0.5433699440322934,0.754020126331881,0.659191048125797,0.6932776911946359,0.5644308063068665,0.8110567433106526,0.6955470361100841,0.5928447302160151,0.5713804258284899,0.584892975742144,0.3530868203378319,0.4242879468942803,0.5149680278591381,0.5270188288136958,0.4955806270017382,0.5203697888971608,0.7891712813083371,0.5192317814058457,0.7334564258523568,0.5927056631582681,0.35002946522325973,0.6737829045764602,0.6303175198927461,0.9177460993431024,0.6053414866755933,0.5406353900435799,0.312091700897122,0.4002923373686077
0.5261187994934557,0.6773592007856313,0.4273625590863933,0.372434987403476,0.7192580643101736,0.669152201165958,0.5196293386081232,0.5308311048152559,0.5871364387761819,0.6392071288870422,0.49627059524137657,0.7145281127130825,0.729588881700851,0.5075008553810914,0.470430419447472,0.6535542902296123,0.6750768828837558,0.7194342765508885,0.5144934294815243,0.7579931391502712,0.5066700332843607,0.8117062841378915,0.5024064357445646,0.5351610093605246,0.502308912667233,0.7125837372248911,0.535927401687513,0.0,0.7846388710644028,0.7789546101070188,0.6780727704048206,0.4917845568581387,0.5067441116146507,0.5345346300381588,0.482925346040717,0.4947364778801234,0.25794909886452827,0.29420196069216026,0.350487117430192,0.4338820243956782,0.3928574049773441,0.10607766911161128,0.4308730177113909,0.31580999715869246,0.5845425021223167,0.5949367657663307,0.6963145644001841,0.30200455297885276,0.5124097352405066,0.6567793689289351,0.5983381662134633,0.39679064044517476,0.5673585853820429,0.4858468338908807,0.6647978166124844,0.3608340114724546,0.6450138373531369,0.689413643410851,0.6023670686488499,0.47440216083736336,0.731971198951044,0.6504602460112571,0.7502876056741385,0.41774370851162773,0.6963410794320819,0.4810374796017388,0.769745415592527,0.489671006736047,0.5186308184369695,0.6054108850963946,0.6881667538666876,0.406396136519255,0.9119063181416569,0.6522761283684405,0.6323237521775447,0.7423058580974836
