0.0,0.27854384545822797,0.2784531980962701,0.10534548228392594,0.0,0.32494947964366194,0.0,0.20479267137356033,0.15195937468849025,0.369837979255196,0.0,0.37569086659821416,0.15796931042215556,0.0,0.31978694708937067,0.3760560788967139,0.3635791064100533,0.5519155611230517,0.007608621692457546,0.046386556028229,0.38352134211747535,0.14597936895927882,0.46811255216718384,0.3395790779859007,0.5058627659502365,0.4376548405251105,0.22911217791951208,0.11185783632276608,0.31859285192857256,0.09877171706292887,0.24159173329819997,0.12239961161874915,0.3410807565894207,0.04736254730909395,0.0,0.0,0.014326540669212129,-0.0016003377038605604,0.016249268700317065,0.33404318939805056,0.25817734259075736,0.0,0.018869350972216536,0.0,0.20151910666503584,0.6912259186618906,0.3308743979893801,0.23252524473893652,0.28095640392348953,-0.0021041038188949757,0.5249497895150905,0.18123692186123408,0.24767184691834293,0.12340524972060449,0.450449401337869,0.0,0.3641173170367448,0.38558645985207607,0.0,0.29212404600854663,0.5264842093372932,0.48448837509089365,0.5862592050026587,0.10095418127152779,0.19056817943357388,0.45445241581900925,0.21907147935377094,0.41410132728003346,0.2826671213076421,0.48961401917102715,0.5335510172993321,0.3091329512118227,0.37719599295484846,0.539672092100266,0.30132206228127034,0.48808518795563083
0.27854384545822797,0.0,0.42357817056146385,0.06590966257222439,0.30431540612013697,0.6157223248313884,0.39875868229764466,0.45020012320156855,0.3771575337548982,0.39154255621694356,0.39101473333139725,0.404211151017963,0.5206273766236902,0.0,0.503430171533905,0.5637679290568975,0.5619464938481669,0.5868410858928209,0.39228007161542844,0.41216859148425794,0.41932024280459074,0.491187213116429,0.5025628074513938,0.3299790814622972,0.6627547391529223,0.8401146242677134,0.46600357339574766,0.408913035098232,0.44839248071140275,0.366307920910951,0.44265757473487893,0.2625518737925584,0.18169258693104778,0.11438766438361433,0.0,0.0,0.0,0.08425709217333872,0.10709263928229064,0.0,0.0,0.0034283306922522627,0.020549346642819044,0.0,0.27684856900882004,0.3026946811074908,0.7428702629205122,0.4854898402953118,0.0,0.3135952590363455,0.43828924505263117,0.3955735770966432,0.3186160858250335,0.32034549313031035,0.42802928678952634,0.37485987243131413,0.2588946177163934,0.5235264745604256,0.18703980562726152,0.4974126021565914,0.36101103395921735,0.4658462650579192,0.4515693349199247,0.5490411734996258,0.44401121281807976,0.1593493921019151,0.48859374180587545,0.4448119238899829,0.3600772774412201,0.6475723225905647,0.6751983020490915,0.5024787297070347,0.3176893202055154,0.4209555363637918,0.23924607395331415,0.28938270964767976
0.2784531980962701,0.42357817056146385,0.0,0.1439081845069678,0.6545677878328339,0.7841669716701596,0.47128967549614104,0.7330306884621041,0.8673803176071814,0.27071330138322797,0.705538735049262,0.28020083329408996,0.6833792947423593,0.0,0.4941620802070774,0.2626263814142814,0.272208608841542,0.3539401925961575,0.6636148942900703,0.5904292278983017,0.4371399897230454,0.3986011897375604,0.8285350122063848,0.08058176357812849,0.38887628760803705,0.4366985971757543,0.8030134463810993,0.5431374182907514,0.6585145071630775,0.3890147780159877,0.28525918976383957,0.0,0.0,0.18147856185397077,0.0,0.0,0.0,0.24667345766063617,0.0,0.0,0.0,0.01671473554106823,0.0877801294755469,0.0,0.4747446447166768,0.37991348266542857,0.47489169491002114,0.8842871816553975,0.0,0.7265219833961654,0.6062890084020124,0.7065504377652689,0.7425167260365118,0.8516287239643804,0.45948121112532114,0.7552812256234172,0.13019286691369555,0.6578724881325584,0.0,0.6568475141414586,0.23071037677445494,0.35455091349291223,0.566834446928258,0.8243339667228174,0.5330490418096472,0.353958650587074,0.4251659821066596,0.8043189267978945,0.2037307693940537,0.5304460982273185,0.5084693616476196,0.7572582165575437,0.4406728401912437,0.5774290566335722,0.3332362651317958,0.20488821247580233
0.10534548228392594,0.06590966257222439,0.1439081845069678,0.0,0.07504848356747329,0.10313052342741347,0.1490349996282335,-0.006561418639408345,0.08541005672681187,0.0936538087689009,0.0,0.0,0.09463891291595536,0.0,0.0,0.15881365944879774,0.17428313074207022,0.12643459471435928,0.031424956443587185,0.06572207295596307,0.0,0.05537310730880246,0.16763404619279398,0.0,0.06617820650550682,0.02691111487875797,0.16416811891542482,0.18824209747127257,0.13043387345576066,0.08320064883513173,0.33837930099272784,0.037942899478980135,0.0,0.10186023832466304,0.06887782193083178,0.0,0.037000612625089524,0.06048538276883261,0.0,0.0,0.0,0.0033887652790430545,0.05636732948527562,0.05418620023200921,0.0,0.11202584795686261,0.03747607712908635,0.1703597655815633,0.30675935534876825,0.09434211947080272,0.15220978710955915,0.1989067048833262,0.009260573400268701,0.10307466351596185,0.10255755276493272,0.03653480256317741,0.0,0.04776415725137435,0.11357031162863154,0.07527052285362085,0.032747018410470535,0.05820567059848607,0.13275922243314334,0.12457766190504091,-0.0005997030901335049,0.09875071122454689,0.0,0.1849274326352747,0.0,0.10634021892520476,0.10601459943080214,0.16021507055539275,0.09266228754101338,0.10159345703045923,0.0,0.0
0.0,0.30431540612013697,0.6545677878328339,0.07504848356747329,0.0,0.50405051032483,0.5763497799531323,0.4998914032343041,0.755192523972382,0.0,0.7011746767732023,0.0,0.6151526382358166,0.22309295133938006,0.280990344293532,0.15130404957593996,0.0,0.09532481396201914,0.7118256558150722,0.6488417736519576,0.16189320296953852,0.48214378441053873,0.3912643973977367,0.03676472950350594,0.027634281503068014,0.24260133270679815,0.6137817054495244,0.5792818557786558,0.5812906591999163,0.540707406467931,0.3418811773308881,0.0,0.0,0.21099387091577892,0.0,0.05265273202597626,0.0,0.2788721828526905,0.0,0.0,0.0,0.2269347108458425,0.15102616386033463,0.18149775137670343,0.19292385309081284,0.010558951406973077,0.2705885258510734,0.6593733459157403,0.0,0.8149049486511599,0.13617793787181404,0.5814089351323897,0.4600161686007914,0.6745061933096077,0.0,0.7987989412835722,0.0,0.3424985234929003,0.33078166709788814,0.3806816494159843,0.04300034106303946,0.0,0.20195980623407478,0.769101025786745,0.45314114421954943,0.0229967812805926,0.3547889837357514,0.42807106895503866,0.016702469041487894,0.20530615515904785,0.2303936363533321,0.4684088554417923,0.3117575564657112,0.2898548958941861,0.21863517858586654,0.12946936983500396
0.32494947964366194,0.6157223248313884,0.7841669716701596,0.10313052342741347,0.50405051032483,0.0,0.5062563236328395,0.717467024150535,0.8230896838133923,0.3992267684053989,0.5860217159479767,0.44307126275314423,0.8196628689976597,0.0,0.5683390325568609,0.3598181242806835,0.38361842193676227,0.4835398359250437,0.5202858846365709,0.6276131223112306,0.5679124610912415,0.46933575449178994,0.8088882728897868,0.21462053264388364,0.5838074804349964,0.6599281115461249,0.8336934537952629,0.5551176221806452,0.7950209549018463,0.44324324305508356,0.3604880228905167,0.0,0.13456713532887707,0.20610688399397936,0.0,0.008927701630625645,0.0,0.1914466159523614,0.0,0.047217812563661005,0.0,0.0,0.15960184838579639,0.0,0.45122768347824915,0.4373229633078516,0.6866671465103796,0.742117538931045,0.011947801233773134,0.5439809948325673,0.7670172841612826,0.6508936645626846,0.6852489686789023,0.7442826479612187,0.5607349097190085,0.6321654611257762,0.2671171558530008,0.7370209555831386,0.024758086481925318,0.6650000820403619,0.3315810268008054,0.5136672136079207,0.6127467213775877,0.7069940757700643,0.5938640571762791,0.4131443695012029,0.5196128355461186,0.8214213189744369,0.3740234245653302,0.695340330843554,0.7035607713234717,0.8085791395308846,0.45653775157086884,0.6290994900863587,0.32682581987280757,0.2979849072804554
0.0,0.39875868229764466,0.47128967549614104,0.1490349996282335,0.5763497799531323,0.5062563236328395,0.0,0.4544837444173033,0.6236981222616407,0.362886250642408,0.4779766776291082,0.02105316150340905,0.5838779858964492,-0.008808069542071723,0.18985210217224735,0.12980585660243632,0.3975496008972247,0.2525048334771861,0.25533070087766374,0.28249821329352104,0.25678398831547533,0.10414708175649101,0.4307580603514697,0.0,0.35347200796871453,0.25062955307591467,0.4425096374861743,0.3233240316397502,0.3637794600499956,0.06951992324849587,0.1492490503913768,0.0,0.03616859355511448,0.2288047355802818,0.0,0.19354825947939158,0.0,0.3880255909408784,0.0,0.0,0.0,0.0005688068575580435,0.15885078213060233,0.0,0.349037724770004,0.22946410908023243,0.2995817912701269,0.47873325150993357,0.015102523715594812,0.5763125983547522,0.21068329506268085,0.7357552777370538,0.38573461452192437,0.6454039446226784,0.34536027776881534,0.5908316325426881,0.0,0.39109958499113634,0.07625054060620809,0.2744545554411098,0.0,0.14950723206228891,0.3029940320451785,0.45947670445893823,0.1014951565349039,0.27772373378940063,0.017657842750641445,0.4670981021457067,0.05163280334518176,0.38688990372543725,0.31576092212696516,0.39636067987506596,0.11089482201544287,0.1975605976338234,0.0,0.0
0.20479267137356033,0.45020012320156855,0.7330306884621041,-0.006561418639408345,0.4998914032343041,0.717467024150535,0.4544837444173033,0.0,0.6696078767861452,0.34005673042233836,0.6487327836522805,0.35676391973646837,0.6214705183364833,0.0,0.5078190291450421,0.12655837400657916,0.31359327975660967,0.3280388598278693,0.5659645827099832,0.4438712324018325,0.6033767468791209,0.2857695198711537,0.787211868988761,0.1915034997277366,0.3801836378195912,0.502068492441737,0.5651027008033397,0.4245770456671879,0.46957748770410324,0.22705512124950714,0.14807941491330628,0.0,0.04940244700450197,0.17175956326887726,0.0,0.14580980771771423,0.032130306571257344,0.26548682385639094,0.0,0.03836731963710943,0.0,0.0,0.28026591378850096,0.0,0.4567310889574057,0.3799170121900569,0.5141708706643423,0.7069051437583687,0.0,0.5571555337236552,0.4900697639261775,0.5436415171373592,0.8583557085577356,0.6530270071450266,0.4481248145046547,0.6632395434698677,0.3185771685886766,0.6933000795379449,0.0003875312154048294,0.5872087995630912,0.05038475077572402,0.37457981901822884,0.5050612094368682,0.6818507433501628,0.37786839751919654,0.4691480341071059,0.32384881031807855,0.7459451584193608,0.34860523666459114,0.5070701190480186,0.5682601568278713,0.5318225464596121,0.3549338387121692,0.3608888877385574,0.3403067540739946,0.20755818808527232
0.15195937468849025,0.3771575337548982,0.8673803176071814,0.08541005672681187,0.755192523972382,0.8230896838133923,0.6236981222616407,0.6696078767861452,0.0,0.2945383860023304,0.7235053148612828,0.2606539084889315,0.7323481326119492,0.0,0.512272189789131,0.1559318147824811,0.2369324646620558,0.31426073444276337,0.6125182788337508,0.6434979595001625,0.43947322355830687,0.40403980627574376,0.7018643227772408,0.07314147243498609,0.3884435250468948,0.4349025963137582,0.8356017458886663,0.5320651368775534,0.7007496638658677,0.3880959807890755,0.24882333290711794,0.0,0.021039533133661942,0.1885043062708332,0.0,0.02259409389816802,0.0,0.34618945349532726,0.0,0.0,0.0,0.0,0.14776192534555913,0.0,0.5011643656458711,0.3455872219947638,0.4750004240158725,0.8240779540527716,0.0,0.7524345267250255,0.5401121690990314,0.7632221748784718,0.6687019553865701,0.9325143986327216,0.44416543231618133,0.8041596291705748,0.12240730745175168,0.6176218644082436,0.06636744167583962,0.6213457175210678,0.1782581743468098,0.31373413510930453,0.5598995363958852,0.7819928634922242,0.5394458787791363,0.3413623530067414,0.43705417287112264,0.7506636075732986,0.26794907875711094,0.553344196030815,0.5511041826001253,0.7663337048199577,0.38942345655542754,0.5098732267917512,0.2976979315281389,0.22725598255461546
0.369837979255196,0.39154255621694356,0.27071330138322797,0.0936538087689009,0.0,0.3992267684053989,0.362886250642408,0.34005673042233836,0.2945383860023304,0.0,0.12017906034129519,0.6610803728391328,0.23480480058844108,0.0,0.4101229954123834,0.25918261618007626,0.7890738398091965,0.6298421655201123,0.0,-0.017920489470011014,0.44352467658083483,-0.015177581469537849,0.42185370326201677,0.2097868804094277,0.8159545854403008,0.48427113964548674,0.23787428286651496,0.06709360537959741,0.17294018889523327,0.0,0.0585629441457462,0.0,0.36142170573024107,0.0971654196959295,0.0,-0.0016038783912888932,0.09374790100935788,0.24715011840912246,0.07468536489065927,0.26101934163815016,0.09564105488782615,0.0,0.08675406811639394,0.0,0.5788432685468765,0.5757391304007591,0.4503102902269256,0.2440465527375596,0.4169644109314009,0.020885128735234376,0.47713293245779476,0.30408576376959084,0.34381065177273834,0.2660350686190179,0.8922308649173711,0.06936641200608598,0.6533224073572343,0.468628583876321,0.0,0.3578092381397807,0.2778820958290893,0.8389807105968768,0.6329849082527984,0.12609728487873612,0.10790620210612353,0.44865650071647645,0.19364103579955147,0.41907610279372837,0.45194168473165175,0.6695038053547229,0.6241090325662783,0.32348439910965604,0.2650265589773736,0.3362153691996768,0.13531437769342025,0.2553908064366039
0.0,0.39101473333139725,0.705538735049262,0.0,0.7011746767732023,0.5860217159479767,0.4779766776291082,0.6487327836522805,0.7235053148612828,0.12017906034129519,0.0,0.14700822140357114,0.5826079781253192,0.0,0.5121631269957045,0.11424154047967082,0.10713425312283091,0.13564456366599323,0.7905541110252257,0.671250486066407,0.34299957729333064,0.5173205295672053,0.4915842645264748,0.1736833391555639,0.22535425352167682,0.3964539194408837,0.7315587315677416,0.5577501944670064,0.5110651238259,0.46636443945640227,0.2384964189711762,0.0,0.0,0.0753141577306425,0.0,0.04630456834940172,0.0,0.189753331565194,0.0,0.0,0.0,0.04615584039336587,0.1397232032651414,0.0787328008342247,0.3023493400754559,0.0919450401532333,0.40801696427329615,0.6897378626190002,0.0,0.7076917024446776,0.2430119341440384,0.5210157092836047,0.5986981918313428,0.6278537951148314,0.21340418286086207,0.8554647242816358,0.036032793763446785,0.45245163237786634,0.22571659643322894,0.591616561539461,0.07276302249467756,0.11148834911275561,0.25915735244822924,0.8111659908015076,0.5659334428193182,0.12728337317945201,0.5094833590212222,0.48854341143652646,0.29734209481957286,0.3468232248004061,0.36669455963047115,0.6177380629878131,0.31708221310792756,0.3474760343360147,0.3071803643715072,0.14434596923959198
0.37569086659821416,0.404211151017963,0.28020083329408996,0.0,0.0,0.44307126275314423,0.02105316150340905,0.35676391973646837,0.2606539084889315,0.6610803728391328,0.14700822140357114,0.0,0.25636816989027433,0.0,0.4715896235052855,0.22009376379288936,0.5539461963140482,0.5801197719952378,0.04366183131966678,0.04544988339635678,0.4427349587121602,0.10484974993374704,0.4137973938651709,0.39775481831875115,0.6650328879691245,0.6153312480324412,0.25032709568524647,0.09602449543468816,0.11329665450912452,0.03134884941569313,0.06287310016336853,0.04027625176231496,0.27731562577806734,0.0,0.0,0.0,0.05868860050289186,0.0,0.11528272850053949,0.34434665864775627,0.0657078583757508,0.0,0.041759113141269705,0.0,0.4768449357459964,0.49412272006615476,0.49077256243630685,0.2341014063392671,0.22048205598115173,0.0,0.5941262314854134,0.13136580961012234,0.3673473185615246,0.1991688451613982,0.6898550273361912,0.025317023370236585,0.840880787415126,0.5565650709383324,0.0,0.45643191647892933,0.3489543423606173,0.7935547708043353,0.5773861219868522,0.12996067123450053,0.31718176684574995,0.30277592796243613,0.3654027836053042,0.3802332958905441,0.5634010505572155,0.5494304334369892,0.6534189739773517,0.3695686092191684,0.30752313780269164,0.27808516832642766,0.2357321255661471,0.2713594080958591
0.15796931042215556,0.5206273766236902,0.6833792947423593,0.09463891291595536,0.6151526382358166,0.8196628689976597,0.5838779858964492,0.6214705183364833,0.7323481326119492,0.23480480058844108,0.5826079781253192,0.25636816989027433,0.0,0.0,0.3834785683994796,0.3389912113793988,0.3568110751862177,0.40460728993972683,0.49180027240096413,0.6711553977906067,0.41029995568949784,0.47591859960292016,0.6063175784298738,0.09143276081935775,0.32018246506918524,0.5097533336290734,0.7093313411424329,0.745787619773581,0.6755571471689674,0.5173459316088829,0.35485152325185515,0.0,0.07088357206161837,0.23801216006185605,0.0,0.21689378445873264,0.022389420135396076,0.26973110619899254,0.0,0.0,0.0,0.03164662888626334,0.3393487879247985,0.015097099607851425,0.3755728186359666,0.2424831904948507,0.48389211033896873,0.6250924910822828,0.0,0.7008091417542047,0.538823435457033,0.625428589064768,0.6191396849371822,0.6991890626919627,0.32953252237158004,0.717039341337032,0.08816260659649539,0.7203729254865286,0.17569159928595432,0.4871044346037492,0.08779654834013173,0.2618208603967332,0.4255183198046146,0.6364923624619381,0.5942505247765628,0.23369237861169773,0.3919988421632803,0.6218963224249578,0.2372123843849034,0.4053852499452594,0.47242337045749416,0.6564393333625786,0.5124624854564797,0.47004844171524746,0.24922062252480684,0.24089282920382654
0.0,0.0,0.0,0.0,0.22309295133938006,0.0,-0.008808069542071723,0.0,0.0,0.0,0.0,0.0,0.0,0.0,0.0,0.0,0.0,0.0,0.03968034688966171,0.0659165959826738,0.0,0.059745386318746735,0.0,0.0,0.0,0.0,0.0,0.0,0.0,0.12989131858238878,0.0,0.0,0.0,0.0507494467403595,0.45058221737904725,0.0,0.0,0.0,0.017170176943164334,0.0,0.0,0.3092773296214726,0.0,0.17749129426028087,0.0,0.0,0.0,0.0,0.0,0.035101812828262385,0.0,0.0,0.0,0.0,0.0,0.048775901868561344,0.0,0.0,0.3919364284466842,0.0,0.0,0.0,0.0,0.0,0.0,0.0,0.0,0.0,0.0,0.0,0.0,0.0,0.0,0.0,0.0,0.0
0.31978694708937067,0.503430171533905,0.4941620802070774,0.0,0.280990344293532,0.5683390325568609,0.18985210217224735,0.5078190291450421,0.512272189789131,0.4101229954123834,0.5121631269957045,0.4715896235052855,0.3834785683994796,0.0,0.0,0.37530791026362265,0.35191449327958835,0.4746604168677704,0.5057435954715117,0.5689799756415773,0.6265504286591244,0.5848143582667802,0.46192587704074844,0.29288013909405375,0.5522713409091733,0.6580747247537282,0.6020173165280975,0.44127794954720995,0.6017658195120648,0.35877767558224166,0.3062617832286013,0.13385604723605826,0.17769559112372646,0.056312972272617445,0.0,0.0,0.0,0.14796553922048514,0.13978726506239894,0.08533311856944832,0.0,0.0,0.13978675421948172,0.09621798739032074,0.37233735086770536,0.4363127523372859,0.6309172517176591,0.5495306107851068,0.05406773318080734,0.2590220842693404,0.4457976569285563,0.26171260401508806,0.5443645708817284,0.3553048029238061,0.5188194677598484,0.3782266099813082,0.45309852117557003,0.4881981473072319,0.046926408554413074,0.8318377360763543,0.451553191574912,0.5758854815798693,0.625409113978384,0.5857346859384158,0.6417544255879081,0.4428028101305317,0.7384761364149878,0.49646435384863996,0.4370868486853473,0.6335329815494327,0.7107961462831122,0.5283919208206516,0.4490903528309177,0.5536940080432673,0.4931651657967331,0.4002347462544872
0.3760560788967139,0.5637679290568975,0.2626263814142814,0.15881365944879774,0.15130404957593996,0.3598181242806835,0.12980585660243632,0.12655837400657916,0.1559318147824811,0.25918261618007626,0.11424154047967082,0.22009376379288936,0.3389912113793988,0.0,0.37530791026362265,0.0,0.4603738138392923,0.6970772541609295,0.2218400888006573,0.3776586663361984,0.2382682201252302,0.5936658918407779,0.29682111022079516,0.27830386949947983,0.44054814570744094,0.5515923046925973,0.3431616701464612,0.4767761103695726,0.41171024504064585,0.44500041856271233,0.5727761800468228,0.30643036262691187,0.18731125985966396,0.13442582288181273,0.0,0.0,0.028129272161419958,0.08877038031813161,0.12478330508817917,0.0,0.012216250650529309,0.0,0.07887969095406974,0.048001442516106094,0.19028956344144832,0.2855352311677469,0.4645752930172819,0.33056297995713724,0.06621020480938929,0.20822149471648865,0.39054242421161933,0.17912795139702914,0.14542754380583028,0.1104692064897736,0.23607334237136518,0.15832451330084915,0.13887640923182482,0.36360509626394355,0.163477860710417,0.38036327006268655,0.5221858085674441,0.34316864308705336,0.4613146710663158,0.33867005632045294,0.4169285725513546,0.07653382388684618,0.47520880999890086,0.2528292870968186,0.16913202464596955,0.40162851597309845,0.4605476975633443,0.32559002958434885,0.382519055002521,0.4080030698094797,0.22038571513037017,0.3274087535136942
0.3635791064100533,0.5619464938481669,0.272208608841542,0.17428313074207022,0.0,0.38361842193676227,0.3975496008972247,0.31359327975660967,0.2369324646620558,0.7890738398091965,0.10713425312283091,0.5539461963140482,0.3568110751862177,0.0,0.35191449327958835,0.4603738138392923,0.0,0.7633396567206342,0.016442754116922226,0.08281155966786266,0.3858716827572339,0.16778932936084387,0.4032085169266445,0.1350829015823366,0.7128951381089796,0.5195255571979476,0.24043870213308396,0.23656430491397,0.20307383607073648,0.06103764937157924,0.23791741292755297,0.1241022961759012,0.30162987296834,0.2157890209371701,0.0,-0.02020250902622961,0.11626978687781026,0.2366140524093499,0.04739103382679563,0.10590450368347032,0.041291242854457705,0.0,0.13040717999840515,0.0,0.482368538964262,0.4253248523512144,0.4662982018263065,0.2633648702527738,0.32530775034178416,0.14565447643491744,0.4486097341090697,0.2907998650039576,0.27305870363616197,0.2102014716188759,0.6889767397870722,0.1268925092906267,0.5032536538320005,0.47730544632954075,0.0,0.35531555420363664,0.24724647756383672,0.7127193220240013,0.6213307792942426,0.18631031465538997,0.17149930802500177,0.3077275849026369,0.23171025857471986,0.36125685115320627,0.3317825716238967,0.5701755810846616,0.5858013584078573,0.3013562606442556,0.2828220430054666,0.3082398220158389,0.09100239262979162,0.1948532937699214
0.5519155611230517,0.5868410858928209,0.3539401925961575,0.12643459471435928,0.09532481396201914,0.4835398359250437,0.2525048334771861,0.3280388598278693,0.31426073444276337,0.6298421655201123,0.13564456366599323,0.5801197719952378,0.40460728993972683,0.0,0.4746604168677704,0.6970772541609295,0.7633396567206342,0.0,0.15775024414684063,0.2218678161725939,0.40881919641163056,0.3785925530005981,0.4966419308116699,0.3525271374551668,0.7378055239883329,0.6797989010503787,0.35735334551872544,0.40449015784963543,0.32246573008043844,0.22532268614564166,0.4190317180112333,0.1797463933833013,0.3172533450813226,0.10338868014702517,0.0,0.0,0.13955044528020305,0.21417433173376227,0.06042162395345467,0.12215193059008944,0.06498507797401226,0.0,0.11720117095341301,0.0,0.48020529631786607,0.566593922779172,0.6055074347907425,0.4200710134555686,0.2362125113832756,0.19922226758442105,0.6065106584737091,0.2828526379781476,0.3684087144895337,0.2512069493070252,0.5856478429256555,0.17641634390223193,0.5023145529854681,0.5799514293441203,0.0,0.47764473017174425,0.4847243314172672,0.6797060394033874,0.7764842720887428,0.3123300585468735,0.37681742362228987,0.304635671099713,0.4263982144142675,0.4441635297933153,0.4045594910085628,0.6289168324896159,0.7136330331835319,0.428713913187982,0.4714920282244065,0.47113826152722754,0.29360460808629,0.38927931125707865
0.007608621692457546,0.39228007161542844,0.6636148942900703,0.031424956443587185,0.7118256558150722,0.5202858846365709,0.25533070087766374,0.5659645827099832,0.6125182788337508,0.0,0.7905541110252257,0.04366183131966678,0.49180027240096413,0.03968034688966171,0.5057435954715117,0.2218400888006573,0.016442754116922226,0.15775024414684063,0.0,0.7402183330437688,0.3037931810766878,0.6334537439737569,0.46488063296084725,0.22257924702426687,0.09443131266573068,0.3798127727901105,0.655532080764013,0.6496084832469144,0.5707768331384522,0.6245023945963102,0.3764513908219457,0.0,0.0,0.012269417054921045,0.0,-0.0038019258791470445,0.0,0.13416654084880128,0.0,0.0,0.0,0.08881489831390191,0.20681645413055733,0.2803259490579595,0.16228764750525315,0.08946738325129044,0.40235776748782376,0.7675831825389339,0.0,0.6165257225543497,0.2130254331637876,0.37091625852019117,0.5977314054164277,0.4627468364749735,0.05883548805011135,0.7439709948237007,0.0,0.40779364673763513,0.3455117143412501,0.5984078414932762,0.2379918257160446,0.0,0.2783565141453171,0.8903136626315622,0.6657998829320511,0.07830073100396348,0.6504522887993065,0.47125588630578197,0.1665441605793167,0.26487900702166156,0.3085282873395263,0.5401087811719897,0.5049314614336127,0.423381048702259,0.4682751920489029,0.3789656782039478
0.046386556028229,0.41216859148425794,0.5904292278983017,0.06572207295596307,0.6488417736519576,0.6276131223112306,0.28249821329352104,0.4438712324018325,0.6434979595001625,-0.017920489470011014,0.671250486066407,0.04544988339635678,0.6711553977906067,0.0659165959826738,0.5689799756415773,0.3776586663361984,0.08281155966786266,0.2218678161725939,0.7402183330437688,0.0,0.324255690002376,0.7944685957280491,0.3794361730625769,0.20677209511930655,0.1629918961290835,0.47435440800739614,0.787711996445555,0.7818751337875309,0.7851604814329973,0.7380608624792073,0.4255492082534036,0.06896384083453502,0.0,0.10860241487576938,0.0,0.09631816544975687,0.0010985519539895572,0.21065404625806955,-0.0015251687848896883,0.0,0.0,0.0660185455186319,0.32562586333395727,0.2683055109854553,0.23363728349694068,0.09416977641252797,0.44919447502758164,0.6379704913768718,0.0,0.6276775683799896,0.3148258492158091,0.40813752604472125,0.5160113224946625,0.486705212077316,0.0606930801512717,0.749721010065062,0.0,0.4307703124792553,0.3700496246211445,0.6578019620956429,0.273161254116176,0.06914151464585497,0.2877134953165356,0.7865246115257502,0.8729293185356451,0.11364413578691601,0.7537056469056168,0.4603377965393918,0.21747541374442045,0.30105406583855615,0.39392573748779963,0.6584246556094522,0.5536658000498125,0.47664360698368485,0.4805566270752841,0.40653417219986276
0.38352134211747535,0.41932024280459074,0.4371399897230454,0.0,0.16189320296953852,0.5679124610912415,0.25678398831547533,0.6033767468791209,0.43947322355830687,0.44352467658083483,0.34299957729333064,0.4427349587121602,0.41029995568949784,0.0,0.6265504286591244,0.2382682201252302,0.3858716827572339,0.40881919641163056,0.3037931810766878,0.324255690002376,0.0,0.29131367689522614,0.5765767489142108,0.24763450169200493,0.5410829763414524,0.5586039399587198,0.48646550839417946,0.3120378202349568,0.48931896525497404,0.13035647912605441,0.1227235535032899,0.0,0.2542692771866378,0.07861126185292674,0.0,0.17301774133266776,0.13964687690880126,0.09700752881079878,0.0,0.24634772758550635,0.0,0.0,0.32475483789490944,0.0,0.38447579621136896,0.5522513455561335,0.55765761698483,0.41573256789012614,0.15391468529853713,0.2253288892864239,0.4983473744068848,0.3579264585539197,0.599604754345687,0.38634471483771093,0.5177996309517917,0.3267711570356595,0.4087087116228103,0.5626066647083828,0.0,0.5487320063497693,0.26652737110963065,0.5360132222179643,0.5664014990930666,0.38998497521405434,0.3320716834650483,0.7014460467132968,0.37591632520740925,0.5935141287337022,0.3549423854886322,0.5740038897319937,0.6223805055583191,0.46722633953237486,0.43448718290694405,0.4735814291455727,0.3980146730987515,0.4256152601899641
0.14597936895927882,0.491187213116429,0.3986011897375604,0.05537310730880246,0.48214378441053873,0.46933575449178994,0.10414708175649101,0.2857695198711537,0.40403980627574376,-0.015177581469537849,0.5173205295672053,0.10484974993374704,0.47591859960292016,0.059745386318746735,0.5848143582667802,0.5936658918407779,0.16778932936084387,0.3785925530005981,0.6334537439737569,0.7944685957280491,0.29131367689522614,0.0,0.27392422716775167,0.2657061996381973,0.21933959179071805,0.5456129191075911,0.5939137972688288,0.7033049077511548,0.6831677340185476,0.7517150271606461,0.5959300669576979,0.313720453129992,0.0,0.047971773609430585,0.0,0.0,0.0,0.055275322751602185,0.14370579098381348,0.0,0.0,0.10058438372927797,0.09615283059163174,0.24335306889173858,0.13918049270935107,0.1233884833227008,0.47190407760375164,0.5386045562687591,0.0,0.40466802798225593,0.3114539055711061,0.2145747910485932,0.3061976586997046,0.24785359616998384,-0.008961143574287234,0.4784367886362141,0.0026209452741391692,0.31222657536936127,0.35124589913581394,0.6422727504174747,0.49272208609931256,0.08488787217403798,0.30367350896892165,0.669610948694632,0.8123793238623164,0.019062435529217048,0.8252130638117465,0.31741372964385245,0.22008688204498186,0.27995547235068474,0.405403999712474,0.5213758753969181,0.486385171052214,0.506884929529057,0.4026345262138179,0.43737445488130355
0.46811255216718384,0.5025628074513938,0.8285350122063848,0.16763404619279398,0.3912643973977367,0.8088882728897868,0.4307580603514697,0.787211868988761,0.7018643227772408,0.42185370326201677,0.4915842645264748,0.4137973938651709,0.6063175784298738,0.0,0.46192587704074844,0.29682111022079516,0.4032085169266445,0.4966419308116699,0.46488063296084725,0.3794361730625769,0.5765767489142108,0.27392422716775167,0.0,0.16668952489346178,0.5503230056724767,0.5126310300507015,0.6841543742083439,0.3945360295157189,0.5814908772185328,0.21651659185757044,0.28653242340193175,0.0,0.14467177812472318,0.17259190216202563,0.0,0.007888661491044696,0.010077935001709115,0.19454878005915657,0.0,0.06363045243607945,0.0,0.0,0.10701316351904214,0.0,0.48655885975953206,0.5762639624680947,0.6248589934681965,0.7701693171920602,0.08754753382842259,0.49401215679199917,0.74913415088328,0.6211063408912942,0.7540083164153238,0.6932638187339826,0.5602812730027562,0.5298885849128477,0.2807165096373674,0.7150714129388964,0.0,0.6121559290946534,0.28287045342288214,0.499553392219035,0.6486877726088711,0.655067570957222,0.35766543069049234,0.5628576183888183,0.29185708694535006,0.9309129456964098,0.27903713312333384,0.6698642777499871,0.659459655631722,0.6719838029426692,0.3861803183861937,0.5892159404277622,0.2683120836981534,0.2289639257828583
0.3395790779859007,0.3299790814622972,0.08058176357812849,0.0,0.03676472950350594,0.21462053264388364,0.0,0.1915034997277366,0.07314147243498609,0.2097868804094277,0.1736833391555639,0.39775481831875115,0.09143276081935775,0.0,0.29288013909405375,0.27830386949947983,0.1350829015823366,0.3525271374551668,0.22257924702426687,0.20677209511930655,0.24763450169200493,0.2657061996381973,0.16668952489346178,0.0,0.29414858858276305,0.578884762095682,0.1835731447010893,0.21186548650456505,0.09285237283004286,0.31774501400822,0.17989572290624617,0.1912046846798467,0.25049053215936967,0.0,0.0,0.04896121715690886,0.1333605055663223,0.0,0.31551666762007924,0.27529033419043264,0.017615394103460996,0.0,0.1755128194908423,0.08433374824880645,0.059756963753817394,0.3291512467666222,0.4041035727296076,0.11420841851659808,0.0,0.03424232134931392,0.27561876361257354,0.0,0.21936114467033035,0.0,0.1826826062576822,0.10412028620749286,0.41198263678029523,0.33227515071588015,0.054302223935509555,0.24601982444557757,0.4437833260048918,0.3075512126163249,0.2035537564634335,0.15382501248274708,0.4188582243132758,0.17814700826126176,0.4306514317604791,0.15125561321321165,0.6505511108401401,0.3147739697474785,0.4994090934683437,0.23364104435378913,0.41266555512392683,0.1434681578638623,0.4664676024911586,0.47165102689662075
0.5058627659502365,0.6627547391529223,0.38887628760803705,0.06617820650550682,0.027634281503068014,0.5838074804349964,0.35347200796871453,0.3801836378195912,0.3884435250468948,0.8159545854403008,0.22535425352167682,0.6650328879691245,0.32018246506918524,0.0,0.5522713409091733,0.44054814570744094,0.7128951381089796,0.7378055239883329,0.09443131266573068,0.1629918961290835,0.5410829763414524,0.21933959179071805,0.5503230056724767,0.29414858858276305,0.0,0.7321238036415306,0.4452149583348407,0.1651110290887941,0.36832678643800865,0.05149383026097534,0.24379750868375294,0.13379686043256572,0.39324687636434486,0.09483330236315075,0.0,0.0,0.010017907820431146,0.15349009289736137,0.1015307490133403,0.23271374013219867,0.05948304249364897,0.0,0.0,0.0,0.5168536277331672,0.6466263002729534,0.7037831288362286,0.37002646388024507,0.25457066515831733,0.11365663212796545,0.6203769769844533,0.37693707062131093,0.3325547806298581,0.32096831811502446,0.8221102606045825,0.17425922929817028,0.5777198807616902,0.5003268237955543,0.0,0.5354526995376541,0.45996254275192044,0.8181195190261517,0.7126945874567348,0.3199966197042203,0.29373144512383575,0.4341044939521438,0.4007463045667296,0.5027828961067441,0.4771253818777192,0.8910118362545156,0.8029146808374893,0.5531894014746523,0.3164018552147419,0.5429646116532241,0.2341948802928593,0.33810441752660225
0.4376548405251105,0.8401146242677134,0.4366985971757543,0.02691111487875797,0.24260133270679815,0.6599281115461249,0.25062955307591467,0.502068492441737,0.4349025963137582,0.48427113964548674,0.3964539194408837,0.6153312480324412,0.5097533336290734,0.0,0.6580747247537282,0.5515923046925973,0.5195255571979476,0.6797989010503787,0.3798127727901105,0.47435440800739614,0.5586039399587198,0.5456129191075911,0.5126310300507015,0.578884762095682,0.7321238036415306,0.0,0.5520627965858163,0.44243538976543717,0.4652619812108638,0.4222447595040893,0.40189780769752503,0.26071810531575745,0.3004851047291225,0.06480295791590628,0.0,0.0,0.005833421923714083,0.045543050042887,0.21446423134179887,0.15572972555251213,0.0,0.0,0.13378265336434947,0.0,0.3597875883385936,0.46951189658795367,0.7740309583140947,0.47027255820927094,0.028460641215847515,0.2850215069512324,0.5680027273655409,0.3350996978424226,0.4435950726908667,0.3173760643403652,0.5314241508559164,0.3627350272254509,0.5058556170973624,0.6223275831857288,0.1351168858146905,0.639214737241588,0.5102195576296803,0.6344030788566817,0.6080664003593484,0.5288316181584498,0.6094009067563134,0.3096049793753526,0.6643762933871694,0.4903912894864364,0.6215297311959245,0.7094208132819582,0.8803763835928596,0.5941121673218213,0.4718158326114887,0.4368856751470169,0.4125397046919632,0.48272824296237654
0.22911217791951208,0.46600357339574766,0.8030134463810993,0.16416811891542482,0.6137817054495244,0.8336934537952629,0.4425096374861743,0.5651027008033397,0.8356017458886663,0.23787428286651496,0.7315587315677416,0.25032709568524647,0.7093313411424329,0.0,0.6020173165280975,0.3431616701464612,0.24043870213308396,0.35735334551872544,0.655532080764013,0.787711996445555,0.48646550839417946,0.5939137972688288,0.6841543742083439,0.1835731447010893,0.4452149583348407,0.5520627965858163,0.0,0.6414357032310478,0.7852928064509471,0.5475709227174788,0.4054742478283127,0.006802567171862894,0.062297963937549466,0.1344147887915809,0.0,0.015563944906995558,0.0,0.2042287229051566,0.0,0.0,0.0,0.00976154075430169,0.20075896009549465,0.024245697194404697,0.3519739820673201,0.3582618368745796,0.5869137279265564,0.7535798572030232,0.0,0.6886045897439823,0.6155711849581138,0.671440512094541,0.6025832051974372,0.7556184461485113,0.3935194057705559,0.7643811879371725,0.09066586404537746,0.604490750701562,0.14479867845493555,0.7201044986890293,0.3212461115905504,0.32380396668797445,0.4999058076241727,0.800525815131156,0.7345528645645143,0.33277042889800057,0.6027709390004918,0.7145536796073663,0.29640030972417636,0.5861363603891491,0.5966681724415179,0.9265865513088797,0.501923799393973,0.6317918978058479,0.37935059703408575,0.34738726988595614
0.11185783632276608,0.408913035098232,0.5431374182907514,0.18824209747127257,0.5792818557786558,0.5551176221806452,0.3233240316397502,0.4245770456671879,0.5320651368775534,0.06709360537959741,0.5577501944670064,0.09602449543468816,0.745787619773581,0.0,0.44127794954720995,0.4767761103695726,0.23656430491397,0.40449015784963543,0.6496084832469144,0.7818751337875309,0.3120378202349568,0.7033049077511548,0.3945360295157189,0.21186548650456505,0.1651110290887941,0.44243538976543717,0.6414357032310478,0.0,0.6134781924240076,0.7601305931312282,0.5356717013178809,0.0,0.0,0.15861582658940865,0.0,0.2748524590592878,0.1806871605834628,0.258081625311683,0.0,0.0,0.0,0.02521923902246761,0.480360654672858,0.27024884131868665,0.28157558700116303,0.15520229892301765,0.3949518916594561,0.613424014134065,0.0,0.6321416596338194,0.3353034431804439,0.36206394141123405,0.5277150796281218,0.41325631884811936,0.07764798578274107,0.7112957148311045,0.0,0.5348320094264012,0.3767112660451213,0.5271894124110958,0.23037642116869336,0.07719222406389525,0.33217899844805715,0.6662877028971151,0.7407085079721015,0.10252314949738436,0.6094963477003836,0.4351565077548856,0.18760999840414702,0.2348275041748352,0.3692913633265795,0.5663402546743429,0.7003836771216793,0.41436837125571635,0.39307783977275906,0.47401076311263335
0.31859285192857256,0.44839248071140275,0.6585145071630775,0.13043387345576066,0.5812906591999163,0.7950209549018463,0.3637794600499956,0.46957748770410324,0.7007496638658677,0.17294018889523327,0.5110651238259,0.11329665450912452,0.6755571471689674,0.0,0.6017658195120648,0.41171024504064585,0.20307383607073648,0.32246573008043844,0.5707768331384522,0.7851604814329973,0.48931896525497404,0.6831677340185476,0.5814908772185328,0.09285237283004286,0.36832678643800865,0.4652619812108638,0.7852928064509471,0.6134781924240076,0.0,0.6059312939603072,0.42983893098420206,0.039196069514393556,0.08409762108610795,0.20081432762286872,0.0,0.0,0.0,0.21173274022908556,0.0,-0.006298921579305283,0.0,0.017023743635461386,0.17578408943872087,0.1291270134719378,0.3037319439635108,0.32253290521562905,0.5254821784052986,0.6666072558466112,0.0,0.4914554455406694,0.5497414962351173,0.5018350824005797,0.5261686683382718,0.5667476739184584,0.3163254908501944,0.5897503980770777,0.000440095780069788,0.47906143879557117,0.14449194742668214,0.6382794166910246,0.4352114546850245,0.26435422969072186,0.5393762449159631,0.6913750071553499,0.6717979670932361,0.36684089598031444,0.6360196860514392,0.6576875031764893,0.15880771948942288,0.5315066601507755,0.4994386612585916,0.6851575381295929,0.5006097842777246,0.7392254265429323,0.4119324440131409,0.4096121666623562
0.09877171706292887,0.366307920910951,0.3890147780159877,0.08320064883513173,0.540707406467931,0.44324324305508356,0.06951992324849587,0.22705512124950714,0.3880959807890755,0.0,0.46636443945640227,0.03134884941569313,0.5173459316088829,0.12989131858238878,0.35877767558224166,0.44500041856271233,0.06103764937157924,0.22532268614564166,0.6245023945963102,0.7380608624792073,0.13035647912605441,0.7517150271606461,0.21651659185757044,0.31774501400822,0.05149383026097534,0.4222447595040893,0.5475709227174788,0.7601305931312282,0.6059312939603072,0.0,0.6318892640258061,0.2640064750426766,0.0,0.17477735616588758,0.0,0.0,0.0,0.0373150512493404,0.15530706329275262,0.0,0.0,0.1806118462311721,0.18885383749332615,0.2935870879731507,0.050616175382860784,0.0,0.3230947908852235,0.47050369076711906,0.0,0.44827911871869297,0.23218091483169406,0.13346039030242426,0.2816393341273822,0.2094957951207625,0.0,0.5006752449159716,0.0,0.2941196593495285,0.45229005038352543,0.4429519071577898,0.33764272640097126,0.0,0.19070869297918253,0.6038108458353192,0.7332715605046134,0.0,0.6468938999083398,0.2457286574339288,0.15924565953713354,0.1377922541840681,0.28194627218312374,0.44875925049077353,0.49838985489579046,0.3658915470747576,0.36792211610674125,0.44605456756569783
