0.0,0.26684174694825885,0.27929282683040957,0.2153695693999442,0.4054473719903409,0.02609160723308193,0.1527143477258533,0.25886975318885086,0.30580831911366335,0.23910325403105515,0.3673183643745342,0.06068784791039178,0.11932896051607525,0.264762725248259,0.2100558830146219,0.344593643788443,0.3384215081606663,0.40157865151440447,0.2595483657264743,0.3075465055207606,0.2824830311969816,0.3409751499903401,0.19401117714024074,0.2846035191888127,0.43389089918049395,0.44716827400588105,0.31958376282566925,0.3432814731036441,0.23485753524828773,0.16507481277941188,0.3452541329441489,0.3240636324545207,0.220645675886184,0.1936227076443603,0.0,0.10617998193492481,0.11896559095230322,0.29631851618045935,0.4683361095691557,0.3134369519758392,0.3559896874568276,0.16468932233140243,0.18432446889078663,0.1378072895345459,0.2890924686031557,0.807180219277585,0.30743075426374844,0.36181626383655585,0.18599425342289055,0.32522918311518423,0.07239286807247006,0.2565256008774208,0.20905255921655536,0.2958431381795892,0.3487684118233805,0.3657477916728845,0.04800358100972714,0.27605564769037344,0.20280087594050672,0.29629820408992147,0.49823576944012266,0.33913488515100876,0.4253902368376215,0.22059423221673877,0.6034086755502244,0.25117956579326906,0.6173584108231285,0.21546824257597288,0.27182770103522874,0.31268794047585724,0.4784465184325133,0.2682996007154488,0.43900144928090895,0.43905689827927524,0.23050236448784667,0.5492176203164667
0.26684174694825885,0.0,0.5015178449526432,0.17523319510331667,0.47359503971727346,0.7674292773790636,0.6395172641195603,0.4736870467604758,0.4418440640870266,0.7823419461834646,0.27404006520885005,0.560601044589533,0.5308695621043504,0.35701725037673265,0.5572366923360196,0.5145364360010692,0.7837081152726733,0.7444334457256537,0.27190898364184046,0.6068781439047897,0.40008062986198223,0.635358918655915,0.6055209518030369,0.336421931644234,0.9226054622366261,0.8826448700441227,0.6475242429338289,0.5629473776638105,0.4850812621079601,0.16049984493621633,0.230236231513,0.09501413205113622,0.219615259864714,0.22777575129887334,0.0,0.15202900584199242,0.09119805632659561,0.41236385970131295,0.18348098807052654,0.3192773894412866,0.15035539245108792,0.0,0.07949544839471254,0.0,0.4641010591288901,0.22365829878110552,0.8021724855171228,0.44601793988391447,0.0,0.27161670602027227,0.7057961095111429,0.4226503688433935,0.4124110418827336,0.5078653328072267,0.6613613375016587,0.3332586973456409,0.6379637356976078,0.14370197218595393,0.23642181139884594,0.5387157324805174,0.29570665689854136,0.6869516606359487,0.45865792715183273,0.23541793875633454,0.4618513844212865,0.3684113518190567,0.5499848472187947,0.5536823428021006,0.2729139770787299,0.8092959876522455,0.7562753243832682,0.6414285395741974,0.1029069990807748,0.32581632699668817,0.08110285944916062,0.2909844447736523
0.27929282683040957,0.5015178449526432,0.0,0.21577250423686806,0.6807918551145458,0.5196094997895322,0.43456403767711316,0.5547234785737313,0.80819497214167,0.6668319710207434,0.7218846421575226,0.41673131601458113,0.4778651343915438,0.17665331732109096,0.7205008356706305,0.5162485568920705,0.5504008449585829,0.4263939103075101,0.7674675077164367,0.6717377085064157,0.6062329890324398,0.6716393124988986,0.6364517196615623,0.27278574954171764,0.590104539368788,0.5658671131403379,0.7251945874335706,0.5971025256236204,0.37759011684342747,0.6322104095046179,0.4306776133917748,0.29610091405194977,0.33444533970120865,0.46027253905938303,0.09191137741835417,0.0,0.0,0.48417500424166277,0.24836135501443857,0.34309910232323715,0.3140240025949036,0.0,0.0,0.0,0.6008913803775041,0.3479095912011361,0.43248994304070737,0.8696742367821144,0.0,0.344560246734085,0.3398803125450208,0.3261062300104196,0.4543241673496143,0.7955128575033164,0.600337190842382,0.7343849500013665,0.5641269382230814,0.12930342892409669,0.0,0.6853736721801761,0.2712601100919741,0.4605314288959437,0.11309140580881673,0.6679910370579398,0.5432300473770938,0.5452347447749111,0.5937207606722743,0.5792069313135394,0.34164842293431974,0.4461238841179964,0.5790559256781018,0.49917820998595247,0.2173063874754269,0.14877552698976607,0.3957574598343131,0.3130555409019613
0.2153695693999442,0.17523319510331667,0.21577250423686806,0.0,0.4134511035945729,0.22508336921164668,0.3775568305856804,0.27741848190134905,0.3204387999966145,0.24118978114113,0.19942974589006446,0.1010795095641629,0.3372602641356067,0.061468944749255156,0.30653658326848965,0.30057612357885977,0.2549169261544516,0.3070965126137989,0.2556946919278853,0.3105995713826032,0.35528567950365814,0.2662584569638159,0.27909701802864484,0.1352884629172256,0.1999737009555883,0.234399195394316,0.2624357719271139,0.4062352652638527,0.2943105070773867,0.2570786944175339,0.3419391132196449,0.2504885874353072,0.213384200839406,0.23235028174317757,0.13355402165132496,0.0,0.0,0.3050818038264937,0.14897168970132513,0.0407671453064595,0.16971135214105101,0.05750773213907182,0.0,0.11176594405566986,0.10679548776771379,0.2611875847875996,0.16123749475442462,0.2577157584007581,0.0,0.14739284920522547,0.19033836188371106,0.18101302367455996,0.19844624502656136,0.2935407221034251,0.1373069957468008,0.2218701820988147,0.04916252849417245,0.3191781375244034,0.0,0.27324384939504753,0.22126913916930754,0.20211095600721402,0.20649755801988795,0.24264216996051707,0.22027081040186175,0.23813675066370404,0.21723639322740723,0.26769187853914356,0.09634431199445773,0.18681349682229997,0.2655775538506886,0.1568523087935126,0.14719773819127766,0.19605678695160803,0.18599614626464014,0.2626292709057093
0.4054473719903409,0.47359503971727346,0.6807918551145458,0.4134511035945729,0.0,0.494808321662776,0.6520814416909869,0.546304430272029,0.8097541828727642,0.6282358760453793,0.6511079512846014,0.3958555435964877,0.5621518470529746,0.18221818492891484,0.5722306595212622,0.4973663315529291,0.5479178308471938,0.5296773561541793,0.5281262865473283,0.6272801503560516,0.5474638797140173,0.5837719159109092,0.5242007062773362,0.32350980224016984,0.5623073776125824,0.5128590753095505,0.7045163997967463,0.5709550299878549,0.48455270386607663,0.6003840377709782,0.45749551137748945,0.39346297344197045,0.4557545323913714,0.4231220726065393,0.0,0.0,0.0,0.5201987436274521,0.33733854056965495,0.431299328736941,0.2947080013671677,0.0,0.0,0.0,0.48176290189133014,0.4697877618954589,0.45383315248796974,0.6649317322638325,0.0,0.49709696738953796,0.28070077700290735,0.41058801902294967,0.4033757998950276,0.7720810378472255,0.5208903276052326,0.6312010242802528,0.44150787407638137,0.3196538356786793,0.05949488515771781,0.6004718589805165,0.3781069453766996,0.45592157964554414,0.2561636558566478,0.4370740827333519,0.6375418551177909,0.517985724718206,0.6014243526839509,0.4246655673189877,0.32169073484236343,0.45605872401653874,0.5309393797223008,0.5003632007110711,0.31831321362119236,0.3571973120363806,0.4144975229534055,0.39045888565367093
0.02609160723308193,0.7674292773790636,0.5196094997895322,0.22508336921164668,0.494808321662776,0.0,0.6354584252253017,0.6696959726715785,0.4880095142912091,0.6650822399933408,0.22542098447851627,0.6221980443035182,0.6733865282196307,0.2915879958240547,0.5538764332550636,0.42196767412541125,0.5807391931713226,0.5083145111929387,0.257094771799605,0.5041647394250726,0.43412398638956273,0.4782990473733117,0.8214331468307168,0.38770547936084343,0.6620484449066053,0.6978496590841913,0.6179471642209469,0.4587432297180953,0.5063597706259864,0.22872700434604865,0.20481806334897554,0.13144312046527873,0.23236628469917506,0.21521386412754612,0.0,0.14104767520811307,0.0,0.34779036707775013,0.1030033287174472,0.23575208126226016,0.03621904919706484,0.0,0.0,0.0,0.34580721030517925,0.05058868761197338,0.5768629819282611,0.41286217724873986,0.0,0.20823739796357124,0.6892984276480877,0.3320820991748985,0.5854317935926981,0.4675392789363342,0.47004942487119666,0.27626829665078995,0.634411724212002,0.18781856291786436,0.12278880558161204,0.46552424665541703,0.10334155466760672,0.49592170676405267,0.15679613114230118,0.18347686306560826,0.22931597713662097,0.3802006028602588,0.25809770585605973,0.6580824526112588,0.30832925120900534,0.5500136627623072,0.5573245551743395,0.480485803696585,0.0,0.11365881008776543,0.01915157005794746,0.07867880628768223
0.1527143477258533,0.6395172641195603,0.43456403767711316,0.3775568305856804,0.6520814416909869,0.6354584252253017,0.0,0.321117564777143,0.6236392291674902,0.7425394113526396,0.20479609379221678,0.2678968322218499,0.6442289468859909,0.07612896508127717,0.5943531953562486,0.6280860643467461,0.7520358736997501,0.6470972003060953,0.32967002408979235,0.6771147648304765,0.5884082124164237,0.6755570954094562,0.49290424141465916,0.07110136675595868,0.6928346835818295,0.5520203184478809,0.7361891549866244,0.7089129421636169,0.740290391189603,0.4287356557099977,0.5134961013746847,0.14013821778266855,0.15007502646874157,0.39139062239450684,0.0,0.0,0.0,0.4160592215559521,0.17205399280202877,0.2118236280428359,0.19838162966065304,0.0,0.0,0.0,0.38363382558296927,0.3076500686427909,0.65565219756597,0.434668918024015,0.0,0.1814800805715521,0.5389790188025084,0.5169866317171874,0.27746831616427153,0.6320413392575084,0.6265600709284423,0.23635052415681743,0.40478313467015753,0.30336757905240347,0.0,0.661033473813045,0.45856874186608954,0.6942491871126563,0.45467661521296365,0.31832626332939484,0.3833426389371791,0.5743446069491605,0.47555633545942555,0.5380531822359652,0.10378138432251904,0.7134996494931922,0.6496890904035152,0.7374879735208343,0.12707624865341227,0.4990041373445826,0.06285084780408437,0.34547255170251134
0.25886975318885086,0.4736870467604758,0.5547234785737313,0.27741848190134905,0.546304430272029,0.6696959726715785,0.321117564777143,0.0,0.48292562263230454,0.45143034514962876,0.48357579067647133,0.6685218491635625,0.5067598797935633,0.3027350809501897,0.4141107466084946,0.2257525431685435,0.35589825588668034,0.3212445262726195,0.3227123702741174,0.3147209650182725,0.41613924870530894,0.26141154586542703,0.8088223791011852,0.6347335269870009,0.413971734867701,0.583468293142432,0.3850844447058671,0.36040784588564756,0.12862733710438745,0.2438313077122874,0.13056589440370037,0.32396900948431195,0.32210441255470235,0.1273685243259697,0.0,0.25451848390627596,0.0,0.3715131413316839,0.26485264525466584,0.3407964374959446,0.03728343914754163,0.0,0.18449710839327554,0.0,0.4140758724882193,0.1758170802601646,0.29340965115005235,0.5330293619611254,0.06712483861924451,0.3850331554782218,0.42150627929453477,0.28835619789281625,0.7561136645642992,0.47080018779340416,0.3125545514472569,0.5149523398998989,0.560783614471554,0.27235177680801653,0.22285801203225408,0.35896332435743156,0.0,0.2725456825162377,0.0,0.23001014670212344,0.3684000852868527,0.3256858796477327,0.2625849743916666,0.5457888452213135,0.537120283667591,0.2507484519829835,0.46420629798886837,0.18745155288468268,0.1053489767503607,0.0,0.2629961993682769,0.09687652633578336
0.30580831911366335,0.4418440640870266,0.80819497214167,0.3204387999966145,0.8097541828727642,0.4880095142912091,0.6236392291674902,0.48292562263230454,0.0,0.6524754690241771,0.657517827056582,0.3929619818273085,0.568666745370479,0.09258722678531774,0.7254215419561258,0.541043003183312,0.5673578615231756,0.47292386169244294,0.6144723553255133,0.6975205109680919,0.6457217365522336,0.6577065636322458,0.5620978266320314,0.2783033720785714,0.5586252642577451,0.5306695947699535,0.7450052488755481,0.6665942000291359,0.4695492875040253,0.6183175316122999,0.4701689613325645,0.32132586133734325,0.3407300074254014,0.4294091976644687,0.030638391839163708,0.0,0.0,0.4943119058236011,0.26577384982877233,0.3708659184007044,0.31658331762915454,0.0,0.0,0.0,0.5219540218952499,0.422768817104255,0.46245626023841313,0.8231803987817732,0.0,0.48882632169500106,0.3124850608467663,0.485581198904158,0.43432710352286175,0.9255195046919233,0.637637460560648,0.7082070169456685,0.5057370187272537,0.3153199894407447,0.0,0.7344424996313672,0.4107255919867159,0.5493459977976185,0.2722064965778545,0.5041774190631243,0.6156342242013565,0.6122859518904803,0.6340584085732811,0.5286438733919636,0.3913068402059375,0.5303139903808756,0.6358892125807973,0.5678687648429375,0.26395919410485474,0.31005317165054197,0.3432078634886281,0.40790019599074184
0.23910325403105515,0.7823419461834646,0.6668319710207434,0.24118978114113,0.6282358760453793,0.6650822399933408,0.7425394113526396,0.45143034514962876,0.6524754690241771,0.0,0.3940798151397361,0.5247341232117255,0.6402539141739474,0.15134275076698628,0.7210292616279537,0.7211818169874975,0.8853368059558209,0.7301403939324455,0.5054049702918701,0.7543047719302663,0.6390838946207044,0.7747315250985429,0.62248614776718,0.23771251069213586,0.870420394191987,0.7546309024742717,0.7621404586384269,0.6816606451068938,0.6458090271503585,0.44993429386099626,0.518732481679015,0.22400902349596663,0.28815561724866756,0.47227663646648543,0.0,0.0,0.0,0.5447043409169136,0.18127800790676216,0.3933690442555233,0.26300859784421077,0.0,0.0,0.0,0.5613618972255668,0.36147884890243254,0.7036333554784908,0.6175376946841815,0.0,0.30084619387739825,0.5575187314747753,0.5259183383481806,0.4279751432490705,0.7060980300594581,0.8924883458280786,0.40526402834414044,0.7088259800908251,0.33372443545014013,0.0,0.7624671479899453,0.4863124222346954,0.8276754622308046,0.46767513990312054,0.457233632642114,0.5150880075842742,0.6265414768874991,0.6282799765466907,0.6667037704999735,0.2606304867191092,0.7938925755584246,0.8096888454230728,0.693247386711449,0.1926571197065957,0.4170542022969551,0.10405109197959386,0.4365729596308272
0.3673183643745342,0.27404006520885005,0.7218846421575226,0.19942974589006446,0.6511079512846014,0.22542098447851627,0.20479609379221678,0.48357579067647133,0.657517827056582,0.3940798151397361,0.0,0.2671122846050794,0.2542009215121806,0.15846746728381877,0.3873725171429652,0.2741008865328701,0.3108622069903981,0.30067458151539184,0.6662759952648598,0.39051009320423,0.34644061803627496,0.3924226248300392,0.35081986859986347,0.23957526440650573,0.37650770797394584,0.3342260595504625,0.49082315088206135,0.334857535371599,0.10459763287444324,0.4760724766433382,0.28305675531331503,0.3819078282583541,0.31347666847397976,0.23192771465202985,0.07592802285831535,0.0,0.0,0.3337821406841015,0.27989587225512896,0.38936867032410755,0.16355237052994265,0.0,0.0,0.04241210918678565,0.3843824310701218,0.34403400747948154,0.2696882858471416,0.848929600351236,0.023776271555887907,0.4514393820757467,0.1064732557236715,0.200848612351079,0.3359909737971011,0.5893880106793268,0.3616051080465216,0.909142967773004,0.32208313527866617,0.16468850716403155,0.01576972948815783,0.40448605966036516,0.1394487275208279,0.23694490633334325,0.04057608501211021,0.6289060628167651,0.5915287667272957,0.27705684481179116,0.5323631205746728,0.26820782460985765,0.2559610718770357,0.26302813954301596,0.36006746320719873,0.2776718933264558,0.3240316900961268,0.1287553397925836,0.48276838432044833,0.2448745191692404
0.06068784791039178,0.560601044589533,0.41673131601458113,0.1010795095641629,0.3958555435964877,0.6221980443035182,0.2678968322218499,0.6685218491635625,0.3929619818273085,0.5247341232117255,0.2671122846050794,0.0,0.5801664663559454,0.21791494656683152,0.35717081899661646,0.1617706982831238,0.442676698866536,0.4356595972278095,0.08243303326456022,0.23979461045587647,0.24916027827325682,0.20644270233880196,0.6019915213299671,0.7578470923717113,0.4510675761488959,0.6938375346845974,0.26394624664926697,0.36079847601515785,0.09484061824970988,0.0,0.0,0.06806048876230547,0.47998132317912456,0.055665978544556446,0.0,0.3625111233504086,0.09956232713228327,0.2999459062213895,0.2299711716319264,0.4882061791614559,0.018225414692594435,0.0,0.2878082494967405,0.09638917241989024,0.4199063992236306,0.0,0.23597674647514671,0.3629078158274448,0.022163208844444227,0.33930137018524154,0.4175921787337,0.24891356711579093,0.5536619417044644,0.4354234634453283,0.37671586405627994,0.29631003817505885,0.8115659742723285,0.21384467194450585,0.16952877433514907,0.32007911052542726,0.0,0.35087573649555726,0.15618126571445967,0.0,0.26897225593956814,0.19081242964052955,0.1924169165474804,0.37265240060096005,0.6352847943922328,0.25163012663130113,0.47513239462973456,0.1597950380233619,0.11112242345974066,0.0,0.17162937335890596,0.06069010089654707
0.11932896051607525,0.5308695621043504,0.4778651343915438,0.3372602641356067,0.5621518470529746,0.6733865282196307,0.6442289468859909,0.5067598797935633,0.568666745370479,0.6402539141739474,0.2542009215121806,0.5801664663559454,0.0,0.09740775131310919,0.580405025933397,0.5475685245751027,0.6524169942017817,0.6862237216824928,0.26057525331531534,0.5425266540085923,0.612402696257407,0.4962654249788309,0.6028481540000965,0.41139533943861273,0.529868700647097,0.6288732876401014,0.5082313729560146,0.6809994181759055,0.6407124717241421,0.31199341109591006,0.36464817074437256,0.28748423826797365,0.3712962905872028,0.3266634907133452,0.0,0.07857303672293156,0.018502767663500397,0.43110764435822047,0.27248630578468797,0.3540103401375756,0.21735398065290895,0.0,0.01396153867890268,0.13086132311049195,0.4079398635197995,0.25298679040581884,0.38772618633503086,0.39002037012904556,0.07398399199613158,0.3176178136152146,0.48195363160895965,0.4637736331156638,0.5538073718220226,0.5621782739425081,0.5749438092827649,0.2526825152950572,0.6205553749343717,0.5910979871514666,0.0,0.5913528248541322,0.3976742362672022,0.5962280836999013,0.43138196768322723,0.18031031878450401,0.32248257151312115,0.536868771811198,0.3221192106138153,0.5585352395510408,0.4315208442077783,0.47651608769085696,0.6298131780044022,0.3957953309067135,0.31214624218601783,0.32449845494526497,0.09808706764342248,0.35607685961077506
0.264762725248259,0.35701725037673265,0.17665331732109096,0.061468944749255156,0.18221818492891484,0.2915879958240547,0.07612896508127717,0.3027350809501897,0.09258722678531774,0.15134275076698628,0.15846746728381877,0.21791494656683152,0.09740775131310919,0.0,0.0965693442782591,0.0883937905670234,0.20098603696593817,0.2128277217913871,0.024518393529851468,0.11928513980256811,0.03906983376066882,0.12472518439642215,0.31584768381554457,0.35602850862633184,0.263541387216469,0.37791543106466896,0.14157989486749417,0.11343942880241478,0.0,0.0,0.0,0.09994255259858403,0.07711898713747192,0.0,0.0,0.4186203790733465,0.1450881969142486,0.1122908577716356,0.1354120902189172,0.21705585937094235,0.01580272620504143,0.03407493204451145,0.3444169354160314,0.06379485445502667,0.1662245446551618,0.13292045401870817,0.24056016544257397,0.1983642444536875,0.13491646605355298,0.1265421912138242,0.33206846861432004,0.06433901857106003,0.36696449509608253,0.0697241014982145,0.12302896555374121,0.1831960013484798,0.22159880607075577,0.04162211664595536,0.5925038291991191,0.07056747366535232,0.005951972153011645,0.17823780560573138,0.1911160434990296,0.006122046233939554,0.21116563402958194,0.06817169197254254,0.20863653065034896,0.28197544435353755,0.3116724528723268,0.1811931514885115,0.30878819150088666,0.12527536270480696,0.01292786848131705,0.0,0.08106751015204502,0.07954706825966879
0.2100558830146219,0.5572366923360196,0.7205008356706305,0.30653658326848965,0.5722306595212622,0.5538764332550636,0.5943531953562486,0.4141107466084946,0.7254215419561258,0.7210292616279537,0.3873725171429652,0.35717081899661646,0.580405025933397,0.0965693442782591,0.0,0.7301988642482201,0.6794861399380876,0.57670948074776,0.5997331944115692,0.8683347117397171,0.8372643028204548,0.8478723979012345,0.6215346563873566,0.15820577529034563,0.620454175969859,0.585834064046683,0.7819907283877102,0.7403368721649148,0.6808206129819507,0.6331556956030541,0.6162366132425705,0.23420130780850515,0.20276330161858103,0.5841156101493399,0.0,0.0,0.0,0.4767629684909537,0.11923969500093529,0.17724493732935093,0.3347982103960371,0.0,0.0,0.0,0.5108302588246199,0.41113566807932544,0.5530649910698191,0.6057733117894472,0.0,0.2759339568115361,0.4231978356536533,0.46742275102844855,0.41808547744527697,0.7512607518427192,0.7065623292990275,0.43186256893646174,0.5380047678471165,0.2630782328305343,0.0,0.91129913754218,0.5206809611794256,0.6846849082803378,0.4080480537988661,0.47820766337088877,0.505471122576508,0.7738170879450506,0.6547290209866032,0.6727457574525453,0.2737090671923679,0.6070873315290749,0.7025317483056711,0.6093003140185331,0.21130925274868329,0.3296734632548054,0.14050444479326032,0.42601219773410565
0.344593643788443,0.5145364360010692,0.5162485568920705,0.30057612357885977,0.4973663315529291,0.42196767412541125,0.6280860643467461,0.2257525431685435,0.541043003183312,0.7211818169874975,0.2741008865328701,0.1617706982831238,0.5475685245751027,0.0883937905670234,0.7301988642482201,0.0,0.7486666610945386,0.745346158149928,0.5260480810487951,0.7976590363802394,0.7225177968841947,0.8412858977265661,0.46711092278148525,0.0,0.6328586536449824,0.5438454077189343,0.6595732593930415,0.7447166808429868,0.7593384366862846,0.5456462856648912,0.8017608732846608,0.2524566799059514,0.06309108717723907,0.63204096005345,0.005277875741295374,0.0,0.0,0.4517276871481548,0.03610759372378047,0.07178937898826188,0.3697259503845236,0.0,0.0,0.0,0.48969673924765866,0.49248932257604927,0.5433709278405264,0.48796378181125755,0.0,0.13935300188638122,0.36639458945276676,0.39949955559741207,0.21206355075494904,0.5665612583882583,0.7127701224730789,0.269896992952465,0.3780063578927985,0.3290642323785963,0.0,0.723841576677001,0.7329789802482455,0.7770453042801152,0.5693657335493365,0.4709160624572607,0.4448979735344458,0.6789727000513637,0.6748323057279886,0.5701221683428883,0.06258123013952568,0.6461752825220484,0.6824652769519307,0.5593121075940348,0.21023749004400796,0.48347338188960287,0.0,0.5004239244471617
0.3384215081606663,0.7837081152726733,0.5504008449585829,0.2549169261544516,0.5479178308471938,0.5807391931713226,0.7520358736997501,0.35589825588668034,0.5673578615231756,0.8853368059558209,0.3108622069903981,0.442676698866536,0.6524169942017817,0.20098603696593817,0.6794861399380876,0.7486666610945386,0.0,0.8496991186067011,0.39177972254977333,0.7265778351757817,0.6314729360050351,0.7699169638639203,0.5271414483139093,0.21945244990161916,0.844757558301576,0.7947354176542991,0.7000866625265869,0.746082369398144,0.6822298115467118,0.3447618103680241,0.5345611129736461,0.20635599150530642,0.18826180332475215,0.43677838937696534,0.0,0.0,0.07662827022782115,0.4905707956060208,0.22358060504410024,0.3359737850890584,0.2886922194537495,0.0,0.0,0.0,0.5260940219656959,0.4207762187260812,0.7398098047983965,0.5016988801235911,0.0,0.297163488513575,0.543772826810111,0.5624145536050504,0.3692444132483929,0.6455923918389779,0.8310717653822934,0.31652000580006995,0.6068723853124891,0.40431849915775037,0.06118771856078984,0.7417817447305965,0.6307246611754325,0.8984979572195939,0.649005691152199,0.3657537319236173,0.5330311299590226,0.5839314283550952,0.6825009309022894,0.5698131096865762,0.2755637294201916,0.8063844998327461,0.8581695430779787,0.6590328363990456,0.2638034096784283,0.5165824217288237,0.0486504883579261,0.5215093508777426
0.40157865151440447,0.7444334457256537,0.4263939103075101,0.3070965126137989,0.5296773561541793,0.5083145111929387,0.6470972003060953,0.3212445262726195,0.47292386169244294,0.7301403939324455,0.30067458151539184,0.4356595972278095,0.6862237216824928,0.2128277217913871,0.57670948074776,0.745346158149928,0.8496991186067011,0.0,0.28140195118700945,0.6565710265879217,0.5791776093143541,0.680131484603427,0.4348918004527279,0.32015381470031745,0.7827460881203772,0.7677825803981874,0.6226979748016941,0.6927328250888763,0.6732768571788249,0.23646443339902817,0.47936395229231765,0.24052866659559674,0.3485399098004177,0.39699256971820407,0.0,0.05582247537089802,0.1139230810088607,0.531488403427931,0.2681734504416865,0.3801975419580619,0.28935028170412364,0.0,0.020606789124550745,0.07714341347598402,0.48155782219134347,0.41557247090141947,0.6395278332385324,0.42439679289755927,0.029565218562021933,0.2893253473420212,0.474506855969806,0.4467418047823591,0.3220448507484671,0.5225743107108736,0.6820881418593057,0.2808205773491021,0.5310113463515835,0.45089024851030474,0.09623755753357513,0.60689179477657,0.6434956491990353,0.7730605285584227,0.7445291405417842,0.2794650290473196,0.4937304104017872,0.49124961414043133,0.6189297595664202,0.48103909482839813,0.2978778171752544,0.7158014825066371,0.7569277324344277,0.5393842084526623,0.35564650453694074,0.5204005858846245,0.14417234555290334,0.5157253725063057
0.2595483657264743,0.27190898364184046,0.7674675077164367,0.2556946919278853,0.5281262865473283,0.257094771799605,0.32967002408979235,0.3227123702741174,0.6144723553255133,0.5054049702918701,0.6662759952648598,0.08243303326456022,0.26057525331531534,0.024518393529851468,0.5997331944115692,0.5260480810487951,0.39177972254977333,0.28140195118700945,0.0,0.6024828890267349,0.536878070648932,0.6352649442313214,0.3523420810943839,0.0,0.3735696334826084,0.23058843528708964,0.5597521994917458,0.4447176566571211,0.3431089928964837,0.686540050969529,0.552767030079404,0.3771561685001493,0.20013376349952766,0.5275859741025534,0.24132794602358643,0.0,0.0,0.3124125849450456,0.1362955810420401,0.14029781219166376,0.3006619822649512,0.0,0.0,0.0,0.45102720411762937,0.34718932303384353,0.3415000428510089,0.7323512915342218,0.0,0.20219051006846767,0.1450046543787691,0.26099965951473875,0.18761006427206614,0.5989294725354671,0.5133035364696339,0.6865381257555487,0.2659612739829056,0.07421616799266578,0.0,0.5603816518000517,0.3055070191461986,0.3609726160457083,0.032124914250349246,0.9073277429446827,0.4738552799685131,0.5003425096894417,0.5893996622574494,0.4163997096794757,0.0,0.33170195787876977,0.3687786495569028,0.37116946865753053,0.1541092779996892,0.16066764234720268,0.3595817407655626,0.29500494428854657
0.3075465055207606,0.6068781439047897,0.6717377085064157,0.3105995713826032,0.6272801503560516,0.5041647394250726,0.6771147648304765,0.3147209650182725,0.6975205109680919,0.7543047719302663,0.39051009320423,0.23979461045587647,0.5425266540085923,0.11928513980256811,0.8683347117397171,0.7976590363802394,0.7265778351757817,0.6565710265879217,0.6024828890267349,0.0,0.7653471236635092,1.0117800451154673,0.5197746407172974,0.0,0.6722688894369102,0.5760595861720169,0.8151877425596228,0.7980468730873319,0.7517565106965598,0.649057612170252,0.6983862067203723,0.23643070434153934,0.09246851347551756,0.5838922667999933,0.0,0.0,0.0,0.4788943829036716,0.1187430231408596,0.10990688459237938,0.40987557603029146,0.0,0.0,0.0,0.5518532651759073,0.4465942582202994,0.6286447128724665,0.6026821534226131,0.0,0.18465816848919708,0.40103101822631726,0.38522688204092553,0.2675382876575049,0.722527842478039,0.7179528322631188,0.3857127926824449,0.4558946667281208,0.2150115778810222,0.0,0.8474708421324328,0.6079217779268645,0.6668759528564037,0.44902073928212927,0.5272800925861939,0.5715383851144339,0.7234250547193949,0.775313319854219,0.6092156880897377,0.09797747891984367,0.7018329781951789,0.7049102143929745,0.6655662983601531,0.2263585837881955,0.43369492941329196,0.16772014845205496,0.47522876004144265
0.2824830311969816,0.40008062986198223,0.6062329890324398,0.35528567950365814,0.5474638797140173,0.43412398638956273,0.5884082124164237,0.41613924870530894,0.6457217365522336,0.6390838946207044,0.34644061803627496,0.24916027827325682,0.612402696257407,0.03906983376066882,0.8372643028204548,0.7225177968841947,0.6314729360050351,0.5791776093143541,0.536878070648932,0.7653471236635092,0.0,0.7413482330154256,0.5892330707144405,0.12594312999934484,0.5364667961792478,0.49117848582532864,0.6746328074993047,0.7080983973845859,0.7574821984294324,0.5826328522171078,0.6966678318484998,0.35406303503371095,0.10927781731519437,0.607227912078398,0.034460907757172386,0.0,0.0,0.45430144339760936,0.1489024883788715,0.1110697507556137,0.32699041027015086,0.0,0.0,0.0,0.43997131246683246,0.4912808996745508,0.4524046745610219,0.5118178838347494,0.07559452533397583,0.2388143235336196,0.3305579278197291,0.4836474204336808,0.4422077872923594,0.6731962126110488,0.6662596527485158,0.3575818185937487,0.399950760425251,0.43602120488832513,0.0,0.8121027884228411,0.6356259806356728,0.6785410844897186,0.42609683336069104,0.42216348699118145,0.45356688799816824,0.8724404140046825,0.5994732743225716,0.6415851038347778,0.2338393103354781,0.5445046911053852,0.6719253049696903,0.5137097721495549,0.28933627506960846,0.43195853806932977,0.1002538110826089,0.5077740425237294
0.3409751499903401,0.635358918655915,0.6716393124988986,0.2662584569638159,0.5837719159109092,0.4782990473733117,0.6755570954094562,0.26141154586542703,0.6577065636322458,0.7747315250985429,0.3924226248300392,0.20644270233880196,0.4962654249788309,0.12472518439642215,0.8478723979012345,0.8412858977265661,0.7699169638639203,0.680131484603427,0.6352649442313214,1.0117800451154673,0.7413482330154256,0.0,0.4777209348193254,0.0,0.7307572153974755,0.5961811722621149,0.8348556735143293,0.7826718558859893,0.7555205356327516,0.6194437734858159,0.724476291519905,0.21515645598616634,0.08369902893101122,0.5937231358257087,0.0,0.0,0.0,0.45903590215025797,0.09364410532772226,0.09983141578577165,0.4019297338137927,0.0,0.0,0.0,0.5244495572271342,0.48193073662759195,0.6511185494945964,0.6075977909882186,0.0,0.15909129222689022,0.3974800903442661,0.4066507888531509,0.20050657938923905,0.6998671609642686,0.7554206352672457,0.39443564045757196,0.4172715009124206,0.19926672694455475,0.0,0.8396701026978315,0.6330625004033363,0.7089564585102919,0.4903057057139436,0.5875390822927669,0.5557199638809414,0.7114533074392124,0.8074016635691004,0.5898426895795648,0.04424243101485792,0.7438916409337126,0.7183487703248688,0.7224618534677039,0.2208912473330192,0.4662588007680066,0.1284189093771085,0.49384084093106906
0.19401117714024074,0.6055209518030369,0.6364517196615623,0.27909701802864484,0.5242007062773362,0.8214331468307168,0.49290424141465916,0.8088223791011852,0.5620978266320314,0.62248614776718,0.35081986859986347,0.6019915213299671,0.6028481540000965,0.31584768381554457,0.6215346563873566,0.46711092278148525,0.5271414483139093,0.4348918004527279,0.3523420810943839,0.5197746407172974,0.5892330707144405,0.4777209348193254,0.0,0.45272725684301524,0.5827421087070144,0.6945778551792239,0.5887653424305616,0.4935610887159725,0.4052821259378103,0.3123379318411271,0.31173478127070453,0.25176364180956223,0.2302181045244449,0.271898940011879,0.0,0.12020680877218962,0.0,0.4310215928130822,0.10287740469173227,0.2506235033738497,0.10360251037945911,0.0,0.0,0.0,0.4407396904153636,0.19469845441904116,0.46351262522847086,0.5414073780849578,0.0,0.2423287644145767,0.582893313827394,0.3175061164387898,0.7440041131176554,0.5396939514576217,0.4862773420291443,0.398550000350045,0.6177700135056896,0.2637296964030362,0.08455979825281895,0.5405212330212041,0.1432104205036649,0.5021661024265924,0.1320091499113939,0.28028821173411517,0.3002572594839521,0.5065742159149356,0.31559529916735873,0.7920372711821752,0.43876666185615765,0.44787077364647454,0.6185303032993636,0.38161595618654703,0.0,0.06660506196886673,0.023241200597375722,0.12779301082888272
0.2846035191888127,0.336421931644234,0.27278574954171764,0.1352884629172256,0.32350980224016984,0.38770547936084343,0.07110136675595868,0.6347335269870009,0.2783033720785714,0.23771251069213586,0.23957526440650573,0.7578470923717113,0.41139533943861273,0.35602850862633184,0.15820577529034563,0.0,0.21945244990161916,0.32015381470031745,0.0,0.0,0.12594312999934484,0.0,0.45272725684301524,0.0,0.2970450723513641,0.570426993013343,0.08223599704187644,0.19022187824874065,0.0,0.0,0.0,0.1443636069933844,0.5311910187261423,0.0,0.0,0.5331586521265915,0.2123523144229872,0.24556891658851487,0.403572715923315,0.5499456642521235,0.0,0.05242040414938766,0.48448337345056136,0.19035622257655038,0.2897827803878632,0.1650164367434138,0.12029632431823645,0.22517330520006712,0.23180948113841837,0.41178662581901304,0.2962383580801029,0.2009658252322607,0.5700998324970414,0.26351941694111586,0.15784947056468548,0.2783591860588749,0.5885138128967022,0.2901673490582558,0.3170763780292841,0.10687353577850431,0.0,0.1754705361367801,0.17399305374580742,0.0,0.2796919677300528,0.06954363266746752,0.1136950962194789,0.22086208867912788,0.8345724480076133,0.09521443718993569,0.3733604314463445,0.007333609458054113,0.2463909096688253,0.0,0.244641000642086,0.15024466064049685
0.43389089918049395,0.9226054622366261,0.590104539368788,0.1999737009555883,0.5623073776125824,0.6620484449066053,0.6928346835818295,0.413971734867701,0.5586252642577451,0.870420394191987,0.37650770797394584,0.4510675761488959,0.529868700647097,0.263541387216469,0.620454175969859,0.6328586536449824,0.844757558301576,0.7827460881203772,0.3735696334826084,0.6722688894369102,0.5364667961792478,0.7307572153974755,0.5827421087070144,0.2970450723513641,0.0,0.8737706933837142,0.7698682852080191,0.6046123849940079,0.5869235028881006,0.2603710411611773,0.3677619245550683,0.16782959748330722,0.27591468095223437,0.32511505740342445,0.0,0.04400155382698722,0.04295229114674678,0.4721477365604711,0.2738006554598866,0.41957020982243237,0.25476000485328876,0.0,0.012894341036485138,0.0,0.5228132233742288,0.41461152330995116,0.8411662645027198,0.5384796408332563,0.0,0.3135608252858789,0.6012317327741876,0.47111181554233367,0.3798717007869906,0.5969023614800069,0.7926043398482295,0.3979849045978298,0.5862314058990136,0.21276816641476587,0.12910856215819116,0.6503834813805551,0.44537965952319913,0.7505349317282295,0.507123761895435,0.33283366329348124,0.5802888788982404,0.4988731906300581,0.6804595536276379,0.5818507769676794,0.28453681613825915,0.8771962377226047,0.8298435058741378,0.7311181438726824,0.21186985048441226,0.47746181439805474,0.09686506389583605,0.43447993848320676
0.44716827400588105,0.8826448700441227,0.5658671131403379,0.234399195394316,0.5128590753095505,0.6978496590841913,0.5520203184478809,0.583468293142432,0.5306695947699535,0.7546309024742717,0.3342260595504625,0.6938375346845974,0.6288732876401014,0.37791543106466896,0.585834064046683,0.5438454077189343,0.7947354176542991,0.7677825803981874,0.23058843528708964,0.5760595861720169,0.49117848582532864,0.5961811722621149,0.6945778551792239,0.570426993013343,0.8737706933837142,0.0,0.6069653434346951,0.5976938227678881,0.44938951885071166,0.13098625315717843,0.24263004468179997,0.16784088415191045,0.3511734652203033,0.2053978272936998,0.0,0.22745195384416547,0.13013918570977334,0.4537338240297464,0.28045361147163184,0.45280517445436996,0.20828537548521575,0.0,0.12948536060603155,0.02343414552686121,0.5078106981079591,0.3559696827619906,0.6364260703988845,0.4993776511281203,0.031174378729037763,0.338571162418593,0.5861852796090284,0.41017616297005666,0.5100091120379409,0.5836885493041207,0.6533837875131719,0.3643080702444143,0.682801593133165,0.2619706674819391,0.21146680483995983,0.5914972326022943,0.3504187283039777,0.6784396348187418,0.48073911143041426,0.18048335167049892,0.5340112726886426,0.40220107589965115,0.5743055406613606,0.5659758925452694,0.5021994856965695,0.6564824085266852,0.8369811442236964,0.5400703332972581,0.2065146301733107,0.30458771859288963,0.09282008482358242,0.3614949963910893
0.31958376282566925,0.6475242429338289,0.7251945874335706,0.2624357719271139,0.7045163997967463,0.6179471642209469,0.7361891549866244,0.3850844447058671,0.7450052488755481,0.7621404586384269,0.49082315088206135,0.26394624664926697,0.5082313729560146,0.14157989486749417,0.7819907283877102,0.6595732593930415,0.7000866625265869,0.6226979748016941,0.5597521994917458,0.8151877425596228,0.6746328074993047,0.8348556735143293,0.5887653424305616,0.08223599704187644,0.7698682852080191,0.6069653434346951,0.0,0.6580919186941421,0.7170489808475984,0.549974834066923,0.5577892209326675,0.2695827072991145,0.19730199080607577,0.4931786902274294,0.0,0.0,0.0,0.4527334277612091,0.22611676264353087,0.25267314455017387,0.2855694091017691,0.0,0.0,0.0,0.492501637024893,0.4557123481424115,0.740720797617596,0.6728584943178861,0.0,0.3911813906648712,0.4965028757396366,0.518073957578641,0.31624615705838716,0.778894168939632,0.7223532704361417,0.5157834518977564,0.42890108402817856,0.2277112721551272,0.0,0.769832494285093,0.5286774539526942,0.6564272612114559,0.3901254464405446,0.49495778306643745,0.6163687607310031,0.6467127518429813,0.6853349684349784,0.6179423164191437,0.14092753833083455,0.7441279374133342,0.6876777672245411,0.8384121008836767,0.2475712721670782,0.5317854794149761,0.1328663333429332,0.41395024589197493
0.3432814731036441,0.5629473776638105,0.5971025256236204,0.4062352652638527,0.5709550299878549,0.4587432297180953,0.7089129421636169,0.36040784588564756,0.6665942000291359,0.6816606451068938,0.334857535371599,0.36079847601515785,0.6809994181759055,0.11343942880241478,0.7403368721649148,0.7447166808429868,0.746082369398144,0.6927328250888763,0.4447176566571211,0.7980468730873319,0.7080983973845859,0.7826718558859893,0.4935610887159725,0.19022187824874065,0.6046123849940079,0.5976938227678881,0.6580919186941421,0.0,0.650455106671574,0.5799968455082767,0.6003840157197504,0.1800989044273822,0.1467077266005778,0.49076200283810045,0.0,0.0,0.03705128257828599,0.4895350587269594,0.23397634713514803,0.19226393358843652,0.39010183519631303,0.0,0.0,0.0,0.5399656636250456,0.47804289098671043,0.5291586207726072,0.5839273603900046,0.0,0.30046412002450207,0.4500368877065811,0.5029134091602299,0.3741075978955907,0.7387062827272564,0.6698958093811465,0.377678627027103,0.5255148633075573,0.4250856626411763,0.0,0.7834166461213047,0.597189148365119,0.7006913067546119,0.5613147666864151,0.4141291550062776,0.510900578536835,0.6722021509469936,0.6671037164468292,0.5977555998032911,0.27331586541853664,0.6159513571784611,0.7478187846902586,0.605386645088039,0.4033706818511785,0.4367948664451307,0.2055811753673507,0.543166463760438
0.23485753524828773,0.4850812621079601,0.37759011684342747,0.2943105070773867,0.48455270386607663,0.5063597706259864,0.740290391189603,0.12862733710438745,0.4695492875040253,0.6458090271503585,0.10459763287444324,0.09484061824970988,0.6407124717241421,0.0,0.6808206129819507,0.7593384366862846,0.6822298115467118,0.6732768571788249,0.3431089928964837,0.7517565106965598,0.7574821984294324,0.7555205356327516,0.4052821259378103,0.0,0.5869235028881006,0.44938951885071166,0.7170489808475984,0.650455106671574,0.0,0.4545777779407352,0.6858384598992301,0.22126110449812425,0.08101863602366016,0.5465685041843884,0.0,0.0,0.0,0.3645426021369733,0.13103453473569227,0.04549459013237708,0.2857822357374967,0.0,0.0,0.0,0.33777760578746174,0.45003491828668385,0.5410551954469877,0.2934312925995745,0.0,0.09833429715138656,0.3754576688840122,0.4259351356972353,0.15924773596699604,0.48676976990084986,0.6238093648408689,0.0852758060626993,0.2707967373459793,0.35719917532302625,0.0,0.6918542481850508,0.7109951889881314,0.6708450061200547,0.5558586214377204,0.2978352630678178,0.36755073541998134,0.7265477441939308,0.5335934282016518,0.5140414048278391,0.01202470220623128,0.6392627354031937,0.5738177865094718,0.63115982517379,0.23651094091836503,0.6043866738725926,0.0,0.5138971213131066
