0.0,0.43941114424607375,0.3425838212801326,0.0,0.4810124161883428,0.18814313928981813,0.13754755989444306,0.5181033328949713,0.4850873444297339,0.10462420734432984,0.15598465081314314,0.0,0.4123289769016504,0.03863965410653929,0.4870290940381045,0.5963611892144169,0.4156372071630027,0.24408173528081037,0.42168342184443347,0.5368132885042899,0.7721439448430067,0.5471495705047396,0.4517900590522047,0.4771151533720819,0.39550429512939156,0.3630515809381008,0.3548798178802914,0.4965833978306488,0.4118484505713606,0.45692366498495696,0.7467836663598415,0.41661735528133825,0.2857396070512819,0.3192828687598515,0.0,0.5459618277562567,0.3994225864879603,0.5310208729882189,0.39503025380503504,0.2791070956751839,0.2957866859647844,0.0,0.5300487241674401,0.4502609383270154,0.37985871002271243,0.8903379861541459,0.49004102282982487,0.36675093364390404,0.07268777664425125,0.4206886617379173,0.3960043214729857,0.4631478825098849,0.4041544704084665,0.45660357147377584,0.405847554191718,0.4619753772799776,0.03164080684200035,0.5505649786886365,0.21156993994277376,0.5966233375045091,0.45749554345123256,0.6558615667566107,0.5346250396275856,0.39721219977703814,0.4495915195314242,0.8625523670985928,0.4154144771699859,0.5389174499501943,0.45497726456864146,0.5849368211558558,0.6203323001163509,0.37117496007428613,0.6450969213498855,0.5263510815631347,0.5646718637404475,0.6099116382026941
0.43941114424607375,0.0,0.3753108508840157,0.0,0.4269224281230861,0.567995980507406,0.540109752819784,0.6467345004341082,0.4054278058376855,0.35295350883052845,0.2284680862622497,0.4620126548180475,0.6759738767182799,0.15263102017784005,0.24722612355779644,0.6090649865672562,0.6784290404406972,0.6612536910822814,0.5550509480061507,0.44938376845840644,0.48609858514479565,0.5114773593996517,0.5357297427085442,0.5475783941461944,0.6693890543100434,0.7884915465768091,0.4270168144337415,0.41587960726382095,0.3088049168258639,0.3264871695317523,0.3271035578164065,0.4183235483868174,0.3479585262652316,0.2792411096976357,0.0,0.3740460797263022,0.3490138303361451,0.36039317566767903,0.36769908264292633,0.3597784903444725,0.22564759540449586,0.0,0.4430058545547314,0.3140902679037405,0.23538065970581776,0.344300438215517,0.6490385680847959,0.3610930428629099,0.19777207906322175,0.39789190544880926,0.5445625701480878,0.48803221245072137,0.5222534408809826,0.4051979560303833,0.474144728499586,0.43990140502784125,0.4408157666950966,0.4840578224327768,0.267014684558913,0.3068461284989185,0.21246873160189034,0.5675847160149622,0.4048831679530028,0.49748725732660304,0.40453552254624997,0.3950409025592654,0.316147206892896,0.5195940467052338,0.2838383505645178,0.5572511074475931,0.6238695579853243,0.45280635820208864,0.39575066229160843,0.2710316339734139,0.33595371872092084,0.28122092803270937
0.3425838212801326,0.3753108508840157,0.0,0.00847290373182473,0.6971596099016479,0.6982038388613565,0.4628346220987899,0.5975738512887455,0.8570297144497765,0.23301891145836096,0.6607779615426083,0.16223960409883412,0.5952004727995306,0.0,0.4444547495971323,0.4443641152618722,0.40107045504174266,0.35395476246216656,0.7192089030897137,0.4825133162664523,0.5710607114837867,0.4481058814353786,0.7057590492894278,0.28752869480262977,0.35809573854927906,0.3854759615318857,0.7796716929895936,0.5057536254233194,0.5251964575128532,0.41996084172120035,0.2870522971869389,0.30817241190947753,0.2564913865640669,0.05789391879110245,0.0,0.441880516302123,0.20064545549838006,0.12850785947463403,0.12372195500411053,0.22073138745427953,0.203117041099514,0.07567941122399072,0.14824277934190172,0.09156670617639401,0.0,0.2817128388573084,0.2886889924712858,0.8305613841237223,0.23290913567995003,0.6649756147383785,0.654774826813829,0.4205102711872932,0.5083602613202396,0.8770131895410482,0.30390826652482705,0.7309560967406276,0.24928368397812092,0.5525308842359811,0.20392273457723695,0.4808872761948286,0.21676396529421485,0.25678852413926945,0.2853877480232846,0.6725978285348706,0.5623288442311173,0.43076928242250634,0.3184904057268596,0.5962680150801483,0.21789830779350175,0.27800579189936236,0.3440365642389949,0.7628449500740001,0.4268343066580238,0.5246472973781371,0.3872086620747687,0.3350565252531859
0.0,0.0,0.00847290373182473,0.0,0.07060990511226259,0.0910675787576941,0.2565477194850086,0.0,0.0,0.3853981819085862,0.0,0.38374832759313604,0.10278863407061459,0.12623026651125901,0.0,0.06679566689046858,0.0794310774072372,0.14693891736607015,0.0,0.0,0.0,0.0,0.0,0.0,0.07267745000359227,0.009694178862809405,0.01840953436279591,0.20389336220001672,0.0,0.21799701416531664,0.0,0.16242508171682937,0.07587913785604614,0.0,0.04675097081892256,0.0,0.0,0.0,0.0,0.0,0.0,0.4026205298747643,0.0,0.0,0.0,0.0,0.0,0.0,0.45435197769430713,0.1494792939071418,0.0,0.0,0.1402453404902447,0.0009855482744566546,0.17720243097868996,0.0,0.34064922746056914,0.0,0.16390180938307605,0.0,0.0,0.0,0.0,0.0,0.0,0.0,0.0,0.0,0.0,0.0,0.0,0.0,0.0,0.0,0.0,0.0
0.4810124161883428,0.4269224281230861,0.6971596099016479,0.07060990511226259,0.0,0.5225943807795469,0.6630194015955923,0.6085852523338628,0.8463173889176546,0.4364591266383651,0.5937392413641606,0.2585985468691834,0.6520824816506087,0.1349914907021255,0.50105407380449,0.5631861010787769,0.5332873199305722,0.39341218863808025,0.618366263395693,0.5348953267368745,0.6152890598118494,0.40332482851695123,0.6319899681106622,0.30591911900890717,0.42888625288670656,0.32661763973065344,0.6412319843396366,0.5416728489208413,0.4154785686219928,0.5986758261674501,0.408271917509116,0.41236552861709663,0.09499757604304868,0.11150366187652218,0.0,0.3494208714441176,0.3009907389913284,0.1803734934332386,0.06669051818880957,0.07525781666435485,0.08658764761120187,0.027753873890926088,0.1992886727798729,0.2298928422857223,0.0,0.3972250412003121,0.27887923650227187,0.6722066524640165,0.3575871853486189,0.7433680860747132,0.5143663660943967,0.6299095370441056,0.6333843251972301,0.795028566933257,0.5581083705165015,0.7762742043728633,0.4072100155810541,0.5503033769379272,0.3045935202886537,0.48548355401064214,0.11990926366121071,0.4513450070166193,0.253362725910889,0.6809436057248308,0.4000500196399837,0.5640790834161251,0.21616962888998964,0.5572215159842949,0.16582021331795813,0.28710063355908905,0.35003841551080506,0.6189842179043,0.5278511714513805,0.4138677426229649,0.3185619969443269,0.3154020130609889
0.18814313928981813,0.567995980507406,0.6982038388613565,0.0910675787576941,0.5225943807795469,0.0,0.5766021501977976,0.7925954553122225,0.6361543936606779,0.17045104203595077,0.3434962993441172,0.3832959198344262,0.7219073181242384,0.13657739995988466,0.3762315674558915,0.43667036910680557,0.3968432706502714,0.445379581115394,0.562269953273809,0.4583465973951499,0.5466015948100347,0.45693522581597745,0.8157695561192175,0.3957790376729832,0.352979669720325,0.5773090863642367,0.7563429183483927,0.4420922084103733,0.44069024883363644,0.4245406171699957,0.21254528751424231,0.3782099758585792,0.4214562106848423,0.22878520699875882,0.0,0.347801930748763,0.15196031553102857,0.10847722624472084,0.1978476128947453,0.3059385690803081,0.27032974131839416,0.15455918433495439,0.19378563275926833,0.09080797775354879,0.0,0.1260430290339771,0.3924537106676546,0.6186024944957429,0.23502002672681113,0.5453114601545401,0.8080636418335094,0.3341400763408048,0.6531060307792858,0.6963385089980014,0.17952358065407586,0.5373207630762139,0.39006572623294994,0.43920665712472307,0.298114794357757,0.386175696630244,0.022473208854877358,0.16915250318548206,0.12873091714035445,0.5063442060225155,0.5164981926022747,0.31670616850110644,0.2373069845891303,0.7124056722418859,0.20772296050701192,0.1876913361530968,0.3902581636853362,0.6341967692209676,0.2758859574682919,0.3147959494016449,0.292175681722101,0.17945951578126226
0.13754755989444306,0.540109752819784,0.4628346220987899,0.2565477194850086,0.6630194015955923,0.5766021501977976,0.0,0.4736664029443914,0.6178847509612592,0.5358623205565456,0.42585298854003995,0.5122705193999525,0.6757679563021712,0.228928498549436,0.3189560878324047,0.40381214828840317,0.5432084811140239,0.5169573908288049,0.49940331216562683,0.350008209585285,0.38805787381922857,0.33101658603933737,0.4272942234548708,0.2276716603013887,0.48112910830053274,0.3531552879247799,0.5523994063293354,0.3627755841598788,0.3590442693063417,0.4587479429589569,0.16416431422233382,0.35860602491100924,0.20831204385776617,0.0885136242955111,0.0,0.13132510220073626,0.1516899871833363,0.0,0.1377030675387226,0.17134848815779344,0.038563985450937144,0.06786642203550695,0.08450175010222818,0.10543269829970833,0.0,0.12550688265945847,0.2837656460169333,0.47459659178789837,0.322838700910024,0.5259030006835669,0.44225385033781617,0.5747300122067517,0.46278196380312114,0.5667274153709485,0.5046650560104136,0.513608872952558,0.47078813628260185,0.4016541850079702,0.292473375816533,0.22097580415633541,0.0,0.34998640072279086,0.12779591928363943,0.5484221856044544,0.2870555424677176,0.24336452789822588,0.09128237435862654,0.3420780176453462,0.07087648680561949,0.2332870845331922,0.22807990878092224,0.5494573130076106,0.28530393099775964,0.27421284974186616,0.20893737639072052,0.15583922713817447
0.5181033328949713,0.6467345004341082,0.5975738512887455,0.0,0.6085852523338628,0.7925954553122225,0.4736664029443914,0.0,0.6160296586115865,0.18721660508041807,0.3612978299360854,0.2644309410044552,0.7135566223188556,0.21400872269514415,0.43842223083315357,0.483987763829738,0.44963481267166927,0.37264544651977627,0.5731758268089147,0.5224908674786181,0.7371312957227375,0.43523070945048126,0.8618580199309448,0.546765123192704,0.3655180555709404,0.5501210078578649,0.5612856555899384,0.47540977072992574,0.28717371013193016,0.43423189909158755,0.3742346382588274,0.4691950040533658,0.30338965884361196,0.25443113857443705,0.0,0.4265156507002218,0.3311183151685406,0.3634234257603449,0.2882664129298941,0.2617109172997761,0.2121533595756831,0.014686533796966994,0.4649951299946588,0.25319866821523057,0.15857103174853215,0.444291737266882,0.547017131757757,0.5396217230469793,0.2481970817286194,0.632480307390143,0.8359028505382129,0.5101788280392575,0.825911034125492,0.6568024320969179,0.30340815278199834,0.6830903544519487,0.34886359744748324,0.6573647158228174,0.41010079293495527,0.5046805060048523,0.11724321704725833,0.4345307724030264,0.3029790869715522,0.5635934878324231,0.4490261745890223,0.5992441393170731,0.23723095856619816,0.8068661174065624,0.3213808982255565,0.3632740897823161,0.5195475370123952,0.5222566641578109,0.5238354694604634,0.2991844458002761,0.3818980112410186,0.2996836549270058
0.4850873444297339,0.4054278058376855,0.8570297144497765,0.0,0.8463173889176546,0.6361543936606779,0.6178847509612592,0.6160296586115865,0.0,0.3426853210720532,0.6337129256931099,0.17379749916080095,0.6605928688863327,0.017698392687556325,0.552891800107913,0.5261167499779893,0.47360471198418336,0.35637224113956795,0.7159473241130325,0.5954871167921905,0.6627009162470203,0.5045490163000689,0.6884953244666338,0.29246095325533383,0.3959529525834412,0.35258546078837566,0.7705306389375196,0.5959564067403401,0.5353256151742634,0.5716524877367599,0.42692608710266855,0.40505019987396546,0.2086043890837544,0.12589542952005733,0.0,0.4390379033355086,0.2910916618909487,0.1942914166419635,0.1465750177352249,0.20908855842508858,0.21009672712842045,0.04957930432161986,0.2058715050295526,0.19962010534652075,0.0,0.43319662200122006,0.34184539468436,0.8273180401556455,0.252121915552605,0.7803173487825579,0.6260706757171525,0.6158534308760739,0.5747831925366461,0.9493782594665872,0.4640064352748874,0.8429465260607407,0.29826323595998316,0.6497650710929717,0.27490371779747524,0.5651446671290348,0.2672439207135459,0.4141656943225678,0.33980499981265266,0.7238070190389835,0.5656743090906844,0.583616483637369,0.3375583217379325,0.6250173947383456,0.23288688070775443,0.3703637578280544,0.42969866772313176,0.7386696908717281,0.5625810083781808,0.5597831163815137,0.44947555781609727,0.42322576355512953
0.10462420734432984,0.35295350883052845,0.23301891145836096,0.3853981819085862,0.4364591266383651,0.17045104203595077,0.5358623205565456,0.18721660508041807,0.3426853210720532,0.0,0.25810734156442505,0.7485416445089118,0.4646689607571064,0.2610488867526325,0.0,0.4556978260018452,0.717933290081589,0.5618089067341862,0.3382908810585677,0.05688915558127555,0.11505397538261858,0.0,0.1536456102787304,0.3125033845198093,0.6870325987820687,0.39050958714329187,0.10572289772486412,0.46257177918716785,0.02168645026392091,0.34770450543696235,0.1551392842125762,0.34291274723260656,0.0,0.0,0.0,0.12312534247953177,0.23054051362380532,0.0,0.0,0.0,0.0,0.13517102730541544,0.057559281969747425,0.21701108727074794,0.0,0.005551645332142863,0.0,0.19919825041382588,0.586019766834882,0.3527925910223531,0.09959776640192855,0.4284241788991895,0.363215514620697,0.22863138188418608,0.8301729480417871,0.2506755389005781,0.779740129075656,0.3050011327404019,0.2208443107088787,0.0,0.0,0.495378819706586,0.16502901486682672,0.3775923480151649,0.0,0.0874563124411746,0.0,0.16601860939160132,0.0775384206430127,0.2054227143548155,0.1786110732589712,0.12814571945763892,0.32226455201587895,0.043669981144527914,0.0,0.17916007744725237
0.15598465081314314,0.2284680862622497,0.6607779615426083,0.0,0.5937392413641606,0.3434962993441172,0.42585298854003995,0.3612978299360854,0.6337129256931099,0.25810734156442505,0.0,0.11298456539177634,0.28110630451806384,0.07845153597017207,0.29676862349728056,0.13693582192265358,0.24501814699706367,0.09868734569469294,0.7148092698435881,0.21237568608433371,0.2128157573430104,0.13435635601238566,0.47232964064342775,0.056180867589828584,0.18513533169981175,0.14346281307302763,0.44447894664920795,0.11914876517787351,0.3473815335884728,0.18794142299770183,0.0,0.0,0.0,0.0,0.0,0.0,0.0,0.0,0.0,0.0,0.0,0.0,0.0,0.0,0.0,0.1602485759604136,0.1361891968808437,0.48515622036929346,0.0,0.35861275135697557,0.29547345529213137,0.33279640010576916,0.2259746655529667,0.5497483920856336,0.29593987509496555,0.7233934109530364,0.1997404581773126,0.30021168578543606,0.03521474478267453,0.2923127726858038,0.14202220753903322,0.1136860365590698,0.12760838658758059,0.6251455595026011,0.2544603733790695,0.17052261194550278,0.1385994508240475,0.3165633437362123,0.0,0.18107648702662113,0.15672673895082748,0.5215892966225038,0.09212406051016295,0.2792590227409428,0.05590134589486365,0.10130292985788669
0.0,0.4620126548180475,0.16223960409883412,0.38374832759313604,0.2585985468691834,0.3832959198344262,0.5122705193999525,0.2644309410044552,0.17379749916080095,0.7485416445089118,0.11298456539177634,0.0,0.5457825182198923,0.47065489382910336,0.0,0.355747304678033,0.6417334023756482,0.6052369882280517,0.21759214830217055,0.0765717037982826,0.06925697870435317,0.06032412324630165,0.17927795692222556,0.5777744395618475,0.5389449356199391,0.5336081564505911,0.06883562374362903,0.4138779783409659,0.0,0.3349226415515979,0.07658052028675595,0.3138171914570508,0.21152212626499417,0.023191920020002976,0.0,0.17786006381845126,0.25903024223442866,0.0,0.1605099290515103,0.1586620991670658,0.009064139746977867,0.1431439483315243,0.16375338474944892,0.23671906939405019,0.0,0.0,0.1108374530804184,0.1698550055125837,0.4167865861404873,0.22096615426239355,0.2023246122749756,0.18946774854485354,0.37920491962272,0.13321679122799981,0.5944457937008522,0.1708149768177762,0.8509646328501751,0.20453308228169614,0.3073708578075845,0.0,0.0,0.38338438529649754,0.21025480738376062,0.2531987502728901,0.03996663536420153,0.0,0.0,0.15757453697906942,0.28923694116364634,0.1743244833455477,0.2504085781957334,0.06384791531647588,0.18236623414376585,0.0,0.0,0.19483485072449852
0.4123289769016504,0.6759738767182799,0.5952004727995306,0.10278863407061459,0.6520824816506087,0.7219073181242384,0.6757679563021712,0.7135566223188556,0.6605928688863327,0.4646689607571064,0.28110630451806384,0.5457825182198923,0.0,0.20981290959750712,0.3432384204623677,0.6557384974793201,0.5989299478807536,0.6095290530891838,0.5306347830010626,0.5319966824411815,0.636423552617884,0.49677184181435,0.6143543070948725,0.5262233286845035,0.5186942274942979,0.5737061516231273,0.5689116239682045,0.7330556552820091,0.4293915360085915,0.5825646184922874,0.47255409608108245,0.5369768204865892,0.35664108403542416,0.2688755552398206,0.0,0.5667694611780543,0.446072391103536,0.23752774078974645,0.359232460945988,0.28625590435039083,0.22991714526544818,0.0762736762844573,0.463692904837579,0.3792337567922249,0.09145372222381379,0.3300533952321539,0.4149626035147967,0.5377161023433357,0.4033704231520456,0.6179259737348433,0.6324150728840703,0.5489299216519851,0.6325133804176006,0.6606868190768178,0.5331790348587221,0.5312574290763495,0.5047200520260675,0.6823567925232683,0.33218296173334355,0.3940430735191207,0.19335428849817454,0.5211510085880726,0.4395315872388381,0.5282607214785177,0.48558769362790144,0.4965357379958042,0.2757445391865473,0.5539246755167938,0.33114743991791457,0.3460767525066407,0.4646549927392701,0.5032700468557723,0.6126088137926703,0.4408724693314656,0.41156753169653953,0.39119385201181234
0.03863965410653929,0.15263102017784005,0.0,0.12623026651125901,0.1349914907021255,0.13657739995988466,0.228928498549436,0.21400872269514415,0.017698392687556325,0.2610488867526325,0.07845153597017207,0.47065489382910336,0.20981290959750712,0.0,0.0,0.061080373886561054,0.15174851722922708,0.028149177443801777,0.07617951139992137,0.08245259301202278,0.03664989866501328,0.015173213286001477,0.14116835560816507,0.38197258567199854,0.12517212618417645,0.22073214675050828,0.0,0.1658182797104373,0.0,0.20063636520891837,0.06609067025001775,0.0,0.0,0.048312939886818174,0.0,0.0,0.15195139919394418,0.08238502246488709,0.047879738223114116,0.011747518168749638,0.0,0.0,0.21847192451413408,0.18844097814206115,0.2372990004799317,0.10205645617848859,0.1313986082353883,0.0,0.08829662249086644,0.004105690496562536,0.13026750897506525,0.09362336493795145,0.18267165793473542,0.0,0.28013796604031604,0.06558632899800579,0.4611254296890895,0.09611685192921886,0.32525990350252487,0.0,0.0,0.19681051620362539,0.12878826235554575,0.0,0.05719461245211917,0.05730339166642035,0.0,0.20679307328527238,0.3007654690946016,0.14652192148416807,0.23025406477511406,0.0,0.11455926510089334,0.0,0.0,0.13776384129067865
0.4870290940381045,0.24722612355779644,0.4444547495971323,0.0,0.50105407380449,0.3762315674558915,0.3189560878324047,0.43842223083315357,0.552891800107913,0.0,0.29676862349728056,0.0,0.3432384204623677,0.0,0.0,0.37673391036393966,0.19828753642195715,0.1625473525923068,0.5189398826834265,0.709672256051722,0.6371071868883667,0.6831304792569518,0.569941025242741,0.07918123175570856,0.05209026669584341,0.13166524441172908,0.613897852564235,0.2774868882260931,0.6314710941061266,0.6553296361235946,0.42183137850439195,0.18642996630509712,0.20231317228455914,0.29302499199267684,0.0,0.2389907410042068,0.13553171143322534,0.14830524978043327,0.10461248789182401,0.25136301320631615,0.25257678015077023,0.0,0.02232652181845292,0.11737594778061093,0.024528648470669476,0.5774218961130493,0.4226157051539936,0.4830315426593642,0.0,0.4268840670604106,0.34929616784735423,0.2605533983110059,0.2746856280172678,0.5393398349594652,0.20650438597011317,0.5179114360203451,0.0,0.27498658578764984,0.019159607250971614,0.7996982992116282,0.44826672811117185,0.18107156451370116,0.3024967648245386,0.42745732145417453,0.6470041143376032,0.6317434505263444,0.6034053813222031,0.5381147464677491,0.15374627706709373,0.290328606205769,0.41912122641519506,0.597101917513882,0.26561358980800587,0.5873155472279332,0.5192423882074826,0.4301561435125609
0.5963611892144169,0.6090649865672562,0.4443641152618722,0.06679566689046858,0.5631861010787769,0.43667036910680557,0.40381214828840317,0.483987763829738,0.5261167499779893,0.4556978260018452,0.13693582192265358,0.355747304678033,0.6557384974793201,0.061080373886561054,0.37673391036393966,0.0,0.7399865803340973,0.7695685208816394,0.4524040755832728,0.5385044418067744,0.6073957685300615,0.5913626400384345,0.4605889464121633,0.5006362332195033,0.6321272816074569,0.5585229950758068,0.4902357591805956,0.6547677630444891,0.408491126216725,0.6083616045699667,0.6892331219958181,0.6101125061797411,0.43368365333042647,0.36662790840355086,0.032214851671951525,0.4529522684688886,0.4228130997632499,0.2822953057006161,0.37387074728777137,0.3404469800914133,0.2983179741688644,0.08604782495578187,0.34794137135341796,0.38347464244386126,0.1218827028632689,0.4940987077612009,0.3776273753056826,0.5201833045537334,0.32256783109505505,0.5175184600097708,0.4536307255998319,0.4011302201029525,0.49539345473473584,0.5071231254507313,0.5822120979873244,0.4730864490626233,0.38315388820311364,0.521517908012028,0.21142152698514172,0.3771642044624266,0.29895379172779146,0.6320044099070212,0.4701050441317027,0.4791200615539889,0.4431686084440666,0.5473257264277553,0.3116543999585212,0.48845338654969916,0.35501690081262316,0.4461397904112441,0.5254099644927862,0.42966091953669755,0.5882843518790164,0.43792894169987506,0.4778625836175814,0.5436784305526793
0.4156372071630027,0.6784290404406972,0.40107045504174266,0.0794310774072372,0.5332873199305722,0.3968432706502714,0.5432084811140239,0.44963481267166927,0.47360471198418336,0.717933290081589,0.24501814699706367,0.6417334023756482,0.5989299478807536,0.15174851722922708,0.19828753642195715,0.7399865803340973,0.0,0.8177600114908944,0.4254902043795218,0.3646106947937985,0.4192195066914219,0.36129954277863346,0.3544110191308136,0.6075971198767041,0.8246640526700955,0.5836922636829264,0.35096001741048133,0.5876053439453346,0.1724858361770111,0.45752908978340584,0.48130350889775314,0.5211550980688586,0.2866761534040084,0.17719379534185306,0.023416908571817115,0.3655469314840841,0.3795465660194408,0.2769860967458384,0.26476792626639284,0.2294626349786813,0.16171312460835457,0.03651459888956983,0.33084911417141893,0.3193650922496635,0.17777345082788876,0.30679258147085026,0.30147999976115664,0.41308897562996616,0.3714632471256583,0.505902549420518,0.3588783995906294,0.4885745374737279,0.5175013714712585,0.42512386149743575,0.7740641037442962,0.4451375455204849,0.6341385106510617,0.4847454809496544,0.2903629575079954,0.18934904920912093,0.12815892850466187,0.7553973977122352,0.4644013304474887,0.53420926392096,0.2294986074912415,0.33890252958485545,0.12256968523197781,0.3863036727290157,0.3820760386349699,0.4845320967181961,0.4572611548731218,0.3178672931372755,0.5289151655914096,0.1955364522248171,0.27904091734391157,0.42982039354012436
0.24408173528081037,0.6612536910822814,0.35395476246216656,0.14693891736607015,0.39341218863808025,0.445379581115394,0.5169573908288049,0.37264544651977627,0.35637224113956795,0.5618089067341862,0.09868734569469294,0.6052369882280517,0.6095290530891838,0.028149177443801777,0.1625473525923068,0.7695685208816394,0.8177600114908944,0.0,0.33643007146504766,0.33780453873013794,0.36546332880868637,0.39844591102109983,0.2946185850612614,0.5064826515106219,0.7527956264725691,0.5781684158995134,0.38427145007899804,0.49514856151326037,0.23868189987358948,0.4003535222122066,0.39175967331534284,0.5254372168430028,0.3856184663633304,0.22132339079318322,0.061119660769888215,0.3624434336646699,0.3515213671498665,0.14873035016187375,0.31808775207608975,0.32193122289184295,0.2101039302838632,0.08003478903648646,0.2802962243861204,0.333282132053923,0.01436454219454178,0.15992587055536642,0.32024819170263186,0.4247468632633949,0.33298573963947353,0.41523416594862184,0.36382575420271535,0.36840361020832635,0.4611703352874487,0.3374045540869108,0.5746023730458517,0.3094251039737138,0.5282712613868589,0.3989711070607287,0.19907787898386436,0.13046500380979265,0.08826031804471346,0.5695028216872896,0.3954252040786991,0.4230594310187566,0.24206842764460818,0.21563356230905278,0.1411282793189939,0.3108525876196435,0.2718876892477904,0.37326576549053603,0.3721968462158803,0.34612567665732513,0.40329998033976183,0.22076445655955126,0.3041799304875881,0.36567867571061624
0.42168342184443347,0.5550509480061507,0.7192089030897137,0.0,0.618366263395693,0.562269953273809,0.49940331216562683,0.5731758268089147,0.7159473241130325,0.3382908810585677,0.7148092698435881,0.21759214830217055,0.5306347830010626,0.07617951139992137,0.5189398826834265,0.4524040755832728,0.4254902043795218,0.33643007146504766,0.0,0.4514002290372221,0.4528841959746833,0.5016589854291473,0.6966405961549241,0.23367395714182068,0.3693924467087727,0.4439045145771038,0.6595002225704422,0.33038125671681967,0.5758190592893313,0.3901505715512076,0.21969183094306013,0.19189447107258117,0.11881735622297991,0.014826904198859445,0.0,0.2653882057081224,0.16496913358715837,0.10279674078496379,0.1415762215472248,0.17806293312587795,0.054961637799597,0.0,0.18605104402082046,0.11756808150328465,0.03850160968518972,0.36978963148423943,0.4051424047536305,0.5875630216452017,0.0630313948663623,0.4416931552545326,0.5162873260279538,0.4587755971113819,0.37576576421753544,0.6800266040689295,0.3943080608821654,0.6879164518728775,0.2688349322990738,0.49114447524146515,0.11384392041386529,0.5043903877405242,0.3724449333217564,0.3130069797804669,0.33849380427585773,0.8129139415479468,0.5419035513512149,0.40466543700637303,0.4158900902873674,0.6289800990197245,0.16339506482782962,0.3720370051300992,0.4269620456488921,0.7094010301105459,0.3101557053432592,0.5229338214948525,0.34598100587927216,0.32646427404546463
0.5368132885042899,0.44938376845840644,0.4825133162664523,0.0,0.5348953267368745,0.4583465973951499,0.350008209585285,0.5224908674786181,0.5954871167921905,0.05688915558127555,0.21237568608433371,0.0765717037982826,0.5319966824411815,0.08245259301202278,0.709672256051722,0.5385044418067744,0.3646106947937985,0.33780453873013794,0.4514002290372221,0.0,0.7153305401711235,0.90720824370533,0.5896084237397973,0.33070991389248355,0.1863841050810718,0.3298833987735559,0.6835009113140195,0.5351128156467253,0.6294707429926637,0.7480078145720972,0.5921010607726465,0.3766973336589443,0.33138759869879364,0.5133066893347171,0.0,0.4165313805534806,0.33291545568181424,0.3385368492870925,0.3491496305458008,0.36069563307287245,0.45409752488733923,0.0,0.26382075868699256,0.18514966837713875,0.21563536855989757,0.5621512245641711,0.5180592909130163,0.6571108890439196,0.0,0.46919617356964677,0.40598299722247644,0.277414246409714,0.3485227614518458,0.5929470886544635,0.34789318337562386,0.51252400217943,0.17796419144904396,0.4173083899024424,0.06657760526591686,0.649133332575688,0.49370536918898567,0.33863894978966136,0.44006915220950404,0.43282542135890045,0.8659721645391802,0.6528541299327153,0.8021387021161934,0.5605073229703248,0.3607493351368519,0.40749164453825415,0.5437204712616636,0.6059916912223852,0.48872565346332447,0.5664685888269534,0.603302709208158,0.5298496198332497
0.7721439448430067,0.48609858514479565,0.5710607114837867,0.0,0.6152890598118494,0.5466015948100347,0.38805787381922857,0.7371312957227375,0.6627009162470203,0.11505397538261858,0.2128157573430104,0.06925697870435317,0.636423552617884,0.03664989866501328,0.6371071868883667,0.6073957685300615,0.4192195066914219,0.36546332880868637,0.4528841959746833,0.7153305401711235,0.0,0.6562784504279211,0.668257243543696,0.46914632930849653,0.33614421993435895,0.3795774437284099,0.647788573724601,0.6155233770268922,0.519525648538347,0.6259484682802168,0.7087180790370522,0.5831532238878288,0.4100218568210485,0.46789308303981947,0.0,0.5866105862896923,0.40279708916904833,0.46073781836854266,0.4063192428219144,0.328515360374697,0.38985797667815136,0.0,0.5312314846280626,0.34610386941065524,0.23063642987644511,0.7089600158089461,0.5765107283586015,0.5948630788680339,0.21859605577446906,0.7130704650226015,0.6597876076215512,0.5475671852942716,0.6608730120040254,0.7179367379643337,0.37196851814535253,0.6222607420707624,0.12753496830154648,0.6946693066971618,0.3263408715017331,0.6678050293661801,0.3885520319558161,0.5570479404487256,0.4753449497016865,0.5232145447305103,0.6161626642853855,0.8888690027300555,0.4660996136919669,0.680074521690647,0.3974016303461918,0.512772137971757,0.5857639755985334,0.5800680663858506,0.6866271393400177,0.5971400229062566,0.5998932883971319,0.5638680690677822
0.5471495705047396,0.5114773593996517,0.4481058814353786,0.0,0.40332482851695123,0.45693522581597745,0.33101658603933737,0.43523070945048126,0.5045490163000689,0.0,0.13435635601238566,0.06032412324630165,0.49677184181435,0.015173213286001477,0.6831304792569518,0.5913626400384345,0.36129954277863346,0.39844591102109983,0.5016589854291473,0.90720824370533,0.6562784504279211,0.0,0.5342814241687563,0.3103485094485443,0.19962976196603477,0.4034592292240886,0.6851454743151936,0.46236690867418406,0.725341360774776,0.6525222108145542,0.5778119056233574,0.3534271085572786,0.47326099771145447,0.5243292349747863,0.0,0.3903155384376698,0.2982533659318608,0.306181447005595,0.4426682166853629,0.45525238855429295,0.4891040431533736,0.0,0.26325311141849395,0.19651323205758803,0.20079361956534508,0.5680598243026453,0.5697333700771615,0.5938150834556299,0.0,0.35832771705506244,0.38929071318437514,0.18970201023093589,0.2286538259916593,0.5291895031606311,0.2203415448464548,0.421146622998885,0.047247185526286845,0.34072118720655714,0.02692350921033969,0.6453390650900804,0.5909753791448351,0.3135178134432436,0.4841901537507968,0.4314005280053911,0.8849832372054733,0.5917753563137232,0.8412127355141753,0.5189551279692975,0.37743901952082826,0.4550593101441983,0.5882553126462198,0.6464125639724698,0.3905253826324896,0.6455062603225196,0.6109316528399928,0.5576294768293327
0.4517900590522047,0.5357297427085442,0.7057590492894278,0.0,0.6319899681106622,0.8157695561192175,0.4272942234548708,0.8618580199309448,0.6884953244666338,0.1536456102787304,0.47232964064342775,0.17927795692222556,0.6143543070948725,0.14116835560816507,0.569941025242741,0.4605889464121633,0.3544110191308136,0.2946185850612614,0.6966405961549241,0.5896084237397973,0.668257243543696,0.5342814241687563,0.0,0.36586414331177236,0.2833419476048076,0.5315118586654164,0.7485740076275713,0.42940728005127254,0.5124788846893911,0.465877428866411,0.3084995204895126,0.30737300153477654,0.2751882058311754,0.1925191996295525,0.0,0.32840758882377896,0.1684421121919658,0.18934089944434163,0.13687758360526156,0.239839063577863,0.19326436653813495,0.0027309513179259864,0.2196050572733373,0.12131784460730444,0.02156811263108474,0.38241136965380956,0.45335729216917725,0.6216984168334722,0.16675941019167873,0.5652940567374168,0.7781704600979062,0.3898868857661454,0.6756905781801777,0.719916751797445,0.25181086392647795,0.6592550510363415,0.283132751365154,0.500520086658703,0.21869465320333464,0.5866707281605559,0.19209352226203472,0.2279079067887926,0.229081235148623,0.5713318266952472,0.5888687867675887,0.5614008806646331,0.37142608389586285,0.9027045344517466,0.2287579586171106,0.259142217913046,0.4957127427913172,0.6631485878488895,0.3374316887569695,0.4222779679229451,0.3859346851445555,0.28091219257129163
0.4771151533720819,0.5475783941461944,0.28752869480262977,0.0,0.30591911900890717,0.3957790376729832,0.2276716603013887,0.546765123192704,0.29246095325533383,0.3125033845198093,0.056180867589828584,0.5777744395618475,0.5262233286845035,0.38197258567199854,0.07918123175570856,0.5006362332195033,0.6075971198767041,0.5064826515106219,0.23367395714182068,0.33070991389248355,0.46914632930849653,0.3103485094485443,0.36586414331177236,0.0,0.5107864308701372,0.6632069526601608,0.11384133669574893,0.5374977980301933,0.0,0.3817324697014619,0.45612584829641256,0.45233993526015576,0.4569610169096291,0.2645158607378961,0.0,0.5367030686890142,0.48646653942652457,0.5165813823418727,0.4726013718693871,0.4420884175483749,0.3781086279461727,0.0,0.5756077828039349,0.4863345534955252,0.4107668515692294,0.4338961607327131,0.4554508018390847,0.33104508085822837,0.19789921677970287,0.37362572740677463,0.4909346691867193,0.278653833534352,0.5356201619562672,0.29752745452408563,0.46002561693002075,0.3660200798542697,0.5310589790496608,0.5240274135802124,0.4025735890425677,0.1371500550672956,0.20647153161197276,0.6442168847311578,0.5811781818093218,0.26618039510601593,0.2851571428347237,0.3717133082375966,0.21197894627179645,0.42784658910246953,0.8061581734084957,0.5160292310231562,0.6459679279318399,0.14872711246176967,0.570892160447291,0.1149001995158254,0.34593921767976393,0.5289063592332937
0.39550429512939156,0.6693890543100434,0.35809573854927906,0.07267745000359227,0.42888625288670656,0.352979669720325,0.48112910830053274,0.3655180555709404,0.3959529525834412,0.6870325987820687,0.18513533169981175,0.5389449356199391,0.5186942274942979,0.12517212618417645,0.05209026669584341,0.6321272816074569,0.8246640526700955,0.7527956264725691,0.3693924467087727,0.1863841050810718,0.33614421993435895,0.19962976196603477,0.2833419476048076,0.5107864308701372,0.0,0.6427728862827812,0.2957588483816155,0.5047750736916444,0.11050088306219846,0.24527631816505185,0.36181445987989885,0.4816172853421335,0.2503376073885227,0.008255586593510528,0.0,0.38000222782430687,0.34343064199115214,0.18948785743150007,0.2376591825460872,0.1141684879357115,0.033883770336233465,0.025118101337713812,0.3252528654669423,0.32568589303200934,0.061150555259493186,0.20731276618216904,0.30455512303107707,0.3464080620969433,0.42010726661683834,0.40831245707150654,0.3976924220164801,0.48542150742116547,0.4885173446977683,0.32931551508595036,0.685063183255604,0.3370087744642231,0.5683883838681012,0.40863281721213607,0.28487581102846155,0.07316187476569236,0.0,0.6722030239901837,0.35982131669824363,0.42048655557956616,0.09466594190295341,0.2860167783021542,0.0,0.3804450530232634,0.26610766380886164,0.5035842200856978,0.4491651364374386,0.33517591113026124,0.45794214897268737,0.2289323771271492,0.1992003099767309,0.28483788239002483
0.3630515809381008,0.7884915465768091,0.3854759615318857,0.009694178862809405,0.32661763973065344,0.5773090863642367,0.3531552879247799,0.5501210078578649,0.35258546078837566,0.39050958714329187,0.14346281307302763,0.5336081564505911,0.5737061516231273,0.22073214675050828,0.13166524441172908,0.5585229950758068,0.5836922636829264,0.5781684158995134,0.4439045145771038,0.3298833987735559,0.3795774437284099,0.4034592292240886,0.5315118586654164,0.6632069526601608,0.6427728862827812,0.0,0.3653087043517888,0.467358153973528,0.2228590529197181,0.32128150713644854,0.25615533289473835,0.4499989490266142,0.47377033990959966,0.16605543429691635,0.0,0.37129160161790614,0.2908215140587931,0.22447049156230156,0.3654376521515428,0.4247617433200167,0.233192325664137,0.0,0.31268179627110854,0.28133320796810873,0.19317599414482406,0.256282012038223,0.4964784488356693,0.36633721167710787,0.20328428199006754,0.3160829013646119,0.5135950878365427,0.25708808912781483,0.4794391335417604,0.34929925460430405,0.39445814220486825,0.31567658827399103,0.5095207561936735,0.3500843532526619,0.29443958367235945,0.16078044795190657,0.16595454679125077,0.4340211443776776,0.3567492702624332,0.32738320514820946,0.40023935381403203,0.29389054066260417,0.2644897507725933,0.5188719893488305,0.47016735351301125,0.4426825937486995,0.7291403594963966,0.37018827089181405,0.33323834649679157,0.23078976627558973,0.2823701160970312,0.2968335346173464
0.3548798178802914,0.4270168144337415,0.7796716929895936,0.01840953436279591,0.6412319843396366,0.7563429183483927,0.5523994063293354,0.5612856555899384,0.7705306389375196,0.10572289772486412,0.44447894664920795,0.06883562374362903,0.5689116239682045,0.0,0.613897852564235,0.4902357591805956,0.35096001741048133,0.38427145007899804,0.6595002225704422,0.6835009113140195,0.647788573724601,0.6851454743151936,0.7485740076275713,0.11384133669574893,0.2957588483816155,0.3653087043517888,0.0,0.43882162940599045,0.742986635933312,0.5094772500683408,0.36841008182964735,0.32871081732468865,0.2948559246441038,0.28293676422197617,0.0,0.32609638054243306,0.09942941564292616,0.09613086581565751,0.12801527979684027,0.2360592745379161,0.24643576446973775,0.04107477265299201,0.09831671475673123,0.026749905310888444,0.0,0.31713699570608284,0.41707686043906467,0.7697681775701387,0.10988607246361269,0.5875235522776161,0.6248053644289637,0.4177091917874186,0.4511194108778601,0.8089543679420642,0.22782787905445737,0.5988857038284731,0.13773404860685035,0.3943579067585576,0.11999152603735976,0.6045285958334455,0.2699434260311047,0.1860362482911719,0.2191912711040427,0.6072880037986293,0.717665677602431,0.497224836636481,0.4845108084969189,0.6748191141497495,0.08466957342118808,0.2748583272157559,0.39359894907384063,0.8958054384596063,0.3060856077926582,0.6191137710540106,0.44628693187675506,0.27534964185094746
0.4965833978306488,0.41587960726382095,0.5057536254233194,0.20389336220001672,0.5416728489208413,0.4420922084103733,0.3627755841598788,0.47540977072992574,0.5959564067403401,0.46257177918716785,0.11914876517787351,0.4138779783409659,0.7330556552820091,0.1658182797104373,0.2774868882260931,0.6547677630444891,0.5876053439453346,0.49514856151326037,0.33038125671681967,0.5351128156467253,0.6155233770268922,0.46236690867418406,0.42940728005127254,0.5374977980301933,0.5047750736916444,0.467358153973528,0.43882162940599045,0.0,0.29243313116012815,0.6351119812012598,0.6708413944870409,0.5232832874029243,0.3453338559958372,0.2947574849961436,0.013569981576611531,0.6519463426266642,0.4952669965396115,0.2819078835693754,0.3576010523717435,0.25501616574629876,0.334480664460168,0.06759518777182566,0.4212136113685771,0.41424993615397543,0.1039287349404803,0.37753060149651835,0.2837948050893813,0.5510453727198507,0.45781983677883564,0.605890592701552,0.4516514232041826,0.41077197309591407,0.5392106561286197,0.5939129261350904,0.5527773683843871,0.4333904531990112,0.44800613138375517,0.6217061905286763,0.3247914784262809,0.3209757364848218,0.19610253610016254,0.5479718562686721,0.47004064619483793,0.40584710600060575,0.4840065379376072,0.5558569908233115,0.3229458878994431,0.48871202633234423,0.4210051680247435,0.3557487460516998,0.4820719112884439,0.380025711636955,0.7756025244484004,0.40805194261033073,0.47018761826142424,0.5461764353021024
0.4118484505713606,0.3088049168258639,0.5251964575128532,0.0,0.4154785686219928,0.44069024883363644,0.3590442693063417,0.28717371013193016,0.5353256151742634,0.02168645026392091,0.3473815335884728,0.0,0.4293915360085915,0.0,0.6314710941061266,0.408491126216725,0.1724858361770111,0.23868189987358948,0.5758190592893313,0.6294707429926637,0.519525648538347,0.725341360774776,0.5124788846893911,0.0,0.11050088306219846,0.2228590529197181,0.742986635933312,0.29243313116012815,0.0,0.47732711770444275,0.38542843720616904,0.1469230464239512,0.25441768470109893,0.2919689993057815,0.0,0.2558269911347666,0.06558101913941837,0.029821956120908447,0.23515223274746475,0.2580480352617708,0.22107227647864727,0.0,0.0964235066195196,0.0680235957284191,0.007426156558595173,0.4487927621409878,0.36597567861517233,0.5373412341219542,0.0,0.275429092296888,0.29843127802646735,0.19002716256729787,0.04871825409552158,0.5434199937912056,0.21004082811730201,0.39273872372330826,0.0,0.277218514769178,0.0,0.5911916381876965,0.6445899791419905,0.12495855604688302,0.40023449689576157,0.4313911504044661,0.6946833960085441,0.49147554127937637,0.6519858161846562,0.43265564569391446,0.12693819473378623,0.3087636789436422,0.3882387116219255,0.6845141285797482,0.21095212043746292,0.7937926898006147,0.5017145530248464,0.4250168466806471
