0.0,0.529907485552857,0.3864108838478938,0.0,0.41522319073756964,0.3124614241660721,0.40180795448570766,0.2888555115852055,0.19248257493342458,0.12606300081113495,0.3004919131936752,0.25335415704023584,0.28464587885432435,0.20329765957811452,0.4892780634941779,0.3684338284919322,0.15930129483393413,0.1808239097565655,0.3093799624876544,0.6151373651912965,0.6029384870951029,0.6550079424063183,0.23077686301709638,0.6128161388629818,0.4340079427367672,0.6463425730913765,0.377964847420073,0.3211606223021924,0.5834603524789619,0.4951839928854711,0.6141603768403747,0.3742274055594089,0.2050517304163173,0.026394389931037904,0.0,0.3317840290643603,0.3398567468889109,0.08662399052730312,0.33688137967707205,0.3115029672824921,0.0,0.0,0.20607737539769183,0.0,0.41803704353381826,0.8379681034072292,0.47845651748535123,0.26677739573964343,0.0,0.08925098220949058,0.379318090466062,0.29082832133849096,0.2985761526022246,0.34271959561691534,0.03994802832928912,0.2833451935914077,0.17138842134666413,0.4056484101059673,0.07033612073330235,0.520441524908216,0.5138571985732532,0.1702935565347774,0.4575992164882853,0.27474201702460604,0.5416956272847294,0.6269106934523502,0.5998590236372574,0.3190307893130728,0.5719031182656904,0.6374741317830289,0.7166729555206186,0.4273662608942207,0.3502569594590237,0.5256999329190553,0.5800013073991586,0.553956145424503
0.529907485552857,0.0,0.391135446417461,0.17021193318470135,0.4763177252975461,0.4686508956377087,0.6813259825601898,0.26207698528040374,0.17420179467750396,0.5882789199807827,0.221182161382971,0.7213545866368268,0.7054986050300481,0.1769833190034388,0.5583732865308002,0.5570730775667797,0.6025553035490722,0.6579045605158372,0.2665611257611977,0.6915540918202905,0.5760547124786076,0.7706498829203932,0.294707568877329,0.6773731453182014,0.8215884452617921,0.9143080411233361,0.40583721397704736,0.6287330567467322,0.5524724815155453,0.36682056277345465,0.5095224579441482,0.19206837122517093,0.10223285295765094,0.0,0.0,0.07758112825505528,0.2842296182606998,0.20547692116755262,0.15302101691137948,0.1888816234057264,0.0,0.0,0.20708441224193208,0.0,0.17017677891476082,0.5404469126414282,0.7862901239189669,0.3257891029779223,0.07876323129312225,0.13972276654259153,0.673243218974461,0.21799931725754593,0.41005085521063833,0.3699498849815806,0.5465859894496582,0.3145000131781319,0.6920763262484896,0.5959790819308268,0.15317811302335424,0.5835515453058137,0.5744241528365182,0.6630468031809114,0.5912106896925904,0.25692795948983566,0.6198609388540346,0.5282793292115171,0.71216773835884,0.41298064872969675,0.5201625700976497,0.7884729139141756,0.821590891220207,0.602448471466515,0.3583769456979768,0.5057548352389033,0.36949944545607905,0.40072660807629723
0.3864108838478938,0.391135446417461,0.0,0.0,0.5577415193962284,0.7047396407946596,0.3790573281707735,0.8039453578789849,0.6363123275777671,0.10456548326702378,0.871657630504984,0.31081297466666874,0.42549064503882156,0.22297641232164095,0.6262225416056607,0.2283174410466092,0.0,0.13845370086029188,0.8667041664597598,0.6858439219252295,0.6771339453177527,0.6282596797228139,0.7890079581128865,0.5086150714369884,0.1596670821344116,0.39556210623289667,0.7928101782316761,0.26914201191923215,0.47292871396020636,0.536492047113833,0.41395058142434255,0.38113242752418613,0.0,0.0,0.0,0.28494058436344893,0.21148563741167153,0.02635056765687052,0.10090018542416748,0.0,0.0,0.0,0.32510693935437546,0.0,0.3166847154781136,0.26462098864416456,0.4643581458886068,0.8782124443197338,0.0,0.5587499278289665,0.6013338498065602,0.49166177531420524,0.7877521749284858,0.8168664158977494,0.17035976630641492,0.8120819695047004,0.3802844448376809,0.6089571004601334,0.33060148246387966,0.7042868859677452,0.20599684295514836,0.2057087771717206,0.11300888709627549,0.8694161222438929,0.6676626703374285,0.628591992902154,0.6014514667256136,0.7434611604578363,0.4132159945246657,0.3822353017802266,0.46810078484908435,0.7276646032698798,0.36981817078730433,0.32195167017358495,0.5344510706613268,0.3095862060444532
0.0,0.17021193318470135,0.0,0.0,0.011784974731973874,0.0,0.17625823111613736,0.0,0.0,0.5610063238247316,0.0,0.42813836200142963,0.0021214325010971424,0.09321353501140964,0.0,0.2150582074889498,0.5376168324761016,0.36661282138331014,0.0,0.0,0.0,0.0,0.0,0.054308220006612465,0.3075771741166815,0.20207028601752647,0.0,0.30133806744840036,0.0,0.0,0.03529722341088093,0.0,0.4005777435833282,0.24730444769587318,0.41319882724073476,0.0,0.0,0.1883873932343546,0.0,0.04115898210291775,0.3899343479826396,0.4613377197205592,0.0,0.0691194814538477,0.0,0.16414309134071683,0.059401972862280425,0.0,0.3753722361180735,0.0,0.0,0.0,0.0,0.0,0.4624409094798288,0.0,0.3196694359973007,0.0,0.0,0.0,0.22267634729433813,0.35145644772787665,0.32825548762245743,0.0,0.0,0.0,0.05321653311357207,0.0,0.0,0.13906485772148297,0.03190856597642232,0.0,0.0,0.0,0.0,0.03394724225793518
0.41522319073756964,0.4763177252975461,0.5577415193962284,0.011784974731973874,0.0,0.4832278138906788,0.6022567336250446,0.45796203440182726,0.6374734732260707,0.3493774655518633,0.6617938774989512,0.4331970752457722,0.5918057384286258,0.34991860344473646,0.4063914266348408,0.3515402479212821,0.26930420935018706,0.24598435081098607,0.4475866967907818,0.5670548481070572,0.4602875849049547,0.5587975989429749,0.4059483509019892,0.39043438874770997,0.3519137013564615,0.5091627184934255,0.5219877234671816,0.3604492753922321,0.48481695339779207,0.3273015095110326,0.44529045367987213,0.30651564772658624,0.04193669598645251,0.0,0.0,0.15450056035928378,0.18674372908668063,0.0,0.059702258806435995,0.0,0.0,0.0,0.0,0.0,0.0688384868656702,0.3752470694747788,0.42615537482094357,0.4994316106779947,0.0,0.5149532813301964,0.42977919346246163,0.45019484588862535,0.43848199056988,0.7089023594616553,0.2830337878030457,0.6337793766471629,0.3738727183322169,0.5020793051370096,0.14072320845493405,0.49877555905824766,0.2211078221725764,0.2675560990858441,0.23080082454244194,0.49021763693664455,0.3791393868650541,0.3954441399413629,0.4265971280106621,0.37364882188292614,0.24874774457473992,0.43320535030417884,0.5148390892284145,0.5420238772490229,0.14755354410095337,0.21135684142625877,0.16929479922783727,0.09770403576766883
0.3124614241660721,0.4686508956377087,0.7047396407946596,0.0,0.4832278138906788,0.0,0.49071701391913786,0.7457847367612389,0.6957653740970531,0.0,0.6291959399889653,0.11439953556454258,0.5761021528002894,0.0,0.43154226185113237,0.2174993664940662,0.0,0.13112570878956514,0.634291885199555,0.5749984323466382,0.6312873456777215,0.5416043211027046,0.7556145137915619,0.3847944471318388,0.21929312553239005,0.3543836350316207,0.7875586082335565,0.16203844256603128,0.5448240221899717,0.517964161524523,0.34693901865212806,0.4713445123374117,0.0,0.0,0.0,0.24748421994049655,0.144535957637275,0.0,0.21555201652869654,0.06930123732890878,0.0,0.0,0.19886181288192686,0.0,0.21412884167496082,0.13316981250776755,0.5222347591650507,0.7703042464181372,0.0,0.5890435246375657,0.7490382484037095,0.6742559670303929,0.7589494223500095,0.7411567355454839,0.04758279724763584,0.7034477861087722,0.20811318783930244,0.642026985926317,0.1196701341185579,0.5407143445337314,0.19207803872671422,0.12581524727883944,0.049825645509515404,0.642258314455485,0.48109397539805404,0.5259451253789069,0.39615088255854064,0.7290933776551416,0.30190474963624103,0.3878710119626893,0.5254934154251348,0.7276065075047613,0.22637825092880737,0.377956906503069,0.434507552731232,0.1797543622788735
0.40180795448570766,0.6813259825601898,0.3790573281707735,0.17625823111613736,0.6022567336250446,0.49071701391913786,0.0,0.35441860370049727,0.559586619197108,0.4802316558498446,0.27558244031781415,0.49475459332231353,0.6886878365361938,0.0,0.4173070778547709,0.4714358640292865,0.4285811081597173,0.5141000093140928,0.1809862757810553,0.5635459865153842,0.5433681779782866,0.6863764867068392,0.4369760226970232,0.4958259422449227,0.7145463843417248,0.6788505121191089,0.5490669286436216,0.43465564104743304,0.538602441347467,0.4253817011961358,0.4122693041563526,0.2506974363030435,0.0,0.0,0.0,0.02805775460925497,0.1459954368531477,0.07289186517138696,0.27725687179802544,0.15025329118100686,0.0,0.0,0.0,0.0,0.02071500468922377,0.4765537241850907,0.574307509412957,0.46834493748903194,0.1389746263082241,0.4061174033912116,0.587920890723982,0.4618096424994932,0.4196385735799528,0.5377359917822293,0.5540665050408543,0.3808032452590725,0.5055338496133581,0.5258443917397889,0.0,0.5455030649102559,0.4201568611538863,0.518775813013475,0.38608897332056435,0.21114361025249784,0.354459321229593,0.47016077260887323,0.45285552906196735,0.5339069474484803,0.36821859052589234,0.543244841918829,0.7062528143207529,0.598146749136178,0.2821915501427021,0.4373311272279239,0.23685566913908385,0.25041575003264505
0.2888555115852055,0.26207698528040374,0.8039453578789849,0.0,0.45796203440182726,0.7457847367612389,0.35441860370049727,0.0,0.7011579077821404,0.0,0.7733856846208939,0.04284401488361256,0.36813971822746977,0.09730132086541746,0.4870136281893789,0.0029346813924109594,0.0,0.0,0.6835637179334539,0.5565738038211647,0.6435510533503024,0.4710423132972611,0.9074418988875144,0.33112395430138547,0.04067911891436163,0.22986325232017912,0.7603057749693447,0.12861002171799485,0.32992932288558935,0.49396955837481193,0.23524561890925563,0.5051876661084379,0.0,0.0,0.0,0.3156035093878793,0.09689260117673712,0.0,0.20635492132888303,0.0,0.0,0.0,0.204811490209921,0.0,0.20765610687517078,0.14597015937334232,0.3716747695628504,0.8645605701031284,0.0,0.6600224350282448,0.43276391951072185,0.6144085426789435,0.8752023205448721,0.7661268880839749,0.022550826797916396,0.8064022182418973,0.15531134579203565,0.514204439889696,0.24533980147270879,0.6320358128167693,0.0,0.0,0.0,0.7427730795988835,0.41404147593557183,0.5800250122907491,0.3312717895782913,0.7710781372892831,0.21575128999211238,0.19959779188443305,0.3777116411918084,0.6052042314263371,0.2227751147921675,0.09528576243939726,0.3825787031135124,0.10939279696949475
0.19248257493342458,0.17420179467750396,0.6363123275777671,0.0,0.6374734732260707,0.6957653740970531,0.559586619197108,0.7011579077821404,0.0,0.0,0.7302029569405694,0.03760504891887198,0.44833728914970883,0.0,0.2804606545939049,0.0,0.0,0.0,0.4713045283381108,0.4799815071026803,0.4532605250563157,0.43322363128569036,0.7191053732556492,0.13822816122988418,0.09913742578027512,0.15526415449840456,0.7521426177669523,0.0,0.3006770415355019,0.35916610518598996,0.1173183891878905,0.4038933980715457,0.0,0.0,0.0,0.17900984099535242,0.05526699203340893,0.0,0.13871306129301827,0.0,0.0,0.0,0.0,0.0,0.07041192612687396,0.07109778893421134,0.22096374284313725,0.7774852705940233,0.0,0.7777520616903719,0.42360582445807077,0.7465149391129828,0.604149631230624,0.8736952558565613,0.013818993308375938,0.7506344846814924,0.0830443172655996,0.45200768312104667,0.028958554365180994,0.40942724644241973,0.0,0.0,0.0,0.5049225172021875,0.2199061081153233,0.3442282296715434,0.12885590730980895,0.6246246349472004,0.10715120146856824,0.12972094512766164,0.3286120674215725,0.6151250128762372,0.04670314037084389,0.06965946343387153,0.13434484696430626,0.0
0.12606300081113495,0.5882789199807827,0.10456548326702378,0.5610063238247316,0.3493774655518633,0.0,0.4802316558498446,0.0,0.0,0.0,0.0,0.913330525915095,0.44364664444385155,0.20069399007584632,0.30255058657408945,0.44469805119752287,0.889061019867428,0.7123488462915303,0.0,0.29761155896004926,0.1556889473301253,0.36615509522962814,0.0,0.5183131985253899,0.7445637370764404,0.629182605789849,0.029655104573993507,0.6232035743973661,0.18818908846006988,0.00456822841670973,0.2830208696590867,0.0,0.3742263938518995,0.06208888640608337,0.3431581045845776,0.0,0.06200300625086455,0.13505177219097947,0.0,0.02132482695574156,0.13757632462360603,0.2259968325326222,0.009682992015227015,0.1701522127416796,0.0,0.32892089235785243,0.3405670013063289,0.0,0.266876321016736,0.0,0.21235139129216515,0.0,0.04894684176429198,0.07778093425962593,0.9017786705618592,0.0,0.8496876666583357,0.2227796354256769,0.1446616963488434,0.305572461017444,0.4472377698151403,0.7827667132630826,0.5652211276384533,0.0,0.300153224060612,0.18688159112067454,0.4699770114458516,0.09460787980153648,0.339595766916206,0.4442075755412845,0.3499698810771391,0.152028166660092,0.2236012712494288,0.22044601816101367,0.0,0.23544887767855638
0.3004919131936752,0.221182161382971,0.871657630504984,0.0,0.6617938774989512,0.6291959399889653,0.27558244031781415,0.7733856846208939,0.7302029569405694,0.0,0.0,0.13787795009185627,0.38193906825966056,0.32027420141766094,0.46164406505253913,0.03789880721159994,0.0,0.0,0.8570789758182706,0.5445962142302192,0.514994461688455,0.4799481812664461,0.6951709443422884,0.2915919384143809,0.0168654125062887,0.23625624658997385,0.712421741965175,0.12450384056674141,0.30460052173540814,0.391366971891133,0.2819112016370648,0.381946047325363,0.0,0.0,0.0,0.3297222223642116,0.16916707527134028,0.0,0.03432366798703913,0.0,0.0,0.0,0.22064917400530543,0.0,0.188307814929646,0.1545996093011446,0.31088467137117565,0.8311091809936701,0.0,0.678950791983545,0.40524347733780197,0.5588406425655097,0.6883739538799057,0.8311041035107088,0.023066475839960715,0.9139926918076291,0.19771999493289083,0.5262244567215704,0.35148966549030275,0.564977310430607,0.0,0.0321000997058595,0.0,0.8497723639193699,0.4542503500680438,0.4605925483265598,0.3785968945809326,0.5786260592453483,0.2013247581773537,0.20270105521241685,0.3438609550346945,0.6027482391074682,0.2254340368244132,0.07456684567567759,0.32613466079100706,0.08476854260144812
0.25335415704023584,0.7213545866368268,0.31081297466666874,0.42813836200142963,0.4331970752457722,0.11439953556454258,0.49475459332231353,0.04284401488361256,0.03760504891887198,0.913330525915095,0.13787795009185627,0.0,0.6128274218244594,0.290834479551519,0.4301660703412521,0.5443292481159726,0.8364633265340212,0.7561834224965852,0.1535006060070439,0.4768906426098207,0.2847564534845743,0.5004895843720369,0.056146417272172344,0.6744290606167037,0.6991060794952105,0.7620404275508723,0.15432315815859465,0.7033424867251312,0.2952627394139754,0.15227227412335032,0.4303942479944086,0.0,0.2749674481424714,0.008631846569035873,0.2176523159390007,0.0,0.15673839475935392,0.23472265359996247,0.0,0.0,0.037681308211196016,0.10292664736442343,0.12478255514992002,0.13807481334776425,0.005757975662742831,0.3976626014389752,0.4846644506331105,0.14799346080863807,0.24721688578453815,0.009008241387964189,0.4217708857017357,0.0,0.19188662417996621,0.2464242533824183,0.844829713154789,0.12276236376348507,0.9234013913865278,0.3895228017743001,0.22026957921033802,0.40864838812282334,0.5135498505094996,0.8211693856142939,0.6288505267073888,0.15836528648203602,0.5065926902956788,0.2751868737751909,0.6302886289430889,0.1980856478022569,0.502319120540452,0.547389705087242,0.5204853391961876,0.3039747977904988,0.3253521316240038,0.2861788988472481,0.1289565168031811,0.3341372775110608
0.28464587885432435,0.7054986050300481,0.42549064503882156,0.0021214325010971424,0.5918057384286258,0.5761021528002894,0.6886878365361938,0.36813971822746977,0.44833728914970883,0.44364664444385155,0.38193906825966056,0.6128274218244594,0.0,0.09712792506936992,0.336976167138141,0.6023636095332977,0.4668382468545707,0.6055959899939274,0.383378766281843,0.5740318761901155,0.4507304803242635,0.5972537524794556,0.33812841243830366,0.5004708849787172,0.5704149637470219,0.659411524189421,0.3875551071778014,0.6852834702992296,0.3944302991920128,0.42246247934254494,0.40891633145671824,0.14921744841004453,0.0,0.0,0.0,0.11991362385093748,0.2909311492289684,0.061731217591888765,0.043069312415808504,0.0,0.0,0.0,0.15950929635002833,0.07771761605507282,0.024223868924995673,0.2951468534360235,0.5213383218507016,0.4358049752619525,0.190186586615151,0.47693290682675277,0.5760250534592588,0.43839866576751346,0.44678906496183557,0.4955144619952708,0.5254886530032493,0.46032977147373194,0.64532338083897,0.6620856958166155,0.14627106750898866,0.43969804958659686,0.39334476663294554,0.6504508009452417,0.41891035441441615,0.36514146372651585,0.43712050171291705,0.3396991511575092,0.49483863095798103,0.33114018127143025,0.3524356384301592,0.4422413659947897,0.597662632351129,0.49809849814335533,0.4219001225843339,0.31408493457826675,0.2040427315166319,0.2626542581551464
0.20329765957811452,0.1769833190034388,0.22297641232164095,0.09321353501140964,0.34991860344473646,0.0,0.0,0.09730132086541746,0.0,0.20069399007584632,0.32027420141766094,0.290834479551519,0.09712792506936992,0.0,0.18943001003747373,0.06184752238409286,0.15985091953810704,0.0062712668396009,0.262193149815703,0.14872364023247706,0.08284484527379062,0.09323131771707928,0.012524061416481602,0.2476137222526763,0.0,0.24728092940745874,0.0,0.23449832936755757,0.0,0.0,0.18676377292510402,0.039314267249497534,0.21862983883874168,0.0,0.15761912295520025,0.22860601960788143,0.23741045595494653,0.057566727904381734,0.0,0.0,0.0,0.0,0.24794484485354945,0.04188037763757932,0.14722902088124912,0.2649555595004035,0.20997185853525294,0.061973679021900374,0.0,0.0,0.06238353486714317,0.0,0.11610804829142345,0.13588300357384897,0.059288735472727505,0.19543603522266165,0.18633564612131287,0.16633942807844895,0.3972483930806005,0.19061698883834138,0.034503162666009835,0.12054015711317631,0.11909040388741345,0.28351510463760654,0.31911810114492317,0.11040515309030537,0.2789174972678572,0.0,0.1999419443586992,0.19154171340786125,0.16706274595818496,0.12889553366101925,0.14357533732926311,0.0,0.07136282718837905,0.1044444240655309
0.4892780634941779,0.5583732865308002,0.6262225416056607,0.0,0.4063914266348408,0.43154226185113237,0.4173070778547709,0.4870136281893789,0.2804606545939049,0.30255058657408945,0.46164406505253913,0.4301660703412521,0.336976167138141,0.18943001003747373,0.0,0.37231240774198643,0.18852818019638518,0.31935466309259924,0.5473833431326934,0.8406106623393876,0.7363476670185674,0.7997833890966779,0.5152026731486157,0.5332763854526487,0.3778708383188691,0.56698202076004,0.6331110940074131,0.32052706208061915,0.6166446065507194,0.4113933018613883,0.602365830082368,0.19721411054053742,0.0,0.0,0.0,0.0008095830687762373,0.05570469836894884,0.1841562743703093,0.11511838565273519,0.09394869591904897,0.0,0.0,0.20672937299752378,0.0,0.27297390587953835,0.43682553454548445,0.5102655672905844,0.49357914521631896,0.06191066710711026,0.2034782123902929,0.45807472310660513,0.2071853806911838,0.5375299646508178,0.5088255503756179,0.3134011473358816,0.4712401364053351,0.4283146306568104,0.4793761430831366,0.27399045873117667,0.9121307287066628,0.39438127878451457,0.21742599448051372,0.2717163746637371,0.5657383446781533,0.7976386059186011,0.7357519090238387,0.8021609680214059,0.6499107678866154,0.3686943235029932,0.5091199577268652,0.5381479213949245,0.6134076767545157,0.22306494352399156,0.44501159746174035,0.6528135495044496,0.5029250331791081
0.3684338284919322,0.5570730775667797,0.2283174410466092,0.2150582074889498,0.3515402479212821,0.2174993664940662,0.4714358640292865,0.0029346813924109594,0.0,0.44469805119752287,0.03789880721159994,0.5443292481159726,0.6023636095332977,0.06184752238409286,0.37231240774198643,0.0,0.5005144118286173,0.7995734886546225,0.23528275823303152,0.5037946929327264,0.38477303419565007,0.5652533756790946,0.0,0.5314683597930481,0.5447563842578584,0.5574737274392858,0.11053979424566512,0.6851720117203475,0.5423595261483235,0.4172625685313669,0.6933619216302883,0.0,0.09811720696156592,0.1233334505796731,0.016667124553850665,0.0,0.304914183421673,0.24054084010627425,0.015822748945726217,0.10971524306015695,0.03361754958302568,0.0,0.10274595855731061,0.06272222943430429,0.08267524508628876,0.37922035650018565,0.38592091699400327,0.06650930556949877,0.22359363172957933,0.07845491207527769,0.3666045253016085,0.03399396170607474,0.12926917525251475,0.13086655821547405,0.43977050295711995,0.10635618609789026,0.4943701436093045,0.36216266732137525,0.028337931431674068,0.36215474105936,0.7080701050122424,0.6010742089462855,0.6448570609032619,0.2071947404854217,0.42668504016984404,0.3422453488402481,0.5894372092715726,0.13201267380214293,0.3875785467294407,0.4747030098460543,0.46402617691478215,0.24516352784847223,0.32621109181266295,0.4853662990100228,0.35203976843322105,0.5625941712662594
0.15930129483393413,0.6025553035490722,0.0,0.5376168324761016,0.26930420935018706,0.0,0.4285811081597173,0.0,0.0,0.889061019867428,0.0,0.8364633265340212,0.4668382468545707,0.15985091953810704,0.18852818019638518,0.5005144118286173,0.0,0.7551635152333483,0.0,0.2569587599544675,0.1004781505752543,0.3311526651566225,0.0,0.48931976975757263,0.7222003560931466,0.6526322453515874,0.0,0.6436190795397683,0.18411194308464562,0.0,0.28236968453175926,0.0,0.3842240103849801,0.13861054998705308,0.2889688600057698,0.0,0.1743074024122629,0.13678389790980144,0.0,0.04602319000245564,0.24489886509519082,0.24253966625423734,0.013980904049675336,0.17142310965574734,0.0,0.33208672107308124,0.29954121077079043,0.0,0.17174293198807095,0.0,0.19145874012775296,0.0,0.0,0.0,0.7634726288747178,0.0,0.7269584742591793,0.16782630147532482,0.0,0.16833045887203807,0.5572526903061831,0.7756271325361465,0.6674931897292147,0.0,0.26811321192228793,0.09770458047500008,0.452594464523949,0.0,0.420100134978433,0.46100466029760206,0.3636750571644792,0.09268788443321158,0.23836276388612693,0.29735442378728283,0.0,0.2782550569592861
0.1808239097565655,0.6579045605158372,0.13845370086029188,0.36661282138331014,0.24598435081098607,0.13112570878956514,0.5141000093140928,0.0,0.0,0.7123488462915303,0.0,0.7561834224965852,0.6055959899939274,0.0062712668396009,0.31935466309259924,0.7995734886546225,0.7551635152333483,0.0,0.052798851498335325,0.4114755961006376,0.2602615126790745,0.4752932468212324,0.0,0.5326512562229371,0.7158455176574322,0.6250851250374161,0.033986512808299285,0.7074290209170889,0.3786282330498527,0.23200352625326978,0.494799633808828,0.0,0.12653857299534496,0.12971586898072462,0.18523793652264958,0.0,0.19508518247821616,0.23144353693671504,0.0,0.05162367296609746,0.10576371735513877,0.12208307466466978,0.09864511044060509,0.22429913714748106,0.0,0.25097351158988207,0.40426789590435175,0.023653208102494938,0.3567421925436412,0.0,0.3819783268898026,0.0,0.06747273857256847,0.022212049645156995,0.7253538704033942,0.0,0.7433545629543368,0.31185882223162636,0.07792562934011234,0.30071732550948077,0.6219804608167782,0.8028748679645159,0.6542271614127619,0.04076331241861053,0.3509170793818997,0.2018986305460433,0.5196826129954629,0.10856625752400391,0.37389551243751323,0.4508549022865692,0.41190858050027646,0.192060450482139,0.312696532680554,0.38498813424718603,0.14445993302895574,0.42130086509989423
0.3093799624876544,0.2665611257611977,0.8667041664597598,0.0,0.4475866967907818,0.634291885199555,0.1809862757810553,0.6835637179334539,0.4713045283381108,0.0,0.8570789758182706,0.1535006060070439,0.383378766281843,0.262193149815703,0.5473833431326934,0.23528275823303152,0.0,0.052798851498335325,0.0,0.5770659932671278,0.5366292048893586,0.5081783134516311,0.588406498808808,0.3245937667061387,0.0,0.23539496142555433,0.6127451134303792,0.23053029037288897,0.3599612865646086,0.4915551545435693,0.40675486228373803,0.3603817432069859,0.0,0.0,0.0,0.3505403562942262,0.2586263535956751,0.0,0.06057001402057961,0.0,0.0,0.0,0.44228140972896357,0.013273745486686597,0.21630504586244043,0.11258919869262946,0.2953566918189787,0.7769803681673917,0.0,0.5420153776296158,0.4183295980033381,0.45627002601723,0.7046840109048328,0.65404287041642,0.00614000521687183,0.8217805932402846,0.20243618276004208,0.520907413912848,0.4359930941436496,0.5971895414827691,0.0768296269344304,0.11585672756409718,0.0,0.9566892627147432,0.5529093659298219,0.4891779933621754,0.4726131248949921,0.5488678034529417,0.21048099632036887,0.20386626027967486,0.29657950499820507,0.5423117255527968,0.3191071544000333,0.18312332392693864,0.5018733454118497,0.2618567253373795
0.6151373651912965,0.6915540918202905,0.6858439219252295,0.0,0.5670548481070572,0.5749984323466382,0.5635459865153842,0.5565738038211647,0.4799815071026803,0.29761155896004926,0.5445962142302192,0.4768906426098207,0.5740318761901155,0.14872364023247706,0.8406106623393876,0.5037946929327264,0.2569587599544675,0.4114755961006376,0.5770659932671278,0.0,0.7549413203277866,0.9751878888195892,0.5801191810532568,0.576208814111477,0.49782870208838226,0.7029705825707522,0.6878258846030874,0.4598976677051378,0.7233314522532043,0.5740264449353827,0.6728149770598916,0.3035617632194906,0.0,0.0,0.0,0.18255712982989997,0.22271451745007642,0.13301122821452832,0.17212339574608526,0.07721795118985933,0.0,0.0,0.25786355878502787,0.0,0.3234991414508244,0.5343323725182858,0.5665662266406355,0.6026427881873947,0.0,0.35563233363845165,0.5817116307247748,0.3891830362700868,0.605315257351202,0.6570554656899792,0.3414666173759378,0.5738553586599905,0.47668439870521095,0.61251436671389,0.24668052514989572,0.8473663864317343,0.466157731858675,0.34266445924224487,0.3716349262094807,0.5891648434885806,0.7851488042888313,0.6932581698768678,0.7918636852088968,0.66775066960911,0.46511303405426596,0.6239040220084557,0.6974049997861613,0.6983386752604679,0.36720292644094615,0.49299261510282166,0.5844105189182185,0.49425664533233304
0.6029384870951029,0.5760547124786076,0.6771339453177527,0.0,0.4602875849049547,0.6312873456777215,0.5433681779782866,0.6435510533503024,0.4532605250563157,0.1556889473301253,0.514994461688455,0.2847564534845743,0.4507304803242635,0.08284484527379062,0.7363476670185674,0.38477303419565007,0.1004781505752543,0.2602615126790745,0.5366292048893586,0.7549413203277866,0.0,0.7508246514761183,0.6465553474715514,0.5760227016100861,0.3904097057610439,0.5858844954930504,0.7101401812225161,0.41467382258226254,0.7319698906524112,0.6369939774062005,0.5597762865965634,0.49157738168140763,0.0,0.0,0.0,0.3204921748496288,0.2171079441619127,0.08353180772603126,0.40090483526005444,0.2401530585037795,0.0,0.0,0.2641905726886466,0.0,0.3700671726061949,0.5200586898738576,0.6269776534165228,0.6118103098701649,0.0,0.34507241134212313,0.5923330738039437,0.47576534723035446,0.7249123557694482,0.6156872790294018,0.24071531492892462,0.5409931221346451,0.33150336281504944,0.6519874853359675,0.07838078549090076,0.8150005187795426,0.5020769565444935,0.24854119914454542,0.3673204972239667,0.5274494991757988,0.6940653118852838,0.9007601277596958,0.6950599315615689,0.7010567381952251,0.5200490981135449,0.594762874991437,0.6860964351303194,0.6632436389176187,0.49028283115573396,0.5972401254498068,0.6334843791329791,0.5224124732923626
0.6550079424063183,0.7706498829203932,0.6282596797228139,0.0,0.5587975989429749,0.5416043211027046,0.6863764867068392,0.4710423132972611,0.43322363128569036,0.36615509522962814,0.4799481812664461,0.5004895843720369,0.5972537524794556,0.09323131771707928,0.7997833890966779,0.5652533756790946,0.3311526651566225,0.4752932468212324,0.5081783134516311,0.9751878888195892,0.7508246514761183,0.0,0.5067910550693384,0.5750356855321288,0.6352568117320554,0.7683205660608268,0.6892115909135734,0.49598031439108964,0.7207946464281263,0.5727219731111227,0.6775793144373363,0.3143269907039255,0.0,0.0,0.0,0.14522869205050445,0.2347002265166999,0.16298776686670247,0.22883697788884966,0.13624809549892783,0.0,0.0,0.2161285243865307,0.0,0.2555329799907664,0.6131434443563066,0.647323250572579,0.5559037205058472,0.0632632672915478,0.3539070400562114,0.6196052905893547,0.40504874682593617,0.5322636425496876,0.6107990806568828,0.40176985187295516,0.5544233274675141,0.4991898509332981,0.6142719397012322,0.19892138473991186,0.8098714615238318,0.5345393513722796,0.4008327018647116,0.4466483430901866,0.513620295311913,0.7216770105280519,0.7038868535240226,0.7997873905115059,0.6262666022895361,0.47358054578104397,0.697960973599687,0.7685623041919724,0.7416654948575043,0.37453705889505773,0.5442899087212016,0.581714756516868,0.5311553801200612
0.23077686301709638,0.294707568877329,0.7890079581128865,0.0,0.4059483509019892,0.7556145137915619,0.4369760226970232,0.9074418988875144,0.7191053732556492,0.0,0.6951709443422884,0.056146417272172344,0.33812841243830366,0.012524061416481602,0.5152026731486157,0.0,0.0,0.0,0.588406498808808,0.5801191810532568,0.6465553474715514,0.5067910550693384,0.0,0.31460970479638634,0.1078544443588188,0.2339578547990332,0.8296754992623099,0.059152009815501005,0.3910967047497961,0.47326952199840333,0.21257653779719576,0.43001508841309166,0.0,0.0,0.0,0.19572775976153506,0.035805503142360154,0.0,0.19563297044322986,0.015155807477950617,0.0,0.0,0.11865525671836719,0.0,0.20706076725823538,0.13957641166645157,0.4509711541711717,0.8333546157825147,0.0,0.5808309973592738,0.5213050532957666,0.6044896232077168,0.8377682577477783,0.7776798190561306,0.1050845431395625,0.7176330795734932,0.20389659920610173,0.5306318557348126,0.14143530407380267,0.6465477631517496,0.02045951290352127,0.02042351345305965,0.0,0.6445537587835384,0.4142623815298713,0.5967520669570513,0.33722378185832275,0.909874536189437,0.2486435776359242,0.25907574083740154,0.41181343409110827,0.6447825724938709,0.17136031948844305,0.14676723412839005,0.3932097107555358,0.12057857396474088
0.6128161388629818,0.6773731453182014,0.5086150714369884,0.054308220006612465,0.39043438874770997,0.3847944471318388,0.4958259422449227,0.33112395430138547,0.13822816122988418,0.5183131985253899,0.2915919384143809,0.6744290606167037,0.5004708849787172,0.2476137222526763,0.5332763854526487,0.5314683597930481,0.48931976975757263,0.5326512562229371,0.3245937667061387,0.576208814111477,0.5760227016100861,0.5750356855321288,0.31460970479638634,0.0,0.5756316436110274,0.7669549458979625,0.34270261430205673,0.5727070601599615,0.4759999115853655,0.47530505287675745,0.5656126685512933,0.1368782744096882,0.2706630496516667,0.02561237000309123,0.03509480033966698,0.203037350220863,0.3065964287830564,0.2702672552533808,0.09819135719779046,0.27860821341845177,0.015718231192326987,0.0,0.3270529350814191,0.20321381159231938,0.4058858868686031,0.5907669120347288,0.555526441580932,0.3278681116205784,0.0,0.06290926427975278,0.5823166309461087,0.1305178728964786,0.44280908583722983,0.3603339855737079,0.4724286131694897,0.26243232437498154,0.6581110321983581,0.5393115913413696,0.1894663068790859,0.5581752492000627,0.6235203191664997,0.5792354776742186,0.5841068215402865,0.30360770900136397,0.6364481966050056,0.5539903848577417,0.6749497130160476,0.4396410437036491,0.8021442220624257,0.6165369915041721,0.6897926685870335,0.44586299122581446,0.46114028825386805,0.5443399813406113,0.5430052236146916,0.6272115610920903
0.4340079427367672,0.8215884452617921,0.1596670821344116,0.3075771741166815,0.3519137013564615,0.21929312553239005,0.7145463843417248,0.04067911891436163,0.09913742578027512,0.7445637370764404,0.0168654125062887,0.6991060794952105,0.5704149637470219,0.0,0.3778708383188691,0.5447563842578584,0.7222003560931466,0.7158455176574322,0.0,0.49782870208838226,0.3904097057610439,0.6352568117320554,0.1078544443588188,0.5756316436110274,0.0,0.8049755299473828,0.27994697831300586,0.5944041044989805,0.4247425801656233,0.30157322746518767,0.4270535287460965,0.10726130195766193,0.2043414659441239,0.1487721173962052,0.09180560883082003,0.0,0.17827699841836014,0.16049022836117585,0.17421942598719073,0.25450721038902513,0.04080028050127188,0.1274783537651311,0.02822072071201298,0.04892510439243469,0.04739921999096111,0.4946000585775063,0.5825504097215957,0.18602601824957726,0.14184449040769492,0.09374651716145005,0.5061104044984132,0.12331062828219153,0.17921815783285544,0.20375757273292527,0.7161948775976457,0.1284936461569883,0.6723389872599093,0.4069405335006002,0.006819047377251072,0.44032320173648876,0.5714811790266132,0.6882282506669517,0.5832395462543596,0.0,0.3759290935830825,0.38957993338399893,0.5395303412478605,0.3200260870924485,0.44345333709900364,0.6555375808918908,0.6795451609305835,0.438570615010699,0.263715034518224,0.4540499446510415,0.21551766231509567,0.32753598494015346
0.6463425730913765,0.9143080411233361,0.39556210623289667,0.20207028601752647,0.5091627184934255,0.3543836350316207,0.6788505121191089,0.22986325232017912,0.15526415449840456,0.629182605789849,0.23625624658997385,0.7620404275508723,0.659411524189421,0.24728092940745874,0.56698202076004,0.5574737274392858,0.6526322453515874,0.6250851250374161,0.23539496142555433,0.7029705825707522,0.5858844954930504,0.7683205660608268,0.2339578547990332,0.7669549458979625,0.8049755299473828,0.0,0.3813219341871735,0.6072883103514829,0.5024041928052245,0.40730033441987057,0.5300822053048386,0.1939412557088364,0.188315576654216,0.0032043164421394488,0.0,0.12035198129790048,0.30328533416420916,0.24770634843094444,0.1404754409657999,0.18649000451151015,0.0,0.0,0.18212760565528105,0.0,0.24905190409555975,0.6311637538271792,0.7134376512784629,0.3057889907868985,0.02993633672096717,0.11585373146279816,0.601610896597752,0.17239044452326102,0.36223730803666454,0.3912481889194431,0.5511198267236402,0.3048449601390552,0.7140912811086136,0.560694579008834,0.13303553572067758,0.6058361450286956,0.6245062641827113,0.6601261942958611,0.6231187672136173,0.23997620019304533,0.6533989049104477,0.5377029007040908,0.7589686198257473,0.3905947236417506,0.6160145289399511,0.7777034563204771,0.8796651175540261,0.5935232599981028,0.36930375856918496,0.5104241440826986,0.37901469842748675,0.4760680372110454
0.377964847420073,0.40583721397704736,0.7928101782316761,0.0,0.5219877234671816,0.7875586082335565,0.5490669286436216,0.7603057749693447,0.7521426177669523,0.029655104573993507,0.712421741965175,0.15432315815859465,0.3875551071778014,0.0,0.6331110940074131,0.11053979424566512,0.0,0.033986512808299285,0.6127451134303792,0.6878258846030874,0.7101401812225161,0.6892115909135734,0.8296754992623099,0.34270261430205673,0.27994697831300586,0.3813219341871735,0.0,0.09739755248271992,0.5417293173497463,0.5115700496096165,0.31220915158072465,0.4937032360602067,0.0,0.0,0.0,0.2035898069370814,0.06584005791532095,0.0,0.2062446489169673,0.027364397757870806,0.0,0.0,0.11767217279616393,0.0,0.2249476672159423,0.2385157826502436,0.5425997425684594,0.8468783632913741,0.0,0.6207817421587967,0.6375339163236863,0.6596348527764946,0.7794881013138794,0.8478922748471427,0.15565455664672878,0.7817668673356346,0.23384048385179237,0.5746722562172277,0.12755830325473794,0.7213732577591117,0.18592794760390557,0.10286446292626564,0.0434296306282643,0.6459947325060482,0.5302466995083126,0.6535362486363437,0.4862154196401705,0.847770212752399,0.2743405923419947,0.4150587473211244,0.5484922714721814,0.8554884132949707,0.2134217117285545,0.35927707485200394,0.447402084114774,0.19438582557646986
0.3211606223021924,0.6287330567467322,0.26914201191923215,0.30133806744840036,0.3604492753922321,0.16203844256603128,0.43465564104743304,0.12861002171799485,0.0,0.6232035743973661,0.12450384056674141,0.7033424867251312,0.6852834702992296,0.23449832936755757,0.32052706208061915,0.6851720117203475,0.6436190795397683,0.7074290209170889,0.23053029037288897,0.4598976677051378,0.41467382258226254,0.49598031439108964,0.059152009815501005,0.5727070601599615,0.5944041044989805,0.6072883103514829,0.09739755248271992,0.0,0.3620451454699097,0.4378292654887584,0.5286307936129818,0.10092036481886325,0.16408098372199448,0.13486442228750112,0.11711441754159263,0.13305057838834364,0.3891390279043967,0.1772751468950634,0.11909333972283659,0.09291900054011618,0.09855757333557012,0.0,0.27550458277631446,0.2792160728221924,0.09398322208964413,0.4417175748608205,0.4633614050045435,0.1758797384297491,0.14615916542011143,0.09529945516846167,0.4175830638073409,0.07583479444325875,0.2933160540034111,0.17294418399520745,0.6391320597496015,0.13667394220783857,0.6936088445452974,0.5513153168177574,0.18145405024514757,0.39231418085740016,0.6218140030256954,0.7455558011669783,0.662105902867817,0.1774127757109536,0.4394719072555299,0.4015769809214095,0.5717940712836742,0.1325548314528943,0.4807383461491393,0.49417545758157244,0.5179179210694886,0.25914630244713677,0.673799038789187,0.4080414512200644,0.24205114148178317,0.5086422529945851
0.5834603524789619,0.5524724815155453,0.47292871396020636,0.0,0.48481695339779207,0.5448240221899717,0.538602441347467,0.32992932288558935,0.3006770415355019,0.18818908846006988,0.30460052173540814,0.2952627394139754,0.3944302991920128,0.0,0.6166446065507194,0.5423595261483235,0.18411194308464562,0.3786282330498527,0.3599612865646086,0.7233314522532043,0.7319698906524112,0.7207946464281263,0.3910967047497961,0.4759999115853655,0.4247425801656233,0.5024041928052245,0.5417293173497463,0.3620451454699097,0.0,0.5335573563188142,0.6556072553458215,0.37346582677071727,0.08243983536339529,0.02993044136714182,0.0,0.18566034568662024,0.16340613026671283,0.0354979216066261,0.33013804073120223,0.25699872863469647,0.0,0.0,0.029388283099577403,0.0,0.3047035334739242,0.5050714773655046,0.5248930355936541,0.36082722840101156,0.0,0.13393651759374353,0.5488075576765405,0.3112509545363364,0.43152357617149406,0.4145533443861972,0.22663285425210583,0.3128810159483045,0.26614750509190965,0.490247800405289,0.0,0.6275922785029999,0.6156649721089725,0.231826716243542,0.549969106558502,0.3409739982747444,0.5475839775886636,0.7030032345855972,0.611116586100993,0.5252397337126735,0.46355905662927865,0.6665102246982518,0.6298109877037608,0.5198489263453313,0.3851940713961242,0.7012466921077019,0.5626677864565488,0.521959997787852
0.4951839928854711,0.36682056277345465,0.536492047113833,0.0,0.3273015095110326,0.517964161524523,0.4253817011961358,0.49396955837481193,0.35916610518598996,0.00456822841670973,0.391366971891133,0.15227227412335032,0.42246247934254494,0.0,0.4113933018613883,0.4172625685313669,0.0,0.23200352625326978,0.4915551545435693,0.5740264449353827,0.6369939774062005,0.5727219731111227,0.47326952199840333,0.47530505287675745,0.30157322746518767,0.40730033441987057,0.5115700496096165,0.4378292654887584,0.5335573563188142,0.0,0.6097249141377502,0.4278817688050127,0.0,0.0,0.0,0.36620677589231937,0.26271965379201556,0.043439592080643186,0.3741914121268668,0.16752216944964637,0.0,0.0,0.2314405881138631,0.053420473320896736,0.3387336818487131,0.3787559354877802,0.4225751819148015,0.5065554969756196,0.009235232175662494,0.41490875618846984,0.4548308102699887,0.4777813768570014,0.5080255239446987,0.4522337309209501,0.10737335488911198,0.43567526113114613,0.2329219429166855,0.5127263669361147,0.06247521926658123,0.5579691681327353,0.4645451770870711,0.21366428574042312,0.27956575601114275,0.4669050607729289,0.46816210999429764,0.6194402907967513,0.469052467179079,0.5046338177209074,0.3855978152549937,0.42617467238759243,0.5387021582883441,0.4539315247749657,0.4992453005476043,0.40857111568031257,0.6711696651223616,0.5764816086686655
