0.0,0.20925509365940825,0.0,0.1866971658645939,0.10076981743848791,0.33537528388355775,0.0,0.2747071210051648,0.1548721997323711,0.41233272501265517,0.0,0.311941932394472,0.24446781291277722,0.0,0.2432028844263509,0.5748954268062114,0.4921614797435486,0.3309169026324918,0.0,0.40673463296669937,0.571831948997016,0.47451866699833634,0.14880440696417369,0.589102143031937,0.6462866466283794,0.3322749618339439,0.14616539571941206,0.4016250638833243,0.6530880589574226,0.241578568878842,0.6035255448817843,0.5546649194903563,0.6457057076878319,0.5308941900276776,0.09809900143083347,0.17058209124316376,0.2205635116488314,0.5662757950577975,0.5627374446033118,0.5779092416147151,0.5356485696691525,0.25339249215433163,0.0,0.0,0.2645998697577674,0.8030129095330092,0.23715447162367237,0.007000475942154499,0.06906869414664338,0.0,0.0,0.0,0.19123266864535923,0.0,0.0,0.029662933993275048,0.31854917909461,0.0,0.0,0.24414330187790784,0.39302140945357467,0.0,0.2887788556164241,0.0,0.297223513913938,0.7037633219621062,0.37080667531824446,0.19026935781145937,0.6071092419583624,0.5020402087366722,0.5299603735264452,0.0,0.1743180905127656,0.5019576808885458,0.6307080476321764,0.570843448971119
0.20925509365940825,0.0,0.3815281706165341,0.0,0.3757764749243294,0.6967100579331805,0.3316012170472048,0.4160975890218604,0.4085821167044995,0.4602425923796525,0.3753014526337153,0.7006419748596179,0.5700468071139245,0.19484962035260361,0.5713301622304373,0.5674066671986087,0.6708655291264393,0.6170154687660617,0.3539396315154498,0.570869985765142,0.2925011073186464,0.6240434525598407,0.5517635531476155,0.3132317102075566,0.7154745762776021,0.8727261370600047,0.525757092392129,0.521409221287046,0.47906930743625964,0.31536532200664075,0.20903426914961115,0.0,0.17893733423503327,0.08890316890719109,0.0,0.07407528966947902,0.16797343605336612,0.23004314526818492,0.0,0.11750604745932482,0.0,0.003254476836943722,0.0,0.0,0.11612468249775906,0.0,0.6542183006844468,0.3975188065403116,0.0,0.22668100596985366,0.41933111396834516,0.13557879027670414,0.34169371679701166,0.2878226680379278,0.060377029422171435,0.3935979852548887,0.5291366984992015,0.15536583053710093,0.0,0.5636382210333285,0.23812060128286983,0.26172161717469916,0.2916081776774327,0.3043998574696871,0.5230050890486918,0.0810431679841824,0.4683531546133205,0.471125771101706,0.15983489922116806,0.35779588110146643,0.649482172531156,0.4725451496978107,0.33264750021224027,0.11695290969169739,0.2504988417999178,0.02037276538330912
0.0,0.3815281706165341,0.0,0.0,0.7426103745291626,0.38467098027324753,0.4528871154813988,0.519999487939446,0.6804880855106318,0.10619236177227384,0.9003076052464394,0.3822912958923429,0.48554905098214174,0.4086299506142659,0.6857303724948443,0.20665911990962532,0.24073800040650162,0.3185388293929058,0.9407016387015286,0.590034775604656,0.23331509436092507,0.40465522330257014,0.7422906508952715,0.0,0.053657306151986134,0.37352728076148833,0.711406461443321,0.49622818350426484,0.24546186964084798,0.6297149755656197,0.06944211970634659,0.0,0.0,0.0,0.005859480170137852,0.10399140681898462,0.08554511169431803,0.0,0.0,0.0,0.0,0.10237634418771865,0.0,0.0,0.011337795849559767,0.0,0.3483000037916521,0.9392365466089474,0.10841591342573281,0.7160948207010784,0.4254211207348436,0.49622884585675164,0.3835776423227872,0.7066012280942771,0.17656699535322856,0.8366050977861967,0.2900650090766363,0.2900318295625506,0.13355857595992118,0.5896766446916398,0.34486349375142317,0.30473730717640823,0.40156159565735805,0.8547779912061154,0.6303893372484984,0.0,0.5221582278997231,0.6926855497693011,0.0,0.07536512239617119,0.34735378190210875,0.7192250587269319,0.28987765796650217,0.06827230236615803,0.089808698901438,0.022004122546944255
0.1866971658645939,0.0,0.0,0.0,0.042938824165392936,0.008964275588844939,0.0,0.0,0.049360363238108745,0.0,0.0,0.0,0.08000914412513391,0.0,0.0,0.1297206565466971,0.0,0.041369867300276475,0.0,0.06146417884380968,0.11373554442511304,0.08715241736614684,0.0,0.06330108566315813,0.0874596718375154,0.0,0.0,0.060125687338422856,0.11833650875266549,0.0,0.02211549418225156,0.2942044248141347,0.20281298569970965,0.19168320599026523,0.13876376857533235,0.0,0.0,0.18872883248564326,0.2993820932525415,0.06907974977081405,0.11206234918189903,0.10417372064643803,0.10038525291609156,0.0,0.0,0.2391041394947097,0.018794761330092863,0.0,0.2855582397623598,0.0,0.048346021143943124,0.0,0.035264373132861446,0.051193351905756745,0.0024625341939233103,0.0,0.0,0.15078468852303994,0.07808043216011,0.0891052677219551,0.06887053267976842,0.0,0.13332896544597966,0.022722808655179144,0.07751952936492536,0.21517093247398356,0.11192610069818267,0.0,0.09688251780680836,0.15609817444049934,0.069921421298519,0.012998121105911656,0.2619189968183967,0.22567224747881007,0.2932143356273783,0.23561772568124145
0.10076981743848791,0.3757764749243294,0.7426103745291626,0.042938824165392936,0.0,0.4239467179037253,0.3073418270963047,0.5922022040318641,0.7604960483064349,0.16166194683434043,0.8109684242680992,0.40595799867562044,0.6161546995641658,0.4638334283343754,0.6332173168981347,0.319677551404398,0.25607873914794,0.34543228031401196,0.7290976089472893,0.6228977526919359,0.3057068481656878,0.4584963248543504,0.6495594541774661,0.0,0.14216343204602142,0.3536924626913346,0.7171205664426455,0.5385673367549795,0.35752149935659666,0.6132905880621018,0.10101128788101738,0.0,0.008876794868936028,0.0,0.04341730760748349,0.17982672812765696,0.06727339879207465,0.005716279043171679,0.0,0.0,0.0,0.1031348418447165,0.0,0.0,0.03016523763991681,0.0,0.3666538232023516,0.7477721222468777,0.07287483858024031,0.6914214966650156,0.4530655900272379,0.4489884812156802,0.4762219702263095,0.7538288625478893,0.14974801582418346,0.7360037942331475,0.28981223009574464,0.3954792113273742,0.07351501285577705,0.552492866527547,0.41686155991680773,0.33996208067079037,0.4696020008979348,0.7088687692450318,0.6504005739254932,0.040991074643549896,0.5639749363795945,0.6698616269531505,0.0,0.17457349922068308,0.4085986941043269,0.6709520814570853,0.4690156402026633,0.15824577959304326,0.1746919241839094,0.1855735621190839
0.33537528388355775,0.6967100579331805,0.38467098027324753,0.008964275588844939,0.4239467179037253,0.0,0.25794891672024844,0.5026753415511561,0.6572333511293966,0.22437181998812072,0.29952007434967665,0.6051544196708026,0.7764298596606677,0.11419866064748142,0.5406813677210678,0.6547709355095356,0.6617719451775247,0.7125926879373694,0.34138656335105566,0.6813699634688708,0.4418836621914309,0.7064132366889929,0.6663272750591496,0.37545359236873344,0.5875198642171925,0.6536758520457752,0.6865572455744402,0.6637008366643261,0.7276685939654824,0.44661951696792784,0.4398642734531617,0.11271135126188342,0.21400686648858158,0.24541366877807505,0.0,0.2491229582540623,0.19355951947214922,0.33676386782650447,0.0,0.014012443584472706,0.0,0.19117819396557162,0.0,0.0,0.05368235372869866,0.08828817049092971,0.37477887193341497,0.4506836540983257,0.0255025992365413,0.13303200989280728,0.5916854866280391,0.0,0.5202035106949959,0.3731706456282763,0.0,0.3584181400441982,0.6778104919173682,0.08983424995730349,0.0,0.5576600743932963,0.1961808850825588,0.0,0.2603838418686063,0.33643027994412084,0.48632682754057355,0.378638223804577,0.3674643205389379,0.678126874334109,0.28453574943890314,0.22813430861461295,0.48947959456750145,0.4925226789226742,0.426194581574446,0.2381648740060656,0.42273005370677486,0.06412836386339482
0.0,0.3316012170472048,0.4528871154813988,0.0,0.3073418270963047,0.25794891672024844,0.0,0.23183391247841326,0.24675053724735296,0.17029700102557543,0.39324329298089167,0.22475225943198957,0.17304131955000518,0.10228949239714114,0.32881174864613427,0.12609298338928768,0.26818672128338095,0.24229446258082982,0.4232657998077419,0.19159592818922222,0.1937638369087131,0.16978572446452447,0.38269818727678173,0.0,0.15507965623708145,0.23003876159481454,0.32513760239655476,0.2620644732702707,0.1254068404075,0.4170203295763415,0.03978207942643358,0.0,0.01617082960689739,0.0,0.11714608665014975,0.0967473086751309,0.2268651927880827,0.0,0.0,0.0,0.0,0.1143516613098064,0.007637528504951918,0.0,0.01834318431099062,0.0,0.34630170255899023,0.3849559885001575,0.13106433775982657,0.44126604937961345,0.09376023434403546,0.581509686830912,0.15802202010234667,0.22698888069180126,0.0,0.2720390943643585,0.080712522954548,0.0,0.15729066848128467,0.16903371029980155,0.29424646849433095,0.0494146233553818,0.2073840540112965,0.3798769135336626,0.1758471500092254,0.0,0.17533211680725386,0.24454978445709225,0.0,0.0,0.09053788055671991,0.2398157337696692,0.0,0.0,0.0,0.0
0.2747071210051648,0.4160975890218604,0.519999487939446,0.0,0.5922022040318641,0.5026753415511561,0.23183391247841326,0.0,0.45235259279945456,0.329775032074831,0.577262694522141,0.49683488690757455,0.5171172942974829,0.29866235309647937,0.6223052078474106,0.2967491943584256,0.3137980491190398,0.21278016735930544,0.49988789802291445,0.6108044775391548,0.5192417373011042,0.448565160113259,0.7680613356133205,0.22773946882173854,0.2085399922303007,0.4244816000889544,0.5512772181864882,0.43710774264009533,0.39902817199071217,0.5192738337498279,0.18410311443852168,0.09528217097033609,0.1219446083301869,0.0,0.005391922887064894,0.0696785587890999,0.07918243126622929,0.23541395004726795,0.07145504785139656,0.10397919655931255,0.0,0.04053748014480288,0.0,0.0,0.08146008832989375,0.11019415443406558,0.37798125647065434,0.6075565998254209,0.0,0.4423287751681388,0.36091345236174477,0.35367791296379447,0.771368393129375,0.3852307354762744,0.16136560929021182,0.6055524475665817,0.3803986365626144,0.19774938373118928,0.0,0.5814491700959626,0.3589266797693677,0.4065957925830057,0.3961380946002034,0.4997998796398647,0.5639941889906186,0.26815342194718955,0.5457966883380901,0.7146738772800423,0.13812029275980492,0.3117175123439915,0.5707599344912637,0.5209397517215195,0.32837595275569126,0.16765439268994198,0.31228422018021157,0.29107479351960913
0.1548721997323711,0.4085821167044995,0.6804880855106318,0.049360363238108745,0.7604960483064349,0.6572333511293966,0.24675053724735296,0.45235259279945456,0.0,0.04969972221512087,0.6721164507652864,0.4832159993574071,0.668428512914937,0.27848195548895605,0.6321060028749026,0.3988854088438631,0.3740262667669707,0.5214496586203368,0.6783539204562097,0.710467612410713,0.2753172519437746,0.5721246228162148,0.6026430962896431,0.19277503229258555,0.2717800577816349,0.47997614658905485,0.8043046578692896,0.6184193472664679,0.462861656465723,0.5239645573115994,0.23424587158282362,0.0,0.0,0.0004819197339402115,0.0,0.2749878033310493,0.08349259921160906,0.11450465650188023,0.0,0.0,0.0,0.13544746850200792,0.0,0.0,0.0677922791136074,0.0,0.24750265809312083,0.6853028608324239,0.0752759452390912,0.4980628255592544,0.587874674738988,0.2371639801393563,0.40543617005176413,0.839964422683087,0.0,0.6830329611357628,0.5232148134136965,0.2751049664771742,0.0,0.6235176468159732,0.22294211629033572,0.027719099171848338,0.30811868684836546,0.6359914755548259,0.6673320373258407,0.17851476841384753,0.44982215593939545,0.666212489969948,0.08391722925524331,0.11213402435979986,0.43509762802964924,0.714619251417176,0.5141686206998779,0.2713777268272402,0.31627856210539007,0.12853998768341937
0.41233272501265517,0.4602425923796525,0.10619236177227384,0.0,0.16166194683434043,0.22437181998812072,0.17029700102557543,0.329775032074831,0.04969972221512087,0.0,0.14897521676332354,0.49331509593777395,0.2523716943691581,0.11112948662141298,0.26093671881849007,0.39687832856091304,0.7077935892597109,0.23890559671106365,0.13256291070120357,0.27091925395281186,0.3931043145111873,0.34809359323174943,0.25714296665158143,0.32679482078105415,0.6295018754119442,0.44502139796442586,0.1512188197977097,0.33421064973086617,0.3703063587333275,0.22024368080080295,0.35113149552545164,0.31864667159222315,0.5679226417004599,0.3002324132656091,0.10232081140141615,0.0,0.2381887746874188,0.5173248369456123,0.36811715475939033,0.5940906965989077,0.41182878096819775,0.09823301244879169,0.0,0.0,0.33531087856350295,0.2396883114475507,0.5468054826344341,0.13575880369633264,0.0,0.11042815303250181,0.0,0.07948677988233976,0.12819104933271144,0.0,0.3347888252082436,0.19247559772409262,0.2918197515052392,0.0,0.0,0.22103272332749585,0.4891522366723313,0.5041017788373836,0.40600944596659216,0.06428377447009556,0.20427827324313202,0.2749800773345693,0.43018902858139485,0.17200711934357024,0.28690817986573053,0.6064259199053431,0.5464155336926492,0.023948512444376513,0.0,0.09649557930169458,0.1236307975184551,0.2920677662725223
0.0,0.3753014526337153,0.9003076052464394,0.0,0.8109684242680992,0.29952007434967665,0.39324329298089167,0.577262694522141,0.6721164507652864,0.14897521676332354,0.0,0.3776763386119346,0.44843808792388384,0.46984112720221505,0.7092306051976859,0.15839423941506817,0.19017278626670212,0.21111754644757477,0.882487788935189,0.6019509543453792,0.23617693791028724,0.3690051830274528,0.6801784829920952,0.0,0.07738939480792868,0.38512115656862567,0.6981348612260754,0.4172348282605962,0.21897140975709778,0.5718935414649353,0.0,0.0,0.0,0.0,0.0,0.07492318409244586,0.015102993460058625,0.0,0.0,0.0,0.0,0.06762162921206288,0.0,0.0,0.00784114512997594,0.0,0.3806346225606121,0.9127562375633422,0.026747393259712218,0.7920784008581384,0.4034614939837146,0.5819609911453044,0.4068607687379876,0.745400737993132,0.21769672624532907,0.9491729820879612,0.22686259538418893,0.31016171449515995,0.1727085681197823,0.5900486327712834,0.37834390758996245,0.4010186718894667,0.388104415143813,0.8392411776904602,0.6820112629383761,0.0,0.5755527059006162,0.653762161532542,0.0,0.17739333803230212,0.4413870690922851,0.7229788229580008,0.2721445792165563,0.10437431558854494,0.07503952956394783,0.12045712198450481
0.311941932394472,0.7006419748596179,0.3822912958923429,0.0,0.40595799867562044,0.6051544196708026,0.22475225943198957,0.49683488690757455,0.4832159993574071,0.49331509593777395,0.3776763386119346,0.0,0.6267299849832096,0.24985210715300044,0.5354104993043414,0.5140652093885253,0.6909174190201097,0.6297309263438609,0.3404033707890558,0.5747227155346323,0.33004026452315927,0.5648512587544704,0.5137770800779673,0.5185486920901115,0.5874422207274659,0.7850701225250646,0.49577769361036256,0.6885453871619669,0.4268894124972181,0.35827346907466084,0.28384266977996453,0.0,0.15184273702707218,0.12810279943455993,0.0,0.21404937988676093,0.22023961198873307,0.2879408531166526,0.0,0.14105564982076002,0.0350678987703783,0.0,0.0,0.0,0.19386306745067505,0.041624587372736374,0.33835346223200924,0.3931568691068343,0.0,0.2666741400150513,0.3022456641992687,0.03707894179681073,0.33775926540528645,0.32840740819996744,0.0,0.4430742320495861,0.8077392544848461,0.1543376218327002,0.0,0.5258598498127841,0.15193680490073153,0.22076846364610295,0.23141281576567657,0.2801085117503526,0.5158965170889358,0.17288629854075355,0.4127193256404833,0.44710133288239096,0.388001662767739,0.20683022877818924,0.6198522685126775,0.38600685897527226,0.4546327215673878,0.11697697980372346,0.29423922848105494,0.11719222449632288
0.24446781291277722,0.5700468071139245,0.48554905098214174,0.08000914412513391,0.6161546995641658,0.7764298596606677,0.17304131955000518,0.5171172942974829,0.668428512914937,0.2523716943691581,0.44843808792388384,0.6267299849832096,0.0,0.2585302577197821,0.520149567500438,0.6041570811583463,0.5722949415723266,0.6731392712136183,0.44096361138452583,0.6515212507100778,0.3112282121717205,0.6214601656259372,0.5883619210996731,0.19476037315465472,0.41526769172169875,0.5599547597609296,0.6839320992596507,0.7769162535466202,0.5790078055804234,0.5558378606137458,0.347649340661937,0.07751669151753418,0.14052907729940778,0.061258960740557644,0.021990279128364605,0.2990555414636419,0.1918823215359129,0.22857196051509715,0.0,0.0,0.0,0.16827658351652197,0.0,0.0,0.02696296518688948,0.033195721412761475,0.30677952267550296,0.5067549741138934,0.0,0.2360147022977861,0.5390890360529033,0.0,0.47082748264685387,0.4647848907335677,0.0,0.4613769184594061,0.625610078461517,0.2959882890855484,0.0,0.5374528320091814,0.23890102407122157,0.18583341211735338,0.42337523787520165,0.41491396988140844,0.5280378942857873,0.21246614616137088,0.3979996832156055,0.6342200747713806,0.09812148592748839,0.17931740107509841,0.44314045295784205,0.5696274707137027,0.6390382028103259,0.18940387496051414,0.34674670394908585,0.13441365628017551
0.0,0.19484962035260361,0.4086299506142659,0.0,0.4638334283343754,0.11419866064748142,0.10228949239714114,0.29866235309647937,0.27848195548895605,0.11112948662141298,0.46984112720221505,0.24985210715300044,0.2585302577197821,0.0,0.3132966589127403,0.06630038709896334,0.06957483033229998,0.08657512690120552,0.3683407568429782,0.24003269151721013,0.02304577626230679,0.14279527199662417,0.3309515347831684,0.0,0.051098547396618975,0.23622041751551054,0.296464364998519,0.19846921188065375,0.0735515062586092,0.22869465791809943,0.0,0.0,0.0,0.0,0.0,0.23271186488093926,0.05814246128620332,0.0,0.0,0.0,0.0,0.0,0.02879604105962552,0.0,0.06097929722605072,0.0,0.08007180132031191,0.35138665162109384,0.0,0.4500046867094607,0.21474744886335898,0.24263133773511025,0.09805330464034984,0.4164349950010618,0.10704544991073132,0.46336227335318037,0.11685284446394552,0.2077393511160393,0.29544758361307105,0.16642819123853986,0.15208465762287948,0.28832299202016287,0.16096132130412216,0.43591991476065606,0.3093288997582238,0.0,0.18673895967989418,0.2818979780240683,0.0,0.051500715073406006,0.16369589399607484,0.2908005646341737,0.14007334691064457,0.0,0.0,0.07397625324241007
0.2432028844263509,0.5713301622304373,0.6857303724948443,0.0,0.6332173168981347,0.5406813677210678,0.32881174864613427,0.6223052078474106,0.6321060028749026,0.26093671881849007,0.7092306051976859,0.5354104993043414,0.520149567500438,0.3132966589127403,0.0,0.47365650030894935,0.4360262881353584,0.46207528918969565,0.696527718916176,0.8720644107314914,0.504505939827309,0.762669435629743,0.7114919254846492,0.1662106630305251,0.4066604987864789,0.5978214034749473,0.7638087924344004,0.5875231060196301,0.5710346981548711,0.6468735240800978,0.24340232657780997,0.0,0.11603657151629371,0.06546466318560604,0.0,0.08595994512948157,0.12079734522624361,0.24137405915683266,0.0,0.06269977409891483,0.0,0.055371859837501744,0.0,0.0,0.07530750382447221,0.0,0.46863423370374496,0.7201380332094525,0.038317064341094845,0.4973784169370229,0.38939063697299797,0.30203734124508796,0.532815405494377,0.5044482131357645,0.12148448744103849,0.6876182486987475,0.43550081169233457,0.14496229005630276,0.0,0.8994890199493432,0.44954404194219555,0.28302624082759015,0.5104731638045138,0.6526052127263798,0.8643117620797796,0.25539987813718384,0.7819030884125703,0.7551543176485235,0.043144229469768494,0.3487191020658926,0.6281846380522722,0.7108560863747073,0.3716790458726443,0.3397197190855137,0.4305021613692075,0.22002300294564686
0.5748954268062114,0.5674066671986087,0.20665911990962532,0.1297206565466971,0.319677551404398,0.6547709355095356,0.12609298338928768,0.2967491943584256,0.3988854088438631,0.39687832856091304,0.15839423941506817,0.5140652093885253,0.6041570811583463,0.06630038709896334,0.47365650030894935,0.0,0.7200341326750295,0.7651565165111592,0.2038742267107712,0.6180601277328871,0.44652984819821767,0.7460338754327456,0.3478503217339468,0.37615085466471054,0.7535049316974942,0.5983267647567988,0.46965803818818364,0.6647423612785828,0.7680524334922054,0.4186980658013475,0.6464045482802458,0.3876975294412822,0.5599737994789451,0.42676504548259564,0.07924627423435951,0.25106768479626584,0.2731843327295469,0.4157044690311301,0.2952252281670764,0.32370331374301026,0.22828112679608828,0.18485911204887967,0.0,0.0,0.09262974181555995,0.3368807328975099,0.42233313740552236,0.2609737271421875,0.0015844402434444654,0.0,0.21844444511735556,0.0,0.25682297037055696,0.08895728146914503,0.0,0.1721946198676298,0.5332635187065675,0.01653902898669063,0.0,0.47371139323177064,0.4386987874024425,0.0,0.42928717111081943,0.2090516167714282,0.4877363011863478,0.45861212579658694,0.4954427506442075,0.3962765616905554,0.3321837812310132,0.4143956040192259,0.5346685845970228,0.2737172811287823,0.3961904947694565,0.4167282508651107,0.5402212135842233,0.36897462847489804
0.4921614797435486,0.6708655291264393,0.24073800040650162,0.0,0.25607873914794,0.6617719451775247,0.26818672128338095,0.3137980491190398,0.3740262667669707,0.7077935892597109,0.19017278626670212,0.6909174190201097,0.5722949415723266,0.06957483033229998,0.4360262881353584,0.7200341326750295,0.0,0.7599919200184457,0.21963907191997392,0.5074948577583918,0.4255521494752482,0.6578683712294908,0.372509133604081,0.4486812046726055,0.8136056847550137,0.6658911764115004,0.4025951369091011,0.7042244329333123,0.605448173242713,0.35300586149203617,0.6016020488929708,0.3127677318604006,0.5047275267923805,0.38453701913127736,0.051972594882998685,0.1325592026908651,0.42119493917419604,0.49355483899778263,0.2084167568928117,0.305102952414444,0.2100397226739981,0.16558568145048896,0.0,0.0,0.23144484844613947,0.2138638013369864,0.4906829443356502,0.22462365868933637,0.0,0.017787396197676997,0.12927841522387698,0.0,0.2685770838757235,0.08347501011114011,0.0,0.2244384690072364,0.6812312198444093,0.0,0.0,0.4483253033729836,0.35863481444975404,0.21626632817970542,0.3929227431745955,0.22255828603471084,0.3532798132955801,0.4237696620683197,0.4011016734571853,0.35678521946028624,0.4104971450279552,0.37510353077550634,0.557649430959454,0.168432851898144,0.29222903958765034,0.15835665824651549,0.33525437629443,0.19422644755994842
0.3309169026324918,0.6170154687660617,0.3185388293929058,0.041369867300276475,0.34543228031401196,0.7125926879373694,0.24229446258082982,0.21278016735930544,0.5214496586203368,0.23890559671106365,0.21111754644757477,0.6297309263438609,0.6731392712136183,0.08657512690120552,0.46207528918969565,0.7651565165111592,0.7599919200184457,0.0,0.28039090931344973,0.5549004547124573,0.25025763853180194,0.6664228285796223,0.37519561749736285,0.38075906546948934,0.6556341713160414,0.6630184481475477,0.4958553463894381,0.7365043244640993,0.5509207311585785,0.38730686276130105,0.5152076213467907,0.07793998449773018,0.23841636272888994,0.24664481964252616,0.0,0.3003414393193152,0.31536460720700765,0.2708232315903958,0.0,0.0,0.0,0.1071112956173309,0.0,0.0,0.09393475286411933,0.08157928196324465,0.3341147073064643,0.2892919015944749,0.0234436028917486,0.025982327467533206,0.35267853445165326,0.0,0.2593584564982367,0.25406406418314653,0.0,0.21221450308497394,0.7121083819417477,0.08636360754758976,0.0,0.48271996475673495,0.09883319537986368,0.0,0.2528387688607766,0.2884759882938589,0.42117154173604504,0.31498273269210325,0.30233377834070535,0.41265228906173146,0.30170193239595305,0.052071312971007866,0.4453935872657488,0.2995431098410444,0.4921680799988159,0.17908795857360077,0.39951809781722314,0.06167480502271866
0.0,0.3539396315154498,0.9407016387015286,0.0,0.7290976089472893,0.34138656335105566,0.4232657998077419,0.49988789802291445,0.6783539204562097,0.13256291070120357,0.882487788935189,0.3404033707890558,0.44096361138452583,0.3683407568429782,0.696527718916176,0.2038742267107712,0.21963907191997392,0.28039090931344973,0.0,0.6091029342642189,0.2565657281364536,0.44057807661339277,0.6502231140725864,0.0,0.05585476256496888,0.3351036210767925,0.6587030914288419,0.453842126054729,0.26277925051405465,0.5988593301873743,0.02886639848070638,0.0,0.0,0.0,0.04941287239712371,0.053586874279572816,0.023677262134733867,0.0,0.0,0.0,0.0,0.13121765456692336,0.0,0.0,0.0,0.0,0.34101991305208534,0.928825808566691,0.1325518108418541,0.6978274218702453,0.37044702087213793,0.4984805846916933,0.3642531700465291,0.6988128400013457,0.20410051894503967,0.8178678817672506,0.24320969663067235,0.22272981602057484,0.18673700951872968,0.5944059921094401,0.3933104330373507,0.34007560040665075,0.4610035128785519,0.9330885534980059,0.6493904482436733,0.0,0.5803613660974029,0.6632594965702207,0.0,0.11875058320726818,0.3368725876538238,0.6599195326327211,0.23494139098875227,0.07935638745033413,0.11706147570798223,0.055135910856807024
0.40673463296669937,0.570869985765142,0.590034775604656,0.06146417884380968,0.6228977526919359,0.6813699634688708,0.19159592818922222,0.6108044775391548,0.710467612410713,0.27091925395281186,0.6019509543453792,0.5747227155346323,0.6515212507100778,0.24003269151721013,0.8720644107314914,0.6180601277328871,0.5074948577583918,0.5549004547124573,0.6091029342642189,0.0,0.5073686336575908,0.9217211779328633,0.6340582332455965,0.26799988802359864,0.48369856755418494,0.5876417040138728,0.803233112838346,0.6898445840389535,0.734432230189289,0.6681444551910518,0.355270417587047,0.08236393465079128,0.21324178467979293,0.14752402103673615,0.0,0.13697158850029403,0.11559077652130229,0.3470834766155847,0.010920706752422418,0.08966155998037037,0.03434998099840361,0.18368708890292684,0.0,0.0,0.06694895726899935,0.14241836832347554,0.40531699167565793,0.677541927391206,0.0,0.318870925232946,0.4258388975529723,0.12348649501433243,0.5248723562378403,0.4448346984806074,0.0,0.6328459369600833,0.5362873656912257,0.10542732145803604,0.0,0.8264439653823834,0.4309351641570028,0.15184610361194106,0.45265175516600675,0.579027260622033,0.9061746735893877,0.329164785338719,0.7857240420487596,0.7432082195185858,0.1778559473016767,0.3589641163783992,0.6101936180777867,0.6968517314809478,0.46339483291021744,0.4663911923980353,0.552727504461604,0.30080996154009265
0.571831948997016,0.2925011073186464,0.23331509436092507,0.11373554442511304,0.3057068481656878,0.4418836621914309,0.1937638369087131,0.5192417373011042,0.2753172519437746,0.3931043145111873,0.23617693791028724,0.33004026452315927,0.3112282121717205,0.02304577626230679,0.504505939827309,0.44652984819821767,0.4255521494752482,0.25025763853180194,0.2565657281364536,0.5073686336575908,0.0,0.5202207408436086,0.5095341112752025,0.27982302055200214,0.46831980881661817,0.26282640735671753,0.371174481635182,0.38141923089732843,0.6566255612702986,0.4271969193034041,0.5340915061827423,0.5122976727035611,0.47716251124110665,0.3908259314853089,0.25552755848199915,0.0,0.18660817903240534,0.4428945151410226,0.44926732875459835,0.3345811547337588,0.24682236944304042,0.23868350444470954,0.0,0.0,0.1262213192440678,0.4639361048399154,0.3784512062017653,0.30601636678804434,0.14768944114347105,0.04986205135650862,0.030222695733987226,0.14173377465965253,0.4699945578697152,0.022723321579283973,0.04538800006319332,0.23800215064822242,0.31162154681347864,0.0,0.0,0.453112150411278,0.521687865031852,0.12917867693558088,0.43623159824574487,0.25294265680024147,0.3811849599171072,0.7139398099896599,0.4834194976806797,0.5044797968002851,0.2773333134507575,0.5194816105414083,0.4754902347246588,0.19228644540230952,0.11509003088391825,0.3836459483473611,0.4337280165226277,0.45927286342639534
0.47451866699833634,0.6240434525598407,0.40465522330257014,0.08715241736614684,0.4584963248543504,0.7064132366889929,0.16978572446452447,0.448565160113259,0.5721246228162148,0.34809359323174943,0.3690051830274528,0.5648512587544704,0.6214601656259372,0.14279527199662417,0.762669435629743,0.7460338754327456,0.6578683712294908,0.6664228285796223,0.44057807661339277,0.9217211779328633,0.5202207408436086,0.0,0.4941144614206434,0.2995248454378334,0.6480882551451279,0.6121336911297384,0.6996666780076435,0.7229591894412021,0.7963585643780118,0.5677847997827997,0.4840308437492791,0.19136017496895671,0.3651423387465642,0.3226418143830006,0.0,0.12280727092502294,0.19469463844676765,0.44800299344374855,0.11122131126996529,0.18479393575816153,0.14930820122877375,0.15946169608776162,0.0,0.0,0.026995172063814993,0.18440403976041606,0.44406820707404304,0.4842930469385775,0.0,0.11576508480996087,0.3442302835486201,0.0,0.41741651346575415,0.2522134663281607,0.0,0.40276740879102585,0.5807203915648824,0.0,0.0,0.7736973470785763,0.41862929211605615,0.08440492119871756,0.46699466769951253,0.4148064583828807,0.7729021630918181,0.432773496125657,0.7365011893989455,0.6143298157129483,0.2390449238365459,0.396652480289989,0.595532815451952,0.5261970357359959,0.4404338824473563,0.45735259314884447,0.5621250212300785,0.3026382495038599
0.14880440696417369,0.5517635531476155,0.7422906508952715,0.0,0.6495594541774661,0.6663272750591496,0.38269818727678173,0.7680613356133205,0.6026430962896431,0.25714296665158143,0.6801784829920952,0.5137770800779673,0.5883619210996731,0.3309515347831684,0.7114919254846492,0.3478503217339468,0.372509133604081,0.37519561749736285,0.6502231140725864,0.6340582332455965,0.5095341112752025,0.4941144614206434,0.0,0.09165914138593712,0.27518265944449005,0.501670035668085,0.7005487303858755,0.49730274371793026,0.44847745523669774,0.5745293386320672,0.24998647340433505,0.0,0.07037267471475633,0.0,0.03424652384266702,0.17544838841976204,0.14909253059877964,0.0977232166141509,0.0,0.0,0.0,0.12564285170087325,0.0,0.0,0.0914826675818415,0.0,0.47080216908007644,0.7294557149927132,0.01899266958004553,0.5009829014325373,0.5098731170945889,0.3505366833980008,0.6338806249917669,0.5122310389142273,0.11520078638577141,0.6383518106315828,0.4429932082088506,0.22827854139753417,0.0,0.6140146811513962,0.3968591063089506,0.26697798847236337,0.4151406156317241,0.5855454636853064,0.578345404276842,0.2130263570010725,0.5046238550651939,0.8665041220468732,0.004381999469898534,0.26402768636127155,0.5140562364040755,0.6158257874417077,0.33550021869470154,0.1352368729660483,0.24497571715277167,0.12267439717390362
0.589102143031937,0.3132317102075566,0.0,0.06330108566315813,0.0,0.37545359236873344,0.0,0.22773946882173854,0.19277503229258555,0.32679482078105415,0.0,0.5185486920901115,0.19476037315465472,0.0,0.1662106630305251,0.37615085466471054,0.4486812046726055,0.38075906546948934,0.0,0.26799988802359864,0.27982302055200214,0.2995248454378334,0.09165914138593712,0.0,0.5492328053519917,0.5555693829629825,0.10753533888148248,0.29231258481876865,0.3056159240188624,0.0,0.31168674754207676,0.11385818607901059,0.29504514570565116,0.39099406816967053,0.0,0.16142658429777101,0.12132494551296048,0.5679904003310348,0.1824254106614683,0.3690155129960609,0.4533901777706678,0.0,0.0,0.21382000318641553,0.4001258280371471,0.4907428561963263,0.09210852099991723,0.0,0.0,0.0,0.06419798221113099,0.0,0.14430574625650266,0.0,0.0,0.04096260626281156,0.517499285146263,0.0,0.0,0.26792650522763495,0.0,0.0,0.0,0.0,0.22670549109252702,0.38533788079277187,0.13902396807743547,0.09845430631205898,0.8891318309511772,0.24840175864130204,0.586390564493516,0.027441364486782277,0.27377789592350255,0.34393489390955945,0.49364391590452505,0.243308936328331
0.6462866466283794,0.7154745762776021,0.053657306151986134,0.0874596718375154,0.14216343204602142,0.5875198642171925,0.15507965623708145,0.2085399922303007,0.2717800577816349,0.6295018754119442,0.07738939480792868,0.5874422207274659,0.41526769172169875,0.051098547396618975,0.4066604987864789,0.7535049316974942,0.8136056847550137,0.6556341713160414,0.05585476256496888,0.48369856755418494,0.46831980881661817,0.6480882551451279,0.27518265944449005,0.5492328053519917,0.0,0.7367703844640721,0.3210256473832111,0.5227707306887034,0.684287623528266,0.22602147676327367,0.5446748194027118,0.31159041863162407,0.5942574347320394,0.4358025494871923,0.0,0.12826041432623492,0.2488722403719764,0.5045358445288326,0.28602084919229037,0.49387887610525777,0.3795690050568279,0.15765095413702063,0.0,0.0,0.273015939815289,0.3606621802079075,0.5565133278500944,0.1043496974661905,0.0,0.0,0.034926117352011454,0.0,0.12477751829520355,0.0,0.0,0.12711574901018372,0.5254022401739862,0.0,0.0,0.4062810864848161,0.37415913357968456,0.04386055183224441,0.31104852948279105,0.05542480209069359,0.3742093650299067,0.4765537407951238,0.4074660669940848,0.2566748716387302,0.4913885072388423,0.5534666759746567,0.6657038296478474,0.13603455102974216,0.19619024435973365,0.36110646317378187,0.40999248641493746,0.2676641377330219
0.3322749618339439,0.8727261370600047,0.37352728076148833,0.0,0.3536924626913346,0.6536758520457752,0.23003876159481454,0.4244816000889544,0.47997614658905485,0.44502139796442586,0.38512115656862567,0.7850701225250646,0.5599547597609296,0.23622041751551054,0.5978214034749473,0.5983267647567988,0.6658911764115004,0.6630184481475477,0.3351036210767925,0.5876417040138728,0.26282640735671753,0.6121336911297384,0.501670035668085,0.5555693829629825,0.7367703844640721,0.0,0.5534040453619704,0.5268188304425517,0.4551181715202892,0.28344310754902047,0.215457952114983,0.0,0.18563139832806677,0.1256290114123305,0.0,0.14826948614564905,0.1625424326624937,0.2987331230954059,0.0,0.18567241827628572,0.06905251077904913,0.0,0.0,0.014872716113722928,0.2025534285782614,0.03187628530092923,0.513781665165887,0.39479719805209007,0.0,0.23212289961536006,0.4196578786249618,0.09160023728825464,0.2921907492883347,0.3441654733162404,0.0,0.4346083990832471,0.6299939016910593,0.19590579453839044,0.0,0.6158480802215045,0.1875359083209409,0.21331744640517278,0.2236432109453866,0.26431563709688094,0.5579191289211104,0.14337883265165582,0.47058435243357405,0.44265471000808765,0.3805938240096213,0.34259925786736584,0.7892537555053158,0.5041727500407721,0.3932874933570296,0.21451140738667757,0.3191745083230688,0.06116184807279071
0.14616539571941206,0.525757092392129,0.711406461443321,0.0,0.7171205664426455,0.6865572455744402,0.32513760239655476,0.5512772181864882,0.8043046578692896,0.1512188197977097,0.6981348612260754,0.49577769361036256,0.6839320992596507,0.296464364998519,0.7638087924344004,0.46965803818818364,0.4025951369091011,0.4958553463894381,0.6587030914288419,0.803233112838346,0.371174481635182,0.6996666780076435,0.7005487303858755,0.10753533888148248,0.3210256473832111,0.5534040453619704,0.0,0.6037292343319598,0.5951339388284005,0.5477590644494903,0.2323420865548717,0.0,0.00912502165954951,0.021197170685950145,0.0,0.16807724145337222,0.0743481963108048,0.16085155813535812,0.0,0.0,0.0,0.11745209387946151,0.0,0.0,0.02699399147097277,0.0,0.3819304605824411,0.729474325322468,0.0,0.49304712283098895,0.5863760677446107,0.31923344618715577,0.43521676305630785,0.6361748799985332,0.0,0.7018215320800031,0.47862237234352467,0.2653365447480441,0.0,0.7095521616902841,0.31094999163205567,0.15457710230534472,0.3710461228931782,0.5921665912017509,0.7325243819216534,0.12908404429383197,0.6093074730426576,0.7169501458535853,0.0,0.19150065653550868,0.4931387444409764,0.8861580348674412,0.47376433245978067,0.31237538777860235,0.30782418695810015,0.11918959708696443
0.4016250638833243,0.521409221287046,0.49622818350426484,0.060125687338422856,0.5385673367549795,0.6637008366643261,0.2620644732702707,0.43710774264009533,0.6184193472664679,0.33421064973086617,0.4172348282605962,0.6885453871619669,0.7769162535466202,0.19846921188065375,0.5875231060196301,0.6647423612785828,0.7042244329333123,0.7365043244640993,0.453842126054729,0.6898445840389535,0.38141923089732843,0.7229591894412021,0.49730274371793026,0.29231258481876865,0.5227707306887034,0.5268188304425517,0.6037292343319598,0.0,0.6187275983705082,0.6601475593536064,0.5391817328284656,0.1181793316284641,0.28515937781718326,0.225388581283195,0.12753663314922334,0.34967946492156,0.4199554627738988,0.3224595390283029,0.0014558145870764289,0.0721912788420748,0.0,0.16181456145376694,0.0,0.0,0.1427839222392456,0.15143701323286868,0.3134702715831631,0.47574482928532874,0.10583563857943899,0.18422432907100433,0.28186573362593187,0.0,0.3753847812361976,0.3539080032626183,0.0,0.4289613524219726,0.7023727108727547,0.077089912697622,0.0,0.5684509671177104,0.3655699121046323,0.04857410849199645,0.420077717267831,0.4383163970400037,0.5814738390784728,0.3450668269562345,0.4944024640399728,0.5530264507951461,0.22492160809427555,0.15630234450778913,0.45937044708471686,0.42746357519571637,0.558994201737652,0.21211399926707564,0.4075676566023975,0.24671094959647658
0.6530880589574226,0.47906930743625964,0.24546186964084798,0.11833650875266549,0.35752149935659666,0.7276685939654824,0.1254068404075,0.39902817199071217,0.462861656465723,0.3703063587333275,0.21897140975709778,0.4268894124972181,0.5790078055804234,0.0735515062586092,0.5710346981548711,0.7680524334922054,0.605448173242713,0.5509207311585785,0.26277925051405465,0.734432230189289,0.6566255612702986,0.7963585643780118,0.44847745523669774,0.3056159240188624,0.684287623528266,0.4551181715202892,0.5951339388284005,0.6187275983705082,0.0,0.5075607533474819,0.6270393934366593,0.45633496558882,0.5357487975849403,0.49186786816854705,0.17792887362226684,0.18432983558831897,0.1777951896454124,0.5111471705594256,0.3540055162582971,0.35156362616783043,0.2744536217420787,0.3073788544402602,0.0,0.0,0.07903303155012577,0.4197925181982456,0.4158214099776846,0.34954807440683744,0.038709087167922665,0.0,0.2185393992179277,0.0,0.3570683547670646,0.06735973655460986,0.0,0.27892791013328105,0.4555960443737066,0.0,0.0,0.5477800056249291,0.558273493472141,0.0,0.4860724867360117,0.2597684713626224,0.5506906847523501,0.6223939990009544,0.5719691428199075,0.5291566489280819,0.2966712181923278,0.5300206970687631,0.5181411220706997,0.37216757074187007,0.28519902128947455,0.5652357451026777,0.5824330648153919,0.41464301870278153
0.241578568878842,0.31536532200664075,0.6297149755656197,0.0,0.6132905880621018,0.44661951696792784,0.4170203295763415,0.5192738337498279,0.5239645573115994,0.22024368080080295,0.5718935414649353,0.35827346907466084,0.5558378606137458,0.22869465791809943,0.6468735240800978,0.4186980658013475,0.35300586149203617,0.38730686276130105,0.5988593301873743,0.6681444551910518,0.4271969193034041,0.5677847997827997,0.5745293386320672,0.0,0.22602147676327367,0.28344310754902047,0.5477590644494903,0.6601475593536064,0.5075607533474819,0.0,0.3284682327523504,0.05969958354280076,0.19218229765764996,0.0,0.11051293243974153,0.199246387777402,0.2329466936308377,0.10983006393375475,0.0,0.019935808057237214,0.0,0.2615294453811874,0.0,0.0,0.03639974859073686,0.059139773670720264,0.3612043364759052,0.612282541695247,0.10165007340888031,0.3635616178871981,0.21613304695972171,0.2902194162910592,0.4407151839578357,0.3591829811752837,0.06559446294052762,0.48549314774207974,0.29968966888898446,0.08503548715683754,0.0,0.5435632846961218,0.5780422913377804,0.2502569421438337,0.6260924024976033,0.5994522475362657,0.6390824614298602,0.23051387397256645,0.600903523216298,0.6065496244069966,0.0,0.2595174758433171,0.3478279773378372,0.44694215904283174,0.3359840556287302,0.19453897071762624,0.36065006538964467,0.28188082290031086
0.6035255448817843,0.20903426914961115,0.06944211970634659,0.02211549418225156,0.10101128788101738,0.4398642734531617,0.03978207942643358,0.18410311443852168,0.23424587158282362,0.35113149552545164,0.0,0.28384266977996453,0.347649340661937,0.0,0.24340232657780997,0.6464045482802458,0.6016020488929708,0.5152076213467907,0.02886639848070638,0.355270417587047,0.5340915061827423,0.4840308437492791,0.24998647340433505,0.31168674754207676,0.5446748194027118,0.215457952114983,0.2323420865548717,0.5391817328284656,0.6270393934366593,0.3284682327523504,0.0,0.5557054055408525,0.5483761489083165,0.4711536787561647,0.21580936075317103,0.3270596717638053,0.45175196156944997,0.4223283517142271,0.4579938952237044,0.27453992893953255,0.268113613879458,0.36173953268994236,0.0,0.0,0.21997999742540747,0.5174325424820698,0.1832214048766212,0.0866534558351546,0.0,0.0,0.0,0.0,0.19272222060482494,0.0,0.0,0.0,0.403118246801643,0.0,0.0,0.22553237369222912,0.3579150763345651,0.0,0.36874383514455783,0.05004817688937091,0.2058162812564518,0.6675305238827832,0.23596112552550827,0.27304592062055055,0.3661046810826978,0.30716354496911763,0.2903227167308002,0.0,0.24486706174207754,0.32595731582149085,0.46164299487088256,0.5130710057885388
