0.0,0.0858570932851998,0.5041378629028881,0.0,0.3874541983636607,0.4335957544885102,0.27903177181069,0.32946124675067046,0.517168011373648,0.0,0.40394672088106387,0.273733720110914,0.28417160634507455,0.0,0.5281044368365024,0.2465449824150877,0.16382860069830427,0.2693792748711511,0.42060571377885836,0.42530350851378884,0.6818457113419109,0.47991123034909144,0.3891394106184929,0.34182948886764786,0.36941667777010134,0.3081418433370094,0.39299724605008757,0.3758313179273837,0.524681031248096,0.30198274014670345,0.5917132817343269,0.0,0.0,0.0003904622265604174,0.0,0.1875052574955775,0.0,0.3390265410266837,0.0,0.0,0.0,0.0,0.21000895578547807,0.0,0.38521496085162343,0.7449295744609334,0.2297521402093392,0.3660206242652453,0.0,0.18133727758890583,0.42265121059456445,0.0,0.47247778972958554,0.5246730987464971,0.0,0.38377248721124757,0.007876481463650553,0.3199107329381847,0.0,0.5112384625051223,0.37323838846356777,0.2767700245180036,0.3780309244476404,0.4078598723761744,0.38926251965454034,0.4691860808166734,0.4479493490066193,0.39744578645131157,0.17765542419319535,0.33716365456933217,0.4955570475668699,0.3470809525933936,0.43531438938557976,0.5103187163003604,0.25989787315172164,0.21408209203851986
0.0858570932851998,0.0,0.0,0.046648867350520554,0.008995846188676632,0.4944371847101039,0.17390196896724622,0.3642001960570729,0.0,0.5275984053625408,0.0,0.6010208679180801,0.4122691174195794,0.0,0.0,0.6655784484656626,0.6928011207488272,0.7823519052742458,0.0741901555428473,0.0,0.0,0.09667232486709965,0.21124814099050293,0.39690401001767106,0.7371845219459536,0.7998373932425014,0.0,0.07746132606287837,0.2480202277079389,0.01613337292660283,0.0,0.2714962757219932,0.13538927320538136,0.09963458994748425,0.0,0.0609983386247725,0.059782100016887316,0.0,0.23169212592676347,0.014759491303756173,0.0,0.0,0.06585791143120853,0.07679236272592338,0.0,0.0,0.439270296523014,0.0,0.13672070900936048,0.0,0.10659830151721394,0.0,0.06939426487279857,0.0,0.3854859347477598,0.017881257014357832,0.43197470145186534,0.15564578685163638,0.09668105535677712,0.0,0.20385094227421488,0.4471672608395678,0.16925646792550122,0.14050288089363316,0.0,0.0,0.13743803179680497,0.0,0.1479016059400508,0.37291846983792015,0.47422015531723893,0.0,0.0,0.0,0.0,0.0
0.5041378629028881,0.0,0.0,0.0,0.6945389237690315,0.6124418175030799,0.28754615064890326,0.1952215254520744,0.8684474450184411,0.0,0.8142441947576371,0.26156419085299354,0.4366358827493427,0.1767686547759557,0.7346031331033871,0.16413632321228788,0.2562197248726579,0.1680773197330257,0.9034879287896815,0.7759689562549108,0.3839161687775533,0.6621300266570551,0.6414656504461648,0.22942491587320762,0.09939059864099603,0.28177845154730113,0.8317861694326456,0.5469012013416837,0.47357698907594725,0.3721029911830251,0.4403888823802244,0.0,0.0,0.0,0.0,0.13336937460326562,0.0738398689729819,0.28896788887151814,0.0,0.0,0.0,0.0,0.35926816113708154,0.0,0.2440349504265493,0.4506034615309811,0.2385550203407416,0.8159249281582008,0.0,0.5132552760978788,0.6238127127638302,0.0,0.506520526173896,0.8072654869782437,0.0,0.7914308397650445,0.029832125352632105,0.599445369629477,0.0,0.761330511271308,0.2469778887765437,0.18789323197588725,0.3630404298575889,0.8834191646914978,0.8407017147670044,0.20965187391380394,0.7499833241547824,0.7053913500247345,0.09779069729737577,0.24477325136821543,0.4048753652374526,0.8273850499185205,0.7028640927546532,0.5050265170312545,0.634905735672517,0.3498437495491311
0.0,0.046648867350520554,0.0,0.0,0.0,0.0,0.015823878371658606,0.003974666863252763,0.0,0.18228965549739676,0.0,0.0,0.0,0.12032620023346481,0.0,0.06499689234713307,0.0,0.0,0.0,0.0,0.0,0.0,0.0,0.0,0.07111439054123764,0.0,0.0,0.03577937076009305,0.0,0.0,0.0,0.4167747004397508,0.13761286556990301,0.20927088036058977,0.04830245604999939,0.13944433888877653,0.18309557673928853,0.0,0.03417132588601328,0.14993457490926532,0.02873650127107038,0.0,0.0,0.06815783306950345,0.0,0.0,0.0,0.0,0.05953849914470505,0.0,0.0,0.0,0.0,0.0,0.21988073316100407,0.0,0.0,0.0,0.01106441351763024,0.0,0.0,0.0,0.0,0.0,0.0,0.0,0.0,0.0,0.0,0.0,0.0,0.0,0.0,0.0,0.0,0.0
0.3874541983636607,0.008995846188676632,0.6945389237690315,0.0,0.0,0.4959678859709188,0.6082408682102809,0.09938721561601224,0.8048473597513262,0.0,0.7954816515076673,0.13177741397288567,0.41852143561327193,0.15813656665216097,0.5899263485842324,0.22119745806045776,0.12087852701518464,0.24582505015330466,0.6480520413615971,0.69615771836154,0.3507279157220565,0.5885499503870418,0.35365573300924297,0.12304507602464498,0.12614549408766038,0.12263103010332849,0.6810281024271256,0.48279430565356957,0.5656154544107685,0.44600138611854256,0.4110498723739243,0.0,0.0,0.0,0.0,0.07961017294469352,0.0,0.09056942473594758,0.0,0.0,0.0,0.0,0.21808890473465045,0.04825790159756671,0.31380605635908676,0.5081132850155233,0.22085564867824747,0.736090214153066,0.0,0.6688685322356036,0.33016852631700316,0.15520821310321298,0.35708753960672834,0.8010454157745746,0.0,0.7906621751274182,0.03521207576415625,0.42365079612792267,0.0,0.534831714101896,0.27475730091155487,0.2617169515271302,0.42469985123826637,0.6336061963642254,0.6535124191226571,0.15823592590829158,0.632149621303467,0.42531735559046513,0.0,0.2714895802705251,0.25991410184117925,0.5704461049493292,0.6415456520236067,0.37866744212611464,0.590602455661957,0.3626781767341387
0.4335957544885102,0.4944371847101039,0.6124418175030799,0.0,0.4959678859709188,0.0,0.4362903487833645,0.5659704651099412,0.5875426792683528,0.06802370859499779,0.42887357808020893,0.4332572081316712,0.5920115309038078,0.11094264868478745,0.4629314453896628,0.36676148866858477,0.3554403060290929,0.4662487343497197,0.5768275021693372,0.46141967398747535,0.36384573356227995,0.5033450970317768,0.7648927322088653,0.2884562648699456,0.4710731844347266,0.4685589721858369,0.542473870412532,0.29397414482492673,0.6652841236512151,0.2804652794954075,0.17030863285457631,0.0,0.0,0.0,0.0,0.03343676578006535,0.0,0.16936367982132494,0.0,0.0,0.0,0.0,0.09511831962039613,0.0,0.20380283632776916,0.37760113549468655,0.5812728015329623,0.41919123483569054,0.0,0.21996323192099923,0.6899613976302992,0.07088256567090348,0.6196562473676048,0.4823773668973454,0.0,0.43796678754141305,0.2388879873764957,0.6456535277153359,0.0604829075988388,0.46902196193953793,0.3628223896053727,0.43750573403420384,0.3551841602436468,0.5737561026093839,0.44165551723746727,0.25555234085345685,0.4872095455663142,0.6116553311150352,0.0,0.4336654718260025,0.488036938985308,0.42851807291567856,0.38445449180855856,0.35827727820230787,0.3441369373037285,0.13052647376617244
0.27903177181069,0.17390196896724622,0.28754615064890326,0.015823878371658606,0.6082408682102809,0.4362903487833645,0.0,0.13597482549290477,0.4779702663524741,0.0,0.35588930743186586,0.08946824826337735,0.4902169227980714,0.11299441707842701,0.3024137666862774,0.2871648074943874,0.08665738324852545,0.3946632048102093,0.3097419171731386,0.3302515464448928,0.3599566808056491,0.38387908166797424,0.08520850490500384,0.0,0.19510625407261126,0.06324443177588818,0.3373233427961558,0.3112346214433227,0.584097400273842,0.19840943984086956,0.27580191925094266,0.0,0.0,0.0,0.0,0.051489023215086735,0.0,0.0,0.0,0.0,0.0,0.0,0.0,0.0,0.17937520669604323,0.4478501474705152,0.2439689241052418,0.23715790739778683,0.0,0.3123855065348765,0.17449195275489343,0.3694465056097326,0.17671423760698374,0.42539339513935603,0.0,0.2902009849957139,0.0,0.34060716032977456,0.0,0.2412604216912173,0.35130110979856577,0.23515135570942627,0.3940934877308062,0.25408882710985076,0.22567306680040494,0.23006554021650383,0.3072862863957429,0.08090299221285835,0.0,0.2822075752460035,0.16374513803933036,0.15578204674418755,0.3250336833409121,0.2653494406647735,0.3087969723374173,0.14767454528697488
0.32946124675067046,0.3642001960570729,0.1952215254520744,0.003974666863252763,0.09938721561601224,0.5659704651099412,0.13597482549290477,0.0,0.17650112686382516,0.08294581235272228,0.07798221806833439,0.29667576504498927,0.10948337771006983,0.19160417593405654,0.22134088169866586,0.1293761604345836,0.04796287022670201,0.15900951375177877,0.11520594803531628,0.027013866803792974,0.4836016136652491,0.1574201203651644,0.6529386624217131,0.2621075363027471,0.3137245488340723,0.24711054194834722,0.07696301731925276,0.0,0.23939788137234636,0.09026814237268022,0.0,0.03462477974852031,0.040241854160053714,0.0,0.0,0.05208921510264422,0.0,0.1770466553530754,0.0,0.20478796840635627,0.0,0.0,0.0,0.0,0.23336941477414203,0.27904183165690755,0.500594424148747,0.0,0.0,0.0,0.4189837903641894,0.0721047047570808,0.7220965393617862,0.16460641589091368,0.12448983978033366,0.09470248171484763,0.22686434795407373,0.29722785842986743,0.11489422136396123,0.23463877806812555,0.005422873524648528,0.2077738222175213,0.0,0.11113401367754783,0.0,0.4798069477681485,0.04617593220548985,0.37768571389113803,0.057788089030093304,0.17255348976828683,0.3054365081214725,0.0,0.0,0.029377862364206808,0.0,0.0
0.517168011373648,0.0,0.8684474450184411,0.0,0.8048473597513262,0.5875426792683528,0.4779702663524741,0.17650112686382516,0.0,0.0,0.8410953030488828,0.13419886919859186,0.37690381167887754,0.1420098205994037,0.7608119531529469,0.056473066053152304,0.08434787696732898,0.09173682527864721,0.7962884854611629,0.7495974356406181,0.506381833485793,0.6150343850330493,0.5513120116678882,0.13581647090393975,0.04475134946125656,0.11220391621501005,0.8223657817051044,0.44620485485303213,0.5235447614230747,0.4065582588919331,0.49506982077522693,0.0,0.0,0.0,0.0,0.07164343206647732,0.014631143579333372,0.33255461613324033,0.0,0.0,0.0,0.0,0.25232939977939656,0.0,0.2919961233176445,0.5437624964879095,0.2546486883579405,0.7334467634624677,0.0,0.6211263206587736,0.5805142921757058,0.22584268815684164,0.535242613966207,0.9231203960356197,0.0,0.7869314740432107,0.0,0.6136475524561046,0.0,0.7746014376327477,0.24594878630762185,0.15113793353174693,0.3551753190709849,0.7497264170113629,0.7725646760309814,0.3025253722957204,0.6526446595174825,0.6583450746118948,0.01934743087546778,0.23238107248338968,0.3030416315190472,0.755935427909919,0.6631315278057568,0.5466599511103538,0.5940181683708905,0.37867976030146655
0.0,0.5275984053625408,0.0,0.18228965549739676,0.0,0.06802370859499779,0.0,0.08294581235272228,0.0,0.0,0.0,0.7707151218569195,0.2500950678096135,0.0,0.0,0.524918665035101,0.7109496363839465,0.48119663171859495,0.0,0.0,0.0,0.0032338869038230356,0.0027596039501258107,0.4885022519094825,0.7194363208742472,0.5401358023012421,0.0,0.2540978832785686,0.07179185356322787,0.10645862114276675,0.1493199193955288,0.31160805310266054,0.0,0.1316649471432708,0.053011799514321264,0.11017133866639273,0.3297310075236507,0.0,0.05906055848845265,0.0,0.0,0.0,0.10515636793068309,0.30964569787089935,0.0,0.0,0.11707431903383303,0.0,0.3207664923368077,0.0,0.0,0.0,0.014856844938082314,0.0,0.8102873920227646,0.0,0.7807336294967078,0.0,0.269130796705626,0.0,0.01762653814172266,0.3583768810659485,0.0,0.008119449651876304,0.0,0.0,0.029124330018234834,0.007270586152310632,0.37061059969809973,0.34225817446565315,0.4796938389453382,0.0,0.0,0.0,0.0,0.0
0.40394672088106387,0.0,0.8142441947576371,0.0,0.7954816515076673,0.42887357808020893,0.35588930743186586,0.07798221806833439,0.8410953030488828,0.0,0.0,0.16199327928452273,0.2958760740244719,0.11693115158350328,0.6670288515514581,0.11255264237621668,0.16025356105698643,0.14515491441837478,0.8363796816301068,0.7936730331151083,0.3019357148641001,0.6327200981857083,0.3697852317809459,0.21443816779839991,0.0155006819188159,0.18861791240399547,0.730365741494946,0.5091626795941115,0.39526286847669756,0.5067966132013316,0.42870560813792064,0.0,0.0,0.0,0.0,0.20386682745105647,0.0,0.19388672419623162,0.0,0.0,0.0,0.0,0.37574886850136613,0.05803260580447291,0.28892546193761004,0.48069079595288644,0.12410114790245269,0.8556169266415083,0.0,0.5827959206253274,0.3075030619158061,0.0018141749390452877,0.3776422593998248,0.8086094334532152,0.0,0.9171362616622707,0.01617187886546806,0.43477861743810065,0.0,0.6560046367166676,0.18220009864361608,0.24755373608579578,0.4057684901044928,0.8023576158535015,0.7935273308429862,0.10863342778678312,0.7074124202306792,0.4664624928924713,0.01652440069711522,0.175545484686456,0.2812241448811401,0.6515520261067568,0.6961560720120193,0.29154002341990365,0.656389573830728,0.4519220321908895
0.273733720110914,0.6010208679180801,0.26156419085299354,0.0,0.13177741397288567,0.4332572081316712,0.08946824826337735,0.29667576504498927,0.13419886919859186,0.7707151218569195,0.16199327928452273,0.0,0.46595576934003075,0.0,0.011746378394363294,0.5441260832197464,0.7575203292702409,0.5416388537658774,0.31471855438989416,0.24227438693834707,0.010398646331740091,0.34145592866837077,0.33992731012124067,0.6465325343562852,0.6783474563680698,0.7609691609206779,0.16528852659044618,0.3954453020118299,0.296142094908067,0.2749330937766794,0.3356957334651497,0.08412310892498098,0.0,0.08345098461233341,0.0,0.22524041520560886,0.28497720187266834,0.050804151535907144,0.0,0.0,0.0,0.0,0.3416626451968536,0.2438857271460034,0.0,0.0810334364041064,0.28996793593183084,0.2819269030201198,0.13960875048868837,0.018251376015150506,0.23359162858984436,0.0,0.28434458835734683,0.15219558248439116,0.5693772934437172,0.2541834181136148,0.7505565891261233,0.12811034813344238,0.12872042129194874,0.09129183212853015,0.12907170599411785,0.4249978615028449,0.16537121641437122,0.3790019037512861,0.25029852434076333,0.0,0.37953194534053947,0.26948975759451477,0.4050658757431265,0.4148135250970789,0.6957215076409506,0.23025355157287847,0.3071122760042173,0.03313274397717199,0.13911431672872834,0.03648377316153764
0.28417160634507455,0.4122691174195794,0.4366358827493427,0.0,0.41852143561327193,0.5920115309038078,0.4902169227980714,0.10948337771006983,0.37690381167887754,0.2500950678096135,0.2958760740244719,0.46595576934003075,0.0,0.005890296786809246,0.26812417207838757,0.4532790030998703,0.5612660249920952,0.5054779243863955,0.39557544157017926,0.3359809245068409,0.2019603234923533,0.3606261038160159,0.28065901703566154,0.10874401447177079,0.38190454807083274,0.45680671643061754,0.3390091894223507,0.4987742407632294,0.5076151733379293,0.010127464413464737,0.30584105736979306,0.0,0.06593863127059893,0.146814097321104,0.032379184183725894,0.0,0.1262548448382125,0.022839445978433542,0.0,0.0,0.0,0.0,0.12397272847461217,0.16434885851565054,0.017924373919224454,0.17338024673612645,0.21786366193870021,0.31984977935206593,0.185560373570209,0.3129068217251971,0.4108459212922556,0.05670846764000892,0.14802247814061714,0.39705266585388405,0.1651744663640377,0.32352071891960466,0.10503469693600515,0.5292279594018214,0.0,0.24958163892567,0.348661091014258,0.36500198822334257,0.37136338875926417,0.41850004406234226,0.3787217884328236,0.022968419609550095,0.43754147139826366,0.23945619669833956,0.05812996790071856,0.33637759110701926,0.37796445594266925,0.3379556376206748,0.5159798806416468,0.35460480542174677,0.3199807957055033,0.15715290335775037
0.0,0.0,0.1767686547759557,0.12032620023346481,0.15813656665216097,0.11094264868478745,0.11299441707842701,0.19160417593405654,0.1420098205994037,0.0,0.11693115158350328,0.0,0.005890296786809246,0.0,0.1043909194999566,0.0,0.0,0.0,0.10823751756485035,0.10515038970548587,0.04325693819150653,0.12007029219673414,0.2593906183655235,0.0,0.04961071731620204,0.0,0.24406987740928032,0.04128778620465537,0.06259710691828234,0.0,0.0,0.0,0.0578128699999895,0.0,0.0,0.0,0.07100122330453891,0.0,0.0,0.0,0.0,0.0,0.0,0.0,0.0,0.0,0.027763383615643872,0.0911735397853249,0.0,0.18526908753557003,0.18899849266113797,0.16964367325483204,0.0943638252198579,0.18254076041455253,0.08623798520337671,0.11898578425064621,0.0,0.05209241527183324,0.0757188651125767,0.14291372790100576,0.0,0.0,0.0,0.13462340979937917,0.08108566811010523,0.020555073736406484,0.0,0.23966475175872,0.0,0.0,0.0,0.22121491403875765,0.0,0.09880499251123966,0.0,0.0
0.5281044368365024,0.0,0.7346031331033871,0.0,0.5899263485842324,0.4629314453896628,0.3024137666862774,0.22134088169866586,0.7608119531529469,0.0,0.6670288515514581,0.011746378394363294,0.26812417207838757,0.1043909194999566,0.0,0.0,0.0,0.0,0.6956300906055227,0.828184552460893,0.6722617346950278,0.7655755753003166,0.46220056736306303,0.0,0.0,0.0,0.7867569594242664,0.4036304367288324,0.5922449840529405,0.4256878224332427,0.4031608470526686,0.0,0.0,0.0,0.0,0.2007384148739506,0.0,0.34675990338134766,0.0,0.0,0.0,0.0,0.2479181155308261,0.0,0.3826322008941285,0.6268121301245986,0.2548302434638413,0.5600295046454398,0.0,0.3933374274582756,0.49212539022542434,0.0,0.5729312954125059,0.7262623188216691,0.0,0.6089018003538136,0.0,0.5058248602552321,0.0,0.919497274779989,0.25109460300629066,0.11943926242247686,0.38218833534811936,0.6521149736544644,0.7136670184294441,0.5533275853172082,0.6713524624447149,0.5551020753641682,0.0,0.07112288725955482,0.19662848842165243,0.6138158448801656,0.5356310885023723,0.5555917296795021,0.47686283078187885,0.19973141357512617
0.2465449824150877,0.6655784484656626,0.16413632321228788,0.06499689234713307,0.22119745806045776,0.36676148866858477,0.2871648074943874,0.1293761604345836,0.056473066053152304,0.524918665035101,0.11255264237621668,0.5441260832197464,0.4532790030998703,0.0,0.0,0.0,0.7675317980851865,0.8541517982851603,0.2239241482358179,0.2551028251505526,0.04186713769507139,0.44184953569283913,0.10269759609568989,0.2708100920487407,0.7005917552407117,0.6113850001692693,0.14500468276461417,0.3002915896899687,0.46509011059626765,0.15234196826197438,0.37027182497587363,0.12598870673892712,0.005667446217208549,0.17248986244642323,0.0,0.1426285923196213,0.21083649088534545,0.010177136954124366,0.006681833676287691,0.0,0.0,0.0,0.18372314534448345,0.12685773359499664,0.002524370364819728,0.06094007847096955,0.3859284425602593,0.12579957828470037,0.21661773919040878,0.06035169198531393,0.169899653689928,0.0,0.04698619872122507,0.11562993554038747,0.36598526067868686,0.1779660167802506,0.3652121531232747,0.17864989882131738,0.047558453688960854,0.012972238090691368,0.4474531592343925,0.4612563706868388,0.3934800909882881,0.2753643765001556,0.181785156878289,0.0,0.3403991421234452,0.06565363431404084,0.11149220588520141,0.48412461860718564,0.490505718817204,0.0914324483897423,0.23562481617439812,0.13718864503299605,0.09066361591667163,0.039785859112431654
0.16382860069830427,0.6928011207488272,0.2562197248726579,0.0,0.12087852701518464,0.3554403060290929,0.08665738324852545,0.04796287022670201,0.08434787696732898,0.7109496363839465,0.16025356105698643,0.7575203292702409,0.5612660249920952,0.0,0.0,0.7675317980851865,0.0,0.7314160227979074,0.30821399439535163,0.20446500681212398,0.0,0.3118980946220505,0.14815992441122808,0.4402834415326784,0.7036385791416502,0.7946068509906601,0.15595277438404337,0.37902875922184,0.2516532216233135,0.0557099579258265,0.32359112962941483,0.1839571437461276,0.06591264944109076,0.13146181003692906,0.0032733064317292254,0.118989377721786,0.3011139153450713,0.0,0.026335589617438676,0.0,0.0,0.0,0.2823543227328206,0.26373934727724124,0.0,0.0,0.23227522575547,0.22041815049794933,0.30976749564018546,0.10865030101026982,0.21424946806416326,0.0,0.0,0.11723639965932003,0.5601003098404336,0.24972838302194006,0.5210558618458909,0.2110999421586128,0.0,0.018415063753870697,0.27785525594343685,0.41679096558346956,0.23462226855399068,0.37958061674571475,0.2964328251388838,0.0,0.3666197081839205,0.1240828936061363,0.2896711142496183,0.4283560169618978,0.5563917454956172,0.26034982446515387,0.297107100306164,0.10812314326978495,0.1474675797398589,0.10652316484440927
0.2693792748711511,0.7823519052742458,0.1680773197330257,0.0,0.24582505015330466,0.4662487343497197,0.3946632048102093,0.15900951375177877,0.09173682527864721,0.48119663171859495,0.14515491441837478,0.5416388537658774,0.5054779243863955,0.0,0.0,0.8541517982851603,0.7314160227979074,0.0,0.22178732702323142,0.21603707523747814,0.0,0.36018684316539745,0.11003143241194194,0.3531575700716454,0.6988500942651595,0.6834571528250889,0.12698269241560073,0.26392412699966744,0.4603868991767692,0.15372998858684458,0.2782375842847381,0.08598532785793876,0.04856317398869739,0.12959743620734382,0.0,0.08701043980887466,0.08934169753896778,0.0,0.13282112519807354,0.0,0.0,0.0,0.1682944272921402,0.033386393775507936,0.0,0.08473708339129929,0.38846640943350774,0.1610349168953663,0.11842051319761336,0.08265933733212795,0.1354635380559696,0.0,0.029241960311242626,0.0878106337447988,0.3193522276605453,0.17680862412364814,0.3711287395444939,0.22468356509083798,0.0,0.0,0.4912520110183439,0.5310861321841428,0.48188788558350254,0.28459094638040655,0.19781419892082613,0.0,0.35263295212185564,0.043808674526847474,0.177521469983826,0.5282148836225034,0.5336650154327043,0.07709435280818464,0.2560850639224628,0.06342095119326835,0.17189880268444951,0.13999207716697598
0.42060571377885836,0.0741901555428473,0.9034879287896815,0.0,0.6480520413615971,0.5768275021693372,0.3097419171731386,0.11520594803531628,0.7962884854611629,0.0,0.8363796816301068,0.31471855438989416,0.39557544157017926,0.10823751756485035,0.6956300906055227,0.2239241482358179,0.30821399439535163,0.22178732702323142,0.0,0.8015645393413013,0.28081629798903107,0.6913623983847795,0.533484174542528,0.2318967928339621,0.14167272942345163,0.32378873452956697,0.7865489575520371,0.5637269489531638,0.4876317719564588,0.4894435858370043,0.4311487169073057,0.0,0.0,0.0,0.0,0.19929141145536794,0.14517682502986376,0.2450388970563961,0.0,0.0,0.0,0.0,0.37114824708182304,0.11494832343026844,0.14779753494083256,0.3533209052517313,0.185421532027359,0.8155828723925755,0.0,0.4591020319745397,0.4883643628998453,0.0,0.4625832282945509,0.7236072793286722,0.0,0.8140942380258493,0.12585408521287367,0.5124378429099108,0.0,0.7347190555347036,0.2202879517416995,0.24929146820301587,0.37898123686252994,0.9379834598371579,0.8551199979071142,0.09340550891402177,0.7674516971407919,0.63665347682671,0.09051034958636064,0.21800271428813214,0.3630107691097681,0.7626813721904677,0.6743557212350237,0.42641403512663356,0.652848172289485,0.3750858433901829
0.42530350851378884,0.0,0.7759689562549108,0.0,0.69615771836154,0.46141967398747535,0.3302515464448928,0.027013866803792974,0.7495974356406181,0.0,0.7936730331151083,0.24227438693834707,0.3359809245068409,0.10515038970548587,0.828184552460893,0.2551028251505526,0.20446500681212398,0.21603707523747814,0.8015645393413013,0.0,0.34625754790096025,0.869282915776216,0.3906962956242636,0.12716221243022646,0.07667848171473524,0.2038079849814922,0.8210216445937989,0.5631235347936653,0.6097583164761733,0.5595285253814059,0.45332981598070043,0.0,0.0,0.0,0.0,0.29098645623453834,0.06170685268092464,0.19398297300404188,0.0,0.0,0.0,0.0,0.3728944210116297,0.11822459697332785,0.2753047345841287,0.49179354816503784,0.20428905225422728,0.7401198623426901,0.0,0.46364043394465243,0.3219940012131343,0.0,0.3590250968939147,0.7009947317471157,0.0,0.7700119727218604,0.06897157641630822,0.37233840637955307,0.0,0.7693927633435395,0.2833628654425662,0.27830981265562893,0.4623431529203115,0.7671463760917008,0.8722791727444306,0.17917123830732684,0.8202922198312566,0.49611320288473737,0.0,0.17311232614456712,0.3098609992154663,0.6894822293800883,0.6607446423477887,0.3876538140259308,0.6069629252497318,0.3796822094359014
0.6818457113419109,0.0,0.3839161687775533,0.0,0.3507279157220565,0.36384573356227995,0.3599566808056491,0.4836016136652491,0.506381833485793,0.0,0.3019357148641001,0.010398646331740091,0.2019603234923533,0.04325693819150653,0.6722617346950278,0.04186713769507139,0.0,0.0,0.28081629798903107,0.34625754790096025,0.0,0.42467858276516446,0.40194253023327114,0.0,0.07699662628294585,0.0,0.3539297138408105,0.1975064140845265,0.5448839555547189,0.21389874995821412,0.3856749623165734,0.0,0.0,0.0,0.0,0.09556793066653757,0.0,0.391867597748645,0.0,0.044201337284845155,0.0,0.0,0.0,0.0,0.39056307236292964,0.7161481843127835,0.3163382624126091,0.19575313562361535,0.0,0.15719979871757417,0.4453738816530524,0.1826401566460194,0.6291002280005361,0.5129843761024058,0.0,0.2639050803866916,0.0,0.39917170352335607,0.0,0.593248555914754,0.23071984130008155,0.14299863731869436,0.20815665617938847,0.2646971981202485,0.19036692303589212,0.8209828978230723,0.2351406600304018,0.40049267608652184,0.0,0.13840895256010805,0.22455677811513658,0.19753881249580596,0.23417505450046322,0.5222408429098326,0.07800352046746269,0.0
0.47991123034909144,0.09667232486709965,0.6621300266570551,0.0,0.5885499503870418,0.5033450970317768,0.38387908166797424,0.1574201203651644,0.6150343850330493,0.0032338869038230356,0.6327200981857083,0.34145592866837077,0.3606261038160159,0.12007029219673414,0.7655755753003166,0.44184953569283913,0.3118980946220505,0.36018684316539745,0.6913623983847795,0.869282915776216,0.42467858276516446,0.0,0.3379904040572795,0.11676260638313246,0.2728603918816707,0.28132256114275034,0.7550668321431433,0.5039757522963716,0.7272218544987803,0.4703221147762851,0.44462535581732515,0.0,0.0,0.0,0.0,0.3033061935486513,0.09289772316527262,0.1317021772217502,0.0,0.0,0.0,0.0,0.31932114190252514,0.07462110640645522,0.2396141069549501,0.4672336014011962,0.35004103553565097,0.5471024895488557,0.0,0.3021797939750961,0.34989698796984886,0.0,0.37399019203687156,0.5673328268941958,0.0,0.5983082609345132,0.13834637047282228,0.35871571532171664,0.0,0.7142970688083342,0.3303385650786086,0.27197399644582015,0.44651171672824574,0.6586088494623005,0.6808553751328807,0.27739571774755717,0.7561120774366377,0.4054636690500587,0.0,0.24457317740488374,0.36919894097575806,0.5590770536043526,0.5458427052304518,0.3916822406351181,0.43601535061545704,0.17845611473319917
0.3891394106184929,0.21124814099050293,0.6414656504461648,0.0,0.35365573300924297,0.7648927322088653,0.08520850490500384,0.6529386624217131,0.5513120116678882,0.0027596039501258107,0.3697852317809459,0.33992731012124067,0.28065901703566154,0.2593906183655235,0.46220056736306303,0.10269759609568989,0.14815992441122808,0.11003143241194194,0.533484174542528,0.3906962956242636,0.40194253023327114,0.3379904040572795,0.0,0.3802180391877208,0.26728251680018084,0.34111054994293555,0.5416574035997453,0.2608591327529568,0.34441179287538715,0.2459426731401738,0.1524926351488669,0.0,0.0,0.0,0.0,0.014429344299295488,0.01547147012639255,0.2636909677174256,0.0,0.0,0.0,0.0,0.1284484839382676,0.0,0.18516853567745334,0.29668428090092785,0.4422486824769786,0.45102305457420405,0.0,0.2506630219386945,0.7075139149463108,0.0,0.7693719059928656,0.47608523541192327,0.0,0.4441436665597602,0.2489564274268703,0.5433994933359196,0.16896244190194684,0.5060961621243437,0.11417693059472425,0.24507162597582327,0.12654907213040034,0.5449359580606163,0.4162635514798446,0.32644283419857106,0.4089744949190436,0.8464072581979407,0.19183856665609617,0.25864391162578465,0.4132315329247227,0.512846711608378,0.3260604646044533,0.32724746166066265,0.3472693426123219,0.17810624090233923
0.34182948886764786,0.39690401001767106,0.22942491587320762,0.0,0.12304507602464498,0.2884562648699456,0.0,0.2621075363027471,0.13581647090393975,0.4885022519094825,0.21443816779839991,0.6465325343562852,0.10874401447177079,0.0,0.0,0.2708100920487407,0.4402834415326784,0.3531575700716454,0.2318967928339621,0.12716221243022646,0.0,0.11676260638313246,0.3802180391877208,0.0,0.48697531485040546,0.6505484444374154,0.0836957187560849,0.24916725311843924,0.05469755851479513,0.30086065513432175,0.2682742103943156,0.0,0.0,0.0,0.1364437118665344,0.1999437607156151,0.051162863103240544,0.05863860486142966,0.1682840008893755,0.0,0.0,0.0,0.3384641766543806,0.15892969059441722,0.0,0.20596381046437853,0.1166487686144089,0.3611711056182754,0.024266055521985394,0.18908142673027867,0.13673828058723664,0.0,0.3126318598146985,0.15567901475973328,0.3822281225524678,0.3462537338309176,0.6466373428198877,0.11123101441155514,0.2314199512679042,0.011044888335391995,0.12346085051604253,0.3630061707307243,0.17861593064699952,0.32357304435791906,0.20501000599370683,0.0,0.30739364033205796,0.30931780973594547,0.7414244939590249,0.32895680788324266,0.6634034360875564,0.2257023607036207,0.27573231063246495,0.0,0.2999359352764245,0.4013830803802433
0.36941667777010134,0.7371845219459536,0.09939059864099603,0.07111439054123764,0.12614549408766038,0.4710731844347266,0.19510625407261126,0.3137245488340723,0.04475134946125656,0.7194363208742472,0.0155006819188159,0.6783474563680698,0.38190454807083274,0.04961071731620204,0.0,0.7005917552407117,0.7036385791416502,0.6988500942651595,0.14167272942345163,0.07667848171473524,0.07699662628294585,0.2728603918816707,0.26728251680018084,0.48697531485040546,0.0,0.7056486190642737,0.054182076260333445,0.2889358527291502,0.4231650265404649,0.14124601693340166,0.27261129905025877,0.16585212049437276,0.00497889911399102,0.08742562920471152,0.0,0.10026698665184176,0.16242148020917024,0.016675266093858693,0.0,0.0,0.0,0.0,0.10296525178629391,0.07656501420757919,0.0,0.0869738912854982,0.46694939351475806,0.09874860284055573,0.18765850524497107,0.017914188008487847,0.28758957188198464,0.0,0.22885043731522672,0.09048625037617603,0.56904498707148,0.1269634307343583,0.5497038731123034,0.09849898394113757,0.15972109584393893,0.0,0.23622542244654446,0.40723169443477636,0.15976503969690647,0.2328627122436458,0.03546678081760957,0.0,0.185400299901987,0.21822815499658155,0.25292600856459124,0.5770511032599073,0.642028551759421,0.09026576373294082,0.11469807828790618,0.11993328781701812,0.0,0.0
0.3081418433370094,0.7998373932425014,0.28177845154730113,0.0,0.12263103010332849,0.4685589721858369,0.06324443177588818,0.24711054194834722,0.11220391621501005,0.5401358023012421,0.18861791240399547,0.7609691609206779,0.45680671643061754,0.0,0.0,0.6113850001692693,0.7946068509906601,0.6834571528250889,0.32378873452956697,0.2038079849814922,0.0,0.28132256114275034,0.34111054994293555,0.6505484444374154,0.7056486190642737,0.0,0.13347391737521744,0.2715269097759202,0.22078757466539436,0.1262692909256407,0.2098069505133692,0.12546111018987027,0.0815486027597172,0.10086498096470231,0.019467374278808687,0.14095644214875536,0.20186902128645706,0.07621353956901439,0.16102623693563128,0.0,0.0,0.0,0.27023704445367974,0.15640997085969285,0.0,0.00797102158951396,0.27035220922218417,0.2797876850995866,0.16234078311027533,0.09062092686128106,0.2419819232278094,0.0,0.11633243899934398,0.12773564176823382,0.38156782374906495,0.29796207312565215,0.49266431908977465,0.21100883309062668,0.10179306099491778,0.07930858398115007,0.23468170961870854,0.4289645075369318,0.279747216920763,0.4178143415917782,0.2965401946830656,0.0,0.38950455310493776,0.2078492595134349,0.4043104286350262,0.3845477336700915,0.6737677977530612,0.2664929899328838,0.25249157180368864,0.04261588354463347,0.16176469321816894,0.21061041878029363
0.39299724605008757,0.0,0.8317861694326456,0.0,0.6810281024271256,0.542473870412532,0.3373233427961558,0.07696301731925276,0.8223657817051044,0.0,0.730365741494946,0.16528852659044618,0.3390091894223507,0.24406987740928032,0.7867569594242664,0.14500468276461417,0.15595277438404337,0.12698269241560073,0.7865489575520371,0.8210216445937989,0.3539297138408105,0.7550668321431433,0.5416574035997453,0.0836957187560849,0.054182076260333445,0.13347391737521744,0.0,0.4680688831714897,0.5924298007883918,0.37346285536274904,0.4400381212698639,0.0,0.0,0.0,0.0,0.13477543053235874,0.09633614578328276,0.18652486801194634,0.0,0.0,0.0,0.0,0.3183686641078218,0.06567738170697623,0.14465869208189094,0.37954539451988634,0.25906440049117974,0.6845216548073427,0.0,0.5348424240268693,0.5399234636020038,0.03950216934220108,0.41740062833118763,0.7612865309650861,0.0,0.716813111245119,0.009599348626670973,0.4715154479776575,0.0,0.7827986488435588,0.21790629053080524,0.11108401723868461,0.3642868294845301,0.7560231504219962,0.8346286630099401,0.16971620187602166,0.7210207373719203,0.6578577855565975,0.0,0.17240895020174712,0.2625589463240844,0.8747477647058506,0.6075599005527494,0.5255771675932993,0.550414538384484,0.3054027801230599
0.3758313179273837,0.07746132606287837,0.5469012013416837,0.03577937076009305,0.48279430565356957,0.29397414482492673,0.3112346214433227,0.0,0.44620485485303213,0.2540978832785686,0.5091626795941115,0.3954453020118299,0.4987742407632294,0.04128778620465537,0.4036304367288324,0.3002915896899687,0.37902875922184,0.26392412699966744,0.5637269489531638,0.5631235347936653,0.1975064140845265,0.5039757522963716,0.2608591327529568,0.24916725311843924,0.2889358527291502,0.2715269097759202,0.4680688831714897,0.0,0.3307470103311546,0.5180089362489383,0.5170000489174763,0.0,0.0,0.0,0.0,0.3549281960076721,0.22422403672989982,0.10175478196782203,0.0,0.0,0.0,0.0,0.2632169392682616,0.2542770007208488,0.0196487418908122,0.3285118907338095,0.0,0.5698281388267381,0.0,0.40212175592874183,0.2348706328969941,0.0,0.2830457940935769,0.47556489318732326,0.12390277447717757,0.5538961627753027,0.22455105708533363,0.18750011016290635,0.0,0.4233354701768194,0.17254545976129138,0.2177155082468947,0.2905702569251114,0.522820701872843,0.5252945984882271,0.09768626874353747,0.5157472233322942,0.34806451971101976,0.16752926883002786,0.1799270878192757,0.33785939161427403,0.4999453441390088,0.6308639838158192,0.21008638147512262,0.48365998384364595,0.23248888497018694
0.524681031248096,0.2480202277079389,0.47357698907594725,0.0,0.5656154544107685,0.6652841236512151,0.584097400273842,0.23939788137234636,0.5235447614230747,0.07179185356322787,0.39526286847669756,0.296142094908067,0.5076151733379293,0.06259710691828234,0.5922449840529405,0.46509011059626765,0.2516532216233135,0.4603868991767692,0.4876317719564588,0.6097583164761733,0.5448839555547189,0.7272218544987803,0.34441179287538715,0.05469755851479513,0.4231650265404649,0.22078757466539436,0.5924298007883918,0.3307470103311546,0.0,0.37460404353659105,0.3938496575302418,0.0,0.0,0.0,0.0,0.13715969779342577,0.0,0.06811165460227801,0.0,0.0,0.0,0.0,0.0950221746349807,0.0,0.26408048883936563,0.5593597799443697,0.4859294914640806,0.3417631617043814,0.0,0.20833527677646607,0.42748425751813923,0.03700808963143082,0.38955483668953234,0.46884142532081235,0.0,0.4057363288182527,0.09917216881810613,0.39787183535491555,0.0,0.4942436212741013,0.5234301163076546,0.44946876415774484,0.5467166585200967,0.4726967192860442,0.4270329101505438,0.42413874937669477,0.5392692512484506,0.3597684326643208,0.0,0.439917699736361,0.3847612479446644,0.3629244507380526,0.4112466573032377,0.5362221476707301,0.2768743458829034,0.09764923097242689
0.30198274014670345,0.01613337292660283,0.3721029911830251,0.0,0.44600138611854256,0.2804652794954075,0.19840943984086956,0.09026814237268022,0.4065582588919331,0.10645862114276675,0.5067966132013316,0.2749330937766794,0.010127464413464737,0.0,0.4256878224332427,0.15234196826197438,0.0557099579258265,0.15372998858684458,0.4894435858370043,0.5595285253814059,0.21389874995821412,0.4703221147762851,0.2459426731401738,0.30086065513432175,0.14124601693340166,0.1262692909256407,0.37346285536274904,0.5180089362489383,0.37460404353659105,0.0,0.2856361494333237,0.0,0.0,0.0,0.0,0.35629114232994125,0.0,0.1409806544742281,0.0,0.0,0.0,0.0,0.33763741370969547,0.20826948840709475,0.198735863619963,0.48447378054218326,0.12973745352214083,0.5416586305808222,0.0,0.2343543676807744,0.08410711765923935,0.0,0.375287794999168,0.33655399782057355,0.0,0.5348242554496703,0.37657160135534906,0.18647537615373488,0.18144618096672016,0.3953859791067402,0.2035023247771582,0.4741379156654352,0.4274048990481345,0.43655039628214265,0.45845707137522135,0.17824714923916687,0.5126619671431739,0.31203468532404305,0.11996047509815946,0.1853518387843943,0.31783851701317306,0.2864760070435968,0.5318201060048526,0.10316463227545553,0.5462063397929903,0.3741807646145294
0.5917132817343269,0.0,0.4403888823802244,0.0,0.4110498723739243,0.17030863285457631,0.27580191925094266,0.0,0.49506982077522693,0.1493199193955288,0.42870560813792064,0.3356957334651497,0.30584105736979306,0.0,0.4031608470526686,0.37027182497587363,0.32359112962941483,0.2782375842847381,0.4311487169073057,0.45332981598070043,0.3856749623165734,0.44462535581732515,0.1524926351488669,0.2682742103943156,0.27261129905025877,0.2098069505133692,0.4400381212698639,0.5170000489174763,0.3938496575302418,0.2856361494333237,0.0,0.0,0.0,0.14580979668934813,0.07541552311218448,0.20314939661118342,0.2013910075996052,0.3517738346596277,0.0,0.0,0.0,0.0,0.2828968851125398,0.0,0.24192354750029454,0.48187582168765203,0.12494792264576904,0.41439519702374394,0.15019733746330471,0.40000041545329823,0.3266943650797526,0.0,0.28341059197743396,0.5545157291833727,0.13940152021486496,0.44287653876039523,0.15402692411586116,0.2601050279128121,0.0,0.447955891520894,0.39342504475436785,0.23666113245712697,0.4068163635744105,0.4547455138631227,0.5048532549732961,0.24667330653255307,0.5279287294026128,0.39547359944531657,0.31534571422696556,0.4144711502762213,0.4799801615869521,0.4734352596763226,0.5717519355654884,0.5297346834064796,0.3354606759593233,0.33520642329492606
0.0,0.2714962757219932,0.0,0.4167747004397508,0.0,0.0,0.0,0.03462477974852031,0.0,0.31160805310266054,0.0,0.08412310892498098,0.0,0.0,0.0,0.12598870673892712,0.1839571437461276,0.08598532785793876,0.0,0.0,0.0,0.0,0.0,0.0,0.16585212049437276,0.12546111018987027,0.0,0.0,0.0,0.0,0.0,0.0,0.5140296641463362,0.4452394602175834,0.2449988407185472,0.0,0.06800349472960071,0.0,0.5713705859058335,0.26962355468193816,0.14612437163497133,0.32997644717439323,0.0,0.08027338508294891,0.0,0.0,0.019055909163794682,0.0,0.4290578988969067,0.0,0.0,0.16668674037877315,0.0,0.0,0.4287383441295989,0.0,0.057946312153387025,0.0,0.05910829997066758,0.0,0.0,0.0,0.0,0.0,0.0,0.0,0.0,0.0,0.11605771690212627,0.028718105605363725,0.0,0.0,0.0,0.0,0.0,0.0
0.0,0.13538927320538136,0.0,0.13761286556990301,0.0,0.0,0.0,0.040241854160053714,0.0,0.0,0.0,0.0,0.06593863127059893,0.0578128699999895,0.0,0.005667446217208549,0.06591264944109076,0.04856317398869739,0.0,0.0,0.0,0.0,0.0,0.0,0.00497889911399102,0.0815486027597172,0.0,0.0,0.0,0.0,0.0,0.5140296641463362,0.0,0.411619692797206,0.26344823487510366,0.0,0.0625991528780512,0.07608990790605294,0.3667451030533065,0.6375591722559448,0.207958616858747,0.3441851318210635,0.0,0.0,0.0,0.0,0.08244268399495944,0.0,0.3734503348764349,0.0,0.06459684179503461,0.34001513094195984,0.0,0.0,0.2602522538725348,0.0,0.0,0.00618718286319811,0.0,0.0,0.0,0.0,0.0,0.0,0.0,0.0,0.0,0.0,0.09779610480046158,0.037415972916280044,0.0,0.0,0.0,0.07635687750957275,0.0,0.0
0.0003904622265604174,0.09963458994748425,0.0,0.20927088036058977,0.0,0.0,0.0,0.0,0.0,0.1316649471432708,0.0,0.08345098461233341,0.146814097321104,0.0,0.0,0.17248986244642323,0.13146181003692906,0.12959743620734382,0.0,0.0,0.0,0.0,0.0,0.0,0.08742562920471152,0.10086498096470231,0.0,0.0,0.0,0.0,0.14580979668934813,0.4452394602175834,0.411619692797206,0.0,0.33201449001818806,0.0,0.10547684217882736,0.05358943695780602,0.22710961407799743,0.22974461288990589,0.23753419548713095,0.1557990057833188,0.0,0.0,0.0,0.0,0.05622146838071666,0.0,0.3969132402440301,0.0,0.0,0.0,0.0,0.0,0.15123558901156298,0.0,0.0,0.0,0.0,0.0,0.15488761941228282,0.0,0.07765343152413418,0.0,0.0,0.0,0.0,0.0,0.12973595641935234,0.1359716768653881,0.1132512501290488,0.0,0.0,0.036122344428376515,0.0,0.0
0.0,0.0,0.0,0.04830245604999939,0.0,0.0,0.0,0.0,0.0,0.053011799514321264,0.0,0.0,0.032379184183725894,0.0,0.0,0.0,0.0032733064317292254,0.0,0.0,0.0,0.0,0.0,0.0,0.1364437118665344,0.0,0.019467374278808687,0.0,0.0,0.0,0.0,0.07541552311218448,0.2449988407185472,0.26344823487510366,0.33201449001818806,0.0,0.0,0.07451114449297412,0.0,0.4682694090147347,0.16335468893286015,0.39737844766231206,0.4394899906950706,0.0,0.1517913165045452,0.0,0.0,0.0,0.0,0.3137705293448797,0.1811235162034398,0.0,0.07642790187722959,0.0,0.0,0.1160678055688749,0.0,0.0,0.0,0.05837384773529238,0.0,0.0,0.0,0.02292496825473507,0.0,0.0,0.0,0.0,0.0,0.28788108653047506,0.0,0.0,0.0,0.0024022337336327484,0.0,0.1051336627247883,0.3231290278550979
