0.0,0.8016633921484619,0.30588755918115634,0.0,0.47066161064427325,0.4376086520846888,0.554680298287604,0.16010970136428204,0.5009011610541741,0.5751101959032818,0.24720372568090496,0.746234758318931,0.5603181226018392,0.0,0.227658114782818,0.85508318951657,0.7791757711986309,0.8161923160415205,0.1562408759388147,0.5904752600302912,0.638117658362777,0.74567293531195,0.2221432948950978,0.8310966942420676,0.869375150682811,0.8369100017723317,0.3278162175032459,0.5474257158020235,0.5814895930509834,0.40619454901007396,0.6702224470930602,0.4526182955503359,0.4600176570376868,0.305819344112392,0.0,0.0,0.0,0.23491393936535482,0.5093414102836007,0.6931485039151561,0.37110413653383867,0.0,0.047017096497602745,0.12542115615176663,0.005494744187997641,0.9350038060458251,0.7664353945711813,0.1975963215857206,0.0,0.24669193905594777,0.46700436422451885,0.6228699934722544,0.29179754146782333,0.3475925747297265,0.5030255595117656,0.18877766662423406,0.5273441193003906,0.6719067196061712,0.0,0.5067169839907731,0.8317618571629097,0.7904526873995545,0.8546884037532549,0.18290741311202258,0.769167805812581,0.7621105938106272,0.8233364023516612,0.3928971146621133,0.8224433992530134,0.7950759742961115,0.8508514053482068,0.5129670649114689,0.7335455779354364,0.7130253676178565,0.7066683406780054,0.7251580186522885
0.8016633921484619,0.0,0.4398900341866295,0.0,0.49502063955247255,0.6920374820420954,0.6982024379621332,0.4037486009811191,0.5675788795679042,0.7168669139290678,0.3799750587198032,0.833269941059642,0.7558412061518878,0.0,0.35592195105675845,0.7860404860493276,0.8148718036747185,0.8663834255431058,0.3032235013732754,0.7187768978916808,0.5340422791935843,0.8489862731874478,0.42679640951376796,0.7627720193501377,0.9418726341730562,0.9278586597483427,0.4911252534961429,0.6165430064069336,0.6293678064487649,0.3922326119340168,0.6580563215853944,0.35757697086150864,0.3474058787921902,0.18813237314221334,0.0,0.0,0.0,0.26123921976565184,0.33747969047032766,0.5102493437610902,0.15997069495940308,0.0,0.0,0.11038743242475677,0.0,0.6702202115065472,0.923784149791987,0.27713491161381953,0.0,0.37242431157596473,0.6309514049391947,0.6815754592796779,0.48977999464829003,0.442286041292808,0.6107754115509353,0.3245217163811259,0.6299007842015736,0.7819731976516338,0.02358715442650218,0.5773728260779812,0.7617765579253644,0.8568577307501815,0.7435788229317244,0.32974179074889565,0.8521624007534067,0.620348512884955,0.831570910589835,0.5214565894297726,0.7583032952124642,0.893494053827222,0.9143372946975263,0.6665723233137166,0.7578676408069603,0.6660369534518575,0.6220070497023478,0.6340277715781646
0.30588755918115634,0.4398900341866295,0.0,0.0,0.5885347146414737,0.6064033410354343,0.23295949708533403,0.5050724887101627,0.722597534293007,0.299085359001852,0.8671738201440964,0.4339227368096443,0.5078947667648012,0.012378225707656981,0.5117390062700307,0.2964590611779674,0.3202979983438154,0.36095197928279443,0.8046443679928494,0.7134436652403273,0.4227013521670495,0.6271603418747712,0.6825464918915245,0.3480566636785526,0.3858474174722813,0.5300289657031461,0.6717869085571019,0.3880764984165794,0.4647182087983222,0.5560366841406983,0.3978612943814358,0.08262175900702577,0.0,0.0,0.0,0.0,0.11876647333276308,0.1603105640068649,0.15846295428311674,0.0,0.0,0.0,0.11143935168749966,0.16897080066527886,0.029056242476317967,0.24111659414472283,0.45105486780883564,0.8656915086953911,0.0,0.5737230647832141,0.4788968879424773,0.4005733243057021,0.5658890737871664,0.6668547704802404,0.23180669422274475,0.8179227911089807,0.3961110584445861,0.45231424119978964,0.15819519711445998,0.5869911553225143,0.33052454384950597,0.310123999032257,0.24808689357337177,0.731654360404723,0.6698869408670695,0.32248871265717377,0.5725552722514623,0.675563739366464,0.3883031777223507,0.3633590227327148,0.45641792833745476,0.6757739110181604,0.44341402537081387,0.4455871628462277,0.35627410143291954,0.3604139274081375
0.0,0.0,0.0,0.0,0.0,0.0,0.0,0.0,0.0,0.0,0.0,0.0,0.0,0.17530639412880306,0.0292218266022089,0.0,0.0,0.0,0.03619785192918082,0.0,0.0,0.0,0.0,0.0,0.0,0.0,0.0,0.0,0.0,0.0816276861005331,0.0,0.0,0.0,0.0,0.24533183859445573,0.25415818562225,0.3415861819018689,0.0805376222595721,0.0,0.0,0.0,0.13366040053337794,0.09802256183246251,0.26609848508181255,0.027876135831906984,0.0,0.0,0.0,0.5979688658036959,0.0,0.0,0.0,0.0,0.0,0.0,0.0,0.0,0.0,0.23638590759054895,0.0,0.0,0.0,0.0,0.06499582672509974,0.0,0.0,0.0,0.0,0.0,0.0,0.0,0.0,0.0,0.0,0.0,0.0
0.47066161064427325,0.49502063955247255,0.5885347146414737,0.0,0.0,0.5539984962278355,0.6476620498636524,0.3891172438898637,0.8322550203347967,0.5252684462110287,0.5720620954777561,0.5705281815143212,0.6423956288219108,0.0,0.25607497878930735,0.4546228107280045,0.5567016699186964,0.5950276629569271,0.32166472521297235,0.5573187616167887,0.5268253081511834,0.5475975991921574,0.47557507524925297,0.42530794156089335,0.5411010266059656,0.5554398701513376,0.6007519935533221,0.5611060717397172,0.5756966155233061,0.31673716750574854,0.5294555340037476,0.1876659391381233,0.17929092469800412,0.07427490429081188,0.0,0.0,0.0,0.19578286419098687,0.27106470227639035,0.313932113481163,0.014335703766058194,0.0,0.00977965430388228,0.1401868205396764,0.0,0.4868164496300038,0.5829056163827919,0.5403346408392038,0.0,0.675093435696921,0.45759577329792483,0.7215063721117743,0.44843248689041604,0.7906115603034797,0.4228614380576001,0.659350449228083,0.3941783535003365,0.6602550834004735,0.11792709684622683,0.4348086945000791,0.4683121767542811,0.5962672540731448,0.5273496896010754,0.3026286825862897,0.6394301781760523,0.4296780617810184,0.575416491174448,0.5308940799022165,0.5064035189271469,0.5072822793944707,0.5184573791306493,0.6507369405229401,0.6376135561651441,0.5971779319475229,0.34103749990065724,0.40903662525713314
0.4376086520846888,0.6920374820420954,0.6064033410354343,0.0,0.5539984962278355,0.0,0.5270126496449875,0.7446491702515542,0.6254674664128748,0.4699007859554132,0.5977478736976272,0.6421268763769425,0.783133686638242,0.15627135163267158,0.45684468576886694,0.41903653290471865,0.4951657774536725,0.5484123478268143,0.5033055771577162,0.6546680572096585,0.544691512609563,0.6336167186767847,0.8031207000720183,0.5181348076155856,0.5667601057722709,0.6975957774035948,0.7065661809451013,0.48715101097356683,0.6530616964283802,0.4724966747715418,0.44634372980631953,0.08669669329918017,0.115139902181429,0.0,0.0,0.0,0.046436161718502,0.22685952670305023,0.06184882772085595,0.153514993444673,0.0,0.0,0.10793410132636462,0.03497332912501612,0.018574083510394565,0.3988537233410001,0.6980907855458428,0.5774485519889173,0.0,0.5362620152725389,0.7761302901948164,0.5293173882483473,0.7420899000130351,0.5950387404002767,0.3905792856321256,0.5323268300558317,0.6121592925808814,0.6913017986859065,0.21526012251629092,0.5500231924761929,0.4010158531183191,0.5391521194733974,0.3612328036879993,0.5552187322055762,0.6713536532217073,0.46327831828258015,0.6027295917101196,0.7504373986635284,0.5233948566363934,0.5518069217039262,0.6386095904600319,0.7244863016124363,0.5492371322177958,0.45748056959560635,0.3275454158920734,0.292926344720431
0.554680298287604,0.6982024379621332,0.23295949708533403,0.0,0.6476620498636524,0.5270126496449875,0.0,0.33869107404649945,0.6137330332966099,0.8052201742502287,0.11476436149717492,0.5827411931459969,0.6850976661382471,0.0,0.152589412400926,0.6317119770738396,0.8412125859906507,0.8235524873782196,0.014479440035810504,0.35513787138703623,0.4262493403042407,0.46470513171914263,0.3341152735765853,0.4615207149583065,0.7329384743397722,0.5946099769708276,0.4070590401115842,0.6036116599651776,0.46523739973017925,0.047018870772105925,0.6793330030519313,0.20879794704051302,0.4644042921587227,0.2621591568769626,0.0,0.0,0.0,0.23623114353766966,0.2031382281750907,0.5046545459632998,0.06910776380681027,0.0,0.0,0.0,0.0,0.5591611414038883,0.6922591589458575,0.07086014932891466,0.0,0.5785545542301779,0.4528678965442345,0.8232390576005915,0.3265528939390874,0.48297467737174604,0.7299926759902277,0.20431223390793718,0.46214349151384815,0.6925918286301952,0.06303965115018517,0.33907356183629933,0.47371049245763586,0.8404983430884124,0.626491182826161,0.020210226179297797,0.5084742685455114,0.4154534808630118,0.4469635457520226,0.3674066192193174,0.5112829075147269,0.6767739849282883,0.6007491108581411,0.4956050057828294,0.656519689226561,0.5239896713107532,0.3581140296026633,0.3796550767466079
0.16010970136428204,0.4037486009811191,0.5050724887101627,0.0,0.3891172438898637,0.7446491702515542,0.33869107404649945,0.0,0.45031241509664854,0.38024935755782147,0.5794683116094002,0.30023823184936227,0.5482518514031929,0.2786821612298237,0.39489039262561765,0.09281677859344974,0.288386880347386,0.2707525182202164,0.5016481501988758,0.5712782604182582,0.4908672494794371,0.4433762302834146,0.7574301735047213,0.2568819612804324,0.23353191145133767,0.39575696980410924,0.5290003352430326,0.45969062232211944,0.37783478212812094,0.38156392646141196,0.3779742234225692,0.0,0.0,0.0,0.0,0.18658797497357554,0.17511061253482668,0.2907988121572974,0.0,0.0,0.0,0.0,0.29130200435845494,0.12419142649927023,0.16141189074899198,0.11242265104921097,0.4649572407065127,0.49037018030963614,0.0,0.5913362518424614,0.47526567202401726,0.37674108788893357,0.8412351625132832,0.4771519801226723,0.2794079936410273,0.569357056040334,0.41063015482451337,0.45846218740199685,0.4328595260212099,0.3409965766418529,0.057648034035914016,0.33764855691052986,0.08233732740147444,0.5905866496954495,0.477115836141792,0.3423954015445811,0.3607330239775055,0.5840080471251012,0.2981431603929475,0.2586852715622058,0.33669347293955393,0.5144069946166336,0.37149588899005015,0.23377508626137655,0.16193754744502661,0.020346080548896937
0.5009011610541741,0.5675788795679042,0.722597534293007,0.0,0.8322550203347967,0.6254674664128748,0.6137330332966099,0.45031241509664854,0.0,0.5892575062046985,0.6635801698723105,0.5866238428669546,0.6840589305692365,0.0,0.399094303237745,0.4694408497680864,0.5940640054160937,0.6076447288746454,0.5028695561256101,0.6845408551369851,0.5628291702326831,0.6506089474117255,0.5966540633833888,0.4785025948700049,0.5852003307512518,0.6312578703922131,0.729512752792074,0.5772446120390635,0.5914065643070276,0.4310791658864791,0.5854396479909969,0.1369233836366932,0.15582317093300663,0.0,0.0,0.0,0.0,0.3341161667480526,0.1814346902287149,0.2651166228140925,0.0,0.0,0.10170543405153573,0.10984005211913998,0.03375169333123061,0.48103460637726847,0.662948572638791,0.6521908377544733,0.0,0.722563386831068,0.47072317604453195,0.7081936439144527,0.5367921723437322,0.9083041729436739,0.5354066870926191,0.7098364045372907,0.4665110040792225,0.6560296864561039,0.13422874465031884,0.5268957176201219,0.5105099292939392,0.6179308984313452,0.5161145631319056,0.45688631641388994,0.7136168727729163,0.4722865034598699,0.637936289013105,0.6221608734721078,0.5187004761491509,0.6182059794305572,0.5982207118518624,0.7387023940582542,0.6364183947746826,0.565644880830829,0.4202240830351113,0.43197980752414883
0.5751101959032818,0.7168669139290678,0.299085359001852,0.0,0.5252684462110287,0.4699007859554132,0.8052201742502287,0.38024935755782147,0.5892575062046985,0.0,0.1818232194713566,0.6503414720405799,0.6142846760168486,0.0,0.16449253264274283,0.6225004878232029,0.8918215608279063,0.8023077433122283,0.1603259021192632,0.42772265547101435,0.4540214240564958,0.48234265775863006,0.3400092570290988,0.5162865194072548,0.7650756932906332,0.6149697599432193,0.2949927367512871,0.6462259706137422,0.39463588263602467,0.13889487942674042,0.7754813867512556,0.1436689542979314,0.5965083230505089,0.4199543209065495,0.0,0.0,0.0,0.3908832410490946,0.11009014820158639,0.5582816445273262,0.08421434880806408,0.0,0.0,0.04574301320715679,0.0854291741243508,0.5047242629169654,0.6708733185402705,0.111660576433387,0.0,0.5175564198234746,0.3193152461588245,0.7185521581980199,0.34076282001629,0.41847322234984097,0.9406061204842829,0.20539029516191562,0.6231064078697439,0.6114345067748979,0.055487217655607726,0.27538490956812467,0.4594318676740672,0.8211326538477596,0.6094272620237777,0.11649389801133134,0.5244269402617913,0.4576001293420062,0.42283726279382294,0.31277463860540244,0.5293935618751177,0.7299646604080816,0.6187858655311382,0.35934999609305546,0.6388036495832062,0.4063570068518145,0.41431680339531907,0.341954255087325
0.24720372568090496,0.3799750587198032,0.8671738201440964,0.0,0.5720620954777561,0.5977478736976272,0.11476436149717492,0.5794683116094002,0.6635801698723105,0.1818232194713566,0.0,0.37477481799132006,0.5115502459631849,0.16576431548962312,0.5057655585091713,0.21531255606398506,0.20811880429890228,0.2672832938705625,0.875889477589642,0.7628281317127769,0.4300167778640982,0.6493742493806559,0.6305276167173335,0.3194237076505614,0.2733219147135812,0.47300254969342526,0.6441831032568376,0.42364891010550615,0.4730767004445117,0.6495131908545203,0.3831762161324914,0.09578491376561349,0.0,0.0,0.0,0.16467819721422844,0.23653520743996007,0.21304269669642112,0.13142059104895643,0.0,0.0,0.0,0.34495181318045715,0.27649755785884367,0.024706897374501782,0.15974375885376713,0.43313069415856364,0.8557497662105469,0.0,0.5330543769884253,0.42952329806081546,0.3115282599255753,0.6443027934703847,0.6582687036039472,0.1166026825084637,0.9134138527642285,0.37078021454293025,0.4201293064135213,0.2582499224549337,0.5241146397182725,0.2888673423799644,0.27504605548763394,0.20006027473919386,0.8525233147191065,0.675188401247834,0.31973065908722687,0.5944202812801355,0.6072397126248075,0.3609728630347224,0.2842981389442122,0.4024270729858022,0.6239767164349421,0.43712913442614726,0.41989992710465274,0.3846309842897837,0.3106493217721244
0.746234758318931,0.833269941059642,0.4339227368096443,0.0,0.5705281815143212,0.6421268763769425,0.5827411931459969,0.30023823184936227,0.5866238428669546,0.6503414720405799,0.37477481799132006,0.0,0.7546227149854329,0.0,0.15834797303786777,0.728519256652729,0.8105775329615053,0.8196523198412231,0.2884866989799805,0.6058103301641274,0.45644713173139284,0.6850931532977081,0.31308043830946825,0.9002260596107675,0.8380567615637882,0.8637680095880735,0.39504747185284145,0.5268126896426208,0.505773344366493,0.4710825961631203,0.5507437054136229,0.551610721485736,0.3723469434739617,0.23561259079181374,0.0,0.0,0.0,0.22984823900157486,0.617974679827137,0.7105374927605093,0.3506519226016804,0.0,0.01098597596238754,0.14408387832638692,0.0,0.692083200907111,0.753782213347316,0.3334069156242798,0.0,0.35573732104081757,0.6269341009816607,0.6799515311461257,0.4112469058867406,0.41980068978022966,0.6501874948286697,0.3070622948680484,0.8465654615248157,0.830779548396223,0.03560016266515853,0.4605685312246618,0.7331785178775801,0.8462220241425953,0.8202759504900212,0.30910835602516273,0.7450819127233625,0.5143619672713932,0.7456874445784771,0.4364470861056382,0.8734157816243575,0.7331832637829432,0.8536398436272556,0.5035046494269177,0.8137714948309438,0.539386866947493,0.7245419639710465,0.753176978157355
0.5603181226018392,0.7558412061518878,0.5078947667648012,0.0,0.6423956288219108,0.783133686638242,0.6850976661382471,0.5482518514031929,0.6840589305692365,0.6142846760168486,0.5115502459631849,0.7546227149854329,0.0,0.0,0.23278017869233988,0.5339297076980403,0.7226011578968521,0.7253845028128219,0.38942317361446577,0.5884985131381557,0.4372144806863555,0.6140188020041991,0.5273944994525905,0.5575555535238232,0.6756372815486824,0.7312540924608637,0.4907271308561798,0.7923919788561499,0.4922033883883557,0.3498575439752613,0.5725605881833786,0.17857787145373408,0.2898884702547424,0.0460699697251718,0.0,0.0,0.07041758794542796,0.24621654639283308,0.1951153149027805,0.3771064596142335,0.025159430311045672,0.0,0.14290258877227552,0.1142071006169936,0.0,0.5138891921519636,0.7394761722262715,0.4488816442579826,0.0,0.5859379862727233,0.6193775746801338,0.7282013146792818,0.5782810411826429,0.6046165664985563,0.5258117849909314,0.488238892504939,0.6526248471336198,0.8723907507858051,0.09766833386001245,0.3849078558940026,0.5124135386240016,0.7821796329739399,0.6355341139219206,0.40049262788243545,0.6950270724125884,0.4139113016943241,0.6352759757572182,0.4937957419998466,0.570975143237822,0.6257535672307104,0.6730227571988777,0.594699469782259,0.79939961808311,0.55079706618562,0.5588779953601355,0.42525797584109215
0.0,0.0,0.012378225707656981,0.17530639412880306,0.0,0.15627135163267158,0.0,0.2786821612298237,0.0,0.0,0.16576431548962312,0.0,0.0,0.0,0.08040790757380864,0.0,0.0,0.0,0.15290485437505003,0.06595627000744805,0.0,0.0,0.14862625299265886,0.0,0.0,0.0,0.01169178839071966,0.0,0.0,0.14111582980672005,0.0,0.0,0.0,0.0,0.16061066482036268,0.472821785431491,0.2712388852530646,0.04786183501181451,0.0,0.0,0.0,0.12824534300044316,0.2767545888156571,0.17420893690946904,0.06847922965620488,0.0,0.0,0.08428751346644545,0.22078081153095488,0.0,0.06511084489072264,0.0,0.25513216838616487,0.0,0.0,0.0760785438742751,0.0,0.0,0.3928474330566014,0.02213265149310774,0.0,0.0,0.0,0.21921526991397106,0.0,0.0,0.0,0.0775035044859666,0.0,0.0,0.0,0.0,0.0,0.0,0.0,0.0
0.227658114782818,0.35592195105675845,0.5117390062700307,0.0292218266022089,0.25607497878930735,0.45684468576886694,0.152589412400926,0.39489039262561765,0.399094303237745,0.16449253264274283,0.5057655585091713,0.15834797303786777,0.23278017869233988,0.08040790757380864,0.0,0.2549542180213649,0.1042343903257977,0.1712770870083904,0.40829944802797247,0.49524778186254403,0.5171520101114592,0.5208386279026377,0.6897431593189205,0.17336535515887896,0.2804116250547333,0.4393109591452169,0.5106964419133059,0.17786675547022374,0.4658766625730534,0.3775913475462668,0.3702364566845596,0.0,0.0,0.0,0.0,0.0,0.11199725587900984,0.07013184675734717,0.0,0.0,0.0,0.0,0.0,0.0,0.16125424248611442,0.21399628643970758,0.3932959848321172,0.4408287883451842,0.0,0.40202664089616125,0.28947016736685616,0.2633944872065996,0.46473504588566905,0.5027030755544595,0.09597665970753161,0.4619085860651273,0.09062621176100132,0.21378670905543384,0.17168559729635907,0.8511645627336669,0.274857677941835,0.12754751499828387,0.13410999461524528,0.40535561129199593,0.5016778118181293,0.43258508266777507,0.4802620336081157,0.7127269323265684,0.2247983724809711,0.35693378257709096,0.3978112371194906,0.5456236133920168,0.21961675461025967,0.4234609909346914,0.00946269605106742,0.13844145910121247
0.85508318951657,0.7860404860493276,0.2964590611779674,0.0,0.4546228107280045,0.41903653290471865,0.6317119770738396,0.09281677859344974,0.4694408497680864,0.6225004878232029,0.21531255606398506,0.728519256652729,0.5339297076980403,0.0,0.2549542180213649,0.0,0.7832776225452442,0.8798831573823982,0.17278700120100776,0.5986167148338091,0.5080947427378366,0.7487243237720362,0.18538407356540446,0.7329116380456524,0.8544485951287859,0.7563092061667417,0.3520068671161561,0.505441390368883,0.6232101022626173,0.3805907406674848,0.7482117851064687,0.46666126047698575,0.4334849499150213,0.3214782151056255,0.0,0.0,0.0,0.20513629438971187,0.494640932431388,0.6078583916497837,0.3013709498417453,0.0,0.0,0.1392781240630477,0.0,0.7610060275408901,0.726548216497015,0.11842329091727048,0.0,0.2416219264168779,0.44276103767234626,0.5994631190062989,0.21584222647289938,0.30187705520418845,0.526542560399756,0.1253408451327041,0.4781122122083891,0.6123847655210086,0.0,0.5343642422442714,0.8687813005909569,0.7652347251627587,0.8866324629610663,0.1846605879138215,0.7137111200343446,0.5989716307103037,0.7509069253274488,0.37016869480833026,0.7379394371052328,0.7920988048239521,0.7678506914533678,0.4755020385823975,0.6815560404443696,0.6795050157772403,0.6462646889006558,0.7360212250405088
0.7791757711986309,0.8148718036747185,0.3202979983438154,0.0,0.5567016699186964,0.4951657774536725,0.8412125859906507,0.288386880347386,0.5940640054160937,0.8918215608279063,0.20811880429890228,0.8105775329615053,0.7226011578968521,0.0,0.1042343903257977,0.7832776225452442,0.0,0.9245500139056767,0.16016347642431253,0.5068596424331823,0.448435353682786,0.6182617754436905,0.23551967344956512,0.6818369663728048,0.8727607838465484,0.7533001503670985,0.2936725744284878,0.6737875418251131,0.44891780187469466,0.2079797655906149,0.7512980329940686,0.34889184794230677,0.613032087973828,0.45369714459879545,0.0,0.0,0.0,0.3065891793136473,0.3481868309346744,0.7032412458844048,0.32264838681443386,0.0,0.0,0.11048373010802146,0.0,0.6679523330158322,0.7884715870651889,0.10441735353722206,0.0,0.479944332099856,0.4438313055000399,0.7810450108084923,0.3014502156449267,0.413244161445391,0.8589201292231157,0.1789467820185168,0.6987770139816698,0.7710345824705378,0.0393104914421545,0.3500560932891527,0.6752889380375877,0.9401169339969471,0.7979464244682115,0.14000564289997053,0.6594868964365435,0.5183634027065573,0.6154655479139962,0.28230733330094077,0.6774395470315157,0.8122377918497846,0.7665669367961294,0.41279573061995317,0.765801182546606,0.577424871701903,0.610454652426447,0.5973458898072395
0.8161923160415205,0.8663834255431058,0.36095197928279443,0.0,0.5950276629569271,0.5484123478268143,0.8235524873782196,0.2707525182202164,0.6076447288746454,0.8023077433122283,0.2672832938705625,0.8196523198412231,0.7253845028128219,0.0,0.1712770870083904,0.8798831573823982,0.9245500139056767,0.0,0.21440188392922246,0.609927126794331,0.5357413644825371,0.7211292450338946,0.26494187622338633,0.7263884685662287,0.9277007025023983,0.7987394150929574,0.4060692664631418,0.6585885774762028,0.5890792189005902,0.3540876457541727,0.7455701618019582,0.4031057154688603,0.5457990812830043,0.3930949147074519,0.0,0.0,0.0,0.29591789162771487,0.4184259635071083,0.6800028150735778,0.29960686165040884,0.0,0.0,0.17554427473679218,0.0,0.7421346478220219,0.8156839215655247,0.19057253435886795,0.0,0.4038077707487957,0.5433747531667751,0.7361964497787803,0.3691969789080285,0.41738114506197677,0.7253840300536434,0.22449503841707327,0.6655906032627631,0.7798221449897264,0.0,0.4571734496494708,0.7888571656459402,0.8839434220683013,0.8716258727387141,0.21483022278906141,0.7303306094048687,0.6132805492375374,0.709639163745783,0.38806065751956187,0.7492211413506507,0.8473738047408573,0.8022534431357389,0.5330028326629789,0.7843003734262975,0.6828932734254083,0.6903371472469637,0.6990144798734722
0.1562408759388147,0.3032235013732754,0.8046443679928494,0.03619785192918082,0.32166472521297235,0.5033055771577162,0.014479440035810504,0.5016481501988758,0.5028695561256101,0.1603259021192632,0.875889477589642,0.2884866989799805,0.38942317361446577,0.15290485437505003,0.40829944802797247,0.17278700120100776,0.16016347642431253,0.21440188392922246,0.0,0.6542302615566111,0.35289502541942525,0.5270057086358754,0.5337964293675663,0.24746427806146837,0.1809741730793546,0.3346801456337088,0.5350416856113236,0.3444821990146165,0.3974711247809808,0.6009685987972823,0.29857172657842845,0.073435498613976,0.0,0.0,0.0,0.24280454003707352,0.21437186876651193,0.14807635745925146,0.10042327114468533,0.0,0.0,0.0,0.39086760516291275,0.28973135098980457,0.0029051187437348497,0.07466758989950634,0.3084919774418208,0.7652969857962585,0.0,0.3157463134028438,0.3648892318035584,0.13446702404925204,0.6076607135689107,0.4733320451215167,0.12038659404997751,0.7170277032341044,0.3554798043318644,0.259928858948086,0.14609002267428678,0.43587403298855304,0.20224736518984174,0.17888360560851763,0.14430891350457342,0.9302853939798627,0.5443020507972249,0.2894600245547011,0.4600802618084461,0.4869590660673179,0.23407920140022068,0.20170514904023454,0.2876167211017242,0.4783364574885066,0.3076100341383999,0.2887093974432851,0.4122169722507103,0.2435506584576992
0.5904752600302912,0.7187768978916808,0.7134436652403273,0.0,0.5573187616167887,0.6546680572096585,0.35513787138703623,0.5712782604182582,0.6845408551369851,0.42772265547101435,0.7628281317127769,0.6058103301641274,0.5884985131381557,0.06595627000744805,0.49524778186254403,0.5986167148338091,0.5068596424331823,0.609927126794331,0.6542302615566111,0.0,0.6109266539608124,0.9803172429272471,0.5578867340922895,0.585793712258186,0.6406893461355665,0.7678762355928341,0.697823358834779,0.5593630069409745,0.6857002708914437,0.7382393409472118,0.6446509839756713,0.3166796962163475,0.002210226857306277,0.0,0.0,0.04300301293051889,0.15247603935257378,0.28574847155762173,0.30235659428211203,0.1451119019418747,0.0,0.0,0.3176333726278373,0.2795815017470875,0.0541076742075457,0.4796566264518848,0.7449802946928195,0.6157863332571207,0.0,0.4526780323377108,0.5218417471847281,0.4859168757910268,0.660352860294306,0.5951711796612361,0.3724118310503251,0.6628513144199057,0.47592255784919557,0.5788851265852002,0.2060907116548903,0.6817232171464593,0.622588998939751,0.572580499994463,0.5246609594370585,0.6761164820256138,0.9337821269899106,0.580137416358362,0.8616285493242553,0.6242923126451521,0.5736763827070447,0.6393905677632847,0.7215338363507772,0.7482177129913739,0.6510906479194164,0.6820187292890337,0.5598442020410732,0.5669956360970575
0.638117658362777,0.5340422791935843,0.4227013521670495,0.0,0.5268253081511834,0.544691512609563,0.4262493403042407,0.4908672494794371,0.5628291702326831,0.4540214240564958,0.4300167778640982,0.45644713173139284,0.4372144806863555,0.0,0.5171520101114592,0.5080947427378366,0.448435353682786,0.5357413644825371,0.35289502541942525,0.6109266539608124,0.0,0.6549965074779152,0.5531395098041654,0.4901846680824078,0.5805187731649598,0.5980040142749641,0.5919620446192307,0.4294519040408693,0.7306172444476187,0.4638234939159582,0.5662339895896475,0.1869044313811915,0.2852280885919898,0.13263773237790508,0.0,0.0,0.017433448037916258,0.2833380779759772,0.17189788479017884,0.2902083389273999,0.0,0.0,0.201592148988037,0.08834163417727729,0.13732214751806537,0.6847595697400675,0.6626339595704712,0.3885140322799939,0.0,0.4111433901461161,0.4226277255390083,0.507959969098672,0.5743515343064304,0.5438310749520983,0.3813455981917756,0.4155010045030137,0.3155996301184789,0.5068070277684193,0.08932677070623132,0.545809862085136,0.5217826690985976,0.5322575756761347,0.50138748875616,0.3573522018982168,0.6264870584515146,0.8348756021224965,0.6431707872171446,0.5882174320554882,0.5088573674130232,0.635393078508192,0.6156300506093261,0.6043517107482106,0.4713629849144553,0.6088498704073471,0.38302524615395817,0.329156201471675
0.74567293531195,0.8489862731874478,0.6271603418747712,0.0,0.5475975991921574,0.6336167186767847,0.46470513171914263,0.4433762302834146,0.6506089474117255,0.48234265775863006,0.6493742493806559,0.6850931532977081,0.6140188020041991,0.0,0.5208386279026377,0.7487243237720362,0.6182617754436905,0.7211292450338946,0.5270057086358754,0.9803172429272471,0.6549965074779152,0.0,0.48623669571089356,0.6555960783502754,0.7853410654884019,0.8525410690724137,0.6640764603786778,0.5386063197557031,0.7221856385456842,0.6654038423922072,0.6921999491313913,0.4098620141430078,0.1070052252157423,0.039921472081752035,0.0,0.0,0.0622014898321412,0.24637476344457426,0.3868786310855281,0.294568323808156,0.043763585386794354,0.0,0.2025539554714642,0.1822450536684244,0.00013712084194653085,0.6272314581865603,0.8415878390543807,0.4968021505589392,0.0,0.40763142881775455,0.5608239481358833,0.5707131212923622,0.5587182242580087,0.5343111111982557,0.3988023350222509,0.5335835480894555,0.48563563989534225,0.6482349483197081,0.13730952031801438,0.7326285683715313,0.7361345287555952,0.6645122221402677,0.6594002350744633,0.5544987385615925,0.9759950550757874,0.6506662517721712,0.9261741161208457,0.6116271710983459,0.6712678049997959,0.7660936590341425,0.8162845772231044,0.7678667214714104,0.7009494387761395,0.7479268638799208,0.603212976227957,0.6670534701739153
0.2221432948950978,0.42679640951376796,0.6825464918915245,0.0,0.47557507524925297,0.8031207000720183,0.3341152735765853,0.7574301735047213,0.5966540633833888,0.3400092570290988,0.6305276167173335,0.31308043830946825,0.5273944994525905,0.14862625299265886,0.6897431593189205,0.18538407356540446,0.23551967344956512,0.26494187622338633,0.5337964293675663,0.5578867340922895,0.5531395098041654,0.48623669571089356,0.0,0.2368096246652212,0.2964347066598062,0.48490057961012917,0.707679035770686,0.3346538942157137,0.5130343769512309,0.3091804750958156,0.3454498051051631,0.0,0.0,0.0,0.0,0.0,0.10269975258615202,0.1859025392400756,0.0,0.0,0.0,0.0,0.06639102255318376,0.0,0.1380795941299684,0.2527310672837306,0.49693450780922105,0.6646919086265488,0.0,0.6474357089273262,0.5892905901438958,0.4081076267263096,0.7265504930677446,0.6581946102793894,0.2346408545492517,0.6029204105912689,0.33017404203260214,0.45326536337179035,0.26506411763715126,0.618075494542309,0.16863582390699813,0.2932115909088437,0.12967439592085797,0.5682443231353586,0.52375368883091,0.3986043578862233,0.43251700404693766,0.8886943063602895,0.299963748483449,0.36685305777494337,0.420313754849599,0.7013004443261118,0.34910549192416857,0.34699978687726013,0.05325765400285473,0.06027011824338213
0.8310966942420676,0.7627720193501377,0.3480566636785526,0.0,0.42530794156089335,0.5181348076155856,0.4615207149583065,0.2568819612804324,0.4785025948700049,0.5162865194072548,0.3194237076505614,0.9002260596107675,0.5575555535238232,0.0,0.17336535515887896,0.7329116380456524,0.6818369663728048,0.7263884685662287,0.24746427806146837,0.585793712258186,0.4901846680824078,0.6555960783502754,0.2368096246652212,0.0,0.7829551485407789,0.8405358363812631,0.3540611303713496,0.40970717922695526,0.5004276482692336,0.4980885088590657,0.5319790100910318,0.497385151596474,0.38882023728713405,0.22408107493219612,0.0,0.0,0.0,0.30923341252933867,0.5213996992270653,0.6475816332656144,0.3298068693441743,0.0,0.11750979532031183,0.182699026560496,0.07397571278637222,0.7601111507698277,0.7289376814482157,0.26081807534047335,0.0,0.22327427507485734,0.5424503932279024,0.5222610138149247,0.3732076753100919,0.3193536217740551,0.500335998499696,0.24218971581036416,0.6967107007542604,0.662397867168899,0.061330428332483575,0.4918139943278932,0.7599136947191949,0.7233101611274274,0.7665450648452393,0.2901912941673366,0.7044112859226777,0.5563497599387294,0.711479066507164,0.4048113708921979,0.9309524887869111,0.7247756307857689,0.8557367015689394,0.48557157273778984,0.6951647223851003,0.5704426871046964,0.7050342611927649,0.7582654330648955
0.869375150682811,0.9418726341730562,0.3858474174722813,0.0,0.5411010266059656,0.5667601057722709,0.7329384743397722,0.23353191145133767,0.5852003307512518,0.7650756932906332,0.2733219147135812,0.8380567615637882,0.6756372815486824,0.0,0.2804116250547333,0.8544485951287859,0.8727607838465484,0.9277007025023983,0.1809741730793546,0.6406893461355665,0.5805187731649598,0.7853410654884019,0.2964347066598062,0.7829551485407789,0.0,0.8927652842624219,0.4441465380547718,0.5388432401443801,0.6439546772003135,0.3670378718342695,0.6986943242685678,0.42517931941777076,0.5108684935259225,0.33227163749176336,0.0,0.0,0.0,0.2736385447383658,0.4662584792403426,0.7033367980244132,0.3017548165237996,0.0,0.0,0.11636166144597522,0.0055417464911542424,0.7632943718036173,0.9067220762760339,0.19763818124814467,0.0,0.33436441843080944,0.5834711313421532,0.707064386395701,0.3592843106968344,0.41336009102915733,0.6970479219308612,0.24192772241298627,0.6118238893509984,0.7652416408130409,0.0,0.5868721328802338,0.8360868507142414,0.877810312918335,0.8162501914147334,0.18929369511085464,0.8059779909766005,0.6661653887359322,0.7858344642933173,0.4625967764068678,0.8023052089831563,0.9583595807569802,0.9171125362973944,0.5985948407667466,0.7540325330204769,0.707839824141452,0.6176275432254704,0.715124318786266
0.8369100017723317,0.9278586597483427,0.5300289657031461,0.0,0.5554398701513376,0.6975957774035948,0.5946099769708276,0.39575696980410924,0.6312578703922131,0.6149697599432193,0.47300254969342526,0.8637680095880735,0.7312540924608637,0.0,0.4393109591452169,0.7563092061667417,0.7533001503670985,0.7987394150929574,0.3346801456337088,0.7678762355928341,0.5980040142749641,0.8525410690724137,0.48490057961012917,0.8405358363812631,0.8927652842624219,0.0,0.5191844800716646,0.5446971304510314,0.6212785390798963,0.4732236486554028,0.6088011952065084,0.3730203873343305,0.2814481762066175,0.11840084440200306,0.0,0.0,0.0,0.260342015821508,0.3945116150477773,0.5150295940543436,0.1449320861477396,0.0,0.049838636157784555,0.13412400201776728,0.009355403699963877,0.7052350647130492,0.8991572402194246,0.41878212268158266,0.0,0.4160241908279453,0.6486283681443941,0.6906266378233192,0.5010103714848744,0.5394217571480524,0.5207559711046821,0.41223147461930987,0.6440017455925147,0.8028585126809632,0.08161606883754499,0.6867229711985986,0.7886019520767447,0.8290342399206645,0.7630191256722296,0.37183123283921665,0.8783845468947891,0.6247433275912845,0.8843050787424726,0.6045271450580764,0.8284482412028835,0.8445205771486761,0.9890696429396068,0.7080404008314042,0.7636468181232683,0.7100443268812007,0.6081818765261142,0.7061706543530714
0.3278162175032459,0.4911252534961429,0.6717869085571019,0.0,0.6007519935533221,0.7065661809451013,0.4070590401115842,0.5290003352430326,0.729512752792074,0.2949927367512871,0.6441831032568376,0.39504747185284145,0.4907271308561798,0.01169178839071966,0.5106964419133059,0.3520068671161561,0.2936725744284878,0.4060692664631418,0.5350416856113236,0.697823358834779,0.5919620446192307,0.6640764603786778,0.707679035770686,0.3540611303713496,0.4441465380547718,0.5191844800716646,0.0,0.25975204049072936,0.7399005553785367,0.518187465736016,0.40223812087228816,0.10353745201119713,0.0,0.0,0.0,0.0,0.07461412155349778,0.20788342584602948,0.10755464596699026,0.018075975447369746,0.0,0.0,0.194384488468231,0.012627105155057453,0.0,0.33273038640505503,0.6298005552542109,0.6580411813564361,0.0,0.5739809359698852,0.6009472430343779,0.4649864645391283,0.6324143101561243,0.6928059199506984,0.2580889551383723,0.6487206942803184,0.30247838506672386,0.4886880004411778,0.1457431430409718,0.5851980362495122,0.3889436578467944,0.38489762717634474,0.28348394854049236,0.5466366765897351,0.6413251623981391,0.47594935835007457,0.5852514944450793,0.7520013138838546,0.3869503938009976,0.5023990299514864,0.52148765557284,0.8851608710481619,0.3797991763671872,0.4996943253590642,0.24400133834784482,0.2985279988257952
0.5474257158020235,0.6165430064069336,0.3880764984165794,0.0,0.5611060717397172,0.48715101097356683,0.6036116599651776,0.45969062232211944,0.5772446120390635,0.6462259706137422,0.42364891010550615,0.5268126896426208,0.7923919788561499,0.0,0.17786675547022374,0.505441390368883,0.6737875418251131,0.6585885774762028,0.3444821990146165,0.5593630069409745,0.4294519040408693,0.5386063197557031,0.3346538942157137,0.40970717922695526,0.5388432401443801,0.5446971304510314,0.25975204049072936,0.0,0.36722914212009694,0.3607214477721571,0.7120801766404703,0.0694082170319431,0.3572052799615504,0.22013349920963432,0.0,0.16183051742078058,0.1731911829484425,0.34946926753098817,0.06353029098252035,0.28790690751898385,0.029591747658585757,0.0,0.2386466045031818,0.2966928885381015,0.0,0.5052502583496864,0.6190188904021248,0.31686886978514395,0.0,0.4781350148075615,0.3329393815132731,0.6365256283639653,0.4490140803892392,0.49757637718732556,0.5138800928395996,0.3848107186810088,0.4206915308645953,0.679657116477887,0.06317446585533877,0.2766076130092494,0.45283239759307414,0.7206247948345925,0.6030418990613127,0.33746319971757677,0.6198839490040107,0.47982308040145816,0.5554154179522152,0.29736951199365924,0.4449110614590793,0.5603423355835473,0.5533340961200277,0.41180878698851203,0.8290658387619326,0.5042482656338384,0.5588688382895035,0.34224551041868806
0.5814895930509834,0.6293678064487649,0.4647182087983222,0.0,0.5756966155233061,0.6530616964283802,0.46523739973017925,0.37783478212812094,0.5914065643070276,0.39463588263602467,0.4730767004445117,0.505773344366493,0.4922033883883557,0.0,0.4658766625730534,0.6232101022626173,0.44891780187469466,0.5890792189005902,0.3974711247809808,0.6857002708914437,0.7306172444476187,0.7221856385456842,0.5130343769512309,0.5004276482692336,0.6439546772003135,0.6212785390798963,0.7399005553785367,0.36722914212009694,0.0,0.5696428070654396,0.5599341196646465,0.25386659063274414,0.1721801168920567,0.018113814154822355,0.0,0.0,0.0,0.2082219503777914,0.2791659181149265,0.24134516468776704,0.0,0.0,0.06350984314500058,0.05676890225876591,0.09681465155282734,0.5630065358737106,0.6840410450023593,0.41985465784421855,0.0,0.38199739875418187,0.5466179846932598,0.4582685029993992,0.4491059858524348,0.5452248974104352,0.36550714289116837,0.45870549300510177,0.3465479847270946,0.4929041211054087,0.03879890973640385,0.5803164833450111,0.6106923399829209,0.48919241319120543,0.4965570209579826,0.42067176165117587,0.656450975523418,0.6786890401624551,0.6460938183529303,0.6237592045897826,0.530639257652784,0.6480301371970649,0.6491224583838473,0.691241829761553,0.4661914789210438,0.6751936105563374,0.35230723141487685,0.4658617290354713
0.40619454901007396,0.3922326119340168,0.5560366841406983,0.0816276861005331,0.31673716750574854,0.4724966747715418,0.047018870772105925,0.38156392646141196,0.4310791658864791,0.13889487942674042,0.6495131908545203,0.4710825961631203,0.3498575439752613,0.14111582980672005,0.3775913475462668,0.3805907406674848,0.2079797655906149,0.3540876457541727,0.6009685987972823,0.7382393409472118,0.4638234939159582,0.6654038423922072,0.3091804750958156,0.4980885088590657,0.3670378718342695,0.4732236486554028,0.518187465736016,0.3607214477721571,0.5696428070654396,0.0,0.41214217367555595,0.3443249933444361,0.0,0.0,0.0,0.11928107627236739,0.1890414766166368,0.2299369786174864,0.3517019823092668,0.07517413257224895,0.0,0.0,0.437355873559623,0.3609242271535723,0.04837866902995669,0.3272092507610346,0.416903053554606,0.5261608965817183,0.0,0.17795628946233033,0.384831110898749,0.25507033034422766,0.5179280960084378,0.3745627311353888,0.167757395107889,0.5007711810221076,0.3826165517064273,0.3378485947717979,0.17319979121596293,0.5331917293046279,0.47203281406966807,0.31381116576231227,0.33839582487427566,0.6262866739570508,0.6493835932163,0.47045995502617194,0.6192666419399412,0.41385672168058407,0.4382224920951538,0.39100316404633906,0.45791035396712976,0.49659569240234314,0.4818255376700132,0.43886408036002583,0.5583856802237723,0.5666196126349147
0.6702224470930602,0.6580563215853944,0.3978612943814358,0.0,0.5294555340037476,0.44634372980631953,0.6793330030519313,0.3779742234225692,0.5854396479909969,0.7754813867512556,0.3831762161324914,0.5507437054136229,0.5725605881833786,0.0,0.3702364566845596,0.7482117851064687,0.7512980329940686,0.7455701618019582,0.29857172657842845,0.6446509839756713,0.5662339895896475,0.6921999491313913,0.3454498051051631,0.5319790100910318,0.6986943242685678,0.6088011952065084,0.40223812087228816,0.7120801766404703,0.5599341196646465,0.41214217367555595,0.0,0.2485393636335325,0.4250046678331425,0.316384186968424,0.0,0.0,0.012557582920373594,0.36610805791395545,0.20253733168017338,0.3734470399658847,0.04714724064486546,0.0,0.006422243050363513,0.17039198559641663,0.06815309326274344,0.5755612957120709,0.6804205250919518,0.19825370135870443,0.0,0.5077485299448417,0.32047399104080354,0.6973615865522502,0.39857197802195193,0.4326523826304759,0.6554835030270727,0.32650512170696766,0.41148671674895204,0.5567045813829055,0.15832658448593595,0.4995861295076007,0.6224545034945121,0.7134920828059983,0.6164979226486491,0.2882584009353559,0.6706900538781058,0.5706609802548215,0.6210795231316824,0.4070199802721546,0.5710723589909525,0.7040454513512091,0.6253362271919132,0.45720737366897257,0.6774923400569581,0.5633976545665207,0.43496688710966236,0.5003920035882286
