0.0,0.2089242470574679,0.0,0.0,0.0,0.0,0.04017138616087215,0.0,0.07665102867613358,0.2787495480244825,0.0,-0.006682617350809855,0.04118013612614521,0.0,0.28489896012269456,0.42659298784771754,0.42406209679995255,0.2553312994475756,0.0,0.14481487459674647,0.3874231574894506,0.1604014837204929,0.026035057259398003,0.20005892797089056,0.38889339966348563,0.3234945113188137,0.12939206593886934,0.07555167499179921,0.14956625236750315,0.08953087577395782,0.31599728078947265,0.23546657141818986,0.29617868894821936,0.19616473991783687,0.11374181723236759,0.0,0.09162252821148295,-0.008999414867757155,0.35029676644917895,0.3675159761167622,0.2922991618502292,0.0,0.3533509826030985,0.3361841923649428,0.0,0.7874899519366839,0.24590470697574826,0.22910657486123462,0.29997230335801517,0.38956240490919797,0.22106712612489304,0.31191270090513235,0.035124393889604755,0.18331210863793723,0.1407723646583546,0.1314346787480606,0.0,0.08866275629036299,0.16747150538027578,0.0704299349812319,0.5622148400640573,0.3312344735828683,0.510468078155881,0.0,0.41197045229970797,0.462714842856477,0.574139156358733,0.09567544123033966,0.3443620196129724,0.469968593383539,0.4963268929775248,0.24533768970438283,0.5637485281250976,0.5087855458376972,0.48803500463933847,0.5953680165191759
0.2089242470574679,0.0,0.23939975386083792,0.15463106011851804,0.15254400488541076,0.6217353296348694,0.5097464963476569,0.22034545190457488,0.11774602026387718,0.6174358402672158,0.022758358778627502,0.3048225243492704,0.473334976157896,0.0,0.3682345406664183,0.5960746409758466,0.5808681315710702,0.44417258957142314,0.30616066870762054,0.405116381251309,0.3705338065707069,0.4822145215439587,0.3005237414894323,0.1661995904473207,0.8161471956933629,0.7121127409945032,0.4436088775465933,0.3413601898825001,0.3068060091708952,0.28071438562097895,0.20638624190687568,0.27904631285717835,0.2986975559209809,0.07510418314171072,0.0,0.0,0.0,0.06402370354182732,0.24994530394335218,0.33489529452512923,0.25147421935654435,0.0,0.04880143995005341,0.06665264348998486,0.0,0.28521810842084827,0.7637256567815863,0.35748288886419266,0.08283915128394598,0.16384835465352166,0.5290734103591669,0.41935071253241907,0.3633016039308186,0.20769730579646137,0.4377443937424521,0.27466935346111354,0.3250120191496472,0.3986229592966218,0.0,0.30966132078219283,0.23302090703366007,0.5824683145341873,0.3278463529573474,0.20991183418293258,0.4665670192888969,0.3291399697629077,0.4001016396175688,0.2953440176768129,0.16051400854996922,0.5899385693805513,0.5351771525991197,0.5044311457062233,0.3222442996060422,0.13957084794785102,0.2994870336574828,0.23565081186451595
0.0,0.23939975386083792,0.0,0.23163174596688563,0.2293216869241042,0.47593137479596626,0.43287977883966383,0.23311326139010558,0.24872085646261455,0.1808898083232654,0.35064347710383625,0.29676154740750754,0.44185108211484353,0.0,0.29872460701919595,0.3356458624262903,0.22786230858071027,0.41388082371672064,0.5920222307608287,0.40661186546227335,0.20710007217182086,0.35711073942683474,0.4855040489988096,0.0,0.3252811083435586,0.3234236516566267,0.393311592163323,0.44620950484948996,0.37949002776561946,0.3087577485352859,0.010594278450702821,0.16421845016245526,0.07886585660467801,0.0,0.0,0.0,0.0,0.0,0.0,0.0,0.30809805129433815,0.0,0.0,0.0,0.08505805723531366,0.0,0.3057437025066801,0.44715028364685366,0.043209124678533245,0.17104347408514745,0.46729917341070226,0.383300893432004,0.28927688267347745,0.28761985087581354,0.2759334650418799,0.2786556283829905,0.283261040783979,0.47482109614988566,0.0,0.36700624425114203,0.19547063674632326,0.12538650632369566,0.03336448054955518,0.5424384392246344,0.5051345260574548,0.16430182644284974,0.390262745071689,0.3764931134522736,0.0,0.0,0.1178460831073567,0.4260933635190553,0.07086425963505766,0.3331192397648111,0.1606683483127084,0.17786891399650853
0.0,0.15463106011851804,0.23163174596688563,0.0,0.4501529578623405,0.22056673588575518,0.6466498486610379,0.19851204080400472,0.3093936657062065,0.02927933228560095,0.3747458121264051,0.0875786815027492,0.371308549683607,0.0,0.11106480614401626,0.13573390740297014,0.0,0.06608623294248464,0.2828558459690528,0.3487722143700791,0.1626647822801137,0.3439882599595603,0.12615869050256254,0.044598277782813917,0.1431811142892082,0.20820110913212286,0.26668195410229745,0.3532017982898593,0.3142706955338157,0.3884214578346087,0.2840666174868961,0.23771489814197755,0.24301125341461266,0.16161545952120307,0.0,0.0,0.1692462002430371,0.0,0.08270847801322989,0.10111334781550042,0.014452357058570744,0.0,0.0,0.0,0.0,0.038563865827356034,0.1470267374654705,0.15297167924143967,0.3718541817467925,0.21911579368107503,0.10206090055645904,0.3155792475079349,0.22723806772562627,0.30725562785731236,0.0683810140459712,0.23941737936343077,0.08708745023402381,0.3236092788954993,0.0,0.0,0.0,0.0,0.0,0.1577685668310636,0.18940471337934633,0.2071222397184259,0.09171805934713077,0.12389271971276694,0.026368006140144992,0.0,0.15707400670839589,0.12922530813492114,0.10352414853945932,0.05199380665531107,0.0,0.0
0.0,0.15254400488541076,0.2293216869241042,0.4501529578623405,0.0,0.13368890667287114,0.5905265195474084,0.13754518787481332,0.20580379656924147,0.026252457998447,0.3769076530713099,0.036705652666199795,0.5051583791426966,0.08471074326547967,0.04156443831732026,0.08105776901759731,0.0,0.09207024225926563,0.29727770041607715,0.3499801761898926,0.12455373619540239,0.33863177867082883,0.026633729348004564,0.0,0.15535005391137924,0.08519645687472349,0.20720494744050155,0.17575476724394784,0.3064406249604254,0.32680842951094535,0.2022833427858328,0.13174921506536474,0.26335738313815543,0.19511597891037225,0.0,0.01868317207851164,0.12336725228006694,0.030789987821496334,0.0,0.15296735970902045,0.012933220810579557,0.0,0.05406441592275446,0.0,0.026843880232899436,0.0,0.17401867955276218,0.13717819321689306,0.31615716201373534,0.3217608420048989,0.08437566081888911,0.25401095407121554,0.18691157744354725,0.16683256303699234,0.16949952800823798,0.2951307552779872,0.11850403996621027,0.31825076329564694,0.09132652016861928,-0.0023284388942819145,0.0,0.0,0.0,0.2483072923940416,0.21188691481130023,0.1789265915324983,0.18885615560064736,-0.00328486699438324,0.0,0.03954977566682047,0.0392332446636221,0.11038961334909708,0.047070358054107364,0.1295433545047929,0.0,-0.0009652982306296853
0.0,0.6217353296348694,0.47593137479596626,0.22056673588575518,0.13368890667287114,0.0,0.4658247129488552,0.5502555277268739,0.314486880835273,0.42754105992972496,0.3028865887925906,0.4575595497426817,0.5274937797293809,0.0,0.33854349566069075,0.4229952368262789,0.3691744149323936,0.3993135040398867,0.47901915119048977,0.41748584393650257,0.2804395761043654,0.4070891866781848,0.7179438083408359,0.20301507942061583,0.5050066857172497,0.5966930597163547,0.6125156225981528,0.3037443820778829,0.3974843988912651,0.31486834446738676,0.055267787852389116,0.14122370897262898,0.1491669974416123,0.09782624928335526,0.0,0.0,0.0,-0.0021946447485438614,0.08342079808568578,0.19873352436425878,0.11342787769549734,0.0,0.0,0.0,0.02844050060633614,0.0,0.48827123861946153,0.39118686326193913,0.0,0.0,0.542378025023758,0.18857831944358117,0.5193252665124318,0.3341939522166265,0.23758478294119287,0.31139260540076247,0.4662664596654662,0.35410686557187543,0.0,0.30099667786984724,0.0,0.32597414224644233,0.03924791220139523,0.46676782499279257,0.3230240020852237,0.18831261317318082,0.16457365960032877,0.5593743062095368,0.11363684057211487,0.1766343724769308,0.33803582770166085,0.44951686914921085,0.027654449102497758,0.0,0.024685609889002702,0.0
0.04017138616087215,0.5097464963476569,0.43287977883966383,0.6466498486610379,0.5905265195474084,0.4658247129488552,0.0,0.31807528900239423,0.40288905517567086,0.4099677382636835,0.47620059048688534,0.3076374731264429,0.624624808616965,0.0,0.3453164716164778,0.4141417740872215,0.27686629515663486,0.30850656336937293,0.5353630626768772,0.612050421854639,0.3751781417107392,0.6576107345232789,0.2570017149095285,0.22088131626113428,0.5135336467047453,0.466889121247157,0.5146863765921341,0.5221095440022465,0.5366156613421913,0.6684717198329322,0.47248144650106694,0.35272605979610894,0.45799073148847874,0.18416075403864918,0.0,0.0,0.010861261656542415,0.07437291196613442,0.2151025560868946,0.254991591820175,0.14288666654799365,0.0,0.0,0.0,0.0,0.17583954629577572,0.4979601807803783,0.4250914515898631,0.3219558934827219,0.34215709502385944,0.40083581623287523,0.517994819746464,0.47323003477359654,0.45075699411424264,0.46730765392248885,0.4374471473561176,0.3171365893379387,0.5493202559841311,0.0,0.2827864423290375,0.11218328973832344,0.28055869540468137,0.10525354584321107,0.400295349805186,0.4397573439075346,0.4770569399279109,0.34770379182010924,0.30111517003680355,0.1680010219420723,0.27085077433803795,0.40844827129953554,0.3626185510711709,0.2558996699507749,0.1990942500750934,0.0,0.15598527966730094
0.0,0.22034545190457488,0.23311326139010558,0.19851204080400472,0.13754518787481332,0.5502555277268739,0.31807528900239423,0.0,0.3474720051875272,0.2850999054411841,0.4298198576168435,0.5403007323689424,0.34288137317236966,0.0,0.13443921935340242,0.14855387855243044,0.14721657805289445,0.05065619553706155,0.3999179818647398,0.34070461284334674,0.3887838050739272,0.3113880836095209,0.7532585371399932,0.4211757581928991,0.1685225526712286,0.47075421027188546,0.3191113034345177,0.19287932971198213,0.08088141743513086,0.27138927291952925,0.10773382551782476,0.18426085237579928,0.28647556985795863,0.17882860929969896,0.0,0.0,0.0,0.17197864078824704,0.1994363089336575,0.2784637615628964,0.0,0.016419451783522148,0.0,0.0,0.20153088467245941,0.032248543385536524,0.1929966206863586,0.19790024683836568,0.05928646999317157,0.0,0.35155257043550214,0.12336607766226289,0.7223567994226244,0.3878992062929765,0.24335782876626866,0.33071039317209294,0.45522292151839494,0.25413124066723025,0.0,0.1592984957334767,0.0,0.11337503127867876,0.0,0.3489873220332594,0.24380961610317511,0.28516512750545087,0.0630399798935373,0.5745840573062889,0.32003435303863603,0.05679151084465672,0.34568592924831554,0.24039090970645588,0.04519886766333417,0.0,0.0,0.0
0.07665102867613358,0.11774602026387718,0.24872085646261455,0.3093936657062065,0.20580379656924147,0.314486880835273,0.40288905517567086,0.3474720051875272,0.0,0.2402060210651466,0.5226818830459872,0.23222903035317832,0.3658553732528206,0.0,0.0,0.15883827348607873,0.2629015294767987,0.10424315019967187,0.13933170353405472,0.040316972139043394,0.10404062089286245,0.04210277296648779,0.24585492135451445,0.09390368242113505,0.14317844056349796,0.24814389721159996,0.40727216221850593,0.08074383315816269,0.0,0.10843078987193444,0.006597266332728113,0.18197784301625541,0.32462321852683695,0.17061758624123435,0.0,0.0,0.09621796860084121,0.0,0.0990704159208751,0.26804647743358084,0.13902643608107979,0.0,0.0,0.0,0.0,0.1843155423659123,0.22021509307528908,0.5020554235139802,0.28350995864724904,0.3773819958862869,0.33812042589714975,0.45308873117197873,0.2741641602523957,0.8673191123199491,0.169481529941165,0.6063197855899584,0.2091405836720965,0.36768678133296634,0.0,0.0,0.07986596314794864,0.17827320719653542,0.07723031382947002,0.13446215252003313,0.2565685523959653,0.0893441463118319,0.13871765457221324,0.19180748743055787,0.10957428990576545,0.16845890410197917,0.25217641293092835,0.4909389791674861,0.2603666194973464,0.07319817970849135,0.0008890757910654801,0.08644657376060493
0.2787495480244825,0.6174358402672158,0.1808898083232654,0.02927933228560095,0.026252457998447,0.42754105992972496,0.4099677382636835,0.2850999054411841,0.2402060210651466,0.0,0.06041503534730386,0.5402100795811333,0.22642373012636757,0.0,0.3849792009742554,0.5196240650518926,0.6864709857215582,0.4304106488205356,0.2420829704406135,0.36275883835015643,0.3796450661092602,0.42238160914899114,0.29024249432617194,0.4343216070156532,0.6954727372080146,0.6065248610002479,0.5089919833721879,0.23519063105227997,0.26212220908785605,0.3786113332253803,0.3701556713536301,0.2456910128459397,0.44138636717638013,0.13962854801879734,0.0,0.0,0.0,0.19567560877784979,0.43353892753900514,0.4044391159440393,0.22403066416959916,0.0,0.12098098772992086,0.12546908740404014,0.14398560237010818,0.3302727700030146,0.49789344427610194,0.49206199905789466,0.0,0.16428682053100369,0.3589742360102105,0.29865663926681735,0.4033680173878264,0.29867868647269297,0.6959061566444629,0.3400618181449021,0.497626618520451,0.20398471710417151,0.0,0.3633700496692994,0.3384835957477247,0.5523556384126945,0.4770086734303696,0.2216820394993507,0.38439415236343055,0.3751108041937205,0.33429413273520464,0.35225622999807776,0.48765246039707255,0.48023753924905427,0.5168710131756005,0.4149262965005394,0.3766747351443486,0.09141246299294944,0.23355130617166853,0.34458701763450983
0.0,0.022758358778627502,0.35064347710383625,0.3747458121264051,0.3769076530713099,0.3028865887925906,0.47620059048688534,0.4298198576168435,0.5226818830459872,0.06041503534730386,0.0,0.21526772045717843,0.3868675960758178,0.0,0.03078208647052394,-0.004059352068567862,0.0,0.0,0.3817748706941943,0.2727162484633285,0.1403186928106455,0.2371461150353282,0.30423138179842535,0.11891121869915974,-0.005457065893194418,0.10957722796701119,0.3342056903330586,0.2262862102412377,0.2041183358354512,0.34245189049214164,0.14359828796686813,0.11673750820446491,0.3389491773003967,0.21133769834446248,0.0,0.0,0.026605865639318813,0.021727174366614282,0.044295432431027106,0.1419927563851242,0.0,0.002462268276696114,0.0,0.0,0.03212772877915743,0.0,0.08782582852505705,0.17491197201375613,0.22180831248384977,0.3513619098127032,0.1807089219073092,0.30334756149129505,0.32280003330600215,0.5086220619558952,0.15288592947813318,0.4993145887551134,0.13099280837242883,0.31063707679246616,0.0,0.019474541370735343,0.0,0.0,0.0,0.2975274501769082,0.1480913078552269,0.13034549981204696,0.06387507484424154,0.16413242490947055,0.03460192784037393,0.0,0.05245446431322079,0.2594563008315275,0.043359457631504006,0.03127050018230365,0.0,0.0
-0.006682617350809855,0.3048225243492704,0.29676154740750754,0.0875786815027492,0.036705652666199795,0.4575595497426817,0.3076374731264429,0.5403007323689424,0.23222903035317832,0.5402100795811333,0.21526772045717843,0.0,0.3943047830772426,0.0,0.09246638054625222,0.3298261377449684,0.4471345177637156,0.38785321905434966,0.36231863631256195,0.26338996548179544,0.22524661089763737,0.30093706597229397,0.4708418977464398,0.28604679515034304,0.35752992390729244,0.6101056750999544,0.2609119722880806,0.3730580362649506,0.07229352315624421,0.1984861199331484,0.09626305975442544,0.19058552282020735,0.20822801268580549,0.07801091047307433,0.0,0.0,0.0,0.0,0.08084743430805874,0.18410725362413968,0.0842051865323696,0.0,0.0,-0.008382198845013372,0.26220066409566994,0.030884944069267548,0.25205871247925404,0.3132254786263428,0.0,0.020876701932099284,0.22575282415524878,0.21282132655747854,0.41862835238069857,0.22091886264444455,0.4577535046200015,0.19713305453559088,0.6394151409808507,0.2891546895267732,0.0,0.2332483946051868,0.11920876987303931,0.2902927431605631,0.20133253567453718,0.3544377287417404,0.3132943935699875,0.11577544212911153,0.18868205292932666,0.3297217010046438,0.28955147153462,0.1069035896589354,0.37429859911811747,0.22199215695554997,0.20366011741237464,0.0,0.041604880700896074,0.17075806572673843
0.04118013612614521,0.473334976157896,0.44185108211484353,0.371308549683607,0.5051583791426966,0.5274937797293809,0.624624808616965,0.34288137317236966,0.3658553732528206,0.22642373012636757,0.3868675960758178,0.3943047830772426,0.0,0.0,0.053149068020191814,0.5113503822346871,0.3986127884461195,0.5575815540349098,0.4285667823603857,0.3220435930736796,0.21349894478816467,0.36580314927846974,0.364624135312474,0.0,0.3932316145162964,0.5542630243660988,0.2626859286849635,0.5952591124315005,0.21447783037029772,0.23865526455304753,0.07705406690267849,0.3143017909200695,0.30524844573359616,0.10846614757757599,0.0,0.0,0.12490512244380077,0.0,0.01466615985674645,0.29158513522176277,0.2562293663685358,0.0,0.0,0.0,0.06632569461566133,0.14353360102581242,0.45470390398208793,0.27421568186532164,0.26934151269325846,0.3269977361914131,0.45633721260211635,0.4823199204410751,0.3242193725298542,0.32252588827285106,0.3136445325416968,0.26284753475167966,0.31028384501843953,0.6955875773385988,0.0,0.034166998624628686,0.2917382003268282,0.44256692939987546,0.2863384199691923,0.2931198901200456,0.5147705623650705,0.161552365979276,0.4491694207877762,0.2357266418730935,0.0,0.22803593698432045,0.41983442223360556,0.4030998329083709,0.40114154835583493,0.2292686414440944,0.13743522379560333,0.21794729438064853
0.0,0.0,0.0,0.0,0.08471074326547967,0.0,0.0,0.0,0.0,0.0,0.0,0.0,0.0,0.0,0.0,0.0,0.0,0.0,0.0,0.0,0.0,0.0,0.0,0.0,0.0,0.0,0.0,0.0,0.0,0.0,0.0,0.0,0.0,0.13392999056760935,0.20540237043857942,0.5140192914289607,0.06055893657288672,0.0,0.0,0.0,0.0,0.0,0.2807900019406384,0.01983885993425695,0.0,0.0,0.0,0.0,0.10636669993906424,0.0,0.0,0.0,0.0,0.0,0.0,0.0,0.0,0.0,0.44696573389369965,0.0,0.0,0.0,0.0,0.0,0.0,0.0,0.0,0.0,0.0,0.0,0.0,0.0,0.0,0.0,0.0,0.0
0.28489896012269456,0.3682345406664183,0.29872460701919595,0.11106480614401626,0.04156443831732026,0.33854349566069075,0.3453164716164778,0.13443921935340242,0.0,0.3849792009742554,0.03078208647052394,0.09246638054625222,0.053149068020191814,0.0,0.0,0.31973789166989264,0.24415956523181348,0.14852274649206948,0.28632823148811637,0.6153575515527139,0.4779297081290896,0.5855745360423171,0.2997806737253798,0.379061943001275,0.3644219038198043,0.30080372182589127,0.5542489973036631,0.2855923469145474,0.638902066293386,0.4753775533757392,0.462135371518822,0.21616308251493827,0.22517287440889533,0.08256800517226513,0.0,0.0,0.019083969931943445,0.16539027623692795,0.27642628424463334,0.13410703697926687,0.07949127009703436,0.0,0.1832774228527899,0.047950908818546654,0.0,0.25797320264415424,0.2936412913068334,0.29940410601198775,0.0,0.08900148579564054,0.2250453962364387,0.04450664622947839,0.30897539121392287,0.08571019480456676,0.25186071482667177,0.19998938733147767,0.11178309600574714,0.0,0.09039836451301647,0.6704038853719965,0.16985827379176904,0.14693594331178653,0.20290997683379108,0.26949813552721147,0.30805431249533965,0.55860376610828,0.3697342727561325,0.3354121614818124,0.3344446314005498,0.19790628709642055,0.2719948232644246,0.1301055116481577,0.13487182640299417,0.2582158381008926,0.1666825673572304,0.17459846692355216
0.42659298784771754,0.5960746409758466,0.3356458624262903,0.13573390740297014,0.08105776901759731,0.4229952368262789,0.4141417740872215,0.14855387855243044,0.15883827348607873,0.5196240650518926,-0.004059352068567862,0.3298261377449684,0.5113503822346871,0.0,0.31973789166989264,0.0,0.6802754650485401,0.7977047738162438,0.23889122886414244,0.4039470202843882,0.34265496889575053,0.5373241155442704,0.27707961047975693,0.13043509154755226,0.6470081422167926,0.710016479062851,0.3979220679251569,0.45940630313641007,0.28433828505604253,0.1628926916826019,0.2575873832854262,0.38668174576685976,0.38531729928707137,0.14223579252001406,0.0,0.0,0.0,0.0,0.2518323022083108,0.35105870986331644,0.4101538727518722,0.0,0.06226226984615123,0.05891101108916834,0.05796512889119823,0.42806287939971965,0.546835403465386,0.37549194372050204,0.16861746773430164,0.2622402340479588,0.487872570516291,0.3839108312742119,0.23354403264019752,0.22125185910999828,0.39929069713657683,0.1446454245259061,0.19931988505692189,0.41975598276034887,0.0,0.2965589957075724,0.6039159568503212,0.5988307580999828,0.5784242750844091,0.1302147151057514,0.6000336826278304,0.3448836483809616,0.6177654220441847,0.3167118129703713,0.2398917337571596,0.44356079412328053,0.609528946198453,0.4627005448954989,0.5299487877493129,0.3466370145421492,0.3427859310742405,0.40776480842656804
0.42406209679995255,0.5808681315710702,0.22786230858071027,0.0,0.0,0.3691744149323936,0.27686629515663486,0.14721657805289445,0.2629015294767987,0.6864709857215582,0.0,0.4471345177637156,0.3986127884461195,0.0,0.24415956523181348,0.6802754650485401,0.0,0.6684456563314348,0.20638006511347484,0.13846482908257707,0.24292017890155176,0.273610863454195,0.2643956604700414,0.1711520710593435,0.6394436184912313,0.6841111207869812,0.3305205539216259,0.3097990447761276,0.07890288007088234,0.10149468860360508,0.11772041429589752,0.37176058799702966,0.2732192103026029,0.0,0.0,0.0,0.0,0.0,0.33242710222779454,0.28608802166007385,0.36150478854512547,0.0,0.09950131147637414,0.13039572451998885,0.09346763454980203,0.40363759758594225,0.5408806662399606,0.44949105242804066,0.07687585005632827,0.172629025422941,0.4931600386273675,0.3994615711999791,0.23602520830692156,0.2527888571647891,0.5516377793920245,0.15653619545937714,0.36900940895345313,0.40390391955700994,0.0,0.26306268663909343,0.6050020470268669,0.7204804036301193,0.6603073407781295,0.1434449720708827,0.5172217802065072,0.23699840118206306,0.5017834481233697,0.3595523746647213,0.3697570670163777,0.4974439368521158,0.6380606201571366,0.5170693984474086,0.5582991354399593,0.21382786901841383,0.30376944823102303,0.45907761528082575
0.2553312994475756,0.44417258957142314,0.41388082371672064,0.06608623294248464,0.09207024225926563,0.3993135040398867,0.30850656336937293,0.05065619553706155,0.10424315019967187,0.4304106488205356,0.0,0.38785321905434966,0.5575815540349098,0.0,0.14852274649206948,0.7977047738162438,0.6684456563314348,0.0,0.25845908914280274,0.2410591850574091,0.08723185035314554,0.38279805424531044,0.2351219422110856,0.0,0.5373142974798285,0.60302189641927,0.2759760536433129,0.49882809449611665,0.18322568523127886,0.06698375990663144,0.11001117894557919,0.3171679892282492,0.1516174516144423,0.0047447409468230894,0.0,0.0,0.0013561941182905213,0.0,0.09275030730872791,0.16000288748142746,0.4129248942049682,0.0,0.0,0.03273673094909832,0.05651451784528637,0.1809567987703651,0.38636111358660175,0.30440144761044285,0.06340005444031982,0.15849901669420086,0.38371492876792607,0.3058660132029262,0.08403871108240847,0.10136073274365842,0.3168603464486669,0.021844126880960685,0.26350793381836884,0.42582983998493845,0.0,0.19836156024926122,0.5730625590216692,0.5124346247721747,0.5470871309008998,0.194955693848814,0.5037645714969705,0.07197573919880593,0.5159379025379219,0.2511261661710514,0.07065474789005108,0.20402011705008632,0.41891416228200945,0.3878667246108859,0.4407543712785855,0.2644112383243232,0.2600880889795342,0.377791392683139
0.0,0.30616066870762054,0.5920222307608287,0.2828558459690528,0.29727770041607715,0.47901915119048977,0.5353630626768772,0.3999179818647398,0.13933170353405472,0.2420829704406135,0.3817748706941943,0.36231863631256195,0.4285667823603857,0.0,0.28632823148811637,0.23889122886414244,0.20638006511347484,0.25845908914280274,0.0,0.48200387579979204,0.1671420663831535,0.4727529976078789,0.4675079359815221,0.08891832854806697,0.25759504816532564,0.32344104882568103,0.3524802296562397,0.4483149046441118,0.3975815681077152,0.4696913280227779,0.21198798243536066,0.2756458440747209,0.20761146329471514,0.05443362034477667,0.0,0.0,0.0,0.08269409740038947,0.02926283586786471,0.13545463783877804,0.09746298707442379,0.031437660861044714,0.0,0.0,0.10128837197181334,0.0,0.3111404249958366,0.31082493028115427,0.0,0.06826596471722768,0.37680002332438906,0.27861777854984043,0.4600494210797861,0.1966800798251127,0.36198886160088745,0.25281599689835443,0.374521269857614,0.4341309105226887,0.0,0.39255385743396987,0.046993823784065664,0.19125659205028606,0.0457007235601154,0.6862592383928252,0.3276360156325155,0.2751901691300375,0.22744999624113846,0.4270459026296858,0.019455905970875542,4.158179975261023e-06,0.14234042850654133,0.2982413608807799,0.0,0.1270151721408288,0.049313836299648,0.049916124549560126
0.14481487459674647,0.405116381251309,0.40661186546227335,0.3487722143700791,0.3499801761898926,0.41748584393650257,0.612050421854639,0.34070461284334674,0.040316972139043394,0.36275883835015643,0.2727162484633285,0.26338996548179544,0.3220435930736796,0.0,0.6153575515527139,0.4039470202843882,0.13846482908257707,0.2410591850574091,0.48200387579979204,0.0,0.4835127913616767,0.8817922347487166,0.3620832926157029,0.3903893301585146,0.3908441968717371,0.45214926761666446,0.625045559169459,0.4785412426073357,0.7177162773188897,0.6701063251821429,0.5584782912825683,0.31284289227512885,0.3937381385701183,0.2685387435390729,0.0,0.0,0.0,0.24882486074348287,0.1963214326907126,0.2524661859737426,0.05372839246337524,0.0,0.03439525774479987,0.0,0.0,0.17744670421426573,0.329530931324372,0.21308449410732316,0.15036834445843275,0.2313378876646277,0.2147385561098173,0.19116001342129071,0.43845712704481515,0.20018950885962872,0.33249523844522305,0.23467899851582733,0.20744549040909818,0.1452043626763127,0.0,0.4349134052220605,0.04474421556342362,0.1268377983809709,0.04055071633243007,0.3444908592755311,0.4941051671752796,0.5143299236823636,0.4051275605580037,0.3068704517457509,0.2967565193335584,0.11314434282901797,0.3321614605435998,0.12918926943312148,0.1552770127615009,0.2178604813554182,0.09826173758854909,0.10383670076280013
0.3874231574894506,0.3705338065707069,0.20710007217182086,0.1626647822801137,0.12455373619540239,0.2804395761043654,0.3751781417107392,0.3887838050739272,0.10404062089286245,0.3796450661092602,0.1403186928106455,0.22524661089763737,0.21349894478816467,0.0,0.4779297081290896,0.34265496889575053,0.24292017890155176,0.08723185035314554,0.1671420663831535,0.4835127913616767,0.0,0.42703024305295406,0.37792222564086064,0.3448999218854943,0.4473315997888277,0.4272251473259899,0.3256175329038211,0.14735264225948785,0.3898498797932728,0.42831648386753673,0.3711960751269406,0.2699379835076006,0.3918231003176892,0.1871095010029697,0.0,0.0,0.07189245263419192,0.17078927172817365,0.33742847759864547,0.4270015786612614,0.12478179805841935,0.0,0.2073627173609826,0.09268009957011486,0.07523918824510523,0.4501713198058143,0.41897782583792653,0.19971701578266232,0.2735358594084817,0.3575539314899241,0.3658054260354754,0.3644963328546739,0.5149627729298671,0.2688775619747753,0.3046373367488139,0.2478989947869137,0.05298740080550682,0.24632486067732476,0.0,0.27457296274901444,0.22089140697766285,0.23084392535961873,0.1879553283421739,0.14481379833358254,0.4583360346278693,0.7076478158224949,0.4107961679012143,0.35243902120368237,0.3325263325616585,0.4351813659791911,0.4856721131374661,0.2506154648903214,0.32947724318084565,0.4145958322746123,0.2501561230332318,0.2816925827241082
0.1604014837204929,0.4822145215439587,0.35711073942683474,0.3439882599595603,0.33863177867082883,0.4070891866781848,0.6576107345232789,0.3113880836095209,0.04210277296648779,0.42238160914899114,0.2371461150353282,0.30093706597229397,0.36580314927846974,0.0,0.5855745360423171,0.5373241155442704,0.273610863454195,0.38279805424531044,0.4727529976078789,0.8817922347487166,0.42703024305295406,0.0,0.2864676682226693,0.35179894574840703,0.4982907208132672,0.5527607377864467,0.5446758573428069,0.5297057143703842,0.6278470001474284,0.6237345985554098,0.5733186056006754,0.348876073614381,0.46518748812216104,0.30621688227071364,0.0,0.0,0.005923979302024263,0.16617830515622392,0.2998618813523066,0.26199278361069855,0.1757199380825234,0.0,0.05690001976507425,0.0,0.0,0.21410200805801327,0.39898767684849507,0.23285938269208278,0.18744567870367956,0.22440850003677362,0.2688306339923402,0.25980085874035375,0.38700260917838714,0.18014443647204692,0.40001284059926845,0.22198680897778786,0.3104189139546469,0.19860654664490024,0.0,0.4766320432205171,0.1397023669663423,0.22038200474623498,0.15725021529527985,0.3005367129557615,0.48334124743689166,0.5023460497936356,0.46435448294502957,0.30036435284510543,0.288254004721341,0.22414064544381263,0.4197836180410378,0.17444734201937734,0.2191483506404821,0.18161886671478616,0.10946264840218747,0.1710632300056884
0.026035057259398003,0.3005237414894323,0.4855040489988096,0.12615869050256254,0.026633729348004564,0.7179438083408359,0.2570017149095285,0.7532585371399932,0.24585492135451445,0.29024249432617194,0.30423138179842535,0.4708418977464398,0.364624135312474,0.0,0.2997806737253798,0.27707961047975693,0.2643956604700414,0.2351219422110856,0.4675079359815221,0.3620832926157029,0.37792222564086064,0.2864676682226693,0.0,0.27304483488099385,0.28946718377744785,0.5045797849779313,0.5001744534336102,0.23614948793499213,0.27257320440424376,0.22019537826775787,-0.003597233062774624,0.1736091248834894,0.15404523295371128,-0.0037168489478996702,0.0,0.0,0.0,0.0855877097871846,0.08349744375730617,0.15654499953177406,0.051097140009825924,0.02773816088586481,0.0,0.0,0.17109358309558528,0.023604992303360772,0.26111700532694687,0.290587136337183,0.0,0.0,0.5070392573657296,0.14022692198374087,0.6009768837352434,0.2871331051001069,0.20726917111083273,0.27083678514215437,0.4017322246977864,0.3022468253017561,0.0,0.3316219221263068,0.0,0.15676502873513404,0.0,0.3970830247127089,0.3046619558241177,0.2686886109632787,0.1423722241682032,0.7539129594471786,0.21481858627717254,0.005073084986718657,0.2824720674570039,0.3497793953597542,0.037208438604330374,0.04813689440041022,0.024292795074999846,-0.004845225156249605
0.20005892797089056,0.1661995904473207,0.0,0.044598277782813917,0.0,0.20301507942061583,0.22088131626113428,0.4211757581928991,0.09390368242113505,0.4343216070156532,0.11891121869915974,0.28604679515034304,0.0,0.0,0.379061943001275,0.13043509154755226,0.1711520710593435,0.0,0.08891832854806697,0.3903893301585146,0.3448999218854943,0.35179894574840703,0.27304483488099385,0.0,0.2138338435079291,0.3745982937921741,0.3252149828824467,0.09214391752178105,0.22025165039591268,0.41497387409305203,0.4460402012512993,0.1766872087409909,0.4046729218133195,0.21793941361112873,0.0,0.0,0.0,0.36165147480317067,0.42216532545034285,0.3025287333686855,0.0,0.0,0.27847709502490015,0.07060860084619493,0.08300380510831243,0.21796549737068494,0.07722647178078734,0.1495718460831474,0.0,-0.0028148580917156663,-0.019555209352013325,0.0,0.39239095971256055,0.15631760797145777,0.2744716581598927,0.30107429877243314,0.28911574679159213,0.0,0.015200578184753705,0.26101277151445057,0.0,0.05399509018793125,0.027255933889972717,0.1298853322107757,-0.034664157286623976,0.3346435483485265,0.0,0.290069441418828,0.6387470288566743,0.12794449725309884,0.33525737400049554,0.0,0.060855159879664444,0.0,0.0,0.024139081865671208
0.38889339966348563,0.8161471956933629,0.3252811083435586,0.1431811142892082,0.15535005391137924,0.5050066857172497,0.5135336467047453,0.1685225526712286,0.14317844056349796,0.6954727372080146,-0.005457065893194418,0.35752992390729244,0.3932316145162964,0.0,0.3644219038198043,0.6470081422167926,0.6394436184912313,0.5373142974798285,0.25759504816532564,0.3908441968717371,0.4473315997888277,0.4982907208132672,0.28946718377744785,0.2138338435079291,0.0,0.729073865755331,0.47132432232563554,0.27326867876993116,0.33400517637711746,0.34442410589229766,0.26214272810423317,0.2824529491554331,0.3362304712680809,0.09866400966529626,0.0,0.0,0.0,0.05921236961153509,0.2776843490633269,0.3981411074031589,0.40704269991801567,0.0,0.09031390460458474,0.043494893491397124,0.011970176876819727,0.4523377513815883,0.7344861239484957,0.5003764136249125,0.15550235569151444,0.21845029563201035,0.5680401748218182,0.41038233707339233,0.35442654858842515,0.22315272887046353,0.5005710880427408,0.29659342227776864,0.31838549062412014,0.36939441196960077,0.0,0.3302961679476337,0.44468840055502024,0.5638758110359108,0.4611125458871682,0.18006652474078885,0.5588839611916461,0.43916555225524617,0.5369948042392028,0.391577249588281,0.2387390337080829,0.6732461565839868,0.6433843547748425,0.5598673472637791,0.43697987009426714,0.32796982241818307,0.29081716333581753,0.4161594652745195
0.3234945113188137,0.7121127409945032,0.3234236516566267,0.20820110913212286,0.08519645687472349,0.5966930597163547,0.466889121247157,0.47075421027188546,0.24814389721159996,0.6065248610002479,0.10957722796701119,0.6101056750999544,0.5542630243660988,0.0,0.30080372182589127,0.710016479062851,0.6841111207869812,0.60302189641927,0.32344104882568103,0.45214926761666446,0.4272251473259899,0.5527607377864467,0.5045797849779313,0.3745982937921741,0.729073865755331,0.0,0.41737181392510725,0.4497594506809509,0.18068229404465186,0.2786919642016964,0.2195336337777098,0.3590046521461936,0.4070663589541976,0.1586601606930947,0.0,0.0,0.06152713410173026,-0.0029278295840497737,0.2793788243506065,0.4753057317945753,0.2819236738688721,0.0,0.06609066997010035,0.0,0.15446419797101807,0.4068951958490675,0.6181233497188545,0.41697696722579763,0.1352575078178656,0.14376411486656848,0.5569914382953268,0.33528090720827525,0.4801173291581924,0.28925788054075746,0.47392543399121495,0.233859115363609,0.4962418767334571,0.4165299217386004,0.0,0.3091111708888786,0.4075941764774258,0.5879754364031964,0.461451667744222,0.22703802579226584,0.5972539032603293,0.36797147949434833,0.528657730841442,0.48260558047668606,0.4449579339132395,0.47572081850432707,0.8114451358265673,0.4734866379474242,0.4836534288110368,0.14373531791742317,0.22755494452474764,0.29825812261316226
0.12939206593886934,0.4436088775465933,0.393311592163323,0.26668195410229745,0.20720494744050155,0.6125156225981528,0.5146863765921341,0.3191113034345177,0.40727216221850593,0.5089919833721879,0.3342056903330586,0.2609119722880806,0.2626859286849635,0.0,0.5542489973036631,0.3979220679251569,0.3305205539216259,0.2759760536433129,0.3524802296562397,0.625045559169459,0.3256175329038211,0.5446758573428069,0.5001744534336102,0.3252149828824467,0.47132432232563554,0.41737181392510725,0.0,0.17720096680605726,0.6436824071963525,0.4433881852102135,0.36288075545736936,0.3232043767513212,0.37466233888608996,0.17263509312789752,0.0,0.0,0.0,0.09934113888256631,0.21476161564152393,0.238127777800341,0.09127187999404433,0.0,0.012086289375314516,0.0,0.0,0.1784974624170324,0.4030331969896526,0.48217692965493175,0.030311467904764675,0.2187557631236057,0.4377626787014028,0.2510018065213801,0.40095030220089933,0.5122789080920351,0.31507809052849994,0.44370038857342714,0.22436075060690272,0.1610443784366527,0.0,0.4291375631392215,0.10236915045242206,0.19012630208521536,0.12413430849001264,0.3861397464287343,0.3412257389008443,0.3947836073456187,0.23067887700100315,0.5524674859793579,0.22543927462921676,0.17556707976680466,0.30593566341202916,0.5501956295093254,0.09510296530359505,0.16900730701474284,0.0,0.006930929308690187
0.07555167499179921,0.3413601898825001,0.44620950484948996,0.3532017982898593,0.17575476724394784,0.3037443820778829,0.5221095440022465,0.19287932971198213,0.08074383315816269,0.23519063105227997,0.2262862102412377,0.3730580362649506,0.5952591124315005,0.0,0.2855923469145474,0.45940630313641007,0.3097990447761276,0.49882809449611665,0.4483149046441118,0.4785412426073357,0.14735264225948785,0.5297057143703842,0.23614948793499213,0.09214391752178105,0.27326867876993116,0.4497594506809509,0.17720096680605726,0.0,0.29161869212824243,0.4299125625624346,0.31759076927229957,0.30684912359972316,0.21881415051131942,0.08948010352488472,0.0,0.0,0.11739355617859892,0.0,0.07754579190527558,0.027833706774092207,0.2152647522204118,0.0,0.0,0.10497085504626358,0.02604880474566293,0.11785387265141237,0.2725841913582949,0.14639863172438028,0.08785202159599206,0.15428427459357993,0.1888324768167537,0.30414344503342294,0.19797076455792906,0.08790860916149684,0.3022970793156145,0.18092070146970987,0.29306914068505596,0.4552485418858627,0.0,0.23609399665021794,0.27980485585882575,0.294635197109916,0.28887432523707507,0.2747846797509995,0.3853037982718811,0.17074117313568335,0.41855052903522066,0.16360484825731425,0.14769611973156316,0.05806492092129656,0.31258916423429567,0.10109436348263279,0.35157992109538605,0.11484989011006921,0.22569062531689277,0.2836369645559445
0.14956625236750315,0.3068060091708952,0.37949002776561946,0.3142706955338157,0.3064406249604254,0.3974843988912651,0.5366156613421913,0.08088141743513086,0.0,0.26212220908785605,0.2041183358354512,0.07229352315624421,0.21447783037029772,0.0,0.638902066293386,0.28433828505604253,0.07890288007088234,0.18322568523127886,0.3975815681077152,0.7177162773188897,0.3898498797932728,0.6278470001474284,0.27257320440424376,0.22025165039591268,0.33400517637711746,0.18068229404465186,0.6436824071963525,0.29161869212824243,0.0,0.6131402497505559,0.5101028798651611,0.24843617117789416,0.31195923650323,0.11569511317644236,0.0,0.0,0.0,0.1984724263033052,0.10933175502224159,0.07876370044369425,0.04415435534905668,0.0,-0.009505391932536217,0.0,0.0,0.11700704543545654,0.20494551117535034,0.22252219736926887,0.0,0.1918641677316748,0.20905943500362714,0.15824304835898473,0.25325530898680654,0.14956467013678487,0.2101187654171151,0.1787700913133568,0.012869872020991463,0.11277583770799474,0.0,0.48006628734716855,0.15083274743503577,0.04046036027641689,0.10826795590775479,0.3318480395896938,0.29636808507229684,0.4903121255975397,0.28209059522551605,0.29095998693736835,0.07762140000014082,0.041395933295989396,0.1351684183916564,0.18978479962025374,0.0,0.38408900259784395,0.03877748877418333,0.11237759147835227
0.08953087577395782,0.28071438562097895,0.3087577485352859,0.3884214578346087,0.32680842951094535,0.31486834446738676,0.6684717198329322,0.27138927291952925,0.10843078987193444,0.3786113332253803,0.34245189049214164,0.1984861199331484,0.23865526455304753,0.0,0.4753775533757392,0.1628926916826019,0.10149468860360508,0.06698375990663144,0.4696913280227779,0.6701063251821429,0.42831648386753673,0.6237345985554098,0.22019537826775787,0.41497387409305203,0.34442410589229766,0.2786919642016964,0.4433881852102135,0.4299125625624346,0.6131402497505559,0.0,0.6437827443682984,0.26129731862295924,0.4050837003073118,0.12892941685391596,0.0,0.0,0.0,0.284997118473779,0.36883220522127114,0.18962655371145382,0.015599072273008302,0.0,0.04743784515826427,0.0,0.0,0.12492029142485489,0.25247352488833064,0.3055005199611507,0.12397285719773131,0.19733590505356868,0.20317182748788082,0.19631322007270863,0.43872063633884173,0.24441994839016806,0.3235552005085277,0.3430917274093535,0.24241434494118244,0.15438917718401285,0.0,0.3252155112759399,0.0,0.08345976154488652,0.0,0.40988137525176216,0.2767185666206556,0.5177390371840649,0.22752273320068378,0.30327544881036805,0.28136287247579583,0.15499552821369456,0.2540158658179977,0.11933575075695128,0.09025189506614523,0.12895589421013254,0.0,0.13559285532330012
0.31599728078947265,0.20638624190687568,0.010594278450702821,0.2840666174868961,0.2022833427858328,0.055267787852389116,0.47248144650106694,0.10773382551782476,0.006597266332728113,0.3701556713536301,0.14359828796686813,0.09626305975442544,0.07705406690267849,0.0,0.462135371518822,0.2575873832854262,0.11772041429589752,0.11001117894557919,0.21198798243536066,0.5584782912825683,0.3711960751269406,0.5733186056006754,-0.003597233062774624,0.4460402012512993,0.26214272810423317,0.2195336337777098,0.36288075545736936,0.31759076927229957,0.5101028798651611,0.6437827443682984,0.0,0.3985424079100142,0.5184854899007885,0.3154176501303124,0.03751508233490844,0.0,0.0,0.2796608648905444,0.4664138519413926,0.2584282747732141,0.0443835148626886,0.0,0.1566712528849456,0.0731653519436213,0.0,0.2806521651613022,0.14433276005491036,0.11543914348633684,0.1850048201508347,0.2856134911210989,0.028964839170630835,0.1027383329559316,0.20273152853424098,0.1308388158081301,0.2995095155600555,0.1928794341210662,0.058457547458026476,0.0,0.05332307565751988,0.2866045242704127,0.20759131638734593,0.09312079324017872,0.22552138231183472,0.18048977846532696,0.1708105498840353,0.5154882275299204,0.2900695417516126,0.10882867107031938,0.39637498481275596,0.21593889746699746,0.2863964360207928,0.04278140740017658,0.1494093589024166,0.1612922725827795,0.041212937829911256,0.2941718404541323
