0.0,0.0,0.10210775894848081,0.22370363821095168,0.09363760368059623,0.297055367638547,0.0,0.0,0.10437875541101319,0.0,0.0,0.0,0.34579259461835976,0.24884789432910687,0.36013605575082874,0.7274291403572835,0.42996896586316025,0.6956942284300718,0.3323582604337166,0.21866515168645337,0.17107250335035667,0.0,0.2095926550069135,0.16202829752309297,0.39158137801647896,0.3837387207969097,0.26504324458091877,0.21081671114499756,0.3354109031524366,0.0,0.6071208791330919,0.0,0.4393402157672687,0.529889044115745,0.4589792526450328,0.0,0.0,0.0,0.0,0.1596231697108115,0.0,0.2888168952858272,0.0,0.0,0.14157926064819568,0.8722150683460893,0.18010329959861737,0.05888001561876871,0.24769035968685926,0.0,0.3345444999685826,0.25017300665621556,0.0,0.0,0.28685318957757194,0.0,0.060754730738658155,0.20621473442967486,0.0,0.6734974550590069,0.5234488733369779,0.2716457429542294,0.41236061985778777,0.0,0.2854439203395177,0.08088909471804812,0.3442749196827647,0.11176244812480182,0.03222681208488082,0.44123573933151683,0.15583636503796705,0.5598153063518018,0.0,0.0,0.0,0.0
0.0,0.0,0.0,0.0,0.009625059574798561,0.11912593440824454,0.25263717068753244,0.2346437575217286,0.0,0.06406495208072244,0.0,0.21652231692799426,0.34693906416352127,0.0,0.0,0.0,0.0,0.024368677444489784,0.013559952109262363,0.10815730979527555,0.0,0.2806751643144686,0.05906404439796947,0.15940856007112505,0.13482718363227242,0.37138157997903615,0.0,0.0963570143349074,0.0,0.2724541199544824,0.0,0.11524059615742699,0.028190840024264446,0.0,0.0,0.007040543815339917,0.018254066417371054,0.1448652919235707,0.1621753011193106,0.1600249130612556,0.0,0.0,0.09545796261863561,0.03440162411671244,0.0,0.0,0.1908727608678064,0.023650794453976692,0.0,0.0,0.0,0.0,0.15922306997274405,0.0,0.0,0.08999617554359937,0.05367705770281339,0.0,0.14993662436839925,0.0,0.0,0.0,0.0,0.0,0.0,0.0,0.0,0.10827614666336052,0.03147690370454881,0.0,0.04582331670137496,0.0,0.0,0.0,0.004933131810680114,0.0
0.10210775894848081,0.0,0.0,0.0,0.23409587664428066,0.7240934275207486,0.0,0.6680116464710641,0.7368912676972461,0.3620651134780922,0.6037111707134488,0.2565597927179386,0.2384855777031328,0.0,0.34450656041748806,0.0,0.4902327629998939,0.24751415886710704,0.7078618465025689,0.6820506378675496,0.4133895340361747,0.4543928464290762,0.8010385163213773,0.4719019455669924,0.49337883124335935,0.5890353782191182,0.7678480917921,0.23452683245599174,0.45315211865250493,0.36330823705639875,0.0,0.0,0.0,0.0,0.0,0.0,0.0,0.4684053576910052,0.0,0.17062227597255372,0.050773288619208476,0.02640396062821232,0.0,0.0,0.10487978708854098,0.24568017891443905,0.4651656574761282,0.6025194844945575,0.0,0.0,0.7165800247227787,0.03302281551536285,0.5947276448636689,0.40114935182305766,0.2995714026707974,0.08206839428755985,0.28180509514997976,0.25747956682692363,0.0,0.12285433966412185,0.21734001719310164,0.04427247996301972,0.3407545736229412,0.7016520789078212,0.20464082150862822,0.44276414669418623,0.062247788714694996,0.6531001678270084,0.5576108886613927,0.47461683600333693,0.6199016497710791,0.5048545636162145,0.08610121381759245,0.2783756867521541,0.1196485814232573,0.0
0.22370363821095168,0.0,0.0,0.0,0.15379868806160807,0.0,0.1417682014587031,0.0,0.0,0.0,0.0,0.0,0.2398401135150601,0.48579543193575225,0.0,0.2884513496292147,0.04834745134727908,0.21988778787681132,0.0,0.0,0.0,0.0,0.0,0.0,0.0,0.0,0.0,0.2638122434518269,0.0,0.0,0.49160337437428264,0.34128009717787144,0.4137050499145403,0.49750597527205176,0.585054618378175,0.4963300772569244,0.4278215699747887,0.0,0.21410985433536844,0.08578614912674058,0.0,0.09750825816134492,0.21330626170053701,0.13306743917191413,0.0,0.15124603700756528,0.0,0.0,0.6014397756975489,0.10168864857234373,0.0,0.20612389660671132,0.0,0.0,0.07272249281945352,0.26700632323158974,0.0,0.06604765565962663,0.35061576901336233,0.23468279762683314,0.0,0.1115528907605989,0.0,0.0,0.0,0.0,0.0,0.0,0.0,0.0,0.0,0.0,0.032870009062801145,0.0,0.0,0.0
0.09363760368059623,0.009625059574798561,0.23409587664428066,0.15379868806160807,0.0,0.1804542648683097,0.7691316378297599,0.35206419540955297,0.598619317251206,0.4856055295907434,0.7563545724457663,0.19555593436145186,0.4136721039596363,0.5394100807163897,0.08427301706439749,0.1843935418189738,0.5644846400075814,0.2850234963396004,0.056563260816160255,0.321712763417497,0.23306034544168897,0.4598059326382601,0.11914957853886998,0.0,0.3269127366164475,0.07995160320326983,0.23045917574516134,0.7362887224153063,0.37497673146822014,0.5575265777109231,0.3995951100987404,0.2737471166925921,0.0,0.14920991465856429,0.061451607421240284,0.0,0.0,0.0,0.41109858278895856,0.41295009684991313,0.0,0.0073706966629468115,0.48359382803824247,0.21869175345352498,0.0,0.23810563101509757,0.034226252002188706,0.3839419429987407,0.27506432126708313,0.5940367427000248,0.26323571921177913,0.5322297716869226,0.5152237719467458,0.47753114582133915,0.4836365369855103,0.6275794333701334,0.11394523673544658,0.5627635634048267,0.5445919910252361,0.0,0.26594626131133964,0.3279061980892778,0.43349651097590547,0.33029561924790607,0.10032621940852854,0.3284563993761318,0.07049551690301084,0.2074021834404649,0.2115301168606789,0.09529129780607214,0.10439741738850965,0.0,0.5202505286263931,0.13262471242631135,0.15772900322856706,0.07913351271449018
0.297055367638547,0.11912593440824454,0.7240934275207486,0.0,0.1804542648683097,0.0,0.032939345476910575,0.5696559409668153,0.6420528582951166,0.25087909561587896,0.3698209707687944,0.24234607865799826,0.44532222914584446,0.0,0.3906029814580611,0.06730434396614574,0.525063929390966,0.4012618575053698,0.5765538133908741,0.6900294389478496,0.47286155859357976,0.323456895045221,0.8381490833010752,0.486747717275759,0.6023527691761374,0.7233545589101125,0.8204869477189422,0.2630521352489259,0.5993169178740553,0.3245630623233505,0.020335183162258408,0.0,0.0,0.0,0.0,0.0,0.0,0.2702709310369052,0.0,0.11542879945411183,0.0,0.06618929843638177,0.0,0.0,0.03017604491671727,0.3768947145277749,0.5596227135312958,0.433597023677126,0.0,0.0,0.6939348333066178,0.11750070299070858,0.4781358961054185,0.19352792234344596,0.2666964608417394,0.0,0.26088712190375984,0.2511763618066224,0.0,0.2309549599262249,0.28780185378564,0.05613634542369672,0.29213563005284243,0.4610945440528475,0.15337981768081843,0.4188170831193004,0.08412139742738056,0.6413655612311224,0.45974799241525416,0.5693691626081712,0.6592846234310458,0.6225399462989811,0.0,0.07263616788447916,0.0,0.0
0.0,0.25263717068753244,0.0,0.1417682014587031,0.7691316378297599,0.032939345476910575,0.0,0.33885636771408356,0.3060864241590342,0.5871863359744711,0.5781730062573973,0.36964805825405955,0.42020238008144983,0.3829026867704749,0.0,0.0,0.2681108097070584,0.0,0.0,0.17919717969499285,0.22830332869259767,0.6130737854677509,0.0,0.0,0.20086720207905753,0.0,0.04526602408746222,0.5701404993330887,0.185210799662931,0.5371834401869391,0.12169146620551308,0.37187095099493905,0.0,0.0,0.0,0.0,0.19155439921823317,0.010393544188677023,0.6136876778095727,0.3173445757995499,0.08035472162026425,0.0,0.5093984580799163,0.35914213769920234,0.0,0.0,0.09725364693586766,0.17644244912111134,0.26421486052875176,0.6522386433291749,0.031413884123327684,0.4395749692377994,0.5325516262047938,0.4458559228720492,0.33594722491560075,0.543216946182645,0.17972859453065396,0.4360173397779275,0.5832001147610287,0.0,0.0,0.2091196721584971,0.13003764002601748,0.1722397471699182,0.07291909950352507,0.32358930873535313,0.0664805338425366,0.15260610249621265,0.15850423510408576,0.0,0.09301463930756565,0.0,0.4404167429064571,0.2176478665885501,0.29182903358631906,0.0916566355412205
0.0,0.2346437575217286,0.6680116464710641,0.0,0.35206419540955297,0.5696559409668153,0.33885636771408356,0.0,0.4839413016135491,0.3006737847802572,0.6146388621720267,0.37148655092566674,0.4315269402642848,0.0,0.36982773628565474,0.0,0.34872819393720034,0.08636552061094276,0.34858437467867964,0.5908587115582089,0.4411604937553145,0.5380710849007937,0.67646812885868,0.3933554888291541,0.18333918886783948,0.3127189848770758,0.4201006105346128,0.2879170147540165,0.4063106754269684,0.4729970200379237,0.0,0.0,0.0,0.0,0.0,0.0,0.0,0.39859252017273683,0.1485777897242696,0.38208637811169643,0.0,0.0,0.23389077342087577,0.0,0.0,0.0,0.21935432159632423,0.3553795636884326,0.0,0.25084504970804017,0.4590301381110412,0.19076603820254412,0.831489782669581,0.5311388085458391,0.17519295810680358,0.3357611731927561,0.238470340606445,0.43136606782420345,0.1331915861334058,0.0,0.0,0.0,0.013506745351020533,0.4809545778182292,0.14083953062254786,0.40686760469318417,0.0,0.4764277489748502,0.3816017693130789,0.018140488714169484,0.3155312315092948,0.11086866385852229,0.0807817467965617,0.04530665544738498,0.0,0.0
0.10437875541101319,0.0,0.7368912676972461,0.0,0.598619317251206,0.6420528582951166,0.3060864241590342,0.4839413016135491,0.0,0.5645739470903899,0.7873084774497099,0.33823408064637095,0.35898497694586995,0.17224799464131957,0.13996667156334114,0.011148053369584549,0.6591783167343555,0.3837590402243476,0.5279001618717524,0.5634350891963105,0.1918185224759789,0.4744377332824343,0.5184972958468704,0.42961720472213083,0.636279405479856,0.5754818396074054,0.6738180563216587,0.5184367896629354,0.3827164678187376,0.41631948110663747,0.06328656607873051,0.0,0.0,0.0,0.0,0.0,0.0,0.25003978193115106,0.0,0.15466471891288158,0.08754186181097033,0.05078678133766926,0.019106454943160822,0.0,0.04416885784781116,0.19386291002287376,0.30283808518885424,0.6795755626623079,0.0,0.2936123993109283,0.672214283692973,0.31269139118853206,0.615558274851212,0.5978635360116626,0.5303099052916467,0.3198378082419628,0.3345414558091562,0.4589718578387908,0.0022871364180963583,0.0,0.35283340013818276,0.32196111199540534,0.539732134700494,0.7357934067296096,0.018733386776607797,0.2932994094599706,0.0,0.5548865044855331,0.6405695327954575,0.5223895043519373,0.5759637992660738,0.37208375095835566,0.3403156013570431,0.12849107827650272,0.1979838167132529,0.08901481183074102
0.0,0.06406495208072244,0.3620651134780922,0.0,0.4856055295907434,0.25087909561587896,0.5871863359744711,0.3006737847802572,0.5645739470903899,0.0,0.5375302139334415,0.7710165756112999,0.4225335396506188,0.28242407179056145,0.0,0.0,0.5025851319603651,0.0,0.24576575033552678,0.17101891441458236,0.0,0.49160058021039066,0.22718539605446275,0.37319982081878034,0.5595303172705235,0.4620636594827694,0.2769928867402144,0.5018410785131332,0.0,0.3312496330435849,0.0,0.0,0.0,0.0,0.0,0.0,0.02306436401331058,0.3732316655410417,0.1904456390340222,0.02364471453239944,0.40133961109987226,0.0,0.14649219869076677,0.31732966503632454,0.06528481310889636,0.0,0.2867506077951223,0.5773136245868176,0.0,0.37398992411725607,0.34444556935252735,0.1761275152244955,0.6109548886620648,0.3545168929683974,0.6708642003182614,0.31848019940625255,0.6916269663423255,0.3024646767846068,0.2749501664868957,0.0,0.0986014589822794,0.5635163692104759,0.4671204986831263,0.6182104165911246,0.0,0.11330338227318146,0.0,0.5102857108157608,0.6913973620164615,0.30752331220958773,0.46747786436648164,0.04259696658465953,0.5267930623035222,0.283428134053738,0.6167399046287033,0.48244567476671074
0.0,0.0,0.6037111707134488,0.0,0.7563545724457663,0.3698209707687944,0.5781730062573973,0.6146388621720267,0.7873084774497099,0.5375302139334415,0.0,0.26421278174430046,0.27601901225230124,0.2343256560179805,0.044857874069720194,0.0,0.5801940040408662,0.12405057907012391,0.24537240385579007,0.5217631643033263,0.2617208874450607,0.6375943174952421,0.33809969572593074,0.16217412547538226,0.3520147868304804,0.2154783674194659,0.4054708316158024,0.606922397825788,0.3795546456213061,0.6225296698232741,0.11733968988664582,0.06857224348001809,0.0,0.0,0.0,0.0,0.0,0.15597466209177657,0.3235561328309346,0.3124048510010215,0.03556363078788147,0.0,0.4635717100362281,0.12416724183916672,0.0,0.0,0.10536200687465172,0.4883334017687051,0.0016221716119347446,0.5525831607847149,0.4251237399109822,0.3449304844131308,0.7109280549455248,0.6899301687367948,0.4172003895054729,0.660468871487442,0.15600343143425405,0.5390373785117619,0.3113187410387708,0.0,0.15499676405980134,0.21256011027535107,0.3147865373379048,0.6623057654749681,0.043056217625755955,0.3667110929568247,0.0,0.3427126408322948,0.4472343033473224,0.13587579274515912,0.2827329122312902,0.0009890922422852166,0.4653000349489186,0.13391631682671662,0.20400782028710399,0.0
0.0,0.21652231692799426,0.2565597927179386,0.0,0.19555593436145186,0.24234607865799826,0.36964805825405955,0.37148655092566674,0.33823408064637095,0.7710165756112999,0.26421278174430046,0.0,0.5570677148955255,0.2187239688559974,0.0,0.0,0.2662809342211082,0.041673255327738856,0.26513453973992185,0.00430602971460653,0.0,0.2950016129861007,0.20176237468710428,0.613698533672809,0.34336788278530594,0.4547221432785413,0.0597564208165427,0.3094600110334554,0.0,0.16794968525400333,0.0,0.0,0.0,0.0,0.0,0.10681365347202446,0.2044532613413547,0.480360383167597,0.12020400346003313,0.046426692792309904,0.5161630103091721,0.0,0.038360252321640004,0.392994193068746,0.1289263769576537,0.0,0.1690632249160163,0.4878944365389397,0.0,0.2386537681431929,0.22279732978612293,0.028305638198167393,0.5467785692753793,0.2508980774323175,0.513322033102458,0.1745524253005096,0.8871157078020987,0.18975755040417158,0.21060396025903202,0.0,0.0,0.5118499947916542,0.3276193286285969,0.48143693753128636,0.0,0.0,0.0,0.3415297528609915,0.7113347622106763,0.1562058228764492,0.41467275556827526,0.0,0.4152439002470487,0.04159381051564552,0.5549653537093524,0.47898383720901944
0.34579259461835976,0.34693906416352127,0.2384855777031328,0.2398401135150601,0.4136721039596363,0.44532222914584446,0.42020238008144983,0.4315269402642848,0.35898497694586995,0.4225335396506188,0.27601901225230124,0.5570677148955255,0.0,0.4031675530169987,0.12313495054776968,0.36301970312123427,0.5475097596191022,0.52123263847851,0.3853882939388131,0.27324135523355647,0.16977889133655283,0.19509965218765676,0.30816520318472423,0.46808598830027937,0.43698366367076324,0.4913132833557843,0.21835015516622927,0.6069086287316021,0.15051243120394275,0.3091942511280267,0.3256623677180262,0.10025859241511625,0.21853919460546714,0.1790439209207852,0.10460643465157704,0.09517647283148603,0.07327871830952074,0.17217931539803646,0.12125989546307743,0.3377348665545882,0.14531934230362378,0.11778074645826499,0.08190373109633571,0.10678743516220546,0.10963095415351332,0.31286915065580434,0.18210681332854153,0.43534258855515456,0.17800614796470418,0.14906325036611348,0.35885821485158137,0.2805599406739905,0.43859159874631337,0.12168521970519514,0.5280354126024895,0.28268931641859685,0.5382668413475105,0.44874593367117876,0.3085754636129841,0.1029681108911242,0.15033159378792246,0.47048198916461703,0.40050619870101095,0.19499992885688142,0.10792828015342984,0.15384745395821992,0.05415125370356888,0.33778744913114783,0.4097788245100794,0.18576902435600756,0.25385093558623684,0.2286413357187179,0.31943782868281156,0.0,0.1009309618704003,0.1937044074003277
0.24884789432910687,0.0,0.0,0.48579543193575225,0.5394100807163897,0.0,0.3829026867704749,0.0,0.17224799464131957,0.28242407179056145,0.2343256560179805,0.2187239688559974,0.4031675530169987,0.0,0.0,0.45080731287174886,0.39032348514071924,0.30827818510551697,0.0,0.0,0.0,0.0,0.0,0.010353199667451435,0.23035704800262302,0.03774836073273638,0.0,0.48141829571393807,0.0,0.0,0.5057934026042326,0.5041979469967733,0.23500055814703613,0.3773752520609102,0.4979815854355091,0.2178212041752301,0.30562287392357246,0.0,0.41827988550561335,0.17130369635677833,0.04397945970028987,0.17569855031149234,0.16928135308933312,0.4113529167705354,0.0,0.21960243909171973,0.0,0.20419422029211645,0.48868399703790405,0.3993718488578852,0.11410743955149384,0.46652895592357735,0.12036038821713425,0.10085430413077036,0.5182601014762243,0.37337349400979464,0.22861950516936708,0.37723215467000437,0.5984584477267927,0.09889024237559242,0.2762808748929532,0.5610346839799103,0.3416061641124438,0.0,0.025566292566494245,0.0,0.008219815516688864,0.0,0.16554399974547146,0.04680904699629712,0.0,0.0,0.40526901073115595,0.0,0.04504966115333518,0.2763929875835354
0.36013605575082874,0.0,0.34450656041748806,0.0,0.08427301706439749,0.3906029814580611,0.0,0.36982773628565474,0.13996667156334114,0.0,0.044857874069720194,0.0,0.12313495054776968,0.0,0.0,0.32152596566370756,0.21750125133442919,0.29304104462676706,0.09471784982632558,0.492052760831566,0.6267282263956017,0.21885679494496318,0.5373515968633505,0.06298615173097734,0.11194291784358507,0.18343633297235265,0.4722420565769745,0.0,0.6124854728066926,0.13607328694538848,0.2479158104440531,0.0,0.2357764522584645,0.28513854330509636,0.15214173607359208,0.0,0.0,0.0,0.0,0.3087007128076906,0.0,0.05362547359362704,0.0,0.0,0.0,0.5099158344328408,0.308831148470377,0.0,0.16646399653693178,0.0,0.262974648492675,0.3922905229868913,0.08697330001557013,0.11614742605747613,0.03301609514792597,0.0,0.0,0.3383000334498186,0.0,0.6437142125788524,0.42487542075823537,0.0,0.09680880054095192,0.0,0.5385704636755837,0.47460603005285507,0.550726834190634,0.1775943549261667,0.0,0.2875128586379405,0.2566542869038319,0.4209657181543704,0.0,0.19542056765575455,0.0,0.0
0.7274291403572835,0.0,0.0,0.2884513496292147,0.1843935418189738,0.06730434396614574,0.0,0.0,0.011148053369584549,0.0,0.0,0.0,0.36301970312123427,0.45080731287174886,0.32152596566370756,0.0,0.4120025239120404,0.7751175299857653,0.13247890969533058,0.10580466988254494,0.04988422245890545,0.0,0.0,0.09755820478844932,0.22330985311626977,0.1855690551455362,0.005016828298612719,0.20024464287553911,0.2179617155145847,0.0,0.7079310093331046,0.23032111895896795,0.5639238615141478,0.745443400203978,0.5795233770079178,0.07752134005292874,0.0,0.0,0.0,0.25394715931144285,0.0,0.3353515843520328,0.0,0.0,0.14465501112249912,0.5884885723463219,0.0,0.07124843467700442,0.3344534834569597,0.0,0.17348614992298333,0.31020010481947974,0.0,0.0,0.23543360601727661,0.0,0.0,0.2547455585213321,0.14787186117786724,0.47860621805677983,0.4537411037602395,0.33571611589030614,0.3813787256629556,0.0,0.19029572544654907,0.0,0.2197217277094412,0.0,0.0,0.1523264131898436,0.0,0.24830095182173664,0.03377550153977116,0.0,0.0,0.05996593120282706
0.42996896586316025,0.0,0.4902327629998939,0.04834745134727908,0.5644846400075814,0.525063929390966,0.2681108097070584,0.34872819393720034,0.6591783167343555,0.5025851319603651,0.5801940040408662,0.2662809342211082,0.5475097596191022,0.39032348514071924,0.21750125133442919,0.4120025239120404,0.0,0.7054635090256082,0.4370227493971804,0.5130300886827182,0.29726167942416604,0.18748623218535249,0.38884282514122753,0.3338551903134153,0.681899278440312,0.5833025209717593,0.5189179141956465,0.6593774558120221,0.4147244188024964,0.25420253718321245,0.5367269719605948,0.0,0.07686713844964121,0.27725089797791413,0.15543525486805987,0.0,0.0,0.0,0.0,0.25437627858514716,0.0,0.16434664241354535,0.11799601641592261,0.0,0.05302844463992257,0.5048142703070682,0.17917193115447969,0.37026916910354574,0.1756985476182614,0.1979172281969147,0.5238512642690315,0.4748529678658032,0.3678688516222185,0.21888162817432963,0.7170210728299353,0.2617210636589338,0.32146179539685876,0.5810252410392728,0.14399929789704483,0.23084965110862743,0.5135964786910654,0.5883814400036159,0.646021014018052,0.3762006691453094,0.1372300022099185,0.26467746094491273,0.011830114217569798,0.30058490791943493,0.49471233980612184,0.4943852586509339,0.34670996189370523,0.42189785770225796,0.38401051112714085,0.0,0.0,0.0
0.6956942284300718,0.024368677444489784,0.24751415886710704,0.21988778787681132,0.2850234963396004,0.4012618575053698,0.0,0.08636552061094276,0.3837590402243476,0.0,0.12405057907012391,0.041673255327738856,0.52123263847851,0.30827818510551697,0.29304104462676706,0.7751175299857653,0.7054635090256082,0.0,0.4697889652183548,0.3182871592515684,0.09973167405571798,0.0,0.21161111608107885,0.37832023562028144,0.5377602637564636,0.5057332137999232,0.2875891615804161,0.40714519614091316,0.31278982418412415,0.020919981270935917,0.6355796060432781,0.0,0.4445666139241918,0.592501700567048,0.3473196505906653,0.0,0.0,0.0,0.0,0.2504335383470315,0.0,0.265043061086071,0.0,0.0,0.1395537776506704,0.6280704784866789,0.01729298582770783,0.29964463939064256,0.22952754829699307,0.0,0.384108879217521,0.30559989741623766,0.0,0.0,0.424442542965406,0.059244559472074354,0.18489158288383511,0.36861982497535345,0.005844613034432705,0.4066907806731264,0.5025568102028345,0.44053459470657985,0.6095399653051309,0.09473311700303463,0.053808753379741114,0.009012151016900921,0.04525746973717648,0.11605881753214493,0.2934848174042288,0.42215855959236914,0.20910394416050967,0.37212768834715226,0.16433525177010824,0.0,0.0,0.0
0.3323582604337166,0.013559952109262363,0.7078618465025689,0.0,0.056563260816160255,0.5765538133908741,0.0,0.34858437467867964,0.5279001618717524,0.24576575033552678,0.24537240385579007,0.26513453973992185,0.3853882939388131,0.0,0.09471784982632558,0.13247890969533058,0.4370227493971804,0.4697889652183548,0.0,0.31211564151101395,0.09504648696784451,0.0,0.554533736915912,0.45016258185402336,0.49045811413229246,0.5518589023257765,0.5054849540337465,0.23427692099038755,0.12565658023541326,0.027047503829357722,0.032622505511792965,0.0,0.0,0.0,0.0,0.0,0.0,0.3703070711464163,0.0,0.0,0.2246847990484676,0.19102062147247734,0.0,0.0,0.2847735234145161,0.32086229090085067,0.2602812694393219,0.6637858657093271,0.0,0.0,0.5950159166051157,0.0,0.31905289859029295,0.0,0.278738293386678,0.07309233749183097,0.34962216408977564,0.0,0.0,0.16117380083660898,0.08909860091124396,0.186073643367779,0.38862294098989136,0.6077593797326709,0.0,0.11818044642326297,0.0,0.6181951070483145,0.4359690027197437,0.39146282690610057,0.35576983181432775,0.5233406948953372,0.006535418045740371,0.0487786448661392,0.020605916443323907,0.15097179177370484
0.21866515168645337,0.10815730979527555,0.6820506378675496,0.0,0.321712763417497,0.6900294389478496,0.17919717969499285,0.5908587115582089,0.5634350891963105,0.17101891441458236,0.5217631643033263,0.00430602971460653,0.27324135523355647,0.0,0.492052760831566,0.10580466988254494,0.5130300886827182,0.3182871592515684,0.31211564151101395,0.0,0.7155541030824304,0.5237383209166534,0.6758754210534139,0.27485683295919405,0.4057015275152633,0.5065768760130622,0.7955265594911327,0.2934111285548205,0.7628119050948525,0.5614309786656706,0.12919022193672308,0.0,0.0,0.021376166946889902,0.0,0.0,0.0,0.1626855920100079,0.0,0.24265444794870603,0.0,0.0,0.0,0.0,0.0,0.4035670091651578,0.5081717228668381,0.20345283947595577,0.0,0.035793142730251304,0.4551140591176529,0.2291603498751602,0.4416930452315132,0.3203343765272674,0.189313851192202,0.005325463740839864,0.0,0.3703622618848365,0.0,0.29843109483832436,0.3400120278759501,0.0,0.21925349209989958,0.28731874093978205,0.4272401441619713,0.6565894090190447,0.3309128269740105,0.4000886716718776,0.2572939691864553,0.4091794436706845,0.5250834409314027,0.5000438299173503,0.024977235508570117,0.21785006997691034,0.0,0.0
0.17107250335035667,0.0,0.4133895340361747,0.0,0.23306034544168897,0.47286155859357976,0.22830332869259767,0.4411604937553145,0.1918185224759789,0.0,0.2617208874450607,0.0,0.16977889133655283,0.0,0.6267282263956017,0.04988422245890545,0.29726167942416604,0.09973167405571798,0.09504648696784451,0.7155541030824304,0.0,0.3642938305735353,0.5832002691188143,0.0,0.15114356300268303,0.22607195688833656,0.6785343887970756,0.19122887454926593,0.7607281186670638,0.36519923329051823,0.15953407105600753,0.0,0.0,0.07942910403964507,0.0,0.0,0.0,0.05578181712826791,0.0,0.2678846305669815,0.0,0.0,0.046618269033369575,0.0,0.0,0.5131362938860267,0.5902913136734868,0.0,0.0336214852464467,0.0,0.1942237494864847,0.2789305411016917,0.2570396179675171,0.0606835036002929,0.06337781153276567,0.0,0.0,0.30224009758179204,0.0,0.5753749846285338,0.2818128576673882,0.0,0.014013808151456864,0.0,0.6007452207447181,0.9229540640139537,0.5839579334770639,0.2844737736286824,0.0,0.27426606955414984,0.33369786553516084,0.5330135679190547,0.0,0.356816193978243,0.0,0.0
0.0,0.2806751643144686,0.4543928464290762,0.0,0.4598059326382601,0.323456895045221,0.6130737854677509,0.5380710849007937,0.4744377332824343,0.49160058021039066,0.6375943174952421,0.2950016129861007,0.19509965218765676,0.0,0.21885679494496318,0.0,0.18748623218535249,0.0,0.0,0.5237383209166534,0.3642938305735353,0.0,0.3220699449517033,0.19210997762270768,0.29175093223408255,0.25324436134820666,0.39873716252533553,0.3024328320263667,0.43509827346592644,0.6920257213481591,0.0,0.0,0.0,0.0,0.0,0.0,0.0,0.25351316563222165,0.26397450633287917,0.32498240124872846,0.031904101866763374,0.0,0.1908610053060998,0.0033231322524277795,0.0,0.0,0.34399386517922514,0.24342136954574198,0.0,0.47942081172132,0.22573592806351106,0.26065793826082906,0.6036410324309561,0.613006821040799,0.12766885368920353,0.27694173730864824,0.11981454939492123,0.3468715424068034,0.21007180278887744,0.0,0.0881856810491124,0.0,0.14073321552397947,0.3640826968593293,0.1337029848225909,0.4429659296220123,0.16412649409335933,0.32352950559031096,0.3303107874869753,0.10221865685065051,0.433657360052385,0.0,0.2672007550118043,0.4270948046403407,0.32592384749328795,0.0
0.2095926550069135,0.05906404439796947,0.8010385163213773,0.0,0.11914957853886998,0.8381490833010752,0.0,0.67646812885868,0.5184972958468704,0.22718539605446275,0.33809969572593074,0.20176237468710428,0.30816520318472423,0.0,0.5373515968633505,0.0,0.38884282514122753,0.21161111608107885,0.554533736915912,0.6758754210534139,0.5832002691188143,0.3220699449517033,0.0,0.36554337773948903,0.4664344321416066,0.6128829506362505,0.8070816891208562,0.15121807598602074,0.5141612562183127,0.2725330293652176,0.0,0.0,0.0,0.0,0.0,0.0,0.0,0.3460518188345578,0.0,0.13504581259228401,0.0,0.08527090264332,0.0,0.0,0.0020078359950606306,0.3876870600279041,0.5947891644363511,0.3959566835703422,0.0,0.0,0.6500703575930514,0.01296593650693606,0.5521902860833798,0.11230229932836067,0.1740106431507139,0.0,0.20921688124812113,0.17634151363382058,0.0,0.2903882651252797,0.18738016766470006,0.0,0.18936797841595115,0.4520650108988841,0.2617916243002183,0.5477180441464201,0.18654624625010915,0.7485109691707474,0.35997324599142444,0.4637740051057251,0.6018719222615241,0.6239476164613185,0.0,0.23639211612710798,0.0,0.0
0.16202829752309297,0.15940856007112505,0.4719019455669924,0.0,0.0,0.486747717275759,0.0,0.3933554888291541,0.42961720472213083,0.37319982081878034,0.16217412547538226,0.613698533672809,0.46808598830027937,0.010353199667451435,0.06298615173097734,0.09755820478844932,0.3338551903134153,0.37832023562028144,0.45016258185402336,0.27485683295919405,0.0,0.19210997762270768,0.36554337773948903,0.0,0.46678978986387615,0.6917490007143386,0.2613274843354101,0.12434975826749992,0.0,0.10898614302446881,0.0,0.0,0.1091478135328969,0.0,0.0,0.0,0.0,0.47819870948889515,0.0,0.153890884709304,0.2178299503927844,0.12639421450079816,0.0,0.029440802365323426,0.32542692432406584,0.010434409775348263,0.16858388185660808,0.4495874703330522,0.0,0.0,0.44565011118573306,0.020488056566951324,0.3670456474299658,0.2505691092460096,0.3631041165292757,0.0,0.6647907523670453,0.23099883604452315,0.0,0.0,0.12955368166161416,0.37124027979859625,0.3801400389151998,0.41124719055441883,0.0,0.0,0.0,0.2707109317968822,0.8292986723112273,0.3862158825059764,0.546707358314846,0.17155437146609093,0.16942006525699332,0.0,0.24552641837767675,0.25780653656257124
0.39158137801647896,0.13482718363227242,0.49337883124335935,0.0,0.3269127366164475,0.6023527691761374,0.20086720207905753,0.18333918886783948,0.636279405479856,0.5595303172705235,0.3520147868304804,0.34336788278530594,0.43698366367076324,0.23035704800262302,0.11194291784358507,0.22330985311626977,0.681899278440312,0.5377602637564636,0.49045811413229246,0.4057015275152633,0.15114356300268303,0.29175093223408255,0.4664344321416066,0.46678978986387615,0.0,0.7925957164651493,0.6377704371181115,0.4432946676986358,0.21290557963525436,0.14735798033124342,0.11170625416993923,0.0,0.0,0.0,0.0,0.0,0.0,0.12507487074552642,0.0,0.00487529089876082,0.018894599632790082,0.12915418340348767,0.0,0.0,0.061729153536976056,0.47185028551899155,0.5387392774411562,0.48962147716082816,0.0,0.0,0.5981946853215522,0.22167845735952443,0.32880335190580734,0.09122179374875,0.6099277871288364,0.0864950969127714,0.39704900047304825,0.22508387386469797,0.0,0.036682200635054285,0.38627384333340586,0.4618428480776133,0.5905830641071754,0.3791459452526208,0.0032774712782193127,0.21090745364817853,0.0,0.5403536594265453,0.634715126478906,0.756220545923137,0.6871855466541601,0.5474993573525133,0.1649022652220068,0.11877548743906291,0.08192451214063967,0.1367178317495442
0.3837387207969097,0.37138157997903615,0.5890353782191182,0.0,0.07995160320326983,0.7233545589101125,0.0,0.3127189848770758,0.5754818396074054,0.4620636594827694,0.2154783674194659,0.4547221432785413,0.4913132833557843,0.03774836073273638,0.18343633297235265,0.1855690551455362,0.5833025209717593,0.5057332137999232,0.5518589023257765,0.5065768760130622,0.22607195688833656,0.25324436134820666,0.6128829506362505,0.6917490007143386,0.7925957164651493,0.0,0.6451357966207236,0.24314057276709278,0.20480909182473814,0.117218772541193,0.0,0.0,0.0,0.0,0.0,0.0,0.0,0.327828060624789,0.0,0.040803368033041576,0.0,0.061693152356820664,0.0,0.0,0.13286998677149386,0.36900058850936485,0.5574055197895387,0.44544365743282566,0.0,0.0,0.6447070711661153,0.05409739912406808,0.3326764235712794,0.046085599591144555,0.4404959641816206,0.0,0.5256877002065732,0.1566478776891057,0.0,0.09283862411100294,0.31022876130085375,0.3019306352369058,0.45799669095987344,0.39129429866525084,0.07264535210721546,0.2155334880871915,0.0,0.552720310193255,0.6838841457851437,0.6874448143332965,0.7877308732202751,0.6143583472416998,0.037173830083161885,0.03967929340363896,0.0598916386930855,0.036546655287313295
0.26504324458091877,0.0,0.7678480917921,0.0,0.23045917574516134,0.8204869477189422,0.04526602408746222,0.4201006105346128,0.6738180563216587,0.2769928867402144,0.4054708316158024,0.0597564208165427,0.21835015516622927,0.0,0.4722420565769745,0.005016828298612719,0.5189179141956465,0.2875891615804161,0.5054849540337465,0.7955265594911327,0.6785343887970756,0.39873716252533553,0.8070816891208562,0.2613274843354101,0.6377704371181115,0.6451357966207236,0.0,0.24033121171113353,0.6551938213947495,0.3075495498633801,0.0,0.0,0.0,0.0,0.0,0.0,0.0,0.21791290119387396,0.0,0.055024638647433316,0.0,0.03068997589254023,0.0,0.0,0.0,0.5092760001550771,0.7603080255876634,0.3618396677826513,0.0,0.0,0.64404985635721,0.12258593274326218,0.38941343065913736,0.17610341155115788,0.2967788587794002,0.0,0.08634704710032613,0.21947077160968959,0.0,0.33717969312137464,0.3866134756192281,0.0,0.32253056585038165,0.4206032624119751,0.3294217885941563,0.6939126479836406,0.28853804618137663,0.6751780136834814,0.36680370785559946,0.7027758635198509,0.7404538443630969,0.7913405669929037,0.0,0.37864016147559426,0.0,0.0
0.21081671114499756,0.0963570143349074,0.23452683245599174,0.2638122434518269,0.7362887224153063,0.2630521352489259,0.5701404993330887,0.2879170147540165,0.5184367896629354,0.5018410785131332,0.606922397825788,0.3094600110334554,0.6069086287316021,0.48141829571393807,0.0,0.20024464287553911,0.6593774558120221,0.40714519614091316,0.23427692099038755,0.2934111285548205,0.19122887454926593,0.3024328320263667,0.15121807598602074,0.12434975826749992,0.4432946676986358,0.24314057276709278,0.24033121171113353,0.0,0.2570082555815148,0.5582602516364062,0.449773101386216,0.12196867236065054,0.017470778092284422,0.13980768769112184,0.05795193706701954,0.0,0.027004809685369613,0.018300183083411498,0.2849774646136748,0.2997151959017081,0.07031832341535263,0.08793281215934105,0.47759107560538205,0.13172580615063534,0.0,0.3177579098114679,0.05594507841068158,0.3743542057139452,0.27586834717612824,0.430173899836339,0.2835229191523643,0.3816593923400165,0.4731971712246592,0.23484651850045843,0.5810536537735495,0.5243219977366584,0.26872604708564074,0.4843669865513615,0.4268901869186395,0.0,0.1800322827691356,0.4418865746986988,0.4909148792531747,0.310145030647077,0.0,0.29566828187412914,0.0,0.22472777976156827,0.32771568592111944,0.14872787059691514,0.15126499048097813,0.07288874599528741,0.6136374745761081,0.0,0.18719886198616684,0.10030691260019273
0.3354109031524366,0.0,0.45315211865250493,0.0,0.37497673146822014,0.5993169178740553,0.185210799662931,0.4063106754269684,0.3827164678187376,0.0,0.3795546456213061,0.0,0.15051243120394275,0.0,0.6124854728066926,0.2179617155145847,0.4147244188024964,0.31278982418412415,0.12565658023541326,0.7628119050948525,0.7607281186670638,0.43509827346592644,0.5141612562183127,0.0,0.21290557963525436,0.20480909182473814,0.6551938213947495,0.2570082555815148,0.0,0.5107356429029459,0.37819341214504376,0.0,0.11997456369882553,0.298747434762932,0.09129992124606268,0.0,0.0,0.0,0.0,0.36491019632912736,0.0,0.0,0.05041614333581022,0.0,0.0,0.4980671594755424,0.3613716555428926,0.0,0.13455355668660568,0.1026182923887203,0.3619085086518438,0.4370321704176805,0.2158030081484091,0.2776446948046986,0.11099461170720559,0.0,0.0,0.4255854259577877,0.0,0.5020099341746616,0.4769970723789209,0.0,0.16440141153055912,0.06779500842813618,0.4933827525847498,0.6864407899179301,0.45868130744285335,0.18596314010458107,0.0,0.31096647787734255,0.29007871320113293,0.4474113022972187,0.0,0.23883875880166944,0.0,0.0
0.0,0.2724541199544824,0.36330823705639875,0.0,0.5575265777109231,0.3245630623233505,0.5371834401869391,0.4729970200379237,0.41631948110663747,0.3312496330435849,0.6225296698232741,0.16794968525400333,0.3091942511280267,0.0,0.13607328694538848,0.0,0.25420253718321245,0.020919981270935917,0.027047503829357722,0.5614309786656706,0.36519923329051823,0.6920257213481591,0.2725330293652176,0.10898614302446881,0.14735798033124342,0.117218772541193,0.3075495498633801,0.5582602516364062,0.5107356429029459,0.0,0.07154899385576596,0.08965225573636453,0.0,0.0,0.0,0.0,0.0,0.15199549784915725,0.32880662869318145,0.39885397591701555,0.0,0.0,0.4349946907737917,0.021805635157866432,0.0,0.03791945671276459,0.18639942064094492,0.2228852669158416,0.036802453161068435,0.4635381457440484,0.2094846648430308,0.3108689577282502,0.5254392794446499,0.5017753866143646,0.20479803834649732,0.3144581380936339,0.0385676922299516,0.4507871619306002,0.25195183587474146,0.0,0.14555242098129814,0.03863609252250755,0.22648670523523215,0.2833238534723212,0.28488684982092877,0.4436533608288268,0.19353764888406377,0.19103991694016648,0.17789220350784726,0.015573391867079706,0.22178394896565456,0.0,0.4731363379210537,0.2493402209276391,0.3354237704215777,0.0
0.6071208791330919,0.0,0.0,0.49160337437428264,0.3995951100987404,0.020335183162258408,0.12169146620551308,0.0,0.06328656607873051,0.0,0.11733968988664582,0.0,0.3256623677180262,0.5057934026042326,0.2479158104440531,0.7079310093331046,0.5367269719605948,0.6355796060432781,0.032622505511792965,0.12919022193672308,0.15953407105600753,0.0,0.0,0.0,0.11170625416993923,0.0,0.0,0.449773101386216,0.37819341214504376,0.07154899385576596,0.0,0.41246523081589004,0.6710827024019298,0.8530147393263907,0.713862642431462,0.028765136017255638,0.0,0.0,0.19845424040216467,0.3823853201314906,0.0,0.23648311543382022,0.18743570203872392,0.0,0.0,0.5545754745096008,0.0,0.0,0.6022036137881768,0.18985989766505218,0.07888450438432007,0.5645534809321638,0.0,0.0,0.3586045363230574,0.1840316122606909,0.0,0.4659247522121962,0.3067683640322767,0.46344177803669634,0.4972351391333835,0.36488096455744706,0.3759076282278967,0.0,0.16677435844678903,0.06646042531906443,0.15282779705869767,0.0,0.0,0.07346986373914713,0.0,0.10031666199650238,0.24367743798046915,0.0,0.0,0.0
0.0,0.11524059615742699,0.0,0.34128009717787144,0.2737471166925921,0.0,0.37187095099493905,0.0,0.0,0.0,0.06857224348001809,0.0,0.10025859241511625,0.5041979469967733,0.0,0.23032111895896795,0.0,0.0,0.0,0.0,0.0,0.0,0.0,0.0,0.0,0.0,0.0,0.12196867236065054,0.0,0.08965225573636453,0.41246523081589004,0.0,0.46177967682119514,0.4146753934638159,0.4667817664325455,0.4102845893622196,0.49192035260765005,0.0,0.8476097850807189,0.36520073339951337,0.043759665950779236,0.0,0.41684889855193996,0.5716840368401928,0.0,0.0,0.0,0.0,0.4607212983529093,0.4820072443067593,0.0,0.29565679608697565,0.0,0.2038925724770697,0.020128545936802883,0.40816114071563375,0.0,0.2541839266264031,0.6909790961215466,0.0,0.0,0.1760239370359758,0.0,0.0,0.0,0.0,0.0,0.0,0.0,0.0,0.0,0.0,0.2613045434406591,0.0,0.06840324657604588,0.19213264481542686
0.4393402157672687,0.028190840024264446,0.0,0.4137050499145403,0.0,0.0,0.0,0.0,0.0,0.0,0.0,0.0,0.21853919460546714,0.23500055814703613,0.2357764522584645,0.5639238615141478,0.07686713844964121,0.4445666139241918,0.0,0.0,0.0,0.0,0.0,0.1091478135328969,0.0,0.0,0.0,0.017470778092284422,0.11997456369882553,0.0,0.6710827024019298,0.46177967682119514,0.0,0.7706118158766255,0.7033762307594427,0.3535495017091635,0.18428839304736128,0.0,0.23448642716852067,0.5030143364620445,0.0,0.15160869251678954,0.0,0.0,0.15224861682167365,0.22657239958766623,0.0,0.0,0.5395296265060969,0.04112318509739421,0.0,0.3007332469775882,0.0,0.0,0.03635710454052177,0.020183988222093538,0.0,0.2764507216719564,0.21345491257116267,0.2759767090597769,0.19898954995758023,0.1390790451655042,0.059438099069132236,0.0,0.026700990902094462,0.0,0.02390443325840927,0.0,0.0,0.0,0.0,0.0,0.01562741451254246,0.0,0.0,0.0
0.529889044115745,0.0,0.0,0.49750597527205176,0.14920991465856429,0.0,0.0,0.0,0.0,0.0,0.0,0.0,0.1790439209207852,0.3773752520609102,0.28513854330509636,0.745443400203978,0.27725089797791413,0.592501700567048,0.0,0.021376166946889902,0.07942910403964507,0.0,0.0,0.0,0.0,0.0,0.0,0.13980768769112184,0.298747434762932,0.0,0.8530147393263907,0.4146753934638159,0.7706118158766255,0.0,0.7908161129980323,0.1765033430555313,0.0434253602630774,0.0,0.1492372795527279,0.33655670523324677,0.0,0.20082594410864674,0.02188118270701618,0.0,0.0004189335677298178,0.430147003928222,0.0,0.0,0.5971735514301867,0.08913548794896192,0.0,0.47214975227688977,0.0,0.0,0.1577787115690023,0.03581050664964666,0.0,0.36163326587243716,0.15351020786799738,0.5216673221191508,0.41372697584769874,0.22788634509638436,0.18006820755862996,0.0,0.15231949851896587,0.0,0.14863355670808315,0.0,0.0,0.0033701735142190326,0.0,0.04177460673802931,0.054592467899898314,0.0,0.0,0.0
0.4589792526450328,0.0,0.0,0.585054618378175,0.061451607421240284,0.0,0.0,0.0,0.0,0.0,0.0,0.0,0.10460643465157704,0.4979815854355091,0.15214173607359208,0.5795233770079178,0.15543525486805987,0.3473196505906653,0.0,0.0,0.0,0.0,0.0,0.0,0.0,0.0,0.0,0.05795193706701954,0.09129992124606268,0.0,0.713862642431462,0.4667817664325455,0.7033762307594427,0.7908161129980323,0.0,0.2998631769561096,0.2430836980996069,0.0,0.15430867443426402,0.24737217193861527,0.0,0.30915491829186426,0.008147294592355317,0.0,0.0,0.34955963540043516,0.0,0.0,0.6078831657443834,0.04372091648893904,0.0,0.36284733689876375,0.0,0.0,0.056228914741391904,0.0,0.0,0.18531064649112958,0.28851847424095856,0.39801800410010335,0.2618646144947076,0.21808235273355583,0.06884919727502936,0.0,0.047607476699341754,0.0,0.06486134481394638,0.0,0.0,0.0,0.0,0.0,0.0,0.0,0.0,0.0
0.0,0.007040543815339917,0.0,0.4963300772569244,0.0,0.0,0.0,0.0,0.0,0.0,0.0,0.10681365347202446,0.09517647283148603,0.2178212041752301,0.0,0.07752134005292874,0.0,0.0,0.0,0.0,0.0,0.0,0.0,0.0,0.0,0.0,0.0,0.0,0.0,0.0,0.028765136017255638,0.4102845893622196,0.3535495017091635,0.1765033430555313,0.2998631769561096,0.0,0.6674003599691709,0.0,0.323019484953079,0.009126053975756943,0.4704423406454346,0.13596062423610653,0.22666645755433343,0.5947326371207365,0.15971323856384856,0.0,0.0,0.0,0.16274585361468558,0.0,0.0,0.0,0.0,0.0,0.0,0.11251853268935871,0.07763027290103275,0.0,0.2893265746500444,0.0,0.0,0.028555930643764438,0.0,0.0,0.0,0.0,0.0,0.0,0.0,0.0,0.0,0.0,0.056784697621654806,0.0,0.15523284097195697,0.42033807312007715
