0.0,0.5327512850626497,0.48299047641531845,0.49263766902808515,0.21378914688382472,0.6324305122435849,0.0,0.2986035822951805,0.34577687074071684,0.1430653090561962,0.11304147016177686,0.3475685126303526,0.44170049909916476,0.0,0.500267676832667,0.7773166495276413,0.39740265343112935,0.729545434532056,0.3062070496695648,0.49041413225782454,0.8149000984655985,0.5489095216666853,0.536986947586236,0.5693236700666022,0.735528018142981,0.7132429259243444,0.44565083812431816,0.6117153280719909,0.6881623746848664,0.5221814631382303,0.5868576837257362,0.2446809106630344,0.35377116199269365,0.023095496751029676,0.0,0.5218813660133159,0.0,0.2307375621528513,0.25151396075235516,0.4859423217718024,0.4570623933683272,0.3784613692239291,0.4938818581653728,0.3442334606108181,0.4734436250718096,0.9096984715958785,0.670020798014392,0.29503225099462105,0.0,0.24362948627217085,0.6654102006219811,0.006511979357306408,0.19682024312105778,0.46663175252254735,0.14989889825620248,0.11755776825412814,0.0638327003335779,0.7020647258515231,0.35704631568026596,0.4831320488346006,0.6933402556962189,0.6911658505831355,0.7006036105389913,0.3878326732284603,0.47403947240458155,0.7654987996919682,0.6228780115443655,0.486918892524981,0.6904124488466625,0.7793154768532264,0.7518342961618611,0.4630102428935626,0.7606497512349105,0.7539623526615671,0.649130116698617,0.7148238633203016
0.5327512850626497,0.0,0.6110532505973958,0.39835544041503496,0.5470374125619986,0.7665014661988682,0.49188023098703426,0.6052185096412792,0.5325055568883987,0.703681939854338,0.4159838736675554,0.6859986872703949,0.7526032427903628,0.0,0.6253587417784809,0.7312853525337204,0.8328589897807293,0.8211557249953844,0.5948215441734298,0.7265538900562183,0.6529370562643877,0.8563748590249427,0.754786043289135,0.7476819218855218,0.8736471358332262,0.9093037394752981,0.7398993730019221,0.7014168609144631,0.7950155242343127,0.4509099183824431,0.6377412066583732,0.08237208426267309,0.21475846745760732,0.2476942489250004,0.0,0.4887320957447658,0.06374145273721074,0.528855741548724,0.1742826339155696,0.2591875100895487,0.0963714832410533,0.39162919823975734,0.3012700503558516,0.529390806299725,0.41389086844856626,0.5089981129261745,0.7343190870578911,0.5984720091266387,0.0,0.6279255360480386,0.5295595659223427,0.47955607432579095,0.5525948337337494,0.5796089376708589,0.6277836011802793,0.48475492163606887,0.6328949869950999,0.6556828625076285,0.254829334305515,0.6978904585319732,0.35486627784788455,0.6162657254161499,0.1380682428760253,0.6020026203444679,0.7055904301142661,0.6224819545241809,0.7609934294500722,0.7426844788059827,0.6649782021148187,0.4583190187541968,0.8148292037556015,0.8089226166965823,0.5766294237122231,0.5804115089383839,0.4470988255563504,0.407897755708186
0.48299047641531845,0.6110532505973958,0.0,0.36828460413608477,0.591584217274621,0.7728329310317801,0.2007809450500953,0.7242105406268717,0.8477609419643609,0.39591973297147176,0.7985911171034686,0.6899356559725522,0.7436270464922459,0.30166431342474537,0.8568995256008891,0.6522524143111024,0.6399913796294177,0.6306172649371753,0.863619439832332,0.8556279171922139,0.6128232133838002,0.8217285370134783,0.7867074921746392,0.6115898613703793,0.5944050413881926,0.6992686074635361,0.8033678743166996,0.7383106321958446,0.6512735116754524,0.8417728305281302,0.6482354068817358,0.0,0.0,0.23843331815634708,0.0,0.7317826446573723,0.1812434766357235,0.4160518429670406,0.0,0.0,0.0,0.0636073399728184,0.23926792920683654,0.20343130300181145,0.2349092838967246,0.3607001198884827,0.6076093784802378,0.926055109531511,0.0,0.6174863018240122,0.504969759870247,0.25257053121908635,0.5494248080248071,0.8718287717306827,0.3359103407550691,0.8018198851558007,0.519254556637909,0.5389653118247956,0.3696628067071954,0.8620073700017263,0.2118385137219646,0.33004320279912575,0.19431425088798054,0.8246425859865487,0.8824420360712046,0.48704719684247083,0.8260033463101965,0.6688085803230114,0.5459775301811554,0.28151169360988487,0.5530353999419803,0.7179953732375717,0.6412630990676056,0.43693047971089655,0.721926897312455,0.1863556533439883
0.49263766902808515,0.39835544041503496,0.36828460413608477,0.0,0.40603285627545704,0.4337593097594601,0.2754658814882218,0.25660438441431244,0.2512373766345879,0.379760480019226,0.08489668994651768,0.5813568231059637,0.47181576531857106,0.0,0.4937953551471288,0.47759930837705417,0.4816448119019505,0.58914092020463,0.2827208544430504,0.42670756077490757,0.5005779280740256,0.44308047966429825,0.36141199330828255,0.5356762749486224,0.5488253349392571,0.4301914015088949,0.37570917136065585,0.6834746357930428,0.5129848137171291,0.386918653947461,0.4906223346992238,0.0,0.029653311641376634,0.02151194162764214,0.0,0.4940125055918262,0.17192368063355953,0.25494582204973626,0.016151241435756136,0.13951963968384937,0.12554106386856645,0.267335508316426,0.395697270426276,0.3547397907649025,0.20425159487343003,0.45302216181033345,0.5377463024523474,0.2946966100763587,0.0,0.22985475103821595,0.551547043826043,0.13837368888867269,0.16788926979614993,0.44605981614867996,0.24558592410058253,0.14859922729623973,0.2888631680080072,0.6094367038780004,0.0373962563026812,0.43535876376763927,0.32404427749690834,0.3767566587690241,0.3910134130974377,0.34695124208518113,0.38245492919672536,0.4746720867287417,0.4262463385229911,0.397846566137402,0.5057373185987722,0.41869227419825983,0.43934384105454155,0.4160134934444519,0.5408298047664422,0.5391874022352436,0.26561159549733937,0.3118281628057512
0.21378914688382472,0.5470374125619986,0.591584217274621,0.40603285627545704,0.0,0.5489830431075942,0.7794315746411385,0.6449572719106744,0.7489360847392399,0.7443244376316401,0.6841733805317836,0.6885714917844493,0.7325876396541008,0.3321640103227278,0.6170535624331424,0.4578756455413886,0.7027866515911155,0.4956367058118689,0.6656938467541571,0.7248937207057127,0.4513636645159863,0.7155809243474507,0.6027921468891769,0.6523125323877889,0.4857257290493774,0.5041222992794997,0.739346133891948,0.662286787942054,0.6131236318669566,0.406365383880669,0.6666294487896356,0.0,0.1932047381288287,0.5459901499737483,0.0,0.5494061037226475,0.28750792968937167,0.5574201342007012,0.030229397978497906,0.11459106246037916,0.0,0.14899918925364675,0.19074442521946472,0.4661799110781338,0.2929502697196206,0.20255502754952082,0.5557461980984282,0.6507015106186455,0.16183979970649717,0.7880870432868129,0.19941272193912327,0.6769779709604358,0.6845843025798632,0.7566439022617157,0.7116891457729457,0.7072579830467395,0.7622850157676445,0.41272479954506125,0.13407228999177861,0.6110553909824934,0.053866466325825146,0.28870860260519166,0.0,0.5946756054103699,0.6699085795407695,0.5086599298180727,0.5847645501106153,0.6444520859556473,0.5296819539320166,0.13358396808287437,0.47960288662852746,0.6309376418572521,0.39999777544403065,0.30236194464565697,0.3186264498668382,0.051510440700489574
0.6324305122435849,0.7665014661988682,0.7728329310317801,0.4337593097594601,0.5489830431075942,0.0,0.31489981146258667,0.729368420162527,0.7451535670192914,0.43622295964066793,0.5398962992458386,0.6978718843883467,0.863846341562971,0.1434451057924945,0.7619416973915119,0.786398067693313,0.6934655225734969,0.8118289682186576,0.6533897589437689,0.8083684207262904,0.8113933029410971,0.8064807580923764,0.8429695623050033,0.6962252056726398,0.7762411208194261,0.8379139115252736,0.7824755263791865,0.7603208425123924,0.841403792393123,0.672455071486258,0.684284276345265,0.033393439031409344,0.1824197204245181,0.23589960394050502,0.0,0.719854194438467,0.09301388566996838,0.40982617093407925,0.04977932966651541,0.2418065996062213,0.03759859333011553,0.212966779596627,0.4255300331419837,0.3208210155774438,0.3383911918852515,0.5527293649068014,0.7648919380519188,0.677997148014515,0.0,0.5102944395480842,0.7374334106169802,0.24667990993959626,0.5484102477909387,0.7669363338646241,0.39995076533849644,0.5408096910968412,0.4686169053563415,0.7630902128178285,0.41551845184105685,0.7592244229108465,0.4395670005753669,0.5250441045454073,0.38459283019397744,0.6436944666872917,0.7614378913597614,0.660054109244826,0.7803895141641164,0.7402222286058522,0.6799658347328545,0.5595636957497704,0.7649087907752818,0.698914152390494,0.7016869305270911,0.5762868115393323,0.5843666407888488,0.32799642202569534
0.0,0.49188023098703426,0.2007809450500953,0.2754658814882218,0.7794315746411385,0.31489981146258667,0.0,0.45942959239427117,0.41755796585715843,0.8447469973462782,0.4130528135202322,0.5491277769079899,0.5602661191400724,0.09011185791006812,0.3291400905886919,0.2379784778453996,0.7118275560719967,0.3574900119753883,0.42782989658881654,0.4430481080208976,0.22493047333451638,0.516360145816855,0.3666139444322272,0.56349489005089,0.43082263159595424,0.35294444402869296,0.5380279395237217,0.43328203384422925,0.47950119541527914,0.07607587461637552,0.4895205435654728,0.012639583158411988,0.21860230244129236,0.5013938453193398,0.06105682186524327,0.24194641067199452,0.19603793198375785,0.5610265116648638,0.13129580675985214,0.06803293517254472,0.0,0.22360412773435243,0.03268629333214362,0.5142413027640671,0.16961400331785603,0.0,0.39635332407770285,0.37784385551871086,0.3219047667706764,0.5291646091907249,0.01329730670121479,0.7429487068297691,0.5767635110249012,0.39231716072437284,0.7860699651593989,0.4230217543221531,0.7394201680348677,0.2274443534909889,0.0,0.34057614690986754,0.0,0.20408760057981554,0.0,0.3443605138835249,0.33202892429856934,0.36279379129604683,0.26409155038766685,0.48504858404492046,0.34256720479934094,0.0,0.3371636052765077,0.4518054090127166,0.06350725979791705,0.10523721361231948,0.0,0.0
0.2986035822951805,0.6052185096412792,0.7242105406268717,0.25660438441431244,0.6449572719106744,0.729368420162527,0.45942959239427117,0.0,0.6760756358642921,0.600761434425592,0.7395197217903156,0.739334466363389,0.7808395847595111,0.3697960149105555,0.735364585564255,0.4584949945584602,0.7108676170582611,0.5487543173884599,0.7905237338639594,0.7583801183722805,0.6106779994511482,0.6968342839053292,0.829328249633331,0.6804764258686932,0.5295514436936839,0.6355352161929995,0.6910741488670242,0.5826577995777731,0.5911354775925703,0.5421119852041872,0.622015750655623,0.0,0.04301545652031319,0.35533089084023217,0.0022087423731982497,0.6285995831105919,0.17179711777901585,0.4533726222570529,0.0,-0.013252786933963923,0.0,0.0,0.2384968480250348,0.2372644977775767,0.11250334911929656,0.23257846241354024,0.6147079278777329,0.767300662562704,0.061448746224963005,0.6414495380202869,0.38205841952326075,0.44401927248978745,0.8236926734428736,0.7043444202082969,0.630357715781875,0.7555444788574809,0.7133143854659487,0.4564188040129558,0.2577006686665752,0.7522863369637106,0.02060278545673054,0.3167781767358455,0.0,0.6957903120645692,0.7028886041859314,0.5387362624866726,0.6448462521992655,0.7767073733133334,0.545475021671493,0.20444696617885647,0.580327309992087,0.5998630223346684,0.4107992770104346,0.2731405833816217,0.4495042131904675,0.0
0.34577687074071684,0.5325055568883987,0.8477609419643609,0.2512373766345879,0.7489360847392399,0.7451535670192914,0.41755796585715843,0.6760756358642921,0.0,0.4751059094174037,0.8179936513198822,0.6624036994364437,0.7381768655330925,0.31340569884300074,0.7764863825403755,0.5506270877809895,0.5879744372692381,0.5312429138088783,0.7741768402768473,0.8337945674405385,0.5066005636196815,0.7595778382643974,0.7112017973703746,0.5586184220169255,0.4801336135454266,0.5737431236379738,0.828308235111695,0.6805909139089501,0.6306567519524695,0.6902537844606191,0.6469016088297311,0.0,0.09421001454963035,0.4017417967634876,0.0,0.666500215593007,0.20439156765542094,0.4698148035197779,0.0,0.06380901294017176,0.0,0.0396268126056627,0.1724548603232302,0.25242226266708495,0.27228765688470075,0.26698616021411636,0.557269483306687,0.8330925922890857,0.0,0.7205110518882645,0.3277281687735758,0.4315596908131236,0.5903379415005139,0.9307285691982383,0.4608319479912873,0.7745448197373827,0.5798300841025326,0.45213999198623805,0.33881368359498865,0.7728885885723866,0.1566892815532634,0.2780954748177659,0.048815422369737294,0.6899863341692698,0.8312205895084237,0.455820689409246,0.7381867678260647,0.6287862200973586,0.5277199775518205,0.2109366840673986,0.4945804884469823,0.6735260296467119,0.5462770048617692,0.34099639586889985,0.5819701942159652,0.11495837077003068
0.1430653090561962,0.703681939854338,0.39591973297147176,0.379760480019226,0.7443244376316401,0.43622295964066793,0.8447469973462782,0.600761434425592,0.4751059094174037,0.0,0.45956108829887454,0.7554098976924923,0.6638314496260975,0.043553603586985096,0.4972811519443161,0.42305732937300766,0.8989036476681381,0.5546168415968373,0.5760627477094509,0.6235141611209543,0.3780322609523781,0.6976381538820355,0.5767961629397513,0.7075045420651547,0.6195502902593224,0.572266259555852,0.6580825728026354,0.5850431699975747,0.6077096772318744,0.2587873152743756,0.6508384207713743,0.0,0.16589463402378146,0.4616740202884479,0.0,0.33490614889795606,0.1836658619182446,0.663855800384679,0.07573349315096908,0.07012081162939987,0.0,0.31250751790727643,0.08427420319253245,0.6011145908036772,0.2270868424038441,0.15411868068385068,0.565375666098108,0.5459285808047485,0.22697899447539807,0.6622423928060106,0.1305813590442107,0.7342904238444208,0.6853660448779638,0.4971263559210646,0.8952464374266123,0.5266165442677173,0.9041307639847307,0.3886827938953745,0.0,0.5405469232622526,0.041672292303759906,0.3826524426939334,0.0,0.5472742169642786,0.5260833226511166,0.477488537048982,0.504841590762935,0.6684717763949437,0.5157840550404735,0.09696910315580587,0.5205770078651311,0.6117915201553281,0.23839629287891811,0.29491524006476283,0.17191718450012922,0.03559634051263044
0.11304147016177686,0.4159838736675554,0.7985911171034686,0.08489668994651768,0.6841733805317836,0.5398962992458386,0.4130528135202322,0.7395197217903156,0.8179936513198822,0.45956108829887454,0.0,0.6320818888530835,0.6497939817881666,0.4514131235138716,0.713981513489885,0.3891403140139249,0.5455155334839139,0.34053568299816006,0.8522965779807373,0.7440406238566322,0.3401309179158833,0.6929857176219787,0.6167616788817183,0.48893990021780676,0.31273727266198936,0.4266768981647008,0.7105211484232921,0.5386990408580123,0.4589547783764921,0.6095613599672673,0.5545446616250692,0.0,0.0,0.4071308561033011,0.025105433734453175,0.5394571715716765,0.17529914697977397,0.4185095854684078,0.0,0.0,0.0,0.0,0.02254799233975005,0.10057793731841967,0.0438281707921899,0.030543592396130304,0.38405097323222503,0.8432646572969614,0.0019473650482852989,0.6437665390258779,0.0815381934785997,0.3827211035225243,0.6224896916228368,0.7498290903260038,0.4521020690018508,0.9138929523294914,0.6457291308075515,0.18473094312367172,0.24546467970849337,0.7135455165050564,0.0,0.08119131522100044,0.0,0.7159459694609576,0.735517951444602,0.29143174176007663,0.5857194414292907,0.5374549394783933,0.3373724395944956,0.0,0.323522453285493,0.5437092189536965,0.3033276712766282,0.10893924979173764,0.4333025006532217,0.0
0.3475685126303526,0.6859986872703949,0.6899356559725522,0.5813568231059637,0.6885714917844493,0.6978718843883467,0.5491277769079899,0.739334466363389,0.6624036994364437,0.7554098976924923,0.6320818888530835,0.0,0.860406794930278,0.15016115819323045,0.7433849576431665,0.5813610499104368,0.8362330655663381,0.6590020715388951,0.6932252826004299,0.8091062700796574,0.5627751061612742,0.7604205066427537,0.7252194466547736,0.7958138288173844,0.6618166948167955,0.699960218518737,0.6709030924234802,0.795119791943693,0.650722053227491,0.5785982427921471,0.6803866942747377,0.0,0.0,0.31073044564562385,0.0,0.6988064272744385,0.18171533910058846,0.5220842992560524,0.0,0.0,0.0,0.09487189581904515,0.23042647839546831,0.3355092757764988,0.1583731714459,0.27685579958193696,0.6149553620338155,0.7124909300207705,0.0,0.5800720075104392,0.4398167720278826,0.39282898650035036,0.6019475782247485,0.7460791796549491,0.6311504370110346,0.6294854395946983,0.8328852097432466,0.6008771324437603,0.06412024073030656,0.7494676441975363,0.015196995249674938,0.3468505708256345,0.028628823299173545,0.6597569435263355,0.7500717673677841,0.47298076782927734,0.6588525172616593,0.6919565047814178,0.6348257928621389,0.22049713200732346,0.5693245123846861,0.613558937596173,0.4817745254252267,0.3772186814615356,0.31594566859358075,0.0
0.44170049909916476,0.7526032427903628,0.7436270464922459,0.47181576531857106,0.7325876396541008,0.863846341562971,0.5602661191400724,0.7808395847595111,0.7381768655330925,0.6638314496260975,0.6497939817881666,0.860406794930278,0.0,0.21199493086890794,0.7529520131588445,0.69440109682304,0.8205721323176455,0.7592632289884567,0.7185596517806823,0.8292235136297827,0.6569240466304458,0.8202476663305973,0.7900422413049419,0.7694819683742713,0.7198483905116594,0.7849889609205267,0.7710834946216814,0.8483567177307034,0.7650205704918455,0.6481105252807875,0.7462120616432901,0.0,0.10061405861072142,0.35733916737240823,0.0,0.737064589583664,0.17405440757316792,0.501598699519532,0.0,0.07718429703682139,0.0,0.1437116488872067,0.2794218320730969,0.38554769098634645,0.25203053282726806,0.38210728198678734,0.7078409996055444,0.717972354878111,0.0,0.6377359755260312,0.5361488953757532,0.4558372955939288,0.6268966419702882,0.7869672254724673,0.6345616939694735,0.6576210908195335,0.7331078383020198,0.6968009490547922,0.2500785289085875,0.7765683426223593,0.1613352015864209,0.45839004200443145,0.14134213510939878,0.6745913105621818,0.7880588471490383,0.574907362683829,0.7214138719628946,0.7268456620968922,0.6583714852004169,0.34521782976782556,0.683020001534874,0.7085129229204394,0.6188315614167339,0.4860416236110194,0.47781687531615274,0.11596846163867293
0.0,0.0,0.30166431342474537,0.0,0.3321640103227278,0.1434451057924945,0.09011185791006812,0.3697960149105555,0.31340569884300074,0.043553603586985096,0.4514131235138716,0.15016115819323045,0.21199493086890794,0.0,0.19154315595361282,0.0,0.033449440424318584,0.0,0.3827348864259743,0.1898509643196808,0.09617344322365609,0.11731797626252534,0.2042690373920756,0.16210425287600405,0.0,0.035588556242184766,0.17094789483936323,0.058316603564031455,0.0,0.19964103019844925,0.13087497032800807,0.0,0.015612932881307176,0.23663947658341958,0.14749526096906643,0.319667384444423,0.0918670998941607,0.12149930791399641,0.0,0.0,0.0,0.0,0.013185243174291483,0.0,-0.003120059688590776,0.0,0.08337950723180931,0.3449513686308533,0.15650479703810524,0.29242891557728345,0.0,0.20164791190118106,0.33868467104954914,0.28376127501319415,0.20707740915051678,0.47248456580767667,0.2356660865826573,0.0,0.1500300699170257,0.19359395476537478,0.0,0.006700867930840987,0.0,0.3054503697523685,0.2620278807586327,0.06551847595946234,0.1540210575106899,0.17392426837483174,0.09842977150593722,0.0,0.07340657211223126,0.10611152318240208,0.05160930955513007,0.0,0.17639329765248368,0.0
0.500267676832667,0.6253587417784809,0.8568995256008891,0.4937953551471288,0.6170535624331424,0.7619416973915119,0.3291400905886919,0.735364585564255,0.7764863825403755,0.4972811519443161,0.713981513489885,0.7433849576431665,0.7529520131588445,0.19154315595361282,0.0,0.6572627288861773,0.6750224292793058,0.653463658632325,0.7724498162270194,0.9487310855282742,0.6489808946110498,0.876787026147447,0.8025415148155376,0.6820195981973945,0.6328777754283856,0.6943504360138123,0.8520313146800191,0.802565609602339,0.7353047218832716,0.7729201809100512,0.7314025818057557,0.0,0.0,0.2890747386717649,0.0,0.6792231723241382,0.1862988234890925,0.4172873889650387,0.0,0.0,0.0,0.12722630976047275,0.2500741816817786,0.23888194441867167,0.18232139743422598,0.3522769661893835,0.6129312505662786,0.8007633339130689,0.0,0.625900431520141,0.4917174848969177,0.24523819104149258,0.5859210281088558,0.8331176628710331,0.3804852463745864,0.699819777802803,0.5841471926542174,0.5386130611251521,0.28208688534664716,0.9534027986029409,0.1530756658438451,0.23636909381213037,0.13783552310223007,0.720352395158145,0.9120122719654085,0.5786206072640221,0.8219127824880399,0.7108649836751,0.5703801481591756,0.23129048307602368,0.5409379220140531,0.7600235174991495,0.5776396115360626,0.5003196368935211,0.6019319165438902,0.1363146657704966
0.7773166495276413,0.7312853525337204,0.6522524143111024,0.47759930837705417,0.4578756455413886,0.786398067693313,0.2379784778453996,0.4584949945584602,0.5506270877809895,0.42305732937300766,0.3891403140139249,0.5813610499104368,0.69440109682304,0.0,0.6572627288861773,0.0,0.6419697910295834,0.91766811869124,0.5395390004349783,0.7150878199259497,0.757060903006222,0.7741259949114748,0.6686501306558006,0.7173359806011477,0.8532224493354885,0.8299338328406183,0.6622895102726425,0.7959033731379654,0.8315321159984401,0.5982238920422165,0.7773444704626402,0.12513649628751625,0.3037166915196673,0.16501955094640203,0.0,0.575769246304625,0.05041713961295327,0.38991770520252256,0.14013101401442363,0.3525632493636206,0.23722098847951892,0.3781663177405126,0.4706527363002513,0.46859406121311614,0.4803846081972908,0.7209725061398358,0.7706302409349219,0.5570140281946264,0.0,0.4576628112232265,0.645914039307675,0.17434088454757946,0.3418863196699075,0.6297670227115961,0.3622271070442953,0.4000064108864006,0.34067171345492575,0.7501562199427642,0.34942304518516637,0.667736458766292,0.6251111788265971,0.698449047065302,0.5592495394214351,0.6075543577123794,0.670736242932541,0.6792895027556706,0.7659251066090883,0.6054363123751056,0.7234722671078521,0.6879746732897387,0.7895673686324192,0.6368228632822912,0.7928298872856256,0.7328928210902717,0.6327973904184631,0.6092633008319468
0.39740265343112935,0.8328589897807293,0.6399913796294177,0.4816448119019505,0.7027866515911155,0.6934655225734969,0.7118275560719967,0.7108676170582611,0.5879744372692381,0.8989036476681381,0.5455155334839139,0.8362330655663381,0.8205721323176455,0.033449440424318584,0.6750224292793058,0.6419697910295834,0.0,0.7796961257276969,0.677972968901867,0.7493835576811156,0.5843060336298983,0.8299998238205615,0.7296995781544208,0.8211758375794744,0.8065165263270042,0.8006775552211152,0.7533966435858583,0.7616839607617997,0.7588061054674433,0.45458385602722545,0.7512847906783415,0.0,0.18763377519318009,0.394519979272827,0.0,0.5212831497792285,0.1411480148127613,0.5988103949611485,0.03614766222016355,0.11309404541056489,0.0,0.28298481148952,0.232842286594824,0.5521776760842243,0.28496791677702393,0.3458470799162541,0.7202432132510943,0.6334076830753252,0.006418945294865114,0.6619653415664177,0.4094188428937792,0.582063976433653,0.6475652540790562,0.6596474917043029,0.7964018192433545,0.5559126741713611,0.8415461792833273,0.6257914075983741,0.10254515230560683,0.7297925852993106,0.19287049042596113,0.5324167706024068,0.0,0.6664375147689137,0.6739204789438906,0.5890211562672438,0.6754850238547119,0.7222096186397484,0.6845533664952987,0.33332362748107897,0.7110511081047463,0.7014393550069411,0.47965658654124277,0.4671754924032838,0.3484096439440564,0.19386227241899198
0.729545434532056,0.8211557249953844,0.6306172649371753,0.58914092020463,0.4956367058118689,0.8118289682186576,0.3574900119753883,0.5487543173884599,0.5312429138088783,0.5546168415968373,0.34053568299816006,0.6590020715388951,0.7592632289884567,0.0,0.653463658632325,0.91766811869124,0.7796961257276969,0.0,0.5383557811386626,0.7068379512449747,0.7843976669544019,0.7763171105767566,0.7041624058819813,0.7525555956759653,0.9287451905903146,0.873605005983177,0.6790884002412475,0.7923495510634125,0.8372110161684985,0.5330280621055743,0.7457983818227552,0.10843763228930822,0.2805639345370443,0.15867470417677576,0.0,0.5625201917811936,0.039212528522059795,0.43900249170294087,0.15149829679047253,0.3306762322753754,0.20937068372438675,0.3414004270133857,0.45749584632015794,0.5063412556252062,0.4330183632497033,0.6682531182677662,0.8263705471822189,0.5571176287699733,0.0,0.4495003751551713,0.6997598496340707,0.23729846417016434,0.40618643502298957,0.6216128451057101,0.453146688219461,0.3697429229261945,0.4424326515962027,0.8249896183841788,0.27834299843310156,0.6662824006208274,0.5684106890599423,0.7067130876641202,0.4846921560787498,0.6400282802022101,0.6189870322391979,0.6964126291090662,0.7177498728207211,0.6573370489213587,0.7557321593253167,0.680645682790698,0.8328111808083485,0.6438049672564404,0.7560331577063202,0.6956385433086951,0.541053594245752,0.552558324047558
0.3062070496695648,0.5948215441734298,0.863619439832332,0.2827208544430504,0.6656938467541571,0.6533897589437689,0.42782989658881654,0.7905237338639594,0.7741768402768473,0.5760627477094509,0.8522965779807373,0.6932252826004299,0.7185596517806823,0.3827348864259743,0.7724498162270194,0.5395390004349783,0.677972968901867,0.5383557811386626,0.0,0.7944308809429738,0.5058100494178552,0.7807010554687874,0.726234757996561,0.6199069614178648,0.52094511279632,0.5961480518160158,0.7466735958135251,0.6567157537347685,0.6235975460268217,0.6816724734771851,0.6603294153645413,0.0,0.03251187854645726,0.3585085874895466,0.009358280725276679,0.6327657140740348,0.21693701870823645,0.5396628731358656,0.0,0.01388439091273111,0.0,0.05573708917537501,0.16298751117680244,0.2657307515916152,0.14445497078382447,0.20144625689167875,0.5996149225470877,0.8984331292554825,0.03135238488124757,0.6508340119756382,0.27727821144428344,0.4293168733472575,0.7190329996012557,0.7660822966127364,0.5620816381275067,0.8566986925618814,0.6952577533117078,0.37298192604915054,0.2511434560592945,0.7785188701087176,0.1446021597699433,0.3063615205091732,0.0,0.9135821626032303,0.7634404815510347,0.4825564175045205,0.7388318213027376,0.6947714954421729,0.47503422436270326,0.15885722627472226,0.5187583798617781,0.6229558270529101,0.48775449230782386,0.3077706626508876,0.5753609999511815,0.10347434145998498
0.49041413225782454,0.7265538900562183,0.8556279171922139,0.42670756077490757,0.7248937207057127,0.8083684207262904,0.4430481080208976,0.7583801183722805,0.8337945674405385,0.6235141611209543,0.7440406238566322,0.8091062700796574,0.8292235136297827,0.1898509643196808,0.9487310855282742,0.7150878199259497,0.7493835576811156,0.7068379512449747,0.7944308809429738,0.0,0.6393442921263176,0.9935035457429218,0.831554068944155,0.7358293568273346,0.6893370437551057,0.7555139702397826,0.8985357753307303,0.8515136593974593,0.8001003506555375,0.7478693808085417,0.7951410130783048,0.0,0.04905298635659251,0.35281506219040526,0.0,0.7189031074111459,0.21551778878502098,0.49895737676389207,0.0,0.02601263067643976,0.0,0.20258760591869995,0.25462261088953836,0.36301613586158743,0.2960883229461685,0.3920886036206347,0.6670523471146119,0.8336548934923489,0.0,0.7172935124388335,0.445775019135222,0.3819544490535225,0.6427523645950817,0.8565824604806933,0.53488418112029,0.7489099837884325,0.6896664999525919,0.5565566610865443,0.2794817703945913,0.9289735053239235,0.20040078598213618,0.3535584253173081,0.0887697333874975,0.744277926033962,0.9437322823878551,0.589788618819728,0.8624692047399876,0.769872557944635,0.5906376614869219,0.2817177847099432,0.6248828908699513,0.8109180897366085,0.6251836902993124,0.5105424888830681,0.5820726272679867,0.19894975811420482
0.8149000984655985,0.6529370562643877,0.6128232133838002,0.5005779280740256,0.4513636645159863,0.8113933029410971,0.22493047333451638,0.6106779994511482,0.5066005636196815,0.3780322609523781,0.3401309179158833,0.5627751061612742,0.6569240466304458,0.09617344322365609,0.6489808946110498,0.757060903006222,0.5843060336298983,0.7843976669544019,0.5058100494178552,0.6393442921263176,0.0,0.6780242769122222,0.7551244419649374,0.6905226232640372,0.8106537456247432,0.7880559203329581,0.6487808110277897,0.6671874573121026,0.8047059312349609,0.5296266130077414,0.7074498895838525,0.17522207956874553,0.3278869820204757,0.19939007655942056,0.0,0.6434975373428261,0.009790710073722592,0.39322348393043194,0.17617548163877875,0.35578641782263065,0.21626287358376012,0.312412942536175,0.5857379857597853,0.3636297704702796,0.4451811516764244,0.7813006773330404,0.8435522934867706,0.47088605056422694,0.0,0.4345784079735136,0.7221633837590159,0.20753608813035163,0.5158266431429264,0.627946369515931,0.4232369045902461,0.354993608111311,0.3300053814080409,0.7910259936954576,0.3811565640503416,0.6404801134590197,0.5924276942778686,0.7072918072408956,0.5671276263112126,0.5601001095231493,0.5911852713032778,0.8621842071554899,0.7147293343435825,0.7039849141547436,0.7559613577405013,0.7691403586563927,0.8302516928543037,0.5995554448454169,0.7201136920953102,0.7182787187669455,0.5980657389116688,0.5233085748867725
0.5489095216666853,0.8563748590249427,0.8217285370134783,0.44308047966429825,0.7155809243474507,0.8064807580923764,0.516360145816855,0.6968342839053292,0.7595778382643974,0.6976381538820355,0.6929857176219787,0.7604205066427537,0.8202476663305973,0.11731797626252534,0.876787026147447,0.7741259949114748,0.8299998238205615,0.7763171105767566,0.7807010554687874,0.9935035457429218,0.6780242769122222,0.0,0.8251289974376468,0.7370833285788467,0.8068994230439424,0.830241384059795,0.9349670234855643,0.847803579708198,0.857573106190689,0.6820794230150065,0.8169005228008277,0.0,0.1430769864646421,0.3525828396780533,0.0,0.6410610453314599,0.1842962968959125,0.5702950262256923,0.06702141433429368,0.13869158785262867,0.0,0.32456940200461565,0.3083763817600427,0.45188832898955533,0.3630192189496779,0.4729032245646803,0.7393656900852666,0.8156888089330939,0.0,0.7489815775522198,0.49332672348235707,0.48097803391553706,0.6325940172058204,0.7952949327850195,0.6205004646571475,0.7256983416718371,0.6751340545706148,0.6128468527732998,0.2855593445430811,0.8792988689037475,0.30257346607920244,0.47810910507878424,0.12407687264710845,0.7743655905842167,0.9109545748444772,0.6515007939225291,0.8834391742313366,0.7896853711118289,0.6217712986488768,0.37399748888223033,0.7219541316013831,0.8908420431527038,0.644905021904274,0.6046641546460806,0.5499470750936564,0.3179569909336466
0.536986947586236,0.754786043289135,0.7867074921746392,0.36141199330828255,0.6027921468891769,0.8429695623050033,0.3666139444322272,0.829328249633331,0.7112017973703746,0.5767961629397513,0.6167616788817183,0.7252194466547736,0.7900422413049419,0.2042690373920756,0.8025415148155376,0.6686501306558006,0.7296995781544208,0.7041624058819813,0.726234757996561,0.831554068944155,0.7551244419649374,0.8251289974376468,0.0,0.7348025136683638,0.7215442740732132,0.805578739862001,0.8073807381650069,0.6889954739608414,0.7710592439923816,0.6076748805233108,0.6605563836844398,0.0,0.1469206623486222,0.2905744015457901,0.0,0.6664018255661821,0.09829453661741581,0.4682696746507873,0.009267214399455145,0.17468140309044763,0.0,0.1535538644064522,0.33464776935342844,0.32960173270526383,0.32031516031290086,0.4855537347956322,0.7466905122212375,0.7364005814870729,0.0,0.6516842759632814,0.6114007666894336,0.3714436475513417,0.7326266091437317,0.7557384294885559,0.5429382726158044,0.639610448355814,0.6245309802580403,0.66699479008743,0.3646354954883009,0.8380411561794487,0.2786988625041898,0.4636381720418884,0.1757245505546854,0.6858791418452875,0.7888667285862008,0.6875377037896044,0.7979127776020649,0.9079021429311542,0.7234666056267944,0.39183497522341315,0.7284291564874833,0.7398207088659394,0.5772693386831345,0.5263944727999021,0.5759734753585379,0.21793885083547243
0.5693236700666022,0.7476819218855218,0.6115898613703793,0.5356762749486224,0.6523125323877889,0.6962252056726398,0.56349489005089,0.6804764258686932,0.5586184220169255,0.7075045420651547,0.48893990021780676,0.7958138288173844,0.7694819683742713,0.16210425287600405,0.6820195981973945,0.7173359806011477,0.8211758375794744,0.7525555956759653,0.6199069614178648,0.7358293568273346,0.6905226232640372,0.7370833285788467,0.7348025136683638,0.0,0.7670744352641898,0.789826571626122,0.6322087685120299,0.7708679731649711,0.7052667044427118,0.5407859051689656,0.7651599352754161,0.0,0.2515245354182116,0.3419358354469233,0.0,0.6636401774872812,0.10948629393269559,0.5643472842407995,0.012657090680718519,0.22684281944123436,0.0,0.29610458575563864,0.3689456545584578,0.48313684748605085,0.4223988375763945,0.5289517226919328,0.7185454093527842,0.5665222610644481,0.0,0.5472620915480403,0.5329283877134173,0.39286258049825923,0.5978191181324423,0.6489682726567745,0.6351321763131601,0.4852533076733624,0.6898004613084172,0.6662080962318736,0.15271456900565375,0.6923625640826885,0.26815121719139207,0.5509864713512487,0.18764367243501262,0.5985109453553585,0.6493612466885588,0.6422459741807753,0.6404214105294717,0.7067163764752077,0.7859431399313214,0.4424379720947828,0.7449063594823268,0.6159190341776414,0.5697240536840339,0.4978649088669518,0.4197138920465408,0.29474601770634057
0.735528018142981,0.8736471358332262,0.5944050413881926,0.5488253349392571,0.4857257290493774,0.7762411208194261,0.43082263159595424,0.5295514436936839,0.4801336135454266,0.6195502902593224,0.31273727266198936,0.6618166948167955,0.7198483905116594,0.0,0.6328777754283856,0.8532224493354885,0.8065165263270042,0.9287451905903146,0.52094511279632,0.6893370437551057,0.8106537456247432,0.8068994230439424,0.7215442740732132,0.7670744352641898,0.0,0.9045225164288591,0.6948342641190227,0.7363132625676028,0.853966605183315,0.43847202064108726,0.7049868256425444,0.14844410937872804,0.28731530869297817,0.1591659896819289,0.0,0.482994063792999,0.02086535551884415,0.46524243217148015,0.21515722650487693,0.35386004786904945,0.23293535706708188,0.45083332864901515,0.3851013689847406,0.5210018622462628,0.442240233638861,0.664649426423735,0.8703528692289404,0.503836944747022,0.0,0.45388446435123436,0.6898799170570554,0.3171157210215567,0.43630548226738713,0.575122302791337,0.5227241009589123,0.34718462734245115,0.48669150070667927,0.7946297542789724,0.20840176288996404,0.6815422101418727,0.5333315686719233,0.7057157908665652,0.4105879230855056,0.5880010183698687,0.626508328141004,0.7585990001030883,0.7289364169298309,0.6997668996333257,0.7380898008125222,0.6699890429061812,0.8739697431628604,0.7016227133627102,0.6914210144086785,0.722070881370418,0.5014858731550438,0.5520890633750829
0.7132429259243444,0.9093037394752981,0.6992686074635361,0.4301914015088949,0.5041222992794997,0.8379139115252736,0.35294444402869296,0.6355352161929995,0.5737431236379738,0.572266259555852,0.4266768981647008,0.699960218518737,0.7849889609205267,0.035588556242184766,0.6943504360138123,0.8299338328406183,0.8006775552211152,0.873605005983177,0.5961480518160158,0.7555139702397826,0.7880559203329581,0.830241384059795,0.805578739862001,0.789826571626122,0.9045225164288591,0.0,0.7205177054007007,0.7435359898514065,0.799339242838323,0.5543251835905358,0.6897498534486651,0.10023947678555452,0.26496253512312756,0.19681832357492907,0.0,0.5977650953871884,0.0328708860095583,0.475503008935626,0.14134421598505575,0.32216322308237044,0.1600349266657316,0.3783906337764696,0.38543063945946987,0.4791224795184319,0.43595532355161337,0.6496126492571352,0.8074858329268816,0.6002137934576544,0.0,0.5532195616704896,0.6552239522659349,0.32732955629138794,0.5093681298427912,0.6653337798367536,0.5188096895209082,0.4543248277592631,0.5205033342060613,0.7710313664530224,0.3566177347322421,0.7565810162816826,0.461429438178491,0.6934428410767426,0.3841048351745739,0.6327967307172366,0.7182077293286778,0.6856138983336503,0.7863164155510867,0.7372937190629727,0.7423333560972395,0.6208155813507383,0.9110206577651738,0.737432731826267,0.6967209264433875,0.6147082850873226,0.5591997176164047,0.4824226771235075
0.44565083812431816,0.7398993730019221,0.8033678743166996,0.37570917136065585,0.739346133891948,0.7824755263791865,0.5380279395237217,0.6910741488670242,0.828308235111695,0.6580825728026354,0.7105211484232921,0.6709030924234802,0.7710834946216814,0.17094789483936323,0.8520313146800191,0.6622895102726425,0.7533966435858583,0.6790884002412475,0.7466735958135251,0.8985357753307303,0.6487808110277897,0.9349670234855643,0.8073807381650069,0.6322087685120299,0.6948342641190227,0.7205177054007007,0.0,0.7368049557858376,0.8189262890291299,0.6228318817745571,0.7319830767574149,0.0,0.1215114811332112,0.43376368190894005,0.0,0.584182020718948,0.18387665567788725,0.5318664998919787,0.06362179238928388,0.13391182343995864,0.0,0.20978002192457965,0.2199099661719836,0.39090203164239246,0.31788369819398743,0.392849878887661,0.7107767371689855,0.8035700589008484,0.0,0.768628477683438,0.40812029205804967,0.5494611223009351,0.6772346999536658,0.827532058687696,0.6120368906562359,0.7322279705921451,0.6414822266259268,0.5398953565097165,0.273657756490957,0.8454485772171789,0.27062598282145817,0.39681069152341486,0.0319841601119068,0.7261500668417888,0.8900463112326804,0.6220786326015203,0.8528809782627882,0.7762234098304103,0.5823774200958338,0.29976607456404575,0.6415743465432311,0.9077595632784962,0.565956103685125,0.5606444258577421,0.5425962184229235,0.21824326205964567
0.6117153280719909,0.7014168609144631,0.7383106321958446,0.6834746357930428,0.662286787942054,0.7603208425123924,0.43328203384422925,0.5826577995777731,0.6805909139089501,0.5850431699975747,0.5386990408580123,0.795119791943693,0.8483567177307034,0.058316603564031455,0.802565609602339,0.7959033731379654,0.7616839607617997,0.7923495510634125,0.6567157537347685,0.8515136593974593,0.6671874573121026,0.847803579708198,0.6889954739608414,0.7708679731649711,0.7363132625676028,0.7435359898514065,0.7368049557858376,0.0,0.787283260584741,0.731107822848367,0.8039808667920008,0.0,0.08648827806071242,0.25224971705291843,0.0,0.7596748723398985,0.2175885250461636,0.4542067377047794,0.0,0.10216837052580163,0.0,0.24353153518113962,0.3947664500692231,0.4403152764748505,0.3235626817656522,0.5218876109049936,0.7015418715191261,0.6956593180513261,0.0,0.5903605924400105,0.5786372494684389,0.3243833375911206,0.4704262428121174,0.7948215730898047,0.4613611864886441,0.5689642724837286,0.6059119600301159,0.7583356076508914,0.2746979699169988,0.8036732893072802,0.32781601310960173,0.4780398869821753,0.2911223416008361,0.6623869087082502,0.7908040951722253,0.6285489839914449,0.7809349111597799,0.687103911026032,0.6865789932182148,0.412742717197103,0.6783772640277053,0.7140026800888403,0.795665381103216,0.6204650805602454,0.573302827193605,0.34670977383036566
0.6881623746848664,0.7950155242343127,0.6512735116754524,0.5129848137171291,0.6131236318669566,0.841403792393123,0.47950119541527914,0.5911354775925703,0.6306567519524695,0.6077096772318744,0.4589547783764921,0.650722053227491,0.7650205704918455,0.0,0.7353047218832716,0.8315321159984401,0.7588061054674433,0.8372110161684985,0.6235975460268217,0.8001003506555375,0.8047059312349609,0.857573106190689,0.7710592439923816,0.7052667044427118,0.853966605183315,0.799339242838323,0.8189262890291299,0.787283260584741,0.0,0.6077790547506777,0.840582608261647,0.08756655393715804,0.2731289994923519,0.3465654514218919,0.0,0.6830931122480446,0.047246388190558875,0.5349265161746601,0.15376122664841455,0.2823517855034484,0.11192145935710532,0.369144957181279,0.4279526357089358,0.45221164289046517,0.42956575424050736,0.6418278656107177,0.8177396207471344,0.591980292386816,0.0,0.5465888647373649,0.611125289915228,0.3497547591329662,0.5277554880284139,0.6721600144155642,0.5630987660175444,0.47877156570953183,0.5198170633270378,0.6817838663984241,0.2803795377840618,0.7098871798236783,0.5249969531816008,0.5850131352960733,0.3548754493729412,0.6298768294229162,0.6957690211033957,0.7771852041957139,0.7635568713565539,0.7389704549907655,0.6792077139556176,0.589739056564017,0.7806698569149069,0.7406327037757025,0.6670860370829799,0.7193061871661264,0.5467194786634599,0.44585058828448465
