0.0,0.12577821063128003,0.0,0.29120142481067246,0.48638183009134806,0.20362480776040615,0.4283066390215363,0.17227046859501835,0.2824158155034348,0.0,0.24428211019982077,0.0,0.43430249807293764,0.4375338703640639,0.056102630110648644,0.21542535124358714,0.0,0.23515237542426914,0.010522787521260263,0.44586034045620804,0.35800449683646485,0.25878173128077153,0.0,0.1942302023486929,0.5204406087273428,0.16040558881229988,0.14924164880618454,0.09672543224275978,0.5113523456504997,0.328883801861951,0.3236556635774833,0.0,0.1766557984775018,0.13949767737824273,0.0,0.17762663543094095,0.0,0.2827684638366258,0.0,0.27221730430959973,0.6366972051149973,0.058013563520979965,0.0,0.0,0.23085765808517456,0.8571460861898806,0.0,0.20939552623861968,0.2700742615787496,0.4920036769213977,0.011591159836866483,0.08072771138845189,0.036085318210080486,0.29936504070400555,0.0,0.23035827233125852,0.0,0.0,0.10704101427491935,0.0,0.0,0.0,0.0,0.0,0.0,0.38247156115201586,0.0,0.0,0.12586334570981564,0.11339787626361297,0.0,0.0,0.0,0.19093701289109355,0.13893660191137924,0.06491781669273311
0.12577821063128003,0.0,0.008115390409568601,0.0,0.13760928509329773,0.42484941984639013,0.31356635090573315,0.4319116851706341,0.2688974501580867,0.0,0.3325228776719138,0.0,0.10730875757222219,0.30732797267222345,0.0,0.45829646082834846,0.3735124130166291,0.5257509120342252,0.11850954752041185,0.0,0.0,0.21680660757400344,0.19986987182050434,0.35575242993911416,0.4153326419480191,0.5982838719974005,0.308092919959878,0.0550942583710024,0.0,0.0,0.23309326959013796,0.006291673718782226,0.0,0.3887942980528566,0.1168966923499646,0.0,0.0,0.2010810644645109,0.3408937013546317,0.0,0.169516105038948,0.43244103823225244,0.09936444313046623,0.0,0.21347338388795656,0.0,0.0,0.23442079586271344,0.016558540596079474,0.2823584477867644,0.3724201601909291,0.0,0.4431957920019941,0.13547394390460404,0.0,0.3220742018558788,0.0,0.03981597020729166,0.4368111846670386,0.0,0.08724563580778685,0.0,0.0,0.22308895197650674,0.4311093014056867,0.1201762962986587,0.18098975304951562,0.19240009826786214,0.08882136016126876,0.0,0.0,0.45726760578866427,0.0,0.13595270682936414,0.2881343805960098,0.0
0.0,0.008115390409568601,0.0,0.0,0.0,0.19926517232383617,0.0,0.11714948516164686,0.03837244476856594,0.5749635871681282,0.01831393232475098,0.1806276099134484,0.0,0.0,0.0,0.12285530232927695,0.45504396557500243,0.35438198290145834,0.4343856717551023,0.0,0.0,0.0,0.3006230216593332,0.286743920371361,0.16409493864000266,0.1875575275533734,0.35545366551766394,0.03795771560312727,0.0,0.0,0.0,0.021092209511692217,0.20222286196027073,0.15305315074619097,0.17677205180114236,0.0,0.06354346430373933,0.022977970247229446,0.30616717735830573,0.055062008603832105,0.0,0.21436816458284574,0.2766890559668326,0.24960949578636635,0.012958064937893032,0.0,0.3342612796749885,0.22807267076149706,0.0,0.0,0.31556954347861454,0.0658765658736335,0.07125536488489687,0.15738027500895113,0.33796057638863297,0.06011243326696536,0.1492075282373117,0.4899519284066698,0.0,0.4714250404194073,0.5072170933260357,0.46286688421991373,0.3774283642810109,0.49123017650934553,0.3687303808267173,0.0,0.6227566897582197,0.30982024157097565,0.23649036846448232,0.24022604281174972,0.3339208563420591,0.3276161827642586,0.3332581881719077,0.39460282176806966,0.2503936649897665,0.3161136602948347
0.29120142481067246,0.0,0.0,0.0,0.22543956906766174,0.0,0.3143567783969843,0.029782164121636687,0.0,0.0,0.0,0.0,0.4581322214759006,0.19723069913681307,0.21671580432227935,0.0,0.0,0.0,0.0,0.4503380174239171,0.33859344659703505,0.16598346981675555,0.0,0.0,0.0,0.0,0.0,0.1704999137189082,0.4042781692268538,0.627252743225683,0.25952508624286186,0.0,0.0,0.0,0.0,0.31642972173862866,0.1458726051435727,0.0,0.0,0.18840183098288787,0.35388654802354447,0.0,0.0,0.0,0.0,0.3292363569302,0.0,0.0,0.602417017784594,0.22180983396789922,0.0,0.24038813122597974,0.0,0.0,0.0,0.0,0.0,0.0,0.11211306094337439,0.0,0.0,0.0,0.0,0.0,0.0,0.2036104464085322,0.0,0.0,0.0,0.0,0.0,0.0,0.0,0.0,0.0,0.0
0.48638183009134806,0.13760928509329773,0.0,0.22543956906766174,0.0,0.654361648253206,0.6227427962588313,0.49873568225837517,0.792981794090656,0.0,0.7958382807662078,0.0,0.6247697091764539,0.729267545486757,0.0,0.14989533010018657,0.5362338022400667,0.45299992161162406,0.27219092402261147,0.008913807677148167,0.18495344776045008,0.0,0.36944054493259304,0.30608469685619977,0.6719371358142354,0.4734564372018762,0.602889281255818,0.0,0.35019562128251275,0.0,0.17487387622730452,0.0,0.42345719073912336,0.5545380973347839,0.0,0.0,0.0,0.755892722595479,0.14695959373698922,0.0,0.6705156339571263,0.4419671646037322,0.0,0.0,0.47516269160379243,0.526722817647912,0.0,0.615180959075857,0.0,0.8718742797301438,0.447260265558859,0.0,0.4289266861289802,0.6942529077534627,0.0,0.7050104644163926,0.0,0.0,0.15683598330977594,0.0,0.0,0.0,0.0,0.0,0.25965590262666977,0.5442049378166803,0.0,0.31655982024476903,0.0,0.12932367430891298,0.0,0.44375222203421794,0.0,0.4109438555503513,0.5972501404669743,0.0
0.20362480776040615,0.42484941984639013,0.19926517232383617,0.0,0.654361648253206,0.0,0.22652455300521873,0.7101609502900507,0.8260302635050499,0.0,0.8262829433731742,0.0,0.46075156426580427,0.6614319533222331,0.0,0.14147137283893532,0.7908196777049146,0.6924549695580675,0.5775121852591825,0.0,0.0,0.0,0.7922104242145906,0.47912356641036036,0.81853812300422,0.8204512151091179,0.8416696290836304,0.0,0.0,0.0,0.0,0.0,0.30400633784870396,0.5669236844339441,0.0,0.0,0.0,0.7098166195807013,0.520488086916914,0.0,0.4011235660172529,0.6984277395384694,0.0,0.0,0.6141197032620168,0.20233298750684645,0.0,0.8379051789338323,0.0,0.5943339556991778,0.8531222076922231,0.0,0.6713054781574617,0.7504053354047606,0.0,0.8153533039024687,0.0,0.0,0.2105847236160226,0.0,0.2600625198692212,0.0,0.0,0.3965787239206577,0.6621690989372429,0.3651163301093366,0.3973430718989297,0.7505628833398895,0.05915081031106789,0.3679364734853601,0.13801414435672388,0.7633767572356804,0.0,0.5456256035402196,0.7862647583256592,0.2723679529615341
0.4283066390215363,0.31356635090573315,0.0,0.3143567783969843,0.6227427962588313,0.22652455300521873,0.0,0.28567077141518543,0.4120382416575555,0.0,0.3901721246640486,0.0,0.5298683761553441,0.483430822041204,0.0,0.3855733455256477,0.09785799334425671,0.23043756792360476,0.0,0.3234043422021304,0.3551625803253906,0.3889993524554353,0.0,0.14539289696756927,0.4110032014458014,0.11787102286229498,0.13853376386118632,0.0,0.5948380713847059,0.3787605854404146,0.6301243243429739,0.0,0.3051888673251605,0.3948416005824775,0.0,0.0,0.0,0.3169087190801194,0.0,0.12158816618260532,0.5330027553160459,0.31114145788742376,0.0,0.0,0.0,0.40241356815028206,0.0,0.0,0.22884272644042958,0.7030118250577315,0.03425991647068813,0.07238019181509309,0.23054557987939867,0.23668915102767402,0.0,0.2587169013047377,0.0,0.0,0.37459960336349624,0.0,0.0,0.0,0.0,0.0,0.0,0.48770835119624156,0.0,0.0,0.0,0.0,0.0,0.0974626771609988,0.0,0.023214591221440234,0.11485212280152954,0.0
0.17227046859501835,0.4319116851706341,0.11714948516164686,0.029782164121636687,0.49873568225837517,0.7101609502900507,0.28567077141518543,0.0,0.5908030518309375,0.0,0.5551313594670457,0.0,0.42371055360424675,0.5140924540789201,0.0,0.0691456235098679,0.5191592130340298,0.42072836603398717,0.4312510863154136,0.0,0.046929603611912785,0.0,0.5436222412043213,0.4059094529308476,0.49330594518857085,0.5970014123988008,0.565215527414515,0.0,0.011111803852144747,0.0,0.024416258595130247,0.0,0.1367025301027277,0.4152016279265302,0.0,0.0,0.0,0.531689052187085,0.36080115231931553,0.0,0.30671835678068365,0.4712224588683437,0.0,0.0,0.4049170531316167,0.06688024083440712,0.0,0.5822547743539122,0.07962063539560224,0.5569946213541639,0.6342906649124417,0.0,0.8485032347323013,0.49095003405266474,0.0,0.5619370868837553,0.0,0.0,0.27610943231204393,0.0,0.0,0.0,0.0,0.29056495943987043,0.4166064494272342,0.4345026767350259,0.09268475808523007,0.4942052000066752,0.07470129756662283,0.19428817774880405,0.0,0.5383439985511768,0.0,0.256489380735631,0.5276529935223025,0.0
0.2824158155034348,0.2688974501580867,0.03837244476856594,0.0,0.792981794090656,0.8260302635050499,0.4120382416575555,0.5908030518309375,0.0,0.0,0.9551685509217486,0.0,0.42217972102575596,0.5999167077529,0.0,0.11678369596736499,0.6534615428504489,0.5794269532500119,0.5743129066699234,0.0,0.10884579050755627,0.0,0.5819494991324966,0.39029123553636885,0.7482353992972856,0.7064487862412908,0.8274752456012805,0.0,0.13420648166473753,0.0,0.0,0.0,0.3437493967922365,0.5689725416296538,0.0,0.0,0.0,0.7802833650934098,0.35137142946519684,0.0,0.45753070781189886,0.5557990709677371,0.0,0.0,0.6093826649083885,0.29539447595520646,0.0,0.8660160927919747,0.0,0.7597601693968177,0.6471840202133906,0.0,0.5964498832204721,0.8996846644074389,0.0,0.9207692811743498,0.0,0.0,0.20387927834127384,0.0,0.0,0.0,0.0,0.29772669406722735,0.5656676442767761,0.5433165495394677,0.21748195596370945,0.5565200559908298,0.0,0.26115438539409924,0.0,0.7058912728829181,0.0,0.42858872598507614,0.7352790082858344,0.09576709845132268
0.0,0.0,0.5749635871681282,0.0,0.0,0.0,0.0,0.0,0.0,0.0,0.0,0.6952125639227412,0.0,0.0,0.18207268564023835,0.0,0.19606864184685047,0.0979147400134791,0.1403706704113727,0.0,0.0,0.0,0.20429342754678018,0.04070973402493738,0.0,0.0,0.0,0.3377031735454366,0.0,0.0,0.0,0.35727851386761844,0.0,0.0,0.39932504046639156,0.06520509455537886,0.41347958639211757,0.0,0.29376919764283493,0.22449352256002214,0.0,0.0,0.5173716557660578,0.6259927147477475,0.0,0.0,0.7096978176582165,0.0,0.0,0.0,0.019549858983446494,0.290429136584173,0.0,0.0,0.8332130944362395,0.0,0.6812830168170397,0.7288540546730218,0.0,0.6850602908199186,0.6431956098712213,0.903624692638534,0.7689589871445339,0.3830717272870539,0.07926546545637037,0.0,0.5085158178477998,0.20731147025238864,0.2555748611631963,0.24020884068804454,0.5985912271262629,0.0,0.7858378885038133,0.17735252579379854,0.0,0.6089909397743813
0.24428211019982077,0.3325228776719138,0.01831393232475098,0.0,0.7958382807662078,0.8262829433731742,0.3901721246640486,0.5551313594670457,0.9551685509217486,0.0,0.0,0.0,0.3869779271935633,0.6745388637361756,0.0,0.15308031073320827,0.7478774596297783,0.6243771975349455,0.47914584828836587,0.0,0.0,0.0,0.5862007009927008,0.43817403853894077,0.7260569869223457,0.7602064211889836,0.7920861755307274,0.0,0.029128547297930518,0.0,0.0,0.0,0.3707944564213945,0.6126834134762724,0.0,0.0,0.0,0.7357514052431642,0.3902371350926932,0.0,0.40328808943915084,0.5474967951898149,0.0,0.0,0.6238171068787004,0.2499833832378266,0.0,0.8100834422312357,0.0,0.7472693049342752,0.6423065953739582,0.0,0.5567056431362241,0.8348608737432205,0.0,0.9522923250523212,0.0,0.0,0.1977093823813407,0.0,0.048724434857141036,0.0,0.0,0.24539058050892415,0.5770494388315165,0.46980661173097255,0.2471989945800782,0.5752900861833867,0.0,0.16374201684070377,0.0,0.7168684476593357,0.0,0.3836198903974608,0.7771363358288789,0.10154476282008307
0.0,0.0,0.1806276099134484,0.0,0.0,0.0,0.0,0.0,0.0,0.6952125639227412,0.0,0.0,0.0,0.0,0.4046810259030641,0.0,0.0,0.0,0.0,0.11535164456594582,0.0,0.16713440989651931,0.0,0.0,0.0,0.0,0.0,0.50604289304549,0.0,0.10018475248524852,0.0,0.6741364262616776,0.0,0.0,0.2564715996774121,0.25538404444067303,0.6909814622268576,0.0,0.0,0.4896582247765251,0.0,0.0,0.4470237987253127,0.6779046322749752,0.0,0.0,0.5979616169826879,0.0,0.13511330409797584,0.0,0.0,0.6180406475989946,0.0,0.0,0.9060285145999347,0.0,0.9546012659750361,0.5805998252533242,0.0,0.44944893130420616,0.2661194864429668,0.6390705224010552,0.6501592771067859,0.0,0.0,0.0,0.03490276177814128,0.0,0.26263405437493137,0.10870113407036591,0.4109668715963884,0.0,0.7725210285852371,0.0,0.0,0.18578186034470406
0.43430249807293764,0.10730875757222219,0.0,0.4581322214759006,0.6247697091764539,0.46075156426580427,0.5298683761553441,0.42371055360424675,0.42217972102575596,0.0,0.3869779271935633,0.0,0.0,0.5194782590488365,0.09700050978336344,0.11177622255258085,0.2468180320971457,0.3537010824861342,0.17932534023199037,0.28243516967039706,0.36451892349342785,0.09871197806391052,0.12992116347889732,0.1833649179451916,0.5005185219218267,0.23415744235189717,0.2698459567478023,0.19338568436095654,0.49943842843664366,0.2623148247059967,0.14263150967419413,0.0,0.19487449565744716,0.07219158039098414,0.0,0.23982598728955287,0.0,0.315555052553274,0.0,0.033275191535217796,0.5666597409723527,0.11911815741063678,0.0,0.0,0.1627848352918068,0.5019731138998873,0.0,0.299263263438082,0.3187014928132428,0.5550771359871748,0.2800426413138352,0.07702918677860404,0.3719425273317268,0.380988701684497,0.0,0.320091783861046,0.0,0.004480735361838573,0.052068760236940556,0.0,0.0,0.0,0.0,0.0,0.0,0.497962344560863,0.0,0.046259567063350215,0.0,0.257367755480937,0.016165419783208568,0.07847767184526522,0.0,0.30364557723962726,0.14668776250529353,0.0
0.4375338703640639,0.30732797267222345,0.0,0.19723069913681307,0.729267545486757,0.6614319533222331,0.483430822041204,0.5140924540789201,0.5999167077529,0.0,0.6745388637361756,0.0,0.5194782590488365,0.0,0.0,0.17943906610985752,0.4667735425202425,0.49259216940537776,0.13381813096299416,0.0,0.006256047849738433,0.0,0.4449225231706324,0.4181743566153402,0.6180478724121389,0.5629690618992279,0.5276616230262876,0.0,0.19182877880905674,0.0,0.20435632110456636,0.0,0.3561030821534277,0.5614784317762092,0.0,0.11446848643316823,0.0,0.638517591480312,0.2848309540811805,0.0,0.6028446811362685,0.6083679471782604,0.0,0.0,0.48829352444343743,0.44576381038974133,0.0,0.5505049332466826,0.100740255133408,0.7003315728874442,0.4611705896089212,0.0,0.4785975703051486,0.4910742348178493,0.0,0.5657858900858397,0.0,0.0,0.3951148016624157,0.0,0.008660149135020334,0.0,0.0,0.0,0.31527531046616203,0.35896299917173996,0.0,0.38037679923301604,0.026902624710803597,0.07256211280113424,0.0,0.4966623546544166,0.0,0.35173356066902123,0.5109380554582882,0.07028550549833061
0.056102630110648644,0.0,0.0,0.21671580432227935,0.0,0.0,0.0,0.0,0.0,0.18207268564023835,0.0,0.4046810259030641,0.09700050978336344,0.0,0.0,0.0,0.0,0.0,0.136374288370181,0.4537033273649128,0.5724742721030852,0.20744541291660606,0.0,0.0,0.0,0.0,0.0,0.37741430175231355,0.3054797291617584,0.3958601606205553,0.0,0.34678217393638033,0.0,0.0,0.0,0.28140018503264796,0.37161441251891114,0.0,0.0,0.2869881757639058,0.0,0.0,0.0,0.0051642914913010984,0.0,0.1680696949028046,0.5735868925836046,0.0,0.27070134090509573,0.0,0.0,0.32556196455846875,0.0,0.0,0.34046208950710577,0.0,0.45201847839666626,0.09877293697759898,0.0,0.4880366733842053,0.0,0.336746207539799,0.26365734393611984,0.0,0.0,0.1868666558710696,0.0,0.0,0.08184281851624388,0.21002302473558426,0.5323897627363269,0.0,0.2924212793530445,0.002275395363211863,0.0,0.21965989015843357
0.21542535124358714,0.45829646082834846,0.12285530232927695,0.0,0.14989533010018657,0.14147137283893532,0.3855733455256477,0.0691456235098679,0.11678369596736499,0.0,0.15308031073320827,0.0,0.11177622255258085,0.17943906610985752,0.0,0.0,0.056605119378494884,0.5081951045653502,0.05202402771414555,0.1966008116127678,0.22227979353011687,0.511809765984307,0.0,0.1505279039175968,0.34796907537012844,0.16777564331501305,0.20685385780748689,0.1905795519171155,0.4603210486564109,0.0,0.458989445750286,0.1575096118571839,0.05106930812006208,0.2500752870717829,0.07834965659675155,0.0,0.0,0.001487182803496273,0.16384684538540661,0.1842030648274072,0.1977174875475363,0.19842647841695826,0.0,0.0,0.005157950822581442,0.15526845594016814,0.0,0.029135406800689073,0.06613620343305773,0.22690303770894432,0.047382389146952614,0.2314710015676611,0.07079935795641229,0.0409069477835034,0.0,0.11344404793242287,0.0,0.029407099285017946,0.12611427445038378,0.0,0.18861297250307263,0.0,0.16388136642951456,0.008821263988402828,0.1684441194436077,0.23952324512828735,0.05622594793642388,0.0,0.04676732764055028,0.11115861942934768,0.0,0.20572911900497426,0.09701347625763657,0.3412653774638435,0.029378218088233876,0.0
0.0,0.3735124130166291,0.45504396557500243,0.0,0.5362338022400667,0.7908196777049146,0.09785799334425671,0.5191592130340298,0.6534615428504489,0.19606864184685047,0.7478774596297783,0.0,0.2468180320971457,0.4667735425202425,0.0,0.056605119378494884,0.0,0.7662079169184,0.5118576593825455,0.0,0.0,0.0,0.8062587428186323,0.47519323807097746,0.6727687100869839,0.7837552689814477,0.8116819653436546,0.0,0.0,0.0,0.0,0.0,0.3263779856007962,0.7141233137326989,0.08957780150261281,0.0,0.0,0.7238714774267632,0.6033383095727753,0.0,0.31879370108747207,0.7610848835203492,0.031225239620776613,0.0,0.6855499073480722,0.05562882345877884,0.0,0.7517696537684303,0.0,0.437452592301849,0.7365155852777404,0.0,0.4689953201299052,0.5912372922037827,0.0,0.7027580589722175,0.0,0.1376607984405337,0.19982811297525713,0.07026684029859515,0.45868165773485226,0.11914326413240134,0.0,0.46040094953340166,0.8508470938417935,0.03743710873925701,0.6843797728867637,0.7860913872387648,0.03678072440314567,0.11577721384617706,0.07191813689965149,0.8505640629263476,0.0,0.5875942700804265,0.9453321513557895,0.46742224372557156
0.23515237542426914,0.5257509120342252,0.35438198290145834,0.0,0.45299992161162406,0.6924549695580675,0.23043756792360476,0.42072836603398717,0.5794269532500119,0.0979147400134791,0.6243771975349455,0.0,0.3537010824861342,0.49259216940537776,0.0,0.5081951045653502,0.7662079169184,0.0,0.44530743900807923,0.0,0.0,0.0,0.5676837941518555,0.6025707261835039,0.7463750182743788,0.7553661182380382,0.7099914454671634,0.14594836612035236,0.06670865287263766,0.0,0.12011495287851076,0.0,0.25200790961591496,0.5311382077429425,0.06685400310823691,0.0,0.0,0.5472187422973386,0.538354255605042,0.0,0.3662499802672945,0.5764024376573071,0.07304420655852277,0.0,0.5474821396040243,0.20214907372761232,0.0,0.6396936872546454,0.0,0.45080387217920537,0.5793954607418159,0.0,0.4308344764675791,0.531335182417126,0.0,0.6035317061999534,0.0,0.26322069246374735,0.28818324108222276,0.11452193063393759,0.3970063590554605,0.11047455945634665,0.14168787393721155,0.40036391088500656,0.6703557967540966,0.17505292159046193,0.5323779855733801,0.5557717394930279,0.1609838116975223,0.1562341908402024,0.07824828839925996,0.6823890965418948,0.10349376887987072,0.5964198080432613,0.6736954858874428,0.40550073789391317
0.010522787521260263,0.11850954752041185,0.4343856717551023,0.0,0.27219092402261147,0.5775121852591825,0.0,0.4312510863154136,0.5743129066699234,0.1403706704113727,0.47914584828836587,0.0,0.17932534023199037,0.13381813096299416,0.136374288370181,0.05202402771414555,0.5118576593825455,0.44530743900807923,0.0,0.0,0.09609076690419258,0.0,0.6062898058263241,0.3327047523183702,0.4897635272735875,0.5342231723663403,0.670615754451334,0.006637812481928684,0.0,0.0,0.0,0.0,0.09702779958160894,0.1787374667932121,0.0,0.0,0.0,0.3452170204427628,0.4912554196141302,0.0,0.0,0.24508028144423036,0.0,0.0,0.49269443205290936,0.05553545829923906,0.24704618948099188,0.6922530224633868,0.0,0.21219700473784933,0.6701585509790782,0.0,0.4810323303701821,0.6587782923921804,0.0,0.5965157522609018,0.0,0.17703190846384648,0.0,0.4783163849607883,0.2115533361578315,0.21391316130114943,0.09591644941198572,0.6630601902998173,0.5771211667883688,0.2674043710431112,0.4709094752318322,0.613446269644973,0.1200163334927562,0.43137803905043237,0.366720939290642,0.5670808861286285,0.15641515133536038,0.5074826561259251,0.5300685627683442,0.34130829536546614
0.44586034045620804,0.0,0.0,0.4503380174239171,0.008913807677148167,0.0,0.3234043422021304,0.0,0.0,0.0,0.0,0.11535164456594582,0.28243516967039706,0.0,0.4537033273649128,0.1966008116127678,0.0,0.0,0.0,0.0,0.7105509271233521,0.7269456396421355,0.0,0.0,0.0,0.0,0.0,0.2532567267954964,0.7650117152548189,0.8105909570725045,0.4745945756607417,0.17954502541614462,0.0,0.0,0.0,0.16202397150944559,0.2238893503468418,0.0,0.0,0.5106860609037535,0.221016320421069,0.0,0.0,0.0,0.0,0.43516736016282387,0.0,0.0,0.49171818739454093,0.08090852989837877,0.0,0.47473536127289084,0.0,0.0,0.09056597309997283,0.0,0.177267147988873,0.0,0.0,0.0,0.0,0.0,0.0,0.0,0.0,0.32790984174277815,0.0,0.0,0.03568371148859978,0.0,0.0,0.0,0.0,0.0,0.0,0.0
0.35800449683646485,0.0,0.0,0.33859344659703505,0.18495344776045008,0.0,0.3551625803253906,0.046929603611912785,0.10884579050755627,0.0,0.0,0.0,0.36451892349342785,0.006256047849738433,0.5724742721030852,0.22227979353011687,0.0,0.0,0.09609076690419258,0.7105509271233521,0.0,0.5794749184515162,0.0,0.0,0.0891788293179438,0.0,0.0,0.2611883104171263,0.7511592941240217,0.6321801494686752,0.31229641802777425,0.18968987902335663,0.0,0.0,0.0,0.1704679134746104,0.06433815767356263,0.0,0.0,0.21369089433559268,0.24768464555398773,0.0,0.0,0.0,0.0,0.34826634881559326,0.0,0.0,0.43350243729521665,0.2295867819211189,0.0,0.26487898921066527,0.08513032452831026,0.13322630575880906,0.0,0.009597017009161712,0.0,0.0,0.0,0.0,0.0,0.0,0.0,0.0,0.0,0.6760150752202894,0.0,0.0,0.0,0.17746778586718345,0.0,0.0,0.0,0.0,0.0,0.0
0.25878173128077153,0.21680660757400344,0.0,0.16598346981675555,0.0,0.0,0.3889993524554353,0.0,0.0,0.0,0.0,0.16713440989651931,0.09871197806391052,0.0,0.20744541291660606,0.511809765984307,0.0,0.0,0.0,0.7269456396421355,0.5794749184515162,0.0,0.0,0.0,0.0,0.0,0.0,0.3215120123468951,0.644460669538465,0.5070615491306275,0.586922995897455,0.34278022997978663,0.0,0.0,0.0,0.0915864029351691,0.1952203767996437,0.0,0.0,0.4118933633813853,0.08226228597556733,0.0,0.0,0.0,0.0,0.1457470336748558,0.0,0.0,0.4150987079113332,0.06606438513672086,0.0,0.5162528265979753,0.0,0.0,0.06710771590194531,0.0,0.13962779933496694,0.0,0.10823391860233444,0.0,0.0,0.0,0.0,0.0,0.0,0.30850795119056795,0.0,0.0,0.0,0.0,0.0,0.0,0.0,0.0,0.0,0.0
0.0,0.19986987182050434,0.3006230216593332,0.0,0.36944054493259304,0.7922104242145906,0.0,0.5436222412043213,0.5819494991324966,0.20429342754678018,0.5862007009927008,0.0,0.12992116347889732,0.4449225231706324,0.0,0.0,0.8062587428186323,0.5676837941518555,0.6062898058263241,0.0,0.0,0.0,0.0,0.4185041030798389,0.5809287006761661,0.7713279076250787,0.7651423150407273,0.0,0.0,0.0,0.0,0.0,0.19196863850406157,0.3945697329354716,0.07914140677843373,0.0,0.0,0.6159893599366207,0.6468197487023879,0.0,0.1525012652233733,0.5679530581071884,0.019228325774793942,0.0,0.7451151872459316,0.02935979756815918,0.2666654078620332,0.8278831147937995,0.0,0.2623349274852962,0.8104296956713415,0.0,0.5218273285773478,0.6147048303495724,0.0,0.6347390503796753,0.0,0.168058928274748,0.005839599235107268,0.3172383719598483,0.5120164336606929,0.31275136640766377,0.13557087856781347,0.5528923820767061,0.6905793055452789,0.05227856659749652,0.6530197578480686,0.9833716026150935,0.07358149490402971,0.30769254926644385,0.4517397268635958,0.7293780116283167,0.0718572439611162,0.530967047060126,0.7937073794876242,0.5877019987532011
0.1942302023486929,0.35575242993911416,0.286743920371361,0.0,0.30608469685619977,0.47912356641036036,0.14539289696756927,0.4059094529308476,0.39029123553636885,0.04070973402493738,0.43817403853894077,0.0,0.1833649179451916,0.4181743566153402,0.0,0.1505279039175968,0.47519323807097746,0.6025707261835039,0.3327047523183702,0.0,0.0,0.0,0.4185041030798389,0.0,0.5120233217403345,0.6604710233241775,0.39000026031107016,0.04941188358285023,0.0,0.0,0.09916948411716053,0.0,0.3307793383505958,0.41224401273979067,0.06837504507290669,0.0,0.0,0.38056511527941167,0.4752989178564281,0.0,0.36063756276334746,0.5928343919470442,0.07339689036992106,0.046494869763335805,0.45323256625021147,0.17238529670419078,0.0,0.4899363849538798,0.0,0.35143269781195097,0.4473091160415194,0.0,0.46898313678672193,0.385742682624687,0.0,0.4004778377064521,0.0,0.19239282677320946,0.2945426991651582,0.06747991357431371,0.20090719308859362,0.07913762519139123,0.06715995727258006,0.3373079717402824,0.43453212118514073,0.08102354769898854,0.3328966683680392,0.37798005958646497,0.5377928452632144,0.12545837061895715,0.17570142864560012,0.3708137865477103,0.08082117456813687,0.25263603096993553,0.5206250017252276,0.29126557641215345
0.5204406087273428,0.4153326419480191,0.16409493864000266,0.0,0.6719371358142354,0.81853812300422,0.4110032014458014,0.49330594518857085,0.7482353992972856,0.0,0.7260569869223457,0.0,0.5005185219218267,0.6180478724121389,0.0,0.34796907537012844,0.6727687100869839,0.7463750182743788,0.4897635272735875,0.0,0.0891788293179438,0.0,0.5809287006761661,0.5120233217403345,0.0,0.7233785301591675,0.7533368043061881,0.0,0.2911079045167009,0.0,0.09717412144263432,0.0,0.41446435012107324,0.530218445284693,0.0,0.0,0.0,0.6702598858463833,0.4135796594213832,0.0,0.5550712938924425,0.5854143080113384,0.0,0.0,0.6264252519533509,0.4815649105124246,0.0,0.697834169866506,0.0,0.6577040605364826,0.636781179105091,0.0,0.4766822107012237,0.7015378654560994,0.0,0.6872597415221208,0.0,0.0,0.21191541759447563,0.0,0.18241080506175888,0.0,0.0,0.2897260103461326,0.5345718086941124,0.43806244298841945,0.23983069884773187,0.5042372624025897,0.13726148036946276,0.3496474249613205,0.006857601549669967,0.6073117043518814,0.0,0.6219955973657311,0.7093175800446666,0.26767473832624483
0.16040558881229988,0.5982838719974005,0.1875575275533734,0.0,0.4734564372018762,0.8204512151091179,0.11787102286229498,0.5970014123988008,0.7064487862412908,0.0,0.7602064211889836,0.0,0.23415744235189717,0.5629690618992279,0.0,0.16777564331501305,0.7837552689814477,0.7553661182380382,0.5342231723663403,0.0,0.0,0.0,0.7713279076250787,0.6604710233241775,0.7233785301591675,0.0,0.7400671255421576,0.0,0.0,0.0,0.0,0.0,0.2840419797168241,0.5201997981674581,0.01866216112167486,0.0,0.0,0.6352541555035653,0.6022204832464301,0.0,0.3263166523064627,0.68172683333486,0.0,0.0,0.6591121978842468,0.09021991698743365,0.0,0.7995174285900513,0.0,0.4721904090387786,0.7380671551238074,0.0,0.6161612409695694,0.6798240524893543,0.0,0.7690146272891288,0.0,0.0,0.24438445405305695,0.04785037582257606,0.28423632334433757,0.0,0.0,0.4953413161208847,0.7155976389299883,0.2299858845765057,0.5108969302733158,0.7387403492308227,0.18921791858472742,0.16609858252848897,0.08142492069667095,0.7730145129845667,0.0,0.4116304333031122,0.7814998318682277,0.35182011450027556
0.14924164880618454,0.308092919959878,0.35545366551766394,0.0,0.602889281255818,0.8416696290836304,0.13853376386118632,0.565215527414515,0.8274752456012805,0.0,0.7920861755307274,0.0,0.2698459567478023,0.5276616230262876,0.0,0.20685385780748689,0.8116819653436546,0.7099914454671634,0.670615754451334,0.0,0.0,0.0,0.7651423150407273,0.39000026031107016,0.7533368043061881,0.7400671255421576,0.0,0.0,0.0,0.0,0.0,0.0,0.209955943540723,0.5861026536312641,0.0,0.0,0.0,0.6534304887907812,0.47858141211408234,0.0,0.25776661556335323,0.6119669529679517,0.0,0.0,0.6609843789119348,0.1824431447987578,0.0,0.8504521815930353,0.0,0.5575091465230801,0.8094178339308211,0.0,0.5689567982317282,0.7853252954683174,0.0,0.7995090135243651,0.0,0.0,0.141053601088586,0.14796610479294553,0.2610393208581259,0.0,0.0,0.508707875022766,0.8156017629146679,0.33749664487495307,0.5263485018730563,0.7683908456731279,0.0,0.22950545915534365,0.08884945023351143,0.901304476881877,0.0,0.7030198834208856,0.7663495125101153,0.31348507683230464
0.09672543224275978,0.0550942583710024,0.03795771560312727,0.1704999137189082,0.0,0.0,0.0,0.0,0.0,0.3377031735454366,0.0,0.50604289304549,0.19338568436095654,0.0,0.37741430175231355,0.1905795519171155,0.0,0.14594836612035236,0.006637812481928684,0.2532567267954964,0.2611883104171263,0.3215120123468951,0.0,0.04941188358285023,0.0,0.0,0.0,0.0,0.24274837938628363,0.1912522322871804,0.1097166959487545,0.47155737044460005,0.0,0.0,0.05828078941467414,0.38909967980352356,0.347784407243785,0.0,0.05895027566467456,0.32158559334858705,0.0,0.0,0.2244611401393117,0.271738002765732,0.0,0.09897714720703851,0.20764598127266168,0.0,0.4229340268183172,0.0,0.0,0.45236178126417453,0.0,0.0,0.4532505646696421,0.0,0.46186240696635894,0.47537805411397244,0.013247039524635212,0.30909442021070666,0.13908933691813907,0.4343154904111308,0.47637897228546977,0.015194744740418376,0.0,0.07225585223550235,0.0,0.0,0.12352710005438583,0.28667828401164097,0.23280080695580457,0.0,0.585712582396638,0.056199561148359584,0.0,0.26506964066285377
0.5113523456504997,0.0,0.0,0.4042781692268538,0.35019562128251275,0.0,0.5948380713847059,0.011111803852144747,0.13420648166473753,0.0,0.029128547297930518,0.0,0.49943842843664366,0.19182877880905674,0.3054797291617584,0.4603210486564109,0.0,0.06670865287263766,0.0,0.7650117152548189,0.7511592941240217,0.644460669538465,0.0,0.0,0.2911079045167009,0.0,0.0,0.24274837938628363,0.0,0.6626784964586525,0.5594738217626802,0.09141258902118017,0.12190976226657456,0.0,0.0,0.13659069639076918,0.03310366481684458,0.0,0.0,0.3641673338539998,0.4055282820310454,0.0,0.0,0.0,0.0,0.5091876810363679,0.0,0.0,0.47082839239035845,0.4037569506493265,0.0,0.36012997106981914,0.0,0.09536407801392766,0.0,0.0,0.0,0.0,0.06460291952327463,0.0,0.0,0.0,0.0,0.0,0.0,0.589956524428455,0.0,0.0,0.0,0.21449968930651728,0.0,0.0,0.0,0.20046255438572919,0.0,0.0
0.328883801861951,0.0,0.0,0.627252743225683,0.0,0.0,0.3787605854404146,0.0,0.0,0.0,0.0,0.10018475248524852,0.2623148247059967,0.0,0.3958601606205553,0.0,0.0,0.0,0.0,0.8105909570725045,0.6321801494686752,0.5070615491306275,0.0,0.0,0.0,0.0,0.0,0.1912522322871804,0.6626784964586525,0.0,0.43748441366585067,0.08357206224286264,0.0,0.0,0.0,0.12883257728481917,0.277751390237059,0.0,0.0,0.39816955199925474,0.2356548860121203,0.0,0.0,0.0,0.0,0.3170286721582123,0.0,0.0,0.5079152223680731,0.03607655459659154,0.0,0.4252413403735359,0.0,0.0,0.01592808660185821,0.0,0.15989385880255386,0.0,0.0,0.0,0.0,0.0,0.0,0.0,0.0,0.2485111026923244,0.0,0.0,0.0,0.0,0.0,0.0,0.0,0.0,0.0,0.0
0.3236556635774833,0.23309326959013796,0.0,0.25952508624286186,0.17487387622730452,0.0,0.6301243243429739,0.024416258595130247,0.0,0.0,0.0,0.0,0.14263150967419413,0.20435632110456636,0.0,0.458989445750286,0.0,0.12011495287851076,0.0,0.4745945756607417,0.31229641802777425,0.586922995897455,0.0,0.09916948411716053,0.09717412144263432,0.0,0.0,0.1097166959487545,0.5594738217626802,0.43748441366585067,0.0,0.08271753008487095,0.12320248956787219,0.3042456915301456,0.0,0.0,0.017320099290316887,0.025979616153989665,0.0,0.3605821895137322,0.44051604779014847,0.13245808613020735,0.0,0.0,0.0,0.24791174273980363,0.0,0.0,0.4133783940545056,0.31274461772319273,0.0,0.3102907868055635,0.0,0.0,0.0,0.0,0.0,0.0,0.4108831203629071,0.0,0.0,0.0,0.0,0.0,0.0,0.2439511587463844,0.0,0.0,0.0476958915981667,0.0,0.0,0.0,0.0,0.0,0.0,0.0
0.0,0.006291673718782226,0.021092209511692217,0.0,0.0,0.0,0.0,0.0,0.0,0.35727851386761844,0.0,0.6741364262616776,0.0,0.0,0.34678217393638033,0.1575096118571839,0.0,0.0,0.0,0.17954502541614462,0.18968987902335663,0.34278022997978663,0.0,0.0,0.0,0.0,0.0,0.47155737044460005,0.09141258902118017,0.08357206224286264,0.08271753008487095,0.0,0.0,0.0,0.31391744052007553,0.23271488232460447,0.4998568588952195,0.0,0.17805499883058618,0.36024157225783177,0.0,0.0,0.30536131290983215,0.4027672088845672,0.0,0.0,0.29576059669587657,0.0,0.27467333664264626,0.0,0.0,0.5014136658258642,0.0,0.0,0.5666671467680433,0.0,0.6346902653025184,0.3282206247864937,0.0,0.33014618528952344,0.020658820394725164,0.31285514732787817,0.36659576852036985,0.009483285418823983,0.0,0.0,0.0,0.0,0.187479546704952,0.12281211941414562,0.17763922040124622,0.0,0.5458475428591205,0.0,0.0,0.0695633865584056
0.1766557984775018,0.0,0.20222286196027073,0.0,0.42345719073912336,0.30400633784870396,0.3051888673251605,0.1367025301027277,0.3437493967922365,0.0,0.3707944564213945,0.0,0.19487449565744716,0.3561030821534277,0.0,0.05106930812006208,0.3263779856007962,0.25200790961591496,0.09702779958160894,0.0,0.0,0.0,0.19196863850406157,0.3307793383505958,0.41446435012107324,0.2840419797168241,0.209955943540723,0.0,0.12190976226657456,0.0,0.12320248956787219,0.0,0.0,0.38038984100766365,0.024788417738079466,0.0,0.0,0.45602778938663113,0.17956345649682964,0.08745932167570247,0.3775088939794109,0.4450745452803316,0.0,0.0,0.20378508628801403,0.30555008304963016,0.0,0.24212811519056482,0.0,0.38362818295868245,0.19262022130553233,0.0,0.11345803820194447,0.33332516460645945,0.0,0.35165904380137114,0.0,0.0,0.1502617327635252,0.0,0.2019063168193655,0.0,0.0,0.017430272990019785,0.1457792871404029,0.10049701585358908,0.1269831685085954,0.1688107300071916,0.22773178384249046,0.15246978235314138,0.013098901683344766,0.18669711011116402,0.0,0.1961087602694147,0.40043965528754705,0.07376335945754527
0.13949767737824273,0.3887942980528566,0.15305315074619097,0.0,0.5545380973347839,0.5669236844339441,0.3948416005824775,0.4152016279265302,0.5689725416296538,0.0,0.6126834134762724,0.0,0.07219158039098414,0.5614784317762092,0.0,0.2500752870717829,0.7141233137326989,0.5311382077429425,0.1787374667932121,0.0,0.0,0.0,0.3945697329354716,0.41224401273979067,0.530218445284693,0.5201997981674581,0.5861026536312641,0.0,0.0,0.0,0.3042456915301456,0.0,0.38038984100766365,0.0,0.03300821656406572,0.0,0.0,0.6295125991358104,0.35648235568779596,0.0,0.4110434203642876,0.9000677744120725,0.0,0.0,0.420615910699394,0.0788936145341462,0.0,0.4480109630184007,0.0,0.5901061000831418,0.449879239391388,0.0,0.36710158217305133,0.40511198702048146,0.0,0.5522246685361162,0.0,0.0,0.3846089325408918,0.0,0.09627653212734762,0.0,0.0,0.1737879657835912,0.508770709442594,0.14160876005096742,0.2889019259316511,0.3936325102322427,0.0,0.0,0.0,0.5945003941212978,0.0,0.28445240923270565,0.6060681326849023,0.003989282551966872
0.0,0.1168966923499646,0.17677205180114236,0.0,0.0,0.0,0.0,0.0,0.0,0.39932504046639156,0.0,0.2564715996774121,0.0,0.0,0.0,0.07834965659675155,0.08957780150261281,0.06685400310823691,0.0,0.0,0.0,0.0,0.07914140677843373,0.06837504507290669,0.0,0.01866216112167486,0.0,0.05828078941467414,0.0,0.0,0.0,0.31391744052007553,0.024788417738079466,0.03300821656406572,0.0,0.0,0.18416299678924028,0.0,0.2938195255003633,0.07245522633170799,0.0,0.1865912951770783,0.4535211099360791,0.413016800042563,0.0,0.0,0.09900318788869349,0.0,0.0,0.0,0.07045355085804458,0.094197184636736,0.01727770396048116,0.0,0.3463808964290092,0.0,0.2435334785190409,0.3431886479802394,0.10384894294580854,0.2557999471933384,0.267778033213604,0.2926155201769565,0.23650776885584046,0.22379180474422808,0.2552094781459824,0.0,0.28074283617733703,0.1061850559461388,0.11169489744676708,0.0,0.0,0.15994307764488716,0.37066359137608607,0.12437544023980622,0.0,0.12108063735699931
0.17762663543094095,0.0,0.0,0.31642972173862866,0.0,0.0,0.0,0.0,0.0,0.06520509455537886,0.0,0.25538404444067303,0.23982598728955287,0.11446848643316823,0.28140018503264796,0.0,0.0,0.0,0.0,0.16202397150944559,0.1704679134746104,0.0915864029351691,0.0,0.0,0.0,0.0,0.0,0.38909967980352356,0.13659069639076918,0.12883257728481917,0.0,0.23271488232460447,0.0,0.0,0.0,0.0,0.3786867664039137,0.0,0.0,0.30177590678448163,0.05007911844100805,0.0,0.032302569651172786,0.17850453639604474,0.0,0.15900193523005868,0.08055345400169973,0.0,0.3983863685662427,0.0,0.0,0.2925404039674534,0.0,0.0,0.18658528723696027,0.0,0.26850880399703797,0.05601716485527947,0.0,0.028241762154269767,0.0,0.25430281973564983,0.17516896195776083,0.0,0.0,0.05550290252600289,0.0,0.0,0.10203520297405137,0.06121496057001291,0.13458756677113132,0.0,0.16815246730842556,0.0,0.0,0.05305640605898269
0.0,0.0,0.06354346430373933,0.1458726051435727,0.0,0.0,0.0,0.0,0.0,0.41347958639211757,0.0,0.6909814622268576,0.0,0.0,0.37161441251891114,0.0,0.0,0.0,0.0,0.2238893503468418,0.06433815767356263,0.1952203767996437,0.0,0.0,0.0,0.0,0.0,0.347784407243785,0.03310366481684458,0.277751390237059,0.017320099290316887,0.4998568588952195,0.0,0.0,0.18416299678924028,0.3786867664039137,0.0,0.0,0.0,0.45234155298070416,0.0,0.0,0.2505111200979847,0.5403020979986832,0.0,0.0,0.36948438553826507,0.0,0.27785947092680574,0.0,0.0,0.622034299260626,0.0,0.0,0.5897552616864623,0.0,0.7087163891619196,0.33547825718835733,0.0,0.21040428076913828,0.10486992171065915,0.415065564855694,0.4297761602637862,0.0,0.0,0.0,0.0,0.0,0.1821331110397669,0.013299170248185374,0.24551648350430744,0.0,0.4265371839040609,0.0,0.0,0.05003592177328785
0.2827684638366258,0.2010810644645109,0.022977970247229446,0.0,0.755892722595479,0.7098166195807013,0.3169087190801194,0.531689052187085,0.7802833650934098,0.0,0.7357514052431642,0.0,0.315555052553274,0.638517591480312,0.0,0.001487182803496273,0.7238714774267632,0.5472187422973386,0.3452170204427628,0.0,0.0,0.0,0.6159893599366207,0.38056511527941167,0.6702598858463833,0.6352541555035653,0.6534304887907812,0.0,0.0,0.0,0.025979616153989665,0.0,0.45602778938663113,0.6295125991358104,0.0,0.0,0.0,0.0,0.3764809006998838,0.0,0.499985682238092,0.7446960300829231,0.0,0.0,0.6685131024598365,0.28853977297505895,0.0,0.7022287592055565,0.0,0.7569664174637853,0.5492775398416095,0.0,0.4615886182401896,0.6739269376446599,0.0,0.708382808984371,0.0,0.0,0.2286150643345111,0.0,0.05931963398024577,0.0,0.0,0.17862932151478558,0.5051021937472242,0.27292967079041086,0.27535916036417896,0.5704097011085337,0.0,0.02698386310613471,0.0,0.5888006040800153,0.0,0.3608441359397875,0.7140906634407864,0.15393536154111878
0.0,0.3408937013546317,0.30616717735830573,0.0,0.14695959373698922,0.520488086916914,0.0,0.36080115231931553,0.35137142946519684,0.29376919764283493,0.3902371350926932,0.0,0.0,0.2848309540811805,0.0,0.16384684538540661,0.6033383095727753,0.538354255605042,0.4912554196141302,0.0,0.0,0.0,0.6468197487023879,0.4752989178564281,0.4135796594213832,0.6022204832464301,0.47858141211408234,0.05895027566467456,0.0,0.0,0.0,0.17805499883058618,0.17956345649682964,0.35648235568779596,0.2938195255003633,0.0,0.0,0.3764809006998838,0.0,0.0,0.03553268050760694,0.5941229497262631,0.26472728428841186,0.11325193660441873,0.5507718352336151,0.0,0.19659516776844788,0.5448008297311667,0.0,0.16308097969666102,0.6211401833049852,0.0,0.48443786178755543,0.35901047661563973,0.0,0.3808765576213785,0.0,0.36842179485617876,0.16187099190711746,0.31695919102082587,0.46033199395728797,0.3245872615470665,0.27624452383999637,0.5791468255546043,0.5583103382332851,0.0134059991559278,0.5299312758818104,0.6380799644860232,0.23492969592958823,0.2877745680043644,0.35275964643860347,0.5443089250937239,0.36146028164619204,0.485931788552594,0.5790405896004852,0.5276594776381361
0.27221730430959973,0.0,0.055062008603832105,0.18840183098288787,0.0,0.0,0.12158816618260532,0.0,0.0,0.22449352256002214,0.0,0.4896582247765251,0.033275191535217796,0.0,0.2869881757639058,0.1842030648274072,0.0,0.0,0.0,0.5106860609037535,0.21369089433559268,0.4118933633813853,0.0,0.0,0.0,0.0,0.0,0.32158559334858705,0.3641673338539998,0.39816955199925474,0.3605821895137322,0.36024157225783177,0.08745932167570247,0.0,0.07245522633170799,0.30177590678448163,0.45234155298070416,0.0,0.0,0.0,0.0591691712074483,0.0,0.1623828795402114,0.351609757750619,0.0,0.3056912064383265,0.06430309721348984,0.0,0.44127505103532744,0.0,0.0,0.736930644390902,0.0,0.0,0.4824335226137446,0.0,0.5149925885572469,0.1888291911931277,0.0715760904231148,0.0,0.057011898769854547,0.2214928128052311,0.2912529033497477,0.0,0.0,0.0,0.0,0.0,0.3600178607003728,0.14372925934218364,0.04934685536604522,0.0,0.2532946964083027,0.0,0.0,0.0
