0.0,0.21671727591800352,0.17402720167393856,0.07169699320145673,0.12104994841735674,0.11897316783761615,0.19975239022100735,0.3023258606571998,0.43209574981608045,0.32299441989622146,0.13043279710811853,0.3536095552478128,0.42598126056171204,0.0,0.049879830368569744,0.18607255228110697,0.294955950509605,0.09548487971756853,0.18736104660864794,0.2583642375656504,0.4746919403567295,0.29663983130953503,0.0,0.4198313203709137,0.19000692996656643,0.48867188112277227,0.0,0.4798604460006689,0.08179029990291031,0.32787911348850995,0.48558028989543045,0.28873531377495654,0.4450554899481606,0.3615768527089275,0.05112451592580794,0.1606737926648991,0.2724377387351365,0.20734383059155917,0.16486450587286844,0.4648886741711396,0.1305977747960133,0.0,0.0,0.05014893840271538,0.0028266884217269528,0.5323767628188897,0.0,0.3323803897773393,0.07030573297861986,0.06699485616069807,0.0,0.0,0.18342763307713478,0.3702055557418359,0.2351032354928148,0.3870526081734039,0.2286043805436955,0.4220221161105755,0.0,0.2843778922825341,0.1818684498629378,0.1371405085017292,0.16834422012314615,0.49468935689955856,0.4397001608725949,0.4688346039088659,0.31029800104213817,0.0,0.36781234169641874,0.0486168643738899,0.4832271032219067,0.0,0.39199033642975717,0.19716338586115106,0.39996832333758403,0.27910127408067525
0.21671727591800352,0.0,0.34327898854504124,0.126958939873673,0.2426690577792564,0.6628293917734948,0.4087291840531475,0.3180231028587516,0.2508301039119404,0.3188318787177919,0.2910930283157254,0.24165090890989518,0.5049020275683053,0.0,0.16311689159191797,0.5472100642616049,0.2639312544890463,0.6660121298839469,0.3493327983981419,0.0,0.0,0.43567152322530395,0.32434913255024217,0.02272026017891926,0.6132006053712447,0.5515068891212194,0.08128924900698942,0.10636712179567251,0.06611229365173898,0.0,0.012489211459948885,0.40399306222050135,0.345251080176275,0.17030599390666484,0.0708833117353566,0.04159434598629365,0.2415756015009781,0.0,0.1687467036741601,0.3140504149989194,0.15258699287078048,0.0,0.0,0.0,0.1336240430022625,0.0,0.08955536308163664,0.22195061058528967,0.0,0.31668895915853146,0.5544989404030294,0.4109825356846998,0.16428726905605567,0.3505330494136931,0.4463425158515691,0.41813741972270557,0.300752911591414,0.450140529725505,0.035346526677333526,0.0,0.3978598686171135,0.10229075499016055,0.17112750994467613,0.19869660500551384,0.14430233353019417,0.0,0.18104281403199152,0.39251698410887853,0.0,0.547196950311745,0.3112368841047233,0.4275301570748822,0.1854253381590077,0.3903610232376772,0.26365469598152713,0.07552161754369356
0.17402720167393856,0.34327898854504124,0.0,0.21956692046353105,0.30618054830291075,0.33302283179586567,0.07186960965893988,0.3024171370123402,0.2050810758387135,0.17137753510962206,0.5753587415503227,0.07480805907506122,0.16484669867095886,0.19994245138802713,0.533842708110471,0.3951852694384992,0.1319738971129105,0.4340133142440389,0.6004803352590806,0.16046069443298405,0.1671097645082641,0.4138090123725473,0.6509105587398771,0.02293111813852433,0.4764516599505335,0.330062281042888,0.25871000730026616,0.20330237501362325,0.13356911535329874,0.11228182352433227,0.27024072019258993,0.4460162456361453,0.35858458664834925,0.18882337463853255,0.2875030286800694,0.0,0.012208066946255702,0.11933812406412912,0.4109625226758607,0.33309444484977696,0.2894440895566479,0.26846434395965213,0.0,0.0,0.004606188870248634,0.08380753608670538,0.24561913980450104,0.3324303936218785,0.0,0.05343546023056639,0.4159178940652328,0.33129679086501207,0.25784170500736026,0.41300316607938414,0.21037661524647844,0.45149892169557615,0.0,0.3522916391306464,0.1092456491181783,0.40300229527383535,0.43426365047423215,0.03683047697234498,0.08730070663481912,0.4810127581948655,0.33840207943200173,0.12910093887262702,0.532482718918027,0.45200020085865233,0.15143589640003807,0.3838019468999447,0.283889333683177,0.38467697521662936,0.19592539038653356,0.37111571470548654,0.3615526089916295,0.48184257307836953
0.07169699320145673,0.126958939873673,0.21956692046353105,0.0,0.5921111929143021,0.22453785406374338,0.37188588824750113,0.19443948383612658,0.02175657802027603,0.0,0.11992328295511978,0.12095323594531314,0.20065016638044902,0.2669515548562549,0.11954007448284439,0.22227573285182953,0.2885008576124469,0.19780051743807242,0.15972335426044487,0.18881104552477432,0.05911391603163206,0.2370796271636689,0.08573572598595158,0.07526754045347148,0.022889273765943824,0.12541876898330934,0.03201838649468483,0.09398690450496675,0.01907300727872749,0.027709701487228344,0.04611951145825979,0.3695409709934748,0.16755982266247016,0.16046987018115336,0.07520175467745822,0.1750516831593987,0.336828922287002,0.0,0.41746064435434105,0.2669239925208494,0.25838017784620276,0.2427677174458184,0.12815246992499374,0.3220631844649112,0.215668811147471,0.05381363461696917,0.05045136421838205,0.12791727054096644,0.0,0.009899615793684868,0.24672280668366176,0.15267553416749946,0.1909347307461632,0.15141775189497095,0.1720554112738701,0.1497106970097115,0.15303525815546662,0.1492412181790474,0.0,0.1021499901158999,0.15129420100171354,0.3957114450558633,0.31713417463350996,0.01821654630522361,0.18174700345174016,0.04944590171062012,0.19037635911322404,0.08699603863647845,0.22756223531142905,0.057267121880353,0.15270797422408147,0.07093574180396954,0.0,0.05083312644152295,0.049028763409668205,0.3001815729242582
0.12104994841735674,0.2426690577792564,0.30618054830291075,0.5921111929143021,0.0,0.20246232921876842,0.578522552774954,0.08833239420115088,0.09473047812189217,0.1315200497117617,0.4438164287120083,0.03370742211906336,0.14714006556386794,0.33896798312278525,0.3048648412390765,0.2961158099217392,0.13385553129973551,0.2878747407826043,0.11073278757601834,0.029756910388775593,0.029159136463683843,0.3307601569932748,0.2561500432361841,0.0,0.28725764226450895,0.08459495535385003,0.29351365452914235,0.0002590258726916095,0.15680484869400257,0.014931429078963443,0.212184976670807,0.44162488668067573,0.2993159435904983,0.1495711295150055,0.18288072180453835,0.0,0.06513348670164422,0.0,0.36249847408881475,0.259893035128786,0.27178938932929,0.24838971241036908,0.0,0.07749777962689441,0.1396238523683158,0.0,0.20532928716560034,0.06508399785001434,0.0,0.17047391663056288,0.2723632295221071,0.5584624068106746,0.052345019719720165,0.21665567358042342,0.3306676366189077,0.3448089488194346,0.026230306114281565,0.2711733293597972,0.0,0.2012140154566791,0.38380542541915036,0.1315045353184668,0.10426119009608643,0.02173748088122185,0.1333708777073118,0.055808496419995635,0.23958276791650535,0.23002119215160036,0.0,0.3515733267600555,0.1114758149968573,0.3978012075470245,0.0,0.33155428757574323,0.1454078087085557,0.3259259760722305
0.11897316783761615,0.6628293917734948,0.33302283179586567,0.22453785406374338,0.20246232921876842,0.0,0.2546517537843974,0.5697224982341409,0.27197650972441084,0.2793178123000699,0.12342880636344758,0.2225477813631095,0.5634886972401335,0.11049221500840943,0.30228883757802216,0.42989661765838616,0.3456352906158206,0.6014620904987342,0.2130548417432368,0.17576668879067098,0.17083937462763965,0.3553858684426814,0.5907413464694211,0.18072541976384096,0.3426875336240835,0.3726414814792599,0.21922145827439743,0.1895302707139977,0.2988192989540586,0.09825670808970702,0.04276063730214558,0.35170210135788477,0.18552535676960583,0.1642883963094288,0.0,0.14667242831648797,0.22538319394385625,0.0016459416760454815,0.22706186913558304,0.23521686153579408,0.005624034768428002,0.0,0.09094291811537658,0.09773143145665189,0.15931698533630229,0.06159291982728424,0.34312371834020505,0.44597763818112923,0.0,0.30352534141199544,0.6660087607808847,0.21115206641208895,0.5022396067748742,0.4056834839921511,0.3979116302930764,0.3497997712992359,0.40136669396191116,0.33006536137325426,0.023886719013257535,0.11793979964318274,0.3313042026228952,0.3480399056747257,0.33948887690690177,0.23409924265222906,0.14942302326607992,0.0,0.23655257191390422,0.6076665376650472,0.14985392357254118,0.38967044679310836,0.37297571829297976,0.2665304561461599,0.18917226080893365,0.1931163537439609,0.2436038835562392,0.04566668415620627
0.19975239022100735,0.4087291840531475,0.07186960965893988,0.37188588824750113,0.578522552774954,0.2546517537843974,0.0,0.06641941528725806,0.13081759145341165,0.38329511800820576,0.22185741852230323,0.1370863865149578,0.39042350023810607,0.34882031353824294,0.0927706898394971,0.22059729064735645,0.19468687137436577,0.24123660808764813,0.022737439420587008,0.0,0.0282654305865222,0.2508280593865365,0.05121969939792809,0.0,0.2651357516834143,0.06097760142022035,0.22155191100267127,0.14811758158591665,0.1752802651944717,0.0925950352529738,0.1710662329468825,0.3918606719579967,0.281093319443929,0.28196420605444195,0.210977941283727,0.06792181976415305,0.2344113916267657,0.0,0.2664788324333984,0.1641826066468529,0.09067099932393607,0.0,0.06408810635713412,0.16104549048096076,0.1042138197324382,0.0,0.06564456989702694,0.05310699820385534,0.0,0.16229770332721538,0.15669219709064394,0.5859257866065518,0.04662491723598558,0.17734131269355807,0.5173214828528522,0.25888836345628663,0.12418874331663471,0.23183004344346286,0.12581792120365867,0.03260969365485342,0.3152271989869277,0.08252050824971238,0.14668095663198508,0.09468140681236956,0.0,0.0,0.020856945349707195,0.10710827071203213,0.0,0.3722753630437526,0.0,0.3815364147850804,0.0,0.28995415534731644,0.07193622368954164,0.10512315654735364
0.3023258606571998,0.3180231028587516,0.3024171370123402,0.19443948383612658,0.08833239420115088,0.5697224982341409,0.06641941528725806,0.0,0.4594759768120708,0.3925187259457936,0.21686454744947117,0.6563244723642715,0.5458402398743367,0.0,0.2560826516302379,0.030828498437888444,0.3724380510859978,0.14694339471915788,0.13692387115609728,0.24207190713495907,0.34164030043811466,0.0,0.407305817524956,0.7221705893482169,0.0,0.6388894327349584,0.0,0.3564856593034108,0.0,0.20222683194989127,0.15632599466981356,0.265687260282501,0.3231101345024142,0.20536310324598317,0.0,0.19609247619138132,0.30230336380397854,0.20386159342363058,0.11681351187463763,0.3101704341120938,0.0,0.0,0.0,0.0,0.0811494064903357,0.12233014590425983,0.0,0.48320816527350213,0.0,0.0,0.2850588846870659,0.0,0.6797909112168161,0.4980765183285706,0.33506649842264735,0.48554256655071587,0.6051409379701297,0.3812591507230296,0.0,0.20430693957893076,0.0,0.3288732563048882,0.09767320367500673,0.3564550939736194,0.1700228392917062,0.23190367950891022,0.02667429928945017,0.36058230553911785,0.5943837799133128,0.0,0.614010913061479,0.0,0.23192439085526406,0.0,0.30788592883074123,0.016342548086419335
0.43209574981608045,0.2508301039119404,0.2050810758387135,0.02175657802027603,0.09473047812189217,0.27197650972441084,0.13081759145341165,0.4594759768120708,0.0,0.48284469840650446,0.30642948012774923,0.6593241366479534,0.6556636740453584,0.0,0.21150140227389153,0.14482043448816845,0.4072946005344698,0.1807155465709046,0.3529180094190877,0.40433932052411614,0.41231788846699413,0.22812667050476787,0.02327775536327653,0.5968790551491368,0.028976615828693653,0.5497545894420698,0.0,0.6949061731556384,0.022048558147724162,0.3935003754505379,0.3823257953601491,0.25375335845769803,0.39433138240665316,0.34774350495097206,0.08069114218869505,0.2845050813898501,0.3478721844466667,0.1614722819880539,0.13065467217607357,0.4829073804182483,0.0,0.0,0.0,0.0,0.0,0.3440033078720624,0.0,0.5389043809147058,0.17639966426688447,0.09364971889541923,0.060503635599009065,0.0,0.3959293636500955,0.7522017219992482,0.37314832641553597,0.6482503701611051,0.5829708452525746,0.5756944823285619,0.043329096916560256,0.36598219309747804,0.04386710087004117,0.32269999378573044,0.29871249084395624,0.5997904677122543,0.4472849214989027,0.3234456060887075,0.3215558688780826,0.02607248295970821,0.5131661227770912,0.043342331231304015,0.6088077259327593,0.0,0.556244837308522,0.06985935921928438,0.496122728541838,0.09018898457937553
0.32299441989622146,0.3188318787177919,0.17137753510962206,0.0,0.1315200497117617,0.2793178123000699,0.38329511800820576,0.3925187259457936,0.48284469840650446,0.0,0.2231810804881029,0.6545411779702937,0.5930431440597238,0.07809541827862651,0.21149518668735315,0.09381562686500178,0.5018479424340854,0.28521078624478335,0.10426685963698104,0.17622699661935795,0.288849860778684,0.16136635393717574,0.12352272475823475,0.36589071201332,0.14522221788946538,0.4232962487945371,0.0,0.5711696721070052,0.08311944178014208,0.3145324025603945,0.427110438898266,0.3919873582421193,0.3124681609442163,0.27474073763372864,0.14483313253462746,0.19533601104193696,0.2868109929255731,0.17221794793626888,0.22327819286068684,0.21524903277007337,0.0,0.0,0.0,0.0,0.0,0.055094502774271054,0.0,0.3916744218951684,0.21869887197336896,0.0,0.038623275991715306,0.09492345242661948,0.3365048022091754,0.39690379476257703,0.6339304069921032,0.38749825332262045,0.5861936699011436,0.28987769651677076,0.26665243108827025,0.2907666584236666,0.19652605636030113,0.2745313303942046,0.32285608899192975,0.4551285308227373,0.2880548711647287,0.18634422372218132,0.2184890645432851,0.1425973370462838,0.26159859950767805,0.19870019514949452,0.3239600344288043,0.005208439049203539,0.3262103643947004,0.11965385315725291,0.3235730938720937,0.10549686812324363
0.13043279710811853,0.2910930283157254,0.5753587415503227,0.11992328295511978,0.4438164287120083,0.12342880636344758,0.22185741852230323,0.21686454744947117,0.30642948012774923,0.2231810804881029,0.0,0.19209752319480058,0.21803066104441934,0.13954253703211364,0.5155119160249984,0.3247619844403262,0.12616184281719647,0.33844121899578106,0.3955036188576924,0.0,0.0,0.2730500647286742,0.356330736597831,0.08580967878552963,0.3349006984752028,0.36993108548276543,0.10765252634633388,0.14864869181012622,0.0,0.03963751353853462,0.22481910653848494,0.44581082247864434,0.39697354628928405,0.16200085837609376,0.3062410965589045,0.0,0.000496040725509142,0.08550631607311647,0.3471436480075133,0.33299047728492204,0.22468676486436473,0.10205231473747142,0.0,0.0,0.0,0.0,0.08786427815599701,0.09133408106577234,0.0,0.0391412592106119,0.24977893788892058,0.4864960842909253,0.0861152898371576,0.4685643284089905,0.3316192698271437,0.6615593962820909,0.08164237721554621,0.484339613174583,0.19433553191946898,0.35111218658008797,0.3544003148750224,0.05246016807578403,0.015369933065797314,0.3738293457746825,0.19461235317816886,0.039448881981112016,0.34063474309468844,0.21909874987095007,0.08052395837496312,0.3489123571470232,0.31075170999894863,0.32495959705803046,0.1301227458287012,0.35271315542962917,0.2469992575340822,0.29671916059529324
0.3536095552478128,0.24165090890989518,0.07480805907506122,0.12095323594531314,0.03370742211906336,0.2225477813631095,0.1370863865149578,0.6563244723642715,0.6593241366479534,0.6545411779702937,0.19209752319480058,0.0,0.6864934912734867,0.0,0.07492662572054978,0.0,0.5006901939446321,0.09447604249422223,0.1185624841897058,0.3118082839495501,0.26550920301549585,0.0,0.0,0.7589466115704906,0.0,0.6606615105286329,0.0,0.5944666502962971,0.0,0.33113077054916207,0.31190882266118475,0.1930471220132156,0.3472381134637723,0.29291446841538293,0.06743210775976925,0.264209420066931,0.4324207373132465,0.25009068542370827,0.03990268714099393,0.3627076191030525,0.0,0.0,0.0,0.0,0.0,0.1617068841118835,0.0,0.45797080318146866,0.09489200284911625,0.0,0.0,0.0,0.42869253237255667,0.5349316358332106,0.3987057315358002,0.4679551726109781,0.8392002990452171,0.4150009692818851,0.0,0.21165106240451867,0.0,0.378396569466824,0.20202857089774937,0.46219162719962825,0.36623617771777683,0.16893374773069403,0.12134731354873224,0.0,0.6280526859730571,0.0,0.5841304113856725,0.0,0.4046807080412388,0.0,0.3796353635929684,0.0
0.42598126056171204,0.5049020275683053,0.16484669867095886,0.20065016638044902,0.14714006556386794,0.5634886972401335,0.39042350023810607,0.5458402398743367,0.6556636740453584,0.5930431440597238,0.21803066104441934,0.6864934912734867,0.0,0.0,0.1421272629727168,0.33376169026554137,0.6274034606410426,0.40774728434761354,0.1743522073266696,0.36263966335352843,0.3430688443155584,0.31972951465331734,0.08343422731296934,0.5186541131942431,0.05429464042900073,0.6113485583841018,0.0,0.6989439307747117,0.15980276866517568,0.4123175065803809,0.369291002977357,0.3897033702303533,0.4062574935644656,0.39577027308483675,0.03536948201326155,0.41300499335824115,0.4475519547656882,0.13710512420181772,0.25012242635832915,0.3969343553955357,0.0,0.0,0.0,0.015312911074260582,0.03771885240250816,0.23879181446466724,0.0,0.46322516656001317,0.0,0.02525842545441792,0.2049296451261607,0.04702193647711056,0.4321496942800272,0.5701329025473093,0.4832610104918518,0.5119798214057726,0.6693827099505447,0.5912761661300552,0.015615227914756252,0.22216691870535105,0.1463889266387874,0.5009621960180485,0.42986653175975104,0.47484758401396565,0.36197795753042056,0.1972581944082114,0.2925768877280364,0.1000066731975931,0.40369969412116413,0.07044215936752096,0.5537967955342291,0.0,0.5304451670884034,0.08970679975740789,0.4386368947498751,0.11741748515389203
0.0,0.0,0.19994245138802713,0.2669515548562549,0.33896798312278525,0.11049221500840943,0.34882031353824294,0.0,0.0,0.07809541827862651,0.13954253703211364,0.0,0.0,0.0,0.08209071414726915,0.0,0.0,0.0,0.02733617754471865,0.0,0.0,0.08014621941473882,0.26139161449190695,0.0,0.14596710221596876,0.0,0.2981351864254378,0.0,0.18998275082172164,0.037279906269032145,0.12326653683728256,0.2366451727177161,0.0,0.02414247905969362,0.16169905891117195,0.11383118564046829,0.0,0.0,0.38000562710313696,0.0,0.169181559764211,0.2931391502533001,0.29100174982711385,0.13991552904877208,0.0,0.0,0.23266893859459936,0.09648616103897424,0.0,0.022230852161595233,0.2131845972532564,0.2875479458377779,0.11158073230256288,0.0,0.2140608821285283,0.011169170854079313,0.0,0.0,0.3252168386420341,0.11577486791266016,0.28209858533097953,2.9562803975743956e-05,0.0788639684057434,0.0,0.0,0.03145025613626533,0.06602666350976971,0.31493233295257017,0.0,0.27558583580500745,0.0,0.32456704374173495,0.0,0.20104035761801553,0.0,0.30508878306322673
0.049879830368569744,0.16311689159191797,0.533842708110471,0.11954007448284439,0.3048648412390765,0.30228883757802216,0.0927706898394971,0.2560826516302379,0.21150140227389153,0.21149518668735315,0.5155119160249984,0.07492662572054978,0.1421272629727168,0.08209071414726915,0.0,0.29748162920895704,0.21981547202699386,0.32679820589891356,0.327749422959078,0.41274883854479083,0.31787327585107994,0.4491096712460114,0.6373726685840038,0.04524882326731869,0.36370680671337635,0.23207626415935717,0.3913591127962411,0.2376678761930747,0.3475676311868774,0.05378098315503105,0.3574112431123818,0.3589016102923329,0.20823181913012612,0.0,0.19327204349085475,0.0,0.0,0.13488721054166875,0.3600718300557299,0.12288956039363329,0.07695015736872333,0.12066317078015176,0.0,0.0,0.017363421112275262,0.09769821921514293,0.43073927414683466,0.42274333150922916,0.0,0.11961828156610402,0.4064275617784696,0.3558636566611586,0.26359492574777205,0.5322479560012151,0.3585358720030046,0.5420743503545244,0.049664462229182194,0.3014855207742225,0.11060772946208848,0.750134261434147,0.4583439354782468,0.25181720529989,0.2971294279349205,0.4395399619255236,0.4353652393315023,0.280554483538729,0.5895451214610011,0.5556323020421698,0.182324523603445,0.39701774858369276,0.356094650589814,0.3888462558190394,0.22164958335736995,0.36781226205872913,0.24608119254757885,0.4382470638190692
0.18607255228110697,0.5472100642616049,0.3951852694384992,0.22227573285182953,0.2961158099217392,0.42989661765838616,0.22059729064735645,0.030828498437888444,0.14482043448816845,0.09381562686500178,0.3247619844403262,0.0,0.33376169026554137,0.0,0.29748162920895704,0.0,0.3832607621426741,0.7154535388650443,0.3509356736007727,0.18096516361185874,0.09363614118081814,0.6805622644691075,0.34062712496562697,0.0,0.5001536008559772,0.3730535223723055,0.34023218852705983,0.1466899072774258,0.4069424809182073,0.0,0.22365270396114267,0.540449568884539,0.3986573041521324,0.20144609372416472,0.10573762153405594,0.044331164708697385,0.1407765321528155,0.0,0.35819901846759383,0.3523798865020249,0.2535937351740013,0.10158279990707784,0.0,0.0,0.17154387370922045,0.08609633000391143,0.33123471638008456,0.15021208221182647,0.0,0.18524711712557967,0.47184685591146897,0.3699482052915256,0.07299081085594994,0.3343696757446155,0.2048657706307849,0.28213143287911585,0.025209079113546,0.4019438453762697,0.10134348769887457,0.18562574941875135,0.5952880532016744,0.2938565709456541,0.3891758120761388,0.23837120639743023,0.2937269492465524,0.0,0.5440634956719692,0.3200898764132827,0.0,0.430445663472975,0.2786697123436423,0.46299986770667756,0.30175020178329287,0.5523216133043312,0.20637656694687223,0.42035702304604416
0.294955950509605,0.2639312544890463,0.1319738971129105,0.2885008576124469,0.13385553129973551,0.3456352906158206,0.19468687137436577,0.3724380510859978,0.4072946005344698,0.5018479424340854,0.12616184281719647,0.5006901939446321,0.6274034606410426,0.0,0.21981547202699386,0.3832607621426741,0.0,0.46122212603588963,0.11868005802793227,0.4052554182140377,0.3094952446741768,0.2994403300102164,0.01669846316197296,0.3878657015874584,0.0,0.5452737180140266,0.0,0.4948701101212112,0.1529937571610617,0.1244055445085914,0.29444037125226163,0.35202033168279895,0.33533726547902476,0.17417117777280755,0.0,0.35100527400521087,0.31790554893509404,0.13798893021879807,0.24645920629582002,0.2669707260176579,0.04906149712187102,0.0,0.10767532154406058,0.11941023412949944,0.0,0.15966441381750476,0.0,0.35539179603885707,0.0,0.0,0.11949900857997534,0.0,0.2503407581566477,0.4676845629410083,0.34471837916436887,0.2618149057100062,0.5550907301685921,0.3935454855717196,0.0,0.26642393398640923,0.14882058940772983,0.6426974064781518,0.5861987010399672,0.3652380962156964,0.38548486266514925,0.1898862961444157,0.3713625030750076,0.028096419381677618,0.4353422124968743,0.0,0.47429077444755685,0.0,0.4888815797576581,0.07520683055242833,0.2321337343983795,0.29566848429140374
0.09548487971756853,0.6660121298839469,0.4340133142440389,0.19780051743807242,0.2878747407826043,0.6014620904987342,0.24123660808764813,0.14694339471915788,0.1807155465709046,0.28521078624478335,0.33844121899578106,0.09447604249422223,0.40774728434761354,0.0,0.32679820589891356,0.7154535388650443,0.46122212603588963,0.0,0.4528359004778073,0.15720804742337333,0.03174595485290327,0.5538199257123171,0.3953902094786975,0.0,0.5942648486061857,0.36598084333381264,0.3115664220196434,0.18316056246150592,0.32805494094637333,0.0,0.09373430053262305,0.3882876673727118,0.25468021564313226,0.04459619405053879,0.0,0.045307230791145056,0.20844025232570154,0.0,0.289051146782186,0.2796990285512835,0.2148914438551144,0.09608942572749266,0.0,0.0,0.00463232053191584,0.018209889878222474,0.3773207982301271,0.3267565674280222,0.0,0.29983594883242115,0.5811212056249346,0.3393885333457505,0.15782582248348043,0.3844525549844964,0.3833930147626621,0.31794666519103515,0.2566061062108848,0.3960552156637669,0.02609281978601647,0.14054653072841577,0.6013745164561426,0.361093492239468,0.5067129413760879,0.257441408981033,0.31108770850245504,0.0,0.4388000372442751,0.39554116005845097,0.0,0.5530133414719132,0.2843754700781962,0.4412656484610167,0.3122176782537446,0.5048073876578816,0.30230523835418854,0.32143484682396184
0.18736104660864794,0.3493327983981419,0.6004803352590806,0.15972335426044487,0.11073278757601834,0.2130548417432368,0.022737439420587008,0.13692387115609728,0.3529180094190877,0.10426685963698104,0.3955036188576924,0.1185624841897058,0.1743522073266696,0.02733617754471865,0.327749422959078,0.3509356736007727,0.11868005802793227,0.4528359004778073,0.0,0.1854777518820444,0.1419746588248521,0.3956993147644334,0.3463315364204791,0.13372470338135228,0.49765569516269126,0.26649534079605897,0.11207170942560613,0.25661919672095984,0.11341752056577398,0.11984375538697625,0.19695677578460946,0.2904223450742778,0.2919782692222832,0.10810312266661966,0.1425769271475894,0.0929814564641564,0.16484015570946803,0.035945700792911484,0.33539436593111993,0.3470161360414216,0.2898679550236965,0.18408809000944026,0.0,0.0,0.0,0.2647580616370194,0.13755641513811906,0.3860220383287276,0.0,0.22487877980728224,0.3843746137665199,0.213854077453807,0.22570991249477335,0.43066595478194136,0.3001228614381467,0.45917591827022397,0.13129101727398834,0.48431828061089843,0.0,0.2774059922484278,0.4409389266963607,0.15543032142763544,0.27503326431413433,0.5230470598742334,0.44008590293971434,0.08359152309858991,0.4870729786311693,0.2903719912015313,0.21609572098992605,0.4203527735440793,0.3572041210431425,0.3016663318417562,0.3961979822941029,0.41607309981654805,0.49504512914517107,0.4030375997597688
0.2583642375656504,0.0,0.16046069443298405,0.18881104552477432,0.029756910388775593,0.17576668879067098,0.0,0.24207190713495907,0.40433932052411614,0.17622699661935795,0.0,0.3118082839495501,0.36263966335352843,0.0,0.41274883854479083,0.18096516361185874,0.4052554182140377,0.15720804742337333,0.1854777518820444,0.0,0.5250952706690553,0.2669739205360212,0.09806723503696596,0.3900252017353547,0.0,0.16968938539611841,0.07861205093711454,0.6223352363384782,0.4752594529535362,0.42907379153182934,0.5309889420675264,0.22969262589758183,0.10147657857638451,0.11523854218160619,0.024607722779675403,0.4510255507632547,0.26346710339677315,0.0806868237432049,0.2934010364455641,0.177841272789941,0.0,0.0,0.11084002102392042,0.0,0.0,0.40676502085059413,0.13202382927889425,0.5669015894918089,0.09147761436564736,0.0,0.09453158618332136,0.0,0.43657866035802506,0.5086017397268587,0.1488496858722098,0.305516746121506,0.33599728502275994,0.18921159487970168,0.0,0.5979287415008381,0.16053239894811197,0.5188361268055405,0.5201763682230333,0.552773484952936,0.6615158826062704,0.44723476259332273,0.6281338149153047,0.10209076462585792,0.4708368321877502,0.0,0.43599917510075104,0.0,0.5248647524870164,0.029705665652995872,0.47426998204304005,0.42322366960066005
0.4746919403567295,0.0,0.1671097645082641,0.05911391603163206,0.029159136463683843,0.17083937462763965,0.0282654305865222,0.34164030043811466,0.41231788846699413,0.288849860778684,0.0,0.26550920301549585,0.3430688443155584,0.0,0.31787327585107994,0.09363614118081814,0.3094952446741768,0.03174595485290327,0.1419746588248521,0.5250952706690553,0.0,0.21044052522549983,0.1764456889997239,0.4880964562688739,0.03200574850936655,0.29517088932074603,0.0,0.5025809782027595,0.34980654178663273,0.39156190502193483,0.5370814853080383,0.18329337326234213,0.3228642533176269,0.24964442465251946,0.08451266330993489,0.26867906531066543,0.21930027666611562,0.17083174565140027,0.22460856721827502,0.3170242332192492,0.0,0.0,0.1204449332583212,0.0473835483898158,0.0,0.5749225095930842,0.0,0.39564451867277484,0.14763992386492303,0.11253293303171905,0.0,0.0,0.3649843443035371,0.40658810488199265,0.25855911608390414,0.31035124338086006,0.19248554332769643,0.3504056635239805,0.0,0.40842939755994323,0.06053895241549223,0.32809239304466087,0.29286693397110863,0.4499145370658049,0.42729332264813025,0.7079027344374161,0.3430578077957364,0.08998520163119866,0.4730045781139853,0.0,0.46994286894099613,0.0,0.4666922225325937,0.0657668257468364,0.41945502415071834,0.3251487657985003
0.29663983130953503,0.43567152322530395,0.4138090123725473,0.2370796271636689,0.3307601569932748,0.3553858684426814,0.2508280593865365,0.0,0.22812667050476787,0.16136635393717574,0.2730500647286742,0.0,0.31972951465331734,0.08014621941473882,0.4491096712460114,0.6805622644691075,0.2994403300102164,0.5538199257123171,0.3956993147644334,0.2669739205360212,0.21044052522549983,0.0,0.27333951341310436,0.0,0.48935366250225376,0.1856078336891271,0.4299241416648159,0.33123709595580264,0.5682580782056442,0.11414583954587404,0.3841570890561614,0.5128623001902761,0.2507077423663272,0.24620784772266605,0.15346879353062798,0.12258738348932832,0.2272816706391712,0.0,0.3881497194405826,0.28034293897743445,0.24736618790039355,0.07873333003731489,0.0,0.0,0.06511725496792878,0.28589118983564565,0.3422784882470752,0.3620754508751067,0.0,0.2811466877681984,0.42866226273372043,0.3817370990430301,0.19594059070220177,0.42787050910094093,0.3017783624293477,0.34352725697318837,0.05514557539228232,0.32616979414084024,0.04042054781255193,0.4980676866401176,0.6551155126734657,0.28101410261308285,0.4888541067286535,0.47340058076965796,0.5713873163513995,0.08429888038419953,0.7901972298198349,0.387189911970165,0.011867372110642566,0.533370808512007,0.25742323746028095,0.6104303812404228,0.3657925406602941,0.635261557544648,0.3795901181445472,0.49577570322981857
0.0,0.32434913255024217,0.6509105587398771,0.08573572598595158,0.2561500432361841,0.5907413464694211,0.05121969939792809,0.407305817524956,0.02327775536327653,0.12352272475823475,0.356330736597831,0.0,0.08343422731296934,0.26139161449190695,0.6373726685840038,0.34062712496562697,0.01669846316197296,0.3953902094786975,0.3463315364204791,0.09806723503696596,0.1764456889997239,0.27333951341310436,0.0,0.0,0.5052786986922914,0.1928805749596835,0.4535467490740056,0.0,0.2612708256470263,0.0,0.09562012881042227,0.3865748672581264,0.17657613112590378,0.0,0.12234486220778641,0.0,0.0,0.04289708630965294,0.3543920990227893,0.16429844679757039,0.13143879855744367,0.21861627863787347,0.0,0.0,0.08537542144813183,0.0,0.5921084879941909,0.30053229974350704,0.0,0.1960933264279105,0.63255960642037,0.3821750941209281,0.39030441579944986,0.2709409798415069,0.3078179845024811,0.34943105284914333,0.0,0.2193284147596322,0.1808341597785651,0.3682409761588327,0.4689620845954013,0.08683500727767987,0.10665345846716515,0.20475577547939988,0.14926243717575122,0.10907674150249941,0.3630207785774762,0.8051872114401868,0.08058433491038058,0.5225791496704058,0.24402596628520612,0.46000484555124044,0.051578336047358175,0.34621175560969775,0.1840466296492653,0.3215110540990942
0.4198313203709137,0.02272026017891926,0.02293111813852433,0.07526754045347148,0.0,0.18072541976384096,0.0,0.7221705893482169,0.5968790551491368,0.36589071201332,0.08580967878552963,0.7589466115704906,0.5186541131942431,0.0,0.04524882326731869,0.0,0.3878657015874584,0.0,0.13372470338135228,0.3900252017353547,0.4880964562688739,0.0,0.0,0.0,0.0,0.6551363275741378,0.0,0.4966774162844647,0.0,0.2904575470894406,0.30185778423189646,0.014382095890247915,0.3151035485569992,0.1973561680344608,0.0,0.33241729915518403,0.3259206117226376,0.24666370417337255,0.007389631908102212,0.411637095419359,0.0,0.0,0.0,0.0,0.02262665253010837,0.38495618959648176,0.0,0.4774961176301867,0.1442183911513651,0.0,0.0,0.0,0.45985936972631336,0.49660007648897203,0.215765504557064,0.4351830179690246,0.6898390097500764,0.3852457832708876,0.0,0.1884439354193639,0.0,0.4113725761782505,0.18023878431411236,0.3895814655680777,0.32529504177891144,0.38751208997896014,0.018999783386563163,0.0,0.8171560084129847,0.0,0.7202506879762536,0.0,0.39257860578371895,0.0,0.40011276065574836,0.030844052205180383
0.19000692996656643,0.6132006053712447,0.4764516599505335,0.022889273765943824,0.28725764226450895,0.3426875336240835,0.2651357516834143,0.0,0.028976615828693653,0.14522221788946538,0.3349006984752028,0.0,0.05429464042900073,0.14596710221596876,0.36370680671337635,0.5001536008559772,0.0,0.5942648486061857,0.49765569516269126,0.0,0.03200574850936655,0.48935366250225376,0.5052786986922914,0.0,0.0,0.23000727051291586,0.36518978573544003,0.0,0.2887038600154201,0.0,0.08723561100804933,0.3777563369203885,0.3060613588743559,0.0020605186267763087,0.12177770605086795,0.0,0.0,0.0,0.35649954125049543,0.2888431232741128,0.3462209079521684,0.20764654943649524,0.0,0.0,0.10581847620860907,0.09401602221078037,0.39759970508243425,0.2013231405806856,0.0,0.3667549644314204,0.5420346371860472,0.5285739907679156,0.0,0.22554165048380362,0.44089083399948853,0.3294005851005829,0.0,0.32456075601246326,0.11077643929460576,0.16844726431254156,0.7044018107649331,0.0,0.19089312992490043,0.1597649639702356,0.2211569238356487,0.0,0.344344488589005,0.4945847594855549,0.0,0.8345716488679619,0.18986221901980016,0.6557741800546516,0.11538618962779262,0.7021005914346252,0.2640771720275966,0.3817436249941804
0.48867188112277227,0.5515068891212194,0.330062281042888,0.12541876898330934,0.08459495535385003,0.3726414814792599,0.06097760142022035,0.6388894327349584,0.5497545894420698,0.4232962487945371,0.36993108548276543,0.6606615105286329,0.6113485583841018,0.0,0.23207626415935717,0.3730535223723055,0.5452737180140266,0.36598084333381264,0.26649534079605897,0.16968938539611841,0.29517088932074603,0.1856078336891271,0.1928805749596835,0.6551363275741378,0.23000727051291586,0.0,0.0,0.35224973075695404,0.0,0.12771196549686345,0.2711537828763235,0.33871868902741403,0.5249219649005433,0.19480954642713805,0.04315495173977976,0.13054655114232516,0.24468698567532907,0.21495995604118087,0.18162381500102612,0.5841937666139552,0.11237132473380142,0.0,0.0,0.0,0.06496985042565918,0.2305998777081904,0.0,0.3286808694329585,0.00920863505465859,0.0,0.17506838751732223,0.0,0.27065650494651056,0.5686428357153491,0.30449889993524193,0.5175600884591305,0.5335274836845629,0.5643557302347229,0.0,0.22517795023819448,0.027036535912075832,0.4004345198293585,0.18744493911931998,0.3708923792361942,0.3330109267000031,0.20519134316471355,0.225994343327365,0.12388412947672767,0.580375485887349,0.048530987656608016,0.8259780573332638,0.0,0.3482199926115236,0.03620131073461069,0.3460115619992159,0.17508942564919572
0.0,0.08128924900698942,0.25871000730026616,0.03201838649468483,0.29351365452914235,0.21922145827439743,0.22155191100267127,0.0,0.0,0.0,0.10765252634633388,0.0,0.0,0.2981351864254378,0.3913591127962411,0.34023218852705983,0.0,0.3115664220196434,0.11207170942560613,0.07861205093711454,0.0,0.4299241416648159,0.4535467490740056,0.0,0.36518978573544003,0.0,0.0,0.0,0.6310661880723674,0.0,0.0,0.2368721852663908,0.0,0.0,0.10628665331829938,0.0,0.0,0.0,0.1762044261447246,0.0,0.002228978999397599,0.1391245056648096,0.15837268692197515,0.031719697610750025,0.08670196309369016,0.0,0.7988452602972178,0.0,0.0,0.2453846222060733,0.3497242621087908,0.5493306762420167,0.0,0.0,0.09964388890414236,0.0,0.0,0.0,0.22546966424884773,0.16226369916011346,0.5408114063293515,0.0,0.19100990861467995,0.0,0.0,0.0,0.3267498997811421,0.45585018094286045,0.0,0.5103193485555066,0.0,0.7422243904657746,0.0,0.44282336382780274,0.0,0.17345606787633583
0.4798604460006689,0.10636712179567251,0.20330237501362325,0.09398690450496675,0.0002590258726916095,0.1895302707139977,0.14811758158591665,0.3564856593034108,0.6949061731556384,0.5711696721070052,0.14864869181012622,0.5944666502962971,0.6989439307747117,0.0,0.2376678761930747,0.1466899072774258,0.4948701101212112,0.18316056246150592,0.25661919672095984,0.6223352363384782,0.5025809782027595,0.33123709595580264,0.0,0.4966774162844647,0.0,0.35224973075695404,0.0,0.0,0.2329801965098621,0.6249692826076302,0.6241970187823307,0.3187294306831191,0.3346420029067416,0.40822510912052673,0.13941986013582663,0.4346047016917137,0.45092880661641743,0.16610139154423897,0.26346703069894867,0.291792797152042,0.0,0.0,0.02745919898677132,0.0,0.0,0.36809755521660925,0.0,0.5523589281197552,0.25787863417065504,0.0,0.0,0.0,0.40238342750713374,0.5683602350261908,0.33196555410125084,0.48472731752870446,0.536844211284305,0.436768768576483,0.061127125698522675,0.507213297534598,0.1490451827636273,0.3683887382393095,0.43132751371338246,0.693559856552777,0.6006592388722816,0.4215670279281516,0.5154905290289065,0.0,0.43513141261749755,0.0,0.44883692923568336,0.0,0.7266558207507122,0.09641767207961105,0.5574927030160927,0.32143621120670585
0.08179029990291031,0.06611229365173898,0.13356911535329874,0.01907300727872749,0.15680484869400257,0.2988192989540586,0.1752802651944717,0.0,0.022048558147724162,0.08311944178014208,0.0,0.0,0.15980276866517568,0.18998275082172164,0.3475676311868774,0.4069424809182073,0.1529937571610617,0.32805494094637333,0.11341752056577398,0.4752594529535362,0.34980654178663273,0.5682580782056442,0.2612708256470263,0.0,0.2887038600154201,0.0,0.6310661880723674,0.2329801965098621,0.0,0.2419818727820127,0.3409491917985604,0.2468555997112656,0.049059596726175964,0.07645494210700968,0.028456345022047358,0.13629292752393432,0.04137391922066962,0.0,0.25738380224836477,0.0,0.0,0.0,0.23211185194632875,0.06815124509722989,0.032766778160674456,0.24547695925612964,0.4935518621713981,0.21803647938452542,0.022660050690967257,0.1814474729998087,0.21235658001576596,0.25165054091702865,0.11306977523356354,0.16514061145492007,0.18002638312058988,0.031221229566806424,0.0,0.046928713312808235,0.09715527359810416,0.28575857872250693,0.5352189098567474,0.24881035913864707,0.4543700636929277,0.22582211142558065,0.27068825282627507,0.23592243825873632,0.5085522664774595,0.26742313061317713,0.0,0.29969191932824185,0.0,0.4400378736600059,0.20225603821792001,0.4884760627526011,0.16748841675852794,0.3261382342204291
0.32787911348850995,0.0,0.11228182352433227,0.027709701487228344,0.014931429078963443,0.09825670808970702,0.0925950352529738,0.20222683194989127,0.3935003754505379,0.3145324025603945,0.03963751353853462,0.33113077054916207,0.4123175065803809,0.037279906269032145,0.05378098315503105,0.0,0.1244055445085914,0.0,0.11984375538697625,0.42907379153182934,0.39156190502193483,0.11414583954587404,0.0,0.2904575470894406,0.0,0.12771196549686345,0.0,0.6249692826076302,0.2419818727820127,0.0,0.5320595004637566,0.1576548906304724,0.14248299527259012,0.32339959119341455,0.10531835509055787,0.18701869921185166,0.2333464735466095,0.012451324418698256,0.22364590015447977,0.15116168856027692,0.0,0.0,0.04001803923210401,0.0,0.0,0.3177063124462708,0.0,0.29211849984218413,0.14267320591936367,0.0,0.0,0.0,0.30033287215940685,0.24882957333128883,0.135354845840875,0.2944817605954831,0.22404076135486492,0.19988342759864183,0.0167398424785572,0.3133072348446464,0.0319277886516455,0.16099318968023585,0.13878528039247168,0.468029392086895,0.3092257005294741,0.4544544000821405,0.32855854079328295,0.0,0.24972009567678438,0.0,0.236846739437957,0.0,0.38252880690896346,0.0,0.4341369693122442,0.21947919794482998
0.48558028989543045,0.012489211459948885,0.27024072019258993,0.04611951145825979,0.212184976670807,0.04276063730214558,0.1710662329468825,0.15632599466981356,0.3823257953601491,0.427110438898266,0.22481910653848494,0.31190882266118475,0.369291002977357,0.12326653683728256,0.3574112431123818,0.22365270396114267,0.29444037125226163,0.09373430053262305,0.19695677578460946,0.5309889420675264,0.5370814853080383,0.3841570890561614,0.09562012881042227,0.30185778423189646,0.08723561100804933,0.2711537828763235,0.0,0.6241970187823307,0.3409491917985604,0.5320595004637566,0.0,0.43558350793187883,0.4475169267439771,0.34005976302700597,0.28613119789985897,0.23144268769712664,0.16217631642299823,0.15156702118111132,0.4850708290570567,0.2527376135723139,0.10126543280369646,0.1090057710471633,0.007899239635674793,0.0,0.0,0.44999486354980034,0.0,0.3213273775596053,0.20534563638924216,0.0,0.0,0.05786349684815334,0.24099724624987773,0.43326863099557933,0.28366434567448284,0.38824896717426016,0.20254163403089823,0.3207376386099889,0.14391694600018454,0.5262297819701074,0.3227429513942154,0.2512137642456911,0.32470874657466636,0.5388085096844539,0.5407280128946628,0.5390407368283334,0.5736853831161124,0.03323531822925868,0.3381358220539599,0.07189029345525091,0.37672979492180414,0.020648771950798228,0.4811757458529828,0.25405843914803444,0.45104478378258217,0.5996969551171525
