0.0,0.48007200711615616,0.08629659893969424,0.14151235102547707,0.4631458519905103,0.4629238700096232,0.5160164757125358,0.30089053648950015,0.3235285832390532,0.4126628965269977,0.1321758619347821,0.19535051223601496,0.5163467381923221,0.4658739336667987,0.595891840872133,0.6871241020253414,0.2245779763457466,0.42253654719575523,0.10389691626499459,0.524148752564263,0.6684473827745254,0.5876916184409277,0.4129626817002017,0.5115868131907808,0.6012999675297717,0.5428115838083223,0.4271229480643539,0.388267713942657,0.6365985004292927,0.44226722356655757,0.5818696992282576,0.46635434619838145,0.5491968867832328,0.4857798711356105,0.29653498185562494,0.32392420734352195,0.37801661397202474,0.33669765561213383,0.4406132381340313,0.5072322869147926,0.4002693695912274,0.05939303655203663,0.09521306459896337,0.07553062990025386,0.28221123627983985,0.6877050235171204,0.4185108218858381,0.09030423957754974,0.09856331967628754,0.27731329100323604,0.287435806206106,0.3300108653060224,0.256761321355778,0.17558221703901283,0.2428821017510814,3.313572509822116e-05,0.20912409916677333,0.3711314974388447,0.14698979345629073,0.46993694050244506,0.5900407846181431,0.2781520865484985,0.4041813548472232,0.0724227711258722,0.5172370074639996,0.5988962035253513,0.5821226688512963,0.3191130757807769,0.397807900937908,0.40738231513509526,0.562478732243642,0.28986214167394764,0.3411676121096413,0.47437394647833286,0.1768534555713176,0.37210602885276944
0.48007200711615616,0.0,0.22955265857379686,0.20418229252169365,0.4826653594822232,0.7952207907304566,0.576817932334256,0.5893795619487964,0.41970867132705514,0.7078365447188887,0.3344607062964452,0.6906146372335218,0.7490039136487632,0.5199567197035672,0.39646741690357523,0.48633045046492107,0.5428396460886422,0.5884845453958539,0.24108407364769097,0.4689914297172735,0.45513983041082334,0.5932729962011999,0.5469298149198266,0.6515576741049612,0.6912553042543069,0.8642193961449048,0.49084032739620864,0.4124763184740895,0.6052189236574645,0.3930677213328011,0.17439172666342856,0.5074445556900815,0.5194444572041401,0.3599752696921942,0.12258108201536252,0.42711617483796055,0.38972578076727793,0.3245340920729707,0.49690276716948745,0.459489467760763,0.2744465396253489,0.0,0.27995434113091927,0.27602030462847943,0.3033465925607689,0.1286942343950256,0.7025214969456336,0.20553958896948865,0.17633263041481273,0.38235328595467466,0.5441780794862415,0.3518365618792041,0.5301411337121603,0.39591507311124446,0.5478560398511543,0.24597534714216635,0.6382805555564431,0.5622640937266608,0.18754049444457482,0.35788440499264057,0.3479456223657147,0.611899108498395,0.4754519874826486,0.2694823569184321,0.39390584430018444,0.42916033444796053,0.48568954998262964,0.3634635166878268,0.4070347656333826,0.5905515804580865,0.6361340464263044,0.3007624523593537,0.4461755249269056,0.3457977446404274,0.2583652676960518,0.19236791251055652
0.08629659893969424,0.22955265857379686,0.0,0.0,0.5406038963940709,0.39379006693127677,0.15991275601782595,0.3284926713957421,0.712062304925866,0.3493262678601061,0.8091941575126964,0.3457310002697439,0.1763893882660242,0.1654390772779897,0.2283889277075103,0.022015465624335873,0.19184606131130594,0.2783494728808878,0.8928660602734958,0.28657274788090725,0.19265174921807623,0.27120032482721146,0.4521836593263141,0.23209050837643397,0.3658887166539205,0.19409603500852474,0.5122044680462019,0.16535464084084037,0.19759032434364182,0.18881711220181935,0.0,0.1526657818974097,0.13252268454767693,0.0,0.003984205516993626,0.14229629516557435,0.0,0.12394588122132819,0.21961817947310008,0.04477611063256229,0.0,0.0,0.0,0.0,0.17489831608113415,0.14051469294814534,0.2974199313195306,0.827163824874874,0.0,0.7571448160820444,0.41102572943987364,0.46764492961268084,0.34780924140058866,0.8097824785423855,0.33930097175791085,0.6454895708178905,0.3958126625817871,0.2395142483210867,0.36987562048483713,0.23153449572140106,0.26286092634492436,0.31472576377691913,0.3347790752012141,0.9172047780054002,0.21626892125370412,0.25265766136142126,0.3873386320120828,0.48204152096062286,0.20630621644018082,0.3006711841445111,0.29717880271229535,0.5394678677349632,0.0241975109117073,0.1992093843484423,0.0,0.08496705641482659
0.14151235102547707,0.20418229252169365,0.0,0.0,0.02315458177700999,0.20455127140430557,0.35371524098087614,0.17283968269731692,0.10115481115265218,0.2903562015861977,0.13066970828977553,0.2675438077904997,0.3876512723450243,0.27470025588494523,0.09533945411005369,0.12692904508150085,0.28837383629529034,0.18134402116088644,0.04029226334936596,0.07409126416780978,0.1250803059186483,0.08987828753345681,0.07297112562681451,0.1612090481782281,0.12537235746963873,0.18351034088198137,0.04517069700131052,0.4974268409533751,0.1463438720925893,0.17849380149828362,0.07756658831955338,0.0,0.03735922925020897,0.16376973300774475,0.04024841569880358,0.4372671378885643,0.2849865967887882,0.10849324939194753,0.03232502547159434,0.09920889488240553,0.0284387488157819,0.0,0.4577615226113735,0.49131744880930533,0.06397077699961784,0.0,0.26738183399507887,0.0,0.3381765651854403,0.07775832484031672,0.10742491752240498,0.19694036926113698,0.30887526473415533,0.03572119595390841,0.26330031761510186,0.31921135214155977,0.2502795277768227,0.2799732236778465,0.0,0.08974998065316149,0.11729352975769694,0.3353194483969877,0.23809971053686446,0.0,0.03834756648518937,0.16529344311981145,0.14205102489021124,0.09797518682125866,0.3916855994927171,0.15905880841549258,0.20010821483367958,0.043910895152441995,0.4318724854058993,0.011105603725083915,0.1824000903486654,0.0
0.4631458519905103,0.4826653594822232,0.5406038963940709,0.02315458177700999,0.0,0.6843832100196736,0.6538602526709512,0.5916507985939288,0.7303497843030536,0.5999644993035935,0.7026410270133711,0.6043636635965274,0.5927420928135725,0.619090735805384,0.661761452157358,0.471512024964642,0.1831429040531739,0.4129266256713927,0.5049017971091466,0.6211835906516439,0.5945156775722693,0.6704961204112996,0.6775710157475093,0.505519467291605,0.5518754098916884,0.5358044077460142,0.7520317981068307,0.37739711300106976,0.6142589922885326,0.5313928659279556,0.27053281849805827,0.4177897071987458,0.6118710428147413,0.44010771294839934,0.18565370864638595,0.43024959571992105,0.5000951345415939,0.36433970339941424,0.4315456463763031,0.5253804642182491,0.26344905725012785,0.0,0.13988678864465734,0.2961240766889833,0.2853910516551126,0.45021542927638014,0.5721070955953949,0.5106333533049051,0.1263551652016117,0.691119445169987,0.6022578583174043,0.6104010625638134,0.5065470960158054,0.7115641374322186,0.6134559254846206,0.37040062254767525,0.5505907181522823,0.6145529564075214,0.33397855381190483,0.6244637679841348,0.5913317016499139,0.5231285447753133,0.6129765598206087,0.5136839233595176,0.5755319468373434,0.585595655966214,0.6451412619184629,0.619034751316212,0.42463391437811004,0.5969285051629696,0.6586034004272528,0.6219139373216855,0.46267443558121935,0.5474538171393639,0.1126501275717931,0.2640989311846438
0.4629238700096232,0.7952207907304566,0.39379006693127677,0.20455127140430557,0.6843832100196736,0.0,0.6871943616094187,0.7901824814816665,0.6366177383291123,0.7096729142687433,0.5191206347540263,0.7956374216040345,0.8481180589702723,0.6610251510127628,0.5731288365654579,0.47686448628456163,0.4469583280977766,0.5484542930390637,0.37615824974776735,0.5823123196693356,0.6085996896949463,0.6150821803107226,0.7662426718606538,0.675546580496214,0.6178492821359257,0.7609975656421161,0.6910668121939219,0.5003860181365308,0.7286392605090504,0.5465563077117661,0.27146749193303654,0.41942729356318253,0.5708466634863074,0.5027474514073476,0.195724659669479,0.5544662956782506,0.46737108534267,0.34050319030749243,0.516787206818145,0.5092762272683642,0.2747773612116716,0.0,0.27673277316089245,0.2461229432272471,0.24495777630042265,0.2617373800802123,0.7182942960016058,0.3858139492368437,0.19358248176910545,0.5381466315098781,0.7409074989252405,0.5244034073046201,0.7100184230183348,0.592982328515361,0.6024448713857677,0.3429963616590127,0.7380377113833015,0.6951589050734913,0.3382914146209841,0.4611986000126803,0.47672169644979934,0.6518999020477656,0.5657220883009959,0.39120864617017337,0.4548895389063101,0.5427944002334242,0.5574681723906503,0.600257368878951,0.5296838767773233,0.6315313504818227,0.7007657936853933,0.417245112101996,0.4718295370558807,0.41312182010654874,0.14465770120336324,0.12784600972346394
0.5160164757125358,0.576817932334256,0.15991275601782595,0.35371524098087614,0.6538602526709512,0.6871943616094187,0.0,0.4770560227055687,0.45240806757667057,0.6367204225899742,0.3415508362069282,0.5117604121167115,0.7814568405233435,0.613994031403514,0.5708220595582354,0.6220338638204274,0.43612288028724155,0.6288394153497001,0.1445246984684896,0.536173883764602,0.6750375787364431,0.5518591280922971,0.5589971297668823,0.4831524670903228,0.6581509723860907,0.5441350359976678,0.6357384227899838,0.5784826617044533,0.6852453662207756,0.4780564389652824,0.3995414476991437,0.3258052505022476,0.47419650661360246,0.3648720058301849,0.1361562221514061,0.4594502896640038,0.48393709128449086,0.3520362516976667,0.35054317560200304,0.39959700700758427,0.13892740649002153,0.0,0.26662130270709256,0.3068704745633817,0.2319155764857293,0.3975656432950425,0.5503056591916394,0.13256228844299003,0.3766315611175117,0.4379609826359067,0.5081957382346044,0.659241695120391,0.4165556000352832,0.42416041039178726,0.5238345202952088,0.19883947908196764,0.4437390701830207,0.6181419959244223,0.2314328836839602,0.4677723298099959,0.47354272681117326,0.5710304482226349,0.6168189156588852,0.12046225863678647,0.45606279890783774,0.565182118550303,0.48487765468000316,0.41093699771953585,0.49009054059879287,0.532800123820725,0.5369752669328935,0.38626815567648487,0.625112951371698,0.45061061353107423,0.02362392669244083,0.13614554445236388
0.30089053648950015,0.5893795619487964,0.3284926713957421,0.17283968269731692,0.5916507985939288,0.7901824814816665,0.4770560227055687,0.0,0.5045522040729924,0.5776432822715019,0.5582602988917575,0.8045478929105341,0.6261236272495777,0.6577857310504206,0.5430271453066468,0.192932690327832,0.2244647696551596,0.2112652570495972,0.34236009230668507,0.4889804081448659,0.5189919289732418,0.5229578296877728,0.7927905127472279,0.7529932554476513,0.33582183601853066,0.694128745774967,0.44076263932879245,0.41588169660048707,0.3818185591972124,0.5002973376439915,0.21433451443252352,0.38460658202090403,0.5315353591205797,0.4037693769601509,0.12737804527125912,0.6352895291971716,0.464363429505141,0.2836306428105181,0.5100656460619281,0.441043826080027,0.192907853007649,0.0,0.39134682905607443,0.34414357059499934,0.21548552060869403,0.14386039992515243,0.5867260498831155,0.3430268356727584,0.28796297216098765,0.43673375654846974,0.6415806948503159,0.2969682752144187,0.8521134176267433,0.5111565994757248,0.5699608913362505,0.42639912479922526,0.7413911477064169,0.6089761470345528,0.34609408286827387,0.48045447507106676,0.2575472176900085,0.5177749105061822,0.330649282538497,0.3883958426323435,0.36030039143840775,0.5001557194994456,0.41852027638083344,0.6332339997231878,0.5889556544243615,0.49037509469914775,0.6300271378502618,0.27081187791624595,0.5019201136004079,0.27403612918882825,0.16092545076900375,0.1290466154491638
0.3235285832390532,0.41970867132705514,0.712062304925866,0.10115481115265218,0.7303497843030536,0.6366177383291123,0.45240806757667057,0.5045522040729924,0.0,0.4836397503094525,0.781632113609058,0.44795341906958097,0.47332474971890465,0.4153043653020156,0.524593079640902,0.22377522880495862,0.07257425414991941,0.23713470057553687,0.726304766627989,0.5220525999334574,0.37529687471170514,0.5818297871685142,0.5525467308450622,0.3592438493346569,0.3995761890201754,0.38703097551331267,0.6311637496221103,0.3159423137101164,0.45840830338317784,0.4786406416695237,0.056593475027187506,0.2889818667724059,0.4533634027824849,0.2694012140417892,0.1688381054998247,0.3398167462333189,0.24469181777694826,0.25561869615339516,0.3525854367010188,0.46002814543440707,0.17478426878951583,0.0,0.0553167083897738,0.2045943656200372,0.2582841404328764,0.2564779492109922,0.5400068574978591,0.8325939174464936,0.0,0.7232528536013385,0.5102557229704403,0.5718522578486844,0.4901230118067369,0.8761345845346716,0.5013835626324086,0.6280585402803759,0.4864135663429986,0.4951403609975998,0.24156417825439253,0.44382987148438385,0.5541702494074657,0.34879490848174033,0.5228501031829199,0.7349994724799835,0.429002103936051,0.40974738470330246,0.6139201009084798,0.6254750798925646,0.31325695571698076,0.5010383807330104,0.5635527559554643,0.6042300462498305,0.3315078562240629,0.4232904971807405,0.21108000442061145,0.2697597855514319
0.4126628965269977,0.7078365447188887,0.3493262678601061,0.2903562015861977,0.5999644993035935,0.7096729142687433,0.6367204225899742,0.5776432822715019,0.4836397503094525,0.0,0.500397598924895,0.6848838337229542,0.6715794656269999,0.4996941676606055,0.45781280590735207,0.41910056931351053,0.6317713000010186,0.615392819485229,0.365253895318298,0.40581521025325096,0.6348155563554307,0.4369377328240598,0.654623900187013,0.6725597025105805,0.7190510167965427,0.7291376676900366,0.5413223025841841,0.48497900838570246,0.584125421543308,0.39493975895127154,0.18432159002051593,0.34570668529945814,0.4718080442492732,0.34235583770582256,0.12728671850788942,0.43304750255342417,0.384281673077543,0.35313607425545185,0.39767863883593413,0.46575778394941314,0.1433206568090273,0.0,0.2767589174645264,0.23952239620304716,0.21736215561079297,0.3124624703504728,0.6782627893844106,0.32728639733834003,0.21711190675298203,0.507003564517864,0.5376675801295596,0.5728054773300226,0.5235861859928999,0.5297304746155918,0.7817399151206933,0.3810809228578034,0.6288842704679931,0.6567645690556576,0.27762651259561033,0.4133408173219677,0.4486070641924498,0.7912332894461398,0.650243502916887,0.3708333510183887,0.3146646693673671,0.590311917802739,0.4073784195088436,0.5104921568775364,0.542424924623535,0.6954520321809636,0.685512209788641,0.3504090010440891,0.5206046777613531,0.4460167779006271,0.07983029276554807,0.20182842502840845
0.1321758619347821,0.3344607062964452,0.8091941575126964,0.13066970828977553,0.7026410270133711,0.5191206347540263,0.3415508362069282,0.5582602988917575,0.781632113609058,0.500397598924895,0.0,0.5333015506680621,0.3782436452944087,0.44152091112816816,0.4504353908322049,0.06092083397128002,0.14611317989659026,0.20551991804621844,0.8440364632607822,0.38701738989694123,0.30345778971191056,0.4557069861443033,0.6004056433899487,0.3740800954768478,0.3319460207677214,0.37872493411725605,0.5598815418146359,0.3549311852601539,0.2866314796386456,0.37849650591356626,0.0,0.1742000374652805,0.3089845885096505,0.171788469650874,0.0924558819857435,0.3877838736251148,0.20620485062559318,0.18237156408060765,0.2746083818266045,0.2964729763669165,0.06539772269913056,0.0,0.14580420141591185,0.21521703499025602,0.1608920639803248,0.11785699445755543,0.4539167823976645,0.7758462402998131,0.09426477549388868,0.7099439381569822,0.49609306507827816,0.4524323296677243,0.5396515048995595,0.8267242612386195,0.543568283180099,0.8393472153281238,0.5410740438800601,0.4705854905071909,0.30662873238351745,0.4504082580121921,0.3805228911675679,0.4646457734262475,0.4050114452553912,0.825284078039842,0.33249650079666143,0.37311888979442787,0.46883597966035984,0.6438496283569991,0.41006907585791064,0.4427362541033122,0.5075690125405933,0.5742844256153845,0.3436052399582328,0.31276797058616285,0.09104733871688138,0.1054661647440785
0.19535051223601496,0.6906146372335218,0.3457310002697439,0.2675438077904997,0.6043636635965274,0.7956374216040345,0.5117604121167115,0.8045478929105341,0.44795341906958097,0.6848838337229542,0.5333015506680621,0.0,0.665426959319836,0.5860948721593615,0.39509713086875814,0.2461995394619626,0.5235065714375959,0.41626512029271767,0.31844735180851286,0.47234509588032464,0.3722776229523279,0.4909600136952158,0.6166651995020545,0.6898872713326825,0.4191455657407587,0.7604518664797812,0.41744468959747794,0.46551466750569287,0.3258753877402344,0.4136784593717724,0.13280673464620757,0.322069340840341,0.5322415763268888,0.3580333124665575,0.05153991415382103,0.6270113165548614,0.46790424010598064,0.30986510462074784,0.4268613883440628,0.4393306143954526,0.1778455919417497,0.0,0.45451315955647864,0.4045145753151285,0.15789351487880926,0.07279274867763535,0.5616876719091621,0.2453491986421929,0.3160764849572585,0.45733376620472876,0.594132161002513,0.31505507093747787,0.7527033930023419,0.5272219188197728,0.6600360526730573,0.3541550507185117,0.8774404980599642,0.6113447707100693,0.3574276907398819,0.3475738815486228,0.22248039019219945,0.6974801526368986,0.44241530757171593,0.34893570224530024,0.30825366150147626,0.32660459743860215,0.4097502155307584,0.4088253886218859,0.5482928255005675,0.4586160294855611,0.6048255673673356,0.16858486705643014,0.5299776112049905,0.11373695547038408,0.12224276075907073,0.014437536757686192
0.5163467381923221,0.7490039136487632,0.1763893882660242,0.3876512723450243,0.5927420928135725,0.8481180589702723,0.7814568405233435,0.6261236272495777,0.47332474971890465,0.6715794656269999,0.3782436452944087,0.665426959319836,0.0,0.6166966306395484,0.5249348072501046,0.5512764525039492,0.5035626346589799,0.5888760670852102,0.25208470063364374,0.5191098671614401,0.6065827991061719,0.5523516284953113,0.6161411651785293,0.628231732475778,0.58762999405809,0.7173301011730541,0.5403961861376123,0.6942314909425972,0.7139456341531876,0.5895515565484357,0.3716001162904402,0.37342001367032074,0.5429095620413377,0.5688339571302431,0.17859570478973552,0.5990556354316282,0.5967394347863987,0.4383662549359914,0.4186953839750788,0.5353870864450156,0.3527489655336867,0.0,0.36103259455079795,0.3490649160935968,0.26487317049587655,0.2674160441416733,0.6462211256786343,0.22570426487380704,0.20096181273099725,0.4266296831782282,0.6039510183297289,0.5249812360303381,0.5860368650048619,0.39016364836562334,0.5755476562363553,0.30055338691452044,0.6223464846573392,0.7663723078461427,0.27231134749727337,0.40753663966082543,0.49078129887359123,0.6607074576174669,0.631961321898703,0.21772829296506452,0.38929282327575165,0.5193417771095369,0.503648310202138,0.436830601151349,0.5818574855319351,0.5726496517826096,0.6410829456394544,0.33165291513940676,0.6555760432752419,0.43404238382221194,0.2270837564624103,0.17593539928054788
0.4658739336667987,0.5199567197035672,0.1654390772779897,0.27470025588494523,0.619090735805384,0.6610251510127628,0.613994031403514,0.6577857310504206,0.4153043653020156,0.4996941676606055,0.44152091112816816,0.5860948721593615,0.6166966306395484,0.0,0.6333274493995534,0.4593188361557302,0.16190011535845913,0.2781393253312794,0.1873330342531748,0.5063658407885099,0.542633060289542,0.5835375050957765,0.6038819906246501,0.616969375779475,0.41368600220572344,0.608316418804312,0.4937872352402997,0.41090755659133915,0.5252673620227438,0.5018975612712127,0.4007669490186504,0.388593132591534,0.6185816206095454,0.5124090381074713,0.21693518182892432,0.5720257491074978,0.5184949639362539,0.3236744987839872,0.4180631739415912,0.5069316126188593,0.27423253217278337,0.0,0.29877232884996197,0.4436278034917487,0.23620012957418962,0.3189705941158566,0.5420140161925321,0.18453769686187443,0.30931692236838004,0.3743341935805687,0.5232752266550402,0.3325261598703133,0.5852965008514935,0.3697567995215444,0.4465457478797927,0.27700957118407676,0.5352922680368932,0.4892834548292422,0.27657336753119643,0.5991223499804676,0.40802143682279657,0.38121428378377875,0.39422736841332173,0.20345537571762695,0.48688783400461616,0.515573507251115,0.49882268486158043,0.5170205210074081,0.5566305493097045,0.4914565983414634,0.6381962393581131,0.3508729027275488,0.5613388986192415,0.4056123236170023,0.12760388366873932,0.20470138937231172
0.595891840872133,0.39646741690357523,0.2283889277075103,0.09533945411005369,0.661761452157358,0.5731288365654579,0.5708220595582354,0.5430271453066468,0.524593079640902,0.45781280590735207,0.4504353908322049,0.39509713086875814,0.5249348072501046,0.6333274493995534,0.0,0.4428584686159567,0.08832012326967051,0.3064292612681258,0.25392635671109215,0.7269770875081524,0.7207152790094541,0.7220486712993001,0.6234841333107793,0.39701153275094647,0.42913656558371605,0.49189078552653803,0.6168181516501828,0.4485272485524069,0.6474505241605834,0.5094420250235057,0.39582909357322676,0.34462837512616384,0.5933477731220007,0.5190033148515909,0.236110674493636,0.4389986648420732,0.4243864778107608,0.35215283627044097,0.40097111577604594,0.5546597980658365,0.3583727913299009,0.0,0.13722722864985695,0.1713534093400747,0.2453945747184451,0.5347617740857555,0.5093045981768617,0.28343250712016493,0.1882919463748766,0.4239856374839308,0.4389398803813902,0.40293918298419384,0.4181533048654529,0.41369760509857,0.41424777949142333,0.2470084623004411,0.34615830169612394,0.5188169365406491,0.12797033911836,0.8610001789096422,0.6658469997727405,0.33053454634543056,0.5349334101454779,0.19916561855415407,0.7594584550634177,0.6837406830696245,0.6921631287962245,0.5691695805901934,0.3837752948570973,0.51871769346592,0.6596822754012178,0.46108925528586575,0.4688099921379906,0.6185651705356987,0.18476143279979412,0.3151948161931575
0.6871241020253414,0.48633045046492107,0.022015465624335873,0.12692904508150085,0.471512024964642,0.47686448628456163,0.6220338638204274,0.192932690327832,0.22377522880495862,0.41910056931351053,0.06092083397128002,0.2461995394619626,0.5512764525039492,0.4593188361557302,0.4428584686159567,0.0,0.32419564678077817,0.6594619328665708,0.0,0.5819659450587433,0.5609513002860513,0.6129334415062149,0.3256568341829927,0.3680896313632598,0.5911131955425113,0.4346033636521797,0.4996931888924482,0.4315879122310995,0.6939937607414491,0.47619548314282484,0.6460979004962115,0.4160465790087981,0.536891062741095,0.4836716823086882,0.3305541639728894,0.20838956257949934,0.4131826211958558,0.24884565264382935,0.43785368235367206,0.3690558461908504,0.23410043177274875,0.0,0.020563882535794234,0.06325096100000324,0.1215399106347499,0.5236595784922887,0.45086942865677637,0.0,0.18985725369041068,0.2848923063648104,0.3107931733044115,0.42451009940041284,0.19144597154548348,0.1755246090803262,0.19573131208919148,0.0,0.17789719811323124,0.38300636843474883,0.18183369229270763,0.34101000594530956,0.5931712347342988,0.3445047061696822,0.5073559394897352,0.0,0.4607738526262518,0.45793570780576554,0.5741540990440649,0.21733390306229294,0.29930438767505696,0.3475825644536087,0.42907538489716956,0.24059495689999133,0.3775750485480671,0.4316907330283984,0.05337801163982303,0.20752164924462652
0.2245779763457466,0.5428396460886422,0.19184606131130594,0.28837383629529034,0.1831429040531739,0.4469583280977766,0.43612288028724155,0.2244647696551596,0.07257425414991941,0.6317713000010186,0.14611317989659026,0.5235065714375959,0.5035626346589799,0.16190011535845913,0.08832012326967051,0.32419564678077817,0.0,0.7738384713826846,0.10714345493870964,0.20647930008230836,0.3302919671250605,0.1622355346856451,0.22602360582771225,0.3931724440078034,0.5226785346046962,0.4768245731396791,0.22358876038232683,0.5018546183601158,0.3332981678001222,0.08195750014561676,0.1293691722347581,0.10635684533253437,0.2416182416710093,0.08921621809713332,0.0,0.29138688741031493,0.19533788292263343,0.19668416579734413,0.18202062816658748,0.0699922296119233,0.0,0.0,0.3044048072705973,0.0,0.018436587689683037,0.09664414158465437,0.3393552419641937,0.0,0.3096836662754851,0.3273291305213417,0.2590416609613224,0.33532655986776416,0.2746594852823277,0.2724751272982371,0.32615077912771556,0.1506791887615459,0.44865919924297093,0.31105068797484536,0.31468242571515265,0.0037992909699567923,0.055994116708117936,0.6722546012501617,0.3593269666291511,0.0947067285493143,0.10686607398357623,0.2216546722770579,0.19103612028888722,0.008553252172600861,0.39083900983852643,0.2354900689175387,0.20415925292846937,0.0,0.25934736207264647,0.0,0.0,0.0
0.42253654719575523,0.5884845453958539,0.2783494728808878,0.18134402116088644,0.4129266256713927,0.5484542930390637,0.6288394153497001,0.2112652570495972,0.23713470057553687,0.615392819485229,0.20551991804621844,0.41626512029271767,0.5888760670852102,0.2781393253312794,0.3064292612681258,0.6594619328665708,0.7738384713826846,0.0,0.16008021418209284,0.426541706136749,0.5281968624597686,0.3891285599176623,0.368543439071448,0.3880231476895749,0.7737590021467056,0.5231733082402015,0.4687779072463805,0.5127665682594987,0.5937959829901285,0.2116015262376134,0.1902796590262651,0.20774753195167828,0.3790492201235768,0.16743742088343253,0.06569598804042501,0.20929220208602195,0.23563169908574627,0.2926509389973184,0.25411306273504697,0.1498865600159226,0.007673582751460517,0.0,0.14008126773053975,0.0,0.1254278518982572,0.29797059739409404,0.41923049945409907,0.03968689772473313,0.2205310102007024,0.4630470699048097,0.3099943875031725,0.5246638420807206,0.1986901423830958,0.33432617320033214,0.3114202161494199,0.10273192609244582,0.3414203441082162,0.3801182042541327,0.1959026046175758,0.21470691465822184,0.32266150342068245,0.5817642183956856,0.5845378887707348,0.1540569500634179,0.3164043807129155,0.40919321785819907,0.4129138427384871,0.13854013316167846,0.3410875929168706,0.3695368261334872,0.3443438586530163,0.17586427542424127,0.2862247899146303,0.227750478552113,0.0,0.0
0.10389691626499459,0.24108407364769097,0.8928660602734958,0.04029226334936596,0.5049017971091466,0.37615824974776735,0.1445246984684896,0.34236009230668507,0.726304766627989,0.365253895318298,0.8440364632607822,0.31844735180851286,0.25208470063364374,0.1873330342531748,0.25392635671109215,0.0,0.10714345493870964,0.16008021418209284,0.0,0.26448340342841237,0.17935134061471342,0.3146463721787023,0.4327635055426282,0.2629713391698059,0.25535182301183057,0.22651241307321734,0.43398271759285556,0.2604046250768831,0.21465539146110396,0.31528893547880427,0.0,0.14742365997249354,0.14856749989006598,0.08301655011824947,0.06263095283234316,0.23990513199486613,0.10989467183818687,0.1868355607477569,0.23243928340577819,0.15533671481578776,0.029613027693153077,0.0,0.03647570106006144,0.04737160532251478,0.19689362355045745,0.09295637319295579,0.3254865074724809,0.901834206473107,0.0,0.6291323389289609,0.40294503633441825,0.38069061428003803,0.383132162667921,0.7439639219831355,0.4077325491980672,0.74743334901849,0.3891924182204136,0.34818051831550256,0.28936820727298085,0.2546870926876811,0.33825092460860895,0.33802738567011403,0.3481900686891398,0.9669551870994301,0.19756287272340617,0.24763066245116042,0.40445877912752476,0.5336325770592424,0.2709147852463217,0.32295301437799506,0.34904231256128604,0.5249046824605654,0.19468711382218867,0.239794038707573,0.16092955844492857,0.17128501077546784
0.524148752564263,0.4689914297172735,0.28657274788090725,0.07409126416780978,0.6211835906516439,0.5823123196693356,0.536173883764602,0.4889804081448659,0.5220525999334574,0.40581521025325096,0.38701738989694123,0.47234509588032464,0.5191098671614401,0.5063658407885099,0.7269770875081524,0.5819659450587433,0.20647930008230836,0.426541706136749,0.26448340342841237,0.0,0.5693854559098189,0.9109615211213042,0.529945912014311,0.4064897120422939,0.4516702863828289,0.5065236522907752,0.6284214211955521,0.5213935749428874,0.6338589836405112,0.6379536762290879,0.443563896173281,0.41717746927725924,0.6276590103157822,0.5272410872644773,0.23406262420457064,0.4706707470924447,0.4543224808524632,0.38119223017894205,0.47057322205314345,0.4736143193749156,0.3785213910780706,0.0,0.1595470049072292,0.18340576728833557,0.2659865028898346,0.40592555652366935,0.5218064012489089,0.2392597811317353,0.2649751282784476,0.4661384507827001,0.44837738664844057,0.40983390051979945,0.4459327885254155,0.45545059452371567,0.3644287900697433,0.1895577407214338,0.4341194021862065,0.5253817081392906,0.22848600460758856,0.6145892120637907,0.6311560816061694,0.3752040880032458,0.5065272644045777,0.22939911243907588,0.7677002754966171,0.5067372018317411,0.8401660332196993,0.4354614457349544,0.3648116927806694,0.4319666419509955,0.5774393193248575,0.3728835467454147,0.508236241418031,0.432932725395616,0.17273221613865808,0.2547387622367136
0.6684473827745254,0.45513983041082334,0.19265174921807623,0.1250803059186483,0.5945156775722693,0.6085996896949463,0.6750375787364431,0.5189919289732418,0.37529687471170514,0.6348155563554307,0.30345778971191056,0.3722776229523279,0.6065827991061719,0.542633060289542,0.7207152790094541,0.5609513002860513,0.3302919671250605,0.5281968624597686,0.17935134061471342,0.5693854559098189,0.0,0.5197100044058631,0.7045682732531598,0.5790420183975782,0.6592805945125724,0.5492601148000249,0.5874819448960946,0.4941693790632257,0.749041910555056,0.44436498103689775,0.5189561656599038,0.38320414583197654,0.5579379716241473,0.4754704285800283,0.2561676110830283,0.4012677875574079,0.4279463075298158,0.4208379711029832,0.45022678157857343,0.4229413778253196,0.22966466646395356,0.0,0.140458726493702,0.054387028980084365,0.22463764153305135,0.6564340421323162,0.5546072129729855,0.17831528771926689,0.22674275478551453,0.41672265913434325,0.4732403683510804,0.5492335260690282,0.42014490429463724,0.3502720695714988,0.46181566695046306,0.12771780792573798,0.30585508981680404,0.5800042511727752,0.2599333580347439,0.5953954441936218,0.5988317459116397,0.4831377798394044,0.5767521234319046,0.14369066764479943,0.5191211780048066,0.8557138887573326,0.5340355669382202,0.5366211783399298,0.5462500266343788,0.5778603366950864,0.6367510307835416,0.3639401971087977,0.44002507479110753,0.6071077709678376,0.0,0.27929250795709654
0.5876916184409277,0.5932729962011999,0.27120032482721146,0.08987828753345681,0.6704961204112996,0.6150821803107226,0.5518591280922971,0.5229578296877728,0.5818297871685142,0.4369377328240598,0.4557069861443033,0.4909600136952158,0.5523516284953113,0.5835375050957765,0.7220486712993001,0.6129334415062149,0.1622355346856451,0.3891285599176623,0.3146463721787023,0.9109615211213042,0.5197100044058631,0.0,0.5066941551953729,0.4175252557288966,0.48708673049880113,0.6077278872475829,0.5727555791029664,0.47327244565137744,0.5847183052009992,0.6520054404385645,0.415658463469352,0.48455898564092104,0.6941908972898849,0.5213124133365041,0.22537533911086266,0.4262948943296652,0.4468037714556308,0.3935695181921396,0.4593533821976861,0.5787111364996349,0.41998481885234734,0.046895370282184275,0.15360079655650058,0.24723767062653473,0.33346914638466085,0.4357891037005135,0.5543685464985602,0.3141081214903655,0.20734606229198738,0.4092813744244162,0.45291755748809626,0.3465069437925104,0.4381642416662338,0.4508599404163138,0.42025696672554885,0.2399732939789387,0.44682248145564263,0.5200783429983793,0.16499248631089009,0.6504502933031178,0.6434891076620831,0.359220418430999,0.4829367095476257,0.27831489709698054,0.7190292905458849,0.48202054779852854,0.8514576736075569,0.44452432090892197,0.33546085656525,0.47044535649452146,0.6263355040765901,0.3843050906092921,0.555672567953905,0.4616897718855617,0.31519845172730193,0.3616077747081683
0.4129626817002017,0.5469298149198266,0.4521836593263141,0.07297112562681451,0.6775710157475093,0.7662426718606538,0.5589971297668823,0.7927905127472279,0.5525467308450622,0.654623900187013,0.6004056433899487,0.6166651995020545,0.6161411651785293,0.6038819906246501,0.6234841333107793,0.3256568341829927,0.22602360582771225,0.368543439071448,0.4327635055426282,0.529945912014311,0.7045682732531598,0.5066941551953729,0.0,0.6696205039942269,0.5616302727721617,0.6261192720554507,0.7097023349763147,0.40350639449605974,0.6383566912742948,0.4665399454037361,0.21730102553742564,0.3884240548200249,0.4631334251999508,0.3388597356378423,0.15647001015875192,0.44776780441533537,0.35210390194855434,0.334878094719525,0.45540600588977076,0.37785562420759455,0.16178924290283325,0.0,0.19627058358638622,0.15667907290917865,0.253010789278855,0.3214518498193199,0.6075133082603937,0.4527117295468242,0.17713097598981903,0.5496273801467495,0.6758325475433691,0.5173308011477595,0.6848481979711475,0.5537386846724195,0.5734517166120929,0.4012412288734047,0.5679017399809738,0.6342308513047291,0.34146207458762634,0.5614780108452626,0.47787388961955624,0.530344083393891,0.5095836243442066,0.4488289894352082,0.4399329646108827,0.6626329628541241,0.45670485494385954,0.8143351416008466,0.5524189692171257,0.6364112799841781,0.6708105247407687,0.5008094869897576,0.39938874596729634,0.49023390686335766,0.013841252798904025,0.2325548051207807
0.5115868131907808,0.6515576741049612,0.23209050837643397,0.1612090481782281,0.505519467291605,0.675546580496214,0.4831524670903228,0.7529932554476513,0.3592438493346569,0.6725597025105805,0.3740800954768478,0.6898872713326825,0.628231732475778,0.616969375779475,0.39701153275094647,0.3680896313632598,0.3931724440078034,0.3880231476895749,0.2629713391698059,0.4064897120422939,0.5790420183975782,0.4175252557288966,0.6696205039942269,0.0,0.5156101381074103,0.7992370525748903,0.32096105266038877,0.42747089401565774,0.40908419042776434,0.45324749105063644,0.35562407450922484,0.4041779650642156,0.5316251524039002,0.42239721174847067,0.13359976370093174,0.5659454888587937,0.47882460658020315,0.46196519983926665,0.4858965701179014,0.48952571315656257,0.304223915352236,0.0,0.39093242745677914,0.2714650146737184,0.3132035401363848,0.3365627608054974,0.5829239967033063,0.19639450957720078,0.2296614647575037,0.36844772375030765,0.5660332752636908,0.2814252619394175,0.6710036921296552,0.35744223160240773,0.5637840784806843,0.20448084414542841,0.6710796901663855,0.5731314987955238,0.3884574916855209,0.33562720880610264,0.32326279552723486,0.5752928359960323,0.4290402841061799,0.25521266472137455,0.27215291368631567,0.5194561370148227,0.35438047370512576,0.4252095883254443,0.7289110113988146,0.5180437741863384,0.7069641635810319,0.14415527661239058,0.4836404188892012,0.3052341038824561,0.1881050338651465,0.2290210234279978
0.6012999675297717,0.6912553042543069,0.3658887166539205,0.12537235746963873,0.5518754098916884,0.6178492821359257,0.6581509723860907,0.33582183601853066,0.3995761890201754,0.7190510167965427,0.3319460207677214,0.4191455657407587,0.58762999405809,0.41368600220572344,0.42913656558371605,0.5911131955425113,0.5226785346046962,0.7737590021467056,0.25535182301183057,0.4516702863828289,0.6592805945125724,0.48708673049880113,0.5616302727721617,0.5156101381074103,0.0,0.6570793210523231,0.58004707432865,0.34701269182334554,0.6470132577608078,0.25992436801362745,0.11943554844713852,0.3913719350090374,0.4383513056282715,0.2009787554749775,0.107451452516305,0.1967179254798609,0.20927899339653588,0.3539795655786472,0.33194551218712054,0.31741257952014607,0.14382534462947383,0.0,0.06042953260681067,0.03005265834383508,0.3072770962544008,0.41906312743161084,0.5417248677878669,0.21048661942861951,0.15121294756883635,0.4985494576100071,0.40811436565890835,0.5551798883735289,0.2627234465844628,0.39204133951037523,0.4939309932333361,0.15978814626405816,0.385929074721504,0.42136146801725466,0.1334771220271161,0.37446869172291025,0.48908629119995684,0.5469368405925461,0.6151642289174907,0.25596733823174356,0.38642249777327037,0.5964049904145609,0.48085819461547635,0.36789273432171105,0.3812247654897632,0.602650254099707,0.5536902995588221,0.38813954177953636,0.2566270365142054,0.45633065812753415,0.0,0.19292622822393063
0.5428115838083223,0.8642193961449048,0.19409603500852474,0.18351034088198137,0.5358044077460142,0.7609975656421161,0.5441350359976678,0.694128745774967,0.38703097551331267,0.7291376676900366,0.37872493411725605,0.7604518664797812,0.7173301011730541,0.608316418804312,0.49189078552653803,0.4346033636521797,0.4768245731396791,0.5231733082402015,0.22651241307321734,0.5065236522907752,0.5492601148000249,0.6077278872475829,0.6261192720554507,0.7992370525748903,0.6570793210523231,0.0,0.4039415605050783,0.4612355046916079,0.5142839443404368,0.44672658050844516,0.27406215989844496,0.4637349513191169,0.6295734906492537,0.42112722757243604,0.1685714093551743,0.5222362802296643,0.5061946930885594,0.37856956561115396,0.4921259375072858,0.5781284249143347,0.33050305072919595,0.0,0.3247123962759203,0.26284685856134915,0.2414944927487015,0.2899784634455761,0.6385978540126206,0.1888935314148415,0.24115805141008428,0.3440513265525166,0.47831693217058086,0.22922420461940676,0.5508860398330689,0.3929721366923778,0.5717659852765563,0.22788681083576104,0.6503196781687092,0.5505392721223292,0.22596801730191696,0.44982908295881086,0.3511849089774535,0.6205503762763303,0.42007563144211685,0.23418663954317204,0.39888628770653967,0.4552679997344444,0.4933575620394319,0.35695640660088634,0.536342460285734,0.562900422244269,0.7532977577547231,0.1890258183027028,0.48489281878832297,0.2699923605030213,0.1773040000022375,0.1474170805262554
0.4271229480643539,0.49084032739620864,0.5122044680462019,0.04517069700131052,0.7520317981068307,0.6910668121939219,0.6357384227899838,0.44076263932879245,0.6311637496221103,0.5413223025841841,0.5598815418146359,0.41744468959747794,0.5403961861376123,0.4937872352402997,0.6168181516501828,0.4996931888924482,0.22358876038232683,0.4687779072463805,0.43398271759285556,0.6284214211955521,0.5874819448960946,0.5727555791029664,0.7097023349763147,0.32096105266038877,0.58004707432865,0.4039415605050783,0.0,0.2922387709610236,0.7638649357479008,0.4274247523537146,0.20308030428565826,0.45253576038770377,0.4059435235502965,0.31087419664010385,0.19708681369399714,0.29977395565802184,0.27465158959633723,0.273618434095929,0.42685527559557157,0.3065500192464481,0.1494708247030744,0.0,0.05517145320988531,0.1554830995905375,0.28309271206875763,0.3139006651468465,0.634065513609112,0.4352114083402913,0.15140267946312438,0.6645663837470672,0.6801064695848507,0.741179451651713,0.44505034649089553,0.6327066120273601,0.5023072430425116,0.3302100155730363,0.3968155787561472,0.5704564611650946,0.34507453978259806,0.5623418864384818,0.5988766190891951,0.4802574540244262,0.6134518859087865,0.44637476422932415,0.5864232578032799,0.5831745934465952,0.5512729205741653,0.7150570729932129,0.2757314132499572,0.6400373613301037,0.5706424904583475,0.7978624251676465,0.3020124143190976,0.6099374578010945,0.006058704350558747,0.21470943169296863
0.388267713942657,0.4124763184740895,0.16535464084084037,0.4974268409533751,0.37739711300106976,0.5003860181365308,0.5784826617044533,0.41588169660048707,0.3159423137101164,0.48497900838570246,0.3549311852601539,0.46551466750569287,0.6942314909425972,0.41090755659133915,0.4485272485524069,0.4315879122310995,0.5018546183601158,0.5127665682594987,0.2604046250768831,0.5213935749428874,0.4941693790632257,0.47327244565137744,0.40350639449605974,0.42747089401565774,0.34701269182334554,0.4612355046916079,0.2922387709610236,0.0,0.5012037618266769,0.6431654715158515,0.4029841358134637,0.12987845466226255,0.4503817966620747,0.5017323001140312,0.1789069149356755,0.6508321871374815,0.5294325840205353,0.4100890156951972,0.24794187118871935,0.34990187792921246,0.24469144055211725,0.0,0.41124144428840037,0.22878809226710636,0.10016342154304209,0.23777847829015458,0.37735964282873974,0.15729066544193487,0.34609543032373513,0.35122221755537736,0.2617745620941608,0.3634857245910084,0.42119667613071343,0.30651906468521106,0.38074838926104604,0.4208878000307018,0.4157303884700137,0.5470907901852807,0.15883765473761594,0.29862840819925845,0.40762465169109363,0.5266479474943707,0.45764323042577293,0.16226986378950656,0.3554878822976951,0.40731364593794883,0.5094011170132036,0.2392714407039963,0.6002837131084835,0.29555124395010246,0.42745698379588815,0.11609534406966598,0.7567308490480749,0.17198658266370914,0.1385528690539317,0.0
