0.0,0.33250465945151336,0.2976950182361124,0.07370603993715,0.3701077531783882,0.29346983708957575,0.2047165464728956,0.11408065034072604,0.3037282823895555,0.3489204205553946,0.10786487460200406,0.0,0.20785973005722666,0.12349737836957653,0.29268823084614704,0.39941228895890335,0.349108815005797,0.4233403099530709,0.37898122738188655,0.24265490758674615,0.43853182715745626,0.47603193328594956,0.2656739285799791,0.43928148731703176,0.5286632910186554,0.43875293647747216,0.3000524355801001,0.04278493037434089,0.33021770719192817,0.02369511545830505,0.20425222684972777,0.23511233856816707,0.26960915111572287,0.2281391027944151,0.17790507628834856,0.045522990944638714,0.043525465228912784,0.3597878825792692,0.22404247816109935,0.39262361591175676,0.3711628107756072,0.24966557019244495,0.0,0.034919065891871603,0.4022630135014227,0.5992642272111757,0.2606201015108934,0.3090973795532179,0.0,0.18447093896106204,0.18617938118338853,0.10790935973217372,0.09052494377680542,0.29410387728655235,0.3911774752748312,0.11416860147030689,0.1329321395805944,0.2007167986313536,0.04794935965894272,0.07377285346925794,0.452532306081038,0.32611186245187423,0.35261397470629197,0.27145307334547336,0.15634063627870512,0.38798670394842,0.38008990968623574,0.18625219340323793,0.3030344161215988,0.2588188143315815,0.48248571289547554,0.2301079858076278,0.1284800443943567,0.28339982924320667,0.3608356965149877,0.3935291377129476
0.33250465945151336,0.0,0.34060246973424935,0.06351624296083597,0.420606658821008,0.6525381112863758,0.35076567684464116,0.4873805741023876,0.2460253108384343,0.2856081177543306,0.0,0.40826163981047614,0.5568979541747434,0.1714432991770922,0.1096017554642349,0.5472788156779964,0.6474688274373934,0.6568135722503766,0.2260188364395318,0.14910925397767452,0.33331900732897624,0.3950770934177765,0.5587948102767316,0.5125970332690957,0.6911901089416158,0.8449709731571305,0.1264490286262344,0.03063681380240485,0.19110020878493736,0.0,0.14979935814048678,0.2702422816707757,0.3339671846893125,0.1565565058386596,0.16707930912092728,0.10602750202569922,0.0018645037599308717,0.29056958241248565,0.24233817048004044,0.3655642571906651,0.19505656628537393,0.2547074264451061,0.011414587329361986,0.044536999977858996,0.3057845185720114,0.2470336289926025,0.5135008745036687,0.3746292565825786,0.0,0.15871386548667943,0.2894748088597819,0.0778398146024841,0.2871558980817864,0.25959894124259764,0.2638361835994864,0.23598550535595553,0.3780956518476832,0.25465470459545836,0.0,0.0,0.21327615669055747,0.3652869719562264,0.1661766088178183,0.338898574608383,0.0,0.1943359302654439,0.27114521177946216,0.20573180463857402,0.32707027882680934,0.1863090137863426,0.5279544386047273,0.14174841343612318,0.07316832678616442,0.0,0.241018168258421,0.28097156083981356
0.2976950182361124,0.34060246973424935,0.0,0.0,0.4266178501096607,0.41294729979874156,0.15059851204409053,0.11884248056425528,0.6224039165555655,0.27831032242634535,0.41536098077739997,0.22713538813374318,0.27099393747562245,0.06457159613236266,0.29302568182458766,0.2254331685526601,0.4039100455850438,0.37936592726122087,0.5896142090878621,0.32457413029380594,0.08614850083291803,0.3618320062619011,0.31931081437924197,0.4509770619036316,0.46969012661750587,0.5071475852604405,0.39050818246206587,0.22554187650315846,0.053091606850617756,0.0,0.015505491163741308,0.14177205701647433,0.046282389772700105,0.02163164083502722,0.0386362898580345,0.13752760558931615,0.17908804384838076,0.1892650077402687,0.1394145395734382,0.2395459650466749,0.042926402389328794,0.05190151110925296,0.06994238102494174,0.1572581485419262,0.33594841256427715,0.21200070101921895,0.31057115782072714,0.6345185963280133,0.0,0.2665895603896233,0.31050002623525597,0.04287230226178734,0.1623266899289088,0.5233491380810428,0.2760003483087114,0.5043605715452052,0.3296849789924639,0.10435443080863513,0.022783096832651256,0.16074066372978596,0.14212571619618694,0.3179513882537045,0.0441545368703852,0.6382703914310978,0.24055100142476427,0.13318166281864108,0.42137432689684495,0.24247436376923537,0.266025252712043,0.1448958357457758,0.36856604112798624,0.49611033618977846,0.2675676695659607,0.012501449255719221,0.2229878580954065,0.24679808916315102
0.07370603993715,0.06351624296083597,0.0,0.0,0.0,0.1615292840107439,0.3802512492203517,0.055040503805909996,0.010705751955347842,0.0,0.0,0.0,0.20240306360187652,0.23556869682198475,0.0,0.0,0.0,0.0,0.01356798913756048,0.0,0.0641874021662798,0.0,0.0,0.10240438824567513,0.0,0.0,0.0,0.34486112359452625,0.024691458405340094,0.1342275812180823,0.11783101307514962,0.31041312959563927,0.0,0.19373748499649196,0.28906346776315406,0.28678568802039145,0.0420643565654657,0.062310117047403725,0.20482793276308375,0.0,0.13195325406661912,0.08803187685012319,0.14649924967591324,0.0,0.0,0.048866873751456825,0.0,0.0,0.2397030922500682,0.0,0.04938566777880437,0.0,0.09299164581867154,0.02073634004636471,0.0,0.0,0.0,0.0,0.15400686382375164,0.0,0.0,0.0,0.0,0.0,0.0,0.06666603715675239,0.0,0.0,0.25056813733900746,0.0,0.0,0.0,0.0,0.0,0.0,0.024176120296418843
0.3701077531783882,0.420606658821008,0.4266178501096607,0.0,0.0,0.38913827014984137,0.4030513970308027,0.2839331214115794,0.7138719675595597,0.3618109856619949,0.2638508986541405,0.1238941030876466,0.25919056933403384,0.25010623889795947,0.24086216579386371,0.5765080952251739,0.5669317245141364,0.6420159593455546,0.4914251146367279,0.28127597490751866,0.3353474697911745,0.4951587845624467,0.3332942690910816,0.4066793060351186,0.5684331680920375,0.4958568454289022,0.3052156395216941,0.0,0.2197376876671179,0.0,0.25749193157308375,0.045958727453506154,0.25334325130517465,0.2494337828382437,0.11074838189446436,0.0,0.07743782887466572,0.3006214488858666,0.09429385378713093,0.4252535721455561,0.16124886389959855,0.1362246821204388,0.0,0.0,0.40898686523494054,0.3445607667773153,0.5431514877052792,0.6574587132622506,0.0,0.3201609066102318,0.3163995003965235,0.3218509369246807,0.2793132417810555,0.5619672120063769,0.4817121686980143,0.5521351388548001,0.35427051378145236,0.4255606574890752,0.0,0.0,0.4612615063958922,0.5067897364687114,0.2247057382262114,0.49326723291763364,0.09316186781885641,0.2428619042328278,0.45617505509785494,0.3281195659068542,0.26099165736589003,0.27729787438323467,0.6062889725537772,0.27656431952568983,0.23340092376875338,0.3091943492446316,0.41588976234863606,0.3143551543281151
0.29346983708957575,0.6525381112863758,0.41294729979874156,0.1615292840107439,0.38913827014984137,0.0,0.4988482703257827,0.6035039234298598,0.4761715554993099,0.5080124247407766,0.1205413776468072,0.3533310370389672,0.7260012793112516,0.32417512748999544,0.022789365858396637,0.3625619141229604,0.4673497109129056,0.4031806782262159,0.48346089264366154,0.16841720223287343,0.33270419053402905,0.23358651323605203,0.7015358594298491,0.47674566453787703,0.4915252971322469,0.5948033157318638,0.4419117813720889,0.22990817592877624,0.47431112001711545,0.1538756785184049,0.2687831305368714,0.14931828217350457,0.16914314251975168,0.17585331462888815,0.20707902445463283,0.15096334097594277,0.03532608542020105,0.17268261457335313,0.1305281502068831,0.252584490578763,0.11400481470006914,0.15805093165148165,0.04153121794561199,0.15918644424042336,0.17968831069643454,0.2800237371363624,0.47891966343103254,0.5800596513858483,0.0,0.25733571903827807,0.5715376187640778,0.22746921146500226,0.5260968725390965,0.5027115900728328,0.4429409678922021,0.36352860783987706,0.4520205619455847,0.5058870114989465,0.08860597362727489,0.0,0.22255225195935485,0.4184554838956965,0.25459973587967416,0.38977937675083213,0.0,0.29099875793192076,0.10567467001048858,0.4135389341822571,0.3477753408135761,0.4447905741661408,0.49051301385055845,0.266782272402895,0.08237353143719506,0.039829006881193646,0.17777081275602838,0.07916054366189136
0.2047165464728956,0.35076567684464116,0.15059851204409053,0.3802512492203517,0.4030513970308027,0.4988482703257827,0.0,0.19517090199446718,0.536962663108828,0.20797767937497907,0.0,0.0,0.43140363754007405,0.43277261437220926,0.0,0.21494022968017748,0.3263317173259545,0.2893269009003401,0.3751350823121642,0.0,0.3131316900027786,0.0,0.20802810341546277,0.24351463871302492,0.18961195115303808,0.2511424583962758,0.08467849928353083,0.033347948302775876,0.23687112421430034,0.0,0.35887016501389557,0.35875619301150896,0.019737828489728382,0.21671732443812952,0.279981486627233,0.14385297271487762,0.0,0.16009310960232453,0.2963191303805742,0.19822667458469995,0.20105565696031152,0.2622227553396637,0.0,0.0,0.27030887121892005,0.2359086610536407,0.12643462548751816,0.3817660251167492,0.0,0.11336063312430683,0.3846981231041627,0.1456814182451735,0.20585757352125925,0.5053044050468111,0.23874513281730564,0.11064957424529107,0.0,0.43996675482665365,0.1421875478820533,0.0,0.1616933073498138,0.254151914362649,0.0,0.25358930405301666,0.0,0.25152834196695933,0.0,0.12550042348717463,0.268804311560102,0.027647440520872674,0.2569229464531303,0.15454576864964914,0.0,0.0,0.24267834735701932,0.20763261948650327
0.11408065034072604,0.4873805741023876,0.11884248056425528,0.055040503805909996,0.2839331214115794,0.6035039234298598,0.19517090199446718,0.0,0.18356651775370805,0.27507911366945703,0.0,0.534683711508278,0.4601252378387283,0.15847091553341247,0.0,0.25633697968460506,0.31987982392116465,0.19711342733091816,0.10393720553670732,0.09420435211970479,0.23878833698135998,0.1891227785809402,0.6030734048131313,0.386104634948335,0.23332236256946137,0.36897049920942215,0.11399038026690783,0.14500055536030362,0.22169997182168524,0.15160519574822662,0.12005744060184104,0.0,0.23359510427505426,0.13178814824639953,0.06236523735672262,0.0,0.0,0.10414381062616114,0.0,0.26701427637199104,0.054881046882034185,0.0011645605418002455,0.0,0.0,0.038409064943261434,0.23251367849566917,0.3616788724673963,0.2886166276015449,0.0,0.11491368341798514,0.23591896705670626,0.205226750708003,0.6468109476267433,0.18125314481580657,0.3040622455592228,0.37189381676677497,0.5007124671215711,0.2797884972498875,0.0,0.0,0.0645561783065335,0.3535596297410873,0.15546310155235266,0.08784286442339023,0.0,0.09012598916393671,0.0,0.27557685772924106,0.18117793707210939,0.3091933814179283,0.31432471824490194,0.0,0.0,0.0,0.07979723739597368,0.0
0.3037282823895555,0.2460253108384343,0.6224039165555655,0.010705751955347842,0.7138719675595597,0.4761715554993099,0.536962663108828,0.18356651775370805,0.0,0.4096684850493818,0.42051594309109536,0.07941725618068957,0.33540847938523866,0.30021574103423754,0.156557942269543,0.3009386311561214,0.4179775760295667,0.4028931601350852,0.6582690684163711,0.33118297908615846,0.31673686286157837,0.33959308375322655,0.2895333931901807,0.34516372871686046,0.4256750737212944,0.38320481508112836,0.4998415806579139,0.09360742838322511,0.3051261880624324,0.019150313651939366,0.328144695729419,0.037587348007630556,0.12606828318757834,0.2427916685739665,0.18975734890492416,0.08278443412933142,0.04188111110061139,0.16262385447677952,0.06783423671565338,0.33544016631547213,0.15678694500220403,0.13193990078185694,0.021178495636777372,0.06106454272515645,0.30083882073723733,0.3561984846948684,0.39324838249191274,0.7585148876865603,0.0,0.49142975779795744,0.39114462208291795,0.3541667300667317,0.29584891624245946,0.7995030954245026,0.44826477746048277,0.633061414724547,0.2567293748256552,0.383539069775341,0.06401200784948835,0.0,0.3765773531668496,0.38878893731740505,0.19343217918690286,0.5674124559558352,0.1117700354930462,0.339749069072177,0.41278183010458064,0.3295442429772887,0.24129910506227592,0.28482330019651264,0.5023176010710628,0.48727220654405284,0.2993947013308228,0.19596264021784657,0.31850239711884926,0.21535638844433974
0.3489204205553946,0.2856081177543306,0.27831032242634535,0.0,0.3618109856619949,0.5080124247407766,0.20797767937497907,0.27507911366945703,0.4096684850493818,0.0,0.29673331490239757,0.24366432928198972,0.4797650937803903,0.20966365748795174,0.08522803146889163,0.3135312377878364,0.3485374279643898,0.2656156263655735,0.3975809520151886,0.24119908353725927,0.37235572872959416,0.2693781110438138,0.4063108829756443,0.39602930482140764,0.4175999089492702,0.36821166758683654,0.45448249370335647,0.21191248261187967,0.3997096320221797,0.28689857769467775,0.3631876165263875,0.0,0.15643639177584318,0.24635279338101726,0.11282689902074475,0.17313836388987125,0.10590506545371044,0.14675193527907354,0.03111995655714149,0.29529888262274373,0.16871309713106897,0.17010492542577177,0.04840103489590414,0.2619742255016224,0.07132374982009508,0.2354087621089873,0.32248982570963197,0.4031399865940454,0.0,0.42037210893785726,0.346263765454883,0.332064521864755,0.32377207511361233,0.43469407842300534,0.6277936425163975,0.3286430597454656,0.3950917329201131,0.3009524869900875,0.1688334493902565,0.0,0.378971219300117,0.36913639733250947,0.439469500523126,0.20099071702263113,0.11426239935561236,0.4300458358243697,0.3010499329515705,0.36881871237837227,0.08961281133784385,0.5647153965156976,0.4463144153829181,0.31907516716223894,0.2684247580641168,0.23855419665072497,0.2682337647259385,0.06508960210032116
0.10786487460200406,0.0,0.41536098077739997,0.0,0.2638508986541405,0.1205413776468072,0.0,0.0,0.42051594309109536,0.29673331490239757,0.0,0.0940113670575673,0.0,0.08613293039442554,0.3048995499540361,0.0,0.0,0.0,0.42506029620878644,0.45680016592927364,0.0,0.2801633145663083,0.0,0.04003584074279386,0.0914561716796757,0.15033763774010533,0.44905176358583415,0.22063963093256442,0.1635960399512557,0.2450317850012224,0.18162030158633002,0.0,0.0,0.05092975902669572,0.0,0.3141586121262253,0.1987773397930699,0.0,0.0,0.0,0.0,0.0,0.17733044941205015,0.4375325429186846,0.0,0.004887171431419174,0.039103775198428004,0.1717337817058439,0.09368457366276732,0.3650424730587746,0.009287938201251733,0.025431162879769265,0.12573988300008757,0.2850202706401111,0.1358773371769473,0.5042575881360719,0.05638109316214118,0.0,0.30003575071888067,0.28456905351214695,0.13160008302361456,0.0,0.04113273934363186,0.1594634720218266,0.29736596980310487,0.09469651618035019,0.2963490566228108,0.0,0.0,0.16443944731107352,0.16248310061352095,0.3217449456576504,0.35528768943719247,0.0,0.0,0.0
0.0,0.40826163981047614,0.22713538813374318,0.0,0.1238941030876466,0.3533310370389672,0.0,0.534683711508278,0.07941725618068957,0.24366432928198972,0.0940113670575673,0.0,0.4078340375264804,0.07601288567059789,0.22123862989537899,0.14500927981149103,0.2446201042377047,0.09732625147151133,0.0,0.27311470712361713,0.029930053102341175,0.23725786107244073,0.29959480113577164,0.28849191505413624,0.18723892589445554,0.4509195293792815,0.02988231664379637,0.3062893738360621,0.017386641332624825,0.31136766631143303,0.009343641230362798,0.0,0.083241256132145,0.0,0.0,0.13862644964355902,0.16212800275031758,0.0,0.0,0.04072337270605933,0.0,0.0,0.04185579867261807,0.24303580631526525,0.0,0.0,0.16539864079601782,0.05170615716198068,0.16516112635988967,0.18542892761531587,0.0,0.0,0.22045848189810013,0.0,0.095521113297094,0.2927560552736842,0.6503617956783753,0.0,0.015305311223338836,0.27832150064850725,0.0,0.10943648475689238,0.15494159276881292,0.0,0.04051020573643105,0.0,0.10629247377416334,0.0,0.0321770534813709,0.1767378831439053,0.13383665266586764,0.0,0.2008637803863622,0.0,0.0,0.0
0.20785973005722666,0.5568979541747434,0.27099393747562245,0.20240306360187652,0.25919056933403384,0.7260012793112516,0.43140363754007405,0.4601252378387283,0.33540847938523866,0.4797650937803903,0.0,0.4078340375264804,0.0,0.29878038564117687,0.0,0.2662789838708526,0.45858782357998157,0.3288299595438161,0.2874615455518541,0.099239186386676,0.31074127360935644,0.13104643970974195,0.4157674535596566,0.3875801733642393,0.3281207556593198,0.469015153028032,0.1238529918399272,0.46818957995443333,0.33916466547633656,0.22989527695171869,0.23913911112991626,0.1469340474576998,0.2536928954961854,0.14745119189841444,0.196166018028201,0.1686385296716487,0.034723246982971356,0.19687912272758515,0.07353499096347844,0.24459257125422457,0.14028757013777324,0.229780203435906,0.13801901887796286,0.14093445995447468,0.11733218103907189,0.19154711204814046,0.3474611833574232,0.3603448973676488,0.025404291687887187,0.24165677484607423,0.3871865579370978,0.22408417164461947,0.3504353199620362,0.36836353916389775,0.3715294980728869,0.23569816384858094,0.43669196488191353,0.4500868017400164,0.12952918829818538,0.0,0.07742754014080624,0.3309313688285578,0.2838235440462963,0.2340481143085222,0.0,0.27469061004441336,0.0912221982156082,0.16301094939327754,0.2432045329785705,0.34185852054460275,0.29112227486661124,0.07539083519903339,0.18658120159648162,0.0,0.1770293076956193,0.017890267995444825
0.12349737836957653,0.1714432991770922,0.06457159613236266,0.23556869682198475,0.25010623889795947,0.32417512748999544,0.43277261437220926,0.15847091553341247,0.30021574103423754,0.20966365748795174,0.08613293039442554,0.07601288567059789,0.29878038564117687,0.0,0.0,0.057232084706096774,0.04357218267901158,0.06243747663927919,0.28286937532993095,0.0,0.2639340485720538,0.04619846843544895,0.1027145095484108,0.10997366806838312,0.09321904638244254,0.11260738573821026,0.12005300965354326,0.13699083166398146,0.13410706071984688,0.06460083213845252,0.3047385172332324,0.3051892404536309,0.0,0.2128653207124379,0.3233735746133988,0.3462604877546746,0.04920692223930172,0.13294559282073537,0.2603976519559,0.029922175942878312,0.07382789611607334,0.2413992669367328,0.10853834366102878,0.10951603523751474,0.1903548089908816,0.13308567260835585,0.08848148041496476,0.2660847823890222,0.0,0.41872306311000224,0.2563644491085454,0.1615555581540677,0.17187805368813888,0.3720204752347158,0.12950982692960009,0.1401882741698257,0.03633253132553527,0.23673219065461049,0.412875389584131,0.0,0.18504004754594688,0.11628316101272995,0.0,0.14099640472103803,0.0,0.22960716992548771,0.0315612899373825,0.075171174187102,0.16921316662264382,0.09912563991488157,0.15421448729850717,0.10193003304972845,0.049536295000028444,0.04712708553494911,0.1397726077643062,0.12499814151764653
0.29268823084614704,0.1096017554642349,0.29302568182458766,0.0,0.24086216579386371,0.022789365858396637,0.0,0.0,0.156557942269543,0.08522803146889163,0.3048995499540361,0.22123862989537899,0.0,0.0,0.0,0.2757691875551808,0.09544972726639447,0.2605317156990417,0.1228641151228998,0.6587011099365666,0.16588454326533686,0.6599922210665661,0.030881933949171547,0.08963285378144395,0.30973201433762865,0.2649888441935703,0.3892232590769777,0.09719227410372855,0.3138546977364307,0.00559191995110786,0.08235497559889593,0.0,0.040227648204663596,0.0,0.0,0.1271343807924186,0.1811204778641294,0.06790343638260786,0.0,0.0,0.0,0.0,0.14986476163302634,0.20181753697412264,0.13103413883938644,0.16257755491187637,0.18260336429810792,0.12940594108389109,0.021437924746281867,0.0020310063128287648,0.0,0.0,0.0,0.0,0.061398240993479486,0.24086090840925367,0.16257290286774911,0.0,0.0,0.7086271897458248,0.23888381467450914,0.0,0.08638390183965552,0.0670541009692675,0.4206131632772855,0.18823069308000306,0.38165455406602405,0.0,0.0,0.06443896051250333,0.23148846826394676,0.11703123552680195,0.1228943268590566,0.0,0.0,0.046513132162685905
0.39941228895890335,0.5472788156779964,0.2254331685526601,0.0,0.5765080952251739,0.3625619141229604,0.21494022968017748,0.25633697968460506,0.3009386311561214,0.3135312377878364,0.0,0.14500927981149103,0.2662789838708526,0.057232084706096774,0.2757691875551808,0.0,0.6302727384014953,0.8144579780129559,0.23236194688928805,0.2700324546498571,0.3145583504476198,0.6132745177073293,0.4088489739650301,0.32665207105282845,0.718690052236701,0.5687013878318907,0.22899186025741508,0.0,0.22615144544852864,0.0,0.1938286494998394,0.03962710550136672,0.43114077145789276,0.15676134688212812,0.04522939356099518,0.0,0.04812342026602445,0.28587394189355103,0.11567104469417154,0.44394056952501826,0.17520544218545317,0.25821196566584226,0.0,0.047154239626194874,0.40359668725825026,0.2561199128118747,0.5438692640685141,0.46235032386158514,0.0,0.14870431422519803,0.18253148285017928,0.16049316421107518,0.1551974552086125,0.2323553651414641,0.36159098533700224,0.24846541841590986,0.28792406627936495,0.2549049719012567,0.0,0.07288241722447392,0.4102608724899374,0.41165535507161044,0.2683040709044116,0.3084922417656728,0.18739441171424082,0.27107026508402077,0.4637146657552339,0.3425591041013211,0.22002102940249776,0.20742581697075876,0.548370876335815,0.21946573645484058,0.1843645337965619,0.34739206896978386,0.44057647234897057,0.39638031135651125
0.349108815005797,0.6474688274373934,0.4039100455850438,0.0,0.5669317245141364,0.4673497109129056,0.3263317173259545,0.31987982392116465,0.4179775760295667,0.3485374279643898,0.0,0.2446201042377047,0.45858782357998157,0.04357218267901158,0.09544972726639447,0.6302727384014953,0.0,0.7334345068774178,0.3490568155022416,0.1170207458511261,0.30637690071438195,0.4110908326171958,0.44522947137195357,0.5511070786853853,0.6837512154531089,0.7440681736415335,0.06576941094336858,0.0,0.04740882804308416,0.0,0.045212449332391325,0.18277513423260688,0.4061040226887704,0.15109431666514928,0.11266153563188934,0.0,0.0,0.3828431713011459,0.2573750783550013,0.5247113063049638,0.21891558100916303,0.16414576281339963,0.0,0.0,0.543089179462394,0.17328183916121698,0.5493521155691,0.5228868064148734,0.0,0.17355588933472477,0.31300407542168907,0.06982405847957474,0.22683523325020027,0.3877892222821574,0.42649754209049795,0.36218182914663843,0.4021579290282179,0.4146193388588587,0.0,0.0,0.29027865918193624,0.5405270789824557,0.2539124839519574,0.4500642258292491,0.07057259913968286,0.23941900540833858,0.4377524855667964,0.33452835797379554,0.3878511155075284,0.2414475477971461,0.5954197501499079,0.19869689136299734,0.1569462323206939,0.12836814254129053,0.42119881967361184,0.36387870882672346
0.4233403099530709,0.6568135722503766,0.37936592726122087,0.0,0.6420159593455546,0.4031806782262159,0.2893269009003401,0.19711342733091816,0.4028931601350852,0.2656156263655735,0.0,0.09732625147151133,0.3288299595438161,0.06243747663927919,0.2605317156990417,0.8144579780129559,0.7334345068774178,0.0,0.3499749070050553,0.20158096571148792,0.34877949402929415,0.5632924054038415,0.4414580068040075,0.4208625978738497,0.8255654572594492,0.6841704609124202,0.20355573285014053,0.0,0.15775341392967657,0.0,0.10489139836625122,0.21491601662377904,0.41305848050888416,0.10158419321988764,0.05812357606169137,0.0,0.05027676176095955,0.3832050924711937,0.276523640634496,0.4969008539677179,0.22801858059797273,0.2684692314134644,0.0,0.0,0.48384442014178064,0.32298550586905833,0.6082647389239774,0.5630193925973015,0.0,0.1617176706781063,0.26397977103841874,0.1481525248092437,0.15702014460907646,0.3441150189419251,0.37791530852525307,0.26889878937539885,0.2571530916176471,0.3032862396363566,0.0,0.04036908017901272,0.4512779308266956,0.49733624916150215,0.24651077409429328,0.5262997673303608,0.17986446840330317,0.2908727599366194,0.5238057206375945,0.3902484004315131,0.3474693773142488,0.20160806745831417,0.6488167992743958,0.26488900628440715,0.1986878030060539,0.31038767891128394,0.5199913691915805,0.5244983946646127
0.37898122738188655,0.2260188364395318,0.5896142090878621,0.01356798913756048,0.4914251146367279,0.48346089264366154,0.3751350823121642,0.10393720553670732,0.6582690684163711,0.3975809520151886,0.42506029620878644,0.0,0.2874615455518541,0.28286937532993095,0.1228641151228998,0.23236194688928805,0.3490568155022416,0.3499749070050553,0.0,0.2682546930548425,0.2541234266466709,0.2954993714146278,0.25234391145461166,0.2722550627378573,0.38715035202014303,0.36208236578067443,0.4348026938149235,0.1729345616446247,0.2774944121428892,0.0,0.3174389045092744,0.09137916099651017,0.043265746372053035,0.2944917375441085,0.19912583038236462,0.15363382762972916,0.15041903350420957,0.1163621110657935,0.14759528898503915,0.22575475052010618,0.18548993518893456,0.18882678980185238,0.02256839033506998,0.14958628462716583,0.31035816134740435,0.3649637936311717,0.37249743259361046,0.654065884835428,0.0,0.49870947723165665,0.44624154270836,0.30449393694260934,0.27349601146944574,0.7093819306721816,0.3884889481989575,0.4085101248318491,0.08779136904935783,0.3666358445225872,0.1927852581993971,0.0,0.3970414510471639,0.3671129615077723,0.2178831590669203,0.6291186205856261,0.13588901091016192,0.36818705186724243,0.4114499798132724,0.3193486742089465,0.1887567600655574,0.34599702087189704,0.47923079369193045,0.4421856831200929,0.26420321846632716,0.19288691540800085,0.30859661145749934,0.23990126794010863
0.24265490758674615,0.14910925397767452,0.32457413029380594,0.0,0.28127597490751866,0.16841720223287343,0.0,0.09420435211970479,0.33118297908615846,0.24119908353725927,0.45680016592927364,0.27311470712361713,0.099239186386676,0.0,0.6587011099365666,0.2700324546498571,0.1170207458511261,0.20158096571148792,0.2682546930548425,0.0,0.11110570752061849,0.7149524649447567,0.020540470426248625,0.0,0.2256292716125236,0.2756831251787766,0.6405049340675835,0.35414173312122854,0.6132791729582135,0.29787418361898754,0.3701182122955495,0.0,0.06452051770592138,0.13084614580416618,0.01230869593377263,0.22795823594024528,0.2239609911728935,0.08098634039440326,0.0,0.019661810527126886,0.0,0.0,0.10911657683267532,0.27022996102284924,0.108293774540198,0.2844524765256873,0.2682015394818523,0.23163536914856026,0.031091236804287645,0.18006563691352354,0.0,0.0,0.0,0.031254901811304414,0.15777964366136782,0.3196751847786711,0.1691190614772351,0.0,0.006004714988335436,0.573760501677392,0.37446776505834123,0.0,0.2742863061466545,0.11862531898122036,0.42613989700437555,0.1747710937016779,0.4475032664210906,0.0,0.0,0.25536568384787534,0.30556414318204445,0.23981696374463246,0.2459416622100616,0.021675514626491865,0.0,0.0
0.43853182715745626,0.33331900732897624,0.08614850083291803,0.0641874021662798,0.3353474697911745,0.33270419053402905,0.3131316900027786,0.23878833698135998,0.31673686286157837,0.37235572872959416,0.0,0.029930053102341175,0.31074127360935644,0.2639340485720538,0.16588454326533686,0.3145583504476198,0.30637690071438195,0.34877949402929415,0.2541234266466709,0.11110570752061849,0.0,0.17575775129115656,0.39654957557730386,0.33658683270045253,0.3662145565474926,0.317476377442502,0.17658253452501493,0.10134052264084303,0.3674621187169287,0.1793033377064875,0.41205998664157356,0.2835587670732759,0.23024429534411778,0.2964224359218958,0.2678414893294046,0.09463778976878022,0.0,0.2946911836804683,0.2768426695826658,0.3351029027292737,0.3082009578369447,0.3635972188756846,0.05954442243586293,0.04765707658069562,0.2124246161650445,0.4949815666230605,0.3029461271302557,0.2718197183051709,0.0,0.3182120254040966,0.3065170897164761,0.285272662647678,0.3693844625189967,0.3108761736425806,0.4741614148541234,0.1362301723738892,0.1093224532112582,0.3220224254404269,0.06693843571389493,0.0,0.3856779088224765,0.4207808214001555,0.359508402265781,0.15143526511069522,0.0,0.7037323210595645,0.2311268622059004,0.34431178590189315,0.2778012323539713,0.2800627950687437,0.4365020930897316,0.12646071008169496,0.13668787753774267,0.23517727819261533,0.3622386856578077,0.36279379744836426
0.47603193328594956,0.3950770934177765,0.3618320062619011,0.0,0.4951587845624467,0.23358651323605203,0.0,0.1891227785809402,0.33959308375322655,0.2693781110438138,0.2801633145663083,0.23725786107244073,0.13104643970974195,0.04619846843544895,0.6599922210665661,0.6132745177073293,0.4110908326171958,0.5632924054038415,0.2954993714146278,0.7149524649447567,0.17575775129115656,0.0,0.21282904834305102,0.2020477037264623,0.6028550878600555,0.5254327420182783,0.4999089745797693,0.0891867031311,0.43336388861401914,0.0,0.2973575958293422,0.0,0.2695430569275261,0.2143859126362201,0.042006662466901865,0.07383084071127748,0.14655420055454416,0.23073608108313887,0.0,0.2751376203462555,0.12204265483709215,0.08414498814593684,0.0,0.10250332563515938,0.34195502112281595,0.4091851754568887,0.45034247599768495,0.3629743314800836,0.0,0.21422729767410414,0.0,0.0,0.034992502780129386,0.15011775256361382,0.2376422938344023,0.3408872904537842,0.23899889335867097,0.0,0.0,0.5057957500120116,0.49319174874240046,0.15982770604527247,0.27198995630489875,0.2670237791689597,0.36523239063331386,0.18015164829223354,0.5999348882884177,0.07836216027161408,0.02605757955195362,0.23622861409665813,0.5105790607287752,0.25298911352003406,0.22413006460719742,0.2221921697530098,0.18567458731647954,0.21197219623532215
0.2656739285799791,0.5587948102767316,0.31931081437924197,0.0,0.3332942690910816,0.7015358594298491,0.20802810341546277,0.6030734048131313,0.2895333931901807,0.4063108829756443,0.0,0.29959480113577164,0.4157674535596566,0.1027145095484108,0.030881933949171547,0.4088489739650301,0.44522947137195357,0.4414580068040075,0.25234391145461166,0.020540470426248625,0.39654957557730386,0.21282904834305102,0.0,0.6023946382921364,0.6185359311095078,0.5783953419478999,0.2746407937793894,0.005410690771580795,0.17782188224332018,0.0,0.04658560266917253,0.08603285161369754,0.24653453972919576,0.0,0.03158092881060959,0.0,0.018612404946596717,0.21245315947382742,0.17231087665427358,0.38841062336990984,0.1103747228218776,0.15228955329208022,0.0,0.04574609116575151,0.23034964119853732,0.1867823693782457,0.6247125219412155,0.5239994431687812,0.0,0.20396110202579282,0.604342005399607,0.2119205627253955,0.6099250012210544,0.318029579267266,0.5415155498507058,0.3555529708204876,0.5448041236519503,0.4862428915939335,0.0,0.0,0.23030314610118824,0.5910242170834439,0.22909293097182645,0.3774571923047588,0.0,0.33483282864635205,0.1677287019768902,0.7160814571791404,0.43994688296543044,0.3245819387896945,0.5816771375164607,0.26512088094872316,0.1771500804151307,0.22758240193217008,0.3487015904715853,0.24974013286865293
0.43928148731703176,0.5125970332690957,0.4509770619036316,0.10240438824567513,0.4066793060351186,0.47674566453787703,0.24351463871302492,0.386104634948335,0.34516372871686046,0.39602930482140764,0.04003584074279386,0.28849191505413624,0.3875801733642393,0.10997366806838312,0.08963285378144395,0.32665207105282845,0.5511070786853853,0.4208625978738497,0.2722550627378573,0.0,0.33658683270045253,0.2020477037264623,0.6023946382921364,0.0,0.5831537111228068,0.6034354146196239,0.04527923127596013,0.02072527483757794,0.0,0.0,0.008678813046564815,0.23452070200865915,0.3252218636676909,0.08663590244954748,0.1355880062827754,0.03196444766850404,0.011839495042171577,0.2902624623343276,0.2696142038658127,0.49238629281072455,0.211687202401232,0.20355241565672888,0.0,0.0,0.403180308183427,0.2845382291236628,0.3794382715597854,0.4471345994697072,0.0,0.21278521110570725,0.4451348086046145,0.11868898192676298,0.37674287747218455,0.3509431438337659,0.5138878630378501,0.2936483556967646,0.5023324841025858,0.4151337648805492,0.0,0.0,0.15588522137898456,0.48723845480012673,0.21782873026332367,0.2971378501400363,0.0,0.26861028934388875,0.18060982932312825,0.4166512368502435,0.5970778933902084,0.2861321638678712,0.538125336384474,0.17607982635340874,0.20249408785830902,0.08903820628201743,0.2838241047737484,0.3305545049803822
0.5286632910186554,0.6911901089416158,0.46969012661750587,0.0,0.5684331680920375,0.4915252971322469,0.18961195115303808,0.23332236256946137,0.4256750737212944,0.4175999089492702,0.0914561716796757,0.18723892589445554,0.3281207556593198,0.09321904638244254,0.30973201433762865,0.718690052236701,0.6837512154531089,0.8255654572594492,0.38715035202014303,0.2256292716125236,0.3662145565474926,0.6028550878600555,0.6185359311095078,0.5831537111228068,0.0,0.804514131131817,0.32510431679201757,0.0,0.1632678111508541,0.0,0.07352484255350791,0.21837389072586105,0.4294874473849787,0.09130768290949781,0.08559141908308972,0.000716475079832038,0.043295847176369896,0.330339514341341,0.26311011813229934,0.5169570431882564,0.23456552819119592,0.2723520484771937,0.023755087749763565,0.09483321793106027,0.47367613374596895,0.32508780438615914,0.7065230230001585,0.568355797451899,0.0,0.2874340950866422,0.3966122620660358,0.20543350142781527,0.24195047815717324,0.4051074574099882,0.546069193954214,0.34831495572476273,0.4044782867678176,0.35491310228507456,0.0,0.07232379354507529,0.4661710277648415,0.5577068994113068,0.3679870640497352,0.5042053116015803,0.23731129926788494,0.3750842720547258,0.5588508093248273,0.5133690553360944,0.4405023548825984,0.31812339033724635,0.7843823148959713,0.4302524060519616,0.3372365394431106,0.3997091313374076,0.5017093520060681,0.4980599551829974
0.43875293647747216,0.8449709731571305,0.5071475852604405,0.0,0.4958568454289022,0.5948033157318638,0.2511424583962758,0.36897049920942215,0.38320481508112836,0.36821166758683654,0.15033763774010533,0.4509195293792815,0.469015153028032,0.11260738573821026,0.2649888441935703,0.5687013878318907,0.7440681736415335,0.6841704609124202,0.36208236578067443,0.2756831251787766,0.317476377442502,0.5254327420182783,0.5783953419478999,0.6034354146196239,0.804514131131817,0.0,0.2258486589194537,0.03144635215822533,0.12365731635547564,0.0,0.13730195163186865,0.21601693618680815,0.322583365921028,0.10711414249146672,0.11200861348644255,0.1396376725753506,0.09191518290453493,0.3050010253072188,0.21677920617897886,0.436065181023824,0.16327312554543877,0.1826207465616592,0.02737119519432732,0.15182518508025564,0.4006164178017616,0.23835607444151014,0.5747009247973099,0.47854365170938074,0.0,0.27636957619868885,0.3098796722422342,0.07941361396154192,0.2450492604290338,0.36633613750542404,0.3640599777435867,0.35737641696588096,0.5009388427149224,0.26034230481051934,0.0,0.11337252281584995,0.2789186424130933,0.4444058660607181,0.2503030778389529,0.4100954087160895,0.17276694995262773,0.2450341226164335,0.4777335786914246,0.30007641143329433,0.3849104217186241,0.29545081725633465,0.6879701605613808,0.30885568874466196,0.25072137546638235,0.04192832321455939,0.2785191836603396,0.31337988991409116
0.3000524355801001,0.1264490286262344,0.39050818246206587,0.0,0.3052156395216941,0.4419117813720889,0.08467849928353083,0.11399038026690783,0.4998415806579139,0.45448249370335647,0.44905176358583415,0.02988231664379637,0.1238529918399272,0.12005300965354326,0.3892232590769777,0.22899186025741508,0.06576941094336858,0.20355573285014053,0.4348026938149235,0.6405049340675835,0.17658253452501493,0.4999089745797693,0.2746407937793894,0.04527923127596013,0.32510431679201757,0.2258486589194537,0.0,0.2098237281147582,0.6910992971148439,0.21458633602035898,0.3472695480316524,0.0,0.022408995368176338,0.15680525300576034,0.06796855442555147,0.14532363761559008,0.09223913446239955,0.0682425329543169,0.0,0.04383946798771782,0.0,0.023335432698522635,0.0,0.21363758564522256,0.0862909305310374,0.38023837318310366,0.3180279426587238,0.45343252285908914,0.0,0.31379856706078374,0.2014599726375343,0.267778266332385,0.16370208418675608,0.43397473709178175,0.3481573926040214,0.4198461135829095,0.1647249257441834,0.09392559763649658,0.09109720823975567,0.17242892928355807,0.4878271656594669,0.15348087719094566,0.3952075165339719,0.3531421394303391,0.35524488380359354,0.3115165129279865,0.3738385255115989,0.2398057309495389,0.0011354323940410693,0.44865966180834854,0.4204793342622659,0.5586059822069347,0.21576918247912505,0.3202927779803605,0.09430187375652206,0.02656459979626566
0.04278493037434089,0.03063681380240485,0.22554187650315846,0.34486112359452625,0.0,0.22990817592877624,0.033347948302775876,0.14500055536030362,0.09360742838322511,0.21191248261187967,0.22063963093256442,0.3062893738360621,0.46818957995443333,0.13699083166398146,0.09719227410372855,0.0,0.0,0.0,0.1729345616446247,0.35414173312122854,0.10134052264084303,0.0891867031311,0.005410690771580795,0.02072527483757794,0.0,0.03144635215822533,0.2098237281147582,0.0,0.31743549008540334,0.5139598005800625,0.21341268848246914,0.008960454792259764,0.0,0.05952763347090825,0.10409994726508845,0.40491621031555436,0.15249348624726497,0.006178756458654455,0.0,0.0,0.0,0.05974055880187736,0.19823803963858042,0.20507865295912545,0.0,0.16040232101607926,0.0,0.0,0.3554993151041309,0.23361359183552952,0.017227560611082826,0.0,0.1248500556705684,0.05896538987787325,0.03860764661348909,0.09244253219194531,0.16672061419124357,0.0,0.3290352617892874,0.21643670615504806,0.0,0.0,0.132550995738692,0.0,0.021095931777424137,0.1980702441571002,0.047004198773413,0.0,0.0,0.10526186189552766,0.0,0.04969005800341059,0.2599777338747908,0.0,0.0,0.0
0.33021770719192817,0.19110020878493736,0.053091606850617756,0.024691458405340094,0.2197376876671179,0.47431112001711545,0.23687112421430034,0.22169997182168524,0.3051261880624324,0.3997096320221797,0.1635960399512557,0.017386641332624825,0.33916466547633656,0.13410706071984688,0.3138546977364307,0.22615144544852864,0.04740882804308416,0.15775341392967657,0.2774944121428892,0.6132791729582135,0.3674621187169287,0.43336388861401914,0.17782188224332018,0.0,0.1632678111508541,0.12365731635547564,0.6910992971148439,0.31743549008540334,0.0,0.45121286944316197,0.5791602125251246,0.0,0.09972662901278852,0.27480767811042045,0.11191840694673966,0.10963386096122901,0.04466655039633814,0.030341937575668762,0.0,0.03436456383424513,0.08133739726825467,0.09161395434294989,0.0,0.11787472031024201,0.0,0.47200501614350726,0.19183156479690192,0.22829588964595807,0.020668906931530326,0.1503495865325532,0.08218655613918235,0.2824695876154216,0.1619236793697343,0.22890995830511246,0.3471369037969058,0.17857377280875758,0.03495569722998658,0.13514428838544112,0.07270818567344514,0.10724700047743718,0.5175741212920085,0.09894383581499458,0.506788015339982,0.06861294168791257,0.1497680780294639,0.3708144503578558,0.16994461198822947,0.07854564992957891,0.0,0.4552333033050088,0.2898285226742056,0.2603551836324667,0.03173796384944921,0.26722693297156497,0.03439667812957972,0.0
0.02369511545830505,0.0,0.0,0.1342275812180823,0.0,0.1538756785184049,0.0,0.15160519574822662,0.019150313651939366,0.28689857769467775,0.2450317850012224,0.31136766631143303,0.22989527695171869,0.06460083213845252,0.00559191995110786,0.0,0.0,0.0,0.0,0.29787418361898754,0.1793033377064875,0.0,0.0,0.0,0.0,0.0,0.21458633602035898,0.5139598005800625,0.45121286944316197,0.0,0.3597271525928536,0.0,0.0,0.1075385255773359,0.013479229189448466,0.2638585565815439,0.08268181188978345,0.0,0.0,0.0,0.0,0.0,0.10138992391714975,0.33593555519177976,0.0,0.06247519993066947,0.0,0.0,0.4386593757711989,0.14304694303269366,0.0,0.08467758832659561,0.12408909031604676,0.0,0.1084518480086579,0.08361923402974253,0.14421911066343937,0.0,0.25596357080416354,0.1793447803708168,0.0,0.0,0.3616441009314344,0.0,0.0,0.17674893320590296,0.0,0.0,0.0,0.27213653033283997,0.0,0.0,0.16333418230790633,0.0,0.0,0.0
0.20425222684972777,0.14979935814048678,0.015505491163741308,0.11783101307514962,0.25749193157308375,0.2687831305368714,0.35887016501389557,0.12005744060184104,0.328144695729419,0.3631876165263875,0.18162030158633002,0.009343641230362798,0.23913911112991626,0.3047385172332324,0.08235497559889593,0.1938286494998394,0.045212449332391325,0.10489139836625122,0.3174389045092744,0.3701182122955495,0.41205998664157356,0.2973575958293422,0.04658560266917253,0.008678813046564815,0.07352484255350791,0.13730195163186865,0.3472695480316524,0.21341268848246914,0.5791602125251246,0.3597271525928536,0.0,0.0,0.07699693165311627,0.540567488997883,0.30368234693087826,0.2219718588476656,0.015408127839086072,0.0,0.0,0.11986640358047479,0.23077312178263626,0.2518226311889564,0.07242791632802119,0.20122985789134046,0.0,0.3418454723278664,0.126381711177036,0.16855640628540416,0.0,0.33608942762412675,0.05420135066445447,0.2902190907961755,0.18114788929000084,0.29173687837170076,0.20683385632129006,0.07959292842499008,0.0,0.13822342624372722,0.153380536003429,0.0,0.40313333435057797,0.05231914920618219,0.32688510687323924,0.021353559558944246,0.0,0.4204067635241971,0.22162121322906816,0.051329759634815564,0.0,0.27083757175634887,0.25385903113372044,0.15592745358279145,0.12466602994693848,0.07672189503251031,0.03411881710778447,0.07314837122633658
