0.0,0.459357077499686,0.0,0.010064054210325107,0.20388586199984005,0.15411730786688338,0.4842533812873804,0.0,0.004888646471621405,0.4396941633024617,0.0,0.0,0.10452705944456561,0.20539067404899558,0.1568577935754793,0.6453417026565366,0.6467456608740898,0.4973993497551944,0.0,0.20641218053923052,0.6411888821766771,0.33904449119710717,0.16086418353271686,0.538874925110141,0.5592472595026746,0.6012006680560982,0.06346471251063981,0.06394448102463174,0.5379761851946917,0.06076401769025902,0.556603860516545,0.5806746027480705,0.4170989334671905,0.19547037686482455,0.3642712192785019,0.0,0.0,0.36998349161831334,0.4743535462253879,0.4911050288619332,0.3729333281078743,0.3591845228671115,0.33208529477973436,0.2589899186131321,0.3660029143858974,0.8945041782168466,0.28564342405948,-0.03698424299560105,0.38280637297994774,0.0,0.0,0.0,0.0,0.016722353567020842,0.31411295370851433,-0.014077775660208597,0.0,0.051291810993947556,0.2733555181972902,0.20830470444141433,0.4324081082739424,0.0,0.21892387514290818,0.08509997285294647,0.12842944164488354,0.5356641744249251,0.18031368429411213,0.11710802485923441,0.48491358480839636,0.5062829362340606,0.6286950085452208,0.03324458521379259,0.14848917887272464,0.5468253124688515,0.2607362000201619,0.4679980796784557
0.459357077499686,0.0,0.2915619080505961,0.14888159076179924,0.2830854122687445,0.6061472059487057,0.5243191734368193,0.3492538583861696,0.24646383115756335,0.805138787044847,0.3229759804996658,0.45647072313407194,0.6433894503972317,0.0,0.3850828012155012,0.6626471805116112,0.7912773735035822,0.8106736175301503,0.3577635695109751,0.4157445132484667,0.5290440431094777,0.531099269006774,0.4477644822818092,0.22490460904301812,0.8930843386769898,0.7841990766512872,0.3052421109033012,0.4516020035214159,0.7450308167358457,0.17718127896542155,0.37875570363656996,0.23128701461365087,0.24686100996181462,0.22090908925402392,0.0,0.0,0.0,0.0598722741016693,0.06415996033937713,0.049995488392962445,0.2741089227731676,0.0,0.11463007000101293,0.0,0.0,0.31156228934471,0.7330548106801718,0.2297671036120341,0.1691650398308632,0.05297430046163651,0.4111590793751128,0.1863672023733655,0.3196668596921868,0.27420357498804393,0.4336610069319422,0.2952978889045764,0.27166963583322745,0.2701892763004841,0.09743083768875117,0.4231035524438779,0.2488415326624431,0.4469074521829244,0.4912488533193702,0.33119928684094574,0.4413687345592632,0.46842354266397357,0.36914535811944854,0.4021833800056594,0.10480605210233807,0.49003176152956457,0.4947156916109096,0.366932459852332,0.19679313004917398,0.5828508166001489,0.19685558376854603,0.17724681332895162
0.0,0.2915619080505961,0.0,0.22277074803350044,0.729215995975673,0.744652182001002,0.35704673170205276,0.49705216363552784,0.888633146592333,0.2417075954635555,0.9249746223185131,0.6335319383465365,0.7177523990106376,0.0,0.7187002989164558,0.18527933472455757,0.20298705205953826,0.2782709285833746,0.8983983184580204,0.7891688514104545,0.15209515762968986,0.714168193055108,0.7489523415334722,0.1568050941197465,0.09526160632784611,0.2926576190486395,0.872545139801796,0.7621785129361454,0.4598375123761932,0.6142393353753139,0.1891073546706148,0.0,0.0,0.0,0.0,0.2655184861004327,0.2991249042857729,0.12159721732048781,0.0,0.0,0.0,0.0,0.22184554010370067,0.04287699613299799,0.08717680766261643,0.0,0.5162718321195131,0.9497738247482269,0.0,0.8480814043273311,0.7202043076505455,0.3848214554084871,0.5688262289808979,0.8930692238654104,0.08356949276290745,0.9235117864138789,0.6596222518039663,0.6112333646919361,0.16993293162527007,0.6295461746856835,0.057688051727785045,0.2973193583725099,0.41448314184360746,0.8456838179486883,0.7586709569089151,0.11081737867732885,0.7900856234669369,0.758460900661293,0.12280139477386487,0.0,0.33165257406339343,0.8021333194111485,0.6792463604813065,0.18492565536520078,0.1533402073880985,0.09983539433875588
0.010064054210325107,0.14888159076179924,0.22277074803350044,0.0,0.05668740652080728,0.19276433867642365,0.04471550078700437,0.3256406601025425,0.13457992472008595,0.21432079621211245,0.208665842126346,0.323326974432418,0.3059432969839986,0.0,0.32332097374851987,0.10970720081532742,0.06109742272485773,0.1061756547485946,0.22734305357752493,0.23051671561945797,0.2813665136882002,0.23407583494760975,0.24122173461388674,0.0,0.09547083718660053,0.0,0.18037705327985507,0.44452736301234885,0.2105901384528679,0.3352616583630981,0.26784278032474307,0.0,0.07973016329536137,0.2576826158322564,0.0,0.4385452574706046,0.48958677132993933,0.0,0.0,0.0,0.04241026329741389,0.0,0.06627049702964663,0.0,0.0,0.0,0.14754965457105712,0.14128749523965364,0.07843409104748109,0.17413783827875873,0.21429398854324214,0.20247334217012702,0.3340826216476101,0.2160806924324089,0.1785875458148406,0.16276004291377918,0.22416484220299243,0.0,0.0,0.28734157419065265,0.0,0.22033387689370884,0.0791077703635289,0.15680147691733862,0.19557601833132798,0.3240492820127987,0.17110344574377362,0.23221859511213971,0.0,0.0,0.0,0.2687369756127739,0.02136824784703409,0.08964260673910265,0.0,0.0
0.20388586199984005,0.2830854122687445,0.729215995975673,0.05668740652080728,0.0,0.6876097300267778,0.730935876488776,0.14240695925679434,0.7919350933833015,0.24348245009623454,0.6213040044437091,0.43678401623339347,0.6170509060831382,0.3043779534844584,0.4787083033389209,0.29702856539222333,0.3152703958151192,0.3867216096360484,0.6009220443496197,0.740327774446943,0.05360417805853224,0.6996714341737055,0.5191016675762483,0.5388041873012295,0.17831610311532384,0.4693726808589286,0.735381613204241,0.4749619883766764,0.5264953889788468,0.3164212392894335,0.12950995674293214,0.14051896009700865,0.0,0.0,0.22010487683716143,0.12066419669063448,0.047737350077889956,0.40756412468734116,0.16709550905948894,0.0,0.0,0.19506613324845828,0.4506930536424155,0.41421156635216927,0.44850924981031337,0.2027198059609961,0.37844646486531663,0.7722544514439784,0.0,0.714433686548071,0.5672693724110094,0.1741743374289947,0.22806489853741838,0.7469299390542921,0.10530881949967075,0.7285785968254213,0.5745890091878666,0.7280522960781343,0.5465230951801224,0.42059268854049325,0.4362685332976815,0.057563464958581556,0.5698367671807356,0.668094635445255,0.6655046204585714,0.0,0.7527802251778521,0.49507356117984525,0.4824392019634779,0.28009226347599836,0.6160505231773161,0.5672287114817269,0.8765650828768123,0.323474814887592,0.284934921863974,0.4356874075590579
0.15411730786688338,0.6061472059487057,0.744652182001002,0.19276433867642365,0.6876097300267778,0.0,0.6030830085156639,0.6140611416568846,0.7366455555906002,0.5218201126239072,0.7464502022229504,0.7642681404623808,0.8881365061178198,0.0,0.6091557737369188,0.32947377711755504,0.464638679624147,0.5540623726519169,0.702226096658216,0.7228452544452577,0.3264374267477741,0.6877386046334986,0.8225820317040448,0.3386241404067375,0.42664364051846926,0.5969333797816732,0.7371579170777062,0.7015167549595605,0.7094280581261154,0.46179202938186437,0.32786993346338333,0.04119905885352834,0.0,0.0003082257283452128,0.0,0.1562995760401365,0.16863314031262447,0.2080001783031559,0.0,0.0,0.0,0.0,0.32344851194308055,0.10975530179751018,0.07911386728888076,0.09332814062600506,0.6995064757963022,0.7213237316408695,0.0,0.6172180002054406,0.8031629619117988,0.43087014463959944,0.6506667553704367,0.7112112619288858,0.3037087335841303,0.7279176252590237,0.7604392406413503,0.7077786536197079,0.25802093267399856,0.5424039806360714,0.1681270013616934,0.38890257748427604,0.5494799082486481,0.6659322242529525,0.655440805299359,0.25323441034383193,0.6764087326065827,0.780811565044878,0.19934319381492469,0.2433416990275247,0.5736722675098862,0.6548261584932664,0.5838601512769286,0.3297111029712533,0.1454581127228861,0.1729393092870895
0.4842533812873804,0.5243191734368193,0.35704673170205276,0.04471550078700437,0.730935876488776,0.6030830085156639,0.0,0.0,0.5196400274630621,0.5269082862929858,0.2610880144437139,0.2733450221530479,0.5274617046779663,0.22617263818813527,0.28053787543601577,0.48256728570871166,0.65703416788591,0.6210247314885868,0.33372524903392864,0.5101268817170252,0.2681805261375986,0.6003154507060458,0.34186787345868763,0.6338929077479405,0.5299281313792282,0.6727023936788419,0.4914981113767188,0.287350824341323,0.6357691250278568,0.014804952469825994,0.3026342969623983,0.4800734041671609,0.0,0.0,0.3563224800919021,0.0,0.0,0.5016386568526948,0.44178181752520396,0.21102387304951287,0.03094852969395892,0.36701105571805004,0.4190511765630063,0.48899016452085486,0.45783503932622155,0.49048533409326783,0.4274610192893771,0.45062002087271036,0.18691877642176227,0.29318348120377324,0.40606716202343296,0.1340596442228244,0.08385128802624914,0.47230441945359747,0.2715619066236325,0.40986237554179566,0.3287594971525762,0.6059124525278203,0.4850708048797031,0.29696194354848143,0.5375190382664623,0.0,0.4957895244398026,0.42653234258001727,0.4680718938864298,0.170081242374941,0.5363190854882462,0.3202391841772278,0.5193709815513526,0.5633169469946377,0.7573976197507127,0.3669299394793192,0.6789976166291387,0.5290568752833615,0.3582450244858872,0.5747648308680807
0.0,0.3492538583861696,0.49705216363552784,0.3256406601025425,0.14240695925679434,0.6140611416568846,0.0,0.0,0.37631513275374795,0.4529138940733556,0.6120500149374981,0.7991698718537966,0.6136666336084787,0.0,0.5400016978243105,0.0,0.05335653709270319,0.1726778141287364,0.5438080861385746,0.3032600269788067,0.4672230759651664,0.2403745263167976,0.7854131815608281,0.0,0.14983751476307405,0.14892963249191532,0.3680223338180585,0.6229828561783114,0.30738065236797707,0.5796870474890539,0.2891495933060197,0.0,0.10898446355867991,0.27836878618491095,0.0,0.41269399787547534,0.3274712457789362,0.0,0.0,0.0,0.029275382035014008,0.0,0.0,0.0,0.0,0.0,0.5534505647117531,0.42284327225972723,0.0,0.3936250031595439,0.48367880597101354,0.4960861827089411,0.914475039834493,0.41485808894950865,0.37313871155216805,0.4833093054603378,0.6125446250988271,0.22162820574365344,0.0,0.48186233416535196,0.0,0.5944880224448875,0.16011405969207781,0.4670431395775173,0.29749204124272355,0.4952519782440463,0.2710310117815163,0.7317004706018995,0.0,0.0,0.0844395132485592,0.4646099384288843,0.0,0.0,0.0,0.0
0.004888646471621405,0.24646383115756335,0.888633146592333,0.13457992472008595,0.7919350933833015,0.7366455555906002,0.5196400274630621,0.37631513275374795,0.0,0.253751506411649,0.8411168396520743,0.550993832601036,0.6703082773222846,0.0,0.690215000841582,0.1586968451690695,0.23984934274339156,0.25117282107483413,0.813132201583413,0.7561776434879324,0.17787207695790352,0.6756544344869907,0.6746429341071806,0.19277320268554834,0.08801140190974455,0.27319087151629146,0.8908542106517812,0.6873915231862315,0.4866398152254591,0.5282419668631684,0.222969116920337,0.0,0.0,0.0,0.0,0.1768071910841604,0.16197426366490378,0.24135340911713385,0.0,0.0,0.0,0.0,0.25236089749340485,0.10044006880531146,0.1931595921828608,-0.0064116745704428935,0.49611792643835506,0.9440845639260899,0.0,0.8545561123312304,0.5833577843030072,0.42588555047955606,0.45984649965693297,0.9537735725673565,0.08978543441898307,0.9026777467837319,0.5591024420787434,0.5894666828050247,0.22484401300209964,0.6215946986403491,0.15175743267098213,0.1741248662847675,0.4073126066119702,0.7975489847083982,0.7016848012434334,0.10110827421584537,0.7718720383477422,0.6952039821703402,0.15214497714778574,0.0,0.36937903463663674,0.7547597521262641,0.7084611226739861,0.19032599390798294,0.21187477561551332,0.21216519291747768
0.4396941633024617,0.805138787044847,0.2417075954635555,0.21432079621211245,0.24348245009623454,0.5218201126239072,0.5269082862929858,0.4529138940733556,0.253751506411649,0.0,0.27564110857844054,0.5767217760827511,0.5463987309167828,0.0,0.4038096620336087,0.5012757691673305,0.7520061270436168,0.6548899613859984,0.3411167566024858,0.32135341835323133,0.6386981895232668,0.4303450423004658,0.48162638939188074,0.2162970940273378,0.7770153012643426,0.6632399759042459,0.2661162258442824,0.4031810933126277,0.6841476347042035,0.1972429331112631,0.5070605271649167,0.2072402515923285,0.3062673489760225,0.3063277793590714,0.0,0.0,0.028343837203677946,0.026207461660547965,0.0,0.0973781126062113,0.31196595776734964,0.0,0.10610545114188662,0.0,0.0,0.32249489148218896,0.6302030421107347,0.22932119669574583,0.3048515810322602,0.09853644794148184,0.2752626610912924,0.3325335794636549,0.42490715761430514,0.26797517767288664,0.6873883906162463,0.285105828890151,0.325851176987356,0.19844040756175313,0.05229317186895585,0.4608231737393739,0.12415146262612226,0.4891095493944028,0.3874004079522815,0.35108014128643594,0.34329468192545876,0.600263123860242,0.29197120625153894,0.44479623191250545,0.07574521974142456,0.42279294518625415,0.4500960301443583,0.33410060998579527,0.09145904705292465,0.5083899331851106,0.08073674752800217,0.0452992136963658
0.0,0.3229759804996658,0.9249746223185131,0.208665842126346,0.6213040044437091,0.7464502022229504,0.2610880144437139,0.6120500149374981,0.8411168396520743,0.27564110857844054,0.0,0.7267539600412087,0.7185727154275114,0.0,0.7236961586620043,0.10413857496146492,0.12885596678875103,0.23724750866319383,0.8847863441963528,0.69897899612455,0.17359019461221448,0.6222137677490034,0.770815299148941,0.003855108389019535,0.12101264301815895,0.2206801220805321,0.8311543896122935,0.7932838992380422,0.4350957627440064,0.6657558538074877,0.18666151424201766,0.0,0.0,0.02496252060457721,0.0,0.3288155134501046,0.2842696256535673,0.0,0.0,0.0,0.0,0.0,0.13109210330624346,0.0,0.0,0.0,0.545478216789595,0.8416967887228595,0.0,0.7989651417833745,0.6582673183559973,0.49152318359629243,0.6545035692940651,0.8322057805850058,0.1757903238966243,0.9026126324972267,0.6707009809719207,0.5410399576155952,0.04851927969620648,0.6085238801437243,0.0,0.4263721721779594,0.3608026226411849,0.7991055636682328,0.6791549430461208,0.16799808422640142,0.6931368950702798,0.7654182833487944,0.0,0.0,0.2547730268307863,0.7829835373163858,0.5390770567735511,0.11142093103723447,0.0,0.0
0.0,0.45647072313407194,0.6335319383465365,0.323326974432418,0.43678401623339347,0.7642681404623808,0.2733450221530479,0.7991698718537966,0.550993832601036,0.5767217760827511,0.7267539600412087,0.0,0.7716356669496289,0.0,0.5635017388648471,0.04704303035364091,0.19885914686626766,0.32902998568370356,0.6301067101342608,0.5121908623633917,0.3107165105137919,0.4335107147145348,0.7547021140312623,0.05419829411241389,0.21217294235304368,0.35680193099005264,0.5202591268713598,0.6816667263710334,0.3955953968351903,0.5450861158481642,0.20600749569801274,0.0,0.0,0.10531734504813026,0.0,0.3652310343209358,0.3189623919924076,0.0,0.0,0.0,0.0,0.0,0.15206259643332476,0.0,0.0,0.0,0.5478125766249293,0.6202171122279176,0.0,0.5333885098850161,0.5929058664166235,0.49419112642623425,0.7866265942061624,0.5564262751040951,0.38599714217567344,0.6385899640188013,0.8138598096273879,0.4719360808576407,0.0,0.4980128856463646,0.0,0.6162458734519036,0.36238763352566433,0.5773974257131542,0.5292197395669969,0.2732423381943261,0.5039144426967985,0.6942427725560518,0.0,0.0,0.2396219331936379,0.5382878521762896,0.28946048666836877,0.017372396961488082,0.0,0.0
0.10452705944456561,0.6433894503972317,0.7177523990106376,0.3059432969839986,0.6170509060831382,0.8881365061178198,0.5274617046779663,0.6136666336084787,0.6703082773222846,0.5463987309167828,0.7185727154275114,0.7716356669496289,0.0,0.0,0.6481461060378653,0.3741823960903024,0.4464567189658147,0.5835254697559364,0.6884383397555962,0.7418176234745857,0.32366093434910803,0.723650442108625,0.7146821689148379,0.20120232314031034,0.4442217724013711,0.562240509314682,0.6780007665596791,0.826855562016795,0.671235445899207,0.5411670707251205,0.31519963023942144,0.0,0.0,0.004304934850767161,0.0,0.22649587029433307,0.2169240386396829,0.03888138868151103,0.0,0.0,0.0,0.0,0.2460705546941576,0.030602452404163927,0.0,-0.00403493812132541,0.6841013026929325,0.6684164331186908,0.0,0.5970320295048311,0.7389472236627523,0.4080363893923612,0.6185972399941514,0.6602655821769283,0.2897338411272363,0.6735602454645726,0.7278266663170121,0.684531765076289,0.15489502083956494,0.5949873163865838,0.097959986024875,0.4880160657340988,0.6209917000558214,0.6308224543919376,0.7175243462684231,0.24711363099719574,0.695090708965652,0.6674657624046725,0.09051962162695155,0.13892207086547848,0.45056682771817663,0.6313464914893756,0.595154674853218,0.33402994113606926,0.1211558241319265,0.07281856405783574
0.20539067404899558,0.0,0.0,0.0,0.3043779534844584,0.0,0.22617263818813527,0.0,0.0,0.0,0.0,0.0,0.0,0.0,0.0,0.0,0.0,0.0,0.0,0.0,0.0,0.0,0.0,0.5307143519064613,0.0,0.10897107193924276,0.0,0.0,0.0,0.0,0.0,0.34481120560817236,0.0,0.0,0.5755283034156942,0.18309009273019913,0.0,0.3071990586019832,0.47863977014163706,0.39530452691891405,0.0,0.5535619372091043,0.46948900468739974,0.5288533946210692,0.48884756420511055,0.35909684895306826,0.0,0.0,0.20184624526059652,0.0,0.0,0.0,0.0,0.0,-0.0025543680360876897,0.0,0.04141598967643399,0.18060838978099497,0.5522883224049767,0.0,0.28989354118338595,0.0,0.015375841652286337,0.0,0.0,0.0,0.0,0.0,0.5526010117960797,0.2790810381964703,0.394717638683982,0.0,0.25005634778181274,0.0,0.048868117085759666,0.36501618243859296
0.1568577935754793,0.3850828012155012,0.7187002989164558,0.32332097374851987,0.4787083033389209,0.6091557737369188,0.28053787543601577,0.5400016978243105,0.690215000841582,0.4038096620336087,0.7236961586620043,0.5635017388648471,0.6481461060378653,0.0,0.0,0.32746400972847206,0.2985953590952048,0.27529216386638183,0.7203830446693049,0.776312497374851,0.5438038944311738,0.7520756934330066,0.7118984121622991,0.0,0.22076337606217714,0.25375927249754876,0.7898381833278609,0.7939386846777621,0.6281675323679883,0.7205660315110518,0.4706629215065441,0.0,0.0,0.17932682326799523,0.0,0.3083037849673929,0.19142953718420125,-0.001650349373615495,0.0,0.0,0.060006861566812175,0.0,0.13610651095826393,0.0,0.0,0.10181059738510054,0.6340355576398103,0.6575844443974685,0.0,0.6888964240909703,0.5084898222523889,0.4742949350705227,0.5862962540538941,0.7322735785060839,0.28073607996730454,0.6986101187706842,0.4640692248836259,0.3497648830403778,0.010925622653504788,0.9384555349983761,0.0,0.412647706833401,0.35766767507360775,0.6812668465547399,0.7869737801369154,0.5006068723871782,0.7719326283976234,0.7154275600400415,0.0,0.0,0.2932574120734788,0.8110848751285913,0.4671951103836567,0.3312819274312551,0.04213110841406237,-0.023248168351872156
0.6453417026565366,0.6626471805116112,0.18527933472455757,0.10970720081532742,0.29702856539222333,0.32947377711755504,0.48256728570871166,0.0,0.1586968451690695,0.5012757691673305,0.10413857496146492,0.04704303035364091,0.3741823960903024,0.0,0.32746400972847206,0.0,0.7854618971379618,0.7670594661040535,0.19011907852618715,0.4293541672870627,0.47420386025854566,0.5879674915068219,0.22052364149134715,0.29322931840419664,0.6980283021617387,0.6111311487725339,0.29162910792201935,0.3386887844853324,0.6939824475173308,0.14674616241205815,0.5527172080773937,0.4115360990104222,0.3299980277470092,0.18333437256066812,0.2519901444850242,0.0,0.0,0.2202351513399834,0.25851909703744663,0.2529644551342558,0.2833953825434242,0.16246613836597207,0.18682255589237626,0.1373834842349359,0.21282867017533466,0.5568080174170021,0.46335018486045493,0.146179128838565,0.18658427889912327,0.03818328372023366,0.20220819543643292,0.021378439887270978,0.01583181086293113,0.20353154468712917,0.2567808205259138,0.17614332671962832,0.03776966184119643,0.19891207294845709,0.19650162055999673,0.3631199005080343,0.4796152998586529,0.11043590063394326,0.4313151409995274,0.23850535830330338,0.3613244160926898,0.38060804318551983,0.35694753378803484,0.19392326223359851,0.27255937354136794,0.4798839067920686,0.5155571982047655,0.23993397544598336,0.3000127199032963,0.6665241640394681,0.2611334441990653,0.429667696949116
0.6467456608740898,0.7912773735035822,0.20298705205953826,0.06109742272485773,0.3152703958151192,0.464638679624147,0.65703416788591,0.05335653709270319,0.23984934274339156,0.7520061270436168,0.12885596678875103,0.19885914686626766,0.4464567189658147,0.0,0.2985953590952048,0.7854618971379618,0.0,0.8479769687823199,0.2584847495738089,0.37740554344479427,0.528221120127155,0.5325069006269753,0.3024515946908428,0.40205900293894553,0.8207126020129757,0.7516546977810115,0.3048679210452287,0.29322298655488344,0.7188765934315565,0.039562321663164146,0.5225632580038555,0.5258597179873621,0.3313550010476757,0.19288736856767472,0.22678164161370826,0.0,0.0,0.3541463031574425,0.36048656968179105,0.28096094612241795,0.2607619331379711,0.17451535198932622,0.2284906621685136,0.1679329881183915,0.28415983440051956,0.5297774593910121,0.5607820819178274,0.19842185657703204,0.29000997554729224,0.05580498350452606,0.22600387852186365,0.11676068516093854,0.08849633259765871,0.2555283366471417,0.44356919656490035,0.23883183993774054,0.12638552894990085,0.25449077655905983,0.2531813691122537,0.3685810593644677,0.4855906451321077,0.2624322749253737,0.436086823186152,0.3159044724273684,0.33849707529032946,0.4323115055626454,0.35216038650980147,0.2754938703966065,0.32306161568704245,0.5649170027307548,0.594544435886835,0.25353490916414695,0.30077513415292423,0.6396805762594465,0.34583263951273,0.5007126996253438
0.4973993497551944,0.8106736175301503,0.2782709285833746,0.1061756547485946,0.3867216096360484,0.5540623726519169,0.6210247314885868,0.1726778141287364,0.25117282107483413,0.6548899613859984,0.23724750866319383,0.32902998568370356,0.5835254697559364,0.0,0.27529216386638183,0.7670594661040535,0.8479769687823199,0.0,0.28589422693525307,0.4400339090943115,0.41500481876447054,0.5550464327516396,0.3201136557035116,0.4215276581774991,0.820106531572331,0.7883138352193113,0.3175626372028544,0.34307522260079815,0.6734276462155548,0.061534243936273436,0.3565953027810205,0.3520573733358216,0.21937633094780581,0.07402643804084043,0.11074619718486688,0.0,0.0,0.26397857624089377,0.2238703045067495,0.09399453722456949,0.20049403242011563,0.09576344536381506,0.23824514154103282,0.15526445767198094,0.21415237984152527,0.34893395709404273,0.5275781237646135,0.2733754797852365,0.12777571313106212,0.08370428641792825,0.34791253085497154,0.05373324025595863,0.18671250419416466,0.2736084499472723,0.28157728146129213,0.30046120889723094,0.307957662077692,0.3711936522352767,0.19267793354075813,0.2963583611635417,0.4051286621777841,0.3228200355786962,0.5626451165082339,0.3137913950962299,0.40816294416913396,0.3028616597214856,0.38541465627578325,0.2749859832385472,0.31342999361982277,0.4704167069056401,0.5238521698617077,0.23851391551166845,0.3440542844804626,0.5274608778048908,0.34706008855795023,0.40919375962211285
0.0,0.3577635695109751,0.8983983184580204,0.22734305357752493,0.6009220443496197,0.702226096658216,0.33372524903392864,0.5438080861385746,0.813132201583413,0.3411167566024858,0.8847863441963528,0.6301067101342608,0.6884383397555962,0.0,0.7203830446693049,0.19011907852618715,0.2584847495738089,0.28589422693525307,0.0,0.66744703911592,0.24381832192053757,0.6149676518665054,0.7527058754570506,0.018851905000478453,0.12419319814102872,0.23554763614946636,0.7962194841306689,0.7628460932807588,0.48052061473825725,0.5844160591896417,0.27394294764901084,0.0,0.0,0.11108701135465189,0.0,0.2372994363684373,0.23452233439698258,0.0846080248857306,0.0,0.0,0.0,0.0,0.13682052070813405,0.0,0.0,0.0,0.571962373850486,0.833311390937336,0.0,0.6997067814463558,0.567377383101922,0.39396223122261886,0.6127219188810606,0.7669433437197034,0.1931561241894878,0.8761740554299087,0.5656477950451555,0.5150118213921778,0.07547290672513562,0.6249357891516693,0.0,0.3396107727695414,0.42933476491818445,0.94118433341503,0.6127536117475433,0.19512586970561902,0.6844427741488441,0.7597928740041373,0.0,0.0,0.28085483045598575,0.7231912046826169,0.5530195637111561,0.15860616864399607,0.0,0.0
0.20641218053923052,0.4157445132484667,0.7891688514104545,0.23051671561945797,0.740327774446943,0.7228452544452577,0.5101268817170252,0.3032600269788067,0.7561776434879324,0.32135341835323133,0.69897899612455,0.5121908623633917,0.7418176234745857,0.0,0.776312497374851,0.4293541672870627,0.37740554344479427,0.4400339090943115,0.66744703911592,0.0,0.20693752207904953,0.9998414843034713,0.6096319989003616,0.29963912170607576,0.2786776972612189,0.44334615852589365,0.8411735098010734,0.7344822822611767,0.6470734371746854,0.5488613139826868,0.284997432104979,0.0073219149213228085,0.0,0.0,0.0,0.20202854984943397,0.20964536520915228,0.2275590119448126,0.0,0.0,0.0,-0.003796855139914561,0.4145914155841604,0.18923181137905146,0.23724344255734153,0.13238496447170364,0.5543689271237897,0.7737177238990991,0.0,0.7238605330158103,0.6747578565911462,0.2578319549398816,0.3888681699637011,0.7678955707811517,0.09263770811492719,0.7391923836615155,0.6205509955032545,0.6184386261593458,0.3215286721297129,0.6947764255462502,0.315881482219739,0.2661820954828355,0.5412241817026404,0.6461807925022851,0.9341397501084653,0.1248431401940383,0.9412771663315638,0.6225095726572479,0.27470508612830097,0.13593242039809564,0.48681567619234223,0.7392919965013398,0.7798733718477417,0.39386582766949985,0.3158058212605794,0.33165230887060915
0.6411888821766771,0.5290440431094777,0.15209515762968986,0.2813665136882002,0.05360417805853224,0.3264374267477741,0.2681805261375986,0.4672230759651664,0.17787207695790352,0.6386981895232668,0.17359019461221448,0.3107165105137919,0.32366093434910803,0.0,0.5438038944311738,0.47420386025854566,0.528221120127155,0.41500481876447054,0.24381832192053757,0.20693752207904953,0.0,0.31769136459597325,0.4905250311527179,0.077706186444679,0.5158646260599249,0.3975856669134872,0.23019181802783092,0.38071468486068244,0.5983829477147411,0.3751926926053011,0.7150516285312403,0.2495761448451118,0.49625287797633083,0.549793939263089,0.0,0.156828478053486,0.023157954109332093,0.03439142146202909,0.0,0.22748307292674244,0.3283871124308665,0.0,0.09278972740298069,0.0,0.0,0.5494085100713264,0.535073906576319,0.09880546105589025,0.3725598320089165,0.052602781426575956,0.06099197082923524,0.33344737521525786,0.4335337896110962,0.21589666157027892,0.563755259400089,0.18300312317870848,0.09936554011786425,0.0,0.0,0.5676262141717723,0.0,0.2864592515286543,0.1209416518949667,0.28811237900753706,0.165245825753327,0.9267058155526309,0.1679574742244261,0.42308631425390264,-0.0015085073941951688,0.19990673247289908,0.38039622251903715,0.26082794631430667,0.0,0.4068875698795891,0.0,0.0
0.33904449119710717,0.531099269006774,0.714168193055108,0.23407583494760975,0.6996714341737055,0.6877386046334986,0.6003154507060458,0.2403745263167976,0.6756544344869907,0.4303450423004658,0.6222137677490034,0.4335107147145348,0.723650442108625,0.0,0.7520756934330066,0.5879674915068219,0.5325069006269753,0.5550464327516396,0.6149676518665054,0.9998414843034713,0.31769136459597325,0.0,0.55317346953856,0.3066619478155128,0.42468846405869115,0.531266118859841,0.8098532985476964,0.7156275094825167,0.7247926975522982,0.46958946137482144,0.39626714137696356,0.11352442769283444,0.0,0.0,0.02412484971503271,0.08943550635641719,0.15386553569526154,0.26410747905217274,0.039624007082120244,0.0,0.06900615116090064,0.05400292139455096,0.3919711573193009,0.2015876436559122,0.2551291314285973,0.25666718643454434,0.60574457364036,0.6877331500118942,0.0,0.62327639603867,0.6279721795182229,0.25054978480153417,0.3147223590915966,0.6947986474740049,0.113743740020713,0.6889546186781494,0.49417634244892894,0.5615003793429898,0.3166773465880371,0.7030126797335996,0.392158782002518,0.24897128886567452,0.5614767399157041,0.615326790888109,0.9209086386774868,0.2249220101211685,0.9131880812759076,0.5627911280394495,0.28840179779142133,0.22899940363460494,0.5380571789368065,0.7242577658162508,0.7351149983557581,0.531555779444334,0.3320370147385796,0.398230465766548
0.16086418353271686,0.4477644822818092,0.7489523415334722,0.24122173461388674,0.5191016675762483,0.8225820317040448,0.34186787345868763,0.7854131815608281,0.6746429341071806,0.48162638939188074,0.770815299148941,0.7547021140312623,0.7146821689148379,0.0,0.7118984121622991,0.22052364149134715,0.3024515946908428,0.3201136557035116,0.7527058754570506,0.6096319989003616,0.4905250311527179,0.55317346953856,0.0,0.20547541904441086,0.23323113048730565,0.3961840549411914,0.7046376730444058,0.704648233535617,0.5893226615487628,0.5507903280373387,0.4224486701598378,0.0,0.034990231915353665,0.129322372029558,0.0,0.29470332534744714,0.21158219082988064,0.11053159550620001,0.0,0.0,0.018588416759820203,0.0,0.21174833154460013,0.0,0.0,0.10281092086822746,0.6906811009335728,0.6879915830788252,0.057647290500708506,0.6165891683000879,0.6683319702007555,0.5081930067526614,0.8161444769786864,0.6683991162054681,0.3636926161328662,0.7119488986485413,0.6767957287395161,0.5316960098624565,0.12959938931280546,0.6535832365575216,0.0,0.45841569994392206,0.4261293716910002,0.699228570143374,0.5424891333733585,0.46177456686415924,0.5712577560559765,0.9518389385604568,0.08896436240065106,0.06086680158040261,0.47090455915511453,0.6783585560328321,0.42296251073682184,0.2278665796500142,0.0,0.0
0.538874925110141,0.22490460904301812,0.1568050941197465,0.0,0.5388041873012295,0.3386241404067375,0.6338929077479405,0.0,0.19277320268554834,0.2162970940273378,0.003855108389019535,0.05419829411241389,0.20120232314031034,0.5307143519064613,0.0,0.29322931840419664,0.40205900293894553,0.4215276581774991,0.018851905000478453,0.29963912170607576,0.077706186444679,0.3066619478155128,0.20547541904441086,0.0,0.26603461502479586,0.6703057673064523,0.18549724545995042,0.0,0.25427826119347463,0.0,0.05075991816132375,0.4864695990499118,0.0,0.0,0.4843022867524231,0.0,0.0,0.654391545745079,0.6056549380515313,0.2720847537221795,0.0,0.5369182054076959,0.49559329708958555,0.5330057708581122,0.7079080856339457,0.5587093217015416,0.09283300973668815,0.2679085282250416,0.14759650359096405,0.10963747874177558,0.19145399276306826,0.0,0.0,0.14648946388591977,0.03722963948210839,0.20018433587004758,0.28562337568243223,0.4471281357434965,0.6108673372884892,-0.03025501971255362,0.6126098864482069,0.0,0.4144070720271099,0.14299250650913412,0.22959116133717125,0.0,0.28506779007044,0.16677196610596215,0.9230363155608945,0.4576422828738912,0.7361138970901107,0.031763997927115956,0.5072740656262948,0.2691298089776506,0.47918119964518663,0.7045234457515714
0.5592472595026746,0.8930843386769898,0.09526160632784611,0.09547083718660053,0.17831610311532384,0.42664364051846926,0.5299281313792282,0.14983751476307405,0.08801140190974455,0.7770153012643426,0.12101264301815895,0.21217294235304368,0.4442217724013711,0.0,0.22076337606217714,0.6980283021617387,0.8207126020129757,0.820106531572331,0.12419319814102872,0.2786776972612189,0.5158646260599249,0.42468846405869115,0.23323113048730565,0.26603461502479586,0.0,0.7581150808180078,0.1352847125273936,0.23922282010241028,0.7009766113813574,0.02554510704028487,0.3782679036617172,0.3375144896038362,0.3410547630412629,0.19573183336950511,0.022561620541462678,0.0,0.0,0.061727202540181575,0.2051575393995012,0.16038871627905232,0.38273060801984854,0.08104217709261767,0.09052389884417925,0.0,0.0,0.3971748745374434,0.587218502420982,0.05839902510181169,0.2363359630683301,0.0,0.26116618223588595,0.12480039913134455,0.11346943958790216,0.13988159853952753,0.46051215505948684,0.10129045907776857,0.08262347424969851,0.16564039349595228,0.0805521499396164,0.26049027987261286,0.32729290437919756,0.330094460060843,0.43149339865248737,0.13532689401162445,0.28063211081686373,0.4622225194010414,0.19803014624992935,0.21873743295583786,0.18293552606736813,0.5923575292422096,0.4682797313502032,0.20847617298055546,0.10104207720551653,0.6734092737431672,0.21907064457508346,0.24910064235000026
0.6012006680560982,0.7841990766512872,0.2926576190486395,0.0,0.4693726808589286,0.5969333797816732,0.6727023936788419,0.14892963249191532,0.27319087151629146,0.6632399759042459,0.2206801220805321,0.35680193099005264,0.562240509314682,0.10897107193924276,0.25375927249754876,0.6111311487725339,0.7516546977810115,0.7883138352193113,0.23554763614946636,0.44334615852589365,0.3975856669134872,0.531266118859841,0.3961840549411914,0.6703057673064523,0.7581150808180078,0.0,0.28829983437762224,0.24657127033461423,0.5940383724917119,0.03519062792006086,0.26971854194861666,0.4067999255442309,0.12650257051526478,0.0,0.20398414172881008,0.0,0.0,0.35642847061582655,0.3553161834110396,0.1985968107396521,0.13981548936129884,0.24434404069486143,0.31797455775160705,0.2867486989614553,0.32226572738118103,0.49645527401985706,0.494583222818695,0.325203316863517,0.17186906310386518,0.12069250860608667,0.3890351675035043,-0.001306733989807879,0.1619502009794915,0.2883644114230973,0.3427548927031589,0.2987174774818989,0.37615707191583025,0.44127742246984225,0.4201825881639242,0.2817915947208729,0.493519392101668,0.24089292195184484,0.5788234165355468,0.31845181716989407,0.4226442043091311,0.26747695425241197,0.3989742595972276,0.3472002949430054,0.5569227899907366,0.5818407357531687,0.7853691325055047,0.2458672733035818,0.4062741510157735,0.4952117933303203,0.34803145328668184,0.4921796438239987
0.06346471251063981,0.3052421109033012,0.872545139801796,0.18037705327985507,0.735381613204241,0.7371579170777062,0.4914981113767188,0.3680223338180585,0.8908542106517812,0.2661162258442824,0.8311543896122935,0.5202591268713598,0.6780007665596791,0.0,0.7898381833278609,0.29162910792201935,0.3048679210452287,0.3175626372028544,0.7962194841306689,0.8411735098010734,0.23019181802783092,0.8098532985476964,0.7046376730444058,0.18549724545995042,0.1352847125273936,0.28829983437762224,0.0,0.7178505973866551,0.6139541977058435,0.5564279065408859,0.33768835251649404,0.0,0.0,0.0,0.0,0.21320171667671867,0.19223066587042567,0.24280652791010376,0.0,0.0,0.0,0.0,0.29099420062368875,0.09967285134301707,0.16062361736767508,0.056467632674720936,0.5826378682562902,0.8449022606460719,0.0,0.8104020315143385,0.6127251778454941,0.4377247429205311,0.47128417521215377,0.8669986805336091,0.12731276333688404,0.8594989941476622,0.5431962871806392,0.5888401149596512,0.23525331336798422,0.6929199273938789,0.17888038123850705,0.22386466230186605,0.4396319568638706,0.7762275052671626,0.7908407293608194,0.14606890598953703,0.842948533546166,0.7108173859936475,0.1491052920236551,0.012448273972671897,0.417974841862492,0.8667455020721718,0.6959903162529089,0.28312986875170265,0.15462133038784553,0.1991570647320113
0.06394448102463174,0.4516020035214159,0.7621785129361454,0.44452736301234885,0.4749619883766764,0.7015167549595605,0.287350824341323,0.6229828561783114,0.6873915231862315,0.4031810933126277,0.7932838992380422,0.6816667263710334,0.826855562016795,0.0,0.7939386846777621,0.3386887844853324,0.29322298655488344,0.34307522260079815,0.7628460932807588,0.7344822822611767,0.38071468486068244,0.7156275094825167,0.704648233535617,0.0,0.23922282010241028,0.24657127033461423,0.7178505973866551,0.0,0.6036918823159669,0.7885863150528544,0.46098363452281016,0.0,0.0,0.16946677028341364,0.0,0.36271609036095653,0.3695975752160674,0.0,0.0,0.0,0.08556309917954172,0.0,0.18336188428490913,0.0,0.0,0.0,0.5971193556806013,0.6783019125366904,0.0,0.6952571098748832,0.6010855499273904,0.4932800307023615,0.63896653384608,0.7117906954374971,0.22515504010699888,0.7356114044096325,0.5995729875128926,0.46442271006786046,0.0,0.7214403696239624,0.0,0.4027396825937984,0.3847052954685853,0.678672258219852,0.6888294406772183,0.3665061832333828,0.6895677251158502,0.7048695179682086,0.0,0.0,0.24282983963784827,0.7018654864620488,0.5377578054364122,0.26379857394280976,0.0,0.0
0.5379761851946917,0.7450308167358457,0.4598375123761932,0.2105901384528679,0.5264953889788468,0.7094280581261154,0.6357691250278568,0.30738065236797707,0.4866398152254591,0.6841476347042035,0.4350957627440064,0.3955953968351903,0.671235445899207,0.0,0.6281675323679883,0.6939824475173308,0.7188765934315565,0.6734276462155548,0.48052061473825725,0.6470734371746854,0.5983829477147411,0.7247926975522982,0.5893226615487628,0.25427826119347463,0.7009766113813574,0.5940383724917119,0.6139541977058435,0.6036918823159669,0.0,0.3965618381663797,0.6318455332714221,0.2312951091474282,0.19070030479548733,0.22359345022023708,0.030386114511449624,0.0,0.051966969354126716,0.21911176008586117,0.05718258707494636,0.11585356397711717,0.24694422360818002,0.021880342433361705,0.2696943492102128,0.04452434322459847,0.04488430096841818,0.4563955846689718,0.7295689177610263,0.4062153093618402,0.19141307641429975,0.34477478014048246,0.4825688639963315,0.35644674650918645,0.326670120851489,0.4849121889388665,0.47822060724070947,0.4775910775051654,0.31020721986662936,0.4096692713524964,0.212298543410753,0.606634380778452,0.40488218799495224,0.3225160384549418,0.5825298445869705,0.48146621794299654,0.580236166283608,0.5339332555100945,0.5818619581467036,0.5393128412712116,0.16117618749928933,0.4970705937124343,0.5898481209059648,0.5712250761558182,0.458067342288364,0.7448353848801552,0.17026741734448825,0.2860313986856633
0.06076401769025902,0.17718127896542155,0.6142393353753139,0.3352616583630981,0.3164212392894335,0.46179202938186437,0.014804952469825994,0.5796870474890539,0.5282419668631684,0.1972429331112631,0.6657558538074877,0.5450861158481642,0.5411670707251205,0.0,0.7205660315110518,0.14674616241205815,0.039562321663164146,0.061534243936273436,0.5844160591896417,0.5488613139826868,0.3751926926053011,0.46958946137482144,0.5507903280373387,0.0,0.02554510704028487,0.03519062792006086,0.5564279065408859,0.7885863150528544,0.3965618381663797,0.0,0.43194153899768173,0.0,0.09316612842129304,0.2799475329701547,0.0,0.5593477479813982,0.36580184966556567,0.0,0.0,0.0,0.09958663298220044,0.0,0.15998352591473894,0.0,0.0,0.0200420398179858,0.38963631898661844,0.48063188254262773,0.0,0.5907249846218772,0.33760729532441913,0.4195320512214422,0.5474130011397788,0.5631657863106267,0.19745823084055378,0.5468237928258108,0.49516899039982964,0.21467640016053968,0.0,0.5937405337267343,0.0,0.3658372021896682,0.1527582130915993,0.5415629318174882,0.4975911390626737,0.3506627591676477,0.5075943944740168,0.49652514542303927,0.0,0.0,0.11376853919462682,0.5353900365189386,0.3260922582805821,0.030064296914533883,0.0,0.0
0.556603860516545,0.37875570363656996,0.1891073546706148,0.26784278032474307,0.12950995674293214,0.32786993346338333,0.3026342969623983,0.2891495933060197,0.222969116920337,0.5070605271649167,0.18666151424201766,0.20600749569801274,0.31519963023942144,0.0,0.4706629215065441,0.5527172080773937,0.5225632580038555,0.3565953027810205,0.27394294764901084,0.284997432104979,0.7150516285312403,0.39626714137696356,0.4224486701598378,0.05075991816132375,0.3782679036617172,0.26971854194861666,0.33768835251649404,0.46098363452281016,0.6318455332714221,0.43194153899768173,0.0,0.3109715490312851,0.5055094895643137,0.5304273547203004,0.1099662696303457,0.17755231430769985,0.11812617253928041,0.1802283405466602,0.0019620608679592755,0.31394763080107607,0.378449598516601,0.0,0.172797126916093,0.0334749747869581,0.0,0.5160026967163104,0.4217579780231375,0.10655979981124036,0.3968934386399232,0.20024903273499456,0.08992659890976214,0.39826087705742635,0.3050111649611523,0.23991661489113753,0.4402340375839757,0.19800211102741552,0.09168475061073235,0.06371947250640783,0.050820308997787986,0.47370404800616767,0.014618065257899215,0.0970417417135018,0.1289301298394825,0.2843927996228194,0.17982687195405223,0.6798675525629043,0.23192942408184072,0.35709001749722347,0.0,0.1446120098267388,0.3337369960260503,0.2988203077420077,0.08033092574950812,0.3938834773374543,0.0,0.04807786407952752
