0.0,0.23067718049956212,0.20868038624503685,0.0,0.3002094671666213,0.14215792901318997,0.275629045039456,0.05704312157772981,0.2590216246294733,0.16793305163738667,-0.0028311011487378857,0.015478778803265536,0.08152941053078092,0.028735484651639123,0.1336177939605274,0.3095695962105782,0.1495942176788776,0.3437198264212506,0.17880654128690557,0.2758351951396019,0.3701172107390358,0.3526130375184664,0.20187390439635433,0.16673750589662623,0.5020298813090023,0.3818119250512512,0.2693335133739185,0.2114141492495451,0.36713192635447855,0.10077981268367167,0.16879618692126852,0.24142495886041604,0.2965968023810845,0.02665854658974459,0.0,0.0,0.0,0.015398392450289178,0.14484226399712466,0.23204625230278553,0.0940577007843427,0.0,0.0,0.06100537641042266,0.16234015007512378,0.33557330011279896,0.19423283230163724,0.024786998387008263,0.05762814943489277,0.1037414982501693,0.0,0.06258941928706141,0.0133594974901384,0.2795700918721187,0.0,0.10590300808755927,0.0,0.0932494370379677,0.0,0.06300888620771894,0.25829904732924136,0.0,0.2232791319105524,0.2926774533299046,0.2673240810606924,0.15123574443806564,0.3219816619872539,0.0593406461278122,0.07881374384037582,0.17584951372163538,0.36267505850108295,0.2142372445566048,0.1938300938039444,0.24040145609533875,0.25307424716441307,0.15775048446716225
0.23067718049956212,0.0,0.4431883602197739,0.0,0.3491564327566004,0.7274625043312777,0.45058579406166765,0.18171071786149742,0.3663731230135322,0.21722453439300504,0.12060858488911888,0.3521607244114109,0.645272253126222,0.0,0.3797353239076946,0.6862116403319681,0.45731849915260797,0.6176410215260846,0.3181831618342191,0.41393307145360503,0.0464545151026467,0.5759949175692294,0.2483516990527138,0.041131911884271954,0.7126137475700645,0.7868818515569173,0.28940750867241183,0.42506585297391486,0.5395351780347827,0.0,0.0,0.16664825262237817,0.35287746583742635,-0.022008967633598442,0.0,0.0,0.0,-0.007638973356716622,0.12752749496993204,0.36972314455857913,0.18891187611408505,0.0,0.0,0.10352916661266902,0.00751427009466904,0.0,0.4098878643863183,0.16898519529896527,0.027414960471639063,0.2574242590932594,0.3466889191638313,0.26241147179011654,0.0877108419303255,0.4158912762477262,0.0,0.20413618160598124,0.2158279522335989,0.34748069881419874,0.0,0.3090477937118932,0.03378843693357686,0.049925951433057,0.05200405959789789,0.4457702937965856,0.47996358869855904,0.0,0.5433582211773712,0.11315903219744575,0.0,0.0,0.251123278393184,0.1430924298568745,0.15492868577864563,0.032553311671644075,0.11025744005225113,0.03188544524594766
0.20868038624503685,0.4431883602197739,0.0,0.0,0.517510611002542,0.5756455036813717,0.1700113054870923,0.30616997154540176,0.6766547998293002,0.05119074418400657,0.5316150332499326,0.15300934299701416,0.4602295592360395,0.09994384853757765,0.6026325498673818,0.2921147220894011,0.05630793438434056,0.1733277828238508,0.597728627514501,0.5643505523934069,0.40419460694641673,0.4552767904741569,0.4714247303495285,0.0,0.3574761355767945,0.4571197056868521,0.608578561254323,0.2363250777120948,0.45297849245371036,0.26808221259158077,0.0,0.0,0.062408941636336465,0.0,0.0,0.0,0.0,0.0,0.0,0.05266869043013625,0.0,0.11973531221493172,0.0,0.0,0.005062887140343558,0.0326196833034208,0.28989662351380124,0.6655766882512265,0.0,0.2886307874044376,0.39127228758572935,0.0,0.42996625602610694,0.648450664495127,0.0,0.5297307359591141,0.20279629494594537,0.09123646342663969,0.0,0.5143858516989941,0.0,0.0,0.0,0.7685484229165785,0.4566313035170445,0.13212923399858398,0.40412004650493,0.5120819235326909,0.0,0.0,0.3740438281314789,0.513187252869782,0.0,0.11819455096085044,0.0,0.0
0.0,0.0,0.0,0.0,0.08593913842421116,0.004907668801695048,0.06383578850843924,0.19228724137455042,0.02777708163035865,0.0,0.2463801680908898,-0.0027740272072950267,0.07225095868976242,0.3375943260293542,0.0,0.0,0.0,0.0,0.0,0.0,0.09968184817742304,0.0,0.1589339238470065,0.0,0.0,0.0,0.008144692817348226,0.0,0.0,0.2191155350973214,0.0,0.0,0.0,0.25737837577256617,0.07939895766663208,0.08648128632967536,0.0,0.0,0.0,0.0,0.0,0.162321415879791,0.34793723973866786,0.0,0.04545144518925816,0.0,0.016677322936004768,0.05935208797694191,0.0,0.13871956527152673,0.0,0.0,0.11946710432018033,0.0,0.04486962612159555,0.1410167246042637,0.12367671572516094,0.0,0.1939451516408422,0.0,0.0,0.0,0.0,0.0,0.0,0.08716798872855211,0.0,0.11154216927214185,0.0,0.0,0.0,0.0,0.0,0.0,0.0,0.0
0.3002094671666213,0.3491564327566004,0.517510611002542,0.08593913842421116,0.0,0.3843660211232083,0.4669422510152534,0.275087384058956,0.7793888462380766,0.11892432012827509,0.5760350573838765,0.07596674545852863,0.48522480153440006,0.39974312640992526,0.5050590136359807,0.3040416107468307,0.08606528267523919,0.14068790622241856,0.5762636163437854,0.5236039807163623,0.5215040401236009,0.5754529085878141,0.3550063085580748,0.0,0.2844031731732153,0.2552556045186843,0.5146414094447805,0.15426947637058813,0.47717040501171726,0.42846661998801894,0.06129435976008443,0.0,-0.0036424782222288232,0.28120209357470705,0.0,0.0,0.0,0.0,0.0,0.11853035869449524,0.004082584885513885,0.16105006176034675,0.04570267632411551,0.0,0.2527063200162583,-0.00036423763242909857,0.4349912404780332,0.29737802280478204,0.0,0.3471233659162682,0.05162970644227066,0.0,0.4103509390634803,0.4778955464542179,0.10700791741620153,0.5390176613238752,0.026503880740224195,0.0,0.06807000681327513,0.31736853912638757,0.0,0.0,0.0,0.5163634491459331,0.18207825933084176,0.361120105368702,0.20534638488621598,0.3046202169614589,0.0,0.020185094441178858,0.3067814631065138,0.2801476721037667,0.0,0.055146382885878004,0.0,0.0
0.14215792901318997,0.7274625043312777,0.5756455036813717,0.004907668801695048,0.3843660211232083,0.0,0.36993580001955384,0.4520888508826479,0.5532423796075381,0.16096200052050086,0.3844389669601337,0.4048348847011387,0.7491206190482775,0.0,0.5828965773851553,0.43918543709071667,0.28291027727605494,0.3185560649074956,0.348833961546707,0.41438734474981775,0.2957348519509317,0.4375820981654587,0.5905973173079276,0.0,0.46789728911653405,0.6963751519534302,0.4337236363082999,0.22558037827116953,0.534362465869898,0.048735939118884575,0.0,0.0,0.15949286445093536,0.04393037358727302,0.0,0.0,0.0,0.0,0.0,0.21344742589393217,0.05237089232159201,0.012438230864286044,0.0,0.0,0.05394824649618167,0.0,0.304224810132686,0.4712002607596541,0.0,0.32226218510622257,0.3734334406259038,0.17133761566596223,0.37855508282970934,0.5222759168028981,0.0,0.42420075727857925,0.34751996643941463,0.1711379571006253,0.0,0.47789110373908705,0.0,0.0,0.0,0.5334571890183719,0.33708140158681366,0.0,0.37478160539984917,0.4518042548332615,0.0,0.0,0.2807177004679747,0.20678274530909702,0.0,0.0,0.0,0.0
0.275629045039456,0.45058579406166765,0.1700113054870923,0.06383578850843924,0.4669422510152534,0.36993580001955384,0.0,0.1534448358178388,0.41072704647140146,0.26176873937412715,0.12075394734803988,0.1314504597533237,0.5833762000163459,0.0672691158897977,0.20556973614244536,0.4382722102152907,0.249240588160146,0.3779200375561621,0.2899511381160994,0.25481856872657754,0.23875840321595826,0.41315678194675987,0.1444112561509846,0.0,0.40465940270910683,0.3742295961233435,0.18140327198239334,0.44405768162794135,0.3604359975800458,0.1199102172300715,0.22999690963850755,0.015535192902472711,0.22205700799710848,0.21047787109045527,0.0,0.0,0.16193758263459068,0.0,-0.0028780779025294467,0.22278659760054395,-0.002323150086847567,0.03776920252744758,0.08800990529336988,0.16951893418591035,0.09875274192000923,0.0,0.3594559119036359,0.07686346921821241,0.1687194395215843,0.27712933954890795,0.0,0.29513521801605924,0.04791805345817601,0.3429462671157417,0.1460514836641251,0.1924125544984175,0.026183205638760282,0.16424834639501398,0.0,0.09344390206051228,0.0,0.06719011261360763,0.034446787356208874,0.26236511158367143,0.16088865799230256,0.16776978387750235,0.23382461568950294,0.0,0.0,0.050984626175349546,0.23268082864104503,0.0,0.129662072458279,0.0,0.02623621271660756,0.0
0.05704312157772981,0.18171071786149742,0.30616997154540176,0.19228724137455042,0.275087384058956,0.4520888508826479,0.1534448358178388,0.0,0.4376336385134159,0.17034587024317616,0.2708611423234488,0.35056072659578885,0.17871761106851652,0.2337206128411809,0.19869967260744203,0.0,0.0,0.0,0.254562741063202,0.1979090480693745,0.41948866754052194,0.12579920577493547,0.8293527779275256,0.10602348317798849,0.20516352464125556,0.18468390295125695,0.28590168058157583,0.0,0.0,0.23365413926473608,0.0,0.0,0.0,0.1804564999911705,0.011362540949369601,0.0,0.12027992062316474,0.0,0.0,-0.0033493711300816575,0.0,0.031215382819465114,0.22088290718756148,0.0,-0.006691694668715525,0.0,0.24689822661958383,0.30005003177543216,0.08802524415536757,0.3627341377944984,0.3006837771364067,0.22416422126291943,0.7752354425432494,0.2961895397732516,0.15698831545034553,0.31387357474845967,0.3763232576424882,0.0,0.19634505713763975,0.15010947461961077,0.0,0.0,0.0,0.2517876486798698,0.021589885352770954,0.1620889827222434,0.024138402655775465,0.6954348078617575,0.0,0.06724024791771989,0.264182569619578,0.10318543793403331,0.0,0.0,0.0,0.0
0.2590216246294733,0.3663731230135322,0.6766547998293002,0.02777708163035865,0.7793888462380766,0.5532423796075381,0.41072704647140146,0.4376336385134159,0.0,0.1200209364646185,0.6544419373229815,0.17537644732385152,0.5149526734026219,0.2617735942790484,0.5862936323859469,0.25056369546592183,0.0678168004777332,0.08196793498096056,0.6136781861666736,0.5787730149414251,0.5042936560941325,0.5494977004485295,0.522717429172973,0.0,0.3329332539784312,0.3972466215038975,0.582908218889386,0.1799349636545035,0.4136429364936145,0.4241127774233599,0.0,0.0,0.07074266397867274,0.26054415703811384,0.0,0.0,0.0,0.0,0.0,0.18293119371540456,0.014162707146543954,0.16345491313123925,-0.006971025257112129,0.0,0.18561798982243122,0.0,0.45984526743664345,0.46913842547784435,0.0,0.510816057351046,0.1490522398331428,0.08130117352320843,0.5109773039725194,0.7128797929716699,0.07597736260313231,0.6846532451410073,0.11824476275307977,0.0,0.0,0.4690816795314625,0.0,0.0,0.0,0.7004145630075427,0.2858933148287438,0.2751489588408278,0.2796067744677135,0.45312833927056845,0.0,0.0,0.4115966740516687,0.4013587436363254,0.0,0.0,0.0,0.0
0.16793305163738667,0.21722453439300504,0.05119074418400657,0.0,0.11892432012827509,0.16096200052050086,0.26176873937412715,0.17034587024317616,0.1200209364646185,0.0,0.0,0.664707953263645,0.06526515112017639,0.0,0.0,0.18130232557560216,0.7752290404050747,0.5102679026684847,0.037033412181544406,0.0,0.04705823083588223,0.16345044401375478,0.1357177912079635,0.5765678437973283,0.4360400153189292,0.2774577770991314,-0.0255986770853171,0.17192409549259494,0.0,0.0,0.28455030286624794,0.3982277869459372,0.3699077559697238,0.0,0.0,0.0,0.18953318261963029,0.23226478890397156,0.3651935562899816,0.3244300215347014,0.08598156441519963,0.0,0.0,0.27027988104718753,0.03066110066417052,0.06934064575925958,0.19210712781346995,0.048338580704582246,0.2516057627940548,0.47803110054893017,0.13810212135108443,0.6025668758158719,0.06802725794308892,0.23483714800374816,0.6900731692181963,0.0,0.4784550534731133,0.3714639949348341,0.10515500814013323,0.0,0.21909260845471096,0.5291210374403629,0.33386739202115956,0.1255027174064765,0.18638131730676644,0.0,0.19510983250333935,0.01329702563217533,0.4043235050260537,0.3620469227599133,0.3075879140427581,0.0,0.2943213915460392,0.0,0.295665067188801,0.35045064827734784
-0.0028311011487378857,0.12060858488911888,0.5316150332499326,0.2463801680908898,0.5760350573838765,0.3844389669601337,0.12075394734803988,0.2708611423234488,0.6544419373229815,0.0,0.0,0.0,0.355556392464163,0.37073838227426714,0.5295807612905423,0.017910634625693506,0.0,0.0,0.38920839593161044,0.36374301260229847,0.3727522225533683,0.2587537931017975,0.33527679559780915,0.0,0.011491035896128349,0.09027289703345762,0.42517784916211393,0.0,0.21693006553251615,0.3749688450622061,0.0,0.0,0.0,0.26465709793919046,0.0,0.0,0.0,0.0,0.0,0.0,0.0,0.24819320272305237,0.01673194925427468,0.0,0.20910752208169972,0.0,0.22644147129653877,0.5447572905608001,0.0,0.3570332887029777,0.0,0.0,0.4022181260580315,0.3832936377968923,0.0,0.7900843040023992,0.03521664775361241,0.0,0.0453072650880646,0.37307607117729735,0.0,0.0,0.0,0.45437916002918693,0.0,0.263083760278251,0.0,0.36381513065459725,0.0,0.0,0.07899098481877104,0.2730605612286197,0.0,0.0,0.0,0.0
0.015478778803265536,0.3521607244114109,0.15300934299701416,-0.0027740272072950267,0.07596674545852863,0.4048348847011387,0.1314504597533237,0.35056072659578885,0.17537644732385152,0.664707953263645,0.0,0.0,0.25423869478989924,0.0,0.09238709885015874,0.14654771862675858,0.6758460898339262,0.3845080305195185,0.05382800388980022,0.0,0.0,0.2142329179993197,0.31435776280770816,0.5946147585398915,0.3030277943036604,0.47615407229055534,0.0,0.20070504098680067,0.0,0.0,-3.0925546231436174e-05,0.33643154667964786,0.38835045104868937,0.0,0.0,0.0,0.09741932678246781,0.29619774722274356,0.2676688781787535,0.364996631480582,0.05625359959679703,0.0,0.0,0.262155299655374,0.0,0.0,0.0,0.26634548664605834,0.2456143037403299,0.45859287902621876,0.2905493101178743,0.5856403799729344,0.25829195302195795,0.2989610561545811,0.36352354672316817,0.07173393585501514,0.7209293264781286,0.4607920431806283,0.10068351844122399,0.0,0.019218291025083517,0.24858496216584977,0.09343898832319014,0.23325941911041853,0.3140401091128098,0.0,0.3346740715209984,0.20198530540159687,0.37357136276661185,0.0,0.29769025662040494,0.0,0.2614755872935737,0.0,0.1583503485267487,0.21089344070170568
0.08152941053078092,0.645272253126222,0.4602295592360395,0.07225095868976242,0.48522480153440006,0.7491206190482775,0.5833762000163459,0.17871761106851652,0.5149526734026219,0.06526515112017639,0.355556392464163,0.25423869478989924,0.0,0.0,0.5065095490746652,0.45502587441987197,0.22665035333927885,0.3227291480722909,0.35767438874345725,0.42825329544224067,0.19174444259582038,0.525682535578949,0.30010687634376937,0.0,0.2914725957089751,0.6059608930275286,0.3852316488937064,0.5261626177566421,0.5554554273122704,0.19756327379330957,0.0,0.0,0.1473702413353445,0.07730654871772226,0.0,0.0,0.0,0.0,0.0,0.152014808598486,0.07061963657855835,0.10105978366613519,0.0,0.0,0.06645942106263143,0.0,0.3262446264903578,0.3194451202527506,0.0,0.22309956281998222,0.1892784473961552,0.13905705116675876,0.1473400423879027,0.36574894112105977,0.0,0.36362553887946336,0.24388175356092495,0.18686017253283527,0.0,0.45826104829683023,0.0,0.0,0.0,0.44880354813158196,0.31791756099246965,0.0,0.3445682800380897,0.17464038133730161,0.0,0.0,0.22617154123500446,0.14366385605406798,0.0,0.0,0.0,0.0
0.028735484651639123,0.0,0.09994384853757765,0.3375943260293542,0.39974312640992526,0.0,0.0672691158897977,0.2337206128411809,0.2617735942790484,0.0,0.37073838227426714,0.0,0.0,0.0,0.10890658443327167,0.0,0.0,0.0,0.38428637399664267,0.22041201064568516,0.4101858217402151,0.1128028778656588,0.27106369690284404,0.0,0.0,0.0,0.23661994673857267,0.0,0.08521267688345957,0.5115075344256625,0.15467828072723258,0.0,0.0,0.3841568433295291,0.13824891681151766,0.3943257684817146,0.11663664431478114,0.0,0.0,0.0,0.0,0.2918170750798809,0.4583548710346298,0.0,0.22849996784720578,0.049873178613142784,0.17350091824952066,0.0,0.0,0.0,0.0,0.0,0.35891057506343493,0.0,0.06885922291140556,0.1691830493445973,0.0,0.0,0.400441938032038,0.022678646771275693,0.0,0.0,0.0,0.02320765048455506,0.0,0.4599899244042088,0.0,0.2922372662033065,0.0,0.10203051144528792,0.003319808703377586,0.18538047839238656,0.0,0.0,0.0,0.0
0.1336177939605274,0.3797353239076946,0.6026325498673818,0.0,0.5050590136359807,0.5828965773851553,0.20556973614244536,0.19869967260744203,0.5862936323859469,0.0,0.5295807612905423,0.09238709885015874,0.5065095490746652,0.10890658443327167,0.0,0.28298724568467276,0.0,0.07077806359805949,0.411052980360804,0.6517543743122641,0.3938218583741544,0.4757211732548236,0.3705535990843609,0.0,0.1898117317124633,0.331376915710058,0.6451497241417753,0.16939490569670976,0.5836153744250864,0.30298294316849667,0.0,0.0,0.0,0.09744396259108251,0.0,0.0,0.0,0.0,0.0,0.0,0.0,0.15622496375767714,0.0,0.0,0.07239748192754358,0.0,0.22811709263142513,0.46037154927656676,0.0,0.21820760835903694,0.13002479304187356,0.0,0.31113413518984684,0.4146340633618388,0.0,0.49861461952285246,0.07056009205460145,0.0,0.0,0.7640703201985842,0.0,0.0,0.0,0.5574949716207066,0.3119326905593351,0.24622835625517825,0.28115224453579923,0.372220517662333,0.0,0.0,0.08740531455233708,0.48337800040995066,0.0,-0.0029644840850360232,0.0,0.0
0.3095695962105782,0.6862116403319681,0.2921147220894011,0.0,0.3040416107468307,0.43918543709071667,0.4382722102152907,0.0,0.25056369546592183,0.18130232557560216,0.017910634625693506,0.14654771862675858,0.45502587441987197,0.0,0.28298724568467276,0.0,0.39363735203378364,0.7451873643047565,0.2429972326237378,0.3301199059953474,0.10161025945625163,0.5371409988247601,0.03697957048114475,0.08897336198488695,0.5991260292347299,0.5930350225692834,0.16400614625811807,0.48898129564164766,0.5498377885069403,0.0,0.03408115016968133,0.282734954217765,0.5125910921159275,0.051550706938944785,0.0,0.0,0.0,0.0395363487963509,0.2909519383503506,0.440873303273867,0.3007227692257779,0.0,0.0,0.1701484736510981,0.0,0.0,0.33711743099115593,-0.0025442260641191095,0.06822576280346443,0.09288277959873761,0.1023877921217432,0.15734678703970056,0.0,0.3153913432330089,0.0,0.06816155693232027,0.0,0.31740453056724827,0.0,0.21787495621621217,0.26895480101833585,0.06948941777622014,0.23827460571704723,0.34602723083367637,0.3873560562508639,0.0,0.4874260523933081,0.0,0.0,-0.0359306799822397,0.23045155219682592,0.04952657341697214,0.30059443302698935,0.13864538854957453,0.30455640890397057,0.22758311527858047
0.1495942176788776,0.45731849915260797,0.05630793438434056,0.0,0.08606528267523919,0.28291027727605494,0.249240588160146,0.0,0.0678168004777332,0.7752290404050747,0.0,0.6758460898339262,0.22665035333927885,0.0,0.0,0.39363735203378364,0.0,0.7713657188601916,0.009375622154738084,0.0,0.0,0.2681866804795973,0.0,0.609417734206534,0.5614047156150328,0.512548793705529,0.0,0.37739910665981236,0.039739339740101465,0.0,0.1736153372372037,0.5998078135043314,0.5611165083860425,0.0,0.0,0.0,0.15472350873051482,0.2791977749656856,0.5921315100654065,0.44859845735958326,0.23463645851489554,0.0,0.0,0.35817762369758166,0.032527667111001746,0.0,0.1086714953362311,0.03238233126520776,0.2278621597875854,0.3698258719701406,0.13920923737262542,0.5690578774557071,0.0,0.28588789428503303,0.42100597652008687,0.0,0.4107128999188918,0.5358157351975652,0.05785691204584336,0.0,0.3279642831510489,0.48372160971160777,0.4113192024277052,0.19396102475651583,0.3907289709308192,0.0,0.40746087583120716,0.0,0.42319031791116585,0.1437894542156802,0.2978426812806809,0.0,0.48058243739900597,0.0,0.47357814600928977,0.5187889943040872
0.3437198264212506,0.6176410215260846,0.1733277828238508,0.0,0.14068790622241856,0.3185560649074956,0.3779200375561621,0.0,0.08196793498096056,0.5102679026684847,0.0,0.3845080305195185,0.3227291480722909,0.0,0.07077806359805949,0.7451873643047565,0.7713657188601916,0.0,0.1476977933706654,0.14730106286027456,0.0,0.4026967517943335,0.0,0.4445347422113888,0.6832579262961453,0.617116105997487,0.0,0.5775748044371315,0.35481016796048703,0.0,0.18089450401166904,0.5771741267503534,0.6028671738000275,0.0,0.0,0.0,0.14223849313394477,0.25037052176229074,0.5455260668038644,0.4503674928489423,0.28701189063332155,0.0,0.0,0.39138108586098597,0.0,0.02303344495556542,0.2006138333472647,0.0,0.2176255260811381,0.17383572184528706,0.16433879740757804,0.39265449361229526,0.0,0.31489240670332436,0.17350890375845107,0.0,0.1236887885427522,0.5943272545898013,0.0,0.0,0.4676909423853401,0.3910023925079512,0.5750477079720957,0.3009914983379558,0.46960312122368797,0.0,0.509385308330189,0.0,0.2736834497672924,0.13408488978676852,0.33248999782910027,0.0,0.5791065355525137,0.14249776076698184,0.5619832070052584,0.5216392240519526
0.17880654128690557,0.3181831618342191,0.597728627514501,0.0,0.5762636163437854,0.348833961546707,0.2899511381160994,0.254562741063202,0.6136781861666736,0.037033412181544406,0.38920839593161044,0.05382800388980022,0.35767438874345725,0.38428637399664267,0.411052980360804,0.2429972326237378,0.009375622154738084,0.1476977933706654,0.0,0.6102149733612897,0.4150158835924386,0.5053895244922829,0.31973025876793404,0.0,0.2751019251164421,0.24874150585717575,0.4162117428847074,0.2758541398894989,0.40650121078706886,0.38394484791811245,0.05005820676567138,0.0,0.0,0.1823582187075982,0.0,0.11987802401059708,0.13287765798640677,0.0,0.0,0.08331534368741822,0.0,0.22126385105381075,0.06378209081414206,0.0,0.1147759236382704,0.04389480950938987,0.42350846333055187,0.31822827924366537,0.0,0.2779259833165578,0.2508118531913981,0.0,0.4107706121128526,0.46511337522848006,0.19228239326348684,0.3812829417992487,0.13509020898392043,0.06907981053879064,0.11812405305624805,0.2923694618862784,0.0,0.16847832485434824,0.0,0.6390663861218563,0.3328784663021701,0.29638828325799704,0.30880372006040085,0.33807559561792044,0.0,0.17776459239682652,0.3861184020721235,0.40573637102852617,0.04023111900151821,0.16908424370585382,0.0,0.0
0.2758351951396019,0.41393307145360503,0.5643505523934069,0.0,0.5236039807163623,0.41438734474981775,0.25481856872657754,0.1979090480693745,0.5787730149414251,0.0,0.36374301260229847,0.0,0.42825329544224067,0.22041201064568516,0.6517543743122641,0.3301199059953474,0.0,0.14730106286027456,0.6102149733612897,0.0,0.4276272692737201,0.6435493544237995,0.3482836173217861,0.0,0.3459302806473654,0.34289650480371753,0.6346188353444538,0.34379993702835476,0.629784062417743,0.4373625770959571,0.0,0.0,-0.008496296564644679,0.12800054100152986,0.0,0.0,0.0,0.0,0.0,0.06407220765023988,0.0,0.23145424361048605,0.0,0.0,0.14706479484193294,0.12437964954753189,0.39288815288472095,0.36378461580072374,0.0,0.18946859850959766,0.1491869653442134,0.0,0.29095879389405466,0.4437913675497589,-0.015312199401147808,0.38289627350319466,0.029063103404194407,0.0,0.0,0.5167028295178937,0.0,0.0,0.0,0.5455477667081111,0.48176614595698963,0.2962646212444592,0.465859556608199,0.30816698168062545,0.0,0.066956938582476,0.3163011469568039,0.5487166147460887,0.0,0.28779134149676855,0.0,0.0
0.3701172107390358,0.0464545151026467,0.40419460694641673,0.09968184817742304,0.5215040401236009,0.2957348519509317,0.23875840321595826,0.41948866754052194,0.5042936560941325,0.04705823083588223,0.3727522225533683,0.0,0.19174444259582038,0.4101858217402151,0.3938218583741544,0.10161025945625163,0.0,0.0,0.4150158835924386,0.4276272692737201,0.0,0.2749398441587659,0.5522598068254023,0.0,0.22016471377834065,0.1404625697998274,0.45243787441906186,0.04495516206285055,0.44311225492346873,0.42992709541615515,0.10782427421024876,0.0,0.0,0.26248634679772653,0.0,0.03833174129665301,0.0,0.0,0.0,0.0,0.0,0.12505975210830286,0.10800530835541065,0.0,0.2790627924405659,0.2196659366624676,0.33012785111567056,0.23361826819801607,0.0,0.18061666961843792,0.15611960582907963,0.0,0.5079717576655651,0.34035695377962805,0.13588526386778976,0.39667375396508187,-0.009184328982492218,0.0,0.05464506704319931,0.27551269227203296,0.0,0.0,0.0,0.3969641428148878,0.06323873434137489,0.6128370364581579,0.04017831579834791,0.5039006619840346,0.0,0.1790324424321202,0.3760672599838589,0.42135913423932103,0.0,0.2199970552408068,0.0,0.0
0.3526130375184664,0.5759949175692294,0.4552767904741569,0.0,0.5754529085878141,0.4375820981654587,0.41315678194675987,0.12579920577493547,0.5494977004485295,0.16345044401375478,0.2587537931017975,0.2142329179993197,0.525682535578949,0.1128028778656588,0.4757211732548236,0.5371409988247601,0.2681866804795973,0.4026967517943335,0.5053895244922829,0.6435493544237995,0.2749398441587659,0.0,0.2406964494752285,0.0,0.47982045294411574,0.5671202994873187,0.41661506506672474,0.5131458461123645,0.5355305867470217,0.25562342602079635,0.04727921361628007,0.008427378984187495,0.22389018305137595,0.15837870576834737,0.0,0.0,0.0,0.0,0.0,0.31194225066459497,0.08273679507082542,0.1135678459016751,0.0,0.0,0.13562419084208296,0.036459274424092636,0.4693584026330239,0.19245560447804205,0.0,0.2742431781734843,0.024774029039889567,0.06377807162426105,0.1517951163768006,0.4016972686053845,0.004995673006114865,0.2524313160413076,0.055981431602938087,0.10568099000863632,0.0,0.34147379745995066,0.041449974074978135,0.07365435181181862,0.02311495004534203,0.4906124539597012,0.46095068485068075,0.04204574086335555,0.5841079302203529,0.09928362190500131,0.0,0.0122387616011701,0.3836052973128823,0.1680873182536637,0.09781301744190574,0.07441032741256609,0.0,0.0
0.20187390439635433,0.2483516990527138,0.4714247303495285,0.1589339238470065,0.3550063085580748,0.5905973173079276,0.1444112561509846,0.8293527779275256,0.522717429172973,0.1357177912079635,0.33527679559780915,0.31435776280770816,0.30010687634376937,0.27106369690284404,0.3705535990843609,0.03697957048114475,0.0,0.0,0.31973025876793404,0.3482836173217861,0.5522598068254023,0.2406964494752285,0.0,0.0066449662770825535,0.25187604824648724,0.296190009246043,0.4623011957798808,0.0,0.15005866540520296,0.28549996575638875,0.0,0.0,0.0,0.11788441117991516,0.0,0.0,0.0,0.0,0.0,0.0,0.0,0.08426284615726337,0.09491846037153043,0.0,-0.008160396195592973,0.0,0.2519671636343578,0.38645993549517677,0.0,0.3128386106439284,0.365259492276392,0.1382898232307564,0.7573568802473272,0.35423887408852706,0.06245316867753581,0.3544123198179681,0.3331114432537698,0.0,0.06150345377797414,0.31904317312832503,0.0,0.0,0.0,0.36665500512949784,0.12520769107342833,0.23512707802431515,0.10713055778656863,0.8292877399995024,0.0,0.03064174599676528,0.2865055395188705,0.2648255136405683,0.0,0.0,0.0,0.0
0.16673750589662623,0.041131911884271954,0.0,0.0,0.0,0.0,0.0,0.10602348317798849,0.0,0.5765678437973283,0.0,0.5946147585398915,0.0,0.0,0.0,0.08897336198488695,0.609417734206534,0.4445347422113888,0.0,0.0,0.0,0.0,0.0066449662770825535,0.0,0.3286475944269485,0.2958863375557489,0.0,0.15530855280194567,0.0,0.0,0.3057536964306846,0.6388517795960009,0.5227151125090033,0.0,0.0,0.0,0.2371898329366262,0.4502578098236266,0.6120595482815159,0.3494274892745688,0.1485852195331279,0.0,0.0,0.4823925919864192,0.0,0.26662133410693567,0.0,0.0,0.5379384459050195,0.22641265148008294,0.2739429222849717,0.5916144041393522,0.0276375672797724,0.1863922764828637,0.3132663406427328,0.0,0.34668902146128877,0.5724323610414884,0.049167734725608855,0.0,0.4208176610313207,0.25094384651708757,0.4873257225955118,-0.0171111561584415,0.29161485673380677,0.0,0.308189604642521,0.0,0.8558727322727007,0.29153514033232514,0.4204535363714198,0.0,0.5882688373472701,0.007355166094348886,0.5995661463706592,0.6780640643319421
0.5020298813090023,0.7126137475700645,0.3574761355767945,0.0,0.2844031731732153,0.46789728911653405,0.40465940270910683,0.20516352464125556,0.3329332539784312,0.4360400153189292,0.011491035896128349,0.3030277943036604,0.2914725957089751,0.0,0.1898117317124633,0.5991260292347299,0.5614047156150328,0.6832579262961453,0.2751019251164421,0.3459302806473654,0.22016471377834065,0.47982045294411574,0.25187604824648724,0.3286475944269485,0.0,0.7238545723611978,0.2015423248105288,0.35119858901518064,0.40012226692798025,0.0,0.035428901658361545,0.36746494715039413,0.40677850568651186,0.0,0.0,0.0,0.055125237480061026,0.03576733226491097,0.30469102829665473,0.3943950838875822,0.14341380608052445,0.0,0.0,0.26647138491273864,0.06992841271555508,0.04502050225309473,0.34931960055220035,0.16670582244300503,0.14447373460979956,0.2833325755551913,0.2761568467126394,0.3215504883389242,0.1033322568668238,0.4963918636211063,0.11148968952885568,0.13397864268065568,0.1436498512186946,0.3670066461295637,0.0,0.07183132921426336,0.27924195545379626,0.18271152005930513,0.28926904517974356,0.4327203898128974,0.5021248293407129,0.0,0.512552693602358,0.12518777826479416,0.17163982318040877,0.2616543201222424,0.46457590111451685,0.1485670914401791,0.3399002378314699,0.1425277444781894,0.3447867768136065,0.25072607849525147
0.3818119250512512,0.7868818515569173,0.4571197056868521,0.0,0.2552556045186843,0.6963751519534302,0.3742295961233435,0.18468390295125695,0.3972466215038975,0.2774577770991314,0.09027289703345762,0.47615407229055534,0.6059608930275286,0.0,0.331376915710058,0.5930350225692834,0.512548793705529,0.617116105997487,0.24874150585717575,0.34289650480371753,0.1404625697998274,0.5671202994873187,0.296190009246043,0.2958863375557489,0.7238545723611978,0.0,0.17072761232094855,0.47665088517492205,0.38720380786251907,0.0,0.0,0.23282571950278844,0.41173671691216635,0.0,0.0,0.0,0.0,0.05146014149114403,0.15476042587618705,0.433900128780424,0.1309223239726504,0.0,0.0,0.12549052307517095,0.0,0.0,0.2644545133428348,0.3043389156663968,0.04292139450987913,0.24369256802783854,0.2219605973875093,0.29894225306856664,0.09754835908813966,0.523807535403163,0.0,0.2166423866118277,0.23544622231808507,0.3315750635719394,0.0,0.2920910766055433,0.04147906787825706,0.038539894772925964,0.11057364296292738,0.48871670655384847,0.5685194583897302,0.0,0.6267708159100274,0.1610338792111893,0.07660995860455849,0.0,0.5071967885417544,0.08073677651969297,0.2005925038826067,0.0,0.17689862270908818,0.05507739567421069
0.2693335133739185,0.28940750867241183,0.608578561254323,0.008144692817348226,0.5146414094447805,0.4337236363082999,0.18140327198239334,0.28590168058157583,0.582908218889386,-0.0255986770853171,0.42517784916211393,0.0,0.3852316488937064,0.23661994673857267,0.6451497241417753,0.16400614625811807,0.0,0.0,0.4162117428847074,0.6346188353444538,0.45243787441906186,0.41661506506672474,0.4623011957798808,0.0,0.2015423248105288,0.17072761232094855,0.0,0.01008919303699729,0.5738255134626411,0.37213753390734017,0.0,0.0,0.0,0.12828874487709052,0.0,0.0,0.0,0.0,0.0,0.0,0.0,0.19573228007439666,0.0,0.0,0.09549224143203405,0.020283933993840098,0.3884764814408137,0.36068922481965743,0.0,0.23713563704597285,0.13350006415621485,0.0,0.31815519438582773,0.32420677693914984,0.0,0.3940306797152691,0.0030830456212002644,0.0,0.0,0.5090464101652789,0.0,0.0,0.0,0.45668290836031494,0.070839464864977,0.32446024282150127,0.05661144645238003,0.4037424591838691,0.0,0.0,0.09895075422596367,0.5900258475780263,0.0,0.1373558302276326,0.0,0.0
0.2114141492495451,0.42506585297391486,0.2363250777120948,0.0,0.15426947637058813,0.22558037827116953,0.44405768162794135,0.0,0.1799349636545035,0.17192409549259494,0.0,0.20070504098680067,0.5261626177566421,0.0,0.16939490569670976,0.48898129564164766,0.37739910665981236,0.5775748044371315,0.2758541398894989,0.34379993702835476,0.04495516206285055,0.5131458461123645,0.0,0.15530855280194567,0.35119858901518064,0.47665088517492205,0.01008919303699729,0.0,0.38541634184740553,0.12343396251127381,0.2008464674750738,0.3247021076339951,0.3532766711892464,0.0,0.0,0.11053099737974575,0.2554339970764017,0.09048400693542479,0.27297691717037226,0.28963912034729095,0.16516180990382534,0.0,0.0,0.30993803547211496,0.0,0.1379360379238035,0.14888042502643115,0.066817792226041,0.1889704775577257,0.01449376062797697,0.12296270731406617,0.17596332170651421,0.0,0.32051340810287676,0.08420333110593795,0.0,0.11526208560045922,0.4929850150196369,0.0,0.12351402024625519,0.2926714125498597,0.27435021583438257,0.3870082943204097,0.30633676738487936,0.5326744994944899,0.0,0.560834132694476,0.0,0.11892395546184721,0.08779061490259948,0.3844454329759351,0.047892270126420555,0.5826202283934488,0.21371151890524023,0.39315909997596016,0.25023618571443657
0.36713192635447855,0.5395351780347827,0.45297849245371036,0.0,0.47717040501171726,0.534362465869898,0.3604359975800458,0.0,0.4136429364936145,0.0,0.21693006553251615,0.0,0.5554554273122704,0.08521267688345957,0.5836153744250864,0.5498377885069403,0.039739339740101465,0.35481016796048703,0.40650121078706886,0.629784062417743,0.44311225492346873,0.5355305867470217,0.15005866540520296,0.0,0.40012226692798025,0.38720380786251907,0.5738255134626411,0.38541634184740553,0.0,0.2870549033556685,0.0,0.0,0.03482919904221851,0.06998832369032157,0.0,0.0,0.0,0.0,0.0,0.06805488709796313,0.09212752728776141,0.08963374835868124,0.0,0.0,0.1500256920584896,0.10082399744502502,0.34358958761379277,0.1717203969477063,0.0,0.0,0.1382323955358685,0.0,0.02738988019002858,0.32783108717971354,0.0,0.26207428884525846,0.0,0.10199228269960561,0.0,0.46738160772686965,0.13481060985916754,0.0,0.13971641607227508,0.4315385740692921,0.31928797827633026,0.25539622736183765,0.32772359184483923,0.09317037089404145,0.0,0.0,0.19707864877453782,0.4845032857606313,0.0,0.41660409428076206,0.0,0.0
0.10077981268367167,0.0,0.26808221259158077,0.2191155350973214,0.42846661998801894,0.048735939118884575,0.1199102172300715,0.23365413926473608,0.4241127774233599,0.0,0.3749688450622061,0.0,0.19756327379330957,0.5115075344256625,0.30298294316849667,0.0,0.0,0.0,0.38394484791811245,0.4373625770959571,0.42992709541615515,0.25562342602079635,0.28549996575638875,0.0,0.0,0.0,0.37213753390734017,0.12343396251127381,0.2870549033556685,0.0,0.005331428131964744,0.0,0.0,0.24820229164908636,0.04847582259176862,0.2253272671241302,0.015101874642227564,0.0,0.0,0.0,0.0,0.34612951864561026,0.29763851577774547,0.0,0.07676511206291393,0.16225534030206246,0.2890096261164948,0.1881515707512536,0.0,0.009042915717547284,0.0,0.0,0.338309738668519,0.09487944705006154,0.0,0.3233505600631685,0.0,0.0,0.043039337194523325,0.2969623482367657,0.0,0.0,0.0,0.1510592687832938,0.0,0.4922139311163678,0.0,0.3367061936140317,0.0,0.091944664489256,0.1748704867182838,0.39823924304341113,0.0,0.1391870844129561,0.0,0.0
0.16879618692126852,0.0,0.0,0.0,0.06129435976008443,0.0,0.22999690963850755,0.0,0.0,0.28455030286624794,0.0,-3.0925546231436174e-05,0.0,0.15467828072723258,0.0,0.03408115016968133,0.1736153372372037,0.18089450401166904,0.05005820676567138,0.0,0.10782427421024876,0.04727921361628007,0.0,0.3057536964306846,0.035428901658361545,0.0,0.0,0.2008464674750738,0.0,0.005331428131964744,0.0,0.3420096758595848,0.23465996957994784,0.30248239072454963,0.11298682391213602,0.2110882498358492,0.48820260528735515,0.24882720730400923,0.37905459315139944,0.17450562184933266,0.12611807269302616,0.0,0.2942849977260036,0.42534812264724947,0.1552423053702486,0.39406230193299524,0.17122083310598538,0.0,0.3576901398336457,0.05930532383016937,0.0,0.20109169285467637,0.0,0.0,0.4685623116753547,0.0,0.0,0.14144312338127435,0.270416182433889,0.0,0.39880659110564376,0.3488330173334356,0.3758479300206208,0.0,0.0,0.24261436192350586,0.025933345493518112,0.0,0.33973766368044955,0.4657141240140231,0.26795411014966614,0.0,0.42187595771703723,0.18912949023050563,0.31666913034727695,0.42308437221183415
0.24142495886041604,0.16664825262237817,0.0,0.0,0.0,0.0,0.015535192902472711,0.0,0.0,0.3982277869459372,0.0,0.33643154667964786,0.0,0.0,0.0,0.282734954217765,0.5998078135043314,0.5771741267503534,0.0,0.0,0.0,0.008427378984187495,0.0,0.6388517795960009,0.36746494715039413,0.23282571950278844,0.0,0.3247021076339951,0.0,0.0,0.3420096758595848,0.0,0.5427568255606625,0.0,0.0,0.0,0.2455793473200999,0.4659114085044645,0.8616171674719411,0.3693884389788804,0.2691576714854883,0.0,0.0,0.6164836497936774,0.0,0.24048603731756404,0.0,0.0,0.4896089601002196,0.05653191148400043,0.16693081334585444,0.4559959982819037,0.0,0.14809917177737864,0.11233014843614254,0.0,-0.0029177497340807657,0.6238035366925364,0.0,0.0,0.5827877097090394,0.20382921865300313,0.5725120384393166,0.03136830578953684,0.34966197240326674,0.0,0.3708413621092916,0.0,0.5711316403282716,0.21898542302569085,0.19963772037039132,0.0,0.7676628143072939,0.17803722174544584,0.7252704891513061,0.7771493238766249
0.2965968023810845,0.35287746583742635,0.062408941636336465,0.0,-0.0036424782222288232,0.15949286445093536,0.22205700799710848,0.0,0.07074266397867274,0.3699077559697238,0.0,0.38835045104868937,0.1473702413353445,0.0,0.0,0.5125910921159275,0.5611165083860425,0.6028671738000275,0.0,-0.008496296564644679,0.0,0.22389018305137595,0.0,0.5227151125090033,0.40677850568651186,0.41173671691216635,0.0,0.3532766711892464,0.03482919904221851,0.0,0.23465996957994784,0.5427568255606625,0.0,0.0,0.0,0.0,0.06816571743746641,0.4077682418005004,0.5758050712663634,0.7298288039473664,0.4277984271678976,0.0,0.0,0.30690556866803614,0.0533175492680272,0.07851632770473432,0.11664498167885345,0.0,0.4485453808631313,0.25255710160463424,0.08294988805818646,0.5230108717280882,0.0,0.2987497920326865,0.06569867008087782,0.0,0.08574816723552131,0.446065258730284,0.0,-0.00456492286503328,0.34934671370916304,0.12707882975669926,0.3660028090966718,0.16642691684044084,0.3935721140121892,0.0,0.5218276321206997,0.0,0.40251268429636344,0.0,0.24830003298201556,0.0,0.5015077416236035,0.07469216432143833,0.5073351397179495,0.5351366493704316
0.02665854658974459,-0.022008967633598442,0.0,0.25737837577256617,0.28120209357470705,0.04393037358727302,0.21047787109045527,0.1804564999911705,0.26054415703811384,0.0,0.26465709793919046,0.0,0.07730654871772226,0.3841568433295291,0.09744396259108251,0.051550706938944785,0.0,0.0,0.1823582187075982,0.12800054100152986,0.26248634679772653,0.15837870576834737,0.11788441117991516,0.0,0.0,0.0,0.12828874487709052,0.0,0.06998832369032157,0.24820229164908636,0.30248239072454963,0.0,0.0,0.0,0.1663141957871909,0.02844116709215483,0.14107117734252947,0.0,0.0,0.07389667498775943,0.20297952579232925,0.17221287331949015,0.2685818278800538,0.0,0.26602137450548713,0.0,0.3533525798474241,0.0,0.0,0.17316446513462658,0.0,0.0,0.1712376972820472,0.0,0.13380107573276948,0.09507334885200071,0.0,0.0,0.3229710214786724,0.002509317828360891,0.0,0.044216031010331,0.0,0.014637071992215492,0.0,0.32732199245133664,0.0,-0.014015338242803405,0.0,0.008530161272729264,0.015839265641984984,0.0,0.0,0.0,0.0,0.0
0.0,0.0,0.0,0.07939895766663208,0.0,0.0,0.0,0.011362540949369601,0.0,0.0,0.0,0.0,0.0,0.13824891681151766,0.0,0.0,0.0,0.0,0.0,0.0,0.0,0.0,0.0,0.0,0.0,0.0,0.0,0.0,0.0,0.04847582259176862,0.11298682391213602,0.0,0.0,0.1663141957871909,0.0,0.1137643158467066,0.08352472875905004,0.0,0.0,0.0,0.0,0.15472505898392774,0.13033691167470554,0.0,0.0,0.07671911650136957,0.0,0.0,0.0825992848374385,0.0,0.0,0.0,0.0365514416000554,0.0,0.0,0.0,0.0,0.0,0.09320907917150827,0.0,0.0,0.0,0.0,0.0,0.0,0.1570472692890506,0.0,0.0,0.0,0.0,0.0,0.0,0.0,0.0,0.0,0.0
0.0,0.0,0.0,0.08648128632967536,0.0,0.0,0.0,0.0,0.0,0.0,0.0,0.0,0.0,0.3943257684817146,0.0,0.0,0.0,0.0,0.11987802401059708,0.0,0.03833174129665301,0.0,0.0,0.0,0.0,0.0,0.0,0.11053099737974575,0.0,0.2253272671241302,0.2110882498358492,0.0,0.0,0.02844116709215483,0.1137643158467066,0.0,0.44323974144264605,0.003573068397830975,0.0,0.0,0.0,0.15762547873835087,0.5499324358684221,0.19945942301507977,0.0,0.12895652619703957,0.0,0.0,0.11387360235254017,0.0,0.1307245878582943,0.0,0.10425869887803256,0.0,0.13316334989107903,0.0,0.10742148821254395,0.06082202766966001,0.25786191567062045,0.0,0.0565719937368068,0.21662008079473405,0.0818806799016017,0.0,0.0,0.1653393812589381,0.0,0.0913988133957071,0.0,0.20660448365184803,0.0,0.10905995349376357,0.1285981771125227,0.1312035018396603,0.0,0.0
