0.0,0.6314507448235934,0.15612897832183642,0.0,0.016866793935138236,0.0,0.0,0.0,0.025865717940749572,0.5362278112191957,0.21534584079563437,0.0,0.04831619995766173,0.0,0.6293031857306163,0.6910710901135477,0.0,0.5491402430169523,0.1396745477167827,0.4786245481377536,0.8031757627982135,0.47558506037344894,0.3821204099132596,0.0,0.6050315311033785,0.0,0.22954707768437344,0.5022310710115546,0.6141796481059746,0.7688573763586979,0.5960855637645831,0.20044211754251917,0.0,0.056779519561124536,0.0,0.003193975907600649,0.0,0.3747143428744136,0.0,0.0,0.0,0.0,0.0,0.0,0.10154810467263232,0.9207724493427691,0.06438179822881285,0.16943559196296287,0.2680347509533878,0.0,0.49765908629385247,0.0,0.0,0.08640007724988544,0.4356520902937764,0.1386775266393988,0.0,0.0,0.0,0.8099416787626327,0.3281568409561463,0.15519857252674812,0.21883759667240857,0.25407797459769793,0.6202082015987973,0.7804134690193343,0.0,0.61980845412025,0.0,0.29472541027814847,0.0,0.7522234809118828,0.0,0.7642002199228534,0.0,0.0
0.6314507448235934,0.0,0.0,0.0,0.0,0.33568093128952475,0.0,0.02031458570859218,0.0,0.35503157717001105,0.09854098595506582,0.0,0.14417957333644899,0.0,0.43053963499269093,0.6013160167334309,0.08244169576300242,0.577212271781244,0.036646947325818,0.3068443332764579,0.3835892455361006,0.4317967244755593,0.2882434796187156,0.0,0.6366619410833738,0.22460201740603447,0.24677672042500942,0.1544707222391222,0.5357169276498861,0.36719388494943295,0.1401994736300159,0.11494323547107418,0.0,0.08554384373719354,0.0,0.0,0.0,0.3531341413262985,0.0,0.0,0.0,0.0,0.0,0.0,0.05925460719425782,0.5448577548629706,0.14208319203761133,0.05009689692719127,0.03434139148630627,0.0,0.6217582465420071,0.0,0.04463976783244389,0.021169079357115872,0.2045053869667184,0.03282041021960125,0.0,0.0,0.0,0.566392819686213,0.00982706691601215,0.14024968133942906,0.006864526221075973,0.0677252024809541,0.3985380515075678,0.28631199354311154,0.0,0.5344622361544905,0.0,0.09631809692024207,0.0,0.6688620472546095,0.0,0.45552286381261176,0.0,0.0
0.15612897832183642,0.0,0.0,0.0,0.6320162221676997,0.07159261631341096,0.2614453320561209,0.0,0.861059139427068,0.19824129408243707,0.888288669872887,0.0,0.24055641398355995,0.0,0.2475899147750425,0.13916510612414434,0.0,0.21637136434433263,0.8445811122589428,0.5426692075201688,0.15076850001107509,0.3379178923195547,0.0,0.0,0.16242304550217754,0.0,0.6032797520375908,0.35612523301435495,0.3393621343345971,0.07114956699236508,0.18762172571280128,0.0,0.0,0.0,0.0,0.09392700707062931,0.22234137154890052,0.1982835675452705,0.0,0.0,0.0,0.0,0.0,0.29021751760682624,0.3409076072331123,0.12605377835632897,0.0,0.8952940421377874,0.0,0.3422831178352284,0.0,0.0,0.0,0.837443227475767,0.2798142263496322,0.865857622448188,0.0,0.0,0.0,0.22438067352774071,0.1600216107372858,0.0,0.10069513459941576,0.7132950146382425,0.6117623151817755,0.17648251569659834,0.4022093259304448,0.0208387684992275,0.0,0.25836812557868477,0.0,0.3559623477917121,0.23279409901792225,0.21715496467706918,0.0,0.026028631004387737
0.0,0.0,0.0,0.0,0.0,0.06455016189163922,0.0,0.22921291482522077,0.0,0.03155549864284676,0.0,0.27272656607696677,0.043857449684884114,0.40227681583484876,0.0,0.0,0.3367869170438116,0.0,0.0,0.0,0.014087291537251467,0.0,0.19227116984624573,0.3006830909452855,0.0,0.1802753492397933,0.0,0.18158463227402205,0.0,0.09419066454468934,0.051797989464879624,0.1953021696653257,0.13312399782087048,0.11209756044430882,0.19409753234200106,0.2215916979525289,0.11110125142039587,0.0,0.3211481632278431,0.383409607053211,0.30227334877337453,0.18738167765948477,0.33724789577926795,0.12988470689721865,0.0,0.0,0.2909529692037076,0.0,0.18532662909542333,0.0,0.0,0.3758383220109654,0.12026423666837818,0.0,0.0,0.0,0.23724119082619738,0.3963238581638865,0.2310689152077822,0.0,0.050957222673770675,0.1196577277781721,0.06657932049876478,0.0,0.0,0.0,0.07268318095112403,0.021274241111623113,0.22909945022846456,0.0,0.371004006346499,0.0,0.3481584636676849,0.0,0.19093275455198994,0.38554046218592314
0.016866793935138236,0.0,0.6320162221676997,0.0,0.0,0.1924811388743337,0.5068217529292993,0.07281716506665536,0.592595324055206,0.22746167966612493,0.5459992645224216,0.052509839018015037,0.3896454800187067,0.0,0.26402344564864183,0.0,0.16611452633209467,0.18211073577479872,0.44988308594405935,0.36820307026971316,0.17056806766727006,0.1272834938040479,0.12300810683387489,0.21906902480195384,0.04036446091223109,0.0,0.5002227510184439,0.30464362526956845,0.19607057057729876,0.06782866570204987,0.11719585353616466,0.0,0.0,0.0,0.0,0.05110391123378985,0.07591477867773164,0.10374821510489296,0.0,0.0,0.0,0.0,0.09860515080743733,0.28243454505981136,0.20559107541932053,0.017164536381352763,0.09524517360426216,0.5872758901862422,0.0,0.44881892914606425,0.024793357869800775,0.20411233183290411,0.2182940814398444,0.6103916876137884,0.16310904947270063,0.6219149878378842,0.10082761237419162,0.11640574413787477,0.03945797841413434,0.13330272784475197,0.10679879389266395,0.057978983072276974,0.14979155507483302,0.4285826002962442,0.31268715318436974,0.21370473855568672,0.2976545766248399,0.03665533557091155,0.17264889972925954,0.1348355673430035,0.0,0.1112084008366731,0.29008414143000577,0.04186814333737482,0.11994272664994726,0.13072495788916633
0.0,0.33568093128952475,0.07159261631341096,0.06455016189163922,0.1924811388743337,0.0,0.05396101351775251,0.761471995557828,0.11339631304591596,0.03553415706264673,0.05722318915097402,0.6338797330113545,0.7215103417521337,0.04903676494100606,0.2106066053486559,0.0,0.344489225807552,0.1707947915346092,0.04838234703871991,0.1470048187558165,0.11732529062153785,0.053111323352259765,0.7068360911082061,0.5572243086689388,0.007828236587250015,0.4811076632696706,0.26527283355350606,0.15061733177276734,0.0720129118290253,0.06432944402920449,0.0,0.05634123985867044,0.21706176341911468,0.034942152832735635,0.0,0.18467442774397236,0.10301080491767364,0.0766627519070943,0.08619171952187812,0.2275425948824835,0.04671841881341582,0.0,0.11921848296437708,0.10588743174878913,0.11043071360756548,0.033766893584475266,0.30886565866161647,0.028702037912877953,0.023215607072342423,0.03013401963358886,0.6086071132351686,0.0,0.7288938849744468,0.10565231736566155,0.0,0.0659978822368853,0.6122904357690746,0.29774157641620425,0.0,0.15731681609430173,0.0,0.14897768445365797,0.0,0.06296725915682144,0.14171872688121195,0.0,0.01491835429273014,0.5292974837708055,0.43745557950370306,0.0,0.38508572906378596,0.06376272809892353,0.21872101499797397,0.0,0.13410240486168787,0.0
0.0,0.0,0.2614453320561209,0.0,0.5068217529292993,0.05396101351775251,0.0,0.0,0.17944039453637228,0.32237461039947385,0.10480795289089559,0.0,0.4098273497100364,0.1705914734078376,0.05578256996004555,0.0678687964645488,0.32879900622450536,0.36952614728435274,0.16152512537912203,0.2050587394306517,0.013562428506390833,0.14774908951542406,0.0,0.1278925497574723,0.30228011388595155,0.04268273961772365,0.4002136871445721,0.12020906447572671,0.3149661270275733,0.0,0.13673539554849984,0.0,0.0702334882199801,0.0,0.0,0.08344853770094374,0.0,0.09768196815573262,0.0,0.14459071578409954,0.13967945303681054,0.06910773381667568,0.12293424697789054,0.044046993517938504,0.14297502891591793,0.0,0.38720662918907817,0.2757505306252931,0.0,0.3229236029458216,0.0,0.30608376563402256,0.0,0.197890105116646,0.17077876101793737,0.15330597766670023,0.045929720305631944,0.23165061078302063,0.14084571401823348,0.0,0.1608862903301564,0.32237235349631665,0.37624065814564267,0.11285428785123368,0.08022945953547032,0.11381668465149514,0.46684406705414094,0.0,0.14269991049332093,0.4187967981971694,0.05295664867977656,0.0,0.22174110887614418,0.0006910176961230363,0.34021974067857297,0.27178315008571563
0.0,0.02031458570859218,0.0,0.22921291482522077,0.07281716506665536,0.761471995557828,0.0,0.0,0.0,0.0,0.0,0.6096548153293193,0.49799548219184403,0.26844307785189037,0.11362556377684435,0.0,0.3668262275552755,0.0,0.0,0.02709324890931425,0.07759131593250651,0.0,0.6831099000137588,0.6538282661428036,0.0,0.5640176220544966,0.025565951747454907,0.04502433195170158,0.0,0.0037924448683369083,0.0,0.18255909425378,0.38797607594951855,0.09022028769255888,0.1881592863828708,0.23717783686276273,0.08518504947725268,0.0,0.4138828450870218,0.39891214619374205,0.1846578556089017,0.0,0.38499800557047237,0.2150523732218562,0.0,0.0,0.22680890024388747,0.0,0.06816576955344669,0.0,0.4648389827502611,0.049475335019831174,0.8283245930046101,0.0,0.0,0.0,0.5852537570049218,0.4027807565210626,0.10890709912393162,0.0230110427379234,0.0,0.0,0.0,0.0,0.0,0.0,0.0,0.4144224302795523,0.5171981023903794,0.0,0.535090813248978,0.0,0.3554435601162902,0.0,0.2840169504959158,0.04075683660050162
0.025865717940749572,0.0,0.861059139427068,0.0,0.592595324055206,0.11339631304591596,0.17944039453637228,0.0,0.0,0.0,0.8648877407329286,0.0,0.17003315383834672,0.0,0.22991884102842558,0.0005400504488208835,0.0,0.07958906951496453,0.7133920343660738,0.45846319042348116,0.06453869806268092,0.23894997361611955,0.0,0.0,0.11756231722957791,0.0,0.6145521443127796,0.11398045557936748,0.28486004447358493,0.006685224212900465,0.0,0.0,0.0,0.0,0.0,0.0,0.04662362748281741,0.07066929250472982,0.0,0.0,0.0,0.0,0.0,0.2759639332969952,0.2439606850804613,0.03766969988695881,0.0,0.8029178138946165,0.0,0.15653564863469932,0.0569206117293109,0.0,0.0468202675671075,0.909803399217098,0.05064279160585278,0.8334096530175942,0.0,0.0,0.0,0.19449868980157323,0.0027747158112223502,0.0,0.0,0.5516590590985163,0.4557422119620024,0.03159835859956117,0.16278895791755338,0.0,0.0,0.1167613942922904,0.0,0.403464679138085,0.17146456045722322,0.16574460930603202,0.0,0.0
0.5362278112191957,0.35503157717001105,0.19824129408243707,0.03155549864284676,0.22746167966612493,0.03553415706264673,0.32237461039947385,0.0,0.0,0.0,0.1299348242105742,0.12826883029638492,0.33165139283198575,0.0,0.2522704228636604,0.49202421129690244,0.2956493467307282,0.6786856654737207,0.17011643602897678,0.26024150569769583,0.5188105191205574,0.25007874540060293,0.19074135668617348,0.06621175129527723,0.5689602524325875,0.0,0.22905241896969403,0.5460762512863709,0.5370885703246493,0.4557030075246594,0.5243242716784557,0.007381169624026407,0.0,0.0,0.0,0.06334655840729661,0.17144963437876257,0.47644488758956194,0.0,0.0,0.0,0.0,0.0,0.0,0.35580164789910085,0.42676179040568,0.31331637797328965,0.23206828718136555,0.16036007517574866,0.1513939945721514,0.1490583683102091,0.3053503589307994,0.0,0.059435491591598,0.746413258757009,0.1236432951997547,0.07454508439536844,0.16632441790193783,0.0,0.3638754146622105,0.4405211462818866,0.6391339754781787,0.5634997431692441,0.17743266775584537,0.3106416859560924,0.5317503847730356,0.13404728969782687,0.3182795783553932,0.04187758657433943,0.5686211095437507,0.017205265881038934,0.31170291257990435,0.007073517860357148,0.4868354914588458,0.0,0.012440208011710585
0.21534584079563437,0.09854098595506582,0.888288669872887,0.0,0.5459992645224216,0.05722318915097402,0.10480795289089559,0.0,0.8648877407329286,0.1299348242105742,0.0,0.0,0.1206036098300187,0.0,0.32090570646077343,0.15899084067816172,0.0,0.17624557003345828,0.8180892890447511,0.5366064167111085,0.14497948989496737,0.3480911264023224,0.0,0.0,0.19095970948821442,0.0,0.5726639961552391,0.2947663979729127,0.30163764139407545,0.09549239221010672,0.15925764896864344,0.0,0.0,0.0,0.0,0.04652559009635693,0.16851384807778835,0.12298196717316703,0.0,0.0,0.0,0.0,0.0,0.33189943393776933,0.2219982232900835,0.16375136596340736,0.0,0.8663628096930062,0.0,0.16012166018741414,0.10346030134785184,0.0,0.040034695555026645,0.8286829647916286,0.17090557845001458,0.9043957324852789,0.0,0.0,0.0,0.302884013718492,0.017951384548710994,0.0,0.0,0.6767519355820966,0.6099669011864214,0.1279287922966965,0.2502507488670452,0.06734731581371112,0.0,0.15764181673170008,0.0,0.46438456436149583,0.17302932957276207,0.24734662858760578,0.0,0.0
0.0,0.0,0.0,0.27272656607696677,0.052509839018015037,0.6338797330113545,0.0,0.6096548153293193,0.0,0.12826883029638492,0.0,0.0,0.5365582718775703,0.41672241676948585,0.0,0.0,0.3683149076559486,0.04193452445301121,0.0,0.0,0.0,0.0,0.3443557323689169,0.6933675966101375,0.0,0.477857777749638,0.0,0.05612974828945133,0.0,0.0,0.0,0.0,0.0345025851534142,0.0,0.0,0.1275698350639763,0.37661147187197963,0.08537886643065255,0.0984353938691155,0.2096597857798463,0.1510551493526647,0.0,0.175002092855598,0.0,0.19484044240904083,0.0,0.15997302166839486,0.0,0.09190361564165113,0.2367318325143141,0.09867345190776874,0.21347714252202765,0.46639573776691723,0.0,0.10384953638984445,0.0,0.8427630182883175,0.21427061890218888,0.1359001872811253,0.0,0.0,0.3180548983446666,0.020221394955233618,0.0,0.0,0.0,0.0,0.12953413188454196,0.4754885413640976,0.0,0.409799843806558,0.0,0.12736543951761956,0.0,0.16683959827587852,0.009004570673304235
0.04831619995766173,0.14417957333644899,0.24055641398355995,0.043857449684884114,0.3896454800187067,0.7215103417521337,0.4098273497100364,0.49799548219184403,0.17003315383834672,0.33165139283198575,0.1206036098300187,0.5365582718775703,0.0,0.15568641621222337,0.11269788102249412,0.007400727390461881,0.39202834938341213,0.34789980121202196,0.1742973225067289,0.23209990660262156,0.20928970106731534,0.051121766255002365,0.5421001924684632,0.5504440095822827,0.17011532053591188,0.37944976334865893,0.3069785544898306,0.4350373617140222,0.25866539115273285,0.10869383386874851,0.025345863047700867,0.0,0.056097417263814814,0.0,0.0,0.2693722202337575,0.2499592475760858,0.152108870115909,0.006173088236272786,0.15141068708562874,0.0931748339787648,0.0,0.2103767857960908,0.17210565106119147,0.2979077120701218,0.08054998191587676,0.4480546807153604,0.13384627825188308,0.08214586450292528,0.3730100021295877,0.3648573170291562,0.30050389742909467,0.5033708042706655,0.1334444640125348,0.27462664401765713,0.13694297640796416,0.5617914651928588,0.48474903819963655,0.15558694636212905,0.11006548225516097,0.17013494328622245,0.4559214762196148,0.3379800006763099,0.16571544274877567,0.24291637245318187,0.18926993306193277,0.2862684020796374,0.33933041194659447,0.4961998398578474,0.18256887922240597,0.4788464006177417,0.01515937914514942,0.43472584162351896,0.030184588440421822,0.26305322510597806,0.20327080376935694
0.0,0.0,0.0,0.40227681583484876,0.0,0.04903676494100606,0.1705914734078376,0.26844307785189037,0.0,0.0,0.0,0.41672241676948585,0.15568641621222337,0.0,0.0,0.0,0.21994312553528217,0.0,0.0,0.0,0.0,0.0,0.0,0.497285351653837,0.0,0.3443451434749727,0.0,0.0,0.0,0.0,0.0,0.0,0.19121789294704353,0.0,0.25935984927125594,0.1589397749356339,0.15593452120469456,0.0,0.4181090096360798,0.4120757079403727,0.44055183695157907,0.1908507311374446,0.41158586850964385,0.08083190994515507,0.0,0.0,0.15682232330995666,0.0,0.0,0.3362073391798573,0.0,0.3547701977639056,0.08555582019992339,0.0,0.0,0.0,0.4318312520123523,0.27685958198490457,0.4950778413075106,0.0,0.0,0.10760590395950423,0.05054608454337118,0.0,0.0,0.0,0.23646784580775096,0.0,0.4683119393270489,0.0,0.3945645767268119,0.0,0.22998659972410151,0.0,0.45193896212319723,0.5307032896492044
0.6293031857306163,0.43053963499269093,0.2475899147750425,0.0,0.26402344564864183,0.2106066053486559,0.05578256996004555,0.11362556377684435,0.22991884102842558,0.2522704228636604,0.32090570646077343,0.0,0.11269788102249412,0.0,0.0,0.4767353506668316,0.13285281391613085,0.4555071315530805,0.2584529738686484,0.7187608203342177,0.6953351213317339,0.7250888477102791,0.4142144236021924,0.0,0.5072596543936165,0.0,0.6507967825643016,0.4757192602499638,0.5807317193744788,0.6950406463424342,0.41243649362024193,0.276451907815816,0.08028951567224384,0.29746980300106596,0.0,0.07436446675730425,0.0,0.12902986979692566,0.0,0.0,0.0,0.10080416285392635,0.00620999498434488,0.042368669583364216,0.0,0.7003001179376636,0.25282769704944996,0.29640744371463185,0.14318017015479853,0.0,0.536170079126886,0.0,0.21908955007512432,0.3164579936651632,0.01983576526725972,0.2984798080832126,0.0,0.06444681108991218,0.0,0.8338646203187194,0.22981730820316362,0.0,0.08640479903725895,0.3749635461879904,0.5300883780850131,0.6138787611428866,0.2012114200068888,0.5526128330822644,0.0,0.157399857148118,0.0,0.6916404543020523,0.11829339051549131,0.4970844136474053,0.0,0.0
0.6910710901135477,0.6013160167334309,0.13916510612414434,0.0,0.0,0.0,0.0678687964645488,0.0,0.0005400504488208835,0.49202421129690244,0.15899084067816172,0.0,0.007400727390461881,0.0,0.4767353506668316,0.0,0.0,0.7624868250537775,0.24715272110594316,0.4456023502828464,0.532446994298756,0.5703001231993774,0.10896143774792867,0.0,0.6402099697975168,0.0,0.3496714687526647,0.43065865932782116,0.710789930261581,0.5539484220160945,0.5363853822939934,0.17715279815120621,0.0,0.05805774133824787,0.0,0.0,0.0,0.3639662104880069,0.0,0.0,0.0,0.0,0.0,0.0,0.09709336121670832,0.6571667458044385,0.2785067753047337,0.1804688707369955,0.14737396130193398,0.0,0.2323205598838086,0.04307164818378509,0.0,0.039380306588464115,0.45549365036247924,0.07490582312688099,0.0,0.0,0.0,0.5825486295500957,0.5477123185335212,0.30834877298054025,0.4426495933415316,0.29995373904447586,0.4192146824283454,0.5303147474782566,0.136541319606178,0.3315385555751462,0.0,0.4610710349271908,0.0,0.5484118602849563,0.0,0.6053384671581201,0.0,0.0
0.0,0.08244169576300242,0.0,0.3367869170438116,0.16611452633209467,0.344489225807552,0.32879900622450536,0.3668262275552755,0.0,0.2956493467307282,0.0,0.3683149076559486,0.39202834938341213,0.21994312553528217,0.13285281391613085,0.0,0.0,0.31315829132225587,0.0,0.0394191921360324,0.1292560739608545,0.0603596693149811,0.21428501244882764,0.3727391053234179,0.2649517550649956,0.5129267704890885,0.13232003594457623,0.06408814718186573,0.07169694512893815,0.09163738806831193,0.0,0.2927500362663474,0.4897146717831259,0.266404071920867,0.3881696330842679,0.0,0.0,0.0,0.4951502899896223,0.54202228087421,0.3740782997793912,0.19272079069183942,0.24824705855429552,0.0,0.0,0.0,0.6093414206979201,0.0,0.0,0.0564868716003421,0.19040517013066194,0.4574429139449008,0.3022229538242299,0.0,0.0,0.0,0.24172346731104638,0.552465342874155,0.16427626249173366,0.029867056568018607,0.14442185739844812,0.5373864480558634,0.17520396725275944,0.0,0.0,0.08040913667140978,0.18149298892004662,0.06147087236640619,0.3110294333714628,0.12880783491598463,0.515685753599251,0.0,0.37570638031884884,0.0,0.43923683144993325,0.2509857485696822
0.5491402430169523,0.577212271781244,0.21637136434433263,0.0,0.18211073577479872,0.1707947915346092,0.36952614728435274,0.0,0.07958906951496453,0.6786856654737207,0.17624557003345828,0.04193452445301121,0.34789980121202196,0.0,0.4555071315530805,0.7624868250537775,0.31315829132225587,0.0,0.22319520545189092,0.4215817203561367,0.5085797429500993,0.45790635576077443,0.17118868031714685,0.0,0.6346601266274567,0.0,0.447740457771591,0.4864018036688987,0.7306653242923877,0.482686158943544,0.45607893616812056,0.10875634912410094,0.0,0.04135641648697723,0.0,0.014637239013202713,0.06301324530597568,0.4259601656367882,0.0,0.0,0.0,0.00820146381034826,0.0,0.0,0.21914675673230083,0.4687777678444981,0.4020119667110153,0.22156773216472464,0.03049148621535834,0.0061638760009082305,0.26499954750849797,0.1643335500564153,0.0,0.11663420864205845,0.5230638742887812,0.14363326867355306,0.0,0.09695151961481036,0.0,0.4616565415631535,0.5218414163257977,0.497197383934159,0.5757792286270715,0.2551070737484698,0.34951544815188046,0.49764125633711864,0.1411775099033898,0.31420289491690423,0.0,0.4747974618237238,0.0,0.4535696154003015,0.0,0.5120079580297197,0.0,0.0
0.1396745477167827,0.036646947325818,0.8445811122589428,0.0,0.44988308594405935,0.04838234703871991,0.16152512537912203,0.0,0.7133920343660738,0.17011643602897678,0.8180892890447511,0.0,0.1742973225067289,0.0,0.2584529738686484,0.24715272110594316,0.0,0.22319520545189092,0.0,0.4228037265859904,0.13825120614841688,0.29719809456201235,0.0,0.0,0.1294570664690778,0.0,0.5138785015894065,0.36298696164794525,0.28588482818243427,0.08634130567215784,0.16109279544197766,0.0,0.0,0.0,0.0,0.055016989892029064,0.2228603036100505,0.188152157587473,0.0,0.0,0.0,0.0,0.0,0.15607333879255392,0.27419979773204034,0.11491258044193421,0.03228291410365797,0.7848330593862568,0.0,0.3039509250147914,0.0,0.003988904690195916,0.0,0.6449371047081853,0.27247510426867283,0.7450417099232167,0.0,0.0,0.0,0.2547662401646428,0.22374166974790943,0.04784888454350708,0.12878798934777885,0.8569451897815269,0.560172314639869,0.12251608581266629,0.4232029668195838,0.003533364135415551,0.009863762082976013,0.2373788940334225,0.0,0.29206764248864275,0.21204600757575887,0.17572180524480158,0.0,0.0
0.4786245481377536,0.3068443332764579,0.5426692075201688,0.0,0.36820307026971316,0.1470048187558165,0.2050587394306517,0.02709324890931425,0.45846319042348116,0.26024150569769583,0.5366064167111085,0.0,0.23209990660262156,0.0,0.7187608203342177,0.4456023502828464,0.0394191921360324,0.4215817203561367,0.4228037265859904,0.0,0.4861090483993224,0.8662187582090097,0.3392555141655645,0.0,0.5462520511786179,0.0,0.7979173606672323,0.5402921779979046,0.6406306974126176,0.5420296304954311,0.47792334459594055,0.08200968695020851,0.00361006094002235,0.22276500462406748,0.0,0.259435343644036,0.002514032494235957,0.1468531010935743,0.0,0.0,0.0,0.0068145474314730975,0.11391357101487111,0.31097962881931107,0.02524343388495276,0.5529790248966834,0.2667682966391999,0.5507868630169596,0.06813010479792654,0.006762002164885594,0.4306694241404606,0.0,0.16342536354678552,0.5605952749256591,0.11806206746831699,0.5317688620271083,0.0,0.09430167688087421,0.0,0.5651034251885855,0.25361505223489944,0.0,0.15271917857453096,0.47161975281773255,0.6597795388823233,0.461697430074014,0.44814929004383064,0.4558120167469754,0.00921731459700581,0.3118562799238618,0.002742501680358833,0.6605665017568081,0.2873759426754623,0.46905420589179586,0.0,0.017144829343535867
0.8031757627982135,0.3835892455361006,0.15076850001107509,0.014087291537251467,0.17056806766727006,0.11732529062153785,0.013562428506390833,0.07759131593250651,0.06453869806268092,0.5188105191205574,0.14497948989496737,0.0,0.20928970106731534,0.0,0.6953351213317339,0.532446994298756,0.1292560739608545,0.5085797429500993,0.13825120614841688,0.4861090483993224,0.0,0.42197696013171593,0.5490451098370055,0.0,0.5559252567326786,0.0,0.3332823995196663,0.5571574964334765,0.62211870909795,0.7674084514717999,0.5820775081954652,0.3395602945416638,0.0,0.14588625614322429,0.0,0.10043614547196593,0.0,0.2708264505769127,0.0,0.0,0.0,0.08509667762733474,0.0,0.0,0.0,0.8214854665019813,0.25734295058438805,0.13162519623199956,0.3044890044015214,0.0,0.48515634410840647,0.2013712131439549,0.11040788619973796,0.09470230622755615,0.3129733301914331,0.1116646229227923,0.0,0.24306725283335162,0.0,0.7731976277755385,0.4398976791376129,0.19480219889215833,0.31298202331524877,0.2615975927775885,0.5212074545369848,0.8838431358800514,0.009000310979395187,0.5906726342582815,0.0,0.3537644646128575,0.13023914645016976,0.5990708347737823,0.11538320647797867,0.7377023122942118,0.0,0.0
0.47558506037344894,0.4317967244755593,0.3379178923195547,0.0,0.1272834938040479,0.053111323352259765,0.14774908951542406,0.0,0.23894997361611955,0.25007874540060293,0.3480911264023224,0.0,0.051121766255002365,0.0,0.7250888477102791,0.5703001231993774,0.0603596693149811,0.45790635576077443,0.29719809456201235,0.8662187582090097,0.42197696013171593,0.0,0.16712404502380648,0.0,0.5832236404997321,0.0,0.7005395105924203,0.45528091070813975,0.6059637710878251,0.4811787074934011,0.4746929804521817,0.15222144375523639,0.021947623958066015,0.27623668268705803,0.0,0.26512531418194846,0.0,0.13535442696806732,0.0,0.0,0.0,0.03617324529942034,0.04949455864859245,0.18885990965743946,0.0,0.5645457867003831,0.26328755376955976,0.3842781076597492,0.08214891028240179,0.0,0.38064868311570443,0.0,0.044943599268657236,0.3654369861413159,0.059281450961923,0.3345104782498809,0.0,0.007467887880610202,0.0,0.5663327146700837,0.26094519095963437,0.02353534798125123,0.16173207496409894,0.39107581764900856,0.4833864292187827,0.3743377570400044,0.449533163170408,0.3777554394958465,0.0,0.3083273796063335,0.0,0.6268078734705034,0.17631948669666403,0.40316485554090914,0.0,0.0
0.3821204099132596,0.2882434796187156,0.0,0.19227116984624573,0.12300810683387489,0.7068360911082061,0.0,0.6831099000137588,0.0,0.19074135668617348,0.0,0.3443557323689169,0.5421001924684632,0.0,0.4142144236021924,0.10896143774792867,0.21428501244882764,0.17118868031714685,0.0,0.3392555141655645,0.5490451098370055,0.16712404502380648,0.0,0.3994439113659568,0.17238226348239466,0.1857949263170675,0.2622022054284233,0.43899989506034215,0.20289809709988305,0.4638538760295759,0.09345068218612797,0.22532512258212933,0.15315873466524638,0.09807455634899173,0.0,0.19731287520957816,0.01138611318416731,0.11647170651837246,0.10402593479037082,0.18137295353829455,0.029339660963024837,0.0,0.16693723784636047,0.04510549392627322,0.04544178460822876,0.46614088612372523,0.3832910867373924,0.0,0.3337276219321493,0.0,0.7111880653664185,0.1720483099842257,0.6838236495532471,0.0,0.030673877101224434,0.0,0.36027184696328013,0.47433334696981827,0.09031469801151307,0.4222463007178826,0.1340715106607148,0.14296134659577672,0.04939365722820238,0.10498950105974952,0.3229653168284263,0.42801592199022487,0.0,0.8218347373989382,0.3810562210715607,0.0,0.506223892616188,0.2688615973483993,0.2770190269078211,0.24251845318868892,0.0723098323205027,0.0
0.0,0.0,0.0,0.3006830909452855,0.21906902480195384,0.5572243086689388,0.1278925497574723,0.6538282661428036,0.0,0.06621175129527723,0.0,0.6933675966101375,0.5504440095822827,0.497285351653837,0.0,0.0,0.3727391053234179,0.0,0.0,0.0,0.0,0.0,0.3994439113659568,0.0,0.0,0.49809665883550003,0.0,0.17028612018257433,0.0,0.0,0.0,0.030036320856224652,0.27251003780686034,0.032885746735153765,0.0461508769872275,0.31990584490936635,0.2862235347428537,0.0,0.24646209277996975,0.4625383279388961,0.29489524994309335,0.0,0.5086174822450595,0.324263940983405,0.17766115708789854,0.0,0.24182368740946544,0.0,0.07308283977616473,0.33636893252176536,0.12132016223087311,0.22188220416790722,0.623929179211628,0.0,0.0,0.0,0.7549970258495841,0.42087208509841134,0.24095455134290045,0.0,0.0,0.2906629730799105,0.049724009925346424,0.0,0.0,0.0,0.142724259288819,0.09567668789951445,0.840288807222295,0.0,0.5783141613005263,0.0,0.45597988403611966,0.0,0.31274015132237765,0.3027517879194776
0.6050315311033785,0.6366619410833738,0.16242304550217754,0.0,0.04036446091223109,0.007828236587250015,0.30228011388595155,0.0,0.11756231722957791,0.5689602524325875,0.19095970948821442,0.0,0.17011532053591188,0.0,0.5072596543936165,0.6402099697975168,0.2649517550649956,0.6346601266274567,0.1294570664690778,0.5462520511786179,0.5559252567326786,0.5832236404997321,0.17238226348239466,0.0,0.0,0.03416619423635181,0.4995432917047811,0.3004115356744888,0.7820785639084461,0.4936954695701003,0.40829344398247086,0.18706819004933942,0.07361993392766708,0.31269024749151947,0.0,0.0,0.0,0.2531248141390665,0.0,0.0,0.0,0.08933220599602514,0.0,0.0,0.07363487475714554,0.6197796088858654,0.49555420911505604,0.18106179832175345,0.04570324145456084,0.0,0.4073763390366901,0.12797968797513914,0.0,0.155292753673065,0.30985751712891335,0.13248101130668946,0.0,0.2011579681682566,0.0,0.5951493392239732,0.3252676960391932,0.37331107017868614,0.35488877184882045,0.14325803224329986,0.3901669307999995,0.5635207683099299,0.16848160275226265,0.3505645775353564,0.0,0.6944141385195336,0.05368591474318862,0.6546692482908429,0.03615566810605553,0.6941081189797168,0.0,0.0
0.0,0.22460201740603447,0.0,0.1802753492397933,0.0,0.4811076632696706,0.04268273961772365,0.5640176220544966,0.0,0.0,0.0,0.477857777749638,0.37944976334865893,0.3443451434749727,0.0,0.0,0.5129267704890885,0.0,0.0,0.0,0.0,0.0,0.1857949263170675,0.49809665883550003,0.03416619423635181,0.0,0.0,0.0,0.0,0.0,0.0,0.1321322489889138,0.4487629594716287,0.11739279881446896,0.3153723309999454,0.12273881628373567,0.0,0.0,0.47444595956770585,0.5006271289511166,0.3962148891043598,0.014682648615546308,0.25513824967999393,0.091159799209282,0.0,0.0,0.34466562030322834,0.0,0.0,0.02685456181887569,0.1350785449565866,0.12799324268905918,0.4057664945819034,0.0,0.0,0.0,0.3726595641775261,0.40757954286952985,0.13501264668877935,0.0,0.0,0.2737050215357092,0.0,0.0,0.0,0.0,0.14825599259441719,0.0,0.4731999207640352,0.0,0.6631750228665134,0.0,0.31372016297823613,0.0,0.43262619358472365,0.16884690008415304
0.22954707768437344,0.24677672042500942,0.6032797520375908,0.0,0.5002227510184439,0.26527283355350606,0.4002136871445721,0.025565951747454907,0.6145521443127796,0.22905241896969403,0.5726639961552391,0.0,0.3069785544898306,0.0,0.6507967825643016,0.3496714687526647,0.13232003594457623,0.447740457771591,0.5138785015894065,0.7979173606672323,0.3332823995196663,0.7005395105924203,0.2622022054284233,0.0,0.4995432917047811,0.0,0.0,0.389647080672152,0.6363190218029261,0.2979871362496346,0.2346032323837376,0.009734142984284933,0.10607405826087783,0.22356601625079417,0.0,0.09844426266835367,0.0,0.16937744357494955,0.0,0.019452865615028167,0.0,0.0,0.05348708115918514,0.20412983551895453,0.16964740522045704,0.3500178067664321,0.4034787381952747,0.6120184045462745,0.0,0.06721747086350721,0.33491789191063803,0.0,0.17001147798187458,0.6423563202799633,0.06761777912563036,0.5822353158072037,0.0,0.09484581028777234,0.0,0.4513459278536804,0.27525659907053907,0.035269276600329164,0.22309835494596636,0.4849398661044717,0.44650010326611084,0.2678246822469394,0.439298778399277,0.28903105886308694,0.040109511207962675,0.33181868299502865,0.0,0.4995060834952442,0.31352023019991576,0.2968451468755216,0.05269876387585143,0.0
0.5022310710115546,0.1544707222391222,0.35612523301435495,0.18158463227402205,0.30464362526956845,0.15061733177276734,0.12020906447572671,0.04502433195170158,0.11398045557936748,0.5460762512863709,0.2947663979729127,0.05612974828945133,0.4350373617140222,0.0,0.4757192602499638,0.43065865932782116,0.06408814718186573,0.4864018036688987,0.36298696164794525,0.5402921779979046,0.5571574964334765,0.45528091070813975,0.43899989506034215,0.17028612018257433,0.3004115356744888,0.0,0.389647080672152,0.0,0.46060201076477625,0.6453332465825096,0.6349727114987441,0.0,0.0,0.0,0.0,0.29972115550149336,0.32405897122010063,0.3038777650366812,0.0,0.0,0.0,0.0,0.06803220651701727,0.1592063148197219,0.3004543473150903,0.5148368899637213,0.30429617813141535,0.33944077353799645,0.3559197060465513,0.2772784094183716,0.2527658746248609,0.26387130806345394,0.06906786505370027,0.2080585132861855,0.5296786537013465,0.31860426998629027,0.18315510391943743,0.24197287801760056,0.0016435044028591528,0.455292580181357,0.542150305403882,0.3686612691639061,0.49697875099346367,0.4499828930552957,0.5034165425815771,0.5779503819307974,0.32473102830654405,0.4880270093406175,0.22033935614245065,0.38158709885508135,0.20290199445667803,0.34225590961122926,0.3561763231587758,0.4266265020276763,0.0,0.2443312537897999
0.6141796481059746,0.5357169276498861,0.3393621343345971,0.0,0.19607057057729876,0.0720129118290253,0.3149661270275733,0.0,0.28486004447358493,0.5370885703246493,0.30163764139407545,0.0,0.25866539115273285,0.0,0.5807317193744788,0.710789930261581,0.07169694512893815,0.7306653242923877,0.28588482818243427,0.6406306974126176,0.62211870909795,0.6059637710878251,0.20289809709988305,0.0,0.7820785639084461,0.0,0.6363190218029261,0.46060201076477625,0.0,0.5395127469412772,0.5672929475346048,0.16481009281625475,0.0,0.1662814299676651,0.0,0.017121064442659317,0.0,0.3044267713468052,0.0,0.0,0.0,0.0,0.0,0.0,0.17264958654362342,0.6394544048134443,0.3464809645732237,0.32281529586197394,0.08281873034765097,0.0,0.3702064176501173,0.0164538191331694,0.0,0.2946710293043643,0.4448260890230138,0.2944896615661251,0.0,0.08784626660259406,0.0,0.6176444801347174,0.5064629781783562,0.2778507000488463,0.5037540082059127,0.30497348827081644,0.5209672818266893,0.6277907610751197,0.2314868679556366,0.3625984744746858,0.0,0.62911467693013,0.0,0.7005984485431513,0.03749278835993408,0.737167480025144,0.0,0.0
0.7688573763586979,0.36719388494943295,0.07114956699236508,0.09419066454468934,0.06782866570204987,0.06432944402920449,0.0,0.0037924448683369083,0.006685224212900465,0.4557030075246594,0.09549239221010672,0.0,0.10869383386874851,0.0,0.6950406463424342,0.5539484220160945,0.09163738806831193,0.482686158943544,0.08634130567215784,0.5420296304954311,0.7674084514717999,0.4811787074934011,0.4638538760295759,0.0,0.4936954695701003,0.0,0.2979871362496346,0.6453332465825096,0.5395127469412772,0.0,0.6337141195590802,0.265683571894019,0.0,0.24553815586599437,0.0,0.09639788596914806,0.0,0.17764890067538894,0.0,0.0,0.0,0.15129112891924895,0.0,0.0,0.0,0.7871357517661426,0.22645958380779455,0.12452435926981961,0.3052530506925876,0.0,0.48764430819350185,0.14309650925750922,0.06383693488576736,0.08410512945709042,0.20949456320447324,0.06542485072619045,0.0,0.2220622524456648,0.0,0.743224129570353,0.4078756345125017,0.12710122062127893,0.2500821580433327,0.21470241576305255,0.4918415852982316,0.7603713272516652,0.0,0.6107276542083102,0.0,0.2654630000830459,0.0827604285783625,0.6126416099730186,0.13276751023025773,0.6382457687763008,0.0,0.0
0.5960855637645831,0.1401994736300159,0.18762172571280128,0.051797989464879624,0.11719585353616466,0.0,0.13673539554849984,0.0,0.0,0.5243242716784557,0.15925764896864344,0.0,0.025345863047700867,0.0,0.41243649362024193,0.5363853822939934,0.0,0.45607893616812056,0.16109279544197766,0.47792334459594055,0.5820775081954652,0.4746929804521817,0.09345068218612797,0.0,0.40829344398247086,0.0,0.2346032323837376,0.6349727114987441,0.5672929475346048,0.6337141195590802,0.0,0.11366443783497848,0.0,0.0,0.0,0.21730741637472617,0.13973859089156415,0.26060456188810865,0.0,0.0,0.0,0.09937139953578106,0.0,0.11914078137199516,0.09241967970762245,0.6184239324915728,0.1465691405448984,0.20145489864978994,0.28608011796752786,0.06952526949206644,0.06782963880011258,0.12548373340684493,0.0,0.0694698852141877,0.503505727497787,0.20241394761788992,0.0,0.07221718843012759,0.029982885109990087,0.4349104926902631,0.5729127301628929,0.24803675452320467,0.5014914561143464,0.24497788676600152,0.41224721698414224,0.6679360805277166,0.2305012351666235,0.2789111086185789,0.0,0.4995507111930684,0.0,0.383568066537493,0.06654386389082106,0.5945939556052985,0.0,0.23706674903223593
0.20044211754251917,0.11494323547107418,0.0,0.1953021696653257,0.0,0.05634123985867044,0.0,0.18255909425378,0.0,0.007381169624026407,0.0,0.0,0.0,0.0,0.276451907815816,0.17715279815120621,0.2927500362663474,0.10875634912410094,0.0,0.08200968695020851,0.3395602945416638,0.15222144375523639,0.22532512258212933,0.030036320856224652,0.18706819004933942,0.1321322489889138,0.009734142984284933,0.0,0.16481009281625475,0.265683571894019,0.11366443783497848,0.0,0.36548744311922654,0.41095860657584193,0.2698742029599445,0.0,0.0,0.0,0.4283833682418257,0.28364390964400227,0.1923756926013077,0.21791380171853048,0.14946905126744536,0.0,0.0,0.344678151422403,0.19057273577768402,0.0,0.16429826549189616,0.0,0.1901585958033787,0.06005948243585839,0.13056107186731356,0.0,0.0,0.0,0.0,0.2283291658069599,0.0743483179871006,0.25003459375285947,0.16406261884893045,0.0,0.03745156032984312,0.0,0.0,0.21114084811147243,0.0,0.1689454022895162,0.0,0.009085506479065641,0.18689036304382461,0.06886332646697989,0.08552960035850277,0.13414958190587936,0.10660871544283976,0.032378771330588835
0.0,0.0,0.0,0.13312399782087048,0.0,0.21706176341911468,0.0702334882199801,0.38797607594951855,0.0,0.0,0.0,0.0345025851534142,0.056097417263814814,0.19121789294704353,0.08028951567224384,0.0,0.4897146717831259,0.0,0.0,0.00361006094002235,0.0,0.021947623958066015,0.15315873466524638,0.27251003780686034,0.07361993392766708,0.4487629594716287,0.10607405826087783,0.0,0.0,0.0,0.0,0.36548744311922654,0.0,0.5911999678504649,0.5999298230736123,0.0,0.0,0.0,0.7433470834986297,0.8211764164752212,0.603670813846573,0.2879997845990955,0.4160838061290895,0.1567393625082964,0.0,0.0,0.29824085721427296,0.0,0.0,0.0,0.21414836646988683,0.06853597217593209,0.346118190673246,0.0,0.0,0.0,0.0,0.3917865087233279,0.221394515901859,0.0,0.0,0.0,0.0,0.0,0.0,0.0,0.009170343797306635,0.0,0.2727502781888461,0.0,0.32308442649501307,0.0,0.3759603261481105,0.0,0.5829349096015044,0.12322859457318791
0.056779519561124536,0.08554384373719354,0.0,0.11209756044430882,0.0,0.034942152832735635,0.0,0.09022028769255888,0.0,0.0,0.0,0.0,0.0,0.0,0.29746980300106596,0.05805774133824787,0.266404071920867,0.04135641648697723,0.0,0.22276500462406748,0.14588625614322429,0.27623668268705803,0.09807455634899173,0.032885746735153765,0.31269024749151947,0.11739279881446896,0.22356601625079417,0.0,0.1662814299676651,0.24553815586599437,0.0,0.41095860657584193,0.5911999678504649,0.0,0.39343278757464445,0.0,0.0,0.0,0.4793618402653568,0.4522160835119202,0.506084369076581,0.40449046422679946,0.22506842143293132,0.04955045675064324,0.0,0.1681545371528769,0.27572290087971113,0.0,0.0,0.0,0.2298043219155762,0.027814545923359357,0.13135687430335874,0.011558666963946779,0.0,0.0,0.0,0.2584804709873917,0.011883360708965285,0.1577788410336834,0.0,0.0,0.0,0.0,0.0,0.00930892776838746,0.0,0.07020561779746043,0.07879928407874717,0.0479003664529999,0.12294771533245857,0.13720205943838976,0.16869759667549097,0.08368226899091322,0.14658127613645416,0.0
0.0,0.0,0.0,0.19409753234200106,0.0,0.0,0.0,0.1881592863828708,0.0,0.0,0.0,0.0,0.0,0.25935984927125594,0.0,0.0,0.3881696330842679,0.0,0.0,0.0,0.0,0.0,0.0,0.0461508769872275,0.0,0.3153723309999454,0.0,0.0,0.0,0.0,0.0,0.2698742029599445,0.5999298230736123,0.39343278757464445,0.0,0.0,0.0,0.0,0.7346342112165748,0.6257721742395147,0.4751933336345786,0.27404265275604145,0.27830096729761344,0.0818659944048861,0.0,0.0,0.12786945245410714,0.0,0.0,0.0,0.0,0.1016333592624806,0.11899367264005344,0.0,0.0,0.0,0.0,0.2526480227974937,0.15097165857027167,0.0,0.0,0.0,0.0,0.0,0.0,0.0,0.01977766430446765,0.0,0.020608301768303604,0.0,0.22348149426722216,0.0,0.22766367372747504,0.0,0.483579760580717,0.17283697298799644
0.003193975907600649,0.0,0.09392700707062931,0.2215916979525289,0.05110391123378985,0.18467442774397236,0.08344853770094374,0.23717783686276273,0.0,0.06334655840729661,0.04652559009635693,0.1275698350639763,0.2693722202337575,0.1589397749356339,0.07436446675730425,0.0,0.0,0.014637239013202713,0.055016989892029064,0.259435343644036,0.10043614547196593,0.26512531418194846,0.19731287520957816,0.31990584490936635,0.0,0.12273881628373567,0.09844426266835367,0.29972115550149336,0.017121064442659317,0.09639788596914806,0.21730741637472617,0.0,0.0,0.0,0.0,0.0,0.34813324087269826,0.0,0.03518605075579663,0.0768363690891441,0.04048475251318583,0.0,0.3985873724135357,0.3585293211513017,0.0,0.03142516524703541,0.16604470635941085,0.03174846555167453,0.14330292503983638,0.17382604510280383,0.076119918312378,0.011266857153552384,0.16911236180350425,0.010435076515753566,0.09290559631297386,0.04947822912100898,0.3128996289199574,0.19357776665962334,0.1516401641269261,0.0,0.06461875226327903,0.1516948857682052,0.11100722884376428,0.01832341032483549,0.1607333790431259,0.06125681182787822,0.31548049991999727,0.15057186159141692,0.30145049443149363,0.06353319124692292,0.23569057421270462,0.0,0.27304452852550704,0.0,0.023191581565094405,0.2843376475154369
