0.0,0.0030487831045616365,0.28371742205752903,0.0,0.03428052870973572,0.0,0.19790645736708692,0.1649960883937504,0.2005570547016352,0.34509984118697906,0.2689127620704581,0.118334771251393,0.06237047548731767,0.022828001643717566,0.4688638528700578,0.257947519548291,0.29191057602006026,0.28968578669564726,0.20793206809893666,0.38614061651631404,0.5939827654735707,0.3017886181591808,0.16567299727034057,0.5317997444326168,0.3825769365555724,0.2778202639237607,0.22338400252110446,0.06907648153521137,0.295967476800186,0.3469834290913281,0.40059578667121015,0.4457728854107246,0.4226794120782539,0.15784714353185147,0.1638662830634373,0.009538459068449634,0.07089321587251218,0.2874057167036485,0.4582505798157171,0.45227584587056036,0.33423995871542544,0.2392259854007303,0.053028559575600945,0.20007143891215529,0.26475735459322103,0.7415474412197534,0.12032886512552837,0.17970066794118372,0.3239486190561216,0.2557038245203927,0.11502166699473146,0.28734329367869965,0.11147580413167457,0.1824187045257794,0.3334274876527291,0.2565569021193386,0.0939957367141582,0.3428555230349686,0.2130791749935399,0.0,0.49191914924381347,0.3238348706005567,0.4874289061546472,0.18234938276673712,0.3994328150109437,0.5980423969325681,0.5628299223321658,0.1853013352143469,0.39234306099456173,0.26441776009188667,0.3440090260911258,0.22507370110107816,0.35237411799525864,0.4693866778640203,0.404612430943998,0.5836162769612607
0.0030487831045616365,0.0,0.2324072588924602,0.0,0.22933104503497453,0.5932965283806146,0.3776905448930524,0.2782092651986598,0.21891766112039682,0.36480812870379337,0.20288323315563359,0.19150245689319098,0.5091177426135112,0.17929921484573874,0.09555141318380167,0.47534194060250173,0.4019253636084393,0.4936926162187343,0.26282039773509386,0.12107700070249941,0.04451164720046519,0.09882612640092331,0.3122701287277006,0.03381408831427263,0.5600229498570963,0.6399590840742752,0.5402340097994127,0.04843522212291401,0.27872342418174767,0.1572110675148339,0.017531538361500343,0.12042337284257439,0.2946244102142556,0.10890610593598776,0.0,0.1941613053843068,0.03927897768927341,0.011492235235387616,0.13389855401959525,0.05267871133397373,0.05764015265394408,0.13401093891662813,0.0,0.0,0.005832872093057079,0.0,0.5037893052345114,0.12023527658726782,0.24620705044061192,0.2261098807917525,0.145804148014629,0.20995830714107835,0.04994407148399804,0.21338748522591858,0.112164800013061,0.20924171835104272,0.08528752977306964,0.14711937018837026,0.12548145648931366,0.0,0.18026435088496395,0.4051847595811526,0.2717962467555173,0.21160534497368422,0.15630129212907387,0.0,0.13484214555246307,0.0,0.0,0.34569758700520525,0.07961191669981837,0.35133080494833074,0.11362242913532336,0.09577787958694736,0.2215912741435894,0.023762903102840682
0.28371742205752903,0.2324072588924602,0.0,0.0,0.5146038888233517,0.38735448169849374,0.2690025932962031,0.5568342439714515,0.7877513417018546,0.317934983931928,0.9247184949932787,0.5232500980892663,0.4314232050343218,0.4185337719124815,0.6297774494254502,0.2750302454139001,0.3888958800567878,0.25912684735906455,0.8716598664462664,0.6432799714620154,0.3659564639102958,0.4398810684453019,0.5982099186699721,0.2673762770269207,0.16005219625832096,0.5122571183222986,0.540014535179099,0.4473063766305085,0.0,0.552369068318941,0.37080683434365524,0.36528696719130593,0.0701760573040471,0.20933068186276088,0.06574607776349109,0.18464336089984715,0.16500706868287784,0.010961271926539617,0.4098629797515519,0.005548444885126028,0.05332871878528313,0.13197518995218546,0.16270044035013195,0.17342453599674257,0.0,0.2876875516969981,0.23653747251342386,0.7706423976502216,0.5417164298265094,0.6270180552424454,0.3033048609297122,0.36689864821515467,0.4375404107509024,0.7665606820988577,0.5504183891710932,0.8676690895945797,0.5317384788018816,0.6136602294364781,0.43346319133985783,0.21865166094504934,0.30213896230228476,0.4042247580537874,0.3430966604114055,0.8697607353872226,0.6893840127129889,0.4043592817926044,0.6079661220792267,0.3603844553222111,0.06871400109183018,0.1662449642282266,0.3614406102827708,0.49777105790098447,0.5577589577804261,0.08613358987584976,0.4141926959746769,0.22032834975250626
0.0,0.0,0.0,0.0,0.0,0.19221138695169193,0.38936702660888295,0.16154690102060149,0.026869933022896947,0.19064326555820457,0.0,0.1044471002334937,0.2589141875958182,0.315555672774296,0.0,0.07754439039276897,0.14164455132819023,0.0688344880859236,0.049862906957366365,0.15186642727648272,0.12008678820936337,0.0,0.012358691594580709,0.09957490824098046,0.0,0.0,0.0,0.37113887829991055,0.2600104821157223,0.10907570845190426,0.24673799413410946,0.19500188622077352,0.039893688912561606,0.07530247242131151,0.0871499172240218,0.1666235044636351,0.412188021983244,0.0,0.12792803885530762,0.0,0.0,0.0,0.0,0.0,0.0,0.0,0.0,0.14055160265066097,0.043026970019238275,0.044260311565349625,0.13190689032194097,0.15837792550307767,0.153958022828633,0.0751859911844058,0.0,0.03582902691425985,0.0,0.017561738370537427,0.16755143420279314,0.14441151480632763,0.0,0.0,0.0,0.0360807328621223,0.0,0.09531649488524428,0.0,0.17840979471893909,0.08210907764758266,0.0,0.0,0.0,0.0,0.07895655365723832,0.0,0.0
0.03428052870973572,0.22933104503497453,0.5146038888233517,0.0,0.0,0.43744142019926563,0.3179652317930861,0.5253305676277007,0.5722090055478365,0.12828644862880814,0.5549953415657681,0.13508575139724588,0.492285878714943,0.4793475515354011,0.3630108672369182,0.14227596864802416,0.07943352092784572,0.1272549410037777,0.42232499574848575,0.4326314648580475,0.25883778444542027,0.27253226776022127,0.433094075655119,0.0,0.0,0.34920350046310306,0.44643073986030046,0.3604899879986354,0.0,0.40327455348246016,0.4033104616213804,0.05841532148024259,0.07083098980891706,0.45020915205093437,0.3294624585732405,0.34851052638370705,0.0,0.0,0.1487206633689611,0.03558203353068867,0.0,0.17246389128685946,0.4789116275684947,0.23568703876227953,0.0,0.05411102993418537,0.252189473457757,0.3842220028915685,0.5734252745578541,0.4966998330177079,0.2669746420117198,0.25761748436548615,0.49115218939193306,0.4983611322146267,0.522131458687308,0.5183192235446957,0.4605389325479727,0.5692712901074397,0.4088490314706652,0.0,0.0,0.30608876612201114,0.10337184414839988,0.462022256347534,0.4945386000814447,0.2911648373701077,0.3058320101870071,0.3064615230294307,0.0,0.04115547771001493,0.09878622050645201,0.47757020206828826,0.6001201478490025,0.0,0.09030144058508856,0.060947447674717284
0.0,0.5932965283806146,0.38735448169849374,0.19221138695169193,0.43744142019926563,0.0,0.6733137233015671,0.7046365821834121,0.45327928175601345,0.5233039171664239,0.3492779892683772,0.4157957812207967,0.7920976042545284,0.5330964086504729,0.28696804720078634,0.3488513346344824,0.4470537444819408,0.4716103879448063,0.3005955328886623,0.34171267514662784,0.43054855524222047,0.04178593074297682,0.669144049691934,0.26742834385679537,0.4657802235513464,0.5878718694584061,0.5514028610140987,0.4096750289518161,0.3983758164488993,0.4382168335372171,0.29916494677563477,0.1664831758321399,0.20241301354377372,0.3596195402838166,0.13281526327826437,0.3237061723735941,0.133946145261805,0.0,0.1633490820082852,0.0,0.0,0.0,0.045096089408563966,0.0,0.005682449894774705,0.04866385563983014,0.5714001644548132,0.33049790764667686,0.40464992215105866,0.49003541621439684,0.6003619024178656,0.4778389943048052,0.5344620062215905,0.4637679533280247,0.3284685817380941,0.4181186495655359,0.42367616181035794,0.48134256469649933,0.44716963726872827,0.020703994375414814,0.0,0.3309814036970427,0.21697802420947787,0.28730815574743496,0.20599249958569585,0.21620489010065477,0.11099010392402753,0.46195558251953406,0.0,0.35771726474894455,0.3739963629989429,0.4147731709408426,0.2656258880765042,0.1206401296253563,0.0038136638309969606,0.0
0.19790645736708692,0.3776905448930524,0.2690025932962031,0.38936702660888295,0.3179652317930861,0.6733137233015671,0.0,0.5060046334468247,0.4344861345490072,0.6565327558496858,0.2617782101969991,0.23545709474422777,0.7382152797550896,0.38602186091652513,0.22322779050638342,0.5655672005458634,0.543443492007294,0.5652566297807782,0.23386034176274326,0.44635907188693497,0.5250031469544164,0.16491829829837995,0.3302278160938573,0.2392949252346457,0.4240592326617503,0.4106237938852406,0.5842612049677595,0.5094982091705963,0.6613026358411439,0.39892396414274933,0.5249762434014065,0.17527284437231475,0.314595566383465,0.40976715025288424,0.2297754717106434,0.3329533385093379,0.2348721001446962,0.0,0.11294368143579299,0.08884162159107135,0.0,0.0,0.0,0.0,0.03343146217135884,0.146428896535716,0.4372844513949967,0.34495732490317127,0.35953232749557296,0.4338341228482709,0.3855050239678124,0.6161051328089237,0.3985082634658452,0.4360995120713843,0.3300390300832528,0.35733505657513326,0.1631724025537083,0.3615386806494333,0.3757826992922181,0.012623327247597238,0.08505664001330965,0.23294154926437305,0.36202671429648936,0.2672168084450765,0.1684711776782058,0.3582420502076623,0.09065255859038707,0.33306194110391263,0.06766936688217698,0.2946542080103205,0.2750657486860893,0.4301954451693538,0.18996701590739407,0.27481591461585725,0.0,0.0
0.1649960883937504,0.2782092651986598,0.5568342439714515,0.16154690102060149,0.5253305676277007,0.7046365821834121,0.5060046334468247,0.0,0.45858063119589904,0.47093631711918166,0.5343457899418524,0.522955654293557,0.629259068446504,0.5729937654822482,0.44125588434550134,0.22131654434774228,0.2465809495069741,0.2336212333430182,0.47196687638016854,0.522484768151267,0.5787135291745648,0.20486823721441483,0.7898871857390167,0.4133545958754706,0.18547630618871644,0.5146539316069828,0.44074303064830445,0.5196696812552626,0.14782921899386003,0.6059173154382246,0.4821481410651533,0.24526649464829547,0.08667629195469748,0.43233470078187086,0.2342301755180697,0.38219106941039765,0.16886713468522785,0.0,0.19007948112199463,0.0,0.0,0.0,0.24894812189638726,0.05683921067103867,0.02335214536879221,0.1851585442891224,0.35174948157133235,0.45463144386801796,0.4444613078091399,0.5344608392225545,0.4741548971225008,0.39429222602922404,0.7708241858931776,0.4892696432228869,0.498706463087632,0.5401373233474889,0.5699240701805212,0.5657077834640978,0.5108312340534522,0.15313131246181577,0.0,0.2523352458174556,0.06408678563025783,0.44293418352378877,0.41357117863723003,0.42594250753818447,0.26790550777790845,0.6124668202244915,0.07637894252520888,0.17026328959146828,0.3645926603946083,0.33803195505268563,0.4700482940322622,0.0,0.08906553281656002,0.0
0.2005570547016352,0.21891766112039682,0.7877513417018546,0.026869933022896947,0.5722090055478365,0.45327928175601345,0.4344861345490072,0.45858063119589904,0.0,0.37217458257825886,0.7295986196321158,0.4484356836426068,0.49969783912806975,0.3542104162788463,0.49244504449509935,0.29256786318492073,0.42475928162946075,0.3195001340852244,0.7115097450981613,0.5635734707443388,0.3494315148784267,0.28013045704716255,0.45763324818233153,0.26117423599767586,0.2657773057453192,0.4048637092488016,0.6320060926449398,0.43239225576417656,0.0809026106511192,0.427194054200591,0.3697807999627438,0.34788158191485913,0.07132730074557873,0.19462611867874505,0.1540010437535443,0.22508763931800363,0.16907747503332707,0.0,0.38839542890397416,0.04667082989481727,0.0,0.03352391873417588,0.048613255885127965,0.0,0.0,0.27230171472246184,0.3088137172069411,0.6682459668646623,0.448557629151939,0.7429758972667022,0.38887330887723504,0.5045861422078486,0.39879151922357753,0.9254628154589785,0.41314432854279903,0.7766841489207955,0.3683231921469614,0.5049783889563595,0.3974023466107338,0.16907305547634982,0.21642124296744086,0.3201440510847856,0.3674240575318718,0.6973708060249875,0.5061793834041804,0.3535195783376315,0.41935652534552476,0.3779697229359382,0.16117550184018847,0.25110599080365475,0.3879918513098606,0.6502589509437896,0.3818767316934041,0.12075788441517199,0.22607585117523393,0.10469844800349025
0.34509984118697906,0.36480812870379337,0.317934983931928,0.19064326555820457,0.12828644862880814,0.5233039171664239,0.6565327558496858,0.47093631711918166,0.37217458257825886,0.0,0.22258020348657423,0.46127026244363706,0.5637920751064631,0.23228512297590515,0.20469966858777183,0.6479812011143974,0.7369892045788335,0.697915475893001,0.2505263993732231,0.34883113543384553,0.5325066735143482,0.11144182710796052,0.3597358593719746,0.46215234829056534,0.6322953951190966,0.49707892192873837,0.4934135919125087,0.4708611659247935,0.5053916913229475,0.4880608421140332,0.49742616483565755,0.19632684922140312,0.3656244469228207,0.37241041554633825,0.18664041061204661,0.3148372443586186,0.2861170052907565,0.0,0.13229761659099015,0.24585965136700827,0.0,0.0,0.0,0.0,0.10892500075492537,0.34796372778526324,0.42478577978638155,0.3022247961826862,0.2781384561975626,0.44683827171517493,0.28470517060275163,0.5754701313336451,0.3173954795414234,0.4035250023928945,0.4764186734235004,0.33409026499571454,0.2874055946495532,0.23870320625066932,0.274692463096047,0.0,0.23140456942217216,0.36231120252850657,0.48790118694505624,0.2084978240798255,0.13290764467561575,0.28145382714744394,0.16547365195770883,0.258061415071675,0.2622848174750877,0.404173717138119,0.411621001709075,0.3616690985014473,0.20118940542102134,0.2809207016549094,0.037009538184569174,0.0
0.2689127620704581,0.20288323315563359,0.9247184949932787,0.0,0.5549953415657681,0.3492779892683772,0.2617782101969991,0.5343457899418524,0.7295986196321158,0.22258020348657423,0.0,0.5258644694467309,0.4404974404443561,0.45457073413620463,0.5839383024314064,0.2656852290186426,0.3132384771250055,0.18942283515569908,0.8911993023652756,0.6954872797528335,0.34130715340148404,0.5286739571562381,0.5561441861988093,0.2900331042945995,0.09316422024326446,0.49079339969116287,0.48595386237106375,0.47275074552620044,0.0,0.5301702228472777,0.35807812308651754,0.4380192303036833,0.0048135396830633614,0.1012720799942947,0.0257591941987388,0.16530690292853847,0.1485100178455332,0.0,0.4345403748363272,0.0,0.012770305212023152,0.12986461712941255,0.23647255309323845,0.21525899541004512,0.0,0.240395111892229,0.14482618715667958,0.743287692405825,0.42707214956291106,0.5754711461840057,0.22849078315827612,0.24482140590670545,0.4204579625410188,0.6841536560264969,0.4673560818149926,0.9051168720774876,0.46979348871518056,0.5992346565219067,0.4531115655018303,0.2322913974734195,0.26362006371466573,0.3630856746949771,0.2729673018703729,0.8797369769668053,0.6964051620500424,0.3950784502985468,0.5996155073335876,0.31023998049337576,0.07310507942837494,0.0992509276685143,0.296843504577954,0.4117025302220088,0.5738793466149802,0.008935460362174436,0.42679329975431934,0.2532184287500157
0.118334771251393,0.19150245689319098,0.5232500980892663,0.1044471002334937,0.13508575139724588,0.4157957812207967,0.23545709474422777,0.522955654293557,0.4484356836426068,0.46127026244363706,0.5258644694467309,0.0,0.4501848993463311,0.2694903596049586,0.323767483408798,0.23767848955572,0.47563462202593965,0.2929234367620743,0.5105777751264376,0.3951746890840342,0.2375592342587518,0.23459205306586667,0.4218163559906688,0.5894228773759528,0.22959121531311824,0.5809462816913499,0.1956277785713867,0.4070311145313651,0.0,0.3847207286276234,0.13949163502588638,0.3961165222344577,0.0,0.0,0.0,0.10254922968401091,0.283833766805222,0.0,0.33587896798415495,0.0,0.0,0.0,0.004791580387037392,0.014170972605158538,0.0,0.14187600041270276,0.07014368419542083,0.5708858143981279,0.10617822895782804,0.42600961163315104,0.26972924917110735,0.2064736807153011,0.3549861720295743,0.4745162966941136,0.24989999433061416,0.5752512671056395,0.5549997220447359,0.2952284590404884,0.27482243164948217,0.2829783493144651,0.10062058206760383,0.2757141217108233,0.18958750871846536,0.5119326045904562,0.3103401695709003,0.18652625562782052,0.26924882478195855,0.2972205207720794,0.3622417457248486,0.03604040954441792,0.44934480479870853,0.12874462131850706,0.1810630284978777,0.0,0.22560547926494218,0.06551682190993141
0.06237047548731767,0.5091177426135112,0.4314232050343218,0.2589141875958182,0.492285878714943,0.7920976042545284,0.7382152797550896,0.629259068446504,0.49969783912806975,0.5637920751064631,0.4404974404443561,0.4501848993463311,0.0,0.45825173399018526,0.29529634228143625,0.5276528407274435,0.5715029654683996,0.5356612060509953,0.4249125711642049,0.49704937235416463,0.3655489925730845,0.27409756219985615,0.45620073055340077,0.21419216450875403,0.3292086746429571,0.6420929258807448,0.4977666431356462,0.6749285248966065,0.3799451086583001,0.5873369181315062,0.4534092389865513,0.17689378881953607,0.1960740615476806,0.4502871048376368,0.18505693773252344,0.4776526774761074,0.24908187164635523,0.0,0.17940551744991462,0.031666995978296336,0.0,0.0,0.09928615108808712,0.0,0.004776970873270725,0.060055892714905995,0.3922289294081909,0.47359744912742435,0.4050384022801107,0.5741635737592827,0.41711575472370116,0.5365981680578368,0.4515734567641554,0.515319906949412,0.43671258144413505,0.5381891359765666,0.4098722790447138,0.501590899894723,0.35703984875748,0.0,0.04477757330857832,0.4166231076170362,0.3245127991247926,0.42294013312189227,0.2962066751214992,0.20628835256117195,0.15501092371303557,0.28473278623980525,0.0,0.2023058822663911,0.32347028250799764,0.42381180124523854,0.4010176694010415,0.10264850718534906,0.08565887931511361,0.0
0.022828001643717566,0.17929921484573874,0.4185337719124815,0.315555672774296,0.4793475515354011,0.5330964086504729,0.38602186091652513,0.5729937654822482,0.3542104162788463,0.23228512297590515,0.45457073413620463,0.2694903596049586,0.45825173399018526,0.0,0.29746699662523446,0.09920863153547238,0.09365535483339789,0.09968341335575413,0.41749353365401826,0.410033269291931,0.34428254591164553,0.12587407660031052,0.5186402463561066,0.25959661250743526,0.055623375227071045,0.2917283158058527,0.33854128573852427,0.403132454998005,0.16880202294020452,0.3919421551340565,0.34387212202832157,0.2751388080159203,0.13238709242419716,0.21801339694079785,0.1255766378151814,0.3604884217958231,0.23762001299791435,0.0,0.2402295179890081,0.0014326402990632592,0.0,0.0,0.2862283756666949,0.2053532509501205,0.11059129466475387,0.025707630927074773,0.21990231126029136,0.3444488756220186,0.3605023141178216,0.3298541262992375,0.3433967115183254,0.21797043271575844,0.5089342206709312,0.3621084100653975,0.2976060989418462,0.3908111035741516,0.3607260708391377,0.40387712788524954,0.4473504371408255,0.12419902483283456,0.0,0.15876120871474453,0.026231005251588772,0.39139703847561536,0.46109771715174563,0.2877663976696877,0.2541111789097077,0.40431376288519805,0.0,0.084333040263649,0.13199834420734435,0.3025283786805058,0.39205182522047166,0.07144916851524777,0.18844053399544652,0.08569142887257636
0.4688638528700578,0.09555141318380167,0.6297774494254502,0.0,0.3630108672369182,0.28696804720078634,0.22322779050638342,0.44125588434550134,0.49244504449509935,0.20469966858777183,0.5839383024314064,0.323767483408798,0.29529634228143625,0.29746699662523446,0.0,0.0935207593529537,0.2676572246564483,0.1577057225990024,0.47395601735686044,0.631500580151224,0.45938154326670955,0.47751958123243643,0.5703504574760261,0.26412226461110855,0.17591003029242053,0.44702879161412723,0.41374785929021146,0.3183820477712137,0.11081519501962872,0.4864686534697905,0.3752754188188175,0.33852383692227406,0.07686600486191199,0.22969823822001945,0.16273699191291513,0.1579033906168667,0.1320212142912282,0.1649678916750608,0.4179770888422667,0.06656430266174387,0.10066206585978782,0.18754510654697015,0.12877571158927387,0.09688115583864759,0.06267835690538495,0.4383081964510286,0.249599342749186,0.40818662316570614,0.5298959047380546,0.5590660047545255,0.3770423705557431,0.36464858739095635,0.45181809996292605,0.5216756544213614,0.46268100435844506,0.552217244638571,0.44230562191871103,0.6279621252850394,0.4464292826115859,0.5289515306757955,0.3548396475264782,0.37226790606280347,0.4015148575906273,0.46708250136632673,0.6639454422711542,0.5551766839756079,0.6633052495460574,0.46785540104913814,0.10349938346815464,0.18725074787033352,0.45889835710795507,0.4801720774115808,0.5131594348678776,0.26648265396303394,0.3737696378618377,0.3055982936864033
0.257947519548291,0.47534194060250173,0.2750302454139001,0.07754439039276897,0.14227596864802416,0.3488513346344824,0.5655672005458634,0.22131654434774228,0.29256786318492073,0.6479812011143974,0.2656852290186426,0.23767848955572,0.5276528407274435,0.09920863153547238,0.0935207593529537,0.0,0.7240678861646953,0.758566207858944,0.3271726192553531,0.3622018390914601,0.264181237733776,0.34716520799939293,0.05288716070179503,0.18678375531964903,0.44578765941249504,0.46069376785893784,0.4903108181465627,0.29917359202830024,0.5513751487236883,0.3146418340626368,0.4649778281068588,0.15190815158410864,0.4148103170876871,0.35024342373004363,0.09953987580654926,0.2193866553547132,0.15415455332042619,0.0,0.06514286739119839,0.10974427228241426,0.0,0.0,0.0,0.0,0.009801766192355982,0.11273495289751889,0.17589714566554396,0.3573608060024568,0.15891463034242187,0.27824961302241713,0.0,0.325389066443848,0.0,0.2802322208456367,0.14362830466936022,0.3386170162002009,0.0,0.06460756262427142,0.03264789251181654,0.0,0.2183211372145581,0.25292235394522555,0.3772255446155284,0.3009963111338107,0.11098450866338927,0.07169615165530918,0.12311592046188696,0.0,0.0,0.07723094170930722,0.07735239754109147,0.23563914746451936,0.08689350591918693,0.11857238701403788,0.04980678140301109,0.0
0.29191057602006026,0.4019253636084393,0.3888958800567878,0.14164455132819023,0.07943352092784572,0.4470537444819408,0.543443492007294,0.2465809495069741,0.42475928162946075,0.7369892045788335,0.3132384771250055,0.47563462202593965,0.5715029654683996,0.09365535483339789,0.2676572246564483,0.7240678861646953,0.0,0.6851092353283749,0.3241271669114295,0.38901702226233725,0.31304069588645106,0.24298197066608518,0.14245140235752582,0.31613517768448696,0.5222446641904189,0.533067369945707,0.4179313728429705,0.43534004509733953,0.44086424909503896,0.38599502768080607,0.35336534898582034,0.21307781255648256,0.32996063142773147,0.20686535295298486,0.034304123405930594,0.14132542568474155,0.23000394313262587,0.024445363314324398,0.15965609698643898,0.10330354361177554,0.0,0.0,0.0,0.0,0.0,0.24319145497572972,0.2552014072827847,0.347839753617681,0.1494746874687293,0.3706540288856121,0.11693264798833558,0.3773106617533133,0.01764469028584606,0.4308231852013382,0.29005811581191965,0.41390311359716025,0.10095571613449578,0.22265165360935604,0.12277578976489438,0.0,0.33678603750572345,0.44614011054399544,0.47246719517048086,0.3733029657814459,0.1580463463857327,0.17366002575801867,0.20401331562380326,0.03225256329408968,0.1828231986383208,0.19470641056326377,0.30790714974899824,0.279210791501757,0.13769498702620128,0.16156923885311802,0.11733815517258106,0.0
0.28968578669564726,0.4936926162187343,0.25912684735906455,0.0688344880859236,0.1272549410037777,0.4716103879448063,0.5652566297807782,0.2336212333430182,0.3195001340852244,0.697915475893001,0.18942283515569908,0.2929234367620743,0.5356612060509953,0.09968341335575413,0.1577057225990024,0.758566207858944,0.6851092353283749,0.0,0.22891954053406643,0.2540791979944428,0.34534704747818096,0.20335558723496594,0.1293049519847782,0.24108060601626202,0.6105816566298289,0.3973038199268467,0.5338712619728618,0.2595970109196999,0.5712546733690678,0.3018304215660448,0.3226687006536895,0.135861462504838,0.442413947823185,0.2852196231524803,0.08589354120461126,0.0880435785963968,0.1123999207404004,0.006960836380898033,0.08701072436297573,0.2397186691306299,0.0,0.0,0.0,0.0,0.13361188437268115,0.23161145498552088,0.33450916830583377,0.24959319410909986,0.17521138975567277,0.31704952278052617,0.13420698585343685,0.44671995889993876,0.045497323664980896,0.28790605891282617,0.1879193106732279,0.2662262253566766,0.01822174451481373,0.14825125914355985,0.15154674463169535,0.0,0.3262006194278005,0.2432825190185951,0.6369394344041086,0.22112427582154978,0.08140535433114404,0.08645633714725895,0.19403300627064815,0.0,0.09559403928873744,0.2754728535699687,0.1660078533189962,0.3606146021227381,0.15558154581860878,0.34851540100914197,0.034216095526195395,0.04817291435495785
0.20793206809893666,0.26282039773509386,0.8716598664462664,0.049862906957366365,0.42232499574848575,0.3005955328886623,0.23386034176274326,0.47196687638016854,0.7115097450981613,0.2505263993732231,0.8911993023652756,0.5105777751264376,0.4249125711642049,0.41749353365401826,0.47395601735686044,0.3271726192553531,0.3241271669114295,0.22891954053406643,0.0,0.6162769986577263,0.2506518768411458,0.4657111068820653,0.4717968820498898,0.2892317545868126,0.15132914179901558,0.45679442868290676,0.4678737746025703,0.45171415720411945,0.0,0.4734700007186855,0.2909291883973291,0.446302184471792,0.004655058418954222,0.05745425698050903,0.0,0.20317024315571144,0.27444373416712875,0.0,0.4449310000780305,0.0,0.04349194266005678,0.07531331434464714,0.17060189740739268,0.21103756495956594,0.0,0.1634149536635053,0.06394252033548575,0.8383894072486054,0.33488107398430217,0.5523920988582508,0.1488393882788235,0.25251781254819816,0.3159875445033822,0.6869288790127228,0.3002407744923199,0.8501124782474617,0.3579564848323242,0.44010610280084195,0.33641417984602545,0.2355201341424475,0.19204313276282522,0.28231572438354796,0.2306103499173995,0.9146823637004643,0.6096854424457433,0.25585858570035513,0.5009551634843863,0.22364105094584794,0.060210947352250924,0.02680536845780382,0.19574221543103537,0.3788359253993342,0.45358918614530974,0.0,0.47508255466999905,0.2440435905684311
0.38614061651631404,0.12107700070249941,0.6432799714620154,0.15186642727648272,0.4326314648580475,0.34171267514662784,0.44635907188693497,0.522484768151267,0.5635734707443388,0.34883113543384553,0.6954872797528335,0.3951746890840342,0.49704937235416463,0.410033269291931,0.631500580151224,0.3622018390914601,0.38901702226233725,0.2540791979944428,0.6162769986577263,0.0,0.47223431246390746,0.7130776633648079,0.4651576247168601,0.2764226040177421,0.12512674358813633,0.5026704219512053,0.5141674415572561,0.5584659533133326,0.32501399716483903,0.5796509916943766,0.5781328150776004,0.40856117662082864,0.07965472499334138,0.24945666607260897,0.11708985072101272,0.3161309463257814,0.24848475606825135,0.0,0.40139643200814806,0.0,0.0,0.0,0.23984061693250286,0.11992795245894872,0.022742105222667577,0.3383285614923418,0.1806445594931297,0.6059641828358663,0.3555982974897205,0.5382908863749547,0.2327575024531649,0.29631202370845555,0.45147933053033523,0.5772961157563308,0.4338248651665331,0.7221156217710976,0.38557748621760934,0.505301951039092,0.4317729277962225,0.3662773126853881,0.18537744324350244,0.32000024696620666,0.28364200174129023,0.6435409326247818,0.7372161652804683,0.5289298419034622,0.6072492182210164,0.4388417669126556,0.11932466430582474,0.06665930987891713,0.36705795667714514,0.42832670736830103,0.48188092268584903,0.10532170694987497,0.3627743841825945,0.2608356999709328
0.5939827654735707,0.04451164720046519,0.3659564639102958,0.12008678820936337,0.25883778444542027,0.43054855524222047,0.5250031469544164,0.5787135291745648,0.3494315148784267,0.5325066735143482,0.34130715340148404,0.2375592342587518,0.3655489925730845,0.34428254591164553,0.45938154326670955,0.264181237733776,0.31304069588645106,0.34534704747818096,0.2506518768411458,0.47223431246390746,0.0,0.14449821955541176,0.5374536543057414,0.498392120151016,0.3938529804884619,0.3011115628122569,0.4433280976782196,0.3285212824235877,0.5101066152761786,0.4856535959944194,0.5225246727897055,0.3414307986898578,0.31225906331840614,0.3252428952414735,0.22333430101333213,0.13570751763422711,0.1469634079472569,0.10315924500266913,0.2974313757112277,0.23377468377217922,0.06621350672226783,0.0,0.03634625543002412,0.034493086764366104,0.22554679957303764,0.6028509764150918,0.3844749627217793,0.19278215155916578,0.4739728075684808,0.3783810091691824,0.38887600885346785,0.4604541073441465,0.5564286592604932,0.3218536515516191,0.5330759946421115,0.3275808526030392,0.32772593744154976,0.48049353860088995,0.41532378943635534,0.0,0.30009972494961507,0.2732445948868695,0.4251813930407793,0.22161537472945214,0.31909230059458377,0.801934126866508,0.42614467886286433,0.5354831161651818,0.36454788402393334,0.4309944340778088,0.45746660597307737,0.30752390977756217,0.3637927380437113,0.45934693140667765,0.20965087080014846,0.22881486313354346
0.3017886181591808,0.09882612640092331,0.4398810684453019,0.0,0.27253226776022127,0.04178593074297682,0.16491829829837995,0.20486823721441483,0.28013045704716255,0.11144182710796052,0.5286739571562381,0.23459205306586667,0.27409756219985615,0.12587407660031052,0.47751958123243643,0.34716520799939293,0.24298197066608518,0.20335558723496594,0.4657111068820653,0.7130776633648079,0.14449821955541176,0.0,0.17687156598986611,0.056366273102714026,0.0,0.4339657463363649,0.2962491394879087,0.32271146458559213,0.14322085758731629,0.3889989815364344,0.3552615550189299,0.24915958549331088,0.0,0.12828563185942038,0.0783108101147821,0.18722163297749922,0.12889274920927823,0.010061081196517663,0.2721096290280595,0.0,0.019187827091616205,0.17733850583487154,0.3308592833134668,0.2468903075665984,0.007803461701251652,0.23238421923824076,0.0,0.4405995895951782,0.15767833936611284,0.23845417562852797,0.0,0.014317903721929148,0.13467173529955367,0.2854399704941549,0.27620968443041843,0.4841950069302088,0.20214247451398853,0.29433453637846796,0.1236956634472808,0.38105186450911055,0.2193648561157093,0.31428442359811104,0.21304358875837667,0.46923470781263377,0.6055143906627531,0.30867866335381267,0.5683866932450243,0.10950364493731879,0.016075412722477755,0.0,0.15190752695008752,0.24710455383588537,0.40946731358053123,0.0,0.3977346248426333,0.38515508873107057
0.16567299727034057,0.3122701287277006,0.5982099186699721,0.012358691594580709,0.433094075655119,0.669144049691934,0.3302278160938573,0.7898871857390167,0.45763324818233153,0.3597358593719746,0.5561441861988093,0.4218163559906688,0.45620073055340077,0.5186402463561066,0.5703504574760261,0.05288716070179503,0.14245140235752582,0.1293049519847782,0.4717968820498898,0.4651576247168601,0.5374536543057414,0.17687156598986611,0.0,0.346658260027758,0.3214322862167493,0.4575373148287628,0.5261886468099303,0.39079073508392087,0.11170787947022615,0.5311656826860853,0.322641864037005,0.2707021264248599,0.0,0.24667942500004608,0.1002261081250416,0.29117677399856634,0.17361852188875715,0.0,0.29475225977320996,0.0,0.0,0.04741219346893822,0.14188206590947997,0.04113779517889567,0.03528713348373411,0.2823900723073544,0.5011296905019889,0.37036561957478853,0.4441146227578499,0.5168883044304604,0.611810745003375,0.40900694507058877,0.7631857655585592,0.4724312904917631,0.47922365840004055,0.5111211048018991,0.6186503237009993,0.5726981896473852,0.5153453694536978,0.17850421119157941,0.08659041921680936,0.2787406535346826,0.13038779788959343,0.4051267928609692,0.4231910295940898,0.4382465357765336,0.3375441526767708,0.7460266995193958,0.1542796152697985,0.3959201903458871,0.49603850950661244,0.4374718621639662,0.4284774386288157,0.1520928915352536,0.24584819774149003,0.05615808213559281
0.5317997444326168,0.03381408831427263,0.2673762770269207,0.09957490824098046,0.0,0.26742834385679537,0.2392949252346457,0.4133545958754706,0.26117423599767586,0.46215234829056534,0.2900331042945995,0.5894228773759528,0.21419216450875403,0.25959661250743526,0.26412226461110855,0.18678375531964903,0.31613517768448696,0.24108060601626202,0.2892317545868126,0.2764226040177421,0.498392120151016,0.056366273102714026,0.346658260027758,0.0,0.45456880217352874,0.4462324097083452,0.11246724176848523,0.172197991027362,0.1012202608967612,0.3392028517673299,0.1701723276318397,0.4462197786074523,0.241417532506931,0.0,0.0,0.06865574086539555,0.27234113992037956,0.08358057722634973,0.39503289009389003,0.24381690574147283,0.09421445537384611,0.0,0.0,0.0,0.21157539470339104,0.4617231628523094,0.13111316348987428,0.3114438783067487,0.15068593221822277,0.3587091285645255,0.2899075871622658,0.27246113905531355,0.29053321265239196,0.2729823789856234,0.16348560127141884,0.3198615773759771,0.29008039947439557,0.18472605859738964,0.30955321314951634,0.11815767227033706,0.20408902084011285,0.2423427610732851,0.2526506639247933,0.1658140940062734,0.21561737214486956,0.4024474273113197,0.2731072659304624,0.36127913816266277,0.7089097513924715,0.26989504582286716,0.5449502514279777,0.060846826887882385,0.08947469962388535,0.18689645000766394,0.28424993177292573,0.26129771719239114
0.3825769365555724,0.5600229498570963,0.16005219625832096,0.0,0.0,0.4657802235513464,0.4240592326617503,0.18547630618871644,0.2657773057453192,0.6322953951190966,0.09316422024326446,0.22959121531311824,0.3292086746429571,0.055623375227071045,0.17591003029242053,0.44578765941249504,0.5222446641904189,0.6105816566298289,0.15132914179901558,0.12512674358813633,0.3938529804884619,0.0,0.3214322862167493,0.45456880217352874,0.0,0.4569882060395946,0.45308143590262884,0.042955470511357674,0.4311026627768582,0.21256628670060207,0.10774851201941132,0.25529883182590857,0.37818220457736085,0.09625972965523943,0.0,0.0495711016988995,0.15671967713166984,0.02367676343904962,0.25411473706352405,0.30506401614769163,0.11148942489984671,0.0,0.0,0.0,0.1397919023654613,0.3101947274881725,0.49719590000120134,0.10426812066509161,0.167720730787023,0.34035378489458323,0.3381541645661007,0.4705048314296764,0.09323226592331797,0.2528862103926419,0.11802943612437233,0.17595799277635554,0.04405259538329939,0.1186188154413548,0.17374871546464338,0.0,0.27872955523610465,0.2869188955582017,0.4775520441223074,0.03888857021202852,0.0,0.14104632206302592,0.13996802404135938,0.16236169268802278,0.33999666358001984,0.6084210637365214,0.4440282043326793,0.3338983946872961,0.04023503922266808,0.45622737900854377,0.11066039099954353,0.09626244176986384
0.2778202639237607,0.6399590840742752,0.5122571183222986,0.0,0.34920350046310306,0.5878718694584061,0.4106237938852406,0.5146539316069828,0.4048637092488016,0.49707892192873837,0.49079339969116287,0.5809462816913499,0.6420929258807448,0.2917283158058527,0.44702879161412723,0.46069376785893784,0.533067369945707,0.3973038199268467,0.45679442868290676,0.5026704219512053,0.3011115628122569,0.4339657463363649,0.4575373148287628,0.4462324097083452,0.4569882060395946,0.0,0.37939684231268983,0.3358759486600553,0.09195452240172661,0.42654653805324105,0.25170663031256946,0.25906024254662313,0.2288203789154567,0.22430688774586993,0.011314055879541561,0.3346383836691545,0.21084599219334554,0.0,0.2897788494702775,0.0026680197861302934,0.0,0.11855574725660761,0.15112082074091607,0.05222979142333713,0.012509426759625436,0.1734347127697589,0.30186284296646093,0.4366626624140749,0.34914292200702046,0.48244666351123944,0.24600199042339205,0.2545713242986531,0.2483557926498593,0.46657409687817275,0.4102046412013589,0.5236654695859904,0.45145731005993783,0.4228413665288308,0.27866684289342214,0.14573281876893524,0.15413368858141613,0.5363747769615888,0.26572024305825137,0.42402227333352915,0.43878395695460426,0.24409371139814603,0.3316961583247857,0.22202890845967072,0.08427883575833472,0.20037619056972927,0.47113121586708584,0.34327250866490655,0.29647381820813357,0.0,0.24837936653955608,0.08772497251104963
0.22338400252110446,0.5402340097994127,0.540014535179099,0.0,0.44643073986030046,0.5514028610140987,0.5842612049677595,0.44074303064830445,0.6320060926449398,0.4934135919125087,0.48595386237106375,0.1956277785713867,0.4977666431356462,0.33854128573852427,0.41374785929021146,0.4903108181465627,0.4179313728429705,0.5338712619728618,0.4678737746025703,0.5141674415572561,0.4433280976782196,0.2962491394879087,0.5261886468099303,0.11246724176848523,0.45308143590262884,0.37939684231268983,0.0,0.2652672899852415,0.5123269017386705,0.34923324355836366,0.3357451436143585,0.2667453027383159,0.17936376742926083,0.22688694002815912,0.03491118571166603,0.22211146429576464,0.10797370291798053,0.0,0.22825710002948962,0.031452314576424834,0.0,0.0030639072036833873,0.0,0.0,0.01803052107878622,0.2850879864754358,0.5592267859093057,0.3955389104920343,0.4032231117833608,0.5098741455671589,0.29947827226018586,0.5304291862849384,0.3361046530330284,0.5812928017987813,0.3547079261541264,0.5062292573676694,0.13317696141690558,0.32529951070591867,0.29424096321456017,0.0,0.31966542646465895,0.30667206877271624,0.4372196721772715,0.4319311390069904,0.32527069770545547,0.31345139384155696,0.3543270945433872,0.2392956583639806,0.0,0.4257697061171687,0.22180649452224102,0.7215833068306322,0.2684630941637593,0.29005270451257914,0.22723376646528073,0.046150798820488254
0.06907648153521137,0.04843522212291401,0.4473063766305085,0.37113887829991055,0.3604899879986354,0.4096750289518161,0.5094982091705963,0.5196696812552626,0.43239225576417656,0.4708611659247935,0.47275074552620044,0.4070311145313651,0.6749285248966065,0.403132454998005,0.3183820477712137,0.29917359202830024,0.43534004509733953,0.2595970109196999,0.45171415720411945,0.5584659533133326,0.3285212824235877,0.32271146458559213,0.39079073508392087,0.172197991027362,0.042955470511357674,0.3358759486600553,0.2652672899852415,0.0,0.2007917133759265,0.7359474963964058,0.6111868212315865,0.10811368955167405,0.0,0.36185983340946215,0.25780483976747653,0.49286326409838715,0.392790755330894,0.0,0.11514777461130987,0.0,0.0,0.0,0.16565744706464403,0.03725062148239777,0.0,0.11281811186407908,0.1556239074690151,0.4643238425950954,0.243364280193207,0.49363861385572183,0.26418764919868226,0.37059191122195334,0.4800406797372646,0.48208242806573387,0.42432752431007104,0.5603676308003683,0.4624090046397561,0.4042025048255035,0.40110682309022844,0.19381718285863284,0.0,0.20711755352439903,0.15166750943843402,0.4533092667946736,0.3001525443076558,0.2721921498807065,0.17441896230764317,0.40421335878673964,0.11054516992192301,0.032824388772260044,0.2835374422557955,0.30569877046691923,0.47152046228381383,0.0,0.1676816388347393,0.0
0.295967476800186,0.27872342418174767,0.0,0.2600104821157223,0.0,0.3983758164488993,0.6613026358411439,0.14782921899386003,0.0809026106511192,0.5053916913229475,0.0,0.0,0.3799451086583001,0.16880202294020452,0.11081519501962872,0.5513751487236883,0.44086424909503896,0.5712546733690678,0.0,0.32501399716483903,0.5101066152761786,0.14322085758731629,0.11170787947022615,0.1012202608967612,0.4311026627768582,0.09195452240172661,0.5123269017386705,0.2007917133759265,0.0,0.19153492949433532,0.3996267030041754,0.09957857680562886,0.38374058880469375,0.19562680559273585,0.0587212098482007,0.0,0.06666683976311023,0.01575166352909918,0.0,0.1665276361385943,0.0,0.0,0.0,0.0,0.1548144084054426,0.2299287406402752,0.3421021903089412,0.0,0.08286148089749243,0.008326962174005387,0.09482400292880139,0.3517528679268583,0.08288667922591983,0.056326196202727274,0.10400970415226635,0.01019818475255424,0.0,0.10550679638052501,0.12952659289929203,0.0,0.3377492529335193,0.04821911221922873,0.4543473854212545,0.0,0.0,0.32363862916015246,0.09058909926941688,0.08642397536316254,0.07129688932015468,0.3110056170266857,0.07885210907809773,0.20849605137964378,0.0,0.4878649904577862,0.019270233039030027,0.0
