0.0,0.0,0.35044543458585636,0.0,0.11585260309528103,0.3774658997521695,0.0,0.05786926851704316,0.2833907319503122,0.10030611913198642,0.11851815852820419,0.12152618551117786,0.1627538744961875,0.0,0.28520192206590655,0.5376674542093967,0.26303283354184714,0.14925937343746404,0.24565975539308296,0.3587366549991813,0.2605523243729718,0.3322398035952499,0.37248618648503773,0.2814749407641732,0.32489815409313816,0.41557441912823656,0.38815552295631234,0.2201168787250628,0.3928418641881719,0.31325060152713735,0.4123238483979924,0.16315027986136843,0.0,0.03659047079180222,0.0,0.10908300087497533,0.0,0.15766136231843692,0.24674380038245686,0.0,0.24333823771611462,0.0,0.3762599997892839,0.05883517250978462,0.10117795747650207,0.580423743767669,0.0,0.2293195819395954,0.0030684434421281853,0.23557490712558918,0.3305455595843682,0.022942701440543223,0.3572481078606583,0.17564350232006543,0.39552920177837114,0.01999473395569093,0.15695391837699083,0.19729134349849162,0.14421033102741806,0.1833204609624806,0.30096340610211797,0.3591418319331132,0.38384356874558706,0.20038807429943803,0.23809401477468128,0.24529291087417515,0.2887724243481954,0.3258844041388251,0.35789976869135937,0.13948422065894878,0.3357750112620862,0.26945589879454657,0.3381556421249856,0.24279522834824238,0.31880197398932536,0.492887857543716
0.0,0.0,0.0,0.0,0.0,0.037333049067551416,0.0,0.12787042730186887,0.0,0.3647777252743522,0.0,0.3182596073926034,0.09281233757089613,0.0,0.22396770013153916,0.14896750568421158,0.3446652906420658,0.3708493519528303,0.0,0.06457809447349044,0.10544799293609936,0.10964192733904132,0.0513135631261285,0.21796674983005823,0.4513807499267104,0.546058073939609,0.0,0.0,0.14776281650654172,0.0,0.0,0.0,0.16265866692735087,0.06617003454389198,0.0,0.0,0.20390659616793685,0.0,0.0,0.3003073409501125,0.0,0.0,0.0,0.310865038633534,0.0,0.0,0.25795179095673826,0.0,0.17124622320439692,0.20330169263073106,0.1429867316540644,0.05275774173225156,0.0,0.002393078423688688,0.1641250220607779,0.0,0.21872753784388146,0.249050452943475,0.0,0.32740352173586224,0.3769345554164323,0.26385131989613564,0.2391747410157804,0.0,0.37675211928860697,0.09255046582671217,0.24730111314178305,0.06203174111805099,0.0,0.27299115229446635,0.29983545108616066,0.17761513713228708,0.0,0.3591975014988646,0.0,0.020529319086627196
0.35044543458585636,0.0,0.0,0.0,0.7972625295092644,0.750644040369531,0.4194315982104398,0.5223904454438365,0.9188720106240762,0.0,0.7629684405777986,0.3135741986798465,0.6839057627123333,0.2831286217513028,0.533635966978172,0.1997674156030892,0.2296052820853572,0.0,0.8927866599611861,0.730534476505474,0.18732603142535106,0.5587302584305395,0.7472781363699849,0.05718375125768363,0.0,0.41841068245959623,0.776129709302287,0.7407858754528678,0.39382146194051154,0.24958068929214428,0.2617853205289552,0.0,0.0,0.0,0.0,0.28088332828315493,0.0,0.05926020523387669,0.0,0.0,0.0,0.0,0.2704493784153442,0.25436311309767,0.1359890601985547,0.1708430917791419,0.04223373791465407,0.8700145808535474,0.011189121597124083,0.7303370029151333,0.6915904844396827,0.49940398479891634,0.3615888104194692,0.8982668598685282,0.22070180911652698,0.5588520961346142,0.3707739466244443,0.5670263681034861,0.1545142541147927,0.42523005194869057,0.2665162908556681,0.14410252081918867,0.28045753416880465,0.8622246019721698,0.4868935393972288,0.1259263809113816,0.508409152010704,0.6750499705755515,0.061797110558622886,0.1860878533734574,0.20508429880817128,0.6606513500565606,0.7167161020298148,0.0,0.2619079181164462,0.35373448062112733
0.0,0.0,0.0,0.0,0.10579279550244919,0.010239511307832905,0.25904998984790073,0.1225401858818075,0.00652341788357047,0.0,0.0,0.0,0.0,0.4373951735657392,0.0,0.0,0.0,0.0,0.0,0.0,0.0,0.0,0.0,0.0,0.0,0.0,0.07233430346395586,0.0,0.0,0.0,0.0,0.0,0.0,0.0,0.0,0.13048217654714342,0.28991744445175055,0.0,0.0,0.0,0.0,0.0,0.21501921065459328,0.5394563363596198,0.0,0.0,0.0,0.0,0.4097184143046565,0.028897084153066632,0.0,0.0,0.0,0.0,0.0,0.0,0.0,0.0,0.04310235546492315,0.0,0.0,0.0,0.0,0.0,0.0,0.0,0.0,0.0,0.0,0.0,0.0,0.0,0.02438844428765595,0.0,0.0,0.0
0.11585260309528103,0.0,0.7972625295092644,0.10579279550244919,0.0,0.6002214030374791,0.6702180872021989,0.4189962695556054,0.8066143645946341,0.0,0.80818921114446,0.12996463074627068,0.5657046917375383,0.5352791681333495,0.22992345833607652,0.0,0.06865503607675144,0.0,0.6809232013376469,0.45740121306364656,0.017895705911539883,0.28506838591328854,0.5274009562949719,0.0,0.0,0.05790555619539686,0.6887672988873617,0.7107803609607196,0.2405364759479972,0.1328903351864638,0.24522785338278436,0.0,0.0,0.0,0.0,0.5318036291545418,0.0,0.10880204912857708,0.0,0.0,0.06369703214180661,0.0,0.40920504233940724,0.10010286157763193,0.18495228308683143,0.14779731110571642,0.0,0.6892191294006527,0.0,0.5596242641088316,0.5105300510174596,0.5037523798497116,0.2886916948376252,0.7429318747834739,0.03889617517475144,0.5729361703000007,0.2625813785854696,0.46124926236334163,0.18561282359182296,0.07526129258908357,0.07601462062905819,0.0,0.18962080394699823,0.6221508833377755,0.1808945246582726,0.024119856072365303,0.18373827936236703,0.4836741193671933,0.0,0.11822982639729616,0.0,0.4587239589435383,0.6863508546352053,0.0,0.22147280054181992,0.17547634982941224
0.3774658997521695,0.037333049067551416,0.750644040369531,0.010239511307832905,0.6002214030374791,0.0,0.49637398753443196,0.6018711077964892,0.7076616105362372,0.13529735544303706,0.4836269188548748,0.47543767825177574,0.7477869070252106,0.2475685858739908,0.43181479556149666,0.3103256150249082,0.4811848965157924,0.1503638563949251,0.5806213889284166,0.6644538251934108,0.36082358473165166,0.46493445216371765,0.8078295808061295,0.2142727456596996,0.19264636133898497,0.576690276548185,0.8257378243159746,0.703142563187825,0.6943405742660325,0.2285782860712431,0.2044167004840143,0.0,0.0,0.0,0.0,0.3018518531673393,0.0,0.08426090177581579,0.0,0.0,0.0,0.0,0.3982255270787576,0.2388550489595444,0.07822054028616252,0.20902821187672782,0.25021615558617794,0.593581492962661,0.04158693062230704,0.5174228903583712,0.8152198660928676,0.40523835044566303,0.5490814095229095,0.657774557964457,0.33982632083637687,0.3154637139451329,0.4809341173463563,0.5951264838164466,0.07007958914780915,0.2358582669195693,0.2765941455507255,0.37436087407524826,0.49460433624267636,0.576547699207997,0.3045833636582183,0.21086634664077286,0.39075726622039214,0.7214222193820573,0.198278063356476,0.3569842863852106,0.45477190430404796,0.48829363599289477,0.6478059291138234,0.034413231822702534,0.25683207039584616,0.30623959079337965
0.0,0.0,0.4194315982104398,0.25904998984790073,0.6702180872021989,0.49637398753443196,0.0,0.19530725048369002,0.4524471839599134,0.0,0.4282802956160351,0.02263014965020274,0.5365470118230685,0.4577953125728225,0.15466215405711226,0.0,0.11430335074962575,0.0,0.3233294741464037,0.3546258345327468,0.07328256551185511,0.20334052410523118,0.3139017846836251,0.0,0.0,0.0,0.5955407029176342,0.5842034133506214,0.40030414464840525,0.04788946376545472,0.07501024838689094,0.0,0.0,0.0,0.0,0.4304943515265763,0.0,0.1480856422734411,0.0,0.0,0.07945891601054562,0.0,0.24850045075079036,0.06968967233614118,0.08480652871148944,0.0,0.23701885172365234,0.31095882993919743,0.0,0.1838994545366703,0.25985936352184186,0.42224951595431315,0.10217590371961516,0.36208013702365793,0.0,0.21993869613939748,0.02524829030772041,0.24747751668806875,0.05424555085117114,0.0,0.07906751493082517,0.0,0.25070973207257374,0.3263937582553232,0.0,0.0,0.0639835744934458,0.24155413777391838,0.0,0.18784872808383732,0.0,0.19039289676747034,0.466464074336972,0.0,0.1500884212731547,0.026452551648311617
0.05786926851704316,0.12787042730186887,0.5223904454438365,0.1225401858818075,0.4189962695556054,0.6018711077964892,0.19530725048369002,0.0,0.43748487128409064,0.0,0.3658323767882313,0.5506119553178904,0.360459693051021,0.29249127263583147,0.23668121534940706,0.0,0.3027603167735899,0.0,0.39286804770661915,0.29737435482099905,0.29625665207095486,0.11511356142594073,0.703205490535312,0.19669054200779187,0.0,0.42577847620953785,0.3572633879255029,0.40549148508031463,0.19022895968084413,0.0,0.14842778285429037,0.0,0.0,0.0,0.0,0.1580820013769054,0.048769623150151105,0.0,0.0,0.0,0.0,0.027747029435517257,0.23742707974214253,0.3800318873145671,0.022184193511306904,0.0,0.0,0.40755541333056344,0.28609089164173485,0.4553818158568277,0.503397554576082,0.25809538824418027,0.5286637738120203,0.4934095650205818,0.02704802035818893,0.32548220066174866,0.5020190793540413,0.3988909866092864,0.10597404536951059,0.3618943810844365,0.0,0.14646670801310024,0.09986299359433733,0.3718016575525801,0.3399220817266456,0.19254872476302792,0.2005446592974953,0.5932777501571098,0.09193745231422343,0.0,0.08429470078804507,0.19473204107191125,0.4110002070827646,0.0,0.049014489505661465,0.24735355365206768
0.2833907319503122,0.0,0.9188720106240762,0.00652341788357047,0.8066143645946341,0.7076616105362372,0.4524471839599134,0.43748487128409064,0.0,0.0,0.7340306915281198,0.28599758080087045,0.6667425355307737,0.27823339103595784,0.45915336973988435,0.11645266497586254,0.18200903050755757,0.0,0.814073492244399,0.6448308857702877,0.1304113086180292,0.48850167144295253,0.6347864602824979,0.0,0.0,0.32306967367590383,0.7680015155158572,0.6858765976334154,0.3626229446563656,0.21046174271310739,0.26602396986685384,0.0,0.0,0.0,0.0,0.2133916246769843,0.0,0.054270912522683484,0.0,0.0,0.0,0.0,0.23593786284368745,0.2580709548889246,0.09806891268960252,0.15294903737016513,0.0,0.8330729474210333,0.0,0.7294495617201358,0.6000780211168529,0.49579118778908465,0.32383149362804586,0.921312340826273,0.20337837151734806,0.5691847633847242,0.3035183328931646,0.48324910742578575,0.11033790381040935,0.3160571175079833,0.2201115933495157,0.0990577726816177,0.21984830919833148,0.7828688445555808,0.4059115089696648,0.07096404509815821,0.4549166572056224,0.6020661193620237,0.0,0.1341436996110001,0.1402156237861359,0.6345785662231249,0.6570710111017214,0.0,0.2092993337205808,0.3121566270285512
0.10030611913198642,0.3647777252743522,0.0,0.0,0.0,0.13529735544303706,0.0,0.0,0.0,0.0,0.0,0.6291609947247615,0.19455391703087818,0.0,0.28138378883179505,0.37469809027918183,0.6937679246974836,0.7032393823606911,0.056404187856839094,0.21756119772646337,0.4412358524639461,0.43257007826769234,0.08472088127910399,0.557887110597755,0.5509857231839226,0.42254149382352785,0.044644807197459224,0.0,0.43219274601567526,0.06966101675676575,0.0,0.19621441776477036,0.1298404882959474,0.013198581254012048,0.0,0.0,0.0,0.029134963917396395,0.3687443799530345,0.4841364032605607,0.06269046522305201,0.04102629714500802,0.0,0.0,0.14448254553870638,0.2093878724546843,0.5209552843891215,0.07754791162436941,0.0,0.0,0.12168858661062995,0.0,0.22110520604751088,0.0,0.5931404789729885,0.16444478376856542,0.4401410880512059,0.1971880662671987,0.019245312785685892,0.1372859365047574,0.5210423262907781,0.7033524755644628,0.5108370611548121,0.07899295644324433,0.27259257839022605,0.3093771955175246,0.4582891964710264,0.1273380983740841,0.36548150698881354,0.3789283841687718,0.5633662585430201,0.15311304879253243,0.0,0.5022165056830894,0.2519940482136822,0.43237942132501306
0.11851815852820419,0.0,0.7629684405777986,0.0,0.80818921114446,0.4836269188548748,0.4282802956160351,0.3658323767882313,0.7340306915281198,0.0,0.0,0.2882424009866656,0.5550777314442901,0.3881927329868869,0.21304892545672366,0.10289668040477995,0.17475615402599948,0.0,0.7919754793530216,0.43767346505776844,0.06986495273113133,0.4322129249766241,0.4783018403020112,0.003584685120437886,0.0,0.09300584461336134,0.5052980643224989,0.6475509427482002,0.12131092675656158,0.2732563211755032,0.2503950605258013,0.0,0.0,0.0,0.0,0.4705421975897093,0.0,0.16733514363990376,0.0,0.0,0.01986630214294792,0.0,0.35025592838110764,0.0,0.3277406042205258,0.2869834329746189,0.017772353653015216,0.8098808503400543,0.0,0.5050035757580363,0.40415299867526167,0.2972518806223703,0.3092770996743016,0.6810373429876418,0.14093521854023958,0.8207963848859117,0.31668209440283956,0.4105635065504276,0.20259449127618784,0.13859581768496035,0.1752040089652501,0.06385127371045887,0.1782147540317504,0.7367195955977279,0.30224911740681604,0.02631511288889768,0.3492264302585266,0.3929018308538108,0.20096259933543636,0.047478230327689996,0.048581881314045366,0.5038384948685231,0.641664433639869,0.0,0.33274010258163017,0.2738866387452846
0.12152618551117786,0.3182596073926034,0.3135741986798465,0.0,0.12996463074627068,0.47543767825177574,0.02263014965020274,0.5506119553178904,0.28599758080087045,0.6291609947247615,0.2882424009866656,0.0,0.3816777903711839,0.0,0.22171308875057563,0.29453522401418103,0.6794313769508176,0.41568410231966507,0.35233909369123567,0.3078427636273597,0.3351619923531277,0.3868595241019611,0.4988517379608392,0.5811465041136733,0.2685752920219154,0.5768489903949399,0.21359815240140395,0.24701483365715748,0.3113277687012731,0.12724751389982414,0.03048794710271635,0.0,0.0,0.0,0.0,0.0011485123826721622,0.07541738181490358,0.04269480302887502,0.06945428838238693,0.24874621425733862,0.0,0.0,0.25205400336891215,0.18536143097024965,0.20239920158669877,0.20238043314143334,0.21277015202139776,0.41596024318311603,0.0,0.2700566793542808,0.3553468188474847,0.0,0.5044001776599443,0.27225555582726063,0.37428141599938897,0.3877141334938754,0.6822380582628776,0.33366193182847614,0.07929743951464154,0.20582181852783826,0.27692159474733,0.5870506623194391,0.38809427783307404,0.371277198853252,0.42888640407865386,0.22759143689456424,0.43428367888902497,0.41967036369199656,0.44831439490228947,0.08206690026499627,0.46666493878787135,0.1963181997699337,0.32119689944501045,0.13065956887131164,0.3774365585093423,0.38038088806899095
0.1627538744961875,0.09281233757089613,0.6839057627123333,0.0,0.5657046917375383,0.7477869070252106,0.5365470118230685,0.360459693051021,0.6667425355307737,0.19455391703087818,0.5550777314442901,0.3816777903711839,0.0,0.15299033407840565,0.504387896856834,0.2595586802540037,0.4132767409964168,0.31331335863207577,0.5976723557318111,0.724884221526592,0.28747661654937406,0.6618936358023256,0.6404346183619593,0.20021535084078837,0.2647288818355931,0.5270080676068838,0.650068413200235,0.8000740845530002,0.6116779239425906,0.4071788271529649,0.1660216005458468,0.0,0.0,0.0,0.0,0.2229492851166966,0.0,0.2443464405680088,0.0,0.03524277971042311,0.0,0.0,0.16975978087064444,0.0,0.16773954121437917,0.1601214971777789,0.40527210355189225,0.6674318708800471,0.0,0.5018755817987977,0.5937905338164344,0.4466021322027904,0.3801917177198225,0.6753557738664753,0.3604308966794146,0.49684628237876616,0.3016230782879863,0.6670500834731559,0.08236230244392664,0.2855583609377764,0.4314021397511811,0.29156436765975224,0.45599311270472487,0.6433653102451194,0.4189953288793973,0.1187985928620473,0.5551317605670995,0.5990201902230033,0.1611670954887776,0.42132565158519564,0.4856137091269137,0.6257281736911537,0.5810039127779135,0.13281693424496582,0.32464033789797786,0.2752718925794484
0.0,0.0,0.2831286217513028,0.4373951735657392,0.5352791681333495,0.2475685858739908,0.4577953125728225,0.29249127263583147,0.27823339103595784,0.0,0.3881927329868869,0.0,0.15299033407840565,0.0,0.0,0.0,0.0,0.0,0.1311879269749133,0.04878843622200381,0.0,0.0,0.21499518523393787,0.0,0.0,0.0,0.295500054668842,0.39744665775171717,0.0,0.0,0.1463906409226958,0.0,0.0,0.0,0.0,0.48614707946685853,0.007464312680398016,0.03498923547186959,0.0,0.0,0.0,0.14153967758747538,0.34682559418933623,0.2150505022906133,0.021673070460072483,0.0,0.0,0.1518496634620111,0.2924546779706637,0.18879743938531046,0.14202637892138914,0.1737036665067688,0.0,0.23507253601179726,0.0,0.17410153467146272,0.0,0.07107521142759762,0.28175619042684297,0.0,0.0,0.0,0.0,0.08871755954837161,0.0,0.0,0.0,0.1621480840738947,0.0,0.0,0.0,0.0,0.3066170489239073,0.0,0.0,0.0
0.28520192206590655,0.22396770013153916,0.533635966978172,0.0,0.22992345833607652,0.43181479556149666,0.15466215405711226,0.23668121534940706,0.45915336973988435,0.28138378883179505,0.21304892545672366,0.22171308875057563,0.504387896856834,0.0,0.0,0.1814799818944339,0.24770023578909828,0.17224693103148403,0.44219833372821427,0.7725653360015003,0.3865660761533569,0.726669162556728,0.4854471274174379,0.18836354863493515,0.06291562699640935,0.4994387011796091,0.5253089012562242,0.46118461124975896,0.535475147366797,0.11272440812896939,0.2851780349069398,0.0,0.0,0.0,0.0,0.0,0.026280550251551654,0.056908632100006906,0.0,0.0,0.08575674341203535,0.0,0.0,0.26654227886633886,0.07193181027671075,0.0,0.27672496569907723,0.37701509239835423,0.0,0.42162516779410925,0.3690716654473133,0.3360335107532135,0.09697300149829435,0.5187963238275908,0.28791479903661665,0.22354622864882442,0.1396705877659814,0.38767244169419124,0.13412863998655022,0.6758321713155521,0.46221493918322315,0.22441210266604897,0.23009096335287543,0.47250024097119175,0.49440844018536584,0.35380497504387587,0.6977111047191246,0.4588537049023694,0.0,0.28453786843865686,0.38148156594118243,0.4165292179488839,0.29212886888801476,0.17474236776065363,0.12619964559423358,0.47061233577673356
0.5376674542093967,0.14896750568421158,0.1997674156030892,0.0,0.0,0.3103256150249082,0.0,0.0,0.11645266497586254,0.37469809027918183,0.10289668040477995,0.29453522401418103,0.2595586802540037,0.0,0.1814799818944339,0.0,0.4689690758624008,0.6176439785826457,0.22077404822789967,0.39859441332819895,0.250871313085644,0.4644155817001504,0.2518418169561844,0.4147197778356637,0.5314687687230447,0.39330310679224034,0.2480901443996813,0.25368833190458345,0.4802739202754745,0.5270705156982037,0.29430524073337105,0.08695274527565144,0.0,0.044738307824954276,0.0,0.09614549841603137,0.0,0.2340103935454158,0.22306069371441806,0.22985805320506922,0.16092443532231077,0.0,0.25022004752567484,0.0,0.280593425466868,0.5021638457252348,0.15873997612786586,0.22362245696325134,0.0,0.1656306651355149,0.24505249632711082,0.0,0.29454108519846,0.07994446926873894,0.3915792721354197,0.10094107733000135,0.14490396448748927,0.2372681558541369,0.07980258421830681,0.043220158988900303,0.5080850853503481,0.4656827796712828,0.5895168670875107,0.24163621038414954,0.37335980961008597,0.20516926176409,0.35617635243357426,0.18780747529217376,0.42458229308122053,0.21907870580199673,0.4023152486170277,0.2513425712515179,0.31722028556587034,0.3522219231046486,0.536008771329529,0.3649542921478022
0.26303283354184714,0.3446652906420658,0.2296052820853572,0.0,0.06865503607675144,0.4811848965157924,0.11430335074962575,0.3027603167735899,0.18200903050755757,0.6937679246974836,0.17475615402599948,0.6794313769508176,0.4132767409964168,0.0,0.24770023578909828,0.4689690758624008,0.0,0.6633775371177935,0.24699874360057222,0.37863547978954715,0.47374314804010154,0.4418960744575181,0.33682910131454813,0.5500065082323489,0.5828788283489273,0.581140867499637,0.28927199625295397,0.263539446212146,0.5548915533675133,0.23091648925124927,0.10612172374648204,0.05485075311040355,0.0,0.0,0.0,0.04950525835514488,0.0,0.1527374760771491,0.20704054568566194,0.2283106374192594,0.08842983441627371,0.0,0.24765482821316628,0.056111160255062756,0.1478450447564045,0.31705009418352353,0.42732716868829135,0.23805184283210842,0.0,0.1802066884158086,0.34619763399681647,0.056765265113555896,0.47808238501007994,0.1458334128251156,0.5174042080794985,0.2477503240615701,0.5352228798806505,0.3621299021947978,0.11749621996291938,0.089491797755711,0.46398982158662583,0.7467182553131297,0.6634513155633287,0.26092525647279025,0.32281129385334495,0.25932363727282903,0.43180041105278755,0.2530057679026141,0.4225642922753657,0.3444860095566053,0.5633245358685308,0.24406027257678337,0.2992983895970387,0.34832005786825104,0.41994609946058215,0.3949013223609188
0.14925937343746404,0.3708493519528303,0.0,0.0,0.0,0.1503638563949251,0.0,0.0,0.0,0.7032393823606911,0.0,0.41568410231966507,0.31331335863207577,0.0,0.17224693103148403,0.6176439785826457,0.6633775371177935,0.0,0.04532982935713073,0.22622423143101508,0.40772916064446973,0.4442670421877443,0.0,0.4796440193029921,0.6590453588355465,0.3835263976807166,0.06591564631875407,0.014637529277480799,0.4841619819188127,0.18975022217940388,0.04476614289529607,0.2807908620626725,0.1703922836229294,0.08065383989278227,0.00304036042240087,0.0,0.0,0.1229660548226817,0.353239012581516,0.4838731271930098,0.05124600246330441,0.004181943214047454,0.0,0.0,0.14031884830689142,0.2904413046039948,0.47728872944958095,0.11973050161735135,0.0,0.031278015356346,0.1000642658819052,0.031031788189895188,0.11697471527020684,0.0,0.4726774806019302,0.25761771781668724,0.22461186899075544,0.2693125942971971,0.0,0.06908791900172193,0.6300897983430575,0.5507870040628274,0.5779066827178023,0.12724519396161227,0.27933986811676476,0.2778692638813885,0.39579034248417067,0.04597236181447034,0.3563277736373105,0.40361749906965894,0.474036929411836,0.2676536330319476,0.0,0.5380249989124091,0.31962072523537344,0.33522132902566654
0.24565975539308296,0.0,0.8927866599611861,0.0,0.6809232013376469,0.5806213889284166,0.3233294741464037,0.39286804770661915,0.814073492244399,0.056404187856839094,0.7919754793530216,0.35233909369123567,0.5976723557318111,0.1311879269749133,0.44219833372821427,0.22077404822789967,0.24699874360057222,0.04532982935713073,0.0,0.6370105781537598,0.028119198796969502,0.5597129813953806,0.5964192232899329,0.043414164582396914,0.0,0.3362120102555999,0.5717016066073732,0.6405022162298639,0.25802605427820036,0.3306344838501106,0.1851062487905658,0.0,0.0,0.0,0.0,0.20890815862901882,0.03932673646785387,0.059638042363244284,0.0,0.0,0.0,0.0,0.1991470457471638,0.21925525152773104,0.20342521461017388,0.1567956439188439,0.04668908178130943,0.883667562243382,0.0,0.6370792739305607,0.4751614083607012,0.36567612056995635,0.29828611309704806,0.7566998647626042,0.16055812032649458,0.6096279036437013,0.33091356038281594,0.43422727018119944,0.10974673149636635,0.35197144929406443,0.3180749201747488,0.14954155358659596,0.21984255054895363,0.9535658256875734,0.5130889564383889,0.0,0.572683992720075,0.5068060046334136,0.06406926775590309,0.020619125368091046,0.1676459945348186,0.5863292336344369,0.6061363685743761,0.0,0.35574655799529353,0.284860715020243
0.3587366549991813,0.06457809447349044,0.730534476505474,0.0,0.45740121306364656,0.6644538251934108,0.3546258345327468,0.29737435482099905,0.6448308857702877,0.21756119772646337,0.43767346505776844,0.3078427636273597,0.724884221526592,0.04878843622200381,0.7725653360015003,0.39859441332819895,0.37863547978954715,0.22622423143101508,0.6370105781537598,0.0,0.2648548689979556,0.8448786833103081,0.6664844747860539,0.20975767542378182,0.14128015127934723,0.5718707474764095,0.7165801954289837,0.7366366200605652,0.6177318628791143,0.40721547999376156,0.30175958781448653,0.0,0.0,0.0,0.0,0.11720875554668977,0.03476278111877437,0.21852245271612186,0.0,0.0,0.0879423210009844,0.0,0.1570279314574031,0.15290414365616664,0.14009842494315194,0.17846075896522082,0.3427329692220215,0.6163437999052149,0.0,0.5081382205541534,0.5083347183138411,0.34589138511967077,0.2964430631226018,0.630287553885565,0.31148906145429284,0.3156293834490418,0.20402133539590916,0.46710630932223973,0.12876440883313456,0.44382295958363865,0.5129270609429353,0.28082706633091137,0.42887773471268864,0.6920580504691267,0.5267980649682581,0.14147168697874146,0.76593980283283,0.5475574776825964,0.09927655656031319,0.32780513669409833,0.46061407051018993,0.5772059765892974,0.6077003905615731,0.04465052771613692,0.38037039613177176,0.44943748076314893
0.2605523243729718,0.10544799293609936,0.18732603142535106,0.0,0.017895705911539883,0.36082358473165166,0.07328256551185511,0.29625665207095486,0.1304113086180292,0.4412358524639461,0.06986495273113133,0.3351619923531277,0.28747661654937406,0.0,0.3865660761533569,0.250871313085644,0.47374314804010154,0.40772916064446973,0.028119198796969502,0.2648548689979556,0.0,0.34805790960176675,0.37986822907921325,0.4616755294494559,0.38089844235628834,0.4215942199515679,0.2890121661404139,0.15756750443933734,0.5823479620958479,0.0,0.3363448379105617,0.3473373197005013,0.16471834062306556,0.09683326548449603,0.09106035010853118,0.0,0.0,0.11435381138904833,0.42659372895744013,0.25366517096314267,0.13356811825100356,0.18706342405805004,0.11983986338535176,0.0,0.1435715132512522,0.30757411080479885,0.31409401583773927,0.13254506581522768,0.0,0.032217301738557025,0.3725468849702777,0.11028979382829907,0.3979232529157401,0.16127030947591947,0.47907294824804114,0.20606990207272802,0.3000937560954742,0.28611575085533325,0.10078214170459382,0.2716625898127961,0.353383346714908,0.4538809993829481,0.3934728541867868,0.0768679656847508,0.10778906917620007,0.6897985773670895,0.28112892010844304,0.4592493476305237,0.3957231206314189,0.35479772739977355,0.4949950849271074,0.24050271919175828,0.12114013396890236,0.47305462725874164,0.09021640220457518,0.4713294801511211
0.3322398035952499,0.10964192733904132,0.5587302584305395,0.0,0.28506838591328854,0.46493445216371765,0.20334052410523118,0.11511356142594073,0.48850167144295253,0.43257007826769234,0.4322129249766241,0.3868595241019611,0.6618936358023256,0.0,0.726669162556728,0.4644155817001504,0.4418960744575181,0.4442670421877443,0.5597129813953806,0.8448786833103081,0.34805790960176675,0.0,0.49119891753760936,0.33582980379784344,0.26873123973173896,0.5394017357582086,0.4984869851553933,0.587244197888445,0.56376467061835,0.45687349273220995,0.2886980303456909,0.0,0.0,0.0,0.0,0.03152126239510175,0.0,0.1974272989693251,0.008435720227779164,0.16547468947377703,0.1411789171727256,0.0,0.11674708194218261,0.0,0.2627301762428831,0.36283895556552015,0.40849423050804157,0.5876931339027058,0.0,0.377624859262836,0.4083235409714936,0.2368725697853234,0.289555451558964,0.49489801608651884,0.4248946611567361,0.4577594717878836,0.2029364426403424,0.45113448533136213,0.07477171078754283,0.4343301874594707,0.617124777884385,0.4088132938186171,0.4435691366393092,0.6292640168557618,0.5601536793318499,0.23375659628366643,0.8689418666080668,0.4472629196949355,0.25803807344297985,0.31135416502850066,0.5624878979562291,0.6248382767404373,0.4805387589946854,0.3060879492449555,0.4591367145801084,0.5222799040640548
0.37248618648503773,0.0513135631261285,0.7472781363699849,0.0,0.5274009562949719,0.8078295808061295,0.3139017846836251,0.703205490535312,0.6347864602824979,0.08472088127910399,0.4783018403020112,0.4988517379608392,0.6404346183619593,0.21499518523393787,0.4854471274174379,0.2518418169561844,0.33682910131454813,0.0,0.5964192232899329,0.6664844747860539,0.37986822907921325,0.49119891753760936,0.0,0.25051950559878083,0.012828708460242977,0.57285512111524,0.6485357341499576,0.6816845101542361,0.509172862890909,0.2985435690850536,0.2862513549508231,0.0,0.0,0.0,0.0,0.32537468207101794,0.0,0.23873899805082105,0.0,0.0,0.025379757732374386,0.0,0.43351683210752157,0.20731516287139556,0.14223717084066262,0.2385896088787443,0.16112664649428676,0.6263819176651171,0.009587923458873202,0.5182039902789373,0.6907470723029479,0.302684144917763,0.656990104008065,0.6297020263509022,0.27803454568718344,0.3229821915989362,0.41610329994096124,0.567433144811361,0.16038827429633112,0.39708473202471917,0.22762724913398902,0.3000255529380293,0.35010296407089275,0.5947584312625956,0.3657724371728305,0.26598405212342247,0.40898503402614705,0.8551120443067777,0.32809008156299424,0.1901494200055567,0.440930144109735,0.41335387857225303,0.6196601353021521,0.0,0.31010505324617965,0.34275985554499055
0.2814749407641732,0.21796674983005823,0.05718375125768363,0.0,0.0,0.2142727456596996,0.0,0.19669054200779187,0.0,0.557887110597755,0.003584685120437886,0.5811465041136733,0.20021535084078837,0.0,0.18836354863493515,0.4147197778356637,0.5500065082323489,0.4796440193029921,0.043414164582396914,0.20975767542378182,0.4616755294494559,0.33582980379784344,0.25051950559878083,0.0,0.3749243448600918,0.5730491927596465,0.0,0.10335320118296784,0.3386954684981931,0.17817902768375538,0.16242542759900355,0.17506210319266585,0.051558593020814225,0.04922574535186837,0.06269804015568409,0.0,0.0,0.15569981612533812,0.3956510285125925,0.4306446366500431,0.1416927647638973,0.16775551799867405,0.09021504744922797,0.0,0.08232951476341244,0.37476749284650557,0.26092066874962494,0.11869670847093317,0.0,0.0,0.18726863353171844,0.0,0.45597837803655616,0.0,0.3997729238324371,0.15784537022293682,0.3875591536097915,0.24424118431346836,0.0,0.1518344980510713,0.28200732027616743,0.5532065022489814,0.3873371053349376,0.10440105994565672,0.3162491141100037,0.37917716982531446,0.34147434090096773,0.2510227462294384,0.736508298479516,0.17346989064309143,0.5866798756874919,0.0640677163040529,0.14033398595230828,0.3779812065213656,0.37058078973841596,0.42073924921678857
0.32489815409313816,0.4513807499267104,0.0,0.0,0.0,0.19264636133898497,0.0,0.0,0.0,0.5509857231839226,0.0,0.2685752920219154,0.2647288818355931,0.0,0.06291562699640935,0.5314687687230447,0.5828788283489273,0.6590453588355465,0.0,0.14128015127934723,0.38089844235628834,0.26873123973173896,0.012828708460242977,0.3749243448600918,0.0,0.5001176537051507,0.071416919748447,0.0,0.5338975966720371,0.2749417228039138,0.0,0.256422773435931,0.08828403456614384,0.1830036492719678,0.0,0.0,0.0,0.22591473532331835,0.3489043294730824,0.4473352431982861,0.07039148623106156,0.013412848053226761,0.0,0.0,0.02113733577924745,0.2966355315612647,0.4710194067339326,0.0,0.0,0.017691207797471076,0.17584268548404036,0.0,0.13169220405925003,0.0,0.5414599043808493,0.03809405237215349,0.09473438071157683,0.2325804414835014,0.0,0.0,0.5141301811890568,0.5716809674861631,0.5569597863895176,0.0,0.14679061628620285,0.2361529244833684,0.27996653651405645,0.08733071212612831,0.3251126659445946,0.5243390804994411,0.5892970919775251,0.21505626920916812,0.0,0.6498709319727882,0.27313773520178064,0.171980050336613
0.41557441912823656,0.546058073939609,0.41841068245959623,0.0,0.05790555619539686,0.576690276548185,0.0,0.42577847620953785,0.32306967367590383,0.42254149382352785,0.09300584461336134,0.5768489903949399,0.5270080676068838,0.0,0.4994387011796091,0.39330310679224034,0.581140867499637,0.3835263976807166,0.3362120102555999,0.5718707474764095,0.4215942199515679,0.5394017357582086,0.57285512111524,0.5730491927596465,0.5001176537051507,0.0,0.33536913000299173,0.35438856218742576,0.49362132517308926,0.26882707339855855,0.09449439886698618,0.0,0.0,0.0,0.0,0.0,0.055080945785974444,0.1224854446326006,0.0,0.1772303029416861,0.0,0.0,0.07323225290108056,0.22915217230616883,0.015316900096843833,0.1637252973890191,0.253214970099449,0.37843039310284554,0.0,0.3445394984481356,0.47311871960719143,0.07407377751470515,0.42891674254187084,0.34359070950699405,0.46674496824950035,0.13580744091411406,0.38645007674271314,0.42058479662459486,0.0,0.4214932851790407,0.38660080629541405,0.5315879960476394,0.4031026986945059,0.36369971695587566,0.5358789247857321,0.24168318155952076,0.5839992278429975,0.4980229053761945,0.37585528771416354,0.2884672009357382,0.68442187020961,0.38687908158046946,0.3167254644666991,0.2770097882569748,0.24680737379196988,0.3446834300544986
0.38815552295631234,0.0,0.776129709302287,0.07233430346395586,0.6887672988873617,0.8257378243159746,0.5955407029176342,0.3572633879255029,0.7680015155158572,0.044644807197459224,0.5052980643224989,0.21359815240140395,0.650068413200235,0.295500054668842,0.5253089012562242,0.2480901443996813,0.28927199625295397,0.06591564631875407,0.5717016066073732,0.7165801954289837,0.2890121661404139,0.4984869851553933,0.6485357341499576,0.0,0.071416919748447,0.33536913000299173,0.0,0.7032141604619153,0.6326307182450801,0.17141444998867258,0.22180521469625944,0.0,0.0,0.0,0.0,0.3022535852684534,0.0,0.07350171791528,0.0,0.0,0.0362780708756075,0.0,0.37490492585065216,0.21731420629773282,0.04241467271219608,0.20394400646802247,0.22220175051930355,0.5732961399532304,0.03176223677236997,0.6210871156426732,0.7092472233280084,0.5602189128348553,0.3261300696417169,0.7060938312610929,0.28336447325167285,0.33456014634230513,0.2657169534260341,0.5563604555819759,0.14330313197555813,0.22506878798031577,0.3319815738630686,0.2504873441028111,0.47806282068093725,0.5584946102961243,0.21957109406519004,0.17969764491737192,0.3802360023296451,0.6156512288188161,0.013613734302793057,0.3925532120396332,0.2707871795735718,0.6013880202291705,0.633811712431279,0.0,0.1969423953464961,0.32084478739764194
0.2201168787250628,0.0,0.7407858754528678,0.0,0.7107803609607196,0.703142563187825,0.5842034133506214,0.40549148508031463,0.6858765976334154,0.0,0.6475509427482002,0.24701483365715748,0.8000740845530002,0.39744665775171717,0.46118461124975896,0.25368833190458345,0.263539446212146,0.014637529277480799,0.6405022162298639,0.7366366200605652,0.15756750443933734,0.587244197888445,0.6816845101542361,0.10335320118296784,0.0,0.35438856218742576,0.7032141604619153,0.0,0.437688296590559,0.4884486561886529,0.28971204929056743,0.0,0.0,0.0,0.0,0.5557029345707241,0.0003690264758833828,0.2836067767337427,0.0,0.0,0.08913153283583841,0.0,0.466613960329997,0.12107094038449621,0.14970807866098834,0.24695948877261287,0.18452229196898975,0.6462255189686552,0.0,0.5176920087686068,0.5248192480073354,0.4172994658235523,0.44487920552975235,0.6344034927196547,0.1577736417417884,0.39773524982805303,0.22690246791172325,0.601134380916695,0.1726076524328012,0.16503425572157146,0.2541063358055887,0.13337792417446193,0.3651304850382199,0.6359171577503617,0.34116421964260657,0.07057287947252272,0.4208705861816647,0.5760203178932494,0.14462536395791853,0.2401305150417618,0.2801240842119886,0.4803520709727372,0.8338958173481623,0.0,0.43202878284104074,0.24665451601102553
0.3928418641881719,0.14776281650654172,0.39382146194051154,0.0,0.2405364759479972,0.6943405742660325,0.40030414464840525,0.19022895968084413,0.3626229446563656,0.43219274601567526,0.12131092675656158,0.3113277687012731,0.6116779239425906,0.0,0.535475147366797,0.4802739202754745,0.5548915533675133,0.4841619819188127,0.25802605427820036,0.6177318628791143,0.5823479620958479,0.56376467061835,0.509172862890909,0.3386954684981931,0.5338975966720371,0.49362132517308926,0.6326307182450801,0.437688296590559,0.0,0.17123835179915953,0.2351111365873376,0.12744860493055896,0.0,0.0,0.0,0.04661012665315131,0.0,0.1350103690771045,0.18010222937020787,0.13241665965453753,0.10241581010707616,0.0,0.1388332344387613,0.010188575037947623,0.08691676071203394,0.26228834451627264,0.5301178415906995,0.2613658227516259,0.0,0.23875791269651575,0.574668818401541,0.2568769406957353,0.33867192449904826,0.33570455609445166,0.4895335115968539,0.12132006666138656,0.2377389579169677,0.43851409230884586,0.008912538233507114,0.1880368532113587,0.5935586320600239,0.5365877701856148,0.6595938036984056,0.3010791063976003,0.1921558298220967,0.43669295102203465,0.4636952421313155,0.5318220500974792,0.2329390905558122,0.5816826601207676,0.6435829273432502,0.3688190544829869,0.3362877218770171,0.42552137759194114,0.22745692687222693,0.4079712661068169
0.31325060152713735,0.0,0.24958068929214428,0.0,0.1328903351864638,0.2285782860712431,0.04788946376545472,0.0,0.21046174271310739,0.06966101675676575,0.2732563211755032,0.12724751389982414,0.4071788271529649,0.0,0.11272440812896939,0.5270705156982037,0.23091648925124927,0.18975022217940388,0.3306344838501106,0.40721547999376156,0.0,0.45687349273220995,0.2985435690850536,0.17817902768375538,0.2749417228039138,0.26882707339855855,0.17141444998867258,0.4884486561886529,0.17123835179915953,0.0,0.2059595939916396,0.0,0.0,0.13930126011203225,0.0,0.30362738240829157,0.0,0.5251296833396627,0.00392853982453413,0.04972847500367393,0.23495941118540994,0.0,0.3084637818934672,0.0,0.30648875023967626,0.503128982307939,0.1487515438509303,0.39864217994912843,0.0,0.11118054868771463,0.13269977919817064,0.0,0.39346000250544505,0.10967929890462796,0.29163927061250666,0.188230753967139,0.0,0.2115164075357606,0.10065127231362851,0.0,0.3375902338295247,0.2519402203350872,0.3417186814523927,0.3502096036743107,0.2717520858890377,0.0,0.38569952815013775,0.1850411108110966,0.37425414757969355,0.06838120639421925,0.38185355143160193,0.2965005428477907,0.4687291209943773,0.08416266649209017,0.6297761450074899,0.1665903457366748
0.4123238483979924,0.0,0.2617853205289552,0.0,0.24522785338278436,0.2044167004840143,0.07501024838689094,0.14842778285429037,0.26602396986685384,0.0,0.2503950605258013,0.03048794710271635,0.1660216005458468,0.1463906409226958,0.2851780349069398,0.29430524073337105,0.10612172374648204,0.04476614289529607,0.1851062487905658,0.30175958781448653,0.3363448379105617,0.2886980303456909,0.2862513549508231,0.16242542759900355,0.0,0.09449439886698618,0.22180521469625944,0.28971204929056743,0.2351111365873376,0.2059595939916396,0.0,0.2902579218275758,0.003892499729537313,0.2014494561715135,0.06049015557094711,0.13251220135673292,0.0,0.18938314645252657,0.18532230796565644,0.0,0.31495483000424473,0.07174934486574412,0.22277196579646866,0.0,0.2359655940533547,0.36354505897012074,0.0,0.18425794165091947,0.04938817035652482,0.16984070930765438,0.16318995075768425,0.05810997665304879,0.22250185164072978,0.22275010806443657,0.1140887458481363,0.19208327027689892,0.024305209146902734,0.10935208454186895,0.3403096198295067,0.0949632236714418,0.15124816748804276,0.0671139002261548,0.08109875171438974,0.20451674649660884,0.2211470298259331,0.25832235253545105,0.24607812963142334,0.24061261201026438,0.21280418472866477,0.0,0.06810872462511233,0.13364740626130267,0.3117323409848604,0.044475184599927164,0.23102798890127288,0.542328481940749
0.16315027986136843,0.0,0.0,0.0,0.0,0.0,0.0,0.0,0.0,0.19621441776477036,0.0,0.0,0.0,0.0,0.0,0.08695274527565144,0.05485075311040355,0.2807908620626725,0.0,0.0,0.3473373197005013,0.0,0.0,0.17506210319266585,0.256422773435931,0.0,0.0,0.0,0.12744860493055896,0.0,0.2902579218275758,0.0,0.3043552467797011,0.3374228873275808,0.43059691636847164,0.0,0.0,0.32225339867636527,0.869310859041834,0.3029278038425547,0.2125129335404305,0.30747023553473957,0.07007769109447226,0.0,0.18253477138728935,0.44797855247491836,0.0680069085119745,0.0,0.0,0.0,0.0,0.0,0.07154481129360257,0.0,0.2946340770128208,0.05456308200339049,0.0,0.0,0.1550048820483708,0.0,0.14819986563565302,0.16154444357190814,0.10069081405533725,0.0,0.0,0.33532331664783055,0.0,0.0,0.2929830826858368,0.06975187480308438,0.12411150549678027,0.0,0.0,0.2820106725111521,0.002261097183051952,0.22653603209720108
0.0,0.16265866692735087,0.0,0.0,0.0,0.0,0.0,0.0,0.0,0.1298404882959474,0.0,0.0,0.0,0.0,0.0,0.0,0.0,0.1703922836229294,0.0,0.0,0.16471834062306556,0.0,0.0,0.051558593020814225,0.08828403456614384,0.0,0.0,0.0,0.0,0.0,0.003892499729537313,0.3043552467797011,0.0,0.38533221082515484,0.11444047451092373,0.0,0.0,0.0,0.29045423139534665,0.43336116327597557,0.10019952524352008,0.25564368988995034,0.0,0.03701011618025188,0.0,0.0,0.07385147508141221,0.0,0.0841792412513703,0.0,0.0,0.0,0.0,0.0,0.0,0.0,0.0,0.0,0.0,0.05741984982728238,0.004070494475456099,0.0,0.0,0.0,0.0,0.13495755385459074,0.0,0.0,0.0,0.16407292389154746,0.0,0.0,0.0,0.19252900702883846,0.0,0.01375006337299603
0.03659047079180222,0.06617003454389198,0.0,0.0,0.0,0.0,0.0,0.0,0.0,0.013198581254012048,0.0,0.0,0.0,0.0,0.0,0.044738307824954276,0.0,0.08065383989278227,0.0,0.0,0.09683326548449603,0.0,0.0,0.04922574535186837,0.1830036492719678,0.0,0.0,0.0,0.0,0.13930126011203225,0.2014494561715135,0.3374228873275808,0.38533221082515484,0.0,0.20925956769362303,0.0,0.0,0.11490042150559916,0.258165124439359,0.3501711968508846,0.4721782012781338,0.08426934865026518,0.0,0.0,0.0,0.13843312748074083,0.05364850083096294,0.0,0.0,0.0,0.0,0.0,0.0068800340077867506,0.0,0.18812466383873686,0.0,0.0,0.009681697094188091,0.13724729233125174,0.09120223916998614,0.07603819013653013,0.08840638206223056,0.06724465994697833,0.0,0.017906773821030675,0.10796348012655183,0.0,0.0,0.1616347706460898,0.1846406931415689,0.048173780126645416,0.012445175749960735,0.0,0.27989719135049373,0.034070226515662425,0.08706135004451387
