0.0,0.5612766853481406,0.27595180476251513,0.314458443533676,0.3454675792151901,0.41525601455403655,0.25439421622206043,0.1957066140256931,0.3798788894314971,0.4261983779845869,0.38257221080441506,0.10635915163683168,0.4745189731574625,0.1955071602811359,0.6499494472604672,0.6634880041945688,0.6223588369392623,0.6483299548289494,0.052083793379008786,0.49098165674495126,0.6823689925703709,0.6719796394463401,0.490854685765779,0.5644532560185089,0.6910830033406327,0.6833042681351205,0.6898459182341248,0.513246162180559,0.5600019405499911,0.2501589917320464,0.6704761759717259,0.30007222979727716,0.5854388310091296,0.45863317177477897,0.024856021455772995,0.2519000348958665,0.20999338791897348,0.2738716959254889,0.3194202946306038,0.6358474455131823,0.32950497775658083,0.033262486429694066,0.29090370448414543,0.08356645642703601,0.1708855409173493,0.793333784494018,0.48762670412235387,0.29154337928888174,0.37603315778174295,0.40634195572007636,0.24897800791529326,0.35369112942799485,0.24244811211878334,0.30018938701617376,0.40882998951020055,0.38337667852149016,0.376441808900932,0.4048336171943038,0.04938286835074839,0.5891972158689381,0.578264220498981,0.5437438109140704,0.6802738145448058,0.13194170779951475,0.49261482910629,0.696986992924111,0.6548014451416235,0.32225650556143537,0.534879525059357,0.6233412582770764,0.6910943779283777,0.3893555435900085,0.5446458732479216,0.5541607141417794,0.250060375988012,0.42360700586453487
0.5612766853481406,0.0,0.2806885886587701,0.4577554301122037,0.3383772234676295,0.7743791713993922,0.23794275208381255,0.4359665105835764,0.23817121189907117,0.438897621297177,0.2860460831498426,0.2648300372270625,0.7211574166157847,0.36746197533840996,0.6025426524325556,0.7425941493138343,0.7977010038151879,0.7981875986450946,0.24241652049542417,0.5872638023619283,0.5465928352121878,0.74874444535196,0.5840285044417798,0.6027525716494695,0.8511081597781494,0.9016783907978277,0.6528784415319462,0.5901389315275842,0.4781408502865553,0.11648584433133646,0.443861069959335,0.43237197191365156,0.49927943951944825,0.3827296552522305,0.0,0.3981400374330609,0.40984139452613944,0.23909837747603802,0.5181847026347892,0.5649052051684189,0.4087422735898543,0.017903270811012652,0.3491897420012936,0.1331725280649649,0.15493390491769596,0.6103332927978522,0.8504637456791118,0.21186791907591615,0.44656602752649077,0.28428677575131056,0.41115592576484433,0.2575260947185715,0.36279888109292563,0.20453831564550867,0.48722740300252065,0.2744571544477315,0.6182749591121073,0.5634200703825686,0.24981967685069706,0.5582495733082331,0.697331572414852,0.8352508806533359,0.737528821127994,0.2262534555289135,0.5705781968447813,0.6133699155479768,0.7440256629684586,0.3686051712839222,0.5902696685143802,0.851671495581156,0.8649418011208853,0.3959829794396021,0.660786806333207,0.35456322676439905,0.38566027417210935,0.440962371317171
0.27595180476251513,0.2806885886587701,0.0,0.2238600670942828,0.3854034325317788,0.303949678699155,0.2770085011324536,0.16383703052451498,0.6490446935251515,0.33559990049127514,0.6623147254940153,0.16629032452888048,0.3455003115161125,0.10237781529178631,0.5549322986295886,0.3346019237359355,0.38327833986977766,0.2829686696665847,0.5531285882705189,0.5118082213577438,0.33767371841659927,0.48740180341270944,0.3216996538035798,0.2504107137304003,0.3505820236833022,0.35560104011154153,0.5965745753886389,0.4425567982227856,0.3210779876604842,0.2408526885400037,0.4054538111746051,0.11956145965102354,0.27867828820407964,0.13151473725155005,0.0,0.17055618319246985,0.1908249815713065,0.21007811034360718,0.21282508047276008,0.3069214755009966,0.07453664891395584,0.0,0.14651697976535583,0.027651925842151967,0.06140985007061889,0.32254703945544444,0.3005134844249242,0.8170908721620379,0.20405776706961115,0.538096167258145,0.24368862089074617,0.30742651705773416,0.15463239515758853,0.6221392765956063,0.3132687189717694,0.725377405934235,0.30410205510355476,0.30965915602161126,0.024717600057162198,0.5540055809563575,0.30872344789108414,0.300992650834276,0.37254290079771823,0.6167219743355689,0.6323367469486249,0.34973158890335787,0.5499486170798064,0.29318098393582837,0.2695662106702958,0.358297615381328,0.38373195082251493,0.49528208889758546,0.41640193426795036,0.3734663256517521,0.20115089287730542,0.20823253151718954
0.314458443533676,0.4577554301122037,0.2238600670942828,0.0,0.4746018662135274,0.566235154102415,0.44493166241123516,0.5406219903489783,0.31182901631394566,0.3585659746427964,0.3024033430131873,0.28504120291789825,0.5033699188974952,0.32610329438401353,0.3972651451966309,0.3460818241130911,0.4615316554813187,0.41233336049559854,0.3707515114415138,0.3021262883356742,0.41975290196056714,0.33859702295119526,0.5595812018052796,0.2898144307975575,0.3841564270683225,0.42288579818125344,0.46432223887728774,0.5712105209647762,0.3810584217364548,0.29231367409604214,0.45441061739392574,0.18234697261746832,0.4100292049351594,0.34905425266740936,0.06222328375139155,0.38940206879666844,0.394193517923084,0.17328533095618262,0.29925763881379563,0.37860534552115227,0.07063689227482658,0.0,0.17151772219363148,0.058731207240356006,0.13397487303280428,0.3897599127085448,0.41056843956883826,0.2540663279298271,0.29468365668410645,0.21640112468378975,0.30526247240056914,0.14437355043189315,0.446493407438716,0.24618188378076677,0.4365445782908139,0.23990188153439665,0.511203158271127,0.29364951499055164,0.14358623736802564,0.28935044164586987,0.3344535909154389,0.505939021978054,0.48525213596938116,0.26752761360816685,0.2642448118542179,0.45763766094952885,0.4116642348699803,0.42275173103114017,0.2346072580864803,0.48131912310234937,0.426591858066987,0.33550537978356315,0.37638905579137566,0.22381715041223546,0.051234358633135496,0.05139691730870259
0.3454675792151901,0.3383772234676295,0.3854034325317788,0.4746018662135274,0.0,0.517860000459351,0.8156559724860004,0.5800050432137543,0.749431026609969,0.39805538051564204,0.7641509314866097,0.2652175221511917,0.5956006935488055,0.44808126176608115,0.32841422014046506,0.18155103689135949,0.3009316894701765,0.26311836812270617,0.4044116057746853,0.37040713402239367,0.58624481709543,0.3250828694330446,0.5718586935696981,0.0,0.1537187967037164,0.22212299857278942,0.5679927227241146,0.6041281624145187,0.6694760206464576,0.6837084318858853,0.48693228276077316,0.0,0.42912285425261165,0.41097108396491067,0.12197711688457491,0.3433584560368945,0.16353000231458184,0.10872818189012635,0.0,0.344410709466572,0.0,0.0,0.0,0.0,0.0,0.46422690690533885,0.18162967168521166,0.5340236614936749,0.14740612348781312,0.3151047405776407,0.16355172033867366,0.0,0.43069931382591786,0.49388627556366616,0.4594240441293381,0.6306248486187005,0.35036180417240687,0.05774863724928958,0.0,0.3155719967621936,0.23451202290847487,0.280115623718391,0.37117308156036544,0.3562607264881126,0.2631069429734376,0.463157938647657,0.4093042390728264,0.4246948516377401,0.0,0.44441250144987876,0.3017238742720817,0.3371761071919532,0.233764514909329,0.18903159844774772,0.0,0.0
0.41525601455403655,0.7743791713993922,0.303949678699155,0.566235154102415,0.517860000459351,0.0,0.37262630900450605,0.7294944123786784,0.3457247735230384,0.24968579154412246,0.3608278008778456,0.1650273977142379,0.788926822524372,0.5897672839558162,0.45205482865154173,0.49358986717790787,0.5115183691170982,0.5782765966453667,0.36239397072659263,0.5036759944035711,0.5348599423950264,0.5306188932080108,0.7642060787663721,0.42127048407540146,0.5663483933350844,0.664126607524599,0.640244370033958,0.6103987167623739,0.5795152713886519,0.3180994050713746,0.3419419707351783,0.25842987433153686,0.5176893698255782,0.3841395330072096,0.0,0.5322586771155283,0.30465863942286747,0.0893019159255819,0.3640996874011314,0.5251628596476061,0.15614289845585702,0.0,0.118254453316924,0.11508244787215671,0.06420198587766042,0.5264981035908233,0.6815572183835447,0.2633889066837101,0.4294633863689191,0.10515925136373688,0.3755976494966083,0.0,0.5506790690477478,0.1428526685849842,0.36370746067874826,0.28254656228420244,0.5502460052792381,0.3220587516597505,0.10187597277993674,0.3249305654370678,0.5761733237248994,0.6330894116877337,0.5607145671437241,0.3055439589762099,0.34186516645601683,0.5404626902343822,0.531722762824375,0.48874272180575806,0.3358864606423114,0.7091028926025242,0.6342896663299018,0.2594336772916591,0.4364756880951863,0.12142472934610597,0.10991097075276203,0.07187392832204424
0.25439421622206043,0.23794275208381255,0.2770085011324536,0.44493166241123516,0.8156559724860004,0.37262630900450605,0.0,0.45781956715930605,0.6841628126063379,0.5461678077308648,0.6374906561263312,0.4128179383894858,0.41113934159079724,0.22303009201229124,0.15231253248337517,0.08793966755262925,0.26283645920580023,0.14720719748705097,0.3289915283072079,0.10601617231241273,0.3786304178482779,0.14058587740359857,0.4866658714077997,0.0,0.07039514737611907,0.12159928133745429,0.390672704512659,0.44855809330992114,0.48563299574111174,0.5433164474249594,0.4558981593671486,0.0,0.29156222329023795,0.4525718795351476,0.27223028390662696,0.03551701537266616,0.09110524351743848,0.23056585125742354,0.0,0.2636561249797823,0.0,0.0,0.0,0.0,0.0,0.2978605748244648,0.06774396888404938,0.5332925245234563,0.0,0.42262375986371314,0.3147868977535015,0.0872897209601104,0.34729210841354236,0.5782119498154727,0.6308226893069202,0.5274184689817922,0.3197351827312741,0.11391505439890787,0.0,0.2063364253453268,0.11493503968076303,0.16965690198981465,0.2883913916823874,0.3543767638325776,0.14380007344475415,0.22824538370923983,0.2927565642398725,0.4986474517351457,0.0,0.34789052098930107,0.22509785506951197,0.4822488415722673,0.0846809009942287,0.3208062414250996,0.0,0.0
0.1957066140256931,0.4359665105835764,0.16383703052451498,0.5406219903489783,0.5800050432137543,0.7294944123786784,0.45781956715930605,0.0,0.33381996320525276,0.31810403365634776,0.38105898472068894,0.4047756311349402,0.4976204761918438,0.5128145995455109,0.16776085073338462,0.15653620027393655,0.25065287583566465,0.17106156955119944,0.39647095156703965,0.13923256781982832,0.3473514159098603,0.15441112113971933,0.7686945229694193,0.14791447580295508,0.12157506089810065,0.2829758398674185,0.34918698631205075,0.3996386327513935,0.28167118318029133,0.3720445526211411,0.25199532842075845,0.12255513157118061,0.4107942985732711,0.3405215584115432,0.1766703791175287,0.3157549654332702,0.22758828924731528,0.08152897094827244,0.14444247685239398,0.30961619167662924,0.0,0.0,0.13626893949724117,0.06565125155796797,0.08881998102243971,0.2435200056708697,0.3434006156352645,0.1972348886129582,0.0906912599244589,0.17314627820638018,0.3922218082392824,0.03544400695057015,0.7789389417924621,0.22603922143085456,0.4064982066590476,0.3303874094564959,0.5994405378989585,0.24325179740362726,0.12859730632200295,0.08732906752659067,0.1397099361612499,0.41289084589479774,0.19457538273118552,0.3029239429495834,0.05599327522999345,0.2996782341130995,0.227740433438055,0.6131009014744865,0.0662953411984282,0.3710604686482507,0.32574068708845577,0.2625319686090984,0.14000201875717777,0.004752090358602509,0.0,0.0
0.3798788894314971,0.23817121189907117,0.6490446935251515,0.31182901631394566,0.749431026609969,0.3457247735230384,0.6841628126063379,0.33381996320525276,0.0,0.43587056851812067,0.9069130776470947,0.25884655548129576,0.43323471057729,0.16073500470995256,0.4536067431773071,0.22325698362691904,0.2930132620985647,0.2312613951504792,0.42342167582014717,0.42994403164441836,0.5411897134662236,0.3844773331383645,0.47652733473149433,0.12850370879293949,0.203874002706377,0.2194988211663052,0.6672737306287765,0.5804303049756028,0.5535076324079407,0.5729313134604815,0.5872880852638983,0.0,0.35771478392214595,0.3235650050377201,0.04525996997943932,0.17198155127081916,0.13565810536576908,0.20236118645536785,0.019909896527003937,0.34903367344635006,0.0,0.0,0.0,0.0,0.0,0.4181562370792955,0.1929783053290813,0.7846608695123014,0.09113422829377057,0.6592495167859015,0.2715375156337481,0.27963972360249356,0.3205277376393528,0.805055714861246,0.47779941169595325,0.8500251718178515,0.3385876502716272,0.21496374695314402,0.0,0.5105087500218795,0.24868833029404588,0.2125451355373417,0.39876995556404193,0.40291783759219424,0.4724018894017689,0.45430547013023426,0.4792678803070606,0.4694748993962533,0.054235313893574194,0.4318877652293972,0.3563548232620214,0.539608329764609,0.2783046833362825,0.4468482601906485,0.0,0.0
0.4261983779845869,0.438897621297177,0.33559990049127514,0.3585659746427964,0.39805538051564204,0.24968579154412246,0.5461678077308648,0.31810403365634776,0.43587056851812067,0.0,0.40384499291609666,0.8061028575774173,0.2025237599516703,0.06835331820087037,0.32655426945376226,0.3868603101526012,0.6790094244712203,0.32848519275648114,0.24010198506656788,0.11472560391759115,0.22654996484040188,0.3315901663570191,0.4863584834634463,0.38271032251549214,0.3488431056472542,0.44746036319841853,0.40852738443607656,0.22285842677682516,0.17456993149967595,0.21985868370768955,0.627833185907589,0.44601295782900174,0.3339069877098193,0.5187470180029106,0.345345582298913,0.0,0.1612303083041611,0.5607294357515822,0.2855645737066417,0.39380179842456253,0.08733474916535428,0.0,0.46827222561676346,0.02321806706233223,0.19655694920018635,0.30184296284619166,0.36354103682251165,0.5275471217312201,0.0,0.6912888854798326,0.5628821445965748,0.6937139309617565,0.3969641490177475,0.6713835917500812,0.9231033691704245,0.5533528468480003,0.7260653484872946,0.683649446441299,0.30690706337309515,0.46927936494050004,0.2712497361423102,0.507940299222279,0.4591141284252834,0.3773232808329482,0.41244536450213753,0.2350469735186879,0.5897576904671595,0.5988836982719437,0.33570434510851993,0.4526806724942026,0.6012105068679492,0.758554383002757,0.32075679614387786,0.6453355039305877,0.19664779324831277,0.3290959459266107
0.38257221080441506,0.2860460831498426,0.6623147254940153,0.3024033430131873,0.7641509314866097,0.3608278008778456,0.6374906561263312,0.38105898472068894,0.9069130776470947,0.40384499291609666,0.0,0.24454549936075812,0.4369972319002411,0.22361151857597428,0.4766852626029692,0.281725838523466,0.3079849675705329,0.24479281118631496,0.47128998734444655,0.45706511130706634,0.5731860786004583,0.4249239331989366,0.4974420413628483,0.11269561081453394,0.2231451802026087,0.24129786936197908,0.6448108817703145,0.5797131534527512,0.5471651954163199,0.5902059037821047,0.5585804577482639,0.0,0.40318605969674604,0.2903530945144184,0.003139393025981388,0.26744094870940455,0.15414715473067866,0.1871933042902031,0.011849355387107657,0.3281245806152255,0.0,0.0,0.043017560364492405,0.0,0.024691517022840573,0.4302230780461114,0.20109130751569035,0.7597646576935934,0.1419524412765302,0.6211375938738468,0.22803134204870448,0.18621097723250996,0.35970601444202566,0.7047411853044574,0.44682605651904195,0.8772207686251108,0.3545315705810026,0.22262945932594036,0.0,0.5144693476834477,0.25477941865632703,0.26099854359338703,0.36910450452030086,0.48811051223516927,0.5096662303656997,0.4763046537540755,0.5180012952909872,0.45615204521152436,0.023729610211401325,0.4273308778596492,0.3543511045592341,0.4896782871236716,0.3373412099525393,0.3912816219762283,0.0,0.0
0.10635915163683168,0.2648300372270625,0.16629032452888048,0.28504120291789825,0.2652175221511917,0.1650273977142379,0.4128179383894858,0.4047756311349402,0.25884655548129576,0.8061028575774173,0.24454549936075812,0.0,0.0,0.004533460508387183,0.029543765390983384,0.1365046486665102,0.39829795751111097,0.06438970371905339,0.24024693432923816,0.0,0.0,0.004371706113142637,0.37424066643626475,0.26319601719642133,0.0478915130861641,0.22727606020783725,0.10467762927970664,0.0,0.0,0.07892550271379317,0.30062051282078883,0.41955782776180583,0.2337302722050359,0.3560695795793125,0.31501868091127005,0.0,0.06349168581022042,0.5166874928042006,0.18834127064933884,0.19512812046611744,0.014543932716937075,0.0,0.441469826482329,0.1716259655491067,0.13255189610122695,0.0,0.23777883763506438,0.3655078227144243,0.0,0.5496178747396716,0.6079028480312086,0.5858927889829926,0.4783189915850584,0.5608870351294166,0.7802934049647154,0.38902895159178097,0.7691936276876403,0.6113047685943827,0.42932632419993905,0.15202845491977413,0.019134919105328496,0.3497996566252155,0.1234074333154129,0.38622917006037777,0.13233465989603133,0.0,0.290833242477287,0.5822106941880869,0.16206536413596534,0.14568138060586264,0.3678529407958584,0.604200677590744,0.025259259969838188,0.40095694764137335,0.12981205235990434,0.16776592475926938
0.4745189731574625,0.7211574166157847,0.3455003115161125,0.5033699188974952,0.5956006935488055,0.788926822524372,0.41113934159079724,0.4976204761918438,0.43323471057729,0.2025237599516703,0.4369972319002411,0.0,0.0,0.5795296716935316,0.6210842068281242,0.5675239008366163,0.6068490170519129,0.740287231333459,0.3558252255600959,0.7395044890568023,0.7130289697079482,0.6946417102203674,0.543497100228862,0.3321389991550653,0.6181065432569521,0.6665018220541548,0.7226783354079944,0.8555863828258169,0.7590519647501692,0.43397723191775306,0.4276858709229066,0.03106066116032072,0.5101399318950703,0.3429975074906527,0.0,0.6959690430688363,0.28628298493594506,0.003693412448647626,0.2294858223100429,0.5252604778888749,0.11679911234005085,0.0,0.014072872446663054,0.03760465180882627,0.0,0.6663184042927164,0.5449344754580245,0.31141505807336123,0.5836745407809246,0.10610232292813945,0.04946618340792258,0.0,0.23177651238852767,0.13084612622712494,0.23079563473830894,0.30532587813723955,0.3414645064103058,0.14740504374346808,0.0,0.49615440703283553,0.5960075906853294,0.6364080526800338,0.7252074242078532,0.23744446043406348,0.4606046159449942,0.6515050158923079,0.5667504000555261,0.17007042562453636,0.27733218893829403,0.7145631789616202,0.6058328988141674,0.11455705398772287,0.6497419531908758,0.0468908909203225,0.04265833816396014,0.0850960501757043
0.1955071602811359,0.36746197533840996,0.10237781529178631,0.32610329438401353,0.44808126176608115,0.5897672839558162,0.22303009201229124,0.5128145995455109,0.16073500470995256,0.06835331820087037,0.22361151857597428,0.004533460508387183,0.5795296716935316,0.0,0.26807006976693143,0.23314279195980991,0.23544015344216707,0.27749311232510476,0.18234593905218938,0.37238771774830365,0.34621599391370084,0.31710306939978294,0.42871659683245433,0.06725555675523315,0.19581063435901813,0.2792296359095493,0.3123639851264132,0.39995703745662603,0.4760373756203767,0.3478046756469131,0.14637003798062717,0.0,0.37607919625513314,0.21877238950589067,0.008421002985618431,0.4924335112441968,0.15186085483304057,0.0,0.0,0.27744380565929233,0.0,0.0,0.0,0.0728136726107464,0.010734126977909458,0.3280376152048726,0.2287830651456476,0.06642685819162426,0.25332515355779833,0.0,0.01689329230680872,0.0,0.30122158843876834,0.0,0.05797899388004668,0.09586609567652293,0.21808295828194013,0.0,0.014951604379442762,0.13218859788655346,0.2194925795451051,0.21511892070727232,0.24927156492117947,0.11158762438747198,0.12722310837713424,0.31003453674107395,0.22689990221104797,0.1968420111504804,0.06763966834932436,0.32851312840268115,0.238171866513969,0.0,0.20508949711200197,0.0,0.0,0.0
0.6499494472604672,0.6025426524325556,0.5549322986295886,0.3972651451966309,0.32841422014046506,0.45205482865154173,0.15231253248337517,0.16776085073338462,0.4536067431773071,0.32655426945376226,0.4766852626029692,0.029543765390983384,0.6210842068281242,0.26807006976693143,0.0,0.7169430309468874,0.7023678374733239,0.732905314386062,0.3921372230516841,0.8561691151259916,0.7332942427728149,0.8964036893032451,0.4493000233209158,0.5377459863012115,0.7612777763704213,0.7364781539204163,0.8445670694386898,0.692007533983985,0.5816971618904891,0.17274179292117928,0.6354008218926912,0.2413241825116131,0.4234341907421176,0.27243635390616117,0.0,0.46868777899537667,0.3307586556326838,0.19348441263560373,0.41231907570163867,0.5345097040164699,0.39490199781012997,0.04643970771632633,0.34378195802276157,0.1491533261773068,0.18512110164640616,0.6908207983374326,0.6015510946004595,0.43487516421068817,0.6167105001749041,0.46905232121312457,0.139094066089416,0.27247503344416524,0.14139786965893997,0.37555395928367724,0.284761038667983,0.5010006329622384,0.3794570459224901,0.42915672140630223,0.1118736063929624,0.8702524468227262,0.6641635230653987,0.6459704332126007,0.8101785638689982,0.33754060811106945,0.8087158713335754,0.7794264386345642,0.8297382396973267,0.22001092899123925,0.5793553605962756,0.7069715854186857,0.7321493973224134,0.35858010158656634,0.7698259825550601,0.4649153797306065,0.4077463520996736,0.48856119604229753
0.6634880041945688,0.7425941493138343,0.3346019237359355,0.3460818241130911,0.18155103689135949,0.49358986717790787,0.08793966755262925,0.15653620027393655,0.22325698362691904,0.3868603101526012,0.281725838523466,0.1365046486665102,0.5675239008366163,0.23314279195980991,0.7169430309468874,0.0,0.7966234873703135,0.8793376929801955,0.19764913736863143,0.6357343676304474,0.5584723140833473,0.8193894733825597,0.3951890714660504,0.623814781185756,0.8423348114649334,0.8177235766222317,0.6830667157407389,0.5607932823421906,0.434110006659586,0.0035098905335115838,0.5811331561615714,0.44746984638462445,0.5141838058116134,0.3786031655129347,0.0,0.3221803308862312,0.38769500257690226,0.2697174420606999,0.5450690356687359,0.5694721264976946,0.5297743045264324,0.12009793429129809,0.4257805233852755,0.17399093138969746,0.2742993071041777,0.6345170805612421,0.6781714842485489,0.23129452120765984,0.49787773243164246,0.4047342208656459,0.28857792689552253,0.3565190867689909,0.16045860277206914,0.2531030192952368,0.3584944179355648,0.3138631572749955,0.4850676627527006,0.543824994838819,0.2378890891271272,0.6401178265321031,0.7496257431844621,0.7666965821733946,0.8373915652124355,0.21587025953442365,0.644990127923192,0.5977935936872558,0.7764985773929816,0.2332225668527974,0.6695379390825622,0.6874214338912482,0.7494941496772293,0.3807397034477476,0.6942641992615994,0.4770663113437418,0.47052876539127686,0.6014410527011134
0.6223588369392623,0.7977010038151879,0.38327833986977766,0.4615316554813187,0.3009316894701765,0.5115183691170982,0.26283645920580023,0.25065287583566465,0.2930132620985647,0.6790094244712203,0.3079849675705329,0.39829795751111097,0.6068490170519129,0.23544015344216707,0.7023678374733239,0.7966234873703135,0.0,0.8243283934569967,0.26410116132039824,0.5897499074505597,0.5159331266531839,0.7649263575944638,0.424163144018262,0.6376287656240756,0.8187201167886482,0.8851942360073083,0.654504530165221,0.5859882965788339,0.40242183990662894,0.11587494739191244,0.6040192507359663,0.4711707396325847,0.462608941821508,0.41466429853678877,0.0,0.3039177300038609,0.37996997915800035,0.334054494917414,0.5176897694260973,0.5450365680180096,0.46625504123178785,0.0,0.49797151676063556,0.1354136725285684,0.21836724750692768,0.600634810659975,0.7207328466782024,0.347062282798968,0.42273273292121727,0.516145202358826,0.34838433935665375,0.4364133340017224,0.2439071072612918,0.38807074699591393,0.618751924932635,0.3508584178434934,0.6468806312702137,0.6601537661376095,0.30406475957526924,0.7267194016723912,0.6711865877905359,0.8571525804895699,0.8216977170466238,0.29507596819228915,0.6744057689655301,0.5586587432194919,0.7987236239878608,0.2884697792373469,0.6717000942743132,0.7464878953877381,0.871109063752469,0.46684468331577605,0.7693371254632347,0.4859571434097889,0.45988712244427843,0.6150321128641587
0.6483299548289494,0.7981875986450946,0.2829686696665847,0.41233336049559854,0.26311836812270617,0.5782765966453667,0.14720719748705097,0.17106156955119944,0.2312613951504792,0.32848519275648114,0.24479281118631496,0.06438970371905339,0.740287231333459,0.27749311232510476,0.732905314386062,0.8793376929801955,0.8243283934569967,0.0,0.18701520845371167,0.7197139246279641,0.6368027414887121,0.8169772565885115,0.37473341831655327,0.6122597809563041,0.8774728990427415,0.8499930642458376,0.7249789913396136,0.6864558162077055,0.5480194093193652,0.08499830348105442,0.5330520196723021,0.3461236400740835,0.5078083019696025,0.3581534897780456,0.0,0.4618596839527453,0.4048421528994216,0.20895717781380363,0.47909067130890287,0.5872299903369984,0.49295940967304464,0.12783946581191646,0.3901452251370936,0.18695434777709713,0.1728347872202243,0.6854131392763596,0.7190535329516297,0.2095703691575342,0.5859730697213482,0.2846711214066987,0.16389882195529196,0.18606768530631443,0.09979886494662589,0.14602085767318054,0.30235624992054355,0.20682704297566726,0.42580565373769763,0.470764216188193,0.11241542444688313,0.6548201520431219,0.8110734246583835,0.7928446884164446,0.9139591200883007,0.15714398257308795,0.6293178572025766,0.6624309253025433,0.7377390004107002,0.1267860157687291,0.654800605921736,0.7604109346493385,0.7895013348683575,0.24051029482540265,0.8076949201361618,0.3538691172023849,0.46682888331061945,0.5741420861484035
0.052083793379008786,0.24241652049542417,0.5531285882705189,0.3707515114415138,0.4044116057746853,0.36239397072659263,0.3289915283072079,0.39647095156703965,0.42342167582014717,0.24010198506656788,0.47128998734444655,0.24024693432923816,0.3558252255600959,0.18234593905218938,0.3921372230516841,0.19764913736863143,0.26410116132039824,0.18701520845371167,0.0,0.3127070747125916,0.28237284097508086,0.2909740552589382,0.37812854178677824,0.10529713210266987,0.14347586155471934,0.24161560746207394,0.3793915825225771,0.338020760412055,0.2264373945042935,0.3047808904566743,0.22386214423217587,0.10823514858173522,0.23459307142607833,0.14031391271113075,0.0,0.20676167128402048,0.0898628850611215,0.15144225782935983,0.1591511814916901,0.21636736499424564,0.0,0.015872991561942492,0.14102276207025793,0.0008064690926710971,0.14537364059028446,0.2029664216035162,0.18263511102780755,0.45128100345729216,0.15591187642003584,0.28430065886632466,0.15692419655557016,0.09131355360493923,0.32119207911410724,0.35502364980560575,0.212744152500524,0.4428912668367452,0.350137375283236,0.18549275674313848,0.07334479269931402,0.33707776537724,0.14255221860747413,0.3067723670094216,0.20635694503709198,0.6768104454659284,0.3154550184680565,0.2416629441784083,0.34060924579598945,0.28973425063737135,0.10447562749297419,0.20931655842722877,0.20966397639832898,0.3181216593994959,0.29853200665476387,0.10156963202429728,0.033209406925468865,0.004827259572429132
0.49098165674495126,0.5872638023619283,0.5118082213577438,0.3021262883356742,0.37040713402239367,0.5036759944035711,0.10601617231241273,0.13923256781982832,0.42994403164441836,0.11472560391759115,0.45706511130706634,0.0,0.7395044890568023,0.37238771774830365,0.8561691151259916,0.6357343676304474,0.5897499074505597,0.7197139246279641,0.3127070747125916,0.0,0.7260318354198911,0.9173506367746105,0.316197382453002,0.3745721984842058,0.6765482401583289,0.644589508543463,0.8096827904109031,0.7799569817132596,0.6947277975288149,0.20162008117367558,0.4706089629099662,0.021430092018232566,0.27972248832426083,0.11127999490331847,0.0,0.663227530149201,0.3477331464215536,0.007000127883687451,0.2903051774619572,0.34289231042739243,0.25120571053366686,0.05711549941873919,0.13165788407941267,0.0757656600103662,0.041660507049867915,0.638615860531186,0.5170006157455485,0.3997230964223035,0.6302236880106952,0.2308715385149284,0.0,0.0,0.0,0.16198034541554412,0.0731157129903767,0.3871236978758523,0.21137342509630344,0.1622695812102002,0.0,0.7478589328330117,0.6245233718131784,0.5576751816894525,0.7075307339550841,0.15715316680073843,0.8035365519590154,0.7226638830379538,0.7195652402258653,0.012703488031817534,0.3704307513960141,0.6703934572128206,0.570171428977525,0.07125088159188547,0.7537386778887645,0.15281474648501756,0.2554466834089246,0.3193625154740253
0.6823689925703709,0.5465928352121878,0.33767371841659927,0.41975290196056714,0.58624481709543,0.5348599423950264,0.3786304178482779,0.3473514159098603,0.5411897134662236,0.22654996484040188,0.5731860786004583,0.0,0.7130289697079482,0.34621599391370084,0.7332942427728149,0.5584723140833473,0.5159331266531839,0.6368027414887121,0.28237284097508086,0.7260318354198911,0.0,0.6930952964290955,0.5559985081615152,0.32126840593393224,0.5991146646888232,0.5453971348788581,0.8054181553251383,0.7510576130078039,0.8151066385066682,0.48990381514232817,0.6297386328547857,0.0,0.5141977440648633,0.36782667956616366,0.0,0.5842040669535107,0.2442786647298022,0.09432976611164996,0.16596968815674182,0.47430620207565233,0.06603125662625323,0.0,0.059999100810011904,0.0,0.037652265042645905,0.8025221097795723,0.45438889052659837,0.3328031674308373,0.5759646670721025,0.28590515126697463,0.023504878772117543,0.055614278824984764,0.21041276286069197,0.26461997950228344,0.26002312139394873,0.4543457966470284,0.2362464800780248,0.174505680534308,0.0,0.62309722855079,0.5575799477491946,0.5342381345252544,0.6695498845738469,0.11955032051001532,0.5107103750477604,0.8669319960166182,0.6135588605895126,0.25418503667046455,0.24853409623663972,0.7247569292292473,0.566942030480085,0.1820261574176962,0.5689740669941621,0.2644431091689222,0.021255744054073794,0.10169476511018283
0.6719796394463401,0.74874444535196,0.48740180341270944,0.33859702295119526,0.3250828694330446,0.5306188932080108,0.14058587740359857,0.15441112113971933,0.3844773331383645,0.3315901663570191,0.4249239331989366,0.004371706113142637,0.6946417102203674,0.31710306939978294,0.8964036893032451,0.8193894733825597,0.7649263575944638,0.8169772565885115,0.2909740552589382,0.9173506367746105,0.6930952964290955,0.0,0.40462193717831424,0.4993577421221984,0.8505298143415277,0.8095334677410082,0.876967561972523,0.7129380487142747,0.629419052958772,0.10544969809491794,0.5796324792549249,0.2759695864704079,0.43700426153526784,0.2851086314273283,0.0,0.4906299697767151,0.38788081863868384,0.16121867403023682,0.44281180424898436,0.5044401257250747,0.4249248067431132,0.07192661014961456,0.3124675407347953,0.1258134564711825,0.1695760857103288,0.7216690566366732,0.6613422777196902,0.38160567472617374,0.60681570298935,0.3910424551929935,0.1458823791228735,0.22636288874421368,0.10129357939302253,0.28406575664942535,0.2638975678553644,0.4366670829271677,0.3638562453826198,0.4220415825934502,0.11790543290768303,0.8199001705156536,0.7063193952478449,0.6915977818401007,0.8131876329624774,0.24925739498498517,0.843142375136268,0.7309146706042913,0.8661646794920344,0.1884911871468863,0.5486022878086008,0.7810127269428015,0.7481845117851399,0.3298913353335132,0.8070201942835611,0.41492004028382135,0.37423556525901697,0.5042860234236303
0.490854685765779,0.5840285044417798,0.3216996538035798,0.5595812018052796,0.5718586935696981,0.7642060787663721,0.4866658714077997,0.7686945229694193,0.47652733473149433,0.4863584834634463,0.4974420413628483,0.37424066643626475,0.543497100228862,0.42871659683245433,0.4493000233209158,0.3951890714660504,0.424163144018262,0.37473341831655327,0.37812854178677824,0.316197382453002,0.5559985081615152,0.40462193717831424,0.0,0.3928896057116752,0.44478978000824027,0.5133110220971117,0.6142311823627029,0.4751444497826488,0.4883443540970577,0.3891538587880208,0.472959880853309,0.2578900767678728,0.5294454698526851,0.4451790518838409,0.16012344472011544,0.25165977157732655,0.21521700928569487,0.23207920370353657,0.31951709995849065,0.5507595586379961,0.025335701164033664,0.0,0.19508816504890297,0.0,0.1747153604994005,0.47444687926166396,0.5658976036139505,0.34237640554484344,0.26683687201970563,0.3581552343808173,0.593190775649542,0.2787823748235216,0.7330087963022803,0.38675258161260456,0.5721459996370553,0.48070228006141325,0.635550772340095,0.44086879460541833,0.1692558252801733,0.3649236253216715,0.4309071968484912,0.5148389424758499,0.47867108579149464,0.3847324482419483,0.26811869852657955,0.5603618895519169,0.5277886304620245,0.810420088889665,0.30725445195437895,0.6344496397911702,0.6061453200485765,0.5178690890392881,0.3161031048580778,0.35791586647277507,0.013706407545499538,0.03173335336523099
0.5644532560185089,0.6027525716494695,0.2504107137304003,0.2898144307975575,0.0,0.42127048407540146,0.0,0.14791447580295508,0.12850370879293949,0.38271032251549214,0.11269561081453394,0.26319601719642133,0.3321389991550653,0.06725555675523315,0.5377459863012115,0.623814781185756,0.6376287656240756,0.6122597809563041,0.10529713210266987,0.3745721984842058,0.32126840593393224,0.4993577421221984,0.3928896057116752,0.0,0.6876407825322808,0.7560011793959633,0.4308614089211339,0.30405777816876434,0.09842479682817197,0.0,0.4303008657139378,0.5789598782846361,0.43453653276773063,0.2487305368945921,0.0,0.1629946398950798,0.2859872155067078,0.36140613005343886,0.5587888617778107,0.5370427115488724,0.6542438285115835,0.22037984980010206,0.5360174461232728,0.3452549699092826,0.24866169337028782,0.4526444741619054,0.6833944689359555,0.16529613192486864,0.35141530989534553,0.3171754855506411,0.4142730977233069,0.43240910329114957,0.2512953966606374,0.2030372940896213,0.3348306429848443,0.1767419340664531,0.5573006394382801,0.6332975628710762,0.3614747605167572,0.5238085143388278,0.5624823483773927,0.6428048262363906,0.5989277706848332,0.17450402536920337,0.5080323409525459,0.4481590342717903,0.5457759387945724,0.26021167890520347,0.8375370000061749,0.4808252515503597,0.7862792030258666,0.33920282383506456,0.5921972152335924,0.4483999901643366,0.6424605909865435,0.6929295713454877
0.6910830033406327,0.8511081597781494,0.3505820236833022,0.3841564270683225,0.1537187967037164,0.5663483933350844,0.07039514737611907,0.12157506089810065,0.203874002706377,0.3488431056472542,0.2231451802026087,0.0478915130861641,0.6181065432569521,0.19581063435901813,0.7612777763704213,0.8423348114649334,0.8187201167886482,0.8774728990427415,0.14347586155471934,0.6765482401583289,0.5991146646888232,0.8505298143415277,0.44478978000824027,0.6876407825322808,0.0,0.9050933607210062,0.7268823627783837,0.5574445478419985,0.4803774706505796,0.012245820601192725,0.5413232400725161,0.4790704394513558,0.4831969947007561,0.30801940656849336,0.0,0.3417943552652233,0.3824841064982941,0.23508093828508564,0.6282970253628286,0.6237459736876017,0.6484067649178774,0.1418565117915411,0.39329105190769564,0.1801475891044721,0.21404591849235555,0.6852254235661709,0.8620224655677533,0.21330092452387875,0.5710063103681764,0.3037240161128784,0.3002027555117013,0.3451263809031829,0.14961715074768187,0.19156350983777112,0.38104299890154847,0.239551970397201,0.4665704061779612,0.5759127628977194,0.2162224063238925,0.7116740877325656,0.8025196323655304,0.8067245060160279,0.8452856976977099,0.17112708389289033,0.7081745717064805,0.6988774205628925,0.8337949875734654,0.23868026562182937,0.7366579613408676,0.8527850870319389,0.8850482679078994,0.37896843118832957,0.791731297228541,0.49207797020897115,0.567859715788785,0.6943541376279974
0.6833042681351205,0.9016783907978277,0.35560104011154153,0.42288579818125344,0.22212299857278942,0.664126607524599,0.12159928133745429,0.2829758398674185,0.2194988211663052,0.44746036319841853,0.24129786936197908,0.22727606020783725,0.6665018220541548,0.2792296359095493,0.7364781539204163,0.8177235766222317,0.8851942360073083,0.8499930642458376,0.24161560746207394,0.644589508543463,0.5453971348788581,0.8095334677410082,0.5133110220971117,0.7560011793959633,0.9050933607210062,0.0,0.693859107606942,0.5603219131098061,0.3992342553087552,0.03493763395996563,0.5050725852542118,0.5234157846543555,0.5260232528060775,0.3230989272351311,0.0,0.3750292345711256,0.41861513101675507,0.26944479789630055,0.5909228919404119,0.6465210536749122,0.5815402725436887,0.14763685788465397,0.45818778166695256,0.24108511648087383,0.21496907588461273,0.6740854926086137,0.8460417176359215,0.25809605738603336,0.4644630762975111,0.353931199608816,0.36746684899166693,0.3473202127222295,0.26666248833815365,0.22163837559494268,0.43839317281248946,0.27151512451640725,0.6209287399730643,0.6204149589424768,0.32441620555385386,0.6954392782625992,0.7444487458941634,0.8754838135281664,0.8184613933611087,0.2497763531392731,0.6777303014012408,0.6194730252641685,0.8068161193155716,0.304790925293423,0.7325877045990308,0.7683350516898455,0.9488454905300137,0.41925091852811425,0.7527991591362948,0.4273548835211949,0.5297641863929643,0.6304037389073087
0.6898459182341248,0.6528784415319462,0.5965745753886389,0.46432223887728774,0.5679927227241146,0.640244370033958,0.390672704512659,0.34918698631205075,0.6672737306287765,0.40852738443607656,0.6448108817703145,0.10467762927970664,0.7226783354079944,0.3123639851264132,0.8445670694386898,0.6830667157407389,0.654504530165221,0.7249789913396136,0.3793915825225771,0.8096827904109031,0.8054181553251383,0.876967561972523,0.6142311823627029,0.4308614089211339,0.7268823627783837,0.693859107606942,0.0,0.7792949016578326,0.7748261029288362,0.34408387687949665,0.6654399924845288,0.20186740969161004,0.4888863745477777,0.40105936101092493,0.0,0.5082457135690607,0.3403335894666938,0.18936555090511958,0.32119655658886914,0.5639737582714904,0.19615147369584313,0.0,0.18361802229540844,0.062161814854595425,0.11580726822176798,0.7479393165728687,0.6478372772061775,0.5650879727139544,0.5125652262436111,0.48790867094243284,0.27836127271618094,0.26240339678767743,0.26617916737441627,0.48881427881165573,0.4447925978531345,0.6253629219352126,0.43051106359995295,0.4122250833832665,0.0,0.7556841882417449,0.6825323236392629,0.6379925892176787,0.7956775541237995,0.3319375339963221,0.743067027384407,0.8298759787481693,0.8316990493429222,0.3985646731786679,0.44473909712940185,0.7888515019880926,0.7529682870008519,0.46942429806822145,0.6920786918562821,0.4914858957984892,0.1926303787969929,0.2770607576366985
0.513246162180559,0.5901389315275842,0.4425567982227856,0.5712105209647762,0.6041281624145187,0.6103987167623739,0.44855809330992114,0.3996386327513935,0.5804303049756028,0.22285842677682516,0.5797131534527512,0.0,0.8555863828258169,0.39995703745662603,0.692007533983985,0.5607932823421906,0.5859882965788339,0.6864558162077055,0.338020760412055,0.7799569817132596,0.7510576130078039,0.7129380487142747,0.4751444497826488,0.30405777816876434,0.5574445478419985,0.5603219131098061,0.7792949016578326,0.0,0.7560045771330404,0.5433369443808157,0.5931542698210616,0.00865863509368514,0.4524792348407798,0.33221068004291576,0.0,0.716029553814854,0.41389091490676166,0.04373744667610388,0.23325326722950424,0.44094494383301575,0.088270165404726,0.0,0.032105782875380184,0.0,0.0,0.6836428246245647,0.4621818131377057,0.4465292736047719,0.5822753497524275,0.32108227022187574,0.06501426455044229,0.0,0.24501987373864226,0.30179605402607035,0.28182811566326227,0.4761899302700724,0.332229744349095,0.15291746118034555,0.0,0.5973081836325924,0.604164888584255,0.5407962547861929,0.7393824953516419,0.24287387335687452,0.5853164126024246,0.7121691826835777,0.6321058087695579,0.2196577223368833,0.2588122049392247,0.6770045521052896,0.5619711911804693,0.20650128966112835,0.703070419488138,0.21229422922343738,0.07853237200353033,0.1480976324655649
