0.0,0.0,0.0,0.0,0.0,0.0,0.10849752203753481,0.0,0.0,0.20255057053215617,0.0,0.0,0.0,0.013946855299333039,0.04537957030657647,0.3748364348888648,0.20129081863323584,0.0,0.0,0.0,0.6211835378526853,0.0,0.14097221958669195,0.18021461992969454,0.3644470335677865,0.3433667114327641,0.0,0.0,0.34340735021778823,0.0,0.3720690598397407,0.17294386792800143,0.25223661716486245,0.2587437480565217,0.0,0.014299802344043211,0.049174626712106796,0.07768721669937886,0.0,0.11730040054608087,0.0,0.07896012186374898,0.0,0.0,0.010921221382260121,0.5509213493829954,0.0,0.0,0.04228984288865985,0.007490100576785563,0.0,0.05939494362652448,0.0,0.0,0.1356025396034872,0.0,0.0,0.0,0.0,0.16387562701919692,0.07018056577350557,0.017437912846962195,0.0,0.0,0.0,0.3652777328630361,0.0,0.07379141773024733,0.0,0.029977355731236666,0.06563735247246971,0.0,0.0,0.19621689823360963,0.0,0.07541752064556767
0.0,0.0,0.060853377522754826,0.0,0.0,0.771924953283229,0.0,0.354307100463729,0.0,0.0,0.0,0.25822275249397963,0.0,0.16223935228483974,0.42710833476624693,0.0,0.0,0.5143488546647601,0.22967308223015795,0.5845978192183351,0.0,0.6248592909884436,0.376423602304721,0.19000989529186707,0.6769040951643199,0.5006287735063606,0.8326290488951167,0.0,0.13896806105042436,0.0,0.0,0.27719527835343283,0.3996688308992744,0.0,0.5033859694629752,0.0,0.0,0.0,0.620983811431553,0.5315684106491383,0.5378394406867536,0.10529323940154514,0.3826965167892458,0.2845547665560633,0.4447400050456587,0.18028614622274974,0.8041377765922851,0.11568797681601142,0.0,0.0,0.18841667539402618,0.0,0.0,0.0,0.0,0.0,0.0,0.0,0.0,0.0,0.24027290975895085,0.0,0.3995404178440536,0.2712044003012413,0.37620797580527604,0.0,0.693845419064925,0.2026797322848137,0.4062972561797181,0.6070282344858278,0.4062748173869122,0.6486307477423615,0.35468205955161924,0.0,0.5826758056669086,0.5378449166195597
0.0,0.060853377522754826,0.0,0.0,0.1836109110722116,0.23553698675952994,0.0,0.40945488441824207,0.5022111363416458,0.0,0.8455069642975819,0.03606244439435355,0.11266341760658632,0.1503317816336034,0.3146779033835554,0.0,0.0,0.003158365239334493,0.4559745963747932,0.22629049555811453,0.1109974932946236,0.19213374315869225,0.44011187543383135,0.21666604441706158,0.0,0.04666122091493785,0.2464187607421175,0.11804899937144675,0.12886606406433498,0.19530938884199459,0.0,0.0,0.0,0.0,0.0,0.06839062892355705,0.0,0.38388920852007175,0.0,0.0,0.0,0.0,0.050309257410769734,0.0,0.18540610501993765,0.022615660905499685,0.0,0.7998125317869309,0.0,0.09545812373071738,0.11288346772449248,0.0,0.31595970700924336,0.3134810712183585,0.0,0.628900567053418,0.0606801632420903,0.18450513872334065,0.0718785872395674,0.0,0.017148052756819993,0.0,0.0,0.5047472975984924,0.23955122849764232,0.0,0.16622359400265824,0.37054481057829375,0.07066007102290481,0.02924083162262847,0.02772032483143122,0.047063441008338036,0.3560976118352122,0.04898985280548637,0.22796039129870496,0.10813714580370799
0.0,0.0,0.0,0.0,0.1884296207768389,0.0,0.405585817307137,0.0,0.0,0.5286653691088226,0.0,0.2109755811603215,0.12030893152319869,0.01266458446870214,0.0,0.035476998679361424,0.4716589429510659,0.0,0.0,0.0,0.0,0.0,0.0,0.0,0.0,0.05382930911043404,0.0,0.0,0.0,0.0,0.29049836028990417,0.15869566559001766,0.0,0.379008635711501,0.0,0.3778748552314072,0.2898453598864157,0.0,0.0,0.0,0.0,0.16137513647326054,0.0,0.13046236486870125,0.0,0.0,0.0,0.0,0.09791007027817919,0.25956095082716124,0.0,0.18101542520801162,0.16582493811715973,0.16088874608999615,0.4014797385096096,0.0,0.2905749814288371,0.0,0.2563823008528517,0.0,0.0,0.3537300379792574,0.0,0.0,0.0,0.23784750291752788,0.0,0.0,0.0,0.0,0.0,0.0,0.0,0.0,0.0,0.0
0.0,0.0,0.1836109110722116,0.1884296207768389,0.0,0.0,0.3633619284786015,0.0,0.33114016207748265,0.27115251215777314,0.30637137350002847,0.0,0.14876859423335675,0.18514399163806122,0.0,0.038996952952049496,0.05322315430594479,0.0,0.16745517565456522,0.0,0.04233091864793459,0.0,0.0008656322643335046,0.0,0.0,0.0,0.0,0.20901663301849774,0.0,0.2593565238501198,0.3316428872766995,0.0,0.0,0.0,0.0,0.38964035975985606,0.365340136468554,0.18646312898547202,0.0,0.0,0.0,0.0,0.029701737805947037,0.0,0.0,0.004334954493333432,0.0,0.11508570950794195,0.10861457798639125,0.47713951725518083,0.0,0.254327180128859,0.040561112393060206,0.44868909697256687,0.15168060488254298,0.55977961346323,0.08983717110328998,0.0,0.16218044194408854,0.0,0.0,0.09376535331233439,0.0,0.05764702739459043,0.0,0.09059139940768499,0.0,0.06440315429460153,0.0,0.0,0.0,0.0,0.0,0.0,0.0,0.0
0.0,0.771924953283229,0.23553698675952994,0.0,0.0,0.0,0.0,0.6215438600218637,0.0,0.0,0.04609857202128459,0.4844674529820017,0.0,0.06634857035286129,0.3486404784665588,0.0,0.0,0.5142885534687522,0.13978090698987206,0.3723305811545465,0.0,0.3875548553934081,0.595789875783761,0.32740712455441695,0.41746762324082815,0.510188671806845,0.7025989468563942,0.0,0.01796828785969462,0.0,0.0,0.16481901301827295,0.1827195392547563,0.0,0.29082519511056576,0.0,0.0,0.0,0.4343414774729314,0.277793061795185,0.3581995309700595,0.12534835534095123,0.31528526427262543,0.20534223786885933,0.19774833084618176,0.0,0.7343411104473619,0.1014770307150179,0.0,0.0,0.5981210056175419,0.0,0.2937495162365526,0.0,0.0,0.0,0.2074594712156254,0.2763934255067936,0.0411623632517082,0.0,0.15757694947533207,0.0,0.40428057250902544,0.16297112322852242,0.12253126247341306,0.0,0.434656570135956,0.38393309268884956,0.4255747808007875,0.45511563992742704,0.5227297180756207,0.534087072626016,0.2723448569402857,0.0,0.32225763811332747,0.25938639123809726
0.10849752203753481,0.0,0.0,0.405585817307137,0.3633619284786015,0.0,0.0,0.0,0.2778884446920493,0.7809161595205948,0.017411788133909645,0.0,0.6201189201690338,0.0,0.0,0.2966962106235123,0.5759812715486753,0.0,0.0,0.0,0.0,0.0,0.0,0.0,0.0,0.0,0.0,0.1914147413477725,0.0,0.19815188090133545,0.5031145126612693,0.0,0.0,0.2064392642153915,0.0,0.45855345276376935,0.5577365737670409,0.0,0.0,0.0,0.0,0.0,0.0,0.0,0.0,0.0,0.0,0.0,0.19124917727785196,0.8083185816568585,0.0,0.645279637248978,0.1232638823718045,0.6566838039363153,0.4907456140862656,0.38740289042751047,0.14531875573586306,0.07389548775112847,0.023936256375031856,0.06861530927636203,0.0,0.6358736187115662,0.0,0.0,0.0,0.3064647203642202,0.0,0.0,0.0,0.0,0.0,0.0,0.0,0.12596316818808873,0.0,0.0
0.0,0.354307100463729,0.40945488441824207,0.0,0.0,0.6215438600218637,0.0,0.0,0.0,0.0,0.21379079466156622,0.5539459027974273,0.0,0.33248143171324257,0.23976329904579746,0.0,0.0,0.002290570998089825,0.19346678406883563,0.0,0.2448015417471461,0.0,0.8294716967144403,0.5544720497309835,0.08713768407854332,0.4350113857799355,0.40143021501966436,0.0,0.0,0.0,0.0,0.20709032818267936,0.09811906907752502,0.009058300331895558,0.012151563210847469,0.11033547067355891,0.0,0.20398581057611664,0.21193011077652613,0.13183988845963063,0.12189891149659324,0.09020897554903314,0.3478901439143911,0.09001904668678258,0.20207743877228912,0.18878402639048586,0.34989577660319676,0.12161310450699853,0.0,0.0,0.47864581746319984,0.0,0.8144149805910263,0.0,0.0,0.08514245643389329,0.4331967881307362,0.11990808193554131,0.42185131318669056,0.0,0.0,0.0,0.0,0.1523361577446724,0.0,0.10153655420412555,0.020810678596844767,0.6757913490424444,0.38344153893159927,0.05698292936703618,0.46543251252585227,0.2646206268794523,0.0,0.0,0.002833869625070068,0.0
0.0,0.0,0.5022111363416458,0.0,0.33114016207748265,0.0,0.2778884446920493,0.0,0.0,0.33947212565765794,0.5884827068807741,0.0,0.33555160369935066,0.0,0.0,0.04185257543812329,0.24406076775175908,0.0,0.26274536671517834,0.05056498208436411,0.0,0.0,0.0,0.0,0.0,0.0,0.0,0.36487367919054325,0.128181820625191,0.30501914813373876,0.33715524574513583,0.0,0.0,0.0,0.0,0.17846345467807817,0.29350798494107644,0.0691004896291571,0.0,0.0,0.0,0.0,0.0,0.0,0.0,0.0,0.0,0.6197204762729429,0.2936262584013216,0.42898810503142865,0.0,0.3608568451944507,0.0,0.6429859218068572,0.31537130031683713,0.6757849967001223,0.09883245586076972,0.1819562623715167,0.0,0.16239350406033481,0.018835165215044303,0.3438468402587416,0.0,0.23798315721709817,0.2164036284005882,0.0,0.0,0.0,0.0,0.0,0.0,0.0,0.09598598623909099,0.2754073844853533,0.0,0.0
0.20255057053215617,0.0,0.0,0.5286653691088226,0.27115251215777314,0.0,0.7809161595205948,0.0,0.33947212565765794,0.0,0.0,0.1498837774792074,0.4643442077804043,0.0,0.0,0.25463835604901164,0.8426619079614049,0.0,0.0,0.0,1.3494213640607988e-05,0.0,0.0,0.0,0.0,0.09382671752810934,0.0,0.1810844997355363,0.0,0.06373705798307414,0.5892554235205061,0.0,0.0,0.4025902216042149,0.0,0.5085486732668378,0.5817012499651372,0.0,0.0,0.0,0.0,0.0,0.0,0.0,0.0,0.0,0.0,0.0,0.40103692531850865,0.6859049750174764,0.0,0.6974526644769379,0.13503843658855533,0.5389031662014446,0.8220229959244404,0.32268400806611924,0.26334473241914447,0.07955222857872496,0.036383102223932304,0.2218468129527453,0.0,0.817304508060873,0.0,0.0,0.0,0.3802561737725904,0.0,0.0,0.0,0.0,0.0,0.0,0.0,0.07905232519620642,0.0,0.0
0.0,0.0,0.8455069642975819,0.0,0.30637137350002847,0.04609857202128459,0.017411788133909645,0.21379079466156622,0.5884827068807741,0.0,0.0,0.0,0.17447191248753596,0.15289669424884483,0.12364528333826663,0.0,0.0,0.0,0.4957799887414618,0.07273390759233911,0.024822030857442307,0.05149328339394227,0.19801882828857648,0.0,0.0,0.0,0.0,0.2344781341956998,0.10761768351004045,0.36271374938890166,0.025926041948030526,0.0,0.0,0.0,0.0,0.1867304992683698,0.02254427902583396,0.349054220469221,0.0,0.0,0.0,0.0,0.003783075618013554,0.0,0.07019804309811259,0.0,0.0,0.7600450268622029,0.0,0.2574213323948288,0.026694593331563654,0.024294167968831326,0.235075754202555,0.454977160777898,0.0,0.7805669165169618,0.09003331055132938,0.16737126150878429,0.08048095547954609,0.0,0.0,0.0,0.0,0.5647597958300565,0.1620301511117342,0.0,0.037478106756845986,0.2009240174279884,0.0,0.02216454141186666,0.0,0.0,0.3641888800274261,0.11749525128893203,0.13658204357357887,0.001833297392609401
0.0,0.25822275249397963,0.03606244439435355,0.2109755811603215,0.0,0.4844674529820017,0.0,0.5539459027974273,0.0,0.1498837774792074,0.0,0.0,0.1818353676554652,0.08464701806398386,0.0,0.0,0.34585179261757093,0.3002837100312823,0.12054266220978893,0.0,0.0,0.0,0.3074550109666466,0.5782043219164761,0.0,0.7095310841773127,0.05301595493169478,0.0,0.0,0.0,0.0,0.13625036314516656,0.19974761145636857,0.0806810381837137,0.0,0.08484700964663593,0.0,0.0,0.12160510490061341,0.15767502516430346,0.04569328863606971,0.09209567261266113,0.2603364028213248,0.13942837539165492,0.0,0.0,0.22715006988625142,0.0,0.0,0.0,0.4190264381068077,0.0,0.47706125259845766,0.0,0.1684188641294172,0.0,0.7806982445902463,0.4410791040392216,0.16616998486424023,0.0,0.0,0.35736411753854186,0.3282649106867239,0.0,0.0,0.0,0.0,0.21983426648515697,0.3955588813046138,0.0,0.606531510798374,0.0,0.0,0.0,0.0,0.0
0.0,0.0,0.11266341760658632,0.12030893152319869,0.14876859423335675,0.0,0.6201189201690338,0.0,0.33555160369935066,0.4643442077804043,0.17447191248753596,0.1818353676554652,0.0,0.0,0.0,0.5213536009378636,0.4267169856921957,0.28104604362857455,0.0,0.0,0.0,0.0,0.0,0.0,0.0,0.11014400220208931,0.0,0.6520000634188453,0.14901463101771312,0.313489568657652,0.34316643311184547,0.0,0.0,0.03090687113213736,0.0,0.19922728119301403,0.3914005785421829,0.06354319694542766,0.0,0.0,0.0,0.0,0.0,0.0,0.0,0.0,0.0,0.06326495153590211,0.10324911729485485,0.4263636488143253,0.22425722432093267,0.4121181642119917,0.0,0.4787248584319532,0.3212948786601395,0.2985564584831167,0.33789417249779263,0.6046098934710545,0.0,0.08455144490561334,0.19534499926582388,0.522893937753004,0.14849450018631918,0.0,0.0,0.0,0.0,0.0,0.0,0.0,0.0,0.0,0.13431303608891715,0.10898374834750225,0.0,0.0
0.013946855299333039,0.16223935228483974,0.1503317816336034,0.01266458446870214,0.18514399163806122,0.06634857035286129,0.0,0.33248143171324257,0.0,0.0,0.15289669424884483,0.08464701806398386,0.0,0.0,0.11620771074706875,0.0,0.0,0.0,0.1916239307929653,0.0,0.17770669371035988,0.0,0.30653856153945125,0.21792768529918635,0.1643283548178236,0.09215502495132435,0.12499915952828428,0.0,0.0,0.004041349016703721,0.0,0.15338646833872124,0.10810195705095418,0.0,0.037834942168805966,0.26498388908273657,0.0,0.18853254177266193,0.17180462487161222,0.17744450961640404,0.19211922805764747,0.06873852908156403,0.392386144806911,0.2510075613864383,0.31615957258229044,0.24857390487691958,0.11492929908418341,0.0926698953131169,0.0,0.0,0.0,0.0,0.275481968292473,0.0,0.0,0.04331141650191975,0.07543793658643351,0.0,0.3879861973841503,0.0,0.0,0.0,0.0,0.21043207644235007,0.0,0.0,0.03608378865818128,0.22328739804501202,0.2030021276428537,0.10462413075651492,0.12506217369160097,0.0,0.12489545806017903,0.0,0.1841322622746169,0.0901788571640226
0.04537957030657647,0.42710833476624693,0.3146779033835554,0.0,0.0,0.3486404784665588,0.0,0.23976329904579746,0.0,0.0,0.12364528333826663,0.0,0.0,0.11620771074706875,0.0,0.0,0.0,0.11238463457672188,0.18587788587516563,0.5372374477363264,0.4224509165231361,0.6027040461048203,0.39838820450710266,0.2027232342654434,0.43702930407407903,0.1814966247386378,0.6202411517299955,0.12215125193395815,0.4768978817642717,0.0,0.0,0.0992747823456616,0.09800924291287533,0.0,0.11914505487837979,0.0,0.0,0.08532065103084138,0.3303378850695009,0.26147217043424303,0.306339046774833,0.0,0.17092647403215247,0.07850474249438721,0.5038525376251312,0.2495356927820087,0.5171008241901587,0.2417722322153078,0.0,0.0,0.16644209411746372,0.0,0.023663201316562243,0.0,0.0,0.0,0.0,0.06458769787098417,0.0,0.5726532260279198,0.3919251566284443,0.0,0.26978311916682257,0.147319719972546,0.43733215189758357,0.16637268576001063,0.6059447344338169,0.4431602325191032,0.34944219394153286,0.5332739915493296,0.3472000563207632,0.594094480700922,0.39921486961448466,0.3104837525022643,0.5034850891817125,0.4963252295629374
0.3748364348888648,0.0,0.0,0.035476998679361424,0.038996952952049496,0.0,0.2966962106235123,0.0,0.04185257543812329,0.25463835604901164,0.0,0.0,0.5213536009378636,0.0,0.0,0.0,0.3500473396655623,0.4497568417825777,0.0,0.0,0.05484861159018378,0.1165451862722433,0.0,0.0,0.2001950761744215,0.22235924647317742,0.0,0.464664540369375,0.3731684710874594,0.12369363033083963,0.4248817534853715,0.0,0.027076929189258137,0.16492039715294327,0.0,0.0,0.19348301193307776,0.0,0.0,0.0,0.0,0.0,0.0,0.0,0.0,0.0,0.0,0.0,0.11253108331707637,0.06990043511158406,0.0,0.1303813914052533,0.0,0.12225265054451806,0.11456922171841583,0.0,0.0,0.19141326831849076,0.0,0.06740964738445485,0.3592069132735919,0.20489080619403444,0.21511937058860592,0.0,0.0,0.0,0.0,0.0,0.0,0.0,0.0,0.0,0.0847449281511666,0.16490614651969415,0.0,0.03275849840035722
0.20129081863323584,0.0,0.0,0.4716589429510659,0.05322315430594479,0.0,0.5759812715486753,0.0,0.24406076775175908,0.8426619079614049,0.0,0.34585179261757093,0.4267169856921957,0.0,0.0,0.3500473396655623,0.0,0.15246355914855625,0.0,0.0,0.02126039504224342,0.0,0.0,0.0,0.0,0.3479920990777853,0.0,0.26006728649068755,0.0,0.0,0.4900112225372756,0.0,0.0,0.4118982590523589,0.0,0.4032058496990702,0.49799400500610536,0.0,0.0,0.0,0.0,0.0,0.0,0.0,0.0,0.0,0.0,0.0,0.4576956679609184,0.4227012362305852,0.0,0.5615529553425678,0.0,0.2675137810913416,0.781103720701642,0.08921241074389562,0.30459008628671896,0.19984871563136097,0.0,0.2642665516949199,0.0,0.847726875477892,0.04295349067020193,0.0,0.0,0.20157468971929823,0.0,0.0,0.0,0.0,0.0,0.0,0.0,0.012786311750782015,0.0,0.0
0.0,0.5143488546647601,0.003158365239334493,0.0,0.0,0.5142885534687522,0.0,0.002290570998089825,0.0,0.0,0.0,0.3002837100312823,0.28104604362857455,0.0,0.11238463457672188,0.4497568417825777,0.15246355914855625,0.0,0.02691534903444659,0.3870121968399751,0.0,0.45704559315220794,0.0,0.04718705403058665,0.45862297255024287,0.38028041695973036,0.36573446786449004,0.10846778449320554,0.20799935992630356,0.0,0.0,0.0754542978657523,0.2202410497817183,0.0,0.1734666867683093,0.0,0.0,0.0,0.19459743602301258,0.12964761610515135,0.15182548557446807,0.009533109741012603,0.0,0.09790462258323111,0.07239299750818702,0.0,0.3565895741625932,0.0,0.0,0.0,0.15368039045372237,0.0,0.0,0.0,0.0,0.0,0.0,0.20300783681300885,0.0,0.027831467534486953,0.27645384843421883,0.0,0.5012014450938893,0.034397847184935076,0.1788898481647041,0.0,0.2858019262477033,0.0,0.09456318605835243,0.21777684924283428,0.09144434427659542,0.16298002537213974,0.2852049713996061,0.0,0.27357488663954127,0.2246104567708312
0.0,0.22967308223015795,0.4559745963747932,0.0,0.16745517565456522,0.13978090698987206,0.0,0.19346678406883563,0.26274536671517834,0.0,0.4957799887414618,0.12054266220978893,0.0,0.1916239307929653,0.18587788587516563,0.0,0.0,0.02691534903444659,0.0,0.1931924534743374,0.028232604872427902,0.22497493745170408,0.12957539626672793,0.08260776081368587,0.12039321717310278,0.07611740788996602,0.1905411637689332,0.0944141973116367,0.0,0.1542039859790132,0.0,0.0,0.13818256852507554,0.0,0.0019773181671590423,0.05117837453516924,0.0,0.08547100363723092,0.13379136167061306,0.1634244904621874,0.05930073364542503,0.10151776026429918,0.3788894094245264,0.3102960589790288,0.05073230332163027,0.014782515772880866,0.12748902651282892,0.5187354712589105,0.01853593156340838,0.0,0.0,0.0,0.04140338958442635,0.0,0.0,0.37174955588405023,0.16135964405690975,0.03926182931522326,0.1689303732653406,0.0,0.0,0.0,0.1259685184422617,0.8311357622629375,0.26155147980618054,0.0,0.2999457372899399,0.13539441869548602,0.12249674520110046,0.0533525356376893,0.13306677836495573,0.0,0.4308558540031121,0.0,0.3273579838347934,0.15449237625881534
0.0,0.5845978192183351,0.22629049555811453,0.0,0.0,0.3723305811545465,0.0,0.0,0.05056498208436411,0.0,0.07273390759233911,0.0,0.0,0.0,0.5372374477363264,0.0,0.0,0.3870121968399751,0.1931924534743374,0.0,0.0,0.9643322171891717,0.0,0.05343610121740536,0.39701906913881396,0.02027407486466154,0.6458725283264203,0.21491118133159737,0.5976591457396744,0.007526057112411666,0.0,0.0,0.07419069360913223,0.0,0.3365257524233468,0.0,0.0,0.0,0.3880520550877828,0.3106567979469298,0.3877949639640347,0.0,0.09184742789057398,0.06547859370806233,0.509475910049393,0.010971415036603094,0.5393163405202931,0.44605176526494983,0.0,0.0,0.01821095632464048,0.0,0.0,0.0,0.0,0.0,0.0,0.07084723307248264,0.0,0.3381825374086161,0.6294274046183918,0.0,0.451409453802205,0.3411650730642558,0.903637289938367,0.0,0.9156479723948118,0.0,0.27414941710019264,0.589264979445741,0.18310412125388378,0.503811001749326,0.6534388459168194,0.42871143241276766,0.7105079892893053,0.7247840473863816
0.6211835378526853,0.0,0.1109974932946236,0.0,0.04233091864793459,0.0,0.0,0.2448015417471461,0.0,1.3494213640607988e-05,0.024822030857442307,0.0,0.0,0.17770669371035988,0.4224509165231361,0.05484861159018378,0.02126039504224342,0.0,0.028232604872427902,0.0,0.0,0.0,0.3903355278577634,0.27792146892416114,0.37490020450657424,0.17734665747112782,0.17436698278315016,0.0,0.34490198727689514,0.0,0.17998030583396868,0.23636054851456204,0.16523024028628328,0.21801346270112612,0.017633560209394453,0.1626956740731383,0.0,0.13035794339267842,0.10486018402521574,0.1603686235025376,0.14722012016148317,0.014574804045922998,0.0,0.0,0.2413745702339693,0.5819319637485838,0.0,0.011254207575702335,0.04232365647531122,0.0,0.0,0.0,0.1634879056356412,0.0,0.01787722838389877,0.015362267937947705,0.0,0.0,0.06895425525925081,0.24072027542685617,0.0,0.0,0.0,0.0,0.0,0.5580683750000843,0.0,0.320039750402475,0.14124786837631487,0.16063427533479005,0.11215375337490135,0.08085635043820094,0.0,0.1129312480179891,0.0649076681007173,0.15046162988941508
0.0,0.6248592909884436,0.19213374315869225,0.0,0.0,0.3875548553934081,0.0,0.0,0.0,0.0,0.05149328339394227,0.0,0.0,0.0,0.6027040461048203,0.1165451862722433,0.0,0.45704559315220794,0.22497493745170408,0.9643322171891717,0.0,0.0,0.0,0.05494740336145296,0.40963506577205266,0.0,0.649649160824084,0.23012706255922605,0.5846408790236057,0.033524312650667853,0.0,0.0007852728028681921,0.10802804571588734,0.0,0.44557495702876865,0.0,0.0,0.01203612742234264,0.46385038655779715,0.3294814761390289,0.4664896459556719,0.0,0.17689833861453882,0.15465067768450333,0.559168501993532,0.05384726088099823,0.5948105336809777,0.3424391776685154,0.0,0.0,0.0030710821642020436,0.0,0.0,0.0,0.0,0.0,0.0,0.06752532997521304,0.0,0.2533392973312935,0.6586207425874516,0.0,0.5097906582077487,0.3589288647548704,0.801099464218722,0.0,0.9066100009067855,0.0,0.31554304190806837,0.6440408756805712,0.14081262979015235,0.4977427048908921,0.724548468275677,0.3296527486846186,0.7807283398289676,0.7864740505297756
0.14097221958669195,0.376423602304721,0.44011187543383135,0.0,0.0008656322643335046,0.595789875783761,0.0,0.8294716967144403,0.0,0.0,0.19801882828857648,0.3074550109666466,0.0,0.30653856153945125,0.39838820450710266,0.0,0.0,0.0,0.12957539626672793,0.0,0.3903355278577634,0.0,0.0,0.3890464779554105,0.24032499720229705,0.40749637128254423,0.5150867037006872,0.0,0.0,0.0,0.0,0.20632344643466732,0.1613735456637594,0.0,0.0,0.03595879713197489,0.0,0.21197194420176663,0.17888999346250112,0.18619149349393688,0.12224115326202015,0.06715822250047736,0.21236636150851806,0.00604150822528951,0.20067612565512977,0.30586790763550414,0.3267450570925252,0.13056858384362008,0.0,0.0,0.37375334455824794,0.0,0.6993145028081071,0.0,0.0,0.10211509415564068,0.19654413482453817,0.0,0.36388073643941937,0.0,0.0,0.0,0.0,0.04976874184532004,0.0,0.18724037929202902,0.0,0.8339263233238816,0.24069684934977204,0.10049741596446185,0.34504312127281284,0.3441556406706312,0.0,0.0,0.0,0.0
0.18021461992969454,0.19000989529186707,0.21666604441706158,0.0,0.0,0.32740712455441695,0.0,0.5544720497309835,0.0,0.0,0.0,0.5782043219164761,0.0,0.21792768529918635,0.2027232342654434,0.0,0.0,0.04718705403058665,0.08260776081368587,0.05343610121740536,0.27792146892416114,0.05494740336145296,0.3890464779554105,0.0,0.013558602674332343,0.5439278866983841,0.12375524881645807,0.0,0.0,0.0,0.0,0.300402559286789,0.2982726918088038,0.08770771592823112,0.19304633682726408,0.005200303429672731,0.0,0.3190128924484283,0.34986632070000756,0.38978727402979985,0.3650483790222816,0.10450665898756378,0.27677129018341545,0.17121614740296395,0.38480885793360065,0.25986925667242516,0.25109631220206413,0.02344291805263249,0.0,0.0,0.2781204400719399,0.0,0.32401046117051724,0.0,0.0,0.0,0.3933909334761688,0.259151321069494,0.05780142611289796,0.0,0.010837611361930982,0.0,0.2398587384450492,0.03638199638816972,0.0,0.037187441028788404,0.12118536315364278,0.22220944017610644,0.7234655473672613,0.019557042850967266,0.6179013772640286,0.0,0.17204692937798766,0.0,0.23749036219114364,0.1702274813234572
0.3644470335677865,0.6769040951643199,0.0,0.0,0.0,0.41746762324082815,0.0,0.08713768407854332,0.0,0.0,0.0,0.0,0.0,0.1643283548178236,0.43702930407407903,0.2001950761744215,0.0,0.45862297255024287,0.12039321717310278,0.39701906913881396,0.37490020450657424,0.40963506577205266,0.24032499720229705,0.013558602674332343,0.0,0.4313599389254179,0.6228455713983577,0.0,0.43298390267616954,0.0,0.0,0.2176630133188923,0.42601508981102165,0.0,0.2756614448842074,0.0,0.0,0.0,0.34937042716259625,0.3301197908935854,0.2894221629900854,0.02387238443895784,0.08729461896762761,0.11638336544534049,0.3194591437803387,0.28500730876106584,0.40231712018743687,0.06349957763061095,0.0,0.0,0.0,0.0,0.0,0.0,0.0,0.0,0.0,0.0,0.0,0.14263505487585998,0.22270251462969992,0.0,0.26289711296212726,0.10796255235159988,0.2659004492776596,0.0,0.434600889596736,0.134659611554459,0.12773126873704443,0.5356717107313069,0.1290568326678896,0.4665326027311883,0.18554313033701902,0.1361732271181335,0.39681184862673496,0.428092839587237
0.3433667114327641,0.5006287735063606,0.04666122091493785,0.05382930911043404,0.0,0.510188671806845,0.0,0.4350113857799355,0.0,0.09382671752810934,0.0,0.7095310841773127,0.11014400220208931,0.09215502495132435,0.1814966247386378,0.22235924647317742,0.3479920990777853,0.38028041695973036,0.07611740788996602,0.02027407486466154,0.17734665747112782,0.0,0.40749637128254423,0.5439278866983841,0.4313599389254179,0.0,0.19753108018871005,0.0,0.0,0.0,0.0,0.2373022428965964,0.4045040794055769,0.1699896788249436,0.0,0.0,0.0,0.057829938763935884,0.12185378728245608,0.28189854957779564,0.10325054816423357,0.09882544728584733,0.04475888412641488,0.09128545000633895,0.014846567378648645,0.10119646058913642,0.2551317521118035,0.0,0.02677152014885592,0.0,0.3419009783223921,0.0,0.2323512948481528,0.0,0.1488077101596224,0.0,0.38665329583701574,0.27768947556160317,0.02095888533241054,0.010564023238384346,0.0,0.2068712991633585,0.28784027340750434,0.0,0.0,0.0,0.030024722597503883,0.262918812560748,0.34600997435897457,0.0,0.6547979589291532,0.061219743925032155,0.0,0.0,0.0,0.0
0.0,0.8326290488951167,0.2464187607421175,0.0,0.0,0.7025989468563942,0.0,0.40143021501966436,0.0,0.0,0.0,0.05301595493169478,0.0,0.12499915952828428,0.6202411517299955,0.0,0.0,0.36573446786449004,0.1905411637689332,0.6458725283264203,0.17436698278315016,0.649649160824084,0.5150867037006872,0.12375524881645807,0.6228455713983577,0.19753108018871005,0.0,0.0,0.315376951784234,0.0,0.0,0.21972542053107008,0.2877439182034016,0.0,0.4835502163754835,0.0,0.0,0.004428854660729453,0.534874504389489,0.48834184535673353,0.44457277397803274,0.012205314288741016,0.3477805745261305,0.1734900619573535,0.5293032307742173,0.26280874267037163,0.7869564292975679,0.2042128099323619,0.0,0.0,0.21020072399707307,0.0,0.05722113397239953,0.0,0.0,0.0,0.0,0.0,0.0,0.056616554334942226,0.2739069074785496,0.0,0.27118755185827564,0.2566671749713345,0.36878834954411915,0.0,0.719149234400927,0.3777244540101365,0.3465571706771763,0.6865700357057904,0.32411810436527466,0.8141963151674952,0.3391781310319235,0.00937961254650943,0.518150535300609,0.5316653543648611
0.0,0.0,0.11804899937144675,0.0,0.20901663301849774,0.0,0.1914147413477725,0.0,0.36487367919054325,0.1810844997355363,0.2344781341956998,0.0,0.6520000634188453,0.0,0.12215125193395815,0.464664540369375,0.26006728649068755,0.10846778449320554,0.0944141973116367,0.21491118133159737,0.0,0.23012706255922605,0.0,0.0,0.0,0.0,0.0,0.0,0.3697602978462649,0.6279660767567463,0.5176469287641937,0.0,0.0,0.0005781928803438308,0.0,0.22800841583207726,0.5274689905196519,0.048507699137560895,0.0,0.0,0.0,0.0,0.0,0.0,0.0,0.0,0.0,0.30098990758166355,0.28759858256823484,0.19939582376552767,0.0,0.30261282716987914,0.0,0.22523850151731445,0.3176965670930367,0.26351828422371976,0.15156408858645196,0.47723755472725427,0.0,0.222417059286256,0.527177605075863,0.2987622177749472,0.3420906253824943,0.08258197155968466,0.31302583386918087,0.0,0.16947294462101126,0.0,0.0,0.005584229380242806,0.0,0.0,0.5399091796687088,0.3826815922302551,0.2250668582490065,0.14174193674375637
0.34340735021778823,0.13896806105042436,0.12886606406433498,0.0,0.0,0.01796828785969462,0.0,0.0,0.128181820625191,0.0,0.10761768351004045,0.0,0.14901463101771312,0.0,0.4768978817642717,0.3731684710874594,0.0,0.20799935992630356,0.0,0.5976591457396744,0.34490198727689514,0.5846408790236057,0.0,0.0,0.43298390267616954,0.0,0.315376951784234,0.3697602978462649,0.0,0.28708428545907777,0.2335698126424811,0.0,0.0,0.0,0.0402821467494939,0.0,0.053960990549417956,0.030600067109601156,0.0,0.0,0.09156292912359397,0.0,0.0,0.0,0.285407528744658,0.16985951123650542,0.08661788803795561,0.27875021468673744,0.06407527423703704,0.0,0.0,0.025751217542099136,0.0,0.0,0.0,0.0,0.0,0.0,0.0,0.4954877120985274,0.6117008633167009,0.0,0.14439220685905568,0.0542178046843374,0.5413416337947343,0.11604286284049448,0.44877163059447694,0.0,0.0,0.4614204633556928,0.0,0.3164586336701093,0.3946037385778979,0.7590285352889525,0.41448004527775684,0.5367713892152235
0.0,0.0,0.19530938884199459,0.0,0.2593565238501198,0.0,0.19815188090133545,0.0,0.30501914813373876,0.06373705798307414,0.36271374938890166,0.0,0.313489568657652,0.004041349016703721,0.0,0.12369363033083963,0.0,0.0,0.1542039859790132,0.007526057112411666,0.0,0.033524312650667853,0.0,0.0,0.0,0.0,0.0,0.6279660767567463,0.28708428545907777,0.0,0.5495436500348544,0.0,0.0,0.10896209501128498,0.0,0.21436671735222626,0.38904332013734455,0.13417077979338857,0.0,0.0,0.0,0.0,0.0,0.0,0.0,0.0,0.0,0.25761368473935686,0.10531050553489296,0.35668229596391654,0.0,0.20606313952772698,0.0,0.4100988009855878,0.08941369188458245,0.4128083997989509,0.0,0.06680351514906108,0.0,0.12797064168016975,0.2531436158254887,0.05645354135804001,0.0,0.17990697213179627,0.18858652458033548,0.05722663374107195,0.022635673318622318,0.0,0.0,0.0,0.0,0.0,0.3710269216344212,0.4174526058149839,0.1700667028349113,0.06664644655075325
0.3720690598397407,0.0,0.0,0.29049836028990417,0.3316428872766995,0.0,0.5031145126612693,0.0,0.33715524574513583,0.5892554235205061,0.025926041948030526,0.0,0.34316643311184547,0.0,0.0,0.4248817534853715,0.4900112225372756,0.0,0.0,0.0,0.17998030583396868,0.0,0.0,0.0,0.0,0.0,0.0,0.5176469287641937,0.2335698126424811,0.5495436500348544,0.0,0.0,0.0,0.4247550500866192,0.0,0.39372978855908636,0.6196116429564245,0.0,0.0,0.0,0.0,0.0,0.0,0.0,0.0,0.04631012309278726,0.0,0.0,0.42001131561604876,0.542638940511103,0.0,0.49630643892229886,0.0,0.4486299577487439,0.5391998164364562,0.32054680908625244,0.0,0.0,0.0,0.22338551738745122,0.07944488447962822,0.4415684100227423,0.0,0.0,0.0,0.33005299785571135,0.0,0.0,0.0,0.0,0.0,0.0,0.0,0.3655182807582941,0.0,0.0
0.17294386792800143,0.27719527835343283,0.0,0.15869566559001766,0.0,0.16481901301827295,0.0,0.20709032818267936,0.0,0.0,0.0,0.13625036314516656,0.0,0.15338646833872124,0.0992747823456616,0.0,0.0,0.0754542978657523,0.0,0.0,0.23636054851456204,0.0007852728028681921,0.20632344643466732,0.300402559286789,0.2176630133188923,0.2373022428965964,0.21972542053107008,0.0,0.0,0.0,0.0,0.0,0.4696475321250902,0.152290381427938,0.4655191122652664,0.0,0.0,0.013166168793679378,0.6071257563570213,0.5596644111948401,0.44797589334615695,0.2727437740153108,0.2906349519491285,0.1910780924653446,0.2142704906672902,0.42105613381704726,0.26284675829823373,0.0,0.0,0.0,0.0,0.0,0.09877951660916656,0.0,0.0,0.0,0.0,0.0,0.23736740717526073,0.0,0.0,0.0,0.07518934326697112,0.0,0.0,0.1302754249973263,0.032744355880518605,0.06808910790859493,0.3942320556558446,0.11469433234853584,0.2444000718203062,0.10720805459142567,0.0,0.0,0.07800912312355632,0.11301427386685564
0.25223661716486245,0.3996688308992744,0.0,0.0,0.0,0.1827195392547563,0.0,0.09811906907752502,0.0,0.0,0.0,0.19974761145636857,0.0,0.10810195705095418,0.09800924291287533,0.027076929189258137,0.0,0.2202410497817183,0.13818256852507554,0.07419069360913223,0.16523024028628328,0.10802804571588734,0.1613735456637594,0.2982726918088038,0.42601508981102165,0.4045040794055769,0.2877439182034016,0.0,0.0,0.0,0.0,0.4696475321250902,0.0,0.0607593290912104,0.4261013144449568,0.0,0.0,0.03850092809037364,0.5038186533600069,0.5828206098954236,0.44245554499877304,0.28396474538772687,0.251297082810563,0.1535182838751309,0.2375750281502681,0.2704390456251527,0.23113694666865278,0.0,0.0,0.0,0.0,0.0,0.0,0.0,0.0,0.0,0.0,0.0,0.07097070083356948,0.0,0.0,0.0,0.12159180143166111,0.013126738010774394,0.013902663807473833,0.0,0.19226763909234007,0.0,0.29919502611633925,0.10074251572137001,0.22882316487885762,0.1174957512693663,0.0,0.0,0.1937788920172568,0.20564187003749335
0.2587437480565217,0.0,0.0,0.379008635711501,0.0,0.0,0.2064392642153915,0.009058300331895558,0.0,0.4025902216042149,0.0,0.0806810381837137,0.03090687113213736,0.0,0.0,0.16492039715294327,0.4118982590523589,0.0,0.0,0.0,0.21801346270112612,0.0,0.0,0.08770771592823112,0.0,0.1699896788249436,0.0,0.0005781928803438308,0.0,0.10896209501128498,0.4247550500866192,0.152290381427938,0.0607593290912104,0.0,0.0,0.2295951576197341,0.21389362187200645,0.0,0.0,0.0,0.0,0.22103666450967976,0.0,0.0,0.0,0.05706233218070045,0.0,0.0,0.16907829115900386,0.26467135327054014,0.0,0.18269438953773612,0.06449747758666048,0.18955343063653055,0.3121377509132273,0.05070587976912751,0.11128181315838968,0.0,0.1892373565506143,0.0,0.0,0.353140593673763,0.0,0.0,0.0,0.2432992141521178,0.0,0.0,0.0,0.0,0.0,0.0,0.0,0.0,0.0,0.0
0.0,0.5033859694629752,0.0,0.0,0.0,0.29082519511056576,0.0,0.012151563210847469,0.0,0.0,0.0,0.0,0.0,0.037834942168805966,0.11914505487837979,0.0,0.0,0.1734666867683093,0.0019773181671590423,0.3365257524233468,0.017633560209394453,0.44557495702876865,0.0,0.19304633682726408,0.2756614448842074,0.0,0.4835502163754835,0.0,0.0402821467494939,0.0,0.0,0.4655191122652664,0.4261013144449568,0.0,0.0,0.0,0.0,0.0,0.7631953087902091,0.5395683206427268,0.7220581622022704,0.18193728443766696,0.33603585415649695,0.33334158670978237,0.4148825020474174,0.28521122972636814,0.4426002265176881,0.0,0.0,0.0,0.0,0.0,0.0,0.0,0.0,0.0,0.0,0.0,0.0,0.0,0.20362053708772615,0.0,0.2650119019343494,0.10290600800343212,0.20096419951522282,0.0,0.45245113022648614,0.0,0.45071351237361945,0.39538669186364966,0.12577697899466642,0.29730265859955846,0.20665634893489748,0.0,0.5194942353104499,0.6005180775512905
0.014299802344043211,0.0,0.06839062892355705,0.3778748552314072,0.38964035975985606,0.0,0.45855345276376935,0.11033547067355891,0.17846345467807817,0.5085486732668378,0.1867304992683698,0.08484700964663593,0.19922728119301403,0.26498388908273657,0.0,0.0,0.4032058496990702,0.0,0.05117837453516924,0.0,0.1626956740731383,0.0,0.03595879713197489,0.005200303429672731,0.0,0.0,0.0,0.22800841583207726,0.0,0.21436671735222626,0.39372978855908636,0.0,0.0,0.2295951576197341,0.0,0.0,0.5983856270500008,0.06610069061201977,0.0,0.0,0.0,0.0,0.0,0.0,0.0,0.0,0.0,0.03824809031807311,0.2944781447219214,0.5571371515584064,0.0,0.4525343339095748,0.3531281385332773,0.3030957203254051,0.5050707743267113,0.44032657151787963,0.3709080593129099,0.03596277474831627,0.33526901860585623,0.04853775420928351,0.0,0.4013943223156481,0.0,0.0,0.0,0.2987079295438977,0.0,0.17946686108396925,0.0,0.0,0.0,0.0,0.0,0.0,0.0,0.0
0.049174626712106796,0.0,0.0,0.2898453598864157,0.365340136468554,0.0,0.5577365737670409,0.0,0.29350798494107644,0.5817012499651372,0.02254427902583396,0.0,0.3914005785421829,0.0,0.0,0.19348301193307776,0.49799400500610536,0.0,0.0,0.0,0.0,0.0,0.0,0.0,0.0,0.0,0.0,0.5274689905196519,0.053960990549417956,0.38904332013734455,0.6196116429564245,0.0,0.0,0.21389362187200645,0.0,0.5983856270500008,0.0,0.0,0.0,0.0,0.0,0.0,0.0,0.0,0.0,0.0,0.0,0.010206687164197897,0.49077495375864033,0.6211671985999988,0.0,0.6480514432206405,0.0,0.38630752935020557,0.5839576045370641,0.30401727948800195,0.14157444899654165,0.14364504682347998,0.0,0.19805097669735655,0.0006186003425644043,0.5453463196163606,0.0,0.0,0.0,0.18555948866960448,0.0,0.0,0.0,0.0,0.0,0.0,0.0,0.28226540318823273,0.0,0.0
0.07768721669937886,0.0,0.38388920852007175,0.0,0.18646312898547202,0.0,0.0,0.20398581057611664,0.0691004896291571,0.0,0.349054220469221,0.0,0.06354319694542766,0.18853254177266193,0.08532065103084138,0.0,0.0,0.0,0.08547100363723092,0.0,0.13035794339267842,0.01203612742234264,0.21197194420176663,0.3190128924484283,0.0,0.057829938763935884,0.004428854660729453,0.048507699137560895,0.030600067109601156,0.13417077979338857,0.0,0.013166168793679378,0.03850092809037364,0.0,0.0,0.06610069061201977,0.0,0.0,0.012644203062806975,0.09659879613147705,0.09755367051475537,0.0,0.1210543414852932,0.0,0.4001449640863125,0.1379439774051586,0.0,0.268176258608845,0.0,0.09824241185889306,0.0,0.0,0.13906674026706772,0.11102284099761846,0.0,0.28269714432485027,0.0914041773451859,0.08397632743625444,0.0056042274029827754,0.0,0.007317958909679373,0.0,0.0,0.16505064728158161,0.0,0.0,0.0,0.1278793258294696,0.1537196283298909,0.04330033397049726,0.1166302559692235,0.0,0.21582975738492066,0.0,0.1430881359597895,0.06003044434728409
0.0,0.620983811431553,0.0,0.0,0.0,0.4343414774729314,0.0,0.21193011077652613,0.0,0.0,0.0,0.12160510490061341,0.0,0.17180462487161222,0.3303378850695009,0.0,0.0,0.19459743602301258,0.13379136167061306,0.3880520550877828,0.10486018402521574,0.46385038655779715,0.17888999346250112,0.34986632070000756,0.34937042716259625,0.12185378728245608,0.534874504389489,0.0,0.0,0.0,0.0,0.6071257563570213,0.5038186533600069,0.0,0.7631953087902091,0.0,0.0,0.012644203062806975,0.0,0.7628396066087539,0.7525516001194228,0.23398404605664938,0.5558095617784113,0.38052659263760974,0.5544451789605331,0.38487145004532,0.7012464199634404,0.0,0.0,0.0,0.03732377752718136,0.0,0.0,0.0,0.0,0.0,0.0,0.0,0.08404306595140919,0.0,0.2456594823484473,0.0,0.3701553377469521,0.14934565932672125,0.2260277696597323,0.0,0.5579472575177471,0.03500573052250512,0.6916107586423047,0.5862949783583346,0.38607070023839374,0.3985567172300052,0.2974152701368408,0.0,0.6186055911866042,0.6423414831337777
0.11730040054608087,0.5315684106491383,0.0,0.0,0.0,0.277793061795185,0.0,0.13183988845963063,0.0,0.0,0.0,0.15767502516430346,0.0,0.17744450961640404,0.26147217043424303,0.0,0.0,0.12964761610515135,0.1634244904621874,0.3106567979469298,0.1603686235025376,0.3294814761390289,0.18619149349393688,0.38978727402979985,0.3301197908935854,0.28189854957779564,0.48834184535673353,0.0,0.0,0.0,0.0,0.5596644111948401,0.5828206098954236,0.0,0.5395683206427268,0.0,0.0,0.09659879613147705,0.7628396066087539,0.0,0.6550114722699036,0.182069010378549,0.4010698851591263,0.2834343670137251,0.5008654440198483,0.3687698198012481,0.4858328287569934,0.014104784046582053,0.0,0.0,0.0,0.0,0.0,0.0,0.0,0.0,0.0,0.0,0.13068837805874314,0.0,0.13250128149055693,0.0,0.28549593227138415,0.14800550226006104,0.19631793761426924,0.0,0.4469733920031763,0.043715806859224327,0.5946098137196987,0.3567035197653642,0.41883764681714875,0.3234939382792701,0.18668344062902203,0.0,0.4123724753765565,0.44132831616281776
0.0,0.5378394406867536,0.0,0.0,0.0,0.3581995309700595,0.0,0.12189891149659324,0.0,0.0,0.0,0.04569328863606971,0.0,0.19211922805764747,0.306339046774833,0.0,0.0,0.15182548557446807,0.05930073364542503,0.3877949639640347,0.14722012016148317,0.4664896459556719,0.12224115326202015,0.3650483790222816,0.2894221629900854,0.10325054816423357,0.44457277397803274,0.0,0.09156292912359397,0.0,0.0,0.44797589334615695,0.44245554499877304,0.0,0.7220581622022704,0.0,0.0,0.09755367051475537,0.7525516001194228,0.6550114722699036,0.0,0.2391079842679613,0.4030648919478851,0.3037502448201483,0.612346933206213,0.35556273201060834,0.49676018377930453,0.0,0.0,0.0,0.009355978047906888,0.0,0.0,0.0,0.0,0.0,0.0,0.0,0.027855024840867333,0.0,0.23471142585234656,0.0,0.3089631677129476,0.11435631414988828,0.24947553186274574,0.0,0.5053759993255523,0.0,0.5788380187008026,0.45154007901289867,0.2695354884802758,0.28551493290703833,0.3400582653696794,0.0,0.5912892649582824,0.6380462827491753
0.07896012186374898,0.10529323940154514,0.0,0.16137513647326054,0.0,0.12534835534095123,0.0,0.09020897554903314,0.0,0.0,0.0,0.09209567261266113,0.0,0.06873852908156403,0.0,0.0,0.0,0.009533109741012603,0.10151776026429918,0.0,0.014574804045922998,0.0,0.06715822250047736,0.10450665898756378,0.02387238443895784,0.09882544728584733,0.012205314288741016,0.0,0.0,0.0,0.0,0.2727437740153108,0.28396474538772687,0.22103666450967976,0.18193728443766696,0.0,0.0,0.0,0.23398404605664938,0.182069010378549,0.2391079842679613,0.0,0.15970707381628088,0.153684047630237,0.0,0.07979858389070102,0.057749168666912445,0.0,0.0,0.0,0.00606040087625679,0.0,0.03467749820304642,0.0,0.0,0.0,0.02587962224761891,0.0,0.24040377723103218,0.0,0.0,0.0,0.024252597994808084,0.022818829522509985,0.0,0.06756485217412034,0.0,0.000414991870841,0.18255947365127298,0.0,0.10449060338247468,0.0,0.0,0.0,0.01781796228557718,0.029560972421141807
