0.0,0.11247720987569909,0.05788954613069022,0.15637710814963016,0.01801984182353003,0.0,0.0,0.11147681977443737,0.0,0.0,0.32705781365118347,0.3662694148769118,0.0,0.3723311742589173,0.24743348100724752,0.0,0.0,0.0,0.05602912021349152,0.0,0.0,0.0,0.30822372560593386,0.6958891135961409,0.4954932919400683,0.4711571220427407,0.0,0.0,0.0,0.0,0.0,0.26668670068992906,0.672137117808131,0.24152043206008497,0.12125286238391678,0.0,0.0,0.0,0.5284028711753498,0.49738991979859115,0.5002386328218696,0.40538640236506335,0.0,0.0,0.0,0.762443677427454,0.06691738507454933,0.1336504042518267,0.1476612888268578,0.1530551712172233,0.13508499367090732,0.10377085979469476,0.2036327232592701,0.19529759361677063,0.09937976600396417,0.3900642163394591,0.14186446952079787,0.12948197326953517,0.3481552397509422,0.21502356432881928,0.23611649346485375,0.14131183488134227,0.08281461059023176,0.08020462432895265,0.06946129164084403,0.0784198377259534,0.1170199047854209,0.31397034962169595,0.6291110200107388,0.34589454293142263,0.45229157362237404,0.18731613940947417,0.0,0.40896487938673426,0.10061865110863699,0.23007856779068586
0.11247720987569909,0.0,0.0,0.13785927554920013,0.0,0.20947225763430233,0.06822590430093728,0.0,0.0,0.25042591367333455,0.0,0.2622851452656651,0.21238825124813943,0.0,0.0,0.12192563189683453,0.11175487957525782,0.14064950378290247,0.15621254928003253,0.0,0.0,0.13122065631043922,0.0,0.21035480894416037,0.5116653924308104,0.46535394686543063,0.0,0.020483579502160898,0.0,0.0,0.10458513942761002,0.0,0.1829771363285715,0.0,0.0,0.006299127853417991,0.02682554916073912,0.0,0.0,0.0028104671538462522,0.0,0.0,0.0,0.11357244271820414,0.0,0.007982784062003728,0.5540149899926449,0.0,0.0,0.0,0.217366968838372,0.0,0.018102273322653517,0.0,0.11604757661088297,0.0,0.25257637983080333,0.2274466534513396,0.009436293815718436,0.0,0.15532797262265813,0.3627318068269086,0.25112323724813274,0.053213800061389094,0.0,0.0,0.0,0.0,0.1701031115698152,0.36035544169685885,0.31533070648366224,0.0,0.11714044195343484,0.0,0.10429216074708372,0.049776734715309856
0.05788954613069022,0.0,0.0,0.1503160418944885,0.6669927623825449,0.12468234232927639,0.11332587362170246,0.5982989717615057,0.810332476664632,0.0,0.8731727581535864,0.38405678610858557,0.012582517687024897,0.0,0.5670373618908062,0.0,0.0,0.0,0.8683043088037943,0.7405247841605583,0.062022625542551224,0.5258017074901798,0.8466591109618775,0.28483371186125284,0.0,0.252936541798673,0.7057643953248804,0.05443680536623524,0.0,0.0,0.0,0.0,0.08741035318929996,0.0,0.0,0.0,0.0,0.0,0.0,0.0,0.0,0.0,0.19824908568376026,0.038302049552012746,0.0,0.0,0.35806512897406906,0.9108746160254817,0.2016815089284164,0.7635048918055725,0.3826645761929582,0.5905386630897713,0.4179711141205327,0.6591247334322657,0.4396384333990714,0.7912270113838957,0.35722041558376794,0.2758236324714747,0.43579327884427443,0.6126522682897766,0.2238685929188996,0.43548654588775515,0.16241675613045975,0.8805073689521895,0.8027352856408588,0.24900359585300733,0.7538866015391882,0.6796470054079506,0.051540903290566764,0.18208210606153924,0.1354748045193129,0.7508308129567305,0.5232017592602978,0.0,0.3735716857637301,0.0005844551749291937
0.15637710814963016,0.13785927554920013,0.1503160418944885,0.0,0.28497762653544806,0.0,0.27292783937438037,0.0329612999152601,0.0928990937665843,0.0,0.11212229024579946,0.3842062229975747,0.1290721519697826,0.49913789626998833,0.0,0.11220152476895878,0.0,0.0,0.2226149530906961,0.0753663954233287,0.0,0.10639888562665915,0.08046450129064163,0.4004785149671873,0.0,0.19871152569358594,0.0,0.25697770822094934,0.0,0.0,0.20744426750310402,0.21125378058112598,0.1554907007142845,0.23504405621450108,0.29169910420459233,0.44057352634985386,0.4507600100222564,0.12444152753519058,0.17350615255434898,0.0,0.17076883562800338,0.10040212447989913,0.30982109368481514,0.23056673124500773,0.0,0.0,0.06434721685778055,0.07687163654609154,0.10788588551930092,0.16863842883840405,0.0,0.19612729498702924,0.0,0.017490192684359113,0.22166705425389802,0.06516133102799199,0.369025197145331,0.10436503861784925,0.4055765026911105,0.0,0.0,0.22414750979926445,0.10305080417420444,0.13533721676054253,0.19566760541998585,0.0,0.16638405497162356,0.0,0.2591281345864991,0.03050897472135676,0.16232939235140642,0.0,0.12321842931500092,0.0,0.3498212664670721,0.11169832755772244
0.01801984182353003,0.0,0.6669927623825449,0.28497762653544806,0.0,0.012404583523287993,0.36987493360634915,0.43309508977847033,0.8001169101229212,0.0,0.676979012773318,0.2745240642311907,0.06736552746276231,0.21170705269322104,0.4163384888404516,0.0,0.0,0.0,0.47925530924184545,0.47976535978785667,0.0,0.2507224267468442,0.5888302971570176,0.19380917433867484,0.0,0.19691462354673378,0.47516238724453924,0.06459673972082891,0.0,0.0,0.0,0.0,0.014856227321173324,0.0,0.01640261950851986,0.2102368486089315,0.13114951473448064,0.0,0.0,0.0,0.0,0.0,0.2853801087806544,0.048259016298766166,0.0,0.0,0.16497259823870924,0.6750239473798845,0.09376211279683765,0.7976345181642102,0.3128725204115583,0.6660334362925497,0.23799650643019538,0.6587424807793978,0.40277181879903146,0.6141657381605049,0.2651689923188377,0.35531071119159924,0.41562346912311104,0.4374287192186144,0.06961414184502794,0.31425231217381133,0.10126523790933711,0.5223278562180019,0.605251412447106,0.12586879159939196,0.5490909839818476,0.5459156218494777,0.0,0.15741394995393054,0.13682526255661226,0.5389272850598527,0.3671640915822494,0.0,0.23841107088345637,0.0
0.0,0.20947225763430233,0.12468234232927639,0.0,0.012404583523287993,0.0,0.19994361000191324,0.36203883091418754,0.13366088035271861,0.04213428780180606,0.0,0.0,0.31674823512150113,0.0,0.0,0.0,0.0,0.11054845753263448,0.09967284831509748,0.005679529797552096,0.3201667429111814,0.0,0.31609659097215004,0.0,0.0,0.0,0.42050318888998583,0.10339631289461643,0.36347993257968153,0.10817304739091005,0.0,0.0,0.0,0.0,0.0,0.0,0.0,0.0155873434532742,0.0,0.04646715682499944,0.0,0.0,0.02518843692385403,0.0210761995967622,0.0,0.0,0.35437378779440865,0.1478534225682519,0.0,0.01656270503015239,0.31365531236597527,0.12883875243135762,0.32834840719738306,0.05964434967899218,0.21051284370919965,0.0,0.04274176281980824,0.26802605780988653,0.0,0.0,0.0,0.16614108690275076,0.0,0.06667452600221119,0.0,0.1361659038739465,0.0,0.2410476243701758,0.0,0.13223198675865314,0.11572302857784872,0.040028344555144146,0.15749523848472846,0.0,0.0,0.0
0.0,0.06822590430093728,0.11332587362170246,0.27292783937438037,0.36987493360634915,0.19994361000191324,0.0,0.03803096939016917,0.2938231351761967,0.072124707408327,0.0,0.0,0.5092638281601096,0.17732929998563784,0.0,0.1291658057707399,0.0908591611926946,0.15479570101141396,0.10570726792775398,0.14723301259246985,0.0,0.15896978998757524,0.0,0.0,0.0,0.0,0.10161999237806518,0.23978085880452454,0.26104847984647833,0.1418240472692862,0.05438929186866048,0.0,0.0,0.0,0.17532180081451484,0.35927208692330886,0.377988833587356,0.2212491051932642,0.0,0.0,0.0,0.0,0.33492641754292896,0.3770725906084878,0.07173207581068176,0.0,0.16251907935485516,0.04131734198475642,0.0,0.0897458725580006,0.0,0.21065739925104865,0.0,0.0,0.30094653800804744,0.0,0.09819285152783275,0.13902195170241322,0.006850159472725825,0.0,0.0,0.2219109402977718,0.20427503942709635,0.0807461878395051,0.07761635302936068,0.0,0.12538269368033997,0.0,0.0,0.016317531460755902,0.0,0.0,0.23780769554456965,0.0,0.14517039839818455,0.0
0.11147681977443737,0.0,0.5982989717615057,0.0329612999152601,0.43309508977847033,0.36203883091418754,0.03803096939016917,0.0,0.4784948132753205,0.0,0.5871363323292919,0.5802564128549259,0.14923566850232273,0.0922593223257675,0.4234270359044009,0.0,0.0,0.0,0.42793863656153436,0.3837076934926556,0.31477476858235254,0.09604177880603551,0.7847176486715219,0.3560429003439418,0.0,0.43348658487118696,0.4471917544005321,0.22152474368121006,0.0,0.0,0.0,0.0,0.18217654712105322,0.0,0.0,0.04290088705395817,0.0,0.030907347498199955,0.001985786902464537,0.14383231714417477,0.0,0.0,0.2038576124118477,0.0,0.0,0.014519104214153838,0.17790926913837646,0.7213809636778589,0.2006227242338512,0.5305904558986159,0.3865689777143307,0.48178375057555545,0.8115886194448793,0.53678360938813,0.3234945882302329,0.6308827108345239,0.47190268243599637,0.42189286816047533,0.2895066765138157,0.4275081073717987,0.0,0.29677080860183414,0.0,0.5058050549228209,0.428626462152041,0.35430137363056247,0.4088126510507451,0.7204971124741604,0.24632528547907437,0.04906486616738906,0.27821289205019134,0.46526155226498006,0.4276872110512414,0.0,0.18285121335472726,0.0
0.0,0.0,0.810332476664632,0.0928990937665843,0.8001169101229212,0.13366088035271861,0.2938231351761967,0.4784948132753205,0.0,0.0,0.7109228472886525,0.26452697355553373,0.1541617716825996,0.0,0.4795902771890614,0.0,0.0,0.0,0.6260341714086334,0.6149351107695379,0.0,0.36986267534039224,0.6550390193138553,0.08995009495857867,0.0,0.1588723291197671,0.7022506601579782,0.09039195822648866,0.0,0.0,0.0,0.0,0.0,0.0,0.0,0.0927524619321333,0.025400247275815205,0.0,0.0,0.0,0.0,0.0,0.33305426258291315,0.16023829348401025,0.0,0.0,0.23435661518786344,0.7629001096647393,0.23723849976855588,0.7967863199360133,0.3331035771077819,0.70393751538455,0.24973138039514306,0.7368938072940343,0.4326170264426136,0.6074011544042914,0.26143374130941593,0.29755664698007034,0.2825576410905607,0.5040731982644866,0.10446900075541397,0.3402519971610051,0.12488273734960395,0.6339872803573877,0.6667224711029162,0.16375514150463366,0.6089358947740113,0.5559585919888395,0.0,0.10250560335514092,0.057114081899866775,0.6507184806218197,0.4588039685402588,0.0,0.2957160356424739,0.0
0.0,0.25042591367333455,0.0,0.0,0.0,0.04213428780180606,0.072124707408327,0.0,0.0,0.0,0.0,0.113654077068435,0.22808538097032235,0.0,0.0,0.3337299072034651,0.5908775358910949,0.4209638633207288,0.0,0.0,0.0,0.0,0.0,0.03448603248116505,0.17838810266106708,0.0,0.0,0.08119990922688924,0.0,0.24944601855918908,0.29426280452345355,0.1269312606421229,0.0,0.03841855442314687,0.09600165527064874,0.0,0.12041624638466109,0.22424257249401666,0.0293186591894892,0.04031079214117955,0.03664386338569084,0.0,0.05131168714120511,0.11167790657749,0.3268768475187799,0.00481167219169365,0.0,0.0,0.0,0.0,0.0,0.0,0.0,0.0,0.14596552685895736,0.0,0.19530031262661046,0.0,0.0,0.0,0.0,0.10277176535587346,0.07110617187951856,0.0,0.0,0.0,0.0,0.0,0.026149341516810976,0.0,0.010811660941644152,0.0,0.0,0.0,0.0,0.08809458795185451
0.32705781365118347,0.0,0.8731727581535864,0.11212229024579946,0.676979012773318,0.0,0.0,0.5871363323292919,0.7109228472886525,0.0,0.0,0.45453745699553916,0.0,0.045215650031132204,0.6969684321482692,0.0,0.0,0.0,0.7483260430317521,0.6558181378409333,0.11199234558603705,0.399703733570628,0.8597924473852089,0.4470232068921516,0.1386621903039144,0.3962113466641981,0.5670592371374837,0.0,0.0,0.0,0.0,0.0,0.29304575282189715,0.0,0.0,0.0,0.0,0.0,0.0,0.16627271626868578,0.0,0.0,0.0,0.0,0.0,0.11537908750555408,0.28368276314709506,0.8816082124540536,0.14757713428251112,0.7750536200225515,0.4970334993072846,0.5693151790625552,0.48450711520760437,0.7980840932920434,0.3793802234567458,0.9526196834626339,0.3214239032146814,0.2913933569142944,0.45187757365321324,0.6791185777481494,0.29137910342734175,0.42966310200224933,0.1395393603752374,0.7738104225803047,0.774776051743016,0.3583569769153385,0.7049585612903522,0.8023277125071762,0.2581101790363462,0.3123505425868383,0.24876822062836543,0.8092285605780067,0.3605332705470951,0.1235254323839978,0.2077393838397624,0.0
0.3662694148769118,0.2622851452656651,0.38405678610858557,0.3842062229975747,0.2745240642311907,0.0,0.0,0.5802564128549259,0.26452697355553373,0.113654077068435,0.45453745699553916,0.0,0.2492881659223612,0.31793389439126296,0.10419162665284543,0.0,0.0,0.0,0.4081575462585675,0.17156138308917473,0.0,0.10964794584745757,0.5673166954412451,0.742901104444564,0.2276193245400345,0.7580010863258922,0.022819907848046467,0.36080648859327924,0.0,0.0,0.0,0.07859462995825062,0.5265684312638768,0.020157995709271653,0.06896955573821002,0.18716227638095737,0.10896757264973932,0.11624438981618149,0.15191905836002864,0.17603083304822653,0.1253589137687661,0.13972859485004763,0.1340051261249926,0.04037658611271286,0.0,0.15223005462453654,0.2022652846364876,0.3912136080373737,0.2928958931556894,0.4153596853088143,0.22584042202819127,0.3790515384497216,0.5746794995556167,0.40818193884060017,0.4155929177279525,0.435747381130673,0.8297466286512074,0.4654402151163693,0.44393522560283527,0.18836612590812657,0.0,0.5136483583915978,0.0,0.36572872511872806,0.33727513037297363,0.0,0.29889628250444134,0.41846613586524706,0.5763420527444723,0.10748330506318134,0.49855483467902795,0.22240868135120223,0.3728956922551019,0.0,0.28890323199945656,0.05734211617273177
0.0,0.21238825124813943,0.012582517687024897,0.1290721519697826,0.06736552746276231,0.31674823512150113,0.5092638281601096,0.14923566850232273,0.1541617716825996,0.22808538097032235,0.0,0.2492881659223612,0.0,0.06324228584745925,0.0,0.20869609776716602,0.35717815105508377,0.22974439738556873,0.022282477960796243,0.0,0.0,0.0,0.0,0.0,0.0,0.2826382336872745,0.0,0.5726473019959395,0.11773416493919203,0.28277300904091546,0.1624734704852333,0.11395809334506053,0.0,0.07265005165063126,0.3446786046224508,0.35735435293613416,0.3001416995533315,0.38641291523435606,0.0,0.0,0.0,0.0,0.4058594025751018,0.4621684055556641,0.18557481956686983,0.0,0.08436339018523836,0.0,0.026864189297921254,0.0,0.0,0.1268224485511512,0.0,0.0,0.1926848648192747,0.0,0.3204004794311783,0.31233056676776466,0.0,0.0,0.0,0.22197310480576551,0.0,0.0,0.0,0.0,0.0,0.0,0.0,0.0,0.14685978416706505,0.0,0.343585227508993,0.0,0.2719354641720039,0.0
0.3723311742589173,0.0,0.0,0.49913789626998833,0.21170705269322104,0.0,0.17732929998563784,0.0922593223257675,0.0,0.0,0.045215650031132204,0.31793389439126296,0.06324228584745925,0.0,0.0,0.07907647237940091,0.0,0.0,0.0,0.0,0.0,0.0,0.07662581103493812,0.46715520610472383,0.027107086437835284,0.21945565578774567,0.0,0.19243290086979467,0.0,0.0,0.19611118491167653,0.46284858500415993,0.3561239099418609,0.4602587860080561,0.559391480377993,0.35424351648901103,0.3405314744272373,0.25226517499877854,0.4170676074880096,0.10185226304376517,0.32762775788760407,0.25099176703969117,0.1991025086654519,0.07235000006393796,0.20049246571486123,0.18014401127408697,0.0,0.03964490662998714,0.10288113968673473,0.11778541380298355,0.0,0.13187760798959644,0.0,0.07005764413529175,0.1381139301289179,0.07966618940754239,0.2920760986319664,0.12474806685696738,0.4236102055141573,0.0,0.0,0.055284550194247495,0.0,0.0,0.0,0.0,0.0,0.09740102320815595,0.4365795279563154,0.050530642991861406,0.3071526348057017,0.0,0.0,0.019910829742337002,0.06790314808339817,0.03306162495942198
0.24743348100724752,0.0,0.5670373618908062,0.0,0.4163384888404516,0.0,0.0,0.4234270359044009,0.4795902771890614,0.0,0.6969684321482692,0.10419162665284543,0.0,0.0,0.0,0.0,0.0,0.0,0.451761575920509,0.7091902461566989,0.4993406074459676,0.47944301163777336,0.6718202025530239,0.09017039260563993,0.05074647339290281,0.14144319823864843,0.504383676424351,0.0,0.04784485217531298,0.0,0.0,0.0,0.05911487578357329,0.0,0.0,0.0,0.0,0.0,0.0,0.11482038591103103,0.0,0.0,0.0,0.0,0.0,0.2512166959084171,0.18013676560560954,0.657024499847254,0.051645819618705305,0.5965702927855048,0.3809834507101408,0.3775739370810225,0.3848472554848932,0.6068314163172487,0.17756207322396972,0.7295311653443193,0.0,0.05838683510233944,0.3027739670747648,0.9356694104888873,0.48820759981720885,0.18318312257613123,0.11378897261326207,0.5435725907488558,0.6823705457899457,0.720014819336277,0.7011206841788575,0.6876366175812467,0.057386903325175584,0.243914376766525,0.1465957626423028,0.7409687345625573,0.22427557222378208,0.3812288394204864,0.12127516011228714,0.07495970486552184
0.0,0.12192563189683453,0.0,0.11220152476895878,0.0,0.0,0.1291658057707399,0.0,0.0,0.3337299072034651,0.0,0.0,0.20869609776716602,0.07907647237940091,0.0,0.0,0.5648767207301694,0.6987806660886613,0.0,0.0,0.0,0.12041523423720818,0.0,0.007061905818167374,0.10809007564856304,0.0,0.0,0.25269244598795465,0.021351028013856466,0.3896182057552544,0.6239024231615619,0.1364933089506531,0.0,0.2873895938481236,0.2231398250832377,0.10820148299339784,0.26928928394623153,0.21766248655544185,0.005125505918297135,0.0,0.033997691492332394,0.0,0.14219498629905689,0.283570567342078,0.2994112305457245,0.0,0.0,0.0,0.0,0.0,0.0,0.0,0.0,0.0,0.0034737825546249934,0.0,0.0023690591026993835,0.0,0.0,0.0,0.0,0.0,0.20144113179020534,0.0,0.0,0.0,0.0,0.0,0.0,0.0,0.0,0.0,0.0,0.0,0.07734271642042181,0.17220710701837982
0.0,0.11175487957525782,0.0,0.0,0.0,0.0,0.0908591611926946,0.0,0.0,0.5908775358910949,0.0,0.0,0.35717815105508377,0.0,0.0,0.5648767207301694,0.0,0.7065917558200511,0.0,0.0,0.0,0.0,0.0,0.0,0.057771757039918104,0.0,0.0,0.2677446426961273,0.17571780231273135,0.40006100085163954,0.5911564585365272,0.09240188106135759,0.0,0.2410300603377815,0.36201905439517024,0.033415616720706906,0.163283810288014,0.4655676261880797,0.0,0.0,0.0,0.034751435146071874,0.05697052024937163,0.1935729845461991,0.4416224305812222,0.0,0.0,0.0,0.0,0.0,0.0,0.0,0.0,0.0,0.0,0.0,0.0,0.0,0.0,0.0,0.0,0.0,0.0,0.0,0.0,0.0,0.0,0.0,0.0,0.0,0.0,0.0,0.0,0.0,0.0,0.0
0.0,0.14064950378290247,0.0,0.0,0.0,0.11054845753263448,0.15479570101141396,0.0,0.0,0.4209638633207288,0.0,0.0,0.22974439738556873,0.0,0.0,0.6987806660886613,0.7065917558200511,0.0,0.0,0.0,0.0,0.0,0.0,0.0,0.048522751920403895,0.0,0.0,0.1578994582759082,0.3667263928288058,0.5565048637831296,0.4894444465105535,0.0,0.0,0.053746704803175976,0.0687749990492217,0.019105628891216545,0.21569985741591693,0.27486284675132233,0.0,0.0,0.0,0.0,0.062263215323099544,0.2483589427925978,0.32528927975403377,0.0,0.0,0.0,0.0,0.0,0.0,0.0,0.0,0.0,0.0,0.0,0.0,0.0,0.0,0.0,0.0,0.0,0.14012815309051196,0.0,0.0,0.0,0.0,0.0,0.0,0.0,0.0,0.0,0.0,0.0,0.0,0.016366077683369007
0.05602912021349152,0.15621254928003253,0.8683043088037943,0.2226149530906961,0.47925530924184545,0.09967284831509748,0.10570726792775398,0.42793863656153436,0.6260341714086334,0.0,0.7483260430317521,0.4081575462585675,0.022282477960796243,0.0,0.451761575920509,0.0,0.0,0.0,0.0,0.6953880228686944,0.0,0.6468802353969457,0.69515883902111,0.32942355718071015,0.04066854450227325,0.2996643827504359,0.5484234591814805,0.07312101061132675,0.0,0.0,0.0,0.0,0.10276647121990982,0.0,0.0,0.0,0.0,0.0,0.0,0.0,0.0,0.0,0.1944551229497255,0.15857690888490478,0.0,0.0,0.5336812200779577,0.6650371491980753,0.15568828821840835,0.6161861978518597,0.38318524254809055,0.48932101456265814,0.34898603214664814,0.4485635170586964,0.41357260307062704,0.6139398483241527,0.3828859038190122,0.3341660935165839,0.3774276844759177,0.5205711476940673,0.39659008175909716,0.5406557385927514,0.354907282618617,0.9416736297760131,0.7175862160112605,0.12050514475375393,0.7652989611024545,0.4808807411002216,0.12611429573945207,0.29070785339864835,0.16719806071724216,0.5990062582061949,0.5822643443236357,0.0,0.4769003593075011,0.06828871865801694
0.0,0.0,0.7405247841605583,0.0753663954233287,0.47976535978785667,0.005679529797552096,0.14723301259246985,0.3837076934926556,0.6149351107695379,0.0,0.6558181378409333,0.17156138308917473,0.0,0.0,0.7091902461566989,0.0,0.0,0.0,0.6953880228686944,0.0,0.22898861926279812,0.819708476556941,0.6319293423748802,0.05562519523660858,0.0,0.07206483183001866,0.6095048457587495,0.0,0.20748221401347694,0.0,0.0,0.0,0.0,0.0,0.0,0.0,0.0,0.0,0.0,0.0,0.0,0.0,0.19403919073660922,0.13599394652668148,0.0,0.0,0.41356168852577274,0.6852791764038111,0.09292325390391246,0.5960375506582651,0.292260390490242,0.455718396443864,0.22324008959774838,0.43835705702228905,0.41858874861796036,0.6079026897096573,0.1791254251115848,0.14050218804261844,0.30751085940667944,0.7739107003221373,0.502072144972707,0.3812981002915099,0.3454295505431833,0.7460431905439321,0.8914623529349471,0.40978595748892066,0.9054455976803659,0.5129459963886809,0.0,0.2411825291389337,0.1192784801473164,0.6616514996914471,0.5294502227055096,0.2624947017320681,0.39809979135900997,0.15119885184251916
0.0,0.0,0.062022625542551224,0.0,0.0,0.3201667429111814,0.0,0.31477476858235254,0.0,0.0,0.11199234558603705,0.0,0.0,0.0,0.4993406074459676,0.0,0.0,0.0,0.0,0.22898861926279812,0.0,0.07655361104039415,0.22228176643374392,0.0,0.0,0.0,0.2939032779348571,0.0,0.4436961126968866,0.03417560799451741,0.0,0.0,0.0,0.0,0.0,0.0,0.0,0.0,0.0,0.2634066953500509,0.0,0.0,0.0,0.0,0.0,0.23233429257435356,0.0,0.16910592160178262,0.0,0.0,0.16464440774831293,0.0,0.4029625971483891,0.05692013807123231,0.0,0.18009160861752727,0.0,0.0,0.0,0.3914354306200422,0.31429786007328114,0.0,0.0,0.03716101545456052,0.0363069446383123,0.8356873059106434,0.13996920471819357,0.28635421239973025,0.0,0.0,0.0,0.20778935970908755,0.010643292557990014,0.08242929729187909,0.0,0.0
0.0,0.13122065631043922,0.5258017074901798,0.10639888562665915,0.2507224267468442,0.0,0.15896978998757524,0.09604177880603551,0.36986267534039224,0.0,0.399703733570628,0.10964794584745757,0.0,0.0,0.47944301163777336,0.12041523423720818,0.0,0.0,0.6468802353969457,0.819708476556941,0.07655361104039415,0.0,0.3531177040911255,0.03950453595665923,0.0036278475831332258,0.04067461004212142,0.35943571745197894,0.0,0.18534257136578458,0.001310540955242856,0.0,0.0,0.0,0.0,0.0,0.0,0.0,0.0,0.0,0.0,0.0,0.0,0.25625371811523184,0.25313402590323053,0.0,0.0,0.5057202982610831,0.3623306260231234,0.032360794617886865,0.3841009098296309,0.1480746970794786,0.27780005972407124,0.0,0.12933116367968067,0.39150098485203255,0.3010658314946601,0.14804681775303327,0.05295292109997535,0.22459514851820384,0.6036869768804902,0.5852991610531257,0.4172762346194255,0.5332128029268137,0.6432856324916811,0.6633900139786334,0.21278956360918222,0.841848236060031,0.17726642274157736,0.0,0.26102110333117207,0.11616306496481421,0.3765836584716866,0.4856431979803703,0.25977997908677725,0.5010039585062322,0.28578686151543947
0.30822372560593386,0.0,0.8466591109618775,0.08046450129064163,0.5888302971570176,0.31609659097215004,0.0,0.7847176486715219,0.6550390193138553,0.0,0.8597924473852089,0.5673166954412451,0.0,0.07662581103493812,0.6718202025530239,0.0,0.0,0.0,0.69515883902111,0.6319293423748802,0.22228176643374392,0.3531177040911255,0.0,0.4988012337155459,0.09716362235127082,0.46100686888324205,0.6254272832323365,0.014194853213633674,0.0,0.0,0.0,0.0,0.28092256712483554,0.0,0.0,0.0,0.0,0.0,0.0,0.14871226450178415,0.0,0.0,0.05470736632884471,0.0,0.0,0.14069386348301344,0.36670836132647766,0.869566714420814,0.26152632859928604,0.7396456957182737,0.5720412556979797,0.6011352646361864,0.6903310684459772,0.7501718944318685,0.4314128300906399,0.8448394593027916,0.4371415964233238,0.39180685134696963,0.46538698558704816,0.677093297417824,0.21794038569204888,0.4053761338431445,0.03131941652396095,0.7566989177403824,0.6924361715084744,0.3788944063849131,0.6704871795812912,0.9113068774963665,0.28359343573698026,0.28150889133273527,0.3213233657691412,0.7766318185288036,0.4227114524512311,0.04315382153179395,0.21753080839449435,0.0
0.6958891135961409,0.21035480894416037,0.28483371186125284,0.4004785149671873,0.19380917433867484,0.0,0.0,0.3560429003439418,0.08995009495857867,0.03448603248116505,0.4470232068921516,0.742901104444564,0.0,0.46715520610472383,0.09017039260563993,0.007061905818167374,0.0,0.0,0.32942355718071015,0.05562519523660858,0.0,0.03950453595665923,0.4988012337155459,0.0,0.37534597175950973,0.6374416954007713,0.0,0.12061800130802784,0.0,0.0,0.0,0.27245601715299755,0.69513383726029,0.21675257602886408,0.19083720451340558,0.07985358261608562,0.0851826017201521,0.0,0.39581423673277105,0.3342301136332232,0.3792527020406641,0.256953001572413,0.0,0.0,0.0,0.45143721655688757,0.14939212017656647,0.2985136042912431,0.2656817627053419,0.3413196331397318,0.18618409093512403,0.2789513460395332,0.3807783970035659,0.31016976014278763,0.32484014901822345,0.42543625333748286,0.5662972462072324,0.32867388680587367,0.48165956822438394,0.16536776385103097,0.04846215996659611,0.34606533342617307,0.06105962185303698,0.2822481080828087,0.2625514011189393,0.0,0.22646138616623437,0.38504355635970927,0.7850251419202552,0.28475216882320326,0.5544038316674355,0.2291490253270309,0.13045844408139554,0.17780484336924057,0.2954652613273379,0.21505998023270906
0.4954932919400683,0.5116653924308104,0.0,0.0,0.0,0.0,0.0,0.0,0.0,0.17838810266106708,0.1386621903039144,0.2276193245400345,0.0,0.027107086437835284,0.05074647339290281,0.10809007564856304,0.057771757039918104,0.048522751920403895,0.04066854450227325,0.0,0.0,0.0036278475831332258,0.09716362235127082,0.37534597175950973,0.0,0.49394998270495866,0.0,0.0,0.0,0.0,0.015702005412274622,0.0,0.3974699505587218,0.0,0.0,0.0,0.0,0.0,0.039116672214101256,0.31754535018578656,0.12773093163438626,0.027627654490683086,0.0,0.0,0.0,0.4377988706077023,0.27590176204100747,0.0,0.11645135230426752,0.00320946435509073,0.2865272762579055,0.008745073820212557,0.06734137170682258,0.11197969361737437,0.16191297131044718,0.16964834009444812,0.10227789982227589,0.10096625093092088,0.05616043012574052,0.0,0.27352742415211007,0.240774063303474,0.2888125193704002,0.029384021431985707,0.0,0.0,0.0,0.11944024820162943,0.3639032575713735,0.4348027052149452,0.3610328187678302,0.10119162223464456,0.0,0.3325812905166955,0.0,0.1209808326765672
0.4711571220427407,0.46535394686543063,0.252936541798673,0.19871152569358594,0.19691462354673378,0.0,0.0,0.43348658487118696,0.1588723291197671,0.0,0.3962113466641981,0.7580010863258922,0.2826382336872745,0.21945565578774567,0.14144319823864843,0.0,0.0,0.0,0.2996643827504359,0.07206483183001866,0.0,0.04067461004212142,0.46100686888324205,0.6374416954007713,0.49394998270495866,0.0,0.0,0.1814397589110834,0.0,0.0,0.0,0.1562481108779766,0.512404595543223,0.02858400051408916,0.04140997473339514,0.13062114942786318,0.0,0.014993419631062793,0.22487762261181327,0.21214343186008533,0.15755117966702048,0.2246765578572708,0.07890699912818477,0.0,0.0,0.23620429862124187,0.29212275719960223,0.33841260709208926,0.24158735738942685,0.3856884566329796,0.27055501278746075,0.3372644944448594,0.45205226769515583,0.3575907937692055,0.2652863300757567,0.4102322786604673,0.5751832543295199,0.5154619652772466,0.3642170456186497,0.19587259239659485,0.06009722185342156,0.49583995659842256,0.0,0.3203799081372098,0.2084460815513961,0.0,0.2150331049064185,0.4050681976348535,0.5399741587172031,0.2936108721058224,0.7015947971553087,0.20512718140357256,0.2633283376277555,0.0,0.22746785444898743,0.04619018621528759
0.0,0.0,0.7057643953248804,0.0,0.47516238724453924,0.42050318888998583,0.10161999237806518,0.4471917544005321,0.7022506601579782,0.0,0.5670592371374837,0.022819907848046467,0.0,0.0,0.504383676424351,0.0,0.0,0.0,0.5484234591814805,0.6095048457587495,0.2939032779348571,0.35943571745197894,0.6254272832323365,0.0,0.0,0.0,0.0,0.0,0.18916104527087868,0.0,0.0,0.0,0.0,0.0,0.0,0.0,0.0,0.0,0.0,0.0,0.0,0.0,0.08649993298889688,0.0037926998400397427,0.0,0.0,0.32766343283086574,0.6410079511565276,0.06147094105377196,0.47989405453495515,0.3916045164693592,0.38629222256264223,0.29686378335844926,0.49705322385558165,0.23773276903773083,0.5414095368019878,0.0,0.04115024119158461,0.03537127197231835,0.4533767752849143,0.18139263797119212,0.15937881320705904,0.0718748920865446,0.5553218054406187,0.469224103203664,0.3426327215411988,0.4760416633012199,0.526449667328221,0.0,0.0587395995056898,0.0,0.6887989972045745,0.23935689926937456,0.0,0.07674502812011985,0.0
0.0,0.020483579502160898,0.05443680536623524,0.25697770822094934,0.06459673972082891,0.10339631289461643,0.23978085880452454,0.22152474368121006,0.09039195822648866,0.08119990922688924,0.0,0.36080648859327924,0.5726473019959395,0.19243290086979467,0.0,0.25269244598795465,0.2677446426961273,0.1578994582759082,0.07312101061132675,0.0,0.0,0.0,0.014194853213633674,0.12061800130802784,0.0,0.1814397589110834,0.0,0.0,0.0,0.41898284398250485,0.16425497006666606,0.06828185761790727,0.0,0.05779472227374671,0.31364312794675514,0.3681248959435631,0.43523176733752006,0.4545427467990575,0.0,0.0,0.0,0.0410145692860485,0.42235816164605916,0.3922457736128109,0.12398444217473942,0.0,0.0,0.03130183470480147,0.18027312797055964,0.08632891907205253,0.0,0.12098644884652296,0.10040615529484773,0.0,0.23470324930331493,0.0,0.5162209967766731,0.25522585093743577,0.16040383421371168,0.0,0.0,0.16016130535437598,0.0,0.004478106866754872,0.0,0.0,0.0,0.0,0.05118071703629923,0.0,0.08813607962499725,0.0,0.45416855397586303,0.0,0.37844203327452497,0.10341411008183499
0.0,0.0,0.0,0.0,0.0,0.36347993257968153,0.26104847984647833,0.0,0.0,0.0,0.0,0.0,0.11773416493919203,0.0,0.04784485217531298,0.021351028013856466,0.17571780231273135,0.3667263928288058,0.0,0.20748221401347694,0.4436961126968866,0.18534257136578458,0.0,0.0,0.0,0.0,0.18916104527087868,0.0,0.0,0.492385128400811,0.0,0.0,0.0,0.0,0.0,0.0,0.0,0.04312308449857907,0.0,0.0,0.0,0.0,0.09921307020244288,0.18211966304958263,0.18111301913660877,0.0,0.0009321922918035797,0.0,0.0,0.0,0.0,0.0,0.0,0.0,0.0,0.0,0.0,0.0,0.0,0.0,0.22167740365988972,0.0,0.10811492125015887,0.0,0.0,0.2694129317355364,0.0,0.0,0.0,0.0,0.0,0.0,0.029949747657031067,0.055475135545063725,0.0,0.02637502873319944
0.0,0.0,0.0,0.0,0.0,0.10817304739091005,0.1418240472692862,0.0,0.0,0.24944601855918908,0.0,0.0,0.28277300904091546,0.0,0.0,0.3896182057552544,0.40006100085163954,0.5565048637831296,0.0,0.0,0.03417560799451741,0.001310540955242856,0.0,0.0,0.0,0.0,0.0,0.41898284398250485,0.492385128400811,0.0,0.24382817442135246,0.04860973489220849,0.0,0.0,0.008899146920553797,0.04630090768286085,0.20570519366331202,0.26718110804479406,0.0,0.0,0.0,0.0,0.28623945387405625,0.32459641384266524,0.3499775112770316,0.0,0.0,0.0,0.0,0.0,0.0,0.0,0.0,0.0,0.006069787015956396,0.0,0.0,0.0,0.0,0.0,0.0,0.0,0.08235190922999788,0.0,0.0,0.0,0.0,0.0,0.0,0.0,0.0,0.0,0.1261329475586772,0.0,0.23730889141649592,0.17677362765650584
0.0,0.10458513942761002,0.0,0.20744426750310402,0.0,0.0,0.05438929186866048,0.0,0.0,0.29426280452345355,0.0,0.0,0.1624734704852333,0.19611118491167653,0.0,0.6239024231615619,0.5911564585365272,0.4894444465105535,0.0,0.0,0.0,0.0,0.0,0.0,0.015702005412274622,0.0,0.0,0.16425497006666606,0.0,0.24382817442135246,0.0,0.2719383695076555,0.0,0.47617730927076174,0.4380076796232607,0.16774648801468572,0.30898575360979175,0.35342115952080244,0.08274549534665596,0.0,0.21273947794293419,0.09899584737069037,0.14694680674318822,0.21962828103017462,0.3943165257903328,0.0,0.0,0.0,0.054998398520551606,0.0,0.0,0.0,0.0,0.0,0.0,0.0,0.0,0.0,0.0,0.0,0.0,0.0,0.061945720671578,0.0,0.0,0.0,0.0,0.0,0.0,0.0,0.0,0.0,0.0,0.0,0.027248208890248843,0.27176773829655826
0.26668670068992906,0.0,0.0,0.21125378058112598,0.0,0.0,0.0,0.0,0.0,0.1269312606421229,0.0,0.07859462995825062,0.11395809334506053,0.46284858500415993,0.0,0.1364933089506531,0.09240188106135759,0.0,0.0,0.0,0.0,0.0,0.0,0.27245601715299755,0.0,0.1562481108779766,0.0,0.06828185761790727,0.0,0.04860973489220849,0.2719383695076555,0.0,0.2612760596649104,0.6247250528272901,0.5627266797632988,0.08661039997483325,0.21107174017801522,0.3395523177568607,0.7679203507570952,0.18643796320147,0.44714863801136967,0.31228494235049375,0.18783275691445,0.0,0.44662344374290985,0.23419241813694414,0.0,0.0,0.08110375868384614,0.0,0.0,0.0,0.0,0.0,0.0,0.0,0.023823093128620576,0.027190638320293697,0.0,0.0,0.0,0.0,0.0,0.0,0.0,0.0,0.0,0.0,0.2658786677484231,0.0,0.24186002509938645,0.0,0.0,0.0,0.18673689026515156,0.13038900088977726
0.672137117808131,0.1829771363285715,0.08741035318929996,0.1554907007142845,0.014856227321173324,0.0,0.0,0.18217654712105322,0.0,0.0,0.29304575282189715,0.5265684312638768,0.0,0.3561239099418609,0.05911487578357329,0.0,0.0,0.0,0.10276647121990982,0.0,0.0,0.0,0.28092256712483554,0.69513383726029,0.3974699505587218,0.512404595543223,0.0,0.0,0.0,0.0,0.0,0.2612760596649104,0.0,0.3021275760701012,0.18175012914121996,0.0,0.0,0.0,0.4475226941857659,0.5779502879000729,0.3977223577414424,0.4201226554620215,0.0,0.0,0.0,0.5665046060765738,0.12186750298365809,0.1078278068145788,0.18885099649616752,0.13783757057999105,0.23812099064836453,0.09886456266110209,0.2949735936122613,0.24868811458757772,0.08340271256835208,0.3486226110930053,0.23477305564172435,0.27129057777792676,0.3499395754134374,0.06783318963705455,0.04562331425386601,0.19890655940207896,0.0,0.10038108573667477,0.0,0.059058822081613865,0.0,0.2601931087061438,0.5946183362515347,0.2863541555041172,0.3833452052573626,0.16485964023623043,0.0,0.11965790366112183,0.010339072536519223,0.0
0.24152043206008497,0.0,0.0,0.23504405621450108,0.0,0.0,0.0,0.0,0.0,0.03841855442314687,0.0,0.020157995709271653,0.07265005165063126,0.4602587860080561,0.0,0.2873895938481236,0.2410300603377815,0.053746704803175976,0.0,0.0,0.0,0.0,0.0,0.21675257602886408,0.0,0.02858400051408916,0.0,0.05779472227374671,0.0,0.0,0.47617730927076174,0.6247250528272901,0.3021275760701012,0.0,0.6662355017517528,0.11252983796836696,0.27439295092510724,0.29771156534310383,0.570976790797244,0.10540935115291752,0.5471776693182688,0.3332023672210752,0.05710119192825593,0.0,0.3308807333930237,0.17264706741628494,0.0,0.0,0.12903725545599942,0.0,0.0,0.0,0.0,0.0,0.0,0.0,0.0,0.0,0.09187448374897231,0.0,0.0,0.0,0.0,0.0,0.0,0.0,0.0,0.0,0.13143455435221899,0.0,0.06921136156357627,0.0,0.0,0.02725104848459306,0.025559761486751834,0.07637394725362244
0.12125286238391678,0.0,0.0,0.29169910420459233,0.01640261950851986,0.0,0.17532180081451484,0.0,0.0,0.09600165527064874,0.0,0.06896955573821002,0.3446786046224508,0.559391480377993,0.0,0.2231398250832377,0.36201905439517024,0.0687749990492217,0.0,0.0,0.0,0.0,0.0,0.19083720451340558,0.0,0.04140997473339514,0.0,0.31364312794675514,0.0,0.008899146920553797,0.4380076796232607,0.5627266797632988,0.18175012914121996,0.6662355017517528,0.0,0.29679359555587825,0.41923168089298485,0.43729591361031295,0.4270547203328906,0.0,0.2553397128870614,0.3685456526208619,0.30451061097711923,0.12911894101013938,0.31830827724709876,0.0,0.0,0.0,0.16643046263078526,0.0,0.0,0.08840762153046901,0.0,0.0,0.08618452887472285,0.0,0.13389931962677373,0.15100289352828455,0.08541938191605324,0.0,0.0,0.0,0.0,0.0,0.0,0.0,0.0,0.0,0.052518531158563996,0.0,0.13300476227050426,0.0,0.0,0.0,0.16292982394496192,0.04493495030403398
0.0,0.006299127853417991,0.0,0.44057352634985386,0.2102368486089315,0.0,0.35927208692330886,0.04290088705395817,0.0927524619321333,0.0,0.0,0.18716227638095737,0.35735435293613416,0.35424351648901103,0.0,0.10820148299339784,0.033415616720706906,0.019105628891216545,0.0,0.0,0.0,0.0,0.0,0.07985358261608562,0.0,0.13062114942786318,0.0,0.3681248959435631,0.0,0.04630090768286085,0.16774648801468572,0.08661039997483325,0.0,0.11252983796836696,0.29679359555587825,0.0,0.5011711196065433,0.25088747550829255,0.0,0.0,0.0,0.06011291069782813,0.4243928709177586,0.412084323389076,0.1165474145453925,0.0,0.0,0.0,0.1526320821966312,0.061000893255671915,0.0,0.13327967215882314,0.0,0.001455956771384187,0.04617895569123172,0.0,0.23660496399037245,0.15821611381438588,0.2129458004440605,0.0,0.0,0.04263445347234386,0.0,0.0,0.003308060534852969,0.0,0.0,0.0,0.009725072805883972,0.0,0.07805095884238375,0.0,0.12868776099211016,0.0,0.1193123050261796,0.0
0.0,0.02682554916073912,0.0,0.4507600100222564,0.13114951473448064,0.0,0.377988833587356,0.0,0.025400247275815205,0.12041624638466109,0.0,0.10896757264973932,0.3001416995533315,0.3405314744272373,0.0,0.26928928394623153,0.163283810288014,0.21569985741591693,0.0,0.0,0.0,0.0,0.0,0.0851826017201521,0.0,0.0,0.0,0.43523176733752006,0.0,0.20570519366331202,0.30898575360979175,0.21107174017801522,0.0,0.27439295092510724,0.41923168089298485,0.5011711196065433,0.0,0.30737403243448524,0.1093128535219158,0.0,0.026344329393585997,0.0,0.3993858579854319,0.42245655940002325,0.31177974829537947,0.0,0.0,0.0,0.1506671034174849,0.0,0.0,0.1014477093576743,0.0,0.0,0.13557761355948747,0.0,0.23456176448457647,0.04315457270212843,0.06383741572402805,0.0,0.0,0.07489997272577162,0.07480052831767255,0.0,0.0,0.0,0.0,0.0,0.0,0.0,0.0,0.0,0.06191688887522212,0.0,0.20619154660075112,0.11740006636243572
0.0,0.0,0.0,0.12444152753519058,0.0,0.0155873434532742,0.2212491051932642,0.030907347498199955,0.0,0.22424257249401666,0.0,0.11624438981618149,0.38641291523435606,0.25226517499877854,0.0,0.21766248655544185,0.4655676261880797,0.27486284675132233,0.0,0.0,0.0,0.0,0.0,0.0,0.0,0.014993419631062793,0.0,0.4545427467990575,0.04312308449857907,0.26718110804479406,0.35342115952080244,0.3395523177568607,0.0,0.29771156534310383,0.43729591361031295,0.25088747550829255,0.30737403243448524,0.0,0.12367425936880778,0.0,0.04660642938882516,0.14613582333632033,0.4493390898282907,0.3114541162814884,0.44098657313754014,0.0,0.0,0.0,0.20653903878465285,0.0,0.0,0.0,0.0,0.0,0.14618397235033292,0.0,0.2565944597772304,0.07121980328487604,0.0,0.0,0.0,0.0,0.0,0.0,0.0,0.0,0.0,0.0,0.0,0.0,0.06373950295929531,0.0,0.043777389260123284,0.0,0.09809779935667907,0.0
0.5284028711753498,0.0,0.0,0.17350615255434898,0.0,0.0,0.0,0.001985786902464537,0.0,0.0293186591894892,0.0,0.15191905836002864,0.0,0.4170676074880096,0.0,0.005125505918297135,0.0,0.0,0.0,0.0,0.0,0.0,0.0,0.39581423673277105,0.039116672214101256,0.22487762261181327,0.0,0.0,0.0,0.0,0.08274549534665596,0.7679203507570952,0.4475226941857659,0.570976790797244,0.4270547203328906,0.0,0.1093128535219158,0.12367425936880778,0.0,0.4073503341692443,0.5343554472211629,0.4584610250010286,0.015036895207707707,0.0,0.3117891346244077,0.462609372091188,0.0,0.0,0.017269851894193278,0.0,0.0,0.0,0.029191083407882845,0.0,0.0,0.02317191505496074,0.04791849407827585,0.10196559034385254,0.08910733839341944,0.0,0.0,0.0359997314875338,0.0,0.0,0.0,0.0034760827238635994,0.0,0.0,0.42120187996563385,0.13018747819912113,0.3410171163700905,0.0,0.0,0.17396527836938672,0.15603914070709446,0.14440601388255195
0.49738991979859115,0.0028104671538462522,0.0,0.0,0.0,0.04646715682499944,0.0,0.14383231714417477,0.0,0.04031079214117955,0.16627271626868578,0.17603083304822653,0.0,0.10185226304376517,0.11482038591103103,0.0,0.0,0.0,0.0,0.0,0.2634066953500509,0.0,0.14871226450178415,0.3342301136332232,0.31754535018578656,0.21214343186008533,0.0,0.0,0.0,0.0,0.0,0.18643796320147,0.5779502879000729,0.10540935115291752,0.0,0.0,0.0,0.0,0.4073503341692443,0.0,0.24574674870381402,0.21337758411875168,0.0,0.0,0.0,0.5132781067254879,0.01824068175836341,0.0017265732049503435,0.0,0.0,0.2338556533402037,0.0,0.31906046193859583,0.11045906945273071,0.0,0.23969716910646982,0.0,0.06739933640851764,0.0,0.047772242617490454,0.1644922537387205,0.03264023200594146,0.0,0.0,0.0,0.26674655773960315,0.0,0.231409582247593,0.333642791886583,0.23462525581433127,0.11073144654903913,0.09405122023919225,0.0,0.11385136650451813,0.0,0.0
0.5002386328218696,0.0,0.0,0.17076883562800338,0.0,0.0,0.0,0.0,0.0,0.03664386338569084,0.0,0.1253589137687661,0.0,0.32762775788760407,0.0,0.033997691492332394,0.0,0.0,0.0,0.0,0.0,0.0,0.0,0.3792527020406641,0.12773093163438626,0.15755117966702048,0.0,0.0,0.0,0.0,0.21273947794293419,0.44714863801136967,0.3977223577414424,0.5471776693182688,0.2553397128870614,0.0,0.026344329393585997,0.04660642938882516,0.5343554472211629,0.24574674870381402,0.0,0.3167024984713639,0.0,0.0,0.11258975313682336,0.37269271196307324,0.0,0.0,0.09352099619759235,0.0,0.0,0.0,0.0,0.0,0.0,0.0,0.036611896136421046,0.0,0.10491498563358184,0.0,0.0,0.0,0.0,0.0,0.0,0.0,0.0,0.0,0.38577302431455396,0.10334262256056319,0.23467029265409312,0.0,0.0,0.23893979299061055,0.026525465730700415,0.26618209060367826
