0.0,0.0,0.0,0.0,0.0,0.0,0.0,0.0,0.059086824505570346,0.05400470730271789,0.0,0.0,0.0,0.0,0.324340313076583,0.3589926922355638,0.06210304645091563,0.006424102262868658,0.0,0.25846248232739155,0.2691104500876971,0.4058982090301497,0.0,0.0,0.13806983355778968,0.0,0.15576145805401181,0.20450326382896802,0.22946669541866707,0.20516136115507413,0.361602391427881,0.08786859424640328,0.11291832364400753,0.02190753085937222,0.010840308593624656,0.0,0.0,0.0,0.03449565401629989,0.11450460944599378,0.1926827612168052,0.0,0.0,0.05518033951118377,0.09925797807908979,0.5539929567058227,0.015906419713986486,0.007237895287724283,0.01239613306674138,0.0,0.0,0.0,0.0,0.13989820799577127,0.03214302007039288,0.02950560113474085,0.0,0.0,0.0,0.4290349232641141,0.39380243173603974,0.08024968312347727,0.24813625731121863,0.0,0.3322609895489447,0.1763644290187401,0.3664720381331632,0.0,0.0970321113840591,0.1984823086600693,0.09060566288560168,0.20464561847652962,0.29230396721756097,0.3067600019224761,0.0,0.24247355061361464
0.0,0.0,0.23342601166143218,0.0,0.0,0.6843259019358634,0.20312127835647145,0.22759627136130847,0.0,0.6376179134588935,0.0,0.19913385929837388,0.2796815255974967,0.0,0.21246247331620202,0.009610759917464906,0.6219208443128174,0.5492620092973209,0.03905282048171238,0.24044816473665911,0.39055060284977916,0.27699002273321316,0.33156881546956424,0.28345669000850987,0.8287309487805934,0.8026853895119666,0.3674539892847897,0.0,0.13677165956721762,0.0,0.0,0.38994511899104156,0.340419839579246,0.0,0.0,0.20912622189528912,0.0,0.0,0.1345552268190993,0.22071587688494754,0.11175846022894956,0.0,0.19623063635416232,0.27748636937912363,0.1760050710177746,0.0,0.5605784807823149,0.0,0.0,0.0,0.4744515958369665,0.0,0.07906810350048146,0.1404826946188356,0.37411160804938903,0.0,0.0,0.23930076605850042,0.0,0.2633022981677997,0.03474499764411376,0.4923998598670458,0.008178545932296555,0.36546808882428833,0.17452279505145718,0.17246164095331298,0.24275699873617285,0.15984131676580518,0.26856831850782986,0.37043576400217076,0.4646325494866271,0.2826198021440779,0.024954557553842294,0.05647108220490002,0.0,0.011685075339212092
0.0,0.23342601166143218,0.0,0.16416575244855858,0.11776797707329795,0.28512507745534155,0.0,0.38094562170730323,0.2779883249630862,0.06628373387371927,0.28470187158315796,0.355493420850417,0.19611734307855525,0.0,0.3108999383900886,0.0,0.23694489878544445,0.0,0.43844523628360826,0.39920703255160495,0.10522871906221479,0.1652998767554914,0.5132611022708606,0.2826332069346931,0.10015305941230543,0.4264633519487941,0.11564063644916434,0.23813508767822147,0.0,0.009334032994951169,0.0,0.0,0.01759646766654381,0.07805829346478685,0.0,0.21868101640013857,0.051722743911311306,0.0,0.0,0.0,0.06497493674418975,0.0,0.0,0.10438196580159556,0.08648574853293636,0.0,0.0,0.7779684683684085,0.2837145702881816,0.0954946546406617,0.05182886561103506,0.0,0.3341747378163314,0.5376786470549391,0.0,0.44354594139665937,0.15700263161610387,0.0037496666715855498,0.0,0.08833181376173915,0.0,0.0,0.0,0.36187666889568615,0.2329414479412395,0.0,0.13348302099589193,0.3505515369523574,0.09246836361174468,0.0,0.0,0.0,0.20714772738658066,0.0,0.05678143818085485,0.0
0.0,0.0,0.16416575244855858,0.0,0.3034024945946708,0.10755424711043063,0.2010130926559836,0.3414281407919865,0.16521144474003144,0.0,0.28525878225339185,0.3758163155088172,0.2719806991796014,0.47540603707747364,0.01133782716114741,0.06947063437163509,0.0,0.0,0.24112111241985196,0.15611234374051944,0.0,0.0,0.2574346012137465,0.0,0.0,0.04960090060478421,0.0,0.43522913280969705,0.0,0.4091714113079057,0.43414979047099966,0.0,0.0,0.5927863812409225,0.08510624904407466,0.5269086492442417,0.5124303308022401,0.3672150020268295,0.0,0.0,0.0,0.18347497160501886,0.0796412096896251,0.0,0.0,0.0,0.0,0.04716308517996498,0.574468617224875,0.06412380232411105,0.0,0.0,0.3608129917161899,0.04055389161856887,0.0,0.33586531331607794,0.513634351355356,0.0,0.21435256169326355,0.0,0.0,0.0,0.0,0.0,0.0,0.0,0.0,0.13344150505383182,0.0,0.0,0.0,0.0,0.0,0.0,0.0,0.0
0.0,0.0,0.11776797707329795,0.3034024945946708,0.0,0.0,0.5291747221048277,0.027739469284549845,0.7165415603367205,0.0,0.502760498204617,0.15031693852273256,0.36169101046577445,0.3370891908203274,0.0,0.3254132088634845,0.0,0.14543462065136548,0.052814205862660224,0.04672117213933863,0.0,0.08419788188994276,0.0,0.0,0.0,0.0,0.014249369903867715,0.40353886594923755,0.22107085557830536,0.37440774780245106,0.18944398321269582,0.0,0.0,0.3271151572556189,0.03959671282023589,0.2073572118755066,0.35240335425246083,0.3076032678632532,0.0,0.0,0.0,0.14058803566549533,0.005181626813825696,0.0913674828368343,0.0,0.0,0.0,0.25277410422825,0.20169890338371887,0.661457493491891,0.0,0.37324888170484716,0.0,0.31184091765803895,0.0,0.4101114920817456,0.1622540162304542,0.0,0.3135279501178948,0.0,0.0,0.0,0.0,0.0,0.0,0.0,0.0,0.0,0.0,0.0,0.0,0.0,0.03838620672303894,0.0,0.0,0.0
0.0,0.6843259019358634,0.28512507745534155,0.10755424711043063,0.0,0.0,0.4361029120270028,0.6481809201440177,0.0,0.36122918679318883,0.0,0.5519147669189736,0.6463974923457732,0.0,0.014960738200530566,0.0,0.38380537351703686,0.2756248732373123,0.14459119766816936,0.10534131796514012,0.15749265872039814,0.0,0.6499161344254218,0.332171389583251,0.4548765089326626,0.7153548034420109,0.1947145610878705,0.0,0.0,0.0,0.0,0.10047745479899885,0.17421950954729068,0.03409105245533903,0.0,0.27189242542486025,0.0637578400716998,0.1496182987229525,0.0,0.10406699817885805,0.0,0.0,0.12622079357776506,0.12145740950195408,0.062379690694017054,0.0,0.32527694488526315,0.056383486466356936,0.0,0.0,0.48013505395854783,0.0,0.43472121933531693,0.04570718725702566,0.1323002963656739,0.06546527904840199,0.40652821661016203,0.44584379333598845,0.08058911902602281,0.0,0.0,0.10437787368981907,0.0,0.27991957991479716,0.0,0.07124812689401894,0.0,0.2775562829370302,0.08899127654472472,0.0,0.2987136896037834,0.0,0.0,0.0,0.0,0.0
0.0,0.20312127835647145,0.0,0.2010130926559836,0.5291747221048277,0.4361029120270028,0.0,0.16766055560691767,0.35905025533817564,0.39521042711874427,0.03669579514005239,0.2597492333944333,0.7245365852883013,0.1961514918448307,0.0,0.348313308379149,0.3155258335252528,0.5041242902738388,0.0,0.0,0.0,0.0,0.0,0.0,0.13040752584912668,0.12112568246855204,0.0,0.20945184773163028,0.17920209317743235,0.05087336069097356,0.18153867717203034,0.0,0.0,0.3646535484505817,0.0,0.24419259726638984,0.4505967536251916,0.334846421704627,0.0,0.0,0.0,0.1705662594591475,0.13478664529069945,0.14598200888187232,0.0,0.0,0.0,0.0,0.12320398373222227,0.25675916623001577,0.0,0.4355566086641943,0.0,0.13747732860777562,0.15566525194602263,0.07259009452728726,0.2519322983241088,0.2933064888599058,0.1431582874537559,0.0,0.0,0.0,0.0,0.0,0.0,0.0,0.0,0.0,0.0,0.0,0.0,0.0,0.0,0.0,0.0,0.0
0.0,0.22759627136130847,0.38094562170730323,0.3414281407919865,0.027739469284549845,0.6481809201440177,0.16766055560691767,0.0,0.0,0.06124590438598054,0.2920444285052627,0.834241203933662,0.4611658912661201,0.3776089033827773,0.0,0.0,0.006581118408291758,0.0,0.27680865473754734,0.0,0.0,0.0,0.820331419669666,0.5067008139175603,0.0,0.5530496352117804,0.0,0.0,0.0,0.0,0.0,0.0,0.0789165165971985,0.2201960664251342,0.0,0.4194413287637932,0.16387210399179764,0.387690200033924,0.0,0.028701616799111818,0.0,0.08286908289085755,0.25235179578114236,0.04520092392548053,0.0,0.0,0.0,0.13285760314678163,0.1570250773744942,0.0,0.27072333065084264,0.0,0.8043029542066146,0.0,0.0,0.29361388417845874,0.6910899414258891,0.28525447191539427,0.3413257178804968,0.0,0.0,0.0,0.0,0.22566906375443455,0.0,0.0,0.0,0.5144329616902233,0.19515125386580823,0.0,0.1728597187640422,0.0,0.0,0.0,0.0,0.0
0.059086824505570346,0.0,0.2779883249630862,0.16521144474003144,0.7165415603367205,0.0,0.35905025533817564,0.0,0.0,0.0469104243503245,0.36585111679347826,0.054935937854546146,0.2737846738249329,0.13102766406405422,0.0,0.37427477602757947,0.07972525905296812,0.029343536071060966,0.0,0.1955203802296398,0.0,0.1849633246191038,0.0,0.0,0.0,0.0,0.0,0.4927442018951612,0.20099466281093284,0.4988724691155357,0.22952283706669863,0.0,0.0,0.28425579939891177,0.0,0.0844717196811869,0.2844424117462002,0.17455089166279988,0.0,0.0,0.0,0.07180181493564461,0.0,0.054192950582228214,0.0,0.0,0.0,0.4170108509305121,0.25531429559705904,0.6872718286913336,0.0,0.3574462288002581,0.0,0.6700557550456001,0.0,0.4691224807528195,0.0034022157232346806,0.0,0.06843172783488204,0.0,0.0,0.0,0.0,0.0,0.0,0.0,0.016666067406996887,0.0,0.0,0.0,0.0,0.0,0.2150485970411139,0.0,0.0,0.0
0.05400470730271789,0.6376179134588935,0.06628373387371927,0.0,0.0,0.36122918679318883,0.39521042711874427,0.06124590438598054,0.0469104243503245,0.0,0.0,0.19816644460068966,0.23782402073843228,0.0,0.20143066897433443,0.13971222710789255,0.5870881790148806,0.5164326856565593,0.0,0.3712065287249412,0.5187452461694179,0.401976582355943,0.04541397796979274,0.0,0.5297795790810145,0.442345692107439,0.3943297891100493,0.31342162914361676,0.3840266852969796,0.0,0.36597911290446006,0.1283992195738684,0.2015895782711427,0.20062717094400973,0.0,0.3642916283215595,0.30869119444931425,0.21500257269956669,0.0,0.1358691232255875,0.0,0.0,0.29604608141891264,0.5253979491022107,0.0,0.0,0.21671306867486653,0.0,0.10647538321684294,0.04367518624155617,0.11650791043551739,0.3456273769171821,0.0,0.2188874548496741,0.7191341289861986,0.0,0.12768941487677238,0.08206340249281863,0.0,0.3399330032950284,0.1656810202329502,0.4401835735211783,0.09860027418436657,0.03445445720107884,0.12276664847613428,0.40384359924736357,0.2508182685915257,0.0,0.0,0.33135630875677263,0.2735500240552453,0.25300029835718474,0.15527618050149428,0.14256660845190752,0.0,0.0
0.0,0.0,0.28470187158315796,0.28525878225339185,0.502760498204617,0.0,0.03669579514005239,0.2920444285052627,0.36585111679347826,0.0,0.0,0.3326137446185322,0.11743448375537749,0.47073706071673904,0.0,0.0,0.0,0.0,0.48554657765278697,0.0,0.0,0.0,0.22831393045450746,0.10265783356008631,0.0,0.0,0.0,0.07677104222644088,0.0,0.2571649250003323,0.0,0.0,0.0,0.19012632867426404,0.1337636720046311,0.09000847962684008,0.08359694662295186,0.2094251635669156,0.0,0.0,0.0,0.11563814867392999,0.0,0.0,0.0,0.03434272239747477,0.0,0.43396717486629677,0.08092105715975204,0.3609483986141653,0.0,0.0,0.22713685578053214,0.07631344030113907,0.0,0.6327285136034385,0.3188348707947924,0.0,0.36782660227029,0.0,0.0,0.0,0.0,0.1752014493216516,0.0,0.0,0.0,0.035275919347181994,0.0,0.0,0.0,0.0,0.0,0.0,0.04013794657610173,0.0
0.0,0.19913385929837388,0.355493420850417,0.3758163155088172,0.15031693852273256,0.5519147669189736,0.2597492333944333,0.834241203933662,0.054935937854546146,0.19816644460068966,0.3326137446185322,0.0,0.5557228195436178,0.3231246849848148,0.0,0.0,0.1948456121079285,0.0,0.20526539651663805,0.020403299843417322,0.0,0.0,0.6426357988913112,0.5278585818953362,0.0,0.5954216974420429,0.0,0.11506057068753328,0.0,0.0,0.0,0.0,0.10510532924362836,0.3035508425165373,0.0,0.4633729131896095,0.26377833952788154,0.4876950600312986,0.0,0.015396362012294273,0.0,0.043094004427934124,0.3150052933554432,0.18424558537923658,0.0055478105683931245,0.0,0.0,0.13451878485971563,0.1940102836655692,0.08214262304369443,0.06022676027150217,0.0,0.6633096054703831,0.06101491501952691,0.0,0.3304108905717243,0.8210785331018077,0.3131618031305482,0.27062156981970475,0.0,0.0,0.0,0.0,0.13988044760506452,0.0,0.0,0.0,0.24573012463439764,0.17444025950969685,0.0,0.1387163496411003,0.0,0.0,0.0,0.0,0.0
0.0,0.2796815255974967,0.19611734307855525,0.2719806991796014,0.36169101046577445,0.6463974923457732,0.7245365852883013,0.4611658912661201,0.2737846738249329,0.23782402073843228,0.11743448375537749,0.5557228195436178,0.0,0.2792732450669704,0.0,0.2210186433988526,0.49966246114103186,0.23066226649790497,0.06610718341114263,0.0,0.0,0.0,0.21984432009081886,0.14682507960897526,0.06347983685882835,0.411807436174126,0.0,0.298516867676224,0.0,0.013308618789264981,0.013775696248995883,0.0,0.007993990822783736,0.348006250560724,0.0,0.3479355058846353,0.35179889078304843,0.354673202879071,0.0,0.0,0.0,0.07949427052585169,0.18314161345269325,0.10650548234912331,0.0,0.0,0.0,0.08610554112884622,0.228141203502363,0.1990435448133043,0.014298622498448432,0.19522429952053516,0.19732972389042708,0.1622351389490802,0.03929184301453109,0.1831855543331364,0.4617870942788438,0.5309767598030856,0.21205352097932917,0.0,0.0,0.0,0.0,0.0,0.0,0.0,0.0,0.0,0.0,0.0,0.0,0.0,0.0,0.0,0.0,0.0
0.0,0.0,0.0,0.47540603707747364,0.3370891908203274,0.0,0.1961514918448307,0.3776089033827773,0.13102766406405422,0.0,0.47073706071673904,0.3231246849848148,0.2792732450669704,0.0,0.0,0.0,0.0,0.0,0.06090203132203208,0.0,0.0,0.0,0.23102402673505834,0.06222319837655879,0.0,0.0,0.0,0.019489707234256554,0.0,0.275443390958544,0.0694993403150013,0.0,0.0,0.4077845166561036,0.4364542872185693,0.2260371943898964,0.271243556052027,0.31358131957808977,0.0,0.0,0.0,0.5216638738217629,0.06581017487635699,0.0,0.0,0.058538209298686236,0.0,0.0,0.24073497092900936,0.24821015059630253,0.0,0.018477365675725693,0.27138577333179753,0.0,0.0,0.20292033951378075,0.4133479622605454,0.023099496894239152,0.6021026263917687,0.0,0.0,0.0,0.0,0.0,0.0,0.0,0.0,0.049009180329661756,0.0,0.0,0.0,0.0,0.0,0.0,0.0,0.0
0.324340313076583,0.21246247331620202,0.3108999383900886,0.01133782716114741,0.0,0.014960738200530566,0.0,0.0,0.0,0.20143066897433443,0.0,0.0,0.0,0.0,0.0,0.0,0.02231620977080953,0.07285880844373266,0.19815725534768558,0.7534856579460214,0.695331288068066,0.680482013556286,0.23656643637511346,0.0,0.277339390652873,0.09088441295734448,0.6978115074866549,0.280098548938773,0.472815567088558,0.08318757025909895,0.2231908585118675,0.2914610375606538,0.03868124183602438,0.0,0.0,0.1727885548966781,0.0,0.0,0.15482065588390723,0.10937116671349292,0.02215585260984053,0.0,0.0,0.07058074142113013,0.11984299284141049,0.0,0.41135381915603714,0.2290697545550961,0.01879045713601711,0.0,0.12065478033273913,0.0,0.14256057456396673,0.2822643343201194,0.035974692614506476,0.17882790282596742,0.0,0.0,0.0,0.8186159496344978,0.2723073128332664,0.15558037196665175,0.03244320127894573,0.34126697119943167,0.6401468107468928,0.4353568565986585,0.6651034182403819,0.4715684974267393,0.09326391024594631,0.12721294179482534,0.09225261201500878,0.5756096768018798,0.3125047118172416,0.33392913840039806,0.0,0.0
0.3589926922355638,0.009610759917464906,0.0,0.06947063437163509,0.3254132088634845,0.0,0.348313308379149,0.0,0.37427477602757947,0.13971222710789255,0.0,0.0,0.2210186433988526,0.0,0.0,0.0,0.4585940542034273,0.47825980337001417,0.0,0.10667274772569296,0.09579866695242611,0.3868724367899445,0.0,0.0,0.14324006177487825,0.0,0.0,0.3795769278479961,0.29217484443140185,0.2901981000068909,0.33880323632978004,0.0,0.07393524558368039,0.27581173498199896,0.04397432126976362,0.0,0.10419128491696708,0.0,0.0,0.0,0.02363595854762321,0.0,0.0,0.018726116683199998,0.0,0.23728278175322168,0.0,0.07532232461034555,0.11456501938630546,0.18022911961764773,0.0,0.06267391063983235,0.0,0.2711010656201693,0.005786266014637165,0.03905103105314711,0.0,0.0,0.0,0.0661765494453288,0.17804239467956595,0.030009978668574633,0.15522480308085795,0.0,0.0,0.04247487736904887,0.08675035158621303,0.0,0.0,0.0,0.0,0.0,0.20243212252299428,0.0565780201059875,0.0,0.0025788886665353283
0.06210304645091563,0.6219208443128174,0.23694489878544445,0.0,0.0,0.38380537351703686,0.3155258335252528,0.006581118408291758,0.07972525905296812,0.5870881790148806,0.0,0.1948456121079285,0.49966246114103186,0.0,0.02231620977080953,0.4585940542034273,0.0,0.5011137312260361,0.026596777908551028,0.24301675719776192,0.2911616852720997,0.31816266915798314,0.0,0.2039915310814278,0.4950018916447003,0.5329809995739161,0.022439139342333103,0.32893051634891746,0.09844622128876512,0.0,0.1448804338387178,0.0901208085976108,0.3449051279497942,0.07175244469946675,0.0,0.2043482781539363,0.11226463811572628,0.061517441253493704,0.0,0.17512487557531817,0.017862514440117078,0.0,0.1453694199884654,0.26602257692509224,0.11242763940453684,0.0,0.14971001660905545,0.060741131407027055,0.06266864857122204,0.0,0.07605510493120649,0.0743484986735411,0.0,0.2999341759161744,0.3802166307313778,0.0,0.0,0.32405404040799335,0.0,0.19088463911911366,0.07524375133659755,0.49460689588742446,0.13142262761121987,0.11674722329307374,0.10747271197067257,0.05124714547783282,0.19755363966535716,0.0,0.06900939342515738,0.16472465785300197,0.2064265551932859,0.0,0.2841164871878607,0.0,0.0,0.0
0.006424102262868658,0.5492620092973209,0.0,0.0,0.14543462065136548,0.2756248732373123,0.5041242902738388,0.0,0.029343536071060966,0.5164326856565593,0.0,0.0,0.23066226649790497,0.0,0.07285880844373266,0.47825980337001417,0.5011137312260361,0.0,0.0,0.17744562579073914,0.27924509147557486,0.4893241767058809,0.0,0.0,0.6252994080699664,0.22525465776474202,0.4225826422968189,0.061392491131801286,0.5300493061605489,0.0,0.0077947923807455965,0.22567442470333096,0.21196144012349574,0.0,0.0,0.0,0.0,0.0,0.01893461128906565,0.10698824043606098,0.12301047477234753,0.0,0.025269306999611996,0.21491379041922648,0.04052829989162936,0.0,0.24820653158850184,0.0,0.0,0.0,0.06228488576800373,0.21128480052698756,0.0,0.11976373731830908,0.3712819254502455,0.0,0.0,0.1041437544448432,0.0,0.21670147614782376,0.33417907077942777,0.46455649723973524,0.34245157201595006,0.18465165129701888,0.12001535378305364,0.17882047874110962,0.23463168442845003,0.0,0.0,0.34625139460277954,0.09836036484530969,0.26222620575018873,0.16246814853248795,0.3044587560165133,0.12638537908039885,0.14466822282668362
0.0,0.03905282048171238,0.43844523628360826,0.24112111241985196,0.052814205862660224,0.14459119766816936,0.0,0.27680865473754734,0.0,0.0,0.48554657765278697,0.20526539651663805,0.06610718341114263,0.06090203132203208,0.19815725534768558,0.0,0.026596777908551028,0.0,0.0,0.190646469489395,0.0,0.13836736302513486,0.34849339147035374,0.2507165960045612,0.0,0.11151774813116475,0.06300941195315835,0.011092449253246928,0.0,0.05280755183814795,0.0,0.014684815460521625,0.06496158997913591,0.035275307170910916,0.0,0.05362168504813834,0.0,0.0,0.05147178951435052,0.128997302961819,0.14037800504080492,0.0,0.0,0.0,0.07923797658946703,0.0,0.08808692911603613,0.43944829366366567,0.0549326747607988,0.0,0.06227216567451288,0.0,0.3001482793727861,0.0039560492429553396,0.0,0.3772011148962795,0.1699513691963483,0.0,0.024823096019072205,0.0,0.0,0.0,0.0,0.6687723308561981,0.07833481351709243,0.0,0.03833774622206382,0.23829643608013906,0.09244806899183271,0.0,0.0,0.0,0.0,0.0,0.1129874676860691,0.0
0.25846248232739155,0.24044816473665911,0.39920703255160495,0.15611234374051944,0.04672117213933863,0.10534131796514012,0.0,0.0,0.1955203802296398,0.3712065287249412,0.0,0.020403299843417322,0.0,0.0,0.7534856579460214,0.10667274772569296,0.24301675719776192,0.17744562579073914,0.190646469489395,0.0,0.6622926480209095,0.821904663033904,0.13603431464968607,0.0,0.27699535729426833,0.18841974860635816,0.6234473308683081,0.5128765804885003,0.5315345840759597,0.26510925045116895,0.4209417249954911,0.1265359509309177,0.05135120170935703,0.13883188209342745,0.0,0.31311181453776127,0.08977983186631908,0.0,0.0,0.12613838879095837,0.0,0.0,0.0,0.1821605519228588,0.16764174356821765,0.0,0.241420736875742,0.2479747907056873,0.11270155473544267,0.0,0.0,0.0,0.07623380445125616,0.43217542556307154,0.09525328303923661,0.24253175610702157,0.06567839387379104,0.0,0.0,0.6836591651671049,0.17082590283914825,0.0950662392658218,0.0,0.26633529598674877,0.7055042376023134,0.3418869285743833,0.7280434232436956,0.24649507507311638,0.0,0.0004412237568311439,0.008322902026309476,0.4377440311184021,0.36516688921196566,0.1937162195976616,0.0,0.0
0.2691104500876971,0.39055060284977916,0.10522871906221479,0.0,0.0,0.15749265872039814,0.0,0.0,0.0,0.5187452461694179,0.0,0.0,0.0,0.0,0.695331288068066,0.09579866695242611,0.2911616852720997,0.27924509147557486,0.0,0.6622926480209095,0.0,0.6310895366817536,0.1359380022218834,0.0,0.4802777148058065,0.21464501465895505,0.6555185172664036,0.3107323854520384,0.5069563802326242,0.032346496013481385,0.3350077435549557,0.37437267292900955,0.24558125867383995,0.0,0.0,0.19592262469763133,0.0,0.0,0.1712553396161527,0.23671630028251012,0.04903426896363998,0.0,0.0,0.2609203374469557,0.15758439694054463,0.0,0.438673845472882,0.0,0.0,0.0,0.23209415122653537,0.0,0.07407840990825709,0.17633178920771553,0.41529333913458466,0.0,0.0,0.0,0.0,0.7462064127833687,0.3651017096808522,0.3844706318327029,0.22879502313625805,0.18199279895722104,0.5354488640900701,0.7072041119743725,0.6325071250588855,0.26145410127043905,0.1442967795224247,0.36700720137483134,0.2724631861035006,0.5208233543858891,0.37980670330336064,0.35899600697901574,0.0,0.06707095184134579
0.4058982090301497,0.27699002273321316,0.1652998767554914,0.0,0.08419788188994276,0.0,0.0,0.0,0.1849633246191038,0.401976582355943,0.0,0.0,0.0,0.0,0.680482013556286,0.3868724367899445,0.31816266915798314,0.4893241767058809,0.13836736302513486,0.821904663033904,0.6310895366817536,0.0,0.0,0.0,0.45038408842407796,0.07466475012582247,0.6949932133812585,0.42660822351335626,0.7016219189660776,0.16385033234585433,0.3975168163543934,0.22102353156618806,0.06334011617873861,0.006891732367019426,0.0,0.09389697196587501,0.0,0.0,0.0,0.14300248627277998,0.01016919577267511,0.0,0.0,0.12327735988275478,0.1568943460939038,0.017010227947033107,0.26569217913605714,0.15180620573065423,0.0,0.0,0.0,0.0,0.0,0.42441322377560065,0.1145118708997108,0.14395007793596387,0.0,0.0,0.0,0.7156226966562422,0.443002248842116,0.2690924728150799,0.2128824176626868,0.2713536830633301,0.7080650630233785,0.34306080378003007,0.7908591366335956,0.014700562300009545,0.0,0.1845738845878913,0.0,0.5452968372139263,0.4011005045486898,0.435548971521627,0.0,0.0707054025906097
0.0,0.33156881546956424,0.5132611022708606,0.2574346012137465,0.0,0.6499161344254218,0.0,0.820331419669666,0.0,0.04541397796979274,0.22831393045450746,0.6426357988913112,0.21984432009081886,0.23102402673505834,0.23656643637511346,0.0,0.0,0.0,0.34849339147035374,0.13603431464968607,0.1359380022218834,0.0,0.0,0.4805953903875827,0.09252323023216913,0.58684282279219,0.1728728208583366,0.0,0.0,0.0,0.0,0.05668548317620575,0.12969815313933658,0.07541650736079704,0.0,0.30240844342822715,0.0075611643046051,0.19299471539130963,0.004022432715751201,0.08741538523193225,0.0,0.0,0.12245838806732814,0.0,0.03429561240731968,0.0,0.21490212978818107,0.27872716959863336,0.1321158659414047,0.0,0.3762642209667695,0.0,0.7670337567726884,0.0,0.0,0.2909691673214506,0.5080702517215272,0.10453474023791515,0.21884370246531826,0.0,0.0,0.0,0.0,0.3954048457214211,0.0,0.0,0.0,0.73097411985369,0.2779576672031412,0.0,0.21745569630879663,0.0,0.0,0.0,0.0,0.0
0.0,0.28345669000850987,0.2826332069346931,0.0,0.0,0.332171389583251,0.0,0.5067008139175603,0.0,0.0,0.10265783356008631,0.5278585818953362,0.14682507960897526,0.06222319837655879,0.0,0.0,0.2039915310814278,0.0,0.2507165960045612,0.0,0.0,0.0,0.4805953903875827,0.0,0.2089127313441681,0.5956406103296852,0.0,0.0,0.0,0.0,0.0,0.19399696727359966,0.3820803414989722,0.0,0.023419749266740092,0.0,0.0,0.06476349633594528,0.1830738916317958,0.2935157661095794,0.2630382969004442,0.0,0.14254916435457976,0.0,0.25458204061937506,0.0,0.12568631415119713,0.16934937159058405,0.0,0.0,0.2752182631040775,0.0,0.39917326348780613,0.0,0.0,0.1229160970393659,0.20515322516062462,0.3321378031574534,0.07993933388141304,0.0,0.0,0.048629192214909356,0.0,0.35143024614595353,0.0,0.0,0.0,0.20782830613403658,0.6802218113599524,0.07823623156345919,0.5030671675345763,0.0,0.0,0.0,0.24302528038265792,0.06202732641002745
0.13806983355778968,0.8287309487805934,0.10015305941230543,0.0,0.0,0.4548765089326626,0.13040752584912668,0.0,0.0,0.5297795790810145,0.0,0.0,0.06347983685882835,0.0,0.277339390652873,0.14324006177487825,0.4950018916447003,0.6252994080699664,0.0,0.27699535729426833,0.4802777148058065,0.45038408842407796,0.09252323023216913,0.2089127313441681,0.0,0.5414199815453078,0.5263695898910455,0.0,0.4212934561178692,0.0,0.0,0.4086376165058172,0.38525579092363105,0.0,0.0,0.0,0.0,0.0,0.19106017474058903,0.2147847879314058,0.20154583687491046,0.0,0.0,0.07009226321474954,0.18118750687542753,0.0,0.5243093995675893,0.058176164826165805,0.0,0.0,0.3393894507228624,0.0,0.0,0.22173783805551583,0.32740917401043174,0.0,0.0,0.005616381084070476,0.0,0.3467370195103552,0.27152492350520324,0.4569182302893654,0.24804772958163357,0.31900526684210295,0.27806600796055414,0.37903567265683913,0.33574968247166276,0.01816078798586196,0.22431753839845084,0.5720830159398922,0.42765527798262337,0.39959038978471834,0.06760306190762588,0.3457658906088219,0.10305798045376577,0.1807893908907137
0.0,0.8026853895119666,0.4264633519487941,0.04960090060478421,0.0,0.7153548034420109,0.12112568246855204,0.5530496352117804,0.0,0.442345692107439,0.0,0.5954216974420429,0.411807436174126,0.0,0.09088441295734448,0.0,0.5329809995739161,0.22525465776474202,0.11151774813116475,0.18841974860635816,0.21464501465895505,0.07466475012582247,0.58684282279219,0.5956406103296852,0.5414199815453078,0.0,0.05203135255384744,0.0,0.0,0.0,0.0,0.2512430537493482,0.3690256469436263,0.0,0.0,0.3563409028010438,0.04313819831266448,0.17550836055104005,0.039301331273156104,0.2544781642433985,0.0499314954932967,0.0,0.2770590817720725,0.31789439401475694,0.2390640448896571,0.0,0.2887686438326645,0.08955573346855167,0.07288215427545901,0.0,0.3452613047072714,0.0,0.3582103849696782,0.1193338970929578,0.12303602595033819,0.08833166213906563,0.2375987200784911,0.271102325665398,0.0,0.0570955209946154,0.0,0.22000705513036173,0.0,0.33487047547284093,0.038888547721490585,0.01318270223866952,0.03536548062885747,0.25859087192394925,0.4331036609855156,0.049299414526693286,0.4254880119690838,0.0,0.0,0.0,0.0,0.0
0.15576145805401181,0.3674539892847897,0.11564063644916434,0.0,0.014249369903867715,0.1947145610878705,0.0,0.0,0.0,0.3943297891100493,0.0,0.0,0.0,0.0,0.6978115074866549,0.0,0.022439139342333103,0.4225826422968189,0.06300941195315835,0.6234473308683081,0.6555185172664036,0.6949932133812585,0.1728728208583366,0.0,0.5263695898910455,0.05203135255384744,0.0,0.05699743727736767,0.775846861863194,0.0,0.11986212266269927,0.34543922734906446,0.03333866717335443,0.0,0.0,0.0,0.0,0.0,0.17014794188709487,0.11854136219366913,0.0,0.0,0.0,0.09609010540786142,0.13230570119842566,0.0,0.5225122046909041,0.10670037080757344,0.0,0.0,0.2904278204949782,0.0,0.0,0.21755300927989868,0.2319666011185089,0.03881124547337067,0.0,0.0,0.0,0.598600007708861,0.4177273778315941,0.28812642025025215,0.2091069099113611,0.2769823630351305,0.5364833207932116,0.5000102777629709,0.6004381184136547,0.31871197869916595,0.0,0.37853960736303377,0.11512842491736383,0.7214646563268867,0.16097858197223658,0.5531051844341349,0.0,0.09046608937671978
0.20450326382896802,0.0,0.23813508767822147,0.43522913280969705,0.40353886594923755,0.0,0.20945184773163028,0.0,0.4927442018951612,0.31342162914361676,0.07677104222644088,0.11506057068753328,0.298516867676224,0.019489707234256554,0.280098548938773,0.3795769278479961,0.32893051634891746,0.061392491131801286,0.011092449253246928,0.5128765804885003,0.3107323854520384,0.42660822351335626,0.0,0.0,0.0,0.0,0.05699743727736767,0.0,0.2770247798890073,0.6591494743105466,0.6323862130901862,0.0,0.0,0.5188870117812148,0.0,0.4966182692478962,0.49777261627765235,0.3374523433868079,0.0,0.0,0.0,0.0,0.15476697317391497,0.3271565269811091,0.0,0.0,0.0,0.12685407541942706,0.5424819379187731,0.39149549954097695,0.0,0.24621361203951514,0.026936711945855174,0.3615545539302827,0.13245093743437608,0.23550307915391874,0.26321492522729484,0.0,0.0,0.253685313536715,0.0,0.0,0.0,0.0,0.11500602061350051,0.08452516811823674,0.17115744207581457,0.0,0.0,0.0,0.0,0.0,0.4363855372467834,0.0,0.0,0.0
0.22946669541866707,0.13677165956721762,0.0,0.0,0.22107085557830536,0.0,0.17920209317743235,0.0,0.20099466281093284,0.3840266852969796,0.0,0.0,0.0,0.0,0.472815567088558,0.29217484443140185,0.09844622128876512,0.5300493061605489,0.0,0.5315345840759597,0.5069563802326242,0.7016219189660776,0.0,0.0,0.4212934561178692,0.0,0.775846861863194,0.2770247798890073,0.0,0.11417880703950745,0.3276448517308473,0.08568434183759052,0.0,0.0,0.0,0.0,0.0,0.0,0.0,0.0,0.0,0.0,0.0,0.05937782712344947,0.0,0.14144566139270154,0.18951344205085496,0.002041296723729824,0.0,0.044049420833449926,0.0,0.175186809289306,0.0,0.24734039684575232,0.2816377945768222,0.0,0.0,0.0,0.0,0.4921564024764012,0.5352525678352613,0.19989754259269413,0.3446687795142337,0.0,0.4318960305182402,0.46851379069449994,0.5086202162660631,0.0,0.0,0.31416212836249585,0.0,0.5901971037946379,0.21043383088116174,0.6439045848890346,0.0,0.062287938384292
0.20516136115507413,0.0,0.009334032994951169,0.4091714113079057,0.37440774780245106,0.0,0.05087336069097356,0.0,0.4988724691155357,0.0,0.2571649250003323,0.0,0.013308618789264981,0.275443390958544,0.08318757025909895,0.2901981000068909,0.0,0.0,0.05280755183814795,0.26510925045116895,0.032346496013481385,0.16385033234585433,0.0,0.0,0.0,0.0,0.0,0.6591494743105466,0.11417880703950745,0.0,0.6243768777202202,0.0,0.0,0.5599123796188976,0.08042999250926419,0.25707380431084503,0.40378306328467584,0.3368778241370304,0.0,0.0,0.0,0.2507889240085867,0.0,0.0004458404918617487,0.0,0.1343830418630596,0.0,0.0694575868934588,0.36981649367462044,0.31785895726190294,0.0,0.06603472187113246,0.0,0.2115674135161262,0.0,0.28749953726925553,0.1800416954759804,0.0,0.0,0.11531936089457315,0.0,0.0,0.0,0.0,0.027765371480257095,0.0,0.08729363707640392,0.0,0.0,0.0,0.0,0.0,0.1657413262952357,0.0,0.0,0.0
0.361602391427881,0.0,0.0,0.43414979047099966,0.18944398321269582,0.0,0.18153867717203034,0.0,0.22952283706669863,0.36597911290446006,0.0,0.0,0.013775696248995883,0.0694993403150013,0.2231908585118675,0.33880323632978004,0.1448804338387178,0.0077947923807455965,0.0,0.4209417249954911,0.3350077435549557,0.3975168163543934,0.0,0.0,0.0,0.0,0.11986212266269927,0.6323862130901862,0.3276448517308473,0.6243768777202202,0.0,0.0,0.013027302880535135,0.6379921459028275,0.0,0.42624657848830716,0.49210983901231,0.4289989580239229,0.0,0.08793646196254266,0.0,0.12081276306933117,0.14101636755348496,0.2599733893359752,0.0,0.2589371381973807,0.0,0.0,0.4386321573670466,0.12754589082371498,0.0,0.11244668765826832,0.0,0.0566784300842767,0.23643958935894976,0.09984065462932212,0.16681539510229915,0.0,0.0,0.25570832092039764,0.0,0.0,0.0,0.0,0.036100078828085747,0.25771323522400214,0.16016278626235234,0.0,0.0,0.0,0.0,0.0,0.10363699766386306,0.0,0.0,0.0
0.08786859424640328,0.38994511899104156,0.0,0.0,0.0,0.10047745479899885,0.0,0.0,0.0,0.1283992195738684,0.0,0.0,0.0,0.0,0.2914610375606538,0.0,0.0901208085976108,0.22567442470333096,0.014684815460521625,0.1265359509309177,0.37437267292900955,0.22102353156618806,0.05668548317620575,0.19399696727359966,0.4086376165058172,0.2512430537493482,0.34543922734906446,0.0,0.08568434183759052,0.0,0.0,0.0,0.36913686934869727,0.0,0.0,0.0,0.0,0.0,0.7807000412829495,0.3889671407701092,0.5232611854196738,0.0,0.01963946172928871,0.11651461162251922,0.41546266856312364,0.0,0.5305856012045482,0.0,0.0,0.0,0.35368274819481876,0.0,0.0,0.0,0.21088352100583052,0.0,0.0,0.05736401856208265,0.0,0.4057662731481747,0.4488865229455076,0.5668122073522841,0.3457316919740069,0.4169292363081376,0.40943486573088395,0.19979496729148005,0.45138379489570507,0.1797380710560583,0.52273609641034,0.5098038396954714,0.37038758038020164,0.3412561289338142,0.29841784227442314,0.3816335334467401,0.39217354698861195,0.577829723162291
0.11291832364400753,0.340419839579246,0.01759646766654381,0.0,0.0,0.17421950954729068,0.0,0.0789165165971985,0.0,0.2015895782711427,0.0,0.10510532924362836,0.007993990822783736,0.0,0.03868124183602438,0.07393524558368039,0.3449051279497942,0.21196144012349574,0.06496158997913591,0.05135120170935703,0.24558125867383995,0.06334011617873861,0.12969815313933658,0.3820803414989722,0.38525579092363105,0.3690256469436263,0.03333866717335443,0.0,0.0,0.0,0.013027302880535135,0.36913686934869727,0.0,0.0,0.0,0.055181355445208094,0.0,0.12541308075240987,0.2554907653816861,0.5443601713394959,0.317647639398144,0.0,0.12907357018113033,0.10930890618631661,0.3858156875650571,0.058777767195645175,0.286057517647773,0.0,0.0,0.0,0.26182810297545145,0.0,0.06084172606006609,0.0,0.23484489680371096,0.0,0.0,0.19535143279688583,0.0,0.12630405113739185,0.09043348604449955,0.3728590444936385,0.17291614356760618,0.1951513111223672,0.1045433783881525,0.21412026208544213,0.12654505482683387,0.058178768268040984,0.43299861730316785,0.34081224313074876,0.39712902453371945,0.052289402130177326,0.06596086788760441,0.02641421455948395,0.14011121485492212,0.16661622750937
0.02190753085937222,0.0,0.07805829346478685,0.5927863812409225,0.3271151572556189,0.03409105245533903,0.3646535484505817,0.2201960664251342,0.28425579939891177,0.20062717094400973,0.19012632867426404,0.3035508425165373,0.348006250560724,0.4077845166561036,0.0,0.27581173498199896,0.07175244469946675,0.0,0.035275307170910916,0.13883188209342745,0.0,0.006891732367019426,0.07541650736079704,0.0,0.0,0.0,0.0,0.5188870117812148,0.0,0.5599123796188976,0.6379921459028275,0.0,0.0,0.0,0.13376765392481194,0.4654810113742616,0.6296301121125498,0.5188955862843421,0.0,0.0,0.0,0.21829180613463584,0.20614180570300916,0.25750344964102273,0.0,0.07379247255964047,0.0,0.0,0.500244175309735,0.257041896254549,0.0,0.12142473884848815,0.15268023549388435,0.02383962347557156,0.03498497772798717,0.23042372174318762,0.47310564402569677,0.0,0.21540427302511533,0.0,0.0,0.0,0.0,0.0,0.0,0.0,0.0,0.0,0.0,0.0,0.0,0.0,0.0,0.0,0.0,0.0
0.010840308593624656,0.0,0.0,0.08510624904407466,0.03959671282023589,0.0,0.0,0.0,0.0,0.0,0.1337636720046311,0.0,0.0,0.4364542872185693,0.0,0.04397432126976362,0.0,0.0,0.0,0.0,0.0,0.0,0.0,0.023419749266740092,0.0,0.0,0.0,0.0,0.0,0.08042999250926419,0.0,0.0,0.0,0.13376765392481194,0.0,0.0,0.0,0.0,0.0,0.0,0.1803904316777085,0.3310644700094396,0.0,0.0,0.0,0.29861901433093974,0.0,0.0,0.035733331154206,0.0,0.0,0.0,0.0,0.0,0.0,0.02694575565089107,0.0,0.0,0.21724577756637595,0.0,0.0,0.0,0.0,0.0,0.0,0.0,0.0,0.0,0.0,0.0,0.0,0.0,0.0,0.0,0.10423763273152785,0.05454123309177674
0.0,0.20912622189528912,0.21868101640013857,0.5269086492442417,0.2073572118755066,0.27189242542486025,0.24419259726638984,0.4194413287637932,0.0844717196811869,0.3642916283215595,0.09000847962684008,0.4633729131896095,0.3479355058846353,0.2260371943898964,0.1727885548966781,0.0,0.2043482781539363,0.0,0.05362168504813834,0.31311181453776127,0.19592262469763133,0.09389697196587501,0.30240844342822715,0.0,0.0,0.3563409028010438,0.0,0.4966182692478962,0.0,0.25707380431084503,0.42624657848830716,0.0,0.055181355445208094,0.4654810113742616,0.0,0.0,0.5987899691860115,0.4956007226036644,0.0,0.008013173923562933,0.0,0.0,0.5317570054027781,0.436969998806376,0.0,0.0,0.0,0.0,0.5183740679070008,0.19724983940119833,0.0,0.17446877221830276,0.4042596792874154,0.03706045773011288,0.17053109332181612,0.15591213138772084,0.5035972951876191,0.03296112220806452,0.17857213132287997,0.1079355785899763,0.0,0.0,0.0,0.0,0.0,0.02268107699441363,0.0,0.20305468611990735,0.0,0.0,0.003616621724720104,0.0,0.0,0.0,0.0,0.0
0.0,0.0,0.051722743911311306,0.5124303308022401,0.35240335425246083,0.0637578400716998,0.4505967536251916,0.16387210399179764,0.2844424117462002,0.30869119444931425,0.08359694662295186,0.26377833952788154,0.35179889078304843,0.271243556052027,0.0,0.10419128491696708,0.11226463811572628,0.0,0.0,0.08977983186631908,0.0,0.0,0.0075611643046051,0.0,0.0,0.04313819831266448,0.0,0.49777261627765235,0.0,0.40378306328467584,0.49210983901231,0.0,0.0,0.6296301121125498,0.0,0.5987899691860115,0.0,0.5074193232666053,0.0,0.0,0.0,0.2181088165763883,0.41272362527053447,0.4294705173707349,0.0,0.0,0.0,0.0,0.5378222385229195,0.40592288200888504,0.0,0.4121526433674807,0.1123479215986091,0.03798235504289883,0.1828704745419822,0.07992640984543053,0.40713891943752534,0.062304551420029775,0.1755695540010579,0.0,0.0,0.0,0.0,0.0,0.0,0.0,0.0,0.0,0.0,0.0,0.0,0.0,0.0,0.0,0.0,0.0
0.0,0.0,0.0,0.3672150020268295,0.3076032678632532,0.1496182987229525,0.334846421704627,0.387690200033924,0.17455089166279988,0.21500257269956669,0.2094251635669156,0.4876950600312986,0.354673202879071,0.31358131957808977,0.0,0.0,0.061517441253493704,0.0,0.0,0.0,0.0,0.0,0.19299471539130963,0.06476349633594528,0.0,0.17550836055104005,0.0,0.3374523433868079,0.0,0.3368778241370304,0.4289989580239229,0.0,0.12541308075240987,0.5188955862843421,0.0,0.4956007226036644,0.5074193232666053,0.0,0.0,0.1625968061077289,0.0,0.24668940655535138,0.3203548211043918,0.2843551514462087,0.01512687782375205,0.0,0.0,0.0,0.3374059213223158,0.36033023006127274,0.0,0.22981765772526436,0.2800243134646046,0.0,0.09677263881903034,0.24324763614839254,0.5276347701837475,0.12163063417518924,0.32483513266086905,0.0,0.0,0.0,0.0,0.0,0.0,0.04528932282823886,0.0,0.035066811262356945,0.0,0.0,0.012973817723736542,0.0,0.0,0.0,0.0,0.0
0.03449565401629989,0.1345552268190993,0.0,0.0,0.0,0.0,0.0,0.0,0.0,0.0,0.0,0.0,0.0,0.0,0.15482065588390723,0.0,0.0,0.01893461128906565,0.05147178951435052,0.0,0.1712553396161527,0.0,0.004022432715751201,0.1830738916317958,0.19106017474058903,0.039301331273156104,0.17014794188709487,0.0,0.0,0.0,0.0,0.7807000412829495,0.2554907653816861,0.0,0.0,0.0,0.0,0.0,0.0,0.35944149799431324,0.4941361018580175,0.0,0.0,0.0,0.4087845768641427,0.006340411948431823,0.5145593209644639,0.0,0.0,0.0,0.40155910774505466,0.0,0.0,0.0,0.11938394274468894,0.0,0.0,0.0854645739121101,0.0,0.2437667675069037,0.4607364235153881,0.4873871045383953,0.42330492298296196,0.328644348611143,0.3390495131045312,0.1477954143812829,0.33531537126915356,0.20339021375114563,0.5641938989903312,0.48022360412943055,0.3789661040618081,0.2900419019706654,0.169748500927953,0.38378900487818757,0.45681654423635604,0.7105767758819389
0.11450460944599378,0.22071587688494754,0.0,0.0,0.0,0.10406699817885805,0.0,0.028701616799111818,0.0,0.1358691232255875,0.0,0.015396362012294273,0.0,0.0,0.10937116671349292,0.0,0.17512487557531817,0.10698824043606098,0.128997302961819,0.12613838879095837,0.23671630028251012,0.14300248627277998,0.08741538523193225,0.2935157661095794,0.2147847879314058,0.2544781642433985,0.11854136219366913,0.0,0.0,0.0,0.08793646196254266,0.3889671407701092,0.5443601713394959,0.0,0.0,0.008013173923562933,0.0,0.1625968061077289,0.35944149799431324,0.0,0.29632672107650326,0.0,0.10793886826426363,0.1097957687680509,0.44682493528471284,0.0780481152303098,0.44184535971125616,0.0,0.0,0.0,0.31420022408996484,0.0,0.13216587633825844,0.0,0.3353139575911303,0.0,0.04565960926343915,0.14085856064254804,0.0,0.2538347572864823,0.21187690960568273,0.44995975798242605,0.30142698246580646,0.3039214712692936,0.15196850384556992,0.2387890729329829,0.24556760540771388,0.11810386029946852,0.5040110643038875,0.40648462735904745,0.5373652308416476,0.14417805877408446,0.051981566260378975,0.07923302443851027,0.052997812672989475,0.21772328907819274
0.1926827612168052,0.11175846022894956,0.06497493674418975,0.0,0.0,0.0,0.0,0.0,0.0,0.0,0.0,0.0,0.0,0.0,0.02215585260984053,0.02363595854762321,0.017862514440117078,0.12301047477234753,0.14037800504080492,0.0,0.04903426896363998,0.01016919577267511,0.0,0.2630382969004442,0.20154583687491046,0.0499314954932967,0.0,0.0,0.0,0.0,0.0,0.5232611854196738,0.317647639398144,0.0,0.1803904316777085,0.0,0.0,0.0,0.4941361018580175,0.29632672107650326,0.0,0.0,0.0,0.0,0.28449293589383073,0.12051130772884427,0.22201743901555016,0.06693911597726565,0.0,0.0,0.16049228191639242,0.0,0.0,0.0,0.0,0.0,0.0,0.1780614515900202,0.0,0.11245600756724666,0.2649628234662412,0.3306754774428585,0.30351598559149107,0.2847273345364032,0.15537955195932857,0.0,0.17327619802557098,0.0,0.34453354856564816,0.29525389978794503,0.23181983655866423,0.0690989829765227,0.14834100885520232,0.14486947176798115,0.4800016747124273,0.5408324274880837
