0.0,-0.017810297293149924,0.23960284007152788,0.0,0.0,0.0,0.1594264877384972,0.10647459113428094,0.19851789868031178,0.316474526301112,0.11556125131292914,0.03551912170336913,0.0,0.1803007077409235,0.41748251655158863,0.45187462341477036,0.13809916472671716,0.05916551880105947,0.25639483742292724,0.22193790536921876,0.255957712851086,0.4532609789651422,0.36376277394746925,0.5244823961879765,-0.014659276271788646,0.2687419685592042,0.3695468624065665,0.0,0.18089822415624562,0.2406993151873374,0.47026735332080877,0.5205420915161084,0.405057401788823,0.2608360994349362,0.17767205366030794,0.0,0.049889670569289515,0.3998836931357973,0.5309070362030883,0.39327331832670864,0.37127218956544217,0.3076472681152817,0.33291117689747424,0.35145475908508905,0.5146959825221162,0.7022396873518227,0.20544064759461383,0.32067168564138177,0.0,0.21994936879590943,0.0,0.313095465306958,0.14113645054615306,0.3719784763972794,0.5566822742540549,0.461061770732498,0.21575304368205506,0.3361474882486284,0.0,0.3831927054963955,0.2492153174146495,0.4380654072932315,0.2675859792075867,0.3426209479344711,0.0019894120943845794,0.4873854863545942,0.3531342099195857,0.2757037143327012,0.40182004027155155,0.4661934031079391,0.46796523087012487,0.028336742990576758,0.12709865703023446,0.12335944281295952,0.4530988697183652,0.41600138859869235
-0.017810297293149924,0.0,0.0,0.0053642356033649224,0.0,0.7277380107988826,0.0,0.17587601521073323,0.0,0.3475748136335454,0.0,0.71614548931311,0.0,0.0,0.09489175740843592,0.4037960585574773,0.6016589397096437,0.7586562036245568,0.0,0.35632381534372115,0.33650114275117876,0.3236371669868162,0.0,0.32627583108897246,0.8268169142235582,0.8480040948640867,0.0,0.0,0.37396717393889295,0.0,0.2848721623015624,0.0,0.3670445985292705,0.1885477008900136,0.0,0.0,0.0472589709267941,0.0,0.0,0.4347043390544403,0.09313217236780849,0.015615575280495265,0.0,0.1864949075372102,0.0,0.13198284152248815,0.7911545158202856,0.0,0.028891820694559672,0.0,0.6420834402415856,0.0,0.2864334224741976,0.0,-0.021795939541418896,0.0,0.23380274322383657,0.19449036403747152,0.0,0.23926156510085575,0.35542445231069264,0.09129724960329572,0.2853616452874742,0.0,0.3986670188720397,0.14722345468124481,0.3113967443866678,0.0,0.4094481916733208,0.4636730080859715,0.5609605236662765,0.14731724873469038,0.3387195462239784,0.44638677433728624,0.0,0.1844033340294045
0.23960284007152788,0.0,0.0,0.0,0.2589991524030455,0.0,0.3411511780110167,0.20046159817807904,0.6071801559442146,0.008108010217594663,0.6912280938933946,0.0,0.2991155035101334,0.3122568128139443,0.593588088991875,0.0,0.0,0.0,0.7081261769836349,0.39821853409559593,0.0,0.41388850353720924,0.8082756399470996,0.06348946463823554,0.0,0.0,0.5143505018219718,0.24805075058045992,0.11561369858320741,0.5346877059841078,0.041674359171868264,0.25328948193595213,0.0,0.0,0.15457900641815542,0.20825827175255054,0.0,0.21024829456812238,0.17780345425274124,0.0,0.0,0.0,0.30683238928642587,0.0,0.36551975890335897,0.06710362904941791,0.0,0.8603041154524741,0.0,0.51948818240461,0.0,0.39910385750274113,0.24772416038648135,0.6949979173605189,0.46482861441292755,0.7717073810384051,0.2863614702720399,0.36476066891333403,0.0,0.5268553983784482,0.0,0.439487922283959,0.09832638524594495,0.6099440799883642,0.15024665010311888,0.22194962221519107,0.330070654241215,0.6793189149540266,0.0,0.06542092280662173,0.15321553223516676,0.09836470743802245,0.07567449286352013,0.0,0.46418990567477103,0.08217522218857462
0.0,0.0053642356033649224,0.0,0.0,0.2029238442075014,0.057651923183575635,0.15559055326171223,0.0,0.0,0.0,0.0,0.0,0.3120751102900842,0.0,0.0,0.0,0.0,0.0,0.0,0.0,0.0,0.0,0.0,0.0,0.0,0.0,0.0,0.22950847682813547,0.0,0.0,0.0,0.0,0.0,0.0,0.05262192493214096,0.16485258838165734,0.0,0.0,0.0,0.0,0.0,0.0,0.0,0.0,0.0,0.0,0.0,0.0,0.6303498485690174,0.0,0.0,0.0,0.0,0.0,0.0,0.0,0.0,0.0,0.030926015850728766,0.0,0.0,0.0,0.0,0.0,0.0,0.0,0.0,0.0,0.0,0.0,0.0,0.0,0.0,0.0,0.0,0.0
0.0,0.0,0.2589991524030455,0.2029238442075014,0.0,0.0,0.37983576491359533,0.0,0.4534846160882869,0.0,0.28365690994731413,0.0,0.7104401975470164,0.6759221166293192,0.18080356838760195,0.0,0.0,0.0,0.1100497792003497,0.048601740309079766,0.0,0.08705420828565674,0.2644014098980685,0.0,0.0,0.0,0.3938213481436489,0.7666297635216217,0.04393905118312191,0.16658088628500128,0.0,0.0,0.0,0.0,0.053775431917368326,0.34143251934284097,0.0,0.03706275603907082,0.005599487351827623,0.0,0.0,0.0,0.22097239744375027,0.0,0.13585478055816594,0.0,0.0,0.22994620759788365,0.08754742083326351,0.7294842524328059,0.0,0.5705645335517532,0.0,0.4297185429544992,0.14923242026563133,0.32486980233281443,0.004206125652064158,0.15615695064986965,0.2752501953823334,0.062381225038397436,0.0,0.18862751700097014,0.11037123528468562,0.0904693280187186,0.0,0.0,0.14478309489568514,0.13968175877005018,0.0,0.04540996823852378,0.0,0.21500101172638802,0.0,0.0,0.0941686741588236,0.0
0.0,0.7277380107988826,0.0,0.057651923183575635,0.0,0.0,0.0,0.37842865722496066,0.0,0.1673213212150168,0.0,0.6129727432568616,0.0,0.0,0.0,0.06924117459459209,0.4562461738680611,0.5955547902590052,0.0,0.2903158772711193,0.2339836452304873,0.15165916684560246,0.0,0.1096522715272249,0.6586681509822961,0.5673245894780637,0.0,0.0,0.4835461269328406,0.0,0.052736223761969736,0.0,0.08901955224374479,0.0,0.0,0.0,0.0,0.0,0.0,0.21240895590490347,0.0,0.0,0.0,0.0,0.0,0.0,0.547539432111464,0.0,0.19513530189987394,0.0,0.668424034751673,0.0,0.39268910572451443,0.0,0.0,0.0,0.16157484093492497,0.1212013123280038,0.0,0.1076395553868528,0.3259949830225651,0.0,0.23594030389526788,0.0,0.2479918342563233,0.09680036688310706,0.1166364407468714,0.0,0.15696303398780426,0.3246656716296781,0.35210766585306547,0.12975342193760386,0.09726131691668463,0.24250809647726057,0.0,0.0
0.1594264877384972,0.0,0.3411511780110167,0.15559055326171223,0.37983576491359533,0.0,0.0,0.11920575013435691,0.3733859084392608,0.32976042391720356,0.2891974345366719,0.0,0.40723787863152006,0.2526552699588645,0.06941621148858362,0.199207425090836,0.2529696694247575,0.0,0.2887735885234048,0.0,0.0,0.1407392429508459,0.3117446421353802,0.09384504232644471,0.0,0.0,0.21235836270315325,0.16729467377449248,0.0,0.1581554555789191,0.0,0.5116286137907944,0.03895969902229768,0.10085567577488246,0.16801726857172772,0.0,0.0,0.490916187141449,0.4979286452312726,0.0,0.2802781363985236,0.14352959245264751,0.3174977627935669,0.1605747427594342,0.5724396928674816,0.0,0.0,0.30210352746161045,0.14855682222937241,0.373061329544507,0.0,0.5707266228890222,0.1747641495332526,0.3539789551209568,0.44152479050780635,0.39377062599498464,0.4005993881946035,0.391030826854733,0.0,0.1839671052077738,0.0,0.16709463218886172,0.0,0.2431357090580829,0.0,0.10736816512033698,0.033011993140387996,0.3166479093402483,0.0,0.22570400248728714,0.0,0.0,0.10496910676850271,0.0,0.21109143932455635,0.0011155462074561584
0.10647459113428094,0.17587601521073323,0.20046159817807904,0.0,0.0,0.37842865722496066,0.11920575013435691,0.0,0.0,0.0696604221576421,0.05475601120629947,0.3024227787676233,0.0,0.0,0.07531710010988851,0.0,0.060410630020125505,0.0,0.26789246775211994,0.16705714059342075,0.4105914936772193,0.030104799241944147,0.41828777917742493,0.0,0.08431752622354094,0.037230981339122726,0.0,0.0,0.09696831481504514,0.4166718068803833,0.11820694610552471,0.33367769240352313,0.0,0.0,0.22434621882426814,0.04140595345327916,0.10771339846661718,0.012490778509650025,0.08300305022339352,0.0,0.0,0.0,0.24432847326832072,0.0,0.028315042981322078,0.0,0.07513972509952993,0.17008787764863068,0.0,0.0,0.13991255041315181,0.0,0.7011327677361539,0.0,0.10420695870877991,0.10740614911512275,0.36722957926504113,0.0,0.111526038271394,0.1399163403602934,0.0,0.0,0.0,0.20549625765707266,0.0,0.23345053729310503,0.0,0.4327781490729637,0.0,0.03783551598492094,0.047517892792103666,0.0,0.0,0.0,0.0,0.0
0.19851789868031178,0.0,0.6071801559442146,0.0,0.4534846160882869,0.0,0.3733859084392608,0.0,0.0,0.04905881524285971,0.5853594482153398,0.0,0.6005143546578905,0.4878726732384385,0.5136940428149909,0.0,0.0,0.0,0.4810762669915556,0.2853797633381652,0.0,0.4325908307017805,0.6253228391005274,0.16739013580080156,0.0,0.0,0.6900074497392503,0.4070578997819084,0.15397169574289993,0.2360764357772285,0.0,0.08271962979348728,0.0,0.0,0.0,0.0,0.0,0.1650255235190044,0.1395603170342686,0.0,0.0,0.0,0.11232694028190135,0.10861141416502772,0.333085923422985,0.09623178403189436,0.0,0.6629064827096718,0.005786672365131279,0.7535608492621177,0.0,0.685370990793334,0.11387432365503486,0.8857767944959598,0.5786006538784036,0.6917227134014082,0.24734125685620728,0.6430239042484212,0.0,0.3771830429923698,0.18506761916826292,0.6585216823215456,0.41492401589715733,0.4161713545995753,0.1952835606369206,0.1646752497878767,0.48358937322813716,0.5050071773986162,0.0,0.24082032213909213,0.29204483459235214,0.2979167216659767,0.26525630375225606,0.0,0.2457499281566773,0.1739306481737231
0.316474526301112,0.3475748136335454,0.008108010217594663,0.0,0.0,0.1673213212150168,0.32976042391720356,0.0696604221576421,0.04905881524285971,0.0,0.0,0.6402532055929564,0.0,0.00582013253818886,0.0069873294922197515,0.6087012808309646,0.8467431764576194,0.5237069599210018,0.23020944989992703,0.13332623539860597,0.14760683759924537,0.33788866758932035,0.03124312833879961,0.5641117727276952,0.3729410272491043,0.545083815854741,0.11147488219016893,0.0,0.16233741463071893,0.0,0.4074159667647268,0.4712253753997685,0.685108300538234,0.35784277141742293,0.0,0.0,0.0,0.360921289094077,0.47528729788056534,0.7046437391800562,0.5762129864940928,0.2312910549786541,0.07165309298689242,0.5937936939995319,0.4695787031165309,0.312950138087653,0.42478478603134456,0.09547793973604077,0.0,0.0,0.015470122688699989,0.2610223005475059,0.29961558480608474,0.05575401836505861,0.6210046527731514,0.17177942155727677,0.3298847369234524,0.43763994765739894,0.0,0.2794451464920873,0.466598626440593,0.3372600018164908,0.4564281809974331,0.37147517050717954,0.06433167904136775,0.30876998258566946,0.3393153745932407,0.046800558198462794,0.5082398579200136,0.6303955069410963,0.49359622548785553,0.0,0.3500332659156993,0.06709990060322968,0.1701430938976125,0.42455943591528966
0.11556125131292914,0.0,0.6912280938933946,0.0,0.28365690994731413,0.0,0.2891974345366719,0.05475601120629947,0.5853594482153398,0.0,0.0,0.0,0.36854764486484143,0.22365883887059504,0.24285976171186213,0.0,0.0,0.0,0.636618136658309,0.03303668554613909,0.0,0.04039853793912229,0.6023544364875653,0.0,0.0,0.0,0.32919786291108577,0.07125680033788456,0.03368155366680814,0.4980546067886874,0.0,0.07041777379623036,0.0,0.0,0.12821073946655726,0.3367980160666175,0.0,0.0,0.0,0.0,0.0,0.0,0.14003557965405636,0.0,0.10015293272475476,0.0,0.0,0.6278114258306389,0.028191461373009943,0.40173852037733615,0.0,0.25435783404337187,0.0,0.5467703533304137,0.2814061938607573,0.5987703551668283,0.0,0.11631644800170463,0.0,0.1709100309984563,0.0,0.33636879722058655,0.04964392065951981,0.5093226637350361,0.0,0.0,0.04003177856517898,0.418281857465046,0.0,0.0,0.0,0.00024241351788822918,0.0,0.0,0.10287573232375188,0.0
0.03551912170336913,0.71614548931311,0.0,0.0,0.0,0.6129727432568616,0.0,0.3024227787676233,0.0,0.6402532055929564,0.0,0.0,0.0,0.0,0.07714381674394388,0.3912541604749681,0.7704633022064011,0.6773390111369305,0.0,0.36462445288356027,0.4258051161150267,0.295778297816167,0.0,0.48939471271250684,0.6628125162791173,0.6932553329443858,0.0,0.0,0.2253373502304929,0.0,0.31998137044925873,0.05944944089805679,0.45474913990675797,0.3360448608909382,0.0,0.0,0.1292113360803149,0.08334441213182903,0.10069321169648113,0.5373152639078298,0.37286012365537224,0.1291553566376602,0.0,0.4297721546389087,0.0716100374643534,0.15572271959028025,0.5954938295975525,0.0,0.0,0.0,0.4640743384198953,0.0,0.5196247571725111,0.0,0.19297681982633114,0.0,0.5797507617735282,0.2808119285341702,0.0,0.2967485354424033,0.32913691200633344,0.11005896422150191,0.28961345326966537,0.07605825379538383,0.330414730316686,0.2977944500721883,0.26573824718538863,0.0,0.48394726499768,0.40519527404706246,0.47822601441202855,0.01814263337705352,0.45817996879956197,0.2092080504046262,0.05554116335375492,0.31247225472405216
0.0,0.0,0.2991155035101334,0.3120751102900842,0.7104401975470164,0.0,0.40723787863152006,0.0,0.6005143546578905,0.0,0.36854764486484143,0.0,0.0,0.5136550976853065,0.20968142624466612,0.0,0.0,0.0,0.1265671563406226,0.028260838866960514,0.0,0.11504911707941423,0.2964484527530856,0.0,0.0,0.0,0.34851038574537235,0.7520101847565207,0.0,0.05249846897830707,0.0,0.0,0.0,0.0,0.0,0.2550460275096316,0.0,0.011333878345521964,0.0,0.0,0.0,0.0,0.06940717335890864,0.0,0.09748823971466228,0.0,0.0,0.31195743555875644,0.18317340237705712,0.6118128135887089,0.0,0.5205509085391904,0.0,0.5313920903516998,0.19207600162142363,0.3273020191435264,0.20014685766685134,0.40853376820403725,0.0,0.04082477903718057,0.0,0.4178771158259676,0.16820107632831582,0.04188061415847183,0.13336324512237704,0.0,0.23214965024083156,0.13267559340129148,0.0,0.0,0.040429527061306536,0.21768057524498594,0.2282664520769649,0.0,0.1582870358609343,0.0
0.1803007077409235,0.0,0.3122568128139443,0.0,0.6759221166293192,0.0,0.2526552699588645,0.0,0.4878726732384385,0.00582013253818886,0.22365883887059504,0.0,0.5136550976853065,0.0,0.3118669794322485,0.10092236305195294,0.0,0.0,0.29970323251364017,0.14597573342439912,0.0,0.2794029238458824,0.36494706513138125,0.19097885043588847,0.0,0.0,0.4839680722998328,0.5939523323889667,0.0811189039032089,0.19280986734496014,0.082807129497932,0.10288103327606274,0.0,0.0,0.0,0.07538292410568206,0.0,0.207158222834883,0.17359658640920494,0.0,0.09622210890192699,0.10287306612860068,0.3119611310082565,0.3886594371434585,0.2829689792546023,0.06289546019329015,0.0,0.4424092013282756,0.0,0.6623764484169353,0.0,0.577916670687652,0.0,0.5282239830559234,0.4431863044148229,0.4540423574321192,0.07454482204074729,0.34437744518928803,0.21126529269862554,0.1955196790508626,0.2004516387375765,0.41613422364639746,0.37330102776280794,0.3543791173335322,0.08644025667719504,0.038234397511786145,0.37015353874907486,0.23470136434414152,0.09980793707643512,0.22049517942312896,0.22409903008821097,0.21190658998723044,0.16959467000137501,0.0,0.318815426712797,0.29376460179501596
0.41748251655158863,0.09489175740843592,0.593588088991875,0.0,0.18080356838760195,0.0,0.06941621148858362,0.07531710010988851,0.5136940428149909,0.0069873294922197515,0.24285976171186213,0.07714381674394388,0.20968142624466612,0.3118669794322485,0.0,0.10774951169245536,0.04704030530409978,0.10136538259039801,0.4131684542688776,0.7502541907530514,0.3064684449326748,0.8024743994205855,0.6465927386290464,0.4152985875819504,0.0,0.33311283788121343,0.7202196027576011,0.40766339676072016,0.42636885319802076,0.18928900442320792,0.3070162458571301,0.029520705749811166,0.09843283159165875,-0.004146815723606312,0.0,0.0,0.0,0.18049329230556996,0.09384416058952227,0.09682797448002803,0.04161601459306959,0.03940438107117681,0.1660372286174528,0.15967798455649235,0.2301050771749642,0.3205957780913537,0.27991532200765157,0.5833709624984997,0.0,0.5620624693585885,0.16677619311514558,0.43264311320145243,0.32492013492982885,0.644991334406922,0.43784174380039786,0.6442184077626426,0.39948092672941843,0.5372615739502821,0.0,0.8476114515383347,0.24069501492281156,0.554058820665068,0.40014453176020615,0.39365301968308036,0.600616249099996,0.5322119944786401,0.7299624090903277,0.5696522458105866,0.3214874314743786,0.3175379382036422,0.573327776544475,0.4816353326894213,0.4054949231440239,0.3445942168490073,0.4500221191265511,0.41760676157506066
0.45187462341477036,0.4037960585574773,0.0,0.0,0.0,0.06924117459459209,0.199207425090836,0.0,0.0,0.6087012808309646,0.0,0.3912541604749681,0.0,0.10092236305195294,0.10774951169245536,0.0,0.6197187586973582,0.5562708028057352,0.02623110573939294,0.2275514266926251,0.21070776014849307,0.47055889993265143,0.0,0.5677280288213898,0.3394274027869272,0.5311881453181485,0.12435253817664127,0.0,0.1285107521791427,0.0,0.571211778951998,0.37416312728683343,0.7144984729692017,0.5459213845030044,0.0,0.0,0.060738932326606834,0.41732763871640033,0.5086698691809757,0.584808133280462,0.5575085930022132,0.3951702526836666,0.17552391387154076,0.6094453808256474,0.42164811779351524,0.41106542026686743,0.49080995911821973,0.0,0.0,0.04311066378440914,0.11140128601161267,0.23982848361343764,0.1907554484458589,0.04282576131844454,0.4794989779084762,0.12295512950848506,0.3008458015887109,0.42146813367147673,0.0,0.2795571708819023,0.4201048788667063,0.35869276365794994,0.419260398569578,0.18616729138533317,0.17112447487619653,0.2741094560574692,0.4130213402642815,0.0,0.5130166845955143,0.5677374485855544,0.4779675568635197,-0.010290710553567672,0.4633079486445081,0.25100786739066633,0.3722370232757199,0.530412129691233
0.13809916472671716,0.6016589397096437,0.0,0.0,0.0,0.4562461738680611,0.2529696694247575,0.060410630020125505,0.0,0.8467431764576194,0.0,0.7704633022064011,0.0,0.0,0.04704030530409978,0.6197187586973582,0.0,0.7687361206810639,0.0,0.2565117731975609,0.20701445723424344,0.3952013950101702,0.0,0.5298036873927917,0.5981169898124118,0.6937928264728747,0.07766332195801057,0.0,0.27556728649075735,0.0,0.3693305690793398,0.2005588422357386,0.6601035612541508,0.3617167151543832,0.0,0.0,0.0,0.2500064135756509,0.27235641918238374,0.645016814799612,0.48697543498369855,0.17078981538846733,0.0,0.5905471645295032,0.29524579468849266,0.1960993301818662,0.6154418184199808,0.0,0.030732556097620378,0.0,0.25582914016382463,0.2637036069706797,0.3527564473269886,0.0,0.47984773242430145,0.0,0.402495345760869,0.5081755126671638,0.0,0.30909576503806235,0.5839662242654917,0.32029108716412086,0.5145819839656146,0.16273690658268714,0.2520809497452921,0.32059690118997947,0.4074550476062255,0.0,0.5203113055320745,0.6227232075801261,0.5137727105857653,0.004772518101651135,0.5200857005529947,0.22443155081093802,0.07442628549324976,0.44098038520191013
0.05916551880105947,0.7586562036245568,0.0,0.0,0.0,0.5955547902590052,0.0,0.0,0.0,0.5237069599210018,0.0,0.6773390111369305,0.0,0.0,0.10136538259039801,0.5562708028057352,0.7687361206810639,0.0,0.0,0.38814348316421315,0.287840227858453,0.44966733345778764,0.0,0.45696066969255134,0.8093550293263767,0.8113148873974609,0.08767399316582516,0.0,0.5115100537152908,0.0,0.38840736158750133,0.0,0.5769988364129299,0.2677728906635992,0.0,0.0,0.0,0.0,0.0,0.6395153698171846,0.19636480115290697,0.07495877545337358,0.0,0.3777062413137072,0.0,0.17560105196115283,0.7746889812361443,0.0,0.0823941501352214,0.0,0.45914334462122036,0.09689527637004772,0.22344974320118033,0.0,0.12554668864969742,0.0,0.1996950316809828,0.30833275945265487,0.0,0.32001921032849306,0.657672755132053,0.13881764960771986,0.4637972072732256,0.0,0.4495640190039235,0.2995775731118638,0.4358671393089682,0.0,0.5444714193491564,0.5656837493346527,0.5514340654742069,0.23399380506278591,0.42253481627888956,0.5371228309035456,0.0,0.35128820032951946
0.25639483742292724,0.0,0.7081261769836349,0.0,0.1100497792003497,0.0,0.2887735885234048,0.26789246775211994,0.4810762669915556,0.23020944989992703,0.636618136658309,0.0,0.1265671563406226,0.29970323251364017,0.4131684542688776,0.02623110573939294,0.0,0.0,0.0,0.3269870408711735,0.0,0.3492153638171548,0.6937871055600199,0.08834232263293088,0.0,0.0,0.38140858177070386,0.05022087872451059,0.18719846255639622,0.48847072463068963,0.08772820118460692,0.30851698811752604,0.0,0.0,0.022137229881029626,0.028340968487847146,0.0,0.106286665863502,0.1945574774566506,0.0,0.0,0.0,0.23265033354975656,0.12621185276335903,0.25150540854436454,0.08709956707721667,0.0,0.7976123793704999,0.0,0.3997803307996544,0.0,0.3092524290916634,0.2789172929210465,0.5374864289143786,0.5265970169550966,0.710707753804156,0.19632961445288377,0.26849302155173427,0.0,0.4225509511257374,0.06404025768794486,0.4468986993535877,0.24960936511090548,0.8504955173785284,0.04295525282051427,0.19950086932583375,0.27479699314345507,0.6005116856848108,0.0,0.13896789525052222,0.11254854173584539,0.015434220093083484,0.0,0.0,0.3226396267879637,0.0836696921329391
0.22193790536921876,0.35632381534372115,0.39821853409559593,0.0,0.048601740309079766,0.2903158772711193,0.0,0.16705714059342075,0.2853797633381652,0.13332623539860597,0.03303668554613909,0.36462445288356027,0.028260838866960514,0.14597573342439912,0.7502541907530514,0.2275514266926251,0.2565117731975609,0.38814348316421315,0.3269870408711735,0.0,0.28770360725475264,0.8529081277124275,0.4290668720784314,0.35531588988174334,0.1736875523240547,0.4909722191543062,0.52831093400089,0.32898094609959727,0.6286320165954277,0.04575277931185617,0.4161474692239325,0.0,0.12458540959322703,-0.0016092826502671909,0.0,0.0,0.0,0.0,0.0,0.15418772801706512,0.0,0.0,0.07778001317243657,0.249148343495042,0.02485342504171817,0.23033479986228442,0.4650402289012572,0.3164121649824691,0.0,0.40151420203707877,0.34552263899281843,0.3065293475382805,0.42103906872389946,0.3094464207406773,0.32723651724921077,0.325942623237798,0.42077523149749196,0.43671309593066143,0.07951497139709188,0.7816681775920489,0.4030132126233017,0.3928496137098718,0.43049547116467735,0.2898843648403512,0.7735941850149906,0.5262545843378802,0.7457118822094349,0.4139386109391023,0.3026587974179514,0.36876910542401503,0.5349234201284211,0.4101097544688496,0.47040015960859594,0.4239785429910724,0.298622118415648,0.39047348552916494
0.255957712851086,0.33650114275117876,0.0,0.0,0.0,0.2339836452304873,0.0,0.4105914936772193,0.0,0.14760683759924537,0.0,0.4258051161150267,0.0,0.0,0.3064684449326748,0.21070776014849307,0.20701445723424344,0.287840227858453,0.0,0.28770360725475264,0.0,0.25912477730197153,0.0808472837211634,0.3343435484921968,0.380728891444458,0.35328397760288166,0.0,0.0,0.20967997169487163,0.06047101931007104,0.4409360102409973,0.05554112001383901,0.31048987340558376,0.3105905331165941,0.119495275636184,0.0,0.23500444546938232,0.09664061552220243,0.03909340724120375,0.26412583175596327,0.04424000843354893,0.13017322285299393,0.022552776099454525,0.13227169187473278,-0.001378068210098199,0.41104796419685,0.3227506771372554,0.0,0.0,0.0,0.235035286979288,0.0,0.42231389715603973,0.0,0.0033958565044850397,0.0,0.26979654592453894,0.06345187656041046,0.0,0.32894712333507903,0.11731799664830675,0.0,0.03362093430587321,0.03380384812188464,0.19634924120268388,0.599237625434026,0.10457827141471582,0.13574806179256527,0.3671587520065048,0.06006076156131618,0.2575536340322661,-0.029531855454187794,0.16832407094878793,0.24594700850448734,0.1967680756118204,0.27654843183681893
0.4532609789651422,0.3236371669868162,0.41388850353720924,0.0,0.08705420828565674,0.15165916684560246,0.1407392429508459,0.030104799241944147,0.4325908307017805,0.33788866758932035,0.04039853793912229,0.295778297816167,0.11504911707941423,0.2794029238458824,0.8024743994205855,0.47055889993265143,0.3952013950101702,0.44966733345778764,0.3492153638171548,0.8529081277124275,0.25912477730197153,0.0,0.47063679726245866,0.5416922267371538,0.13904854790072885,0.5854181158681249,0.6837834736832795,0.3264551800772013,0.564859955714754,-0.03913697808717115,0.4819723608546946,0.0800034721737727,0.3276522247352964,0.134333101248194,0.0,0.0,0.0,0.20205932226850953,0.14782311593407516,0.31575198747006483,0.1728142136556577,0.08884134505575547,0.10190193900448262,0.38206232398217466,0.26393790734303796,0.4143360485016048,0.5065336837065214,0.39947315378226816,0.0,0.5097478457710297,0.2522373888101291,0.5120226010528806,0.34492584836198437,0.5087673789255315,0.5684175417993442,0.5473452495187172,0.43875595971666814,0.6529854541918239,0.0,0.8472406822402938,0.5034341847217055,0.5728662497029038,0.5689868061580131,0.3888328223003478,0.6959824089200641,0.5924287659481107,0.8775023943454175,0.4266985488490136,0.45863367886097994,0.5670868998371679,0.6838300933502877,0.46410872560613914,0.5692408295443842,0.45026760992198306,0.39466805852636994,0.5527520754912492
0.36376277394746925,0.0,0.8082756399470996,0.0,0.2644014098980685,0.0,0.3117446421353802,0.41828777917742493,0.6253228391005274,0.03124312833879961,0.6023544364875653,0.0,0.2964484527530856,0.36494706513138125,0.6465927386290464,0.0,0.0,0.0,0.6937871055600199,0.4290668720784314,0.0808472837211634,0.47063679726245866,0.0,0.09751195953495406,0.0,0.0,0.6600568023942752,0.24397495786491985,0.32503015810956587,0.5505893952536136,0.1009797440415816,0.3352210637520108,0.0,0.0,0.14448311542784906,0.05482476162445504,0.0,0.163577472543292,0.19296599955012755,0.0,0.0,0.0,0.29073779376865855,0.0696056827278563,0.3102911596573887,0.1445763430777045,0.0,0.8141691497369699,0.0,0.5933478705968053,0.0,0.5041511871176604,0.4162218808460573,0.7134075656096064,0.5810677078103682,0.7720057379320657,0.3382731854415225,0.4471364433810985,0.0,0.5309067087049851,0.02837339338820377,0.5240779070253272,0.22142108700394805,0.6316665999395409,0.09488002566160181,0.3347496756571252,0.3353391944415699,0.9010428865136004,0.0,0.22983742645125288,0.28713739419536405,0.2703046209579661,0.027415953238868,0.0,0.31484791063301487,0.06896523688593986
0.5244823961879765,0.32627583108897246,0.06348946463823554,0.0,0.0,0.1096522715272249,0.09384504232644471,0.0,0.16739013580080156,0.5641117727276952,0.0,0.48939471271250684,0.0,0.19097885043588847,0.4152985875819504,0.5677280288213898,0.5298036873927917,0.45696066969255134,0.08834232263293088,0.35531588988174334,0.3343435484921968,0.5416922267371538,0.09751195953495406,0.0,0.28145914190440924,0.6593513713337622,0.31194313713776256,0.05784389529376921,0.0991066996238442,0.0,0.34925955491293414,0.18165662349695205,0.6587114430744074,0.45066538459027916,0.0,0.0,0.0,0.42636705165581507,0.4182852486109422,0.5883780192101109,0.6023136448378157,0.31090590495032866,0.11609300081650954,0.546783390441354,0.42886012409741314,0.6290295354671374,0.4944891706731469,0.2167509722476524,0.0,0.14943238475322015,0.3121164711072785,0.2996803141808796,0.3384505106922021,0.29493479133344136,0.5438490903548444,0.34097942637029055,0.5098845848828741,0.6348787540871247,0.0,0.5329584616336525,0.4528860443650209,0.5656467153107257,0.5510478746000581,0.2743752268918339,0.5029400879277657,0.42450028048669364,0.6574359544908612,0.08713340543883774,0.88335551764368,0.5736309956615588,0.7715261042840481,0.25438894770161985,0.6090451381547366,0.4339159681983654,0.5177533667773895,0.7403324035429466
-0.014659276271788646,0.8268169142235582,0.0,0.0,0.0,0.6586681509822961,0.0,0.08431752622354094,0.0,0.3729410272491043,0.0,0.6628125162791173,0.0,0.0,0.0,0.3394274027869272,0.5981169898124118,0.8093550293263767,0.0,0.1736875523240547,0.380728891444458,0.13904854790072885,0.0,0.28145914190440924,0.0,0.7585728658964866,0.0,0.0,0.3946766967418367,0.0,0.3279928434567706,0.0,0.48918253601084344,0.2256912208447157,0.0,0.0,0.10927994361397761,0.0,0.0,0.6094794807277346,0.06205452880176346,0.0797996489866063,0.0,0.15298656415410733,0.0,0.1440315253973833,0.7399084887927492,0.0,0.10278561165737483,0.0,0.4852349233662894,0.0,0.16113555285635278,0.0,0.0,0.0,0.0,0.0,0.004413178564251122,0.07632179494130892,0.38570132397995144,0.0,0.1899925358019175,0.0,0.19704130923512345,0.1752814194308004,0.07383561999581856,0.0,0.4247158183847184,0.36434869576032136,0.39581814240345264,0.04428062823945211,0.10408712373195433,0.4466269678218905,0.0,0.0830454890910933
0.2687419685592042,0.8480040948640867,0.0,0.0,0.0,0.5673245894780637,0.0,0.037230981339122726,0.0,0.545083815854741,0.0,0.6932553329443858,0.0,0.0,0.33311283788121343,0.5311881453181485,0.6937928264728747,0.8113148873974609,0.0,0.4909722191543062,0.35328397760288166,0.5854181158681249,0.0,0.6593513713337622,0.7585728658964866,0.0,0.19525075166663777,0.0,0.43355883166515186,0.0,0.3759257800915838,0.0,0.5771612745035758,0.22907912548162418,0.0,0.0,0.0,-0.004091499346193933,0.033087888287016115,0.66369037959023,0.2654078070569954,0.11768126595437772,0.0,0.37610671493180714,0.0,0.3734068454581981,0.8346613548690474,0.0,0.0,0.0,0.5547107759446314,0.14230699439899375,0.29871933872094103,-0.01761572531181993,0.2697510128312196,-0.007238346969627718,0.3117449830162146,0.42782510390956374,0.0,0.5016525785514094,0.5649572976300511,0.3883685409612741,0.5339413346596842,0.03282237156887219,0.5472929416710164,0.3517163386434535,0.6011004352948197,0.0,0.6846954183276812,0.6972210708928201,0.8464022978678987,0.27618664556451084,0.4546748278963725,0.5365057064126437,0.10162030248726572,0.44896163664859656
0.3695468624065665,0.0,0.5143505018219718,0.0,0.3938213481436489,0.0,0.21235836270315325,0.0,0.6900074497392503,0.11147488219016893,0.32919786291108577,0.0,0.34851038574537235,0.4839680722998328,0.7202196027576011,0.12435253817664127,0.07766332195801057,0.08767399316582516,0.38140858177070386,0.52831093400089,0.0,0.6837834736832795,0.6600568023942752,0.31194313713776256,0.0,0.19525075166663777,0.0,0.40771244396189177,0.5477320456045449,0.07055886199089309,0.15750962531467058,0.09556432674334564,0.07193594634118892,0.0,0.0,0.0,0.0,0.16514026308396973,0.14055454747933493,0.14721253297989895,0.05556334161953019,0.0,0.0038535403948672386,0.22242215340021954,0.30435088639012076,0.25943405617171256,0.2490948533394861,0.5631062710546693,0.0,0.6903122037894317,0.03895873835357527,0.6732483274541209,0.13455800617173208,0.7503886835737276,0.6045005990673964,0.6980962401342493,0.20641174918755073,0.5884078490549444,0.0,0.5974937240001735,0.41797155416497006,0.5814484007003853,0.4762630288996902,0.4543000901554324,0.34913935631873216,0.3492852304039378,0.6487810021620348,0.5775468985963963,0.237910937285656,0.4429374937806469,0.508019886486462,0.6952273455320741,0.2664628290977181,0.3408280621774228,0.25395361504708164,0.29163847351942196
0.0,0.0,0.24805075058045992,0.22950847682813547,0.7666297635216217,0.0,0.16729467377449248,0.0,0.4070578997819084,0.0,0.07125680033788456,0.0,0.7520101847565207,0.5939523323889667,0.40766339676072016,0.0,0.0,0.0,0.05022087872451059,0.32898094609959727,0.0,0.3264551800772013,0.24397495786491985,0.05784389529376921,0.0,0.0,0.40771244396189177,0.0,0.12150430685820302,0.11591830493504812,0.0,0.0,0.0,0.0,0.0,0.14684976021599958,0.0,0.025562775299989682,0.0,0.0,0.0,0.0,0.14199763290939094,0.07360835945901362,0.0477138697905051,0.0,0.006931978983428566,0.2412474586896437,0.01735020644505253,0.7041704828565704,0.008190753971429876,0.5148695876024906,0.0,0.4114824534086423,0.13414965500703463,0.2611280358250961,0.19817614259055394,0.36181272451465274,0.23208316622303288,0.24957381870938455,0.109215641677744,0.30066011197392967,0.258371173274599,0.020415522779784867,0.38072882731215485,0.01975763154298016,0.4294449363225489,0.17580146286850132,0.02092959042229728,0.02584653654455704,0.12442396801595504,0.38036518690097254,0.37157503770232825,0.135433520638027,0.2785197582150505,0.21034639938987348
0.18089822415624562,0.37396717393889295,0.11561369858320741,0.0,0.04393905118312191,0.4835461269328406,0.0,0.09696831481504514,0.15397169574289993,0.16233741463071893,0.03368155366680814,0.2253373502304929,0.0,0.0811189039032089,0.42636885319802076,0.1285107521791427,0.27556728649075735,0.5115100537152908,0.18719846255639622,0.6286320165954277,0.20967997169487163,0.564859955714754,0.32503015810956587,0.0991066996238442,0.3946766967418367,0.43355883166515186,0.5477320456045449,0.12150430685820302,0.0,0.09819841042883037,0.37690528432343606,0.0,0.07869621433225571,0.0,0.0,0.0,0.0,0.0,0.0,0.2409814295456567,0.0,0.0,0.0,0.1720219633862176,0.0,0.17804600539681842,0.5161290415201825,0.0659187911616555,0.0347920399047606,0.23889418944400428,0.2677421456747399,0.3085914006575831,0.22902765165682526,0.10142957535548885,0.2635293939537213,0.10601764538195291,0.01928326910728434,0.2137732013575424,0.10243540484507559,0.4343751458095901,0.6397408033985919,0.1813841540393628,0.47242058924094177,0.22590492197755754,0.38929025526520866,0.4342025086693297,0.43528808424210164,0.30263948386848694,0.1749401542666517,0.4894407505416229,0.42212665386397974,0.4923184721995787,0.0739690482655811,0.5154111359320374,0.0,0.10243221859256896
0.2406993151873374,0.0,0.5346877059841078,0.0,0.16658088628500128,0.0,0.1581554555789191,0.4166718068803833,0.2360764357772285,0.0,0.4980546067886874,0.0,0.05249846897830707,0.19280986734496014,0.18928900442320792,0.0,0.0,0.0,0.48847072463068963,0.04575277931185617,0.06047101931007104,-0.03913697808717115,0.5505893952536136,0.0,0.0,0.0,0.07055886199089309,0.11591830493504812,0.09819841042883037,0.0,0.004331920583194593,0.29143301283867856,0.0,0.0,0.319762117816336,0.41222829933818406,0.12177405248915865,0.0,0.004994708988571975,0.0,0.0,0.0,0.41953396751339694,0.0,0.09351054955430127,0.0245594832983681,0.0,0.45358888314008655,0.0,0.25791285041766837,0.0,0.18756651045325454,0.21094930081275878,0.24185055550292872,0.21818526137899885,0.3208405822341967,0.043718128642108,0.0,0.18891733348616718,0.12289719775565325,0.0,0.08399095460569114,0.0,0.35344429539889627,0.0,0.13426090792475287,0.0,0.4856172740791982,0.0,0.0,0.0,0.0,0.0,0.0,0.18755141778626666,0.0
0.47026735332080877,0.2848721623015624,0.041674359171868264,0.0,0.0,0.052736223761969736,0.0,0.11820694610552471,0.0,0.4074159667647268,0.0,0.31998137044925873,0.0,0.082807129497932,0.3070162458571301,0.571211778951998,0.3693305690793398,0.38840736158750133,0.08772820118460692,0.4161474692239325,0.4409360102409973,0.4819723608546946,0.1009797440415816,0.34925955491293414,0.3279928434567706,0.3759257800915838,0.15750962531467058,0.0,0.37690528432343606,0.004331920583194593,0.0,0.38512422523414935,0.5352044335850032,0.4154900016513226,0.11612045959420854,0.0,0.3263935450062997,0.2966739897845715,0.3255563823597537,0.42456871712305655,0.2552880163854818,0.38731439616391095,0.23539120399186653,0.5428982276471485,0.2743804792606924,0.429558249906657,0.41606192229708805,0.02322213087883654,0.0,0.08768929981642862,0.011223791234446168,0.155064049976065,0.22045537281847574,-0.0018815797764829556,0.33476389350577496,0.1179547428585736,0.18803575777147696,0.1860812394075841,0.2566935063956177,0.3889151048746668,0.39479117561517835,0.12253081384179809,0.26875879234418676,0.17303119576482773,0.21236606864955782,0.5071720026540245,0.3444727527405718,0.1282577202148007,0.36334878781199936,0.4073904884303765,0.35827768501480234,0.03263876857459569,0.23870057918506177,0.26091684467955223,0.22192028198019662,0.4929184437192365
0.5205420915161084,0.0,0.25328948193595213,0.0,0.0,0.0,0.5116286137907944,0.33367769240352313,0.08271962979348728,0.4712253753997685,0.07041777379623036,0.05944944089805679,0.0,0.10288103327606274,0.029520705749811166,0.37416312728683343,0.2005588422357386,0.0,0.30851698811752604,0.0,0.05554112001383901,0.0800034721737727,0.3352210637520108,0.18165662349695205,0.0,0.0,0.09556432674334564,0.0,0.0,0.29143301283867856,0.38512422523414935,0.0,0.2957954594792579,0.42737977855928777,0.4128826421918106,0.0,0.12083841306464756,0.6216823418475534,0.7951263740925236,0.20473779304586603,0.46159904348256814,0.38743823014286705,0.4728625669342742,0.3861043375632284,0.6918879987669505,0.281880896045578,0.0,0.2803910775275168,0.0,0.12482401407521923,0.0,0.25094868006751014,0.28955150403936614,0.21565907465865436,0.51926008369594,0.356430150126089,0.31939751778612474,0.1650264045686428,0.014539473204308068,0.10503660150675624,0.0,0.12002356961721196,0.0,0.3293288450709937,0.0,0.24843544082328864,0.0,0.34259619624816956,0.00424865930331364,0.2888182340393177,0.03129399784444048,0.0,0.0,0.0,0.2756774439445943,0.05011953679583667
0.405057401788823,0.3670445985292705,0.0,0.0,0.0,0.08901955224374479,0.03895969902229768,0.0,0.0,0.685108300538234,0.0,0.45474913990675797,0.0,0.0,0.09843283159165875,0.7144984729692017,0.6601035612541508,0.5769988364129299,0.0,0.12458540959322703,0.31048987340558376,0.3276522247352964,0.0,0.6587114430744074,0.48918253601084344,0.5771612745035758,0.07193594634118892,0.0,0.07869621433225571,0.0,0.5352044335850032,0.2957954594792579,0.0,0.5512836978425449,0.0,0.0,0.06348560634554143,0.41973938526011,0.4131832869473862,0.8278706213419913,0.5601862225855908,0.3663235798858129,0.0,0.6181695744389115,0.3496335774838867,0.5192461077056232,0.4697912036444871,0.0,0.0,0.0,0.19668897184679823,0.09520514650843802,0.14880966567770176,0.011264458651502912,0.4182995512304247,0.0973437001753042,0.1702762226634656,0.34517503527161547,0.0,0.22601378278929415,0.4569258843638061,0.3555824347279262,0.4061483460124934,0.12729459978403398,0.22070255030181002,0.31433731758602834,0.38790623784525613,0.0,0.6459648831790014,0.5085083862977453,0.5448011934574757,0.0011233008024847946,0.3898421291016122,0.34622501838057573,0.1825570286696464,0.5239715497842587
0.2608360994349362,0.1885477008900136,0.0,0.0,0.0,0.0,0.10085567577488246,0.0,0.0,0.35784277141742293,0.0,0.3360448608909382,0.0,0.0,-0.004146815723606312,0.5459213845030044,0.3617167151543832,0.2677728906635992,0.0,-0.0016092826502671909,0.3105905331165941,0.134333101248194,0.0,0.45066538459027916,0.2256912208447157,0.22907912548162418,0.0,0.0,0.0,0.0,0.4154900016513226,0.42737977855928777,0.5512836978425449,0.0,0.14754729447695888,0.0,0.21849913522047093,0.6021214560225804,0.6611470714417361,0.4127554181266146,0.7142650965774857,0.5780650931592046,0.12425561110865699,0.48320625705439246,0.5027545432886719,0.35109049339317655,0.2843792958220541,0.0,0.0,0.0,0.0012938575817873915,0.0,0.09846153351895462,0.0,0.0797508780418816,0.0,0.3580970601887869,0.21664388379287203,0.0,0.1061767040752262,0.025339945537867448,0.0,0.0,0.0,0.0640226615554004,0.23884217067642172,0.1119890124421419,0.0,0.4149265216184328,0.16302828235044392,0.16987415750776752,-0.01578562983504718,0.3851382365540788,0.1345609469508632,0.33758837565192695,0.45011869288642714
0.17767205366030794,0.0,0.15457900641815542,0.05262192493214096,0.053775431917368326,0.0,0.16801726857172772,0.22434621882426814,0.0,0.0,0.12821073946655726,0.0,0.0,0.0,0.0,0.0,0.0,0.0,0.022137229881029626,0.0,0.119495275636184,0.0,0.14448311542784906,0.0,0.0,0.0,0.0,0.0,0.0,0.319762117816336,0.11612045959420854,0.4128826421918106,0.0,0.14754729447695888,0.0,0.4527688918102995,0.2629898445299103,0.2884043172199878,0.2967240502265811,0.0,0.0,0.26308659953956265,0.33971156736001673,0.0,0.2263338107063566,0.015782851856673566,0.0,0.0935634636572261,0.0,0.0,0.0,0.0,0.0,0.07452440002571757,0.0,0.12983403679587138,0.022377573428928883,0.0,0.14453485452702705,0.0,0.0,0.0,0.0,0.0,0.0,0.0,0.0,0.16043550059164607,0.0,0.0,0.0,0.0,0.0,0.0,0.12217614723271279,0.0
0.0,0.0,0.20825827175255054,0.16485258838165734,0.34143251934284097,0.0,0.0,0.04140595345327916,0.0,0.0,0.3367980160666175,0.0,0.2550460275096316,0.07538292410568206,0.0,0.0,0.0,0.0,0.028340968487847146,0.0,0.0,0.0,0.05482476162445504,0.0,0.0,0.0,0.0,0.14684976021599958,0.0,0.41222829933818406,0.0,0.0,0.0,0.0,0.4527688918102995,0.0,0.09508404882848492,0.0,0.0,0.0,0.0,0.0,0.29583113419817,0.0,0.0,0.0,0.0,0.03299579196578521,0.0,0.0,0.0,0.0,0.0,-0.0007743853000634071,0.0,0.0,0.0,0.0,0.10948368002524449,0.0,0.0,0.0,0.0,0.0,0.0,0.0,0.0,0.0,0.0,0.0,0.0,0.0,0.0,0.0,0.083220964891565,0.0
0.049889670569289515,0.0472589709267941,0.0,0.0,0.0,0.0,0.0,0.10771339846661718,0.0,0.0,0.0,0.1292113360803149,0.0,0.0,0.0,0.060738932326606834,0.0,0.0,0.0,0.0,0.23500444546938232,0.0,0.0,0.0,0.10927994361397761,0.0,0.0,0.0,0.0,0.12177405248915865,0.3263935450062997,0.12083841306464756,0.06348560634554143,0.21849913522047093,0.2629898445299103,0.09508404882848492,0.0,0.024264647905045955,0.061163280156598596,0.0,0.04978372213131952,0.24070708673619423,0.07838710295511611,0.21955372098807252,0.0,0.08070522033515169,0.0,0.0,0.0,0.0,0.0,0.0,0.021466715873469003,0.0,0.0,0.0,0.0,0.0,0.19720139595338043,0.0,0.0,0.0,0.0,0.0,0.0,0.04597032195209391,0.0,0.0,0.0,0.0,0.0,0.0,0.0,0.0,0.08449593239621991,0.03198028628373614
