0.0,0.09301319498255833,0.23862021252610738,0.05099370703813616,0.3838701719006545,0.025942177691219037,0.4421935698394164,0.010687503241311902,0.27336620487484214,0.4922410536010582,0.21355246819472376,0.46074067082586,0.3291190849809811,0.04149792576893872,0.0,0.4846712935067791,0.22797717750989152,0.41467785363818477,0.38012575759504574,0.0,0.237518501916255,0.23729272150358163,0.0,0.5140369573020049,0.2986326427459032,0.47229315198354777,0.15902350763005393,0.18455161513370122,0.1184910573210623,0.31399032884744044,0.15488060151102773,0.2533538322460792,0.5091151383940327,0.29351099577348133,0.08014683577339751,0.03042342470081677,0.011109962732284831,0.1618239514509241,0.20469907252265748,0.237768094834229,0.11864910348906317,0.05936610412318991,0.1961201289010978,0.21240782016157483,0.21947411224594277,0.5514688438253044,0.07084456213823284,0.2686213600643901,0.0,0.1661375766407534,0.0,0.0,0.0,0.16654524557318776,0.21894812392858487,0.3746734729746681,0.07098437200960694,0.05746761943956122,0.0701994235168516,0.0,0.040265666252663146,0.01475983258542285,0.09683021849105422,0.10617619979204977,0.0,0.14066435627942392,0.04400638672922108,0.0,0.08057548338144288,0.0695988591606822,0.11293511498674969,0.0,0.3705999815033693,0.0,0.304288239237569,0.30467307136404587
0.09301319498255833,0.0,0.5216111197090685,0.0,0.0,0.6668830601899117,0.0,0.24140101663922314,0.6022165827185322,0.5520688921451926,0.3138859006188643,0.02876574514521646,0.25944337636009396,0.0,0.6172982293481757,0.015721367628566074,0.38214966896733293,0.1897451674705879,0.40421822892801906,0.6540121081855083,0.36992516317706803,0.6716035267713866,0.5678511421888552,0.12729418204213425,0.7792265378350777,0.7908423607168311,0.7175426045366082,0.26864746611657164,0.26653024439120737,0.0,0.0,0.0,0.14361669386093756,0.04486088965423793,0.0,0.15075247913647546,0.34743500954067297,0.24017503236612134,0.0,0.0,0.0,0.0,0.0,0.0,0.3182265489464691,0.0,0.7712701559130026,0.39881831552168,0.0,0.11814503765189804,0.234393718987055,0.2977099756609667,0.08874992164861603,0.66951329173832,0.09025428869817448,0.34996430694067093,0.20456367932936073,0.09510548391185869,0.0,0.5129680442226987,0.055081306386081996,0.0,0.0,0.5561462661027938,0.5223174042289415,0.2052182202247957,0.5980706134275006,0.35309835036237025,0.0,0.4376880867121322,0.5435115906081694,0.6954276970088364,0.0,0.0,0.0,0.0
0.23862021252610738,0.5216111197090685,0.0,0.0,0.0,0.5755798754855819,0.0,0.4160137113787675,0.6299637555213962,0.45118829576921676,0.5965309231926735,0.16533514198859342,0.0963832786805241,0.0,0.6311500024199144,0.0,0.0,0.0,0.543069135597745,0.4324632312975118,0.5099665842382428,0.5096033255726269,0.790627867938948,0.1575866420923822,0.36215128651231465,0.525711318444511,0.6186619117870898,0.3542121071040934,0.22696828312127912,0.06643906734712368,0.03992434978543319,0.0,0.19307195885233225,0.16945418121937267,0.0,0.1286766373931849,0.33001513863400694,0.3572674166890874,0.0,0.0,0.0,0.0,0.0,0.0,0.4838238165819396,0.19223922949123656,0.6557001617189407,0.8882999484352826,0.0,0.20413393679632022,0.15051447493201614,0.13449097976871174,0.497437789104492,0.5664865749714385,0.2032411745030236,0.5972212780285908,0.2681081001973047,0.12710735551700722,0.24749743479266928,0.6451229418547495,0.03495606707971233,0.0,0.0,0.5846098339042372,0.2577202000733688,0.4963891601308412,0.4940353641163648,0.6648083633193942,0.1250673844162946,0.34891667099920054,0.6466670667726255,0.5024146627147927,0.0,0.0,0.0,0.0
0.05099370703813616,0.0,0.0,0.0,0.2972517488619621,0.0,0.16162810886997248,0.0,0.0,0.0,0.0,0.10174091031456203,0.0976835825655806,0.3301280803627055,0.0,0.04322038952865172,0.0,0.0,0.0,0.0,0.0,0.0,0.0,0.0,0.0,0.0,0.0,0.14248293986065336,0.0,0.34126975800858084,0.2681045222295714,0.10838413421676675,0.0,0.30058426907509417,0.5325918375131855,0.1904029308263196,0.0,0.009806874799638751,0.0,0.0,0.06800469036308335,0.2272727251410452,0.0,0.0,0.0,0.02349039096046475,0.0,0.0,0.24775672405494636,0.0,0.0,0.0,0.0,0.0,0.0,0.0,0.0,0.0,0.0,0.0,0.0,0.2875373947127653,0.10489693303502347,0.0,0.0,0.0,0.0,0.0,0.0,0.0,0.0,0.0,0.37534899746349426,0.0,0.22264190715328247,0.0
0.3838701719006545,0.0,0.0,0.2972517488619621,0.0,0.0,0.7178172128270627,0.0,0.0673601360075301,0.09653537521852346,0.08075839654144823,0.4443048061615831,0.22125721077376206,0.3736112232491434,0.0,0.33225479410948017,0.0,0.3063428245917733,0.02756215144492724,0.0,0.0,0.0,0.0,0.26373022582330075,0.0,0.0,0.0,0.0,0.0,0.4414808269236955,0.020132444893308732,0.4524399423884222,0.22662389885103026,0.14105879057003412,0.14876962346414085,0.06957520449420307,0.0,0.0,0.4158414284417679,0.2166178387187977,0.20208085888929955,0.22341250141561303,0.2909994763946473,0.38062826707315156,0.05686803469700019,0.38884594844508735,0.0,0.014646530407349645,0.018072166401546852,0.18021952365413518,0.0,0.0,0.0,0.0,0.347214521800114,0.2346569656928686,0.0,0.0384017734805725,0.14234554727337073,0.0,0.0,0.19945670305842644,0.29894704590976867,0.0,0.0,0.0,0.0,0.0,0.12764243493327584,0.03529364746715341,0.0,0.0,0.46877309758273744,0.0,0.4937632753743044,0.4007963772874136
0.025942177691219037,0.6668830601899117,0.5755798754855819,0.0,0.0,0.0,0.0,0.47449738756770077,0.41949577457708775,0.43378253916239584,0.3267807148772437,0.19476140743677506,0.46887186856280083,0.0,0.5486099567928254,0.0,0.11341204891765999,0.0,0.41251338873131016,0.3893548872854592,0.5235139690448205,0.4096074522534461,0.7566544028402087,0.1312964134572192,0.37606335253061696,0.6685337429726679,0.4458103939950966,0.4627829528277183,0.25495890955669875,0.0,0.0,0.0,0.0018431562608306473,0.27156753732576344,0.07429572602898035,0.3237236715391507,0.39212367019141,0.2985636557482708,0.0,0.0,0.0,0.0,0.0,0.0,0.35780004572106927,0.0,0.6415250204913157,0.543927627674577,0.0,0.0,0.31902973918879207,0.006088571777636997,0.41852300319628766,0.4512793299717339,0.08724191798374245,0.36271214573231464,0.2882238924242056,0.35885216357599325,0.0,0.48034585630233595,0.0,0.0,0.0,0.5655030522494945,0.12198093126356196,0.47925287058792837,0.31137871973832243,0.651670369403772,0.0,0.2936484669544446,0.5964245539302154,0.38829649567682323,0.0,0.0,0.0,0.0
0.4421935698394164,0.0,0.0,0.16162810886997248,0.7178172128270627,0.0,0.0,0.0,0.0,0.23615610676461596,0.0,0.4831538572400298,0.3601828226778243,0.2292033267293484,0.0,0.4844745966299072,0.14174732490525951,0.5583614921274782,0.1154729093135839,0.0,0.0,0.0,0.0,0.295309054646161,0.16432640050125497,0.04197204313903444,0.05683354962747866,0.0,0.0,0.2900387832804238,0.0,0.5190866533799487,0.29564816708745084,0.03196512312060784,0.08112556741949818,0.04759853626281385,0.0,0.0,0.4268186346017389,0.23557946338550786,0.18755792177375463,0.2922623055857342,0.35784212993988995,0.44999290936984376,0.0,0.29564409073339776,0.0,0.0,0.031115440388462506,0.16579839703001453,0.0,0.0,0.0,0.0,0.3680568696211784,0.13602934363310634,0.014075605726191959,0.0,0.07856203556607474,0.0,0.05326492107686531,0.1689191696540846,0.16024310929520388,0.0,0.0,0.0,0.0,0.0,0.04151146749679563,0.1058323705200146,0.0,0.0,0.2833306883910571,0.0,0.3507862230451575,0.368084878084207
0.010687503241311902,0.24140101663922314,0.4160137113787675,0.0,0.0,0.47449738756770077,0.0,0.0,0.05735740418730484,0.07287569895601026,0.2937137241334514,0.3938654499477894,0.1126875122872596,0.07784233980829847,0.17217892155618783,0.0,0.0,0.0,0.28029580386082126,0.0,0.3915961397820278,0.01581365468487314,0.6149704743760451,0.14242104355848487,0.03284180870782627,0.23175255796920133,0.19042048054424202,0.06447069447834716,0.0,0.057882126858295635,0.0,0.0,0.0,0.09413225915392505,0.17185842389433714,0.22306616159206855,0.07233784319727388,0.31325482857365916,0.0,0.0,0.0,0.0,0.005055419289599877,0.0,0.21410309798519342,0.0,0.27425107531077364,0.4198057069408707,0.0,0.0,0.24861309827648068,0.0,0.6935970511237494,0.19326395056932477,0.04150622427235923,0.31400958671840906,0.20242446056679073,0.060009699341691924,0.030318540470045757,0.2480913104846474,0.0,0.0,0.0,0.39312397742935573,0.0,0.42706205215304516,0.0,0.5663798137291184,0.24277805429389782,0.11002104066011179,0.3720744145922915,0.08866824168843956,0.0,0.0,0.0,0.0
0.27336620487484214,0.6022165827185322,0.6299637555213962,0.0,0.0673601360075301,0.41949577457708775,0.0,0.05735740418730484,0.0,0.6346772751793032,0.37786793776109195,0.13890632010913395,0.25866430957549397,0.0,0.611822458781887,0.032214597507687626,0.11723959703444292,0.13030284106189574,0.42364375660200987,0.5938591564724488,0.445926934636243,0.71575518041964,0.4038320592023122,0.22711213717274367,0.49488899857678914,0.5882580412170446,0.7384637272566494,0.39872110105407776,0.36105041866276094,0.0,0.07827552538070781,0.0,0.2642378253133667,0.15183790862313884,0.0,0.2022015609026578,0.37479161502195635,0.3605641741996746,0.0,0.11527377173012546,0.0,0.0,0.0,0.0636576138402288,0.5150879152677813,0.18710669149786852,0.687263056547384,0.5544044331530961,0.0,0.4221197104344837,0.0,0.34737403681666473,0.12571913930132075,0.8425105629993672,0.3753083337622846,0.4898772446692802,0.26909772424023587,0.18241355395619935,0.05261062115658727,0.5529904456321293,0.22450700137489646,0.0,0.0,0.39168061574605295,0.3643517984447935,0.36530140211918255,0.6432303436016535,0.20888888890411725,0.06622058071660289,0.4756710572445204,0.5546872258150479,0.6026053897831806,0.0,0.0,0.0,0.0
0.4922410536010582,0.5520688921451926,0.45118829576921676,0.0,0.09653537521852346,0.43378253916239584,0.23615610676461596,0.07287569895601026,0.6346772751793032,0.0,0.31946165988709313,0.3292963322780956,0.4318793472186483,0.0,0.43186194786066334,0.34903961209955786,0.49235487086995067,0.43700265175614567,0.41596787976505195,0.33014230464148103,0.4667397772852163,0.5533456542958696,0.29754894368789875,0.4468461316241094,0.6372119341684412,0.6819264786686878,0.6116523399701358,0.3463861010546197,0.32855733992535185,0.009204929574472165,0.0976990554458178,0.0,0.4363641798097667,0.10923332497790857,0.0,0.09140774390092199,0.2950984159009419,0.17473100982454032,0.013458429190836896,0.2566823712253903,0.0,0.0,0.0762571417026013,0.13459573984676587,0.46092378118575256,0.25381841073062594,0.49735676643335336,0.5051524838304998,0.0,0.3983789737543706,0.0,0.2755362434467266,0.0,0.5499353715376181,0.4261942965632131,0.5603805802562851,0.31222773515617264,0.2993910981360596,0.11975589249157638,0.3880951851277621,0.2399924180840013,0.0,0.0,0.3874335129496985,0.2739436882397075,0.28212019779372405,0.4623152875299069,0.13068850985857924,0.06168938093300619,0.44331631043315534,0.4093223208385998,0.34114223512188513,0.1687811530397903,0.0,0.06665884032663796,0.20863210954673425
0.21355246819472376,0.3138859006188643,0.5965309231926735,0.0,0.08075839654144823,0.3267807148772437,0.0,0.2937137241334514,0.37786793776109195,0.31946165988709313,0.0,0.1816630121250865,0.0,0.0,0.43714033615357,0.0,0.019127933639414008,0.0,0.326136423414306,0.19711620854349135,0.30080474599189266,0.303207472222651,0.4838635758583481,0.12004561072971973,0.2590813503759395,0.32496282652389175,0.4153249131588389,0.11836370404317761,0.038611410517778555,0.0,0.0,0.0,0.12517691498171227,0.10272823123784468,0.0,0.03187515432048771,0.050377074776069966,0.06173888894277077,0.0,0.0,0.0,0.0,0.0,0.0,0.2261490526096983,0.05525366797407881,0.3785695114676535,0.6320660134409269,0.0,0.2700221460593597,0.11446907333586051,0.04841162987089481,0.2728672419873869,0.4169929778836895,0.1416898647343938,0.7395320907117041,0.18828628259449143,0.018809006647673043,0.21228178955480928,0.4771006023823365,0.0,0.0,0.0,0.3779814026798911,0.1286746084841101,0.26544029214912174,0.32963819727891025,0.38802901417452046,0.03375443451878664,0.20122491234551795,0.35539441724810333,0.35155152505844733,0.021648395774781115,0.0,0.0,0.0
0.46074067082586,0.02876574514521646,0.16533514198859342,0.10174091031456203,0.4443048061615831,0.19476140743677506,0.4831538572400298,0.3938654499477894,0.13890632010913395,0.3292963322780956,0.1816630121250865,0.0,0.4328295517819962,0.24573352272744203,0.0,0.12772077429083203,0.13172391252051108,0.20237506828468865,0.3162707913776592,0.0,0.12679998501001719,0.02391061779353168,0.13304216885101947,0.7093289969684957,0.0613537151166062,0.37053112662449705,0.0605552806143293,0.0,0.0,0.3265182403847487,0.0,0.2625424097116299,0.4472532853390455,0.17630535891222407,0.12178681652690451,0.2046054833077197,0.0,0.32912930240207916,0.25549793448226654,0.3083129708963933,0.034802642857926044,0.048662674951744964,0.3992673773393418,0.2570196703452854,0.3030167010900764,0.29556098282746757,0.021745775011116575,0.27060045403156474,0.0,0.14350604528465288,0.0,0.0,0.22240151425156351,0.05308357201247951,0.3221704721237043,0.3781330262179612,0.5728519228971579,0.1888056552121165,0.1114069535759723,0.0,0.0,0.0761234916871884,0.0,0.04019789239570687,0.0,0.16960366756427322,0.0,0.08488135488920229,0.44790082471578885,0.12479880758211778,0.20036308875201647,0.0,0.22436400008005813,0.0,0.2857628230603519,0.11414237879898176
0.3291190849809811,0.25944337636009396,0.0963832786805241,0.0976835825655806,0.22125721077376206,0.46887186856280083,0.3601828226778243,0.1126875122872596,0.25866430957549397,0.4318793472186483,0.0,0.4328295517819962,0.0,0.0,0.0,0.250105781327119,0.27999800642420203,0.3303742262631084,0.3357916681426558,0.0,0.21168069419194827,0.20695726436313328,0.05849733175028887,0.25461790914150306,0.2716758178046243,0.5134934526111283,0.1793474660157325,0.4702471732732233,0.20887005386079027,0.1741479649269513,0.04106977040541937,0.02879228884851917,0.20855647233580907,0.3056890060117143,0.18310740690875948,0.2824452765254548,0.25225212218849064,0.2516259624940643,0.0,0.0,0.0,0.0,0.0,0.12877266085564473,0.24060041987771463,0.09195464327418333,0.1945816282283418,0.19662143903806795,0.0,0.0,0.0,0.0,0.0,0.14391035755214632,0.3240623137631626,0.22411414773411933,0.08388651163760047,0.6088212879641343,0.0,0.0,0.0,0.23833828357383796,0.0,0.14794215896494753,0.0,0.2506893462447454,0.0,0.0,0.0,0.276684838261411,0.2514740186877603,0.0,0.3550420365717303,0.0,0.14943496263155057,0.016610030813782484
0.04149792576893872,0.0,0.0,0.3301280803627055,0.3736112232491434,0.0,0.2292033267293484,0.07784233980829847,0.0,0.0,0.0,0.24573352272744203,0.0,0.0,0.0,0.0,0.0,0.0,0.0,0.0,0.0,0.0,0.0,0.11043033854368808,0.0,0.0,0.0,0.0,0.0,0.3707008901405092,0.0,0.31580440831156575,0.02133338655829825,0.0,0.28669839179874457,0.0,0.0,0.0,0.2702063582508041,0.11255693430405075,0.009761306628357391,0.2898636145690646,0.3357030141875378,0.08015297702396836,0.0,0.1259907752092455,0.0,0.0,0.0,0.0,0.0,0.0,0.03143449561094816,0.0,0.023532947013584382,0.0,0.0,0.0,0.29984922775189105,0.0,0.0,0.09577425351236318,0.1367686619410135,0.0,0.0,0.0,0.0,0.0,0.16880973535688937,0.0,0.0,0.0,0.15479281992248659,0.0,0.3078389310940642,0.112057082733034
0.0,0.6172982293481757,0.6311500024199144,0.0,0.0,0.5486099567928254,0.0,0.17217892155618783,0.611822458781887,0.43186194786066334,0.43714033615357,0.0,0.0,0.0,0.0,0.0,0.049181516742046905,0.0,0.3457766676570798,0.7539645811550696,0.6553007444349219,0.6507596235717894,0.6658510390492232,0.0,0.48406583515523327,0.5040662074216549,0.6792968402282461,0.4445229863120648,0.5248170877313157,0.0,0.1983568301564517,0.0,0.0,0.08600887342133288,0.0,0.01963351529995294,0.3679582390876637,0.1255026632831021,0.0,0.0,0.0,0.0,0.0,0.0,0.2849034550449282,0.0,0.7280063611054768,0.5255532959343553,0.0,0.22645678585345255,0.2766491576006714,0.32890667488857844,0.24144682647987328,0.6964602325065893,0.0,0.4334058091782393,0.12867261596288154,0.04556045486901816,0.010401625452388541,0.9072404167576912,0.12484629265972605,0.0,0.0,0.5563887738332698,0.560219665779707,0.49861005893970833,0.6841037371528387,0.5430415673525184,0.0,0.2348415032019939,0.5175690306224963,0.7736774829492313,0.0,0.0,0.0,0.0
0.4846712935067791,0.015721367628566074,0.0,0.04322038952865172,0.33225479410948017,0.0,0.4844745966299072,0.0,0.032214597507687626,0.34903961209955786,0.0,0.12772077429083203,0.250105781327119,0.0,0.0,0.0,0.3693915950083768,0.7372094495763225,0.07183973020393078,0.0,0.09890517568329127,0.1398699670193787,0.0,0.2337972543431752,0.3694367421276723,0.12054037278821944,0.1885248147713324,0.02488380487892755,0.32884936226261663,0.1697214200130393,0.3645522737639332,0.35299582944262076,0.309694319381608,0.048610017383171444,0.0,0.0,0.0,0.0,0.35146279369213496,0.1956252768752958,0.2528828357064924,0.06304455501233042,0.2250581188760442,0.2921114223729553,0.01996840067238073,0.34792270101670125,0.0,0.0,0.0,0.1521775324479999,0.0,0.06409632901473566,0.0,0.0,0.09826937043070338,0.14193693382538636,0.0,0.0,0.14146833939631864,0.0,0.30359096168340066,0.22119580240697093,0.33788367337443026,0.0,0.0,0.0,0.0,0.0,0.0,0.10964143210311406,0.0,0.0,0.3374871772856084,0.1867625897471136,0.33283350658258615,0.4531118573240077
0.22797717750989152,0.38214966896733293,0.0,0.0,0.0,0.11341204891765999,0.14174732490525951,0.0,0.11723959703444292,0.49235487086995067,0.019127933639414008,0.13172391252051108,0.27999800642420203,0.0,0.049181516742046905,0.3693915950083768,0.0,0.6249428603538075,0.04004985928294724,0.1225191388822105,0.08652138093733247,0.17582420541469831,0.0,0.35348454479562597,0.49827580759842566,0.304574796701716,0.2056001482158858,0.0,0.08336254762476542,0.0,0.09938952276990998,0.03210354147072944,0.26739710297600594,0.0,0.0,0.0,0.04182928445396822,0.0,0.10053391282211988,0.20639817706826555,0.0,0.0,0.15078564162515293,0.14382528661164296,0.11243307180503295,0.028379048580788657,0.02250173699550928,0.0,0.0,0.20201050888021385,0.1317132563046464,0.23773560888838124,0.0,0.15661693752878145,0.06786888221514431,0.08058850449216423,0.0,0.13359192865723896,0.020567584278755352,0.0,0.2712007443971439,0.4197697045646205,0.3503518477744853,0.0,0.3064727159229763,0.0,0.20074377212871244,0.0,0.0,0.09968468489666549,0.0,0.12999397757992195,0.06123255228744107,0.2174766604922117,0.12210248073465452,0.27437283301926013
0.41467785363818477,0.1897451674705879,0.0,0.0,0.3063428245917733,0.0,0.5583614921274782,0.0,0.13030284106189574,0.43700265175614567,0.0,0.20237506828468865,0.3303742262631084,0.0,0.0,0.7372094495763225,0.6249428603538075,0.0,0.0,0.0,0.0,0.204966818884875,0.0,0.3724731163040754,0.5594021884035505,0.26542996478769093,0.2911645703074009,0.0,0.16164508664476834,0.05810818406153331,0.023422260289969743,0.3977274204180765,0.4990832921727046,0.0,0.0,0.0,0.0,0.0,0.4255753563220785,0.4118896403357691,0.2938296385570114,0.016624486195836743,0.2925200490893275,0.3600622014233642,0.052211805237047465,0.2337593233425284,0.0,0.0,0.0,0.37137239809014,0.0,0.27059043125890103,0.0,0.07733499885865286,0.11948812591369506,0.1476780735119725,0.047605087103160915,0.058415326561124026,0.1487108622632038,0.0,0.4764078305774256,0.22152638506108274,0.4249860189737647,0.0,0.1285897497139793,0.0,0.1753209289846555,0.0,0.023556373515159434,0.20811807919876432,0.0,0.0,0.2003564032441179,0.34304470463428577,0.28435894795352734,0.5631228197154698
0.38012575759504574,0.40421822892801906,0.543069135597745,0.0,0.02756215144492724,0.41251338873131016,0.1154729093135839,0.28029580386082126,0.42364375660200987,0.41596787976505195,0.326136423414306,0.3162707913776592,0.3357916681426558,0.0,0.3457766676570798,0.07183973020393078,0.04004985928294724,0.0,0.0,0.2829165175199612,0.378514304519708,0.5184905470308044,0.4096424785145816,0.12803006591861277,0.25942041765744656,0.514516531352502,0.4413747961252454,0.3844161554515477,0.2116663944997471,0.16579827818104495,0.049112464597832334,0.0,0.13944440382475437,0.4465716119068307,0.21994439403643354,0.3166066339625264,0.32094345248722084,0.2727361241369486,0.0,0.0,0.0,0.0,0.02253976934706106,0.04253377322797374,0.3816223445169962,0.13395556834571293,0.43564244566637805,0.5282057808879058,0.0,0.0,0.0,0.0,0.16115999439532747,0.33420507860656234,0.34352774523186336,0.4343294995616345,0.157816010913232,0.2033593158283228,0.0014415299351231703,0.2879005797884058,0.0,0.0,0.0,0.6989938767723681,0.0,0.4230709067625026,0.1856588894403169,0.34356103031767643,0.0,0.238318658026158,0.42048232998356466,0.17560259715660148,0.10183115145810498,0.0,0.0,0.0
0.0,0.6540121081855083,0.4324632312975118,0.0,0.0,0.3893548872854592,0.0,0.0,0.5938591564724488,0.33014230464148103,0.19711620854349135,0.0,0.0,0.0,0.7539645811550696,0.0,0.1225191388822105,0.0,0.2829165175199612,0.0,0.3365162422119501,0.7584932941460765,0.4193274740861764,0.0,0.47022671725665244,0.40960007293467654,0.6870151718138358,0.3349339906160776,0.5674147908907997,0.0,0.09143992637639703,0.0,0.0,0.0,0.0,0.002192633481712336,0.3488564646416518,0.08054709785485875,0.0,0.0,0.0,0.0,0.0,0.0,0.23272549954254163,0.0,0.6029197369745286,0.27624712432086374,0.0,0.13488482537845872,0.1326975859560582,0.3451717400055411,0.010163518562760876,0.6630300988925537,0.03980789544911997,0.17946428018549934,0.14717880939754527,0.0,0.0,0.64685670758227,0.18850340313479255,0.0,0.0,0.46083779281051157,0.7293477581797413,0.19667652056177115,0.7188339284849694,0.2671268221474469,0.0,0.22863052956082003,0.3754822425356672,0.8090040257174093,0.0,0.0,0.0,0.0
0.237518501916255,0.36992516317706803,0.5099665842382428,0.0,0.0,0.5235139690448205,0.0,0.3915961397820278,0.445926934636243,0.4667397772852163,0.30080474599189266,0.12679998501001719,0.21168069419194827,0.0,0.6553007444349219,0.09890517568329127,0.08652138093733247,0.0,0.378514304519708,0.3365162422119501,0.0,0.3977636318737075,0.5341472941821674,0.20893856208592715,0.29775521767458435,0.4859082908148313,0.42839498037849383,0.45460903939563096,0.4234127732623159,0.0,0.2897412725204348,0.0,0.050521261020626484,0.372021326265288,0.058732049263267076,0.20724554568015513,0.34013696595931864,0.30142288144733326,0.0,0.0,0.0,0.0,0.0,0.0,0.4274819487014545,0.2183569232553455,0.5099488150549392,0.5314990355145836,0.0,0.037735568418048204,0.03466414721919203,0.07003745766380348,0.43489015360177025,0.49037811071925475,0.14859670387786864,0.4075763594687928,0.1119025387557834,0.23196163254924954,0.0,0.609809995491661,0.0,0.0,0.0,0.5074297097921386,0.09998442804873106,0.7888588458235429,0.2583830302345734,0.506177535374412,0.1140250819253418,0.28861896123072406,0.5183559222898286,0.33546932317873,0.10400551223168267,0.0,0.0,0.0
0.23729272150358163,0.6716035267713866,0.5096033255726269,0.0,0.0,0.4096074522534461,0.0,0.01581365468487314,0.71575518041964,0.5533456542958696,0.303207472222651,0.02391061779353168,0.20695726436313328,0.0,0.6507596235717894,0.1398699670193787,0.17582420541469831,0.204966818884875,0.5184905470308044,0.7584932941460765,0.3977636318737075,0.0,0.35406095302518586,0.06578745837257702,0.5691860314626621,0.6230544164656167,0.7617440201068404,0.4221202065481341,0.5249861010072951,0.0,0.08889258820687523,0.0,0.1705137400827214,0.15316293699680422,0.0,0.07377967026478618,0.35946811151234465,0.16812568351990761,0.0,0.0,0.0,0.0,0.0,0.0,0.35376037216263656,0.02042340946999166,0.6724566085448509,0.41278443706552026,0.0,0.20539359254814743,0.0,0.26402471401030503,0.0,0.6990243618855196,0.1552146041435732,0.430126235707418,0.21399759518010367,0.09278818890984672,0.0,0.5776191236191714,0.18693773626904708,0.0,0.0,0.509893223146404,0.4768252609283359,0.253833303298553,0.7285867366829403,0.18687750954112775,0.0,0.29314664346168356,0.42275585870277144,0.62254360720871,0.0,0.0,0.0,0.0
0.0,0.5678511421888552,0.790627867938948,0.0,0.0,0.7566544028402087,0.0,0.6149704743760451,0.4038320592023122,0.29754894368789875,0.4838635758583481,0.13304216885101947,0.05849733175028887,0.0,0.6658510390492232,0.0,0.0,0.0,0.4096424785145816,0.4193274740861764,0.5341472941821674,0.35406095302518586,0.0,0.02921137354081277,0.24950664945520085,0.5107970053001738,0.5081286546981519,0.2778883262381852,0.12534326039075902,0.0,0.0,0.0,0.0,0.15142098170949617,0.0,0.17588328394224603,0.27742922878321763,0.26564397057599776,0.0,0.0,0.0,0.0,0.0,0.0,0.3371986796575991,0.0,0.6551498145896499,0.6858382138808551,0.0,0.0535954120704209,0.42483743893803155,0.06616207809667621,0.6526357733328586,0.458817962791386,0.03861740136262956,0.407614683605806,0.272025891800408,0.09604601297159515,0.1200092725592029,0.6619026873816134,0.0,0.0,0.0,0.6102001523030247,0.220587067008977,0.519064254191434,0.3684934384743939,0.8966324881833174,0.05082187575157973,0.23054265216666933,0.6180022989153505,0.5238562279565169,0.0,0.0,0.0,0.0
0.5140369573020049,0.12729418204213425,0.1575866420923822,0.0,0.26373022582330075,0.1312964134572192,0.295309054646161,0.14242104355848487,0.22711213717274367,0.4468461316241094,0.12004561072971973,0.7093289969684957,0.25461790914150306,0.11043033854368808,0.0,0.2337972543431752,0.35348454479562597,0.3724731163040754,0.12803006591861277,0.0,0.20893856208592715,0.06578745837257702,0.02921137354081277,0.0,0.27945114756105327,0.4182921198168509,0.13888104744469618,0.0,0.0,0.117066891565363,0.0,0.3022792238484524,0.5300982593368336,0.0,0.0,0.028045833402560033,0.0,0.2302913300354667,0.3853748516421909,0.49592693881079025,0.1517796663467314,0.0,0.38504288389408386,0.3600173325609024,0.362503934518835,0.4047650983752559,0.05383048518869904,0.2624149045193195,0.0,0.3579037859953281,0.0,0.10011421585948863,0.12374836697629468,0.13044310294916714,0.2297574644861047,0.3536138854932225,0.508936001919968,0.22738184190163924,0.2579523983078347,0.0,0.17146088519351999,0.03773480987417388,0.20435149789455773,0.0,0.021881339002673444,0.06438648930902868,0.1257583578729783,0.0,0.6369771218393252,0.20950092252468816,0.24541315381842,0.024483848380962098,0.15908078613989055,0.09433812474216006,0.3251147650687712,0.39210354650568385
0.2986326427459032,0.7792265378350777,0.36215128651231465,0.0,0.0,0.37606335253061696,0.16432640050125497,0.03284180870782627,0.49488899857678914,0.6372119341684412,0.2590813503759395,0.0613537151166062,0.2716758178046243,0.0,0.48406583515523327,0.3694367421276723,0.49827580759842566,0.5594021884035505,0.25942041765744656,0.47022671725665244,0.29775521767458435,0.5691860314626621,0.24950664945520085,0.27945114756105327,0.0,0.6836968512759289,0.7502135012333597,0.05867288554103628,0.2989677838273496,0.0,0.0,0.0,0.38202590838125783,0.0,0.0,0.0,0.13880461322617413,0.08971521499361854,0.0,0.22395723825839642,0.0,0.0,0.020738176807964,0.1732189778673748,0.19677872577682481,0.013276834364073065,0.5887188990244135,0.3018764293527237,0.0,0.2924653599945248,0.08611853975389488,0.4192945774133843,0.0,0.5411053602278708,0.1820928765462561,0.430175670070883,0.19910863186434616,0.09289822990297186,0.0952763192958943,0.4034424107917568,0.32469181999108776,0.0,0.0,0.2706906760075527,0.46335396336563406,0.061397086897267195,0.5559651731867196,0.04845375016324022,0.03451716654809989,0.5385356830445479,0.3463703847662942,0.5180729462839389,0.0,0.07368477896484416,0.0,0.10517030079054768
0.47229315198354777,0.7908423607168311,0.525711318444511,0.0,0.0,0.6685337429726679,0.04197204313903444,0.23175255796920133,0.5882580412170446,0.6819264786686878,0.32496282652389175,0.37053112662449705,0.5134934526111283,0.0,0.5040662074216549,0.12054037278821944,0.304574796701716,0.26542996478769093,0.514516531352502,0.40960007293467654,0.4859082908148313,0.6230544164656167,0.5107970053001738,0.4182921198168509,0.6836968512759289,0.0,0.5741389518227498,0.3474499984769436,0.20305213895098817,0.0,0.0,0.0,0.3868206422992546,0.19404166304136303,0.0,0.1261927861207051,0.2945896119114506,0.3359554195493468,0.0,0.11005645533469866,0.0,0.0,0.0,0.0,0.3576374666370288,0.07485013542617774,0.6499420182680212,0.479787070206255,0.0,0.18284962872019975,0.028983510177051697,0.15221015843706998,0.05986195246810916,0.6222128942334104,0.11832344495419578,0.48062563058225133,0.29367039432780195,0.2649285205959919,0.0,0.4194764471044315,0.0,0.0,0.0,0.47988393610166824,0.2915197409838148,0.33746561998190716,0.45910698995153887,0.31034736718706607,0.10576321758730944,0.3492272641412663,0.5989112187992678,0.4281984140368828,0.0,0.0,0.0,0.0
0.15902350763005393,0.7175426045366082,0.6186619117870898,0.0,0.0,0.4458103939950966,0.05683354962747866,0.19042048054424202,0.7384637272566494,0.6116523399701358,0.4153249131588389,0.0605552806143293,0.1793474660157325,0.0,0.6792968402282461,0.1885248147713324,0.2056001482158858,0.2911645703074009,0.4413747961252454,0.6870151718138358,0.42839498037849383,0.7617440201068404,0.5081286546981519,0.13888104744469618,0.7502135012333597,0.5741389518227498,0.0,0.19044846447160602,0.4720200176697106,0.0,0.00040700634425716586,0.0,0.16746289727747707,0.0,0.0,0.021061903607734092,0.2663912213944424,0.1567705951361152,0.0,0.04781369615838803,0.0,0.0,0.0,0.05089296029174271,0.34782804704366777,0.016568446114288427,0.7546648645314462,0.5348439422463024,0.0,0.34985562647771207,0.025200049867548202,0.42788003870953495,0.08474144423023705,0.7192419776040482,0.37155189240449416,0.5231206801030579,0.20998967522681705,0.06006273162236797,0.10994585484364051,0.6021080827045442,0.32235265071233493,0.0,0.0,0.47547842735524026,0.4367668752459146,0.28410703664674725,0.6396820833124763,0.24888170962403405,0.0,0.5882690480765318,0.47632653118006973,0.7023927381085554,0.0,0.0,0.0,0.0
0.18455161513370122,0.26864746611657164,0.3542121071040934,0.14248293986065336,0.0,0.4627829528277183,0.0,0.06447069447834716,0.39872110105407776,0.3463861010546197,0.11836370404317761,0.0,0.4702471732732233,0.0,0.4445229863120648,0.02488380487892755,0.0,0.0,0.3844161554515477,0.3349339906160776,0.45460903939563096,0.4221202065481341,0.2778883262381852,0.0,0.05867288554103628,0.3474499984769436,0.19044846447160602,0.0,0.5401950092997886,0.1995524352470615,0.41040321677032776,0.0,0.0,0.4969425415885108,0.23850458347128717,0.3723725915180077,0.49530804489055635,0.3033183423435023,0.0,0.0,0.0,0.0,0.0,0.0,0.3176798352802124,0.1296321931607559,0.3625853755140752,0.342556747376045,0.0,0.0,0.0,0.0,0.06668931348653159,0.34603798589367807,0.10632521886147839,0.19028789117617712,0.0,0.27874767000425554,0.0,0.36559750245176337,0.0,0.0,0.0,0.4415321589954196,0.0,0.5138070272760181,0.18188225102774735,0.2577579500364719,0.0,0.04465828068541364,0.3194183783569859,0.10814537175561051,0.40226951151605217,0.0,0.0,0.0
0.1184910573210623,0.26653024439120737,0.22696828312127912,0.0,0.0,0.25495890955669875,0.0,0.0,0.36105041866276094,0.32855733992535185,0.038611410517778555,0.0,0.20887005386079027,0.0,0.5248170877313157,0.32884936226261663,0.08336254762476542,0.16164508664476834,0.2116663944997471,0.5674147908907997,0.4234127732623159,0.5249861010072951,0.12534326039075902,0.0,0.2989677838273496,0.20305213895098817,0.4720200176697106,0.5401950092997886,0.0,0.0,0.48800442180676296,0.0,0.0,0.25141004699449543,0.0,0.024212301577921258,0.35112566732454054,0.022538719825499917,0.0,0.0,0.0,0.0,0.0,0.0,0.19010810515487508,0.12123257313402735,0.3407703543441163,0.13660186713110611,0.0,0.012236322543707573,0.0,0.15635502969496295,0.0,0.3328230877735875,0.09179593021396451,0.13065349405964183,0.0,0.07538460474577724,0.0,0.45681465313328307,0.2190871117370633,0.0,0.0,0.28922135155123424,0.2413992003185954,0.3373824176164727,0.2882054099963902,0.02119055179796714,0.0,0.1872873930553128,0.11569479888127424,0.29226463667264596,0.1754604771091659,0.04614866259809691,0.0,0.0
0.31399032884744044,0.0,0.06643906734712368,0.34126975800858084,0.4414808269236955,0.0,0.2900387832804238,0.057882126858295635,0.0,0.009204929574472165,0.0,0.3265182403847487,0.1741479649269513,0.3707008901405092,0.0,0.1697214200130393,0.0,0.05810818406153331,0.16579827818104495,0.0,0.0,0.0,0.0,0.117066891565363,0.0,0.0,0.0,0.1995524352470615,0.0,0.0,0.11695634900404361,0.2220477649248218,0.18315809259249083,0.2850187163220705,0.32584779618225324,0.10762163670571458,0.004101873406322815,0.14797177808119794,0.181000241570543,0.06144597766818634,0.18028189103513106,0.030835452674907872,0.16279812092772802,0.14856774977268053,0.0667445588822996,0.3842943151645124,0.0,0.14887669684862093,0.0,0.0,0.0,0.0,0.0,0.0,0.18033431043296239,0.10643535231102019,0.021285050584646636,0.06631931320135495,0.20612715822030503,0.0,0.0,0.14731300823437446,0.03945146589142687,0.0,0.0,0.10983044706410086,0.0,0.0,0.1325286939726814,0.0,0.0,0.0,0.4673361625221697,0.0,0.5172121034422537,0.18234866477509476
0.15488060151102773,0.0,0.03992434978543319,0.2681045222295714,0.020132444893308732,0.0,0.0,0.0,0.07827552538070781,0.0976990554458178,0.0,0.0,0.04106977040541937,0.0,0.1983568301564517,0.3645522737639332,0.09938952276990998,0.023422260289969743,0.049112464597832334,0.09143992637639703,0.2897412725204348,0.08889258820687523,0.0,0.0,0.0,0.0,0.00040700634425716586,0.41040321677032776,0.48800442180676296,0.11695634900404361,0.0,0.0,0.0,0.3570231407916171,0.17816864685409697,0.15958616785716007,0.2352217532511408,0.0,0.0,0.0,0.0,0.0,0.0,0.0,0.05181790250315013,0.19451706011628161,0.0,0.023908565376487417,0.0,0.0,0.0,0.0,0.0,0.0262303666759352,0.0,0.0,0.0,0.0,0.0,0.07544164995827796,0.0,0.207688253821175,0.026199793780843028,0.08847369867539451,0.0,0.2363579708619987,0.0,0.0,0.0,0.0,0.0,0.0,0.2673818940192946,0.0,0.10881654915599157,0.008015766530091561
0.2533538322460792,0.0,0.0,0.10838413421676675,0.4524399423884222,0.0,0.5190866533799487,0.0,0.0,0.0,0.0,0.2625424097116299,0.02879228884851917,0.31580440831156575,0.0,0.35299582944262076,0.03210354147072944,0.3977274204180765,0.0,0.0,0.0,0.0,0.0,0.3022792238484524,0.0,0.0,0.0,0.0,0.0,0.2220477649248218,0.0,0.0,0.4076597791409621,0.0,0.0,0.0,0.0,0.0,0.8363720330831217,0.5457962610298478,0.5397260720311534,0.20982589043877642,0.44639298554731044,0.4531942146776054,0.0,0.30578587419646097,0.0,0.0,0.0,0.18277169457941866,0.0,0.0,0.0,0.0,0.10466138396230704,0.003929662202771633,0.061633198917826176,0.0,0.33606370797248747,0.0,0.2873602265725638,0.13178050232708127,0.3575456791138002,0.0,0.0,0.0,0.0,0.0,0.2776400054796526,0.05393879081830796,0.0,0.0,0.1773198486751658,0.37779951722021043,0.4400447908366403,0.6421394065684973
0.5091151383940327,0.14361669386093756,0.19307195885233225,0.0,0.22662389885103026,0.0018431562608306473,0.29564816708745084,0.0,0.2642378253133667,0.4363641798097667,0.12517691498171227,0.4472532853390455,0.20855647233580907,0.02133338655829825,0.0,0.309694319381608,0.26739710297600594,0.4990832921727046,0.13944440382475437,0.0,0.050521261020626484,0.1705137400827214,0.0,0.5300982593368336,0.38202590838125783,0.3868206422992546,0.16746289727747707,0.0,0.0,0.18315809259249083,0.0,0.4076597791409621,0.0,0.0,0.0,0.0,0.0,0.28189112071541783,0.4338291949311631,0.6754800474131495,0.3046705813220445,0.0,0.3627430085281535,0.28950832385563624,0.3148722288157608,0.46059591574021963,0.1635488149151029,0.23538618706637415,0.0,0.4383871898229809,0.0,0.15427708652301447,0.0,0.1434174827421216,0.19865824160801585,0.340736430729809,0.3506415435449342,0.1305866002822822,0.3070119697539222,0.0,0.30261251149162244,0.0,0.22425044699170135,0.008858369939964056,0.09427977469740163,0.0,0.20283718185436467,0.0,0.3927479650654495,0.2683774484161537,0.2570187606156266,0.03163836790572645,0.16801392504661847,0.07346005467281513,0.2615806144376628,0.45127013085047873
0.29351099577348133,0.04486088965423793,0.16945418121937267,0.30058426907509417,0.14105879057003412,0.27156753732576344,0.03196512312060784,0.09413225915392505,0.15183790862313884,0.10923332497790857,0.10272823123784468,0.17630535891222407,0.3056890060117143,0.0,0.08600887342133288,0.048610017383171444,0.0,0.0,0.4465716119068307,0.0,0.372021326265288,0.15316293699680422,0.15142098170949617,0.0,0.0,0.19404166304136303,0.0,0.4969425415885108,0.25141004699449543,0.2850187163220705,0.3570231407916171,0.0,0.0,0.0,0.6588361334989215,0.3994783177312905,0.34980289242426243,0.3921270354043265,0.0,0.0,0.0,0.0,0.0,0.0,0.3305393546473341,0.15779868765954874,0.10681635427172759,0.15777864290016985,0.0,0.0,0.0,0.0,0.10472755292616633,0.06238922884857262,0.07490024545062948,0.04828139367867444,0.0,0.035093242778441586,0.0,0.06440043046032377,0.0,0.0,0.0,0.3474168065023635,0.0,0.47844980971642104,0.0,0.17651944484047977,0.0,0.0,0.11249836089694536,0.0,0.1942286674589752,0.0,0.0,0.0
0.08014683577339751,0.0,0.0,0.5325918375131855,0.14876962346414085,0.07429572602898035,0.08112556741949818,0.17185842389433714,0.0,0.0,0.0,0.12178681652690451,0.18310740690875948,0.28669839179874457,0.0,0.0,0.0,0.0,0.21994439403643354,0.0,0.058732049263267076,0.0,0.0,0.0,0.0,0.0,0.0,0.23850458347128717,0.0,0.32584779618225324,0.17816864685409697,0.0,0.0,0.6588361334989215,0.0,0.3356030093007561,0.14975470336427188,0.2311463363177705,0.0,0.0,0.0,0.19382263044426168,0.0,0.0,0.06862452191641784,0.05208194282126474,0.0,0.0,0.0,0.0,0.0,0.0,0.058354098172095706,0.0,0.0356805397530796,0.0,0.0,0.0,0.0,0.0,0.0,0.14746694124468523,0.0,0.16630822026986458,0.0,0.2926775596863294,0.0,0.05938300131008715,0.0,0.0,0.0,0.0,0.2148474678733873,0.0,0.03540369656327916,0.0
0.03042342470081677,0.15075247913647546,0.1286766373931849,0.1904029308263196,0.06957520449420307,0.3237236715391507,0.04759853626281385,0.22306616159206855,0.2022015609026578,0.09140774390092199,0.03187515432048771,0.2046054833077197,0.2824452765254548,0.0,0.01963351529995294,0.0,0.0,0.0,0.3166066339625264,0.002192633481712336,0.20724554568015513,0.07377967026478618,0.17588328394224603,0.028045833402560033,0.0,0.1261927861207051,0.021061903607734092,0.3723725915180077,0.024212301577921258,0.10762163670571458,0.15958616785716007,0.0,0.0,0.3994783177312905,0.3356030093007561,0.0,0.48053286734931544,0.31769000213137066,0.0,0.0,0.0,0.0,0.0,0.098575044563945,0.2981173862312728,0.0,0.11981065708898675,0.18965087324106003,0.0,0.0,0.0,0.0,0.17954097655049864,0.08521125746674309,0.09622346977404184,0.08310919503344125,0.12362509780814994,0.13289426293292098,0.0,0.0,0.0,0.0,0.0,0.28762694073108513,0.0,0.24592128227974303,0.0,0.21116551594019412,0.0,0.07227003559210579,0.18533920229337675,0.0,0.03716538058121219,0.0,0.0,0.0
0.011109962732284831,0.34743500954067297,0.33001513863400694,0.0,0.0,0.39212367019141,0.0,0.07233784319727388,0.37479161502195635,0.2950984159009419,0.050377074776069966,0.0,0.25225212218849064,0.0,0.3679582390876637,0.0,0.04182928445396822,0.0,0.32094345248722084,0.3488564646416518,0.34013696595931864,0.35946811151234465,0.27742922878321763,0.0,0.13880461322617413,0.2945896119114506,0.2663912213944424,0.49530804489055635,0.35112566732454054,0.004101873406322815,0.2352217532511408,0.0,0.0,0.34980289242426243,0.14975470336427188,0.48053286734931544,0.0,0.26324250727910636,0.0,0.0,0.0,0.0,0.0,0.0,0.26617321058857313,0.0,0.394025617627261,0.276430305349733,0.0,0.0,0.027010380743800216,0.0,0.1264082150069773,0.32323534963451206,0.16643406272097444,0.14250783401149578,0.1088281097867868,0.1991974788614815,0.0,0.30578834431943247,0.0,0.03146463813597443,0.0,0.4166971594583902,0.1266942504379899,0.3458255212720265,0.24213939016654928,0.2734010688164383,0.0,0.21803434118942755,0.33864709425955014,0.20179266520059613,0.0,0.0,0.0,0.0
0.1618239514509241,0.24017503236612134,0.3572674166890874,0.009806874799638751,0.0,0.2985636557482708,0.0,0.31325482857365916,0.3605641741996746,0.17473100982454032,0.06173888894277077,0.32912930240207916,0.2516259624940643,0.0,0.1255026632831021,0.0,0.0,0.0,0.2727361241369486,0.08054709785485875,0.30142288144733326,0.16812568351990761,0.26564397057599776,0.2302913300354667,0.08971521499361854,0.3359554195493468,0.1567705951361152,0.3033183423435023,0.022538719825499917,0.14797177808119794,0.0,0.0,0.28189112071541783,0.3921270354043265,0.2311463363177705,0.31769000213137066,0.26324250727910636,0.0,0.0,0.05872169264706187,0.0,0.0,0.0,0.0,0.553342655277185,0.22553448760016187,0.2921859449481136,0.2830425599518414,0.0,0.0,0.0,0.0,0.2693896475850916,0.3000192765106446,0.20892628023433651,0.1425906920331105,0.18647857942391868,0.14426216253866703,0.0,0.09492652489755732,0.0,0.0,0.0,0.23607175746390824,0.0,0.3482273015369752,0.04463246903992665,0.21722488809489565,0.20287674599477934,0.16996755071344574,0.3589198100674299,0.03466485663489656,0.005817737567404613,0.0,0.0,0.0
