0.0,0.32262893243230856,0.0,0.0,0.0,0.2954079338158047,0.24726413367862002,0.45324652923847214,0.23297467613356332,0.3375037345094471,0.0,0.345515052274914,0.29814583604138006,0.0,0.3268289906719607,0.31804006477093943,0.0,0.3127759343400015,0.0,0.36251448925665886,0.3512796144607386,0.3441076677652458,0.42117185089847536,0.3288158486013352,0.31927888304555846,0.30742145863743986,0.3865465765661794,0.2983268974216291,0.3455891253127175,0.0,0.31251101782861523,0.3640970119979571,0.2669120901268754,0.29338317163038696,0.365899059620159,0.0,0.0,0.35565137825229537,0.3925093523616429,0.3405902353983275,0.36015525506827006,0.0,0.0,0.0,0.0,0.3083994341562023,0.39142923159027865,0.0,0.0,0.0,0.2857505654676425,0.0,0.0,0.0,0.3909811420514649,0.0,0.0,0.29111098665253154,0.0,0.0,0.3710606515461422,0.0,0.37071175497875075,0.0,0.0,0.333365853533146,0.3890728117607931,0.0,0.0,0.36897826049364313,0.3868827831533313,0.0,0.0,0.34728449408344325,0.0,0.31094988601695694
0.32262893243230856,0.0,0.3003209645522021,0.0,0.32755897568850423,0.3652969343122994,0.3419404703052886,0.3854088492080929,0.29565306244130984,0.21506684427252074,0.0,0.24484296872169406,0.3791861622216308,0.0,0.36084195406887604,0.3299352190030081,0.0,0.3333950965228645,0.0,0.3734023897845824,0.3297182467344904,0.3320383071307007,0.37136734759888596,0.29844227898899217,0.32538129543262745,0.3486184805148016,0.37451230231251154,0.37506228656237045,0.37469458809861167,0.0,0.3062997536092525,0.3606474736993228,0.2773453001000245,0.31517088921492425,0.35380396206979015,0.0,0.0,0.0,0.40367246468573736,0.384394561916608,0.39921087787593507,0.4227509884264443,0.0,0.0,0.0,0.3760541984627103,0.40738885562176347,0.0,0.0,0.0,0.2971122054901877,0.2778176010710604,0.0,0.2964022028088026,0.2706119096475085,0.0,0.0,0.24289723629039336,0.0,0.4068540425192209,0.38013561338457225,0.0,0.34740460135547396,0.0,0.35072412422144167,0.36440933246413726,0.40293569717650213,0.3761531611943589,0.41780693440649125,0.37267016242667583,0.3998264139948587,0.3533680319083212,0.2713863883888694,0.3523602556242413,0.0,0.36786801976007577
0.0,0.3003209645522021,0.0,0.3116597189337825,0.3419482650816493,0.3530276603214684,0.36592970096865857,0.4412247614618002,0.27865084294914366,0.37418913917360597,0.30075711209921324,0.3150455966604876,0.3614899673021882,0.3935391254428676,0.0,0.25923146094977356,0.0,0.0,0.2534746932569718,0.0,0.3044704120570555,0.3518473696725637,0.3547887125455156,0.0,0.2426602763051869,0.2821810914242182,0.3123228890146718,0.3679475298948047,0.33624092684196805,0.36181239705396057,0.39035804101652793,0.3465345362087003,0.0,0.3915969936802584,0.4250934876811628,0.38265878179525314,0.36422273258415416,0.31749779629973796,0.449556641569431,0.0,0.4433827292292084,0.3569774333202559,0.4435386832943539,0.34601040605893485,0.0,0.0,0.0,0.2989667111223511,0.0,0.4355786483031719,0.5064187336626963,0.4246132786375767,0.5127979727229385,0.5032988303818337,0.0,0.35267642310689495,0.0,0.42404084945667764,0.4993687329191662,0.0,0.0,0.0,0.0,0.2902331196199406,0.0,0.3705295488497609,0.0,0.516046808490345,0.0,0.0,0.0,0.513460362142008,0.4004774859581902,0.32226664806041866,0.0,0.4358060680719098
0.0,0.0,0.3116597189337825,0.0,0.24833064202687472,0.35867741970364536,0.28068028577166626,0.3275224987628409,0.3741263155841845,0.3454375533377623,0.3188616900068935,0.2640416338234228,0.3233620696340592,0.2726567005948518,0.0,0.0,0.0,0.0,0.35626558609484116,0.0,0.0,0.0,0.3490322454805861,0.0,0.0,0.0,0.34659229689821364,0.2542553126804386,0.3456402874346987,0.0,0.3279165312962804,0.2903211273411362,0.0,0.3090979511479568,0.2917013209537796,0.21187046320790218,0.18786804404845406,0.33677240022084676,0.0,0.0,0.0,0.0,0.0,0.0,0.0,0.0,0.0,0.0,0.0,0.0,0.32070440083650525,0.0,0.0,0.31060892870024587,0.0,0.0,0.0,0.0,0.0,0.0,0.0,0.0,0.0,0.0,0.0,0.0,0.0,0.3108691657508677,0.0,0.0,0.0,0.3260768913742996,0.0,0.0,0.0,0.0
0.0,0.32755897568850423,0.3419482650816493,0.24833064202687472,0.0,0.3236762758441792,0.30291228686120364,0.3437202845576003,0.287142477701085,0.4284460165756907,0.30209621224004707,0.38764315099341135,0.33338384291766926,0.28442683602535973,0.0,0.30443810288940215,0.3874027062391459,0.32595000671721386,0.32586872253407173,0.36019170977814,0.2793217307932322,0.3699655216556034,0.33994032408952923,0.3765288160492971,0.2992793624016777,0.2920025915212897,0.3394826360764896,0.3398614474766544,0.3585487272298838,0.0,0.3909228125778755,0.32933364941937043,0.32175353788018524,0.3916396703338976,0.391301761835784,0.22397363823205274,0.22367108294803426,0.36785643629046827,0.32444599573550587,0.0,0.31822215223075434,0.3117485123233528,0.3689051004538614,0.0,0.0,0.0,0.0,0.3889636150392776,0.0,0.3293549230426053,0.37193624253534735,0.3035996364291085,0.5457965349649185,0.36682683185441417,0.0,0.39415756758644527,0.0,0.2620645873339485,0.37863980693363225,0.3204094752892089,0.0,0.0,0.0,0.3980770605035331,0.0,0.0,0.303939648353893,0.41341498790694775,0.0,0.0,0.29514743218328077,0.4421805226872744,0.0,0.0,0.0,0.0
0.2954079338158047,0.3652969343122994,0.3530276603214684,0.35867741970364536,0.3236762758441792,0.0,0.3536898292422209,0.3736441609535456,0.2829223300529053,0.41574143931587026,0.3193794120007932,0.34773515414828693,0.36016976306048826,0.3726674651832039,0.35617318529828657,0.3600628164606954,0.31157385175012203,0.3472529325716394,0.3246568588176105,0.3644164825741716,0.3400151183727022,0.3719796867229246,0.33074353261229306,0.31706982016172724,0.3430971505526752,0.36274059110958695,0.33653986992309093,0.35390007180346716,0.324416999199434,0.3735428987119825,0.37842482576065045,0.36637960583773505,0.329037540740347,0.3927754134271674,0.4128447110936333,0.3845643495658068,0.38307786719308423,0.34338799454326635,0.46018487322268037,0.3019208532005085,0.4819952044862536,0.4171201760457832,0.4427453585667126,0.3034512291755051,0.43445058134443193,0.0,0.28347692065984104,0.5054292544193238,0.0,0.4018136106737699,0.4614436872522684,0.4588117758616554,0.43955297979459873,0.5057058581609557,0.3426872530982069,0.45289184826361273,0.3478809190699578,0.4447463372482303,0.41305129813789193,0.38258908582844653,0.23893847853666403,0.0,0.2571921164854291,0.4873278628906687,0.40435456068601244,0.4083145806257985,0.34037683651409034,0.46871685655858486,0.0,0.25496996250687826,0.33869641755281826,0.4660444412312442,0.45210238078553777,0.4334640573288006,0.4347550190647564,0.48281575808430743
0.24726413367862002,0.3419404703052886,0.36592970096865857,0.28068028577166626,0.30291228686120364,0.3536898292422209,0.0,0.3825960796130876,0.3254148885498971,0.4055807942716466,0.3919589419299925,0.3649614726453575,0.30310987775395604,0.3188536528156415,0.0,0.31301615208323974,0.3941740351548027,0.3222605994702762,0.4016555958975056,0.36468107910663816,0.3156164184319812,0.38071348055936205,0.3678084366725648,0.3923697352196767,0.30759039979480285,0.3064943159724397,0.3635329505864604,0.3409566388449975,0.3816364683005082,0.0,0.37250457952602956,0.37728881610522214,0.33244419256401725,0.36126071266579723,0.3877432697778705,0.3036391837396795,0.3026287495798418,0.3740694734863269,0.2685529715526521,0.0,0.2694907833399917,0.30822179384927795,0.3113368743992171,0.0,0.3603019922000574,0.0,0.2877363902995318,0.4484083590488379,0.0,0.0,0.37172556913342836,0.0,0.3603271304332496,0.38517729866807804,0.0,0.0,0.3551300894355507,0.31599079327379137,0.0,0.31453321133227796,0.2699176386678045,0.0,0.0,0.0,0.0,0.0,0.2921000915006156,0.45387893515421535,0.0,0.0,0.2661754386546602,0.41447464361969594,0.307555514939568,0.31275053717506274,0.0,0.3493757650011027
0.45324652923847214,0.3854088492080929,0.4412247614618002,0.3275224987628409,0.3437202845576003,0.3736441609535456,0.3825960796130876,0.0,0.4413428203777471,0.39354242068185474,0.33325575768210747,0.3884011334387507,0.38459115020063367,0.36909431606403154,0.3760068733568767,0.3657882020728454,0.0,0.40477429144798754,0.3883500273268917,0.36339988553818137,0.3558809854376312,0.3743853421340129,0.3456348036147615,0.4632477490168293,0.39948069046863677,0.4231811380086455,0.3878391089706819,0.38641955463939004,0.36393540312472294,0.3646329678167677,0.4125750718150529,0.35922697830419154,0.0,0.4207147440579967,0.4327905823428648,0.29076663803269404,0.24392944593009352,0.3584703755138987,0.4432675289079712,0.0,0.4790255071836674,0.4996914835791942,0.3695548526745895,0.0,0.0,0.0,0.0,0.5000891811234834,0.0,0.38857813343074593,0.41756904082377994,0.4411496734001404,0.4280449144642339,0.48893280201263817,0.0,0.4246829225860755,0.0,0.4270717699621072,0.43094834622584055,0.46638489804250727,0.0,0.0,0.0,0.4653627140221376,0.4577228707439611,0.4559114134198596,0.0,0.4562523104405182,0.0,0.0,0.0,0.461011470864764,0.43628486659708593,0.42591598049489005,0.0,0.4689869369017098
0.23297467613356332,0.29565306244130984,0.27865084294914366,0.3741263155841845,0.287142477701085,0.2829223300529053,0.3254148885498971,0.4413428203777471,0.0,0.4269373381853218,0.28608100985188134,0.3681546760279144,0.3331977928161023,0.35454001594113754,0.25144667600406695,0.2942995429104257,0.33189053329442164,0.2814177576867065,0.24451314152450906,0.34608031166777525,0.27583120182620585,0.32974256594280704,0.35712943049300583,0.3538347297570708,0.2401723050360783,0.2670851344840563,0.31059601603192766,0.3825323372385467,0.34034185026819025,0.339062026237408,0.41548321120238924,0.3839464690995708,0.3253837686411492,0.4201331598130935,0.414639275323017,0.3826922410377865,0.39473850534517063,0.3900756023463091,0.450969622744027,0.3279949062072488,0.3445347108150126,0.28952326529479017,0.4565730713518675,0.30636173206482187,0.3606553113370617,0.0,0.26746153207035467,0.5268453180530583,0.0,0.40344319073265933,0.4971793694074615,0.43980147499325045,0.5112623570349886,0.5033761402802723,0.0,0.48965330600933626,0.3608653746049074,0.41159567801368546,0.49501346240127064,0.3127028187728343,0.23856725965043665,0.0,0.0,0.5094278980836536,0.34221700184216536,0.35799627033300224,0.28669454659418475,0.5139753676550335,0.0,0.24204271591923276,0.2933367320526402,0.5126730126780259,0.40260165389271857,0.33817746788911096,0.0,0.3860046333587187
0.3375037345094471,0.21506684427252074,0.37418913917360597,0.3454375533377623,0.4284460165756907,0.41574143931587026,0.4055807942716466,0.39354242068185474,0.4269373381853218,0.0,0.4364564417706428,0.28380688670835147,0.4214240437474287,0.4073458916289729,0.0,0.28043337121774564,0.3027188438236421,0.26991463916151687,0.4280060400397144,0.26861287591952493,0.0,0.27099094821102454,0.39817223752693337,0.3054469522834873,0.3117044166034064,0.29526823990695933,0.3935836150225583,0.4092351072330686,0.3318909382218949,0.3559169009828658,0.3385818480421161,0.3653419328414861,0.3125625015651269,0.3376283524011411,0.3313995564651711,0.33304315908388993,0.2748385910403455,0.29918399514089045,0.2574659030103159,0.3399427788936514,0.37187140449560163,0.35192699240517084,0.0,0.0,0.3587230675467415,0.0,0.0,0.0,0.0,0.0,0.3326311307265924,0.0,0.0,0.0,0.4221497413954104,0.0,0.4315383192308329,0.37785767709785767,0.0,0.0,0.287768700481494,0.3702988733005061,0.3172610936475237,0.0,0.0,0.0,0.0,0.34710289632663716,0.38351465407091123,0.3631360099541433,0.40350128610663105,0.3430016342304848,0.4262565010917113,0.0,0.0,0.3962827727613872
0.0,0.0,0.30075711209921324,0.3188616900068935,0.30209621224004707,0.3193794120007932,0.3919589419299925,0.33325575768210747,0.28608100985188134,0.4364564417706428,0.0,0.40499407084577826,0.4071570444283908,0.3151020633916812,0.0,0.0,0.3563967330110607,0.3389172353394432,0.24410164026548606,0.0,0.0,0.0,0.33979807400427775,0.3997546212260997,0.3651304162869652,0.3265449996393061,0.35031538317927025,0.4117861950775349,0.3303986334888608,0.0,0.44282842610101697,0.36793163496963266,0.36474811110600575,0.4407640329386677,0.4146471266129578,0.30415972400190194,0.35152895859414635,0.39307647123300826,0.3814042509336121,0.0,0.33361419139645804,0.3216277263783192,0.40061369730249513,0.0,0.3341581133072703,0.0,0.0,0.3578973786166005,0.0,0.37675779413792954,0.43671856506000234,0.3919805083146826,0.42498290901681346,0.4580251543589314,0.3703636546682194,0.31926265873983606,0.33338127963649916,0.384326840486083,0.43999408042471766,0.0,0.0,0.0,0.0,0.28310032021377785,0.0,0.0,0.0,0.4626548928584729,0.0,0.0,0.0,0.4755397846922764,0.35551914869377393,0.0,0.0,0.39781634707772684
0.345515052274914,0.24484296872169406,0.3150455966604876,0.2640416338234228,0.38764315099341135,0.34773515414828693,0.3649614726453575,0.3884011334387507,0.3681546760279144,0.28380688670835147,0.40499407084577826,0.0,0.4291955974242217,0.33951752561020043,0.0,0.24999160978293905,0.3302562475673566,0.2964110437440172,0.36217520008313436,0.2973822701474447,0.3670981761578762,0.0,0.34651641991264637,0.2871947140273204,0.3274382162257248,0.2953652998332131,0.33069191768102285,0.388539007023292,0.3373002365424495,0.0,0.3468964032652868,0.2584473109853266,0.27525546023891795,0.2977805979290941,0.318654702134097,0.29885205409161075,0.28172576383268716,0.23387379917643733,0.2587397540742108,0.29087730715864724,0.3347549897499491,0.31804082075992124,0.31538077813970744,0.2548779956128953,0.3044268230211246,0.35290567358204583,0.2804693267547632,0.33109175542956676,0.20671642418876116,0.32444125498448956,0.0,0.3059032472221626,0.29206029436984254,0.39384482318991293,0.4232012333223664,0.3786116540772578,0.4315639370440031,0.3187000629879511,0.4992137378499379,0.0,0.33028552924433235,0.34039922910737036,0.3465916384128614,0.31094387734980994,0.3368184884106412,0.0,0.0,0.0,0.40023883716650743,0.37134323239004746,0.4046294428565593,0.0,0.2822042686464302,0.0,0.0,0.37008920463551354
0.29814583604138006,0.3791861622216308,0.3614899673021882,0.3233620696340592,0.33338384291766926,0.36016976306048826,0.30310987775395604,0.38459115020063367,0.3331977928161023,0.4214240437474287,0.4071570444283908,0.4291955974242217,0.0,0.34946667854838664,0.3800926576554724,0.39447223168152556,0.40375300079494336,0.33932114185045525,0.40735715076676626,0.3750689444967675,0.35434136531295585,0.39340877639516175,0.3652101892156484,0.4427132707542808,0.37421024115012147,0.373420974523957,0.3664984775633462,0.3202558918684747,0.38255319004545446,0.34053706910868586,0.36260099171365684,0.37786883387508513,0.34823155514203413,0.3780349008931844,0.3960780576161092,0.3391748041245259,0.3470265025276335,0.3861385682678755,0.36016676042567647,0.3438289714810932,0.3079301735660945,0.3034250257220593,0.3624639830498756,0.2485279815367852,0.40925959291117125,0.2765199689932028,0.2637786279252976,0.43164633832575966,0.0,0.0,0.3570287138114186,0.3433976680893738,0.4159053731369181,0.3741346475457917,0.41499354720973747,0.3870786985811239,0.35862249186486544,0.31725238442238535,0.0,0.3205380437693404,0.2549159160032198,0.0,0.2637189705872985,0.3834557260836967,0.36965850828760227,0.3630137003987015,0.27213522357357006,0.45817065185099576,0.0,0.27628538085126764,0.2887820084178497,0.43396215004995636,0.35115813610988467,0.36614006083430867,0.0,0.3573000147790191
0.0,0.0,0.3935391254428676,0.2726567005948518,0.28442683602535973,0.3726674651832039,0.3188536528156415,0.36909431606403154,0.35454001594113754,0.4073458916289729,0.3151020633916812,0.33951752561020043,0.34946667854838664,0.0,0.0,0.0,0.0,0.0,0.35036206053637614,0.0,0.0,0.0,0.3794440665750873,0.0,0.0,0.0,0.40794200948114,0.29508060554805976,0.0,0.0,0.0,0.3014816226670597,0.0,0.41460796712563663,0.0,0.24758986031633962,0.19330111640962358,0.30956609390130646,0.0,0.0,0.3176757516158695,0.0,0.0,0.0,0.0,0.0,0.0,0.0,0.0,0.0,0.0,0.0,0.0,0.0,0.0,0.0,0.0,0.0,0.0,0.0,0.0,0.0,0.0,0.0,0.0,0.0,0.0,0.0,0.0,0.0,0.0,0.0,0.0,0.0,0.0,0.0
0.3268289906719607,0.36084195406887604,0.0,0.0,0.0,0.35617318529828657,0.0,0.3760068733568767,0.25144667600406695,0.0,0.0,0.0,0.3800926576554724,0.0,0.0,0.349379267730938,0.0,0.3398769058187758,0.0,0.33179071345173383,0.34577152739428285,0.3328935356447704,0.3337793076245091,0.3688496072072678,0.3361033301406525,0.3115477329175126,0.3446596766901836,0.37476664453606373,0.3682866431415062,0.3688269556900553,0.37225844331442143,0.3811812077176679,0.35141516558445535,0.38760768997591394,0.43092811972315254,0.0,0.0,0.0,0.4431966527802936,0.43757167987338386,0.4366009870879451,0.48734932769979733,0.0,0.0,0.0,0.0,0.4232230619383961,0.3698083398655528,0.0,0.0,0.392500299450015,0.0,0.0,0.0,0.0,0.0,0.0,0.3584051673734128,0.0,0.46003618148758524,0.34591528442998476,0.0,0.0,0.0,0.4282658260892585,0.42123688316231406,0.44162612879078117,0.4396394498410907,0.0,0.32266187676450003,0.41413451147657165,0.43079396105546525,0.4011579959698766,0.41718806409565523,0.0,0.41119929475912964
0.31804006477093943,0.3299352190030081,0.25923146094977356,0.0,0.30443810288940215,0.3600628164606954,0.31301615208323974,0.3657882020728454,0.2942995429104257,0.28043337121774564,0.0,0.24999160978293905,0.39447223168152556,0.0,0.349379267730938,0.0,0.3115367452057958,0.32099151869079057,0.0,0.3617768453436113,0.34257904948925366,0.32930053286431205,0.3686316633412124,0.30931568972840306,0.3084108527446891,0.3243457719164003,0.35997583168986136,0.33035767184394654,0.3730152023019388,0.30397544004546967,0.2954600964881678,0.37994256513619373,0.31108154288080775,0.31599959421058776,0.38623585348317213,0.0,0.0,0.0,0.3978481993497532,0.3637487254597495,0.3719741417865585,0.3934598946414142,0.0,0.0,0.0,0.37787473853239684,0.3805653032565626,0.0,0.0,0.0,0.2501635365906314,0.0,0.0,0.0,0.2838087522947331,0.0,0.0,0.2627715287974708,0.0,0.3837502806838898,0.36929564217891175,0.27014692663590045,0.3690854277949374,0.0,0.32768812110322465,0.0,0.36753516449192664,0.0,0.38275284572638546,0.373159637286645,0.38341137315975043,0.30164834738419904,0.2548764354381642,0.2959433023895722,0.0,0.359703231695281
0.0,0.0,0.0,0.0,0.3874027062391459,0.31157385175012203,0.3941740351548027,0.0,0.33189053329442164,0.3027188438236421,0.3563967330110607,0.3302562475673566,0.40375300079494336,0.0,0.0,0.3115367452057958,0.0,0.28456909759817134,0.35388925140414235,0.30167673089961194,0.0,0.32185066731907114,0.0,0.3427003856460239,0.30731188603199283,0.3125243905155691,0.0,0.39532855484719676,0.2959951832548195,0.30787599251332576,0.3331827462094997,0.3622808490199721,0.2879947861652967,0.34731826405484456,0.3425368683413108,0.0,0.0,0.3075637257200932,0.0,0.36578716940298295,0.3689838090617706,0.40153191640211267,0.0,0.0,0.36121619146596273,0.0,0.0,0.0,0.0,0.0,0.0,0.0,0.0,0.0,0.4208774826591182,0.0,0.42280910108618847,0.0,0.0,0.0,0.0,0.36492674365165817,0.33246851094443336,0.0,0.0,0.0,0.0,0.0,0.3953037434234252,0.3875486861438896,0.40813981577752756,0.0,0.0,0.0,0.0,0.37462082222882875
0.3127759343400015,0.3333950965228645,0.0,0.0,0.32595000671721386,0.3472529325716394,0.3222605994702762,0.40477429144798754,0.2814177576867065,0.26991463916151687,0.3389172353394432,0.2964110437440172,0.33932114185045525,0.0,0.3398769058187758,0.32099151869079057,0.28456909759817134,0.0,0.3482279474875748,0.3567548794154135,0.3328928349756979,0.34406956189076376,0.34756810456885523,0.31073858183760134,0.2938420825745934,0.30777083800971955,0.34134194011887237,0.3385219621051721,0.37784619675937314,0.2881189034818397,0.315188181659264,0.304937862569358,0.26344466202565525,0.3294201609505488,0.32067778301702576,0.0,0.0,0.0,0.3859157684627333,0.367353596001083,0.3882803638307418,0.3883007446434087,0.0,0.0,0.0,0.37120937674663534,0.3717279198594093,0.0,0.0,0.0,0.2534472699153542,0.0,0.0,0.0,0.39327211627947795,0.0,0.40066696729860807,0.311972741505798,0.0,0.0,0.3677409730855799,0.37908938618712873,0.36034201559782675,0.0,0.2787953304860818,0.0,0.33874928033768287,0.0,0.3637480648775391,0.37189734721101597,0.3958948455481944,0.28934110463510193,0.0,0.2537325284495912,0.0,0.38372311382351826
0.0,0.0,0.2534746932569718,0.35626558609484116,0.32586872253407173,0.3246568588176105,0.4016555958975056,0.3883500273268917,0.24451314152450906,0.4280060400397144,0.24410164026548606,0.36217520008313436,0.40735715076676626,0.35036206053637614,0.0,0.0,0.35388925140414235,0.3482279474875748,0.0,0.0,0.0,0.0,0.305992616891855,0.35569452002492524,0.3062126380597293,0.32743204792214714,0.35991113323365453,0.41084262330162996,0.29608845845693477,0.0,0.4211470471338508,0.3786329173879556,0.0,0.42719841690377935,0.4117285094610544,0.36477442212447914,0.38501049409867777,0.36525324476213356,0.44083801105206977,0.0,0.36377711043912436,0.3078966551966128,0.41805863355241346,0.40749025933506533,0.0,0.0,0.0,0.3109373045522495,0.0,0.4062976247348916,0.47886230082010783,0.422935395510971,0.4968614319083232,0.5124133837815836,0.0,0.4811615653182063,0.0,0.38411081838765176,0.455961682136668,0.0,0.0,0.0,0.0,0.4942168438441546,0.0,0.0,0.0,0.4939986704090447,0.0,0.0,0.0,0.5048302653988498,0.34442997572575174,0.3784656347738657,0.0,0.4080052794677028
0.36251448925665886,0.3734023897845824,0.0,0.0,0.36019170977814,0.3644164825741716,0.36468107910663816,0.36339988553818137,0.34608031166777525,0.26861287591952493,0.0,0.2973822701474447,0.3750689444967675,0.0,0.33179071345173383,0.3617768453436113,0.30167673089961194,0.3567548794154135,0.0,0.0,0.37994975182778906,0.34286625570175355,0.2958162183087946,0.0,0.3580069402586583,0.36174671977061873,0.3325464064131386,0.26946333738710737,0.321581822848516,0.2486265099928421,0.3390989845976986,0.39101203117954964,0.3422033945131057,0.37821566485472796,0.43341045161259617,0.0,0.0,0.0,0.41488602064409474,0.37035493823121757,0.37074781418364344,0.46142654881151296,0.40702736473282225,0.0,0.0,0.3528392355174664,0.3463391467827913,0.0,0.0,0.0,0.4004013729876266,0.3205179861365091,0.0,0.3108361563400497,0.0,0.0,0.0,0.34984598194657346,0.0,0.42156002183916413,0.2633660288758332,0.0,0.2500188624482614,0.0,0.4172904490769374,0.413245343595971,0.41200610878274413,0.4399688280379266,0.0,0.25680825555978976,0.39357594329089346,0.44034529570527137,0.4167697556626642,0.36962772271950944,0.0,0.4227397456222546
0.3512796144607386,0.3297182467344904,0.3044704120570555,0.0,0.2793217307932322,0.3400151183727022,0.3156164184319812,0.3558809854376312,0.27583120182620585,0.0,0.0,0.3670981761578762,0.35434136531295585,0.0,0.34577152739428285,0.34257904948925366,0.0,0.3328928349756979,0.0,0.37994975182778906,0.0,0.3629900242612493,0.36793980101748663,0.4291246729867202,0.31832875514952225,0.33383205717491377,0.379474375199304,0.40443994350005746,0.3847752325685902,0.0,0.34356885203800813,0.3743712734894134,0.32060164810807995,0.36404876103064227,0.42677749649987784,0.0,0.0,0.37429307705900355,0.4296720840927694,0.37546869467444655,0.4293669679579673,0.4841051872806121,0.0,0.0,0.0,0.33971857689590396,0.43688701423715764,0.0,0.0,0.0,0.4044642259130372,0.0,0.411170802364281,0.3849453985542617,0.0,0.0,0.0,0.35614093272631986,0.0,0.4274474280622224,0.3964477992306847,0.0,0.0,0.0,0.3960183963784804,0.35367027140385593,0.42396768501234516,0.4181447703966076,0.0,0.32567891713054603,0.4536126394237733,0.40966244885651987,0.4047012382469937,0.40987808445488755,0.0,0.4061974397706392
0.3441076677652458,0.3320383071307007,0.3518473696725637,0.0,0.3699655216556034,0.3719796867229246,0.38071348055936205,0.3743853421340129,0.32974256594280704,0.27099094821102454,0.0,0.0,0.39340877639516175,0.0,0.3328935356447704,0.32930053286431205,0.32185066731907114,0.34406956189076376,0.0,0.34286625570175355,0.3629900242612493,0.0,0.38638865132457373,0.2658603414814344,0.3346885313140777,0.3527647621989612,0.37894696730224675,0.3739228788138631,0.3569946207049716,0.348774423087759,0.3233545099606523,0.3816179204128757,0.32734344409282756,0.3624884825597832,0.4286583782432256,0.0,0.0,0.0,0.4144496873313124,0.40278445976269306,0.4234131170576235,0.46247640417990776,0.46364096000121807,0.0,0.0,0.3625756157356931,0.4087351922261522,0.3281409098289764,0.0,0.0,0.29357344114333717,0.259565579302459,0.0,0.28497615533053644,0.2583523627432446,0.0,0.0,0.2541559177633486,0.0,0.4551172281212114,0.3380949383053989,0.0,0.28150046014201074,0.0,0.4149214116280021,0.42364400010367026,0.4175321219288405,0.4426877370821085,0.0,0.3294142136495305,0.4315392582361986,0.3636140639665593,0.3103564440299465,0.378351926500163,0.0,0.36775381317088673
0.42117185089847536,0.37136734759888596,0.3547887125455156,0.3490322454805861,0.33994032408952923,0.33074353261229306,0.3678084366725648,0.3456348036147615,0.35712943049300583,0.39817223752693337,0.33979807400427775,0.34651641991264637,0.3652101892156484,0.3794440665750873,0.3337793076245091,0.3686316633412124,0.0,0.34756810456885523,0.305992616891855,0.2958162183087946,0.36793980101748663,0.38638865132457373,0.0,0.43521108603312575,0.35375489533912724,0.3773715335929121,0.321606699985825,0.3698259891576582,0.35349875794317936,0.3583133749379563,0.37775552077222546,0.3630272199038643,0.3218990067243247,0.39562830470322036,0.3984959641874844,0.3578225707797707,0.3215024654830743,0.3715002189601035,0.4624075888103736,0.0,0.4813922842954598,0.47333183719036914,0.45784216309562814,0.4005855537700733,0.0,0.0,0.32897348470802995,0.5303060452949314,0.0,0.43430634918714905,0.46357408615328877,0.48308216456037223,0.44894057374197127,0.5195319422589827,0.0,0.49550486514014486,0.0,0.4704296387284869,0.4773625854739758,0.44346409784182905,0.2659051911543439,0.0,0.0,0.5071529940360262,0.4404103239700617,0.40235786985651195,0.3984408647003408,0.4802256153460542,0.0,0.2669167237742604,0.39714572837853435,0.4712954646680813,0.4706926292503086,0.4398664664307113,0.4781431757221142,0.4847750542597194
0.3288158486013352,0.29844227898899217,0.0,0.0,0.3765288160492971,0.31706982016172724,0.3923697352196767,0.4632477490168293,0.3538347297570708,0.3054469522834873,0.3997546212260997,0.2871947140273204,0.4427132707542808,0.0,0.3688496072072678,0.30931568972840306,0.3427003856460239,0.31073858183760134,0.35569452002492524,0.0,0.4291246729867202,0.2658603414814344,0.43521108603312575,0.0,0.3248003833437212,0.30360759324624037,0.35735730481381106,0.401835612053258,0.33225936022370456,0.0,0.3432765775814191,0.3081834884431158,0.20655011181070662,0.27153488010380517,0.3163958871924955,0.3809045793742652,0.0,0.23110064954655907,0.3273379039466508,0.3115611281753104,0.3635869123720199,0.44484839091988004,0.0,0.0,0.29514927353259307,0.38392010070067045,0.0,0.0,0.0,0.0,0.0,0.0,0.0,0.0,0.41403061108074607,0.0,0.4031276271455518,0.0,0.0,0.0,0.3793823849081022,0.38201347076725417,0.37811265027285457,0.0,0.0,0.0,0.0,0.0,0.36871424718614143,0.37487270350559065,0.3946096362616409,0.0,0.0,0.0,0.0,0.40426596562484474
0.31927888304555846,0.32538129543262745,0.2426602763051869,0.0,0.2992793624016777,0.3430971505526752,0.30759039979480285,0.39948069046863677,0.2401723050360783,0.3117044166034064,0.3651304162869652,0.3274382162257248,0.37421024115012147,0.0,0.3361033301406525,0.3084108527446891,0.30731188603199283,0.2938420825745934,0.3062126380597293,0.3580069402586583,0.31832875514952225,0.3346885313140777,0.35375489533912724,0.3248003833437212,0.0,0.32852545900233315,0.3503648757492043,0.3764067827869783,0.3592454959626042,0.31302609788321656,0.3232419989321289,0.3553190846802413,0.26949368888502895,0.3278848485361896,0.34484316652974556,0.31580757069369336,0.0,0.31889386640964745,0.39400626610752404,0.3745225781731358,0.3927084132176183,0.40150684982059387,0.0,0.0,0.0,0.38153175823500773,0.39516212795867983,0.0,0.0,0.0,0.2418703095949599,0.0,0.0,0.0,0.4123869458201696,0.0,0.42164144463276937,0.3151827262988395,0.0,0.0,0.37525740636004035,0.3909844385576759,0.3719533379370667,0.0,0.3026135388559579,0.0,0.2889146948607186,0.3065124771533138,0.4007036694251428,0.3826770688482208,0.4031795271885101,0.26890068827481317,0.2927828711700153,0.3169645787810789,0.0,0.3871620692102352
0.30742145863743986,0.3486184805148016,0.2821810914242182,0.0,0.2920025915212897,0.36274059110958695,0.3064943159724397,0.4231811380086455,0.2670851344840563,0.29526823990695933,0.3265449996393061,0.2953652998332131,0.373420974523957,0.0,0.3115477329175126,0.3243457719164003,0.3125243905155691,0.30777083800971955,0.32743204792214714,0.36174671977061873,0.33383205717491377,0.3527647621989612,0.3773715335929121,0.30360759324624037,0.32852545900233315,0.0,0.38396961880715774,0.32884673241645446,0.34623676549392524,0.2561940151973713,0.3233848154651564,0.36235175782320916,0.29522294741766353,0.3378630083744027,0.37829007191661,0.35429677600068227,0.0,0.3002102919067604,0.3982462593898333,0.3922790961291148,0.4077894576882491,0.4314823505440303,0.0,0.0,0.3994447773202093,0.39135161089094495,0.4177214624182749,0.3025682022719425,0.0,0.0,0.2898803358957266,0.2798981344429338,0.4064688110471291,0.28170200027660963,0.4196487073663703,0.0,0.42718849844460416,0.28236331602231013,0.0,0.44453431573716407,0.38375889528491947,0.40836592090080737,0.38705809759365173,0.0,0.3538322573009396,0.4154088479604089,0.41835563672400145,0.41652430422278913,0.415905901279549,0.39480166335627204,0.41845168787296527,0.3769443811618722,0.35150064621232757,0.3008448559951991,0.0,0.39687969897306064
0.3865465765661794,0.37451230231251154,0.3123228890146718,0.34659229689821364,0.3394826360764896,0.33653986992309093,0.3635329505864604,0.3878391089706819,0.31059601603192766,0.3935836150225583,0.35031538317927025,0.33069191768102285,0.3664984775633462,0.40794200948114,0.3446596766901836,0.35997583168986136,0.0,0.34134194011887237,0.35991113323365453,0.3325464064131386,0.379474375199304,0.37894696730224675,0.321606699985825,0.35735730481381106,0.3503648757492043,0.38396961880715774,0.0,0.37245019150880937,0.3480600724901214,0.36505231397341786,0.36073562160387024,0.3716775914903146,0.3381042097096471,0.38623082674375536,0.42447811348623016,0.38348000022551354,0.3747498649496213,0.34423958306525626,0.45413915575434877,0.4214857633440772,0.4761470419596775,0.48552067424092216,0.4671260646449317,0.3188308857002569,0.0,0.0,0.30104951393781826,0.5230000551458324,0.0,0.4459595154362589,0.46427264646706473,0.46215323963320765,0.45082021908778896,0.517804817622757,0.0,0.49408991858233,0.3560608757109585,0.41494281644786263,0.5033358050720915,0.43161921824439287,0.24923579837148033,0.0,0.0,0.4890396999057131,0.4190263940954766,0.4279173550745437,0.31815688643667955,0.4711010703522517,0.0,0.24750287014088299,0.41555297318746226,0.4635054407543657,0.4407147754055211,0.4184297028168373,0.4390839689183811,0.46720094619097907
0.2983268974216291,0.37506228656237045,0.3679475298948047,0.2542553126804386,0.3398614474766544,0.35390007180346716,0.3409566388449975,0.38641955463939004,0.3825323372385467,0.4092351072330686,0.4117861950775349,0.388539007023292,0.3202558918684747,0.29508060554805976,0.37476664453606373,0.33035767184394654,0.39532855484719676,0.3385219621051721,0.41084262330162996,0.26946333738710737,0.40443994350005746,0.3739228788138631,0.3698259891576582,0.401835612053258,0.3764067827869783,0.32884673241645446,0.37245019150880937,0.0,0.32958248532195183,0.2914257247086098,0.3531482312184381,0.3783543421854969,0.3044282243738366,0.36217188839889836,0.4099302235216221,0.2588221025014553,0.27325391642592706,0.35985133013722087,0.4401545562358786,0.37062556358036236,0.3735318493620984,0.3428759241422936,0.407539427395343,0.0,0.4156845096246358,0.0,0.24922904221911635,0.37657181658007083,0.0,0.0,0.4248789558249341,0.33342131211734527,0.40980048140272113,0.35051068834308136,0.0,0.3506182191156787,0.3096341446666896,0.3560665525669752,0.0,0.422598232076613,0.2527932637100661,0.0,0.2454549140230679,0.3300125350139755,0.4271176010712238,0.4343008293122756,0.30465221025958833,0.4603732584367186,0.0,0.28824418781079114,0.3187334857130424,0.45190056212951885,0.4254347845769202,0.4125299659135304,0.39063964165848447,0.42510898154642046
0.3455891253127175,0.37469458809861167,0.33624092684196805,0.3456402874346987,0.3585487272298838,0.324416999199434,0.3816364683005082,0.36393540312472294,0.34034185026819025,0.3318909382218949,0.3303986334888608,0.3373002365424495,0.38255319004545446,0.0,0.3682866431415062,0.3730152023019388,0.2959951832548195,0.37784619675937314,0.29608845845693477,0.321581822848516,0.3847752325685902,0.3569946207049716,0.35349875794317936,0.33225936022370456,0.3592454959626042,0.34623676549392524,0.3480600724901214,0.32958248532195183,0.0,0.332208762183784,0.33844147409034664,0.37397262859081914,0.32426479458750285,0.3760127364310888,0.42946020620939646,0.43105719314968205,0.4020915659407904,0.34806048672613565,0.43048788855584363,0.3594921665335499,0.44221213969024104,0.43532284936790117,0.3975029268659817,0.3439698076272437,0.0,0.0,0.32285505501016903,0.3948831279321863,0.0,0.35185407362979276,0.42396448658751706,0.3400297730598406,0.4315508618070246,0.3566496119671596,0.0,0.3901090615796077,0.0,0.3764383095245654,0.0,0.41313576519733125,0.24495910265595125,0.0,0.25966705442513927,0.40132945352380794,0.3954497669944066,0.4230720266549737,0.3749400415557001,0.457263583044909,0.0,0.2462233918019296,0.34862657763644966,0.4422924845379268,0.42223774798040054,0.40783487179527994,0.40486761880425204,0.42995504383692384
0.0,0.0,0.36181239705396057,0.0,0.0,0.3735428987119825,0.0,0.3646329678167677,0.339062026237408,0.3559169009828658,0.0,0.0,0.34053706910868586,0.0,0.3688269556900553,0.30397544004546967,0.30787599251332576,0.2881189034818397,0.0,0.2486265099928421,0.0,0.348774423087759,0.3583133749379563,0.0,0.31302609788321656,0.2561940151973713,0.36505231397341786,0.2914257247086098,0.332208762183784,0.0,0.3101810907410416,0.4016821517938877,0.26796337670984843,0.35556880196285956,0.3853400181210843,0.4371151925891001,0.3270623460528221,0.3480094571742519,0.0,0.0,0.0,0.393462384890182,0.0,0.0,0.0,0.0,0.0,0.0,0.0,0.0,0.38626956775990096,0.0,0.0,0.0,0.0,0.0,0.0,0.30897784556848623,0.0,0.0,0.0,0.0,0.0,0.0,0.0,0.0,0.0,0.461366475777167,0.0,0.0,0.0,0.451971096877125,0.372009203905163,0.39243091094062793,0.0,0.0
0.31251101782861523,0.3062997536092525,0.39035804101652793,0.3279165312962804,0.3909228125778755,0.37842482576065045,0.37250457952602956,0.4125750718150529,0.41548321120238924,0.3385818480421161,0.44282842610101697,0.3468964032652868,0.36260099171365684,0.0,0.37225844331442143,0.2954600964881678,0.3331827462094997,0.315188181659264,0.4211470471338508,0.3390989845976986,0.34356885203800813,0.3233545099606523,0.37775552077222546,0.3432765775814191,0.3232419989321289,0.3233848154651564,0.36073562160387024,0.3531482312184381,0.33844147409034664,0.3101810907410416,0.0,0.3764019417948897,0.29350130423742565,0.27852547556225676,0.2705191858471992,0.39380072550452566,0.0,0.310089340430489,0.39120969086783386,0.3828456812922101,0.364184850839408,0.3460832495205651,0.0,0.0,0.3081727140441123,0.3314351286488383,0.38171203549627397,0.4194190604458026,0.0,0.0,0.38994661519883195,0.34149441462890207,0.46839241550335775,0.3655628848167061,0.4107375950389069,0.0,0.4293983508664005,0.2920342392225267,0.0,0.4428454671445036,0.36951467741512767,0.3880407955899515,0.3621084243679527,0.0,0.4169353221819686,0.3814976973503281,0.3903886960095421,0.481684700392972,0.4004517518175961,0.3718900862808006,0.3994842888354808,0.4645275231682511,0.4119508476158701,0.3452320977389365,0.0,0.33054014629498524
0.3640970119979571,0.3606474736993228,0.3465345362087003,0.2903211273411362,0.32933364941937043,0.36637960583773505,0.37728881610522214,0.35922697830419154,0.3839464690995708,0.3653419328414861,0.36793163496963266,0.2584473109853266,0.37786883387508513,0.3014816226670597,0.3811812077176679,0.37994256513619373,0.3622808490199721,0.304937862569358,0.3786329173879556,0.39101203117954964,0.3743712734894134,0.3816179204128757,0.3630272199038643,0.3081834884431158,0.3553190846802413,0.36235175782320916,0.3716775914903146,0.3783543421854969,0.37397262859081914,0.4016821517938877,0.3764019417948897,0.0,0.30989837370262224,0.34843044188793304,0.35387288612966344,0.2690094769488366,0.31055349158973194,0.27577668908626835,0.2380294765439944,0.28845951565577194,0.33434565242457004,0.32117999805222497,0.28312527632052503,0.25605410703313625,0.27161140011631724,0.35934693567744114,0.39904570226811614,0.42987709386807404,0.29174627771319206,0.3702620369690018,0.457818101581329,0.33027629190408475,0.4421377749321561,0.4308631490197098,0.30408890143306205,0.39952763481665754,0.25856150900096336,0.4152447077402829,0.0,0.4439984959044388,0.3246793469634928,0.3657716874018101,0.3793117614118893,0.42284634298268986,0.4168229575880622,0.42215997530484356,0.41183794626247894,0.46520048228552197,0.2740107892862647,0.367819901083674,0.4146700367549144,0.46130362435843636,0.34995043316016866,0.4329598041280577,0.4448297115269196,0.43296003258398846
0.2669120901268754,0.2773453001000245,0.0,0.0,0.32175353788018524,0.329037540740347,0.33244419256401725,0.0,0.3253837686411492,0.3125625015651269,0.36474811110600575,0.27525546023891795,0.34823155514203413,0.0,0.35141516558445535,0.31108154288080775,0.2879947861652967,0.26344466202565525,0.0,0.3422033945131057,0.32060164810807995,0.32734344409282756,0.3218990067243247,0.20655011181070662,0.26949368888502895,0.29522294741766353,0.3381042097096471,0.3044282243738366,0.32426479458750285,0.26796337670984843,0.29350130423742565,0.30989837370262224,0.0,0.26048880164270366,0.3658003918617378,0.272296883475345,0.3686469554071752,0.16649901631581424,0.2683421692533677,0.22652096207102201,0.3187034301877056,0.29151314458690475,0.22299580252801354,0.0,0.19571984105039336,0.37262707982642534,0.3842339895705376,0.0,0.0,0.0,0.3495450639990936,0.0,0.0,0.0,0.34154533569970863,0.0,0.3284989596304786,0.3204666071607705,0.0,0.4344941647007115,0.3613310912913847,0.3602431759810152,0.32297345468272787,0.0,0.3617658987248839,0.374207146864749,0.403278446381414,0.0,0.30459985784297366,0.36021471067967886,0.39002042391463887,0.0,0.0,0.3441939721418648,0.0,0.35516501784950355
0.29338317163038696,0.31517088921492425,0.3915969936802584,0.3090979511479568,0.3916396703338976,0.3927754134271674,0.36126071266579723,0.4207147440579967,0.4201331598130935,0.3376283524011411,0.4407640329386677,0.2977805979290941,0.3780349008931844,0.41460796712563663,0.38760768997591394,0.31599959421058776,0.34731826405484456,0.3294201609505488,0.42719841690377935,0.37821566485472796,0.36404876103064227,0.3624884825597832,0.39562830470322036,0.27153488010380517,0.3278848485361896,0.3378630083744027,0.38623082674375536,0.36217188839889836,0.3760127364310888,0.35556880196285956,0.27852547556225676,0.34843044188793304,0.26048880164270366,0.0,0.3191291896725094,0.3817303708082687,0.31113912532468746,0.2345549160195967,0.32535526572455936,0.32711361456058474,0.33394261972480027,0.3202402779155368,0.33571960316209165,0.2830520672022854,0.29905738854914454,0.3485532390650743,0.39550446401255307,0.3731470686931876,0.0,0.3062309739116494,0.44429636911447445,0.3062687969419715,0.4666130700271079,0.37976412301856827,0.37426585676794133,0.35665413822483394,0.3637158631165788,0.3250509322523662,0.0,0.45114889915023176,0.3666145920311819,0.3779498976922833,0.3631861666204041,0.3451862339856089,0.43022243568068197,0.39815187665044677,0.4135706658743472,0.4908609685802995,0.40879833240633806,0.3809421044614385,0.4117752582511283,0.4802726094586478,0.37498018645693515,0.40498432925834266,0.0,0.3507376664372243
