0.0,0.29657541208439786,0.0,0.0,0.0,0.22480399988889707,0.21408112992013148,0.4184490137795123,0.22358254553998583,0.31324011213361985,0.0,0.32230312111662834,0.25213566117857317,0.0,0.3016661025047279,0.29245189877311795,0.0,0.2870751136114445,0.0,0.3226049111220223,0.32649864614856194,0.3172833883681436,0.38947600282723266,0.30577641530565075,0.29331085253486955,0.2838432890615343,0.35499132941005773,0.2837503755064058,0.3119677837033928,0.0,0.28862280843314764,0.33607694815753536,0.24249977632546565,0.26937507926851223,0.34716757756219957,0.0,0.0,0.3199903795492356,0.36195494486799246,0.3109896759043838,0.3427306638422407,0.0,0.0,0.0,0.0,0.2810079150557919,0.3587679409628904,0.0,0.0,0.0,0.2579317131309709,0.0,0.0,0.0,0.3545632181018663,0.0,0.0,0.24708639521937234,0.0,0.0,0.33838347793761675,0.0,0.3014682564708513,0.0,0.0,0.30701592040751047,0.35725606596988807,0.0,0.0,0.33586743101932953,0.3515640253435569,0.0,0.0,0.32360081045719197,0.0,0.3014525346931057
0.29657541208439786,0.0,0.2515819650560805,0.0,0.2939930761079275,0.33852794118112084,0.2741626338522116,0.354942300839135,0.25332619571763465,0.18286820056453015,0.0,0.21807742533087823,0.3502821472702305,0.0,0.33424074034589907,0.3051495889295701,0.0,0.30852688463948413,0.0,0.34622358602799147,0.30264703053796177,0.3092343589781603,0.34228555404946776,0.27990614219666404,0.30274016770253603,0.32288731647829577,0.3464910723107577,0.34634137028502204,0.34648849613347305,0.0,0.28482259378155717,0.33468037221882224,0.2567412777370586,0.29268901547599724,0.356265227010199,0.0,0.0,0.0,0.37258975364497454,0.3539287972088288,0.3674774063070011,0.3890710157994948,0.0,0.0,0.0,0.3465684767789845,0.37525620862497705,0.0,0.0,0.0,0.24186303466623263,0.22277986337408293,0.0,0.2422144233597101,0.2279869778457173,0.0,0.0,0.19400084247083432,0.0,0.3738948249443027,0.34908924193110147,0.0,0.31889101677012205,0.0,0.3221009177619497,0.33547400699708146,0.3717470271602803,0.32519312188001326,0.3546876759898842,0.3408993166769714,0.3683183304410122,0.28107547113107617,0.21453816339250226,0.2915234543105525,0.0,0.32763357235354057
0.0,0.2515819650560805,0.0,0.25929681911943675,0.3148910543384679,0.3266447226751506,0.3350915907953264,0.40746771661581965,0.2578215503924388,0.3124183045439106,0.27941964886809945,0.2453448189395631,0.330649768147573,0.36220723285874906,0.0,0.24046760730469433,0.0,0.0,0.2380692414437994,0.0,0.28123162106740124,0.30381848554352336,0.3299563275064869,0.0,0.19641312504019898,0.22874953399448017,0.28994275764282773,0.3366359822821167,0.2984698990050239,0.32564120013618025,0.3570721003630142,0.31531853024782613,0.0,0.35626736174439205,0.380134830320626,0.3493365544390474,0.3248623603853437,0.24305801519784948,0.3853321291264994,0.0,0.3666770003060423,0.3091108751090568,0.40557324318464294,0.27943655217442304,0.0,0.0,0.0,0.2811280675990307,0.0,0.3618499057102069,0.4645078314526351,0.2963627788548235,0.47238006477315014,0.4632980318612685,0.0,0.32016205730250985,0.0,0.3496410357190022,0.4556700342292048,0.0,0.0,0.0,0.0,0.2672177299010111,0.0,0.3427905673099076,0.0,0.47590498177968465,0.0,0.0,0.0,0.4706285882554367,0.3224585515994036,0.2679894877909809,0.0,0.3748585192016486
0.0,0.0,0.25929681911943675,0.0,0.23073797077420105,0.3252574858250915,0.262895412933041,0.29915491467303695,0.3349447281362451,0.31067018928781076,0.2925856396647652,0.23230855267995906,0.2991528713312307,0.24585350399380843,0.0,0.0,0.0,0.0,0.32020905018769474,0.0,0.0,0.0,0.31503592431589966,0.0,0.0,0.0,0.308482596007295,0.23433096117834035,0.296294824604117,0.0,0.2993493205703584,0.2670179912023077,0.0,0.28236069579060963,0.2643450466823452,0.18902223345792762,0.1732390067882258,0.29955864590888814,0.0,0.0,0.0,0.0,0.0,0.0,0.0,0.0,0.0,0.0,0.0,0.0,0.2966954831073537,0.0,0.0,0.2873557890624588,0.0,0.0,0.0,0.0,0.0,0.0,0.0,0.0,0.0,0.0,0.0,0.0,0.0,0.2623119921732216,0.0,0.0,0.0,0.26370703616239666,0.0,0.0,0.0,0.0
0.0,0.2939930761079275,0.3148910543384679,0.23073797077420105,0.0,0.297675592684666,0.28151904503334135,0.31554530296599775,0.26533529934855843,0.38773461432959405,0.2798198150692338,0.343998432373055,0.30786122562982243,0.2616101053822647,0.0,0.2680826633824538,0.3503400846405832,0.27511192627784004,0.29945356835615444,0.3383382175242907,0.2419895766572873,0.3413563619567618,0.31180883671866655,0.3417061046201186,0.24756685158648226,0.2567176227900447,0.3124479575994711,0.3136588297924695,0.3311761129452724,0.0,0.3590728922980406,0.30393820688023343,0.2849315372064865,0.35852766649470524,0.3587745016091362,0.20482724876576572,0.2067083798550198,0.3264987025367477,0.2667245261435981,0.0,0.25404041762690016,0.27619856818983857,0.3171898981833566,0.0,0.0,0.0,0.0,0.3062192434552633,0.0,0.2661767836330141,0.32556780976180233,0.23761826776545586,0.490658376773772,0.3068647343702284,0.0,0.34062912856624633,0.0,0.20956284931235253,0.33342100171066996,0.27275729363461826,0.0,0.0,0.0,0.3294464229365906,0.0,0.0,0.255708399668914,0.37839075761303054,0.0,0.0,0.2532416248166088,0.3797205350735829,0.0,0.0,0.0,0.0
0.22480399988889707,0.33852794118112084,0.3266447226751506,0.3252574858250915,0.297675592684666,0.0,0.32404775080038206,0.3416371826012637,0.2601766716618667,0.38191581706562,0.2941684740778059,0.2752531848192695,0.33232169193239713,0.34261590587091856,0.3295403532886013,0.332448728295778,0.2450308872658114,0.319081387032814,0.2758134306720176,0.33819654599834564,0.309895175413387,0.3438883055502792,0.3042698720237835,0.26271012103147456,0.3183411074881019,0.3356585030132033,0.3105393924124136,0.32508729094542616,0.29774913284248866,0.3437521659471106,0.34570167464883,0.33585576901755954,0.3029971907127229,0.3597742501123005,0.3806503371657597,0.35146078795124824,0.35115658999100297,0.29754885897098216,0.42281789475951864,0.24528510385038296,0.43894859166027383,0.3697040598883735,0.391349355136315,0.24840725749410172,0.306184212264525,0.0,0.19340270954943142,0.46284558316039875,0.0,0.3312397088771078,0.4207382263811072,0.3598462106088526,0.40086097798909565,0.46265527621334607,0.31703263144348826,0.3749532269213689,0.3060111423025348,0.369366654624595,0.3819082630706223,0.31824158885063997,0.18794456841367793,0.0,0.21599421137892327,0.44045129353741463,0.3516203513380705,0.36769993565044085,0.12722946601180826,0.4282237598623738,0.0,0.1936581934753131,0.2528066086054245,0.42536368550558884,0.4089913089330963,0.3834797126059992,0.3809144090907678,0.434299632265244
0.21408112992013148,0.2741626338522116,0.3350915907953264,0.262895412933041,0.28151904503334135,0.32404775080038206,0.0,0.3514637810828173,0.2994123468616614,0.3729327752095158,0.35915665485741316,0.3346920901093879,0.28053255699750473,0.29431734752961514,0.0,0.2870085335032653,0.35500555221197233,0.2980904736196575,0.3679900232589953,0.33581862203012197,0.28093926576170186,0.3500535183562231,0.3368364350261305,0.34760531581747195,0.2857648469591062,0.2572426831795429,0.33343431020177494,0.31533834920421644,0.35006406017541014,0.0,0.34299917432070426,0.3485386669281587,0.29595027603402047,0.33202418846409165,0.360278471065285,0.2819085029754898,0.2823862025063695,0.3420538311088764,0.20420828272982036,0.0,0.216660393751888,0.25212652868642366,0.24928245968974164,0.0,0.28576283958515847,0.0,0.21455112555003905,0.37448000966563116,0.0,0.0,0.3188019039018169,0.0,0.33510456704437697,0.31241065587572686,0.0,0.0,0.26743377981518923,0.23899190747806792,0.0,0.2629411302701329,0.23349133363117397,0.0,0.0,0.0,0.0,0.0,0.22396898769462,0.41608259931844144,0.0,0.0,0.20501860678783682,0.35539535668423594,0.23086187194215066,0.25008698045871586,0.0,0.28108575575329603
0.4184490137795123,0.354942300839135,0.40746771661581965,0.29915491467303695,0.31554530296599775,0.3416371826012637,0.3514637810828173,0.0,0.40540971068154624,0.3429590089148694,0.3056399604540308,0.3413761053069538,0.35238226482819845,0.34040592847466866,0.35161350609756586,0.33670081940925306,0.0,0.3730135739815487,0.3591752173799276,0.32773479980864906,0.3253138310535094,0.3370625484470828,0.31861750616834744,0.4277391719040882,0.36815129757210785,0.38913274553722355,0.35733639556871943,0.3561270358690995,0.3342298454033613,0.3291163175333953,0.3798081579777554,0.3295977403762827,0.0,0.38723471919593566,0.39932406277178933,0.26263287549862396,0.22341049735048343,0.30852939981530814,0.40789067775041715,0.0,0.4348192987608846,0.47337670246814334,0.33380761502426665,0.0,0.0,0.0,0.0,0.4595613627297502,0.0,0.3346996826935678,0.3816058048414267,0.3979326833512566,0.3910570112949593,0.44820084192269527,0.0,0.3889794055214141,0.0,0.3896165245288464,0.383001680426814,0.41470644136334395,0.0,0.0,0.0,0.4290384524238634,0.4103299849821333,0.41396846594738895,0.0,0.4187811191943937,0.0,0.0,0.0,0.4223671915770848,0.39828130804773165,0.38048210441746155,0.0,0.4224258734338857
0.22358254553998583,0.25332619571763465,0.2578215503924388,0.3349447281362451,0.26533529934855843,0.2601766716618667,0.2994123468616614,0.40540971068154624,0.0,0.38774163063164224,0.2641385873903286,0.3091659537130342,0.3052959195254514,0.32580004828536296,0.24874312185198935,0.24639587215423067,0.2599263292313321,0.2230806618987541,0.22686223367750388,0.31953867540281894,0.2501621726614988,0.3036954685013775,0.3291763832417912,0.29127186960918855,0.14846524325079297,0.1858388677154759,0.28526287303223113,0.34922686588094715,0.3119319314480319,0.3129114684759644,0.37977684119374766,0.35016622305104733,0.2768044777295698,0.38326779332121386,0.37797917020862104,0.3492840352457679,0.3581841681431177,0.34259624023846874,0.3938500033981963,0.25721095163591473,0.2677584246953982,0.2379517713603703,0.4165893120885847,0.26478410645864064,0.2912122866343379,0.0,0.23106148133691087,0.48439216222405074,0.0,0.33532105233729415,0.455303582905725,0.33922597093216655,0.47059723850462093,0.4595126192565823,0.0,0.45007201112360296,0.3043270446963663,0.33596795344271413,0.4469068610722646,0.26438165191928165,0.22070738091202027,0.0,0.0,0.46057599703626584,0.2715986714607934,0.3311955685672977,0.24178543930252194,0.4729097062169349,0.0,0.22392265383624377,0.2392386457833926,0.47110686950046765,0.3265325364146585,0.27649394997087207,0.0,0.32100377094081967
0.31324011213361985,0.18286820056453015,0.3124183045439106,0.31067018928781076,0.38773461432959405,0.38191581706562,0.3729327752095158,0.3429590089148694,0.38774163063164224,0.0,0.398175890628035,0.26366852192581264,0.3896581722368639,0.3727902018204748,0.0,0.23635321321046798,0.2800325523261483,0.2475371242254213,0.38900223585125193,0.2180713890936642,0.0,0.21903334406066177,0.3416709321300434,0.2833229845768424,0.28936298484132394,0.2743397124961996,0.33432852546186853,0.37816385479195785,0.26780685355563355,0.2995907370104674,0.3148925141664067,0.33999098323422766,0.2875860574993165,0.3087914072981719,0.30516158469339894,0.3103200442108983,0.2543914030721651,0.27485758887424816,0.24584172554544143,0.308197641116903,0.34461258975813686,0.32915962887863004,0.0,0.0,0.32883035076073674,0.0,0.0,0.0,0.0,0.0,0.29706973877117154,0.0,0.0,0.0,0.38513033107596367,0.0,0.39615886267097467,0.34358369535775934,0.0,0.0,0.2596261006365323,0.3367605325735216,0.29276281265586707,0.0,0.0,0.0,0.0,0.26981446507441226,0.35504695060354785,0.3323774217872728,0.3704034938634082,0.2925921771949173,0.3937962521198898,0.0,0.0,0.36592383239859944
0.0,0.0,0.27941964886809945,0.2925856396647652,0.2798198150692338,0.2941684740778059,0.35915665485741316,0.3056399604540308,0.2641385873903286,0.398175890628035,0.0,0.3598724281803013,0.37210875973223595,0.28899391167711636,0.0,0.0,0.30968923080905425,0.2766520453126849,0.2293033731770554,0.0,0.0,0.0,0.3153786604080622,0.34616357932762615,0.3067608882832524,0.254235587777864,0.3252713986825109,0.3767633143192663,0.27693786588210173,0.0,0.40578094592577224,0.3370288067200002,0.3268293039810104,0.4031746669961491,0.38064102676445605,0.27411641619942473,0.31409817393989814,0.3528781731409405,0.33150017922851566,0.0,0.2699603724863776,0.2771015011590008,0.36262640790326306,0.0,0.26937327566947955,0.0,0.0,0.33683306969719246,0.0,0.3206475316410279,0.3968284128732716,0.337956483965843,0.3921460128552721,0.42248065364543363,0.2844290363232436,0.30368376494932037,0.2806153686003235,0.3286076972450014,0.4006088553982062,0.0,0.0,0.0,0.0,0.26741161533462504,0.0,0.0,0.0,0.4220940708209309,0.0,0.0,0.0,0.43470914272806954,0.29476282130618153,0.0,0.0,0.31929750759812825
0.32230312111662834,0.21807742533087823,0.2453448189395631,0.23230855267995906,0.343998432373055,0.2752531848192695,0.3346920901093879,0.3413761053069538,0.3091659537130342,0.26366852192581264,0.3598724281803013,0.0,0.39907935609483025,0.27170040739479867,0.0,0.23653089353390722,0.30451944686426313,0.21046759233827717,0.2944712333224868,0.2564572009416752,0.33743072806085994,0.0,0.2859318018534865,0.2678550998542372,0.30399892333762457,0.27457596314272287,0.26578351155333546,0.359830786538579,0.2720186513990724,0.0,0.32139932875286914,0.2374374895085314,0.25023455248326326,0.27849781263257517,0.2942361019954567,0.26946206561671043,0.2615375334417904,0.2153302982952993,0.23996819011401735,0.26390525913381424,0.31660113566668463,0.2999855534885592,0.25736745125993266,0.2251959465896013,0.27743669720251385,0.32003813073904613,0.25534092897773725,0.30630520839069,0.1912409969458949,0.300152584861636,0.0,0.26022881694348415,0.270195762541818,0.3243596841905603,0.3875549491925286,0.3182826999487712,0.3975137066620085,0.2780679426860012,0.46184106217090465,0.0,0.2932058265112567,0.3107781296787873,0.31519130636785603,0.2876656624260277,0.31153880329084127,0.0,0.0,0.0,0.37086317575247923,0.340284771490849,0.3730521956691073,0.0,0.2523931041038626,0.0,0.0,0.3272159525422023
0.25213566117857317,0.3502821472702305,0.330649768147573,0.2991528713312307,0.30786122562982243,0.33232169193239713,0.28053255699750473,0.35238226482819845,0.3052959195254514,0.3896581722368639,0.37210875973223595,0.39907935609483025,0.0,0.31479430691788574,0.36387406173598036,0.3633726301185524,0.37351587975079753,0.31086999712500746,0.37233596518017104,0.34629856975477863,0.3352446249446666,0.3624600936529994,0.33514055954896455,0.40989110916584287,0.34587429392343244,0.345356535124868,0.33666664032669136,0.29808714662907365,0.3542815547237891,0.3164369043761793,0.3346250900802501,0.34837342784719977,0.3105853704498448,0.34811303635181273,0.3664096966693373,0.3120443336221275,0.31876830925274885,0.3572316520289121,0.3142408895270351,0.28636410909509785,0.23922251127493013,0.2509346055088537,0.30711647292385835,0.2081191059385816,0.3102450660664398,0.2471218044878399,0.20283819928003985,0.33684776982423537,0.0,0.0,0.3180642094202025,0.25048230173133895,0.3721914915550304,0.28603792008470125,0.3736823858512752,0.31567904256653967,0.30730217136034826,0.16034536509871603,0.0,0.2591724820661894,0.20788539774571954,0.0,0.2255084892589827,0.30861911447651375,0.29319868545417976,0.3202118346422426,0.20453253960164017,0.4191195625969028,0.0,0.21599042911572006,0.20939450790018813,0.3954421131049731,0.1529457036840951,0.30553223288206005,0.0,0.28495831672025
0.0,0.0,0.36220723285874906,0.24585350399380843,0.2616101053822647,0.34261590587091856,0.29431734752961514,0.34040592847466866,0.32580004828536296,0.3727902018204748,0.28899391167711636,0.27170040739479867,0.31479430691788574,0.0,0.0,0.0,0.0,0.0,0.32360973384273545,0.0,0.0,0.0,0.3505164915728566,0.0,0.0,0.0,0.37699032307598884,0.266531213849889,0.0,0.0,0.0,0.27240752957621683,0.0,0.37248378284857214,0.0,0.21886828937113656,0.17415732852065202,0.2796740197466448,0.0,0.0,0.2938935678815713,0.0,0.0,0.0,0.0,0.0,0.0,0.0,0.0,0.0,0.0,0.0,0.0,0.0,0.0,0.0,0.0,0.0,0.0,0.0,0.0,0.0,0.0,0.0,0.0,0.0,0.0,0.0,0.0,0.0,0.0,0.0,0.0,0.0,0.0,0.0
0.3016661025047279,0.33424074034589907,0.0,0.0,0.0,0.3295403532886013,0.0,0.35161350609756586,0.24874312185198935,0.0,0.0,0.0,0.36387406173598036,0.0,0.0,0.32288259178213585,0.0,0.3134639252488704,0.0,0.311351634724589,0.31791675987199136,0.3117426038926228,0.311186651402247,0.3372590009718883,0.3099839711482577,0.2890768550220703,0.32212467616964624,0.34600919842737216,0.3406618438387436,0.3334686240455553,0.3445015527339764,0.3538060372411352,0.32424808914144326,0.3591276623707793,0.398734267021971,0.0,0.0,0.0,0.40864001629496666,0.4031455954182886,0.40036952243343643,0.4488087596443859,0.0,0.0,0.0,0.0,0.3888089637071109,0.3123501010638729,0.0,0.0,0.35243539993663864,0.0,0.0,0.0,0.0,0.0,0.0,0.29939710340316616,0.0,0.42255553220535524,0.2693388157806246,0.0,0.0,0.0,0.39485593001941116,0.3879005028031052,0.40702929167183827,0.4025980659359189,0.0,0.2528667408176607,0.381268052537874,0.39497820990255395,0.3406964324710446,0.3818022898183069,0.0,0.36058578859060597
0.29245189877311795,0.3051495889295701,0.24046760730469433,0.0,0.2680826633824538,0.332448728295778,0.2870085335032653,0.33670081940925306,0.24639587215423067,0.23635321321046798,0.0,0.23653089353390722,0.3633726301185524,0.0,0.32288259178213585,0.0,0.28711365467637556,0.2989947883118633,0.0,0.3357529735779742,0.31554831601453687,0.3041064485422743,0.3395432481132236,0.2808689865224573,0.2845348323976489,0.30010154417744644,0.332605398506121,0.3036828688859424,0.34510386235338314,0.2698956882027979,0.2709868630152143,0.35230637927641323,0.2861866081814066,0.2925603984249971,0.35824031926787775,0.0,0.0,0.0,0.3672023697354563,0.3360915252351236,0.3424454932908645,0.36638084921476805,0.0,0.0,0.0,0.34844231675941006,0.3508891023765834,0.0,0.0,0.0,0.19085412440468458,0.0,0.0,0.0,0.24437611156937425,0.0,0.0,0.2108533279051655,0.0,0.3530733696056164,0.3397319782200856,0.23918492681767795,0.3005721943767276,0.0,0.2728508764794006,0.0,0.33838759767069937,0.0,0.3242318947908369,0.3421020668310532,0.3526898886069629,0.23737546291276945,0.2063454632616148,0.23360848743929352,0.0,0.32290820122843517
0.0,0.0,0.0,0.0,0.3503400846405832,0.2450308872658114,0.35500555221197233,0.0,0.2599263292313321,0.2800325523261483,0.30968923080905425,0.30451944686426313,0.37351587975079753,0.0,0.0,0.28711365467637556,0.0,0.26363829395361765,0.26169497443153933,0.24821538961528625,0.0,0.2837790232384675,0.0,0.3149897521396243,0.2847097029655254,0.28788002192335166,0.0,0.3654198514722841,0.25683779411702173,0.28713092113860844,0.30939010745240575,0.33483427965203283,0.2653159559127618,0.3213659777880754,0.3172278422992458,0.0,0.0,0.27676226161728246,0.0,0.33413708758247457,0.3476678204181126,0.3495792580163648,0.0,0.0,0.32723698511011673,0.0,0.0,0.0,0.0,0.0,0.0,0.0,0.0,0.0,0.38256831159092525,0.0,0.3836348706924739,0.0,0.0,0.0,0.0,0.31397685703895434,0.3009606270701792,0.0,0.0,0.0,0.0,0.0,0.36291086924049765,0.3539838301237185,0.3740679831794946,0.0,0.0,0.0,0.0,0.34817797714909515
0.2870751136114445,0.30852688463948413,0.0,0.0,0.27511192627784004,0.319081387032814,0.2980904736196575,0.3730135739815487,0.2230806618987541,0.2475371242254213,0.2766520453126849,0.21046759233827717,0.31086999712500746,0.0,0.3134639252488704,0.2989947883118633,0.26363829395361765,0.0,0.2719234633857593,0.3304588367926412,0.30611712349199016,0.31837351039017053,0.319230407238554,0.2851273303350654,0.27286090529717655,0.28444734389998577,0.31525526443864704,0.30922891707837574,0.3488693818353685,0.2556861308396555,0.2906973166839217,0.2797779258089198,0.24212613110910852,0.3039222633567509,0.29646532106839135,0.0,0.0,0.0,0.3549455960446464,0.3357802955697165,0.35521462580727636,0.35899135920987696,0.0,0.0,0.0,0.339743295605489,0.34231779200056656,0.0,0.0,0.0,0.2080555356064761,0.0,0.0,0.0,0.3569342346903318,0.0,0.34825142360452327,0.28025263618382856,0.0,0.0,0.33700617924343085,0.305153901867863,0.3282474582572245,0.0,0.22822879929722828,0.0,0.3099552682212469,0.0,0.3349683763569554,0.3396205234288058,0.3618523328066089,0.23444726184522421,0.0,0.1931745330303515,0.0,0.34190327215840427
0.0,0.0,0.2380692414437994,0.32020905018769474,0.29945356835615444,0.2758134306720176,0.3679900232589953,0.3591752173799276,0.22686223367750388,0.38900223585125193,0.2293033731770554,0.2944712333224868,0.37233596518017104,0.32360973384273545,0.0,0.0,0.26169497443153933,0.2719234633857593,0.0,0.0,0.0,0.0,0.2824868756083651,0.2874136786863578,0.255636274837039,0.2531518043945231,0.3353837044276191,0.3764917535787397,0.28474629132102425,0.0,0.38403095229685397,0.3469461518298343,0.0,0.387211099978551,0.3749964449381339,0.33428493722468483,0.3417025256030615,0.3245286149524428,0.37889289360274914,0.0,0.29198007348536464,0.26585731329710677,0.3762305391456292,0.3349667046644636,0.0,0.0,0.0,0.295801644857996,0.0,0.33626296849794335,0.4388253512275152,0.35057237901470106,0.4583394151253194,0.4703465838227073,0.0,0.44737584260468577,0.0,0.3156322890292961,0.4087091593943043,0.0,0.0,0.0,0.0,0.4590747310815548,0.0,0.0,0.0,0.45450042482765635,0.0,0.0,0.0,0.46328464140027426,0.27674613372669066,0.28646329203583293,0.0,0.34189548208906184
0.3226049111220223,0.34622358602799147,0.0,0.0,0.3383382175242907,0.33819654599834564,0.33581862203012197,0.32773479980864906,0.31953867540281894,0.2180713890936642,0.0,0.2564572009416752,0.34629856975477863,0.0,0.311351634724589,0.3357529735779742,0.24821538961528625,0.3304588367926412,0.0,0.0,0.3500480504504469,0.32161620623384174,0.28217502855965765,0.0,0.3310850256443564,0.335989571862123,0.3089023313782143,0.24969871140060065,0.29880997394581776,0.22696186057214776,0.3140821564262211,0.3639107750151864,0.3186074752430169,0.3516664798614948,0.4021349818292785,0.0,0.0,0.0,0.3830238553516381,0.2946362361022823,0.33685765253582983,0.4171123623310954,0.3475980676869771,0.0,0.0,0.31675142846993626,0.26981372490784733,0.0,0.0,0.0,0.3459900090771196,0.2529176698774099,0.0,0.291053004953081,0.0,0.0,0.0,0.2759841634850517,0.0,0.38525774244704303,0.17739846701361098,0.0,0.19212701624024398,0.0,0.38317763576237607,0.3775013097536322,0.3787909156500834,0.4011962212350042,0.0,0.19019896302565772,0.3626990777770988,0.4044586208460538,0.27659093791747147,0.33630268235662175,0.0,0.35885192479019357
0.32649864614856194,0.30264703053796177,0.28123162106740124,0.0,0.2419895766572873,0.309895175413387,0.28093926576170186,0.3253138310535094,0.2501621726614988,0.0,0.0,0.33743072806085994,0.3352446249446666,0.0,0.31791675987199136,0.31554831601453687,0.0,0.30611712349199016,0.0,0.3500480504504469,0.0,0.33468904269917765,0.33933877915373684,0.397929720108581,0.2921678815464233,0.30843617315248345,0.348479545780566,0.3728505326328463,0.3530138580311884,0.0,0.30775435186666306,0.3436302370827057,0.29460694377506474,0.3350503750989666,0.3922506996026404,0.0,0.0,0.3164240587520992,0.39572513944698245,0.334679487232082,0.38403539395426894,0.45196159997429397,0.0,0.0,0.0,0.31353919944422065,0.4012714279843837,0.0,0.0,0.0,0.3739243696503503,0.0,0.37024441307640904,0.3561272021715549,0.0,0.0,0.0,0.30540820593871354,0.0,0.3901542851101993,0.33672105573050837,0.0,0.0,0.0,0.36269350761803865,0.32310470302262817,0.39026284797322114,0.380409427874952,0.0,0.27898775005669785,0.4178774127190163,0.3729665008801758,0.3494073698527063,0.3743991079773003,0.0,0.3479784535941766
0.3172833883681436,0.3092343589781603,0.30381848554352336,0.0,0.3413563619567618,0.3438883055502792,0.3500535183562231,0.3370625484470828,0.3036954685013775,0.21903334406066177,0.0,0.0,0.3624600936529994,0.0,0.3117426038926228,0.3041064485422743,0.2837790232384675,0.31837351039017053,0.0,0.32161620623384174,0.33468904269917765,0.0,0.3586303823106192,0.23818120834990641,0.3094760164942752,0.32753300561016335,0.3515221811901189,0.34853381679785905,0.3312330985931188,0.32402039011465295,0.30029120735054315,0.35463026124820257,0.3051944360212444,0.33731874586717214,0.39805166413849596,0.0,0.0,0.0,0.38321316718946696,0.3717846418515866,0.38879485787304613,0.4266123712172479,0.4068726887037197,0.0,0.0,0.32196622664445107,0.37685943293252105,0.2637427749631938,0.0,0.0,0.27109328482819567,0.21506360816640122,0.0,0.2383576220573605,0.23901131034092163,0.0,0.0,0.2006475614144812,0.0,0.41833593885295334,0.31073339873190337,0.0,0.21420264367889671,0.0,0.3815948127249454,0.38981400898796853,0.38445342354735734,0.40516909166729065,0.0,0.27670219631086035,0.3977323868639377,0.3351117823815136,0.24628724682209052,0.3465728255386857,0.0,0.33680222560283457
0.38947600282723266,0.34228555404946776,0.3299563275064869,0.31503592431589966,0.31180883671866655,0.3042698720237835,0.3368364350261305,0.31861750616834744,0.3291763832417912,0.3416709321300434,0.3153786604080622,0.2859318018534865,0.33514055954896455,0.3505164915728566,0.311186651402247,0.3395432481132236,0.0,0.319230407238554,0.2824868756083651,0.28217502855965765,0.33933877915373684,0.3586303823106192,0.0,0.40242928386380566,0.32642484966262425,0.3489937670039026,0.2992048658925487,0.3411943949473296,0.32596312919515663,0.3311074425484346,0.34824764344843456,0.3339585486417051,0.29554368454539764,0.36460419301774477,0.36745834870521554,0.32747738087601214,0.29250950675152676,0.31606673407936625,0.4232306721401522,0.0,0.4411439720273381,0.4421433384864509,0.4200899862441771,0.3311846395589793,0.0,0.0,0.2479297587759612,0.4884320099654326,0.0,0.3980289618988621,0.423813798317189,0.44245216825015404,0.411840829348489,0.47711961000047853,0.0,0.4540341163181726,0.0,0.43046891632977474,0.43739519109472735,0.4058710928868456,0.2054626744386429,0.0,0.0,0.46598326161504117,0.4023087687220925,0.36606172444276147,0.3653116128332332,0.44184702147270527,0.0,0.200082194338324,0.3133333918682621,0.4309502094764137,0.43050612920528303,0.4004681481851116,0.4393819703339947,0.4438101135935098
0.30577641530565075,0.27990614219666404,0.0,0.0,0.3417061046201186,0.26271012103147456,0.34760531581747195,0.4277391719040882,0.29127186960918855,0.2833229845768424,0.34616357932762615,0.2678550998542372,0.40989110916584287,0.0,0.3372590009718883,0.2808689865224573,0.3149897521396243,0.2851273303350654,0.2874136786863578,0.0,0.397929720108581,0.23818120834990641,0.40242928386380566,0.0,0.2995633276534248,0.28124383976985845,0.23146169431001581,0.3744635645704118,0.29390000234390606,0.0,0.31702801131393166,0.2858165878638125,0.19052045926024136,0.25249673258083605,0.2921188744262263,0.34180153896937476,0.0,0.2122872325422332,0.3165565184266374,0.28504949202290525,0.33880007790525796,0.42953416065810196,0.0,0.0,0.26623575950985867,0.35925653081662184,0.0,0.0,0.0,0.0,0.0,0.0,0.0,0.0,0.37891764625776814,0.0,0.37263254579129906,0.0,0.0,0.0,0.34811887917461637,0.34941814302535024,0.34715817602843657,0.0,0.0,0.0,0.0,0.0,0.34784733206319635,0.34363466638841733,0.36324692215053106,0.0,0.0,0.0,0.0,0.3761085083024487
0.29331085253486955,0.30274016770253603,0.19641312504019898,0.0,0.24756685158648226,0.3183411074881019,0.2857648469591062,0.36815129757210785,0.14846524325079297,0.28936298484132394,0.3067608882832524,0.30399892333762457,0.34587429392343244,0.0,0.3099839711482577,0.2845348323976489,0.2847097029655254,0.27286090529717655,0.255636274837039,0.3310850256443564,0.2921678815464233,0.3094760164942752,0.32642484966262425,0.2995633276534248,0.0,0.3052483263556864,0.32418797718487813,0.3474694103213485,0.33193784800151716,0.2883948842315418,0.2981713090329628,0.3282868620790435,0.24781966414541315,0.3022479831744906,0.3177420939534337,0.31716731889632827,0.0,0.29208546929509394,0.36159441039831836,0.3399793959959986,0.35930084497747994,0.3673171557226753,0.0,0.0,0.0,0.349329755335519,0.36279528860176036,0.0,0.0,0.0,0.18553719435441463,0.0,0.0,0.0,0.3748012236680193,0.0,0.38538591626764956,0.24507502254739383,0.0,0.0,0.3424418521509157,0.35634840906054854,0.3389949832408728,0.0,0.26968323241679626,0.0,0.25847738532170195,0.25842021653140823,0.37061227572588235,0.3487832561374486,0.3686177101520705,0.22652491930079857,0.2481334915026583,0.2390188164451934,0.0,0.3534068678344542
0.2838432890615343,0.32288731647829577,0.22874953399448017,0.0,0.2567176227900447,0.3356585030132033,0.2572426831795429,0.38913274553722355,0.1858388677154759,0.2743397124961996,0.254235587777864,0.27457596314272287,0.345356535124868,0.0,0.2890768550220703,0.30010154417744644,0.28788002192335166,0.28444734389998577,0.2531518043945231,0.335989571862123,0.30843617315248345,0.32753300561016335,0.3489937670039026,0.28124383976985845,0.3052483263556864,0.0,0.35509898964640735,0.3032772160202529,0.3209916671927979,0.23133155184764032,0.29873291194393303,0.3362313874630546,0.27182103867879087,0.3122551680992981,0.3496414533221278,0.3230951133710253,0.0,0.27402212461075653,0.3680885109859217,0.35811477983457285,0.3730790434567279,0.39624533824324853,0.0,0.0,0.3489255452272854,0.3597059694426134,0.38434744684005123,0.2572889707445589,0.0,0.0,0.18306924872847266,0.2209489206516198,0.36913147908326194,0.2455692101381403,0.38162698979220555,0.0,0.39114872595036876,0.22773124595348718,0.0,0.4089192026882502,0.3504241190928887,0.3737218544441976,0.35465779148713555,0.0,0.3260366819931907,0.3830600778502376,0.38608012487090243,0.3548805597812878,0.3866786662053082,0.3613996187401903,0.38380173700822234,0.3349774234122093,0.29994293297157343,0.23970504895170702,0.0,0.36347063457073525
0.35499132941005773,0.3464910723107577,0.28994275764282773,0.308482596007295,0.3124479575994711,0.3105393924124136,0.33343431020177494,0.35733639556871943,0.28526287303223113,0.33432852546186853,0.3252713986825109,0.26578351155333546,0.33666664032669136,0.37699032307598884,0.32212467616964624,0.332605398506121,0.0,0.31525526443864704,0.3353837044276191,0.3089023313782143,0.348479545780566,0.3515221811901189,0.2992048658925487,0.23146169431001581,0.32418797718487813,0.35509898964640735,0.0,0.3440143802712825,0.3222831355031654,0.3384556092564159,0.33466985344080274,0.3441966300704554,0.31413683506544493,0.35769971400081435,0.3932058288316806,0.35026003240097325,0.3453424922234506,0.2856414135306513,0.41590121893334,0.3629797321472746,0.4359257047722461,0.44547623229763234,0.4310187311763363,0.2501393175661157,0.0,0.0,0.20779404291335068,0.4813478610339927,0.0,0.36144499167979094,0.42532232681028337,0.40810119995527677,0.41413994371498286,0.4750403499429261,0.0,0.4536803180879245,0.3092908275733464,0.37484793634081554,0.4642666214668627,0.39585397926054083,0.19081198040548247,0.0,0.0,0.44928338429635745,0.3673663843657864,0.3912495184190443,0.2905783688659495,0.43208547577120143,0.0,0.19822762575222266,0.36304421414306054,0.4238746101281949,0.3999172300797262,0.33361358748819964,0.3868867369071318,0.41693196014457934
0.2837503755064058,0.34634137028502204,0.3366359822821167,0.23433096117834035,0.3136588297924695,0.32508729094542616,0.31533834920421644,0.3561270358690995,0.34922686588094715,0.37816385479195785,0.3767633143192663,0.359830786538579,0.29808714662907365,0.266531213849889,0.34600919842737216,0.3036828688859424,0.3654198514722841,0.30922891707837574,0.3764917535787397,0.24969871140060065,0.3728505326328463,0.34853381679785905,0.3411943949473296,0.3744635645704118,0.3474694103213485,0.3032772160202529,0.3440143802712825,0.0,0.30612609018242276,0.27250730992258737,0.32757008547679994,0.3492459894849693,0.28241138893558526,0.33301106976165096,0.3787865140789926,0.23844772909539255,0.25239551753400685,0.3327129700601735,0.4119257477598753,0.309125881153208,0.31617135712659034,0.29199799441712426,0.3576448163541373,0.0,0.30873014394710674,0.0,0.1975008427362338,0.3013984280105516,0.0,0.0,0.3863957046156897,0.24821316400481633,0.3757482562247437,0.27179447411231394,0.0,0.28298524181951534,0.27276828000036224,0.21372137982738418,0.0,0.37001247922779645,0.20946990139517108,0.0,0.21513976552968989,0.2628216857602512,0.3822634051673567,0.3889444873667441,0.2313199635361647,0.42190728977255765,0.0,0.23050429880739304,0.26382302167417393,0.4135313555063248,0.3347019545072258,0.32791527537817305,0.3199741270263567,0.37910580991458487
0.3119677837033928,0.34648849613347305,0.2984698990050239,0.296294824604117,0.3311761129452724,0.29774913284248866,0.35006406017541014,0.3342298454033613,0.3119319314480319,0.26780685355563355,0.27693786588210173,0.2720186513990724,0.3542815547237891,0.0,0.3406618438387436,0.34510386235338314,0.25683779411702173,0.3488693818353685,0.28474629132102425,0.29880997394581776,0.3530138580311884,0.3312330985931188,0.32596312919515663,0.29390000234390606,0.33193784800151716,0.3209916671927979,0.3222831355031654,0.30612609018242276,0.0,0.30757684170038546,0.31024159514624755,0.3477320456891387,0.2965383886048997,0.34620658734805204,0.39587445353896406,0.39442115919232373,0.3658429654276897,0.28820088277285666,0.39517512066755944,0.28792068430981577,0.3606580109713935,0.3746036538974974,0.34331088225352024,0.2714596242602815,0.0,0.0,0.22934511697604287,0.33913250848806115,0.0,0.3018761613638391,0.35310367215971444,0.26313860821780505,0.3845988677090627,0.2824628301386275,0.0,0.3052867320284525,0.0,0.23072581330560593,0.0,0.3778062123069676,0.1833219492945106,0.0,0.20288458225504896,0.31304612227951684,0.315035144870994,0.3778383056663025,0.2385003698234744,0.4177319022572154,0.0,0.19208567816878527,0.29004534266290827,0.40416486571033305,0.34168004709034994,0.3560329629097982,0.3473989807301709,0.3784999680343019
0.0,0.0,0.32564120013618025,0.0,0.0,0.3437521659471106,0.0,0.3291163175333953,0.3129114684759644,0.2995907370104674,0.0,0.0,0.3164369043761793,0.0,0.3334686240455553,0.2698956882027979,0.28713092113860844,0.2556861308396555,0.0,0.22696186057214776,0.0,0.32402039011465295,0.3311074425484346,0.0,0.2883948842315418,0.23133155184764032,0.3384556092564159,0.27250730992258737,0.30757684170038546,0.0,0.28530372552415667,0.3695184124822917,0.24990411553560485,0.32839227129433324,0.3531498816036495,0.39181476704495066,0.3104361060369905,0.3283919927697471,0.0,0.0,0.0,0.33119342092531223,0.0,0.0,0.0,0.0,0.0,0.0,0.0,0.0,0.36959158469737796,0.0,0.0,0.0,0.0,0.0,0.0,0.2730246287571439,0.0,0.0,0.0,0.0,0.0,0.0,0.0,0.0,0.0,0.4092861239103713,0.0,0.0,0.0,0.40793296596872053,0.3127700824139624,0.3298769651818548,0.0,0.0
0.28862280843314764,0.28482259378155717,0.3570721003630142,0.2993493205703584,0.3590728922980406,0.34570167464883,0.34299917432070426,0.3798081579777554,0.37977684119374766,0.3148925141664067,0.40578094592577224,0.32139932875286914,0.3346250900802501,0.0,0.3445015527339764,0.2709868630152143,0.30939010745240575,0.2906973166839217,0.38403095229685397,0.3140821564262211,0.30775435186666306,0.30029120735054315,0.34824764344843456,0.31702801131393166,0.2981713090329628,0.29873291194393303,0.33466985344080274,0.32757008547679994,0.31024159514624755,0.28530372552415667,0.0,0.3481982152978731,0.2714494561456707,0.2578742090567806,0.25119856969795834,0.36086741812518863,0.0,0.28688349302107896,0.36363032635954445,0.35390539961700995,0.34239591869299374,0.3174710587249325,0.0,0.0,0.28629942712379863,0.3277477851442997,0.3518089552006343,0.3390798741919395,0.0,0.0,0.35405063780768425,0.273891580041924,0.433092244733309,0.28264054211010337,0.3736125730059796,0.0,0.39603005271700503,0.23394268927883777,0.0,0.40701795714840827,0.34015764692263845,0.347703568161189,0.3200121108577038,0.0,0.36988879201537733,0.3571326433208415,0.3589731544918891,0.44201960518819344,0.3740330776015063,0.3394089304329302,0.3676536379450923,0.4241877962974834,0.3493229835496373,0.31294151206836834,0.0,0.3085268282441754
0.33607694815753536,0.33468037221882224,0.31531853024782613,0.2670179912023077,0.30393820688023343,0.33585576901755954,0.3485386669281587,0.3295977403762827,0.35016622305104733,0.33999098323422766,0.3370288067200002,0.2374374895085314,0.34837342784719977,0.27240752957621683,0.3538060372411352,0.35230637927641323,0.33483427965203283,0.2797779258089198,0.3469461518298343,0.3639107750151864,0.3436302370827057,0.35463026124820257,0.3339585486417051,0.2858165878638125,0.3282868620790435,0.3362313874630546,0.3441966300704554,0.3492459894849693,0.3477320456891387,0.3695184124822917,0.3481982152978731,0.0,0.28578946181367804,0.3193661727753104,0.3263508922177866,0.24611848227688013,0.2881127081899565,0.2549352325467801,0.22049756687112748,0.2716489301018082,0.31264257485646324,0.29822375193791967,0.2585206993176775,0.23166041817048214,0.24807622266588175,0.3327537378388087,0.3688747101185336,0.36622513376465377,0.260124152874238,0.30730387469677084,0.4201187602153011,0.24929782890708066,0.40663620136343076,0.3756985580749226,0.2781912191386164,0.3439752901099241,0.23671975672176587,0.37746807777258845,0.0,0.40700100259548233,0.29739212081846533,0.3242469968029249,0.2747195971162021,0.3566648461788295,0.383031389928712,0.38935663415310323,0.38035308717529326,0.42634539631601126,0.25142398555095163,0.33632883541065667,0.3839137944688217,0.4227898781358826,0.3313054662084145,0.3960942972840147,0.4009851461223159,0.3976197698793908
0.24249977632546565,0.2567412777370586,0.0,0.0,0.2849315372064865,0.3029971907127229,0.29595027603402047,0.0,0.2768044777295698,0.2875860574993165,0.3268293039810104,0.25023455248326326,0.3105853704498448,0.0,0.32424808914144326,0.2861866081814066,0.2653159559127618,0.24212613110910852,0.0,0.3186074752430169,0.29460694377506474,0.3051944360212444,0.29554368454539764,0.19052045926024136,0.24781966414541315,0.27182103867879087,0.31413683506544493,0.28241138893558526,0.2965383886048997,0.24990411553560485,0.2714494561456707,0.28578946181367804,0.0,0.2415997548578316,0.33636965288161474,0.24475032481261585,0.3431723786078866,0.1541700942678525,0.25287477252313517,0.20700419015801946,0.2995785719460032,0.2737382113582619,0.21118265145991041,0.0,0.17849920904363892,0.3485494447851529,0.3530886437431576,0.0,0.0,0.0,0.34252181074490495,0.0,0.0,0.0,0.31171701756566095,0.0,0.3003307970396379,0.2847924458459563,0.0,0.3985023153356582,0.3310418004168881,0.31440417907347873,0.2888674308297772,0.0,0.35839238323591227,0.3519438833896658,0.3713867730570617,0.0,0.28060077249499915,0.32690925244197344,0.3581789674463132,0.0,0.0,0.3201329730997602,0.0,0.3320062853549508
0.26937507926851223,0.29268901547599724,0.35626736174439205,0.28236069579060963,0.35852766649470524,0.3597742501123005,0.33202418846409165,0.38723471919593566,0.38326779332121386,0.3087914072981719,0.4031746669961491,0.27849781263257517,0.34811303635181273,0.37248378284857214,0.3591276623707793,0.2925603984249971,0.3213659777880754,0.3039222633567509,0.387211099978551,0.3516664798614948,0.3350503750989666,0.33731874586717214,0.36460419301774477,0.25249673258083605,0.3022479831744906,0.3122551680992981,0.35769971400081435,0.33301106976165096,0.34620658734805204,0.32839227129433324,0.2578742090567806,0.3193661727753104,0.2415997548578316,0.0,0.292974456278854,0.34826593052946764,0.28534400482536315,0.21800979669476336,0.30747237752915185,0.3075969804346416,0.3161118648582789,0.3033205137303223,0.30059580583654033,0.2507920917508168,0.2768954490360462,0.3388435439074492,0.3635351457562931,0.2985295299385214,0.0,0.2756985365353923,0.40584069284475555,0.24588456817747903,0.4256673795723291,0.294780915184475,0.3442550760694221,0.2884807593470718,0.340780273259265,0.2527350642658085,0.0,0.4137063794738954,0.33593887577819587,0.3443550432861968,0.32971841290069337,0.29446735965492277,0.3948486628041722,0.37547162676594076,0.3802635485620663,0.45064529268799114,0.382359907677893,0.34698318470601275,0.37942679777500155,0.4414642189962801,0.3299393195318913,0.3479309969689708,0.0,0.32614944647562033
