0.0,0.38060312151466213,0.0,0.0,0.0,0.3360148122532029,0.0,0.4534232723456347,0.2884065390957217,0.3491543725616702,0.0,0.32491673021634715,0.3134181705464482,0.0,0.3430530371933732,0.35459540146853535,0.0,0.3481341558545372,0.0,0.38809385092334775,0.3566412981289674,0.36774699959695306,0.4026980828443049,0.31447417684130347,0.3499249355591682,0.33924500864280793,0.37060315896911694,0.3567119047951239,0.37884513823876254,0.0,0.3291365084326302,0.3640310194648021,0.276642195671868,0.31982361957533495,0.397658307884469,0.0,0.0,0.3044420157889927,0.4117551790660474,0.39962052008693116,0.39899643144310426,0.44613080449406417,0.0,0.0,0.0,0.4029447995488288,0.44342913324544564,0.0,0.0,0.0,0.30948562837624893,0.0,0.0,0.0,0.35577133537837596,0.0,0.0,0.0,0.0,0.4127748130461929,0.4106603698529911,0.0,0.4017066679980103,0.0,0.0,0.41144111578335996,0.42734521453206353,0.0,0.44321929806934557,0.4248977647340024,0.44579715531600095,0.4163118336139493,0.0,0.0,0.0,0.36871393536484576
0.38060312151466213,0.0,0.2696719280324253,0.0,0.30722331563546706,0.347947720418202,0.34337688494148344,0.431198909586631,0.27758598078707203,0.23473976735585475,0.0,0.0,0.37648516345709393,0.0,0.38354921380565954,0.3635240815939209,0.29262473845450515,0.35507334566782117,0.0,0.3698845960993794,0.38775922750258035,0.35933054209898607,0.3674723171634563,0.0,0.345209458024852,0.3699473505504293,0.3678725048893078,0.3821866005967981,0.3662351888340858,0.0,0.32227204447650887,0.37180281659647035,0.31702294430593847,0.3346923850712869,0.4005739555906088,0.0,0.0,0.0,0.41659015487556716,0.4203381353980586,0.4138704764042727,0.4383034389132788,0.0,0.0,0.0,0.42826927684314,0.43130276975386234,0.0,0.0,0.0,0.35447038726274266,0.0,0.0,0.0,0.0,0.0,0.0,0.0,0.0,0.447746480638423,0.41522013827693777,0.0,0.4035509164867212,0.0,0.39995495032242534,0.4389463076529568,0.4341098644843032,0.4081165930845943,0.0,0.42211332295348986,0.45276475902732566,0.4151017143251668,0.0,0.39347485813513,0.0,0.39370968072919216
0.0,0.2696719280324253,0.0,0.3040366563998244,0.37251786755871513,0.3580647645841551,0.39303192182118996,0.39677554681067917,0.3273749258480795,0.331412727940681,0.3171865674061644,0.28748475741159024,0.39252188044040454,0.356743136225534,0.0,0.0,0.0,0.0,0.28811842275223026,0.0,0.2951630744845495,0.0,0.2930129760175737,0.0,0.20884876178154252,0.23385637986991809,0.32730768919858494,0.3936520587430784,0.29010887115569395,0.0,0.4188145857727514,0.3513374034650494,0.0,0.4130284688096813,0.3626357380411691,0.3441849990347442,0.3611289079078949,0.0,0.3955748993350403,0.0,0.3743615619631124,0.29477279269221046,0.41370606542917854,0.21509058053784777,0.0,0.0,0.0,0.3205878162217051,0.0,0.367742140765136,0.47336153701446326,0.4209014345839468,0.4748844513455718,0.4813251672616641,0.0,0.343944145881205,0.0,0.3952913205210744,0.43562308464515087,0.0,0.0,0.0,0.0,0.3065206460318848,0.0,0.0,0.0,0.49621874089823753,0.0,0.0,0.0,0.4812284247873679,0.33385493904943253,0.30773040289672393,0.0,0.38646200852153656
0.0,0.0,0.3040366563998244,0.0,0.1885743576128967,0.3370589099893857,0.21024621239268118,0.30775043738648283,0.3666344520826987,0.14914155907205384,0.31164785299872755,0.26290817913093134,0.24253555622839945,0.21042742896700645,0.0,0.0,0.0,0.0,0.32750644465710194,0.0,0.0,0.0,0.34292984471401156,0.0,0.0,0.0,0.3240349312801933,0.24553324888135056,0.0,0.0,0.0,0.23921556324603244,0.0,0.19898711122224352,0.30746161244649056,0.16149291196441753,0.12381748378104285,0.21616504171111042,0.20346565659962218,0.0,0.0,0.2680552626257433,0.0,0.18699394121645746,0.0,0.0,0.0,0.0,0.0,0.0,0.0,0.0,0.0,0.0,0.0,0.0,0.0,0.0,0.0,0.0,0.0,0.0,0.0,0.0,0.0,0.0,0.0,0.280794881648822,0.0,0.0,0.0,0.275796089609578,0.0,0.0,0.0,0.0
0.0,0.30722331563546706,0.37251786755871513,0.1885743576128967,0.0,0.3354861864756806,0.2977941767397686,0.32822619576884654,0.30237886566978794,0.33263314134803107,0.2938148488662037,0.3228963116813548,0.32134073191667917,0.2655307392058555,0.0,0.0,0.0,0.3675707078845368,0.35612466096250894,0.0,0.0,0.3665076317857198,0.3488789956392107,0.0,0.27535793567935646,0.3051892774648597,0.35890271748588537,0.33935091343179974,0.0,0.0,0.40635313206393847,0.312582647465317,0.31725213669670294,0.4001057545662423,0.36863807810352944,0.19146324363930445,0.2730244163652698,0.31861741584513537,0.3507618378970558,0.0,0.0,0.0,0.0,0.0,0.0,0.0,0.0,0.4390644543493145,0.0,0.0,0.3963143426226233,0.0,0.0,0.39750755698360785,0.0,0.32817257904780756,0.0,0.27808661337059365,0.0,0.0,0.0,0.0,0.0,0.41348910134571415,0.0,0.0,0.0,0.4721683288903841,0.0,0.0,0.0,0.39863834442133134,0.2731494419875522,0.0,0.0,0.0
0.3360148122532029,0.347947720418202,0.3580647645841551,0.3370589099893857,0.3354861864756806,0.0,0.37148578853246356,0.3438838050844679,0.3088359763406546,0.32055765683072696,0.3808730641104405,0.26927234308903464,0.3381723716754599,0.360856548410609,0.32976667023793466,0.3708958627744481,0.2058947382038705,0.3581077434362641,0.3880997351012982,0.3457882021139001,0.3216399610216559,0.36597052511040357,0.3436478375270433,0.30319713688383904,0.3423002186323243,0.34434468617067576,0.3358219339726313,0.34057568183419895,0.3100264405888884,0.35282649457563936,0.3886592169457521,0.3449022478503449,0.30376464944310594,0.38547938957861466,0.38656984967076985,0.36390252577090315,0.35872541222457227,0.27428793055088474,0.43695888435263414,0.0,0.46649583397336786,0.36434232934637667,0.43386235582268123,0.24657480142617197,0.0,0.0,0.2686506460872663,0.48240440280777164,0.0,0.36699379917633324,0.4362921622719843,0.41919679698617707,0.40510025348441453,0.481307180710296,0.0,0.42554859069009043,0.0,0.422635967284037,0.38952199028308054,0.3560153711401577,0.21015821716535255,0.0,0.0,0.47902643162884634,0.37523650617894766,0.35066264922426,0.33330587735030043,0.4549320018827871,0.0,0.0,0.31922729318916293,0.43803628617758555,0.42850435125486247,0.432805774310166,0.3970796375191987,0.45027707376529025
0.0,0.34337688494148344,0.39303192182118996,0.21024621239268118,0.2977941767397686,0.37148578853246356,0.0,0.39577716017128173,0.3720222933832199,0.2978233270862199,0.40967006251589455,0.32318360474223595,0.31053170292951504,0.3180062088513712,0.0,0.37822813581412307,0.33996676796437436,0.36040147419191815,0.41642707546328095,0.3828274994647427,0.3363440785765603,0.4068881070179015,0.37543148327920683,0.0,0.3435116471416482,0.3209818510730274,0.3721900041355371,0.3385826280077031,0.3890436595754846,0.3963535382898663,0.3747572755653773,0.3430239011140172,0.3031231355954155,0.37475355202159877,0.3419875545676165,0.2512345218202116,0.20785265689347093,0.3104499297697036,0.3401763529299836,0.0,0.32294552771365753,0.3560464206398968,0.34198749776059245,0.0,0.0,0.0,0.0,0.39026661386860745,0.0,0.0,0.39581544475855984,0.3158681899602286,0.3831267252200638,0.3639729815083755,0.0,0.3494122179224595,0.0,0.2852564207345537,0.0,0.0,0.0,0.0,0.0,0.3537189607164232,0.28383790389557584,0.0,0.0,0.464174646039412,0.0,0.0,0.0,0.4225381050281257,0.29182042016479115,0.30920887813060327,0.0,0.296397870527059
0.4534232723456347,0.431198909586631,0.39677554681067917,0.30775043738648283,0.32822619576884654,0.3438838050844679,0.39577716017128173,0.0,0.4222563666910206,0.0,0.2062908410930232,0.36201431140931756,0.3937377266816067,0.2778004550825702,0.0,0.4190874364712716,0.0,0.0,0.4035235619464521,0.3279105741872905,0.3524759815805672,0.3593949837303277,0.32151125547940884,0.45851180552501797,0.4474446489204536,0.4423636649076013,0.3768847466199236,0.379653738205532,0.34072223157803866,0.37034236518942787,0.40265425638030805,0.3074990694347348,0.0,0.4011630855212465,0.40577055366864506,0.25801429746113264,0.34638706822416293,0.3164595727752369,0.40656629387031246,0.0,0.4497612799651767,0.4906942824301276,0.3517320352381528,0.0,0.0,0.0,0.0,0.4846418603239377,0.0,0.2935214710603769,0.4202202181048414,0.4267688802411116,0.35539685087364525,0.4900139089744069,0.0,0.4195478430152817,0.0,0.44128943931331077,0.41366010979327783,0.39954156641936694,0.0,0.0,0.0,0.4725792674556974,0.4354223069157141,0.4005972252045445,0.0,0.43865066898150257,0.0,0.0,0.0,0.45114556099077424,0.4253879966074404,0.4392711688646065,0.0,0.44860554385282175
0.2884065390957217,0.27758598078707203,0.3273749258480795,0.3666344520826987,0.30237886566978794,0.3088359763406546,0.3720222933832199,0.4222563666910206,0.0,0.3637635972702078,0.29829766732191965,0.3266193894657749,0.3319213767549108,0.3499192491251949,0.0,0.2827644483553573,0.27137002202212857,0.26005024747330246,0.2842167975587908,0.3589415015211353,0.26848290470003194,0.32871721342831617,0.35791893780537737,0.0,0.19821784422725058,0.19006301828659114,0.3391817564272149,0.403677080471251,0.29846664125284317,0.0,0.42577894263151106,0.37701827832949897,0.33497486855964653,0.42073278942946685,0.3889777372796002,0.36014606922177905,0.3823113331263936,0.3401424963731714,0.3710897393413819,0.0,0.29130694988991007,0.23253035472935668,0.43894126134282385,0.0,0.0,0.0,0.0,0.49547117785201444,0.0,0.3938954536437967,0.4691689035817393,0.4193910970386113,0.4853593028959969,0.48211300384333955,0.0,0.46706091564183605,0.0,0.37153186796795573,0.4430513394815847,0.0,0.0,0.0,0.0,0.4904562343548867,0.0,0.0,0.0,0.48673703089133624,0.0,0.0,0.0,0.47411920753019465,0.34861581034876576,0.3087953148354282,0.0,0.3283386705839421
0.3491543725616702,0.23473976735585475,0.331412727940681,0.14914155907205384,0.33263314134803107,0.32055765683072696,0.2978233270862199,0.0,0.3637635972702078,0.0,0.3737769703653593,0.26973561657254647,0.3368278585643654,0.0,0.0,0.2877214435728756,0.28744182847873795,0.3236596161947041,0.3596745714614167,0.0,0.4144965948296459,0.261363355436876,0.3284252788523437,0.24689529215553974,0.31994844790935256,0.31368166543313714,0.22747787434844327,0.3129870938003341,0.21697966046681336,0.0,0.26261598052895135,0.34704508689991204,0.2722153924370005,0.2648185789138241,0.31809459964289755,0.2852427381293747,0.2560566233836287,0.23876045244555666,0.0,0.3012988838280617,0.3267279415549046,0.42152386345278736,0.0,0.0,0.28990418120063255,0.33743758357071985,0.0,0.0,0.0,0.0,0.0,0.0,0.0,0.0,0.3670795911416304,0.0,0.36733151752903426,0.36261590595507454,0.0,0.0,0.0,0.35966215338299345,0.3957050950146853,0.0,0.0,0.0,0.0,0.0,0.36027100076454555,0.3924832354103145,0.388465382639986,0.0,0.0,0.0,0.0,0.3640414639930664
0.0,0.0,0.3171865674061644,0.31164785299872755,0.2938148488662037,0.3808730641104405,0.40967006251589455,0.2062908410930232,0.29829766732191965,0.3737769703653593,0.0,0.3402666209853212,0.399230395506922,0.25643259301468035,0.0,0.0,0.0,0.2944994643683746,0.29077480229090885,0.0,0.0,0.0,0.24993873658856772,0.0,0.0,0.0,0.3807811284589228,0.3967654797423175,0.0,0.0,0.42169224324528903,0.3410019925558408,0.3267597773782072,0.40963018148286906,0.3889805028185744,0.28991669570986917,0.3798788587037499,0.3440283032664882,0.3559772008158112,0.0,0.33740850282325413,0.0,0.36862792806286016,0.2364844543575156,0.0,0.0,0.0,0.49029051044362804,0.0,0.23977617974718848,0.39376686908321745,0.40903059652151713,0.42435610163919507,0.48593285261174346,0.0,0.2702472013631319,0.0,0.37451258047291575,0.39223350019538844,0.0,0.0,0.0,0.0,0.2778452268202122,0.0,0.0,0.0,0.4549862380172382,0.0,0.0,0.0,0.44588045652771563,0.2920978471735974,0.0,0.0,0.3142079686048742
0.32491673021634715,0.0,0.28748475741159024,0.26290817913093134,0.3228963116813548,0.26927234308903464,0.32318360474223595,0.36201431140931756,0.3266193894657749,0.26973561657254647,0.3402666209853212,0.0,0.2899553759983267,0.0,0.0,0.0,0.29122053575101037,0.25264851751418577,0.2913406180193845,0.0,0.37272693365612114,0.0,0.3374016505009295,0.2289908403494005,0.3101746489866302,0.2848022260901079,0.0,0.29651041221846,0.0,0.0,0.269274497442179,0.24716166492702904,0.2470948664113026,0.2433437070841318,0.30228672895126324,0.27325036350023013,0.31653663279460326,0.1899807695631696,0.0,0.3028589624866512,0.3256436208411238,0.0,0.0,0.0,0.28311455307584193,0.3023551895539948,0.0,0.0,0.0,0.0,0.0,0.0,0.0,0.0,0.3670545692191761,0.0,0.3724697698454319,0.0,0.0,0.0,0.0,0.3383238307817014,0.3763359384881554,0.0,0.0,0.0,0.0,0.0,0.3222193740063222,0.38405555829346344,0.37834286470819933,0.0,0.0,0.0,0.0,0.35044146476601945
0.3134181705464482,0.37648516345709393,0.39252188044040454,0.24253555622839945,0.32134073191667917,0.3381723716754599,0.31053170292951504,0.3937377266816067,0.3319213767549108,0.3368278585643654,0.399230395506922,0.2899553759983267,0.0,0.3050379315682323,0.384982464349799,0.39807943743324087,0.3451703004450934,0.3602977627583546,0.41293226500042113,0.37102623390601247,0.3790636860956452,0.4043802706740429,0.37466145885326724,0.3339294745448319,0.36663703699390965,0.3680135802965716,0.3664877203845006,0.3196839646760936,0.3558239796077409,0.322690243683717,0.33559593509285524,0.33390017930750304,0.31898273059571336,0.3669739285295872,0.31466194467196074,0.2674435962005903,0.2704527281815624,0.28882353744911937,0.3712116258960438,0.0,0.4051888995809128,0.23468070168255983,0.3744268126594675,0.1899790487661889,0.0,0.0,0.23707249869442124,0.4098457213770935,0.0,0.0,0.4184602175883795,0.3325618809176702,0.41436649678065585,0.3541625160377595,0.0,0.34862410821203615,0.0,0.3207129544108679,0.0,0.29978975057278645,0.0,0.0,0.0,0.3679429204909494,0.34709567394610447,0.3521059098642135,0.2667704582004159,0.4615397998992808,0.0,0.0,0.27285432999250275,0.44251982954714647,0.33756984127739514,0.4085957554306383,0.0,0.3282981945531125
0.0,0.0,0.356743136225534,0.21042742896700645,0.2655307392058555,0.360856548410609,0.3180062088513712,0.2778004550825702,0.3499192491251949,0.0,0.25643259301468035,0.0,0.3050379315682323,0.0,0.0,0.0,0.0,0.0,0.34070833023158104,0.0,0.383099007376837,0.0,0.3223890713698301,0.0,0.0,0.0,0.36636321438491753,0.310528443560597,0.0,0.0,0.0,0.18442211711387826,0.0,0.40075618670237095,0.0,0.1629185563877946,0.12453593296518409,0.2747839571041482,0.3534422907948516,0.0,0.0,0.0,0.35892509964900593,0.0,0.0,0.0,0.0,0.415628109905393,0.0,0.0,0.34738174520107623,0.0,0.0,0.44346351673905027,0.0,0.3638900651773949,0.0,0.0,0.37935363175496706,0.0,0.0,0.0,0.0,0.37087634587150453,0.0,0.0,0.0,0.4135196306777019,0.0,0.0,0.0,0.3782327334625082,0.0,0.0,0.0,0.0
0.3430530371933732,0.38354921380565954,0.0,0.0,0.0,0.32976667023793466,0.0,0.0,0.0,0.0,0.0,0.0,0.384982464349799,0.0,0.0,0.37217767592963796,0.26181448044202926,0.3605374407579995,0.0,0.3513446712226011,0.32995224255888167,0.364080931997209,0.33224661439717246,0.3679640452143627,0.35549669497386394,0.38254583099888234,0.37485156903098116,0.3582436984402585,0.34627203157129466,0.35949140504299104,0.35515084212619014,0.37600977614800524,0.3331511653104332,0.37543450611957896,0.4120637690952403,0.43824063416244957,0.0,0.0,0.44356613464562084,0.4473506208459229,0.4660368601951492,0.4695132468809866,0.0,0.0,0.0,0.0,0.44430776710741526,0.0,0.0,0.0,0.4115381932882439,0.0,0.0,0.0,0.0,0.0,0.0,0.3450737951797965,0.0,0.44048482149758117,0.374448385436553,0.0,0.0,0.0,0.41344831583106517,0.4217684381386149,0.4529796606434487,0.4202092103839344,0.0,0.32348151519351515,0.4578953698463345,0.4333551782712949,0.37376761071093184,0.4114072160980873,0.0,0.4017332819422537
0.35459540146853535,0.3635240815939209,0.0,0.0,0.0,0.3708958627744481,0.37822813581412307,0.4190874364712716,0.2827644483553573,0.2877214435728756,0.0,0.0,0.39807943743324087,0.0,0.37217767592963796,0.0,0.3234775259016427,0.3242251881534516,0.0,0.344581424880356,0.3690755841400987,0.3261875580420188,0.38207890140613165,0.30461342187522594,0.3489167209750491,0.3800573621554619,0.38034980289132164,0.3833889490510738,0.3627259811606006,0.34541999249105365,0.3147871243577595,0.3795438551848312,0.32533850087890714,0.34466231531332187,0.41064014346405264,0.0,0.0,0.0,0.40410975575954594,0.40192834358560414,0.3914990454066312,0.414729926634093,0.0,0.0,0.0,0.4103750045722614,0.42225296185574834,0.0,0.0,0.0,0.22301735365717196,0.0,0.0,0.0,0.0,0.0,0.0,0.0,0.0,0.43114068101522085,0.39222301505240853,0.0,0.37583348680155454,0.0,0.0,0.4015811977398233,0.41871866455282497,0.28621670883940703,0.0,0.40235829064157164,0.43369975355248286,0.3263332430355498,0.0,0.0,0.0,0.36512210465618467
0.0,0.29262473845450515,0.0,0.0,0.0,0.2058947382038705,0.33996676796437436,0.0,0.27137002202212857,0.28744182847873795,0.0,0.29122053575101037,0.3451703004450934,0.0,0.26181448044202926,0.3234775259016427,0.0,0.3204746353602734,0.0,0.2699050183427245,0.0,0.2979203289821357,0.0,0.3270671217363894,0.32331383937318137,0.32436943357722003,0.0,0.3304873220686439,0.275987273574997,0.24599251560903088,0.30107579573965426,0.35866895577211183,0.29731412193109247,0.3243143303002049,0.36114461996450686,0.0,0.0,0.2909730612141307,0.40286413988801767,0.35153148501440656,0.35768695622104846,0.37595005540593696,0.0,0.0,0.0,0.0,0.0,0.0,0.0,0.0,0.0,0.0,0.0,0.0,0.3638881061851479,0.0,0.3491846614829256,0.0,0.0,0.0,0.0,0.3437506808375115,0.37486070043081604,0.0,0.0,0.0,0.0,0.0,0.3710497875262573,0.388521348262988,0.3967067657112894,0.0,0.0,0.0,0.0,0.3240440801807771
0.3481341558545372,0.35507334566782117,0.0,0.0,0.3675707078845368,0.3581077434362641,0.36040147419191815,0.0,0.26005024747330246,0.3236596161947041,0.2944994643683746,0.25264851751418577,0.3602977627583546,0.0,0.3605374407579995,0.3242251881534516,0.3204746353602734,0.0,0.0,0.3587204444999409,0.36522859035342553,0.3492833223270749,0.3723884099442873,0.3400247533739638,0.3519474275476401,0.35696891481072146,0.36549405696568726,0.3761345651934658,0.37356450553498105,0.34151542886440917,0.33962247927443906,0.3524700856216004,0.31352037853174286,0.346731312446305,0.41132368282011006,0.0,0.0,0.0,0.38989600120304807,0.358939448360924,0.37045533905158073,0.39835528199846737,0.0,0.0,0.0,0.40601698825403904,0.40849356948536314,0.0,0.0,0.0,0.0,0.0,0.0,0.0,0.34589318676557457,0.0,0.3300042594864733,0.0,0.0,0.35287111644127567,0.37758102923188164,0.3433987344429277,0.3706466969177821,0.0,0.0,0.0,0.4037462519301777,0.0,0.38541050938912,0.3833288798346452,0.4016569519977813,0.0,0.0,0.22663843358353047,0.0,0.3602661524716157
0.0,0.0,0.28811842275223026,0.32750644465710194,0.35612466096250894,0.3880997351012982,0.41642707546328095,0.4035235619464521,0.2842167975587908,0.3596745714614167,0.29077480229090885,0.2913406180193845,0.41293226500042113,0.34070833023158104,0.0,0.0,0.0,0.0,0.0,0.0,0.0,0.0,0.2994172934611006,0.0,0.25341692652973297,0.25130464829878085,0.38608333358687513,0.40606758615664124,0.0,0.0,0.42925785373346426,0.37252264042548744,0.2823304981651955,0.422485718735404,0.3848769233488294,0.34834880909582105,0.3615425925002373,0.3304251370649847,0.4317025197595075,0.0,0.34017052151672983,0.25852976784518517,0.45480293959673335,0.0,0.0,0.0,0.0,0.4879753374996189,0.0,0.41025916067526025,0.46824770074918126,0.4020148014604196,0.4943372202079155,0.4864805480775637,0.0,0.4641612910511454,0.0,0.36476563599572226,0.413528050939679,0.0,0.0,0.0,0.0,0.49929043347141067,0.0,0.0,0.0,0.4911786769631122,0.0,0.0,0.0,0.4774813269608298,0.30553642046103807,0.0,0.0,0.3450548363424251
0.38809385092334775,0.3698845960993794,0.0,0.0,0.0,0.3457882021139001,0.3828274994647427,0.3279105741872905,0.3589415015211353,0.0,0.0,0.0,0.37102623390601247,0.0,0.3513446712226011,0.344581424880356,0.2699050183427245,0.3587204444999409,0.0,0.0,0.3671037401924781,0.35231902525512643,0.3206895788531158,0.33078457080173806,0.3622563046269359,0.3881374419835326,0.34198608898839944,0.3245609021059936,0.29724962784419334,0.2729895454602394,0.32787756434203236,0.3866539978950281,0.33648906978168347,0.37630904114480884,0.4161269796010827,0.4188659325170488,0.0,0.0,0.4208659251441432,0.49323608048198686,0.37281548943373277,0.42837274554262966,0.0,0.0,0.0,0.33790476030822236,0.3938934067162625,0.0,0.0,0.0,0.38048483587797927,0.0,0.35562909169033363,0.0,0.0,0.0,0.0,0.2994057468639063,0.0,0.38576207141215607,0.2645980430551765,0.0,0.0,0.0,0.4050924470562756,0.3770709331804,0.4123771811499252,0.39852483005228123,0.0,0.24502642160453605,0.42521550739965636,0.4229511655141085,0.35956461343406243,0.3865684039034117,0.0,0.35979748833350006
0.3566412981289674,0.38775922750258035,0.2951630744845495,0.0,0.0,0.3216399610216559,0.3363440785765603,0.3524759815805672,0.26848290470003194,0.4144965948296459,0.0,0.37272693365612114,0.3790636860956452,0.383099007376837,0.32995224255888167,0.3690755841400987,0.0,0.36522859035342553,0.0,0.3671037401924781,0.0,0.3762791957890514,0.353832095761721,0.43531859722086175,0.3887819422279014,0.3783000286338975,0.37881517205529636,0.38066111179164613,0.3609680035812945,0.3743151740280225,0.35051698048343105,0.377867518356634,0.32126476614619864,0.36362004609861465,0.41798830914028995,0.4281936453061081,0.0,0.31413979715580437,0.42033757610342987,0.39500736378027984,0.4118496953196931,0.4633003946474358,0.0,0.0,0.0,0.4228050252588968,0.4469316099974631,0.0,0.0,0.0,0.40885313728145445,0.0,0.27799826045443377,0.0,0.0,0.0,0.0,0.0,0.0,0.4235253695189564,0.40403830604334234,0.0,0.0,0.0,0.4022934959436244,0.3620328785891509,0.44716908331662725,0.4088874634278109,0.0,0.35518997411161957,0.45512510956944896,0.4221731271300058,0.4098806300297022,0.42156015390271834,0.0,0.35549504416096916
0.36774699959695306,0.35933054209898607,0.0,0.0,0.3665076317857198,0.36597052511040357,0.4068881070179015,0.3593949837303277,0.32871721342831617,0.261363355436876,0.0,0.0,0.4043802706740429,0.0,0.364080931997209,0.3261875580420188,0.2979203289821357,0.3492833223270749,0.0,0.35231902525512643,0.3762791957890514,0.0,0.37625373363117354,0.336536673815601,0.36388831284454104,0.377694446288393,0.38562796670225896,0.37739844192553024,0.3383864356444919,0.30937801921181207,0.3307904236065455,0.38695664616629016,0.34209076730807414,0.36936506167075983,0.4204463387959673,0.45023012032797793,0.0,0.0,0.4301482724430153,0.43188749608274607,0.43435300728670895,0.4569547962753473,0.0,0.0,0.0,0.3979849321930059,0.42967708858390025,0.0,0.0,0.0,0.39753818770189914,0.0,0.0,0.0,0.0,0.0,0.0,0.0,0.0,0.43893573096590954,0.4154544561168939,0.0,0.3456545131686452,0.0,0.40458480137518166,0.4326521368179742,0.44514836503049227,0.4182061053369858,0.0,0.3932914221601757,0.449244082223156,0.43592929052802065,0.3329030123464244,0.3947023016493756,0.0,0.3915318300106072
0.4026980828443049,0.3674723171634563,0.2930129760175737,0.34292984471401156,0.3488789956392107,0.3436478375270433,0.37543148327920683,0.32151125547940884,0.35791893780537737,0.3284252788523437,0.24993873658856772,0.3374016505009295,0.37466145885326724,0.3223890713698301,0.33224661439717246,0.38207890140613165,0.0,0.3723884099442873,0.2994172934611006,0.3206895788531158,0.353832095761721,0.37625373363117354,0.0,0.4340581971528698,0.37848258362916587,0.39712434838402616,0.3242041650055585,0.3640273816111097,0.33326753318832303,0.36531979118138663,0.38037981362939965,0.353844432804619,0.30781983905951815,0.38118280673252686,0.39863560451396646,0.33076341112327584,0.3415126927292422,0.3105825708219489,0.4571708005166069,0.0,0.4738509563322674,0.4897778913281586,0.4465770666259864,0.302269595675395,0.0,0.388563968634355,0.3953865282624598,0.472317053144168,0.0,0.4604780019927734,0.458079375996632,0.4739403103494032,0.4342575538785443,0.5017523228053397,0.0,0.4780177499780182,0.0,0.46530062092192637,0.4424960996604997,0.41812877416649075,0.26863629681068063,0.0,0.0,0.507210640225248,0.4296818667690971,0.41461529522978985,0.42824875661630757,0.47253048932660624,0.0,0.2518030100128398,0.42981876256805684,0.4592340154717167,0.46091393882566506,0.45381329555989236,0.4578870226625743,0.47079594750240966
0.31447417684130347,0.0,0.0,0.0,0.0,0.30319713688383904,0.0,0.45851180552501797,0.0,0.24689529215553974,0.0,0.2289908403494005,0.3339294745448319,0.0,0.3679640452143627,0.30461342187522594,0.3270671217363894,0.3400247533739638,0.0,0.33078457080173806,0.43531859722086175,0.336536673815601,0.4340581971528698,0.0,0.3375376612519058,0.2975834260359269,0.28028770329445296,0.3854104533811891,0.32919128590728913,0.0,0.30224586257877917,0.31826441343225964,0.2317239661115726,0.2598213127961189,0.3295899011405254,0.0,0.0,0.20126837821882373,0.4214794593413197,0.3396507759272756,0.3736850346210628,0.48488442977275725,0.0,0.0,0.24356876272862998,0.39425697601603166,0.40340511723593014,0.0,0.0,0.0,0.0,0.0,0.0,0.0,0.37183867067409776,0.0,0.3708946088357373,0.0,0.0,0.0,0.3828387983728941,0.37511672765031256,0.39737089121520913,0.0,0.0,0.0,0.0,0.0,0.35804412935961305,0.4028649654780993,0.4077578645111065,0.0,0.0,0.0,0.0,0.3904734569959827
0.3499249355591682,0.345209458024852,0.20884876178154252,0.0,0.27535793567935646,0.3423002186323243,0.3435116471416482,0.4474446489204536,0.19821784422725058,0.31994844790935256,0.0,0.3101746489866302,0.36663703699390965,0.0,0.35549669497386394,0.3489167209750491,0.32331383937318137,0.3519474275476401,0.25341692652973297,0.3622563046269359,0.3887819422279014,0.36388831284454104,0.37848258362916587,0.3375376612519058,0.0,0.3462351987335316,0.3528811242790231,0.3693133254214331,0.359900714618574,0.29284559335743,0.3309622621021942,0.35535605416209787,0.29382355457246084,0.3180944095763613,0.366139574845993,0.3209089095087896,0.0,0.2682608067253258,0.39939411723652957,0.3720056127960155,0.3807585165347549,0.4042835118215003,0.0,0.0,0.0,0.41534392206210763,0.42230827510609303,0.0,0.0,0.0,0.22787544693930506,0.0,0.0,0.0,0.36810689537278235,0.0,0.37282804002906006,0.26188745043326783,0.0,0.3900789095508493,0.38964249890735775,0.37477681935987056,0.3856456953968188,0.0,0.3400539623941654,0.39718745014895984,0.42463954532433884,0.29447266056044036,0.39475064609551075,0.4000671406081434,0.4164836582161472,0.2867628480486192,0.28891239877673147,0.33708081221956976,0.0,0.3762222568469477
0.33924500864280793,0.3699473505504293,0.23385637986991809,0.0,0.3051892774648597,0.34434468617067576,0.3209818510730274,0.4423636649076013,0.19006301828659114,0.31368166543313714,0.0,0.2848022260901079,0.3680135802965716,0.0,0.38254583099888234,0.3800573621554619,0.32436943357722003,0.35696891481072146,0.25130464829878085,0.3881374419835326,0.3783000286338975,0.377694446288393,0.39712434838402616,0.2975834260359269,0.3462351987335316,0.0,0.38780838582987714,0.35914706405908325,0.3546256811232197,0.24569467012580756,0.34294711647734494,0.3770322367271605,0.3180156734473604,0.3419683759991234,0.39901684258467296,0.3014803726679455,0.0,0.26291371072575076,0.425512299217039,0.3952962299108441,0.41003273024124387,0.43277177671275624,0.0,0.0,0.0,0.42361421892591455,0.44756107366495157,0.0,0.0,0.0,0.3548907077058794,0.0,0.0,0.0,0.3729027966255615,0.0,0.3776613094643863,0.26342791458405146,0.0,0.4648083107657942,0.41649583325484657,0.38787177913493015,0.39615814723704657,0.0,0.42124203323391474,0.4580947482809764,0.46037506689567376,0.43034238331558283,0.39219733548650154,0.41081983874921996,0.43903192645395117,0.4560279280661918,0.3294646127402635,0.3846270424759485,0.0,0.40239617999545507
0.37060315896911694,0.3678725048893078,0.32730768919858494,0.3240349312801933,0.35890271748588537,0.3358219339726313,0.3721900041355371,0.3768847466199236,0.3391817564272149,0.22747787434844327,0.3807811284589228,0.0,0.3664877203845006,0.36636321438491753,0.37485156903098116,0.38034980289132164,0.0,0.36549405696568726,0.38608333358687513,0.34198608898839944,0.37881517205529636,0.38562796670225896,0.3242041650055585,0.28028770329445296,0.3528811242790231,0.38780838582987714,0.0,0.3534887769309133,0.35307231692848523,0.35998065285262465,0.3766498713269636,0.3575256663269188,0.33619291266235096,0.37753970566480965,0.40077129057929933,0.37503097089473153,0.3579187914857282,0.25906735139230275,0.4426799856348075,0.0,0.4562261439793721,0.4749555809823877,0.45104178391801414,0.20579909155225282,0.0,0.31350018348835196,0.35795422216125733,0.4963272771632605,0.0,0.40437179590501754,0.44173629991646357,0.42942079610496453,0.42946481330218467,0.4948730315716609,0.0,0.47700936883364353,0.0,0.4398112068827896,0.44769756137810013,0.4230225546929463,0.23849624569127842,0.0,0.0,0.4934674055858893,0.41723495893103973,0.41874000783595966,0.4451006208505879,0.4619583672981031,0.0,0.24621505843920005,0.4184353407470244,0.44181405532138535,0.4341849030533074,0.44512644617234515,0.41729033136840804,0.4441639637457303
0.3567119047951239,0.3821866005967981,0.3936520587430784,0.24553324888135056,0.33935091343179974,0.34057568183419895,0.3385826280077031,0.379653738205532,0.403677080471251,0.3129870938003341,0.3967654797423175,0.29651041221846,0.3196839646760936,0.310528443560597,0.3582436984402585,0.3833889490510738,0.3304873220686439,0.3761345651934658,0.40606758615664124,0.3245609021059936,0.38066111179164613,0.37739844192553024,0.3640273816111097,0.3854104533811891,0.3693133254214331,0.35914706405908325,0.3534887769309133,0.0,0.306346647481893,0.2959260606976937,0.33037545724084977,0.3253884950285701,0.27515414081120687,0.32374875048831475,0.307037603194684,0.27433280079846145,0.26351316081232157,0.2453476281940191,0.4431329767227544,0.0,0.26487033672437066,0.24139884446477472,0.19366179276856169,0.18627416287440435,0.0,0.0,0.2525557684843338,0.3531569225812678,0.0,0.0,0.4414351159184843,0.3040506980874233,0.40850240113777525,0.3117648272407683,0.0,0.0,0.0,0.3374545671826624,0.0,0.37590155721918506,0.0,0.0,0.0,0.2982911102444043,0.41045799193734894,0.394810581286466,0.3177954083247904,0.4507344916643615,0.0,0.0,0.32284994337908995,0.44210546603272793,0.39801027996242755,0.4321969620966239,0.3218781462583605,0.390374452742974
0.37884513823876254,0.3662351888340858,0.29010887115569395,0.0,0.0,0.3100264405888884,0.3890436595754846,0.34072223157803866,0.29846664125284317,0.21697966046681336,0.0,0.0,0.3558239796077409,0.0,0.34627203157129466,0.3627259811606006,0.275987273574997,0.37356450553498105,0.0,0.29724962784419334,0.3609680035812945,0.3383864356444919,0.33326753318832303,0.32919128590728913,0.359900714618574,0.3546256811232197,0.35307231692848523,0.306346647481893,0.0,0.2926983006107498,0.3247571623422722,0.3735185205503507,0.3099977412622896,0.3633531850573501,0.400148394198033,0.40836627557566424,0.0,0.0,0.43117434928451404,0.0,0.42215182592369677,0.41300513300620545,0.32975452596309746,0.0,0.0,0.0,0.3392207157331764,0.0,0.0,0.0,0.42516835574415635,0.306841325063511,0.36302595668220883,0.3096538841974438,0.0,0.0,0.0,0.3303847965696852,0.0,0.3861180189329727,0.2605116024452582,0.0,0.0,0.0,0.37182484792995446,0.38689118541607853,0.32796516777904056,0.42700744710367616,0.0,0.0,0.4007222439878032,0.42981162440544557,0.39222268000210886,0.4181048380978387,0.35896140361496537,0.3973441853073194
0.0,0.0,0.0,0.0,0.0,0.35282649457563936,0.3963535382898663,0.37034236518942787,0.0,0.0,0.0,0.0,0.322690243683717,0.0,0.35949140504299104,0.34541999249105365,0.24599251560903088,0.34151542886440917,0.0,0.2729895454602394,0.3743151740280225,0.30937801921181207,0.36531979118138663,0.0,0.29284559335743,0.24569467012580756,0.35998065285262465,0.2959260606976937,0.2926983006107498,0.0,0.32648570786019804,0.3770821963752974,0.0,0.34555995058639183,0.3830998786786251,0.0,0.0,0.0,0.4400144183834167,0.0,0.0,0.0,0.0,0.0,0.0,0.0,0.0,0.0,0.0,0.0,0.40726990078446124,0.0,0.0,0.0,0.0,0.0,0.0,0.0,0.0,0.0,0.0,0.0,0.0,0.0,0.39841631976376823,0.40946298088630506,0.0,0.44289053060462213,0.0,0.0,0.0,0.4355976981356748,0.32606719620300273,0.3789761775455905,0.0,0.0
0.3291365084326302,0.32227204447650887,0.4188145857727514,0.0,0.40635313206393847,0.3886592169457521,0.3747572755653773,0.40265425638030805,0.42577894263151106,0.26261598052895135,0.42169224324528903,0.269274497442179,0.33559593509285524,0.0,0.35515084212619014,0.3147871243577595,0.30107579573965426,0.33962247927443906,0.42925785373346426,0.32787756434203236,0.35051698048343105,0.3307904236065455,0.38037981362939965,0.30224586257877917,0.3309622621021942,0.34294711647734494,0.3766498713269636,0.33037545724084977,0.3247571623422722,0.32648570786019804,0.0,0.35239886907855417,0.2963028738438395,0.2846623185171995,0.2995090917403761,0.35398007533254056,0.30166176977533554,0.2583768096941276,0.4245036106565275,0.3841168234919786,0.407092561490554,0.44990769393757474,0.0,0.0,0.0,0.39456053054691465,0.40242071855752076,0.3550426956021218,0.0,0.0,0.4509030444572601,0.3002253200680637,0.44633584598501685,0.2989942647571749,0.343455931019271,0.0,0.3511321091353417,0.3293543753941088,0.0,0.4149060463601537,0.37235144803577264,0.35002924164706406,0.3794328425824998,0.3487072701896448,0.41214994950776546,0.4285719099614573,0.4198968569049599,0.46584775087850494,0.40053028038046845,0.3930790591205516,0.4124166392892917,0.4496778975436536,0.3948714155230251,0.42890633111477633,0.0,0.3729494707751056
0.3640310194648021,0.37180281659647035,0.3513374034650494,0.23921556324603244,0.312582647465317,0.3449022478503449,0.3430239011140172,0.3074990694347348,0.37701827832949897,0.34704508689991204,0.3410019925558408,0.24716166492702904,0.33390017930750304,0.18442211711387826,0.37600977614800524,0.3795438551848312,0.35866895577211183,0.3524700856216004,0.37252264042548744,0.3866539978950281,0.377867518356634,0.38695664616629016,0.353844432804619,0.31826441343225964,0.35535605416209787,0.3770322367271605,0.3575256663269188,0.3253884950285701,0.3735185205503507,0.3770821963752974,0.35239886907855417,0.0,0.2861427900026819,0.3614184063621375,0.33133598576920553,0.22902168709226292,0.24849167652358983,0.20316461649632164,0.2756400468558603,0.28509922537678845,0.3371426729890398,0.28133659057897586,0.22129660386823258,0.20529120535389445,0.0,0.40684838832145515,0.42352484963197085,0.4198898116937784,0.0,0.0,0.43423206815287885,0.3697479889767787,0.4086489666229466,0.3411646667817454,0.38567505500566296,0.31453956452369874,0.0,0.4115271370315002,0.0,0.42155013837862587,0.39571969773493726,0.0,0.3846005345735875,0.3378663873600735,0.4180076535681545,0.426138378193071,0.43489638441637674,0.4396773338589416,0.0,0.40130006404809593,0.4327549409024235,0.4365554618074457,0.3868199240272894,0.43053712887421575,0.43337969149249134,0.4280077394715785
0.276642195671868,0.31702294430593847,0.0,0.0,0.31725213669670294,0.30376464944310594,0.3031231355954155,0.0,0.33497486855964653,0.2722153924370005,0.3267597773782072,0.2470948664113026,0.31898273059571336,0.0,0.3331511653104332,0.32533850087890714,0.29731412193109247,0.31352037853174286,0.2823304981651955,0.33648906978168347,0.32126476614619864,0.34209076730807414,0.30781983905951815,0.2317239661115726,0.29382355457246084,0.3180156734473604,0.33619291266235096,0.27515414081120687,0.3099977412622896,0.0,0.2963028738438395,0.2861427900026819,0.0,0.22761882222784002,0.3657181281010472,0.22022487436581548,0.2504508364638478,0.1797414859664418,0.24670722107262544,0.2702910823513788,0.30863220435803923,0.26265076163507006,0.0,0.18467549685384912,0.25116005427381044,0.38607241687712157,0.4192384588387794,0.0,0.0,0.0,0.0,0.0,0.0,0.0,0.3268804272522619,0.0,0.34161764332915673,0.0,0.0,0.4255250320707861,0.38284020576357236,0.33638243136086954,0.3585880059716291,0.0,0.3770687227335374,0.3985908560212652,0.43232452865357157,0.4105585512541163,0.33060005743562887,0.37348193081741826,0.39408369311679886,0.4228995818698804,0.0,0.3730052069917485,0.0,0.34369696947684814
0.31982361957533495,0.3346923850712869,0.4130284688096813,0.19898711122224352,0.4001057545662423,0.38547938957861466,0.37475355202159877,0.4011630855212465,0.42073278942946685,0.2648185789138241,0.40963018148286906,0.2433437070841318,0.3669739285295872,0.40075618670237095,0.37543450611957896,0.34466231531332187,0.3243143303002049,0.346731312446305,0.422485718735404,0.37630904114480884,0.36362004609861465,0.36936506167075983,0.38118280673252686,0.2598213127961189,0.3180944095763613,0.3419683759991234,0.37753970566480965,0.32374875048831475,0.3633531850573501,0.34555995058639183,0.2846623185171995,0.3614184063621375,0.22761882222784002,0.0,0.2872445659780831,0.32364692861264005,0.24266145348672533,0.19929622510589942,0.36930370054361217,0.27535558090089274,0.3280110959915756,0.31684642238160104,0.0,0.23434537812728629,0.20243856128305548,0.3967861517298915,0.41381435266973665,0.32805462426410836,0.0,0.0,0.4503686712455564,0.31707473054143476,0.4344112134795829,0.3163669880852378,0.33703976487631115,0.0,0.33779737691205797,0.39605996087870393,0.0,0.42886725919634905,0.3835375410679466,0.3405235387842562,0.3719009577896884,0.35522089089138276,0.42201918459995535,0.42557573896589335,0.43689344923496437,0.45651250685110595,0.36786117393928736,0.3875112537717346,0.422230616307993,0.4508802992219964,0.4749732268938039,0.4303797192744185,0.0,0.39180457887658865
0.397658307884469,0.4005739555906088,0.3626357380411691,0.30746161244649056,0.36863807810352944,0.38656984967076985,0.3419875545676165,0.40577055366864506,0.3889777372796002,0.31809459964289755,0.3889805028185744,0.30228672895126324,0.31466194467196074,0.0,0.4120637690952403,0.41064014346405264,0.36114461996450686,0.41132368282011006,0.3848769233488294,0.4161269796010827,0.41798830914028995,0.4204463387959673,0.39863560451396646,0.3295899011405254,0.366139574845993,0.39901684258467296,0.40077129057929933,0.307037603194684,0.400148394198033,0.3830998786786251,0.2995090917403761,0.33133598576920553,0.3657181281010472,0.2872445659780831,0.0,0.382904233633775,0.3079649282074218,0.23765504608983387,0.29791248690893596,0.2779540173344602,0.30729065204237255,0.29942941473082757,0.25034643930368455,0.23301468004002576,0.24809912119682498,0.0,0.44614975726323036,0.0,0.0,0.0,0.0,0.0,0.0,0.24056522673682473,0.0,0.0,0.0,0.23772668509851153,0.0,0.45003188762334084,0.4182834657501629,0.0,0.3889793588271631,0.0,0.42382394941017937,0.4655590392077244,0.46274877919265767,0.46985662573987824,0.0,0.4150202256632601,0.4501797020220042,0.4653140912749824,0.4223758718459774,0.42457618411323217,0.0,0.0
0.0,0.0,0.3441849990347442,0.16149291196441753,0.19146324363930445,0.36390252577090315,0.2512345218202116,0.25801429746113264,0.36014606922177905,0.2852427381293747,0.28991669570986917,0.27325036350023013,0.2674435962005903,0.1629185563877946,0.43824063416244957,0.0,0.0,0.0,0.34834880909582105,0.4188659325170488,0.4281936453061081,0.45023012032797793,0.33076341112327584,0.0,0.3209089095087896,0.3014803726679455,0.37503097089473153,0.27433280079846145,0.40836627557566424,0.0,0.35398007533254056,0.22902168709226292,0.22022487436581548,0.32364692861264005,0.382904233633775,0.0,0.16379967163904988,0.2520410604584843,0.22009610206785293,0.24933824892950757,0.25084077097907814,0.27635116486089384,0.2898963145028282,0.22734089251939077,0.0,0.0,0.0,0.4264671209973023,0.0,0.0,0.4032555936976465,0.35252688684134065,0.4187536055832483,0.46019743303189364,0.0,0.2992098368753631,0.0,0.3314381393873074,0.389112109932376,0.0,0.0,0.0,0.0,0.38125667467920504,0.3660321924512357,0.0,0.4368990168974691,0.4246009240566727,0.0,0.0,0.0,0.42056508361465694,0.20485134835472785,0.38055690504935735,0.0,0.0
0.0,0.0,0.3611289079078949,0.12381748378104285,0.2730244163652698,0.35872541222457227,0.20785265689347093,0.34638706822416293,0.3823113331263936,0.2560566233836287,0.3798788587037499,0.31653663279460326,0.2704527281815624,0.12453593296518409,0.0,0.0,0.0,0.0,0.3615425925002373,0.0,0.0,0.0,0.3415126927292422,0.0,0.0,0.0,0.3579187914857282,0.26351316081232157,0.0,0.0,0.30166176977533554,0.24849167652358983,0.2504508364638478,0.24266145348672533,0.3079649282074218,0.16379967163904988,0.0,0.25598547111168946,0.24286948218619026,0.0,0.25402620577254104,0.2759783174869278,0.24171222862477085,0.24382652299899063,0.0,0.0,0.0,0.0,0.0,0.0,0.29474656230217594,0.0,0.0,0.0,0.0,0.0,0.0,0.0,0.0,0.0,0.0,0.0,0.0,0.0,0.0,0.0,0.0,0.3551476582821472,0.0,0.0,0.0,0.3084853882144025,0.0,0.0,0.0,0.0
