0.0,0.2599973522191033,0.0,0.0,0.0,0.24951309900830732,0.21723548374582993,0.33228890146742546,0.18388622941725963,0.19585679401944747,0.0,0.2340716018924481,0.2563963202816097,0.3237763344931803,0.284958258541997,0.2791503718402655,0.0,0.25987573843507844,0.0,0.29141239991094886,0.2639010392454034,0.2746911526018575,0.3145048964308229,0.25619960958019844,0.2583725157289345,0.24536548630909621,0.31657841044858387,0.28085882785921723,0.28983885122901243,0.2598865407018837,0.24396454682759314,0.2815075259554711,0.25658550963138,0.24538886490219936,0.2862428821510667,0.2968871770758298,0.0,0.0,0.29582421151860283,0.2698680984390811,0.2749676618920854,0.31414458674555396,0.0,0.0,0.0,0.18293693438410016,0.31204968276536105,0.0,0.0,0.0,0.2518491552787034,0.0,0.0,0.0,0.0,0.0,0.23676049631362395,0.24486580925400594,0.0,0.26554467740624094,0.3105568910412387,0.0,0.3014052167148789,0.0,0.0,0.1921317906301854,0.3112325613985339,0.2912599290520862,0.2890042669074725,0.291357208446748,0.29361554393396955,0.0,0.0,0.0,0.0,0.27648013097939245
0.2599973522191033,0.0,0.0,0.0,0.0,0.2680573724909972,0.2568697074677821,0.3051043399492616,0.2442286490747542,0.1861130968653875,0.0,0.16830813636626005,0.26752923480419777,0.0,0.2940939006668155,0.28851646137566955,0.0,0.26801042335475295,0.0,0.28755436695574976,0.26604920233693014,0.28400502782326564,0.2959509957895373,0.0,0.26106516792351453,0.27602600209074013,0.293417947129397,0.2698714372946066,0.2766877062505883,0.0,0.25637907043860075,0.2816762185656489,0.2255237408864191,0.25656625789161897,0.3014279663457057,0.0,0.0,0.0,0.31775318542124154,0.30327619517479454,0.3096647771349556,0.3325008875553834,0.0,0.0,0.0,0.27832582529415006,0.32380438883339296,0.0,0.0,0.0,0.2868333395649744,0.23511608486253263,0.2781627387077982,0.0,0.23995134288695052,0.0,0.2710608533420282,0.2177073330334368,0.0,0.3471147667556793,0.3169698951458574,0.25140049431045386,0.31512208332892766,0.0,0.3150050030130983,0.31793878878339704,0.3346906434369749,0.28964067946761746,0.3358585009231566,0.30984440700685906,0.3331932316459918,0.33263067871363095,0.23072890432318338,0.314840356767663,0.0,0.3011742014245589
0.0,0.0,0.0,0.2544454416544423,0.2726598014990487,0.22733405216358343,0.29583552172904753,0.3402569287284357,0.19440738465257595,0.27424682697581915,0.23803620754805196,0.22616535651253247,0.2994391311245285,0.3076089687440929,0.0,0.0,0.259416464481281,0.0,0.17173840998781664,0.0,0.0,0.2903069648652593,0.21064401232653046,0.0,0.1984947663081659,0.0,0.20957164381839768,0.3042657236118283,0.28979877442632673,0.29028330908769234,0.31420925388393417,0.32926810667718387,0.0,0.3033004374504352,0.31487574275113467,0.30290368396522427,0.280718395999472,0.0,0.39557751223945115,0.0,0.0,0.0,0.3683351040142898,0.0,0.0,0.0,0.0,0.2225859424955236,0.0,0.3767972512620906,0.3941526713157988,0.3981906193005586,0.42747247157434054,0.41208430568996407,0.0,0.29310327126459546,0.0,0.3829227101504916,0.37871352025116983,0.0,0.0,0.0,0.0,0.2530529520636836,0.0,0.0,0.0,0.3166055985155579,0.0,0.0,0.0,0.3790853227919287,0.31679536146758275,0.2796423049275542,0.0,0.3302371571227301
0.0,0.0,0.2544454416544423,0.0,0.14472764071755767,0.26782222999219485,0.15838930770903947,0.21774601422193535,0.27277086037237475,0.19346134436744336,0.24776555143716497,0.23527840547341883,0.18859109661299792,0.18505284551869158,0.0,0.0,0.0,0.0,0.279155698906473,0.0,0.0,0.0,0.2698395276363466,0.0,0.0,0.0,0.2713700773569631,0.15806984604964,0.0,0.0,0.1932353522634737,0.19112497593901318,0.17695056160704525,0.1850312814976152,0.219902471458991,0.139981213595992,0.11583024550309828,0.0,0.0,0.0,0.0,0.0,0.0,0.15456843274336152,0.0,0.0,0.0,0.0,0.0,0.0,0.0,0.0,0.0,0.0,0.0,0.0,0.14686687108732666,0.0,0.0,0.0,0.0,0.0,0.0,0.0,0.0,0.0,0.0,0.2316879444627193,0.0,0.0,0.0,0.2517423330858228,0.0,0.0,0.0,0.0
0.0,0.0,0.2726598014990487,0.14472764071755767,0.0,0.2779662870343349,0.23231678288213384,0.2833072035609104,0.25411088359042955,0.26461712982538516,0.24821969880358233,0.2558244782902617,0.25887971638815505,0.19287761105236137,0.0,0.0,0.0,0.0,0.2845997292316246,0.0,0.0,0.0,0.26019884401528154,0.25164391136884356,0.2433247490206777,0.0,0.28141835261352816,0.24567512978385786,0.0,0.0,0.3081894443916021,0.2561435471073253,0.273082306473179,0.29809380272616126,0.24685851499674294,0.16163550681269676,0.1853859331914748,0.24801455231758013,0.30612757027938275,0.0,0.0,0.0,0.31158925700550605,0.0,0.0,0.0,0.0,0.3756337081537018,0.0,0.0,0.34838311275069833,0.2968449845256159,0.35702419059515317,0.34402346106941073,0.0,0.35525024925041365,0.0,0.2647345350505597,0.0,0.0,0.0,0.0,0.0,0.36419015497353574,0.0,0.0,0.0,0.37369933131227506,0.0,0.0,0.0,0.35375577974661876,0.26238383441876156,0.0,0.0,0.0
0.24951309900830732,0.2680573724909972,0.22733405216358343,0.26782222999219485,0.2779662870343349,0.0,0.27359467095398,0.28992435401491834,0.2513091803064238,0.2520000591345997,0.27722029873925474,0.226583777979281,0.2562466978944113,0.2825122696201973,0.28866273177075014,0.30642440014623573,0.20542779909692355,0.27273353825073926,0.25162504852847245,0.2780262666211841,0.2755407392174411,0.29343354315625997,0.26695039805408655,0.2135679500240254,0.26295838483830386,0.2736686932359149,0.2338788776782266,0.26076647309995454,0.25873991476200436,0.2805065758123806,0.28691723782348494,0.2764247470090669,0.26559436558415067,0.2888775624544351,0.30160856817381726,0.26285234350778885,0.2824172309902227,0.2400126248695827,0.3598800406801549,0.0,0.35590726667043854,0.277007408949609,0.31574599288670796,0.21156148371694608,0.0,0.2169699771465235,0.23055291812600004,0.39170009217283136,0.0,0.34925339845409137,0.3685805671906862,0.3769046720911602,0.36733116858303977,0.3897806311575945,0.0,0.3701085543991245,0.0,0.3800193017777688,0.3362407623429608,0.3275652938401811,0.20289832413314673,0.0,0.21054148985354756,0.39012257880456924,0.3267714801591209,0.2905661039959902,0.31424923254531434,0.3692362560362745,0.0,0.21004847955085723,0.26859928551299733,0.3654487586633453,0.37026301921806676,0.3474881035549263,0.3273227243800098,0.36921734652564653
0.21723548374582993,0.2568697074677821,0.29583552172904753,0.15838930770903947,0.23231678288213384,0.27359467095398,0.0,0.2953908860887934,0.28568975785243705,0.23303315927463578,0.3086590398613184,0.26075889055111695,0.24530556756652327,0.23611531044361625,0.0,0.34629717367644436,0.2883242379485475,0.2991041958842848,0.31089722123528735,0.30034604806916704,0.285155695591582,0.32574444507913664,0.28473150669495817,0.2816684920141183,0.2864813576537159,0.27949720697513825,0.28581242078509367,0.25766242206365775,0.2880196597855122,0.0,0.29997813249178024,0.26260199980039495,0.30213031120148237,0.2990702207981185,0.3044077888657874,0.18491429997831313,0.16463747709793025,0.24789613875356886,0.2827835107866555,0.0,0.2727952389227189,0.2886713001345897,0.26550691403497434,0.2625427195927142,0.0,0.0,0.24242830241924726,0.348176540930549,0.0,0.0,0.349194289761327,0.2951406569606151,0.31508349561117194,0.32503684579818454,0.0,0.3016671075232925,0.0,0.27636793969330636,0.0,0.0,0.22906346211394854,0.0,0.2267163285732197,0.31538397813109975,0.2653499190710849,0.0,0.0,0.36241597844780554,0.0,0.2329077153807458,0.22938009438354873,0.36050286773482904,0.2698573947718028,0.2776356648214911,0.2965861750251251,0.2686689705512685
0.33228890146742546,0.3051043399492616,0.3402569287284357,0.21774601422193535,0.2833072035609104,0.28992435401491834,0.2953908860887934,0.0,0.34906333626892244,0.27646305130112403,0.28493292036770684,0.28341892797310986,0.293936546057187,0.2515010550150624,0.0,0.30872759298874036,0.0,0.31415454405085536,0.36125045891085594,0.0,0.2494974282859784,0.31473184192971404,0.2421467382461323,0.34989849414426116,0.31879684401816016,0.32000541300008145,0.30899423995719794,0.29515668693890834,0.26016796778226897,0.2907732161837022,0.3088344749359429,0.2675495817164383,0.3040032811728575,0.3109458352035614,0.3171027484705069,0.2105766869034476,0.2727660653422976,0.0,0.3477294616421308,0.0,0.35313531709174667,0.0,0.3178968859255513,0.2650687912242993,0.0,0.0,0.0,0.4008401290382658,0.0,0.0,0.3630872302597739,0.37465750450571284,0.35850935456590777,0.4008683576101663,0.0,0.37370820286308826,0.0,0.36918432281357955,0.3765202200388231,0.0,0.0,0.0,0.0,0.3853799491510218,0.3365719305915899,0.3334222965300682,0.0,0.35301613558892597,0.0,0.22432291349331945,0.2737797004864712,0.3783015263544972,0.3520249948828339,0.35423216098749416,0.0,0.3598225118850936
0.18388622941725963,0.2442286490747542,0.19440738465257595,0.27277086037237475,0.25411088359042955,0.2513091803064238,0.28568975785243705,0.34906333626892244,0.0,0.30423124819773223,0.24458362101568468,0.2669328623024327,0.2697825209182954,0.2927990119092803,0.0,0.29147562767130586,0.2447997740648724,0.20620477752988067,0.18602514255278665,0.27596808109356663,0.0,0.2862648199174509,0.27195595767153957,0.24340207193607027,0.21454804300808536,0.23860260425293495,0.2339764468654544,0.3042973176649305,0.26527315754003156,0.2842322011468579,0.31484734400368003,0.3014646639537366,0.26840716817238885,0.31265361287246207,0.30718800754096165,0.28554765936638943,0.2989767100831597,0.26778941193133615,0.39053881664735157,0.0,0.3009754879621174,0.0,0.3530157072821242,0.19404088842809036,0.0,0.0,0.2103066830042468,0.3901906690752228,0.0,0.33654050240048083,0.38592318928417474,0.3655012846686297,0.39151978653016783,0.39973363493769015,0.0,0.38658059635649383,0.25508652950210636,0.34957223573233936,0.33639656728658773,0.0,0.20725504367492512,0.0,0.0,0.39687822959276325,0.0,0.0,0.0,0.3874913999256656,0.0,0.20493631090003064,0.20565598961819936,0.38582994632509193,0.30341473803956664,0.0,0.0,0.30352308892412677
0.19585679401944747,0.1861130968653875,0.27424682697581915,0.19346134436744336,0.26461712982538516,0.2520000591345997,0.23303315927463578,0.27646305130112403,0.30423124819773223,0.0,0.31024822349946873,0.20566844540894694,0.2621382571113004,0.0,0.0,0.24371390006302915,0.22674238953903578,0.2661109777724767,0.30536780130069774,0.24419909229963668,0.30225991510332845,0.23773446332709805,0.2870704767500898,0.2109788979780531,0.20170427366427285,0.21202086166827588,0.27533952972060466,0.2454414791240512,0.23896833648064936,0.0,0.21180148844004407,0.21552858822732265,0.18715183683202508,0.2074119872741994,0.18086388590781877,0.228336333789086,0.17197027586187266,0.1700680555470424,0.18509472809384406,0.2352079594357036,0.2420021582548838,0.23370461210198099,0.0,0.0,0.21346664995230324,0.0,0.25535204980267284,0.0,0.0,0.0,0.0,0.0,0.0,0.0,0.31095647751750627,0.0,0.31977104038503806,0.0,0.0,0.0,0.24882415562105506,0.309955617456395,0.25847996773859083,0.0,0.0,0.0,0.0,0.2559686469490219,0.33148969531903494,0.3060805554148124,0.3195573465103605,0.2546753106812293,0.0,0.0,0.0,0.2837990248430461
0.0,0.0,0.23803620754805196,0.24776555143716497,0.24821969880358233,0.27722029873925474,0.3086590398613184,0.28493292036770684,0.24458362101568468,0.31024822349946873,0.0,0.2843598422577742,0.31975513583964255,0.19548584741286856,0.0,0.0,0.2548207326802304,0.0,0.21064701329504304,0.0,0.0,0.0,0.21069057776201133,0.28306746088010887,0.25841438024747543,0.2319249133121356,0.2714453137006691,0.3124859487403701,0.0,0.0,0.3300926389282364,0.2909947987335629,0.251346702060221,0.32536796490256387,0.3058154075702253,0.2702144614776328,0.3126557997758848,0.2880902424933965,0.36700338435305,0.0,0.0,0.0,0.33167506749795733,0.2739141709263788,0.0,0.0,0.0,0.407289366752033,0.0,0.25833278572472945,0.38738086031425095,0.3468823783947986,0.386946844694589,0.4100542273988151,0.0,0.2181830722694832,0.0,0.34312663245710767,0.3264170236536371,0.0,0.0,0.0,0.0,0.20383597064312728,0.0,0.0,0.0,0.39877659461150633,0.0,0.0,0.0,0.409189028146919,0.28456521512716415,0.0,0.0,0.2998226892148675
0.2340716018924481,0.16830813636626005,0.22616535651253247,0.23527840547341883,0.2558244782902617,0.226583777979281,0.26075889055111695,0.28341892797310986,0.2669328623024327,0.20566844540894694,0.2843598422577742,0.0,0.2355571604199007,0.0,0.0,0.18836121334165984,0.26180848943645957,0.25536824104827277,0.2615546353281372,0.20856963845342888,0.0,0.19846869743823206,0.2496491694516477,0.2142185560383143,0.2131354929908649,0.19459829308558813,0.23841262357695892,0.24368281493410382,0.0,0.0,0.2232372451787229,0.1816223520824005,0.1769582745976179,0.17518698309776892,0.1770339349138845,0.2259272615584972,0.17483309570008487,0.159810252780717,0.18931674887812752,0.25658022379180856,0.25266247324268826,0.0,0.2225182386822009,0.0,0.22759255084346233,0.0,0.25221739883296945,0.0,0.0,0.0,0.0,0.0,0.0,0.0,0.3169459210878203,0.0,0.2847940761136991,0.0,0.0,0.0,0.0,0.327572538331628,0.28440555646949295,0.0,0.0,0.0,0.0,0.31098646069438557,0.31558805040567056,0.31387100234896487,0.31244317763441626,0.0,0.0,0.0,0.0,0.29582370151914217
0.2563963202816097,0.26752923480419777,0.2994391311245285,0.18859109661299792,0.25887971638815505,0.2562466978944113,0.24530556756652327,0.293936546057187,0.2697825209182954,0.2621382571113004,0.31975513583964255,0.2355571604199007,0.0,0.28201906451986103,0.30132109892367465,0.33042399529798017,0.2748584948519293,0.3071551568479955,0.3157885467840784,0.2900545132146387,0.2974916801995924,0.32355479072070575,0.2876641515402708,0.21028504959312608,0.2911050192039832,0.2824585721332447,0.28632331573180436,0.2284760224484711,0.2670967026198527,0.2307439107749065,0.2861441020238323,0.26175108434222794,0.24855878799198342,0.2795605389599235,0.28389931368096855,0.20948943910609952,0.19801371277174692,0.24075903355146025,0.3242128380364284,0.0,0.3199627200517064,0.29017964794375606,0.2851325500778928,0.2700279927591991,0.0,0.22572191009118137,0.21954955572785023,0.3573742125556287,0.0,0.0,0.3877583006296567,0.3026165059540063,0.3446967663607948,0.31850698001268485,0.0,0.3224301912937536,0.223679673317997,0.29259630269372666,0.0,0.27567097478409347,0.21471924575704818,0.0,0.22900467562324775,0.32248889418668125,0.3061554460202896,0.0,0.2535772041907357,0.36240084222792335,0.0,0.24031990506897535,0.24706338493396024,0.3661512870977434,0.3120045831790568,0.33922363731239275,0.29647051694362625,0.2914682137375747
0.3237763344931803,0.0,0.3076089687440929,0.18505284551869158,0.19287761105236137,0.2825122696201973,0.23611531044361625,0.2515010550150624,0.2927990119092803,0.0,0.19548584741286856,0.0,0.28201906451986103,0.0,0.0,0.0,0.0,0.0,0.29010320427456837,0.0,0.30215709866783136,0.3275279803884219,0.26427297170108,0.289500149389867,0.0,0.2946931019470119,0.2910191590651513,0.28239653220183264,0.25494234877796823,0.0,0.0,0.23566079607134896,0.0,0.0,0.0,0.18171653247020952,0.1165428710209694,0.0,0.3855127035356209,0.0,0.0,0.0,0.0,0.0,0.0,0.0,0.0,0.3583914933486724,0.0,0.0,0.0,0.0,0.0,0.37074329404179823,0.0,0.356044321584749,0.0,0.0,0.0,0.0,0.0,0.0,0.0,0.0,0.0,0.0,0.0,0.0,0.0,0.0,0.0,0.37580274905200706,0.0,0.0,0.0,0.0
0.284958258541997,0.2940939006668155,0.0,0.0,0.0,0.28866273177075014,0.0,0.0,0.0,0.0,0.0,0.0,0.30132109892367465,0.0,0.0,0.3032675458149492,0.0,0.2970123961166971,0.0,0.2631785242736763,0.28359259703690254,0.29675890239971514,0.25651907108194155,0.3335079463953043,0.28148108478865047,0.30781741634793236,0.2782747404738237,0.30018266246191494,0.2902507674404805,0.2950515075959398,0.29750252515027265,0.31824947397605824,0.297623137776265,0.32195008875684583,0.3507307997961357,0.0,0.31237675126795306,0.0,0.35654288432442727,0.3376235308179142,0.3682040132885774,0.37424635710275217,0.371461217207495,0.2698300649159956,0.0,0.0,0.3568567802123119,0.0,0.0,0.0,0.3333269285204287,0.0,0.36460655680087883,0.0,0.0,0.0,0.0,0.3037578137250906,0.0,0.36878738429745556,0.339072129197594,0.0,0.2581597012789949,0.0,0.3592854222787276,0.3334191449420678,0.3672604595985858,0.3495905867966484,0.0,0.2624852917782537,0.37930458883794493,0.3561609375723516,0.3465216446978283,0.3554729122154146,0.0,0.3699984894292896
0.2791503718402655,0.28851646137566955,0.0,0.0,0.0,0.30642440014623573,0.34629717367644436,0.30872759298874036,0.29147562767130586,0.24371390006302915,0.0,0.18836121334165984,0.33042399529798017,0.0,0.3032675458149492,0.0,0.26723266862270256,0.25333426865376485,0.0,0.3180264782806146,0.28588952441793736,0.30358041836244265,0.30061172653550405,0.22173183840914515,0.24758387521392444,0.28997874807020657,0.3167109529450772,0.34432372528894234,0.32212750818882824,0.3114619864669358,0.2517091921035819,0.2987688335984164,0.2704134569314552,0.27478607425681634,0.29070460112079577,0.0,0.0,0.0,0.31436995637139586,0.2887144832106948,0.30666714351095253,0.3240696860579225,0.0,0.0,0.0,0.2964410870806246,0.32713277091783727,0.0,0.0,0.0,0.23099109378061408,0.0,0.0,0.0,0.2389321946639461,0.0,0.24932654321236236,0.23598044734086132,0.0,0.3436033812594067,0.3167388682132293,0.22331748451915395,0.2958073902140219,0.0,0.31865912358247866,0.3093851298382625,0.33491546086682616,0.2587802664211242,0.2900821715191709,0.30368001230276614,0.3261734299960568,0.28793436284181095,0.2523103299956322,0.29427340481138053,0.0,0.2966948022227392
0.0,0.0,0.259416464481281,0.0,0.0,0.20542779909692355,0.2883242379485475,0.0,0.2447997740648724,0.22674238953903578,0.2548207326802304,0.26180848943645957,0.2748584948519293,0.0,0.0,0.26723266862270256,0.0,0.24156928872452918,0.2789965607042684,0.27301067572390925,0.0,0.2812603179517059,0.0,0.2618344763830197,0.2441176906115908,0.24590136622322348,0.0,0.29348791637900584,0.2478834330685078,0.2258515395100613,0.24883129860631437,0.28609693760908195,0.23755742051578027,0.25816510949968574,0.25491584268073864,0.2848488038468421,0.0,0.23980296671526258,0.2903670979450834,0.263445167536169,0.27724542280504805,0.0,0.0,0.0,0.0,0.0,0.0,0.0,0.0,0.0,0.0,0.0,0.0,0.0,0.31945078423331813,0.0,0.32986861755817976,0.0,0.0,0.0,0.0,0.3011000229704799,0.29051257818383885,0.0,0.0,0.0,0.0,0.0,0.3196930116451156,0.3096995812047682,0.32190016938652066,0.0,0.0,0.0,0.0,0.26538228911739997
0.25987573843507844,0.26801042335475295,0.0,0.0,0.0,0.27273353825073926,0.2991041958842848,0.31415454405085536,0.20620477752988067,0.2661109777724767,0.0,0.25536824104827277,0.3071551568479955,0.0,0.2970123961166971,0.25333426865376485,0.24156928872452918,0.0,0.0,0.2997525719473369,0.2866486126953513,0.288422399775966,0.301337710641658,0.24215615396587975,0.24422225071145523,0.24653810120840622,0.2940106461391904,0.3135744324412506,0.2973159073092658,0.25728089166504414,0.25966525668259954,0.2729395084793832,0.2242563304000852,0.262344338471795,0.2600600863831218,0.0,0.0,0.2231580684896229,0.29639987491793857,0.26791610627720397,0.2892747101544331,0.3030202170045194,0.0,0.0,0.0,0.28631899047630416,0.3144858044941396,0.0,0.0,0.0,0.22481968006079295,0.0,0.0,0.0,0.3079765753483557,0.0,0.31704037820476816,0.0,0.0,0.0,0.29758136669838264,0.3012956785769681,0.2960828723589455,0.0,0.2391698266977083,0.0,0.3063221805832629,0.0,0.3093501346380656,0.30402584717309505,0.3108283176626059,0.0,0.2344998858746381,0.23647694528795526,0.0,0.29220255262212985
0.0,0.0,0.17173840998781664,0.279155698906473,0.2845997292316246,0.25162504852847245,0.31089722123528735,0.36125045891085594,0.18602514255278665,0.30536780130069774,0.21064701329504304,0.2615546353281372,0.3157885467840784,0.29010320427456837,0.0,0.0,0.2789965607042684,0.0,0.0,0.0,0.0,0.0,0.18752809589840336,0.24634336621289513,0.21671663927157991,0.0,0.22913161829550466,0.3084766053488061,0.0,0.0,0.3221559531103442,0.3224317164957356,0.22440119974304001,0.3239808611370991,0.3368788600483413,0.2981531417017835,0.29527871653203774,0.25519903492380097,0.3784886287528379,0.0,0.0,0.0,0.3567301043257124,0.0,0.0,0.0,0.0,0.29986372101661535,0.0,0.38402606534283873,0.3932254484514392,0.3660164676134459,0.4141356322170825,0.4078433140997145,0.0,0.40589226271623563,0.0,0.3593937782774244,0.38057433257386464,0.0,0.0,0.0,0.0,0.40492992596777994,0.0,0.0,0.0,0.3998934037103862,0.0,0.0,0.0,0.4045540176547874,0.27519413631572165,0.0,0.0,0.0
0.29141239991094886,0.28755436695574976,0.0,0.0,0.0,0.2780262666211841,0.30034604806916704,0.0,0.27596808109356663,0.24419909229963668,0.0,0.20856963845342888,0.2900545132146387,0.0,0.2631785242736763,0.3180264782806146,0.27301067572390925,0.2997525719473369,0.0,0.0,0.3032515078049679,0.2760263882749997,0.21053391933927645,0.2610776089439802,0.29861933130348534,0.30869938607086667,0.2352793615492806,0.25834753005316385,0.22938717700126693,0.23307602110716164,0.2783584685532889,0.3186947130580947,0.2979790299374958,0.31581498374275213,0.34563892855319706,0.0,0.31103076362618837,0.0,0.3553331275237466,0.3372306656600853,0.38667564154733447,0.34697836184494224,0.0,0.0,0.0,0.2632524078702474,0.3067926457337893,0.0,0.0,0.0,0.33132244127762767,0.0,0.35470590997710477,0.0,0.0,0.0,0.0,0.3016813366968488,0.0,0.38167553741500676,0.2486769570404385,0.0,0.22247782334825206,0.0,0.3556223910556063,0.34511379514927526,0.3601846555227723,0.35969210677590563,0.0,0.2295998584715392,0.32963851040564607,0.3532636845692698,0.3566089523260259,0.3775891664276757,0.3063265757847886,0.3546774990635975
0.2639010392454034,0.26604920233693014,0.0,0.0,0.0,0.2755407392174411,0.285155695591582,0.2494974282859784,0.0,0.30225991510332845,0.0,0.0,0.2974916801995924,0.30215709866783136,0.28359259703690254,0.28588952441793736,0.0,0.2866486126953513,0.0,0.3032515078049679,0.0,0.29738802987878565,0.2557228613597891,0.32161480030679584,0.2771802851122708,0.277093506309268,0.2823823759836829,0.3070354588589528,0.28275598988094824,0.29656143962267817,0.2821490967582712,0.2942227539388393,0.2302670915518601,0.28931138195579476,0.3307906535944735,0.26255869427504275,0.0,0.0,0.3190236709988542,0.25374367178937474,0.3172299891749818,0.3476204039882809,0.0,0.0,0.0,0.22680983448679598,0.3444537838170138,0.0,0.0,0.0,0.321701310859963,0.0,0.29164698208021406,0.0,0.0,0.0,0.0,0.3055887257647555,0.0,0.3152795342278793,0.3226327716809568,0.0,0.25644319146874156,0.0,0.34462619045250414,0.20389273153480003,0.34182529426541686,0.311795362279512,0.0,0.26859638068158836,0.332794247928941,0.33769110266012003,0.33838495869378754,0.33632842373676997,0.343892017064936,0.3327804115098308
0.2746911526018575,0.28400502782326564,0.2903069648652593,0.0,0.0,0.29343354315625997,0.32574444507913664,0.31473184192971404,0.2862648199174509,0.23773446332709805,0.0,0.19846869743823206,0.32355479072070575,0.3275279803884219,0.29675890239971514,0.30358041836244265,0.2812603179517059,0.288422399775966,0.0,0.2760263882749997,0.29738802987878565,0.0,0.3066676916160708,0.17365832932449896,0.2883065026394136,0.2970759907308559,0.31358409947612303,0.29999607478927554,0.305306299794235,0.1943336995991964,0.2740266652109127,0.3200107494932559,0.27437298730191456,0.3040773993649721,0.3428169805453229,0.36780270566439727,0.0,0.0,0.3403406670577131,0.3296440868830931,0.33208768337076255,0.36224780254917055,0.0,0.0,0.0,0.28582596376596603,0.3393742532799567,0.0,0.0,0.0,0.31171455066159015,0.22280501057011254,0.35077007398303683,0.23944340032234782,0.0,0.0,0.0,0.2315124123405725,0.0,0.36771786086582725,0.32795160627218395,0.0,0.2780431265849482,0.0,0.3602904683496336,0.34025559103295316,0.35283862686178596,0.34448301900835937,0.0,0.3049152990098888,0.35193201029846455,0.3721955040756105,0.30070404619937774,0.36050130610073366,0.0,0.32454966433805216
0.3145048964308229,0.2959509957895373,0.21064401232653046,0.2698395276363466,0.26019884401528154,0.26695039805408655,0.28473150669495817,0.2421467382461323,0.27195595767153957,0.2870704767500898,0.21069057776201133,0.2496491694516477,0.2876641515402708,0.26427297170108,0.25651907108194155,0.30061172653550405,0.0,0.301337710641658,0.18752809589840336,0.21053391933927645,0.2557228613597891,0.3066676916160708,0.0,0.34817086238652734,0.2871270126918624,0.30050997506532273,0.23174321704593423,0.2953332892636693,0.2754723560318759,0.2967981620468038,0.2973740677975047,0.2862651249578138,0.2756559212537503,0.30566304545900824,0.3279760364921231,0.2563567310524295,0.28482487055614814,0.23785888929119137,0.3701513119447267,0.0,0.3741633775964961,0.3776547087936728,0.33453431035055087,0.2777758655757272,0.0,0.29534810410394435,0.30531963327692807,0.36292773076815954,0.0,0.4020633780926504,0.3711481413479166,0.3812218485169813,0.36754965169360165,0.39365326950686347,0.0,0.39105795147474576,0.2729129241211929,0.37613068618256984,0.35417327171640595,0.3560111443456335,0.2473117138778106,0.0,0.23958928535131288,0.38163060477054606,0.3567843105882239,0.3495417960994172,0.3666311274199479,0.37078184872375197,0.0,0.22585577772235446,0.33098594733425074,0.37120053934623104,0.3681581230040503,0.3658514371774059,0.3711808220078764,0.3766091531338667
0.25619960958019844,0.0,0.0,0.0,0.25164391136884356,0.2135679500240254,0.2816684920141183,0.34989849414426116,0.24340207193607027,0.2109788979780531,0.28306746088010887,0.2142185560383143,0.21028504959312608,0.289500149389867,0.3335079463953043,0.22173183840914515,0.2618344763830197,0.24215615396587975,0.24634336621289513,0.2610776089439802,0.32161480030679584,0.17365832932449896,0.34817086238652734,0.0,0.23333799391016954,0.21706483593379275,0.24374320475881128,0.21664258064302963,0.2612787177325616,0.0,0.22553722371790821,0.16997198739063868,0.16287805742514688,0.1646391821805018,0.17765286688217788,0.266298031110485,0.1717192001635948,0.17246371851159317,0.19969433710047566,0.2248525782987751,0.2635315975472785,0.0,0.0,0.0,0.20500160579656382,0.20732664172063014,0.0,0.0,0.0,0.0,0.0,0.0,0.0,0.0,0.30072797926753975,0.0,0.3083863317211083,0.0,0.0,0.2231993391305849,0.3032351795330748,0.30832378516241504,0.3112893982215571,0.0,0.0,0.22364431671105642,0.24860241364910673,0.0,0.26713157790946657,0.30734287861316156,0.30781396453247145,0.0,0.0,0.0,0.0,0.29790046790318114
0.2583725157289345,0.26106516792351453,0.1984947663081659,0.0,0.2433247490206777,0.26295838483830386,0.2864813576537159,0.31879684401816016,0.21454804300808536,0.20170427366427285,0.25841438024747543,0.2131354929908649,0.2911050192039832,0.0,0.28148108478865047,0.24758387521392444,0.2441176906115908,0.24422225071145523,0.21671663927157991,0.29861933130348534,0.2771802851122708,0.2883065026394136,0.2871270126918624,0.23333799391016954,0.0,0.24081579401852712,0.2804765630138322,0.29853990226729205,0.3000424627779724,0.22542638285003638,0.2489765993576936,0.2630890451091652,0.21024720485467643,0.24254053083095714,0.2528574192629856,0.2794979821860861,0.0,0.22993495418962456,0.301186236623917,0.27670690275909215,0.29316303706747804,0.30053506446237904,0.0,0.0,0.0,0.28059518858162175,0.3150489320597158,0.0,0.0,0.0,0.2241495788233847,0.2163205768709817,0.0,0.0,0.32154750948580463,0.0,0.32292572080552656,0.24397316868869454,0.0,0.3134063743825751,0.3060228300787782,0.30946236020659956,0.29900338900815254,0.0,0.28331452200892976,0.26559634968546636,0.3426691708916556,0.2346248337964745,0.29595918591342624,0.3038090560069544,0.30959146086630857,0.2445996985735677,0.26575684416953027,0.2917687488507626,0.0,0.29706701043478334
0.24536548630909621,0.27602600209074013,0.0,0.0,0.0,0.2736686932359149,0.27949720697513825,0.32000541300008145,0.23860260425293495,0.21202086166827588,0.2319249133121356,0.19459829308558813,0.2824585721332447,0.2946931019470119,0.30781741634793236,0.28997874807020657,0.24590136622322348,0.24653810120840622,0.0,0.30869938607086667,0.277093506309268,0.2970759907308559,0.30050997506532273,0.21706483593379275,0.24081579401852712,0.0,0.31137860962465314,0.2782573824978891,0.28655030675797116,0.23027961048195203,0.2516274935045963,0.2894801462540037,0.2385876425821105,0.26533230087283255,0.30739287009881916,0.30417353344810527,0.0,0.21505828051801865,0.325287846774749,0.29568956912538313,0.31479663198006075,0.32842149810176485,0.0,0.0,0.0,0.28444110562885633,0.33634604597020046,0.0,0.0,0.0,0.29774415180853975,0.24549938746313435,0.0,0.0,0.32439991234493903,0.0,0.32461187998131386,0.2595416591177934,0.0,0.3759255888583104,0.3187296498171705,0.3124982208395086,0.3051244331541399,0.0,0.36783639876488,0.34103531257520503,0.36318062338041146,0.3292833449447355,0.2827393761974239,0.3064880875368887,0.32281342620014436,0.3623944405360945,0.28584668398092866,0.32446423548756576,0.0,0.3039199579427672
0.31657841044858387,0.293417947129397,0.20957164381839768,0.2713700773569631,0.28141835261352816,0.2338788776782266,0.28581242078509367,0.30899423995719794,0.2339764468654544,0.27533952972060466,0.2714453137006691,0.23841262357695892,0.28632331573180436,0.2910191590651513,0.2782747404738237,0.3167109529450772,0.0,0.2940106461391904,0.22913161829550466,0.2352793615492806,0.2823823759836829,0.31358409947612303,0.23174321704593423,0.24374320475881128,0.2804765630138322,0.31137860962465314,0.0,0.2893776190105496,0.26244705128541707,0.28911587005587086,0.28941568083469893,0.2921027213873107,0.28067266367850036,0.3060817646128651,0.3256024800753468,0.24769306845976796,0.288908939693959,0.2382517096154228,0.36745554367154765,0.31765134113785537,0.3657850738558851,0.34197887706018093,0.3283141912608719,0.26577784757759915,0.0,0.0,0.2873484023803851,0.39007322266639965,0.0,0.37561295072180856,0.3680352451146683,0.38504435269218334,0.376410454860084,0.39698559342378087,0.0,0.3913662365185427,0.3037976681794427,0.39535623927389546,0.3610231863446223,0.35383567281956024,0.22994180788339016,0.0,0.23811878840465536,0.4071696684638331,0.3535618541037103,0.34231575123685176,0.3905025029862294,0.3659722131575627,0.0,0.21062925612963437,0.33890118044124473,0.3611104500172092,0.37606820182726053,0.3625621428697022,0.3563157624322284,0.3703629527919971
0.28085882785921723,0.2698714372946066,0.3042657236118283,0.15806984604964,0.24567512978385786,0.26076647309995454,0.25766242206365775,0.29515668693890834,0.3042973176649305,0.2454414791240512,0.3124859487403701,0.24368281493410382,0.2284760224484711,0.28239653220183264,0.30018266246191494,0.34432372528894234,0.29348791637900584,0.3135744324412506,0.3084766053488061,0.25834753005316385,0.3070354588589528,0.29999607478927554,0.2953332892636693,0.21664258064302963,0.29853990226729205,0.2782573824978891,0.2893776190105496,0.0,0.2334345022074497,0.211880213218179,0.2567097118547161,0.25715087650169655,0.21959306557601335,0.2601376252432945,0.22251093126319715,0.17788579061648377,0.17100862665093422,0.2216113812241482,0.3500743623582017,0.0,0.3555770711845883,0.2655070901376503,0.29035763873618126,0.18127080607204027,0.0,0.22148583768447314,0.22273112748881269,0.30119632717162803,0.0,0.0,0.36805728917993996,0.2815381279625613,0.3611686017778392,0.2744069438936311,0.0,0.26357261737904686,0.22853621167240115,0.31580900867964,0.0,0.3380259080738621,0.2224859516862657,0.0,0.2217729605870642,0.26749705037367827,0.3489146852531348,0.3331701550674119,0.3015487518103179,0.3610466355720711,0.0,0.24525426906709802,0.2756018351279821,0.3604451194221092,0.3606591459343331,0.36460890451951244,0.30671682596009137,0.34888494285110044
0.28983885122901243,0.2766877062505883,0.28979877442632673,0.0,0.0,0.25873991476200436,0.2880196597855122,0.26016796778226897,0.26527315754003156,0.23896833648064936,0.0,0.0,0.2670967026198527,0.25494234877796823,0.2902507674404805,0.32212750818882824,0.2478834330685078,0.2973159073092658,0.0,0.22938717700126693,0.28275598988094824,0.305306299794235,0.2754723560318759,0.2612787177325616,0.3000424627779724,0.28655030675797116,0.26244705128541707,0.2334345022074497,0.0,0.24499317514279817,0.2587522553963432,0.27432956078568865,0.2647898350185221,0.2938865515136264,0.316950942691495,0.0,0.2727772820109738,0.0,0.3453393512909948,0.0,0.3530619807248291,0.3527472252679674,0.20684480933600366,0.25394035038442386,0.0,0.2465311956969981,0.293586254535469,0.2951626913526473,0.0,0.0,0.3435515698388433,0.2747164700567692,0.32650724232969097,0.26206068621203865,0.0,0.0,0.0,0.3323195546027946,0.0,0.35080867575889874,0.23519082294997318,0.0,0.22230101251761722,0.0,0.35023299645276845,0.3245350640485043,0.3653037620885459,0.3456212431880347,0.0,0.218764179357962,0.30940467669546245,0.34838590422499144,0.3560175914057938,0.34528250906858377,0.33601940340675707,0.35481030965531857
0.2598865407018837,0.0,0.29028330908769234,0.0,0.0,0.2805065758123806,0.0,0.2907732161837022,0.2842322011468579,0.0,0.0,0.0,0.2307439107749065,0.0,0.2950515075959398,0.3114619864669358,0.2258515395100613,0.25728089166504414,0.0,0.23307602110716164,0.29656143962267817,0.1943336995991964,0.2967981620468038,0.0,0.22542638285003638,0.23027961048195203,0.28911587005587086,0.211880213218179,0.24499317514279817,0.0,0.24334380599897282,0.28257045076096565,0.0,0.27101213078377256,0.27167534015279443,0.28668042337578337,0.0,0.0,0.3512740893349097,0.0,0.34606603807693537,0.0,0.0,0.0,0.0,0.0,0.0,0.0,0.0,0.0,0.32634800452052715,0.25566273564583464,0.28599080645400066,0.0,0.0,0.0,0.0,0.25571138293437895,0.0,0.3207908953045763,0.0,0.0,0.0,0.0,0.34397250275974767,0.3603136009723538,0.0,0.3575181983044896,0.0,0.0,0.0,0.36331882068576216,0.3091839558370606,0.34116028598474285,0.0,0.32009251639124425
0.24396454682759314,0.25637907043860075,0.31420925388393417,0.1932353522634737,0.3081894443916021,0.28691723782348494,0.29997813249178024,0.3088344749359429,0.31484734400368003,0.21180148844004407,0.3300926389282364,0.2232372451787229,0.2861441020238323,0.0,0.29750252515027265,0.2517091921035819,0.24883129860631437,0.25966525668259954,0.3221559531103442,0.2783584685532889,0.2821490967582712,0.2740266652109127,0.2973740677975047,0.22553722371790821,0.2489765993576936,0.2516274935045963,0.28941568083469893,0.2567097118547161,0.2587522553963432,0.24334380599897282,0.0,0.25367392770569247,0.22382989712651147,0.2106291468828664,0.16875625919252665,0.25834201017115715,0.21752119953899324,0.19814577431981417,0.2859272248316774,0.2729613679696915,0.30090161856053366,0.25518231567911515,0.2505529118244112,0.14347022521590078,0.0,0.2547666834621511,0.3076189596830476,0.3076277217559802,0.0,0.0,0.36534613909398683,0.26358503404189587,0.3556106307013227,0.2769231414044033,0.30397759355268267,0.0,0.3120520526781377,0.2833673144583388,0.0,0.3405823815635275,0.3036401356791756,0.2919307780015493,0.29587189558582444,0.0,0.35250193618061587,0.3473910431492247,0.3378709350873138,0.362981610410372,0.2725345472819846,0.29761813432311357,0.3031933566198138,0.3640863474287662,0.35508796437092005,0.3692550412064511,0.3233531897494446,0.350354878824162
0.2815075259554711,0.2816762185656489,0.32926810667718387,0.19112497593901318,0.2561435471073253,0.2764247470090669,0.26260199980039495,0.2675495817164383,0.3014646639537366,0.21552858822732265,0.2909947987335629,0.1816223520824005,0.26175108434222794,0.23566079607134896,0.31824947397605824,0.2987688335984164,0.28609693760908195,0.2729395084793832,0.3224317164957356,0.3186947130580947,0.2942227539388393,0.3200107494932559,0.2862651249578138,0.16997198739063868,0.2630890451091652,0.2894801462540037,0.2921027213873107,0.25715087650169655,0.27432956078568865,0.28257045076096565,0.25367392770569247,0.0,0.22573117035703696,0.24224951123215369,0.2522401570987774,0.1870530760173084,0.2129669864617728,0.17059262079055718,0.183595654233928,0.21239535171746213,0.24996882286723693,0.23411957255573232,0.24566409775141237,0.19570809993131774,0.19136572348621975,0.27756417055419935,0.3222016066727189,0.4017340313069817,0.1664161806525058,0.0,0.33548676217412804,0.32635946796605203,0.32746948489147115,0.3931791076976236,0.0,0.3473052123177931,0.19281874463575152,0.3320709807892343,0.36185245844888536,0.3616419974322105,0.3243466471567159,0.0,0.304539802750054,0.35759771226552794,0.359214346096929,0.32318986508333303,0.3505121856126502,0.3521813021888949,0.3086903219462688,0.3090805725195504,0.3248103055538033,0.3555188073738452,0.2855755686849929,0.3445205598687393,0.35232392807089746,0.31024897819441366
0.25658550963138,0.2255237408864191,0.0,0.17695056160704525,0.273082306473179,0.26559436558415067,0.30213031120148237,0.3040032811728575,0.26840716817238885,0.18715183683202508,0.251346702060221,0.1769582745976179,0.24855878799198342,0.0,0.297623137776265,0.2704134569314552,0.23755742051578027,0.2242563304000852,0.22440119974304001,0.2979790299374958,0.2302670915518601,0.27437298730191456,0.2756559212537503,0.16287805742514688,0.21024720485467643,0.2385876425821105,0.28067266367850036,0.21959306557601335,0.2647898350185221,0.0,0.22382989712651147,0.22573117035703696,0.0,0.16594000343622958,0.2753847604490245,0.18861030900455955,0.16507796505610142,0.125847989210047,0.19749617465232122,0.17492005093066648,0.18798062597309806,0.2497466786032652,0.0,0.19197250859507534,0.16049919608009822,0.2626159107418266,0.3193915744783896,0.0,0.0,0.0,0.0,0.0,0.0,0.0,0.23924398351733497,0.0,0.24790924267455675,0.0,0.0,0.3562008657644701,0.3030657567023185,0.2569468154818925,0.256635584761069,0.0,0.3665381335359954,0.27876364750256644,0.34405263007653264,0.0,0.23486886976849383,0.2772136691528523,0.28723489827687865,0.34706305316595065,0.17542492069582022,0.0,0.0,0.23923916795989073
0.24538886490219936,0.25656625789161897,0.3033004374504352,0.1850312814976152,0.29809380272616126,0.2888775624544351,0.2990702207981185,0.3109458352035614,0.31265361287246207,0.2074119872741994,0.32536796490256387,0.17518698309776892,0.2795605389599235,0.0,0.32195008875684583,0.27478607425681634,0.25816510949968574,0.262344338471795,0.3239808611370991,0.31581498374275213,0.28931138195579476,0.3040773993649721,0.30566304545900824,0.1646391821805018,0.24254053083095714,0.26533230087283255,0.3060817646128651,0.2601376252432945,0.2938865515136264,0.27101213078377256,0.2106291468828664,0.24224951123215369,0.16594000343622958,0.0,0.20122464398543025,0.2576411261560567,0.18706883026773805,0.14411493200187947,0.23252595095127543,0.18202508941283085,0.22487194708208882,0.24262456347619205,0.0,0.1757485093339083,0.15771611929412693,0.2537024006829412,0.31954457429682404,0.30520974698841447,0.0,0.0,0.3664527726345386,0.2801106107826621,0.35665806060354943,0.2614737241490892,0.2890077955528285,0.0,0.20656105077222958,0.32005663973900755,0.0,0.3584886817226555,0.3090061145600323,0.2880861777507341,0.30121185749630824,0.0,0.3553862778527064,0.3273578612247108,0.34841660986160483,0.3629215812547126,0.25282714491278196,0.3001712380151352,0.31673880899666745,0.36070471041804464,0.37850191951940143,0.36137175003161925,0.0,0.3134361497488397
0.2862428821510667,0.3014279663457057,0.31487574275113467,0.219902471458991,0.24685851499674294,0.30160856817381726,0.3044077888657874,0.3171027484705069,0.30718800754096165,0.18086388590781877,0.3058154075702253,0.1770339349138845,0.28389931368096855,0.0,0.3507307997961357,0.29070460112079577,0.25491584268073864,0.2600600863831218,0.3368788600483413,0.34563892855319706,0.3307906535944735,0.3428169805453229,0.3279760364921231,0.17765286688217788,0.2528574192629856,0.30739287009881916,0.3256024800753468,0.22251093126319715,0.316950942691495,0.27167534015279443,0.16875625919252665,0.2522401570987774,0.2753847604490245,0.20122464398543025,0.0,0.29826180184032675,0.2165781888258703,0.16643899723809225,0.22893249354537146,0.18641991185066906,0.25080981964142895,0.258716890453658,0.18253699875235405,0.19983517728207573,0.20418007970926486,0.34205173553734564,0.3367232831266583,0.24003809392126732,0.0,0.0,0.291910618894993,0.0,0.3196854591081208,0.2240311051416667,0.0,0.0,0.2015438820190954,0.2586857511842765,0.0,0.3755135053151627,0.3234284387602076,0.0,0.30067230274537166,0.2754109101917801,0.38153993202812875,0.3506825366601684,0.368971732774443,0.3752662327150525,0.0,0.309401626055888,0.3293782803188071,0.3779718422841556,0.2358639189568519,0.35418181772349117,0.0,0.20895238210630696
