0.0,0.25621087037656626,0.0,0.0,0.0,0.2542146664255899,0.0,0.345888201189424,0.0,0.0,0.0,0.206755893288713,0.22400777225233273,0.0,0.24331233578682387,0.2520718494908058,0.0,0.24040141078632113,0.0,0.2665952734575244,0.28163995061426766,0.2594143430202624,0.2995689880218031,0.2660964974429926,0.24209035774955479,0.23027082154964584,0.2543114250939044,0.0,0.29024309648945595,0.0,0.2523666868834561,0.28972932926495065,0.2159767705806899,0.24630491724566173,0.28388463299588956,0.0,0.0,0.0,0.29451420546439355,0.293443907594037,0.27443733440364176,0.30544228350270275,0.0,0.0,0.0,0.27573261694055506,0.30168616143516047,0.0,0.0,0.0,0.0,0.0,0.0,0.0,0.2805385127569715,0.0,0.28886681109856716,0.0,0.0,0.0,0.29458604392888105,0.0,0.288983802528219,0.0,0.0,0.2607774737419351,0.31224648167256497,0.0,0.0,0.2918609088891192,0.3031013586322909,0.0,0.0,0.0,0.0,0.24413636258285934
0.25621087037656626,0.0,0.22768819872151713,0.0,0.2599087553177718,0.262838909331907,0.2718067812199407,0.0,0.23949612620771607,0.0,0.0,0.0,0.2881284301747031,0.0,0.27149080969207207,0.24829617450793023,0.0,0.23472351115401177,0.0,0.27469148016516376,0.27854728853982674,0.23721466260399718,0.2796511031840179,0.0,0.23310546022210224,0.23529569172749457,0.2724606960796892,0.2936204586056153,0.27681535488273884,0.0,0.22009134311060788,0.2714104095977284,0.219994104026809,0.2306094290860478,0.26000570567096476,0.0,0.0,0.0,0.2911056038567741,0.28957591470141153,0.28949504560833095,0.3078980391105144,0.0,0.0,0.0,0.3082979733556857,0.2957695364932593,0.0,0.0,0.0,0.24569272599748354,0.0,0.0,0.0,0.2206260798442012,0.0,0.0,0.19106133848863138,0.0,0.30272794222802707,0.2896996458235343,0.21742225333850582,0.2817807705568638,0.0,0.2806232028173811,0.3005012621182501,0.29740655640462094,0.27530021855601494,0.0,0.28552596076375814,0.3090458416307722,0.28114006112612605,0.19861009696298057,0.2765875815842857,0.0,0.27617182417087915
0.0,0.22768819872151713,0.0,0.26985829518019566,0.26298684674908085,0.2624723733202324,0.2890927490044062,0.28888019046142854,0.21017592712601757,0.27015190348896234,0.2157045742441597,0.2391819277685822,0.2928443903037015,0.27348918972234576,0.0,0.20364653594638796,0.0,0.0,0.19073862368122177,0.0,0.23496453791395294,0.27145668826683433,0.21460754354450315,0.24656732982493917,0.179040340314266,0.2107855001400061,0.22262870008556485,0.29360319241678495,0.24187720992180967,0.0,0.3032105035923104,0.26896469682022633,0.0,0.3032878741003209,0.0,0.28163844197668986,0.2663579414728267,0.2325746070727233,0.326372087392715,0.0,0.2494426162404958,0.0,0.31277464653936354,0.2209735294333518,0.20984932557064453,0.0,0.0,0.30363053089497616,0.0,0.3184980900871038,0.35334485322152814,0.32285807379227555,0.33895969977002394,0.3646299572976885,0.0,0.34951043986721053,0.0,0.32216666458755033,0.3424371504829341,0.0,0.0,0.0,0.0,0.19457888420646174,0.0,0.0,0.0,0.36752453180615147,0.0,0.0,0.0,0.356835176419991,0.29408167986053846,0.24202676994147346,0.0,0.2981064446994966
0.0,0.0,0.26985829518019566,0.0,0.16833274062620807,0.27696226567425825,0.18096566629523012,0.2665465947595462,0.2626500978004973,0.13408933334311623,0.2684469161395377,0.0,0.1991713384578914,0.21756923373104955,0.30808039062832704,0.0,0.0,0.0,0.285546477909773,0.3156822623769876,0.0,0.33144547442769207,0.27814244459690374,0.0,0.0,0.0,0.2695618017857233,0.16459855828241116,0.28021785050589737,0.0,0.0,0.2256866046262688,0.0,0.15910157603122327,0.24289064718156259,0.16769598281850864,0.1241087452687873,0.0,0.0,0.0,0.0,0.0,0.0,0.0,0.0,0.0,0.0,0.0,0.0,0.0,0.0,0.0,0.0,0.0,0.0,0.0,0.0,0.0,0.0,0.0,0.0,0.0,0.0,0.0,0.0,0.0,0.0,0.23779899954949596,0.0,0.0,0.0,0.0,0.0,0.0,0.0,0.0
0.0,0.2599087553177718,0.26298684674908085,0.16833274062620807,0.0,0.24601477461835014,0.23476903586739614,0.247700306248269,0.24426978113406836,0.2982437981673398,0.24507076253420207,0.2672624438988571,0.271302266470819,0.2108999719923754,0.0,0.2764664339942244,0.0,0.0,0.2814824359851707,0.0,0.0,0.27989334810564365,0.260779799517018,0.2558970223181189,0.23762966657651302,0.24217088885390803,0.25724360353511433,0.2630772693293656,0.0,0.0,0.3058938393160843,0.26147240914455444,0.2624820523268886,0.29961782581818364,0.2842242664426514,0.1782599864468947,0.20348616634587147,0.26054999723433225,0.21060464230017975,0.0,0.2236734838208186,0.0,0.24963695047167217,0.0,0.28261577763044926,0.0,0.0,0.3253913000417832,0.0,0.0,0.29257678127152137,0.0,0.0,0.0,0.0,0.0,0.0,0.0,0.0,0.0,0.0,0.0,0.0,0.3150258557389849,0.0,0.0,0.0,0.32182085377027364,0.0,0.0,0.0,0.3086152941195147,0.19960154758916449,0.0,0.0,0.0
0.2542146664255899,0.262838909331907,0.2624723733202324,0.27696226567425825,0.24601477461835014,0.0,0.26700692126053727,0.25973547172386807,0.23022546700810176,0.282561711770415,0.28504447599572696,0.2459920556629913,0.25990611281475096,0.28210989986762314,0.28622169999683034,0.27178569029053357,0.0,0.2376846370237794,0.2645358007773937,0.25407258894586404,0.27578436707556836,0.27624797256558825,0.2583372744394978,0.21233395568398175,0.24984611614633592,0.27489364868628136,0.24229912697143402,0.25581544503486586,0.23425601497818554,0.26720391118369763,0.28459891886247957,0.2749023364060715,0.2529341867839725,0.2951117917735496,0.2884133595142797,0.29574290551424276,0.27825518680449396,0.23730287105034373,0.31806938943580115,0.2158275651329424,0.3033302559482404,0.0,0.29362202161925705,0.1921216146402119,0.27364694723353195,0.1959908570399303,0.21583230694669597,0.35842104817358594,0.0,0.2776226092565532,0.32082260800233003,0.30511339132646415,0.300023060944738,0.3478853310444226,0.0,0.32828064331517165,0.0,0.30701998474612174,0.0,0.2743505219453689,0.18871143071732863,0.0,0.18804932340618594,0.3601695019228238,0.27708204071239567,0.0,0.2629636280342626,0.3296223775682319,0.19862076247956012,0.18898426484236633,0.2534657188721944,0.32388817056618285,0.3145201270406003,0.3022175450543222,0.301425852567359,0.33481557684175045
0.0,0.2718067812199407,0.2890927490044062,0.18096566629523012,0.23476903586739614,0.26700692126053727,0.0,0.29854582376185085,0.2655817608293284,0.26603498014821153,0.3201565219053245,0.2505406686202207,0.23915305604113749,0.22339870433107376,0.0,0.2894099358577622,0.2713323408635157,0.25664233477626675,0.317679811498108,0.2785874197107235,0.0,0.29766444447483587,0.28597189546213536,0.25517658156519163,0.25075781941300396,0.22997582144854958,0.2708319113755092,0.26613402049212864,0.27873105989465297,0.0,0.2921502292088619,0.27838126394403684,0.21369555326899492,0.2923984036836124,0.2555614874600918,0.1721191010400367,0.24660895630278207,0.25655127753046636,0.2451367456543872,0.0,0.18189577586796388,0.0,0.2606584061427597,0.0,0.2464053999680517,0.0,0.0,0.31511624643154323,0.0,0.0,0.2865449978430328,0.25824135392280645,0.2716293958189833,0.0,0.0,0.0,0.0,0.24447447296365166,0.0,0.0,0.0,0.0,0.0,0.0,0.0,0.0,0.0,0.3378837869379139,0.0,0.0,0.21626202245612283,0.32095697771119874,0.24543545550507387,0.24421867295227298,0.0,0.2474326026320937
0.345888201189424,0.0,0.28888019046142854,0.2665465947595462,0.247700306248269,0.25973547172386807,0.29854582376185085,0.0,0.31368905098029237,0.0,0.23358025282718275,0.2657672846466166,0.2959874678200468,0.2468745372964401,0.0,0.3036789326961802,0.0,0.3211692635815792,0.25767113768117184,0.0,0.28497669460888764,0.25592649442020454,0.24458869056795665,0.3418571053790821,0.3228864734369813,0.32189714277238474,0.3064342160454358,0.28910884939619125,0.2626733439771521,0.2724309724948371,0.3000570322201264,0.2710673918944771,0.27629172955106784,0.314217669097344,0.3064365437587214,0.18145830582435926,0.15629271281143065,0.26330682572608144,0.31216018560388364,0.0,0.33160372863792154,0.0,0.27052525626864354,0.0,0.0,0.0,0.0,0.36539188565126374,0.0,0.0,0.30574852590025803,0.0,0.26176589721507343,0.35752068994327335,0.0,0.4251727999943561,0.0,0.3033916732598982,0.33104421360803254,0.3121520451230261,0.0,0.0,0.0,0.374235113262868,0.32045871063826487,0.0,0.0,0.31649833500706337,0.0,0.23713999264155936,0.2922889707412923,0.3242655081981736,0.31720085179466945,0.28084663212651767,0.0,0.3310041727976774
0.0,0.23949612620771607,0.21017592712601757,0.2626500978004973,0.24426978113406836,0.23022546700810176,0.2655817608293284,0.31368905098029237,0.0,0.2923194108587422,0.24002562833155083,0.2552808119342577,0.2840762064521342,0.26031113487732027,0.0,0.25215947781972464,0.23490103587913908,0.0,0.20274965115428253,0.26773075452947337,0.0,0.27432724045043644,0.26671248449204066,0.24459827392186897,0.19770098555302476,0.2271649526995039,0.24732786615611027,0.2923213301241618,0.25285685489087556,0.0,0.3030594839040368,0.2720042285660448,0.26827174807393617,0.2987804323630809,0.2781814462322009,0.2729203712979971,0.2774896016235696,0.26875831847335363,0.26261511872982224,0.21323358626032493,0.19852034979711536,0.0,0.3288467728288911,0.19140673580221673,0.2381229875881467,0.0,0.20544745358578304,0.3587097159859857,0.0,0.3016931870154248,0.34120561929155435,0.3057920963686925,0.35478812643442986,0.34257196477351026,0.20229771083519313,0.34932552309641435,0.24410640348739918,0.2914593384848566,0.35421134813033395,0.0,0.0,0.0,0.0,0.36797294277956094,0.0,0.0,0.0,0.35932000336787107,0.24473567145268407,0.0,0.21200563161310895,0.3523490780222518,0.27750976639651526,0.0,0.0,0.25191989790424985
0.0,0.0,0.27015190348896234,0.13408933334311623,0.2982437981673398,0.282561711770415,0.26603498014821153,0.0,0.2923194108587422,0.0,0.31251405207103133,0.18167748619604426,0.27307737591906805,0.0,0.0,0.19943225703254172,0.23082316190205673,0.2077285914479269,0.30002970800228423,0.21902134892054204,0.0,0.20984775890015558,0.27536072089367664,0.21061737475657327,0.20812999121210377,0.21966799802941736,0.27491243057951653,0.25499666029559753,0.23644485959122388,0.0,0.23199426011022986,0.1967074703373413,0.2099367749554059,0.21418742023596699,0.2108405680633962,0.2336385784035864,0.17670052500589367,0.17903901402304861,0.15128073007872572,0.26745668167627695,0.18039908491888074,0.0,0.2184736653204955,0.16398338026077722,0.16514870299960663,0.29138924196825433,0.0,0.0,0.0,0.0,0.0,0.0,0.0,0.0,0.2895841785104277,0.0,0.292293574947408,0.1915256884888734,0.0,0.0,0.0,0.27151199447550567,0.2354141025597285,0.0,0.0,0.0,0.0,0.23689208192592537,0.2876215087240752,0.25772417960823374,0.2753779679335762,0.0,0.19584188265865557,0.0,0.0,0.23288272533581694
0.0,0.0,0.2157045742441597,0.2684469161395377,0.24507076253420207,0.28504447599572696,0.3201565219053245,0.23358025282718275,0.24002562833155083,0.31251405207103133,0.0,0.2824281852676454,0.3192267094017273,0.21203247024294997,0.0,0.0,0.0,0.0,0.2011021183087298,0.0,0.0,0.0,0.18601062980995905,0.2758071950319807,0.2547252929140369,0.23238887570604236,0.2691266831522428,0.31291244344876035,0.0,0.0,0.3298123785606595,0.30456418513041306,0.2623949808439029,0.3236219359444677,0.3056179673005702,0.25470702481124774,0.29316824184119716,0.2867668138027523,0.26913194298173587,0.23384929622659642,0.24044239742625342,0.0,0.2655314187912719,0.23221430438785104,0.2298592152386049,0.0,0.0,0.34633458896366703,0.0,0.2508677975925104,0.29185570211993433,0.2625106619429241,0.27313672339762385,0.2661854392148769,0.2364004332988415,0.1969961309979667,0.2389960786741749,0.2638752070289843,0.31398932209202157,0.0,0.0,0.0,0.0,0.16815112450711567,0.0,0.0,0.0,0.3174276348759043,0.1917253905173803,0.0,0.0,0.3314739256058949,0.2420829296690452,0.0,0.0,0.2485468290939215
0.206755893288713,0.0,0.2391819277685822,0.0,0.2672624438988571,0.2459920556629913,0.2505406686202207,0.2657672846466166,0.2552808119342577,0.18167748619604426,0.2824281852676454,0.0,0.21920082157250997,0.0,0.0,0.0,0.2309232008621489,0.20617653857007268,0.2529846527116721,0.22383985391153738,0.0,0.23935034532731872,0.24389026771135422,0.18268734929842656,0.19679392937388704,0.18402834564635362,0.23057082549371966,0.20942472110332674,0.0,0.0,0.22691353120256344,0.1842380621517334,0.1947038415443448,0.1604151871814175,0.22211849247933954,0.21998312243082324,0.17664904116625207,0.1421524037833484,0.1650141974766601,0.2635252685057544,0.16468932520747703,0.0,0.23908043653627029,0.17123323342856525,0.1216346119271792,0.22926100810434136,0.0,0.0,0.0,0.0,0.0,0.21815817912841895,0.0,0.0,0.2876030358721142,0.2665266813742954,0.2957495409774832,0.21069229785218563,0.0,0.0,0.0,0.2692611790225006,0.2575235752008413,0.0,0.0,0.0,0.0,0.0,0.2760925146403058,0.2676163864604847,0.28022622600169594,0.0,0.20228321243812067,0.0,0.0,0.21555648371614558
0.22400777225233273,0.2881284301747031,0.2928443903037015,0.1991713384578914,0.271302266470819,0.25990611281475096,0.23915305604113749,0.2959874678200468,0.2840762064521342,0.27307737591906805,0.3192267094017273,0.21920082157250997,0.0,0.23203088712945988,0.0,0.3048817958706883,0.2753120639705552,0.26055525210064034,0.31268750287710506,0.2750846846477556,0.30470005552521323,0.2999087782145311,0.2881023939231188,0.18321509297345834,0.2730552769320587,0.2735698459396568,0.28388956598655407,0.23800905036157563,0.25651897612042096,0.0,0.2753954774423613,0.27517251272596827,0.24257221821007788,0.27980482917279187,0.261467323962834,0.19695939145218858,0.20607453078366225,0.23404499345281785,0.2670066111446202,0.2002542736390532,0.188413851990277,0.0,0.22617906520594877,0.15986348306702883,0.2503472247855097,0.0,0.2030899166121858,0.31688725637593107,0.0,0.0,0.28106056442189475,0.21511746935322337,0.30733841298859177,0.26345052584723805,0.1925027320862125,0.0,0.20493039239714436,0.20165275886648085,0.0,0.0,0.20322684173704167,0.0,0.20170767286801136,0.0,0.2740026026024739,0.0,0.20675326672010225,0.33450754705259383,0.2770985543554998,0.2157858342905085,0.23339603360480377,0.3223126911589638,0.28493579930817176,0.2788975663951218,0.2760749076199331,0.22255635695950118
0.0,0.0,0.27348918972234576,0.21756923373104955,0.2108999719923754,0.28210989986762314,0.22339870433107376,0.2468745372964401,0.26031113487732027,0.0,0.21203247024294997,0.0,0.23203088712945988,0.0,0.0,0.0,0.0,0.0,0.24799080362705123,0.0,0.0,0.0,0.2622909442495195,0.2813802557543384,0.0,0.29519831125437884,0.29474198248093675,0.22605374361057035,0.0,0.0,0.0,0.23823485505458328,0.0,0.29638222175586276,0.0,0.19792415116051307,0.14761624684322774,0.0,0.0,0.0,0.0,0.0,0.26601190487053467,0.0,0.0,0.0,0.0,0.3358928461257929,0.0,0.0,0.3100717061834936,0.0,0.2678031034692399,0.0,0.0,0.0,0.0,0.0,0.0,0.0,0.0,0.0,0.0,0.30872062771133746,0.0,0.0,0.0,0.31443598253213184,0.0,0.0,0.0,0.0,0.22350487315492296,0.0,0.0,0.0
0.24331233578682387,0.27149080969207207,0.0,0.30808039062832704,0.0,0.28622169999683034,0.0,0.0,0.0,0.0,0.0,0.0,0.0,0.0,0.0,0.2839677837044137,0.22310495800340854,0.26279624214373287,0.0,0.20728723941368024,0.24798359895996333,0.22551216522301326,0.24705811805257907,0.2628678124185661,0.24852886726842863,0.270706417074445,0.27336750245917424,0.0,0.2625949756822726,0.0,0.2849323312297613,0.2952733037642434,0.27417519367535503,0.2999591468767811,0.31984305527528534,0.3541407831261216,0.0,0.0,0.3121764253745398,0.304993242501681,0.32944617832458245,0.3362552037891248,0.3216210256943804,0.0,0.0,0.0,0.31736861280709383,0.0,0.0,0.0,0.2987897724134729,0.0,0.0,0.0,0.0,0.0,0.0,0.2691373571798383,0.0,0.31489273033923465,0.2932434768888129,0.0,0.23331131946822323,0.0,0.3077844021712019,0.31493905029523167,0.32421941115132175,0.30796319307883946,0.0,0.24484802015539392,0.36012700675416603,0.3092356073265462,0.2983412720640127,0.3027564622321337,0.0,0.30199467848395367
0.2520718494908058,0.24829617450793023,0.20364653594638796,0.0,0.2764664339942244,0.27178569029053357,0.2894099358577622,0.3036789326961802,0.25215947781972464,0.19943225703254172,0.0,0.0,0.3048817958706883,0.0,0.2839677837044137,0.0,0.22361995942072013,0.22062325007007205,0.0,0.2740072077099435,0.27319845329813747,0.23500286476064924,0.2866551875738386,0.22005098905343523,0.2268848832949219,0.26203981829514,0.27978300043847554,0.2907012283714756,0.28613289497446215,0.2565243250085569,0.2322173511720445,0.28800585440992027,0.24899070868405757,0.24202189074098274,0.2973349771871031,0.0,0.0,0.0,0.2971975465691398,0.28098265322587435,0.283768964427247,0.3004188219476823,0.0,0.0,0.0,0.29757371232488566,0.2895725005346759,0.0,0.0,0.0,0.20147429375969253,0.0,0.0,0.0,0.2042509229352185,0.0,0.0,0.0,0.0,0.29395221768487595,0.2856821424330769,0.20989213994021516,0.28084983355419446,0.0,0.27777398496129974,0.2768449040708462,0.29649714639173186,0.2368034633382158,0.2964533600876157,0.28436120125062414,0.2985583793948599,0.25077477202950443,0.2424355422025646,0.24609915331973148,0.0,0.27224250147218076
0.0,0.0,0.0,0.0,0.0,0.0,0.2713323408635157,0.0,0.23490103587913908,0.23082316190205673,0.0,0.2309232008621489,0.2753120639705552,0.0,0.22310495800340854,0.22361995942072013,0.0,0.20951172018659805,0.0,0.2290232862498945,0.0,0.23786656638352888,0.0,0.2420703009682657,0.20387608802393656,0.21179732969295484,0.0,0.2646149289126776,0.23235556323224357,0.0,0.2373635087760124,0.26368756077811917,0.22042611386882366,0.24914849102055178,0.24652559861954468,0.0,0.0,0.0,0.0,0.26249311716077134,0.0,0.0,0.0,0.0,0.0,0.2772101166558466,0.25886135041246255,0.0,0.0,0.0,0.0,0.0,0.0,0.0,0.2924047839344176,0.0,0.2917095816238067,0.0,0.0,0.0,0.2543209622886153,0.2760638577431063,0.25124815462331185,0.0,0.0,0.0,0.0,0.0,0.2772391187579812,0.27881990000520585,0.2877037232320593,0.0,0.0,0.0,0.0,0.0
0.24040141078632113,0.23472351115401177,0.0,0.0,0.0,0.2376846370237794,0.25664233477626675,0.3211692635815792,0.0,0.2077285914479269,0.0,0.20617653857007268,0.26055525210064034,0.0,0.26279624214373287,0.22062325007007205,0.20951172018659805,0.0,0.0,0.2628823238437746,0.29217152987302497,0.25299776003565144,0.28148278053865305,0.22642160130641475,0.19914479217850625,0.2335580023129188,0.26541443668987214,0.2646080703739109,0.2797801465503488,0.2774193873033408,0.24371083028768364,0.24200215888413118,0.21001438526234667,0.24726195353154584,0.24856861145608378,0.0,0.0,0.0,0.28635791655123494,0.2691368977377147,0.27653061252343175,0.29075116227078934,0.0,0.0,0.0,0.27760094770874955,0.278749158040708,0.0,0.0,0.0,0.0,0.0,0.0,0.0,0.27007812127431313,0.0,0.27212795748359697,0.0,0.0,0.2430081809843891,0.2775205268305714,0.2800796916533084,0.2691894540646044,0.0,0.22679607670744625,0.0,0.26895431217360427,0.21582535516471546,0.26182292681270114,0.27525960763184204,0.280572182106288,0.0,0.0,0.2104694777172005,0.0,0.2728834420306443
0.0,0.0,0.19073862368122177,0.285546477909773,0.2814824359851707,0.2645358007773937,0.317679811498108,0.25767113768117184,0.20274965115428253,0.30002970800228423,0.2011021183087298,0.2529846527116721,0.31268750287710506,0.24799080362705123,0.0,0.0,0.0,0.0,0.0,0.0,0.0,0.0,0.19064810574473884,0.23887886305668718,0.0,0.2345613447666677,0.25854579724768295,0.3061719973432696,0.0,0.0,0.31759432811192406,0.29130828375240375,0.25359585489696607,0.31039614083171524,0.2977917000791527,0.2757744577872653,0.297242601037871,0.27240013106448585,0.27569493784798954,0.20246879835364864,0.22635246329853895,0.0,0.2671035520530547,0.0,0.209202546290344,0.0,0.0,0.317196876467537,0.0,0.0,0.33174640049243953,0.0,0.323699460979466,0.3280560954542589,0.0,0.36834700826840944,0.0,0.2960612391409312,0.2945692061186927,0.0,0.0,0.0,0.0,0.359556119339102,0.0,0.0,0.0,0.3620593407414874,0.0,0.0,0.0,0.3427418616413336,0.0,0.0,0.0,0.2810869391404592
0.2665952734575244,0.27469148016516376,0.0,0.3156822623769876,0.0,0.25407258894586404,0.2785874197107235,0.0,0.26773075452947337,0.21902134892054204,0.0,0.22383985391153738,0.2750846846477556,0.0,0.20728723941368024,0.2740072077099435,0.2290232862498945,0.2628823238437746,0.0,0.0,0.2545020256884827,0.22841594138987772,0.1943949139897532,0.24824775385479808,0.2583873915320235,0.28936890564328416,0.22473142705134835,0.23908132782204367,0.21960453057851806,0.21202255600129855,0.2538588025247027,0.2960756707977242,0.2656383676199193,0.29467087252903734,0.31965580966539436,0.33406543782819154,0.2911273875825703,0.0,0.30265271557673046,0.26994894882478676,0.2747934521947337,0.3138746214917437,0.2646571322937019,0.0,0.0,0.0,0.2742029913382189,0.0,0.0,0.0,0.2785884237726041,0.0,0.0,0.0,0.0,0.0,0.0,0.2530698607440949,0.0,0.28699652644229207,0.22086963270043597,0.0,0.20545869317920273,0.0,0.29862109916556717,0.28573810118606485,0.3095084964458174,0.28738344352389816,0.0,0.20286617164084775,0.31741618129468874,0.30079603295491697,0.2978439679047329,0.27238522719489006,0.0,0.29353688456413196
0.28163995061426766,0.27854728853982674,0.23496453791395294,0.0,0.0,0.27578436707556836,0.0,0.28497669460888764,0.0,0.0,0.0,0.0,0.30470005552521323,0.0,0.24798359895996333,0.27319845329813747,0.0,0.29217152987302497,0.0,0.2545020256884827,0.0,0.27483177095591,0.2670596446657796,0.3254373602961775,0.2776653833046774,0.28900119254257656,0.2745163566192838,0.2967642413135794,0.2784389655706589,0.29316133609839523,0.27946437130494806,0.30245052099454106,0.28013354870013,0.2944097507109902,0.3296189664394305,0.0,0.0,0.29577939592006264,0.3209276208608386,0.3013621026035324,0.32200767369252464,0.0,0.0,0.0,0.0,0.0,0.32133277157087153,0.0,0.0,0.0,0.2971801931202187,0.0,0.2619816829714771,0.0,0.0,0.0,0.0,0.2860137373091107,0.0,0.33553678051441516,0.30086299332821964,0.0,0.252644625998793,0.0,0.30902745227095546,0.33150515309035733,0.33148627622778243,0.3114721305179505,0.0,0.2604301079611065,0.3503283359348374,0.3077661398258679,0.31838381658885695,0.31090847985124986,0.3160351556433935,0.325901417168199
0.2594143430202624,0.23721466260399718,0.27145668826683433,0.33144547442769207,0.27989334810564365,0.27624797256558825,0.29766444447483587,0.25592649442020454,0.27432724045043644,0.20984775890015558,0.0,0.23935034532731872,0.2999087782145311,0.0,0.22551216522301326,0.23500286476064924,0.23786656638352888,0.25299776003565144,0.0,0.22841594138987772,0.27483177095591,0.0,0.2829301813433082,0.19196277694159367,0.24218079829272202,0.26645205644475345,0.273177701154667,0.28107173842160554,0.251137379721726,0.23833938709571165,0.25721227807988967,0.29514857802149763,0.25612972251675775,0.28243926068499864,0.3143062147999272,0.34232812933286944,0.3102127933677762,0.0,0.3031776927860872,0.29613176858798873,0.3104710322707366,0.33030549300653095,0.3168194998093143,0.0,0.0,0.29717873137019546,0.2901597102329903,0.0,0.0,0.0,0.2591793976025619,0.0,0.0,0.0,0.20922066345295903,0.0,0.0,0.0,0.0,0.32369482960345364,0.2805473938296955,0.2096457874374883,0.2531156190961084,0.0,0.30606489275324644,0.32420877766892225,0.3110102859455648,0.3069833694835228,0.0,0.26834244276628755,0.3241730319856979,0.2905087336585188,0.2562560549062086,0.29458991043360067,0.0,0.27575398836928783
0.2995689880218031,0.2796511031840179,0.21460754354450315,0.27814244459690374,0.260779799517018,0.2583372744394978,0.28597189546213536,0.24458869056795665,0.26671248449204066,0.27536072089367664,0.18601062980995905,0.24389026771135422,0.2881023939231188,0.2622909442495195,0.24705811805257907,0.2866551875738386,0.0,0.28148278053865305,0.19064810574473884,0.1943949139897532,0.2670596446657796,0.2829301813433082,0.0,0.30032661678463946,0.2784982822445187,0.2919104868735474,0.2300094894425034,0.28293472112531726,0.2603452115397087,0.267033126000888,0.28733486523051227,0.27820716533060597,0.266052258924124,0.30119782896977315,0.3019451057703202,0.2627276267716797,0.26784727270253506,0.22999025404533646,0.3263713559308191,0.31968487160988224,0.3437952231363164,0.33585044094957706,0.31808752689224024,0.2729187733634904,0.0,0.0,0.2743841044028844,0.37901935290142985,0.0,0.2962683574914339,0.33178306207554753,0.33473253119728974,0.3266969683569363,0.3647245528316205,0.0,0.34984455599701897,0.0,0.33206366575384577,0.34443110690953477,0.3044419013970932,0.22181144438981454,0.0,0.22559433019432723,0.3863613502896382,0.30956255143330946,0.32378015076673694,0.3021357930910757,0.3419267337334085,0.0,0.21631296371843,0.2942872459533819,0.33065712769261446,0.33375091574771476,0.31616596152016757,0.33208105513599034,0.3449040872678819
0.2660964974429926,0.0,0.24656732982493917,0.0,0.2558970223181189,0.21233395568398175,0.25517658156519163,0.3418571053790821,0.24459827392186897,0.21061737475657327,0.2758071950319807,0.18268734929842656,0.18321509297345834,0.2813802557543384,0.2628678124185661,0.22005098905343523,0.2420703009682657,0.22642160130641475,0.23887886305668718,0.24824775385479808,0.3254373602961775,0.19196277694159367,0.30032661678463946,0.0,0.2150658176926125,0.21361047714227296,0.20914773066312048,0.2052732244313188,0.24751656849007658,0.0,0.23974116021849295,0.2089861433706238,0.1594199873082062,0.18198901403980236,0.2433911258424448,0.23879814430229265,0.1841556760020638,0.1577462223819505,0.19998876119427056,0.23763254508256268,0.1909044830597694,0.0,0.0,0.0,0.14228236204572048,0.2687572025398179,0.0,0.0,0.0,0.0,0.0,0.0,0.0,0.0,0.2641555012015449,0.0,0.281707787330417,0.0,0.0,0.0,0.26980202605291637,0.296470534355117,0.2856770616238456,0.0,0.0,0.0,0.0,0.0,0.2638935490183123,0.2863177864764814,0.29390316772235026,0.0,0.259266897387264,0.0,0.0,0.2769031446214948
0.24209035774955479,0.23310546022210224,0.179040340314266,0.0,0.23762966657651302,0.24984611614633592,0.25075781941300396,0.3228864734369813,0.19770098555302476,0.20812999121210377,0.2547252929140369,0.19679392937388704,0.2730552769320587,0.0,0.24852886726842863,0.2268848832949219,0.20387608802393656,0.19914479217850625,0.0,0.2583873915320235,0.2776653833046774,0.24218079829272202,0.2784982822445187,0.2150658176926125,0.0,0.22315962619205384,0.25673311517258984,0.2708989930070245,0.2685600999657239,0.0,0.2395394084218626,0.25314840091142926,0.19628484085399345,0.23069795544625546,0.24427083259710633,0.0,0.0,0.19850044123467214,0.29560363930625144,0.2747095100686258,0.2804611550879606,0.29768676854110615,0.0,0.0,0.0,0.2858877403793885,0.28966388861441217,0.0,0.0,0.0,0.1934168978695964,0.0,0.0,0.0,0.28176358222916487,0.0,0.28616747555291017,0.21790861148788024,0.0,0.2800924413955979,0.28590821149268747,0.28707505840675374,0.27520390910698933,0.0,0.2614751167825971,0.2630590188018916,0.24994360091038442,0.22956087272222567,0.2791893764027906,0.2810743772641388,0.28645334579267806,0.21936543019944488,0.2397361662792475,0.2545019364578658,0.0,0.27634172180160954
0.23027082154964584,0.23529569172749457,0.2107855001400061,0.0,0.24217088885390803,0.27489364868628136,0.22997582144854958,0.32189714277238474,0.2271649526995039,0.21966799802941736,0.23238887570604236,0.18402834564635362,0.2735698459396568,0.29519831125437884,0.270706417074445,0.26203981829514,0.21179732969295484,0.2335580023129188,0.2345613447666677,0.28936890564328416,0.28900119254257656,0.26645205644475345,0.2919104868735474,0.21361047714227296,0.22315962619205384,0.0,0.2928537625365184,0.24909590191378297,0.26329679181377463,0.0,0.2513344998203805,0.28505810640832596,0.229782973061667,0.25270215006163416,0.2975698660877229,0.3188232338416475,0.2758018949430094,0.1998477282726066,0.29935460106135536,0.2828384089783453,0.2960268186958428,0.31803132349877117,0.0,0.0,0.0,0.2994274295712255,0.3131033417290757,0.0,0.0,0.0,0.262744821574763,0.0,0.0,0.0,0.27985110338810276,0.0,0.28150700183363697,0.22060190354196105,0.0,0.3628229719126112,0.30094426977995203,0.29217164803247486,0.28338520934723455,0.0,0.31124335658281377,0.3403005289375377,0.3321218512808909,0.31373870037312557,0.2872955157532391,0.2879121893280429,0.31136433608433894,0.30539155382183086,0.25407775113054204,0.2666737849235145,0.0,0.29012364619351516
0.2543114250939044,0.2724606960796892,0.22262870008556485,0.2695618017857233,0.25724360353511433,0.24229912697143402,0.2708319113755092,0.3064342160454358,0.24732786615611027,0.27491243057951653,0.2691266831522428,0.23057082549371966,0.28388956598655407,0.29474198248093675,0.27336750245917424,0.27978300043847554,0.0,0.26541443668987214,0.25854579724768295,0.22473142705134835,0.2745163566192838,0.273177701154667,0.2300094894425034,0.20914773066312048,0.25673311517258984,0.2928537625365184,0.0,0.2772036434731568,0.24280884907464656,0.25358960359578503,0.2660163755631501,0.27824234993167446,0.263259328991859,0.28889554186608024,0.30970215524263145,0.3084488539436781,0.27326889452190845,0.24254229924908519,0.31759646601649927,0.0,0.32907663719753544,0.3195324310229231,0.31699209563826836,0.20881720069832654,0.2525644544769456,0.0,0.24929293647445291,0.36604976799900424,0.0,0.304750857367406,0.3246717383910919,0.3183047858977576,0.32795444472296237,0.35589724718811666,0.0,0.3532415673945649,0.0,0.3004939270497281,0.34374016485232495,0.29684814206372223,0.20843911506933588,0.0,0.23012303185644706,0.36930649848477,0.29187060875978577,0.2936373765191515,0.2685182580088888,0.33459051729052525,0.0,0.19993843495320854,0.29670511205817557,0.32342010792181153,0.3108545075857081,0.2946183117322502,0.30806956890301523,0.33136015737170915
0.0,0.2936204586056153,0.29360319241678495,0.16459855828241116,0.2630772693293656,0.25581544503486586,0.26613402049212864,0.28910884939619125,0.2923213301241618,0.25499666029559753,0.31291244344876035,0.20942472110332674,0.23800905036157563,0.22605374361057035,0.0,0.2907012283714756,0.2646149289126776,0.2646080703739109,0.3061719973432696,0.23908132782204367,0.2967642413135794,0.28107173842160554,0.28293472112531726,0.2052732244313188,0.2708989930070245,0.24909590191378297,0.2772036434731568,0.0,0.24087741218142167,0.21489355599864024,0.2535654820450875,0.27001344822815254,0.21899783257632324,0.2677675347786803,0.20057940698148913,0.19739952272880276,0.17079699147584665,0.21037942738101195,0.28323006557826425,0.20845336770418443,0.22251980996900966,0.0,0.23231818201104673,0.16623520799246083,0.24961812831507987,0.0,0.20517806468586286,0.2800844144020606,0.0,0.0,0.30888536345036677,0.22045064046613322,0.2996995793978659,0.2431078014375273,0.18900607752112825,0.0,0.1972622808996138,0.26560887752100876,0.0,0.2827468743049696,0.0,0.0,0.19695153654177044,0.0,0.30436822826037013,0.31274359162235155,0.0,0.3302411729748058,0.40642449526652635,0.2170555724276424,0.23996094804616439,0.32357682129359655,0.3158096275898329,0.3050521575650579,0.27464270952835274,0.31592534974462433
0.29024309648945595,0.27681535488273884,0.24187720992180967,0.28021785050589737,0.0,0.23425601497818554,0.27873105989465297,0.2626733439771521,0.25285685489087556,0.23644485959122388,0.0,0.0,0.25651897612042096,0.0,0.2625949756822726,0.28613289497446215,0.23235556323224357,0.2797801465503488,0.0,0.21960453057851806,0.2784389655706589,0.251137379721726,0.2603452115397087,0.24751656849007658,0.2685600999657239,0.26329679181377463,0.24280884907464656,0.24087741218142167,0.0,0.2360673944955074,0.24165525716717648,0.28037196977512646,0.2478457062756888,0.2832070499271419,0.3064777764130238,0.31785687513021177,0.0,0.0,0.3111964727500912,0.26022550517435417,0.3107216145141565,0.29621684174600715,0.28464727149579244,0.23399199959881717,0.0,0.0,0.26902760169334683,0.27805707362021326,0.0,0.0,0.2864195773246548,0.23893324903551091,0.2879811346559081,0.22819375311473886,0.0,0.0,0.0,0.27677556558269495,0.0,0.2890855199318837,0.21542483483060781,0.0,0.21261797214083114,0.0,0.2892989745635066,0.29302072149816555,0.28855419417844264,0.3117732201504199,0.0,0.19860169755106696,0.2809300676115459,0.3036981366303075,0.3090898452783602,0.2994150495044575,0.29314975370137664,0.31580064265144886
0.0,0.0,0.0,0.0,0.0,0.26720391118369763,0.0,0.2724309724948371,0.0,0.0,0.0,0.0,0.0,0.0,0.0,0.2565243250085569,0.0,0.2774193873033408,0.0,0.21202255600129855,0.29316133609839523,0.23833938709571165,0.267033126000888,0.0,0.0,0.0,0.25358960359578503,0.21489355599864024,0.2360673944955074,0.0,0.23185758432346237,0.3028214474865266,0.0,0.27170884374985094,0.0,0.0,0.0,0.0,0.31878727335568047,0.0,0.0,0.0,0.0,0.0,0.0,0.0,0.0,0.0,0.0,0.0,0.27666391334639845,0.0,0.2515360917375226,0.0,0.0,0.0,0.0,0.22560127068936972,0.0,0.0,0.0,0.0,0.0,0.0,0.0,0.0,0.0,0.3240941756260734,0.0,0.0,0.0,0.3166636028576681,0.27179459112842486,0.2860043036664851,0.0,0.29178285445076635
0.2523666868834561,0.22009134311060788,0.3032105035923104,0.0,0.3058938393160843,0.28459891886247957,0.2921502292088619,0.3000570322201264,0.3030594839040368,0.23199426011022986,0.3298123785606595,0.22691353120256344,0.2753954774423613,0.0,0.2849323312297613,0.2322173511720445,0.2373635087760124,0.24371083028768364,0.31759432811192406,0.2538588025247027,0.27946437130494806,0.25721227807988967,0.28733486523051227,0.23974116021849295,0.2395394084218626,0.2513344998203805,0.2660163755631501,0.2535654820450875,0.24165525716717648,0.23185758432346237,0.0,0.26653139943973553,0.2190852351664943,0.1951025738881771,0.2781232975937421,0.2847127863836282,0.19196009682234066,0.18875396183117243,0.26452666136764413,0.25763502363554674,0.2177018860444851,0.0,0.27733041725153124,0.0,0.18242072937688697,0.26807715420374273,0.2833034876991565,0.2895923129495513,0.0,0.0,0.30831783848356303,0.19391374703890507,0.3260287603993764,0.0,0.17872130413340773,0.0,0.21308831653061108,0.20471338251150675,0.0,0.31970233803855536,0.2807476382695082,0.2735313095030519,0.2802439183222754,0.0,0.31159683645093517,0.28637630153329696,0.2979843547438961,0.33912481515592535,0.2494577233545207,0.2840442724281469,0.2955178596660919,0.3296161918221749,0.30452995271605765,0.3010428342660344,0.0,0.2853183124788734
0.28972932926495065,0.2714104095977284,0.26896469682022633,0.2256866046262688,0.26147240914455444,0.2749023364060715,0.27838126394403684,0.2710673918944771,0.2720042285660448,0.1967074703373413,0.30456418513041306,0.1842380621517334,0.27517251272596827,0.23823485505458328,0.2952733037642434,0.28800585440992027,0.26368756077811917,0.24200215888413118,0.29130828375240375,0.2960756707977242,0.30245052099454106,0.29514857802149763,0.27820716533060597,0.2089861433706238,0.25314840091142926,0.28505810640832596,0.27824234993167446,0.27001344822815254,0.28037196977512646,0.3028214474865266,0.26653139943973553,0.0,0.25769033177492406,0.2553237086537147,0.26935241601746857,0.24353983542257773,0.218023518810262,0.18619432955942009,0.2153219551339246,0.20991634141129767,0.22181866658345445,0.23659000351054463,0.2357968202510318,0.19800506476187388,0.19086159034881667,0.28907447525259305,0.30459753877801904,0.3021675523019357,0.0,0.25218484396932245,0.31203731086726055,0.17808828793499726,0.3138277484705797,0.23361024502825808,0.1878695425967306,0.2586804395600496,0.18144573516985674,0.24601052138221643,0.0,0.3153912219322677,0.2917279071496364,0.24397282659191158,0.28619001747181705,0.24251757390252002,0.3086505416641534,0.3208013922837438,0.31079980983975675,0.32942248494755233,0.19774196281064438,0.2932934318339457,0.30895019893855646,0.3223326951027291,0.28312858149780734,0.3165591696623633,0.32465475869476396,0.3191089061442119
0.2159767705806899,0.219994104026809,0.0,0.0,0.2624820523268886,0.2529341867839725,0.21369555326899492,0.27629172955106784,0.26827174807393617,0.2099367749554059,0.2623949808439029,0.1947038415443448,0.24257221821007788,0.0,0.27417519367535503,0.24899070868405757,0.22042611386882366,0.21001438526234667,0.25359585489696607,0.2656383676199193,0.28013354870013,0.25612972251675775,0.266052258924124,0.1594199873082062,0.19628484085399345,0.229782973061667,0.263259328991859,0.21899783257632324,0.2478457062756888,0.0,0.2190852351664943,0.25769033177492406,0.0,0.16689258653245095,0.3457189945430091,0.33828160583348515,0.17005095481784938,0.13045226229377987,0.21063644764346356,0.17818805418175218,0.1774339897730541,0.0,0.2106589015428673,0.0,0.13787344834337134,0.28521866576589333,0.2928916741207585,0.20104095595743726,0.0,0.0,0.0,0.0,0.0,0.215513003007825,0.23175170603140477,0.22331479366893314,0.24122577058098135,0.19609164097258028,0.0,0.32898581423018414,0.28631051141917374,0.2569920552337209,0.27629547433982815,0.0,0.26800729676288315,0.33450048926402215,0.31377599594818145,0.31018181839639514,0.21928454222921304,0.2803715037534426,0.28469306684503043,0.3061645679929298,0.2160914683730184,0.0,0.0,0.22935644735651325
0.24630491724566173,0.2306094290860478,0.3032878741003209,0.15910157603122327,0.29961782581818364,0.2951117917735496,0.2923984036836124,0.314217669097344,0.2987804323630809,0.21418742023596699,0.3236219359444677,0.1604151871814175,0.27980482917279187,0.29638222175586276,0.2999591468767811,0.24202189074098274,0.24914849102055178,0.24726195353154584,0.31039614083171524,0.29467087252903734,0.2944097507109902,0.28243926068499864,0.30119782896977315,0.18198901403980236,0.23069795544625546,0.25270215006163416,0.28889554186608024,0.2677675347786803,0.2832070499271419,0.27170884374985094,0.1951025738881771,0.2553237086537147,0.16689258653245095,0.0,0.2318215726034795,0.28395784986636663,0.16473357217471143,0.1353974716681841,0.2191363851938272,0.20662992317764664,0.20363767952753056,0.29665614190441336,0.2180909685495753,0.1812193858089175,0.162915565704452,0.2781608444258087,0.28889064812305204,0.2436339163788734,0.0,0.0,0.32433177014747055,0.16312917748123562,0.3356183064170129,0.19701084686254983,0.1888275598523151,0.22919052941063145,0.1921167908374925,0.20240148915065026,0.0,0.33204967802536517,0.2837755202939494,0.2816775939246327,0.28004937022574067,0.20553423675868218,0.32547429913887754,0.304629597634641,0.3119152940781153,0.346240713642101,0.18621884370930733,0.2846707901304878,0.298274007857768,0.33731216688886795,0.27537080279783044,0.32872945570942513,0.0,0.2424225622081
0.28388463299588956,0.26000570567096476,0.0,0.24289064718156259,0.2842242664426514,0.2884133595142797,0.2555614874600918,0.3064365437587214,0.2781814462322009,0.2108405680633962,0.3056179673005702,0.22211849247933954,0.261467323962834,0.0,0.31984305527528534,0.2973349771871031,0.24652559861954468,0.24856861145608378,0.2977917000791527,0.31965580966539436,0.3296189664394305,0.3143062147999272,0.3019451057703202,0.2433911258424448,0.24427083259710633,0.2975698660877229,0.30970215524263145,0.20057940698148913,0.3064777764130238,0.0,0.2781232975937421,0.26935241601746857,0.3457189945430091,0.2318215726034795,0.0,0.2938043293814968,0.24068347899932044,0.20346251433640336,0.2265687635176532,0.0,0.23089637810081123,0.2536526908345896,0.21695202995651275,0.19747933987315333,0.1969506943532542,0.34002363345413,0.3145566048937831,0.2132559176409282,0.0,0.0,0.22313006894455445,0.17521068355146088,0.3540851788874992,0.20896558001476642,0.18529832250074557,0.0,0.18724834332887222,0.17661035576423112,0.0,0.3444514549488933,0.29805917025071865,0.0,0.28920845584258426,0.0,0.3229489610200104,0.0,0.3235399303516997,0.27893715572997857,0.19632260645885807,0.2993774200376579,0.3265797594449228,0.2648082541178511,0.18237067174948515,0.0,0.0,0.19616098670008017
0.0,0.0,0.28163844197668986,0.16769598281850864,0.1782599864468947,0.29574290551424276,0.1721191010400367,0.18145830582435926,0.2729203712979971,0.2336385784035864,0.25470702481124774,0.21998312243082324,0.19695939145218858,0.19792415116051307,0.3541407831261216,0.0,0.0,0.0,0.2757744577872653,0.33406543782819154,0.0,0.34232812933286944,0.2627276267716797,0.23879814430229265,0.0,0.3188232338416475,0.3084488539436781,0.19739952272880276,0.31785687513021177,0.0,0.2847127863836282,0.24353983542257773,0.33828160583348515,0.28395784986636663,0.2938043293814968,0.0,0.15852560595932366,0.22132339569537626,0.19420907626772207,0.18861716669931908,0.20048711687646562,0.22151095250047032,0.21289564735153318,0.18988086151678862,0.19215847360260252,0.0,0.0,0.32494588356558657,0.0,0.0,0.2756918384067875,0.20820120090698085,0.0,0.3048220213752602,0.0,0.23812141943126472,0.19369461949731084,0.22584794952087928,0.2732132543959706,0.0,0.0,0.0,0.0,0.3058909086863258,0.2960740819793728,0.0,0.33010210683729785,0.3142569989376602,0.15026206256992533,0.0,0.0,0.2970001335181481,0.21343071956373483,0.29504485833353283,0.0,0.2923413660883215
