0.0,0.36525242321217716,0.0,0.0,0.0,0.30689233369621477,0.27538496166161985,0.45553960940073357,0.0,0.378630366705828,0.4506933018402279,0.4038661661330846,0.31736816602075235,0.43836479724674393,0.34109187372658734,0.37054302462442673,0.3730171451772377,0.3936108502533415,0.0,0.37000723119963996,0.38298154864837186,0.36680358863977275,0.41049663726483243,0.3880303858469136,0.37459015709815796,0.3658237877486791,0.35072188076755983,0.33377845104054726,0.3523083081109344,0.31061781314839326,0.33306613515792305,0.38759579108569187,0.3423784047733406,0.33037683569464554,0.38263521816401097,0.4123688275602818,0.0,0.37433183288995237,0.3894522737371393,0.3990097770193478,0.3702661603144733,0.0,0.0,0.0,0.0,0.37527505387368826,0.4293029616248375,0.0,0.0,0.0,0.0,0.0,0.0,0.0,0.41473081261405736,0.0,0.47723193124167085,0.0,0.0,0.0,0.41931541232508035,0.0,0.4196903321063803,0.0,0.0,0.3766207154870952,0.4074142494154143,0.0,0.3677596000947938,0.4085315456540708,0.4242436693749306,0.0,0.0,0.0,0.0,0.0
0.36525242321217716,0.0,0.2929415324369706,0.0,0.3115831133747998,0.34236565139430375,0.3354128220509809,0.4280636118631079,0.2580976872991517,0.2829394043153781,0.0,0.24546955249229968,0.3762625097312972,0.0,0.38065289321859264,0.3698913392988302,0.0,0.38298082852186904,0.0,0.3839761963728216,0.3673693302241982,0.3735404338718404,0.36937227785788024,0.3211025081704383,0.3601144433544961,0.38903477053165303,0.3721398872064232,0.37238918285273304,0.3750970728588153,0.0,0.32212145046753005,0.3825951740535425,0.33294662638478106,0.3278600359386818,0.3681739350313181,0.0,0.0,0.0,0.4046246771534287,0.41216746489947337,0.40260249025904354,0.4223734091773734,0.0,0.0,0.0,0.4180827134249482,0.4192276008474474,0.0,0.0,0.0,0.3037074224287769,0.2766266776366877,0.3659622535784581,0.0,0.3080285397717578,0.0,0.36209510548574164,0.25164016620092294,0.0,0.4092589010899758,0.40396822632257606,0.0,0.428386260138635,0.0,0.3817491814249844,0.41104815302940934,0.41519390287985836,0.3563899794851463,0.469126363027853,0.42144924087001234,0.42988933306446026,0.3736624808544169,0.28107114069927314,0.385224855388141,0.0,0.39104793148426015
0.0,0.2929415324369706,0.0,0.32303393745382397,0.3968119181381183,0.3700222758887576,0.3620731494088011,0.4452285768061131,0.3374565815243234,0.3626239183000967,0.32267928529475426,0.0,0.3585296909870356,0.40630948135851097,0.0,0.0,0.0,0.0,0.28763861538181257,0.0,0.3139947294708212,0.0,0.29846890221390204,0.0,0.23709539664520224,0.0,0.33966431550902765,0.3592654710794095,0.35380329522188464,0.33715995006263055,0.3769758810561748,0.3438901712823793,0.0,0.3799540992688023,0.4107540415716871,0.35475301790054176,0.34510652520477964,0.3566027383188991,0.3869906060779319,0.0,0.4228077776373282,0.0,0.5058746764327683,0.378157625180159,0.0,0.0,0.0,0.38715094961582136,0.0,0.47641034556738976,0.5217328202989183,0.45293852809022705,0.5469756209520842,0.5587468908303919,0.0,0.4092933235021645,0.347757176619686,0.4509043879524631,0.5091897086991432,0.0,0.0,0.0,0.0,0.2998068778080212,0.0,0.0,0.0,0.5359171619219332,0.0,0.0,0.0,0.5357439577068908,0.3980107646238489,0.3761316474405841,0.0,0.4201841681136725
0.0,0.0,0.32303393745382397,0.0,0.22463142000581132,0.34784622761184564,0.30776659594078715,0.3597456611348082,0.33067801811207626,0.2857948398366474,0.33722573836093556,0.0,0.33075316644245195,0.2530611168308058,0.0,0.0,0.0,0.0,0.31785720867895445,0.0,0.0,0.0,0.35459796248178127,0.0,0.0,0.0,0.351551256607327,0.3042836302784011,0.3461320627504293,0.0,0.29995338792183507,0.2815724929495606,0.0,0.3032713987834472,0.30030930614800533,0.18108706899419139,0.20343512802269295,0.24758288442866327,0.27280144888085295,0.0,0.0,0.0,0.0,0.0,0.0,0.0,0.0,0.0,0.0,0.0,0.2704346431086971,0.0,0.0,0.0,0.0,0.0,0.2475101677576477,0.0,0.0,0.0,0.0,0.0,0.0,0.0,0.0,0.0,0.0,0.286352758489218,0.0,0.0,0.0,0.30300296037204033,0.0,0.0,0.0,0.0
0.0,0.3115831133747998,0.3968119181381183,0.22463142000581132,0.0,0.38534177077611337,0.3307330091296367,0.33532147833715753,0.3358420483533953,0.26785688531788066,0.30935179954821074,0.3538545194925521,0.35402202733469385,0.24219884959636534,0.0,0.3572957295199259,0.0,0.3478639433805306,0.3487764911431418,0.38238189565766634,0.2947535130160332,0.40039027777910247,0.33646777305278125,0.313613976915379,0.318815426830999,0.29931507649808536,0.3895161709664232,0.3423275716400893,0.3621854428128942,0.0,0.37404282944472855,0.2950916409465705,0.34177984242105897,0.3789076780367779,0.37369527235428057,0.21436506648553763,0.1959750780286378,0.3179318856390836,0.34452240476021984,0.0,0.3716915214188475,0.3374762537870651,0.41061132999532807,0.33154354912841444,0.0,0.0,0.0,0.4807998277220845,0.0,0.3770329694207015,0.41032266674889034,0.3383078998100295,0.4159213567295549,0.43882229068605993,0.0,0.37817841361321397,0.2975388044031785,0.30128980780188763,0.39102500578016647,0.0,0.0,0.0,0.0,0.46321486078290486,0.36641662741899406,0.0,0.3164406800126839,0.45593525483458724,0.0,0.28072461168939905,0.0,0.40939673030426427,0.3162035005487613,0.32333276582766374,0.0,0.33597180583435293
0.30689233369621477,0.34236565139430375,0.3700222758887576,0.34784622761184564,0.38534177077611337,0.0,0.37754410322330895,0.35989927348736594,0.3752765263691722,0.32736730644322537,0.3791393503209823,0.25023161791481274,0.3373639685398032,0.39872643859082824,0.3792356043216367,0.3810726006832737,0.0,0.36710136571295565,0.36541449895417133,0.35890005364358457,0.339991223574681,0.3929887372190368,0.35450139653623386,0.2839508771649294,0.34340222143198057,0.3603289464368071,0.3362628817558645,0.3165603950231634,0.3438755446894806,0.3544446618442141,0.36563530940665234,0.36517074037602165,0.33749999369804606,0.38562613349129654,0.4088880452524725,0.3621581924058013,0.36960195651222394,0.29728769326281196,0.41574362654527924,0.30676823827698113,0.44673367441559564,0.39143923875232156,0.4310378474502107,0.2883136115913446,0.0,0.2886042186859824,0.29872631645483555,0.5175049566911255,0.0,0.40806667155791587,0.46044069856346076,0.42007016235667494,0.4139894002842673,0.5213273247029308,0.0,0.48881427276800143,0.331664565010934,0.4027430501593311,0.0,0.34975379214790536,0.2567560194743371,0.0,0.2694614244834933,0.5078927780460318,0.3598871903977521,0.30971012837169765,0.3482836269625114,0.46423395289360414,0.0,0.2664525624237664,0.35427911235387977,0.45304905101717335,0.40433185988672016,0.4232502703479226,0.3985645871830154,0.4489791440927733
0.27538496166161985,0.3354128220509809,0.3620731494088011,0.30776659594078715,0.3307330091296367,0.37754410322330895,0.0,0.36170981553990167,0.3685583592518909,0.31120266306651634,0.3783191928422177,0.3284174190532517,0.32675749789093417,0.28896722518969975,0.3516918891611443,0.36759638765704317,0.0,0.380462934954966,0.3743494809595462,0.3821428559050445,0.32587102899500997,0.41190984332344827,0.343570692294437,0.0,0.34624594805388464,0.35773719663914993,0.36329818698413263,0.33841498194245057,0.37060208867186245,0.3839821381653294,0.38449864793695354,0.37683897223655266,0.372216482419097,0.39217547869258396,0.40436057340048226,0.31675999326144144,0.3156274089073225,0.3652847024889795,0.30812433729342886,0.0,0.332834808023719,0.3670054528006674,0.3661294320571749,0.0,0.0,0.0,0.0,0.39694315704697913,0.0,0.32721025727281355,0.33965548551331953,0.32074388185046776,0.3178597168800661,0.3995553996951078,0.0,0.2982924434240227,0.0,0.2971460767535323,0.0,0.3192890718780216,0.0,0.0,0.0,0.400417374807872,0.3156442846183035,0.2661778442189863,0.3171607406533406,0.43710382266352893,0.0,0.3038624552751617,0.29958208311935064,0.38094011580303205,0.29820859138293015,0.315200884831165,0.0,0.3075684666010936
0.45553960940073357,0.4280636118631079,0.4452285768061131,0.3597456611348082,0.33532147833715753,0.35989927348736594,0.36170981553990167,0.0,0.4433285157898827,0.3551297806939781,0.3498763562202463,0.0,0.35125286732998023,0.3657910463727531,0.0,0.4035048408622417,0.0,0.4313968304679541,0.41309047371964847,0.37976078817432585,0.388172534052943,0.4006290366035312,0.3348078192075437,0.48023521592410146,0.4543871061898245,0.4508678522973753,0.38745911141348766,0.3549635634923051,0.353175450717557,0.3611055153048282,0.38267114900340926,0.3479274724793428,0.41033407851829296,0.39754140944999494,0.396019823855499,0.27331788725240863,0.33457211950586424,0.0,0.41423893002381185,0.0,0.4621917337650789,0.0,0.45096332174327886,0.0,0.0,0.0,0.0,0.5411285606204114,0.0,0.43600147090746766,0.4542471731471206,0.4255065757797803,0.4423871446662681,0.5388871618045559,0.0,0.45476040082245534,0.0,0.39440142661960464,0.4662468841558311,0.45164856086230587,0.0,0.0,0.0,0.5286599128922009,0.45544967877903914,0.48939311940069774,0.0,0.4885540791106126,0.0,0.0,0.0,0.4687751741573548,0.3927824003554342,0.39061273942119457,0.0,0.4285688092355146
0.0,0.2580976872991517,0.3374565815243234,0.33067801811207626,0.3358420483533953,0.3752765263691722,0.3685583592518909,0.4433285157898827,0.0,0.3106903631296916,0.2902081350284624,0.31893174991823076,0.36039865971734836,0.40469090677871405,0.0,0.3272191136095101,0.0,0.2562496628293458,0.27175581699643114,0.3429912859404799,0.27308501832569204,0.3559530760959087,0.3797485312359817,0.0,0.2574087504941739,0.2555314144022697,0.37541057051471105,0.3718859931480112,0.3360588432607273,0.34226006235874223,0.38790790994474433,0.3703491275279103,0.33540377787504844,0.3863500273124565,0.3816414964719457,0.34927403735371665,0.33857036976044513,0.28883585038004495,0.342991957509956,0.0,0.3598753934346446,0.31974479621713237,0.48276019671508963,0.33525584227663513,0.0,0.0,0.0,0.5501178318781723,0.0,0.42697736344982296,0.5026338052583049,0.4163229955524501,0.523981759398167,0.5213996946860352,0.0,0.46997909403726373,0.3485019179555175,0.38345446422194884,0.48981197157552603,0.0,0.0,0.0,0.0,0.5380443051778189,0.294549815591003,0.0,0.2747544445284028,0.5248126390323796,0.0,0.0,0.0,0.5138388134840002,0.36838459067889673,0.3524041174842611,0.0,0.3599310524453676
0.378630366705828,0.2829394043153781,0.3626239183000967,0.2857948398366474,0.26785688531788066,0.32736730644322537,0.31120266306651634,0.3551297806939781,0.3106903631296916,0.0,0.33188471633092786,0.28612226977010585,0.36927603041121576,0.0,0.0,0.3483535874305877,0.3062466328004364,0.3268094897731513,0.332041809954048,0.2988230426149364,0.43324603948868495,0.31216260648954086,0.3595738284384348,0.3164341420921305,0.3530241252360604,0.345610971402756,0.361573006832752,0.35441608279503983,0.3130912534473044,0.0,0.312256083797072,0.3448395244092483,0.3038739197188266,0.30789282416198094,0.30549648605268864,0.33288874340174757,0.2837009646540867,0.2654085574513246,0.29205327955933014,0.3724345043819375,0.35046163683409254,0.0,0.0,0.0,0.363170149945686,0.37290672480337234,0.0,0.0,0.0,0.0,0.0,0.0,0.0,0.0,0.43231850769250946,0.30744145810861434,0.43329072652106265,0.0,0.0,0.0,0.33141244570614,0.4140459335385658,0.3492417763910853,0.0,0.0,0.0,0.0,0.0,0.4319632317028545,0.4045773893427886,0.4385632451400657,0.3009002535470054,0.0,0.0,0.0,0.3938103471347493
0.4506933018402279,0.0,0.32267928529475426,0.33722573836093556,0.30935179954821074,0.3791393503209823,0.3783191928422177,0.3498763562202463,0.2902081350284624,0.33188471633092786,0.0,0.34005974769017067,0.375798992319533,0.28325968446052324,0.0,0.0,0.0,0.0,0.26311574164210233,0.0,0.0,0.0,0.29550894374027775,0.31901909762909414,0.0,0.0,0.3730710949680664,0.3712440068765708,0.0,0.0,0.3878735746959379,0.3349915421584446,0.0,0.37427069152425047,0.37739435976162694,0.29872867554027016,0.3238456751967061,0.3204131845922279,0.3284143418479225,0.0,0.0,0.0,0.47671925096406254,0.0,0.0,0.0,0.0,0.5100921476978951,0.0,0.4203510185253164,0.42735598594917645,0.3953187877156503,0.48084584311895545,0.5179810539846471,0.0,0.2660326315687909,0.3004608848781974,0.37473996175453705,0.3866496128744582,0.0,0.0,0.0,0.0,0.44507505730029384,0.0,0.0,0.0,0.49252500653725034,0.0,0.0,0.0,0.48347440628773125,0.3425137453832783,0.0,0.0,0.0
0.4038661661330846,0.24546955249229968,0.0,0.0,0.3538545194925521,0.25023161791481274,0.3284174190532517,0.0,0.31893174991823076,0.28612226977010585,0.34005974769017067,0.0,0.3499967420885005,0.0,0.0,0.282099426078854,0.36227408474652745,0.3620114129811035,0.0,0.27307451769971536,0.39814740005563803,0.2815903647357351,0.3731578653805998,0.31828518151747565,0.3676666271644371,0.3279426490412,0.32188324524327633,0.3654371621697575,0.27656395342841433,0.0,0.33448218652526307,0.3084611993676363,0.31206042587762695,0.2683084489497459,0.26832979641399396,0.37195089494023903,0.38568744839369795,0.2145648609535012,0.0,0.387397780820444,0.3544076190114836,0.0,0.0,0.0,0.36295986901117516,0.3443184618009391,0.0,0.0,0.0,0.0,0.0,0.0,0.0,0.0,0.44256769178407807,0.0,0.44532875359862,0.0,0.0,0.0,0.0,0.40975891019057215,0.3625407060828683,0.0,0.0,0.0,0.0,0.0,0.4392521085072048,0.42227741866561014,0.44896626462016836,0.0,0.0,0.0,0.0,0.40349493544826626
0.31736816602075235,0.3762625097312972,0.3585296909870356,0.33075316644245195,0.35402202733469385,0.3373639685398032,0.32675749789093417,0.35125286732998023,0.36039865971734836,0.36927603041121576,0.375798992319533,0.3499967420885005,0.0,0.30026681976614455,0.3730253586405286,0.40437838133493786,0.3413844861626777,0.3664276669741421,0.3674392482068351,0.37672168378361026,0.3410556868918353,0.4118611467782591,0.34887889492391144,0.2732145524891487,0.38378750550594576,0.3841298193481554,0.36146516774519116,0.323557871792013,0.35271038498695295,0.3399293825093511,0.3517017080994706,0.3739561434577548,0.36514537223184806,0.37665091806286743,0.3844628719094176,0.3383143939995441,0.3404292288805506,0.3441469703587712,0.35858966084340044,0.0,0.37438366390332667,0.34934589717966236,0.3570445552138561,0.33286167291007407,0.0,0.0,0.2784444950211898,0.39574021999561815,0.0,0.29946105033567516,0.2580454474306283,0.30284785896014527,0.37463282901721123,0.35034381071571014,0.0,0.3051637389754334,0.3511748757669392,0.2856338856326471,0.0,0.3134165949048262,0.2799968686596538,0.0,0.2997385469446909,0.0,0.36528324914083427,0.3144076923912268,0.29271182224292747,0.42989019725500555,0.0,0.3028212624151051,0.31892387417268425,0.39654930237611075,0.3369991308756289,0.34132925854604534,0.3698515745521887,0.3174547436761782
0.43836479724674393,0.0,0.40630948135851097,0.2530611168308058,0.24219884959636534,0.39872643859082824,0.28896722518969975,0.3657910463727531,0.40469090677871405,0.0,0.28325968446052324,0.0,0.30026681976614455,0.0,0.0,0.0,0.0,0.0,0.3464051985981747,0.0,0.4264266101647314,0.0,0.3603175605097398,0.0,0.0,0.4056907989060865,0.41175497452353726,0.25043571609933996,0.0,0.0,0.0,0.22327778033957826,0.0,0.0,0.0,0.2081321955921894,0.16419849546119955,0.0,0.0,0.0,0.0,0.0,0.4219629137906654,0.0,0.0,0.0,0.0,0.4942966675184041,0.0,0.44185018042182667,0.36854487404173486,0.36940271731667523,0.45885182362081084,0.49799960813159294,0.0,0.41197363568692574,0.0,0.32369950489061927,0.0,0.0,0.0,0.0,0.0,0.4537075186735321,0.0,0.0,0.0,0.47938926182114694,0.0,0.0,0.0,0.4367566993071717,0.0,0.0,0.0,0.0
0.34109187372658734,0.38065289321859264,0.0,0.0,0.0,0.3792356043216367,0.3516918891611443,0.0,0.0,0.0,0.0,0.0,0.3730253586405286,0.0,0.0,0.3736672381906747,0.0,0.36109008762407263,0.0,0.3545745796002825,0.3499791248071182,0.3146481619513162,0.2870268473970672,0.37518138416216174,0.3609643466279779,0.36416605859198353,0.3845656562917986,0.3673125573626665,0.3796989123160056,0.34583644706496797,0.37545470653366747,0.3947394181524555,0.355538391111106,0.3991935589395154,0.43633079821286824,0.0,0.0,0.0,0.4068608845752056,0.42276517306795924,0.3905222936751089,0.45687505854897303,0.0,0.0,0.0,0.0,0.42911149958185596,0.0,0.0,0.0,0.4014031135128752,0.29542641645042145,0.4156210326738541,0.0,0.0,0.0,0.3372226923570909,0.34452652072255685,0.0,0.44538900226948547,0.3591876830226882,0.0,0.3034596918477408,0.0,0.41710829631353114,0.3832783206067277,0.45303814839135553,0.4144983523151228,0.0,0.34454993084308,0.4624293303555024,0.4314556568888679,0.3908066522608596,0.3936616047075331,0.39799703893081334,0.35644023945228026
0.37054302462442673,0.3698913392988302,0.0,0.0,0.3572957295199259,0.3810726006832737,0.36759638765704317,0.4035048408622417,0.3272191136095101,0.3483535874305877,0.0,0.282099426078854,0.40437838133493786,0.0,0.3736672381906747,0.0,0.3712979484436033,0.36615969298273343,0.0,0.40379052622280986,0.36238296704692613,0.3777739666961479,0.3871184605697573,0.34335909864194847,0.37160277679838855,0.37826035525823354,0.38866445218200674,0.36865234671952407,0.4113949331664072,0.3770684048509781,0.3631286554117184,0.408846310614368,0.3576239852107301,0.36535872827987775,0.41498487587404176,0.0,0.30871894572752423,0.27768880413881947,0.4111827376675107,0.42107647136423443,0.4129714137128317,0.4121505965798484,0.0,0.0,0.0,0.4329872770970283,0.4205092649417255,0.0,0.0,0.0,0.2713981777297623,0.3161874610177281,0.0,0.0,0.3248718447379573,0.0,0.34135595244577716,0.2883494646055765,0.0,0.40956441866812077,0.41921506305801437,0.3180931921561228,0.4294584176395493,0.0,0.38153999288434065,0.3781332919006231,0.4128248254337997,0.0,0.4363121820070781,0.42889820272557805,0.442973575740979,0.3658312933865715,0.0,0.3392263522302383,0.0,0.4136178300153524
0.3730171451772377,0.0,0.0,0.0,0.0,0.0,0.0,0.0,0.0,0.3062466328004364,0.0,0.36227408474652745,0.3413844861626777,0.0,0.0,0.3712979484436033,0.0,0.30631246141483803,0.0,0.32593975271044473,0.3824855096729556,0.35025854755138963,0.0,0.3729503826069536,0.3474091004644743,0.3562640329913285,0.0,0.3227661652869547,0.30919029870693987,0.0,0.33358683245863074,0.37056983093863527,0.31529630712067663,0.3323089351129591,0.3407723182923062,0.0,0.0,0.29118113115821154,0.31940025417619,0.36772104107796616,0.34411790370140016,0.0,0.0,0.0,0.0,0.3712861512026572,0.0,0.0,0.0,0.0,0.0,0.0,0.0,0.0,0.4311907516211595,0.0,0.4280571512477077,0.0,0.0,0.0,0.0,0.41457601591146576,0.3834803097817487,0.0,0.0,0.0,0.0,0.0,0.4125295872311142,0.4183007655460473,0.43420797784459886,0.0,0.0,0.0,0.0,0.3552049483724552
0.3936108502533415,0.38298082852186904,0.0,0.0,0.3478639433805306,0.36710136571295565,0.380462934954966,0.4313968304679541,0.2562496628293458,0.3268094897731513,0.0,0.3620114129811035,0.3664276669741421,0.0,0.36109008762407263,0.36615969298273343,0.30631246141483803,0.0,0.0,0.395016485817217,0.38052324688842126,0.4006367990019016,0.40380874328213195,0.3659803962027731,0.36119858491440043,0.37335523318904984,0.3792883021106007,0.36307291731618957,0.4035759087585075,0.3537313672713744,0.34114075264215066,0.37560812366110913,0.33579973278785175,0.34485598887832425,0.3553519816093445,0.0,0.0,0.27940722382150546,0.3981849209256472,0.4081686942017623,0.40861983365843557,0.0,0.0,0.0,0.0,0.42308212686767976,0.418752542068516,0.0,0.0,0.0,0.2939170732201426,0.0,0.0,0.0,0.4237092143704622,0.0,0.42540444212880707,0.2873996384051955,0.0,0.0,0.42887508388441603,0.42211428729232636,0.42831847929958283,0.0,0.33847170287508926,0.0,0.3829535758725653,0.0,0.42802806802245696,0.4290494861018469,0.44395472180025275,0.0,0.0,0.30163467273263167,0.0,0.40656159171374134
0.0,0.0,0.28763861538181257,0.31785720867895445,0.3487764911431418,0.36541449895417133,0.3743494809595462,0.41309047371964847,0.27175581699643114,0.332041809954048,0.26311574164210233,0.0,0.3674392482068351,0.3464051985981747,0.0,0.0,0.0,0.0,0.0,0.0,0.0,0.0,0.25703283056369236,0.0,0.0,0.0,0.36555761450725116,0.37574795659468874,0.0,0.0,0.3447093107095637,0.34233984491420094,0.0,0.31696186634521795,0.3767119309385174,0.3340947720657676,0.31648754061007106,0.3079277892192071,0.36496186873065284,0.0,0.0,0.0,0.4786250869619793,0.0,0.0,0.0,0.0,0.5402254391405343,0.0,0.43489177138770246,0.48556581510980024,0.41492905066405167,0.5238782562116546,0.5279234763163845,0.0,0.32359165852254707,0.2907527421522983,0.3608039444039566,0.45752371306546563,0.0,0.0,0.0,0.0,0.5235401554115477,0.0,0.0,0.0,0.5248198429846838,0.0,0.0,0.0,0.5011515281866459,0.3277716814823058,0.0,0.0,0.0
0.37000723119963996,0.3839761963728216,0.0,0.0,0.38238189565766634,0.35890005364358457,0.3821428559050445,0.37976078817432585,0.3429912859404799,0.2988230426149364,0.0,0.27307451769971536,0.37672168378361026,0.0,0.3545745796002825,0.40379052622280986,0.32593975271044473,0.395016485817217,0.0,0.0,0.3674684629600665,0.35476784129355166,0.2633055568079924,0.26305980606900237,0.3734196136542024,0.4012985268090483,0.310828580040344,0.35878466540963805,0.34138485669791035,0.3431528345725184,0.35218945485505654,0.4060354582138904,0.36295767839872584,0.4027713788831436,0.4451628941369264,0.45636415351724213,0.4432464230641109,0.17640932502917026,0.40051009694085893,0.36033664527242976,0.274382822400583,0.42636138875721236,0.0,0.37697020036716117,0.0,0.34525431711729576,0.378276982148643,0.0,0.0,0.0,0.37383516203508355,0.30315831147282224,0.41681140630172925,0.0,0.0,0.0,0.3891714899509178,0.3351312894247395,0.0,0.3879936998901861,0.29315682855464764,0.0,0.28941376372234073,0.0,0.4023293090323088,0.30490603188209675,0.42232070004379063,0.38827811164245857,0.0,0.2922602043418604,0.429215640387166,0.4342146515928535,0.4061850346138972,0.34390347508053093,0.0,0.3854071029778571
0.38298154864837186,0.3673693302241982,0.3139947294708212,0.0,0.2947535130160332,0.339991223574681,0.32587102899500997,0.388172534052943,0.27308501832569204,0.43324603948868495,0.0,0.39814740005563803,0.3410556868918353,0.4264266101647314,0.3499791248071182,0.36238296704692613,0.3824855096729556,0.38052324688842126,0.0,0.3674684629600665,0.0,0.3974486101931606,0.33624315858417475,0.4730814402622196,0.4106937831925057,0.3902776303665741,0.37171590556896955,0.34190245108393397,0.3486923068135441,0.3506008980615098,0.35557628993247214,0.38278197109823425,0.3275689497497252,0.3756456506222216,0.426016814413475,0.4217135706522953,0.37083267149497573,0.0,0.4176636888247048,0.37275685457534935,0.39575676074421906,0.45230446086579174,0.0,0.0,0.0,0.4108767686375818,0.4142418781790335,0.0,0.0,0.0,0.388740222808618,0.3158144654726934,0.43202194068602234,0.0,0.0,0.0,0.0,0.36979327927481803,0.0,0.4503298481540643,0.3652637718102574,0.0,0.3455480865863694,0.0,0.40968420307232833,0.38187524193032313,0.4319669605376371,0.4153692979533107,0.0,0.3611213813645977,0.4462599906555697,0.432930008687217,0.4166116279416294,0.42334468276491716,0.4339357061357381,0.4126732032830554
0.36680358863977275,0.3735404338718404,0.0,0.0,0.40039027777910247,0.3929887372190368,0.41190984332344827,0.4006290366035312,0.3559530760959087,0.31216260648954086,0.0,0.2815903647357351,0.4118611467782591,0.0,0.3146481619513162,0.3777739666961479,0.35025854755138963,0.4006367990019016,0.0,0.35476784129355166,0.3974486101931606,0.0,0.29978576497384696,0.28353512220648597,0.37491601521474743,0.3910614992323242,0.3959550999422835,0.3967709278973424,0.40156744878309186,0.39375251766124963,0.36757001622242513,0.4156906706715127,0.3662760798706446,0.40622285476563225,0.4532211480616062,0.48524147325234485,0.43874246803275035,0.0,0.4145500263907135,0.4149402244099965,0.4259143122132382,0.4552153931519616,0.0,0.0,0.0,0.39428308100907145,0.41199760870562074,0.0,0.0,0.0,0.3322749936144949,0.26023786602718274,0.4462710497123801,0.2797523404828315,0.28682411568804,0.0,0.2951018352342631,0.27221938920646715,0.0,0.46035360804764874,0.3628584995161479,0.0,0.3499651269827578,0.0,0.4210417033145213,0.4277555699677367,0.44135996430986923,0.4254089605732366,0.0,0.3879514006982572,0.4483520388649336,0.4006982854375402,0.34158019010230656,0.3963598774134434,0.0,0.4036524105795319
0.41049663726483243,0.36937227785788024,0.29846890221390204,0.35459796248178127,0.33646777305278125,0.35450139653623386,0.343570692294437,0.3348078192075437,0.3797485312359817,0.3595738284384348,0.29550894374027775,0.3731578653805998,0.34887889492391144,0.3603175605097398,0.2870268473970672,0.3871184605697573,0.0,0.40380874328213195,0.25703283056369236,0.2633055568079924,0.33624315858417475,0.29978576497384696,0.0,0.4503962116250899,0.4185173566244098,0.40582984719051396,0.3387020254769978,0.3513197383829616,0.35299022499118987,0.3607312768389057,0.3636200303059601,0.35377002920698697,0.32705301020128535,0.38507360405690266,0.38511128010930135,0.33595971256060153,0.3391804773558933,0.30379803538003275,0.4068806999800258,0.0,0.4757956556585569,0.48162355178205557,0.4734933455987832,0.3760072523455809,0.0,0.0,0.29796953612060956,0.5476269959303808,0.0,0.45513735310670334,0.4740879982634523,0.4620115611174676,0.45491748836277945,0.5455338591300792,0.0,0.4234927317512883,0.32323470951978345,0.452780329403814,0.49913985653443393,0.41684278688317694,0.24649054435389683,0.0,0.0,0.5624751139463554,0.43367883597137463,0.3228192033952061,0.3665093170198438,0.48842940807787166,0.0,0.27183443303562677,0.3527895474657083,0.4700066124394561,0.4517346761180051,0.4361022821404995,0.4621385055529799,0.4684568128405698
0.3880303858469136,0.3211025081704383,0.0,0.0,0.313613976915379,0.2839508771649294,0.0,0.48023521592410146,0.0,0.3164341420921305,0.31901909762909414,0.31828518151747565,0.2732145524891487,0.0,0.37518138416216174,0.34335909864194847,0.3729503826069536,0.3659803962027731,0.0,0.26305980606900237,0.4730814402622196,0.28353512220648597,0.4503962116250899,0.0,0.3619046527387189,0.3512869919606957,0.38321806961262156,0.3487192987169242,0.2760370061431139,0.0,0.31686293599020116,0.34516052128494323,0.26252666706950545,0.24735803104161988,0.26130371958836873,0.0,0.0,0.23830704553021131,0.0,0.3563476637543887,0.32807725578274916,0.0,0.0,0.0,0.329526638471498,0.3965149580766841,0.0,0.0,0.0,0.0,0.0,0.0,0.0,0.0,0.433477826477687,0.0,0.4320956836622672,0.0,0.0,0.0,0.39566583507647096,0.43838457044710444,0.42079681910595534,0.0,0.0,0.0,0.0,0.0,0.4138060372525558,0.4316139190683316,0.4365730961839707,0.0,0.0,0.0,0.0,0.38236733684278246
0.37459015709815796,0.3601144433544961,0.23709539664520224,0.0,0.318815426830999,0.34340222143198057,0.34624594805388464,0.4543871061898245,0.2574087504941739,0.3530241252360604,0.0,0.3676666271644371,0.38378750550594576,0.0,0.3609643466279779,0.37160277679838855,0.3474091004644743,0.36119858491440043,0.0,0.3734196136542024,0.4106937831925057,0.37491601521474743,0.4185173566244098,0.3619046527387189,0.0,0.35531398408468984,0.36840467151996875,0.37582564087184245,0.3761970762554802,0.30075536256764246,0.34037703494874577,0.3769708055379726,0.3133926991833676,0.33348754755018695,0.35940421163568564,0.0,0.0,0.3175747741852725,0.4031444004815286,0.4080882551601826,0.40227343757853234,0.43333332097541505,0.0,0.0,0.3634421912941743,0.418653312648173,0.4299041863483526,0.0,0.0,0.0,0.2779336332954702,0.28271300081994655,0.0,0.0,0.438923642333798,0.0,0.4391792437317818,0.3113394820799069,0.0,0.3901395450682005,0.42733509938400394,0.42823037975306294,0.42762870247224916,0.0,0.36150382571828393,0.39463836761658505,0.34505827839680253,0.28891064298813407,0.4374210685355938,0.427785337723412,0.4405920819680814,0.28902913105707934,0.33112240018708966,0.36236770764579707,0.0,0.4162015149943697
0.3658237877486791,0.38903477053165303,0.0,0.0,0.29931507649808536,0.3603289464368071,0.35773719663914993,0.4508678522973753,0.2555314144022697,0.345610971402756,0.0,0.3279426490412,0.3841298193481554,0.4056907989060865,0.36416605859198353,0.37826035525823354,0.3562640329913285,0.37335523318904984,0.0,0.4012985268090483,0.3902776303665741,0.3910614992323242,0.40582984719051396,0.3512869919606957,0.35531398408468984,0.0,0.4266633522804646,0.33767215699128106,0.3820247896742438,0.28479005821949127,0.34692141669965315,0.39397001135412535,0.3446103010042661,0.3541281498410903,0.41092852388550777,0.4367642941984313,0.0,0.331056831858768,0.40100719746680547,0.42086912305666946,0.41289140691010295,0.44668209329536956,0.0,0.0,0.39575052573754255,0.42807559565858266,0.4378120667722388,0.0,0.0,0.0,0.3224629645294889,0.2853442826823312,0.449026645383426,0.0,0.4580424974416293,0.0,0.4562806971493101,0.30497686262224405,0.0,0.47306550162468786,0.42133512977164755,0.44432793405128074,0.4329592821964344,0.0,0.406617424450986,0.4639680249999886,0.44501908568442944,0.4195903768522179,0.44543202893843137,0.43286550519810923,0.4487299600229358,0.40850738889783866,0.3677945340186839,0.3742400550771906,0.0,0.41797836277053435
0.35072188076755983,0.3721398872064232,0.33966431550902765,0.351551256607327,0.3895161709664232,0.3362628817558645,0.36329818698413263,0.38745911141348766,0.37541057051471105,0.361573006832752,0.3730710949680664,0.32188324524327633,0.36146516774519116,0.41175497452353726,0.3845656562917986,0.38866445218200674,0.0,0.3792883021106007,0.36555761450725116,0.310828580040344,0.37171590556896955,0.3959550999422835,0.3387020254769978,0.38321806961262156,0.36840467151996875,0.4266633522804646,0.0,0.3594068707522455,0.3472273177265243,0.36522282434340086,0.36812576759617366,0.37560625061698905,0.3500585110755657,0.39787756682014414,0.41762170042199687,0.3565178161475713,0.39272198411207376,0.32662389283299953,0.4192525273252538,0.40758011894966634,0.446323912913395,0.46545623149709714,0.4649471077882764,0.32858817798756484,0.0,0.0,0.3113713083496024,0.5507107244114855,0.0,0.4569642863465063,0.4657072440425156,0.42934162252572067,0.442572338982443,0.5438607266520333,0.0,0.4832509168349449,0.34194509386570954,0.3762876890811268,0.48463398423539206,0.42056658994272483,0.28627983705386706,0.0,0.3061827365302608,0.5397280042733614,0.4213650669620847,0.356558302874957,0.3105521076100499,0.46700059839389046,0.0,0.2651054428585863,0.4133684162649114,0.455861871104835,0.41026670811814625,0.419021463440027,0.4285038816612573,0.4496265728621393
0.33377845104054726,0.37238918285273304,0.3592654710794095,0.3042836302784011,0.3423275716400893,0.3165603950231634,0.33841498194245057,0.3549635634923051,0.3718859931480112,0.35441608279503983,0.3712440068765708,0.3654371621697575,0.323557871792013,0.25043571609933996,0.3673125573626665,0.36865234671952407,0.3227661652869547,0.36307291731618957,0.37574795659468874,0.35878466540963805,0.34190245108393397,0.3967709278973424,0.3513197383829616,0.3487192987169242,0.37582564087184245,0.33767215699128106,0.3594068707522455,0.0,0.3141325871049084,0.28748649599814535,0.34130836009982246,0.3619157873906369,0.3522148939223461,0.3617151598468869,0.34425080365716915,0.31097340350480357,0.32143174587526346,0.33531275203422733,0.3664378020816953,0.0,0.42307728643133746,0.3458993574103648,0.37833143421457793,0.27016312883623933,0.0,0.0,0.27380062873810546,0.3733316180684669,0.0,0.2865946265965027,0.3753480149110954,0.2910782903430229,0.33112696933576774,0.3233448788363321,0.0,0.2802277883199817,0.29764931213100926,0.3142181714718505,0.0,0.3818549186660513,0.2817495064629931,0.0,0.28015039444830725,0.0,0.4088204081046858,0.36362955186010193,0.3299184934000769,0.4323151442384843,0.0,0.3050592872591405,0.34765554320580727,0.4282472995351535,0.3882414179696965,0.3926372948125089,0.34964638415255245,0.3747989750768101
0.3523083081109344,0.3750970728588153,0.35380329522188464,0.3461320627504293,0.3621854428128942,0.3438755446894806,0.37060208867186245,0.353175450717557,0.3360588432607273,0.3130912534473044,0.0,0.27656395342841433,0.35271038498695295,0.0,0.3796989123160056,0.4113949331664072,0.30919029870693987,0.4035759087585075,0.0,0.34138485669791035,0.3486923068135441,0.40156744878309186,0.35299022499118987,0.2760370061431139,0.3761970762554802,0.3820247896742438,0.3472273177265243,0.3141325871049084,0.0,0.33714449287766846,0.3507407247888204,0.39501201330928987,0.3574169559731231,0.39719739038145874,0.4366128030113924,0.42926542546850216,0.40912540280352344,0.0,0.392872305259829,0.34753849156027267,0.3671518860415223,0.395083904964788,0.3634031765550289,0.0,0.0,0.33742863600061207,0.3581370948324797,0.0,0.0,0.0,0.36958751048428035,0.2989901214817454,0.39527199774373517,0.0,0.3059531424260709,0.0,0.42171321343289053,0.3469957398530854,0.0,0.38645572496105346,0.27351514429930646,0.0,0.29192886596873124,0.0,0.3767467877444817,0.3352538884081222,0.38517581209714125,0.42025001852784555,0.0,0.2784261161938642,0.4015809229729124,0.42706814095202306,0.3883722664265074,0.39977658024924584,0.3896156292828274,0.3727918328205982
0.31061781314839326,0.0,0.33715995006263055,0.0,0.0,0.3544446618442141,0.3839821381653294,0.3611055153048282,0.34226006235874223,0.0,0.0,0.0,0.3399293825093511,0.0,0.34583644706496797,0.3770684048509781,0.0,0.3537313672713744,0.0,0.3431528345725184,0.3506008980615098,0.39375251766124963,0.3607312768389057,0.0,0.30075536256764246,0.28479005821949127,0.36522282434340086,0.28748649599814535,0.33714449287766846,0.0,0.32245767831714417,0.3896326251888497,0.3417022058596187,0.36885898197050776,0.3876881711199908,0.0,0.0,0.3387282865238786,0.4203078441155359,0.0,0.0,0.0,0.0,0.0,0.0,0.0,0.0,0.0,0.0,0.0,0.35164620595574453,0.0,0.0,0.0,0.0,0.0,0.0,0.3084434769500764,0.0,0.371580829797926,0.0,0.0,0.0,0.0,0.4105524180778707,0.3918841519613499,0.0,0.4475859438823323,0.0,0.0,0.0,0.4299803387981464,0.3664420688536405,0.37980932684596247,0.0,0.0
0.33306613515792305,0.32212145046753005,0.3769758810561748,0.29995338792183507,0.37404282944472855,0.36563530940665234,0.38449864793695354,0.38267114900340926,0.38790790994474433,0.312256083797072,0.3878735746959379,0.33448218652526307,0.3517017080994706,0.0,0.37545470653366747,0.3631286554117184,0.33358683245863074,0.34114075264215066,0.3447093107095637,0.35218945485505654,0.35557628993247214,0.36757001622242513,0.3636200303059601,0.31686293599020116,0.34037703494874577,0.34692141669965315,0.36812576759617366,0.34130836009982246,0.3507407247888204,0.32245767831714417,0.0,0.38024336585871815,0.29392346140620634,0.2759547442803931,0.2644503683432245,0.37000267715295243,0.31915848375391886,0.2891305813283137,0.3755883500539047,0.35771437981053317,0.45133971387173316,0.45660482239012673,0.38705025130865545,0.0,0.326715103177076,0.38166374814894855,0.39835514176883063,0.3541993647286006,0.0,0.0,0.3745174288768482,0.29580925543040487,0.4429310171157788,0.0,0.3592582250155032,0.28428706732257325,0.39178088683388385,0.2992016378834181,0.0,0.43242406291353486,0.39330479675194724,0.3836850415891978,0.4067158241967041,0.0,0.41976694778541507,0.3876297117443455,0.40527014317248033,0.4483178731291948,0.42226393013079466,0.40725197365478955,0.4245790058491807,0.44219729892490856,0.36230242376619587,0.3819711506849476,0.0,0.42314212970057447
0.38759579108569187,0.3825951740535425,0.3438901712823793,0.2815724929495606,0.2950916409465705,0.36517074037602165,0.37683897223655266,0.3479274724793428,0.3703491275279103,0.3448395244092483,0.3349915421584446,0.3084611993676363,0.3739561434577548,0.22327778033957826,0.3947394181524555,0.408846310614368,0.37056983093863527,0.37560812366110913,0.34233984491420094,0.4060354582138904,0.38278197109823425,0.4156906706715127,0.35377002920698697,0.34516052128494323,0.3769708055379726,0.39397001135412535,0.37560625061698905,0.3619157873906369,0.39501201330928987,0.3896326251888497,0.38024336585871815,0.0,0.3336459997088295,0.32088655525751986,0.3439452386079048,0.25921965495377336,0.30090465102418656,0.23287535658242087,0.26742325996516303,0.28799013665084217,0.29867057557862037,0.32096613245957945,0.3059421523841151,0.3082055643665839,0.255916790564622,0.38187734545111895,0.3964076776976389,0.3824210669101767,0.0,0.33935122920967914,0.4310726298561031,0.339886704159593,0.4146834431713291,0.35295574878426295,0.36170237159878477,0.3374757268452355,0.2791597570206902,0.3530414690474665,0.0,0.43085876301738685,0.3069713836304634,0.32338452879697543,0.3739448342272229,0.39610081273770936,0.4080557552725194,0.4060665476842273,0.4343006146021477,0.4401613958722843,0.0,0.3816000365757789,0.4314794385175938,0.4414766996196463,0.35826085031970906,0.4258742616014012,0.43814674159977585,0.39057819458393195
0.3423784047733406,0.33294662638478106,0.0,0.0,0.34177984242105897,0.33749999369804606,0.372216482419097,0.41033407851829296,0.33540377787504844,0.3038739197188266,0.0,0.31206042587762695,0.36514537223184806,0.0,0.355538391111106,0.3576239852107301,0.31529630712067663,0.33579973278785175,0.0,0.36295767839872584,0.3275689497497252,0.3662760798706446,0.32705301020128535,0.26252666706950545,0.3133926991833676,0.3446103010042661,0.3500585110755657,0.3522148939223461,0.3574169559731231,0.3417022058596187,0.29392346140620634,0.3336459997088295,0.0,0.23120303778432266,0.3698075278776679,0.4655013603479801,0.27289443578498424,0.17725188318275412,0.2761873707850315,0.3991973050522993,0.24383996381057893,0.4505272540777182,0.0,0.0,0.2733642303244189,0.41006673609029526,0.40958143711744105,0.0,0.0,0.0,0.35940482359109893,0.0,0.0,0.0,0.3592599469562266,0.0,0.3600627396454603,0.0,0.0,0.453150515297212,0.4036776850898189,0.36492608291234646,0.39542189807053607,0.0,0.37129245263419897,0.40605842340023235,0.4279535443981882,0.443235193421618,0.34724201534325516,0.40020121436352774,0.42143101726974835,0.4211985820824474,0.0,0.3871719729380281,0.0,0.33477762492445523
0.33037683569464554,0.3278600359386818,0.3799540992688023,0.3032713987834472,0.3789076780367779,0.38562613349129654,0.39217547869258396,0.39754140944999494,0.3863500273124565,0.30789282416198094,0.37427069152425047,0.2683084489497459,0.37665091806286743,0.0,0.3991935589395154,0.36535872827987775,0.3323089351129591,0.34485598887832425,0.31696186634521795,0.4027713788831436,0.3756456506222216,0.40622285476563225,0.38507360405690266,0.24735803104161988,0.33348754755018695,0.3541281498410903,0.39787756682014414,0.3617151598468869,0.39719739038145874,0.36885898197050776,0.2759547442803931,0.32088655525751986,0.23120303778432266,0.0,0.2509359398905568,0.3789925200889534,0.3108855747070623,0.22026091219368457,0.28346967047917615,0.2362335453157109,0.23505163594667436,0.31840098157807717,0.0,0.3445448242111226,0.24760367809662934,0.37677226555888677,0.3980377858001003,0.0,0.0,0.0,0.3902404286524765,0.3137251072147865,0.44563864470210784,0.3339139863993901,0.34677175802307053,0.3096791144384615,0.3301566458670486,0.358996927727622,0.0,0.4489034138453261,0.38601380042876765,0.0,0.4085631589593106,0.0,0.43003544168495056,0.4098338942134738,0.4340689693654525,0.4544969483741667,0.3614242607304482,0.4021898694281869,0.4250184333621724,0.4619987949039693,0.40023259750953044,0.42153896259695983,0.0,0.41638168819533533
0.38263521816401097,0.3681739350313181,0.4107540415716871,0.30030930614800533,0.37369527235428057,0.4088880452524725,0.40436057340048226,0.396019823855499,0.3816414964719457,0.30549648605268864,0.37739435976162694,0.26832979641399396,0.3844628719094176,0.0,0.43633079821286824,0.41498487587404176,0.3407723182923062,0.3553519816093445,0.3767119309385174,0.4451628941369264,0.426016814413475,0.4532211480616062,0.38511128010930135,0.26130371958836873,0.35940421163568564,0.41092852388550777,0.41762170042199687,0.34425080365716915,0.4366128030113924,0.3876881711199908,0.2644503683432245,0.3439452386079048,0.3698075278776679,0.2509359398905568,0.0,0.4125221431841397,0.3249396181554743,0.2435414796241633,0.32923927903632233,0.23172199543882524,0.25762015330350485,0.35501564784584094,0.31905436334924264,0.3158034328607594,0.2229270149853244,0.0,0.43555548226759877,0.0,0.0,0.0,0.3821494681169581,0.35787982033780313,0.4435095529447462,0.0,0.0,0.30125336800072916,0.32392759242590524,0.33811094096147765,0.0,0.47434200673703836,0.401712909681306,0.0,0.41547404554836065,0.0,0.41041530963610034,0.4581927282608059,0.46226586745077675,0.4765248122814901,0.0,0.4117933466584933,0.4651632360759722,0.4617444775659163,0.294798836083223,0.42646631747603825,0.0,0.3756530499397231
