0.0,0.3593308687972571,0.33175331113263656,0.0,0.0,0.29703471144489335,0.2524664594658811,0.4476692777201855,0.2624003931453551,0.33574902017088776,0.0,0.2996802214329356,0.3036791283227457,0.0,0.341566375676698,0.33365082774053784,0.34984066601060004,0.3295166924694155,0.0,0.37025847292864367,0.34853960773217413,0.3563759308964751,0.4067774019833429,0.3309114472190385,0.3371193880799553,0.3373120473736905,0.36125125429048915,0.33858718504596946,0.34896855341031296,0.0,0.3049165533254069,0.3455229244864241,0.2754246194848015,0.2869796286079446,0.338250097821228,0.0,0.0,0.0,0.343198647752927,0.35217886089340833,0.38585866295000787,0.0,0.0,0.0,0.0,0.33928604655797884,0.41925804897724056,0.0,0.0,0.0,0.0,0.0,0.0,0.0,0.0,0.0,0.0,0.0,0.0,0.0,0.40160940571802856,0.0,0.36086200349873904,0.0,0.0,0.3148411104165752,0.41280397188252377,0.4238987941853321,0.357973025746907,0.3746119759923222,0.3854037907021388,0.0,0.0,0.0,0.0,0.3398894872978496
0.3593308687972571,0.0,0.292175411705019,0.0,0.36784428931548285,0.38343927953223533,0.3940707944317136,0.41313485787458754,0.37473638661206754,0.2828851826823471,0.0,0.25753208613739265,0.40438734191821535,0.0,0.386967376108595,0.38062854773592675,0.0,0.3923176274641925,0.0,0.41045607769891956,0.36042090028279367,0.3972827795133429,0.3862859100832497,0.31911831856632544,0.38730962997514207,0.3827796216340538,0.4018090990003379,0.3942741839537989,0.40139968183593594,0.0,0.33632380765932235,0.369586563324216,0.34399090589557524,0.3428420699632404,0.38329207510281404,0.0,0.0,0.0,0.4006661083446154,0.3990873724073066,0.40937381921742727,0.4257066347142595,0.0,0.0,0.0,0.4035032387714534,0.42480346453200585,0.0,0.0,0.0,0.38579747736018644,0.0,0.0,0.0,0.31058677093107195,0.0,0.0,0.253262193751224,0.0,0.4060278139331075,0.4202775791836921,0.29983353555493575,0.40398569065060275,0.0,0.41200214099842847,0.39226838048442264,0.42086621591043927,0.3826496336934998,0.0,0.4086138304804872,0.424407331403523,0.4154142557121111,0.0,0.4159812287737289,0.0,0.38968136714746937
0.33175331113263656,0.292175411705019,0.0,0.31667745416147053,0.3671775464497753,0.39090946857744774,0.41544587782386,0.4097740401513303,0.286981520975681,0.3575122812806426,0.293094981077849,0.2777130889763462,0.42069336501741794,0.3743615041470326,0.0,0.0,0.0,0.0,0.24239046174833678,0.0,0.34680939526866067,0.0,0.2738688206447646,0.28511540110383315,0.22098817086232847,0.24462662579408556,0.341989632365761,0.4166307702309188,0.3384791036638283,0.3839972204669711,0.4270600104698774,0.39333416179313657,0.2912391096691204,0.4183197671532344,0.41139517357325683,0.3536308526264494,0.4049542791475121,0.27429087770236005,0.3334393279607094,0.0,0.3100487655161564,0.0,0.40796421894891827,0.2727200568825505,0.0,0.0,0.0,0.4298921605989363,0.0,0.33566854315740824,0.48935317413829915,0.33836618562960447,0.4320798771335781,0.48340417528178553,0.0,0.31912083460665663,0.0,0.3663805253781169,0.38677801209112617,0.0,0.0,0.0,0.0,0.29547223560719704,0.0,0.0,0.0,0.5037261639511066,0.0,0.0,0.0,0.4837028191309171,0.32730351709264555,0.33896972881219195,0.0,0.3444035565925566
0.0,0.0,0.31667745416147053,0.0,0.2007107538250361,0.3633504018616362,0.24193551091124932,0.30717937462077766,0.3783650324148467,0.25547113054861736,0.31657724053800207,0.2456907744010562,0.29147881242704415,0.21897582193076617,0.0,0.0,0.0,0.0,0.35867025908421163,0.3349678526862268,0.0,0.0,0.3578298578674795,0.0,0.0,0.0,0.3627202290135965,0.22685898807705196,0.3136279224914124,0.0,0.2748594733890288,0.2560577793836234,0.2609338574064428,0.2796636405762187,0.23279125470030365,0.17547139708508566,0.17935557617596085,0.2397069387372508,0.18686868434344533,0.0,0.0,0.0,0.24432543059753092,0.19990115885987253,0.0,0.0,0.0,0.0,0.0,0.0,0.0,0.0,0.0,0.0,0.0,0.0,0.0,0.0,0.0,0.0,0.0,0.0,0.0,0.0,0.0,0.0,0.0,0.2784658747928538,0.0,0.0,0.0,0.2642847176423103,0.1801756276078457,0.0,0.0,0.0
0.0,0.36784428931548285,0.3671775464497753,0.2007107538250361,0.0,0.36997221199903874,0.3015027806636528,0.3255816390104769,0.327585428707839,0.35251048387848183,0.299680563736453,0.3542713449902995,0.33184512797959714,0.2509134768340108,0.0,0.3883682511616749,0.347270805055963,0.3135067193579229,0.3591595884690363,0.0,0.0,0.43443324933381927,0.36136103802482905,0.3613359845944795,0.2922980090354519,0.31094828182971346,0.3742715749498749,0.313638011953527,0.3769060255734802,0.0,0.39754910605798155,0.3126810038131612,0.323351278037622,0.38824059374356396,0.3247502228308472,0.19640556338992912,0.18352684824739263,0.31044578164068365,0.3180731218927104,0.0,0.0,0.3120023374904418,0.0,0.0,0.0,0.0,0.0,0.5248711028175624,0.0,0.0,0.3899564102367975,0.305097943264614,0.0,0.3909313751406158,0.0,0.3510046322257085,0.0,0.2742215521646312,0.0,0.0,0.0,0.0,0.0,0.3413693254564801,0.0,0.0,0.0,0.4407426220010583,0.0,0.0,0.0,0.3570043847031765,0.2668375900585243,0.0,0.0,0.0
0.29703471144489335,0.38343927953223533,0.39090946857744774,0.3633504018616362,0.36997221199903874,0.0,0.369989595920648,0.39467531138239864,0.31473031978427857,0.36933095749663747,0.35857455083988615,0.27974938895087575,0.3524187555997045,0.4013736681248614,0.3764022167252182,0.42413922647426705,0.26049774357350075,0.39047799723306204,0.4118701348418286,0.42063548417589924,0.3710207733425951,0.42496299638328333,0.3800080616751699,0.2687024380758344,0.3490140674222365,0.34720342189319253,0.3605964341403045,0.3616327501327565,0.36778503591678696,0.3797707459690014,0.3921757811591194,0.37137391994699165,0.35806277312088114,0.39282853977626137,0.3997702382980635,0.3867463294523757,0.39756222610751113,0.31445591743063006,0.40909821577356126,0.2908878314338846,0.40335422105813074,0.3570606592462107,0.4193061615232855,0.24453559963270283,0.0,0.2871022483366253,0.2905857195553053,0.4936595503294078,0.0,0.4074123110979612,0.44575791735293396,0.4248142155232042,0.43875127186761476,0.49044166258424154,0.0,0.42008378963497167,0.0,0.42208206734945325,0.0,0.3315362438266221,0.2341437568779602,0.0,0.24840886429495596,0.45757326717688374,0.35242826461021515,0.3723918326431189,0.3491591140906253,0.45932695437969473,0.0,0.2299119300964662,0.3095318996905545,0.4442824257303837,0.43628307702223285,0.4091423165449099,0.3867373911697001,0.41949611440440293
0.2524664594658811,0.3940707944317136,0.41544587782386,0.24193551091124932,0.3015027806636528,0.369989595920648,0.0,0.3842870273732508,0.3651818036566804,0.3725626035525468,0.3962386320056893,0.3748382728881085,0.3152788431593809,0.3188060811091366,0.3618732980495253,0.431508075754586,0.3663044571489104,0.3725181175171992,0.4268336098227096,0.38524700431849546,0.31151586243187274,0.43292624916003514,0.3837253685291037,0.37163569694431653,0.33836679444562157,0.3204431866299367,0.384275021100621,0.3167312551543143,0.37868662372263195,0.0,0.3892612254793842,0.36686459330578547,0.34360729908157106,0.3894183994395384,0.38602903361513075,0.2803307555477213,0.25383408920308115,0.34276428250259533,0.25570888019063914,0.0,0.0,0.0,0.0,0.0,0.0,0.0,0.0,0.3796325502525482,0.0,0.0,0.3647717687163201,0.3018380182254321,0.37687608638220066,0.34405411790449425,0.3731272986264511,0.0,0.0,0.2721525275868488,0.0,0.2650670898898924,0.2825503965646867,0.0,0.0,0.0,0.24479934220643412,0.29107990709337667,0.0,0.4430806528439736,0.0,0.26789145200426373,0.23769419277231552,0.3888204889353301,0.2679235089217332,0.27465400940035894,0.0,0.0
0.4476692777201855,0.41313485787458754,0.4097740401513303,0.30717937462077766,0.3255816390104769,0.39467531138239864,0.3842870273732508,0.0,0.44325810308625857,0.35767820600852357,0.2952921215228921,0.3304648341252569,0.39813078467822727,0.3182311894629893,0.4245397624172649,0.41367503311189546,0.3112143621627722,0.40619854016864576,0.39302971863502256,0.3764253776761253,0.37956431396045387,0.0,0.3559087428092738,0.45713630444414227,0.4209982078395928,0.41292252760364057,0.4178475692823171,0.39746664076930943,0.38539516023456805,0.3745018282652478,0.4123982842859712,0.3511422660731063,0.37551250822799,0.4094042553049225,0.3894586842028465,0.25821234216132927,0.3602714076014036,0.0,0.41908809372846484,0.0,0.45790780941876946,0.0,0.35433644234900774,0.0,0.0,0.0,0.0,0.48342280071048666,0.0,0.41406273835493235,0.4364439743897194,0.46079151033047916,0.395488261181895,0.48558417443497637,0.0,0.39698988760081655,0.0,0.44063227948869804,0.0,0.44713734862305365,0.0,0.0,0.0,0.4436259543486561,0.0,0.4893804588048681,0.0,0.4646393049852601,0.0,0.0,0.3706976717098736,0.4630311357655593,0.4434891891595435,0.4375660764555435,0.0,0.4392934856199641
0.2624003931453551,0.37473638661206754,0.286981520975681,0.3783650324148467,0.327585428707839,0.31473031978427857,0.3651818036566804,0.44325810308625857,0.0,0.4214791853039873,0.3218730308906608,0.35954603773855415,0.3733738875060961,0.3851244690643217,0.0,0.3714564483964344,0.2737372725917169,0.23101941689545363,0.27469095678009353,0.4001274372316695,0.28784444359665384,0.4198817070903396,0.39371149498332525,0.3197151088865675,0.2348047746554735,0.2134426737063532,0.3476631657928506,0.4084361517392199,0.36036940790749494,0.38240857474126105,0.4216093620620192,0.39250055305142717,0.3481244677180937,0.4139434860189175,0.4133270673485244,0.3852102193049307,0.41947756086299737,0.3826536632878915,0.35904872933103293,0.0,0.23712992602481386,0.2413135776137909,0.43867144240153944,0.26918973646859545,0.0,0.2776575813364161,0.2775030391862532,0.4977901807299477,0.0,0.3942665324944837,0.4748366029358931,0.41349192269743124,0.48985006386601676,0.4817758437826246,0.0,0.46979607750686136,0.0,0.368075034721432,0.0,0.2700933546516487,0.2826599172485929,0.0,0.0,0.46752153319554884,0.2749829664100166,0.2792907170415567,0.0,0.49045879773487505,0.0,0.2759928839919761,0.24855771753765524,0.4819595978940597,0.31645256585112863,0.29702113726745794,0.3382052286213855,0.27824944082637565
0.33574902017088776,0.2828851826823471,0.3575122812806426,0.25547113054861736,0.35251048387848183,0.36933095749663747,0.3725626035525468,0.35767820600852357,0.4214791853039873,0.0,0.41729925953210006,0.26078587403272896,0.3889420291798963,0.34268179020831024,0.0,0.34169415941423786,0.3083897080108156,0.3504712384752642,0.43105596010615993,0.3098384063956383,0.0,0.3133151926014985,0.37046685114743266,0.31978299054360354,0.31538098612384075,0.30720848874762985,0.37257384518653863,0.3615783170271312,0.2931417694388494,0.0,0.31571039881594437,0.2884752730273331,0.3095798602924531,0.2918985294770124,0.27551677253018564,0.30975436657730093,0.26084458493465146,0.27449818048174207,0.2399146396265423,0.31641392615035036,0.32719574630979403,0.36320097294097115,0.0,0.22164029498778332,0.3510431985755679,0.409500197925588,0.0,0.0,0.0,0.0,0.0,0.0,0.0,0.3462334267964687,0.4167842535929604,0.0,0.4325603590574574,0.3665488437313799,0.0,0.0,0.35832827121628114,0.3770212658775075,0.3756860119132523,0.0,0.0,0.0,0.0,0.2818033522851321,0.41468590677932016,0.386910509448031,0.40537468429616547,0.28995228092308584,0.35227105485099136,0.0,0.0,0.3717783513752578
0.0,0.0,0.293094981077849,0.31657724053800207,0.299680563736453,0.35857455083988615,0.3962386320056893,0.2952921215228921,0.3218730308906608,0.41729925953210006,0.0,0.37592497036512407,0.4100018573768769,0.2874926281535497,0.0,0.322127314170414,0.3244657450770572,0.30468408032771455,0.2772344889772596,0.0,0.0,0.0,0.31279532463194076,0.3749642906330025,0.0,0.2519853148875508,0.36625637122896954,0.4121516371222678,0.0,0.0,0.42727300703349286,0.3248665005325757,0.3940255691477794,0.4258031154501982,0.41415990884124,0.26734090592358806,0.3805066457884748,0.38011726612674424,0.33735544070017176,0.0,0.2842182293584429,0.0,0.3602431805364725,0.2698257653529292,0.0,0.0,0.0,0.4089135335287981,0.0,0.3556327429175687,0.4281014248102996,0.3775288506240469,0.3862617394816968,0.35142461917518925,0.0,0.2393703956522105,0.0,0.3433414422980111,0.3638101492673027,0.0,0.0,0.0,0.0,0.23566152948838812,0.0,0.0,0.0,0.4830925690510286,0.0,0.0,0.0,0.4732260473389489,0.30757355714654744,0.0,0.0,0.30176617503636594
0.2996802214329356,0.25753208613739265,0.2777130889763462,0.2456907744010562,0.3542713449902995,0.27974938895087575,0.3748382728881085,0.3304648341252569,0.35954603773855415,0.26078587403272896,0.37592497036512407,0.0,0.4112482197859438,0.0,0.0,0.269663478009867,0.3512976418060429,0.35085708028899315,0.32477775104363604,0.0,0.3174494058237498,0.26356062799900154,0.2780098605268334,0.286848558516034,0.34732731491673074,0.28688811080016907,0.2777976209254553,0.3574298886360095,0.24739844585328466,0.0,0.3155767399512171,0.22196094240030034,0.30509702110696185,0.24574870247189698,0.2381081162491972,0.3222203801991682,0.2847832928331365,0.23910617289607894,0.22817559808109847,0.30584133070501945,0.3674816249691585,0.3198027145053302,0.0,0.0,0.3609518901248173,0.3522213216781222,0.0,0.0,0.0,0.0,0.0,0.0,0.0,0.0,0.4197307522710308,0.0,0.43136844867161556,0.3706257478199876,0.0,0.0,0.0,0.3900995501397003,0.38049371625808814,0.0,0.0,0.0,0.0,0.0,0.39259507795384885,0.3962963957866858,0.41025287857380466,0.0,0.3939682914798403,0.0,0.0,0.3648150680066829
0.3036791283227457,0.40438734191821535,0.42069336501741794,0.29147881242704415,0.33184512797959714,0.3524187555997045,0.3152788431593809,0.39813078467822727,0.3733738875060961,0.3889420291798963,0.4100018573768769,0.4112482197859438,0.0,0.34028690761326413,0.3741067338504769,0.43122592518648123,0.4003149119292012,0.4107511660818825,0.4287034102586199,0.3894035540700978,0.3558871373965176,0.43628505613416896,0.390387859458157,0.430104357228287,0.37833221070176365,0.38111307637911107,0.3921052106872195,0.32072214211728156,0.37058085382237943,0.33276768670711177,0.37963097553477754,0.37623577187767776,0.38633825047355624,0.38697258703965043,0.37574486825201503,0.3206977621662407,0.3229206844634851,0.37383538779120445,0.32141234498981724,0.0,0.3466369124140384,0.24118631326507128,0.2879481407804141,0.2302140258962121,0.0,0.2810066219239464,0.23986230495497302,0.37337578158856466,0.0,0.0,0.40082826670924276,0.3033665151860211,0.42368355708788874,0.33484320241352084,0.350736323575722,0.0,0.40195851932158383,0.2588933645281813,0.37523275451335386,0.25904433576303193,0.24981345534873337,0.0,0.26744654350253383,0.35187094389210705,0.2932273579472355,0.3298030096961029,0.2276444847358296,0.44959353539753116,0.0,0.255436183159688,0.25728492018129645,0.42593083606251525,0.2137013329453315,0.34506030630661333,0.0,0.2939756593643651
0.0,0.0,0.3743615041470326,0.21897582193076617,0.2509134768340108,0.4013736681248614,0.3188060811091366,0.3182311894629893,0.3851244690643217,0.34268179020831024,0.2874926281535497,0.0,0.34028690761326413,0.0,0.0,0.0,0.0,0.0,0.35337208951235466,0.0,0.0,0.0,0.35749003033019716,0.0,0.0,0.0,0.40986664978851417,0.27032371473673067,0.0,0.0,0.0,0.24372965212366396,0.0,0.0,0.0,0.21000734637059132,0.16392954839360668,0.0,0.0,0.0,0.0,0.0,0.34049220221684035,0.0,0.0,0.0,0.0,0.38323639847659785,0.0,0.0,0.0,0.0,0.0,0.0,0.0,0.34133067919380444,0.0,0.0,0.38450292946012765,0.0,0.0,0.0,0.0,0.4249840708948709,0.0,0.0,0.0,0.42537235653004457,0.0,0.0,0.0,0.39720606724336543,0.0,0.0,0.0,0.0
0.341566375676698,0.386967376108595,0.0,0.0,0.0,0.3764022167252182,0.3618732980495253,0.4245397624172649,0.0,0.0,0.0,0.0,0.3741067338504769,0.0,0.0,0.36106424066913356,0.0,0.36794132270312996,0.0,0.3433327129117386,0.3565206265763542,0.3656271552640521,0.3662617765915619,0.376563220136736,0.34444254635039556,0.3415235751993764,0.3794308459520101,0.35356319347227516,0.35002004855184315,0.0,0.35352368599926964,0.3630043633147086,0.3407473923646043,0.3634217180890955,0.38649622404043266,0.43370653027690637,0.0,0.0,0.38263068541620254,0.41730567550499265,0.39959017132923785,0.4218051779023503,0.0,0.0,0.0,0.0,0.4273898114365238,0.0,0.0,0.0,0.3977773797130537,0.0,0.0,0.0,0.0,0.0,0.0,0.0,0.0,0.4188108354364633,0.3897675826152424,0.0,0.2691581261042406,0.0,0.41046032685472594,0.39328720550074464,0.4327969682729552,0.4123096830174547,0.0,0.3219282595574418,0.43374915096481914,0.417370655851306,0.46731648845133145,0.3999495598216643,0.0,0.36570294737063075
0.33365082774053784,0.38062854773592675,0.0,0.0,0.3883682511616749,0.42413922647426705,0.431508075754586,0.41367503311189546,0.3714564483964344,0.34169415941423786,0.322127314170414,0.269663478009867,0.43122592518648123,0.0,0.36106424066913356,0.0,0.33993017559243804,0.3154552143912929,0.0,0.37849112089106374,0.3520391125523231,0.3502079590524869,0.3799803311564758,0.3086152386439108,0.36267480860392615,0.3614012299174002,0.3984820885831882,0.4260349851191948,0.42236033848565957,0.40644012287855413,0.3190282822218663,0.39037727570192565,0.3425693181248565,0.3468020488494921,0.38339624138117434,0.0,0.0,0.26010192963902895,0.3785979306535913,0.38048792798153863,0.3905542587503871,0.40687326972337284,0.0,0.0,0.0,0.39258764846868677,0.4098316376620305,0.0,0.0,0.0,0.2529718139674583,0.0,0.0,0.0,0.3019858560232243,0.0,0.30900447937781245,0.0,0.0,0.37937735608014267,0.4071173647635078,0.3004969597428981,0.3778334108857467,0.0,0.0,0.38096266941397156,0.39562212576520256,0.27913999162070896,0.0,0.38847283231643753,0.3991946247443604,0.3241764986031719,0.0,0.3278441490876442,0.0,0.37071655409415066
0.34984066601060004,0.0,0.0,0.0,0.347270805055963,0.26049774357350075,0.3663044571489104,0.3112143621627722,0.2737372725917169,0.3083897080108156,0.3244657450770572,0.3512976418060429,0.4003149119292012,0.0,0.0,0.33993017559243804,0.0,0.2958926832432313,0.27667797331540156,0.34637302152769617,0.0,0.3639007447405143,0.26829598646605035,0.3524811980393827,0.3303059214473913,0.35767707032308277,0.2786612661846284,0.38282233316376835,0.33021346100325155,0.0,0.3181783638672913,0.36543733905709264,0.33400418050837366,0.34049406525889314,0.3341916751505371,0.4612677209075607,0.0,0.2994466717257951,0.3749356002936166,0.31411098769323137,0.3497960967484522,0.0,0.0,0.0,0.287496150095583,0.41148461602459263,0.0,0.0,0.0,0.0,0.0,0.0,0.0,0.0,0.43163008645390666,0.0,0.4549896898668218,0.0,0.0,0.0,0.0,0.4325985808544472,0.39316786684931343,0.0,0.0,0.0,0.0,0.0,0.4210816331512299,0.414574734566402,0.42265625141895685,0.0,0.30302226993633985,0.0,0.0,0.38006031219718794
0.3295166924694155,0.3923176274641925,0.0,0.0,0.3135067193579229,0.39047799723306204,0.3725181175171992,0.40619854016864576,0.23101941689545363,0.3504712384752642,0.30468408032771455,0.35085708028899315,0.4107511660818825,0.0,0.36794132270312996,0.3154552143912929,0.2958926832432313,0.0,0.30098014012884144,0.4047893472859967,0.3622766392717946,0.4012208509910429,0.38856713581159474,0.32338495507864223,0.328992697738798,0.3462372029303386,0.38662453438973693,0.401830331183135,0.4132699814647377,0.3346522695211567,0.33485960988234376,0.37200405804732817,0.3408710856575815,0.36009927577825857,0.3578371329182374,0.4219015297811036,0.0,0.2738012107034075,0.3692382128867972,0.36270617167773506,0.3814197275083635,0.3977931228714578,0.0,0.0,0.2967534559531524,0.3727078327277863,0.4087474686907669,0.0,0.0,0.0,0.2561815998094217,0.0,0.0,0.0,0.4115338473348286,0.0,0.44640824968911236,0.0,0.0,0.0,0.3908327399078991,0.4228681648028491,0.3757657152232859,0.0,0.2561835323992205,0.3527291299962719,0.3817091835086155,0.2642121081536846,0.4026958025505883,0.3850183586127891,0.3939654367058603,0.0,0.0,0.2505227329184779,0.0,0.384424195034151
0.0,0.0,0.24239046174833678,0.35867025908421163,0.3591595884690363,0.4118701348418286,0.4268336098227096,0.39302971863502256,0.27469095678009353,0.43105596010615993,0.2772344889772596,0.32477775104363604,0.4287034102586199,0.35337208951235466,0.0,0.0,0.27667797331540156,0.30098014012884144,0.0,0.0,0.0,0.0,0.2821670355999839,0.30750787339359376,0.28615896572663646,0.2756711086510093,0.3549300115963585,0.4269978492044165,0.3629724422458792,0.0,0.44349585378307443,0.3963089962558923,0.3515071814872351,0.4532606210380221,0.41978806440768146,0.36219338794884165,0.4150648803668071,0.3634533096893712,0.3548099847265353,0.0,0.0,0.0,0.3925075823409631,0.2772187424170554,0.0,0.0,0.0,0.5019886672841228,0.0,0.4072029009933439,0.4651166219923958,0.3974055721105282,0.475519205007939,0.4790700999487765,0.0,0.46293005340630106,0.0,0.3463119286223185,0.4053174502821231,0.0,0.0,0.0,0.0,0.42628520999845754,0.0,0.0,0.0,0.487384460725273,0.0,0.0,0.0,0.4817850168180318,0.28664248335060977,0.0,0.0,0.0
0.37025847292864367,0.41045607769891956,0.0,0.3349678526862268,0.0,0.42063548417589924,0.38524700431849546,0.3764253776761253,0.4001274372316695,0.3098384063956383,0.0,0.0,0.3894035540700978,0.0,0.3433327129117386,0.37849112089106374,0.34637302152769617,0.4047893472859967,0.0,0.0,0.3840209240545697,0.3703582141990599,0.31786935883574313,0.28951428330312756,0.39529547137685966,0.388811905903406,0.3421094836931147,0.3459768344834753,0.3432875080827822,0.3136180851813777,0.3378894016871471,0.387009660428186,0.3595259018016375,0.3747434682909287,0.40420178436077325,0.4281343255648024,0.3837672188560247,0.0,0.37197871447645825,0.3776217553220005,0.3681088947937289,0.40564293415513936,0.0,0.0,0.0,0.0,0.4315763671571507,0.0,0.0,0.0,0.3771011537601662,0.27592735919591554,0.0,0.0,0.0,0.0,0.0,0.3142778821009378,0.0,0.39706145676954874,0.28894038761688057,0.0,0.24995540041788816,0.0,0.4010185772859144,0.39741623533308346,0.42579420210729696,0.4067610522906721,0.0,0.2617127190307283,0.4509890186415174,0.4175984154951631,0.3817752778948313,0.37831899480558295,0.0,0.3636766490691503
0.34853960773217413,0.36042090028279367,0.34680939526866067,0.0,0.0,0.3710207733425951,0.31151586243187274,0.37956431396045387,0.28784444359665384,0.0,0.0,0.3174494058237498,0.3558871373965176,0.0,0.3565206265763542,0.3520391125523231,0.0,0.3622766392717946,0.0,0.3840209240545697,0.0,0.37833272284470143,0.3802761290194289,0.42836169647809835,0.3643535823962622,0.35956854172034286,0.38854563752056454,0.35418157270419653,0.35009421314796557,0.3333470977268721,0.33430177388668547,0.35312530970361883,0.3230128104428324,0.3359908715568728,0.3701887776450783,0.0,0.0,0.0,0.3808610089824759,0.3697540010175794,0.37408272275474636,0.4186183296403954,0.0,0.0,0.0,0.3166902804593712,0.40958855633138375,0.0,0.0,0.0,0.4181481782329064,0.0,0.41004705794302043,0.0,0.0,0.0,0.0,0.3873265659648696,0.0,0.3938022132383014,0.3873697555780394,0.0,0.3236699329861609,0.0,0.39091547689319117,0.36270572911260074,0.4193294178799351,0.45189310843997704,0.0,0.3258247593974858,0.4141506471570403,0.4387074631262943,0.44414060554592044,0.4256331419692227,0.0,0.3653249455821674
0.3563759308964751,0.3972827795133429,0.0,0.0,0.43443324933381927,0.42496299638328333,0.43292624916003514,0.0,0.4198817070903396,0.3133151926014985,0.0,0.26356062799900154,0.43628505613416896,0.0,0.3656271552640521,0.3502079590524869,0.3639007447405143,0.4012208509910429,0.0,0.3703582141990599,0.37833272284470143,0.0,0.40332834536231477,0.25945894133548725,0.39469824954261595,0.3851037404554876,0.4123307842525987,0.3591131359992504,0.40225498239731367,0.0,0.3447066330474367,0.387494477077777,0.35479784201195447,0.36543408227580493,0.40171964971195334,0.44115643107385927,0.4405988707845954,0.0,0.3871262624649103,0.41695239432856634,0.4194729822822554,0.42960026253714295,0.0,0.0,0.0,0.4015919521493289,0.42551316583993914,0.29408192807937106,0.0,0.0,0.4106142240666495,0.0,0.0,0.0,0.3076597183327836,0.0,0.0,0.2705590505969666,0.0,0.4293257268461848,0.4195547174377972,0.29191929930612703,0.37068281876734627,0.0,0.41985906056201,0.41672939819554516,0.4356481382095671,0.4299623380486357,0.0,0.4139872887508802,0.44181831713105923,0.4338093398992307,0.0,0.4088796051506934,0.0,0.39919406568674565
0.4067774019833429,0.3862859100832497,0.2738688206447646,0.3578298578674795,0.36136103802482905,0.3800080616751699,0.3837253685291037,0.3559087428092738,0.39371149498332525,0.37046685114743266,0.31279532463194076,0.2780098605268334,0.390387859458157,0.35749003033019716,0.3662617765915619,0.3799803311564758,0.26829598646605035,0.38856713581159474,0.2821670355999839,0.31786935883574313,0.3802761290194289,0.40332834536231477,0.0,0.42595014817660365,0.37163225346407064,0.38114609840751895,0.3469550553292627,0.38748864583863846,0.3736427338147147,0.3748192567461371,0.39536688904946576,0.37470866369407935,0.33257244192077695,0.3980187833033617,0.396964693416137,0.3493102572786112,0.3991634647210741,0.30248327050291,0.41786895873533114,0.0,0.4383536869591714,0.4312474266669238,0.4289797747237254,0.2923368100395013,0.0,0.0,0.37765544786917976,0.5060524118689674,0.0,0.4596086060469044,0.45285969217341654,0.4716812958849022,0.44869853858523856,0.5024021845578532,0.0,0.46736289704784195,0.0,0.45612151202001944,0.45401804320661354,0.4120097425799351,0.28596124743150597,0.0,0.0,0.48763238017589083,0.4160538268118442,0.445987208617491,0.41805993337770747,0.4724400100360895,0.0,0.23465750615289002,0.39045473595109914,0.45612315299221057,0.4567905239536901,0.4365728463189553,0.4501394017982651,0.44542104923051845
0.3309114472190385,0.31911831856632544,0.28511540110383315,0.0,0.3613359845944795,0.2687024380758344,0.37163569694431653,0.45713630444414227,0.3197151088865675,0.31978299054360354,0.3749642906330025,0.286848558516034,0.430104357228287,0.0,0.376563220136736,0.3086152386439108,0.3524811980393827,0.32338495507864223,0.30750787339359376,0.28951428330312756,0.42836169647809835,0.25945894133548725,0.42595014817660365,0.0,0.3227877248943599,0.305853293778878,0.22714876019062685,0.36892456499721005,0.275493385071521,0.0,0.3206099444639338,0.28539873307009056,0.25581029008861234,0.24282035950930034,0.26998660771738053,0.3311534920718077,0.2794829696245004,0.21954379760455608,0.28625943813555155,0.28867532007780944,0.3163917215918826,0.3072440775862015,0.0,0.0,0.29300507561886424,0.3696766494376777,0.0,0.0,0.0,0.0,0.0,0.0,0.0,0.0,0.3962301275575617,0.0,0.4003873857576029,0.39554288381497205,0.0,0.0,0.35533861920299475,0.4322063191002235,0.40392450961933735,0.0,0.0,0.0,0.32052022128562696,0.0,0.3697664383054885,0.40923538922558794,0.41510588068091553,0.0,0.45751546337478144,0.0,0.0,0.37249349552851696
0.3371193880799553,0.38730962997514207,0.22098817086232847,0.0,0.2922980090354519,0.3490140674222365,0.33836679444562157,0.4209982078395928,0.2348047746554735,0.31538098612384075,0.0,0.34732731491673074,0.37833221070176365,0.0,0.34444254635039556,0.36267480860392615,0.3303059214473913,0.328992697738798,0.28615896572663646,0.39529547137685966,0.3643535823962622,0.39469824954261595,0.37163225346407064,0.3227877248943599,0.0,0.3482547862816902,0.3537527409156584,0.37687498724584634,0.37509292727768556,0.0,0.3480582614178575,0.35173505336064176,0.3136329236477483,0.33661556726902137,0.3453692638451742,0.0,0.0,0.31824290791819065,0.380214085660479,0.36731534507244235,0.38439863510247474,0.40155590582344136,0.0,0.0,0.32667258207598165,0.37856887987247195,0.4201802588300142,0.0,0.0,0.0,0.23899833690608643,0.0,0.0,0.0,0.4245034737548439,0.0,0.4338875671699969,0.2875469430780527,0.0,0.35709105839896715,0.404894989659122,0.4159634055486892,0.37964195289282004,0.0,0.3589813746186971,0.3554268028116406,0.39604724306132244,0.27272464451743933,0.3957345820936487,0.38933081935164177,0.3973697247249892,0.2872112107539111,0.3354240407636354,0.3512646134429503,0.0,0.3825779897392918
0.3373120473736905,0.3827796216340538,0.24462662579408556,0.0,0.31094828182971346,0.34720342189319253,0.3204431866299367,0.41292252760364057,0.2134426737063532,0.30720848874762985,0.2519853148875508,0.28688811080016907,0.38111307637911107,0.0,0.3415235751993764,0.3614012299174002,0.35767707032308277,0.3462372029303386,0.2756711086510093,0.388811905903406,0.35956854172034286,0.3851037404554876,0.38114609840751895,0.305853293778878,0.3482547862816902,0.0,0.38869781549053445,0.36630185038207147,0.3658112300860992,0.27541411142395894,0.3408799256041542,0.36312475498945856,0.32403861233825637,0.33933661027012546,0.36646748689190944,0.3305556663994783,0.0,0.3277007368637802,0.3766655959771195,0.3845137981223108,0.40690126668714116,0.42279041631847836,0.0,0.0,0.37182758666027155,0.38462716083088533,0.4278339226792379,0.0,0.0,0.0,0.38338238940651304,0.0,0.0,0.0,0.45103524172334325,0.0,0.4593440384261335,0.30968141822872564,0.0,0.41677108474380553,0.4176097591267974,0.4318301365581634,0.39099549757804025,0.0,0.4197311793286919,0.40201366317247533,0.434636970341157,0.3938994950643748,0.3959490264554779,0.40104612352630736,0.4153260041356927,0.428103436857102,0.37142234177832434,0.41654076381269095,0.0,0.39822891748759376
0.36125125429048915,0.4018090990003379,0.341989632365761,0.3627202290135965,0.3742715749498749,0.3605964341403045,0.384275021100621,0.4178475692823171,0.3476631657928506,0.37257384518653863,0.36625637122896954,0.2777976209254553,0.3921052106872195,0.40986664978851417,0.3794308459520101,0.3984820885831882,0.2786612661846284,0.38662453438973693,0.3549300115963585,0.3421094836931147,0.38854563752056454,0.4123307842525987,0.3469550553292627,0.22714876019062685,0.3537527409156584,0.38869781549053445,0.0,0.38888500625224864,0.38177235233190104,0.373176460846065,0.37472318046280506,0.375946257633808,0.34592540373848524,0.38277176945998725,0.39502874862693454,0.38569985990449596,0.4002059143747038,0.29729260479212716,0.3875004703911991,0.36790008026447435,0.38937116644030934,0.40670059717573703,0.4498832144553007,0.23407989219271094,0.0,0.2893940446143706,0.33207396022466573,0.5016053778006038,0.0,0.41429986030143445,0.44837144662331957,0.46656545579936787,0.46235295130309473,0.5024642136598132,0.0,0.47478873588720766,0.0,0.44032219417221585,0.0,0.39403170765270734,0.23445355886088237,0.0,0.2650658526372573,0.46170003956467076,0.371554747957228,0.39663898575580714,0.4007230164552907,0.46228466016430075,0.0,0.23153037114137037,0.41528290293806935,0.44810600083952856,0.4443981402281631,0.3741505998369904,0.4163830541578268,0.39934175230145336
0.33858718504596946,0.3942741839537989,0.4166307702309188,0.22685898807705196,0.313638011953527,0.3616327501327565,0.3167312551543143,0.39746664076930943,0.4084361517392199,0.3615783170271312,0.4121516371222678,0.3574298886360095,0.32072214211728156,0.27032371473673067,0.35356319347227516,0.4260349851191948,0.38282233316376835,0.401830331183135,0.4269978492044165,0.3459768344834753,0.35418157270419653,0.3591131359992504,0.38748864583863846,0.36892456499721005,0.37687498724584634,0.36630185038207147,0.38888500625224864,0.0,0.33576985506509954,0.2893141464939018,0.33960896607624724,0.3774487778117158,0.3622238521070052,0.35434649917879696,0.33841562359632127,0.26918570459722374,0.2638867920091506,0.32769266256862584,0.3468290702301255,0.0,0.2357229765020924,0.2870197610786068,0.2846730735886294,0.23465237668204197,0.3249915537987655,0.28162367759002277,0.24495453079100937,0.3332069613774615,0.0,0.0,0.4324863582141271,0.29339403898742566,0.43563274639578037,0.30518945919746554,0.3532394672886717,0.3270418198086583,0.39905892422786016,0.2386151265037265,0.0,0.3462715528970791,0.25299367616982854,0.4411347336619375,0.2525761614689266,0.28726819629210987,0.3911076014233396,0.3894547564147466,0.28151074562860373,0.45189242363442644,0.0,0.26618019057108927,0.3089047708455195,0.43918194849704584,0.20329160783016648,0.3766744282352424,0.0,0.23356488922800073
0.34896855341031296,0.40139968183593594,0.3384791036638283,0.3136279224914124,0.3769060255734802,0.36778503591678696,0.37868662372263195,0.38539516023456805,0.36036940790749494,0.2931417694388494,0.0,0.24739844585328466,0.37058085382237943,0.0,0.35002004855184315,0.42236033848565957,0.33021346100325155,0.4132699814647377,0.3629724422458792,0.3432875080827822,0.35009421314796557,0.40225498239731367,0.3736427338147147,0.275493385071521,0.37509292727768556,0.3658112300860992,0.38177235233190104,0.33576985506509954,0.0,0.3062651248158262,0.33918120682892916,0.38257266322593403,0.3633678840608357,0.37483162229585665,0.4056871747037673,0.43047294936982355,0.37603339957381393,0.2713838481725477,0.3616914049978265,0.3142395876179755,0.2646827479307612,0.3392150715225285,0.323352957279504,0.22037121634258267,0.0,0.3328613591670891,0.36924473286630144,0.3510218233806647,0.0,0.0,0.37488768104741665,0.302285091485609,0.44669661866311683,0.2842987391439157,0.0,0.0,0.0,0.34702671621770187,0.0,0.3780687551498642,0.252548672960756,0.0,0.24097052628481216,0.0,0.3325224881746385,0.3744406867148741,0.3593703968544773,0.4274717370664211,0.0,0.23519625397629665,0.38388346534631057,0.4181526412403326,0.4215423069782522,0.37547485899541233,0.36050342807257535,0.34053526338870155
0.0,0.0,0.3839972204669711,0.0,0.0,0.3797707459690014,0.0,0.3745018282652478,0.38240857474126105,0.0,0.0,0.0,0.33276768670711177,0.0,0.0,0.40644012287855413,0.0,0.3346522695211567,0.0,0.3136180851813777,0.3333470977268721,0.0,0.3748192567461371,0.0,0.0,0.27541411142395894,0.373176460846065,0.2893141464939018,0.3062651248158262,0.0,0.2599343793492677,0.37844353270411896,0.31486475767478067,0.32567007713527835,0.30415306806481696,0.37731581718047164,0.32956995274857764,0.0,0.0,0.0,0.0,0.0,0.27209333269133307,0.0,0.0,0.0,0.0,0.0,0.0,0.0,0.3999311310071016,0.0,0.0,0.0,0.0,0.0,0.0,0.0,0.0,0.0,0.0,0.0,0.0,0.0,0.0,0.0,0.0,0.43613605046748677,0.0,0.0,0.0,0.4180011471378664,0.0,0.3271724332926343,0.0,0.0
0.3049165533254069,0.33632380765932235,0.4270600104698774,0.2748594733890288,0.39754910605798155,0.3921757811591194,0.3892612254793842,0.4123982842859712,0.4216093620620192,0.31571039881594437,0.42727300703349286,0.3155767399512171,0.37963097553477754,0.0,0.35352368599926964,0.3190282822218663,0.3181783638672913,0.33485960988234376,0.44349585378307443,0.3378894016871471,0.33430177388668547,0.3447066330474367,0.39536688904946576,0.3206099444639338,0.3480582614178575,0.3408799256041542,0.37472318046280506,0.33960896607624724,0.33918120682892916,0.2599343793492677,0.0,0.3447533065051263,0.3068436527412886,0.25711414616039485,0.21958937570214887,0.39701859733131445,0.31176694666926424,0.2610294734002465,0.2943309485771931,0.30730405196887217,0.26062368880714976,0.0,0.22939587894047037,0.19962480999291932,0.33538299414130157,0.3453718885087882,0.3951962644975738,0.36070836606536477,0.0,0.0,0.429519592631961,0.29086469651018176,0.46658647374353385,0.30352322243984314,0.41131397613935383,0.0,0.41850894171956954,0.2718947616722037,0.0,0.40656623378136986,0.3850396793642575,0.39656809675603755,0.3628258072959109,0.0,0.3915267578276448,0.40894258105623804,0.4103539611319909,0.4569006353824154,0.43087038160410335,0.379699726044865,0.3995792195247028,0.44337602841801627,0.15349282900933145,0.38672003564971086,0.0,0.3535583154671508
0.3455229244864241,0.369586563324216,0.39333416179313657,0.2560577793836234,0.3126810038131612,0.37137391994699165,0.36686459330578547,0.3511422660731063,0.39250055305142717,0.2884752730273331,0.3248665005325757,0.22196094240030034,0.37623577187767776,0.24372965212366396,0.3630043633147086,0.39037727570192565,0.36543733905709264,0.37200405804732817,0.3963089962558923,0.387009660428186,0.35312530970361883,0.387494477077777,0.37470866369407935,0.28539873307009056,0.35173505336064176,0.36312475498945856,0.375946257633808,0.3774487778117158,0.38257266322593403,0.37844353270411896,0.3447533065051263,0.0,0.3172431377565344,0.34220556265599444,0.34863967366959914,0.23646974453986339,0.28430519935707155,0.238441658012645,0.23240834188465323,0.26835157412664973,0.2973459410215916,0.3002303225643588,0.27993819406988296,0.2695331246214665,0.24832124584150697,0.36913527940618807,0.40250509055543693,0.3928923380262562,0.23090139288360767,0.3239538413390059,0.43811365278763226,0.2768447432259401,0.4287673784891327,0.3935158307559422,0.2640715315866462,0.31321973621562754,0.2538393434043434,0.3017583375914224,0.0,0.4034605461923265,0.3685898006427188,0.3304175316389519,0.33391915737679534,0.37192260507759844,0.39543798067578034,0.3885062016387592,0.4106780243957992,0.4491097378461706,0.21514276222956982,0.35436564410731314,0.3954810200795085,0.4352514404204488,0.30110373397929685,0.4152203158998532,0.4247587436473369,0.3039223803220249
0.2754246194848015,0.34399090589557524,0.2912391096691204,0.2609338574064428,0.323351278037622,0.35806277312088114,0.34360729908157106,0.37551250822799,0.3481244677180937,0.3095798602924531,0.3940255691477794,0.30509702110696185,0.38633825047355624,0.0,0.3407473923646043,0.3425693181248565,0.33400418050837366,0.3408710856575815,0.3515071814872351,0.3595259018016375,0.3230128104428324,0.35479784201195447,0.33257244192077695,0.25581029008861234,0.3136329236477483,0.32403861233825637,0.34592540373848524,0.3622238521070052,0.3633678840608357,0.31486475767478067,0.3068436527412886,0.3172431377565344,0.0,0.24945434995174368,0.3351853178070107,0.37701944750083216,0.2657122275452387,0.1723000923388541,0.2816084031465654,0.1899868682451601,0.28748024275929274,0.31758686470253994,0.0,0.0,0.21874511851078035,0.36920538941367903,0.3966272031383208,0.0,0.0,0.0,0.0,0.0,0.0,0.0,0.314318267754482,0.0,0.33850404049949423,0.2921444014435822,0.0,0.4096074660125753,0.39034251999303443,0.27854593911659653,0.33594265207380747,0.0,0.40045355310863906,0.36559315019171157,0.4127907487171595,0.42328707707530105,0.3053120179230749,0.33775204125400066,0.35154455287154945,0.0,0.2983011332260198,0.0,0.0,0.29019029712731736
0.2869796286079446,0.3428420699632404,0.4183197671532344,0.2796636405762187,0.38824059374356396,0.39282853977626137,0.3894183994395384,0.4094042553049225,0.4139434860189175,0.2918985294770124,0.4258031154501982,0.24574870247189698,0.38697258703965043,0.0,0.3634217180890955,0.3468020488494921,0.34049406525889314,0.36009927577825857,0.4532606210380221,0.3747434682909287,0.3359908715568728,0.36543408227580493,0.3980187833033617,0.24282035950930034,0.33661556726902137,0.33933661027012546,0.38277176945998725,0.35434649917879696,0.37483162229585665,0.32567007713527835,0.25711414616039485,0.34220556265599444,0.24945434995174368,0.0,0.28781026456444314,0.3670947960802414,0.2887537149124466,0.20159159209259514,0.3006457041417639,0.2225651427604755,0.2519384738444338,0.31354743995078294,0.25154130728101454,0.24760819211817675,0.22111848843600182,0.3635246939668103,0.4018010983036665,0.32657578411158344,0.0,0.0,0.3901509538464302,0.19725106759726385,0.4460064168767212,0.23724712648073681,0.2939606711650431,0.24080881986622202,0.30143634145441994,0.12037704810651513,0.0,0.41025263240429877,0.3894963803681724,0.28420720162997176,0.3607525704521145,0.2494909938634055,0.4096376208801929,0.35956544635737436,0.41360472648850427,0.4372444223296064,0.2685433854018353,0.36196943538180126,0.3875334160568747,0.41761436635586396,0.15973670375459983,0.4001422166049433,0.0,0.20644135631883054
0.338250097821228,0.38329207510281404,0.41139517357325683,0.23279125470030365,0.3247502228308472,0.3997702382980635,0.38602903361513075,0.3894586842028465,0.4133270673485244,0.27551677253018564,0.41415990884124,0.2381081162491972,0.37574486825201503,0.0,0.38649622404043266,0.38339624138117434,0.3341916751505371,0.3578371329182374,0.41978806440768146,0.40420178436077325,0.3701887776450783,0.40171964971195334,0.396964693416137,0.26998660771738053,0.3453692638451742,0.36646748689190944,0.39502874862693454,0.33841562359632127,0.4056871747037673,0.30415306806481696,0.21958937570214887,0.34863967366959914,0.3351853178070107,0.28781026456444314,0.0,0.35094090816242074,0.29154434484352115,0.23214194930727922,0.3028389924309845,0.2774681463937,0.2772901708430614,0.3286992104361723,0.2744100415696332,0.26749946774609057,0.26646865456078006,0.44929996948151235,0.4229348697896902,0.0,0.24053116910013067,0.0,0.31063944519412096,0.0,0.0,0.24700825460541034,0.27240079853703786,0.2780986387384353,0.2780622714526864,0.219283731220886,0.0,0.4271970468160594,0.40226630276430364,0.0,0.3543195184948451,0.26346914320414505,0.4168167651845928,0.4455660331798084,0.4340840071590997,0.37651536684054815,0.2525585002250483,0.3537073804308717,0.40913249877207025,0.37065555971353675,0.2409472298314531,0.0,0.0,0.21520316726724817
