0.0,0.2625823830815633,0.0,0.0,0.0,0.26321312149160786,0.20011731055734172,0.31611476959598234,0.0,0.0,0.0,0.19860589421736458,0.2373525325039226,0.0,0.26822411097384863,0.25243626831089605,0.0,0.2536229951749813,0.0,0.30392284228598093,0.26990528628652394,0.26812642086876,0.2945532533102762,0.24816631470788741,0.24773861178737663,0.2264525088454489,0.30977258785070366,0.2512401822824888,0.28614232990205385,0.0,0.23879373766792011,0.28974632136981826,0.2386732372763537,0.24073792852337428,0.2869306135454762,0.0,0.0,0.2834853810500702,0.3184303764522646,0.28223476774246,0.2869615671823282,0.3251494600001192,0.0,0.0,0.0,0.3030768312895148,0.32748812301335223,0.0,0.0,0.0,0.23879433593319918,0.0,0.0,0.0,0.0,0.0,0.0,0.2443506637806443,0.0,0.0,0.29185026596656843,0.0,0.2741717651936333,0.0,0.3149592681161047,0.0,0.31704485584783665,0.0,0.0,0.29519152455505976,0.33407328116727747,0.0,0.0,0.2843948400404356,0.0,0.23799667145339407
0.2625823830815633,0.0,0.20163315446868407,0.0,0.2096872063409669,0.25243339080964655,0.2311748013391185,0.23451206077732267,0.19429305639685387,0.0,0.0,0.0,0.2711764558054969,0.0,0.2838541091955163,0.2687745736784725,0.0,0.2828099587529829,0.2203056985606349,0.2955446957391289,0.26981873330259704,0.2637939043765529,0.28402492478640223,0.2231749223705265,0.2783933041709853,0.27219593813585374,0.28468128817856037,0.2797879115879466,0.26876353553213533,0.0,0.24654670267595963,0.28630587504607613,0.25416156436940984,0.2563402543309454,0.3025879596749265,0.0,0.0,0.0,0.3198443151067432,0.2985457316164321,0.3031882988640197,0.32255607280467274,0.0,0.0,0.0,0.3134840908926874,0.3175076294014084,0.0,0.0,0.0,0.25611291703895706,0.22845190864776108,0.0,0.0,0.0,0.0,0.0,0.21465644989397842,0.0,0.3305221844458295,0.3019452904801881,0.0,0.2855865089411971,0.0,0.3082556974201176,0.33192783699152056,0.3203721680333998,0.3020331867414386,0.0,0.3055796753590526,0.330865550340051,0.29277226942220175,0.2171700191764124,0.29630812162506165,0.0,0.2880179622775661
0.0,0.20163315446868407,0.0,0.1676003726403641,0.1979359773098363,0.22646099888219023,0.17880875672997798,0.2029611600925912,0.20182381999101182,0.0,0.19076701461198758,0.0,0.1869707529875506,0.21651250392490093,0.0,0.19887162023313498,0.0,0.0,0.1876379036877239,0.24281248901197486,0.22593939844882635,0.242631282305051,0.197294135775489,0.0,0.17475653741953798,0.1816705517039178,0.2101646686073051,0.18195912445728626,0.22030947754267258,0.20305713263484282,0.19123043292639094,0.15057102924141363,0.0,0.17401217400225683,0.2319672369392176,0.1780692986108986,0.17580015247768868,0.0,0.0,0.0,0.0,0.0,0.22548205728421009,0.0,0.0,0.0,0.0,0.17522738721336992,0.0,0.2025846439412341,0.27033724478493437,0.1653950659756672,0.1443347376029005,0.23487986304812405,0.0,0.24548102942393554,0.0,0.20789685640082425,0.0,0.0,0.0,0.0,0.0,0.21056123591812742,0.0,0.0,0.0,0.27180855626683315,0.0,0.0,0.0,0.22151643042316352,0.19509018250374693,0.0,0.0,0.0
0.0,0.0,0.1676003726403641,0.0,0.17008166863374083,0.21883749839181074,0.2096891128706337,0.1988510128518606,0.16674229429990342,0.0,0.20643990766358805,0.0,0.20119055237105124,0.18663352826830779,0.0,0.0,0.0,0.0,0.16617013610037734,0.0,0.0,0.0,0.24708146782405513,0.0,0.0,0.0,0.2120993608036163,0.19344128149691203,0.0,0.17244897366573453,0.20024555713665926,0.1741957090185279,0.0,0.1531487378801828,0.16276771393560824,0.14281874702165187,0.12980688010181235,0.1738985126125275,0.0,0.0,0.0,0.0,0.0,0.0,0.0,0.0,0.0,0.0,0.0,0.0,0.0,0.0,0.0,0.0,0.0,0.0,0.0,0.0,0.0,0.0,0.0,0.0,0.0,0.0,0.0,0.0,0.0,0.1850530186516442,0.0,0.0,0.0,0.0,0.0,0.0,0.0,0.0
0.0,0.2096872063409669,0.1979359773098363,0.17008166863374083,0.0,0.22002896143726958,0.1964122707083457,0.20475254144444488,0.2160272067059645,0.1040620881134838,0.20550019771751557,0.0,0.22601631273051287,0.16936381886438184,0.0,0.24574396708411717,0.0,0.2166878805696963,0.2238603957708279,0.26453482253781124,0.0,0.261319140651358,0.21742571143872844,0.0,0.2197295867411779,0.2135456804138066,0.2332318899652214,0.22291959424350563,0.2411268379269525,0.0,0.23857707259017596,0.21849663297136446,0.0,0.2417255192045957,0.23910053154456973,0.14563821825710382,0.15919975463161412,0.19063993158031844,0.22303640036958963,0.0,0.0,0.0,0.0,0.0,0.0,0.0,0.0,0.20348727245543669,0.0,0.2115072963584269,0.20225640744040796,0.0,0.2310554180242649,0.0,0.0,0.2376195992664534,0.0,0.16859380504159563,0.0,0.0,0.0,0.0,0.0,0.22606999184298268,0.0,0.0,0.0,0.23494198198682575,0.0,0.0,0.0,0.20529941769502863,0.18444939420818868,0.20349359006223533,0.0,0.1973972799648291
0.26321312149160786,0.25243339080964655,0.22646099888219023,0.21883749839181074,0.22002896143726958,0.0,0.23058674356184589,0.23370954346031966,0.2091849130073748,0.0,0.20953357907929548,0.0,0.2445185477134728,0.23241338236278364,0.272370869194964,0.2753690977754177,0.0,0.2463117181453508,0.19327630984234043,0.27261253335606783,0.24123266028944543,0.2754470179033286,0.25719650830675855,0.24322047826915794,0.24900667192726197,0.2543141926541846,0.2581528691927287,0.24046471575851464,0.23229132571910258,0.2363346541192862,0.24090820485674339,0.2402211056230359,0.24745361261791637,0.253707081979036,0.28512127505928375,0.21291072633519362,0.22445817093918732,0.0,0.2977998820761504,0.0,0.2953698462171222,0.28467889493159854,0.19586188166588664,0.0,0.0,0.0,0.21793183237233135,0.262153072241391,0.0,0.1939301355612239,0.2676408503222655,0.22738052661220226,0.24826914645677717,0.27612787950466433,0.0,0.21954714589170757,0.0,0.22080837911139303,0.0,0.2799773193891141,0.19387339554874758,0.0,0.0,0.23712284756543497,0.2902224878022009,0.0,0.2566647938290907,0.27009726736280465,0.0,0.0,0.2548320925402484,0.27948123891970356,0.24227708656320063,0.2888528299230193,0.28168586732346385,0.28591939043629516
0.20011731055734172,0.2311748013391185,0.17880875672997798,0.2096891128706337,0.1964122707083457,0.23058674356184589,0.0,0.23773195336832734,0.22190943114196196,0.10843616824594597,0.22191174579985973,0.0,0.2058341280060029,0.20129292440860733,0.0,0.25496876185436496,0.0,0.2534581776823231,0.21918853402291036,0.2760028309208707,0.2208619178151663,0.2831814127123702,0.22311678507761523,0.0,0.23376356088484512,0.24777994794976624,0.23551803136651092,0.2352887208456664,0.2596490170593765,0.0,0.25650951993516136,0.23695355055336204,0.0,0.25015516718487274,0.27112239389860887,0.19149689244167442,0.20273927746871817,0.0,0.1942227571977004,0.0,0.21174598216264495,0.25250332032458606,0.2137360237175333,0.0,0.0,0.0,0.0,0.1798533435900063,0.0,0.18526536676909375,0.15516891852611417,0.1844418002998323,0.18265562475108382,0.18486193642205967,0.0,0.1884774672404549,0.0,0.17354037414251144,0.0,0.0,0.0,0.0,0.0,0.19462515591659194,0.0,0.0,0.0,0.2640701116130535,0.0,0.0,0.2105277394861671,0.21553168850829238,0.18550316424352856,0.200629787469182,0.2390447974232624,0.19074461642913454
0.31611476959598234,0.23451206077732267,0.2029611600925912,0.1988510128518606,0.20475254144444488,0.23370954346031966,0.23773195336832734,0.0,0.2164752979002045,0.0,0.12765362616742534,0.0,0.23566796212006086,0.17355582766962774,0.28450060198969357,0.2603763881123923,0.0,0.275815198165553,0.19473880107586863,0.2689841314571364,0.25824840489454565,0.2671604060183169,0.22769830333439922,0.3282809250928148,0.28137715412320075,0.2812616604387099,0.25352765927669263,0.24452207364752548,0.25032019044475895,0.25620343565459,0.26338684059846507,0.2460286351111491,0.0,0.2880410957568795,0.30946779745610953,0.13292914593207908,0.2587126195835368,0.0,0.3073527639883148,0.0,0.33137057495497174,0.0,0.0,0.3009670315251024,0.0,0.0,0.0,0.2510757060256935,0.0,0.0,0.0,0.24768858270947575,0.22463445732467913,0.0,0.0,0.0,0.0,0.2479068328839128,0.0,0.3249681649508243,0.0,0.0,0.0,0.0,0.3339331491245205,0.2901647383333081,0.37994148563049723,0.2849849760946062,0.0,0.0,0.2778637852168951,0.30516646595691493,0.29094783366723076,0.29283948469534965,0.0,0.31969849215014207
0.0,0.19429305639685387,0.20182381999101182,0.16674229429990342,0.2160272067059645,0.2091849130073748,0.22190943114196196,0.2164752979002045,0.0,0.12440517450656824,0.20959394556709485,0.0,0.21685128808164633,0.2011486311373224,0.0,0.22613244147251174,0.0,0.1751527041032511,0.19410599747847887,0.2589925352047039,0.2049185072066442,0.23525973638025827,0.2174385128896568,0.1951480004740296,0.17995535309956898,0.1871321533828712,0.22381393895438095,0.21203444817185033,0.2267169201915372,0.17947964609589204,0.22602597334329436,0.1963312988525796,0.0,0.21920705647820504,0.19330489407950643,0.17999414492693463,0.17080475952419427,0.12006224168525062,0.2346205609414576,0.0,0.0,0.0,0.0,0.0,0.0,0.0,0.0,0.25345097094759955,0.0,0.1868666178806511,0.262393934033641,0.19284769850880962,0.26565006108402117,0.17506589219272928,0.0,0.0,0.0,0.17841345142523612,0.2317326385534074,0.0,0.0,0.0,0.0,0.25314447414082447,0.0,0.0,0.0,0.2743386305629998,0.0,0.0,0.2027595277955534,0.27672806560913726,0.17637655659213997,0.20147500775254348,0.0,0.17353749191992615
0.0,0.0,0.0,0.0,0.1040620881134838,0.0,0.10843616824594597,0.0,0.12440517450656824,0.0,0.15779400323051965,0.18620606525926153,0.22792360030344241,0.1346921109237724,0.0,0.2659397313786825,0.2139276058364172,0.24702739690822614,0.0,0.0,0.20226985579608864,0.0,0.2567032005775443,0.20287864231643252,0.22025613383058987,0.19398724774434567,0.0,0.2289913893649344,0.0,0.0,0.2015025508535943,0.21846681694088813,0.19220712576031956,0.1927909417208797,0.18864527650401827,0.1372832220319154,0.1662448069095216,0.17404050135893603,0.18026963269631777,0.21287501651534246,0.21169332133576008,0.0,0.0,0.0,0.0,0.0,0.0,0.0,0.0,0.0,0.0,0.0,0.0,0.0,0.2436252296935362,0.0,0.2282220890328566,0.22705431562434217,0.0,0.0,0.0,0.2099430629984971,0.228274663568633,0.0,0.0,0.0,0.0,0.0,0.23381043021065478,0.23911077287873583,0.23645023279566763,0.0,0.0,0.0,0.0,0.23415461774618623
0.0,0.0,0.19076701461198758,0.20643990766358805,0.20550019771751557,0.20953357907929548,0.22191174579985973,0.12765362616742534,0.20959394556709485,0.15779400323051965,0.0,0.0,0.22240611629140752,0.17729254337796713,0.0,0.0,0.0,0.1986387729515766,0.17452090945858967,0.0,0.0,0.2041956520224541,0.15962053488599776,0.2211974018909822,0.0,0.17391245046204043,0.18748695140472904,0.21877893038998145,0.0,0.0,0.24485928272843896,0.21176086323245785,0.21530427768401053,0.22963381075881498,0.23478582159384379,0.13040998036624943,0.18228404366672454,0.1785409201692113,0.20465734286083556,0.0,0.19436224826647572,0.0,0.1857142324995564,0.0,0.0,0.0,0.0,0.22475622414584087,0.0,0.21122533191907053,0.2185829563342031,0.19304949897004434,0.21244388679872328,0.20509509155510688,0.0,0.1813743415256295,0.0,0.18237236756767608,0.2176459875484739,0.0,0.0,0.0,0.0,0.1703157074963815,0.0,0.0,0.0,0.17270066084375413,0.0,0.0,0.0,0.23870771003206437,0.16145958086554638,0.0,0.0,0.19623363578243708
0.19860589421736458,0.0,0.0,0.0,0.0,0.0,0.0,0.0,0.0,0.18620606525926153,0.0,0.0,0.21490813750585933,0.0,0.17682624801358132,0.20679152217719032,0.22567466617565057,0.2363666433199337,0.0,0.0,0.19933147546947524,0.0,0.21788458657816914,0.20822900345743917,0.2164724545152786,0.17143657526594622,0.0,0.2244809434089997,0.0,0.0,0.2028053830725344,0.19503425083275971,0.18386109992730248,0.18004456867555851,0.21313381909111323,0.21758342604198824,0.2180364467866163,0.16280633971773908,0.0,0.2113218303617164,0.2111697997025881,0.0,0.0,0.0,0.21579759806575732,0.0,0.0,0.0,0.0,0.0,0.0,0.0,0.0,0.0,0.24835320447548462,0.0,0.19579792233632626,0.23149062784818888,0.0,0.0,0.0,0.178905089375748,0.2340773538541036,0.0,0.0,0.0,0.0,0.0,0.24670585935295578,0.2427940451370172,0.23946726451021974,0.0,0.0,0.0,0.0,0.24207127510205725
0.2373525325039226,0.2711764558054969,0.1869707529875506,0.20119055237105124,0.22601631273051287,0.2445185477134728,0.2058341280060029,0.23566796212006086,0.21685128808164633,0.22792360030344241,0.22240611629140752,0.21490813750585933,0.0,0.22351821793803275,0.27873120322343303,0.2961418499196214,0.0,0.2684272156059409,0.21461720940919185,0.2877305186219721,0.24675058136485442,0.29944383018206017,0.23537199271039128,0.206948434600368,0.27177097754423607,0.27794677563244874,0.2466833846967209,0.22213312657867715,0.2678440329395443,0.23952553806241425,0.2472123869594575,0.2179734408806071,0.25173848531917536,0.2537094155923465,0.2681088044170893,0.20252700122680742,0.20994491317312183,0.21509804301036978,0.27734939753301113,0.0,0.2475421282917943,0.25336376035423847,0.18169342990663326,0.21527884282193638,0.0,0.0,0.2067853175693657,0.19248112348291377,0.0,0.17646121792603806,0.09046759810732445,0.18178067668940917,0.23119773554317163,0.15450377864706652,0.23984303081336747,0.19807667004891577,0.0,0.16530595007372098,0.0,0.22712483960192068,0.20088041452240268,0.2265127380135222,0.20520359116480996,0.19949685334548384,0.2662691886016908,0.23378540362520056,0.21207902206274482,0.27598820541224656,0.0,0.20488399787875086,0.23019543453216387,0.2575002157459431,0.21790131716034436,0.23574453203463952,0.2495441417325883,0.2089889002169885
0.0,0.0,0.21651250392490093,0.18663352826830779,0.16936381886438184,0.23241338236278364,0.20129292440860733,0.17355582766962774,0.2011486311373224,0.1346921109237724,0.17729254337796713,0.0,0.22351821793803275,0.0,0.0,0.0,0.0,0.0,0.18627048678424354,0.0,0.0,0.0,0.19444649264716554,0.0,0.0,0.0,0.23251194786812168,0.21446308039557635,0.0,0.0,0.0,0.1601350190873271,0.0,0.0,0.0,0.14613475961287226,0.1264958770559415,0.0,0.0,0.0,0.0,0.0,0.0,0.0,0.0,0.0,0.0,0.0,0.0,0.0,0.0,0.0,0.0,0.0,0.0,0.0,0.0,0.0,0.0,0.0,0.0,0.0,0.0,0.0,0.0,0.0,0.0,0.0,0.0,0.0,0.0,0.0,0.0,0.0,0.0,0.0
0.26822411097384863,0.2838541091955163,0.0,0.0,0.0,0.272370869194964,0.0,0.28450060198969357,0.0,0.0,0.0,0.17682624801358132,0.27873120322343303,0.0,0.0,0.29340063704853353,0.0,0.29399829543782996,0.0,0.25842699235917577,0.2710576292126471,0.26877219790744256,0.25042553766720754,0.30599193650367235,0.26675252659951854,0.27028044627772735,0.2516532321973809,0.28207715005150036,0.27319288294105054,0.2636215787733302,0.2886703609556346,0.31771790385992504,0.2910544018899856,0.314349519154499,0.3421358900805785,0.36374641688623904,0.3144424575342066,0.0,0.3505363327738855,0.33129114748283955,0.351315289978625,0.3685621992007751,0.0,0.0,0.0,0.37590380819131036,0.34632865998182466,0.2715155666699169,0.0,0.0,0.29503208512317497,0.2308952479578924,0.33667802289355925,0.3011532030996076,0.0,0.0,0.0,0.2703079413682431,0.0,0.3541036272325416,0.30770600769034306,0.0,0.23250795598047866,0.0,0.33139537438742295,0.35161636932208773,0.35221981814855224,0.3386868719173289,0.0,0.2647869126281451,0.3555694898905212,0.33406905576235146,0.29137777337404547,0.3225766682120792,0.0,0.32032603392172077
0.25243626831089605,0.2687745736784725,0.19887162023313498,0.0,0.24574396708411717,0.2753690977754177,0.25496876185436496,0.2603763881123923,0.22613244147251174,0.2659397313786825,0.0,0.20679152217719032,0.2961418499196214,0.0,0.29340063704853353,0.0,0.25283944147247517,0.26145808574225654,0.0,0.28124615653817453,0.2670068312500238,0.2642656339995071,0.2779010746875774,0.2404656167344795,0.265585536379934,0.2696142913969687,0.28704447670991967,0.28350946108186126,0.29163219012584085,0.27199541423972967,0.25862558133865104,0.3079619114765807,0.28108500878101494,0.2740927144969364,0.3166848063847978,0.0,0.0,0.0,0.3034041461597263,0.26809530696343437,0.277010389164495,0.2969036232764745,0.0,0.0,0.0,0.29499783116012684,0.3058750648660082,0.0,0.0,0.0,0.20953392060896708,0.0,0.0,0.0,0.2271007677188245,0.0,0.2308719219732748,0.2226370433127004,0.0,0.3223615364986981,0.2832762235185436,0.20004741588591457,0.2732058353971614,0.0,0.27535292218805013,0.29981051631661826,0.30668705487795117,0.25757998283429456,0.2828062297507729,0.2785338711518123,0.3064067235186479,0.2664245530951531,0.21227238996433279,0.251613703080986,0.0,0.2662001602204355
0.0,0.0,0.0,0.0,0.0,0.0,0.0,0.0,0.0,0.2139276058364172,0.0,0.22567466617565057,0.0,0.0,0.0,0.25283944147247517,0.0,0.2235533108812882,0.0,0.0,0.0,0.0,0.0,0.23440473007150062,0.21351636689092207,0.22572062011911165,0.0,0.0,0.0,0.0,0.23658659643829708,0.27306928599610336,0.22776567032838269,0.21870680750895072,0.24543427110527885,0.0,0.0,0.20545373271832498,0.0,0.2389024458240634,0.21105822545964378,0.0,0.0,0.0,0.0,0.0,0.0,0.0,0.0,0.0,0.0,0.0,0.0,0.0,0.2555385269670304,0.0,0.2295074087258796,0.0,0.0,0.0,0.0,0.22567261542749048,0.23325990691957263,0.0,0.0,0.0,0.0,0.0,0.2585125183999221,0.2681384668950779,0.26680589502655516,0.0,0.0,0.0,0.0,0.2223384970947116
0.2536229951749813,0.2828099587529829,0.0,0.0,0.2166878805696963,0.2463117181453508,0.2534581776823231,0.275815198165553,0.1751527041032511,0.24702739690822614,0.1986387729515766,0.2363666433199337,0.2684272156059409,0.0,0.29399829543782996,0.26145808574225654,0.2235533108812882,0.0,0.0,0.298313546397443,0.2739580555669888,0.301910235107517,0.26961504132467196,0.24340746179978553,0.2333527534297113,0.2459139190669571,0.27037449469737795,0.2787510279736199,0.28780078749183613,0.0,0.2569488890025088,0.30616523907490667,0.2545372125999304,0.26028136255834117,0.28884702780046134,0.0,0.0,0.20546820757823023,0.2907716471386503,0.2616686990294424,0.26734540687751185,0.2757712007583224,0.0,0.0,0.0,0.28319027768040733,0.2924080000467795,0.0,0.0,0.0,0.2090524240303415,0.0,0.0,0.0,0.2736654183129325,0.0,0.27642327813635903,0.21105218821857247,0.0,0.0,0.27579684559430767,0.2734464461740182,0.2709051822997852,0.0,0.21271219521717505,0.0,0.27823538705103645,0.0,0.27846818680754437,0.27596875939358934,0.2834513347540283,0.0,0.0,0.21513720982660167,0.0,0.2735979187624328
0.0,0.2203056985606349,0.1876379036877239,0.16617013610037734,0.2238603957708279,0.19327630984234043,0.21918853402291036,0.19473880107586863,0.19410599747847887,0.0,0.17452090945858967,0.0,0.21461720940919185,0.18627048678424354,0.0,0.0,0.0,0.0,0.0,0.0,0.0,0.2157571710259428,0.18250917100095274,0.0,0.0,0.0,0.20750841868550765,0.223165092821479,0.0,0.18457540834561592,0.19955358568775527,0.19153579340587817,0.0,0.15113055266602896,0.0,0.20505716429799856,0.19856768845185155,0.0,0.0,0.0,0.0,0.0,0.0,0.0,0.0,0.0,0.0,0.2347985680900112,0.0,0.2034313187486148,0.0,0.22764061730174295,0.23886774655708573,0.2502498046232328,0.0,0.0,0.0,0.19516100189168928,0.0,0.0,0.0,0.0,0.0,0.24513671060401,0.0,0.0,0.0,0.24129216592519717,0.0,0.0,0.0,0.23344703001340325,0.19297404675195737,0.0,0.0,0.0
0.30392284228598093,0.2955446957391289,0.24281248901197486,0.0,0.26453482253781124,0.27261253335606783,0.2760028309208707,0.2689841314571364,0.2589925352047039,0.0,0.0,0.0,0.2877305186219721,0.0,0.25842699235917577,0.28124615653817453,0.0,0.298313546397443,0.0,0.0,0.2937806715198463,0.2682497672555823,0.26087810145722995,0.24991640753743605,0.2646434789209287,0.28598523161774875,0.2649296588151,0.2515734336679764,0.2531806380805317,0.23547774751825337,0.26190222337391417,0.31475360599657337,0.28667048210918056,0.30945416319267377,0.34208933960556986,0.0,0.3164086052496381,0.0,0.33510439852275165,0.30103209404809883,0.33636558192703764,0.3459146598480915,0.2974228854054238,0.0,0.0,0.0,0.30010176297067104,0.21231045168931376,0.0,0.0,0.27033264849595806,0.22060975297907517,0.30827677770526296,0.21629915366208274,0.0,0.0,0.0,0.251702922699086,0.0,0.3253953061649774,0.24667221650505086,0.0,0.2051489223897048,0.0,0.3245453073372842,0.3207999363256944,0.32424607191337657,0.32939412100251786,0.0,0.22693956708507615,0.3150868054951602,0.32604092706700943,0.30788888363070666,0.30752001900915393,0.2736078647538891,0.31392334854597376
0.26990528628652394,0.26981873330259704,0.22593939844882635,0.0,0.0,0.24123266028944543,0.2208619178151663,0.25824840489454565,0.2049185072066442,0.20226985579608864,0.0,0.19933147546947524,0.24675058136485442,0.0,0.2710576292126471,0.2670068312500238,0.0,0.2739580555669888,0.0,0.2937806715198463,0.0,0.30319568240119543,0.24616410243261386,0.3073362015901626,0.2399222560511688,0.24844637005479245,0.2943034248026452,0.25762324987174523,0.27318640423846424,0.2591779353922618,0.26658483115272114,0.28624142544804054,0.24664959919478155,0.2878065445855022,0.3173814493569318,0.3284507029705991,0.275107407313341,0.0,0.3351629556165528,0.3224957329740193,0.32994935116385016,0.3588907596871775,0.0,0.0,0.0,0.3204797183969289,0.33754067583995745,0.0,0.0,0.0,0.276560297532377,0.0,0.0,0.0,0.0,0.0,0.0,0.26896162264113216,0.0,0.33886904106937604,0.3183006579943555,0.0,0.25231571912216727,0.0,0.3211923919132533,0.3146349681897516,0.34159011687936836,0.31342167545463906,0.0,0.2850341770131794,0.35044176269333693,0.31434729405774225,0.3081978971462389,0.2988729015118605,0.31428327466670347,0.30876495270796744
0.26812642086876,0.2637939043765529,0.242631282305051,0.0,0.261319140651358,0.2754470179033286,0.2831814127123702,0.2671604060183169,0.23525973638025827,0.0,0.2041956520224541,0.0,0.29944383018206017,0.0,0.26877219790744256,0.2642656339995071,0.0,0.301910235107517,0.2157571710259428,0.2682497672555823,0.30319568240119543,0.0,0.30259756175478847,0.22841954172428894,0.2866491577195597,0.2721849050452359,0.30038830115184156,0.2984618634608813,0.28582439866652865,0.25825801239289753,0.27255419845924733,0.3202321547024298,0.2846335697646382,0.3060491693916368,0.3415616920094225,0.0,0.3256178106888686,0.0,0.33603699843906243,0.31913336622600036,0.32650255148450474,0.3527774602569188,0.3528810476524413,0.0,0.0,0.31352294885765375,0.32444557766835824,0.0,0.0,0.0,0.2752239124383124,0.21069784912537584,0.3441711892237328,0.22278220585787667,0.0,0.0,0.0,0.22098405400974838,0.0,0.3488847203780261,0.3133599297906004,0.0,0.2552369270470137,0.0,0.3303998396670146,0.349765030947871,0.33816107761925795,0.33449836360599794,0.0,0.2992191705082127,0.3412234180380135,0.3272286469546092,0.2528649261980346,0.31297015344552415,0.30110946680541784,0.3052799460691072
0.2945532533102762,0.28402492478640223,0.197294135775489,0.24708146782405513,0.21742571143872844,0.25719650830675855,0.22311678507761523,0.22769830333439922,0.2174385128896568,0.2567032005775443,0.15962053488599776,0.21788458657816914,0.23537199271039128,0.19444649264716554,0.25042553766720754,0.2779010746875774,0.0,0.26961504132467196,0.18250917100095274,0.26087810145722995,0.24616410243261386,0.30259756175478847,0.0,0.30588744643621446,0.26773338293097637,0.2867599241383806,0.2277108715900782,0.2427741228096978,0.26323848094210844,0.25753155184419013,0.26607137987746526,0.2653087193538431,0.25805562003603616,0.29044533742389195,0.3166999107322262,0.22682213920295013,0.26920961543902683,0.2222321685861154,0.32461268828200324,0.32979778318269615,0.339827822819708,0.35679375186138335,0.24670454482260215,0.2744028604998438,0.0,0.3029555858867676,0.29839220517840337,0.24332312627338964,0.0,0.185555934014589,0.2842019377157879,0.2771608514248041,0.2584561722086701,0.26784866172951965,0.0,0.20192823480564784,0.0,0.286468301005721,0.0,0.33109054041792735,0.22682442380099163,0.0,0.22614898989864288,0.21652322470523272,0.3315705136087091,0.3153410767547254,0.33335648310096927,0.3004027939534493,0.0,0.2074451082948066,0.32886072011345263,0.3203400107048173,0.3115206800105505,0.3206471683331333,0.32775115616508593,0.32477978306284416
0.24816631470788741,0.2231749223705265,0.0,0.0,0.0,0.24322047826915794,0.0,0.3282809250928148,0.1951480004740296,0.20287864231643252,0.2211974018909822,0.20822900345743917,0.206948434600368,0.0,0.30599193650367235,0.2404656167344795,0.23440473007150062,0.24340746179978553,0.0,0.24991640753743605,0.3073362015901626,0.22841954172428894,0.30588744643621446,0.0,0.22019062174045784,0.23200990707741262,0.29781684808953346,0.2466483928218232,0.2525607979367291,0.0,0.21650230319970704,0.2441027493230784,0.16592538792560296,0.18651679682030187,0.2227669700853721,0.0,0.0,0.17040754857182436,0.0,0.22451305719757475,0.2186107173256099,0.0,0.0,0.0,0.20109710063061326,0.2679809590719274,0.2765871956780406,0.0,0.0,0.0,0.0,0.0,0.0,0.0,0.26181768620218515,0.0,0.26055606671493675,0.0,0.0,0.0,0.261179777514716,0.2615917065803296,0.27064313131355844,0.0,0.0,0.0,0.24585727440007626,0.0,0.2977789549506801,0.27200322269503285,0.28687386310484725,0.0,0.0,0.23108462705945884,0.0,0.26332063801066824
0.24773861178737663,0.2783933041709853,0.17475653741953798,0.0,0.2197295867411779,0.24900667192726197,0.23376356088484512,0.28137715412320075,0.17995535309956898,0.22025613383058987,0.0,0.2164724545152786,0.27177097754423607,0.0,0.26675252659951854,0.265585536379934,0.21351636689092207,0.2333527534297113,0.0,0.2646434789209287,0.2399222560511688,0.2866491577195597,0.26773338293097637,0.22019062174045784,0.0,0.24344957898423475,0.27477547671793345,0.26899360809619405,0.2535835440290954,0.0,0.23681326908131115,0.27434974638573406,0.21134305043196625,0.24172175362464826,0.2652071375018267,0.0,0.0,0.20593817027800243,0.2950129808847787,0.2603130214303042,0.2669265343809123,0.2844192398817269,0.0,0.0,0.0,0.28369019986295135,0.301459006054562,0.0,0.0,0.0,0.20217681487596123,0.0,0.0,0.0,0.2689146581011034,0.0,0.2757796600715806,0.2269371274221017,0.0,0.30698153966657626,0.2761450561274931,0.26276925825047387,0.26672488548603895,0.0,0.2628741931830618,0.0,0.2698453332249896,0.21093894357245954,0.2779302440258493,0.2723967918916134,0.28533188372262525,0.21162747426283354,0.24430999354736366,0.2649082291859446,0.0,0.264853552830921
0.2264525088454489,0.27219593813585374,0.1816705517039178,0.0,0.2135456804138066,0.2543141926541846,0.24777994794976624,0.2812616604387099,0.1871321533828712,0.19398724774434567,0.17391245046204043,0.17143657526594622,0.27794677563244874,0.0,0.27028044627772735,0.2696142913969687,0.22572062011911165,0.2459139190669571,0.0,0.28598523161774875,0.24844637005479245,0.2721849050452359,0.2867599241383806,0.23200990707741262,0.24344957898423475,0.0,0.2957420012217525,0.2643440178834691,0.2738055547716082,0.0,0.25009479450183336,0.29477465549282234,0.24534543752481058,0.2639589974028267,0.3013411102252653,0.0,0.0,0.1898340693796312,0.3266647476082964,0.283287251350206,0.29509117901698567,0.32312572287386176,0.0,0.0,0.0,0.3059569055475423,0.3264475440157076,0.0,0.0,0.0,0.2751028582456537,0.2336056490377836,0.0,0.0,0.25523787538620196,0.0,0.2728629430643211,0.25692923561186126,0.0,0.35034381345376947,0.2980281577416484,0.27154536507410454,0.27186598407230456,0.0,0.31336859763469477,0.34934069903246,0.34384951332110103,0.318574005369855,0.2903241301473683,0.28190749817959815,0.3291010203664971,0.3123428754906108,0.26258259402839407,0.27711143484750234,0.0,0.2715230669706913
0.30977258785070366,0.28468128817856037,0.2101646686073051,0.2120993608036163,0.2332318899652214,0.2581528691927287,0.23551803136651092,0.25352765927669263,0.22381393895438095,0.0,0.18748695140472904,0.0,0.2466833846967209,0.23251194786812168,0.2516532321973809,0.28704447670991967,0.0,0.27037449469737795,0.20750841868550765,0.2649296588151,0.2943034248026452,0.30038830115184156,0.2277108715900782,0.29781684808953346,0.27477547671793345,0.2957420012217525,0.0,0.2469285469873001,0.26035701551989376,0.2650620760328127,0.26848205994797397,0.2739560348433879,0.2676235696942175,0.2932389457327808,0.3213960195046297,0.30030929994534117,0.2839785600792848,0.0,0.3286365948834538,0.34411966083484335,0.3352319448165076,0.3420849701359504,0.24212380922071816,0.2474340766379159,0.0,0.0,0.261354043034008,0.2632409204812626,0.0,0.2026793912171756,0.2927176134504891,0.24245227911451833,0.25986155585706633,0.0,0.0,0.23294771304981746,0.0,0.21551854887703928,0.0,0.32470066579027607,0.22308108290243567,0.0,0.0,0.2170545516576174,0.3293342441527429,0.31744042923787547,0.3164283488450505,0.31125289061114636,0.0,0.0,0.3127602024552196,0.32343163397884356,0.30893243791927194,0.3147075402712642,0.3203391888881119,0.32457700216818786
0.2512401822824888,0.2797879115879466,0.18195912445728626,0.19344128149691203,0.22291959424350563,0.24046471575851464,0.2352887208456664,0.24452207364752548,0.21203444817185033,0.2289913893649344,0.21877893038998145,0.2244809434089997,0.22213312657867715,0.21446308039557635,0.28207715005150036,0.28350946108186126,0.0,0.2787510279736199,0.223165092821479,0.2515734336679764,0.25762324987174523,0.2984618634608813,0.2427741228096978,0.2466483928218232,0.26899360809619405,0.2643440178834691,0.2469285469873001,0.0,0.22843344071719338,0.20157215944783738,0.23195345953986302,0.21255162602998537,0.24014712965160556,0.23993136937289303,0.19028181962184268,0.18628178345915267,0.17887164953528073,0.2070089853204192,0.3021139541984822,0.0,0.30162853768350706,0.2956932026489356,0.2514101773240135,0.23049519983033595,0.0,0.0,0.20983850791102035,0.16682409764161765,0.0,0.17614093026373792,0.21622081241448413,0.17681461144351052,0.20076011064459562,0.15747526316587093,0.2348062922610728,0.18077609926968286,0.0,0.18055133503062476,0.0,0.2858276236222778,0.21142184641936201,0.0,0.2013624433033156,0.16881404267154415,0.30689438672587854,0.29747226072842,0.26211542100992136,0.28739942503825916,0.0,0.21594209696957556,0.26296298096225723,0.2959677067437498,0.25746733647723086,0.2852514911516432,0.25248307656444846,0.263342793022107
0.28614232990205385,0.26876353553213533,0.22030947754267258,0.0,0.2411268379269525,0.23229132571910258,0.2596490170593765,0.25032019044475895,0.2267169201915372,0.0,0.0,0.0,0.2678440329395443,0.0,0.27319288294105054,0.29163219012584085,0.0,0.28780078749183613,0.0,0.2531806380805317,0.27318640423846424,0.28582439866652865,0.26323848094210844,0.2525607979367291,0.2535835440290954,0.2738055547716082,0.26035701551989376,0.22843344071719338,0.0,0.22724172034231369,0.2567053844660736,0.28926507517900735,0.25710641374685045,0.303333849806422,0.33534158294524924,0.3419448464285847,0.29161046906597066,0.0,0.3196281701482266,0.2851191421110022,0.3125801384048928,0.3228375019136759,0.29402246171904656,0.23293986407830652,0.0,0.0,0.28297778707514043,0.2298526291833364,0.0,0.21122025818661286,0.2540575176633253,0.21074505249732423,0.25106584113770525,0.21204029223865176,0.0,0.0,0.0,0.23444711589186024,0.0,0.3147860277599334,0.23038418833032348,0.0,0.2280695630057072,0.0,0.31656619800803465,0.30544585628862425,0.3099521641494005,0.31675523464650585,0.0,0.22062628341866597,0.2912394289376929,0.315076694168878,0.2968192388706677,0.30600380962435014,0.29099699090151904,0.3142623712644053
0.0,0.0,0.20305713263484282,0.17244897366573453,0.0,0.2363346541192862,0.0,0.25620343565459,0.17947964609589204,0.0,0.0,0.0,0.23952553806241425,0.0,0.2636215787733302,0.27199541423972967,0.0,0.0,0.18457540834561592,0.23547774751825337,0.2591779353922618,0.25825801239289753,0.25753155184419013,0.0,0.0,0.0,0.2650620760328127,0.20157215944783738,0.22724172034231369,0.0,0.19835267022147435,0.24184354609929304,0.0,0.2569605941906916,0.2710954827799978,0.0,0.0,0.0,0.3115771970182937,0.0,0.29091956505746003,0.0,0.0,0.0,0.0,0.0,0.0,0.0,0.0,0.0,0.22220054931494435,0.0,0.23006509118746643,0.0,0.0,0.0,0.0,0.0,0.0,0.2860869420500043,0.0,0.0,0.0,0.0,0.3099608936144382,0.0,0.0,0.30445784030767803,0.0,0.0,0.0,0.30603578220758004,0.2585225599479612,0.28091710238592255,0.280977278712046,0.2809099459982834
0.23879373766792011,0.24654670267595963,0.19123043292639094,0.20024555713665926,0.23857707259017596,0.24090820485674339,0.25650951993516136,0.26338684059846507,0.22602597334329436,0.2015025508535943,0.24485928272843896,0.2028053830725344,0.2472123869594575,0.0,0.2886703609556346,0.25862558133865104,0.23658659643829708,0.2569488890025088,0.19955358568775527,0.26190222337391417,0.26658483115272114,0.27255419845924733,0.26607137987746526,0.21650230319970704,0.23681326908131115,0.25009479450183336,0.26848205994797397,0.23195345953986302,0.2567053844660736,0.19835267022147435,0.0,0.26552010335746984,0.2302425485325347,0.22813567517719227,0.2531567959287881,0.2627961782308156,0.2503894494594859,0.20504216786193968,0.30950468179577284,0.24505507236944782,0.2493819396986409,0.29258558412125474,0.3078622306966355,0.0,0.0,0.26658535161061925,0.2970196039932202,0.19382266117937977,0.0,0.0,0.23589538217053777,0.18518777191889152,0.2808601886108074,0.1739715509414995,0.2033532283278721,0.0,0.23512680912512982,0.18211208546707733,0.0,0.32772092268763625,0.27861823761178534,0.24444625162905556,0.260626689499419,0.18011107384770167,0.32156381329314665,0.30109877242671956,0.32169334836075375,0.312748543969569,0.27009128421002987,0.270384004663135,0.2984069472549224,0.3140640007689521,0.2301789942935753,0.28990693789928434,0.2795480481855963,0.20836860623047068
0.28974632136981826,0.28630587504607613,0.15057102924141363,0.1741957090185279,0.21849663297136446,0.2402211056230359,0.23695355055336204,0.2460286351111491,0.1963312988525796,0.21846681694088813,0.21176086323245785,0.19503425083275971,0.2179734408806071,0.1601350190873271,0.31771790385992504,0.3079619114765807,0.27306928599610336,0.30616523907490667,0.19153579340587817,0.31475360599657337,0.28624142544804054,0.3202321547024298,0.2653087193538431,0.2441027493230784,0.27434974638573406,0.29477465549282234,0.2739560348433879,0.21255162602998537,0.28926507517900735,0.24184354609929304,0.26552010335746984,0.0,0.2664688504736486,0.26267976923883185,0.2525271153814395,0.15179362502471763,0.20749564547176555,0.2013085039131252,0.20472659559508327,0.1906109009709797,0.20140321351058021,0.22390221070236474,0.26385048422945323,0.0,0.1770636234194164,0.31577213001125964,0.32361837819073536,0.19902678315944214,0.0,0.2094646699881513,0.2907493901851144,0.21774981378657546,0.27359963735399784,0.19816173487193134,0.2827886383909947,0.0,0.0,0.25487056274982756,0.0,0.3391269237628683,0.29943483342305005,0.2625091107112683,0.287351507201912,0.0,0.32698167734577926,0.32628341325681853,0.33696897105296864,0.30998504032388646,0.0,0.29960367129966164,0.33396563619066855,0.316142619090136,0.30255325010375866,0.31138063624023127,0.3125878598871786,0.31252069321234255
0.2386732372763537,0.25416156436940984,0.0,0.0,0.0,0.24745361261791637,0.0,0.0,0.0,0.19220712576031956,0.21530427768401053,0.18386109992730248,0.25173848531917536,0.0,0.2910544018899856,0.28108500878101494,0.22776567032838269,0.2545372125999304,0.0,0.28667048210918056,0.24664959919478155,0.2846335697646382,0.25805562003603616,0.16592538792560296,0.21134305043196625,0.24534543752481058,0.2676235696942175,0.24014712965160556,0.25710641374685045,0.0,0.2302425485325347,0.2664688504736486,0.0,0.17208560325612215,0.33038139987424486,0.17187660234818167,0.26111605050171044,0.15779663645422917,0.22635544612709824,0.19972190393145664,0.208229101089272,0.29257736239239973,0.0,0.0,0.0,0.2887705626329031,0.30466884378475784,0.0,0.0,0.0,0.2791416050389257,0.0,0.0,0.0,0.22373542583992317,0.0,0.23430572279301,0.26232034688891404,0.0,0.34484343041689647,0.27650637978838555,0.25125698352627457,0.24372941834226566,0.0,0.3019431503655144,0.3433734203415667,0.3313340411814882,0.0,0.24517965245261855,0.2659491287103073,0.29315902939984156,0.3369304614638905,0.0,0.27165305376227133,0.0,0.22422875536218356
0.24073792852337428,0.2563402543309454,0.17401217400225683,0.1531487378801828,0.2417255192045957,0.253707081979036,0.25015516718487274,0.2880410957568795,0.21920705647820504,0.1927909417208797,0.22963381075881498,0.18004456867555851,0.2537094155923465,0.0,0.314349519154499,0.2740927144969364,0.21870680750895072,0.26028136255834117,0.15113055266602896,0.30945416319267377,0.2878065445855022,0.3060491693916368,0.29044533742389195,0.18651679682030187,0.24172175362464826,0.2639589974028267,0.2932389457327808,0.23993136937289303,0.303333849806422,0.2569605941906916,0.22813567517719227,0.26267976923883185,0.17208560325612215,0.0,0.22335007786573668,0.25555792958520335,0.19265676855330402,0.15652838678904948,0.26451374041088555,0.23759955733717603,0.26408845285138904,0.3115380174228197,0.3077745659999586,0.0,0.21703452507208554,0.28257822295877294,0.3115501942405747,0.19413034370354254,0.0,0.209519636065796,0.26394659862877345,0.20968328786155796,0.28874857024477996,0.18605977439746002,0.23195942840340744,0.0,0.23717547729885902,0.23749664977660964,0.0,0.3415042656629225,0.28281313557026616,0.24210785827124665,0.2577941112177822,0.18516385912954295,0.33620765675789205,0.3405462689400881,0.3360322917058092,0.3258863048654922,0.24170988611492905,0.27249054586506893,0.3163275043828194,0.32877515237134125,0.3101479240508144,0.3232686407272417,0.3088665689743567,0.24861924606174557
0.2869306135454762,0.3025879596749265,0.2319672369392176,0.16276771393560824,0.23910053154456973,0.28512127505928375,0.27112239389860887,0.30946779745610953,0.19330489407950643,0.18864527650401827,0.23478582159384379,0.21313381909111323,0.2681088044170893,0.0,0.3421358900805785,0.3166848063847978,0.24543427110527885,0.28884702780046134,0.0,0.34208933960556986,0.3173814493569318,0.3415616920094225,0.3166999107322262,0.2227669700853721,0.2652071375018267,0.3013411102252653,0.3213960195046297,0.19028181962184268,0.33534158294524924,0.2710954827799978,0.2531567959287881,0.2525271153814395,0.33038139987424486,0.22335007786573668,0.0,0.2879042911687891,0.22836505804578888,0.1905530515859342,0.23044608772332673,0.2353354041217302,0.24511618502870952,0.2655868383331569,0.0,0.0,0.22637075739788282,0.35018145591685684,0.331565580285926,0.0,0.0,0.0,0.2809454454310297,0.0,0.0,0.0,0.2626910258928028,0.0,0.2880811919003154,0.24717310176871532,0.0,0.35903842652800416,0.297733629456452,0.2351045429361342,0.2685670713909552,0.0,0.3437208197214867,0.35557660213381936,0.351424019092406,0.3399757310748097,0.0,0.2802788417161018,0.3415298566707915,0.34562458375463584,0.29806638974878374,0.3206402603008728,0.0,0.23696835740897546
0.0,0.0,0.1780692986108986,0.14281874702165187,0.14563821825710382,0.21291072633519362,0.19149689244167442,0.13292914593207908,0.17999414492693463,0.1372832220319154,0.13040998036624943,0.21758342604198824,0.20252700122680742,0.14613475961287226,0.36374641688623904,0.0,0.0,0.0,0.20505716429799856,0.0,0.3284507029705991,0.0,0.22682213920295013,0.0,0.0,0.0,0.30030929994534117,0.18628178345915267,0.3419448464285847,0.0,0.2627961782308156,0.15179362502471763,0.17187660234818167,0.25555792958520335,0.2879042911687891,0.0,0.1283109368571852,0.2108575121701893,0.20150713765008388,0.2351860473133112,0.0,0.0,0.0,0.0,0.0,0.0,0.0,0.20336164230367584,0.0,0.0,0.0,0.0,0.0,0.0,0.0,0.0,0.0,0.0,0.0,0.0,0.0,0.0,0.0,0.0,0.0,0.0,0.0,0.27280421489733564,0.0,0.0,0.0,0.30765598909409125,0.27185926840343183,0.2934265662801649,0.0,0.0
0.0,0.0,0.17580015247768868,0.12980688010181235,0.15919975463161412,0.22445817093918732,0.20273927746871817,0.2587126195835368,0.17080475952419427,0.1662448069095216,0.18228404366672454,0.2180364467866163,0.20994491317312183,0.1264958770559415,0.3144424575342066,0.0,0.0,0.0,0.19856768845185155,0.3164086052496381,0.275107407313341,0.3256178106888686,0.26920961543902683,0.0,0.0,0.0,0.2839785600792848,0.17887164953528073,0.29161046906597066,0.0,0.2503894494594859,0.20749564547176555,0.26111605050171044,0.19265676855330402,0.22836505804578888,0.1283109368571852,0.0,0.21253327719565393,0.20546934105794928,0.2500678430227962,0.0,0.24243468464069018,0.0,0.0,0.0,0.0,0.0,0.0,0.0,0.0,0.0,0.0,0.0,0.0,0.0,0.0,0.0,0.0,0.0,0.0,0.0,0.0,0.0,0.0,0.0,0.0,0.0,0.2568155933034763,0.0,0.0,0.0,0.24590157241589045,0.0,0.22911316586079347,0.0,0.0
0.2834853810500702,0.0,0.0,0.1738985126125275,0.19063993158031844,0.0,0.0,0.0,0.12006224168525062,0.17404050135893603,0.1785409201692113,0.16280633971773908,0.21509804301036978,0.0,0.0,0.0,0.20545373271832498,0.20546820757823023,0.0,0.0,0.0,0.0,0.2222321685861154,0.17040754857182436,0.20593817027800243,0.1898340693796312,0.0,0.2070089853204192,0.0,0.0,0.20504216786193968,0.2013085039131252,0.15779663645422917,0.15652838678904948,0.1905530515859342,0.2108575121701893,0.21253327719565393,0.0,0.18246340432000674,0.17438324726530574,0.18064032381871953,0.0,0.0,0.0,0.0,0.0,0.0,0.0,0.0,0.0,0.0,0.0,0.0,0.0,0.2314703402380515,0.0,0.2530143071850679,0.0,0.0,0.0,0.0,0.22922232891785416,0.0,0.0,0.0,0.0,0.0,0.0,0.1857754234924013,0.0,0.0,0.0,0.0,0.0,0.0,0.0
