0.0,0.375194649413345,0.0,0.0,0.0,0.37609588914561864,0.2859405238651561,0.45168517689971605,0.0,0.0,0.0,0.28378091468977906,0.33914461120766454,0.0,0.38325591420114297,0.36069722605381366,0.0,0.3623928979587395,0.0,0.4342645645986689,0.38565808594868806,0.38311632827652864,0.42087669139243516,0.3545960408703643,0.35398491134434323,0.32356995419090695,0.44262305845707706,0.3589881811710995,0.40885862139719764,0.0,0.3412038981251376,0.4140082369173544,0.34103171939160126,0.3439818834486167,0.4099849719229306,0.0,0.0,0.4050622014647929,0.4549938653670307,0.4032752444877335,0.4100292004762343,0.4645945254209583,0.0,0.0,0.0,0.4330557295066348,0.46793615801278904,0.0,0.0,0.0,0.3412047529651653,0.0,0.0,0.0,0.0,0.0,0.0,0.3491439926593234,0.0,0.0,0.417014488692888,0.0,0.3917543062624671,0.0,0.4500341218382475,0.0,0.4530141441407524,0.0,0.0,0.42178869452496365,0.47734545682369195,0.0,0.0,0.40636169514384884,0.0,0.34006499849520533
0.375194649413345,0.0,0.288106459440144,0.0,0.29961460836131293,0.3606931144943868,0.33031747036391423,0.335085961952055,0.27761845376969324,0.0,0.0,0.0,0.3874744149667237,0.0,0.405589064027452,0.38404245082653543,0.0,0.40409711451193775,0.31478699509534275,0.4222933282975521,0.3855344134612994,0.3769257492007563,0.40583313636385415,0.3188867271824962,0.39778631350531535,0.3889311170921002,0.40677099072376394,0.39977901855557574,0.3840266788109244,0.0,0.3522818347100979,0.40909230525006923,0.3631624403694566,0.36627549314438257,0.4323571982042259,0.0,0.0,0.0,0.457014192136608,0.4265814019704607,0.43321500156840265,0.46088892648408547,0.0,0.0,0.0,0.44792629345057283,0.453675384849868,0.0,0.0,0.0,0.3659506589549554,0.32642682561945446,0.0,0.0,0.0,0.0,0.0,0.30671498413992154,0.0,0.47227142072956946,0.4314389109970687,0.0,0.4080644285496125,0.0,0.44045562754787776,0.4742799077723339,0.45776842245257404,0.4315645028457587,0.0,0.4366319545838321,0.4727620440714367,0.4183319067132232,0.31030653409324055,0.423384160455689,0.0,0.41153864594149486
0.0,0.288106459440144,0.0,0.23947822514359146,0.2828236941927053,0.32358208530313654,0.25549348743819306,0.29000399955168304,0.28837889463920585,0.0,0.27258021778537445,0.0,0.2671558742610812,0.30936703388237474,0.0,0.28416060116438924,0.0,0.0,0.26810914222262466,0.3469461493147144,0.32283678895296586,0.34668722948133573,0.28190658960011133,0.0,0.24970341505906368,0.25958260472526823,0.3002968372508695,0.2599949360925127,0.3147923947486787,0.2901411313117076,0.2732423797703629,0.21514560064941876,0.0,0.2486398205859487,0.3314497534732098,0.25443690197161334,0.2511945995828317,0.0,0.0,0.0,0.0,0.0,0.32218331039165965,0.0,0.0,0.0,0.0,0.2503761956213006,0.0,0.2894660089837362,0.38627529611896017,0.23632714070601568,0.20623478482281202,0.335611501565289,0.0,0.3507591320158423,0.0,0.2970564408626564,0.0,0.0,0.0,0.0,0.0,0.30086347820905807,0.0,0.0,0.0,0.3883776008857554,0.0,0.0,0.0,0.3165169668907236,0.27875743897770344,0.0,0.0,0.0
0.0,0.0,0.23947822514359146,0.0,0.2430236609393986,0.3126891359733944,0.29961733253390027,0.28413115600854205,0.23825214745193485,0.0,0.29497465851204546,0.0,0.2874740410086326,0.2666740258262206,0.0,0.0,0.0,0.0,0.2374346109037443,0.0,0.0,0.0,0.3530459416539969,0.0,0.0,0.0,0.30306125027736047,0.2764013828405156,0.0,0.24640621909547042,0.2861237708514955,0.2489020672579332,0.0,0.21882879705301123,0.23257301060792318,0.20406863967639968,0.1854764447625244,0.2484774138594545,0.0,0.0,0.0,0.0,0.0,0.0,0.0,0.0,0.0,0.0,0.0,0.0,0.0,0.0,0.0,0.0,0.0,0.0,0.0,0.0,0.0,0.0,0.0,0.0,0.0,0.0,0.0,0.0,0.0,0.26441569171957063,0.0,0.0,0.0,0.0,0.0,0.0,0.0,0.0
0.0,0.29961460836131293,0.2828236941927053,0.2430236609393986,0.0,0.31439157523982086,0.2806465238987732,0.2925636407979337,0.3086736099070749,0.1486906250478787,0.2936319403158389,0.0,0.32294668904075385,0.24199795087695913,0.0,0.35113483430809683,0.0,0.30961762334685855,0.31986617580006915,0.37798442086979567,0.0,0.37338964713115563,0.3106718836935889,0.0,0.3139638093599277,0.3051278450455115,0.33325677130568043,0.31852189788214974,0.34453758229488607,0.0,0.34089431308393897,0.31220208546977496,0.0,0.3453930167282231,0.3416422650088594,0.20809728207541323,0.22747488016797154,0.27239863335098125,0.3186887980108298,0.0,0.0,0.0,0.0,0.0,0.0,0.0,0.0,0.29075574283778355,0.0,0.30221527040111745,0.288997003495223,0.0,0.33014688778165324,0.0,0.0,0.3395262134277441,0.0,0.24089770544962608,0.0,0.0,0.0,0.0,0.0,0.3230233892197513,0.0,0.0,0.0,0.33570026111250084,0.0,0.0,0.0,0.293345052866414,0.2635531941720133,0.29076476984195704,0.0,0.2820539686721737
0.37609588914561864,0.3606931144943868,0.32358208530313654,0.3126891359733944,0.31439157523982086,0.0,0.3294772154732803,0.3339392734352265,0.29889689924089097,0.0,0.2993950958185951,0.0,0.3493838760535577,0.33208723483741176,0.3891810698750102,0.3934651323010678,0.0,0.35194607365276925,0.27616566069734005,0.38952637521932554,0.34468878811353115,0.3935764696068333,0.3674989640661321,0.3475291106867485,0.35579679748093734,0.36338052550953565,0.3688654741994975,0.3435914994239012,0.3319128324304526,0.3376902009034118,0.34422518525908874,0.34324341354585475,0.3535776861443361,0.3625130466092215,0.40739967236463476,0.30422058169401406,0.3207203155260041,0.0,0.4255156840289254,0.0,0.422043492020116,0.40676757109810485,0.2798600925266342,0.0,0.0,0.0,0.3113950619358433,0.3745812223879769,0.0,0.27709988906595723,0.3824225137531801,0.324895965846983,0.3547429735073542,0.39454932858851455,0.0,0.31370312610405804,0.0,0.3155052574966328,0.0,0.40004965664150216,0.27701881527555694,0.0,0.0,0.3388164225494612,0.41468861423575476,0.0,0.3667392161169537,0.38593240089611075,0.0,0.0,0.36412053427898367,0.39934082486224504,0.3461811317544903,0.4127315586946899,0.4024909401568367,0.40854007110561263
0.2859405238651561,0.33031747036391423,0.25549348743819306,0.29961733253390027,0.2806465238987732,0.3294772154732803,0.0,0.33968675221701106,0.31707851167213025,0.15494059293432008,0.3170818190046644,0.0,0.29410908145549636,0.2876203167804107,0.0,0.3643158162121955,0.0,0.36215739609205155,0.31319071833012513,0.3943706511044979,0.3155817570506261,0.4046278718934115,0.31880365686766515,0.0,0.3340164570163152,0.3540439751199624,0.3365233576299416,0.33619570396382226,0.3710032667951382,0.0,0.36651735075983355,0.33857452005643784,0.0,0.3574378416000255,0.3873971678263656,0.273623114316399,0.28968695934396627,0.0,0.27751800573859964,0.0,0.3025563200769661,0.36079303429682547,0.3053998198378483,0.0,0.0,0.0,0.0,0.2569860605351794,0.0,0.2647191084093922,0.2217153614915951,0.2635423435058337,0.2609901406469115,0.26414266110229645,0.0,0.2693087647910941,0.0,0.24796568250824128,0.0,0.0,0.0,0.0,0.0,0.27809297898884994,0.0,0.0,0.0,0.37732041191974025,0.0,0.0,0.30081561634605547,0.30796558153795245,0.2650588887823361,0.28667278393917117,0.34156262850065633,0.27254821381669836
0.45168517689971605,0.335085961952055,0.29000399955168304,0.28413115600854205,0.2925636407979337,0.3339392734352265,0.33968675221701106,0.0,0.3093138715139469,0.0,0.18239973662419018,0.0,0.3367375883633758,0.24798776350476723,0.40651281464016636,0.3720425814819308,0.0,0.39410254931859856,0.27825536252422634,0.3843418805002818,0.36900198177372623,0.38173602393590006,0.32535002572897964,0.4690689647714425,0.40204983081971096,0.4018848059922513,0.36225667587668225,0.3493889141356073,0.35767363748020387,0.36607999779276773,0.37634411021296055,0.3515415863504388,0.0,0.41157170054919107,0.44218755427777046,0.18993773961336105,0.3696652816701038,0.0,0.4391654580078914,0.0,0.4734836558228292,0.0,0.0,0.43004111148980007,0.0,0.0,0.0,0.35875316688422726,0.0,0.0,0.0,0.35391342657021935,0.3209722048866867,0.0,0.0,0.0,0.0,0.3542252764998351,0.0,0.46433547935830055,0.0,0.0,0.0,0.0,0.4771452271204013,0.4146060980689016,0.5428849065416563,0.4072049196105944,0.0,0.0,0.3970297026618686,0.43604153433190984,0.41572503520329834,0.41842794823188106,0.0,0.45680583088846827
0.0,0.27761845376969324,0.28837889463920585,0.23825214745193485,0.3086736099070749,0.29889689924089097,0.31707851167213025,0.3093138715139469,0.0,0.17775813931774448,0.2994813513508985,0.0,0.309851110542146,0.2874141412453382,0.0,0.3231126212793517,0.0,0.25026948357539225,0.2773511719190386,0.3700652431683452,0.2928007833862224,0.3361542890897183,0.3106901752325592,0.27884005302376175,0.25713181830357207,0.26738649355863964,0.31979979530357466,0.3029684989212637,0.32394776218065957,0.25645209744654646,0.3229604927475492,0.28053082608736646,0.0,0.31321718440922386,0.27620650369951094,0.2571872465691616,0.24405685985378803,0.17155267671893093,0.3352409939864442,0.0,0.0,0.0,0.0,0.0,0.0,0.0,0.0,0.362147098644537,0.0,0.26700707930208106,0.37492538125590913,0.2755532331721898,0.37957794565408215,0.25014544111698017,0.0,0.0,0.0,0.2549286497157104,0.3311145441644815,0.0,0.0,0.0,0.0,0.3617091562334174,0.0,0.0,0.0,0.3919927342675143,0.0,0.0,0.2897158943173955,0.39540691321550964,0.252018202968192,0.2878804892093086,0.0,0.2479615642026652
0.0,0.0,0.0,0.0,0.1486906250478787,0.0,0.15494059293432008,0.0,0.17775813931774448,0.0,0.22546625187422906,0.26606323910117796,0.3256719445733516,0.19245677773093695,0.0,0.3799918452591336,0.30567356472920376,0.35296868164108275,0.0,0.0,0.2890162193734384,0.0,0.36679409415695036,0.2898860928294845,0.31471617381139266,0.2771814946377863,0.0,0.3271976704726761,0.0,0.0,0.2879198445690294,0.31215948240185326,0.2746379415026843,0.2754721354119392,0.26954854149306506,0.1961591244474292,0.2375413053732266,0.24868029654070745,0.2575808812671118,0.3041695571995966,0.30248107489010695,0.0,0.0,0.0,0.0,0.0,0.0,0.0,0.0,0.0,0.0,0.0,0.0,0.0,0.3481074456343828,0.0,0.32609844452689796,0.3244298545420714,0.0,0.0,0.0,0.29998019286014915,0.32617356641545425,0.0,0.0,0.0,0.0,0.0,0.3340834269328002,0.3416568984878342,0.337855347172768,0.0,0.0,0.0,0.0,0.3345752242887791
0.0,0.0,0.27258021778537445,0.29497465851204546,0.2936319403158389,0.2993950958185951,0.3170818190046644,0.18239973662419018,0.2994813513508985,0.22546625187422906,0.0,0.0,0.31778820745723235,0.25332702398254364,0.0,0.0,0.0,0.2838278939463882,0.2493667346269552,0.0,0.0,0.2917679212641486,0.22807611814201526,0.31606111834186096,0.0,0.24849732915803696,0.2678934518620158,0.31260545023387415,0.0,0.0,0.34987074022541403,0.3025775831095649,0.3076406422808404,0.32811560360598074,0.3354771290683419,0.1863381933292829,0.26045920162107633,0.25511078528073067,0.2924276149199491,0.0,0.2777173195769129,0.0,0.26536047672358826,0.0,0.0,0.0,0.0,0.3211461931765324,0.0,0.3018123814192679,0.3123254298597387,0.27584157869033105,0.3035535312462166,0.2930530984956209,0.0,0.25915936051257094,0.0,0.26058540450896023,0.3109866284102762,0.0,0.0,0.0,0.0,0.24335807076532467,0.0,0.0,0.0,0.24676584597298862,0.0,0.0,0.0,0.3410809762889658,0.2307038656833933,0.0,0.0,0.2803912787920273
0.28378091468977906,0.0,0.0,0.0,0.0,0.0,0.0,0.0,0.0,0.26606323910117796,0.0,0.0,0.30707461163736877,0.0,0.25266075108292774,0.2954770680134425,0.32245852240188605,0.33773590913707585,0.0,0.0,0.28481767199356967,0.0,0.31132755409708845,0.2975310340055696,0.3093098087021242,0.2449596389471091,0.0,0.3207528543000348,0.0,0.0,0.28978141529549284,0.2786775201977728,0.2627126013497583,0.25725929527427654,0.30453935101647056,0.3108972364936625,0.3115445417601582,0.23262820161736877,0.0,0.3019502646197041,0.3017330334057045,0.0,0.0,0.0,0.308345530268777,0.0,0.0,0.0,0.0,0.0,0.0,0.0,0.0,0.0,0.3548630810274749,0.0,0.27976870331023096,0.33076874365557785,0.0,0.0,0.0,0.2556311337373567,0.3344648246551021,0.0,0.0,0.0,0.0,0.0,0.3525092480381612,0.34691979551627083,0.34216627672990707,0.0,0.0,0.0,0.0,0.3458870550609105
0.33914461120766454,0.3874744149667237,0.2671558742610812,0.2874740410086326,0.32294668904075385,0.3493838760535577,0.29410908145549636,0.3367375883633758,0.309851110542146,0.3256719445733516,0.31778820745723235,0.30707461163736877,0.0,0.31937725003701556,0.3982691254709637,0.42314658071595973,0.0,0.38354612320274395,0.30665891480366403,0.4111279279019941,0.3525731497339964,0.42786466314173577,0.3363146881764141,0.2957012746068622,0.3883239059825226,0.397148284721727,0.3524771347993834,0.31739814214378936,0.3827128341850467,0.3422495417407928,0.3532330073608898,0.3114545148568349,0.35970018869786924,0.36251638102647227,0.3830911567538586,0.2893836453545515,0.29998283650901675,0.30734596087394084,0.39629471235348435,0.0,0.3537041630497495,0.36202248652236324,0.2596152945772922,0.30760429930898225,0.0,0.0,0.29546820246949324,0.27502944712565236,0.0,0.25213917254397994,0.1292659406804212,0.25973995840923664,0.33035024023426235,0.2207649667210038,0.34270319586635606,0.2830247250550748,0.0,0.23619980615601474,0.0,0.3245306237510803,0.2870308960419828,0.3236560135119266,0.2932081297378021,0.2850539745721417,0.3804625949942554,0.33404766733291646,0.3030321889722522,0.3943497532342131,0.0,0.2927514742321639,0.3289180878864223,0.36793292084888274,0.31135145983227164,0.33684699639722326,0.3565647690135783,0.29861682352024876
0.0,0.0,0.30936703388237474,0.2666740258262206,0.24199795087695913,0.33208723483741176,0.2876203167804107,0.24798776350476723,0.2874141412453382,0.19245677773093695,0.25332702398254364,0.0,0.31937725003701556,0.0,0.0,0.0,0.0,0.0,0.26615528873221805,0.0,0.0,0.0,0.2778376933830572,0.0,0.0,0.0,0.33222807159037876,0.3064386853253981,0.0,0.0,0.0,0.22881124636075229,0.0,0.0,0.0,0.2088067723988326,0.18074547000167704,0.0,0.0,0.0,0.0,0.0,0.0,0.0,0.0,0.0,0.0,0.0,0.0,0.0,0.0,0.0,0.0,0.0,0.0,0.0,0.0,0.0,0.0,0.0,0.0,0.0,0.0,0.0,0.0,0.0,0.0,0.0,0.0,0.0,0.0,0.0,0.0,0.0,0.0,0.0
0.38325591420114297,0.405589064027452,0.0,0.0,0.0,0.3891810698750102,0.0,0.40651281464016636,0.0,0.0,0.0,0.25266075108292774,0.3982691254709637,0.0,0.0,0.4192297589167772,0.0,0.42008373178125297,0.0,0.36925715906473555,0.38730462786477854,0.3840390561716153,0.35782416438810005,0.4372210199042359,0.3811532195080362,0.38619413874751485,0.35957837353735583,0.4030500301622067,0.3903556161475227,0.37667951926130905,0.4124708352621303,0.4539758385620245,0.41587730675520473,0.4491628731840347,0.48886583259712396,0.5197443474972228,0.4492956695368678,0.0,0.5008689270707285,0.4733701647263942,0.5019819513791774,0.526625447957767,0.0,0.0,0.0,0.5371156125263402,0.4948567327279993,0.38795895844749784,0.0,0.0,0.42156087717847357,0.3299180264574703,0.48106727984675834,0.43030712544628663,0.0,0.0,0.0,0.38623342550668577,0.0,0.5059661075367687,0.4396701953988184,0.0,0.33222236772377833,0.0,0.4735190908518474,0.5024121529692095,0.5032743995838802,0.4839376529325395,0.0,0.3783446234544222,0.5080606266724181,0.47733941929253226,0.41633936079389633,0.4609183545308977,0.0,0.4577025030574712
0.36069722605381366,0.38404245082653543,0.28416060116438924,0.0,0.35113483430809683,0.3934651323010678,0.3643158162121955,0.3720425814819308,0.3231126212793517,0.3799918452591336,0.0,0.2954770680134425,0.42314658071595973,0.0,0.4192297589167772,0.0,0.36127330587773915,0.373588180841055,0.0,0.40186265301893426,0.38151658639910774,0.37759978691960505,0.39708298426330463,0.34359278679648614,0.37948574859407996,0.3852422936769962,0.41014766695815386,0.4050966085677359,0.41670288786252346,0.3886445956125465,0.3695409158105506,0.44003584723819233,0.4016323947070792,0.3916413535270817,0.4524996822394208,0.0,0.0,0.0,0.43352341810986683,0.38307187072129006,0.3958103153254702,0.42423505163393505,0.0,0.0,0.0,0.42151193290618066,0.43705402616838374,0.0,0.0,0.0,0.29939558381822357,0.0,0.0,0.0,0.32449622829151825,0.0,0.329884696785776,0.31811817088348066,0.0,0.4606109604596258,0.40476334368997824,0.2858406538493759,0.39037412345243977,0.0,0.39344201957827124,0.428388607947498,0.43821424988287205,0.3680468972108821,0.40409178627300407,0.3979871646761804,0.4378136943511603,0.3806845898058333,0.3033084855051447,0.3595218917856354,0.0,0.3803639627897613
0.0,0.0,0.0,0.0,0.0,0.0,0.0,0.0,0.0,0.30567356472920376,0.0,0.32245852240188605,0.0,0.0,0.0,0.36127330587773915,0.0,0.31942739309835533,0.0,0.0,0.0,0.0,0.0,0.33493260091515065,0.3050859599928562,0.32252418436101554,0.0,0.0,0.0,0.0,0.3380501923428387,0.3901790128587422,0.3254462840361556,0.31250239640845967,0.3506923207135391,0.0,0.0,0.29356554812731234,0.0,0.34135922735192686,0.3015736089291887,0.0,0.0,0.0,0.0,0.0,0.0,0.0,0.0,0.0,0.0,0.0,0.0,0.0,0.36512993336348987,0.0,0.32793499222651284,0.0,0.0,0.0,0.0,0.32245559216061115,0.3332968037375674,0.0,0.0,0.0,0.0,0.0,0.3693793641894547,0.38313354041607944,0.3812294757596429,0.0,0.0,0.0,0.0,0.31769158878655
0.3623928979587395,0.40409711451193775,0.0,0.0,0.30961762334685855,0.35194607365276925,0.36215739609205155,0.39410254931859856,0.25026948357539225,0.35296868164108275,0.2838278939463882,0.33773590913707585,0.38354612320274395,0.0,0.42008373178125297,0.373588180841055,0.31942739309835533,0.0,0.0,0.4262496407501715,0.39144894416047016,0.43138882161900377,0.3852433652220801,0.34779628481852604,0.3334294688212334,0.3513776726656074,0.3863285211970325,0.3982974523530217,0.4112283325966424,0.0,0.3671451496290946,0.43746864579860706,0.3636991907961184,0.37190680283974203,0.41272326824765604,0.0,0.0,0.29358623074098855,0.41547328852461285,0.37388911869347347,0.38200036509882285,0.3940396829846608,0.0,0.0,0.0,0.40464053873166517,0.4178114151288312,0.0,0.0,0.0,0.29870759044299766,0.0,0.0,0.0,0.3910308051724223,0.0,0.3949714132110821,0.30156498252965425,0.0,0.0,0.3940763259807897,0.39071792365338404,0.38708680188058986,0.0,0.3039369076243813,0.0,0.39756067133633116,0.0,0.397893310647474,0.3943219675081984,0.4050135539205161,0.0,0.0,0.30740192494781476,0.0,0.39093435745994404
0.0,0.31478699509534275,0.26810914222262466,0.2374346109037443,0.31986617580006915,0.27616566069734005,0.31319071833012513,0.27825536252422634,0.2773511719190386,0.0,0.2493667346269552,0.0,0.30665891480366403,0.26615528873221805,0.0,0.0,0.0,0.0,0.0,0.0,0.0,0.30828776550614506,0.2607808780802806,0.0,0.0,0.0,0.2965014159950061,0.31887268208866515,0.0,0.2637332513013541,0.2851350374028584,0.2736786985237437,0.0,0.2159450838160861,0.0,0.2929989055837927,0.28372632382717433,0.0,0.0,0.0,0.0,0.0,0.0,0.0,0.0,0.0,0.0,0.3354953420844043,0.0,0.29067579257163073,0.0,0.3252676002039139,0.34130964680065073,0.35757306567747577,0.0,0.0,0.0,0.2788586302880986,0.0,0.0,0.0,0.0,0.0,0.35026714707225126,0.0,0.0,0.0,0.3447738136048912,0.0,0.0,0.0,0.3335641772862533,0.2757337676933389,0.0,0.0,0.0
0.4342645645986689,0.4222933282975521,0.3469461493147144,0.0,0.37798442086979567,0.38952637521932554,0.3943706511044979,0.3843418805002818,0.3700652431683452,0.0,0.0,0.0,0.4111279279019941,0.0,0.36925715906473555,0.40186265301893426,0.0,0.4262496407501715,0.0,0.0,0.41977277668726076,0.3832925735516956,0.37275946187700243,0.3570966864122221,0.37813967611994553,0.4086341492334083,0.378548588415594,0.35946435225035156,0.36176082960358263,0.3364657974686443,0.3742227933426458,0.4497402585335978,0.40961327934440744,0.4421680727625608,0.4887993182752341,0.0,0.4521050282384263,0.0,0.47881878382358817,0.4301340770201571,0.4806208440367062,0.4942651826277595,0.4249770068639028,0.0,0.0,0.0,0.42880475995654654,0.3033628705533445,0.0,0.0,0.3862687286447419,0.3152214476644393,0.4404857484192852,0.30906218526259716,0.0,0.0,0.0,0.35964937453196805,0.0,0.4649458062820393,0.3524611769666109,0.0,0.29313001546498335,0.0,0.46373127311947354,0.4583796453860173,0.4633037062406621,0.4706595709049076,0.0,0.32426589442618187,0.45021635547349853,0.46586831107900656,0.43993150034062606,0.4394044427721011,0.3909485689342011,0.4485539331242355
0.38565808594868806,0.3855344134612994,0.32283678895296586,0.0,0.0,0.34468878811353115,0.3155817570506261,0.36900198177372623,0.2928007833862224,0.2890162193734384,0.0,0.28481767199356967,0.3525731497339964,0.0,0.38730462786477854,0.38151658639910774,0.0,0.39144894416047016,0.0,0.41977277668726076,0.0,0.43322555164266724,0.35173515079900325,0.4391417925848907,0.34281639799733193,0.35499620201775445,0.4205197203030801,0.36810871994535854,0.39034635895929476,0.3703301549173956,0.38091360543480335,0.409000215506439,0.3524288598945454,0.4112365587034906,0.45349509066183163,0.4693115543564172,0.3930912120859284,0.0,0.47890245397701414,0.46080270904123194,0.47145291958001684,0.5128062712291458,0.0,0.0,0.0,0.45792209735058137,0.4822998940305086,0.0,0.0,0.0,0.3951671953639001,0.0,0.0,0.0,0.0,0.0,0.0,0.3843097184518217,0.0,0.4841979479696023,0.4548085152656016,0.0,0.36052497759574365,0.0,0.4589404112487398,0.44957074118130896,0.48808599663675173,0.4478371102459659,0.0,0.40727522105724234,0.500733799238465,0.4491596938222369,0.4403730387875831,0.4270488834243697,0.44906821878611847,0.4411832843576926
0.38311632827652864,0.3769257492007563,0.34668722948133573,0.0,0.37338964713115563,0.3935764696068333,0.4046278718934115,0.38173602393590006,0.3361542890897183,0.0,0.2917679212641486,0.0,0.42786466314173577,0.0,0.3840390561716153,0.37759978691960505,0.0,0.43138882161900377,0.30828776550614506,0.3832925735516956,0.43322555164266724,0.0,0.4323709182754096,0.32638057767104983,0.4095828096807771,0.38891535230042706,0.4292141841957744,0.4264615657390672,0.40840434073658927,0.36901570958719787,0.3894430225552805,0.45756836237234333,0.406702807575405,0.43730279794693144,0.4880453813487465,0.0,0.46526373510062385,0.0,0.4801513427505686,0.4559983425090331,0.4665279098283598,0.5040711946045185,0.5042192069581677,0.0,0.0,0.44798181621783295,0.4635887729344662,0.0,0.0,0.0,0.3932576821247997,0.30105867997315694,0.49177399931990773,0.3183255884931702,0.0,0.0,0.0,0.31575627312504484,0.0,0.49850899672597754,0.44774888405767443,0.0,0.3646989879400926,0.0,0.47209660661654207,0.49976684126128745,0.4831863641179088,0.477952842036271,0.0,0.42754365490585444,0.4875620336746985,0.4675654018799946,0.36130972009776197,0.4471919464694621,0.43024463220750736,0.436203682037364
0.42087669139243516,0.40583313636385415,0.28190658960011133,0.3530459416539969,0.3106718836935889,0.3674989640661321,0.31880365686766515,0.32535002572897964,0.3106901752325592,0.36679409415695036,0.22807611814201526,0.31132755409708845,0.3363146881764141,0.2778376933830572,0.35782416438810005,0.39708298426330463,0.0,0.3852433652220801,0.2607808780802806,0.37275946187700243,0.35173515079900325,0.4323709182754096,0.0,0.4370717177546897,0.38255473031423476,0.40974107988606867,0.32536798406353307,0.34689132920971066,0.3761321243645554,0.3679776958877022,0.3801799531274792,0.3790902145683889,0.36872651833039927,0.4150070361523397,0.4525212643054814,0.3240981058923565,0.3846640665606749,0.3175396597536986,0.4638275513603605,0.47123634947015647,0.48556791719014963,0.509809931159479,0.35250736975238517,0.3920845101450626,0.0,0.432882486253059,0.42636203349106816,0.3476757807775167,0.0,0.2651342896356618,0.40608606385732526,0.39602530551005194,0.3692988531162271,0.38271944809878927,0.0,0.28852808926266527,0.0,0.40932438994009834,0.0,0.47308352440991036,0.3241013702734287,0.0,0.32313626673822726,0.3093823524249625,0.47376934107030394,0.4505796746534407,0.47632124950242194,0.4292348924457127,0.0,0.2964109540243113,0.46989741330232604,0.4577224739868698,0.445120845312992,0.45816136062243984,0.46831199674953383,0.46406630716332287
0.3545960408703643,0.3188867271824962,0.0,0.0,0.0,0.3475291106867485,0.0,0.4690689647714425,0.27884005302376175,0.2898860928294845,0.31606111834186096,0.2975310340055696,0.2957012746068622,0.0,0.4372210199042359,0.34359278679648614,0.33493260091515065,0.34779628481852604,0.0,0.3570966864122221,0.4391417925848907,0.32638057767104983,0.4370717177546897,0.0,0.3146225659105085,0.3315107233195209,0.4255399261634072,0.35242713615103355,0.36087516201721564,0.0,0.3093524584281193,0.34878975648818605,0.23708489892173176,0.2665072324023964,0.3183038186384819,0.0,0.0,0.2434892992190318,0.0,0.3207987405529675,0.31236509655525735,0.0,0.0,0.0,0.2873405111328686,0.3829084830767664,0.3952056291697544,0.0,0.0,0.0,0.0,0.0,0.0,0.0,0.37410200117777537,0.0,0.37229931786118675,0.0,0.0,0.0,0.37319051609052795,0.3737791069150238,0.38671236652528557,0.0,0.0,0.0,0.3512967351111452,0.0,0.42548578200194287,0.388655752837245,0.4099038832321131,0.0,0.0,0.3301886235355552,0.0,0.3762495156844656
0.35398491134434323,0.39778631350531535,0.24970341505906368,0.0,0.3139638093599277,0.35579679748093734,0.3340164570163152,0.40204983081971096,0.25713181830357207,0.31471617381139266,0.0,0.3093098087021242,0.3883239059825226,0.0,0.3811532195080362,0.37948574859407996,0.3050859599928562,0.3334294688212334,0.0,0.37813967611994553,0.34281639799733193,0.4095828096807771,0.38255473031423476,0.3146225659105085,0.0,0.3478564645688515,0.39261692823675326,0.38435542133355144,0.3623365276163124,0.0,0.3383740768389316,0.39200861727217284,0.30198058522508703,0.34538763622465835,0.3789450678646885,0.0,0.0,0.29425774376600217,0.4215335798101456,0.3719520390784706,0.3814018530521798,0.40639655921123835,0.0,0.0,0.0,0.40535485979849506,0.43074407643716117,0.0,0.0,0.0,0.2888832765042382,0.0,0.0,0.0,0.3842426124871177,0.0,0.39405177019719556,0.32426240847832943,0.0,0.43863502874750526,0.3945738716553598,0.3754616687109103,0.3811137241018339,0.0,0.3756116065124548,0.0,0.38557242114650425,0.3014031712733253,0.3971246632956834,0.3892181098963821,0.40770060361020605,0.30238698834419464,0.3490858804061775,0.37851796837892726,0.0,0.378439843275432
0.32356995419090695,0.3889311170921002,0.25958260472526823,0.0,0.3051278450455115,0.36338052550953565,0.3540439751199624,0.4018848059922513,0.26738649355863964,0.2771814946377863,0.24849732915803696,0.2449596389471091,0.397148284721727,0.0,0.38619413874751485,0.3852422936769962,0.32252418436101554,0.3513776726656074,0.0,0.4086341492334083,0.35499620201775445,0.38891535230042706,0.40974107988606867,0.3315107233195209,0.3478564645688515,0.0,0.4225752511002608,0.37771178686993556,0.3912310411854625,0.0,0.3573515772155635,0.42119304511458844,0.3505653895626798,0.37716164476765013,0.43057561927022886,0.0,0.0,0.27124716544855004,0.466759666114094,0.40477910096731656,0.42164531434638475,0.4617028792538388,0.0,0.0,0.0,0.43717096541409994,0.4664493116081431,0.0,0.0,0.0,0.3930847120845343,0.3337908223815726,0.0,0.0,0.3647003429883068,0.0,0.3898841767656257,0.36711706759660157,0.0,0.5005938430457892,0.42584185902696226,0.38800153632984113,0.38845965743916,0.0,0.44776126923252124,0.499160528444833,0.49131436803735073,0.4551990916306837,0.41483384737597184,0.4028076206225656,0.4702407698068138,0.44629565125873066,0.37519495082778603,0.3959546959162994,0.0,0.3879696753611252
0.44262305845707706,0.40677099072376394,0.3002968372508695,0.30306125027736047,0.33325677130568043,0.3688654741994975,0.3365233576299416,0.36225667587668225,0.31979979530357466,0.0,0.2678934518620158,0.0,0.3524771347993834,0.33222807159037876,0.35957837353735583,0.41014766695815386,0.0,0.3863285211970325,0.2965014159950061,0.378548588415594,0.4205197203030801,0.4292141841957744,0.32536798406353307,0.4255399261634072,0.39261692823675326,0.4225752511002608,0.0,0.3528274384967745,0.3720149006719488,0.3787377946791406,0.383624488336916,0.3914460568202225,0.3823978220769678,0.4189987239333367,0.4592313674883045,0.42910130217517467,0.4057668874791121,0.0,0.4695771687142952,0.4917003722335156,0.47900103019673823,0.48879307489514606,0.34596211919888464,0.3535497718757504,0.0,0.0,0.3734395179072085,0.37613561013548535,0.0,0.2896013900042089,0.4182538107347176,0.34643145817433646,0.3713069559411888,0.0,0.0,0.3328507209953166,0.0,0.3079468067851165,0.0,0.46395325930003767,0.31875264329644765,0.0,0.0,0.3101415466530151,0.4705740149990024,0.45357936492080286,0.4521332391613069,0.444738210542727,0.0,0.0,0.44689195494955564,0.4621399847764497,0.44142259803288986,0.449674436853352,0.4577212997221417,0.4637765607386564
0.3589881811710995,0.39977901855557574,0.2599949360925127,0.2764013828405156,0.31852189788214974,0.3435914994239012,0.33619570396382226,0.3493889141356073,0.3029684989212637,0.3271976704726761,0.31260545023387415,0.3207528543000348,0.31739814214378936,0.3064386853253981,0.4030500301622067,0.4050966085677359,0.0,0.3982974523530217,0.31887268208866515,0.35946435225035156,0.36810871994535854,0.4264615657390672,0.34689132920971066,0.35242713615103355,0.38435542133355144,0.37771178686993556,0.3528274384967745,0.0,0.32640043744880326,0.2880193058192728,0.33143006743616493,0.3037074760106256,0.34313771190532544,0.3428294196993562,0.27188693988116724,0.26617143015013167,0.25558335273593036,0.29578779338209277,0.431679908599084,0.0,0.43098631416590766,0.4225055245511869,0.3592310810536367,0.3293464118837676,0.0,0.0,0.2998307978058053,0.23836903334410753,0.0,0.25168152486877093,0.3089502462338534,0.2526441240008789,0.2868589980999839,0.22501081550638746,0.33550637887834095,0.2583045533817573,0.0,0.2579833957363571,0.0,0.4084089487614212,0.30209317401539043,0.0,0.28771964986217186,0.241212395183897,0.43851049900317635,0.4250475575108419,0.3745274238793891,0.410654840029128,0.0,0.30855199962487945,0.3757384722195006,0.4228977537114513,0.36788594082854514,0.4075857335182712,0.3607641087063174,0.37628117219413687
0.40885862139719764,0.3840266788109244,0.3147923947486787,0.0,0.34453758229488607,0.3319128324304526,0.3710032667951382,0.35767363748020387,0.32394776218065957,0.0,0.0,0.0,0.3827128341850467,0.0,0.3903556161475227,0.41670288786252346,0.0,0.4112283325966424,0.0,0.36176082960358263,0.39034635895929476,0.40840434073658927,0.3761321243645554,0.36087516201721564,0.3623365276163124,0.3912310411854625,0.3720149006719488,0.32640043744880326,0.0,0.32469763049349876,0.3667972146377742,0.4133206013123918,0.3673702311464972,0.4334229741451061,0.4791576882283731,0.4885928571020003,0.4166718514108497,0.0,0.45670535027531717,0.4073966246705231,0.4466346678176412,0.4612910505513894,0.42011826212293957,0.33283950587844646,0.0,0.0,0.40433691844605757,0.32842826548797754,0.0,0.3018051317430012,0.36301377172324406,0.3011261271963158,0.35873907129583765,0.30297684930093877,0.0,0.0,0.0,0.3349931645097959,0.0,0.44978658484077216,0.32918779149065813,0.0,0.3258805054991112,0.0,0.45233020693869846,0.436440745262685,0.4428796486579954,0.4526003146834189,0.0,0.3152450674229857,0.4161416853379635,0.45020190775817576,0.4241144777508699,0.43723798498505306,0.41579527423102164,0.4490383506563347
0.0,0.0,0.2901411313117076,0.24640621909547042,0.0,0.3376902009034118,0.0,0.36607999779276773,0.25645209744654646,0.0,0.0,0.0,0.3422495417407928,0.0,0.37667951926130905,0.3886445956125465,0.0,0.0,0.2637332513013541,0.3364657974686443,0.3703301549173956,0.36901570958719787,0.3679776958877022,0.0,0.0,0.0,0.3787377946791406,0.2880193058192728,0.32469763049349876,0.0,0.28341909190773973,0.3455616611698556,0.0,0.36716187475712886,0.3873587154839269,0.0,0.0,0.0,0.4452016004598424,0.0,0.41568464318991244,0.0,0.0,0.0,0.0,0.0,0.0,0.0,0.0,0.0,0.3174944800991365,0.0,0.3287318449064356,0.0,0.0,0.0,0.0,0.0,0.0,0.40877947966084954,0.0,0.0,0.0,0.0,0.4428921218808214,0.0,0.0,0.43502900428739366,0.0,0.0,0.0,0.4372836694746788,0.36939371220112205,0.4013924792173132,0.40147846303434576,0.401382253708961
0.3412038981251376,0.3522818347100979,0.2732423797703629,0.2861237708514955,0.34089431308393897,0.34422518525908874,0.36651735075983355,0.37634411021296055,0.3229604927475492,0.2879198445690294,0.34987074022541403,0.28978141529549284,0.3532330073608898,0.0,0.4124708352621303,0.3695409158105506,0.3380501923428387,0.3671451496290946,0.2851350374028584,0.3742227933426458,0.38091360543480335,0.3894430225552805,0.3801799531274792,0.3093524584281193,0.3383740768389316,0.3573515772155635,0.383624488336916,0.33143006743616493,0.3667972146377742,0.28341909190773973,0.0,0.37939225367018076,0.32898540740970544,0.32597497083494675,0.36172676239899826,0.3755001337155614,0.3577725992286816,0.29297747770845883,0.4422402570018695,0.3501504970958293,0.35633300428303233,0.41806515871125355,0.4398934169089148,0.0,0.0,0.3809143490986255,0.42440077236450136,0.27694632273548336,0.0,0.0,0.33706254080347053,0.26460823588140214,0.4013111571436443,0.2485817757359474,0.29056421194048077,0.0,0.33596435405180713,0.26021349665156074,0.0,0.4682687972064451,0.3981077129170805,0.34928057474397034,0.3724002282518742,0.2573543221548068,0.4594711220785307,0.4302293513892769,0.45965621014006486,0.4468752965531125,0.3859238517814238,0.38634210964964033,0.42638309792108153,0.4487549060945858,0.3288945970128872,0.41423773617680887,0.3994362862515432,0.2977305074541307
0.4140082369173544,0.40909230525006923,0.21514560064941876,0.2489020672579332,0.31220208546977496,0.34324341354585475,0.33857452005643784,0.3515415863504388,0.28053082608736646,0.31215948240185326,0.3025775831095649,0.2786775201977728,0.3114545148568349,0.22881124636075229,0.4539758385620245,0.44003584723819233,0.3901790128587422,0.43746864579860706,0.2736786985237437,0.4497402585335978,0.409000215506439,0.45756836237234333,0.3790902145683889,0.34878975648818605,0.39200861727217284,0.42119304511458844,0.3914460568202225,0.3037074760106256,0.4133206013123918,0.3455616611698556,0.37939225367018076,0.0,0.380747884758067,0.3753338010377049,0.3608270342091925,0.2168925243802027,0.2964831648031493,0.2876425777815754,0.2925265676944729,0.2723571525434523,0.2877779049645959,0.3199259236719336,0.37700659414482174,0.0,0.2529999283770266,0.4511955913557185,0.46240681695417796,0.2843823079638118,0.0,0.2992966340635077,0.41544148635349654,0.31113498203761125,0.3909368130944469,0.28314627116214486,0.40406665060324876,0.0,0.0,0.36417550299633067,0.0,0.48456642739933065,0.42785180799203737,0.3750899531235106,0.41058637193314257,0.0,0.4672125157696881,0.4662147909909691,0.48148300534740307,0.4429266242571028,0.0,0.42809305444269247,0.47719164673641223,0.4517249700536692,0.4323076029296581,0.4449207417390552,0.4466457007696814,0.44654972869142695
0.34103171939160126,0.3631624403694566,0.0,0.0,0.0,0.3535776861443361,0.0,0.0,0.0,0.2746379415026843,0.3076406422808404,0.2627126013497583,0.35970018869786924,0.0,0.41587730675520473,0.4016323947070792,0.3254462840361556,0.3636991907961184,0.0,0.40961327934440744,0.3524288598945454,0.406702807575405,0.36872651833039927,0.23708489892173176,0.30198058522508703,0.3505653895626798,0.3823978220769678,0.34313771190532544,0.3673702311464972,0.0,0.32898540740970544,0.380747884758067,0.0,0.24588701201142418,0.47207025865099206,0.24558837803049394,0.37309945882300616,0.2254700143941473,0.32343126471693956,0.2853755413684873,0.29753117350823105,0.4180534109746418,0.0,0.0,0.0,0.4126140098831091,0.43533049966830567,0.0,0.0,0.0,0.39885553406195645,0.0,0.0,0.0,0.3196876107003746,0.0,0.3347911329282023,0.3748202351960587,0.0,0.4927345409062483,0.39509015421278926,0.35901218787215056,0.34825631709740384,0.0,0.4314358530631538,0.4906340956731189,0.47343145401030445,0.0,0.3503285051559306,0.3800052727728266,0.4188845343210419,0.4814279803620874,0.0,0.38815540887501476,0.0,0.3203925117488667
0.3439818834486167,0.36627549314438257,0.2486398205859487,0.21882879705301123,0.3453930167282231,0.3625130466092215,0.3574378416000255,0.41157170054919107,0.31321718440922386,0.2754721354119392,0.32811560360598074,0.25725929527427654,0.36251638102647227,0.0,0.4491628731840347,0.3916413535270817,0.31250239640845967,0.37190680283974203,0.2159450838160861,0.4421680727625608,0.4112365587034906,0.43730279794693144,0.4150070361523397,0.2665072324023964,0.34538763622465835,0.37716164476765013,0.4189987239333367,0.3428294196993562,0.4334229741451061,0.36716187475712886,0.32597497083494675,0.3753338010377049,0.24588701201142418,0.0,0.31913700065418527,0.3651576570760927,0.27528042013394355,0.22365785745158548,0.3779542973667337,0.33949757622619026,0.37734661906435657,0.445145618126163,0.439768155934627,0.0,0.31011293137559476,0.4037659954587676,0.44516301714895706,0.27738595937610294,0.0,0.29937517314137535,0.37714392859937773,0.2996090093851332,0.41258258574012274,0.26585420927990105,0.3314385961334776,0.0,0.33889162330797745,0.33935053526458586,0.0,0.4879633268800145,0.40410165375342405,0.3459393274532064,0.36835285765967246,0.2645740677452506,0.48039519036651035,0.4865944793574016,0.4801446174664422,0.46564737690204866,0.3453706791611408,0.3893520716221801,0.4519891460877045,0.46977514859200614,0.4431593630345587,0.4619070895030737,0.4413284802348691,0.35524321840956097
0.4099849719229306,0.4323571982042259,0.3314497534732098,0.23257301060792318,0.3416422650088594,0.40739967236463476,0.3873971678263656,0.44218755427777046,0.27620650369951094,0.26954854149306506,0.3354771290683419,0.30453935101647056,0.3830911567538586,0.0,0.48886583259712396,0.4524996822394208,0.3506923207135391,0.41272326824765604,0.0,0.4887993182752341,0.45349509066183163,0.4880453813487465,0.4525212643054814,0.3183038186384819,0.3789450678646885,0.43057561927022886,0.4592313674883045,0.27188693988116724,0.4791576882283731,0.3873587154839269,0.36172676239899826,0.3608270342091925,0.47207025865099206,0.31913700065418527,0.0,0.4113762253277983,0.3263027278762019,0.27227449360995415,0.329276237336812,0.33626240804042734,0.35023781880605726,0.37948760890884015,0.0,0.0,0.3234531424484411,0.5003618561225742,0.4737622920204388,0.0,0.0,0.0,0.40143297758870994,0.0,0.0,0.0,0.37534988527112007,0.0,0.41162899250572954,0.3531768741458787,0.0,0.513017267138025,0.4254210180116217,0.33593253868447004,0.3837459581711491,0.0,0.4911304823195719,0.508070789104488,0.5021373105515916,0.48577925804731975,0.0,0.40048049119497375,0.48799989296305807,0.4938507031912107,0.4258964873852899,0.4581514899802753,0.0,0.33859567704700055
0.0,0.0,0.25443690197161334,0.20406863967639968,0.20809728207541323,0.30422058169401406,0.273623114316399,0.18993773961336105,0.2571872465691616,0.1961591244474292,0.1863381933292829,0.3108972364936625,0.2893836453545515,0.2088067723988326,0.5197443474972228,0.0,0.0,0.0,0.2929989055837927,0.0,0.4693115543564172,0.0,0.3240981058923565,0.0,0.0,0.0,0.42910130217517467,0.26617143015013167,0.4885928571020003,0.0,0.3755001337155614,0.2168925243802027,0.24558837803049394,0.3651576570760927,0.4113762253277983,0.0,0.183338944544028,0.3012868168322258,0.2879263984797703,0.33604899739682426,0.0,0.0,0.0,0.0,0.0,0.0,0.0,0.2905762343719357,0.0,0.0,0.0,0.0,0.0,0.0,0.0,0.0,0.0,0.0,0.0,0.0,0.0,0.0,0.0,0.0,0.0,0.0,0.0,0.3898002621717973,0.0,0.0,0.0,0.4395987256015509,0.38845006165821416,0.41926680827575297,0.0,0.0
0.0,0.0,0.2511945995828317,0.1854764447625244,0.22747488016797154,0.3207203155260041,0.28968695934396627,0.3696652816701038,0.24405685985378803,0.2375413053732266,0.26045920162107633,0.3115445417601582,0.29998283650901675,0.18074547000167704,0.4492956695368678,0.0,0.0,0.0,0.28372632382717433,0.4521050282384263,0.3930912120859284,0.46526373510062385,0.3846640665606749,0.0,0.0,0.0,0.4057668874791121,0.25558335273593036,0.4166718514108497,0.0,0.3577725992286816,0.2964831648031493,0.37309945882300616,0.27528042013394355,0.3263027278762019,0.183338944544028,0.0,0.30368125801236034,0.29358785032993745,0.3573130672035443,0.0,0.3464063180550257,0.0,0.0,0.0,0.0,0.0,0.0,0.0,0.0,0.0,0.0,0.0,0.0,0.0,0.0,0.0,0.0,0.0,0.0,0.0,0.0,0.0,0.0,0.0,0.0,0.0,0.36695468813476323,0.0,0.0,0.0,0.35136003097402085,0.0,0.32737167258635347,0.0,0.0
0.4050622014647929,0.0,0.0,0.2484774138594545,0.27239863335098125,0.0,0.0,0.0,0.17155267671893093,0.24868029654070745,0.25511078528073067,0.23262820161736877,0.30734596087394084,0.0,0.0,0.0,0.29356554812731234,0.29358623074098855,0.0,0.0,0.0,0.0,0.3175396597536986,0.2434892992190318,0.29425774376600217,0.27124716544855004,0.0,0.29578779338209277,0.0,0.0,0.29297747770845883,0.2876425777815754,0.2254700143941473,0.22365785745158548,0.27227449360995415,0.3012868168322258,0.30368125801236034,0.0,0.26071548369391384,0.2491700340039336,0.25811054865788635,0.0,0.0,0.0,0.0,0.0,0.0,0.0,0.0,0.0,0.0,0.0,0.0,0.0,0.3307397554093612,0.0,0.3615231652893291,0.0,0.0,0.0,0.0,0.3275276518049214,0.0,0.0,0.0,0.0,0.0,0.0,0.2654479103618936,0.0,0.0,0.0,0.0,0.0,0.0,0.0
