0.0,0.2628719224195288,0.2600634278192299,0.0,0.0,0.263169449527471,0.0,0.3353717088602346,0.0,0.0,0.0,0.27685762241196527,0.22229249318956668,0.322618566586167,0.22960405304175485,0.270054335127564,0.27407588003841543,0.2450822731093062,0.0,0.28389007282055956,0.27253872316793415,0.26513845734272823,0.30387276067110375,0.2503311883112627,0.2453973151523558,0.22414521400644147,0.2696937270946242,0.0,0.0,0.0,0.24862314169427993,0.27015434783013764,0.23652131756366412,0.23520746983609983,0.26645741455860417,0.28932387588651604,0.0,0.264573832041275,0.3033251156287616,0.29438635855005363,0.0,0.0,0.0,0.0,0.0,0.28097969893164826,0.317811148552809,0.0,0.0,0.0,0.2579354892883715,0.0,0.0,0.0,0.2846612628629793,0.0,0.0,0.0,0.0,0.32307032282260284,0.29736847996073784,0.0,0.2948103200987834,0.0,0.0,0.2481598857381732,0.31740872517172924,0.0,0.0,0.29753515180336315,0.3178378132114841,0.0,0.0,0.0,0.0,0.25097290332242017
0.2628719224195288,0.0,0.0,0.0,0.243078601828639,0.2581286378796101,0.24916530956539043,0.3255373972101023,0.23382753401699696,0.0,0.0,0.0,0.2716181334738742,0.0,0.2690400990498378,0.26455147712795396,0.2107745828192525,0.24936331323251149,0.0,0.2725869018067101,0.27523382229491383,0.24572613789482087,0.29314465701029674,0.22415530015678853,0.24295063028963038,0.25450926455344064,0.27845635147912867,0.2755730945202786,0.2649412120727463,0.2448155472459967,0.23929042066400208,0.26860332607305354,0.23994228647655963,0.2412090213595005,0.27701003543327984,0.0,0.0,0.0,0.3137254664011909,0.3034906972661406,0.30429142777507423,0.32401325895600486,0.0,0.0,0.0,0.30681509123463896,0.32028087916274095,0.0,0.0,0.0,0.2784043841376389,0.22064729685929488,0.0,0.0,0.0,0.0,0.0,0.2036980614289963,0.0,0.34857646493764866,0.30621767765248636,0.0,0.300011623530007,0.0,0.317022268093109,0.31359942248465145,0.31770638486099895,0.28073594740804886,0.0,0.303071501274547,0.33610621179482775,0.29491561850965214,0.2001473390855606,0.3025696964416266,0.0,0.30217539339517774
0.2600634278192299,0.0,0.0,0.25635531038065007,0.2700338054337971,0.24057919916999077,0.29744700555008163,0.3142892348657422,0.20831716845963286,0.2892690329165421,0.23359616159490348,0.264081569855831,0.3100609123223408,0.28820637776471447,0.0,0.0,0.26920633418796047,0.2751803766868785,0.2114157910235248,0.0,0.22995662972633693,0.0,0.19875157978410019,0.0,0.24418705510981195,0.24303978941517787,0.24448767961642992,0.3145970167424303,0.25408976244590653,0.29048640117168345,0.3336093173116983,0.29831797733951454,0.2563976587235533,0.35191470599426355,0.337413953294621,0.2962771408965317,0.30096147315824745,0.2441154305635988,0.32108012615850934,0.0,0.29920038531488335,0.0,0.33710095128848405,0.0,0.0,0.0,0.0,0.3869402981313467,0.0,0.33950657578469856,0.36038405554909775,0.3331924154503107,0.3830504692592428,0.3787237919136231,0.0,0.2872092528781981,0.0,0.3275044187213736,0.3448797727568445,0.0,0.0,0.0,0.0,0.3628669653285454,0.0,0.0,0.0,0.3713409505638308,0.0,0.0,0.0,0.3773367826523577,0.2911362452891741,0.0,0.0,0.3019226304608337
0.0,0.0,0.25635531038065007,0.0,0.20485448237299822,0.27351168891238303,0.20680750674102127,0.2507562616030019,0.2760052249641174,0.16159375625450637,0.2425165999254527,0.0,0.22472915745193672,0.20648910106197643,0.0,0.0,0.0,0.0,0.2546339483862725,0.0,0.0,0.0,0.2576126018947707,0.0,0.0,0.0,0.27748254728344574,0.1463582963408741,0.0,0.0,0.2842427288767938,0.20601135697428613,0.23165912810439598,0.19922948906209512,0.23096606318545534,0.1542516042439416,0.11798474503910981,0.0,0.0,0.0,0.0,0.0,0.0,0.0,0.0,0.0,0.0,0.0,0.0,0.0,0.0,0.0,0.0,0.0,0.0,0.27003792986534564,0.0,0.0,0.0,0.0,0.0,0.0,0.0,0.0,0.0,0.0,0.0,0.23228608811662688,0.0,0.0,0.0,0.23324729423673857,0.0,0.0,0.0,0.0
0.0,0.243078601828639,0.2700338054337971,0.20485448237299822,0.0,0.27411714160573014,0.2063364873468785,0.24718959736183876,0.2329252261022123,0.31334524591989366,0.20936363009179731,0.2689550888972742,0.23561312632888207,0.20512924170870211,0.0,0.0,0.0,0.0,0.24349178150721504,0.26753719390402986,0.0,0.27375972240813257,0.2655808099519458,0.0,0.0,0.0,0.2846202812740699,0.24500448832114868,0.0,0.0,0.32250717177737515,0.2138607269601918,0.0,0.30803198825626454,0.28291698680689137,0.17016289968862264,0.16177055166814155,0.2751743901320496,0.0,0.0,0.0,0.0,0.0,0.0,0.0,0.0,0.0,0.3269575326795063,0.0,0.0,0.0,0.0,0.0,0.3026879757257475,0.0,0.2526164823480854,0.0,0.24452007697002592,0.0,0.0,0.0,0.0,0.0,0.0,0.0,0.0,0.0,0.33743110501280776,0.0,0.0,0.0,0.32174394815868707,0.0,0.23830187540146994,0.0,0.2617166067901189
0.263169449527471,0.2581286378796101,0.24057919916999077,0.27351168891238303,0.27411714160573014,0.0,0.26285337090598276,0.2684367830053562,0.23331484327674654,0.3112094298880959,0.2553635613447131,0.26718029164607837,0.25499207055909123,0.27855312808288774,0.29819534183128255,0.2713989353952876,0.2387158130986552,0.28884723168389215,0.2474556187683165,0.2604432437171603,0.30491551628421165,0.26302677371770894,0.25801299651722237,0.247432201005322,0.2554132262128156,0.26506200616363995,0.24305336405413167,0.26058880324419975,0.2295027746883027,0.2728877743177047,0.29549195979404425,0.2803453491519349,0.26918347590224295,0.3052837775199259,0.30945499174392094,0.2911131617514541,0.2918903561302457,0.262340819267972,0.32753228966742653,0.0,0.32800897133150575,0.27559683372081245,0.3218641299920934,0.22522842190829853,0.0,0.0,0.22856471872504028,0.3549339676888179,0.0,0.29858008097584554,0.33032286086457824,0.32153991528707687,0.31436289013962093,0.35206840126543776,0.21576584307282803,0.3299445176569811,0.2601119901805514,0.31410385767671983,0.2825735350484131,0.30977185953714487,0.0,0.0,0.0,0.35457954781375667,0.3114625971851441,0.30854322768366305,0.29696461103551886,0.33608053201506355,0.0,0.0,0.2625445031021157,0.3351617308870758,0.3133525476674597,0.3299132915701582,0.30688741823153376,0.3324668289377889
0.0,0.24916530956539043,0.29744700555008163,0.20680750674102127,0.2063364873468785,0.26285337090598276,0.0,0.285628000231744,0.2621853292842104,0.2757613272647331,0.2942823020905781,0.24560444216229751,0.19702985628195824,0.22566001754341944,0.0,0.2735000828712905,0.0,0.2624884074483892,0.3071299222291993,0.2680099995830586,0.0,0.27460816185187653,0.28669268867372766,0.3017831980798775,0.25226995987336953,0.24484706768665082,0.2868175910931405,0.2586037530063453,0.2667760723966999,0.2767248594873222,0.2831400124777165,0.26130937049396447,0.24134596745524517,0.27283631995318086,0.27549876529122724,0.21700380309328315,0.22725345834293534,0.2573570835887805,0.24002116598847287,0.0,0.26756794936808564,0.0,0.0,0.0,0.0,0.0,0.0,0.30841055272302625,0.0,0.0,0.30123618417117065,0.26249566927465057,0.2962147261286975,0.2844917400523198,0.0,0.24676333707540593,0.0,0.2448504710745195,0.0,0.2409212142208911,0.0,0.0,0.0,0.0,0.0,0.0,0.2325293212040775,0.3380408109116929,0.0,0.0,0.2254806284956989,0.31451625907617536,0.23902938015991265,0.2678580624581677,0.0,0.2588410248090012
0.3353717088602346,0.3255373972101023,0.3142892348657422,0.2507562616030019,0.24718959736183876,0.2684367830053562,0.285628000231744,0.0,0.3206119820325067,0.30309371229630405,0.2189073826219531,0.30758477701509285,0.2917198995043134,0.2542081105502273,0.0,0.0,0.0,0.3231602500122828,0.30028837504397565,0.25758844177739565,0.2627230747668304,0.0,0.23855023693362518,0.3510017748461392,0.3252553275953989,0.3178408741138349,0.29669491960170186,0.28010100412321465,0.2565029586102538,0.26947829751749164,0.30725943606695877,0.2547872141813637,0.29356788245117027,0.3097609375654813,0.3127458578608499,0.2096602227131491,0.24816161938117118,0.0,0.31050008335439006,0.0,0.3389040028391026,0.0,0.28024015570220107,0.0,0.0,0.0,0.33937209269770346,0.350810922526217,0.0,0.31593755416046504,0.3077229811957881,0.3123772168395279,0.2663432822999851,0.3444587185086136,0.0,0.26701309044318994,0.0,0.30151001721368853,0.0,0.38214087434110544,0.2595777719022835,0.0,0.0,0.34103546382331523,0.0,0.0,0.0,0.3112526963866519,0.0,0.0,0.29151955693399606,0.3262913144331453,0.28264877183794285,0.2997802051636024,0.0,0.30877148258660686
0.0,0.23382753401699696,0.20831716845963286,0.2760052249641174,0.2329252261022123,0.23331484327674654,0.2621853292842104,0.3206119820325067,0.0,0.3389693046187228,0.21608349353669842,0.29728525931606137,0.2508586897948218,0.2643320488035107,0.0,0.2897334918010127,0.25399132003902847,0.2483105542990015,0.1836363209137138,0.26542374553490283,0.0,0.25190938686313075,0.27271145535091584,0.27988860223985357,0.25388177162900694,0.25992772567776146,0.2527590201105672,0.3085328991727189,0.2475028839394346,0.2941226951546749,0.33097433926449754,0.2983334727328203,0.2946027630132044,0.3344853870008038,0.35211939506531975,0.28753574773330637,0.32424205063855577,0.32171743609365744,0.28142377213384434,0.0,0.23400994920743678,0.21110899208158956,0.3318920236916665,0.2453284387896818,0.0,0.0,0.0,0.3764003138078909,0.0,0.0,0.34693769626729154,0.31274781102465365,0.3725309014715863,0.34480643744320927,0.0,0.25256920826650303,0.2866966673786591,0.28605791294941907,0.0,0.0,0.0,0.0,0.0,0.3640929670044494,0.0,0.0,0.0,0.36462976676262326,0.0,0.0,0.0,0.3595102321030312,0.2688451637181863,0.0,0.0,0.26177906026868875
0.0,0.0,0.2892690329165421,0.16159375625450637,0.31334524591989366,0.3112094298880959,0.2757613272647331,0.30309371229630405,0.3389693046187228,0.0,0.33264589298465425,0.1928841011074471,0.27511571865469925,0.0,0.0,0.24673159253502958,0.22263917016166085,0.2507242268634377,0.30867983130796983,0.23745343110605482,0.3192364817064005,0.23848439834738175,0.2954256753344192,0.2213922266452698,0.23145199690436918,0.23257818817381565,0.29893678487037706,0.2681286388259415,0.26038102336844443,0.254937641640083,0.22034158978308088,0.22783210983575589,0.2170657563405458,0.20372619734273162,0.2187631703195737,0.18050394445653167,0.18948028931611982,0.18392036587702426,0.19483191842961953,0.2526159731100068,0.2282086495412659,0.23962674763972636,0.0,0.0,0.2432240013277337,0.2671181453004034,0.0,0.2826802500028776,0.0,0.0,0.0,0.0,0.0,0.0,0.3176006060137211,0.2615000757349517,0.33280720192025876,0.22917931390056143,0.0,0.31648112636806774,0.24943671018197575,0.32105655409411515,0.311506143837566,0.0,0.0,0.0,0.0,0.2523060984025311,0.3137455161338211,0.33473949988685453,0.3412309337320458,0.24847146268186573,0.2552672342011117,0.0,0.0,0.28086264283462276
0.0,0.0,0.23359616159490348,0.2425165999254527,0.20936363009179731,0.2553635613447131,0.2942823020905781,0.2189073826219531,0.21608349353669842,0.33264589298465425,0.0,0.2929105602122258,0.31601029378107176,0.20364732576400255,0.0,0.0,0.27073891484647633,0.2591403618720679,0.17871290989956393,0.0,0.0,0.0,0.2019376771590131,0.3057342577906373,0.272110045765575,0.24171646191931942,0.2565966934179706,0.3159445334108714,0.27584232430480965,0.0,0.33701912851781074,0.24144705840069303,0.288888516656428,0.3335057543515967,0.320019451424616,0.2128200452116014,0.27157113408722716,0.29891438776330825,0.2868289202128869,0.0,0.24309585783974205,0.0,0.0,0.0,0.0,0.0,0.0,0.357972467326719,0.0,0.0,0.3272746849127166,0.30283766483815294,0.3308343749125398,0.34763466345234867,0.0,0.17316139528297442,0.26444382941537203,0.28370078064756477,0.0,0.0,0.0,0.0,0.0,0.3383404778454766,0.0,0.0,0.0,0.3437774125933687,0.0,0.0,0.0,0.33135503410918915,0.2673113677340528,0.0,0.0,0.2711417890051233
0.27685762241196527,0.0,0.264081569855831,0.0,0.2689550888972742,0.26718029164607837,0.24560444216229751,0.30758477701509285,0.29728525931606137,0.1928841011074471,0.2929105602122258,0.0,0.24815124473257985,0.0,0.0,0.21277717994526413,0.25149945977022464,0.24340101951024962,0.2599211382202491,0.0,0.31231695189871644,0.0,0.2963480042987058,0.2059527371703642,0.24420494373310653,0.19931355588985408,0.2504267768501953,0.2548394943630525,0.0,0.0,0.22398443925530753,0.21128644893049658,0.2135427461560029,0.19104613494957065,0.22854535805368947,0.22992302038991458,0.21447591277832034,0.16692388719583723,0.19756800590933812,0.24418221917272037,0.2342860605087097,0.0,0.0,0.0,0.224368589053708,0.24593658386329464,0.0,0.0,0.0,0.0,0.0,0.0,0.0,0.0,0.30569544755040634,0.31686459299880243,0.3224612068491553,0.25646951562226117,0.0,0.0,0.2493124291330324,0.31743282971390735,0.30715102534981836,0.0,0.0,0.0,0.0,0.30276390707990253,0.3104312882718138,0.3288080486421311,0.33327405246592934,0.0,0.2663671343630556,0.0,0.0,0.2794920076424736
0.22229249318956668,0.2716181334738742,0.3100609123223408,0.22472915745193672,0.23561312632888207,0.25499207055909123,0.19702985628195824,0.2917198995043134,0.2508586897948218,0.27511571865469925,0.31601029378107176,0.24815124473257985,0.0,0.24345993689516757,0.2830491189422239,0.3002219340623062,0.2746897902726518,0.27100099828527385,0.31273676163540154,0.2673272509647633,0.0,0.27842608337282865,0.29066767441143043,0.26623220006739823,0.2762376093268499,0.2817609036061773,0.28784195612405944,0.21268317795137487,0.2545808844006744,0.20816093775776062,0.2809193836010026,0.2665868187448317,0.27034013734386675,0.2687794029262578,0.28419269519606655,0.2391535923347542,0.23944467004893016,0.2473657805291242,0.26019650404684547,0.2195547646214372,0.21553038364975413,0.20625963134944958,0.29133361810163516,0.22134074775008836,0.0,0.0,0.2078766141578355,0.32080516864143505,0.0,0.0,0.29374448479260246,0.26166147449082633,0.3024715502731052,0.2747975835769524,0.0,0.2791583737207738,0.22705629161453078,0.2502112298269667,0.0,0.25015946217193363,0.0,0.0,0.21636638899722704,0.2926602316771792,0.27352125337592276,0.0,0.22371721205502987,0.33752803049353375,0.0,0.23152818691192062,0.24942919564540011,0.3286791349573851,0.2555533174791611,0.30130631616391934,0.0,0.26106987647479124
0.322618566586167,0.0,0.28820637776471447,0.20648910106197643,0.20512924170870211,0.27855312808288774,0.22566001754341944,0.2542081105502273,0.2643320488035107,0.0,0.20364732576400255,0.0,0.24345993689516757,0.0,0.0,0.0,0.0,0.0,0.25848474069380933,0.0,0.3041635740158166,0.0,0.24816462138804404,0.2911805717866761,0.0,0.2854763745961971,0.2956832850483907,0.1938285491448859,0.0,0.0,0.0,0.1997273521978791,0.0,0.0,0.0,0.19782157516691232,0.15613573768517836,0.0,0.0,0.0,0.0,0.0,0.0,0.0,0.0,0.0,0.0,0.31946379253649027,0.0,0.0,0.0,0.25758160172470335,0.0,0.31127544719573685,0.0,0.248587600783044,0.0,0.0,0.0,0.0,0.0,0.0,0.0,0.3150905122977713,0.0,0.0,0.0,0.2954333237022546,0.0,0.0,0.0,0.2563572684458818,0.0,0.0,0.0,0.0
0.22960405304175485,0.2690400990498378,0.0,0.0,0.0,0.29819534183128255,0.0,0.0,0.0,0.0,0.0,0.0,0.2830491189422239,0.0,0.0,0.2794430704185124,0.0,0.26911833010076225,0.0,0.2293833142432379,0.26160546797711837,0.231347562565406,0.24247907837646218,0.22938013340171554,0.26028786676411725,0.24146562526729767,0.2649431881979409,0.2801216831192058,0.2686573473556632,0.28942857096430236,0.27119685535802873,0.2875984396264694,0.26015044995703535,0.2854208382180282,0.3201097450368517,0.3433787887057667,0.0,0.0,0.315686616277297,0.3248698446849628,0.342812925662066,0.34048188587049033,0.0,0.0,0.0,0.0,0.31516191991016584,0.2983500276974183,0.0,0.0,0.3216460195867594,0.0,0.34129933231043547,0.32565766240899136,0.0,0.0,0.0,0.27520128739946725,0.0,0.34516600454600566,0.2530542393673881,0.0,0.0,0.0,0.33596420705538693,0.3140633237124207,0.3482255473575309,0.33247392849288177,0.0,0.23881838986188617,0.3459400212760245,0.33847203059477987,0.30068820316212835,0.3251407332676061,0.0,0.33216701241426255
0.270054335127564,0.26455147712795396,0.0,0.0,0.0,0.2713989353952876,0.2735000828712905,0.0,0.2897334918010127,0.24673159253502958,0.0,0.21277717994526413,0.3002219340623062,0.0,0.2794430704185124,0.0,0.25052570373516103,0.20746721337584517,0.0,0.28899828829137536,0.28248633524874955,0.23937276467237334,0.28593087151974167,0.2535359801113763,0.2534969034846292,0.270741831534887,0.28960096205941505,0.28497113955223546,0.28265917463892853,0.2762912101278518,0.24158494170398284,0.28237604835132496,0.25041512805447697,0.24828520055876566,0.28749113879386895,0.0,0.0,0.0,0.2932343522296546,0.263979887652267,0.28889777915232506,0.3042521078677785,0.0,0.0,0.0,0.3078917909719578,0.30524668769481256,0.0,0.0,0.0,0.21450372805765874,0.0,0.0,0.0,0.2534143868871692,0.0,0.26121613937080657,0.21877884328717817,0.0,0.3165147288784155,0.2788958687296785,0.2286893128270378,0.2844513948058727,0.0,0.28031449484133597,0.0,0.30155400881284233,0.2367454644329672,0.3164321569137923,0.28825997347603416,0.32201123734500564,0.24754678636932523,0.0,0.24909349782262039,0.0,0.285334993396826
0.27407588003841543,0.2107745828192525,0.26920633418796047,0.0,0.0,0.2387158130986552,0.0,0.0,0.25399132003902847,0.22263917016166085,0.27073891484647633,0.25149945977022464,0.2746897902726518,0.0,0.0,0.25052570373516103,0.0,0.23112964514523204,0.26309655608830446,0.2535106362957872,0.0,0.2581718692299646,0.0,0.27765496230212805,0.21780985235428965,0.252059453560587,0.24690910086816442,0.2777602054059618,0.0,0.0,0.24152888188340105,0.282653206647542,0.23441495341626778,0.24723273955218192,0.27574190790539455,0.0,0.0,0.2048214771660523,0.0,0.2788190847555998,0.28242542926109104,0.0,0.0,0.0,0.0,0.0,0.2770014822957195,0.0,0.0,0.0,0.0,0.0,0.0,0.0,0.33059059323369033,0.0,0.3397228744734941,0.0,0.0,0.0,0.2564043569450323,0.32208695201947574,0.30585734416605004,0.0,0.0,0.0,0.0,0.0,0.33134306882620873,0.3137502046345749,0.3266117351431783,0.0,0.0,0.0,0.0,0.2803374770213101
0.2450822731093062,0.24936331323251149,0.2751803766868785,0.0,0.0,0.28884723168389215,0.2624884074483892,0.3231602500122828,0.2483105542990015,0.2507242268634377,0.2591403618720679,0.24340101951024962,0.27100099828527385,0.0,0.26911833010076225,0.20746721337584517,0.23112964514523204,0.0,0.26508402995093344,0.27213152829851567,0.29588327982718376,0.24816775708545333,0.2950994748160509,0.252047608148357,0.233429988247077,0.2468495921927649,0.2920177179147834,0.27596190893099765,0.27295361420786,0.0,0.2505539528107994,0.267227757328115,0.2390698967414432,0.2528658619190147,0.2799204241893743,0.24438201094605025,0.0,0.0,0.2863178752338108,0.2690974537209664,0.28906394798675217,0.3044776237055821,0.0,0.0,0.0,0.3018198051986037,0.29344877200247504,0.0,0.0,0.0,0.2090237894479366,0.0,0.0,0.0,0.32251008840522166,0.0,0.32209547046043985,0.0,0.0,0.26562898885884306,0.27929516368507123,0.3119644212764972,0.30020114263776465,0.0,0.22040461201133377,0.0,0.2867216392599682,0.19785231592977012,0.3225873936252712,0.3021092949664025,0.3122820330675211,0.2151870561723083,0.0,0.2129808228361233,0.0,0.28546568801877875
0.0,0.0,0.2114157910235248,0.2546339483862725,0.24349178150721504,0.2474556187683165,0.3071299222291993,0.30028837504397565,0.1836363209137138,0.30867983130796983,0.17871290989956393,0.2599211382202491,0.31273676163540154,0.25848474069380933,0.0,0.0,0.26309655608830446,0.26508402995093344,0.0,0.0,0.0,0.0,0.19706807771773582,0.24789470242398812,0.22671361051338837,0.2437193555045557,0.2532673656240169,0.3127945892154827,0.0,0.27150481738653126,0.33581261763992426,0.275447681029559,0.27461731059861955,0.33981215074381826,0.32143880222875204,0.27560349367254927,0.2961197589255124,0.28045855820873467,0.30791871875567345,0.0,0.22299478855887617,0.21538101434985532,0.30771550456742836,0.0,0.0,0.0,0.0,0.39082564818434495,0.0,0.0,0.34145459113899723,0.3176095219092109,0.3878241551839807,0.3692356102350961,0.0,0.18467742085218022,0.2519194821958836,0.2747542500029918,0.33789383047323296,0.0,0.0,0.0,0.0,0.3418670626408106,0.0,0.0,0.0,0.36873635879127487,0.0,0.0,0.0,0.3585586882227161,0.24966087822564398,0.0,0.0,0.30661127806401195
0.28389007282055956,0.2725869018067101,0.0,0.0,0.26753719390402986,0.2604432437171603,0.2680099995830586,0.25758844177739565,0.26542374553490283,0.23745343110605482,0.0,0.0,0.2673272509647633,0.0,0.2293833142432379,0.28899828829137536,0.2535106362957872,0.27213152829851567,0.0,0.0,0.308665416410626,0.22361689390144676,0.21530615465259337,0.0,0.2683264044722975,0.2788977690189024,0.24457907998993184,0.19749240579518496,0.16823698050053165,0.16727323981530634,0.2536250308992762,0.29153591826937586,0.2564284705055322,0.29064347586495864,0.33063832585189307,0.35417823929703196,0.31319401036960576,0.19273854237295934,0.2951980658220199,0.3025588875009505,0.2876384014268447,0.31851587120168345,0.2874594205596831,0.0,0.0,0.0,0.29588612313655077,0.2589716966016686,0.0,0.0,0.30932484264227883,0.0,0.3316586517542573,0.2360234815065279,0.0,0.0,0.0,0.26833110148784,0.0,0.3471675092496411,0.21224011178191565,0.0,0.19510285047307568,0.0,0.3307363916194476,0.33830153149985653,0.338969634310999,0.3370574813863425,0.0,0.2080875412943201,0.3432135134044554,0.33715158879404256,0.30811796619485854,0.31463284341746944,0.25817100573332813,0.3220524774326256
0.27253872316793415,0.27523382229491383,0.22995662972633693,0.0,0.0,0.30491551628421165,0.0,0.2627230747668304,0.0,0.3192364817064005,0.0,0.31231695189871644,0.0,0.3041635740158166,0.26160546797711837,0.28248633524874955,0.0,0.29588327982718376,0.0,0.308665416410626,0.0,0.28180287183062136,0.2558064110385112,0.3434045530117339,0.2888076320181224,0.25886390375988255,0.292058767680419,0.28236374176819057,0.2695061802878332,0.0,0.26822671229924633,0.2820624443370178,0.2467037758078803,0.27016674132880897,0.3201806644479336,0.0,0.0,0.30429946777262723,0.3177485886753405,0.28552661568424764,0.2919187519932911,0.3138865334195218,0.0,0.0,0.0,0.2851892909918011,0.32252212078305414,0.0,0.0,0.0,0.31173616989312625,0.0,0.2552478408150061,0.0,0.3263008785444665,0.0,0.3247081697710021,0.27117147763642396,0.0,0.3290947553220436,0.2720803680801552,0.0,0.0,0.0,0.3284728279100567,0.266007920372602,0.3375902611179045,0.32094369852519294,0.0,0.2649370543985917,0.3361547844332781,0.3390791424482091,0.28959309796173405,0.3165904701712338,0.0,0.3217383419787103
0.26513845734272823,0.24572613789482087,0.0,0.0,0.27375972240813257,0.26302677371770894,0.27460816185187653,0.0,0.25190938686313075,0.23848439834738175,0.0,0.0,0.27842608337282865,0.0,0.231347562565406,0.23937276467237334,0.2581718692299646,0.24816775708545333,0.0,0.22361689390144676,0.28180287183062136,0.0,0.2746063206033946,0.2119358608487468,0.2557510317409188,0.24678124369657067,0.27496725147518025,0.19777401072956194,0.21780226656221782,0.1806346797375338,0.24847485942800454,0.28461504505767843,0.2611658915651273,0.27862650077993906,0.3184157192960104,0.3175458642931336,0.0,0.16547798151320414,0.29929314791124917,0.30146840856426055,0.3235026867822673,0.3262376711248055,0.3358400951483372,0.0,0.0,0.2945088928380346,0.31719212921429085,0.26315262312083404,0.0,0.0,0.30215355014532785,0.20724565934117173,0.0,0.22712610202225114,0.0,0.0,0.2233852896784825,0.21303627658084667,0.0,0.34725368121486877,0.277874965191859,0.0,0.24975081965212848,0.0,0.3249741223321845,0.3282629481362848,0.334852581038013,0.32560386318629697,0.0,0.2794051230219483,0.33908671375365834,0.3287368214848447,0.24031253573484776,0.32001699470561024,0.0,0.3087177520640396
0.30387276067110375,0.29314465701029674,0.19875157978410019,0.2576126018947707,0.2655808099519458,0.25801299651722237,0.28669268867372766,0.23855023693362518,0.27271145535091584,0.2954256753344192,0.2019376771590131,0.2963480042987058,0.29066767441143043,0.24816462138804404,0.24247907837646218,0.28593087151974167,0.0,0.2950994748160509,0.19706807771773582,0.21530615465259337,0.2558064110385112,0.2746063206033946,0.0,0.3401678235668997,0.28320970315412913,0.28600898722160567,0.22164470125996497,0.2805644066282793,0.2675982181795286,0.281674465653609,0.2988404884252821,0.2815559774233326,0.250951693793787,0.31038353202843666,0.34064939550906914,0.26394530249694986,0.2770343549198573,0.2686871289460313,0.3353023150048154,0.3165709898751567,0.34946841657027417,0.3528382295616821,0.3287117277296357,0.2842984695990321,0.0,0.0,0.2921115119837154,0.36983762468541315,0.0,0.0,0.334224239775069,0.34319749960814655,0.31942334820980767,0.35597449452814156,0.2645154081612655,0.3455114086959186,0.0,0.3351595797517084,0.34610581486178643,0.33987282624563114,0.21799191127152256,0.0,0.0,0.3624309356307308,0.3469788271421342,0.3117169017930401,0.34590645533317954,0.34254266225796187,0.0,0.21723564531361356,0.32096977985880865,0.3427857191139425,0.33084327188436063,0.33337584269634835,0.3304481833566445,0.3453800688812284
0.2503311883112627,0.22415530015678853,0.0,0.0,0.0,0.247432201005322,0.3017831980798775,0.3510017748461392,0.27988860223985357,0.2213922266452698,0.3057342577906373,0.2059527371703642,0.26623220006739823,0.2911805717866761,0.22938013340171554,0.2535359801113763,0.27765496230212805,0.252047608148357,0.24789470242398812,0.0,0.3434045530117339,0.2119358608487468,0.3401678235668997,0.0,0.24699158770395935,0.23196384924163346,0.2774956832003897,0.2657560165318771,0.0,0.0,0.24168055994686116,0.254364087457806,0.20582270119533724,0.1939284983293152,0.23983793370366033,0.32255680908551587,0.21964127992113855,0.18192933745737375,0.29776091360766516,0.23933061992342,0.23412631972130352,0.3419401227248206,0.0,0.0,0.21770689406951432,0.30182245703338,0.3077292553055281,0.0,0.0,0.0,0.0,0.0,0.0,0.0,0.2758489696649594,0.0,0.29862688590625763,0.0,0.0,0.0,0.2912419083977059,0.27990366442619863,0.30984336361581893,0.0,0.0,0.0,0.2727271591529915,0.0,0.2790057137500936,0.3079581999680349,0.3140322803379648,0.0,0.3067374425030373,0.0,0.0,0.2715164890291608
0.2453973151523558,0.24295063028963038,0.24418705510981195,0.0,0.0,0.2554132262128156,0.25226995987336953,0.3252553275953989,0.25388177162900694,0.23145199690436918,0.272110045765575,0.24420494373310653,0.2762376093268499,0.0,0.26028786676411725,0.2534969034846292,0.21780985235428965,0.233429988247077,0.22671361051338837,0.2683264044722975,0.2888076320181224,0.2557510317409188,0.28320970315412913,0.24699158770395935,0.0,0.23433883838369224,0.2787723746867227,0.2791252346166565,0.263948756664402,0.0,0.25893962021279704,0.265017465331861,0.22740969692966065,0.24519105898267757,0.26984046877232026,0.0,0.0,0.22046919843942642,0.29785666025939656,0.2789413757743377,0.29316814425036,0.30444526909472197,0.0,0.0,0.0,0.3000464993149858,0.30948093707020086,0.0,0.0,0.0,0.2063896803806074,0.0,0.0,0.0,0.3342768271861534,0.0,0.330631406305639,0.22930157446241917,0.0,0.3013221107675635,0.28984730988444507,0.3276860085940197,0.3039896279903852,0.0,0.27424798861769006,0.27804592958134344,0.31211568116635435,0.22177611202104136,0.3239746766407467,0.3045908458610886,0.3142895510313406,0.2161621221823944,0.23925642663042795,0.2674769658282113,0.0,0.28910294118332514
0.22414521400644147,0.25450926455344064,0.24303978941517787,0.0,0.0,0.26506200616363995,0.24484706768665082,0.3178408741138349,0.25992772567776146,0.23257818817381565,0.24171646191931942,0.19931355588985408,0.2817609036061773,0.2854763745961971,0.24146562526729767,0.270741831534887,0.252059453560587,0.2468495921927649,0.2437193555045557,0.2788977690189024,0.25886390375988255,0.24678124369657067,0.28600898722160567,0.23196384924163346,0.23433883838369224,0.0,0.29396422994898463,0.2814608199771156,0.2658764896111353,0.0,0.25140120573365754,0.2691353965860957,0.2419347291735864,0.24990741232710778,0.2782272558893032,0.2574189510020749,0.0,0.22467814383655113,0.29891350348039086,0.2865708399235624,0.29786177897926924,0.3137627051446265,0.0,0.0,0.0,0.29773787515270034,0.320514059527692,0.0,0.0,0.0,0.28280370534945737,0.22523754493222303,0.0,0.2231470011728364,0.3443313940817807,0.0,0.34178631305652657,0.23402935084275756,0.0,0.34818913970628973,0.2947442468339789,0.3287912128425791,0.31095339811939665,0.0,0.3279235478572367,0.3127631231799561,0.3263113034913459,0.29492690276741246,0.31949804548233846,0.30827406046745914,0.32421626872640485,0.31461100061794445,0.26313691267183525,0.3149658830453697,0.0,0.29659937940799674
0.2696937270946242,0.27845635147912867,0.24448767961642992,0.27748254728344574,0.2846202812740699,0.24305336405413167,0.2868175910931405,0.29669491960170186,0.2527590201105672,0.29893678487037706,0.2565966934179706,0.2504267768501953,0.28784195612405944,0.2956832850483907,0.2649431881979409,0.28960096205941505,0.24690910086816442,0.2920177179147834,0.2532673656240169,0.24457907998993184,0.292058767680419,0.27496725147518025,0.22164470125996497,0.2774956832003897,0.2787723746867227,0.29396422994898463,0.0,0.28198704526904733,0.24460419015535917,0.2728061365447735,0.28170518785571,0.2903069809608496,0.264180029306301,0.30830485089819754,0.3304502321525355,0.30181312871231625,0.29354626246648485,0.25257550134784157,0.3267670981218102,0.3141768728378017,0.35117832267646976,0.32835242484813326,0.34056165369385344,0.24067753530436628,0.0,0.0,0.2752412864465602,0.37146969295328414,0.0,0.0,0.33756715577604424,0.33324602613682913,0.3414777984320001,0.3610496357801658,0.0,0.3164587459162068,0.2538109887540727,0.3196081811428243,0.3552628736534396,0.338814149189445,0.0,0.0,0.0,0.35859918028384863,0.3473505107584613,0.3248031873271308,0.34267665329840963,0.34770920336335476,0.0,0.19775793261282876,0.3196067370788312,0.34540090888490543,0.3296348223444923,0.33629112470342476,0.3227437176770112,0.34655278456892147
0.0,0.2755730945202786,0.3145970167424303,0.1463582963408741,0.24500448832114868,0.26058880324419975,0.2586037530063453,0.28010100412321465,0.3085328991727189,0.2681286388259415,0.3159445334108714,0.2548394943630525,0.21268317795137487,0.1938285491448859,0.2801216831192058,0.28497113955223546,0.2777602054059618,0.27596190893099765,0.3127945892154827,0.19749240579518496,0.28236374176819057,0.19777401072956194,0.2805644066282793,0.2657560165318771,0.2791252346166565,0.2814608199771156,0.28198704526904733,0.0,0.19772360508081677,0.19974199833610512,0.24830298200722442,0.25801124185132507,0.26340959995263163,0.25374792155672293,0.22925020903673857,0.1702833337611026,0.17381110402334732,0.24217839747154007,0.26746707127871316,0.0,0.25298854954883937,0.22316355925170267,0.300327325369202,0.20512918130701288,0.0,0.0,0.21373394866228995,0.2807268384291779,0.0,0.24449686401480294,0.31927406735668334,0.2525537580384416,0.2939222041755554,0.2571952168405784,0.0,0.24923944497081765,0.2359949778517648,0.26697388688067153,0.0,0.30877528721598296,0.0,0.0,0.0,0.24878927217382657,0.3240664331752652,0.0,0.2619327851610963,0.33638379138707664,0.0,0.2371911031208476,0.2687110978240351,0.3327891568655034,0.3083467802316872,0.31933780196888695,0.2762162421607958,0.3107872084159334
0.0,0.2649412120727463,0.25408976244590653,0.0,0.0,0.2295027746883027,0.2667760723966999,0.2565029586102538,0.2475028839394346,0.26038102336844443,0.27584232430480965,0.0,0.2545808844006744,0.0,0.2686573473556632,0.28265917463892853,0.0,0.27295361420786,0.0,0.16823698050053165,0.2695061802878332,0.21780226656221782,0.2675982181795286,0.0,0.263948756664402,0.2658764896111353,0.24460419015535917,0.19772360508081677,0.0,0.2115419771059058,0.2255950187476221,0.25910270217398845,0.22277248865500524,0.26601515567096284,0.3081781608246877,0.2896383681221096,0.26991835848592477,0.0,0.32237701561940757,0.28009839904566974,0.3311862953044729,0.3164072129078499,0.28989720875514685,0.23760692773648767,0.0,0.0,0.27589972015781444,0.29521635757504416,0.0,0.0,0.31619279595323907,0.25358849743855083,0.2943786974677002,0.2508607854649493,0.22539990577407717,0.2773471246727638,0.0,0.2919118389834686,0.0,0.31721098845731516,0.0,0.0,0.0,0.2865795495183769,0.32994762526242083,0.3180410122908112,0.302314640081094,0.3324089238124274,0.0,0.17472245176215712,0.3024761150242553,0.3294430545207344,0.30653424118838607,0.31650129266553073,0.289254643955053,0.32984785668998173
0.0,0.2448155472459967,0.29048640117168345,0.0,0.0,0.2728877743177047,0.2767248594873222,0.26947829751749164,0.2941226951546749,0.254937641640083,0.0,0.0,0.20816093775776062,0.0,0.28942857096430236,0.2762912101278518,0.0,0.0,0.27150481738653126,0.16727323981530634,0.0,0.1806346797375338,0.281674465653609,0.0,0.0,0.0,0.2728061365447735,0.19974199833610512,0.2115419771059058,0.0,0.24376815398495236,0.2789807803280221,0.207400835148874,0.2758901268791245,0.3092792510766164,0.2942834784593313,0.23841851372965853,0.0,0.3313065243094898,0.0,0.31748297524581504,0.0,0.0,0.0,0.0,0.0,0.0,0.2895070189013047,0.0,0.0,0.2979817163038487,0.23470969189305058,0.2380882651003232,0.25540808774949414,0.0,0.0,0.0,0.22827181468396027,0.0,0.0,0.0,0.0,0.0,0.0,0.34100242628789623,0.0,0.0,0.33813198465623545,0.0,0.0,0.0,0.3342016211458488,0.2712012552374146,0.30977459727061385,0.0,0.2972343390333661
0.24862314169427993,0.23929042066400208,0.3336093173116983,0.2842427288767938,0.32250717177737515,0.29549195979404425,0.2831400124777165,0.30725943606695877,0.33097433926449754,0.22034158978308088,0.33701912851781074,0.22398443925530753,0.2809193836010026,0.0,0.27119685535802873,0.24158494170398284,0.24152888188340105,0.2505539528107994,0.33581261763992426,0.2536250308992762,0.26822671229924633,0.24847485942800454,0.2988404884252821,0.24168055994686116,0.25893962021279704,0.25140120573365754,0.28170518785571,0.24830298200722442,0.2255950187476221,0.24376815398495236,0.0,0.2704835017095153,0.2276310573010767,0.2002184558646019,0.23746970838452602,0.24557398504155414,0.24596856129921496,0.1988224800019305,0.29914058724368386,0.27785133783879234,0.2579160411496556,0.0,0.3197252751256197,0.0,0.0,0.28168120071088026,0.30335329615370726,0.29760247790038263,0.0,0.0,0.32492750784255303,0.24772564105566688,0.3374704029130694,0.2607237919928896,0.31959758894066476,0.2576774639525703,0.3269333912411852,0.257748961471293,0.0,0.3255478783974531,0.2828736441335499,0.2980657926088489,0.28209221268255846,0.2568762980867368,0.3139391985699676,0.0,0.3043899515470209,0.3508449279533249,0.31622807511156803,0.300243274391085,0.31086195747346773,0.3448493330871875,0.2798615250677457,0.31924160448815336,0.0,0.289366923137168
0.27015434783013764,0.26860332607305354,0.29831797733951454,0.20601135697428613,0.2138607269601918,0.2803453491519349,0.26130937049396447,0.2547872141813637,0.2983334727328203,0.22783210983575589,0.24144705840069303,0.21128644893049658,0.2665868187448317,0.1997273521978791,0.2875984396264694,0.28237604835132496,0.282653206647542,0.267227757328115,0.275447681029559,0.29153591826937586,0.2820624443370178,0.28461504505767843,0.2815559774233326,0.254364087457806,0.265017465331861,0.2691353965860957,0.2903069809608496,0.25801124185132507,0.25910270217398845,0.2789807803280221,0.2704835017095153,0.0,0.23673219350220617,0.25401522850543784,0.2661817720438224,0.1793855496312066,0.21831655173369682,0.19766779610956978,0.20081528744764202,0.2084094324517293,0.22582596141993203,0.23088361827215287,0.2188339542470639,0.2229027838429291,0.19673455462711634,0.28049298435338277,0.3121863379770432,0.3326627511457945,0.0,0.0,0.3170511103461135,0.2788733360072217,0.30943336486086676,0.30955589967092656,0.23193709295476997,0.25045307177795195,0.18736157987890179,0.30380723724307096,0.0,0.30874001013685803,0.2850734290221549,0.2402084803112531,0.27675876846105124,0.3098580343783992,0.29608710444441744,0.29320155294889183,0.298864423998378,0.33596276585265106,0.1729024136632967,0.28972160906280586,0.30729914944722514,0.32674591118071195,0.25118075650946353,0.31869341839401366,0.0,0.3107407157542557
0.23652131756366412,0.23994228647655963,0.2563976587235533,0.23165912810439598,0.0,0.26918347590224295,0.24134596745524517,0.29356788245117027,0.2946027630132044,0.2170657563405458,0.288888516656428,0.2135427461560029,0.27034013734386675,0.0,0.26015044995703535,0.25041512805447697,0.23441495341626778,0.2390698967414432,0.27461731059861955,0.2564284705055322,0.2467037758078803,0.2611658915651273,0.250951693793787,0.20582270119533724,0.22740969692966065,0.2419347291735864,0.264180029306301,0.26340959995263163,0.22277248865500524,0.207400835148874,0.2276310573010767,0.23673219350220617,0.0,0.18564733101350958,0.27921209841389655,0.1944720482272368,0.20102516971079193,0.1358950959802833,0.2124436351535051,0.2125705561839484,0.19772302493890812,0.249046735353786,0.0,0.22377776604164035,0.1851270735419771,0.29233866954727056,0.29333632819353805,0.0,0.0,0.0,0.2681171579526875,0.0,0.0,0.0,0.26318080767301155,0.0,0.28206980074187044,0.20928977314259445,0.0,0.339369444945356,0.2635566512262431,0.24967234177359587,0.23579215823683164,0.0,0.3008340033054506,0.0,0.3034164330907305,0.3143573858238964,0.2683182593873362,0.2756792174490601,0.30150441565919,0.3113375461783712,0.2269205408232239,0.2739829444858119,0.0,0.2409737790363065
0.23520746983609983,0.2412090213595005,0.35191470599426355,0.19922948906209512,0.30803198825626454,0.3052837775199259,0.27283631995318086,0.3097609375654813,0.3344853870008038,0.20372619734273162,0.3335057543515967,0.19104613494957065,0.2687794029262578,0.0,0.2854208382180282,0.24828520055876566,0.24723273955218192,0.2528658619190147,0.33981215074381826,0.29064347586495864,0.27016674132880897,0.27862650077993906,0.31038353202843666,0.1939284983293152,0.24519105898267757,0.24990741232710778,0.30830485089819754,0.25374792155672293,0.26601515567096284,0.2758901268791245,0.2002184558646019,0.25401522850543784,0.18564733101350958,0.0,0.1968829118229096,0.267382043748797,0.2042066020292591,0.15784786142116725,0.22662279350775938,0.2286363847523651,0.2215918908055361,0.2528819735241458,0.24355693530826064,0.23615548096854322,0.19701464603292557,0.27293902883065785,0.30912760727827254,0.29260596695194707,0.18362916983654418,0.0,0.31574857413926466,0.23332510148258265,0.3301387777981719,0.24241505223830814,0.2435313608262113,0.2573362220627989,0.2565305447026555,0.21287234712302122,0.0,0.33955791391953455,0.2919699738215105,0.26187284853769144,0.28167138206120784,0.264853866941067,0.3237446430312889,0.30068342224656625,0.3248570582678518,0.3560537475241435,0.29764197749077115,0.2931273944335672,0.31453932292830383,0.35034013269018516,0.22889324943242584,0.3335064333133255,0.0,0.23674369130632278
0.26645741455860417,0.27701003543327984,0.337413953294621,0.23096606318545534,0.28291698680689137,0.30945499174392094,0.27549876529122724,0.3127458578608499,0.35211939506531975,0.2187631703195737,0.320019451424616,0.22854535805368947,0.28419269519606655,0.0,0.3201097450368517,0.28749113879386895,0.27574190790539455,0.2799204241893743,0.32143880222875204,0.33063832585189307,0.3201806644479336,0.3184157192960104,0.34064939550906914,0.23983793370366033,0.26984046877232026,0.2782272558893032,0.3304502321525355,0.22925020903673857,0.3081781608246877,0.3092792510766164,0.23746970838452602,0.2661817720438224,0.27921209841389655,0.1968829118229096,0.0,0.318166876565627,0.24368484927183462,0.19969362981711716,0.22787644870978038,0.23162810121590038,0.2251387476967208,0.25366034125934245,0.22021413552937752,0.222483383102271,0.23278242819597753,0.3293757420766764,0.3246032430522259,0.28404301590332465,0.0,0.0,0.26916263501523563,0.22259096716277654,0.0,0.2166051300304852,0.0,0.20154957905260124,0.22960279099884554,0.1900589055088279,0.0,0.3597325732935845,0.2920414755431317,0.0,0.29597295534822926,0.22331494691274167,0.2841807268745109,0.0,0.31703493273963923,0.35427654398433966,0.2220973865476303,0.3027395816025037,0.3270804057652254,0.31842572807644454,0.20229567875072516,0.32233473982997835,0.0,0.1815707049117712
