0.0,0.3465166850662478,0.35248578693349025,0.0,0.0,0.33225389235238084,0.0,0.44327341106632684,0.0,0.0,0.0,0.3692817296724352,0.2717546509488653,0.42638677321224505,0.30288558036388596,0.3560229329640647,0.3699080961954789,0.32231606120810585,0.0,0.3702654818587583,0.3617447354418913,0.34932949551007003,0.4021878221010178,0.3344461500140919,0.3230154289361234,0.29610876704653966,0.3537381348380226,0.0,0.0,0.0,0.32867014445346054,0.35657663287931335,0.309394870068225,0.3092306717611805,0.3577233708944699,0.34471662475689835,0.0,0.34107693555397095,0.39974969543789096,0.3843207089631202,0.0,0.0,0.0,0.0,0.0,0.3764298831487311,0.4169765141206116,0.0,0.0,0.0,0.3335135521950972,0.0,0.0,0.0,0.3692954098851671,0.0,0.0,0.0,0.0,0.4350831296888603,0.38922722681064226,0.0,0.38352033345392794,0.0,0.0,0.3270538192980021,0.41725387496970606,0.0,0.0,0.3889711076554575,0.4190401829446583,0.0,0.0,0.0,0.0,0.3419149610417579
0.3465166850662478,0.0,0.0,0.0,0.3134545206952355,0.34178619732572135,0.2951752370688911,0.42851849312583923,0.2973517002304531,0.0,0.0,0.0,0.3587431188848451,0.0,0.35541986627135663,0.35059224563051017,0.2786547391879904,0.33021667749444117,0.0,0.36124130945942734,0.36184691267705854,0.3267778476341693,0.3860733814263828,0.29994731560756954,0.3227504649858526,0.3372287545788945,0.3683933799463857,0.36402360394827804,0.35012821963108165,0.3393133669746402,0.31823290842065916,0.3560591456153528,0.3181919964280186,0.3198416764426591,0.37688084698437846,0.0,0.0,0.0,0.41337856313891097,0.3990807225228961,0.4002997596609731,0.42614756636355605,0.0,0.0,0.0,0.4046282552351395,0.421805515856742,0.0,0.0,0.0,0.3556108077710516,0.25381508354612015,0.0,0.0,0.0,0.0,0.0,0.2304581621519112,0.0,0.45756680140266337,0.4031191671206345,0.0,0.39393630221741727,0.0,0.41554421103477635,0.4121012829002454,0.41910473755201966,0.35463463884302476,0.0,0.39669116872614585,0.44290395418903633,0.370646623081653,0.22633905618447883,0.3893320999097455,0.0,0.3973725596748896
0.35248578693349025,0.0,0.0,0.3156748376900983,0.3575208163679043,0.31799667693214667,0.39088540157850304,0.41514704314680756,0.27600016316505943,0.3557123927248922,0.3105704707443343,0.299447750998684,0.40693639742289983,0.3794507223352587,0.0,0.0,0.29543910015517216,0.2941707081625649,0.2825401702865174,0.0,0.3034961470278178,0.0,0.2625391868234355,0.0,0.2866647540896457,0.2850910873766179,0.3241180983379713,0.41401087809944626,0.32345542547423967,0.3752339970224845,0.4375024625768927,0.3906520843183937,0.2957464580978121,0.46001263194060665,0.4425273059984415,0.38870152768312755,0.3925389302225023,0.2689529434848505,0.396155445044682,0.0,0.35234961100428347,0.0,0.44095103527481305,0.0,0.0,0.0,0.0,0.5078214060755823,0.0,0.4274006198130707,0.47242345933571217,0.39747643079903155,0.5047350203581105,0.4982674053443027,0.0,0.37343656162940486,0.0,0.4027754136869192,0.4494627521846711,0.0,0.0,0.0,0.0,0.47453722911589313,0.0,0.0,0.0,0.4895861780632706,0.0,0.0,0.0,0.4949263419744126,0.3414709075267479,0.0,0.0,0.3707615859928716
0.0,0.0,0.3156748376900983,0.0,0.2737642278397195,0.3568797224165973,0.2798203580128757,0.3272580903152065,0.35852851463415286,0.20301844802587457,0.3184505230759731,0.0,0.29662421262213573,0.266932629487832,0.0,0.0,0.0,0.0,0.32800057859160425,0.0,0.0,0.0,0.3351407743673089,0.0,0.0,0.0,0.3602467949932953,0.19246491358140316,0.0,0.0,0.3708926343248756,0.2707203294500818,0.3134593086149126,0.26005952578604563,0.29846791860626626,0.19642361321707968,0.15526456884041911,0.0,0.0,0.0,0.0,0.0,0.0,0.0,0.0,0.0,0.0,0.0,0.0,0.0,0.0,0.0,0.0,0.0,0.0,0.30024704774784367,0.0,0.0,0.0,0.0,0.0,0.0,0.0,0.0,0.0,0.0,0.0,0.2803331096584862,0.0,0.0,0.0,0.2696882165701801,0.0,0.0,0.0,0.0
0.0,0.3134545206952355,0.3575208163679043,0.2737642278397195,0.0,0.3640446966032111,0.2740145671359473,0.3241683232492316,0.3079554846094031,0.40640746413406126,0.27697595239124373,0.3401876065759463,0.3107572237414789,0.2696275764267742,0.0,0.0,0.0,0.0,0.3207366701980024,0.35819085926404964,0.0,0.36092344538600163,0.3498454398400495,0.0,0.0,0.0,0.3777243799980956,0.3230290025511251,0.0,0.0,0.4240367568722268,0.28178501605349665,0.0,0.40389750894011855,0.3707940077242473,0.22280354921240103,0.2138100713654579,0.35106460738340745,0.0,0.0,0.0,0.0,0.0,0.0,0.0,0.0,0.0,0.40576560137234524,0.0,0.0,0.0,0.0,0.0,0.3742154899723686,0.0,0.3070469218862701,0.0,0.28086744254259044,0.0,0.0,0.0,0.0,0.0,0.0,0.0,0.0,0.0,0.4412310643285871,0.0,0.0,0.0,0.4021475710022525,0.0,0.27655501939608196,0.0,0.3163956725145728
0.33225389235238084,0.34178619732572135,0.31799667693214667,0.3568797224165973,0.3640446966032111,0.0,0.34584127941437,0.3515463746184591,0.30847616736362043,0.4086613709768787,0.33735275286977295,0.32347847517172457,0.3365512036120679,0.36619959345800285,0.39178568290757265,0.35800904500124797,0.26955024049163107,0.3796059302693635,0.31250745470767016,0.345531724639484,0.3974149866661456,0.34748298434634195,0.3412852046382177,0.2985267999017547,0.3386352630417013,0.35026037573721547,0.3210865038219558,0.34320927696473547,0.30118229358036175,0.3595627593829811,0.3882149504231051,0.36868241437207927,0.35433189341249555,0.4015126649915848,0.4080966244626579,0.38251835543921014,0.3831391972005865,0.33063731305189215,0.4302204425017466,0.0,0.4245330646852303,0.3450326238470508,0.41445941862100305,0.26354237652520335,0.0,0.0,0.25534939935345546,0.46445121292438013,0.0,0.3607277619307569,0.430897095839021,0.361219830129788,0.4104214303175835,0.46015485728090655,0.2852198588217068,0.40466621965821775,0.3272325305325402,0.37564367191285725,0.373313541444766,0.3958980893506444,0.0,0.0,0.0,0.46053226261292957,0.4003947104395789,0.39893026428752987,0.3974663299450315,0.4395107537088332,0.0,0.0,0.3078729010634595,0.4378671945475279,0.40488855657505524,0.4287912815462243,0.3845895026096074,0.42512082678576274
0.0,0.2951752370688911,0.39088540157850304,0.2798203580128757,0.2740145671359473,0.34584127941437,0.0,0.37528854651343674,0.3452316624539423,0.36227882725500077,0.3865493141676545,0.3200158312886619,0.2600618087163975,0.2976193245244022,0.0,0.35971311094289526,0.0,0.34725023618628786,0.4032114286782562,0.3529288365815907,0.0,0.36113167745213925,0.37698255875930703,0.3857337313378527,0.3351832087443749,0.30924129476735285,0.378138487982422,0.34060359804617885,0.3496230296968223,0.36837294254691394,0.37283671898078563,0.3447958183281224,0.3087838855727588,0.35930515018718967,0.36577923874572893,0.287931684658314,0.31081632110407525,0.3355345064578806,0.2893310713480877,0.0,0.31765510744464526,0.0,0.0,0.0,0.0,0.0,0.0,0.36433629612679885,0.0,0.0,0.3803369038347389,0.29625246953868173,0.3911747824447973,0.33349413457658744,0.0,0.2837476938478272,0.0,0.2686520884250206,0.0,0.28827154390245685,0.0,0.0,0.0,0.0,0.0,0.0,0.25608605137728685,0.4430299754645277,0.0,0.0,0.2491033201288941,0.39587320614077215,0.2654154264249764,0.31566505541586076,0.0,0.2980447566256118
0.44327341106632684,0.42851849312583923,0.41514704314680756,0.3272580903152065,0.3241683232492316,0.3515463746184591,0.37528854651343674,0.0,0.4215812507158016,0.3815732716677188,0.286382397028404,0.3888587196091648,0.38293664698490637,0.3349100294040237,0.0,0.0,0.0,0.4255620466141944,0.3971577455286436,0.3322483081551487,0.3455140380716604,0.0,0.31384151989967257,0.46467564973766623,0.4293583367012016,0.4192072176802402,0.392546754719603,0.369527645750399,0.3367347180100226,0.35179503815093094,0.404715289185721,0.3341595445667322,0.3878320885595536,0.40766372402002315,0.412350470447564,0.2703054193855499,0.32568002293826104,0.0,0.4082589653518824,0.0,0.43979542317002734,0.0,0.3639066648655599,0.0,0.0,0.0,0.405198557246647,0.4606489618413856,0.0,0.39528058306718183,0.40198271600825025,0.40290145297582336,0.3469694048054081,0.451211908305456,0.0,0.3492064414563792,0.0,0.39304050864501533,0.0,0.4893025663081099,0.3431346426330913,0.0,0.0,0.4494166270126801,0.0,0.0,0.0,0.4077384819149178,0.0,0.0,0.3766399162195474,0.42723981328337435,0.36856381958996437,0.3830893578768413,0.0,0.3945255757577984
0.0,0.2973517002304531,0.27600016316505943,0.35852851463415286,0.3079554846094031,0.30847616736362043,0.3452316624539423,0.4215812507158016,0.0,0.4403422589930875,0.2857932974857719,0.39222308345140217,0.32888632277169544,0.3476635681532888,0.0,0.3666974401126568,0.28581274493381553,0.2907712801576463,0.24374700536819519,0.35018293495841696,0.0,0.33151080226681295,0.3611931018955553,0.3375008417812399,0.325971376652232,0.3250807087814178,0.3350103727489615,0.40469308246319463,0.3244452531142731,0.387888328152872,0.4341619807124167,0.39057488617835695,0.37796295064693153,0.4389108456718891,0.4627055627972392,0.37652025052270327,0.42350618500946663,0.4433206142607064,0.33373995163728304,0.0,0.258964775965393,0.24815744361997832,0.43360215137373287,0.30358496738877266,0.0,0.0,0.0,0.4946212872877381,0.0,0.0,0.45396047978305715,0.35130699408218924,0.4901925729600859,0.4497200020050729,0.0,0.3323135813634744,0.34638060706036283,0.33241350903510086,0.0,0.0,0.0,0.0,0.0,0.472449495159654,0.0,0.0,0.0,0.47951676003057203,0.0,0.0,0.0,0.4720587554571315,0.301293401568445,0.0,0.0,0.30974376578600094
0.0,0.0,0.3557123927248922,0.20301844802587457,0.40640746413406126,0.4086613709768787,0.36227882725500077,0.3815732716677188,0.4403422589930875,0.0,0.433755822821591,0.25604595813741715,0.3634580037514985,0.0,0.0,0.321962906963493,0.2947794917515364,0.3345701813237339,0.4020754894854944,0.2824791479685109,0.42903594453738425,0.29161351747725905,0.37564263445104007,0.29333044618980075,0.30760881951898983,0.309716331480192,0.38462774623531204,0.35422266309360173,0.30781498987903705,0.3068152862919983,0.29252244117516035,0.3037257818197635,0.28537257335414334,0.2674920774814373,0.2874763666273198,0.2359287110673129,0.2504012665925425,0.24219180058581952,0.2654650993688108,0.3260785067121044,0.30417841696021286,0.3200572596816754,0.0,0.0,0.3180580419653574,0.3489865723444984,0.0,0.3353717009235291,0.0,0.0,0.0,0.0,0.0,0.0,0.41244473181710284,0.30366718845068963,0.4359586847065813,0.29613227034577344,0.0,0.32518585454458326,0.32240686253806367,0.41056343606882006,0.39677422424389364,0.0,0.0,0.0,0.0,0.2805217180660793,0.414503926303785,0.42880172821818946,0.4436216033902938,0.3030214020604396,0.33504203229946955,0.0,0.0,0.3695843244076303
0.0,0.0,0.3105704707443343,0.3184505230759731,0.27697595239124373,0.33735275286977295,0.3865493141676545,0.286382397028404,0.2857932974857719,0.433755822821591,0.0,0.37523801897340026,0.41353490270090726,0.2664942175424457,0.0,0.0,0.3374034081094019,0.30383640809803397,0.23983890737226038,0.0,0.0,0.0,0.2633399719119249,0.38277254840258085,0.3278858221995965,0.2696127098026964,0.3413885060949381,0.4146213047504475,0.331513398955927,0.0,0.4422237971316345,0.31576457561992594,0.3737640148909132,0.4373663091600697,0.420243193452365,0.2740534884322319,0.34948102175592954,0.39054621663075856,0.35922021176260116,0.0,0.28166735943853466,0.0,0.0,0.0,0.0,0.0,0.0,0.47723773614424253,0.0,0.0,0.42494117390245756,0.38308588683965794,0.4364037318888432,0.458488292907072,0.0,0.23051447450946155,0.31882341954023263,0.35079663051506854,0.0,0.0,0.0,0.0,0.0,0.45772802448666183,0.0,0.0,0.0,0.4490524531189748,0.0,0.0,0.0,0.43280105454562523,0.32501111564396845,0.0,0.0,0.31057157084304277
0.3692817296724352,0.0,0.299447750998684,0.0,0.3401876065759463,0.32347847517172457,0.3200158312886619,0.3888587196091648,0.39222308345140217,0.25604595813741715,0.37523801897340026,0.0,0.3296762332003244,0.0,0.0,0.28725013774919744,0.33241520798789215,0.31543742917913836,0.30379051072391616,0.0,0.41242417868153297,0.0,0.37128434096225305,0.274681796226858,0.3246982884552207,0.26481354655087247,0.2937848517070155,0.3377023996263307,0.0,0.0,0.29661297657776314,0.2777622037335157,0.27698832049724686,0.25403575113559956,0.301870128725456,0.30129304819688996,0.28672319397973917,0.21955799810379262,0.2638446200704768,0.31503984853518036,0.3166084398381555,0.0,0.0,0.0,0.2931606056802235,0.3186672938321562,0.0,0.0,0.0,0.0,0.0,0.0,0.0,0.0,0.39973008181930697,0.3814175705966848,0.42531546647117524,0.3235765350288867,0.0,0.0,0.31641206369383396,0.40447830855398603,0.3959868577026399,0.0,0.0,0.0,0.0,0.35063938437670716,0.41256961403565373,0.4244963727804446,0.43689441187968076,0.0,0.3483700506452841,0.0,0.0,0.3594751388513228
0.2717546509488653,0.3587431188848451,0.40693639742289983,0.29662421262213573,0.3107572237414789,0.3365512036120679,0.2600618087163975,0.38293664698490637,0.32888632277169544,0.3634580037514985,0.41353490270090726,0.3296762332003244,0.0,0.3130452125113538,0.38498600037203645,0.39626566868889596,0.3630096813498198,0.357099871301099,0.40940598389050037,0.3528913770339302,0.0,0.3666863795450527,0.38279222608487845,0.35199207086521805,0.36528148387446235,0.3732030544654326,0.3793137854189686,0.2827878860823911,0.3352886711930552,0.27677929454588374,0.3710551513688814,0.35120775625768064,0.35705222725950997,0.35382567940227017,0.375731320652512,0.3143753932778633,0.3142368195083242,0.325839186928325,0.32771993999161086,0.259449682875592,0.23926320939755336,0.24285558792075737,0.3637646529423699,0.2668176207933834,0.0,0.0,0.22656411340499197,0.37768185246434827,0.0,0.0,0.3759774950023273,0.288023875343303,0.3889795430806462,0.3113547637682066,0.0,0.3269760466012674,0.2761671746523315,0.2578729612182878,0.0,0.29330024642890423,0.0,0.0,0.26513256845885474,0.3397735694239597,0.3172391071806838,0.0,0.2474521842596037,0.44232211714127295,0.0,0.2629160980819003,0.28169455403826715,0.4288913775184514,0.19255728805268457,0.38269595227178027,0.0,0.3027807196529698
0.42638677321224505,0.0,0.3794507223352587,0.266932629487832,0.2696275764267742,0.36619959345800285,0.2976193245244022,0.3349100294040237,0.3476635681532888,0.0,0.2664942175424457,0.0,0.3130452125113538,0.0,0.0,0.0,0.0,0.0,0.34164924658659673,0.0,0.39423600273554144,0.0,0.3270555409310009,0.36695793360580814,0.0,0.3578257733374234,0.39053482155603486,0.2491573140960259,0.0,0.0,0.0,0.2568526950041442,0.0,0.0,0.0,0.2473918729929116,0.20039529880404852,0.0,0.0,0.0,0.0,0.0,0.0,0.0,0.0,0.0,0.0,0.4023283181759624,0.0,0.0,0.0,0.3357837155519975,0.0,0.400850541413782,0.0,0.3157341298549706,0.0,0.0,0.0,0.0,0.0,0.0,0.0,0.41194933791916677,0.0,0.0,0.0,0.37574756048985114,0.0,0.0,0.0,0.3211789018527496,0.0,0.0,0.0,0.0
0.30288558036388596,0.35541986627135663,0.0,0.0,0.0,0.39178568290757265,0.0,0.0,0.0,0.0,0.0,0.0,0.38498600037203645,0.0,0.0,0.368960610754453,0.0,0.35470247804529337,0.0,0.30768054735248074,0.34453120675564847,0.30961339778349894,0.3235256702822114,0.2969406875103721,0.34305607207210104,0.3220228079302787,0.3536842729086151,0.36954043843008527,0.35505273019734085,0.3743537112879982,0.3585587117199648,0.380595954327791,0.3421176564817781,0.37750763300839413,0.4228738363123852,0.4476309841579309,0.0,0.0,0.41620941328136624,0.4280423374188781,0.4494134098636556,0.44802665681899867,0.0,0.0,0.0,0.0,0.41371415766557507,0.3604029262479488,0.0,0.0,0.4184552471561378,0.0,0.44896999911314006,0.3041389283762539,0.0,0.0,0.0,0.3309764248942723,0.0,0.45281452511937786,0.28965564063318117,0.0,0.0,0.0,0.44287285165018203,0.41260186561815265,0.45904727363322223,0.43577284073311895,0.0,0.2735782434229876,0.45311023589528626,0.4440207040991523,0.3731983850282872,0.4252165444071041,0.0,0.4368021655787906
0.3560229329640647,0.35059224563051017,0.0,0.0,0.0,0.35800904500124797,0.35971311094289526,0.0,0.3666974401126568,0.321962906963493,0.0,0.28725013774919744,0.39626566868889596,0.0,0.368960610754453,0.0,0.33184906230748873,0.2766831511651818,0.0,0.3837064249868339,0.3722602673035144,0.31662045070322403,0.37650443078431617,0.3314116725932557,0.3361543948428323,0.35833893033792746,0.38274673293816175,0.3781164041571791,0.37438535120858063,0.3637963889670935,0.32026608042161203,0.3741392353888573,0.3320090916324407,0.32877287794816984,0.38089242651619604,0.0,0.0,0.0,0.38664796407198826,0.34797715269797863,0.3798334817459894,0.40263488014752363,0.0,0.0,0.0,0.40673958750316086,0.4018539566204732,0.0,0.0,0.0,0.23632426753719818,0.0,0.0,0.0,0.3142789878427848,0.0,0.30953312071628153,0.2522317152594556,0.0,0.41613952769491086,0.3668146930056893,0.2899814635230027,0.36636349970029836,0.0,0.34873669632164006,0.0,0.39744606262413906,0.2795117949750145,0.3850144315601336,0.3780802097809377,0.4249103200057154,0.29024348237995884,0.0,0.2967956523701742,0.0,0.37268104789566464
0.3699080961954789,0.2786547391879904,0.29543910015517216,0.0,0.0,0.26955024049163107,0.0,0.0,0.28581274493381553,0.2947794917515364,0.3374034081094019,0.33241520798789215,0.3630096813498198,0.0,0.0,0.33184906230748873,0.0,0.30635664720626005,0.2788649160794612,0.31745237965018935,0.0,0.33513020889309836,0.0,0.36609379566033723,0.28845382422456683,0.33261211154251774,0.2846428794651357,0.36687519449479306,0.0,0.0,0.3211791186572563,0.3736306451389114,0.3092690319726588,0.32694627823893124,0.36512575338312914,0.0,0.0,0.2602014479026816,0.0,0.3639812380103401,0.37724943488471774,0.0,0.0,0.0,0.0,0.0,0.37658925297256907,0.0,0.0,0.0,0.0,0.0,0.0,0.0,0.42985225770549135,0.0,0.44090164169490825,0.0,0.0,0.0,0.31961992027025304,0.4208571732849184,0.3942827160652164,0.0,0.0,0.0,0.0,0.0,0.43542096602889546,0.40792409170218447,0.4262405852334527,0.0,0.0,0.0,0.0,0.3713864997623294
0.32231606120810585,0.33021667749444117,0.2941707081625649,0.0,0.0,0.3796059302693635,0.34725023618628786,0.4255620466141944,0.2907712801576463,0.3345701813237339,0.30383640809803397,0.31543742917913836,0.357099871301099,0.0,0.35470247804529337,0.2766831511651818,0.30635664720626005,0.0,0.2967150785427949,0.36072656809577114,0.3893213135558328,0.3283965369135736,0.3875627750858173,0.3311070744962531,0.31054337588386594,0.3264430449532579,0.38534779798249,0.3645523410899577,0.36051300731578295,0.0,0.3321211597558663,0.3527293155039149,0.31529630512000983,0.33414161430603134,0.36994728521962267,0.3525110665585717,0.0,0.0,0.3763284273129579,0.35143327671882646,0.3778639858259623,0.40085128693120303,0.0,0.0,0.0,0.3988353874250713,0.38491135014041533,0.0,0.0,0.0,0.24597706414313705,0.0,0.0,0.0,0.4210588316204022,0.0,0.441215560926119,0.0,0.0,0.3381202672168747,0.3656986579822523,0.43001941929427334,0.3910626683165115,0.0,0.2591427542355467,0.0,0.3745198025612414,0.2375593815457128,0.42409382577588284,0.39400061122947555,0.4084011061383468,0.24955699349140445,0.0,0.23387889829706449,0.0,0.3705528128341777
0.0,0.0,0.2825401702865174,0.32800057859160425,0.3207366701980024,0.31250745470767016,0.4032114286782562,0.3971577455286436,0.24374700536819519,0.4020754894854944,0.23983890737226038,0.30379051072391616,0.40940598389050037,0.34164924658659673,0.0,0.0,0.2788649160794612,0.2967150785427949,0.0,0.0,0.0,0.0,0.2598183731295271,0.28615323383066676,0.2707113134898613,0.2698344188419357,0.33724161928105584,0.41046128202821247,0.0,0.36989177249534033,0.4387841638684869,0.3608215333007223,0.3392964542668045,0.4416060935374303,0.4205793042102481,0.36279413609075406,0.38424867521685935,0.3582537192688937,0.378024283421735,0.0,0.2543440915042991,0.2657293364829737,0.3978927949936814,0.0,0.0,0.0,0.0,0.5189131799610163,0.0,0.0,0.44710404882336335,0.3831724273210715,0.5114179580795193,0.4843033687765715,0.0,0.24879808917100457,0.3000833283124395,0.3240897036686355,0.4338955662189352,0.0,0.0,0.0,0.0,0.45391765309807086,0.0,0.0,0.0,0.48514258938290167,0.0,0.0,0.0,0.47016793814383995,0.2875344755783264,0.0,0.0,0.36780765297746015
0.3702654818587583,0.36124130945942734,0.0,0.0,0.35819085926404964,0.345531724639484,0.3529288365815907,0.3322483081551487,0.35018293495841696,0.2824791479685109,0.0,0.0,0.3528913770339302,0.0,0.30768054735248074,0.3837064249868339,0.31745237965018935,0.36072656809577114,0.0,0.0,0.40841760708045366,0.3007505452885084,0.293050355226385,0.0,0.35559330467011663,0.37058804809454327,0.3252773646919797,0.26172019290351534,0.21991781189051834,0.2176596174412568,0.33551159781202133,0.3876397443336971,0.3413966184978195,0.38533733138436804,0.43820546024554136,0.4656221193435092,0.3988278952886025,0.24691257540474099,0.3894480959369324,0.39056091967848755,0.37391704223128563,0.4101791914325239,0.3509489603164583,0.0,0.0,0.0,0.3786766395311177,0.3297116369782079,0.0,0.0,0.3932165845426983,0.0,0.42916874675606154,0.31578659291703437,0.0,0.0,0.0,0.3122699294290047,0.0,0.4533800627521395,0.22502794869780662,0.0,0.2144816441540538,0.0,0.4342881564873206,0.44300949678953716,0.44710904042669086,0.4406841477456943,0.0,0.22914574860536874,0.45164204217327103,0.4428117013598475,0.34143807493511863,0.4091280907429644,0.31079721665643106,0.41295687681967547
0.3617447354418913,0.36184691267705854,0.3034961470278178,0.0,0.0,0.3974149866661456,0.0,0.3455140380716604,0.0,0.42903594453738425,0.0,0.41242417868153297,0.0,0.39423600273554144,0.34453120675564847,0.3722602673035144,0.0,0.3893213135558328,0.0,0.40841760708045366,0.0,0.37155919866753545,0.3368047578297247,0.457331458914715,0.3804530792073021,0.34210048480115884,0.3862757982377207,0.3719303406865124,0.3533186714213321,0.0,0.3519843130896577,0.37110961255957714,0.32357706834500044,0.35567264526063347,0.4206003966382586,0.0,0.0,0.3697228659942447,0.418443116955384,0.36772341153749594,0.3709176430696041,0.42036723278272903,0.0,0.0,0.0,0.37995739865846023,0.4238179242836545,0.0,0.0,0.0,0.4099739169147665,0.0,0.32794977204383696,0.0,0.39154499409951254,0.0,0.3741064952513619,0.3344761002968118,0.0,0.4307717002371114,0.3260962287561769,0.0,0.0,0.0,0.42957233521780913,0.34742298838229807,0.44346507614704045,0.41842687604098616,0.0,0.3328041270751228,0.44266171944050364,0.4426266509142519,0.359464372694501,0.41401289043615846,0.0,0.40679838068514906
0.34932949551007003,0.3267778476341693,0.0,0.0,0.36092344538600163,0.34748298434634195,0.36113167745213925,0.0,0.33151080226681295,0.29161351747725905,0.0,0.0,0.3666863795450527,0.0,0.30961339778349894,0.31662045070322403,0.33513020889309836,0.3283965369135736,0.0,0.3007505452885084,0.37155919866753545,0.0,0.36424998646878615,0.27244681462914416,0.3386988425695048,0.32739701752923384,0.3645647598967796,0.264131312908633,0.28843740777186044,0.23820352703047773,0.3292906157224135,0.37768159886607033,0.34712935874862483,0.3693728473352456,0.4217282762804159,0.4159290479669729,0.0,0.23046778670821513,0.3955589833365158,0.3975088601622353,0.42569380761806175,0.4300713431342453,0.4217434549203163,0.0,0.0,0.38254912441661915,0.4183605826027607,0.30302824579221804,0.0,0.0,0.3987077118112232,0.245620390088801,0.0,0.2720890837542484,0.0,0.0,0.3079469586386076,0.2416745153186613,0.0,0.45569350572050304,0.36544456405690967,0.0,0.3073125087743189,0.0,0.42672594533918934,0.43177983440033785,0.4413445458052222,0.4268009342944623,0.0,0.35924839162350874,0.4471103252313659,0.43003742141530776,0.28072588515016844,0.41818511158679766,0.0,0.4044524382866208
0.4021878221010178,0.3860733814263828,0.2625391868234355,0.3351407743673089,0.3498454398400495,0.3412852046382177,0.37698255875930703,0.31384151989967257,0.3611931018955553,0.37564263445104007,0.2633399719119249,0.37128434096225305,0.38279222608487845,0.3270555409310009,0.3235256702822114,0.37650443078431617,0.0,0.3875627750858173,0.2598183731295271,0.293050355226385,0.3368047578297247,0.36424998646878615,0.0,0.4527200557818125,0.3733320274249654,0.37837236623379095,0.29450051561483775,0.3710143555378436,0.35371704446168656,0.3741702550629088,0.3943941541892227,0.37179184405337157,0.33033718110692206,0.409328584628361,0.45072788707782097,0.34639935255126986,0.36391277188123433,0.3279322995695653,0.4397775634287861,0.40929885243201825,0.4581775969129615,0.4663202889168514,0.43130461139336146,0.3367747696144539,0.0,0.0,0.36727674137174227,0.48673970353523305,0.0,0.0,0.43743105279304245,0.44940281381196806,0.41916206671728423,0.4668685260956043,0.29996430903626714,0.45239955955782646,0.0,0.4386218105889105,0.4531826946829098,0.44573934744452565,0.25017709329775467,0.0,0.0,0.4756672151214141,0.4562472224278163,0.4068302911872445,0.45371377309441097,0.45102507741500725,0.0,0.23823018089740922,0.4145099265495582,0.4492609150177198,0.43251054072986006,0.4365740961459759,0.4338571891991245,0.4523260818619071
0.3344461500140919,0.29994731560756954,0.0,0.0,0.0,0.2985267999017547,0.3857337313378527,0.46467564973766623,0.3375008417812399,0.29333044618980075,0.38277254840258085,0.274681796226858,0.35199207086521805,0.36695793360580814,0.2969406875103721,0.3314116725932557,0.36609379566033723,0.3311070744962531,0.28615323383066676,0.0,0.457331458914715,0.27244681462914416,0.4527200557818125,0.0,0.3262896587782198,0.30800104217855306,0.34598858445921893,0.35411818352832203,0.0,0.0,0.3189268711919656,0.336926652016429,0.2655242941031681,0.2579944290600461,0.3164768336105557,0.4190865475174241,0.2780677632633353,0.23902659215204353,0.40589343679056805,0.3121042022798952,0.3130046741808149,0.4707944310848078,0.0,0.0,0.2814847583978255,0.4034525898984312,0.39756427551883894,0.0,0.0,0.0,0.0,0.0,0.0,0.0,0.361793904659175,0.0,0.3936840614657107,0.0,0.0,0.0,0.38056693412909953,0.3655731861983546,0.40549157093347826,0.0,0.0,0.0,0.36051675614015366,0.0,0.37802269664151505,0.4030288994913198,0.4148496597318935,0.0,0.41714305981637384,0.0,0.0,0.3624409248887703
0.3230154289361234,0.3227504649858526,0.2866647540896457,0.0,0.0,0.3386352630417013,0.3351832087443749,0.4293583367012016,0.325971376652232,0.30760881951898983,0.3278858221995965,0.3246982884552207,0.36528148387446235,0.0,0.34305607207210104,0.3361543948428323,0.28845382422456683,0.31054337588386594,0.2707113134898613,0.35559330467011663,0.3804530792073021,0.3386988425695048,0.3733320274249654,0.3262896587782198,0.0,0.31113968672364,0.3686690655028261,0.3689543710702419,0.348858270908688,0.0,0.3432924780876779,0.35044218728410553,0.29971475147523985,0.3234557398537876,0.35607653741340706,0.0,0.0,0.2884852117411332,0.3905235031487446,0.36300072443228837,0.38332358645951564,0.3979976162651142,0.0,0.0,0.0,0.39655855719589517,0.40604867059397415,0.0,0.0,0.0,0.22586924546782683,0.0,0.0,0.0,0.43643513594786265,0.0,0.4341069853299236,0.2563017824328663,0.0,0.37999676628811846,0.3788440790961236,0.4254317736041797,0.3966470394893987,0.0,0.35382704724181774,0.3650610016040673,0.4040978742876939,0.26859222510115677,0.42787912016206514,0.3973866013790291,0.41166109473150964,0.2626804801575621,0.29376945193767057,0.32448307136537596,0.0,0.3778290191726844
0.29610876704653966,0.3372287545788945,0.2850910873766179,0.0,0.0,0.35026037573721547,0.30924129476735285,0.4192072176802402,0.3250807087814178,0.309716331480192,0.2696127098026964,0.26481354655087247,0.3732030544654326,0.3578257733374234,0.3220228079302787,0.35833893033792746,0.33261211154251774,0.3264430449532579,0.2698344188419357,0.37058804809454327,0.34210048480115884,0.32739701752923384,0.37837236623379095,0.30800104217855306,0.31113968672364,0.0,0.38957684864797654,0.3732229062984858,0.35222243357355204,0.0,0.33264913239396765,0.3564790803204257,0.3181508538590269,0.32997656123838354,0.36718233755797625,0.33593660473920245,0.0,0.29358710383650266,0.39428524913124313,0.37425885831247335,0.3896534170028515,0.4118017208107157,0.0,0.0,0.0,0.3936342064560528,0.421622749831772,0.0,0.0,0.0,0.3559519593103536,0.25501138039271254,0.0,0.278188248728171,0.44848761185051533,0.0,0.44921395649997986,0.2789685605762404,0.0,0.45716235667925603,0.3857698680973706,0.4287797003536778,0.406236190572696,0.0,0.42991404805894384,0.412052846926828,0.430174416397384,0.36165979857950253,0.42532013010160924,0.4030759883507202,0.4261446766668375,0.41033923707488357,0.3240071704350703,0.4172313739700029,0.0,0.38871634447928244
0.3537381348380226,0.3683933799463857,0.3241180983379713,0.3602467949932953,0.3777243799980956,0.3210865038219558,0.378138487982422,0.392546754719603,0.3350103727489615,0.38462774623531204,0.3413885060949381,0.2937848517070155,0.3793137854189686,0.39053482155603486,0.3536842729086151,0.38274673293816175,0.2846428794651357,0.38534779798249,0.33724161928105584,0.3252773646919797,0.3862757982377207,0.3645647598967796,0.29450051561483775,0.34598858445921893,0.3686690655028261,0.38957684864797654,0.0,0.37302098793768185,0.3236690340818439,0.3625645859439443,0.37342725407388355,0.38430090457887844,0.35038200201207786,0.40751531804392804,0.4368786279699333,0.39670541144489596,0.3870198727095384,0.30152126339348156,0.4286016062858011,0.3899604699348263,0.45987384909419177,0.42883335378115334,0.4490927654796849,0.2710281748253601,0.0,0.0,0.339856487643249,0.488571982739565,0.0,0.0,0.4427748964169419,0.42454076269841834,0.4500310297083505,0.47326922847557584,0.0,0.4149665486219834,0.3151036485210852,0.4139343497525481,0.4681548541655794,0.4441194429636598,0.0,0.0,0.0,0.47082306621580855,0.4592712339486943,0.42472213522015806,0.4498210109798289,0.45747340603129033,0.0,0.2256069187508745,0.41346972219904066,0.4532679289511406,0.4288292937807647,0.43876707083233313,0.410191716742867,0.45045086919766025
0.0,0.36402360394827804,0.41401087809944626,0.19246491358140316,0.3230290025511251,0.34320927696473547,0.34060359804617885,0.369527645750399,0.40469308246319463,0.35422266309360173,0.4146213047504475,0.3377023996263307,0.2827878860823911,0.2491573140960259,0.36954043843008527,0.3781164041571791,0.36687519449479306,0.3645523410899577,0.41046128202821247,0.26172019290351534,0.3719303406865124,0.264131312908633,0.3710143555378436,0.35411818352832203,0.3689543710702419,0.3732229062984858,0.37302098793768185,0.0,0.2606672980109836,0.26671372685323314,0.32911986129771886,0.3401813572833511,0.35028006012353236,0.33339220855809415,0.29896322375850204,0.22420272527006402,0.22934569721858952,0.31972734097627453,0.3587026389791501,0.0,0.29964775713118175,0.2678846689749549,0.37903122953410173,0.26101094835479294,0.0,0.0,0.24142407613846187,0.330631763738349,0.0,0.2942905510175757,0.41609015817074646,0.2831805164132075,0.38529937333605635,0.28946410512271487,0.0,0.2876403425726238,0.29866636713254846,0.28399157700419797,0.0,0.3901530181146944,0.0,0.0,0.0,0.28362504826602486,0.4204938126592148,0.0,0.3047718367296538,0.4415481985508002,0.0,0.275987347622986,0.3316488902601819,0.4363475492934399,0.3660927135300879,0.4017009616681222,0.32362956215738126,0.39940566328597205
0.0,0.35012821963108165,0.32345542547423967,0.0,0.0,0.30118229358036175,0.3496230296968223,0.3367347180100226,0.3244452531142731,0.30781498987903705,0.331513398955927,0.0,0.3352886711930552,0.0,0.35505273019734085,0.37438535120858063,0.0,0.36051300731578295,0.0,0.21991781189051834,0.3533186714213321,0.28843740777186044,0.35371704446168656,0.0,0.348858270908688,0.35222243357355204,0.3236690340818439,0.2606672980109836,0.0,0.2789891575283548,0.29411493355895296,0.3442769467517057,0.28996794018548666,0.35006914812808787,0.4063383185178213,0.37841111932093197,0.3501362744806624,0.0,0.4234244613723765,0.32987685683930507,0.42876580205460874,0.3945709750442156,0.361345617473775,0.2678288900554368,0.0,0.0,0.33540917663537523,0.3639732507373132,0.0,0.0,0.39794265374077153,0.29115119134681916,0.3718767598907116,0.2840057720979739,0.2906306328551931,0.3102578516417741,0.0,0.3284206579759944,0.0,0.41438516529247843,0.0,0.0,0.0,0.3196307244530627,0.43995850226463323,0.41453660335649334,0.36695995142700866,0.43490908654015703,0.0,0.19471290465426025,0.3924733283394504,0.4313744495354601,0.36849112969723186,0.4093659490760362,0.3570152609155834,0.42759141563208436
0.0,0.3393133669746402,0.3752339970224845,0.0,0.0,0.3595627593829811,0.36837294254691394,0.35179503815093094,0.387888328152872,0.3068152862919983,0.0,0.0,0.27677929454588374,0.0,0.3743537112879982,0.3637963889670935,0.0,0.0,0.36989177249534033,0.2176596174412568,0.0,0.23820352703047773,0.3741702550629088,0.0,0.0,0.0,0.3625645859439443,0.26671372685323314,0.2789891575283548,0.0,0.3227724925687909,0.36579530411019123,0.27640726026121604,0.364154306256471,0.40820597357434457,0.37662836831999935,0.32313612252769,0.0,0.43694606375805417,0.0,0.40979265915552016,0.0,0.0,0.0,0.0,0.0,0.0,0.34755623740212566,0.0,0.0,0.4037116522399512,0.2988800542924147,0.31803664280358,0.3225180662149257,0.0,0.0,0.0,0.2883818050781345,0.0,0.0,0.0,0.0,0.0,0.0,0.4359425171664449,0.0,0.0,0.43639311485102794,0.0,0.0,0.0,0.43451350790056537,0.327848246454062,0.38491154408455786,0.0,0.38457198493268063
0.32867014445346054,0.31823290842065916,0.4375024625768927,0.3708926343248756,0.4240367568722268,0.3882149504231051,0.37283671898078563,0.404715289185721,0.4341619807124167,0.29252244117516035,0.4422237971316345,0.29661297657776314,0.3710551513688814,0.0,0.3585587117199648,0.32026608042161203,0.3211791186572563,0.3321211597558663,0.4387841638684869,0.33551159781202133,0.3519843130896577,0.3292906157224135,0.3943941541892227,0.3189268711919656,0.3432924780876779,0.33264913239396765,0.37342725407388355,0.32911986129771886,0.29411493355895296,0.3227724925687909,0.0,0.35754652256348873,0.3027363235872943,0.2650103821268885,0.31425187114007236,0.32146387487446826,0.3243809588033905,0.2632075950806213,0.39648655136029404,0.3664558366643036,0.3460402599740901,0.0,0.38270911629356963,0.0,0.0,0.38596688715683214,0.3998923171937021,0.344183067339409,0.0,0.0,0.4220407204118504,0.2839582976219444,0.44550851771960026,0.2882042051562249,0.4071088051155586,0.336308170512189,0.4286378726301892,0.31179870504649154,0.0,0.4277242997335413,0.37233439457225376,0.382242592964898,0.3640736714802542,0.3154211991078889,0.4047776900979436,0.0,0.40112407888445717,0.46048365335050195,0.42005765761822744,0.39308304412313766,0.40952274483214424,0.451234606874331,0.33309782985412495,0.4145950689148082,0.0,0.3825778042047522
0.35657663287931335,0.3560591456153528,0.3906520843183937,0.2707203294500818,0.28178501605349665,0.36868241437207927,0.3447958183281224,0.3341595445667322,0.39057488617835695,0.3037257818197635,0.31576457561992594,0.2777622037335157,0.35120775625768064,0.2568526950041442,0.380595954327791,0.3741392353888573,0.3736306451389114,0.3527293155039149,0.3608215333007223,0.3876397443336971,0.37110961255957714,0.37768159886607033,0.37179184405337157,0.336926652016429,0.35044218728410553,0.3564790803204257,0.38430090457887844,0.3401813572833511,0.3442769467517057,0.36579530411019123,0.35754652256348873,0.0,0.3130430952519985,0.33318647899302484,0.35092301632102935,0.2351951205917264,0.28953364172402574,0.26139343715354885,0.2676481339982854,0.28024937165783437,0.30162147250212373,0.30626643015942556,0.2879742613035707,0.29708704262868296,0.25821727384981386,0.3713655327754981,0.4108609000215132,0.4244284226418278,0.0,0.0,0.4156051994652778,0.3559013876045601,0.40663674365973196,0.3908713875719332,0.304797775666891,0.3044428239366743,0.24568676254068436,0.39979740952021386,0.0,0.40437826766614154,0.37265521659154877,0.3035107279199052,0.3172363208890419,0.37564537246643764,0.38872760631388836,0.38637086580430047,0.39439004199439087,0.4404100597953816,0.2263767650959572,0.37740002442012216,0.40600462340278265,0.4280664872902936,0.3394867210581321,0.41718487660679204,0.0,0.40784823278939303
0.309394870068225,0.3181919964280186,0.2957464580978121,0.3134593086149126,0.0,0.35433189341249555,0.3087838855727588,0.3878320885595536,0.37796295064693153,0.28537257335414334,0.3737640148909132,0.27698832049724686,0.35705222725950997,0.0,0.3421176564817781,0.3320090916324407,0.3092690319726588,0.31529630512000983,0.3392964542668045,0.3413966184978195,0.32357706834500044,0.34712935874862483,0.33033718110692206,0.2655242941031681,0.29971475147523985,0.3181508538590269,0.35038200201207786,0.35028006012353236,0.28996794018548666,0.27640726026121604,0.3027363235872943,0.3130430952519985,0.0,0.24616516367837954,0.36742429047116976,0.24983728863070553,0.26774458936851075,0.1796750912299297,0.2855523951147002,0.28070580025853953,0.26686598519986066,0.33092981548892564,0.0,0.29346990898337233,0.24097815489233643,0.3870467001198399,0.38439283379508904,0.0,0.0,0.0,0.3733814091833046,0.0,0.0,0.0,0.34186393725604947,0.0,0.3685001883161559,0.2651729827932826,0.0,0.44250042542931173,0.34477662674683357,0.3098879067800812,0.3015250305426722,0.0,0.40125704512364935,0.0,0.39884572316692085,0.4138126765194975,0.3548352440878141,0.3576430217086914,0.3949241469330689,0.41364419250576717,0.29819315183085043,0.36304160107167044,0.0,0.32332791328806276
0.3092306717611805,0.3198416764426591,0.46001263194060665,0.26005952578604563,0.40389750894011855,0.4015126649915848,0.35930515018718967,0.40766372402002315,0.4389108456718891,0.2674920774814373,0.4373663091600697,0.25403575113559956,0.35382567940227017,0.0,0.37750763300839413,0.32877287794816984,0.32694627823893124,0.33414161430603134,0.4416060935374303,0.38533733138436804,0.35567264526063347,0.3693728473352456,0.409328584628361,0.2579944290600461,0.3234557398537876,0.32997656123838354,0.40751531804392804,0.33339220855809415,0.35006914812808787,0.364154306256471,0.2650103821268885,0.33318647899302484,0.24616516367837954,0.0,0.25798678984262163,0.3485684103286245,0.2677040772732694,0.20932938537467474,0.3061010138382112,0.3072044294530501,0.30054905319273845,0.33908204448886464,0.31242827614193014,0.3028427543150524,0.2591276702304535,0.36894072456013627,0.4058620194735043,0.33723160083790255,0.24273854077379697,0.0,0.4121406116805481,0.2707224149342313,0.4305382517181858,0.26750892906566004,0.32041157587991165,0.2977647536410119,0.34336325136606605,0.2238795162782702,0.0,0.44545849570077894,0.38296285496599913,0.3409257789667175,0.3658206244042297,0.3233326324159217,0.425084481958805,0.4011700793202901,0.42795916139106416,0.4675511943220657,0.39622774649072784,0.38248196814668173,0.41339684970625407,0.46056652694196115,0.2657129945357771,0.4331512844915293,0.0,0.314600568523164
0.3577233708944699,0.37688084698437846,0.4425273059984415,0.29846791860626626,0.3707940077242473,0.4080966244626579,0.36577923874572893,0.412350470447564,0.4627055627972392,0.2874763666273198,0.420243193452365,0.301870128725456,0.375731320652512,0.0,0.4228738363123852,0.38089242651619604,0.36512575338312914,0.36994728521962267,0.4205793042102481,0.43820546024554136,0.4206003966382586,0.4217282762804159,0.45072788707782097,0.3164768336105557,0.35607653741340706,0.36718233755797625,0.4368786279699333,0.29896322375850204,0.4063383185178213,0.40820597357434457,0.31425187114007236,0.35092301632102935,0.36742429047116976,0.25798678984262163,0.0,0.41422181952150117,0.3190628336579906,0.26512701508558484,0.30375279781713355,0.31188855639558,0.29938431620619343,0.336149009535538,0.28522381973095573,0.2876124243955211,0.2957093942063333,0.4550634435740415,0.42708173871855076,0.336106986625335,0.0,0.0,0.33638344884930843,0.2719280176662361,0.0,0.24681926115722475,0.0,0.22417266874869934,0.3039203525967494,0.21563118238394485,0.0,0.47182655997433465,0.3835300947469938,0.0,0.38421883761016984,0.25247748391528113,0.38380289167875636,0.0,0.417905171924992,0.46704811471617347,0.2866600349951037,0.3937093400706584,0.43098565814219736,0.4199689858246001,0.25767226733047527,0.41796398300391424,0.0,0.2325726050725446
0.34471662475689835,0.0,0.38870152768312755,0.19642361321707968,0.22280354921240103,0.38251835543921014,0.287931684658314,0.2703054193855499,0.37652025052270327,0.2359287110673129,0.2740534884322319,0.30129304819688996,0.3143753932778633,0.2473918729929116,0.4476309841579309,0.0,0.0,0.3525110665585717,0.36279413609075406,0.4656221193435092,0.0,0.4159290479669729,0.34639935255126986,0.4190865475174241,0.0,0.33593660473920245,0.39670541144489596,0.22420272527006402,0.37841111932093197,0.37662836831999935,0.32146387487446826,0.2351951205917264,0.24983728863070553,0.3485684103286245,0.41422181952150117,0.0,0.18338258796540063,0.3083780386575337,0.2517289600968295,0.0,0.31584826680706535,0.3203600099463675,0.3191418968547566,0.37604894283343554,0.0,0.0,0.0,0.4088192273063316,0.0,0.0,0.4111117479520006,0.36265155351480566,0.36667795170375145,0.4045361502728041,0.0,0.3279039672512965,0.26840228673662975,0.35456258141873304,0.0,0.0,0.0,0.0,0.0,0.38327424268678295,0.0,0.0,0.0,0.4348280306054229,0.0,0.0,0.0,0.4189074267306363,0.3682839183862375,0.34855090830236746,0.0,0.3563122800332942
