0.0,0.2541952668787717,0.25633780064247363,0.0,0.0,0.2193164652712605,0.18977730866064726,0.3631448745992403,0.0,0.27850090107289344,0.0,0.27934264926114816,0.22670970163721538,0.0,0.24356720896403242,0.2535723908350665,0.24820688923381157,0.24889244979272504,0.0,0.2712959810191392,0.30007710469045407,0.259763639617838,0.3264256383437185,0.2777983776174768,0.23756037094782245,0.2590150892830229,0.30458816942991296,0.2432357168947709,0.2643552300106525,0.22643140289041197,0.2435524942192876,0.29687298639410303,0.22329129343124066,0.24857640863314914,0.2819110382729288,0.0,0.0,0.0,0.3118708637828226,0.2895071548653315,0.290320904793704,0.0,0.0,0.0,0.0,0.28228814458974705,0.3126167215230237,0.0,0.0,0.0,0.24279333038141124,0.0,0.0,0.0,0.0,0.0,0.31582178065714056,0.0,0.0,0.0,0.30514534282144,0.0,0.27793016452287855,0.0,0.0,0.29004407510335767,0.307212096104632,0.3308957824082871,0.2999296257941031,0.2930800473824807,0.30405301273373225,0.0,0.0,0.0,0.0,0.2518282184548025
0.2541952668787717,0.0,0.21404524762741703,0.0,0.2659971719256841,0.25416792325446813,0.24836933423618476,0.2874555487519109,0.22466237542150333,0.18698819942964356,0.0,0.0,0.270455291938102,0.0,0.26094010574451915,0.2606961627477334,0.0,0.25424030438723516,0.0,0.2829410536066476,0.2719544853966534,0.2603854390024337,0.25757691289326956,0.0,0.24028855629793766,0.26278273951067893,0.2715019772786826,0.2595991758298776,0.27392090345541054,0.25796764438543246,0.2366701140358841,0.28736663932590967,0.2290162265939339,0.24431152932907657,0.29253687816445856,0.0,0.0,0.0,0.3197654135072165,0.2966638394925739,0.2995056071387639,0.33189641421657873,0.0,0.0,0.0,0.3085187335748411,0.3118383534163377,0.0,0.0,0.0,0.2542077233716115,0.0,0.0,0.0,0.0,0.0,0.0,0.1847343325032785,0.0,0.3137203228576806,0.3034096531135597,0.0,0.2542119017426544,0.0,0.2998292742325665,0.3144188533625765,0.31057978973842104,0.2896872515436059,0.3336355816461963,0.2851070470465867,0.3175565468777942,0.29123833637425933,0.20734630594399228,0.2945883091871385,0.0,0.2900265017444434
0.25633780064247363,0.21404524762741703,0.0,0.2739274291889688,0.28184235517489625,0.2691096352551243,0.3035260253926062,0.2716966431665951,0.21545321327774594,0.27724458368336463,0.24419741915055052,0.24488865240749189,0.29610229591525244,0.27195830234823404,0.0,0.0,0.25685299444901,0.27107861819944373,0.21056247348436546,0.0,0.22571510408201112,0.260019389294849,0.1968875824980316,0.2579502102267519,0.20832190622940822,0.23624554153973165,0.20046038772265568,0.288696331708603,0.23855773237522834,0.27359518618195405,0.30258848652857395,0.2768554220773871,0.2482640556009741,0.29625668632641666,0.2873950830200607,0.2505424888614277,0.29017881337660706,0.22039127237053363,0.3356758572687325,0.0,0.3282105562700123,0.0,0.3450397891397106,0.27684969863833697,0.0,0.0,0.0,0.3771801964583923,0.0,0.3731183099818033,0.378665972146496,0.3677686774278614,0.38420942752532955,0.39294363272684446,0.0,0.36609155031827284,0.0,0.3502726017854578,0.3542274093097537,0.0,0.0,0.0,0.0,0.2604846743204557,0.0,0.0,0.0,0.38639860454858826,0.0,0.0,0.0,0.3858410846767828,0.31334519602766275,0.23616307939234843,0.0,0.3257701636705964
0.0,0.0,0.2739274291889688,0.0,0.1433580539278827,0.26140241155339006,0.14150073660884668,0.20156400243838085,0.2713861347737541,0.21423133936542732,0.2326251756749794,0.0,0.2040521826263128,0.18887190013725752,0.3085363367499025,0.0,0.2400698144463536,0.0,0.0,0.3242177112585491,0.0,0.33368090124766375,0.27321413341618966,0.19451893877290516,0.0,0.0,0.29353495110420613,0.15897666422752446,0.2552024603836149,0.0,0.1826083271040506,0.20249310922757666,0.15471890443954694,0.20679611499468942,0.20283189575704472,0.14071259633660044,0.1246019887568535,0.15138773929062477,0.17639695219444926,0.0,0.0,0.0,0.0,0.0,0.0,0.0,0.0,0.0,0.0,0.0,0.0,0.0,0.0,0.0,0.0,0.0,0.0,0.0,0.0,0.0,0.0,0.0,0.0,0.0,0.0,0.0,0.0,0.0,0.0,0.0,0.0,0.0,0.0,0.0,0.0,0.0
0.0,0.2659971719256841,0.28184235517489625,0.1433580539278827,0.0,0.2766112589348909,0.22886920883489625,0.2569407776019093,0.24722154161587084,0.277636515907046,0.2125706175752059,0.2850473429547386,0.28205951887851016,0.19825490977317545,0.0,0.2655397647711976,0.2772461001481319,0.2464617318887392,0.2755831450739863,0.28255685570510464,0.0,0.2814399359523985,0.2794030107140539,0.25404946088279157,0.2696203148457463,0.0,0.2768777369184089,0.2603181101227647,0.25829248584642067,0.0,0.3006148256277085,0.2465251246296032,0.2413041744578796,0.29062793261029524,0.2893350190241404,0.13688000811768844,0.10580797478818421,0.24746228974390794,0.0,0.0,0.0,0.0,0.0,0.0,0.0,0.0,0.0,0.348902871662562,0.0,0.0,0.3275054237963112,0.2839390354077633,0.0,0.3217823412274054,0.0,0.3091346288487447,0.0,0.2529747889148424,0.0,0.0,0.0,0.0,0.0,0.3430810917284501,0.0,0.0,0.0,0.35727137578094703,0.0,0.0,0.0,0.33436924611921065,0.2564225239300951,0.0,0.0,0.0
0.2193164652712605,0.25416792325446813,0.2691096352551243,0.26140241155339006,0.2766112589348909,0.0,0.27962139024472316,0.2773773872981859,0.243054410665455,0.28659405151808826,0.27738921563094654,0.25546365238834184,0.2561228069592318,0.0,0.2678276149026105,0.27279113900325325,0.2338679210839493,0.2660422076147152,0.2512602146070512,0.2758612934524383,0.2460979632139326,0.27737966681970955,0.2635872993061706,0.2183962252475662,0.23412190101776595,0.24758759035267647,0.2457716822630713,0.25162077465957366,0.24318576869724357,0.2689336366582914,0.28645966894065594,0.276885729811944,0.2423577322119141,0.2899015808031891,0.29966954209173446,0.29226559151348164,0.27282334087773685,0.2281109671993809,0.3386164708860871,0.0,0.3598215644632165,0.3286126370203555,0.24894822222871862,0.2265136067666385,0.0,0.20007774290312844,0.2153561954872492,0.35709368716126016,0.0,0.31194473884021784,0.3389370510293941,0.3423058033657298,0.3303763567783042,0.3576212688179134,0.0,0.32445563206691497,0.0,0.33370057684722587,0.0,0.26932063565504843,0.18574432250706033,0.0,0.0,0.3399602519294454,0.3024437115097397,0.2423398431163936,0.2643614912393622,0.34615770189293277,0.0,0.19194254056242221,0.2408147541230637,0.3364713052241178,0.3403359982520969,0.32108774151514663,0.3233806890548516,0.3508793857459749
0.18977730866064726,0.24836933423618476,0.3035260253926062,0.14150073660884668,0.22886920883489625,0.27962139024472316,0.0,0.2885443428253948,0.26830306232052203,0.22791899224740228,0.29731106967939774,0.24983186287038783,0.22831394874099156,0.20961167263970873,0.0,0.26450606547822064,0.29059506334509266,0.25847358888006233,0.3064053397323774,0.2821044394687432,0.24301512010264106,0.2858036284002988,0.28991783577250585,0.2536791041073219,0.2256250470935918,0.23567573786618662,0.28482317025325266,0.2299525150149037,0.2666157580540047,0.0,0.28332839104331375,0.28023711857933936,0.23137304326838284,0.27093785765947226,0.27312156153983685,0.1829541741951681,0.14267417633034843,0.23776751922521558,0.23340803915956473,0.24214696382578518,0.2022630535761072,0.2096485263884382,0.26973821856713404,0.0,0.22457141533363306,0.0,0.21630743797278437,0.3197832452307839,0.0,0.2437604614772719,0.3304048524228071,0.28317485665437336,0.3097238145887066,0.2959276408035222,0.0,0.2818127032169025,0.0,0.2517312279667193,0.0,0.0,0.0,0.0,0.0,0.2746944086885907,0.2369536590011564,0.0,0.0,0.3544250559702583,0.0,0.0,0.2107963089761282,0.33658605601380487,0.25946051355117666,0.25110671653555283,0.0,0.0
0.3631448745992403,0.2874555487519109,0.2716966431665951,0.20156400243838085,0.2569407776019093,0.2773773872981859,0.2885443428253948,0.0,0.31678553801659587,0.2851918262639374,0.2213341858414987,0.31232363399695506,0.29423114415546764,0.24318679701356907,0.30751768611294217,0.31317296988568816,0.2377783327885926,0.3292969839199996,0.23980848525375772,0.2869591722025405,0.2893683950582853,0.2970763004564566,0.24047191923167194,0.3753486502053267,0.3245041923039162,0.33780494310616893,0.2935333455160705,0.2788284585500887,0.23319754194804684,0.2807021099632499,0.30756957947681646,0.2662443145642929,0.327323641142991,0.3096745047123684,0.28148630721046825,0.1724770475434053,0.13044035631991469,0.0,0.33078398665241665,0.0,0.34453996078408394,0.0,0.2648059177080681,0.0,0.0,0.0,0.0,0.3672796542884734,0.0,0.0,0.32821048093218463,0.32945259088086215,0.27016123846588214,0.37362316411698243,0.0,0.33700161033703063,0.0,0.3189059927273194,0.0,0.3380538626839689,0.0,0.0,0.0,0.35242015009188304,0.3496778186539116,0.27992882944635683,0.0,0.34138395518416287,0.0,0.0,0.0,0.3361194135389424,0.32452554219842383,0.31223380572176146,0.29521050889413447,0.34189925185772757
0.0,0.22466237542150333,0.21545321327774594,0.2713861347737541,0.24722154161587084,0.243054410665455,0.26830306232052203,0.31678553801659587,0.0,0.3075260318331026,0.21634850969192826,0.2863338536859675,0.25713878136221263,0.2693734639120065,0.0,0.25346847026434705,0.24425058443382378,0.22942673990356938,0.18836044910352306,0.27141811103961017,0.0,0.26550639473751503,0.27872436395197603,0.2527306157445869,0.20299810301184462,0.25170321290738334,0.23792345313253732,0.2905830676310222,0.2334833478400267,0.26018742066985456,0.306907736751483,0.2857216612643742,0.273466532054453,0.3031489732251466,0.28855341181948657,0.2646784403198636,0.26550754581769265,0.25848601287912704,0.3317616153662157,0.2199482524678104,0.26505771770249936,0.0,0.3376663629328172,0.25861130350877287,0.0,0.0,0.0,0.38566018258223267,0.0,0.3451528508070147,0.36723639968534794,0.34409815126014764,0.3662498639604128,0.3726252147844858,0.0,0.365716699609687,0.0,0.30816566740125756,0.0,0.0,0.0,0.0,0.0,0.3729592029288511,0.0,0.0,0.0,0.37518550391778915,0.0,0.0,0.0,0.3693293719037597,0.29239645626372457,0.25981012631066486,0.0,0.28821264354919124
0.27850090107289344,0.18698819942964356,0.27724458368336463,0.21423133936542732,0.277636515907046,0.28659405151808826,0.22791899224740228,0.2851918262639374,0.3075260318331026,0.0,0.3004582284622694,0.2075637217229454,0.28285310546120584,0.28817378633503643,0.0,0.20521554871226394,0.2192895065408042,0.22776371612176638,0.2934421334866075,0.28346770928577314,0.0,0.22373417214194574,0.2808220015712235,0.20860409861479054,0.2169508017730923,0.22185861547991878,0.2790440737184095,0.24855456406274634,0.23703377844493836,0.0,0.21883610919552748,0.20492145123493222,0.20351816594968228,0.20331445089168762,0.2213744176618556,0.1827654926104081,0.16172136727356187,0.1878260538692183,0.17873516253603078,0.25487253270806115,0.21941639216491451,0.2163416135089089,0.23374284095210437,0.0,0.2535773385155876,0.3116796894359893,0.0,0.0,0.0,0.0,0.0,0.0,0.0,0.0,0.3121261023379371,0.0,0.31147296716596057,0.23428294592580562,0.0,0.0,0.0,0.31146462714824846,0.31513849132637456,0.0,0.0,0.0,0.0,0.2499508316625127,0.30602736989823043,0.2995539238848537,0.31087511476338064,0.0,0.26221949845392106,0.0,0.0,0.29803561620992436
0.0,0.0,0.24419741915055052,0.2326251756749794,0.2125706175752059,0.27738921563094654,0.29731106967939774,0.2213341858414987,0.21634850969192826,0.3004582284622694,0.0,0.28936639767679795,0.30769983943022094,0.21557016346186686,0.0,0.0,0.2621164527850235,0.2552298378625165,0.1982903062571873,0.0,0.0,0.0,0.20201917657905372,0.2745446244426924,0.26013630745794897,0.2378616159108565,0.269266751764562,0.3053058351341279,0.0,0.0,0.319856911765023,0.2466691393629911,0.2657004330976417,0.312049442491246,0.29823372938601084,0.20229544618266182,0.10754511657384978,0.26775200105864394,0.25224999567752143,0.23884317291661825,0.23619498791961582,0.22045254713423765,0.2554247635495785,0.0,0.0,0.0,0.0,0.2978329939415309,0.0,0.2671830034633922,0.33098315574804016,0.2893898424830723,0.302012630373638,0.3141402370037742,0.26104959355327795,0.1798363771406283,0.26920096913138813,0.2737785896909562,0.2791538159514233,0.0,0.0,0.0,0.0,0.1851481432436357,0.0,0.0,0.0,0.34424887212817873,0.0,0.0,0.0,0.34330152233616906,0.26714770033076396,0.0,0.0,0.27322407872459353
0.27934264926114816,0.0,0.24488865240749189,0.0,0.2850473429547386,0.25546365238834184,0.24983186287038783,0.31232363399695506,0.2863338536859675,0.2075637217229454,0.28936639767679795,0.0,0.290227461623885,0.0,0.0,0.18480059952416983,0.2367303186008206,0.22415119782321827,0.26178698974466624,0.0,0.0,0.18561384701174982,0.2715099043744992,0.19324565061743693,0.23629023239132393,0.2189725866135564,0.2429787413842354,0.2581061317412049,0.0,0.0,0.2406986395251486,0.20131596450443393,0.20165922267945938,0.19783292041891942,0.21666019058243408,0.19220139209667447,0.13690584761183144,0.17389914019821895,0.19400094874927434,0.2713799947262244,0.22194818046280554,0.23405110752924885,0.0,0.0,0.2665696816149346,0.2673875079891834,0.0,0.0,0.0,0.0,0.0,0.0,0.0,0.0,0.30813569483605957,0.0,0.3090793986187273,0.24270430378723454,0.0,0.0,0.0,0.3092170191723606,0.29424036324595365,0.0,0.0,0.0,0.0,0.0,0.30184763721865093,0.30194195056296846,0.30727872260146166,0.0,0.26241533660608385,0.0,0.0,0.2935010878653193
0.22670970163721538,0.270455291938102,0.29610229591525244,0.2040521826263128,0.28205951887851016,0.2561228069592318,0.22831394874099156,0.29423114415546764,0.25713878136221263,0.28285310546120584,0.30769983943022094,0.290227461623885,0.0,0.26768707667623604,0.0,0.29165540328785056,0.29353459574364776,0.28561048515624654,0.3046338408961717,0.2802014014409809,0.27373020012071664,0.28863858154343164,0.2833901844494022,0.2357453068000863,0.27433281500502965,0.2890509930669586,0.2861301097721878,0.2233244082573917,0.24665770099330758,0.2553217234452374,0.27385215985133776,0.27798194964716805,0.24927912585806794,0.28170073462143713,0.2730486236738376,0.24492977970787516,0.22707016191786622,0.2332415929461371,0.31597678345810987,0.22934287750502697,0.2491320109289774,0.2026452550801545,0.25649240384665756,0.0,0.27839727251686597,0.0,0.2028032283894998,0.31120383376683325,0.0,0.0,0.3240484413777803,0.27463375112907334,0.32949913067489334,0.27130797081335634,0.0,0.29569625804699035,0.2937992840276397,0.2501182077362705,0.0,0.27198276424745493,0.0,0.0,0.0,0.30822476862451575,0.28040375659818867,0.0,0.0,0.34578092178471187,0.0,0.2540486701757273,0.23267256420694346,0.3375200754795871,0.2875174471196652,0.29127697476059683,0.2899255212112049,0.2831774529300628
0.0,0.0,0.27195830234823404,0.18887190013725752,0.19825490977317545,0.0,0.20961167263970873,0.24318679701356907,0.2693734639120065,0.28817378633503643,0.21557016346186686,0.0,0.26768707667623604,0.0,0.0,0.0,0.0,0.0,0.24444624041642854,0.0,0.0,0.0,0.24939246191130254,0.0,0.0,0.2917985198142206,0.29693635612460895,0.18336957068686555,0.0,0.0,0.3057412808854017,0.20181495231460667,0.0,0.2779696749593425,0.23931450581443878,0.15751020105990662,0.13507763319939356,0.0,0.0,0.0,0.0,0.0,0.24295840490538312,0.0,0.0,0.0,0.0,0.32447356462139487,0.0,0.0,0.0,0.0,0.0,0.3290928413394747,0.0,0.26997580426551776,0.0,0.0,0.0,0.0,0.0,0.0,0.0,0.2938213141025374,0.0,0.0,0.0,0.318861263160587,0.0,0.0,0.0,0.3058114424722419,0.0,0.0,0.0,0.0
0.24356720896403242,0.26094010574451915,0.0,0.3085363367499025,0.0,0.2678276149026105,0.0,0.30751768611294217,0.0,0.0,0.0,0.0,0.0,0.0,0.0,0.2728975675142367,0.0,0.26385767846618396,0.0,0.23751263900240882,0.2535053485732937,0.26686270031273585,0.2454214678408868,0.31213432326192875,0.24851413338967213,0.2609608237250542,0.28908625353523687,0.25649697161613955,0.2753355342167946,0.0,0.2691410107657321,0.29866005205631796,0.23630333398907685,0.2872135925258899,0.3242661524768948,0.3525557523705595,0.0,0.0,0.32535274259916197,0.317156612851691,0.344655106920447,0.3635954079871986,0.0,0.0,0.0,0.0,0.31993713894345477,0.0,0.0,0.0,0.29502983104614405,0.0,0.36421668010558356,0.0,0.0,0.0,0.0,0.0,0.0,0.3278425618852404,0.299741625843577,0.0,0.0,0.0,0.3232031780525744,0.3265418000651622,0.32572809907677136,0.3225577171242854,0.0,0.21650194682963544,0.3467097598471626,0.3263590804187805,0.33558628863480444,0.32040660090803424,0.0,0.3370025626895841
0.2535723908350665,0.2606961627477334,0.0,0.0,0.2655397647711976,0.27279113900325325,0.26450606547822064,0.31317296988568816,0.25346847026434705,0.20521554871226394,0.0,0.18480059952416983,0.29165540328785056,0.0,0.2728975675142367,0.0,0.2438115902568075,0.24406680931505625,0.0,0.2834790642986952,0.27484896206317155,0.25256413818053747,0.282619896410015,0.24382381484327584,0.24122574970815772,0.2670502110125244,0.28640085772920004,0.27790463126062037,0.29571366002891136,0.28817749830827055,0.24653705873674672,0.30415101356977714,0.250450495349277,0.26931630623059405,0.3047343317810273,0.0,0.0,0.0,0.3185817584550278,0.28946429190708595,0.2941828542576629,0.3241984142865324,0.0,0.0,0.0,0.30367981791315807,0.3084665963226918,0.0,0.0,0.0,0.21266777179525923,0.0,0.0,0.0,0.0,0.0,0.2371968793568828,0.0,0.0,0.3014289681749988,0.29605440628565727,0.0,0.2773646651423075,0.0,0.0,0.0,0.30271796347790014,0.24530666757984002,0.29847872586419655,0.29259069950508293,0.3063611939945176,0.0,0.0,0.2576991275315263,0.0,0.28973224788841623
0.24820688923381157,0.0,0.25685299444901,0.2400698144463536,0.2772461001481319,0.2338679210839493,0.29059506334509266,0.2377783327885926,0.24425058443382378,0.2192895065408042,0.2621164527850235,0.2367303186008206,0.29353459574364776,0.0,0.0,0.2438115902568075,0.0,0.22560517114470718,0.2626115116533508,0.2458216232164492,0.27036413261130704,0.237905423040114,0.2360112343310178,0.24530635754676913,0.22612265963677952,0.22677841680041497,0.2420824390691475,0.2622703951919672,0.22619329815271363,0.0,0.23939981100110747,0.28496766128254297,0.21633604271541537,0.251043438553118,0.2596545662956215,0.21087332100710685,0.0,0.1973113772918427,0.2941187199535556,0.25455201387154913,0.2721119867065392,0.2924487875682665,0.0,0.0,0.23558910417742135,0.26849719531543054,0.2739738744927824,0.0,0.0,0.0,0.0,0.0,0.0,0.0,0.30719009682382115,0.0,0.3112396314641599,0.0,0.0,0.0,0.2588180918991742,0.2885926069612795,0.2915974538433978,0.0,0.0,0.0,0.0,0.0,0.2966916245603561,0.2993635372075914,0.3055860903816654,0.0,0.0,0.0,0.0,0.26846958911163593
0.24889244979272504,0.25424030438723516,0.27107861819944373,0.0,0.2464617318887392,0.2660422076147152,0.25847358888006233,0.3292969839199996,0.22942673990356938,0.22776371612176638,0.2552298378625165,0.22415119782321827,0.28561048515624654,0.0,0.26385767846618396,0.24406680931505625,0.22560517114470718,0.0,0.262782352854543,0.27966189475364456,0.3030489843772853,0.26292113180929866,0.3034659541751169,0.23959647275222382,0.22493824229298448,0.23718033133931027,0.28102854532429705,0.28665291866495407,0.28697251531809975,0.2689257676390215,0.24205503272806536,0.2909721005760558,0.23060146009653706,0.264282963731435,0.2760488308591229,0.0,0.0,0.0,0.3069882859977575,0.27335790508372154,0.2884273966187327,0.3037063881756182,0.0,0.0,0.0,0.2921690428404844,0.29739552385901374,0.0,0.0,0.0,0.0,0.0,0.0,0.0,0.29063663993481087,0.0,0.29455628519650573,0.0,0.0,0.24090624907596317,0.2854673152975888,0.27890340414673587,0.2821649492889308,0.0,0.0,0.0,0.2860009050159279,0.0,0.29352881640717765,0.2935496681049795,0.2981200526118781,0.0,0.0,0.21793712924439484,0.0,0.2867113744995382
0.0,0.0,0.21056247348436546,0.0,0.2755831450739863,0.2512602146070512,0.3064053397323774,0.23980848525375772,0.18836044910352306,0.2934421334866075,0.1982903062571873,0.26178698974466624,0.3046338408961717,0.24444624041642854,0.0,0.0,0.2626115116533508,0.262782352854543,0.0,0.0,0.0,0.0,0.17513305722841957,0.23859733806174135,0.22176920788340776,0.24026712677644196,0.2611070053408681,0.29869373382423037,0.0,0.0,0.30656664044832954,0.2722570144107117,0.2668315430101111,0.2971833790452673,0.2945149057715842,0.24270985276468832,0.26392282465905237,0.2641661495092935,0.31354502186024136,0.0,0.0,0.0,0.3359303383536694,0.0,0.0,0.0,0.0,0.38519719789447315,0.0,0.0,0.35721881242515174,0.3356095590832257,0.35373653889036666,0.36925314094720435,0.0,0.3656923331813605,0.0,0.30529626770201385,0.0,0.0,0.0,0.0,0.0,0.36166194109411026,0.0,0.0,0.0,0.36116734137227346,0.0,0.0,0.0,0.36220233350287023,0.27125087990147523,0.0,0.0,0.0
0.2712959810191392,0.2829410536066476,0.0,0.3242177112585491,0.28255685570510464,0.2758612934524383,0.2821044394687432,0.2869591722025405,0.27141811103961017,0.28346770928577314,0.0,0.0,0.2802014014409809,0.0,0.23751263900240882,0.2834790642986952,0.2458216232164492,0.27966189475364456,0.0,0.0,0.28742757386682605,0.25389895083651304,0.2249246595567816,0.2611167286198631,0.26532760761193513,0.27908571058235837,0.24447158471980607,0.2582240548402886,0.2227035170597246,0.19676704312645352,0.25498549834697115,0.3214166484410355,0.2699350368999151,0.3027866615263572,0.35043616288385226,0.3581431997746729,0.3185192866549118,0.0,0.3233795123093433,0.2766351253904102,0.33230718190225106,0.3386546328009037,0.0,0.0,0.0,0.27358326990472437,0.29408940341309037,0.24270452658865216,0.0,0.0,0.2917420954119458,0.0,0.3324511840128955,0.23204064505361358,0.0,0.0,0.0,0.2686618852292861,0.0,0.310057671395659,0.23570433267141605,0.0,0.0,0.0,0.3254865507913997,0.3121960902814041,0.31034891860222363,0.3240077118800754,0.0,0.19217097546239253,0.3205885374637068,0.3283732147821053,0.316285449479997,0.3135203058936839,0.2831940249512206,0.32132288690956723
0.30007710469045407,0.2719544853966534,0.22571510408201112,0.0,0.0,0.2460979632139326,0.24301512010264106,0.2893683950582853,0.0,0.0,0.0,0.0,0.27373020012071664,0.0,0.2535053485732937,0.27484896206317155,0.27036413261130704,0.3030489843772853,0.0,0.28742757386682605,0.0,0.2848619770774553,0.26965802290180324,0.370862323470978,0.28546611697791074,0.28322318425489934,0.2952694491962491,0.27813833250099973,0.26909839081996945,0.2867167480278498,0.2769009578144383,0.30681070442293623,0.23973118318229997,0.28514326434041043,0.3328798075436359,0.0,0.0,0.0,0.33329603709410455,0.3149383408616863,0.3560242592512664,0.0,0.0,0.0,0.0,0.3022505296913471,0.334394537312344,0.0,0.0,0.0,0.2999122657754047,0.0,0.293410839639488,0.0,0.0,0.0,0.0,0.0,0.0,0.34071999997506164,0.30377060688580915,0.0,0.0,0.0,0.3353073884401461,0.31709483808902794,0.33279364535077277,0.33056379170235156,0.0,0.27456848592427824,0.34975873829095044,0.33351947305343593,0.3380128316813321,0.320815686679712,0.0,0.0
0.259763639617838,0.2603854390024337,0.260019389294849,0.33368090124766375,0.2814399359523985,0.27737966681970955,0.2858036284002988,0.2970763004564566,0.26550639473751503,0.22373417214194574,0.0,0.18561384701174982,0.28863858154343164,0.0,0.26686270031273585,0.25256413818053747,0.237905423040114,0.26292113180929866,0.0,0.25389895083651304,0.2848619770774553,0.0,0.30037580140762954,0.20595431074586934,0.25011368252003074,0.2733312564246854,0.2979610397547292,0.2837602785362546,0.2816530272370644,0.2854420186259707,0.25128821136051716,0.30992790795791125,0.258343743495237,0.28854014649893045,0.3341921376882411,0.3506549965172998,0.31878053582491717,0.1792832180794567,0.3165970804117594,0.3048430816532028,0.3180379014989336,0.3457329467118511,0.0,0.0,0.0,0.3050189012906906,0.31205103804454504,0.2554694510715048,0.0,0.0,0.2677490455339186,0.19022689330157805,0.34099994646079296,0.0,0.0,0.0,0.0,0.1963754012579776,0.0,0.3226060504250676,0.2966108026488817,0.0,0.22133735042723224,0.0,0.311327705160114,0.3221787949895008,0.3153954448298555,0.31468445748952184,0.4714863291591994,0.2722518172669184,0.32642072909921155,0.3074567696570954,0.24519929352034336,0.2997950652033338,0.0,0.2750984355210979
0.3264256383437185,0.25757691289326956,0.1968875824980316,0.27321413341618966,0.2794030107140539,0.2635872993061706,0.28991783577250585,0.24047191923167194,0.27872436395197603,0.2808220015712235,0.20201917657905372,0.2715099043744992,0.2833901844494022,0.24939246191130254,0.2454214678408868,0.282619896410015,0.2360112343310178,0.3034659541751169,0.17513305722841957,0.2249246595567816,0.26965802290180324,0.30037580140762954,0.0,0.36937915046933867,0.24294383379611098,0.2939683234473371,0.22718592242233213,0.2725914317400577,0.24552783231175496,0.2700945115319129,0.2907440174503149,0.28459029291229976,0.2614630484806757,0.29489056460300084,0.2872521340174723,0.25343457527495883,0.2712420443570453,0.23624591695652594,0.34942705654161227,0.0,0.36115973184821215,0.35633353844643584,0.31841669547034046,0.2950537760779571,0.0,0.3278025927541112,0.28724742224411665,0.35979471357845544,0.0,0.3664221042285805,0.34909322352922306,0.3497685987533015,0.3102506274854475,0.3800669363359645,0.0,0.36371839992058147,0.0,0.34650135592140013,0.35265386594542897,0.32307227757007567,0.2596489339483003,0.0,0.0,0.3667432673745905,0.3373969249888253,0.33885734035681553,0.3125614680424261,0.34548802271069873,0.0,0.20700332231162272,0.3049641912210156,0.35028587251488263,0.3464315692645416,0.3374907813801484,0.3544441129548219,0.36218646861928444
0.2777983776174768,0.0,0.2579502102267519,0.19451893877290516,0.25404946088279157,0.2183962252475662,0.2536791041073219,0.3753486502053267,0.2527306157445869,0.20860409861479054,0.2745446244426924,0.19324565061743693,0.2357453068000863,0.0,0.31213432326192875,0.24382381484327584,0.24530635754676913,0.23959647275222382,0.23859733806174135,0.2611167286198631,0.370862323470978,0.20595431074586934,0.36937915046933867,0.0,0.24730584508295012,0.23317462995571628,0.296041182658452,0.23986368127283617,0.26366225220330447,0.0,0.2312294438722378,0.20947140021775384,0.1867079962537917,0.2041456017535902,0.2205235600356871,0.18701482219645033,0.17144384599453308,0.17267529398786216,0.2176765831282471,0.2374177603859315,0.2388094508521794,0.3501556093934665,0.0,0.0,0.2393621517999903,0.2983413001931523,0.0,0.0,0.0,0.0,0.0,0.0,0.0,0.0,0.3009473254253013,0.0,0.3046490299787584,0.0,0.0,0.0,0.2975436608641505,0.310407201729342,0.29977753167400467,0.0,0.0,0.0,0.0,0.0,0.3050540886628285,0.3114028982207083,0.3144338275476996,0.0,0.262140352603682,0.0,0.0,0.2986440845160921
0.23756037094782245,0.24028855629793766,0.20832190622940822,0.0,0.2696203148457463,0.23412190101776595,0.2256250470935918,0.3245041923039162,0.20299810301184462,0.2169508017730923,0.26013630745794897,0.23629023239132393,0.27433281500502965,0.0,0.24851413338967213,0.24122574970815772,0.22612265963677952,0.22493824229298448,0.22176920788340776,0.26532760761193513,0.28546611697791074,0.25011368252003074,0.24294383379611098,0.24730584508295012,0.0,0.235041879058585,0.24449178426379745,0.2714583777802799,0.25564578971275864,0.21968357442618952,0.23968535831821053,0.2824106394122831,0.2110746494992278,0.245343322950893,0.2631435494779514,0.2631399275505645,0.0,0.1819110079694267,0.30796740541242035,0.27561815046549454,0.28996203903062046,0.30676494823828326,0.0,0.0,0.23172542866316517,0.2963188384968097,0.30056244880001,0.0,0.0,0.0,0.19966510514697158,0.0,0.0,0.0,0.3020021901494151,0.0,0.3042538504380204,0.0,0.0,0.28343079426056944,0.2894147015952437,0.29107606810487274,0.2823700602712826,0.0,0.26992067713969464,0.2979177450490847,0.26587660620387193,0.22688016530019617,0.30313922074861005,0.2917344605475995,0.2980688534648097,0.21098332539102577,0.25064626830422854,0.2681327218836872,0.0,0.28643319855287613
0.2590150892830229,0.26278273951067893,0.23624554153973165,0.0,0.0,0.24758759035267647,0.23567573786618662,0.33780494310616893,0.25170321290738334,0.22185861547991878,0.2378616159108565,0.2189725866135564,0.2890509930669586,0.2917985198142206,0.2609608237250542,0.2670502110125244,0.22677841680041497,0.23718033133931027,0.24026712677644196,0.27908571058235837,0.28322318425489934,0.2733312564246854,0.2939683234473371,0.23317462995571628,0.235041879058585,0.0,0.2944566721185354,0.27937180019459956,0.26974923349258373,0.22460480701242921,0.25076046008557107,0.29876931172337035,0.2379099002461675,0.2602758437983288,0.2975137762724258,0.33178105676254627,0.31050648908072065,0.20250359321927594,0.3137981114989676,0.2813989881093311,0.3031645290998362,0.32933777638337475,0.0,0.0,0.27900990107638185,0.31369470259766297,0.32391450274442485,0.2561137693417243,0.0,0.0,0.2641884824895409,0.0,0.3511081638002497,0.0,0.30741041015388904,0.0,0.30747884469494446,0.21820779736148205,0.0,0.340367691749398,0.30819333012342537,0.2993068860252156,0.29554383239468507,0.0,0.31291878062201606,0.3475680989819322,0.328790426511339,0.3245235364404152,0.3141318230908115,0.3058971045606008,0.3194190699266991,0.3141211796620147,0.266338607983479,0.29082820176509944,0.0,0.29825151254318033
0.30458816942991296,0.2715019772786826,0.20046038772265568,0.29353495110420613,0.2768777369184089,0.2457716822630713,0.28482317025325266,0.2935333455160705,0.23792345313253732,0.2790440737184095,0.269266751764562,0.2429787413842354,0.2861301097721878,0.29693635612460895,0.28908625353523687,0.28640085772920004,0.2420824390691475,0.28102854532429705,0.2611070053408681,0.24447158471980607,0.2952694491962491,0.2979610397547292,0.22718592242233213,0.296041182658452,0.24449178426379745,0.2944566721185354,0.0,0.2729363295003666,0.24756474587239813,0.2708702677153031,0.28154680768232343,0.298849553529964,0.2702599081862945,0.3005378493937255,0.32449480871178504,0.33075690106833544,0.2906646403952274,0.0,0.34498223094293007,0.0,0.36006685229781277,0.3586681037533472,0.31233972728497866,0.24942939323462113,0.0,0.20788642188418294,0.26113947369198,0.3748981184708399,0.0,0.34668422776183916,0.34348675664413064,0.33874448499712795,0.338727983258455,0.37786262824156513,0.0,0.36602712968902235,0.0,0.33426070215826703,0.0,0.3193119584735926,0.23562251312047577,0.0,0.0,0.3635054404745479,0.32978760068671936,0.3180388297599242,0.2842325443266317,0.3497291153069571,0.0,0.0,0.30003495494515003,0.34145452255781056,0.34367322021173086,0.32929433753985604,0.33923761955471915,0.3584413436257959
0.2432357168947709,0.2595991758298776,0.288696331708603,0.15897666422752446,0.2603181101227647,0.25162077465957366,0.2299525150149037,0.2788284585500887,0.2905830676310222,0.24855456406274634,0.3053058351341279,0.2581061317412049,0.2233244082573917,0.18336957068686555,0.25649697161613955,0.27790463126062037,0.2622703951919672,0.28665291866495407,0.29869373382423037,0.2582240548402886,0.27813833250099973,0.2837602785362546,0.2725914317400577,0.23986368127283617,0.2714583777802799,0.27937180019459956,0.2729363295003666,0.0,0.22189283946100077,0.20028431775601838,0.24998347826690065,0.26721915490597825,0.23755862240015946,0.2691438147855102,0.24570610929544634,0.19920782459103736,0.1791563348564089,0.22873886882757372,0.30475332732495564,0.24795881098379619,0.26396292912790137,0.23542485009404268,0.2740535200835549,0.0,0.27498238073148956,0.0,0.20232588424986592,0.2730463138236506,0.0,0.0,0.32926183854770114,0.22839329345205314,0.3189829056481652,0.25117097403631594,0.29050816978822697,0.25691848625495073,0.28770937722749956,0.2538783522254834,0.0,0.3026099775725589,0.20323520355856894,0.0,0.0,0.2634027300581576,0.32059993912289797,0.3060816253789554,0.2745765930348365,0.3408845657525959,0.0,0.23119657414265177,0.2637166392288802,0.3353595463230578,0.3046787054811606,0.3161888357604751,0.28629542572780947,0.337544145126775
0.2643552300106525,0.27392090345541054,0.23855773237522834,0.2552024603836149,0.25829248584642067,0.24318576869724357,0.2666157580540047,0.23319754194804684,0.2334833478400267,0.23703377844493836,0.0,0.0,0.24665770099330758,0.0,0.2753355342167946,0.29571366002891136,0.22619329815271363,0.28697251531809975,0.0,0.2227035170597246,0.26909839081996945,0.2816530272370644,0.24552783231175496,0.26366225220330447,0.25564578971275864,0.26974923349258373,0.24756474587239813,0.22189283946100077,0.0,0.23163836702361132,0.2449098741301821,0.2842456071561981,0.2532571705602498,0.28588583629034875,0.31358191066985164,0.308298229200449,0.26600161279029694,0.0,0.31357331316657316,0.0,0.3157592429466566,0.3170580667307161,0.2168095365794653,0.21948130679342132,0.0,0.2684223428849926,0.2805075605459469,0.27307122198638617,0.0,0.0,0.27911606038092335,0.2323196578985769,0.2985042658856624,0.0,0.0,0.0,0.0,0.26719578109778686,0.0,0.3080046758563106,0.2232097231795156,0.0,0.0,0.2876024824084105,0.31095169693266483,0.30004788085027795,0.3047660129811049,0.3185205502829711,0.0,0.20051925944155843,0.2871034413370121,0.3151767069926943,0.3028589979637498,0.30132346048366526,0.3007921662712198,0.31416950368545565
0.22643140289041197,0.25796764438543246,0.27359518618195405,0.0,0.0,0.2689336366582914,0.0,0.2807021099632499,0.26018742066985456,0.0,0.0,0.0,0.2553217234452374,0.0,0.0,0.28817749830827055,0.0,0.2689257676390215,0.0,0.19676704312645352,0.2867167480278498,0.2854420186259707,0.2700945115319129,0.0,0.21968357442618952,0.22460480701242921,0.2708702677153031,0.20028431775601838,0.23163836702361132,0.0,0.23612348444752884,0.2522779598422295,0.0,0.2562767078845187,0.24621059438008117,0.23877682181613571,0.0,0.0,0.2750063879022712,0.0,0.0,0.0,0.0,0.0,0.0,0.0,0.0,0.0,0.0,0.0,0.2833135147073043,0.0,0.2843455792791518,0.0,0.0,0.0,0.0,0.0,0.0,0.32225201518826896,0.0,0.0,0.0,0.0,0.0,0.0,0.0,0.34187690107230845,0.0,0.22414373337864182,0.22506855436089152,0.3339325590173084,0.29130186301239636,0.3018190758474642,0.0,0.0
0.2435524942192876,0.2366701140358841,0.30258848652857395,0.1826083271040506,0.3006148256277085,0.28645966894065594,0.28332839104331375,0.30756957947681646,0.306907736751483,0.21883610919552748,0.319856911765023,0.2406986395251486,0.27385215985133776,0.3057412808854017,0.2691410107657321,0.24653705873674672,0.23939981100110747,0.24205503272806536,0.30656664044832954,0.25498549834697115,0.2769009578144383,0.25128821136051716,0.2907440174503149,0.2312294438722378,0.23968535831821053,0.25076046008557107,0.28154680768232343,0.24998347826690065,0.2449098741301821,0.23612348444752884,0.0,0.2743190792738736,0.2135017580574339,0.23576085777453232,0.2746711988500462,0.25807274145540526,0.17007546397365345,0.18588058709531155,0.31313504709802775,0.2441229865714566,0.2799900895289369,0.30040965638326916,0.26620530822066485,0.0,0.23098563169680492,0.2834004548129952,0.2965256662797336,0.28839742579536926,0.0,0.0,0.33661392007158075,0.0,0.3522588675072724,0.25783216651599244,0.296962680611472,0.2660466411246787,0.30099399206047817,0.2642443423437186,0.0,0.32711855712718807,0.2889481704347906,0.28899224721124583,0.29237090059161097,0.23528369448784967,0.3367276844311978,0.0,0.3080916655939293,0.3528738052800472,0.30418236024392986,0.29710116181261476,0.3040619728750103,0.347393313650599,0.3302469717419707,0.32975899197951136,0.0,0.289610919599
0.29687298639410303,0.28736663932590967,0.2768554220773871,0.20249310922757666,0.2465251246296032,0.276885729811944,0.28023711857933936,0.2662443145642929,0.2857216612643742,0.20492145123493222,0.2466691393629911,0.20131596450443393,0.27798194964716805,0.20181495231460667,0.29866005205631796,0.30415101356977714,0.28496766128254297,0.2909721005760558,0.2722570144107117,0.3214166484410355,0.30681070442293623,0.30992790795791125,0.28459029291229976,0.20947140021775384,0.2824106394122831,0.29876931172337035,0.298849553529964,0.26721915490597825,0.2842456071561981,0.2522779598422295,0.2743190792738736,0.0,0.25155553198006103,0.25364848229378795,0.2740974630935911,0.2099151738750044,0.20391085833955028,0.1847863196234423,0.20077980195081754,0.19730831357197917,0.22380832895864605,0.24724725174907627,0.2773045775453185,0.1931813487718211,0.19298801370707355,0.3314560768037845,0.32719956741536355,0.32186822454689584,0.0,0.0,0.32817705105790307,0.22399627307773096,0.33370517438294933,0.28965252255367363,0.21988149690632774,0.2957523976212128,0.2105743264362767,0.2783952104462643,0.0,0.33897703818395636,0.3327184892744397,0.0,0.304005909072685,0.31012660612346127,0.33806977534701527,0.34097619257350814,0.32984294373978496,0.3432107494975941,0.2563378520866855,0.32268233967564225,0.331239670565836,0.33994323632782925,0.3302662013363953,0.327032053284541,0.3449399785201545,0.3346626648466362
0.22329129343124066,0.2290162265939339,0.2482640556009741,0.15471890443954694,0.2413041744578796,0.2423577322119141,0.23137304326838284,0.327323641142991,0.273466532054453,0.20351816594968228,0.2657004330976417,0.20165922267945938,0.24927912585806794,0.0,0.23630333398907685,0.250450495349277,0.21633604271541537,0.23060146009653706,0.2668315430101111,0.2699350368999151,0.23973118318229997,0.258343743495237,0.2614630484806757,0.1867079962537917,0.2110746494992278,0.2379099002461675,0.2702599081862945,0.23755862240015946,0.2532571705602498,0.0,0.2135017580574339,0.25155553198006103,0.0,0.1478292639432936,0.2421565304799764,0.2761043758023817,0.1525917956593253,0.1220169626480404,0.21462799742306368,0.18740440959224305,0.22938275625588508,0.23444250246716777,0.0,0.0,0.18736312874363464,0.30416671389352695,0.30943947034481323,0.0,0.0,0.0,0.29041899745879785,0.0,0.0,0.0,0.2773751398626295,0.0,0.27742066439948604,0.0,0.0,0.32563207635403685,0.29363379661233996,0.25670880287666664,0.27119881754222663,0.0,0.2953127038265387,0.3173317237752705,0.3149338855050657,0.31719536085211025,0.27859967203588515,0.29058636378013303,0.306449744026447,0.327001462850712,0.0,0.280547942223682,0.0,0.2806974337402269
0.24857640863314914,0.24431152932907657,0.29625668632641666,0.20679611499468942,0.29062793261029524,0.2899015808031891,0.27093785765947226,0.3096745047123684,0.3031489732251466,0.20331445089168762,0.312049442491246,0.19783292041891942,0.28170073462143713,0.2779696749593425,0.2872135925258899,0.26931630623059405,0.251043438553118,0.264282963731435,0.2971833790452673,0.3027866615263572,0.28514326434041043,0.28854014649893045,0.29489056460300084,0.2041456017535902,0.245343322950893,0.2602758437983288,0.3005378493937255,0.2691438147855102,0.28588583629034875,0.2562767078845187,0.23576085777453232,0.25364848229378795,0.1478292639432936,0.0,0.1758173434001398,0.2660050791270344,0.19582726782859117,0.1360186748586417,0.2322795650152262,0.19714413360304187,0.20230579389802686,0.21263354370314988,0.21271917510332355,0.1759088828080705,0.19351467600091846,0.294759351496981,0.30218789041735256,0.2744599496389743,0.16985477845756505,0.0,0.3396090009145943,0.18783090766796512,0.3372392869012172,0.24611935294177525,0.290919095694068,0.0,0.27065578993572986,0.21708105395660443,0.0,0.33769093216400875,0.2943638160568006,0.2946207014601292,0.29269466242957054,0.0,0.33447996770415356,0.3271351762412001,0.32215215623612725,0.35326969893724935,0.3012700386889674,0.3007659269468161,0.3110131855508959,0.3500590551316995,0.294537870274151,0.3321665723523012,0.3259934991808974,0.294520950083635
0.2819110382729288,0.29253687816445856,0.2873950830200607,0.20283189575704472,0.2893350190241404,0.29966954209173446,0.27312156153983685,0.28148630721046825,0.28855341181948657,0.2213744176618556,0.29823372938601084,0.21666019058243408,0.2730486236738376,0.23931450581443878,0.3242661524768948,0.3047343317810273,0.2596545662956215,0.2760488308591229,0.2945149057715842,0.35043616288385226,0.3328798075436359,0.3341921376882411,0.2872521340174723,0.2205235600356871,0.2631435494779514,0.2975137762724258,0.32449480871178504,0.24570610929544634,0.31358191066985164,0.24621059438008117,0.2746711988500462,0.2740974630935911,0.2421565304799764,0.1758173434001398,0.0,0.27192226992697555,0.22632680980837291,0.18728081604253016,0.2282996678039793,0.1643937049218223,0.21527720618739044,0.234197756079918,0.2151014077183265,0.23853961944119711,0.2059165459169391,0.3482192148806734,0.32814453555144596,0.24369924978466406,0.0,0.0,0.2959655083332482,0.20005631245790906,0.0,0.219957068046465,0.1753398099921622,0.24757799864304414,0.19763137581399123,0.2038272110717935,0.0,0.35997193424723284,0.3077635415574008,0.0,0.2959606792204884,0.0,0.3451801940181553,0.3602661625505672,0.347936024899298,0.34586999719346373,0.0,0.3037227600590334,0.33935571702813916,0.33950545297478363,0.22572763744253108,0.3089489116189793,0.0,0.0
