0.0,0.4102366099414914,0.0,0.0,0.0,0.448052773752643,0.0,0.49709834711658824,0.31138001792574654,0.3680590702091911,0.0,0.37962273931033297,0.3520922601657454,0.0,0.35842276039255444,0.39294205269058957,0.0,0.39630211258818004,0.0,0.39784123374652414,0.4115986474336381,0.38423227258030407,0.4343665483429863,0.3508285531288456,0.3835221027424167,0.3559905340163382,0.43433811918289955,0.37133254425051987,0.4203669203926184,0.3679857982931542,0.361172587206665,0.4315990704775804,0.31748195931990664,0.3532284268122567,0.36912019680256103,0.0,0.0,0.0,0.45392372302748235,0.408637304752968,0.3958096880773622,0.43344252216008616,0.0,0.0,0.0,0.4401159069948682,0.43584720908881047,0.0,0.0,0.0,0.3577855186088492,0.0,0.0,0.0,0.0,0.0,0.0,0.0,0.0,0.0,0.41746262188542077,0.0,0.35744396628945124,0.0,0.44505053006886336,0.41949262067186033,0.4179990148041812,0.0,0.0,0.36993411236170626,0.42264884566920513,0.36963294272506414,0.0,0.421308658250399,0.0,0.36506053820048334
0.4102366099414914,0.0,0.0,0.0,0.29859642703093064,0.36428798922682615,0.3129716013009133,0.4340408029884552,0.2556832802370232,0.322354978019242,0.0,0.0,0.36975668306839243,0.0,0.4164261349100032,0.39937396194931113,0.376870524513794,0.41764335661509233,0.0,0.3765669100094037,0.38269426350007674,0.36594066308616613,0.4158625484670661,0.3487737020006095,0.3825517597546882,0.3988553868694664,0.4008664456652282,0.38382247761207305,0.379626819811156,0.0,0.3804444885936691,0.43731180106977596,0.34994913682619677,0.3963972482133947,0.45645162301538456,0.3692207482829741,0.0,0.0,0.4343933818941178,0.3975006171209361,0.414845559067737,0.4247796723505458,0.0,0.0,0.0,0.440308743803103,0.4361060782669333,0.0,0.0,0.0,0.3537932324908403,0.0,0.0,0.31335495738808,0.0,0.0,0.0,0.26845661455453856,0.0,0.3828969141342064,0.4307682357691153,0.0,0.3751288059743197,0.0,0.38418931623504804,0.37857576438018575,0.4055644971933874,0.28742535520973256,0.0,0.3883812397586871,0.4330502030002925,0.36928865816101486,0.28642261649279954,0.4026277283298442,0.0,0.40283598262744696
0.0,0.0,0.0,0.0,0.33494547580834527,0.36372248094641424,0.2937752890753542,0.37082334519409277,0.3017987622675422,0.0,0.303271841355336,0.0,0.30291949477887414,0.0,0.0,0.0,0.0,0.0,0.23823890373750997,0.0,0.0,0.0,0.2337670192466629,0.0,0.0,0.31516587269463625,0.32450590345946045,0.2973320658749757,0.0,0.0,0.30944716515015713,0.2794635649487225,0.0,0.27171057646846886,0.0,0.3190659851600448,0.0,0.0,0.0,0.0,0.0,0.0,0.4350296363218882,0.0,0.0,0.0,0.0,0.22568216773582536,0.0,0.3268730265575911,0.4588218763300633,0.21734577430385293,0.44318817061286264,0.39955547244426604,0.0,0.3769393148367758,0.0,0.27163449568420434,0.0,0.0,0.0,0.0,0.0,0.2193008136398704,0.0,0.0,0.0,0.47896950830374163,0.0,0.0,0.0,0.441026496411109,0.2519326513064561,0.0,0.0,0.0
0.0,0.0,0.0,0.0,0.19353240241753195,0.3373515337865524,0.0,0.0,0.2710035069611116,0.0,0.0,0.23938509763848567,0.3072833949546008,0.2387164647021736,0.0,0.0,0.0,0.0,0.0,0.3933081087071787,0.0,0.0,0.0,0.29721911493568987,0.0,0.0,0.29706031780116404,0.2858961075760523,0.0,0.0,0.0,0.2899882870739474,0.0,0.29330912172563334,0.23786780111516975,0.18975086617291406,0.20778043489926795,0.25473794359775653,0.0,0.0,0.0,0.0,0.0,0.0,0.0,0.0,0.0,0.0,0.0,0.0,0.0,0.0,0.0,0.0,0.0,0.0,0.0,0.0,0.0,0.0,0.0,0.0,0.0,0.0,0.0,0.0,0.0,0.0,0.0,0.0,0.0,0.0,0.0,0.0,0.0,0.0
0.0,0.29859642703093064,0.33494547580834527,0.19353240241753195,0.0,0.331423676599068,0.26087168125587834,0.2903345718956441,0.3293082143786724,0.27462933077099727,0.31233362810816123,0.31558570482107534,0.2843885367019318,0.17508020512558467,0.0,0.36671051187643006,0.0,0.3250851862059882,0.32012791541338775,0.37136495356206667,0.0,0.36524111012448823,0.33236282920348464,0.3411677974301784,0.30768665189346495,0.3189384694766968,0.3759322416005339,0.31015522154034564,0.3340469107621419,0.0,0.3448220816905775,0.32327303008470976,0.4027260036462231,0.3466096383110194,0.0,0.15607865179520475,0.2048069039882779,0.0,0.0,0.0,0.0,0.0,0.40247486391121007,0.0,0.0,0.0,0.0,0.43627170882175803,0.0,0.38465094968331637,0.37256032874568734,0.34278314068972354,0.46869509726734665,0.3984635880558292,0.0,0.0,0.0,0.29092374537265586,0.0,0.0,0.0,0.0,0.0,0.43041611451326367,0.0,0.0,0.0,0.44542599609714906,0.0,0.0,0.0,0.3992006233551178,0.28992556000589115,0.0,0.0,0.0
0.448052773752643,0.36428798922682615,0.36372248094641424,0.3373515337865524,0.331423676599068,0.0,0.33068524503965185,0.3818186432548847,0.3335388402834623,0.31984916014969056,0.35280150187441145,0.29857552580166,0.3475735329731647,0.0,0.3799841461643244,0.39879816882380326,0.0,0.3530154229643135,0.33140749556374194,0.39406295921496043,0.38799341785443014,0.40058277528076053,0.36984738788050026,0.39756849095215135,0.3696849520911089,0.40056099461451933,0.37747237012590074,0.331478959364273,0.35154209409944503,0.35017922523838113,0.370052142776105,0.36673640377327194,0.33840113648202763,0.3763071835841319,0.0,0.3535060503778983,0.34714891025785927,0.28149715585787094,0.4235129853375356,0.0,0.0,0.0,0.44602101316204096,0.0,0.0,0.3033972228335275,0.2896706403026597,0.49828380714821985,0.0,0.4112723783208989,0.46791264998253795,0.4501969061553528,0.515810530822693,0.4945783695582366,0.0,0.4818814507857002,0.0,0.4281610544224322,0.0,0.3703625200832711,0.2508356534491557,0.0,0.0,0.477741058695862,0.37760914097394127,0.40389131835312697,0.33400568671543174,0.48161471418145896,0.0,0.26180141048829253,0.32377506929820626,0.47405694848844737,0.38497991857041797,0.4345741944731619,0.0,0.43005657899486976
0.0,0.3129716013009133,0.2937752890753542,0.0,0.26087168125587834,0.33068524503965185,0.0,0.3659578767045119,0.3070407895610992,0.3007637451541301,0.30594259709197863,0.3322642825917391,0.27529492232706704,0.21325943498389413,0.0,0.3529808672780849,0.0,0.0,0.31307186452669034,0.36197874879649283,0.321493913011773,0.38553103612446576,0.33525279201903446,0.35916850327496214,0.31921767150433394,0.34807513612524865,0.353927087075768,0.30680386292219725,0.335904098113767,0.0,0.3532041690021425,0.3125527089703445,0.36543706287842687,0.33852656634943223,0.0,0.1961739064411861,0.2619806128098034,0.0,0.0,0.0,0.0,0.0,0.0,0.0,0.0,0.0,0.0,0.3926465047386844,0.0,0.3389541322099929,0.3473824727026209,0.3344730289399202,0.42790874815248225,0.364153829937857,0.0,0.38741726048025066,0.0,0.2962761934682481,0.0,0.0,0.0,0.0,0.0,0.0,0.0,0.0,0.0,0.44585699312060173,0.0,0.0,0.0,0.3971258579328508,0.2715252470992106,0.32631389652928217,0.0,0.0
0.49709834711658824,0.4340408029884552,0.37082334519409277,0.0,0.2903345718956441,0.3818186432548847,0.3659578767045119,0.0,0.3708446317315672,0.0,0.23903347491369983,0.0,0.3700449008422471,0.1661429033276723,0.41038948151239163,0.4082712114879142,0.0,0.5050685932522369,0.3110157166180082,0.36628128014576583,0.40290608761990276,0.37440080651397406,0.33186279719744816,0.5287661855571766,0.4631852130765151,0.4673861100126,0.4014179411245864,0.3600406051989868,0.33271681752127663,0.3469859440703587,0.3864073710840946,0.37846391571870774,0.4129364996336196,0.3980051097923867,0.3698214327285317,0.16174487477766983,0.0,0.0,0.0,0.0,0.0,0.0,0.3729704350260339,0.0,0.0,0.0,0.4523540302465112,0.5281575766322261,0.0,0.493102178490343,0.455954763293551,0.49516688116554214,0.5326738078827489,0.5058720930482478,0.0,0.2621711103865009,0.0,0.41250824224867766,0.44309329293701266,0.0,0.0,0.0,0.0,0.0,0.0,0.0,0.0,0.5066508892778987,0.0,0.0,0.38523603247371146,0.4846998541659129,0.35817552312040896,0.40429902592039596,0.32364174867627077,0.0
0.31138001792574654,0.2556832802370232,0.3017987622675422,0.2710035069611116,0.3293082143786724,0.3335388402834623,0.3070407895610992,0.3708446317315672,0.0,0.26487849536864644,0.3342005763415794,0.24874584365688998,0.29815119399431134,0.3059804908580456,0.0,0.3065172627691785,0.0,0.25144956194666934,0.2715603162152136,0.3600960274877957,0.2917228404220307,0.318825234503797,0.3400957075718784,0.271193310908408,0.2861562251790864,0.0,0.36714972501696935,0.33108454242506413,0.30700841693821207,0.0,0.3480174398868254,0.32105940185402343,0.29657412929689253,0.33647589498179586,0.28947228376260264,0.3047014361538421,0.2628359744364086,0.17894326968119167,0.0,0.0,0.0,0.0,0.0,0.0,0.0,0.0,0.0,0.4802342920374303,0.0,0.41040180528669334,0.4568081952192443,0.3926578339007407,0.0,0.4211750312505629,0.0,0.46197995749267173,0.0,0.35131385150765737,0.4346169252451603,0.0,0.0,0.0,0.0,0.459642703656622,0.0,0.0,0.0,0.4891339223120641,0.0,0.0,0.0,0.4807133744908323,0.3207048944860215,0.0,0.0,0.0
0.3680590702091911,0.322354978019242,0.0,0.0,0.27462933077099727,0.31984916014969056,0.3007637451541301,0.0,0.26487849536864644,0.0,0.30128053480532496,0.24566172049736865,0.36819624445293725,0.0,0.0,0.3511894904835164,0.3122336453121929,0.3128144466849024,0.0,0.0,0.4551831514644353,0.3432398316660478,0.0,0.2790596722293404,0.31534104744368513,0.33813049307178344,0.3593820101550851,0.35931025923304727,0.0,0.0,0.2562696397812419,0.3226178903806969,0.30877001545906985,0.3194637368972858,0.2906132419233895,0.33243695390142414,0.2444994713081658,0.2577632129200208,0.23024430527326784,0.36290354679735304,0.34312021352393424,0.0,0.0,0.0,0.3147933717816686,0.3971319195959124,0.0,0.0,0.0,0.0,0.0,0.0,0.0,0.0,0.41298704041471535,0.0,0.40842899522617854,0.0,0.0,0.0,0.3548704745138066,0.40541310741530723,0.395472332989984,0.0,0.0,0.0,0.0,0.0,0.3786271268962745,0.4172087951914344,0.4371221250664809,0.0,0.0,0.0,0.0,0.38936826289011534
0.0,0.0,0.303271841355336,0.0,0.31233362810816123,0.35280150187441145,0.30594259709197863,0.23903347491369983,0.3342005763415794,0.30128053480532496,0.0,0.29668429152249526,0.32619157177638003,0.15129508572361638,0.0,0.0,0.0,0.0,0.27045448860122073,0.0,0.0,0.0,0.2538601280085299,0.0,0.0,0.0,0.3504169594072874,0.3372372320390421,0.0,0.0,0.0,0.0,0.0,0.3253263449174172,0.0,0.15361497896163326,0.28746388948888935,0.3380236654867556,0.3159964696737451,0.0,0.0,0.0,0.3099565497230555,0.0,0.0,0.0,0.0,0.22646978471999946,0.0,0.28755490118231747,0.39137927660344823,0.29556151469770053,0.0,0.23372160148200952,0.0,0.21301120576136287,0.0,0.26975663879919476,0.0,0.0,0.0,0.0,0.0,0.1772161083391893,0.0,0.0,0.0,0.44210265695836876,0.0,0.0,0.0,0.44408141365917453,0.23549428572866754,0.0,0.0,0.28415232914819155
0.37962273931033297,0.0,0.0,0.23938509763848567,0.31558570482107534,0.29857552580166,0.3322642825917391,0.0,0.24874584365688998,0.24566172049736865,0.29668429152249526,0.0,0.3001144960999926,0.0,0.0,0.2957030177235744,0.32305246084522027,0.3388177757268494,0.0,0.0,0.4412222971957084,0.34502352806927067,0.424519874953552,0.2776774680869967,0.3353512468057824,0.29368102443744293,0.2811460737751622,0.3161868269189272,0.0,0.0,0.287984791227346,0.2791114542531415,0.2847331987560471,0.24621938725813658,0.2530716528617152,0.2913416550726884,0.2466219004911099,0.23153561157963845,0.24518549872658096,0.37716644169668156,0.34873315065395427,0.0,0.0,0.0,0.30785365593272607,0.0,0.0,0.0,0.0,0.0,0.0,0.0,0.0,0.0,0.4250962615914146,0.0,0.4226095537929761,0.0,0.0,0.0,0.3331626848516557,0.41218769876749917,0.38133004681949795,0.0,0.0,0.0,0.0,0.0,0.41191631643135906,0.40095587265564947,0.4338544725359721,0.0,0.0,0.0,0.0,0.3990443527894141
0.3520922601657454,0.36975668306839243,0.30291949477887414,0.3072833949546008,0.2843885367019318,0.3475735329731647,0.27529492232706704,0.3700449008422471,0.29815119399431134,0.36819624445293725,0.32619157177638003,0.3001144960999926,0.0,0.23680547935546592,0.34997039298893273,0.40199247460184867,0.3475167167305452,0.3416662988004091,0.3199664510187059,0.3766757172109918,0.35804366612946026,0.3981455359088897,0.35916782991956014,0.23969263354205345,0.3834370290635812,0.3961164078377132,0.3666839736318577,0.2540910279113437,0.33499760528719263,0.31736651983526637,0.339446699003473,0.32767640321676655,0.3197577992614571,0.3525283065608856,0.33959269711007345,0.27564598723127104,0.30799898717029156,0.2728659165149997,0.32983081217278465,0.0,0.0,0.0,0.36008149340605744,0.0,0.0,0.0,0.26197813568175843,0.4059341598902666,0.0,0.3171557350435682,0.32447255466124614,0.34546520463990604,0.45619631663226856,0.333128383550417,0.0,0.3765685799448572,0.37845152532050186,0.2983356395190854,0.0,0.27959789907547467,0.0,0.0,0.0,0.38519579771534357,0.32752135909720737,0.3272734815704609,0.26396472120079634,0.45213304865102066,0.0,0.27098975930964764,0.28579417239462035,0.4273284703811368,0.31980224329495627,0.336589213944778,0.0,0.30450351127011954
0.0,0.0,0.0,0.2387164647021736,0.17508020512558467,0.0,0.21325943498389413,0.1661429033276723,0.3059804908580456,0.0,0.15129508572361638,0.0,0.23680547935546592,0.0,0.0,0.0,0.0,0.0,0.0,0.0,0.0,0.0,0.0,0.0,0.0,0.0,0.0,0.23600656643830584,0.0,0.0,0.0,0.0,0.0,0.0,0.0,0.16566514132041527,0.17609090084727738,0.0,0.0,0.0,0.0,0.0,0.0,0.0,0.0,0.0,0.0,0.0,0.0,0.0,0.0,0.0,0.0,0.0,0.0,0.0,0.0,0.0,0.0,0.0,0.0,0.0,0.0,0.0,0.0,0.0,0.0,0.0,0.0,0.0,0.0,0.0,0.0,0.0,0.0,0.0
0.35842276039255444,0.4164261349100032,0.0,0.0,0.0,0.3799841461643244,0.0,0.41038948151239163,0.0,0.0,0.0,0.0,0.34997039298893273,0.0,0.0,0.43089051564019637,0.0,0.39892212271556654,0.0,0.30209357029475487,0.3931226998598151,0.3599932736565167,0.38423387223554056,0.4646054931108308,0.37267055857696635,0.4215933523676768,0.3973630908104871,0.40352736180069854,0.36636730629730974,0.3441787586406793,0.40706323305971204,0.46608900921253404,0.40342548973078335,0.46172498732212186,0.48599127165884326,0.5207417308280863,0.4499179690146073,0.0,0.460386395208217,0.4357997740203997,0.4475279300262458,0.4788889506285423,0.0,0.0,0.0,0.0,0.4105930646709223,0.0,0.0,0.0,0.39581141946081483,0.3131140942509404,0.0,0.40025747943968837,0.0,0.0,0.0,0.3445112309457443,0.0,0.44581783803895914,0.3783431292838054,0.0,0.0,0.0,0.43493763245859246,0.45106519483921087,0.45554008964791426,0.42581727875006636,0.0,0.32350338923887834,0.3911879562459309,0.4340877261002917,0.3669479587883274,0.4173959170136662,0.0,0.40919463186432914
0.39294205269058957,0.39937396194931113,0.0,0.0,0.36671051187643006,0.39879816882380326,0.3529808672780849,0.4082712114879142,0.3065172627691785,0.3511894904835164,0.0,0.2957030177235744,0.40199247460184867,0.0,0.43089051564019637,0.0,0.38063715788793556,0.37347407586186515,0.0,0.39875648407387937,0.41364504112959316,0.3754262238734441,0.4069740421968659,0.33836264715629505,0.39258067416597603,0.42054281807614097,0.4210449176250619,0.3750471691038273,0.40808109014432375,0.3958081690001415,0.3683577116797932,0.45508270342800644,0.3985520618630339,0.39145180935433144,0.43434741233682145,0.0,0.0,0.0,0.43434778124117573,0.39954987316928287,0.3976212490185689,0.42487226612309076,0.0,0.0,0.0,0.4367663983470846,0.4226018816723291,0.0,0.0,0.0,0.301985715878177,0.0,0.0,0.0,0.2803200336150053,0.0,0.2986279270477309,0.0,0.0,0.4340153015774096,0.400716910449866,0.0,0.3714436641542518,0.0,0.388015868627666,0.4233216238070564,0.418251451391807,0.2872125880540336,0.0,0.37172237085030313,0.411928290441381,0.3385151523149686,0.0,0.35754437856203386,0.0,0.3915164613520503
0.0,0.376870524513794,0.0,0.0,0.0,0.0,0.0,0.0,0.0,0.3122336453121929,0.0,0.32305246084522027,0.3475167167305452,0.0,0.0,0.38063715788793556,0.0,0.3187022887806425,0.0,0.0,0.0,0.36344659944865104,0.0,0.3408929464870724,0.3552129706310689,0.37011232245849573,0.0,0.366132668613946,0.0,0.0,0.3299131700013355,0.43035412965501174,0.3560763122179477,0.36513167127159313,0.3573118643139426,0.0,0.0,0.32721537378621496,0.0,0.0,0.0,0.0,0.0,0.0,0.0,0.0,0.0,0.0,0.0,0.0,0.0,0.0,0.0,0.0,0.39264088705812955,0.0,0.3790868313328238,0.0,0.0,0.0,0.0,0.3503930841202669,0.33954026902362644,0.0,0.0,0.0,0.0,0.0,0.39679650325424975,0.386461958833138,0.40916973308658733,0.0,0.0,0.0,0.0,0.0
0.39630211258818004,0.41764335661509233,0.0,0.0,0.3250851862059882,0.3530154229643135,0.0,0.5050685932522369,0.25144956194666934,0.3128144466849024,0.0,0.3388177757268494,0.3416662988004091,0.0,0.39892212271556654,0.37347407586186515,0.3187022887806425,0.0,0.0,0.407992378142513,0.4368526909936637,0.4115023481093452,0.40420788588103007,0.326376003675173,0.3640466131304178,0.3702386949330156,0.3906876964469744,0.3767879251362392,0.41789417602004286,0.0,0.3302614884973945,0.44990889071618695,0.34123701840890897,0.3605851223177515,0.35656647749358333,0.0,0.0,0.290032677110459,0.0,0.3639165825818014,0.3465548465413447,0.0,0.0,0.0,0.0,0.43593654227352396,0.406275765388813,0.0,0.0,0.0,0.0,0.0,0.0,0.0,0.3673828594685811,0.0,0.35968782645952874,0.0,0.0,0.0,0.38238459105656203,0.3649972922635561,0.3487270943206117,0.0,0.0,0.0,0.3902703472368922,0.0,0.3464443539815266,0.363082020612858,0.3898452812433204,0.0,0.0,0.30088591038165974,0.0,0.3738977739766375
0.0,0.0,0.23823890373750997,0.0,0.32012791541338775,0.33140749556374194,0.31307186452669034,0.3110157166180082,0.2715603162152136,0.0,0.27045448860122073,0.0,0.3199664510187059,0.0,0.0,0.0,0.0,0.0,0.0,0.0,0.0,0.0,0.21038969924021,0.0,0.0,0.2795292069318877,0.3475203885244392,0.3443546259804109,0.0,0.0,0.30783355771994453,0.0,0.0,0.24666936331306694,0.0,0.30945983071037925,0.0,0.0,0.0,0.0,0.0,0.0,0.0,0.0,0.0,0.0,0.0,0.200305833206701,0.0,0.0,0.4417601208426746,0.0,0.4944776842092584,0.0,0.0,0.2654799610967394,0.0,0.0,0.0,0.0,0.0,0.0,0.0,0.0,0.0,0.0,0.0,0.47560215318263094,0.0,0.0,0.0,0.4627494687314439,0.0,0.0,0.0,0.0
0.39784123374652414,0.3765669100094037,0.0,0.3933081087071787,0.37136495356206667,0.39406295921496043,0.36197874879649283,0.36628128014576583,0.3600960274877957,0.0,0.0,0.0,0.3766757172109918,0.0,0.30209357029475487,0.39875648407387937,0.0,0.407992378142513,0.0,0.0,0.4035765027833278,0.3506956083415719,0.32476533700180477,0.0,0.3916153779440275,0.4088783924093734,0.39758219619127166,0.3534283907527814,0.32533079436287365,0.33448628987246165,0.3394060718338668,0.45807891527140526,0.3719673673154681,0.40699662206401555,0.4260200177459967,0.4634514357530697,0.4160142853826683,0.0,0.4444209485045253,0.371886646583869,0.3771405378061203,0.43204571282917553,0.0,0.0,0.0,0.0,0.3626618188566661,0.293687352771491,0.0,0.0,0.358241370839955,0.0,0.0,0.26242397572737247,0.0,0.0,0.0,0.0,0.0,0.39159059850758643,0.0,0.0,0.0,0.0,0.4155655905793162,0.3791586856523966,0.4231591006362558,0.38225435606490216,0.0,0.0,0.3927136373077732,0.42234977688033837,0.35081062023247456,0.340911115699827,0.0,0.0
0.4115986474336381,0.38269426350007674,0.0,0.0,0.0,0.38799341785443014,0.321493913011773,0.40290608761990276,0.2917228404220307,0.4551831514644353,0.0,0.4412222971957084,0.35804366612946026,0.0,0.3931226998598151,0.41364504112959316,0.0,0.4368526909936637,0.0,0.4035765027833278,0.0,0.4377554991399453,0.3667915232771626,0.5159143430388615,0.42575709373239506,0.40976965988435987,0.4244910439793273,0.3819211538819496,0.37694955169267713,0.3574230610441522,0.3940905455039562,0.4400295152621055,0.3364138926694008,0.4274597214012403,0.47532312435390583,0.0,0.3878662499308933,0.0,0.4541051818482197,0.35289026523833367,0.43207131872154547,0.0,0.0,0.0,0.0,0.0,0.4049480728538458,0.47185982587034986,0.0,0.0,0.3863329843717216,0.0,0.43793597049776256,0.28444210530354563,0.0,0.0,0.0,0.3582028048175303,0.0,0.4064053709301174,0.3982393377853254,0.0,0.0,0.0,0.40498250393111146,0.4141247430918084,0.3889485540367893,0.4286518492120607,0.0,0.34853341600160237,0.4017791812011946,0.435487953007713,0.3818262683348679,0.42967264085529683,0.0,0.40679815343051934
0.38423227258030407,0.36594066308616613,0.0,0.0,0.36524111012448823,0.40058277528076053,0.38553103612446576,0.37440080651397406,0.318825234503797,0.3432398316660478,0.0,0.34502352806927067,0.3981455359088897,0.0,0.3599932736565167,0.3754262238734441,0.36344659944865104,0.4115023481093452,0.0,0.3506956083415719,0.4377554991399453,0.0,0.44344970535861866,0.31346487940686263,0.402023583585327,0.38184476364546427,0.44371247719070556,0.39840544237660025,0.38122008775013444,0.3774463589222875,0.3832677429301331,0.4891603226811929,0.4535699252090869,0.4419229541728972,0.47686459485420013,0.5137326860995084,0.496481421027263,0.0,0.45157700182028343,0.40940792174506896,0.4307549840507994,0.4537652843365419,0.0,0.0,0.0,0.4148951415136482,0.40091811769318586,0.32570801713569264,0.0,0.0,0.3543729770173253,0.0,0.0,0.30115274778607865,0.0,0.0,0.0,0.2843433815222102,0.0,0.4466187802552555,0.38118320970679265,0.0,0.30349889607675035,0.0,0.438327236016667,0.44817568023546,0.4276644930479764,0.43608260896612544,0.0,0.35823125562358077,0.41828393104462097,0.4014033241168255,0.3161585736516409,0.402832592642401,0.0,0.3755387913017785
0.4343665483429863,0.4158625484670661,0.2337670192466629,0.0,0.33236282920348464,0.36984738788050026,0.33525279201903446,0.33186279719744816,0.3400957075718784,0.0,0.2538601280085299,0.424519874953552,0.35916782991956014,0.0,0.38423387223554056,0.4069740421968659,0.0,0.40420788588103007,0.21038969924021,0.32476533700180477,0.3667915232771626,0.44344970535861866,0.0,0.5208955244953466,0.38477219770153526,0.419975327476437,0.3390814881269912,0.37706122232208905,0.3735248864782421,0.36985743086528383,0.39342900131553304,0.40953052435085996,0.3780264165281414,0.4084604651702742,0.3775747411204242,0.38568920702794895,0.43295387114282063,0.0,0.4393983752948046,0.4269245730675952,0.46737436014059064,0.0,0.44784983306727155,0.0,0.0,0.42223654830275353,0.36312562841282126,0.4888994643601113,0.0,0.42675460753129124,0.4614655999760045,0.4595734987486175,0.5184001578841472,0.494246298929602,0.0,0.21302008181490167,0.0,0.450960717536498,0.0,0.4338917063688447,0.29405313570412267,0.0,0.0,0.48653940531483447,0.4109813878802392,0.4368445102935003,0.3835446117100236,0.48668281987767487,0.0,0.26524397434014324,0.38070325538576233,0.465493793403662,0.43280860992818326,0.4536027451884966,0.0,0.4438681656719167
0.3508285531288456,0.3487737020006095,0.0,0.29721911493568987,0.3411677974301784,0.39756849095215135,0.35916850327496214,0.5287661855571766,0.271193310908408,0.2790596722293404,0.0,0.2776774680869967,0.23969263354205345,0.0,0.4646054931108308,0.33836264715629505,0.3408929464870724,0.326376003675173,0.0,0.0,0.5159143430388615,0.31346487940686263,0.5208955244953466,0.0,0.34251780016956085,0.3363225739938115,0.3453351301930284,0.3190772624127461,0.38580562699785953,0.0,0.32487937908027936,0.29202357866833384,0.2280755964515947,0.25148174960733327,0.27920929467497535,0.28999227660849775,0.2896455764472974,0.22528916810316532,0.26548555549537334,0.31921694049125615,0.2788535469162371,0.0,0.0,0.0,0.25783084881787094,0.0,0.39665885479688023,0.0,0.0,0.0,0.0,0.0,0.0,0.0,0.37569382424804665,0.0,0.37103657373231386,0.0,0.0,0.0,0.3472387255104455,0.3748118184439362,0.34208058909004296,0.0,0.0,0.0,0.0,0.0,0.3661490620623093,0.35787829477627453,0.39549984303761015,0.0,0.0,0.31221183194205643,0.0,0.0
0.3835221027424167,0.3825517597546882,0.0,0.0,0.30768665189346495,0.3696849520911089,0.31921767150433394,0.4631852130765151,0.2861562251790864,0.31534104744368513,0.0,0.3353512468057824,0.3834370290635812,0.0,0.37267055857696635,0.39258067416597603,0.3552129706310689,0.3640466131304178,0.0,0.3916153779440275,0.42575709373239506,0.402023583585327,0.38477219770153526,0.34251780016956085,0.0,0.35842261467348435,0.4083664103680934,0.3945536513912196,0.4004935691389775,0.0,0.3625048854808876,0.42128128558744915,0.32088135287353187,0.3630936922690081,0.3675483372214549,0.0,0.0,0.3562187444704021,0.4111100990186266,0.36511614855526897,0.3779330414219663,0.4033655932649462,0.0,0.0,0.0,0.4390348123392472,0.41887269655427584,0.0,0.0,0.0,0.287934768632064,0.0,0.0,0.0,0.3808646150071277,0.0,0.38666384653955055,0.0,0.0,0.0,0.38997481596738415,0.3597575860939227,0.34599193967683906,0.0,0.37070553864844796,0.39587805070159704,0.3774877194197964,0.26157227070663347,0.4011374155415839,0.36218583840464547,0.3964422984174913,0.2925068937060959,0.33631299768900874,0.3745422654321682,0.0,0.37004538261780223
0.3559905340163382,0.3988553868694664,0.31516587269463625,0.0,0.3189384694766968,0.40056099461451933,0.34807513612524865,0.4673861100126,0.0,0.33813049307178344,0.0,0.29368102443744293,0.3961164078377132,0.0,0.4215933523676768,0.42054281807614097,0.37011232245849573,0.3702386949330156,0.2795292069318877,0.4088783924093734,0.40976965988435987,0.38184476364546427,0.419975327476437,0.3363225739938115,0.35842261467348435,0.0,0.45396385121938404,0.3802779627039297,0.4094355063227435,0.0,0.3908146257613834,0.4535137650975004,0.3502472441778564,0.4039843479626398,0.4487847805077403,0.0,0.0,0.3202178301666035,0.44555632933179334,0.40127131464294513,0.419137821754064,0.4465689392486976,0.0,0.0,0.0,0.45480355751367607,0.4456110048733056,0.31468520300989933,0.0,0.0,0.35318226554299315,0.299336725096948,0.0,0.2922161783302456,0.3967298372581666,0.0,0.396783415509753,0.3155807591473928,0.0,0.4409140196826107,0.4173165679466882,0.3871829837563214,0.36099751743859215,0.0,0.40486700505772877,0.441143698341136,0.4226101195764021,0.3867498197028408,0.4125271084043242,0.3763826688825027,0.41811138603951004,0.40102685540726446,0.3731478345860982,0.3954558040138158,0.0,0.40156703334576527
0.43433811918289955,0.4008664456652282,0.32450590345946045,0.29706031780116404,0.3759322416005339,0.37747237012590074,0.353927087075768,0.4014179411245864,0.36714972501696935,0.3593820101550851,0.3504169594072874,0.2811460737751622,0.3666839736318577,0.0,0.3973630908104871,0.4210449176250619,0.0,0.3906876964469744,0.3475203885244392,0.39758219619127166,0.4244910439793273,0.44371247719070556,0.3390814881269912,0.3453351301930284,0.4083664103680934,0.45396385121938404,0.0,0.37850227509546486,0.36837141468306744,0.3908079421505171,0.3956861380316212,0.4287882977125641,0.3922793478702476,0.42059405354582863,0.418863141170597,0.44899205208371656,0.3885993055280164,0.0,0.4528794019550121,0.0,0.0,0.0,0.424936821770481,0.0,0.0,0.34174145619564167,0.35165370878507973,0.5034999683312127,0.0,0.43059560266295654,0.46732549034439835,0.4428338483723936,0.5159895015538545,0.4940372509027099,0.0,0.472653313051652,0.0,0.40427499819257684,0.0,0.43366722321172485,0.28050625167215,0.0,0.0,0.509516878718499,0.4048855631364552,0.45721672876388236,0.37893278938435054,0.4862311917969684,0.0,0.2691827156813931,0.392524169491205,0.4729134724849042,0.38600331808735777,0.4423800260223508,0.0,0.4672674042354249
0.37133254425051987,0.38382247761207305,0.2973320658749757,0.2858961075760523,0.31015522154034564,0.331478959364273,0.30680386292219725,0.3600406051989868,0.33108454242506413,0.35931025923304727,0.3372372320390421,0.3161868269189272,0.2540910279113437,0.23600656643830584,0.40352736180069854,0.3750471691038273,0.366132668613946,0.3767879251362392,0.3443546259804109,0.3534283907527814,0.3819211538819496,0.39840544237660025,0.37706122232208905,0.3190772624127461,0.3945536513912196,0.3802779627039297,0.37850227509546486,0.0,0.27458915375485304,0.20475733789650558,0.3129828116464511,0.3175375372077389,0.30847593094768977,0.34088226451167397,0.2566109177648431,0.311416848110145,0.2935386151968356,0.27278726651741736,0.36451631649216243,0.0,0.0,0.0,0.0,0.0,0.0,0.0,0.2728851134540951,0.34117559106409057,0.0,0.30401676569316316,0.3909802971636481,0.3054970635532084,0.4229781843086572,0.3007960479072647,0.0,0.0,0.3379100839678986,0.315691868891981,0.0,0.3864595546373415,0.0,0.0,0.0,0.3406747133178936,0.3933976470662214,0.0,0.34330311898129917,0.4359635000133261,0.0,0.2771647288008838,0.3152664068184166,0.4328837273556671,0.35523825374773405,0.3918987200654622,0.0,0.36477391511978385
0.4203669203926184,0.379626819811156,0.0,0.0,0.3340469107621419,0.35154209409944503,0.335904098113767,0.33271681752127663,0.30700841693821207,0.0,0.0,0.0,0.33499760528719263,0.0,0.36636730629730974,0.40808109014432375,0.0,0.41789417602004286,0.0,0.32533079436287365,0.37694955169267713,0.38122008775013444,0.3735248864782421,0.38580562699785953,0.4004935691389775,0.4094355063227435,0.36837141468306744,0.27458915375485304,0.0,0.30481105947012394,0.32507337701982286,0.42197730586305554,0.3387874527426471,0.38557268497782965,0.404917382957948,0.4276756101192276,0.0,0.0,0.43087705089594786,0.3375020602584734,0.39426062048730914,0.0,0.0,0.0,0.0,0.0,0.36705887567866624,0.3560468767085091,0.0,0.0,0.37437729746087534,0.30474091994183194,0.4170822762993131,0.30272617616038994,0.0,0.0,0.0,0.32475663788197623,0.0,0.3959107991821339,0.2894991606665737,0.0,0.0,0.0,0.3820030124955358,0.4076909724645067,0.3888360064763347,0.42547355778450335,0.0,0.25390280567245865,0.366847033994301,0.4290510515274085,0.3571692612916824,0.41470502753243227,0.0,0.38244517897315033
0.3679857982931542,0.0,0.0,0.0,0.0,0.35017922523838113,0.0,0.3469859440703587,0.0,0.0,0.0,0.0,0.31736651983526637,0.0,0.3441787586406793,0.3958081690001415,0.0,0.0,0.0,0.33448628987246165,0.3574230610441522,0.3774463589222875,0.36985743086528383,0.0,0.0,0.0,0.3908079421505171,0.20475733789650558,0.30481105947012394,0.0,0.28186369113520426,0.3715412685216279,0.0,0.3719147309597042,0.44881233976630563,0.288374917134808,0.0,0.0,0.4309929020126168,0.0,0.0,0.0,0.0,0.0,0.0,0.0,0.0,0.0,0.0,0.0,0.3335080523710079,0.29122145637169533,0.0,0.0,0.0,0.0,0.0,0.0,0.0,0.0,0.0,0.0,0.0,0.0,0.0,0.4447667298723812,0.0,0.4217451009854497,0.0,0.0,0.0,0.41073267999720114,0.33252071434910746,0.3735152198440128,0.0,0.0
0.361172587206665,0.3804444885936691,0.30944716515015713,0.0,0.3448220816905775,0.370052142776105,0.3532041690021425,0.3864073710840946,0.3480174398868254,0.2562696397812419,0.0,0.287984791227346,0.339446699003473,0.0,0.40706323305971204,0.3683577116797932,0.3299131700013355,0.3302614884973945,0.30783355771994453,0.3394060718338668,0.3940905455039562,0.3832677429301331,0.39342900131553304,0.32487937908027936,0.3625048854808876,0.3908146257613834,0.3956861380316212,0.3129828116464511,0.32507337701982286,0.28186369113520426,0.0,0.37126830760328217,0.32508096218656396,0.327187808956022,0.31635679168493097,0.3756037664493563,0.31738209522072236,0.2763053285610515,0.4282802323117918,0.4001557652461714,0.43292377485677697,0.4207971775371188,0.0,0.0,0.0,0.3917512559928032,0.40922319287168163,0.3507571866935904,0.0,0.0,0.3564966653321288,0.2834456972257387,0.4359580285595241,0.30245793927879167,0.34549009474045406,0.0,0.36816078815293607,0.2786687427023644,0.0,0.42570955461154875,0.39047672191652755,0.0,0.3451386570582491,0.3184342816892077,0.40175963149950744,0.4155891047575626,0.41648336595630425,0.439069464677277,0.3975662998337747,0.35591171653529924,0.4059559614131044,0.43320951549241615,0.3339418656297741,0.36754565721634463,0.0,0.37351566363222166
0.4315990704775804,0.43731180106977596,0.2794635649487225,0.2899882870739474,0.32327303008470976,0.36673640377327194,0.3125527089703445,0.37846391571870774,0.32105940185402343,0.3226178903806969,0.0,0.2791114542531415,0.32767640321676655,0.0,0.46608900921253404,0.45508270342800644,0.43035412965501174,0.44990889071618695,0.0,0.45807891527140526,0.4400295152621055,0.4891603226811929,0.40953052435085996,0.29202357866833384,0.42128128558744915,0.4535137650975004,0.4287882977125641,0.3175375372077389,0.42197730586305554,0.3715412685216279,0.37126830760328217,0.0,0.3653646140514178,0.31428176936984137,0.34419348279377204,0.2774069108774193,0.29410422732214614,0.27917867403018515,0.2734160446837273,0.33550346677592185,0.29198737945403314,0.33933910078016943,0.33937680707407064,0.2809981245618656,0.2346791842939723,0.47930380702818914,0.43977473006015166,0.39271732069964876,0.0,0.0,0.433947932523852,0.29325467653143794,0.465631922911895,0.33440756171260566,0.22108499730948958,0.0,0.2603071159878713,0.3360093926420764,0.0,0.4502587086670847,0.41313995880326815,0.0,0.3924719841196729,0.3371433626265617,0.43432946664554833,0.46153580161330954,0.45028198800732866,0.4504174456102589,0.0,0.37851459239073465,0.4437220195831656,0.4506120513763157,0.41820093955879434,0.44163161747256524,0.0,0.3586592567140268
0.31748195931990664,0.34994913682619677,0.0,0.0,0.4027260036462231,0.33840113648202763,0.36543706287842687,0.4129364996336196,0.29657412929689253,0.30877001545906985,0.0,0.2847331987560471,0.3197577992614571,0.0,0.40342548973078335,0.3985520618630339,0.3560763122179477,0.34123701840890897,0.0,0.3719673673154681,0.3364138926694008,0.4535699252090869,0.3780264165281414,0.2280755964515947,0.32088135287353187,0.3502472441778564,0.3922793478702476,0.30847593094768977,0.3387874527426471,0.0,0.32508096218656396,0.3653646140514178,0.0,0.23377895163427276,0.28095908261114416,0.26069028730303323,0.26047562370554345,0.18457549971427584,0.3290052483100732,0.2758673786074084,0.24630486144016314,0.0,0.0,0.0,0.2052359114737848,0.40796264874465393,0.40198203856178366,0.0,0.0,0.0,0.38066555890659826,0.0,0.0,0.0,0.3118875940432663,0.0,0.30850977007862745,0.3454302439837793,0.0,0.42434882526152745,0.3768882905844263,0.3810961854801359,0.2965744273760721,0.0,0.3795608773438338,0.42788176792592947,0.41892853292374066,0.0,0.30478720140592364,0.33878449659360527,0.3701131216314545,0.43959751390870466,0.3647602409163372,0.3824880561058065,0.0,0.0
0.3532284268122567,0.3963972482133947,0.27171057646846886,0.29330912172563334,0.3466096383110194,0.3763071835841319,0.33852656634943223,0.3980051097923867,0.33647589498179586,0.3194637368972858,0.3253263449174172,0.24621938725813658,0.3525283065608856,0.0,0.46172498732212186,0.39145180935433144,0.36513167127159313,0.3605851223177515,0.24666936331306694,0.40699662206401555,0.4274597214012403,0.4419229541728972,0.4084604651702742,0.25148174960733327,0.3630936922690081,0.4039843479626398,0.42059405354582863,0.34088226451167397,0.38557268497782965,0.3719147309597042,0.327187808956022,0.31428176936984137,0.23377895163427276,0.0,0.25408058603582356,0.2634914737397681,0.2661192777980865,0.19772995908405355,0.3049552232989763,0.3482021312221942,0.34155462008787096,0.4416505507421512,0.0,0.0,0.22276830636359268,0.4164784056394272,0.41289637642497573,0.33864265174591845,0.0,0.0,0.3830102736485092,0.0,0.0,0.345799659140432,0.29033627175816884,0.0,0.2807807596582228,0.3431880052999695,0.0,0.4615829162335677,0.38717346800920865,0.0,0.3291389179930753,0.0,0.4392009336887718,0.4732571485462068,0.4434799478980587,0.45366579103010757,0.24854339166411288,0.35201458914052375,0.3972284733169045,0.4520861420369422,0.38211886634958964,0.42854012997871127,0.0,0.38088145011302393
0.36912019680256103,0.45645162301538456,0.0,0.23786780111516975,0.0,0.0,0.0,0.3698214327285317,0.28947228376260264,0.2906132419233895,0.0,0.2530716528617152,0.33959269711007345,0.0,0.48599127165884326,0.43434741233682145,0.3573118643139426,0.35656647749358333,0.0,0.4260200177459967,0.47532312435390583,0.47686459485420013,0.3775747411204242,0.27920929467497535,0.3675483372214549,0.4487847805077403,0.418863141170597,0.2566109177648431,0.404917382957948,0.44881233976630563,0.31635679168493097,0.34419348279377204,0.28095908261114416,0.25408058603582356,0.0,0.29012923552031855,0.2665928937369456,0.2315493982900642,0.30716533191016854,0.3104047577214376,0.3245394990884291,0.34020768945247676,0.2780733618083516,0.27342516259937877,0.2934705976744152,0.0,0.4375908013990449,0.0,0.0,0.0,0.3794239858762894,0.0,0.0,0.0,0.2201687563631648,0.0,0.24570956595783722,0.0,0.0,0.46603005706760725,0.38463656300924837,0.0,0.3454645996537946,0.0,0.42385840515125467,0.0,0.4573744076467155,0.0,0.0,0.3525479610615103,0.41921116627306704,0.0,0.0,0.0,0.0,0.0
0.0,0.3692207482829741,0.3190659851600448,0.18975086617291406,0.15607865179520475,0.3535060503778983,0.1961739064411861,0.16174487477766983,0.3047014361538421,0.33243695390142414,0.15361497896163326,0.2913416550726884,0.27564598723127104,0.16566514132041527,0.5207417308280863,0.0,0.0,0.0,0.30945983071037925,0.4634514357530697,0.0,0.5137326860995084,0.38568920702794895,0.28999227660849775,0.0,0.0,0.44899205208371656,0.311416848110145,0.4276756101192276,0.288374917134808,0.3756037664493563,0.2774069108774193,0.26069028730303323,0.2634914737397681,0.29012923552031855,0.0,0.19240304819617304,0.2670363636111406,0.28033862128171433,0.0,0.0,0.0,0.0,0.0,0.0,0.0,0.0,0.4569191075310183,0.0,0.0,0.42071239142543937,0.0,0.0,0.4500797240434819,0.0,0.3874280300187805,0.0,0.0,0.0,0.4217780545184832,0.0,0.0,0.0,0.0,0.4032577247006941,0.0,0.0,0.44370969174636615,0.0,0.0,0.0,0.4356706090762989,0.0,0.0,0.0,0.0
0.0,0.0,0.0,0.20778043489926795,0.2048069039882779,0.34714891025785927,0.2619806128098034,0.0,0.2628359744364086,0.2444994713081658,0.28746388948888935,0.2466219004911099,0.30799898717029156,0.17609090084727738,0.4499179690146073,0.0,0.0,0.0,0.0,0.4160142853826683,0.3878662499308933,0.496481421027263,0.43295387114282063,0.2896455764472974,0.0,0.0,0.3885993055280164,0.2935386151968356,0.0,0.0,0.31738209522072236,0.29410422732214614,0.26047562370554345,0.2661192777980865,0.2665928937369456,0.19240304819617304,0.0,0.2637940641232236,0.2819861527201542,0.0,0.0,0.0,0.0,0.0,0.0,0.0,0.0,0.0,0.0,0.0,0.0,0.0,0.0,0.0,0.0,0.0,0.0,0.0,0.0,0.0,0.0,0.0,0.0,0.0,0.0,0.0,0.0,0.0,0.0,0.0,0.0,0.0,0.0,0.0,0.0,0.0
0.0,0.0,0.0,0.25473794359775653,0.0,0.28149715585787094,0.0,0.0,0.17894326968119167,0.2577632129200208,0.3380236654867556,0.23153561157963845,0.2728659165149997,0.0,0.0,0.0,0.32721537378621496,0.290032677110459,0.0,0.0,0.0,0.0,0.0,0.22528916810316532,0.3562187444704021,0.3202178301666035,0.0,0.27278726651741736,0.0,0.0,0.2763053285610515,0.27917867403018515,0.18457549971427584,0.19772995908405355,0.2315493982900642,0.2670363636111406,0.2637940641232236,0.0,0.2469405398356491,0.20835705153159872,0.23161692889206364,0.0,0.0,0.0,0.21666740720480235,0.0,0.0,0.0,0.0,0.0,0.0,0.0,0.0,0.0,0.2707096777845477,0.0,0.27975856704109525,0.0,0.0,0.0,0.0,0.0,0.0,0.0,0.0,0.0,0.0,0.0,0.277599518698011,0.0,0.35249003586391425,0.0,0.0,0.0,0.0,0.3028220448317684
0.45392372302748235,0.4343933818941178,0.0,0.0,0.0,0.4235129853375356,0.0,0.0,0.0,0.23024430527326784,0.3159964696737451,0.24518549872658096,0.32983081217278465,0.0,0.460386395208217,0.43434778124117573,0.0,0.0,0.0,0.4444209485045253,0.4541051818482197,0.45157700182028343,0.4393983752948046,0.26548555549537334,0.4111100990186266,0.44555632933179334,0.4528794019550121,0.36451631649216243,0.43087705089594786,0.4309929020126168,0.4282802323117918,0.2734160446837273,0.3290052483100732,0.3049552232989763,0.30716533191016854,0.28033862128171433,0.2819861527201542,0.2469405398356491,0.0,0.36525901996500926,0.32528240219854976,0.3640211262680048,0.28085144389137273,0.27977996705529334,0.2564753868124167,0.428432495874836,0.4484226719364874,0.3536019932523304,0.27618824477552784,0.36654783469318575,0.39992860226343907,0.3499350687946275,0.0,0.3474788066310311,0.27345271655302184,0.34257636733911523,0.2733883725540975,0.362139475459815,0.0,0.43210894172691083,0.43140613160300084,0.3393075496468202,0.31287590414084043,0.351070445523657,0.47654461448853935,0.4241317804276874,0.45124435424389725,0.39387375279789355,0.2795854446386998,0.37945140844517117,0.4298240773139359,0.4105846908882272,0.34530866123969733,0.4437315856760615,0.34330725754838387,0.3093107899482988
0.408637304752968,0.3975006171209361,0.0,0.0,0.0,0.0,0.0,0.0,0.0,0.36290354679735304,0.0,0.37716644169668156,0.0,0.0,0.4357997740203997,0.39954987316928287,0.0,0.3639165825818014,0.0,0.371886646583869,0.35289026523833367,0.40940792174506896,0.4269245730675952,0.31921694049125615,0.36511614855526897,0.40127131464294513,0.0,0.0,0.3375020602584734,0.0,0.4001557652461714,0.33550346677592185,0.2758673786074084,0.3482021312221942,0.3104047577214376,0.0,0.0,0.20835705153159872,0.36525901996500926,0.0,0.22887513785354652,0.38170020316407843,0.24144115753516981,0.25208158153799193,0.20186763226840698,0.2846663464538559,0.34057235730958846,0.27394610248094364,0.0,0.0,0.36986495397173796,0.0,0.0,0.2882230815624477,0.28809765079917626,0.32583621871352597,0.26363279651780624,0.3544375157191855,0.0,0.3513764660702165,0.3832466338975459,0.2535361294172693,0.21809345312008732,0.2927484958989738,0.38911872167621386,0.2947708407425681,0.36613711293565926,0.3624651615866479,0.24330201381737912,0.2652756755107158,0.32008497534228053,0.37071176779268433,0.37851594036921454,0.3780328714508017,0.0,0.3189190745354232
