0.0,0.28246685085696344,0.0,0.0,0.0,0.3312272327437751,0.0,0.36059619385688824,0.0,0.0,0.0,0.0,0.2940781500351454,0.3418610204726979,0.25702741121216616,0.2974452917439399,0.0,0.28187151067761873,0.0,0.308472590678691,0.2982220039294067,0.2921181505485347,0.32884326800674757,0.27519712192293505,0.26931904089537373,0.2570654513678286,0.2963762695139843,0.3027600189818095,0.3187607644685962,0.26593101785292794,0.26169866332138986,0.3020968421824331,0.2563086428851359,0.28233978583115227,0.3111370308154062,0.30430113063561864,0.0,0.0,0.3095394290324733,0.293285809656303,0.2947669359158544,0.3136442725412446,0.0,0.0,0.0,0.2644247563767627,0.3287407688092285,0.0,0.0,0.0,0.26114916107577674,0.0,0.0,0.0,0.0,0.0,0.0,0.25901080568264645,0.0,0.35222002074660363,0.3192270195795138,0.0,0.304237236247654,0.0,0.0,0.2895766363543828,0.33012580653192886,0.3018777732302463,0.0,0.3031152792204202,0.31496557160615435,0.0,0.2241470229641358,0.33172119014929263,0.0,0.2640610008215395
0.28246685085696344,0.0,0.0,0.0,0.3045376012303053,0.2997265275667108,0.32774634644375833,0.3249492279521419,0.30008007575224965,0.0,0.0,0.0,0.32615784605716663,0.0,0.29477235928773576,0.2823497010915755,0.26199949151216867,0.2727501187900644,0.0,0.29312303752391095,0.30405906577141906,0.274412969979254,0.30529653137825796,0.2314701356628751,0.2530521127620052,0.2718803983035302,0.3043287308014734,0.31972481512961026,0.3054880149561692,0.29827135362601476,0.2618873308692811,0.295063082319084,0.26024023090147663,0.2715423819924201,0.31928899735312005,0.0,0.0,0.0,0.3233739257582528,0.31858601936044467,0.319381903119768,0.33315545923872475,0.0,0.0,0.0,0.32062166662966635,0.3323617168150163,0.0,0.0,0.0,0.29250942015544484,0.23249528808514,0.2829341098114248,0.0,0.0,0.0,0.0,0.22085586580348981,0.0,0.34512554939298556,0.3274103797599921,0.0,0.3199359868907251,0.0,0.3226574182437578,0.32340277395458294,0.329895084391067,0.34476296703290893,0.0,0.32872737359070986,0.3448543875589205,0.3294797242325979,0.23969247770269123,0.3363441928620049,0.0,0.3163283574820301
0.0,0.0,0.0,0.27798676766765595,0.2992116043329977,0.25329492623956007,0.32074524777975255,0.3191696386065947,0.20972346708341627,0.2913310351030733,0.22554029893960206,0.25119543110610465,0.3260793465961029,0.2940126726053849,0.0,0.0,0.0,0.0,0.18682109901809021,0.0,0.0,0.0,0.2054650439090651,0.0,0.0,0.2591692525776039,0.22442352028996826,0.33617373166420456,0.29422330091436716,0.3105129785563795,0.3356944279772197,0.309162976782026,0.26319652538553184,0.3475447707972637,0.3431434339555141,0.3151339335540511,0.30783143512907246,0.0,0.3619134172312848,0.0,0.0,0.0,0.36809967050862397,0.0,0.0,0.0,0.0,0.2878245494307406,0.0,0.3463607082953541,0.3904678708135936,0.3755514705724159,0.3960024287950271,0.41444940885351156,0.0,0.2538776791893713,0.27286446931972946,0.37246171592632393,0.3894684584804935,0.0,0.0,0.0,0.0,0.23267270773095294,0.0,0.0,0.0,0.4008744927723732,0.0,0.0,0.0,0.39799522564564804,0.32358954722914274,0.29644083528589726,0.0,0.3387339996789118
0.0,0.0,0.27798676766765595,0.0,0.13456012215766044,0.2917607360006883,0.19514214772997604,0.23369288831807883,0.309883353485818,0.2543723820912325,0.2861506812355456,0.18209201276572848,0.2109666951120074,0.15208264810649108,0.0,0.0,0.0,0.0,0.2878460720803764,0.0,0.0,0.3582754911532862,0.26308489814582986,0.0,0.0,0.0,0.2977747388798586,0.19060691520030545,0.0,0.0,0.0,0.21199897527250025,0.33877509577226234,0.22532221519434617,0.2423266049092776,0.13622568699405027,0.14468791327922723,0.17623369371535869,0.18774622692154583,0.0,0.0,0.0,0.0,0.0,0.0,0.0,0.0,0.0,0.0,0.0,0.0,0.0,0.0,0.0,0.0,0.0,0.0,0.0,0.0,0.0,0.0,0.0,0.0,0.0,0.0,0.0,0.0,0.25211792786538667,0.0,0.0,0.0,0.0,0.0,0.0,0.0,0.0
0.0,0.3045376012303053,0.2992116043329977,0.13456012215766044,0.0,0.2796446069560679,0.2433356004766376,0.2660165695658352,0.24318559611958604,0.319104398962773,0.2345584831817312,0.2804630307930936,0.2729676976651285,0.17463172783062064,0.0,0.30934418957307425,0.28042475324034255,0.28159415526437986,0.26293128897558943,0.30689946477943847,0.0,0.31989845019689633,0.2845656734984226,0.2896736131880091,0.2916719357108417,0.2802361132101774,0.2966796620789841,0.2557535657456576,0.27816603812559615,0.0,0.3112896939840995,0.2286728319848277,0.0,0.3035229739980262,0.27644411950870434,0.14664386223871032,0.15156309748261304,0.2530474519115482,0.263924461276743,0.0,0.0,0.0,0.32100927949139924,0.0,0.0,0.0,0.0,0.36072240316423176,0.0,0.3011157163337122,0.3865305616969064,0.3065398552288268,0.0,0.3512022923534351,0.0,0.31836154486896523,0.0,0.24084399434538592,0.0,0.0,0.0,0.0,0.0,0.36214251341705866,0.0,0.0,0.0,0.4305558752358568,0.0,0.0,0.0,0.3440542877679845,0.2698287799687765,0.2838017998823568,0.0,0.0
0.3312272327437751,0.2997265275667108,0.25329492623956007,0.2917607360006883,0.2796446069560679,0.0,0.28109126954341296,0.29632282582724145,0.2543572269226848,0.3286356055773909,0.2936932776725095,0.2746068233889529,0.2791723565767286,0.2977679694828983,0.32449789273892793,0.317757625676555,0.23320018536558132,0.32223382960012564,0.2974199393012397,0.2968052993536281,0.3055767591732424,0.31424976510273395,0.28284863543536143,0.2838007934729396,0.288979275754513,0.3045453811840816,0.2721249504091835,0.28454548333259533,0.24104439805421904,0.29334964556230575,0.3102181407360245,0.2927414471840362,0.28320758466986146,0.31119549794543766,0.3068439524374702,0.3141051017016966,0.3160497952080001,0.26104143456674556,0.3554984039968405,0.0,0.38343999053001354,0.34466607514337805,0.32244621009611446,0.25194503508767707,0.0,0.0,0.26707649746600093,0.40998732265908094,0.0,0.3348589045270883,0.37217327850669574,0.37571160558438077,0.34878435724337004,0.396939994742004,0.0,0.3769354722723957,0.0,0.3808863258081798,0.33252535436355857,0.3290280618883549,0.2250579313018597,0.0,0.0,0.41067280018543484,0.34773202082318894,0.32558483793975995,0.30476474934986425,0.3833437557856078,0.0,0.22474509412734012,0.31429144357245625,0.3803258173096509,0.38781086720796254,0.36078061742482714,0.3455940117863682,0.3744177553706408
0.0,0.32774634644375833,0.32074524777975255,0.19514214772997604,0.2433356004766376,0.28109126954341296,0.0,0.3101629689268837,0.2712115042077168,0.334948796297409,0.3159374158139802,0.2680983787312642,0.23107993276544359,0.25364252744012206,0.0,0.36284311258870483,0.30382888741400704,0.3442820045724699,0.32546168920280394,0.30824815804945,0.28262989290009005,0.3341155073579064,0.30616760801336296,0.30829486949204915,0.33418234592170404,0.3252481911227005,0.3105003517587626,0.23298625388638758,0.2983416552861708,0.32392713881623053,0.30141176927428964,0.27338028903669986,0.3028688863479092,0.290985663610598,0.2759673179814198,0.20379596255256754,0.23524620398616342,0.25963893501370683,0.261474527189173,0.0,0.29125070243987133,0.0,0.28552332170781486,0.0,0.0,0.0,0.2572937639871444,0.36054155455926734,0.0,0.2774212298246768,0.3500141763958282,0.2967361113582255,0.30361879422847293,0.33270031612966705,0.0,0.28595875149960087,0.0,0.27785981004987925,0.0,0.0,0.24612078542325314,0.0,0.2310049161497285,0.3258480987232767,0.2726178237262841,0.0,0.2559490839537406,0.3764204452943602,0.0,0.24683972359845321,0.25260084602426774,0.3751663822217961,0.27490479297385434,0.28377613611857844,0.0,0.2701132045475434
0.36059619385688824,0.3249492279521419,0.3191696386065947,0.23369288831807883,0.2660165695658352,0.29632282582724145,0.3101629689268837,0.0,0.35639665393291126,0.29671269042238285,0.20971241817627242,0.31204747687819745,0.3105062034833966,0.2671374551276435,0.32463171782973843,0.32966539664212063,0.0,0.33455073286652814,0.31037825044795997,0.2867370010658193,0.2867493324407851,0.31181589339838095,0.26933950444983057,0.36318655878985395,0.33904176410804804,0.34181956563907984,0.32437190158367896,0.3044460804477662,0.279604197193741,0.28306129171063754,0.3041963164293862,0.2718220949553003,0.285363435088624,0.3155698259863129,0.31770446763716437,0.24329502383365265,0.2855283309095659,0.0,0.3289954338668231,0.0,0.3646459946036029,0.0,0.3336027606476596,0.0,0.0,0.0,0.36670691470798433,0.39534547465882186,0.0,0.3400586668888666,0.33966656867934775,0.3548091334261938,0.2848324675000585,0.3911261111499101,0.0,0.3603326140708126,0.0,0.34543364386449216,0.37212339682699114,0.33696764853261985,0.0,0.0,0.0,0.39254210388801913,0.35517306778553515,0.3804160493744016,0.3731541516902558,0.34772751816698605,0.0,0.24865557960133747,0.30859477815577946,0.37212231828508546,0.35216182031625526,0.3436889503593416,0.2870096290586763,0.35151284871992244
0.0,0.30008007575224965,0.20972346708341627,0.309883353485818,0.24318559611958604,0.2543572269226848,0.2712115042077168,0.35639665393291126,0.0,0.352527223030216,0.22753552274364178,0.30043795583042904,0.3083587441070243,0.3080807131153249,0.0,0.32502303563905605,0.2586785576242496,0.24578442037460266,0.20778476040482896,0.2944523665209628,0.0,0.32407014545064117,0.2924045843964942,0.28880291145506803,0.30747389239576167,0.2966305643847087,0.265095364558752,0.32616527277567664,0.2813994099387442,0.2999433026961959,0.334822700510379,0.314195476623393,0.2976093602854933,0.3372296359428164,0.3286017734429041,0.3340084920105439,0.33718646039430483,0.31276196997286565,0.3725046565842816,0.0,0.3027403472352017,0.0,0.3614529149834608,0.0,0.0,0.0,0.0,0.41782287084074815,0.0,0.34366347846630574,0.3941350495749099,0.3655987640992942,0.3827179434398401,0.41411544185479726,0.0,0.38890184714089987,0.0,0.346590981459909,0.3860347771436392,0.0,0.0,0.0,0.0,0.4100786134610936,0.0,0.0,0.0,0.39908746203613954,0.0,0.0,0.0,0.4003298631520427,0.3400465612768188,0.2915778923150502,0.0,0.31151083600160157
0.0,0.0,0.2913310351030733,0.2543723820912325,0.319104398962773,0.3286356055773909,0.334948796297409,0.29671269042238285,0.352527223030216,0.0,0.3378607205516096,0.2126269958384116,0.2954564166773201,0.2972968450944771,0.0,0.27168765124384975,0.23485427532688405,0.25426611000150534,0.31950346051352635,0.0,0.0,0.0,0.29999259419007807,0.2433417934369069,0.22477621925027602,0.2183992045654117,0.3153037197363862,0.2984146937478583,0.26960861490714444,0.0,0.23281704437117912,0.23771205084421776,0.21963438382658249,0.22558039188780482,0.21038612677476534,0.26675264954069433,0.2193120557921747,0.20645215481673618,0.15266921753140544,0.2325081376421988,0.245492832216034,0.0,0.0,0.0,0.23718116092214653,0.0,0.0,0.0,0.0,0.0,0.0,0.0,0.0,0.0,0.3054686705875128,0.0,0.3123161098859515,0.2740488020686811,0.0,0.0,0.0,0.3352923055197069,0.364450947314486,0.0,0.0,0.0,0.0,0.2760112664796923,0.28626288211787554,0.3504755111587047,0.33856799986707964,0.2567230303074353,0.28920035743348477,0.0,0.0,0.2908220660597088
0.0,0.0,0.22554029893960206,0.2861506812355456,0.2345584831817312,0.2936932776725095,0.3159374158139802,0.20971241817627242,0.22753552274364178,0.3378607205516096,0.0,0.3007645635625417,0.32457624021633646,0.20368922471572393,0.0,0.0,0.2633657794602079,0.2588308093711951,0.18978293787371833,0.0,0.0,0.26638640499994143,0.20584972997353154,0.30483448115969985,0.26390256850359944,0.2443000136055135,0.2543674291046313,0.3231130792490997,0.27156195316924664,0.0,0.33367654072750236,0.27415885125461537,0.28791627440782,0.33027526993261397,0.3052426124665435,0.25853373871521196,0.3230707456369653,0.29273441167400055,0.3315311705421098,0.0,0.0,0.0,0.338693021727383,0.0,0.0,0.0,0.0,0.34396661971615705,0.0,0.2944595651565549,0.37411147346872997,0.32965782438757546,0.3618599041792409,0.41651476117237,0.26532347504323783,0.21124642513487898,0.2496018267693606,0.3016058438881926,0.36373072653854405,0.0,0.0,0.0,0.0,0.2444742470086193,0.0,0.0,0.0,0.40482559319514055,0.0,0.0,0.0,0.4138895283238873,0.2661514374107767,0.0,0.0,0.3097565142270755
0.0,0.0,0.25119543110610465,0.18209201276572848,0.2804630307930936,0.2746068233889529,0.2680983787312642,0.31204747687819745,0.30043795583042904,0.2126269958384116,0.3007645635625417,0.0,0.3072512335184932,0.0,0.0,0.0,0.2600399022837961,0.26470599510945686,0.267130139011663,0.0,0.3071335687569951,0.0,0.3096425268071524,0.218143991852098,0.23924282868479974,0.22053839042853257,0.26631432502782026,0.27881385887358057,0.0,0.0,0.248862873773744,0.2166991256448465,0.2253758712903937,0.18827573196341837,0.1845332463545047,0.24104828194029165,0.20202136740403245,0.18809657526497933,0.16194829857265253,0.24970866378616957,0.2753773852933939,0.0,0.0,0.0,0.2525107035831987,0.0,0.0,0.0,0.0,0.0,0.0,0.0,0.0,0.0,0.3131821414827515,0.0,0.3143093137930247,0.2804295883901061,0.0,0.0,0.0,0.35827156309112906,0.33390552717407934,0.0,0.0,0.0,0.0,0.0,0.31440835378979043,0.35007555756513686,0.343257924980251,0.0,0.29412032327980075,0.0,0.0,0.3045595003847939
0.2940781500351454,0.32615784605716663,0.3260793465961029,0.2109666951120074,0.2729676976651285,0.2791723565767286,0.23107993276544359,0.3105062034833966,0.3083587441070243,0.2954564166773201,0.32457624021633646,0.3072512335184932,0.0,0.2641830730812802,0.0,0.3436754409012931,0.3094899841708802,0.35418154927061823,0.3234451351158165,0.31096760545009966,0.3157986345438424,0.34031950514818615,0.311086691509951,0.34007222403566273,0.3118040631407128,0.3029478835430694,0.32040451991503205,0.2479556509174078,0.2785159551767791,0.2957169543379756,0.28320083851674116,0.27148993770130836,0.28863188600629464,0.2846121051983543,0.2584100634692992,0.22234283634943444,0.23001595090678448,0.25979553913924114,0.29749261905305713,0.2317591770333221,0.2502200524899234,0.3084827717913025,0.2851456747152859,0.0,0.31581655384901935,0.0,0.24209142088146707,0.36756254560982043,0.0,0.25227734960043224,0.39720849792614693,0.30109716460434177,0.33981957627984416,0.3187514937192128,0.28518264173034424,0.29871084121604774,0.2985512130106658,0.2881444539258878,0.0,0.27535528001056075,0.2313041205230993,0.0,0.2422195330166303,0.3252264511138151,0.3270473614981661,0.3002924865707801,0.2510291784195246,0.37570891631992226,0.0,0.25147178277225823,0.27313563407002805,0.3798438026655676,0.32415653621234375,0.3480931564675271,0.3008929157945011,0.29459010948803044
0.3418610204726979,0.0,0.2940126726053849,0.15208264810649108,0.17463172783062064,0.2977679694828983,0.25364252744012206,0.2671374551276435,0.3080807131153249,0.2972968450944771,0.20368922471572393,0.0,0.2641830730812802,0.0,0.0,0.0,0.0,0.0,0.27062243322691176,0.0,0.3167262395717005,0.0,0.26564949383252834,0.2998047657004543,0.0,0.30880148195727253,0.3117668836522341,0.21018833967002648,0.0,0.4009019850198304,0.3151091295238577,0.2232316188662298,0.0,0.3077561532282012,0.0,0.14221746615706832,0.12464759097869132,0.0,0.3464054212168907,0.0,0.0,0.0,0.32160541903150824,0.0,0.0,0.0,0.0,0.386562133246009,0.0,0.3417169334303378,0.0,0.315700894217672,0.33939755441734903,0.3721653176998845,0.0,0.33578446460708233,0.0,0.0,0.0,0.0,0.0,0.0,0.0,0.3688197473637593,0.0,0.0,0.0,0.3643551043161437,0.0,0.0,0.0,0.36948650413803025,0.0,0.0,0.0,0.0
0.25702741121216616,0.29477235928773576,0.0,0.0,0.0,0.32449789273892793,0.0,0.32463171782973843,0.0,0.0,0.0,0.0,0.0,0.0,0.0,0.30296586236728346,0.24748278984997424,0.29300475815363397,0.0,0.22736889151815723,0.2599733866336998,0.23734289521348165,0.27028500040212927,0.2761542523352809,0.2759847511539762,0.233786422103266,0.27736411231047814,0.28229720828724664,0.27944376111144487,0.0,0.28504918528578227,0.2946560028965969,0.2796356262180372,0.3034150918555657,0.3284729438193651,0.3745355314343056,0.0,0.0,0.33452365809664497,0.3338564617848292,0.363179648159316,0.3579469158731912,0.0,0.0,0.0,0.0,0.35415011729309964,0.0,0.0,0.0,0.3341508875950931,0.0,0.0,0.0,0.0,0.0,0.0,0.24593922748292796,0.0,0.34273062352689854,0.3314708290686234,0.0,0.0,0.0,0.3218608885350395,0.3262783685170989,0.35056771926618924,0.3357627967153602,0.0,0.25570792369109197,0.3816234955045929,0.3420792665705067,0.32072508327361837,0.33171670894512756,0.0,0.33792081368149895
0.2974452917439399,0.2823497010915755,0.0,0.0,0.30934418957307425,0.317757625676555,0.36284311258870483,0.32966539664212063,0.32502303563905605,0.27168765124384975,0.0,0.0,0.3436754409012931,0.0,0.30296586236728346,0.0,0.2880330193710646,0.24803870278643594,0.0,0.29771880962641273,0.3084968382483014,0.2505490833668174,0.31657118536860684,0.2748872523677207,0.2822735229171398,0.29036928324468614,0.31691384433084546,0.34739151659660633,0.3145063889880376,0.3068836032719198,0.262099815144591,0.30810076661917324,0.2779703807316547,0.2764546422097348,0.3126657507504732,0.0,0.0,0.0,0.3151560912099383,0.30397942762593655,0.3114140334092337,0.3216333972279612,0.0,0.0,0.0,0.3163567608157401,0.3280030041448113,0.0,0.0,0.0,0.23059673582138374,0.0,0.0,0.0,0.2475897135947497,0.0,0.24540756984086468,0.23422914775973647,0.0,0.3532367268301066,0.3192936448776255,0.2207634362310607,0.2972692474640112,0.0,0.30859019999794257,0.0,0.32517976145637856,0.28971905032360906,0.0,0.30893485325928616,0.33013021556323174,0.30386134607861326,0.24726947308209488,0.3028877252171506,0.0,0.30136314523587576
0.0,0.26199949151216867,0.0,0.0,0.28042475324034255,0.23320018536558132,0.30382888741400704,0.0,0.2586785576242496,0.23485427532688405,0.2633657794602079,0.2600399022837961,0.3094899841708802,0.0,0.24748278984997424,0.2880330193710646,0.0,0.2552970574558751,0.2629219199025667,0.2772310573124027,0.0,0.29044996769728887,0.0,0.2878961569235092,0.23636580501684396,0.2709985730005536,0.0,0.3142977797291151,0.27286190566315827,0.0,0.2568854389743928,0.3038017577940402,0.26193951750343436,0.26498893808744745,0.2618377555658234,0.0,0.0,0.24000867101782802,0.0,0.29070233534229406,0.27625816725654667,0.0,0.0,0.0,0.2119950758743012,0.2847315673663076,0.2986176588097789,0.0,0.0,0.0,0.0,0.0,0.0,0.0,0.32392881171762494,0.0,0.3267549208221262,0.2059873518271601,0.0,0.0,0.0,0.32787621765843195,0.31249278589213797,0.0,0.0,0.0,0.0,0.0,0.33297564314128575,0.32024838132099126,0.33072067331367644,0.0,0.0,0.0,0.0,0.2809876170217774
0.28187151067761873,0.2727501187900644,0.0,0.0,0.28159415526437986,0.32223382960012564,0.3442820045724699,0.33455073286652814,0.24578442037460266,0.25426611000150534,0.2588308093711951,0.26470599510945686,0.35418154927061823,0.0,0.29300475815363397,0.24803870278643594,0.2552970574558751,0.0,0.0,0.31023490658586483,0.3199082201844405,0.2820314325377862,0.33723208168589586,0.26348886686607936,0.2502539175870061,0.2716318896883376,0.32401557419672994,0.34990451529284017,0.32202103287892897,0.30107160806090094,0.2678971344491849,0.31059326693429895,0.266047490649812,0.27849708502532733,0.2947748217589698,0.0,0.0,0.0,0.2979139007349883,0.2968212445010681,0.30083351586250573,0.31792770592176905,0.0,0.0,0.0,0.30043681706626874,0.3202187727741087,0.0,0.0,0.0,0.2325594067404065,0.0,0.0,0.0,0.30786167622209276,0.0,0.3095615971855257,0.23084972584179578,0.0,0.0,0.30811280031801314,0.29997539854476585,0.30280602315192057,0.0,0.22720857960123936,0.0,0.3143503150949264,0.0,0.315307009417077,0.30881108973581023,0.31720064035403345,0.0,0.23675272977107484,0.248291322978005,0.0,0.2993285955384896
0.0,0.0,0.18682109901809021,0.2878460720803764,0.26293128897558943,0.2974199393012397,0.32546168920280394,0.31037825044795997,0.20778476040482896,0.31950346051352635,0.18978293787371833,0.267130139011663,0.3234451351158165,0.27062243322691176,0.0,0.0,0.2629219199025667,0.0,0.0,0.0,0.0,0.0,0.19625115481414188,0.27123566510097985,0.23111354962350403,0.2464789418467189,0.2586340911449101,0.3222110771567265,0.25326963544638453,0.0,0.3353547999962805,0.29932167152659306,0.0,0.34466081581567753,0.31856579092692405,0.2950318432200306,0.3059936009014819,0.2734679627449088,0.3485506213457759,0.0,0.0,0.0,0.3538814849507244,0.0,0.0,0.0,0.0,0.42292079610434113,0.0,0.3531344244461856,0.39022022721996064,0.34981272604363617,0.3868225499301462,0.4063854498438817,0.0,0.3911599291027396,0.25433271823239995,0.3224921872978706,0.38057839605591615,0.0,0.0,0.0,0.0,0.4045962258570118,0.0,0.0,0.0,0.4025468761430267,0.0,0.0,0.0,0.4124896042600361,0.2950609666709565,0.3388981830498241,0.0,0.3193513708461155
0.308472590678691,0.29312303752391095,0.0,0.0,0.30689946477943847,0.2968052993536281,0.30824815804945,0.2867370010658193,0.2944523665209628,0.0,0.0,0.0,0.31096760545009966,0.0,0.22736889151815723,0.29771880962641273,0.2772310573124027,0.31023490658586483,0.0,0.0,0.2825324900380872,0.25862275158986375,0.1969847122322317,0.2679853580205531,0.26448731376894064,0.2922227470577393,0.2536927147415994,0.2931680977672974,0.24232436035346017,0.26269995934285234,0.2694969121809343,0.3059765823659135,0.27248561118014425,0.3093474359749466,0.3374876383779858,0.35939386105202764,0.34871980077215375,0.0,0.32541269878471046,0.32232251841343357,0.36478737133743266,0.34507330287882426,0.22514541774437755,0.0,0.0,0.0,0.3277890256469813,0.0,0.0,0.0,0.32201166180133334,0.23961288044061782,0.0,0.22253521385522673,0.0,0.0,0.0,0.27072787374728924,0.0,0.33142347707342024,0.2629975630099016,0.0,0.22143336758039642,0.0,0.32830788036273406,0.3175068794885803,0.32962042497747557,0.34208668742220216,0.0,0.2307974024359115,0.3547758357554739,0.3444383643472864,0.35270801309535316,0.3539086200602238,0.28738605358177377,0.33699771718763366
0.2982220039294067,0.30405906577141906,0.0,0.0,0.0,0.3055767591732424,0.28262989290009005,0.2867493324407851,0.0,0.0,0.0,0.3071335687569951,0.3157986345438424,0.3167262395717005,0.2599733866336998,0.3084968382483014,0.0,0.3199082201844405,0.0,0.2825324900380872,0.0,0.3202686902308014,0.26722188007576725,0.34350542580645227,0.313462349350258,0.2828406562376033,0.29574481369993505,0.30285314813136466,0.2862615380218814,0.2761821621228709,0.2841105922699448,0.29717534479543506,0.2831370199325541,0.30869440180480157,0.35034940751090127,0.3246180947075822,0.0,0.0,0.3247451408867413,0.30822380740506294,0.33327221353291,0.3528359034724181,0.0,0.0,0.0,0.30156736144007595,0.3352882218875554,0.0,0.0,0.0,0.33099217216759663,0.0,0.3365012295613297,0.0,0.0,0.0,0.0,0.31048106972922523,0.0,0.33181290900890564,0.32750680179932207,0.0,0.0,0.0,0.3269697884205932,0.27666345650178825,0.33365405322686287,0.3537427261157752,0.0,0.2838450843898004,0.3437035995154813,0.35543920648438515,0.3522983055315713,0.3380048709749006,0.0,0.3116044635389483
0.2921181505485347,0.274412969979254,0.0,0.3582754911532862,0.31989845019689633,0.31424976510273395,0.3341155073579064,0.31181589339838095,0.32407014545064117,0.0,0.26638640499994143,0.0,0.34031950514818615,0.0,0.23734289521348165,0.2505490833668174,0.29044996769728887,0.2820314325377862,0.0,0.25862275158986375,0.3202686902308014,0.0,0.3118926804568184,0.2625228453197787,0.27184764770304765,0.2871520514232785,0.3039252668494203,0.3256258049709415,0.2970034654366779,0.2900737743289764,0.2681369087398449,0.30706749021483487,0.287847549367487,0.3030932260806559,0.33806693976607194,0.3627558772643385,0.322590424909136,0.0,0.33196365442504827,0.3349893492552289,0.34149360550567076,0.352929810360141,0.2653482513037218,0.0,0.0,0.3245419866453631,0.3368616807434024,0.0,0.0,0.0,0.3351840054057359,0.22628542758067977,0.3519887842253376,0.2262056171503162,0.0,0.0,0.0,0.24463266666066052,0.0,0.35703961350892016,0.34053717876900624,0.0,0.27761758576334344,0.0,0.3361610909089071,0.33964370108294667,0.3464985374590202,0.34427934485289435,0.0,0.30342379149081694,0.3563190377743615,0.3593857568056842,0.2770960695936753,0.34075667998447035,0.0,0.3422059434880931
0.32884326800674757,0.30529653137825796,0.2054650439090651,0.26308489814582986,0.2845656734984226,0.28284863543536143,0.30616760801336296,0.26933950444983057,0.2924045843964942,0.29999259419007807,0.20584972997353154,0.3096425268071524,0.311086691509951,0.26564949383252834,0.27028500040212927,0.31657118536860684,0.0,0.33723208168589586,0.19625115481414188,0.1969847122322317,0.26722188007576725,0.3118926804568184,0.0,0.3477854943884809,0.3025213107249533,0.31060801517251513,0.2397538839789599,0.3058818542520698,0.2853854145933726,0.29232265421972375,0.3088325040836662,0.29271108195270656,0.2816038306008397,0.3221021003428324,0.3268732082172558,0.29478577354973734,0.3139964743028894,0.20444417619205899,0.36921000893571476,0.0,0.3752190590216853,0.38177891054797547,0.3477675486234083,0.32190523538441734,0.0,0.0,0.3233706824273252,0.41569702331388886,0.0,0.3821595803356349,0.3780603996447219,0.38556047792258535,0.35905624451572027,0.4046860249059684,0.0,0.3901636017876736,0.24729138607949028,0.37657039545311677,0.373847777697446,0.3490344442053083,0.25765247511316736,0.0,0.0,0.41853869434419677,0.3554441190845356,0.38365086446965346,0.34511182161907644,0.389717876010921,0.0,0.24197187209746232,0.3386635260537133,0.3890233605085302,0.3766028949374238,0.3704651955015387,0.37448439564304703,0.37818196572669555
0.27519712192293505,0.2314701356628751,0.0,0.0,0.2896736131880091,0.2838007934729396,0.30829486949204915,0.36318655878985395,0.28880291145506803,0.2433417934369069,0.30483448115969985,0.218143991852098,0.34007222403566273,0.2998047657004543,0.2761542523352809,0.2748872523677207,0.2878961569235092,0.26348886686607936,0.27123566510097985,0.2679853580205531,0.34350542580645227,0.2625228453197787,0.3477854943884809,0.0,0.2595318961313204,0.26210256030712054,0.27397174049397616,0.3116671566211957,0.2683541299935991,0.0,0.24932427787334235,0.25632957343985247,0.20924478706987906,0.17958874922474186,0.18976565500257772,0.32042936108491066,0.0,0.2034835638639782,0.25138279672995434,0.2643511597415292,0.2992265290137253,0.0,0.0,0.0,0.24052860822915878,0.3048634863086245,0.3238267321449648,0.0,0.0,0.0,0.0,0.0,0.0,0.0,0.306163702360356,0.0,0.3101134526462328,0.0,0.0,0.0,0.3152570086277203,0.3241500132909789,0.3267511355560448,0.0,0.0,0.0,0.0,0.0,0.2933537784326616,0.31926489166349037,0.32396356839453083,0.0,0.0,0.0,0.0,0.31819576856035353
0.26931904089537373,0.2530521127620052,0.0,0.0,0.2916719357108417,0.288979275754513,0.33418234592170404,0.33904176410804804,0.30747389239576167,0.22477621925027602,0.26390256850359944,0.23924282868479974,0.3118040631407128,0.0,0.2759847511539762,0.2822735229171398,0.23636580501684396,0.2502539175870061,0.23111354962350403,0.26448731376894064,0.313462349350258,0.27184764770304765,0.3025213107249533,0.2595318961313204,0.0,0.24977169984103287,0.29513409114569594,0.30444678028359295,0.29323174858059914,0.23550831298601163,0.2555175064933124,0.2875180753633863,0.24411274400095273,0.25798333869276463,0.2738663103933328,0.2634065828237034,0.0,0.22940553849522924,0.3050675109602634,0.3019277947624384,0.30674769142190655,0.31655318852758046,0.0,0.0,0.2537140420037879,0.30150707826102097,0.31780702971014374,0.0,0.0,0.0,0.22639038471088083,0.22143444552587027,0.2719270499391469,0.0,0.31489527005544954,0.0,0.31287852416898126,0.24871248599273382,0.0,0.3187900989964896,0.31560732721529594,0.3132121942659442,0.30672267369475215,0.0,0.2929609657117945,0.30336492812834215,0.3128538419115716,0.25266730785410885,0.3043310920170113,0.3123102085910224,0.3189700567331771,0.24922171110176355,0.2726755966661619,0.31216149230699414,0.0,0.30546197693573673
0.2570654513678286,0.2718803983035302,0.2591692525776039,0.0,0.2802361132101774,0.3045453811840816,0.3252481911227005,0.34181956563907984,0.2966305643847087,0.2183992045654117,0.2443000136055135,0.22053839042853257,0.3029478835430694,0.30880148195727253,0.233786422103266,0.29036928324468614,0.2709985730005536,0.2716318896883376,0.2464789418467189,0.2922227470577393,0.2828406562376033,0.2871520514232785,0.31060801517251513,0.26210256030712054,0.24977169984103287,0.0,0.30926969120311554,0.3073322698150212,0.2894720126936273,0.23666172891530043,0.2634346041015861,0.2991662159720194,0.26736866158545736,0.27533669700575136,0.31356136089083714,0.31886792185646107,0.0,0.24904899455268692,0.3217657033192091,0.31456838456038144,0.32850890054344134,0.34402263808341305,0.0,0.0,0.28964125496677456,0.30697728394335805,0.3385057377892452,0.0,0.0,0.0,0.31292291192405297,0.23284409501253692,0.3380538033834772,0.0,0.3277930986823412,0.0,0.3232909169348204,0.26370347872571737,0.0,0.36876686976873096,0.33046867499264343,0.32468962798990403,0.32003229707882425,0.0,0.3329143014997913,0.33970588400463525,0.35160334170922813,0.3399689537711467,0.3198499750944427,0.32268372524142824,0.3356389081539596,0.3375666543484358,0.2923011281562994,0.33891714145499446,0.0,0.31814058381250776
0.2963762695139843,0.3043287308014734,0.22442352028996826,0.2977747388798586,0.2966796620789841,0.2721249504091835,0.3105003517587626,0.32437190158367896,0.265095364558752,0.3153037197363862,0.2543674291046313,0.26631432502782026,0.32040451991503205,0.3117668836522341,0.27736411231047814,0.31691384433084546,0.0,0.32401557419672994,0.2586340911449101,0.2536927147415994,0.29574481369993505,0.3039252668494203,0.2397538839789599,0.27397174049397616,0.29513409114569594,0.30926969120311554,0.0,0.30929530786594434,0.2707006512288941,0.2914896279109139,0.2883927852155742,0.30288588261394056,0.2843327326028769,0.31322763417685157,0.32614564987737865,0.35085367129997963,0.30964666070946917,0.2745182693274485,0.3628369005760944,0.3341692741766698,0.38576911090395016,0.3725561785432124,0.33218256337029495,0.258416707519128,0.0,0.0,0.29931096060871853,0.42081274771576366,0.0,0.3576188631035322,0.3744472479689893,0.3928242813905343,0.37626031990940617,0.41037560758159963,0.0,0.39882113422244375,0.28360995941289163,0.4017953796578911,0.3852673350650674,0.3390392472129511,0.24737794795279242,0.0,0.27705497668948204,0.4194637079740856,0.3508489438791905,0.35478565446164856,0.3552872032419675,0.38780309801880053,0.0,0.22363700043112272,0.34225472508504745,0.3755691427601961,0.3923191528938183,0.36876468665235185,0.3586244367137349,0.37509309910450733
0.3027600189818095,0.31972481512961026,0.33617373166420456,0.19060691520030545,0.2557535657456576,0.28454548333259533,0.23298625388638758,0.3044460804477662,0.32616527277567664,0.2984146937478583,0.3231130792490997,0.27881385887358057,0.2479556509174078,0.21018833967002648,0.28229720828724664,0.34739151659660633,0.3142977797291151,0.34990451529284017,0.3222110771567265,0.2931680977672974,0.30285314813136466,0.3256258049709415,0.3058818542520698,0.3116671566211957,0.30444678028359295,0.3073322698150212,0.30929530786594434,0.0,0.26380618032745706,0.23820596765342106,0.2716987014982246,0.262046058663376,0.289539865499371,0.28235985646519496,0.26307494361368505,0.21384184695085476,0.21724187619844476,0.25185237707457386,0.3398887475990244,0.2332463689881924,0.32893447107375456,0.33970460096573524,0.28049433644142824,0.0,0.0,0.0,0.24258137629803753,0.3377681196230345,0.0,0.24724561916423102,0.38465369591605386,0.28567309729760715,0.3720953415887089,0.2973048674265988,0.29747509445977866,0.2705044954386258,0.223339857581301,0.315670942282113,0.0,0.3243574993333979,0.2334197249796111,0.0,0.2275466594409943,0.27562000502739353,0.3430103623361691,0.34019375283479747,0.2815820122160994,0.37465777631632424,0.0,0.2591158360046183,0.2926702817731965,0.36775530406061907,0.36879543650100505,0.36597936831141875,0.30302490788201547,0.3554543235082342
0.3187607644685962,0.3054880149561692,0.29422330091436716,0.0,0.27816603812559615,0.24104439805421904,0.2983416552861708,0.279604197193741,0.2813994099387442,0.26960861490714444,0.27156195316924664,0.0,0.2785159551767791,0.0,0.27944376111144487,0.3145063889880376,0.27286190566315827,0.32202103287892897,0.25326963544638453,0.24232436035346017,0.2862615380218814,0.2970034654366779,0.2853854145933726,0.2683541299935991,0.29323174858059914,0.2894720126936273,0.2707006512288941,0.26380618032745706,0.0,0.2535801700842923,0.2630779209112304,0.29573251257058036,0.2633940882809087,0.2973650415957865,0.3283179963000883,0.3531432626678425,0.27786190581200315,0.0,0.3431897274189432,0.29753888543054485,0.3611866348156332,0.341325284802042,0.24567691164774322,0.2509378928710435,0.0,0.0,0.3067862713062768,0.32227293382616806,0.0,0.2725484260215013,0.35961894854981236,0.277387500358557,0.34336016233011823,0.27732766677602183,0.0,0.0,0.0,0.3348450321047397,0.0,0.32818622489349,0.24115422534409478,0.0,0.22072005710588696,0.0,0.3393175480522124,0.3345911358048949,0.32744805635972696,0.3634583789628862,0.0,0.22536721169490478,0.330171231911862,0.3582507350020318,0.36881282443700947,0.35144504909381047,0.3307355443147759,0.3591193653185832
0.26593101785292794,0.29827135362601476,0.3105129785563795,0.0,0.0,0.29334964556230575,0.32392713881623053,0.28306129171063754,0.2999433026961959,0.0,0.0,0.0,0.2957169543379756,0.4009019850198304,0.0,0.3068836032719198,0.0,0.30107160806090094,0.0,0.26269995934285234,0.2761821621228709,0.2900737743289764,0.29232265421972375,0.0,0.23550831298601163,0.23666172891530043,0.2914896279109139,0.23820596765342106,0.2535801700842923,0.0,0.2430560199612935,0.28373846744111886,0.23568403118712125,0.2687925986204105,0.2847779545107078,0.0,0.0,0.0,0.33459491699769417,0.0,0.33128440832946476,0.0,0.2551216255018173,0.0,0.0,0.0,0.0,0.3281146247471362,0.0,0.0,0.3290628800419741,0.2529297837344276,0.2762148435580414,0.2848867320914082,0.0,0.0,0.0,0.25550749117032356,0.0,0.30273560869915955,0.0,0.0,0.0,0.0,0.32604228077751735,0.35515224931185635,0.30277576766631914,0.3684626811055499,0.0,0.2199453559602301,0.0,0.3643073953623486,0.30154938636392753,0.330032588567128,0.0,0.30448781218413934
0.26169866332138986,0.2618873308692811,0.3356944279772197,0.0,0.3112896939840995,0.3102181407360245,0.30141176927428964,0.3041963164293862,0.334822700510379,0.23281704437117912,0.33367654072750236,0.248862873773744,0.28320083851674116,0.3151091295238577,0.28504918528578227,0.262099815144591,0.2568854389743928,0.2678971344491849,0.3353547999962805,0.2694969121809343,0.2841105922699448,0.2681369087398449,0.3088325040836662,0.24932427787334235,0.2555175064933124,0.2634346041015861,0.2883927852155742,0.2716987014982246,0.2630779209112304,0.2430560199612935,0.0,0.27967362555379693,0.23106598713269025,0.21546365196101522,0.28249790056411384,0.27625140029807355,0.28510679840701625,0.206771076832006,0.32937427705618455,0.2538315977651085,0.2831230499103254,0.0,0.2751635169285568,0.0,0.0,0.28182237670157495,0.31019694799446823,0.33160721729879555,0.0,0.0,0.3704933105411701,0.25968882472232396,0.3589630938864577,0.29235179345914225,0.2986624816266467,0.280122564353992,0.30140792163011587,0.2828599406556272,0.0,0.3359815896180034,0.3017737662472601,0.2993502758569848,0.30238982427840316,0.2939693841342743,0.33247652139216893,0.33973714386923765,0.3284928344959824,0.3723254453053938,0.29099088028535874,0.3081620459208684,0.31757396090497303,0.36196481603413144,0.35302933143225623,0.3604342464706285,0.0,0.25536100392520356
0.3020968421824331,0.295063082319084,0.309162976782026,0.21199897527250025,0.2286728319848277,0.2927414471840362,0.27338028903669986,0.2718220949553003,0.314195476623393,0.23771205084421776,0.27415885125461537,0.2166991256448465,0.27148993770130836,0.2232316188662298,0.2946560028965969,0.30810076661917324,0.3038017577940402,0.31059326693429895,0.29932167152659306,0.3059765823659135,0.29717534479543506,0.30706749021483487,0.29271108195270656,0.25632957343985247,0.2875180753633863,0.2991662159720194,0.30288588261394056,0.262046058663376,0.29573251257058036,0.28373846744111886,0.27967362555379693,0.0,0.2525585188033908,0.28827309261406736,0.2751368742031852,0.20340592890362466,0.22094673637961743,0.18048350031110574,0.2040910260747969,0.21605807874472313,0.23157397187328316,0.22328499797980408,0.22722754503358342,0.17218429973883587,0.17268721148301935,0.30824972447578974,0.33491369125698534,0.4036025539380269,0.0,0.2848441403547458,0.3444058593802182,0.3297074952951186,0.32726049828897175,0.36843793026466565,0.30144285932491166,0.316145348007218,0.18038318026509356,0.33967437954409474,0.3473210396098749,0.3485006234972247,0.3479238459561423,0.0,0.3041890516742545,0.35165337313807415,0.3321905976924753,0.33105455048565785,0.33868750312866663,0.3626225339186782,0.0,0.3327093264176323,0.34101692173485176,0.3535331708542575,0.3315437209744642,0.3483602063271857,0.35253520411875044,0.34219569304830605
0.2563086428851359,0.26024023090147663,0.26319652538553184,0.33877509577226234,0.0,0.28320758466986146,0.3028688863479092,0.285363435088624,0.2976093602854933,0.21963438382658249,0.28791627440782,0.2253758712903937,0.28863188600629464,0.0,0.2796356262180372,0.2779703807316547,0.26193951750343436,0.266047490649812,0.0,0.27248561118014425,0.2831370199325541,0.287847549367487,0.2816038306008397,0.20924478706987906,0.24411274400095273,0.26736866158545736,0.2843327326028769,0.289539865499371,0.2633940882809087,0.23568403118712125,0.23106598713269025,0.2525585188033908,0.0,0.1824921342512616,0.3136093620329514,0.3052530712350942,0.2019351298841945,0.15458854666048297,0.20887091291501186,0.1827587366325803,0.1945571496077321,0.18531046089313785,0.2010756959318565,0.20569263638820512,0.1831126258238256,0.2898426815902204,0.3274422964819109,0.0,0.0,0.0,0.0,0.0,0.0,0.0,0.25189132628711575,0.0,0.2660807087770325,0.2418393814456655,0.0,0.365225940496206,0.31337827328949897,0.2728791026861393,0.32049330865311265,0.0,0.32879692193281373,0.3298492508557743,0.34721058179448144,0.3561602445348926,0.24653646692275452,0.30957719894005054,0.32671395304304957,0.3572708749294875,0.24677290315642267,0.3235971855342858,0.0,0.2645421438783574
0.28233978583115227,0.2715423819924201,0.3475447707972637,0.22532221519434617,0.3035229739980262,0.31119549794543766,0.290985663610598,0.3155698259863129,0.3372296359428164,0.22558039188780482,0.33027526993261397,0.18827573196341837,0.2846121051983543,0.3077561532282012,0.3034150918555657,0.2764546422097348,0.26498893808744745,0.27849708502532733,0.34466081581567753,0.3093474359749466,0.30869440180480157,0.3030932260806559,0.3221021003428324,0.17958874922474186,0.25798333869276463,0.27533669700575136,0.31322763417685157,0.28235985646519496,0.2973650415957865,0.2687925986204105,0.21546365196101522,0.28827309261406736,0.1824921342512616,0.0,0.27320098658792985,0.32524907881273063,0.23016645396446206,0.1534101075266077,0.23464745610198975,0.19599151361367853,0.18312400640968168,0.20772934068124352,0.2742312862809372,0.18510971504209545,0.18333675978410321,0.30960991466402094,0.3293178416329638,0.31224223612541546,0.0,0.28426796401412086,0.36639620452933397,0.27000425460248173,0.3526364377588079,0.2951512782299746,0.27082043713603937,0.0,0.2811766463120694,0.30615619021342455,0.0,0.3541163745628865,0.31545075853616245,0.28842025842491686,0.3089691305617558,0.0,0.33930503106465676,0.33694654149660463,0.34458110665206493,0.3782405008023215,0.25010244536062776,0.3129630731804124,0.3393372040728846,0.3672847696070046,0.3835457227418065,0.3613773366652302,0.0,0.2872418844279346
0.3111370308154062,0.31928899735312005,0.3431434339555141,0.2423266049092776,0.27644411950870434,0.3068439524374702,0.2759673179814198,0.31770446763716437,0.3286017734429041,0.21038612677476534,0.3052426124665435,0.1845332463545047,0.2584100634692992,0.0,0.3284729438193651,0.3126657507504732,0.2618377555658234,0.2947748217589698,0.31856579092692405,0.3374876383779858,0.35034940751090127,0.33806693976607194,0.3268732082172558,0.18976565500257772,0.2738663103933328,0.31356136089083714,0.32614564987737865,0.26307494361368505,0.3283179963000883,0.2847779545107078,0.28249790056411384,0.2751368742031852,0.3136093620329514,0.27320098658792985,0.0,0.3330482451615965,0.2519781135826734,0.18298819927110638,0.20221210497281583,0.0,0.1979734572759426,0.0,0.20514446875067863,0.20094668183894068,0.1816026420172248,0.0,0.3460530576849795,0.30527734433782283,0.0,0.19160177983978768,0.3430946967460819,0.23524609934651258,0.35494194318741823,0.0,0.23340232037530187,0.0,0.0,0.1981583259759925,0.0,0.3704521807552381,0.3340049443930773,0.0,0.3017012748941018,0.0,0.344931425023359,0.3657341497083861,0.36161570041056024,0.3851083136243893,0.0,0.31734167784952133,0.358220219500518,0.3742407762795498,0.22451053688036915,0.34141865970089846,0.0,0.32603709247456886
