0.0,0.40360685981454636,0.0,0.0,0.0,0.4732788392237683,0.0,0.51524310559668,0.0,0.0,0.0,0.0,0.42019783318170567,0.48847308116820914,0.36725734722810266,0.4250090224859165,0.0,0.40275619935800866,0.0,0.44076553862856616,0.4261188389659914,0.4173972594661384,0.46987247660634557,0.3932194021080421,0.38482042071227174,0.3673117014566686,0.42348153455593346,0.43260304764228286,0.45546594507970284,0.37997939481138354,0.3739319336069502,0.4316554578465737,0.3662303246712018,0.4034253011080846,0.44457266259189465,0.43480508739785223,0.0,0.0,0.4422899060953803,0.41906568613068484,0.4211820148849892,0.44815517132412835,0.0,0.0,0.0,0.37782715123798627,0.4697260191402086,0.0,0.0,0.0,0.3731467693473562,0.0,0.0,0.0,0.0,0.0,0.0,0.37009134920594694,0.0,0.5032746890690466,0.45613216046256644,0.0,0.43471379097419066,0.0,0.0,0.41376578002009473,0.4717050503939215,0.4313424379944858,0.0,0.4331106663907754,0.45004312867149926,0.0,0.32027572722558156,0.47398463743236596,0.0,0.37730739383304357
0.40360685981454636,0.0,0.0,0.0,0.43514297183940853,0.4282685994031076,0.4683051243094024,0.46430842095286523,0.42877377185971816,0.0,0.0,0.0,0.4660353724751558,0.0,0.42118976414862147,0.403439468671859,0.3743617763338244,0.3897229661637252,0.0,0.4188331068067013,0.43445920950310235,0.39209895522145566,0.4362273801970776,0.330739463099151,0.3615771843366787,0.38848025342266734,0.4348445242954464,0.4568434428597558,0.4365009842867339,0.42618935299629396,0.37420151397123813,0.4216051679717683,0.3718480312748107,0.3879972739102773,0.4562207183039826,0.0,0.0,0.0,0.4620575275478317,0.4552162579955193,0.4563534680571719,0.4760340136390201,0.0,0.0,0.0,0.45812492214328737,0.4748998632558419,0.0,0.0,0.0,0.4179563307231966,0.33220426701765093,0.40427450955382804,0.0,0.0,0.0,0.0,0.31557310954589807,0.0,0.4931376507001514,0.46782507343679275,0.0,0.45714517869575394,0.0,0.4610337353857373,0.46209874771188564,0.47137537971405086,0.4926195696321227,0.0,0.4697068791877985,0.49275019717767077,0.4707818863227266,0.34248807586890856,0.4805902819606748,0.0,0.4519903650508943
0.0,0.0,0.0,0.3972054279217117,0.4275328438665765,0.3619241318984873,0.4583015028633515,0.456050170826534,0.29966642004948135,0.4162725781370182,0.3222665298263361,0.3589242378031658,0.4659232073808059,0.42010427480579643,0.0,0.0,0.0,0.0,0.26694203901461094,0.0,0.0,0.0,0.2935817102863817,0.0,0.0,0.37031774835164183,0.320670804442918,0.48034671600397694,0.4204052341223267,0.4436809764635514,0.4796618559738014,0.44175200683317595,0.3760721755585617,0.4965943903183209,0.49030547628718674,0.4502836950845021,0.4398494142152089,0.0,0.5171252393345029,0.0,0.0,0.0,0.5259645571224463,0.0,0.0,0.0,0.0,0.41126228518794733,0.0,0.4949025254259627,0.5579256847995597,0.5366121698054507,0.5658338183046806,0.59219205351663,0.0,0.36275680690940415,0.38988635757781936,0.5321973290320176,0.5564976599810769,0.0,0.0,0.0,0.0,0.33245777565379253,0.0,0.0,0.0,0.5727953376360515,0.0,0.0,0.0,0.5686812550098631,0.46236562141622883,0.42357379029629466,0.0,0.4840049921187302
0.0,0.0,0.3972054279217117,0.0,0.19226818366667905,0.416886562501625,0.27883169024546905,0.3339154754934886,0.44278132754255817,0.36346367033127325,0.40887055432127584,0.2601848154808859,0.301442824463418,0.21730549920572506,0.0,0.0,0.0,0.0,0.41129303813827767,0.0,0.0,0.511927135853957,0.37591267535685946,0.0,0.0,0.0,0.4254797578079539,0.2723514574171715,0.0,0.0,0.0,0.30291781295414305,0.4840637128682183,0.3219549177014716,0.3462518867620344,0.1946480501585997,0.20673942501422793,0.25181407127306804,0.26826392144756805,0.0,0.0,0.0,0.0,0.0,0.0,0.0,0.0,0.0,0.0,0.0,0.0,0.0,0.0,0.0,0.0,0.0,0.0,0.0,0.0,0.0,0.0,0.0,0.0,0.0,0.0,0.0,0.0,0.36024236068757975,0.0,0.0,0.0,0.0,0.0,0.0,0.0,0.0
0.0,0.43514297183940853,0.4275328438665765,0.19226818366667905,0.0,0.39957425565226884,0.34769360472388894,0.3801016366181424,0.3474792688210231,0.4559569522145149,0.3351522932784089,0.4007436724311127,0.3900338568974881,0.24952507906634513,0.0,0.442010935359944,0.4006889789942709,0.40235989605002653,0.3756931886643455,0.4385177548537127,0.0,0.4570915438459367,0.40660579300991784,0.4139043467764271,0.41675967891855364,0.40041943794908524,0.4239150414261349,0.36543719464358976,0.3974615811176256,0.0,0.44479079757636697,0.326742495136294,0.0,0.43369320699139147,0.39500119270846734,0.20953421107531606,0.21656313175559092,0.36157052461285166,0.3771122973226084,0.0,0.0,0.0,0.45867876840692196,0.0,0.0,0.0,0.0,0.5154234415973885,0.0,0.4302535619367218,0.5522998035186799,0.43800392152763795,0.0,0.5018204930822798,0.0,0.4548955143601524,0.0,0.3441334371379289,0.0,0.0,0.0,0.0,0.0,0.5174525867448457,0.0,0.0,0.0,0.6152060117901931,0.0,0.0,0.0,0.49160696297805323,0.38554876878609595,0.4055143211060816,0.0,0.0
0.4732788392237683,0.4282685994031076,0.3619241318984873,0.416886562501625,0.39957425565226884,0.0,0.40164134048830574,0.4234051707684031,0.3634420156487187,0.46957575512996763,0.41964790271998387,0.39237594547965954,0.3988994738431004,0.42547008525685026,0.46366352408239586,0.45403259565627285,0.3332114697282968,0.4604284846039524,0.42497279728017706,0.4240945600696177,0.4366277877494091,0.44902033815925385,0.404152378250941,0.4055128830833779,0.4129122326563636,0.4351540883392867,0.38882968524847034,0.40657694399841804,0.3444197868861274,0.41915689899154623,0.4432596931644067,0.41828786591083983,0.4046652680747553,0.4446562041992825,0.4384384352381373,0.44881363375891226,0.4515923373023533,0.37299284276129147,0.5079590545614306,0.0,0.5478837960476487,0.49248112424939405,0.46073194755831975,0.3599953203326344,0.0,0.0,0.38161612998300226,0.5858163368911491,0.0,0.47846800616457286,0.5317851910383522,0.5368409810416345,0.4983655914042671,0.5671734730166595,0.0,0.5385897207230617,0.0,0.5442349551437635,0.4751336791422531,0.470136522026338,0.32157729182564787,0.0,0.0,0.586795791404292,0.4968619452357726,0.4652166215094651,0.4354675357270641,0.5477462896362704,0.0,0.3211302898880469,0.44907989104567386,0.5434340644399366,0.5541291866316111,0.5155066218886123,0.4938070199906036,0.5349922443836739
0.0,0.4683051243094024,0.4583015028633515,0.27883169024546905,0.34769360472388894,0.40164134048830574,0.0,0.4431808601241046,0.38752449438495834,0.47859644932536227,0.4514317623740366,0.38307625986134,0.33018191602541447,0.362420806919294,0.0,0.5184536480403531,0.434130315816107,0.4919323394394203,0.46504065864917843,0.4404448548086664,0.40383982480440067,0.4774057923290795,0.43747203069070517,0.4405115991314344,0.4775012955811143,0.46473559881852733,0.44366293448050037,0.3329057906290648,0.42628980454382687,0.46284799405553484,0.43067658147803367,0.390623394067465,0.4327586043585293,0.4157790890669751,0.3943199079254982,0.2911968191636634,0.336134953131995,0.3709888609178436,0.373611673441127,0.0,0.4161577936451845,0.0,0.4079741425540403,0.0,0.0,0.0,0.36763792925670424,0.5151650334431924,0.0,0.39639735096606676,0.5001228363509133,0.4239956997981324,0.4338301211184828,0.4753836758013032,0.0,0.4085963127322374,0.0,0.39702402268677905,0.0,0.0,0.3516732566614378,0.0,0.3300747274451941,0.46559278550118716,0.38953393444159806,0.0,0.3657165636731291,0.5378538169499496,0.0,0.3527005219083613,0.3609323853083878,0.536061930726163,0.3928017036460335,0.4054776510647008,0.0,0.38595517297385074
0.51524310559668,0.46430842095286523,0.456050170826534,0.3339154754934886,0.3801016366181424,0.4234051707684031,0.4431808601241046,0.0,0.5092425320205598,0.423962234454002,0.2996506326581355,0.4458735666637136,0.44367129580218057,0.3817032302226323,0.46385474200585325,0.4710471870400827,0.0,0.4780276706143122,0.4434884682502762,0.4097083259211143,0.4097259457852223,0.4455426652471753,0.384849660359083,0.5189443861299395,0.48444474579046,0.48841384782748276,0.463483499791474,0.4350122010408659,0.3995165155768259,0.40445623525654595,0.4346553220979132,0.38839694583728396,0.40774568623747715,0.45090652631325817,0.45395664002010794,0.34763562619859545,0.4079813000246702,0.0,0.4700899010041811,0.0,0.5210297221759252,0.0,0.4766731467496952,0.0,0.0,0.0,0.5239744977810431,0.5648951198515647,0.0,0.4858977620890369,0.48533750687111415,0.5069741803018942,0.4069870054916336,0.5588662210583737,0.0,0.5148664857935213,0.0,0.4935778759577126,0.5317139168762806,0.4814811156450065,0.0,0.0,0.0,0.5608894828351612,0.5074941931936964,0.5435629938353617,0.5331867259239216,0.4968555115501017,0.0,0.35529513411498315,0.44094012797873855,0.5317123757860238,0.5031915285393721,0.49108494531889146,0.41009787438586587,0.5022642360542183
0.0,0.42877377185971816,0.29966642004948135,0.44278132754255817,0.3474792688210231,0.3634420156487187,0.38752449438495834,0.5092425320205598,0.0,0.5037136395109851,0.3251174343191379,0.4292851340040049,0.44060286730217285,0.4402055986841015,0.0,0.46441388213762097,0.3696166117451717,0.351192636579381,0.2968962708717205,0.42073253783916675,0.0,0.46305233116083405,0.4178065346273433,0.41266023196719803,0.4393385340910341,0.4238448874730231,0.37878535947260733,0.4660459842496966,0.4020816313647903,0.4285783416933336,0.4784162755298015,0.44894276727755766,0.4252434542029474,0.48185546015877717,0.46952741359353733,0.47725288189668746,0.4817937681495992,0.44689448049279945,0.5322586854144181,0.0,0.4325749393816097,0.0,0.5164672440135728,0.0,0.0,0.0,0.0,0.5970122736424308,0.0,0.49104854943480614,0.5631655864012631,0.5223911006991622,0.5468520885824399,0.591714859923032,0.0,0.5556880491442128,0.0,0.49523155457952034,0.5515913945634993,0.0,0.0,0.0,0.0,0.5859467790786783,0.0,0.0,0.0,0.5702419128300782,0.0,0.0,0.0,0.5720171356978182,0.4858804648095511,0.41662530364745,0.0,0.4451067795579209
0.0,0.0,0.4162725781370182,0.36346367033127325,0.4559569522145149,0.46957575512996763,0.47859644932536227,0.423962234454002,0.5037136395109851,0.0,0.4827571945621578,0.3038151692553779,0.4221671894787281,0.42479691233614886,0.0,0.38820484398874583,0.33557494017839296,0.36331182191334177,0.45652715710363245,0.0,0.0,0.0,0.4286487725598264,0.34770245362505964,0.32117476347173074,0.31206287347776945,0.45052629653555476,0.4263941666099523,0.3852341827421173,0.0,0.33266401315720623,0.3396583142065547,0.31382777729355077,0.32232381721731923,0.30061327096788,0.38115339517431973,0.31336721420304,0.2949921580345869,0.21814362744248864,0.33222262729376395,0.35077599660664804,0.0,0.0,0.0,0.33889974443560883,0.0,0.0,0.0,0.0,0.0,0.0,0.0,0.0,0.0,0.4364733438047984,0.0,0.44625740683601417,0.3915786086165863,0.0,0.0,0.0,0.47908727746363194,0.5207510260257859,0.0,0.0,0.0,0.0,0.39438270437516126,0.4090308741805734,0.50078202122306,0.4837678008781294,0.3668224281543309,0.4132281284223327,0.0,0.0,0.41554533033179103
0.0,0.0,0.3222665298263361,0.40887055432127584,0.3351522932784089,0.41964790271998387,0.4514317623740366,0.2996506326581355,0.3251174343191379,0.4827571945621578,0.0,0.42975181220270053,0.46377547201269387,0.29104430525620434,0.0,0.0,0.3763140166998623,0.36983415886370796,0.27117410545415965,0.0,0.0,0.3806300813462757,0.29413137455326005,0.43556717303569537,0.3770810155159316,0.34907162042140744,0.36345659318447615,0.46168481322707705,0.38802523847035886,0.0,0.47677856848768624,0.3917358539932573,0.4113933477528227,0.47191861334343116,0.4361503373774488,0.3694096851449666,0.46162432423091215,0.41827781312020595,0.4737131251585343,0.0,0.0,0.0,0.483946440177899,0.0,0.0,0.0,0.0,0.49148169720970986,0.0,0.42074282371411975,0.5345546090424887,0.47103636731426557,0.5170487764333555,0.5951431621557364,0.37911129844935737,0.301842520766841,0.35664719311566084,0.4309538878070754,0.5197219281161756,0.0,0.0,0.0,0.0,0.3493205763484091,0.0,0.0,0.0,0.578440924824803,0.0,0.0,0.0,0.5913920600952873,0.3802943444959754,0.0,0.0,0.4426000914266495
0.0,0.0,0.3589242378031658,0.2601848154808859,0.4007436724311127,0.39237594547965954,0.38307625986134,0.4458735666637136,0.4292851340040049,0.3038151692553779,0.42975181220270053,0.0,0.439020384722386,0.0,0.0,0.0,0.37156178882169555,0.3782290032833379,0.3816927764841212,0.0,0.4388522577200316,0.0,0.4424372188471806,0.31169820908797363,0.34184558834310047,0.31511948024827885,0.3805270888318795,0.39838722919641245,0.0,0.0,0.35559132940207266,0.3096336910357076,0.32203158499311996,0.26902051241234065,0.2636730075283793,0.34442533643311635,0.288661163127674,0.2687645217633411,0.23140217707286237,0.356799848737853,0.39347697404142035,0.0,0.0,0.0,0.36080358397306117,0.0,0.0,0.0,0.0,0.0,0.0,0.0,0.0,0.0,0.4474948486534316,0.0,0.44910542516971685,0.40069588776819215,0.0,0.0,0.0,0.5119215231853284,0.4771057590955846,0.0,0.0,0.0,0.0,0.0,0.44924693990664755,0.5002105417256191,0.49046906844970356,0.0,0.4202580930344703,0.0,0.0,0.4351742627641627
0.42019783318170567,0.4660353724751558,0.4659232073808059,0.301442824463418,0.3900338568974881,0.3988994738431004,0.33018191602541447,0.44367129580218057,0.44060286730217285,0.4221671894787281,0.46377547201269387,0.439020384722386,0.0,0.3774818185532362,0.0,0.49106564213367093,0.4422192560872077,0.5060774475719023,0.46215927607198065,0.44433057669949044,0.45123346274180903,0.48627046462189716,0.44450073454462685,0.4859171334150167,0.44552576141179157,0.43287148064746744,0.45781464890822743,0.3542950308555815,0.39796156517520637,0.4225394624968241,0.40465562873594985,0.3879223381237006,0.41241585977230727,0.406672137618315,0.3692329699747149,0.3176977889936444,0.3286616301031188,0.3712126269957006,0.425076646798498,0.33115246405671,0.3575305539099485,0.44078008605909863,0.407434536167271,0.0,0.4512590670011074,0.0,0.3459158406502334,0.5251970784144967,0.0,0.36047015274768424,0.5675571276886091,0.4302270540289351,0.4855561340019678,0.45545269843488273,0.40748735702330835,0.42681732121841465,0.4265892341401732,0.4117193853692082,0.0,0.39344538858718897,0.33050224995699534,0.0,0.34609889553409146,0.46470453529127814,0.46730636952422244,0.4290772781408892,0.358686685238811,0.5368371384470786,0.0,0.35931910689255586,0.3902738152672027,0.5427453308193617,0.4631757718546428,0.4973779591430195,0.4299352101523508,0.4209293538769816
0.48847308116820914,0.0,0.42010427480579643,0.21730549920572506,0.24952507906634513,0.42547008525685026,0.362420806919294,0.3817032302226323,0.4402055986841015,0.42479691233614886,0.29104430525620434,0.0,0.3774818185532362,0.0,0.0,0.0,0.0,0.0,0.3866827917637506,0.0,0.4525588846499238,0.0,0.37957713512855307,0.42838039109612275,0.0,0.4412354797057792,0.44547263696002365,0.30033065999242115,0.0,0.572834620332877,0.4502482534859332,0.31896773879332374,0.0,0.43974184657844256,0.0,0.20320949078553027,0.1781045196125794,0.0,0.4949664141329022,0.0,0.0,0.0,0.45953057104169026,0.0,0.0,0.0,0.0,0.5523449149848718,0.0,0.4882672003063293,0.0,0.45109380505807306,0.48495312193815227,0.53177381612399,0.0,0.47979050611924995,0.0,0.0,0.0,0.0,0.0,0.0,0.0,0.5269934493887232,0.0,0.0,0.0,0.5206140793664565,0.0,0.0,0.0,0.5279461544835233,0.0,0.0,0.0,0.0
0.36725734722810266,0.42118976414862147,0.0,0.0,0.0,0.46366352408239586,0.0,0.46385474200585325,0.0,0.0,0.0,0.0,0.0,0.0,0.0,0.43289716995140587,0.35361937645586555,0.4186641016116722,0.0,0.324879340873975,0.37146674696958987,0.33913084082533407,0.38620064597426906,0.39458701179033906,0.3943448175671454,0.33404912260008335,0.3963157377768511,0.4033644635664678,0.39928727415192933,0.0,0.407296665845394,0.42102350663024557,0.39956142339437956,0.4335390580262423,0.46934333351599933,0.5351605304217447,0.0,0.0,0.47798898443637805,0.4770356513019771,0.5189345117751886,0.5114576462957682,0.0,0.0,0.0,0.0,0.5060325355345939,0.0,0.0,0.0,0.4774563458945229,0.0,0.0,0.0,0.0,0.0,0.0,0.35141383496311557,0.0,0.4897156261143727,0.47362690536829505,0.0,0.0,0.0,0.4598956023499158,0.466207582741397,0.5009137741158274,0.47975954563765627,0.0,0.3653719783314355,0.5452882707644003,0.48878492527287537,0.4582726905160766,0.47397823439875064,0.0,0.48284305950304374
0.4250090224859165,0.403439468671859,0.0,0.0,0.442010935359944,0.45403259565627285,0.5184536480403531,0.4710471870400827,0.46441388213762097,0.38820484398874583,0.0,0.0,0.49106564213367093,0.0,0.43289716995140587,0.0,0.4115601604880919,0.3544137007241288,0.0,0.4253998424823623,0.4408001851203541,0.3580006944542365,0.452337333201243,0.39277664049636,0.40333062038160084,0.4148983650344655,0.4528269464330854,0.49637541082924796,0.4493870189226305,0.4384950909084671,0.37450512521219487,0.4402342524241491,0.3971820132103522,0.3950162282225703,0.44675699626027515,0.0,0.0,0.0,0.45031535537273193,0.4343454173829929,0.44496846176873966,0.4595705480937917,0.0,0.0,0.0,0.45203094956653633,0.4686718533909033,0.0,0.0,0.0,0.32949149305835723,0.0,0.0,0.0,0.35377215600057144,0.0,0.3506541682243157,0.3346817175804333,0.0,0.5047274243138091,0.45622735898683037,0.3154410402097302,0.4247574790612817,0.0,0.44093358641146196,0.0,0.46463782209655596,0.41396927028714287,0.0,0.44142604922652756,0.4717113503022951,0.4341766948501626,0.3533145756958175,0.4327855225502885,0.0,0.43060710431497473
0.0,0.3743617763338244,0.0,0.0,0.4006889789942709,0.3332114697282968,0.434130315816107,0.0,0.3696166117451717,0.33557494017839296,0.3763140166998623,0.37156178882169555,0.4422192560872077,0.0,0.35361937645586555,0.4115601604880919,0.0,0.3647849061475788,0.3756798015283661,0.396125620211576,0.0,0.41501365218569064,0.0,0.4113646025933627,0.3377347113155382,0.38722024453893594,0.0,0.4490889445550843,0.3898826944599165,0.0,0.36705448813545266,0.43409155126483456,0.37427608160092984,0.3786332904643182,0.3741306775793139,0.0,0.0,0.34293987327674436,0.0,0.415374251358338,0.39473549213390047,0.0,0.0,0.0,0.3029122412424271,0.40684283287097206,0.42668417618468757,0.0,0.0,0.0,0.0,0.0,0.0,0.0,0.4628503844049741,0.0,0.46688851141952653,0.29432801753637955,0.0,0.0,0.0,0.46849069267955173,0.44650985291188167,0.0,0.0,0.0,0.0,0.0,0.4757770807981884,0.45759154801180196,0.47255503442943125,0.0,0.0,0.0,0.0,0.4014932350782646
0.40275619935800866,0.3897229661637252,0.0,0.0,0.40235989605002653,0.4604284846039524,0.4919323394394203,0.4780276706143122,0.351192636579381,0.36331182191334177,0.36983415886370796,0.3782290032833379,0.5060774475719023,0.0,0.4186641016116722,0.3544137007241288,0.3647849061475788,0.0,0.0,0.4432836492923051,0.4571055038344492,0.4029847060291527,0.4818589547942758,0.3764898919263385,0.3575789425454623,0.388125168280781,0.46297435623258876,0.49996614549219287,0.4601244269201553,0.4301905371908899,0.3827887090478579,0.44379569767771637,0.38014581865779795,0.39793460228540684,0.42119328268638656,0.0,0.0,0.0,0.4256786012445712,0.42411734352497904,0.42985033569733727,0.45427561728333843,0.0,0.0,0.0,0.4292835068643055,0.4575492414098249,0.0,0.0,0.0,0.33229588388890197,0.0,0.0,0.0,0.43989262463991635,0.0,0.442321581382637,0.3298529815211384,0.0,0.0,0.44025144694940394,0.42862420231242965,0.4326687813684903,0.0,0.32465027686458137,0.0,0.4491640104750674,0.0,0.45053099704355903,0.44124920791959843,0.45323673909362244,0.0,0.3382875743667807,0.3547746607515997,0.0,0.42770000844865497
0.0,0.0,0.26694203901461094,0.41129303813827767,0.3756931886643455,0.42497279728017706,0.46504065864917843,0.4434884682502762,0.2968962708717205,0.45652715710363245,0.27117410545415965,0.3816927764841212,0.46215927607198065,0.3866827917637506,0.0,0.0,0.3756798015283661,0.0,0.0,0.0,0.0,0.0,0.280416311114765,0.3875590170279893,0.33022994996099825,0.35218501366569815,0.3695530751707425,0.46039597444495295,0.361887994781566,0.0,0.47917657360358284,0.4276901149737555,0.0,0.4924736093826708,0.45518735430467044,0.42156053153165457,0.4372233981032046,0.39074866791801116,0.4980316144743453,0.0,0.0,0.0,0.5056486963130296,0.0,0.0,0.0,0.0,0.6042965181510012,0.0,0.5045812480676386,0.5575718356562847,0.4998349910911593,0.5527170151439137,0.5806697486384621,0.0,0.5589145423311372,0.3634069960508649,0.46079764275040186,0.5437949652476836,0.0,0.0,0.0,0.0,0.5781131899744825,0.0,0.0,0.0,0.575184946889625,0.0,0.0,0.0,0.5893917582769479,0.42160214499723286,0.48423958791135735,0.0,0.4563098415747918
0.44076553862856616,0.4188331068067013,0.0,0.0,0.4385177548537127,0.4240945600696177,0.4404448548086664,0.4097083259211143,0.42073253783916675,0.0,0.0,0.0,0.44433057669949044,0.0,0.324879340873975,0.4253998424823623,0.396125620211576,0.4432836492923051,0.0,0.0,0.4037006493112388,0.36953687248292244,0.2814644652790879,0.3829147685783604,0.37791653727581165,0.4175467137065194,0.36249251777347163,0.4188974917895073,0.3462486795958752,0.3753626499608912,0.3850745746804222,0.437199080921636,0.3893450206259991,0.4420155740283805,0.48222411068313886,0.5135251349167592,0.49827334895334136,0.0,0.4649706579791964,0.4605552089021534,0.5212317303741217,0.49306299751004107,0.3217022980988932,0.0,0.0,0.0,0.46836610710841037,0.0,0.0,0.0,0.46011103691991295,0.3423743421656516,0.0,0.31797267038512883,0.0,0.0,0.0,0.3868334519817467,0.0,0.4735592457826413,0.37578788528023094,0.0,0.31639828134219006,0.0,0.4691074802001187,0.45367431332603875,0.47098292862429697,0.4887955286645331,0.0,0.32977821846317357,0.506926602441775,0.4921557563732076,0.5039719640196995,0.5056874687081001,0.410635734029444,0.4815240796791654
0.4261188389659914,0.43445920950310235,0.0,0.0,0.0,0.4366277877494091,0.40383982480440067,0.4097259457852223,0.0,0.0,0.0,0.4388522577200316,0.45123346274180903,0.4525588846499238,0.37146674696958987,0.4408001851203541,0.0,0.4571055038344492,0.0,0.4037006493112388,0.0,0.4576205666923652,0.3818238620351755,0.49082271359766183,0.44789522773209706,0.40414097705840735,0.42257926975053467,0.43273611657938166,0.4090289536495028,0.3946268910954437,0.40595554359116576,0.42462330487030236,0.40456444062561614,0.44108247667566736,0.5006018361955189,0.46383527641002253,0.0,0.0,0.46401680818717184,0.44041006103698765,0.4762008397069392,0.5041547020412799,0.0,0.0,0.0,0.43089890160251637,0.4790814425065589,0.0,0.0,0.0,0.47294296950762377,0.0,0.48081466612787127,0.0,0.0,0.0,0.0,0.4436353830727199,0.0,0.47411569125621067,0.46796284746724204,0.0,0.0,0.0,0.4671955281063699,0.3953145955546816,0.4767464368959945,0.5054504287376469,0.0,0.405576168802811,0.4911058769782721,0.507874469336515,0.5033865474203407,0.4829631659868007,0.0,0.44524056062364953
0.4173972594661384,0.39209895522145566,0.0,0.511927135853957,0.4570915438459367,0.44902033815925385,0.4774057923290795,0.4455426652471753,0.46305233116083405,0.0,0.3806300813462757,0.0,0.48627046462189716,0.0,0.33913084082533407,0.3580006944542365,0.41501365218569064,0.4029847060291527,0.0,0.36953687248292244,0.4576205666923652,0.0,0.4456523835501772,0.3751095780182367,0.38843345725179734,0.41030137664876876,0.43426802897133143,0.4652751578465997,0.4243777125537369,0.4144761228309823,0.3831313140233583,0.43875784043594496,0.4112951489814084,0.43307915544192493,0.48305185387998595,0.5183290005809236,0.4609380109871638,0.0,0.47433108603211516,0.47865439400776394,0.4879480949595946,0.5042888822608483,0.37914670036877385,0.0,0.0,0.4637265283006227,0.4813297020312752,0.0,0.0,0.0,0.4789325312738232,0.32333121770057993,0.5029442834092693,0.3232171794087175,0.0,0.0,0.0,0.3495469365676677,0.0,0.5101612341432101,0.4865814907345087,0.0,0.39667791699911004,0.0,0.4803286540772913,0.4853048321740765,0.4950994646270384,0.4919285390604993,0.0,0.433551488626345,0.5091316290458281,0.5135135550467393,0.3959327410503441,0.4868951282322546,0.0,0.48896592942526673
0.46987247660634557,0.4362273801970776,0.2935817102863817,0.37591267535685946,0.40660579300991784,0.404152378250941,0.43747203069070517,0.384849660359083,0.4178065346273433,0.4286487725598264,0.29413137455326005,0.4424372188471806,0.44450073454462685,0.37957713512855307,0.38620064597426906,0.452337333201243,0.0,0.4818589547942758,0.280416311114765,0.2814644652790879,0.3818238620351755,0.4456523835501772,0.0,0.4969383517157015,0.4322619658846564,0.44381677091196026,0.34257581711805873,0.43706372728120485,0.40777709197186657,0.4176894675050596,0.4412798061213587,0.41824447810930726,0.4023737207949633,0.46024026134263685,0.4670575280809828,0.4212089313115885,0.44865841992341476,0.2921230286311828,0.5275510803004049,0.0,0.5361371987362812,0.5455103378049655,0.49691270964879725,0.4599589679893377,0.0,0.0,0.46205289326735927,0.5939747255472928,0.0,0.5460542633564325,0.5401970895271763,0.5509136852371084,0.5130427266283988,0.5782415006490049,0.0,0.5574909255854509,0.3533458864002101,0.5380680754107949,0.5341778235121817,0.49872293178981053,0.3681504788557649,0.0,0.0,0.5980350884454132,0.5078814887765456,0.5481851063371095,0.4931180355711446,0.5568540438396895,0.0,0.345745021634974,0.48390429485645037,0.5558616752833011,0.5381145127706726,0.5293445718438432,0.5350874643041759,0.5403707909879193
0.3932194021080421,0.330739463099151,0.0,0.0,0.4139043467764271,0.4055128830833779,0.4405115991314344,0.5189443861299395,0.41266023196719803,0.34770245362505964,0.43556717303569537,0.31169820908797363,0.4859171334150167,0.42838039109612275,0.39458701179033906,0.39277664049636,0.4113646025933627,0.3764898919263385,0.3875590170279893,0.3829147685783604,0.49082271359766183,0.3751095780182367,0.4969383517157015,0.0,0.370835916857091,0.37450904767752075,0.39146849806703093,0.4453301405442003,0.3834416937647217,0.0,0.35625061334700103,0.3662602315981127,0.298982451164164,0.25660799103582044,0.2711494105728719,0.4578501435743746,0.0,0.2907504437630484,0.3591919578943897,0.37772199161748776,0.42755416921326383,0.0,0.0,0.0,0.34368279310797156,0.435608617463742,0.4627045265259077,0.0,0.0,0.0,0.0,0.0,0.0,0.0,0.43746645004171614,0.0,0.44311010806777457,0.0,0.0,0.0,0.4504595526899322,0.46316645148377145,0.4668831027871435,0.0,0.0,0.0,0.0,0.0,0.4191628043033423,0.4561862745394644,0.4629000469872595,0.0,0.0,0.0,0.0,0.4546586424753722
0.38482042071227174,0.3615771843366787,0.0,0.0,0.41675967891855364,0.4129122326563636,0.4775012955811143,0.48444474579046,0.4393385340910341,0.32117476347173074,0.3770810155159316,0.34184558834310047,0.44552576141179157,0.0,0.3943448175671454,0.40333062038160084,0.3377347113155382,0.3575789425454623,0.33022994996099825,0.37791653727581165,0.44789522773209706,0.38843345725179734,0.4322619658846564,0.370835916857091,0.0,0.3568899187198041,0.4217066299643561,0.43501320101144497,0.41898844017797626,0.33650947138090426,0.36509989795450865,0.41082437526837906,0.3488040375287382,0.36862323808391195,0.3913178527374232,0.3763723191780481,0.0,0.32778943346881567,0.4359001410486261,0.43141391198681417,0.43830089128883376,0.45231161815372073,0.0,0.0,0.36252299154161205,0.43081276510712163,0.4541031873267589,0.0,0.0,0.0,0.3234811872195061,0.3163998215802266,0.3885469122893604,0.0,0.4499426772803573,0.0,0.4470610206476874,0.35537644563831833,0.0,0.45550786014566996,0.45096011048861584,0.44753779000890853,0.43826514434626035,0.0,0.41860152814550855,0.4334673808564793,0.447025753045928,0.3610273502586405,0.43484789815254055,0.4462489746850982,0.45576499536979775,0.35610405932668804,0.3896164841453087,0.44603647926406803,0.0,0.43646377948330073
0.3673117014566686,0.38848025342266734,0.37031774835164183,0.0,0.40041943794908524,0.4351540883392867,0.46473559881852733,0.48841384782748276,0.4238448874730231,0.31206287347776945,0.34907162042140744,0.31511948024827885,0.43287148064746744,0.4412354797057792,0.33404912260008335,0.4148983650344655,0.38722024453893594,0.388125168280781,0.35218501366569815,0.4175467137065194,0.40414097705840735,0.41030137664876876,0.44381677091196026,0.37450904767752075,0.3568899187198041,0.0,0.4419044872826949,0.4391361746109108,0.41361628698382613,0.3381575464731425,0.37641235778767573,0.4274679900481869,0.3820335929258097,0.39341883599103733,0.4480367018089924,0.4556190584687283,0.0,0.35585727077858287,0.45975959557267615,0.4494756021960312,0.4693947108031026,0.49156173986686247,0.0,0.0,0.41385811126234096,0.43862894789561363,0.4836788368044901,0.0,0.0,0.0,0.44712444473580376,0.33270266485874667,0.48303308376904264,0.0,0.4683719269241039,0.0,0.46193891918560864,0.376796543197044,0.0,0.526917894469556,0.47219496297070224,0.46393748777876387,0.4572827929059485,0.0,0.4756894319033735,0.48539368314430775,0.502393538275481,0.4857695741986093,0.4570222794921864,0.46107132452120114,0.47958252566847354,0.48233701379942234,0.4176587096768878,0.4842666769037636,0.0,0.4545797909474138
0.42348153455593346,0.4348445242954464,0.320670804442918,0.4254797578079539,0.4239150414261349,0.38882968524847034,0.44366293448050037,0.463483499791474,0.37878535947260733,0.45052629653555476,0.36345659318447615,0.3805270888318795,0.45781464890822743,0.44547263696002365,0.3963157377768511,0.4528269464330854,0.0,0.46297435623258876,0.3695530751707425,0.36249251777347163,0.42257926975053467,0.43426802897133143,0.34257581711805873,0.39146849806703093,0.4217066299643561,0.4419044872826949,0.0,0.44194109002320014,0.38679455469120666,0.41649918577245404,0.4120742171369713,0.4327828897199467,0.4062729520302122,0.44755985154971667,0.46601794578663985,0.5013223608298633,0.44244312563350896,0.3922494137235289,0.5184447719159683,0.4774826178284876,0.5512117935008105,0.5323323033132705,0.4746438772559642,0.36924246342175027,0.0,0.0,0.42767481052328293,0.6012844026129491,0.0,0.5109889033341999,0.5350343853109051,0.5612926762553977,0.5376250194694601,0.5863711434385922,0.0,0.5698613664677673,0.4052402070667481,0.5741111602289706,0.5504948238102154,0.48444114948836836,0.3534695715893115,0.0,0.3958740248577297,0.5993568075969258,0.5013156059860508,0.5069406320426099,0.5076572772972803,0.5541180855129083,0.0,0.3195469741263787,0.4890356317181332,0.5366374209674698,0.5605709160709942,0.52691477509203,0.512425731782901,0.5359572190803307
0.43260304764228286,0.4568434428597558,0.48034671600397694,0.2723514574171715,0.36543719464358976,0.40657694399841804,0.3329057906290648,0.4350122010408659,0.4660459842496966,0.4263941666099523,0.46168481322707705,0.39838722919641245,0.3542950308555815,0.30033065999242115,0.4033644635664678,0.49637541082924796,0.4490889445550843,0.49996614549219287,0.46039597444495295,0.4188974917895073,0.43273611657938166,0.4652751578465997,0.43706372728120485,0.4453301405442003,0.43501320101144497,0.4391361746109108,0.44194109002320014,0.0,0.3769432898713894,0.3403640544085195,0.38822063330510226,0.3744283144837428,0.41371323945018723,0.40345397932485905,0.37589845167911573,0.3055510269007894,0.3104092080421663,0.3598629245856936,0.4856549704453907,0.3332774598678136,0.47000279343243845,0.4853918498555524,0.40078840396113286,0.0,0.0,0.0,0.3466159205588357,0.48262488038127344,0.0,0.3532804916790414,0.5496180166052594,0.4081881515794872,0.5316738297418431,0.4248083751618439,0.42505160652902496,0.38651427464310745,0.3191223972524233,0.45105100780020135,0.0,0.4634629209271133,0.33352516209239064,0.0,0.3251333471507977,0.3938236447699378,0.4901153349723694,0.48609078160363417,0.4023425452792363,0.5353352017957846,0.0,0.3702414233059971,0.4181861801806053,0.5254725041247829,0.5269587124596079,0.5229349325520743,0.4329815379921682,0.5078960695154632
0.45546594507970284,0.4365009842867339,0.4204052341223267,0.0,0.3974615811176256,0.3444197868861274,0.42628980454382687,0.3995165155768259,0.4020816313647903,0.3852341827421173,0.38802523847035886,0.0,0.39796156517520637,0.0,0.39928727415192933,0.4493870189226305,0.3898826944599165,0.4601244269201553,0.361887994781566,0.3462486795958752,0.4090289536495028,0.4243777125537369,0.40777709197186657,0.3834416937647217,0.41898844017797626,0.41361628698382613,0.38679455469120666,0.3769432898713894,0.0,0.36233170670630815,0.37590270583392843,0.42256169310330705,0.3763544661692193,0.42489435589690755,0.4691219345040387,0.5045938766889386,0.3970270172469095,0.0,0.49037162337435075,0.42514275518352146,0.5160867657307522,0.48770758747906273,0.3510390211745335,0.35855625055786655,0.0,0.0,0.43835601671659785,0.4604843592449256,0.0,0.38943477452382097,0.5138467544550831,0.39634915612882293,0.4906151517710225,0.39626366204594127,0.0,0.0,0.0,0.4784481843525438,0.0,0.4689336510170768,0.3445767152033944,0.0,0.3153790573170836,0.0,0.4848388036820454,0.4780854009392406,0.4678789081931946,0.5193327803296091,0.0,0.32201921160441277,0.4717699571073821,0.5118917626679049,0.5269835574643513,0.502167359574346,0.4725762830752028,0.5131329177037592
0.37997939481138354,0.42618935299629396,0.4436809764635514,0.0,0.0,0.41915689899154623,0.46284799405553484,0.40445623525654595,0.4285783416933336,0.0,0.0,0.0,0.4225394624968241,0.572834620332877,0.0,0.4384950909084671,0.0,0.4301905371908899,0.0,0.3753626499608912,0.3946268910954437,0.4144761228309823,0.4176894675050596,0.0,0.33650947138090426,0.3381575464731425,0.41649918577245404,0.3403640544085195,0.36233170670630815,0.0,0.34729412204646665,0.405423827628157,0.3367605488830853,0.38406820602645314,0.40690911381555134,0.0,0.0,0.0,0.4780908037514553,0.0,0.47336053538927675,0.0,0.3645342376536526,0.0,0.0,0.0,0.0,0.4688313441086929,0.0,0.0,0.47018627245051753,0.3614023927300354,0.3946735884384536,0.4070645422406267,0.0,0.0,0.0,0.36508558741488506,0.0,0.43256816865560666,0.0,0.0,0.0,0.0,0.46587024534791477,0.5074644464154032,0.43262555037873446,0.526483250082913,0.0,0.314272114340431,0.0,0.5205459097353374,0.43087321765405595,0.47157185455186984,0.0,0.4350718300381131
0.3739319336069502,0.37420151397123813,0.4796618559738014,0.0,0.44479079757636697,0.4432596931644067,0.43067658147803367,0.4346553220979132,0.4784162755298015,0.33266401315720623,0.47677856848768624,0.35559132940207266,0.40465562873594985,0.4502482534859332,0.407296665845394,0.37450512521219487,0.36705448813545266,0.3827887090478579,0.47917657360358284,0.3850745746804222,0.40595554359116576,0.3831313140233583,0.4412798061213587,0.35625061334700103,0.36509989795450865,0.37641235778767573,0.4120742171369713,0.38822063330510226,0.37590270583392843,0.34729412204646665,0.0,0.3996157192968349,0.330161989605636,0.30786836652983435,0.4036512256392904,0.3947258230670646,0.40737898718991566,0.2954478543852145,0.4706312165941571,0.36269096279748064,0.4045444793565818,0.0,0.39317138512405286,0.0,0.0,0.4026859935631656,0.44322941160802426,0.473821785670633,0.0,0.0,0.5293847444263065,0.3710601465521435,0.5129096269997083,0.41773110353025483,0.42674822191716616,0.40025719201777876,0.430671083715808,0.4041685318790115,0.0,0.48007217105234695,0.43119382610719886,0.4277309866864237,0.43207408956699545,0.42004242144552384,0.4750639034422791,0.48543834925557755,0.4693717545979944,0.5320026167773522,0.41578654298842627,0.44032181224383676,0.45377016358152905,0.517198681259997,0.504431084389275,0.5150117047231786,0.0,0.36487627698845304
0.4316554578465737,0.4216051679717683,0.44175200683317595,0.30291781295414305,0.326742495136294,0.41828786591083983,0.390623394067465,0.38839694583728396,0.44894276727755766,0.3396583142065547,0.3917358539932573,0.3096336910357076,0.3879223381237006,0.31896773879332374,0.42102350663024557,0.4402342524241491,0.43409155126483456,0.44379569767771637,0.4276901149737555,0.437199080921636,0.42462330487030236,0.43875784043594496,0.41824447810930726,0.3662602315981127,0.41082437526837906,0.4274679900481869,0.4327828897199467,0.3744283144837428,0.42256169310330705,0.405423827628157,0.3996157192968349,0.0,0.36087190544446396,0.4119031926259865,0.3931333162791901,0.29063951392308646,0.3157029512875719,0.2578864691127607,0.29161842496020735,0.3087177218677586,0.3308878309755609,0.3190440103145449,0.3246773758978668,0.2460280359133156,0.2467466286586871,0.4404470930196784,0.47854628897880813,0.5766933674300293,0.0,0.4070036844194834,0.4921093111792071,0.47110734031147505,0.46761091312141634,0.5264478844846605,0.4307210049481328,0.45172886930645156,0.2577431253588845,0.4853486675385815,0.4962747087637929,0.497960174322731,0.4971360373613085,0.0,0.4346449417470963,0.5024650264087871,0.47465535721382857,0.47303209967279825,0.4839385548480214,0.5181384710060165,0.0,0.47539655028204547,0.4872669784346604,0.5051510026605615,0.47373105802597165,0.4977595372111847,0.503725043405182,0.48895128293559337
0.3662303246712018,0.3718480312748107,0.3760721755585617,0.4840637128682183,0.0,0.4046652680747553,0.4327586043585293,0.40774568623747715,0.4252434542029474,0.31382777729355077,0.4113933477528227,0.32203158499311996,0.41241585977230727,0.0,0.39956142339437956,0.3971820132103522,0.37427608160092984,0.38014581865779795,0.0,0.3893450206259991,0.40456444062561614,0.4112951489814084,0.4023737207949633,0.298982451164164,0.3488040375287382,0.3820335929258097,0.4062729520302122,0.41371323945018723,0.3763544661692193,0.3367605488830853,0.330161989605636,0.36087190544446396,0.0,0.26075653487319833,0.44810528893763246,0.43616528154070006,0.28853794139572775,0.22088608872736995,0.29844823565125,0.2611374735554426,0.2779958071873333,0.2647835418030677,0.28730992671836375,0.29390690910367456,0.2616431332630064,0.4141459226169314,0.4678706781081733,0.0,0.0,0.0,0.0,0.0,0.0,0.0,0.3599185777333766,0.0,0.3801932828610336,0.3455557104440705,0.0,0.5218583862824062,0.44777509443232894,0.3899072666758154,0.4579415159853903,0.0,0.4698062543458983,0.47130988980188043,0.496116879510988,0.5089047350207508,0.3522672092055602,0.4423438741760471,0.4668299740137512,0.5104916753807156,0.35260504454987646,0.46237653551940144,0.0,0.37799488207350324
0.4034253011080846,0.3879972739102773,0.4965943903183209,0.3219549177014716,0.43369320699139147,0.4446562041992825,0.4157790890669751,0.45090652631325817,0.48185546015877717,0.32232381721731923,0.47191861334343116,0.26902051241234065,0.406672137618315,0.43974184657844256,0.4335390580262423,0.3950162282225703,0.3786332904643182,0.39793460228540684,0.4924736093826708,0.4420155740283805,0.44108247667566736,0.43307915544192493,0.46024026134263685,0.25660799103582044,0.36862323808391195,0.39341883599103733,0.44755985154971667,0.40345397932485905,0.42489435589690755,0.38406820602645314,0.30786836652983435,0.4119031926259865,0.26075653487319833,0.0,0.39036719516098944,0.4647368672073116,0.3288766785816126,0.21920225886605,0.33527942352695006,0.28004531901682655,0.26165939457829457,0.29681708359526576,0.39183935383200164,0.26449670318000723,0.26196339032542276,0.44239062051310646,0.4705505780205356,0.44615185124100476,0.0,0.40618040649206094,0.5235305350323629,0.38579949826345583,0.5038696925611705,0.4217311879791958,0.38696571252330714,0.0,0.40176333232343253,0.4374557162015354,0.0,0.5059843217447578,0.45073639505886304,0.41211347263091036,0.4414750268476916,0.0,0.4848209186026941,0.4814509565502304,0.49235971578727533,0.5404544296803561,0.357362509256203,0.447181829729888,0.4848668894724872,0.5248001741409929,0.5480348730531576,0.51635925283656,0.0,0.4104297358413854
0.44457266259189465,0.4562207183039826,0.49030547628718674,0.3462518867620344,0.39500119270846734,0.4384384352381373,0.3943199079254982,0.45395664002010794,0.46952741359353733,0.30061327096788,0.4361503373774488,0.2636730075283793,0.3692329699747149,0.0,0.46934333351599933,0.44675699626027515,0.3741306775793139,0.42119328268638656,0.45518735430467044,0.48222411068313886,0.5006018361955189,0.48305185387998595,0.4670575280809828,0.2711494105728719,0.3913178527374232,0.4480367018089924,0.46601794578663985,0.37589845167911573,0.4691219345040387,0.40690911381555134,0.4036512256392904,0.3931333162791901,0.44810528893763246,0.39036719516098944,0.0,0.4758808192487177,0.3600425850203398,0.26146534457711923,0.28893370127135976,0.0,0.2828772479862928,0.0,0.2931236518182168,0.28712558305907915,0.2594855709837372,0.0,0.49446293438582256,0.4361999645158546,0.0,0.27377298419761936,0.49023583741807564,0.33613480361611103,0.5071639474569353,0.0,0.3335002932708979,0.0,0.0,0.283141400311703,0.0,0.5293259755346844,0.47724781283197715,0.0,0.43109024578503663,0.0,0.49286027327692195,0.5225845483918167,0.5166998423338919,0.5502676037165282,0.0,0.4534382625661902,0.5118481601506386,0.5347393652405412,0.3207951393611462,0.48784100755861765,0.0,0.4658628319659393
