0.0,0.34688053139995995,0.0,0.0,0.0,0.28504726666874514,0.0,0.40950751197367474,0.0,0.33743628979382084,0.0,0.34721559348088865,0.28221483132078384,0.0,0.3258135309614302,0.3426460955141247,0.0,0.3351645734108335,0.0,0.33091738670610116,0.342147943276192,0.34594863897852035,0.38883336572772204,0.3363854940993165,0.33047346554744855,0.3217358450633005,0.34049518596049966,0.33215285261254224,0.34127984371095527,0.0,0.324312196422516,0.353461555996088,0.2789386127497829,0.2965878948714944,0.35210642570437045,0.0,0.0,0.2852856459788409,0.37673373462116116,0.3616915534224548,0.3725026258450318,0.36579465733599614,0.0,0.0,0.0,0.3869405305742053,0.39043158150548546,0.0,0.0,0.0,0.32680904203447897,0.0,0.0,0.0,0.3944023838130916,0.0,0.0,0.0,0.0,0.0,0.38641593019152104,0.0,0.3578565422453581,0.0,0.44738502101614674,0.3480565406816832,0.39351532945518897,0.0,0.39423335345511207,0.3735572680910874,0.3853708973677205,0.0,0.0,0.3957673462427527,0.0,0.34933700790666644
0.34688053139995995,0.0,0.0,0.0,0.0,0.3597100235229473,0.32600057479974864,0.3703481078791556,0.29038246314940264,0.0,0.0,0.0,0.3667084022442353,0.0,0.3440460364215121,0.3543263967021973,0.27542759793306004,0.3453189886973324,0.0,0.34781168891778447,0.34476574440684127,0.3173415793597676,0.36360474195299175,0.0,0.3215960320256319,0.33466209171271216,0.3513273093960679,0.36721152041008825,0.36501002519165837,0.0,0.31095859402498427,0.35562043000845417,0.29336324970485894,0.3102754415570688,0.37402113747236376,0.0,0.0,0.0,0.3693162966646524,0.3648597803845166,0.3700866502644416,0.3905896086313434,0.0,0.0,0.0,0.387482613867318,0.3908893533156783,0.0,0.0,0.0,0.3131070119095198,0.24032900004136612,0.0,0.26602386954443574,0.0,0.0,0.0,0.21028052458764088,0.0,0.38570720838005007,0.38035717808297864,0.0,0.34788062326149205,0.0,0.36768054101033104,0.37651227908602874,0.3882003486539176,0.3043738959729962,0.3908211918527338,0.3561090551592003,0.391569531488078,0.3331666371081515,0.21372749767365373,0.3495463325175933,0.0,0.3542912691181889
0.0,0.0,0.0,0.307461073643248,0.3228330848820958,0.33533514497489014,0.3670041176715917,0.39764768718812854,0.24773379032733178,0.32957538403723485,0.27192172019646915,0.2629731488514586,0.3723972006636512,0.3718477755735153,0.0,0.0,0.0,0.0,0.23896508259693966,0.0,0.2937318925845192,0.0,0.24034207710643107,0.0,0.0,0.0,0.27293125432528287,0.3855830503208472,0.3218302297669452,0.3365485994687387,0.4120336593447568,0.36853362890995206,0.26671962767096047,0.3934126145206493,0.3848938186285324,0.3555341805794353,0.35545197651462995,0.2564384939989517,0.0,0.0,0.0,0.0,0.38717798982538065,0.0,0.0,0.0,0.0,0.27201513608157823,0.0,0.3495475479280166,0.46095060722875336,0.35805706424671535,0.450263156091631,0.4926735489094414,0.0,0.36856160084686623,0.0,0.39107175883610595,0.37619384355114355,0.0,0.0,0.0,0.0,0.2916991210203576,0.0,0.0,0.0,0.4501765549641168,0.0,0.0,0.0,0.4376955869338113,0.3334155135599448,0.0,0.0,0.3669678576975405
0.0,0.0,0.307461073643248,0.0,0.23890849567078154,0.3497644542145814,0.2594954523270154,0.2909171419051489,0.3600041553941284,0.18825292631895726,0.3729405061844069,0.20896323330558572,0.28775932869972226,0.2697786415014325,0.0,0.0,0.0,0.0,0.3479722115024765,0.0,0.0,0.0,0.35301193918307383,0.0,0.0,0.0,0.3354035128084946,0.23615706761859026,0.2964427262913388,0.0,0.33819280593749634,0.2785445211628406,0.2503872039450936,0.23427488601159757,0.2914056272234019,0.18774932696199184,0.17464796267196292,0.0,0.2486179930657872,0.0,0.0,0.0,0.0,0.0,0.0,0.0,0.0,0.0,0.0,0.0,0.29169405369996015,0.0,0.0,0.3198782531140098,0.0,0.0,0.0,0.0,0.0,0.0,0.0,0.0,0.0,0.0,0.0,0.0,0.0,0.25818832462729685,0.0,0.0,0.0,0.25997606457307243,0.0,0.0,0.0,0.0
0.0,0.0,0.3228330848820958,0.23890849567078154,0.0,0.3117996937188722,0.2916297654232088,0.31947223876936864,0.2869187407445988,0.3848637353299081,0.28922812951099025,0.34355562850377913,0.3294182360177426,0.28271156618934007,0.0,0.0,0.0,0.0,0.32689013194357386,0.0,0.26314489021188053,0.0,0.3405092722370363,0.36517778442706217,0.0,0.33457692142496787,0.3321756713480785,0.3190580224337546,0.3530179233674311,0.0,0.40776463531940016,0.3143045659291682,0.0,0.38002795091405467,0.41553276713446824,0.22045621008044233,0.24952938590394408,0.3450285635522737,0.0,0.0,0.0,0.0,0.0,0.0,0.0,0.0,0.0,0.3451806696407577,0.0,0.28479412981947977,0.3409687765024423,0.2770781848567957,0.3673879428606676,0.34282960098721027,0.0,0.35606879956906906,0.0,0.23468520258454195,0.3405089053442449,0.0,0.0,0.0,0.0,0.3564639158195315,0.0,0.0,0.0,0.4026766027410467,0.0,0.0,0.0,0.3368508495788581,0.0,0.0,0.0,0.0
0.28504726666874514,0.3597100235229473,0.33533514497489014,0.3497644542145814,0.3117996937188722,0.0,0.343852478844966,0.36293967424370804,0.27889274501676226,0.398196942529941,0.3250996514846097,0.298275059507005,0.34044684213491444,0.3736575280908084,0.34264175018992193,0.3619820849498405,0.2540584780694643,0.3628329411361499,0.31949471816817,0.3544815010663029,0.33024588656057136,0.3588616182865103,0.33646617368428233,0.2817033800158232,0.3439179927401667,0.3525926454090426,0.32579526899674477,0.3598702210380798,0.31640006061536446,0.360398931789038,0.3920254199820964,0.36404112060211297,0.3368208455430581,0.3885264954158998,0.39309029384917066,0.37902491785090375,0.37586123727369375,0.320075110351989,0.39670754304171546,0.272806973888065,0.37493708694520944,0.3517901698964171,0.4110427291238927,0.26592500558592874,0.0,0.0,0.23843432805637205,0.45136157400980653,0.0,0.3465885214114065,0.4264608716171484,0.35144258109453336,0.4175041531034755,0.46742119916804376,0.3070657899352813,0.40920160935207184,0.0,0.3918227906412167,0.0,0.33827050152293686,0.2121325675265055,0.0,0.0,0.459034899072936,0.357127114824259,0.3609816437937173,0.2739012614952177,0.43028581260919824,0.0,0.2135464886658302,0.3073275018101252,0.4235291667765187,0.4196171849962014,0.40330835831023804,0.3803813819736345,0.4271313725213944
0.0,0.32600057479974864,0.3670041176715917,0.2594954523270154,0.2916297654232088,0.343852478844966,0.0,0.3701871116347886,0.34624460681630004,0.3062905528731569,0.39004689058748826,0.3195918546109671,0.2933593472417336,0.30944188121760746,0.0,0.34761059402161715,0.34255575539028116,0.34248314987237083,0.3979358631266672,0.37356698563633817,0.2955252316373897,0.38532093296446635,0.3658570759478679,0.34585035564694516,0.3274809761586942,0.34116461898061734,0.3601115774713682,0.31595069755752964,0.3761971039920462,0.0,0.372985205292135,0.35417752357362364,0.3198244744537932,0.3430965706659388,0.3556740318114481,0.2661150897413197,0.26725731085799564,0.3301173072794151,0.17957193142505765,0.0,0.18949259620792513,0.0,0.24691910141330684,0.0,0.29268023291716805,0.0,0.0,0.34632352798543864,0.0,0.3127195837111662,0.35991066994134635,0.29228074937019133,0.377587205886804,0.34683557460428466,0.0,0.29377415002457213,0.0,0.2771180973094153,0.0,0.0,0.0,0.0,0.0,0.31434828727193437,0.0,0.0,0.0,0.4362762535306563,0.0,0.0,0.2397345068315097,0.39196732230669207,0.2703839813010618,0.26736378779019243,0.0,0.0
0.40950751197367474,0.3703481078791556,0.39764768718812854,0.2909171419051489,0.31947223876936864,0.36293967424370804,0.3701871116347886,0.0,0.4116944083444818,0.3184664640597389,0.3186063680714111,0.33601167665535114,0.3737808290815026,0.32349837475213183,0.392770447353244,0.35341137486698526,0.0,0.0,0.37585704204833925,0.34644550303035904,0.33980815320576524,0.3588434694370633,0.3363583935758806,0.42940478707706115,0.3907904878592701,0.40148701932414854,0.37460909104612955,0.3709655165346956,0.3592168334562485,0.3670284712817281,0.41279227910368005,0.25929050801843107,0.0,0.4041370512094725,0.4097274541101111,0.17487667035534338,0.1779426332238224,0.0,0.3446575398365595,0.0,0.4228822574910624,0.0,0.0,0.36198603372561805,0.0,0.0,0.0,0.4483518917464135,0.0,0.378346988676618,0.4115032818661312,0.39464175593848166,0.3508720305637068,0.466468244306677,0.0,0.4126833240532673,0.0,0.40548113457108803,0.0,0.0,0.0,0.0,0.0,0.4583734351422473,0.0,0.3902296327300213,0.0,0.3957973483523892,0.0,0.0,0.0,0.4028776918825059,0.39958485260597043,0.39049383390317344,0.0,0.0
0.0,0.29038246314940264,0.24773379032733178,0.3600041553941284,0.2869187407445988,0.27889274501676226,0.34624460681630004,0.4116944083444818,0.0,0.402987309680521,0.2591479849597775,0.3379445780162133,0.33456959692850513,0.3716628504055453,0.2642094753556854,0.369323023186195,0.2679613382168155,0.26847075816080634,0.22306436667064986,0.0,0.2641136891650323,0.0,0.3323348712808644,0.3066431878523535,0.346732282075122,0.3675894962166453,0.31120178689550615,0.3981908691263339,0.34905112434865654,0.3507062057947967,0.41821670891428264,0.3864620732419124,0.3472049343578128,0.40684725176253583,0.38815283999252254,0.37538546546248897,0.3872567176621561,0.37435166158177924,0.32454786283841713,0.0,0.24953821647647229,0.0,0.0,0.33587958806249785,0.0,0.0,0.0,0.45586375652259686,0.0,0.3615822874282617,0.4567422971218958,0.3410256458525588,0.4744684535856887,0.45753746201256995,0.0,0.4508991563809608,0.0,0.3532103824892116,0.4138911787713394,0.0,0.0,0.0,0.0,0.4732318760600542,0.0,0.32593134324665535,0.0,0.4726170126341903,0.0,0.0,0.0,0.4670420151021425,0.33587803199671784,0.0,0.0,0.3182559486083692
0.33743628979382084,0.0,0.32957538403723485,0.18825292631895726,0.3848637353299081,0.398196942529941,0.3062905528731569,0.3184664640597389,0.402987309680521,0.0,0.40460070436991025,0.23286525183051085,0.3522549680586309,0.3273977642052849,0.0,0.33024893140836065,0.272764617383673,0.27704060969538474,0.38872593747522893,0.24843527811585467,0.39399346897637855,0.274454375453613,0.36909043115204004,0.25591272503648294,0.27769398555260966,0.30170986532326444,0.35161819160141294,0.34974726660098987,0.2916413109171026,0.0,0.29498087237348475,0.27732822410845565,0.25484400632085075,0.2327146340093603,0.2629717324825374,0.27091858315776707,0.23896448328254113,0.2210098039295598,0.23726895284983476,0.30298706564769223,0.3052810669301771,0.2721189572848664,0.0,0.0,0.32603401016129824,0.40905620204804866,0.0,0.33221289284235844,0.0,0.0,0.29525801808680574,0.372441729929979,0.0,0.3307683778996351,0.37533072471162354,0.0,0.37225456344287,0.33376237779110124,0.0,0.0,0.0,0.34846567364791703,0.33748195342917703,0.0,0.0,0.0,0.0,0.2655623762320545,0.3594163381365392,0.3632040398410372,0.3800152660170024,0.29097032830173,0.3530064382972928,0.0,0.0,0.3452495621629101
0.0,0.0,0.27192172019646915,0.3729405061844069,0.28922812951099025,0.3250996514846097,0.39004689058748826,0.3186063680714111,0.2591479849597775,0.40460070436991025,0.0,0.3497411672845817,0.396641279792271,0.2935199024745659,0.0,0.0,0.0,0.0,0.2349552748971408,0.0,0.0,0.0,0.24602525447452206,0.3558508355922956,0.30401376218394316,0.2597877652056194,0.3639421110094345,0.39600096488442593,0.0,0.0,0.42351611694550406,0.32157947874967885,0.33996295236645974,0.40736865839091124,0.3864774911244685,0.27649242244176236,0.3839234929294711,0.3660488277613258,0.0,0.0,0.2658720838341876,0.0,0.33669200284034895,0.0,0.0,0.0,0.0,0.3475771736181489,0.0,0.3228051444848716,0.3880995114881822,0.3424139532622075,0.3913712981221785,0.4227586557510112,0.0,0.2260801138371809,0.0,0.3314473922794031,0.3379632615964752,0.0,0.0,0.0,0.0,0.2475909938508583,0.0,0.0,0.0,0.4101590160872145,0.0,0.0,0.0,0.4187482962956757,0.30238002263010966,0.0,0.0,0.0
0.34721559348088865,0.0,0.2629731488514586,0.20896323330558572,0.34355562850377913,0.298275059507005,0.3195918546109671,0.33601167665535114,0.3379445780162133,0.23286525183051085,0.3497411672845817,0.0,0.31027105543422373,0.2592723732295923,0.0,0.0,0.27198803754636275,0.23865234722158846,0.29441377091216747,0.0,0.36028191196953463,0.0,0.29487870136086164,0.24041512724032793,0.2847328588362458,0.2626087955166462,0.27679351809984964,0.3304016283558974,0.258501829888948,0.0,0.2796817976740496,0.2226038880675908,0.23066654684847954,0.20978244337122523,0.24876417951186997,0.2684844831230768,0.2335985874834932,0.20361243816837593,0.2278671529668899,0.28201911730166834,0.29234329662168296,0.3066285506348778,0.23577082731191465,0.2446433884579979,0.31128535439936,0.0,0.0,0.0,0.0,0.34267201700689964,0.32980098920102147,0.33634665926236995,0.0,0.3434453031605041,0.3680081033106685,0.0,0.3651215862866531,0.32702630620174356,0.0,0.0,0.0,0.34739838911875776,0.34944151987914507,0.3121896812564793,0.0,0.0,0.0,0.3331095950207105,0.33388667241650816,0.3741406497543106,0.3747123575653065,0.32917205179112113,0.3568138598494147,0.0,0.0,0.3252599364227126
0.28221483132078384,0.3667084022442353,0.3723972006636512,0.28775932869972226,0.3294182360177426,0.34044684213491444,0.2933593472417336,0.3737808290815026,0.33456959692850513,0.3522549680586309,0.396641279792271,0.31027105543422373,0.0,0.34274620545623474,0.3644487570242152,0.38035202475186236,0.34923495765925144,0.35518323220804354,0.40249155307330103,0.3684770162137926,0.3481097686543127,0.39141642754065475,0.37647213679784486,0.3494333295543582,0.36052078823562006,0.3765089013293885,0.36996540858034693,0.2844118822230378,0.3574263880242892,0.36880007018696165,0.3586044233652983,0.3597540844948102,0.32010460934386964,0.34568245700915506,0.3613247157885502,0.3154836846897139,0.3116777029571415,0.32574791846564577,0.2540884427603538,0.23991011833979514,0.19431080770616888,0.22869548258721498,0.3074041846662639,0.20337598216103953,0.0,0.0,0.21273888532317986,0.3406819366167124,0.0,0.2954239447730063,0.3510244276626435,0.2831747225633048,0.3994992605481357,0.3229301254461619,0.34204562444674225,0.3442558540658979,0.0,0.16647734354050694,0.0,0.29830822950427044,0.22334699540203407,0.0,0.0,0.33851151588874184,0.311838011516769,0.3216910987248154,0.2294671368361077,0.4273635531656607,0.0,0.24245334208647537,0.24451103340067737,0.4039028712216105,0.22906016008567648,0.3076416115999271,0.0,0.2239300810679142
0.0,0.0,0.3718477755735153,0.2697786415014325,0.28271156618934007,0.3736575280908084,0.30944188121760746,0.32349837475213183,0.3716628504055453,0.3273977642052849,0.2935199024745659,0.2592723732295923,0.34274620545623474,0.0,0.0,0.0,0.0,0.0,0.34078499181906324,0.0,0.0,0.0,0.3552373865015208,0.0,0.0,0.0,0.4029660304411024,0.2592423652465133,0.0,0.0,0.0,0.19477148118433638,0.0,0.3519079546426607,0.0,0.19640212271307933,0.16993949527309318,0.3239382766476228,0.17789348796132165,0.0,0.0,0.0,0.0,0.0,0.0,0.0,0.0,0.388589051107517,0.0,0.3401933431658225,0.34433049379500213,0.35786481794840425,0.3900937923837301,0.429361987047278,0.0,0.37232058783130023,0.0,0.0,0.0,0.0,0.0,0.0,0.0,0.3902465853341685,0.0,0.0,0.0,0.40543897423055264,0.0,0.0,0.0,0.0,0.0,0.0,0.0,0.0
0.3258135309614302,0.3440460364215121,0.0,0.0,0.0,0.34264175018992193,0.0,0.392770447353244,0.2642094753556854,0.0,0.0,0.0,0.3644487570242152,0.0,0.0,0.3612384403390281,0.0,0.3593570981985934,0.0,0.2483368595278178,0.3268133633026871,0.28475215812823723,0.3056185048125898,0.3622756375351706,0.33544941010312557,0.2500658390478344,0.3464074434150374,0.3497801723966966,0.34345604518539263,0.34450885515482904,0.35781374840589264,0.3642983656439915,0.35406294924120574,0.3686314330433059,0.4084133271299619,0.0,0.0,0.0,0.4034751503404288,0.40792857671037047,0.39156252007677317,0.4389700397441438,0.0,0.0,0.0,0.0,0.3953535517314849,0.3463108125288791,0.0,0.0,0.3893526451524424,0.2989795594130917,0.0,0.0,0.0,0.0,0.0,0.308531171320892,0.0,0.4202288134250548,0.3267078151196022,0.0,0.0,0.0,0.41355416950294216,0.3943504950896937,0.4279358111211296,0.41675570807435397,0.0,0.2956086390665343,0.3807968177853289,0.41527175428210505,0.3594715671664439,0.4043992613809234,0.33829819760476026,0.37555495332501276
0.3426460955141247,0.3543263967021973,0.0,0.0,0.0,0.3619820849498405,0.34761059402161715,0.35341137486698526,0.369323023186195,0.33024893140836065,0.0,0.0,0.38035202475186236,0.0,0.3612384403390281,0.0,0.34546042022056833,0.31829875078045283,0.0,0.36205736035863106,0.34818782410067634,0.34596016892390397,0.364173246353992,0.3351831490511607,0.3304508885869673,0.3458476317674954,0.36274275003784023,0.3541685563938882,0.38162891682413325,0.277956349337529,0.3478287687915014,0.3715902256659206,0.30976033525569224,0.32679360949138675,0.37977022039561376,0.0,0.0,0.20620268393545726,0.3739388617033463,0.3567206178999414,0.3640392920729725,0.38383542122631786,0.0,0.0,0.0,0.39649872997240193,0.38000854952460983,0.0,0.0,0.0,0.23373821072565282,0.0,0.0,0.0,0.0,0.0,0.0,0.0,0.0,0.3961135564609394,0.37570573352724496,0.0,0.3452313094252532,0.0,0.34590058395056517,0.0,0.38077543223055776,0.29688260793752774,0.0,0.3610029235152974,0.3877299413329009,0.32347794514022504,0.0,0.3001332913363863,0.0,0.34589584962141223
0.0,0.27542759793306004,0.0,0.0,0.0,0.2540584780694643,0.34255575539028116,0.0,0.2679613382168155,0.272764617383673,0.0,0.27198803754636275,0.34923495765925144,0.0,0.0,0.34546042022056833,0.0,0.26643889165373963,0.2694482263884226,0.2956786063857703,0.0,0.34722886759198374,0.0,0.3059082003843356,0.273056452678101,0.2878756331611652,0.0,0.35671546883392863,0.2937613814715125,0.0,0.3036253491083126,0.3496762154828486,0.2931672496018412,0.30452214932876204,0.3446434967825396,0.0,0.0,0.255632438259081,0.30077761260429525,0.3174425964215384,0.3404856795521944,0.0,0.0,0.0,0.0,0.0,0.0,0.0,0.0,0.0,0.0,0.0,0.0,0.0,0.3727209689485601,0.0,0.3624531039786805,0.27643546645054107,0.0,0.0,0.0,0.33741329671061615,0.3323733493816299,0.0,0.0,0.0,0.0,0.0,0.36739070374850497,0.3709195140544595,0.3878665903402305,0.0,0.0,0.0,0.0,0.3411301555643456
0.3351645734108335,0.3453189886973324,0.0,0.0,0.0,0.3628329411361499,0.34248314987237083,0.0,0.26847075816080634,0.27704060969538474,0.0,0.23865234722158846,0.35518323220804354,0.0,0.3593570981985934,0.31829875078045283,0.26643889165373963,0.0,0.28653074482710367,0.37126702791937083,0.3306896491409396,0.36689794605132986,0.36498471981085584,0.32636440242180337,0.30864838904056685,0.32817486583276856,0.35151503192162864,0.36015071155347206,0.38156597275409093,0.0,0.33642271236840715,0.3446877214032355,0.30371249768214514,0.32617764811331373,0.3577225871535896,0.0,0.0,0.23886631210757828,0.3570389124953466,0.34643273481494524,0.3600251493153859,0.3657853617579568,0.0,0.0,0.0,0.3785414576933829,0.3625621331545395,0.0,0.0,0.0,0.23778594607806755,0.0,0.0,0.0,0.3808435395961626,0.0,0.36327716315855346,0.26968882998682053,0.0,0.34232199489743775,0.36135453608631607,0.35933512033480886,0.35711044287059435,0.0,0.26589622618920855,0.0,0.3605832943324206,0.0,0.3827112853935216,0.3579695517090164,0.38281374458684125,0.0,0.0,0.22778701296120957,0.0,0.3588536455302597
0.0,0.0,0.23896508259693966,0.3479722115024765,0.32689013194357386,0.31949471816817,0.3979358631266672,0.37585704204833925,0.22306436667064986,0.38872593747522893,0.2349552748971408,0.29441377091216747,0.40249155307330103,0.34078499181906324,0.0,0.0,0.2694482263884226,0.28653074482710367,0.0,0.0,0.0,0.0,0.23559199651707183,0.25680444335403857,0.2600493680626836,0.26036736511774033,0.32032660153859394,0.40555384490383983,0.3548743951422158,0.0,0.42319427873945786,0.38914994143788184,0.0,0.3974407530985522,0.0,0.35181090744688565,0.3813255599734931,0.34990490772575056,0.0,0.0,0.2591313568368988,0.0,0.36976995546234886,0.0,0.0,0.0,0.0,0.2963538094171112,0.0,0.35343256366300874,0.4408870550808453,0.36205157272103955,0.4518684171207899,0.47212015615732167,0.0,0.45449895522166245,0.0,0.33972762474906626,0.39952581570034457,0.0,0.0,0.0,0.0,0.4670417585722294,0.0,0.0,0.0,0.46172967234725654,0.0,0.0,0.0,0.44272738170957426,0.2995360406142732,0.0,0.0,0.0
0.33091738670610116,0.34781168891778447,0.0,0.0,0.0,0.3544815010663029,0.37356698563633817,0.34644550303035904,0.0,0.24843527811585467,0.0,0.0,0.3684770162137926,0.0,0.2483368595278178,0.36205736035863106,0.2956786063857703,0.37126702791937083,0.0,0.0,0.3475839475914215,0.28874039143640046,0.24217715408626356,0.0,0.34474816423479554,0.34041093359838015,0.2645838806315978,0.32221546748304686,0.28766958153809835,0.329414171398697,0.3417695278939131,0.36244213355920174,0.34152810620257196,0.36340689522594516,0.40790817806515095,0.43431472348410877,0.34792673924370077,0.0,0.3850439206078593,0.34515573819975026,0.3323552481704942,0.40751817634437004,0.3456693197008357,0.0,0.0,0.0,0.33058045425452903,0.29925285973506116,0.0,0.0,0.36164577288967653,0.2580694432230955,0.38416045048115377,0.3076596781061774,0.0,0.0,0.0,0.2788446689867039,0.0,0.38089144301342076,0.2518082938228667,0.0,0.0,0.0,0.4017738078302725,0.38002311495865837,0.40355003636584624,0.39967117966893634,0.0,0.22848414037295975,0.38764150283055976,0.41226366161235906,0.2970280941744178,0.3768124659641352,0.3177244089662092,0.3835617281319086
0.342147943276192,0.34476574440684127,0.2937318925845192,0.0,0.26314489021188053,0.33024588656057136,0.2955252316373897,0.33980815320576524,0.2641136891650323,0.39399346897637855,0.0,0.36028191196953463,0.3481097686543127,0.0,0.3268133633026871,0.34818782410067634,0.0,0.3306896491409396,0.0,0.3475839475914215,0.0,0.35196368243925286,0.3494040192286181,0.41991408509167316,0.3295630744423609,0.3387927247238488,0.36636432615872033,0.36329483466906043,0.3547478673888002,0.3672646120165135,0.3345553897615671,0.3540296997627105,0.32155323051664725,0.34559006038597845,0.40622436220546376,0.0,0.0,0.0,0.3836471749626929,0.3321913951082644,0.34984663207695915,0.0,0.0,0.0,0.0,0.28548339467562284,0.3928641173640856,0.3882733747523147,0.0,0.0,0.3869988239395133,0.0,0.297683521928355,0.0,0.0,0.0,0.0,0.3178047171103932,0.0,0.3851826332219761,0.33522400823546145,0.0,0.0,0.0,0.3893054681917134,0.33337912009775983,0.40737480899269474,0.3785051784803911,0.0,0.29448382246691784,0.3932999109243532,0.3889908802834109,0.3651096286488593,0.39982666747408124,0.0,0.33188719748542916
0.34594863897852035,0.3173415793597676,0.0,0.0,0.0,0.3588616182865103,0.38532093296446635,0.3588434694370633,0.0,0.274454375453613,0.0,0.0,0.39141642754065475,0.0,0.28475215812823723,0.34596016892390397,0.34722886759198374,0.36689794605132986,0.0,0.28874039143640046,0.35196368243925286,0.0,0.32882957731088197,0.3264719438469171,0.3440128312930812,0.3226839968831296,0.3326324160143552,0.3311009156900289,0.3509995393011229,0.361430470112843,0.35290496407424293,0.37306775279873633,0.3327558610466648,0.36384791588065585,0.4131720382504954,0.4549330481714901,0.38135261528324504,0.0,0.37628749512295917,0.3829751599828356,0.3857319944334374,0.42228933105345434,0.0,0.0,0.0,0.36751914910547234,0.38790698882480756,0.2868103649591257,0.0,0.0,0.34751572006912523,0.22786468062416765,0.0,0.0,0.0,0.0,0.0,0.21759819658921242,0.0,0.4155074549880829,0.35139028929625243,0.0,0.2680679445288954,0.0,0.39752341618269854,0.395382195962998,0.4094577046488451,0.4035181054792419,0.0,0.3232478356656511,0.40354587859266483,0.3815907186559133,0.2777248955232545,0.3839872155068941,0.0,0.36337584447416194
0.38883336572772204,0.36360474195299175,0.24034207710643107,0.35301193918307383,0.3405092722370363,0.33646617368428233,0.3658570759478679,0.3363583935758806,0.3323348712808644,0.36909043115204004,0.24602525447452206,0.29487870136086164,0.37647213679784486,0.3552373865015208,0.3056185048125898,0.364173246353992,0.0,0.36498471981085584,0.23559199651707183,0.24217715408626356,0.3494040192286181,0.32882957731088197,0.0,0.3995566943686589,0.35807412431432584,0.36639849219233267,0.28128776786744875,0.3741841726105752,0.3555153982932083,0.36908497716522587,0.38714778657703264,0.360199792864148,0.3324917523212626,0.3917907546808269,0.38627557654489514,0.3623158600169168,0.3575602541596747,0.30354083812749305,0.4238196421638712,0.0,0.4420459899137457,0.4462670200802655,0.4302532231770613,0.3284103705531876,0.0,0.0,0.28892588559770405,0.3944907592299425,0.0,0.383778220248386,0.43122566169897264,0.4398304091596279,0.40383252829085325,0.4690080175926881,0.0,0.44642376946006473,0.0,0.4364681420173269,0.4620150710746002,0.40668333263947726,0.24338300647617203,0.0,0.0,0.4087221637670152,0.42257228424528087,0.4141369163498396,0.3890962511550748,0.4342693808919264,0.0,0.21697256110809932,0.33233852789538215,0.42413583891394385,0.4332518385482495,0.42050208275132556,0.4373474700361472,0.43931066961329923
0.3363854940993165,0.0,0.0,0.0,0.36517778442706217,0.2817033800158232,0.34585035564694516,0.42940478707706115,0.3066431878523535,0.25591272503648294,0.3558508355922956,0.24041512724032793,0.3494333295543582,0.0,0.3622756375351706,0.3351831490511607,0.3059082003843356,0.32636440242180337,0.25680444335403857,0.0,0.41991408509167316,0.3264719438469171,0.3995566943686589,0.0,0.34159148105128767,0.3138699600029956,0.29162994906473466,0.3449167789588432,0.2898303269638669,0.0,0.31760880580091944,0.338046966813932,0.21184705828276945,0.21782273097200816,0.3431983227269437,0.0,0.1707222722497445,0.2162080453106922,0.396010670394563,0.2651619611452242,0.3250637722812285,0.0,0.0,0.0,0.2624574194901512,0.398825049325683,0.38082185180130884,0.0,0.0,0.0,0.0,0.0,0.0,0.0,0.37768755927190434,0.0,0.3670063694829148,0.0,0.0,0.0,0.3762403447027649,0.3919641912762601,0.38304093850615883,0.0,0.0,0.0,0.0,0.0,0.37547372309169014,0.38952050248804304,0.40087130453220954,0.0,0.0,0.0,0.0,0.3875826804164883
0.33047346554744855,0.3215960320256319,0.0,0.0,0.0,0.3439179927401667,0.3274809761586942,0.3907904878592701,0.346732282075122,0.27769398555260966,0.30401376218394316,0.2847328588362458,0.36052078823562006,0.0,0.33544941010312557,0.3304508885869673,0.273056452678101,0.30864838904056685,0.2600493680626836,0.34474816423479554,0.3295630744423609,0.3440128312930812,0.35807412431432584,0.34159148105128767,0.0,0.3086967110298627,0.34755830539037946,0.3599445374341558,0.35663614180776365,0.0,0.3303062493666927,0.34896924176429417,0.2807922410280919,0.30541802630329135,0.3388112175639291,0.3709788834347459,0.0,0.2639994782455337,0.3623269659002279,0.3434460128000084,0.3665219351242544,0.3758934589283584,0.0,0.0,0.3447924367816401,0.3873819064286541,0.375108048134082,0.0,0.0,0.0,0.21546218153937904,0.26341679708121796,0.0,0.0,0.38722105796426387,0.0,0.3852885274586982,0.24484699673169302,0.0,0.352823364805429,0.3686002907240927,0.38314735132002486,0.3650309449723837,0.0,0.33229810090650913,0.3518243562939552,0.3397007082064706,0.2561768245391393,0.39871293025635995,0.36655660375930993,0.3890719793599269,0.0,0.28891766569715743,0.3051202281917528,0.0,0.36746922516267366
0.3217358450633005,0.33466209171271216,0.0,0.0,0.33457692142496787,0.3525926454090426,0.34116461898061734,0.40148701932414854,0.3675894962166453,0.30170986532326444,0.2597877652056194,0.2626087955166462,0.3765089013293885,0.0,0.2500658390478344,0.3458476317674954,0.2878756331611652,0.32817486583276856,0.26036736511774033,0.34041093359838015,0.3387927247238488,0.3226839968831296,0.36639849219233267,0.3138699600029956,0.3086967110298627,0.0,0.3430524673912516,0.36986682224201856,0.3532670389232587,0.2777921166132376,0.3358090082237931,0.35396383769124584,0.31023086125332944,0.32425964383554684,0.365834835571114,0.38517119240511266,0.34881923022242683,0.2909615668084311,0.3689369437250131,0.3564593287985467,0.37434514124522233,0.3957738172523447,0.0,0.0,0.3516404442118905,0.39102748888707073,0.39679753743148793,0.0,0.0,0.0,0.29469115211500835,0.24159855548758208,0.0,0.2715273745916414,0.3969185681472046,0.0,0.38482009181494237,0.25783030859366457,0.0,0.4044605636409877,0.379326765590248,0.40149901798823295,0.3832335935775137,0.0,0.3824028298621684,0.3945939249560332,0.40088932373506236,0.3261592708258126,0.41780520336451266,0.38245705890510273,0.3994214445055337,0.37370863990900693,0.3046907754094859,0.3272125362850036,0.0,0.3816210592988636
0.34049518596049966,0.3513273093960679,0.27293125432528287,0.3354035128084946,0.3321756713480785,0.32579526899674477,0.3601115774713682,0.37460909104612955,0.31120178689550615,0.35161819160141294,0.3639421110094345,0.27679351809984964,0.36996540858034693,0.4029660304411024,0.3464074434150374,0.36274275003784023,0.0,0.35151503192162864,0.32032660153859394,0.2645838806315978,0.36636432615872033,0.3326324160143552,0.28128776786744875,0.29162994906473466,0.34755830539037946,0.3430524673912516,0.0,0.36192775354754086,0.3225290958750061,0.3411801873844919,0.35078288179805794,0.3449847911973128,0.3228715121554147,0.36299154815644497,0.3784408676847531,0.3605992259133872,0.36923335388647777,0.286991795027281,0.4029875081498409,0.0,0.417318165486054,0.4152767233412192,0.42976861316634873,0.2676200627146612,0.0,0.0,0.26844915772838185,0.4520196128429394,0.0,0.3285282848621322,0.4228687536957235,0.3931697576715225,0.41721834721336104,0.4718275875727894,0.0,0.4643756460375991,0.0,0.3779727621280469,0.0,0.40106567286953093,0.21611424863753792,0.0,0.0,0.4675522783982571,0.3944717960125012,0.40760221266102437,0.33167302758428396,0.4224548197690975,0.0,0.21858408573222726,0.3671502836704921,0.4148785701956478,0.4001927255153325,0.3683942882302503,0.3939703188530876,0.41660964785374943
0.33215285261254224,0.36721152041008825,0.3855830503208472,0.23615706761859026,0.3190580224337546,0.3598702210380798,0.31595069755752964,0.3709655165346956,0.3981908691263339,0.34974726660098987,0.39600096488442593,0.3304016283558974,0.2844118822230378,0.2592423652465133,0.3497801723966966,0.3541685563938882,0.35671546883392863,0.36015071155347206,0.40555384490383983,0.32221546748304686,0.36329483466906043,0.3311009156900289,0.3741841726105752,0.3449167789588432,0.3599445374341558,0.36986682224201856,0.36192775354754086,0.0,0.2994012987430406,0.2957475884072195,0.3406361709285592,0.35153990593692674,0.3132033597331108,0.3385769892292565,0.3705448838802384,0.2850383986380656,0.2725456875999554,0.32408303788744475,0.3355673620004356,0.24340942831571222,0.24504576963878558,0.19832754259890256,0.34461215335447415,0.2353405775629753,0.0,0.0,0.22652981121623444,0.3138923163299382,0.0,0.29353633457203915,0.3983341786223777,0.26536041810373256,0.38899291132911507,0.2970011939063252,0.0,0.3042261021391379,0.0,0.20313734675619283,0.0,0.35533336782555114,0.0,0.0,0.0,0.2905986073874113,0.39182484770497433,0.39335021997886416,0.2879614790609411,0.42369221439906735,0.0,0.23986682955672367,0.3125785889883779,0.41402219185837513,0.2999691561223274,0.3364186065295289,0.0,0.32071359264361665
0.34127984371095527,0.36501002519165837,0.3218302297669452,0.2964427262913388,0.3530179233674311,0.31640006061536446,0.3761971039920462,0.3592168334562485,0.34905112434865654,0.2916413109171026,0.0,0.258501829888948,0.3574263880242892,0.0,0.34345604518539263,0.38162891682413325,0.2937613814715125,0.38156597275409093,0.3548743951422158,0.28766958153809835,0.3547478673888002,0.3509995393011229,0.3555153982932083,0.2898303269638669,0.35663614180776365,0.3532670389232587,0.3225290958750061,0.2994012987430406,0.0,0.33459981466849076,0.3466503767776832,0.3485798117512387,0.32122563749616273,0.3655383661317791,0.3916121202001988,0.3695583346323236,0.3439117706969712,0.0,0.39639397269056054,0.31920150386509566,0.33984816843134275,0.372892674848069,0.34675053164835895,0.26274199948852944,0.0,0.0,0.30384140247772695,0.32460927924324573,0.0,0.2760065281917487,0.35414781108651533,0.2609781805359109,0.36803622852402473,0.26482368248888327,0.0,0.0,0.0,0.24032478007968694,0.0,0.3887494295209299,0.22348768298761423,0.0,0.23058550277858922,0.2913289751497775,0.3693373312412045,0.396701682223482,0.3337029717934449,0.41233119566888643,0.0,0.21708250100660617,0.3539924666383392,0.40434182073774716,0.3409035660092399,0.3830521864127838,0.34498138831549724,0.39527742857348763
0.0,0.0,0.3365485994687387,0.0,0.0,0.360398931789038,0.0,0.3670284712817281,0.3507062057947967,0.0,0.0,0.0,0.36880007018696165,0.0,0.34450885515482904,0.277956349337529,0.0,0.0,0.0,0.329414171398697,0.3672646120165135,0.361430470112843,0.36908497716522587,0.0,0.0,0.2777921166132376,0.3411801873844919,0.2957475884072195,0.33459981466849076,0.0,0.30604568504840785,0.3963658160460782,0.0,0.3363955817186608,0.3815418817010451,0.0,0.0,0.0,0.4152484946984523,0.0,0.0,0.0,0.0,0.0,0.0,0.0,0.0,0.0,0.0,0.0,0.384544317512636,0.0,0.33591156136699046,0.0,0.0,0.0,0.0,0.0,0.0,0.3643515301961605,0.0,0.0,0.0,0.0,0.4012625430604617,0.4198916074293371,0.0,0.404510231472821,0.0,0.0,0.0,0.40012282348335726,0.31717177543010067,0.36014907959227066,0.0,0.0
0.324312196422516,0.31095859402498427,0.4120336593447568,0.33819280593749634,0.40776463531940016,0.3920254199820964,0.372985205292135,0.41279227910368005,0.41821670891428264,0.29498087237348475,0.42351611694550406,0.2796817976740496,0.3586044233652983,0.0,0.35781374840589264,0.3478287687915014,0.3036253491083126,0.33642271236840715,0.42319427873945786,0.3417695278939131,0.3345553897615671,0.35290496407424293,0.38714778657703264,0.31760880580091944,0.3303062493666927,0.3358090082237931,0.35078288179805794,0.3406361709285592,0.3466503767776832,0.30604568504840785,0.0,0.36925560715756617,0.28333065161649773,0.21956629898987284,0.19476212082990801,0.44373210249891776,0.36869667853670407,0.24459658118676061,0.3827971758602275,0.0,0.36435425873091376,0.3469769389280088,0.0,0.0,0.3182377825525811,0.37742103515538744,0.3700521079834854,0.32538008769804405,0.0,0.0,0.4268588124960295,0.2837406246930259,0.4398000479233014,0.2859152183120571,0.3298410625391271,0.0,0.3552749082002786,0.30156451073091245,0.0,0.4123006415214692,0.3660868322423886,0.3566961449810701,0.3755043337429521,0.326798153283078,0.38824813922945156,0.402631831005369,0.3903731080550964,0.44975308257146035,0.0,0.36532570785936863,0.3908971448344802,0.43578994169748164,0.3813275008094553,0.3767976995782717,0.0,0.33028366396556497
0.353461555996088,0.35562043000845417,0.36853362890995206,0.2785445211628406,0.3143045659291682,0.36404112060211297,0.35417752357362364,0.25929050801843107,0.3864620732419124,0.27732822410845565,0.32157947874967885,0.2226038880675908,0.3597540844948102,0.19477148118433638,0.3642983656439915,0.3715902256659206,0.3496762154828486,0.3446877214032355,0.38914994143788184,0.36244213355920174,0.3540296997627105,0.37306775279873633,0.360199792864148,0.338046966813932,0.34896924176429417,0.35396383769124584,0.3449847911973128,0.35153990593692674,0.3485798117512387,0.3963658160460782,0.36925560715756617,0.0,0.3022411839400922,0.29897079679059946,0.3248124529242476,0.2430879700235537,0.2708654998440213,0.21908351960899553,0.20335941330629492,0.24611276360986542,0.28629368488187795,0.2963846163480709,0.23231703301681392,0.21792671562041557,0.21756952857141656,0.3500615352351391,0.3885059128930391,0.3301503295776466,0.0,0.3104977665994841,0.40480677837567275,0.23026657282457058,0.4060952065733983,0.35147339323968024,0.22702997258233257,0.34038508024329395,0.2225733739267138,0.2887723099489426,0.0,0.4135655313100316,0.35248390169339605,0.0,0.1990704436040974,0.3569337047197552,0.40142841939232665,0.4018329308859861,0.40676590654014305,0.4231340789827199,0.0,0.304866671181874,0.39091769970045165,0.4149140798929374,0.3323307582430727,0.4048516406836841,0.0,0.3418166144312051
0.2789386127497829,0.29336324970485894,0.26671962767096047,0.2503872039450936,0.0,0.3368208455430581,0.3198244744537932,0.0,0.3472049343578128,0.25484400632085075,0.33996295236645974,0.23066654684847954,0.32010460934386964,0.0,0.35406294924120574,0.30976033525569224,0.2931672496018412,0.30371249768214514,0.0,0.34152810620257196,0.32155323051664725,0.3327558610466648,0.3324917523212626,0.21184705828276945,0.2807922410280919,0.31023086125332944,0.3228715121554147,0.3132033597331108,0.32122563749616273,0.0,0.28333065161649773,0.3022411839400922,0.0,0.2198492894985616,0.33833298571103626,0.2469948311079232,0.2319555837779061,0.16137956142246765,0.2899049773107267,0.2509251580548985,0.26163158856635166,0.31691771475648095,0.2409356638872827,0.23395480298627608,0.24961423254415788,0.3729634956414852,0.36851769334275225,0.0,0.0,0.0,0.3311571236192254,0.2958705232446868,0.0,0.2558585926942694,0.3290265637481949,0.0,0.32867325020643806,0.27312642387445213,0.0,0.4151473577683911,0.3565234032827426,0.2959554748341032,0.29753313558332056,0.0,0.38955204030609475,0.41991802227332264,0.4090505993588501,0.35716227106217524,0.3036579073986025,0.3251632200125079,0.3503829216158528,0.39257269996745386,0.29134839120398737,0.38080504834674883,0.0,0.29573662550482827
0.2965878948714944,0.3102754415570688,0.3934126145206493,0.23427488601159757,0.38002795091405467,0.3885264954158998,0.3430965706659388,0.4041370512094725,0.40684725176253583,0.2327146340093603,0.40736865839091124,0.20978244337122523,0.34568245700915506,0.3519079546426607,0.3686314330433059,0.32679360949138675,0.30452214932876204,0.32617764811331373,0.3974407530985522,0.36340689522594516,0.34559006038597845,0.36384791588065585,0.3917907546808269,0.21782273097200816,0.30541802630329135,0.32425964383554684,0.36299154815644497,0.3385769892292565,0.3655383661317791,0.3363955817186608,0.21956629898987284,0.29897079679059946,0.2198492894985616,0.0,0.24250359706260954,0.29892820660979963,0.26311396962378436,0.1877062527443396,0.2854257114864571,0.27117026242490333,0.27467837143543317,0.3259747112949956,0.24926352102624977,0.2428387788634038,0.2472004630853338,0.3745044111195562,0.37117438304939954,0.2771987750303168,0.0,0.2663133382691311,0.3331532830744913,0.21510678507807487,0.42648927081683213,0.22687068602967794,0.29753014665882627,0.25950249265516967,0.2766078124797829,0.17975398917812707,0.0,0.41822877094717387,0.35620974655885523,0.3678392915768139,0.35023510555364695,0.28553350252557796,0.40447326268861505,0.38817802426187537,0.40417632392260466,0.4500591605402568,0.0,0.3506142926986343,0.38768468178051607,0.44008477439275295,0.22777638266832742,0.3953808972052255,0.0,0.23399590952639812
0.35210642570437045,0.37402113747236376,0.3848938186285324,0.2914056272234019,0.41553276713446824,0.39309029384917066,0.3556740318114481,0.4097274541101111,0.38815283999252254,0.2629717324825374,0.3864774911244685,0.24876417951186997,0.3613247157885502,0.0,0.4084133271299619,0.37977022039561376,0.3446434967825396,0.3577225871535896,0.0,0.40790817806515095,0.40622436220546376,0.4131720382504954,0.38627557654489514,0.3431983227269437,0.3388112175639291,0.365834835571114,0.3784408676847531,0.3705448838802384,0.3916121202001988,0.3815418817010451,0.19476212082990801,0.3248124529242476,0.33833298571103626,0.24250359706260954,0.0,0.3901751536873231,0.32967723981777425,0.24372559026859333,0.30218000995620786,0.27563025159121063,0.3266177590307304,0.34254955460309505,0.2718523390163226,0.2681101989442479,0.22075216776625267,0.0,0.40667475113554713,0.0,0.0,0.0,0.38572518397791894,0.2226275307079336,0.0,0.2509509315510188,0.20482951004827807,0.0,0.2487491880591804,0.2322284177586362,0.0,0.4433475107815847,0.3637200732109089,0.0,0.0,0.0,0.3821553902759504,0.4113915449108034,0.4068260665935838,0.4406310038971185,0.0,0.3605626584476095,0.4080977922575548,0.43603208985811676,0.2678917141402113,0.37653267021488823,0.0,0.21652559723771936
0.0,0.0,0.3555341805794353,0.18774932696199184,0.22045621008044233,0.37902491785090375,0.2661150897413197,0.17487667035534338,0.37538546546248897,0.27091858315776707,0.27649242244176236,0.2684844831230768,0.3154836846897139,0.19640212271307933,0.0,0.0,0.0,0.0,0.35181090744688565,0.43431472348410877,0.0,0.4549330481714901,0.3623158600169168,0.0,0.3709788834347459,0.38517119240511266,0.3605992259133872,0.2850383986380656,0.3695583346323236,0.0,0.44373210249891776,0.2430879700235537,0.2469948311079232,0.29892820660979963,0.3901751536873231,0.0,0.19495374532382412,0.2503072335383275,0.24794516054216686,0.0,0.2534459015993018,0.2876145389021951,0.28396672346256924,0.2399016209240278,0.0,0.0,0.0,0.3698737562914005,0.0,0.0,0.39714332350849885,0.3494657570562978,0.3250081534933141,0.40050881119346593,0.0,0.3459001357018728,0.0,0.32754596649812295,0.0,0.0,0.0,0.0,0.0,0.3737734436945255,0.0,0.0,0.0,0.41965067297834274,0.0,0.0,0.0,0.40080024730010494,0.3695329274992283,0.31845114271673053,0.0,0.0
