0.0,0.3222005601775869,0.0,0.0,0.0,0.2895086684148593,0.0,0.3953059056280223,0.0,0.24913495166130012,0.0,0.0,0.29207365186623124,0.0,0.29311643631238904,0.2962030923219311,0.2568808961050063,0.26935811523395986,0.0,0.3137803296899357,0.39513726613070765,0.2999307358144146,0.35702266251726406,0.3126594339386717,0.268940855251889,0.25563850381467534,0.2858603014914201,0.3133966902619944,0.32599185235467854,0.2697564411194911,0.2640527743040825,0.3247568389136193,0.2734941804379769,0.31574426999723926,0.38006514893711246,0.3555068076573584,0.0,0.0,0.3283187922550085,0.27834626261779305,0.3119610837476627,0.3736493904112803,0.0,0.0,0.0,0.2751515190294686,0.32575071643075226,0.0,0.0,0.0,0.27845539650675183,0.0,0.2997111746091924,0.0,0.0,0.0,0.0,0.0,0.0,0.32696465350746595,0.30900032356731727,0.2059025679602539,0.27657894892409113,0.0,0.0,0.39740595014446417,0.33248537993692534,0.3161172587746203,0.0,0.28851938579800795,0.32176948912518316,0.0,0.0,0.0,0.0,0.2712793241223099
0.3222005601775869,0.0,0.27584455308315353,0.0,0.2841731277175582,0.28651677575866064,0.3159194396204003,0.0,0.0,0.22993521923144572,0.0,0.19545310531701796,0.3082390339793398,0.0,0.30473422156157626,0.27831295817135443,0.2441271036318313,0.2692693622248026,0.0,0.28436149611857836,0.32485736880957633,0.25432555833747955,0.292635383107346,0.2389451741410968,0.24363668459906815,0.23464903557070974,0.2867492469723672,0.3198033707688326,0.2913508915588662,0.0,0.2576618524101228,0.31302824801294504,0.29715081520683884,0.28440284598661536,0.34463651817914054,0.0,0.0,0.0,0.34759837789926024,0.31759701066995955,0.34538111779032254,0.0,0.0,0.0,0.0,0.0,0.0,0.0,0.0,0.0,0.0,0.0,0.0,0.0,0.0,0.0,0.0,0.0,0.0,0.0,0.32829888164957594,0.0,0.0,0.0,0.0,0.0,0.0,0.0,0.0,0.0,0.0,0.0,0.0,0.0,0.0,0.0
0.0,0.27584455308315353,0.0,0.2337451262140906,0.2744241307516717,0.28203863712107224,0.29026732398392974,0.30706014099845813,0.2538703808745168,0.2699874594451978,0.2361273721540863,0.23462753842788525,0.29468060711547334,0.27782809005260595,0.0,0.2506290023522893,0.0,0.2543313991907087,0.21365506641980755,0.27067774912569204,0.2403948063197308,0.28983709056915374,0.20847117257974418,0.0,0.22145012950586768,0.22141693572857116,0.2586758495270776,0.30424798820663823,0.24993683110425358,0.0,0.31109790661639963,0.29943556376969027,0.0,0.3171953016633848,0.2994983208049647,0.2797086101754786,0.2800029406601547,0.0,0.0,0.0,0.0,0.0,0.31553067146826874,0.0,0.0,0.0,0.0,0.16598034680651985,0.0,0.0,0.3417076646162889,0.30982179905753526,0.32687055752421756,0.3281894209858255,0.0,0.29991757694906246,0.0,0.0,0.33425360736266974,0.0,0.0,0.0,0.0,0.17488835819675785,0.0,0.0,0.0,0.351211483894335,0.0,0.0,0.0,0.32759364486040327,0.0,0.0,0.0,0.0
0.0,0.0,0.2337451262140906,0.0,0.17859312304243777,0.0,0.1701226197616213,0.24929107997858888,0.24164287539002707,0.0,0.21889062180793448,0.1902721236411409,0.20029200710504838,0.19790573137124273,0.0,0.0,0.0,0.0,0.19328812022961053,0.0,0.0,0.0,0.2645648411067281,0.0,0.0,0.0,0.0,0.14806986189127588,0.0,0.0,0.20047592760020733,0.1920621798961721,0.0,0.16908323468272257,0.16771347158084823,0.1260266804671845,0.12554932635208127,0.0,0.0,0.0,0.0,0.0,0.0,0.0,0.0,0.0,0.0,0.0,0.0,0.0,0.0,0.0,0.0,0.0,0.0,0.0,0.0,0.0,0.0,0.0,0.0,0.0,0.0,0.0,0.0,0.0,0.0,0.0,0.0,0.0,0.0,0.0,0.0,0.0,0.0,0.0
0.0,0.2841731277175582,0.2744241307516717,0.17859312304243777,0.0,0.2739173163078924,0.22514122067598033,0.2612269652507538,0.2375305863284434,0.23902468325218368,0.2000090816629631,0.2514662325698959,0.23513488231769944,0.18046522881861768,0.0,0.0,0.0,0.0,0.25652233341727204,0.3100062996115699,0.239711427345198,0.306251763435787,0.26608433248879776,0.0,0.0,0.2620587374891339,0.28847731663846016,0.2265037344442686,0.2775926183310225,0.0,0.30000845341432447,0.27001047289752167,0.0,0.2899207948930908,0.0,0.1303049224708616,0.12688094931995497,0.0,0.0,0.0,0.0,0.0,0.0,0.0,0.0,0.0,0.0,0.28689214065779267,0.0,0.0,0.0,0.0,0.0,0.0,0.0,0.0,0.0,0.257425269845558,0.0,0.0,0.0,0.0,0.0,0.0,0.0,0.0,0.0,0.3112851670564801,0.0,0.0,0.0,0.0,0.0,0.0,0.0,0.0
0.2895086684148593,0.28651677575866064,0.28203863712107224,0.0,0.2739173163078924,0.0,0.27171100575770607,0.264330860843778,0.24018156274287017,0.2737927442691193,0.2536260467823467,0.2555652222150814,0.236843230598763,0.29310963481534613,0.2625648827114727,0.30150441204632195,0.20680539328741135,0.2960864394087309,0.2560801136469355,0.2645762153701593,0.25874504002337795,0.28327280601184485,0.25976149190191583,0.20739493224768854,0.2867862014839266,0.28598345192804897,0.2439725757967927,0.22949740524307125,0.20716222108072713,0.2927966901948221,0.29246886328451394,0.3147035530638756,0.2826920454381298,0.31765415943235437,0.3246843558325269,0.27755252265283575,0.0,0.0,0.33164634820006067,0.26761376433436823,0.35110523326023907,0.32045844028944676,0.2802852316813435,0.0,0.0,0.0,0.0,0.3339850491915433,0.0,0.0,0.33210234819158324,0.32654795797908864,0.31631995238551475,0.3237351470156259,0.0,0.30009521889417234,0.0,0.3404812401294293,0.2850545494271122,0.29360957563651774,0.0,0.0,0.0,0.0,0.0,0.0,0.30259265254823314,0.32883504038426775,0.0,0.0,0.0,0.3365959343183044,0.3371882958642685,0.33378463281981247,0.3104927282689863,0.33667757780617114
0.0,0.3159194396204003,0.29026732398392974,0.1701226197616213,0.22514122067598033,0.27171100575770607,0.0,0.30516199759329077,0.2545436142615597,0.2781687506695674,0.25821319944802684,0.2480415808092521,0.20508302587689922,0.21337185919166787,0.0,0.3634916097620461,0.0,0.3312456393469965,0.28113388513422916,0.33016141905263086,0.27819431279378015,0.32806447475839484,0.2874080297206181,0.2686141451338646,0.3254248718030342,0.33136986366796395,0.29766591541335996,0.24588062776381517,0.2865308088630113,0.0,0.3115101364635822,0.2645346396638505,0.0,0.31934898560721925,0.30065974720050165,0.15719470426522883,0.1823097272585469,0.2809820997221758,0.0,0.0,0.0,0.0,0.0,0.0,0.0,0.0,0.0,0.0,0.0,0.0,0.3130678728580027,0.0,0.29020279115189374,0.0,0.0,0.25438574514667034,0.0,0.25885429854666986,0.0,0.0,0.0,0.0,0.0,0.0,0.0,0.0,0.0,0.33096100213575563,0.0,0.0,0.0,0.3223328381510326,0.25786609116267145,0.0,0.0,0.0
0.3953059056280223,0.0,0.30706014099845813,0.24929107997858888,0.2612269652507538,0.264330860843778,0.30516199759329077,0.0,0.299217547287365,0.28615552338410927,0.2663512771634083,0.0,0.3086236998323023,0.2582311093287374,0.29510782581073536,0.34655318895883824,0.0,0.34128160108495803,0.30316116797557346,0.310594654956862,0.22916162509274776,0.30156243730045457,0.22995716976578728,0.3939570090014565,0.34029853945755223,0.34308758320042143,0.28914718329540484,0.3130420187384016,0.2761735405408922,0.3104127339095398,0.3236349902368953,0.2987396476672106,0.35306927126085386,0.32662023288504183,0.0,0.2321535196901147,0.3035995644511302,0.0,0.31515732728200013,0.0,0.33330748670824234,0.0,0.0,0.0,0.0,0.0,0.0,0.0,0.0,0.0,0.0,0.0,0.21630567054897046,0.0,0.0,0.0,0.0,0.0,0.0,0.0,0.0,0.0,0.0,0.0,0.0,0.2071682696795307,0.0,0.255432111744176,0.0,0.0,0.0,0.0,0.3019703909610382,0.0,0.0,0.0
0.0,0.0,0.2538703808745168,0.24164287539002707,0.2375305863284434,0.24018156274287017,0.2545436142615597,0.299217547287365,0.0,0.27446224824984394,0.2213384348979319,0.24573646451075262,0.2444986030923789,0.25452434545583363,0.0,0.0,0.0,0.0,0.18348638293276115,0.28406238569635367,0.22124045171431841,0.2798195443424545,0.2743019116017056,0.2560427066023086,0.26871759129638995,0.2396838684210415,0.2768980293429416,0.29009413544909235,0.2629491717339513,0.0,0.30093211041434476,0.283016588252969,0.0,0.3003019638532515,0.28299757488969945,0.24345549021476987,0.2566650642735285,0.23915682058211843,0.0,0.0,0.0,0.0,0.0,0.0,0.0,0.0,0.0,0.0,0.0,0.0,0.0,0.0,0.3254497862615794,0.0,0.0,0.2379744619912028,0.0,0.0,0.0,0.0,0.0,0.0,0.0,0.0,0.0,0.0,0.0,0.0,0.0,0.0,0.0,0.0,0.0,0.0,0.0,0.0
0.24913495166130012,0.22993521923144572,0.2699874594451978,0.0,0.23902468325218368,0.2737927442691193,0.2781687506695674,0.28615552338410927,0.27446224824984394,0.0,0.2586389410074617,0.17867873269726275,0.27223571039106226,0.0,0.21886254872770414,0.18834422945321777,0.17514711407598652,0.20294046112747666,0.2738569236610833,0.22777665632613772,0.29314487528853317,0.2286546017791059,0.28282931252758786,0.1786479405351063,0.20639922511062572,0.21465164608290038,0.2689382874877363,0.2807092841696317,0.2400605469124213,0.0,0.19977524224110588,0.23598669807442563,0.1560895184903963,0.19272848139852172,0.1829975818704638,0.2671985735090457,0.2227756099904201,0.18794497146408418,0.27306798280689737,0.21232185111529026,0.2278097231416871,0.0,0.0,0.0,0.0,0.2642809169488256,0.0,0.0,0.0,0.0,0.0,0.24928600657791877,0.0,0.0,0.23262386759959566,0.0,0.23969745142240326,0.2366448986230783,0.0,0.0,0.22145024966216725,0.19489177686238413,0.22407860705023694,0.0,0.0,0.0,0.23336696351458783,0.0,0.21907332858000161,0.25623870705245316,0.2328369578702186,0.0,0.25679888010138857,0.0,0.0,0.2381653321367716
0.0,0.0,0.2361273721540863,0.21889062180793448,0.2000090816629631,0.2536260467823467,0.25821319944802684,0.2663512771634083,0.2213384348979319,0.2586389410074617,0.0,0.24558576766607665,0.26988078155514633,0.1876867186692262,0.0,0.0,0.0,0.0,0.21022246655435067,0.0,0.0,0.0,0.22549915546013163,0.26681698968552575,0.0,0.2005450244371442,0.26822312051049824,0.2638872860403214,0.0,0.0,0.292888981672526,0.27164816752814125,0.0,0.2831499895208183,0.27421716470725543,0.19968843770645178,0.23998588705875845,0.25163050855948405,0.0,0.0,0.0,0.0,0.0,0.0,0.0,0.0,0.0,0.21972217741253436,0.0,0.0,0.0,0.0,0.32789346784918677,0.22978481919520022,0.0,0.21844453131018196,0.0,0.0,0.0,0.0,0.0,0.0,0.0,0.15744806362777566,0.0,0.0,0.0,0.3053282334861521,0.0,0.0,0.0,0.0,0.0,0.0,0.0,0.0
0.0,0.19545310531701796,0.23462753842788525,0.1902721236411409,0.2514662325698959,0.2555652222150814,0.2480415808092521,0.0,0.24573646451075262,0.17867873269726275,0.24558576766607665,0.0,0.23658630055457144,0.0,0.26114875996621306,0.160702480932429,0.15604237468425833,0.20778077986139004,0.23747579270293032,0.0,0.32316636367365686,0.27511374775945585,0.2357426561910983,0.192476674381023,0.220166703548982,0.21698359549530052,0.0,0.26437550896968354,0.0,0.0,0.2189816476880034,0.2013811319157545,0.17887418828620555,0.20693183087189065,0.26715295486133683,0.0,0.23492834758208828,0.1719623471118801,0.24803833524656385,0.2191388771747055,0.23600555432282588,0.2713437022698934,0.0,0.0,0.0,0.0,0.0,0.0,0.0,0.0,0.0,0.23897037597338905,0.0,0.0,0.24915540715821627,0.0,0.214620664664641,0.25039468880377547,0.0,0.0,0.0,0.17277159855461294,0.2388544395848181,0.0,0.0,0.0,0.0,0.0,0.24789321027509498,0.2734391675700693,0.23558909180033497,0.0,0.2581188402506791,0.0,0.0,0.24661610810766524
0.29207365186623124,0.3082390339793398,0.29468060711547334,0.20029200710504838,0.23513488231769944,0.236843230598763,0.20508302587689922,0.3086236998323023,0.2444986030923789,0.27223571039106226,0.26988078155514633,0.23658630055457144,0.0,0.25512045832718794,0.3050428620069115,0.33354484423228864,0.28524303830932857,0.33514884302559084,0.2834522226844686,0.3114357982625817,0.29543327738257674,0.32706078993741844,0.28708240760439685,0.2543059932398781,0.30584798378306854,0.3116355333613845,0.2889256731487447,0.20975138329490592,0.264353302473832,0.0,0.29486376922942414,0.258499253176037,0.0,0.2883472409448341,0.28397782422726237,0.22464825723208257,0.2214682200576774,0.2527241043960495,0.36225197643513785,0.0,0.0,0.0,0.0,0.0,0.0,0.0,0.0,0.2930423674911968,0.0,0.0,0.3457903066558482,0.2768327087302704,0.3197237288198394,0.25761650935261216,0.0,0.2642443347073632,0.0,0.2690270048622053,0.0,0.0,0.0,0.0,0.0,0.0,0.0,0.2369793482996985,0.0,0.33855876997265105,0.0,0.0,0.0,0.3507020896351777,0.3076399765155309,0.3251775369001255,0.0,0.0
0.0,0.0,0.27782809005260595,0.19790573137124273,0.18046522881861768,0.29310963481534613,0.21337185919166787,0.2582311093287374,0.25452434545583363,0.0,0.1876867186692262,0.0,0.25512045832718794,0.0,0.0,0.0,0.0,0.0,0.25550407288303717,0.0,0.3153598372041277,0.0,0.2500123978858403,0.0,0.0,0.0,0.291542396054462,0.21261821626807276,0.2651032416012725,0.0,0.0,0.0,0.0,0.2640964933596272,0.0,0.15856271765803298,0.10972913196904899,0.0,0.0,0.0,0.0,0.0,0.0,0.0,0.0,0.0,0.0,0.0,0.0,0.0,0.0,0.0,0.0,0.0,0.0,0.0,0.0,0.0,0.0,0.0,0.0,0.0,0.0,0.0,0.0,0.0,0.0,0.0,0.0,0.0,0.0,0.0,0.0,0.0,0.0,0.0
0.29311643631238904,0.30473422156157626,0.0,0.0,0.0,0.2625648827114727,0.0,0.29510782581073536,0.0,0.21886254872770414,0.0,0.26114875996621306,0.3050428620069115,0.0,0.0,0.30401209534265766,0.24226405671538326,0.2931197896140599,0.0,0.2537066802469234,0.25871721151325855,0.24206594229922485,0.24204188898778908,0.3713576253191486,0.28892962325235494,0.24403967011961483,0.2564606564200778,0.3115638700873586,0.2745085897050951,0.0,0.3111929545516303,0.3434897163946745,0.30778957699127757,0.35265953399610245,0.37305414849781693,0.0,0.0,0.0,0.36275448118498915,0.3452333427977429,0.40178109024545966,0.39494035179224035,0.0,0.0,0.0,0.0,0.0,0.0,0.0,0.0,0.34548920030003705,0.0,0.29779966496014026,0.0,0.0,0.0,0.0,0.0,0.0,0.18914055802676505,0.3600581986564176,0.0,0.0,0.0,0.20041150402093813,0.3295902340731546,0.2071918192272273,0.318002580232822,0.0,0.0,0.2832378029671351,0.3285348849433809,0.0,0.0,0.0,0.3065731423769383
0.2962030923219311,0.27831295817135443,0.2506290023522893,0.0,0.0,0.30150441204632195,0.3634916097620461,0.34655318895883824,0.0,0.18834422945321777,0.0,0.160702480932429,0.33354484423228864,0.0,0.30401209534265766,0.0,0.21674206287157297,0.21976968072918848,0.0,0.2743271364079028,0.30816962312896484,0.2536874788691158,0.30758238844812663,0.24402579961465304,0.24852227086730763,0.2985016141468604,0.29490486497269713,0.34345788877939537,0.3122589429421598,0.3439196498323662,0.21392823801997116,0.31683262385348754,0.2526374394656769,0.25269534624705825,0.3017247127418148,0.0,0.0,0.0,0.3248738133001931,0.29594734704128356,0.32768961089095744,0.3517065351042883,0.0,0.0,0.0,0.29418974412448806,0.33711997646346786,0.0,0.0,0.0,0.0,0.0,0.0,0.0,0.0,0.0,0.0,0.0,0.0,0.3466636438483807,0.3161382104373419,0.21042378602540385,0.2795600473660751,0.0,0.0,0.0,0.3372325842294432,0.25644919773934505,0.0,0.2953024389754691,0.3262901426223427,0.0,0.0,0.0,0.0,0.303359412898824
0.2568808961050063,0.2441271036318313,0.0,0.0,0.0,0.20680539328741135,0.0,0.0,0.0,0.17514711407598652,0.0,0.15604237468425833,0.28524303830932857,0.0,0.24226405671538326,0.21674206287157297,0.0,0.21808349088367168,0.0,0.24746664607200958,0.0,0.2448190819736134,0.22349143465574212,0.1970650176526703,0.20799439086953034,0.21661456675080837,0.21001521182212485,0.3010057045951293,0.24785678115273543,0.21772964588088206,0.19607870480473474,0.2668073113920617,0.17322104807269106,0.22153879734471524,0.2127179309411265,0.0,0.0,0.1360695837158984,0.2809021935437071,0.235329495657489,0.22873726098366703,0.0,0.0,0.0,0.0,0.2624989567107558,0.0,0.0,0.0,0.0,0.0,0.0,0.0,0.0,0.254711600131855,0.0,0.2201526280339832,0.19028698951099696,0.0,0.0,0.2610561382234757,0.23853991995637866,0.2608646508183344,0.0,0.0,0.0,0.0,0.0,0.27061495943688446,0.2846160565639322,0.2757143873168914,0.0,0.2331475603227703,0.0,0.0,0.22862288822150087
0.26935811523395986,0.2692693622248026,0.2543313991907087,0.0,0.0,0.2960864394087309,0.3312456393469965,0.34128160108495803,0.0,0.20294046112747666,0.0,0.20778077986139004,0.33514884302559084,0.0,0.2931197896140599,0.21976968072918848,0.21808349088367168,0.0,0.0,0.28879238809474345,0.3142392963864678,0.2751424684319479,0.31181548639136986,0.25201416313980357,0.22508317468899283,0.2600427217481242,0.2884681945431707,0.3357371714797625,0.30615009702719603,0.0,0.22790302541586277,0.29542112407813353,0.22243468980467346,0.24694115628252516,0.19866427706020454,0.0,0.0,0.0,0.2945554806119963,0.2685613822536749,0.2826635370083467,0.29592679685548556,0.0,0.0,0.0,0.28638013723965017,0.3016529626660691,0.0,0.0,0.0,0.0,0.0,0.0,0.0,0.2870135528954731,0.0,0.2711570255313663,0.2085746429909459,0.0,0.2880265820290408,0.2856951508461856,0.28156734238125974,0.2768048713222902,0.0,0.0,0.0,0.29347132545349686,0.0,0.3079080072401929,0.2959625754839258,0.3001757796761867,0.0,0.21578357126784373,0.0,0.0,0.2821165890422556
0.0,0.0,0.21365506641980755,0.19328812022961053,0.25652233341727204,0.2560801136469355,0.28113388513422916,0.30316116797557346,0.18348638293276115,0.2738569236610833,0.21022246655435067,0.23747579270293032,0.2834522226844686,0.25550407288303717,0.0,0.0,0.0,0.0,0.0,0.0,0.0,0.0,0.20192730077880924,0.0,0.0,0.21135489072843675,0.2537890693179935,0.2930170278352006,0.0,0.0,0.2882911754381176,0.2834585378100822,0.0,0.2916438343103885,0.0,0.2505664630107027,0.2745350979006586,0.0,0.0,0.0,0.0,0.0,0.3355035117441957,0.0,0.0,0.0,0.0,0.33571191714495724,0.0,0.0,0.0,0.0,0.0,0.0,0.0,0.2057977786731141,0.0,0.0,0.3168173738381773,0.0,0.0,0.0,0.0,0.0,0.0,0.0,0.0,0.30580001345692465,0.0,0.0,0.0,0.0,0.0,0.0,0.0,0.0
0.3137803296899357,0.28436149611857836,0.27067774912569204,0.0,0.3100062996115699,0.2645762153701593,0.33016141905263086,0.310594654956862,0.28406238569635367,0.22777665632613772,0.0,0.0,0.3114357982625817,0.0,0.2537066802469234,0.2743271364079028,0.24746664607200958,0.28879238809474345,0.0,0.0,0.2885177800423649,0.2381421168545367,0.20881575538677422,0.21897021409277392,0.2850622670842655,0.2975159505061964,0.23534304105407194,0.2955847253863023,0.2330258426641159,0.17094873433841554,0.2710854166592675,0.3385445859756356,0.31891443840065026,0.32541546692445406,0.34989906163523543,0.0,0.0,0.0,0.35014458697512346,0.2982887160238834,0.4290419793518669,0.0,0.0,0.0,0.0,0.0,0.0,0.0,0.0,0.0,0.0,0.0,0.3371902004239334,0.0,0.0,0.0,0.0,0.0,0.0,0.3152857667459688,0.27697283422226426,0.0,0.0,0.0,0.0,0.2804816423032587,0.35175611340267915,0.3398229971069939,0.0,0.0,0.0,0.0,0.3243696452491269,0.39492388567232545,0.0,0.34935424618266103
0.39513726613070765,0.32485736880957633,0.2403948063197308,0.0,0.239711427345198,0.25874504002337795,0.27819431279378015,0.22916162509274776,0.22124045171431841,0.29314487528853317,0.0,0.32316636367365686,0.29543327738257674,0.3153598372041277,0.25871721151325855,0.30816962312896484,0.0,0.3142392963864678,0.0,0.2885177800423649,0.0,0.31908645432851707,0.28106048147862167,0.40567996148655644,0.3166507064674019,0.25938442710514464,0.2680492731684066,0.29478757517578985,0.2983834057307842,0.2952340123450389,0.3073484677718345,0.3342612555314816,0.31466690329732455,0.34529991673325444,0.38731323575552573,0.2937640868690319,0.0,0.0,0.3570084268055912,0.36198403922062544,0.40758087599488146,0.41721287359900466,0.0,0.0,0.0,0.32672626363460094,0.3564013448696948,0.372340600796889,0.0,0.0,0.32954927861150773,0.0,0.2335317402027937,0.25001297946749507,0.0,0.0,0.0,0.0,0.0,0.338721927455938,0.3594373745507583,0.0,0.0,0.0,0.3416992375968453,0.2584309218100566,0.35605122587305404,0.30305731862671875,0.0,0.0,0.3579914961201488,0.33547838313361494,0.31566181815392824,0.0,0.0,0.3215261438923672
0.2999307358144146,0.25432555833747955,0.28983709056915374,0.0,0.306251763435787,0.28327280601184485,0.32806447475839484,0.30156243730045457,0.2798195443424545,0.2286546017791059,0.0,0.27511374775945585,0.32706078993741844,0.0,0.24206594229922485,0.2536874788691158,0.2448190819736134,0.2751424684319479,0.0,0.2381421168545367,0.31908645432851707,0.0,0.28354962711438014,0.22205866866424634,0.27562865697335254,0.2652605043525234,0.27706284021162525,0.33069749297524487,0.29621360791325707,0.3606928759802268,0.27095837398493994,0.34579180580549174,0.3033536837464773,0.3269356665905764,0.3580615662638136,0.0,0.0,0.0,0.36369800687296666,0.3527918230766465,0.37136022654662204,0.38901589881936943,0.0,0.0,0.0,0.31529603221092534,0.35022931865572493,0.0,0.0,0.0,0.3481183259049165,0.0,0.3347740380873849,0.0,0.0,0.0,0.0,0.0,0.0,0.35704899674058527,0.3632211173437339,0.2026355153244421,0.24619393912135795,0.0,0.3518212312944594,0.35355153261828215,0.356471249966425,0.3333484861484841,0.0,0.3096210551167912,0.3538254946216972,0.3568348257421959,0.0,0.0,0.0,0.35883479095068904
0.35702266251726406,0.292635383107346,0.20847117257974418,0.2645648411067281,0.26608433248879776,0.25976149190191583,0.2874080297206181,0.22995716976578728,0.2743019116017056,0.28282931252758786,0.22549915546013163,0.2357426561910983,0.28708240760439685,0.2500123978858403,0.24204188898778908,0.30758238844812663,0.22349143465574212,0.31181548639136986,0.20192730077880924,0.20881575538677422,0.28106048147862167,0.28354962711438014,0.0,0.4144208851653586,0.3004670456337202,0.2916589381894279,0.2372006956497229,0.2978723868898498,0.26627589962227,0.2993376577613601,0.309221737069227,0.30385196466428066,0.3129137460752627,0.3221803442138976,0.3388757551427537,0.24771313412261833,0.34682595594313786,0.0,0.3320583565293406,0.3360995077680928,0.3466715561567728,0.3550824300570286,0.2941708050699202,0.0,0.0,0.0,0.3003509036938886,0.33255825013583795,0.0,0.0,0.33719784200974845,0.332214213248079,0.29916922034437177,0.0,0.0,0.2806390258785526,0.0,0.3458821774996579,0.3173835414092125,0.3113498661468217,0.0,0.0,0.0,0.31762230538640945,0.3326643499954119,0.22648834419361605,0.3354626403604545,0.3265428139047296,0.0,0.0,0.3368480314944827,0.3324850384634243,0.33565262897374765,0.3393546078167281,0.33205075311820875,0.3391527569879801
0.3126594339386717,0.2389451741410968,0.0,0.0,0.0,0.20739493224768854,0.2686141451338646,0.3939570090014565,0.2560427066023086,0.1786479405351063,0.26681698968552575,0.192476674381023,0.2543059932398781,0.0,0.3713576253191486,0.24402579961465304,0.1970650176526703,0.25201416313980357,0.0,0.21897021409277392,0.40567996148655644,0.22205866866424634,0.4144208851653586,0.0,0.24191936098921732,0.23193602878904093,0.2285435145586801,0.2765428564236327,0.23960921597662066,0.0,0.2350556856597233,0.23897746856422944,0.18207856375506176,0.20071874419011285,0.22791072023339307,0.0,0.0,0.1686648719737355,0.0,0.22896979698586656,0.25240132651513064,0.0,0.0,0.0,0.0,0.274359432554582,0.0,0.0,0.0,0.0,0.0,0.0,0.0,0.0,0.24809114106214808,0.0,0.2496178796212339,0.0,0.0,0.0,0.0,0.2684555288225307,0.2829497321798282,0.0,0.0,0.0,0.0,0.0,0.3372726454893505,0.29817635212215754,0.31060616138939484,0.0,0.0,0.0,0.0,0.26248896424627505
0.268940855251889,0.24363668459906815,0.22145012950586768,0.0,0.0,0.2867862014839266,0.3254248718030342,0.34029853945755223,0.26871759129638995,0.20639922511062572,0.0,0.220166703548982,0.30584798378306854,0.0,0.28892962325235494,0.24852227086730763,0.20799439086953034,0.22508317468899283,0.0,0.2850622670842655,0.3166507064674019,0.27562865697335254,0.3004670456337202,0.24191936098921732,0.0,0.23811916731554464,0.2840490259063385,0.29265032170969624,0.2932370056360999,0.0,0.2197609450882267,0.2780519448448793,0.1979194267146349,0.22477781846149072,0.21929834785244,0.3246577365983425,0.0,0.14670360559692336,0.3059259912146732,0.2739333403636594,0.28259887113854254,0.3052297909249535,0.0,0.0,0.0,0.28505852706502494,0.0,0.0,0.0,0.0,0.0,0.0,0.0,0.0,0.27793823428734854,0.0,0.27547071276604873,0.2326745000165729,0.0,0.0,0.29730895895887466,0.28608563178062435,0.2866232005155639,0.0,0.0,0.0,0.2913183349725348,0.0,0.30492024622694636,0.3016401819015345,0.30365681228572394,0.0,0.2475685961167163,0.0,0.0,0.2802538406623058
0.25563850381467534,0.23464903557070974,0.22141693572857116,0.0,0.2620587374891339,0.28598345192804897,0.33136986366796395,0.34308758320042143,0.2396838684210415,0.21465164608290038,0.2005450244371442,0.21698359549530052,0.3116355333613845,0.0,0.24403967011961483,0.2985016141468604,0.21661456675080837,0.2600427217481242,0.21135489072843675,0.2975159505061964,0.25938442710514464,0.2652605043525234,0.2916589381894279,0.23193602878904093,0.23811916731554464,0.0,0.28884445680602067,0.3148647716776683,0.3145818452304574,0.0,0.2641273619179974,0.32774771280230414,0.24761342280512394,0.29356151767651806,0.35030189931434114,0.0,0.0,0.1970214809980529,0.3610706039890853,0.28774130121680547,0.31875919173194767,0.3819481643919609,0.0,0.0,0.0,0.2972176240343699,0.0,0.0,0.0,0.0,0.34350051302483037,0.0,0.0,0.0,0.26126703463869355,0.0,0.2639858964459835,0.20340843578782608,0.0,0.3756242032657696,0.3213863211318337,0.28339347706068896,0.28283985517687504,0.0,0.3949521188208869,0.0,0.3706071225777422,0.3415772787057886,0.3108610706076048,0.30270827601666606,0.2955595293389882,0.0,0.24553180851780534,0.0,0.0,0.27311103675497844
0.2858603014914201,0.2867492469723672,0.2586758495270776,0.0,0.28847731663846016,0.2439725757967927,0.29766591541335996,0.28914718329540484,0.2768980293429416,0.2689382874877363,0.26822312051049824,0.0,0.2889256731487447,0.291542396054462,0.2564606564200778,0.29490486497269713,0.21001521182212485,0.2884681945431707,0.2537890693179935,0.23534304105407194,0.2680492731684066,0.27706284021162525,0.2372006956497229,0.2285435145586801,0.2840490259063385,0.28884445680602067,0.0,0.29873706014338214,0.23424005161092776,0.2986677121172501,0.297519699392086,0.3113788895562522,0.2886204710450158,0.3206105694637963,0.33393990610086216,0.2644740656554986,0.3024429827244143,0.0,0.32996368497028417,0.0,0.34799694119552826,0.0,0.0,0.0,0.0,0.0,0.0,0.30591859284046374,0.0,0.0,0.3386992532463509,0.0,0.2953522921883546,0.0,0.0,0.32339693415200427,0.0,0.3210979362677132,0.0,0.0,0.0,0.0,0.0,0.0,0.0,0.0,0.34343863573292965,0.3311845361239721,0.0,0.0,0.0,0.3614958271240918,0.3167937568796917,0.34794194615432755,0.0,0.34348273843884053
0.3133966902619944,0.3198033707688326,0.30424798820663823,0.14806986189127588,0.2265037344442686,0.22949740524307125,0.24588062776381517,0.3130420187384016,0.29009413544909235,0.2807092841696317,0.2638872860403214,0.26437550896968354,0.20975138329490592,0.21261821626807276,0.3115638700873586,0.34345788877939537,0.3010057045951293,0.3357371714797625,0.2930170278352006,0.2955847253863023,0.29478757517578985,0.33069749297524487,0.2978723868898498,0.2765428564236327,0.29265032170969624,0.3148647716776683,0.29873706014338214,0.0,0.23394004994580334,0.1979366075529493,0.2716201033396788,0.2596913770330291,0.2520594265227321,0.2763945460571744,0.25785824201856294,0.1422705391885982,0.17863766987277904,0.2653275314850894,0.3292964506867857,0.26854772494025825,0.335767956724042,0.0,0.0,0.0,0.0,0.23679279595131617,0.2586709936692662,0.2704919642228624,0.0,0.0,0.3482488278264496,0.25858673301102464,0.31573068408908067,0.2470282119508076,0.0,0.30134584202674847,0.0,0.2993844252900493,0.0,0.0,0.25583941005251803,0.0,0.0,0.243576336561159,0.0,0.3080499506429317,0.3188364068343183,0.3446377299842253,0.0,0.23266562988938339,0.2502802515006498,0.349725997598125,0.3346667458314573,0.34305651003966636,0.2804095050487246,0.3187361640131498
0.32599185235467854,0.2913508915588662,0.24993683110425358,0.0,0.2775926183310225,0.20716222108072713,0.2865308088630113,0.2761735405408922,0.2629491717339513,0.2400605469124213,0.0,0.0,0.264353302473832,0.2651032416012725,0.2745085897050951,0.3122589429421598,0.24785678115273543,0.30615009702719603,0.0,0.2330258426641159,0.2983834057307842,0.29621360791325707,0.26627589962227,0.23960921597662066,0.2932370056360999,0.3145818452304574,0.23424005161092776,0.23394004994580334,0.0,0.2512004963519146,0.2948575918990592,0.33265162440005347,0.0,0.32953789790246313,0.3501371886553044,0.0,0.0,0.0,0.33656851216172806,0.0,0.34604598022150357,0.3438466320090775,0.0,0.0,0.0,0.0,0.0,0.28597519446496483,0.0,0.0,0.3402396925456899,0.27467273883785503,0.3139959090031736,0.2583966203789281,0.0,0.0,0.0,0.3252547408594003,0.0,0.302866060066003,0.0,0.0,0.0,0.0,0.3337435203194936,0.29316676258981517,0.35594338310848406,0.33924091388185873,0.0,0.0,0.0,0.335174021913369,0.3281368521234977,0.35292643278828834,0.3191026891822702,0.3515921598349848
0.2697564411194911,0.0,0.0,0.0,0.0,0.2927966901948221,0.0,0.3104127339095398,0.0,0.0,0.0,0.0,0.0,0.0,0.0,0.3439196498323662,0.21772964588088206,0.0,0.0,0.17094873433841554,0.2952340123450389,0.3606928759802268,0.2993376577613601,0.0,0.0,0.0,0.2986677121172501,0.1979366075529493,0.2512004963519146,0.0,0.24652356887613416,0.2868561219534362,0.0,0.26984493939902854,0.3620709134238378,0.0,0.0,0.0,0.34537131632870594,0.0,0.29804497956585907,0.36810681679895185,0.0,0.0,0.0,0.0,0.0,0.2883733248437821,0.0,0.0,0.3080696286220698,0.22875666933772348,0.30845999970674964,0.0,0.0,0.0,0.0,0.24732954416909494,0.0,0.0,0.0,0.0,0.0,0.0,0.0,0.0,0.0,0.34614195687060684,0.0,0.0,0.0,0.3251931464647625,0.0,0.0,0.3150014847365232,0.0
0.2640527743040825,0.2576618524101228,0.31109790661639963,0.20047592760020733,0.30000845341432447,0.29246886328451394,0.3115101364635822,0.3236349902368953,0.30093211041434476,0.19977524224110588,0.292888981672526,0.2189816476880034,0.29486376922942414,0.0,0.3111929545516303,0.21392823801997116,0.19607870480473474,0.22790302541586277,0.2882911754381176,0.2710854166592675,0.3073484677718345,0.27095837398493994,0.309221737069227,0.2350556856597233,0.2197609450882267,0.2641273619179974,0.297519699392086,0.2716201033396788,0.2948575918990592,0.24652356887613416,0.0,0.32476794884625415,0.22798658914572834,0.2106081739021938,0.29422355248720367,0.0,0.2725804041487177,0.2751401922907257,0.3353418873406027,0.2730466356303346,0.291693167592654,0.33895502293102037,0.0,0.0,0.0,0.2770444188156734,0.32175264007160576,0.0,0.0,0.0,0.3423488434046439,0.0,0.3399562977231184,0.0,0.24188388536520702,0.0,0.2592803677135833,0.18779497631487824,0.0,0.3391126395930475,0.30182068947723,0.2638820805244671,0.27085370710256046,0.0,0.35990389989978766,0.0,0.340081572556585,0.34388505837803823,0.29127474731852315,0.2858615939264879,0.29389423223562194,0.3513979894500104,0.36630319703454045,0.36628083765634983,0.2993836451836605,0.24232921146947817
0.3247568389136193,0.31302824801294504,0.29943556376969027,0.1920621798961721,0.27001047289752167,0.3147035530638756,0.2645346396638505,0.2987396476672106,0.283016588252969,0.23598669807442563,0.27164816752814125,0.2013811319157545,0.258499253176037,0.0,0.3434897163946745,0.31683262385348754,0.2668073113920617,0.29542112407813353,0.2834585378100822,0.3385445859756356,0.3342612555314816,0.34579180580549174,0.30385196466428066,0.23897746856422944,0.2780519448448793,0.32774771280230414,0.3113788895562522,0.2596913770330291,0.33265162440005347,0.2868561219534362,0.32476794884625415,0.0,0.26880947675382666,0.2943433345218135,0.26991951453134594,0.1577733715758146,0.20411656555843613,0.1959167526723144,0.33899747703197325,0.33559398057854845,0.35143603596894113,0.3179788242588889,0.0,0.0,0.0,0.32691770028091705,0.339016658280019,0.30638953837586097,0.0,0.0,0.3396385194930604,0.0,0.3258842383226712,0.0,0.27324536137160355,0.0,0.0,0.3515496896528905,0.0,0.3478249502473885,0.35920551072667195,0.2640248644154852,0.2902169911788594,0.3047933016456378,0.34626861428821715,0.33378183363182984,0.3615788937162158,0.3364784406253064,0.0,0.2971724887849596,0.3499701656297325,0.339220437631012,0.33767993966150933,0.3455710820985377,0.3427084988661395,0.35311644234577033
0.2734941804379769,0.29715081520683884,0.0,0.0,0.0,0.2826920454381298,0.0,0.35306927126085386,0.0,0.1560895184903963,0.0,0.17887418828620555,0.0,0.0,0.30778957699127757,0.2526374394656769,0.17322104807269106,0.22243468980467346,0.0,0.31891443840065026,0.31466690329732455,0.3033536837464773,0.3129137460752627,0.18207856375506176,0.1979194267146349,0.24761342280512394,0.2886204710450158,0.2520594265227321,0.0,0.0,0.22798658914572834,0.26880947675382666,0.0,0.18498137546372462,0.3184195315394507,0.0,0.19984463757327098,0.1718534882369555,0.32823154809831184,0.2609091279554706,0.2860560214391213,0.3654644007185375,0.0,0.0,0.0,0.28215572541357625,0.3427244757984497,0.0,0.0,0.0,0.0,0.0,0.0,0.0,0.24665437273348073,0.0,0.25087429626228436,0.21537915442190952,0.0,0.34859449682307025,0.30084902330900454,0.2665013054945898,0.2575841482275573,0.0,0.0,0.0,0.34938853063603015,0.33191191950199833,0.2639088614143443,0.28319781270392574,0.2896758007845578,0.0,0.24792737688430974,0.0,0.0,0.26122554373264084
0.31574426999723926,0.28440284598661536,0.3171953016633848,0.16908323468272257,0.2899207948930908,0.31765415943235437,0.31934898560721925,0.32662023288504183,0.3003019638532515,0.19272848139852172,0.2831499895208183,0.20693183087189065,0.2883472409448341,0.2640964933596272,0.35265953399610245,0.25269534624705825,0.22153879734471524,0.24694115628252516,0.2916438343103885,0.32541546692445406,0.34529991673325444,0.3269356665905764,0.3221803442138976,0.20071874419011285,0.22477781846149072,0.29356151767651806,0.3206105694637963,0.2763945460571744,0.32953789790246313,0.26984493939902854,0.2106081739021938,0.2943433345218135,0.18498137546372462,0.0,0.2976227109411875,0.21748607371356452,0.22283814659822496,0.17754527290501465,0.3537989648592889,0.3063602925756815,0.3298943613843682,0.38069604345937513,0.0,0.0,0.0,0.29929148545008843,0.3355454337169277,0.27482033396214456,0.0,0.0,0.3540489881472642,0.26988504403182645,0.3409433954443,0.0,0.2601108217411689,0.0,0.26832268716510344,0.29571011326142155,0.0,0.3709692052070907,0.3225720559085741,0.25918115989920626,0.2718974885290267,0.2539823023937695,0.3496263336641223,0.3774519006273807,0.3659929542094565,0.3516441747029004,0.28667742467522145,0.2870266517487267,0.3315423976733293,0.3514500815521068,0.34871716931200686,0.35989372732398567,0.32520938202783584,0.27842403732416293
0.38006514893711246,0.34463651817914054,0.2994983208049647,0.16771347158084823,0.0,0.3246843558325269,0.30065974720050165,0.0,0.28299757488969945,0.1829975818704638,0.27421716470725543,0.26715295486133683,0.28397782422726237,0.0,0.37305414849781693,0.3017247127418148,0.2127179309411265,0.19866427706020454,0.0,0.34989906163523543,0.38731323575552573,0.3580615662638136,0.3388757551427537,0.22791072023339307,0.21929834785244,0.35030189931434114,0.33393990610086216,0.25785824201856294,0.3501371886553044,0.3620709134238378,0.29422355248720367,0.26991951453134594,0.3184195315394507,0.2976227109411875,0.0,0.1399899744869875,0.21771353883557032,0.20151873458050942,0.33338937889851356,0.3679641953794207,0.37742657877043784,0.3342637855779388,0.0,0.0,0.0,0.35855095232410317,0.0,0.0,0.0,0.0,0.3356844229295231,0.0,0.3485933553774285,0.0,0.2556760389572906,0.0,0.0,0.0,0.0,0.3809189495349576,0.343726328587026,0.23412031732327357,0.2769441057065012,0.0,0.37780516710271056,0.3770733728565066,0.38041137168490946,0.35665182716367183,0.0,0.0,0.3608235470424331,0.3698643660096126,0.0,0.3622011015339623,0.0,0.0
0.3555068076573584,0.0,0.2797086101754786,0.1260266804671845,0.1303049224708616,0.27755252265283575,0.15719470426522883,0.2321535196901147,0.24345549021476987,0.2671985735090457,0.19968843770645178,0.0,0.22464825723208257,0.15856271765803298,0.0,0.0,0.0,0.0,0.2505664630107027,0.0,0.2937640868690319,0.0,0.24771313412261833,0.0,0.3246577365983425,0.0,0.2644740656554986,0.1422705391885982,0.0,0.0,0.0,0.1577733715758146,0.0,0.21748607371356452,0.1399899744869875,0.0,0.10793584363303309,0.0,0.0,0.0,0.0,0.0,0.0,0.0,0.0,0.0,0.0,0.0,0.0,0.0,0.0,0.0,0.2374395348474226,0.0,0.0,0.0,0.0,0.0,0.0,0.0,0.0,0.0,0.0,0.0,0.0,0.0,0.0,0.0,0.0,0.0,0.0,0.0,0.0,0.0,0.0,0.0
0.0,0.0,0.2800029406601547,0.12554932635208127,0.12688094931995497,0.0,0.1823097272585469,0.3035995644511302,0.2566650642735285,0.2227756099904201,0.23998588705875845,0.23492834758208828,0.2214682200576774,0.10972913196904899,0.0,0.0,0.0,0.0,0.2745350979006586,0.0,0.0,0.0,0.34682595594313786,0.0,0.0,0.0,0.3024429827244143,0.17863766987277904,0.0,0.0,0.2725804041487177,0.20411656555843613,0.19984463757327098,0.22283814659822496,0.21771353883557032,0.10793584363303309,0.0,0.21189684474612316,0.0,0.0,0.0,0.0,0.0,0.0,0.0,0.0,0.0,0.0,0.0,0.0,0.0,0.0,0.0,0.0,0.0,0.0,0.1820556224963327,0.0,0.0,0.0,0.0,0.0,0.0,0.0,0.0,0.0,0.0,0.0,0.0,0.0,0.0,0.0,0.0,0.0,0.0,0.0
0.0,0.0,0.0,0.0,0.0,0.0,0.2809820997221758,0.0,0.23915682058211843,0.18794497146408418,0.25163050855948405,0.1719623471118801,0.2527241043960495,0.0,0.0,0.0,0.1360695837158984,0.0,0.0,0.0,0.0,0.0,0.0,0.1686648719737355,0.14670360559692336,0.1970214809980529,0.0,0.2653275314850894,0.0,0.0,0.2751401922907257,0.1959167526723144,0.1718534882369555,0.17754527290501465,0.20151873458050942,0.0,0.21189684474612316,0.0,0.28456354882828566,0.0,0.0,0.0,0.0,0.0,0.0,0.0,0.0,0.0,0.0,0.0,0.0,0.0,0.0,0.0,0.0,0.0,0.0,0.0,0.0,0.0,0.0,0.0,0.0,0.0,0.0,0.0,0.0,0.0,0.0,0.0,0.0,0.0,0.0,0.0,0.0,0.0
0.3283187922550085,0.34759837789926024,0.0,0.0,0.0,0.33164634820006067,0.0,0.31515732728200013,0.0,0.27306798280689737,0.0,0.24803833524656385,0.36225197643513785,0.0,0.36275448118498915,0.3248738133001931,0.2809021935437071,0.2945554806119963,0.0,0.35014458697512346,0.3570084268055912,0.36369800687296666,0.3320583565293406,0.0,0.3059259912146732,0.3610706039890853,0.32996368497028417,0.3292964506867857,0.33656851216172806,0.34537131632870594,0.3353418873406027,0.33899747703197325,0.32823154809831184,0.3537989648592889,0.33338937889851356,0.0,0.0,0.28456354882828566,0.0,0.24012813807364916,0.30877927582028364,0.26693954583114154,0.15328941076029245,0.17801762778291888,0.2062417679721888,0.31769116341048065,0.31933610096601417,0.2728914297680073,0.18061190682159556,0.2632350394649062,0.30219078325847315,0.27565501289928723,0.28672633802855846,0.2724750834293964,0.23130468095594472,0.26264393695959715,0.1843523893054546,0.27527765831759676,0.11542323368686132,0.3528691613941609,0.31572531546295846,0.2804365171667171,0.29711230819450934,0.27043060964521265,0.34961277525989154,0.34726922994397036,0.3533564894567911,0.3044100076909909,0.23733391605559945,0.29172765764661873,0.3208272304870265,0.3172283568970032,0.25946776787679376,0.33675585406295877,0.27803949764470187,0.2878001724012362
0.27834626261779305,0.31759701066995955,0.0,0.0,0.0,0.26761376433436823,0.0,0.0,0.0,0.21232185111529026,0.0,0.2191388771747055,0.0,0.0,0.3452333427977429,0.29594734704128356,0.235329495657489,0.2685613822536749,0.0,0.2982887160238834,0.36198403922062544,0.3527918230766465,0.3360995077680928,0.22896979698586656,0.2739333403636594,0.28774130121680547,0.0,0.26854772494025825,0.0,0.0,0.2730466356303346,0.33559398057854845,0.2609091279554706,0.3063602925756815,0.3679641953794207,0.0,0.0,0.0,0.24012813807364916,0.0,0.1978993681467363,0.2685458505231371,0.0,0.0,0.1990138227608336,0.26283994390191034,0.28964560073475754,0.0,0.0,0.254258476598323,0.32794629250692714,0.24372458572092337,0.31917329989586385,0.2615024186657862,0.2363227467968333,0.26894040544469994,0.19551799785237037,0.27649200470576557,0.0,0.31402068925037047,0.2742114476524434,0.2442985548408106,0.25028488459812187,0.24566796702345386,0.31412780560021814,0.32974764384651756,0.32026710417829857,0.30112774882929566,0.19843784283798485,0.24658796381139061,0.25554546235052805,0.3170333809804198,0.2501224599520142,0.0,0.0,0.24818330653927428
0.3119610837476627,0.34538111779032254,0.0,0.0,0.0,0.35110523326023907,0.0,0.33330748670824234,0.0,0.2278097231416871,0.0,0.23600555432282588,0.0,0.0,0.40178109024545966,0.32768961089095744,0.22873726098366703,0.2826635370083467,0.0,0.4290419793518669,0.40758087599488146,0.37136022654662204,0.3466715561567728,0.25240132651513064,0.28259887113854254,0.31875919173194767,0.34799694119552826,0.335767956724042,0.34604598022150357,0.29804497956585907,0.291693167592654,0.35143603596894113,0.2860560214391213,0.3298943613843682,0.37742657877043784,0.0,0.0,0.0,0.30877927582028364,0.1978993681467363,0.0,0.31286396359058943,0.0,0.18005833719439635,0.19203925743049205,0.28104643387330897,0.29676493951957145,0.293602776990044,0.20014532897537818,0.2778271443324706,0.34100427697382313,0.30411072494580094,0.31685570602960655,0.28916472562160533,0.23101336768207614,0.27414787794663054,0.2076789669792135,0.2874804540579954,0.3073090798010732,0.35754988671056265,0.24723723891468358,0.24172482965574107,0.2534446870769806,0.2857538930363769,0.33031788931333705,0.43526897772503914,0.33234940340398206,0.3191710432459855,0.211614635150014,0.25401177676025105,0.28607903582032523,0.327406017473763,0.2719686293776221,0.3241002241774628,0.27646895181347264,0.21795561929379745
