0.0,0.39476041344505924,0.0,0.0,0.290298924419051,0.33500371031272747,0.30064064963966186,0.4836212254806161,0.0,0.0,0.0,0.32990823623979615,0.3493186748080163,0.4729777002223955,0.3674473642717037,0.39311224921528903,0.0,0.3807837941826334,0.0,0.38845283899894184,0.388814421667275,0.4058110635863567,0.4246807000524324,0.3347443078424981,0.3788163102135201,0.3527833674118757,0.4011405786890628,0.36057880014860955,0.36987085797588454,0.0,0.3411025031174571,0.3876073422845827,0.3395567452673871,0.33290156749162353,0.3760408914876747,0.0,0.0,0.0,0.46884313572390174,0.4741002046601534,0.4884796184780378,0.0,0.0,0.0,0.0,0.43461511357011035,0.5120518932955337,0.0,0.0,0.0,0.4167794645359365,0.0,0.0,0.0,0.407710195632462,0.0,0.0,0.0,0.0,0.4615145909100998,0.4855905622040678,0.0,0.43642335418170813,0.0,0.0,0.4451303298819927,0.4846395310490299,0.0,0.39438102543788695,0.45488132818144494,0.5040697784322054,0.0,0.0,0.486129251523826,0.0,0.4297912281527017
0.39476041344505924,0.0,0.0,0.0,0.3554863425412885,0.3881995629275598,0.3885143386044081,0.47478188033324187,0.3588315510071044,0.27069044673036874,0.0,0.28673218471423173,0.4104269034010508,0.0,0.3947905749805664,0.3950339408954561,0.0,0.37862739792778005,0.0,0.4007123026604516,0.4169486292540159,0.3798989346478916,0.4077173171716164,0.0,0.3865814974000131,0.3943236296995934,0.3933481197449045,0.40548147642679877,0.3895999556477974,0.3828940916098024,0.3404614269521715,0.3956616176477974,0.3441604028995038,0.34563746620747837,0.37447577121892417,0.40265392108755665,0.0,0.0,0.4679204438147782,0.4578001160703467,0.46107416964408393,0.48561241655340825,0.33568145715655984,0.0,0.0,0.4719006346324981,0.48324185970884703,0.0,0.0,0.0,0.4356726270242927,0.33496226125061235,0.0,0.0,0.0,0.0,0.0,0.3186667155882561,0.0,0.4873713691106874,0.47359137947500896,0.36142667734851947,0.4700311501068363,0.0,0.4719452004459191,0.4824281675144401,0.4753844339439361,0.4715908928212565,0.0,0.48686010447856193,0.5037655425867836,0.47416791004656783,0.34802375196737273,0.4759807282640124,0.0,0.4535415337115524
0.0,0.0,0.0,0.35007319100335155,0.37555923546010117,0.39209760591245274,0.3906415053347877,0.45131059264935885,0.27370042329597327,0.3875640315130197,0.31820962793673124,0.33286583793164437,0.4125083783483152,0.40490362901979127,0.0,0.0,0.0,0.0,0.2649996270653677,0.0,0.0,0.0,0.29830852602321006,0.0,0.32372633622937036,0.3435701774654658,0.29837688240904553,0.4096696170009826,0.0,0.0,0.4180610970180255,0.3837486876262125,0.0,0.40126519445322156,0.42041689159137613,0.3961362092385699,0.3808476173249128,0.0,0.5066008152871292,0.0,0.0,0.3058740516831833,0.4946617159268978,0.0,0.0,0.0,0.0,0.5747486727681402,0.0,0.5201329175633346,0.5306091672419584,0.5050984597805216,0.5197715137870743,0.555794554552623,0.0,0.5610239838447986,0.0,0.5023346380637559,0.5254145206062021,0.0,0.0,0.0,0.0,0.5809951909906907,0.0,0.0,0.0,0.5437117947747068,0.0,0.0,0.0,0.5464717924207101,0.4447426566760398,0.3998636063983168,0.0,0.0
0.0,0.0,0.35007319100335155,0.0,0.23169920111015027,0.36985291454906793,0.24688126730995538,0.33083125669823926,0.3515266902892148,0.20600059826082148,0.34268762595274166,0.2512333601116281,0.30151256913528784,0.22272492309568728,0.0,0.0,0.0,0.0,0.3336657329806015,0.0,0.0,0.0,0.3654424886244873,0.0,0.0,0.0,0.3604089781819903,0.20242338830518544,0.3308360839150119,0.0,0.0,0.25674618317441433,0.0,0.2488679268951551,0.25451344932845876,0.1776731338581532,0.14940331322436193,0.2610243514352431,0.22807983832237913,0.0,0.25599429688544384,0.2869217222224005,0.26458297459335417,0.22606040326271393,0.0,0.0,0.0,0.0,0.0,0.0,0.0,0.0,0.0,0.0,0.0,0.3390263739754316,0.2225356001420883,0.0,0.0,0.0,0.0,0.0,0.0,0.0,0.0,0.0,0.0,0.0,0.0,0.0,0.0,0.3067165299405874,0.1914122860832052,0.0,0.0,0.0
0.290298924419051,0.3554863425412885,0.37555923546010117,0.23169920111015027,0.0,0.36493059255503607,0.3227428837079386,0.37651133403798914,0.32886669777039956,0.42247983042572024,0.3152432464364785,0.37498481643307263,0.3504374741259434,0.2945162114294824,0.0,0.0,0.3916030995243801,0.39635501706084847,0.3478557539390136,0.37783115554324265,0.3027208945006015,0.389012011421026,0.37667171982346936,0.39135436244386734,0.4192037229983542,0.38550313631709615,0.38815287450229197,0.3094914893106179,0.3560193338626325,0.0,0.414187924204954,0.3545966467106775,0.36335307647600096,0.41302554394448127,0.422589780939071,0.23326385702578525,0.23157892927207815,0.37535560873122037,0.37648588470908934,0.0,0.32496806715270266,0.34392422253981775,0.434627684493539,0.0,0.0,0.0,0.0,0.4964812543631329,0.0,0.44157286391468975,0.4635639607278069,0.403470100815163,0.44898202564679485,0.46134318261964247,0.0,0.47747573094498336,0.3877980481328845,0.35584008838938774,0.0,0.0,0.0,0.0,0.0,0.48744626030088545,0.0,0.0,0.0,0.5017059880656742,0.0,0.0,0.0,0.4797859454460791,0.3678674722674399,0.3634754592771216,0.0,0.0
0.33500371031272747,0.3881995629275598,0.39209760591245274,0.36985291454906793,0.36493059255503607,0.0,0.3924029789939497,0.38574334074113104,0.329249794902196,0.41771204112924876,0.358250693027939,0.35745001425754713,0.3738416147215157,0.4056079000872554,0.3713463915297562,0.3847654637434747,0.3298910140937582,0.33950771018153475,0.3544265718533194,0.37534001424765784,0.36310136661892883,0.3876352584430882,0.3765162056236448,0.32368767420679406,0.3757859696217339,0.38832055472156274,0.3760939594626699,0.36161174347345415,0.31713029635585177,0.3701043780244681,0.4044583106232141,0.38327033085117873,0.35002502557887616,0.40526276182434556,0.4133141757753241,0.40010160050157206,0.39808406437332045,0.3754259508138555,0.48344598394906385,0.34661313525983567,0.46422057870637584,0.46122065099351994,0.4063011343574656,0.2873911085881171,0.0,0.0,0.3626553701911657,0.5385602414754701,0.0,0.45849050468625335,0.5011128991695506,0.49365956200499134,0.4522618283458901,0.536165138862218,0.0,0.5271802825898171,0.35121266840525533,0.499978430963803,0.42633951152100924,0.4545466562512286,0.308723491189223,0.0,0.28523259513041366,0.5418391613980197,0.4522574907815735,0.4069287454520332,0.42493760056326524,0.5003242493230128,0.29056068794371837,0.30590701306259793,0.41981078556341045,0.49710280182806016,0.4899959021882618,0.47883236229870435,0.46361879313905024,0.49291413212508167
0.30064064963966186,0.3885143386044081,0.3906415053347877,0.24688126730995538,0.3227428837079386,0.3924029789939497,0.0,0.39697243735800414,0.35577814743433894,0.4064186115737023,0.38248305101694585,0.3708859756529582,0.321949634027983,0.3113338016326939,0.36439146416838386,0.3483615693100178,0.3947908270818779,0.38295683611355374,0.38817152261758464,0.39300877839372766,0.34720907231715603,0.4129457506976541,0.3795346085605175,0.4087507660535639,0.3908917976135421,0.4011788552420928,0.39164085953597677,0.3183679769734857,0.39841114637932706,0.0,0.39206288687781327,0.3757490724452147,0.3551790619589346,0.39411872980124807,0.39959830191290024,0.279898748680642,0.27763737814949874,0.38288705443071336,0.28079500596094303,0.4269102858908139,0.28738580465228053,0.35226751814490964,0.3691098455141662,0.2733471419805222,0.38228172636351193,0.0,0.331465858360583,0.4581293437282339,0.0,0.38234110430806884,0.4415073867597703,0.3872931694537239,0.37610042932223436,0.4339777103557544,0.3739641130716517,0.42012869637223466,0.34886729183406406,0.3663861759414191,0.0,0.36646973623216694,0.0,0.0,0.0,0.43154664677712207,0.36238195464034845,0.0,0.3429298109592917,0.4895572518136975,0.24635670223115658,0.0,0.3233384759302291,0.4668906912307078,0.3577430116064594,0.36909833676021475,0.0,0.35478581837071066
0.4836212254806161,0.47478188033324187,0.45131059264935885,0.33083125669823926,0.37651133403798914,0.38574334074113104,0.39697243735800414,0.0,0.44735684636440864,0.3968366709935025,0.35265293079416726,0.40839603558738985,0.407315843156178,0.3323952964166065,0.4457423754244182,0.45512357097947975,0.0,0.45657273644702745,0.42031689314235754,0.0,0.3942179149162695,0.44840001424086073,0.3671553424900724,0.49552960412833086,0.46833799841825297,0.47930724170067907,0.40949634948313995,0.3922147793377402,0.35239460869625555,0.3751546770183344,0.4283899238221089,0.33495890236875786,0.4674795379704854,0.41755815327021156,0.39735619747592704,0.27893553140029,0.0,0.39102159544867854,0.4599536345098246,0.0,0.4679498174469494,0.0,0.42340922450788676,0.0,0.0,0.0,0.0,0.5205639341002919,0.0,0.4697078927377715,0.4837154804077549,0.4767076575878893,0.41186717594439765,0.5215217071593018,0.0,0.4856779505538545,0.0,0.4837264730085761,0.46875599698346654,0.5394550272841944,0.0,0.0,0.0,0.5141826098601918,0.5029640494399359,0.4327606278160899,0.0,0.4799018291951005,0.0,0.0,0.0,0.48162566131574186,0.47468498579416674,0.4734018350872022,0.0,0.490898012452267
0.0,0.3588315510071044,0.27370042329597327,0.3515266902892148,0.32886669777039956,0.329249794902196,0.35577814743433894,0.44735684636440864,0.0,0.42137151534765915,0.3016695237801052,0.3688556498501387,0.35528991568347273,0.3944294192327753,0.26845802754349357,0.0,0.3407682697863114,0.3249428903639341,0.2632319993501898,0.37986147024855704,0.2923641788637959,0.3660299403313418,0.3738443180519612,0.3862319990491377,0.35111760394261377,0.33596284115169556,0.36009135057970915,0.414304143329898,0.3557034631050176,0.0,0.42743950757089527,0.3982609941184801,0.3575534591574191,0.41878427004580854,0.4125021783493661,0.3822630810615088,0.38652330879713176,0.39454323823417553,0.49204181504319155,0.0,0.2975468296534949,0.306762705978396,0.47975068500140583,0.2640531349766543,0.0,0.0,0.0,0.5424580933887874,0.0,0.48054921375952314,0.5168212515457573,0.47594544294859153,0.512969564374516,0.5222439453171446,0.0,0.5270801917658475,0.35334894341078554,0.43999009894899116,0.5091662893045242,0.0,0.0,0.0,0.0,0.5432261101422732,0.0,0.0,0.0,0.534501972049728,0.0,0.0,0.0,0.5212806446825371,0.41509999564162364,0.386274940233357,0.0,0.0
0.0,0.27069044673036874,0.3875640315130197,0.20600059826082148,0.42247983042572024,0.41771204112924876,0.4064186115737023,0.3968366709935025,0.42137151534765915,0.0,0.429199852396544,0.25845247518286585,0.3948118075591673,0.412047172903876,0.0,0.36144636107246303,0.30063033983093185,0.31624477574460846,0.4097809055613025,0.0,0.4379130523791662,0.35237682545693455,0.3959355168124653,0.30219143488047706,0.31387679492041376,0.33330656928429947,0.40404993531159816,0.37594026612699966,0.0,0.0,0.32435438825393786,0.2972312013778048,0.30146617549796645,0.3144874284187961,0.3231104416033656,0.273929395213405,0.2871357601888064,0.27332533309507745,0.2378152505516068,0.3341234355533799,0.32644948611764607,0.370148827827025,0.0,0.2574698395212297,0.32560137003135425,0.4106236157383532,0.0,0.0,0.0,0.0,0.0,0.3897430951755257,0.36455021278619676,0.0,0.4140192787910927,0.0,0.4013869945523332,0.3902861533409856,0.0,0.0,0.0,0.422839315609085,0.3571371274254811,0.0,0.0,0.0,0.0,0.0,0.39172564696459566,0.419017061707205,0.43381458192584244,0.34755748079382326,0.4101644022791306,0.0,0.0,0.3960316357416886
0.0,0.0,0.31820962793673124,0.34268762595274166,0.3152432464364785,0.358250693027939,0.38248305101694585,0.35265293079416726,0.3016695237801052,0.429199852396544,0.0,0.390506134667062,0.4120260162026453,0.29088146710368995,0.0,0.3171795605166024,0.3587633397583447,0.34592766970592315,0.25753614792732277,0.0,0.0,0.0,0.28880770275393586,0.4155055648555112,0.3661580108540154,0.3245312120724228,0.3615865359037756,0.41227748107573164,0.0,0.0,0.43186760197232416,0.3784052220017904,0.34640321029076115,0.4266688357234866,0.4262512920652098,0.3389367274216653,0.3864855633442386,0.3919317499662804,0.4359059001452267,0.0,0.32281093525078014,0.3102162606510997,0.4472560206509988,0.0,0.0,0.0,0.0,0.30091438691671757,0.0,0.462345169200601,0.4726827436698955,0.42948448383671356,0.46157675992989455,0.38136526886782557,0.0,0.2986420135231911,0.32927806131725923,0.43169774351083134,0.0,0.0,0.0,0.0,0.0,0.2879819035047713,0.0,0.0,0.0,0.5085418398186512,0.0,0.0,0.0,0.5032673945154202,0.37262140163139407,0.0,0.0,0.0
0.32990823623979615,0.28673218471423173,0.33286583793164437,0.2512333601116281,0.37498481643307263,0.35745001425754713,0.3708859756529582,0.40839603558738985,0.3688556498501387,0.25845247518286585,0.390506134667062,0.0,0.3753349498716237,0.32269369247951213,0.28862066729189867,0.31513834336482005,0.3488922716575887,0.3616239331461216,0.3644644257333389,0.0,0.38739047949663663,0.0,0.3535567713464693,0.2724054500429943,0.34838698465335016,0.32513476258719826,0.3556774456245268,0.35595505714556336,0.0,0.0,0.32086827596940193,0.20665307166906893,0.2579428586231654,0.2405591828011991,0.2732503003879446,0.29617774551740567,0.279085824970942,0.21297187536349016,0.29001288411634946,0.35290622760569546,0.3095698584404608,0.3241366181265501,0.0,0.0,0.33329199287724687,0.3740620420531765,0.0,0.0,0.0,0.0,0.0,0.3647911030093054,0.0,0.0,0.42659214077345414,0.0,0.4145389106489733,0.3991862613874378,0.0,0.0,0.0,0.42905839188078804,0.42427766413917517,0.0,0.0,0.0,0.0,0.0,0.3973607255007185,0.4328343846162494,0.4412061652060908,0.0,0.4248826950150816,0.0,0.0,0.41623928223317863
0.3493186748080163,0.4104269034010508,0.4125083783483152,0.30151256913528784,0.3504374741259434,0.3738416147215157,0.321949634027983,0.407315843156178,0.35528991568347273,0.3948118075591673,0.4120260162026453,0.3753349498716237,0.0,0.3381317154462608,0.39332722658503594,0.4122569547591701,0.40033495203367325,0.38220722738028223,0.41397115393429507,0.39656319600088297,0.38744408251824053,0.4221517106136434,0.3942004179544489,0.3944875852755758,0.40670699772451235,0.40597051877185436,0.402587536645363,0.3144786260135221,0.3693773613150802,0.3488396741955446,0.3637435786354147,0.3855849801482938,0.3722514853364775,0.3924277227046511,0.3948756390776494,0.30659747049276415,0.33321948341171975,0.3968946399918426,0.35176774804309546,0.35162386603439,0.324579697029548,0.35085148982690273,0.3736849733106507,0.2584211589936738,0.4268897165551385,0.0,0.3093010983212948,0.4852089238543485,0.0,0.36310818622749635,0.4944594915590754,0.4011954675833612,0.4368973719597209,0.4238649933896993,0.3788431977772337,0.4511221966020878,0.3525358505850765,0.38664110876258984,0.0,0.38383948703768916,0.29326079158653645,0.36699460345535073,0.0,0.44970717036057367,0.42451907490186674,0.39228051481131687,0.3310083849419447,0.49622865560758034,0.0,0.3317905810752259,0.3614622401585154,0.4917339665427614,0.41926873070655385,0.4490346441944274,0.0,0.39271755665897623
0.4729777002223955,0.0,0.40490362901979127,0.22272492309568728,0.2945162114294824,0.4056079000872554,0.3113338016326939,0.3323952964166065,0.3944294192327753,0.412047172903876,0.29088146710368995,0.32269369247951213,0.3381317154462608,0.0,0.0,0.0,0.0,0.0,0.3581282068268868,0.0,0.4423871895114584,0.0,0.3709229150016122,0.4186856219799311,0.3832058459853916,0.0,0.4266553409739003,0.26266018832023297,0.0,0.0,0.41053543196401243,0.29023453524319465,0.0,0.4058795649927003,0.4614730390288632,0.20260688651995865,0.15485548174223743,0.3409516554209394,0.5033744806765124,0.0,0.0,0.0,0.4241634973798719,0.0,0.0,0.0,0.0,0.49441521241423514,0.0,0.5158230416565206,0.4095537013350842,0.0,0.4531225876643565,0.5011996842774057,0.0,0.4652431146240917,0.0,0.0,0.0,0.0,0.0,0.0,0.0,0.4684053914077874,0.0,0.0,0.0,0.4931069320103565,0.0,0.0,0.0,0.45743769873701895,0.0,0.0,0.0,0.0
0.3674473642717037,0.3947905749805664,0.0,0.0,0.0,0.3713463915297562,0.36439146416838386,0.4457423754244182,0.26845802754349357,0.0,0.0,0.28862066729189867,0.39332722658503594,0.0,0.0,0.3945526878046399,0.0,0.3766134062928505,0.0,0.31945294004269037,0.3883053272100334,0.3509027443797181,0.36036009768153987,0.38010456340401005,0.37574976203392113,0.35185650784115335,0.33747872177843896,0.3883113894155994,0.3728596247366333,0.3853959503211933,0.3698596777797854,0.3863708975897114,0.36559471054385667,0.383258269265618,0.42076119459162237,0.46166511948763517,0.0,0.0,0.4835425959466174,0.48544892316544674,0.49589678329238684,0.5035967913042918,0.40633146174190726,0.0,0.0,0.0,0.49338874316101433,0.0,0.0,0.0,0.4803825167092914,0.3700708041371096,0.5103051746745487,0.0,0.0,0.0,0.0,0.4165232184882528,0.0,0.504370146871395,0.45968175313851717,0.0,0.3424606911351635,0.0,0.4827560462555957,0.47124985362192306,0.5033913352785496,0.49490157969568027,0.0,0.3648116334757839,0.5171374321529767,0.5018469329237459,0.47893508849511707,0.49862440527212853,0.47608924887383147,0.48396471672050023
0.39311224921528903,0.3950339408954561,0.0,0.0,0.0,0.3847654637434747,0.3483615693100178,0.45512357097947975,0.0,0.36144636107246303,0.3171795605166024,0.31513834336482005,0.4122569547591701,0.0,0.3945526878046399,0.0,0.3992778096526706,0.35772370066334147,0.0,0.3647763906937582,0.39929651025495805,0.3563105360854351,0.4115616280194261,0.356546373297607,0.4152519733671799,0.4054093584367391,0.3962535242812798,0.3821015280762346,0.3916954649158251,0.3698930122275539,0.3621008093186619,0.4163747522235669,0.36827867768343825,0.3766788760718932,0.42012548387962273,0.0,0.0,0.0,0.43866103090256464,0.4352799985384737,0.44123570908332593,0.461816772892756,0.30376580137641235,0.0,0.0,0.45207536194286474,0.4734049221079975,0.0,0.0,0.0,0.3311103712784092,0.3309569829942547,0.0,0.0,0.30350588324391126,0.0,0.0,0.3318803712160185,0.0,0.47034268889204384,0.4620933606484836,0.28957107283891914,0.4347853374075096,0.0,0.4322081471145471,0.44580358252568203,0.46546710072197095,0.3701349477784463,0.0,0.4564910455242218,0.48316950502073586,0.40775080939542646,0.33703087526439685,0.40520597543604564,0.0,0.4336571686448709
0.0,0.0,0.0,0.0,0.3916030995243801,0.3298910140937582,0.3947908270818779,0.0,0.3407682697863114,0.30063033983093185,0.3587633397583447,0.3488922716575887,0.40033495203367325,0.0,0.0,0.3992778096526706,0.0,0.2984343291433705,0.3546987862344634,0.3398470119782733,0.0,0.3440186475886388,0.3273675169762633,0.3722282023178325,0.34284076150126,0.4003489779855265,0.3422514697822334,0.39222472764030175,0.0,0.0,0.3480599412505764,0.4233651957922634,0.3471938625799475,0.3660911637976605,0.36847366856498687,0.4177814677467511,0.0,0.32680803618584775,0.41150774023050235,0.3737995174259883,0.3967178091097304,0.0,0.0,0.0,0.0,0.0,0.3912710723072621,0.0,0.0,0.0,0.0,0.0,0.0,0.0,0.44209090010906127,0.0,0.42124241122491207,0.3249100717169606,0.0,0.0,0.0,0.4303680281935481,0.41434091093032815,0.0,0.0,0.0,0.0,0.0,0.4345638089335493,0.4350774918932724,0.4616467138291218,0.0,0.3774069450516611,0.0,0.0,0.3854934223692622
0.3807837941826334,0.37862739792778005,0.0,0.0,0.39635501706084847,0.33950771018153475,0.38295683611355374,0.45657273644702745,0.3249428903639341,0.31624477574460846,0.34592766970592315,0.3616239331461216,0.38220722738028223,0.0,0.3766134062928505,0.35772370066334147,0.2984343291433705,0.0,0.35119856555577494,0.372043127815436,0.39213042789770736,0.3829378885823412,0.4008968246524721,0.35551374409464126,0.3622023114789969,0.3853674035923686,0.3796857786752293,0.3699150865117277,0.37174358398857277,0.3722468238796246,0.36022674446665587,0.41436129069172684,0.33396938906944995,0.3657164035003526,0.3707564567695395,0.0,0.0,0.25917408999830205,0.4254650593663636,0.4023364844764601,0.4092789263966442,0.434975822927122,0.0,0.0,0.0,0.4275465232974245,0.4541369034885003,0.0,0.0,0.0,0.31206990695705383,0.3095776132201017,0.0,0.0,0.4113971347144869,0.0,0.4169176419452345,0.31066732625456706,0.0,0.35506534786867516,0.4442615153258341,0.41236914148291115,0.4285468499999393,0.0,0.32906057720295745,0.0,0.38040394231957225,0.0,0.4334115589149746,0.43096506048406413,0.45369540497513605,0.0,0.3109690516654857,0.31878093454484546,0.0,0.40919298055277936
0.0,0.0,0.2649996270653677,0.3336657329806015,0.3478557539390136,0.3544265718533194,0.38817152261758464,0.42031689314235754,0.2632319993501898,0.4097809055613025,0.25753614792732277,0.3644644257333389,0.41397115393429507,0.3581282068268868,0.0,0.0,0.3546987862344634,0.35119856555577494,0.0,0.0,0.0,0.0,0.3111918065658012,0.0,0.3104559848054711,0.3280900488912874,0.32560626120001396,0.41667104183472703,0.0,0.0,0.41263264574365927,0.39285814945548675,0.38699902520122703,0.397347531189259,0.42030470735218095,0.37573129600683913,0.3941092131961274,0.3762138483025284,0.47551137594710896,0.0,0.0,0.3114439688032083,0.4746087464000668,0.310787285173629,0.0,0.0,0.0,0.5527657214218454,0.0,0.4815885123355831,0.5033600034788319,0.47299368008410686,0.507013847151475,0.5358517020701149,0.0,0.5353423726999238,0.0,0.4286703352236454,0.5077916240005983,0.0,0.0,0.0,0.0,0.5344574632213938,0.0,0.0,0.0,0.5275927500640507,0.0,0.0,0.0,0.5234576494259904,0.372240288688851,0.459440553476574,0.0,0.0
0.38845283899894184,0.4007123026604516,0.0,0.0,0.37783115554324265,0.37534001424765784,0.39300877839372766,0.0,0.37986147024855704,0.0,0.0,0.0,0.39656319600088297,0.0,0.31945294004269037,0.3647763906937582,0.3398470119782733,0.372043127815436,0.0,0.0,0.3956172147556354,0.3273035942468482,0.25633148431626496,0.3421620065048846,0.38796656334382107,0.3947714079723923,0.32806513159386125,0.3552918187786524,0.31972311069864523,0.2830575013444739,0.3366943369706386,0.3782791709595981,0.3357825255824656,0.3665391278729894,0.40258940252886494,0.43033951272273785,0.0,0.0,0.4528960390774303,0.46259151921426844,0.45742790764919594,0.4801955896503059,0.3286259509504864,0.0,0.0,0.0,0.4458630879576143,0.0,0.0,0.0,0.4724958923846704,0.34121086341254797,0.505558108595608,0.3192514942131639,0.0,0.0,0.0,0.4141579892336708,0.0,0.4930345056943288,0.370436509039063,0.0,0.35089320241439725,0.0,0.4745908556766643,0.46046231650330643,0.475110785664406,0.5003490518260755,0.0,0.3014872901379104,0.48120278060847366,0.4920419443572611,0.4794309083809438,0.517031259083395,0.4130542497461013,0.46550172189316547
0.388814421667275,0.4169486292540159,0.0,0.0,0.3027208945006015,0.36310136661892883,0.34720907231715603,0.3942179149162695,0.2923641788637959,0.4379130523791662,0.0,0.38739047949663663,0.38744408251824053,0.4423871895114584,0.3883053272100334,0.39929651025495805,0.0,0.39213042789770736,0.0,0.3956172147556354,0.0,0.416195032240595,0.3861738969095219,0.46192900873468057,0.395788590566648,0.3987241887303414,0.3998269607750421,0.39506173828145696,0.38791080224872604,0.3909347799663123,0.3646543347196154,0.3929290416887055,0.37375065733286583,0.3838021549878415,0.4249643097202634,0.0,0.0,0.0,0.4685572646660756,0.4789137956229987,0.47972130597077123,0.5068038511644231,0.41302486235773844,0.0,0.0,0.38028109925142933,0.4982469882235899,0.0,0.0,0.0,0.4562526284215153,0.36442652872155845,0.4249289207354899,0.0,0.0,0.0,0.0,0.43368849140635807,0.0,0.49265655959212384,0.47636797743092674,0.0,0.0,0.0,0.4770417523840944,0.4233988849831685,0.4994079065666901,0.4599765426266906,0.0,0.41393030364610417,0.5077229713700776,0.4575475892175852,0.47266886824125215,0.47384461017234414,0.48346056378690067,0.45636770972458957
0.4058110635863567,0.3798989346478916,0.0,0.0,0.389012011421026,0.3876352584430882,0.4129457506976541,0.44840001424086073,0.3660299403313418,0.35237682545693455,0.0,0.0,0.4221517106136434,0.0,0.3509027443797181,0.3563105360854351,0.3440186475886388,0.3829378885823412,0.0,0.3273035942468482,0.416195032240595,0.0,0.39118930602621965,0.3177803774461387,0.41256043611271687,0.38578968066636155,0.38166992570459046,0.40734998840269554,0.3780349941192589,0.34396406563381005,0.35325272009007275,0.39468611676339377,0.3645995289497408,0.3723754490039732,0.4233625234740098,0.4488532347265185,0.0,0.0,0.4654623430292737,0.4696105944821348,0.47184209615764655,0.4924440320974835,0.3683260326274478,0.0,0.0,0.48188836698604554,0.48375466472290746,0.0,0.0,0.0,0.4683070972058688,0.32796868288173836,0.0,0.0,0.0,0.0,0.0,0.33617176250687797,0.0,0.5035211894160464,0.4819611013208291,0.32682588750141905,0.4128348140442928,0.0,0.4745643548650071,0.4866797912378864,0.488960618654713,0.48361335417011914,0.0,0.4580513090718559,0.5079868814357896,0.4922638244110083,0.40645486917417417,0.48682745878590056,0.0,0.4725439397871266
0.4246807000524324,0.4077173171716164,0.29830852602321006,0.3654424886244873,0.37667171982346936,0.3765162056236448,0.3795346085605175,0.3671553424900724,0.3738443180519612,0.3959355168124653,0.28880770275393586,0.3535567713464693,0.3942004179544489,0.3709229150016122,0.36036009768153987,0.4115616280194261,0.3273675169762633,0.4008968246524721,0.3111918065658012,0.25633148431626496,0.3861738969095219,0.39118930602621965,0.0,0.42238080789806604,0.40166780234446825,0.4082970157574406,0.3222830704344774,0.38099679190873004,0.3471668631740211,0.3619419702501318,0.38178242344080104,0.3712485676676345,0.30831369709292317,0.3896517813399061,0.35950121874224683,0.3709507429604788,0.3592313680832508,0.0,0.5024938369671247,0.5065804825690516,0.4944749068285976,0.46309119613527117,0.47608776656723867,0.4068617539371121,0.0,0.0,0.4537576448451121,0.5253947516625057,0.0,0.5110767760212288,0.5083991373688869,0.5152189899465608,0.49192563099122616,0.5440763376619409,0.0,0.5477315771520002,0.0,0.5040893306106832,0.4959652837400848,0.5002083000229751,0.33656547620942673,0.0,0.0,0.5568531652236883,0.48914931292411223,0.4634868848734082,0.47906925857608756,0.5088708360912094,0.0,0.3264908880053249,0.4734705187116694,0.505241134492479,0.4975954094567071,0.4901136202426174,0.5093811159002293,0.5045008249503562
0.3347443078424981,0.0,0.0,0.0,0.39135436244386734,0.32368767420679406,0.4087507660535639,0.49552960412833086,0.3862319990491377,0.30219143488047706,0.4155055648555112,0.2724054500429943,0.3944875852755758,0.4186856219799311,0.38010456340401005,0.356546373297607,0.3722282023178325,0.35551374409464126,0.0,0.3421620065048846,0.46192900873468057,0.3177803774461387,0.42238080789806604,0.0,0.3424178026032345,0.3337368764605279,0.3714758816715717,0.3596869853897756,0.35707756057247036,0.0,0.35211166937639543,0.2514956565976267,0.24594015931456167,0.264932837178041,0.28770667943172584,0.0,0.3034683206488043,0.24678165783460818,0.32452521820416363,0.35267585869323276,0.3193979930739513,0.0,0.0,0.0,0.3207276439184817,0.42191272139433983,0.4566091970769406,0.0,0.0,0.0,0.0,0.0,0.0,0.0,0.41016907691290017,0.0,0.3698723951860894,0.4072532533482965,0.0,0.0,0.45445475445356587,0.4425719099055057,0.4516409512052539,0.0,0.0,0.0,0.38767238218976535,0.0,0.3694376055862359,0.45349669874023385,0.4669402917661858,0.0,0.5289362914750744,0.0,0.0,0.4311595729468571
0.3788163102135201,0.3865814974000131,0.32372633622937036,0.0,0.4192037229983542,0.3757859696217339,0.3908917976135421,0.46833799841825297,0.35111760394261377,0.31387679492041376,0.3661580108540154,0.34838698465335016,0.40670699772451235,0.3832058459853916,0.37574976203392113,0.4152519733671799,0.34284076150126,0.3622023114789969,0.3104559848054711,0.38796656334382107,0.395788590566648,0.41256043611271687,0.40166780234446825,0.3424178026032345,0.0,0.3669394530586651,0.38236903869230005,0.3969495722750713,0.3728189302838555,0.32103086196810565,0.3598057981180797,0.3979389024537113,0.3158959699143106,0.3519561525418868,0.35849349471890757,0.37387975292756337,0.0,0.29330154537956654,0.4500713002844218,0.4222737131848416,0.42574768357766024,0.435933733285463,0.31011430752475344,0.0,0.3257669488409169,0.44370112608850326,0.48253707399079554,0.0,0.0,0.35328596118902655,0.32169207216493423,0.31931200875944477,0.0,0.0,0.4434425749785272,0.0,0.4385997435800541,0.3454444042053343,0.0,0.4228391751369902,0.47237024216238,0.438441550573345,0.4430238269430221,0.0,0.3947308294106055,0.43689513522350415,0.409209534108471,0.358164136115537,0.43100153116982015,0.44978686115373984,0.46867116608539905,0.34165186598191555,0.3687534260685657,0.41301461858581184,0.0,0.43015909034567634
0.3527833674118757,0.3943236296995934,0.3435701774654658,0.0,0.38550313631709615,0.38832055472156274,0.4011788552420928,0.47930724170067907,0.33596284115169556,0.33330656928429947,0.3245312120724228,0.32513476258719826,0.40597051877185436,0.0,0.35185650784115335,0.4054093584367391,0.4003489779855265,0.3853674035923686,0.3280900488912874,0.3947714079723923,0.3987241887303414,0.38578968066636155,0.4082970157574406,0.3337368764605279,0.3669394530586651,0.0,0.3985447231373698,0.37908822250474933,0.3747635514509412,0.3021970093393989,0.3607595329119625,0.3993041893399431,0.35154035862642835,0.3620237421683631,0.3985771345531658,0.407871788910574,0.0,0.33670508034330776,0.45573686537400837,0.4478264638220279,0.45200060450872726,0.4424069402523891,0.3285886051895453,0.0,0.37777336085068053,0.4506239511742376,0.4956150000865782,0.0,0.0,0.34131768515633965,0.4365046009249715,0.3370895090790679,0.0,0.0,0.46691556920003113,0.0,0.4579204136925991,0.3615948400095139,0.0,0.5031665933598426,0.4813035658313209,0.45804999563250787,0.45551585540899675,0.0,0.47429314930255895,0.47907249775307276,0.4931185081917554,0.4616744992598753,0.4377102833603533,0.46102691470485974,0.4832085767925357,0.45681810871817036,0.4007079894496989,0.44795036640779934,0.0,0.44926341324984953
0.4011405786890628,0.3933481197449045,0.29837688240904553,0.3604089781819903,0.38815287450229197,0.3760939594626699,0.39164085953597677,0.40949634948313995,0.36009135057970915,0.40404993531159816,0.3615865359037756,0.3556774456245268,0.402587536645363,0.4266553409739003,0.33747872177843896,0.3962535242812798,0.3422514697822334,0.3796857786752293,0.32560626120001396,0.32806513159386125,0.3998269607750421,0.38166992570459046,0.3222830704344774,0.3714758816715717,0.38236903869230005,0.3985447231373698,0.0,0.38058412312530737,0.3423856793561761,0.3592371678442073,0.3658175311667895,0.3750139136032014,0.34109255908071373,0.3858521209247232,0.39179381241833305,0.38789270476755394,0.3851210619794341,0.0,0.4864915061274882,0.4597771092199659,0.480534377033273,0.50335095040008,0.4515466522822754,0.3110016411199802,0.0,0.0,0.4108512929145344,0.5556132005021217,0.0,0.48802499410923356,0.4934571420896541,0.49295166412950125,0.5002602621487376,0.5534827311578043,0.0,0.5509802840333226,0.0,0.49469128320931915,0.4425483107828641,0.4986035480754989,0.34054543706514234,0.0,0.0,0.5618330806261453,0.4878200900572569,0.4535484987994795,0.4735355593482883,0.5008000665053619,0.0,0.2948702154882388,0.4656692505984204,0.4941691372789584,0.49174390748855495,0.4908999407900617,0.4917119375276363,0.4886708610744035
0.36057880014860955,0.40548147642679877,0.4096696170009826,0.20242338830518544,0.3094914893106179,0.36161174347345415,0.3183679769734857,0.3922147793377402,0.414304143329898,0.37594026612699966,0.41227748107573164,0.35595505714556336,0.3144786260135221,0.26266018832023297,0.3883113894155994,0.3821015280762346,0.39222472764030175,0.3699150865117277,0.41667104183472703,0.3552918187786524,0.39506173828145696,0.40734998840269554,0.38099679190873004,0.3596869853897756,0.3969495722750713,0.37908822250474933,0.38058412312530737,0.0,0.3010227081399646,0.30909145412510536,0.34896577292022657,0.38071294001917344,0.34406756047482134,0.36373637650753354,0.3876200296462693,0.22372220143715627,0.23476765178436068,0.3602782202588979,0.36263067838082175,0.3900755063638593,0.34886823713048554,0.3718645137865988,0.35350551384962287,0.2411174131246363,0.43710618438212284,0.0,0.3036130813733266,0.39667674949002346,0.0,0.0,0.48434979144419893,0.31998120304725525,0.4204123319397692,0.37273406720133073,0.39300830627160865,0.38973245744401647,0.31050978988820094,0.41138208988720504,0.0,0.4712994825001181,0.305458078691422,0.0,0.0,0.3580404791753788,0.47981476270267903,0.445013031694063,0.3900434150244656,0.4858712260416183,0.0,0.33620532546415133,0.39115372636450146,0.4850048953768315,0.47803654460137524,0.4844843023197215,0.37722878370537594,0.45213471429828433
0.36987085797588454,0.3895999556477974,0.0,0.3308360839150119,0.3560193338626325,0.31713029635585177,0.39841114637932706,0.35239460869625555,0.3557034631050176,0.0,0.0,0.0,0.3693773613150802,0.0,0.3728596247366333,0.3916954649158251,0.0,0.37174358398857277,0.0,0.31972311069864523,0.38791080224872604,0.3780349941192589,0.3471668631740211,0.35707756057247036,0.3728189302838555,0.3747635514509412,0.3423856793561761,0.3010227081399646,0.0,0.3012743670944073,0.33763740432095024,0.3596169809022177,0.3142395570350466,0.37021755239231285,0.3988830186101833,0.4476319795222243,0.0,0.0,0.4503357228783531,0.4169771561275623,0.4213081109062658,0.46488479803357374,0.3347646620712535,0.3658245377814776,0.0,0.0,0.42228320527036495,0.4001362054746998,0.0,0.34638783086077823,0.4753324630385701,0.3765353751992222,0.475147537579855,0.3555922985705702,0.0,0.0,0.0,0.4563003468626487,0.0,0.49229208840351457,0.33653428743909264,0.0,0.34230362616684024,0.0,0.4817207257730993,0.4563537475232495,0.46734655816454385,0.48484963474356774,0.0,0.2776790416983235,0.45272110469158067,0.4814532988055813,0.4862501532101897,0.48023527148882655,0.45374005406396406,0.48092573647833536
0.0,0.3828940916098024,0.0,0.0,0.0,0.3701043780244681,0.0,0.3751546770183344,0.0,0.0,0.0,0.0,0.3488396741955446,0.0,0.3853959503211933,0.3698930122275539,0.0,0.3722468238796246,0.0,0.2830575013444739,0.3909347799663123,0.34396406563381005,0.3619419702501318,0.0,0.32103086196810565,0.3021970093393989,0.3592371678442073,0.30909145412510536,0.3012743670944073,0.0,0.3125029031927863,0.3830230859825631,0.3071150092480556,0.3575294297569246,0.38275078371184373,0.3835178428201945,0.0,0.0,0.4425491822849284,0.0,0.4293189739240705,0.0,0.35265881846448266,0.0,0.0,0.0,0.0,0.0,0.0,0.0,0.42991823394129675,0.0,0.0,0.0,0.0,0.0,0.0,0.0,0.0,0.42641419751411935,0.0,0.0,0.0,0.0,0.45793439327999863,0.0,0.42471283113601344,0.49620666276771563,0.0,0.0,0.0,0.48657865576635523,0.4136944693920126,0.46356045758417663,0.0,0.45697218462711453
0.3411025031174571,0.3404614269521715,0.4180610970180255,0.0,0.414187924204954,0.4044583106232141,0.39206288687781327,0.4283899238221089,0.42743950757089527,0.32435438825393786,0.43186760197232416,0.32086827596940193,0.3637435786354147,0.41053543196401243,0.3698596777797854,0.3621008093186619,0.3480599412505764,0.36022674446665587,0.41263264574365927,0.3366943369706386,0.3646543347196154,0.35325272009007275,0.38178242344080104,0.35211166937639543,0.3598057981180797,0.3607595329119625,0.3658175311667895,0.34896577292022657,0.33763740432095024,0.3125029031927863,0.0,0.3659628112917543,0.30261587106549365,0.265882681716929,0.2514060788218584,0.3701558294736216,0.0,0.30098430691848893,0.4235070465492195,0.37824473304446526,0.36109400190912,0.43482360568862094,0.3650749816541052,0.0,0.3914865463487508,0.38374273371968587,0.448352587153407,0.4228114932700405,0.0,0.0,0.4731708846773164,0.34239858018800945,0.0,0.373904874362501,0.35665633517564915,0.0,0.376407923703331,0.34369376125600604,0.0,0.47297642189149663,0.42919391505275717,0.3932169072198901,0.4144877174767252,0.0,0.4661154098369923,0.42603013251091887,0.4553254974915915,0.4927784170250951,0.0,0.4226972383571434,0.45332871771504074,0.4918056115782927,0.45528526204957737,0.47812260867802203,0.0,0.3900441577191366
0.3876073422845827,0.3956616176477974,0.3837486876262125,0.25674618317441433,0.3545966467106775,0.38327033085117873,0.3757490724452147,0.33495890236875786,0.3982609941184801,0.2972312013778048,0.3784052220017904,0.20665307166906893,0.3855849801482938,0.29023453524319465,0.3863708975897114,0.4163747522235669,0.4233651957922634,0.41436129069172684,0.39285814945548675,0.3782791709595981,0.3929290416887055,0.39468611676339377,0.3712485676676345,0.2514956565976267,0.3979389024537113,0.3993041893399431,0.3750139136032014,0.38071294001917344,0.3596169809022177,0.3830230859825631,0.3659628112917543,0.0,0.33362196755432433,0.3596520813526542,0.3727132192652947,0.2666129154404932,0.29256523893454517,0.2375360409075525,0.301956989669512,0.3166192967924162,0.33180475592608855,0.3309874133552749,0.2797157927501471,0.2670301097452066,0.2660993660561432,0.43578910629373835,0.4727014974919661,0.47868340747328386,0.22032375871146495,0.3668118778256539,0.4799575299898365,0.2870764338993522,0.44140788226293887,0.47279016315000694,0.3016785854661064,0.43014597971580987,0.25226054595386754,0.36483040900113717,0.40147583848812884,0.4768324527453415,0.4468433366201017,0.3722998726579642,0.42783415104678824,0.43667313484650966,0.44664570182706165,0.4573748234707688,0.45867837657148514,0.48891557051945034,0.24807926937740293,0.445410462962801,0.4563818897485568,0.4762279043850532,0.35377604304462945,0.469152737148232,0.4237606452469773,0.45622561596964345
0.3395567452673871,0.3441604028995038,0.0,0.0,0.36335307647600096,0.35002502557887616,0.3551790619589346,0.4674795379704854,0.3575534591574191,0.30146617549796645,0.34640321029076115,0.2579428586231654,0.3722514853364775,0.0,0.36559471054385667,0.36827867768343825,0.3471938625799475,0.33396938906944995,0.38699902520122703,0.3357825255824656,0.37375065733286583,0.3645995289497408,0.30831369709292317,0.24594015931456167,0.3158959699143106,0.35154035862642835,0.34109255908071373,0.34406756047482134,0.3142395570350466,0.3071150092480556,0.30261587106549365,0.33362196755432433,0.0,0.27100056922684024,0.39327524406124875,0.26099731851136204,0.27118974405335294,0.19835886974888484,0.3215680484742654,0.26823216106646236,0.30478226681119736,0.328982518570342,0.2901414696164588,0.3243166388948185,0.23817020020460922,0.4054848037870346,0.4731158802478321,0.0,0.0,0.30108664807823055,0.4307355368067545,0.3091373179624256,0.0,0.0,0.3567078016459239,0.3399727386352596,0.3117575375184132,0.33158721427778665,0.0,0.4904255717968754,0.44814512940569745,0.3754780838608695,0.3903443075961014,0.0,0.43367010183170535,0.44701556030902356,0.46357197360613844,0.4603916064879788,0.3402159331812855,0.40270052417057367,0.4371576389578847,0.47313852086039593,0.3234866226105329,0.41954453107658374,0.0,0.3763293526137969
0.33290156749162353,0.34563746620747837,0.40126519445322156,0.2488679268951551,0.41302554394448127,0.40526276182434556,0.39411872980124807,0.41755815327021156,0.41878427004580854,0.3144874284187961,0.4266688357234866,0.2405591828011991,0.3924277227046511,0.4058795649927003,0.383258269265618,0.3766788760718932,0.3660911637976605,0.3657164035003526,0.397347531189259,0.3665391278729894,0.3838021549878415,0.3723754490039732,0.3896517813399061,0.264932837178041,0.3519561525418868,0.3620237421683631,0.3858521209247232,0.36373637650753354,0.37021755239231285,0.3575294297569246,0.265882681716929,0.3596520813526542,0.27100056922684024,0.0,0.28736513170208594,0.3546558346830056,0.29382156157482836,0.23315240076568314,0.33847264868991667,0.30154348963184213,0.3022533258358103,0.35800275700554135,0.2945939643842411,0.29153539421065716,0.2776244155213735,0.4060127270570879,0.4651824517759453,0.40090044961464993,0.0,0.3130220568812237,0.49588577986838267,0.2713889080421754,0.48229925090640646,0.3072308348046079,0.34337795417857636,0.3348516805418362,0.27748517489974633,0.32433084598265494,0.0,0.49000094108703923,0.4403738012703077,0.39682717204749823,0.42308908842743354,0.0,0.47762513253325894,0.44613591174552564,0.47782013731169204,0.49274859321918685,0.36312175288516096,0.42442178702625327,0.46471532953135175,0.49353686172823025,0.3403484633669465,0.4945415313538357,0.0,0.4276524319457627
