0.0,0.386644404307261,0.0,0.0,0.0,0.42493501955128143,0.2868858323587809,0.4793318789035303,0.0,0.4014241201899553,0.0,0.3745262622857038,0.34609005717263,0.4616620443880256,0.34532198574975687,0.3675230155060327,0.0,0.3661531854317973,0.0,0.37388813596287146,0.40818070079182833,0.36397912919802683,0.43606196635025524,0.36294055989039853,0.36273103203743795,0.3510252178461568,0.4270217047815165,0.38040906909739663,0.4063440718320148,0.0,0.3383693239967437,0.3813115789068311,0.3001578283808109,0.3267070674753013,0.36808828177453096,0.0,0.0,0.37489700873997456,0.42135631363946074,0.4116404173375662,0.4190790175917557,0.45204703438442734,0.0,0.0,0.0,0.36534302697671545,0.43642515540079313,0.0,0.0,0.0,0.0,0.0,0.0,0.0,0.0,0.0,0.0,0.0,0.0,0.3601290841670774,0.42175235086660334,0.0,0.46805648587831594,0.0,0.0,0.308358061412396,0.43129603680511214,0.0,0.0,0.4299458238838529,0.44303050735913424,0.0,0.0,0.0,0.0,0.40699548334740243
0.386644404307261,0.0,0.0,0.0,0.40636618968478805,0.39984953841758625,0.49821422050710057,0.4283259634157708,0.4381233949356196,0.2742267120214171,0.0,0.24583711276573827,0.4391083131600981,0.33851506965348255,0.3891016382565868,0.36400398082912033,0.3207244956583378,0.36949319588040064,0.0,0.39365090908524986,0.39992656234791424,0.3572371575489166,0.40189443466518937,0.3250702126989218,0.3633923035347733,0.35003760750630086,0.39573409644397955,0.44560001100792096,0.4078210262828149,0.4560957800508115,0.32929599132034293,0.3829431740156844,0.3141548973705314,0.3332833575330468,0.38062204124535587,0.0,0.0,0.0,0.4374312737138598,0.41629928606186134,0.41755779640897694,0.44015990400401334,0.0,0.0,0.0,0.42882752158270643,0.4307797279839407,0.0,0.0,0.0,0.4166901305325396,0.2918129005505349,0.0,0.0,0.30195561333663495,0.0,0.0,0.2659862353232178,0.0,0.4548427774576413,0.4244167212879221,0.3201474102139517,0.439738962169767,0.0,0.4398696629887483,0.4579918465927233,0.43166650873192064,0.4719436623786265,0.0,0.43185580202723145,0.4517360585880548,0.4533254013058206,0.28453840619917015,0.4463853129240583,0.0,0.41361076971597766
0.0,0.0,0.0,0.35470550324672456,0.39121459953233795,0.37448621378779157,0.4301336166729068,0.4214429313536001,0.28792922156784473,0.4153250129886052,0.30480872927519914,0.3244320861553584,0.43948501695350484,0.4142670777986845,0.0,0.0,0.3254676014939258,0.3217091874771907,0.2523512595445899,0.0,0.0,0.0,0.2827633066097344,0.30779102666020863,0.0,0.2907586628414709,0.3276288229379836,0.4615063853062962,0.40085778827243007,0.4302007416018292,0.47044341222895203,0.45128047111354636,0.0,0.49358124365329353,0.44688276900226104,0.42432787230997276,0.4320933265044458,0.3064424310203618,0.456412782671918,0.0,0.41771948822601634,0.37418243519311345,0.45102009780195024,0.0,0.0,0.0,0.0,0.4198573550827795,0.0,0.4765866393616399,0.5171942764114769,0.6395666111238857,0.49892541648700134,0.44719413347393283,0.0,0.45258191331058506,0.0,0.501040298416518,0.4764606897518599,0.0,0.0,0.0,0.0,0.3615378711727239,0.0,0.0,0.0,0.5326169840294853,0.0,0.0,0.3377738868708063,0.5482590958213133,0.45034464291841014,0.3749603079435114,0.3872768919735569,0.44414072733407367
0.0,0.0,0.35470550324672456,0.0,0.331655110632588,0.3998089895556768,0.3478124408047892,0.3561653518496436,0.43083990720655746,0.31531309516629996,0.390503023550322,0.0,0.30595299702172696,0.27471669327315934,0.0,0.0,0.0,0.0,0.42827175404523377,0.41785498466656756,0.0,0.4384058143553733,0.4035587912386095,0.24783641669711176,0.0,0.0,0.4068117552458476,0.2753730965426913,0.0,0.0,0.3316876325775884,0.2848326368543844,0.4148890655662226,0.24831321725073324,0.3101296448334872,0.1824713399026693,0.160873216185287,0.23085799127017154,0.0,0.0,0.0,0.0,0.0,0.0,0.0,0.0,0.0,0.0,0.0,0.0,0.0,0.0,0.0,0.0,0.0,0.0,0.0,0.0,0.0,0.0,0.0,0.0,0.0,0.0,0.0,0.0,0.0,0.0,0.0,0.0,0.0,0.0,0.0,0.0,0.0,0.0
0.0,0.40636618968478805,0.39121459953233795,0.331655110632588,0.0,0.3595321112482288,0.31420451206124744,0.3751854947692006,0.3176740449630232,0.5426219416674751,0.3322734849868995,0.4501075810944133,0.3571821735689809,0.31998174512910615,0.0,0.3807919652996719,0.4040811436688162,0.3655675666664934,0.33961029020173344,0.4248362110555092,0.3052105574210628,0.43457516307045313,0.3776778533609183,0.3915703679572177,0.38983567106058536,0.358084180967606,0.36444704532317956,0.39790306451217744,0.39068651232813695,0.4365598217579253,0.4333436057681838,0.37607489363988095,0.35820228832484824,0.4319084642124754,0.42103530555094676,0.26982160267732447,0.2880014441377275,0.37373218475866776,0.3603947290792012,0.0,0.3500769105951544,0.0,0.3355070481352371,0.0,0.0,0.0,0.30012534372285155,0.4558103163997165,0.0,0.3368416079074933,0.47007310789467227,0.3735531434781589,0.45785914785563214,0.4363357260847669,0.0,0.3761118591437956,0.0,0.32125506311753765,0.4194472723371876,0.0,0.0,0.0,0.0,0.42066973296492227,0.0,0.0,0.0,0.505011679569976,0.0,0.0,0.29253239289852273,0.5227135009941063,0.3314914168084248,0.34103739313998904,0.0,0.3647623529128756
0.42493501955128143,0.39984953841758625,0.37448621378779157,0.3998089895556768,0.3595321112482288,0.0,0.38441189131573134,0.3984737240083906,0.2953055014415424,0.4739626630985608,0.3644264464080186,0.35554088452669036,0.35862231041249265,0.4119619970014918,0.4065095785327053,0.4012082689529234,0.30621684026290663,0.4392821530664304,0.32459076255385494,0.3953956800870768,0.4248875608489098,0.4086758642378215,0.36611660320687806,0.31452029743093307,0.3756414643019773,0.39851380801767416,0.33258289922559114,0.3654979714759442,0.3040794644988175,0.40441869244849443,0.4306318652530081,0.42179611778824944,0.36229053023452157,0.43250933346925113,0.431298418198458,0.40925532523047303,0.4188241608737989,0.3561425019041962,0.47652734135657904,0.27863631873597994,0.5044590923492137,0.40228157182396607,0.4631059995074082,0.3099364832955215,0.0,0.2984543834141006,0.3038706214202446,0.515785786128792,0.0,0.43705350907690926,0.4846764829037478,0.5866895149967275,0.4677193318876137,0.5090131659933856,0.0,0.4706429095785137,0.339405347618977,0.5514968527213153,0.36885082095758626,0.43427023935182424,0.24084301603258895,0.0,0.2678839737600691,0.5067222508279102,0.45071045337956556,0.42513896015966157,0.5086580167220913,0.49773077595417664,0.0,0.24878088534738282,0.38753460819708074,0.4872595757105345,0.5232963571002877,0.48929802942178635,0.4541419239732494,0.5053550488072581
0.2868858323587809,0.49821422050710057,0.4301336166729068,0.3478124408047892,0.31420451206124744,0.38441189131573134,0.0,0.42152260342767645,0.31868799358497285,0.528138797151423,0.43767696711921733,0.43629990410521846,0.29711944650954547,0.345134306708761,0.0,0.449882068338519,0.41593273718647317,0.43483958677254786,0.4308049768813308,0.429900427759695,0.0,0.4500449480652542,0.40333422617531745,0.3915528506466538,0.4406315674586991,0.4245004589614251,0.39188474226125514,0.35773332528106694,0.40910191207584634,0.4309534480691703,0.39228987077639055,0.4021655121677242,0.37399825607866605,0.41019519118607034,0.39903141864971686,0.28636635357301476,0.2955326580725134,0.3907754171363165,0.4162491380632849,0.0,0.32132695323306537,0.0,0.0,0.0,0.0,0.0,0.27037148970611713,0.45170437613587644,0.0,0.0,0.5010482971812333,0.3607162755864458,0.0,0.4052590860571922,0.3807677357296384,0.3105121107552549,0.0,0.333854818259162,0.0,0.0,0.29528431028979346,0.0,0.0,0.0,0.0,0.0,0.0,0.5133766729949,0.0,0.0,0.267986622391576,0.5273482681009176,0.3522870522018809,0.0,0.0,0.3430443683201836
0.4793318789035303,0.4283259634157708,0.4214429313536001,0.3561653518496436,0.3751854947692006,0.3984737240083906,0.42152260342767645,0.0,0.43730150401243134,0.4054423466604515,0.3051019464723015,0.3808761362064239,0.4327661884295789,0.32685576267093464,0.4217033901124513,0.42521255392743906,0.3191124762162439,0.4374018140495377,0.39493141346944377,0.39759349387209125,0.3566799912822054,0.4127933575586668,0.35195840035942944,0.4917304472291287,0.45242246561094385,0.4509458374502954,0.41885814654216275,0.4366760623131112,0.3955132777785749,0.41933490394733886,0.4379636440539431,0.3936645180478093,0.36700595791767066,0.43876165387188276,0.46474409763832575,0.25211973947659444,0.3781741524782331,0.0,0.4518929644787279,0.0,0.47990906244695236,0.5315790884070011,0.38915394586255875,0.0,0.0,0.5313840490909865,0.45575992788537467,0.4823377687092643,0.0,0.41652192271455984,0.45091468365681137,0.4801732481734071,0.36701390375824905,0.49161686170294117,0.0,0.4237175303167851,0.0,0.47406417160025605,0.3609587964929338,0.48894936156793284,0.0,0.0,0.0,0.4932021805901901,0.478300554702153,0.5273210490274339,0.0,0.4706575831899395,0.0,0.3150719028593702,0.4127625377627145,0.4727460103961951,0.49366539903011464,0.4815188691621254,0.4273377115321917,0.48601739471361305
0.0,0.4381233949356196,0.28792922156784473,0.43083990720655746,0.3176740449630232,0.2953055014415424,0.31868799358497285,0.43730150401243134,0.0,0.5088584897275645,0.3022273035150735,0.505440558284727,0.34465954419610656,0.4339286699732501,0.0,0.3557157999445935,0.31750501456441926,0.32367913754046634,0.24524399370503072,0.4124758066716397,0.0,0.41743144076670907,0.381588967732779,0.3485775301357627,0.0,0.36760487574252154,0.3260189608682934,0.43595549081829965,0.38412962116150384,0.40595033208949216,0.4541414134375644,0.41970783518510985,0.3786302077989193,0.4567934410888486,0.45636515192932714,0.4399728625422199,0.4528332986472905,0.4777298527506733,0.44553920862991203,0.2659321160355934,0.335077086810752,0.3120168717577542,0.44806957000054337,0.0,0.0,0.0,0.0,0.5201253814357449,0.0,0.42908198553272736,0.5099180627128194,0.5139166330284644,0.49112123022672804,0.518439398711126,0.0,0.41178046727943557,0.0,0.45995339134317437,0.46108910909127526,0.0,0.0,0.0,0.0,0.5109597512425867,0.0,0.0,0.0,0.5274770026910056,0.0,0.0,0.2800310446021008,0.5143053890818838,0.46073007825462076,0.3688726996930903,0.39821235496163454,0.39016718810844864
0.4014241201899553,0.2742267120214171,0.4153250129886052,0.31531309516629996,0.5426219416674751,0.4739626630985608,0.528138797151423,0.4054423466604515,0.5088584897275645,0.0,0.4879772808359811,0.3268436742044548,0.4248253487499301,0.4225165238763484,0.0,0.3875943120944471,0.35747820540423986,0.35735993905391,0.4614275212706203,0.2749471918185068,0.0,0.3070481052181174,0.4548656967693727,0.3467632504473734,0.3195665306556174,0.33260936854525436,0.4574029121975272,0.4034563250985951,0.3455813217202777,0.3589042667086035,0.34239926803761217,0.3155921341937505,0.2882933562603825,0.3283373390751467,0.28188579684838516,0.265450745358398,0.20040143792194962,0.31092086896261406,0.31135200140033104,0.33039625474952444,0.32179017524532744,0.0,0.0,0.0,0.3222859981101164,0.0,0.0,0.0,0.0,0.0,0.0,0.4018241664616713,0.0,0.0,0.4114871133832543,0.32628880593628595,0.41504189946885495,0.38572243046196175,0.0,0.0,0.3250226178904337,0.37192586529583405,0.35122099188014344,0.0,0.0,0.0,0.0,0.0,0.42245385030619564,0.3880185115469725,0.39718891964846764,0.0,0.40104824538261075,0.0,0.0,0.37790084516445843
0.0,0.0,0.30480872927519914,0.390503023550322,0.3322734849868995,0.3644264464080186,0.43767696711921733,0.3051019464723015,0.3022273035150735,0.4879772808359811,0.0,0.45220399402659833,0.43983164230234645,0.2862950818147862,0.0,0.0,0.36998982419308996,0.33440929614638565,0.22858974566105705,0.0,0.0,0.0,0.2890010468379471,0.399995100552656,0.35660721769241316,0.29721389766595785,0.3809439951312798,0.4438312405118459,0.33591144854538985,0.0,0.4568098171779931,0.39033011064872747,0.3700137326537629,0.46212198584580483,0.43368909950376194,0.3007438386637686,0.4121684920561111,0.42292057710415,0.4053589225680437,0.25544330765268036,0.32942811281610807,0.28465487607520773,0.39775468070789183,0.0,0.0,0.0,0.0,0.4402176025017236,0.0,0.3694614982803875,0.45827388112707185,0.4491007452169169,0.4086909820264915,0.32287713652584077,0.3260204173874775,0.29689270174114424,0.0,0.39585629418626855,0.4301624806862672,0.0,0.0,0.0,0.0,0.26157450062132803,0.0,0.0,0.0,0.5188945616363309,0.0,0.0,0.0,0.5079162074804899,0.37725176363491253,0.0,0.0,0.3517267078693796
0.3745262622857038,0.24583711276573827,0.3244320861553584,0.0,0.4501075810944133,0.35554088452669036,0.43629990410521846,0.3808761362064239,0.505440558284727,0.3268436742044548,0.45220399402659833,0.0,0.5198814519064264,0.33275414371648304,0.0,0.2819164539252883,0.40110020050748335,0.3842505774908066,0.3633578027023563,0.2616494759539963,0.40120750594585586,0.2626923950642335,0.33755137565590765,0.29065094549944387,0.3641148687170734,0.33188505178959105,0.31333241469244955,0.4257014523265869,0.27793860247336033,0.4461520057231465,0.3626323322850113,0.24645809964954798,0.2382299142990407,0.2739192081216379,0.30950572280017236,0.2776110221057295,0.25827285592412913,0.2029112759315032,0.2978436915746798,0.3507032591967541,0.30809773526318884,0.24492968395726214,0.0,0.0,0.32410009767537185,0.0,0.3454184884578659,0.0,0.0,0.0,0.0,0.3580172389879532,0.0,0.0,0.4174178980189972,0.0,0.4209506731341523,0.37778003775431784,0.0,0.0,0.0,0.41351460031294185,0.37665739222096395,0.0,0.0,0.0,0.0,0.0,0.4258505205215776,0.40498718912645026,0.4176657349161247,0.0,0.3958850744683352,0.0,0.0,0.38587867154892336
0.34609005717263,0.4391083131600981,0.43948501695350484,0.30595299702172696,0.3571821735689809,0.35862231041249265,0.29711944650954547,0.4327661884295789,0.34465954419610656,0.4248253487499301,0.43983164230234645,0.5198814519064264,0.0,0.35482291124692344,0.41897401038351423,0.44135499258696176,0.4432556923814273,0.4493399158385793,0.43051200668336187,0.42650868727876956,0.4235082769655585,0.45637674583315463,0.41828840973338643,0.49178551839494095,0.4168275877114639,0.40686576475336333,0.4050055768174537,0.32731194788946905,0.38835229375824404,0.37519405712227094,0.37947636431604387,0.38405475885516444,0.38392114618853757,0.40929409804843764,0.3932732501558656,0.2973963989102238,0.2882819225705468,0.3949124656323401,0.47741387531697244,0.0,0.4231273666294335,0.33523173447603327,0.4175163851962385,0.0,0.25070153409036494,0.31120121813502155,0.24724392653014463,0.471742565063938,0.0,0.3474977157597055,0.5408275255759775,0.400797583193891,0.49030373700517266,0.41720160461329364,0.3718866105132843,0.3730866316919665,0.37783938653290694,0.4652089610378735,0.0,0.31002281641880924,0.26251456222355657,0.0,0.3006631123024451,0.38786180652206725,0.3726034856948377,0.0,0.2806108367192103,0.5023033602355498,0.35934067049887164,0.29242786328544984,0.3086587959902828,0.5113484507487195,0.5504813244850992,0.4800890565031087,0.3678526377823014,0.3872312246011386
0.4616620443880256,0.33851506965348255,0.4142670777986845,0.27471669327315934,0.31998174512910615,0.4119619970014918,0.345134306708761,0.32685576267093464,0.4339286699732501,0.4225165238763484,0.2862950818147862,0.33275414371648304,0.35482291124692344,0.0,0.0,0.0,0.0,0.0,0.3832693175154768,0.0,0.427250612757826,0.0,0.37867468221758344,0.38912398107084883,0.0,0.40189894714004215,0.4263892831279595,0.321736594657689,0.0,0.0,0.46436680644818357,0.2450814037403972,0.0,0.44218496005237706,0.47258171417530676,0.22187743035954094,0.17277446680636724,0.2758712827108969,0.0,0.0,0.0,0.0,0.0,0.0,0.0,0.0,0.0,0.3969305135586855,0.0,0.40312731855838574,0.0,0.0,0.0,0.4491246602063328,0.0,0.3875670818237781,0.0,0.0,0.0,0.0,0.0,0.0,0.0,0.4467905183743507,0.0,0.0,0.0,0.4388465579068249,0.0,0.0,0.0,0.0,0.0,0.0,0.0,0.0
0.34532198574975687,0.3891016382565868,0.0,0.0,0.0,0.4065095785327053,0.0,0.4217033901124513,0.0,0.0,0.0,0.0,0.41897401038351423,0.0,0.0,0.38364097421182364,0.0,0.38244421055150407,0.0,0.28631240661524276,0.3503057938280326,0.2695152384176921,0.2880850414303749,0.3754544045992776,0.37880386853658315,0.3651272184279216,0.3536151461144437,0.40297723288557136,0.3847988059743562,0.4182415167545526,0.3622670224890466,0.3993166780525989,0.33978355576685537,0.36872639507998295,0.42130862837595673,0.0,0.40280609546563045,0.0,0.43565235284386344,0.4027066210122641,0.42855098497312566,0.4541448101507147,0.43318350127895827,0.0,0.0,0.0,0.44662876003102225,0.0,0.0,0.0,0.46241639135921125,0.0,0.0,0.0,0.0,0.0,0.0,0.0,0.0,0.3588779678782399,0.41434078992239765,0.0,0.26443792945151,0.0,0.4184923850531137,0.4511552816837367,0.4517180376534769,0.43182520287204135,0.0,0.32371116718101317,0.5090151118460888,0.46364908483913553,0.45296372129453283,0.46411005425167706,0.42938636496763843,0.42036898151226415
0.3675230155060327,0.36400398082912033,0.0,0.0,0.3807919652996719,0.4012082689529234,0.449882068338519,0.42521255392743906,0.3557157999445935,0.3875943120944471,0.0,0.2819164539252883,0.44135499258696176,0.0,0.38364097421182364,0.0,0.3461792140291163,0.33005660440060075,0.0,0.3522982209771653,0.38897654288215544,0.34265524689236315,0.4012667964651133,0.34016836012441454,0.35485347096661574,0.3683580450840361,0.40698248464897935,0.43739436093657674,0.3970057381746141,0.39106775834672736,0.34532823555280795,0.4025407332318271,0.3028937528273118,0.3466726231313741,0.38483265982440173,0.0,0.0,0.0,0.4189099254192298,0.39427666095435365,0.4047585424249021,0.4184315597004514,0.0,0.0,0.0,0.3988580235588628,0.41499845454011686,0.0,0.0,0.0,0.2677645073091389,0.0,0.0,0.0,0.3127579776578358,0.0,0.0,0.0,0.0,0.43318596734415205,0.4050297768181727,0.30639905106375354,0.4269929014077624,0.0,0.41695609920414,0.42879811311553323,0.4251555009879913,0.33274905391681325,0.0,0.4087969233827904,0.4284627634599263,0.37045604666344145,0.0,0.36540980587014693,0.0,0.38697147561977063
0.0,0.3207244956583378,0.3254676014939258,0.0,0.4040811436688162,0.30621684026290663,0.41593273718647317,0.3191124762162439,0.31750501456441926,0.35747820540423986,0.36998982419308996,0.40110020050748335,0.4432556923814273,0.0,0.0,0.3461792140291163,0.0,0.3182977083585602,0.3049218823254977,0.0,0.36294741082934523,0.4126297797044377,0.29843631059052406,0.36086570168414617,0.3378062449671588,0.3440037069573274,0.3151759566984859,0.42120801606940206,0.29913211627901126,0.0,0.33034579799480024,0.38341909717630757,0.3068808514578257,0.3528250333567136,0.333757726748049,0.4560875408850662,0.0,0.3492079390051097,0.0,0.3725331514261373,0.37778515289737397,0.41397354567285927,0.0,0.0,0.0,0.0,0.0,0.0,0.0,0.0,0.0,0.0,0.0,0.0,0.42362785430752947,0.0,0.42122523227899894,0.0,0.0,0.0,0.0,0.4120277485310053,0.38897051548032907,0.0,0.0,0.0,0.0,0.0,0.3978754927361201,0.40776427639661905,0.41462817878836866,0.0,0.0,0.0,0.0,0.3673975798565812
0.3661531854317973,0.36949319588040064,0.3217091874771907,0.0,0.3655675666664934,0.4392821530664304,0.43483958677254786,0.4374018140495377,0.32367913754046634,0.35735993905391,0.33440929614638565,0.3842505774908066,0.4493399158385793,0.0,0.38244421055150407,0.33005660440060075,0.3182977083585602,0.0,0.3189431797478859,0.38557886550787557,0.4058282021324504,0.3754031083390639,0.41688432049247015,0.3439291933468416,0.31919805495415265,0.3401124119273175,0.42862052396957834,0.4255251891922753,0.41475211458315814,0.35651341483334364,0.34961092036738173,0.3947110823432843,0.3011986506291859,0.3533795025633199,0.3569858765630227,0.0,0.0,0.0,0.42078113026075986,0.3803419261237605,0.397226590476269,0.4323920522537899,0.0,0.0,0.0,0.40127282110995816,0.40474444962573414,0.0,0.0,0.0,0.0,0.0,0.0,0.0,0.41795709803114495,0.0,0.4234523843495676,0.0,0.0,0.35919759489276976,0.3987125687209084,0.42667289975003947,0.4111835993725416,0.0,0.0,0.0,0.41537463944341974,0.0,0.3669139692672445,0.41183723710665043,0.4214127486826209,0.0,0.0,0.0,0.0,0.3994867887354494
0.0,0.0,0.2523512595445899,0.42827175404523377,0.33961029020173344,0.32459076255385494,0.4308049768813308,0.39493141346944377,0.24524399370503072,0.4614275212706203,0.22858974566105705,0.3633578027023563,0.43051200668336187,0.3832693175154768,0.0,0.0,0.3049218823254977,0.3189431797478859,0.0,0.0,0.0,0.0,0.2420678234215977,0.29115241625075033,0.29812734614776015,0.29502056888280453,0.3569835534926116,0.43380519400607187,0.0,0.0,0.4644070604962871,0.41617699796680074,0.32914244946057936,0.49200315234795766,0.43918502925692654,0.3941301794925634,0.42183024526964963,0.38195681494500094,0.42537767646004354,0.0,0.36792076334687546,0.0,0.41828515383274806,0.0,0.0,0.0,0.0,0.5262904596433454,0.0,0.41398000829770676,0.5135334585743414,0.47225596932291203,0.47136712819506876,0.5137252515515673,0.0,0.42038276342127895,0.0,0.40224893373931175,0.4413324332352747,0.0,0.0,0.0,0.0,0.5086074060038862,0.0,0.0,0.0,0.5242686632949912,0.0,0.0,0.0,0.5164886113091213,0.34932369301758914,0.39606479093849906,0.4056373551188275,0.3967464633765372
0.37388813596287146,0.39365090908524986,0.0,0.41785498466656756,0.4248362110555092,0.3953956800870768,0.429900427759695,0.39759349387209125,0.4124758066716397,0.2749471918185068,0.0,0.2616494759539963,0.42650868727876956,0.0,0.28631240661524276,0.3522982209771653,0.0,0.38557886550787557,0.0,0.0,0.41090399197830646,0.329273748699473,0.2924066522831692,0.31185035001181644,0.37217443371440473,0.3970236756584703,0.27980219226232644,0.3673725831654902,0.323311616540047,0.35185607805194374,0.3484342649711782,0.4221239941743794,0.35862331288540267,0.39399008406092634,0.4497691732219823,0.4881559973863818,0.4219963043268526,0.0,0.44691151195648354,0.38805948857642825,0.41827980185015673,0.43601596819855437,0.3708641715371781,0.0,0.0,0.3528731903491982,0.4212734395439456,0.0,0.0,0.0,0.4443385532948339,0.0,0.4621074406038171,0.0,0.0,0.0,0.0,0.38102998240032576,0.0,0.4562768550230756,0.29068428395940393,0.0,0.249514083069183,0.0,0.44467331056103077,0.4884498634098668,0.4467261124649304,0.4661315956514487,0.0,0.2588309212884627,0.4580472637001692,0.45850826792082144,0.5010458805841949,0.5024560438234102,0.37571348108505787,0.4353445586353714
0.40818070079182833,0.39992656234791424,0.0,0.0,0.3052105574210628,0.4248875608489098,0.0,0.3566799912822054,0.0,0.0,0.0,0.40120750594585586,0.4235082769655585,0.427250612757826,0.3503057938280326,0.38897654288215544,0.36294741082934523,0.4058282021324504,0.0,0.41090399197830646,0.0,0.3953202536042566,0.37351956094117883,0.47646527406849454,0.42123521783046247,0.38494015104166474,0.40861006108755965,0.4292117699347915,0.3954182848415572,0.0,0.3717549079048605,0.4213468990771027,0.3619705767935126,0.3811671167833817,0.4561382447353736,0.0,0.0,0.36338402152324795,0.4453006372259305,0.33275749027204804,0.4199219783822196,0.46320553417094035,0.0,0.0,0.0,0.4217036996070881,0.4484633307416312,0.47948097331065387,0.0,0.0,0.4520986705879031,0.0,0.4399431648452262,0.0,0.0,0.0,0.0,0.41889441041855563,0.0,0.4450601092910091,0.4399187101978281,0.0,0.3367556904851311,0.0,0.4531774662608008,0.431198578656873,0.4546726379985175,0.47531122743852794,0.0,0.3816616934784062,0.4835855127153046,0.4744712315807935,0.46940195590767053,0.46600731869408696,0.4063234045297322,0.41032148814249036
0.36397912919802683,0.3572371575489166,0.0,0.4384058143553733,0.43457516307045313,0.4086758642378215,0.4500449480652542,0.4127933575586668,0.41743144076670907,0.3070481052181174,0.0,0.2626923950642335,0.45637674583315463,0.0,0.2695152384176921,0.34265524689236315,0.4126297797044377,0.3754031083390639,0.0,0.329273748699473,0.3953202536042566,0.0,0.3287818043458033,0.2846170679829937,0.3804101138688386,0.3434528020736249,0.38655108848063846,0.43396786789084457,0.38572294460676004,0.4007081226127511,0.3472280265728472,0.4024674270476525,0.33362161621010145,0.3683383434410837,0.42888829842542076,0.4786597936654843,0.0,0.2253496753190277,0.43852555254447995,0.4182360131285277,0.43158794341626183,0.45620373104636397,0.425227072672408,0.0,0.0,0.4075649671037814,0.42569759867026885,0.0,0.0,0.0,0.4624802037876073,0.2833186113246644,0.4699737046059179,0.0,0.32939321968941077,0.0,0.0,0.2844251584733569,0.0,0.4517070793027809,0.42808558233192634,0.0,0.3710976971624648,0.0,0.44185970531566016,0.460733896410024,0.45235796275069123,0.46010618227605776,0.0,0.4095170875096233,0.4620667369418329,0.4802444441173169,0.3574921177547129,0.4546624409327736,0.0,0.4277123224659335
0.43606196635025524,0.40189443466518937,0.2827633066097344,0.4035587912386095,0.3776778533609183,0.36611660320687806,0.40333422617531745,0.35195840035942944,0.381588967732779,0.4548656967693727,0.2890010468379471,0.33755137565590765,0.41828840973338643,0.37867468221758344,0.2880850414303749,0.4012667964651133,0.29843631059052406,0.41688432049247015,0.2420678234215977,0.2924066522831692,0.37351956094117883,0.3287818043458033,0.0,0.47492617085886496,0.4085458806324684,0.4034343908969546,0.3137782764900139,0.43059980471700066,0.39203657469696684,0.4159055922190281,0.4309195911377538,0.41602072903131637,0.3411155459652873,0.4287280137215464,0.46487076439402325,0.36945453941113665,0.41194094561742467,0.0,0.49082444143354725,0.4330005400733747,0.49546507087865377,0.4894574909424447,0.4579120884606597,0.40601863849302494,0.0,0.428945991779815,0.41876119377304416,0.4605811251677384,0.0,0.49433906910976977,0.5046675592694179,0.5280747016746051,0.4736011108107747,0.5236784743529382,0.0,0.43886046894765557,0.0,0.5075699199514938,0.46721450501486883,0.44382526582667375,0.2973941165152939,0.0,0.0,0.4616381155665374,0.4652174927953188,0.4825811256681312,0.46324077277748904,0.5056424985082001,0.0,0.2751678581868293,0.4970057952940601,0.502756887092339,0.5054146209075487,0.4851136891103205,0.4975615050778405,0.5066157929017169
0.36294055989039853,0.3250702126989218,0.30779102666020863,0.24783641669711176,0.3915703679572177,0.31452029743093307,0.3915528506466538,0.4917304472291287,0.3485775301357627,0.3467632504473734,0.399995100552656,0.29065094549944387,0.49178551839494095,0.38912398107084883,0.3754544045992776,0.34016836012441454,0.36086570168414617,0.3439291933468416,0.29115241625075033,0.31185035001181644,0.47646527406849454,0.2846170679829937,0.47492617085886496,0.0,0.3421749900145948,0.3439659784094034,0.3055437666075611,0.38487579982609654,0.3649336750472924,0.0,0.34901394595590546,0.27337528606428974,0.2084162656960133,0.2615095332526768,0.28833653968916895,0.2676409871768141,0.2592266924955763,0.2543711982745043,0.3380390333964844,0.18624558938892655,0.25465587214224505,0.3438008617663132,0.29183229242828196,0.20565585384290047,0.21519141414512571,0.37802317280894493,0.440251288015788,0.0,0.0,0.0,0.0,0.21925198531307089,0.0,0.3100017626678322,0.40743103210181286,0.29401742645122025,0.40277043105103305,0.3698368138127276,0.24635994930082844,0.0,0.420162077214926,0.434664919697177,0.4280583566132881,0.2714917922617334,0.0,0.0,0.0,0.0,0.34157759839274016,0.42400699538389974,0.4333558882144397,0.0,0.3940096541003886,0.0,0.0,0.4943633660114084
0.36273103203743795,0.3633923035347733,0.0,0.0,0.38983567106058536,0.3756414643019773,0.4406315674586991,0.45242246561094385,0.0,0.3195665306556174,0.35660721769241316,0.3641148687170734,0.4168275877114639,0.0,0.37880386853658315,0.35485347096661574,0.3378062449671588,0.31919805495415265,0.29812734614776015,0.37217443371440473,0.42123521783046247,0.3804101138688386,0.4085458806324684,0.3421749900145948,0.0,0.31863636578896587,0.388233669317754,0.40375979451700644,0.3960059060565552,0.0,0.3419079414939832,0.3678992530495282,0.27863951819047156,0.330539991163664,0.3436610793930257,0.0,0.0,0.3060475637436237,0.4247796238079555,0.3865915867527579,0.405054892397005,0.42657448812278864,0.0,0.0,0.0,0.40673269159392017,0.41333798098759045,0.0,0.0,0.0,0.0,0.0,0.0,0.0,0.4355676280251811,0.0,0.42493636226821424,0.30433948357001595,0.0,0.4047152663164281,0.4047032056722583,0.42599713909540426,0.4199940888782824,0.0,0.0,0.40399594879602085,0.43948822911516544,0.3221391314312466,0.39176339300791024,0.41925355371693473,0.43098839733268757,0.0,0.3546056606755317,0.41628791780076996,0.0,0.40831148920610105
0.3510252178461568,0.35003760750630086,0.2907586628414709,0.0,0.358084180967606,0.39851380801767416,0.4245004589614251,0.4509458374502954,0.36760487574252154,0.33260936854525436,0.29721389766595785,0.33188505178959105,0.40686576475336333,0.40189894714004215,0.3651272184279216,0.3683580450840361,0.3440037069573274,0.3401124119273175,0.29502056888280453,0.3970236756584703,0.38494015104166474,0.3434528020736249,0.4034343908969546,0.3439659784094034,0.31863636578896587,0.0,0.41091264652592374,0.41702222334812633,0.3917710286026846,0.2978640955896084,0.3418426524184512,0.3857451889214304,0.31673349974722154,0.3405673903630109,0.38190758833438054,0.4434410308685863,0.4234909269592728,0.3211532426624499,0.44741689262985734,0.4171356485071837,0.4351512315118448,0.4370142564272078,0.0,0.0,0.0,0.4193025533019189,0.4435364519349961,0.0,0.0,0.0,0.4904072166633773,0.2976315521772707,0.43718180469728846,0.0,0.4571232331544245,0.0,0.44017129706461816,0.3382838659358118,0.0,0.4777339109713294,0.4342043749112339,0.44112088435517605,0.43326983361866434,0.0,0.4647753609249135,0.4795177479294303,0.4652197310937096,0.5049410305738101,0.40483525975231344,0.4300780728679693,0.4484652652437457,0.48406172879110815,0.3931412571551731,0.4990437092505331,0.0,0.4268526131519488
0.4270217047815165,0.39573409644397955,0.3276288229379836,0.4068117552458476,0.36444704532317956,0.33258289922559114,0.39188474226125514,0.41885814654216275,0.3260189608682934,0.4574029121975272,0.3809439951312798,0.31333241469244955,0.4050055768174537,0.4263892831279595,0.3536151461144437,0.40698248464897935,0.3151759566984859,0.42862052396957834,0.3569835534926116,0.27980219226232644,0.40861006108755965,0.38655108848063846,0.3137782764900139,0.3055437666075611,0.388233669317754,0.41091264652592374,0.0,0.4211390663182613,0.34858691922413576,0.3962472315140619,0.4013039457935718,0.42536515047853934,0.36324334786607904,0.42317788500628034,0.454392470613406,0.44620180918735664,0.4310081065317573,0.3205141869785337,0.48996881129334446,0.4310689979092897,0.5073390376974682,0.5068092331787157,0.46167512175298714,0.3191098767462476,0.35631348108517885,0.33691540808193976,0.3679657625069296,0.5275218273300506,0.0,0.4590871637564933,0.49130367607538467,0.5339807820523507,0.4832607163072525,0.518882947117331,0.0,0.5002311696756342,0.33023887393904416,0.5409307366695922,0.453542805258181,0.4615415523753314,0.2518538908788067,0.0,0.3123371529165195,0.5301563396598697,0.47705974163872733,0.4941276855503299,0.4886692429513119,0.5045108935251149,0.0,0.25724462117771857,0.45685499675538443,0.4920068261854567,0.5279127943861699,0.5359509732807954,0.48210757923302067,0.5124505906637961
0.38040906909739663,0.44560001100792096,0.4615063853062962,0.2753730965426913,0.39790306451217744,0.3654979714759442,0.35773332528106694,0.4366760623131112,0.43595549081829965,0.4034563250985951,0.4438312405118459,0.4257014523265869,0.32731194788946905,0.321736594657689,0.40297723288557136,0.43739436093657674,0.42120801606940206,0.4255251891922753,0.43380519400607187,0.3673725831654902,0.4292117699347915,0.43396786789084457,0.43059980471700066,0.38487579982609654,0.40375979451700644,0.41702222334812633,0.4211390663182613,0.0,0.3377026367760525,0.3171238130984114,0.3614026410859927,0.39823650849275705,0.34617903955933216,0.38037944886877684,0.35583497450099477,0.24403765669942182,0.21685748122854953,0.34800073074885857,0.4257815259603757,0.25638291660094475,0.4553812822357347,0.382903665537754,0.40421945924844077,0.0,0.0,0.2964797831887521,0.2575288546052998,0.41923704894706154,0.0,0.3199054173661846,0.5131260878638199,0.37433033840481256,0.5063703399672806,0.3475734353013097,0.3867796705221119,0.31089350163588725,0.3331017777839696,0.5634080269708065,0.0,0.44724152889827895,0.27348696178413445,0.0,0.2803011704270666,0.3128105081114863,0.45878415178107484,0.45348222707427077,0.3645004327393241,0.49672472144895,0.0,0.2988990745228062,0.36546447576006075,0.4892129489643547,0.5997179583559351,0.544856836883076,0.368893320973948,0.5029192859154527
0.4063440718320148,0.4078210262828149,0.40085778827243007,0.0,0.39068651232813695,0.3040794644988175,0.40910191207584634,0.3955132777785749,0.38412962116150384,0.3455813217202777,0.33591144854538985,0.27793860247336033,0.38835229375824404,0.0,0.3847988059743562,0.3970057381746141,0.29913211627901126,0.41475211458315814,0.0,0.323311616540047,0.3954182848415572,0.38572294460676004,0.39203657469696684,0.3649336750472924,0.3960059060565552,0.3917710286026846,0.34858691922413576,0.3377026367760525,0.0,0.33499154385556595,0.34592664335283724,0.41863141191617254,0.3457300260354817,0.39168952273282626,0.45075380425704104,0.48741235217887735,0.3857724199180447,0.29756063695653934,0.45939913092284895,0.343166454448668,0.5058142819737915,0.42148122060161747,0.4279198095207597,0.2923619891566985,0.0,0.0,0.38980768188837284,0.37946748115210605,0.0,0.0,0.49572473076030865,0.3622880094829746,0.48528779659465227,0.3186858888913527,0.0,0.0,0.0,0.5477453591615742,0.0,0.4435097768457456,0.26201308021354663,0.0,0.2608763987235545,0.0,0.470784993923955,0.46595355569349456,0.47338749394907365,0.4674874965797052,0.0,0.24491114545175782,0.42303364491000545,0.4641149757971146,0.520764678007667,0.47337150570869174,0.4400862966913743,0.47512687482993504
0.0,0.4560957800508115,0.4302007416018292,0.0,0.4365598217579253,0.40441869244849443,0.4309534480691703,0.41933490394733886,0.40595033208949216,0.3589042667086035,0.0,0.4461520057231465,0.37519405712227094,0.0,0.4182415167545526,0.39106775834672736,0.0,0.35651341483334364,0.0,0.35185607805194374,0.0,0.4007081226127511,0.4159055922190281,0.0,0.0,0.2978640955896084,0.3962472315140619,0.3171238130984114,0.33499154385556595,0.0,0.3086497226351798,0.39947463863863425,0.30833300862282714,0.3402702157205483,0.36338532598324774,0.36209356765588635,0.3224077508430378,0.0,0.4841848907948745,0.0,0.0,0.0,0.0,0.0,0.0,0.0,0.0,0.0,0.0,0.0,0.0,0.0,0.3559735395053474,0.0,0.0,0.0,0.0,0.3484871902624619,0.0,0.0,0.0,0.0,0.0,0.0,0.0,0.0,0.0,0.497271436451938,0.0,0.0,0.0,0.4783486594728998,0.38669414422842696,0.42137486284108466,0.46694893529619297,0.41528419494845953
0.3383693239967437,0.32929599132034293,0.47044341222895203,0.3316876325775884,0.4333436057681838,0.4306318652530081,0.39228987077639055,0.4379636440539431,0.4541414134375644,0.34239926803761217,0.4568098171779931,0.3626323322850113,0.37947636431604387,0.46436680644818357,0.3622670224890466,0.34532823555280795,0.33034579799480024,0.34961092036738173,0.4644070604962871,0.3484342649711782,0.3717549079048605,0.3472280265728472,0.4309195911377538,0.34901394595590546,0.3419079414939832,0.3418426524184512,0.4013039457935718,0.3614026410859927,0.34592664335283724,0.3086497226351798,0.0,0.4205513774141417,0.2822078104052195,0.2835035219219465,0.3590991096057196,0.3953172273941868,0.327392567690592,0.324607591515596,0.4813644283085914,0.0,0.41088166977632995,0.0,0.42925983115421806,0.0,0.0,0.37198861928457616,0.3922656565721726,0.3790797194973016,0.0,0.0,0.5184599474761081,0.323861763739275,0.5022538084546895,0.32178371966780817,0.3883661275324334,0.35153557409334796,0.3921653534052476,0.3862128957583812,0.0,0.4337266406020483,0.38517104297283533,0.3930196070500602,0.4070710012063714,0.3695396000542496,0.4407705406875866,0.4029930706313714,0.42567391498272816,0.49202527283611913,0.3802902321597528,0.40789373319916467,0.4157540590560606,0.4907485829633425,0.5297831607918976,0.488491390115679,0.4185488881096632,0.44215889333813957
0.3813115789068311,0.3829431740156844,0.45128047111354636,0.2848326368543844,0.37607489363988095,0.42179611778824944,0.4021655121677242,0.3936645180478093,0.41970783518510985,0.3155921341937505,0.39033011064872747,0.24645809964954798,0.38405475885516444,0.2450814037403972,0.3993166780525989,0.4025407332318271,0.38341909717630757,0.3947110823432843,0.41617699796680074,0.4221239941743794,0.4213468990771027,0.4024674270476525,0.41602072903131637,0.27337528606428974,0.3678992530495282,0.3857451889214304,0.42536515047853934,0.39823650849275705,0.41863141191617254,0.39947463863863425,0.4205513774141417,0.0,0.31373319062122285,0.3150033922997515,0.3756493758027512,0.26369420530716575,0.30960927268754007,0.2337621000249157,0.2886055074438541,0.29806542381697143,0.32150870676752075,0.3295305312650712,0.28903804508254666,0.2700731003278318,0.2662339668303582,0.4012812731665356,0.42739134469191825,0.4657393085400517,0.0,0.32080295309329243,0.4678841892168253,0.35904494903806433,0.44958513566528874,0.4818404014662243,0.27194078139184075,0.36996020395114576,0.23501453645981624,0.4315079214548326,0.0,0.4629119943162609,0.42647569341907154,0.0,0.46544700542175654,0.4194014614006802,0.46554079944591426,0.4544325807624819,0.45036188006198946,0.48322264686025923,0.25815500760799637,0.4166710548187514,0.4418945801888898,0.4789393657602655,0.4325875115854128,0.47334591889696964,0.481614662427602,0.46218304667225735
0.3001578283808109,0.3141548973705314,0.0,0.4148890655662226,0.35820228832484824,0.36229053023452157,0.37399825607866605,0.36700595791767066,0.3786302077989193,0.2882933562603825,0.3700137326537629,0.2382299142990407,0.38392114618853757,0.0,0.33978355576685537,0.3028937528273118,0.3068808514578257,0.3011986506291859,0.32914244946057936,0.35862331288540267,0.3619705767935126,0.33362161621010145,0.3411155459652873,0.2084162656960133,0.27863951819047156,0.31673349974722154,0.36324334786607904,0.34617903955933216,0.3457300260354817,0.30833300862282714,0.2822078104052195,0.31373319062122285,0.0,0.20880498678809098,0.3299167861455272,0.25222709052597225,0.21424314331497027,0.1586321947587652,0.3074828485940186,0.22203810951282751,0.24265369847947627,0.3024833534126636,0.0,0.27546291480670043,0.20663598865458876,0.3642994844355141,0.4103901197882625,0.0,0.0,0.0,0.0,0.0,0.0,0.0,0.34157315523918874,0.0,0.34775410173996,0.3053541134163042,0.0,0.449041274712509,0.3985524401935937,0.3205882620570905,0.3878308731161419,0.0,0.4172480580457601,0.4396141267709508,0.43699687986301883,0.45418351796491635,0.3318547534549952,0.37683737332587613,0.4031093688715154,0.4626151923580928,0.33973739248244045,0.0,0.0,0.3513932995246268
0.3267070674753013,0.3332833575330468,0.49358124365329353,0.24831321725073324,0.4319084642124754,0.43250933346925113,0.41019519118607034,0.43876165387188276,0.4567934410888486,0.3283373390751467,0.46212198584580483,0.2739192081216379,0.40929409804843764,0.44218496005237706,0.36872639507998295,0.3466726231313741,0.3528250333567136,0.3533795025633199,0.49200315234795766,0.39399008406092634,0.3811671167833817,0.3683383434410837,0.4287280137215464,0.2615095332526768,0.330539991163664,0.3405673903630109,0.42317788500628034,0.38037944886877684,0.39168952273282626,0.3402702157205483,0.2835035219219465,0.3150033922997515,0.20880498678809098,0.0,0.25454038141903335,0.3280029161336251,0.22567388191215557,0.2054320032956558,0.30240224649266184,0.2219160247357456,0.26405887384312,0.2857019743551041,0.28436989775634663,0.0,0.23683400188714135,0.36787566646549763,0.4002665148095571,0.3510039944718656,0.0,0.0,0.5218403653096384,0.31357774497426144,0.482681198242964,0.3137478103972984,0.3369965651823707,0.2697714897596464,0.32076890760818666,0.3325305998476342,0.0,0.44510704546634283,0.3866954466542941,0.3654433132484949,0.40330251868903183,0.0,0.4455453475373152,0.42500348437727536,0.4315167818222832,0.4942036695064826,0.3716068126359685,0.3973126291442841,0.4179446792448654,0.4830971894421168,0.4090896184832885,0.5025779083472567,0.441961532711483,0.4110672887371487
