0.0,0.2789198009451346,0.0,0.0,0.0,0.3038311285231661,0.2580338822578596,0.4991781835603187,0.0,0.33680459688793635,0.0,0.3476108257299546,0.2870240653829527,0.0,0.3608764036957291,0.30664206996669946,0.3216190163648491,0.3278419197407306,0.0,0.3577062565188409,0.42147342490249207,0.31480921095887837,0.4279644873276239,0.37064368042779133,0.3050311550668292,0.32211670829923983,0.40319375224905163,0.29951991123641103,0.3755326629478416,0.34908118747551026,0.30901304261380413,0.3790514623326543,0.2702801892382081,0.2576255770649613,0.3151718691444487,0.0,0.0,0.34376791951022906,0.4261586569355775,0.35900250594560823,0.3418480039082872,0.3352900291855556,0.0,0.0,0.0,0.37362047010765503,0.3766954195250139,0.0,0.0,0.0,0.0,0.0,0.0,0.0,0.0,0.0,0.0,0.0,0.0,0.0,0.38267296426541003,0.0,0.3816357557163651,0.0,0.0,0.39250062614676823,0.38051045663229405,0.0,0.42956651925855516,0.3812847419718653,0.38411347762714043,0.0,0.0,0.3561246552514292,0.0,0.0
0.2789198009451346,0.0,0.28894843902545564,0.0,0.3205498887482152,0.32890645453787615,0.32542138439824686,0.414827941863731,0.26315175809031266,0.22787932333520985,0.0,0.0,0.3681364332177939,0.0,0.3597108061735765,0.317126845847805,0.28339403979372385,0.3346000342502676,0.0,0.344599933653504,0.35222852895954193,0.34125007144667646,0.3434947485221563,0.2754569769559582,0.3117265019427574,0.31729271231722417,0.34370385990847885,0.3658176251528337,0.33554092557273046,0.0,0.28220297925820875,0.3774245792024994,0.2623990353593449,0.2817530855393892,0.3146966540482821,0.0,0.0,0.0,0.4109602807311174,0.367452768427465,0.3731804437055383,0.41553763462022475,0.0,0.0,0.0,0.34944291712964487,0.39351406496476526,0.0,0.0,0.0,0.0,0.0,0.0,0.0,0.0,0.0,0.0,0.0,0.0,0.3850724698506253,0.37217071026410914,0.0,0.33755494081500204,0.0,0.34360207166888124,0.40748990484531855,0.40994155328856763,0.29782976051201115,0.0,0.3530882692678408,0.39531328518408826,0.3332308403688554,0.0,0.0,0.0,0.33726190945072854
0.0,0.28894843902545564,0.0,0.0,0.3523592883174699,0.35102069480539927,0.359881971805091,0.4293748170703779,0.2832118356327009,0.3507788495372165,0.3133552069396358,0.0,0.3871388918888375,0.403747276588254,0.0,0.0,0.0,0.0,0.24162131181911875,0.0,0.32705322686586585,0.0,0.3461863334982626,0.0,0.0,0.2803473760780826,0.28915703356791955,0.3909544061789119,0.0,0.39767850709647284,0.4074498189599621,0.39200686747244917,0.0,0.39215271883720654,0.4076388837001232,0.35948830807827886,0.33293720484534156,0.0,0.39369125365969565,0.0,0.3980337496612167,0.36630547335095126,0.418405544746113,0.0,0.0,0.0,0.0,0.47133189418689114,0.0,0.46251259594899957,0.4835801549487228,0.41827159360270044,0.41522648858595435,0.5183668857313369,0.0,0.50079944466416,0.0,0.41316030931939246,0.44398241302013464,0.0,0.0,0.0,0.0,0.5796134679080277,0.0,0.0,0.0,0.511236591884367,0.0,0.0,0.0,0.5066478977697061,0.3710757182949691,0.0,0.0,0.39696226280108343
0.0,0.0,0.0,0.0,0.2806381022545661,0.36615414957901243,0.2727120193710571,0.29431702082004324,0.33542080824478687,0.2354587245023254,0.3180679246467545,0.0,0.2702438898396472,0.3018243396232126,0.0,0.0,0.0,0.0,0.35710603956839165,0.0,0.0,0.0,0.3567142255843891,0.0,0.0,0.0,0.3545194694761306,0.21416005335521096,0.0,0.0,0.0,0.27210650976886125,0.0,0.2291868690553869,0.2223067788806991,0.20762723117860638,0.15373841626227747,0.25467080757453103,0.0,0.0,0.0,0.0,0.0,0.0,0.0,0.0,0.0,0.0,0.0,0.0,0.0,0.0,0.0,0.0,0.0,0.0,0.0,0.0,0.0,0.0,0.0,0.0,0.0,0.0,0.0,0.0,0.0,0.0,0.0,0.0,0.0,0.0,0.0,0.0,0.0,0.0
0.0,0.3205498887482152,0.3523592883174699,0.2806381022545661,0.0,0.34335274799821625,0.30948708347911563,0.3685429072251526,0.3178984565889842,0.3395153279364927,0.31736206496788655,0.3638376100776504,0.3605256258826346,0.28822651691921225,0.0,0.3636110513908705,0.3672810589162808,0.3479182143906465,0.3331598235854427,0.0,0.0,0.38790967463881204,0.3784727195603409,0.37057595379599545,0.2873009931238255,0.2670980221972864,0.36721715851940645,0.33939159345072617,0.3588466868952718,0.41836785356654477,0.41407193275403703,0.3791146354194063,0.0,0.4061687831052941,0.402787038723279,0.2529985593409936,0.2861869731563853,0.3465617741241707,0.33643192922356874,0.0,0.3780573311229928,0.27676787594620994,0.3444312787047632,0.0,0.0,0.0,0.0,0.46531780717989746,0.0,0.40257066724838875,0.4111496783197673,0.356705818290525,0.40637619720440743,0.4354030261793,0.0,0.4509276691380526,0.0,0.30913785846010516,0.3758489071004077,0.0,0.0,0.0,0.0,0.4808032234228399,0.0,0.0,0.0,0.47316263816229825,0.0,0.0,0.0,0.4327582031075075,0.3254006133690645,0.331542827672412,0.0,0.34443945780152035
0.3038311285231661,0.32890645453787615,0.35102069480539927,0.36615414957901243,0.34335274799821625,0.0,0.3661503401758916,0.3675065109336268,0.3005152764902163,0.3890851676716947,0.3785972091880409,0.0,0.37069149968519377,0.0,0.3182900425284763,0.35075330476200417,0.0,0.3145650860859742,0.3521508142876251,0.34492435090160606,0.3352163009910952,0.3653879896168131,0.3808624468372703,0.0,0.30829549561391323,0.3216380989256624,0.33476955285383286,0.3450440237335863,0.2819857751993526,0.3816256526254982,0.41171896574451816,0.3973514897205847,0.3080189507584034,0.41201320813221387,0.42319891794361264,0.41354206032927177,0.38825647482471237,0.3332260406124338,0.447665248948536,0.0,0.44808301105601267,0.41830627733085163,0.3421945318008859,0.0,0.0,0.0,0.24910715359887173,0.4898949007092543,0.0,0.3788005108505486,0.4422021053449954,0.4098733141546033,0.3993941560967303,0.4853337765088094,0.0,0.42099843469960463,0.0,0.3985197325046489,0.41504189261822316,0.3303806793030569,0.21241033333605694,0.0,0.0,0.48876959479641613,0.3285713589700766,0.3606946637626845,0.3158259131378083,0.4541983877982174,0.0,0.2266890211317362,0.2985588886726972,0.44548988778854476,0.4048456248162432,0.4138080487655692,0.41037816464272836,0.4395347974773088
0.2580338822578596,0.32542138439824686,0.359881971805091,0.2727120193710571,0.30948708347911563,0.3661503401758916,0.0,0.4035804754874646,0.3435539285532828,0.3017131016040107,0.38757306888452553,0.34314221571273334,0.3158932236793198,0.29550109839445665,0.0,0.36406309327931297,0.35316435669149854,0.32944487453043336,0.3999143769030772,0.3940070902010978,0.35533669444755245,0.4104647333809098,0.3893881010630014,0.0,0.29073536251044374,0.2931874319992721,0.379378153839823,0.29943051516181235,0.38600390454144407,0.4201563285038778,0.3926748314438033,0.37522548002749645,0.33831556403663793,0.37954034490837,0.3604727020353212,0.25087748611200883,0.27740326991922293,0.35511424385824203,0.333125658629224,0.0,0.3404769778115695,0.0,0.30680193612264883,0.0,0.0,0.0,0.0,0.4201181404432119,0.0,0.3454380649175924,0.37086110600514827,0.3427088740309363,0.35579088447932566,0.3931785481964081,0.0,0.38189440999830476,0.0,0.3173189159241447,0.3594982051795206,0.0,0.0,0.0,0.0,0.41082276956758035,0.0,0.27375027647067557,0.0,0.460626950747493,0.0,0.0,0.0,0.4135058697750688,0.313695806455558,0.32481571127447567,0.0,0.32242818553613184
0.4991781835603187,0.414827941863731,0.4293748170703779,0.29431702082004324,0.3685429072251526,0.3675065109336268,0.4035804754874646,0.0,0.42221990234462514,0.4119448471820572,0.24456196812484388,0.0,0.40299379364896437,0.2866234001902261,0.30101717529804806,0.4071240930023814,0.3147777855997132,0.4292269635845879,0.38744310457239806,0.3510429625626679,0.4041837967172,0.37611481807136476,0.33245758530426495,0.4968952516674649,0.44591845836591315,0.4611214830769005,0.4110574930127085,0.3849336121901809,0.3319853063777899,0.37296025671926997,0.40528783007817115,0.3306967911767906,0.42127437110385807,0.4159623460298752,0.42221561109361944,0.22373053029805576,0.17909962661500556,0.0,0.3739311803854103,0.0,0.43953432394265524,0.4496842849676382,0.29775840611422105,0.0,0.0,0.0,0.0,0.4608992310466938,0.0,0.4238842773465699,0.4014500728525621,0.4033974332794971,0.28028400759272526,0.4554616867912376,0.0,0.3533940568951151,0.0,0.3942273263573694,0.37904685115313574,0.0,0.0,0.0,0.0,0.4647439704340265,0.0,0.0,0.0,0.4239580287287535,0.0,0.0,0.0,0.4379206133891237,0.39685495424834416,0.38151693483591986,0.0,0.44006558307634736
0.0,0.26315175809031266,0.2832118356327009,0.33542080824478687,0.3178984565889842,0.3005152764902163,0.3435539285532828,0.42221990234462514,0.0,0.33593791555809605,0.27227270400165604,0.3366027576143476,0.3651253472912187,0.35506862974663056,0.0,0.33784489389090483,0.3091641701804432,0.29466031259207653,0.24528488537244714,0.3726579281529234,0.3007901599137567,0.36982452881508787,0.3801418151378173,0.3412693085184358,0.21745082427864748,0.21746009233901673,0.3228492435305006,0.3930212496967303,0.3629940300454382,0.3774502602008353,0.4135473600636526,0.392381753483487,0.31792767353306695,0.40549484955180015,0.3924096512621864,0.36035492490936316,0.3577827413773511,0.2983076134109351,0.4042661530306087,0.0,0.34592813360139374,0.0,0.4181092273477583,0.0,0.0,0.0,0.0,0.5037244414737191,0.0,0.4114297329885124,0.46453022600272137,0.4056004597620116,0.4610795019733507,0.4586765019898177,0.0,0.473043709195812,0.0,0.3607126159125835,0.44294437284452753,0.0,0.0,0.0,0.0,0.5176640749387946,0.0,0.0,0.0,0.49643556805066624,0.0,0.0,0.0,0.4945447254324227,0.34020849121697366,0.32343761100300983,0.0,0.34063089840750255
0.33680459688793635,0.22787932333520985,0.3507788495372165,0.2354587245023254,0.3395153279364927,0.3890851676716947,0.3017131016040107,0.4119448471820572,0.33593791555809605,0.0,0.35453569667496426,0.24712998125108981,0.3592345145529902,0.35875634404978957,0.0,0.33302864511355185,0.2828168286031895,0.2928235553612257,0.37399835731394077,0.0,0.0,0.0,0.3800553216031153,0.2719837680753811,0.2889831581364334,0.27436941546130694,0.3813256220704819,0.3341620832812548,0.0,0.0,0.2833834460620434,0.33992452176147686,0.22436187813183234,0.25999970581026954,0.25706472477888204,0.26505091139463327,0.24371918700845857,0.25345205131388143,0.3559972245980309,0.2812593063128956,0.31709195464264744,0.351639479446904,0.0,0.0,0.31319656673827684,0.0,0.0,0.0,0.0,0.0,0.0,0.32628566994872127,0.0,0.0,0.3241355690502723,0.31162088762143886,0.33744777729767184,0.3321313052731526,0.0,0.0,0.286263742746709,0.25575208729125004,0.25808769969779377,0.0,0.0,0.0,0.0,0.0,0.3048868656659888,0.27539923301855673,0.30078536197557265,0.0,0.3573359660413258,0.0,0.0,0.32636608474866774
0.0,0.0,0.3133552069396358,0.3180679246467545,0.31736206496788655,0.3785972091880409,0.38757306888452553,0.24456196812484388,0.27227270400165604,0.35453569667496426,0.0,0.35058053286687013,0.39526844575275705,0.2753665591541804,0.0,0.0,0.3168369354176578,0.31346129336983486,0.28146411566763524,0.0,0.0,0.0,0.3378987196965641,0.3749255424043052,0.0,0.2821084012717063,0.3311350123178815,0.37762157045564754,0.0,0.28460089860561055,0.413086215280335,0.3620259188169829,0.3515936635606606,0.3958779685662133,0.39162843239905254,0.2705827535938848,0.3166079255534577,0.32893237448037804,0.256676430684723,0.0,0.0,0.0,0.25477377351182745,0.0,0.0,0.0,0.0,0.47352792569764884,0.0,0.44126010093324514,0.4031438155762304,0.446761841266472,0.3184479707002113,0.47039077258109946,0.0,0.34134011597252817,0.0,0.0,0.3256366791422973,0.0,0.0,0.0,0.0,0.5105966549158785,0.0,0.0,0.0,0.4037567185849028,0.0,0.0,0.0,0.4572560930290983,0.3937154878995776,0.0,0.0,0.0
0.3476108257299546,0.0,0.0,0.0,0.3638376100776504,0.0,0.34314221571273334,0.0,0.3366027576143476,0.24712998125108981,0.35058053286687013,0.0,0.3248326664014174,0.0,0.0,0.0,0.2500666029861304,0.27279583970868143,0.3465137732037721,0.0,0.0,0.0,0.0,0.25110494559679036,0.2719394601711429,0.2614210190169429,0.0,0.3270371724450346,0.0,0.0,0.2819142825439687,0.27111348522085416,0.24367352087536745,0.2507858568013806,0.30962281541429515,0.3063149085694278,0.3191986351129014,0.2299127470480004,0.3746530741783472,0.2798315509601036,0.31573223066012573,0.3404071887249527,0.0,0.0,0.3038934810521551,0.0,0.0,0.0,0.0,0.0,0.0,0.0,0.0,0.0,0.33750862511737945,0.0,0.3600832574522857,0.3376642593314287,0.0,0.0,0.0,0.21361391087055406,0.28671110950823,0.0,0.0,0.0,0.0,0.0,0.3220717589102307,0.2894098598971889,0.3129168354655712,0.0,0.3670452607400291,0.0,0.0,0.335212603937156
0.2870240653829527,0.3681364332177939,0.3871388918888375,0.2702438898396472,0.3605256258826346,0.37069149968519377,0.3158932236793198,0.40299379364896437,0.3651253472912187,0.3592345145529902,0.39526844575275705,0.3248326664014174,0.0,0.3239690349081383,0.38569469467569484,0.41161239393986665,0.3311151705868463,0.339349262993749,0.411305201068669,0.40074383226821136,0.3892216122567836,0.4201107788916279,0.4004396748840678,0.3095945530480676,0.3559415203658342,0.359880581421564,0.39720625590808495,0.32191773530770584,0.38152303985493974,0.40525403415728284,0.3733883614652326,0.37897550426143733,0.3659325557426942,0.3762434609127637,0.3634819493164891,0.3005787287430954,0.3006706527025719,0.3282964082823285,0.44061084726927713,0.35962612855005427,0.4008452970380095,0.3799509775329732,0.2966810710486654,0.0,0.0,0.2902768368915883,0.25569580092891525,0.4194832649011247,0.0,0.3220075728585572,0.34114729904706564,0.33968368541170807,0.4169037900717153,0.3567019192652165,0.0,0.37551480602536863,0.0,0.3182022433213888,0.0,0.3221254123446301,0.25567259746951376,0.0,0.2817017004205962,0.405356574299743,0.3593821218973434,0.3445106043967944,0.2772395495835048,0.45780067863458707,0.0,0.279692949348461,0.28787210636942756,0.42763972939840283,0.36620973972927034,0.3717887567614949,0.3754362140200425,0.34426409843591477
0.0,0.0,0.403747276588254,0.3018243396232126,0.28822651691921225,0.0,0.29550109839445665,0.2866234001902261,0.35506862974663056,0.35875634404978957,0.2753665591541804,0.0,0.3239690349081383,0.0,0.0,0.0,0.0,0.0,0.3627507384471321,0.0,0.0,0.0,0.3532441060687998,0.0,0.0,0.0,0.4112477975112358,0.25535136344350695,0.0,0.0,0.3954612073277139,0.22015016406896862,0.0,0.3769403212951992,0.43341840495615364,0.2107108499761935,0.15721773188858804,0.0,0.33551096889439214,0.0,0.0,0.0,0.2850926150436432,0.0,0.0,0.0,0.0,0.3987530099689411,0.0,0.0,0.0,0.0,0.32837404415418314,0.40375171936189946,0.0,0.30584311036481404,0.0,0.0,0.3724778362972678,0.0,0.0,0.0,0.0,0.4250265784028312,0.0,0.0,0.0,0.36895683835410875,0.0,0.0,0.0,0.39939419570742046,0.0,0.0,0.0,0.0
0.3608764036957291,0.3597108061735765,0.0,0.0,0.0,0.3182900425284763,0.0,0.30101717529804806,0.0,0.0,0.0,0.0,0.38569469467569484,0.0,0.0,0.35791593554936607,0.0,0.356354864507068,0.0,0.25672276904048413,0.36053022756674263,0.29028944176850735,0.3034475453463211,0.37336543047039095,0.33599195054896347,0.3412915943183771,0.3445119362822819,0.37572045074494476,0.3471695010968612,0.0,0.3690949899947752,0.4075662760867469,0.3589277537385946,0.38434310292870655,0.43049151276678554,0.513252161130987,0.0,0.0,0.42854327913561624,0.4144084802678879,0.37565465258635794,0.4551563635742273,0.0,0.0,0.0,0.0,0.4204566334927713,0.0,0.0,0.0,0.0,0.0,0.0,0.0,0.0,0.0,0.0,0.0,0.0,0.39107093350201333,0.34216369154884957,0.0,0.0,0.0,0.34261956755273043,0.4178363080353374,0.3984598829214571,0.4238117457107422,0.0,0.2745714938356934,0.42157951666667937,0.40789711620570496,0.39181199619022183,0.392916390676358,0.0,0.348380967402649
0.30664206996669946,0.317126845847805,0.0,0.0,0.3636110513908705,0.35075330476200417,0.36406309327931297,0.4071240930023814,0.33784489389090483,0.33302864511355185,0.0,0.0,0.41161239393986665,0.0,0.35791593554936607,0.0,0.32894332429023604,0.3423423626484522,0.0,0.3650457604420759,0.34794293992452996,0.3249086159395107,0.37689342051890484,0.30245163372345857,0.32698389426363955,0.31529134033700845,0.3628952204250277,0.3652709366300314,0.3770397595076165,0.35302499924304326,0.3343033975890279,0.41993003017791103,0.3366921904189576,0.3232836721130912,0.39469970987577413,0.0,0.0,0.0,0.40673300198719264,0.3579536970563623,0.35340995237459627,0.39950882662099657,0.0,0.0,0.0,0.3782700810796355,0.3716706509915394,0.0,0.0,0.0,0.0,0.0,0.0,0.0,0.0,0.0,0.0,0.0,0.0,0.3425867825839783,0.3764932395584114,0.0,0.38200315736165374,0.0,0.35926362688688757,0.37680140707145865,0.37292441268221205,0.0,0.0,0.38164912305168,0.3791899678683271,0.0,0.0,0.3407142778700221,0.0,0.346941459984215
0.3216190163648491,0.28339403979372385,0.0,0.0,0.3672810589162808,0.0,0.35316435669149854,0.3147777855997132,0.3091641701804432,0.2828168286031895,0.3168369354176578,0.2500666029861304,0.3311151705868463,0.0,0.0,0.32894332429023604,0.0,0.2799483520228316,0.33677816289105095,0.3036867200487059,0.3701797580227484,0.31993346582483645,0.3163587305417292,0.3039633816692877,0.32517268677542105,0.2934717481429381,0.0,0.33101033033331745,0.30185057664695414,0.2722256796549187,0.2980803663561782,0.38054732235044275,0.2819850985238603,0.30720122127424776,0.3207635500498707,0.0,0.0,0.2518553384985711,0.40159846460148124,0.34916660918754777,0.31196791820647196,0.37186802954445003,0.0,0.0,0.0,0.3417721619791671,0.0,0.0,0.0,0.0,0.0,0.0,0.0,0.0,0.34497073070034573,0.0,0.30639416391876817,0.0,0.0,0.0,0.3243825616781898,0.3152105138840789,0.3305345744803913,0.0,0.0,0.0,0.0,0.0,0.3463659323473338,0.37006747938132406,0.3726033278205578,0.0,0.0,0.26299045042260805,0.0,0.3161448226006579
0.3278419197407306,0.3346000342502676,0.0,0.0,0.3479182143906465,0.3145650860859742,0.32944487453043336,0.4292269635845879,0.29466031259207653,0.2928235553612257,0.31346129336983486,0.27279583970868143,0.339349262993749,0.0,0.356354864507068,0.3423423626484522,0.2799483520228316,0.0,0.0,0.36574115167473714,0.3895632560107027,0.36259792544048786,0.39479016979576315,0.2977430280819981,0.3096357840865071,0.31801301703994966,0.3367034933306913,0.3457461847587778,0.38241228220464574,0.3346032000855137,0.3155935302899689,0.3699172452292608,0.2907480622837251,0.3227028064420458,0.31935257263436806,0.0,0.0,0.26228069389121733,0.4113654094156229,0.35775094333070995,0.36961639602423324,0.3972795716053831,0.0,0.0,0.0,0.37050131082400667,0.38648465865620313,0.0,0.0,0.0,0.25961358186045363,0.0,0.0,0.0,0.3604189260798612,0.0,0.35690122435115745,0.26202724080297424,0.0,0.28570998928967745,0.3800270626676057,0.3736028069523989,0.3607828991664633,0.0,0.2780444864041719,0.32697257410640723,0.3485580287523246,0.22712576524635447,0.34682448537174615,0.36848021154723404,0.3749608534799319,0.3032885955467584,0.2619941566038968,0.26132058831080396,0.0,0.3656954669568026
0.0,0.0,0.24162131181911875,0.35710603956839165,0.3331598235854427,0.3521508142876251,0.3999143769030772,0.38744310457239806,0.24528488537244714,0.37399835731394077,0.28146411566763524,0.3465137732037721,0.411305201068669,0.3627507384471321,0.0,0.0,0.33677816289105095,0.0,0.0,0.0,0.0,0.0,0.3311343308072501,0.3212520691051329,0.0,0.31154258475358493,0.2804996503078352,0.4039780701477497,0.0,0.35298110441461095,0.41262722020991993,0.39734881021115476,0.0,0.3869752397472828,0.4080629097601567,0.3578445376568468,0.3713043069937424,0.3425839672991142,0.4060207168227991,0.0,0.0,0.0,0.4041113179842268,0.0,0.0,0.0,0.0,0.4186745545291121,0.0,0.4507354301275275,0.4685608027261157,0.4310733850048451,0.4697289232762244,0.5183479275515647,0.0,0.49744988797804923,0.0,0.367660810432054,0.3681294337877869,0.0,0.0,0.0,0.0,0.5413956527571813,0.0,0.0,0.0,0.5167000680465542,0.0,0.0,0.0,0.5158845104218237,0.0,0.0,0.0,0.41045219438725705
0.3577062565188409,0.344599933653504,0.0,0.0,0.0,0.34492435090160606,0.3940070902010978,0.3510429625626679,0.3726579281529234,0.0,0.0,0.0,0.40074383226821136,0.0,0.25672276904048413,0.3650457604420759,0.3036867200487059,0.36574115167473714,0.0,0.0,0.37415292014103996,0.3014192003472914,0.2182516586509788,0.3359576178929135,0.3306354761270974,0.3696644422563088,0.305615135929224,0.35329425368412987,0.29274515300887105,0.30786388398317616,0.3246512036545844,0.42208221870367196,0.368454982714686,0.37058647034629527,0.4250847224110589,0.4500011047152158,0.0,0.0,0.41899914664632604,0.3223316151177084,0.2755728538149585,0.42803134221327793,0.0,0.0,0.0,0.33178098244738297,0.3465635668225737,0.0,0.0,0.0,0.4044197237008203,0.0,0.0,0.0,0.0,0.0,0.0,0.0,0.0,0.3519251982767494,0.27082245732059873,0.0,0.2597591718169146,0.0,0.37860268991991325,0.3291950710517618,0.39750949551880593,0.4042563048792652,0.0,0.25361072207547725,0.3674568200340624,0.413645058254019,0.39334513495615225,0.331029724468245,0.0,0.3838683269902869
0.42147342490249207,0.35222852895954193,0.32705322686586585,0.0,0.0,0.3352163009910952,0.35533669444755245,0.4041837967172,0.3007901599137567,0.0,0.0,0.0,0.3892216122567836,0.0,0.36053022756674263,0.34794293992452996,0.3701797580227484,0.3895632560107027,0.0,0.37415292014103996,0.0,0.3736278517888036,0.35070016020962524,0.47734443736761434,0.3908741231950191,0.3783537379496926,0.4031663491698365,0.39185374202039613,0.3646945559134757,0.376303231828084,0.3542304304434384,0.40292583633648416,0.31268905693828364,0.349886331341356,0.40756462698369234,0.45082985929256375,0.0,0.0,0.4456772333955831,0.3593320671169631,0.40891236712464796,0.0,0.0,0.0,0.0,0.3921497866855349,0.39896539181439467,0.0,0.0,0.0,0.0,0.0,0.407446605321978,0.0,0.0,0.0,0.0,0.0,0.0,0.4078334039357626,0.34128331481183466,0.0,0.0,0.0,0.3789494547443903,0.38079981554352493,0.4129877278417344,0.43289124797214307,0.0,0.32588612597207106,0.4418244683287989,0.41203425584879055,0.40481959432197384,0.4084395166522496,0.0,0.3805021413107132
0.31480921095887837,0.34125007144667646,0.0,0.0,0.38790967463881204,0.3653879896168131,0.4104647333809098,0.37611481807136476,0.36982452881508787,0.0,0.0,0.0,0.4201107788916279,0.0,0.29028944176850735,0.3249086159395107,0.31993346582483645,0.36259792544048786,0.0,0.3014192003472914,0.3736278517888036,0.0,0.37197027949610706,0.0,0.3239806499406703,0.34508659404693176,0.3784060445639881,0.4011541976683974,0.3408185142846638,0.3820413377223897,0.3323264084402547,0.4203056782248908,0.35671976371246417,0.36592630485818195,0.4191072251293025,0.4696621140822198,0.0,0.0,0.434926305491279,0.4009132773311188,0.41562656073093673,0.43350456956831923,0.0,0.0,0.0,0.3636932450016476,0.39950863888270804,0.0,0.0,0.0,0.3329374185318115,0.0,0.0,0.0,0.0,0.0,0.0,0.0,0.0,0.41989141086524084,0.33208646694638555,0.0,0.3095548463922925,0.0,0.39811156706163003,0.4193123500453343,0.4121054184977152,0.3975233156370651,0.0,0.31651660509047613,0.4328887119297428,0.34763000187337817,0.0,0.37075719214231956,0.0,0.3436324957010029
0.4279644873276239,0.3434947485221563,0.3461863334982626,0.3567142255843891,0.3784727195603409,0.3808624468372703,0.3893881010630014,0.33245758530426495,0.3801418151378173,0.3800553216031153,0.3378987196965641,0.0,0.4004396748840678,0.3532441060687998,0.3034475453463211,0.37689342051890484,0.3163587305417292,0.39479016979576315,0.3311343308072501,0.2182516586509788,0.35070016020962524,0.37197027949610706,0.0,0.46589632431333966,0.37077847092342864,0.38251343856521786,0.30530453586773815,0.38618574640873216,0.34859655793498356,0.37525769690734534,0.3894270260992138,0.3880444624113063,0.31733928935224553,0.4018919547935656,0.3965760005184282,0.38364185323120614,0.35301990910210007,0.3341736904929869,0.4492272178658666,0.44776106012356864,0.4745916587692381,0.4868064502287174,0.3885242931061416,0.3776122745850239,0.0,0.0,0.3489755402711909,0.5211523546234329,0.0,0.43153384664133576,0.4698048043436751,0.47083317189670015,0.4213890755396272,0.5101321570379181,0.0,0.4885265207372669,0.0,0.45708415028115634,0.42196746013354025,0.40867481949390194,0.2922498245875829,0.0,0.0,0.550108131382669,0.3979941960118842,0.4001883997560246,0.388799049279413,0.48765827195615646,0.0,0.2420923766637477,0.386740464002421,0.4781535731973115,0.4550460972841232,0.4294273910942593,0.46448223388895765,0.4619300074191755
0.37064368042779133,0.2754569769559582,0.0,0.0,0.37057595379599545,0.0,0.0,0.4968952516674649,0.3412693085184358,0.2719837680753811,0.3749255424043052,0.25110494559679036,0.3095945530480676,0.0,0.37336543047039095,0.30245163372345857,0.3039633816692877,0.2977430280819981,0.3212520691051329,0.3359576178929135,0.47734443736761434,0.0,0.46589632431333966,0.0,0.28688004185571525,0.2970218776371824,0.39271631396094464,0.3517946160251032,0.33505113849765117,0.0,0.3102712288918052,0.35892768435153033,0.2473434691354784,0.26202892135352285,0.3021541934826094,0.3821083004958148,0.0,0.23599673034361196,0.4188058945013157,0.30623229213915587,0.3214145031786008,0.0,0.0,0.0,0.3097758427025922,0.39096027352058593,0.0,0.0,0.0,0.0,0.0,0.0,0.0,0.0,0.33334867926562595,0.0,0.35383211237888096,0.385202567818663,0.0,0.0,0.3637334452023022,0.3357073690203006,0.3695065478085929,0.0,0.0,0.0,0.0,0.0,0.38636548994168096,0.3689539627764721,0.3740571058801913,0.0,0.0,0.0,0.0,0.36595929366758395
0.3050311550668292,0.3117265019427574,0.0,0.0,0.2873009931238255,0.30829549561391323,0.29073536251044374,0.44591845836591315,0.21745082427864748,0.2889831581364334,0.0,0.2719394601711429,0.3559415203658342,0.0,0.33599195054896347,0.32698389426363955,0.32517268677542105,0.3096357840865071,0.0,0.3306354761270974,0.3908741231950191,0.3239806499406703,0.37077847092342864,0.28688004185571525,0.0,0.3088634757423323,0.32323611040586137,0.3493663673743179,0.33366328515353105,0.28083673313955937,0.3051625225810869,0.37776886378903507,0.26347596516285526,0.29663689521874315,0.33487627195663855,0.0,0.0,0.2297883338788757,0.4096209894984708,0.35112589008016404,0.36420563451390814,0.4058009275075531,0.0,0.0,0.0,0.36054242877346293,0.38498590016102996,0.0,0.0,0.0,0.24905966326074644,0.0,0.0,0.0,0.34609374910380264,0.0,0.3566871586307484,0.27216393891151625,0.0,0.30939563122553415,0.37452866006747876,0.3581944933179623,0.3630789109482062,0.0,0.3339054817866641,0.29851540641484164,0.25069802303197497,0.0,0.3700928592251702,0.36879839592539043,0.3759392327026919,0.2736505835607061,0.28950813074787374,0.3070244122443514,0.0,0.36040039394610784
0.32211670829923983,0.31729271231722417,0.2803473760780826,0.0,0.2670980221972864,0.3216380989256624,0.2931874319992721,0.4611214830769005,0.21746009233901673,0.27436941546130694,0.2821084012717063,0.2614210190169429,0.359880581421564,0.0,0.3412915943183771,0.31529134033700845,0.2934717481429381,0.31801301703994966,0.31154258475358493,0.3696644422563088,0.3783537379496926,0.34508659404693176,0.38251343856521786,0.2970218776371824,0.3088634757423323,0.0,0.3748587615959438,0.28074496519588715,0.33757174944003987,0.26933791617667446,0.3170480201898709,0.38373298154077595,0.291204662807348,0.3108067459339222,0.36471706292488104,0.42419249216350974,0.0,0.2552148326704823,0.4156580627307148,0.36599744107358007,0.3613172459002464,0.4141189967011958,0.0,0.0,0.0,0.37764438187965116,0.39729633869426867,0.0,0.0,0.0,0.28971780806631675,0.0,0.0,0.0,0.3137744712772557,0.0,0.32148838523575834,0.2644671353675698,0.0,0.4384197320587132,0.37150547187069405,0.35238558022385874,0.36865910193921564,0.0,0.3674929529325475,0.4651504425160692,0.41983322580796084,0.3405836139709532,0.3857493132658474,0.3761897531341011,0.39491491343599716,0.33787720134135096,0.30790323452014534,0.29188828470626704,0.0,0.35575091482697413
0.40319375224905163,0.34370385990847885,0.28915703356791955,0.3545194694761306,0.36721715851940645,0.33476955285383286,0.379378153839823,0.4110574930127085,0.3228492435305006,0.3813256220704819,0.3311350123178815,0.0,0.39720625590808495,0.4112477975112358,0.3445119362822819,0.3628952204250277,0.0,0.3367034933306913,0.2804996503078352,0.305615135929224,0.4031663491698365,0.3784060445639881,0.30530453586773815,0.39271631396094464,0.32323611040586137,0.3748587615959438,0.0,0.3838156394360228,0.3212624668324093,0.3572807135303287,0.36534385388253704,0.4008453075208933,0.36685680168642576,0.3909741171271317,0.41128796624325364,0.47939988383387877,0.37076798117013643,0.0,0.4498953305470394,0.4081061839106384,0.443235035237797,0.4511048658613402,0.42572399353705137,0.0,0.0,0.0,0.3490772772176717,0.5109603065629647,0.0,0.43941520864467193,0.4541206473185754,0.43733186205738506,0.45660632108444654,0.5061168974329749,0.0,0.4761533814592832,0.0,0.39774852355481943,0.42460909866995356,0.4174209128739176,0.2590297915696271,0.0,0.0,0.5253940348352412,0.402997746279193,0.41648045606085915,0.3455225712027583,0.48249645467312907,0.0,0.2349697567458947,0.44350710930448034,0.4672154289516704,0.40798280351289995,0.4121579800923469,0.42803597069116717,0.43661696162103103
0.29951991123641103,0.3658176251528337,0.3909544061789119,0.21416005335521096,0.33939159345072617,0.3450440237335863,0.29943051516181235,0.3849336121901809,0.3930212496967303,0.3341620832812548,0.37762157045564754,0.3270371724450346,0.32191773530770584,0.25535136344350695,0.37572045074494476,0.3652709366300314,0.33101033033331745,0.3457461847587778,0.4039780701477497,0.35329425368412987,0.39185374202039613,0.4011541976683974,0.38618574640873216,0.3517946160251032,0.3493663673743179,0.28074496519588715,0.3838156394360228,0.0,0.30976468627826514,0.2735219359132774,0.34585997908211097,0.36639954466677604,0.3449447495402301,0.34819237392422536,0.3187657299505221,0.23669653071909794,0.2354368615443337,0.3029774632315774,0.4417109139945721,0.3789174068460598,0.43796603340942253,0.43332508922479274,0.3271420612578029,0.0,0.0,0.271365492820477,0.2527795219109407,0.35873104143871304,0.0,0.3074261885615284,0.40531218706625655,0.30911057940489717,0.38154933400830765,0.321327036464668,0.35955219781939596,0.332197796061944,0.0,0.3341502484569999,0.0,0.40770982192836364,0.2546125556320298,0.0,0.26002764927411837,0.34541403207087473,0.4101224257726271,0.40126214841622143,0.33407468443480254,0.4488875798679046,0.0,0.2827750950730858,0.3119843462219624,0.43796541862825306,0.4054908727347306,0.39848296964458374,0.3581429462015834,0.3929013533031192
0.3755326629478416,0.33554092557273046,0.0,0.0,0.3588466868952718,0.2819857751993526,0.38600390454144407,0.3319853063777899,0.3629940300454382,0.0,0.0,0.0,0.38152303985493974,0.0,0.3471695010968612,0.3770397595076165,0.30185057664695414,0.38241228220464574,0.0,0.29274515300887105,0.3646945559134757,0.3408185142846638,0.34859655793498356,0.33505113849765117,0.33366328515353105,0.33757174944003987,0.3212624668324093,0.30976468627826514,0.0,0.3246729885783014,0.3234156878785585,0.4115926032693326,0.30451226197918657,0.37024131984501474,0.4151039228499527,0.44455085651192683,0.0,0.0,0.4203996673135862,0.3128683983554954,0.387168041960859,0.40330391668437887,0.38714004152345083,0.0,0.0,0.3157973564546114,0.3072884433104563,0.0,0.0,0.0,0.37612006103540435,0.30371648810248464,0.3766487166519246,0.0,0.0,0.0,0.0,0.3331229446793782,0.0,0.38118647994796523,0.2641571676913385,0.0,0.2637632772306103,0.0,0.35931383618207585,0.3834989746133121,0.35147664389216154,0.4252665440554536,0.0,0.23775452972329872,0.32722347085332865,0.41814784448628484,0.38023849510889773,0.3914751660952958,0.3813108170557235,0.3844493338837148
0.34908118747551026,0.0,0.39767850709647284,0.0,0.41836785356654477,0.3816256526254982,0.4201563285038778,0.37296025671926997,0.3774502602008353,0.0,0.28460089860561055,0.0,0.40525403415728284,0.0,0.0,0.35302499924304326,0.2722256796549187,0.3346032000855137,0.35298110441461095,0.30786388398317616,0.376303231828084,0.3820413377223897,0.37525769690734534,0.0,0.28083673313955937,0.26933791617667446,0.3572807135303287,0.2735219359132774,0.3246729885783014,0.0,0.2961126158445373,0.38652475698867267,0.0,0.34084481241977144,0.34354442615921554,0.38039138283850477,0.0,0.0,0.4438821536950873,0.0,0.408737985997221,0.0,0.3184096906840985,0.0,0.0,0.0,0.0,0.0,0.0,0.0,0.37968172831788205,0.0,0.368320880522242,0.0,0.0,0.0,0.0,0.3093360174873591,0.0,0.0,0.0,0.0,0.2781823146311184,0.0,0.0,0.4430172150331778,0.0,0.4446780594101522,0.0,0.0,0.0,0.4260326121604088,0.3563212742537378,0.3710072769024138,0.0,0.3916027340679266
0.30901304261380413,0.28220297925820875,0.4074498189599621,0.0,0.41407193275403703,0.41171896574451816,0.3926748314438033,0.40528783007817115,0.4135473600636526,0.2833834460620434,0.413086215280335,0.2819142825439687,0.3733883614652326,0.3954612073277139,0.3690949899947752,0.3343033975890279,0.2980803663561782,0.3155935302899689,0.41262722020991993,0.3246512036545844,0.3542304304434384,0.3323264084402547,0.3894270260992138,0.3102712288918052,0.3051625225810869,0.3170480201898709,0.36534385388253704,0.34585997908211097,0.3234156878785585,0.2961126158445373,0.0,0.40520900326071924,0.2966853271793537,0.29420994524451066,0.2729201534609253,0.38082762855645225,0.34977570274402064,0.30280065535752393,0.442332753927434,0.33644254727102196,0.4110873229605454,0.4533893442796383,0.33188171623209,0.0,0.0,0.33148481404358787,0.36850483599379436,0.0,0.0,0.3233009405561845,0.40071649908087326,0.3010243603397412,0.44374449714643294,0.3442166148507409,0.28879659294954774,0.3178962720452704,0.34698409261977287,0.31252534301371776,0.0,0.4252188569076058,0.37130286006881763,0.34073159889979304,0.35965023235178023,0.3040227170294184,0.4060823021490587,0.4036808100879053,0.38591927042579977,0.4652179800497398,0.3798595302175743,0.3650193618465853,0.3898991021245354,0.4421494666676756,0.37226601023434297,0.36883874498759767,0.38701875863539836,0.41347776902468647
0.3790514623326543,0.3774245792024994,0.39200686747244917,0.27210650976886125,0.3791146354194063,0.3973514897205847,0.37522548002749645,0.3306967911767906,0.392381753483487,0.33992452176147686,0.3620259188169829,0.27111348522085416,0.37897550426143733,0.22015016406896862,0.4075662760867469,0.41993003017791103,0.38054732235044275,0.3699172452292608,0.39734881021115476,0.42208221870367196,0.40292583633648416,0.4203056782248908,0.3880444624113063,0.35892768435153033,0.37776886378903507,0.38373298154077595,0.4008453075208933,0.36639954466677604,0.4115926032693326,0.38652475698867267,0.40520900326071924,0.0,0.352331055338147,0.3336370618284113,0.38379779140341813,0.24986625161653994,0.29920987334324955,0.2677459069773945,0.3399722389219075,0.3478138224507565,0.3654656476674085,0.3525497908667634,0.2680084828719508,0.2699791936339282,0.2998914998896407,0.40009365374002454,0.40400939748923653,0.3730107531725032,0.0,0.3427133363126946,0.4406669959042752,0.35832200789865387,0.3778642428845022,0.38099610234842857,0.0,0.3091089969954209,0.0,0.42899097772316164,0.31136700352252883,0.4193000352743509,0.34876891972654683,0.0,0.39994831966707217,0.3641615859496058,0.4092104283571692,0.44458068663423245,0.4271159034507118,0.4474729271186909,0.0,0.39351699009792124,0.4233691007798289,0.4504927853557318,0.44016145100726073,0.4284856828473746,0.44295753096453,0.453099723958939
0.2702801892382081,0.2623990353593449,0.0,0.0,0.0,0.3080189507584034,0.33831556403663793,0.42127437110385807,0.31792767353306695,0.22436187813183234,0.3515936635606606,0.24367352087536745,0.3659325557426942,0.0,0.3589277537385946,0.3366921904189576,0.2819850985238603,0.2907480622837251,0.0,0.368454982714686,0.31268905693828364,0.35671976371246417,0.31733928935224553,0.2473434691354784,0.26347596516285526,0.291204662807348,0.36685680168642576,0.3449447495402301,0.30451226197918657,0.0,0.2966853271793537,0.352331055338147,0.0,0.2388423270856669,0.3604230033052425,0.27988070917403784,0.3065321570387474,0.22133241064234974,0.38410765772192346,0.3428481220818426,0.3250369767410521,0.37222844966541,0.0,0.0,0.2714229930911223,0.3571573141650048,0.37166974006961356,0.0,0.0,0.0,0.0,0.0,0.0,0.0,0.31265165161898417,0.0,0.33229225889548464,0.33196934862570027,0.0,0.40953500786874,0.3641123228532874,0.3286045601991358,0.31239970550080554,0.0,0.3381433558960978,0.4108921075601749,0.4034704165881063,0.0,0.33382769429956066,0.3464522623874914,0.36369658790955783,0.0,0.3737190652579777,0.35073908461798886,0.0,0.31667123839206407
0.2576255770649613,0.2817530855393892,0.39215271883720654,0.2291868690553869,0.4061687831052941,0.41201320813221387,0.37954034490837,0.4159623460298752,0.40549484955180015,0.25999970581026954,0.3958779685662133,0.2507858568013806,0.3762434609127637,0.3769403212951992,0.38434310292870655,0.3232836721130912,0.30720122127424776,0.3227028064420458,0.3869752397472828,0.37058647034629527,0.349886331341356,0.36592630485818195,0.4018919547935656,0.26202892135352285,0.29663689521874315,0.3108067459339222,0.3909741171271317,0.34819237392422536,0.37024131984501474,0.34084481241977144,0.29420994524451066,0.3336370618284113,0.2388423270856669,0.0,0.24874398315776836,0.3325071703960503,0.27791618291263914,0.23581629976373686,0.38934949305522826,0.3139758874450289,0.3771182055372221,0.34408658997427516,0.33751387724292364,0.26482628950945075,0.28703655507434167,0.3124606324207081,0.35341109318102226,0.378745730154689,0.0,0.3440807285443216,0.4149279916033693,0.32839178013214876,0.4471346561845588,0.3457119101696209,0.3218189038047804,0.4180804503891001,0.33938639401038534,0.3688743265392057,0.0,0.4159297514029086,0.35111018041800657,0.3146560419095674,0.3431230142275297,0.35501830133224804,0.4219860968249096,0.3985506310081833,0.3964958493361017,0.4653644067149946,0.3402997545093493,0.3604467583405872,0.3696095984394983,0.4577695591130228,0.44248460597874284,0.41963993619850665,0.4193172128087103,0.37450795363928907
0.3151718691444487,0.3146966540482821,0.4076388837001232,0.2223067788806991,0.402787038723279,0.42319891794361264,0.3604727020353212,0.42221561109361944,0.3924096512621864,0.25706472477888204,0.39162843239905254,0.30962281541429515,0.3634819493164891,0.43341840495615364,0.43049151276678554,0.39469970987577413,0.3207635500498707,0.31935257263436806,0.4080629097601567,0.4250847224110589,0.40756462698369234,0.4191072251293025,0.3965760005184282,0.3021541934826094,0.33487627195663855,0.36471706292488104,0.41128796624325364,0.3187657299505221,0.4151039228499527,0.34354442615921554,0.2729201534609253,0.38379779140341813,0.3604230033052425,0.24874398315776836,0.0,0.3173570553694153,0.2621421528426783,0.290549171915316,0.3675478136098657,0.36370524382586655,0.3922659127500574,0.383108444295988,0.38907406777252296,0.27922683310245483,0.3307252055592296,0.42885793502792724,0.41123288328126534,0.0,0.0,0.0,0.4049429890472159,0.0,0.45177836387095827,0.0,0.0,0.0,0.0,0.36654564655831484,0.0,0.4421547339799986,0.3703072770933424,0.0,0.3666638887952162,0.0,0.39411580177068917,0.4594984487339546,0.43542613984267725,0.47119173450095686,0.0,0.3731821334553233,0.4151126461717307,0.45838706527267165,0.39706942237268367,0.40763710592411906,0.0,0.4026901174154584
0.0,0.0,0.35948830807827886,0.20762723117860638,0.2529985593409936,0.41354206032927177,0.25087748611200883,0.22373053029805576,0.36035492490936316,0.26505091139463327,0.2705827535938848,0.3063149085694278,0.3005787287430954,0.2107108499761935,0.513252161130987,0.0,0.0,0.0,0.3578445376568468,0.4500011047152158,0.45082985929256375,0.4696621140822198,0.38364185323120614,0.3821083004958148,0.0,0.42419249216350974,0.47939988383387877,0.23669653071909794,0.44455085651192683,0.38039138283850477,0.38082762855645225,0.24986625161653994,0.27988070917403784,0.3325071703960503,0.3173570553694153,0.0,0.18015654941981188,0.2973117971138785,0.23271221311806817,0.0,0.0,0.29907284565098347,0.2551153727341031,0.24857670523390013,0.0,0.0,0.0,0.4052691332425812,0.0,0.3756075501081523,0.0,0.0,0.2642307978474441,0.37404824145321464,0.0,0.2672329031352763,0.0,0.4285549586574343,0.3123793563515222,0.0,0.0,0.0,0.0,0.41688973447279615,0.0,0.0,0.0,0.35869295945744867,0.0,0.0,0.0,0.3924010428841327,0.0,0.0,0.0,0.33397987706311094
0.0,0.0,0.33293720484534156,0.15373841626227747,0.2861869731563853,0.38825647482471237,0.27740326991922293,0.17909962661500556,0.3577827413773511,0.24371918700845857,0.3166079255534577,0.3191986351129014,0.3006706527025719,0.15721773188858804,0.0,0.0,0.0,0.0,0.3713043069937424,0.0,0.0,0.0,0.35301990910210007,0.0,0.0,0.0,0.37076798117013643,0.2354368615443337,0.0,0.0,0.34977570274402064,0.29920987334324955,0.3065321570387474,0.27791618291263914,0.2621421528426783,0.18015654941981188,0.0,0.30470395548464685,0.2782488673448275,0.0,0.0,0.2950910755527531,0.0,0.2755353830987472,0.0,0.0,0.0,0.0,0.0,0.0,0.0,0.0,0.0,0.0,0.0,0.0,0.0,0.0,0.0,0.0,0.0,0.0,0.0,0.0,0.0,0.0,0.0,0.0,0.0,0.0,0.0,0.0,0.0,0.0,0.0,0.0
