0.0,0.2553728229026463,0.0,0.0,0.0,0.23602961410784698,0.22360596873739316,0.4623812259940688,0.0,0.3125887060209441,0.0,0.3242692245168406,0.24093454785717092,0.0,0.3350398615946889,0.2817697268275375,0.3071760158896348,0.3012662641478979,0.0,0.3172911023088336,0.39136422676946664,0.29025629169375217,0.3961072712710672,0.34730905607218326,0.27981550218781237,0.2978682420215957,0.37251106396378236,0.2848170779085146,0.34143118717163035,0.32849407446781437,0.2853450379987076,0.3500643656086073,0.24567114451034752,0.2359966462482201,0.3110666984793871,0.0,0.0,0.3087981128474937,0.3930486262767791,0.32785694374918045,0.32864323001401863,0.3272356952536283,0.0,0.0,0.0,0.3478681785616722,0.34508516570776415,0.0,0.0,0.0,0.0,0.0,0.0,0.0,0.0,0.0,0.0,0.0,0.0,0.0,0.3493498351965913,0.0,0.31920617530544654,0.0,0.0,0.3628538416624323,0.3492865877345059,0.0,0.4037775877941765,0.3475043467919476,0.34878600123348236,0.0,0.0,0.3317493038418617,0.0,0.0
0.2553728229026463,0.0,0.24141234094548736,0.0,0.28709247871733157,0.30497607311110375,0.24951525576655778,0.3820873372094043,0.2161166356459741,0.1951607003112116,0.0,0.0,0.33980028027484577,0.0,0.33322475947950075,0.29304203341901214,0.26221341930013886,0.30966758192085786,0.0,0.31933618610339604,0.32361525506971967,0.31770827460055195,0.3165894145652312,0.2588190915994938,0.2901846362416127,0.29301807593399903,0.3176101797187151,0.33759720732208887,0.30966942939249736,0.0,0.262216750783249,0.3501736543991494,0.24271894712509745,0.26191372933098395,0.3370721517077617,0.0,0.0,0.0,0.3792549971589799,0.3383975208162194,0.3434647077926572,0.38242144144477985,0.0,0.0,0.0,0.3217854995797345,0.36240301243133627,0.0,0.0,0.0,0.0,0.0,0.0,0.0,0.0,0.0,0.0,0.0,0.0,0.3539143694618689,0.3415930145879764,0.0,0.3097959238284666,0.0,0.3155927745903491,0.3749228323384685,0.3782495234495924,0.2328826274967587,0.0,0.32280479601084594,0.36413282289641713,0.25456060865227137,0.0,0.0,0.0,0.294230600151074
0.0,0.24141234094548736,0.0,0.0,0.32500234358666286,0.32477293183470585,0.32938042380038934,0.3958783256532732,0.26218395130638983,0.28652147779413845,0.2913045422036239,0.0,0.35464472032522115,0.371842497254848,0.0,0.0,0.0,0.0,0.22722512000536252,0.0,0.3020889243617328,0.0,0.3217649319508028,0.0,0.0,0.22716227595143412,0.2685551910193332,0.35845989833957914,0.0,0.35904195192382576,0.372996876062308,0.3582880564916625,0.0,0.3567856385263151,0.3610374253490031,0.3269157048947743,0.29268969435561826,0.0,0.31977587515401745,0.0,0.32572553604141524,0.3172858260053899,0.38225598017717966,0.0,0.0,0.0,0.0,0.4350122117384308,0.0,0.39749558663450874,0.4432924483004591,0.28390529238479667,0.38095262232826943,0.47722072572200547,0.0,0.4569084381483533,0.0,0.3364773459517118,0.4034389898698711,0.0,0.0,0.0,0.0,0.5300566214859221,0.0,0.0,0.0,0.4713817106840291,0.0,0.0,0.0,0.464188522141325,0.28643320028413904,0.0,0.0,0.33868640793690263
0.0,0.0,0.0,0.0,0.2620608889159186,0.3326152044355558,0.253795149036321,0.26883150704328324,0.28986208250415113,0.20730709444550718,0.2918434340926731,0.0,0.23957659994494593,0.2733156040410046,0.0,0.0,0.0,0.0,0.3210738899525479,0.0,0.0,0.0,0.3231384872369039,0.0,0.0,0.0,0.3167071258191148,0.19713481335869484,0.0,0.0,0.0,0.2503306613981775,0.0,0.20940113051130654,0.2025477760693715,0.18534223491400764,0.14142681375327637,0.22483346013662064,0.0,0.0,0.0,0.0,0.0,0.0,0.0,0.0,0.0,0.0,0.0,0.0,0.0,0.0,0.0,0.0,0.0,0.0,0.0,0.0,0.0,0.0,0.0,0.0,0.0,0.0,0.0,0.0,0.0,0.0,0.0,0.0,0.0,0.0,0.0,0.0,0.0,0.0
0.0,0.28709247871733157,0.32500234358666286,0.2620608889159186,0.0,0.3168801543841063,0.2876214523203447,0.33812361269614954,0.2940335717396015,0.30161288469150543,0.29456666248897584,0.31685961830562526,0.331859128630598,0.2651217626063246,0.0,0.3248155746932596,0.33199592012517515,0.2952221464929099,0.3064917096157599,0.0,0.0,0.35791835347707845,0.34887739248522975,0.3362452624858708,0.23479408314548328,0.2327922728503818,0.3393881139032798,0.3132279095907291,0.33145178069902603,0.3886383524380159,0.38058844574417877,0.35036117949095363,0.0,0.3721201149994686,0.3694359440788563,0.23205036408873575,0.2660853448654471,0.3058468026206977,0.27812430400967797,0.0,0.3045483457948011,0.24499823833000756,0.29371861544006034,0.0,0.0,0.0,0.0,0.40339804448854816,0.0,0.3310740518787716,0.3644648342714615,0.28438645069271623,0.35931546133925313,0.3771925572533845,0.0,0.39804786980622614,0.0,0.24800173842896409,0.33091651445528447,0.0,0.0,0.0,0.0,0.41158578497186205,0.0,0.0,0.0,0.4330197568735431,0.0,0.0,0.0,0.3676784306877746,0.24876280960721328,0.26899890880935484,0.0,0.2910001009364148
0.23602961410784698,0.30497607311110375,0.32477293183470585,0.3326152044355558,0.3168801543841063,0.0,0.336452199491898,0.3355035193230277,0.2770187016919082,0.35727628575550435,0.350371741831668,0.0,0.3429696925417713,0.0,0.2958093976506262,0.32386746506922615,0.0,0.288862996455963,0.3106936181162159,0.3196799461929004,0.3055050733807188,0.3377336501216972,0.35319039955721865,0.0,0.2860230677862056,0.2981408767344047,0.3088025610361828,0.31638681459117673,0.2562630048390132,0.351555488904765,0.37802277861769845,0.365587479198209,0.28358724175801137,0.3782611452534821,0.3903413496109291,0.38012529681581125,0.3560287979413191,0.2868614021809383,0.41095809746758394,0.0,0.4022329647752876,0.37095837937536114,0.2558930526166069,0.0,0.0,0.0,0.14401650664426316,0.4483719208782829,0.0,0.30389494472364115,0.4021975765992789,0.25232395867308816,0.36098803471936786,0.4434172323149463,0.0,0.323878507514641,0.0,0.29799441421197376,0.3837494816954825,0.25070662071587635,0.16850786403201595,0.0,0.0,0.44194994599442416,0.26076543522800205,0.32201331923208637,0.04819514333899721,0.4139701033072691,0.0,0.17271213319639256,0.1921596311927662,0.4053731136453149,0.3645639997081684,0.3600029840165077,0.35699592774939354,0.3831429662054777
0.22360596873739316,0.24951525576655778,0.32938042380038934,0.253795149036321,0.2876214523203447,0.336452199491898,0.0,0.37104837330074164,0.31630073230779976,0.27716644006677427,0.3549457115455552,0.31186127237582645,0.29265830535483656,0.27280202473787935,0.0,0.3347254543644459,0.31576510329020985,0.30477946575289727,0.36634103732886514,0.36328466384238844,0.3176447438875182,0.37830955815051504,0.357544151214331,0.0,0.2700099570720901,0.2412842902246628,0.34873650744320867,0.278593886525897,0.3543482036591513,0.3911839740881108,0.36176876701639304,0.34656511733528605,0.30202377882629383,0.34946965158069404,0.3348839380342639,0.23248382180424945,0.24991429049945854,0.32256574576006436,0.2780826899111958,0.0,0.28020187315729383,0.0,0.2450353932678825,0.0,0.0,0.0,0.0,0.3373631241611493,0.0,0.2867028533832561,0.3178956922281395,0.26676288330594466,0.3310623894429616,0.3203220817218837,0.0,0.3101426577182995,0.0,0.24015504397415485,0.3021961238531456,0.0,0.0,0.0,0.0,0.3252282551046392,0.0,0.2649702169337867,0.0,0.4223238098465036,0.0,0.0,0.0,0.35427260157909396,0.23710487240265524,0.2613928449704092,0.0,0.2587634659420988
0.4623812259940688,0.3820873372094043,0.3958783256532732,0.26883150704328324,0.33812361269614954,0.3355035193230277,0.37104837330074164,0.0,0.3869673102966085,0.36093175375996117,0.2221863153214758,0.0,0.3698243441415859,0.26312998127288534,0.28408266621685846,0.37480216967544705,0.3054971076434113,0.3955653013567133,0.3583292926486045,0.31576401260445874,0.37531342729566874,0.3387483651739563,0.3054481431174183,0.4602004557690751,0.4117016490076532,0.425975522572839,0.37998401258749404,0.3546848124176971,0.3031205470184435,0.3383669751367784,0.37294781636448704,0.3026485758850636,0.3895036330057267,0.38279984637196823,0.3895410147972752,0.2042478959306172,0.16349614981519783,0.0,0.34324690177135314,0.0,0.3971903971724442,0.42673441143244867,0.2638050390228356,0.0,0.0,0.0,0.0,0.4231966790148728,0.0,0.36872908236743707,0.36676066448786526,0.3618247936233497,0.2538431975052911,0.41720988820323035,0.0,0.3232810553802913,0.0,0.3595890178396766,0.33536493409597407,0.0,0.0,0.0,0.0,0.4284635126725317,0.0,0.0,0.0,0.38780992325477653,0.0,0.0,0.0,0.40079069460484096,0.3621360934465645,0.3328310283658221,0.0,0.3933942469677474
0.0,0.2161166356459741,0.26218395130638983,0.28986208250415113,0.2940335717396015,0.2770187016919082,0.31630073230779976,0.3869673102966085,0.0,0.30435654568465903,0.2509504555545611,0.2628863911922837,0.3351305526781536,0.32629918556826015,0.0,0.2901635899551106,0.24096630150997544,0.23529575050798554,0.22759109114572493,0.34408937780260174,0.2730095952053419,0.3406102389535532,0.35181989110210926,0.2786680580808428,0.11556540885395955,0.11959919424426314,0.29731862373472856,0.3592026295019425,0.333234272028319,0.3483578787967423,0.3779437627805573,0.3582183215614693,0.26891186298072556,0.36917602526297444,0.35669539698116004,0.3276774856078475,0.3229734880719919,0.20981925536740859,0.3363850048352555,0.0,0.2689637199486679,0.0,0.3795258975468091,0.0,0.0,0.0,0.0,0.4628519005088982,0.0,0.344041445255149,0.4251115043088119,0.2808071326723663,0.4238463668621818,0.4185824031733026,0.0,0.43488230177404874,0.0,0.272678430085499,0.39667888842060944,0.0,0.0,0.0,0.0,0.4696210991667634,0.0,0.0,0.0,0.4564278906598125,0.0,0.0,0.0,0.45416259405122206,0.24121882499532749,0.2632013400459362,0.0,0.2782778941596741
0.3125887060209441,0.1951607003112116,0.28652147779413845,0.20730709444550718,0.30161288469150543,0.35727628575550435,0.27716644006677427,0.36093175375996117,0.30435654568465903,0.0,0.32314952602169067,0.22958118326887506,0.3321256458002609,0.32815294460979827,0.0,0.2987925430318086,0.26097744013371377,0.2701080576853279,0.3349215965020488,0.0,0.0,0.0,0.31597422687074284,0.2525788788709295,0.26755407750468785,0.2543872061455875,0.3159545415183704,0.3093415040281911,0.0,0.0,0.26288717882038026,0.3168314114812787,0.20640720036339777,0.23989118938065718,0.2352963622242574,0.2429940260903104,0.22408317512407724,0.23380221554964062,0.3382549593925084,0.25825712184216276,0.2962427031389268,0.3288850989145108,0.0,0.0,0.28499900702444564,0.0,0.0,0.0,0.0,0.0,0.0,0.306327554055839,0.0,0.0,0.30056540057632264,0.2523785238150728,0.3110463608563606,0.30052520288081086,0.0,0.0,0.2582496602978087,0.24117964294205918,0.24461859120119359,0.0,0.0,0.0,0.0,0.0,0.2828858412403746,0.25891566201526744,0.28094788770758516,0.0,0.3279680089201008,0.0,0.0,0.315062342975887
0.0,0.0,0.2913045422036239,0.2918434340926731,0.29456666248897584,0.350371741831668,0.3549457115455552,0.2221863153214758,0.2509504555545611,0.32314952602169067,0.0,0.29810151512354227,0.3610111584917169,0.2519240653590428,0.0,0.0,0.2736866885848389,0.2545850648727334,0.2642778119339249,0.0,0.0,0.0,0.3134503211562978,0.32166193999303744,0.0,0.21795715623743153,0.3063370531537262,0.3441475034042587,0.0,0.2875345729859025,0.37779241013062165,0.3315536685083966,0.3139760219537101,0.36026981415662745,0.3592508890220361,0.2433665858970339,0.28025467994137737,0.2818801534717315,0.20991028030090247,0.0,0.0,0.0,0.2308021506831957,0.0,0.0,0.0,0.0,0.4425323472814471,0.0,0.3947421346303571,0.3662946391349288,0.398649765199729,0.2933708184412372,0.4339866849054006,0.0,0.3261702060989978,0.0,0.0,0.2938289490953945,0.0,0.0,0.0,0.0,0.48352307897434377,0.0,0.0,0.0,0.36649194480390457,0.0,0.0,0.0,0.4179231567525038,0.3384730512988504,0.0,0.0,0.0
0.3242692245168406,0.0,0.0,0.0,0.31685961830562526,0.0,0.31186127237582645,0.0,0.2628863911922837,0.22958118326887506,0.29810151512354227,0.0,0.30201412459958255,0.0,0.0,0.0,0.227654627872801,0.16221777955347433,0.27863583048786356,0.0,0.0,0.0,0.0,0.23307541014030655,0.25056081705692373,0.2432347237896127,0.0,0.30407274983111593,0.0,0.0,0.26141830014883766,0.24919195820567258,0.2219457335641889,0.2321463541214197,0.2855145339498742,0.2774666369914745,0.2996989179077993,0.21171952003927696,0.3574475010851256,0.2541713433318748,0.2993374758911077,0.3213322118591201,0.0,0.0,0.27691792423592354,0.0,0.0,0.0,0.0,0.0,0.0,0.0,0.0,0.0,0.31081856958719717,0.0,0.32943125068459767,0.2961381182528806,0.0,0.0,0.0,0.20580434792886143,0.26276620085237146,0.0,0.0,0.0,0.0,0.0,0.29561703145200824,0.27022165076886445,0.2912468737469876,0.0,0.3351463754387639,0.0,0.0,0.2887736632681753
0.24093454785717092,0.33980028027484577,0.35464472032522115,0.23957659994494593,0.331859128630598,0.3429696925417713,0.29265830535483656,0.3698243441415859,0.3351305526781536,0.3321256458002609,0.3610111584917169,0.30201412459958255,0.0,0.28684056708656974,0.368731901471293,0.3797124212782268,0.3057318064480775,0.3108971363154089,0.3760410143792543,0.3708109323391176,0.3637598140752046,0.3879665930250789,0.36863869851124753,0.2861830935673689,0.32857595907844095,0.3324336690873114,0.3659061511844949,0.29964119813763923,0.35324037012533477,0.3759803880439085,0.34475492906791166,0.34940264933943405,0.3322031317781159,0.3464114914577673,0.3360090216255055,0.27666881840304686,0.2758330779383915,0.30167922125763325,0.4075647041112481,0.30048238881644546,0.35195584068994545,0.32193340181869323,0.2378668177035073,0.0,0.0,0.2595030046528442,0.19707041388923732,0.3182743443849033,0.0,0.2730197840016393,0.30339344326129836,0.24590803678351317,0.37322071898932,0.26219948462733667,0.0,0.30460882792376637,0.0,0.16264602720166957,0.0,0.26064035819531167,0.20850487535354784,0.0,0.2411898344505394,0.328273082217999,0.2815268955082906,0.3036166971591322,0.20914210467044955,0.41876353166107705,0.0,0.2189224265567215,0.20842160932413334,0.3895142767480915,0.1955542087408948,0.3123019569541532,0.29287898685460884,0.2701916194261062
0.0,0.0,0.371842497254848,0.2733156040410046,0.2651217626063246,0.0,0.27280202473787935,0.26312998127288534,0.32629918556826015,0.32815294460979827,0.2519240653590428,0.0,0.28684056708656974,0.0,0.0,0.0,0.0,0.0,0.33538601530517365,0.0,0.0,0.0,0.3257814828201615,0.0,0.0,0.0,0.3800677979400601,0.22845017935298742,0.0,0.0,0.36328326421722895,0.19382173717099654,0.0,0.3376434046427147,0.38851411645418577,0.188873693537075,0.1423824478154728,0.0,0.28065413103961206,0.0,0.0,0.0,0.25872316011172874,0.0,0.0,0.0,0.0,0.34645727422610756,0.0,0.0,0.0,0.0,0.29039430946700556,0.3632617848653597,0.0,0.26968115825607264,0.0,0.0,0.3245044196771695,0.0,0.0,0.0,0.0,0.3888560066665577,0.0,0.0,0.0,0.32483889156618256,0.0,0.0,0.0,0.3516082803809126,0.0,0.0,0.0,0.0
0.3350398615946889,0.33322475947950075,0.0,0.0,0.0,0.2958093976506262,0.0,0.28408266621685846,0.0,0.0,0.0,0.0,0.368731901471293,0.0,0.0,0.33076430352380054,0.0,0.3286806064683185,0.0,0.24302072424761428,0.3319315042449669,0.2727968737075301,0.2816948373246376,0.34168931723414936,0.3098811151704909,0.31835157238761147,0.3219871689669548,0.34688973469572454,0.32116682180610745,0.0,0.3415846083806765,0.3775594434032999,0.33085973508886274,0.3561601568330219,0.3983360289664679,0.46989753945583845,0.0,0.0,0.3945584232869274,0.3814845721893209,0.3442184887396777,0.4190769115567475,0.0,0.0,0.0,0.0,0.38626664429564533,0.0,0.0,0.0,0.0,0.0,0.0,0.0,0.0,0.0,0.0,0.0,0.0,0.3596223406953766,0.2644731436108381,0.0,0.0,0.0,0.31543627092004684,0.3848478927605779,0.3668901979976382,0.3877739716024803,0.0,0.19925146915631278,0.3879399503736697,0.37372559363368,0.33003235102555456,0.3595687415455965,0.0,0.28509529680068224
0.2817697268275375,0.29304203341901214,0.0,0.0,0.3248155746932596,0.32386746506922615,0.3347254543644459,0.37480216967544705,0.2901635899551106,0.2987925430318086,0.0,0.0,0.3797124212782268,0.0,0.33076430352380054,0.0,0.3038847359903964,0.31839976126185554,0.0,0.3388168503813117,0.3205306016620383,0.2997892949620619,0.3471917327460351,0.2743173531201955,0.3023545131429125,0.29166567034556196,0.3353250054768897,0.337508237358885,0.3489217610950843,0.32061616675114263,0.30947647533396044,0.38940250234361057,0.3113010965472679,0.29936461746226917,0.36604984775768695,0.0,0.0,0.0,0.3753735098124106,0.33096776311712417,0.32544280442613877,0.3716939295809898,0.0,0.0,0.0,0.34881368400624624,0.3427346201446115,0.0,0.0,0.0,0.0,0.0,0.0,0.0,0.0,0.0,0.0,0.0,0.0,0.3151787452933903,0.3464056755507071,0.0,0.3233222158145871,0.0,0.3057452222423218,0.352014355641831,0.3434121843579336,0.0,0.0,0.3499894117518496,0.3487149804124067,0.0,0.0,0.2807753133021202,0.0,0.30967558275990853
0.3071760158896348,0.26221341930013886,0.0,0.0,0.33199592012517515,0.0,0.31576510329020985,0.3054971076434113,0.24096630150997544,0.26097744013371377,0.2736866885848389,0.227654627872801,0.3057318064480775,0.0,0.0,0.3038847359903964,0.0,0.25931749702366846,0.2483648789721082,0.2505135346160014,0.348948925703908,0.2816861984586386,0.24471739394329345,0.27835115888724854,0.3018176604130411,0.2699882424856983,0.0,0.3051518140282351,0.2624149189058004,0.2538825867197234,0.2747005393155048,0.3518728416080756,0.25969017040908676,0.2837024909964854,0.29696206254597785,0.0,0.0,0.21485098063942962,0.37844004939219855,0.3189250630327395,0.298870554648728,0.323592265409281,0.0,0.0,0.0,0.3207682100630178,0.0,0.0,0.0,0.0,0.0,0.0,0.0,0.0,0.31286442110562956,0.0,0.2771530142904812,0.0,0.0,0.0,0.28204283244297024,0.25821463719187066,0.2992345496537311,0.0,0.0,0.0,0.0,0.0,0.3174993294056957,0.33846417464236045,0.34239901980200443,0.0,0.0,0.2433021765128034,0.0,0.29586644903583453
0.3012662641478979,0.30966758192085786,0.0,0.0,0.2952221464929099,0.288862996455963,0.30477946575289727,0.3955653013567133,0.23529575050798554,0.2701080576853279,0.2545850648727334,0.16221777955347433,0.3108971363154089,0.0,0.3286806064683185,0.31839976126185554,0.25931749702366846,0.0,0.0,0.33893634391235183,0.35857586563420935,0.33601225995298756,0.36278333375255256,0.2730323443978197,0.2878528324866176,0.2940176880702797,0.3109723937381133,0.31639269514497437,0.35323886020821965,0.3001756562197623,0.2910894536684281,0.3414252816018363,0.2676884682072364,0.297556995592297,0.2952371920248915,0.0,0.0,0.22969411921193547,0.378408250434266,0.3270159614596802,0.3381367192888374,0.3670298742201933,0.0,0.0,0.0,0.3390465273404184,0.3555306121498015,0.0,0.0,0.0,0.21322667775986165,0.0,0.0,0.0,0.3257475118691386,0.0,0.2799441108776519,0.2351423646496316,0.0,0.25296018387921143,0.348256534768107,0.2948774545174065,0.3286511357900576,0.0,0.22758640699493335,0.33331288026663836,0.3188828577722238,0.1899523879299117,0.3194483672270913,0.3365118437592228,0.34248487708966185,0.24606993631923316,0.23579821708535267,0.1992800495172834,0.0,0.3205333071875416
0.0,0.0,0.22722512000536252,0.3210738899525479,0.3064917096157599,0.3106936181162159,0.36634103732886514,0.3583292926486045,0.22759109114572493,0.3349215965020488,0.2642778119339249,0.27863583048786356,0.3760410143792543,0.33538601530517365,0.0,0.0,0.2483648789721082,0.0,0.0,0.0,0.0,0.0,0.3058358132550285,0.2582104619920553,0.0,0.24041373714158237,0.2606277218697951,0.3700320431913529,0.0,0.3367752829179676,0.3760817602970158,0.3643231237640185,0.0,0.34971242053505813,0.37148352434994186,0.32747835099927425,0.3263986859791589,0.30298304649710434,0.3438849716261132,0.0,0.0,0.0,0.36225927997084306,0.0,0.0,0.0,0.0,0.39292270547342295,0.0,0.3832486156980858,0.42938099517398565,0.35916211089730454,0.43320002006346275,0.475804975647304,0.0,0.4622619827559595,0.0,0.29921792454424434,0.32629685796833974,0.0,0.0,0.0,0.0,0.5014983255126696,0.0,0.0,0.0,0.47565956319860125,0.0,0.0,0.0,0.4734278712638093,0.0,0.0,0.0,0.3440019077463457
0.3172911023088336,0.31933618610339604,0.0,0.0,0.0,0.3196799461929004,0.36328466384238844,0.31576401260445874,0.34408937780260174,0.0,0.0,0.0,0.3708109323391176,0.0,0.24302072424761428,0.3388168503813117,0.2505135346160014,0.33893634391235183,0.0,0.0,0.3445094803508745,0.28457578334017625,0.21085243022032732,0.29359079114804687,0.3046694379958358,0.3434416423264127,0.2828445767145075,0.32888525885975706,0.27079080955421436,0.28426810880539377,0.3007924522306041,0.39276276696969115,0.34333049182509523,0.34473768555764733,0.3944399590170817,0.4057301775260478,0.0,0.0,0.38684671888761024,0.2202887770887128,0.2492239082179491,0.38042211123661634,0.0,0.0,0.0,0.29771667411313724,0.2701333268078784,0.0,0.0,0.0,0.35055384237977566,0.0,0.0,0.0,0.0,0.0,0.0,0.0,0.0,0.32158010187875025,0.18630018236585993,0.0,0.1996988573510036,0.0,0.34741244831971846,0.2990033522994316,0.36509943041510634,0.367329948597891,0.0,0.1871256249476955,0.33870733721815127,0.3797226339417952,0.21192173565469624,0.30113986521065994,0.0,0.30266282297798125
0.39136422676946664,0.32361525506971967,0.3020889243617328,0.0,0.0,0.3055050733807188,0.3176447438875182,0.37531342729566874,0.2730095952053419,0.0,0.0,0.0,0.3637598140752046,0.0,0.3319315042449669,0.3205306016620383,0.348948925703908,0.35857586563420935,0.0,0.3445094803508745,0.0,0.34457654336616,0.32133966068295794,0.44446353065178307,0.36005852047110326,0.3500122379543459,0.3721453584602712,0.3610374233421507,0.333432433773352,0.3519680525262998,0.3196352272257565,0.3710106738888375,0.28742213068052225,0.32176453315162057,0.37451870007087085,0.42400423157477024,0.0,0.0,0.41065904004132764,0.3182779195577805,0.3621401157547554,0.0,0.0,0.0,0.0,0.3649182914540139,0.36557713236258677,0.0,0.0,0.0,0.0,0.0,0.36685383208201294,0.0,0.0,0.0,0.0,0.0,0.0,0.37153368626230227,0.26042228793915095,0.0,0.0,0.0,0.3471250880892599,0.34807702707071936,0.3802606633255756,0.3942724200385539,0.0,0.27919862711471094,0.40693789838864824,0.37517427629687305,0.34953834466646827,0.37305781829522044,0.0,0.3197402404266463
0.29025629169375217,0.31770827460055195,0.0,0.0,0.35791835347707845,0.3377336501216972,0.37830955815051504,0.3387483651739563,0.3406102389535532,0.0,0.0,0.0,0.3879665930250789,0.0,0.2727968737075301,0.2997892949620619,0.2816861984586386,0.33601225995298756,0.0,0.28457578334017625,0.34457654336616,0.0,0.3450958434081721,0.0,0.299298292583357,0.32046847034684167,0.35101622615851835,0.3736994367585414,0.3161130303432032,0.3555060105625859,0.3085033299136154,0.3902192825410955,0.33207569570516937,0.34041145135982004,0.38945797741149457,0.43163954832785006,0.0,0.0,0.40236520197309406,0.370063889104276,0.3813952275579977,0.3993289484123712,0.0,0.0,0.0,0.3231288623692648,0.36825260309960295,0.0,0.0,0.0,0.3074518597940436,0.0,0.0,0.0,0.0,0.0,0.0,0.0,0.0,0.38628744260795245,0.3051570399736405,0.0,0.2488649733686131,0.0,0.3662445957992914,0.3858099525806074,0.3793861789039315,0.36185526512209404,0.0,0.26145325229301924,0.39899033665522227,0.32081199910462027,0.0,0.3396803762651098,0.0,0.31455894383138705
0.3961072712710672,0.3165894145652312,0.3217649319508028,0.3231384872369039,0.34887739248522975,0.35319039955721865,0.357544151214331,0.3054481431174183,0.35181989110210926,0.31597422687074284,0.3134503211562978,0.0,0.36863869851124753,0.3257814828201615,0.2816948373246376,0.3471917327460351,0.24471739394329345,0.36278333375255256,0.3058358132550285,0.21085243022032732,0.32133966068295794,0.3450958434081721,0.0,0.4327814475720497,0.3421088913845777,0.3538205584921079,0.2835742026510229,0.35689972314942314,0.32124927420204136,0.34763029385545147,0.3591843241162384,0.3580555421142669,0.29121812169493366,0.3704565293489289,0.365646654966929,0.3527653843944053,0.32278102954772525,0.28039868255060046,0.4101664403992386,0.4048702551067841,0.434690793209595,0.4527114647182733,0.35444649035965176,0.3084081988981682,0.0,0.0,0.2749297493902541,0.48009547086777005,0.0,0.3954718446114776,0.4298797774501724,0.43079027419147653,0.3848456489490969,0.46827343733260257,0.0,0.4477525673574647,0.0,0.417620018816546,0.386477375667309,0.37297923758114654,0.23130944313943833,0.0,0.0,0.504816985896247,0.3609933116777232,0.36400690791463625,0.3564155244437826,0.4492447100405774,0.0,0.17830388550859685,0.2962086877518684,0.4377385538518754,0.4151143117832847,0.3901368036809571,0.4267556536243201,0.42151562956165717
0.34730905607218326,0.2588190915994938,0.0,0.0,0.3362452624858708,0.0,0.0,0.4602004557690751,0.2786680580808428,0.2525788788709295,0.32166193999303744,0.23307541014030655,0.2861830935673689,0.0,0.34168931723414936,0.2743173531201955,0.27835115888724854,0.2730323443978197,0.2582104619920553,0.29359079114804687,0.44446353065178307,0.0,0.4327814475720497,0.0,0.26351869798337163,0.27491365684739016,0.3349080970268643,0.32840861669386545,0.2964815031830697,0.0,0.2864887951294035,0.33274290369701104,0.22547094916745322,0.24310180534215328,0.2789288266503258,0.34296462120876814,0.0,0.2168248491075564,0.3998350912798311,0.2803085982447459,0.3013551602353102,0.0,0.0,0.0,0.2802419882217363,0.3658286942993948,0.0,0.0,0.0,0.0,0.0,0.0,0.0,0.0,0.3094211686784214,0.0,0.32860382097945673,0.3584090764376318,0.0,0.0,0.3343066271622618,0.3076982470560097,0.339388307121424,0.0,0.0,0.0,0.0,0.0,0.3656331072980833,0.33823947428415707,0.34364307930994875,0.0,0.0,0.0,0.0,0.3439994924725494
0.27981550218781237,0.2901846362416127,0.0,0.0,0.23479408314548328,0.2860230677862056,0.2700099570720901,0.4117016490076532,0.11556540885395955,0.26755407750468785,0.0,0.25056081705692373,0.32857595907844095,0.0,0.3098811151704909,0.3023545131429125,0.3018176604130411,0.2878528324866176,0.0,0.3046694379958358,0.36005852047110326,0.299298292583357,0.3421088913845777,0.26351869798337163,0.0,0.2868995250365381,0.2990286868855584,0.32156292500104205,0.3077576712219277,0.25845397992894553,0.28072086274909824,0.34958349458788274,0.24218712432014775,0.272742180936156,0.3083596347306443,0.0,0.0,0.2092602735539419,0.375893618067477,0.3175805071600512,0.33315585686949495,0.3712493287894903,0.0,0.0,0.0,0.3283249645613163,0.35343906066352815,0.0,0.0,0.0,0.19100480265123923,0.0,0.0,0.0,0.3121813044175619,0.0,0.32307268421533447,0.20630832454973344,0.0,0.2656674787970193,0.3417598133379832,0.32701902145751427,0.3307966754004761,0.0,0.29918500139884385,0.27439431779207746,0.2230434071896263,0.0,0.3424347943924387,0.33594495234050986,0.343071430015322,0.23082198249544678,0.2450886792012778,0.22599397939736018,0.0,0.32819835559342775
0.2978682420215957,0.29301807593399903,0.22716227595143412,0.0,0.2327922728503818,0.2981408767344047,0.2412842902246628,0.425975522572839,0.11959919424426314,0.2543872061455875,0.21795715623743153,0.2432347237896127,0.3324336690873114,0.0,0.31835157238761147,0.29166567034556196,0.2699882424856983,0.2940176880702797,0.24041373714158237,0.3434416423264127,0.3500122379543459,0.32046847034684167,0.3538205584921079,0.27491365684739016,0.2868995250365381,0.0,0.3463891869189246,0.2573908287308747,0.31295312935726044,0.2433170907746276,0.29273515936674716,0.3557268112638561,0.2681323114220992,0.28730958636370235,0.33727929468414325,0.38948293445907267,0.0,0.23174777483905043,0.38389316648103256,0.33343482174325745,0.32984232579868816,0.3802074416431194,0.0,0.0,0.0,0.3460579679641181,0.3654317131968551,0.0,0.0,0.0,0.18282322139033874,0.0,0.0,0.0,0.2837913839489002,0.0,0.2908264221695612,0.2101087050829526,0.0,0.4033513959513876,0.3388408529673103,0.32355015005052995,0.3380821648250202,0.0,0.3384055982933414,0.428861002868133,0.3874403460897543,0.24952026462004348,0.35798637972947955,0.3444190274303019,0.3615605226359052,0.29441966335142944,0.25709708493291644,0.22904793868691994,0.0,0.32490075798010276
0.37251106396378236,0.3176101797187151,0.2685551910193332,0.3167071258191148,0.3393881139032798,0.3088025610361828,0.34873650744320867,0.37998401258749404,0.29731862373472856,0.3159545415183704,0.3063370531537262,0.0,0.3659061511844949,0.3800677979400601,0.3219871689669548,0.3353250054768897,0.0,0.3109723937381133,0.2606277218697951,0.2828445767145075,0.3721453584602712,0.35101622615851835,0.2835742026510229,0.3349080970268643,0.2990286868855584,0.3463891869189246,0.0,0.3548335887991989,0.2966024513908583,0.3308855049951952,0.33894440111159396,0.3713170236470657,0.34060511593034526,0.3620516750581974,0.3811268888877914,0.44352000454719226,0.34162886472282505,0.0,0.41167945526676053,0.3498194924294525,0.40518444004532883,0.4104429587322585,0.39262533998504695,0.0,0.0,0.0,0.27656188408755306,0.4701680716251842,0.0,0.3516197790543845,0.41551454104502333,0.3789757682584858,0.41973670595504675,0.46422382115751826,0.0,0.43711297894332307,0.0,0.3587444311109952,0.39285804510207106,0.38280095221068416,0.19784506681892775,0.0,0.0,0.4828192598190162,0.3483069670112049,0.3806691532229655,0.3159909107792729,0.44333011841159736,0.0,0.18844197437126903,0.3973229460249156,0.4275064657143908,0.3686729682918745,0.32299111626149085,0.3752221475154517,0.3802883838502822
0.2848170779085146,0.33759720732208887,0.35845989833957914,0.19713481335869484,0.3132279095907291,0.31638681459117673,0.278593886525897,0.3546848124176971,0.3592026295019425,0.3093415040281911,0.3441475034042587,0.30407274983111593,0.29964119813763923,0.22845017935298742,0.34688973469572454,0.337508237358885,0.3051518140282351,0.31639269514497437,0.3700320431913529,0.32888525885975706,0.3610374233421507,0.3736994367585414,0.35689972314942314,0.32840861669386545,0.32156292500104205,0.2573908287308747,0.3548335887991989,0.0,0.28698350018787544,0.2552811064062429,0.3206957415083982,0.33806414829218784,0.32063048067004896,0.31967447527163556,0.29043284473387077,0.21812709895177246,0.21739040119650496,0.27923881044457716,0.4133544076325355,0.3166649740706937,0.40456002693879556,0.38285368216080456,0.277996831023397,0.0,0.0,0.23927220093215879,0.20027731810259602,0.2801531800387091,0.0,0.25852418172763564,0.3678447295902055,0.217237780062823,0.34922810088511486,0.24143704478187017,0.32708816824652925,0.2674261541291571,0.0,0.15309604470140642,0.0,0.3538907844262417,0.21100142950622966,0.0,0.2280461797506371,0.27539951450572664,0.36417982983935926,0.35722491855468275,0.2623644090089655,0.4107800545752597,0.0,0.2255950393435529,0.25680403341781255,0.4000647653629595,0.2933809177589757,0.3042302728227987,0.2905412292760612,0.3446291217237147
0.34143118717163035,0.30966942939249736,0.0,0.0,0.33145178069902603,0.2562630048390132,0.3543482036591513,0.3031205470184435,0.333234272028319,0.0,0.0,0.0,0.35324037012533477,0.0,0.32116682180610745,0.3489217610950843,0.2624149189058004,0.35323886020821965,0.0,0.27079080955421436,0.333432433773352,0.3161130303432032,0.32124927420204136,0.2964815031830697,0.3077576712219277,0.31295312935726044,0.2966024513908583,0.28698350018787544,0.0,0.30038238658120925,0.29518789406623414,0.3823938360240679,0.27473744451504956,0.34075195012565185,0.3820731408257964,0.40697893931941626,0.0,0.0,0.38572135361590726,0.23989389779411452,0.2397567253089867,0.33650323105231694,0.3321337442162421,0.0,0.0,0.29215579515883233,0.20621077236206942,0.0,0.0,0.0,0.27602399813036566,0.21755123893319508,0.3206573248774319,0.0,0.0,0.0,0.0,0.12666149772441349,0.0,0.348673736567162,0.1994654320955536,0.0,0.20611598677923196,0.0,0.25563802614567444,0.33153698403209775,0.18564613704710775,0.3866865262790617,0.0,0.1856014032582399,0.263812772672446,0.38106237687797656,0.27022208366241324,0.3363829408007719,0.3205529603596736,0.32447851690398594
0.32849407446781437,0.0,0.35904195192382576,0.0,0.3886383524380159,0.351555488904765,0.3911839740881108,0.3383669751367784,0.3483578787967423,0.0,0.2875345729859025,0.0,0.3759803880439085,0.0,0.0,0.32061616675114263,0.2538825867197234,0.3001756562197623,0.3367752829179676,0.28426810880539377,0.3519680525262998,0.3555060105625859,0.34763029385545147,0.0,0.25845397992894553,0.2433170907746276,0.3308855049951952,0.2552811064062429,0.30038238658120925,0.0,0.2714794278923605,0.351054743912644,0.0,0.31476523231022846,0.31247865406893716,0.33999620376716666,0.0,0.0,0.4096772431751322,0.0,0.3689444695072406,0.0,0.296463921050731,0.0,0.0,0.0,0.0,0.0,0.0,0.0,0.36390186897354887,0.0,0.3440796889709046,0.0,0.0,0.0,0.0,0.27334458113255905,0.0,0.0,0.0,0.0,0.2573567310461637,0.0,0.0,0.38596347042659973,0.0,0.38851442142299597,0.0,0.0,0.0,0.3809564426063229,0.2975097393699952,0.30638776828002523,0.0,0.3543671134020644
0.2853450379987076,0.262216750783249,0.372996876062308,0.0,0.38058844574417877,0.37802277861769845,0.36176876701639304,0.37294781636448704,0.3779437627805573,0.26288717882038026,0.37779241013062165,0.26141830014883766,0.34475492906791166,0.36328326421722895,0.3415846083806765,0.30947647533396044,0.2747005393155048,0.2910894536684281,0.3760817602970158,0.3007924522306041,0.3196352272257565,0.3085033299136154,0.3591843241162384,0.2864887951294035,0.28072086274909824,0.29273515936674716,0.33894440111159396,0.3206957415083982,0.29518789406623414,0.2714794278923605,0.0,0.3749080245377957,0.27458677374191737,0.27268021941944476,0.2533992188395244,0.348954096982592,0.32283084647750604,0.28024606584165646,0.41000340733530466,0.3127950000378144,0.3817601825036296,0.41850428894475505,0.27338326723401174,0.0,0.0,0.3277884983594194,0.33953484994384464,0.0,0.0,0.29909763787831495,0.36390181099307833,0.24122626526589816,0.41092712741259335,0.26561618351269844,0.2846708676481204,0.2903676762264233,0.32483288369291274,0.2548642604914414,0.0,0.39066447558497636,0.3418170701151472,0.30453831954459165,0.31736798231672003,0.260604684439779,0.3579218245805574,0.3773191202444245,0.3547437776587027,0.4265271351562556,0.35559271591749947,0.33295234384992106,0.358674552300435,0.4027366050006585,0.29596162535195397,0.3345758443013829,0.33654514453159057,0.38258819915001807
0.3500643656086073,0.3501736543991494,0.3582880564916625,0.2503306613981775,0.35036117949095363,0.365587479198209,0.34656511733528605,0.3026485758850636,0.3582183215614693,0.3168314114812787,0.3315536685083966,0.24919195820567258,0.34940264933943405,0.19382173717099654,0.3775594434032999,0.38940250234361057,0.3518728416080756,0.3414252816018363,0.3643231237640185,0.39276276696969115,0.3710106738888375,0.3902192825410955,0.3580555421142669,0.33274290369701104,0.34958349458788274,0.3557268112638561,0.3713170236470657,0.33806414829218784,0.3823938360240679,0.351054743912644,0.3749080245377957,0.0,0.3265669857015942,0.3052884760987783,0.35413566361881627,0.22964265773366296,0.2765273319931713,0.24715223302028305,0.318776447831722,0.32636597990887645,0.3420297853318078,0.32715222977881725,0.24345772382839254,0.24625068708044254,0.2782785499894857,0.37071999087625657,0.3733064163608547,0.2934067312014444,0.0,0.28276516422543463,0.4039743963635318,0.29313876603372674,0.3465234589788968,0.3096195238282203,0.0,0.2581827409796086,0.0,0.3937475976627826,0.2741130538366324,0.38427883539387697,0.3193281502153305,0.0,0.3290846538038098,0.30068824545361156,0.37608826076670226,0.41018080261945644,0.39446312592393,0.40954946578998713,0.0,0.359196458782012,0.39178352722782556,0.41255218362819285,0.41374183331168035,0.39188357983383876,0.39922767163780737,0.4162682914216911
0.24567114451034752,0.24271894712509745,0.0,0.0,0.0,0.28358724175801137,0.30202377882629383,0.3895036330057267,0.26891186298072556,0.20640720036339777,0.3139760219537101,0.2219457335641889,0.3322031317781159,0.0,0.33085973508886274,0.3113010965472679,0.25969017040908676,0.2676884682072364,0.0,0.34333049182509523,0.28742213068052225,0.33207569570516937,0.29121812169493366,0.22547094916745322,0.24218712432014775,0.2681323114220992,0.34060511593034526,0.32063048067004896,0.27473744451504956,0.0,0.27458677374191737,0.3265669857015942,0.0,0.22090810687080933,0.33133305259111473,0.2516673763342589,0.2856213825348509,0.2047009513091914,0.360311104370314,0.3180403696377094,0.3053044894498058,0.3454847662164017,0.0,0.0,0.24724541063385524,0.33534017488423307,0.3418201645285647,0.0,0.0,0.0,0.0,0.0,0.0,0.0,0.2864722359241853,0.0,0.3037998730613465,0.29532834253867096,0.0,0.3767216325132021,0.3335457723361707,0.2735231074876996,0.2792675032172446,0.0,0.34352023332900206,0.38384255734684697,0.3715609587798402,0.0,0.30813849272431765,0.3143557510113157,0.334464606570498,0.0,0.3441284689633244,0.3260716201630201,0.0,0.3012060684620125
0.2359966462482201,0.26191372933098395,0.3567856385263151,0.20940113051130654,0.3721201149994686,0.3782611452534821,0.34946965158069404,0.38279984637196823,0.36917602526297444,0.23989118938065718,0.36026981415662745,0.2321463541214197,0.3464114914577673,0.3376434046427147,0.3561601568330219,0.29936461746226917,0.2837024909964854,0.297556995592297,0.34971242053505813,0.34473768555764733,0.32176453315162057,0.34041145135982004,0.3704565293489289,0.24310180534215328,0.272742180936156,0.28730958636370235,0.3620516750581974,0.31967447527163556,0.34075195012565185,0.31476523231022846,0.27268021941944476,0.3052884760987783,0.22090810687080933,0.0,0.22784348078346903,0.30207598824570214,0.25506586468138337,0.21922480828022425,0.36438514259579907,0.295410645017102,0.3549119630170401,0.3240725642040576,0.3023232466249898,0.23334768515881715,0.26472555380331,0.31262986693862066,0.32496812594059404,0.30335029127146007,0.0,0.31003144035072516,0.3788919392988763,0.2661450307150795,0.4071023481016168,0.26696460134995187,0.29669333139540877,0.3401158453211432,0.31858644021325916,0.31328266292619367,0.0,0.38084795339224636,0.3215219184064189,0.2867676390864173,0.31128030148823266,0.303001815955588,0.38715411569994207,0.37579710546539297,0.3641707350609159,0.4265534033192292,0.3247596808351486,0.32778495053091544,0.34139136015970695,0.42030548983037014,0.42040911249611795,0.36538640523096744,0.3611235783140422,0.34817624546021453
0.3110666984793871,0.3370721517077617,0.3610374253490031,0.2025477760693715,0.3694359440788563,0.3903413496109291,0.3348839380342639,0.3895410147972752,0.35669539698116004,0.2352963622242574,0.3592508890220361,0.2855145339498742,0.3360090216255055,0.38851411645418577,0.3983360289664679,0.36604984775768695,0.29696206254597785,0.2952371920248915,0.37148352434994186,0.3944399590170817,0.37451870007087085,0.38945797741149457,0.365646654966929,0.2789288266503258,0.3083596347306443,0.33727929468414325,0.3811268888877914,0.29043284473387077,0.3820731408257964,0.31247865406893716,0.2533992188395244,0.35413566361881627,0.33133305259111473,0.22784348078346903,0.0,0.2885345098595591,0.23827964805945293,0.2702311957073916,0.341953212477132,0.34247270661330304,0.36873972301687247,0.35519235968480195,0.35939869764440663,0.24942810791597533,0.29386670292102746,0.41576451271340115,0.3783640216106561,0.0,0.0,0.0,0.35702400626999553,0.0,0.4380568452222445,0.0,0.0,0.0,0.0,0.3113146093790194,0.0,0.4054875206148534,0.34034729817533466,0.0,0.3319527862729,0.0,0.3740188257715439,0.4332018580733372,0.4016916210346372,0.4283999638744656,0.0,0.32977406532494746,0.38323042277021174,0.42311038140782187,0.3722360475420398,0.36697194234692126,0.0,0.3643296565120221
0.0,0.0,0.3269157048947743,0.18534223491400764,0.23205036408873575,0.38012529681581125,0.23248382180424945,0.2042478959306172,0.3276774856078475,0.2429940260903104,0.2433665858970339,0.2774666369914745,0.27666881840304686,0.188873693537075,0.46989753945583845,0.0,0.0,0.0,0.32747835099927425,0.4057301775260478,0.42400423157477024,0.43163954832785006,0.3527653843944053,0.34296462120876814,0.0,0.38948293445907267,0.44352000454719226,0.21812709895177246,0.40697893931941626,0.33999620376716666,0.348954096982592,0.22964265773366296,0.2516673763342589,0.30207598824570214,0.2885345098595591,0.0,0.16508234706298078,0.2715214509485739,0.21434323060112123,0.0,0.0,0.27482789157592563,0.22924410919854216,0.221466200214668,0.0,0.0,0.0,0.3434886593479358,0.0,0.32119357224316925,0.0,0.0,0.22351812953570777,0.33789191107106853,0.0,0.24674334652311375,0.0,0.3611659563353948,0.28554775781201863,0.0,0.0,0.0,0.0,0.37036969120495417,0.0,0.0,0.0,0.3103779443550246,0.0,0.0,0.0,0.3590592278738482,0.0,0.0,0.0,0.2868986337224877
0.0,0.0,0.29268969435561826,0.14142681375327637,0.2660853448654471,0.3560287979413191,0.24991429049945854,0.16349614981519783,0.3229734880719919,0.22408317512407724,0.28025467994137737,0.2996989179077993,0.2758330779383915,0.1423824478154728,0.0,0.0,0.0,0.0,0.3263986859791589,0.0,0.0,0.0,0.32278102954772525,0.0,0.0,0.0,0.34162886472282505,0.21739040119650496,0.0,0.0,0.32283084647750604,0.2765273319931713,0.2856213825348509,0.25506586468138337,0.23827964805945293,0.16508234706298078,0.0,0.28291026220445903,0.2578441323965678,0.0,0.0,0.271055408918748,0.0,0.2522196959013303,0.0,0.0,0.0,0.0,0.0,0.0,0.0,0.0,0.0,0.0,0.0,0.0,0.0,0.0,0.0,0.0,0.0,0.0,0.0,0.0,0.0,0.0,0.0,0.0,0.0,0.0,0.0,0.0,0.0,0.0,0.0,0.0
