0.0,0.39691410227183993,0.0,0.0,0.0,0.40442048256502183,0.0,0.4680830288523608,0.0,0.36317237007663195,0.0,0.3601037464445924,0.3480905356874825,0.4560763011359135,0.3867139892847615,0.38366789707329485,0.0,0.39194406902386153,0.0,0.3881543085287761,0.3738317049411924,0.3896570130457819,0.4498625641168926,0.33694308228519004,0.38738478173628393,0.35634382456959596,0.4304569694335825,0.30288087275411285,0.0,0.0,0.3500855973824042,0.40690701422290704,0.31039544969086574,0.32213565897769314,0.3582662451936187,0.0,0.0,0.3201253380527553,0.43007674993558137,0.4070173860259281,0.40199055425405006,0.0,0.0,0.0,0.0,0.3352047876102676,0.44614914249138055,0.0,0.0,0.0,0.34529958566327856,0.0,0.0,0.0,0.4341403508580655,0.0,0.0,0.0,0.0,0.0,0.4328918686553573,0.0,0.43342767053221465,0.0,0.0,0.38974093454264047,0.4330258602896793,0.0,0.0,0.4384075781054001,0.4449325062079094,0.0,0.0,0.4490485667359114,0.0,0.37089977782632355
0.39691410227183993,0.0,0.0,0.0,0.360596199420205,0.39091248388237027,0.3985717459300138,0.4717049579734807,0.369393454073844,0.27827831301930533,0.0,0.24863322757506204,0.41617235953946163,0.0,0.4087314984729865,0.3973197358412632,0.3524255436359539,0.39067096004348156,0.0,0.41109992586393884,0.3999416500556223,0.3917362121706711,0.43577451389036437,0.0,0.38110895256331145,0.3807610378160556,0.4103055003508312,0.4341255860138382,0.4075892997122544,0.0,0.32944751786680887,0.4019662939530781,0.3267636350631665,0.3393747988185754,0.40072283577939666,0.0,0.0,0.0,0.4323111729573487,0.4191711460316292,0.41503306971737836,0.43949022696185686,0.0,0.0,0.0,0.4404592790018265,0.445063950275026,0.0,0.0,0.0,0.3711200793614871,0.0,0.0,0.0,0.0,0.0,0.0,0.28862253230015517,0.0,0.44037754821488706,0.4297886865551434,0.0,0.4251455997874219,0.0,0.39832857485280126,0.43852084897817023,0.4273203530849297,0.4340682726011924,0.0,0.42981783756794945,0.4599209267253563,0.4244404911970428,0.29756198070366763,0.4290267329494939,0.0,0.3971884423736236
0.0,0.0,0.0,0.34363527991564896,0.39020682842649684,0.3804979494898719,0.3870799502117304,0.4530643883554446,0.3311459633936279,0.39084637867068106,0.3424573552277903,0.3186151023281308,0.4040172360161484,0.40564883336533814,0.0,0.0,0.0,0.0,0.2685251713986947,0.0,0.0,0.0,0.2941728379811594,0.0,0.0,0.0,0.3118508276382724,0.41477336933264947,0.0,0.4165446778171386,0.43095856212953815,0.390677387787036,0.34259325653217554,0.40465962249646653,0.42752748982895694,0.3903101096105267,0.3994019534212772,0.3054675818383329,0.40176833704451254,0.0,0.3714995091383116,0.30855363393065594,0.44337474967409135,0.31408475439762823,0.0,0.0,0.0,0.28739046155377795,0.0,0.348106040637841,0.5328789813933328,0.4520061969222175,0.47049378373905515,0.3044071685694665,0.3107192163041255,0.30824372811998474,0.0,0.39864641766593645,0.3983044235984141,0.0,0.0,0.0,0.0,0.2583916303761036,0.0,0.0,0.0,0.5423569600502307,0.0,0.0,0.0,0.4099447086436783,0.33829126333160575,0.38083267583448,0.0,0.3673677194513842
0.0,0.0,0.34363527991564896,0.0,0.21205745254556777,0.384779651735916,0.23302799125255766,0.2800761559507996,0.35162846495466016,0.0,0.3104236590914255,0.2494974434871219,0.31071016210068947,0.27781327407476863,0.0,0.0,0.0,0.0,0.3381987596975531,0.4102592882219275,0.0,0.0,0.37267265533154115,0.0,0.0,0.0,0.37915395422968257,0.2902053865969979,0.3506090416241685,0.0,0.0,0.2689563164657327,0.215540660842649,0.24117797908859073,0.2399268682885033,0.19937691198378468,0.1435365863470283,0.0,0.2491681844199382,0.0,0.0,0.32535698182443534,0.0,0.0,0.0,0.0,0.0,0.0,0.0,0.0,0.0,0.0,0.0,0.0,0.0,0.0,0.0,0.0,0.0,0.0,0.0,0.0,0.0,0.0,0.0,0.0,0.0,0.3199481970830938,0.0,0.0,0.0,0.3354969840231457,0.0,0.0,0.0,0.0
0.0,0.360596199420205,0.39020682842649684,0.21205745254556777,0.0,0.3644653718620154,0.3039083571567323,0.36433080001020124,0.3493532913968873,0.4190519936023689,0.3311685021882001,0.372112372883821,0.3582541231981791,0.2776359721308161,0.0,0.4038583502714627,0.0,0.0,0.3658827954123093,0.0,0.0,0.4321477146856921,0.37936725289737033,0.388063871963372,0.34814669870947057,0.33978121952468576,0.38276484552510504,0.363854377599997,0.40219567077488366,0.0,0.41244553821310104,0.3494606141636416,0.0,0.40815599908189787,0.39647303483781327,0.228561019801902,0.20839131829085988,0.36544312823362834,0.38601032231149607,0.0,0.4327372130907313,0.0,0.4246129814299779,0.0,0.0,0.0,0.0,0.4554734106052094,0.0,0.4285624189982129,0.4577111064300244,0.3917017767898855,0.4159857530992311,0.4270530852339548,0.0,0.42476823042658485,0.0,0.35030528633437424,0.0,0.0,0.0,0.0,0.0,0.45215088261285674,0.0,0.0,0.0,0.4996339662681849,0.0,0.0,0.0,0.45415200840615444,0.358173403362718,0.3625085513757399,0.0,0.0
0.40442048256502183,0.39091248388237027,0.3804979494898719,0.384779651735916,0.3644653718620154,0.0,0.38968363236003095,0.4092230170702551,0.3375444358101334,0.2602987035926128,0.35657936481493296,0.3377937272896227,0.3924408752694082,0.38511776800741165,0.4174167247573915,0.4287704915473494,0.29669497384355953,0.363177375801509,0.3556579256430074,0.41408813802372424,0.4174134242062974,0.42742769186219426,0.385870459608097,0.34870585528527226,0.3690126874314483,0.40002553453041323,0.37773469741475096,0.3925014893495372,0.3345092892829187,0.4015194911285416,0.39766676542502566,0.40235909952906224,0.3695739696324975,0.4097605639772574,0.4306574209488544,0.408354137017671,0.40925415069422677,0.3356179406295888,0.4504213295338823,0.0,0.43944654912832226,0.35684837153657417,0.47479175627787673,0.3516537735673414,0.0,0.0,0.3336522681141485,0.5270131710543355,0.0,0.4520270076217536,0.5005244555521807,0.5092359854304139,0.4508869461157989,0.518860257203858,0.31010561925073377,0.4839777957058645,0.3396437911202611,0.5094205196663121,0.4292759302658343,0.3824747897897598,0.2808872189859708,0.0,0.0,0.5189165954005616,0.4044083694240444,0.32748262837688574,0.3904457294791101,0.5007343850497179,0.0,0.28794743462756606,0.38876283288338936,0.4941959129747001,0.49686349390029827,0.46171490029594797,0.0,0.5095741877151047
0.0,0.3985717459300138,0.3870799502117304,0.23302799125255766,0.3039083571567323,0.38968363236003095,0.0,0.40403541021718975,0.37212458254539965,0.391106906746548,0.40151768267911736,0.35497637596971005,0.3451946133501701,0.31408419544156074,0.0,0.44628151011281614,0.3727511500325095,0.38692755634992315,0.3879257190380904,0.43374221670097807,0.0,0.4523247426760524,0.395428129616208,0.0,0.3824463176904752,0.3669389495179307,0.3955908958095986,0.3762601018067785,0.42189342104631444,0.0,0.41182824803907764,0.38337655671298093,0.349441610187363,0.3839098254518541,0.38666233440306125,0.2676488745211283,0.26912017505045555,0.367750419721006,0.3834735633538866,0.0,0.389433972430845,0.0,0.42222014720918905,0.0,0.0,0.0,0.0,0.4672095369026785,0.0,0.3846865865640261,0.4570105099402457,0.39909353898585326,0.40072473032795175,0.4163518466651607,0.0,0.3657489406515813,0.0,0.37524614120958155,0.0,0.3221876044311343,0.0,0.0,0.0,0.4286112005304767,0.3373371854558637,0.0,0.0,0.49903506929202884,0.0,0.0,0.0,0.47276337865068974,0.3655226647705974,0.37104551874872915,0.0,0.3665357999371334
0.4680830288523608,0.4717049579734807,0.4530643883554446,0.2800761559507996,0.36433080001020124,0.4092230170702551,0.40403541021718975,0.0,0.4450473677054127,0.4517938161646685,0.33396853552389966,0.0,0.4024581952364471,0.3099747514068764,0.3862003173808658,0.457518334027152,0.0,0.465649686606707,0.41915926185737457,0.3988979077369608,0.35631808935618053,0.40050602740691116,0.36202808165905476,0.4949378876621981,0.4720561342241542,0.4776027169583495,0.42385268617079597,0.39673493050770603,0.39445825891472386,0.35970389096911626,0.40470324103829136,0.35767669318838285,0.4426988889889446,0.41860993694056015,0.4262624883431836,0.21890474080692948,0.17812715793926548,0.0,0.45183776015109794,0.0,0.4814701476647712,0.0,0.41414631802954915,0.0,0.0,0.0,0.0,0.49765980255007036,0.0,0.45084457454741306,0.44140771973850906,0.45769568689350815,0.27225614599077425,0.49887388519207854,0.0,0.45454973503106433,0.0,0.45735880770721493,0.36899672867662187,0.0,0.0,0.0,0.0,0.49984037666211145,0.0,0.19931377693514477,0.0,0.4356636503961148,0.0,0.0,0.3915045190404051,0.4524961608060637,0.46660322252013803,0.45208831371693015,0.0,0.42936345852285884
0.0,0.369393454073844,0.3311459633936279,0.35162846495466016,0.3493532913968873,0.3375444358101334,0.37212458254539965,0.4450473677054127,0.0,0.4098816281626809,0.35181447263906435,0.34691729574239755,0.37215908054867136,0.3803869381324666,0.0,0.3872053331325951,0.33084656840413307,0.2793732440720793,0.3061300578397329,0.0,0.0,0.4155703052624789,0.3835262637678566,0.35731275816419467,0.2999034694356343,0.32684033384427974,0.35120007304311635,0.4049223143122308,0.3876164722685736,0.3877657115599732,0.42228320100468153,0.38997498128087804,0.34200457762663294,0.41227235545962915,0.39567312592289827,0.3705811008342586,0.3865884679627153,0.32963545954346585,0.4514239496492544,0.0,0.279806797092937,0.25954590673031563,0.4533766865379102,0.0,0.0,0.0,0.0,0.48162658632120925,0.0,0.4473516576701353,0.5116299533297578,0.4564325807012092,0.49455286746421206,0.47424593614142,0.26754694589223277,0.48755525167499636,0.34867832865143233,0.4285662186143316,0.0,0.0,0.0,0.0,0.0,0.5015430562375558,0.0,0.0,0.0,0.5223391665819419,0.0,0.0,0.0,0.5114707597395708,0.4044398480713853,0.36723103341418123,0.0,0.0
0.36317237007663195,0.27827831301930533,0.39084637867068106,0.0,0.4190519936023689,0.2602987035926128,0.391106906746548,0.4517938161646685,0.4098816281626809,0.0,0.4311576064185017,0.28355614766459064,0.42271291370419695,0.0,0.2839364300322995,0.3705041042327083,0.3126056232809524,0.35639114599676847,0.3993201159501642,0.2994881015793484,0.43927874904318837,0.32112263693201043,0.4005477524521895,0.3075119404500971,0.323901960932531,0.339497912767958,0.35443672696836653,0.3939751124615116,0.3239351392203797,0.3791278302392958,0.344578949345575,0.3677710956976862,0.3367612460190784,0.30777985835667476,0.2883124185966836,0.3691884086318407,0.0,0.27969737494330976,0.310718779865405,0.3780430989257476,0.3990375892987821,0.37161204257587765,0.0,0.0,0.38776041201686007,0.4119229802696056,0.3372695330932388,0.0,0.0,0.0,0.0,0.4513285723499665,0.0,0.0,0.47351738907871654,0.0,0.46586434097469875,0.42885399131893576,0.0,0.0,0.34731302437430694,0.4589264824511473,0.42165901655627336,0.0,0.0,0.39792412574186636,0.0,0.34219302246123606,0.4094527319887022,0.43989344813430414,0.47428856194507807,0.0,0.4511929538005982,0.0,0.2953748225142577,0.46927845424601555
0.0,0.0,0.3424573552277903,0.3104236590914255,0.3311685021882001,0.35657936481493296,0.40151768267911736,0.33396853552389966,0.35181447263906435,0.4311576064185017,0.0,0.36715795625370806,0.4043761401004679,0.2992451692782045,0.0,0.0,0.3579394076374675,0.3466685206378028,0.2841075858994619,0.0,0.0,0.0,0.2944593521256748,0.3964073976672971,0.0,0.3390129984379151,0.3858809161914678,0.403352674611206,0.0,0.0,0.434689637545384,0.3664534433503593,0.32634700171627234,0.4138258776578564,0.4041557245062316,0.3114840085757847,0.36340028078618486,0.365561941177373,0.41627122248574416,0.0,0.28542042423742087,0.3074871002255321,0.40609161089123424,0.0,0.0,0.0,0.0,0.37596565544195293,0.0,0.38725849103647464,0.4688884963521187,0.427856161459901,0.4288187900182857,0.36510876791128444,0.3715328836968587,0.2640314521584418,0.30926548463233344,0.38730754352223756,0.3708530615322266,0.0,0.0,0.0,0.0,0.240957979420673,0.0,0.0,0.0,0.5043474393022287,0.0,0.0,0.0,0.4820622365866026,0.35038120362086167,0.0,0.0,0.0
0.3601037464445924,0.24863322757506204,0.3186151023281308,0.2494974434871219,0.372112372883821,0.3377937272896227,0.35497637596971005,0.0,0.34691729574239755,0.28355614766459064,0.36715795625370806,0.0,0.37232222607301524,0.0,0.0,0.0,0.3782566505118034,0.36454711684984026,0.3293799782038514,0.3508834522714327,0.3875417564548274,0.35751778890998204,0.4167410231684052,0.2823373421760893,0.3616332328642346,0.286976770665974,0.33229363121677424,0.24019036504473296,0.3067267612747766,0.0,0.3523668682112258,0.2574988736260998,0.22874182932421785,0.21934606609920995,0.28990298101374884,0.262955753085951,0.28436763510793117,0.1910625764775182,0.2526480734447687,0.397025336479923,0.38640643584302076,0.28256349606691156,0.0,0.0,0.399323891335805,0.39029379275227394,0.0,0.0,0.0,0.0,0.0,0.0,0.0,0.0,0.4749610066153299,0.0,0.4643492410477892,0.43584633897897995,0.0,0.0,0.0,0.46460787709052354,0.4421529544039137,0.0,0.0,0.0,0.0,0.4045559106473834,0.4470494543452142,0.4698356689706575,0.47533082274686456,0.44740660018247613,0.45278880102767427,0.0,0.0,0.4822090645938361
0.3480905356874825,0.41617235953946163,0.4040172360161484,0.31071016210068947,0.3582541231981791,0.3924408752694082,0.3451946133501701,0.4024581952364471,0.37215908054867136,0.42271291370419695,0.4043761401004679,0.37232222607301524,0.0,0.3816015385023486,0.38915000658301596,0.457361792072705,0.404287349435669,0.40532860219728467,0.3940545278230595,0.4318175880429377,0.3900064854376992,0.45796617814660695,0.4055997159464669,0.420382154712817,0.4069562103624523,0.40685349411652555,0.40613267788527413,0.3494255759149848,0.4127129643933451,0.38303560840027545,0.41470598903269323,0.3871943257470767,0.3617273628095203,0.3867896639630599,0.39068440524373704,0.31226585157617637,0.3460301997157648,0.3536281971945833,0.42611111990615735,0.3711261255463755,0.29816876673608383,0.29612377867602696,0.38649800751654284,0.0,0.3885138797711461,0.0,0.30307432685300495,0.46837127551378693,0.0,0.3558865869935432,0.4696595256270703,0.39995471090375617,0.44427138026710794,0.39344104876366476,0.3108808198525091,0.4091203844380304,0.3111828271277572,0.38304061992702176,0.0,0.3169776489858252,0.2956905888373376,0.0,0.0,0.4265179984482363,0.39025770993979503,0.0,0.30188968840219854,0.49199712035159704,0.0,0.3227788052831472,0.348435272458882,0.4824697114970391,0.415155133963188,0.42738268046936945,0.0,0.3888123936898627
0.4560763011359135,0.0,0.40564883336533814,0.27781327407476863,0.2776359721308161,0.38511776800741165,0.31408419544156074,0.3099747514068764,0.3803869381324666,0.0,0.2992451692782045,0.0,0.3816015385023486,0.0,0.0,0.0,0.0,0.0,0.3738818792102126,0.0,0.0,0.0,0.36116880602035595,0.41021583073864504,0.0,0.41805294473335686,0.41126768082458376,0.3202808668809945,0.0,0.0,0.40404928557465863,0.256840452537879,0.0,0.0,0.0,0.22212966433003578,0.15078239900211288,0.0,0.0,0.0,0.0,0.0,0.4066983570589215,0.0,0.0,0.0,0.0,0.4292281170368132,0.0,0.0,0.40799303550980714,0.43469093365997846,0.4550643963290777,0.44960640681410874,0.0,0.4803452809217663,0.0,0.0,0.41749582856502915,0.0,0.0,0.0,0.0,0.0,0.0,0.0,0.0,0.49597763614733953,0.0,0.0,0.0,0.0,0.0,0.0,0.0,0.0
0.3867139892847615,0.4087314984729865,0.0,0.0,0.0,0.4174167247573915,0.0,0.3862003173808658,0.0,0.2839364300322995,0.0,0.0,0.38915000658301596,0.0,0.0,0.40702785154365606,0.31063576457829556,0.37626930953092347,0.0,0.33236630341332773,0.3504967912209292,0.3637553126938473,0.3284714305771476,0.4207954384328157,0.37900771864874727,0.3932929855058793,0.4019656517475038,0.4036000190579217,0.3680170734969719,0.34987391837890014,0.3890673650031296,0.41490463888755025,0.3690763914131907,0.39878576967292273,0.46018272089982987,0.47624594072761484,0.43516562181594876,0.0,0.43075211797051255,0.4165080565945496,0.4049100941180005,0.46948452603844193,0.3295980888791326,0.0,0.0,0.0,0.4369844277970163,0.376824722432594,0.0,0.0,0.4135594427608785,0.3346621205326735,0.3980278444521723,0.0,0.0,0.0,0.0,0.37649097643228324,0.0,0.4537281814179805,0.37839944847166507,0.0,0.31681635926832863,0.0,0.43854195284254965,0.42331349082042097,0.45657315105295593,0.44100212639157643,0.0,0.3474784110150264,0.4580321327104178,0.45194756346908854,0.42121100690940627,0.41892278764663066,0.0,0.3829831812366576
0.38366789707329485,0.3973197358412632,0.0,0.0,0.4038583502714627,0.4287704915473494,0.44628151011281614,0.457518334027152,0.3872053331325951,0.3705041042327083,0.0,0.0,0.457361792072705,0.0,0.40702785154365606,0.0,0.40311545048461667,0.3785821435788394,0.0,0.42007029977361576,0.4022862099721768,0.4043856525346486,0.427189247798041,0.38195509160035823,0.3826309471159908,0.400926985903144,0.432665137319257,0.44029605666998134,0.44637625190866653,0.38541702025180236,0.36274015965351103,0.42815247214510077,0.34492752003890564,0.38021666572813223,0.4501153502409997,0.0,0.0,0.0,0.4240493580495522,0.3795691035281696,0.3950621216146344,0.41581857341422346,0.0,0.0,0.0,0.4234546935165691,0.4253051824873306,0.0,0.0,0.0,0.30158396217688227,0.0,0.0,0.0,0.0,0.0,0.0,0.3049783066958216,0.0,0.41735361015975336,0.40961018587180276,0.32568675601544306,0.41451256460365116,0.0,0.36641530969226327,0.41502307131039523,0.41420420087453536,0.3614676540116909,0.0,0.4205762237559949,0.44730411876160475,0.37490646919853426,0.0,0.3802795890142969,0.0,0.39380064549016197
0.0,0.3524255436359539,0.0,0.0,0.0,0.29669497384355953,0.3727511500325095,0.0,0.33084656840413307,0.3126056232809524,0.3579394076374675,0.3782566505118034,0.404287349435669,0.0,0.31063576457829556,0.40311545048461667,0.0,0.32802620256353077,0.34127809991524916,0.34499894058489394,0.0,0.3558028499807664,0.331890182780058,0.3766290552151758,0.35313492221991366,0.3221112192578165,0.3256437572639518,0.421493786644332,0.32904477468767895,0.0,0.34183077368190445,0.4042317143993744,0.35444446030290394,0.3498161195173619,0.34060117321236594,0.48513284922530026,0.0,0.3261022971950083,0.37153583307176735,0.3833682169543609,0.0,0.0,0.0,0.0,0.0,0.0,0.0,0.0,0.0,0.0,0.0,0.0,0.0,0.0,0.47307075527219655,0.0,0.48465310696076647,0.0,0.0,0.0,0.38118195525759246,0.4216864462184095,0.42328043228627693,0.0,0.0,0.0,0.29832203991279904,0.0,0.45376240036034227,0.4494932154362109,0.47283061103927454,0.0,0.0,0.0,0.0,0.0
0.39194406902386153,0.39067096004348156,0.0,0.0,0.0,0.363177375801509,0.38692755634992315,0.465649686606707,0.2793732440720793,0.35639114599676847,0.3466685206378028,0.36454711684984026,0.40532860219728467,0.0,0.37626930953092347,0.3785821435788394,0.32802620256353077,0.0,0.0,0.3893079888621733,0.3915153696742812,0.3933593519266676,0.4206480370086111,0.3762063806895848,0.3675068112295789,0.38001920734194444,0.40205572080966484,0.4161352561512239,0.4237406597133582,0.0,0.35447922063238496,0.40883245304168103,0.344444097027473,0.3606780731018432,0.34747552384613384,0.0,0.0,0.28305421411829335,0.408581449358492,0.37670911220726366,0.40128954996826294,0.0,0.0,0.0,0.0,0.4419248505221588,0.4259693386151068,0.0,0.0,0.0,0.27988676649642336,0.0,0.0,0.0,0.4629314120770586,0.0,0.47874311970063677,0.0,0.0,0.3443965617834736,0.4106617632226484,0.42992402801004426,0.4209154698957146,0.0,0.0,0.34592583628842627,0.3882937255462845,0.0,0.4620017802233948,0.43388583034217365,0.46275943923290513,0.0,0.0,0.3059608063129334,0.0,0.3982557464397496
0.0,0.0,0.2685251713986947,0.3381987596975531,0.3658827954123093,0.3556579256430074,0.3879257190380904,0.41915926185737457,0.3061300578397329,0.3993201159501642,0.2841075858994619,0.3293799782038514,0.3940545278230595,0.3738818792102126,0.0,0.0,0.34127809991524916,0.0,0.0,0.0,0.0,0.0,0.2760344145902928,0.2856028617107839,0.0,0.0,0.34766966732092713,0.40564308557983697,0.0,0.0,0.40139107895193654,0.3785572837628541,0.0,0.3642803132557406,0.39426970989281074,0.3646415775736093,0.373623489483564,0.34150447789611327,0.46601703130478755,0.0,0.0,0.0,0.4458166193689367,0.0,0.0,0.0,0.0,0.35047966202315395,0.0,0.4637674130903514,0.5089960318334229,0.45751782612034264,0.4857800303435396,0.5094647919995527,0.0,0.2771010980458144,0.350765434474009,0.41684361570081174,0.0,0.0,0.0,0.0,0.0,0.49490025639947066,0.0,0.0,0.0,0.5248123390874592,0.0,0.0,0.0,0.5101378222306713,0.3648695083112366,0.42953172638942927,0.0,0.0
0.3881543085287761,0.41109992586393884,0.0,0.4102592882219275,0.0,0.41408813802372424,0.43374221670097807,0.3988979077369608,0.0,0.2994881015793484,0.0,0.3508834522714327,0.4318175880429377,0.0,0.33236630341332773,0.42007029977361576,0.34499894058489394,0.3893079888621733,0.0,0.0,0.38509451322411414,0.3738397745223271,0.3281692616820933,0.0,0.3904171404923984,0.42574210648568095,0.36168659818829146,0.35999045288528686,0.3284799061456029,0.21737788788435355,0.36525450521687974,0.426350795801693,0.3484398140627085,0.4122795953065774,0.4640093819442097,0.3985505367251512,0.42727988793081273,0.3376746729110024,0.40935249703411425,0.32483855968752817,0.32708421360864365,0.43651381235170994,0.3769769684800667,0.0,0.0,0.0,0.3879003664225276,0.31804787686973185,0.0,0.0,0.4010209682510585,0.3339734438539842,0.38289723509873,0.3132617631773743,0.0,0.0,0.0,0.37523996104255125,0.0,0.3948492133977507,0.31037686829507444,0.0,0.3037404142935619,0.0,0.41355187926832276,0.33237062221102914,0.4355149198205951,0.4143020054828147,0.0,0.2934333561789656,0.4267630775902621,0.44986497768153366,0.43109228889209045,0.3687364819159944,0.0,0.40711988068595634
0.3738317049411924,0.3999416500556223,0.0,0.0,0.0,0.4174134242062974,0.0,0.35631808935618053,0.0,0.43927874904318837,0.0,0.3875417564548274,0.3900064854376992,0.0,0.3504967912209292,0.4022862099721768,0.0,0.3915153696742812,0.0,0.38509451322411414,0.0,0.411516895839587,0.379848269697507,0.44613035134850487,0.3929580275896631,0.3947181434817062,0.4146837832622376,0.39416794687504164,0.35628917584793374,0.3725983205621547,0.372978738445639,0.40212403950147735,0.37444917414260115,0.3752026589713652,0.45442421700605945,0.0,0.0,0.3365795496624733,0.4046365460910121,0.30175559344012237,0.3817265313682279,0.457626501003089,0.0,0.0,0.0,0.31556326998365763,0.43799015470426833,0.0,0.0,0.0,0.3992476656304661,0.3474235304847902,0.33465711218877425,0.0,0.0,0.0,0.0,0.4020615917664466,0.0,0.4037409277040743,0.38638391067160816,0.0,0.0,0.0,0.39659940366423363,0.2586443838814874,0.42154331751585167,0.39546773635845534,0.0,0.3894200543864631,0.4566100334891006,0.43678257881844823,0.43243874817375283,0.4112941524084138,0.0,0.0
0.3896570130457819,0.3917362121706711,0.0,0.0,0.4321477146856921,0.42742769186219426,0.4523247426760524,0.40050602740691116,0.4155703052624789,0.32112263693201043,0.0,0.35751778890998204,0.45796617814660695,0.0,0.3637553126938473,0.4043856525346486,0.3558028499807664,0.3933593519266676,0.0,0.3738397745223271,0.411516895839587,0.0,0.3493613494628881,0.0,0.39965629190222146,0.3997006833203678,0.43077376165251885,0.42022232799255654,0.38736614889328197,0.37758824430693066,0.353568127044031,0.42670824328842333,0.3702509395682539,0.39671037511038815,0.4684004286206332,0.4887689360413129,0.4482493203704912,0.0,0.4237375543309513,0.4108910023996726,0.42537541596082523,0.4552324642503686,0.3525028483973958,0.0,0.0,0.41237350734118666,0.43077642206331546,0.0,0.0,0.0,0.3767161158529944,0.2926227935969261,0.4110419656961355,0.0,0.0,0.0,0.0,0.2988502678425107,0.0,0.45488263009544566,0.3959823384611922,0.0,0.36022212226004463,0.0,0.43470195521506977,0.4401379230776567,0.44222078447501695,0.44756750669496553,0.0,0.38586008326762894,0.4587273217812684,0.4271093067912781,0.35237442745749264,0.4062751098691792,0.0,0.37149560864265524
0.4498625641168926,0.43577451389036437,0.2941728379811594,0.37267265533154115,0.37936725289737033,0.385870459608097,0.395428129616208,0.36202808165905476,0.3835262637678566,0.4005477524521895,0.2944593521256748,0.4167410231684052,0.4055997159464669,0.36116880602035595,0.3284714305771476,0.427189247798041,0.331890182780058,0.4206480370086111,0.2760344145902928,0.3281692616820933,0.379848269697507,0.3493613494628881,0.0,0.47961303108836717,0.43690667937958333,0.4384889343110743,0.34865590950230446,0.40657898860189523,0.38522224095790136,0.3809267137594926,0.3920118158656622,0.394058432130999,0.3638321544138237,0.41367111847824495,0.4288991552974117,0.3624634337665022,0.3929749868457406,0.0,0.48388342959337666,0.4394513344001212,0.4933182436809271,0.4456328297380342,0.4906657847345945,0.4205395472081874,0.0,0.0,0.44176115340985234,0.4551895262662231,0.0,0.5184953026272954,0.498667709182295,0.5227820197241537,0.4638606265566294,0.534474556751454,0.41734332016762377,0.5014938772628282,0.3349261609982772,0.5099196700415696,0.46223324629820234,0.4376874632610302,0.0,0.0,0.0,0.5435943192353622,0.4386724457174712,0.3981417316600754,0.45505687871831413,0.5001120219984911,0.0,0.3363085299707958,0.4718852643737484,0.4982881897949044,0.49515961885537724,0.463008062070935,0.4982429677554366,0.4979023059571422
0.33694308228519004,0.0,0.0,0.0,0.388063871963372,0.34870585528527226,0.0,0.4949378876621981,0.35731275816419467,0.3075119404500971,0.3964073976672971,0.2823373421760893,0.420382154712817,0.41021583073864504,0.4207954384328157,0.38195509160035823,0.3766290552151758,0.3762063806895848,0.2856028617107839,0.0,0.44613035134850487,0.0,0.47961303108836717,0.0,0.34023053144221255,0.3266774284658068,0.40201389154556666,0.3612607499824024,0.0,0.0,0.36163622718827076,0.27332965800460035,0.20115522617000028,0.2672020163607673,0.2780514950613981,0.24711271944187987,0.3685331752548989,0.20419648698472403,0.23731926237695475,0.35366187747447414,0.3349155815060333,0.0,0.0,0.0,0.33150888563004294,0.4169753822328006,0.4469947108816389,0.0,0.0,0.0,0.0,0.0,0.0,0.0,0.39855375390371656,0.0,0.3780244066870929,0.4350307153504972,0.0,0.0,0.4311597531061833,0.0,0.4597550053482816,0.0,0.0,0.0,0.0,0.0,0.3503006405322022,0.46619539742885246,0.448685057173909,0.0,0.4845975739249378,0.0,0.0,0.4458976817438996
0.38738478173628393,0.38110895256331145,0.0,0.0,0.34814669870947057,0.3690126874314483,0.3824463176904752,0.4720561342241542,0.2999034694356343,0.323901960932531,0.0,0.3616332328642346,0.4069562103624523,0.0,0.37900771864874727,0.3826309471159908,0.35313492221991366,0.3675068112295789,0.0,0.3904171404923984,0.3929580275896631,0.39965629190222146,0.43690667937958333,0.34023053144221255,0.0,0.3606545665833134,0.39108060215846896,0.41781025818060497,0.4051291224345323,0.0,0.37217907554330754,0.3939266161746134,0.3100005143546354,0.34534368856943154,0.35099311210862444,0.0,0.0,0.3339860710699434,0.4228300505401378,0.3817706108882962,0.4086705932854008,0.4118898482379248,0.0,0.0,0.38075908887249077,0.44427797942715036,0.431081859134434,0.0,0.0,0.0,0.2922256806759358,0.0,0.0,0.0,0.47984144498047016,0.0,0.4797374356246798,0.35939605876051,0.0,0.39025121637207527,0.41052689943702675,0.45443693809463975,0.4327618400334355,0.0,0.3746318166243696,0.412467968238945,0.38334681508068247,0.3444299475281019,0.4567847660622921,0.4405793540948163,0.46587844401213707,0.32826636499997475,0.0,0.4007961885191294,0.0,0.404733194359824
0.35634382456959596,0.3807610378160556,0.0,0.0,0.33978121952468576,0.40002553453041323,0.3669389495179307,0.4776027169583495,0.32684033384427974,0.339497912767958,0.3390129984379151,0.286976770665974,0.40685349411652555,0.41805294473335686,0.3932929855058793,0.400926985903144,0.3221112192578165,0.38001920734194444,0.0,0.42574210648568095,0.3947181434817062,0.3997006833203678,0.4384889343110743,0.3266774284658068,0.3606545665833134,0.0,0.43666441109606396,0.42380532496280404,0.40012965841548515,0.0,0.36408210157751775,0.4134900776772528,0.3474290163476658,0.3670769835254575,0.4175835604654141,0.4265900152111081,0.0,0.3195834377575148,0.43560296314382313,0.4174793045147614,0.42775275203922686,0.4561636416239808,0.30618853742218394,0.0,0.4110161354865753,0.4385381705412501,0.45971628572943435,0.0,0.0,0.0,0.38532444326187565,0.0,0.0,0.0,0.4980567731166157,0.0,0.4891060577726106,0.3410403625502628,0.0,0.4598254479189931,0.43882361213754073,0.46694563079986606,0.4536056187290658,0.0,0.4189471593334807,0.44833559307167414,0.44446072606576076,0.46206749613274345,0.44029017113659996,0.45792566520219957,0.46980872915616834,0.44950358613761054,0.4160373563854298,0.42765550399991825,0.0,0.429941414593179
0.4304569694335825,0.4103055003508312,0.3118508276382724,0.37915395422968257,0.38276484552510504,0.37773469741475096,0.3955908958095986,0.42385268617079597,0.35120007304311635,0.35443672696836653,0.3858809161914678,0.33229363121677424,0.40613267788527413,0.41126768082458376,0.4019656517475038,0.432665137319257,0.3256437572639518,0.40205572080966484,0.34766966732092713,0.36168659818829146,0.4146837832622376,0.43077376165251885,0.34865590950230446,0.40201389154556666,0.39108060215846896,0.43666441109606396,0.0,0.4033641528121857,0.3762119680496888,0.3800613739006657,0.38493592671718524,0.39614485684163075,0.36895666455114895,0.4108159821577712,0.43209929092887317,0.3942841895158884,0.40327021293399035,0.3276428021516072,0.4697315842804482,0.0,0.45346789575707397,0.41639194294270615,0.47593859078880074,0.3589883703085853,0.0,0.0,0.4015430872762347,0.5319391167346554,0.0,0.4681277770731748,0.48536104110643313,0.5060072746423078,0.4549108700524018,0.5310797166108081,0.36245398544638785,0.5091998145608696,0.32214104077237626,0.4977531421670492,0.0,0.43721953159220694,0.0,0.0,0.0,0.5127143952735633,0.441014933958605,0.37090254025144975,0.4121790625894186,0.4937279949689794,0.0,0.3265846417859272,0.4604689536454766,0.48708122463945513,0.4826911285677048,0.4612873997943967,0.49119943714938274,0.4856576099319491
0.30288087275411285,0.4341255860138382,0.41477336933264947,0.2902053865969979,0.363854377599997,0.3925014893495372,0.3762601018067785,0.39673493050770603,0.4049223143122308,0.3939751124615116,0.403352674611206,0.24019036504473296,0.3494255759149848,0.3202808668809945,0.4036000190579217,0.44029605666998134,0.421493786644332,0.4161352561512239,0.40564308557983697,0.35999045288528686,0.39416794687504164,0.42022232799255654,0.40657898860189523,0.3612607499824024,0.41781025818060497,0.42380532496280404,0.4033641528121857,0.0,0.3555820451272518,0.25063433478144254,0.3737154895674018,0.34255591401725893,0.24121594574873154,0.32904440130205015,0.294583181148996,0.2956815822932866,0.28859529330120354,0.2287764078098035,0.3378786630320076,0.31621277333689995,0.23398822595435892,0.2833397702874473,0.3314150020544567,0.0,0.32260045985440317,0.0,0.2781890426761258,0.37473078542264004,0.0,0.33891636615337895,0.4617647668198537,0.3699819212329952,0.41212604181841334,0.35947378134961827,0.25310276662115694,0.3400188262003511,0.21897644280677925,0.4019011970874969,0.0,0.41171263203910896,0.0,0.0,0.0,0.33815812044844595,0.4513472641232356,0.0,0.3475884645949755,0.47695315712449565,0.0,0.0,0.3783355622735014,0.48047935618052495,0.4619192992931875,0.4628254588668482,0.41743890023247293,0.45492027284589226
0.0,0.4075892997122544,0.0,0.3506090416241685,0.40219567077488366,0.3345092892829187,0.42189342104631444,0.39445825891472386,0.3876164722685736,0.3239351392203797,0.0,0.3067267612747766,0.4127129643933451,0.0,0.3680170734969719,0.44637625190866653,0.32904477468767895,0.4237406597133582,0.0,0.3284799061456029,0.35628917584793374,0.38736614889328197,0.38522224095790136,0.0,0.4051291224345323,0.40012965841548515,0.3762119680496888,0.3555820451272518,0.0,0.31815208968335823,0.34377374344762474,0.3790650318491665,0.2872439140338783,0.3885672363943266,0.42537954390729565,0.40536169023201096,0.38695691014456396,0.2981860990201594,0.4543258855631046,0.32110647379703183,0.4546682761864572,0.4151997037448466,0.4257255007519444,0.35510685792397195,0.0,0.0,0.3991550749935989,0.4114957203047049,0.0,0.3793391380632656,0.45299122453932666,0.38392977827896785,0.4278333480806754,0.36890815649573283,0.34665114022592647,0.43769029861789593,0.0,0.44415725661988054,0.0,0.40387669727839404,0.31079866923444033,0.0,0.0,0.0,0.4179699967371606,0.38393885468777555,0.3989339883627322,0.47020759156983094,0.0,0.30749096628086087,0.42129219649136307,0.4752403435884942,0.4673346765154612,0.4467174599632955,0.44357527819407144,0.4650155376631006
0.0,0.0,0.4165446778171386,0.0,0.0,0.4015194911285416,0.0,0.35970389096911626,0.3877657115599732,0.3791278302392958,0.0,0.0,0.38303560840027545,0.0,0.34987391837890014,0.38541702025180236,0.0,0.0,0.0,0.21737788788435355,0.3725983205621547,0.37758824430693066,0.3809267137594926,0.0,0.0,0.0,0.3800613739006657,0.25063433478144254,0.31815208968335823,0.0,0.29840957958074493,0.3718358813481215,0.0,0.3470578302158551,0.35478704540462813,0.42444209971145763,0.0,0.2543361772992547,0.0,0.0,0.0,0.0,0.0,0.0,0.0,0.0,0.0,0.0,0.0,0.0,0.4088724713017383,0.0,0.0,0.0,0.19763582966202992,0.0,0.0,0.0,0.0,0.352243394463406,0.0,0.0,0.0,0.0,0.0,0.0,0.0,0.4643604468865916,0.0,0.0,0.0,0.4649673248017679,0.3826525591587202,0.42819885553849685,0.0,0.0
0.3500855973824042,0.32944751786680887,0.43095856212953815,0.0,0.41244553821310104,0.39766676542502566,0.41182824803907764,0.40470324103829136,0.42228320100468153,0.344578949345575,0.434689637545384,0.3523668682112258,0.41470598903269323,0.40404928557465863,0.3890673650031296,0.36274015965351103,0.34183077368190445,0.35447922063238496,0.40139107895193654,0.36525450521687974,0.372978738445639,0.353568127044031,0.3920118158656622,0.36163622718827076,0.37217907554330754,0.36408210157751775,0.38493592671718524,0.3737154895674018,0.34377374344762474,0.29840957958074493,0.0,0.4039089226583192,0.32237983636128603,0.29179437926597973,0.3068169722128068,0.3817117121900051,0.41059274803844187,0.2925985403635243,0.4239908411402785,0.36982896096700113,0.0,0.0,0.0,0.0,0.0,0.3561009473575405,0.41186865832364244,0.0,0.0,0.0,0.45246176015706824,0.3397542360246381,0.0,0.0,0.5238169169924461,0.0,0.0,0.3652305964108147,0.0,0.42654925572821106,0.3992120634422049,0.0,0.42385157107806265,0.0,0.43867000565075426,0.0,0.39306439633942586,0.47748153490092393,0.0,0.4192166076464571,0.43295836837085183,0.473512485644549,0.4451562203283528,0.4524099438566564,0.0,0.39394960462260975
0.40690701422290704,0.4019662939530781,0.390677387787036,0.2689563164657327,0.3494606141636416,0.40235909952906224,0.38337655671298093,0.35767669318838285,0.38997498128087804,0.3677710956976862,0.3664534433503593,0.2574988736260998,0.3871943257470767,0.256840452537879,0.41490463888755025,0.42815247214510077,0.4042317143993744,0.40883245304168103,0.3785572837628541,0.426350795801693,0.40212403950147735,0.42670824328842333,0.394058432130999,0.27332965800460035,0.3939266161746134,0.4134900776772528,0.39614485684163075,0.34255591401725893,0.3790650318491665,0.3718358813481215,0.4039089226583192,0.0,0.3314678428876813,0.38054713685796737,0.36149971354646704,0.2546680487106315,0.28875777104012357,0.2573421109053204,0.28328156344913863,0.2678589206397689,0.2962788799412138,0.3015947740792721,0.31616579542153034,0.25694326279241886,0.2521120053759742,0.42084970989465553,0.4420150261293732,0.4641662991168453,0.0,0.405063594371705,0.47089843099647494,0.4275323278534416,0.4402624587052024,0.4342471551008255,0.24855749349926146,0.4084278411671663,0.24525863650170182,0.467050572378019,0.0,0.4370177865819464,0.4258247393362558,0.3444385690160442,0.41025973591408144,0.42665758196604375,0.4336285903588583,0.4342332246323979,0.43588304911943326,0.47452434955145517,0.0,0.4384575968313093,0.44901225895456837,0.4770463928033787,0.4445298614791821,0.4519575783034751,0.0,0.49009888072782304
0.31039544969086574,0.3267636350631665,0.34259325653217554,0.215540660842649,0.0,0.3695739696324975,0.349441610187363,0.4426988889889446,0.34200457762663294,0.3367612460190784,0.32634700171627234,0.22874182932421785,0.3617273628095203,0.0,0.3690763914131907,0.34492752003890564,0.35444446030290394,0.344444097027473,0.0,0.3484398140627085,0.37444917414260115,0.3702509395682539,0.3638321544138237,0.20115522617000028,0.3100005143546354,0.3474290163476658,0.36895666455114895,0.24121594574873154,0.2872439140338783,0.0,0.32237983636128603,0.3314678428876813,0.0,0.20546865651292387,0.3381535746606987,0.23096811780709536,0.2299248409595259,0.1725707091356082,0.2910134436571519,0.26625223505661855,0.2760325635441374,0.28738034969344783,0.20810730803334693,0.0,0.22832977718963582,0.37284783157481094,0.42220058075814887,0.0,0.0,0.0,0.37997992550911247,0.0,0.0,0.0,0.39034815320591915,0.0,0.3096796492658734,0.3559927319799884,0.0,0.42319038391537217,0.40080298940647047,0.33810784386750437,0.4164126061081191,0.0,0.36058971102485704,0.0,0.44195778127048396,0.4181444868905783,0.35310230756974403,0.4175597646852881,0.41768780307057124,0.4314939799316352,0.4455109430991871,0.374911061032947,0.0,0.38742801060277277
0.32213565897769314,0.3393747988185754,0.40465962249646653,0.24117797908859073,0.40815599908189787,0.4097605639772574,0.3839098254518541,0.41860993694056015,0.41227235545962915,0.30777985835667476,0.4138258776578564,0.21934606609920995,0.3867896639630599,0.0,0.39878576967292273,0.38021666572813223,0.3498161195173619,0.3606780731018432,0.3642803132557406,0.4122795953065774,0.3752026589713652,0.39671037511038815,0.41367111847824495,0.2672020163607673,0.34534368856943154,0.3670769835254575,0.4108159821577712,0.32904440130205015,0.3885672363943266,0.3470578302158551,0.29179437926597973,0.38054713685796737,0.20546865651292387,0.0,0.2523478499340617,0.37824715621370675,0.3518555618958378,0.18887970564886147,0.3144064083147964,0.26900962823975977,0.2547167867499795,0.28380785497535316,0.27908275081882866,0.25960632892975605,0.2414155324079309,0.35344942499178056,0.41261710888906733,0.3816841033158446,0.0,0.0,0.44328779637316157,0.37203064169430483,0.0,0.0,0.2642907810513713,0.0,0.23063334182298748,0.3544862562003259,0.0,0.4325148975851518,0.3974573142937288,0.0,0.407671096480125,0.0,0.43575978957466904,0.3939691142264363,0.41414189186887135,0.4879003304470743,0.2451178649934033,0.4129038000763634,0.43323830509414596,0.48755624755339555,0.40490109805009816,0.45905899337997863,0.0,0.49387280335462175
0.3582662451936187,0.40072283577939666,0.42752748982895694,0.2399268682885033,0.39647303483781327,0.4306574209488544,0.38666233440306125,0.4262624883431836,0.39567312592289827,0.2883124185966836,0.4041557245062316,0.28990298101374884,0.39068440524373704,0.0,0.46018272089982987,0.4501153502409997,0.34060117321236594,0.34747552384613384,0.39426970989281074,0.4640093819442097,0.45442421700605945,0.4684004286206332,0.4288991552974117,0.2780514950613981,0.35099311210862444,0.4175835604654141,0.43209929092887317,0.294583181148996,0.42537954390729565,0.35478704540462813,0.3068169722128068,0.36149971354646704,0.3381535746606987,0.2523478499340617,0.0,0.3564265590849046,0.3347464914101401,0.21989341865391232,0.30092116617908954,0.3124148745324076,0.298847411655023,0.31722728118270616,0.27473131867898104,0.2977408752170326,0.24964855015295592,0.0,0.4451803294714877,0.0,0.0,0.0,0.4328427510136115,0.39469526144048284,0.0,0.0,0.25996485424199556,0.0,0.2538264011040236,0.33080024574168476,0.0,0.468856427580573,0.3896723544425638,0.0,0.4219338244576696,0.0,0.43728253623658647,0.0,0.47099475277198527,0.4889083561242206,0.0,0.4053344018212484,0.45738113078401027,0.4862447328628561,0.45371566445969774,0.44075455491862625,0.0,0.0
0.0,0.0,0.3903101096105267,0.19937691198378468,0.228561019801902,0.408354137017671,0.2676488745211283,0.21890474080692948,0.3705811008342586,0.3691884086318407,0.3114840085757847,0.262955753085951,0.31226585157617637,0.22212966433003578,0.47624594072761484,0.0,0.48513284922530026,0.0,0.3646415775736093,0.3985505367251512,0.0,0.4887689360413129,0.3624634337665022,0.24711271944187987,0.0,0.4265900152111081,0.3942841895158884,0.2956815822932866,0.40536169023201096,0.42444209971145763,0.3817117121900051,0.2546680487106315,0.23096811780709536,0.37824715621370675,0.3564265590849046,0.0,0.1754620853741913,0.27392275173075376,0.26339464030497683,0.0,0.2858623407670974,0.31257893011680593,0.34439074261125036,0.0,0.3075281125976263,0.0,0.0,0.4768252075577956,0.0,0.4296863591808637,0.4291865321768632,0.41684866854147057,0.37919622687521914,0.4610869228994061,0.2778806065213857,0.4432776171231456,0.0,0.40876709669852523,0.0,0.0,0.0,0.0,0.0,0.4595744287596352,0.0,0.0,0.0,0.4671538414415197,0.0,0.0,0.0,0.44421066236532775,0.41487964540422495,0.40776582845464443,0.489100797565389,0.0
