0.0,0.2974948928453084,0.0,0.0,0.0,0.2932746440141538,0.0,0.3154238218928019,0.0,0.3070195090321674,0.0,0.294563087171524,0.2718922096106988,0.0,0.2553236087040048,0.30301203780274966,0.0,0.30773615461124787,0.0,0.2984686070344113,0.24886013651823924,0.2856918240173473,0.28819780456684496,0.2564282994908947,0.29030110661678704,0.26823657780316795,0.28120597961154453,0.29889668359002775,0.2879159014412226,0.0,0.2660988022509674,0.28660548308180567,0.27159183274195053,0.2768068585234404,0.2657730462293356,0.0,0.0,0.26226722781283685,0.3107083435381414,0.3036549337421742,0.2655092453560336,0.0,0.0,0.0,0.0,0.2675903270700406,0.3379026515591816,0.0,0.0,0.0,0.2743951459099566,0.0,0.0,0.0,0.3308673672326462,0.0,0.0,0.24769239744898758,0.0,0.0,0.32264531405912233,0.0,0.29852937916008226,0.0,0.0,0.2653843845763699,0.32198407685255476,0.3525801492667868,0.30374009891869475,0.30916616220382276,0.32848138642967073,0.2956790315723931,0.0,0.0,0.0,0.2532478582816479
0.2974948928453084,0.0,0.0,0.0,0.2422909949524238,0.26649923452897967,0.26581892580505645,0.30549588512544995,0.24815204317322317,0.2759361357705324,0.0,0.18661846948653243,0.28986082919393824,0.0,0.2848659428600495,0.3065174348898507,0.0,0.3053707505406718,0.0,0.2747283090845849,0.2783284177444803,0.259996882112744,0.2923977205046212,0.0,0.28139929907207506,0.28936109141681937,0.28180262308901044,0.29307726012351004,0.278263798332308,0.2812674539333883,0.2519600367387129,0.27831309218635647,0.25330282244016766,0.2519365390760979,0.27629979242465447,0.0,0.0,0.0,0.32700193599854566,0.31491322539050454,0.3115146475566604,0.32795168533039254,0.0,0.0,0.0,0.33283879865243415,0.33193786749530846,0.0,0.0,0.0,0.28688204310497545,0.22790758019078164,0.0,0.24534851477920433,0.0,0.0,0.0,0.21899874197786556,0.0,0.3375621844790934,0.32791103208365013,0.0,0.32948825316090935,0.0,0.31202611241804556,0.3187330984588245,0.3233814480287199,0.3029419586768252,0.0,0.3358370653720728,0.34737389234203475,0.3101560158421086,0.2212162921335836,0.3062559783899585,0.0,0.3045138091909522
0.0,0.0,0.0,0.24425511630047644,0.27443151288243584,0.2992231168088449,0.3011278631333884,0.3337176268051103,0.20297281762457453,0.2885989598196274,0.2271684480440191,0.23555290745233945,0.32012186315797747,0.3061504848997497,0.0,0.0,0.0,0.28125998645842676,0.17879062339144985,0.0,0.27627630392806996,0.0,0.21169201986211603,0.2513917267595691,0.2508367999061464,0.265199958808233,0.2270395875485986,0.33254320470555376,0.2691976550385781,0.3140288236922497,0.3400547087030656,0.3144672362883041,0.2751330987877056,0.3365129098129227,0.3194965341121484,0.29976869814407875,0.30072600491534324,0.0,0.3417175386672453,0.0,0.32942140299783323,0.0,0.36021594313588845,0.0,0.0,0.0,0.0,0.3493120111573711,0.0,0.355308023737034,0.3729254272410592,0.3465412192418,0.3787554265570942,0.39386484579746917,0.0,0.35291670479841397,0.0,0.3349072085753115,0.3747682503836357,0.0,0.0,0.0,0.0,0.22916760326044638,0.0,0.0,0.0,0.38423242007288455,0.0,0.0,0.0,0.38820218876340634,0.3151353448069367,0.0,0.0,0.3291739645401273
0.0,0.0,0.24425511630047644,0.0,0.20374608114430584,0.28461792084675397,0.21562673173071187,0.1991198901026003,0.2807612869696339,0.15984379345868951,0.24680487628581144,0.16204322818453323,0.20087810404179987,0.1712266312383839,0.0,0.0,0.0,0.0,0.2714901156955355,0.0,0.0,0.0,0.2654308415163652,0.2119821401075312,0.0,0.0,0.278059561898199,0.16315791209060973,0.2432850125158405,0.0,0.0,0.19324224959736622,0.0,0.17036652364573587,0.20635832361530818,0.1354856750637225,0.12880081334163138,0.0,0.1736677413478302,0.0,0.0,0.0,0.0,0.0,0.0,0.0,0.0,0.0,0.0,0.0,0.0,0.0,0.0,0.0,0.0,0.0,0.16118379578560027,0.0,0.0,0.0,0.0,0.0,0.0,0.0,0.0,0.0,0.0,0.0,0.0,0.0,0.0,0.2277935823272214,0.0,0.0,0.0,0.0
0.0,0.2422909949524238,0.27443151288243584,0.20374608114430584,0.0,0.28006081754185147,0.23537786778503628,0.2802445295734404,0.24851363964106624,0.288628528229677,0.23405028573794884,0.25287569812790245,0.2574865533747966,0.20419799722060114,0.0,0.0,0.2687033734655815,0.2886469440178295,0.25039081399826907,0.28603189446461724,0.22930736865517412,0.2802718501722231,0.2880719622743988,0.25874073410653564,0.2856235190282715,0.2749429458045759,0.2876562097563258,0.2535724073926565,0.0,0.0,0.3123018441626372,0.24517313547767267,0.2536474330645908,0.29112190591020787,0.28401219201652583,0.17813518337689083,0.17909253481748955,0.2423419316219676,0.2796436379587343,0.0,0.2986211534566173,0.0,0.2962577370571054,0.0,0.0,0.0,0.0,0.35311286693734334,0.0,0.2929635499185283,0.32138264357787394,0.27077172863676247,0.3280277938985361,0.3220958614541686,0.0,0.32568192395735773,0.0,0.23799388342547342,0.0,0.0,0.0,0.0,0.0,0.342715953154967,0.0,0.0,0.0,0.35073364557450093,0.0,0.0,0.0,0.32033237176995233,0.2530521150781213,0.24071408025862728,0.0,0.26637385647823497
0.2932746440141538,0.26649923452897967,0.2992231168088449,0.28461792084675397,0.28006081754185147,0.0,0.3014290563348739,0.30251416578409307,0.23580179869488033,0.33696979575636726,0.268652373515016,0.26349664499476616,0.29206071970143643,0.3004102411010978,0.2992573428259753,0.2969611210969577,0.253534398561594,0.3602020277354293,0.3110422867479194,0.28017056542495383,0.2865623703594282,0.28572619340382566,0.29776526711489615,0.22358160286922313,0.2943460391339961,0.30046442502827975,0.2886412572106541,0.30060323363684377,0.2502516712441158,0.31156291423248733,0.3292575860281161,0.2958038119189242,0.26141653714337965,0.32190958010493964,0.31738503847407934,0.2965746637849053,0.29931130688835533,0.26369974316659156,0.3207048670281235,0.29824920587872455,0.34039792141362146,0.2927937246677771,0.30289752720460855,0.20479604116859437,0.0,0.0,0.2353901286705927,0.3735567082064593,0.0,0.3095709016053258,0.34775562876969246,0.33858405236823186,0.34091132533772506,0.37521497836577994,0.24077459436261403,0.36191278901351237,0.0,0.33462898559036947,0.31976734824626407,0.3124488998248474,0.0,0.0,0.0,0.3832648234121153,0.31886803003611497,0.3128964448709982,0.30279593387336046,0.3530970307054876,0.0,0.0,0.28145835567781186,0.34461619085688444,0.33689944733432653,0.3265798810721958,0.3173468116492181,0.3477178866845632
0.0,0.26581892580505645,0.3011278631333884,0.21562673173071187,0.23537786778503628,0.3014290563348739,0.0,0.29779544292116245,0.27197163272808245,0.30461538873970734,0.28744619806156263,0.24774239561438594,0.24646755956852628,0.23110483064108875,0.0,0.30370685803080116,0.2895478708559879,0.30062865811238426,0.2891074379935121,0.29104321911406134,0.2693927567235525,0.29952182101707137,0.30429798406605063,0.27785042347127714,0.2928847797398586,0.28377645355758524,0.3027714748741855,0.25456756129037106,0.29451528026030904,0.0,0.2926704919989885,0.2655907651213396,0.24846674877229388,0.2751671671013382,0.2656107271247071,0.23141582438504205,0.2189475055771372,0.26070515885446083,0.24701554731971948,0.0,0.26970701138138803,0.0,0.2883654172403885,0.0,0.0,0.0,0.0,0.3191955566165432,0.0,0.2649499086581341,0.32342750276041543,0.2704326705000275,0.28176593731035715,0.3038441944886006,0.0,0.27997000807940126,0.22958790293650994,0.2579199161372015,0.0,0.0,0.0,0.0,0.0,0.299038462340348,0.0,0.0,0.0,0.35159747844270856,0.0,0.0,0.0,0.3358052072759956,0.2555365699635699,0.2532580691470007,0.0,0.25861857662338616
0.3154238218928019,0.30549588512544995,0.3337176268051103,0.1991198901026003,0.2802445295734404,0.30251416578409307,0.29779544292116245,0.0,0.35993338869755453,0.3077516402094207,0.26255776282697535,0.2994750563453844,0.2988913175554502,0.22940987653601977,0.2887371776823771,0.30158296397856693,0.0,0.3254368699267617,0.3286386977099742,0.2781461249119353,0.25704894179775406,0.2749718509315821,0.2602185377276592,0.3412605435349794,0.32983256941784134,0.33674229712551074,0.3128351172141028,0.29700204569774813,0.26594109087448525,0.2819894958655235,0.3124651990093495,0.24027803123034272,0.31789105207129936,0.3104230165575021,0.0,0.19024361515634516,0.16078537527803521,0.26431931954141197,0.3083641532651136,0.0,0.34270111553507354,0.0,0.0,0.0,0.0,0.0,0.0,0.3468317900662678,0.0,0.30841114183960694,0.3215688552366702,0.3097462788823187,0.22210289220337082,0.3537487293297404,0.24356797893061985,0.3279692886447661,0.0,0.31348528169948287,0.0,0.29925069827260203,0.0,0.0,0.0,0.3562431200862296,0.0,0.0,0.0,0.3118569363346034,0.0,0.22226382408083367,0.0,0.31832769379150083,0.32125399783061664,0.32734413220778047,0.0,0.33325437663080526
0.0,0.24815204317322317,0.20297281762457453,0.2807612869696339,0.24851363964106624,0.23580179869488033,0.27197163272808245,0.35993338869755453,0.0,0.3326153706540033,0.23926453351082733,0.2757082618542261,0.2517797660487514,0.31465750493898476,0.0,0.0,0.25613661716294933,0.25679636232115577,0.19699519955353906,0.0,0.0,0.2773801025491493,0.30245216538674186,0.26689903239774054,0.32684127381479516,0.3139642394369364,0.2701005034799101,0.3209000073038858,0.3053853319033742,0.31130975052272397,0.33372897836578425,0.30797061536016007,0.28659503619782206,0.3257749724128388,0.32080856446477607,0.3018464216801007,0.3081940837432233,0.2943029451999027,0.2913878624767693,0.0,0.2713627203877113,0.20719125830165105,0.3570342404424678,0.20106122114290848,0.0,0.0,0.0,0.39498559358433194,0.0,0.3247259957839821,0.36767731933912584,0.33094992750881785,0.38006630933302094,0.38081989789272974,0.0,0.3769224059214145,0.2675724166338705,0.31146025639266484,0.35792059421387434,0.0,0.0,0.0,0.0,0.39029550895899834,0.0,0.0,0.0,0.3830118666625378,0.0,0.0,0.0,0.3732137664780807,0.29592890179188885,0.25622518662537686,0.0,0.2793309880336426
0.3070195090321674,0.2759361357705324,0.2885989598196274,0.15984379345868951,0.288628528229677,0.33696979575636726,0.30461538873970734,0.3077516402094207,0.3326153706540033,0.0,0.30661375684469283,0.2075884099513603,0.2925228560212186,0.27209936794649403,0.0,0.0,0.23031523610039623,0.2535800267738579,0.29998201203965186,0.0,0.3185350526602643,0.299320183972345,0.2997651513145857,0.24300438908690708,0.2485338827513587,0.2441350976202084,0.3006075010878072,0.28582236038225106,0.2586480527935052,0.0,0.24067295267006417,0.23375588544455952,0.2184732508702505,0.2375803229731032,0.21797238931128382,0.21089202017583114,0.1944653908624912,0.19735470784024647,0.19254267051473023,0.27557238994883426,0.2626005238054767,0.34982666677869023,0.0,0.0,0.25489980922775757,0.3048378783397203,0.0,0.0,0.0,0.0,0.23755840005989942,0.0,0.0,0.0,0.33986449408687097,0.0,0.33215605719745955,0.2885380678013834,0.0,0.0,0.0,0.3420381205231843,0.3009251909998435,0.0,0.0,0.2762297925637677,0.0,0.24497569051567913,0.3233108886920548,0.3367131577135181,0.3491502541031537,0.24473363403236081,0.3009879292160655,0.0,0.0,0.3050275851715503
0.0,0.0,0.2271684480440191,0.24680487628581144,0.23405028573794884,0.268652373515016,0.28744619806156263,0.26255776282697535,0.23926453351082733,0.30661375684469283,0.0,0.26931072384462434,0.29550649117674443,0.21888396271745253,0.0,0.0,0.25905775714261714,0.2569621401611178,0.1878322808750039,0.0,0.0,0.0,0.20835193557180032,0.280776246635912,0.26811216364323126,0.24590054959133859,0.26494553841487045,0.3049264345889789,0.0,0.0,0.3243125913660463,0.2618902310655361,0.24585938804258356,0.3095701412895301,0.29536021109730093,0.1982510916167371,0.2845093414195999,0.2640579640770778,0.2801489833737151,0.0,0.0,0.0,0.30159317223693527,0.0,0.0,0.0,0.0,0.22342817113579225,0.0,0.3308113488946983,0.33051380679930814,0.3061663795602447,0.3382001196092648,0.3682599726501649,0.0,0.17843078003444413,0.21811193928057557,0.2887419133200509,0.0,0.0,0.0,0.0,0.0,0.15335920087646038,0.0,0.0,0.0,0.36178832938870215,0.0,0.0,0.0,0.346650438061559,0.2788417150540398,0.0,0.0,0.0
0.294563087171524,0.18661846948653243,0.23555290745233945,0.16204322818453323,0.25287569812790245,0.26349664499476616,0.24774239561438594,0.2994750563453844,0.2757082618542261,0.2075884099513603,0.26931072384462434,0.0,0.24906964685124572,0.22158013523768152,0.0,0.0,0.24972104454158753,0.27410907737489876,0.2426235364615952,0.21700085081345455,0.2982378955241877,0.22431689961980494,0.26309002061191394,0.20657232378988774,0.25014119351517544,0.2477970060089795,0.23264132855403463,0.24003374284754317,0.17478340185889082,0.0,0.2365438767929961,0.15101231762347836,0.20080409053495168,0.15093632854148784,0.18335603794187624,0.17958011245284541,0.18802300936222344,0.1426757832753935,0.15625100861635105,0.233651096034099,0.1556703250518581,0.20247716290294293,0.18294526468225475,0.15600636183325214,0.2755619623436348,0.27619952179545854,0.0,0.0,0.12428888357045727,0.21982848006272784,0.0,0.19183045143014366,0.0,0.0,0.34072650565319923,0.24989101856618737,0.33018533697370717,0.2106964502033359,0.0,0.0,0.0,0.3486031407803532,0.31529623635361326,0.0,0.0,0.0,0.0,0.2587091713165699,0.3226653899941667,0.3370220068164109,0.34245228519586074,0.26792371338816395,0.20959818486164994,0.20867200928719282,0.0,0.2967244011784351
0.2718922096106988,0.28986082919393824,0.32012186315797747,0.20087810404179987,0.2574865533747966,0.29206071970143643,0.24646755956852628,0.2988913175554502,0.2517797660487514,0.2925228560212186,0.29550649117674443,0.24906964685124572,0.0,0.2343420989127722,0.2901359174846781,0.31406818082033905,0.29999023096410465,0.3251013654618355,0.3073122910571368,0.2992178417545479,0.2971262326248036,0.30933902720227996,0.3058545541539716,0.26915488387009656,0.3074752137619673,0.3062134063038401,0.3039015661166683,0.24024056929117416,0.27991362260802305,0.28844025075897545,0.28454236231579844,0.2714867790503455,0.2660848045602745,0.27425503947390584,0.2599770413028712,0.22502436094733394,0.21808498949703012,0.25374728274731495,0.23573028807934668,0.24247411147084574,0.22166124866362602,0.1999643440007857,0.23517540756446845,0.17457064534556743,0.0,0.0,0.21590390407235552,0.3232753138802902,0.0,0.24233408993224295,0.32066922151223565,0.26573362096258524,0.3169049347030799,0.2847816665058673,0.287954387413061,0.2925654011384331,0.24414433762754498,0.2480019907644883,0.0,0.2607477611680257,0.0,0.0,0.24498534742408848,0.30130876080485797,0.2876281956827243,0.0,0.2274453824019301,0.345122500139732,0.0,0.2533232154908983,0.2584561180095151,0.3386319118269497,0.2827536393264266,0.2985491431648075,0.0,0.27147257772182243
0.0,0.0,0.3061504848997497,0.1712266312383839,0.20419799722060114,0.3004102411010978,0.23110483064108875,0.22940987653601977,0.31465750493898476,0.27209936794649403,0.21888396271745253,0.22158013523768152,0.2343420989127722,0.0,0.0,0.0,0.0,0.0,0.28361464937674097,0.0,0.30096353194475034,0.0,0.26863150565507143,0.2857546678519697,0.27050066949455126,0.0,0.31299722807732167,0.18945063556329003,0.0,0.0,0.3017795269198615,0.1629182762786359,0.0,0.27280180233652307,0.274068044681286,0.13345520246187775,0.1315507339914847,0.2155125004962545,0.0,0.0,0.0,0.0,0.0,0.0,0.0,0.0,0.0,0.30819703123656833,0.0,0.0,0.2943709607613351,0.0,0.0,0.33042455811758237,0.0,0.30694943029176824,0.0,0.0,0.0,0.0,0.0,0.0,0.0,0.0,0.0,0.0,0.0,0.33486893716368754,0.0,0.0,0.0,0.31365266260633,0.0,0.0,0.0,0.0
0.2553236087040048,0.2848659428600495,0.0,0.0,0.0,0.2992573428259753,0.0,0.2887371776823771,0.0,0.0,0.0,0.0,0.2901359174846781,0.0,0.0,0.29544953919153355,0.0,0.2919957876590204,0.0,0.246581449388129,0.27285382052931506,0.2483784518681231,0.2647430618569235,0.3071325131182001,0.27743097344066503,0.22416806280414406,0.2826573300859199,0.2932597189845875,0.2774681024678551,0.30141948170418315,0.282990774327857,0.29294938881859484,0.28020068088188005,0.28629225110765943,0.3094223057289741,0.33871254936245593,0.0,0.0,0.3222672506947554,0.3475066624545376,0.34535382207058024,0.35661534909048054,0.0,0.0,0.0,0.0,0.35805542415729447,0.3082709538841732,0.0,0.0,0.3284608458101318,0.0,0.36265162390444006,0.0,0.0,0.0,0.0,0.27296581139213394,0.0,0.3380466129007051,0.31134480961573696,0.0,0.0,0.0,0.3388030378525794,0.32446092213160915,0.3500360039262094,0.34202661348340074,0.0,0.2680229552278208,0.37351404068932315,0.35074607322113327,0.31956732589911535,0.3338273397127025,0.32557313673120303,0.3313759341420959
0.30301203780274966,0.3065174348898507,0.0,0.0,0.0,0.2969611210969577,0.30370685803080116,0.30158296397856693,0.0,0.0,0.0,0.0,0.31406818082033905,0.0,0.29544953919153355,0.0,0.2688643793815173,0.2563922906411728,0.0,0.28728260579815684,0.29021229286831235,0.28697485861053584,0.29249529272451386,0.0,0.32222376894174565,0.30304451456399406,0.2946026938098494,0.30256720098984874,0.29323748984282716,0.29058059511553197,0.2672840189987475,0.29826836704622467,0.27459440787080786,0.2714029368128741,0.2938626727315441,0.0,0.0,0.0,0.31230572124513667,0.29340234351336464,0.2914554445212613,0.0,0.0,0.0,0.0,0.3262192978900849,0.3255137932090637,0.0,0.0,0.0,0.22244912409914583,0.0,0.0,0.0,0.0,0.0,0.0,0.23269317730403655,0.0,0.3215024918977132,0.31664086615505815,0.0,0.30164964388329285,0.0,0.2962187160223107,0.3151468384808247,0.31374717314002587,0.268688219177033,0.0,0.3166178202832812,0.33912828613173956,0.28180731225806316,0.24887129372366998,0.2767419210533995,0.0,0.28751969854413595
0.0,0.0,0.0,0.0,0.2687033734655815,0.253534398561594,0.2895478708559879,0.0,0.25613661716294933,0.23031523610039623,0.25905775714261714,0.24972104454158753,0.29999023096410465,0.0,0.0,0.2688643793815173,0.0,0.21220341274334,0.25784333810807797,0.0,0.0,0.22651022909620458,0.2482839273323303,0.2603500435944429,0.25010114732488997,0.26679552085939384,0.25044342902478595,0.3035228837317847,0.0,0.0,0.24698178641922452,0.2991583858889009,0.25540333005271626,0.25835635626681774,0.26502098113368333,0.30146819902633093,0.0,0.2314350259975574,0.0,0.2756939137813462,0.0,0.0,0.0,0.0,0.0,0.0,0.0,0.0,0.0,0.0,0.0,0.0,0.0,0.0,0.33730537805884536,0.0,0.3603080669649215,0.0,0.0,0.0,0.0,0.30636078626833335,0.301989729986427,0.0,0.0,0.0,0.0,0.0,0.0,0.30664532270478284,0.3262610549417135,0.0,0.0,0.0,0.0,0.0
0.30773615461124787,0.3053707505406718,0.28125998645842676,0.0,0.2886469440178295,0.3602020277354293,0.30062865811238426,0.3254368699267617,0.25679636232115577,0.2535800267738579,0.2569621401611178,0.27410907737489876,0.3251013654618355,0.0,0.2919957876590204,0.2563922906411728,0.21220341274334,0.0,0.0,0.2840314853539094,0.28896735807686724,0.29011670907236964,0.3084994044673669,0.28890516885925155,0.28068162490632226,0.2942569459394634,0.31254554342201923,0.3143964209883197,0.29097701993881114,0.29211472400742367,0.2789598565731136,0.31253358123379094,0.272911382261114,0.2769890901955179,0.30032202447617723,0.3024762169960739,0.0,0.217395927050573,0.30371608807306577,0.2909634219807121,0.29763293740032026,0.31960552844744733,0.0,0.0,0.0,0.33191928843431123,0.32181478821496645,0.0,0.0,0.0,0.22345885083639597,0.0,0.0,0.0,0.3123433606862896,0.0,0.3154854013099644,0.0,0.0,0.0,0.3153920338350874,0.3054284629895146,0.30159836700431447,0.0,0.22678541925319787,0.0,0.3031484016778626,0.0,0.3264810201923207,0.30983590466475547,0.32916607031377115,0.0,0.0,0.2388031124351958,0.0,0.2990860155886444
0.0,0.0,0.17879062339144985,0.2714901156955355,0.25039081399826907,0.3110422867479194,0.2891074379935121,0.3286386977099742,0.19699519955353906,0.29998201203965186,0.1878322808750039,0.2426235364615952,0.3073122910571368,0.28361464937674097,0.0,0.0,0.25784333810807797,0.0,0.0,0.0,0.0,0.0,0.20138037604465028,0.26539107739750123,0.238024082448183,0.252102989217186,0.25948094285795437,0.31286397922470877,0.0,0.0,0.3324973159242484,0.2943664877630818,0.0,0.3279070573448185,0.31738841513091115,0.27201384895760655,0.3038398096326144,0.0,0.31259257185902706,0.0,0.0,0.0,0.3517765057680626,0.22796102221742257,0.0,0.0,0.0,0.3785476001367057,0.0,0.3389278448959701,0.3563342316024818,0.3334705957877382,0.37494804825488914,0.3862993485327186,0.0,0.380928886941258,0.0,0.29237745194661946,0.3649521350130761,0.0,0.0,0.0,0.0,0.21408737574286907,0.0,0.0,0.0,0.378503083492269,0.0,0.0,0.0,0.3693380201489741,0.26930785104819693,0.0,0.0,0.0
0.2984686070344113,0.2747283090845849,0.0,0.0,0.28603189446461724,0.28017056542495383,0.29104321911406134,0.2781461249119353,0.0,0.0,0.0,0.21700085081345455,0.2992178417545479,0.0,0.246581449388129,0.28728260579815684,0.0,0.2840314853539094,0.0,0.0,0.29644418345056117,0.25373449337241943,0.22263067344552395,0.22163234711514393,0.2709836284589174,0.2914379012636692,0.23903034212128607,0.2817652300195545,0.2412684363869183,0.21145617003379089,0.2676698789701342,0.29100523699018316,0.2599551804064522,0.2840622073580365,0.30458038187036424,0.32288401307156633,0.2973360759891231,0.24753091647218656,0.30030910150545337,0.2987943379611377,0.3008832718545218,0.32871795618283733,0.20413771722426954,0.0,0.0,0.0,0.30203528449251926,0.2641966037459365,0.0,0.0,0.31549745701455956,0.2335026178938741,0.34401809277608436,0.22742102797846042,0.0,0.0,0.0,0.2566471527274808,0.0,0.3327418794883691,0.2519339359025001,0.0,0.0,0.0,0.32811672849314977,0.3313977452231349,0.32395761137797574,0.3464798048728871,0.0,0.2292265499459127,0.3218445959391789,0.3445738628460323,0.3275260801113487,0.3230794021237903,0.2791826550677312,0.31396133715627667
0.24886013651823924,0.2783284177444803,0.27627630392806996,0.0,0.22930736865517412,0.2865623703594282,0.2693927567235525,0.25704894179775406,0.0,0.3185350526602643,0.0,0.2982378955241877,0.2971262326248036,0.30096353194475034,0.27285382052931506,0.29021229286831235,0.0,0.28896735807686724,0.0,0.29644418345056117,0.0,0.29030790602430867,0.2513147592253204,0.32496208373947455,0.2869346161775011,0.2983025145042003,0.29103310075133737,0.31337495689079886,0.2753823833662988,0.3178076292112042,0.2666570837190412,0.2727341942646017,0.2673392661510298,0.26377191018271084,0.29318593325720393,0.25957304069461096,0.0,0.2808015134255156,0.32816505588059036,0.3404006312505039,0.3391533978901393,0.0,0.0,0.0,0.0,0.27816455700169807,0.34630383612857374,0.0,0.0,0.0,0.3284004773469158,0.0,0.3098304804656399,0.0,0.0,0.0,0.0,0.0,0.0,0.3142335361530302,0.3180605459635738,0.0,0.0,0.0,0.3356648834053746,0.2928136767207586,0.3397354266762098,0.3287174516371974,0.0,0.28184737294346224,0.3454770349481354,0.34920497033112424,0.3364990157948222,0.3288021323842799,0.3428139018761685,0.33703450249304456
0.2856918240173473,0.259996882112744,0.0,0.0,0.2802718501722231,0.28572619340382566,0.29952182101707137,0.2749718509315821,0.2773801025491493,0.299320183972345,0.0,0.22431689961980494,0.30933902720227996,0.0,0.2483784518681231,0.28697485861053584,0.22651022909620458,0.29011670907236964,0.0,0.25373449337241943,0.29030790602430867,0.0,0.2945642094158966,0.2334964379105117,0.29483549310001284,0.2765936645819215,0.28649673772611856,0.30272982323606074,0.2826304886455181,0.2493377840258861,0.26929202780181033,0.28960390869937497,0.2723712786547081,0.2773556888497092,0.3065120707427588,0.32618046145276913,0.0,0.0,0.3160482697633598,0.31088687868327514,0.32476042516823794,0.3450080846294341,0.0,0.0,0.0,0.33290081854047754,0.3198256733129038,0.0,0.0,0.0,0.292537433915238,0.2059569016365723,0.3578270144695019,0.22736895285963526,0.0,0.0,0.0,0.21385937408481628,0.0,0.3445129127547001,0.29832498754370484,0.0,0.24254122844709725,0.0,0.3262265108158611,0.3245192182839431,0.33351848052842326,0.33726618129959657,0.0,0.29629294913167653,0.3402317248063998,0.3384981104342668,0.2561690149446704,0.32087253084535006,0.28779263314786496,0.29170513175001767
0.28819780456684496,0.2923977205046212,0.21169201986211603,0.2654308415163652,0.2880719622743988,0.29776526711489615,0.30429798406605063,0.2602185377276592,0.30245216538674186,0.2997651513145857,0.20835193557180032,0.26309002061191394,0.3058545541539716,0.26863150565507143,0.2647430618569235,0.29249529272451386,0.2482839273323303,0.3084994044673669,0.20138037604465028,0.22263067344552395,0.2513147592253204,0.2945642094158966,0.0,0.3193080251759864,0.2979511787611209,0.3069530696520839,0.2619396880932292,0.3020901600675558,0.2731351599005495,0.2914561193481448,0.303179559640744,0.284780004534073,0.24578950287546275,0.30118866903315494,0.30389574284727267,0.2520180691463758,0.2953002050601734,0.26334885795511676,0.33782150117413484,0.3379400744853763,0.35144526016455385,0.3511837743367182,0.31982822212204876,0.28028503362155793,0.0,0.0,0.31085001164591036,0.3679480662972489,0.26497622404654136,0.3312065641230827,0.34869983575616487,0.3474798150487264,0.3150815813647854,0.3725114320866383,0.29048499452867915,0.3698157513882337,0.0,0.34336682946071173,0.33483417912991126,0.3354332577064432,0.25820121347678904,0.0,0.0,0.3881585526046674,0.3442402468450333,0.32251939593351203,0.33682545985516815,0.34216616100524233,0.0,0.22986403037952866,0.3300885281718996,0.34800085446132606,0.3447346277661139,0.34016858489619944,0.3446910595419704,0.3521229568179295
0.2564282994908947,0.0,0.2513917267595691,0.2119821401075312,0.25874073410653564,0.22358160286922313,0.27785042347127714,0.3412605435349794,0.26689903239774054,0.24300438908690708,0.280776246635912,0.20657232378988774,0.26915488387009656,0.2857546678519697,0.3071325131182001,0.0,0.2603500435944429,0.28890516885925155,0.26539107739750123,0.22163234711514393,0.32496208373947455,0.2334964379105117,0.3193080251759864,0.0,0.28769189565907066,0.2660516081175773,0.23886785535116978,0.2702562784179738,0.2059945802069214,0.0,0.25569596256153926,0.2002186751365366,0.14838896327924245,0.17874729360990424,0.20264366788119303,0.2267123806900369,0.2079554417131285,0.1651812910670949,0.22679108582587676,0.1823598751449077,0.17566149813811258,0.23014839539088205,0.2761004994781266,0.18467003771371868,0.15782694685867632,0.2879324459901957,0.3453401285179619,0.0,0.0,0.19253090501667408,0.2583529866617041,0.18330847757042779,0.0,0.2099316080469869,0.29958787468064924,0.2072522190926801,0.2001011970673665,0.25498042131790005,0.0,0.0,0.3390272338464869,0.30910522382983985,0.3028216700320791,0.0,0.0,0.0,0.0,0.37538020185525417,0.2825885335677694,0.3124815260387405,0.3227252155755611,0.4022807402654198,0.2920487334913123,0.0,0.0,0.25268857034715725
0.29030110661678704,0.28139929907207506,0.2508367999061464,0.0,0.2856235190282715,0.2943460391339961,0.2928847797398586,0.32983256941784134,0.32684127381479516,0.2485338827513587,0.26811216364323126,0.25014119351517544,0.3074752137619673,0.27050066949455126,0.27743097344066503,0.32222376894174565,0.25010114732488997,0.28068162490632226,0.238024082448183,0.2709836284589174,0.2869346161775011,0.29483549310001284,0.2979511787611209,0.28769189565907066,0.0,0.2716247677174928,0.2959944841523514,0.30472201400850474,0.27846421582129466,0.23998487490236795,0.28706336791820836,0.29117978009950185,0.25274471863406367,0.2656396788862575,0.27477432411473285,0.2800549557285277,0.0,0.24722173289108418,0.32117471443329704,0.30457921877790184,0.30551907066915435,0.32060844242325665,0.0,0.0,0.2612819658225617,0.33451867973746463,0.3298133278095199,0.0,0.0,0.0,0.22474760212158734,0.2187172528636661,0.271568437159474,0.21839499566865714,0.3384872520946115,0.0,0.3372119175744321,0.25764571594133967,0.0,0.29958435352190155,0.32481096216147076,0.32441150410594005,0.3123016776025766,0.0,0.2825867657674579,0.3006860834910409,0.34424136600091537,0.24597992807578126,0.3446135929186858,0.3210723546937959,0.33849090119027575,0.23002314021398526,0.273239412006403,0.2866176021359466,0.0,0.310479064845799
0.26823657780316795,0.28936109141681937,0.265199958808233,0.0,0.2749429458045759,0.30046442502827975,0.28377645355758524,0.33674229712551074,0.3139642394369364,0.2441350976202084,0.24590054959133859,0.2477970060089795,0.3062134063038401,0.0,0.22416806280414406,0.30304451456399406,0.26679552085939384,0.2942569459394634,0.252102989217186,0.2914379012636692,0.2983025145042003,0.2765936645819215,0.3069530696520839,0.2660516081175773,0.2716247677174928,0.0,0.3065512401450619,0.32231418849858434,0.26768586980097947,0.21526269724722133,0.2768129207400632,0.2897317147564489,0.2712869792576762,0.27074637325241696,0.28558074819627255,0.29028947335077293,0.0,0.2633272960504383,0.3258969776394848,0.32234341247249054,0.320842931476453,0.3341819123692331,0.0,0.0,0.28348276784400506,0.33004486737016747,0.34207426394900914,0.0,0.0,0.0,0.301199021316595,0.22988143564618735,0.0,0.23869516930296422,0.36758110502516633,0.0,0.3636378154670085,0.2594774125126291,0.0,0.3558385230588263,0.3355809627171198,0.33923532915249294,0.32753037502237253,0.0,0.33872561977094334,0.33340709145237146,0.3446899000289105,0.31810283379807286,0.34539181909325006,0.33467608778152674,0.3461310357389403,0.3188899597104407,0.2898088845636994,0.3103528477949669,0.0,0.3265641031790397
0.28120597961154453,0.28180262308901044,0.2270395875485986,0.278059561898199,0.2876562097563258,0.2886412572106541,0.3027714748741855,0.3128351172141028,0.2701005034799101,0.3006075010878072,0.26494553841487045,0.23264132855403463,0.3039015661166683,0.31299722807732167,0.2826573300859199,0.2946026938098494,0.25044342902478595,0.31254554342201923,0.25948094285795437,0.23903034212128607,0.29103310075133737,0.28649673772611856,0.2619396880932292,0.23886785535116978,0.2959944841523514,0.3065512401450619,0.0,0.2984274917522226,0.26151103865216385,0.275196747989297,0.2822574212906121,0.284766921433823,0.24913777494139983,0.2929485429647035,0.29859640671214227,0.2955103431905541,0.2924023467673784,0.24469642013353618,0.3274718493047399,0.32754164140779707,0.35217384575686844,0.3420043688686644,0.31756514500385236,0.23071311626206478,0.0,0.0,0.2891582152766767,0.38009615332662405,0.0,0.33770477385847186,0.34939190699327355,0.3467647069849224,0.35147300339718157,0.3825457714387489,0.2501312995744789,0.37664881742624745,0.23686734526935427,0.3372573266067004,0.33420072188470146,0.3336244391115336,0.2375321301038131,0.0,0.0,0.3880043127381531,0.340084417420536,0.3362748514060192,0.3451264583845755,0.35344705496090717,0.0,0.2131818086152936,0.3325939736509846,0.34905451076327504,0.3431013647737829,0.3360245245352606,0.33441981257969394,0.35095332020315356
0.29889668359002775,0.29307726012351004,0.33254320470555376,0.16315791209060973,0.2535724073926565,0.30060323363684377,0.25456756129037106,0.29700204569774813,0.3209000073038858,0.28582236038225106,0.3049264345889789,0.24003374284754317,0.24024056929117416,0.18945063556329003,0.2932597189845875,0.30256720098984874,0.3035228837317847,0.3143964209883197,0.31286397922470877,0.2817652300195545,0.31337495689079886,0.30272982323606074,0.3020901600675558,0.2702562784179738,0.30472201400850474,0.32231418849858434,0.2984274917522226,0.0,0.24694083310742476,0.24206036001642886,0.2772979640819148,0.2776873699642927,0.25716214159978756,0.28058899527750386,0.2905664691952099,0.18872628515221815,0.18362109447119498,0.25067369775461906,0.25590452446816037,0.3030659974754525,0.26337313589814615,0.2442838503549544,0.0,0.16756974380787226,0.0,0.0,0.20454259409183653,0.2780476913395326,0.0,0.23736807667505744,0.3342999355819254,0.2494367987045577,0.3265929436195224,0.25448192359353294,0.2825539954998146,0.25276456823582316,0.22585126691834576,0.27191057489817155,0.0,0.3212820402980529,0.19480372742298832,0.0,0.0,0.25916848382630764,0.3424189854400001,0.3468058248201405,0.2536980201786057,0.34672417946898654,0.0,0.2714465242430064,0.2857612693890366,0.34701231101006946,0.3247270031843499,0.3330414516766444,0.27670354816994824,0.3203689158937025
0.2879159014412226,0.278263798332308,0.2691976550385781,0.2432850125158405,0.0,0.2502516712441158,0.29451528026030904,0.26594109087448525,0.3053853319033742,0.2586480527935052,0.0,0.17478340185889082,0.27991362260802305,0.0,0.2774681024678551,0.29323748984282716,0.0,0.29097701993881114,0.0,0.2412684363869183,0.2753823833662988,0.2826304886455181,0.2731351599005495,0.2059945802069214,0.27846421582129466,0.26768586980097947,0.26151103865216385,0.24694083310742476,0.0,0.255241470812485,0.26278544869064735,0.26501645868290535,0.23101347831348912,0.28299192627931946,0.29647673035892386,0.26994266089735014,0.26308014598055157,0.18999555324218534,0.31185986737895816,0.28546250673772877,0.3263397752375718,0.313385844430931,0.2228821814887398,0.22019352677799264,0.0,0.0,0.27617022780604505,0.2815480582216048,0.0,0.2478970794628505,0.32246462930252956,0.2425101151097259,0.312753190691736,0.0,0.22862805996246022,0.0,0.0,0.28143402883450197,0.0,0.3219934566851428,0.2248992775988783,0.0,0.23167110874115587,0.0,0.3287718631928731,0.3225373208117288,0.30119716881566466,0.3371400552692484,0.0,0.21822483229380465,0.2805290317969977,0.3389846544837931,0.32246384242961124,0.31994189283147867,0.29966713838137526,0.32784521538488676
0.0,0.2812674539333883,0.3140288236922497,0.0,0.0,0.31156291423248733,0.0,0.2819894958655235,0.31130975052272397,0.0,0.0,0.0,0.28844025075897545,0.0,0.30141948170418315,0.29058059511553197,0.0,0.29211472400742367,0.0,0.21145617003379089,0.3178076292112042,0.2493377840258861,0.2914561193481448,0.0,0.23998487490236795,0.21526269724722133,0.275196747989297,0.24206036001642886,0.255241470812485,0.0,0.22254501320030992,0.28534166198629246,0.236369424743812,0.26577294287881387,0.28760823135038144,0.0,0.0,0.0,0.244504941246268,0.0,0.0,0.0,0.0,0.0,0.0,0.0,0.0,0.0,0.0,0.0,0.29971084133346354,0.0,0.0,0.0,0.0,0.0,0.0,0.254362158674221,0.0,0.0,0.0,0.0,0.0,0.0,0.0,0.0,0.0,0.353599653134484,0.0,0.0,0.0,0.3505410987739865,0.27837959035040133,0.3164396261949104,0.0,0.0
0.2660988022509674,0.2519600367387129,0.3400547087030656,0.0,0.3123018441626372,0.3292575860281161,0.2926704919989885,0.3124651990093495,0.33372897836578425,0.24067295267006417,0.3243125913660463,0.2365438767929961,0.28454236231579844,0.3017795269198615,0.282990774327857,0.2672840189987475,0.24698178641922452,0.2789598565731136,0.3324973159242484,0.2676698789701342,0.2666570837190412,0.26929202780181033,0.303179559640744,0.25569596256153926,0.28706336791820836,0.2768129207400632,0.2822574212906121,0.2772979640819148,0.26278544869064735,0.22254501320030992,0.0,0.27314794696793615,0.24000645368270607,0.1901376761877659,0.1518455112313023,0.29252585380779195,0.0,0.20896659739017562,0.3122431390555912,0.2849561288800917,0.0,0.0,0.0,0.1894320497922916,0.0,0.2790853667229746,0.31143770795184633,0.3014955599108424,0.0,0.0,0.3392150450664103,0.24023373198583478,0.0,0.2664488692222241,0.31739501399486725,0.0,0.29295776555031455,0.2575042305346335,0.0,0.32832869728402925,0.3109238776970236,0.0,0.3121243258339006,0.0,0.3169508474245891,0.2958281211220524,0.3178371793888482,0.35108431589705413,0.0,0.3225683804646762,0.3225356275162306,0.3480142306190864,0.319699050949734,0.3117652218912012,0.0,0.28909123099744327
0.28660548308180567,0.27831309218635647,0.3144672362883041,0.19324224959736622,0.24517313547767267,0.2958038119189242,0.2655907651213396,0.24027803123034272,0.30797061536016007,0.23375588544455952,0.2618902310655361,0.15101231762347836,0.2714867790503455,0.1629182762786359,0.29294938881859484,0.29826836704622467,0.2991583858889009,0.31253358123379094,0.2943664877630818,0.29100523699018316,0.2727341942646017,0.28960390869937497,0.284780004534073,0.2002186751365366,0.29117978009950185,0.2897317147564489,0.284766921433823,0.2776873699642927,0.26501645868290535,0.28534166198629246,0.27314794696793615,0.0,0.22904609783929777,0.24386156178918317,0.24872479311077247,0.1999686204844605,0.19860823467454009,0.1800728183293236,0.17877917505273455,0.21715266415093779,0.22118500586059353,0.2254930843501994,0.18033046408254386,0.1724616386458615,0.16912717619138368,0.304915144278846,0.3239935699972571,0.3213759222047104,0.0,0.2784648553291313,0.3355446777001282,0.26201372566188524,0.31132851218422347,0.28184813678566745,0.34108537558571234,0.3057210570703401,0.14613762559774973,0.2240842474361974,0.0,0.32157822782242323,0.3393285770944451,0.0,0.3086546156729701,0.31160292133073697,0.29417979955149115,0.3061211583715948,0.3187711166388083,0.34065357089105786,0.0,0.33083327905935694,0.33145104423358857,0.33556950448749945,0.22377544916875863,0.31123921512531705,0.0,0.32389152797132226
0.27159183274195053,0.25330282244016766,0.2751330987877056,0.0,0.2536474330645908,0.26141653714337965,0.24846674877229388,0.31789105207129936,0.28659503619782206,0.2184732508702505,0.24585938804258356,0.20080409053495168,0.2660848045602745,0.0,0.28020068088188005,0.27459440787080786,0.25540333005271626,0.272911382261114,0.0,0.2599551804064522,0.2673392661510298,0.2723712786547081,0.24578950287546275,0.14838896327924245,0.25274471863406367,0.2712869792576762,0.24913777494139983,0.25716214159978756,0.23101347831348912,0.236369424743812,0.24000645368270607,0.22904609783929777,0.0,0.17680160192475,0.25981242248226105,0.20050070441616843,0.17640946000523025,0.13961238214568086,0.20295421558231494,0.1834353017589582,0.21173693413333428,0.2385419809928496,0.0,0.16042740807860878,0.17819056920378068,0.30404396071470663,0.30831102353496126,0.0,0.0,0.0,0.28787415066252453,0.0,0.0,0.0,0.26969582902037104,0.0,0.26564371816217036,0.2448416926264645,0.0,0.3350267436263372,0.29364681670746723,0.28827898295952453,0.31141636089908764,0.0,0.2901855558557217,0.29705340897685273,0.3148348354348864,0.3280956721533501,0.262009217844471,0.3026931867949952,0.3250392744011909,0.31622825895233875,0.2525002285640474,0.287225835024261,0.0,0.26674143294278735
0.2768068585234404,0.2519365390760979,0.3365129098129227,0.17036652364573587,0.29112190591020787,0.32190958010493964,0.2751671671013382,0.3104230165575021,0.3257749724128388,0.2375803229731032,0.3095701412895301,0.15093632854148784,0.27425503947390584,0.27280180233652307,0.28629225110765943,0.2714029368128741,0.25835635626681774,0.2769890901955179,0.3279070573448185,0.2840622073580365,0.26377191018271084,0.2773556888497092,0.30118866903315494,0.17874729360990424,0.2656396788862575,0.27074637325241696,0.2929485429647035,0.28058899527750386,0.28299192627931946,0.26577294287881387,0.1901376761877659,0.24386156178918317,0.17680160192475,0.0,0.16581615641667954,0.23222875549714508,0.1931916040297741,0.15379495429430873,0.20920024492833394,0.21249943843475305,0.20733435829942976,0.24091225243314304,0.17907132342699145,0.1877047759942818,0.1994428658711455,0.2849130543916845,0.31468556669287606,0.277038796972397,0.0,0.21888289234844419,0.3383934270463377,0.21030671901910453,0.0,0.24791855651871267,0.27232336005437635,0.29052043224412094,0.25072167031816955,0.19272034511043856,0.0,0.3318691551859319,0.307527168535506,0.31212198594090507,0.308239210612537,0.26169174826600494,0.3205126709267314,0.28705975243564774,0.3212678573661631,0.34731889979520264,0.2328857160390617,0.311583806456964,0.32612034997878314,0.34763117958238315,0.2508656848494078,0.32640567874680165,0.0,0.2930440746273832
0.2657730462293356,0.27629979242465447,0.3194965341121484,0.20635832361530818,0.28401219201652583,0.31738503847407934,0.2656107271247071,0.0,0.32080856446477607,0.21797238931128382,0.29536021109730093,0.18335603794187624,0.2599770413028712,0.274068044681286,0.3094223057289741,0.2938626727315441,0.26502098113368333,0.30032202447617723,0.31738841513091115,0.30458038187036424,0.29318593325720393,0.3065120707427588,0.30389574284727267,0.20264366788119303,0.27477432411473285,0.28558074819627255,0.29859640671214227,0.2905664691952099,0.29647673035892386,0.28760823135038144,0.1518455112313023,0.24872479311077247,0.25981242248226105,0.16581615641667954,0.0,0.24174612144202853,0.22622102809488795,0.19446492553530823,0.22148275719032717,0.2060567024632247,0.21337327709903064,0.26213229952910805,0.19077550592722087,0.19065072227975954,0.19219003717571181,0.0,0.3175939082188716,0.0,0.0,0.0,0.2712750796320752,0.19189862032018448,0.0,0.22029444536146398,0.0,0.24794688806872556,0.17947005374219216,0.17784910330147688,0.0,0.34274302161208514,0.3088762899976947,0.0,0.30838565760669007,0.0,0.2967124943510428,0.0,0.3366038176697729,0.3460262482788508,0.0,0.3186140997657598,0.3271534678873496,0.32382021885678497,0.18842926107075952,0.28614304009126795,0.0,0.0
