0.0,0.25392228471374306,0.0,0.0,0.0,0.2531597596354484,0.22598348845467925,0.3345038404430733,0.0,0.23883762719756602,0.0,0.2535413413899785,0.26403661187402844,0.31806524451574314,0.2520701890917722,0.25656962451304005,0.0,0.2570528160050189,0.0,0.27452860456625816,0.2660989853051327,0.2519315116786782,0.31006069281849774,0.2381367120495777,0.2570014913610162,0.23147759964341408,0.2776263473672276,0.3071069895882987,0.2880906637255629,0.0,0.22657420786942115,0.2643313814582334,0.21628517476059475,0.21252603489232663,0.2510044387742609,0.0,0.0,0.2927100664850496,0.28763207326333184,0.28418967096830217,0.30596350548739404,0.2956050709710857,0.0,0.0,0.0,0.2162584452697177,0.3174493134469663,0.0,0.0,0.0,0.24426934456765778,0.0,0.0,0.0,0.265270969184788,0.0,0.0,0.0,0.0,0.0,0.309232213297566,0.0,0.2940347268939089,0.0,0.0,0.19237493781772833,0.31462053450507976,0.0,0.27082296609582573,0.28984118764828193,0.29046259305416844,0.0,0.0,0.0,0.0,0.2701145857057628
0.25392228471374306,0.0,0.0,0.25671371976964835,0.2744680394856006,0.283290333099381,0.2974661702208528,0.29054748786432316,0.2767370860438867,0.18167791951702572,0.0,0.1679807315413511,0.30213399608538016,0.0,0.2739924482136545,0.27155141956801754,0.26763352312746475,0.2619744720039494,0.0,0.2638114607240704,0.2686871894124331,0.24772183121209443,0.28627018694769485,0.20807933442306084,0.2479894137046057,0.25618626637127456,0.27483425083935553,0.30306032673096167,0.27876035685232065,0.0,0.23581219972830408,0.2714700086770335,0.2368267773522198,0.24391602795902587,0.2692180487131779,0.24219417155198156,0.0,0.0,0.2994666620023102,0.29805697494692335,0.30394784776429556,0.3128246349849436,0.0,0.0,0.0,0.28749438641717023,0.31677966070336505,0.0,0.0,0.0,0.2777651903475118,0.23470773682684926,0.0,0.0,0.0,0.0,0.0,0.2160224873459836,0.0,0.30508543060109383,0.30991402637667,0.0,0.30920349016586324,0.0,0.30292965780218223,0.3103152208675827,0.3161131930104,0.28388133235570423,0.0,0.30937249276935935,0.3124271964182192,0.2994152272209813,0.22371123746641436,0.3026131027186637,0.0,0.2921503077035937
0.0,0.0,0.0,0.23400587614387308,0.22112097412608292,0.25597444106510014,0.2617894291597466,0.2624583813081248,0.16743414821342759,0.2605702001884835,0.15795486423692678,0.22967846371091089,0.28197423534860183,0.2504399523347533,0.0,0.0,0.0,0.24877714268148726,0.12577543269002855,0.0,0.0,0.0,0.17226437722145188,0.2241011034563788,0.20774187148455214,0.22331890217267927,0.22550686266319617,0.286812182684671,0.2706617124415944,0.0,0.2940118614783364,0.27936692734059,0.26619110076598984,0.30326231187062136,0.32410699142815286,0.23069615241099234,0.26998552981287566,0.23101429930352899,0.308069847545895,0.0,0.0,0.0,0.316350699972698,0.2269346443491164,0.0,0.0,0.0,0.23567920194058326,0.0,0.32948793645164637,0.35342270690808625,0.33751215857471134,0.3221293062607643,0.36415324766775586,0.0,0.20692279994142387,0.0,0.3302817968400296,0.3266454702526731,0.0,0.0,0.0,0.0,0.15775425555730288,0.0,0.0,0.0,0.3605012221260731,0.0,0.0,0.0,0.34693095479174246,0.2824023882571843,0.2759836532426078,0.0,0.3056056318773492
0.0,0.25671371976964835,0.23400587614387308,0.0,0.2050576518839621,0.2798024070372238,0.24287874362368136,0.23400664692204318,0.2637953391761635,0.2231807129980465,0.2182237239636388,0.18959890915276076,0.22752036520704602,0.16376955716322397,0.0,0.2658920573319512,0.0,0.21494943378127965,0.24258413748148064,0.3022019279264977,0.0,0.31458033950714437,0.26483745401565995,0.0,0.20813697033512227,0.3021673041292595,0.2716207762234501,0.17365698932815996,0.25549057989838514,0.0,0.18957682317832864,0.21138121399080767,0.0,0.20976967922277942,0.24413462434329933,0.15088123799040956,0.1402429253740802,0.18275742391145308,0.0,0.0,0.0,0.0,0.0,0.0,0.0,0.0,0.0,0.0,0.0,0.0,0.0,0.0,0.0,0.0,0.0,0.0,0.0,0.0,0.0,0.0,0.0,0.0,0.0,0.0,0.0,0.0,0.0,0.2239538807106216,0.0,0.0,0.0,0.23292272791028348,0.0,0.0,0.0,0.0
0.0,0.2744680394856006,0.22112097412608292,0.2050576518839621,0.0,0.25139813191613025,0.2227994408039192,0.2506851835550664,0.20939233857129114,0.2454700148118356,0.19618714094744946,0.2566168802245655,0.23737360103776792,0.21227017428884615,0.0,0.29814930694205777,0.23266770043868523,0.24795173118142447,0.2249662318222138,0.27729060612475304,0.23373789350375895,0.2900845594740366,0.2576328721743619,0.2577514507959492,0.2505434416904011,0.24370232361335853,0.2608808267656982,0.25223956310908346,0.2835388164213781,0.0,0.2900037563282019,0.2617801345264269,0.25195086505773334,0.2883546867488927,0.3024831013873467,0.19732438550122644,0.19338929678631567,0.0,0.27623242089969513,0.0,0.29056366133123585,0.0,0.3015443368347824,0.0,0.0,0.0,0.21912421597991583,0.3154689228424374,0.0,0.2950382908532365,0.3049876685209901,0.27550446626669967,0.30348851526810816,0.3114583698664699,0.0,0.3013466713930078,0.0,0.24528978855322262,0.0,0.0,0.0,0.0,0.0,0.32196663374549794,0.0,0.0,0.23621742568960297,0.3376120550917924,0.0,0.0,0.23373208658989678,0.31855495565492375,0.24592580978483233,0.25423988376749096,0.0,0.2540023592485554
0.2531597596354484,0.283290333099381,0.25597444106510014,0.2798024070372238,0.25139813191613025,0.0,0.26940984386482797,0.27617196791012916,0.22147980355694535,0.2686294432152757,0.2377756137793415,0.26111415296046553,0.2562291056797889,0.2822564710313408,0.25465909212208027,0.2979325078524366,0.21319969629779117,0.27478556783912095,0.2350652273488482,0.26957987063906763,0.2846332393787677,0.2801990486754329,0.2501267215394005,0.23091032860594066,0.26925764625345056,0.2860920028959341,0.24543534812808632,0.2598961471011036,0.23531921689397303,0.26896933662804545,0.28452380554275253,0.28430416163236294,0.26841140688613113,0.29261401388102026,0.3026488139850436,0.285471373580549,0.29237940183819683,0.246617546664695,0.3242106494922178,0.26015448587259793,0.32620054066623955,0.3097859876855573,0.31422961180308084,0.20652710353730694,0.0,0.23651846254046582,0.2516465588100636,0.3554127968467972,0.0,0.31426714148206597,0.33787896672841067,0.3452899089408196,0.3185249275242095,0.36137982003983754,0.21230135101932995,0.331807395712329,0.0,0.34719298575755453,0.0,0.2972294589973168,0.2096616012788614,0.0,0.2115055784773629,0.34421811555820603,0.3038453508307877,0.27392686354994217,0.28309123634849864,0.3463389307476824,0.0,0.2101436038220432,0.2870200332808611,0.3459249725000411,0.3405179260191142,0.3315354521655041,0.32255997978815965,0.3305108036303333
0.22598348845467925,0.2974661702208528,0.2617894291597466,0.24287874362368136,0.2227994408039192,0.26940984386482797,0.0,0.2781799073329377,0.24087156083287992,0.27195268283714846,0.26306641315801965,0.25988262694296904,0.2271847263609866,0.22713975093392444,0.0,0.32576449154806575,0.26283801073741664,0.2823850392514784,0.27296019040846164,0.28076938781010624,0.25739819316869417,0.30338150232442745,0.26855184588456327,0.27391981409891886,0.2708413084416536,0.2734286514026978,0.276414976890856,0.260867409570039,0.2908511248050367,0.0,0.2806618185647458,0.2768209667230467,0.2826002470168515,0.2838709596542559,0.30059518746454383,0.2269996524488591,0.20112769407560444,0.25201369796988204,0.2543088204253692,0.0,0.2495646818938255,0.29481588418017063,0.27387314115633016,0.0,0.0,0.0,0.23860524295221255,0.3033317482835713,0.0,0.2619839597812512,0.2935698627959634,0.2714585197250439,0.2609736657451284,0.2980852883767129,0.0,0.26273829794815623,0.0,0.2537807356623128,0.0,0.24684667866760637,0.22468959199425634,0.0,0.22169622359152505,0.294505366628369,0.0,0.0,0.23614204466386535,0.33599996206006766,0.0,0.22562340955740828,0.22954800128551958,0.3256190869993439,0.24379382952313508,0.25314643394535763,0.0,0.2442382353661449
0.3345038404430733,0.29054748786432316,0.2624583813081248,0.23400664692204318,0.2506851835550664,0.27617196791012916,0.2781799073329377,0.0,0.2959765817626553,0.2780212879011707,0.19770549632361983,0.28864953661385495,0.2731626775031197,0.24045425869639325,0.0,0.28509692194703545,0.22486417867693345,0.2978209424247633,0.2659248050034479,0.27226441430374393,0.27010669360718564,0.0,0.23839166148117244,0.3395954903124512,0.3145896274411185,0.3131663914126146,0.27470637625057825,0.2783163748265696,0.2626910205372306,0.2726492089614908,0.29093938782793655,0.260801817045599,0.2935698460851418,0.3019941614769734,0.312287496761963,0.18185230825981202,0.2908460315904979,0.0,0.3154813382552077,0.0,0.33666417960886225,0.0,0.2930217161945967,0.0,0.0,0.0,0.0,0.3420685183372786,0.0,0.31906220804861596,0.31177337053528803,0.3379087066659016,0.22313681723125486,0.36205546035384445,0.0,0.29498832206547265,0.0,0.3264987171779982,0.0,0.31543203063043945,0.0,0.0,0.0,0.3498829059659917,0.0,0.23640564878839465,0.0,0.3102393365069765,0.0,0.23783179210684802,0.2895071142702527,0.32909760002520405,0.31121708177051083,0.29892127343982583,0.0,0.3215183445292967
0.0,0.2767370860438867,0.16743414821342759,0.2637953391761635,0.20939233857129114,0.22147980355694535,0.24087156083287992,0.2959765817626553,0.0,0.2742680860618804,0.17695420126662512,0.260531653733417,0.25073130690864,0.2566259189671035,0.21327641564991287,0.2713859688638476,0.22940835462913886,0.1996303283256327,0.14916857364003408,0.27345937243628154,0.22329759062010623,0.2741247332818966,0.25714450593885435,0.2556973660998337,0.22508903231200103,0.24942234898052443,0.23380373317857178,0.2931042001836006,0.2650591423751416,0.27446549503315526,0.3052492768259885,0.2909166660332202,0.27025622549484657,0.30484478155582767,0.3045034948737722,0.2564033579688833,0.2799127917276836,0.24337415462227652,0.2902299213453492,0.0,0.26152308969399235,0.22137232410062216,0.3309257396354524,0.2065248239293689,0.0,0.0,0.0,0.3556053184046761,0.0,0.3204905052194148,0.3550396202130908,0.3303854549677892,0.3505152057110013,0.35010491960632945,0.20382841046451539,0.3463203566130926,0.0,0.3129929567420289,0.343933114880663,0.0,0.0,0.0,0.0,0.35749563252595706,0.0,0.0,0.22729578761352473,0.3631314786902023,0.0,0.0,0.2317404500363498,0.3591153106299736,0.28226454015934527,0.2803502274152225,0.0,0.2700467449125562
0.23883762719756602,0.18167791951702572,0.2605702001884835,0.2231807129980465,0.2454700148118356,0.2686294432152757,0.27195268283714846,0.2780212879011707,0.2742680860618804,0.0,0.2680561667172893,0.2048599492410405,0.2746363057652558,0.0,0.178423785061115,0.24153956975153382,0.20742890160830668,0.21577826155818097,0.2699999356501627,0.2254202502703125,0.266278809834677,0.20198071928325895,0.2497877814365681,0.21242539245145062,0.21384249846168044,0.2055652125087604,0.2743100419124517,0.2522641058322605,0.25496235603396106,0.21449315212755243,0.21975820790794953,0.24507655519662383,0.1981408901339144,0.20023868793302296,0.18357707061812786,0.24747158056129798,0.1848841739481499,0.1969962819273354,0.20820551304680612,0.26853468234129874,0.2662354463339,0.0,0.22472539211005077,0.18425187060542658,0.24346460022976638,0.28686711753980854,0.0,0.0,0.0,0.0,0.0,0.282715002766688,0.0,0.22395272732352742,0.30754700479097713,0.0,0.30791668470374367,0.2775805379458883,0.0,0.0,0.2422900503273002,0.27464081882455615,0.25145786822073946,0.0,0.0,0.0,0.0,0.23880210366590263,0.28354295189966167,0.2735679408917194,0.2903429733786442,0.2420292623924158,0.29747406635888574,0.0,0.0,0.2896273691198681
0.0,0.0,0.15795486423692678,0.2182237239636388,0.19618714094744946,0.2377756137793415,0.26306641315801965,0.19770549632361983,0.17695420126662512,0.2680561667172893,0.0,0.2613133486429755,0.27213148999181913,0.19481197830190403,0.0,0.0,0.23264752980562556,0.23049007359422957,0.1286442981332888,0.0,0.0,0.0,0.18062535702382534,0.2710242577426901,0.23966294711298092,0.2165309438780005,0.24674514243658494,0.2779415680345453,0.24255421719426043,0.0,0.29177313537449606,0.2531083266438393,0.2559867706230079,0.28815945822726713,0.29436214648467957,0.18115343111770926,0.245355398769567,0.24032300305782014,0.258245857163422,0.0,0.21902758004210038,0.0,0.2774024597172877,0.21738970478757744,0.0,0.0,0.0,0.26509880444186945,0.0,0.260357631054291,0.3145372841261293,0.2998402283672949,0.30151122906720723,0.32422436110587166,0.23904846045793027,0.14871228177482562,0.0,0.26444422165547615,0.0,0.0,0.0,0.0,0.0,0.14161753063498989,0.0,0.0,0.0,0.3350434099955986,0.0,0.0,0.0,0.30995367595452994,0.23767320302994585,0.0,0.0,0.24139136610507317
0.2535413413899785,0.1679807315413511,0.22967846371091089,0.18959890915276076,0.2566168802245655,0.26111415296046553,0.25988262694296904,0.28864953661385495,0.260531653733417,0.2048599492410405,0.2613133486429755,0.0,0.26530890389678996,0.0,0.0,0.22947720883893435,0.21508463440048542,0.22783410073237514,0.23576400126860983,0.0,0.2732090664425733,0.1725755768803848,0.2715011261184327,0.1946285449912734,0.22406514571047223,0.2021955682743168,0.2467110425939387,0.24041981459549877,0.2324686287143172,0.0,0.21842595449666558,0.17343646012056174,0.2005421529184801,0.16939702670655013,0.17729034614485986,0.240964915002267,0.21556611729621158,0.16367073787008635,0.16124840039194577,0.2735221726105633,0.24990990850485548,0.20025111484242777,0.23562046747258425,0.18840565213985305,0.23376794997296918,0.272362598282438,0.0,0.0,0.0,0.0,0.29201781331219295,0.2678734382246451,0.0,0.28218030319939413,0.3128735087724371,0.2717149703459689,0.3139986015269515,0.26523384964085833,0.0,0.0,0.0,0.29007884748691276,0.27409118894025475,0.23075142922203226,0.0,0.0,0.0,0.2518365271381434,0.2944146835397688,0.2930785821722728,0.3028466644197495,0.27582114545541575,0.2677455604453322,0.0,0.0,0.29499271039476044
0.26403661187402844,0.30213399608538016,0.28197423534860183,0.22752036520704602,0.23737360103776792,0.2562291056797889,0.2271847263609866,0.2731626775031197,0.25073130690864,0.2746363057652558,0.27213148999181913,0.26530890389678996,0.0,0.2533267505970344,0.27097329168069756,0.3244899460238195,0.2531859874795401,0.29167258694930515,0.2850760424160177,0.28398584002239396,0.2827365068964096,0.3047332466587725,0.27174621765746754,0.2683855924564326,0.28701831972024683,0.2831288267174875,0.28549318429172676,0.2382581718070918,0.2820152061819118,0.2523828232823449,0.257554289111693,0.2768923981752067,0.2743010404420907,0.278301096124538,0.28920941709758796,0.23424872932271412,0.22532541445498255,0.2472335126530794,0.2764545133077479,0.0,0.28608715279332153,0.25286766910726843,0.2627435841222644,0.18686826144240248,0.0,0.0,0.2234293518419884,0.30647335887076893,0.0,0.25223235322036436,0.31143238381590693,0.27712912915087146,0.2984670749970411,0.28645146709731983,0.24749450532238312,0.26859101488312276,0.0,0.2635963313585651,0.0,0.25120979327293463,0.21477413575205412,0.0,0.22601334301168466,0.2948748418870788,0.2906462652171675,0.25868830100621293,0.228732955235391,0.3385756254963478,0.0,0.2322502922026945,0.2559448979120002,0.33644390460149887,0.27929021688512545,0.29466424910042693,0.0,0.251298182745957
0.31806524451574314,0.0,0.2504399523347533,0.16376955716322397,0.21227017428884615,0.2822564710313408,0.22713975093392444,0.24045425869639325,0.2566259189671035,0.0,0.19481197830190403,0.0,0.2533267505970344,0.0,0.0,0.0,0.0,0.0,0.23165944437877334,0.0,0.31361721566457335,0.0,0.26010937507154264,0.0,0.0,0.0,0.2780719353568411,0.19825707017116892,0.0,0.0,0.0,0.24747004708927464,0.0,0.0,0.0,0.1524488256372284,0.13482712801188915,0.0,0.0,0.0,0.0,0.0,0.2991505024442836,0.0,0.0,0.0,0.0,0.3105952874385813,0.0,0.0,0.0,0.0,0.0,0.3389044602341101,0.0,0.2099939393812077,0.0,0.0,0.0,0.0,0.0,0.0,0.0,0.0,0.0,0.0,0.0,0.0,0.0,0.0,0.0,0.0,0.0,0.0,0.0,0.0
0.2520701890917722,0.2739924482136545,0.0,0.0,0.0,0.25465909212208027,0.0,0.0,0.21327641564991287,0.178423785061115,0.0,0.0,0.27097329168069756,0.0,0.0,0.2769357530161497,0.0,0.27415584692616884,0.0,0.20960552433849908,0.2668689210441752,0.22500509340016167,0.20897118384223096,0.2622496793386175,0.2592069730475669,0.21483997098252372,0.24278428893817205,0.2768873127181798,0.27861367738393866,0.2715287553376809,0.27409586924719476,0.2935785705523421,0.27200932195314453,0.29337394976066394,0.31894869339536763,0.25815659259305057,0.2718387580005868,0.0,0.32686743782494093,0.30842973051351386,0.34272124347364646,0.34840552501819533,0.2999361646994752,0.0,0.0,0.0,0.3334424647301829,0.0,0.0,0.0,0.3238051905826555,0.2523219523867574,0.0,0.0,0.0,0.0,0.0,0.2814594562898212,0.0,0.3116941536563139,0.3105041981335267,0.0,0.24269032492301643,0.0,0.33089022164274445,0.3230172158716129,0.3317842226604811,0.32737122830731313,0.0,0.2565248462314151,0.31129156528379537,0.3284583696193238,0.30591679239134584,0.3173888347338643,0.0,0.2991273360099849
0.25656962451304005,0.27155141956801754,0.0,0.2658920573319512,0.29814930694205777,0.2979325078524366,0.32576449154806575,0.28509692194703545,0.2713859688638476,0.24153956975153382,0.0,0.22947720883893435,0.3244899460238195,0.0,0.2769357530161497,0.0,0.23989032382990708,0.23098525672108744,0.0,0.2699606068672485,0.2755818424417837,0.24998669621053055,0.28983054876447945,0.2433431821030664,0.25876085979846747,0.25892890188083,0.2812055200502273,0.3082263442905854,0.29196454525173043,0.29167042076286637,0.2514163066602541,0.2877184463568213,0.25586330572855776,0.264039374373395,0.2922998401162917,0.26455442458523987,0.2285652386778131,0.0,0.28740849751429237,0.2912918589999611,0.2923267004092785,0.2984957527765387,0.0,0.0,0.0,0.2928012796883639,0.30748191446757117,0.0,0.0,0.0,0.22532545426526412,0.24942959942712897,0.0,0.0,0.2466781841280174,0.0,0.0,0.2303240833761752,0.0,0.3146187916464234,0.3028858241629487,0.0,0.29503834996758266,0.0,0.28136791125440214,0.26983462386610535,0.2984837893632154,0.25318937234399275,0.0,0.2999369875483241,0.3036796143297954,0.27230085619608263,0.2403036535290383,0.27211796195214544,0.0,0.2864487827769516
0.0,0.26763352312746475,0.0,0.0,0.23266770043868523,0.21319969629779117,0.26283801073741664,0.22486417867693345,0.22940835462913886,0.20742890160830668,0.23264752980562556,0.21508463440048542,0.2531859874795401,0.0,0.0,0.23989032382990708,0.0,0.19536230231568236,0.0,0.23463922077720312,0.0,0.24075046201840883,0.23269566192034774,0.23377026645319562,0.2014128206599136,0.2231224260158465,0.2317245900085694,0.24332815977636832,0.22353121296431452,0.0,0.2214077695092157,0.2753039363300322,0.21581330450518782,0.2284611988343515,0.23494182881108888,0.0,0.0,0.18959843116387842,0.0,0.24706260898073382,0.24946658736763694,0.0,0.0,0.0,0.0,0.0,0.0,0.0,0.0,0.0,0.0,0.0,0.0,0.0,0.30905180487322287,0.0,0.29829285800137045,0.0,0.0,0.0,0.26266290151001925,0.2869545363594271,0.27273939934636693,0.0,0.0,0.0,0.0,0.0,0.2955196213504886,0.29040100696618665,0.2979834177752091,0.0,0.0,0.0,0.0,0.2706162145489159
0.2570528160050189,0.2619744720039494,0.24877714268148726,0.21494943378127965,0.24795173118142447,0.27478556783912095,0.2823850392514784,0.2978209424247633,0.1996303283256327,0.21577826155818097,0.23049007359422957,0.22783410073237514,0.29167258694930515,0.0,0.27415584692616884,0.23098525672108744,0.19536230231568236,0.0,0.25113171716263977,0.27118202429765415,0.27081523596944557,0.26346470737065064,0.2795885217148957,0.25405695639140635,0.23323724954109734,0.2443120346738468,0.2765719809887813,0.2778946245633057,0.28837478378367964,0.2608707514845926,0.24581921981747856,0.26380737626518486,0.23473126249623807,0.2554498287818578,0.2622132335040667,0.29042662721571333,0.0,0.180304823051421,0.2755503277910581,0.2761901879392336,0.28469583435885965,0.2893399653436214,0.0,0.0,0.0,0.29236264486732966,0.2968427352808796,0.0,0.0,0.0,0.21147728754431375,0.0,0.0,0.0,0.3134537251960583,0.0,0.3130048964588839,0.21395256084309383,0.0,0.26249159092455754,0.29384674540278166,0.2996643243625814,0.2897424111016771,0.0,0.0,0.0,0.2830597483816531,0.23655587043798162,0.3106959881263057,0.2941244018650851,0.3005086268071775,0.25835384729788297,0.22324446832713302,0.22905764289960992,0.0,0.28550568668951726
0.0,0.0,0.12577543269002855,0.24258413748148064,0.2249662318222138,0.2350652273488482,0.27296019040846164,0.2659248050034479,0.14916857364003408,0.2699999356501627,0.1286442981332888,0.23576400126860983,0.2850760424160177,0.23165944437877334,0.0,0.0,0.0,0.25113171716263977,0.0,0.0,0.0,0.0,0.14437487646122732,0.23514437418145642,0.20714592358932477,0.22285393498559775,0.24043529236137326,0.289348080764867,0.0,0.0,0.2937432921422483,0.2782290466985386,0.2526494950318317,0.283427846115617,0.31478956258277274,0.24220519740519356,0.2667655725393164,0.0,0.3304478728892839,0.0,0.0,0.0,0.31317462247339917,0.21930323118022643,0.0,0.0,0.0,0.3606287274922899,0.0,0.3328891811276671,0.34234121431198067,0.3265484517083024,0.3335831815606022,0.3590495413855999,0.0,0.2267514390653665,0.0,0.2894431173579716,0.0,0.0,0.0,0.0,0.0,0.3503087816418435,0.0,0.0,0.0,0.35554529746940505,0.0,0.0,0.0,0.3488269841602608,0.25075341772691007,0.0,0.0,0.0
0.27452860456625816,0.2638114607240704,0.0,0.3022019279264977,0.27729060612475304,0.26957987063906763,0.28076938781010624,0.27226441430374393,0.27345937243628154,0.2254202502703125,0.0,0.0,0.28398584002239396,0.0,0.20960552433849908,0.2699606068672485,0.23463922077720312,0.27118202429765415,0.0,0.0,0.2707146568693089,0.21675541083514283,0.16269288793896017,0.25126506967570716,0.2671676778842973,0.2716642794339279,0.20284003084349903,0.251812184083772,0.2120571977663392,0.2534080189028395,0.23869327561171422,0.2852377989561177,0.24769577382512817,0.2758203728070931,0.30840650839050665,0.3348469987546433,0.29228196320337924,0.0,0.31063422699796744,0.2951453617129145,0.29905922143918445,0.3341629294558532,0.2766106603076766,0.24490091714198822,0.0,0.0,0.29549887648738915,0.0,0.0,0.0,0.3088133755565339,0.24319457360866092,0.3098886072703415,0.24030978194244945,0.0,0.0,0.0,0.27782633046104827,0.0,0.31996298082021596,0.24139832777916012,0.0,0.22518840807907536,0.0,0.3126042396623819,0.2975483152410847,0.32412087003167694,0.3199501119687008,0.0,0.21734099344617158,0.3279421762223906,0.3228863178001916,0.31660709234865997,0.30115514670774024,0.26648837797366765,0.30191626884263195
0.2660989853051327,0.2686871894124331,0.0,0.0,0.23373789350375895,0.2846332393787677,0.25739819316869417,0.27010669360718564,0.22329759062010623,0.266278809834677,0.0,0.2732090664425733,0.2827365068964096,0.31361721566457335,0.2668689210441752,0.2755818424417837,0.0,0.27081523596944557,0.0,0.2707146568693089,0.0,0.284800440377634,0.268394618540078,0.3059030431655637,0.2723118409089925,0.267745115177739,0.2721686095409362,0.2874018772379923,0.2708999091561824,0.28182937847941747,0.263361876901197,0.29002979972705384,0.2507847429108481,0.2800708328075827,0.31614911875817103,0.2500584382687643,0.2667236362472814,0.0,0.31661218198076696,0.3154606930329316,0.3127987361684332,0.35120341093147517,0.0,0.0,0.0,0.20074615115770503,0.3302485626387743,0.0,0.0,0.0,0.31998094897706797,0.2693561873679688,0.2169137932021712,0.0,0.31570664010411936,0.0,0.0,0.2882653207486589,0.0,0.3160701535693927,0.31109086153588705,0.0,0.25433851874751773,0.0,0.3114822177259453,0.2763120626812824,0.3258879089161748,0.31266040206875945,0.0,0.268116005497501,0.3361763991295562,0.3199420342175629,0.3050108793327726,0.30949683873257733,0.2973698853381291,0.28597756789647877
0.2519315116786782,0.24772183121209443,0.0,0.31458033950714437,0.2900845594740366,0.2801990486754329,0.30338150232442745,0.0,0.2741247332818966,0.20198071928325895,0.0,0.1725755768803848,0.3047332466587725,0.0,0.22500509340016167,0.24998669621053055,0.24075046201840883,0.26346470737065064,0.0,0.21675541083514283,0.284800440377634,0.0,0.17486245275047133,0.14509975149400728,0.2632296034282924,0.2630587908593888,0.26042492289528685,0.27553804576494284,0.25997011500423917,0.24791229789289562,0.247618031719374,0.2891407714159469,0.2568221928630581,0.27576596863660857,0.31056674712814725,0.33836748549323625,0.2978294122169262,0.0,0.30273492001037555,0.3145065363484104,0.31943530238303786,0.3400122308582042,0.335711189094311,0.2019268143012588,0.0,0.2887779563485287,0.31510660110791666,0.0,0.0,0.0,0.30684030756801584,0.22874553116974447,0.0,0.0,0.0,0.0,0.0,0.23033466194857866,0.0,0.33951110976849974,0.30286665536501717,0.0,0.26710895209803864,0.0,0.32687000910415553,0.32525335284946444,0.3283338555018244,0.3199675405311889,0.0,0.29787183151475977,0.3281975170800684,0.31662501646206104,0.2563029207328401,0.31258138681964753,0.0,0.29980455393408983
0.31006069281849774,0.28627018694769485,0.17226437722145188,0.26483745401565995,0.2576328721743619,0.2501267215394005,0.26855184588456327,0.23839166148117244,0.25714450593885435,0.2497877814365681,0.18062535702382534,0.2715011261184327,0.27174621765746754,0.26010937507154264,0.20897118384223096,0.28983054876447945,0.23269566192034774,0.2795885217148957,0.14437487646122732,0.16269288793896017,0.268394618540078,0.17486245275047133,0.0,0.31258487647122846,0.2836431024067181,0.28688797083548206,0.22351390935605342,0.2808769196505418,0.2690171478894824,0.27482912397260717,0.2869805878948483,0.27826247968186457,0.27818921189471674,0.295284837270533,0.31685935742313065,0.25702787537505106,0.28142085011633305,0.23541228835818226,0.3380197816116355,0.32388410396051265,0.34267912982269566,0.35656567454450183,0.3297240196186257,0.28841976146571535,0.0,0.0,0.2977555578040078,0.3629370771785823,0.0,0.3399353773460987,0.3446513414977026,0.35820552962893026,0.31623614493010865,0.3719229659343916,0.27774921152551074,0.252434518886427,0.0,0.3503268791091207,0.3463977239870709,0.3278998542574649,0.22735826753977442,0.0,0.233951354343512,0.364221616152868,0.33487611519520866,0.31480973610538177,0.32792589818353474,0.3402942911477921,0.0,0.22694688686045716,0.3149996107504635,0.3505622880792652,0.34408769817611257,0.33851394367093296,0.344273811089747,0.34515496801952106
0.2381367120495777,0.20807933442306084,0.2241011034563788,0.0,0.2577514507959492,0.23091032860594066,0.27391981409891886,0.3395954903124512,0.2556973660998337,0.21242539245145062,0.2710242577426901,0.1946285449912734,0.2683855924564326,0.0,0.2622496793386175,0.2433431821030664,0.23377026645319562,0.25405695639140635,0.23514437418145642,0.25126506967570716,0.3059030431655637,0.14509975149400728,0.31258487647122846,0.0,0.24572374330094937,0.22281191241855774,0.24920095740853634,0.25906706109027994,0.2463948733189252,0.0,0.2269137384151545,0.20952761171155307,0.16052860314091197,0.17150721058253432,0.18138674680176117,0.25733187844823546,0.0,0.16267503810403625,0.2590003038708558,0.24175432911779463,0.26952696918726393,0.0,0.0,0.0,0.21767387415726472,0.2775362627425526,0.0,0.0,0.0,0.0,0.0,0.0,0.0,0.0,0.30644607606845664,0.0,0.2991811559225818,0.28961592314167717,0.0,0.0,0.29608193545051487,0.3184081948673982,0.30596895245106487,0.0,0.0,0.0,0.0,0.0,0.2831930091173079,0.3030510083236059,0.30244487674369325,0.0,0.0,0.0,0.0,0.3013767777168562
0.2570014913610162,0.2479894137046057,0.20774187148455214,0.20813697033512227,0.2505434416904011,0.26925764625345056,0.2708413084416536,0.3145896274411185,0.22508903231200103,0.21384249846168044,0.23966294711298092,0.22406514571047223,0.28701831972024683,0.0,0.2592069730475669,0.25876085979846747,0.2014128206599136,0.23323724954109734,0.20714592358932477,0.2671676778842973,0.2723118409089925,0.2632296034282924,0.2836431024067181,0.24572374330094937,0.0,0.24068381628329372,0.27293317335216855,0.277026204118434,0.28061987363820357,0.22213228127117773,0.23961827339266123,0.26198528003461924,0.2182807479241074,0.23804200530299083,0.2566453824425779,0.2577101429931961,0.2248328874880165,0.19988486454835364,0.28465990406891195,0.28428631692041534,0.2915962035939147,0.304602364562021,0.0,0.0,0.2333241214817567,0.2888147284638107,0.3067728751945564,0.0,0.0,0.0,0.21157085985734325,0.21093637415843117,0.0,0.0,0.31375467915375543,0.0,0.3084182298559392,0.2361662165581084,0.0,0.28779665615102307,0.3051063706050714,0.30380138762214454,0.2980640343051774,0.0,0.27233192952141827,0.26557571226304794,0.2911853461412724,0.23390057921910187,0.2984916994021442,0.29968427633486955,0.3028594775574913,0.2260620219489708,0.25360903493805204,0.279164445435724,0.0,0.29450689769625754
0.23147759964341408,0.25618626637127456,0.22331890217267927,0.3021673041292595,0.24370232361335853,0.2860920028959341,0.2734286514026978,0.3131663914126146,0.24942234898052443,0.2055652125087604,0.2165309438780005,0.2021955682743168,0.2831288267174875,0.0,0.21483997098252372,0.25892890188083,0.2231224260158465,0.2443120346738468,0.22285393498559775,0.2716642794339279,0.267745115177739,0.2630587908593888,0.28688797083548206,0.22281191241855774,0.24068381628329372,0.0,0.27667685236445905,0.25253567398133203,0.2776670971665939,0.22328532268440762,0.2408608926878884,0.2715035899584731,0.23300066864838037,0.24615702346559987,0.27675152750694904,0.30097361315074517,0.0,0.20333021949798977,0.2884314165097332,0.29121244871025814,0.3069634670835996,0.3229714885740254,0.0,0.0,0.26790689985319427,0.2802364103896719,0.324402743674182,0.0,0.0,0.0,0.29552890302234225,0.24933582240749855,0.0,0.24218252952500696,0.3232636090893375,0.0,0.3166323726572587,0.246343663978298,0.0,0.3418552507187724,0.3040186063275432,0.3126465373620386,0.2997812027502048,0.0,0.3288593278925415,0.32820588034882386,0.33426975704383255,0.3135427710496098,0.3063698211385653,0.30011697484788685,0.31561282651018835,0.31387245766336624,0.2742683759644687,0.30904533035624765,0.0,0.29852532494060513
0.2776263473672276,0.27483425083935553,0.22550686266319617,0.2716207762234501,0.2608808267656982,0.24543534812808632,0.276414976890856,0.27470637625057825,0.23380373317857178,0.2743100419124517,0.24674514243658494,0.2467110425939387,0.28549318429172676,0.2780719353568411,0.24278428893817205,0.2812055200502273,0.2317245900085694,0.2765719809887813,0.24043529236137326,0.20284003084349903,0.2721686095409362,0.26042492289528685,0.22351390935605342,0.24920095740853634,0.27293317335216855,0.27667685236445905,0.0,0.2778021482787108,0.2287185887867005,0.2587938515807933,0.259921688035822,0.2798672698580241,0.2659708025391849,0.28082255992918104,0.2988417658388783,0.2830545253636907,0.29658211213539326,0.23964159434441806,0.32586306504977697,0.32177789659424133,0.3332869903297783,0.35112768574452924,0.323446179208896,0.22149853966088331,0.0,0.0,0.26611299031598196,0.35738997854378574,0.0,0.3267429541169511,0.3397802317292771,0.3482907812830579,0.3309376650598957,0.3662437167637517,0.2418445975832979,0.3483414758965081,0.0,0.343122065293303,0.3493134800810911,0.3140273872180479,0.21517884999103948,0.0,0.0,0.3517289227369915,0.320783540232727,0.29653284219947573,0.29101839380193384,0.3449327592286107,0.0,0.20417474546123193,0.31221901234097466,0.34542945282614357,0.33562225037848914,0.32730899843793587,0.32593515753091207,0.3368288767295716
0.3071069895882987,0.30306032673096167,0.286812182684671,0.17365698932815996,0.25223956310908346,0.2598961471011036,0.260867409570039,0.2783163748265696,0.2931042001836006,0.2522641058322605,0.2779415680345453,0.24041981459549877,0.2382581718070918,0.19825707017116892,0.2768873127181798,0.3082263442905854,0.24332815977636832,0.2778946245633057,0.289348080764867,0.251812184083772,0.2874018772379923,0.27553804576494284,0.2808769196505418,0.25906706109027994,0.277026204118434,0.25253567398133203,0.2778021482787108,0.0,0.23073977854238528,0.18102534420892008,0.22927308025277254,0.2621270372800763,0.25556453149868236,0.2446622556722572,0.2607067396705216,0.18751535229515492,0.18133723734870322,0.22199278812421608,0.2619578122746426,0.0,0.29301846054350417,0.29611971352811,0.2401753796413225,0.16843854307275255,0.0,0.0,0.22541658985934174,0.26273486288103887,0.0,0.0,0.3231032681155333,0.25306379011142727,0.3083596243475586,0.24588493660737445,0.2123657612481778,0.0,0.0,0.2756698430474972,0.0,0.30307444427099095,0.0,0.0,0.2082880968864477,0.0,0.3172556986878312,0.30030409757579624,0.27729533766422143,0.3356512725895399,0.0,0.22492670846014243,0.26430524281099266,0.3341273489660888,0.2955479589358119,0.31794775924047897,0.2796898016332251,0.29742621162753063
0.2880906637255629,0.27876035685232065,0.2706617124415944,0.25549057989838514,0.2835388164213781,0.23531921689397303,0.2908511248050367,0.2626910205372306,0.2650591423751416,0.25496235603396106,0.24255421719426043,0.2324686287143172,0.2820152061819118,0.0,0.27861367738393866,0.29196454525173043,0.22353121296431452,0.28837478378367964,0.0,0.2120571977663392,0.2708999091561824,0.25997011500423917,0.2690171478894824,0.2463948733189252,0.28061987363820357,0.2776670971665939,0.2287185887867005,0.23073977854238528,0.0,0.2217906994295603,0.23082744879372544,0.2806779575400959,0.24868047253064685,0.2691917783656445,0.30583782694168976,0.25493544372240723,0.27711013200886714,0.23922469149634368,0.31804509875391146,0.27923064550224236,0.3177880565050421,0.32708732078942926,0.2700997958336808,0.22878782127924652,0.0,0.0,0.2859171649306333,0.2861411102496618,0.0,0.2563252698381165,0.31946825426711467,0.2666163197662862,0.297165621239102,0.26150878392036503,0.22894898286617615,0.27216414816047446,0.0,0.3086210651266542,0.0,0.31464524023215645,0.22109793302467962,0.0,0.21423091621259466,0.3050420068693748,0.31209822188500014,0.3006204992331351,0.3216809666870166,0.330963154879823,0.0,0.20623062913071014,0.30919004664269667,0.3295941037888636,0.3243073741710011,0.31986907953953075,0.30360147788624237,0.31492941666768864
0.0,0.0,0.0,0.0,0.0,0.26896933662804545,0.0,0.2726492089614908,0.27446549503315526,0.21449315212755243,0.0,0.0,0.2523828232823449,0.0,0.2715287553376809,0.29167042076286637,0.0,0.2608707514845926,0.0,0.2534080189028395,0.28182937847941747,0.24791229789289562,0.27482912397260717,0.0,0.22213228127117773,0.22328532268440762,0.2587938515807933,0.18102534420892008,0.2217906994295603,0.0,0.19516512549597342,0.2614579875311951,0.24062238643520487,0.2398928511875291,0.26280864018295386,0.29472724135699074,0.23606960342848457,0.0,0.2896654367676077,0.0,0.0,0.0,0.0,0.0,0.0,0.0,0.0,0.0,0.0,0.0,0.2986928521404517,0.24340070951559048,0.0,0.0,0.0,0.0,0.0,0.0,0.0,0.0,0.0,0.0,0.0,0.0,0.0,0.0,0.0,0.3374223868224731,0.0,0.0,0.0,0.0,0.290245990805952,0.2944008528723386,0.0,0.0
0.22657420786942115,0.23581219972830408,0.2940118614783364,0.18957682317832864,0.2900037563282019,0.28452380554275253,0.2806618185647458,0.29093938782793655,0.3052492768259885,0.21975820790794953,0.29177313537449606,0.21842595449666558,0.257554289111693,0.0,0.27409586924719476,0.2514163066602541,0.2214077695092157,0.24581921981747856,0.2937432921422483,0.23869327561171422,0.263361876901197,0.247618031719374,0.2869805878948483,0.2269137384151545,0.23961827339266123,0.2408608926878884,0.259921688035822,0.22927308025277254,0.23082744879372544,0.19516512549597342,0.0,0.26134032873134605,0.22031320310636812,0.19037736134264424,0.17170750174629415,0.2857794395369603,0.22640690706099717,0.1939550348615341,0.23256411959391637,0.2703395347083779,0.28202268628224597,0.0,0.20403647141139253,0.20047928232352502,0.18287820572325872,0.23722681435634316,0.291434383396735,0.0,0.0,0.0,0.3112677323892042,0.2424173404559068,0.0,0.0,0.31587069857877825,0.0,0.29106938596927245,0.2567477336920277,0.0,0.3240767801790223,0.2848158904684673,0.2873289982894799,0.28844263026740735,0.0,0.2915499608378145,0.2674025055489509,0.29874507181237187,0.34272300362919284,0.0,0.2868207923582364,0.2959446783882547,0.3395494097387671,0.312531476287163,0.31794374979880613,0.0,0.25016795031479544
0.2643313814582334,0.2714700086770335,0.27936692734059,0.21138121399080767,0.2617801345264269,0.28430416163236294,0.2768209667230467,0.260801817045599,0.2909166660332202,0.24507655519662383,0.2531083266438393,0.17343646012056174,0.2768923981752067,0.24747004708927464,0.2935785705523421,0.2877184463568213,0.2753039363300322,0.26380737626518486,0.2782290466985386,0.2852377989561177,0.29002979972705384,0.2891407714159469,0.27826247968186457,0.20952761171155307,0.26198528003461924,0.2715035899584731,0.2798672698580241,0.2621270372800763,0.2806779575400959,0.2614579875311951,0.26134032873134605,0.0,0.2458846740405453,0.24068323218128457,0.2492445653457793,0.20758350403451017,0.22771143062573349,0.1830890556966118,0.21342543686836601,0.23518245579256147,0.22616195509515985,0.23416018739728672,0.21801485098683185,0.2141384054292278,0.16309932419163853,0.2708659109577896,0.3078469850909396,0.265715539643019,0.0,0.28776234155430286,0.33791213412848214,0.31713684683569676,0.32301517285174436,0.25264011189642954,0.21177851266520345,0.25385125417735066,0.0,0.2809142104668214,0.0,0.3275959567149174,0.27555003169739684,0.0,0.2807856123564444,0.2839513199180812,0.30834797996538765,0.3156084728134194,0.31141197340809484,0.3370962267680707,0.0,0.27501941838079497,0.31060701482170455,0.3286468495964696,0.2545805444239751,0.3288832174194137,0.3155804771597653,0.29962907810469036
0.21628517476059475,0.2368267773522198,0.26619110076598984,0.0,0.25195086505773334,0.26841140688613113,0.2826002470168515,0.2935698460851418,0.27025622549484657,0.1981408901339144,0.2559867706230079,0.2005421529184801,0.2743010404420907,0.0,0.27200932195314453,0.25586330572855776,0.21581330450518782,0.23473126249623807,0.2526494950318317,0.24769577382512817,0.2507847429108481,0.2568221928630581,0.27818921189471674,0.16052860314091197,0.2182807479241074,0.23300066864838037,0.2659708025391849,0.25556453149868236,0.24868047253064685,0.24062238643520487,0.22031320310636812,0.2458846740405453,0.0,0.1792325580904676,0.30410853565610735,0.19896733828702348,0.1832959935199998,0.12963836608527696,0.2205414434201201,0.18258226732062105,0.265620185879125,0.2765359695349299,0.22471294384201473,0.2133077262167258,0.16140226985348216,0.2760560762387795,0.3095027212229378,0.0,0.0,0.0,0.29610983644868333,0.0,0.0,0.0,0.260705150851301,0.0,0.2519275970815577,0.22794936624397985,0.0,0.33839676563949567,0.3010629633752747,0.2553547830766874,0.2857607606381818,0.0,0.31371328745776356,0.28453502241810574,0.3217407989937598,0.0,0.2592674918161451,0.28584064451527763,0.3027978597311407,0.0,0.0,0.3122891295611669,0.0,0.2696309588541894
0.21252603489232663,0.24391602795902587,0.30326231187062136,0.20976967922277942,0.2883546867488927,0.29261401388102026,0.2838709596542559,0.3019941614769734,0.30484478155582767,0.20023868793302296,0.28815945822726713,0.16939702670655013,0.278301096124538,0.0,0.29337394976066394,0.264039374373395,0.2284611988343515,0.2554498287818578,0.283427846115617,0.2758203728070931,0.2800708328075827,0.27576596863660857,0.295284837270533,0.17150721058253432,0.23804200530299083,0.24615702346559987,0.28082255992918104,0.2446622556722572,0.2691917783656445,0.2398928511875291,0.19037736134264424,0.24068323218128457,0.1792325580904676,0.0,0.2094109311729956,0.2846082972382279,0.19700771010646664,0.148166931068382,0.21886612001240302,0.27364874770565073,0.2060928319482097,0.23411499041934877,0.20761845190723774,0.0,0.17043789437583837,0.25601798433600637,0.30154148594091995,0.24523292032805624,0.0,0.0,0.3141773327567118,0.2586668152062343,0.0,0.2149832633994581,0.25876546105618403,0.0,0.251883676255347,0.2175893063302451,0.0,0.3282213503027918,0.29167834591600783,0.2633582007915829,0.2916334038142986,0.0,0.32149619785176514,0.2758704426440038,0.32142062846026587,0.33535853935383825,0.3268751994644837,0.29174000732687466,0.30508186621856337,0.3201697553597872,0.24114094980524983,0.3288000287391428,0.0,0.2729254648522013
