0.0,0.41136428576860307,0.0,0.0,0.0,0.4228028590773199,0.30466272656871585,0.5272212153573577,0.30590270568946887,0.3745701925767716,0.0,0.398662542789528,0.3665405966745403,0.5123456537145394,0.35915995056313677,0.4065782349142762,0.3482638238409759,0.36552740572746323,0.0,0.41340436903950606,0.37143003459725377,0.40109347462657596,0.47295472533052274,0.38099410446669024,0.37179288588383,0.3380750189202936,0.44062343716021785,0.411505064197042,0.45654375018985643,0.0,0.36830954483603534,0.4276033684441842,0.3591601831152895,0.38328428024711625,0.46293462140964825,0.0,0.0,0.415787383074261,0.4388551408623543,0.41590366885278784,0.4103068703006852,0.0,0.0,0.0,0.0,0.3005074373322585,0.44464751477665354,0.0,0.0,0.0,0.35603276906617565,0.0,0.0,0.0,0.39867465743792124,0.0,0.4334293055163228,0.36994760446002073,0.0,0.0,0.4472267523425312,0.0,0.4256000220233824,0.0,0.4475035476587698,0.3140036193548512,0.4428761612021784,0.44678204678502775,0.42863646979728226,0.42073287452095876,0.4486923838543627,0.4052615620585464,0.0,0.0,0.0,0.3512979505661948
0.41136428576860307,0.0,0.0,0.0,0.39555994974965014,0.4089267454744441,0.4292366630022314,0.4623417429440209,0.38634658326618043,0.2886869188215746,0.0,0.28382966474669014,0.4402868208398556,0.0,0.42106044074501925,0.3930620269833752,0.0,0.3891921868180476,0.0,0.4314038003810293,0.41339396077737073,0.400914765454243,0.44785833512455153,0.0,0.38664502718396576,0.40698020414357305,0.4464418233713554,0.46624645797336867,0.4351615052364696,0.0,0.3715880972113171,0.41511049245409687,0.3504092081588382,0.3900460901447333,0.4543237693857738,0.0,0.0,0.0,0.47200043406655173,0.45492196442604144,0.45730676073600507,0.48513104492803494,0.0,0.0,0.0,0.4465730797401549,0.46652256653155516,0.0,0.0,0.0,0.406590911397519,0.3365676926869114,0.0,0.0,0.33483497087091446,0.0,0.0,0.317047617188837,0.0,0.4975897829015102,0.46957827468260616,0.3801492279709953,0.46226349459272675,0.0,0.46158682895934344,0.4798545531213122,0.4624535829885253,0.5057951756453507,0.0,0.4741274903431807,0.4914488458751412,0.4693741426307208,0.3433713868522803,0.47428475587223035,0.0,0.44288738832520863
0.0,0.0,0.0,0.3927803800588463,0.36810504738667765,0.38983007514237544,0.4760318726385757,0.474453366371558,0.26940124608412697,0.42499846059216384,0.29568761464119436,0.3666124481861215,0.47287111197542187,0.44533996463728776,0.0,0.0,0.0,0.0,0.24458252401927508,0.0,0.4313657510092827,0.0,0.29812534553194026,0.37647664647917545,0.36269378388705126,0.3756191803473616,0.3240149514146709,0.4640295537000668,0.42835337928422423,0.41268495203188726,0.4777955562954221,0.4699050365931815,0.39235045252313855,0.49695059247982065,0.46357175394290867,0.439988045817226,0.4497057616551269,0.3561370993799937,0.4318294544076442,0.0,0.4247162124616188,0.0,0.43046779924772083,0.0,0.0,0.0,0.0,0.3875922102747731,0.0,0.4864826478019508,0.5365884586156349,0.5144519156469343,0.49899601558334544,0.557094141604381,0.0,0.4513246701911574,0.0,0.477023712496109,0.48381689109439135,0.0,0.0,0.0,0.0,0.34466536898373346,0.0,0.38639600843647,0.0,0.5563013833298445,0.0,0.0,0.0,0.5101822440394599,0.44608221821046423,0.0,0.0,0.477916484831853
0.0,0.0,0.3927803800588463,0.0,0.28376337142307123,0.410936202998516,0.29101814809533955,0.31058353815679257,0.44219678301958926,0.0,0.3980545988188974,0.27771641788834167,0.3430511513637512,0.2902158870327493,0.0,0.0,0.0,0.0,0.4301689997685538,0.0,0.0,0.0,0.3908147759604771,0.0,0.0,0.0,0.4110084451531956,0.2386557864231612,0.0,0.0,0.25422739133080563,0.2967548843435087,0.0,0.2988849674617409,0.32353367945486333,0.19430411048771948,0.18083461520787078,0.0,0.2963528907873692,0.0,0.29855093746829325,0.0,0.0,0.2262358206527251,0.0,0.0,0.0,0.0,0.0,0.0,0.32320178784792986,0.0,0.0,0.0,0.0,0.0,0.0,0.0,0.0,0.0,0.0,0.0,0.0,0.0,0.0,0.0,0.0,0.33836957062899226,0.0,0.0,0.0,0.38749321555917426,0.0,0.0,0.0,0.0
0.0,0.39555994974965014,0.36810504738667765,0.28376337142307123,0.0,0.37633247863503655,0.381790248911764,0.39714580898635277,0.346778697496208,0.4889106726087462,0.32061417652425794,0.41352050719301797,0.3947689469792521,0.3476679290975717,0.0,0.4161827783200425,0.0,0.38782486690581647,0.35299337844069684,0.0,0.0,0.4531156531612469,0.4056574269780551,0.43223633687309115,0.3749434439828383,0.3535350206463092,0.387854731494544,0.3656278113448954,0.4032704691239819,0.45211539212100804,0.4584685353883766,0.39917743445123777,0.3735170791958425,0.44332104911688736,0.4381191372839897,0.290405315810222,0.39086621578747754,0.4111148907150389,0.3838231245517733,0.0,0.36304224203662433,0.0,0.37093756250813653,0.0,0.0,0.0,0.0,0.5094428145723616,0.0,0.387305510480183,0.4706336867386456,0.3805335510051479,0.44403183703430144,0.4806125044385002,0.0,0.43251096075839185,0.0,0.3465422178039545,0.40093420198757324,0.0,0.0,0.0,0.0,0.47683932171986587,0.0,0.0,0.0,0.5135368222207254,0.0,0.0,0.0,0.5145621974123722,0.36953874679181903,0.0,0.0,0.0
0.4228028590773199,0.4089267454744441,0.38983007514237544,0.410936202998516,0.37633247863503655,0.0,0.4036306459293345,0.4386007197723615,0.32063481324856513,0.3870439503998338,0.3871531696863435,0.40618347266190474,0.39670334338995766,0.4282687243749885,0.44627702645232514,0.4388246559619062,0.3477099711775001,0.4633789117810274,0.3275224525391319,0.43256304588482747,0.47626822113437833,0.43649790924274817,0.4028612923422414,0.37345475755119395,0.38550800360831666,0.4158695202883844,0.38529682969826323,0.40028734805703564,0.37426756551858,0.42467104493149455,0.4416855162848706,0.4305737041648409,0.41316669515916965,0.4451431489555008,0.4472428573160658,0.4345905296964763,0.44542084143287963,0.3953385643057564,0.4999186775355636,0.0,0.5327985122229428,0.49598235185185185,0.46206247811307744,0.32441657736032564,0.0,0.0,0.3632021297680727,0.5533811494198676,0.0,0.4860550751694604,0.5058939877660803,0.5254289533011448,0.47741851618587783,0.549440721808108,0.0,0.49179278456137393,0.0,0.5169878478243387,0.41123350036872164,0.4640647694890032,0.3071245506237698,0.0,0.0,0.5401136158627784,0.46888891760031415,0.0,0.436801609926888,0.5169970289956762,0.0,0.3149650028384851,0.4265851707891301,0.5133605763621346,0.5277290205973897,0.48764363173452274,0.4766904667163197,0.5273405171255756
0.30466272656871585,0.4292366630022314,0.4760318726385757,0.29101814809533955,0.381790248911764,0.4036306459293345,0.0,0.43981569194770104,0.4285525587198245,0.36806442904233067,0.4741924937198886,0.357138002005306,0.374602276884439,0.3512921983932451,0.0,0.48773192160515355,0.42453927056770846,0.4610354543017628,0.47874606289172483,0.4509398640668764,0.0,0.48491307332277084,0.4330940362841521,0.3914355284821574,0.4071414918688388,0.396855263339682,0.4385817389915749,0.37078723082994597,0.4335725652739004,0.4463939391991981,0.4272462055300842,0.4101798414185162,0.39622037241934654,0.412183489436754,0.3986342641457314,0.32544227908260803,0.33215043998681726,0.39997765641927957,0.3795364656441756,0.0,0.28307382677842113,0.0,0.3630569459857463,0.0,0.0,0.0,0.34379514390898946,0.4904846338835326,0.0,0.362504674316603,0.4691560398043255,0.41488494752024657,0.4061006870276338,0.44631418817433094,0.0,0.366966969849117,0.0,0.3823327350771825,0.371287004372757,0.0,0.32544171457920995,0.0,0.0,0.40862993568142014,0.0,0.0,0.0,0.5090241892944423,0.0,0.3391385874087098,0.33223613910253147,0.49642721734919104,0.36895765073454184,0.3883747023862879,0.42313825657584775,0.38460662262575457
0.5272212153573577,0.4623417429440209,0.474453366371558,0.31058353815679257,0.39714580898635277,0.4386007197723615,0.43981569194770104,0.0,0.49291772348697876,0.43358293990095925,0.3746556358218511,0.451267803118337,0.44979781350120096,0.37250257453941066,0.0,0.49402124318292107,0.0,0.4963530119798728,0.45196045469123275,0.0,0.4370920450222476,0.4781194724836295,0.4046027421322574,0.5494520380847261,0.498205452602467,0.508222713040612,0.4817764964972965,0.4448428701982401,0.4269427735046485,0.4296745689106017,0.4576604099118037,0.38698683641310877,0.5034780769083128,0.47426058222288614,0.489916778977334,0.24458001520838876,0.2066334761119027,0.0,0.4425096780658659,0.0,0.4864037218058257,0.4886164018334621,0.3522804833278674,0.0,0.0,0.0,0.0,0.5317206371018707,0.0,0.4499552588229994,0.4415514080395588,0.4604012296925077,0.34826126884299924,0.5419304722863777,0.0,0.4567626205840714,0.0,0.46774959913330594,0.4630158952545284,0.0,0.0,0.0,0.0,0.5167767396372465,0.44968190668627755,0.21936964946598256,0.0,0.4631570389195299,0.0,0.0,0.0,0.4828795613840806,0.4540875658382558,0.4301327514684532,0.41391865962750424,0.4627194938123017
0.30590270568946887,0.38634658326618043,0.26940124608412697,0.44219678301958926,0.346778697496208,0.32063481324856513,0.4285525587198245,0.49291772348697876,0.0,0.5071529176587637,0.28623745130618794,0.44459925622758206,0.41010988497790535,0.4498874168491094,0.0,0.41344292808768596,0.37435656742043194,0.35401223216444594,0.24935019909147746,0.4192467598525418,0.0,0.4344261883468243,0.4080520707574283,0.409799704747,0.33073829174001296,0.3416260208129014,0.32479278603088374,0.466603285039563,0.4342108144957663,0.43836825959126297,0.48144975692308956,0.4649085082158415,0.4295340162974133,0.48313731006580773,0.48441264973415143,0.4710662222315078,0.48873466830442575,0.4567105394038009,0.4954819302380241,0.0,0.3920977597088031,0.400521285581414,0.4470422206721493,0.30775517990193924,0.37986773200452445,0.0,0.3133664784274314,0.5533752892253174,0.0,0.4767347174362707,0.5372668953426396,0.5128872024511626,0.5235167940669334,0.5714681830279957,0.0,0.5204762370019979,0.0,0.4708266657313492,0.4963951716265281,0.0,0.0,0.0,0.0,0.5569521772142574,0.0,0.0,0.0,0.5567843129583749,0.0,0.0,0.3257929307985538,0.5569500831356441,0.47109659662357084,0.40136498701690027,0.49680787786811786,0.4342437073119065
0.3745701925767716,0.2886869188215746,0.42499846059216384,0.0,0.4889106726087462,0.3870439503998338,0.36806442904233067,0.43358293990095925,0.5071529176587637,0.0,0.49196972526837146,0.2957045672803132,0.42265302918076164,0.0,0.2871653629313147,0.3508805652488491,0.3475967208745085,0.38504898508780133,0.4745355619348162,0.33448473304972637,0.36903852755865146,0.31854337446338693,0.4378077964532452,0.3280651513177196,0.34409922475163124,0.3528478229771414,0.4208175601523295,0.360360220310934,0.35608952452436976,0.0,0.3252932365481358,0.30211699535127273,0.31114341579359134,0.2998097384369554,0.32149470073621045,0.37694265991770276,0.2862346413384516,0.2671355203477714,0.2703103182897081,0.31092430931409254,0.29188816829442366,0.0,0.0,0.0,0.30934034300086416,0.0,0.3627771428885409,0.0,0.0,0.0,0.0,0.334509840997286,0.0,0.0,0.4025143309871264,0.0,0.4159801229632482,0.35872085844645385,0.0,0.0,0.3711903589247971,0.4155231001292756,0.4036654843030964,0.0,0.0,0.0,0.0,0.3679045987160275,0.362845072364488,0.4317373065486647,0.4236254424601091,0.0,0.3670918155770869,0.0,0.0,0.38840962257225264
0.0,0.0,0.29568761464119436,0.3980545988188974,0.32061417652425794,0.3871531696863435,0.4741924937198886,0.3746556358218511,0.28623745130618794,0.49196972526837146,0.0,0.43735344994304826,0.47837548520099876,0.3567395055308904,0.0,0.0,0.397745827724895,0.3857633136123392,0.2352105706526822,0.0,0.0,0.0,0.35067849372387083,0.42274353027301964,0.40803737324871925,0.354288020908953,0.3642692448611998,0.4731989791626889,0.0,0.0,0.5004454652362733,0.43727904868704814,0.42805751870470593,0.4919364234576875,0.46213003568352845,0.3610502211692764,0.4629188233058632,0.46505057217651513,0.38302378286759775,0.0,0.36578706564755137,0.0,0.3885656117011774,0.0,0.0,0.0,0.0,0.366997562161829,0.0,0.4106680651078554,0.44696238583045195,0.441621290801128,0.4239488848996434,0.42715330552694863,0.0,0.3465714096673332,0.0,0.4210677844063288,0.4596340051688243,0.0,0.0,0.0,0.0,0.2965493740649045,0.0,0.0,0.0,0.5287346889930075,0.0,0.0,0.0,0.45231425691866245,0.3896234565779671,0.0,0.0,0.41730347233446446
0.398662542789528,0.28382966474669014,0.3666124481861215,0.27771641788834167,0.41352050719301797,0.40618347266190474,0.357138002005306,0.451267803118337,0.44459925622758206,0.2957045672803132,0.43735344994304826,0.0,0.4121038563427368,0.3462791386593739,0.29376868919907434,0.2697399589388698,0.3663288200632691,0.3669287659682604,0.4085957266403528,0.34547439142391445,0.41947133383939744,0.28078638782328624,0.42428215142566544,0.29462663102700937,0.37440250554844967,0.32942271283069646,0.37569199865332725,0.28779005502334637,0.3364107654384849,0.0,0.3390703899897762,0.2628651852759429,0.25708727975980233,0.23996450671935413,0.2721598938863654,0.33146697689573545,0.29512357965421276,0.2226654158640792,0.2682666272322368,0.3069461358751799,0.2683265534959823,0.2974440225136856,0.3013168541228793,0.3227291660773633,0.26171917719609405,0.0,0.35972835704324463,0.0,0.0,0.0,0.0,0.3517884174647009,0.0,0.0,0.4127041382052717,0.381984354946159,0.4284943038079669,0.356572869876532,0.0,0.0,0.3671328182502663,0.4014082098358139,0.4185299997393363,0.0,0.0,0.0,0.0,0.4244188901860928,0.37529837415358963,0.4358370197536163,0.4225899647995835,0.0,0.35759227443632186,0.0,0.0,0.3987535489996445
0.3665405966745403,0.4402868208398556,0.47287111197542187,0.3430511513637512,0.3947689469792521,0.39670334338995766,0.374602276884439,0.44979781350120096,0.41010988497790535,0.42265302918076164,0.47837548520099876,0.4121038563427368,0.0,0.40225577588863154,0.0,0.48099769073762055,0.4596062159674484,0.4972476525789039,0.4807617500911811,0.4571548389945351,0.49550622463678456,0.4883031448814749,0.4431296483324779,0.46755179786354584,0.4277733446495406,0.4261974915696258,0.4465533891166926,0.3618832611083043,0.42478638809326685,0.40341331092763383,0.4324859391659637,0.4205652880409422,0.4121729933066056,0.4279894026549724,0.4306802554811071,0.36142841692411826,0.3820060972715963,0.3837528071906508,0.442666544642859,0.32579011106583694,0.36266070191453514,0.4334345941516058,0.34282804036162945,0.2845081852633158,0.376857696523703,0.0,0.32445823370890303,0.4603788388427391,0.0,0.3406563128345962,0.5021824062444232,0.4071711173572904,0.48267721161679333,0.42797073641596267,0.38922230960869336,0.3948987092301212,0.4029291436317556,0.39207605760398584,0.3539534144172423,0.3806878566941628,0.3179694450989609,0.0,0.33461512244535374,0.4141753593307686,0.44001265418335633,0.0,0.3389692842772467,0.5112905303002037,0.0,0.34711071168665925,0.37593670734373397,0.5088289024158349,0.44324603141838276,0.4717057444324852,0.42289279666636437,0.4197883568444551
0.5123456537145394,0.0,0.44533996463728776,0.2902158870327493,0.3476679290975717,0.4282687243749885,0.3512921983932451,0.37250257453941066,0.4498874168491094,0.0,0.3567395055308904,0.3462791386593739,0.40225577588863154,0.0,0.7073179899024533,0.0,0.0,0.0,0.42358916196850377,0.538177842883888,0.489803984373209,0.4595130508443871,0.41100387414721257,0.46101494983654,0.0,0.45999887095403075,0.48623134947876484,0.30365537569182693,0.423222818789748,0.0,0.0,0.23603152040824027,0.0,0.0,0.43331141160733566,0.25373091436934614,0.1880138014190049,0.34144339767828363,0.0,0.0,0.0,0.0,0.3647491346398891,0.0,0.0,0.0,0.0,0.4399913745448749,0.0,0.42991183473579947,0.0,0.0,0.412285643843791,0.5013542518194369,0.0,0.4288502355130424,0.0,0.0,0.0,0.0,0.0,0.0,0.0,0.42449698918475776,0.0,0.0,0.0,0.0,0.0,0.0,0.0,0.0,0.0,0.0,0.0,0.0
0.35915995056313677,0.42106044074501925,0.0,0.0,0.0,0.44627702645232514,0.0,0.0,0.0,0.2871653629313147,0.0,0.29376868919907434,0.0,0.7073179899024533,0.0,0.4243288891620578,0.0,0.40927239431737256,0.0,0.29953262749737397,0.3696220285999212,0.3521593429254222,0.4083421944986237,0.42091448292800476,0.4036958299550127,0.3708911540341686,0.43222813068228666,0.43445303309277294,0.42398307633562726,0.0,0.4005061987496237,0.42688331584910344,0.39742314933823986,0.4360862564451862,0.4773671353049189,0.5245659641665014,0.0,0.0,0.4733486781943411,0.46665857294179647,0.49580606318688136,0.505329799561979,0.0,0.0,0.0,0.0,0.4857535596685693,0.0,0.0,0.0,0.45096406438835723,0.0,0.0,0.0,0.0,0.0,0.0,0.0,0.0,0.5004811688940475,0.4533356318442792,0.0,0.36834572097704404,0.0,0.47560587527929127,0.4748812801284733,0.4888311771219841,0.5121752732957308,0.0,0.3855873085600573,0.5330386269396539,0.505407222894957,0.4824652372680778,0.48544944694676473,0.0,0.4690325012427894
0.4065782349142762,0.3930620269833752,0.0,0.0,0.4161827783200425,0.4388246559619062,0.48773192160515355,0.49402124318292107,0.41344292808768596,0.3508805652488491,0.0,0.2697399589388698,0.48099769073762055,0.0,0.4243288891620578,0.0,0.40469935355815706,0.36640361997116616,0.0,0.4319709384996032,0.4107692861868174,0.386134534822307,0.4581369077622765,0.33807843994437653,0.3891705796427814,0.4108049027309323,0.4601692341269683,0.49879795140512834,0.4646207915975202,0.454021485879365,0.37167331393061287,0.4533678030116254,0.41729221616206214,0.41143148036255206,0.45906255369143006,0.0,0.0,0.0,0.4489194854070416,0.4375827006397992,0.44629098520703253,0.4771718056444079,0.0,0.0,0.0,0.423583237263458,0.46247516068066824,0.0,0.0,0.0,0.32421601238353553,0.0,0.0,0.0,0.3416020703462765,0.0,0.0,0.3360396056057849,0.0,0.47442387102797284,0.46200208409547827,0.2843886127982881,0.42816858769116883,0.0,0.4436418334573071,0.0,0.45694216487256273,0.40990360084750344,0.0,0.4557235535246163,0.47110503666769,0.4171534087055128,0.0,0.41761104006598126,0.0,0.4330394014301249
0.3482638238409759,0.0,0.0,0.0,0.0,0.3477099711775001,0.42453927056770846,0.0,0.37435656742043194,0.3475967208745085,0.397745827724895,0.3663288200632691,0.4596062159674484,0.0,0.0,0.40469935355815706,0.0,0.36463145421699755,0.0,0.3871947098581412,0.0,0.3924371967397403,0.0,0.3709444613669935,0.3555020596574528,0.375052601034072,0.3373445575788017,0.4390884850866208,0.39071017335735314,0.0,0.34724834862664933,0.43561455397378057,0.35922706975317514,0.36749348389922853,0.38600585605027715,0.0,0.0,0.29102376293392057,0.0,0.3949059720872193,0.374985622347534,0.0,0.0,0.0,0.3140941632780523,0.4144373183835217,0.4046607988844972,0.0,0.0,0.0,0.0,0.22677539209550965,0.0,0.0,0.43663371389800104,0.0,0.4461585788871608,0.30741476359529135,0.0,0.0,0.0,0.4239151438949914,0.4327493809165178,0.0,0.0,0.0,0.0,0.0,0.4416494889993237,0.4370020825385743,0.4406810917561666,0.0,0.34190999310213455,0.0,0.0,0.36648316599105796
0.36552740572746323,0.3891921868180476,0.0,0.0,0.38782486690581647,0.4633789117810274,0.4610354543017628,0.4963530119798728,0.35401223216444594,0.38504898508780133,0.3857633136123392,0.3669287659682604,0.4972476525789039,0.0,0.40927239431737256,0.36640361997116616,0.36463145421699755,0.0,0.0,0.4283016189785038,0.404481923105254,0.4185784248762301,0.4547812882285149,0.3558851328632836,0.35866271734194677,0.3700149684983482,0.4663793189743238,0.49202039230620354,0.4699730239879958,0.4152377571024868,0.37957752853554105,0.49342324713297914,0.38831964772589267,0.3924666268556147,0.46006833139350917,0.0,0.0,0.2559657720598966,0.4348615785579623,0.40241088772701294,0.412674140280621,0.43488226492099147,0.0,0.0,0.0,0.39057131514843596,0.45272111555420114,0.0,0.0,0.0,0.0,0.0,0.0,0.0,0.41309014852435527,0.0,0.418177873548063,0.0,0.0,0.40269249304701576,0.44870434159940376,0.4081544255620872,0.40807426933276136,0.0,0.0,0.35819151305396385,0.4584372567215693,0.33382092145024317,0.4306045315866178,0.4176971854746226,0.42339368761542406,0.0,0.0,0.0,0.0,0.41246392475271015
0.0,0.0,0.24458252401927508,0.4301689997685538,0.35299337844069684,0.3275224525391319,0.47874606289172483,0.45196045469123275,0.24935019909147746,0.4745355619348162,0.2352105706526822,0.4085957266403528,0.4807617500911811,0.42358916196850377,0.0,0.0,0.0,0.0,0.0,0.0,0.0,0.0,0.304620871963472,0.3851611001556806,0.0,0.0,0.36075299654862136,0.47365054916100835,0.0,0.0,0.5042230632045057,0.4781865649514815,0.0,0.5172130582173011,0.5009434928974716,0.4397559363041207,0.4790601135149827,0.4495337313944906,0.4367601147004063,0.0,0.38014261679996475,0.0,0.42572542361590204,0.0,0.0,0.0,0.0,0.39593707067443834,0.0,0.45664715364626624,0.51566233853902,0.4843772739286008,0.510606825667041,0.565361998491349,0.0,0.4781574011196345,0.0,0.4293348310739443,0.47849474860749763,0.0,0.0,0.0,0.0,0.3930410797552857,0.0,0.0,0.0,0.5523964792380383,0.0,0.0,0.0,0.5689791426056209,0.4026518172212693,0.0,0.0,0.0
0.41340436903950606,0.4314038003810293,0.0,0.0,0.0,0.43256304588482747,0.4509398640668764,0.0,0.4192467598525418,0.33448473304972637,0.0,0.34547439142391445,0.4571548389945351,0.538177842883888,0.29953262749737397,0.4319709384996032,0.3871947098581412,0.4283016189785038,0.0,0.0,0.44679758731602726,0.3527483362700177,0.27745473673330295,0.3663672832473179,0.41586632170969035,0.4223766062125459,0.3951027195837086,0.41009264016128566,0.35606356457282795,0.24522374186753876,0.4008262503871736,0.4404741544788855,0.40060460865772773,0.45927127647599103,0.4948294399626597,0.5180659596785473,0.0,0.0,0.4735580670622539,0.4344746793115978,0.5129893349640786,0.4951205131730565,0.0,0.0,0.0,0.0,0.44437903862924966,0.0,0.0,0.0,0.4673021368701528,0.0,0.0,0.0,0.0,0.0,0.0,0.40609363765559997,0.0,0.4794609141182595,0.3743077817253531,0.0,0.34002695717308673,0.0,0.4705340522703836,0.47559082214655607,0.4617866916959406,0.5137317572439551,0.0,0.3365839574217241,0.4752102335690544,0.49768142477708865,0.4784542722536206,0.4956493985876412,0.4412408341207594,0.4629320888451961
0.37143003459725377,0.41339396077737073,0.4313657510092827,0.0,0.0,0.47626822113437833,0.0,0.4370920450222476,0.0,0.36903852755865146,0.0,0.41947133383939744,0.49550622463678456,0.489803984373209,0.3696220285999212,0.4107692861868174,0.0,0.404481923105254,0.0,0.44679758731602726,0.0,0.42032595400685396,0.4245765292768224,0.487565431800652,0.40838823336730606,0.39996507962814504,0.45907968109738295,0.4590422157355301,0.44852656125935075,0.0,0.3891921073154256,0.42708054514784216,0.39784976450684256,0.4159694848056616,0.4738050957109582,0.0,0.0,0.0,0.4432874822591375,0.403618130700268,0.4441855538035913,0.47761503405385025,0.0,0.0,0.0,0.0,0.46286257393759916,0.0,0.0,0.0,0.42604244453366086,0.0,0.23035974161909925,0.0,0.0,0.0,0.0,0.0,0.0,0.4773836439660397,0.4491017118887051,0.0,0.0,0.0,0.43980140170682624,0.40640089412632485,0.4629166104582007,0.45972082606780384,0.0,0.41588698317542466,0.4967339880088632,0.4789872161640297,0.44687649208758523,0.439467780646678,0.0,0.38517548280785835
0.40109347462657596,0.400914765454243,0.0,0.0,0.4531156531612469,0.43649790924274817,0.48491307332277084,0.4781194724836295,0.4344261883468243,0.31854337446338693,0.0,0.28078638782328624,0.4883031448814749,0.4595130508443871,0.3521593429254222,0.386134534822307,0.3924371967397403,0.4185784248762301,0.0,0.3527483362700177,0.42032595400685396,0.0,0.4426980020693854,0.3157602344673372,0.4126986933191475,0.3951937237667835,0.4347906377782561,0.4744560797244743,0.4490703084850033,0.3859657133503811,0.3874403700290919,0.4293188114051511,0.39106303934197745,0.4330672302172344,0.4749788831418455,0.5104456286992054,0.265171786818726,0.0,0.4588304751741848,0.4569578562333459,0.46820586663443553,0.4994119061984028,0.0,0.0,0.0,0.43834526380945865,0.4582494722055001,0.38778609515549495,0.0,0.0,0.42738245066631636,0.297193805553286,0.0,0.0,0.0,0.0,0.0,0.3195395784236475,0.0,0.5002073455624926,0.4619884060544285,0.0,0.39756987494471135,0.0,0.4657604109407377,0.5002586537945548,0.4748860224360499,0.5153996191513346,0.0,0.44819540346532516,0.4944497792371009,0.5107642526515687,0.39483861519136804,0.47950667787907525,0.0,0.43774486769934284
0.47295472533052274,0.44785833512455153,0.29812534553194026,0.3908147759604771,0.4056574269780551,0.4028612923422414,0.4330940362841521,0.4046027421322574,0.4080520707574283,0.4378077964532452,0.35067849372387083,0.42428215142566544,0.4431296483324779,0.41100387414721257,0.4083421944986237,0.4581369077622765,0.0,0.4547812882285149,0.304620871963472,0.27745473673330295,0.4245765292768224,0.4426980020693854,0.0,0.5409621650651681,0.4442205655370069,0.4509531092815184,0.34751644300816714,0.44221930790251723,0.4343476019054014,0.4370674685654749,0.4616105196696354,0.43864241177001634,0.43408265345174935,0.47987853049462226,0.5355298173330238,0.42721670615890345,0.4513731780604114,0.39531101729816204,0.5082670978771164,0.5062587750567255,0.5248627907002887,0.5418192071520429,0.4981608931500767,0.0,0.0,0.0,0.46701617173325877,0.5720117837606951,0.0,0.5118391169177755,0.5122435529980207,0.5255286296273819,0.48979497935630256,0.5633615780033898,0.0,0.5305510908662814,0.0,0.5186034391173213,0.4991367105284972,0.5044524318167498,0.37631547361387024,0.0,0.36688666547863347,0.5716148357366654,0.5022288258822716,0.5141211734251178,0.5035690715292319,0.5193994707911431,0.0,0.3584832781458874,0.48889623035401036,0.5172472144104792,0.5165755763187039,0.5083218391381897,0.5073012701750876,0.5191725451418707
0.38099410446669024,0.0,0.37647664647917545,0.0,0.43223633687309115,0.37345475755119395,0.3914355284821574,0.5494520380847261,0.409799704747,0.3280651513177196,0.42274353027301964,0.29462663102700937,0.46755179786354584,0.46101494983654,0.42091448292800476,0.33807843994437653,0.3709444613669935,0.3558851328632836,0.3851611001556806,0.3663672832473179,0.487565431800652,0.3157602344673372,0.5409621650651681,0.0,0.3430647217248517,0.32343670324093143,0.4554331198234541,0.31483454160120083,0.43641674569748484,0.0,0.35744371587708873,0.3231480406233327,0.291356114454835,0.27580761029668316,0.3244139956404541,0.43497991029610866,0.3168656215804503,0.26450479139058136,0.33927720110570214,0.3698516126894557,0.32184020786472445,0.0,0.0,0.0,0.2839990848187135,0.3945047712722293,0.4514278773016181,0.0,0.0,0.0,0.0,0.0,0.0,0.0,0.41212189931636567,0.0,0.419951272907318,0.0,0.0,0.0,0.4469957470578623,0.4453509562812643,0.44345119255110893,0.0,0.0,0.0,0.0,0.0,0.3745739987417267,0.4387184204699798,0.43810524773206316,0.0,0.47847268777220087,0.0,0.0,0.4160107640114314
0.37179288588383,0.38664502718396576,0.36269378388705126,0.0,0.3749434439828383,0.38550800360831666,0.4071414918688388,0.498205452602467,0.33073829174001296,0.34409922475163124,0.40803737324871925,0.37440250554844967,0.4277733446495406,0.0,0.4036958299550127,0.3891705796427814,0.3555020596574528,0.35866271734194677,0.0,0.41586632170969035,0.40838823336730606,0.4126986933191475,0.4442205655370069,0.3430647217248517,0.0,0.3583968444193498,0.4289956977202302,0.4416382434062055,0.4295380686888921,0.32408231281473115,0.37448449752242263,0.42406464094805557,0.3357876464939039,0.36701545617332204,0.41799720808680524,0.38117035721748954,0.0,0.2785122978647426,0.4499980751526099,0.41207557073826534,0.4252059240125967,0.4546408986977057,0.0,0.0,0.4001197423435383,0.4074439644942418,0.4635050053693507,0.0,0.0,0.0,0.3337281890557661,0.0,0.3943506709476197,0.0,0.43191913594015824,0.0,0.4368163251361158,0.35534982448591185,0.0,0.4467011352272729,0.45601453898838734,0.4304582554494832,0.42348878548341967,0.0,0.41462872875487355,0.412212671786957,0.48879170473150835,0.3659255485008861,0.43280006007392613,0.43386113367217394,0.43926318497765343,0.3656317258932559,0.36254876575178896,0.4310875607251396,0.0,0.4258559271012608
0.3380750189202936,0.40698020414357305,0.3756191803473616,0.0,0.3535350206463092,0.4158695202883844,0.396855263339682,0.508222713040612,0.3416260208129014,0.3528478229771414,0.354288020908953,0.32942271283069646,0.4261974915696258,0.45999887095403075,0.3708911540341686,0.4108049027309323,0.375052601034072,0.3700149684983482,0.0,0.4223766062125459,0.39996507962814504,0.3951937237667835,0.4509531092815184,0.32343670324093143,0.3583968444193498,0.0,0.4338533499991225,0.4497674220962187,0.4222156938308213,0.3472281341943397,0.3783487634676047,0.4264593391119249,0.3589783763352479,0.38619845838323297,0.4382271985293911,0.48309974822475105,0.4105891472307798,0.31032545662532385,0.4548027697793736,0.42817592396020376,0.4532852575757503,0.4726847499563544,0.0,0.0,0.37900583446433206,0.42203102371886897,0.48180669685030497,0.0,0.0,0.0,0.42874119987433695,0.34571082730470426,0.0,0.0,0.44192457943202074,0.0,0.43652316087071236,0.3619452299232569,0.0,0.5269607845088654,0.47714540647184517,0.44977681718733964,0.4390213006832433,0.0,0.47558837805729604,0.5006350841891783,0.48817884455128074,0.5139389012249831,0.43782896982521996,0.4497193236846869,0.46775043431105046,0.4987600814680893,0.3870728261008662,0.5004119344428725,0.0,0.4355025828402056
0.44062343716021785,0.4464418233713554,0.3240149514146709,0.4110084451531956,0.387854731494544,0.38529682969826323,0.4385817389915749,0.4817764964972965,0.32479278603088374,0.4208175601523295,0.3642692448611998,0.37569199865332725,0.4465533891166926,0.48623134947876484,0.43222813068228666,0.4601692341269683,0.3373445575788017,0.4663793189743238,0.36075299654862136,0.3951027195837086,0.45907968109738295,0.4347906377782561,0.34751644300816714,0.4554331198234541,0.4289956977202302,0.4338533499991225,0.0,0.44162051554088877,0.4112608435911939,0.4202935599256682,0.4248279194886229,0.44077553077285964,0.3998548383097533,0.4687464984357535,0.48959512858709,0.4884477892478388,0.4397561355711955,0.0,0.5030864441618697,0.47689909328397095,0.5299570723135033,0.5356477604856728,0.493004622758788,0.0,0.0,0.0,0.4159499908604838,0.5832099596404238,0.0,0.5383767975142609,0.5146816290359375,0.5453907393221076,0.5248212160823853,0.577712840476145,0.0,0.5543260940123866,0.0,0.5478863602205677,0.5182999470476125,0.4898283118440375,0.3428734974895251,0.0,0.3572249441367937,0.5771818288604124,0.49039861817113806,0.5083988060092882,0.49209920262693235,0.5213646287422424,0.0,0.3279448377833148,0.48078467988364254,0.5117690329795516,0.5304159554433453,0.5062974249973842,0.49888840135522955,0.5169367471436033
0.411505064197042,0.46624645797336867,0.4640295537000668,0.2386557864231612,0.3656278113448954,0.40028734805703564,0.37078723082994597,0.4448428701982401,0.466603285039563,0.360360220310934,0.4731989791626889,0.28779005502334637,0.3618832611083043,0.30365537569182693,0.43445303309277294,0.49879795140512834,0.4390884850866208,0.49202039230620354,0.47365054916100835,0.41009264016128566,0.4590422157355301,0.4744560797244743,0.44221930790251723,0.31483454160120083,0.4416382434062055,0.4497674220962187,0.44162051554088877,0.0,0.37090780242935245,0.31683744773653,0.3961644793838623,0.399390034763757,0.3236744283128078,0.3535170872578254,0.3445106997306342,0.27071105912083104,0.27664715299104925,0.22533269778535908,0.3860964983637917,0.2987302609056276,0.3185132816470959,0.3611458806369126,0.36816617953151837,0.23493662619090636,0.3353578000059394,0.0,0.33523917526058666,0.4115796071177738,0.0,0.32029783599237543,0.5093617739369221,0.3582549060396348,0.4803677745685319,0.3976090288388082,0.35753422621674413,0.3389212446788071,0.31994334962215226,0.41186616702952694,0.0,0.4532313439213437,0.3282432876307794,0.0,0.32363466886687936,0.35421930299165433,0.48405772453939366,0.0,0.0,0.5087406092201668,0.0,0.3607593577841173,0.40319847512393375,0.5018792484305773,0.425869782577975,0.5037470800933387,0.41449880267224803,0.42244947076110645
0.45654375018985643,0.4351615052364696,0.42835337928422423,0.0,0.4032704691239819,0.37426756551858,0.4335725652739004,0.4269427735046485,0.4342108144957663,0.35608952452436976,0.0,0.3364107654384849,0.42478638809326685,0.423222818789748,0.42398307633562726,0.4646207915975202,0.39071017335735314,0.4699730239879958,0.0,0.35606356457282795,0.44852656125935075,0.4490703084850033,0.4343476019054014,0.43641674569748484,0.4295380686888921,0.4222156938308213,0.4112608435911939,0.37090780242935245,0.0,0.3536703302010332,0.3966457840396146,0.43278877705652063,0.3876552112307882,0.4560169937535139,0.49544029747047447,0.5180768561711341,0.4207368355030177,0.0,0.4917501558880887,0.0,0.5173666003671029,0.5026222493894249,0.45447660887980573,0.0,0.0,0.0,0.43549225456464635,0.42652790852195693,0.0,0.0,0.4977086110571903,0.3992220717568524,0.4456479500921237,0.3845508732805985,0.0,0.3943846342476294,0.0,0.478980326481469,0.0,0.4715052846611984,0.34168717762184553,0.0,0.3324043362688639,0.40648865225406083,0.47678879652431155,0.47306239922188453,0.46087970520852517,0.5033428399829636,0.0,0.3264838731486433,0.45910903441696543,0.4964538690229081,0.5048329415388643,0.49145242688990876,0.46920607830924943,0.512872835135
0.0,0.0,0.41268495203188726,0.0,0.45211539212100804,0.42467104493149455,0.4463939391991981,0.4296745689106017,0.43836825959126297,0.0,0.0,0.0,0.40341331092763383,0.0,0.0,0.454021485879365,0.0,0.4152377571024868,0.0,0.24522374186753876,0.0,0.3859657133503811,0.4370674685654749,0.0,0.32408231281473115,0.3472281341943397,0.4202935599256682,0.31683744773653,0.3536703302010332,0.0,0.347598069636514,0.4023571900156854,0.0,0.3950110219743021,0.42619462352960774,0.4119265842300314,0.31769827899814146,0.31008647101876463,0.49800681435488503,0.0,0.47678712627958614,0.0,0.45061713380022894,0.0,0.0,0.0,0.0,0.43852690355741103,0.0,0.0,0.44365003717515183,0.0,0.3892576453687844,0.3861405611437194,0.0,0.0,0.0,0.3623562962051678,0.0,0.0,0.0,0.0,0.0,0.0,0.4835918347450796,0.0,0.0,0.5062504002211462,0.0,0.0,0.0,0.49787137865631487,0.4201899569442722,0.4528729080962429,0.0,0.47215825471942846
0.36830954483603534,0.3715880972113171,0.4777955562954221,0.25422739133080563,0.4584685353883766,0.4416855162848706,0.4272462055300842,0.4576604099118037,0.48144975692308956,0.3252932365481358,0.5004454652362733,0.3390703899897762,0.4324859391659637,0.0,0.4005061987496237,0.37167331393061287,0.34724834862664933,0.37957752853554105,0.5042230632045057,0.4008262503871736,0.3891921073154256,0.3874403700290919,0.4616105196696354,0.35744371587708873,0.37448449752242263,0.3783487634676047,0.4248279194886229,0.3961644793838623,0.3966457840396146,0.347598069636514,0.0,0.4288659634407195,0.3456278334420001,0.2867182096322736,0.3199265979332333,0.43466200695672996,0.324336812646904,0.2830186403747461,0.42737334423707546,0.3822045091627628,0.3761838440800273,0.5028009042425976,0.3937579394042168,0.0,0.3424885270826168,0.38312357468659713,0.42982038143980233,0.44396085873673263,0.0,0.0,0.5217918071167706,0.3770180073752417,0.4865431721400251,0.39710242231146986,0.38525583327122026,0.0,0.40834268611309144,0.3955696729356533,0.0,0.4741313386590773,0.4278918984934029,0.4058810283764133,0.4200022335309711,0.421315760171767,0.4767968004472944,0.0,0.44742750456565816,0.5188790560967605,0.4214713456794452,0.42707851369015626,0.4388991018537239,0.5144524339053168,0.4088620724139453,0.5206116761341886,0.0,0.4166055567888413
0.4276033684441842,0.41511049245409687,0.4699050365931815,0.2967548843435087,0.39917743445123777,0.4305737041648409,0.4101798414185162,0.38698683641310877,0.4649085082158415,0.30211699535127273,0.43727904868704814,0.2628651852759429,0.4205652880409422,0.23603152040824027,0.42688331584910344,0.4533678030116254,0.43561455397378057,0.49342324713297914,0.4781865649514815,0.4404741544788855,0.42708054514784216,0.4293188114051511,0.43864241177001634,0.3231480406233327,0.42406464094805557,0.4264593391119249,0.44077553077285964,0.399390034763757,0.43278877705652063,0.4023571900156854,0.4288659634407195,0.0,0.36422006188003997,0.4060679677928393,0.40351052825729655,0.31477516740938855,0.3186639046355262,0.26897645328806996,0.325613930189615,0.30247699614865625,0.36684295778470866,0.3670982184451672,0.3148824899439084,0.2886545018049295,0.27868450226320324,0.4350175051371941,0.4672408180988019,0.5019452717690034,0.0,0.4153142391195714,0.4944157851127968,0.3640687817740869,0.468653196142133,0.4986392413780584,0.31499888940111437,0.4352051341272913,0.27816645433790155,0.4990153222597805,0.0,0.4897761495791208,0.5049665202219018,0.4254619845091205,0.450050284735432,0.44935128522697654,0.4731686218863631,0.47076651525450947,0.47434085567173784,0.5048402388406875,0.28789634461257063,0.47777711673409634,0.47033702134800653,0.4990421189276787,0.3996514137067818,0.490140529584683,0.505502855517741,0.4677234601106233
0.3591601831152895,0.3504092081588382,0.39235045252313855,0.0,0.3735170791958425,0.41316669515916965,0.39622037241934654,0.5034780769083128,0.4295340162974133,0.31114341579359134,0.42805751870470593,0.25708727975980233,0.4121729933066056,0.0,0.39742314933823986,0.41729221616206214,0.35922706975317514,0.38831964772589267,0.0,0.40060460865772773,0.39784976450684256,0.39106303934197745,0.43408265345174935,0.291356114454835,0.3357876464939039,0.3589783763352479,0.3998548383097533,0.3236744283128078,0.3876552112307882,0.0,0.3456278334420001,0.36422006188003997,0.0,0.24066169608380125,0.47387067103338176,0.4998614044723614,0.25832887771965896,0.1771692995673191,0.31733047368522826,0.23508057603727292,0.24958769961902633,0.38915435577487884,0.3154097307550062,0.2926836074559453,0.2012607212817735,0.3997772058620474,0.46131695154129293,0.0,0.0,0.0,0.0,0.0,0.0,0.0,0.33104279578878465,0.0,0.3472387386764105,0.3161325744958101,0.0,0.5130971987083097,0.4636607660482199,0.4099825250821296,0.4338746871948314,0.0,0.45790813373178346,0.4828958229192732,0.47146319321636365,0.47752132071979214,0.31369971488847687,0.42856435273688215,0.4387290088040634,0.0,0.32766765335205095,0.0,0.0,0.36260062081408706
0.38328428024711625,0.3900460901447333,0.49695059247982065,0.2988849674617409,0.44332104911688736,0.4451431489555008,0.412183489436754,0.47426058222288614,0.48313731006580773,0.2998097384369554,0.4919364234576875,0.23996450671935413,0.4279894026549724,0.0,0.4360862564451862,0.41143148036255206,0.36749348389922853,0.3924666268556147,0.5172130582173011,0.45927127647599103,0.4159694848056616,0.4330672302172344,0.47987853049462226,0.27580761029668316,0.36701545617332204,0.38619845838323297,0.4687464984357535,0.3535170872578254,0.4560169937535139,0.3950110219743021,0.2867182096322736,0.4060679677928393,0.24066169608380125,0.0,0.36777145217899143,0.4664658363832341,0.33247204411744175,0.17983730730272104,0.3532954251740361,0.2960849452089464,0.26621429898702487,0.37695314690222576,0.30421425947082914,0.27801288847614886,0.23690520028827966,0.3901337265590455,0.4555223499213866,0.4236330623988545,0.0,0.0,0.5524226872692433,0.29914832045102857,0.5040314250654447,0.409624649917483,0.36671365018180335,0.3705241352775066,0.3479856024520263,0.3489029728122309,0.0,0.5167560273756764,0.45145065929397366,0.40131015216829297,0.4244737772273,0.3808529723564541,0.49058417571227986,0.4871835516702364,0.47933398513762243,0.5285593718821422,0.2975991423306268,0.42734708285082396,0.4510359261606332,0.5202514233843216,0.3212197621999986,0.5272085515298568,0.4835540912162823,0.381459172527689
0.46293462140964825,0.4543237693857738,0.46357175394290867,0.32353367945486333,0.4381191372839897,0.4472428573160658,0.3986342641457314,0.489916778977334,0.48441264973415143,0.32149470073621045,0.46213003568352845,0.2721598938863654,0.4306802554811071,0.43331141160733566,0.4773671353049189,0.45906255369143006,0.38600585605027715,0.46006833139350917,0.5009434928974716,0.4948294399626597,0.4738050957109582,0.4749788831418455,0.5355298173330238,0.3244139956404541,0.41799720808680524,0.4382271985293911,0.48959512858709,0.3445106997306342,0.49544029747047447,0.42619462352960774,0.3199265979332333,0.40351052825729655,0.47387067103338176,0.36777145217899143,0.0,0.47474631605376033,0.3590921875649301,0.220891007689564,0.34340565201706796,0.33329662850990055,0.2986366776959963,0.3723156157172824,0.31061253126372623,0.3061763142102083,0.27375825360329287,0.5386591439087736,0.48165064707428906,0.0,0.0,0.0,0.4811396058672868,0.2801105686940335,0.0,0.3275914890364073,0.3152841458368148,0.3606162104619524,0.2723536671097813,0.28869757044291616,0.0,0.5389915393099965,0.4784032009253039,0.3813002020205619,0.43718682963761046,0.0,0.49419416078337564,0.0,0.5056958725210668,0.5439523652840239,0.21892938838343387,0.45626021680207257,0.48138349199494745,0.5318013656775972,0.28459422090089365,0.5074777099160277,0.0,0.2515324118071986
