0.0,0.28789593519166806,0.0,0.0,0.0,0.29590129412509747,0.2132201642630746,0.3689791508385222,0.2140879716078963,0.26214535295723873,0.0,0.27900653885845794,0.256525788737742,0.3585683935637171,0.2513603961937803,0.2845463867883427,0.24373467198492663,0.25581670055160677,0.0,0.28932370056038037,0.25994769324433065,0.28070784210433036,0.3310003995556917,0.26664116891676354,0.26020163704572113,0.23660397147784543,0.30837314005417743,0.2879944598782109,0.31951507329140094,0.0,0.2577637984602138,0.29926096141120495,0.25136055894689674,0.26824396313315285,0.3239877655259097,0.0,0.0,0.2909914682248212,0.3071355865426513,0.2910728515731493,0.28715589619082593,0.0,0.0,0.0,0.0,0.2103120584257227,0.31118941659724925,0.0,0.0,0.0,0.2491718181554619,0.0,0.0,0.0,0.27901501737287776,0.0,0.3033382808571975,0.25891020499977485,0.0,0.0,0.31299451255914695,0.0,0.29785890656278274,0.0,0.31318822953746045,0.21975744802159286,0.3099497234310674,0.3126832825209749,0.2999839840227626,0.29445260214987545,0.3140202441779158,0.2836249048409404,0.0,0.0,0.0,0.24585812504409255
0.28789593519166806,0.0,0.0,0.0,0.2768351692096177,0.28619000697467883,0.30040403308879093,0.3235728357271357,0.2703871355523786,0.2020393926916876,0.0,0.19864001225753142,0.3081375569622462,0.0,0.2946818514738339,0.2750869819320333,0.0,0.2723786494588881,0.0,0.3019207180902419,0.28931641627133337,0.2805827713432652,0.313436529822121,0.0,0.2705960034434074,0.2848277075329729,0.3124451749816432,0.32630557559766343,0.3045505719471706,0.0,0.26005831437909827,0.2905177419805739,0.24523613296708868,0.272976259181716,0.3179614054796589,0.0,0.0,0.0,0.33033253269074775,0.31838005611731235,0.3200490711184951,0.3395220749635814,0.0,0.0,0.0,0.3125370355936426,0.32649881194394714,0.0,0.0,0.0,0.2845552585064874,0.235549059540637,0.0,0.0,0.23433640305853284,0.0,0.0,0.22188780943957387,0.0,0.3482414026842169,0.3286373689024734,0.26604987667953134,0.3235180731163491,0.0,0.3230445043305442,0.33582928831247644,0.32365110769997923,0.35398399945143283,0.0,0.3318211666756384,0.34394362849884647,0.32849450577601036,0.2403106685627649,0.3319312299653442,0.0,0.3099575808051665
0.0,0.0,0.0,0.27488986952452416,0.25762067960798496,0.2728250796961098,0.3331539608458246,0.33204923310530166,0.18854219086685253,0.2974378999348196,0.20693887458573698,0.2565760744792058,0.3309418822125628,0.31167403207578587,0.0,0.0,0.0,0.0,0.1711726489636892,0.0,0.3018940889932556,0.0,0.20864493619297064,0.26347959695488393,0.2538335721227479,0.26287949378002395,0.22676394300812502,0.324754060915731,0.2997858613105576,0.28882021195097374,0.33438828617093475,0.3288660553224778,0.27458898197973897,0.3477940611658008,0.32443366681790287,0.30792845734536733,0.31472946313480304,0.24924483439509332,0.30221861479226464,0.0,0.29724036676942206,0.0,0.30126565169061315,0.0,0.0,0.0,0.0,0.27125889560774835,0.0,0.3404680029083632,0.37553487614406444,0.3600424744933545,0.34922556365064017,0.38988590997228967,0.0,0.315862466662563,0.0,0.33384810633492895,0.3386023559699511,0.0,0.0,0.0,0.0,0.24121627026117184,0.0,0.27042172607497567,0.0,0.38933109300658697,0.0,0.0,0.0,0.3570543174196347,0.3121935030021443,0.0,0.0,0.3344729187831755
0.0,0.0,0.27488986952452416,0.0,0.19859361644958093,0.2875963387179407,0.20367091845883764,0.21736388224787279,0.3094742562502939,0.0,0.2785810653693294,0.19436161721394285,0.2400865497011107,0.20310945090593444,0.0,0.0,0.0,0.0,0.3010565349576696,0.0,0.0,0.0,0.2735142288826555,0.0,0.0,0.0,0.28764689785348374,0.167024783624138,0.0,0.0,0.1779226712444629,0.20768581013575788,0.0,0.20917656247516828,0.22642712173864743,0.1359849786082638,0.12655826590055655,0.0,0.20740447236583073,0.0,0.20894278944072509,0.0,0.0,0.15833259087860746,0.0,0.0,0.0,0.0,0.0,0.0,0.22619484526772862,0.0,0.0,0.0,0.0,0.0,0.0,0.0,0.0,0.0,0.0,0.0,0.0,0.0,0.0,0.0,0.0,0.23681011538136792,0.0,0.0,0.0,0.2711896135207701,0.0,0.0,0.0,0.0
0.0,0.2768351692096177,0.25762067960798496,0.19859361644958093,0.0,0.26337870016401305,0.26719835571564643,0.27794504297315986,0.24269529678222554,0.3421672716504585,0.22438388887770275,0.28940498059239456,0.27628158084475163,0.24331763122479455,0.0,0.29126818812490174,0.0,0.27142172184398233,0.24704468112191977,0.0,0.0,0.31711589758723085,0.2839019534451929,0.30250337409674355,0.262406575348994,0.24742375289533025,0.27144262276804954,0.25588697006728706,0.2822314256734941,0.31641585847936976,0.32086214656426826,0.2793668890920553,0.26140832479958287,0.31026108109309997,0.30662048971526923,0.20324202385144624,0.2735502293756801,0.2877213944630196,0.2686210767776252,0.0,0.25407744279484346,0.0,0.2596030334924825,0.0,0.0,0.0,0.0,0.3565368229620379,0.0,0.27105824691670183,0.3293760058026562,0.2663188476212511,0.3107585305783525,0.3363597454057165,0.0,0.3026955713851807,0.0,0.24252979495207042,0.280596374125844,0.0,0.0,0.0,0.0,0.33371905926690737,0.0,0.0,0.0,0.3594020404867078,0.0,0.0,0.0,0.36011965589459366,0.2586240633369728,0.0,0.0,0.0
0.29590129412509747,0.28619000697467883,0.2728250796961098,0.2875963387179407,0.26337870016401305,0.0,0.28248349772203757,0.3069575283101552,0.2243983316216386,0.27087519241599267,0.2709516302345357,0.28427010989276214,0.27763538058614373,0.2997266150290836,0.3123298408003292,0.3071142514894457,0.2433470546442238,0.3242987049934084,0.22921869017832677,0.30273202349515604,0.3333193708573016,0.30548586286690266,0.28194506067703407,0.26136470859664673,0.2698002501975104,0.29104895248121426,0.26965245878141963,0.2801436692515825,0.2619335574685526,0.2972087559836167,0.30911644294511303,0.30133976992647,0.28915736297003214,0.31153628935788663,0.3130057837282236,0.30415097105145644,0.31173063422018144,0.2766802311860396,0.349871294538783,0.0,0.3728824578403906,0.3471164317489476,0.3233773904431087,0.2270450235034954,0.0,0.0,0.2541893412497251,0.38728734856503827,0.0,0.3401687634577065,0.35405315374822016,0.3677248247372228,0.33412441223073797,0.38452961501453575,0.0,0.3441843361955211,0.0,0.361817262901231,0.2878044041902883,0.32477870691160404,0.2149430876259593,0.0,0.0,0.3780019800650279,0.32815491792470647,0.0,0.3056984097395983,0.3618236884029088,0.0,0.22043027842197987,0.2985483692483631,0.35927869369157256,0.3693345415944335,0.34128052496381045,0.333614882137447,0.36906264494658975
0.2132201642630746,0.30040403308879093,0.3331539608458246,0.20367091845883764,0.26719835571564643,0.28248349772203757,0.0,0.30780783438375536,0.2999252583167317,0.25759225259903873,0.33186665970596546,0.2499453225203852,0.2621678073658503,0.245854099348941,0.0,0.341342315196343,0.29711653284950185,0.32265862123816885,0.3350535043119242,0.3155931576271168,0.0,0.33936952613687543,0.3031036405335816,0.27394866651843086,0.28494058578251164,0.27774170273785515,0.3069442444889187,0.25949782290279616,0.3034385421178611,0.3124116629364778,0.29901099865379527,0.2870669942124734,0.2772973702530524,0.2884692601357966,0.2789867478681279,0.22776286743594193,0.2324576168921936,0.2799269295715536,0.2656210310329036,0.0,0.19811103420509404,0.0,0.25408773344799424,0.0,0.0,0.0,0.2406072376582259,0.3432688185490023,0.0,0.2537012225763205,0.32834186511335367,0.2903598929112575,0.28421217183536773,0.31235584866994826,0.0,0.25682418874008067,0.0,0.2675780181397431,0.2598475926238667,0.0,0.22776247236461625,0.0,0.0,0.28598228273635073,0.0,0.0,0.0,0.35624384537489445,0.0,0.23734831670956832,0.2325175939682724,0.34742777372204,0.2582173795322924,0.27180652773338065,0.2961360242167465,0.26916941293254504
0.3689791508385222,0.3235728357271357,0.33204923310530166,0.21736388224787279,0.27794504297315986,0.3069575283101552,0.30780783438375536,0.0,0.34497163192153535,0.30344580286718403,0.26220515096061187,0.31582266787672364,0.31479388620999077,0.2606983172055254,0.0,0.3457439372622193,0.0,0.3473758406181338,0.316307424524881,0.0,0.30590167260485845,0.33461498099387854,0.28316382548776436,0.3845375347833454,0.3486722830752916,0.35568292707543814,0.33717437271760553,0.3113261373426765,0.2987986398036177,0.30071050434888263,0.3202965747636063,0.2708352208258727,0.3523623630310893,0.3319143118817241,0.3428714016488751,0.17117089315629092,0.14461376426004227,0.0,0.30969323785633274,0.0,0.3404127660434932,0.34196132435998894,0.24654575690243352,0.0,0.0,0.0,0.0,0.37212810001999524,0.0,0.31490407532880554,0.3090225864290355,0.3222147550754515,0.24373288385319683,0.37927351869216913,0.0,0.31966825114132186,0.0,0.32735755858436505,0.32404464554779755,0.0,0.0,0.0,0.0,0.3616695174817764,0.31471276808177234,0.15352725691214525,0.0,0.32414342584749245,0.0,0.0,0.0,0.33794635975718157,0.317796096911169,0.30103116635223254,0.2896836301286835,0.32383720709639535
0.2140879716078963,0.2703871355523786,0.18854219086685253,0.3094742562502939,0.24269529678222554,0.2243983316216386,0.2999252583167317,0.34497163192153535,0.0,0.35493422391238777,0.2003251171323831,0.31115564254199807,0.28701803474858917,0.3148565956880248,0.0,0.28935068635768924,0.26199584602070447,0.24775773243864796,0.17450933695797416,0.2934125352625263,0.0,0.30403595570329534,0.2855778602610348,0.28680095312350934,0.23146931587966552,0.23908916293978666,0.22730831555578226,0.3265553033097612,0.30388522493154074,0.30679483956067577,0.3369457019298519,0.3253692028740007,0.30061213770059203,0.33812674682610666,0.3390193014770745,0.3296787185429917,0.34204409390862944,0.3196318017930955,0.34676620847121725,0.0,0.2744121332920524,0.28030739192923665,0.31286536688545824,0.21538443757314446,0.2658528699209879,0.0,0.21931154085489343,0.38728324727027647,0.0,0.33364585128776936,0.3760096844411057,0.3589473999222557,0.36638658782649997,0.3999456751033423,0.0,0.36425863445281875,0.0,0.32951106338907976,0.34740534631739134,0.0,0.0,0.0,0.0,0.3897865552828514,0.0,0.0,0.0,0.38966907440615783,0.0,0.0,0.2280082732895399,0.3897850897284958,0.3296999762561948,0.2808978617930413,0.347694181428976,0.3039082451799954
0.26214535295723873,0.2020393926916876,0.2974378999348196,0.0,0.3421672716504585,0.27087519241599267,0.25759225259903873,0.30344580286718403,0.35493422391238777,0.0,0.34430816928477276,0.20695073899901234,0.29579643471050654,0.0,0.20097452203779917,0.24556601525131364,0.24326779569292814,0.2694790031403257,0.33210675819771124,0.23409128687183708,0.2582739816966462,0.22293462476670345,0.3064025958369442,0.2295985014011143,0.24082005058728867,0.24694281319669564,0.2945118699324328,0.25220041267911697,0.24921153882708874,0.0,0.22765855906175955,0.21143851793414495,0.21775571620481904,0.20982376937658911,0.22500012939791547,0.2638057394503269,0.2003231505584308,0.1869565081707061,0.1891784108836037,0.21760237312909725,0.2042798076782383,0.0,0.0,0.0,0.2164938241401957,0.0,0.2538919114548697,0.0,0.0,0.0,0.0,0.23410885883005872,0.0,0.0,0.2817022375461452,0.0,0.2911263584729744,0.25105309475818893,0.0,0.0,0.2597799546869212,0.2908065081098233,0.2825078795814788,0.0,0.0,0.0,0.0,0.2574803943195163,0.2539394523345266,0.30215412452182894,0.2964769843842038,0.0,0.2569115628239573,0.0,0.0,0.271830966849617
0.0,0.0,0.20693887458573698,0.2785810653693294,0.22438388887770275,0.2709516302345357,0.33186665970596546,0.26220515096061187,0.2003251171323831,0.34430816928477276,0.0,0.30608461851616187,0.3347941531370077,0.24966643220554394,0.0,0.0,0.2783649699377538,0.26997893054219446,0.16461362725861658,0.0,0.0,0.0,0.24542459419782928,0.2958597724806846,0.2855675741152483,0.2479507449612758,0.25493616859551416,0.3311713421675527,0.0,0.0,0.3502399702916134,0.30603254831970433,0.2995788013853927,0.34428486279886206,0.32342467104231754,0.2526833142076839,0.32397670912159654,0.3254686272485274,0.26806165237043966,0.0,0.2559984252129635,0.0,0.2719401368425045,0.0,0.0,0.0,0.0,0.2568455989664484,0.0,0.2874086806944742,0.31280949395918217,0.3090714943281696,0.2967033476510985,0.29894598199044525,0.0,0.2425502250649853,0.0,0.2946869909823269,0.3216778080691378,0.0,0.0,0.0,0.0,0.20754198244848132,0.0,0.0,0.0,0.37003836507465643,0.0,0.0,0.0,0.31655503528415835,0.27268047636790116,0.0,0.0,0.2920525130225843
0.27900653885845794,0.19864001225753142,0.2565760744792058,0.19436161721394285,0.28940498059239456,0.28427010989276214,0.2499453225203852,0.31582266787672364,0.31115564254199807,0.20695073899901234,0.30608461851616187,0.0,0.2884135284039292,0.24234567732451084,0.20559590230098934,0.1887792412318239,0.25637757551733636,0.2567974515089022,0.2859583413194344,0.2417824698075709,0.29356970480835776,0.19651015537344738,0.2969365863679646,0.20619633839483234,0.26202799611439065,0.2305485995376806,0.26293045613874183,0.2014117168071658,0.23543923299879616,0.0,0.23730058830829287,0.18396788676720047,0.17992418251390008,0.16794069992171545,0.19047284823397417,0.2319792908619979,0.20654413108058683,0.15583382017536213,0.1877481205823098,0.21481822291924002,0.18779006036254933,0.20816810790647625,0.2108785339608077,0.22586407788870114,0.18316584565838417,0.0,0.25175819911644753,0.0,0.0,0.0,0.0,0.24620138145042383,0.0,0.0,0.2888336395175378,0.2673342020694301,0.2998844882428362,0.24954981117351105,0.0,0.0,0.25694025880790317,0.2809281115602264,0.2929109060977245,0.0,0.0,0.0,0.0,0.2970322838669262,0.26265497550664324,0.3050233351168904,0.29575229869864383,0.0,0.2502632479963772,0.0,0.0,0.2790702301386107
0.256525788737742,0.3081375569622462,0.3309418822125628,0.2400865497011107,0.27628158084475163,0.27763538058614373,0.2621678073658503,0.31479388620999077,0.28701803474858917,0.29579643471050654,0.3347941531370077,0.2884135284039292,0.0,0.2815212861012703,0.0,0.3366293205089637,0.32165835961822675,0.34800196058243077,0.3364641959334807,0.31994274771281894,0.34678321106209115,0.3417420894719161,0.3101271280258787,0.32721912609639814,0.2993799203492907,0.2982770494587877,0.3125232549844543,0.2532663225547755,0.2972894796355603,0.2823313944264207,0.30267805986315194,0.29433531567640414,0.2884619143517567,0.2995311299308741,0.3014143405489173,0.25294799693365827,0.26734941857541167,0.2685718647212048,0.30980302193688164,0.22800629988150328,0.2538104194919897,0.3033419821425384,0.23993040403453353,0.19911487919527665,0.2637462772738112,0.0,0.22707417696636337,0.32219908469555497,0.0,0.23841050658838422,0.3514555796024212,0.28496131937071645,0.33780474397403176,0.29951806624371863,0.27239973108722476,0.2763723957887294,0.28199254683741415,0.2743969449347298,0.24771656846082374,0.26642683944791473,0.2225329566180049,0.0,0.23418254072709843,0.28986328306329995,0.3079456796683198,0.0,0.23722982882656612,0.3578299586712829,0.0,0.24292765904400596,0.2631017170860614,0.35610717259971103,0.31020857947539987,0.3301262922592714,0.29596423752393547,0.2937915753928394
0.3585683935637171,0.0,0.31167403207578587,0.20310945090593444,0.24331763122479455,0.2997266150290836,0.245854099348941,0.2606983172055254,0.3148565956880248,0.0,0.24966643220554394,0.24234567732451084,0.2815212861012703,0.0,0.49502103421638305,0.0,0.0,0.0,0.29645159324933557,0.37664721692355807,0.34279246162135546,0.32159315740899547,0.2876436988056136,0.32264427105660193,0.0,0.3219331617303221,0.3402921301642563,0.2125151632875373,0.2961952056247951,0.0,0.0,0.16518817421322193,0.0,0.0,0.30325577204844706,0.17757520865700607,0.1315826654405113,0.23896135296709986,0.0,0.0,0.0,0.0,0.2552720225366664,0.0,0.0,0.0,0.0,0.3079307869767734,0.0,0.30087655635922356,0.0,0.0,0.28854075355310416,0.35087599041368284,0.0,0.30013358933070927,0.0,0.0,0.0,0.0,0.0,0.0,0.0,0.29708694195231683,0.0,0.0,0.0,0.0,0.0,0.0,0.0,0.0,0.0,0.0,0.0,0.0
0.2513603961937803,0.2946818514738339,0.0,0.0,0.0,0.3123298408003292,0.0,0.0,0.0,0.20097452203779917,0.0,0.20559590230098934,0.0,0.49502103421638305,0.0,0.296969296072703,0.0,0.28643191153549136,0.0,0.20962983150725373,0.258682348644807,0.24646097601440317,0.2857809052230852,0.2945797019589595,0.2825291171807058,0.25957055422416475,0.3024976309414485,0.3040547431710149,0.29672727674698424,0.0,0.28029683331319344,0.29875702798183434,0.2781391413981696,0.305197765014881,0.33408845299147877,0.36712085625339047,0.0,0.0,0.3312761099954994,0.3265939969029314,0.34699305499549277,0.3536583030130855,0.0,0.0,0.0,0.0,0.33995774589953026,0.0,0.0,0.0,0.31561009437740284,0.0,0.0,0.0,0.0,0.0,0.0,0.0,0.0,0.3502649577256233,0.3172698510801926,0.0,0.25778911656464737,0.0,0.3328558238602299,0.3323487112940762,0.3421116362239116,0.3584491517342529,0.0,0.26985575227689984,0.3730505036657389,0.35371248822950924,0.33765639236580675,0.3397449106596308,0.0,0.3282554058582941
0.2845463867883427,0.2750869819320333,0.0,0.0,0.29126818812490174,0.3071142514894457,0.341342315196343,0.3457439372622193,0.28935068635768924,0.24556601525131364,0.0,0.1887792412318239,0.3366293205089637,0.0,0.296969296072703,0.0,0.2832314396141527,0.2564299247128822,0.0,0.3023176333419503,0.2874795209161391,0.2702387320881818,0.3206300548420297,0.23660636570350313,0.27236352753862103,0.28750444738309544,0.3220523914901527,0.34908694716450245,0.32516784255234066,0.31774985042789267,0.260117953846948,0.31729236627810786,0.2920446353180957,0.28794296175944273,0.3212778740855795,0.0,0.0,0.0,0.3141791826569085,0.30624506108742483,0.312339609924387,0.3339517502751056,0.0,0.0,0.0,0.2964474468064894,0.3236662089862932,0.0,0.0,0.0,0.22690465681742836,0.0,0.0,0.0,0.2390724010520249,0.0,0.0,0.23517947440808354,0.0,0.3320285905998168,0.32333512330233294,0.1990311956383096,0.29965653372831785,0.0,0.3104855840722719,0.0,0.31979390636378957,0.28687366547616605,0.0,0.3189410533918873,0.3297058830752328,0.291947490028878,0.0,0.2922677662732022,0.0,0.3030654039803893
0.24373467198492663,0.0,0.0,0.0,0.0,0.2433470546442238,0.29711653284950185,0.0,0.26199584602070447,0.24326779569292814,0.2783649699377538,0.25637757551733636,0.32165835961822675,0.0,0.0,0.2832314396141527,0.0,0.2551896631375299,0.0,0.2709807023903389,0.0,0.2746496904763805,0.0,0.2596078617031247,0.24880039777011217,0.2624829696117798,0.23609275342050423,0.3072988939954149,0.27344102207960597,0.0,0.2430239851396983,0.3048676410132706,0.25140736998964425,0.2571926729767839,0.2701486754238226,0.0,0.0,0.20367484803964994,0.0,0.27637747874587654,0.26243609414819224,0.0,0.0,0.0,0.2198208157672813,0.2900466167874062,0.28320445687837975,0.0,0.0,0.0,0.0,0.15871021341536445,0.0,0.0,0.3055809066263636,0.0,0.3122469445117502,0.215146195036426,0.0,0.0,0.0,0.2966797337924709,0.302862431262829,0.0,0.0,0.0,0.0,0.0,0.30909122901812963,0.30583871178335476,0.3084134899931318,0.0,0.2392879027687063,0.0,0.0,0.25648559550536415
0.25581670055160677,0.2723786494588881,0.0,0.0,0.27142172184398233,0.3242987049934084,0.32265862123816885,0.3473758406181338,0.24775773243864796,0.2694790031403257,0.26997893054219446,0.2567974515089022,0.34800196058243077,0.0,0.28643191153549136,0.2564299247128822,0.2551896631375299,0.0,0.0,0.2997496365284443,0.2830792695163992,0.2929447967405322,0.3182816029777296,0.24906849401146058,0.251012404333098,0.2589573501542851,0.32639855922177413,0.34434362893633874,0.3289136367370256,0.2906068089614291,0.26564976916093347,0.34532542588922227,0.27176799737600765,0.2746702873318334,0.32198177406463085,0.0,0.0,0.17913928815321017,0.30434066633653534,0.2816298421167413,0.28881264527746914,0.3043551438204493,0.0,0.0,0.0,0.2733438412710179,0.3168397779111231,0.0,0.0,0.0,0.0,0.0,0.0,0.0,0.2891037913164442,0.0,0.29266446832310666,0.0,0.0,0.28182692540705584,0.3140286128825177,0.28564949392790406,0.28559339607643386,0.0,0.0,0.2506826289883529,0.3208402559885825,0.23362671406414368,0.3013613446954255,0.29232805569025,0.2963147892689396,0.0,0.0,0.0,0.0,0.28866552459127093
0.0,0.0,0.1711726489636892,0.3010565349576696,0.24704468112191977,0.22921869017832677,0.3350535043119242,0.316307424524881,0.17450933695797416,0.33210675819771124,0.16461362725861658,0.2859583413194344,0.3364641959334807,0.29645159324933557,0.0,0.0,0.0,0.0,0.0,0.0,0.0,0.0,0.21319087204900636,0.26955746759004295,0.0,0.0,0.2524752996495762,0.33148737632868014,0.0,0.0,0.3528837464711872,0.33466193608804884,0.0,0.3619748778399602,0.35058851814623365,0.30776601401313325,0.3352732946559289,0.31460906665294847,0.30566936903906294,0.0,0.2660452498090605,0.0,0.29794666967203154,0.0,0.0,0.0,0.0,0.2770990997088816,0.0,0.3195874408639274,0.3608895967218759,0.33899454349254715,0.3573514635963118,0.3956722226709168,0.0,0.3346415255931813,0.0,0.30047273664374086,0.33487762039738006,0.0,0.0,0.0,0.0,0.2750723218800328,0.0,0.0,0.0,0.38659822081948436,0.0,0.0,0.0,0.3982037041911359,0.2817984581693833,0.0,0.0,0.0
0.28932370056038037,0.3019207180902419,0.0,0.0,0.0,0.30273202349515604,0.3155931576271168,0.0,0.2934125352625263,0.23409128687183708,0.0,0.2417824698075709,0.31994274771281894,0.37664721692355807,0.20962983150725373,0.3023176333419503,0.2709807023903389,0.2997496365284443,0.0,0.0,0.31269415866132116,0.24687318678629155,0.1941784779783353,0.25640449422351785,0.2910467139353894,0.2956029783223463,0.2765151737438576,0.2870059658530149,0.24919337058841268,0.17162140938960352,0.28052082350556,0.30826866361167393,0.2803657061188936,0.3214239500657651,0.3463095589648593,0.3625717864008311,0.0,0.0,0.33142265213839306,0.30406989241616705,0.3590188780168222,0.3465132684190232,0.0,0.0,0.0,0.0,0.3110015218426303,0.0,0.0,0.0,0.3270443992480538,0.0,0.0,0.0,0.0,0.0,0.0,0.2842072382871128,0.0,0.3355537975301397,0.2619617030389372,0.0,0.23797004798999155,0.0,0.32930627598067125,0.3328452888286865,0.32318437954930584,0.3595384670136473,0.0,0.2355604425196693,0.3325789314704186,0.3483055388389224,0.3348492927613754,0.3468834122703704,0.30880522927895665,0.323985993094426
0.25994769324433065,0.28931641627133337,0.3018940889932556,0.0,0.0,0.3333193708573016,0.0,0.30590167260485845,0.0,0.2582739816966462,0.0,0.29356970480835776,0.34678321106209115,0.34279246162135546,0.258682348644807,0.2874795209161391,0.0,0.2830792695163992,0.0,0.31269415866132116,0.0,0.2941678162167992,0.2971426085961709,0.34122579623826843,0.285813125820772,0.2799181276235706,0.32128986081054517,0.3212636404366307,0.3139041921706841,0.0,0.2723785938184679,0.29889506017221157,0.27843771076158025,0.2911189132901205,0.3315955367234148,0.0,0.0,0.0,0.3102375891122993,0.282474738858663,0.3108661102457674,0.33426194652172797,0.0,0.0,0.0,0.0,0.323937342640255,0.0,0.0,0.0,0.2981685387957037,0.0,0.16121874343084594,0.0,0.0,0.0,0.0,0.0,0.0,0.3341000066839031,0.3143067150294798,0.0,0.0,0.0,0.3077978332669762,0.2844222736998681,0.3239751604459597,0.3217385702324336,0.0,0.29106117399477177,0.3476424691368125,0.33522227697706947,0.3127493806720417,0.30756434642712677,0.0,0.26956753338146555
0.28070784210433036,0.2805827713432652,0.0,0.0,0.31711589758723085,0.30548586286690266,0.33936952613687543,0.33461498099387854,0.30403595570329534,0.22293462476670345,0.0,0.19651015537344738,0.3417420894719161,0.32159315740899547,0.24646097601440317,0.2702387320881818,0.2746496904763805,0.2929447967405322,0.0,0.24687318678629155,0.2941678162167992,0.0,0.30982503761870395,0.22098682638057232,0.28882982887904307,0.27657886360537237,0.30429101797661856,0.3320511320627522,0.314284737155878,0.2701205812976976,0.27115262923742295,0.30046152517573493,0.273687977603348,0.30308488013563,0.33241701938932033,0.357238648863943,0.18558217665878246,0.0,0.321115452445997,0.3198048880633279,0.32767688032297887,0.3495166273664308,0.0,0.0,0.0,0.30677874581521214,0.3207088337899654,0.2713945871857147,0.0,0.0,0.29910635068669617,0.20799299196105459,0.0,0.0,0.0,0.0,0.0,0.22363182450110672,0.0,0.3500733207098624,0.3233255506375299,0.0,0.27824182825542254,0.0,0.3259654124628279,0.3501092291053251,0.3323520302284659,0.3607057308724881,0.0,0.31367242926343786,0.3460438509697278,0.35746163988167,0.27633033859007405,0.33558582559182065,0.0,0.3063585547447008
0.3310003995556917,0.313436529822121,0.20864493619297064,0.2735142288826555,0.2839019534451929,0.28194506067703407,0.3031036405335816,0.28316382548776436,0.2855778602610348,0.3064025958369442,0.24542459419782928,0.2969365863679646,0.3101271280258787,0.2876436988056136,0.2857809052230852,0.3206300548420297,0.0,0.3182816029777296,0.21319087204900636,0.1941784779783353,0.2971426085961709,0.30982503761870395,0.0,0.37859584266960894,0.3108906134320747,0.31560242737558086,0.24321161271301203,0.30949002043415713,0.3039809564779626,0.3058844726138747,0.3230610844261695,0.3069867067222588,0.3037955306024536,0.33584606903105446,0.37479397924894303,0.29899035332957175,0.31589641520614387,0.2766609522360007,0.35571399008809107,0.35430845247448195,0.3673285922078493,0.3791956490738971,0.3486410978565904,0.0,0.0,0.0,0.32684426471191025,0.40032611756450276,0.0,0.3582138905359667,0.3584969377220633,0.36779458385378017,0.34278615940248675,0.3942722155553707,0.0,0.3713095855818355,0.0,0.3629479448351565,0.34932402991086864,0.3530442715663647,0.2633667990908256,0.0,0.25676798721107064,0.4000483109426008,0.3514880666838523,0.3598110024269856,0.352426046200468,0.36350505271035516,0.0,0.25088682266024315,0.34215716414580316,0.3619987822709421,0.3615287320423941,0.3557523011109375,0.3550380493729411,0.36334623733849025
0.26664116891676354,0.0,0.26347959695488393,0.0,0.30250337409674355,0.26136470859664673,0.27394866651843086,0.3845375347833454,0.28680095312350934,0.2295985014011143,0.2958597724806846,0.20619633839483234,0.32721912609639814,0.32264427105660193,0.2945797019589595,0.23660636570350313,0.2596078617031247,0.24906849401146058,0.26955746759004295,0.25640449422351785,0.34122579623826843,0.22098682638057232,0.37859584266960894,0.0,0.24009604700541026,0.2263592523130139,0.3187377915023651,0.2203389742878739,0.30542906003890946,0.0,0.25015927833537166,0.22615722992768894,0.2039074463843197,0.19302572597176873,0.22704321667027594,0.3044234815628325,0.22176043864514677,0.1851153756281692,0.23744532639491675,0.25884302454314895,0.2252419347789856,0.0,0.0,0.0,0.1987585819821352,0.27609669578093005,0.31593469682111697,0.0,0.0,0.0,0.0,0.0,0.0,0.0,0.2884261558948083,0.0,0.29390559324489485,0.0,0.0,0.0,0.31283284202827016,0.3116817246483582,0.31035216281069306,0.0,0.0,0.0,0.0,0.0,0.26214801672620736,0.30703990189868935,0.30661076902322176,0.0,0.3348621809802294,0.0,0.0,0.29114780280717434
0.26020163704572113,0.2705960034434074,0.2538335721227479,0.0,0.262406575348994,0.2698002501975104,0.28494058578251164,0.3486722830752916,0.23146931587966552,0.24082005058728867,0.2855675741152483,0.26202799611439065,0.2993799203492907,0.0,0.2825291171807058,0.27236352753862103,0.24880039777011217,0.251012404333098,0.0,0.2910467139353894,0.285813125820772,0.28882982887904307,0.3108906134320747,0.24009604700541026,0.0,0.2508263314620655,0.3002353919898661,0.30908335871762094,0.30061497379277335,0.2268110863162271,0.26208537872353244,0.29678436026440663,0.235003139206768,0.2568581222052208,0.29253802844068355,0.26676452053545513,0.0,0.19491861892272788,0.3149340406118433,0.2883937325421262,0.29758309454093856,0.3181833504636887,0.0,0.0,0.28002636931743624,0.28515227319041964,0.32438695240036103,0.0,0.0,0.0,0.23356181470278897,0.0,0.2759888476798633,0.0,0.30228137898829666,0.0,0.30570870827320645,0.24869385500838956,0.0,0.31262665604805656,0.31914470143601203,0.3012589724021723,0.296381344122116,0.0,0.2901805765641106,0.28848968359085436,0.3420840112181359,0.2560953433265385,0.30289789939635825,0.30364049856318664,0.30742115883523374,0.2558897096890775,0.25373208025017785,0.3016993957377024,0.0,0.29803800337372355
0.23660397147784543,0.2848277075329729,0.26287949378002395,0.0,0.24742375289533025,0.29104895248121426,0.27774170273785515,0.35568292707543814,0.23908916293978666,0.24694281319669564,0.2479507449612758,0.2305485995376806,0.2982770494587877,0.3219331617303221,0.25957055422416475,0.28750444738309544,0.2624829696117798,0.2589573501542851,0.0,0.2956029783223463,0.2799181276235706,0.27657886360537237,0.31560242737558086,0.2263592523130139,0.2508263314620655,0.0,0.30363505110965244,0.31477261659018696,0.29549036275939344,0.24300983793952685,0.26478981004293806,0.29846030514158717,0.25123332030519874,0.27028346940250453,0.3066961170713113,0.3381004589306022,0.28735344951177305,0.21718326223192008,0.318296636978949,0.2996616680632801,0.31723459632510215,0.33081145555760083,0.0,0.0,0.26524966539653705,0.2953611201964832,0.3371955086284595,0.0,0.0,0.0,0.3000572800392605,0.24194794097599204,0.0,0.0,0.30928375282275605,0.0,0.3055035353807775,0.2533096918275848,0.0,0.3687968866379746,0.33393327464477945,0.3147791918049979,0.30725187455957703,0.0,0.3328435783171338,0.35037267633262204,0.34165509708817277,0.3596834380580488,0.3064174141571939,0.31473895460822054,0.32735814308886907,0.3490604436460477,0.2708954012606606,0.35021650355067885,0.0,0.3047892772968998
0.30837314005417743,0.3124451749816432,0.22676394300812502,0.28764689785348374,0.27144262276804954,0.26965245878141963,0.3069442444889187,0.33717437271760553,0.22730831555578226,0.2945118699324328,0.25493616859551416,0.26293045613874183,0.3125232549844543,0.3402921301642563,0.3024976309414485,0.3220523914901527,0.23609275342050423,0.32639855922177413,0.2524752996495762,0.2765151737438576,0.32128986081054517,0.30429101797661856,0.24321161271301203,0.3187377915023651,0.3002353919898661,0.30363505110965244,0.0,0.3090709517573162,0.28782354052000175,0.2941451450112028,0.2973185456491144,0.30847958374499607,0.2798409745294564,0.32805524495846006,0.342646292559176,0.34184331975992405,0.3077661534714743,0.0,0.35208827634031536,0.3337608907796109,0.37089385788575285,0.37487652252118614,0.3450324489345588,0.0,0.0,0.0,0.2911052703274917,0.4081632328145825,0.0,0.37678645659835114,0.3602032408827594,0.38169520878226293,0.36729949594471795,0.4043160386914877,0.0,0.3879486741019873,0.0,0.3834417850828857,0.36273554396260915,0.34280948735792843,0.23996221749719765,0.0,0.2500061695290297,0.4039444068046229,0.3432086199007051,0.3558061668695856,0.34439878484504044,0.36488038111319393,0.0,0.2295142992019881,0.3364802434958793,0.3581648418420598,0.371215010188906,0.35433550188347535,0.3491502491425139,0.3617814997618963
0.2879944598782109,0.32630557559766343,0.324754060915731,0.167024783624138,0.25588697006728706,0.2801436692515825,0.25949782290279616,0.3113261373426765,0.3265553033097612,0.25220041267911697,0.3311713421675527,0.2014117168071658,0.2532663225547755,0.2125151632875373,0.3040547431710149,0.34908694716450245,0.3072988939954149,0.34434362893633874,0.33148737632868014,0.2870059658530149,0.3212636404366307,0.3320511320627522,0.30949002043415713,0.2203389742878739,0.30908335871762094,0.31477261659018696,0.3090709517573162,0.0,0.25958220571036983,0.22174072099968273,0.27725825315349334,0.2795156787850653,0.2265256257300899,0.24741120209831818,0.24110802399185075,0.18945887192588906,0.19361328531391303,0.15770053454438407,0.2702121120286033,0.2090682900990934,0.22291356411611135,0.2527502620999727,0.2576634633318474,0.16442190546909327,0.23470230838376596,0.0,0.23461928809449514,0.28804662921963997,0.0,0.2241624959264523,0.3564801061532736,0.2507269949761786,0.3361884696357449,0.2782692303594636,0.2502226225774002,0.23719620800531963,0.22391440636545065,0.2882471800127854,0.0,0.31719686450809237,0.22972317124294106,0.0,0.2264977998267136,0.24790265228587946,0.3387709048019063,0.0,0.0,0.35604538004013,0.0,0.2524797516010592,0.28218104021056234,0.3512434126609844,0.298047700218015,0.35255062663637016,0.29008964696142675,0.2956539730442409
0.31951507329140094,0.3045505719471706,0.2997858613105576,0.0,0.2822314256734941,0.2619335574685526,0.3034385421178611,0.2987986398036177,0.30388522493154074,0.24921153882708874,0.0,0.23543923299879616,0.2972894796355603,0.2961952056247951,0.29672727674698424,0.32516784255234066,0.27344102207960597,0.3289136367370256,0.0,0.24919337058841268,0.3139041921706841,0.314284737155878,0.3039809564779626,0.30542906003890946,0.30061497379277335,0.29549036275939344,0.28782354052000175,0.25958220571036983,0.0,0.24751845015550894,0.2775950973054377,0.3028900029042219,0.2713029872311037,0.3191464194191385,0.34673707151168287,0.36257941238109265,0.29445537426858776,0.0,0.3441545022449668,0.0,0.3620823352988058,0.3517634066500009,0.3180683711803549,0.0,0.0,0.0,0.3047820489869713,0.29850829388322,0.0,0.0,0.3483245653315106,0.2793981287968351,0.31188957767274933,0.2691303963955843,0.0,0.2760126171133235,0.0,0.33521745518851703,0.0,0.329985999201951,0.23913196392498018,0.0,0.23263530783448075,0.28448369178872335,0.33368369888456967,0.3310757558195234,0.32254961923579734,0.3522677166010448,0.0,0.22849183372714787,0.32131040391962035,0.34744642606691933,0.3533105737371839,0.34394613469501156,0.3283768848821305,0.3589373448638418
0.0,0.0,0.28882021195097374,0.0,0.31641585847936976,0.2972087559836167,0.3124116629364778,0.30071050434888263,0.30679483956067577,0.0,0.0,0.0,0.2823313944264207,0.0,0.0,0.31774985042789267,0.0,0.2906068089614291,0.0,0.17162140938960352,0.0,0.2701205812976976,0.3058844726138747,0.0,0.2268110863162271,0.24300983793952685,0.2941451450112028,0.22174072099968273,0.24751845015550894,0.0,0.24326873963267295,0.2815922614288811,0.0,0.2764509985834749,0.29827504224257634,0.2882894633782662,0.22234317928222613,0.21701600662155723,0.348533264823025,0.0,0.33368252995308034,0.0,0.31536729277898706,0.0,0.0,0.0,0.0,0.3069058675584306,0.0,0.0,0.3104913254968502,0.0,0.2724244610456802,0.27024294964789425,0.0,0.0,0.0,0.2535973792028643,0.0,0.0,0.0,0.0,0.0,0.0,0.33844484883965936,0.0,0.0,0.354302591292059,0.0,0.0,0.0,0.3484384792802661,0.2940726377998344,0.3169460108957503,0.0,0.33044298448742626
0.2577637984602138,0.26005831437909827,0.33438828617093475,0.1779226712444629,0.32086214656426826,0.30911644294511303,0.29901099865379527,0.3202965747636063,0.3369457019298519,0.22765855906175955,0.3502399702916134,0.23730058830829287,0.30267805986315194,0.0,0.28029683331319344,0.260117953846948,0.2430239851396983,0.26564976916093347,0.3528837464711872,0.28052082350556,0.2723785938184679,0.27115262923742295,0.3230610844261695,0.25015927833537166,0.26208537872353244,0.26478981004293806,0.2973185456491144,0.27725825315349334,0.2775950973054377,0.24326873963267295,0.0,0.3001445966218229,0.2418898571885924,0.20066157893200437,0.2239026825884622,0.30420099487072705,0.22698919965694317,0.19807241164634126,0.2990999774937544,0.26748827841068834,0.2632746773168759,0.3518884393954532,0.27557402070555087,0.0,0.23969279348750047,0.26813149231534794,0.3008125521831482,0.3107088559613188,0.0,0.0,0.36517934463988583,0.26385847185200334,0.3405103612547598,0.2779146785303232,0.2696237671688724,0.0,0.2857812492826252,0.2768419740437374,0.0,0.331823859944214,0.29946289101769846,0.2840584423187232,0.2939412583643817,0.2948605384130727,0.3336893004814318,0.0,0.31313501029076446,0.36314083714689943,0.2949694259290407,0.29889363844351385,0.3071663529245667,0.36004283719980934,0.2861447451182705,0.364353422398619,0.0,0.2915640723493339
0.29926096141120495,0.2905177419805739,0.3288660553224778,0.20768581013575788,0.2793668890920553,0.30133976992647,0.2870669942124734,0.2708352208258727,0.3253692028740007,0.21143851793414495,0.30603254831970433,0.18396788676720047,0.29433531567640414,0.16518817421322193,0.29875702798183434,0.31729236627810786,0.3048676410132706,0.34532542588922227,0.33466193608804884,0.30826866361167393,0.29889506017221157,0.30046152517573493,0.3069867067222588,0.22615722992768894,0.29678436026440663,0.29846030514158717,0.30847958374499607,0.2795156787850653,0.3028900029042219,0.2815922614288811,0.3001445966218229,0.0,0.25490174757053363,0.2841892730689318,0.28239943259844574,0.22029742087871948,0.2230189785811383,0.18824489690256246,0.2278829985646959,0.21169046680238182,0.25673739810099744,0.2569160439122716,0.22037253124321066,0.20201670543456288,0.19503913727605632,0.3044497925536188,0.3270014849124306,0.3512896195180652,0.0,0.2906603353918842,0.3460200599636873,0.2547958732175915,0.32798994674953263,0.34897587293358756,0.22045399415029193,0.3045811059063863,0.19467657811112987,0.34923907555203754,0.0,0.3427729812620921,0.35340405963570554,0.2977623001226157,0.3149705798234194,0.31448138053182484,0.33115009643290816,0.3294689666918673,0.33197049177003174,0.3533156808006929,0.2014861042582633,0.33437538112561105,0.32916838262526377,0.349257829372025,0.27969860651565553,0.34302799494727504,0.3537794173342559,0.327339265021602
0.25136055894689674,0.24523613296708868,0.27458898197973897,0.0,0.26140832479958287,0.28915736297003214,0.2772973702530524,0.3523623630310893,0.30061213770059203,0.21775571620481904,0.2995788013853927,0.17992418251390008,0.2884619143517567,0.0,0.2781391413981696,0.2920446353180957,0.25140736998964425,0.27176799737600765,0.0,0.2803657061188936,0.27843771076158025,0.273687977603348,0.3037955306024536,0.2039074463843197,0.235003139206768,0.25123332030519874,0.2798409745294564,0.2265256257300899,0.2713029872311037,0.0,0.2418898571885924,0.25490174757053363,0.0,0.16842863237240976,0.33164143003362123,0.3498312116179697,0.18079312281365684,0.12399307122854546,0.22208576837371286,0.16452264969282424,0.17467555322626163,0.27235217316055804,0.2207415241082539,0.20483650087990132,0.14085360731426969,0.2797866429627484,0.322855628887671,0.0,0.0,0.0,0.0,0.0,0.0,0.0,0.2316824249922541,0.0,0.24301725955435494,0.22124741093887013,0.0,0.3590943671504028,0.32449596251101115,0.2869289011082398,0.3036499840829938,0.0,0.3204699458687062,0.33795774049693916,0.3299565412341752,0.33419636064351255,0.2195447585305927,0.2999335124352538,0.3070473122122449,0.0,0.22932030989902713,0.0,0.0,0.25376837134829017
0.26824396313315285,0.272976259181716,0.3477940611658008,0.20917656247516828,0.31026108109309997,0.31153628935788663,0.2884692601357966,0.3319143118817241,0.33812674682610666,0.20982376937658911,0.34428486279886206,0.16794069992171545,0.2995311299308741,0.0,0.305197765014881,0.28794296175944273,0.2571926729767839,0.2746702873318334,0.3619748778399602,0.3214239500657651,0.2911189132901205,0.30308488013563,0.33584606903105446,0.19302572597176873,0.2568581222052208,0.27028346940250453,0.32805524495846006,0.24741120209831818,0.3191464194191385,0.2764509985834749,0.20066157893200437,0.2841892730689318,0.16842863237240976,0.0,0.257387210861147,0.3264591089855974,0.23268269360680102,0.12586029356323838,0.24725607046653392,0.20721694893331796,0.18631178548974917,0.26381307883374217,0.21290630168672683,0.19456910405732328,0.16579962468382398,0.2730375920886505,0.3188002397590083,0.29648231724723323,0.0,0.0,0.38661656267830474,0.20936087175470341,0.35274962728979,0.2866784398777144,0.25664690134531465,0.25931369379209135,0.24353995696047503,0.24418198449399012,0.0,0.36165502187260234,0.3159506409446631,0.2808594852723587,0.2970706969149348,0.26654239670374535,0.34333848353662844,0.34095853497840556,0.3354649654685154,0.36991566826957684,0.2082766695057935,0.2990815982940624,0.3156603872998797,0.36410129719981976,0.22480771189901894,0.36897028797757964,0.33841843378882375,0.26696664978367657
0.3239877655259097,0.3179614054796589,0.32443366681790287,0.22642712173864743,0.30662048971526923,0.3130057837282236,0.2789867478681279,0.3428714016488751,0.3390193014770745,0.22500012939791547,0.32342467104231754,0.19047284823397417,0.3014143405489173,0.30325577204844706,0.33408845299147877,0.3212778740855795,0.2701486754238226,0.32198177406463085,0.35058851814623365,0.3463095589648593,0.3315955367234148,0.33241701938932033,0.37479397924894303,0.22704321667027594,0.29253802844068355,0.3066961170713113,0.342646292559176,0.24110802399185075,0.34673707151168287,0.29827504224257634,0.2239026825884622,0.28239943259844574,0.33164143003362123,0.257387210861147,0.0,0.33225425582030027,0.2513129718246384,0.15459198922774028,0.24033464925822712,0.2332597842853655,0.2090027952892931,0.26056747287411147,0.21738417325981413,0.21427945828692951,0.1915914705388195,0.3769840585344169,0.3370862961913161,0.0,0.0,0.0,0.33672864072315484,0.19603717901899037,0.0,0.22926700581396423,0.22065363269735727,0.2523795690290407,0.19060846166785841,0.2020468472972368,0.0,0.37721668758900223,0.33481355016451936,0.2668553932541221,0.3059680082261696,0.0,0.3458649547545399,0.0,0.3539145015226573,0.3806885534814125,0.15321913736829124,0.3193166406304771,0.336899325994658,0.3721845984317668,0.19917509178834122,0.35516153185788263,0.0,0.17603657253071195
