0.0,0.407969906992355,0.0,0.0,0.0,0.0,0.29584991966562774,0.4294751820068527,0.0,0.34962549138066684,0.0,0.3562086466468883,0.316071039809133,0.0,0.31576996047779804,0.39006278948717465,0.32651194155924285,0.36846230099834,0.0,0.35190466516909064,0.3518261233646662,0.3655977835175581,0.3993775452250775,0.34391693303582893,0.33356681518176107,0.36003619753317906,0.38839565076317,0.321371770842171,0.37993510705843087,0.0,0.34028073731397496,0.40617819838496916,0.32403125354745693,0.347521968717171,0.38789494027465904,0.0,0.0,0.34096301407507384,0.4227390332065807,0.3886352184200945,0.38650338791626543,0.0,0.0,0.0,0.0,0.30438386721630567,0.43835217471042387,0.0,0.0,0.0,0.3493217490136795,0.0,0.0,0.0,0.3822757505396511,0.0,0.0,0.3157448542485915,0.0,0.3923795341678801,0.4337395561683766,0.0,0.41384967636265857,0.0,0.0,0.2297423711421391,0.42414698896136355,0.4162589738559126,0.3468133938055541,0.4262287514872033,0.41958961864130506,0.0,0.0,0.0,0.0,0.3706030374698016
0.407969906992355,0.0,0.27693787021948163,0.0,0.3297221653892653,0.356467355988659,0.379964826467466,0.3698925727310055,0.3005887898201157,0.2609018030641214,0.2835351617015002,0.0,0.40534433887079574,0.0,0.3648867379824914,0.3649717676701779,0.34811851786025017,0.36157618235028194,0.0,0.38017517495595704,0.3887740787964354,0.33632801816477514,0.3796647611775486,0.0,0.3323599329856244,0.3488413048600938,0.3751186433080348,0.40681620279925157,0.39989564132410416,0.0,0.33970246575754953,0.3935832781162719,0.3291796203742507,0.33913426705014155,0.38955632846327154,0.3597743053339732,0.0,0.0,0.4391060025552367,0.4224592446971233,0.4204681986607976,0.4577391336283043,0.0,0.0,0.0,0.4205161520261801,0.439860262850433,0.0,0.0,0.0,0.3952830293972065,0.2768560468201401,0.0,0.0,0.3013611184769924,0.0,0.0,0.2513747263636045,0.0,0.4602387944870801,0.4333462902820726,0.0,0.40315044389018523,0.0,0.41739645668440206,0.4235763825144726,0.4397319275356135,0.4433256824781883,0.4316146348753794,0.4261795061613286,0.46020472569580545,0.42610007585370285,0.2687799315555644,0.4255079942407973,0.0,0.4208514350658027
0.0,0.27693787021948163,0.0,0.32883535341021286,0.3487676977554509,0.328133455705775,0.381758599943891,0.43413847220333185,0.3009469519759153,0.3404028164667842,0.29720453685469067,0.2766222815520826,0.3896320685279851,0.38566082919475486,0.0,0.2926952297029341,0.0,0.2540082569547609,0.2070524043591005,0.3278056413408264,0.0,0.3529541099469503,0.28836276286201884,0.0,0.2210619416267995,0.26654062541232,0.29430576761243143,0.4154686191741334,0.36091580452676814,0.37364616932215355,0.42498015741595674,0.40880429453401707,0.28274246784562,0.42467828976002053,0.4014520083294797,0.3914873585357238,0.3774441191137995,0.26152520548655434,0.36727758101825947,0.27102948294542484,0.3701397256398622,0.29214824935109474,0.43471003218027415,0.0,0.0,0.0,0.0,0.2717193136893817,0.0,0.4774355496735379,0.4964977038319642,0.4582488877984857,0.49265599864654186,0.40362512234424514,0.0,0.45449435441500496,0.0,0.4545914591345115,0.47452559853270776,0.0,0.0,0.0,0.0,0.2763010032957453,0.0,0.0,0.0,0.5117295834710044,0.0,0.0,0.2776891137463312,0.5155876342023478,0.3850893333484514,0.33420438136702774,0.0,0.4002511285733242
0.0,0.0,0.32883535341021286,0.0,0.22307522178598665,0.3554341748343459,0.2017272520758784,0.32808321104648047,0.37376087185602214,0.2270677099564263,0.3199149365756027,0.16763835143194317,0.2253292268899069,0.25961984970669494,0.0,0.0,0.0,0.0,0.33633153494401996,0.0,0.0,0.0,0.36781552664562933,0.0,0.0,0.0,0.34288283089201704,0.20054983432914636,0.27755814842631077,0.0,0.0,0.23620332890063922,0.22158234262475368,0.18477914275145152,0.22881404053517088,0.15450686070887718,0.15398776277764376,0.19622409016350065,0.19816427217491164,0.0,0.19410814195948928,0.24412665284038526,0.22351717721987885,0.24209638507378684,0.0,0.0,0.0,0.0,0.0,0.0,0.0,0.0,0.0,0.0,0.0,0.0,0.0,0.0,0.0,0.0,0.0,0.0,0.0,0.0,0.0,0.0,0.0,0.0,0.0,0.0,0.0,0.0,0.1254423841499352,0.0,0.0,0.0
0.0,0.3297221653892653,0.3487676977554509,0.22307522178598665,0.0,0.34106618767747165,0.2862219801846656,0.33902722048167777,0.30153605031311326,0.39509428476667113,0.29192649536481596,0.30098367285157984,0.33689770427926485,0.2729265773639361,0.0,0.37129040363812754,0.0,0.320913538739443,0.3156183676203313,0.38911786492125877,0.0,0.4012740889036935,0.36582127004991494,0.3532908415882603,0.3149484336976257,0.3231885018724877,0.3657512534886957,0.37959336726547416,0.40090610379430375,0.0,0.39795710761341674,0.33300441361659266,0.3413388226751944,0.389894650170035,0.37913928136882924,0.21651084711298035,0.14719237397489887,0.3351889128407613,0.36745045022946715,0.0,0.344689508883636,0.0,0.3464258734254401,0.0,0.0,0.0,0.0,0.41076862933816527,0.0,0.36088600942263827,0.4233943986193847,0.3207237251133747,0.4185278815370399,0.38508243051094365,0.0,0.3643876726113321,0.0,0.3048651070229756,0.3546163221411384,0.0,0.0,0.0,0.0,0.39236509077790743,0.0,0.0,0.0,0.46714397675374664,0.0,0.0,0.26955276940512435,0.45001070255268455,0.2899077675622022,0.3168857999411212,0.0,0.33662248924411076
0.0,0.356467355988659,0.328133455705775,0.3554341748343459,0.34106618767747165,0.0,0.3617822985346853,0.36240359105404446,0.26275679039717564,0.3964688348484505,0.3364830218260776,0.30250853065186906,0.36431992774531496,0.3797922903624895,0.37886459478594914,0.3920645197417894,0.2661114680501761,0.3875007160928754,0.2716720348032779,0.3539492643272359,0.3493661174474738,0.3676989005764208,0.34793559334875107,0.0,0.35804467806336315,0.3489649577783284,0.32996056775019583,0.3551781513873197,0.3134088132389866,0.3855337237438025,0.39965659949700966,0.38690243504283467,0.3523991316158374,0.4017978044099169,0.40951768787651766,0.38691500900566744,0.38005045917755714,0.3112678032669986,0.4582219010482858,0.0,0.46475160079928945,0.353628326654081,0.4344841708644807,0.0,0.0,0.0,0.28701153778510546,0.4727703901841251,0.0,0.37324697798360285,0.46013802412637034,0.41827370810032916,0.40862124620278717,0.47304328640660814,0.0,0.40414683773975596,0.0,0.4763773238871721,0.4244221065095775,0.3819273734976728,0.23128388240872974,0.0,0.25096304312867124,0.4597245412829536,0.3989386746001291,0.0,0.32215804682984356,0.46540020684363387,0.0,0.23158802906764214,0.3388612266230556,0.4650856839103642,0.46663572264636516,0.45847974437281885,0.42122304931201143,0.469696174515865
0.29584991966562774,0.379964826467466,0.381758599943891,0.2017272520758784,0.2862219801846656,0.3617822985346853,0.0,0.39902352782133055,0.3515446120084741,0.3815904972196515,0.36587589504117163,0.3084325200728277,0.3035801965097949,0.27582601809165846,0.0,0.4390853420916244,0.3560865699157499,0.39985184905989296,0.39175236995666396,0.3955956449853226,0.0,0.42120770281744113,0.38990137403900244,0.3575485857779441,0.39948065764323787,0.3855654351287379,0.38623176871110626,0.3143505191519828,0.41084336530844007,0.0,0.3793513781784589,0.36343051045925345,0.2875152082982514,0.33246357261366605,0.3271247015446797,0.2636815214946952,0.23139577728347005,0.3054954322861607,0.20145844767178045,0.22804246310283272,0.23687392191139495,0.2487657404942412,0.35892151780677656,0.0,0.24668679714878797,0.0,0.26261853872951163,0.4022132189567685,0.0,0.33048032608109446,0.4410376064020302,0.3191523751575133,0.3784084559971446,0.3728856671626703,0.36624016602127724,0.3166465039992308,0.2356792095584381,0.3043270201012504,0.0,0.0,0.0,0.0,0.0,0.35206794793622154,0.0,0.0,0.0,0.47454993660809514,0.0,0.28525683017925607,0.2601231799200835,0.4787295151651363,0.30941569324377133,0.3342881935607173,0.0,0.3114429407971677
0.4294751820068527,0.3698925727310055,0.43413847220333185,0.32808321104648047,0.33902722048167777,0.36240359105404446,0.39902352782133055,0.0,0.43927879185864116,0.3605523941147272,0.19213536874190623,0.0,0.41537184527231547,0.2940113972923199,0.40491536155049285,0.38379515416776205,0.29746706306170995,0.3887519740128328,0.3693828141194041,0.36345226976305056,0.3438836956314485,0.32023943916092446,0.33832674722906975,0.45061074571368837,0.4103055228420587,0.4206301543381331,0.3977667926445114,0.40560845365444004,0.3821290335821133,0.405139749128457,0.3975491027850391,0.29220527033488836,0.3946960674323305,0.41002889311424817,0.4127921542802237,0.22641262329910508,0.1774680325594916,0.0,0.40973581939984355,0.0,0.43912744900137135,0.0,0.3707360397618542,0.0,0.0,0.0,0.0,0.4670369593930621,0.0,0.0,0.41846780357199864,0.41910819362014484,0.29440171567669854,0.4640558006968335,0.0,0.3984025871895397,0.0,0.42898213421177855,0.4063487029788883,0.0,0.0,0.0,0.0,0.46071040203890484,0.0,0.40551792941188797,0.0,0.4215479258654731,0.0,0.2990821851422244,0.38300077458687976,0.45899928801366646,0.4240608824694893,0.3968119415849796,0.0,0.4313079418776998
0.0,0.3005887898201157,0.3009469519759153,0.37376087185602214,0.30153605031311326,0.26275679039717564,0.3515446120084741,0.43927879185864116,0.0,0.40781322214000665,0.23052386605294906,0.34317185226357877,0.3428396881943437,0.3813488844974108,0.0,0.3046501382975422,0.2791291366682814,0.25029018359465405,0.22658929646365172,0.3621971456216096,0.0,0.36052193387559384,0.3710456053583298,0.0,0.248855727219113,0.37713079860942417,0.3240067865967878,0.4087697957972499,0.3971134042559812,0.0,0.42175803034099973,0.4017493470249558,0.34664868171946217,0.41717780178782154,0.3951034853437844,0.39002538834421846,0.3920146974022835,0.3545099557119354,0.4208466120821521,0.24845794352284156,0.2851953458697548,0.2594076374057155,0.4275561038636535,0.0,0.2804503051802676,0.0,0.0,0.49480519498553727,0.0,0.3863239917575071,0.4789727591722376,0.39613594066766006,0.47922685253969816,0.46906825148172726,0.0,0.46227891158892875,0.3125757939181482,0.39807288639086535,0.0,0.0,0.0,0.0,0.0,0.4879076352977213,0.0,0.0,0.0,0.4994153173319696,0.0,0.0,0.26089965461426884,0.49107987081238036,0.37131442808047077,0.32901662664069703,0.0,0.3421504458172806
0.34962549138066684,0.2609018030641214,0.3404028164667842,0.2270677099564263,0.39509428476667113,0.3964688348484505,0.3815904972196515,0.3605523941147272,0.40781322214000665,0.0,0.39211177495358635,0.26092132978203986,0.3693050172236525,0.0,0.23997661571851833,0.2509906337157932,0.3028342106498549,0.2862788898818273,0.3919892726294905,0.24424246390038792,0.36467083059714267,0.26604407212754205,0.3421104394761724,0.2999555603079379,0.2939119907657823,0.31611307498715036,0.33577337597948165,0.34988643357243543,0.25513473710203166,0.24428583399334294,0.28731465402058803,0.29365239629920525,0.26745592640938126,0.270105952828949,0.24311678003659362,0.2613921359286094,0.22696660090220205,0.2558051077349213,0.30976696172323087,0.3381552886036371,0.30060887322903124,0.26098489122316015,0.0,0.0,0.3134227911618108,0.0,0.0,0.0,0.0,0.0,0.28328201283197707,0.37030131005927547,0.0,0.0,0.40840918539720966,0.0,0.41557317448253295,0.363814440116058,0.0,0.0,0.36547884486037513,0.4335009415051573,0.4194026145052353,0.0,0.0,0.0,0.42024404921998415,0.273320865245772,0.3733755318240968,0.42033045009238695,0.41687131769480723,0.0,0.3880870916915062,0.29092864062524876,0.0,0.3822820181807228
0.0,0.2835351617015002,0.29720453685469067,0.3199149365756027,0.29192649536481596,0.3364830218260776,0.36587589504117163,0.19213536874190623,0.23052386605294906,0.39211177495358635,0.0,0.34188023132510964,0.3900231606797506,0.2626863111363057,0.0,0.0,0.32129986601482985,0.28580849207409575,0.2323707400360452,0.0,0.0,0.0,0.19376542092312632,0.0,0.3067531676287048,0.2560458534105612,0.34138524215097155,0.3974107989837211,0.29674597792667945,0.0,0.41508362538404425,0.32928077609355605,0.3386165557446805,0.4004306891770997,0.3870606910491232,0.23329285210103282,0.35535424988272496,0.3483061449089554,0.3039040911641096,0.23446520300684695,0.3017955853746874,0.2537800912345263,0.33372665237165083,0.0,0.0,0.0,0.0,0.46027689364787494,0.0,0.2798138513678335,0.41949956783820425,0.28866856734160234,0.360332269807037,0.36257635058246407,0.2973739372231086,0.2770087799685126,0.32056940672822554,0.32013518906903116,0.3842760791040288,0.0,0.0,0.0,0.0,0.19907928445052087,0.0,0.0,0.0,0.4223311050552768,0.0,0.0,0.0,0.4467356832009941,0.2812343285931188,0.3700327518319679,0.0,0.30337984457409917
0.3562086466468883,0.0,0.2766222815520826,0.16763835143194317,0.30098367285157984,0.30250853065186906,0.3084325200728277,0.0,0.34317185226357877,0.26092132978203986,0.34188023132510964,0.0,0.3427413257524078,0.12083721030426282,0.0,0.0,0.3431851616222044,0.31680754437722053,0.30241486851948435,0.3313471403638498,0.35161389361015793,0.3091498217550602,0.288829542220566,0.24061263544487446,0.33436738432204594,0.2722546524858785,0.27118226395129996,0.30742140365306614,0.28278454019323146,0.0,0.3172214843660393,0.22145297410867507,0.24338395429829976,0.22586574077249896,0.29989617560511234,0.21431536904070786,0.2021653178693923,0.19440320840284983,0.2043173228606473,0.33906764507204334,0.22560236590039956,0.26474571509544526,0.2430165550907232,0.19223452202267324,0.29028520273040026,0.0,0.0,0.0,0.0,0.0,0.0,0.0,0.0,0.0,0.41859439622216266,0.0,0.42055771316077484,0.35530868500692747,0.0,0.0,0.3374017232531188,0.45593945952395876,0.4162584343975929,0.0,0.0,0.0,0.0,0.0,0.3558537061131993,0.41642483124300406,0.4035765472777937,0.0,0.26629467154145836,0.32289670111345514,0.0,0.40157402559410904
0.316071039809133,0.40534433887079574,0.3896320685279851,0.2253292268899069,0.33689770427926485,0.36431992774531496,0.3035801965097949,0.41537184527231547,0.3428396881943437,0.3693050172236525,0.3900231606797506,0.3427413257524078,0.0,0.27731967636838173,0.403720448619423,0.4251113998758169,0.36639998937673024,0.4000185287671743,0.4060161953831502,0.40535385624531617,0.3944564889236622,0.4317651002235337,0.3954680783080783,0.3610649665611682,0.4033110463791629,0.3846466230144417,0.38945529864084616,0.30859675535555436,0.3868941233786901,0.33079770206430836,0.3567401345458392,0.3663678621689015,0.3262852140893585,0.35289349078734195,0.3229942943696616,0.2775915043533454,0.23410276088525642,0.31314196805560446,0.30883483482662893,0.2652595030188114,0.24131897759157372,0.23135419800969867,0.38511682750952064,0.0,0.26004787120915296,0.0,0.25074474853368856,0.41056364618502617,0.0,0.3182438143562952,0.5135675945453492,0.33957456521246177,0.4410638255695616,0.36953643038679945,0.36026876347483205,0.3688468772364331,0.35178035804639024,0.40084048153532154,0.0,0.0,0.2611872793290331,0.3365444802327672,0.2768062023968256,0.3658338280417682,0.37860750574069973,0.0,0.25329046280264284,0.4831008663557424,0.0,0.2701684679484757,0.2889313467265909,0.4913589288657985,0.43798622467744125,0.44748605786250817,0.0,0.35258009299488346
0.0,0.0,0.38566082919475486,0.25961984970669494,0.2729265773639361,0.3797922903624895,0.27582601809165846,0.2940113972923199,0.3813488844974108,0.0,0.2626863111363057,0.12083721030426282,0.27731967636838173,0.0,0.0,0.0,0.0,0.0,0.34773850914569426,0.0,0.0,0.4547287314709286,0.3417385388935893,0.0,0.0,0.0,0.40259652589669714,0.2235006206442429,0.3995724939421523,0.0,0.0,0.20116954436683226,0.22333875048768181,0.43114506725451107,0.37270387711393127,0.18111263609563608,0.15593676566452772,0.24473222750261375,0.24187780624827027,0.0,0.1806321669113822,0.17333053957087896,0.3418780013326768,0.0,0.0,0.0,0.0,0.40504810365281013,0.0,0.0,0.3551124754006958,0.3833794275234196,0.36785287317353227,0.42585476359002034,0.0,0.35885589932591416,0.0,0.3158053238909539,0.37415150295812777,0.0,0.0,0.0,0.0,0.41226581329960515,0.0,0.0,0.0,0.4124327741067428,0.0,0.0,0.0,0.40545684177296076,0.32956206921043196,0.0,0.0,0.0
0.31576996047779804,0.3648867379824914,0.0,0.0,0.0,0.37886459478594914,0.0,0.40491536155049285,0.0,0.23997661571851833,0.0,0.0,0.403720448619423,0.0,0.0,0.38268641684609844,0.29423965580444994,0.37242636724816275,0.0,0.2784380424631188,0.35109278493697504,0.31207274418089864,0.3442235703770739,0.3708019730223796,0.3577106524563588,0.2951485786010192,0.32967870181127995,0.38199655925569387,0.358868487847467,0.3930204605906208,0.3487679464444254,0.39091306470371023,0.3747818229763399,0.3622676078103297,0.41318002153959554,0.4635280168788604,0.0,0.0,0.4388707497801599,0.44578377331350183,0.44381239435843295,0.47429958833979874,0.0,0.0,0.0,0.0,0.4511203325469702,0.0,0.0,0.0,0.43383833783460085,0.0,0.49379924599190916,0.0,0.0,0.0,0.0,0.37341150052675626,0.0,0.45194387525905794,0.4163655116301176,0.0,0.27743755555117183,0.0,0.43564564766846703,0.4206045005680939,0.4616968443960608,0.45191372211206665,0.0,0.3249768030707505,0.48154720413793706,0.45671934697821504,0.4237668504375833,0.4412033856258834,0.39464521927948315,0.4270340316464852
0.39006278948717465,0.3649717676701779,0.2926952297029341,0.0,0.37129040363812754,0.3920645197417894,0.4390853420916244,0.38379515416776205,0.3046501382975422,0.2509906337157932,0.0,0.0,0.4251113998758169,0.0,0.38268641684609844,0.0,0.3457399587364948,0.33827855212965224,0.0,0.347378092184815,0.3759215553753313,0.3319531996110478,0.39209975494222316,0.3282884718642389,0.35861983301129113,0.38816468786367025,0.3843200312402203,0.3956467866797954,0.3843180886174611,0.3514577551235543,0.3142802747887006,0.4159091027914301,0.355258633436401,0.34412169273751564,0.41181884400781565,0.0,0.0,0.0,0.4153457380018642,0.39944421889271003,0.4103302083065639,0.4404168902337518,0.0,0.0,0.0,0.41561865569167594,0.43580693992897257,0.0,0.0,0.0,0.2530620571776816,0.0,0.37401069852705127,0.0,0.2711045606680121,0.0,0.279765648220831,0.2724249436021175,0.0,0.42091675386039573,0.4269555373204853,0.0,0.3901452987637794,0.0,0.3969825901485288,0.4337235869885328,0.4291194896284888,0.3307159988895614,0.0,0.41118285454068687,0.4418449253689116,0.36170242880373493,0.29575514616203785,0.37010159555133276,0.3269589715736518,0.40683064501609983
0.32651194155924285,0.34811851786025017,0.0,0.0,0.0,0.2661114680501761,0.3560865699157499,0.29746706306170995,0.2791291366682814,0.3028342106498549,0.32129986601482985,0.3431851616222044,0.36639998937673024,0.0,0.29423965580444994,0.3457399587364948,0.0,0.29540772440839075,0.2693366429667554,0.28785444848336517,0.33257923437809445,0.3101797532086002,0.25615884575598047,0.3403580072360477,0.30451616048410074,0.3393959727247438,0.27591786102965266,0.3447285597541888,0.2913302870148644,0.24602658347944698,0.3272978508971181,0.39820972655242964,0.32524429699141383,0.3314935091847631,0.31506182333616817,0.4136323933030871,0.0,0.2930196345213408,0.39517628926278314,0.3373618646967421,0.3700765746937733,0.0,0.0,0.0,0.0,0.0,0.0,0.0,0.0,0.0,0.3090218395498562,0.0,0.0,0.0,0.4020940668623366,0.0,0.40820114172546956,0.276921047965439,0.0,0.0,0.3462909640761738,0.4028637820842409,0.3924187552908951,0.0,0.0,0.0,0.0,0.0,0.40223079365881154,0.4003475448425086,0.41267720940134606,0.0,0.0,0.29194807378626386,0.0,0.3666931211105971
0.36846230099834,0.36157618235028194,0.2540082569547609,0.0,0.320913538739443,0.3875007160928754,0.39985184905989296,0.3887519740128328,0.25029018359465405,0.2862788898818273,0.28580849207409575,0.31680754437722053,0.4000185287671743,0.0,0.37242636724816275,0.33827855212965224,0.29540772440839075,0.0,0.0,0.38378018061898334,0.36268115499821296,0.3732082032753206,0.3765085615252309,0.3410636558747368,0.315025714772728,0.3657338081954522,0.3852905521357391,0.3732535255387754,0.4022081115619001,0.32520679523442686,0.32379422594362,0.39862750397208196,0.3235922127773305,0.335093791493558,0.3491941303217185,0.3970459310253043,0.0,0.24762083796362136,0.4073640205075109,0.34367514143476163,0.37958450599486604,0.3990853959763128,0.0,0.0,0.0,0.4102102432540147,0.4284473232072072,0.0,0.0,0.0,0.24714249990959583,0.0,0.0,0.0,0.36709733468633726,0.0,0.3784044850543642,0.27485165067105277,0.0,0.3588474402916396,0.41461743049090694,0.3763538410404658,0.38203347679451155,0.0,0.2958807982143134,0.4005742230466475,0.3997531664183452,0.30372072576069153,0.3701884322039112,0.3945013982930642,0.41293318084097524,0.3063720974657084,0.28533942421350295,0.26497609024450397,0.0,0.38800050467962405
0.0,0.0,0.2070524043591005,0.33633153494401996,0.3156183676203313,0.2716720348032779,0.39175236995666396,0.3693828141194041,0.22658929646365172,0.3919892726294905,0.2323707400360452,0.30241486851948435,0.4060161953831502,0.34773850914569426,0.0,0.0,0.2693366429667554,0.0,0.0,0.0,0.0,0.0,0.1930590909557265,0.0,0.0,0.2656272161916781,0.32491776604760647,0.4093389437753423,0.3181250836683463,0.0,0.42232858684179003,0.37631617964808595,0.30684916458070416,0.40801422684798855,0.3930822858996147,0.3548614710449258,0.0,0.3333993460476261,0.42026583944422646,0.0,0.3408237837214095,0.2637558288665987,0.37088368830344265,0.0,0.0,0.0,0.0,0.49333885998639543,0.0,0.41698183783257137,0.4501773510775466,0.3703495621678917,0.49162526469037016,0.46374901133550944,0.0,0.3800766279174937,0.0,0.3478801417974431,0.0,0.0,0.0,0.0,0.0,0.4765692341759821,0.0,0.0,0.0,0.4763879329494126,0.0,0.0,0.0,0.4714926595521537,0.3089457872496501,0.3331863156294611,0.0,0.3483134533522609
0.35190466516909064,0.38017517495595704,0.3278056413408264,0.0,0.38911786492125877,0.3539492643272359,0.3955956449853226,0.36345226976305056,0.3621971456216096,0.24424246390038792,0.0,0.3313471403638498,0.40535385624531617,0.0,0.2784380424631188,0.347378092184815,0.28785444848336517,0.38378018061898334,0.0,0.0,0.3860187389217199,0.26717350695132314,0.3147364274428635,0.32918382351752107,0.3882634233115634,0.3335586624309591,0.31981672663412136,0.330157584381041,0.29654008843821483,0.3411351747688034,0.2986528113111528,0.3769085835821915,0.3230021034532268,0.34744988959909007,0.3991384790024589,0.42611663586333154,0.0,0.0,0.4182577728990973,0.38574016134109135,0.4302148907735984,0.43155941738598025,0.3572992299770931,0.0,0.0,0.0,0.4004458482106672,0.0,0.0,0.0,0.43223559395140765,0.0,0.42762391482998363,0.0,0.0,0.0,0.0,0.34792968637788,0.0,0.4157248625084333,0.2962746967476549,0.0,0.2547791511346031,0.0,0.42043287662546336,0.4217042304408682,0.42054793958466113,0.4480494250072063,0.0,0.2602477723426374,0.4191102350684157,0.4447632075417739,0.448134474711774,0.43238278589043866,0.3443682695758275,0.4027130258560277
0.3518261233646662,0.3887740787964354,0.0,0.0,0.0,0.3493661174474738,0.0,0.3438836956314485,0.0,0.36467083059714267,0.0,0.35161389361015793,0.3944564889236622,0.0,0.35109278493697504,0.3759215553753313,0.33257923437809445,0.36268115499821296,0.0,0.3860187389217199,0.0,0.384033917426716,0.3655443621236521,0.43203956105672287,0.3543835091725053,0.3679654250174692,0.4113059746878229,0.4041115821240429,0.4000933242993468,0.40491836651200275,0.3478326433910747,0.38650198529918445,0.34479532482358355,0.3524085928977867,0.4068344281683779,0.46189948446665824,0.0,0.0,0.41535371925702225,0.41001035406697944,0.39753552270373155,0.45152384614631746,0.0,0.0,0.0,0.3522979334621419,0.4528098519823979,0.0,0.0,0.0,0.440869342937363,0.0,0.359745991774698,0.0,0.0,0.0,0.0,0.3923062006625943,0.0,0.4213598410905293,0.439534416110371,0.0,0.3095534827076468,0.0,0.3977786009523059,0.3318610466827427,0.45145642251289747,0.4085127420953906,0.0,0.3610303067770121,0.45727498385182214,0.4253443337787812,0.3937657449911884,0.4071300158778145,0.0,0.38448175069218204
0.3655977835175581,0.33632801816477514,0.3529541099469503,0.0,0.4012740889036935,0.3676989005764208,0.42120770281744113,0.32023943916092446,0.36052193387559384,0.26604407212754205,0.0,0.3091498217550602,0.4317651002235337,0.4547287314709286,0.31207274418089864,0.3319531996110478,0.3101797532086002,0.3732082032753206,0.0,0.26717350695132314,0.384033917426716,0.0,0.3983804276239696,0.0,0.3697773204240192,0.36116349007741333,0.3732907711883402,0.32072362560651924,0.346235349306397,0.3342110468407335,0.31976714069110523,0.3930123224929591,0.3472266866255508,0.35521431701927186,0.4088020801161314,0.45241747345013755,0.0,0.0,0.4130772436045435,0.4069056818558294,0.42996578000573216,0.4324136621774038,0.4705918514286127,0.0,0.0,0.41588217628746554,0.44264377602408156,0.0,0.0,0.0,0.4184001624162497,0.0,0.4730585977421592,0.0,0.0,0.0,0.0,0.26100790220917175,0.0,0.44591315062592857,0.44375782394144825,0.0,0.36983270683560343,0.0,0.41686226213931826,0.42999759785561364,0.44680626430602055,0.43158582839635207,0.0,0.41617993915715007,0.4679264388479775,0.4373688523947466,0.3381591587803085,0.41317984114486495,0.35542588263624997,0.4204164317268929
0.3993775452250775,0.3796647611775486,0.28836276286201884,0.36781552664562933,0.36582127004991494,0.34793559334875107,0.38990137403900244,0.33832674722906975,0.3710456053583298,0.3421104394761724,0.19376542092312632,0.288829542220566,0.3954680783080783,0.3417385388935893,0.3442235703770739,0.39209975494222316,0.25615884575598047,0.3765085615252309,0.1930590909557265,0.3147364274428635,0.3655443621236521,0.3983804276239696,0.0,0.42221565079962003,0.37236946131043264,0.3909376162666401,0.2735890847512482,0.3962989402617343,0.38186294494737366,0.39224641009387456,0.3865209404541989,0.3856248711966711,0.36499613614803084,0.3964011744679157,0.41345226663024576,0.3744887489161135,0.383291312016112,0.30034763092668376,0.46508627037636596,0.45107528292357735,0.47700556617349565,0.485522596631313,0.4562103486743855,0.3727195700842164,0.0,0.0,0.4271776834532119,0.32415801748793016,0.0,0.4502903127015202,0.4733092209793304,0.46589516752291005,0.4228384867223983,0.46951945922538224,0.33700410422662774,0.4066630801940294,0.0,0.478124042993159,0.43859213497215765,0.44713721588214184,0.29885199631691584,0.0,0.28273843896238027,0.3020329201633085,0.4572065409350987,0.4651838365692842,0.455942644608217,0.45627676273635825,0.0,0.2603534752215282,0.41368441346490475,0.4665102897592462,0.4713023989201669,0.46816487633537424,0.47373699863333546,0.4794986342018897
0.34391693303582893,0.0,0.0,0.0,0.3532908415882603,0.0,0.3575485857779441,0.45061074571368837,0.0,0.2999555603079379,0.0,0.24061263544487446,0.3610649665611682,0.0,0.3708019730223796,0.3282884718642389,0.3403580072360477,0.3410636558747368,0.0,0.32918382351752107,0.43203956105672287,0.0,0.42221565079962003,0.0,0.3207373253219379,0.31658913674452127,0.4279566460485974,0.3576745262537061,0.3203237580679603,0.0,0.3238430800672691,0.37196925048488894,0.2836967964306528,0.2730954028070237,0.3435599648614338,0.2293580456192425,0.0,0.26102808637691954,0.39300969116701223,0.31262272397721363,0.30013722923829705,0.0,0.0,0.0,0.25461516062274336,0.38364304620539413,0.0,0.0,0.0,0.0,0.0,0.0,0.0,0.0,0.37831351814377645,0.0,0.3793622687538519,0.0,0.0,0.0,0.0,0.4263426367633552,0.4074545329118305,0.0,0.0,0.0,0.0,0.0,0.3521336838460481,0.4092600207611285,0.40258895420067853,0.0,0.0,0.0,0.0,0.40314019977563736
0.33356681518176107,0.3323599329856244,0.2210619416267995,0.0,0.3149484336976257,0.35804467806336315,0.39948065764323787,0.4103055228420587,0.248855727219113,0.2939119907657823,0.3067531676287048,0.33436738432204594,0.4033110463791629,0.0,0.3577106524563588,0.35861983301129113,0.30451616048410074,0.315025714772728,0.0,0.3882634233115634,0.3543835091725053,0.3697773204240192,0.37236946131043264,0.3207373253219379,0.0,0.3203114914777531,0.3668291002146942,0.3828276346467442,0.4115905249437095,0.30048925039107877,0.3272919625797584,0.3821017572322648,0.30615450557123725,0.3279259140611879,0.34278980557560385,0.3776533427580699,0.2811704521768881,0.3063384845397616,0.4079497817579822,0.3619454148819288,0.38553370861148173,0.4034980148750243,0.0,0.0,0.34901511403289603,0.38110657477830623,0.4302431487769065,0.2988613774482286,0.0,0.0,0.23924742087867876,0.0,0.0,0.0,0.40732018603082093,0.0,0.41191741455399256,0.274582372722488,0.0,0.4076462337904814,0.4200583737573407,0.4104628499489499,0.3981078852256293,0.0,0.4067143209918568,0.37424093191617935,0.4755749800703517,0.3134548580371609,0.39035062376412555,0.4056636011304636,0.41515828057212306,0.30454675493680283,0.322901209046919,0.3752266109277606,0.0,0.39919034427718014
0.36003619753317906,0.3488413048600938,0.26654062541232,0.0,0.3231885018724877,0.3489649577783284,0.3855654351287379,0.4206301543381331,0.37713079860942417,0.31611307498715036,0.2560458534105612,0.2722546524858785,0.3846466230144417,0.0,0.2951485786010192,0.38816468786367025,0.3393959727247438,0.3657338081954522,0.2656272161916781,0.3335586624309591,0.3679654250174692,0.36116349007741333,0.3909376162666401,0.31658913674452127,0.3203114914777531,0.0,0.38910783125716597,0.3625576152312541,0.3742266542219178,0.27180708738341924,0.3447046139654898,0.4027946366714804,0.33672985483124634,0.3467761379683062,0.3935366266953904,0.45443641152897996,0.0,0.2852260966382575,0.41679321722552065,0.3839183960079605,0.41436814018914775,0.41101776896630443,0.0,0.28578240980278397,0.32433254954755497,0.41125438634364014,0.4521920998258224,0.0,0.0,0.0,0.3981182905236573,0.27255355438290185,0.3880972425511929,0.0,0.40127273926921697,0.0,0.3962152497622967,0.3231502971077636,0.0,0.4625369348333055,0.4417240758673484,0.417539252757369,0.41035204956938753,0.0,0.4279767987798404,0.420114652073889,0.4605841455726123,0.43147695895985416,0.3931675808297886,0.41981555925755454,0.44202402128946644,0.4351336506992683,0.34071035195222826,0.42651218725894147,0.0,0.41679427051854373
0.38839565076317,0.3751186433080348,0.29430576761243143,0.34288283089201704,0.3657512534886957,0.32996056775019583,0.38623176871110626,0.3977667926445114,0.3240067865967878,0.33577337597948165,0.34138524215097155,0.27118226395129996,0.38945529864084616,0.40259652589669714,0.32967870181127995,0.3843200312402203,0.27591786102965266,0.3852905521357391,0.32491776604760647,0.31981672663412136,0.4113059746878229,0.3732907711883402,0.2735890847512482,0.4279566460485974,0.3668291002146942,0.38910783125716597,0.0,0.3851756538556007,0.33663060931566924,0.37102443214489594,0.36753371047023253,0.3712761054094844,0.33641963854644336,0.3775139624152402,0.39536760265314747,0.38112832489721016,0.3751357502318405,0.2802806694000414,0.4563668144744607,0.34669892559544674,0.47564598574534456,0.4696767393938698,0.45386395866533424,0.28940698783569385,0.0,0.0,0.3555934759988337,0.49460000136941096,0.0,0.38546682420326556,0.47185239090562725,0.4480898900615986,0.4366971735741463,0.4935654055810483,0.0,0.4606334714850683,0.2799588057761279,0.487737179265876,0.0,0.44057281475343685,0.25057287868566136,0.0,0.29014968944901603,0.4826468154540086,0.44801501235934466,0.453947811629266,0.44756256061338817,0.47223486718039226,0.0,0.24548026525425942,0.42630990930192597,0.47053851865595786,0.4712724725205665,0.4785972724499336,0.43262901764595285,0.47465033961763875
0.321371770842171,0.40681620279925157,0.4154686191741334,0.20054983432914636,0.37959336726547416,0.3551781513873197,0.3143505191519828,0.40560845365444004,0.4087697957972499,0.34988643357243543,0.3974107989837211,0.30742140365306614,0.30859675535555436,0.2235006206442429,0.38199655925569387,0.3956467866797954,0.3447285597541888,0.3732535255387754,0.4093389437753423,0.330157584381041,0.4041115821240429,0.32072362560651924,0.3962989402617343,0.3576745262537061,0.3828276346467442,0.3625576152312541,0.3851756538556007,0.0,0.325856242585491,0.2841140496773574,0.32834783630960523,0.3429748934196206,0.29407782603178056,0.32029858235414727,0.2581562246560311,0.22354970819395215,0.20898523757523318,0.2738440854993385,0.3229506145977366,0.24150096516654443,0.21698525979921382,0.22963431160995726,0.332285289118372,0.1912326838580457,0.23072135844047162,0.0,0.2564756045740259,0.33865868888921113,0.0,0.29427526121946196,0.4875532192127774,0.3081304403196006,0.43031107368824706,0.3055865665213924,0.3791560505774062,0.31575054747605247,0.3697525861390609,0.43508224209131485,0.0,0.3982134775886696,0.26016053828409286,0.44857546611276455,0.26376983208320304,0.29754470678091577,0.4406297701321478,0.4107426940063679,0.33399377288598614,0.4670335932706274,0.0,0.2791776189922315,0.32922540093922636,0.4684104867193455,0.4961327737367941,0.49131895923363267,0.35450692116780985,0.4456193347547893
0.37993510705843087,0.39989564132410416,0.36091580452676814,0.27755814842631077,0.40090610379430375,0.3134088132389866,0.41084336530844007,0.3821290335821133,0.3971134042559812,0.25513473710203166,0.29674597792667945,0.28278454019323146,0.3868941233786901,0.3995724939421523,0.358868487847467,0.3843180886174611,0.2913302870148644,0.4022081115619001,0.3181250836683463,0.29654008843821483,0.4000933242993468,0.346235349306397,0.38186294494737366,0.3203237580679603,0.4115905249437095,0.3742266542219178,0.33663060931566924,0.325856242585491,0.0,0.3396790608342166,0.3078283426829275,0.37435530276658646,0.2672867741433773,0.353308411887826,0.3934542824973415,0.39091118051658724,0.3477455535277162,0.0,0.44905467876243643,0.3537187887404643,0.5013378608250052,0.437516137534775,0.37465253424405365,0.28968263018706447,0.0,0.0,0.36988868536753533,0.36591375170104623,0.0,0.33020475339367666,0.4886833679317686,0.3274830319617293,0.4385388003118096,0.3006026868701247,0.0,0.0,0.0,0.500027391118432,0.0,0.41360708133206586,0.2630503529207824,0.0,0.2600603207982481,0.0,0.42721662719887715,0.4406760171156148,0.4127002091378501,0.45993648378353036,0.0,0.2411550482766732,0.3903657487073304,0.46295663660688136,0.4867568207830777,0.46245719450286454,0.41377914377679087,0.4580076889277201
0.0,0.0,0.37364616932215355,0.0,0.0,0.3855337237438025,0.0,0.405139749128457,0.0,0.24428583399334294,0.0,0.0,0.33079770206430836,0.0,0.3930204605906208,0.3514577551235543,0.24602658347944698,0.32520679523442686,0.0,0.3411351747688034,0.40491836651200275,0.3342110468407335,0.39224641009387456,0.0,0.30048925039107877,0.27180708738341924,0.37102443214489594,0.2841140496773574,0.3396790608342166,0.0,0.28035658043321515,0.3408056124445454,0.2830729669666708,0.3235492825059568,0.34795402041375306,0.0,0.0,0.0,0.4506725073004441,0.0,0.0,0.0,0.0,0.0,0.0,0.0,0.0,0.0,0.0,0.0,0.0,0.0,0.0,0.0,0.0,0.0,0.0,0.0,0.0,0.3900419508433168,0.0,0.0,0.0,0.0,0.4058562091633455,0.0,0.0,0.4610862760268991,0.0,0.0,0.0,0.4700112747787024,0.35114141694874457,0.41400242820270206,0.0,0.0
0.34028073731397496,0.33970246575754953,0.42498015741595674,0.0,0.39795710761341674,0.39965659949700966,0.3793513781784589,0.3975491027850391,0.42175803034099973,0.28731465402058803,0.41508362538404425,0.3172214843660393,0.3567401345458392,0.0,0.3487679464444254,0.3142802747887006,0.3272978508971181,0.32379422594362,0.42232858684179003,0.2986528113111528,0.3478326433910747,0.31976714069110523,0.3865209404541989,0.3238430800672691,0.3272919625797584,0.3447046139654898,0.36753371047023253,0.32834783630960523,0.3078283426829275,0.28035658043321515,0.0,0.37255406687557546,0.30168624612899,0.23723198206392282,0.1874296167415094,0.35936528225584213,0.0,0.2840328587715127,0.36937752773401555,0.3137512595338541,0.33444185949643346,0.24853830152186726,0.0,0.0,0.0,0.3819907094656397,0.41029225206315645,0.3390069989437116,0.0,0.0,0.4669910335041903,0.0,0.4352828366522945,0.30427950649901936,0.3742858975721642,0.0,0.3926758868803517,0.32696933202629347,0.0,0.424503644961487,0.40085427801108936,0.3587485361201911,0.3710159111520197,0.0,0.4095943093236779,0.0,0.41326247131714555,0.46498284515010274,0.3729025076221621,0.38791085233795214,0.4134155840610193,0.46593994878114675,0.44774589822944694,0.45489719972524056,0.0,0.34769086093298424
0.40617819838496916,0.3935832781162719,0.40880429453401707,0.23620332890063922,0.33300441361659266,0.38690243504283467,0.36343051045925345,0.29220527033488836,0.4017493470249558,0.29365239629920525,0.32928077609355605,0.22145297410867507,0.3663678621689015,0.20116954436683226,0.39091306470371023,0.4159091027914301,0.39820972655242964,0.39862750397208196,0.37631617964808595,0.3769085835821915,0.38650198529918445,0.3930123224929591,0.3856248711966711,0.37196925048488894,0.3821017572322648,0.4027946366714804,0.3712761054094844,0.3429748934196206,0.37435530276658646,0.3408056124445454,0.37255406687557546,0.0,0.32217399811082975,0.3152859118744537,0.33132771447130593,0.2573149023595255,0.23397756660818408,0.23031462702561178,0.29405173425353587,0.28469405765614963,0.3353332992002295,0.3193073174850858,0.2676524044283518,0.2534691180175005,0.23857223173857509,0.4294814099230353,0.4495578580738962,0.38561348491305736,0.0,0.3419214998543608,0.43920383896432746,0.269915816061924,0.4313633074990588,0.3222163222006723,0.2600920917139509,0.3127636330382881,0.21746022825363914,0.4015481709630661,0.34990382740228476,0.41440227215928666,0.42372107529301617,0.332870466624654,0.4008125682859518,0.32024013651204164,0.39054675253642807,0.41813467259018156,0.40315960822807134,0.4618866060460734,0.2819353684471168,0.412844496675134,0.43193271206069017,0.4580797080579751,0.31132819439868903,0.45087219925469946,0.4522835948044704,0.4468369928532366
0.32403125354745693,0.3291796203742507,0.28274246784562,0.22158234262475368,0.3413388226751944,0.3523991316158374,0.2875152082982514,0.3946960674323305,0.34664868171946217,0.26745592640938126,0.3386165557446805,0.24338395429829976,0.3262852140893585,0.22333875048768181,0.3747818229763399,0.355258633436401,0.32524429699141383,0.3235922127773305,0.30684916458070416,0.3230021034532268,0.34479532482358355,0.3472266866255508,0.36499613614803084,0.2836967964306528,0.30615450557123725,0.33672985483124634,0.33641963854644336,0.29407782603178056,0.2672867741433773,0.2830729669666708,0.30168624612899,0.32217399811082975,0.0,0.23627281632473418,0.306041657179618,0.3090059043523714,0.21881246776567384,0.18473823348640464,0.2785556226522128,0.20151596772180377,0.3125593880301135,0.3504356797987566,0.2758711596866853,0.35110590250835233,0.2056783262429548,0.39126468089842636,0.431707420151919,0.0,0.0,0.0,0.0,0.0,0.0,0.0,0.32753565215325675,0.0,0.33068358178543583,0.29938947034904695,0.0,0.4419892577895762,0.4188252672521538,0.37075893099089335,0.40645839949291074,0.0,0.40032488985695297,0.0,0.4449553553500906,0.4344263360673013,0.33998532969688317,0.3941292330090914,0.4191082974479471,0.44548096157145245,0.2568766551957746,0.37056141816207877,0.0,0.3549590216262277
0.347521968717171,0.33913426705014155,0.42467828976002053,0.18477914275145152,0.389894650170035,0.4017978044099169,0.33246357261366605,0.41002889311424817,0.41717780178782154,0.270105952828949,0.4004306891770997,0.22586574077249896,0.35289349078734195,0.43114506725451107,0.3622676078103297,0.34412169273751564,0.3314935091847631,0.335093791493558,0.40801422684798855,0.34744988959909007,0.3524085928977867,0.35521431701927186,0.3964011744679157,0.2730954028070237,0.3279259140611879,0.3467761379683062,0.3775139624152402,0.32029858235414727,0.353308411887826,0.3235492825059568,0.23723198206392282,0.3152859118744537,0.23627281632473418,0.0,0.22925523686900812,0.2820348744654194,0.22465582461013503,0.19537569087463946,0.28894722384148114,0.22337067826231868,0.24442269368927264,0.30829538927678674,0.24666092342693077,0.21851728497080458,0.2046542153280751,0.3769497597871077,0.4170906284216395,0.3198861147258843,0.0,0.0,0.4711213889606951,0.2121551813592183,0.4425133385364068,0.2893613505985043,0.3468685145074799,0.0,0.2855840514446321,0.3251646041335765,0.0,0.43291302483428545,0.404192608492349,0.36724726583165557,0.3772744557794839,0.0,0.4256628128102189,0.40938502229018014,0.42584121272041103,0.47044426542810686,0.27147550663272313,0.3908017016762123,0.42408964565165974,0.47060219299252604,0.19186960302653538,0.46359502730294105,0.3919959010811956,0.3981898423105984
