0.0,0.4128373255197526,0.0,0.0,0.0,0.4027471535554372,0.3420638879372512,0.46625561353409384,0.0,0.0,0.0,0.3777853902910643,0.39149570786387783,0.0,0.3824032488887402,0.40994713746415573,0.0,0.42621246067269575,0.0,0.40476660401736336,0.3718661684705601,0.3978072658548093,0.43189883474741,0.33789584705516656,0.4286024115523004,0.35261254733599134,0.4344461078267105,0.44211407728407026,0.42012549703557533,0.0,0.3684673325536041,0.4261335741891046,0.3472469971916841,0.3670612842199181,0.4471842679507985,0.0,0.0,0.3408364736596627,0.4285967354748609,0.4031762619451132,0.37952066006192875,0.5112072881290235,0.0,0.0,0.0,0.3322805151551549,0.4396071230069848,0.0,0.0,0.0,0.0,0.0,0.0,0.0,0.0,0.0,0.0,0.0,0.0,0.0,0.4492681958804079,0.0,0.4439695622866534,0.0,0.0,0.0,0.4513344153176624,0.0,0.0,0.45039850632982703,0.4655050224236,0.0,0.0,0.0,0.0,0.3588938486739891
0.4128373255197526,0.0,0.3618737659706718,0.0,0.3745602249084564,0.40413862574321585,0.41795635770470174,0.4238724571814882,0.3852410777839759,0.0,0.2940061430719104,0.0,0.4320536731982644,0.0,0.41564219322789037,0.43182328215023574,0.0,0.4352003657233953,0.3664710269662809,0.42872185172034344,0.41238431317271107,0.3932725140134421,0.4304628936421901,0.34613245632412865,0.4057342300256229,0.40712799667280214,0.4142937446462284,0.44049234886794253,0.422607277521614,0.41378257794113443,0.3750465098565011,0.4113263808994489,0.37247587298063345,0.37756140273411287,0.4620128406804241,0.3485650651899025,0.0,0.0,0.4593973510731805,0.4582921524622661,0.4426207443605985,0.4865807036908516,0.0,0.0,0.0,0.45663800555413436,0.46956390850255936,0.0,0.0,0.0,0.4258857532354977,0.3675799433886333,0.0,0.0,0.0,0.0,0.0,0.3377763123756242,0.0,0.48433664220084066,0.46759584425005535,0.36804980918939695,0.4806602434890052,0.0,0.46811617231289543,0.4683913242867753,0.46097849118669565,0.4687487143662697,0.0,0.4875397347421561,0.49957368837834254,0.4561519777461191,0.35508667415594564,0.47070995404011956,0.0,0.44084447061403237
0.0,0.3618737659706718,0.0,0.39068313320429593,0.38637462897045366,0.39963364115989297,0.4476840891063939,0.4858888216904024,0.319818588820954,0.43810154525401257,0.31124593401668404,0.3790488387510939,0.4571989923562274,0.43122679293141736,0.0,0.0,0.38902555571551567,0.3982843427570478,0.26461146780497624,0.0,0.0,0.40995953749650815,0.33682346508721844,0.3853868197429687,0.3091590016281478,0.34634809888876594,0.31980925503098556,0.4673850629100184,0.40193028368296657,0.4257368952100668,0.4692427021996828,0.4745889132982826,0.0,0.49135265123996313,0.4769484539971597,0.46350440404463433,0.45923392993664064,0.368525716545858,0.46090637721167405,0.0,0.45305776610925325,0.3336503331905437,0.4741913242140372,0.3422897463124765,0.0,0.0,0.0,0.37024622051129297,0.0,0.517868214586067,0.5461161522866195,0.5380791529267154,0.5499256124705492,0.44875647721983625,0.0,0.37015901726711814,0.0,0.5184397077590238,0.5534774774998636,0.0,0.0,0.0,0.0,0.27898743076434934,0.0,0.0,0.0,0.5198122595922933,0.0,0.0,0.0,0.5703700462812091,0.4612825122337228,0.0,0.0,0.46826311490563066
0.0,0.0,0.39068313320429593,0.0,0.244688489224167,0.4185276276165444,0.2940289125236909,0.30401398981378225,0.42925614255576094,0.0,0.39204356645138155,0.0,0.3060837176580732,0.23837331014195773,0.0,0.0,0.0,0.0,0.41471052476689235,0.4766427811561709,0.0,0.49556883426978277,0.42644007466646183,0.0,0.0,0.0,0.4264787260826439,0.2577922852872075,0.4050638693851874,0.0,0.27078872627537026,0.26746152618985225,0.0,0.3581077054643618,0.3918129368458007,0.18952849428836616,0.19654615409631365,0.0,0.0,0.0,0.0,0.0,0.2518359800468257,0.24548787260485772,0.0,0.0,0.0,0.0,0.0,0.0,0.0,0.0,0.0,0.0,0.0,0.0,0.0,0.0,0.0,0.0,0.0,0.0,0.0,0.0,0.0,0.0,0.0,0.34120130482068917,0.0,0.0,0.0,0.0,0.0,0.0,0.0,0.0
0.0,0.3745602249084564,0.38637462897045366,0.244688489224167,0.0,0.3650630571307911,0.3337853135240563,0.41112634192312747,0.3521096324372928,0.5444947949337654,0.33975591923436765,0.44050533566558364,0.36646826457224824,0.3152280480670865,0.0,0.4012563018857506,0.4177373844075753,0.4214475154979082,0.37789024544072036,0.4011837288151528,0.0,0.4108177991347658,0.3712981217750962,0.42430391802310385,0.36954256507448513,0.38491591778568957,0.37176927166714246,0.3658493958476576,0.3982757894675869,0.41761272962389084,0.4549634681407447,0.3710041953426377,0.404357192240104,0.4382020265872875,0.43436045545863916,0.24668160450826135,0.2592111301200703,0.41924556789356215,0.3244963671215949,0.0,0.3540103607211386,0.3280028670714531,0.3919109354319037,0.311485100364743,0.0,0.0,0.0,0.4889388722204945,0.0,0.3884860681256933,0.4838395611329344,0.37802831999135356,0.4265994956061183,0.4422305629749883,0.0,0.44648821958394147,0.0,0.3361406712431861,0.4180523269283848,0.0,0.0,0.0,0.0,0.46112327660425795,0.0,0.0,0.337597584558958,0.49546239749788784,0.0,0.0,0.33173326470247894,0.46350183903612907,0.32602666674948055,0.34643035758702384,0.0,0.32928513468075377
0.4027471535554372,0.40413862574321585,0.39963364115989297,0.4185276276165444,0.3650630571307911,0.0,0.41177238526409454,0.4440737113554058,0.3528484622185049,0.49407966562018574,0.370416388979686,0.4205056758388964,0.38235617362617,0.44072195199790914,0.4399662048646891,0.43261174986885564,0.3510906145201428,0.48162189167887576,0.4129229843700633,0.40548456363726704,0.4582110095566305,0.4156011287778588,0.39742179516245774,0.3706321907624295,0.3974314571781516,0.4293711311171057,0.3755378384145682,0.4038380188209278,0.3427743885165491,0.4119756295408632,0.44431658573925986,0.4296897327693286,0.41034679761459847,0.46175834552928213,0.46067186128342297,0.44595759217841874,0.45124319699361654,0.40937983745010365,0.4688300346545143,0.38451444832408943,0.489455649883749,0.3882148435475507,0.43388657606719944,0.3057166980181877,0.0,0.0,0.3564899256126572,0.5468356722962182,0.0,0.4571934766563991,0.4897466627651969,0.5199642015414998,0.4923938937216851,0.5407060735820255,0.0,0.505624515301391,0.3886657943403565,0.522542341586631,0.4288482429322183,0.44265842255157933,0.30431286902791577,0.0,0.0,0.5332527658037778,0.44903191316864055,0.4354618743758825,0.42051509638916884,0.5096163949572571,0.0,0.30412564416788496,0.42534640872126583,0.5077559617550024,0.513805908097429,0.47118687590195907,0.48279952885023564,0.5009084451773899
0.3420638879372512,0.41795635770470174,0.4476840891063939,0.2940289125236909,0.3337853135240563,0.41177238526409454,0.0,0.4491362338088902,0.3935397571579665,0.49720856660410434,0.4495754407330343,0.41069177475398955,0.3306102111222888,0.3794692830171241,0.0,0.4450112248645534,0.43092019133541515,0.44351838910570407,0.45174029930318627,0.4391899117753667,0.0,0.4515661259847211,0.44019429022313217,0.4269177286857018,0.4137922544068656,0.4240968669882366,0.42894885928188886,0.34291228292954146,0.4307706704735422,0.4443696545596254,0.4025665285203122,0.40540155929494764,0.4051702642472458,0.40919828201072217,0.39511722695335083,0.32743535538546825,0.32650558990068873,0.4094266086908437,0.37267343039543993,0.0,0.35458813947349854,0.33617624882193653,0.36097801151454173,0.0,0.0,0.0,0.3400402588148455,0.45351968010357224,0.0,0.36401095500922465,0.46404445543218864,0.3997285259625437,0.44042440295029384,0.4192758231221166,0.0,0.3766396377517951,0.0,0.37761573914011126,0.0,0.0,0.0,0.0,0.0,0.41142497202797385,0.0,0.0,0.33003662122777994,0.5147306743719835,0.0,0.0,0.34320019620346054,0.49919926494331945,0.3704353915811759,0.0,0.0,0.3757405686299455
0.46625561353409384,0.4238724571814882,0.4858888216904024,0.30401398981378225,0.41112634192312747,0.4440737113554058,0.4491362338088902,0.0,0.48929259919847284,0.4381572949594802,0.40399171184730603,0.42221752659855777,0.4568804427824203,0.40019304940425976,0.46085389960529355,0.43564034987580225,0.30469334790900193,0.4623004349645373,0.4707708133001216,0.3938330040761288,0.38607021302611305,0.42324476186715276,0.3785518847343068,0.4817058962901129,0.4741575363313475,0.4688910888606988,0.44570422575058566,0.45002029349752976,0.4118672243572534,0.416503386369407,0.4569920418625833,0.3719590748161995,0.4338676074999749,0.45876404055261977,0.4759844402451848,0.25643821521295385,0.3714454019984295,0.37394880582554746,0.45850656742042206,0.0,0.48484340735472814,0.0,0.4199811710436864,0.0,0.0,0.0,0.0,0.5370608276651084,0.0,0.4936563736177505,0.4417841874575313,0.502043210478401,0.39005871386870655,0.5431115109155931,0.35261214117588785,0.48637433859976625,0.0,0.5059232272986022,0.0,0.49081133344843075,0.0,0.0,0.0,0.5209509622104906,0.49575583430472336,0.5110569073285862,0.5562504377099424,0.47280080574114935,0.0,0.0,0.43480741834776987,0.4847175646188555,0.4951004682126999,0.44362429672312864,0.4222592059138131,0.4810032827230822
0.0,0.3852410777839759,0.319818588820954,0.42925614255576094,0.3521096324372928,0.3528484622185049,0.3935397571579665,0.48929259919847284,0.0,0.5120077840002387,0.3413812922453699,0.4534378571976633,0.39517044496566717,0.44231889557713694,0.0,0.40987401139746216,0.36475166915631113,0.36015469295639824,0.2970252915384182,0.39166348491585445,0.3455513455887392,0.40536916839141257,0.4020478957701516,0.4098124309966273,0.36364633753551195,0.40259085761245605,0.3781093159672795,0.4582124426193765,0.40148918518256865,0.4255224704593978,0.46802356017066016,0.45679690356078445,0.4356391891338219,0.4752471515107264,0.4796174762977179,0.47627141836596604,0.47766770655391155,0.4805552870037389,0.45392246293824084,0.0,0.36583041644267633,0.3160080235781456,0.4618651121847443,0.31607755932730536,0.0,0.0,0.33324647220584086,0.5456627395734442,0.0,0.47147722431570827,0.5309375904996074,0.5058686928255852,0.5344515111935957,0.5427303054930276,0.0,0.5224189676576553,0.41854451543420607,0.4749048744406152,0.4971733390586022,0.3551597290621562,0.0,0.0,0.0,0.5393784274757923,0.3946263842041873,0.0,0.32898052929201965,0.5462168053084372,0.0,0.0,0.33860204514028,0.5427219430308451,0.4477996696564801,0.3826706484562952,0.0,0.4061775956191133
0.0,0.0,0.43810154525401257,0.0,0.5444947949337654,0.49407966562018574,0.49720856660410434,0.4381572949594802,0.5120077840002387,0.0,0.5053798087597335,0.31993224672367904,0.4455446011748803,0.44647013509888306,0.0,0.3785038315229536,0.3340507275387073,0.37293057461474016,0.4795604945122566,0.3255216162210261,0.0,0.344476217904636,0.46183695972071875,0.37003536579172214,0.3443090091716928,0.3536115436143248,0.45186366121750504,0.416209878166446,0.3896663469016166,0.0,0.3488554381642377,0.39053411174775293,0.31200207315168316,0.32541352835843057,0.35857121641397516,0.44489506738585644,0.3744290501904002,0.29366918910590384,0.4120842019821954,0.3955599047121654,0.3639954996510688,0.0,0.48406115397809424,0.0,0.3724540241733748,0.0,0.0,0.0,0.0,0.0,0.0,0.0,0.0,0.0,0.46397596940654784,0.0,0.46190903333594596,0.41292093081046,0.0,0.0,0.0,0.479420320817885,0.439449755303363,0.0,0.0,0.0,0.0,0.38152241848459184,0.47231350237777137,0.44989368430689003,0.4670165809178735,0.0,0.42130974811164984,0.0,0.0,0.4361203568955843
0.0,0.2940061430719104,0.31124593401668404,0.39204356645138155,0.33975591923436765,0.370416388979686,0.4495754407330343,0.40399171184730603,0.3413812922453699,0.5053798087597335,0.0,0.4527162783172508,0.45591287899740257,0.37736744031644665,0.0,0.0,0.3926836391491694,0.37919047327349004,0.23957762301545119,0.0,0.43933649765988675,0.0,0.32783320208833333,0.44618030016291127,0.3826925729290266,0.35473160249868135,0.3768499231722016,0.46361397535198395,0.3755118727829315,0.0,0.4729550738484883,0.3986299358534705,0.42744058669633483,0.4737852229903726,0.4556984637995133,0.3258568804282519,0.46577679571705927,0.45082313060029705,0.4116619552131143,0.0,0.3721848744771234,0.34181442165834164,0.42235411030794484,0.3442540717437672,0.0,0.0,0.0,0.3759231149479627,0.0,0.48802293636480387,0.519231638558062,0.47012728874609294,0.49828182500053864,0.42820842325329717,0.0,0.3516825070969461,0.3568332877287348,0.4417344970827455,0.47352821161357583,0.0,0.0,0.0,0.0,0.2758883217460319,0.0,0.0,0.0,0.5527997878197813,0.0,0.0,0.0,0.537576977672154,0.40607474505879554,0.0,0.0,0.0
0.3777853902910643,0.0,0.3790488387510939,0.0,0.44050533566558364,0.4205056758388964,0.41069177475398955,0.42221752659855777,0.4534378571976633,0.31993224672367904,0.4527162783172508,0.0,0.49117652554310853,0.3815162890729141,0.28046148916371705,0.0,0.3780264521476829,0.36595849058524377,0.40099907530202983,0.3580278211438813,0.4026154441016124,0.3697351189368632,0.39539085118858636,0.3248938892950862,0.36208153052578973,0.31618452041989,0.3948816633259287,0.40043300728940084,0.35222009946140825,0.0,0.34700412269331143,0.2753611167264217,0.312455415139581,0.23231836122344554,0.3674975444773141,0.38432029431878845,0.31378329192785714,0.2230307284701808,0.2355729033536343,0.40551702802069817,0.38057003988760657,0.28262058082393293,0.0,0.0,0.3841573197429838,0.0,0.0,0.0,0.0,0.0,0.0,0.0,0.0,0.0,0.4747015340565195,0.0,0.46652782098388323,0.4248516478528807,0.0,0.0,0.3670153914255105,0.5117520831213698,0.4384597777559624,0.0,0.0,0.0,0.0,0.44469019000801113,0.48382398197405424,0.4591797231316231,0.4700231130105457,0.0,0.42755712629147263,0.0,0.0,0.4352807072953578
0.39149570786387783,0.4320536731982644,0.4571989923562274,0.3060837176580732,0.36646826457224824,0.38235617362617,0.3306102111222888,0.4568804427824203,0.39517044496566717,0.4455446011748803,0.45591287899740257,0.49117652554310853,0.0,0.3884937962953708,0.0,0.4602639956196326,0.45865639399389746,0.476717692966686,0.45499907104169474,0.4364134811545917,0.0,0.4585009329232099,0.4408981724456083,0.522143861458475,0.4331239791602991,0.43801911965349183,0.4328709856280675,0.3445022001221184,0.4021879240771404,0.40468340555490434,0.41898039954694555,0.40581921093416196,0.43197435551103947,0.42198617938018834,0.43086837655789234,0.34350066310965466,0.34285483957143476,0.45461974016244466,0.4405141174314453,0.41239616682181235,0.3698835489104366,0.3156958634931112,0.3759488694614128,0.2846207673122834,0.0,0.0,0.3202338212957963,0.4828152982391518,0.0,0.35579925301714027,0.4902461232946323,0.4157822191129883,0.4953194441457784,0.4110462104753144,0.4247826197230659,0.41230929474983236,0.3723629461541822,0.3874215170977371,0.3678620152050921,0.3774338468699295,0.3130266163713509,0.0,0.3663984066824251,0.42231670099173474,0.42177267474054897,0.0,0.3333097263510258,0.512646354642685,0.0,0.36872483962651237,0.3779930398019875,0.5152558563965888,0.4205366145020364,0.4587379555737851,0.4298609319914568,0.41071159489029274
0.0,0.0,0.43122679293141736,0.23837331014195773,0.3152280480670865,0.44072195199790914,0.3794692830171241,0.40019304940425976,0.44231889557713694,0.44647013509888306,0.37736744031644665,0.3815162890729141,0.3884937962953708,0.0,0.0,0.0,0.0,0.0,0.386871821012844,0.0,0.4714362926809299,0.0,0.4147772587107806,0.0,0.42409420819572574,0.4330851085110276,0.43330831980512186,0.26573976540179944,0.46451449892018276,0.0,0.4842249333887545,0.2614153267024041,0.0,0.44614723908561826,0.4494435759572795,0.23063104400342718,0.21896122013616615,0.3737505943009948,0.0,0.0,0.3818798658284261,0.46001657472831375,0.0,0.0,0.0,0.0,0.0,0.43135972759320723,0.0,0.4687704694793644,0.0,0.39627007037548817,0.0,0.4921616532720567,0.0,0.4542651362898251,0.0,0.0,0.0,0.0,0.0,0.0,0.0,0.43719823305424477,0.0,0.0,0.0,0.48059487239362114,0.0,0.0,0.0,0.0,0.0,0.0,0.0,0.0
0.3824032488887402,0.41564219322789037,0.0,0.0,0.0,0.4399662048646891,0.0,0.46085389960529355,0.0,0.0,0.0,0.28046148916371705,0.0,0.0,0.0,0.4109638063036025,0.36496654731669,0.40119461459674116,0.0,0.2833317971674246,0.36864081720804726,0.2999447631574449,0.3258729870504358,0.3591281365962911,0.3986961996463017,0.39008299949735015,0.3482010667015517,0.0,0.42133028480748197,0.0,0.38822875844431515,0.43079713231182315,0.38860249567958705,0.41608665476929485,0.48659553689589286,0.542597493027231,0.0,0.0,0.4548623648172211,0.4547307252088152,0.45456720275721585,0.5003773407486877,0.5186800288316956,0.0,0.0,0.0,0.49184406503619493,0.0,0.0,0.0,0.47057302214941654,0.0,0.5340441945331322,0.0,0.0,0.0,0.0,0.0,0.0,0.3934314030756798,0.43981103609926286,0.0,0.33240434286581,0.0,0.3820068592655217,0.4467440971992897,0.4575768398534779,0.47128405827892644,0.0,0.3751162940099962,0.45759868484919,0.36485528977612947,0.5062525894964253,0.4549162917455945,0.0,0.42434631838808057
0.40994713746415573,0.43182328215023574,0.0,0.0,0.4012563018857506,0.43261174986885564,0.4450112248645534,0.43564034987580225,0.40987401139746216,0.3785038315229536,0.0,0.0,0.4602639956196326,0.0,0.4109638063036025,0.0,0.37960222524908727,0.32945607844216573,0.0,0.40612145020593077,0.40942864043841426,0.3858752677510268,0.4252729790852461,0.36966108724774693,0.43259769673376675,0.4015770813614459,0.42782048668441397,0.455792799560746,0.42864095295899035,0.417194710491415,0.3701822123152025,0.44225400236233126,0.37976194164760113,0.3892778365349384,0.45837319863504516,0.0,0.0,0.0,0.4361698325637146,0.42144891373104737,0.4297039561850898,0.46744758023224475,0.0,0.0,0.0,0.4382222455297549,0.4545172764360705,0.0,0.0,0.0,0.0,0.0,0.0,0.0,0.3614144884481366,0.0,0.0,0.3579153264460146,0.0,0.4576947793720564,0.45473275436716354,0.3418966200618641,0.434065952856285,0.0,0.4398409768581845,0.0,0.44631152620190656,0.3913849148277709,0.0,0.4607464194962657,0.48042659084176936,0.4172787197569651,0.3670476926871568,0.420778658589062,0.0,0.42539424028427864
0.0,0.0,0.38902555571551567,0.0,0.4177373844075753,0.3510906145201428,0.43092019133541515,0.30469334790900193,0.36475166915631113,0.3340507275387073,0.3926836391491694,0.3780264521476829,0.45865639399389746,0.0,0.36496654731669,0.37960222524908727,0.0,0.3365052843662799,0.37559248612668655,0.36159527495916044,0.0,0.36941581700855264,0.36347199615698017,0.3921379369058048,0.33561566402763054,0.35965961115234485,0.36889186075876945,0.42449125693305223,0.34959948944775865,0.0,0.35183074166951606,0.41132663447570456,0.34232079426392065,0.3445913104354443,0.3875351999350034,0.4526007138473053,0.0,0.32024334888544304,0.3949144805212518,0.379139018122847,0.40371872868545783,0.0,0.0,0.0,0.0,0.0,0.0,0.0,0.0,0.0,0.0,0.0,0.0,0.0,0.47449709978689747,0.0,0.48466535178065123,0.0,0.0,0.0,0.0,0.47858010691564806,0.4426052588779742,0.0,0.0,0.0,0.0,0.0,0.49177971154579647,0.45289944694054346,0.4667943214828508,0.0,0.0,0.0,0.0,0.3958323575850773
0.42621246067269575,0.4352003657233953,0.3982843427570478,0.0,0.4214475154979082,0.48162189167887576,0.44351838910570407,0.4623004349645373,0.36015469295639824,0.37293057461474016,0.37919047327349004,0.36595849058524377,0.476717692966686,0.0,0.40119461459674116,0.32945607844216573,0.3365052843662799,0.0,0.38294864319134264,0.40825965844576884,0.43411892989133966,0.39475498173034534,0.449228391432935,0.38340304611829534,0.3707894752569884,0.38741817427924813,0.462808795056858,0.4492184465026143,0.4266426321269139,0.3406032579213953,0.38480259562197,0.4519569132997823,0.3692186942878665,0.3793214784020819,0.4463155251562391,0.44009665922463864,0.0,0.2875940404770057,0.4342942233386205,0.39332756239097694,0.4272511538408227,0.4635300919483567,0.0,0.0,0.0,0.46629934510271126,0.4508894598973955,0.0,0.0,0.0,0.0,0.0,0.3996113779912893,0.0,0.45938797488920596,0.0,0.4721106323703229,0.0,0.0,0.39508073667427435,0.44745910855394944,0.4507678836347115,0.4493683328368917,0.0,0.3598609166841062,0.3960964028444114,0.4406192361909292,0.3601926961835426,0.4989795317185485,0.45892427503323985,0.4747747731142998,0.0,0.3080060701111579,0.355806498503973,0.0,0.4323745104789001
0.0,0.3664710269662809,0.26461146780497624,0.41471052476689235,0.37789024544072036,0.4129229843700633,0.45174029930318627,0.4707708133001216,0.2970252915384182,0.4795604945122566,0.23957762301545119,0.40099907530202983,0.45499907104169474,0.386871821012844,0.0,0.0,0.37559248612668655,0.38294864319134264,0.0,0.0,0.0,0.0,0.3211224731158949,0.3956340931171891,0.3281479595088079,0.3558164461510982,0.3635784972404871,0.45819353675937124,0.0,0.39102185531105416,0.4774952493884398,0.4512400439635331,0.40048693016574566,0.4922845181875242,0.4689174594049455,0.4253431474509973,0.45459353072223696,0.40753793049637926,0.4339911870115958,0.0,0.38869557703091695,0.0,0.45018714695839607,0.0,0.0,0.0,0.0,0.5265106238310052,0.0,0.49381304724770203,0.5408371775391071,0.4955786846239034,0.5302884172664395,0.5547975927264578,0.0,0.5420136420624684,0.0,0.4473589248223979,0.504395103524313,0.0,0.0,0.0,0.0,0.5496711530738246,0.0,0.0,0.0,0.5634395492784243,0.0,0.0,0.0,0.566701489105262,0.39468557301744056,0.0,0.0,0.4519896050443464
0.40476660401736336,0.42872185172034344,0.0,0.4766427811561709,0.4011837288151528,0.40548456363726704,0.4391899117753667,0.3938330040761288,0.39166348491585445,0.3255216162210261,0.0,0.3580278211438813,0.4364134811545917,0.0,0.2833317971674246,0.40612145020593077,0.36159527495916044,0.40825965844576884,0.0,0.0,0.3992220585639187,0.36760947118628867,0.2448425129719227,0.32512614491824104,0.42906419723885353,0.41231495494117926,0.34822940787876105,0.39874614932180025,0.3317272162242401,0.36302129740537775,0.36298210932959263,0.43497346441243323,0.3926384258674459,0.4148705965919274,0.4852432859493829,0.5179937149453345,0.4747438566899253,0.36756939550340045,0.46425292170520904,0.4442814752594335,0.46539133114796655,0.4914087628435458,0.40645101072351525,0.31506161288196455,0.0,0.0,0.45056753590805226,0.0,0.0,0.0,0.4634144700214546,0.38479982304614196,0.4898416354061285,0.0,0.0,0.0,0.41199394944640727,0.4350727107964946,0.0,0.47413295769408553,0.3617329668028818,0.31593790040195185,0.3140179959665952,0.0,0.4687008819085003,0.48352541894145745,0.46652922977436967,0.4921166616624632,0.0,0.3352957060205751,0.4848058320563604,0.4741801378811218,0.49901024383181775,0.4969121311328936,0.40332260317193247,0.4620811706224139
0.3718661684705601,0.41238431317271107,0.0,0.0,0.0,0.4582110095566305,0.0,0.38607021302611305,0.3455513455887392,0.0,0.43933649765988675,0.4026154441016124,0.0,0.4714362926809299,0.36864081720804726,0.40942864043841426,0.0,0.43411892989133966,0.0,0.3992220585639187,0.0,0.39617513849873487,0.38660109457331926,0.424278149615251,0.43260634684889254,0.39501653989230395,0.4369173903942036,0.4774537743767439,0.41478205425268133,0.4398853234508573,0.3799458701161838,0.4285340457667771,0.3643454470055582,0.4071769366113282,0.49465534782979015,0.4590819462112363,0.0,0.37280403209569013,0.45916194604529526,0.4357381735025106,0.4525095359032257,0.5042885364065984,0.0,0.0,0.0,0.3079160473977045,0.4878763624516442,0.0,0.0,0.0,0.47203614878910466,0.0,0.4496961867652192,0.0,0.0,0.0,0.0,0.4801329313193176,0.0,0.44581648372645216,0.4438012944587275,0.0,0.3496126899490254,0.0,0.46274384701960614,0.35411862173169545,0.4800998023492733,0.48617042319754666,0.0,0.43375611940466396,0.5015079273432339,0.4726355095564808,0.5029742235348964,0.474093009454898,0.4568912608052328,0.4406551481493511
0.3978072658548093,0.3932725140134421,0.40995953749650815,0.49556883426978277,0.4108177991347658,0.4156011287778588,0.4515661259847211,0.42324476186715276,0.40536916839141257,0.344476217904636,0.0,0.3697351189368632,0.4585009329232099,0.0,0.2999447631574449,0.3858752677510268,0.36941581700855264,0.39475498173034534,0.0,0.36760947118628867,0.39617513849873487,0.0,0.4162724372942575,0.3390012327424383,0.42605491429743414,0.39684637359656527,0.41361683986278697,0.4452583100695056,0.4036286091648835,0.4226591676606,0.37394894418329294,0.42069665067417883,0.37562268412356997,0.4008070660729371,0.4748616122119941,0.5129672038020183,0.47511987499645625,0.0,0.4487065478917333,0.4638606917606655,0.45671816582803193,0.49721540410226456,0.44445162316660286,0.31001715398329494,0.0,0.44174985207618195,0.47173481549620766,0.0,0.0,0.0,0.44595813702703635,0.34055530297974645,0.5005090353777346,0.0,0.0,0.0,0.3706968003191057,0.34942520646192654,0.0,0.4636532104355878,0.453662404743431,0.0,0.39090279795117905,0.0,0.4686962967196466,0.46715383479617906,0.47581285522748673,0.48791649021614425,0.0,0.4558409886933145,0.4977985983915275,0.4794427746943427,0.415616691036013,0.4739131678832623,0.0,0.44791459338873924
0.43189883474741,0.4304628936421901,0.33682346508721844,0.42644007466646183,0.3712981217750962,0.39742179516245774,0.44019429022313217,0.3785518847343068,0.4020478957701516,0.46183695972071875,0.32783320208833333,0.39539085118858636,0.4408981724456083,0.4147772587107806,0.3258729870504358,0.4252729790852461,0.36347199615698017,0.449228391432935,0.3211224731158949,0.2448425129719227,0.38660109457331926,0.4162724372942575,0.0,0.42191009353642045,0.423875075249694,0.43021353539593404,0.3368272075765918,0.44049962091874856,0.4031866351016349,0.4109835597813691,0.4342218417704767,0.4281229747892055,0.40657146897920243,0.4500919259930911,0.48801617165643824,0.4043326281017967,0.46397314235500453,0.39441894801978045,0.5017540361193095,0.5034241219837182,0.5114655513526583,0.5006827218390694,0.48488914684985196,0.4187227744181272,0.0,0.0,0.47033268350479907,0.47918448771790145,0.0,0.5247162949563906,0.49083172224696037,0.5350088558013281,0.49167328043913394,0.5482696289728557,0.42656245697298206,0.3685796578646742,0.4179687770616914,0.524007102741306,0.4995745109618189,0.49262288522447656,0.36524455402072037,0.0,0.34590676486390665,0.3671406578807462,0.49297506567427934,0.5100795004202849,0.5030705025916036,0.5117945797343293,0.0,0.3383254003377916,0.5174292772490116,0.5078030380651891,0.5122375657523925,0.4953313560256888,0.4992324522199097,0.5092884441429906
0.33789584705516656,0.34613245632412865,0.3853868197429687,0.0,0.42430391802310385,0.3706321907624295,0.4269177286857018,0.4817058962901129,0.4098124309966273,0.37003536579172214,0.44618030016291127,0.3248938892950862,0.522143861458475,0.0,0.3591281365962911,0.36966108724774693,0.3921379369058048,0.38340304611829534,0.3956340931171891,0.32512614491824104,0.424278149615251,0.3390012327424383,0.42191009353642045,0.0,0.36366881797734085,0.3392554500775102,0.37635652867997565,0.4109470646857124,0.35144365178788006,0.0,0.35299302033550467,0.3698696815722041,0.29164532359525663,0.28135208459076533,0.3765017352486788,0.4235092370532412,0.0,0.2451495347366257,0.4520256207445841,0.37772077231581375,0.4295794079799853,0.0,0.0,0.0,0.33159301557188403,0.4515780522165939,0.45367702009412225,0.0,0.0,0.0,0.0,0.0,0.0,0.0,0.4418474612816648,0.0,0.42892481769024904,0.44818668905330183,0.0,0.0,0.44977654786377236,0.46392033273646205,0.45650947669415554,0.0,0.0,0.0,0.0,0.5344884772400701,0.4261689159819102,0.45684335510460194,0.4631502736788153,0.0,0.0,0.0,0.0,0.4486503467057966
0.4286024115523004,0.4057342300256229,0.3091590016281478,0.0,0.36954256507448513,0.3974314571781516,0.4137922544068656,0.4741575363313475,0.36364633753551195,0.3443090091716928,0.3826925729290266,0.36208153052578973,0.4331239791602991,0.42409420819572574,0.3986961996463017,0.43259769673376675,0.33561566402763054,0.3707894752569884,0.3281479595088079,0.42906419723885353,0.43260634684889254,0.42605491429743414,0.423875075249694,0.36366881797734085,0.0,0.37215931315872525,0.40881820574321664,0.4276758237913956,0.43090073337791523,0.33875932370489165,0.3758455093863023,0.4049948185415373,0.3400321106580515,0.3428189417586623,0.38226775429193016,0.3876299913790845,0.0,0.29220146659853646,0.4602002369136591,0.42243783476020247,0.4416568672475884,0.47921724645280767,0.0,0.0,0.33876341586806885,0.48141424012688033,0.4642453773289686,0.0,0.0,0.0,0.3155686868076631,0.0,0.3944362684133861,0.0,0.466616832775821,0.0,0.4672002715147819,0.35800322680125085,0.0,0.4480649602677671,0.47163538428734425,0.46511387883013056,0.46681368599705664,0.0,0.43954741762802507,0.4500779783464361,0.465441169412724,0.37212994184855913,0.4621900267040294,0.47578781496571465,0.4829566085881368,0.0,0.3916612722839117,0.45196751635475174,0.0,0.44761619486503296
0.35261254733599134,0.40712799667280214,0.34634809888876594,0.0,0.38491591778568957,0.4293711311171057,0.4240968669882366,0.4688910888606988,0.40259085761245605,0.3536115436143248,0.35473160249868135,0.31618452041989,0.43801911965349183,0.4330851085110276,0.39008299949735015,0.4015770813614459,0.35965961115234485,0.38741817427924813,0.3558164461510982,0.41231495494117926,0.39501653989230395,0.39684637359656527,0.43021353539593404,0.3392554500775102,0.37215931315872525,0.0,0.4413480690386177,0.4330075637698651,0.42118580748049167,0.0,0.3719830958972534,0.413767265919978,0.35350569643588403,0.3657542409478049,0.429217249774433,0.43108592098535264,0.45050759308165017,0.32557977792717946,0.4513895025962173,0.4309801221056426,0.4455945194416562,0.4847341121312611,0.0,0.0,0.3812974628790162,0.456892042654385,0.47659120299007607,0.0,0.0,0.0,0.4383076207272198,0.0,0.4692893670213951,0.0,0.49709526742242893,0.0,0.4924229435595262,0.36169452821998804,0.0,0.46458689432686384,0.46359381683100015,0.47853629629810285,0.4663274460457167,0.0,0.48149011993393454,0.47602118082795014,0.48533167046922404,0.4933077749359504,0.4781219364645962,0.4691640645557725,0.48624011666714306,0.472621937924913,0.40551958269204397,0.4714484222037828,0.0,0.447431560487306
0.4344461078267105,0.4142937446462284,0.31980925503098556,0.4264787260826439,0.37176927166714246,0.3755378384145682,0.42894885928188886,0.44570422575058566,0.3781093159672795,0.45186366121750504,0.3768499231722016,0.3948816633259287,0.4328709856280675,0.43330831980512186,0.3482010667015517,0.42782048668441397,0.36889186075876945,0.462808795056858,0.3635784972404871,0.34822940787876105,0.4369173903942036,0.41361683986278697,0.3368272075765918,0.37635652867997565,0.40881820574321664,0.4413480690386177,0.0,0.43386881344161715,0.3610928540465299,0.4023446844864507,0.39623831932706943,0.42518768347606406,0.37463100030198604,0.43144212562174883,0.462939791114298,0.4596158636910206,0.44153872270848343,0.3996136474216615,0.4951348892191004,0.45963027143643626,0.5084982909264667,0.4818976103542961,0.4701317942024861,0.345049473139843,0.0,0.0,0.42068313857247747,0.557854259790414,0.0,0.49506941211190636,0.49101032636156194,0.5249816218844174,0.49722075207820626,0.5487092562235841,0.360202746681461,0.5306046171144367,0.3866638698828704,0.5403574965108285,0.48087133567212414,0.4856734980467945,0.3441701274201883,0.0,0.33665174008864723,0.5400940762100226,0.4805552716939952,0.49296762234149216,0.5088265014381349,0.507317237832873,0.0,0.3268289106597779,0.4857876635784481,0.4996037386149582,0.5167394880942482,0.48936769116383566,0.48244046605542446,0.49937827734454354
0.44211407728407026,0.44049234886794253,0.4673850629100184,0.2577922852872075,0.3658493958476576,0.4038380188209278,0.34291228292954146,0.45002029349752976,0.4582124426193765,0.416209878166446,0.46361397535198395,0.40043300728940084,0.3445022001221184,0.26573976540179944,0.0,0.455792799560746,0.42449125693305223,0.4492184465026143,0.45819353675937124,0.39874614932180025,0.4774537743767439,0.4452583100695056,0.44049962091874856,0.4109470646857124,0.4276758237913956,0.4330075637698651,0.43386881344161715,0.0,0.3738996982039712,0.3062999578458728,0.3786952717594125,0.3817885372525412,0.3697778241410988,0.39179831701996615,0.3945066666855348,0.2652007561718989,0.25597840046118764,0.3596718941350018,0.39752060359610514,0.0,0.42465132717983334,0.32341996084774777,0.3076619469295137,0.24584689254512276,0.0,0.0,0.3234443349885751,0.42062540401375387,0.0,0.3471487993033073,0.5034822688646318,0.405706097441104,0.5369999664830658,0.39935821429808027,0.410796929289339,0.36982416990079225,0.30970615544892344,0.4429603230047302,0.33891532191195617,0.46153943546497145,0.3131934361236126,0.0,0.0,0.35888370263885533,0.47091526267207934,0.486760106601303,0.40558802244724046,0.5104046489298678,0.0,0.37605306813708234,0.41768809826126607,0.5023113883961559,0.514908938861573,0.49245524385730244,0.4274285532202049,0.48844519975686074
0.42012549703557533,0.422607277521614,0.40193028368296657,0.4050638693851874,0.3982757894675869,0.3427743885165491,0.4307706704735422,0.4118672243572534,0.40148918518256865,0.3896663469016166,0.3755118727829315,0.35222009946140825,0.4021879240771404,0.46451449892018276,0.42133028480748197,0.42864095295899035,0.34959948944775865,0.4266426321269139,0.0,0.3317272162242401,0.41478205425268133,0.4036286091648835,0.4031866351016349,0.35144365178788006,0.43090073337791523,0.42118580748049167,0.3610928540465299,0.3738996982039712,0.0,0.3414303251440481,0.35368287951552874,0.41897330350413703,0.3348458303245187,0.41538622334953523,0.47047959974900855,0.4607545612600879,0.4345082371233707,0.37076295071046805,0.4762680496492222,0.42811447655553403,0.47334983254043217,0.46297814961897893,0.42249953570969423,0.3341087131232368,0.0,0.0,0.42656746209812596,0.41992836197970834,0.0,0.37997609783543684,0.4812347335189889,0.402043299667609,0.4882697852526095,0.3807671854028762,0.0,0.0,0.4389730754363745,0.48760184981036087,0.0,0.46520300756152316,0.33586550115186714,0.3128687940107421,0.31013038077789323,0.4063737081251861,0.46102237489209197,0.47046702103594734,0.46128364793736915,0.48497601403071633,0.0,0.3203092161101632,0.4394367452967631,0.46976504920988715,0.4986964740115071,0.4646485579566365,0.4492649683680468,0.4651486904208573
0.0,0.41378257794113443,0.4257368952100668,0.0,0.41761272962389084,0.4119756295408632,0.4443696545596254,0.416503386369407,0.4255224704593978,0.0,0.0,0.0,0.40468340555490434,0.0,0.0,0.417194710491415,0.0,0.3406032579213953,0.39102185531105416,0.36302129740537775,0.4398853234508573,0.4226591676606,0.4109835597813691,0.0,0.33875932370489165,0.0,0.4023446844864507,0.3062999578458728,0.3414303251440481,0.0,0.3215021384196799,0.40806509174561284,0.3328017540485194,0.3948442659527082,0.4537026477534056,0.4255485950015331,0.0,0.0,0.48825436896260677,0.0,0.4377242204596162,0.0,0.0,0.0,0.0,0.0,0.0,0.0,0.0,0.0,0.4067109581506721,0.37253980414158405,0.0,0.37155875837430047,0.0,0.0,0.0,0.3669944732761433,0.0,0.0,0.0,0.0,0.0,0.0,0.0,0.0,0.0,0.4925215380951533,0.0,0.0,0.0,0.48399892575473225,0.4269833426141578,0.44316081679208313,0.0,0.42362997897428084
0.3684673325536041,0.3750465098565011,0.4692427021996828,0.27078872627537026,0.4549634681407447,0.44431658573925986,0.4025665285203122,0.4569920418625833,0.46802356017066016,0.3488554381642377,0.4729550738484883,0.34700412269331143,0.41898039954694555,0.4842249333887545,0.38822875844431515,0.3701822123152025,0.35183074166951606,0.38480259562197,0.4774952493884398,0.36298210932959263,0.3799458701161838,0.37394894418329294,0.4342218417704767,0.35299302033550467,0.3758455093863023,0.3719830958972534,0.39623831932706943,0.3786952717594125,0.35368287951552874,0.3215021384196799,0.0,0.40794251747747334,0.3179948189955755,0.27054871972854094,0.25362541127761845,0.44270103991008763,0.31823034137071,0.2858285117461887,0.4345482520323229,0.38022730317798786,0.41244359261151925,0.45822787650832564,0.0,0.0,0.0,0.3649363095961128,0.43286746418576555,0.4433185883021188,0.0,0.0,0.49181472346125,0.37936495633027484,0.0,0.39336853936452004,0.41785670628303256,0.0,0.4269033387305477,0.40984823419255373,0.0,0.46085083317546394,0.42649531660030615,0.45545294702764816,0.45481674687996676,0.0,0.4492757453379015,0.3743842529339709,0.4376709070277127,0.5065037898770491,0.4709967593660563,0.4529638834110722,0.45964998171215926,0.5046484641470385,0.4860560937423733,0.4643137808166992,0.0,0.4798545583436545
0.4261335741891046,0.4113263808994489,0.4745889132982826,0.26746152618985225,0.3710041953426377,0.4296897327693286,0.40540155929494764,0.3719590748161995,0.45679690356078445,0.39053411174775293,0.3986299358534705,0.2753611167264217,0.40581921093416196,0.2614153267024041,0.43079713231182315,0.44225400236233126,0.41132663447570456,0.4519569132997823,0.4512400439635331,0.43497346441243323,0.4285340457667771,0.42069665067417883,0.4281229747892055,0.3698696815722041,0.4049948185415373,0.413767265919978,0.42518768347606406,0.3817885372525412,0.41897330350413703,0.40806509174561284,0.40794251747747334,0.0,0.3474766156296048,0.3942009553586104,0.409323496242324,0.2846001709763415,0.34299009596226077,0.29370487230440084,0.32939213530269074,0.3047648770852641,0.3443187195798961,0.34032373940542676,0.32185845572837374,0.29917081878604146,0.2596547486955324,0.43251698045489634,0.46168335339821154,0.4977409585951908,0.0,0.4055213879118149,0.4887384489446487,0.47007591237703783,0.49090327952434587,0.4908097064762231,0.35932982067267516,0.4393372144909674,0.2558358633343539,0.5211085573759081,0.49198816776758725,0.48343976463760535,0.47729899722240193,0.3952808436065315,0.43310085544385324,0.45954752535975474,0.4887703014496791,0.43945642617672775,0.4716950465835577,0.5034368335522144,0.3482968747020977,0.496089095005708,0.47381436305615127,0.497635610937938,0.483446311196242,0.48371512723791943,0.49929790917925854,0.4942729586382129
0.3472469971916841,0.37247587298063345,0.0,0.0,0.404357192240104,0.41034679761459847,0.4051702642472458,0.4338676074999749,0.4356391891338219,0.31200207315168316,0.42744058669633483,0.312455415139581,0.43197435551103947,0.0,0.38860249567958705,0.37976194164760113,0.34232079426392065,0.3692186942878665,0.40048693016574566,0.3926384258674459,0.3643454470055582,0.37562268412356997,0.40657146897920243,0.29164532359525663,0.3400321106580515,0.35350569643588403,0.37463100030198604,0.3697778241410988,0.3348458303245187,0.3328017540485194,0.3179948189955755,0.3474766156296048,0.0,0.25284265709623605,0.45774345212396994,0.2926634840467564,0.3389346576329713,0.20274700914332197,0.31962361714709353,0.29012804574136963,0.3730980164832443,0.0,0.0,0.0,0.27450628295054724,0.40889206523485283,0.43921990504819913,0.0,0.0,0.0,0.0,0.0,0.0,0.0,0.3967235514361079,0.0,0.3942777756997378,0.3590133447424602,0.0,0.47771774484033797,0.4297352155317204,0.38355696167046344,0.39061381496396536,0.0,0.4679975349146395,0.0,0.4653102642689122,0.4626775820161428,0.4010034232092745,0.4094743532494181,0.42987217853899873,0.0,0.35151789706440795,0.43508640705938634,0.0,0.37536462633048034
0.3670612842199181,0.37756140273411287,0.49135265123996313,0.3581077054643618,0.4382020265872875,0.46175834552928213,0.40919828201072217,0.45876404055261977,0.4752471515107264,0.32541352835843057,0.4737852229903726,0.23231836122344554,0.42198617938018834,0.44614723908561826,0.41608665476929485,0.3892778365349384,0.3445913104354443,0.3793214784020819,0.4922845181875242,0.4148705965919274,0.4071769366113282,0.4008070660729371,0.4500919259930911,0.28135208459076533,0.3428189417586623,0.3657542409478049,0.43144212562174883,0.39179831701996615,0.41538622334953523,0.3948442659527082,0.27054871972854094,0.3942009553586104,0.25284265709623605,0.0,0.3226693418707097,0.4208696912154415,0.3247221171654159,0.20308802340430315,0.38972714234005973,0.3630689281810514,0.35111386192804883,0.371816885417305,0.34556761138817715,0.28678522402244067,0.3344294901756727,0.40273717173119955,0.45088658553094696,0.4119420108947573,0.0,0.35829970059265975,0.5200410970228266,0.3419041476071774,0.51119173317558,0.37554846783170726,0.3989410921818649,0.3920073040692737,0.3589172665541461,0.3620035457517862,0.0,0.47810215648987997,0.4407170164139935,0.43855634964936235,0.4473895375964397,0.37725628218052537,0.4713259937937676,0.4108808286063464,0.4628981171111155,0.5206496347153554,0.3939598139615219,0.45044747809342295,0.47211738613971743,0.5060831726821411,0.38055783853526715,0.48996487363995206,0.0,0.4347816173563431
