0.0,0.2815686453439795,0.0,0.0,0.0,0.28729550817712707,0.20908506735071644,0.33624875320970893,0.0,0.23868917773260911,0.3200615767944565,0.2570365162602195,0.2540243167975074,0.32824249210025724,0.268497632378888,0.2783479676949102,0.25334229067442593,0.25855741242114355,0.0,0.3147423956437523,0.27266274896582937,0.27301203622756215,0.31127128176999397,0.2409990809939917,0.24939172754670086,0.2471504213377483,0.31209601416018395,0.27253037518009476,0.2919653609635056,0.2032890753191916,0.2501635924610557,0.2837609434251207,0.20788209526325235,0.24072139708763565,0.2970683728629593,0.30305433343661253,0.0,0.2458843768585159,0.2983894909328339,0.26219405443807237,0.274399301317276,0.315227732289603,0.0,0.0,0.0,0.28130705283853163,0.2995501808811895,0.0,0.0,0.0,0.22377282534707094,0.0,0.3739444416467721,0.0,0.24516270029671403,0.0,0.0,0.0,0.0,0.2625083900249841,0.293373568775524,0.0,0.28157112942084217,0.0,0.0,0.27790338519277336,0.30020670665547955,0.28906538686803057,0.3334377538363964,0.2903730025355318,0.30401453114081056,0.2690642357762968,0.0,0.2885241674727406,0.0,0.24518434238063277
0.2815686453439795,0.0,0.0,0.0,0.27522701481701484,0.2905827883120556,0.3110815736125847,0.29647842516162803,0.2677222498908592,0.0,0.0,0.0,0.3151056388120543,0.0,0.29998774744855217,0.2963589941570137,0.0,0.2886369949422844,0.0,0.30504028641866754,0.28015299879242045,0.28243086545725166,0.2888316302923054,0.24644915380951082,0.2701956835319017,0.2738401547626032,0.29814486066809404,0.3097883525550234,0.29570745925996045,0.3191401188585502,0.2712012433588778,0.29207286406794425,0.24447591877128874,0.26774000770955825,0.32329923591932913,0.2726352991228409,0.0,0.0,0.3136161313275611,0.3024800788709506,0.30641367306703315,0.33047651319510585,0.0,0.0,0.0,0.31317642467638995,0.3165642899787358,0.0,0.0,0.0,0.2776875626895738,0.0,0.28408183777709267,0.0,0.0,0.0,0.0,0.21254017611785905,0.0,0.31893048191774087,0.3061681771249816,0.0,0.2881088703592512,0.0,0.3151378269386569,0.31108740113726674,0.3210484346125722,0.2919258133447077,0.0,0.2978088517660747,0.32601590714815226,0.31359703436006475,0.23193737382855595,0.31732561128834397,0.0,0.300665280518289
0.0,0.0,0.0,0.0,0.23231581494875678,0.2738029330386747,0.28131434468513267,0.30707410253933215,0.2245472543679819,0.27997966649799444,0.20239539701197645,0.24736791865013685,0.2905198616308347,0.27379798798130545,0.0,0.0,0.0,0.0,0.20806240197290946,0.0,0.0,0.0,0.2274451420798072,0.0,0.0,0.21231531909493298,0.23384975472670128,0.290823936933433,0.25430779118367136,0.27997098196248965,0.3021043435629814,0.27301803371246935,0.0,0.29300267813998027,0.3036001253229292,0.26476951110414937,0.2949581757180546,0.0,0.33658350693572936,0.0,0.0,0.0,0.3333513191173007,0.0,0.0,0.0,0.0,0.3396380567954455,0.0,0.3549846084036721,0.35284821793995536,0.3481648023461879,0.35150296764080263,0.38059962627691624,0.0,0.34472880075050016,0.0,0.3264286032083145,0.3490153689153446,0.0,0.0,0.0,0.0,0.33618232538330756,0.0,0.0,0.0,0.3674919246309772,0.0,0.0,0.0,0.3458738217813135,0.2936288327680658,0.0,0.0,0.0
0.0,0.0,0.0,0.0,0.18073269006741033,0.0,0.18891953567542072,0.2338042095420705,0.25879670487684936,0.19667280964621728,0.24638787744074536,0.16398332763250678,0.21153081894208858,0.20088015151347915,0.3511202837039654,0.0,0.0,0.0,0.24983204861015945,0.35916232206453486,0.0,0.36756139698135,0.2799379303308726,0.0,0.0,0.3646353223827148,0.3104816983233921,0.20814243223736886,0.0,0.0,0.30219094099678817,0.21363351772346767,0.3291847876077822,0.23276492860018258,0.24566754781634317,0.1288562355392807,0.14885443427648273,0.18837867293238114,0.0,0.0,0.0,0.0,0.0,0.0,0.0,0.0,0.0,0.0,0.0,0.0,0.0,0.0,0.0,0.0,0.0,0.0,0.0,0.0,0.0,0.0,0.0,0.0,0.0,0.0,0.0,0.0,0.0,0.0,0.0,0.0,0.0,0.0,0.0,0.0,0.0,0.0
0.0,0.27522701481701484,0.23231581494875678,0.18073269006741033,0.0,0.2512030046385927,0.23882125219156564,0.237544212808317,0.22532600656109814,0.26475730629381156,0.20230311349754687,0.2662474603049574,0.26921088633890555,0.1797447207967735,0.0,0.29035217505769667,0.2676437507744513,0.2668857466715359,0.2276564586727835,0.29825543073474053,0.2076624778745747,0.30868885981448624,0.260049996946957,0.2648782146564592,0.271866875030562,0.25030451264052034,0.25780759463294484,0.25916201618997137,0.3073349000297992,0.0,0.29585113852675654,0.2557152991883657,0.2426818382305239,0.28801160287311706,0.28022534583881936,0.16757844887814072,0.2065661499462217,0.24719052791564622,0.2707357528979261,0.0,0.0,0.0,0.0,0.0,0.0,0.0,0.0,0.32902553517756544,0.0,0.3115253622346986,0.30600957818065677,0.2785690928371651,0.29607530692610734,0.3026904475666343,0.0,0.2885087805988529,0.0,0.23893764550562838,0.0,0.0,0.0,0.0,0.0,0.3179701813566144,0.0,0.0,0.0,0.3417726483486259,0.0,0.0,0.0,0.30674794152955576,0.24666899713789628,0.0,0.0,0.0
0.28729550817712707,0.2905827883120556,0.2738029330386747,0.0,0.2512030046385927,0.0,0.2876815001710577,0.27463515068925637,0.24704348447266194,0.30743908555569643,0.24583687844154387,0.25464318851550294,0.27530939589955367,0.26794019582951045,0.30083100402191637,0.29536242832561116,0.0,0.29185627373740575,0.2628228642873393,0.28982094813106796,0.2650766917206647,0.30130181295650155,0.2669864240852875,0.25441792078377196,0.27405320758921264,0.2948210832802755,0.27204432251656974,0.2709371629103605,0.2440862253275555,0.29171375357288254,0.2946145289148893,0.2905417943430338,0.0,0.30778100737531966,0.31630160553115483,0.26529654786505624,0.29523614444927715,0.2510812314642472,0.33413016141516616,0.0,0.34235676779140556,0.3136753260997734,0.3318831947321442,0.2329151325889207,0.0,0.0,0.25177433733009985,0.3530668635935052,0.0,0.3009958722749789,0.3374298225441487,0.33053601096831037,0.32627415326171605,0.35398229676602294,0.0,0.3364206008158316,0.0,0.32702386815559187,0.0,0.3116828091683872,0.20112577942291193,0.0,0.0,0.3489443719073813,0.2982779463177873,0.2965929071275591,0.29528782392507863,0.3402114692223107,0.0,0.0,0.29186909602975697,0.34258775326226076,0.33017152408896544,0.33435636128685964,0.32362121692189,0.3405659229776186
0.20908506735071644,0.3110815736125847,0.28131434468513267,0.18891953567542072,0.23882125219156564,0.2876815001710577,0.0,0.29603701839134655,0.27264107733871085,0.23867274439064715,0.28229585737030194,0.2704804216453417,0.23695153325417728,0.22604774506248232,0.30519392744037926,0.31835243378187544,0.27021807767501604,0.3026686460141934,0.27232850476075504,0.3150432142730023,0.27994804221194486,0.32800199413981107,0.28188588137346904,0.2863206167920296,0.2959367753021159,0.3037365534705195,0.291032907945377,0.23527240080604822,0.3179910114807355,0.0,0.2949854081285277,0.267447354863265,0.0,0.27111439712825874,0.2804454275409264,0.20413048471044293,0.19166508260478063,0.25884772141682577,0.2614056881870523,0.0,0.0,0.0,0.0,0.0,0.0,0.0,0.2453829810300004,0.3146429325836492,0.0,0.0,0.3025124616541235,0.0,0.2934861116066321,0.3003649516154001,0.0,0.0,0.0,0.25320602496146377,0.0,0.0,0.0,0.0,0.0,0.29944526691467765,0.0,0.0,0.24970398711043415,0.34533046983195625,0.0,0.0,0.24423498981865513,0.32719305801501325,0.24755684453823198,0.25843478924364705,0.0,0.2469960079743219
0.33624875320970893,0.29647842516162803,0.30707410253933215,0.2338042095420705,0.237544212808317,0.27463515068925637,0.29603701839134655,0.0,0.30878275877709827,0.29081661024066563,0.21941867978334295,0.2959018436065493,0.3029636627953168,0.21521648280170178,0.2882333643111949,0.3054211827804393,0.0,0.3025197185429989,0.29225565731846675,0.2996899876269046,0.27984559780863694,0.30018322056752367,0.24655788611018403,0.33870255698568713,0.312643455575135,0.3208981355905306,0.2877198850705784,0.302812877109245,0.2855529811017378,0.2976152514956917,0.31214027665394567,0.27574165426930053,0.3045829783111031,0.3187230733381894,0.3325761460616029,0.17636769779717668,0.2968748401739225,0.25349481972768023,0.32205675864214867,0.0,0.34428940386625706,0.0,0.2637713356260558,0.0,0.0,0.0,0.3503288395397566,0.36157275639979586,0.0,0.3287834610177646,0.32331000772174,0.32580516436252144,0.28159487564100605,0.351247919554806,0.0,0.3080943460361452,0.0,0.31427669105011385,0.0,0.3734956724933102,0.0,0.0,0.0,0.3537258256726796,0.3744198949860043,0.33248934918053763,0.3649991395900741,0.31951861986183444,0.0,0.22499220784571541,0.2874725858279187,0.33458546238526904,0.3303731405625631,0.33156077860761785,0.2907847224562432,0.331522187574129
0.0,0.2677222498908592,0.2245472543679819,0.25879670487684936,0.22532600656109814,0.24704348447266194,0.27264107733871085,0.30878275877709827,0.0,0.266055644354648,0.20313442477103683,0.24373311073125434,0.26930707891130545,0.2590689898594528,0.19838517297063363,0.2535035770797155,0.2227483534539511,0.21692604724480918,0.18909568323308285,0.2790009798492338,0.20820921845224433,0.27455301358279177,0.27193609807766683,0.24545311931074412,0.26735957549819694,0.2449823626864819,0.24658575210905112,0.2851521974500371,0.2865978474542909,0.27844731978997905,0.2999929463719157,0.2730233343716595,0.25892850060789907,0.2912389829744346,0.2787969843195725,0.26009651224490515,0.2600077868807682,0.22893043677171088,0.3158707143331703,0.0,0.0,0.0,0.3437647282736531,0.0,0.0,0.0,0.0,0.37292627028028696,0.0,0.3162352580404101,0.3446748702031836,0.3177545267795499,0.357425741974884,0.35233784028945453,0.0,0.33507096131696157,0.0,0.29303743361682866,0.0,0.0,0.0,0.0,0.0,0.36920507766573507,0.0,0.0,0.2280168922433133,0.3584295572508909,0.0,0.0,0.0,0.34806834268652953,0.27730283355424684,0.264229341413777,0.0,0.2642708874686846
0.23868917773260911,0.0,0.27997966649799444,0.19667280964621728,0.26475730629381156,0.30743908555569643,0.23867274439064715,0.29081661024066563,0.266055644354648,0.0,0.267645613008133,0.20978633362684837,0.28024321311120787,0.25932564485308973,0.26974382244739137,0.24961404999337544,0.22013856372961946,0.23030869991238298,0.24718428798539824,0.2935674368332025,0.29376327167896327,0.0,0.2873177570871161,0.21075467042850485,0.22914116563402961,0.2188894610229344,0.28954032771993926,0.2622416579711061,0.2790127196042296,0.2334732698446386,0.21998380186735958,0.23817265508047877,0.1878848757401245,0.1930920174440117,0.23261959929154732,0.19678389833322948,0.19008576092301108,0.17625971783955816,0.19926715501567435,0.20899564433955042,0.2391332447346018,0.0,0.0,0.0,0.22841716725305625,0.27051834239152966,0.0,0.0,0.0,0.0,0.2470849330970774,0.0,0.0,0.0,0.2667524289477487,0.0,0.26373914002782595,0.25678718901977216,0.0,0.0,0.0,0.28312306236094587,0.2814068372131757,0.0,0.0,0.0,0.0,0.25802603442620614,0.23578221422913284,0.2727672518025844,0.2635849122809286,0.2526652238972941,0.27631307020793433,0.0,0.0,0.26326446904497725
0.3200615767944565,0.0,0.20239539701197645,0.24638787744074536,0.20230311349754687,0.24583687844154387,0.28229585737030194,0.21941867978334295,0.20313442477103683,0.267645613008133,0.0,0.2516742490756926,0.2790112411279042,0.18366847477618872,0.0,0.0,0.23322357504671926,0.2295760698089705,0.173578345227929,0.0,0.0,0.0,0.21939097354319223,0.2684113608982857,0.23853980076154252,0.20708274534539484,0.2318734702931807,0.2718268236166777,0.0,0.0,0.2918210948340136,0.2584948075121475,0.23385131670047377,0.2805468633568851,0.27384242610378323,0.1995041893598113,0.2533627305590564,0.23834721362353298,0.2950012467131041,0.0,0.0,0.0,0.27645376615590306,0.0,0.0,0.0,0.0,0.24821443229321083,0.0,0.29092825966049385,0.3014710840510508,0.31207254812878815,0.30341872700180583,0.31732368511491554,0.0,0.1845536795784325,0.0,0.2669859154663177,0.2828441371206485,0.0,0.0,0.0,0.0,0.18811040294227538,0.0,0.0,0.0,0.3149728580364177,0.0,0.0,0.0,0.32504699016485034,0.23477256738142452,0.0,0.0,0.23949002349836657
0.2570365162602195,0.0,0.24736791865013685,0.16398332763250678,0.2662474603049574,0.25464318851550294,0.2704804216453417,0.2959018436065493,0.24373311073125434,0.20978633362684837,0.2516742490756926,0.0,0.2640182773615127,0.0,0.0,0.0,0.22941910091859916,0.2345356252236097,0.2501698611941817,0.0,0.2788780990443011,0.0,0.26035552069506523,0.2112501848290562,0.23663261129348662,0.22635283935152392,0.2448334850466932,0.24858805986300755,0.0,0.0,0.21968072860730845,0.19121294365399627,0.1830100669630213,0.17278234665342285,0.23239609869776265,0.22367603235176206,0.21577856058949424,0.15561296636933855,0.20380283216449147,0.2223559785220667,0.24592334428008666,0.209357204795688,0.0,0.0,0.2335637518215967,0.24792125451260333,0.0,0.0,0.0,0.0,0.0,0.0,0.0,0.0,0.2751684342468321,0.0,0.270526963489242,0.2706766592542089,0.0,0.0,0.0,0.26263268515120314,0.27569479543125963,0.0,0.0,0.0,0.0,0.0,0.2553502470151337,0.2706343550643197,0.26703687895417505,0.0,0.27824732727194446,0.0,0.0,0.2791136432596827
0.2540243167975074,0.3151056388120543,0.2905198616308347,0.21153081894208858,0.26921088633890555,0.27530939589955367,0.23695153325417728,0.3029636627953168,0.26930707891130545,0.28024321311120787,0.2790112411279042,0.2640182773615127,0.0,0.24181933257351415,0.3193563174598503,0.3234079843081654,0.28334573142239894,0.31349714384616467,0.27894146271531245,0.3197544585903578,0.307989898520107,0.33331311355838433,0.28950341491071924,0.2734921789995129,0.30497338297048265,0.301917902548367,0.29845252597009475,0.23906791351492812,0.29115951742305746,0.24990564497443063,0.28497050618793773,0.2710900708004394,0.2639112305391093,0.26813990454280884,0.26707297005250946,0.2264017478083868,0.217503740149237,0.251538924444597,0.3212432253458782,0.0,0.3029572343599712,0.2915210594382054,0.29257215632653466,0.0,0.0,0.0,0.22747262400402968,0.32827780956945407,0.0,0.2545281089306579,0.33307238795487626,0.28191601525453475,0.3446974740736566,0.2896071796057631,0.0,0.314964794522827,0.0,0.2630781467768143,0.0,0.26609807128975976,0.0,0.0,0.0,0.30183108278485443,0.29292943704386665,0.2856213684252107,0.24406803328980872,0.34924759250241333,0.0,0.0,0.26559251062696104,0.346790198883814,0.2944649057348347,0.30854542411827174,0.29472755671794526,0.27505797965479156
0.32824249210025724,0.0,0.27379798798130545,0.20088015151347915,0.1797447207967735,0.26794019582951045,0.22604774506248232,0.21521648280170178,0.2590689898594528,0.25932564485308973,0.18366847477618872,0.0,0.24181933257351415,0.0,0.0,0.0,0.0,0.0,0.24738423841335752,0.0,0.30608211827126214,0.0,0.23921405208400012,0.2730895724738126,0.0,0.28700721320809774,0.28205893911010793,0.20673039071459112,0.0,0.0,0.30980172352760144,0.19466756326534726,0.0,0.28020000792277033,0.0,0.1330728996455057,0.10871529310095013,0.0,0.0,0.0,0.0,0.0,0.0,0.0,0.0,0.0,0.0,0.3262430892604309,0.0,0.0,0.0,0.0,0.0,0.0,0.0,0.2657712693053238,0.0,0.0,0.0,0.0,0.0,0.0,0.0,0.3064532422005908,0.0,0.0,0.0,0.3012731011720408,0.0,0.0,0.0,0.0,0.0,0.0,0.0,0.0
0.268497632378888,0.29998774744855217,0.0,0.3511202837039654,0.0,0.30083100402191637,0.30519392744037926,0.2882333643111949,0.19838517297063363,0.26974382244739137,0.0,0.0,0.3193563174598503,0.0,0.0,0.299310826265129,0.0,0.26071598358729725,0.0,0.24726430914381176,0.28075244688408096,0.2847679081031922,0.25710150278305155,0.0,0.2527473950360886,0.2623852210366683,0.2858961840218471,0.29680034822280615,0.2725726148439318,0.30800382677176086,0.30349402650582535,0.31478282576343497,0.279320706730393,0.32237298001381504,0.3617064917368829,0.3757809780395051,0.34529457046880846,0.2222298633140599,0.33225669738958763,0.29629455924049586,0.3463778330127686,0.3691841488983971,0.0,0.0,0.0,0.0,0.33788326861848333,0.0,0.0,0.0,0.3155365081543321,0.0,0.34179331053488765,0.0,0.0,0.0,0.0,0.2609243904987831,0.0,0.2765322287022379,0.3031836800034345,0.0,0.2445980040029912,0.0,0.3274451583186231,0.32968304780370705,0.3345516969603107,0.3203043810018082,0.0,0.2571397131428225,0.3638971133084231,0.32258548002533177,0.3053849992818715,0.3031147713786645,0.333799784014537,0.3136500108094798
0.2783479676949102,0.2963589941570137,0.0,0.0,0.29035217505769667,0.29536242832561116,0.31835243378187544,0.3054211827804393,0.2535035770797155,0.24961404999337544,0.0,0.0,0.3234079843081654,0.0,0.299310826265129,0.0,0.24171810452622805,0.2627508576136403,0.0,0.3007755337841786,0.2846072168268646,0.28387878711216147,0.297423176603587,0.2699086719791981,0.2640431218350239,0.2948111001408255,0.29932685671380205,0.3052268882417818,0.2999279573999166,0.28360418056078474,0.2648116591239086,0.2985619316387531,0.27852323842648175,0.26669167535104876,0.31874654732091695,0.25394283428257924,0.0,0.0,0.30590652547425395,0.29006451696541397,0.2922338714583209,0.31818048180270364,0.0,0.0,0.0,0.3103754211681284,0.3113010637351109,0.0,0.0,0.0,0.21618992115972793,0.0,0.0,0.0,0.22910378324288624,0.0,0.0,0.0,0.0,0.3193033924251601,0.30018109381169505,0.216574000249136,0.2818141817499462,0.0,0.2917660350379303,0.312398668718265,0.31735931513674887,0.24741432548054568,0.0,0.2950462427877765,0.31427588050182514,0.27632845991162974,0.0,0.28844390806905534,0.0,0.283296411155007
0.25334229067442593,0.0,0.0,0.0,0.2676437507744513,0.0,0.27021807767501604,0.0,0.2227483534539511,0.22013856372961946,0.23322357504671926,0.22941910091859916,0.28334573142239894,0.0,0.0,0.24171810452622805,0.0,0.20566536784269285,0.0,0.0,0.0,0.0,0.23219341849183997,0.2436742290436893,0.23040293740840945,0.2359950402418494,0.0,0.2676054939809605,0.0,0.0,0.23151838990050663,0.2753478655017293,0.22623209903133257,0.2258637743579451,0.26460999970161375,0.0,0.0,0.1890799961519649,0.0,0.24554631169276014,0.2336790334878945,0.0,0.0,0.0,0.18696240661702465,0.0,0.0,0.0,0.0,0.0,0.0,0.0,0.0,0.0,0.28009941093044605,0.0,0.27376442299984494,0.0,0.0,0.0,0.0,0.2770259945200634,0.2763831150243756,0.0,0.0,0.0,0.0,0.0,0.28785184838127603,0.286172121646984,0.2864751697955115,0.0,0.0,0.0,0.0,0.2524953785526559
0.25855741242114355,0.2886369949422844,0.0,0.0,0.2668857466715359,0.29185627373740575,0.3026686460141934,0.3025197185429989,0.21692604724480918,0.23030869991238298,0.2295760698089705,0.2345356252236097,0.31349714384616467,0.0,0.26071598358729725,0.2627508576136403,0.20566536784269285,0.0,0.0,0.29388846020063325,0.2669331127015949,0.29507086543931,0.2891562631896327,0.2449281180810484,0.24849106591263342,0.2518618135634126,0.3029590900626243,0.2929357595897208,0.2961050646287619,0.0,0.25538798750338637,0.27873902357786295,0.24245856998339618,0.24887527682557709,0.29252820946603886,0.0,0.0,0.18866688473903642,0.28840913049593353,0.2666715351702325,0.27247900701193506,0.0,0.0,0.0,0.0,0.29149437846206555,0.3024010575644008,0.0,0.0,0.0,0.0,0.0,0.0,0.0,0.2772033814590244,0.0,0.2772280383057656,0.0,0.0,0.0,0.2858805839646682,0.28421789980132256,0.27685486549866434,0.0,0.21940535499008662,0.0,0.2886693957392826,0.0,0.285121066184776,0.282125520866692,0.28665750187813893,0.0,0.0,0.2198711525401591,0.0,0.27415793821049894
0.0,0.0,0.20806240197290946,0.24983204861015945,0.2276564586727835,0.2628228642873393,0.27232850476075504,0.29225565731846675,0.18909568323308285,0.24718428798539824,0.173578345227929,0.2501698611941817,0.27894146271531245,0.24738423841335752,0.0,0.0,0.0,0.0,0.0,0.0,0.0,0.0,0.24038954323715725,0.0,0.0,0.0,0.25997282570120156,0.27909752202297994,0.0,0.0,0.2819968582827286,0.2633809723556481,0.0,0.25520077569580424,0.28013398981924925,0.2499784211491395,0.2659761965459748,0.22488685417959528,0.33534979000165016,0.0,0.0,0.0,0.3232891359599461,0.0,0.0,0.0,0.0,0.35257702886321024,0.0,0.3368427336200761,0.3367330176059982,0.3265528729201905,0.3527349134916155,0.3716604361539305,0.0,0.3220377051383389,0.0,0.2852460271166992,0.327223347884677,0.0,0.0,0.0,0.0,0.37307681133195164,0.0,0.0,0.0,0.3583490712749333,0.0,0.0,0.0,0.33755258277513095,0.24866421886149515,0.0,0.0,0.2991664955352302
0.3147423956437523,0.30504028641866754,0.0,0.35916232206453486,0.29825543073474053,0.28982094813106796,0.3150432142730023,0.2996899876269046,0.2790009798492338,0.2935674368332025,0.0,0.0,0.3197544585903578,0.0,0.24726430914381176,0.3007755337841786,0.0,0.29388846020063325,0.0,0.0,0.3058421500905743,0.27907587747774276,0.22614125905114246,0.2619491426694591,0.2912972826214273,0.3096986785396372,0.2630422036256325,0.2847399333790542,0.2521416929213018,0.2767459489142342,0.2933082096154145,0.3277819997946313,0.29120621270989006,0.32586826196004204,0.3644047467854249,0.3701517463390237,0.3143612463552097,0.0,0.32839886043108707,0.2992428759621321,0.339360337533146,0.3344521495868806,0.2885237551325963,0.0,0.0,0.0,0.30788107562663564,0.0,0.0,0.0,0.31079384413668965,0.251946223902992,0.3277262777807226,0.0,0.0,0.0,0.0,0.275228700907686,0.0,0.3102163183278918,0.24128582161621595,0.0,0.22541311293390184,0.0,0.31428701632566064,0.3212609850562497,0.322684125730438,0.3178377212487792,0.0,0.2146064126775481,0.33527678247126724,0.3289220355384664,0.31940716724550566,0.3014792666181053,0.28946308925456804,0.3254892603182484
0.27266274896582937,0.28015299879242045,0.0,0.0,0.2076624778745747,0.2650766917206647,0.27994804221194486,0.27984559780863694,0.20820921845224433,0.29376327167896327,0.0,0.2788780990443011,0.307989898520107,0.30608211827126214,0.28075244688408096,0.2846072168268646,0.0,0.2669331127015949,0.0,0.3058421500905743,0.0,0.3056357183296851,0.25818394689174695,0.3144551989329358,0.26476782236071666,0.27716554483864064,0.28892560488676183,0.29197476689342494,0.27807745445714754,0.2735962839841891,0.2857983635599436,0.3015050860638478,0.22917017143603094,0.29513605274640425,0.3509057540159032,0.33767820558751716,0.0,0.26762254467347635,0.3152817658638607,0.266844767547737,0.2952648728230106,0.34434162854057515,0.0,0.0,0.0,0.2782053889515649,0.30679799335932867,0.0,0.0,0.0,0.29828428236964066,0.2527087898843775,0.2601189177027874,0.0,0.0,0.0,0.0,0.29555366717027826,0.0,0.3142525547337131,0.285784784428514,0.0,0.0,0.0,0.30406684385446453,0.25846409907165646,0.31445353564123163,0.3020571602400759,0.0,0.24709270666809416,0.31717826822954337,0.31756349221322994,0.30785895636790844,0.30803847200250095,0.2873357701948072,0.29090009145662404
0.27301203622756215,0.28243086545725166,0.0,0.36756139698135,0.30868885981448624,0.30130181295650155,0.32800199413981107,0.30018322056752367,0.27455301358279177,0.0,0.0,0.0,0.33331311355838433,0.0,0.2847679081031922,0.28387878711216147,0.0,0.29507086543931,0.0,0.27907587747774276,0.3056357183296851,0.0,0.3023268794156979,0.0,0.28746991890351503,0.2925800628897278,0.3072250834711214,0.3038164499842741,0.2887390976155116,0.2836950333259904,0.29079407471458546,0.31773045597613986,0.29339041020347423,0.3157560301426079,0.36425019928958524,0.37599630028770403,0.0,0.0,0.3370060914890055,0.32604907037723363,0.33162677670842744,0.35871191972991173,0.0,0.0,0.0,0.32499026742435977,0.32354089378361495,0.2664807696803106,0.0,0.0,0.2983772013094138,0.0,0.0,0.2385266865795755,0.0,0.0,0.0,0.21913891373162842,0.0,0.3481226463003091,0.30728017286069875,0.0,0.2618015163026524,0.0,0.33049370166618897,0.3343212082362159,0.3363631873307849,0.3302899243870444,0.0,0.283026408343296,0.34399103756863114,0.33382597292660676,0.26257027765475394,0.30761665389774506,0.0,0.31266747343296225
0.31127128176999397,0.2888316302923054,0.2274451420798072,0.2799379303308726,0.260049996946957,0.2669864240852875,0.28188588137346904,0.24655788611018403,0.27193609807766683,0.2873177570871161,0.21939097354319223,0.26035552069506523,0.28950341491071924,0.23921405208400012,0.25710150278305155,0.297423176603587,0.23219341849183997,0.2891562631896327,0.24038954323715725,0.22614125905114246,0.25818394689174695,0.3023268794156979,0.0,0.33015738935087235,0.27813176778551013,0.2909068803800315,0.22658635330797733,0.28533826595624634,0.2626357247059675,0.27510357176546335,0.2944983701243166,0.2780979566252577,0.2618019807339328,0.3046795933670763,0.32280330422258624,0.26635490596052996,0.28159146850228156,0.23737886872439498,0.33020772514384616,0.0,0.34248845204220646,0.348819119690091,0.33161390674191804,0.28262794071176595,0.0,0.0,0.2886749173070807,0.37626772332711916,0.0,0.3358011618761903,0.33877297883147584,0.34984934511734306,0.3291698057231953,0.36768009990509837,0.0,0.3520893275770983,0.0,0.3364606271244067,0.3362533658477062,0.31360743980260597,0.2145989018346593,0.0,0.0,0.37498118854380963,0.3196780181391824,0.2982235954717669,0.3216500890479413,0.3448997763670241,0.0,0.2042293368229608,0.3121277659650065,0.3377861568051669,0.3348107406454567,0.32814181486785365,0.3351260599875575,0.3413641929301296
0.2409990809939917,0.24644915380951082,0.0,0.0,0.2648782146564592,0.25441792078377196,0.2863206167920296,0.33870255698568713,0.24545311931074412,0.21075467042850485,0.2684113608982857,0.2112501848290562,0.2734921789995129,0.2730895724738126,0.0,0.2699086719791981,0.2436742290436893,0.2449281180810484,0.0,0.2619491426694591,0.3144551989329358,0.0,0.33015738935087235,0.0,0.24781081539778302,0.23607093326495845,0.27161065323375283,0.25709797676829854,0.26333900948955963,0.0,0.2219615997895174,0.22083691918760495,0.14746847285809686,0.17413996804703247,0.22371411276735653,0.22690652424116356,0.0,0.15953430548666309,0.3100118755384147,0.20123549903263993,0.22080387473823193,0.0,0.0,0.0,0.2089512827811341,0.2806788833850379,0.0,0.0,0.0,0.0,0.0,0.0,0.0,0.0,0.25819880177216586,0.0,0.24980107933354964,0.0,0.0,0.0,0.29473444187398545,0.28833308893576953,0.2954431162224517,0.0,0.0,0.0,0.0,0.0,0.27006445855084965,0.28554084097566185,0.29015906833192334,0.0,0.3093927888508568,0.0,0.0,0.27620262020457714
0.24939172754670086,0.2701956835319017,0.0,0.0,0.271866875030562,0.27405320758921264,0.2959367753021159,0.312643455575135,0.26735957549819694,0.22914116563402961,0.23853980076154252,0.23663261129348662,0.30497338297048265,0.0,0.2527473950360886,0.2640431218350239,0.23040293740840945,0.24849106591263342,0.0,0.2912972826214273,0.26476782236071666,0.28746991890351503,0.27813176778551013,0.24781081539778302,0.0,0.24558670239939043,0.28365004459582505,0.29589992329341536,0.28456926971580715,0.23999947015562587,0.2514061226576307,0.27556134155394596,0.21670851117448853,0.2390668176777675,0.28201867198281744,0.0,0.0,0.1761927697354132,0.2937036963860831,0.26677654590287525,0.2743791198355772,0.2939133207427375,0.0,0.0,0.2398220304646899,0.29366256497566257,0.3049392430597988,0.0,0.0,0.0,0.19119481732435167,0.20836821620983928,0.0,0.0,0.2844882080785248,0.0,0.29004257397919786,0.2286943478503659,0.0,0.28316055133084544,0.2867448712693701,0.2909959229649367,0.28032600075743425,0.0,0.26927424119183496,0.26449727902377745,0.2740941875323759,0.2160887230048483,0.2984336866960285,0.28623421119093306,0.29379559186281495,0.22246389662171803,0.24621760709072657,0.26829016940268435,0.0,0.2749750052216771
0.2471504213377483,0.2738401547626032,0.21231531909493298,0.3646353223827148,0.25030451264052034,0.2948210832802755,0.3037365534705195,0.3208981355905306,0.2449823626864819,0.2188894610229344,0.20708274534539484,0.22635283935152392,0.301917902548367,0.28700721320809774,0.2623852210366683,0.2948111001408255,0.2359950402418494,0.2518618135634126,0.0,0.3096986785396372,0.27716554483864064,0.2925800628897278,0.2909068803800315,0.23607093326495845,0.24558670239939043,0.0,0.30910497763950534,0.29254933595591287,0.29421377877889265,0.23259303853615068,0.2629675602418058,0.2910913595394575,0.2323074122366376,0.26253382784625,0.3123459747216563,0.3271594330387284,0.0,0.19647840612109496,0.3076602199735977,0.28752736089249953,0.29275554025496386,0.3258433201733199,0.0,0.0,0.25715634688251554,0.29527248199339273,0.31826559346689315,0.24527704295523958,0.0,0.0,0.27804891470100235,0.22347802993171453,0.3273145563611029,0.0,0.2814025695962187,0.0,0.2841885641074313,0.23404293161535034,0.0,0.34997169554265634,0.2967713897467685,0.29621681194363625,0.2853856639900092,0.0,0.3148884871501912,0.3445013197102868,0.336398431511319,0.31602927715251117,0.29905046973003113,0.28957358109469156,0.3091052136068683,0.32206276684285723,0.2518016709379352,0.297937054523575,0.0,0.2856013839621732
0.31209601416018395,0.29814486066809404,0.23384975472670128,0.3104816983233921,0.25780759463294484,0.27204432251656974,0.291032907945377,0.2877198850705784,0.24658575210905112,0.28954032771993926,0.2318734702931807,0.2448334850466932,0.29845252597009475,0.28205893911010793,0.2858961840218471,0.29932685671380205,0.0,0.3029590900626243,0.25997282570120156,0.2630422036256325,0.28892560488676183,0.3072250834711214,0.22658635330797733,0.27161065323375283,0.28365004459582505,0.30910497763950534,0.0,0.29180027896610294,0.25404610399953476,0.27937482304480954,0.28933701504099346,0.30356443473707023,0.2823255532697989,0.31598233568358874,0.342375124636998,0.3428875524223337,0.29539834709584933,0.24690761409993323,0.3321689761045361,0.3235494992231401,0.3402940092981093,0.34602446144852567,0.33904433840722026,0.0,0.0,0.0,0.2903694226346702,0.36674429746044096,0.0,0.3198412595846018,0.3383803902640285,0.33517113370610346,0.3350337460306311,0.3678103124955471,0.0,0.3529856603347379,0.0,0.32072777767164123,0.0,0.3156524827750865,0.0,0.0,0.0,0.3601698544064297,0.3117875730925596,0.3141296241445209,0.3241794718940094,0.34062523480300566,0.0,0.0,0.3322616975933543,0.3372985653937392,0.33172263493996146,0.326080533896171,0.326508558999705,0.33916000936151014
0.27253037518009476,0.3097883525550234,0.290823936933433,0.20814243223736886,0.25916201618997137,0.2709371629103605,0.23527240080604822,0.302812877109245,0.2851521974500371,0.2622416579711061,0.2718268236166777,0.24858805986300755,0.23906791351492812,0.20673039071459112,0.29680034822280615,0.3052268882417818,0.2676054939809605,0.2929357595897208,0.27909752202297994,0.2847399333790542,0.29197476689342494,0.3038164499842741,0.28533826595624634,0.25709797676829854,0.29589992329341536,0.29254933595591287,0.29180027896610294,0.0,0.2541680607240853,0.2095452543494728,0.25770770904655577,0.2583073059049212,0.2460183609383429,0.2530568003435391,0.24388520454560883,0.20605863582259415,0.1971470022529228,0.2152074690570773,0.33456994545019875,0.0,0.343791262480253,0.32349009801949946,0.32179555704263535,0.0,0.0,0.0,0.22848463798087296,0.27682866967611225,0.0,0.24246889574388042,0.35118893674571344,0.2589992536215845,0.33790429031153363,0.25530096312607414,0.0,0.2259318023596219,0.0,0.28130972576227214,0.0,0.30511809774409177,0.0,0.0,0.0,0.2509636857120978,0.3192024467609442,0.32024267502213294,0.27851983328852353,0.34409321945504107,0.0,0.2195016460746313,0.28145051527550335,0.34207230604300287,0.32996008160213164,0.334575649729326,0.2753964048505045,0.3243801947434939
0.2919653609635056,0.29570745925996045,0.25430779118367136,0.0,0.3073349000297992,0.2440862253275555,0.3179910114807355,0.2855529811017378,0.2865978474542909,0.2790127196042296,0.0,0.0,0.29115951742305746,0.0,0.2725726148439318,0.2999279573999166,0.0,0.2961050646287619,0.0,0.2521416929213018,0.27807745445714754,0.2887390976155116,0.2626357247059675,0.26333900948955963,0.28456926971580715,0.29421377877889265,0.25404610399953476,0.2541680607240853,0.0,0.25783664970947656,0.26755494640449995,0.30826461456204407,0.27929014489414544,0.30868245474269485,0.35388943006675777,0.34984336899745294,0.314593519696535,0.0,0.32323232515294353,0.26937327922776605,0.3323795807053976,0.3324551925161364,0.30413328818512414,0.24284510468532958,0.0,0.0,0.279732359366809,0.2830566425346373,0.0,0.2556753454145224,0.33458153305860994,0.2680268782934158,0.31567971058765143,0.2543664409484069,0.0,0.0,0.0,0.30773876180914034,0.0,0.2979826055480972,0.21634415957800526,0.0,0.0,0.29799277693274134,0.3051287237460339,0.3030587661572798,0.30977694465498123,0.32718402441321864,0.0,0.19730676025160188,0.3076805488402676,0.32707577423979955,0.3225891157394825,0.31359334297827296,0.30471898298646743,0.33446593722802714
0.2032890753191916,0.3191401188585502,0.27997098196248965,0.0,0.0,0.29171375357288254,0.0,0.2976152514956917,0.27844731978997905,0.2334732698446386,0.0,0.0,0.24990564497443063,0.0,0.30800382677176086,0.28360418056078474,0.0,0.0,0.0,0.2767459489142342,0.2735962839841891,0.2836950333259904,0.27510357176546335,0.0,0.23999947015562587,0.23259303853615068,0.27937482304480954,0.2095452543494728,0.25783664970947656,0.0,0.22218617034623742,0.27862400898263817,0.0,0.2757643909454031,0.30064850501492013,0.24476853978101293,0.0,0.0,0.3242286948124775,0.0,0.31557635283817853,0.0,0.0,0.0,0.0,0.0,0.0,0.0,0.0,0.0,0.30386716367976613,0.2447798873326556,0.0,0.0,0.0,0.0,0.0,0.24687208519301437,0.0,0.0,0.0,0.0,0.0,0.0,0.0,0.0,0.0,0.3366363375658117,0.0,0.0,0.0,0.33399898153177454,0.2832178598502907,0.31230381738639523,0.0,0.3249896175452068
0.2501635924610557,0.2712012433588778,0.3021043435629814,0.30219094099678817,0.29585113852675654,0.2946145289148893,0.2949854081285277,0.31214027665394567,0.2999929463719157,0.21998380186735958,0.2918210948340136,0.21968072860730845,0.28497050618793773,0.30980172352760144,0.30349402650582535,0.2648116591239086,0.23151838990050663,0.25538798750338637,0.2819968582827286,0.2933082096154145,0.2857983635599436,0.29079407471458546,0.2944983701243166,0.2219615997895174,0.2514061226576307,0.2629675602418058,0.28933701504099346,0.25770770904655577,0.26755494640449995,0.22218617034623742,0.0,0.28501845051262925,0.2270229920821005,0.1981836530427822,0.2667714200426267,0.2905784778673049,0.0,0.1907713043828822,0.320526107668395,0.30503682289100936,0.3293565768105498,0.3373574401102787,0.0,0.0,0.0,0.291935802904349,0.30082182540132024,0.28583663003014326,0.0,0.23389644535615958,0.3372284318153616,0.24952471130259862,0.3220126233138998,0.26348159130548376,0.20458159334706105,0.0,0.22959931746268167,0.2517610770860269,0.0,0.33418041256006764,0.28661707333325237,0.0,0.27769961595150816,0.0,0.3215852134940219,0.32361760155573127,0.3262607082115109,0.3453490077262286,0.32254764538941777,0.28312246848971534,0.3136877419591804,0.340492478910786,0.31307895641751393,0.3141453355447108,0.28394395097308206,0.3293648198678566
0.2837609434251207,0.29207286406794425,0.27301803371246935,0.21363351772346767,0.2557152991883657,0.2905417943430338,0.267447354863265,0.27574165426930053,0.2730233343716595,0.23817265508047877,0.2584948075121475,0.19121294365399627,0.2710900708004394,0.19466756326534726,0.31478282576343497,0.2985619316387531,0.2753478655017293,0.27873902357786295,0.2633809723556481,0.3277819997946313,0.3015050860638478,0.31773045597613986,0.2780979566252577,0.22083691918760495,0.27556134155394596,0.2910913595394575,0.30356443473707023,0.2583073059049212,0.30826461456204407,0.27862400898263817,0.28501845051262925,0.0,0.22373162524161153,0.24398288947427016,0.25258426032119585,0.19962750788218933,0.204412577068832,0.17324308413042055,0.2301077326013354,0.2587733590434476,0.2850434407504782,0.25417210018937886,0.0,0.0,0.0,0.3057477164258307,0.3113552929624002,0.3197105540644652,0.0,0.27580018043173066,0.33541234992739677,0.29188454013680165,0.3285116909331551,0.31090324551016113,0.0,0.0,0.0,0.33670241398211076,0.0,0.33426651509342625,0.2946363887055397,0.0,0.28846503152767383,0.0,0.3247953073371177,0.33032374268037556,0.32951671849926845,0.3346531072325705,0.0,0.29705667181482864,0.3259034515786269,0.33569720077034315,0.33230260526322913,0.3236381369577749,0.0,0.33697269774319816
0.20788209526325235,0.24447591877128874,0.0,0.3291847876077822,0.2426818382305239,0.0,0.0,0.3045829783111031,0.25892850060789907,0.1878848757401245,0.23385131670047377,0.1830100669630213,0.2639112305391093,0.0,0.279320706730393,0.27852323842648175,0.22623209903133257,0.24245856998339618,0.0,0.29120621270989006,0.22917017143603094,0.29339041020347423,0.2618019807339328,0.14746847285809686,0.21670851117448853,0.2323074122366376,0.2823255532697989,0.2460183609383429,0.27929014489414544,0.0,0.2270229920821005,0.22373162524161153,0.0,0.17403400346489487,0.33225748769917696,0.31989130099661595,0.20896127144639629,0.12656523440372225,0.22896716078121143,0.1543819383218707,0.193867221260998,0.2337843483269078,0.0,0.0,0.16169198516914762,0.2891102349922506,0.3004055028524159,0.0,0.0,0.0,0.28930892375143075,0.0,0.0,0.0,0.20733349709112375,0.0,0.2061872237276739,0.22022912343994533,0.0,0.3355089129514962,0.2829143813197987,0.2330118699995932,0.2584808735138202,0.0,0.3044899097717168,0.31485520167861225,0.32636334144184126,0.32206864555513803,0.20187056478524398,0.27414142473514713,0.2812440794417366,0.3301623468802223,0.2342847019078599,0.2889586134581744,0.0,0.22743905911835083
0.24072139708763565,0.26774000770955825,0.29300267813998027,0.23276492860018258,0.28801160287311706,0.30778100737531966,0.27111439712825874,0.3187230733381894,0.2912389829744346,0.1930920174440117,0.2805468633568851,0.17278234665342285,0.26813990454280884,0.28020000792277033,0.32237298001381504,0.26669167535104876,0.2258637743579451,0.24887527682557709,0.25520077569580424,0.32586826196004204,0.29513605274640425,0.3157560301426079,0.3046795933670763,0.17413996804703247,0.2390668176777675,0.26253382784625,0.31598233568358874,0.2530568003435391,0.30868245474269485,0.2757643909454031,0.1981836530427822,0.24398288947427016,0.17403400346489487,0.0,0.2188413876773136,0.18251788883181025,0.1924708929127557,0.13057137362494853,0.30562942537388466,0.30199412435546297,0.3139198940294638,0.3367645587550682,0.3684838324022242,0.0,0.0,0.2869147973793288,0.3006650500890143,0.26379643422303417,0.0,0.0,0.33419934676321966,0.26647684224007123,0.34967032416369415,0.2749883956714269,0.23577006599912487,0.0,0.23568828242630108,0.30012354944789144,0.0,0.344215195922481,0.28581042939655704,0.0,0.26894000760886744,0.0,0.33420189470901834,0.33610943304517166,0.33231179571688735,0.3500959440878189,0.0,0.28231751133134675,0.31619282151472267,0.3482632896063768,0.34974811277796963,0.3326312179221138,0.0,0.28085347183002674
0.2970683728629593,0.32329923591932913,0.3036001253229292,0.24566754781634317,0.28022534583881936,0.31630160553115483,0.2804454275409264,0.3325761460616029,0.2787969843195725,0.23261959929154732,0.27384242610378323,0.23239609869776265,0.26707297005250946,0.0,0.3617064917368829,0.31874654732091695,0.26460999970161375,0.29252820946603886,0.28013398981924925,0.3644047467854249,0.3509057540159032,0.36425019928958524,0.32280330422258624,0.22371411276735653,0.28201867198281744,0.3123459747216563,0.342375124636998,0.24388520454560883,0.35388943006675777,0.30064850501492013,0.2667714200426267,0.25258426032119585,0.33225748769917696,0.2188413876773136,0.0,0.28829028150985037,0.22329506148001668,0.19264059091247301,0.247235518535819,0.290424367019235,0.29132529092240805,0.279751304048389,0.0,0.0,0.0,0.0,0.3290851551240684,0.0,0.0,0.0,0.31348785342874635,0.0,0.0,0.0,0.0,0.0,0.0,0.29451682136130153,0.0,0.3664527524041227,0.30322670274158364,0.0,0.2910060049837676,0.0,0.35302270117917833,0.3730607017050248,0.3570197146252083,0.34755447440400367,0.0,0.3024476053602319,0.34772235054841516,0.35928754517891587,0.3233979998981902,0.32995806845354503,0.0,0.0
0.30305433343661253,0.2726352991228409,0.26476951110414937,0.1288562355392807,0.16757844887814072,0.26529654786505624,0.20413048471044293,0.17636769779717668,0.26009651224490515,0.19678389833322948,0.1995041893598113,0.22367603235176206,0.2264017478083868,0.1330728996455057,0.3757809780395051,0.25394283428257924,0.0,0.0,0.2499784211491395,0.3701517463390237,0.33767820558751716,0.37599630028770403,0.26635490596052996,0.22690652424116356,0.0,0.3271594330387284,0.3428875524223337,0.20605863582259415,0.34984336899745294,0.24476853978101293,0.2905784778673049,0.19962750788218933,0.31989130099661595,0.18251788883181025,0.28829028150985037,0.0,0.13250379329979273,0.21109961645835637,0.21649741328233513,0.0,0.0,0.0,0.0,0.0,0.0,0.0,0.0,0.37715809079819324,0.0,0.32258834536845277,0.32993068333406056,0.2847773416196311,0.23137977989365946,0.28303827351999616,0.0,0.2626297972578913,0.0,0.0,0.0,0.0,0.0,0.0,0.0,0.27613840365192305,0.0,0.0,0.3372865828204816,0.311756103463137,0.0,0.0,0.0,0.34123963046950473,0.0,0.3104191406228994,0.0,0.0
