0.0,0.3534820482276195,0.3048097456551534,0.0,0.0,0.36627491858655575,0.0,0.4497854444936654,0.2956073900761777,0.3158308221471274,0.4256128624219532,0.33122318018347185,0.3475766796781867,0.4263808076116474,0.34412998558621877,0.32873066244846094,0.0,0.3323720297101559,0.0,0.3596085961725618,0.36279308676549943,0.346618583438335,0.42474006807451214,0.32886403358452204,0.3370953477001938,0.32219502929563326,0.40578312729831445,0.4006922324477195,0.3907858991203471,0.0,0.31557426272687317,0.3521834043967648,0.2835664297281503,0.2974348038757189,0.34541459017687975,0.0,0.0,0.3293644776342968,0.4214959767103946,0.3979518050747652,0.40514746958371106,0.0,0.0,0.0,0.0,0.31102517029623755,0.42562600756424684,0.0,0.0,0.0,0.34887796508107966,0.0,0.0,0.0,0.0,0.0,0.0,0.0,0.0,0.4426473055703075,0.41350846177025014,0.0,0.42110191513425943,0.0,0.4487458786969722,0.2835505888035516,0.43038034735013725,0.3944111169991794,0.37942613894154364,0.4008442108681462,0.3961105385519922,0.0,0.0,0.40629399076314177,0.0,0.3560054931102696
0.3534820482276195,0.0,0.31819893212946837,0.0,0.0,0.3907361424067918,0.4034705769219326,0.4178122321541936,0.4023291208195642,0.0,0.0,0.0,0.4039641485102133,0.0,0.3839840858473698,0.33703552576869794,0.0,0.3468166162806813,0.0,0.39119715880552697,0.373775703332929,0.37427040136807216,0.3970295941969034,0.3029281829900708,0.33069290760428344,0.35465694177240553,0.3957587480716945,0.39896288220127496,0.3869964019998031,0.0,0.3179924950048809,0.36155981314330615,0.320233263381812,0.32436597280529905,0.37837872076707074,0.0,0.0,0.0,0.4349661737456985,0.41950667054039104,0.42259299319240023,0.44349415200349496,0.0,0.0,0.0,0.4040014213841338,0.44371776201100743,0.0,0.0,0.0,0.40404538449042876,0.282482632329937,0.0,0.0,0.0,0.0,0.0,0.25252312664633814,0.0,0.43788387639702414,0.4276242085782449,0.0,0.41324808463299106,0.0,0.41317725615531603,0.45510618436340017,0.43711217482383385,0.3936716753148817,0.0,0.4195038535728607,0.44736473432518714,0.4073645232605353,0.26265621844664894,0.419067461885396,0.0,0.4150338449822794
0.3048097456551534,0.31819893212946837,0.0,0.3197566804024804,0.34903927519430133,0.35722579630435514,0.3781348201929327,0.40746768745212203,0.27178101375298025,0.3300886028085788,0.3115904222289268,0.25177028681800956,0.3991309020470605,0.38420262297115493,0.0,0.0,0.0,0.0,0.24386006064538893,0.0,0.3492599151303296,0.3656045228437461,0.3371196517990019,0.0,0.23666729737591097,0.26749154043948437,0.27271026838216483,0.40307454033989026,0.34995174336560164,0.38827354324538516,0.4119934702206967,0.3926227247428737,0.2889936079870904,0.4223348161760161,0.3917503440845503,0.36564855345473457,0.35285978491576336,0.2666208560767887,0.42293350407505004,0.0,0.35951628535301633,0.3378658645665574,0.4222242965574066,0.0,0.0,0.0,0.0,0.37033615813157433,0.0,0.4653687508728697,0.48426050752862815,0.436445285732474,0.46834945870786143,0.4296609068120702,0.0,0.4786288497972571,0.0,0.4261456030643802,0.43912409581192413,0.0,0.0,0.0,0.0,0.5080706197139817,0.0,0.0,0.0,0.501037148423929,0.0,0.0,0.0,0.47882717128212277,0.35631480323763554,0.3181242274823316,0.0,0.37128675157046864
0.0,0.0,0.3197566804024804,0.0,0.220936461198119,0.37717188768425786,0.24211487833760195,0.35473558199053296,0.3597223033018318,0.22671792064846996,0.31757244178841354,0.17809657600260195,0.290840679448958,0.24501873013542444,0.0,0.0,0.0,0.0,0.33117050813513516,0.36721977302620856,0.2739808334788419,0.3940125430994874,0.3699817388299402,0.0,0.0,0.0,0.37163057288720935,0.22080076637748172,0.0,0.0,0.27019048266065915,0.261483938814593,0.0,0.2910098417494786,0.24629965986800675,0.16830528393074834,0.15683219948351443,0.23923306673117536,0.0,0.0,0.0,0.0,0.30700983369776214,0.0,0.0,0.0,0.0,0.0,0.0,0.0,0.0,0.0,0.0,0.0,0.0,0.0,0.0,0.0,0.0,0.0,0.0,0.0,0.0,0.0,0.0,0.0,0.0,0.0,0.0,0.0,0.0,0.0,0.0,0.0,0.0,0.0
0.0,0.0,0.34903927519430133,0.220936461198119,0.0,0.3451332184494324,0.28236645186617904,0.32548792815762806,0.3276330743327249,0.35084766710669385,0.28396437773899985,0.2580022864858722,0.3426069054881244,0.2521878271374045,0.0,0.0,0.0,0.0,0.3398682464193162,0.0,0.0,0.0,0.34874682131902135,0.3394190268786298,0.0,0.0,0.3641281941496822,0.3102399303037767,0.0,0.0,0.4052830434307975,0.3245131312774705,0.31075228188087595,0.38474937850282676,0.37577070749632724,0.181522537207737,0.1604140349689387,0.31332724763950354,0.2587716468565068,0.0,0.0,0.0,0.29943752837839704,0.0,0.0,0.0,0.0,0.3070759331079837,0.0,0.23747481712971752,0.0,0.2645029863053539,0.0,0.2998738913005524,0.0,0.3015404835930833,0.0,0.24914600892688996,0.32351959883454207,0.0,0.0,0.0,0.0,0.3237473810721911,0.0,0.0,0.0,0.43397550119703016,0.0,0.0,0.0,0.35907176675498126,0.23113788159268756,0.0,0.0,0.0
0.36627491858655575,0.3907361424067918,0.35722579630435514,0.37717188768425786,0.3451332184494324,0.0,0.3674937095697737,0.4026462194106546,0.3184586070683753,0.4076979669539154,0.365564844544529,0.33041244690771554,0.35496695215618457,0.38359637945705544,0.4199001582026185,0.3886040349566839,0.22352622017602874,0.36441071144965265,0.40129765935595646,0.3821441362588649,0.4108095291384939,0.3990098989813946,0.3882544061174526,0.314711767584128,0.3691554811114097,0.3839856704081467,0.37047530639854787,0.3640498698887825,0.31906498027832525,0.40436214392816805,0.3920122027255932,0.3871139028850359,0.3528936121392753,0.39294770656156464,0.3982909328733481,0.4116890530344253,0.3936214882481539,0.34130071885228297,0.4472778885669619,0.3086958309740057,0.4513521815573887,0.4413408930003473,0.3792309434747338,0.2983292331546069,0.0,0.0,0.3113502409697753,0.48463012091220453,0.33923688000929225,0.3804196738899192,0.4742775452410509,0.4719715752744841,0.4693837904381832,0.4819027276878175,0.0,0.40026259489889504,0.0,0.48872899870529024,0.41495643942183946,0.3892720693974185,0.22994875396163073,0.0,0.24500425565355813,0.4811613794527145,0.4022740559706696,0.3967405578319117,0.4800943493617226,0.4871577842838725,0.0,0.22708175234798153,0.36085250590258194,0.48460918833647243,0.4554989381912312,0.42501728562782765,0.41267979754702466,0.44715994226650724
0.0,0.4034705769219326,0.3781348201929327,0.24211487833760195,0.28236645186617904,0.3674937095697737,0.0,0.38352234578343275,0.359637821277727,0.38356273288669257,0.3779875196460415,0.3368509908750989,0.3370280783048838,0.26615611808460443,0.0,0.41133767047023134,0.33442665760073204,0.3939024784115451,0.3942932204395216,0.3911850983708199,0.3524235636482953,0.41702095618623636,0.3858206461826949,0.3670313842227956,0.3835828852690163,0.36433298274101095,0.39181059385278694,0.35305518059109975,0.37492955676079825,0.0,0.38623567995940017,0.35741140492192613,0.3416188634934824,0.3809637191188619,0.36982021379717167,0.2547592633547457,0.2850300109010964,0.35433588443102404,0.3283747230165333,0.0,0.3030615918570588,0.3436548647853547,0.30686180637931526,0.0,0.0,0.0,0.0,0.3587773716926788,0.0,0.3069927739460724,0.4178265923178537,0.31299848852902706,0.3939961313648281,0.3370684709117849,0.0,0.3026849912342362,0.0,0.28796785099595285,0.0,0.0,0.0,0.0,0.0,0.3332643610040788,0.2765043671688767,0.0,0.2803980744299319,0.47291829973952343,0.0,0.0,0.2702923963756705,0.4730559479474366,0.2883852940639069,0.30541645920691696,0.32532040751554886,0.29022317541693016
0.4497854444936654,0.4178122321541936,0.40746768745212203,0.35473558199053296,0.32548792815762806,0.4026462194106546,0.38352234578343275,0.0,0.4235023580856773,0.0,0.30177734782872184,0.0,0.39714954468551905,0.3581591347597819,0.4362758360133734,0.4105292184904911,0.0,0.3708589452959831,0.3795216660689551,0.0,0.36487223724396345,0.40603992665087135,0.2982961189299092,0.4626800275027263,0.44004278724761564,0.4279697921703009,0.3979509029888251,0.3944582919179346,0.3668937377148004,0.3894700339583611,0.4061421562018737,0.3619092008481624,0.0,0.41215617699182805,0.4111916593013393,0.28039694332703635,0.24529833042441793,0.0,0.4361631897198748,0.0,0.4510332172808858,0.4628407487578261,0.3810785624416871,0.0,0.0,0.0,0.0,0.48042431795343565,0.0,0.42603365883599426,0.45554185725449003,0.44121514653379,0.4489008301503394,0.47833130777241034,0.0,0.41929623326846954,0.0,0.440748842009861,0.4378543490641737,0.4146814860771588,0.0,0.0,0.0,0.4951494939959888,0.4270926937674694,0.4302025881517326,0.0,0.4684562758443419,0.0,0.0,0.0,0.4787439899962783,0.4400163461557456,0.40752977992715045,0.38385822598101493,0.4424117467167511
0.2956073900761777,0.4023291208195642,0.27178101375298025,0.3597223033018318,0.3276330743327249,0.3184586070683753,0.359637821277727,0.4235023580856773,0.0,0.41205096825417303,0.31237495767795975,0.36026122168571173,0.3637547428763373,0.3726477477107518,0.3243145944938034,0.35106900836204125,0.26705863950741965,0.2384118416458559,0.26735610666360377,0.387977718057267,0.3194017015661166,0.40368713098973463,0.39353190269051813,0.32557807789991733,0.3032195831188256,0.29620600983996376,0.31122871837424637,0.4084531017233837,0.3592945441252614,0.3891062130079719,0.42121212296275723,0.40240558067944304,0.35644268674387203,0.42298847386141597,0.42793273821360805,0.35575500576974894,0.3981568361367871,0.418594289006628,0.4352494085088145,0.0,0.3125845215137418,0.2872736323345003,0.42534616318299795,0.0,0.0,0.0,0.2746207316536484,0.4988468657996457,0.0,0.40327040505940953,0.47776956819814864,0.3983458102076235,0.47256952878281716,0.4680864684592591,0.29204280318790693,0.45073634554442066,0.0,0.3800510179827124,0.4524824102559895,0.2928029386397785,0.0,0.0,0.0,0.48456794371395184,0.30726288545313113,0.3103031630392382,0.29522819972121134,0.492882684460437,0.0,0.0,0.26863526912687136,0.48789679219817,0.33725350636781853,0.3169805408474421,0.36254071497149043,0.3212543057221953
0.3158308221471274,0.0,0.3300886028085788,0.22671792064846996,0.35084766710669385,0.4076979669539154,0.38356273288669257,0.0,0.41205096825417303,0.0,0.3751761952979,0.23539818806507654,0.37558390141907183,0.0,0.2538199693831451,0.3054945710773742,0.2658119891932037,0.29659081587464436,0.37334706798523865,0.22249791201764657,0.0,0.2733081584405508,0.360695632976155,0.2609500098316242,0.29937138661048496,0.3099760470671125,0.3622355784908261,0.3533985331469991,0.3044843465693789,0.0,0.2706979171016154,0.28955097040139405,0.25875089628909864,0.27631098907659346,0.2815169385490004,0.29228163831042286,0.2705894394990659,0.2458495462348052,0.29771596947096357,0.3190505976400279,0.3432644211816007,0.3879012664776071,0.0,0.0,0.28932247970635383,0.0,0.30869811725786517,0.0,0.0,0.0,0.0,0.0,0.0,0.0,0.3896825548527566,0.0,0.3847674843590922,0.35623558248917403,0.0,0.0,0.3229145853469384,0.37595321125353043,0.3652499336837472,0.0,0.0,0.0,0.35456428356638786,0.2755493232228204,0.3569988223425851,0.3877208964512939,0.38670099053405266,0.0,0.34372863678368504,0.27186284427263174,0.0,0.364674732674362
0.4256128624219532,0.0,0.3115904222289268,0.31757244178841354,0.28396437773899985,0.365564844544529,0.3779875196460415,0.30177734782872184,0.31237495767795975,0.3751761952979,0.0,0.3249529247754722,0.3941502362008503,0.2804481182293141,0.0,0.0,0.0,0.0,0.2472407031528929,0.0,0.0,0.0,0.2535431333512588,0.3534068600795995,0.0,0.2482761601720334,0.3582014533084402,0.39130788024614177,0.0,0.0,0.41048842756571224,0.3700050006517618,0.3347010315050746,0.4000863267756402,0.39330836664394053,0.2649838939388017,0.31464678470983526,0.3459368537266543,0.3763334975249936,0.0,0.29444623245023,0.0,0.32946692765013197,0.0,0.0,0.0,0.0,0.45940385098497794,0.0,0.39106421590005813,0.41859544580727015,0.4028049946497908,0.42237054486486914,0.45161288303926805,0.0,0.336352387048568,0.0,0.37991581121717394,0.3874542491063158,0.0,0.0,0.0,0.0,0.3428894525949751,0.0,0.0,0.0,0.46279378712779823,0.0,0.0,0.0,0.4450219578790381,0.30568169556127234,0.28137097657238147,0.0,0.3143203473648647
0.33122318018347185,0.0,0.25177028681800956,0.17809657600260195,0.2580022864858722,0.33041244690771554,0.3368509908750989,0.0,0.36026122168571173,0.23539818806507654,0.3249529247754722,0.0,0.3450675717339797,0.10348511782059944,0.0,0.0,0.3168082488515728,0.29288013588394285,0.2938629084700569,0.0,0.0,0.0,0.3028207065541385,0.21397595178594125,0.292724897367889,0.27931851304565347,0.29935372697358126,0.3213025590358568,0.272244576538351,0.0,0.2733010178113289,0.2560998461363418,0.2540303463505157,0.22213390160960167,0.26174575131493366,0.22490780387158996,0.23768131891314864,0.17936576940307178,0.31354421532045584,0.31184335838829697,0.34505926884021193,0.0,0.0,0.0,0.2525384780838833,0.0,0.3092750325991181,0.0,0.0,0.0,0.0,0.0,0.0,0.0,0.398434822564515,0.0,0.385555202053562,0.33924259804096707,0.0,0.0,0.30719159097741433,0.3888794209082578,0.3840865869802658,0.0,0.0,0.0,0.0,0.0,0.3550333137517474,0.3949169958857243,0.3923019434087746,0.0,0.0,0.3655551739017425,0.0,0.3647843569867932
0.3475766796781867,0.4039641485102133,0.3991309020470605,0.290840679448958,0.3426069054881244,0.35496695215618457,0.3370280783048838,0.39714954468551905,0.3637547428763373,0.37558390141907183,0.3941502362008503,0.3450675717339797,0.0,0.3126007578671491,0.4022218562024377,0.4225465519660077,0.3594453192976132,0.41467586978359733,0.4067739320942058,0.3937875350695151,0.3991921575398792,0.4252553479338215,0.39460678537196325,0.3945862717503773,0.39484346908012863,0.38416040361502435,0.4025592335360894,0.33444420046731543,0.3688497506595454,0.37136593104623383,0.38107728509699634,0.37367981202021217,0.3599987893083022,0.3832881229752783,0.37772088240808965,0.30519665967401965,0.33950560108752176,0.379181204559114,0.4625680696047462,0.3156258026780622,0.3202914187851844,0.29615759059039304,0.3467493543239001,0.0,0.0,0.0,0.2436940246759626,0.36066140590702395,0.0,0.3020833438018239,0.4676200711748047,0.3188089907848381,0.44708630021206947,0.31122280385820983,0.0,0.3093435237245619,0.3404714904610692,0.3409030455125061,0.354149945166526,0.2778611136320183,0.2453419518838379,0.0,0.27788788909573686,0.3489599135259578,0.34868288691833427,0.35356029666595074,0.27382477022464274,0.4713518757302216,0.3589678860360452,0.26334492730411335,0.3022993398939216,0.47778239394561217,0.3461686367775343,0.3759880634150572,0.3152906229630208,0.3159951737186185
0.4263808076116474,0.0,0.38420262297115493,0.24501873013542444,0.2521878271374045,0.38359637945705544,0.26615611808460443,0.3581591347597819,0.3726477477107518,0.0,0.2804481182293141,0.10348511782059944,0.3126007578671491,0.0,0.0,0.0,0.0,0.0,0.3426623330379504,0.0,0.40950161228183085,0.0,0.3538717071992299,0.0,0.0,0.0,0.3951319558210991,0.2631570707031224,0.0,0.0,0.0,0.2501584687617806,0.0,0.383911931831597,0.0,0.20318520994611158,0.1671300890989062,0.0,0.4084427937224781,0.0,0.0,0.0,0.3599674018628814,0.0,0.0,0.0,0.0,0.38817842869674546,0.0,0.0,0.3373614457835556,0.3537382546649175,0.0,0.4185198336126821,0.0,0.3384280244646442,0.0,0.33874366100998266,0.3787368594753707,0.0,0.0,0.0,0.0,0.3799266073645621,0.0,0.0,0.0,0.41952463539018303,0.0,0.0,0.0,0.3814212681047848,0.3232526627761423,0.0,0.0,0.0
0.34412998558621877,0.3839840858473698,0.0,0.0,0.0,0.4199001582026185,0.0,0.4362758360133734,0.3243145944938034,0.2538199693831451,0.0,0.0,0.4022218562024377,0.0,0.0,0.37241162826030444,0.27951790832402157,0.36233214127389785,0.0,0.32193140031773887,0.36794505550636736,0.36465781804112984,0.35374166821075637,0.43397440864362263,0.349648575450406,0.3566285998379332,0.37300021683708284,0.3787687515325449,0.36495866661016774,0.0,0.36974408373351175,0.3860400071859689,0.3349337917999385,0.37817466577513154,0.4098625937377659,0.4455205389385597,0.3921733702874031,0.0,0.4348972438223998,0.4241715845317189,0.42652037830838085,0.4544470179363639,0.0,0.0,0.0,0.0,0.4633888394712967,0.0,0.0,0.0,0.3987280247852322,0.2932128927754674,0.4404516245783515,0.0,0.0,0.0,0.0,0.31066150596243547,0.0,0.44940449806281185,0.3650360952074345,0.0,0.27181372475693955,0.0,0.4215634963842593,0.44981712747531133,0.46941116721398635,0.4084657797201911,0.0,0.30473554395703045,0.46006582351738395,0.4094361941485414,0.3425005819909608,0.3704713529303881,0.3107908472436092,0.36949124748720613
0.32873066244846094,0.33703552576869794,0.0,0.0,0.0,0.3886040349566839,0.41133767047023134,0.4105292184904911,0.35106900836204125,0.3054945710773742,0.0,0.0,0.4225465519660077,0.0,0.37241162826030444,0.0,0.3466645125670296,0.3032334552367809,0.0,0.37945773605444977,0.3698781134820142,0.3534259062880937,0.3806367618951944,0.30200561435506057,0.32702195631618597,0.337508950413516,0.38179172401214323,0.41706037359295095,0.40099773983724857,0.38304599221596536,0.3280880686477587,0.38579041474408066,0.3279281055083736,0.3385414781888569,0.3940382632250197,0.36342645556211495,0.0,0.0,0.4084038788464677,0.38686378898815016,0.40230278070988756,0.4309786911750039,0.0,0.0,0.0,0.3915063075291275,0.42568482013732895,0.0,0.0,0.0,0.2600390123139603,0.29821769907972845,0.0,0.0,0.2443837368825306,0.0,0.0,0.26924203703336863,0.0,0.4206460220371652,0.4006858939780923,0.0,0.39511438595884996,0.0,0.3596007439812413,0.42088520387033557,0.4202963488779928,0.2953275059358992,0.0,0.39580233675233084,0.4250644373999803,0.32185228970756374,0.2511425451343051,0.3257407332259919,0.0,0.38612920384004645
0.0,0.0,0.0,0.0,0.0,0.22352622017602874,0.33442665760073204,0.0,0.26705863950741965,0.2658119891932037,0.0,0.3168082488515728,0.3594453192976132,0.0,0.27951790832402157,0.3466645125670296,0.0,0.27002384908623495,0.0,0.3245614093036335,0.0,0.34626033891787805,0.0,0.3292754303336107,0.3167849123263314,0.3191098710634325,0.22869780472789938,0.34538796658034987,0.30901111043861784,0.0,0.31074579651706796,0.3921341535434571,0.31305872712276156,0.3323996475678849,0.3525893935706761,0.4241910625590754,0.0,0.28398560203512824,0.37610985997084767,0.3705811123703817,0.3763885352397456,0.0,0.0,0.0,0.0,0.0,0.3604334548748065,0.0,0.0,0.0,0.0,0.0,0.0,0.0,0.3932021656715892,0.0,0.38494955425567556,0.0,0.0,0.0,0.3302762102033591,0.37175116285830745,0.3760391967240283,0.0,0.0,0.0,0.29214947239548844,0.0,0.37950229626044707,0.3875019220465823,0.3920988200680898,0.0,0.0,0.0,0.0,0.36590609543213287
0.3323720297101559,0.3468166162806813,0.0,0.0,0.0,0.36441071144965265,0.3939024784115451,0.3708589452959831,0.2384118416458559,0.29659081587464436,0.0,0.29288013588394285,0.41467586978359733,0.0,0.36233214127389785,0.3032334552367809,0.27002384908623495,0.0,0.0,0.37061701383963963,0.3710927884354524,0.35871770873653136,0.3578613612581534,0.31496899852887056,0.3112483508716856,0.3334797844813367,0.3536620934519013,0.4020141881801708,0.3916149511810141,0.3609312010871247,0.33064679558166254,0.3901389213963609,0.3183214223314698,0.34930736135911894,0.3785876535708833,0.0,0.0,0.25333923553243853,0.3927335506567006,0.3676064964470483,0.37855357200579715,0.4004232308933446,0.0,0.0,0.0,0.3832405910627585,0.40604866049758603,0.0,0.0,0.0,0.25489793898983143,0.3063416645677244,0.0,0.0,0.38318802248403006,0.0,0.3615751684610487,0.2794561091959317,0.0,0.3446275109406743,0.3841245322774424,0.3707021840485286,0.38967893184363883,0.0,0.2628777177761883,0.38815108435377094,0.3831015907535301,0.0,0.36846353268634774,0.3909666292547651,0.39523246511717364,0.2655455674834944,0.2617103571200625,0.24375300761543162,0.0,0.3764582038054512
0.0,0.0,0.24386006064538893,0.33117050813513516,0.3398682464193162,0.40129765935595646,0.3942932204395216,0.3795216660689551,0.26735610666360377,0.37334706798523865,0.2472407031528929,0.2938629084700569,0.4067739320942058,0.3426623330379504,0.0,0.0,0.0,0.0,0.0,0.0,0.0,0.32069464019593985,0.35701632324091365,0.2918297267390677,0.2544858078230641,0.0,0.29972263993387965,0.40744063888334364,0.0,0.0,0.42529919051417925,0.39312427700696084,0.3315392310567756,0.41788374043984355,0.4062192224696827,0.33968124600309324,0.34472568210745563,0.33648149217023265,0.3987892813468593,0.0,0.3207794691435541,0.3340703397392887,0.37473794281930783,0.0,0.0,0.0,0.0,0.5117048145141408,0.0,0.3843508954254368,0.4628461392115259,0.3984378197997666,0.46905202079920266,0.4732693148810361,0.0,0.44892574243980315,0.0,0.35449502905238867,0.4043112648212671,0.0,0.0,0.0,0.0,0.4745154692855802,0.0,0.0,0.0,0.4930406122391329,0.0,0.0,0.0,0.48191658392843234,0.29440648758982735,0.32482240175460875,0.0,0.3389709476604813
0.3596085961725618,0.39119715880552697,0.0,0.36721977302620856,0.0,0.3821441362588649,0.3911850983708199,0.0,0.387977718057267,0.22249791201764657,0.0,0.0,0.3937875350695151,0.0,0.32193140031773887,0.37945773605444977,0.3245614093036335,0.37061701383963963,0.0,0.0,0.38217075796916067,0.34934733944472895,0.3165739737121314,0.3144144345923904,0.35331635493174185,0.38414264757795713,0.34119832269454253,0.36587885031078443,0.3109805105809943,0.26029502651425246,0.34962296705970125,0.3933916018652138,0.3206746131359201,0.37485502998921155,0.40409824993366505,0.4213378088049449,0.4282242519790656,0.31244702201124164,0.3912733878664862,0.31546976514237596,0.30969691053440135,0.39608218060226497,0.0,0.0,0.0,0.0,0.3923340868686215,0.0,0.0,0.0,0.33941076204768084,0.24970982647051929,0.39678335748037913,0.0,0.0,0.0,0.0,0.28773917121381104,0.0,0.40379560494959943,0.230397482171384,0.0,0.22134331226659926,0.0,0.39483223489416125,0.4097022523581873,0.43508805112216464,0.3861861187417316,0.0,0.23356765938291527,0.39917202281309627,0.4059183793711992,0.2615537433978521,0.29539509681126835,0.0,0.3298222703476549
0.36279308676549943,0.373775703332929,0.3492599151303296,0.2739808334788419,0.0,0.4108095291384939,0.3524235636482953,0.36487223724396345,0.3194017015661166,0.0,0.0,0.0,0.3991921575398792,0.40950161228183085,0.36794505550636736,0.3698781134820142,0.0,0.3710927884354524,0.0,0.38217075796916067,0.0,0.40945599600268007,0.3721514117558165,0.4353548457901669,0.36889195953881515,0.34893796814096695,0.3914868615166197,0.3996941703214104,0.3715409200065502,0.3858666998672981,0.3351172390191058,0.3723744199743233,0.33438755942758297,0.3492983058534259,0.39206545798511677,0.39249235569588975,0.0,0.2542641471984414,0.4257883561264496,0.3954195440032922,0.4104000589019262,0.45622767452054436,0.0,0.0,0.0,0.2929571808750293,0.44610880572034994,0.0,0.0,0.0,0.4117641295372755,0.0,0.42091243042167303,0.0,0.0,0.0,0.0,0.350964241067847,0.0,0.43410292387876004,0.3959370467905392,0.0,0.0,0.0,0.40848022287919433,0.4387605493860454,0.45741447517326267,0.4354954437326889,0.0,0.3259399504635202,0.43197249164156554,0.422238987104525,0.38073848482038425,0.3908713106894198,0.0,0.2743673664598256
0.346618583438335,0.37427040136807216,0.3656045228437461,0.3940125430994874,0.0,0.3990098989813946,0.41702095618623636,0.40603992665087135,0.40368713098973463,0.2733081584405508,0.0,0.0,0.4252553479338215,0.0,0.36465781804112984,0.3534259062880937,0.34626033891787805,0.35871770873653136,0.32069464019593985,0.34934733944472895,0.40945599600268007,0.0,0.40111073460765184,0.24994974694139793,0.357028811325918,0.3721720936964605,0.3929346609855757,0.4100119297604394,0.3804389696961917,0.3760248789298877,0.3533939708936735,0.3920781342270717,0.35525582313157744,0.37168571046774707,0.4129790794842864,0.4374894222804385,0.3895048335685155,0.28706341520238854,0.43852259385998865,0.4250295743425361,0.4397293139672079,0.4644418622655125,0.0,0.0,0.0,0.40212966847394027,0.4465719471223861,0.0,0.0,0.0,0.4298766757180526,0.26123709291495695,0.4393242102571703,0.2875173127304275,0.0,0.0,0.0,0.0,0.0,0.45792355484580893,0.42208701919647423,0.0,0.34634287353796034,0.0,0.43763204112371007,0.4651232905880171,0.4588978522048381,0.43538976977663035,0.0,0.3895083804924091,0.4548101267865869,0.44297345150045686,0.0,0.4089206970388741,0.0,0.43230706629239224
0.42474006807451214,0.3970295941969034,0.3371196517990019,0.3699817388299402,0.34874682131902135,0.3882544061174526,0.3858206461826949,0.2982961189299092,0.39353190269051813,0.360695632976155,0.2535431333512588,0.3028207065541385,0.39460678537196325,0.3538717071992299,0.35374166821075637,0.3806367618951944,0.0,0.3578613612581534,0.35701632324091365,0.3165739737121314,0.3721514117558165,0.40111073460765184,0.0,0.46084795387540245,0.3844810262850324,0.3915851120190703,0.3219702338675283,0.39539839218260964,0.380366104302642,0.3944068553867726,0.3967535756439552,0.38196639143414884,0.32545611362190213,0.40029586979456394,0.40587467540079425,0.3467852912865042,0.36144980976158153,0.3030167171510588,0.44088291715698086,0.3902922041021947,0.4541515270004454,0.47767021947864413,0.4220231647360681,0.36304739605207653,0.0,0.4155179937203573,0.3990956009350176,0.4973974344979101,0.0,0.4288697827275806,0.4517036611332265,0.45536411018892237,0.40731602375594855,0.47996252037368026,0.32939141872481775,0.46620637636949586,0.0,0.45725592200923504,0.40758349378503556,0.41777113545759986,0.2513406693986951,0.0,0.0,0.504552030582047,0.4088624373532933,0.35559886183763767,0.4515281256029677,0.3724299453292287,0.46747415887413946,0.23862867071179011,0.3652587731657633,0.4786237080758198,0.4420622356502006,0.4156885416413923,0.4452928152778479,0.455844609437721
0.32886403358452204,0.3029281829900708,0.0,0.0,0.3394190268786298,0.314711767584128,0.3670313842227956,0.4626800275027263,0.32557807789991733,0.2609500098316242,0.3534068600795995,0.21397595178594125,0.3945862717503773,0.0,0.43397440864362263,0.30200561435506057,0.3292754303336107,0.31496899852887056,0.2918297267390677,0.3144144345923904,0.4353548457901669,0.24994974694139793,0.46084795387540245,0.0,0.3006269181838279,0.3029083983488206,0.5145938854683004,0.36023304735702016,0.3454151902494867,0.0,0.30791576819166966,0.2846248290721266,0.2124702215720634,0.2296904724909827,0.26785714054931054,0.28697089153692606,0.0,0.21841966510915364,0.3692044059075288,0.293839953475247,0.3072649053203465,0.0,0.0,0.0,0.2503403607881273,0.37844400136056755,0.4126904578259693,0.0,0.0,0.0,0.0,0.0,0.0,0.0,0.36820423778112543,0.0,0.36033681434704007,0.0,0.0,0.0,0.3996849992373603,0.38582652581412696,0.40258695593662314,0.0,0.0,0.31381953741083074,0.3210153854267856,0.0,0.3283829521556347,0.39375198312491566,0.38205641542847707,0.0,0.0,0.0,0.0,0.36958192651344873
0.3370953477001938,0.33069290760428344,0.23666729737591097,0.0,0.0,0.3691554811114097,0.3835828852690163,0.44004278724761564,0.3032195831188256,0.29937138661048496,0.0,0.292724897367889,0.39484346908012863,0.0,0.349648575450406,0.32702195631618597,0.3167849123263314,0.3112483508716856,0.2544858078230641,0.35331635493174185,0.36889195953881515,0.357028811325918,0.3844810262850324,0.3006269181838279,0.0,0.32647156168664865,0.3673796393483483,0.3860050410272507,0.3759285132931544,0.0,0.32453137721887876,0.36516095034637436,0.2888690073843483,0.3257832028915758,0.34818939810249183,0.0,0.0,0.2786624649065563,0.4039191777082287,0.37456914772361405,0.3815504497217657,0.40423624894531535,0.0,0.0,0.0,0.3762119136032385,0.4179448207511902,0.0,0.0,0.0,0.24110290288591232,0.28399387560487155,0.0,0.0,0.38593139718332287,0.0,0.37840231731442964,0.27119771215773125,0.0,0.36371323745897427,0.40026413537982347,0.38229531085249946,0.3957880983384466,0.0,0.35376834130094426,0.3805145026636988,0.39002927095590384,0.28346030921405346,0.37803048557348656,0.3972552291959268,0.4017585618552487,0.2771861222339977,0.31032273847931924,0.3569842045579143,0.0,0.38087798238193327
0.32219502929563326,0.35465694177240553,0.26749154043948437,0.0,0.0,0.3839856704081467,0.36433298274101095,0.4279697921703009,0.29620600983996376,0.3099760470671125,0.2482761601720334,0.27931851304565347,0.38416040361502435,0.0,0.3566285998379332,0.337508950413516,0.3191098710634325,0.3334797844813367,0.0,0.38414264757795713,0.34893796814096695,0.3721720936964605,0.3915851120190703,0.3029083983488206,0.32647156168664865,0.0,0.40014630386159034,0.3590220929360075,0.36550747277286516,0.0,0.3293467987156426,0.3650790362548709,0.3123635263964493,0.33396215431414933,0.36143933959399294,0.0,0.0,0.2694013526496581,0.4235011650559979,0.3862782449260624,0.4105566090984138,0.4341766204256757,0.0,0.0,0.0,0.3796395979739115,0.437719648039678,0.0,0.0,0.0,0.40110260439304374,0.26739776222368555,0.0,0.0,0.3880883284421572,0.0,0.3756154723328461,0.31114676491587556,0.0,0.4505306052618471,0.41226907511123484,0.38870118051196556,0.40673111693292324,0.0,0.3978616512526695,0.4354368437626219,0.45156632157530346,0.3761003952291139,0.38390343264598875,0.40299013891042684,0.41238772426505377,0.4127801755036842,0.33283428618073224,0.40221416767362095,0.0,0.3960546326891009
0.40578312729831445,0.3957587480716945,0.27271026838216483,0.37163057288720935,0.3641281941496822,0.37047530639854787,0.39181059385278694,0.3979509029888251,0.31122871837424637,0.3622355784908261,0.3582014533084402,0.29935372697358126,0.4025592335360894,0.3951319558210991,0.37300021683708284,0.38179172401214323,0.22869780472789938,0.3536620934519013,0.29972263993387965,0.34119832269454253,0.3914868615166197,0.3929346609855757,0.3219702338675283,0.5145938854683004,0.3673796393483483,0.40014630386159034,0.0,0.39955134449957597,0.33496978680734446,0.3987012055941187,0.3886758296345963,0.39105047356611666,0.35403090106652685,0.4008397914147911,0.4137340652027462,0.39385264354906163,0.393727630492679,0.30989167325746436,0.4505225698190803,0.38524629759217593,0.4531408724393643,0.46954821716494144,0.42931032711515665,0.27381229232044313,0.0,0.0,0.3654182396446416,0.4966353285499229,0.0,0.40390786876769347,0.47796617738207464,0.47932572141462254,0.4757655110279116,0.4876009248252165,0.3132727184157431,0.46338837262662397,0.0,0.4918918652382785,0.4526779147097555,0.4280258201063086,0.22757130369733333,0.0,0.0,0.4854433078247037,0.404455772901414,0.4391904259582302,0.4934661696383523,0.48915455178622974,0.0,0.2408928041209923,0.4126716260389823,0.4898277191562222,0.461719764521859,0.4103477352867359,0.4319519604234596,0.45699530167678837
0.4006922324477195,0.39896288220127496,0.40307454033989026,0.22080076637748172,0.3102399303037767,0.3640498698887825,0.35305518059109975,0.3944582919179346,0.4084531017233837,0.3533985331469991,0.39130788024614177,0.3213025590358568,0.33444420046731543,0.2631570707031224,0.3787687515325449,0.41706037359295095,0.34538796658034987,0.4020141881801708,0.40744063888334364,0.36587885031078443,0.3996941703214104,0.4100119297604394,0.39539839218260964,0.36023304735702016,0.3860050410272507,0.3590220929360075,0.39955134449957597,0.0,0.3197497759843952,0.29912248254117524,0.3434883427089165,0.36121717867827047,0.35364046046018244,0.3570818011697165,0.34287980957946396,0.2527000535707435,0.2580292133267013,0.34298822595427186,0.4369574828069493,0.33824011037736373,0.3504013704758356,0.3292908355548476,0.33775321066078856,0.0,0.0,0.0,0.2505612037807583,0.31471704763066694,0.0,0.27712002747444997,0.435271639638752,0.29565138665702184,0.469397735067584,0.2755972188069564,0.35701689076333815,0.2779367968628897,0.34184554124507094,0.35797970382810584,0.2896957289915185,0.36344480088133424,0.24644488708876258,0.0,0.2668945758955551,0.2783716757629996,0.40640798085322827,0.4067497239922776,0.3194717068479641,0.45685338496169614,0.0,0.28001866326459995,0.33880096862449305,0.45726399575478993,0.40979927348009276,0.37306298634105384,0.313022279808722,0.38723722751686285
0.3907858991203471,0.3869964019998031,0.34995174336560164,0.0,0.0,0.31906498027832525,0.37492955676079825,0.3668937377148004,0.3592945441252614,0.3044843465693789,0.0,0.272244576538351,0.3688497506595454,0.0,0.36495866661016774,0.40099773983724857,0.30901111043861784,0.3916149511810141,0.0,0.3109805105809943,0.3715409200065502,0.3804389696961917,0.380366104302642,0.3454151902494867,0.3759285132931544,0.36550747277286516,0.33496978680734446,0.3197497759843952,0.0,0.2938361470804015,0.33782539366922654,0.37650154058667235,0.32946640556472206,0.36589035022158684,0.3936699280084847,0.4140998689060465,0.3653106142714608,0.0,0.4033686319994234,0.2922427732298879,0.3030435394131257,0.36947984095229347,0.2871106845717159,0.0,0.0,0.0,0.3785761275945018,0.36107106269683215,0.0,0.0,0.3597002866706775,0.2865503583645535,0.4176977106894908,0.2818143377796158,0.0,0.0,0.0,0.3331480057491838,0.0,0.3749389769457635,0.2380195840420173,0.0,0.2355716423878691,0.0,0.3443984112196262,0.39070599738255496,0.39460403624419943,0.42104667067138407,0.0,0.23287437522662272,0.3810311068896647,0.4207670207879188,0.35539999204263256,0.36117972226244677,0.35375056868767885,0.352059898295134
0.0,0.0,0.38827354324538516,0.0,0.0,0.40436214392816805,0.0,0.3894700339583611,0.3891062130079719,0.0,0.0,0.0,0.37136593104623383,0.0,0.0,0.38304599221596536,0.0,0.3609312010871247,0.0,0.26029502651425246,0.3858666998672981,0.3760248789298877,0.3944068553867726,0.0,0.0,0.0,0.3987012055941187,0.29912248254117524,0.2938361470804015,0.0,0.330911026097576,0.3955780784123298,0.0,0.3472532305368608,0.3733179105615112,0.34788645633708215,0.0,0.0,0.4156218168832538,0.0,0.0,0.0,0.0,0.0,0.0,0.0,0.0,0.0,0.0,0.0,0.4097530195094498,0.31575196526922994,0.3884466582164303,0.0,0.0,0.0,0.0,0.3084214788212569,0.0,0.0,0.0,0.0,0.0,0.0,0.39862678042388533,0.0,0.0,0.46068675067237297,0.0,0.0,0.0,0.44768829029103485,0.3416976001948124,0.3481145460053785,0.0,0.0
0.31557426272687317,0.3179924950048809,0.4119934702206967,0.27019048266065915,0.4052830434307975,0.3920122027255932,0.38623567995940017,0.4061421562018737,0.42121212296275723,0.2706979171016154,0.41048842756571224,0.2733010178113289,0.38107728509699634,0.0,0.36974408373351175,0.3280880686477587,0.31074579651706796,0.33064679558166254,0.42529919051417925,0.34962296705970125,0.3351172390191058,0.3533939708936735,0.3967535756439552,0.30791576819166966,0.32453137721887876,0.3293467987156426,0.3886758296345963,0.3434883427089165,0.33782539366922654,0.330911026097576,0.0,0.360598106019813,0.2871608427928135,0.2820427747035082,0.30218331594218656,0.37437512171574616,0.29825911471824196,0.2796848477972873,0.41923600519374776,0.3361559089186126,0.4080258026387683,0.4261419881604233,0.0,0.0,0.3181481532799459,0.3614198088307851,0.41013614755503536,0.0,0.0,0.0,0.42929014812596383,0.2872870818381817,0.45598900552261273,0.2805742057086405,0.3411444385915863,0.0,0.3540949112615135,0.32569412062965764,0.0,0.4233385895645742,0.39014478948706793,0.0,0.3958978597924302,0.0,0.394890925263195,0.4262258640476205,0.42809642739740544,0.45820685542194206,0.0,0.3882668269261129,0.40448697853905247,0.4575980169361516,0.38207660989984193,0.39315052684024615,0.0,0.4223433290222884
0.3521834043967648,0.36155981314330615,0.3926227247428737,0.261483938814593,0.3245131312774705,0.3871139028850359,0.35741140492192613,0.3619092008481624,0.40240558067944304,0.28955097040139405,0.3700050006517618,0.2560998461363418,0.37367981202021217,0.2501584687617806,0.3860400071859689,0.38579041474408066,0.3921341535434571,0.3901389213963609,0.39312427700696084,0.3933916018652138,0.3723744199743233,0.3920781342270717,0.38196639143414884,0.2846248290721266,0.36516095034637436,0.3650790362548709,0.39105047356611666,0.36121717867827047,0.37650154058667235,0.3955780784123298,0.360598106019813,0.0,0.29697435645430986,0.32087040653160054,0.31561651680580544,0.22166019454204114,0.2784506634165689,0.24716912111596984,0.24927082125129407,0.2636515506253888,0.3250062450837181,0.3142317433152749,0.24998983590922622,0.2761799207868062,0.23033866780009168,0.3867247196711822,0.42628691689516085,0.39578639090634815,0.24644216830654686,0.3221088765768114,0.43027663473075367,0.2882207099223124,0.4310475609006742,0.32326669144158726,0.2948805729471322,0.35374834551320944,0.2707591882140874,0.41043368102727784,0.0,0.4332711113089182,0.39710669120679937,0.38886206321097655,0.44028010909505744,0.364861904732148,0.403968852194965,0.44159031480994615,0.43941825309173566,0.4524321263874736,0.2791899604035971,0.4193211876859028,0.42396756958050036,0.44742193193991436,0.41382120808055567,0.4073724792748281,0.42106664907552477,0.4317520715441302
0.2835664297281503,0.320233263381812,0.2889936079870904,0.0,0.31075228188087595,0.3528936121392753,0.3416188634934824,0.0,0.35644268674387203,0.25875089628909864,0.3347010315050746,0.2540303463505157,0.3599987893083022,0.0,0.3349337917999385,0.3279281055083736,0.31305872712276156,0.3183214223314698,0.3315392310567756,0.3206746131359201,0.33438755942758297,0.35525582313157744,0.32545611362190213,0.2124702215720634,0.2888690073843483,0.3123635263964493,0.35403090106652685,0.35364046046018244,0.32946640556472206,0.0,0.2871608427928135,0.29697435645430986,0.0,0.2562698985883865,0.31698347256814957,0.3517573499030182,0.0,0.17476370114731074,0.2690299390475281,0.2768201446320844,0.29437096342218455,0.276193409231869,0.30611413372024654,0.0,0.2147182521499202,0.37746634971841003,0.40131522782475687,0.0,0.0,0.0,0.3972860789710911,0.0,0.0,0.0,0.361307375709399,0.0,0.3597203011047002,0.3126962069076671,0.0,0.4313480345975195,0.3729194265592828,0.3485077065889643,0.3686978941568256,0.0,0.36934268661920344,0.46364546457567296,0.3996755005038831,0.4104887918652806,0.3294205900281246,0.36961537919703064,0.3766981327729691,0.4237771989434656,0.0,0.3493214614177601,0.0,0.34518574197526986
0.2974348038757189,0.32436597280529905,0.4223348161760161,0.2910098417494786,0.38474937850282676,0.39294770656156464,0.3809637191188619,0.41215617699182805,0.42298847386141597,0.27631098907659346,0.4000863267756402,0.22213390160960167,0.3832881229752783,0.383911931831597,0.37817466577513154,0.3385414781888569,0.3323996475678849,0.34930736135911894,0.41788374043984355,0.37485502998921155,0.3492983058534259,0.37168571046774707,0.40029586979456394,0.2296904724909827,0.3257832028915758,0.33396215431414933,0.4008397914147911,0.3570818011697165,0.36589035022158684,0.3472532305368608,0.2820427747035082,0.32087040653160054,0.2562698985883865,0.0,0.23852533605924103,0.33143580351879925,0.27819627092938504,0.19843280203012595,0.3567788614170539,0.3026729012430229,0.3521537123001896,0.3292368476103724,0.28623648636726345,0.0,0.2571897237383249,0.3647695790319028,0.4147402602123144,0.0,0.0,0.0,0.43172360769174156,0.31890001764003867,0.4552963399603109,0.2933838608282065,0.346653088219154,0.0,0.35521966693748463,0.2861040991198728,0.0,0.4305598081153583,0.38931993698928924,0.3725625902759224,0.38926659066624103,0.3257211717700714,0.41663423916231535,0.44114610657477354,0.43321310040482164,0.46276300695856587,0.32305599912700217,0.39404850924791746,0.410467529708624,0.45896263622321953,0.38964584072919767,0.3938670474320949,0.0,0.4118082888990478
0.34541459017687975,0.37837872076707074,0.3917503440845503,0.24629965986800675,0.37577070749632724,0.3982909328733481,0.36982021379717167,0.4111916593013393,0.42793273821360805,0.2815169385490004,0.39330836664394053,0.26174575131493366,0.37772088240808965,0.0,0.4098625937377659,0.3940382632250197,0.3525893935706761,0.3785876535708833,0.4062192224696827,0.40409824993366505,0.39206545798511677,0.4129790794842864,0.40587467540079425,0.26785714054931054,0.34818939810249183,0.36143933959399294,0.4137340652027462,0.34287980957946396,0.3936699280084847,0.3733179105615112,0.30218331594218656,0.31561651680580544,0.31698347256814957,0.23852533605924103,0.0,0.3080500498836098,0.2803822256051859,0.2455840645890869,0.3031993251898594,0.24874093246591752,0.3114927616700672,0.0,0.0,0.25036619128252086,0.24754657688581388,0.0,0.4319826159542357,0.0,0.0,0.3015740037101782,0.39778586116704917,0.2612814212260672,0.4897727148479846,0.0,0.4440308810641227,0.0,0.2511102191626818,0.25880985792952116,0.0,0.4506753904740244,0.4135079190203477,0.0,0.3939536420488128,0.0,0.4141982766030468,0.4459703834864433,0.46306411762609595,0.46986955967222427,0.0,0.39671598402878394,0.4209521470206087,0.4678209443923881,0.3567631144814639,0.36801253851061294,0.0,0.0
