0.0,0.36367871644044303,0.36625366313466157,0.0,0.0,0.3716728698260645,0.3165786836862298,0.4977453830635931,0.2679768267391908,0.4654317453932668,0.0,0.40336645783922664,0.3671920317453965,0.0,0.3588828524219844,0.3631400159505392,0.3503718757100092,0.3538906873149958,0.0,0.416267536552191,0.37991437767598013,0.3926760157142508,0.44627486300485114,0.387436712756673,0.34746638505786437,0.3505811581423307,0.4105433583048176,0.41390779092611796,0.4175578571302643,0.0,0.33572655913326394,0.37295067747769034,0.3041146995982688,0.29033980428570705,0.341970593085496,0.0,0.0,0.0,0.0,0.38989843678155583,0.0,0.0,0.0,0.0,0.0,0.37519617764002594,0.43282573305925276,0.0,0.0,0.0,0.0,0.0,0.0,0.0,0.39111402343170015,0.0,0.3821656189383904,0.0,0.0,0.0,0.41530647926512054,0.0,0.40814132294093675,0.0,0.0,0.16314796726157443,0.4367675521410218,0.0,0.0,0.40353752816743643,0.43478831153920106,0.0,0.0,0.0,0.0,0.0
0.36367871644044303,0.0,0.3577829844782508,0.0,0.3862105097742396,0.4029178098879639,0.4313236110597123,0.43490430008644076,0.3855451665506041,0.2977145837910351,0.0,0.2531164441270754,0.4352299930041869,0.0,0.39396883946571576,0.3988862238440155,0.34733071618773254,0.40082881092285505,0.0,0.4218098607594766,0.3863455437413601,0.4060944280505318,0.400817219937662,0.0,0.3916987275531752,0.39980876817237593,0.4158209535477974,0.4503263740824856,0.4236818828316971,0.0,0.3536154881500339,0.39064113920634486,0.34256846304847133,0.3446697365790125,0.37699570883180034,0.0,0.0,0.0,0.4118662105868777,0.39272355074109694,0.4081725103159046,0.4353947550338701,0.0,0.0,0.0,0.41801519917444546,0.4373485812117575,0.0,0.0,0.0,0.3885208168411911,0.0,0.0,0.0,0.3010135517190683,0.0,0.0,0.29929886990255866,0.0,0.43232340454138835,0.414328764881,0.2909846437864401,0.38144584495825073,0.0,0.4327574081551887,0.43677511128484964,0.43877057926100976,0.4060044454650083,0.0,0.38723022855510014,0.44507047357390256,0.42836671994752135,0.32457838639778736,0.43345925565400634,0.0,0.38961079778538543
0.36625366313466157,0.3577829844782508,0.0,0.38171290378990064,0.3601076131355911,0.37540858179132564,0.40342878087588596,0.4477718996470652,0.3451241313252867,0.38890962333972084,0.332627652309677,0.3486662887702473,0.42319328073536405,0.41369022486051665,0.0,0.0,0.0,0.35380237436589324,0.27627186354048316,0.0,0.32365885429020097,0.0,0.3430629552828555,0.0,0.3318956933942493,0.31438450952235064,0.33444529903289716,0.4340137565774237,0.3024609719661757,0.4125272572483293,0.44438657876936793,0.4130228180877083,0.0,0.459903269914226,0.45770308194724213,0.3978769581805351,0.4137372475176998,0.0,0.4910361273413151,0.0,0.0,0.0,0.4673386290601401,0.0,0.0,0.0,0.0,0.3220894592642358,0.0,0.47579677479250926,0.5388584964821829,0.4799012806890489,0.5197219837698708,0.5514934739860293,0.0,0.391880012988695,0.0,0.47924781438246605,0.501179879032302,0.0,0.0,0.0,0.0,0.31155474496054464,0.41746131429215805,0.0,0.0,0.5430312191128798,0.0,0.0,0.0,0.5512285234780427,0.4338603045781049,0.40757155829648933,0.0,0.460673661397027
0.0,0.0,0.38171290378990064,0.0,0.2379180670709207,0.42350842007622075,0.2663834021192236,0.2875048030618026,0.40273340906692023,0.0,0.3748591662142889,0.0,0.3089262439140634,0.25708155953421413,0.48975423041430827,0.0,0.0,0.0,0.38631996248799744,0.4532935593993442,0.0,0.47830507101323627,0.4070365936233065,0.0,0.0,0.0,0.4219426215883887,0.3296499320303537,0.38277197354665055,0.30014902644618147,0.3466889405163259,0.3056830989451408,0.0,0.34468352451084067,0.3898940913345426,0.21294568554388774,0.20259650640116503,0.36473201019474,0.44309347676851757,0.0,0.0,0.0,0.0,0.0,0.0,0.0,0.0,0.0,0.0,0.0,0.0,0.0,0.0,0.0,0.0,0.0,0.2704382823854874,0.0,0.0,0.0,0.0,0.0,0.0,0.0,0.0,0.0,0.0,0.33731911651528557,0.0,0.0,0.0,0.3487459885941552,0.0,0.0,0.0,0.0
0.0,0.3862105097742396,0.3601076131355911,0.2379180670709207,0.0,0.34270986500214773,0.32697320414108116,0.38441306430099353,0.32343981452021914,0.4229758085359486,0.31811415822484734,0.3745824972208169,0.340194153788103,0.27826355811949743,0.0,0.3943066312210986,0.37270287959840265,0.3644841078665848,0.33996279381626726,0.41338485200259795,0.31985436922837457,0.434109302878262,0.3711238276382039,0.3659047060168368,0.36095363326768076,0.3437682940377422,0.3794269725754371,0.3978524443179493,0.3665547862845304,0.43042466585091765,0.4273248437771015,0.3414938972084054,0.36390263525180994,0.4193309656195018,0.4187507278334988,0.2484706199971691,0.26933122463873593,0.3722756811415969,0.40600557912117446,0.0,0.32970959262251864,0.0,0.39044602740767753,0.0,0.41719333734815645,0.0,0.0,0.4826194595564576,0.0,0.37833481942622404,0.45597285867886744,0.38185966613304373,0.4304405101602514,0.46378518490107934,0.0,0.42968130369884555,0.0,0.33830739844811886,0.39942334220562503,0.0,0.0,0.0,0.0,0.4623001574469931,0.0,0.0,0.0,0.49432593805934844,0.0,0.0,0.3153712891851504,0.4747330796097344,0.3625300526348316,0.35446269692277876,0.0,0.36267833904904967
0.3716728698260645,0.4029178098879639,0.37540858179132564,0.42350842007622075,0.34270986500214773,0.0,0.37260112292317726,0.41009338896695385,0.3306182726742634,0.42170213618766683,0.3592001320919519,0.36204977837965685,0.35896081858073287,0.4222180286037686,0.4137067993831434,0.40006216131712824,0.31526655110803115,0.35830685402746854,0.35365270514860875,0.3790988553039749,0.38976043271267047,0.4075716153657695,0.37106991144977547,0.3569794436241096,0.3746232655183195,0.3951321574097679,0.3646835066586493,0.36042652285664994,0.33132155430599775,0.4017944968311193,0.41792426153035683,0.41067122856557725,0.35242123399116254,0.4192110384586765,0.4190233053848231,0.4182164131858386,0.436807329950254,0.37907812055698176,0.48030507983658605,0.33009253736196126,0.4620809764749579,0.4465711991870236,0.4775162598002978,0.34259553935002657,0.4115882826588362,0.31710356554597446,0.3199384647006603,0.5261099503477372,0.0,0.4303701429002175,0.4888899636615319,0.4681064297353841,0.4385323314998078,0.5263111382308665,0.2787323264096481,0.4819781845572828,0.3880248119551475,0.4730869213838425,0.4348142308469179,0.4105409728303793,0.2839743505125832,0.0,0.27898935406420067,0.5063717574297145,0.4372762840065098,0.38780392323484425,0.37934729257354366,0.49267778298347065,0.0,0.28003163627414007,0.37212353834814527,0.4909532556798833,0.4804751941107487,0.4624868673583433,0.4543408899682353,0.4848419931928956
0.3165786836862298,0.4313236110597123,0.40342878087588596,0.2663834021192236,0.32697320414108116,0.37260112292317726,0.0,0.40791933789042795,0.3649601701773947,0.4094770222853109,0.4044492243875056,0.38683620950073694,0.31476166414809686,0.3253762448078333,0.0,0.44999534411362907,0.3847813927778659,0.4108943642504402,0.404535084016412,0.4146530373160416,0.39253002365906464,0.4577160931752603,0.3835284082054348,0.0,0.3999363227813488,0.4098117874442893,0.40372560731696017,0.3823344145572474,0.3941520884250306,0.43853148235880596,0.4134689246929598,0.4048040273522227,0.3860998179816187,0.40569969032951547,0.4108002090897842,0.32177256285016687,0.3013664619181387,0.3950068500187795,0.3798851440193563,0.0,0.35990406152463367,0.4351132486442497,0.42288145906406593,0.0,0.0,0.0,0.32494711545112426,0.42753320380331034,0.0,0.0,0.4269101926036115,0.3672016904086878,0.3484039280064235,0.4154542591639636,0.0,0.0,0.0,0.35363692426477206,0.0,0.34462100740906104,0.0,0.0,0.0,0.4171493560093507,0.3596980155644573,0.0,0.3159231610083951,0.4763602178228163,0.0,0.0,0.3155896244956513,0.45836507332957654,0.35048261032421996,0.3614153975476171,0.0,0.346018111335636
0.4977453830635931,0.43490430008644076,0.4477718996470652,0.2875048030618026,0.38441306430099353,0.41009338896695385,0.40791933789042795,0.0,0.45181349404297483,0.0,0.40370807374475587,0.4119294891667127,0.42176490534824224,0.3222983295776854,0.0,0.43712264813737123,0.3196806196899434,0.4524744223634103,0.4332212073025908,0.385746948752138,0.4326963593979632,0.39888733674757954,0.3757666653127517,0.5141822671503693,0.47167496296805644,0.4779061638428905,0.41631226088745565,0.4250090586146744,0.3551351362823681,0.39189924534347087,0.43733405442156253,0.4010877679436687,0.4431906791834848,0.4374712803652478,0.446575338441591,0.24820138785557744,0.38508057764646675,0.0,0.447538924499291,0.0,0.46702152348840836,0.0,0.35153925347552706,0.362095520077874,0.0,0.0,0.0,0.508092985323176,0.0,0.38422330936703986,0.46079437132162765,0.42621851811432004,0.3757223978858366,0.5199283810057259,0.0,0.4201228474100664,0.0,0.44284864019015185,0.4701267445543611,0.4595191631837099,0.0,0.0,0.0,0.47835403272596555,0.48718514627973025,0.0,0.0,0.4890152400915433,0.0,0.0,0.40810497036932764,0.5073645422160074,0.4458445943403991,0.44214444127318137,0.3383816941358441,0.44417503703989536
0.2679768267391908,0.3855451665506041,0.3451241313252867,0.40273340906692023,0.32343981452021914,0.3306182726742634,0.3649601701773947,0.45181349404297483,0.0,0.4203647056472363,0.32892302476639773,0.38242855544044235,0.3892512023749016,0.3753775515911662,0.3010637067084181,0.37410579403803557,0.3380405788001381,0.325523056089812,0.31132144347386315,0.3890561867390102,0.315906759609944,0.40105718235401155,0.40125412119341003,0.36709908055106916,0.34397977487675246,0.33116193528153337,0.37237950474278825,0.43352503003110954,0.355454463485757,0.40122677060220235,0.451104075108337,0.4192000549649815,0.391088298110459,0.44645919035259596,0.4405954050979913,0.38802342134417167,0.43265155748454714,0.4158806196134147,0.4841304762857766,0.3385017559102169,0.31138692795426315,0.30389040386443944,0.44929808435470964,0.0,0.3684410091243405,0.0,0.0,0.5206316826233995,0.0,0.42378058910966715,0.5181356668466331,0.4510735246805267,0.5150431020993003,0.525082815448501,0.3017885518236605,0.49153818517619613,0.39335038569082326,0.436253524212124,0.4810207400895328,0.0,0.0,0.0,0.0,0.52080850431333,0.3834739480109516,0.0,0.3018432476614777,0.5317760460940268,0.0,0.0,0.3074198049112469,0.5289902707022286,0.41177333161944074,0.3914389535401076,0.0,0.36262587156490794
0.4654317453932668,0.2977145837910351,0.38890962333972084,0.0,0.4229758085359486,0.42170213618766683,0.4094770222853109,0.0,0.4203647056472363,0.0,0.42111574561334914,0.2794905113888174,0.40905313691809375,0.0,0.2810449464296659,0.33562822702515005,0.32296950772144095,0.3125432681753281,0.41252977743806607,0.3225555422108472,0.45467831188946023,0.3250587455091045,0.46172122043291763,0.2876792038120389,0.29574629357609217,0.3123173625738221,0.4008857145390088,0.3898090821733114,0.323493370749851,0.0,0.3332124622672712,0.3203386679082598,0.290197738701547,0.29011385912059906,0.28684861195708805,0.3876617340911411,0.3083308797623368,0.26892338565610535,0.31238767611110063,0.3065872606409222,0.3058103776926045,0.30605102905777726,0.0,0.0,0.3235440266013628,0.39834330363602644,0.0,0.0,0.0,0.0,0.0,0.0,0.0,0.0,0.41519148333405886,0.0,0.41809094714076267,0.0,0.0,0.0,0.0,0.41462300118229034,0.3871812926152044,0.0,0.0,0.0,0.0,0.0,0.37007003033759883,0.43023947381796906,0.4328448139034827,0.0,0.3485475368516403,0.0,0.0,0.35684363101938
0.0,0.0,0.332627652309677,0.3748591662142889,0.31811415822484734,0.3592001320919519,0.4044492243875056,0.40370807374475587,0.32892302476639773,0.42111574561334914,0.0,0.38955292930304214,0.42303816872753547,0.3408364164277261,0.0,0.0,0.35611723332139766,0.3421005869871812,0.2880913668647866,0.0,0.0,0.0,0.3592299672890993,0.40032135307416167,0.3503305697874978,0.3149019074427452,0.35369728145076684,0.4308279457758908,0.0,0.0,0.44617613863034156,0.3910926637206195,0.36951336495829307,0.43525601002585107,0.43268336709778055,0.35197541781389685,0.4006394456032792,0.4070881692258198,0.4148791408624762,0.0,0.3250402446859668,0.0,0.4008274641456464,0.0,0.33882996832369555,0.0,0.0,0.3994212244438155,0.0,0.40135601553546907,0.49640294322434025,0.3715067059829707,0.4599052775333036,0.49303297175466326,0.34089071079586675,0.2896588074512261,0.0,0.3526410710307803,0.4289990221353671,0.0,0.0,0.0,0.0,0.2856362318472279,0.0,0.0,0.0,0.5267882519795237,0.0,0.0,0.0,0.5262809309275822,0.34927219662491343,0.45503995571825034,0.0,0.34620436014513406
0.40336645783922664,0.2531164441270754,0.3486662887702473,0.0,0.3745824972208169,0.36204977837965685,0.38683620950073694,0.4119294891667127,0.38242855544044235,0.2794905113888174,0.38955292930304214,0.0,0.3986791463741582,0.0,0.33141861461135386,0.0,0.3498846132542704,0.32406758283907033,0.35327478605952406,0.37327352411893977,0.4222169295169098,0.2591580681019598,0.41865131271654565,0.26482620429221015,0.28485632497150604,0.2916196931759884,0.3929260151730361,0.36097255971918996,0.0,0.0,0.32326111454615014,0.27792112410194114,0.23758563674146224,0.24840540968198627,0.32668042185430224,0.34997821688811337,0.2975369675977836,0.21346777931016686,0.2791002153880281,0.31164878315833033,0.2668489823251163,0.2662468418710349,0.3436599155661068,0.0,0.2868609615989729,0.0,0.0,0.0,0.0,0.2801050693651524,0.0,0.0,0.0,0.0,0.42825286775886073,0.0,0.43158252353825666,0.0,0.0,0.0,0.0,0.4134297424258766,0.3998852140736769,0.0,0.0,0.0,0.0,0.0,0.38660986517028306,0.4258383959973842,0.44167634347007356,0.0,0.3062891195111882,0.0,0.0,0.35318925000546825
0.3671920317453965,0.4352299930041869,0.42319328073536405,0.3089262439140634,0.340194153788103,0.35896081858073287,0.31476166414809686,0.42176490534824224,0.3892512023749016,0.40905313691809375,0.42303816872753547,0.3986791463741582,0.0,0.3537124534815251,0.3899068924841441,0.4569820247704788,0.39980804047775176,0.426255612832711,0.42100062450983966,0.41861892154803015,0.450677096942679,0.4614898226553938,0.399752232936295,0.3780926235975969,0.41520329011338303,0.4202785315147263,0.4146692865376922,0.3379196145563272,0.3758401112573684,0.4079977343119728,0.423060165453577,0.41494474468977094,0.39279734687803003,0.4137309220972228,0.4153514139649829,0.35473753558803034,0.3492376596048203,0.41797720819952733,0.45445318394340367,0.31909272278887263,0.3281514814056286,0.403480428653848,0.4332867100527885,0.0,0.42190301874211594,0.0,0.30221230860843695,0.4531969941261586,0.0,0.34141935302102,0.44314858409389823,0.3786025560938947,0.4197423008779023,0.3950051191278742,0.32894937964894705,0.0,0.3477347222434462,0.3705387078580291,0.0,0.36477332589238454,0.29711640387378324,0.0,0.0,0.0,0.42338275033456857,0.0,0.3263408928768592,0.4851005328504162,0.0,0.3130899634614762,0.34858978101621657,0.4822620854357676,0.40020250311439637,0.43252354594428316,0.0,0.322996564387706
0.0,0.0,0.41369022486051665,0.25708155953421413,0.27826355811949743,0.4222180286037686,0.3253762448078333,0.3222983295776854,0.3753775515911662,0.0,0.3408364164277261,0.0,0.3537124534815251,0.0,0.0,0.0,0.27731142842542483,0.0,0.39449111458463004,0.0,0.4538962557766705,0.0,0.38598164217948033,0.0,0.0,0.43613512490282813,0.42424053059311445,0.3234140564377331,0.41072748908455425,0.0,0.42950902430441446,0.2643015811412839,0.0,0.3857060187419459,0.0,0.24435902259219833,0.21441828618873468,0.0,0.0,0.0,0.38145410039544053,0.0,0.0,0.0,0.0,0.0,0.0,0.4417171468051497,0.0,0.41619364120644214,0.0,0.0,0.4448812334036782,0.46376961789957244,0.0,0.406796287425834,0.0,0.0,0.0,0.0,0.0,0.0,0.0,0.40433462675686643,0.0,0.0,0.0,0.48113129559975965,0.0,0.0,0.0,0.4682682295482837,0.0,0.0,0.0,0.0
0.3588828524219844,0.39396883946571576,0.0,0.48975423041430827,0.0,0.4137067993831434,0.0,0.0,0.3010637067084181,0.2810449464296659,0.0,0.33141861461135386,0.3899068924841441,0.0,0.0,0.405195441586913,0.3186042668542113,0.38118958181523915,0.0,0.3612213654286478,0.35563504432049103,0.3442115605876826,0.3796606546155076,0.4421044794556779,0.37361408090236164,0.3581660144303281,0.4078177140758573,0.0,0.3876058009998035,0.0,0.38760406760590604,0.40686101423434123,0.3694046409886945,0.4010754184714624,0.437543289594951,0.46369177311579757,0.0,0.0,0.44742857611043785,0.44248011284524164,0.4432820597975067,0.4722177968405053,0.0,0.0,0.0,0.0,0.4388150655597337,0.0,0.0,0.0,0.4292046383017606,0.0,0.0,0.0,0.0,0.0,0.28652838811672776,0.0,0.0,0.46969899515562363,0.40686537947117474,0.0,0.315127257315272,0.0,0.4554030606244638,0.43948718598989756,0.46692159946098,0.45847864303855085,0.0,0.33884787108993136,0.44256770209746377,0.4652137222375516,0.46104364676641774,0.4570676742948573,0.0,0.4134712795137151
0.3631400159505392,0.3988862238440155,0.0,0.0,0.3943066312210986,0.40006216131712824,0.44999534411362907,0.43712264813737123,0.37410579403803557,0.33562822702515005,0.0,0.0,0.4569820247704788,0.0,0.405195441586913,0.0,0.36370046989108573,0.3386069814556039,0.0,0.4021654430249839,0.3890276660771389,0.3862285802835402,0.41076837448274345,0.42773219349940655,0.3711840078745979,0.39606661556682726,0.4178506099369091,0.4606197581599882,0.41942418045111346,0.41820358044225053,0.37307606614790956,0.4079541835989922,0.3553275900359317,0.38537604648191925,0.4202588705286527,0.3809163839369742,0.0,0.0,0.41049483666470227,0.36673988899098436,0.3858604643139419,0.4059070897276624,0.0,0.0,0.0,0.4099653391807398,0.418808281279435,0.0,0.0,0.0,0.30710933359768466,0.0,0.0,0.0,0.28355486812481573,0.0,0.30108031400172425,0.0,0.0,0.43632767768800057,0.39904092718330003,0.2662084293245501,0.3861635028923731,0.0,0.42894426725092505,0.41567030987966314,0.43362307312962717,0.35496217293791915,0.0,0.38194316034803394,0.4256711976216286,0.41334626812660696,0.0,0.40824346618674257,0.0,0.3734106099859506
0.3503718757100092,0.34733071618773254,0.0,0.0,0.37270287959840265,0.31526655110803115,0.3847813927778659,0.3196806196899434,0.3380405788001381,0.32296950772144095,0.35611723332139766,0.3498846132542704,0.39980804047775176,0.27731142842542483,0.3186042668542113,0.36370046989108573,0.0,0.2831239671343985,0.0,0.34532002365588826,0.39305995986278336,0.36545595121215624,0.3430444318891769,0.36836731665163513,0.3391394079455253,0.32999920427657814,0.0,0.3948133869839185,0.3099023094486724,0.0,0.34650586171943015,0.3934780116376012,0.33640054718956347,0.33496112417564294,0.36598780536282793,0.3600849680295211,0.0,0.309180287490542,0.0,0.3607291401421461,0.0,0.0,0.0,0.0,0.272615790505508,0.3749566139442804,0.0,0.0,0.0,0.0,0.0,0.0,0.0,0.0,0.4327121436251836,0.0,0.4280602373405243,0.0,0.0,0.0,0.0,0.4141611639219109,0.40240450451355,0.0,0.0,0.0,0.0,0.0,0.4065295865268896,0.42329632999639266,0.43276495096162193,0.0,0.0,0.0,0.0,0.0
0.3538906873149958,0.40082881092285505,0.35380237436589324,0.0,0.3644841078665848,0.35830685402746854,0.4108943642504402,0.4524744223634103,0.325523056089812,0.3125432681753281,0.3421005869871812,0.32406758283907033,0.426255612832711,0.0,0.38118958181523915,0.3386069814556039,0.2831239671343985,0.0,0.36081860369269486,0.3868253831935652,0.39974018674988504,0.399380473970661,0.4403343683063042,0.35414125501370647,0.3604766748094101,0.3744977088488643,0.4078707037895555,0.4292874412906695,0.4145754957152562,0.36363837675679744,0.3586250344993616,0.3677594630433838,0.34855123884452893,0.34931353047765124,0.35394850834633246,0.40688151928916066,0.0,0.0,0.3949953914168651,0.3733407409960704,0.3940132078458369,0.0,0.0,0.0,0.0,0.4023445292290722,0.40712507052337904,0.0,0.0,0.0,0.0,0.0,0.0,0.0,0.4060094912932571,0.0,0.40564926773017207,0.0,0.0,0.36540473506053367,0.3960735996136621,0.40471026644966895,0.3946632320582217,0.0,0.33784767084573836,0.37492417977043446,0.40055291195530923,0.0,0.3877568929724319,0.3966833530454982,0.4186444657301496,0.0,0.0,0.0,0.0,0.40027150682536794
0.0,0.0,0.27627186354048316,0.38631996248799744,0.33996279381626726,0.35365270514860875,0.404535084016412,0.4332212073025908,0.31132144347386315,0.41252977743806607,0.2880913668647866,0.35327478605952406,0.42100062450983966,0.39449111458463004,0.0,0.0,0.0,0.36081860369269486,0.0,0.0,0.0,0.0,0.36414653589412604,0.34901348708903124,0.30095504636478293,0.3279269065002927,0.3587319602986969,0.43248018516788544,0.0,0.4007734807933798,0.4434620587295009,0.3945133598528036,0.36626487925306783,0.436090629509244,0.4379160024232823,0.3866390165159918,0.41334931917455275,0.37831379739970494,0.4876081966967411,0.0,0.3279798035907551,0.0,0.4379260670664702,0.0,0.3235071451180489,0.0,0.0,0.38451076557414665,0.0,0.43339404481727467,0.5240064258854148,0.45420368232246916,0.5053535654686429,0.537576000513629,0.0,0.44698368593572146,0.0,0.40544661878465077,0.47345973977803296,0.0,0.0,0.0,0.0,0.5117362566892304,0.0,0.0,0.0,0.5347549408943704,0.0,0.0,0.0,0.5332696517484228,0.37605372512308316,0.45352199401882337,0.0,0.42108185572013196
0.416267536552191,0.4218098607594766,0.0,0.4532935593993442,0.41338485200259795,0.3790988553039749,0.4146530373160416,0.385746948752138,0.3890561867390102,0.3225555422108472,0.0,0.37327352411893977,0.41861892154803015,0.0,0.3612213654286478,0.4021654430249839,0.34532002365588826,0.3868253831935652,0.0,0.0,0.40112978955063106,0.36903153129549493,0.27367390418671167,0.3980220171084496,0.38330203687678843,0.41005077150759367,0.3452226944561068,0.38494517147429147,0.3234484290310085,0.31267971472175543,0.36063724035796624,0.42374656653786613,0.37624519139180407,0.40336573292405153,0.44392529385893603,0.46827471093814316,0.45330984228906146,0.0,0.44870156088326624,0.4083010483095544,0.467274487218436,0.47156701537804674,0.0,0.0,0.0,0.0,0.41333941786199524,0.0,0.0,0.0,0.4436327203314641,0.0,0.46797327248020426,0.0,0.0,0.0,0.0,0.4048241158385338,0.0,0.43759251909048125,0.3617372967011409,0.0,0.3180279083869668,0.0,0.4536914620885995,0.4220277130004756,0.4482072616585375,0.47348725091431426,0.0,0.29305091143394685,0.4449364803104461,0.47529030813490236,0.4747813110743876,0.45595848181348503,0.0,0.4509626200684611
0.37991437767598013,0.3863455437413601,0.32365885429020097,0.0,0.31985436922837457,0.38976043271267047,0.39253002365906464,0.4326963593979632,0.315906759609944,0.45467831188946023,0.0,0.4222169295169098,0.450677096942679,0.4538962557766705,0.35563504432049103,0.3890276660771389,0.39305995986278336,0.39974018674988504,0.0,0.40112978955063106,0.0,0.4061671449835371,0.39157840269627087,0.4803627540527078,0.4006470998963608,0.3902957752672596,0.41645911576555783,0.4519033880114439,0.39661661745624444,0.4145143985530013,0.3675757687625617,0.4056739657258119,0.3488682909014741,0.374503688735556,0.41633605534876555,0.0,0.0,0.0,0.4478954750242504,0.3882650441087895,0.40488858887064944,0.455551104202945,0.0,0.0,0.0,0.35679762538267557,0.445542237910768,0.0,0.0,0.0,0.4275674183256537,0.0,0.4417895724598888,0.0,0.0,0.0,0.0,0.4147122438485691,0.0,0.43517497489141893,0.4207935794781808,0.0,0.3407168940458624,0.0,0.45406830551242094,0.3839756168920367,0.4452126341119623,0.44294519798132714,0.0,0.3424921656014633,0.4655415989069103,0.4552773504606561,0.4466586919706772,0.4410600539517305,0.0,0.41055240302804796
0.3926760157142508,0.4060944280505318,0.0,0.47830507101323627,0.434109302878262,0.4075716153657695,0.4577160931752603,0.39888733674757954,0.40105718235401155,0.3250587455091045,0.0,0.2591580681019598,0.4614898226553938,0.0,0.3442115605876826,0.3862285802835402,0.36545595121215624,0.399380473970661,0.0,0.36903153129549493,0.4061671449835371,0.0,0.3992909912356423,0.4039649382249428,0.3988029551495428,0.39677653825198284,0.40260801255089,0.44794924123342433,0.3887911086380161,0.3914815573153562,0.3760009372865555,0.41411177609643873,0.38407509174888954,0.4014914060907952,0.4457985969274368,0.4777801225509214,0.45441491419329444,0.0,0.43175867766022424,0.42967660453582573,0.44499029427018755,0.4620380071582235,0.0,0.0,0.0,0.4015988529728345,0.4392627043647055,0.0,0.0,0.0,0.39421710538010735,0.0,0.0,0.0,0.26851799723230313,0.0,0.32847820886138746,0.32734298183350147,0.0,0.468720052046855,0.4212455113689927,0.0,0.3482310760782678,0.0,0.44634520524925575,0.45735126316921976,0.45695762580669086,0.45965993137558697,0.0,0.37981678773118654,0.4637283004889385,0.44259175345148855,0.39248356805414536,0.44369871862203986,0.0,0.3975054424475806
0.44627486300485114,0.400817219937662,0.3430629552828555,0.4070365936233065,0.3711238276382039,0.37106991144977547,0.3835284082054348,0.3757666653127517,0.40125412119341003,0.46172122043291763,0.3592299672890993,0.41865131271654565,0.399752232936295,0.38598164217948033,0.3796606546155076,0.41076837448274345,0.3430444318891769,0.4403343683063042,0.36414653589412604,0.27367390418671167,0.39157840269627087,0.3992909912356423,0.0,0.5027556531246269,0.4261256492666036,0.4299959502543912,0.3436826499475587,0.409684872377535,0.3523277316593055,0.3765841213935737,0.40905701148775053,0.4008089228851258,0.35492415374894676,0.42148888748954966,0.42913043347851976,0.37622139967762586,0.4292493042599182,0.0,0.48439248802378543,0.42988017798428413,0.5059700963819741,0.5093120516316296,0.4766064898931057,0.41625760196115524,0.0,0.4345648804995121,0.4010459135587948,0.4960826941611736,0.0,0.4794944820703451,0.505938124072798,0.4969096433380144,0.48907497866902994,0.5467353931549722,0.39174838154992375,0.4534458910964464,0.33198657482748006,0.4950423772899715,0.4972895275247968,0.4582239751190286,0.3435633480743098,0.0,0.3304197703211308,0.46477034878972273,0.46993362492338187,0.4320576305931588,0.45473192332140017,0.5131417784174979,0.0,0.29801459632319033,0.44028778314226324,0.5163714380403926,0.4911832667137742,0.47509187353537136,0.4740385025005803,0.4978307478113557
0.387436712756673,0.0,0.0,0.0,0.3659047060168368,0.3569794436241096,0.0,0.5141822671503693,0.36709908055106916,0.2876792038120389,0.40032135307416167,0.26482620429221015,0.3780926235975969,0.0,0.4421044794556779,0.42773219349940655,0.36836731665163513,0.35414125501370647,0.34901348708903124,0.3980220171084496,0.4803627540527078,0.4039649382249428,0.5027556531246269,0.0,0.3580778940199513,0.3312825584568775,0.4573669372723324,0.3757927677274818,0.3753314381440011,0.41500290008069296,0.32789459928412357,0.28567817303334214,0.21361607427791757,0.2296217956424371,0.0,0.3711580228578951,0.0,0.2129662796950399,0.0,0.2939137178090332,0.2892847574953704,0.0,0.0,0.0,0.25701773913120113,0.3911724487654042,0.0,0.0,0.0,0.0,0.0,0.0,0.0,0.0,0.421124109401819,0.0,0.4240832683800512,0.0,0.0,0.0,0.0,0.4394330766037043,0.4204625040167299,0.0,0.0,0.0,0.0,0.0,0.39175280173930194,0.42401007907014326,0.44823162080012185,0.0,0.0,0.0,0.0,0.0
0.34746638505786437,0.3916987275531752,0.3318956933942493,0.0,0.36095363326768076,0.3746232655183195,0.3999363227813488,0.47167496296805644,0.34397977487675246,0.29574629357609217,0.3503305697874978,0.28485632497150604,0.41520329011338303,0.0,0.37361408090236164,0.3711840078745979,0.3391394079455253,0.3604766748094101,0.30095504636478293,0.38330203687678843,0.4006470998963608,0.3988029551495428,0.4261256492666036,0.3580778940199513,0.0,0.366706050656285,0.3911551904810362,0.4165163516014856,0.4023590389504285,0.0,0.3622601402638362,0.38072057409537846,0.316223112917053,0.33358419337664635,0.3684418107691795,0.0,0.0,0.2869054556022243,0.4003904780713866,0.3693565686699425,0.39575299047746815,0.4191598170883745,0.0,0.0,0.29602300296195483,0.40368998184770183,0.4111945035621668,0.0,0.0,0.0,0.29687231145514664,0.0,0.0,0.0,0.41861761811437026,0.0,0.425447946051526,0.0,0.0,0.4288829098187951,0.39659914223582227,0.4142584133999058,0.3964867025969872,0.0,0.0,0.3927209808994443,0.38377428814975456,0.33675478196564085,0.42204043756942167,0.40032907145160407,0.42134081147662095,0.0,0.0,0.3782582940002243,0.0,0.3931054973088185
0.3505811581423307,0.39980876817237593,0.31438450952235064,0.0,0.3437682940377422,0.3951321574097679,0.4098117874442893,0.4779061638428905,0.33116193528153337,0.3123173625738221,0.3149019074427452,0.2916196931759884,0.4202785315147263,0.43613512490282813,0.3581660144303281,0.39606661556682726,0.32999920427657814,0.3744977088488643,0.3279269065002927,0.41005077150759367,0.3902957752672596,0.39677653825198284,0.4299959502543912,0.3312825584568775,0.366706050656285,0.0,0.4187603515236667,0.4223116392148452,0.3995041191772489,0.0,0.36601095243784526,0.38669274604772036,0.33057789285638856,0.35299407265252936,0.3872411257319761,0.3823030615474532,0.0,0.2753210724213835,0.41255603429712506,0.3912153370935321,0.4157933076834134,0.44941471041592734,0.0,0.0,0.3420131481470895,0.41708708175153586,0.4468262636475659,0.0,0.0,0.0,0.38313327578015266,0.0,0.0,0.0,0.4327448818258818,0.0,0.43412653523519934,0.3587263491986114,0.0,0.45871689979150226,0.4252175158671665,0.425864931787658,0.4119082550329931,0.0,0.42863120230616086,0.4523606529678453,0.4517513602820901,0.4352667494526882,0.42598181867670076,0.415555645115926,0.44508815362219534,0.43704295709752583,0.0,0.429989451867278,0.0,0.4061299267986687
0.4105433583048176,0.4158209535477974,0.33444529903289716,0.4219426215883887,0.3794269725754371,0.3646835066586493,0.40372560731696017,0.41631226088745565,0.37237950474278825,0.4008857145390088,0.35369728145076684,0.3929260151730361,0.4146692865376922,0.42424053059311445,0.4078177140758573,0.4178506099369091,0.0,0.4078707037895555,0.3587319602986969,0.3452226944561068,0.41645911576555783,0.40260801255089,0.3436826499475587,0.4573669372723324,0.3911551904810362,0.4187603515236667,0.0,0.41438341326571954,0.3462869105881572,0.3726949780735717,0.3958546017089267,0.41004215019524265,0.3768247793860887,0.4125030413419922,0.4305813333568837,0.39061855352394886,0.4304553087715054,0.35850197297541575,0.4794260845423116,0.42981084309015255,0.49882573958870063,0.5009794380842391,0.4734321206232179,0.35782235957337183,0.34751366298363845,0.32892119621810345,0.37370300088335506,0.5480387041079021,0.0,0.45937569299896647,0.49016161502096955,0.4696003823568116,0.4849824757302908,0.5443423125249752,0.33062823294296423,0.5220813570728097,0.3250721815458587,0.47153639582878876,0.47545692005190565,0.45750169499287174,0.31487258915947924,0.0,0.304714463563804,0.5461858539902812,0.46561837879633367,0.4498582454404028,0.42691357270721547,0.5003640989257245,0.0,0.28496754763263604,0.4386394710546218,0.498750829162477,0.48196706064197864,0.4679683760148455,0.4541374434044733,0.48562441832979636
0.41390779092611796,0.4503263740824856,0.4340137565774237,0.3296499320303537,0.3978524443179493,0.36042652285664994,0.3823344145572474,0.4250090586146744,0.43352503003110954,0.3898090821733114,0.4308279457758908,0.36097255971918996,0.3379196145563272,0.3234140564377331,0.0,0.4606197581599882,0.3948133869839185,0.4292874412906695,0.43248018516788544,0.38494517147429147,0.4519033880114439,0.44794924123342433,0.409684872377535,0.3757927677274818,0.4165163516014856,0.4223116392148452,0.41438341326571954,0.0,0.34035733125967693,0.31687407225635106,0.38655905404353036,0.4006460560643011,0.3781005250012988,0.3922922537978285,0.39296899600832197,0.33629947780734426,0.32018057498325625,0.36549742947325825,0.44488174495753635,0.0,0.34232037130179743,0.34285010801953925,0.45115304274027396,0.0,0.393690600727182,0.32523676942027396,0.3176136812386234,0.40056161871970636,0.0,0.33155368277512054,0.4876752222627588,0.3565676755261445,0.4103014540754314,0.3767008334577522,0.31610658344759646,0.0,0.31918000587821044,0.36502338068842166,0.0,0.43975938659018016,0.3262160071685736,0.0,0.0,0.0,0.47110769394017205,0.0,0.40155700690302537,0.4891959073876408,0.0,0.3027237048042774,0.38369853920757596,0.4908318201134115,0.4442286720354024,0.47411658909285015,0.0,0.33194299115763015
0.4175578571302643,0.4236818828316971,0.3024609719661757,0.38277197354665055,0.3665547862845304,0.33132155430599775,0.3941520884250306,0.3551351362823681,0.355454463485757,0.323493370749851,0.0,0.0,0.3758401112573684,0.41072748908455425,0.3876058009998035,0.41942418045111346,0.3099023094486724,0.4145754957152562,0.0,0.3234484290310085,0.39661661745624444,0.3887911086380161,0.3523277316593055,0.3753314381440011,0.4023590389504285,0.3995041191772489,0.3462869105881572,0.34035733125967693,0.0,0.33578979717252505,0.3419760341896133,0.3960799794546055,0.34600265062792335,0.38549964065735237,0.41585738810730033,0.41746054798335264,0.4072218969785363,0.36190759184898147,0.4693159120247516,0.3890731789902829,0.4689573352678869,0.45437660136360825,0.41468879574024026,0.35207117402616667,0.0,0.0,0.3943941570516329,0.40588769938557884,0.0,0.3541592306983794,0.4541368092996531,0.3682973753021201,0.43762697538054685,0.3811142582345771,0.33310632308112986,0.0,0.37243060098995295,0.4320800496120716,0.0,0.433966244657594,0.32994982462710254,0.0,0.3291195544356745,0.0,0.4401125233829333,0.4230070993270237,0.42785737665526624,0.46721899201414135,0.0,0.3027522304107594,0.41728652716652237,0.468425510807495,0.4609307826496856,0.44743478529704594,0.43183466930420594,0.4637552994314393
0.0,0.0,0.4125272572483293,0.30014902644618147,0.43042466585091765,0.4017944968311193,0.43853148235880596,0.39189924534347087,0.40122677060220235,0.0,0.0,0.0,0.4079977343119728,0.0,0.0,0.41820358044225053,0.0,0.36363837675679744,0.4007734807933798,0.31267971472175543,0.4145143985530013,0.3914815573153562,0.3765841213935737,0.41500290008069296,0.0,0.0,0.3726949780735717,0.31687407225635106,0.33578979717252505,0.0,0.3148655312700515,0.40216013371638554,0.0,0.37007625387089693,0.41910047701891356,0.38739614192000155,0.37191784519642546,0.3283653096914865,0.47268023995625313,0.0,0.0,0.0,0.0,0.0,0.0,0.0,0.0,0.0,0.0,0.0,0.42030416692964273,0.0,0.0,0.3928851159130371,0.0,0.0,0.0,0.0,0.0,0.0,0.0,0.0,0.0,0.0,0.46121877629985275,0.0,0.0,0.48016855031296996,0.0,0.0,0.0,0.47819451589681006,0.3921663179184109,0.43815026010880376,0.0,0.0
0.33572655913326394,0.3536154881500339,0.44438657876936793,0.3466889405163259,0.4273248437771015,0.41792426153035683,0.4134689246929598,0.43733405442156253,0.451104075108337,0.3332124622672712,0.44617613863034156,0.32326111454615014,0.423060165453577,0.42950902430441446,0.38760406760590604,0.37307606614790956,0.34650586171943015,0.3586250344993616,0.4434620587295009,0.36063724035796624,0.3675757687625617,0.3760009372865555,0.40905701148775053,0.32789459928412357,0.3622601402638362,0.36601095243784526,0.3958546017089267,0.38655905404353036,0.3419760341896133,0.3148655312700515,0.0,0.3798853998076592,0.3112120849221744,0.2967595478916248,0.22049190608055677,0.4099188967239544,0.39736384237910033,0.29931755264783866,0.4012674707603532,0.336125653568777,0.3084138433732144,0.29231341943357736,0.0,0.0,0.30502479668784654,0.36483924897658515,0.4085299755952188,0.40572749235868316,0.0,0.0,0.5021945025292935,0.0,0.0,0.3837768367384044,0.311209351330949,0.0,0.33954694216383,0.28623322968673215,0.0,0.4476999158417001,0.4019614076816407,0.38726859563701266,0.38879630018566036,0.0,0.45898568569682086,0.4126479390435589,0.42679723194494135,0.5001116976914782,0.35729199965319774,0.38958653847814123,0.4218606674700957,0.5012808624411085,0.33096096891572274,0.46775640016334924,0.0,0.257735511695056
0.37295067747769034,0.39064113920634486,0.4130228180877083,0.3056830989451408,0.3414938972084054,0.41067122856557725,0.4048040273522227,0.4010877679436687,0.4192000549649815,0.3203386679082598,0.3910926637206195,0.27792112410194114,0.41494474468977094,0.2643015811412839,0.40686101423434123,0.4079541835989922,0.3934780116376012,0.3677594630433838,0.3945133598528036,0.42374656653786613,0.4056739657258119,0.41411177609643873,0.4008089228851258,0.28567817303334214,0.38072057409537846,0.38669274604772036,0.41004215019524265,0.4006460560643011,0.3960799794546055,0.40216013371638554,0.3798853998076592,0.0,0.3405229422493518,0.36001985139387255,0.37327694936958544,0.2813458690198829,0.34500070822708334,0.27870709781545994,0.2786223589918158,0.32078252369870536,0.34386000516574505,0.3341145819118454,0.3386002428938618,0.2787526751494126,0.30302191455758476,0.38343883197459466,0.4228413303055674,0.47990093883707813,0.0,0.3860935956417814,0.48436020521036643,0.36125508223897346,0.44632666769357965,0.47674995129483616,0.2847560102389447,0.4378188187016573,0.2707198932499922,0.4519006338102506,0.4737395970423363,0.46224762663813557,0.3964403239971071,0.0,0.39402831231800844,0.458555438453107,0.46871866073851876,0.44251274312871425,0.45188602002585093,0.4882098836506192,0.0,0.37868461444536244,0.42968460969785705,0.48999096076994497,0.4384424484899884,0.47564908347655716,0.4629390641453179,0.3905085891570806
0.3041146995982688,0.34256846304847133,0.0,0.0,0.36390263525180994,0.35242123399116254,0.3860998179816187,0.4431906791834848,0.391088298110459,0.290197738701547,0.36951336495829307,0.23758563674146224,0.39279734687803003,0.0,0.3694046409886945,0.3553275900359317,0.33640054718956347,0.34855123884452893,0.36626487925306783,0.37624519139180407,0.3488682909014741,0.38407509174888954,0.35492415374894676,0.21361607427791757,0.316223112917053,0.33057789285638856,0.3768247793860887,0.3781005250012988,0.34600265062792335,0.0,0.3112120849221744,0.3405229422493518,0.0,0.259627600048671,0.3954064905502879,0.41259871471687115,0.27837331629132184,0.16128419023809712,0.3101364941896703,0.20670486635029836,0.26371074087780516,0.0,0.0,0.0,0.21060314027923238,0.38718029358461187,0.41048095310221777,0.0,0.0,0.0,0.0,0.0,0.0,0.0,0.3453355535840126,0.0,0.34362913024710046,0.0,0.0,0.4478122203335911,0.3868233637613988,0.34424115725131793,0.3472120720253383,0.0,0.4198451839876659,0.39578085384254186,0.43333565134824575,0.0,0.3041104501337111,0.3555683614729311,0.3912275814756629,0.0,0.0,0.42843968162142837,0.0,0.0
0.29033980428570705,0.3446697365790125,0.459903269914226,0.34468352451084067,0.4193309656195018,0.4192110384586765,0.40569969032951547,0.4374712803652478,0.44645919035259596,0.29011385912059906,0.43525601002585107,0.24840540968198627,0.4137309220972228,0.3857060187419459,0.4010754184714624,0.38537604648191925,0.33496112417564294,0.34931353047765124,0.436090629509244,0.40336573292405153,0.374503688735556,0.4014914060907952,0.42148888748954966,0.2296217956424371,0.33358419337664635,0.35299407265252936,0.4125030413419922,0.3922922537978285,0.38549964065735237,0.37007625387089693,0.2967595478916248,0.36001985139387255,0.259627600048671,0.0,0.30896862965927274,0.4059753371167726,0.3628725557618277,0.2219553124861524,0.3556051416575005,0.38207716533632513,0.31506816493891243,0.31981188054127985,0.30974961130292694,0.0,0.2947210604775602,0.3597530134170444,0.4111222634657687,0.0,0.0,0.27460258195325943,0.4366042735610964,0.24856588790422604,0.0,0.3177233613146757,0.30242619785315644,0.3222772645227891,0.3201880026157678,0.291297778117244,0.0,0.45638239172793615,0.39192386530173445,0.0,0.37621471544830115,0.2886250493294147,0.4685818672936061,0.38666849370696266,0.440890366428648,0.5042640691304745,0.2670588214547179,0.37720141512358596,0.42590259652813034,0.4889891844260105,0.33365795098183804,0.4805368768771207,0.0,0.2778114488903845
0.341970593085496,0.37699570883180034,0.45770308194724213,0.3898940913345426,0.4187507278334988,0.4190233053848231,0.4108002090897842,0.446575338441591,0.4405954050979913,0.28684861195708805,0.43268336709778055,0.32668042185430224,0.4153514139649829,0.0,0.437543289594951,0.4202588705286527,0.36598780536282793,0.35394850834633246,0.4379160024232823,0.44392529385893603,0.41633605534876555,0.4457985969274368,0.42913043347851976,0.0,0.3684418107691795,0.3872411257319761,0.4305813333568837,0.39296899600832197,0.41585738810730033,0.41910047701891356,0.22049190608055677,0.37327694936958544,0.3954064905502879,0.30896862965927274,0.0,0.4192486033811665,0.40292571312268494,0.2546462896805782,0.33785872132977424,0.3032989272211369,0.30855754321386814,0.3626479601540297,0.32754139640934604,0.3380427282878713,0.28324022788098335,0.0,0.43356971723936577,0.0,0.0,0.34754478136731054,0.37463726413403875,0.2666610384519526,0.0,0.2969158066079278,0.27784813707913225,0.0,0.3423868232495899,0.2616745245197745,0.0,0.47376130134610245,0.400818098197914,0.0,0.380878714691874,0.0,0.45934076943575447,0.4464701438944484,0.46660721468687927,0.49535598114079854,0.0,0.3877887702585071,0.442874836081953,0.4890938414964041,0.28530456911113755,0.4631180876399751,0.0,0.26431443531186954
