0.0,0.21458687677269878,0.0,0.0,0.0,0.15771074155720757,0.1559659301841557,0.28627791483229054,0.14414670225895046,0.2018091585947949,0.0,0.22224001796076992,0.1573403401159948,0.0,0.21409071044283653,0.20464315015896958,0.20933073604736815,0.21616086545956253,0.0,0.2414103090162823,0.23723968375476548,0.20776438157082713,0.2607298211496163,0.2209177353862513,0.20312218504922427,0.19026113200341893,0.1854596011920847,0.17024113862907053,0.22326391745067675,0.0,0.1860011186950218,0.2398078278280416,0.16535432054715482,0.17445377780128474,0.19237427294445564,0.0,0.0,0.0,0.28379873196710487,0.26187335440389065,0.24687458628827613,0.28559637687370315,0.0,0.0,0.0,0.2726706174280618,0.28245257501829035,0.0,0.0,0.0,0.20338380850895899,0.0,0.0,0.0,0.26841922242509647,0.0,0.0,0.0,0.0,0.0,0.26783836452280624,0.20845289016227767,0.25908040129530896,0.0,0.2828414847010223,0.2760079007806422,0.2718225079931943,0.0,0.3192213998497721,0.26098401389563186,0.27729699020536225,0.0,0.0,0.24517929521084655,0.0,0.2196291686123591
0.21458687677269878,0.0,0.1617179064408211,0.0,0.17879587616951936,0.21050978990729577,0.1838069403202602,0.19070923917121774,0.1447312852513464,0.16768264909859432,0.0,0.17097386190265576,0.22331643142374807,0.0,0.21593409305676003,0.2102847695909991,0.0,0.22509896494390358,0.0,0.24555033640105536,0.2009237844078,0.22329213306883997,0.20475890812263095,0.1891136170124393,0.23115243160846644,0.22217468345247884,0.227290698876255,0.22310127301596078,0.23678040699139882,0.0,0.17419768652433978,0.2545182425502583,0.19377591798500435,0.19212352910092115,0.17193310839375964,0.0,0.0,0.0,0.26485830454233666,0.25563031687349014,0.2572233830972053,0.27368054804203884,0.0,0.0,0.0,0.2511594809327984,0.2772679643153677,0.0,0.0,0.0,0.1860105257485803,0.1749532143769766,0.0,0.0,0.19691375141106485,0.0,0.0,0.15246187161023533,0.0,0.25069448727776594,0.26326786475030967,0.19595545463247172,0.23546569773096485,0.0,0.2300790326516699,0.20182404133052811,0.2695865104469882,0.18370881379565426,0.0,0.24927423095674664,0.2663582761991567,0.2170249225284885,0.16593304530728317,0.2226317211700683,0.0,0.24261991339083985
0.0,0.1617179064408211,0.0,0.20192558592337953,0.1992913131754215,0.2275257921383815,0.20596926973455432,0.2594088176559647,0.17034184301717809,0.0,0.16491785068321294,0.0,0.19674267021612776,0.2581992555145951,0.0,0.0,0.0,0.0,0.17876481703753674,0.20361409266629638,0.18916093582806442,0.21093466015191284,0.2140985346638983,0.0,0.12035102392969384,0.0,0.23006408171813406,0.20643457106993124,0.17825429672218493,0.0,0.2148064583152714,0.18964611372037973,0.0,0.20248196494541626,0.2585475750258743,0.20202094890592356,0.19969976774107362,0.20704273857882644,0.26062653571745525,0.0,0.2518997461218938,0.0,0.31847493914695707,0.0,0.0,0.0,0.0,0.24565738401518,0.0,0.25076535984521203,0.3068444001827796,0.253437744151716,0.308032296813985,0.32346294510536083,0.0,0.3236360194485879,0.0,0.2534417684742448,0.3095722759096174,0.0,0.0,0.0,0.0,0.33626701576928036,0.0,0.0,0.0,0.3322860424730038,0.0,0.0,0.0,0.31037524544771755,0.20922734912073152,0.19528453068253038,0.0,0.2657540167277709
0.0,0.0,0.20192558592337953,0.0,0.20865369257754973,0.22390636255516186,0.20681468059636518,0.21089463517322032,0.18342145555161704,0.0,0.19499806092395153,0.17814709907276738,0.2062620579700876,0.16356034498290878,0.26501875561110066,0.0,0.0,0.0,0.17242388029720557,0.0,0.0,0.0,0.23430052763635986,0.0,0.0,0.0,0.2384782784175186,0.20138314963917708,0.22304685491837534,0.2149128780967117,0.21500650350101994,0.17503190643321495,0.0,0.19391678152911224,0.18341360998932965,0.13628585567451215,0.127164189925231,0.0,0.0,0.0,0.0,0.0,0.0,0.0,0.0,0.0,0.0,0.0,0.0,0.0,0.0,0.0,0.0,0.0,0.0,0.0,0.0,0.0,0.0,0.0,0.0,0.0,0.0,0.0,0.0,0.0,0.0,0.0,0.0,0.0,0.0,0.0,0.0,0.0,0.0,0.0
0.0,0.17879587616951936,0.1992913131754215,0.20865369257754973,0.0,0.225539696733416,0.22004934813666982,0.2511341620427474,0.20746243522134458,0.18275716780654352,0.18197883380034363,0.0,0.24164277056572508,0.20018725082842279,0.0,0.18384145525643347,0.0,0.0,0.1959853611535306,0.23748774171488107,0.0,0.23415577461410306,0.2285142036468505,0.0,0.16636106762788563,0.0,0.22850548118863626,0.23093967023063097,0.2270206391633222,0.23869296764166498,0.23662230359080252,0.2254219374177983,0.0,0.2418399651503615,0.2525697599321284,0.1437519375908133,0.20840671345001743,0.0,0.21800822660871025,0.0,0.0,0.0,0.0,0.0,0.0,0.0,0.0,0.26271912689445076,0.0,0.25440040382544676,0.2407096673366519,0.21894581696749915,0.2999419459703828,0.25401596573862933,0.0,0.0,0.0,0.0,0.27229070034314257,0.0,0.0,0.0,0.0,0.27576369614289153,0.0,0.0,0.0,0.2977158118148024,0.0,0.0,0.0,0.27116104500659277,0.18111900373888415,0.0,0.0,0.0
0.15771074155720757,0.21050978990729577,0.2275257921383815,0.22390636255516186,0.225539696733416,0.0,0.2289499631255172,0.19812540286643485,0.18605756732561318,0.21006115602187622,0.20801837338425566,0.1998452852073775,0.2063304288556543,0.0,0.17497675746560615,0.209029964701837,0.0,0.14695763012700466,0.17664670344233102,0.2218838483849597,0.1528524835669098,0.22934095808111768,0.2019762615532609,0.21514775182300053,0.19562801892970602,0.189965121641443,0.20111668899658058,0.20366651073167275,0.17462190357278076,0.2061122760020898,0.21567588096263843,0.2240594175884987,0.16016157570250947,0.22307176225175673,0.24212803558787546,0.21979050055173063,0.23995862167662457,0.19698006094073203,0.2809061743884394,0.0,0.27541871082397296,0.24455894986550986,0.2426820466920622,0.1892542884413086,0.0,0.16690779644882717,0.15490174137460264,0.29037001964439507,0.0,0.23590713832340707,0.2695647022645112,0.2448924088536883,0.26614604042427464,0.29947070995366065,0.0,0.23748913418461526,0.0,0.21904644164912412,0.22890441756220653,0.2074638203205637,0.14539319949052665,0.0,0.0,0.2623463897587546,0.23051833734928265,0.2003177778455539,0.17399501142661458,0.2840612038352342,0.0,0.15146626255431675,0.1756557934626763,0.2790595477920059,0.2090478619333092,0.2609112228674584,0.23404050878180296,0.2662528857461325
0.1559659301841557,0.1838069403202602,0.20596926973455432,0.20681468059636518,0.22004934813666982,0.2289499631255172,0.0,0.24146935580662218,0.2056248402771734,0.19850353822652947,0.2335180920644373,0.0,0.22339962508669642,0.2161070057691278,0.21379776007046555,0.15292655882315173,0.0,0.16875146535248983,0.2277934924605495,0.23714464578463637,0.1992794827029239,0.2400882700777888,0.22341126586406737,0.0,0.1475061466795917,0.13773567115240923,0.23256840214636712,0.23606781270957458,0.23486407673767082,0.0,0.24972063478328788,0.2405827051226224,0.18994566694163637,0.2411773894498966,0.2477430802700495,0.2144609865098258,0.2338984802789249,0.0,0.1880806943652144,0.0,0.0,0.0,0.0,0.0,0.0,0.0,0.0,0.2271344599635842,0.0,0.0,0.18738661170154353,0.2023512421493786,0.2129587759270689,0.0,0.0,0.0,0.0,0.17791614872893827,0.0,0.0,0.0,0.0,0.0,0.0,0.0,0.0,0.0,0.2843770249019164,0.0,0.0,0.0,0.23246434595946305,0.1760057421549776,0.18750005161792827,0.0,0.0
0.28627791483229054,0.19070923917121774,0.2594088176559647,0.21089463517322032,0.2511341620427474,0.19812540286643485,0.24146935580662218,0.0,0.2498650204867198,0.0,0.1998783544014385,0.0,0.21704731880428302,0.24401450253388313,0.24770961439051956,0.18143150667533967,0.0,0.1854332510047463,0.23137226866570346,0.21677616017664464,0.22577354596973123,0.21088812081114314,0.19925863427164214,0.30472310072779757,0.2460185920976129,0.24763308376210838,0.2402945910075849,0.22575428364516684,0.19328124542629782,0.0,0.23646474853213797,0.23372343562156964,0.19526028861844202,0.25066067217459204,0.24919769671259653,0.18209173035140158,0.0,0.0,0.2922001807864145,0.0,0.0,0.0,0.26951883859864856,0.0,0.0,0.0,0.0,0.3242093979703545,0.0,0.0,0.28121000326489887,0.3097376613711742,0.2609822332605169,0.34022594800840344,0.0,0.2772096972348489,0.0,0.2704416148376768,0.32157875757797566,0.2722045279999743,0.0,0.0,0.0,0.2991721743301449,0.28641031215580237,0.2807607980185125,0.3134098426600604,0.3383060533680782,0.0,0.0,0.0,0.30799393139110576,0.24462549756926086,0.2585881837952635,0.0,0.25851149599480927
0.14414670225895046,0.1447312852513464,0.17034184301717809,0.18342145555161704,0.20746243522134458,0.18605756732561318,0.2056248402771734,0.2498650204867198,0.0,0.15903274155499264,0.18191676516652108,0.16199808565620175,0.1930399929979381,0.22757604691632152,0.15896233230258947,0.17613323306336012,0.0,0.0,0.17341507306850706,0.22468325673150397,0.16131664498752066,0.20059125539299685,0.22461978256380008,0.19387965316413772,0.10973436820232076,0.11074750483442403,0.21490690194972517,0.22205642591985586,0.19662076643373075,0.18524757304318865,0.23912144376655506,0.21544483368977008,0.17229458313041113,0.23186414452176657,0.20669321604053598,0.18571463729088553,0.18223988502590674,0.1272852737947916,0.24747286271431737,0.0,0.0,0.0,0.2712721659588598,0.0,0.0,0.0,0.0,0.29415740714175564,0.0,0.2338630483456372,0.29260745829152895,0.24145172105824592,0.31831118266128555,0.2545157062100606,0.0,0.28084954617909164,0.0,0.20829676688827872,0.0,0.0,0.0,0.0,0.0,0.2783324152275012,0.0,0.0,0.0,0.3196098481610377,0.0,0.0,0.0,0.31523996974261836,0.17841742425558266,0.18496828749776908,0.0,0.20356594199228117
0.2018091585947949,0.16768264909859432,0.0,0.0,0.18275716780654352,0.21006115602187622,0.19850353822652947,0.0,0.15903274155499264,0.0,0.17911601788326365,0.1716193720017706,0.24529550515948703,0.0,0.15438963058844252,0.18092630397626336,0.19516472465013443,0.19228756764103924,0.2064499939272487,0.0,0.26381545857949307,0.15129989129919244,0.22791749291767568,0.1876473505602389,0.20077353591317978,0.2040802585008931,0.22349863237809062,0.23987225487405306,0.1967110728217794,0.20621062573000548,0.19577833045174306,0.21327381199677728,0.1768245366268377,0.19310026281571968,0.19487964159255325,0.23408294251546774,0.0,0.1721948526024601,0.2781003640666678,0.20438498341252448,0.21423419124910117,0.2684087876798606,0.0,0.0,0.19556695692833098,0.22356543826048364,0.2142083070459571,0.0,0.0,0.0,0.0,0.0,0.0,0.0,0.23745294887760757,0.0,0.23694250495374555,0.2064627241032461,0.0,0.0,0.22448574715901368,0.23853706124714746,0.22942678267164043,0.0,0.0,0.0,0.0,0.0,0.2475418084499134,0.26497595688286824,0.2598547568700703,0.0,0.22996800502223683,0.0,0.0,0.23863764766371454
0.0,0.0,0.16491785068321294,0.19499806092395153,0.18197883380034363,0.20801837338425566,0.2335180920644373,0.1998783544014385,0.18191676516652108,0.17911601788326365,0.0,0.0,0.22675459637677783,0.18874911568867628,0.0,0.0,0.0,0.0,0.16797817560918568,0.0,0.0,0.0,0.19575674662566922,0.0,0.0,0.0,0.236279334058933,0.22150162704913554,0.0,0.0,0.24565813635020295,0.20447178979181907,0.0,0.23218484206919215,0.0,0.1660051094941105,0.1948571230256896,0.0,0.2346266216323895,0.0,0.0,0.0,0.0,0.0,0.0,0.0,0.0,0.275257676832465,0.0,0.24005010989704464,0.23461199321111562,0.0,0.26144392472479755,0.0,0.0,0.1246659476658157,0.0,0.0,0.0,0.0,0.0,0.0,0.0,0.0,0.0,0.0,0.0,0.22621499188258332,0.0,0.0,0.0,0.2547369328293053,0.0,0.0,0.0,0.0
0.22224001796076992,0.17097386190265576,0.0,0.17814709907276738,0.0,0.1998452852073775,0.0,0.0,0.16199808565620175,0.1716193720017706,0.0,0.0,0.18014786381262735,0.0,0.0,0.16463045695450582,0.20167596641878838,0.2037136855848568,0.0,0.0,0.2642616871061436,0.0,0.21131771951908826,0.17875382932029624,0.21289793572681906,0.19905804616738934,0.21254552249310052,0.22059500912191524,0.19717571079549664,0.0,0.21172637892820925,0.19399333353301762,0.18131203549078706,0.1853527832635947,0.19140798672381665,0.20819309806671868,0.20258167856728246,0.14688736177765377,0.21238277180435064,0.22087343686162383,0.22915555980747937,0.27305895376890404,0.0,0.0,0.0,0.0,0.0,0.0,0.0,0.0,0.0,0.0,0.0,0.0,0.25332496707797325,0.0,0.2608063568475668,0.0,0.0,0.0,0.2187985740689159,0.23228150595889338,0.24273806592085703,0.0,0.0,0.0,0.0,0.0,0.2727439423423578,0.27751986008632085,0.28369764871077763,0.0,0.0,0.0,0.0,0.25019438615466716
0.1573403401159948,0.22331643142374807,0.19674267021612776,0.2062620579700876,0.24164277056572508,0.2063304288556543,0.22339962508669642,0.21704731880428302,0.1930399929979381,0.24529550515948703,0.22675459637677783,0.18014786381262735,0.0,0.2123287181591868,0.21962814768759037,0.22750058979185925,0.19371374026987107,0.14811495703001917,0.22308439224457172,0.2319263453793467,0.19551906845279288,0.23736450059172312,0.21550141089749789,0.15809772460560975,0.21283189511391368,0.2101549098512569,0.22311807015694357,0.20326308897396733,0.2179643680777104,0.23006296087795583,0.22902726810092575,0.24257596723079222,0.2129692833746008,0.2387108358233992,0.24101013122955525,0.2221343202359274,0.21981826536212534,0.21666197397172743,0.23961847739381906,0.0,0.2274815053439378,0.0,0.0,0.0,0.0,0.17152756279431203,0.14724571541185139,0.22465547081350495,0.0,0.0,0.09158218116287346,0.18743847824953613,0.23895078236680867,0.18637670899278955,0.0,0.0,0.0,0.16199206300675856,0.0,0.18414302255193635,0.0,0.0,0.0,0.0,0.21806791981345205,0.183506272734437,0.15797178342276239,0.2765941900951253,0.0,0.0,0.0,0.24249192161996913,0.19137075526648428,0.1981992009012551,0.0,0.18678356416661404
0.0,0.0,0.2581992555145951,0.16356034498290878,0.20018725082842279,0.0,0.2161070057691278,0.24401450253388313,0.22757604691632152,0.0,0.18874911568867628,0.0,0.2123287181591868,0.0,0.0,0.0,0.0,0.0,0.2237937686813774,0.0,0.279324230812644,0.0,0.2407075895342815,0.0,0.0,0.0,0.0,0.1622412722083826,0.0,0.0,0.0,0.15544421789796467,0.0,0.0,0.0,0.1316240321924019,0.10690776621777497,0.0,0.0,0.0,0.0,0.0,0.0,0.0,0.0,0.0,0.0,0.0,0.0,0.0,0.0,0.0,0.0,0.0,0.0,0.0,0.0,0.0,0.0,0.0,0.0,0.0,0.0,0.0,0.0,0.0,0.0,0.0,0.0,0.0,0.0,0.0,0.0,0.0,0.0,0.0
0.21409071044283653,0.21593409305676003,0.0,0.26501875561110066,0.0,0.17497675746560615,0.21379776007046555,0.24770961439051956,0.15896233230258947,0.15438963058844252,0.0,0.0,0.21962814768759037,0.0,0.0,0.22527632134516726,0.0,0.22370563889469966,0.0,0.21197133926616155,0.22711235347769512,0.2297132326565631,0.20121569980723725,0.21929710148317097,0.20823324364854573,0.19713722086289773,0.24157769474942395,0.23712710632112094,0.23331151758922525,0.2226146001704238,0.2304612882997325,0.2518483216779252,0.2034108205151574,0.2342165770554558,0.25099164335882057,0.0,0.0,0.0,0.2810865402456009,0.28150470106547865,0.23908893865761557,0.28975031866423967,0.0,0.0,0.0,0.2669220511011022,0.24706124691764558,0.0,0.0,0.0,0.2503957481990654,0.19919273356290443,0.2961510480684788,0.0,0.0,0.0,0.0,0.21945514350372838,0.0,0.27635298509543926,0.19122173085264707,0.0,0.1573224237651555,0.0,0.2769788141912292,0.2903747104966138,0.2969540532479515,0.27922216264565025,0.0,0.17678205755641468,0.25151365319062724,0.28891602965932284,0.2504717914667582,0.257605574016557,0.0,0.23136226821412945
0.20464315015896958,0.2102847695909991,0.0,0.0,0.18384145525643347,0.209029964701837,0.15292655882315173,0.18143150667533967,0.17613323306336012,0.18092630397626336,0.0,0.16463045695450582,0.22750058979185925,0.0,0.22527632134516726,0.0,0.1885485820197092,0.20482595644848825,0.0,0.2245930313859142,0.21223703179129438,0.21347308475037724,0.2152474784155891,0.18668581195462192,0.21009118995379011,0.2061358145847153,0.21773284959330527,0.19228804803880614,0.2324098031404388,0.18931747603544674,0.2047916071043837,0.2654781669643444,0.21644787078493774,0.21762683358294457,0.24665584541866137,0.0,0.0,0.0,0.2744053042872721,0.25353868631911697,0.24727040257869468,0.2703805080152913,0.0,0.0,0.0,0.26100284255391937,0.2651080107929079,0.0,0.0,0.0,0.163091109350171,0.0,0.0,0.0,0.19778150699627828,0.0,0.20735050536144242,0.17112694078897256,0.0,0.21824669314520537,0.26020852014194196,0.1860455317478657,0.2600022295672171,0.0,0.2211527861437969,0.21881396950776413,0.25233226679603704,0.17602061063765245,0.0,0.25768750110949884,0.2645220597542381,0.1907320626010512,0.17957024804953794,0.1936272917085203,0.0,0.24423829174979073
0.20933073604736815,0.0,0.0,0.0,0.0,0.0,0.0,0.0,0.0,0.19516472465013443,0.0,0.20167596641878838,0.19371374026987107,0.0,0.0,0.1885485820197092,0.0,0.16993433951111564,0.0,0.0,0.0,0.1642978707330927,0.0,0.20353485361364285,0.20059063637342017,0.19338457590217417,0.0,0.21149835643559975,0.0,0.0,0.19355117833478247,0.22253818116665744,0.18640523185890218,0.20662662267991344,0.20501023403781013,0.0,0.0,0.19042210077466257,0.2703920923845387,0.2397874144346844,0.21388196999618878,0.0,0.0,0.0,0.0,0.0,0.0,0.0,0.0,0.0,0.0,0.0,0.0,0.0,0.253987383799227,0.0,0.22308698988384928,0.0,0.0,0.0,0.22302129165379758,0.23934976719205422,0.23890552313349625,0.0,0.0,0.0,0.0,0.0,0.23335162931220815,0.2722604022297062,0.27179007057865695,0.0,0.0,0.0,0.0,0.22488877850753441
0.21616086545956253,0.22509896494390358,0.0,0.0,0.0,0.14695763012700466,0.16875146535248983,0.1854332510047463,0.0,0.19228756764103924,0.0,0.2037136855848568,0.14811495703001917,0.0,0.22370563889469966,0.20482595644848825,0.16993433951111564,0.0,0.0,0.22388736407324059,0.21505632569798386,0.2242233484240758,0.18186660663610663,0.1971303002354217,0.21046225140097088,0.2139081281031197,0.1729350111051122,0.19999084579737889,0.2350096465211289,0.0,0.19437515865360563,0.21716244090562592,0.19454460657215322,0.21146942074164654,0.2003938303403217,0.0,0.18149301077797564,0.1721853221600351,0.28312983194234925,0.25607312174440566,0.2608005094088365,0.2752639925264336,0.0,0.0,0.0,0.2609856042740112,0.2674858707972104,0.0,0.0,0.0,0.17601821339306267,0.0,0.0,0.0,0.25486274258397745,0.0,0.24758912594368712,0.0,0.0,0.2165364473824795,0.2658542348279584,0.2633327777434975,0.25493833402144744,0.0,0.19444394467786197,0.20844140642460204,0.2458162152171959,0.0,0.21847736010873664,0.26238937119260775,0.27009684788359273,0.0,0.0,0.17781997020799592,0.0,0.26093065181289976
0.0,0.0,0.17876481703753674,0.17242388029720557,0.1959853611535306,0.17664670344233102,0.2277934924605495,0.23137226866570346,0.17341507306850706,0.2064499939272487,0.16797817560918568,0.0,0.22308439224457172,0.2237937686813774,0.0,0.0,0.0,0.0,0.0,0.0,0.0,0.0,0.22554826953787285,0.0,0.0,0.0,0.26674040583433123,0.23519707118075522,0.0,0.0,0.20995811170997764,0.2096096191763684,0.0,0.17723257025953237,0.0,0.20364237400450722,0.2003524645524641,0.0,0.2548351219464079,0.0,0.0,0.0,0.2487296228362517,0.0,0.0,0.0,0.0,0.15903257832149192,0.0,0.2107878333477207,0.2318816944699969,0.2527516983986052,0.2961975603891469,0.0,0.0,0.14456488773937445,0.0,0.0,0.0,0.0,0.0,0.0,0.0,0.259012955938001,0.0,0.0,0.0,0.2884047670971863,0.0,0.0,0.0,0.2866603902495313,0.0,0.0,0.0,0.0
0.2414103090162823,0.24555033640105536,0.20361409266629638,0.0,0.23748774171488107,0.2218838483849597,0.23714464578463637,0.21677616017664464,0.22468325673150397,0.0,0.0,0.0,0.2319263453793467,0.0,0.21197133926616155,0.2245930313859142,0.0,0.22388736407324059,0.0,0.0,0.24057982095166874,0.22426894403205444,0.1883985234204155,0.22368353857472478,0.21514342611863818,0.22730911644023508,0.22394643162068628,0.21523303438579494,0.20388642500557555,0.17724793837301667,0.21248105104859605,0.2597092033383856,0.21695222808651943,0.23690519669460028,0.253524950446311,0.2745899315127047,0.259099167762718,0.0,0.27439141744709866,0.2184042176569108,0.11920864055390566,0.2755862623983041,0.0,0.0,0.0,0.20162727033873215,0.21900279555005106,0.0,0.0,0.0,0.2323753557329441,0.19121209508045495,0.2634854385712691,0.18176629511359482,0.0,0.0,0.0,0.2004771418809008,0.0,0.2242862645573193,0.1731211561548876,0.0,0.0,0.0,0.25664938144007315,0.2290130079742923,0.2789252694592082,0.24394957009967924,0.0,0.16858352719132916,0.27193391656447674,0.28569809268221297,0.24481423110239353,0.17718977123579907,0.0,0.24105593834100952
0.23723968375476548,0.2009237844078,0.18916093582806442,0.0,0.0,0.1528524835669098,0.1992794827029239,0.22577354596973123,0.16131664498752066,0.26381545857949307,0.0,0.2642616871061436,0.19551906845279288,0.279324230812644,0.22711235347769512,0.21223703179129438,0.0,0.21505632569798386,0.0,0.24057982095166874,0.0,0.2285789385097333,0.22245930707887238,0.3089971204066266,0.20059168989404264,0.20827032803892975,0.24563563674838676,0.21558868800497866,0.2190354576978385,0.0,0.2191850988367147,0.24449201899864476,0.19489094891810754,0.2190820760433486,0.22199456477091498,0.0,0.0,0.0,0.29171859317598653,0.23760490454813382,0.24676984116141867,0.2994747155179029,0.0,0.0,0.0,0.26695951162338877,0.26539231555448517,0.0,0.0,0.0,0.24241631772833705,0.19036120490984137,0.2538612721013867,0.0,0.0,0.0,0.0,0.21839149561724508,0.0,0.25908370883346005,0.21816448203153027,0.0,0.2403296207238471,0.0,0.2601375475452714,0.2801575245597222,0.2815390527117818,0.2574517386764179,0.0,0.2123142970145451,0.27771220708261,0.26593181582086156,0.2547085722441897,0.26633052091019915,0.0,0.2519412259514392
0.20776438157082713,0.22329213306883997,0.21093466015191284,0.0,0.23415577461410306,0.22934095808111768,0.2400882700777888,0.21088812081114314,0.20059125539299685,0.15129989129919244,0.0,0.0,0.23736450059172312,0.0,0.2297132326565631,0.21347308475037724,0.1642978707330927,0.2242233484240758,0.0,0.22426894403205444,0.2285789385097333,0.0,0.24571814183806265,0.19070118010156253,0.2059288018416372,0.20584522761432314,0.24886331844359155,0.2398749779806116,0.23785870591317285,0.19113698585919942,0.20105727830747733,0.23946926194551438,0.20329699806273546,0.22016532338836928,0.23332892692066232,0.0,0.0,0.0,0.2750217926689005,0.26077697091933516,0.26222541861171395,0.2881940102888861,0.0,0.0,0.0,0.2121386429423562,0.2557360329231356,0.0,0.0,0.0,0.17517836066581682,0.164085961401302,0.27680867211047944,0.18175072319085347,0.0,0.0,0.0,0.16137399098315344,0.0,0.2791721088243926,0.21033384943005584,0.0,0.18228118071743532,0.0,0.2669984848232373,0.26373984392591077,0.2791712408513675,0.26724961692994503,0.0,0.20599731692670586,0.27624304575755815,0.22328435823690518,0.18749429341456078,0.2219113579685894,0.0,0.21515159573168696
0.2607298211496163,0.20475890812263095,0.2140985346638983,0.23430052763635986,0.2285142036468505,0.2019762615532609,0.22341126586406737,0.19925863427164214,0.22461978256380008,0.22791749291767568,0.19575674662566922,0.21131771951908826,0.21550141089749789,0.2407075895342815,0.20121569980723725,0.2152474784155891,0.0,0.18186660663610663,0.22554826953787285,0.1883985234204155,0.22245930707887238,0.24571814183806265,0.0,0.26369729070889864,0.19584306481344102,0.2242191293083892,0.21840796402675064,0.2233899426031477,0.20286056703583416,0.20978348935444713,0.22201809829260433,0.23652242751411018,0.17325966798545683,0.23450674674254338,0.20808409703844294,0.21290277286660056,0.2323614865001489,0.20965271971147792,0.27940386849609056,0.2731442920221567,0.2938539874493924,0.28543232654044515,0.2811078858529182,0.24420721618301472,0.0,0.25405202695136325,0.14655851313015975,0.3204274204591808,0.0,0.23754455612988182,0.27958023395956244,0.2904308800267733,0.2947491102443957,0.3234239889576913,0.0,0.29828994293767447,0.0,0.2770957823292963,0.29344015197650736,0.26300796204762095,0.13185421104395836,0.0,0.0,0.30334367545391566,0.26807362760164655,0.22660366327685952,0.24142020095665476,0.3034955305623422,0.0,0.1458007136835764,0.20938221428859696,0.2921839169958714,0.27530838990836365,0.26759392717937136,0.0,0.27653551459647513
0.2209177353862513,0.1891136170124393,0.0,0.0,0.0,0.21514775182300053,0.0,0.30472310072779757,0.19387965316413772,0.1876473505602389,0.0,0.17875382932029624,0.15809772460560975,0.0,0.21929710148317097,0.18668581195462192,0.20353485361364285,0.1971303002354217,0.0,0.22368353857472478,0.3089971204066266,0.19070118010156253,0.26369729070889864,0.0,0.20011088462869756,0.20717785235758324,0.2294983451821022,0.2322593561456537,0.21803948950033838,0.0,0.2090467207205648,0.20106988364417744,0.16339795443610616,0.1822735092417014,0.19470783021621635,0.2225232846319684,0.0,0.15138108937721742,0.2874639236380452,0.2347419757073103,0.23684398373543497,0.3152236348270244,0.0,0.0,0.18093763045848993,0.2579145867574529,0.26056765561133605,0.0,0.0,0.0,0.0,0.0,0.0,0.0,0.2568121956647056,0.0,0.2575956955787225,0.0,0.0,0.0,0.25063197675439525,0.2694438309992906,0.2580234315951618,0.0,0.0,0.0,0.0,0.0,0.2693222372447544,0.2758622597043697,0.2858705403388538,0.0,0.0,0.0,0.0,0.2633780568168028
0.20312218504922427,0.23115243160846644,0.12035102392969384,0.0,0.16636106762788563,0.19562801892970602,0.1475061466795917,0.2460185920976129,0.10973436820232076,0.20077353591317978,0.0,0.21289793572681906,0.21283189511391368,0.0,0.20823324364854573,0.21009118995379011,0.20059063637342017,0.21046225140097088,0.0,0.21514342611863818,0.20059168989404264,0.2059288018416372,0.19584306481344102,0.20011088462869756,0.0,0.21578138084470191,0.20415952620189642,0.22588094929395375,0.21939097031001964,0.0,0.20278200845064545,0.24272956700854398,0.19122860772171582,0.2082232125328045,0.21914317516248716,0.0,0.0,0.18883298311140503,0.28172900129996303,0.2563297141624332,0.26179833669737607,0.2804689210489256,0.0,0.0,0.0,0.2533502156268762,0.27173214973058346,0.0,0.0,0.0,0.1592809156529596,0.0,0.0,0.0,0.26549607918772883,0.0,0.26726757010278657,0.18352819987856486,0.0,0.23106723523366712,0.2630246943809229,0.26389019907179456,0.2575686746504444,0.0,0.22233793905204485,0.20384209150265367,0.2002576158921422,0.1656738156288657,0.25728258822887307,0.264919998133923,0.27473502503977903,0.17196772184887518,0.20631204069109724,0.20798649705008762,0.0,0.26105480311258467
0.19026113200341893,0.22217468345247884,0.0,0.0,0.0,0.189965121641443,0.13773567115240923,0.24763308376210838,0.11074750483442403,0.2040802585008931,0.0,0.19905804616738934,0.2101549098512569,0.0,0.19713722086289773,0.2061358145847153,0.19338457590217417,0.2139081281031197,0.0,0.22730911644023508,0.20827032803892975,0.20584522761432314,0.2242191293083892,0.20717785235758324,0.21578138084470191,0.0,0.2232608736435577,0.11125366770812711,0.20070950658138054,0.0,0.1919243895460411,0.22359576174716622,0.1895141321527832,0.20167416964588533,0.20929594981616162,0.0,0.0,0.20046540179753441,0.27866974058894384,0.25832032060656857,0.2532021057204444,0.2860891095816647,0.0,0.0,0.0,0.25058973055706435,0.273726745543938,0.0,0.0,0.0,0.15851894067576863,0.0,0.0,0.0,0.266675015949328,0.0,0.2649241045878529,0.15971599217042487,0.0,0.27104094350183033,0.25774194277643603,0.2805707155972202,0.260573175959127,0.0,0.21480526863850022,0.20567360308285867,0.26169454792999386,0.26883636522706533,0.2767281546893392,0.2719670962666194,0.28230484513293136,0.23701125083508107,0.0,0.17527821441542552,0.0,0.26279095741654174
0.1854596011920847,0.227290698876255,0.23006408171813406,0.2384782784175186,0.22850548118863626,0.20111668899658058,0.23256840214636712,0.2402945910075849,0.21490690194972517,0.22349863237809062,0.236279334058933,0.21254552249310052,0.22311807015694357,0.0,0.24157769474942395,0.21773284959330527,0.0,0.1729350111051122,0.26674040583433123,0.22394643162068628,0.24563563674838676,0.24886331844359155,0.21840796402675064,0.2294983451821022,0.20415952620189642,0.2232608736435577,0.0,0.2284739315035965,0.22151488622175367,0.21562595698036718,0.22646561312842325,0.2492877193477204,0.2158030730937742,0.23999488391163223,0.25074369580950134,0.21835414263920883,0.2554109539878694,0.2126403580715959,0.2844109616441634,0.2469106394378931,0.26608076318066914,0.2837441913016833,0.28988978311217484,0.20545453585968235,0.0,0.17540859750041476,0.17514075854904246,0.3039856362832372,0.0,0.24507561323869734,0.2766118793991818,0.24419761622313077,0.28471426829753615,0.3016052872150962,0.0,0.0,0.0,0.1880600468969079,0.1970395926177059,0.26520760537877214,0.1521882610604023,0.0,0.0,0.25755001745770895,0.2591343591671297,0.23498230272257065,0.13920484564550076,0.29049804271468155,0.0,0.14733477822120683,0.23168842787332444,0.28913399807087886,0.22825937535711982,0.2563277172722387,0.26818391050137325,0.2626884464162803
0.17024113862907053,0.22310127301596078,0.20643457106993124,0.20138314963917708,0.23093967023063097,0.20366651073167275,0.23606781270957458,0.22575428364516684,0.22205642591985586,0.23987225487405306,0.22150162704913554,0.22059500912191524,0.20326308897396733,0.1622412722083826,0.23712710632112094,0.19228804803880614,0.21149835643559975,0.19999084579737889,0.23519707118075522,0.21523303438579494,0.21558868800497866,0.2398749779806116,0.2233899426031477,0.2322593561456537,0.22588094929395375,0.11125366770812711,0.2284739315035965,0.0,0.19623773825223242,0.1892589583489323,0.22607333751318368,0.2587622117219662,0.20683691839566626,0.24424818370328516,0.23924307560702618,0.20233331498789553,0.22001292814061074,0.23723255733650297,0.2521133529853535,0.23506232680851494,0.25276528845885365,0.0,0.0,0.0,0.0,0.0,0.15207977879243093,0.22517499942495017,0.0,0.0,0.2258353626431474,0.18697777080205386,0.22977387931570756,0.19152274391151153,0.0,0.0,0.0,0.17968398290980955,0.0,0.24278237942960756,0.0,0.0,0.0,0.0,0.24663915735617867,0.22798094467131735,0.20061399405735017,0.28120373135174487,0.0,0.0,0.0,0.28680012049621834,0.21636934274384148,0.23234460336538829,0.0,0.21284710600590767
0.22326391745067675,0.23678040699139882,0.17825429672218493,0.22304685491837534,0.2270206391633222,0.17462190357278076,0.23486407673767082,0.19328124542629782,0.19662076643373075,0.1967110728217794,0.0,0.19717571079549664,0.2179643680777104,0.0,0.23331151758922525,0.2324098031404388,0.0,0.2350096465211289,0.0,0.20388642500557555,0.2190354576978385,0.23785870591317285,0.20286056703583416,0.21803948950033838,0.21939097031001964,0.20070950658138054,0.22151488622175367,0.19623773825223242,0.0,0.19693386172897223,0.21315271156289553,0.2567950211515884,0.2192669692286031,0.24037521050312768,0.2516727296036064,0.26111456534301625,0.2516554992867305,0.2232790638287783,0.2719492921387639,0.21007370626813796,0.23968017427406704,0.2595898406891833,0.2447383000490026,0.20940053632258032,0.0,0.19430485844091974,0.20293859014621907,0.2388035135324761,0.0,0.21690538875613452,0.22692246036471247,0.19146689028653852,0.23713787701686,0.2108918271018408,0.0,0.0,0.0,0.19703571670057,0.0,0.2439843463257956,0.16224206687710377,0.0,0.0,0.0,0.23972620978461037,0.2415926295215816,0.22672290430022315,0.2745684974523017,0.0,0.14547469034638666,0.20363210781483487,0.282077047615053,0.23185610001498205,0.252783299654163,0.23360123177148379,0.22496523049232134
0.0,0.0,0.0,0.2149128780967117,0.23869296764166498,0.2061122760020898,0.0,0.0,0.18524757304318865,0.20621062573000548,0.0,0.0,0.23006296087795583,0.0,0.2226146001704238,0.18931747603544674,0.0,0.0,0.0,0.17724793837301667,0.0,0.19113698585919942,0.20978348935444713,0.0,0.0,0.0,0.21562595698036718,0.1892589583489323,0.19693386172897223,0.0,0.1907766849857063,0.27304524122725615,0.0,0.24249687114821789,0.24834052126805944,0.25844025623427175,0.2380669134898673,0.23694479395196202,0.0,0.0,0.0,0.0,0.0,0.0,0.0,0.0,0.0,0.0,0.0,0.0,0.20878293430207037,0.0,0.0,0.0,0.0,0.0,0.0,0.0,0.0,0.0,0.0,0.0,0.0,0.0,0.0,0.0,0.0,0.0,0.0,0.0,0.0,0.28236382180281383,0.0,0.0,0.0,0.0
0.1860011186950218,0.17419768652433978,0.2148064583152714,0.21500650350101994,0.23662230359080252,0.21567588096263843,0.24972063478328788,0.23646474853213797,0.23912144376655506,0.19577833045174306,0.24565813635020295,0.21172637892820925,0.22902726810092575,0.0,0.2304612882997325,0.2047916071043837,0.19355117833478247,0.19437515865360563,0.20995811170997764,0.21248105104859605,0.2191850988367147,0.20105727830747733,0.22201809829260433,0.2090467207205648,0.20278200845064545,0.1919243895460411,0.22646561312842325,0.22607333751318368,0.21315271156289553,0.1907766849857063,0.0,0.26076445930928005,0.18976632600452145,0.19806711529866108,0.1966709929507333,0.24982173259397847,0.24329622232571352,0.21380948084450688,0.26532049912368494,0.25002788570508855,0.2411569330765707,0.27478232302741024,0.0,0.0,0.0,0.20965142944926485,0.2597037028346227,0.0,0.0,0.0,0.1906668056423617,0.19088213853549782,0.0,0.207818266341002,0.2228434415563318,0.0,0.2467280905324637,0.17383760834195752,0.0,0.28049997506521207,0.2559411790318932,0.2514228885516082,0.2398326876532086,0.2205943723061961,0.2581861989400882,0.24229546577695904,0.26244729707918396,0.28863179030287833,0.2640117731961141,0.2534307320274591,0.2700427029685672,0.27004404672809124,0.2006157946096541,0.19063186026403325,0.0,0.21573113860572826
0.2398078278280416,0.2545182425502583,0.18964611372037973,0.17503190643321495,0.2254219374177983,0.2240594175884987,0.2405827051226224,0.23372343562156964,0.21544483368977008,0.21327381199677728,0.20447178979181907,0.19399333353301762,0.24257596723079222,0.15544421789796467,0.2518483216779252,0.2654781669643444,0.22253818116665744,0.21716244090562592,0.2096096191763684,0.2597092033383856,0.24449201899864476,0.23946926194551438,0.23652242751411018,0.20106988364417744,0.24272956700854398,0.22359576174716622,0.2492877193477204,0.2587622117219662,0.2567950211515884,0.27304524122725615,0.26076445930928005,0.0,0.2181354819838406,0.23207420577170876,0.2451391148415855,0.1669999322341906,0.19933533315054366,0.1980752687429037,0.2309721625135214,0.23271983586538944,0.23250130922008103,0.25297534492002294,0.24582560245399007,0.0,0.19658807166574935,0.254677778612211,0.27496109084777026,0.2606100215090909,0.0,0.0,0.2911192742764425,0.22902899473222268,0.2954293795849866,0.24967165908255076,0.22582727702504815,0.0,0.2240926584727707,0.2357969240023707,0.0,0.27186257568606936,0.2204934888193418,0.24071703041145115,0.2575392018634649,0.0,0.27194166586507473,0.28697496306057435,0.27832940465605205,0.30151082018926467,0.0,0.23263646687404885,0.2796550266118766,0.30439793652943037,0.286548746906115,0.2868489287975675,0.0,0.28372284963424266
0.16535432054715482,0.19377591798500435,0.0,0.0,0.0,0.16016157570250947,0.18994566694163637,0.19526028861844202,0.17229458313041113,0.1768245366268377,0.0,0.18131203549078706,0.2129692833746008,0.0,0.2034108205151574,0.21644787078493774,0.18640523185890218,0.19454460657215322,0.0,0.21695222808651943,0.19489094891810754,0.20329699806273546,0.17325966798545683,0.16339795443610616,0.19122860772171582,0.1895141321527832,0.2158030730937742,0.20683691839566626,0.2192669692286031,0.0,0.18976632600452145,0.2181354819838406,0.0,0.17943983645833844,0.199271956471395,0.1693619512562849,0.0,0.1476802216800154,0.2384424251472349,0.19382943173222786,0.19921815946948887,0.2558775321511972,0.0,0.0,0.16859933369084282,0.24348484079870686,0.2586752665227606,0.0,0.0,0.0,0.2434082944282454,0.0,0.0,0.0,0.21743950406593873,0.0,0.22201764614985042,0.2216482647433198,0.0,0.2570396725660152,0.25012387298835415,0.23893308910173275,0.20803806102840383,0.0,0.21625263713435966,0.27174955299531184,0.26892586892974457,0.2696082673370469,0.22236538885675633,0.24430170327374895,0.24948986571513943,0.0,0.0,0.224503735644682,0.0,0.2328339032883717
0.17445377780128474,0.19212352910092115,0.20248196494541626,0.19391678152911224,0.2418399651503615,0.22307176225175673,0.2411773894498966,0.25066067217459204,0.23186414452176657,0.19310026281571968,0.23218484206919215,0.1853527832635947,0.2387108358233992,0.0,0.2342165770554558,0.21762683358294457,0.20662662267991344,0.21146942074164654,0.17723257025953237,0.23690519669460028,0.2190820760433486,0.22016532338836928,0.23450674674254338,0.1822735092417014,0.2082232125328045,0.20167416964588533,0.23999488391163223,0.24424818370328516,0.24037521050312768,0.24249687114821789,0.19806711529866108,0.23207420577170876,0.17943983645833844,0.0,0.16129372096943378,0.21204202607433978,0.209673928514802,0.17320197526887038,0.20408553425301634,0.18340593798128293,0.208233481970986,0.21465151127954651,0.0,0.0,0.16687322493385104,0.21418600351555628,0.2550374255100417,0.0,0.0,0.0,0.21612057821082814,0.2078376139632928,0.2649432952745246,0.0,0.22845337767280077,0.0,0.23284141144076104,0.19516100874416337,0.0,0.264923161104435,0.25002281229076506,0.23597330528097055,0.23168881633356284,0.0,0.27450550499974163,0.2505465867916393,0.2737454434509972,0.2903278610464153,0.2270664221693203,0.2519920537500135,0.2622761600084897,0.295416672751051,0.26144306131335177,0.24875861003097824,0.0,0.22806374700486126
0.19237427294445564,0.17193310839375964,0.2585475750258743,0.18341360998932965,0.2525697599321284,0.24212803558787546,0.2477430802700495,0.24919769671259653,0.20669321604053598,0.19487964159255325,0.0,0.19140798672381665,0.24101013122955525,0.0,0.25099164335882057,0.24665584541866137,0.20501023403781013,0.2003938303403217,0.0,0.253524950446311,0.22199456477091498,0.23332892692066232,0.20808409703844294,0.19470783021621635,0.21914317516248716,0.20929594981616162,0.25074369580950134,0.23924307560702618,0.2516727296036064,0.24834052126805944,0.1966709929507333,0.2451391148415855,0.199271956471395,0.16129372096943378,0.0,0.1904774691575255,0.2145211263846852,0.18650684311939889,0.2151596293752602,0.2630296363053838,0.1939215427511918,0.23678821661094585,0.0,0.0,0.16290094270103644,0.27537777501028604,0.28241456930790637,0.0,0.0,0.0,0.2637249514683066,0.0,0.0,0.0,0.22208047147091017,0.0,0.23410608223136353,0.0,0.0,0.26453060475944834,0.24861900811407184,0.0,0.2436039291362167,0.0,0.22581990829571438,0.25035282563525846,0.2714746726323889,0.28534169255766034,0.0,0.24955282493927666,0.26762681201439875,0.3046161235540918,0.0,0.24025449199815133,0.0,0.2237164530244368
0.0,0.0,0.20202094890592356,0.13628585567451215,0.1437519375908133,0.21979050055173063,0.2144609865098258,0.18209173035140158,0.18571463729088553,0.23408294251546774,0.1660051094941105,0.20819309806671868,0.2221343202359274,0.1316240321924019,0.0,0.0,0.0,0.0,0.20364237400450722,0.2745899315127047,0.0,0.0,0.21290277286660056,0.2225232846319684,0.0,0.0,0.21835414263920883,0.20233331498789553,0.26111456534301625,0.25844025623427175,0.24982173259397847,0.1669999322341906,0.1693619512562849,0.21204202607433978,0.1904774691575255,0.0,0.14324092547469439,0.2130363298928549,0.280335813035374,0.0,0.0,0.0,0.0,0.0,0.0,0.0,0.0,0.2740192129319251,0.0,0.0,0.25168874148617465,0.23840251643636978,0.23512392805484594,0.2714467254772436,0.0,0.22432850499710144,0.0,0.0,0.0,0.0,0.0,0.0,0.0,0.23750071393987965,0.0,0.0,0.0,0.2740340099718781,0.0,0.0,0.0,0.26424520695658926,0.0,0.0,0.0,0.0
0.0,0.0,0.19969976774107362,0.127164189925231,0.20840671345001743,0.23995862167662457,0.2338984802789249,0.0,0.18223988502590674,0.0,0.1948571230256896,0.20258167856728246,0.21981826536212534,0.10690776621777497,0.0,0.0,0.0,0.18149301077797564,0.2003524645524641,0.259099167762718,0.0,0.0,0.2323614865001489,0.0,0.0,0.0,0.2554109539878694,0.22001292814061074,0.2516554992867305,0.2380669134898673,0.24329622232571352,0.19933533315054366,0.0,0.209673928514802,0.2145211263846852,0.14324092547469439,0.0,0.21453861679818437,0.0,0.0,0.0,0.0,0.0,0.0,0.0,0.0,0.0,0.0,0.0,0.0,0.21358627238671427,0.0,0.0,0.0,0.0,0.0,0.0,0.0,0.0,0.0,0.0,0.0,0.0,0.0,0.0,0.0,0.0,0.0,0.0,0.0,0.0,0.22360379535474895,0.0,0.0,0.0,0.0
0.0,0.0,0.20704273857882644,0.0,0.0,0.19698006094073203,0.0,0.0,0.1272852737947916,0.1721948526024601,0.0,0.14688736177765377,0.21666197397172743,0.0,0.0,0.0,0.19042210077466257,0.1721853221600351,0.0,0.0,0.0,0.0,0.20965271971147792,0.15138108937721742,0.18883298311140503,0.20046540179753441,0.2126403580715959,0.23723255733650297,0.2232790638287783,0.23694479395196202,0.21380948084450688,0.1980752687429037,0.1476802216800154,0.17320197526887038,0.18650684311939889,0.2130363298928549,0.21453861679818437,0.0,0.17416832464155674,0.1408949100924453,0.18056071903990975,0.1843426433600084,0.0,0.0,0.13989911944672154,0.0,0.0,0.0,0.0,0.0,0.0,0.0,0.0,0.0,0.22529062033762468,0.0,0.2298813344661639,0.0,0.0,0.0,0.0,0.0,0.0,0.0,0.0,0.0,0.0,0.0,0.0,0.26727825370089414,0.2704735653666427,0.0,0.0,0.0,0.0,0.0
