0.0,0.2585773845701766,0.22022460049129186,0.0,0.0,0.25787894726205973,0.20228020768334276,0.35481636148266443,0.0,0.27366235164868025,0.0,0.2772123240379661,0.24251398116748882,0.0,0.2517526207413585,0.26575260762472575,0.23169524725448512,0.23733934316307612,0.0,0.27750764597472244,0.300759404533282,0.2596536745664735,0.3122946735149727,0.286239236656158,0.2359227336005749,0.24164307766727985,0.28141480953949377,0.24370683233667195,0.2689349566491744,0.0,0.24572234969569692,0.27063824926075347,0.21169115457950152,0.24101394247813088,0.25491241302941114,0.0,0.0,0.0,0.29707525231382353,0.262909822297251,0.263830029582004,0.0,0.0,0.0,0.0,0.2521773834182032,0.31048947712951847,0.0,0.0,0.0,0.0,0.0,0.0,0.0,0.0,0.0,0.0,0.0,0.0,0.0,0.29162332216676856,0.0,0.28446635280776594,0.0,0.0,0.0,0.30465287367019933,0.0,0.0,0.28874986636987954,0.2913119772769552,0.0,0.0,0.0,0.0,0.25232204786790846
0.2585773845701766,0.0,0.0,0.0,0.25557033415843733,0.26669815722118256,0.2872012158803366,0.3151085628226766,0.24795077130954676,0.0,0.0,0.0,0.29725327311011224,0.0,0.2679212553264494,0.2591675325849547,0.0,0.26044877978194264,0.0,0.2904695159697947,0.2594190079272472,0.2670961009020822,0.27092109679458604,0.0,0.22662479368509642,0.2647312317277014,0.2699476667815209,0.30237316604102,0.2871127433335896,0.0,0.24967741110606614,0.27524628911830945,0.22440704454384336,0.25372539527284926,0.27247394792327323,0.0,0.0,0.0,0.3027331486730423,0.29278037521511036,0.2931180407588362,0.31920181167551664,0.0,0.0,0.0,0.2914085004865678,0.31266061443750853,0.0,0.0,0.0,0.2679784959214202,0.22240573743133452,0.0,0.0,0.0,0.0,0.0,0.20631196989172856,0.0,0.32291378897040157,0.30149763353579717,0.0,0.2901259365017128,0.0,0.2931405372254628,0.2934969961305427,0.3117881583710188,0.27743553432016854,0.0,0.3027165311743511,0.31593553682245673,0.2880342439724919,0.21452597455591757,0.30167571294036566,0.0,0.2878505234308264
0.22022460049129186,0.0,0.0,0.22440937234629962,0.26308689942255964,0.2580095124978284,0.2888736036737808,0.2951933112487414,0.22124629605108043,0.28540394302241573,0.21572260224420406,0.24594052160389515,0.3008319137517172,0.25104921475911585,0.0,0.0,0.0,0.0,0.21154280869609401,0.0,0.0,0.0,0.22731294642788435,0.0,0.0,0.21859260383763154,0.22694125304730506,0.31222578747375107,0.25286145610501487,0.2971645592104866,0.3200361913612657,0.28615145739179976,0.23386647503740088,0.31664817614146845,0.30276537362112116,0.25676820683263074,0.29382800738304904,0.2422915574222453,0.33571482251307566,0.0,0.29685947628312453,0.21551432176445132,0.3399841735140745,0.0,0.0,0.0,0.0,0.2973384030512725,0.0,0.323871725452957,0.3621144897517342,0.3415965605485111,0.3637881820309547,0.37992524442498987,0.0,0.2805566769393949,0.0,0.31326130284056164,0.3458996389894852,0.0,0.0,0.0,0.0,0.28403117141170353,0.0,0.0,0.0,0.3708712587053824,0.0,0.0,0.0,0.36572168662885535,0.2969660374001796,0.0,0.0,0.3134334954548213
0.0,0.0,0.22440937234629962,0.0,0.14841944428046444,0.26494437884044914,0.19223934273370713,0.21887916567370463,0.2709807316790517,0.0,0.21184883266913224,0.19258020446822904,0.2148848035939331,0.1647469420347978,0.0,0.0,0.0,0.0,0.2296054453409605,0.2897828990400703,0.0,0.31981258343787866,0.2498115466263069,0.0,0.0,0.0,0.2692624703347927,0.1544773301600006,0.0,0.0,0.0,0.18011781828120918,0.0,0.17627543172224477,0.18441316252599504,0.13531714216333893,0.12344020057161204,0.0,0.0,0.0,0.0,0.0,0.0,0.0,0.0,0.0,0.0,0.0,0.0,0.0,0.0,0.0,0.0,0.0,0.0,0.0,0.17036821250613737,0.0,0.0,0.0,0.0,0.0,0.0,0.0,0.0,0.0,0.0,0.0,0.0,0.0,0.0,0.0,0.0,0.0,0.0,0.0
0.0,0.25557033415843733,0.26308689942255964,0.14841944428046444,0.0,0.25598922442400446,0.22164347516016256,0.252925026033498,0.23934263695650565,0.3008621625210788,0.22138735154055572,0.2821665978924912,0.26964642641553604,0.159141854453523,0.0,0.27925530404483956,0.0,0.24254457039345165,0.25626416869708113,0.28327475406362523,0.0,0.2937525889452033,0.262864033350744,0.27689666310614297,0.2370733470438595,0.24494595698241084,0.26104443814532446,0.2720866262062513,0.2754649962905665,0.0,0.30548062387202185,0.2347216859461763,0.24684696978824214,0.29906660233522503,0.26773222512155087,0.16146287379833854,0.2103020801346537,0.25909360351819644,0.28440008336199335,0.3551743348091896,0.0,0.0,0.0,0.0,0.0,0.0,0.0,0.35653252453376544,0.0,0.0,0.3081390108086084,0.26792740409447224,0.0,0.32765225709327633,0.0,0.28853974230985496,0.0,0.22777182967467127,0.2575513120746122,0.0,0.0,0.0,0.0,0.33072013103929415,0.0,0.0,0.0,0.3446970276520845,0.0,0.0,0.0,0.32527917807962226,0.24293030175201696,0.2418828237454715,0.0,0.0
0.25787894726205973,0.26669815722118256,0.2580095124978284,0.26494437884044914,0.25598922442400446,0.0,0.2703029589729732,0.25447522897464225,0.22554553949850512,0.30619407918640695,0.26083617126249936,0.2580845262304157,0.24656725268799434,0.26165980809689354,0.2803042932749572,0.2932179298461286,0.21804438790309005,0.27539332182181886,0.28841421620404384,0.2714005478819842,0.2526947382221167,0.2846238782096052,0.25353175973732756,0.24244842026080343,0.2456423954828615,0.27276337939054895,0.2528823499806654,0.258399863496211,0.23862469195924374,0.27755737540881326,0.2776024135831804,0.2689045760115967,0.24822591230035096,0.2874764507133649,0.2831752587523588,0.2909052062574512,0.28763467976796553,0.2515162369420779,0.31803748068797344,0.23707541746287122,0.3113412836315178,0.2602446107644575,0.30891736438272066,0.2282673145295587,0.0,0.0,0.22657381515049582,0.3531739683808384,0.0,0.2944715249132704,0.3273862900410236,0.31608979509658697,0.29766676715609597,0.3582999813975972,0.22289240002481703,0.30689440552841335,0.0,0.3040685432899769,0.0,0.27162786021864554,0.20063701768921563,0.0,0.0,0.33872465550810754,0.2838832656073288,0.26574806551401053,0.26585783252058864,0.3321916402318372,0.0,0.21162793682863382,0.260135653094794,0.32756111768365653,0.313630874327823,0.31721940594843184,0.3133578100209375,0.3285390955167534
0.20228020768334276,0.2872012158803366,0.2888736036737808,0.19223934273370713,0.22164347516016256,0.2703029589729732,0.0,0.28349075128972795,0.26866270472978515,0.29422004406395286,0.28102153285644516,0.27164638295827637,0.23290107601700843,0.22762865700896157,0.28753252296858706,0.3113267947047749,0.260769784653127,0.28768780708502706,0.29483871254669003,0.2950994827007971,0.2624243518759648,0.30823116425224345,0.2755600285757274,0.2943693762635744,0.2563918252233944,0.2752279344682433,0.2764244633328416,0.27129019169406265,0.2859812564615365,0.29819234020214314,0.29465641610306076,0.2551801851281801,0.26881366331071965,0.27755888334406925,0.2610192304731678,0.2095845664918114,0.23981620468666753,0.2642095563602607,0.25288855525354054,0.0,0.2626015565089517,0.0,0.0,0.0,0.0,0.0,0.23232998996065085,0.31445383296995594,0.0,0.264977550938232,0.2917158512426527,0.26318072447863494,0.26921768111326494,0.2958901262356219,0.2778013225981144,0.0,0.27744931698295877,0.23867095983602016,0.0,0.0,0.0,0.0,0.0,0.2922764976266679,0.2539528623107668,0.0,0.23363356688364612,0.33267894358193384,0.0,0.22275039817506093,0.2242682661535076,0.3136828823068463,0.2411483601507482,0.25371076483085087,0.0,0.252684209963073
0.35481636148266443,0.3151085628226766,0.2951933112487414,0.21887916567370463,0.252925026033498,0.25447522897464225,0.28349075128972795,0.0,0.3188670187443439,0.3012189232390736,0.22055208612937455,0.30205601097192375,0.28136452625558556,0.2299431991810703,0.0,0.3078551032725862,0.0,0.3154333562415651,0.2718906478314459,0.2726849127971849,0.29576220117260366,0.2804916817961128,0.229891519254357,0.35888857628128124,0.3313856128014761,0.3308032357172983,0.2793644150731555,0.2839462216921487,0.26340549420644715,0.2791792551604075,0.2985692373803515,0.25619384859235117,0.2855498993413262,0.29789280579561245,0.2859641410035706,0.20726536218291053,0.27278924752743977,0.22112052492610101,0.3061550708124784,0.0,0.3351918576608553,0.0,0.2887882913515468,0.0,0.0,0.0,0.0,0.36451823899787794,0.0,0.3320685682858751,0.31504203488519256,0.30496984035595776,0.28259290264337833,0.3656463179474375,0.0,0.30271650193377336,0.0,0.2896828532001653,0.3330958732114975,0.0,0.0,0.0,0.0,0.33557330822299375,0.0,0.29781774285595425,0.0,0.32216692079820036,0.0,0.0,0.0,0.33742353948574366,0.30124492040927103,0.2902649319704315,0.0,0.3215703509583865
0.0,0.24795077130954676,0.22124629605108043,0.2709807316790517,0.23934263695650565,0.22554553949850512,0.26866270472978515,0.3188670187443439,0.0,0.31626423277175303,0.23452670843564472,0.2804602620767354,0.28090223581445894,0.2562694970550353,0.0,0.28835103003525286,0.0,0.23615923661759955,0.2027057668671744,0.279723730392792,0.20716638139916196,0.27680898898454753,0.2705611251753596,0.26796085770721323,0.19907109688505906,0.25475432071933324,0.2394287477936777,0.3046981858742876,0.257122453384599,0.29294129257109497,0.31731172822835724,0.28733233115591916,0.272314364548928,0.3142877064279869,0.3022688487837919,0.2747909254216366,0.29585787592628787,0.2950128413887634,0.285680882080824,0.2331831459826794,0.21628537278960738,0.19071324598125378,0.34764982453635,0.0,0.0,0.0,0.0,0.37723019535748675,0.0,0.32888036139030263,0.3610542113245988,0.3263506439296389,0.37299701023441384,0.3696111921919639,0.2287330254864622,0.34873110417841136,0.2605393724451796,0.28426601363594695,0.3541018486087324,0.0,0.0,0.0,0.0,0.3598163355611375,0.0,0.0,0.0,0.3716746439478694,0.0,0.0,0.20524795314417718,0.36767131973614603,0.2768448351377267,0.0,0.0,0.2649801226932089
0.27366235164868025,0.0,0.28540394302241573,0.0,0.3008621625210788,0.30619407918640695,0.29422004406395286,0.3012189232390736,0.31626423277175303,0.0,0.3014011922261928,0.18848740915918313,0.290347370034938,0.24966311656280402,0.0,0.2038861695295057,0.21594474332448962,0.21098923950173212,0.29489187301459013,0.0,0.0,0.2311793975702532,0.3021523759258227,0.20675828445138422,0.2157865716940187,0.2330138559489298,0.28563843808099953,0.28601325598515714,0.0,0.0,0.22448281411277032,0.24691788649788032,0.19613304857731376,0.21791737403172834,0.22865904849108867,0.25979059577836405,0.21293535840775557,0.18661732323339772,0.21400979457948346,0.21165726369475701,0.23533216177587823,0.2884192024584873,0.0,0.0,0.2126375856518512,0.25819969607630044,0.23773712432566096,0.0,0.0,0.32368167857485075,0.20558286510534676,0.2597755429907211,0.0,0.22440495236636726,0.25927877818099293,0.23383449209756668,0.2598842821677723,0.26160622556488333,0.0,0.0,0.23241765091118366,0.24480505706684835,0.24724243908090926,0.23099907412081694,0.0,0.0,0.0,0.24993933080426284,0.242245798613295,0.25517841367586025,0.26627705841448673,0.24256065784554812,0.2706780350152233,0.0,0.0,0.25506245030132724
0.0,0.0,0.21572260224420406,0.21184883266913224,0.22138735154055572,0.26083617126249936,0.28102153285644516,0.22055208612937455,0.23452670843564472,0.3014011922261928,0.0,0.2710202452068651,0.2949384808424418,0.18962270541453466,0.0,0.0,0.25087180191747904,0.0,0.17698414466718665,0.0,0.0,0.0,0.19263676251908154,0.2874654944565081,0.0,0.22279011610298718,0.2653455628896599,0.2911422599778802,0.0,0.0,0.3144694832460153,0.24413589130589214,0.253365527632833,0.3016518097630902,0.28253326646629795,0.20327731654823789,0.25923140940501294,0.26614375671039975,0.0,0.0,0.0,0.0,0.0,0.0,0.0,0.0,0.0,0.28139575368757586,0.0,0.0,0.30117465724494047,0.23829801199458142,0.2966318476861013,0.3485607505200713,0.2402090185123518,0.19484952704021782,0.0,0.21886713636209879,0.28620177960727533,0.0,0.0,0.0,0.0,0.16515471561188527,0.0,0.0,0.0,0.27480860077524344,0.0,0.0,0.0,0.29761860433079335,0.20325504206654765,0.0,0.0,0.0
0.2772123240379661,0.0,0.24594052160389515,0.19258020446822904,0.2821665978924912,0.2580845262304157,0.27164638295827637,0.30205601097192375,0.2804602620767354,0.18848740915918313,0.2710202452068651,0.0,0.3018318596980478,0.0,0.0,0.18733249841319224,0.2340820875470091,0.21943677098517056,0.2596432013343599,0.0,0.2944258594866353,0.0,0.2855359726058654,0.19665181041900387,0.22962709429233305,0.21922472896956816,0.24182729235462744,0.2822637121189328,0.0,0.0,0.2459647635940855,0.18865478604410463,0.18718708846453114,0.19324263611200274,0.21482274241911933,0.215594951559563,0.22776634045006666,0.1620231350898889,0.2857392428199096,0.2205391060981255,0.24343834537919784,0.2616372136681045,0.0,0.0,0.20642694623769303,0.0,0.0,0.0,0.0,0.0,0.0,0.0,0.0,0.3028125576221472,0.26910684113872946,0.27132092970627647,0.267612652769909,0.2662440244012577,0.0,0.0,0.23663501220385602,0.2234063802899905,0.2505653305527254,0.0,0.0,0.0,0.0,0.0,0.24113732043441374,0.25904094771835745,0.27005552716743353,0.0,0.27339478292814995,0.0,0.0,0.2618543237804205
0.24251398116748882,0.29725327311011224,0.3008319137517172,0.2148848035939331,0.26964642641553604,0.24656725268799434,0.23290107601700843,0.28136452625558556,0.28090223581445894,0.290347370034938,0.2949384808424418,0.3018318596980478,0.0,0.2394031881079384,0.28916236287747255,0.31227420560417035,0.27852992619302513,0.29078319578425504,0.3039194439003218,0.29249694442158664,0.2781803493508373,0.31134543724294933,0.2773996001249656,0.31554390588178916,0.2790811338835232,0.28796971291585416,0.28131258038860707,0.22818023923687497,0.26101032542227987,0.24168568173750618,0.28198660843604784,0.2573730796639274,0.26324913387356125,0.2773056536864108,0.2683653598005851,0.21762833088233766,0.2366147919959995,0.2695349070086962,0.3038355455411499,0.26525694660547133,0.24565695073603522,0.2837469593442427,0.2912516636897319,0.0,0.0,0.0,0.21493579997935622,0.3163755592417853,0.0,0.24481789359468586,0.2871702919182397,0.25793829660123124,0.30879265807313644,0.2788179374762961,0.26118556334468035,0.27964295589768345,0.2738924199193956,0.24140328781348394,0.0,0.238809325419529,0.20712574669480585,0.0,0.0,0.28814444350078794,0.2819089366180108,0.2564173579463467,0.2268704363217407,0.33461114470998854,0.32878629324982706,0.22413579344482507,0.24477394877149208,0.32525937727144705,0.27975874208347096,0.29534810364925673,0.0,0.26384778364738426
0.0,0.0,0.25104921475911585,0.1647469420347978,0.159141854453523,0.26165980809689354,0.22762865700896157,0.2299431991810703,0.2562694970550353,0.24966311656280402,0.18962270541453466,0.0,0.2394031881079384,0.0,0.0,0.0,0.0,0.0,0.23221270520590911,0.0,0.2992934666715505,0.0,0.2332313462102628,0.0,0.0,0.0,0.2672610750785143,0.1533497159984155,0.0,0.0,0.0,0.13018953918662632,0.2713249606446349,0.2596114450830057,0.0,0.11023858279242242,0.12474583292561625,0.0,0.0,0.0,0.0,0.0,0.2924810026918034,0.0,0.0,0.0,0.0,0.33359276086067624,0.0,0.0,0.0,0.0,0.0,0.0,0.0,0.279281766073917,0.0,0.0,0.0,0.0,0.0,0.0,0.0,0.25187225472690916,0.0,0.0,0.0,0.33066086162186825,0.0,0.0,0.0,0.31157930013471524,0.0,0.0,0.0,0.0
0.2517526207413585,0.2679212553264494,0.0,0.0,0.0,0.2803042932749572,0.28753252296858706,0.0,0.0,0.0,0.0,0.0,0.28916236287747255,0.0,0.0,0.27848915355708587,0.0,0.2631336819361468,0.0,0.266807430954663,0.2707889553419585,0.25607017212014976,0.26466070495306465,0.3073554857962651,0.2479606409095813,0.2630086873845913,0.2930761285459073,0.2837302086336254,0.2709450167529143,0.2598727304092054,0.26904039910270233,0.2785137200182074,0.2532900426463085,0.2771588100603712,0.3015186140616249,0.34101257996883977,0.3064808744859532,0.0,0.31947350834573246,0.31696404696684205,0.3254850965914617,0.3511699758405533,0.3433384854226777,0.2365771710718258,0.0,0.0,0.33535918690407956,0.0,0.0,0.0,0.3037725975299943,0.23448296746746547,0.0,0.0,0.0,0.0,0.22263793080804437,0.2686882428306777,0.0,0.31707393649998217,0.2923960768760089,0.0,0.22793660429650928,0.0,0.2860223113448545,0.3148212861079506,0.3419862389876285,0.31822071267137253,0.0,0.2526884286153423,0.33940473558687606,0.3055033416188817,0.3139181989785515,0.3146276929769782,0.0,0.30032867720093037
0.26575260762472575,0.2591675325849547,0.0,0.0,0.27925530404483956,0.2932179298461286,0.3113267947047749,0.3078551032725862,0.28835103003525286,0.2038861695295057,0.0,0.18733249841319224,0.31227420560417035,0.0,0.27848915355708587,0.0,0.23019185851383003,0.21705862090044414,0.0,0.2671224718306829,0.2689488002400692,0.26606928276733766,0.2914495182746504,0.228398246021274,0.23725140241058157,0.27069529275992815,0.2895601930987647,0.30225671395179443,0.29456730697784217,0.2653579266237141,0.25695250377211104,0.28866782047400424,0.24303527133897318,0.2600924790261542,0.2857202374533101,0.0,0.0,0.0,0.2990385045540086,0.2747070439606519,0.2826799401212363,0.3138707994333999,0.0,0.0,0.0,0.2822606281077984,0.3101636798725938,0.0,0.0,0.0,0.22423197857886912,0.23422458105515062,0.0,0.0,0.0,0.0,0.0,0.2264947359651656,0.0,0.299804576351934,0.2913797924137416,0.19659274456004577,0.27287199183414923,0.0,0.27871287168041187,0.2801032404751924,0.30526624128190816,0.26673397259342974,0.27394460794290043,0.28276419268545133,0.2995398183677333,0.27700902019486884,0.218685144092024,0.26142286116121444,0.0,0.28031329784854564
0.23169524725448512,0.0,0.0,0.0,0.0,0.21804438790309005,0.260769784653127,0.0,0.0,0.21594474332448962,0.25087180191747904,0.2340820875470091,0.27852992619302513,0.0,0.0,0.23019185851383003,0.0,0.2195859861507871,0.0,0.21429309099838315,0.0,0.23364849969004242,0.22438263178870463,0.23640981268063116,0.22384789209878317,0.22407891503852176,0.0,0.2695007286180005,0.22972447440196825,0.19387765749431524,0.24420320071615453,0.2835844228150446,0.22768668352770077,0.2549632500680183,0.26717797119237746,0.0,0.0,0.2196514662449331,0.28081994680798295,0.25312548223812303,0.24585378153629406,0.0,0.0,0.0,0.0,0.0,0.26086003291794296,0.0,0.0,0.0,0.0,0.0,0.0,0.0,0.27000597485296596,0.0,0.2571598518710561,0.0,0.0,0.0,0.24114942430353165,0.24542562804858364,0.24152611212496897,0.0,0.0,0.0,0.0,0.0,0.2588964605309692,0.26920793099550583,0.27308545853732613,0.0,0.0,0.0,0.0,0.24829470515753985
0.23733934316307612,0.26044877978194264,0.0,0.0,0.24254457039345165,0.27539332182181886,0.28768780708502706,0.3154333562415651,0.23615923661759955,0.21098923950173212,0.0,0.21943677098517056,0.29078319578425504,0.0,0.2631336819361468,0.21705862090044414,0.2195859861507871,0.0,0.0,0.26962065880918773,0.277244462534097,0.272737617865136,0.2889560238887535,0.22474282445693544,0.2155824513385218,0.23921335470602909,0.2778160896601855,0.2851463845781158,0.2907748272640843,0.251700835205138,0.25106225629770035,0.27365055130816623,0.22298392162914538,0.25616310970160217,0.2653990066560526,0.0,0.0,0.0,0.2859788103452728,0.2584266033057042,0.2695738231520791,0.2866191250624513,0.0,0.0,0.0,0.25716104395637346,0.2902043625292139,0.0,0.0,0.0,0.20785064232856557,0.0,0.0,0.0,0.24726566439814066,0.0,0.25497959154776395,0.20662272140801505,0.0,0.25335721563447106,0.26916855245924975,0.26482612424380514,0.2602493165364565,0.0,0.21259565019920057,0.0,0.27125125842093717,0.0,0.21260567893420956,0.26480944838265774,0.2679706977559087,0.0,0.20863565875394544,0.21268672457115045,0.0,0.26964872555165176
0.0,0.0,0.21154280869609401,0.2296054453409605,0.25626416869708113,0.28841421620404384,0.29483871254669003,0.2718906478314459,0.2027057668671744,0.29489187301459013,0.17698414466718665,0.2596432013343599,0.3039194439003218,0.23221270520590911,0.0,0.0,0.0,0.0,0.0,0.0,0.0,0.0,0.168546257401743,0.24538492310148588,0.0,0.0,0.2745928403080833,0.30454481788173443,0.0,0.0,0.31505438824633447,0.27335740754492355,0.26437331088995547,0.30981016220056207,0.2988268154832122,0.23503574256151888,0.27639452700467093,0.2576728855307251,0.0,0.0,0.0,0.0,0.3078143553571025,0.0,0.0,0.0,0.0,0.2757847944381997,0.0,0.30395472128991485,0.3491303757730267,0.3236175210058954,0.34390976798848616,0.3730680542324799,0.0,0.3342728635793716,0.23788957935635963,0.31627656553515177,0.3228547224705892,0.0,0.0,0.0,0.0,0.338530425040876,0.0,0.0,0.0,0.36223377366601395,0.0,0.0,0.0,0.35507530110671065,0.2707253667745772,0.0,0.0,0.31027479818260856
0.27750764597472244,0.2904695159697947,0.0,0.2897828990400703,0.28327475406362523,0.2714005478819842,0.2950994827007971,0.2726849127971849,0.279723730392792,0.0,0.0,0.0,0.29249694442158664,0.0,0.266807430954663,0.2671224718306829,0.21429309099838315,0.26962065880918773,0.0,0.0,0.28562332943722557,0.2647464372200024,0.2225285894183668,0.0,0.2563811423705473,0.29515046265549066,0.24440368361490644,0.27391073584917663,0.22249673582836033,0.2486690665788794,0.25095366549368586,0.2895260484287787,0.24658902009548692,0.2792483537393216,0.30903377808072036,0.3300306273901869,0.32356806222804596,0.24534498012841038,0.3220359722055099,0.2990152578778942,0.30945482910487937,0.31972065733592253,0.28985045102023804,0.20726844709090353,0.0,0.0,0.3119663345259971,0.0,0.0,0.0,0.29304922462020166,0.23439322909045285,0.3299947474035024,0.0,0.0,0.0,0.0,0.26324624947647446,0.0,0.3204163363440047,0.2257195429854238,0.0,0.0,0.0,0.3114531715196972,0.3060985100900595,0.3301746227266625,0.32146647776200593,0.0,0.19049628866790605,0.3360196605563511,0.3260885970311272,0.313409963351353,0.30297899746132967,0.27692897438117314,0.3036741541529712
0.300759404533282,0.2594190079272472,0.0,0.0,0.0,0.2526947382221167,0.2624243518759648,0.29576220117260366,0.20716638139916196,0.0,0.0,0.2944258594866353,0.2781803493508373,0.2992934666715505,0.2707889553419585,0.2689488002400692,0.0,0.277244462534097,0.0,0.28562332943722557,0.0,0.27540970082882066,0.2558564162520165,0.34059565991277857,0.2793817291458501,0.2816609931973083,0.27814936600542556,0.28596809523841754,0.2642508129185349,0.26660892960153604,0.262394294350455,0.27484645777440964,0.24610446993142474,0.27101351887134634,0.29205758459666714,0.3264137083091346,0.2815551321184149,0.0,0.30818024319483406,0.26187646766038775,0.31535254775418503,0.3374830934223606,0.0,0.0,0.0,0.29973201959643647,0.3178348504594915,0.0,0.0,0.0,0.29134285124581544,0.0,0.28044476893408765,0.0,0.0,0.0,0.0,0.26539740121825417,0.0,0.3005320924650091,0.3028696042435013,0.0,0.0,0.0,0.29311774870460905,0.24291801732363372,0.3233476527101026,0.2962063260969962,0.0,0.0,0.3172511310347169,0.3104148668203902,0.3097256274946829,0.3016238221045565,0.30208362976364966,0.29351506224327956
0.2596536745664735,0.2670961009020822,0.0,0.31981258343787866,0.2937525889452033,0.2846238782096052,0.30823116425224345,0.2804916817961128,0.27680898898454753,0.2311793975702532,0.0,0.0,0.31134543724294933,0.0,0.25607017212014976,0.26606928276733766,0.23364849969004242,0.272737617865136,0.0,0.2647464372200024,0.27540970082882066,0.0,0.28924943735914793,0.23525238115308644,0.2570631422639843,0.27143595463755715,0.2887340041328376,0.30210741034346517,0.2690478995119632,0.2621660903380113,0.2509146894820657,0.2809319931484529,0.2606807597849438,0.27185058601916745,0.2995501073263335,0.330744919870597,0.3202956918770552,0.20618102358862922,0.32533907022963693,0.3149172960320315,0.3208767459584396,0.34719649313848283,0.34310522292281187,0.0,0.0,0.2852189380550268,0.3207925248077418,0.0,0.0,0.0,0.28330320731735936,0.20999556245423065,0.0,0.0,0.0,0.0,0.0,0.21975267210642538,0.0,0.3419923475537673,0.29806485252315545,0.0,0.25277589338250617,0.0,0.3174754278776102,0.31780765315640147,0.33476018231776716,0.32354247962899896,0.0,0.27233525716364987,0.33635280239648013,0.3026351707491658,0.2630368732490677,0.3057525357733096,0.0,0.30494367652011334
0.3122946735149727,0.27092109679458604,0.22731294642788435,0.2498115466263069,0.262864033350744,0.25353175973732756,0.2755600285757274,0.229891519254357,0.2705611251753596,0.3021523759258227,0.19263676251908154,0.2855359726058654,0.2773996001249656,0.2332313462102628,0.26466070495306465,0.2914495182746504,0.22438263178870463,0.2889560238887535,0.168546257401743,0.2225285894183668,0.2558564162520165,0.28924943735914793,0.0,0.3388441190026396,0.2922735498729587,0.2966360275065257,0.21852211529189505,0.2809270913653894,0.2648786778199803,0.2709456145353525,0.27543164029422107,0.26821621817256697,0.2376826654146403,0.2877026722769346,0.2848117289479804,0.2519341761060481,0.2809759067482018,0.24008888472557566,0.3272775413224528,0.3300014824127135,0.34541796093758087,0.3355332668392754,0.3226249236442557,0.2844708500377304,0.0,0.0,0.29692651638983836,0.37084352245178487,0.0,0.33126133348905495,0.3348656990702862,0.34399573323115545,0.2977939615990377,0.3721673423529418,0.2739258175228814,0.3335235200066004,0.0,0.3271291068282953,0.3347590639862847,0.3118157496599345,0.2371984257620775,0.0,0.0,0.3585166778205215,0.31933801991776334,0.31879306202850505,0.309717515802478,0.34020108005436417,0.0,0.21669994886784108,0.312044180271799,0.3374950543691027,0.3315289462434125,0.32536047501936877,0.33893369725046096,0.3431951525051774
0.286239236656158,0.0,0.0,0.0,0.27689666310614297,0.24244842026080343,0.2943693762635744,0.35888857628128124,0.26796085770721323,0.20675828445138422,0.2874654944565081,0.19665181041900387,0.31554390588178916,0.0,0.3073554857962651,0.228398246021274,0.23640981268063116,0.22474282445693544,0.24538492310148588,0.0,0.34059565991277857,0.23525238115308644,0.3388441190026396,0.0,0.22894842342306868,0.22277938486359178,0.2600045909266393,0.289728399034893,0.0,0.0,0.24058411134103272,0.20928716745893478,0.17358784030833138,0.1870983000239572,0.22183044370573338,0.0,0.22349011332115845,0.18209501287803403,0.0,0.22419250149121994,0.2449256937174289,0.0,0.0,0.0,0.21796982371031914,0.27515156047849154,0.0,0.0,0.0,0.0,0.0,0.0,0.0,0.0,0.2631309120693545,0.0,0.25518752362561103,0.2900309521747631,0.0,0.0,0.28357310272038766,0.2623523997709266,0.27919862090951225,0.0,0.0,0.0,0.0,0.0,0.266232692759302,0.2760647999670784,0.28012401524188174,0.0,0.3223858394037108,0.0,0.0,0.27993210837446
0.2359227336005749,0.22662479368509642,0.0,0.0,0.2370733470438595,0.2456423954828615,0.2563918252233944,0.3313856128014761,0.19907109688505906,0.2157865716940187,0.0,0.22962709429233305,0.2790811338835232,0.0,0.2479606409095813,0.23725140241058157,0.22384789209878317,0.2155824513385218,0.0,0.2563811423705473,0.2793817291458501,0.2570631422639843,0.2922735498729587,0.22894842342306868,0.0,0.2370136167394938,0.2498251143926482,0.2770806749977104,0.2656496570920318,0.0,0.24892768150372274,0.2662428647432428,0.20793850919848245,0.24118581644230003,0.25634100141974914,0.0,0.0,0.17963684270549155,0.2911553795644777,0.263841586362483,0.2750119416567922,0.29651896926089766,0.0,0.0,0.0,0.26162159581145567,0.29975352837542807,0.0,0.0,0.0,0.20530089872041807,0.20429429911999059,0.0,0.0,0.26465248948001113,0.0,0.2713827730361094,0.22905494074101493,0.0,0.2805197872224469,0.28132121755764417,0.26421822504229614,0.26904426814076104,0.0,0.2653418313253006,0.0,0.2669099254555967,0.21124965231613663,0.25817773623193563,0.2755369863614296,0.27954079849229696,0.2187648112163777,0.244231716906642,0.2650252250121848,0.0,0.27496816362609794
0.24164307766727985,0.2647312317277014,0.21859260383763154,0.0,0.24494595698241084,0.27276337939054895,0.2752279344682433,0.3308032357172983,0.25475432071933324,0.2330138559489298,0.22279011610298718,0.21922472896956816,0.28796971291585416,0.0,0.2630086873845913,0.27069529275992815,0.22407891503852176,0.23921335470602909,0.0,0.29515046265549066,0.2816609931973083,0.27143595463755715,0.2966360275065257,0.22277938486359178,0.2370136167394938,0.0,0.29249214950605756,0.26971126023941644,0.2771541643219091,0.20182200189020982,0.25528928950956614,0.2781628865080647,0.22869979754948586,0.2545936863951337,0.276349155197669,0.0,0.0,0.22126213260818622,0.3065983713360566,0.2723977204754142,0.28738019330444914,0.3172617596873149,0.0,0.0,0.0,0.2800679553931765,0.3203125165950698,0.0,0.0,0.0,0.2728444979657612,0.22269068102790845,0.0,0.0,0.26005264127840505,0.0,0.2665843594165679,0.2461917130698547,0.0,0.3255475724187504,0.29742617981688085,0.27556802215078596,0.2761866458974699,0.0,0.29375549652188393,0.3103243705332948,0.3272605769578793,0.3037586724102071,0.2709551277891743,0.2814271220237755,0.3013623429394737,0.2998433313096477,0.26805786960579053,0.29125046442227265,0.0,0.28891242186957317
0.28141480953949377,0.2699476667815209,0.22694125304730506,0.2692624703347927,0.26104443814532446,0.2528823499806654,0.2764244633328416,0.2793644150731555,0.2394287477936777,0.28563843808099953,0.2653455628896599,0.24182729235462744,0.28131258038860707,0.2672610750785143,0.2930761285459073,0.2895601930987647,0.0,0.2778160896601855,0.2745928403080833,0.24440368361490644,0.27814936600542556,0.2887340041328376,0.21852211529189505,0.2600045909266393,0.2498251143926482,0.29249214950605756,0.0,0.28183623217437176,0.2432061027026292,0.2627269409869959,0.2640088577130073,0.27332975113409863,0.24532582382902282,0.2846174544877876,0.29365448325634674,0.2909241892392751,0.285747395975174,0.24209858190088837,0.3249626752369499,0.3105428684818344,0.33647413683744537,0.2915778387838084,0.3277874018486276,0.24067317427720694,0.0,0.0,0.2603493639578876,0.3650821396934772,0.0,0.29391078844702073,0.33039443157532067,0.3227021145654506,0.3221735712096868,0.36734349778358755,0.229844570521076,0.33855267186590116,0.0,0.29721594312579197,0.33234286510427946,0.305902297909651,0.22470753582274525,0.0,0.0,0.3397594487226429,0.3085057998163652,0.3055948779505184,0.27816111978296515,0.33497619370320914,0.0,0.0,0.3037093197974493,0.330218018158518,0.32139569336510687,0.31689588449963924,0.3232182266532633,0.3274645132253625
0.24370683233667195,0.30237316604102,0.31222578747375107,0.1544773301600006,0.2720866262062513,0.258399863496211,0.27129019169406265,0.2839462216921487,0.3046981858742876,0.28601325598515714,0.2911422599778802,0.2822637121189328,0.22818023923687497,0.1533497159984155,0.2837302086336254,0.30225671395179443,0.2695007286180005,0.2851463845781158,0.30454481788173443,0.27391073584917663,0.28596809523841754,0.30210741034346517,0.2809270913653894,0.289728399034893,0.2770806749977104,0.26971126023941644,0.28183623217437176,0.0,0.22725265860926935,0.20748763700315934,0.25460462079923274,0.268481982328464,0.2607801738197814,0.26247923000728607,0.23811102634349843,0.1696296968651947,0.20321913348285306,0.2647821960383183,0.3250072594029904,0.2760932660893476,0.3344308025821658,0.0,0.28806674716874786,0.25430574549146745,0.0,0.0,0.21048862760846726,0.27683311003620265,0.0,0.23192510360107885,0.3233701577695852,0.24446586493128772,0.3000369944894191,0.26420786817879094,0.2822538301569874,0.0,0.2184557394442189,0.2622666669441842,0.0,0.3058740313990297,0.20351066392966438,0.0,0.1926565652322175,0.24407457842775696,0.31826458621945797,0.3171002158643076,0.2681595304832132,0.33371095791556216,0.0,0.22014440194567234,0.2516693589751095,0.3314203194888203,0.31822761917839065,0.32653651987280136,0.28957008854716665,0.3104957655280681
0.2689349566491744,0.2871127433335896,0.25286145610501487,0.0,0.2754649962905665,0.23862469195924374,0.2859812564615365,0.26340549420644715,0.257122453384599,0.0,0.0,0.0,0.26101032542227987,0.0,0.2709450167529143,0.29456730697784217,0.22972447440196825,0.2907748272640843,0.0,0.22249673582836033,0.2642508129185349,0.2690478995119632,0.2648786778199803,0.0,0.2656496570920318,0.2771541643219091,0.2432061027026292,0.22725265860926935,0.0,0.23061893350656004,0.2406963389786062,0.2813232412251955,0.2389211201757419,0.2710403209319534,0.29857453077798946,0.31658939830201716,0.2900732950912905,0.0,0.31312882754466226,0.2669674272772066,0.31588471780186705,0.31183431334935446,0.29493408165973883,0.0,0.0,0.0,0.27008468633599997,0.27930112545281127,0.0,0.0,0.30513889751991663,0.2453479336606097,0.2908446032266917,0.2522136874526557,0.0,0.0,0.0,0.2766319101999633,0.0,0.2966746331825814,0.2174750133590241,0.0,0.2062375250472958,0.0,0.3008836663098243,0.30181804098548703,0.2998461497196007,0.31918978708400825,0.0,0.19709291776497134,0.2880048311100461,0.31754283540943457,0.312733948729277,0.3061471808242436,0.2952623861270321,0.3092591144368404
0.0,0.0,0.2971645592104866,0.0,0.0,0.27755737540881326,0.29819234020214314,0.2791792551604075,0.29294129257109497,0.0,0.0,0.0,0.24168568173750618,0.0,0.2598727304092054,0.2653579266237141,0.19387765749431524,0.251700835205138,0.0,0.2486690665788794,0.26660892960153604,0.2621660903380113,0.2709456145353525,0.0,0.0,0.20182200189020982,0.2627269409869959,0.20748763700315934,0.23061893350656004,0.0,0.2436879392616717,0.30122191900788203,0.0,0.2587131839335241,0.26396449373695313,0.2813437630480074,0.0,0.0,0.31655467425384853,0.0,0.3424871055147899,0.0,0.0,0.0,0.0,0.0,0.0,0.0,0.0,0.0,0.298733850804669,0.0,0.29440789561130615,0.0,0.0,0.0,0.0,0.0,0.0,0.0,0.0,0.0,0.0,0.0,0.34371506662820844,0.0,0.0,0.33218142912953535,0.0,0.0,0.0,0.32737584657216157,0.27903501636922834,0.3073632248647461,0.0,0.0
0.24572234969569692,0.24967741110606614,0.3200361913612657,0.0,0.30548062387202185,0.2776024135831804,0.29465641610306076,0.2985692373803515,0.31731172822835724,0.22448281411277032,0.3144694832460153,0.2459647635940855,0.28198660843604784,0.0,0.26904039910270233,0.25695250377211104,0.24420320071615453,0.25106225629770035,0.31505438824633447,0.25095366549368586,0.262394294350455,0.2509146894820657,0.27543164029422107,0.24058411134103272,0.24892768150372274,0.25528928950956614,0.2640088577130073,0.25460462079923274,0.2406963389786062,0.2436879392616717,0.0,0.2689578116758266,0.23211098227654095,0.21281828118367577,0.22174576105542335,0.28677896981441614,0.26441385400334955,0.21008339851694843,0.3043452205995116,0.27102861188220667,0.2790734210008201,0.3014298070920145,0.0,0.0,0.2464651615376379,0.26525246280486364,0.29903887670232626,0.2909649298691585,0.0,0.0,0.31715360210518434,0.24007254974985504,0.2930857181996805,0.26065437109505263,0.26143950841579916,0.0,0.269849924951577,0.22027359825927678,0.0,0.31797613755851073,0.287016141123164,0.26462999129488035,0.27545542516283644,0.24642446293306713,0.30452464598774415,0.2914880118804036,0.3116141833049992,0.3362804177170464,0.27952705526298016,0.28068608157848646,0.29614040037048345,0.3298561842577237,0.2945760627760297,0.3036310355104425,0.0,0.258245455232513
0.27063824926075347,0.27524628911830945,0.28615145739179976,0.18011781828120918,0.2347216859461763,0.2689045760115967,0.2551801851281801,0.25619384859235117,0.28733233115591916,0.24691788649788032,0.24413589130589214,0.18865478604410463,0.2573730796639274,0.13018953918662632,0.2785137200182074,0.28866782047400424,0.2835844228150446,0.27365055130816623,0.27335740754492355,0.2895260484287787,0.27484645777440964,0.2809319931484529,0.26821621817256697,0.20928716745893478,0.2662428647432428,0.2781628865080647,0.27332975113409863,0.268481982328464,0.2813232412251955,0.30122191900788203,0.2689578116758266,0.0,0.2438632796875417,0.2473935933574661,0.24881262761706663,0.18176404657190393,0.207980647170351,0.18599211768326604,0.21080380286554834,0.21423602480857093,0.22495794218538237,0.21952550366525964,0.0,0.0,0.19222838348665117,0.28232272755370535,0.30792021634046535,0.3200586832094245,0.0,0.27670560123972054,0.3258460573384613,0.23869387007449505,0.3123962511133429,0.31299958118597676,0.2510799536917603,0.0,0.172682155727415,0.2658186133442232,0.0,0.3190103332056686,0.2832051022239098,0.27072516687550663,0.2872543431825797,0.311811066048856,0.31368971647535343,0.3074650194044126,0.3199372806789175,0.33094767868051583,0.3004321363826067,0.28706463575613245,0.3095522304771776,0.3287905230609677,0.30242467374434434,0.319422423553646,0.0,0.31638450668326273
0.21169115457950152,0.22440704454384336,0.23386647503740088,0.0,0.24684696978824214,0.24822591230035096,0.26881366331071965,0.2855498993413262,0.272314364548928,0.19613304857731376,0.253365527632833,0.18718708846453114,0.26324913387356125,0.2713249606446349,0.2532900426463085,0.24303527133897318,0.22768668352770077,0.22298392162914538,0.26437331088995547,0.24658902009548692,0.24610446993142474,0.2606807597849438,0.2376826654146403,0.17358784030833138,0.20793850919848245,0.22869979754948586,0.24532582382902282,0.2607801738197814,0.2389211201757419,0.0,0.23211098227654095,0.2438632796875417,0.0,0.1934690417268993,0.2822101363925978,0.3124318406912125,0.24759353520261124,0.12483297593999546,0.24173598850064223,0.186164073337395,0.23057606750987833,0.26924257294300885,0.0,0.0,0.15558499581779314,0.26715119053104935,0.29939418803828244,0.0,0.0,0.0,0.3038821996154449,0.0,0.0,0.22975736635559005,0.2362595936172383,0.0,0.23510109283795244,0.2250338404824126,0.0,0.31543357288754176,0.2748680247290902,0.25538023976872287,0.24015423183780407,0.0,0.2786614174242953,0.27930973849128354,0.32047583161786636,0.3215065344643929,0.2344660279991265,0.26167741525633353,0.2729435137481516,0.319878628811122,0.31456847076980876,0.27982262261715163,0.0,0.25547842963518536
0.24101394247813088,0.25372539527284926,0.31664817614146845,0.17627543172224477,0.29906660233522503,0.2874764507133649,0.27755888334406925,0.29789280579561245,0.3142877064279869,0.21791737403172834,0.3016518097630902,0.19324263611200274,0.2773056536864108,0.2596114450830057,0.2771588100603712,0.2600924790261542,0.2549632500680183,0.25616310970160217,0.30981016220056207,0.2792483537393216,0.27101351887134634,0.27185058601916745,0.2877026722769346,0.1870983000239572,0.24118581644230003,0.2545936863951337,0.2846174544877876,0.26247923000728607,0.2710403209319534,0.2587131839335241,0.21281828118367577,0.2473935933574661,0.1934690417268993,0.0,0.1997709580275043,0.28257128167207457,0.23424548170025467,0.1576755097674626,0.25307874092194177,0.2143437674576618,0.23908420948121362,0.24207116257140537,0.24706679229811462,0.0,0.19854008047281269,0.26399803028791047,0.3029209102443022,0.2727208316080994,0.0,0.24488783307455636,0.3234627203953733,0.19877909445578795,0.0,0.24372940537504265,0.25337763554042214,0.0,0.2230636032590508,0.21141817143139358,0.0,0.3190571303533107,0.2865929474289565,0.254076443907563,0.2665222955329218,0.251179270510303,0.31362733246848346,0.28936590618786956,0.31895843217701303,0.3422596698803213,0.23511726719541431,0.2763256396371261,0.2916003094094256,0.33907360139713283,0.27625561448360664,0.3200548223072851,0.0,0.25431770123073194
0.25491241302941114,0.27247394792327323,0.30276537362112116,0.18441316252599504,0.26773222512155087,0.2831752587523588,0.2610192304731678,0.2859641410035706,0.3022688487837919,0.22865904849108867,0.28253326646629795,0.21482274241911933,0.2683653598005851,0.0,0.3015186140616249,0.2857202374533101,0.26717797119237746,0.2653990066560526,0.2988268154832122,0.30903377808072036,0.29205758459666714,0.2995501073263335,0.2848117289479804,0.22183044370573338,0.25634100141974914,0.276349155197669,0.29365448325634674,0.23811102634349843,0.29857453077798946,0.26396449373695313,0.22174576105542335,0.24881262761706663,0.2822101363925978,0.1997709580275043,0.0,0.261915799366414,0.24990227364836057,0.20053860236493426,0.22648020090279788,0.20700675880251176,0.23296093011010374,0.23343544181096612,0.0,0.0,0.0,0.30706337837962466,0.3196426931393039,0.0,0.0,0.0,0.27519286794517117,0.0,0.0,0.0,0.23234523687017405,0.0,0.20293886654914822,0.19362165329230932,0.0,0.3361149548977864,0.2844333169494292,0.24324930836749675,0.274546438787718,0.0,0.3092160139790154,0.3305736014040629,0.33440046252884675,0.33467143705280333,0.0,0.2783583428121937,0.3114049774489639,0.30464136503744915,0.20808196418214628,0.3111610032443518,0.0,0.0
0.0,0.0,0.25676820683263074,0.13531714216333893,0.16146287379833854,0.2909052062574512,0.2095845664918114,0.20726536218291053,0.2747909254216366,0.25979059577836405,0.20327731654823789,0.215594951559563,0.21762833088233766,0.11023858279242242,0.34101257996883977,0.0,0.0,0.0,0.23503574256151888,0.3300306273901869,0.3264137083091346,0.330744919870597,0.2519341761060481,0.0,0.0,0.0,0.2909241892392751,0.1696296968651947,0.31658939830201716,0.2813437630480074,0.28677896981441614,0.18176404657190393,0.3124318406912125,0.28257128167207457,0.261915799366414,0.0,0.14369127492153688,0.2364687131264686,0.1693295708032359,0.0,0.0,0.0,0.23830107217432975,0.0,0.0,0.0,0.0,0.328614019972791,0.0,0.0,0.31764220515131997,0.30606929692118395,0.2893337608986569,0.3450971475746697,0.31111124735339324,0.27812689038156424,0.19841856117321777,0.0,0.0,0.3003912655676753,0.0,0.0,0.0,0.28876566950964405,0.2966216608980021,0.0,0.3210340203774837,0.32914143639754595,0.0,0.0,0.0,0.32709338672249905,0.2987944353996805,0.29771168989423213,0.0,0.0
