0.0,0.2822188734020845,0.0,0.0,0.0,0.30561347091234153,0.22153978495936494,0.36489494336593753,0.21937435678384315,0.2845674157853569,0.0,0.2818438034365764,0.2592199886625572,0.0,0.2660974957615992,0.2710209408121866,0.0,0.2577569918167488,0.0,0.2709918190232457,0.2690172876887218,0.2805484466237123,0.34644535918629643,0.2679667680671508,0.26747213541684944,0.2842204706704256,0.3273053298459844,0.2593395869673195,0.27512560706715516,0.2153279073639638,0.2570007617996205,0.27780853437836817,0.23669728876621707,0.26098635773350903,0.2494823278330136,0.0,0.0,0.0,0.3076162642130448,0.28779142443407085,0.3114062062579234,0.0,0.0,0.0,0.0,0.29418656565533646,0.316799612241865,0.0,0.0,0.0,0.0,0.0,0.0,0.0,0.0,0.0,0.0,0.0,0.0,0.0,0.31685614623801733,0.0,0.31426104412229466,0.0,0.0,0.3046497019470843,0.3199773657858261,0.0,0.0,0.3155042666300357,0.3273164848916732,0.0,0.0,0.0,0.0,0.2752260243251499
0.2822188734020845,0.0,0.27544274789872075,0.0,0.30041324635325406,0.30349069404076445,0.3269719425029196,0.3496731983815845,0.3162577438139423,0.2302298656369033,0.0,0.19788950339771824,0.31774488007457874,0.0,0.29191068335505166,0.28884835773846157,0.0,0.281571131897038,0.0,0.28236113398727214,0.28798186820833765,0.2717802865331675,0.32747239399978273,0.21502600498325955,0.2730792648612018,0.2844329754443729,0.2895194904247472,0.3008331579018603,0.30422317189901876,0.29009923908362395,0.2410884783563594,0.2841332071653052,0.2395113815597233,0.25407852705168366,0.2651443567998846,0.2509305874040643,0.0,0.0,0.3146555165337575,0.3055843878369217,0.31144451106867205,0.33108045659297847,0.0,0.0,0.0,0.3148587720267263,0.3155390773842517,0.0,0.0,0.0,0.28887780724262885,0.0,0.2947541451365246,0.0,0.0,0.0,0.0,0.21696004623273915,0.0,0.3374173481399397,0.31414068430217895,0.0,0.309397792577414,0.0,0.30759420525922243,0.3329751142090274,0.32062670105765545,0.3136584677830696,0.0,0.30471734845460424,0.333325555106891,0.3149800557131215,0.24577717415938755,0.31938642880639123,0.0,0.2989141830872784
0.0,0.27544274789872075,0.0,0.25348724998253874,0.28228633344251186,0.28777802632815436,0.3013577528175035,0.3388310568021648,0.24509747168778137,0.28977771800944363,0.20464795470114794,0.2366414784362363,0.2990415306571852,0.29743875382059753,0.0,0.0,0.2639477090190211,0.0,0.18464676941618308,0.0,0.2579684717917993,0.0,0.2775099715324718,0.24365479930234582,0.22406122891344518,0.24167038521654893,0.2567299555032548,0.31319326221901767,0.2889342067047396,0.3188529646182167,0.3140551476593757,0.3078532976102114,0.24704679117928147,0.31634005579212887,0.0,0.26404975343454373,0.2700808507218707,0.2389589290788597,0.38818282286267075,0.0,0.29046902576020334,0.0,0.3855634874441249,0.0,0.0,0.0,0.0,0.20643127156810587,0.0,0.3991369915804403,0.3954439700184379,0.3868762834508934,0.44434580267214,0.38350941609788003,0.0,0.21037148969476926,0.2278046675024437,0.36236419481667387,0.0,0.0,0.0,0.0,0.0,0.12737267851323023,0.0,0.0,0.0,0.40437039219317145,0.0,0.0,0.0,0.4056922346569117,0.33855997151680584,0.0,0.0,0.0
0.0,0.0,0.25348724998253874,0.0,0.24072737013492032,0.2867810120101201,0.22509353989761005,0.22900238812187068,0.30096125302914506,0.2497247246313687,0.2863467155005587,0.2020471665739415,0.22834374355096218,0.21672174229697783,0.0,0.2756424327993113,0.0,0.0,0.28083011412354963,0.31565978053801264,0.0,0.30814884852247,0.2796443281097535,0.0,0.0,0.0,0.28432118267196715,0.1746705840524115,0.0,0.0,0.18291403796889286,0.20523335977183596,0.0,0.20465435331801532,0.22180691355049556,0.1488508199469913,0.12390397251168007,0.21279038636932868,0.17908923059763457,0.0,0.0,0.0,0.0,0.0,0.0,0.0,0.0,0.0,0.0,0.0,0.0,0.0,0.0,0.0,0.0,0.0,0.13253594678547984,0.0,0.0,0.0,0.0,0.0,0.0,0.0,0.0,0.0,0.0,0.0,0.0,0.0,0.0,0.0,0.0,0.0,0.0,0.0
0.0,0.30041324635325406,0.28228633344251186,0.24072737013492032,0.0,0.2902620265445308,0.25214514340297073,0.3110904845059852,0.25676807229437454,0.3340875970040153,0.21959650753639828,0.28149164947237154,0.2962507773624959,0.24131388630776945,0.285119031647019,0.30945195840165124,0.29919071448736845,0.2802059648709673,0.2401022709934485,0.3282640706762751,0.2530977394882088,0.32215584405976844,0.29601100713213174,0.28925688998373567,0.27913301388348266,0.27902971158632534,0.28851400176073333,0.268738906315545,0.31216988780157207,0.0,0.31395280121867875,0.29011875318778996,0.2859154780621713,0.314699893130683,0.0,0.20192026723376447,0.21361611346678985,0.28374199676203815,0.0,0.0,0.0,0.0,0.36733916404167327,0.0,0.0,0.0,0.0,0.3775643328841739,0.0,0.0,0.3516476889570081,0.0,0.3638419218291079,0.3681369247145602,0.0,0.1941135901554336,0.0,0.26367510231611335,0.0,0.0,0.0,0.0,0.0,0.21881972624308194,0.0,0.0,0.0,0.3779626127757488,0.0,0.0,0.0,0.35114035741191213,0.0,0.0,0.0,0.0
0.30561347091234153,0.30349069404076445,0.28777802632815436,0.2867810120101201,0.2902620265445308,0.0,0.3069509797314955,0.31961582210489964,0.27065491361854693,0.3191652592062838,0.3022954007950664,0.2666011166762296,0.27958398458157907,0.29242762565324737,0.3013795823148214,0.31756931782089437,0.24631404496990558,0.32921405045511404,0.3065720921742177,0.30384485506448605,0.31576136578400826,0.3147070919870003,0.29560806938956474,0.23244677384702236,0.2853502169048584,0.30080093507338296,0.2807640980460223,0.3016352937703249,0.29150106252669045,0.32368155614190836,0.3156279093275118,0.3048458175954614,0.2949616484870196,0.31985104301591205,0.3051796733362504,0.3118926786389295,0.2969300872793732,0.2626315476233909,0.32649995096471224,0.22493624735635698,0.3108052095764658,0.28198630310175105,0.3570763629212912,0.19809831792758192,0.2671637253783973,0.24679322758994945,0.2542572235884943,0.3892996616128947,0.0,0.350945781816949,0.3779497201802885,0.3755845866409125,0.37791561337025087,0.3943577430389727,0.0,0.4015039190817063,0.2476905775595874,0.3683852870158694,0.0,0.32962322544633327,0.2115212763307057,0.0,0.0,0.41933397964176117,0.3248445959518733,0.31336101315990855,0.31134312375927214,0.3772342001051664,0.19093213385599447,0.21935511060817245,0.29717661329289097,0.37020752024946435,0.3993814422435814,0.3492504284438956,0.36369427138846766,0.36186919067244117
0.22153978495936494,0.3269719425029196,0.3013577528175035,0.22509353989761005,0.25214514340297073,0.3069509797314955,0.0,0.31480938236330513,0.29532743378822907,0.3086488576063946,0.29984317734458527,0.24778415032650883,0.2616405743383404,0.25567306071609347,0.3082079274729945,0.3385470897001536,0.2925256689857786,0.3213295967975498,0.3045308571146067,0.3228385536076585,0.2886137359270669,0.3284944047886106,0.31090783927120813,0.26003536589621284,0.30303747097118333,0.29989991485821216,0.30816603279292637,0.2545333339196102,0.3156908510132993,0.0,0.2914749445489911,0.289463709114546,0.2781747610519034,0.2999015538764659,0.0,0.21319533685627215,0.21024896172749707,0.2530620490274913,0.1845117258399269,0.2413630684827796,0.14427421293472342,0.19350416436404358,0.0,0.15905068911689052,0.21082558454725406,0.0,0.2484983921680661,0.3445961306522851,0.0,0.0,0.35215838968349034,0.0,0.3167286340712835,0.3272437195767668,0.0,0.2301964982921329,0.21457336787141243,0.25279741672950357,0.0,0.26541549267440456,0.0,0.0,0.0,0.0,0.0,0.0,0.25178707301479364,0.35875446587916143,0.14809619224289172,0.23155578733083046,0.24693760700565925,0.3527369467615669,0.2708997373857832,0.26613054896825955,0.0,0.0
0.36489494336593753,0.3496731983815845,0.3388310568021648,0.22900238812187068,0.3110904845059852,0.31961582210489964,0.31480938236330513,0.0,0.35539270187954336,0.29155352154639774,0.24476299781294472,0.0,0.31732870811425806,0.2586642340875974,0.3084811725952511,0.3282468423626733,0.0,0.3302044795253269,0.3188631753603615,0.29230977100689687,0.2994681844376738,0.3333991173758876,0.29161864738936144,0.3731688430274745,0.3377712897782229,0.35491130414077166,0.3213031823539933,0.31895322036546914,0.31243582970796663,0.3140265804495646,0.3148911977683137,0.28705413407324143,0.327973705205826,0.314502597166795,0.2964764382756494,0.20283240149693138,0.31291306359944443,0.25427095524006527,0.34944442816414345,0.0,0.3682368137817495,0.0,0.3478314496405339,0.0,0.0,0.0,0.0,0.3937007810814487,0.0,0.3825446431198497,0.37745806293278905,0.36338896361780015,0.34922689109628485,0.3997647401127801,0.0,0.37974490882076095,0.0,0.3585725122076672,0.0,0.35824490970717116,0.0,0.0,0.0,0.40015306096881537,0.0,0.0,0.0,0.3750145450911198,0.0,0.24662992681521076,0.3030599313659698,0.3631752919138937,0.38290003530217154,0.3698371711518661,0.34708048560922267,0.348615906629116
0.21937435678384315,0.3162577438139423,0.24509747168778137,0.30096125302914506,0.25676807229437454,0.27065491361854693,0.29532743378822907,0.35539270187954336,0.0,0.33404782174944414,0.21272664979130626,0.2779705258129286,0.28849808884534034,0.29831936311598356,0.21624066535254965,0.29696645198366983,0.253163630039756,0.2307374234677353,0.20464287903789893,0.3107498809085586,0.24877925840560325,0.3206061507248358,0.30226185553706847,0.26285477296691384,0.25820818302078047,0.262434489772741,0.2701043831053254,0.3127986668553477,0.3035403370103783,0.3153994899815158,0.3168343415198095,0.30252218328761205,0.2830476457243601,0.31511206785908646,0.29243826409010804,0.282015829234569,0.28501384341255,0.28122261111252383,0.39403936502964104,0.20922146613051665,0.20677623724050231,0.19787567461979047,0.38226083115153014,0.0,0.24086499248197457,0.0,0.22661597409365403,0.404540446020219,0.0,0.3742691357426502,0.3898301609651436,0.3591728469055771,0.39870476450770304,0.4059548377850708,0.19740352906746378,0.21176521685111224,0.2535036070014578,0.3371328415616416,0.38132469097197536,0.2545861454677243,0.0,0.0,0.0,0.3961305967263346,0.0,0.2279261125329338,0.24168071475595013,0.3941599361365602,0.23763251824952483,0.0,0.24071632991258754,0.38142964942066815,0.32551484587417123,0.28363298827646316,0.0,0.2893427985738667
0.2845674157853569,0.2302298656369033,0.28977771800944363,0.2497247246313687,0.3340875970040153,0.3191652592062838,0.3086488576063946,0.29155352154639774,0.33404782174944414,0.0,0.30897051479964305,0.2102710241883868,0.3044170649894789,0.3164501570659074,0.0,0.2932155455350098,0.24147546708603707,0.25632688114485747,0.3023109049713931,0.0,0.0,0.2515713127345702,0.308191844810723,0.21798648135729326,0.24179019408759886,0.22940601612411393,0.31646885679346026,0.2768231876061255,0.2641699513243131,0.0,0.22379050982513415,0.20025763143952374,0.23773206919510997,0.24946716845909236,0.22901127371857266,0.22902108640664348,0.1929345574661883,0.20638058675313586,0.16393174938000654,0.2505520499926478,0.224668914030724,0.0,0.0,0.1464672239785768,0.2008380626932181,0.30186859113935244,0.0,0.0,0.0,0.0,0.0,0.0,0.0,0.0,0.33082867086274154,0.24392702627031074,0.32944390918042565,0.2931086979551508,0.0,0.0,0.0,0.317379114466131,0.30794120089209676,0.0,0.0,0.0,0.0,0.0,0.3222440557196503,0.3104662271558441,0.3354646203782466,0.0,0.2773194228206623,0.0,0.0,0.3058206500348371
0.0,0.0,0.20464795470114794,0.2863467155005587,0.21959650753639828,0.3022954007950664,0.29984317734458527,0.24476299781294472,0.21272664979130626,0.30897051479964305,0.0,0.27077708343586115,0.29438872150398865,0.2277980273509471,0.0,0.0,0.2609941952116731,0.252650162522621,0.16218757975216655,0.0,0.0,0.0,0.2248563343294252,0.2696733363097349,0.26341130315815886,0.23812346801942158,0.29495774296777644,0.28617579450105624,0.0,0.0,0.3089081559234134,0.23206491691208908,0.2633617004765993,0.3061567537148684,0.0,0.19737146534045066,0.2608487662453125,0.2654038232494184,0.0,0.0,0.20637750828541826,0.0,0.3312721934528789,0.0,0.0,0.0,0.0,0.19639177055568396,0.0,0.19825832842671845,0.3664184809193876,0.2781217804848852,0.4022338747148784,0.17884177431089,0.0,0.13695358844975428,0.2165658073875796,0.24439666938339338,0.0,0.0,0.0,0.0,0.0,0.133568803035835,0.0,0.0,0.0,0.40545788518883674,0.0,0.0,0.0,0.37304876539907855,0.22337354695577016,0.0,0.0,0.0
0.2818438034365764,0.19788950339771824,0.2366414784362363,0.2020471665739415,0.28149164947237154,0.2666011166762296,0.24778415032650883,0.0,0.2779705258129286,0.2102710241883868,0.27077708343586115,0.0,0.26026053025358314,0.0,0.0,0.2143937319757132,0.2825715439910472,0.2806555090524712,0.24839834100690644,0.25221079578284794,0.2865661059767212,0.0,0.28184230190948384,0.20155430598936572,0.28593649969607016,0.24163213511804923,0.2502495058718095,0.2257755476358937,0.24014361880064913,0.22768085653020725,0.22037339777842846,0.17923656693766724,0.20601518418517115,0.1878421581386684,0.2136027088723331,0.205611680261094,0.1810333774530639,0.15030550470176055,0.17519448541121224,0.23974647997307075,0.19712820567912867,0.2902584118461017,0.0,0.1584608404756271,0.135500255309806,0.26903152667174357,0.0,0.0,0.0,0.0,0.0,0.24016163073190888,0.24112442736431602,0.28344002353379566,0.32415605066897546,0.25794471230568744,0.3057342702408037,0.25454372646174894,0.0,0.0,0.0,0.3282959248349968,0.3016992982059487,0.0,0.0,0.0,0.0,0.2989057815996666,0.24024360239100176,0.3153399615662003,0.33543350098492575,0.0,0.23889157043642914,0.0,0.0,0.23872360736736623
0.2592199886625572,0.31774488007457874,0.2990415306571852,0.22834374355096218,0.2962507773624959,0.27958398458157907,0.2616405743383404,0.31732870811425806,0.28849808884534034,0.3044170649894789,0.29438872150398865,0.26026053025358314,0.0,0.25866968342024355,0.3097300410226725,0.3261673331388898,0.3169754030487346,0.328398341456387,0.29825288454652654,0.3105956346733259,0.30966875734529065,0.32450589619411124,0.3088277262859102,0.25410392711732743,0.3026619615243797,0.3064226823852257,0.30847099093577224,0.2527758404564383,0.29575815291551333,0.291621480457585,0.2786925984874421,0.2893104971027598,0.2833701194879725,0.3001880170273918,0.2639912798294188,0.2320807478991949,0.22600199973288132,0.2541678812208277,0.21872178177663132,0.213675502109764,0.17352913864779348,0.19276318603272893,0.1757130944208652,0.16697323151349647,0.2395897513389204,0.0,0.22548615485422402,0.33485677272275755,0.0,0.0,0.3773502606112367,0.2838147189832689,0.3558492988100503,0.3125701349739939,0.2594703509167794,0.2419558168788398,0.2354263917247684,0.22450604001152016,0.0,0.269872038835105,0.2158602200688634,0.0,0.0,0.0,0.2979198029112081,0.2866125046617132,0.24151159691802915,0.35949134999002064,0.25335252637165445,0.24084858786713112,0.26414901087862525,0.36127608210339746,0.2809674694339943,0.30849139683389193,0.0,0.2155532311184193
0.0,0.0,0.29743875382059753,0.21672174229697783,0.24131388630776945,0.29242762565324737,0.25567306071609347,0.2586642340875974,0.29831936311598356,0.3164501570659074,0.2277980273509471,0.0,0.25866968342024355,0.0,0.0,0.0,0.0,0.0,0.2678349914687873,0.0,0.0,0.0,0.26859213007967037,0.0,0.0,0.0,0.2945523672960122,0.20548594306073065,0.0,0.0,0.0,0.1981950442990932,0.0,0.0,0.0,0.17895303437734256,0.13250451961484594,0.0,0.3657353742266016,0.0,0.0,0.0,0.0,0.0,0.0,0.0,0.0,0.392209128290021,0.0,0.0,0.0,0.0,0.35265308659158373,0.0,0.0,0.2588977641113302,0.0,0.0,0.0,0.0,0.0,0.0,0.0,0.0,0.0,0.0,0.0,0.35935618262484426,0.0,0.0,0.0,0.0,0.0,0.0,0.0,0.0
0.2660974957615992,0.29191068335505166,0.0,0.0,0.285119031647019,0.3013795823148214,0.3082079274729945,0.3084811725952511,0.21624066535254965,0.0,0.0,0.0,0.3097300410226725,0.0,0.0,0.2909888010704942,0.0,0.0,0.0,0.22915786299400828,0.26030449740628553,0.2745055023219984,0.2540242126265375,0.27366186042548374,0.27148087385711267,0.2570702254430127,0.2685615892584143,0.29179080655823464,0.2833302638287886,0.28879917207143546,0.2705804717395981,0.29481253659553736,0.28144679017903107,0.2835061159315015,0.30263080537941955,0.3410877742423035,0.0,0.0,0.3357155609631305,0.335304148021138,0.345332530615953,0.3468830802220905,0.3405089792050869,0.0,0.0,0.0,0.3382972271510838,0.0,0.0,0.0,0.3300783104395744,0.0,0.36023479162484456,0.0,0.0,0.0,0.0,0.28428426060084844,0.0,0.35014432952551733,0.3138364694924594,0.0,0.2427534377579382,0.0,0.3348806575424735,0.32768639611609274,0.34671647120534355,0.3321253941776918,0.0,0.2841870634052691,0.36275162634887714,0.32883325368022,0.3275541147966113,0.32467429098345707,0.3154690680944257,0.3228819631206389
0.2710209408121866,0.28884835773846157,0.0,0.2756424327993113,0.30945195840165124,0.31756931782089437,0.3385470897001536,0.3282468423626733,0.29696645198366983,0.2932155455350098,0.0,0.2143937319757132,0.3261673331388898,0.0,0.2909888010704942,0.0,0.2865230790593497,0.26637839471686087,0.0,0.29559364001661026,0.28905608559020507,0.2804553358058813,0.31963042381379264,0.23582230072788687,0.2710333194608908,0.2877882796693478,0.30589890851238755,0.325955495505127,0.3126893101080915,0.2909950187775585,0.2537162276471557,0.29692622520644646,0.2675948910855135,0.27397493346903223,0.2842699071139501,0.0,0.0,0.0,0.3013318854959602,0.2954306865998455,0.30489770425296103,0.0,0.0,0.0,0.0,0.3088404908475961,0.3103239619469969,0.0,0.0,0.0,0.20989217565185395,0.0,0.0,0.0,0.0,0.0,0.0,0.0,0.0,0.31356221559351705,0.30735465478841645,0.0,0.30061416094093035,0.0,0.0,0.31522746227834697,0.3160545023482476,0.252152246258579,0.0,0.30021774867642625,0.3254731319308823,0.0,0.0,0.0,0.0,0.29416644163127675
0.0,0.0,0.2639477090190211,0.0,0.29919071448736845,0.24631404496990558,0.2925256689857786,0.0,0.253163630039756,0.24147546708603707,0.2609941952116731,0.2825715439910472,0.3169754030487346,0.0,0.0,0.2865230790593497,0.0,0.22297300793752747,0.2635881259463833,0.26258800583017483,0.0,0.27371380014777197,0.0,0.26513190224454664,0.23703470998861104,0.2901398446370511,0.25354156864599087,0.30095397653626443,0.25902229062666016,0.20429018025745,0.25872403457003984,0.2931363005024065,0.25306916121351575,0.2710098488012323,0.2406004524730962,0.33581648821623433,0.0,0.22581101270303072,0.0,0.24759041519429725,0.2830612452546218,0.0,0.0,0.0,0.0,0.28520724395624747,0.0,0.0,0.0,0.0,0.0,0.0,0.0,0.0,0.3262938742307269,0.0,0.33956872589708004,0.0,0.0,0.0,0.0,0.3055560083100375,0.30045387046849753,0.0,0.0,0.0,0.0,0.0,0.3141411060128979,0.3007510809997756,0.32107054567275517,0.0,0.0,0.0,0.0,0.27801743910851967
0.2577569918167488,0.281571131897038,0.0,0.0,0.2802059648709673,0.32921405045511404,0.3213295967975498,0.3302044795253269,0.2307374234677353,0.25632688114485747,0.252650162522621,0.2806555090524712,0.328398341456387,0.0,0.0,0.26637839471686087,0.22297300793752747,0.0,0.0,0.3014507464470278,0.28764598267995706,0.29419918128855505,0.3193234676623168,0.2631634283522943,0.23812884402855447,0.2823922921968415,0.32424906346881077,0.3098821577212642,0.31004870561274794,0.27653504334165246,0.2571173289271326,0.28259962888811097,0.25278308615963924,0.2719585708017508,0.26592269675591745,0.0,0.0,0.0,0.29827799736551874,0.27781840744051156,0.294792602190811,0.3052864346572251,0.0,0.0,0.0,0.298079624769246,0.29462940848424746,0.0,0.0,0.0,0.231405047925982,0.0,0.0,0.0,0.30904511376074156,0.0,0.31792209057183846,0.0,0.0,0.0,0.29930179772316,0.2992850539328705,0.29558328590498606,0.0,0.0,0.26609281531411655,0.29349029619193995,0.0,0.31775047353053365,0.2974065371444858,0.3150760108016784,0.0,0.0,0.0,0.0,0.28973224461232727
0.0,0.0,0.18464676941618308,0.28083011412354963,0.2401022709934485,0.3065720921742177,0.3045308571146067,0.3188631753603615,0.20464287903789893,0.3023109049713931,0.16218757975216655,0.24839834100690644,0.29825288454652654,0.2678349914687873,0.0,0.0,0.2635881259463833,0.0,0.0,0.0,0.0,0.0,0.23100093987999565,0.2425449224674951,0.21665210965009923,0.24740711872905266,0.28407645516750935,0.2964197571189665,0.0,0.0,0.3009152006178339,0.2776689770742433,0.24968231182865014,0.2903402739353771,0.0,0.2536459333789522,0.26786660410718016,0.25722430258368756,0.36789224706874746,0.0,0.23703608462989426,0.0,0.36194074382215585,0.0,0.0,0.0,0.0,0.2857656453765526,0.0,0.18725900959579753,0.39072852931107,0.34551953914066025,0.41370521592879955,0.38235685772939987,0.0,0.15129128628620783,0.0,0.30315355702024427,0.0,0.0,0.0,0.0,0.0,0.14683625100707026,0.0,0.0,0.0,0.40819882407301605,0.0,0.0,0.0,0.3862004655718509,0.0,0.0,0.0,0.0
0.2709918190232457,0.28236113398727214,0.0,0.31565978053801264,0.3282640706762751,0.30384485506448605,0.3228385536076585,0.29230977100689687,0.3107498809085586,0.0,0.0,0.25221079578284794,0.3105956346733259,0.0,0.22915786299400828,0.29559364001661026,0.26258800583017483,0.3014507464470278,0.0,0.0,0.2772912643071886,0.2360150454121708,0.1623187863364545,0.0,0.28384495296678236,0.2879468794636416,0.2277129654562485,0.275883096430086,0.24458426186734858,0.2561658432041567,0.24555069971527735,0.29595013891406946,0.274392526582667,0.27781855363007835,0.2975662649735113,0.319785679177136,0.302315467798332,0.0,0.3114960859964986,0.33617411944747627,0.30973108473067984,0.30500416203259095,0.28409805157212414,0.0,0.0,0.0,0.3053895623538786,0.25070431828747025,0.0,0.0,0.32818666436720034,0.25183419656349143,0.3413164258981372,0.25197298007966673,0.0,0.0,0.0,0.2825896600923354,0.0,0.34879031439155006,0.2547949065390293,0.0,0.23923279569978168,0.0,0.3264947496393039,0.3401568721283271,0.3386190307086141,0.3402348040895866,0.0,0.2286475220315384,0.33976761212501816,0.3297840657595192,0.34541957340221124,0.32939963041529496,0.28065897544804463,0.3200767890556937
0.2690172876887218,0.28798186820833765,0.2579684717917993,0.0,0.2530977394882088,0.31576136578400826,0.2886137359270669,0.2994681844376738,0.24877925840560325,0.0,0.0,0.2865661059767212,0.30966875734529065,0.0,0.26030449740628553,0.28905608559020507,0.0,0.28764598267995706,0.0,0.2772912643071886,0.0,0.296742331450429,0.3028373566146936,0.3261993004019503,0.28767699849047995,0.2861044684552662,0.28550076428661436,0.310016673986401,0.3072041408501784,0.29217660014333874,0.26220817276401953,0.2932593139744914,0.27234856558055803,0.2793240361798597,0.3036577365483101,0.3084960981780352,0.0,0.0,0.32049040884103597,0.2944820731595657,0.3176080478450973,0.0,0.0,0.0,0.0,0.2585634871844227,0.3258458337227883,0.4071226945783942,0.0,0.0,0.34204970943247076,0.0,0.3706573108339043,0.0,0.0,0.0,0.0,0.30306673934432504,0.0,0.32867787376052476,0.32072804749038175,0.0,0.0,0.0,0.3166359547860594,0.2814733673436258,0.32991964611905716,0.3400052007707122,0.0,0.2757671180625313,0.34443809601325326,0.3377156544923635,0.3520956489082812,0.3236366293179066,0.31148710372659977,0.3084198204247924
0.2805484466237123,0.2717802865331675,0.0,0.30814884852247,0.32215584405976844,0.3147070919870003,0.3284944047886106,0.3333991173758876,0.3206061507248358,0.2515713127345702,0.0,0.0,0.32450589619411124,0.0,0.2745055023219984,0.2804553358058813,0.27371380014777197,0.29419918128855505,0.0,0.2360150454121708,0.296742331450429,0.0,0.2933878630746515,0.0,0.28702626533041964,0.27574566309997495,0.2825185183569732,0.2918651423635396,0.2936326602411512,0.271165587201013,0.25567273832992754,0.2977175416809741,0.2756561554863044,0.27677355918415275,0.2950889831705432,0.331738144334346,0.30749862735378275,0.0,0.3189368448669627,0.32648820960155406,0.33338358392179335,0.31417683203590835,0.3304885924033006,0.0,0.0,0.3154372060465742,0.3185666440615081,0.2754177117438942,0.0,0.0,0.31993959085921037,0.21706920456929468,0.0,0.0,0.0,0.0,0.0,0.2340994618676476,0.0,0.35289456011071607,0.3224239351417723,0.0,0.2946358802823685,0.0,0.3363067134475431,0.34126468400097854,0.33553533740438674,0.3346488534208894,0.0,0.30830919279684643,0.34092726619163616,0.33206450843373886,0.2898105716854199,0.3336060089873247,0.31081655952919124,0.31928832804898705
0.34644535918629643,0.32747239399978273,0.2775099715324718,0.2796443281097535,0.29601100713213174,0.29560806938956474,0.31090783927120813,0.29161864738936144,0.30226185553706847,0.308191844810723,0.2248563343294252,0.28184230190948384,0.3088277262859102,0.26859213007967037,0.2540242126265375,0.31963042381379264,0.0,0.3193234676623168,0.23100093987999565,0.1623187863364545,0.3028373566146936,0.2933878630746515,0.0,0.3592603819368331,0.3115250617823924,0.3249036554879822,0.2574301631753318,0.31203116233480477,0.299031728947974,0.3068439312776543,0.30645755843380057,0.2949988066224545,0.2898299586679392,0.30695490405002923,0.29552278488648503,0.28664489288180783,0.3071234915914256,0.3004422381241056,0.3642288389213259,0.0,0.36124617573647916,0.36304903195156896,0.3679114975402127,0.3196766186398878,0.0,0.0,0.3112176216861923,0.3980058132447453,0.0,0.3929336008110577,0.38068353451800113,0.37818736627670674,0.37987200539129584,0.3990346724836684,0.0,0.3994562267651734,0.0,0.3687748806793477,0.0,0.3444551546882048,0.24916138074155292,0.0,0.0,0.410610028441679,0.3464377532618638,0.36778712151674736,0.33329534451041043,0.3792192123062366,0.0,0.24477360239159685,0.3479110894536838,0.3738378263367371,0.37870684395000276,0.3518118415182721,0.3665258669450417,0.3695114381889074
0.2679667680671508,0.21502600498325955,0.24365479930234582,0.0,0.28925688998373567,0.23244677384702236,0.26003536589621284,0.3731688430274745,0.26285477296691384,0.21798648135729326,0.2696733363097349,0.20155430598936572,0.25410392711732743,0.0,0.27366186042548374,0.23582230072788687,0.26513190224454664,0.2631634283522943,0.2425449224674951,0.0,0.3261993004019503,0.0,0.3592603819368331,0.0,0.27300434056706996,0.27220676715922526,0.24781929121264987,0.22234477734707608,0.0,0.0,0.23101169719497977,0.17002733345821372,0.18974018533277082,0.19093047574100985,0.1705546386210143,0.19118754052342937,0.1826943626583746,0.18419039752806873,0.16961708692401012,0.16162850123824898,0.17240474581152201,0.19009935843889,0.0,0.1636475153336646,0.15415359012007007,0.31825729623337545,0.3113694658670864,0.0,0.0,0.0,0.0,0.16433333320512436,0.0,0.0,0.26523753257279103,0.0,0.23248992601039076,0.2318030811481917,0.0,0.0,0.31495836695037555,0.32474476837386396,0.3236205809601475,0.0,0.0,0.26565679824959426,0.0,0.0,0.25392948766860624,0.32496500035458503,0.33675826878907134,0.0,0.21792426048099126,0.0,0.0,0.25393281302842724
0.26747213541684944,0.2730792648612018,0.22406122891344518,0.0,0.27913301388348266,0.2853502169048584,0.30303747097118333,0.3377712897782229,0.25820818302078047,0.24179019408759886,0.26341130315815886,0.28593649969607016,0.3026619615243797,0.0,0.27148087385711267,0.2710333194608908,0.23703470998861104,0.23812884402855447,0.21665210965009923,0.28384495296678236,0.28767699849047995,0.28702626533041964,0.3115250617823924,0.27300434056706996,0.0,0.2702331914107573,0.2823329963043011,0.29252831553512765,0.29237007742479115,0.23013614866457754,0.26760550369756164,0.2787252511133365,0.24628255301560611,0.27019811922277487,0.26898863929458544,0.2557386681949202,0.0,0.2289292708528599,0.2985386598463011,0.282255012536893,0.29807912758522975,0.3094530432969006,0.0,0.0,0.0,0.3048521563846978,0.3070314370255062,0.0,0.0,0.0,0.22035363920017784,0.0,0.263549359558709,0.0,0.3209500132183326,0.0,0.3219363489985963,0.2441805570750134,0.0,0.3012180729939214,0.3065475455852753,0.30519584031451225,0.3027069724231626,0.0,0.28847091300264704,0.3011236845614483,0.330189863946939,0.24616236514113798,0.31049048378083033,0.30419181447047616,0.319191737337213,0.23397785702477303,0.2708423585839588,0.2912419562575367,0.0,0.29757094633978587
0.2842204706704256,0.2844329754443729,0.24167038521654893,0.0,0.27902971158632534,0.30080093507338296,0.29989991485821216,0.35491130414077166,0.262434489772741,0.22940601612411393,0.23812346801942158,0.24163213511804923,0.3064226823852257,0.0,0.2570702254430127,0.2877882796693478,0.2901398446370511,0.2823922921968415,0.24740711872905266,0.2879468794636416,0.2861044684552662,0.27574566309997495,0.3249036554879822,0.27220676715922526,0.2702331914107573,0.0,0.2968075330712446,0.30633221170458635,0.2907349916298413,0.22636939356769353,0.2727309492082362,0.29108354685304616,0.2685054840893757,0.2771210187844527,0.28365345940756637,0.299718472185284,0.0,0.2518499291310075,0.3141994880375238,0.30263220152433273,0.3236258030713459,0.3183348998874088,0.3062220847279566,0.0,0.2686662172043036,0.32878605644910075,0.32780765866279465,0.0,0.0,0.0,0.30811568461619643,0.24007224528921017,0.32724312330664534,0.0,0.34700613388798573,0.0,0.3427248249239194,0.2571944683335439,0.0,0.3511105112237575,0.3256313834150351,0.32609546993034055,0.32249685324983557,0.0,0.3331627111879454,0.3387029949313355,0.3342474111146569,0.3347074709312925,0.33113855504563716,0.32494173723883485,0.3389594999377611,0.3285725197856376,0.30247374335731325,0.3164936329493906,0.0,0.3156635649661903
0.3273053298459844,0.2895194904247472,0.2567299555032548,0.28432118267196715,0.28851400176073333,0.2807640980460223,0.30816603279292637,0.3213031823539933,0.2701043831053254,0.31646885679346026,0.29495774296777644,0.2502495058718095,0.30847099093577224,0.2945523672960122,0.2685615892584143,0.30589890851238755,0.25354156864599087,0.32424906346881077,0.28407645516750935,0.2277129654562485,0.28550076428661436,0.2825185183569732,0.2574301631753318,0.24781929121264987,0.2823329963043011,0.2968075330712446,0.0,0.3092694846176063,0.2641721544866723,0.29847703247848845,0.2855846938186591,0.2965911569933378,0.26275876872427195,0.29744401555198,0.30090851047591854,0.31614577922516063,0.29243895668481823,0.25375634082691395,0.34523486682679244,0.2675805270253953,0.33657839249402177,0.2885725805025629,0.3815554462614001,0.22949883420656522,0.0,0.0,0.2723183913098044,0.3934282634476839,0.0,0.370036674888569,0.370970360167576,0.37478269904537687,0.37803735370249825,0.3986785846666778,0.0,0.40535009308498093,0.23154341146313226,0.37065758116738456,0.0,0.33541742948386116,0.2260407731380107,0.0,0.0,0.39807877001161074,0.32410402521712034,0.3359540346960667,0.325402593374238,0.37088980836910485,0.0,0.20906490451327003,0.3247596400951785,0.36181286149280795,0.3820064028808757,0.33554230230191645,0.3434217271317319,0.34431580022781477
0.2593395869673195,0.3008331579018603,0.31319326221901767,0.1746705840524115,0.268738906315545,0.3016352937703249,0.2545333339196102,0.31895322036546914,0.3127986668553477,0.2768231876061255,0.28617579450105624,0.2257755476358937,0.2527758404564383,0.20548594306073065,0.29179080655823464,0.325955495505127,0.30095397653626443,0.3098821577212642,0.2964197571189665,0.275883096430086,0.310016673986401,0.2918651423635396,0.31203116233480477,0.22234477734707608,0.29252831553512765,0.30633221170458635,0.3092694846176063,0.0,0.26418571823764037,0.25492393627688864,0.24877517789408685,0.27770740810057326,0.25735964110142306,0.26668332298951963,0.249481353211192,0.17437033567188748,0.18064422273605119,0.2170860196177032,0.25450418395533986,0.1987540228216794,0.22538385970685373,0.21783970321029983,0.23386958604825606,0.16169138103424338,0.23482329806142357,0.0,0.2166876210917293,0.2953064881323904,0.0,0.0,0.36655668617928394,0.22744449604776545,0.385171727387368,0.27437125328456746,0.1908341425019678,0.20978046986323107,0.20630224144580314,0.2539394750240034,0.0,0.32545898116851346,0.20738277298307933,0.0,0.21327244694859426,0.0,0.3293700239786904,0.3295569917209147,0.27184954044689014,0.3590519120742458,0.38481735475209267,0.2378551772513371,0.2772999324228425,0.35840795325535973,0.3673409436847782,0.3398322236007696,0.29421136517406593,0.2956375733525
0.27512560706715516,0.30422317189901876,0.2889342067047396,0.0,0.31216988780157207,0.29150106252669045,0.3156908510132993,0.31243582970796663,0.3035403370103783,0.2641699513243131,0.0,0.24014361880064913,0.29575815291551333,0.0,0.2833302638287886,0.3126893101080915,0.25902229062666016,0.31004870561274794,0.0,0.24458426186734858,0.3072041408501784,0.2936326602411512,0.299031728947974,0.0,0.29237007742479115,0.2907349916298413,0.2641721544866723,0.26418571823764037,0.0,0.2628643849753641,0.2527576499717145,0.30269112160849443,0.2722534654380756,0.2786337869020438,0.3019416729284852,0.3202639068892778,0.2998159191475633,0.2410390491662161,0.32097774579446176,0.0,0.3267649201901382,0.0,0.3154920903377596,0.0,0.0,0.0,0.2962077447607966,0.29309794517368953,0.0,0.0,0.3432724514069276,0.2696937279618084,0.3714417382616529,0.26765576668480673,0.0,0.0,0.0,0.3212755510077079,0.0,0.3291255650568327,0.22929862605291493,0.0,0.2259149122486492,0.0,0.31773771782920257,0.33076967923181394,0.3232569748829739,0.342690115662869,0.0,0.21818860011399435,0.31845614409313405,0.3402433983848695,0.36094831745686823,0.3239964085228521,0.3091264105990908,0.31931308662714375
0.2153279073639638,0.29009923908362395,0.3188529646182167,0.0,0.0,0.32368155614190836,0.0,0.3140265804495646,0.3153994899815158,0.0,0.0,0.22768085653020725,0.291621480457585,0.0,0.28879917207143546,0.2909950187775585,0.20429018025745,0.27653504334165246,0.0,0.2561658432041567,0.29217660014333874,0.271165587201013,0.3068439312776543,0.0,0.23013614866457754,0.22636939356769353,0.29847703247848845,0.25492393627688864,0.2628643849753641,0.0,0.21862068402302579,0.2803616259672083,0.24357632003735558,0.24074837206989586,0.21527692703689633,0.26590792128719604,0.20318870414878604,0.0,0.34192972965783663,0.0,0.0,0.0,0.0,0.0,0.0,0.0,0.0,0.0,0.0,0.0,0.3240222343340115,0.0,0.3063443688904717,0.23410583134044863,0.0,0.0,0.0,0.2574761756809114,0.0,0.3019332778632396,0.0,0.0,0.0,0.0,0.2960796960815653,0.0,0.0,0.3554304624330308,0.0,0.22061992089811303,0.0,0.35738193849795974,0.3090428645791082,0.3231290356777151,0.0,0.0
0.2570007617996205,0.2410884783563594,0.3140551476593757,0.18291403796889286,0.31395280121867875,0.3156279093275118,0.2914749445489911,0.3148911977683137,0.3168343415198095,0.22379050982513415,0.3089081559234134,0.22037339777842846,0.2786925984874421,0.0,0.2705804717395981,0.2537162276471557,0.25872403457003984,0.2571173289271326,0.3009152006178339,0.24555069971527735,0.26220817276401953,0.25567273832992754,0.30645755843380057,0.23101169719497977,0.26760550369756164,0.2727309492082362,0.2855846938186591,0.24877517789408685,0.2527576499717145,0.21862068402302579,0.0,0.2636845113779051,0.22629272804603812,0.18204233868126762,0.14745729694098067,0.24381008418310038,0.17306547320658125,0.20472312788067926,0.23251292161030096,0.18907781273409754,0.17425497643923404,0.0,0.0,0.13535887119066076,0.18030799596784863,0.2821954796559039,0.29500049958208463,0.0,0.0,0.0,0.3680815829872124,0.0,0.3498090222380939,0.2533958595671097,0.2506036229599693,0.0,0.2243121241796553,0.27347251929298944,0.0,0.32452304957826406,0.2921579805027127,0.0,0.2990909941720644,0.0,0.3219931510342194,0.0,0.30643464158669725,0.356461726191281,0.17478894453886362,0.29832733657590144,0.31134095267345163,0.3573715057417431,0.3506985949772323,0.33692350632566315,0.0,0.24753053246963316
0.27780853437836817,0.2841332071653052,0.3078532976102114,0.20523335977183596,0.29011875318778996,0.3048458175954614,0.289463709114546,0.28705413407324143,0.30252218328761205,0.20025763143952374,0.23206491691208908,0.17923656693766724,0.2893104971027598,0.1981950442990932,0.29481253659553736,0.29692622520644646,0.2931363005024065,0.28259962888811097,0.2776689770742433,0.29595013891406946,0.2932593139744914,0.2977175416809741,0.2949988066224545,0.17002733345821372,0.2787252511133365,0.29108354685304616,0.2965911569933378,0.27770740810057326,0.30269112160849443,0.2803616259672083,0.2636845113779051,0.0,0.25981271815939977,0.26830656043126844,0.2608044965589485,0.22360001739259863,0.22220413878380055,0.17739842241960363,0.20106157966358945,0.2177019883931982,0.22125878229869944,0.2379203640124409,0.21042419551142277,0.17634451482600294,0.18338152540472552,0.307492700348303,0.3197868689951314,0.3484309116877061,0.0,0.0,0.33768916289345025,0.1987499256694142,0.34326927783965583,0.3542052560080512,0.19912756261697173,0.23253594676751596,0.1828726063774368,0.24551874285770395,0.0,0.3396854862941529,0.32014163781860705,0.2316373735282283,0.28170435430276985,0.0,0.31501375324834635,0.33252609435715097,0.32599156325463124,0.35224628215169146,0.18050680039195796,0.26922218569370654,0.3182145244972349,0.34797314625862846,0.30590572700626345,0.3356703749078729,0.34166931982616844,0.2719824123475831
0.23669728876621707,0.2395113815597233,0.24704679117928147,0.0,0.2859154780621713,0.2949616484870196,0.2781747610519034,0.327973705205826,0.2830476457243601,0.23773206919510997,0.2633617004765993,0.20601518418517115,0.2833701194879725,0.0,0.28144679017903107,0.2675948910855135,0.25306916121351575,0.25278308615963924,0.24968231182865014,0.274392526582667,0.27234856558055803,0.2756561554863044,0.2898299586679392,0.18974018533277082,0.24628255301560611,0.2685054840893757,0.26275876872427195,0.25735964110142306,0.2722534654380756,0.24357632003735558,0.22629272804603812,0.25981271815939977,0.0,0.18961011105436995,0.22927086718552492,0.2994143074796171,0.2794654697529492,0.13664457097993618,0.20431640626438693,0.12320586224097853,0.15981497223792301,0.24877673138401948,0.15736079369761868,0.1556661226939127,0.12214921020567387,0.2605427415077255,0.30605624760100636,0.0,0.0,0.18949956250863012,0.24338766719193397,0.19043684245211437,0.0,0.20986970427218554,0.24679356125802476,0.0,0.22513578467636416,0.20110496962241856,0.0,0.3513653155507619,0.30253680497145785,0.25349799360900804,0.2258715772373828,0.0,0.3277368173954341,0.3256971759241697,0.3258037867644193,0.3320826784841375,0.17560041470428825,0.2667232221941182,0.2838676411044107,0.3432781945355191,0.18766537423487895,0.0,0.0,0.18411590605168796
0.26098635773350903,0.25407852705168366,0.31634005579212887,0.20465435331801532,0.314699893130683,0.31985104301591205,0.2999015538764659,0.314502597166795,0.31511206785908646,0.24946716845909236,0.3061567537148684,0.1878421581386684,0.3001880170273918,0.0,0.2835061159315015,0.27397493346903223,0.2710098488012323,0.2719585708017508,0.2903402739353771,0.27781855363007835,0.2793240361798597,0.27677355918415275,0.30695490405002923,0.19093047574100985,0.27019811922277487,0.2771210187844527,0.29744401555198,0.26668332298951963,0.2786337869020438,0.24074837206989586,0.18204233868126762,0.26830656043126844,0.18961011105436995,0.0,0.18325514911970975,0.2779100549720092,0.19044671472777888,0.15361872765037213,0.21199919858012628,0.15497897499136026,0.18117840504927993,0.21251887293624597,0.17709600393440567,0.16967134437351789,0.15197702409264624,0.2899838911329785,0.30623655412100503,0.2710476613213983,0.0,0.0,0.3003058016152118,0.1381518041990694,0.35884375799013485,0.20959544293652335,0.20365506923375082,0.22928678338134822,0.1822874675769101,0.15398720361229534,0.0,0.3313588017228106,0.3031864446849711,0.0,0.3072508976852016,0.0,0.3004924073563294,0.3168800260577466,0.2905236616648223,0.35613357536043616,0.1536310992559909,0.29909143366918767,0.31525108734933294,0.34946223704381596,0.1841574327915581,0.33067525154671334,0.0,0.17070702033512966
0.2494823278330136,0.2651443567998846,0.0,0.22180691355049556,0.0,0.3051796733362504,0.0,0.2964764382756494,0.29243826409010804,0.22901127371857266,0.0,0.2136027088723331,0.2639912798294188,0.0,0.30263080537941955,0.2842699071139501,0.2406004524730962,0.26592269675591745,0.0,0.2975662649735113,0.3036577365483101,0.2950889831705432,0.29552278488648503,0.1705546386210143,0.26898863929458544,0.28365345940756637,0.30090851047591854,0.249481353211192,0.3019416729284852,0.21527692703689633,0.14745729694098067,0.2608044965589485,0.22927086718552492,0.18325514911970975,0.0,0.2502195151385716,0.2245100185158115,0.1782556672115014,0.21897650406792882,0.20593710511263152,0.21104991858051705,0.244440034084513,0.20421614380382372,0.19270439167528328,0.17994680412199449,0.0,0.3101610275460211,0.22224464766693627,0.0,0.0,0.2430634899198116,0.19487555366536768,0.36335980508380994,0.21089429769736484,0.19669615437203136,0.22984291043503235,0.18606713008814027,0.18937948349739533,0.0,0.35391999665829693,0.0,0.0,0.0,0.0,0.0,0.0,0.2968680923215104,0.29709994028798675,0.17082601940082612,0.2851670465964663,0.3027441793298047,0.29606510261129465,0.18781181234497307,0.0,0.0,0.18505242300930758
