0.0,0.4180263845304601,0.40221090774362944,0.0,0.0,0.45902060478748935,0.32865119388405034,0.5234394561657737,0.0,0.39140192464443146,0.517992666846693,0.39701445135209196,0.3984833308198344,0.5187561066029514,0.40512894368123487,0.4034748572753097,0.33498763120834013,0.36169540173958276,0.0,0.46017238875534844,0.41449835238761057,0.40004440121677226,0.46897635433349943,0.3725791040417093,0.35682000949200343,0.3767228328042525,0.5261164045327349,0.4124873361692886,0.44955248477187615,0.39208986973138116,0.39339517315169586,0.4522117469381719,0.34534596241261273,0.4126207577209231,0.4589745602511395,0.48710992676230186,0.0,0.3878306341535654,0.4646668578091173,0.3888476817266189,0.4680803495953822,0.5242954213170448,0.0,0.0,0.0,0.4028713255942317,0.4749261845137999,0.0,0.0,0.0,0.0,0.0,0.0,0.0,0.0,0.0,0.0,0.0,0.0,0.0,0.4663842508845777,0.0,0.4412788549232664,0.0,0.0,0.27663037265906815,0.4606122074665881,0.0,0.26809222340595185,0.4560315501668293,0.47643805880498363,0.0,0.0,0.0,0.0,0.3961848880040732
0.4180263845304601,0.0,0.3463009394402714,0.0,0.35458825912970526,0.4070432311530419,0.41955489275994434,0.47464098329208715,0.32528181582033483,0.30922488191248076,0.0,0.0,0.426062626940364,0.0,0.45076669635494515,0.4198067541246684,0.3668705266503766,0.40107070920212684,0.0,0.4202024835109452,0.42474529648044673,0.3978030574662218,0.4392617272141871,0.3137132548653067,0.38154300425265547,0.41053042082612473,0.4308426345240647,0.4470400052636346,0.4332367214617349,0.4314019785814557,0.37955875381018495,0.4362561368701543,0.35388595541067436,0.3895609611779323,0.4705280541929154,0.0,0.0,0.0,0.46515730406913985,0.4459107837084181,0.453998966693904,0.48591408511975875,0.0,0.0,0.0,0.446175362230687,0.4591062269226532,0.0,0.0,0.0,0.4193946928334045,0.0,0.0,0.0,0.0,0.0,0.0,0.31711475713130516,0.0,0.4868728241065174,0.4540744538559012,0.3682725858003293,0.466090686237065,0.0,0.4585380291998626,0.5084926286979418,0.45274198315542963,0.4947839077901709,0.0,0.4719409113413949,0.4910072938098202,0.468709299177961,0.0,0.45333694885589226,0.0,0.4391650049864617
0.40221090774362944,0.3463009394402714,0.0,0.38135128857096173,0.3834137079964366,0.41956191114391855,0.42930687084053254,0.47148165863732144,0.3405760292865821,0.3868009738253203,0.33543321312943414,0.3467974848544712,0.4202238438317146,0.4103870348245921,0.0,0.0,0.3508369978465242,0.0,0.2838862409014358,0.0,0.353842627387852,0.0,0.3520766875813556,0.34172235400091305,0.273119246251239,0.3509632009907026,0.34205398506037027,0.42609446065680406,0.4039787870912531,0.4120546871526564,0.42224098461846954,0.3946836370128417,0.0,0.42585783974824004,0.0,0.39589995637004965,0.4066732749521952,0.3627140817926603,0.5039757923998086,0.0,0.49429054061364763,0.4246608385609052,0.5067021640080744,0.4208003990712788,0.0,0.0,0.0,0.4242447346187107,0.0,0.5258759755574407,0.5599352063464472,0.5449967344940978,0.5883190193244727,0.5679080822776449,0.0,0.3854853087741957,0.0,0.5351721754358558,0.0,0.0,0.0,0.0,0.0,0.3245584604741348,0.0,0.0,0.0,0.5672328898671721,0.0,0.0,0.0,0.5173905428924322,0.454226486601679,0.0,0.0,0.4734130924254976
0.0,0.0,0.38135128857096173,0.0,0.26760572061679544,0.40860010147896714,0.27694177363122296,0.415176093618627,0.38066772962615864,0.35453668857617376,0.3634868802278177,0.2406341559262045,0.331227045294114,0.29661625556501414,0.0,0.0,0.4112674900570343,0.0,0.37224116583901323,0.0,0.35859275256760653,0.0,0.4124161307662246,0.0,0.0,0.0,0.41757167975970744,0.2693313781253861,0.3727431476771598,0.0,0.3286788818242546,0.29591059565017724,0.0,0.285385852251797,0.26074351953836356,0.2038373690683731,0.18729579938479965,0.0,0.0,0.0,0.0,0.0,0.0,0.0,0.0,0.0,0.0,0.0,0.0,0.0,0.0,0.0,0.0,0.0,0.0,0.0,0.0,0.0,0.0,0.0,0.0,0.0,0.0,0.0,0.0,0.0,0.0,0.3377219460939142,0.0,0.0,0.0,0.0,0.0,0.0,0.0,0.0
0.0,0.35458825912970526,0.3834137079964366,0.26760572061679544,0.0,0.3730404559979517,0.3257040216397756,0.4254238367009388,0.35119712284807786,0.47478406896948505,0.3165790197346313,0.43176659745091084,0.3628040602782971,0.298410611088446,0.0,0.3879117723986413,0.39976032108980364,0.3330783871999664,0.374822649425031,0.0,0.0,0.42310736498727214,0.37203502560160523,0.0,0.4032385351757745,0.3230541528612487,0.3764576717954211,0.334357678490564,0.45057633341599673,0.0,0.4156171203193926,0.3616847248776412,0.0,0.40780009489012625,0.0,0.2508711579645139,0.3260740694662269,0.3373766290513966,0.43161795813936676,0.0,0.0,0.0,0.3551901177543892,0.0,0.0,0.0,0.0,0.5281819924764007,0.0,0.45707211406532156,0.5272660419212895,0.45048297975208623,0.48781642423782706,0.48748029797949344,0.0,0.47999281809778627,0.0,0.4128015393338391,0.0,0.0,0.0,0.0,0.0,0.4922718743379159,0.0,0.0,0.0,0.519466772590819,0.0,0.0,0.0,0.4877448032045675,0.0,0.36736370977113786,0.0,0.0
0.45902060478748935,0.4070432311530419,0.41956191114391855,0.40860010147896714,0.3730404559979517,0.0,0.4197738124691899,0.42670694061999603,0.3525562398842943,0.420417993827736,0.3926453986438576,0.3815997050482069,0.39510164259303654,0.4423486808014527,0.46391644083356887,0.4218282639093231,0.29329491599452645,0.37117400034416115,0.40598292996738505,0.4195639092289844,0.4362646195520857,0.4404514138220422,0.43076435611345487,0.36203763453269355,0.37008303586964036,0.42298443739132074,0.41634376850143984,0.3928769430947139,0.3458617924537229,0.437849273142497,0.42772972605808807,0.41719531663941267,0.4135632754379887,0.4172129862874164,0.43267202248221265,0.43903018637735564,0.4119603392562246,0.3605295641499887,0.5022305667586587,0.0,0.49227451872401407,0.4786675934963519,0.5079260622951829,0.3635445410801527,0.0,0.0,0.3381428755500019,0.5634346998476053,0.0,0.4915526522599864,0.5060461845316208,0.5239853224088434,0.49102575062456044,0.5498916337402022,0.0,0.5027179192857256,0.0,0.5329864920029396,0.0,0.45888504299219735,0.29514806541107175,0.0,0.0,0.5418124333183489,0.47429934350408487,0.41833619869245203,0.4294141925844711,0.5229316567802539,0.0,0.30838515665357,0.4155288898865012,0.5152200136644289,0.5204311818480852,0.49150195308267913,0.47085395720733075,0.5222160938175868
0.32865119388405034,0.41955489275994434,0.42930687084053254,0.27694177363122296,0.3257040216397756,0.4197738124691899,0.0,0.43935904675331366,0.3947001118952763,0.32921268729443803,0.4319397706239971,0.33640098690758596,0.35724678366791635,0.34359297593051225,0.0,0.4676279749915245,0.38460152135126474,0.4101496542888625,0.44354791380312936,0.4537487739436794,0.0,0.46584494181228886,0.41306986617023134,0.3588305831358751,0.37205759343691075,0.3776793972385158,0.42274859487201905,0.35147289361752054,0.46916792078586905,0.43137699284708864,0.3985308952408146,0.38362765826820167,0.4108069415254165,0.38469022408669146,0.0,0.2984718399417857,0.2564783306155602,0.32590324973711804,0.41408288419056055,0.0,0.3958405337380085,0.430638911673588,0.4014393701978321,0.3926287073583276,0.0,0.0,0.3264283916576257,0.500204811520731,0.0,0.4126033481948299,0.48839381806279136,0.4209045846726029,0.4318330371306148,0.4544084766507351,0.0,0.3895342339389623,0.0,0.39756456644037047,0.0,0.0,0.0,0.0,0.0,0.4489434617641261,0.376890980158522,0.0,0.0,0.5205019028128007,0.0,0.0,0.3307765141748503,0.5144918230440885,0.37972071283512693,0.3851708967239933,0.0,0.38181360129187253
0.5234394561657737,0.47464098329208715,0.47148165863732144,0.415176093618627,0.4254238367009388,0.42670694061999603,0.43935904675331366,0.0,0.4912075603324997,0.46022788811417537,0.32020183004835173,0.47849788613602684,0.44111950655896687,0.3996874757817496,0.0,0.4591416195018075,0.0,0.4678034808919919,0.38574641938330156,0.4189078191088919,0.3994157545811887,0.4305821609858369,0.36633880218012155,0.5400152328571487,0.4846722357816112,0.5076497577858242,0.4622996410921563,0.4384123356835142,0.40762963617847514,0.41963306319463883,0.438513803824049,0.40629596335966756,0.4768157418001147,0.4570920108846713,0.4574485706922,0.3295368113746215,0.4142901740768315,0.4348890946131651,0.485887407894127,0.0,0.5083880113235453,0.0,0.4442440715040581,0.0,0.0,0.0,0.0,0.561139770575387,0.0,0.5203627223407152,0.4943840948349204,0.5182533925682271,0.45618905291092227,0.5479797529974922,0.0,0.48211397161027897,0.0,0.5244541283311127,0.0,0.0,0.0,0.0,0.0,0.5427490556453102,0.0,0.0,0.0,0.5114931092878224,0.0,0.37052328530949563,0.43817742285531275,0.5267265415020006,0.4953430812515404,0.4799647930361778,0.0,0.5086871880057964
0.0,0.32528181582033483,0.3405760292865821,0.38066772962615864,0.35119712284807786,0.3525562398842943,0.3947001118952763,0.4912075603324997,0.0,0.4000649879603093,0.31993360588022834,0.37819183883401963,0.3523239409971159,0.44430750875540337,0.0,0.3405446784557347,0.3201644137036849,0.0,0.31263312622721806,0.0,0.0,0.4061595345134945,0.4123970471107416,0.3288043232344425,0.2534325601772648,0.2958882403595256,0.3617746090062816,0.41088356970300655,0.4054603312752736,0.3931716587764645,0.4128163465747441,0.3883117434920017,0.4090733399874343,0.40329029824521373,0.37265157965265744,0.39421123260141644,0.3551051390521815,0.3486281120841652,0.5032354369900973,0.0,0.2948071515917431,0.4016451313730435,0.49638935297019776,0.3823185104190212,0.0,0.0,0.2728951440621921,0.5701525288711162,0.0,0.5021590616462566,0.5314938361507484,0.49624227779371655,0.5475783826483968,0.5496112669134845,0.0,0.5242049925171502,0.0,0.4769709148396233,0.0,0.0,0.0,0.0,0.0,0.548308291931589,0.0,0.0,0.0,0.545417624521447,0.0,0.0,0.0,0.5403792517560573,0.4361952990124842,0.3930368910594496,0.0,0.4201628003492285
0.39140192464443146,0.30922488191248076,0.3868009738253203,0.35453668857617376,0.47478406896948505,0.420417993827736,0.32921268729443803,0.46022788811417537,0.4000649879603093,0.0,0.41155875484536564,0.3117631296885438,0.4052422072243408,0.41224865638708613,0.0,0.42105861575788167,0.3304652445466335,0.36185689560646483,0.422366991078751,0.3613500072350726,0.0,0.42010359339950804,0.46915841689191046,0.3452154758206885,0.3434264191008918,0.3573083809248907,0.43190609856965845,0.39027140731605325,0.38332241106255344,0.35611609679974615,0.3262238063652006,0.3589398605890157,0.3585596207062916,0.34682092149358096,0.28508158013228835,0.22895159650720245,0.23164907641315277,0.3023008060620966,0.25733788115309386,0.38193643578073927,0.392267291322172,0.0,0.0,0.0,0.0,0.4488788793685903,0.0,0.0,0.0,0.0,0.0,0.0,0.0,0.0,0.49088129415258397,0.0,0.4649333450800781,0.0,0.0,0.0,0.0,0.5049210665712965,0.4199429125396224,0.0,0.0,0.0,0.0,0.3725038253964194,0.500798555055844,0.49600166996621287,0.4948396819305601,0.3710876228840389,0.0,0.0,0.0,0.46853052746976953
0.517992666846693,0.0,0.33543321312943414,0.3634868802278177,0.3165790197346313,0.3926453986438576,0.4319397706239971,0.32020183004835173,0.31993360588022834,0.41155875484536564,0.0,0.3860704382744999,0.4357746680747485,0.29545411999059906,0.0,0.0,0.3412440310855694,0.3322661610978152,0.23283349792764102,0.0,0.4307404692132135,0.0,0.3016222797421945,0.4069945394794098,0.37430576762072876,0.35113025830511085,0.38649439140789743,0.42686135806141223,0.0,0.0,0.4382784545271412,0.350831429509052,0.35965357515133445,0.41749774921346655,0.40179422191803355,0.2438120074194799,0.39477087039656655,0.36283076062921576,0.38238723545744524,0.0,0.32710179101612774,0.0,0.35952525704162136,0.33214731018462784,0.0,0.0,0.0,0.4579760380659137,0.0,0.32222093710332905,0.4473740037702001,0.3554667899486847,0.4301711634228312,0.4185202370433391,0.34966523688358364,0.1855871121819207,0.3426822097847437,0.3473998507054325,0.3617174198070057,0.0,0.0,0.0,0.0,0.30894074336028104,0.0,0.0,0.0,0.4829966854798024,0.0,0.0,0.0,0.5096739168343049,0.3167047005632674,0.0,0.0,0.342203909692301
0.39701445135209196,0.0,0.3467974848544712,0.2406341559262045,0.43176659745091084,0.3815997050482069,0.33640098690758596,0.47849788613602684,0.37819183883401963,0.3117631296885438,0.3860704382744999,0.0,0.36416584688955667,0.0,0.0,0.0,0.3710293106751913,0.35715982872449903,0.36797916552319526,0.2963016258067422,0.44428808900858696,0.0,0.4533161275892717,0.31322768042328164,0.370545579913566,0.35427394831744013,0.36641560938433787,0.37080293941947406,0.34645965644356647,0.43097060868026604,0.35597235556492274,0.2665259602940067,0.30775281411380256,0.26513169357412375,0.29955992808448567,0.31234507412751605,0.3127055619925488,0.24702671293729558,0.3143543627645239,0.3886558039768854,0.3844318082542443,0.0,0.0,0.0,0.18370917288277047,0.3968625325805425,0.0,0.0,0.0,0.0,0.0,0.0,0.0,0.0,0.4751790507823974,0.0,0.4532437962782878,0.0,0.0,0.0,0.0,0.5068403146790863,0.4278593910248748,0.0,0.0,0.0,0.0,0.0,0.4620619970754868,0.5011523907611746,0.49617613500781405,0.0,0.0,0.0,0.0,0.45050441082051734
0.3984833308198344,0.426062626940364,0.4202238438317146,0.331227045294114,0.3628040602782971,0.39510164259303654,0.35724678366791635,0.44111950655896687,0.3523239409971159,0.4052422072243408,0.4357746680747485,0.36416584688955667,0.0,0.3868865036393121,0.0,0.46906420271132027,0.421995284452137,0.4364510827846264,0.4327263833351846,0.4543331556586189,0.42356742048550117,0.4734533329933874,0.42388121254188077,0.31883163521856517,0.4015855763975913,0.4087150110903668,0.4266544041573544,0.365807423904587,0.46165777660410967,0.4194899971906848,0.4258919119426559,0.4034081686872128,0.41867722885363773,0.4051397159953106,0.39380958670384547,0.34212229669045024,0.3430152762065807,0.3488752202820599,0.5346905179590964,0.0,0.33599403762415286,0.43697913984477416,0.4253935476841635,0.383763495665232,0.0,0.0,0.30587175264439515,0.5068397113071617,0.0,0.3840075302398804,0.5328026728129936,0.4246573782471231,0.4850616820410858,0.4448167244691767,0.0,0.42555026409772734,0.0,0.42317172105251993,0.0,0.0,0.30802927853931167,0.0,0.0,0.4428642990199244,0.4475505139015625,0.0,0.31228936521751705,0.5230183699885975,0.0,0.32306328993885536,0.3682721264969219,0.5301104836588397,0.4512801952300155,0.47235827768183863,0.0,0.42390937729364414
0.5187561066029514,0.0,0.4103870348245921,0.29661625556501414,0.298410611088446,0.4423486808014527,0.34359297593051225,0.3996874757817496,0.44430750875540337,0.41224865638708613,0.29545411999059906,0.0,0.3868865036393121,0.0,0.0,0.0,0.0,0.35543008105699114,0.3426144386290317,0.0,0.477782059287317,0.0,0.40815284446901484,0.456389940763187,0.4298312373011908,0.4655552643489237,0.4550397552377809,0.32810914468542557,0.0,0.0,0.43030314872791153,0.28072392539451374,0.5419808830749349,0.48633589002686706,0.0,0.20202872519023668,0.1898632085848053,0.0,0.0,0.0,0.0,0.0,0.39671003136413346,0.0,0.0,0.0,0.0,0.509026072011268,0.0,0.0,0.43458212636806853,0.0,0.4481767401705625,0.5014838581435005,0.0,0.4341841540849655,0.0,0.4015358404263597,0.0,0.0,0.0,0.0,0.0,0.48372306358571315,0.0,0.0,0.0,0.49121550938540615,0.0,0.0,0.0,0.48596661213964004,0.0,0.0,0.0,0.0
0.40512894368123487,0.45076669635494515,0.0,0.0,0.0,0.46391644083356887,0.0,0.0,0.0,0.0,0.0,0.0,0.0,0.0,0.0,0.43081994597723555,0.0,0.4110321210069272,0.0,0.38841560250599744,0.423906040480697,0.4514326553291724,0.3898609873128024,0.46314079133508634,0.4080752579562942,0.41536266435407293,0.4418389063861159,0.0,0.42133723247873284,0.0,0.425246793041946,0.4576365475490905,0.4356485523252776,0.4550561142223537,0.5018131337175523,0.5269646836271186,0.0,0.3472963395065764,0.5033800214439089,0.4977488180846828,0.5301422787502899,0.5400757814978435,0.0,0.0,0.0,0.0,0.5144032428247549,0.0,0.0,0.0,0.47203008538661717,0.0,0.0,0.0,0.0,0.0,0.0,0.0,0.0,0.5148066988109432,0.4872418767448162,0.0,0.35729247309151324,0.0,0.48061766446924387,0.488131889142339,0.5105608579813694,0.49804604899923316,0.0,0.4074662487851241,0.5881647004733778,0.5003516029287572,0.4680786057425118,0.4761086473781743,0.0,0.47860060535225163
0.4034748572753097,0.4198067541246684,0.0,0.0,0.3879117723986413,0.4218282639093231,0.4676279749915245,0.4591416195018075,0.3405446784557347,0.42105861575788167,0.0,0.0,0.46906420271132027,0.0,0.43081994597723555,0.0,0.41923936539514556,0.32269245060986,0.0,0.4046752673156677,0.4123447780605065,0.3808301995946505,0.44183874729457084,0.37524586066697757,0.3780806335784646,0.43212387960055226,0.44124738856399537,0.4611269027299463,0.44251066320132615,0.4228696761507516,0.37316565706813876,0.4513407184877199,0.3842830183258117,0.39147806064083346,0.43929114174581435,0.0,0.32038792120010756,0.0,0.45288782894988,0.4325690697373166,0.44979230496947964,0.47968766603462054,0.0,0.0,0.0,0.4332482341345557,0.451019433490659,0.0,0.0,0.0,0.31973391866259687,0.0,0.0,0.0,0.0,0.0,0.0,0.0,0.0,0.4688196504211124,0.44822230591094897,0.0,0.4351817061359232,0.0,0.4562646633300954,0.0,0.44070152479735797,0.41574418159796384,0.0,0.44841375537598405,0.47146457918679135,0.4275421152434411,0.0,0.4187691841582084,0.0,0.42824125987962847
0.33498763120834013,0.3668705266503766,0.3508369978465242,0.4112674900570343,0.39976032108980364,0.29329491599452645,0.38460152135126474,0.0,0.3201644137036849,0.3304652445466335,0.3412440310855694,0.3710293106751913,0.421995284452137,0.0,0.0,0.41923936539514556,0.0,0.33870504415859226,0.3485557484965946,0.3924520283939558,0.3786750069133619,0.40706933276674656,0.352110760981919,0.369246534096421,0.31423343533339126,0.350425943052683,0.33322405867990945,0.41374092448748934,0.36413831329565816,0.30182843549146515,0.34303577664868107,0.44362471109880297,0.37089521685090493,0.3667707598509699,0.39140823904825756,0.0,0.0,0.35656900751722687,0.4261057140205614,0.4009806868093382,0.3872258166950291,0.0,0.0,0.0,0.0,0.3514911762083562,0.0,0.0,0.0,0.0,0.0,0.0,0.0,0.0,0.4817838000258999,0.0,0.47099102383783953,0.0,0.0,0.0,0.0,0.4448387830218879,0.39327369084410135,0.0,0.0,0.0,0.0,0.0,0.44460683594094863,0.4366718557477831,0.4445383982714289,0.0,0.0,0.0,0.0,0.3766944554536685
0.36169540173958276,0.40107070920212684,0.0,0.0,0.3330783871999664,0.37117400034416115,0.4101496542888625,0.4678034808919919,0.0,0.36185689560646483,0.3322661610978152,0.35715982872449903,0.4364510827846264,0.35543008105699114,0.4110321210069272,0.32269245060986,0.33870504415859226,0.0,0.0,0.41125165882553716,0.4157648026988609,0.40179433559154437,0.4538280330271846,0.33818335231305025,0.3297371583103969,0.372451390265269,0.4328545478227162,0.4325987602598694,0.43234188253313555,0.39112211891180243,0.3588552538695698,0.46579007086347635,0.3490731347375411,0.3743891768488819,0.41583052252099595,0.0,0.0,0.30385840088578703,0.4336731274607332,0.39217018121738423,0.418691498260647,0.43280394064194977,0.0,0.0,0.0,0.4120302386070712,0.434095599409962,0.0,0.0,0.0,0.30084854237259256,0.0,0.0,0.0,0.4336610647906719,0.0,0.41915415847588877,0.0,0.0,0.4038042705234639,0.42854183830519416,0.41150770085395416,0.4069496175471296,0.0,0.34903724270099934,0.3701428340751605,0.39922553032408387,0.34070174824283794,0.4011409150277416,0.4135832589833161,0.41990346206668006,0.0,0.0,0.3520569663873633,0.0,0.41143542119703913
0.0,0.0,0.2838862409014358,0.37224116583901323,0.374822649425031,0.40598292996738505,0.44354791380312936,0.38574641938330156,0.31263312622721806,0.422366991078751,0.23283349792764102,0.36797916552319526,0.4327263833351846,0.3426144386290317,0.0,0.0,0.3485557484965946,0.0,0.0,0.0,0.0,0.0,0.2459586279824725,0.34180938367326563,0.0,0.0,0.39797725512858223,0.43024319245721715,0.0,0.0,0.4198440147807791,0.3795514637590877,0.0,0.4028830606276651,0.0,0.341897795946972,0.40388709280764046,0.36083014867985547,0.4900098595777335,0.0,0.0,0.0,0.41723395619919496,0.0,0.0,0.0,0.0,0.3913042887950536,0.0,0.502159722595869,0.5166059728986784,0.4727249565426449,0.5122607747914434,0.5285653648787728,0.0,0.29488130988001954,0.0,0.43737605792046474,0.0,0.0,0.0,0.0,0.0,0.2661624285515776,0.0,0.0,0.0,0.5295394222448779,0.0,0.0,0.0,0.5254477256181183,0.3924266558827761,0.0,0.0,0.0
0.46017238875534844,0.4202024835109452,0.0,0.0,0.0,0.4195639092289844,0.4537487739436794,0.4189078191088919,0.0,0.3613500072350726,0.0,0.2963016258067422,0.4543331556586189,0.0,0.38841560250599744,0.4046752673156677,0.3924520283939558,0.41125165882553716,0.0,0.0,0.4483213449425494,0.38323120258787813,0.29341749735971884,0.41290062396874844,0.3992126030826892,0.4562875871717526,0.36577178662802534,0.40153504933860024,0.35580251209477826,0.30247382480567153,0.3807638073409307,0.4498403292293017,0.4015159545116571,0.43701022668650585,0.46849007817743665,0.5090091923989761,0.47021052213389586,0.36632886924176666,0.49416714322609173,0.43887056991256823,0.5427921644660372,0.5087708712543191,0.4493282676830171,0.3842841077232957,0.0,0.0,0.44984956101991325,0.0,0.0,0.0,0.48269305870891943,0.38148505645565384,0.47170610965627296,0.0,0.0,0.0,0.0,0.43426010013106603,0.0,0.48501192069567556,0.38694713275044723,0.0,0.3483558007036229,0.0,0.4831237342218533,0.49900331969266437,0.4799293372692571,0.53114822238262,0.0,0.35720392853213373,0.48400285657783243,0.5116009250063626,0.4971044624643695,0.5046772575328867,0.4345814442827151,0.481105619809432
0.41449835238761057,0.42474529648044673,0.353842627387852,0.35859275256760653,0.0,0.4362646195520857,0.0,0.3994157545811887,0.0,0.0,0.4307404692132135,0.44428808900858696,0.42356742048550117,0.477782059287317,0.423906040480697,0.4123447780605065,0.3786750069133619,0.4157648026988609,0.0,0.4483213449425494,0.0,0.4520382808315045,0.38998762376949203,0.5046293229482737,0.4271524282535411,0.43670045611502606,0.4599821316371738,0.463401254206095,0.4393408274143612,0.0,0.40780346452028504,0.45535022382444557,0.38610691327547814,0.4225314357246641,0.5028861665675648,0.4407837551382401,0.0,0.4279240097471124,0.4873141703233298,0.43811544357109744,0.4879292048514454,0.5338969643244184,0.0,0.0,0.0,0.0,0.48972566503944714,0.0,0.0,0.0,0.44563938043502077,0.0,0.25356387861110286,0.0,0.0,0.0,0.0,0.0,0.0,0.4948226812867811,0.47132416222667356,0.0,0.0,0.0,0.4647494643181512,0.3640076486922131,0.4897303542443216,0.48552887518276877,0.0,0.4201804196548095,0.5325674011971668,0.5010576163096667,0.4530031248608948,0.4616885036007781,0.0,0.0
0.40004440121677226,0.3978030574662218,0.0,0.0,0.42310736498727214,0.4404514138220422,0.46584494181228886,0.4305821609858369,0.4061595345134945,0.42010359339950804,0.0,0.0,0.4734533329933874,0.0,0.4514326553291724,0.3808301995946505,0.40706933276674656,0.40179433559154437,0.0,0.38323120258787813,0.4520382808315045,0.0,0.46132009005381963,0.0,0.39108502661139166,0.417030618058885,0.44509082367653463,0.447924102803637,0.42122682716781257,0.4212713178325572,0.37802630164047535,0.4609939853459469,0.4098682708644204,0.43126707123865093,0.4873707332137434,0.5258876961871025,0.4896981105973412,0.2872139728644382,0.4698032046765736,0.47239413486491355,0.46839999882346456,0.5136482677207315,0.0,0.3531317222826488,0.0,0.40918339821016025,0.4564732050571734,0.0,0.0,0.0,0.44789021885559843,0.0,0.0,0.0,0.0,0.0,0.0,0.3542095945107054,0.0,0.5095460398997156,0.44998989200784445,0.0,0.4099646511475244,0.0,0.4856198026523143,0.48655719953815224,0.4786704081230803,0.5091267479408434,0.0,0.44860186405490543,0.5018677437501503,0.4987317121961827,0.4070516931369026,0.4813035255860326,0.0,0.43952678891086927
0.46897635433349943,0.4392617272141871,0.3520766875813556,0.4124161307662246,0.37203502560160523,0.43076435611345487,0.41306986617023134,0.36633880218012155,0.4123970471107416,0.46915841689191046,0.3016222797421945,0.4533161275892717,0.42388121254188077,0.40815284446901484,0.3898609873128024,0.44183874729457084,0.352110760981919,0.4538280330271846,0.2459586279824725,0.29341749735971884,0.38998762376949203,0.46132009005381963,0.0,0.5402932345245516,0.44310743266599806,0.4622804659515488,0.3658634960324514,0.43404500712728267,0.42065928969256977,0.4248440113505967,0.43561593943246424,0.4268789581422335,0.43875873401605264,0.4570715410780038,0.499659732936857,0.45344313990463786,0.43365470935930267,0.4721186208581377,0.521538903535878,0.0,0.521814921396568,0.5516155356274908,0.4956319504131415,0.468193868786269,0.0,0.485237439322955,0.4552311336435565,0.42241006135610876,0.0,0.4943253078551408,0.500482820533055,0.544064817478642,0.47772699904578697,0.5654065092823181,0.0,0.33877670174192726,0.4333558884336584,0.5283738209245917,0.5284904627437746,0.4984981974190872,0.38498045584928875,0.0,0.0,0.2312939377917459,0.5042785073589537,0.43753982867466523,0.5085351771829254,0.42974951694894414,0.0,0.3600073872664284,0.4989841165051956,0.5286774878758376,0.5166252972626129,0.5056888075047087,0.509343693862931,0.5275761820872216
0.3725791040417093,0.3137132548653067,0.34172235400091305,0.0,0.0,0.36203763453269355,0.3588305831358751,0.5400152328571487,0.3288043232344425,0.3452154758206885,0.4069945394794098,0.31322768042328164,0.31883163521856517,0.456389940763187,0.46314079133508634,0.37524586066697757,0.369246534096421,0.33818335231305025,0.34180938367326563,0.41290062396874844,0.5046293229482737,0.0,0.5402932345245516,0.0,0.3363109269626285,0.36859579258102065,0.47394301134290534,0.37310930797366404,0.39379146194375997,0.0,0.35788177768447027,0.2583194408088867,0.23329882630285026,0.2419351317238286,0.31275073864512637,0.0,0.0,0.23234798189766076,0.0,0.3660203534518793,0.0,0.0,0.0,0.0,0.0,0.27712341599893353,0.0,0.0,0.0,0.0,0.0,0.0,0.0,0.0,0.48486338182649474,0.0,0.44444462293277864,0.0,0.0,0.0,0.0,0.3913007853108522,0.41534104113789977,0.0,0.0,0.0,0.0,0.0,0.3856428127037811,0.44322569659693806,0.430566537747074,0.0,0.0,0.0,0.0,0.0
0.35682000949200343,0.38154300425265547,0.273119246251239,0.0,0.4032385351757745,0.37008303586964036,0.37205759343691075,0.4846722357816112,0.2534325601772648,0.3434264191008918,0.37430576762072876,0.370545579913566,0.4015855763975913,0.4298312373011908,0.4080752579562942,0.3780806335784646,0.31423343533339126,0.3297371583103969,0.0,0.3992126030826892,0.4271524282535411,0.39108502661139166,0.44310743266599806,0.3363109269626285,0.0,0.35389837848033245,0.41073910386663975,0.4167078754427059,0.3991816552274865,0.3314064352858831,0.35697223536128747,0.42015956673141197,0.3284173776243184,0.35641228314815004,0.39305724563222094,0.0,0.0,0.3321376525736573,0.44182141963199656,0.3971041444272616,0.4274201685450708,0.447787684312599,0.0,0.0,0.0,0.4119321787976156,0.4340453932333354,0.0,0.0,0.0,0.3087140939712854,0.0,0.0,0.0,0.47498824393705197,0.0,0.46479222088957023,0.33392365581061717,0.0,0.42703218593396364,0.43600806404824666,0.4296193743623711,0.4196280135241526,0.0,0.0,0.4117687142858315,0.420461769077658,0.3494449898394653,0.43167206725799184,0.4290852600512457,0.4327786923505114,0.3352159666491165,0.0,0.4194176502265814,0.0,0.41822467662508667
0.3767228328042525,0.41053042082612473,0.3509632009907026,0.0,0.3230541528612487,0.42298443739132074,0.3776793972385158,0.5076497577858242,0.2958882403595256,0.3573083809248907,0.35113025830511085,0.35427394831744013,0.4087150110903668,0.4655552643489237,0.41536266435407293,0.43212387960055226,0.350425943052683,0.372451390265269,0.0,0.4562875871717526,0.43670045611502606,0.417030618058885,0.4622804659515488,0.36859579258102065,0.35389837848033245,0.0,0.4764436152388797,0.42011757049175497,0.36549758746155026,0.3101472786475469,0.3861886750211057,0.4600392477321344,0.37727752876660736,0.4027169513095021,0.45425514034008263,0.5100015132962689,0.0,0.37230167349359705,0.47534309740839276,0.4332700530369555,0.47179277512456563,0.4882029345260075,0.0,0.0,0.43352067072853273,0.4509346424264548,0.4836407480884064,0.0,0.0,0.0,0.4479882436064575,0.0,0.0,0.0,0.5168751239230642,0.0,0.5006508635012643,0.3899201382935102,0.0,0.5496283876321069,0.4718565070827869,0.46107384139634955,0.43869781190060975,0.0,0.4873774703799648,0.5217698924090532,0.5010695921720733,0.5073363897558446,0.4603139282988844,0.45723717417178983,0.47725223221249397,0.4904587248391448,0.4705649668578701,0.47400360423341364,0.0,0.4496247906365817
0.5261164045327349,0.4308426345240647,0.34205398506037027,0.41757167975970744,0.3764576717954211,0.41634376850143984,0.42274859487201905,0.4622996410921563,0.3617746090062816,0.43190609856965845,0.38649439140789743,0.36641560938433787,0.4266544041573544,0.4550397552377809,0.4418389063861159,0.44124738856399537,0.33322405867990945,0.4328545478227162,0.39797725512858223,0.36577178662802534,0.4599821316371738,0.44509082367653463,0.3658634960324514,0.47394301134290534,0.41073910386663975,0.4764436152388797,0.0,0.43969992157922766,0.3914238946469011,0.42810091470094885,0.42783098664930597,0.4571117178229172,0.42572865469765364,0.4642080164228851,0.47418287484161764,0.538544456183847,0.4551735312609934,0.3633699173388537,0.5325726672668215,0.52997440734692,0.5507752906275287,0.5591999215655008,0.5248966639763266,0.40883306584580725,0.478166814619636,0.0,0.423126964773202,0.5913639900848463,0.3760702298370035,0.5255537018170828,0.5234992342615352,0.5556389274601506,0.5014474976171872,0.5705665794074009,0.37441961982191363,0.5597344032225796,0.4396035522038099,0.5930848749323597,0.5132214984652392,0.5032333028041325,0.36390967231885046,0.0,0.0,0.5633506311230349,0.5231524258971673,0.5115865255444416,0.538044603708569,0.5429888020216105,0.0,0.33811045767650194,0.4991991191117381,0.5347800210777298,0.554270735895235,0.5257711988017991,0.508754398269622,0.5369703300574286
0.4124873361692886,0.4470400052636346,0.42609446065680406,0.2693313781253861,0.334357678490564,0.3928769430947139,0.35147289361752054,0.4384123356835142,0.41088356970300655,0.39027140731605325,0.42686135806141223,0.37080293941947406,0.365807423904587,0.32810914468542557,0.0,0.4611269027299463,0.41374092448748934,0.4325987602598694,0.43024319245721715,0.40153504933860024,0.463401254206095,0.447924102803637,0.43404500712728267,0.37310930797366404,0.4167078754427059,0.42011757049175497,0.43969992157922766,0.0,0.3878248088523769,0.3370831437476113,0.37735682811466875,0.3960183304997927,0.374742742411475,0.3683194101752763,0.23352160875856254,0.2885583650471115,0.25925150237707095,0.3377449258434619,0.438192301734707,0.0,0.35109107395615463,0.40102107706195284,0.4400035783176763,0.4041231815096433,0.0,0.0,0.32744889587751336,0.4334570041930991,0.0,0.0,0.5145557328980097,0.4011711345292766,0.48695175044694555,0.401678448061387,0.39313691571397114,0.3918714227599439,0.41843421944079273,0.46026723250276835,0.0,0.464158644375639,0.0,0.0,0.0,0.3803112962152138,0.489119143831665,0.4771974018124361,0.0,0.5196314661590962,0.0,0.35875470496103534,0.42417546419595176,0.5129385104566946,0.5118743280246631,0.49708265424970616,0.4380410462814633,0.5013410753546625
0.44955248477187615,0.4332367214617349,0.4039787870912531,0.3727431476771598,0.45057633341599673,0.3458617924537229,0.46916792078586905,0.40762963617847514,0.4054603312752736,0.38332241106255344,0.0,0.34645965644356647,0.46165777660410967,0.0,0.42133723247873284,0.44251066320132615,0.36413831329565816,0.43234188253313555,0.0,0.35580251209477826,0.4393408274143612,0.42122682716781257,0.42065928969256977,0.39379146194375997,0.3991816552274865,0.36549758746155026,0.3914238946469011,0.3878248088523769,0.0,0.32559138120681125,0.3714530142573508,0.4401313169888859,0.33788743831297685,0.42920473844950524,0.4554227411342159,0.5083002959568464,0.4271242948033747,0.3626260300470584,0.49738801502486935,0.42395918484503176,0.4932444935524899,0.49525329453591344,0.48586994412815127,0.38451508359715136,0.0,0.0,0.4292860476479582,0.4413267043566602,0.3669124767800216,0.0,0.487955845704272,0.3936472131031933,0.44429999095529876,0.0,0.0,0.4132627114229548,0.0,0.5023892878943182,0.0,0.4754758681368634,0.3518209559640263,0.0,0.34910104038270495,0.0,0.4882380905981347,0.4764859866988993,0.47870524342301624,0.5101071560349063,0.0,0.32660254836946906,0.45624583200906604,0.5043347429392736,0.49946864779118383,0.47632933226135865,0.4675263504498428,0.49464111112473347
0.39208986973138116,0.4314019785814557,0.4120546871526564,0.0,0.0,0.437849273142497,0.43137699284708864,0.41963306319463883,0.3931716587764645,0.35611609679974615,0.0,0.43097060868026604,0.4194899971906848,0.0,0.0,0.4228696761507516,0.30182843549146515,0.39112211891180243,0.0,0.30247382480567153,0.0,0.4212713178325572,0.4248440113505967,0.0,0.3314064352858831,0.3101472786475469,0.42810091470094885,0.3370831437476113,0.32559138120681125,0.0,0.3335334932424473,0.4123590997425046,0.0,0.3884211747012318,0.38946605456920985,0.4015463694768268,0.3343696366672455,0.37645198621662707,0.5062663153029996,0.0,0.0,0.0,0.0,0.0,0.0,0.0,0.0,0.42685950971318753,0.0,0.0,0.4422977497202344,0.37668235115287607,0.3245745307213607,0.421657400547586,0.0,0.0,0.0,0.37579366614569454,0.0,0.0,0.0,0.0,0.0,0.0,0.47150541857917333,0.0,0.0,0.5158423606939967,0.0,0.0,0.0,0.5127552790063558,0.41556374202093477,0.4538396392680695,0.0,0.45869904016662244
0.39339517315169586,0.37955875381018495,0.42224098461846954,0.3286788818242546,0.4156171203193926,0.42772972605808807,0.3985308952408146,0.438513803824049,0.4128163465747441,0.3262238063652006,0.4382784545271412,0.35597235556492274,0.4258919119426559,0.43030314872791153,0.425246793041946,0.37316565706813876,0.34303577664868107,0.3588552538695698,0.4198440147807791,0.3807638073409307,0.40780346452028504,0.37802630164047535,0.43561593943246424,0.35788177768447027,0.35697223536128747,0.3861886750211057,0.42783098664930597,0.37735682811466875,0.3714530142573508,0.3335334932424473,0.0,0.40472974757398533,0.33984501259653976,0.2816703426826517,0.2410470388867259,0.4223925828333526,0.3725538365932732,0.25334904394100255,0.5067263275275332,0.0,0.5176203001242988,0.0,0.0,0.4111664842961313,0.25985069781456127,0.0,0.4332969044370257,0.44070025216460507,0.0,0.0,0.5092194650484655,0.3688341150652216,0.4837905543427398,0.3896246665310996,0.4813941100406564,0.0,0.0,0.4037162592873775,0.0,0.4693246989608666,0.0,0.0,0.0,0.0,0.4713397124431978,0.0,0.4708576282269183,0.5186563908961113,0.0,0.4130436753076388,0.4445752135422062,0.5160647188688219,0.4878941852033841,0.49141007060846825,0.0,0.49296221322193007
0.4522117469381719,0.4362561368701543,0.3946836370128417,0.29591059565017724,0.3616847248776412,0.41719531663941267,0.38362765826820167,0.40629596335966756,0.3883117434920017,0.3589398605890157,0.350831429509052,0.2665259602940067,0.4034081686872128,0.28072392539451374,0.4576365475490905,0.4513407184877199,0.44362471109880297,0.46579007086347635,0.3795514637590877,0.4498403292293017,0.45535022382444557,0.4609939853459469,0.4268789581422335,0.2583194408088867,0.42015956673141197,0.4600392477321344,0.4571117178229172,0.3960183304997927,0.4401313169888859,0.4123590997425046,0.40472974757398533,0.0,0.38031636050569273,0.4023943437443057,0.4082062544904433,0.2691274708872758,0.32158454148274845,0.2870612389846773,0.2957058698144771,0.3011733879077657,0.33277835386632765,0.3410210089683972,0.37277743342406944,0.31350420876750895,0.2768615995554055,0.0,0.47416718760181376,0.4946496691115018,0.0,0.4484753696702138,0.46675833102462405,0.3071187314840988,0.4656756654468217,0.49769351033850556,0.228414844299324,0.35029525962275504,0.2643468874119359,0.40373048418405666,0.0,0.5070443953416878,0.5056227705250215,0.3799332682250286,0.45991317154835465,0.46615877034299397,0.4828041047881289,0.4816701800887428,0.48206426609735603,0.5146819796540634,0.25201725733203406,0.4969501312187022,0.5041411967528195,0.4978909124444639,0.3725576983770544,0.4895552664731956,0.0,0.410494655076067
0.34534596241261273,0.35388595541067436,0.0,0.0,0.0,0.4135632754379887,0.4108069415254165,0.4768157418001147,0.4090733399874343,0.3585596207062916,0.35965357515133445,0.30775281411380256,0.41867722885363773,0.5419808830749349,0.4356485523252776,0.3842830183258117,0.37089521685090493,0.3490731347375411,0.0,0.4015159545116571,0.38610691327547814,0.4098682708644204,0.43875873401605264,0.23329882630285026,0.3284173776243184,0.37727752876660736,0.42572865469765364,0.374742742411475,0.33788743831297685,0.0,0.33984501259653976,0.38031636050569273,0.0,0.25900827761781053,0.46862137752723,0.5127366124910628,0.21104486996910837,0.1836694257581515,0.33855239734494674,0.2939672495716515,0.26583228307321866,0.34012216140592116,0.0,0.0,0.24866847524561303,0.42910327266806636,0.4564271482785491,0.0,0.0,0.0,0.0,0.0,0.0,0.3153157679730942,0.41237471772665285,0.0,0.36477372428619886,0.27368971396279584,0.0,0.5137043060909832,0.44814809181842163,0.0,0.4621222842214628,0.0,0.46499465729952044,0.0,0.48568031201849526,0.4147723567792262,0.3628657356733786,0.4332862879147144,0.44159894357466095,0.0,0.2877305907958846,0.44508395353283253,0.0,0.36178189519251824
0.4126207577209231,0.3895609611779323,0.42585783974824004,0.285385852251797,0.40780009489012625,0.4172129862874164,0.38469022408669146,0.4570920108846713,0.40329029824521373,0.34682092149358096,0.41749774921346655,0.26513169357412375,0.4051397159953106,0.48633589002686706,0.4550561142223537,0.39147806064083346,0.3667707598509699,0.3743891768488819,0.4028830606276651,0.43701022668650585,0.4225314357246641,0.43126707123865093,0.4570715410780038,0.2419351317238286,0.35641228314815004,0.4027169513095021,0.4642080164228851,0.3683194101752763,0.42920473844950524,0.3884211747012318,0.2816703426826517,0.4023943437443057,0.25900827761781053,0.0,0.33188327098930637,0.46071009928037027,0.3153193300201765,0.20360632778199397,0.331367431124546,0.45054523622168563,0.2657964327913175,0.3731917540855345,0.0,0.2955287857009168,0.23903564967886717,0.4325664547599518,0.4536192534773927,0.424797151785517,0.0,0.0,0.5004991867947752,0.3360959790963492,0.4835057492932546,0.3806394563247498,0.32343101440521865,0.0,0.35607967552577663,0.35370087261807975,0.0,0.502981537765045,0.44408281773759395,0.0,0.43425808259170023,0.0,0.4808567241026746,0.4569850376412247,0.4725594887972078,0.5289495906116103,0.0,0.4343193793935173,0.47625425351984446,0.5245487860868598,0.35209677816879265,0.5041048219784237,0.0,0.3519417915870006
0.4589745602511395,0.4705280541929154,0.0,0.26074351953836356,0.0,0.43267202248221265,0.0,0.4574485706922,0.37265157965265744,0.28508158013228835,0.40179422191803355,0.29955992808448567,0.39380958670384547,0.0,0.5018131337175523,0.43929114174581435,0.39140823904825756,0.41583052252099595,0.0,0.46849007817743665,0.5028861665675648,0.4873707332137434,0.499659732936857,0.31275073864512637,0.39305724563222094,0.45425514034008263,0.47418287484161764,0.23352160875856254,0.4554227411342159,0.38946605456920985,0.2410470388867259,0.4082062544904433,0.46862137752723,0.33188327098930637,0.0,0.4144799002947659,0.35006950957799476,0.2606892556782345,0.35263036094152406,0.0,0.0,0.3928789533489391,0.3163551296289844,0.33820497224143314,0.30221709375915,0.0,0.48138909298187205,0.33665001246085235,0.0,0.0,0.3786823970643919,0.2875258355573016,0.0,0.32599474227862546,0.0,0.0,0.3464225105006125,0.28017147644208557,0.0,0.529990058652545,0.46894964685818963,0.0,0.0,0.0,0.4870206554194976,0.5549139526048262,0.5041257391970833,0.5010230853418108,0.0,0.4616846015055514,0.5027820867942269,0.46462817239382187,0.3049014057699701,0.4754063461569907,0.0,0.0
0.48710992676230186,0.0,0.39589995637004965,0.2038373690683731,0.2508711579645139,0.43903018637735564,0.2984718399417857,0.3295368113746215,0.39421123260141644,0.22895159650720245,0.2438120074194799,0.31234507412751605,0.34212229669045024,0.20202872519023668,0.5269646836271186,0.0,0.0,0.0,0.341897795946972,0.5090091923989761,0.4407837551382401,0.5258876961871025,0.45344313990463786,0.0,0.0,0.5100015132962689,0.538544456183847,0.2885583650471115,0.5083002959568464,0.4015463694768268,0.4223925828333526,0.2691274708872758,0.5127366124910628,0.46071009928037027,0.4144799002947659,0.0,0.18963335411047796,0.0,0.377429141375949,0.0,0.0,0.0,0.33903479950420484,0.0,0.0,0.0,0.0,0.47696115477872875,0.0,0.363997926266138,0.44512031311506206,0.42977282009057505,0.3727658458129079,0.46316032580295474,0.0,0.368073254849973,0.0,0.4375910194056027,0.0,0.47378467203826397,0.0,0.0,0.0,0.4446494228943881,0.0,0.0,0.0,0.49285927204809526,0.0,0.0,0.0,0.4870119599181597,0.4904206245105842,0.48295859473607344,0.0,0.0
