0.0,0.43533658567619304,0.39380637351569686,0.0,0.0,0.4300953064640019,0.35720436056203086,0.5152731364058186,0.0,0.4561945892194067,0.0,0.44641864595606134,0.4200420133713827,0.5005570690896868,0.40311754816735507,0.4463089260441383,0.3949168165153621,0.4297596313487725,0.0,0.4208571768259784,0.4128552895653844,0.42228423282917066,0.47688724630719026,0.39207207190278315,0.41099644503904426,0.41097693392346263,0.4817606690243056,0.44063126864497754,0.4139901238106184,0.0,0.400505739603039,0.43046937964955984,0.3695812474094984,0.4200775605937238,0.4881862825161667,0.0,0.0,0.0,0.4565443505268191,0.43862151137961825,0.4544146356052675,0.47161636659307826,0.0,0.0,0.0,0.4103333992062687,0.48910428353604224,0.0,0.0,0.0,0.3837025723321966,0.0,0.5191091986708007,0.0,0.45620919065911963,0.0,0.0,0.0,0.0,0.0,0.49132251438633234,0.0,0.4709060875099241,0.0,0.0,0.3263432673894118,0.46577440538469084,0.46082166379636397,0.0,0.4781950870498161,0.5014276479541641,0.0,0.0,0.0,0.0,0.40905638428535057
0.43533658567619304,0.0,0.3411814824026368,0.0,0.3737806317249335,0.40680481594958506,0.414376570218244,0.4752475942279676,0.38267127507203086,0.3203445453273343,0.0,0.0,0.4296783321831655,0.0,0.42764032580919914,0.42806122082677717,0.3991041264397006,0.4391871951984912,0.0,0.40726217082052973,0.4356814720394702,0.42209361270523127,0.43841682368252854,0.0,0.4070236439077794,0.41076318038316506,0.4204505050919995,0.44250822722151434,0.40836023278915556,0.0,0.38302287528116513,0.43135438428116557,0.3810748352094693,0.39497639629413456,0.4876778252260382,0.4191708413469319,0.0,0.0,0.47183917956942667,0.46915269409217497,0.47210159060792134,0.5061212005657402,0.0,0.0,0.0,0.48734441153549823,0.48334252732883587,0.0,0.0,0.0,0.41549498026556025,0.0,0.0,0.0,0.0,0.0,0.0,0.3066877093666094,0.0,0.49789075663840965,0.48612952477538046,0.0,0.5085585034009711,0.0,0.46932259129417075,0.5066204466437365,0.47559937246142026,0.4997416094455374,0.0,0.5001157923725889,0.5156873575521623,0.4702128487994135,0.0,0.4765183847723521,0.0,0.46159480242802126
0.39380637351569686,0.3411814824026368,0.0,0.3758594387131091,0.3880282153018786,0.43621459164805637,0.4488550488732859,0.4631950082183279,0.3260474779088279,0.4243909394156097,0.32761938254926537,0.3502722781784791,0.46410475020815417,0.4356477145907532,0.0,0.0,0.390350330039282,0.0,0.30312230578167537,0.0,0.4018475395383976,0.0,0.34468935929760414,0.0,0.2797112106805112,0.3999673827326273,0.408014361744596,0.47203526650369776,0.0,0.0,0.48828962934772985,0.46756131722367433,0.0,0.4824511874675028,0.4431430618294868,0.4302573100051123,0.44277106651051934,0.0,0.5236690316602085,0.0,0.5036361362535975,0.0,0.49672457025966843,0.0,0.0,0.0,0.0,0.3682020982830115,0.0,0.5048678001096131,0.5689390709384408,0.5114123429138286,0.5979580090921921,0.5693563847779269,0.0,0.41325143418710186,0.0,0.5269642981463712,0.5369118279510959,0.0,0.0,0.0,0.0,0.32656153699956103,0.0,0.0,0.0,0.5772851763317249,0.0,0.0,0.0,0.5929359298584777,0.4844748037050639,0.0,0.0,0.5051508294712209
0.0,0.0,0.3758594387131091,0.0,0.2284349178252635,0.412124482988896,0.2616348465243873,0.42721601216072225,0.40531567315748723,0.0,0.3771488870821861,0.2840442573335093,0.33485095316633223,0.2957177029184627,0.0,0.0,0.0,0.0,0.3955111771662892,0.0,0.0,0.0,0.41400452477374855,0.0,0.0,0.0,0.415226129136903,0.2551036144210561,0.0,0.0,0.0,0.2716306284433083,0.0,0.2195140609471431,0.279682676676203,0.20226085197642887,0.17953370583743028,0.0,0.0,0.0,0.0,0.0,0.0,0.0,0.0,0.0,0.0,0.0,0.0,0.0,0.0,0.0,0.0,0.0,0.0,0.0,0.0,0.0,0.0,0.0,0.0,0.0,0.0,0.0,0.0,0.0,0.0,0.0,0.0,0.0,0.0,0.0,0.0,0.0,0.0,0.0
0.0,0.3737806317249335,0.3880282153018786,0.2284349178252635,0.0,0.3774148244795396,0.34342328541480766,0.36596670423309263,0.3386055369138467,0.44134255321922206,0.3296272992315367,0.34008974861702307,0.3759945343622408,0.29683140287409293,0.0,0.42021944346087314,0.0,0.37068485881932745,0.3526311137711531,0.0,0.0,0.44365786394906676,0.40702139688832606,0.0,0.3712957655918947,0.3618572914109321,0.3943159594922608,0.37581756874733735,0.4597178773334325,0.0,0.43757050471595565,0.3426031338912854,0.0,0.42083327477069854,0.3981670561609616,0.24095192252714925,0.22265426562205137,0.3643381188188047,0.38783112206596443,0.0,0.0,0.0,0.3877307453439171,0.0,0.0,0.0,0.0,0.4403786145962732,0.0,0.3584613962953227,0.4778217354727481,0.35838831143512345,0.0,0.4218438551834975,0.0,0.42866278746560077,0.0,0.353144600386483,0.41649054288930987,0.0,0.0,0.0,0.0,0.4277360743093028,0.0,0.0,0.0,0.5134665779733132,0.0,0.0,0.0,0.5032093984460384,0.3770160442807577,0.38657261506495894,0.0,0.0
0.4300953064640019,0.40680481594958506,0.43621459164805637,0.412124482988896,0.3774148244795396,0.0,0.42918284514178,0.44834329796795425,0.366558424508141,0.4746984192131156,0.36967879119318686,0.4006307290023367,0.4249944275356359,0.4383755752421136,0.4418657337858838,0.4473049171364833,0.33337135873085383,0.441559080551412,0.4064002744113878,0.40761500346269147,0.4546986924648358,0.4358909340657574,0.4353651416377041,0.4057630683888146,0.4063631815629223,0.43145232025674907,0.39533652238475586,0.43060610182195325,0.38454852091197445,0.4287541313546703,0.45718055619793346,0.4222617966829741,0.3777513676401498,0.4428234112930299,0.4457416779241933,0.4476943135364023,0.4503253185154396,0.37873011663942174,0.512891057795433,0.0,0.5236629759642631,0.4052168139805051,0.5205834103753127,0.37459257525569317,0.0,0.0,0.36829958580639094,0.5767419297059395,0.0,0.4824094610305654,0.5427838555116498,0.5425779720928354,0.5260224975748785,0.5602496072014237,0.0,0.5341107778851926,0.447314438558397,0.5615204195807327,0.4840652041013628,0.4936744966565254,0.32951818086150947,0.0,0.3267114025937823,0.5489412530420902,0.5201566020367816,0.4554760843497212,0.4495676859300038,0.5447237676503349,0.0,0.3337670829067168,0.43385341464655636,0.5462616676418284,0.5659148822596348,0.5060205571499036,0.5096787484792714,0.5444958408704208
0.35720436056203086,0.414376570218244,0.4488550488732859,0.2616348465243873,0.34342328541480766,0.42918284514178,0.0,0.4345114432893945,0.38678563975099217,0.39468862347633715,0.41811453118431774,0.3570820690429804,0.3670378061319737,0.33356004662847666,0.4346104667302517,0.4930641043270274,0.41447883546213604,0.4610887655706509,0.43008329548404,0.4463965635742705,0.4273307110559794,0.4654232881550978,0.4469925746872836,0.38222132673796666,0.4368800324970726,0.42005567680898287,0.44156751196893573,0.40639358687105676,0.4658944004635238,0.0,0.43079256867915916,0.38678254926223304,0.3645205570677361,0.40919928240519643,0.3588899369229339,0.3123584038922137,0.26438220657498895,0.3494040063569395,0.4189899326855265,0.0,0.0,0.0,0.3751092572492054,0.0,0.0,0.0,0.0,0.4724608797787091,0.0,0.41572442837745305,0.5102115269987109,0.4158090572742673,0.44632098256287733,0.44779387747103794,0.0,0.3286757555485229,0.0,0.39812670022992835,0.0,0.3989188712357769,0.0,0.0,0.0,0.34694094535583764,0.3993611377883165,0.0,0.0,0.5269109919377226,0.0,0.0,0.3454833860398058,0.5299979369477347,0.3971837478891331,0.40979070903654335,0.0,0.392604322563106
0.5152731364058186,0.4752475942279676,0.4631950082183279,0.42721601216072225,0.36596670423309263,0.44834329796795425,0.4345114432893945,0.0,0.4579649278590399,0.4628417918568355,0.3669046311886303,0.4685891341742322,0.448285059522325,0.38501849947446365,0.44777301870370145,0.473048202642563,0.0,0.5029304747107597,0.414683766745701,0.41764724645655416,0.4485935481078183,0.4243210442119149,0.41547346335905116,0.5386036295135822,0.5077347582601613,0.5167581922500984,0.4737098021869081,0.45675568948919465,0.4099087227335098,0.4331462683380815,0.4602315394480828,0.40850712709902237,0.5096761027714641,0.4541074391194763,0.4605181216612261,0.2553684250109892,0.4469643047324509,0.0,0.48295896789911463,0.0,0.0,0.0,0.4700159766079084,0.0,0.0,0.0,0.0,0.5341224818574122,0.0,0.4718772927808291,0.5175338315805932,0.48434923045252487,0.4649912626753115,0.5384007797134787,0.0,0.49195624159432777,0.0,0.5128682083147851,0.5351585005537911,0.5123572139959793,0.0,0.0,0.0,0.5120626159994768,0.5254809237735222,0.4156503822531793,0.0,0.5189368096361205,0.0,0.0,0.0,0.548167561537639,0.528436674113937,0.5128877051137112,0.0,0.5289175831422647
0.0,0.38267127507203086,0.3260474779088279,0.40531567315748723,0.3386055369138467,0.366558424508141,0.38678563975099217,0.4579649278590399,0.0,0.4776137744062042,0.3252751454945724,0.40232358939035845,0.38241777741621213,0.390908366572083,0.0,0.40892547097330395,0.3545556476232062,0.3231095334510432,0.30259799397755965,0.4084933968897049,0.34336329766480084,0.4329184907777973,0.42769081693180583,0.3862985419584996,0.350288341621172,0.34471136371934896,0.38799720979090413,0.45174309880021735,0.42530135391787943,0.0,0.47087876699814557,0.43473343361678907,0.36946776678576854,0.461357149426768,0.4483109730188944,0.40574369779220876,0.44912897362264576,0.4399096257199384,0.45693463247934013,0.0,0.27935919003449844,0.2930216397575913,0.4716511661461077,0.0,0.0,0.0,0.0,0.5513357932099833,0.0,0.43497703316627695,0.5470802281006656,0.4771190425123661,0.5347051019335501,0.5430737529698617,0.0,0.41773811370372754,0.0,0.46786420043669286,0.5078937175163585,0.3861990314474161,0.0,0.0,0.0,0.5249971688778545,0.41863036004326104,0.0,0.0,0.550298698665488,0.0,0.0,0.341093710892122,0.5519334482497779,0.42366510110475564,0.40201477724840906,0.0,0.4330049844671602
0.4561945892194067,0.3203445453273343,0.4243909394156097,0.0,0.44134255321922206,0.4746984192131156,0.39468862347633715,0.4628417918568355,0.4776137744062042,0.0,0.42649820965635077,0.3241026593047927,0.43482022626371003,0.39401536619615973,0.3636054489251,0.4118211145364992,0.35221304878052767,0.37325513645048647,0.42754912096967074,0.3819816836868689,0.49195429643715155,0.3716512712558806,0.459655106148553,0.3600234236717556,0.4065131220834417,0.40779890990840234,0.4314467024022936,0.4264175099201873,0.39435459423685626,0.3442770728683046,0.3617428194665026,0.3403692351782698,0.3684502385744448,0.36397263721755274,0.3765439634177583,0.3136898313981447,0.2850054308550835,0.34129451660060567,0.4264551508960013,0.4224041833685065,0.40909655819032564,0.0,0.0,0.0,0.37864042047790863,0.4351912735315472,0.0,0.0,0.0,0.0,0.3623281437500277,0.0,0.0,0.0,0.4835142716305417,0.0,0.48511301567509146,0.43529278587914694,0.0,0.0,0.396413328406494,0.47501252833748364,0.505702159895996,0.0,0.0,0.0,0.0,0.38413252824678545,0.48871183423071907,0.504762821544581,0.5296079772360225,0.38425641924344256,0.4392344016419958,0.0,0.0,0.4662442901648146
0.0,0.0,0.32761938254926537,0.3771488870821861,0.3296272992315367,0.36967879119318686,0.41811453118431774,0.3669046311886303,0.3252751454945724,0.42649820965635077,0.0,0.38126851483173757,0.41501776356102354,0.34677525602163595,0.0,0.0,0.0,0.3489088223514776,0.25523530689106383,0.0,0.44883166226456284,0.0,0.2800409578938126,0.0,0.36733077671579367,0.0,0.4237322282284505,0.4264772865865019,0.3448946519906812,0.0,0.4525314417555766,0.3989933312279692,0.3242741673103759,0.43690331382729053,0.4107568826109058,0.3418192799408736,0.4007692445003582,0.3708986536951397,0.3973814597870696,0.0,0.34983143484436513,0.30230313512207824,0.43060713908951087,0.0,0.0,0.0,0.0,0.4602902583498244,0.0,0.3632099231574838,0.5161111506863774,0.3927756480221788,0.4729394975261646,0.4041897578866392,0.0,0.2547893231540895,0.0,0.3956338696008628,0.4712882694735977,0.0,0.0,0.0,0.0,0.2145031763210354,0.0,0.0,0.0,0.5618478222545178,0.0,0.0,0.0,0.5555705586451283,0.373531454342961,0.0,0.0,0.3661736679305387
0.44641864595606134,0.0,0.3502722781784791,0.2840442573335093,0.34008974861702307,0.4006307290023367,0.3570820690429804,0.4685891341742322,0.40232358939035845,0.3241026593047927,0.38126851483173757,0.0,0.3886543059464795,0.0,0.0,0.0,0.4090175068552311,0.3839269556298377,0.3528850080503788,0.0,0.4569112994762783,0.0,0.45554654080357393,0.3339173737425258,0.4347107373610615,0.37579614291562446,0.3862715212341666,0.3863744379036293,0.0,0.0,0.3426643538697774,0.24571526019384549,0.28334171937525565,0.2673425877077347,0.3393004406561466,0.31305686247506764,0.30441377218514953,0.2487093911485306,0.2405872730020299,0.44714140763362403,0.4240404667373193,0.3313872196268742,0.0,0.0,0.39153132308148164,0.0,0.0,0.0,0.0,0.0,0.0,0.0,0.0,0.0,0.49410993395507286,0.0,0.4721156495852296,0.4492571694628791,0.0,0.0,0.0,0.5426867445237855,0.5152783775144391,0.0,0.0,0.0,0.0,0.0,0.49027576970583076,0.5275499086417728,0.5463427309921504,0.0,0.44915472156945035,0.0,0.0,0.47647073668486467
0.4200420133713827,0.4296783321831655,0.46410475020815417,0.33485095316633223,0.3759945343622408,0.4249944275356359,0.3670378061319737,0.448285059522325,0.38241777741621213,0.43482022626371003,0.41501776356102354,0.3886543059464795,0.0,0.37187902873755585,0.44707065636907645,0.4802896520203878,0.4368837970095816,0.4842425693103564,0.43400205800110164,0.45082423679358785,0.4687497100638201,0.47376727863515583,0.4567354922574545,0.3687117092257398,0.4443434667318592,0.4341154161731445,0.4536533979821297,0.3735708345508789,0.45382740243004344,0.4389943867953162,0.42922350415528004,0.4051691671786464,0.38115070905813675,0.4142120883255175,0.41010603509265875,0.3685631938619378,0.35753078698025365,0.37706561774294933,0.4723508625727302,0.0,0.40089554182715326,0.29013351447921343,0.41579070685439823,0.3104180371482035,0.0,0.0,0.33220970557108687,0.4990623033078164,0.0,0.3833978345823942,0.574113954933725,0.4161264469293287,0.4971356056733566,0.4362677587815366,0.0,0.3416923598198913,0.3466613934185586,0.4236330822515905,0.0,0.4206442667518835,0.3229130091112531,0.0,0.0,0.0,0.4844613962691519,0.4412699135131111,0.37706933454827013,0.527602554143641,0.0,0.3680039273671193,0.3892244762539119,0.5440932795458557,0.45987124473844276,0.5035727661677143,0.0,0.43598982223120747
0.5005570690896868,0.0,0.4356477145907532,0.2957177029184627,0.29683140287409293,0.4383755752421136,0.33356004662847666,0.38501849947446365,0.390908366572083,0.39401536619615973,0.34677525602163595,0.0,0.37187902873755585,0.0,0.0,0.0,0.0,0.0,0.38402459647324044,0.0,0.47536471225283705,0.0,0.42215975283073015,0.44368074254666157,0.0,0.4685328243905122,0.46695085825854066,0.2577750298597101,0.0,0.0,0.42823697608395306,0.24091684737019847,0.0,0.44229003971892783,0.4971579051652557,0.22212377210567252,0.182848145244841,0.0,0.0,0.0,0.0,0.0,0.41361047763852327,0.0,0.0,0.0,0.0,0.5284517114792376,0.0,0.4545078139598623,0.4196225819105993,0.40439092387206044,0.0,0.5353216692393733,0.0,0.4321663167112368,0.0,0.3723305301822368,0.485370038317578,0.0,0.0,0.0,0.0,0.4450408826570496,0.0,0.0,0.0,0.49800304790936034,0.0,0.0,0.0,0.38005234966467366,0.3460032251953088,0.0,0.0,0.0
0.40311754816735507,0.42764032580919914,0.0,0.0,0.0,0.4418657337858838,0.4346104667302517,0.44777301870370145,0.0,0.3636054489251,0.0,0.0,0.44707065636907645,0.0,0.0,0.4266426042697184,0.0,0.42438971374589857,0.0,0.34599708841285615,0.39835585081931857,0.34488850020499945,0.36938903517654426,0.47706132067819534,0.40551667063498315,0.38133772027150425,0.3719068941893786,0.43101635588506415,0.39935355737344214,0.43398710912494154,0.4082371037175985,0.4279908998800476,0.4111144410057158,0.4204779823400537,0.4747694146223513,0.5184235867862687,0.46152972794501157,0.0,0.48999634111085844,0.4814369396320627,0.49656787307394656,0.4936021875905306,0.512100449783537,0.0,0.0,0.0,0.48045335078595663,0.0,0.0,0.0,0.4925747776802292,0.0,0.5305076958419169,0.0,0.0,0.0,0.0,0.44106003176280956,0.0,0.5084085925881132,0.47083167041089996,0.0,0.3678024464097049,0.0,0.4848818195630535,0.49183795736056063,0.4985773345884177,0.51815006760488,0.0,0.409013997609322,0.5336623264124543,0.5112952752717277,0.45320876064153925,0.5024065531412857,0.0,0.4843014297918222
0.4463089260441383,0.42806122082677717,0.0,0.0,0.42021944346087314,0.4473049171364833,0.4930641043270274,0.473048202642563,0.40892547097330395,0.4118211145364992,0.0,0.0,0.4802896520203878,0.0,0.4266426042697184,0.0,0.41243457103324166,0.34658240218992065,0.0,0.41144243708159806,0.42487922129214917,0.3928565839762912,0.44223927555116793,0.390482841869885,0.43452157474862596,0.4516095996782467,0.44423939404727364,0.48303453443679856,0.44760710069169285,0.448022742456757,0.3947496532653369,0.4385258742184902,0.39472056276014106,0.396090350629745,0.4568982524529896,0.0,0.0,0.0,0.466236414839689,0.4676600243948529,0.4753089708202829,0.49439315393440353,0.0,0.0,0.0,0.47264368457939476,0.48938250084732915,0.0,0.0,0.0,0.0,0.0,0.0,0.0,0.375909383980764,0.0,0.0,0.0,0.0,0.48884070152538184,0.48888132749556823,0.3652842897506488,0.46589567942018506,0.0,0.45250125734511565,0.4520475627508563,0.47451030618796025,0.42371628278787227,0.0,0.48445283293947905,0.5071266390514769,0.4561485664627853,0.0,0.448312823556211,0.0,0.4577327011079118
0.3949168165153621,0.3991041264397006,0.390350330039282,0.0,0.0,0.33337135873085383,0.41447883546213604,0.0,0.3545556476232062,0.35221304878052767,0.0,0.4090175068552311,0.4368837970095816,0.0,0.0,0.41243457103324166,0.0,0.3493966462875502,0.0,0.3802696825526628,0.0,0.4159546953502044,0.36792123408446964,0.41145722099115745,0.3538215438665345,0.43501331424246026,0.0,0.44462328530225864,0.376465777224583,0.32525891965060055,0.36292192152701247,0.40086824531429693,0.3670089365244816,0.38782345878998364,0.4217223227830708,0.0,0.0,0.363361884116228,0.0,0.4261412125758121,0.440127191566505,0.0,0.0,0.0,0.3068115785276737,0.44989260448207036,0.0,0.0,0.0,0.0,0.0,0.0,0.0,0.0,0.49804946937100864,0.0,0.5294493867899617,0.0,0.0,0.0,0.0,0.48893782544721304,0.4931586914205265,0.0,0.0,0.0,0.0,0.0,0.49715886086162125,0.4786030479715052,0.512314317407491,0.0,0.0,0.0,0.0,0.43410738936088705
0.4297596313487725,0.4391871951984912,0.0,0.0,0.37068485881932745,0.441559080551412,0.4610887655706509,0.5029304747107597,0.3231095334510432,0.37325513645048647,0.3489088223514776,0.3839269556298377,0.4842425693103564,0.0,0.42438971374589857,0.34658240218992065,0.3493966462875502,0.0,0.0,0.4238001932953863,0.44936961393793684,0.43735916276997827,0.5022563541292315,0.4022042914085091,0.39235196999483496,0.4035943803950191,0.4550667133539154,0.47265473549254305,0.4444939731075098,0.40751494300332214,0.4032449924102293,0.4232588167446638,0.3646854562474324,0.39883660816313565,0.4658786396404416,0.0,0.0,0.3093484588839441,0.44507392740274904,0.4408377764178521,0.45404713737599084,0.47857593856245834,0.0,0.0,0.0,0.47534070535722206,0.4810536989252318,0.0,0.0,0.0,0.0,0.0,0.0,0.0,0.4926228490057798,0.0,0.5099733432244844,0.0,0.0,0.40478060659487625,0.483548165720079,0.46844448305704955,0.4689230108172435,0.0,0.3651235638058759,0.0,0.4625500261950106,0.3634036487395412,0.5160099527321704,0.4775843218424713,0.499386393879586,0.0,0.0,0.3620034928956158,0.0,0.45262162272076767
0.0,0.0,0.30312230578167537,0.3955111771662892,0.3526311137711531,0.4064002744113878,0.43008329548404,0.414683766745701,0.30259799397755965,0.42754912096967074,0.25523530689106383,0.3528850080503788,0.43400205800110164,0.38402459647324044,0.0,0.0,0.0,0.0,0.0,0.0,0.3321055757769627,0.0,0.24485346174191783,0.0,0.0,0.0,0.4223246124405053,0.44136294275559723,0.0,0.0,0.4689897166591684,0.4209132361653479,0.0,0.4517689519573794,0.4272125247612355,0.38689676044039745,0.41953577904468464,0.3614117224889152,0.4683533187977636,0.0,0.0,0.32729268745120405,0.4479583689258888,0.0,0.0,0.0,0.0,0.5275943383571713,0.0,0.4531518142867301,0.5580953126657587,0.4575146334999055,0.5321068402038742,0.5446644444119522,0.0,0.27706953147354374,0.0,0.4526926837948212,0.5005521119303882,0.0,0.0,0.0,0.0,0.5232415901625068,0.0,0.0,0.0,0.5644485443845746,0.0,0.0,0.0,0.5654555661217894,0.40305311679455996,0.0,0.0,0.0
0.4208571768259784,0.40726217082052973,0.0,0.0,0.0,0.40761500346269147,0.4463965635742705,0.41764724645655416,0.4084933968897049,0.3819816836868689,0.0,0.0,0.45082423679358785,0.0,0.34599708841285615,0.41144243708159806,0.3802696825526628,0.4238001932953863,0.0,0.0,0.41125384701179796,0.35555564021429625,0.2666938676873978,0.3904897728967176,0.4155071811152898,0.4294467675388356,0.35268036348575366,0.3824532913604416,0.3476187424517096,0.41697545206551595,0.36985684093079657,0.42311430983947146,0.3813842284654601,0.4016487101392063,0.45248704675880935,0.4951150458900813,0.44137030057618487,0.0,0.4775856420497431,0.4429349015630358,0.48391694117630596,0.4615265377785022,0.3928751661009349,0.0,0.0,0.0,0.45320343589902706,0.0,0.0,0.0,0.4859632677347242,0.38695372307191034,0.4890844778916847,0.0,0.0,0.0,0.0,0.4371650894811737,0.0,0.505564658731459,0.3831752415384833,0.0,0.34054154091846833,0.0,0.47369266127854026,0.4377095084299413,0.47439848597405954,0.5443113973961367,0.0,0.36535540608572903,0.48429809745827773,0.5116723649652918,0.5231831054157072,0.5323518525278684,0.0,0.4719829103050511
0.4128552895653844,0.4356814720394702,0.4018475395383976,0.0,0.0,0.4546986924648358,0.4273307110559794,0.4485935481078183,0.34336329766480084,0.49195429643715155,0.44883166226456284,0.4569112994762783,0.4687497100638201,0.47536471225283705,0.39835585081931857,0.42487922129214917,0.0,0.44936961393793684,0.3321055757769627,0.41125384701179796,0.0,0.4211638291831539,0.4226185342784063,0.4903607187174382,0.4534405126894749,0.40705058684960305,0.43494671583214845,0.4767015453039229,0.41797688477216566,0.43952905814215837,0.39481221308232983,0.4279193165707772,0.398719614465976,0.4020219563454963,0.47487746856028007,0.5065356917377675,0.0,0.43277476594675557,0.4679385923134476,0.45147466543442255,0.47765871293609247,0.5117311974283133,0.47670209483046916,0.0,0.0,0.40514801503391135,0.49320465787724044,0.0,0.0,0.0,0.4822350947878183,0.0,0.4276390612069398,0.0,0.0,0.0,0.0,0.47725898332753186,0.0,0.49854643709148294,0.48986868696506736,0.0,0.41869799599610236,0.0,0.4842471673353319,0.4506050351038438,0.48129972654549874,0.5179797043388159,0.0,0.45483132578118535,0.5191047796179273,0.52043020660362,0.5153928481397406,0.49476368484816896,0.0,0.45619659415515823
0.42228423282917066,0.42209361270523127,0.0,0.0,0.44365786394906676,0.4358909340657574,0.4654232881550978,0.4243210442119149,0.4329184907777973,0.3716512712558806,0.0,0.0,0.47376727863515583,0.0,0.34488850020499945,0.3928565839762912,0.4159546953502044,0.43735916276997827,0.0,0.35555564021429625,0.4211638291831539,0.0,0.4008728888158545,0.42084366682157254,0.431886636451153,0.42238196132351075,0.41587754848231695,0.4368341238006417,0.4002592030857906,0.44067164706082096,0.3706849481339693,0.42900944388842194,0.39426439817824505,0.3924173810559679,0.4587728089318675,0.5042217004529309,0.45303428312465227,0.0,0.4640862729471028,0.443046788292405,0.47126147928150186,0.4766933582308721,0.4242544811233822,0.3125139882797413,0.3082673320623625,0.4874144381709336,0.4773986785598509,0.0,0.0,0.0,0.4680857763290004,0.0,0.0,0.0,0.0,0.0,0.0,0.3454555859967792,0.0,0.5034310449547369,0.4919277071831472,0.0,0.44114806531401973,0.0,0.47930251443493815,0.4943014726267985,0.480488083096865,0.5051786442154919,0.0,0.4887549550720883,0.50532965986436,0.5119412353741469,0.3492534990731235,0.5041302708482633,0.0,0.4756496466598205
0.47688724630719026,0.43841682368252854,0.34468935929760414,0.41400452477374855,0.40702139688832606,0.4353651416377041,0.4469925746872836,0.41547346335905116,0.42769081693180583,0.459655106148553,0.2800409578938126,0.45554654080357393,0.4567354922574545,0.42215975283073015,0.36938903517654426,0.44223927555116793,0.36792123408446964,0.5022563541292315,0.24485346174191783,0.2666938676873978,0.4226185342784063,0.4008728888158545,0.0,0.5244408465479324,0.4855343117064282,0.473572732940696,0.36962360911936043,0.4504030863621097,0.4109064917815276,0.4306307235062297,0.4496717724313714,0.4222936425740128,0.4071760289935701,0.45081536105335956,0.46661722963155233,0.43788509875883835,0.4590607864803758,0.44446650773881685,0.5284180634226644,0.5229091670563552,0.5395841643614321,0.4578297556964593,0.5269571385419932,0.462981918464187,0.0,0.0,0.5067577548358422,0.5480897767926741,0.0,0.5478414312117946,0.5495652658432988,0.554813803030098,0.537246414148478,0.5694005172857565,0.0,0.527478155807825,0.4311063199269319,0.5485893465870797,0.5512268723642357,0.5342532700678649,0.411847848597812,0.0,0.3989046374204998,0.5652281081575402,0.5297074589912512,0.5421003629513041,0.5388299960481541,0.542160543680338,0.0,0.3990441226631522,0.5280848643941125,0.5520487243326725,0.5428099595776085,0.5242968908973313,0.5412892781376543,0.5462355747625656
0.39207207190278315,0.0,0.0,0.0,0.0,0.4057630683888146,0.38222132673796666,0.5386036295135822,0.3862985419584996,0.3600234236717556,0.0,0.3339173737425258,0.3687117092257398,0.44368074254666157,0.47706132067819534,0.390482841869885,0.41145722099115745,0.4022042914085091,0.0,0.3904897728967176,0.4903607187174382,0.42084366682157254,0.5244408465479324,0.0,0.40770762486220324,0.3919458196808195,0.4708380679454543,0.3517775787401309,0.38174211211375364,0.0,0.3633139459439512,0.28900459412673024,0.2413485598517712,0.29397627835772233,0.37979182685309665,0.34259460329525904,0.28710203917109267,0.2572405036967602,0.47900546055326026,0.42082948782635127,0.4117282401179005,0.0,0.0,0.0,0.34945011249633856,0.47933607260292593,0.0,0.0,0.0,0.0,0.0,0.0,0.0,0.0,0.4594570227794587,0.0,0.4482626419831328,0.44002045701130177,0.0,0.0,0.4931104411810594,0.4910167511681076,0.4967092541200387,0.0,0.0,0.0,0.0,0.0,0.4068581828669528,0.4917760538578427,0.5111001031781303,0.0,0.5012019930606949,0.0,0.0,0.4534487789519999
0.41099644503904426,0.4070236439077794,0.2797112106805112,0.0,0.3712957655918947,0.4063631815629223,0.4368800324970726,0.5077347582601613,0.350288341621172,0.4065131220834417,0.36733077671579367,0.4347107373610615,0.4443434667318592,0.0,0.40551667063498315,0.43452157474862596,0.3538215438665345,0.39235196999483496,0.0,0.4155071811152898,0.4534405126894749,0.431886636451153,0.4855343117064282,0.40770762486220324,0.0,0.3736586576761262,0.4131277501097383,0.4426064550658531,0.4321766356991299,0.3577359692502169,0.3971277363342054,0.4162987834892805,0.3405339183852221,0.38885069679278667,0.4286436675272869,0.3096241905093975,0.0,0.3734027114067181,0.4659245889632985,0.45517477534299905,0.46129371944542125,0.4834618324137432,0.0,0.0,0.40222142924265003,0.47666209459468817,0.47474703539812674,0.0,0.0,0.0,0.32613797654955967,0.0,0.4268044044059156,0.0,0.5134067823478966,0.0,0.5174177267799004,0.38660019330069345,0.0,0.45231400105763503,0.4849780173841286,0.4960646198555688,0.4754057664824257,0.0,0.43989449470502856,0.46186492466826856,0.49359493498353557,0.38819737087966255,0.48519519991748206,0.48502102139145564,0.5027348745842818,0.0,0.4075402214182429,0.4537107624557611,0.0,0.4617317081644983
0.41097693392346263,0.41076318038316506,0.3999673827326273,0.0,0.3618572914109321,0.43145232025674907,0.42005567680898287,0.5167581922500984,0.34471136371934896,0.40779890990840234,0.0,0.37579614291562446,0.4341154161731445,0.4685328243905122,0.38133772027150425,0.4516095996782467,0.43501331424246026,0.4035943803950191,0.0,0.4294467675388356,0.40705058684960305,0.42238196132351075,0.473572732940696,0.3919458196808195,0.3736586576761262,0.0,0.4634140215658583,0.4561779711655359,0.40258013799312636,0.34829996765044524,0.39828845066892765,0.43646974040586023,0.38401094650200784,0.404068576064739,0.45901094487630634,0.5000110082001837,0.0,0.4062893581279907,0.48438477859235896,0.47232112543209825,0.4890950762065408,0.48540127886354884,0.45634217314893327,0.0,0.4450125710621095,0.49236832359180505,0.5023894710630098,0.0,0.0,0.0,0.4553366493092535,0.0,0.5036000769866452,0.0,0.5464467582798581,0.0,0.5497519178213647,0.38391857517418987,0.0,0.5208712683196056,0.5051113045731387,0.5095978917109193,0.4897104197894375,0.0,0.49413135531445324,0.5176498967908663,0.49768598186709545,0.5065259592718477,0.48982282391137316,0.49858583020537584,0.5193785331384927,0.49870152573528764,0.4446596574143553,0.4991819004437504,0.0,0.47430634951302253
0.4817606690243056,0.4204505050919995,0.408014361744596,0.415226129136903,0.3943159594922608,0.39533652238475586,0.44156751196893573,0.4737098021869081,0.38799720979090413,0.4314467024022936,0.4237322282284505,0.3862715212341666,0.4536533979821297,0.46695085825854066,0.3719068941893786,0.44423939404727364,0.0,0.4550667133539154,0.4223246124405053,0.35268036348575366,0.43494671583214845,0.41587754848231695,0.36962360911936043,0.4708380679454543,0.4131277501097383,0.4634140215658583,0.0,0.44296510248998405,0.359616967493196,0.41622395434158116,0.4195659345218913,0.4254918405440829,0.39170109687281374,0.4297517120068459,0.4543302965109884,0.4820853655696085,0.45381152144355646,0.4094674875673152,0.5204314768198933,0.4906158074092323,0.5389762558415048,0.44383392883107753,0.5265239507895249,0.3961293945338066,0.0,0.0,0.416794000262763,0.5769362834158119,0.0,0.5160393371651265,0.5447226145092262,0.5555902974030004,0.5472388822707056,0.5714521652615185,0.0,0.5445661551540721,0.43561601819854057,0.5916858792134619,0.5307272037429698,0.5202392410918102,0.36344745241726806,0.0,0.3781140046750634,0.5516484307015026,0.526232483137075,0.495631493744619,0.5266453380451072,0.5507771568934919,0.0,0.34922239137734856,0.5058914816668848,0.5495654641306247,0.5644540032379526,0.521166752619198,0.5225583622454865,0.5420945596127892
0.44063126864497754,0.44250822722151434,0.47203526650369776,0.2551036144210561,0.37581756874733735,0.43060610182195325,0.40639358687105676,0.45675568948919465,0.45174309880021735,0.4264175099201873,0.4264772865865019,0.3863744379036293,0.3735708345508789,0.2577750298597101,0.43101635588506415,0.48303453443679856,0.44462328530225864,0.47265473549254305,0.44136294275559723,0.3824532913604416,0.4767015453039229,0.4368341238006417,0.4504030863621097,0.3517775787401309,0.4426064550658531,0.4561779711655359,0.44296510248998405,0.0,0.38801920728435396,0.33662601434181155,0.4064895497023407,0.4022509871590516,0.36726752164512655,0.4085165569961974,0.3884388312228145,0.26236936351723195,0.28522225495324527,0.3637583813234036,0.44696712643253206,0.0,0.42666375248201227,0.3342780194784689,0.447988833697248,0.0,0.0,0.0,0.0,0.46038372205587363,0.0,0.36188155177062564,0.5508068994839743,0.4094384328293839,0.5315811642763707,0.4056109527373195,0.0,0.3172963916268754,0.31548365855604354,0.46010072858233464,0.0,0.5078941776415671,0.35207177624082153,0.0,0.0,0.0,0.5177779381043598,0.5049527135881079,0.4628223352743388,0.5289872831459642,0.0,0.377410293659096,0.42339532288814796,0.5278662667545853,0.5101504301873245,0.5276802907458196,0.4599168856601563,0.5187771208983226
0.4139901238106184,0.40836023278915556,0.0,0.0,0.4597178773334325,0.38454852091197445,0.4658944004635238,0.4099087227335098,0.42530135391787943,0.39435459423685626,0.3448946519906812,0.0,0.45382740243004344,0.0,0.39935355737344214,0.44760710069169285,0.376465777224583,0.4444939731075098,0.0,0.3476187424517096,0.41797688477216566,0.4002592030857906,0.4109064917815276,0.38174211211375364,0.4321766356991299,0.40258013799312636,0.359616967493196,0.38801920728435396,0.0,0.3690874417696497,0.37434166456503126,0.424012061119925,0.365720085895253,0.4014503767501404,0.4462543337806878,0.4952282408719232,0.43370300086060926,0.0,0.49314462858007385,0.4369487603110323,0.4893715064225915,0.4494147361912896,0.4830144518013478,0.0,0.0,0.0,0.4414558403966332,0.0,0.0,0.3973253844082562,0.5140488780607985,0.4115336108873833,0.481934482475059,0.0,0.0,0.0,0.0,0.49860370201674026,0.0,0.5022898103843647,0.36333099151858916,0.0,0.34814067498898543,0.0,0.4909142042781144,0.4783353008396336,0.49415089096186604,0.5175331647474715,0.0,0.34072435196029244,0.48146945463017493,0.5120971783909692,0.5331395168561001,0.4947937259877883,0.4980393374969854,0.49497362696343367
0.0,0.0,0.0,0.0,0.0,0.4287541313546703,0.0,0.4331462683380815,0.0,0.3442770728683046,0.0,0.0,0.4389943867953162,0.0,0.43398710912494154,0.448022742456757,0.32525891965060055,0.40751494300332214,0.0,0.41697545206551595,0.43952905814215837,0.44067164706082096,0.4306307235062297,0.0,0.3577359692502169,0.34829996765044524,0.41622395434158116,0.33662601434181155,0.3690874417696497,0.0,0.34090288325025814,0.40347120444688533,0.0,0.3733170121399546,0.4180082210757831,0.4047528597100996,0.0,0.0,0.5089040327763876,0.0,0.0,0.0,0.0,0.0,0.0,0.0,0.0,0.0,0.0,0.0,0.4553943253370317,0.0,0.0,0.0,0.0,0.0,0.0,0.37761818561788785,0.0,0.4650391003624323,0.0,0.0,0.0,0.0,0.5155553751272386,0.0,0.0,0.5236703158514675,0.0,0.0,0.0,0.5248952134898506,0.44723950767053944,0.4839415355926607,0.0,0.0
0.400505739603039,0.38302287528116513,0.48828962934772985,0.0,0.43757050471595565,0.45718055619793346,0.43079256867915916,0.4602315394480828,0.47087876699814557,0.3617428194665026,0.4525314417555766,0.3426643538697774,0.42922350415528004,0.42823697608395306,0.4082371037175985,0.3947496532653369,0.36292192152701247,0.4032449924102293,0.4689897166591684,0.36985684093079657,0.39481221308232983,0.3706849481339693,0.4496717724313714,0.3633139459439512,0.3971277363342054,0.39828845066892765,0.4195659345218913,0.4064895497023407,0.37434166456503126,0.34090288325025814,0.0,0.35291323643394185,0.3356629364059357,0.2904602482517219,0.28892080763138656,0.4176027111932815,0.33473909053071577,0.3035913221485844,0.39508573640323097,0.4564599391859361,0.4193378704273845,0.3438558998428371,0.28540382861116925,0.19803545000160977,0.0,0.4519851211973477,0.4459217215895772,0.46544969268181147,0.0,0.0,0.5505332406681385,0.38608596557716884,0.5174461468162643,0.4031987505301198,0.4878477578297576,0.0,0.35379529152453687,0.4134892739744427,0.0,0.48702759384755273,0.4483562098460807,0.48752586956104477,0.47479931714234386,0.0,0.48847519515134263,0.4000667589493891,0.46499506249990313,0.5288109138932888,0.0,0.4845297296871989,0.4781091763827057,0.5356208891892807,0.47685711424463534,0.5171938216692553,0.0,0.4849269072381988
0.43046937964955984,0.43135438428116557,0.46756131722367433,0.2716306284433083,0.3426031338912854,0.4222617966829741,0.38678254926223304,0.40850712709902237,0.43473343361678907,0.3403692351782698,0.3989933312279692,0.24571526019384549,0.4051691671786464,0.24091684737019847,0.4279908998800476,0.4385258742184902,0.40086824531429693,0.4232588167446638,0.4209132361653479,0.42311430983947146,0.4279193165707772,0.42900944388842194,0.4222936425740128,0.28900459412673024,0.4162987834892805,0.43646974040586023,0.4254918405440829,0.4022509871590516,0.424012061119925,0.40347120444688533,0.35291323643394185,0.0,0.3353468990320787,0.3477049773458379,0.3759773135134711,0.28540056981352036,0.3062557262179134,0.2537395987969564,0.32122521376989044,0.3562164534744022,0.3610288712618189,0.3587937887483981,0.3454637590631668,0.2954964640992686,0.30730807786343817,0.46157253509335866,0.48192571664871275,0.5217431986829534,0.0,0.42317418426908565,0.5028204187131641,0.42446038054883,0.47175128553126683,0.44764688912142475,0.3596171371034316,0.0,0.29034695417272255,0.5266814312728264,0.4749003324937792,0.5065806355411515,0.5220621152800619,0.41815236869952427,0.4539854666440433,0.0,0.49554892583438215,0.4832919598491605,0.47561467629468374,0.5123972537986563,0.0,0.4896578394273805,0.4968633556839196,0.5066780628245715,0.392987085031064,0.4956981544498704,0.5248548634220083,0.47037948495066967
0.3695812474094984,0.3810748352094693,0.0,0.0,0.0,0.3777513676401498,0.3645205570677361,0.5096761027714641,0.36946776678576854,0.3684502385744448,0.3242741673103759,0.28334171937525565,0.38115070905813675,0.0,0.4111144410057158,0.39472056276014106,0.3670089365244816,0.3646854562474324,0.0,0.3813842284654601,0.398719614465976,0.39426439817824505,0.4071760289935701,0.2413485598517712,0.3405339183852221,0.38401094650200784,0.39170109687281374,0.36726752164512655,0.365720085895253,0.0,0.3356629364059357,0.3353468990320787,0.0,0.2648425221189259,0.4450948469699243,0.47698235668348726,0.2747639028967971,0.1933838516747259,0.2540850977048474,0.3135085055344788,0.3718552292228725,0.359742487033885,0.28257892850403793,0.0,0.29007343341332165,0.44606187894287214,0.46915996246768066,0.0,0.0,0.0,0.0,0.0,0.0,0.0,0.39074524496300833,0.0,0.3848174193017809,0.3725835418253012,0.0,0.5009622394887464,0.46738768862404,0.41429102346406943,0.517026130686472,0.0,0.46638590481150943,0.4609313415336921,0.4777395042715329,0.0,0.3440097523628418,0.47049185774574404,0.48270307018121467,0.0,0.3347075245472211,0.468495254877919,0.0,0.41206791916786817
0.4200775605937238,0.39497639629413456,0.4824511874675028,0.2195140609471431,0.42083327477069854,0.4428234112930299,0.40919928240519643,0.4541074391194763,0.461357149426768,0.36397263721755274,0.43690331382729053,0.2673425877077347,0.4142120883255175,0.44229003971892783,0.4204779823400537,0.396090350629745,0.38782345878998364,0.39883660816313565,0.4517689519573794,0.4016487101392063,0.4020219563454963,0.3924173810559679,0.45081536105335956,0.29397627835772233,0.38885069679278667,0.404068576064739,0.4297517120068459,0.4085165569961974,0.4014503767501404,0.3733170121399546,0.2904602482517219,0.3477049773458379,0.2648425221189259,0.0,0.3498340334643304,0.4143778049398114,0.3374489951975836,0.23665607464029587,0.3680862122124248,0.4174352811102246,0.4035873131506167,0.3764103230801017,0.2754266915026295,0.2962309027081585,0.30995074788737487,0.4506769242917668,0.4679336765869681,0.0,0.0,0.0,0.5462467042882905,0.4060802632423856,0.4780065321420479,0.0,0.45326397964849785,0.0,0.3091234110022863,0.43161512944341285,0.0,0.49208046795764304,0.46948115964091086,0.4719037670915929,0.48340252056022187,0.0,0.48593173772516096,0.4658873586255727,0.468957968118326,0.5268282068988,0.4434514468446092,0.47732747529066427,0.49675545612432626,0.518017539706463,0.45350110555172246,0.5095294030982129,0.0,0.4637417969429739
0.4881862825161667,0.4876778252260382,0.4431430618294868,0.279682676676203,0.3981670561609616,0.4457416779241933,0.3588899369229339,0.4605181216612261,0.4483109730188944,0.3765439634177583,0.4107568826109058,0.3393004406561466,0.41010603509265875,0.4971579051652557,0.4747694146223513,0.4568982524529896,0.4217223227830708,0.4658786396404416,0.4272125247612355,0.45248704675880935,0.47487746856028007,0.4587728089318675,0.46661722963155233,0.37979182685309665,0.4286436675272869,0.45901094487630634,0.4543302965109884,0.3884388312228145,0.4462543337806878,0.4180082210757831,0.28892080763138656,0.3759773135134711,0.4450948469699243,0.3498340334643304,0.0,0.424355237517841,0.35178078626123477,0.27961546508141777,0.32970779736558486,0.32353043962813116,0.38021420081055907,0.37809757384570364,0.2933817185785499,0.29577172727123896,0.33869447442400036,0.0,0.4959155516346821,0.0,0.0,0.0,0.35043847841281295,0.2739318307818265,0.0,0.31064171383300765,0.3263448390038693,0.0,0.3004071898520489,0.29906018242598886,0.0,0.5213970569527228,0.493724173904249,0.4405558559298183,0.48322979443850883,0.0,0.49082478578044186,0.0,0.5015883534955707,0.49952220368477646,0.0,0.5072929678422804,0.5201162657314065,0.0,0.2752891154342845,0.49642079097888453,0.0,0.29331112217397637
0.0,0.4191708413469319,0.4302573100051123,0.20226085197642887,0.24095192252714925,0.4476943135364023,0.3123584038922137,0.2553684250109892,0.40574369779220876,0.3136898313981447,0.3418192799408736,0.31305686247506764,0.3685631938619378,0.22212377210567252,0.5184235867862687,0.0,0.0,0.0,0.38689676044039745,0.4951150458900813,0.5065356917377675,0.5042217004529309,0.43788509875883835,0.34259460329525904,0.3096241905093975,0.5000110082001837,0.4820853655696085,0.26236936351723195,0.4952282408719232,0.4047528597100996,0.4176027111932815,0.28540056981352036,0.47698235668348726,0.4143778049398114,0.424355237517841,0.0,0.21074321895098455,0.28073527837386697,0.31329011907525484,0.0,0.3195619185203984,0.3450235836457022,0.38137054443207774,0.2749785825363103,0.0,0.0,0.0,0.4759280595597746,0.0,0.40556097896574694,0.4504190533000689,0.36168583307763935,0.4269419149813047,0.0,0.0,0.4263032411843756,0.0,0.4312061593871021,0.45804566109346734,0.47495072210851025,0.0,0.0,0.0,0.4246061101474327,0.45640920691264425,0.0,0.4912247393102249,0.4998455256389305,0.0,0.0,0.498203504798837,0.5072667273207729,0.3253064715011682,0.4777212923466209,0.0,0.0
