0.1729526770320301,0.4923167598722405,0.4631466770236571,0.1729526770320301,0.43555202513275076,0.5732682325582638,0.44345360987960886,0.5385440345731182,0.4528430578114396,0.5093768513083332,0.1729526770320301,0.1729526770320301,0.4734341374164973,0.1729526770320301,0.443636041655725,0.4426290811988064,0.44887468109590895,0.4439114614850611,0.1729526770320301,0.4670778320830692,0.48190914052873857,0.4641155870421515,0.5243766190093865,0.48881366346410743,0.4936369689057809,0.5106099331771329,0.4778315748679089,0.1729526770320301,0.48512204108786167,0.1729526770320301,0.49726835983441514,0.5124700196037204,0.4548177887890503,0.4982724645241677,0.4968235929335123,0.4070221978099201,0.1729526770320301,0.1729526770320301,0.1729526770320301,0.1729526770320301,0.4432406454725573,0.1729526770320301,0.1729526770320301,0.1729526770320301,0.1729526770320301,0.4024351373210405,0.4397161722631057,0.1729526770320301,0.1729526770320301,0.1729526770320301,0.1729526770320301,0.1729526770320301,0.1729526770320301,0.1729526770320301,0.1729526770320301,0.1729526770320301,0.1729526770320301,0.1729526770320301,0.1729526770320301,0.1729526770320301,0.4330968611746964,0.1729526770320301,0.43912670996015873,0.1729526770320301,0.4864751350616796,0.45651756018199374,0.46378556647566854,0.1729526770320301,0.1729526770320301,0.42926721720221844,0.4662679015008776,0.1729526770320301,0.1729526770320301,0.477525061553208,0.1729526770320301,0.41318843850317455
0.4923167598722405,0.1729526770320301,0.46990121128885326,0.1729526770320301,0.5773661930992591,0.5582148494497277,0.6952934801042641,0.47579635132110487,0.6855438857512385,0.47292541225683127,0.416851535015661,0.1729526770320301,0.5824236707031504,0.1729526770320301,0.4499708132128074,0.488373273834283,0.1729526770320301,0.46184212290499616,0.4887178428930231,0.5539482534587798,0.4967400950247849,0.5343849620832425,0.4930207752862001,0.48002013982337477,0.5477103672582946,0.5666371468559209,0.533175337908453,0.5404316991870125,0.5660209316158243,0.1729526770320301,0.5163438297802005,0.5307061585984445,0.46903599162120096,0.5023160582791284,0.5085710529039672,0.4038461758432383,0.5177134078474818,0.1729526770320301,0.5098828339124684,0.4623059065984098,0.4753315059031561,0.5052458977576993,0.46250816894019336,0.1729526770320301,0.1729526770320301,0.4987772553759071,0.491670757546768,0.1729526770320301,0.1729526770320301,0.1729526770320301,0.4257389464823367,0.1729526770320301,0.1729526770320301,0.1729526770320301,0.1729526770320301,0.1729526770320301,0.1729526770320301,0.365981160692628,0.1729526770320301,0.49050680124481083,0.4675862894163329,0.1729526770320301,0.4567354325936837,0.1729526770320301,0.44905305390024197,0.49515510749291447,0.48240741468699266,0.49060626489385795,0.1729526770320301,0.45441937505634916,0.498947492077488,0.465013930894061,0.37607102775344187,0.4510962378014346,0.1729526770320301,0.45742873243798354
0.4631466770236571,0.46990121128885326,0.1729526770320301,0.45601620278760296,0.5372107395003901,0.5270376324676396,0.5255813753028452,0.5620480787819733,0.4901752510555734,0.4633946711798018,0.46006635982958305,0.40208668461570496,0.5280441569956997,0.5239783676819482,0.4306171964587608,0.47177398614554206,0.1729526770320301,0.1729526770320301,0.4700777577655819,0.4729337726982009,0.4517105447331125,0.48864738929618307,0.5249146186277749,0.4296792203886206,0.40064633620319723,0.40917881348538276,0.5189246068685678,0.5196559066306781,0.5126726487861996,0.4783100381269967,0.5112593914671785,0.4884085457551041,0.40179441802213944,0.5048254872025495,0.4999393860441216,0.503731090375775,0.4914822801233574,0.40166018961886707,0.444888041113435,0.1729526770320301,0.4118427298097989,0.3913241338859957,0.5479395777032667,0.1729526770320301,0.1729526770320301,0.1729526770320301,0.4027000557754689,0.5051226171402436,0.1729526770320301,0.5205899889287972,0.5689423403858838,0.48015839795550513,0.5921818705814024,0.5843446004233733,0.1729526770320301,0.43122035499038747,0.1729526770320301,0.5315343048883815,0.5751375095735249,0.40939105809011006,0.1729526770320301,0.1729526770320301,0.1729526770320301,0.46047807406437014,0.4027273831565086,0.4105733276659361,0.39855064049977845,0.5677570120968888,0.1729526770320301,0.1729526770320301,0.1729526770320301,0.5759678023511448,0.40999138448984973,0.4193123233024901,0.1729526770320301,0.1729526770320301
0.1729526770320301,0.1729526770320301,0.45601620278760296,0.1729526770320301,0.5025612137631429,0.49566608741155915,0.47830037556565286,0.4476730068294712,0.525148118968925,0.3824561174692601,0.4865260084844734,0.4057225298365641,0.4840569264902656,0.43774058135616717,0.1729526770320301,0.1729526770320301,0.1729526770320301,0.1729526770320301,0.516509668884534,0.4372371673082193,0.1729526770320301,0.4590644143129052,0.45860653339677093,0.4468707317528198,0.40084058698948716,0.4730057252155845,0.46684981871336745,0.47290857494000466,0.4411415148070092,0.40096397970793773,0.44294576795916074,0.39571002465509914,0.1729526770320301,0.3766597174322439,0.4386714159640754,0.396882472235477,0.39012758773386835,0.3624346594844374,0.1729526770320301,0.1729526770320301,0.1729526770320301,0.1729526770320301,0.1729526770320301,0.1729526770320301,0.1729526770320301,0.1729526770320301,0.1729526770320301,0.1729526770320301,0.1729526770320301,0.1729526770320301,0.4042963412984324,0.1729526770320301,0.1729526770320301,0.1729526770320301,0.1729526770320301,0.1729526770320301,0.1729526770320301,0.4118294405703494,0.1729526770320301,0.1729526770320301,0.1729526770320301,0.1729526770320301,0.1729526770320301,0.1729526770320301,0.1729526770320301,0.1729526770320301,0.1729526770320301,0.38590701501054886,0.1729526770320301,0.1729526770320301,0.1729526770320301,0.38425182269174724,0.41530038649448187,0.39972949628535326,0.1729526770320301,0.1729526770320301
0.43555202513275076,0.5773661930992591,0.5372107395003901,0.5025612137631429,0.1729526770320301,0.5295070432607065,0.5190660285032749,0.48979453344184687,0.5459682970480627,0.5580784709385724,0.536327508182722,0.48000059262543665,0.5074434584007167,0.5170694684260895,0.1729526770320301,0.5319002833870742,0.1729526770320301,0.4790794187467387,0.5573600059155611,0.5640957062295882,0.4354679202438672,0.5518913689566013,0.48085045203417065,0.5054183174220666,0.5406020765665579,0.49555514034137793,0.49287386559180446,0.5033851665305388,0.536545898967458,0.5454231792511696,0.520775478934241,0.5306950540906121,0.4800307166821687,0.5261047767509303,0.5282651098320252,0.4774834325100924,0.4591989521632374,0.45655940968554104,0.401679366088985,0.417746323723252,0.4033837190089941,0.40848279330463894,0.47006392803134234,0.1729526770320301,0.1729526770320301,0.43855993900382745,0.42501720929319026,0.1729526770320301,0.1729526770320301,0.1729526770320301,0.4732368057434664,0.397527208273591,0.1729526770320301,0.1729526770320301,0.1729526770320301,0.1729526770320301,0.1729526770320301,0.3902457435670065,0.1729526770320301,0.42410712836444625,0.4162188135173828,0.1729526770320301,0.42313230676140584,0.1729526770320301,0.4040385895003296,0.43639559275626816,0.4100903258881024,0.5119916389188335,0.1729526770320301,0.1729526770320301,0.42037673329957986,0.4582216604550736,0.3694561969313573,0.39950118044092386,0.1729526770320301,0.3993772368665496
0.5732682325582638,0.5582148494497277,0.5270376324676396,0.49566608741155915,0.5295070432607065,0.1729526770320301,0.524164622848038,0.5213260968853342,0.5628298017098395,0.5275489562981691,0.5196690906792323,0.4482407661331267,0.5268663907516135,0.4924572169092693,0.47708147859118577,0.5393286454708126,0.1729526770320301,0.563453579462799,0.5753335590269851,0.5562600889697884,0.5418702403845976,0.549857399636888,0.5264389053411718,0.4483089258122294,0.5416220849509902,0.4894633230858144,0.5306505481549237,0.5301272529720462,0.552007666754469,0.5123659630674429,0.5188488269309953,0.5093123858330812,0.5005316425097651,0.5322161746335002,0.5234226907161831,0.49569593161778236,0.5068424140093446,0.44938712433621353,0.499193792239767,0.1729526770320301,0.46383169494652177,0.4212894908723693,0.4601123211380636,0.35673304257585237,0.1729526770320301,0.44389085507958176,0.43012323459131474,0.1729526770320301,0.4011868222165099,0.4384869293065951,0.534665491191252,0.4177281771986123,0.5517443364161585,0.5690363627335803,0.1729526770320301,0.6004493018041465,0.1729526770320301,0.48762506668725425,0.49114838933378613,0.46341988354501035,0.36248206516541376,0.1729526770320301,0.3947366516591158,0.1729526770320301,0.4705652815810541,0.497176740613772,0.3965880589865061,0.5292513865747028,0.1729526770320301,0.1729526770320301,0.4825121720718694,0.5249166638693696,0.4714511853222417,0.4980794706229164,0.46723612231108164,0.462888769489839
0.44345360987960886,0.6952934801042641,0.5255813753028452,0.47830037556565286,0.5190660285032749,0.524164622848038,0.1729526770320301,0.1729526770320301,0.5358721870488063,0.5759000335203678,0.5403710076346601,0.5052362635083547,0.4853363602933783,0.5762927756404879,0.1729526770320301,0.5804838117720524,0.1729526770320301,0.5320340500653664,0.5313831667113426,0.5632668884884884,0.1729526770320301,0.5751299560920644,0.4550445549696281,0.5003182886113909,0.5715197711944933,0.6004273915808225,0.5019013335315976,0.47797275670144324,0.5403125740101379,0.5299262177643689,0.5109210780252068,0.4577297229042278,0.5420856242391997,0.5327286821382431,0.5278358726455974,0.4270986599913549,0.5137099689786595,0.4694618193803443,0.25937015994501644,0.1729526770320301,0.3230953031617515,0.35697085827186986,0.1729526770320301,0.1729526770320301,0.1729526770320301,0.1729526770320301,0.3964213542233534,0.1729526770320301,0.1729526770320301,0.1729526770320301,0.1729526770320301,0.1729526770320301,0.1729526770320301,0.1729526770320301,0.1729526770320301,0.1729526770320301,0.1729526770320301,0.1729526770320301,0.1729526770320301,0.1729526770320301,0.4076243044433532,0.1729526770320301,0.1729526770320301,0.1729526770320301,0.1729526770320301,0.1729526770320301,0.39321738219497276,0.1729526770320301,0.1729526770320301,0.1729526770320301,0.1729526770320301,0.1729526770320301,0.1729526770320301,0.42207677852959324,0.1729526770320301,0.1729526770320301
0.5385440345731182,0.47579635132110487,0.5620480787819733,0.4476730068294712,0.48979453344184687,0.5213260968853342,0.1729526770320301,0.1729526770320301,0.5590068148676172,0.42425812486784553,0.5260976943645601,0.1729526770320301,0.4751345504082772,0.44833168459654377,0.5001154609867213,0.1729526770320301,0.1729526770320301,0.1729526770320301,0.58831636762151,0.48832400557517375,0.4772701996911254,0.4870933235416972,0.495124592537627,0.5506591807557323,0.5411076105761398,0.5404241510058984,0.5220258251287503,0.4825942218812058,0.5039937857680695,0.4642408671008379,0.47836987050708907,0.4658929585107199,0.43561446033246903,0.48408270931295183,0.49612319865389004,0.4114130047278588,0.46353600708073905,0.1729526770320301,0.4918692048580422,0.1729526770320301,0.4695139801248102,0.466179648810732,0.4696076853326458,0.1729526770320301,0.1729526770320301,0.1729526770320301,0.5110885662368074,0.1729526770320301,0.1729526770320301,0.4575323547371622,0.4875212250179681,0.4750071432860829,0.482074305838375,0.5291805366480957,0.1729526770320301,0.5398627716128452,0.1729526770320301,0.49791605664736655,0.1729526770320301,0.4844726016188775,0.44787920205273585,0.1729526770320301,0.1729526770320301,0.4856321272471151,0.49024157400949536,0.5314260554599892,0.5059292369587922,0.5033197468784152,0.1729526770320301,0.1729526770320301,0.1729526770320301,0.5135398550053172,0.47688566103777374,0.4804057864106705,0.1729526770320301,0.1729526770320301
0.4528430578114396,0.6855438857512385,0.4901752510555734,0.525148118968925,0.5459682970480627,0.5628298017098395,0.5358721870488063,0.5590068148676172,0.1729526770320301,0.5443872999903053,0.5382176367590562,0.5063440939761886,0.5342461003502137,0.5274625528908832,0.4406480600984117,0.5411967529288739,0.1729526770320301,0.42206213472111315,0.5330416325440399,0.5513330301362288,0.4583323935056396,0.5661841691090306,0.5403008957581851,0.46414544206865743,0.5947709167161889,0.5045806903463871,0.5342795898279171,0.5375813617325093,0.571515879040453,0.5263019374939663,0.5390034325275539,0.5180036073919154,0.4891035442232943,0.5422473547672927,0.5503911496998224,0.5284672802967486,0.5311672348069059,0.5300167045462703,0.4499029483928357,0.1729526770320301,0.3622160434594763,0.3760739054852008,0.5284650462449247,0.3753765083590433,0.1729526770320301,0.1729526770320301,0.4143073926000406,0.5562544185615441,0.1729526770320301,0.4811200059985475,0.5608399449999393,0.4544475579465669,0.5850326660606888,0.5513609589876507,0.1729526770320301,0.5991368752309889,0.1729526770320301,0.4874967540303055,0.5625454110634985,0.4199484534610082,0.4187039565159785,0.1729526770320301,0.1729526770320301,0.1729526770320301,0.41411598247779136,0.4283170666239983,0.4043129325460182,0.5576587522758234,0.1729526770320301,0.1729526770320301,0.41076395599214105,0.5648309895777841,0.3966397781957493,0.4204123118421585,0.1729526770320301,0.3733983473250057
0.5093768513083332,0.47292541225683127,0.4633946711798018,0.3824561174692601,0.5580784709385724,0.5275489562981691,0.5759000335203678,0.42425812486784553,0.5443872999903053,0.1729526770320301,0.52037766612372,0.47262444269151077,0.5084278118333597,0.1729526770320301,0.1729526770320301,0.435084158521263,0.4607153744382917,0.4630760937136888,0.5160710906483417,0.40745461497203284,0.1729526770320301,0.43770287184090606,0.4301840358167013,0.4900696694466587,0.5360477861013602,0.5655380698194935,0.43762281629337807,0.49919999131065174,0.42750964777640355,0.4222454204960288,0.48482241839357304,0.4535671396060558,0.45247762140090597,0.4478481656998245,0.43448524191190957,0.40235699155144083,0.4207784812937751,0.4289958023275551,0.32791930920600904,0.4379881614986477,0.4238091387277801,0.40310776255740366,0.3850707977279024,0.1729526770320301,0.44439459010460625,0.1729526770320301,0.1729526770320301,0.1729526770320301,0.1729526770320301,0.1729526770320301,0.40585092457840694,0.1729526770320301,0.1729526770320301,0.1729526770320301,0.4952482627953162,0.1729526770320301,0.4791463918792549,0.37431639206383394,0.1729526770320301,0.1729526770320301,0.4395155362341836,0.4844744398439042,0.47585996175677936,0.1729526770320301,0.1729526770320301,0.1729526770320301,0.1729526770320301,0.1729526770320301,0.481988116135487,0.46779280840687437,0.5255612928195206,0.1729526770320301,0.4352776322271349,0.40884434904544636,0.1729526770320301,0.4806087737606666
0.1729526770320301,0.416851535015661,0.46006635982958305,0.4865260084844734,0.536327508182722,0.5196690906792323,0.5403710076346601,0.5260976943645601,0.5382176367590562,0.52037766612372,0.1729526770320301,0.48288496034368134,0.5269894156370817,0.5032725096227547,0.1729526770320301,0.4340677639969627,0.1729526770320301,0.4150780019631473,0.49118378045314165,0.42132774507008186,0.4616221821490286,0.4265195191110061,0.4283471166633716,0.4948792540641999,0.44949683152874254,0.36052460787085566,0.5455344244260144,0.5282296349143975,0.46514459116828455,0.47926395294943885,0.5315807730092748,0.4915973100938688,0.40538280281094496,0.517637809908428,0.5115152870739937,0.4585478245765666,0.4911934557067424,0.47364377727469675,0.46033921065157074,0.1729526770320301,0.4010106201189349,0.39427549799349604,0.5142023740007208,0.1729526770320301,0.1729526770320301,0.1729526770320301,0.41261279772792403,0.5378838300551745,0.1729526770320301,0.5189860912204304,0.5190643342900583,0.4936212048884973,0.5580461026834355,0.5327963390170836,0.1729526770320301,0.4458875439092867,0.1729526770320301,0.4935498549951939,0.531095792804949,0.1729526770320301,0.1729526770320301,0.1729526770320301,0.1729526770320301,0.5392948028960216,0.38785937098064954,0.1729526770320301,0.39494525260524677,0.5281521724378432,0.1729526770320301,0.1729526770320301,0.1729526770320301,0.5354752360539194,0.42426275511120265,0.42605613826971345,0.1729526770320301,0.1729526770320301
0.1729526770320301,0.1729526770320301,0.40208668461570496,0.4057225298365641,0.48000059262543665,0.4482407661331267,0.5052362635083547,0.1729526770320301,0.5063440939761886,0.47262444269151077,0.48288496034368134,0.1729526770320301,0.5328712475685794,0.1729526770320301,0.1729526770320301,0.4041865619487889,0.5052813846376328,0.49441959422689147,0.1729526770320301,0.42147755282171206,0.5187498960415087,0.4025319242773976,0.1729526770320301,0.49422948934904,0.5097949733116306,0.5598164280115011,0.4083425998789227,0.49833167727634137,0.3981302157241126,0.1729526770320301,0.45681681590742973,0.3958863349880726,0.4227572540765442,0.4145500314742004,0.41746941553867795,0.4251745811182492,0.43538115271374705,0.43161191845698216,0.34495943292775433,0.4282849339959537,0.3976337332534127,0.3853909609021017,0.3947247501575976,0.1729526770320301,0.3913093009441865,0.1729526770320301,0.1729526770320301,0.1729526770320301,0.1729526770320301,0.1729526770320301,0.1729526770320301,0.1729526770320301,0.1729526770320301,0.1729526770320301,0.4813784215782881,0.1729526770320301,0.4523228245056787,0.39630829802122125,0.1729526770320301,0.1729526770320301,0.42450446773162015,0.4739111240404799,0.4785431058728128,0.1729526770320301,0.1729526770320301,0.1729526770320301,0.1729526770320301,0.1729526770320301,0.45451225167627457,0.47811042766932654,0.5240674357457679,0.1729526770320301,0.4096128379351025,0.1729526770320301,0.1729526770320301,0.46199669508668567
0.4734341374164973,0.5824236707031504,0.5280441569956997,0.4840569264902656,0.5074434584007167,0.5268663907516135,0.4853363602933783,0.4751345504082772,0.5342461003502137,0.5084278118333597,0.5269894156370817,0.5328712475685794,0.1729526770320301,0.547568828827085,0.1729526770320301,0.5594804177900637,0.5143284614093632,0.5267347903919863,0.5321523971837397,0.5563605732652815,0.5474401120151701,0.5470065684150555,0.4833865307478329,0.5835339305929237,0.5326629162175086,0.5353886621166508,0.5100861719524719,0.49450082384603306,0.5371642872127865,0.5039679526970544,0.4983013741405884,0.463797005158451,0.4757817201379745,0.5238531459652289,0.5132019716904002,0.4879823397155017,0.4914402870663155,0.47856059074205215,0.33836684654136023,0.1729526770320301,0.33684814183416817,0.3598543966297436,0.3419286798147732,0.3197910774784282,0.1729526770320301,0.1729526770320301,0.3803968964172216,0.1729526770320301,0.1729526770320301,0.1729526770320301,0.41092092000934405,0.1729526770320301,0.1729526770320301,0.1729526770320301,0.1729526770320301,0.1729526770320301,0.1729526770320301,0.194855481789336,0.1729526770320301,0.1729526770320301,0.37816888549881733,0.1729526770320301,0.1729526770320301,0.1729526770320301,0.1729526770320301,0.1729526770320301,0.3817566284111462,0.5124227429978628,0.1729526770320301,0.1729526770320301,0.1729526770320301,0.4764487615770527,0.0,0.4127317043869837,0.1729526770320301,0.1729526770320301
0.1729526770320301,0.1729526770320301,0.5239783676819482,0.43774058135616717,0.5170694684260895,0.4924572169092693,0.5762927756404879,0.44833168459654377,0.5274625528908832,0.1729526770320301,0.5032725096227547,0.1729526770320301,0.547568828827085,0.1729526770320301,0.1729526770320301,0.1729526770320301,0.1729526770320301,0.1729526770320301,0.5293929864658105,0.1729526770320301,0.1729526770320301,0.1729526770320301,0.4773277060871355,0.1729526770320301,0.1729526770320301,0.1729526770320301,0.5144483353856119,0.4195693491615827,0.1729526770320301,0.1729526770320301,0.47646120760109295,0.37563343849868736,0.1729526770320301,0.3963425778203029,0.42956792178820624,0.40040236380227323,0.3860216531887183,0.1729526770320301,0.1729526770320301,0.1729526770320301,0.1729526770320301,0.1729526770320301,0.1729526770320301,0.1729526770320301,0.1729526770320301,0.1729526770320301,0.1729526770320301,0.1729526770320301,0.1729526770320301,0.1729526770320301,0.1729526770320301,0.1729526770320301,0.1729526770320301,0.1729526770320301,0.1729526770320301,0.1729526770320301,0.1729526770320301,0.1729526770320301,0.1729526770320301,0.1729526770320301,0.1729526770320301,0.1729526770320301,0.1729526770320301,0.1729526770320301,0.1729526770320301,0.1729526770320301,0.1729526770320301,0.1729526770320301,0.1729526770320301,0.1729526770320301,0.1729526770320301,0.1729526770320301,0.1729526770320301,0.1729526770320301,0.1729526770320301,0.1729526770320301
0.443636041655725,0.4499708132128074,0.4306171964587608,0.1729526770320301,0.1729526770320301,0.47708147859118577,0.1729526770320301,0.5001154609867213,0.4406480600984117,0.1729526770320301,0.1729526770320301,0.1729526770320301,0.1729526770320301,0.1729526770320301,0.1729526770320301,0.1729526770320301,0.1729526770320301,0.1729526770320301,0.1729526770320301,0.48256074646843544,0.46686369518242954,0.4772990212043904,0.49545403506248054,0.4877174375827486,0.48297090091340855,0.47242296097494124,0.5005777629605322,0.1729526770320301,0.1729526770320301,0.1729526770320301,0.1729526770320301,0.4795055371705819,0.4274940521568257,0.4853774364853348,0.5119991458155424,0.43984024923220066,0.1729526770320301,0.1729526770320301,0.483620166214238,0.4913960194202869,0.4176237785803972,0.4808066631149089,0.1729526770320301,0.1729526770320301,0.1729526770320301,0.5533781758399122,0.4714205490928078,0.1729526770320301,0.1729526770320301,0.1729526770320301,0.47204103926818214,0.1729526770320301,0.5629183005230797,0.1729526770320301,0.1729526770320301,0.1729526770320301,0.1729526770320301,0.1729526770320301,0.1729526770320301,0.5016251386341881,0.37211457750664056,0.1729526770320301,0.1729526770320301,0.1729526770320301,0.4853290592045527,0.489701227831461,0.48966669793844186,0.5099924936893222,0.1729526770320301,0.1729526770320301,0.4492819501581414,0.5031970987648264,0.43256628639956585,0.46864683183160954,0.4529095297011476,0.38458170174337925
0.4426290811988064,0.488373273834283,0.47177398614554206,0.1729526770320301,0.5319002833870742,0.5393286454708126,0.5804838117720524,0.1729526770320301,0.5411967529288739,0.435084158521263,0.4340677639969627,0.4041865619487889,0.5594804177900637,0.1729526770320301,0.1729526770320301,0.1729526770320301,0.39728858813147505,0.41629598849638355,0.1729526770320301,0.4296886879345468,0.45447318724663516,0.45070973075966775,0.1729526770320301,0.4526571169889266,0.4702761860322136,0.4854123127718233,0.4804370715713679,0.5273802225625115,0.4995777876311958,0.4832442959260229,0.42569530896316515,0.5102384857047958,0.4332743378215485,0.4499691986728056,0.45724107677591963,0.1729526770320301,0.1729526770320301,0.1729526770320301,0.46545637288740127,0.4342126109222387,0.4393198059753372,0.4585254228079769,0.1729526770320301,0.1729526770320301,0.1729526770320301,0.45257203299198334,0.4494655231563053,0.1729526770320301,0.1729526770320301,0.1729526770320301,0.1729526770320301,0.1729526770320301,0.1729526770320301,0.1729526770320301,0.36217638017889164,0.1729526770320301,0.1729526770320301,0.1729526770320301,0.1729526770320301,0.459602089695956,0.4382957829121073,0.1729526770320301,0.4392537742091091,0.1729526770320301,0.38547610158918416,0.4477480049761129,0.4432660897849683,0.3956187797846311,0.1729526770320301,0.4411033000617372,0.46906301472964623,0.1729526770320301,0.1729526770320301,0.40249320010491973,0.1729526770320301,0.42594356618672674
0.44887468109590895,0.1729526770320301,0.1729526770320301,0.1729526770320301,0.1729526770320301,0.1729526770320301,0.1729526770320301,0.1729526770320301,0.1729526770320301,0.4607153744382917,0.1729526770320301,0.5052813846376328,0.5143284614093632,0.1729526770320301,0.1729526770320301,0.39728858813147505,0.1729526770320301,0.41162824351845523,0.1729526770320301,0.4919227766442876,0.1729526770320301,0.464075159725295,0.1729526770320301,0.46006559271462344,0.47723599864816263,0.5369792184727318,0.1729526770320301,0.5230776798562907,0.1729526770320301,0.1729526770320301,0.4552777749997728,0.5094182310502006,0.43820705367417295,0.4917676267344355,0.48603368885739917,0.1729526770320301,0.1729526770320301,0.41185837657827046,0.1729526770320301,0.1729526770320301,0.1729526770320301,0.1729526770320301,0.1729526770320301,0.1729526770320301,0.1729526770320301,0.1729526770320301,0.1729526770320301,0.1729526770320301,0.1729526770320301,0.1729526770320301,0.1729526770320301,0.1729526770320301,0.1729526770320301,0.1729526770320301,0.4807039165293848,0.1729526770320301,0.4652203329695525,0.1729526770320301,0.1729526770320301,0.1729526770320301,0.1729526770320301,0.43592506082777005,0.45362795635960085,0.1729526770320301,0.1729526770320301,0.1729526770320301,0.1729526770320301,0.1729526770320301,0.45279639881122746,0.1729526770320301,0.5061679073056502,0.1729526770320301,0.1729526770320301,0.1729526770320301,0.1729526770320301,0.43404242658676767
0.4439114614850611,0.46184212290499616,0.1729526770320301,0.1729526770320301,0.4790794187467387,0.563453579462799,0.5320340500653664,0.1729526770320301,0.42206213472111315,0.4630760937136888,0.4150780019631473,0.49441959422689147,0.5267347903919863,0.1729526770320301,0.1729526770320301,0.41629598849638355,0.41162824351845523,0.1729526770320301,0.1729526770320301,0.4555808001407849,0.1729526770320301,0.449943209973074,0.1729526770320301,0.4549821480436444,0.47311837590535133,0.5102446581322175,0.46802692385437583,0.5294109675262221,0.496122265294004,0.1729526770320301,0.452408883405408,0.5631066434757109,0.43563810927392616,0.48221915493155626,0.47963917299934056,0.1729526770320301,0.1729526770320301,0.3838814285099646,0.1729526770320301,0.1729526770320301,0.1729526770320301,0.1729526770320301,0.1729526770320301,0.1729526770320301,0.1729526770320301,0.4477347855188569,0.42557939762492597,0.1729526770320301,0.1729526770320301,0.1729526770320301,0.1729526770320301,0.1729526770320301,0.1729526770320301,0.1729526770320301,0.4662516224223703,0.1729526770320301,0.4538808930418249,0.1729526770320301,0.1729526770320301,0.1729526770320301,0.448401062153917,0.45155518436564707,0.4634381198735868,0.1729526770320301,0.1729526770320301,0.1729526770320301,0.4059211623717725,0.1729526770320301,0.42258132313446495,0.45387652677305135,0.49468588711492245,0.1729526770320301,0.1729526770320301,0.1729526770320301,0.1729526770320301,0.4436816758177043
0.1729526770320301,0.4887178428930231,0.4700777577655819,0.516509668884534,0.5573600059155611,0.5753335590269851,0.5313831667113426,0.58831636762151,0.5330416325440399,0.5160710906483417,0.49118378045314165,0.1729526770320301,0.5321523971837397,0.5293929864658105,0.1729526770320301,0.1729526770320301,0.1729526770320301,0.1729526770320301,0.1729526770320301,0.4420874694195016,0.42334596465313373,0.4575039597399352,0.522807926391043,0.1729526770320301,0.39586059023540865,0.1729526770320301,0.5364549977933704,0.5335433934546651,0.48565686729524093,0.5050469504646465,0.5420875333514861,0.5191284764509648,0.4426335355296715,0.5415197336880975,0.5298172906023929,0.5144393239084142,0.5162106607977166,0.47057433681493377,0.477719657831257,0.1729526770320301,0.38717132285711664,0.3968453945606099,0.5537543648245814,0.1729526770320301,0.1729526770320301,0.1729526770320301,0.1729526770320301,0.4449103925780772,0.1729526770320301,0.5175305419129472,0.5667096062400857,0.4995420898647071,0.6097866711014728,0.592976004472489,0.1729526770320301,0.4212530731868212,0.1729526770320301,0.4828101129860473,0.5717857160914428,0.1729526770320301,0.1729526770320301,0.1729526770320301,0.1729526770320301,0.6008288480905458,0.1729526770320301,0.1729526770320301,0.4127349539041518,0.572438447767468,0.1729526770320301,0.1729526770320301,0.1729526770320301,0.5751505137562644,0.4235359390876817,0.4402339851436271,0.1729526770320301,0.1729526770320301
0.4670778320830692,0.5539482534587798,0.4729337726982009,0.4372371673082193,0.5640957062295882,0.5562600889697884,0.5632668884884884,0.48832400557517375,0.5513330301362288,0.40745461497203284,0.42132774507008186,0.42147755282171206,0.5563605732652815,0.1729526770320301,0.48256074646843544,0.4296886879345468,0.4919227766442876,0.4555808001407849,0.4420874694195016,0.1729526770320301,0.48929682026073906,0.48796682849969,0.5041180486204693,0.4201653687888874,0.4837642264061202,0.5051375339246602,0.5061719032625748,0.5058160686110784,0.48024093552708,0.5045933838173425,0.4616189763423808,0.5167542543365888,0.454968196326153,0.49273994724360887,0.5166595941606806,0.43235601391786793,0.45712647482491026,0.1729526770320301,0.49710117758624367,0.34302791894449675,0.24999559331310794,0.46443422476948026,0.4176103766630433,0.1729526770320301,0.1729526770320301,0.42258477522081017,0.3975031781981749,0.1729526770320301,0.1729526770320301,0.1729526770320301,0.45974970108494234,0.1729526770320301,0.1729526770320301,0.1729526770320301,0.1729526770320301,0.1729526770320301,0.1729526770320301,0.4050546863143882,0.1729526770320301,0.47922256224799187,0.30605604808757825,0.1729526770320301,0.3416333290220745,0.1729526770320301,0.47614827611650706,0.47847979970961607,0.464913820208539,0.5001166341648017,0.1729526770320301,0.32357436915919835,0.4677425845092077,0.5071567335718253,0.34912353265007384,0.434618840158649,0.4027426306778223,0.3828097355034241
0.48190914052873857,0.4967400950247849,0.4517105447331125,0.1729526770320301,0.4354679202438672,0.5418702403845976,0.1729526770320301,0.4772701996911254,0.4583323935056396,0.1729526770320301,0.4616221821490286,0.5187498960415087,0.5474401120151701,0.1729526770320301,0.46686369518242954,0.45447318724663516,0.1729526770320301,0.1729526770320301,0.42334596465313373,0.48929682026073906,0.1729526770320301,0.48078221182869635,0.4426807884206067,0.5321001849122601,0.48462430987380295,0.4869425243778966,0.5012105370009534,0.1729526770320301,0.48333012037226003,0.1729526770320301,0.1729526770320301,0.497291536547689,0.44504776928434114,0.47533372777690297,0.5011217567315539,0.4332914990582524,0.1729526770320301,0.1729526770320301,0.48649829414789814,0.1729526770320301,0.43369664819062304,0.49428021534832617,0.4033319395308906,0.1729526770320301,0.1729526770320301,0.49494217238046473,0.48942941502463433,0.1729526770320301,0.1729526770320301,0.1729526770320301,0.4872598655605469,0.1729526770320301,0.45242777508562804,0.1729526770320301,0.1729526770320301,0.1729526770320301,0.1729526770320301,0.44068872258673886,0.1729526770320301,0.4863176776575138,0.4138995048244124,0.1729526770320301,0.1729526770320301,0.1729526770320301,0.46825929380425585,0.46477489251724774,0.4721152296301699,0.4993705836155778,0.1729526770320301,0.1729526770320301,0.4927305387417946,0.48834787524127765,0.4414982146806801,0.47886183948405364,0.1729526770320301,0.40953008208303515
0.4641155870421515,0.5343849620832425,0.48864738929618307,0.4590644143129052,0.5518913689566013,0.549857399636888,0.5751299560920644,0.4870933235416972,0.5661841691090306,0.43770287184090606,0.4265195191110061,0.4025319242773976,0.5470065684150555,0.1729526770320301,0.4772990212043904,0.45070973075966775,0.464075159725295,0.449943209973074,0.4575039597399352,0.48796682849969,0.48078221182869635,0.1729526770320301,0.5121013616702095,0.4325905207230415,0.5146437365840311,0.5128643012388169,0.52750813941659,0.5057236276347559,0.5169056212399527,0.5036997044962425,0.4551506192607257,0.526461366510004,0.43920813100941647,0.5014049720770114,0.5463718282508166,0.4402397021867756,0.4801164885021219,0.1729526770320301,0.4855148359761632,0.4543203992558281,0.44890046227092567,0.4723466881442298,0.4539501900618671,0.1729526770320301,0.1729526770320301,0.4427347110502013,0.4685407763331737,0.1729526770320301,0.1729526770320301,0.1729526770320301,0.46795765019249996,0.1729526770320301,0.5383339009116686,0.1729526770320301,0.1729526770320301,0.1729526770320301,0.1729526770320301,0.37860149331923226,0.1729526770320301,0.49638830677184587,0.4119895640629383,0.1729526770320301,0.39325466415393184,0.1729526770320301,0.4677442565070662,0.48402258277791715,0.46527324184604657,0.516730518136973,0.1729526770320301,0.4020852419039505,0.48864251371461026,0.4904627282537228,0.39992294405175877,0.46107503783156784,0.1729526770320301,0.40617706057469416
0.5243766190093865,0.4930207752862001,0.5249146186277749,0.45860653339677093,0.48085045203417065,0.5264389053411718,0.4550445549696281,0.495124592537627,0.5403008957581851,0.4301840358167013,0.4283471166633716,0.1729526770320301,0.4833865307478329,0.4773277060871355,0.49545403506248054,0.1729526770320301,0.1729526770320301,0.1729526770320301,0.522807926391043,0.5041180486204693,0.4426807884206067,0.5121013616702095,0.1729526770320301,0.5474325489270834,0.503073510585497,0.5174239148297821,0.49199629028391667,0.47737247533859584,0.5015243098013431,0.4686006436365636,0.4789372016920786,0.46959070123144436,0.459169376641191,0.4862823213459099,0.4788725030558672,0.4502516566033451,0.4697380582030141,0.39267023100441506,0.5074058877758647,0.1729526770320301,0.5079569622410274,0.47979435330608106,0.5118479451987598,0.410993313744759,0.1729526770320301,0.1729526770320301,0.4326581000681757,0.40695174174165094,0.1729526770320301,0.4779974176284999,0.5316596326387825,0.5200442578826229,0.5452386204256564,0.563015877933583,0.1729526770320301,0.5009094201605074,0.1729526770320301,0.5402829907099941,0.5221709642884201,0.5030527369900304,0.3566229736218612,0.1729526770320301,0.1729526770320301,0.361453000965097,0.5045575551010862,0.5219230770046528,0.4621128072882522,0.5367971654795866,0.1729526770320301,0.1729526770320301,0.467077591175191,0.532733042146006,0.5142765002374753,0.5082709879595844,0.5068317640754533,0.5057890358255033
0.48881366346410743,0.48002013982337477,0.4296792203886206,0.4468707317528198,0.5054183174220666,0.4483089258122294,0.5003182886113909,0.5506591807557323,0.46414544206865743,0.4900696694466587,0.4948792540641999,0.49422948934904,0.5835339305929237,0.1729526770320301,0.4877174375827486,0.4526571169889266,0.46006559271462344,0.4549821480436444,0.1729526770320301,0.4201653687888874,0.5321001849122601,0.4325905207230415,0.5474325489270834,0.1729526770320301,0.5065154490056089,0.556030188442402,0.4586225647253149,0.4981203841629978,0.4362267519001562,0.1729526770320301,0.4679396563639973,0.5007525036498527,0.3930769579572759,0.45252215187094763,0.4292883899763378,0.45475622407752025,0.4490366107390788,0.44806696593443823,0.1729526770320301,0.3945971874834386,0.3943355339663811,0.1729526770320301,0.1729526770320301,0.1729526770320301,0.1729526770320301,0.46830018487377506,0.4837857060930915,0.1729526770320301,0.1729526770320301,0.1729526770320301,0.1729526770320301,0.1729526770320301,0.1729526770320301,0.1729526770320301,0.4724428274801422,0.1729526770320301,0.44854173085431404,0.1729526770320301,0.1729526770320301,0.1729526770320301,0.4661427668370771,0.45494829688842575,0.4589332527029817,0.1729526770320301,0.1729526770320301,0.1729526770320301,0.4391570382968197,0.1729526770320301,0.439374075293301,0.45972472960956645,0.5152416121394141,0.1729526770320301,0.1729526770320301,0.401757345803114,0.1729526770320301,0.4713413377792927
0.4936369689057809,0.5477103672582946,0.40064633620319723,0.40084058698948716,0.5406020765665579,0.5416220849509902,0.5715197711944933,0.5411076105761398,0.5947709167161889,0.5360477861013602,0.44949683152874254,0.5097949733116306,0.5326629162175086,0.1729526770320301,0.48297090091340855,0.4702761860322136,0.47723599864816263,0.47311837590535133,0.39586059023540865,0.4837642264061202,0.48462430987380295,0.5146437365840311,0.503073510585497,0.5065154490056089,0.1729526770320301,0.55524240380588,0.5014081510852453,0.5309545458505454,0.5229182302269539,0.1729526770320301,0.5188747649527354,0.557332832299219,0.47430763521389346,0.5113128456825821,0.5099282461054596,0.48965747085440325,0.43565160517620777,0.45869812995800363,0.4979570856582961,0.4394488575015247,0.46961931048408834,0.49719676067419016,0.1729526770320301,0.1729526770320301,0.1729526770320301,0.4932389943884097,0.4622599437499256,0.1729526770320301,0.1729526770320301,0.1729526770320301,0.1729526770320301,0.1729526770320301,0.1729526770320301,0.1729526770320301,0.4940636321979451,0.1729526770320301,0.4921435197311221,0.1729526770320301,0.1729526770320301,0.1729526770320301,0.4712361087115214,0.48999801013965505,0.4865613254312221,0.1729526770320301,0.432636858730976,0.43035124136179986,0.4014533808946102,0.1729526770320301,0.49591886814122343,0.48384347782335374,0.5280905567323017,0.1729526770320301,0.1729526770320301,0.4249636611899595,0.1729526770320301,0.47058002776207675
0.5106099331771329,0.5666371468559209,0.40917881348538276,0.4730057252155845,0.49555514034137793,0.4894633230858144,0.6004273915808225,0.5404241510058984,0.5045806903463871,0.5655380698194935,0.36052460787085566,0.5598164280115011,0.5353886621166508,0.1729526770320301,0.47242296097494124,0.4854123127718233,0.5369792184727318,0.5102446581322175,0.1729526770320301,0.5051375339246602,0.4869425243778966,0.5128643012388169,0.5174239148297821,0.556030188442402,0.55524240380588,0.1729526770320301,0.5022995949278312,0.5926027282616914,0.5185303271094825,0.48783549010175387,0.5391511065268179,0.508644374643154,0.4703358250367141,0.5241635838047414,0.5132326458508714,0.1729526770320301,0.491216076492758,0.5166183598022774,0.49125659085123474,0.4721540437677663,0.4751527101381873,0.5010738795510951,0.1729526770320301,0.1729526770320301,0.1729526770320301,0.522361833889598,0.49611858271400266,0.1729526770320301,0.1729526770320301,0.1729526770320301,0.4134913571110424,0.1729526770320301,0.493393363907671,0.1729526770320301,0.5297917059237112,0.1729526770320301,0.5271583604921031,0.1729526770320301,0.1729526770320301,0.49392518216428344,0.4853846209126611,0.518063862514955,0.5097228213814814,0.1729526770320301,0.44896538325052,0.514136353004432,0.48427114688820116,0.48233736488886136,0.5537318643746837,0.5042984655037578,0.5421421309115557,0.4749533328383941,0.4214624216507176,0.4134979919780479,0.1729526770320301,0.49535231912862365
0.4778315748679089,0.533175337908453,0.5189246068685678,0.46684981871336745,0.49287386559180446,0.5306505481549237,0.5019013335315976,0.5220258251287503,0.5342795898279171,0.43762281629337807,0.5455344244260144,0.4083425998789227,0.5100861719524719,0.5144483353856119,0.5005777629605322,0.4804370715713679,0.1729526770320301,0.46802692385437583,0.5364549977933704,0.5061719032625748,0.5012105370009534,0.52750813941659,0.49199629028391667,0.4586225647253149,0.5014081510852453,0.5022995949278312,0.1729526770320301,0.509154153671816,0.4894840789815644,0.47661818949417023,0.4897398360884296,0.5043519969434751,0.44797165784443227,0.4977541482378013,0.5095090218717196,0.451353582003506,0.487774193624076,0.412500851214794,0.49839598957282066,0.43147214326750777,0.4770985760517395,0.45569161582968015,0.5096370143746686,0.36310191314022955,0.1729526770320301,0.4077152027055933,0.36325662815907817,0.1729526770320301,0.4010632772132388,0.4196208137186456,0.5313140175688646,0.4769197287435528,0.5547598668177882,0.5661335066637817,0.1729526770320301,0.6045137368493415,0.1729526770320301,0.5100217894519324,0.52049559435162,0.48898047565332126,0.33130387957117463,0.1729526770320301,0.3738718445539398,0.1729526770320301,0.4612425727813001,0.5021322498968122,0.33987107856555276,0.5265648450360325,0.1729526770320301,0.1729526770320301,0.44583554673440173,0.5219140386007434,0.46939814687060294,0.4427642284476863,0.4599025406270961,0.4513237387360668
