0.0,0.3581958642305716,0.0,0.0,0.0,0.3567636750492267,0.3187992815922908,0.4855376406292932,0.2742718910085576,0.3375929733676872,0.0,0.353026359244526,0.36407628948078413,0.0,0.38211499809750343,0.3676648406560523,0.3243563647292309,0.3414193207825854,0.0,0.40566540131128026,0.40181851158705345,0.37862369391216094,0.4398777774724668,0.3341987772718585,0.364551834665114,0.36786682734382853,0.40622848574515347,0.3819894256421967,0.3894127273005,0.40624426651495105,0.3515821907467698,0.43508903803062715,0.2817780822164394,0.3574659320945996,0.437096044552643,0.0,0.0,0.0,0.41712867393290554,0.3289778856629989,0.3592089644442893,0.0,0.0,0.0,0.0,0.3051100703797955,0.3857319215683023,0.0,0.0,0.0,0.0,0.0,0.0,0.0,0.3554282813676939,0.0,0.0,0.0,0.0,0.0,0.38068733802909427,0.0,0.3745654700625578,0.0,0.0,0.0,0.42386981577333105,0.0,0.32907152728319117,0.36919454535664153,0.400434977500874,0.0,0.0,0.0,0.0,0.30812202393998045
0.3581958642305716,0.0,0.0,0.0,0.38151882351831323,0.3971710112759613,0.4227762139326934,0.0,0.37752898863493883,0.30693304737104865,0.0,0.2592908316564935,0.42328351476553294,0.0,0.39861417734172333,0.385686018170999,0.338338895184082,0.3752278379078434,0.0,0.3953264838433454,0.3781327093989402,0.3789855698685553,0.39951277752144315,0.3223314813998669,0.3755009812509287,0.35853465956535835,0.39815051398490936,0.4138262386055288,0.3935758701386764,0.0,0.355149458608223,0.4400494503288884,0.34097088711487017,0.37181220355639183,0.46751341342828345,0.0,0.0,0.0,0.42574856418780754,0.3702536016554622,0.4012757502239902,0.4348721963868426,0.0,0.0,0.0,0.3924306585322438,0.41931313977974405,0.0,0.0,0.0,0.0,0.0,0.0,0.0,0.0,0.0,0.0,0.0,0.0,0.4072885380843722,0.3998387436353682,0.0,0.3638163411392965,0.0,0.0,0.45391317999406156,0.4359089703865405,0.36043076688907894,0.0,0.3667744583784567,0.42769434503010095,0.0,0.0,0.3973155817307812,0.0,0.38122043268215594
0.0,0.0,0.0,0.2993276686456139,0.2902384416764076,0.3624547076402975,0.34912509859344615,0.3808578870863397,0.26321965212474224,0.3164695676124908,0.27029480893371566,0.2914778980313868,0.3594487631881935,0.38239970603275975,0.0,0.0,0.0,0.0,0.24075202626077064,0.0,0.3274620241614367,0.0,0.2952406177281273,0.0,0.0,0.0,0.30948022475533576,0.3474078116527832,0.0,0.0,0.3647577453505725,0.3374655978656619,0.0,0.33630672068726697,0.39105995548113676,0.3261073283000748,0.31870693504639414,0.2702850397331592,0.3991876487935449,0.0,0.0,0.0,0.4674453758934888,0.0,0.0,0.0,0.0,0.27874558517679027,0.0,0.0,0.4569482337867428,0.35496926061040185,0.32794196098496153,0.4742280695386817,0.0,0.2594034606486289,0.0,0.0,0.0,0.0,0.0,0.0,0.0,0.2584328424299119,0.0,0.0,0.0,0.4790694621691332,0.0,0.0,0.0,0.43336372842581083,0.0,0.0,0.0,0.0
0.0,0.0,0.2993276686456139,0.0,0.19722823461355474,0.3612397889136701,0.20584066609737398,0.34866122535642313,0.3171951842522694,0.25947812314402013,0.2897461531929796,0.23541932395556062,0.27283507100549714,0.2589239118688567,0.0,0.0,0.0,0.0,0.3018746651880699,0.0,0.0,0.0,0.3421416701258859,0.2688537294790974,0.0,0.0,0.38225091305160636,0.23114949660453005,0.3369855832295795,0.34347897587744897,0.268054774616728,0.27080269014800556,0.232391154212301,0.23360438500805406,0.22901987236538257,0.16397742121015868,0.1472880763931964,0.23268324534689344,0.0,0.0,0.0,0.0,0.0,0.0,0.0,0.0,0.0,0.0,0.0,0.0,0.0,0.0,0.0,0.0,0.0,0.0,0.0,0.0,0.0,0.0,0.0,0.0,0.0,0.0,0.0,0.0,0.0,0.2663795099620412,0.0,0.0,0.0,0.2904354759331652,0.0,0.0,0.0,0.0
0.0,0.38151882351831323,0.2902384416764076,0.19722823461355474,0.0,0.3208246576748476,0.2803999783328604,0.3461104392790754,0.2818646059488207,0.23029428391124204,0.24631299639388418,0.2911904365908633,0.29159681682680494,0.23356150068192885,0.0,0.4242886393090735,0.0,0.0,0.3057766562304387,0.3908115737497211,0.3032785701058324,0.4115832251988984,0.3334947144332669,0.0,0.4026429488527838,0.3575414463390994,0.34539905138387517,0.29483304521353426,0.3691166180043324,0.0,0.3760474727551019,0.3706409260693403,0.3963585188881639,0.3899770474818701,0.4366242267203857,0.18184405537604112,0.17040226934112687,0.27041671203738316,0.3369395854566395,0.0,0.3413468885042859,0.0,0.0,0.0,0.0,0.0,0.0,0.2892902922673017,0.0,0.3555395619235641,0.3165848347896995,0.0,0.0,0.3182407244776175,0.0,0.3003314197206289,0.0,0.2722573415968576,0.0,0.0,0.0,0.0,0.0,0.0,0.0,0.0,0.0,0.38126642724062265,0.0,0.0,0.0,0.342076371310842,0.29293802597489,0.0,0.0,0.0
0.3567636750492267,0.3971710112759613,0.3624547076402975,0.3612397889136701,0.3208246576748476,0.0,0.3577811806629272,0.33945408966787316,0.31413844351796155,0.3625586958506444,0.3204519449783773,0.31638714112993604,0.33589233441726346,0.0,0.34836024327631876,0.42732555050955895,0.297263060373282,0.41941407645981404,0.3256633443067741,0.38007326671803077,0.339592704169326,0.40256459871947076,0.34024703985678406,0.33929663216190936,0.417369993725268,0.3956716784362405,0.3116941305559018,0.3200519110752181,0.30986169605460917,0.36427992137834625,0.3915537093207618,0.4189312289584455,0.35936344881376703,0.41714908770883113,0.4583269854500643,0.3488039648381281,0.38542317858840286,0.30374440479456005,0.42719396901513523,0.3317287990048063,0.40909767567844313,0.374692800391139,0.4454921960088434,0.0,0.0,0.3094997268869077,0.30844748578730463,0.4597931537591282,0.0,0.3415467283643683,0.3762207324764062,0.36613786202398635,0.3615517441813171,0.45690003216073605,0.0,0.3940010049785027,0.0,0.3512125672079778,0.0,0.35205390683368887,0.2694067517834034,0.0,0.2765965270158519,0.4424482138870563,0.3539574247612772,0.3089110633966519,0.3540196269267347,0.4031487331630985,0.0,0.2696607494744412,0.3723128923942248,0.4059085084342374,0.3595670987369572,0.39497591459572484,0.0,0.3961263253466236
0.3187992815922908,0.4227762139326934,0.34912509859344615,0.20584066609737398,0.2803999783328604,0.3577811806629272,0.0,0.3931862749578152,0.3311272701011038,0.29468286007951877,0.3356520314830068,0.3254052983475274,0.3268708566785806,0.2574188698399614,0.0,0.4609570115140422,0.4062215823053769,0.42862385062062325,0.3534647036394847,0.40645352960327014,0.35957802714284903,0.4274326361196878,0.3711916937826149,0.3649886001233184,0.46441475167068774,0.43000841262743084,0.3814756952689558,0.3371872459573252,0.3818791775865796,0.42908225507420994,0.3997653537096278,0.39560220094675547,0.40697434320461123,0.41810670385862503,0.4578302944805561,0.16102418835094698,0.20459657243912568,0.33641524429274783,0.31740527451433037,0.0,0.32507682012612577,0.0,0.0,0.0,0.0,0.0,0.0,0.3368685902887974,0.0,0.0,0.27771469991255315,0.30851161286084533,0.27964366952407127,0.0,0.0,0.2664293658900597,0.0,0.2903587244437554,0.0,0.0,0.0,0.0,0.0,0.0,0.0,0.2534592266046002,0.0,0.4091525445371351,0.0,0.0,0.3128550722533391,0.35589083626234247,0.2963678288485072,0.0,0.0,0.3064600952752514
0.4855376406292932,0.0,0.3808578870863397,0.34866122535642313,0.3461104392790754,0.33945408966787316,0.3931862749578152,0.0,0.3731574843768132,0.33894107435448406,0.3012674931223544,0.0,0.38641754811758794,0.3794304485914179,0.3696161385926117,0.39772429548518423,0.0,0.0,0.3209846189870898,0.3552607465256999,0.3453492793144683,0.3988430611369025,0.2810463247481487,0.4875370160410143,0.0,0.4593801059074331,0.3664450954510754,0.38402037928631466,0.3454038971138961,0.36908365857694175,0.39807277464406476,0.38358229455689846,0.0,0.40865729537907336,0.43058453877966896,0.24157745636061143,0.37702570440970024,0.0,0.4297809343589127,0.42366120626845344,0.42656836809746235,0.42919432523755197,0.4462989502757611,0.0,0.0,0.33012560508564087,0.0,0.502472028862101,0.0,0.0,0.32240249659191694,0.36285419973753663,0.2872908649292449,0.4690761506052002,0.0,0.2881633136612411,0.0,0.35263771356878026,0.0,0.3914492172120542,0.0,0.0,0.0,0.2671457603176885,0.41974168536449485,0.17623665715484974,0.0,0.3356762429168997,0.0,0.0,0.36046058017141297,0.38717236689497914,0.37301740023740804,0.3913328548056602,0.0,0.39472531539416345
0.2742718910085576,0.37752898863493883,0.26321965212474224,0.3171951842522694,0.2818646059488207,0.31413844351796155,0.3311272701011038,0.3731574843768132,0.0,0.308682147440339,0.2793556513786046,0.27418321404673274,0.3460178180754204,0.3560748314829207,0.27015213968145946,0.40916825021692466,0.0,0.3074145772366941,0.24562855747063558,0.37877952980495777,0.2847511302808705,0.3839385679914588,0.33354175875323994,0.3238469746328596,0.39003427053647893,0.3212605946666645,0.3314303745840867,0.3700050805176529,0.33808277030846956,0.0,0.38864589333414035,0.3604049770884933,0.317073610641367,0.375828740878969,0.3858662871918298,0.3414245555192711,0.311546657542876,0.23255832139958005,0.3827197308660723,0.0,0.30889324299131615,0.0,0.0,0.0,0.0,0.0,0.0,0.4650189721388687,0.0,0.37069386977431984,0.0,0.3391716320411114,0.461816521487753,0.3948316303468614,0.0,0.325487366211961,0.0,0.3104761854053518,0.0,0.0,0.0,0.0,0.0,0.4639222714520909,0.0,0.0,0.29331890548252754,0.4557286402980782,0.0,0.0,0.3104595791275984,0.452731896142055,0.2991341960689541,0.0,0.0,0.2992693202672952
0.3375929733676872,0.30693304737104865,0.3164695676124908,0.25947812314402013,0.23029428391124204,0.3625586958506444,0.29468286007951877,0.33894107435448406,0.308682147440339,0.0,0.2884604573620207,0.263413970530084,0.34226865873498846,0.0,0.0,0.321678567139616,0.2947959196000797,0.322452531619647,0.30728960253625315,0.3300167006470361,0.0,0.3220430543320439,0.3764535707274861,0.26960513987405066,0.3042387376755389,0.3327949625960553,0.35305175421789986,0.3053534360962077,0.33653590843563297,0.0,0.2670863669906014,0.2808735113962578,0.2660235556947929,0.2657511076815782,0.2785723931254847,0.3003006614273359,0.0,0.23638240220238166,0.36194175541217294,0.2564720890284209,0.32268864107527145,0.0,0.0,0.0,0.26151509215363955,0.37021661972422704,0.0,0.0,0.0,0.0,0.0,0.0,0.0,0.0,0.36685410154377507,0.0,0.3596494393484433,0.0,0.0,0.0,0.0,0.33689732241633835,0.34438707714332234,0.0,0.0,0.3517091171845747,0.0,0.0,0.321747592367096,0.3578849582724069,0.3497119921383268,0.0,0.0,0.0,0.0,0.2994078459172931
0.0,0.0,0.27029480893371566,0.2897461531929796,0.24631299639388418,0.3204519449783773,0.3356520314830068,0.3012674931223544,0.2793556513786046,0.2884604573620207,0.0,0.2964680967961177,0.34801099898883453,0.2685200645162376,0.0,0.0,0.0,0.0,0.23084801979961478,0.0,0.0,0.0,0.2786892604443237,0.30118910830996887,0.28391163223217336,0.0,0.3340671626922739,0.34180533995472906,0.0,0.0,0.378428851433906,0.34586353853593266,0.0,0.3542359122313858,0.37630406199910765,0.23255296676265724,0.3069991911329521,0.27132710760991285,0.35513791417952484,0.0,0.0,0.0,0.3690735205393875,0.0,0.0,0.0,0.0,0.30504725684581807,0.0,0.2740508712021886,0.3518198179382529,0.30742308976451016,0.3533886381900575,0.3934832240843904,0.0,0.1900711054457054,0.0,0.3348257505957839,0.0,0.0,0.0,0.0,0.0,0.17755549554049097,0.0,0.0,0.0,0.3337421464135696,0.0,0.0,0.0,0.4003657635536796,0.2888198007337353,0.0,0.0,0.0
0.353026359244526,0.2592908316564935,0.2914778980313868,0.23541932395556062,0.2911904365908633,0.31638714112993604,0.3254052983475274,0.0,0.27418321404673274,0.263413970530084,0.2964680967961177,0.0,0.22943372173078289,0.0,0.0,0.26178572704517716,0.34453614535523597,0.31617902585186475,0.2710781065471525,0.3492054282626993,0.40729272756853374,0.31051598253705526,0.39361874301397637,0.27266733364764345,0.32866551348189044,0.3026335489879054,0.3146205395955791,0.248654279828993,0.3050235602804376,0.0,0.26979140928020695,0.24397578603295972,0.24353341112780005,0.22782158859134366,0.24560172719673956,0.279282962432233,0.2693529787376593,0.21310676302246914,0.3327908866191057,0.26771666534648325,0.31114252902418815,0.0,0.0,0.0,0.2628593299225635,0.288940904695467,0.0,0.0,0.0,0.0,0.0,0.0,0.0,0.0,0.36688805651465833,0.0,0.37164044364044324,0.0,0.0,0.0,0.0,0.2725436146834127,0.3596076139472124,0.0,0.0,0.0,0.0,0.0,0.3384870787549213,0.36126930484505965,0.34951750530145304,0.0,0.0,0.0,0.0,0.2965260898586127
0.36407628948078413,0.42328351476553294,0.3594487631881935,0.27283507100549714,0.29159681682680494,0.33589233441726346,0.3268708566785806,0.38641754811758794,0.3460178180754204,0.34226865873498846,0.34801099898883453,0.22943372173078289,0.0,0.30707348353779435,0.38565452154741237,0.44852230896079964,0.3804220394217578,0.43462174446307184,0.36055235129406826,0.3880351623837219,0.3936425781031632,0.4244611899313608,0.3713234794371149,0.25414278444427485,0.4421687101874443,0.4213858938140655,0.3795629081945145,0.32619694404487165,0.3541214902773929,0.3324456916703525,0.3627055079952943,0.39189183705397773,0.37805179027745583,0.39677891853937486,0.4571910236829562,0.29491064050544236,0.30801398153847565,0.2922109641473274,0.4158987443154099,0.0,0.3705398318295049,0.3562566854355688,0.0,0.0,0.0,0.0,0.0,0.2763693838559574,0.0,0.0,0.18110634020370603,0.30226009654383756,0.3548629527467141,0.30438997085311886,0.0,0.29332584919796995,0.0,0.28404263702435384,0.0,0.3116066977311769,0.0,0.0,0.0,0.0,0.0,0.3117671533941765,0.28893271350676614,0.4128619968225175,0.0,0.3137394321581938,0.32172600311238103,0.3819481301713097,0.33581477583811037,0.0,0.0,0.3189406438134605
0.0,0.0,0.38239970603275975,0.2589239118688567,0.23356150068192885,0.0,0.2574188698399614,0.3794304485914179,0.3560748314829207,0.0,0.2685200645162376,0.0,0.30707348353779435,0.0,0.0,0.0,0.0,0.0,0.32894462511726225,0.0,0.0,0.0,0.36092553179995446,0.0,0.0,0.0,0.4275788473910723,0.23268950150745496,0.0,0.0,0.3164746193703664,0.30351310286777855,0.0,0.0,0.0,0.18141133484544095,0.14784587651371625,0.0,0.0,0.0,0.0,0.0,0.0,0.0,0.0,0.0,0.0,0.3865536568794774,0.0,0.0,0.0,0.0,0.3888383093919683,0.0,0.0,0.0,0.0,0.0,0.0,0.0,0.0,0.0,0.0,0.4075971846751228,0.0,0.0,0.0,0.3642997096099059,0.0,0.0,0.0,0.4159931736117102,0.0,0.0,0.0,0.0
0.38211499809750343,0.39861417734172333,0.0,0.0,0.0,0.34836024327631876,0.0,0.3696161385926117,0.27015213968145946,0.0,0.0,0.0,0.38565452154741237,0.0,0.0,0.40533471584080405,0.0,0.0,0.0,0.2941472849002272,0.3556350796247544,0.32255492832960364,0.31884386953495847,0.4145025791361181,0.0,0.34574337096576213,0.3597356137460161,0.39109412366094215,0.3884964436985794,0.0,0.4079984116980102,0.46248834316951304,0.3823335969005446,0.4407863594461221,0.5032719572930924,0.0,0.0,0.0,0.44986227546175084,0.4216190236872781,0.42908446286890195,0.4785526042082992,0.49973336568437826,0.0,0.0,0.0,0.4279409542484927,0.0,0.0,0.0,0.3389201287091545,0.0,0.42363203450800035,0.0,0.0,0.0,0.0,0.0,0.0,0.2707639065936476,0.37406146089022674,0.0,0.0,0.0,0.2743083170295129,0.4232320634985975,0.33298776498756255,0.38403466296939714,0.0,0.29293444206751773,0.3182181433361771,0.32697375289508296,0.39963174595127954,0.4085462184162918,0.0,0.396812317462374
0.3676648406560523,0.385686018170999,0.0,0.0,0.4242886393090735,0.42732555050955895,0.4609570115140422,0.39772429548518423,0.40916825021692466,0.321678567139616,0.0,0.26178572704517716,0.44852230896079964,0.0,0.40533471584080405,0.0,0.31826080584095134,0.31810785554792137,0.0,0.3709650378836088,0.38597059611116435,0.3439521186384522,0.40549194287525087,0.323011656278678,0.3693876797833758,0.39794776923443603,0.39887151797340575,0.4327808397525187,0.40108864869250455,0.374957651028253,0.318707296109711,0.4462170461457451,0.34631272621778675,0.35118143465318813,0.4340748205665735,0.0,0.0,0.0,0.41400541570400484,0.35237298008253,0.3744406960213063,0.38688375949390535,0.0,0.0,0.0,0.38869500641359916,0.39624694650640435,0.0,0.0,0.0,0.0,0.0,0.0,0.0,0.2892566274936232,0.0,0.2863413282368118,0.0,0.0,0.0,0.38750036069518146,0.27672833737552593,0.37313112839200174,0.0,0.0,0.0,0.40353143102335837,0.0,0.3667431048981602,0.3744644021197948,0.39377040512232514,0.0,0.0,0.0,0.0,0.36638376905912046
0.3243563647292309,0.338338895184082,0.0,0.0,0.0,0.297263060373282,0.4062215823053769,0.0,0.0,0.2947959196000797,0.0,0.34453614535523597,0.3804220394217578,0.0,0.0,0.31826080584095134,0.0,0.32662023261577183,0.0,0.34492285488176616,0.0,0.3564904799047864,0.0,0.3416564731013979,0.2956648875679162,0.3273347625296183,0.3000679169078311,0.3591355470620483,0.3323023918871263,0.2839945418328062,0.2974400357258316,0.4025602196223627,0.29779302574629424,0.33375545087319486,0.3706992263601001,0.0,0.0,0.2595049459084405,0.3797593569419158,0.34330070712742156,0.3349104876483234,0.0,0.0,0.0,0.0,0.35192889789663123,0.0,0.0,0.0,0.0,0.0,0.0,0.0,0.0,0.37880782655183276,0.0,0.34142151648873376,0.0,0.0,0.0,0.0,0.3622790980658573,0.37143520220757226,0.0,0.0,0.0,0.0,0.0,0.36075391134015633,0.3936917574086664,0.3838467513658226,0.0,0.0,0.0,0.0,0.33048520961851924
0.3414193207825854,0.3752278379078434,0.0,0.0,0.0,0.41941407645981404,0.42862385062062325,0.0,0.3074145772366941,0.322452531619647,0.0,0.31617902585186475,0.43462174446307184,0.0,0.0,0.31810785554792137,0.32662023261577183,0.0,0.0,0.39647396105050314,0.4259465176236758,0.3796534199500089,0.40223688441535693,0.3242794873611518,0.3194478711727856,0.34533686105833117,0.3894830338534544,0.40759224805176625,0.4120823536251159,0.0,0.3275430880172289,0.40776763567177304,0.31412344342215104,0.3460312882008751,0.3719879127694969,0.0,0.0,0.2560202935474058,0.397977919035261,0.34679488695250305,0.372231612058102,0.3757935871004195,0.0,0.0,0.0,0.35303367947485426,0.3707658707099038,0.0,0.0,0.0,0.0,0.0,0.0,0.0,0.3657676513948986,0.0,0.3638250608029941,0.0,0.0,0.0,0.3664579149711719,0.37517091119327683,0.36645053613316425,0.0,0.0,0.3242609527342813,0.0,0.29973843791840066,0.3193334000069675,0.37043256952970016,0.3778992466399797,0.0,0.0,0.0,0.0,0.35890250916647737
0.0,0.0,0.24075202626077064,0.3018746651880699,0.3057766562304387,0.3256633443067741,0.3534647036394847,0.3209846189870898,0.24562855747063558,0.30728960253625315,0.23084801979961478,0.2710781065471525,0.36055235129406826,0.32894462511726225,0.0,0.0,0.0,0.0,0.0,0.0,0.0,0.0,0.24204191949035872,0.0,0.0,0.0,0.34434629233250114,0.3685932599403986,0.0,0.0,0.35048312198012516,0.3454786403559148,0.0,0.2943206589432061,0.37326172371830996,0.2950019500112678,0.31868466287366837,0.2887996711943334,0.0,0.0,0.0,0.0,0.35122533391073,0.0,0.0,0.0,0.0,0.25733960819535967,0.0,0.32552930716489753,0.0,0.3607705583846002,0.4315930474698094,0.4352335977346626,0.0,0.2162266598567057,0.0,0.3063024270565722,0.0,0.0,0.0,0.0,0.0,0.13932821688478414,0.0,0.0,0.0,0.42833919759974587,0.0,0.0,0.0,0.46842218323568263,0.31382784137484115,0.0,0.0,0.0
0.40566540131128026,0.3953264838433454,0.0,0.0,0.3908115737497211,0.38007326671803077,0.40645352960327014,0.3552607465256999,0.37877952980495777,0.3300167006470361,0.0,0.3492054282626993,0.3880351623837219,0.0,0.2941472849002272,0.3709650378836088,0.34492285488176616,0.39647396105050314,0.0,0.0,0.3947874165746926,0.3492659517237472,0.27235979098226226,0.3521416570118356,0.3978895120449181,0.4087795038534167,0.34541067357227195,0.33726781053437005,0.31929587871335674,0.24658803874616728,0.34964420634060606,0.4861558591635446,0.40324934145344127,0.41583335165848395,0.49538017193620404,0.0,0.5208456998091613,0.33224538507116314,0.4380687710806724,0.38204538210326283,0.3573159289399007,0.4393612643649508,0.3962862369028055,0.0,0.0,0.35922679881045805,0.38274930522364015,0.0,0.0,0.0,0.333360025516006,0.0,0.3968456412185794,0.0,0.0,0.0,0.0,0.0,0.0,0.37653837254194483,0.29911844553616335,0.0,0.27114265941745985,0.0,0.4092039361119463,0.3583005226408376,0.438986011472087,0.36172616782052747,0.0,0.2770782964567307,0.42913293474325553,0.0,0.385457497217158,0.3508977136943372,0.0,0.40354461701106253
0.40181851158705345,0.3781327093989402,0.3274620241614367,0.0,0.3032785701058324,0.339592704169326,0.35957802714284903,0.3453492793144683,0.2847511302808705,0.0,0.0,0.40729272756853374,0.3936425781031632,0.0,0.3556350796247544,0.38597059611116435,0.0,0.4259465176236758,0.0,0.3947874165746926,0.0,0.39175904345188345,0.3410617482931686,0.44559215950894254,0.39703290005182107,0.3824185322865504,0.3909054040928812,0.3999749782282207,0.4008753789956466,0.39091392163201444,0.3950371710052836,0.45322926026085786,0.33898157959282166,0.4119498006142453,0.5005275118889022,0.0,0.3663722182549731,0.39079498607366375,0.44972775323595354,0.38751200291633026,0.4005787955417083,0.4636382008932325,0.4848578814600272,0.0,0.0,0.421513276644876,0.4337475526494311,0.0,0.0,0.0,0.331475251034709,0.3192581169090425,0.20694276874124043,0.0,0.0,0.0,0.0,0.0,0.0,0.40886683720943867,0.38713504888286915,0.0,0.0,0.0,0.3925375875763177,0.20592127947500996,0.43069745598851894,0.3216485940723182,0.0,0.32801910057608175,0.4778979482821874,0.365108877882168,0.39313057239883303,0.38611065691016366,0.0,0.37851416552050143
0.37862369391216094,0.3789855698685553,0.0,0.0,0.4115832251988984,0.40256459871947076,0.4274326361196878,0.3988430611369025,0.3839385679914588,0.3220430543320439,0.0,0.31051598253705526,0.4244611899313608,0.0,0.32255492832960364,0.3439521186384522,0.3564904799047864,0.3796534199500089,0.0,0.3492659517237472,0.39175904345188345,0.0,0.39242184169670136,0.330104009169072,0.38916314477120645,0.3802729284283564,0.4059458881300251,0.3842305820223332,0.3624257022590042,0.3420872686901631,0.35382588575652957,0.4865040090037046,0.41198243427917375,0.4198670774394936,0.5109676890547816,0.5236716646507344,0.5050571932278558,0.2275577767553328,0.45647164993213935,0.42309593311491844,0.44004931788410184,0.46947602180140535,0.4659449675954258,0.0,0.0,0.4348655283060587,0.43607661510506235,0.0,0.0,0.0,0.3414500894598151,0.0,0.4226567998811894,0.0,0.0,0.0,0.0,0.3054551705427365,0.0,0.4450074248399355,0.40287814808621253,0.0,0.3154215181971781,0.0,0.42092581390075134,0.4412307996589639,0.4493091737309158,0.40145856591028456,0.0,0.3664706159770958,0.4645384476067624,0.40049227518394037,0.0,0.40837962135796707,0.0,0.3985979515121405
0.4398777774724668,0.39951277752144315,0.2952406177281273,0.3421416701258859,0.3334947144332669,0.34024703985678406,0.3711916937826149,0.2810463247481487,0.33354175875323994,0.3764535707274861,0.2786892604443237,0.39361874301397637,0.3713234794371149,0.36092553179995446,0.31884386953495847,0.40549194287525087,0.0,0.40223688441535693,0.24204191949035872,0.27235979098226226,0.3410617482931686,0.39242184169670136,0.0,0.45139018726117264,0.41260449565629187,0.41641004117830316,0.300294328471727,0.36758490523670634,0.3597177359013605,0.3518890488717034,0.378046218404259,0.3925780545061617,0.3522974203326636,0.39310599621637504,0.4139299799780331,0.3242070355715925,0.3505014715410614,0.412739905860722,0.4235266382064895,0.4266646936349413,0.4362737214079807,0.42820296170555516,0.0,0.0,0.0,0.3805830951667852,0.32938975900228473,0.3284955117300928,0.0,0.30389722246832546,0.3771438260669545,0.4230316398566902,0.39104830843477434,0.4316412738839961,0.0,0.26343881474638037,0.0,0.4129345264074367,0.0,0.3911194521542102,0.27993376869699876,0.0,0.0,0.19818599072748502,0.3915169023663075,0.25641099736055584,0.3879435093983801,0.3978026256300521,0.0,0.2767277225972251,0.38516376319510026,0.4132371821186622,0.4142625403058802,0.394021364253757,0.0,0.40910237726097404
0.3341987772718585,0.3223314813998669,0.0,0.2688537294790974,0.0,0.33929663216190936,0.3649886001233184,0.4875370160410143,0.3238469746328596,0.26960513987405066,0.30118910830996887,0.27266733364764345,0.25414278444427485,0.0,0.4145025791361181,0.323011656278678,0.3416564731013979,0.3242794873611518,0.0,0.3521416570118356,0.44559215950894254,0.330104009169072,0.45139018726117264,0.0,0.32417044976019016,0.3133298594026363,0.33813342885124625,0.26012554791738646,0.35238377869718945,0.0,0.30126495450846474,0.2970684293519778,0.2170693708997188,0.24340298535943303,0.29278363735876384,0.0,0.26340076679135876,0.22076885451123646,0.4135713363768997,0.28692349179439536,0.3692226284373422,0.0,0.0,0.0,0.0,0.3761193111593979,0.0,0.0,0.0,0.0,0.0,0.0,0.0,0.0,0.35527039800049676,0.0,0.3480293349366312,0.0,0.0,0.0,0.0,0.38085219831530454,0.38785004226196895,0.0,0.0,0.0,0.0,0.0,0.34379453775516167,0.3871118125674987,0.3953236986222738,0.0,0.0,0.0,0.0,0.0
0.364551834665114,0.3755009812509287,0.0,0.0,0.4026429488527838,0.417369993725268,0.46441475167068774,0.0,0.39003427053647893,0.3042387376755389,0.28391163223217336,0.32866551348189044,0.4421687101874443,0.0,0.0,0.3693876797833758,0.2956648875679162,0.3194478711727856,0.0,0.3978895120449181,0.39703290005182107,0.38916314477120645,0.41260449565629187,0.32417044976019016,0.0,0.33079929478157777,0.39618081686772094,0.4314646062624227,0.420732114435636,0.0,0.33632887230197367,0.3907385414335662,0.2923884451438066,0.33126173954577015,0.35952173357600536,0.0,0.0,0.27629565063948164,0.40874288343666765,0.3522215466453923,0.38158216043557946,0.3929790353441674,0.0,0.0,0.0,0.3678968652466798,0.39643899446681063,0.0,0.0,0.0,0.0,0.0,0.347909048962964,0.0,0.3750162962670075,0.0,0.3737914639744294,0.0,0.0,0.0,0.38493461786798117,0.3800754688344957,0.3783196891300114,0.0,0.0,0.3668101839815056,0.3322449825734896,0.3090273302910342,0.3601347502257774,0.38231769558866024,0.3894006038825039,0.0,0.0,0.36931631856077235,0.0,0.3667187044978486
0.36786682734382853,0.35853465956535835,0.0,0.0,0.3575414463390994,0.3956716784362405,0.43000841262743084,0.4593801059074331,0.3212605946666645,0.3327949625960553,0.0,0.3026335489879054,0.4213858938140655,0.0,0.34574337096576213,0.39794776923443603,0.3273347625296183,0.34533686105833117,0.0,0.4087795038534167,0.3824185322865504,0.3802729284283564,0.41641004117830316,0.3133298594026363,0.33079929478157777,0.0,0.4265833548694897,0.3894558711955414,0.4019623746608919,0.0,0.36293365186911736,0.43720255964870913,0.3374576505862685,0.37383546867633777,0.43452643470469815,0.0,0.0,0.3057938981405281,0.4309269700643616,0.3697847643373929,0.39277030205575186,0.43256345211895697,0.0,0.0,0.0,0.3967281693688259,0.42393758066245746,0.0,0.0,0.0,0.3445235941882338,0.0,0.4053983359135476,0.0,0.36760824714262097,0.0,0.3625842394960823,0.0,0.0,0.43537522753695074,0.40082682872253433,0.39285151685781916,0.39080212223466765,0.0,0.3829816740832159,0.4384868171024116,0.44533297255896603,0.4029777409662033,0.3827832845468846,0.39192304930537475,0.4059582695358969,0.0,0.0,0.3627170170430393,0.0,0.38522671916152584
0.40622848574515347,0.39815051398490936,0.30948022475533576,0.38225091305160636,0.34539905138387517,0.3116941305559018,0.3814756952689558,0.3664450954510754,0.3314303745840867,0.35305175421789986,0.3340671626922739,0.3146205395955791,0.3795629081945145,0.4275788473910723,0.3597356137460161,0.39887151797340575,0.3000679169078311,0.3894830338534544,0.34434629233250114,0.34541067357227195,0.3909054040928812,0.4059458881300251,0.300294328471727,0.33813342885124625,0.39618081686772094,0.4265833548694897,0.0,0.37924305479260056,0.34506598681903833,0.37074792223242076,0.39413041639424756,0.4352545785620635,0.3888669030596047,0.4259789806840171,0.4671575977386057,0.36926635026665106,0.41593914566661644,0.32487294559680685,0.4304029995419004,0.4070874303535545,0.3995709644668727,0.42572162721421763,0.47546391220542744,0.0,0.0,0.309324514154562,0.3389229456744973,0.4902473900363914,0.0,0.41404840194578785,0.40300198637228535,0.3986086192195178,0.4088436154004489,0.4828531386451579,0.0,0.39334529950039354,0.0,0.3153889105028684,0.0,0.40537489825892337,0.26875770146060163,0.0,0.27734081149754575,0.3534325387433691,0.3931539507050043,0.3278883060837907,0.36090446752959726,0.4277344063888813,0.0,0.25711267233773744,0.4327080184138281,0.4368943881214697,0.3627820466639676,0.380141206472336,0.0,0.3991111621696593
0.3819894256421967,0.4138262386055288,0.3474078116527832,0.23114949660453005,0.29483304521353426,0.3200519110752181,0.3371872459573252,0.38402037928631466,0.3700050805176529,0.3053534360962077,0.34180533995472906,0.248654279828993,0.32619694404487165,0.23268950150745496,0.39109412366094215,0.4327808397525187,0.3591355470620483,0.40759224805176625,0.3685932599403986,0.33726781053437005,0.3999749782282207,0.3842305820223332,0.36758490523670634,0.26012554791738646,0.4314646062624227,0.3894558711955414,0.37924305479260056,0.0,0.30949996599086826,0.2590618368421587,0.32185394203770196,0.34577107089433884,0.2863539408022271,0.32641897855934937,0.3126514742409426,0.22107274235973082,0.24154354641795747,0.2556729870174187,0.426480626817168,0.0,0.4075378928867365,0.3935917126417564,0.0,0.0,0.0,0.0,0.0,0.0,0.0,0.0,0.31255698754338296,0.28481555808133274,0.3076024698549289,0.29263348990638394,0.0,0.26359611950605305,0.0,0.2944700751449326,0.0,0.0,0.0,0.0,0.2807223705588271,0.0,0.0,0.3491437682411712,0.3245668847207426,0.40436348183434356,0.0,0.3060248387826457,0.3427856127008416,0.4102116307822379,0.3640368031936162,0.3822939389318182,0.3424199479924274,0.3570240453508466
0.3894127273005,0.3935758701386764,0.0,0.3369855832295795,0.3691166180043324,0.30986169605460917,0.3818791775865796,0.3454038971138961,0.33808277030846956,0.33653590843563297,0.0,0.3050235602804376,0.3541214902773929,0.0,0.3884964436985794,0.40108864869250455,0.3323023918871263,0.4120823536251159,0.0,0.31929587871335674,0.4008753789956466,0.3624257022590042,0.3597177359013605,0.35238377869718945,0.420732114435636,0.4019623746608919,0.34506598681903833,0.30949996599086826,0.0,0.2602117598289679,0.32834698459525474,0.4486320313177434,0.3806206605855536,0.3764974153174897,0.44305948589586586,0.0,0.35808169999343936,0.0,0.43012838666346404,0.3707381383521059,0.38307117126106616,0.4081034380250588,0.0,0.0,0.0,0.3391830094229261,0.36853568352921084,0.0,0.0,0.0,0.31863523357619483,0.0,0.29202315671337453,0.0,0.0,0.0,0.0,0.307106357228432,0.0,0.4014129445004577,0.276765135937093,0.0,0.283407514859307,0.0,0.39923298243262817,0.35384426646350464,0.4094376719820806,0.3915481364077426,0.0,0.2632298651458974,0.38581930671285375,0.38999066624115347,0.36906776885711723,0.4006887225408952,0.0,0.38183185266216396
0.40624426651495105,0.0,0.0,0.34347897587744897,0.0,0.36427992137834625,0.42908225507420994,0.36908365857694175,0.0,0.0,0.0,0.0,0.3324456916703525,0.0,0.0,0.374957651028253,0.2839945418328062,0.0,0.0,0.24658803874616728,0.39091392163201444,0.3420872686901631,0.3518890488717034,0.0,0.0,0.0,0.37074792223242076,0.2590618368421587,0.2602117598289679,0.0,0.2636708040598555,0.3815695106251578,0.0,0.34992777738209024,0.39064564818831715,0.0,0.30741810517507956,0.0,0.4237474554557585,0.0,0.0,0.0,0.0,0.0,0.0,0.0,0.0,0.0,0.0,0.0,0.3145092232189738,0.0,0.3226108620074365,0.0,0.0,0.0,0.0,0.2851892686490681,0.0,0.0,0.0,0.0,0.0,0.0,0.0,0.0,0.0,0.4002759711238073,0.0,0.0,0.0,0.38709959803253435,0.3442602064079905,0.0,0.0,0.0
0.3515821907467698,0.355149458608223,0.3647577453505725,0.268054774616728,0.3760474727551019,0.3915537093207618,0.3997653537096278,0.39807277464406476,0.38864589333414035,0.2670863669906014,0.378428851433906,0.26979140928020695,0.3627055079952943,0.3164746193703664,0.4079984116980102,0.318707296109711,0.2974400357258316,0.3275430880172289,0.35048312198012516,0.34964420634060606,0.3950371710052836,0.35382588575652957,0.378046218404259,0.30126495450846474,0.33632887230197367,0.36293365186911736,0.39413041639424756,0.32185394203770196,0.32834698459525474,0.2636708040598555,0.0,0.34547781635217806,0.2968739407016851,0.2962212217592665,0.33580830402551765,0.34439597763144647,0.3365570555004935,0.26040187923963976,0.428947052734287,0.33349892855044977,0.40173497143964537,0.4236382430367713,0.0,0.0,0.0,0.34486695907405696,0.4006263559815508,0.0,0.0,0.0,0.3192061770580161,0.28113042854086234,0.40337405401377113,0.0,0.293399023755714,0.2752310533732147,0.34227817454357734,0.28653912723417446,0.0,0.0,0.3838071723498105,0.3674390135690598,0.3668103531291636,0.0,0.0,0.0,0.42073104294104724,0.4300338987039566,0.3824816289538857,0.3685710530363184,0.4007745197351022,0.41244408495005064,0.3509516945450175,0.3880803061113339,0.0,0.4010308144532614
0.43508903803062715,0.4400494503288884,0.3374655978656619,0.27080269014800556,0.3706409260693403,0.4189312289584455,0.39560220094675547,0.38358229455689846,0.3604049770884933,0.2808735113962578,0.34586353853593266,0.24397578603295972,0.39189183705397773,0.30351310286777855,0.46248834316951304,0.4462170461457451,0.4025602196223627,0.40776763567177304,0.3454786403559148,0.4861558591635446,0.45322926026085786,0.4865040090037046,0.3925780545061617,0.2970684293519778,0.3907385414335662,0.43720255964870913,0.4352545785620635,0.34577107089433884,0.4486320313177434,0.3815695106251578,0.34547781635217806,0.0,0.3707407124671066,0.3228007028223468,0.3699047157428025,0.21083250600849832,0.29122928470856874,0.2251005233894227,0.39518688149521686,0.33700821329109537,0.3854666516157366,0.3457340309172664,0.5045873633375276,0.3022067610779835,0.28986757738849334,0.441264386006679,0.450350061521297,0.42220981883055,0.0,0.0,0.4123179233658639,0.33079439172199315,0.43462734867688846,0.35181261280179216,0.3187822818291655,0.3221916403994764,0.3760314514047729,0.3923591598154609,0.0,0.44001585691562384,0.4209031175622954,0.38283308671340943,0.4061330734544512,0.0,0.43223439797965085,0.43796097061299777,0.4671544743135397,0.42938137016691874,0.33343402707960607,0.4009359609466165,0.45096126560230404,0.42833819451757627,0.4323907235296311,0.4405886321034715,0.43643177310555376,0.4551236318425355
0.2817780822164394,0.34097088711487017,0.0,0.232391154212301,0.3963585188881639,0.35936344881376703,0.40697434320461123,0.0,0.317073610641367,0.2660235556947929,0.0,0.24353341112780005,0.37805179027745583,0.0,0.3823335969005446,0.34631272621778675,0.29779302574629424,0.31412344342215104,0.0,0.40324934145344127,0.33898157959282166,0.41198243427917375,0.3522974203326636,0.2170693708997188,0.2923884451438066,0.3374576505862685,0.3888669030596047,0.2863539408022271,0.3806206605855536,0.0,0.2968739407016851,0.3707407124671066,0.0,0.2272737549133107,0.4076283725589817,0.0,0.22557869588875934,0.20507043468800637,0.3839896451505886,0.22949079425668303,0.32043552740807885,0.32497039713832016,0.44261912810213716,0.0,0.23390070341394656,0.3538378799084619,0.3974506029697861,0.0,0.0,0.0,0.0,0.0,0.0,0.0,0.3132623382378043,0.0,0.3107449712795033,0.0,0.0,0.43141209213628395,0.37554454017277034,0.3249835708493799,0.3227214537763662,0.0,0.3932350970544229,0.42843688986709993,0.43625005732053523,0.41190186748043023,0.29775911585141357,0.35600414111762696,0.3819611220516416,0.4389230413683822,0.0,0.0,0.0,0.3243192776258491
0.3574659320945996,0.37181220355639183,0.33630672068726697,0.23360438500805406,0.3899770474818701,0.41714908770883113,0.41810670385862503,0.40865729537907336,0.375828740878969,0.2657511076815782,0.3542359122313858,0.22782158859134366,0.39677891853937486,0.0,0.4407863594461221,0.35118143465318813,0.33375545087319486,0.3460312882008751,0.2943206589432061,0.41583335165848395,0.4119498006142453,0.4198670774394936,0.39310599621637504,0.24340298535943303,0.33126173954577015,0.37383546867633777,0.4259789806840171,0.32641897855934937,0.3764974153174897,0.34992777738209024,0.2962212217592665,0.3228007028223468,0.2272737549133107,0.0,0.32016769974263143,0.263023663550068,0.2796716431592399,0.209697052967471,0.4068318513105191,0.30882503902086095,0.367156687015413,0.3424117607302389,0.47631764041607966,0.0,0.0,0.3667453204029173,0.41547988140273845,0.0,0.0,0.0,0.34288193988012017,0.29658904366159217,0.4230501278498844,0.3044241394628682,0.3423369123418307,0.29624583964887885,0.33496303622493595,0.33868826508027805,0.0,0.44989692830326106,0.39118041303494094,0.35140744856517847,0.3581529576034155,0.0,0.44324629497219525,0.44811869365619206,0.44870264463119935,0.43590414995014454,0.35345165234976367,0.3738995703501994,0.4055597449998534,0.4367975294200215,0.4107743106432602,0.4348050954364666,0.0,0.3876257336406845
0.437096044552643,0.46751341342828345,0.39105995548113676,0.22901987236538257,0.4366242267203857,0.4583269854500643,0.4578302944805561,0.43058453877966896,0.3858662871918298,0.2785723931254847,0.37630406199910765,0.24560172719673956,0.4571910236829562,0.0,0.5032719572930924,0.4340748205665735,0.3706992263601001,0.3719879127694969,0.37326172371830996,0.49538017193620404,0.5005275118889022,0.5109676890547816,0.4139299799780331,0.29278363735876384,0.35952173357600536,0.43452643470469815,0.4671575977386057,0.3126514742409426,0.44305948589586586,0.39064564818831715,0.33580830402551765,0.3699047157428025,0.4076283725589817,0.32016769974263143,0.0,0.26591759725868086,0.28505437152077673,0.24225438671328028,0.4111630110685707,0.3318880835800155,0.3601386686061371,0.35168437242889655,0.5239632687733426,0.0,0.2268969188744402,0.4792267880526637,0.4596841811513207,0.0,0.0,0.0,0.35767483696192365,0.34389607518766835,0.4669098858888984,0.0,0.35658495635156257,0.0,0.37190406543565074,0.3510714686067422,0.0,0.4894865844934675,0.42318651535110424,0.33977854273904834,0.3853720700260481,0.0,0.4456450945676544,0.5141357963343227,0.4859002642002537,0.4502939666082312,0.41639868695880855,0.3949959249872231,0.44591160134255603,0.43455629538089974,0.39801693612700084,0.41530178257676614,0.0,0.4013546625536062
0.0,0.0,0.3261073283000748,0.16397742121015868,0.18184405537604112,0.3488039648381281,0.16102418835094698,0.24157745636061143,0.3414245555192711,0.3003006614273359,0.23255296676265724,0.279282962432233,0.29491064050544236,0.18141133484544095,0.0,0.0,0.0,0.0,0.2950019500112678,0.0,0.0,0.5236716646507344,0.3242070355715925,0.0,0.0,0.0,0.36926635026665106,0.22107274235973082,0.0,0.0,0.34439597763144647,0.21083250600849832,0.0,0.263023663550068,0.26591759725868086,0.0,0.17747966036099053,0.25748517661781406,0.0,0.0,0.0,0.0,0.0,0.0,0.0,0.0,0.0,0.0,0.0,0.0,0.3594485456794946,0.0,0.0,0.0,0.0,0.0,0.0,0.0,0.0,0.0,0.0,0.0,0.0,0.0,0.0,0.0,0.0,0.30917444119835863,0.0,0.0,0.0,0.0,0.0,0.0,0.0,0.0
0.0,0.0,0.31870693504639414,0.1472880763931964,0.17040226934112687,0.38542317858840286,0.20459657243912568,0.37702570440970024,0.311546657542876,0.0,0.3069991911329521,0.2693529787376593,0.30801398153847565,0.14784587651371625,0.0,0.0,0.0,0.0,0.31868466287366837,0.5208456998091613,0.3663722182549731,0.5050571932278558,0.3505014715410614,0.26340076679135876,0.0,0.0,0.41593914566661644,0.24154354641795747,0.35808169999343936,0.30741810517507956,0.3365570555004935,0.29122928470856874,0.22557869588875934,0.2796716431592399,0.28505437152077673,0.17747966036099053,0.0,0.23680750615234675,0.4247858659133931,0.0,0.0,0.0,0.0,0.0,0.0,0.0,0.0,0.0,0.0,0.0,0.0,0.0,0.0,0.0,0.0,0.0,0.0,0.30191403304346753,0.0,0.0,0.0,0.0,0.0,0.0,0.0,0.0,0.0,0.3323887292925339,0.0,0.0,0.0,0.3110943841568657,0.0,0.0,0.0,0.0
0.0,0.0,0.2702850397331592,0.23268324534689344,0.27041671203738316,0.30374440479456005,0.33641524429274783,0.0,0.23255832139958005,0.23638240220238166,0.27132710760991285,0.21310676302246914,0.2922109641473274,0.0,0.0,0.0,0.2595049459084405,0.2560202935474058,0.2887996711943334,0.33224538507116314,0.39079498607366375,0.2275577767553328,0.412739905860722,0.22076885451123646,0.27629565063948164,0.3057938981405281,0.32487294559680685,0.2556729870174187,0.0,0.0,0.26040187923963976,0.2251005233894227,0.20507043468800637,0.209697052967471,0.24225438671328028,0.25748517661781406,0.23680750615234675,0.0,0.22322979321399739,0.22485076179884278,0.21328068427309713,0.21987565989863736,0.0,0.0,0.22837400699926547,0.0,0.0,0.0,0.0,0.0,0.0,0.0,0.0,0.0,0.3023381575063333,0.0,0.295979571792529,0.0,0.0,0.0,0.0,0.0,0.0,0.0,0.0,0.0,0.0,0.0,0.2736634651831559,0.0,0.32451314216669364,0.0,0.0,0.0,0.0,0.0
