0.0,0.2580028042078114,0.0,0.0,0.0,0.258485192589275,0.21795649690049793,0.3417369001736639,0.0,0.2508439465156855,0.0,0.24508883051228433,0.26222448572771795,0.0,0.2762387353614477,0.26542088248351564,0.26053448537345214,0.26419912680491336,0.0,0.3029032947875588,0.27848100996157493,0.27082500453896136,0.308160092407282,0.25308026599537625,0.2613570097717269,0.23937119593218903,0.28820065517918714,0.266190845255429,0.29621409414941285,0.2604480346217662,0.24734499034016688,0.26994467636703023,0.24139782102306917,0.24966088191252572,0.26457440661778725,0.0,0.0,0.2728960580703827,0.2982420232888199,0.2712867314145727,0.2902771117333964,0.0,0.0,0.0,0.0,0.2897025693962172,0.31719256858437905,0.0,0.0,0.0,0.25410617554898285,0.0,0.0,0.0,0.24820549487074753,0.0,0.2631128439737305,0.0,0.0,0.0,0.303442870399277,0.0,0.29063602270650596,0.0,0.0,0.0,0.30851401612307017,0.0,0.29847717736471724,0.29531809520714225,0.2946458619398573,0.0,0.0,0.31282386677087104,0.0,0.2563210693941501
0.2580028042078114,0.0,0.0,0.0,0.2668875986053444,0.26228801579330363,0.28584865719076263,0.2983266867997645,0.23757910010993932,0.19870331676355973,0.0,0.17129244844374866,0.2967807588909786,0.0,0.269459612418329,0.24818609663505292,0.0,0.26292169618858313,0.0,0.2800533695188906,0.2600005558859588,0.26189311620847494,0.2766499992285177,0.21676903747129142,0.24312668968819803,0.2503311979863678,0.2661833721027216,0.28694272109507196,0.2764913516768484,0.25416711252189667,0.2252984037237952,0.2546542608934726,0.22558833384024327,0.2312573396637989,0.23781447818777196,0.22616194654028493,0.0,0.0,0.2945867068331862,0.28856152287443687,0.29646872680232034,0.3022227691843883,0.0,0.0,0.0,0.29745506938206595,0.30851136932381423,0.0,0.0,0.0,0.26429619276151256,0.21924257826063803,0.0,0.0,0.2316060550264254,0.0,0.0,0.20207135288863337,0.0,0.305342945919398,0.2972284252964578,0.22798179115246178,0.2951586414747783,0.0,0.29183523356633695,0.2989290111099674,0.30797398586350777,0.26637401004808275,0.0,0.2981930034573297,0.3040713945599527,0.2825412459866338,0.2152499175886575,0.29265272987507296,0.0,0.2807280673052791
0.0,0.0,0.0,0.24691893399537365,0.24451482980402725,0.2737436866181964,0.27697912495386157,0.29819652425474136,0.20654679264219444,0.25064112703626495,0.18929811697426205,0.22938255050778936,0.288155376079319,0.28092402235408637,0.0,0.0,0.0,0.0,0.17620456996143352,0.0,0.0,0.0,0.1908048571327048,0.0,0.1895547829462822,0.0,0.20660625299525556,0.2965455353011751,0.0,0.2829317482543942,0.3043268581888388,0.25868967407433646,0.0,0.2874307821108334,0.2912007659053167,0.2607107469827611,0.2700797232047246,0.0,0.3338376598405321,0.0,0.0,0.0,0.328742213983831,0.0,0.0,0.0,0.0,0.20288667489503495,0.0,0.30858295948947995,0.3637899292687929,0.320603802062307,0.3566849354484216,0.3601401160817995,0.0,0.2553838578290572,0.0,0.3204585032141005,0.0,0.0,0.0,0.0,0.0,0.15210570887604064,0.0,0.0,0.0,0.3639065146240987,0.0,0.0,0.0,0.36298052668603925,0.30691166062816294,0.2656670642253729,0.0,0.2980817283031411
0.0,0.0,0.24691893399537365,0.0,0.20060579392446118,0.26726337791385885,0.18136444825405568,0.23943453542567328,0.2604699775062121,0.0,0.25818990288103566,0.0,0.21007540720328555,0.18588698994407438,0.0,0.0,0.0,0.0,0.0,0.27275230582265714,0.0,0.297247548413261,0.2610395258616423,0.0,0.0,0.0,0.26096455316676553,0.18519975614519485,0.24421048852937202,0.24446882500901213,0.2156383487127261,0.20909468612615043,0.0,0.19811866839424347,0.19644062132365922,0.1369389360928038,0.13117016076816534,0.0,0.19191465817607045,0.0,0.0,0.22533505314331737,0.0,0.19096391902271512,0.0,0.0,0.0,0.0,0.0,0.0,0.0,0.0,0.0,0.0,0.0,0.0,0.0,0.0,0.0,0.0,0.0,0.0,0.0,0.0,0.0,0.0,0.0,0.22817272714648518,0.0,0.0,0.0,0.0,0.22319872645570946,0.0,0.0,0.0
0.0,0.2668875986053444,0.24451482980402725,0.20060579392446118,0.0,0.25247954816360935,0.23362978709850504,0.2609643673321327,0.20773413676811314,0.2518950189778328,0.20977216869951118,0.0,0.26100251807066127,0.19618889684200747,0.0,0.2739840590194989,0.0,0.251638664794218,0.22934116025849452,0.2932374506957153,0.23936666715262372,0.29006357799110755,0.2521832409060919,0.0,0.2536243626772362,0.2389263284184297,0.2633248877229079,0.26896686492735794,0.27474828139494833,0.0,0.29173859363418175,0.258779308772246,0.2555773799386556,0.2817871873761089,0.2843426822845068,0.20663131252574488,0.24133596586994194,0.0,0.0,0.0,0.0,0.0,0.3080161519719614,0.0,0.0,0.0,0.0,0.351024977044477,0.0,0.0,0.3206782651079581,0.23905772536058537,0.3200998681222767,0.29968166230435567,0.0,0.33125642347529444,0.0,0.0,0.0,0.0,0.0,0.0,0.0,0.0,0.0,0.0,0.0,0.3467959971985171,0.0,0.0,0.23085080406433975,0.32921482944217817,0.24885760150763725,0.0,0.0,0.0
0.258485192589275,0.26228801579330363,0.2737436866181964,0.26726337791385885,0.25247954816360935,0.0,0.27804317681921376,0.2729257272376958,0.2129906157056286,0.26292400386259623,0.24967382405934546,0.24947360819506906,0.2646006996473249,0.2880500140688865,0.2543907828881723,0.2707737671591632,0.0,0.2518686518955595,0.26151562584218013,0.26477408608949776,0.2652401411581577,0.27688521938603566,0.2635423049534533,0.25974906537647974,0.2602621640017215,0.264173683437941,0.24555135013640925,0.26447087719110257,0.2291606209241164,0.26739633064212587,0.28940348870645144,0.26051772810550267,0.22008136274200352,0.2769988136956792,0.28723351683665094,0.2675806394453623,0.27771108904686725,0.252519785437691,0.3172979767813772,0.0,0.31822176512947065,0.2544796839231578,0.3250665012791988,0.23587219093645995,0.0,0.22008719974020358,0.23049244067377558,0.36484619272811714,0.0,0.2976586988935685,0.3559917958784591,0.3464447738106824,0.34558477120769643,0.3576674286707442,0.0,0.3038690852505166,0.0,0.34126655802394285,0.0,0.27413179657845066,0.18991383326481442,0.0,0.19440924621541564,0.3416720030214822,0.2799164921333869,0.2741123237133205,0.2687333209825651,0.3533031287893072,0.0,0.19525467402079663,0.25393677084833544,0.3515294944232113,0.3421007324071735,0.32225948214193756,0.3169262882278847,0.3295935890354788
0.21795649690049793,0.28584865719076263,0.27697912495386157,0.18136444825405568,0.23362978709850504,0.27804317681921376,0.0,0.2841360627376502,0.2668701781267655,0.2999421475807224,0.26963686290486666,0.0,0.24130783363210537,0.2547626929616899,0.2868925335805916,0.2898380669659964,0.2710687261513839,0.2858056414715112,0.2727615566077094,0.29678220767805835,0.2706060304478491,0.2999352777762625,0.276568742938115,0.0,0.27985600687321527,0.2927066985921362,0.2765402633488037,0.24623832726229514,0.2909729112058721,0.29730681219513055,0.2925340503171602,0.2722110685390794,0.2821884165827576,0.28501313034312964,0.2810173486144336,0.15411252998229638,0.16665615279531817,0.0,0.2686819756923235,0.0,0.2414024715799085,0.0,0.2914020712843331,0.0,0.0,0.0,0.23922430011014725,0.30268678756410805,0.0,0.0,0.32785092462346677,0.2703211398690686,0.30028425843727885,0.28734879635130833,0.0,0.0,0.0,0.24991263748985595,0.0,0.24998096315204069,0.22530723909135425,0.0,0.0,0.0,0.24913346399133343,0.22901143047456987,0.239594407851507,0.34922226219035707,0.0,0.22978687680678497,0.22627015607084522,0.34088621486598897,0.2554345038402621,0.25782621460264854,0.0,0.24883747895956507
0.3417369001736639,0.2983266867997645,0.29819652425474136,0.23943453542567328,0.2609643673321327,0.2729257272376958,0.2841360627376502,0.0,0.29710100221140384,0.3131956404855494,0.17233463119321896,0.0,0.2873206576807139,0.2364628709478757,0.0,0.0,0.0,0.33188180377532206,0.24478400697280833,0.0,0.26252466450249917,0.27538484802341584,0.2358237076906461,0.3507985575163775,0.3367252784183919,0.32747626409424174,0.28632501269344846,0.28966491629834756,0.26803693707786097,0.28150817757443225,0.304985676530615,0.25479983526863764,0.34215308587087034,0.29789777818754826,0.2895084869943631,0.18802440097785617,0.27154425165042484,0.0,0.32485020827158917,0.0,0.0,0.0,0.296637171424871,0.0,0.0,0.0,0.0,0.36045323181833694,0.0,0.32506614376655296,0.3567844496424727,0.34368328907898527,0.31902088822996877,0.34658451679135244,0.0,0.29346339361054985,0.0,0.3359122430304722,0.3170853702779509,0.3147900797055745,0.0,0.0,0.0,0.33347512795573,0.31752292468845467,0.313321766858314,0.3533159193931443,0.3490961445212209,0.0,0.0,0.0,0.3639818655323346,0.3425686296037157,0.31121379159743334,0.0,0.3360014246877458
0.0,0.23757910010993932,0.20654679264219444,0.2604699775062121,0.20773413676811314,0.2129906157056286,0.2668701781267655,0.29710100221140384,0.0,0.27344369180519484,0.2115108075831972,0.24452281237870185,0.27473812278306486,0.27884652934270765,0.0,0.24240142237603482,0.0,0.2098983577356764,0.17789174902158636,0.0,0.0,0.2672517261315667,0.251455295207991,0.23926682376581274,0.21496649163314197,0.0,0.24793845487108465,0.29057317327371335,0.2826236692498617,0.2760293495289544,0.30123502984146483,0.26770837231268085,0.27392013393472964,0.2894079998500826,0.28062076172644174,0.2638489575094785,0.2642972265765013,0.24568954149714897,0.28637945095280304,0.0,0.0,0.0,0.32709836005145004,0.0,0.0,0.0,0.0,0.32592884931899674,0.0,0.2959974216109456,0.35780333489114247,0.30965512423592595,0.350768756676,0.32550845438900666,0.0,0.347040315148377,0.0,0.2878731215222535,0.32823017651616887,0.0,0.0,0.0,0.0,0.3353773131959423,0.0,0.0,0.0,0.36229120660493697,0.0,0.0,0.0,0.36286668734484057,0.28972114489502376,0.27939935646594777,0.0,0.2760374088333589
0.2508439465156855,0.19870331676355973,0.25064112703626495,0.0,0.2518950189778328,0.26292400386259623,0.2999421475807224,0.3131956404855494,0.27344369180519484,0.0,0.29979371021964707,0.1765569743720687,0.28334062924812253,0.0,0.0,0.22544605044203075,0.1960589920227895,0.2258065093523259,0.0,0.0,0.3042236384636903,0.23409272239057488,0.3027455735618272,0.20448907897207455,0.23887747255473712,0.22465289997985724,0.28276454559912584,0.28117780312459006,0.24039998661349687,0.0,0.22751593636382547,0.2189715618648092,0.1970201819624736,0.21084895842934948,0.23629877723073225,0.281560756974193,0.22746341622340363,0.18020459886249063,0.262709590533102,0.22031582207618605,0.23983812163853246,0.0,0.0,0.0,0.0,0.2638726038887167,0.2564748836028073,0.0,0.0,0.0,0.0,0.0,0.0,0.0,0.256946507666703,0.0,0.2601356073697896,0.0,0.0,0.0,0.2470495711761576,0.22811384292137576,0.2603350579965832,0.0,0.0,0.0,0.0,0.0,0.25507065652720945,0.25472454593613925,0.2558821082188575,0.0,0.2483914503493648,0.0,0.0,0.2536943007455839
0.0,0.0,0.18929811697426205,0.25818990288103566,0.20977216869951118,0.24967382405934546,0.26963686290486666,0.17233463119321896,0.2115108075831972,0.29979371021964707,0.0,0.0,0.2862538482904547,0.2131968236566106,0.0,0.0,0.0,0.0,0.17218235335096665,0.0,0.0,0.0,0.1883256004714398,0.0,0.0,0.1656442210476685,0.23547919723694993,0.2834994801424965,0.0,0.0,0.30079371522862464,0.24301334819766726,0.0,0.293615623598982,0.2874874432057378,0.17309904565147116,0.2790800932656886,0.0,0.0,0.0,0.0,0.0,0.28063842153576374,0.0,0.0,0.0,0.0,0.24345418454270817,0.0,0.2998028008820877,0.0,0.2813954373201801,0.0,0.3420798684886301,0.0,0.21730690788393442,0.0,0.0,0.0,0.0,0.0,0.0,0.0,0.10253240184473787,0.0,0.0,0.0,0.31530206656799764,0.0,0.0,0.0,0.32697021135450843,0.2731956410269879,0.0,0.0,0.0
0.24508883051228433,0.17129244844374866,0.22938255050778936,0.0,0.0,0.24947360819506906,0.0,0.0,0.24452281237870185,0.1765569743720687,0.0,0.0,0.26744158453165845,0.0,0.24472704548341342,0.0,0.21594511977378605,0.21626482692282034,0.0,0.24716297526097136,0.27659929326425314,0.0,0.2826255418070173,0.18950402191313165,0.23025463995634918,0.19353781009539026,0.2513480962516084,0.25911689534008786,0.25370688140554487,0.0,0.23378817755154224,0.17919129164554148,0.1825320593993491,0.18519624767016465,0.19983607536114187,0.24044715079282197,0.23869348547858452,0.15618736393990018,0.2728750845179422,0.2136617018388393,0.22605846185978645,0.0,0.0,0.0,0.0,0.23898050630836973,0.0,0.0,0.0,0.0,0.0,0.0,0.0,0.0,0.25547635227919635,0.0,0.26308587101783343,0.0,0.0,0.0,0.20946602965604627,0.1845692056971258,0.24786295355558327,0.0,0.0,0.0,0.0,0.0,0.24785064486467864,0.24786786811056688,0.24790751378824286,0.0,0.0,0.0,0.0,0.25008841049924774
0.26222448572771795,0.2967807588909786,0.288155376079319,0.21007540720328555,0.26100251807066127,0.2646006996473249,0.24130783363210537,0.2873206576807139,0.27473812278306486,0.28334062924812253,0.2862538482904547,0.26744158453165845,0.0,0.238899575346729,0.2970956258656149,0.30633122963085374,0.2746094036146512,0.29410019407307086,0.2842022069581795,0.29603955263236653,0.2948935122652391,0.30345879220365957,0.28354303128653857,0.27395206130267297,0.29285758087281605,0.296558252356055,0.28353754304846523,0.24759176674991126,0.2821402595123528,0.28843257079572165,0.28417983645556955,0.2742300445227524,0.2821024719391109,0.2737517489558555,0.26860694268174873,0.23602558419717026,0.2119517909907741,0.2656758550522165,0.307470250998766,0.0,0.2836580900831481,0.0,0.2909192971621132,0.0,0.0,0.23452591992287797,0.21891708230741475,0.31145005802487447,0.0,0.0,0.35052517647775183,0.27624907813055494,0.3310375411668112,0.2687755968303017,0.0,0.2589600953109828,0.0,0.26082226853938634,0.0,0.24788049658134462,0.21119940767417023,0.0,0.2164530800023168,0.0,0.2885305772229923,0.2797757362906465,0.22811758677899982,0.34831706197227136,0.0,0.2279407251476521,0.24788270912235538,0.34841997220060866,0.29503234244549775,0.3009250075557095,0.2841205326130012,0.26712680655495735
0.0,0.0,0.28092402235408637,0.18588698994407438,0.19618889684200747,0.2880500140688865,0.2547626929616899,0.2364628709478757,0.27884652934270765,0.0,0.2131968236566106,0.0,0.238899575346729,0.0,0.42755008585773563,0.22089107602897334,0.0,0.0,0.25183228936878954,0.33611404354243535,0.0,0.31715716389923465,0.2443397393856125,0.0,0.258983448304798,0.27885881431895543,0.28259593630065827,0.2123321932999949,0.2832191652486427,0.0,0.31960167130848605,0.21631795485141825,0.3561096826272594,0.2699199034364026,0.2741750686876214,0.1474113593012758,0.1401779397086315,0.22237555538248602,0.0,0.0,0.0,0.0,0.0,0.0,0.0,0.0,0.0,0.3282846201780647,0.0,0.0,0.0,0.0,0.0,0.325385681976039,0.0,0.0,0.0,0.0,0.0,0.0,0.0,0.0,0.0,0.0,0.0,0.0,0.0,0.33427690480462485,0.0,0.0,0.0,0.3275340005391445,0.2502805178004575,0.0,0.0,0.0
0.2762387353614477,0.269459612418329,0.0,0.0,0.0,0.2543907828881723,0.2868925335805916,0.0,0.0,0.0,0.0,0.24472704548341342,0.2970956258656149,0.42755008585773563,0.0,0.27284532357700436,0.0,0.2727376925874988,0.0,0.2346410271338394,0.2514117480804735,0.2678873308452864,0.2578166206070452,0.32743844941085326,0.2635217996732566,0.26905819704335215,0.26170707568752793,0.28774992359391177,0.2585256136441862,0.25721468056663876,0.27193065020396556,0.27118237073775,0.2487861455459415,0.2802531460303519,0.29091560640880165,0.32410811860573235,0.28696285700900254,0.0,0.28908801545830765,0.2883123033327803,0.2867247178039187,0.30967437265194947,0.30953908521794676,0.0,0.0,0.0,0.32155687535714655,0.0,0.0,0.0,0.3113235677437028,0.0,0.34000943152212026,0.0,0.0,0.0,0.0,0.2661034626158742,0.0,0.2845703198541521,0.28166903222634754,0.0,0.20494494484233214,0.0,0.291618302444514,0.3082425101087024,0.31335344945732757,0.31229942924044085,0.0,0.24838912569843616,0.32688939882326595,0.30986455098220017,0.2939654679476105,0.2889492191712287,0.2856058982126327,0.2681411880380491
0.26542088248351564,0.24818609663505292,0.0,0.0,0.2739840590194989,0.2707737671591632,0.2898380669659964,0.0,0.24240142237603482,0.22544605044203075,0.0,0.0,0.30633122963085374,0.22089107602897334,0.27284532357700436,0.0,0.25053036812881524,0.2292065164506822,0.0,0.2622943370592027,0.25722948188800937,0.2500560236992635,0.28201434771876444,0.2298229212769946,0.2561033352476147,0.25393135343140627,0.2777124885614605,0.2809827297473877,0.281219093958866,0.2712580682976571,0.22487196648486574,0.27592781240863495,0.24767656315516065,0.25071723941721225,0.27914852340970425,0.0,0.0,0.0,0.29810498406312547,0.2844561926201165,0.29136619915248896,0.29569814767765334,0.0,0.0,0.0,0.30033032152356054,0.3052603941173451,0.0,0.0,0.0,0.21290583462237392,0.0,0.0,0.0,0.23115310822274243,0.0,0.22450611645007443,0.21739496636155578,0.0,0.2963793927749409,0.29742769964273874,0.21383440040171006,0.29134413640311924,0.0,0.2758891866476003,0.2862151095537352,0.2991404109631552,0.24876105231812295,0.0,0.29939171662533404,0.29635444704551106,0.258260795049698,0.22491731985825075,0.263622672622926,0.0,0.2814730570303104
0.26053448537345214,0.0,0.0,0.0,0.0,0.0,0.2710687261513839,0.0,0.0,0.1960589920227895,0.0,0.21594511977378605,0.2746094036146512,0.0,0.0,0.25053036812881524,0.0,0.21397569237995975,0.0,0.22411218958817974,0.0,0.25058139798721807,0.0,0.22611210219403677,0.23086408955077117,0.2258775890998945,0.21242272869422127,0.2578911784780637,0.23178396517717081,0.19611058627706793,0.24257079000437512,0.2751785574077563,0.2221535888532622,0.23501683755403666,0.24784340186265175,0.30431327562991634,0.0,0.19149710318657026,0.0,0.26280208124055804,0.24962852520179005,0.0,0.0,0.0,0.0,0.27286580816198536,0.0,0.0,0.0,0.0,0.0,0.0,0.0,0.0,0.2751131843561073,0.0,0.2600741134432746,0.0,0.0,0.0,0.2628723615277284,0.25187939146406085,0.26895350314950855,0.0,0.0,0.0,0.0,0.0,0.264905625572034,0.27861763513631743,0.2807673631123534,0.0,0.0,0.0,0.0,0.2439985132558357
0.26419912680491336,0.26292169618858313,0.0,0.0,0.251638664794218,0.2518686518955595,0.2858056414715112,0.33188180377532206,0.2098983577356764,0.2258065093523259,0.0,0.21626482692282034,0.29410019407307086,0.0,0.2727376925874988,0.2292065164506822,0.21397569237995975,0.0,0.0,0.27044329261869754,0.27808713594976725,0.2729167423544483,0.28981080005678184,0.22359189810009072,0.24959779400010393,0.23958503896893013,0.28055592412272673,0.27865651335967623,0.28355962750141134,0.24620117365083977,0.2541235691763218,0.26159192181111923,0.23437797844726982,0.2466458106822268,0.24774489782258946,0.0,0.0,0.1818509243535345,0.2958532485924893,0.27147721985540907,0.28229106672832327,0.28288738601655433,0.0,0.0,0.0,0.29472746397766086,0.3049277000173053,0.0,0.0,0.0,0.21074876348460103,0.0,0.0,0.0,0.274336640793626,0.0,0.27327202577131426,0.2052657061077443,0.0,0.0,0.2965088610568087,0.274152415904706,0.28270508285918033,0.0,0.22264421846396004,0.0,0.28420065884607526,0.23854922799290734,0.26629173862415223,0.2878500512348008,0.2893998027462615,0.2534186860078307,0.2088489686434441,0.21734999131422475,0.0,0.2767892874907392
0.0,0.0,0.17620456996143352,0.0,0.22934116025849452,0.26151562584218013,0.2727615566077094,0.24478400697280833,0.17789174902158636,0.0,0.17218235335096665,0.0,0.2842022069581795,0.25183228936878954,0.0,0.0,0.0,0.0,0.0,0.0,0.0,0.0,0.18926172919747222,0.0,0.0,0.0,0.23632563659406455,0.2864661919511851,0.0,0.0,0.2928053367539866,0.25342131590886685,0.0,0.26179189825712024,0.2912622763512783,0.22448412372464424,0.27494278936534017,0.0,0.0,0.0,0.0,0.0,0.30613265397660394,0.22830598523253062,0.0,0.0,0.0,0.15506238133023376,0.0,0.0,0.34510412526698375,0.3182646694471638,0.3690438955152504,0.34866434326730267,0.0,0.179523887387474,0.0,0.294968287424338,0.0,0.0,0.0,0.0,0.0,0.3533106713733894,0.0,0.0,0.0,0.36692349767543725,0.0,0.0,0.0,0.3598298326966895,0.27076846664350335,0.0,0.0,0.0
0.3029032947875588,0.2800533695188906,0.0,0.27275230582265714,0.2932374506957153,0.26477408608949776,0.29678220767805835,0.0,0.0,0.0,0.0,0.24716297526097136,0.29603955263236653,0.33611404354243535,0.2346410271338394,0.2622943370592027,0.22411218958817974,0.27044329261869754,0.0,0.0,0.2655061182524972,0.24719596902835975,0.22792860290744435,0.25312041594403845,0.2788297908178678,0.276659953675881,0.23575402493408773,0.2626189090422865,0.2274169472965142,0.2014034083084618,0.2518665738844872,0.2716756279417266,0.2379911543353135,0.27712003260526175,0.2865630247582447,0.3050063241264534,0.29200306281422017,0.0,0.30019292583469903,0.28180165520866446,0.235447982379747,0.2825709379650908,0.23280591178664423,0.0,0.0,0.0,0.27492820606665125,0.0,0.0,0.0,0.29569920096496505,0.0,0.30748656550592995,0.0,0.0,0.0,0.0,0.25162465082611013,0.0,0.2876247201670203,0.21843451640919392,0.0,0.0,0.0,0.2963266987623485,0.2654235934164093,0.30549867139092757,0.30340712842021633,0.0,0.21750163985482332,0.30658508506473475,0.3107846411400038,0.30270168015632615,0.2623199162750846,0.2577148459624913,0.2872750655342192
0.27848100996157493,0.2600005558859588,0.0,0.0,0.23936666715262372,0.2652401411581577,0.2706060304478491,0.26252466450249917,0.0,0.3042236384636903,0.0,0.27659929326425314,0.2948935122652391,0.0,0.2514117480804735,0.25722948188800937,0.0,0.27808713594976725,0.0,0.2655061182524972,0.0,0.2901794746085755,0.26413521422784886,0.3271791457732087,0.27618964412640246,0.264462351087753,0.27198402311513875,0.2951008459394911,0.2650566770136838,0.270323114419002,0.2695714839783296,0.27406594809867346,0.2526568219206603,0.2792050758371483,0.29583001277712195,0.28146420644674375,0.0,0.27739599764358314,0.3112891529313072,0.2895559149567292,0.3117030887763292,0.31185220142685127,0.0,0.0,0.0,0.3132287033818057,0.3186279659869812,0.0,0.0,0.0,0.31623158955142183,0.0,0.31558966147484924,0.0,0.0,0.0,0.0,0.285016602746415,0.0,0.3174910109716545,0.29778358982069597,0.0,0.23806382606787055,0.0,0.29916666248340384,0.29075974170641905,0.3227107599611871,0.32710524694938276,0.0,0.25689727248307,0.331478215307369,0.3284785845629808,0.32734131206195,0.3129944233123334,0.31514016675019674,0.29947099122148296
0.27082500453896136,0.26189311620847494,0.0,0.297247548413261,0.29006357799110755,0.27688521938603566,0.2999352777762625,0.27538484802341584,0.2672517261315667,0.23409272239057488,0.0,0.0,0.30345879220365957,0.31715716389923465,0.2678873308452864,0.2500560236992635,0.25058139798721807,0.2729167423544483,0.0,0.24719596902835975,0.2901794746085755,0.0,0.2850618298657049,0.2197764843683865,0.27879524109093967,0.26607254261059954,0.2798034425532117,0.2761068754366857,0.2648293249347558,0.24991346399582212,0.25121052694521895,0.2757063307401399,0.25168859281335104,0.27345454700739713,0.29175090384118985,0.30433384461663565,0.30165496331982783,0.0,0.3134702149316204,0.30031198247841107,0.31173583545558947,0.31900603380527365,0.30890918812307017,0.0,0.0,0.30347211235938304,0.3115700549536257,0.0,0.0,0.0,0.29545187906734216,0.2179552034386862,0.30600639660724005,0.0,0.0,0.0,0.0,0.21854536230042038,0.0,0.32729729871164454,0.29440746631329806,0.0,0.25167048033388656,0.0,0.3096107279347925,0.3191894128360584,0.32501999127340425,0.3125334113114264,0.0,0.2883311160445975,0.3260303461873398,0.30640329772060954,0.2560859804043438,0.29669981890820224,0.0,0.2905914593810514
0.308160092407282,0.2766499992285177,0.1908048571327048,0.2610395258616423,0.2521832409060919,0.2635423049534533,0.276568742938115,0.2358237076906461,0.251455295207991,0.3027455735618272,0.1883256004714398,0.2826255418070173,0.28354303128653857,0.2443397393856125,0.2578166206070452,0.28201434771876444,0.0,0.28981080005678184,0.18926172919747222,0.22792860290744435,0.26413521422784886,0.2850618298657049,0.0,0.33668557062331206,0.2868718676309576,0.28514946637961086,0.23789752949217163,0.2823519724165805,0.26319502127242134,0.27098011451642245,0.2936618164034893,0.2654507409168495,0.22150848482780996,0.292824570553226,0.2785735132130075,0.230559128202669,0.2749273681044174,0.2638986924141364,0.33330232897930134,0.0,0.32919135947272715,0.29768105169161047,0.32626157499903713,0.290418132659522,0.0,0.30863470953177424,0.28694289581186083,0.20341546000770727,0.2736163635654023,0.3185043205648794,0.3604925042904994,0.35479398488933095,0.3491670154207082,0.3610484839331429,0.0,0.19566774305855084,0.0,0.3464885945462145,0.3331069239965777,0.3125448365958317,0.23141511859193042,0.0,0.22564645139866304,0.26037573973097256,0.3141929012334822,0.3129880638797746,0.30013992044302146,0.34235372350920806,0.0,0.2183283257246406,0.2910735940670541,0.353923378663582,0.344448860286248,0.32174761102195565,0.33102957301026814,0.3374302905024591
0.25308026599537625,0.21676903747129142,0.0,0.0,0.0,0.25974906537647974,0.0,0.3507985575163775,0.23926682376581274,0.20448907897207455,0.0,0.18950402191313165,0.27395206130267297,0.0,0.32743844941085326,0.2298229212769946,0.22611210219403677,0.22359189810009072,0.0,0.25312041594403845,0.3271791457732087,0.2197764843683865,0.33668557062331206,0.0,0.2307366784032042,0.21230154384506777,0.29727162500512044,0.2568726197224585,0.23415800347701549,0.0,0.24155345804375902,0.22647203901942792,0.1801295990303857,0.18572000103775216,0.21016781208170746,0.2357654123987365,0.0,0.16314716257631712,0.29681787723704783,0.22943185715117587,0.24518237722068084,0.0,0.0,0.0,0.0,0.29640209488765834,0.0,0.0,0.0,0.0,0.0,0.0,0.0,0.0,0.2540500138553319,0.0,0.2577945645957464,0.0,0.0,0.0,0.2769831135875623,0.26188391703274805,0.28934880794363266,0.0,0.0,0.0,0.0,0.0,0.2704968899013518,0.2883964568416378,0.2851659006107307,0.0,0.3294490509350839,0.0,0.0,0.2739656089871038
0.2613570097717269,0.24312668968819803,0.1895547829462822,0.0,0.2536243626772362,0.2602621640017215,0.27985600687321527,0.3367252784183919,0.21496649163314197,0.23887747255473712,0.0,0.23025463995634918,0.29285758087281605,0.258983448304798,0.2635217996732566,0.2561033352476147,0.23086408955077117,0.24959779400010393,0.0,0.2788297908178678,0.27618964412640246,0.27879524109093967,0.2868718676309576,0.2307366784032042,0.0,0.23184744089204104,0.26587505704822434,0.28501221518356495,0.2800323424648291,0.20452835309033332,0.2481085136533758,0.26204717895024815,0.21435509202134945,0.23438708496026742,0.2423060143264259,0.0,0.0,0.19655817551436228,0.29961423166053075,0.2781175849663187,0.2883323620903175,0.2955409062244564,0.0,0.0,0.0,0.2997221554011257,0.3118465551510958,0.0,0.0,0.0,0.21192355346012945,0.20824476417681356,0.0,0.0,0.2808388830729768,0.0,0.2828265561555541,0.22829687278459368,0.0,0.29783703367315134,0.3030392733034634,0.2785135420659172,0.2901846617716967,0.0,0.267343261633276,0.271665359987322,0.291267378695127,0.2310129118611929,0.2916823086755991,0.29414960106826016,0.29544616094860554,0.22635506629800917,0.2477311804108877,0.27300425371824805,0.0,0.28482599886106935
0.23937119593218903,0.2503311979863678,0.0,0.0,0.2389263284184297,0.264173683437941,0.2927066985921362,0.32747626409424174,0.0,0.22465289997985724,0.1656442210476685,0.19353781009539026,0.296558252356055,0.27885881431895543,0.26905819704335215,0.25393135343140627,0.2258775890998945,0.23958503896893013,0.0,0.276659953675881,0.264462351087753,0.26607254261059954,0.28514946637961086,0.21230154384506777,0.23184744089204104,0.0,0.2785461502839165,0.26506055149773916,0.2732843455249823,0.23418992352229623,0.2398518607210607,0.2582191748899702,0.21400260908887445,0.24066270067074738,0.2628037746328721,0.3086027295033164,0.0,0.18469263980760162,0.2999371218909971,0.27481858862813435,0.29398999625378824,0.30778487272102273,0.0,0.0,0.0,0.2876851366300966,0.3160038512895796,0.0,0.0,0.0,0.27388341885256373,0.2220348306806195,0.0,0.0,0.2687827167726434,0.0,0.2668154945398966,0.23361072294522037,0.0,0.3268466893365302,0.29839951698036343,0.27864299643227963,0.2860888019492979,0.0,0.29173684227190505,0.3218580993584055,0.3242809803772471,0.3005449494288846,0.2893431213981948,0.2887912986439142,0.29765028096956175,0.297892373360897,0.26199467545063015,0.28390152217293546,0.0,0.2832790886620077
0.28820065517918714,0.2661833721027216,0.20660625299525556,0.26096455316676553,0.2633248877229079,0.24555135013640925,0.2765402633488037,0.28632501269344846,0.24793845487108465,0.28276454559912584,0.23547919723694993,0.2513480962516084,0.28353754304846523,0.28259593630065827,0.26170707568752793,0.2777124885614605,0.21242272869422127,0.28055592412272673,0.23632563659406455,0.23575402493408773,0.27198402311513875,0.2798034425532117,0.23789752949217163,0.29727162500512044,0.26587505704822434,0.2785461502839165,0.0,0.2795818004766773,0.24534012107909373,0.2490218595068247,0.2783032472679892,0.2646378495811558,0.2370377660792318,0.28110728014082653,0.2809804334239182,0.25942151750014447,0.27827879531482763,0.24939878515639088,0.3255985117577887,0.0,0.30992147970981726,0.2903369181760414,0.33066396204950366,0.2462920546512669,0.0,0.0,0.258264855145703,0.36879841911741323,0.2277226079023576,0.3060504426155638,0.3545480203359866,0.34522469798774646,0.3514063872270133,0.36058727045386435,0.0,0.339087265673673,0.0,0.32781059638950405,0.3314326449640601,0.30245835399354837,0.21004732268088824,0.0,0.0,0.33975738710490067,0.3047365942738757,0.3042977742480591,0.2644106271191514,0.3524664909808358,0.0,0.20307346911754032,0.29783890252588113,0.34532942473119504,0.32865286302084173,0.3093623529158308,0.3124719010291863,0.3225452846709034
0.266190845255429,0.28694272109507196,0.2965455353011751,0.18519975614519485,0.26896686492735794,0.26447087719110257,0.24623832726229514,0.28966491629834756,0.29057317327371335,0.28117780312459006,0.2834994801424965,0.25911689534008786,0.24759176674991126,0.2123321932999949,0.28774992359391177,0.2809827297473877,0.2578911784780637,0.27865651335967623,0.2864661919511851,0.2626189090422865,0.2951008459394911,0.2761068754366857,0.2823519724165805,0.2568726197224585,0.28501221518356495,0.26506055149773916,0.2795818004766773,0.0,0.24961975207365492,0.22341868459687422,0.26316956574855194,0.26021194373951156,0.26041929441358735,0.2551671355012105,0.23143489365620204,0.20651278165208017,0.19172427026982125,0.2563712082167918,0.3329950939005564,0.0,0.3225328554595665,0.23692162335062664,0.28662291408190194,0.2618966058624144,0.0,0.220837413148438,0.2132226949529099,0.27591442290381046,0.0,0.0,0.35244021116138396,0.2584446586894381,0.3357111335764637,0.24996023698608696,0.0,0.0,0.0,0.28569421466361555,0.0,0.29983904822785656,0.20409624867301412,0.0,0.19995513912189056,0.2471387271856974,0.3141668420629017,0.3186020823470442,0.2623321241301665,0.34603937952145014,0.0,0.22364138299411376,0.25184584187782477,0.33883749179594524,0.3328816413859041,0.3239088351283442,0.27755441000190406,0.31399057914013817
0.29621409414941285,0.2764913516768484,0.0,0.24421048852937202,0.27474828139494833,0.2291606209241164,0.2909729112058721,0.26803693707786097,0.2826236692498617,0.24039998661349687,0.0,0.25370688140554487,0.2821402595123528,0.2832191652486427,0.2585256136441862,0.281219093958866,0.23178396517717081,0.28355962750141134,0.0,0.2274169472965142,0.2650566770136838,0.2648293249347558,0.26319502127242134,0.23415800347701549,0.2800323424648291,0.2732843455249823,0.24534012107909373,0.24961975207365492,0.0,0.19887015216705983,0.26283700761331236,0.26371150580218167,0.23945286837529672,0.27586645910853075,0.28394377831090617,0.2860190071263727,0.27424999811060974,0.24264673937126605,0.3126487597687374,0.0,0.29052681554114057,0.2945690653683357,0.27948555320738433,0.0,0.0,0.2508459058124593,0.27628759503734585,0.29548072122740976,0.0,0.0,0.3322886489626782,0.2649112052813437,0.32222462827165094,0.259903260778957,0.0,0.0,0.0,0.28510856042778887,0.0,0.2905678645377388,0.2105702097723095,0.0,0.2038691537268767,0.0,0.29312705911335357,0.2923851402975246,0.28722099600118217,0.33225791721975023,0.0,0.20339410941465305,0.2810094092295321,0.31863112556095025,0.3199818381947239,0.30064542082992174,0.2931640575971318,0.2981719103724642
0.2604480346217662,0.25416711252189667,0.2829317482543942,0.24446882500901213,0.0,0.26739633064212587,0.29730681219513055,0.28150817757443225,0.2760293495289544,0.0,0.0,0.0,0.28843257079572165,0.0,0.25721468056663876,0.2712580682976571,0.19611058627706793,0.24620117365083977,0.0,0.2014034083084618,0.270323114419002,0.24991346399582212,0.27098011451642245,0.0,0.20452835309033332,0.23418992352229623,0.2490218595068247,0.22341868459687422,0.19887015216705983,0.0,0.23546523023356247,0.2619408242610924,0.20986239207473092,0.2698737820504915,0.2644683675394093,0.0,0.0,0.0,0.3198019751511352,0.0,0.30145603632207824,0.0,0.2591891080868254,0.0,0.0,0.0,0.0,0.30247706654618906,0.0,0.0,0.3004922351294302,0.0,0.281609225999279,0.0,0.0,0.0,0.0,0.22508941810879568,0.0,0.2651995479258911,0.0,0.0,0.0,0.0,0.3012919427269677,0.32973604929262246,0.0,0.33787227803158154,0.0,0.0,0.0,0.3236835262199865,0.27700970848695855,0.29224059521282897,0.0,0.29070521307528635
0.24734499034016688,0.2252984037237952,0.3043268581888388,0.2156383487127261,0.29173859363418175,0.28940348870645144,0.2925340503171602,0.304985676530615,0.30123502984146483,0.22751593636382547,0.30079371522862464,0.23378817755154224,0.28417983645556955,0.31960167130848605,0.27193065020396556,0.22487196648486574,0.24257079000437512,0.2541235691763218,0.2928053367539866,0.2518665738844872,0.2695714839783296,0.25121052694521895,0.2936618164034893,0.24155345804375902,0.2481085136533758,0.2398518607210607,0.2783032472679892,0.26316956574855194,0.26283700761331236,0.23546523023356247,0.0,0.2668064652855806,0.2202010926070707,0.21290073253799668,0.21317911017456026,0.27434027071055966,0.25996170308579086,0.2281343034665362,0.30310529969745154,0.28797771848289216,0.29387391549130526,0.0,0.29987846050567074,0.0,0.0,0.2712099958853813,0.2937370193986952,0.292656999675461,0.0,0.2498500427501512,0.32507466850354777,0.25290113539279097,0.34765444967888853,0.256317863811287,0.22359538111556884,0.0,0.24991484057767835,0.2568039477060529,0.0,0.3136235549438388,0.28744163281197005,0.2684402637227215,0.2862483332165478,0.0,0.30756686944474926,0.3043223755907613,0.3049158962621421,0.3522686729923477,0.29616998627328106,0.2903096943449671,0.2953729555783791,0.3395012029776219,0.32067268839159363,0.3006163090860388,0.28912709504243145,0.27698143327233105
0.26994467636703023,0.2546542608934726,0.25868967407433646,0.20909468612615043,0.258779308772246,0.26051772810550267,0.2722110685390794,0.25479983526863764,0.26770837231268085,0.2189715618648092,0.24301334819766726,0.17919129164554148,0.2742300445227524,0.21631795485141825,0.27118237073775,0.27592781240863495,0.2751785574077563,0.26159192181111923,0.25342131590886685,0.2716756279417266,0.27406594809867346,0.2757063307401399,0.2654507409168495,0.22647203901942792,0.26204717895024815,0.2582191748899702,0.2646378495811558,0.26021194373951156,0.26371150580218167,0.2619408242610924,0.2668064652855806,0.0,0.22336815103603444,0.23578489154886634,0.24532408574343395,0.19357427684405912,0.2396763682687555,0.16990881179387446,0.19949797112403364,0.0,0.20522316259454448,0.2088699432229729,0.19362084598926213,0.18904793405469925,0.0,0.2803974960530199,0.30122684308596515,0.287770328369842,0.16779585070985592,0.29041210653924476,0.32995752867414896,0.28951297279730714,0.32074384964388863,0.24421676986709595,0.0,0.2956984568503117,0.0,0.2892069563752576,0.0,0.30980037326616294,0.2735450471247766,0.0,0.29151456678773413,0.32186265497163385,0.30384603033752083,0.30760683481859324,0.31108081055196546,0.3337798485364537,0.0,0.2849986139407783,0.30249594739341995,0.3240952223110017,0.2859140112140066,0.3133392381813418,0.32269001093111566,0.31866215490239
0.24139782102306917,0.22558833384024327,0.0,0.0,0.2555773799386556,0.22008136274200352,0.2821884165827576,0.34215308587087034,0.27392013393472964,0.1970201819624736,0.0,0.1825320593993491,0.2821024719391109,0.3561096826272594,0.2487861455459415,0.24767656315516065,0.2221535888532622,0.23437797844726982,0.0,0.2379911543353135,0.2526568219206603,0.25168859281335104,0.22150848482780996,0.1801295990303857,0.21435509202134945,0.21400260908887445,0.2370377660792318,0.26041929441358735,0.23945286837529672,0.20986239207473092,0.2202010926070707,0.22336815103603444,0.0,0.2056256685227876,0.26454739323141785,0.281628931324605,0.25414348120660163,0.14553761643723348,0.20913173347407657,0.19138733826977083,0.25574602787718087,0.1809480827408963,0.0,0.0,0.0,0.2834909382306549,0.3030931856966938,0.0,0.0,0.0,0.2901067359928852,0.0,0.0,0.0,0.22742548785594652,0.0,0.22980403112503264,0.0,0.0,0.3083849466713865,0.29072679085092834,0.24634563363677298,0.28097688832679185,0.0,0.2651239040128208,0.288004478242075,0.30965557889743045,0.31127473476449313,0.22501723372093319,0.2826504902820608,0.280821495656522,0.31350306154208607,0.0,0.2699879117425986,0.0,0.2542618251207381
0.24966088191252572,0.2312573396637989,0.2874307821108334,0.19811866839424347,0.2817871873761089,0.2769988136956792,0.28501313034312964,0.29789777818754826,0.2894079998500826,0.21084895842934948,0.293615623598982,0.18519624767016465,0.2737517489558555,0.2699199034364026,0.2802531460303519,0.25071723941721225,0.23501683755403666,0.2466458106822268,0.26179189825712024,0.27712003260526175,0.2792050758371483,0.27345454700739713,0.292824570553226,0.18572000103775216,0.23438708496026742,0.24066270067074738,0.28110728014082653,0.2551671355012105,0.27586645910853075,0.2698737820504915,0.21290073253799668,0.23578489154886634,0.2056256685227876,0.0,0.1892394440917913,0.25528649389177677,0.2397885534518952,0.16288848647582949,0.2328097548995924,0.2769209566387618,0.2972221362962274,0.1867456717974223,0.2856076122965814,0.0,0.0,0.2828245788709737,0.30068152662053094,0.0,0.0,0.0,0.30621570993468883,0.0,0.3497577869966487,0.24806668752833771,0.23814742920513352,0.0,0.24276785577651125,0.0,0.0,0.32080024586345673,0.2916813152642658,0.27147821543981376,0.283134682797496,0.0,0.31052080708511187,0.3118717186526376,0.31552750055790385,0.3433628638278171,0.29099007455679415,0.2864034071690981,0.30044793446904094,0.33238714226217725,0.3329858229953854,0.30692718830167415,0.0,0.2842468710656509
0.26457440661778725,0.23781447818777196,0.2912007659053167,0.19644062132365922,0.2843426822845068,0.28723351683665094,0.2810173486144336,0.2895084869943631,0.28062076172644174,0.23629877723073225,0.2874874432057378,0.19983607536114187,0.26860694268174873,0.2741750686876214,0.29091560640880165,0.27914852340970425,0.24784340186265175,0.24774489782258946,0.2912622763512783,0.2865630247582447,0.29583001277712195,0.29175090384118985,0.2785735132130075,0.21016781208170746,0.2423060143264259,0.2628037746328721,0.2809804334239182,0.23143489365620204,0.28394377831090617,0.2644683675394093,0.21317911017456026,0.24532408574343395,0.26454739323141785,0.1892394440917913,0.0,0.2443477566548928,0.24543535950116604,0.2017113063931258,0.22101362546751008,0.19499035179601878,0.22225709105258126,0.20589488569736483,0.2093736830539312,0.2131226525200293,0.0,0.0,0.3120655652172309,0.0,0.0,0.0,0.2863255446388006,0.0,0.32340587007643745,0.0,0.0,0.0,0.0,0.0,0.0,0.31825193265033175,0.28738940368927074,0.0,0.28622045465917234,0.0,0.2902566276811984,0.3182863614571938,0.32281287437238226,0.328344258048492,0.0,0.28390984675854014,0.30871248829222164,0.30487718001340913,0.24202984074407125,0.2961652252632493,0.0,0.0
0.0,0.22616194654028493,0.2607107469827611,0.1369389360928038,0.20663131252574488,0.2675806394453623,0.15411252998229638,0.18802440097785617,0.2638489575094785,0.281560756974193,0.17309904565147116,0.24044715079282197,0.23602558419717026,0.1474113593012758,0.32410811860573235,0.0,0.30431327562991634,0.0,0.22448412372464424,0.3050063241264534,0.28146420644674375,0.30433384461663565,0.230559128202669,0.2357654123987365,0.0,0.3086027295033164,0.25942151750014447,0.20651278165208017,0.2860190071263727,0.0,0.27434027071055966,0.19357427684405912,0.281628931324605,0.25528649389177677,0.2443477566548928,0.0,0.1471331561281441,0.23920970111586662,0.19596659499926605,0.0,0.2166740800632944,0.22741687318937476,0.26661831104221156,0.2076979929328526,0.0,0.0,0.0,0.3244144752367337,0.0,0.0,0.31433114238544,0.0,0.30757168956895514,0.32049348894354146,0.0,0.2732417225552308,0.0,0.2977250827235638,0.0,0.0,0.0,0.0,0.0,0.2853254199658776,0.2878582639944608,0.0,0.0,0.3265187798320429,0.0,0.0,0.0,0.32225516038100327,0.25692981274108384,0.0,0.0,0.0
