0.0,0.2663174827790041,0.26322954514959623,0.0,0.0,0.2599852505662653,0.0,0.33920962994004256,0.0,0.27719298627226624,0.0,0.27428143137136785,0.23134958972720665,0.0,0.2587153289742227,0.2619609427518176,0.0,0.2579289698320249,0.0,0.2901180286848388,0.25888786131573754,0.26692303706858106,0.3165097622039453,0.26012763237626463,0.25860629312512723,0.249440593599442,0.26656335542546167,0.31232143332212076,0.278190196803169,0.0,0.25055117850044384,0.27601807992826305,0.2197827993940249,0.24278585720607437,0.2892777244757372,0.0,0.0,0.26190251925956665,0.3045127042829942,0.31024709455519356,0.2813667340663363,0.0,0.0,0.0,0.0,0.24589228324749685,0.3240166419778165,0.0,0.0,0.0,0.23837562798612558,0.0,0.25244185208885994,0.0,0.2959976328277364,0.0,0.32029830388013025,0.0,0.0,0.0,0.30821816624765985,0.0,0.3019123401327606,0.0,0.0,0.20971528209126253,0.3272638264750415,0.0,0.31856604775598957,0.30667314775078397,0.3184788027147948,0.27261992510753974,0.0,0.0,0.0,0.2714805062124408
0.2663174827790041,0.0,0.22562113048565,0.0,0.25470559447507424,0.26896935591204646,0.26748395807219927,0.3111935841128362,0.23784990422196714,0.194558013571838,0.18728969279691923,0.18501982572717923,0.2896391415557294,0.0,0.2687115389285955,0.26871496745744217,0.24154310112034408,0.2647182115384204,0.0,0.28502393592743996,0.27577626748595635,0.2669183417102322,0.2682273121743035,0.0,0.25207366712323886,0.25686314858007325,0.27720219794677853,0.2819917466395753,0.27705467203375983,0.2769088933555341,0.25485399403788067,0.2811207385912248,0.24078500017041024,0.2476851521267065,0.28972706538726295,0.2460332031143608,0.0,0.0,0.30906315308780413,0.2958556832182418,0.2986915733999522,0.3155544175051117,0.0,0.0,0.0,0.31995554553836414,0.31790993665435646,0.0,0.0,0.0,0.26556131615030876,0.0,0.0,0.0,0.0,0.0,0.0,0.20507259499247796,0.0,0.3280484526015546,0.30389897185014647,0.0,0.29579964867316505,0.0,0.30690854587675953,0.3254527481454006,0.32033214338680716,0.288407135907532,0.0,0.30571782514881446,0.32939429646665,0.299724144868222,0.0,0.30286822427323523,0.0,0.29143214167228143
0.26322954514959623,0.22562113048565,0.0,0.2567055182839888,0.2514920521546478,0.24717246766098627,0.3029702518530406,0.3063155254851781,0.17949918979052673,0.27974752874830855,0.23327175678530235,0.24141724811929852,0.30650879923626273,0.2996299215502793,0.0,0.0,0.0,0.27459327008581685,0.16883912325065023,0.0,0.2337490837851276,0.27736075378491193,0.2165878221510508,0.28201173758865394,0.21860167591616267,0.24547482255368436,0.19335238402163718,0.3046039271587496,0.23582061082756942,0.29465826782393356,0.32162364878524574,0.29480691811842247,0.2195613840351375,0.3346708211657456,0.31451264198786105,0.3006508194988377,0.27802911523898344,0.23071337172537662,0.3185293939164676,0.0,0.3124236490319564,0.0,0.3306742216429057,0.0,0.0,0.0,0.0,0.275255947183835,0.0,0.33163895086073913,0.35792244645209037,0.35772612458586517,0.3439544397206377,0.3565594261590975,0.0,0.3100792855603525,0.0,0.32449072899001996,0.34024388976757775,0.0,0.0,0.0,0.0,0.306304382250176,0.0,0.0,0.0,0.3632573064736931,0.0,0.0,0.0,0.3562219894305513,0.29269228305844386,0.26656371401101125,0.0,0.3007128188371324
0.0,0.0,0.2567055182839888,0.0,0.16825789121271498,0.27864489567594136,0.1844540217195561,0.21682665945870935,0.2830922898281039,0.16794847889751963,0.2578188320637726,0.12720404229524546,0.2254968290450901,0.20311396533534393,0.3442829958356712,0.0,0.0,0.0,0.2595733520876318,0.3281531317391689,0.0,0.3448800111324913,0.2723856035816102,0.0,0.0,0.0,0.26776876192789684,0.1771340941838763,0.22724575466674557,0.0,0.25419744183059456,0.20769315384603865,0.0,0.18235226650356812,0.26014445620671606,0.14725687731646464,0.12036820172730212,0.0,0.0,0.0,0.0,0.0,0.0,0.0,0.0,0.0,0.0,0.0,0.0,0.0,0.0,0.0,0.0,0.0,0.0,0.0,0.0,0.0,0.0,0.0,0.0,0.0,0.0,0.0,0.0,0.0,0.0,0.0,0.0,0.0,0.0,0.0,0.0,0.0,0.0,0.0
0.0,0.25470559447507424,0.2514920521546478,0.16825789121271498,0.0,0.25838294017000696,0.21624215283998705,0.26803881531336304,0.22651437818387446,0.30799970890475614,0.22692533994970304,0.27385534680227125,0.25933782123270416,0.20247663304865365,0.0,0.27826059599901826,0.23717704794591812,0.255033693849755,0.25880072123009246,0.2810442406066659,0.0,0.30132612719061447,0.2748126396031828,0.0,0.2578751330621647,0.2453428939259274,0.26395713021101397,0.29278147307568214,0.28553533232177225,0.30801656310883163,0.30175696842541966,0.2566826934193848,0.23724335697690457,0.30651921203163396,0.3045677156816894,0.17061806022227954,0.19334586592786604,0.2627219418093816,0.2833391903147382,0.0,0.0,0.0,0.25965545063200346,0.0,0.0,0.0,0.0,0.3532004402493472,0.0,0.30201957918382855,0.30595274956912666,0.2583650017686452,0.34281164141304327,0.27154184730615466,0.0,0.2967500966473589,0.0,0.25184134096347716,0.28286450870396784,0.0,0.0,0.0,0.0,0.3132685253392692,0.0,0.0,0.0,0.34812894046309945,0.0,0.0,0.22326177387396587,0.30859710269634794,0.23582702904376557,0.23946880613159297,0.0,0.0
0.2599852505662653,0.26896935591204646,0.24717246766098627,0.27864489567594136,0.25838294017000696,0.0,0.2658104536336446,0.2716292539032374,0.22063989475800974,0.28877011998178853,0.26353555240364335,0.2574381310588885,0.26514301267508444,0.28217827451564303,0.22143510717632747,0.2924729034257384,0.21089453913899617,0.28566273559021305,0.25974985787820565,0.2660335832649112,0.2560949905006145,0.289196503715191,0.2604933374866811,0.23697935734573003,0.26709472997887035,0.2805216145955497,0.2458191539231015,0.2537977264461457,0.2321615632491027,0.2779436333150038,0.28846231881027107,0.2728063498721886,0.22924703324977794,0.29507623512418696,0.296090200921814,0.2995671376101253,0.28706008492250273,0.23812416097338232,0.32090398544057136,0.22867328077798674,0.2958555380813199,0.2983853713719921,0.29012371033946105,0.2041592953356145,0.0,0.0,0.22464935337365222,0.3608128646431175,0.0,0.30768689169190083,0.32902472893843654,0.3346011269142634,0.3063162984012558,0.3593121323372728,0.0,0.32361121090406253,0.0,0.33283915872665354,0.28156976451958465,0.28757985013389387,0.19043600199046523,0.0,0.2192082061167613,0.35616708359580956,0.293548739872015,0.2878648784072181,0.2752252837994823,0.33524942498793636,0.0,0.2035086242855575,0.26027515616598146,0.3243424942588248,0.30784953251110564,0.3018276279696855,0.29778675332887783,0.3315774519279194
0.0,0.26748395807219927,0.3029702518530406,0.1844540217195561,0.21624215283998705,0.2658104536336446,0.0,0.29242152996689136,0.24485546640194814,0.25708638169315645,0.3154690967581428,0.25470479874539115,0.24547023541690516,0.24122711235173627,0.2776229036598906,0.29681159398533047,0.26865732972892403,0.28561681777090314,0.3156404326643984,0.288102340212229,0.2776702125324855,0.3055378149081769,0.2876175547063067,0.0,0.2811914929391205,0.25886539658483443,0.27823369137884035,0.27776692237572903,0.2970419723243624,0.2890606654303463,0.2964328748810991,0.2678048617175233,0.26966182374746156,0.2822050898610047,0.2873600617369349,0.19557794290469682,0.19441038247357942,0.26492073010737444,0.252834883745013,0.2903254715756835,0.26242413339080556,0.0,0.0,0.0,0.0,0.0,0.0,0.3159338142057994,0.0,0.0,0.2930034927357024,0.0,0.2759839594567476,0.0,0.0,0.24951741943795977,0.0,0.2603944438338129,0.0,0.25927082588105704,0.0,0.0,0.0,0.3304713616408289,0.2499365496717422,0.0,0.0,0.33793048641867707,0.0,0.0,0.21245971607595943,0.3071721262964632,0.23771822478563756,0.24417668152504682,0.0,0.0
0.33920962994004256,0.3111935841128362,0.3063155254851781,0.21682665945870935,0.26803881531336304,0.2716292539032374,0.29242152996689136,0.0,0.33434765682577444,0.2847724326481066,0.19651941610508603,0.2948031065932496,0.2908843071186009,0.22233899259217718,0.2559410655148962,0.29017377737971217,0.0,0.0,0.28758892722654117,0.2572359484311419,0.26495424767397957,0.26196267830620046,0.25569502560970153,0.34665619983670115,0.3165159722823002,0.32796939980662065,0.27856874129477904,0.28923477972877065,0.2595590240973756,0.2917460896522225,0.31501175250429186,0.23377158554399657,0.2735732301448007,0.3131294494420701,0.3193823644795183,0.1792798000039111,0.23770271772405002,0.0,0.2945380673234788,0.0,0.33339880713096864,0.0,0.2499781697437167,0.0,0.0,0.0,0.0,0.35282773374184695,0.0,0.30625772955548364,0.3095504943897024,0.31848552122528756,0.234184009067088,0.35455183809025215,0.0,0.28209146778615457,0.0,0.3267579269787046,0.2819254540081763,0.25139897112052073,0.0,0.0,0.0,0.3367091370585303,0.32144254808129696,0.18245767663002527,0.0,0.31788927207926637,0.0,0.23028752286087534,0.3074246680548591,0.3190050355805878,0.30552505034398386,0.28909594465617333,0.0,0.33444747351813847
0.0,0.23784990422196714,0.17949918979052673,0.2830922898281039,0.22651437818387446,0.22063989475800974,0.24485546640194814,0.33434765682577444,0.0,0.3080325381516814,0.21384061039887856,0.28737174727975556,0.24539557376135077,0.2884872774913568,0.1789449881089661,0.2531492304685649,0.23588705392166506,0.21960889403643957,0.18950837168174256,0.2680090787410324,0.0,0.27388603766256364,0.26154072651263766,0.2585398598146951,0.23819465376260307,0.23562849462973243,0.22625965079585533,0.3011420867771096,0.27156944126411825,0.27948475942218043,0.3174100998082862,0.29438743879295864,0.2837297489973307,0.31662066286235496,0.3149315373187623,0.30687124564869855,0.2933551929913157,0.27297560462844,0.331156982436255,0.0,0.21837275703413694,0.20249277413740865,0.340715790165433,0.0,0.0,0.0,0.0,0.3765722857916409,0.0,0.3125171246228198,0.35082162788186316,0.3347546328370753,0.36409933361949853,0.3578885849369324,0.0,0.33698298196754367,0.0,0.3060983109152722,0.3476736321958861,0.0,0.0,0.0,0.0,0.3688295263487194,0.0,0.0,0.0,0.3668051541077666,0.0,0.0,0.0,0.3529020615060436,0.0,0.24626008062270488,0.0,0.26980811108685254
0.27719298627226624,0.194558013571838,0.27974752874830855,0.16794847889751963,0.30799970890475614,0.28877011998178853,0.25708638169315645,0.2847724326481066,0.3080325381516814,0.0,0.3158129166124598,0.21741462804925962,0.27446160163924194,0.2644374989313023,0.0,0.24042791375934142,0.21226600737650342,0.20190675460794355,0.29653171964594577,0.2297007695652725,0.3024758884527887,0.22965786306368186,0.28134620586686193,0.21573029203683328,0.21441612462500895,0.23070894136680786,0.26832231733298945,0.2656153989311605,0.2460639126734848,0.0,0.22986694166281113,0.2572458012039027,0.21051965864375324,0.19677506617010954,0.2004247985959766,0.1928821854739419,0.1750022591989513,0.19204923887295994,0.0,0.2871493319477372,0.25044674377974635,0.0,0.0,0.0,0.2364827655070442,0.0,0.0,0.0,0.0,0.0,0.0,0.0,0.0,0.0,0.3104756857138467,0.0,0.31934536989424855,0.26140319571871995,0.0,0.0,0.0,0.3013212530796418,0.2812158132701942,0.0,0.0,0.0,0.0,0.23804513968522498,0.2872621437710969,0.29204820327617753,0.30780770091706133,0.23336200797853024,0.28319275000487637,0.0,0.0,0.2787226032625365
0.0,0.18728969279691923,0.23327175678530235,0.2578188320637726,0.22692533994970304,0.26353555240364335,0.3154690967581428,0.19651941610508603,0.21384061039887856,0.3158129166124598,0.0,0.2874796707804052,0.31386467610852437,0.19530171074739144,0.0,0.0,0.2568446386446995,0.2467826782297921,0.1950109475769928,0.0,0.0,0.0,0.18773919581210238,0.29650701735886537,0.25419123323607984,0.23777145829945773,0.24844608856498054,0.30897815656439415,0.0,0.0,0.32120939990365327,0.2654141105257003,0.2529324307625939,0.31412004588033093,0.29952452111859695,0.2448538384788502,0.2813642029768355,0.2820867437432118,0.2531917493380509,0.0,0.2561824190771158,0.0,0.24084779651464366,0.0,0.0,0.0,0.0,0.21686686547177822,0.0,0.26554143432808724,0.29364553087047973,0.28054430090593047,0.28997139362373325,0.22591351867608395,0.0,0.16819073767600015,0.0,0.2695022766960363,0.2754618708000589,0.0,0.0,0.0,0.0,0.15361249315801004,0.0,0.0,0.0,0.30862080864700403,0.0,0.0,0.0,0.22909186210727814,0.24130694331909108,0.0,0.0,0.0
0.27428143137136785,0.18501982572717923,0.24141724811929852,0.12720404229524546,0.27385534680227125,0.2574381310588885,0.25470479874539115,0.2948031065932496,0.28737174727975556,0.21741462804925962,0.2874796707804052,0.0,0.26896403748637115,0.0,0.0,0.18214806376661208,0.23625244395735495,0.23301572145409286,0.2534519812268772,0.0,0.2825767175306782,0.0,0.28810058888378265,0.19651796727201085,0.23784032381782555,0.2159774652533638,0.23709026491296814,0.2645397516139112,0.22622030474429572,0.0,0.24192110443595266,0.18511569830641794,0.21537956724085247,0.1568980151459426,0.19408049660457857,0.18575053326944335,0.15958596856536486,0.1579356263847711,0.17869654660959458,0.30085471122812696,0.21928329955905873,0.16973119711217388,0.0,0.0,0.23546854537039472,0.0,0.0,0.0,0.0,0.0,0.0,0.0,0.0,0.0,0.3099672267674426,0.0,0.3187079588504387,0.2636540897428717,0.0,0.0,0.0,0.3111436041126899,0.2983858022043434,0.0,0.0,0.0,0.0,0.0,0.28932681016224376,0.29967783061998476,0.30869252233275263,0.0,0.28869423615350154,0.0,0.0,0.28276847225390034
0.23134958972720665,0.2896391415557294,0.30650879923626273,0.2254968290450901,0.25933782123270416,0.26514301267508444,0.24547023541690516,0.2908843071186009,0.24539557376135077,0.27446160163924194,0.31386467610852437,0.26896403748637115,0.0,0.2544486968197365,0.2690818214059261,0.309921989164324,0.2716374518624162,0.29922082112111675,0.3065175844709103,0.29535180573498726,0.29667042131301574,0.31299120334207786,0.2937595916671574,0.2510291369644798,0.2940121372250392,0.2857824107143548,0.2882860513599935,0.23892647306805792,0.28026070112230894,0.2689878689661507,0.29004249589755865,0.2680325424460101,0.2634944203073085,0.2754352844222978,0.26066783383252784,0.22466094363607916,0.23382704164782606,0.22952700126581335,0.30534506764785324,0.2731539193425733,0.20518894599731455,0.18530098342742515,0.2638868692969929,0.0,0.0,0.0,0.2017380659278646,0.32279884002377335,0.0,0.0,0.27383986786573755,0.2818027541767942,0.3061872262784006,0.29774666158146973,0.0,0.0,0.0,0.25954820472846146,0.0,0.25516417352606646,0.20017042959012454,0.0,0.0,0.0,0.2907619817689098,0.0,0.22661886925116478,0.32779180910784017,0.0,0.22362758807978456,0.23243868590391206,0.31437955025354186,0.26921944808100906,0.2866612220673808,0.0,0.2521355379765129
0.0,0.0,0.2996299215502793,0.20311396533534393,0.20247663304865365,0.28217827451564303,0.24122711235173627,0.22233899259217718,0.2884872774913568,0.2644374989313023,0.19530171074739144,0.0,0.2544486968197365,0.0,0.0,0.0,0.0,0.0,0.2795853300247033,0.0,0.0,0.0,0.2610027878246946,0.0,0.0,0.2908813071284755,0.28911722366164727,0.19309179425728884,0.0,0.0,0.0,0.16857702491775176,0.0,0.0,0.0,0.17285985583087815,0.11532320846379554,0.21692127133159309,0.0,0.0,0.0,0.0,0.27030726847050907,0.0,0.0,0.0,0.0,0.0,0.0,0.0,0.0,0.265012255198267,0.24774942737253416,0.0,0.0,0.0,0.0,0.0,0.0,0.0,0.0,0.0,0.0,0.28088049066511556,0.0,0.0,0.0,0.0,0.0,0.0,0.0,0.0,0.0,0.0,0.0,0.0
0.2587153289742227,0.2687115389285955,0.0,0.3442829958356712,0.0,0.22143510717632747,0.2776229036598906,0.2559410655148962,0.1789449881089661,0.0,0.0,0.0,0.2690818214059261,0.0,0.0,0.2849110788284454,0.2486530402902579,0.2729524817685343,0.0,0.20007831147288233,0.26685725890816586,0.20944401325792442,0.19943274178282983,0.28121516012839837,0.24799849879249727,0.27489059810702987,0.23473224731015974,0.26420866510858704,0.26264255868708236,0.25437347331584065,0.28484725283237794,0.29649997030852426,0.2802437466079709,0.30636188912295514,0.3367295132510468,0.3668977291220252,0.2721997905377402,0.0,0.33502377504808006,0.3280034801869741,0.3331156263690359,0.3545760145598352,0.0,0.0,0.0,0.0,0.33541285788340397,0.0,0.0,0.0,0.30665051385914444,0.0,0.3054194577316983,0.0,0.0,0.0,0.0,0.275526019747604,0.0,0.344360278633615,0.29919650982743523,0.0,0.23693544856536258,0.0,0.32609472636827297,0.316238122645316,0.3461314911569487,0.3196960188709512,0.0,0.25236579455475405,0.358685823566118,0.322574710442187,0.3014534898480846,0.3127860942538289,0.3004805628088807,0.3158320121524043
0.2619609427518176,0.26871496745744217,0.0,0.0,0.27826059599901826,0.2924729034257384,0.29681159398533047,0.29017377737971217,0.2531492304685649,0.24042791375934142,0.0,0.18214806376661208,0.309921989164324,0.0,0.2849110788284454,0.0,0.24220531863785139,0.21404637319756012,0.0,0.27329497725451357,0.2771568360413043,0.2491369637313438,0.28822123039050285,0.0,0.2443411505208871,0.27352801795161724,0.28760463020790467,0.28873459851963984,0.2834919244179922,0.2828950179065659,0.24796954847720484,0.2870092260098874,0.24408073444335437,0.23963654517309407,0.2838457617775777,0.2536065565448696,0.2282655248007092,0.0,0.29556655670929594,0.2787751793782765,0.2789762370709576,0.2991969238093951,0.0,0.0,0.0,0.29871007652885845,0.3056301352488134,0.0,0.0,0.0,0.0,0.0,0.0,0.0,0.0,0.0,0.0,0.0,0.0,0.3068028909699781,0.2897052006859905,0.0,0.28880542829904227,0.0,0.29029473542892503,0.0,0.30707008070078723,0.2556640833871023,0.0,0.29530480481581456,0.31566447521915003,0.26531217197689755,0.0,0.2651222656812964,0.0,0.28360336386230367
0.0,0.24154310112034408,0.0,0.0,0.23717704794591812,0.21089453913899617,0.26865732972892403,0.0,0.23588705392166506,0.21226600737650342,0.2568446386446995,0.23625244395735495,0.2716374518624162,0.0,0.2486530402902579,0.24220531863785139,0.0,0.2156664580430879,0.0,0.24406570573904138,0.23898322103140418,0.24775429867309998,0.0,0.22889667590627863,0.22252033290107523,0.24657633573509408,0.0,0.2631077409880702,0.2296865899642615,0.0,0.23229890381859555,0.26899145075626685,0.22193828548378428,0.23045300854817335,0.23358577386439386,0.0,0.0,0.21025841361649092,0.0,0.2617432226023295,0.24205976116574515,0.0,0.0,0.0,0.0,0.0,0.0,0.0,0.0,0.0,0.0,0.0,0.0,0.0,0.3068080349910635,0.0,0.31899725872522483,0.0,0.0,0.0,0.0,0.2835922174402674,0.27789880087214136,0.0,0.0,0.0,0.0,0.0,0.30738975302040245,0.2909089121569678,0.29860762361951343,0.0,0.0,0.0,0.0,0.0
0.2579289698320249,0.2647182115384204,0.27459327008581685,0.0,0.255033693849755,0.28566273559021305,0.28561681777090314,0.0,0.21960889403643957,0.20190675460794355,0.2467826782297921,0.23301572145409286,0.29922082112111675,0.0,0.2729524817685343,0.21404637319756012,0.2156664580430879,0.0,0.0,0.2690657490708069,0.2616500497186938,0.26003758225541795,0.28259456769534397,0.23949434934763394,0.22553462000405822,0.256010764536315,0.2813585110664392,0.2814332589242135,0.28105481223938494,0.0,0.24657305025235385,0.2827183280961574,0.23230008123052315,0.24394906209680722,0.2680270722316011,0.0,0.0,0.18054430632863383,0.29099448646096426,0.2631320566094784,0.27827229905552425,0.0,0.0,0.0,0.0,0.2963166405830814,0.2956693331711457,0.0,0.0,0.0,0.21088984322539725,0.0,0.0,0.0,0.30536915222093863,0.0,0.3155067103974089,0.0,0.0,0.2641170180558768,0.2859078258688364,0.2981699577239413,0.29036305368839527,0.0,0.24298573376145416,0.0,0.2993587659486528,0.0,0.3238166470811896,0.2927136936607717,0.30868006245476465,0.0,0.0,0.22035664564458826,0.0,0.2852283410063517
0.0,0.0,0.16883912325065023,0.2595733520876318,0.25880072123009246,0.25974985787820565,0.3156404326643984,0.28758892722654117,0.18950837168174256,0.29653171964594577,0.1950109475769928,0.2534519812268772,0.3065175844709103,0.2795853300247033,0.0,0.0,0.0,0.0,0.0,0.0,0.0,0.0,0.22467761669631592,0.25416632368533854,0.21876313832681724,0.23668085744396083,0.2280456557475917,0.29979246917333785,0.0,0.0,0.3099764314028074,0.2702441544220051,0.21234246604332863,0.30398481717187087,0.3027761332367003,0.28269570344351913,0.2764748197444534,0.255359946412247,0.2918189163120224,0.0,0.24282918854157204,0.0,0.3162869264845874,0.0,0.0,0.0,0.0,0.3381027230007775,0.0,0.3046664505784715,0.34372213488820963,0.31798033322885627,0.35512452364477537,0.3733215457703369,0.0,0.24453550384829206,0.0,0.29630643582999866,0.3215578078599788,0.0,0.0,0.0,0.0,0.3628202906007441,0.0,0.0,0.0,0.3655084165430001,0.0,0.0,0.0,0.3530459310081461,0.24751401872477372,0.2895705626277669,0.0,0.0
0.2901180286848388,0.28502393592743996,0.0,0.3281531317391689,0.2810442406066659,0.2660335832649112,0.288102340212229,0.2572359484311419,0.2680090787410324,0.2297007695652725,0.0,0.0,0.29535180573498726,0.0,0.20007831147288233,0.27329497725451357,0.24406570573904138,0.2690657490708069,0.0,0.0,0.28259232031882453,0.22724550280202835,0.20105972542055411,0.2665200361548332,0.2672226408095446,0.2874879967630207,0.2232495787564956,0.2625998032256405,0.22353189667654444,0.25414487206092906,0.26409885556321583,0.28871777873163945,0.26387588247875354,0.2968996165760355,0.32457173425005836,0.34565934588978475,0.30432103921418896,0.0,0.3136835067454582,0.2786772890064043,0.28470042351600505,0.3254869366859063,0.0,0.0,0.0,0.0,0.2876062324714477,0.0,0.0,0.0,0.2925678855150835,0.0,0.0,0.0,0.0,0.0,0.25635492603220544,0.27226657236821356,0.0,0.31933667779565517,0.2315273910592598,0.0,0.21889694311208466,0.0,0.3112558620657571,0.30006784408497966,0.32064464905024626,0.3164612662381643,0.0,0.2181762452644065,0.331301980820059,0.3185981531699662,0.31055252005816886,0.2874694924819021,0.25480552092265574,0.30414836120448313
0.25888786131573754,0.27577626748595635,0.2337490837851276,0.0,0.0,0.2560949905006145,0.2776702125324855,0.26495424767397957,0.0,0.3024758884527887,0.0,0.2825767175306782,0.29667042131301574,0.0,0.26685725890816586,0.2771568360413043,0.23898322103140418,0.2616500497186938,0.0,0.28259232031882453,0.0,0.28042381507117314,0.27800498802302254,0.31448870181060384,0.27889880883321044,0.2903254037616068,0.2699253256886812,0.29174731225542666,0.2775552764615993,0.29374850326735,0.27412025841613163,0.28781575657794944,0.2750770791832719,0.27698850992071966,0.32395923309423774,0.0,0.0,0.292723128227558,0.30893066086022086,0.29026817932826426,0.3064195055683394,0.3353611272395563,0.0,0.0,0.0,0.24493577151886956,0.3271155127231927,0.0,0.0,0.0,0.29488610679883553,0.0,0.20921289661084333,0.0,0.3260457148669405,0.0,0.0,0.28848288101065844,0.0,0.31002205401053873,0.3045863664284645,0.0,0.2586582691012457,0.0,0.3085314271145695,0.23471698751186898,0.33308961829935324,0.3055558311219682,0.0,0.2754561351480865,0.33212582744569785,0.3094949884433874,0.30585258307366736,0.30269009856564394,0.29128900910044075,0.2901990584090065
0.26692303706858106,0.2669183417102322,0.27736075378491193,0.3448800111324913,0.30132612719061447,0.289196503715191,0.3055378149081769,0.26196267830620046,0.27388603766256364,0.22965786306368186,0.0,0.0,0.31299120334207786,0.0,0.20944401325792442,0.2491369637313438,0.24775429867309998,0.26003758225541795,0.0,0.22724550280202835,0.28042381507117314,0.0,0.2531625177404711,0.2809867041387313,0.261444579016546,0.26134924657652525,0.27678527950287035,0.2882287536326458,0.2670644766813241,0.2679983105481193,0.2664063634838565,0.29373038513163335,0.2502929458804995,0.28624185150170145,0.3204388342423404,0.3531561952424578,0.31101192726315324,0.0,0.31830781786101947,0.30280264895362785,0.3112541019294976,0.33341469524906386,0.0,0.20643779403701368,0.0,0.28793723021636114,0.31659275737023473,0.0,0.0,0.0,0.28849703699425044,0.2041366319803244,0.0,0.0,0.0,0.0,0.20901428070748987,0.22438855351047396,0.0,0.3428366870611742,0.2932850418489464,0.0,0.2677600977246631,0.0,0.3194619064222038,0.33105787948671855,0.32777509805093435,0.32346512673688027,0.0,0.2828143229021052,0.3399953983001011,0.3189974436875512,0.26494218256420504,0.30782820190869087,0.0,0.2934729384152634
0.3165097622039453,0.2682273121743035,0.2165878221510508,0.2723856035816102,0.2748126396031828,0.2604933374866811,0.2876175547063067,0.25569502560970153,0.26154072651263766,0.28134620586686193,0.18773919581210238,0.28810058888378265,0.2937595916671574,0.2610027878246946,0.19943274178282983,0.28822123039050285,0.0,0.28259456769534397,0.22467761669631592,0.20105972542055411,0.27800498802302254,0.2531625177404711,0.0,0.3384361570330424,0.27867170115310247,0.3037805155561937,0.20708484002451558,0.28289020378665536,0.2553430737256862,0.27060881844765783,0.2942424793170609,0.2673987148793408,0.2107661820682753,0.30226510436658566,0.3030499407334902,0.281314257105905,0.28279731644915673,0.2513013339846106,0.3238706295591789,0.30185679139568977,0.34332876499689297,0.337011426939566,0.3100214190588092,0.25450470883433945,0.0,0.0,0.3009553148328966,0.32808929488939814,0.0,0.3203486099574995,0.3362475883242531,0.35560366373392405,0.318856723495236,0.3651599031712771,0.0,0.27030953963402404,0.0,0.3408909694506419,0.3220218474672717,0.319362190331159,0.22509412241437968,0.0,0.0,0.2815613967094398,0.31793053500418267,0.3120747770266285,0.32001362397152894,0.3404604432149844,0.0,0.22746616027552707,0.3167430486776187,0.3309232624468199,0.32760985882739135,0.31249442046739645,0.32930560539458503,0.3388358492608618
0.26012763237626463,0.0,0.28201173758865394,0.0,0.0,0.23697935734573003,0.0,0.34665619983670115,0.2585398598146951,0.21573029203683328,0.29650701735886537,0.19651796727201085,0.2510291369644798,0.0,0.28121516012839837,0.0,0.22889667590627863,0.23949434934763394,0.25416632368533854,0.2665200361548332,0.31448870181060384,0.2809867041387313,0.3384361570330424,0.0,0.2594887483071715,0.23881194441204334,0.26714734095958204,0.2541132417798126,0.0,0.0,0.24114328364913717,0.2015285801483797,0.18166947536355307,0.15839806114495078,0.17156231950328046,0.20597813459491085,0.0,0.16281674274785482,0.0,0.28763283525315153,0.2337779095019616,0.0,0.0,0.0,0.23348952604832673,0.28657634869246823,0.0,0.0,0.0,0.0,0.0,0.0,0.0,0.0,0.30788647877246145,0.0,0.31535084296487276,0.0,0.0,0.0,0.30468837551712197,0.31270023244503464,0.3145724341931559,0.0,0.0,0.0,0.0,0.0,0.29344159448875423,0.312478410709743,0.31554786146432845,0.0,0.30294353638287447,0.0,0.0,0.2934275878515268
0.25860629312512723,0.25207366712323886,0.21860167591616267,0.0,0.2578751330621647,0.26709472997887035,0.2811914929391205,0.3165159722823002,0.23819465376260307,0.21441612462500895,0.25419123323607984,0.23784032381782555,0.2940121372250392,0.0,0.24799849879249727,0.2443411505208871,0.22252033290107523,0.22553462000405822,0.21876313832681724,0.2672226408095446,0.27889880883321044,0.261444579016546,0.27867170115310247,0.2594887483071715,0.0,0.23412424847698524,0.26655247748061506,0.2801219335260197,0.26189397688308846,0.2421436164384364,0.24650353007361214,0.2727171696657595,0.21580398943980444,0.23123644758951525,0.2616068726394471,0.20939712876136557,0.0,0.21289852855281688,0.30302464637350507,0.2735536580527869,0.28687393485274437,0.2958563256671076,0.0,0.0,0.0,0.292707886763796,0.30248528956918114,0.0,0.0,0.0,0.20605161471431574,0.0,0.0,0.0,0.30968846787355037,0.0,0.31446591027618775,0.2296789626685133,0.0,0.0,0.2916952201044211,0.3051047196121664,0.2994269804643258,0.0,0.2749652527296953,0.29435821607493096,0.283440785412131,0.23468844364460825,0.30561558006184303,0.30040525682987523,0.3141306443749626,0.22378928215569396,0.0,0.2772784867963036,0.0,0.29502332516315843
0.249440593599442,0.25686314858007325,0.24547482255368436,0.0,0.2453428939259274,0.2805216145955497,0.25886539658483443,0.32796939980662065,0.23562849462973243,0.23070894136680786,0.23777145829945773,0.2159774652533638,0.2857824107143548,0.2908813071284755,0.27489059810702987,0.27352801795161724,0.24657633573509408,0.256010764536315,0.23668085744396083,0.2874879967630207,0.2903254037616068,0.26134924657652525,0.3037805155561937,0.23881194441204334,0.23412424847698524,0.0,0.29185107597438203,0.2779538354478983,0.2773896676385129,0.23217414027987077,0.2632676036446598,0.2880669994032921,0.25082768642940306,0.2593297643572411,0.30614472747750476,0.0,0.0,0.2198111902719477,0.3185623084651644,0.30195394005063625,0.30544746595144345,0.31606219991372814,0.0,0.0,0.2667934905340646,0.3056533303046134,0.33120178571924574,0.0,0.0,0.0,0.2764157232727804,0.23097464057988376,0.0,0.0,0.32412028711068336,0.0,0.3257665836762828,0.25360641889668667,0.0,0.35235387890550124,0.31178122875694836,0.3176217786246199,0.3131796475449957,0.0,0.3331139831033548,0.34050002479896235,0.34534167371618496,0.31716023239968844,0.3152023426027719,0.3131954916132454,0.3287820399380665,0.3236703905774101,0.2947513546296645,0.31598825660568797,0.0,0.30853135916159236
0.26656335542546167,0.27720219794677853,0.19335238402163718,0.26776876192789684,0.26395713021101397,0.2458191539231015,0.27823369137884035,0.27856874129477904,0.22625965079585533,0.26832231733298945,0.24844608856498054,0.23709026491296814,0.2882860513599935,0.28911722366164727,0.23473224731015974,0.28760463020790467,0.0,0.2813585110664392,0.2280456557475917,0.2232495787564956,0.2699253256886812,0.27678527950287035,0.20708484002451558,0.26714734095958204,0.26655247748061506,0.29185107597438203,0.0,0.2760631832263216,0.24117925416900785,0.26267448418973777,0.27853688533066084,0.2683809916615598,0.23426648241595416,0.2948952902606183,0.3061036717638614,0.29288427078318774,0.27748336165409043,0.23297391515835417,0.31348296300470313,0.2829465102695912,0.27006111457835175,0.32250608240867895,0.3136815827808226,0.20995151755178815,0.0,0.0,0.26725811587886794,0.36087152228558544,0.0,0.3238179568080948,0.32438525076744384,0.334611722965594,0.3073942947999082,0.3588066922303279,0.0,0.3344283516758868,0.0,0.3150301842425673,0.3188357849821743,0.31370058111337845,0.20355875897641726,0.0,0.0,0.35305086546494335,0.3063719413136751,0.29111031000894555,0.30578971670177524,0.3300857469928947,0.0,0.20460336032211146,0.30693258942782814,0.3179966912862302,0.29386890128858856,0.29266761959464954,0.29846044618345624,0.32375302784984467
0.31232143332212076,0.2819917466395753,0.3046039271587496,0.1771340941838763,0.29278147307568214,0.2537977264461457,0.27776692237572903,0.28923477972877065,0.3011420867771096,0.2656153989311605,0.30897815656439415,0.2645397516139112,0.23892647306805792,0.19309179425728884,0.26420866510858704,0.28873459851963984,0.2631077409880702,0.2814332589242135,0.29979246917333785,0.2625998032256405,0.29174731225542666,0.2882287536326458,0.28289020378665536,0.2541132417798126,0.2801219335260197,0.2779538354478983,0.2760631832263216,0.0,0.21699768296122385,0.2049901417001587,0.2709745839901211,0.2632015439847971,0.22651995965981722,0.25634444234088405,0.23575615832168562,0.20555445619819718,0.19806650363189662,0.2340266273960124,0.29262525674875683,0.0,0.3261928187942511,0.0,0.25016494202694534,0.0,0.0,0.0,0.2028158216356787,0.2841707401680807,0.0,0.2365338530272699,0.3116918152659456,0.25392595093757453,0.29491290087670446,0.2564548442060507,0.2559194208179875,0.0,0.2759328998149659,0.27198622225512187,0.0,0.3035549823947236,0.0,0.0,0.0,0.2797361502657127,0.3171725689528875,0.30601850174521744,0.2720624376866768,0.3307875060217823,0.0,0.23217419226574795,0.2579200153704498,0.3210059805064972,0.3009836760006235,0.30474905462852264,0.0,0.31317356007469555
0.278190196803169,0.27705467203375983,0.23582061082756942,0.22724575466674557,0.28553533232177225,0.2321615632491027,0.2970419723243624,0.2595590240973756,0.27156944126411825,0.2460639126734848,0.0,0.22622030474429572,0.28026070112230894,0.0,0.26264255868708236,0.2834919244179922,0.2296865899642615,0.28105481223938494,0.0,0.22353189667654444,0.2775552764615993,0.2670644766813241,0.2553430737256862,0.0,0.26189397688308846,0.2773896676385129,0.24117925416900785,0.21699768296122385,0.0,0.24776285551256402,0.2572041152517275,0.2695905779636006,0.21510257609026812,0.2912978149878233,0.31233661591957446,0.3241473176844695,0.27027482439919415,0.0,0.3114738581896594,0.25968459920078135,0.31610157648066933,0.30240032746143203,0.27249853898569415,0.23134737677405656,0.0,0.0,0.26792192441839857,0.3002187121526048,0.0,0.26372484963689796,0.2944171289285008,0.25915538588130216,0.2752979742016118,0.26436480255875794,0.0,0.0,0.0,0.2911833954562995,0.0,0.30980169013078984,0.21007560884112367,0.0,0.21660306137604496,0.0,0.3092722825233715,0.3044676642232372,0.3076333050222685,0.3183187477281659,0.0,0.19979651218438602,0.29219024258027093,0.31192178244244256,0.30135211145957674,0.30251332986062507,0.28553205508475504,0.3072853581511291
0.0,0.2769088933555341,0.29465826782393356,0.0,0.30801656310883163,0.2779436333150038,0.2890606654303463,0.2917460896522225,0.27948475942218043,0.0,0.0,0.0,0.2689878689661507,0.0,0.25437347331584065,0.2828950179065659,0.0,0.0,0.0,0.25414487206092906,0.29374850326735,0.2679983105481193,0.27060881844765783,0.0,0.2421436164384364,0.23217414027987077,0.26267448418973777,0.2049901417001587,0.24776285551256402,0.0,0.24778698042423783,0.2825324892333589,0.24431027386628146,0.27282895782607725,0.2769608200208021,0.29165360002293683,0.2152338143592809,0.0,0.0,0.0,0.0,0.0,0.0,0.0,0.0,0.0,0.0,0.0,0.0,0.0,0.2903131071495778,0.0,0.0,0.0,0.0,0.0,0.0,0.0,0.0,0.0,0.0,0.0,0.0,0.0,0.31615136415895884,0.0,0.0,0.33250277406556855,0.0,0.0,0.0,0.328026777510129,0.0,0.29821067809414903,0.0,0.0
0.25055117850044384,0.25485399403788067,0.32162364878524574,0.25419744183059456,0.30175696842541966,0.28846231881027107,0.2964328748810991,0.31501175250429186,0.3174100998082862,0.22986694166281113,0.32120939990365327,0.24192110443595266,0.29004249589755865,0.0,0.28484725283237794,0.24796954847720484,0.23229890381859555,0.24657305025235385,0.3099764314028074,0.26409885556321583,0.27412025841613163,0.2664063634838565,0.2942424793170609,0.24114328364913717,0.24650353007361214,0.2632676036446598,0.27853688533066084,0.2709745839901211,0.2572041152517275,0.24778698042423783,0.0,0.2696049598569208,0.22956421085799383,0.20187951593387043,0.21429142026540546,0.28299248006666455,0.20278335456256635,0.19437715735789665,0.3079371497526547,0.27231437749904297,0.0,0.0,0.0,0.0,0.0,0.0,0.29599633550306037,0.26654553497174194,0.0,0.0,0.33554274634220593,0.0,0.3444305995616103,0.0,0.2855841396877003,0.0,0.27226342095756983,0.27780396733656604,0.0,0.3235982161226935,0.28558066567192236,0.0,0.29376191060413787,0.0,0.31826018001695117,0.28668869632386107,0.31860260187901773,0.3422729981220968,0.0,0.2945876752572852,0.30939874605654927,0.3329956766963277,0.2965252651505759,0.308706920220145,0.0,0.0
0.27601807992826305,0.2811207385912248,0.29480691811842247,0.20769315384603865,0.2566826934193848,0.2728063498721886,0.2678048617175233,0.23377158554399657,0.29438743879295864,0.2572458012039027,0.2654141105257003,0.18511569830641794,0.2680325424460101,0.16857702491775176,0.29649997030852426,0.2870092260098874,0.26899145075626685,0.2827183280961574,0.2702441544220051,0.28871777873163945,0.28781575657794944,0.29373038513163335,0.2673987148793408,0.2015285801483797,0.2727171696657595,0.2880669994032921,0.2683809916615598,0.2632015439847971,0.2695905779636006,0.2825324892333589,0.2696049598569208,0.0,0.24094400791011747,0.22457774454539,0.24485549056941086,0.1843692645296658,0.21144282735091235,0.1842380024410674,0.18166844472464896,0.20338914417817403,0.2095141115954426,0.23520784202815123,0.18403672608430985,0.1842074103100883,0.1754715979582101,0.2867500456093927,0.3122699632066168,0.3381301716104989,0.16911981882385238,0.28462218685171065,0.31275773257378037,0.2554998468046251,0.31015184051029837,0.26448523099310134,0.1758342025816655,0.2877400174164283,0.17196275923066046,0.24746922282014555,0.0,0.33259232949385703,0.27957756921206145,0.24698333440431378,0.2884719548156245,0.32327287744498395,0.3215516558804563,0.30871611535977966,0.33184975195314564,0.3304928012929323,0.0,0.29937373259378025,0.3154678807936771,0.3226507154508929,0.23544421857837688,0.3147313420023229,0.0,0.3349640612083782
0.2197827993940249,0.24078500017041024,0.2195613840351375,0.0,0.23724335697690457,0.22924703324977794,0.26966182374746156,0.2735732301448007,0.2837297489973307,0.21051965864375324,0.2529324307625939,0.21537956724085247,0.2634944203073085,0.0,0.2802437466079709,0.24408073444335437,0.22193828548378428,0.23230008123052315,0.21234246604332863,0.26387588247875354,0.2750770791832719,0.2502929458804995,0.2107661820682753,0.18166947536355307,0.21580398943980444,0.25082768642940306,0.23426648241595416,0.22651995965981722,0.21510257609026812,0.24431027386628146,0.22956421085799383,0.24094400791011747,0.0,0.16294412644584738,0.2646845257363268,0.3051315534767551,0.2683423944006979,0.12573350955366425,0.235735688226506,0.22082076498048525,0.19652900734781403,0.25334770473118523,0.0,0.1923578219974042,0.18254712325387054,0.0,0.3071671935361782,0.0,0.0,0.0,0.0,0.0,0.0,0.0,0.25005668058322095,0.0,0.2676823397721492,0.0,0.0,0.3510015923603939,0.29034599453372867,0.26591412188401853,0.2945730721535577,0.0,0.3139066209426585,0.29762044974774565,0.34297448282469306,0.3229427941514059,0.23585874327908057,0.28340142870961826,0.3006922377254161,0.0,0.24694161161751807,0.0,0.0,0.24797295807283226
0.24278585720607437,0.2476851521267065,0.3346708211657456,0.18235226650356812,0.30651921203163396,0.29507623512418696,0.2822050898610047,0.3131294494420701,0.31662066286235496,0.19677506617010954,0.31412004588033093,0.1568980151459426,0.2754352844222978,0.0,0.30636188912295514,0.23963654517309407,0.23045300854817335,0.24394906209680722,0.30398481717187087,0.2968996165760355,0.27698850992071966,0.28624185150170145,0.30226510436658566,0.15839806114495078,0.23123644758951525,0.2593297643572411,0.2948952902606183,0.25634444234088405,0.2912978149878233,0.27282895782607725,0.20187951593387043,0.22457774454539,0.16294412644584738,0.0,0.16999008954319772,0.23160713880871953,0.193041527358942,0.13024790634289388,0.21233005464874635,0.19062173729181975,0.17858440258824249,0.17990987377299608,0.0,0.19077814982324828,0.16471826681160917,0.22344763298527157,0.29811715476859824,0.2872167984890158,0.0,0.0,0.33494939002983903,0.2748673520228473,0.3402362288621,0.0,0.23539703490271074,0.0,0.23998653394096262,0.17232881865072927,0.0,0.3344024387900031,0.2824504328394406,0.2759629726452464,0.2881898945250012,0.0,0.3300464335838942,0.2798687164442068,0.3276083228437615,0.347742325223157,0.16084278653202158,0.28825177582840533,0.31142462090365486,0.341457169842501,0.22209589359690315,0.3231235076258702,0.0,0.24668589705658225
0.2892777244757372,0.28972706538726295,0.31451264198786105,0.26014445620671606,0.3045677156816894,0.296090200921814,0.2873600617369349,0.3193823644795183,0.3149315373187623,0.2004247985959766,0.29952452111859695,0.19408049660457857,0.26066783383252784,0.0,0.3367295132510468,0.2838457617775777,0.23358577386439386,0.2680270722316011,0.3027761332367003,0.32457173425005836,0.32395923309423774,0.3204388342423404,0.3030499407334902,0.17156231950328046,0.2616068726394471,0.30614472747750476,0.3061036717638614,0.23575615832168562,0.31233661591957446,0.2769608200208021,0.21429142026540546,0.24485549056941086,0.2646845257363268,0.16999008954319772,0.0,0.30628996954870413,0.23251561823984884,0.14505764913175778,0.21534540060728063,0.20631643585974982,0.20944531822334655,0.24918619734290798,0.20022722176803,0.200773110808868,0.18486475362914603,0.0,0.3255475676912983,0.0,0.0,0.0,0.2338045908230668,0.16516558418337776,0.0,0.0,0.1838429799346816,0.0,0.2111976459616675,0.17699046071137928,0.0,0.357338657445094,0.2977221038567114,0.0,0.31134540915604514,0.0,0.3356432563985958,0.0,0.3527789729158814,0.3323587836077225,0.0,0.30450649333200813,0.31920392161270067,0.30541580460980333,0.17610765931913036,0.0,0.0,0.0
0.0,0.2460332031143608,0.3006508194988377,0.14725687731646464,0.17061806022227954,0.2995671376101253,0.19557794290469682,0.1792798000039111,0.30687124564869855,0.1928821854739419,0.2448538384788502,0.18575053326944335,0.22466094363607916,0.17285985583087815,0.3668977291220252,0.2536065565448696,0.0,0.0,0.28269570344351913,0.34565934588978475,0.0,0.3531561952424578,0.281314257105905,0.20597813459491085,0.20939712876136557,0.0,0.29288427078318774,0.20555445619819718,0.3241473176844695,0.29165360002293683,0.28299248006666455,0.1843692645296658,0.3051315534767551,0.23160713880871953,0.30628996954870413,0.0,0.12808158477952125,0.21004010298424605,0.1965545670325083,0.24079727154537675,0.2021399865785494,0.22004452525968105,0.24912852432843022,0.0,0.21117281611385613,0.0,0.0,0.32104192604412873,0.0,0.0,0.0,0.0,0.2391369043463821,0.31414332323071487,0.23365180840978025,0.22721344680087807,0.2131077818354133,0.0,0.2586613543412585,0.322899733412375,0.0,0.0,0.0,0.2838284392464798,0.3201667201187412,0.0,0.350869981639403,0.28725084813016044,0.0,0.0,0.0,0.0,0.25315252424883444,0.2337549665608543,0.0,0.2640937787833069
