0.0,0.35115759611241143,0.35675026810485866,0.0,0.0,0.3261903764551956,0.0,0.4485185630392709,0.0,0.36780908122642997,0.0,0.365828454904682,0.2847883384319906,0.0,0.3436586396956546,0.34518484288011286,0.0,0.3396063635405031,0.0,0.38010008910645726,0.3437200948473264,0.3516817356390598,0.41981542783304204,0.34834515486442696,0.34089260080971073,0.33060381049890447,0.3490308127576184,0.4160254100626055,0.3630424487675493,0.0,0.33125162095915406,0.3644133153941552,0.2868747935817113,0.31933867797008525,0.38092879750199005,0.0,0.0,0.3374820010631272,0.4013177210132602,0.40508187688197433,0.37495709220235474,0.0,0.0,0.0,0.0,0.3250346519499574,0.4252108094312138,0.0,0.0,0.0,0.3080029109942416,0.0,0.43269903803737264,0.0,0.3844359781373565,0.0,0.4088288026982253,0.0,0.0,0.0,0.4038675916356073,0.0,0.39999793081617535,0.0,0.0,0.2751842371497429,0.43036043726921036,0.0,0.42786045831261865,0.4013176684870933,0.41995895358102325,0.38979645273161523,0.0,0.0,0.0,0.3667941794783106
0.35115759611241143,0.0,0.2713095720519573,0.0,0.3298107688617415,0.3560678354161061,0.3342295674524318,0.40960739176776595,0.303931714489997,0.24324445030070468,0.2475773689548608,0.23568094520657745,0.3831693886928429,0.0,0.35499819691761064,0.3562158027190105,0.3193217490362195,0.3509870267463176,0.0,0.37783057503636097,0.36256889677594034,0.35463318933525234,0.35325000702639364,0.0,0.3347366352720816,0.3404357516486372,0.36671348305705326,0.37269845691416886,0.36640466789090137,0.38306846991075416,0.33909520737808724,0.3725761776438947,0.31932168473600386,0.328363467010921,0.3857987632515293,0.3191874536405969,0.0,0.0,0.4072858444676032,0.38907960211136333,0.3929185534168954,0.4150056845360302,0.0,0.0,0.0,0.42211420080467266,0.4186671991298097,0.0,0.0,0.0,0.3348799794869777,0.0,0.0,0.0,0.0,0.0,0.0,0.23194494452833248,0.0,0.4306604938646608,0.400001003135068,0.0,0.3883790168411739,0.0,0.4023387369763251,0.4276102858423111,0.42258702594112885,0.36755317326400233,0.0,0.4001851972975339,0.4340097331136526,0.37969339267954916,0.0,0.38985380061899055,0.0,0.3806191281267167
0.35675026810485866,0.2713095720519573,0.0,0.31619117995270685,0.33178991694241794,0.32678304150720683,0.3983381761782536,0.4040042067222816,0.23661607757957764,0.3406623969777852,0.31013318154558495,0.27132045593800047,0.4021882022453394,0.39485738047948266,0.0,0.0,0.0,0.29351650620407305,0.22688380612727208,0.0,0.30850100160206984,0.3437432467418518,0.2868071730148158,0.3278329411498755,0.2556113469078747,0.2881027862305372,0.25666143507932776,0.40046628829762954,0.29913581142310236,0.38078528087643587,0.42154589793930547,0.3859113834694671,0.25050076602776683,0.437033804662626,0.40672460767667695,0.39474873792953014,0.3588425439613449,0.2531152072082048,0.3918785633902132,0.0,0.36941167734132907,0.0,0.4324315780313664,0.0,0.0,0.0,0.0,0.3653500021074355,0.0,0.412522720954265,0.4691561372744041,0.466338492080907,0.4523897598888191,0.4690048380093127,0.0,0.40360488082865537,0.0,0.397565665017289,0.4432160656014817,0.0,0.0,0.0,0.0,0.4011296541384954,0.0,0.0,0.0,0.47872476778753514,0.0,0.0,0.0,0.4664053934077489,0.34419515130969797,0.3187602153950614,0.0,0.3691518268756816
0.0,0.0,0.31619117995270685,0.0,0.22306619803758249,0.3640976295966449,0.24334274315865007,0.2829851784833534,0.37032340988647566,0.21155227955044045,0.33889508951144937,0.1558823228325971,0.2978544719194143,0.262392013632233,0.44483034015905065,0.0,0.0,0.0,0.3352631020350015,0.4121067409810745,0.0,0.4400728091755102,0.3574050737152048,0.0,0.0,0.0,0.3458464691354716,0.23325976067649887,0.27744597810403876,0.0,0.3316303787337135,0.27292189379539805,0.0,0.23804206384149623,0.3355954779147689,0.18775573738251436,0.15843895949864814,0.0,0.0,0.0,0.0,0.0,0.0,0.0,0.0,0.0,0.0,0.0,0.0,0.0,0.0,0.0,0.0,0.0,0.0,0.0,0.0,0.0,0.0,0.0,0.0,0.0,0.0,0.0,0.0,0.0,0.0,0.0,0.0,0.0,0.0,0.0,0.0,0.0,0.0,0.0
0.0,0.3298107688617415,0.33178991694241794,0.22306619803758249,0.0,0.34210185231272816,0.2871514877610534,0.35126553349950634,0.2994081102713158,0.3990106708770747,0.3012161394595588,0.3481698101635239,0.3407299748412901,0.2661246644327537,0.0,0.3573997935873583,0.30611636363553885,0.31031783364071797,0.3418521534732427,0.3755415881201998,0.0,0.3972781629205977,0.3625353483159634,0.0,0.3213447117872925,0.31297430656059316,0.34904518079777985,0.38563900063851037,0.3769196335865805,0.4086969761976858,0.39647978832999975,0.3388444041256418,0.30131294925003993,0.40187530783724623,0.39951094175497126,0.22341353880283477,0.2566615989182029,0.3338088090665581,0.34319963557390276,0.0,0.0,0.0,0.3192109319430914,0.0,0.0,0.0,0.0,0.4534901304566288,0.0,0.35675649116734587,0.3902702664726464,0.295361836891796,0.43793561436849565,0.32857514545192934,0.0,0.370828394538706,0.0,0.28940971791767733,0.3563357307184664,0.0,0.0,0.0,0.0,0.3786362315489003,0.0,0.0,0.0,0.45520727309079856,0.0,0.0,0.273982356349994,0.3781395055676804,0.25803196169261366,0.27796142466017815,0.0,0.0
0.3261903764551956,0.3560678354161061,0.32678304150720683,0.3640976295966449,0.34210185231272816,0.0,0.35004753968411567,0.3561050199833268,0.29113840237464955,0.3790244157219891,0.34843501076334626,0.30375114201054887,0.3512295807814721,0.3710190500022547,0.2941271964194794,0.38576535246994276,0.2365300323517198,0.37539946999418927,0.3347935658229211,0.3531197913756257,0.3335983526130521,0.3823967581218485,0.34474453401927885,0.28386158366830644,0.3541353779474385,0.37042344946471323,0.3249636915699544,0.3336762074799472,0.30489672372814464,0.36653714938800486,0.3784640980493684,0.35834154573851024,0.30163545747467657,0.38749676676593214,0.3902232921062068,0.3944673808839831,0.37664574906673176,0.2942456070909267,0.4212486451597597,0.26671555428244115,0.3747921840010681,0.3794671333526856,0.35336278435849366,0.2387383575732224,0.0,0.0,0.2473105777346258,0.47227779500217915,0.0,0.3761894327005523,0.4291098098179161,0.40222348362400456,0.39900578861301156,0.4699290044201576,0.0,0.39017427858745274,0.0,0.41697592310181003,0.37198691681759655,0.35487995154825824,0.2122467393785621,0.0,0.2639904527553652,0.46289019308055174,0.36970762491496656,0.3705832527931377,0.297469770951063,0.4383448747056954,0.0,0.22018525078461532,0.30297341556782637,0.4228321457412162,0.3974962858230958,0.38086011630741795,0.3718304005296521,0.4236187840414225
0.0,0.3342295674524318,0.3983381761782536,0.24334274315865007,0.2871514877610534,0.35004753968411567,0.0,0.38434805412265743,0.32217693400843517,0.33767612678805536,0.4156149379005873,0.3336218470982635,0.32571602089219287,0.3181126338143177,0.3684599225584662,0.39084920746823254,0.3451507638572027,0.3780193202326602,0.4147276555882542,0.3798172183309695,0.35591762657829723,0.4031048826363573,0.37825067013438846,0.0,0.3738108345570431,0.33326279242797807,0.3662935806566108,0.3648322302195017,0.39204414444814256,0.3846156409824351,0.3905114611095386,0.3536731229619042,0.35063629136751095,0.37208096690267595,0.38156150125244964,0.2592533166586841,0.25040709072240747,0.3466457431261271,0.3102775659541264,0.2862974732370223,0.31107610721569323,0.0,0.0,0.0,0.0,0.0,0.0,0.3784399756639483,0.0,0.0,0.3680053992904484,0.0,0.36541618633407935,0.0,0.0,0.2872923691272785,0.0,0.2881032515891419,0.0,0.3106252396319593,0.0,0.0,0.0,0.3781397471822257,0.2724469580872549,0.0,0.0,0.4428841760613635,0.0,0.0,0.2344583918030175,0.383711508428811,0.2635106255271446,0.28395709858919876,0.0,0.0
0.4485185630392709,0.40960739176776595,0.4040042067222816,0.2829851784833534,0.35126553349950634,0.3561050199833268,0.38434805412265743,0.0,0.44050923355713156,0.3560058948932723,0.2562829997452999,0.3718869257897004,0.3818050192838514,0.29224180072414524,0.34233640548028976,0.3817106114694641,0.0,0.0,0.3802324090036591,0.33176038172293326,0.3488140717189189,0.33698830433411364,0.33832449645179896,0.45868531407894475,0.417647423152597,0.4332608428572682,0.3672835861067631,0.38219459272208295,0.34098650742206066,0.38714078673705604,0.4151433872883055,0.30579511059041975,0.3613841767069783,0.4121552870359109,0.4211230147608109,0.23249798514299258,0.31186876763489013,0.0,0.38699498591989306,0.0,0.43230018895692646,0.0,0.3217467672103559,0.0,0.0,0.0,0.0,0.4633229618422351,0.0,0.3819495888682541,0.40438762500811615,0.4112492350353415,0.304298135261736,0.46456498145956043,0.0,0.36906183124591563,0.0,0.4260222698874587,0.35719682806891634,0.3143273697074584,0.0,0.0,0.0,0.4436725269791678,0.4118282994586724,0.23517090127387763,0.0,0.4168327436527112,0.0,0.2846986787757426,0.39736904088425384,0.41751149625690703,0.39852793230049943,0.3667048049148183,0.0,0.4313529718835754
0.0,0.303931714489997,0.23661607757957764,0.37032340988647566,0.2994081102713158,0.29113840237464955,0.32217693400843517,0.44050923355713156,0.0,0.3998365994053697,0.28273245783459733,0.37144612057721493,0.3215919740269272,0.3802535196252118,0.2528806019148237,0.3141565473683214,0.26423127596113805,0.25294245011336836,0.25167111151716576,0.3535952998639713,0.0,0.3604311658871225,0.3454874978819575,0.3069031830584519,0.29351565339708474,0.2787359233577524,0.2977565923155439,0.3946492625192284,0.35678393727327157,0.3685755383198589,0.4158094658833726,0.38519266900251475,0.3615173225702939,0.41433763501462845,0.41183005971940845,0.4032442121941574,0.38145705584743217,0.342552186497645,0.42117625708544154,0.0,0.23963795772404928,0.23779306053350016,0.445751074920068,0.0,0.0,0.0,0.0,0.49485021345230745,0.0,0.3823829059824253,0.45909244669219346,0.4050178775688377,0.4789689327436714,0.46683631110489937,0.0,0.4426184648190613,0.0,0.3680303976811884,0.44860950374379543,0.0,0.0,0.0,0.0,0.479882113713455,0.0,0.0,0.0,0.48243760207359054,0.0,0.0,0.0,0.4632332715805423,0.0,0.2888441334278411,0.0,0.3205466995036803
0.36780908122642997,0.24324445030070468,0.3406623969777852,0.21155227955044045,0.3990106708770747,0.3790244157219891,0.33767612678805536,0.3560058948932723,0.3998365994053697,0.0,0.41172797972935343,0.28862200175692687,0.3625933491160316,0.3456892522275915,0.0,0.3112699791007978,0.2805883708422506,0.2658457245253797,0.38469403563611676,0.2723840931822531,0.40677047156956375,0.2784937933536071,0.34710811811869424,0.2858976795016838,0.2842442947756744,0.30716637188935514,0.3190582682051949,0.3509305815122136,0.287434256926873,0.0,0.30534555434897126,0.3420205807570008,0.2767637298814038,0.2586766147074345,0.2628488564895797,0.2534422340574625,0.2302533659601868,0.2526190973381434,0.0,0.3680705609670533,0.33223572628905323,0.0,0.0,0.0,0.30878438378249057,0.0,0.0,0.0,0.0,0.0,0.0,0.0,0.0,0.0,0.4036611332171468,0.0,0.41855895088372924,0.33948944602052844,0.0,0.0,0.0,0.3870333797794545,0.36156043565876944,0.0,0.0,0.0,0.0,0.26424964071762597,0.3797749902450362,0.37772653155723607,0.40202965265502477,0.28430548893549806,0.37315351798784846,0.0,0.0,0.36735988243325973
0.0,0.2475773689548608,0.31013318154558495,0.33889508951144937,0.3012161394595588,0.34843501076334626,0.4156149379005873,0.2562829997452999,0.28273245783459733,0.41172797972935343,0.0,0.36642876627787835,0.4106730858445509,0.2553694369411657,0.0,0.0,0.31933557433785403,0.2885296978319517,0.2616381537674022,0.0,0.0,0.0,0.24274266683794066,0.3697619454538406,0.30504292798321503,0.26501071468841264,0.32989177991953755,0.4051185495373856,0.0,0.0,0.4209657973931741,0.3475134394723292,0.3235638800652252,0.41088937978364076,0.39303057112926254,0.31597149630023863,0.3630422170742447,0.36393259928239186,0.312366427114854,0.0,0.2976031809848079,0.0,0.31157898565101294,0.0,0.0,0.0,0.0,0.2929337429031621,0.0,0.32370877979340446,0.3812418522329429,0.34779401621590567,0.3822688823484106,0.2966554010505989,0.0,0.2232805066631257,0.0,0.3294042279775329,0.35728676244900687,0.0,0.0,0.0,0.0,0.20698599084884334,0.0,0.0,0.0,0.4016296160199131,0.0,0.0,0.0,0.29865025122764743,0.2824904899527691,0.0,0.0,0.0
0.365828454904682,0.23568094520657745,0.27132045593800047,0.1558823228325971,0.3481698101635239,0.30375114201054887,0.3336218470982635,0.3718869257897004,0.37144612057721493,0.28862200175692687,0.36642876627787835,0.0,0.3573353837059727,0.0,0.0,0.2461732246620714,0.31153257663599265,0.28511849386638594,0.29444427930527517,0.0,0.3721663257481483,0.0,0.3582088079985898,0.2616901564170763,0.3159417726745977,0.2867980924842406,0.27411966707938723,0.35026830269778564,0.2602026694659118,0.0,0.32026960131242965,0.24305938306845504,0.2793392192588963,0.20591061289614343,0.2543164981722245,0.23359502116023867,0.20685185020183963,0.20785069190412267,0.23651556720068972,0.3863999556337581,0.2971538714163559,0.22791057081030167,0.0,0.0,0.30858769156890936,0.0,0.0,0.0,0.0,0.0,0.0,0.0,0.0,0.0,0.40519593287887196,0.0,0.42020753745129635,0.333358362745647,0.0,0.0,0.0,0.397037843133509,0.38502188099884493,0.0,0.0,0.0,0.0,0.0,0.3835410174585388,0.3889034680514112,0.40556498275859454,0.0,0.3794874172069382,0.0,0.0,0.364635399345412
0.2847883384319906,0.3831693886928429,0.4021882022453394,0.2978544719194143,0.3407299748412901,0.3512295807814721,0.32571602089219287,0.3818050192838514,0.3215919740269272,0.3625933491160316,0.4106730858445509,0.3573353837059727,0.0,0.3302591256802597,0.36767984318100333,0.40947852842880517,0.35893973641843757,0.3960141736020904,0.40106657474666724,0.39112156124281716,0.3921114821988755,0.4138640123057511,0.3869930385213293,0.33180464876099286,0.38932983402136784,0.37868718092823106,0.3799179967578299,0.31785376408638305,0.3723746852655741,0.3567448677574625,0.3832962683673468,0.3531289311827352,0.3451062166634041,0.36285879944458455,0.3443814611584702,0.29539529557247196,0.30680229292925476,0.3013589990287294,0.40255986517388964,0.3278962761880053,0.2213349596298173,0.2150714734908287,0.322480205189432,0.0,0.0,0.0,0.22030514826612377,0.38203189300155443,0.0,0.0,0.3497045666529781,0.3234692485317959,0.39445257906994013,0.35619508145241624,0.0,0.0,0.0,0.2901869808980167,0.0,0.29991299050411935,0.23334666382587627,0.0,0.0,0.0,0.3452188487433177,0.0,0.2511963813316578,0.4289346338440625,0.0,0.2532027253677046,0.25573660446265156,0.4097343865690475,0.24783501062549543,0.3576171963986,0.0,0.2883198217104416
0.0,0.0,0.39485738047948266,0.262392013632233,0.2661246644327537,0.3710190500022547,0.3181126338143177,0.29224180072414524,0.3802535196252118,0.3456892522275915,0.2553694369411657,0.0,0.3302591256802597,0.0,0.0,0.0,0.0,0.0,0.3703087625414885,0.0,0.0,0.0,0.3443738499322756,0.0,0.0,0.36491431202714664,0.3818007750278007,0.2481482644509865,0.0,0.0,0.0,0.2138456958437074,0.0,0.0,0.0,0.2183831037802253,0.14904284237439194,0.2800240186492234,0.0,0.0,0.0,0.0,0.35066145435984286,0.0,0.0,0.0,0.0,0.0,0.0,0.0,0.0,0.3454712517756344,0.31330074033877614,0.0,0.0,0.0,0.0,0.0,0.0,0.0,0.0,0.0,0.0,0.3671454859489682,0.0,0.0,0.0,0.0,0.0,0.0,0.0,0.0,0.0,0.0,0.0,0.0
0.3436586396956546,0.35499819691761064,0.0,0.44483034015905065,0.0,0.2941271964194794,0.3684599225584662,0.34233640548028976,0.2528806019148237,0.0,0.0,0.0,0.36767984318100333,0.0,0.0,0.37617421628657155,0.3026724893612981,0.35976162007564294,0.0,0.2695655844454499,0.35165703828541417,0.28100364774638037,0.26372155198277436,0.3696034945382398,0.3268400429875149,0.36902926033305167,0.31350690743913334,0.3485495553881279,0.34711858739416185,0.3285674821819355,0.37654340609984255,0.39204642701055026,0.3673851553511563,0.4047066249466414,0.44453431854966674,0.4807253217538782,0.3612964097408653,0.0,0.44276145233626235,0.4322295011948785,0.43664749289799026,0.4666256837377762,0.0,0.0,0.0,0.0,0.4403059044262707,0.0,0.0,0.0,0.39736993681398597,0.0,0.4023451357013455,0.0,0.0,0.0,0.0,0.33139723707642155,0.0,0.4517639482464667,0.37516568912799175,0.0,0.26966742753111567,0.0,0.42979594644737357,0.41539138328865627,0.45626498189594944,0.41867264389422376,0.0,0.29515953492553115,0.46943107979666493,0.42293676608154923,0.37444609284385566,0.4090457941814444,0.354614732582963,0.40875324951090286
0.34518484288011286,0.3562158027190105,0.0,0.0,0.3573997935873583,0.38576535246994276,0.39084920746823254,0.3817106114694641,0.3141565473683214,0.3112699791007978,0.0,0.2461732246620714,0.40947852842880517,0.0,0.37617421628657155,0.0,0.32039440461601415,0.2852271165955449,0.0,0.3626759083708778,0.3651869005341004,0.33033466898387776,0.3795341163590694,0.0,0.32360271056567846,0.3620480436916069,0.3800894487419445,0.3833263152277815,0.37551413789376,0.37355377995766953,0.3293057511305482,0.380280738194954,0.32313344766062474,0.317229222721167,0.37608635720739286,0.335016650453214,0.30174312963681527,0.0,0.3897126963800784,0.3666688170254858,0.3668493819038081,0.3962904048914039,0.0,0.0,0.0,0.39441578089444806,0.4023562580791307,0.0,0.0,0.0,0.0,0.0,0.0,0.0,0.0,0.0,0.0,0.0,0.0,0.4033646189124142,0.381135545193793,0.0,0.37732016608777563,0.0,0.36359273422460725,0.0,0.4047944683537703,0.30531330800295253,0.0,0.38743235194238645,0.4163711959172087,0.3160205760823911,0.0,0.3209242057111852,0.0,0.37011549570005703
0.0,0.3193217490362195,0.0,0.0,0.30611636363553885,0.2365300323517198,0.3451507638572027,0.0,0.26423127596113805,0.2805883708422506,0.31933557433785403,0.31153257663599265,0.35893973641843757,0.0,0.3026724893612981,0.32039440461601415,0.0,0.28569609804026047,0.0,0.30202210934559537,0.32208243526749347,0.3188813595673211,0.0,0.30019882830766065,0.294900762339389,0.32525483721939374,0.0,0.34725719457684623,0.28750357106687285,0.0,0.3081458288759085,0.3554220767081705,0.29258039232395044,0.304436684483591,0.30906092142792446,0.0,0.0,0.2688350993561435,0.0,0.34164988429103343,0.327886295793786,0.0,0.0,0.0,0.0,0.0,0.0,0.0,0.0,0.0,0.0,0.0,0.0,0.0,0.3986471108946949,0.0,0.41381436157957435,0.0,0.0,0.0,0.0,0.3591644064404505,0.3586274518413139,0.0,0.0,0.0,0.0,0.0,0.4036611206360925,0.3789491619045916,0.39058133622499813,0.0,0.0,0.0,0.0,0.0
0.3396063635405031,0.3509870267463176,0.29351650620407305,0.0,0.31031783364071797,0.37539946999418927,0.3780193202326602,0.0,0.25294245011336836,0.2658457245253797,0.2885296978319517,0.28511849386638594,0.3960141736020904,0.0,0.35976162007564294,0.2852271165955449,0.28569609804026047,0.0,0.0,0.3565939952378151,0.3440419447874054,0.34454257987615283,0.37108328054015405,0.3144131628348549,0.2998346702718354,0.33867447673691514,0.3712847866924132,0.37230474778537587,0.3715901017789361,0.0,0.32661838555068806,0.3737282540894343,0.30623998622998694,0.32206852323264873,0.35419823042253085,0.0,0.0,0.22572286404820446,0.38248895342310507,0.34365366153987764,0.3637545543459508,0.0,0.0,0.0,0.0,0.39109757453770067,0.3877522696239333,0.0,0.0,0.0,0.2482130867578348,0.0,0.0,0.0,0.3978091087104066,0.0,0.4265219803705612,0.0,0.0,0.3361596514152233,0.37435072663767666,0.39310150026097773,0.3781916632496324,0.0,0.2867477146932605,0.0,0.390954435549525,0.0,0.42570459096447877,0.38178741366774077,0.40363951904353823,0.0,0.0,0.24235884623344686,0.0,0.3701508003052665
0.0,0.0,0.22688380612727208,0.3352631020350015,0.3418521534732427,0.3347935658229211,0.4147276555882542,0.3802324090036591,0.25167111151716576,0.38469403563611676,0.2616381537674022,0.29444427930527517,0.40106657474666724,0.3703087625414885,0.0,0.0,0.0,0.0,0.0,0.0,0.0,0.0,0.29645558794122256,0.293751377784938,0.26105249519798507,0.26177199994366607,0.30331596559066565,0.392978682980388,0.0,0.0,0.4043403152576847,0.3539183027078472,0.2585627185517102,0.3938811811024087,0.39502358544396127,0.3727476397313532,0.352906763048177,0.3241688972128134,0.3548938957016037,0.0,0.2779693769939003,0.0,0.4101612209451678,0.0,0.0,0.0,0.0,0.4510024999257625,0.0,0.36695682784094574,0.45007447450455595,0.38373167799663316,0.4681268419456373,0.4896731912946576,0.0,0.3269643962899425,0.0,0.35481813103721627,0.4119939875967243,0.0,0.0,0.0,0.0,0.4808393529904352,0.0,0.0,0.0,0.4808436414044001,0.0,0.0,0.0,0.4629401219802779,0.28484425440117517,0.314943723493139,0.0,0.0
0.38010008910645726,0.37783057503636097,0.0,0.4121067409810745,0.3755415881201998,0.3531197913756257,0.3798172183309695,0.33176038172293326,0.3535952998639713,0.2723840931822531,0.0,0.0,0.39112156124281716,0.0,0.2695655844454499,0.3626759083708778,0.30202210934559537,0.3565939952378151,0.0,0.0,0.3728224738967544,0.3053840911690945,0.27433229237678897,0.3350395186892633,0.35407125301758724,0.38214045309644057,0.2957889177686968,0.34959584913916464,0.2966868906634558,0.3377408705401449,0.34927768501871276,0.38390048598602744,0.35141833946613105,0.39345584531288885,0.4301937830782641,0.4526204362330317,0.3860704015755043,0.0,0.4139973130217173,0.3377324093443055,0.37005169742867716,0.4211227045452954,0.0,0.0,0.0,0.0,0.3618280569691128,0.0,0.0,0.0,0.36602289443504826,0.0,0.0,0.0,0.0,0.0,0.2934729696069758,0.3183494001448046,0.0,0.4170155547788753,0.25792862825072377,0.0,0.24091114372263556,0.0,0.40855584859113114,0.3919876156808806,0.4223793491790189,0.4127763648380217,0.0,0.2430012314659609,0.43600833923322896,0.41825163639651725,0.35104170394017525,0.37376963611548303,0.3064312498620473,0.3759769848099424
0.3437200948473264,0.36256889677594034,0.30850100160206984,0.0,0.0,0.3335983526130521,0.35591762657829723,0.3488140717189189,0.0,0.40677047156956375,0.0,0.3721663257481483,0.3921114821988755,0.0,0.35165703828541417,0.3651869005341004,0.32208243526749347,0.3440419447874054,0.0,0.3728224738967544,0.0,0.36972769929919325,0.3699208596183372,0.41745922527257745,0.3672031567322121,0.3840804723097434,0.3546850302891905,0.3845146305690166,0.36453379598234686,0.3909562401415986,0.3613684572708762,0.3789922917472993,0.3603897707855351,0.36481671119451264,0.42558331584258713,0.0,0.0,0.3551530096683138,0.4066868045950961,0.37460970014196787,0.3930965981852257,0.44759603956754745,0.0,0.0,0.0,0.3235947420443158,0.4299957615101603,0.0,0.0,0.0,0.3887861849051587,0.0,0.2680644837799748,0.0,0.39123496949689235,0.0,0.0,0.35742843345925485,0.0,0.4048996886387237,0.3903372624607985,0.0,0.31203604852599764,0.0,0.40358362982278767,0.3062676641886537,0.4376069351518727,0.39775698586002856,0.0,0.3481005502990355,0.4373193330822541,0.4032783708688416,0.38517395819588574,0.39549422398865386,0.339015437850036,0.35727315986885483
0.3516817356390598,0.35463318933525234,0.3437432467418518,0.4400728091755102,0.3972781629205977,0.3823967581218485,0.4031048826363573,0.33698830433411364,0.3604311658871225,0.2784937933536071,0.0,0.0,0.4138640123057511,0.0,0.28100364774638037,0.33033466898387776,0.3188813595673211,0.34454257987615283,0.0,0.3053840911690945,0.36972769929919325,0.0,0.33548791901471836,0.3639004238033778,0.34643136336104957,0.346549146070173,0.36699454746944343,0.38357449168394636,0.3542311667092968,0.3563501895289812,0.3527425593379606,0.389662966971237,0.3329129303837198,0.3791617971438966,0.42432924614329653,0.46610367381564455,0.40450846920181244,0.0,0.420970847919821,0.399262044065137,0.40906191932554964,0.43972870072819875,0.0,0.26294014877889993,0.0,0.3727809769306518,0.4175616850179321,0.0,0.0,0.0,0.38068422729940393,0.2419074973814985,0.0,0.0,0.0,0.0,0.2882640760770445,0.25491971746969344,0.0,0.44995148898071524,0.3858799366843373,0.0,0.3391064473920428,0.0,0.4195336404279639,0.43547138664422197,0.4319016397475504,0.4238701866570548,0.0,0.365007749867774,0.4483206711615851,0.41758755873924747,0.3174329419183916,0.40237944794148073,0.0,0.38436562652951894
0.41981542783304204,0.35325000702639364,0.2868071730148158,0.3574050737152048,0.3625353483159634,0.34474453401927885,0.37825067013438846,0.33832449645179896,0.3454874978819575,0.34710811811869424,0.24274266683794066,0.3582088079985898,0.3869930385213293,0.3443738499322756,0.26372155198277436,0.3795341163590694,0.0,0.37108328054015405,0.29645558794122256,0.27433229237678897,0.3699208596183372,0.33548791901471836,0.0,0.4502725965256799,0.3673580587705534,0.40220929624011054,0.27455338496487497,0.37420466673176095,0.3368788826787824,0.3587522327351994,0.3882378575618359,0.3523071424828024,0.27586619264807843,0.39849019487025433,0.40003297539996296,0.3707065621454936,0.3718217441947615,0.3041941211760148,0.42358716414876485,0.3889514754169018,0.4498530689833804,0.4485838704346621,0.4060143092940775,0.29456827896903864,0.0,0.0,0.384334386979487,0.4324122041651765,0.0,0.41963730896659107,0.4402457038166809,0.4662798930906002,0.4183687847570919,0.47922023405264436,0.0,0.35567560701686474,0.0,0.44650645988669735,0.42155137622725325,0.41803084032796256,0.26013341054771355,0.0,0.0,0.37120242197107595,0.41581820417662924,0.4073146219746193,0.4195779114417516,0.44806386582661123,0.0,0.2510545161445521,0.4045704014258739,0.4324834940194756,0.42796564368133133,0.40704528667180123,0.43234824586608445,0.44320063187151404
0.34834515486442696,0.0,0.3278329411498755,0.0,0.0,0.28386158366830644,0.0,0.45868531407894475,0.3069031830584519,0.2858976795016838,0.3697619454538406,0.2616901564170763,0.33180464876099286,0.0,0.3696034945382398,0.0,0.30019882830766065,0.3144131628348549,0.293751377784938,0.3350395186892633,0.41745922527257745,0.3639004238033778,0.4502725965256799,0.0,0.34326313241223244,0.31740637407173794,0.30272951823365785,0.3388073830864914,0.0,0.0,0.31821653769711983,0.26711192940809697,0.2359557452479328,0.20781923074136247,0.22612407977286225,0.2581351667372103,0.0,0.2137167218349609,0.0,0.3735066901291964,0.3125626496171518,0.0,0.0,0.0,0.30307956033134675,0.3831161423806382,0.0,0.0,0.0,0.0,0.0,0.0,0.0,0.0,0.4012247691078748,0.0,0.41502722519017965,0.0,0.0,0.0,0.3975250977620197,0.40779379054856935,0.41159219165289385,0.0,0.0,0.0,0.0,0.0,0.3988068265514762,0.4089163508331169,0.4169152593877544,0.0,0.41202615169808343,0.0,0.0,0.38868358044112145
0.34089260080971073,0.3347366352720816,0.2556113469078747,0.0,0.3213447117872925,0.3541353779474385,0.3738108345570431,0.417647423152597,0.29351565339708474,0.2842442947756744,0.30504292798321503,0.3159417726745977,0.38932983402136784,0.0,0.3268400429875149,0.32360271056567846,0.294900762339389,0.2998346702718354,0.26105249519798507,0.35407125301758724,0.3672031567322121,0.34643136336104957,0.3673580587705534,0.34326313241223244,0.0,0.31085354531027537,0.3524760787456933,0.3703187976522302,0.3460831766891597,0.3190566152902396,0.32614123498022946,0.3608789056511143,0.2841932154471623,0.3046281535177846,0.3450016981283312,0.30136500154364243,0.0,0.2784301865901151,0.3972857351590458,0.35563071619041836,0.37507397517106983,0.3867595000212763,0.0,0.0,0.0,0.38606494994566104,0.39685830173563175,0.0,0.0,0.0,0.22550187887301634,0.0,0.0,0.0,0.40324843029274415,0.0,0.41194786322377913,0.25678771949227575,0.0,0.0,0.3813152606286132,0.3965713910749258,0.3906243306010016,0.0,0.3547932887293937,0.386455816683126,0.3661086917473875,0.2866802750710251,0.40373175756436236,0.391854280743499,0.4114481587703123,0.27253967867958945,0.0,0.34283421617265336,0.0,0.3857974873821146
0.33060381049890447,0.3404357516486372,0.2881027862305372,0.0,0.31297430656059316,0.37042344946471323,0.33326279242797807,0.4332608428572682,0.2787359233577524,0.30716637188935514,0.26501071468841264,0.2867980924842406,0.37868718092823106,0.36491431202714664,0.36902926033305167,0.3620480436916069,0.32525483721939374,0.33867447673691514,0.26177199994366607,0.38214045309644057,0.3840804723097434,0.346549146070173,0.40220929624011054,0.31740637407173794,0.31085354531027537,0.0,0.38669035057309775,0.36844268794587626,0.36748381896493704,0.30022464141684296,0.34869742476048304,0.38114393483750564,0.32981554130762886,0.3423895456560804,0.4035140032459321,0.0,0.0,0.2870534442817625,0.41976930059728346,0.394899663014512,0.39973770737116787,0.41483657108840666,0.0,0.0,0.33191446630343335,0.4048954496016686,0.4357655323829297,0.0,0.0,0.0,0.3421350670111822,0.26166984668701937,0.0,0.0,0.4218013464753494,0.0,0.427488532031576,0.30651382036630903,0.0,0.46258106932354176,0.4087820239742808,0.4144760942050902,0.40910195647420017,0.0,0.43662916629327786,0.44854534073934815,0.45520633624755924,0.4057353745329615,0.41948019203637643,0.4094916924393998,0.4323094448047638,0.4237777714059681,0.36840120415974603,0.4189695683155751,0.0,0.40470477878830086
0.3490308127576184,0.36671348305705326,0.25666143507932776,0.3458464691354716,0.34904518079777985,0.3249636915699544,0.3662935806566108,0.3672835861067631,0.2977565923155439,0.3190582682051949,0.32989177991953755,0.27411966707938723,0.3799179967578299,0.3818007750278007,0.31350690743913334,0.3800894487419445,0.0,0.3712847866924132,0.30331596559066565,0.2957889177686968,0.3546850302891905,0.36699454746944343,0.27455338496487497,0.30272951823365785,0.3524760787456933,0.38669035057309775,0.0,0.3649634024533808,0.31897923641240955,0.3484631698692627,0.3692279869922875,0.3551706813058135,0.31103535810239685,0.38993564121894575,0.40502141027773936,0.38430107314953615,0.36561440174100923,0.27481933589697366,0.4097190509955666,0.34606806118184047,0.3516130038973395,0.420329847318676,0.4134758858946555,0.23443926837887205,0.0,0.0,0.32352373109236876,0.4745102718440585,0.0,0.38656607838152984,0.4245783643651336,0.42683053259811654,0.4029239637262637,0.47030330414082916,0.0,0.4386826753254695,0.0,0.40780798791860984,0.42094378824951517,0.41113005966364163,0.2207008870913789,0.0,0.0,0.46350989752330823,0.38964697631186906,0.38018507741756935,0.40087633833543285,0.43262498370752595,0.0,0.23324391205910824,0.39126279418773324,0.41493566221814526,0.38004741047944446,0.33319468839938127,0.3735577365647813,0.41141848762200095
0.4160254100626055,0.37269845691416886,0.40046628829762954,0.23325976067649887,0.38563900063851037,0.3336762074799472,0.3648322302195017,0.38219459272208295,0.3946492625192284,0.3509305815122136,0.4051185495373856,0.35026830269778564,0.31785376408638305,0.2481482644509865,0.3485495553881279,0.3833263152277815,0.34725719457684623,0.37230474778537587,0.392978682980388,0.34959584913916464,0.3845146305690166,0.38357449168394636,0.37420466673176095,0.3388073830864914,0.3703187976522302,0.36844268794587626,0.3649634024533808,0.0,0.2872690314677897,0.27392881047542067,0.3596747798097615,0.34711808720048054,0.3005586265703695,0.3369316579935286,0.30797272171734263,0.2704890821836662,0.2614263581000873,0.3087758264565747,0.3917008030075558,0.0,0.4431331613126883,0.0,0.30802406228351475,0.0,0.0,0.0,0.2292244650669175,0.33649165945732745,0.0,0.28458427816856163,0.4058185865518204,0.2856787029769774,0.38662821042259743,0.2883636641159889,0.33271538382397403,0.0,0.3522702603303762,0.3038031065741665,0.0,0.38207603295894593,0.0,0.0,0.0,0.31973697287533104,0.41001257840607974,0.3917845281743233,0.32004363980752165,0.4338014133821693,0.0,0.26955265014945223,0.31561340254604614,0.4200770969973199,0.34429490352316133,0.3665530907618241,0.0,0.4030556584581978
0.3630424487675493,0.36640466789090137,0.29913581142310236,0.27744597810403876,0.3769196335865805,0.30489672372814464,0.39204414444814256,0.34098650742206066,0.35678393727327157,0.287434256926873,0.0,0.2602026694659118,0.3723746852655741,0.0,0.34711858739416185,0.37551413789376,0.28750357106687285,0.3715901017789361,0.0,0.2966868906634558,0.36453379598234686,0.3542311667092968,0.3368788826787824,0.0,0.3460831766891597,0.36748381896493704,0.31897923641240955,0.2872690314677897,0.0,0.3283997537368992,0.3393639575412658,0.35808432041613486,0.2778721574421286,0.38421180016912637,0.4120504926952387,0.4242998235049587,0.3506236437243517,0.0,0.4088251076043964,0.2998305525432783,0.3814236024461129,0.37075570161013055,0.33453190071360445,0.26055061754744097,0.0,0.0,0.3184682535071333,0.37056370848357073,0.0,0.32372941989993353,0.34781573119166576,0.3011369844277862,0.34012413147306114,0.3005781737471994,0.0,0.0,0.0,0.325920043189364,0.0,0.40473167467081017,0.22974795299833117,0.0,0.24219369006855865,0.0,0.39139948365402355,0.3918446501921909,0.38407911551793045,0.4153749326552287,0.0,0.22214456393686374,0.37445990700944226,0.4074195299044345,0.35589293251429427,0.3853592153030773,0.35095348728900366,0.3893196416052721
0.0,0.38306846991075416,0.38078528087643587,0.0,0.4086969761976858,0.36653714938800486,0.3846156409824351,0.38714078673705604,0.3685755383198589,0.0,0.0,0.0,0.3567448677574625,0.0,0.3285674821819355,0.37355377995766953,0.0,0.0,0.0,0.3377408705401449,0.3909562401415986,0.3563501895289812,0.3587522327351994,0.0,0.3190566152902396,0.30022464141684296,0.3484631698692627,0.27392881047542067,0.3283997537368992,0.0,0.3284151847202119,0.37197720229528747,0.32565059456631157,0.3601061770744733,0.36326958980862933,0.37319558255344704,0.292212864959321,0.0,0.0,0.0,0.0,0.0,0.0,0.0,0.0,0.0,0.0,0.0,0.0,0.0,0.39424807749307433,0.0,0.0,0.0,0.0,0.0,0.0,0.0,0.0,0.0,0.0,0.0,0.0,0.0,0.4030284827375949,0.0,0.0,0.42638169871056625,0.0,0.0,0.0,0.425337402523392,0.0,0.3667951764219601,0.0,0.0
0.33125162095915406,0.33909520737808724,0.42154589793930547,0.3316303787337135,0.39647978832999975,0.3784640980493684,0.3905114611095386,0.4151433872883055,0.4158094658833726,0.30534555434897126,0.4209657973931741,0.32026960131242965,0.3832962683673468,0.0,0.37654340609984255,0.3293057511305482,0.3081458288759085,0.32661838555068806,0.4043403152576847,0.34927768501871276,0.3613684572708762,0.3527425593379606,0.3882378575618359,0.31821653769711983,0.32614123498022946,0.34869742476048304,0.3692279869922875,0.3596747798097615,0.3393639575412658,0.3284151847202119,0.0,0.35638259666043987,0.305458020124642,0.2672508803253102,0.28389640455069337,0.3705621858745768,0.2674474459298897,0.25742337348925376,0.4078878186695983,0.35944666255201896,0.0,0.0,0.0,0.0,0.0,0.0,0.3901229015064409,0.3052359855730344,0.0,0.0,0.43591459423008416,0.0,0.4544519114018171,0.0,0.37166034135052994,0.0,0.36115395916392945,0.3410565805837065,0.0,0.42513970852068406,0.3759238456626514,0.0,0.3820093340686746,0.0,0.4115854927390638,0.38274130879171403,0.4203413091372637,0.44896018500827234,0.0,0.38548905240912584,0.4075642173542616,0.43499885391231935,0.3651137364229377,0.4008000671870087,0.0,0.0
0.3644133153941552,0.3725761776438947,0.3859113834694671,0.27292189379539805,0.3388444041256418,0.35834154573851024,0.3536731229619042,0.30579511059041975,0.38519266900251475,0.3420205807570008,0.3475134394723292,0.24305938306845504,0.3531289311827352,0.2138456958437074,0.39204642701055026,0.380280738194954,0.3554220767081705,0.3737282540894343,0.3539183027078472,0.38390048598602744,0.3789922917472993,0.389662966971237,0.3523071424828024,0.26711192940809697,0.3608789056511143,0.38114393483750564,0.3551706813058135,0.34711808720048054,0.35808432041613486,0.37197720229528747,0.35638259666043987,0.0,0.3188264608684182,0.2931592129968958,0.32262993606726614,0.24132393242256095,0.27950270009669004,0.24279615190294487,0.24127316086370115,0.2736364992563007,0.2796118240000252,0.31196430809742043,0.23843074898608138,0.239155447636027,0.22577030157452704,0.3796959463134034,0.41096758277882917,0.43443209339932737,0.21520573602792342,0.3397486138194344,0.4098306385316634,0.3036944887051889,0.40759689010685335,0.30553483562232614,0.22672141724651662,0.3549949554908976,0.2241305824217993,0.30446308125989985,0.0,0.43573288693282003,0.3655044003362357,0.3124139266478201,0.3613271921874825,0.3939288102448552,0.42191348738323614,0.4069605110124559,0.43791864957972976,0.43300496218712203,0.0,0.38967303261699904,0.41656387460159844,0.4225252278924714,0.3189391966332239,0.4118569008088959,0.0,0.43989740149234274
0.2868747935817113,0.31932168473600386,0.25050076602776683,0.0,0.30131294925003993,0.30163545747467657,0.35063629136751095,0.3613841767069783,0.3615173225702939,0.2767637298814038,0.3235638800652252,0.2793392192588963,0.3451062166634041,0.0,0.3673851553511563,0.32313344766062474,0.29258039232395044,0.30623998622998694,0.2585627185517102,0.35141833946613105,0.3603897707855351,0.3329129303837198,0.27586619264807843,0.2359557452479328,0.2841932154471623,0.32981554130762886,0.31103535810239685,0.3005586265703695,0.2778721574421286,0.32565059456631157,0.305458020124642,0.3188264608684182,0.0,0.21515628089024427,0.34798187698122607,0.3940529555464755,0.3568645566945968,0.1662948451796574,0.3164390506958989,0.29195805033158123,0.2653235749749169,0.3363924552380983,0.0,0.2517349450293685,0.23763052734160978,0.0,0.4021171365534982,0.0,0.0,0.0,0.0,0.0,0.0,0.0,0.32547955103722914,0.0,0.34969957922069544,0.0,0.0,0.4570045836621017,0.3792390191880399,0.3398746619637897,0.3777796817507097,0.0,0.4130168663277645,0.3963352618236208,0.4501324101583102,0.42485647396637,0.31113695766657895,0.36770774653716914,0.39387869400157144,0.0,0.32475096116962326,0.0,0.0,0.33132996538744586
0.31933867797008525,0.328363467010921,0.437033804662626,0.23804206384149623,0.40187530783724623,0.38749676676593214,0.37208096690267595,0.4121552870359109,0.41433763501462845,0.2586766147074345,0.41088937978364076,0.20591061289614343,0.36285879944458455,0.0,0.4047066249466414,0.317229222721167,0.304436684483591,0.32206852323264873,0.3938811811024087,0.39345584531288885,0.36481671119451264,0.3791617971438966,0.39849019487025433,0.20781923074136247,0.3046281535177846,0.3423895456560804,0.38993564121894575,0.3369316579935286,0.38421180016912637,0.3601061770744733,0.2672508803253102,0.2931592129968958,0.21515628089024427,0.0,0.22242909271651773,0.30060090731700545,0.25316476768388946,0.17134259367241114,0.287938523512081,0.25682016662280927,0.2453248173170067,0.2483443613185595,0.0,0.24078441749904197,0.2124082821996688,0.3175800819869291,0.3914475522642681,0.33060113206623615,0.0,0.0,0.4373156107284005,0.3250833274190646,0.4442895882018508,0.0,0.3098713447150661,0.0,0.321799141430833,0.14384017523487616,0.0,0.4385857913569727,0.37031475226060867,0.3592435159532423,0.37438029031264497,0.0,0.43349657122168855,0.3768940050488822,0.4316642563193342,0.45632957222302895,0.23185976630292576,0.3759562726572535,0.4093822978431907,0.4486322232715097,0.25269624807692637,0.4154812662157998,0.0,0.32776465591382953
0.38092879750199005,0.3857987632515293,0.40672460767667695,0.3355954779147689,0.39951094175497126,0.3902232921062068,0.38156150125244964,0.4211230147608109,0.41183005971940845,0.2628488564895797,0.39303057112926254,0.2543164981722245,0.3443814611584702,0.0,0.44453431854966674,0.37608635720739286,0.30906092142792446,0.35419823042253085,0.39502358544396127,0.4301937830782641,0.42558331584258713,0.42432924614329653,0.40003297539996296,0.22612407977286225,0.3450016981283312,0.4035140032459321,0.40502141027773936,0.30797272171734263,0.4120504926952387,0.36326958980862933,0.28389640455069337,0.32262993606726614,0.34798187698122607,0.22242909271651773,0.0,0.3986821821498842,0.3040804126190261,0.18870433447199994,0.2874454052500321,0.27810319304231484,0.2773474537396415,0.33025693635859305,0.2567584914517006,0.2569824100285995,0.22893223800925672,0.0,0.42833190861882414,0.0,0.0,0.0,0.2851302973360651,0.19830088955235106,0.0,0.0,0.2564814131007986,0.0,0.2787624845193487,0.19681930136673692,0.0,0.4686685325733618,0.39099082358439946,0.0,0.4046314265410299,0.0,0.44405869373110474,0.0,0.46502530618759574,0.43248746877951894,0.0,0.39642715948500845,0.4206975986084536,0.40279268207396873,0.21798495199542978,0.0,0.0,0.0
0.0,0.3191874536405969,0.39474873792953014,0.18775573738251436,0.22341353880283477,0.3944673808839831,0.2592533166586841,0.23249798514299258,0.4032442121941574,0.2534422340574625,0.31597149630023863,0.23359502116023867,0.29539529557247196,0.2183831037802253,0.4807253217538782,0.335016650453214,0.0,0.0,0.3727476397313532,0.4526204362330317,0.0,0.46610367381564455,0.3707065621454936,0.2581351667372103,0.30136500154364243,0.0,0.38430107314953615,0.2704890821836662,0.4242998235049587,0.37319558255344704,0.3705621858745768,0.24132393242256095,0.3940529555464755,0.30060090731700545,0.3986821821498842,0.0,0.16781804083860416,0.2743998185122722,0.25907991710855655,0.3145794988133785,0.26185012558008913,0.2892860256718508,0.3235213966145946,0.0,0.24516922190814722,0.0,0.0,0.40497680351280807,0.0,0.0,0.0,0.0,0.29907739738482564,0.40815973149199586,0.2663560885472478,0.2962079770004448,0.25907834343975533,0.0,0.3371630114920105,0.422457873019757,0.0,0.0,0.0,0.359257228444684,0.39763061794745974,0.0,0.45938128166410236,0.366199141992143,0.0,0.0,0.0,0.0,0.31566776472698205,0.2839713447184476,0.0,0.3252567338432749
