0.0,0.37758319777885757,0.0,0.0,0.0,0.3714368856385481,0.29498318028612763,0.47155280477312084,0.0,0.3276575257724736,0.0,0.3356026419747231,0.3494484822648323,0.0,0.36268207802899716,0.36373342860744,0.0,0.3316682230383584,0.0,0.38728990478850145,0.37857651527761876,0.3675189634240194,0.4246419038813622,0.3313955185325651,0.34703384627744677,0.33393093962312315,0.37962336777533234,0.3659657868560387,0.4238006477960201,0.0,0.3400631534386792,0.3920497910409593,0.31472620512427485,0.30958084226289,0.38876805351036176,0.0,0.0,0.3217530809885113,0.4221408148024178,0.39714602736108306,0.39887570792181576,0.43493409242247927,0.2703373334874309,0.0,0.0,0.3497107768396385,0.41026777556361604,0.0,0.0,0.0,0.3823534214142025,0.0,0.0,0.0,0.36738367940975125,0.0,0.0,0.3476853844290958,0.0,0.0,0.43612908452471505,0.0,0.4042637419139946,0.0,0.0,0.3417121184861306,0.41704371013933206,0.0,0.0,0.40217188009718624,0.43290544039957757,0.0,0.29893009011163163,0.0,0.0,0.37261030774680953
0.37758319777885757,0.0,0.3346040952144227,0.0,0.37827580344269396,0.3916622001912556,0.41712855702165463,0.44672545707058914,0.37331984946593866,0.28726747895312066,0.0,0.2759768551931602,0.43470733636481335,0.0,0.40123777247479775,0.38317334591193813,0.35399085253888,0.3733685564122804,0.0,0.42041190248654353,0.3867581720702584,0.39245740109614363,0.4012609618821101,0.31529617330504506,0.3452405473653564,0.38112419915857776,0.40697696812946277,0.44699728546421635,0.42100844992962116,0.0,0.3505089902426761,0.40132660785976754,0.33587309516233477,0.349013670421883,0.3875031704180691,0.3493013876904265,0.0,0.0,0.43381849421258517,0.4367790674151193,0.4316029314969494,0.44951005847405234,0.0,0.0,0.0,0.42174543858578056,0.4415299031025028,0.0,0.0,0.0,0.3883296196719921,0.32375599043644243,0.0,0.0,0.35199235969479364,0.0,0.0,0.29833982631851413,0.0,0.48242486904248594,0.44276136575510017,0.0,0.42825601070787744,0.0,0.44829478940251094,0.4546890869663301,0.4486557262309633,0.43202815970212366,0.0,0.41671563339281137,0.46464827895913996,0.43011465554626965,0.30873375296933325,0.43820811847133984,0.0,0.424574912659938
0.0,0.3346040952144227,0.0,0.3434829374474576,0.35580070907641137,0.33008738741305627,0.4145898890628047,0.43104499929736234,0.2636857460574632,0.38440495605102315,0.29985637755009664,0.33186728111123615,0.4332078128633387,0.3869125237455614,0.0,0.0,0.0,0.3717804256376587,0.22235978366447007,0.352994312861101,0.0,0.3698849063217244,0.268999809612792,0.3582822359971291,0.2886383642147965,0.30980178748730164,0.27829739257719555,0.4303059846524033,0.4034601653250816,0.39632529043664494,0.44196653405323666,0.39001341477107454,0.3253566125584486,0.42512145245481836,0.42422260170047876,0.3802244281761427,0.3929850646388485,0.3173221521586535,0.4822906563535575,0.0,0.42752282873459585,0.0,0.48506562440260326,0.0,0.0,0.0,0.0,0.45444022500643644,0.0,0.48003910458407373,0.5039510434402702,0.4961835203542455,0.4910989333342331,0.5335541029615374,0.0,0.45950131638063024,0.34570418344006537,0.4729344966051838,0.0,0.0,0.0,0.0,0.0,0.39932897917793253,0.0,0.0,0.0,0.5326865499055787,0.0,0.0,0.0,0.5163168287122939,0.420398707674962,0.3729973752113872,0.0,0.4333277071472384
0.0,0.0,0.3434829374474576,0.0,0.27285563005967994,0.3659333762474665,0.2905641481579785,0.3272117976487343,0.3687521761289588,0.2337073470252821,0.33104630159553533,0.403118710270448,0.3193817400614457,0.26364172615808695,0.36699333292250735,0.0,0.43087065775703687,0.0,0.34697840577335126,0.4453556821791971,0.0,0.0,0.36332037508354614,0.0,0.0,0.0,0.3716555223959093,0.23938387168853686,0.317327306612301,0.0,0.3524487249974389,0.2846402114553155,0.31411370493447804,0.3126606664542113,0.3607954401773503,0.1991892852051431,0.16741158917827229,0.0,0.3592365276695489,0.0,0.0,0.0,0.0,0.0,0.0,0.0,0.0,0.0,0.0,0.0,0.0,0.0,0.0,0.0,0.0,0.0,0.0,0.0,0.0,0.0,0.0,0.0,0.0,0.0,0.0,0.0,0.0,0.3069045214625893,0.0,0.0,0.0,0.0,0.0,0.0,0.0,0.0
0.0,0.37827580344269396,0.35580070907641137,0.27285563005967994,0.0,0.3474792579752958,0.30873833311344195,0.37348611337941,0.32473337269811886,0.3896546013879289,0.31954414615748084,0.3864742564501536,0.34814676614988666,0.27774030955061035,0.0,0.4208173365101249,0.3825861398472489,0.38124141227041675,0.35337872448956015,0.4017524649149076,0.0,0.41243853483435394,0.3607808082474967,0.37509934881505225,0.3536669454702538,0.36044837922873274,0.3556921621601051,0.358075061069883,0.4048765951457897,0.4203534053783642,0.4300848182318709,0.36015168665872566,0.3424847810592494,0.4008249585179246,0.3993566841496766,0.22291371651694508,0.30335882993286395,0.0,0.35661620761632534,0.0,0.0,0.0,0.4724704032704524,0.0,0.0,0.0,0.0,0.47617581730228814,0.0,0.4005120703992789,0.0,0.3925562396168505,0.0,0.44194930635873136,0.0,0.3326195400247087,0.43943410901246927,0.3551726421564124,0.0,0.0,0.0,0.0,0.0,0.0,0.0,0.0,0.33522129277132434,0.48816506981845176,0.0,0.0,0.332527226719067,0.45720173433466116,0.0,0.0,0.0,0.3521808107637228
0.3714368856385481,0.3916622001912556,0.33008738741305627,0.3659333762474665,0.3474792579752958,0.0,0.3836568158469063,0.38006266490325497,0.2995179152730072,0.4066948419598621,0.36124769504915805,0.3447058350083769,0.3750257874949196,0.38640261487735456,0.3759826739732457,0.4303405547217551,0.3234204521113583,0.42112840544100005,0.3471432718036583,0.37885893725198827,0.4003701594687859,0.39670841739651264,0.35532439404030386,0.3295544640225494,0.37411859552961485,0.3948089765143957,0.34298857571629504,0.36227780249295943,0.3115587020109932,0.38396093217967553,0.409995788661268,0.384528729602089,0.34545158072416854,0.39863165550883484,0.40655968437026296,0.3697060032106503,0.3971614099928426,0.32727565269831876,0.4339686370116973,0.0,0.4691074983856173,0.45969306202130844,0.41595681927408296,0.23720434217520212,0.0,0.0,0.3250059484485862,0.5016392190090946,0.0,0.4380437063913696,0.4805086539424106,0.4952213603455318,0.4628254192710997,0.507422779860199,0.24232762672047284,0.46521916438909344,0.3329510243362465,0.48935375324234054,0.0,0.42820792487695475,0.29217672254097615,0.0,0.0,0.5024430741521245,0.4404854200605997,0.0,0.4094450706663599,0.49457756810884884,0.0,0.0,0.4247264664843431,0.4849290563711707,0.4998931869698997,0.4732174103575749,0.45923788070226035,0.49948430753699674
0.29498318028612763,0.41712855702165463,0.4145898890628047,0.2905641481579785,0.30873833311344195,0.3836568158469063,0.0,0.4108306464863228,0.33749481009827703,0.32272785946587657,0.4054846109848255,0.34266607112441283,0.28257656747527293,0.30373836632556006,0.0,0.4432373918841418,0.38429488729080385,0.4045863325916445,0.41912310319086304,0.41315631359046384,0.0,0.43796248423667133,0.3844905231823756,0.38237495874297395,0.3892722090149375,0.3882484431342414,0.3882046607726261,0.34365772828908997,0.4116862916999176,0.0,0.40296072471087885,0.37293520085321563,0.3688500069494926,0.38051006061870585,0.403666017523939,0.27686339448231445,0.2973922917316155,0.3292832140128721,0.3732681195491087,0.0,0.3743075206856421,0.0,0.3811539209244991,0.0,0.0,0.0,0.3190273911862636,0.45367188826205307,0.0,0.0,0.4279839468050541,0.0,0.0,0.0,0.0,0.30359386410885475,0.0,0.0,0.0,0.34900319668321605,0.31300701042685747,0.0,0.0,0.0,0.0,0.0,0.334818614526466,0.49573410246383304,0.0,0.3108612623492847,0.3147728659085466,0.4669793489514202,0.3588893275183431,0.35360012681595837,0.0,0.3583459621738079
0.47155280477312084,0.44672545707058914,0.43104499929736234,0.3272117976487343,0.37348611337941,0.38006266490325497,0.4108306464863228,0.0,0.45271396021402,0.37194551549539456,0.35711129313227785,0.39199210089425535,0.4155555250526685,0.33851359815111276,0.41506356796837107,0.4198218561654853,0.0,0.4158100481598494,0.42856596933990454,0.38817200358341003,0.3736280375267053,0.41727451660511344,0.3394057339640207,0.4646220704380628,0.4356466024801452,0.4381113417919598,0.3953397064902602,0.4071739710920075,0.38377897893641066,0.393717376291742,0.4277936144026841,0.3753065592811935,0.34635001058629883,0.4261440601858244,0.4372411780920923,0.3110999337665671,0.3817728849084168,0.30228927143109785,0.4454392891429575,0.0,0.4926702308617084,0.4716890145978773,0.4425621992072565,0.0,0.0,0.0,0.0,0.5204237092402797,0.0,0.4912293272558319,0.4486641506307759,0.4821755865726255,0.4232772247217423,0.5161426866444447,0.0,0.47101298277863557,0.0,0.47917501136827745,0.0,0.489145801045211,0.0,0.0,0.0,0.5212321798203186,0.0,0.4394578082795401,0.0,0.4833279148050719,0.0,0.0,0.40504439450124324,0.47695168635835955,0.4623007778709523,0.4511874485521248,0.43254992764676836,0.4678255622428452
0.0,0.37331984946593866,0.2636857460574632,0.3687521761289588,0.32473337269811886,0.2995179152730072,0.33749481009827703,0.45271396021402,0.0,0.42133012783008866,0.3086190913818361,0.3684128833348206,0.3850400218853373,0.3585742380215011,0.0,0.3805742684855152,0.340229586857308,0.3332688006513212,0.2507909572276738,0.3874722069719261,0.0,0.3783940091032874,0.3619760175558676,0.3606259996320578,0.3595740760708448,0.35441450198909846,0.32072925818467296,0.4324318147119362,0.3862640760794706,0.4006550212261541,0.45254529564247653,0.41294564699841446,0.36384628356263565,0.43269601155883836,0.3882584685689937,0.3773347660459138,0.4169177691551058,0.35611435799563024,0.48790857516881575,0.0,0.3317979859267573,0.0,0.4833136389276231,0.2845531138844107,0.35891604006150307,0.0,0.0,0.5282409169314204,0.0,0.4649877976362444,0.49895815204722394,0.47977000574297446,0.5053936756986646,0.49819753998792743,0.33318505073306565,0.49445540737779137,0.37063609274169873,0.438213735515612,0.5126399189812143,0.33197345551519475,0.0,0.0,0.0,0.5263066770189729,0.0,0.0,0.322139477360782,0.5284852656328191,0.0,0.0,0.32359289930252333,0.5168505297423903,0.42920383069072177,0.0,0.0,0.38852803156606586
0.3276575257724736,0.28726747895312066,0.38440495605102315,0.2337073470252821,0.3896546013879289,0.4066948419598621,0.32272785946587657,0.37194551549539456,0.42133012783008866,0.0,0.41712238988942335,0.2918484836152208,0.38881374005711733,0.26367759462289586,0.3404908516174064,0.3529210314777006,0.32623209137855846,0.3441953187165345,0.40846543438145366,0.3248550543664296,0.0,0.3430979143402066,0.38332168590140087,0.29255534099411085,0.31383427291411353,0.3468250199326557,0.3714075242705125,0.36504821001834453,0.35305251543753846,0.3108513564299249,0.3296550281749237,0.3357719336161551,0.2986685183028461,0.29546487585917697,0.3054033957064077,0.26743066809817856,0.2480027363787092,0.2534290410797534,0.2198870739900679,0.31856597266083553,0.2943237249505799,0.0,0.0,0.24289691856321674,0.29773718334252347,0.36347856317134647,0.0,0.0,0.0,0.0,0.0,0.0,0.0,0.0,0.3934114310916722,0.32838932278172966,0.4060663471295272,0.3573090218557278,0.0,0.0,0.3393932733651152,0.4234784268434149,0.39563205530893775,0.0,0.0,0.0,0.0,0.3509752945290243,0.40416379139163555,0.39206228762825385,0.40217564773441755,0.34156030357513556,0.36559600809735004,0.0,0.0,0.3584325325168467
0.0,0.0,0.29985637755009664,0.33104630159553533,0.31954414615748084,0.36124769504915805,0.4054846109848255,0.35711129313227785,0.3086190913818361,0.41712238988942335,0.0,0.3817884046175467,0.43382898447908286,0.2916850450638388,0.0,0.0,0.3638770930089594,0.3503643722938189,0.24793508918028864,0.0,0.0,0.0,0.27029774220956315,0.39174134849796816,0.3605784693805998,0.3279966428446561,0.3232214833645637,0.42547338611541957,0.358667097678748,0.3437069915146257,0.4542104045821512,0.3619989321818472,0.3209844414906802,0.43086222464852925,0.42447074995671485,0.284929918799557,0.4073362613913536,0.3575863489949674,0.4235688558342448,0.33086127851949937,0.3446517355427485,0.0,0.4409327578875718,0.0,0.0,0.0,0.0,0.3699773699700599,0.0,0.3774981508257045,0.4787180963593528,0.4407370294697871,0.4797036436629023,0.46720923037955653,0.35127958748203886,0.2316345371239233,0.3186252445225765,0.3941601052602007,0.4550881578400613,0.0,0.0,0.0,0.0,0.22602080548983297,0.0,0.0,0.0,0.5243795863364296,0.0,0.0,0.0,0.4915657171503462,0.35947824031048875,0.0,0.0,0.37554273679327077
0.3356026419747231,0.2759768551931602,0.33186728111123615,0.403118710270448,0.3864742564501536,0.3447058350083769,0.34266607112441283,0.39199210089425535,0.3684128833348206,0.2918484836152208,0.3817884046175467,0.0,0.3609431309148563,0.0,0.0,0.28211654776584316,0.3595245919302848,0.3290897676993902,0.3440304885564466,0.2969751156966448,0.3793329536317144,0.27867025141492036,0.3364567044268454,0.2689590987148941,0.33187277834198187,0.33875735150140124,0.3191348162440263,0.3561346078552212,0.30107679560375894,0.0,0.3282196080178963,0.25550170370167186,0.21501634551846247,0.2225545461972592,0.2737526534874367,0.29472191672126236,0.2498337682430041,0.1943985142781902,0.24530137568650728,0.308198486229465,0.2624206852838764,0.0,0.27078308578936844,0.22308151297950748,0.2642509658340666,0.3333255629079914,0.0,0.0,0.0,0.0,0.0,0.0,0.0,0.0,0.4011871735620369,0.0,0.4025349548571077,0.35279156728297073,0.0,0.0,0.0,0.44852074275666515,0.4416165337522535,0.0,0.0,0.0,0.0,0.0,0.4054718644698628,0.42403547250310103,0.42191400522847416,0.0,0.35434766191988254,0.0,0.0,0.3506477950606587
0.3494484822648323,0.43470733636481335,0.4332078128633387,0.3193817400614457,0.34814676614988666,0.3750257874949196,0.28257656747527293,0.4155555250526685,0.3850400218853373,0.38881374005711733,0.43382898447908286,0.3609431309148563,0.0,0.33750495223232324,0.0,0.4513946318110437,0.40112747376116936,0.42283404439780764,0.4400238935806722,0.41462870562852433,0.4259951949899779,0.4476417083019329,0.40065902172671014,0.3550190109414451,0.4121434914528096,0.4099404978639585,0.4033800160187535,0.319993301476342,0.3748542354641297,0.3727278517267269,0.4017743388146662,0.3799335960212395,0.3817321828300513,0.3937159570915544,0.4044269278230766,0.32944614587496535,0.3266208748622933,0.2802396732978826,0.39886600679211925,0.0,0.41058496401184774,0.396060641428384,0.386505146567787,0.0,0.0,0.0,0.2953751002249811,0.4655357361355528,0.0,0.0,0.4466298246363128,0.3973129278048857,0.45508842514197556,0.39645083833894024,0.3677204190781513,0.3592893441036754,0.0,0.378642228460398,0.0,0.3669442669262388,0.29924419519617856,0.0,0.3127299805176892,0.3923937413858968,0.0,0.0,0.31900313107843725,0.4943805502547045,0.0,0.31743667234873835,0.3428044991301615,0.47101863000892236,0.41899163972133113,0.43947995179069127,0.0,0.37336572618832714
0.0,0.0,0.3869125237455614,0.26364172615808695,0.27774030955061035,0.38640261487735456,0.30373836632556006,0.33851359815111276,0.3585742380215011,0.26367759462289586,0.2916850450638388,0.0,0.33750495223232324,0.0,0.0,0.0,0.0,0.0,0.36814179034639255,0.0,0.0,0.0,0.3616043099791038,0.36166568786241154,0.0,0.3968706327707015,0.3840503089023124,0.25402966462800414,0.0,0.0,0.4500560513795184,0.3024435335568838,0.0,0.0,0.0,0.20658098841301367,0.20097012881229745,0.2691447684029731,0.4657252584080545,0.0,0.0,0.0,0.4092137160328615,0.0,0.0,0.0,0.0,0.4737682819541762,0.0,0.0,0.3687032333687274,0.43319313649006724,0.45689073555105225,0.47699171306384414,0.0,0.44281477752925946,0.0,0.0,0.39030643144323574,0.0,0.0,0.0,0.0,0.46223873378967,0.0,0.0,0.0,0.4845216232600445,0.0,0.0,0.0,0.45362748498710986,0.3305996183514347,0.0,0.0,0.0
0.36268207802899716,0.40123777247479775,0.0,0.36699333292250735,0.0,0.3759826739732457,0.0,0.41506356796837107,0.0,0.3404908516174064,0.0,0.0,0.0,0.0,0.0,0.4072438268848089,0.3393003633002023,0.3720789548131118,0.0,0.2697930704098469,0.3615191352880316,0.30892126454123975,0.3169822646366395,0.3449551580670417,0.36005159928055314,0.3152168172250616,0.3219604271171523,0.0,0.38137539757774136,0.0,0.37741270966706236,0.40364030695720965,0.3600962960023885,0.3918464197517261,0.4446047116875958,0.5035504811599757,0.42081569845115363,0.3010927820023199,0.4436772123657069,0.420345895149789,0.4389637927337484,0.47469349146515094,0.4711058171314975,0.0,0.0,0.0,0.45755503764261296,0.0,0.0,0.0,0.0,0.0,0.0,0.0,0.0,0.0,0.0,0.0,0.0,0.4224148398471418,0.4332722843809948,0.0,0.32720265109084706,0.0,0.3490010812824611,0.43661849019130766,0.4584212398270345,0.46296202334832576,0.0,0.35863589777280575,0.5038515861257511,0.42588090979507576,0.44202443463627633,0.45998755980664674,0.4318030555140174,0.4119192662368639
0.36373342860744,0.38317334591193813,0.0,0.0,0.4208173365101249,0.4303405547217551,0.4432373918841418,0.4198218561654853,0.3805742684855152,0.3529210314777006,0.0,0.28211654776584316,0.4513946318110437,0.0,0.4072438268848089,0.0,0.377353545165601,0.3296327220440822,0.0,0.38127441520679467,0.3907981394397211,0.3646385429579489,0.41427124841955154,0.34124263357794943,0.3620741177695636,0.3817051171580966,0.41272117844976425,0.4312027909973087,0.40572763850762017,0.3852723404855272,0.35416489929220124,0.4238903815184644,0.3422600949836604,0.3621047897436899,0.41852774115482083,0.0,0.0,0.0,0.42903834848556216,0.41798973118781224,0.4198537659760139,0.4320318926900611,0.0,0.0,0.0,0.41139989139038713,0.42049736580091673,0.0,0.0,0.0,0.31391834337513247,0.0,0.3941554931966924,0.0,0.30141524619842003,0.0,0.31607347215554465,0.32793703210518443,0.0,0.4538105101550696,0.4284143904786953,0.27452080467708256,0.40118516551102357,0.0,0.4396184191419754,0.4470809237111017,0.4358108535134875,0.3804234465126254,0.0,0.408557405826965,0.4343605243252847,0.4133942106135444,0.3384581271797726,0.4097272064303385,0.0,0.415238316861831
0.0,0.35399085253888,0.0,0.43087065775703687,0.3825861398472489,0.3234204521113583,0.38429488729080385,0.0,0.340229586857308,0.32623209137855846,0.3638770930089594,0.3595245919302848,0.40112747376116936,0.0,0.3393003633002023,0.377353545165601,0.0,0.34040691526226646,0.3536717613593689,0.3578598459603083,0.0,0.37676649545182866,0.3252941862861204,0.3480003732163518,0.30367588030424214,0.346411475577268,0.3277459210214462,0.39960363946453514,0.3503595207901782,0.0,0.34927836900968295,0.42450901781823425,0.330540690883933,0.35045702680907853,0.3916389566618221,0.43820963690483605,0.0,0.2982186037589106,0.0,0.36623963926165237,0.3709763262531857,0.0,0.0,0.0,0.2253070997245733,0.3990840097421226,0.0,0.0,0.0,0.0,0.0,0.0,0.0,0.0,0.41346014348650334,0.0,0.41223863588141063,0.0,0.0,0.0,0.3684601812809319,0.40167951702727656,0.39368877720071505,0.0,0.0,0.0,0.0,0.0,0.40631147797279965,0.4068535078553075,0.4144388510661993,0.0,0.0,0.0,0.0,0.35411642147971867
0.3316682230383584,0.3733685564122804,0.3717804256376587,0.0,0.38124141227041675,0.42112840544100005,0.4045863325916445,0.4158100481598494,0.3332688006513212,0.3441953187165345,0.3503643722938189,0.3290897676993902,0.42283404439780764,0.0,0.3720789548131118,0.3296327220440822,0.34040691526226646,0.0,0.0,0.3918039701050826,0.3932863203316251,0.38700106132934053,0.40867460994079136,0.3083360539217884,0.3099029433441334,0.34001702635475456,0.40713705416869234,0.4109646996978777,0.42358752597350857,0.37556017391564445,0.3522946013482487,0.4057406593504061,0.32208519866177854,0.35151468228449684,0.38918902320484694,0.0,0.0,0.2375539778175789,0.4169098532287741,0.3864138211320196,0.3911604681818264,0.4149419866198762,0.0,0.0,0.0,0.37843135939246997,0.4031318463819105,0.0,0.0,0.0,0.0,0.0,0.0,0.0,0.39603033419869477,0.0,0.39545973026099784,0.2963837185891805,0.0,0.3747455545662501,0.4036079683767865,0.400648626966507,0.38618732533762684,0.0,0.0,0.3561400414692427,0.41059800074814645,0.35598252137204034,0.36902282697357147,0.3902401734676879,0.40147870703035793,0.0,0.3006073117042339,0.3350699671467531,0.0,0.39125807764219006
0.0,0.0,0.22235978366447007,0.34697840577335126,0.35337872448956015,0.3471432718036583,0.41912310319086304,0.42856596933990454,0.2507909572276738,0.40846543438145366,0.24793508918028864,0.3440304885564466,0.4400238935806722,0.36814179034639255,0.0,0.0,0.3536717613593689,0.0,0.0,0.0,0.0,0.0,0.23319456002740316,0.3314260614655304,0.3096792237877611,0.33701444828083427,0.3171394903169363,0.4380563700824637,0.34601010293479717,0.37471169381558855,0.45495556504948,0.3912149730974481,0.3486646130577132,0.4380969981965487,0.4390773925759532,0.36962963698389517,0.4048890483880516,0.34764943779054197,0.49573495396237366,0.0,0.32164692470418327,0.0,0.4853506310434063,0.0,0.0,0.0,0.0,0.5145124431127154,0.0,0.40321329565577874,0.4925192212317959,0.46945184131379153,0.5260535476009576,0.5379987864001926,0.29829606694624566,0.2719240513502759,0.3152990791236618,0.39164496838825863,0.473891551765434,0.0,0.0,0.0,0.0,0.33801231460959463,0.0,0.0,0.0,0.5467293003944406,0.0,0.0,0.0,0.5213417075576211,0.3525018537774983,0.0,0.0,0.39271197232673305
0.38728990478850145,0.42041190248654353,0.352994312861101,0.4453556821791971,0.4017524649149076,0.37885893725198827,0.41315631359046384,0.38817200358341003,0.3874722069719261,0.3248550543664296,0.0,0.2969751156966448,0.41462870562852433,0.0,0.2697930704098469,0.38127441520679467,0.3578598459603083,0.3918039701050826,0.0,0.0,0.38001024078179163,0.3320518219035168,0.21582195678658153,0.3042601827019354,0.38707503207685107,0.39419541250876294,0.3176734835031772,0.3776607465491979,0.3007911385294423,0.35468296039564123,0.3623226508186905,0.41658185742385434,0.3637214707374139,0.3977556042773934,0.45026264578353914,0.48676311128475297,0.4273906445119642,0.3355619833013648,0.44289855449269705,0.41295697341732374,0.42969928596901386,0.46432636320283105,0.4175273964417838,0.0,0.5983365453651174,0.0,0.4238868034387903,0.3482198900956157,0.0,0.0,0.44993494500939313,0.3527049192943972,0.4603088156505446,0.0,0.0,0.0,0.3770581804621088,0.4092731904913553,0.0,0.4422846769716986,0.36141069866103126,0.0,0.2977102392745106,0.0,0.45348141330315517,0.42421535676986943,0.45663517771874806,0.465759860931494,0.0,0.3002477010048658,0.4460972656480201,0.47298105897735954,0.46972181553050957,0.45843241193051254,0.40160484449480105,0.44479774634336683
0.37857651527761876,0.3867581720702584,0.0,0.0,0.0,0.4003701594687859,0.0,0.3736280375267053,0.0,0.0,0.0,0.3793329536317144,0.4259951949899779,0.0,0.3615191352880316,0.3907981394397211,0.0,0.3932863203316251,0.0,0.38001024078179163,0.0,0.4009806976422404,0.3466096004990808,0.4262831410523585,0.383473027344515,0.36860108331989117,0.38222354233384753,0.4057901019680676,0.3987088500934375,0.39603537103922953,0.3732289000724454,0.3859954377170029,0.35076777238139617,0.3708689979311454,0.41942287069771617,0.0,0.0,0.3647294064996167,0.4247900709502299,0.3961226062359421,0.4026229084385192,0.4515027201046194,0.0,0.0,0.0,0.33191775046704514,0.4262622703118402,0.0,0.0,0.0,0.0,0.0,0.4136598237494308,0.0,0.0,0.0,0.0,0.43243438426203695,0.0,0.4470470293349172,0.41123473039395453,0.0,0.0,0.0,0.43575773784747285,0.3319249733036325,0.44546512172222325,0.4326944040580725,0.0,0.36182354935964756,0.47933473234897234,0.45833352061280186,0.43805666111292946,0.4409997856520024,0.4288460168510955,0.3935234354307808
0.3675189634240194,0.39245740109614363,0.3698849063217244,0.0,0.41243853483435394,0.39670841739651264,0.43796248423667133,0.41727451660511344,0.3783940091032874,0.3430979143402066,0.0,0.27867025141492036,0.4476417083019329,0.0,0.30892126454123975,0.3646385429579489,0.37676649545182866,0.38700106132934053,0.0,0.3320518219035168,0.4009806976422404,0.0,0.4013534081721707,0.28242124031793603,0.3766545418055983,0.37585758276753617,0.39637241133896667,0.43966377547779345,0.3853982203712906,0.39209516196696237,0.3658770847962424,0.4163192918939334,0.3617330647283988,0.38892007735771733,0.44941575629688596,0.5056098654645801,0.4653215668966188,0.0,0.4479058753090101,0.4565176016646795,0.45272480193062425,0.4753051477229979,0.423617233739941,0.30900026762084404,0.29198750064838574,0.39155523285947996,0.4431870334697733,0.0,0.0,0.0,0.4116014483706277,0.3224510485793493,0.47368397477808294,0.0,0.0,0.0,0.3162165554724805,0.3144414220134552,0.0,0.48509248577023023,0.4352118634030575,0.3021320244485508,0.36389064604134214,0.0,0.45213998538879324,0.4595736854116797,0.47502288224805783,0.4661988271667988,0.0,0.39939680140855705,0.4870816500873567,0.4742168087942088,0.3950606549533271,0.4490562563021658,0.4466468365978758,0.4359532796458009
0.4246419038813622,0.4012609618821101,0.268999809612792,0.36332037508354614,0.3607808082474967,0.35532439404030386,0.3844905231823756,0.3394057339640207,0.3619760175558676,0.38332168590140087,0.27029774220956315,0.3364567044268454,0.40065902172671014,0.3616043099791038,0.3169822646366395,0.41427124841955154,0.3252941862861204,0.40867460994079136,0.23319456002740316,0.21582195678658153,0.3466096004990808,0.4013534081721707,0.0,0.3985730332038087,0.39060798846631256,0.40501800883919264,0.27778477294331644,0.3993269752749947,0.3730948689336635,0.390991483871031,0.4137938406379322,0.3828125878184519,0.3315819430692156,0.4112244836401612,0.4170803494023521,0.37174552010882883,0.39092232760379764,0.3330486379724537,0.4782794755953393,0.4778756565265031,0.504274453980043,0.5069926464263653,0.46027606813836824,0.3482874111368076,0.37406075900964686,0.0,0.4218325242245264,0.5202881033612846,0.0,0.5074824087525697,0.49465816258809264,0.5220838700280422,0.47664658774009355,0.5284705201952556,0.39331715356214547,0.5075549618199224,0.3304091561479814,0.507411409301921,0.0,0.4582951078564287,0.35302603970935253,0.0,0.0,0.5414611389447036,0.46755598163684503,0.43664370982826695,0.45561501481215677,0.48943396387300525,0.0,0.3025302109311959,0.4568808405132578,0.4964218028918906,0.49692732759757763,0.48267285100201907,0.4943753610310547,0.5011962187981995
0.3313955185325651,0.31529617330504506,0.3582822359971291,0.0,0.37509934881505225,0.3295544640225494,0.38237495874297395,0.4646220704380628,0.3606259996320578,0.29255534099411085,0.39174134849796816,0.2689590987148941,0.3550190109414451,0.36166568786241154,0.3449551580670417,0.34124263357794943,0.3480003732163518,0.3083360539217884,0.3314260614655304,0.3042601827019354,0.4262831410523585,0.28242124031793603,0.3985730332038087,0.0,0.2981098132529514,0.33305129609136075,0.3056871648434867,0.34853743662118214,0.35256787720047356,0.3993988846874874,0.33027855296331826,0.3179215309160813,0.24352061101330774,0.2594963560713154,0.3305531387011793,0.3106775751708674,0.0,0.2153666059127323,0.42901512174454515,0.3847833334022631,0.3818884305543135,0.0,0.0,0.0,0.27448452066823203,0.3618976412878793,0.43082592950883686,0.0,0.0,0.0,0.0,0.0,0.0,0.0,0.37631354366574643,0.0,0.36129689360166556,0.0,0.0,0.0,0.4144379713184849,0.4359687637764647,0.40558926467165235,0.0,0.0,0.0,0.0,0.0,0.3683575691506287,0.3965870516200059,0.41371954388148546,0.0,0.0,0.0,0.0,0.4127863076669545
0.34703384627744677,0.3452405473653564,0.2886383642147965,0.0,0.3536669454702538,0.37411859552961485,0.3892722090149375,0.4356466024801452,0.3595740760708448,0.31383427291411353,0.3605784693805998,0.33187277834198187,0.4121434914528096,0.0,0.36005159928055314,0.3620741177695636,0.30367588030424214,0.3099029433441334,0.3096792237877611,0.38707503207685107,0.383473027344515,0.3766545418055983,0.39060798846631256,0.2981098132529514,0.0,0.34276450448847273,0.3807271287628178,0.40062073245759006,0.40544006563120294,0.31253193711012167,0.34563680578572176,0.39096448285326746,0.3008022479383481,0.3289098014921737,0.37957506159697546,0.2815001418755975,0.0,0.28024840073839435,0.42430472465694996,0.3894418440394675,0.40069550871239507,0.4300753025934296,0.0,0.0,0.0,0.395819862970138,0.42107277587773656,0.0,0.0,0.0,0.30601408779877354,0.0,0.0,0.0,0.4147420464722856,0.0,0.41976228880095334,0.33720236879646837,0.0,0.4340458912825167,0.42545399024895997,0.4156072079935603,0.3916763558475528,0.0,0.39512061702909235,0.38189986495686373,0.4234168569595978,0.31964634509747086,0.3856616259886414,0.39958483450360727,0.41390221527319176,0.3288692124246311,0.35682288891824177,0.40416220604664244,0.0,0.40076237600594855
0.33393093962312315,0.38112419915857776,0.30980178748730164,0.0,0.36044837922873274,0.3948089765143957,0.3882484431342414,0.4381113417919598,0.35441450198909846,0.3468250199326557,0.3279966428446561,0.33875735150140124,0.4099404978639585,0.3968706327707015,0.3152168172250616,0.3817051171580966,0.346411475577268,0.34001702635475456,0.33701444828083427,0.39419541250876294,0.36860108331989117,0.37585758276753617,0.40501800883919264,0.33305129609136075,0.34276450448847273,0.0,0.40077054971853876,0.3937829383273155,0.3939639805486189,0.0,0.36012618720204426,0.39934480103496717,0.3302202589016263,0.35142451115786744,0.4000105195318946,0.40848007064334446,0.0,0.30776253785256386,0.4428618351543864,0.411886366071241,0.43938978593528644,0.46440723873864165,0.0,0.0,0.33375864515459064,0.4073968718688947,0.4561853473828875,0.0,0.0,0.0,0.3914363646828044,0.32332905575153276,0.0,0.0,0.4262373349763221,0.0,0.43113917245368816,0.3370174855905588,0.0,0.5035075401925968,0.4489928231644144,0.4353682316935457,0.4076184484834255,0.0,0.46276323723018914,0.46911795817492136,0.47550210392031167,0.4658361249871691,0.4218956771289246,0.4116496798654541,0.4520230860615828,0.4633883245895684,0.37651156507412487,0.42233529796745545,0.0,0.4266215864838609
0.37962336777533234,0.40697696812946277,0.27829739257719555,0.3716555223959093,0.3556921621601051,0.34298857571629504,0.3882046607726261,0.3953397064902602,0.32072925818467296,0.3714075242705125,0.3232214833645637,0.3191348162440263,0.4033800160187535,0.3840503089023124,0.3219604271171523,0.41272117844976425,0.3277459210214462,0.40713705416869234,0.3171394903169363,0.3176734835031772,0.38222354233384753,0.39637241133896667,0.27778477294331644,0.3056871648434867,0.3807271287628178,0.40077054971853876,0.0,0.39740082711641045,0.3518493017564323,0.37636145272603766,0.39036444007347115,0.39427606299467155,0.3532369088533121,0.40584089120933503,0.424010374210014,0.4211868183049598,0.4006038934892361,0.324636272841374,0.4455866846705104,0.4149170578554721,0.4713057912019921,0.5024480618811461,0.4555154009294484,0.0,0.37299287010763527,0.0,0.39293665342702566,0.5098181668592746,0.0,0.46882592365709463,0.48458448651407043,0.49740333296489025,0.47333914093096535,0.5136629201033752,0.3446471438796334,0.49292085606595154,0.0,0.4933847582666914,0.0,0.46546758885848877,0.32375647690396625,0.0,0.339157513074917,0.49845367206896385,0.4668722577485314,0.4315056668113039,0.45863496118237856,0.4980908764093208,0.0,0.30114662774734485,0.47983004495797893,0.48798964489569285,0.49902779232655464,0.482628985163963,0.4791268548891024,0.49746715952588566
0.3659657868560387,0.44699728546421635,0.4303059846524033,0.23938387168853686,0.358075061069883,0.36227780249295943,0.34365772828908997,0.4071739710920075,0.4324318147119362,0.36504821001834453,0.42547338611541957,0.3561346078552212,0.319993301476342,0.25402966462800414,0.0,0.4312027909973087,0.39960363946453514,0.4109646996978777,0.4380563700824637,0.3776607465491979,0.4057901019680676,0.43966377547779345,0.3993269752749947,0.34853743662118214,0.40062073245759006,0.3937829383273155,0.39740082711641045,0.0,0.32388184700757483,0.2959355572825041,0.3696379349722667,0.3619970962553027,0.334245542156675,0.35285376108057703,0.34058285197536226,0.2319735054712135,0.2215556847372674,0.27707002548253296,0.36871903838033876,0.0,0.4728154283809449,0.4601161159536832,0.3644403334911909,0.19486591832722916,0.0,0.0,0.30278421748021994,0.399967445661904,0.0,0.3501182784301761,0.4747455281145896,0.3740132564374168,0.45347617375141014,0.3686639561583767,0.39475033923652453,0.3043622582040717,0.31147585355611646,0.4097616448589342,0.0,0.4618516153892996,0.30446814286133567,0.0,0.29635988554284176,0.3190374267224035,0.4651158819579958,0.0,0.0,0.4900466960403163,0.0,0.31948551245669554,0.3589751813720942,0.480705260717075,0.4767429379804377,0.480585097151987,0.4054705164965973,0.4739106521970862
0.4238006477960201,0.42100844992962116,0.4034601653250816,0.317327306612301,0.4048765951457897,0.3115587020109932,0.4116862916999176,0.38377897893641066,0.3862640760794706,0.35305251543753846,0.358667097678748,0.30107679560375894,0.3748542354641297,0.0,0.38137539757774136,0.40572763850762017,0.3503595207901782,0.42358752597350857,0.34601010293479717,0.3007911385294423,0.3987088500934375,0.3853982203712906,0.3730948689336635,0.35256787720047356,0.40544006563120294,0.3939639805486189,0.3518493017564323,0.32388184700757483,0.0,0.34409229370191063,0.35594879329557594,0.38436667154842413,0.33109976652688355,0.3811743480878424,0.41001189445329295,0.4219198915200003,0.36372379376847236,0.0,0.4644674462799604,0.38551712860726267,0.4600664051088201,0.46682928625602627,0.38941736412144534,0.2962117998957193,0.43979755412856636,0.0,0.4212195257215035,0.42084477385283997,0.0,0.3754779070534753,0.4766823312741562,0.3875816810777628,0.467139226550436,0.3793913683318815,0.0,0.36996713365087974,0.3706201998987737,0.4595175008294223,0.0,0.46045728144945836,0.33435267270604074,0.0,0.30902699198165545,0.4340206673712097,0.4649244058458573,0.45218193518663097,0.44835224548309077,0.48190846721252584,0.0,0.3034453144548531,0.4327828254702267,0.4797725614055571,0.4894501356488914,0.47344917572410544,0.44996002295142096,0.4735689322198751
0.0,0.0,0.39632529043664494,0.0,0.4203534053783642,0.38396093217967553,0.0,0.393717376291742,0.4006550212261541,0.3108513564299249,0.3437069915146257,0.0,0.3727278517267269,0.0,0.0,0.3852723404855272,0.0,0.37556017391564445,0.37471169381558855,0.35468296039564123,0.39603537103922953,0.39209516196696237,0.390991483871031,0.3993988846874874,0.31253193711012167,0.0,0.37636145272603766,0.2959355572825041,0.34409229370191063,0.0,0.3256134312903214,0.3732427906646606,0.37433009202378625,0.3524116569908315,0.3439567054642666,0.3561047416729195,0.31721649199332463,0.0,0.47378485066890874,0.0,0.0,0.0,0.0,0.0,0.0,0.0,0.0,0.4259126720133969,0.0,0.0,0.440571340925038,0.36064383958058505,0.3710436610629477,0.38937807378199235,0.0,0.0,0.0,0.3576949569006646,0.0,0.0,0.0,0.0,0.0,0.0,0.0,0.0,0.0,0.4913113745992076,0.0,0.0,0.0,0.4858820919198642,0.40524124995680927,0.4626250578158988,0.0,0.38175904349482087
0.3400631534386792,0.3505089902426761,0.44196653405323666,0.3524487249974389,0.4300848182318709,0.409995788661268,0.40296072471087885,0.4277936144026841,0.45254529564247653,0.3296550281749237,0.4542104045821512,0.3282196080178963,0.4017743388146662,0.4500560513795184,0.37741270966706236,0.35416489929220124,0.34927836900968295,0.3522946013482487,0.45495556504948,0.3623226508186905,0.3732289000724454,0.3658770847962424,0.4137938406379322,0.33027855296331826,0.34563680578572176,0.36012618720204426,0.39036444007347115,0.3696379349722667,0.35594879329557594,0.3256134312903214,0.0,0.39299020853200717,0.30787103904324215,0.27230257803425634,0.2636132466534564,0.4082356598390257,0.36250987051897926,0.2550637627775744,0.44768429147724575,0.35839930703671513,0.4268811191343044,0.0,0.0,0.2211158509728763,0.31952376778917413,0.36488401270487364,0.4117412787172518,0.4247794172727443,0.0,0.0,0.4755212714848722,0.3622598466999282,0.5037233302835307,0.3830620169271479,0.35398779156296656,0.325212989562531,0.38687986239048244,0.3776718791489566,0.0,0.46440876200889464,0.41428057713043076,0.39212719005080715,0.3886456126327685,0.3097729486294722,0.4507286473040492,0.0,0.4403129593237119,0.4959767609783092,0.400598417086237,0.3935259727165863,0.4327242165388581,0.49078950935691656,0.4699702471936411,0.4702160442049387,0.0,0.39589468235561626
0.3920497910409593,0.40132660785976754,0.39001341477107454,0.2846402114553155,0.36015168665872566,0.384528729602089,0.37293520085321563,0.3753065592811935,0.41294564699841446,0.3357719336161551,0.3619989321818472,0.25550170370167186,0.3799335960212395,0.3024435335568838,0.40364030695720965,0.4238903815184644,0.42450901781823425,0.4057406593504061,0.3912149730974481,0.41658185742385434,0.3859954377170029,0.4163192918939334,0.3828125878184519,0.3179215309160813,0.39096448285326746,0.39934480103496717,0.39427606299467155,0.3619970962553027,0.38436667154842413,0.3732427906646606,0.39299020853200717,0.0,0.3436422937035243,0.3557074944902038,0.38977239679444203,0.2950162150100066,0.3180442446381862,0.2736612945527279,0.2901107486578116,0.28035288509377604,0.32796210445662805,0.3356985111295462,0.277404956280469,0.2516554522081895,0.26653496736647986,0.4055691577991049,0.43153315674875076,0.4239564202923017,0.21192249635634813,0.42072144362699826,0.45553057090156895,0.3365435103127592,0.430027865196585,0.46178046468803063,0.2719205490043341,0.3629494710180652,0.2468634070526065,0.3345750541975286,0.0,0.468649132706498,0.43283161976270224,0.0,0.422811109824268,0.46041316197125787,0.4635885906945071,0.437107413746188,0.4542482971177946,0.48974128845834153,0.0,0.4337941273990231,0.4565374841738877,0.48307471879485914,0.30395555478930825,0.4765381095216484,0.4833287423433704,0.4407713544124184
0.31472620512427485,0.33587309516233477,0.3253566125584486,0.31411370493447804,0.3424847810592494,0.34545158072416854,0.3688500069494926,0.34635001058629883,0.36384628356263565,0.2986685183028461,0.3209844414906802,0.21501634551846247,0.3817321828300513,0.0,0.3600962960023885,0.3422600949836604,0.330540690883933,0.32208519866177854,0.3486646130577132,0.3637214707374139,0.35076777238139617,0.3617330647283988,0.3315819430692156,0.24352061101330774,0.3008022479383481,0.3302202589016263,0.3532369088533121,0.334245542156675,0.33109976652688355,0.37433009202378625,0.30787103904324215,0.3436422937035243,0.0,0.24596568411022093,0.40906319333630553,0.4111934662401265,0.238284622130095,0.17234042156877966,0.279461242339116,0.26237359182763315,0.2779675996637242,0.348658160979775,0.25514782653096696,0.24422969285757734,0.20369727391513592,0.3784494606736899,0.4253162156996761,0.0,0.0,0.0,0.0,0.0,0.0,0.0,0.31454396335236545,0.0,0.27490699262593726,0.2453430650630391,0.0,0.46838447773473924,0.42189415341291175,0.3852300132069108,0.3826706931594214,0.0,0.397702031940758,0.4153272497192141,0.4628802102751438,0.46549374816103234,0.3074095895203724,0.3848595497035403,0.4111758804168483,0.4589907281593378,0.24743476076853915,0.41604727610501674,0.0,0.4105818355889975
0.30958084226289,0.349013670421883,0.42512145245481836,0.3126606664542113,0.4008249585179246,0.39863165550883484,0.38051006061870585,0.4261440601858244,0.43269601155883836,0.29546487585917697,0.43086222464852925,0.2225545461972592,0.3937159570915544,0.0,0.3918464197517261,0.3621047897436899,0.35045702680907853,0.35151468228449684,0.4380969981965487,0.3977556042773934,0.3708689979311454,0.38892007735771733,0.4112244836401612,0.2594963560713154,0.3289098014921737,0.35142451115786744,0.40584089120933503,0.35285376108057703,0.3811743480878424,0.3524116569908315,0.27230257803425634,0.3557074944902038,0.24596568411022093,0.0,0.31339753137507903,0.4080317848368814,0.2941575639549682,0.18473662356052734,0.3073275729303482,0.28692401346248725,0.3116886271610948,0.33689206891539536,0.2560059629658155,0.23068717761298105,0.23296599496429038,0.3529663965431175,0.4128048016910374,0.38777268319777086,0.0,0.0,0.4510057671042275,0.3782739666936127,0.4776349331349458,0.3004076749926718,0.3442458857773926,0.32475503909032954,0.2793159591014252,0.29618200256819593,0.0,0.4660393172059354,0.41562382485015753,0.38425268401674695,0.38698953194228747,0.0,0.46269051770831415,0.39710538779316934,0.4540637693792481,0.4993699145436127,0.3289129054661958,0.39069550166906486,0.43171382572031786,0.48819809842328765,0.25381684789461123,0.4707595585952809,0.0,0.39069850727335487
