0.0,0.2642540239828995,0.0,0.0,0.0,0.2599524879895448,0.20644587168186515,0.33001925645722474,0.0,0.22931322204746948,0.0,0.23487366260681297,0.24456376278502273,0.0,0.25382537970287017,0.2545611741518938,0.0,0.23212013426634423,0.0,0.271047325173234,0.2649492036086995,0.2572105049857154,0.29718836143267835,0.23192928026797233,0.24287386429410981,0.23370371098843962,0.2656818500470598,0.2561235043976086,0.2965996029628644,0.0,0.23799538017874422,0.27437856211203854,0.22026315430928314,0.2166621390920503,0.27208181704176665,0.0,0.0,0.22518095847555947,0.2954379581908534,0.27794519580411625,0.27915572384420745,0.30439141562995164,0.18919731764309125,0.0,0.0,0.24474733132639095,0.28712853548821027,0.0,0.0,0.0,0.2675924956054544,0.0,0.0,0.0,0.25711582560018864,0.0,0.0,0.2433298474505756,0.0,0.0,0.3052277385211745,0.0,0.28292657400958954,0.0,0.0,0.23914941894889993,0.29187071678338145,0.0,0.0,0.28146257109325334,0.3029716504935094,0.0,0.20920814185125425,0.0,0.0,0.2607737149820663
0.2642540239828995,0.0,0.23417482324876765,0.0,0.264738748501307,0.27410730416863516,0.2919300974184522,0.3126436778461789,0.261270292307452,0.2010459885909564,0.0,0.19314417309864224,0.3042327189478609,0.0,0.28080882987939293,0.26816632502679344,0.2477427697704989,0.2613043801764103,0.0,0.29422796781185634,0.2706751886181498,0.27466383062486427,0.28082505913491096,0.2206620501981806,0.24161881254257087,0.26673221652172135,0.28482544278773175,0.31283391869182925,0.2946454653680434,0.0,0.24530596609878175,0.28087100189363623,0.23506294100570835,0.24425945692647108,0.2711965804926497,0.2444608177031932,0.0,0.0,0.3036106570637686,0.30568263321807776,0.3020600812795778,0.3145924990076665,0.0,0.0,0.0,0.2951612516084416,0.3090075360608359,0.0,0.0,0.0,0.27177497630647707,0.22658270750571402,0.0,0.0,0.24634411172888718,0.0,0.0,0.20879504194781506,0.0,0.33762814040407635,0.3098693831007672,0.0,0.29971771728757013,0.0,0.31374198514935425,0.318217075332718,0.3139945891049413,0.30235767996773266,0.0,0.2916411101670031,0.32518707975876143,0.3010185018049677,0.21606929821403456,0.30668276377024406,0.0,0.29714147719647027
0.0,0.23417482324876765,0.0,0.2403887379626394,0.24900940948245584,0.23101377630947809,0.29015339435637516,0.30166960884934835,0.18454216149582944,0.2690282752860896,0.20985641005921238,0.23225944633603815,0.30318326780264954,0.2707832126286123,0.0,0.0,0.0,0.26019291666247857,0.15561992151917045,0.24704533508203594,0.0,0.2588663253053432,0.1882612429763008,0.2507461220223121,0.20200541143855053,0.2168167690251989,0.19476821607815334,0.3011524047076876,0.2823641857771474,0.2773707978007359,0.30931311503364417,0.2729533911117773,0.2277029131692719,0.29752397657915863,0.2968949101106517,0.2661025060256766,0.27503311934133545,0.22207994449993881,0.3375342107924635,0.0,0.29920459517861214,0.0,0.33947628998904306,0.0,0.0,0.0,0.0,0.31804290769309573,0.0,0.33595844783798906,0.3526933716935886,0.34725722081628113,0.343698739961642,0.3734112628675538,0.0,0.32158494496923307,0.24194329122468963,0.33098624235245194,0.0,0.0,0.0,0.0,0.0,0.2794729486415216,0.0,0.0,0.0,0.3728041002941016,0.0,0.0,0.0,0.36134764586961954,0.2942187333382976,0.2610446066310306,0.0,0.3032671765866193
0.0,0.0,0.2403887379626394,0.0,0.190959763659529,0.2561008216252148,0.20335318368927857,0.2290012763597553,0.2580735768110086,0.16356158655653188,0.23168487855360592,0.2821252162659853,0.22352136031044345,0.18451135388676757,0.2568426391061694,0.0,0.3015475948035714,0.0,0.24283506390154716,0.31168503209835335,0.0,0.0,0.25427209599256007,0.0,0.0,0.0,0.26010550232721436,0.16753433876936155,0.2220835518774011,0.0,0.24666350191451938,0.19920727857298276,0.21983449212093312,0.21881757381611655,0.25250500409551035,0.1394038994832726,0.11716407499583822,0.0,0.25141398917311153,0.0,0.0,0.0,0.0,0.0,0.0,0.0,0.0,0.0,0.0,0.0,0.0,0.0,0.0,0.0,0.0,0.0,0.0,0.0,0.0,0.0,0.0,0.0,0.0,0.0,0.0,0.0,0.0,0.21478909880554153,0.0,0.0,0.0,0.0,0.0,0.0,0.0,0.0
0.0,0.264738748501307,0.24900940948245584,0.190959763659529,0.0,0.24318558852913416,0.21607250365728062,0.2613866531742396,0.22726673475358106,0.27270227326301466,0.22363502125894194,0.27047648844948335,0.2436527484086382,0.19437833794709855,0.0,0.29451171341500076,0.26775536509421677,0.26681424887021893,0.2473143680270497,0.28116904068647514,0.0,0.2886477552939778,0.2524947638455066,0.26251568634628747,0.2475160813299525,0.2522621112634696,0.2489334422265144,0.2506011293200012,0.2833554832766476,0.29418702823531084,0.3009976199690145,0.252054469064422,0.23969017180900792,0.2805199193825759,0.2794923381437844,0.156007594980659,0.2123076238351411,0.0,0.24958014136881132,0.0,0.0,0.0,0.33066144365397215,0.0,0.0,0.0,0.0,0.3332547014424418,0.0,0.280300942624884,0.0,0.274733003397845,0.0,0.3093010581210915,0.0,0.23278591956400888,0.30754078111784905,0.24856985281807945,0.0,0.0,0.0,0.0,0.0,0.0,0.0,0.0,0.23460677291962986,0.3416454567530075,0.0,0.0,0.23272131350466485,0.31997556771754176,0.0,0.0,0.0,0.24647600041880072
0.2599524879895448,0.27410730416863516,0.23101377630947809,0.2561008216252148,0.24318558852913416,0.0,0.268504684563292,0.26598929496108287,0.20961953506261974,0.28462799497748376,0.2528215175697435,0.24124459066819612,0.2624642039843368,0.27042634963502343,0.26313388712670105,0.30117659879256564,0.2263478788556958,0.2947294170024574,0.2429504464508317,0.26514685843981317,0.28020162534951126,0.277638931662192,0.2486760573478392,0.2306408064547693,0.2618292998658089,0.2763095957717984,0.24004275573267966,0.2535424448746674,0.21804635692903196,0.2687175223303482,0.28693818370921453,0.26911489900007957,0.2417665055929735,0.2789849221968558,0.2845334040710729,0.2587411188150055,0.27795596143766615,0.229045965725976,0.3037157354652198,0.0,0.328307893089972,0.321719139386327,0.2911100492365683,0.1660089810530324,0.0,0.0,0.22745749864171183,0.35107542653004903,0.0,0.3065676989210158,0.3362870649696014,0.34658384695983396,0.32391133970847735,0.35512308870581516,0.1695945446190524,0.325586617590386,0.23301791098663133,0.3424773644752053,0.0,0.29968406411022375,0.2044817542193911,0.0,0.0,0.35163800971037745,0.30827654790132986,0.0,0.28655276018642445,0.34613328483166406,0.0,0.0,0.29724754311302753,0.33938071197586406,0.3498534548028257,0.33118424135756985,0.32140057781921316,0.3495672979078578
0.20644587168186515,0.2919300974184522,0.29015339435637516,0.20335318368927857,0.21607250365728062,0.268504684563292,0.0,0.28752246431550765,0.2361979086104557,0.22586316344826735,0.28378100706334075,0.23981704882448254,0.19776302409078594,0.2125732448151208,0.0,0.31020253304191986,0.26895124295791967,0.28315234116546356,0.293325993354324,0.28915009736255304,0.0,0.3065108550748335,0.2690881599920658,0.2676075686432039,0.2724346535068979,0.2717181643856082,0.27168752301887267,0.24051106645481918,0.28812129310906687,0.0,0.28201464905829987,0.26100109350748046,0.2581420443385567,0.2663024077235577,0.28250825275950725,0.1937646233092344,0.208131903786679,0.23045097039483792,0.2612340887931987,0.0,0.2619615203486203,0.0,0.2667530174903312,0.0,0.0,0.0,0.22327336697622863,0.3175051822919879,0.0,0.0,0.29952731161929763,0.0,0.0,0.0,0.0,0.21247211401146363,0.0,0.0,0.0,0.24425212681325317,0.21905996486792276,0.0,0.0,0.0,0.0,0.0,0.23432495596590908,0.34694269282168283,0.0,0.21755824930619305,0.2202958101585861,0.3268184940517423,0.2511709989192461,0.2474693178659569,0.0,0.2507907211960027
0.33001925645722474,0.3126436778461789,0.30166960884934835,0.2290012763597553,0.2613866531742396,0.26598929496108287,0.28752246431550765,0.0,0.31683477020038026,0.2603084558588255,0.24992663014420097,0.27433818729266,0.2908292009005362,0.23691091396697375,0.2904849015781161,0.2938150201076334,0.0,0.291007330530416,0.29993464382525303,0.2716646676754329,0.26148597969947623,0.292032248169584,0.2375352809406288,0.32516873755710096,0.3048900703661107,0.30661503399014706,0.27668103055119414,0.2849633165752711,0.26859018118542355,0.27554563235098484,0.2993941062661027,0.2626607039207222,0.2423952774973668,0.2982396551619558,0.30600604434080225,0.21772528502917435,0.26718620340647603,0.21155908645413624,0.3117435449684616,0.0,0.3447984226195364,0.3301145837771628,0.3097299951141723,0.0,0.0,0.0,0.0,0.3642218725617004,0.0,0.3437899969844335,0.31400048497521105,0.3374536784678553,0.29623328196543375,0.3612257714259352,0.0,0.3296414585702522,0.0,0.3353537066558769,0.0,0.34233182779557864,0.0,0.0,0.0,0.36478768588523763,0.0,0.3075573672019909,0.0,0.33826014277602456,0.0,0.0,0.2834729187323596,0.33379769838022066,0.3235441660578686,0.31576643121791076,0.30272284261206833,0.3274107218540447
0.0,0.261270292307452,0.18454216149582944,0.2580735768110086,0.22726673475358106,0.20961953506261974,0.2361979086104557,0.31683477020038026,0.0,0.2948705937109489,0.21598905156622122,0.2578361205717299,0.26947273018556284,0.25095048151289684,0.0,0.26634734401117727,0.2381118596748039,0.2332403087799625,0.17551766078518793,0.2711749105261687,0.0,0.2648214754914197,0.25333123874983704,0.2523864200425578,0.25165022458786557,0.2480392635568668,0.22446442951624332,0.30264018051667474,0.2703293923682967,0.28040098767841304,0.3167167292176355,0.28900266099622296,0.25464015641649745,0.30282508037537653,0.27172518075045454,0.264080157440369,0.2917825761773854,0.2492289186913111,0.3414659473264888,0.0,0.23221094965650133,0.0,0.33825015171158124,0.19914632277906472,0.25118969386399564,0.0,0.0,0.36969279552873313,0.0,0.3254246940836837,0.3491990646119086,0.33577011728719147,0.3537030071372492,0.34866674538122944,0.2331816958622335,0.34604778986010676,0.25939204794185683,0.30668669489472344,0.35877433699895117,0.23233375317398827,0.0,0.0,0.0,0.36833910531365127,0.0,0.0,0.22545138045626614,0.3698638045354353,0.0,0.0,0.2264685671290564,0.36172115996038523,0.3003810551848902,0.0,0.0,0.2719138361437884
0.22931322204746948,0.2010459885909564,0.2690282752860896,0.16356158655653188,0.27270227326301466,0.28462799497748376,0.22586316344826735,0.2603084558588255,0.2948705937109489,0.0,0.2919257813113846,0.20425203410083467,0.272113791064692,0.1845364566620383,0.23829470749374038,0.24699404863560376,0.22831562263962638,0.24088730256527796,0.2858671554459356,0.22735189445000084,0.0,0.2401192770702692,0.2682701417203426,0.20474673277347819,0.21963892982831687,0.24272771583663263,0.2599319392477081,0.25548133235949744,0.2470860685286518,0.21755131658496107,0.2307111869221462,0.2349921424484432,0.20902507914232366,0.2067829894197884,0.21373852631209153,0.18716306921784326,0.17356630653153957,0.1773639406981109,0.15388937978572997,0.22295044026020447,0.20598434763344195,0.0,0.0,0.16999296716844198,0.20837327839380268,0.2543828049409277,0.0,0.0,0.0,0.0,0.0,0.0,0.0,0.0,0.27533151463941213,0.22982537488046664,0.2841881388373127,0.25006501186016716,0.0,0.0,0.23752656031052294,0.2963740945614355,0.2768856327479991,0.0,0.0,0.0,0.0,0.2456323121459386,0.2828566229951166,0.2743873079288494,0.2814652078983473,0.23904317030921723,0.2558647123604055,0.0,0.0,0.2508513080061155
0.0,0.0,0.20985641005921238,0.23168487855360592,0.22363502125894194,0.2528215175697435,0.28378100706334075,0.24992663014420097,0.21598905156622122,0.2919257813113846,0.0,0.2671970649745033,0.3036179987440949,0.2041376505818362,0.0,0.0,0.2546617186052167,0.24520475429923533,0.17351896320562107,0.0,0.0,0.0,0.1891696094332114,0.2741626966189965,0.252353155691065,0.22955055530660995,0.22620862930143437,0.29777027960995023,0.25101546993991775,0.24054554363934108,0.31788206639436184,0.25334727569787596,0.22464302119050833,0.3015416928384656,0.2970685782601893,0.19941003211695282,0.28507689648271367,0.2502591010382207,0.2964373818709664,0.23155538896651676,0.2412067288100104,0.0,0.30858962015018127,0.0,0.0,0.0,0.0,0.2589310365829862,0.0,0.2641945033269742,0.3350339317547775,0.3084526383609712,0.3357236733595959,0.3269793780444128,0.24584527352180688,0.16211091724548254,0.22299192205300178,0.2758554790606298,0.3184963676446063,0.0,0.0,0.0,0.0,0.1581821111370675,0.0,0.0,0.0,0.3669904185329956,0.0,0.0,0.0,0.3440254216107821,0.2515831533159855,0.0,0.0,0.26282599426814185
0.23487366260681297,0.19314417309864224,0.23225944633603815,0.2821252162659853,0.27047648844948335,0.24124459066819612,0.23981704882448254,0.27433818729266,0.2578361205717299,0.20425203410083467,0.2671970649745033,0.0,0.25260836640591117,0.0,0.0,0.19744107634511465,0.2516155927945462,0.2303155857509688,0.24077194511999647,0.20783994046151325,0.26547860184501043,0.19502916372843537,0.23547138369459875,0.188232751193158,0.23226329360825224,0.237081506313381,0.2233485490922692,0.24924309068549275,0.21071052746570385,0.0,0.22970659891390854,0.17881450693469883,0.1504805692085611,0.15575622732756814,0.19158755126180063,0.20626302469942026,0.17484776593181783,0.13605104770683035,0.17167574191599844,0.21569468835123753,0.18365680059531866,0.0,0.18950928025207267,0.1561250284117625,0.18493773418359938,0.23328003420954646,0.0,0.0,0.0,0.0,0.0,0.0,0.0,0.0,0.2807734179055952,0.0,0.2817166712938986,0.24690344228812766,0.0,0.0,0.0,0.3139001200542412,0.30906816507698803,0.0,0.0,0.0,0.0,0.0,0.28377208633304746,0.29676394654102617,0.2952792240550523,0.0,0.24799248510550162,0.0,0.0,0.2454031095413816
0.24456376278502273,0.3042327189478609,0.30318326780264954,0.22352136031044345,0.2436527484086382,0.2624642039843368,0.19776302409078594,0.2908292009005362,0.26947273018556284,0.272113791064692,0.3036179987440949,0.25260836640591117,0.0,0.23620500664805177,0.0,0.31591142975119635,0.28073163661685396,0.29592311937176247,0.3079535456326565,0.2901805603789867,0.2981354708993486,0.31328492215017917,0.28040378745439914,0.2484623330264062,0.28844126729005903,0.28689948808990673,0.28230809277078156,0.2239493654911551,0.26234414219470914,0.2608559788907117,0.2811843492755898,0.2658989652757468,0.2671577177957396,0.27554463911462623,0.28304078071525307,0.2305649993040861,0.22858771525560975,0.19612753370448097,0.2791489344463355,0.0,0.28735052185915894,0.2771855814940056,0.2704981070965364,0.0,0.0,0.0,0.20672015936609048,0.3258081723586418,0.0,0.0,0.31257674887336057,0.27806200215074084,0.3184965547175663,0.27745866330582014,0.25735149501803567,0.25145095309346727,0.0,0.2649951934013606,0.0,0.25680829995381577,0.20942797031034163,0.0,0.218866083708242,0.2746192779681325,0.0,0.0,0.22325638838408499,0.3459954006221432,0.0,0.2221600921898658,0.23991392855262247,0.32964541082060766,0.2932339878015481,0.30757286448036886,0.0,0.2613023994260146
0.0,0.0,0.2707832126286123,0.18451135388676757,0.19437833794709855,0.27042634963502343,0.2125732448151208,0.23691091396697375,0.25095048151289684,0.1845364566620383,0.2041376505818362,0.0,0.23620500664805177,0.0,0.0,0.0,0.0,0.0,0.25764639440412745,0.0,0.0,0.0,0.2530710968169264,0.2531140525224319,0.0,0.2777524591327825,0.26878007320323166,0.1777842909426605,0.0,0.0,0.3149746156462888,0.21166704779279458,0.0,0.0,0.0,0.14457703040715206,0.1406502343097242,0.18836269331583488,0.3259408107372497,0.0,0.0,0.0,0.2863908451615275,0.0,0.0,0.0,0.0,0.3315697723794906,0.0,0.0,0.25803932390618645,0.30317299644863466,0.3197579132230995,0.33382571132691247,0.0,0.3099067636736653,0.0,0.0,0.2731584607101285,0.0,0.0,0.0,0.0,0.32350074410943547,0.0,0.0,0.0,0.3390955672984729,0.0,0.0,0.0,0.3174741063750753,0.23137226441877765,0.0,0.0,0.0
0.25382537970287017,0.28080882987939293,0.0,0.2568426391061694,0.0,0.26313388712670105,0.0,0.2904849015781161,0.0,0.23829470749374038,0.0,0.0,0.0,0.0,0.0,0.28501220560014,0.23746153660537353,0.2604018442216333,0.0,0.18881641163561283,0.25301148676279867,0.21620052939092782,0.22184207203653966,0.2414190810107523,0.2519844222705298,0.22060651233636236,0.2253260709942652,0.0,0.2669080193473572,0.0,0.2641347067838076,0.2824902590543925,0.25201570355813296,0.2742362314101996,0.3111594605806973,0.3524130356112464,0.294510567008918,0.21072171564932426,0.3105103442283481,0.29418177215364805,0.3072116272520845,0.33221728619297736,0.3297064292878369,0.0,0.0,0.0,0.3202228293048209,0.0,0.0,0.0,0.0,0.0,0.0,0.0,0.0,0.0,0.0,0.0,0.0,0.2956297363768701,0.30322838860800616,0.0,0.22899487508252284,0.0,0.2442506463364599,0.3055702522175411,0.3208290464621591,0.3240069429485362,0.0,0.2509936344855288,0.35262376585378746,0.2980554876723083,0.3093536371282426,0.3219252455512398,0.3022001393571536,0.2882843418337871
0.2545611741518938,0.26816632502679344,0.0,0.0,0.29451171341500076,0.30117659879256564,0.31020253304191986,0.2938150201076334,0.26634734401117727,0.24699404863560376,0.0,0.19744107634511465,0.31591142975119635,0.0,0.28501220560014,0.0,0.264093300127791,0.23069557583333444,0.0,0.2668373461870286,0.27350258570684494,0.2551946242383744,0.28993039165742174,0.23882084692314268,0.2533998948139184,0.26713877571153694,0.28884556524199617,0.3017800403831327,0.2839510914347187,0.2696353198487348,0.24786457750769916,0.29666240368435404,0.23953292381715713,0.25342136079183814,0.29290932541285764,0.0,0.0,0.0,0.30026524140168104,0.2925327956849427,0.29383735239330266,0.30236029252329594,0.0,0.0,0.0,0.28792085401456113,0.29428777986085347,0.0,0.0,0.0,0.21969776707995584,0.0,0.2758522512783871,0.0,0.210947394286274,0.0,0.2212060477867653,0.22950883634805816,0.0,0.31760219771337644,0.29982856038652766,0.19212514680123471,0.2807720125582075,0.0,0.3076697717447342,0.3128924534556332,0.3050050225058229,0.2662417902855994,0.0,0.28593152225227353,0.3039900003164433,0.2893165911207828,0.2368720922517144,0.2867502147113594,0.0,0.29060720071259816
0.0,0.2477427697704989,0.0,0.3015475948035714,0.26775536509421677,0.2263478788556958,0.26895124295791967,0.0,0.2381118596748039,0.22831562263962638,0.2546617186052167,0.2516155927945462,0.28073163661685396,0.0,0.23746153660537353,0.264093300127791,0.0,0.23823596409696146,0.24751945176085416,0.25045050964449234,0.0,0.26368244961840676,0.2276592237419827,0.2435502943746748,0.21252951357211775,0.24243829416572815,0.2293750860297107,0.27966517140564356,0.24520135894327943,0.0,0.24444470793175996,0.2970953602686452,0.23133102365249875,0.24526959915632002,0.27409103703540333,0.30668382645567044,0.0,0.2087102035615702,0.0,0.2563151617610361,0.25963016254820886,0.0,0.0,0.0,0.15768261957727592,0.27930150520985836,0.0,0.0,0.0,0.0,0.0,0.0,0.0,0.0,0.2893627346650258,0.0,0.28850785472897394,0.0,0.0,0.0,0.25786922234283505,0.2811179876391972,0.2755256170936042,0.0,0.0,0.0,0.0,0.0,0.2843596952310244,0.284739038322598,0.29004768944521364,0.0,0.0,0.0,0.0,0.24783064999954266
0.23212013426634423,0.2613043801764103,0.26019291666247857,0.0,0.26681424887021893,0.2947294170024574,0.28315234116546356,0.291007330530416,0.2332403087799625,0.24088730256527796,0.24520475429923533,0.2303155857509688,0.29592311937176247,0.0,0.2604018442216333,0.23069557583333444,0.23823596409696146,0.0,0.0,0.27420652275258933,0.2752439550711355,0.27084517622478127,0.2860135483034542,0.21579096598350603,0.2168875636007374,0.237963097843054,0.28493748002958663,0.2876162823158573,0.2964504482877397,0.2628381977501321,0.24655563748959522,0.2839602041550994,0.22541339316045267,0.2460098061279515,0.27237643538388817,0.0,0.0,0.16625367580102282,0.2917770361655443,0.27043419240426325,0.2737561638021342,0.29039981209116317,0.0,0.0,0.0,0.26484761533098744,0.28213440965788905,0.0,0.0,0.0,0.0,0.0,0.0,0.0,0.2771643707848208,0.0,0.2767650299573584,0.20742604740075574,0.0,0.2622680811709038,0.28246762669136105,0.28039651261476595,0.2702756778690944,0.0,0.0,0.24924689343513418,0.2873596457027166,0.24913665198427307,0.25826299354142457,0.27311208964075234,0.2809774494742209,0.0,0.210381956145861,0.23450086671019066,0.0,0.27382447640934665
0.0,0.0,0.15561992151917045,0.24283506390154716,0.2473143680270497,0.2429504464508317,0.293325993354324,0.29993464382525303,0.17551766078518793,0.2858671554459356,0.17351896320562107,0.24077194511999647,0.3079535456326565,0.25764639440412745,0.0,0.0,0.24751945176085416,0.0,0.0,0.0,0.0,0.0,0.16320270928542255,0.23195065593560743,0.21673099203356275,0.23586172430995267,0.22195210743784008,0.30657656168649317,0.24215739094621655,0.2622443835072629,0.3184035717292469,0.2737943094170996,0.2440151668901947,0.30660499553285325,0.3072911308306416,0.2586876734211555,0.28336419875815927,0.24330468996490784,0.34694328874840075,0.0,0.22510666431874904,0.0,0.3396757537155465,0.0,0.0,0.0,0.0,0.36008483502869676,0.0,0.28219141245487994,0.34469273756098695,0.3285488836979635,0.36816195106607746,0.37652190309440703,0.20876441667032145,0.19030779232164918,0.22066408385398664,0.27409524438072824,0.3316560435479433,0.0,0.0,0.0,0.0,0.2365600874636182,0.0,0.0,0.0,0.3826320093385155,0.0,0.0,0.0,0.36486433957504744,0.2467006844321806,0.0,0.0,0.2748419939342203
0.271047325173234,0.29422796781185634,0.24704533508203594,0.31168503209835335,0.28116904068647514,0.26514685843981317,0.28915009736255304,0.2716646676754329,0.2711749105261687,0.22735189445000084,0.0,0.20783994046151325,0.2901805603789867,0.0,0.18881641163561283,0.2668373461870286,0.25045050964449234,0.27420652275258933,0.0,0.0,0.26595260560326206,0.23238859839374632,0.15104438142430252,0.21293844135471393,0.2708969451271097,0.27588018906510886,0.22232582599595838,0.2643082969874662,0.21051060852913198,0.24822714589543027,0.2535738322632298,0.2915474861966648,0.2545528053598203,0.2783718121207577,0.3151192020656951,0.3406642870765855,0.29911208520215415,0.2348452073733493,0.30996539551913854,0.28901058786318023,0.30072780274082606,0.324961784950919,0.2922092277460519,0.0,0.4187496709039535,0.0,0.29665989954233296,0.2437039246713058,0.0,0.0,0.3148898585759959,0.2468428011372892,0.3221500785151466,0.0,0.0,0.0,0.26388658724464503,0.2864324687429624,0.0,0.30953576939670846,0.25293559669353566,0.0,0.2083544214148991,0.0,0.3173718771696921,0.2968898396994728,0.3195790594342022,0.32596502753532924,0.0,0.21013028029022354,0.3122040340478799,0.331018829327418,0.32873782688600534,0.32083686533047157,0.2810657275881575,0.3112945571232758
0.2649492036086995,0.2706751886181498,0.0,0.0,0.0,0.28020162534951126,0.0,0.26148597969947623,0.0,0.0,0.0,0.26547860184501043,0.2981354708993486,0.0,0.25301148676279867,0.27350258570684494,0.0,0.2752439550711355,0.0,0.26595260560326206,0.0,0.28062891440813353,0.2425769531636611,0.2983369917989058,0.2683760590004905,0.2579678335389937,0.2675015988976112,0.2839948068883517,0.2790389473222611,0.2771678958499913,0.26120664079077766,0.27014138408642435,0.24548707643921516,0.2595550481332844,0.2935357875676557,0.0,0.0,0.25525821567109785,0.2972920571066394,0.2772289479622141,0.28177822617226295,0.31598707603707676,0.0,0.0,0.0,0.23229476763857176,0.298322385277223,0.0,0.0,0.0,0.0,0.0,0.28950248217841873,0.0,0.0,0.0,0.0,0.30264197883280197,0.0,0.31286873225895434,0.2878052650313408,0.0,0.0,0.0,0.3049678491661101,0.23229982258710763,0.3117616240648329,0.30282395535565,0.0,0.25322453290429736,0.3354654884091736,0.32076765560716886,0.3065767653660322,0.3086365299612469,0.3001306368730739,0.2754099015948887
0.2572105049857154,0.27466383062486427,0.2588663253053432,0.0,0.2886477552939778,0.277638931662192,0.3065108550748335,0.292032248169584,0.2648214754914197,0.2401192770702692,0.0,0.19502916372843537,0.31328492215017917,0.0,0.21620052939092782,0.2551946242383744,0.26368244961840676,0.27084517622478127,0.0,0.23238859839374632,0.28062891440813353,0.0,0.28088975826425383,0.19765431738296219,0.2636040981406664,0.2630463412436531,0.2774037756666089,0.307701514667416,0.2697234176945795,0.27441031524575493,0.2560614256918436,0.2913637280256207,0.25316120665446223,0.272188211906902,0.31452650102382307,0.3538543089322528,0.32565828464241237,0.0,0.313469801125288,0.3194967730782562,0.31684235784531894,0.3326453577501367,0.29647123945871734,0.21625582020316547,0.20434932606359174,0.27403244239506397,0.31016728938246535,0.0,0.0,0.0,0.28806191496060884,0.22566943557298744,0.3315107694612878,0.0,0.0,0.0,0.2213061855643135,0.22006384702167303,0.0,0.3394950890895509,0.3045858154332143,0.21144903614431934,0.25467120378190194,0.0,0.31643307023564854,0.3216355929000178,0.33244781244615296,0.3262722408720303,0.0,0.2795204144648513,0.3408872185017069,0.3318836767667625,0.27648573454234904,0.31427490264554386,0.3125886548038292,0.30510470034849585
0.29718836143267835,0.28082505913491096,0.1882612429763008,0.25427209599256007,0.2524947638455066,0.2486760573478392,0.2690881599920658,0.2375352809406288,0.25333123874983704,0.2682701417203426,0.1891696094332114,0.23547138369459875,0.28040378745439914,0.2530710968169264,0.22184207203653966,0.28993039165742174,0.2276592237419827,0.2860135483034542,0.16320270928542255,0.15104438142430252,0.2425769531636611,0.28088975826425383,0.0,0.27894389500049366,0.2733695073278729,0.28345445255745205,0.19440945593781325,0.2794715461971912,0.26111283823819986,0.2736378990478222,0.2895962747578462,0.2679138461600194,0.23205975067626602,0.28779809377494336,0.2918963590067266,0.2601684878041321,0.27358949959041107,0.23308622651633473,0.33472696019837656,0.334444344831674,0.3529197126352306,0.3548220570619052,0.32212715995860347,0.24375117970527826,0.26178882260616226,0.0,0.2952221990515616,0.3641269679170791,0.0,0.35516482036878977,0.3461896893951517,0.36538374674255797,0.33358417315435607,0.3698534848463325,0.27526553390537745,0.3552155970985623,0.2312389682234616,0.3551151309476374,0.0,0.32074077219311975,0.24706753932038153,0.0,0.0,0.37894505274120444,0.32722205413698957,0.3055879023423058,0.3188650918774606,0.3425335003998017,0.0,0.21172770950943076,0.3197509881174009,0.34742398437935273,0.34777777908866825,0.33780169216979916,0.34599176891067174,0.3507653899896443
0.23192928026797233,0.2206620501981806,0.2507461220223121,0.0,0.26251568634628747,0.2306408064547693,0.2676075686432039,0.32516873755710096,0.2523864200425578,0.20474673277347819,0.2741626966189965,0.188232751193158,0.2484623330264062,0.2531140525224319,0.2414190810107523,0.23882084692314268,0.2435502943746748,0.21579096598350603,0.23195065593560743,0.21293844135471393,0.2983369917989058,0.19765431738296219,0.27894389500049366,0.0,0.2086340658278469,0.2330880868179094,0.2139371239636724,0.24392616164497502,0.24674689134843367,0.2795218724609795,0.2311475647465717,0.2224994235696429,0.1704294623319816,0.18161019002997622,0.2313397353372784,0.217429694655625,0.0,0.150725701193173,0.30024898601793026,0.26929308510346844,0.2672670687682334,0.0,0.0,0.0,0.19209975320479983,0.2532763866157312,0.3015162914520397,0.0,0.0,0.0,0.0,0.0,0.0,0.0,0.26336544840424636,0.0,0.2528559494924316,0.0,0.0,0.0,0.2900470737481302,0.3051155370167053,0.28385424961764755,0.0,0.0,0.0,0.0,0.0,0.2577974085849624,0.27755399304467837,0.2895442776960718,0.0,0.0,0.0,0.0,0.2888911463425924
0.24287386429410981,0.24161881254257087,0.20200541143855053,0.0,0.2475160813299525,0.2618292998658089,0.2724346535068979,0.3048900703661107,0.25165022458786557,0.21963892982831687,0.252353155691065,0.23226329360825224,0.28844126729005903,0.0,0.2519844222705298,0.2533998948139184,0.21252951357211775,0.2168875636007374,0.21673099203356275,0.2708969451271097,0.2683760590004905,0.2636040981406664,0.2733695073278729,0.2086340658278469,0.0,0.239885938045984,0.26645432425717863,0.2803769904636965,0.28374983171175266,0.21872748175857673,0.2418961365409231,0.2736190022122701,0.2105183835202457,0.23018963524597372,0.26564804265814757,0.1970096807272419,0.0,0.19613364165972866,0.29695238438873545,0.27255337366739285,0.2804293231054741,0.3009909603883878,0.0,0.0,0.0,0.27701707114488466,0.29469048429562283,0.0,0.0,0.0,0.21416592309185165,0.0,0.0,0.0,0.29025988269582104,0.0,0.2937733315053115,0.23599324168873798,0.0,0.3037698023624069,0.2977567052883418,0.2908653715383778,0.2741172110955341,0.0,0.27652769938586047,0.2672750712082348,0.29633100448314137,0.22370654584292243,0.26990776380620235,0.27965201063306344,0.2896721214417916,0.2301612287265869,0.24972478860426756,0.2828555134812497,0.0,0.28047612060996663
0.23370371098843962,0.26673221652172135,0.2168167690251989,0.0,0.2522621112634696,0.2763095957717984,0.2717181643856082,0.30661503399014706,0.2480392635568668,0.24272771583663263,0.22955055530660995,0.237081506313381,0.28689948808990673,0.2777524591327825,0.22060651233636236,0.26713877571153694,0.24243829416572815,0.237963097843054,0.23586172430995267,0.27588018906510886,0.2579678335389937,0.2630463412436531,0.28345445255745205,0.2330880868179094,0.239885938045984,0.0,0.280481841035175,0.27559151636230395,0.2757182199226627,0.0,0.2520366231060291,0.27948402166969893,0.23110676727341337,0.24594669928633606,0.27994992903180554,0.2858773987277433,0.0,0.21538958708210634,0.3099396972545874,0.2882613164417498,0.3075097613278537,0.3250183862136485,0.0,0.0,0.23358312959899338,0.2851193151143689,0.31926424278701027,0.0,0.0,0.0,0.2739492517388197,0.2262839145267655,0.0,0.0,0.2983049341226462,0.0,0.30173551653712855,0.2358638499906543,0.0,0.35238298309966654,0.314230508557027,0.30469525078475507,0.28527438692994406,0.0,0.323867821208113,0.3283152134406387,0.33278319880872903,0.32601840142409316,0.2952663970169679,0.28809567008177306,0.3163512574913369,0.32430529260786944,0.26350403495763797,0.2955740684819375,0.0,0.2985738550060063
0.2656818500470598,0.28482544278773175,0.19476821607815334,0.26010550232721436,0.2489334422265144,0.24004275573267966,0.27168752301887267,0.27668103055119414,0.22446442951624332,0.2599319392477081,0.22620862930143437,0.2233485490922692,0.28230809277078156,0.26878007320323166,0.2253260709942652,0.28884556524199617,0.2293750860297107,0.28493748002958663,0.22195210743784008,0.22232582599595838,0.2675015988976112,0.2774037756666089,0.19440945593781325,0.2139371239636724,0.26645432425717863,0.280481841035175,0.0,0.27812351904797666,0.2462439917126972,0.26339897786753197,0.2731990584222503,0.27593663282522024,0.2472151174439658,0.28403035206477617,0.29674638133954906,0.29477029762014517,0.28036520560363537,0.2271987787957314,0.31184670067428233,0.29038236553542274,0.32984638242434106,0.35164150040454034,0.31879537646240746,0.0,0.2610414537052597,0.0,0.274999238444078,0.3567995156687352,0.0,0.3281108312093011,0.33913956255020744,0.3481109144995916,0.33126943528052355,0.3594902908990725,0.24120351530511377,0.3449738242770317,0.0,0.345298489209161,0.0,0.3257604790494755,0.22658304796313228,0.0,0.23736156195851274,0.3488460010617871,0.32674354558617763,0.3019920099651643,0.3209786207241839,0.34859209619126275,0.0,0.2107593999395175,0.3358121361170945,0.34152268449508233,0.34924780280829204,0.33777099238154085,0.3353200040348977,0.3481555839278904
0.2561235043976086,0.31283391869182925,0.3011524047076876,0.16753433876936155,0.2506011293200012,0.2535424448746674,0.24051106645481918,0.2849633165752711,0.30264018051667474,0.25548133235949744,0.29777027960995023,0.24924309068549275,0.2239493654911551,0.1777842909426605,0.0,0.3017800403831327,0.27966517140564356,0.2876162823158573,0.30657656168649317,0.2643082969874662,0.2839948068883517,0.307701514667416,0.2794715461971912,0.24392616164497502,0.2803769904636965,0.27559151636230395,0.27812351904797666,0.0,0.22667078903466462,0.20711239883434884,0.258693480821567,0.2533459908129024,0.2339238875904053,0.24694696901649094,0.2383590945346382,0.16234814641855275,0.1550571677249243,0.1939092353407246,0.2580503851449862,0.0,0.33090291169163677,0.3220152163957105,0.25505590607111905,0.13637816342996373,0.0,0.0,0.21190547762276965,0.27991978350748004,0.0,0.24503252392953762,0.3322537043760153,0.2617555776261547,0.3173682102357802,0.2580118354984738,0.2762685580965946,0.2130098795499204,0.21798837490623346,0.2867743166666095,0.0,0.32322981681272983,0.21308398360678693,0.0,0.20740936769033477,0.22328039041059589,0.3255143347182009,0.0,0.0,0.3429623249391037,0.0,0.22359398608718464,0.251231084289733,0.3364246614825103,0.3336516044883573,0.3363405642403729,0.2837711429453074,0.3316694111076059
0.2965996029628644,0.2946454653680434,0.2823641857771474,0.2220835518774011,0.2833554832766476,0.21804635692903196,0.28812129310906687,0.26859018118542355,0.2703293923682967,0.2470860685286518,0.25101546993991775,0.21071052746570385,0.26234414219470914,0.0,0.2669080193473572,0.2839510914347187,0.24520135894327943,0.2964504482877397,0.24215739094621655,0.21051060852913198,0.2790389473222611,0.2697234176945795,0.26111283823819986,0.24674689134843367,0.28374983171175266,0.2757182199226627,0.2462439917126972,0.22667078903466462,0.0,0.24081519984766395,0.2491130471735205,0.26900148163126736,0.23172229632890376,0.26676731357168165,0.2869494554511169,0.29528334361395026,0.25455443114801385,0.0,0.32506052284780274,0.2698066363865795,0.3219804259419299,0.3267134717113923,0.2725362412396731,0.20730572899990463,0.3077951405146404,0.0,0.29479318811550254,0.2945309156153701,0.0,0.2627806227587222,0.3336091884960423,0.27125152668165303,0.326930385415376,0.2655194837477797,0.0,0.25892387262931976,0.2593809252337486,0.3215962717595786,0.0,0.32225398325724736,0.23399886359285438,0.0,0.21627452341857423,0.30375214924621247,0.32538032893238505,0.3164624290708644,0.31378219615605374,0.33726673326953793,0.0,0.2123681505828415,0.3028858376483617,0.33577190588405004,0.34254481832093275,0.33134644383661516,0.3149074095346536,0.3314302561886779
0.0,0.0,0.2773707978007359,0.0,0.29418702823531084,0.2687175223303482,0.0,0.27554563235098484,0.28040098767841304,0.21755131658496107,0.24054554363934108,0.0,0.2608559788907117,0.0,0.0,0.2696353198487348,0.0,0.2628381977501321,0.2622443835072629,0.24822714589543027,0.2771678958499913,0.27441031524575493,0.2736378990478222,0.2795218724609795,0.21872748175857673,0.0,0.26339897786753197,0.20711239883434884,0.24081519984766395,0.0,0.22788264940682376,0.2612163622108778,0.2619773170444647,0.2466375596322233,0.24072030754945534,0.2492221886461524,0.22200599755519365,0.0,0.3315813681008205,0.0,0.0,0.0,0.0,0.0,0.0,0.0,0.0,0.298077716664624,0.0,0.0,0.3083366801696762,0.25239890544501664,0.2596772872469201,0.272508743643474,0.0,0.0,0.0,0.25033511097797884,0.0,0.0,0.0,0.0,0.0,0.0,0.0,0.0,0.0,0.3438474183442071,0.0,0.0,0.0,0.34004770002041285,0.2836106892861933,0.32377111545830045,0.0,0.26717651640434814
0.23799538017874422,0.24530596609878175,0.30931311503364417,0.24666350191451938,0.3009976199690145,0.28693818370921453,0.28201464905829987,0.2993941062661027,0.3167167292176355,0.2307111869221462,0.31788206639436184,0.22970659891390854,0.2811843492755898,0.3149746156462888,0.2641347067838076,0.24786457750769916,0.24444470793175996,0.24655563748959522,0.3184035717292469,0.2535738322632298,0.26120664079077766,0.2560614256918436,0.2895962747578462,0.2311475647465717,0.2418961365409231,0.2520366231060291,0.2731990584222503,0.258693480821567,0.2491130471735205,0.22788264940682376,0.0,0.2750367193279718,0.21546552233667365,0.19057270665050477,0.18449142232269394,0.285706346257914,0.2537048591718985,0.17850801116862577,0.3133147242586855,0.2508280549406317,0.29875549059688555,0.0,0.0,0.15474934724242506,0.22362075932711092,0.25536641781598196,0.2881597761260095,0.2972846010620846,0.0,0.0,0.3327966133517884,0.25352987839768903,0.35253400517956934,0.2680884107223705,0.24774062752686302,0.2276023976939251,0.27076035436966667,0.26431608820884717,0.0,0.32501945228411017,0.2899369204155945,0.27443273030576354,0.27199612600785844,0.21679658596548296,0.3154453362202373,0.0,0.3081558501479082,0.34711251894022105,0.28036137290785346,0.27541167733064187,0.3028448198116397,0.34348218760548926,0.3289116933796773,0.3290837159953563,0.0,0.27706943397194067
0.27437856211203854,0.28087100189363623,0.2729533911117773,0.19920727857298276,0.252054469064422,0.26911489900007957,0.26100109350748046,0.2626607039207222,0.28900266099622296,0.2349921424484432,0.25334727569787596,0.17881450693469883,0.2658989652757468,0.21166704779279458,0.2824902590543925,0.29666240368435404,0.2970953602686452,0.2839602041550994,0.2737943094170996,0.2915474861966648,0.27014138408642435,0.2913637280256207,0.2679138461600194,0.2224994235696429,0.2736190022122701,0.27948402166969893,0.27593663282522024,0.2533459908129024,0.26900148163126736,0.2612163622108778,0.2750367193279718,0.0,0.2405002644610646,0.24894417265612417,0.27278471313417657,0.20646899124536144,0.22258530555553344,0.19152361312507843,0.2030358691395429,0.1962067657063369,0.22952638339410963,0.23494075725002503,0.19414363880896962,0.17612268314491722,0.18653620731289577,0.2838401776938659,0.30201124897429416,0.2967086213440064,0.14831531901868464,0.29444460216538315,0.3188059932647444,0.2355321353509041,0.300957761021792,0.32318002153786024,0.19030534118236664,0.254012516402177,0.17276893959139122,0.23415449870673305,0.0,0.32798710292802763,0.30291998664707226,0.0,0.29590706846329556,0.32222310595730635,0.32444545012655335,0.30591242850493194,0.31790858572859493,0.34274858348300485,0.0,0.3035936037929311,0.31951068797991505,0.3380829419234741,0.2127252455552113,0.3335082539770536,0.33826072193401324,0.3084766608923409
0.22026315430928314,0.23506294100570835,0.2277029131692719,0.21983449212093312,0.23969017180900792,0.2417665055929735,0.2581420443385567,0.2423952774973668,0.25464015641649745,0.20902507914232366,0.22464302119050833,0.1504805692085611,0.2671577177957396,0.0,0.25201570355813296,0.23953292381715713,0.23133102365249875,0.22541339316045267,0.2440151668901947,0.2545528053598203,0.24548707643921516,0.25316120665446223,0.23205975067626602,0.1704294623319816,0.2105183835202457,0.23110676727341337,0.2472151174439658,0.2339238875904053,0.23172229632890376,0.2619773170444647,0.21546552233667365,0.2405002644610646,0.0,0.17214066242931766,0.2862855008864124,0.287776386048485,0.16676502191180947,0.12061354997351363,0.1955827438026607,0.18362384193775985,0.19453740839132166,0.24401065136204553,0.17856684372588935,0.1709257178109958,0.14255884431051244,0.2648602836288083,0.2976602828859021,0.0,0.0,0.0,0.0,0.0,0.0,0.0,0.22013561123573505,0.0,0.1923954229154762,0.17170491849369224,0.0,0.3278018824477051,0.29526533063453836,0.2696056968311735,0.2678145402723341,0.0,0.27833431917718027,0.2906694409435355,0.32394968554426107,0.3257787868052295,0.21514257392689104,0.26934642557101063,0.28776407849721247,0.3212276065260277,0.17316880515596333,0.2911733560301746,0.0,0.2873483324123516
0.2166621390920503,0.24425945692647108,0.29752397657915863,0.21881757381611655,0.2805199193825759,0.2789849221968558,0.2663024077235577,0.2982396551619558,0.30282508037537653,0.2067829894197884,0.3015416928384656,0.15575622732756814,0.27554463911462623,0.0,0.2742362314101996,0.25342136079183814,0.24526959915632002,0.2460098061279515,0.30660499553285325,0.2783718121207577,0.2595550481332844,0.272188211906902,0.28779809377494336,0.18161019002997622,0.23018963524597372,0.24594669928633606,0.28403035206477617,0.24694696901649094,0.26676731357168165,0.2466375596322233,0.19057270665050477,0.24894417265612417,0.17214066242931766,0.0,0.2193332734595768,0.2855636630293618,0.20586805879437897,0.12928911148603275,0.2150851740900478,0.20080561206325853,0.21813728587908293,0.23577607632572048,0.17916741601662958,0.1614479016123781,0.16304274655926113,0.24702579766775132,0.2889040895040262,0.2713852007410346,0.0,0.0,0.31563928029071825,0.2647374630406757,0.33427587302132855,0.2102422391121706,0.2409226922473172,0.2272818981172067,0.19548106639645482,0.20728487514902275,0.0,0.3261606068023168,0.2908770009521007,0.2689217067257451,0.2708371073092661,0.0,0.32381692798407496,0.2779167539417206,0.3177794428066264,0.34948723923735814,0.23019180758211183,0.27343075400440664,0.3021376913134298,0.34166857203405226,0.17763534978611328,0.32946409802926413,0.0,0.2734328574958565
