0.0,0.34837827207769806,0.0,0.0,0.0,0.3261279882667696,0.2562841789612262,0.43595840231603217,0.0,0.3040661235502453,0.0,0.31300401316742127,0.3038043002546066,0.0,0.33680980928943277,0.33527560396483325,0.0,0.30487038592622756,0.0,0.3499854121464511,0.3517235101286622,0.33887972551395956,0.3928636201513554,0.3083378797629653,0.31960016359156695,0.3091435889799713,0.3477052418126014,0.3442279365720727,0.38892521174247724,0.0,0.3144404800752918,0.3622221544768129,0.2875210652123693,0.28449502430012,0.36344269107496363,0.0,0.0,0.28806375011026897,0.38933593429633206,0.36279978203772417,0.37252606090138224,0.419128071408114,0.25009904931705934,0.0,0.0,0.32335755298016083,0.3762626369844766,0.0,0.0,0.0,0.3461085506678732,0.0,0.0,0.0,0.33250642238650235,0.0,0.0,0.2958314445641805,0.0,0.0,0.39983236409624434,0.0,0.3559485183539837,0.0,0.0,0.3148968686993469,0.3832901958916788,0.0,0.0,0.3672550665671754,0.3977315753775284,0.0,0.33169975020878323,0.0,0.0,0.3538050164248035
0.34837827207769806,0.0,0.28223888038673156,0.0,0.3439248878034229,0.3628366045426683,0.38634736436718625,0.41151921740185615,0.3422440725559259,0.25213865784130035,0.0,0.24614696255194018,0.40295000569412026,0.0,0.3705236868584271,0.35547476051985505,0.3275159033202968,0.3463691863501573,0.0,0.39010746740691815,0.3557794590769538,0.36481397290256246,0.3698448957597645,0.2953681501220416,0.3210006754587875,0.353881644314485,0.3769245656435203,0.41438186687771195,0.39004082456918643,0.0,0.3262964876667337,0.37224664396217055,0.31165105664115594,0.3238556739943044,0.37280411644501577,0.31713503913292634,0.0,0.0,0.4001605137362932,0.40195194387915856,0.397358606626989,0.41373865733278187,0.0,0.0,0.0,0.38912054137154906,0.40688346646075624,0.0,0.0,0.0,0.3449098509974449,0.2608418895044347,0.0,0.0,0.29869295865877993,0.0,0.0,0.2359713784237258,0.0,0.44321670349239456,0.40802993087653455,0.0,0.39354852191990963,0.0,0.4112611498243244,0.4181430633807436,0.41418214351413635,0.3910463495358681,0.0,0.3815992468717382,0.428434585978689,0.3821285980025494,0.24473142036897655,0.39652000641397184,0.0,0.38952248107396226
0.0,0.28223888038673156,0.0,0.2921339179969031,0.3283446856341454,0.3052495405639157,0.3810437908185786,0.3975117843572001,0.24350805399219544,0.32371920017104705,0.2785699065717069,0.2599552716691141,0.39774288422385085,0.35595251949373,0.0,0.0,0.0,0.2774704603999739,0.20960362090031787,0.3061006200654745,0.0,0.3200147638867864,0.24826603760528385,0.2904360694654355,0.23546818019461455,0.2526579187244479,0.2585291725228349,0.39578810990245744,0.3610939035655852,0.3577817524286408,0.4051568390314024,0.35640432377361175,0.2605009390446704,0.387532724472998,0.3791819778654629,0.3469809583947747,0.35444028252100757,0.24291274912242639,0.4237444532330545,0.0,0.35235504301983933,0.0,0.44409985242041056,0.0,0.0,0.0,0.0,0.4199316716391763,0.0,0.4206910105930777,0.46221552621659967,0.43695401177456794,0.45204740618578254,0.4912535236636166,0.0,0.418782227117094,0.27971570565424564,0.4087944228241837,0.0,0.0,0.0,0.0,0.0,0.36630750905277043,0.0,0.0,0.0,0.49155210696094337,0.0,0.0,0.0,0.47332890822190665,0.34686759459288746,0.31192973426325116,0.0,0.37255062103110703
0.0,0.0,0.2921339179969031,0.0,0.25451558087305143,0.33239794527583116,0.27418340852859857,0.2988711808701294,0.32868514283969,0.2056610704045058,0.3039787881555013,0.36148432121497204,0.2946886145411322,0.23736566822264332,0.3311845345744732,0.0,0.32492911736597396,0.0,0.31065239643093706,0.39034328761902815,0.0,0.0,0.33010631861100265,0.0,0.0,0.0,0.3344859715185578,0.2205348085474514,0.27080551041592793,0.0,0.32178525812832326,0.26181341764483096,0.29735921493817113,0.2856134881837491,0.32587478455319174,0.17802431577085528,0.15417156499782542,0.0,0.32984750933124535,0.0,0.0,0.0,0.0,0.0,0.0,0.0,0.0,0.0,0.0,0.0,0.0,0.0,0.0,0.0,0.0,0.0,0.0,0.0,0.0,0.0,0.0,0.0,0.0,0.0,0.0,0.0,0.0,0.2589155907919478,0.0,0.0,0.0,0.0,0.0,0.0,0.0,0.0
0.0,0.3439248878034229,0.3283446856341454,0.25451558087305143,0.0,0.320907696254305,0.28692649855170854,0.3426198837431534,0.3004112027356694,0.35016846228242826,0.2966745577329641,0.34266586816936134,0.3209141337675065,0.25543043144256333,0.0,0.3796629193377605,0.3459489985195209,0.32572699502650093,0.32600912950536426,0.3757019023912368,0.0,0.380557860337154,0.3318575941284409,0.34039478670780476,0.3055613906165129,0.32247219985145636,0.3281932139745198,0.33036319670410974,0.3740379522077743,0.3904698287514786,0.3954713480187978,0.33267739052512374,0.30463594877721273,0.36712079661952546,0.3662516474967668,0.20383312475159893,0.2823950020675267,0.0,0.29732149797823293,0.0,0.0,0.0,0.41651277998431113,0.0,0.0,0.0,0.0,0.4172174350906768,0.0,0.3292493444558564,0.0,0.3159582753624747,0.0,0.3839060478099099,0.0,0.27838798429466177,0.3624112176511417,0.2855926239501169,0.0,0.0,0.0,0.0,0.0,0.0,0.0,0.0,0.2823787637211667,0.4467369126838088,0.0,0.0,0.28573005803141327,0.39891824930178416,0.0,0.0,0.0,0.29766028523294863
0.3261279882667696,0.3628366045426683,0.3052495405639157,0.33239794527583116,0.320907696254305,0.0,0.3538799101521063,0.34805151737919654,0.2760639106550067,0.37355366043025734,0.33390541861698025,0.27096012368488115,0.34735599310082516,0.35539543525342643,0.3471786202023621,0.39722890050069043,0.2548711225060412,0.3873758185486647,0.30434080283410625,0.3519161923648742,0.3651097767468838,0.36697747576427925,0.3282629837437751,0.2749686716101265,0.34714871138334885,0.36492995676346157,0.3168661204049378,0.3333178523867188,0.2851772361876724,0.3538100349113162,0.3763499621493504,0.35327816701684006,0.3181549952324488,0.36540190832079356,0.37476787092987146,0.3367630361417052,0.3644068599629003,0.28060330318256055,0.397983343784866,0.0,0.4249954921779983,0.4147255105592765,0.3552613725786543,0.1938251944563404,0.0,0.0,0.25307611348001646,0.4593143327724692,0.0,0.37428925154043974,0.43910869468291247,0.4398413796271654,0.42396774690185024,0.46427662328941566,0.22418623533869883,0.3946944255510911,0.2926898012187635,0.43823892495847694,0.0,0.3772525230377932,0.22695129137472853,0.0,0.0,0.45616326356796916,0.3949368927764685,0.0,0.3495738976556832,0.453612780343261,0.0,0.0,0.38279623626643694,0.44373013929699434,0.4539206926986859,0.4309602922250259,0.40493690432833696,0.454001307230241
0.2562841789612262,0.38634736436718625,0.3810437908185786,0.27418340852859857,0.28692649855170854,0.3538799101521063,0.0,0.37781490798550876,0.31065937929722987,0.2965421120650228,0.37214285510863143,0.3113630532868659,0.26105551594455817,0.28039123640454516,0.0,0.4087348592816735,0.3455526081345232,0.37474068210986317,0.3845322697273374,0.38121936926791167,0.0,0.4044253505540938,0.35284446492974936,0.3377930383469606,0.3621151918633963,0.3552870104286595,0.35726053505452826,0.31772841289102877,0.37954079389335216,0.0,0.3713403890229687,0.3443745001203976,0.3336094185965806,0.35039511547590596,0.37510583906874817,0.2568262007248597,0.27564548634306263,0.29600857266581576,0.32400768757687215,0.0,0.31048441977510527,0.0,0.31466761289083045,0.0,0.0,0.0,0.23893961765860466,0.38138578207693224,0.0,0.0,0.3777772342778006,0.0,0.0,0.0,0.0,0.23961275716271177,0.0,0.0,0.0,0.2923292977105588,0.2712825979035904,0.0,0.0,0.0,0.0,0.0,0.258138295434342,0.45479426310398746,0.0,0.2611116103965841,0.2432718322513936,0.4162453954028818,0.2830543476143867,0.28836574229280376,0.0,0.28851630591506444
0.43595840231603217,0.41151921740185615,0.3975117843572001,0.2988711808701294,0.3426198837431534,0.34805151737919654,0.37781490798550876,0.0,0.41637619149427735,0.3218663738563559,0.32808607984799654,0.34471313868375075,0.38173038992636965,0.3117515365864136,0.3867854224854595,0.3865063306598884,0.0,0.38319141366116555,0.3966863061399125,0.35173282539350925,0.34368430298746094,0.37886902066426337,0.3123921498171679,0.42906504260063305,0.4020684785523027,0.40363103668600914,0.3646526092952174,0.37627082148076096,0.35355121791246946,0.3614257411103862,0.3941351701418803,0.3447862587958806,0.3201435624303093,0.39230128272987186,0.4034413686919326,0.2803421234858695,0.3508024875744034,0.25955413677390543,0.4099154567458817,0.0,0.44782057961258764,0.4472584766085014,0.4049908360492601,0.0,0.0,0.0,0.0,0.4784299420979214,0.0,0.43363879397125277,0.4102435731041663,0.43717165682898546,0.38662963665044636,0.47339451323476245,0.0,0.4316762346417583,0.0,0.43725107875297425,0.0,0.4360251122233559,0.0,0.0,0.0,0.48095264982362945,0.0,0.398897756259796,0.0,0.44474744522828913,0.0,0.0,0.36615273602030196,0.4372620048899862,0.4221299711571446,0.40760459384170394,0.3925411816533849,0.4212600706334019
0.0,0.3422440725559259,0.24350805399219544,0.32868514283969,0.3004112027356694,0.2760639106550067,0.31065937929722987,0.41637619149427735,0.0,0.38260360119927933,0.28566441349574256,0.30954468571425986,0.3537397766114817,0.32960931438260077,0.0,0.3331111645401303,0.266883389889443,0.27090867460625645,0.23279118649208372,0.3577738611631009,0.0,0.3485025769296482,0.33394528198685763,0.29808388839605476,0.3213544372109063,0.3024064017253135,0.2952328047270245,0.396685112297842,0.35511766032959924,0.36978437842375456,0.41487133042151936,0.37784806832563883,0.3175187937551119,0.39536159306934426,0.35272084343828863,0.3441018303344751,0.3793161074775274,0.293458499729324,0.4393005204803813,0.0,0.256741298952905,0.0,0.442356282780248,0.24563052441910627,0.2897796431018196,0.0,0.0,0.4856923536327171,0.0,0.4025207411363948,0.4569485003420194,0.40749631663866775,0.46512991370757883,0.45477071893968707,0.29235239150168213,0.45446360020748344,0.31274952721766947,0.36907610579102573,0.4639100617538934,0.28089347009170196,0.0,0.0,0.0,0.47911254402806064,0.0,0.0,0.2722272066280872,0.48654438093482494,0.0,0.0,0.26456900550804535,0.4750115406298199,0.3629072021174622,0.0,0.0,0.32337991213776546
0.3040661235502453,0.25213865784130035,0.32371920017104705,0.2056610704045058,0.35016846228242826,0.37355366043025734,0.2965421120650228,0.3218663738563559,0.38260360119927933,0.0,0.3804689761698697,0.2711423432226083,0.3594898596049639,0.24080793308192897,0.28676395289953643,0.322408111145119,0.30254522580189647,0.32072191659959154,0.36943523364093334,0.2693255277012232,0.0,0.2940435941869192,0.3206071788033727,0.2714788917452905,0.2914073187407019,0.3235619538502492,0.30108791772121646,0.3376560135036389,0.2888893190524305,0.2606200926515988,0.3064820848040764,0.31304769948916067,0.2747981923075182,0.271368718001371,0.28072852264760734,0.24535046448425393,0.22825506706029225,0.23378155835308695,0.21059627203900913,0.2900056569558905,0.2761385091084706,0.0,0.0,0.21119292718076677,0.27011524623595135,0.3320876162503794,0.0,0.0,0.0,0.0,0.0,0.0,0.0,0.0,0.3603354146331143,0.2662438826005955,0.37311740465456483,0.3242339398042995,0.0,0.0,0.306842140624887,0.3811349686875518,0.3565264179181956,0.0,0.0,0.0,0.0,0.2729067765795345,0.3739978162794631,0.3565973137848317,0.3692489914322325,0.2913426813899919,0.33585744356983094,0.0,0.0,0.3383893531696263
0.0,0.0,0.2785699065717069,0.3039787881555013,0.2966745577329641,0.33390541861698025,0.37214285510863143,0.32808607984799654,0.28566441349574256,0.3804689761698697,0.0,0.333529072385942,0.39700610575841383,0.2671478249771171,0.0,0.0,0.31649694958063845,0.2865752195392461,0.2328918057649732,0.0,0.0,0.0,0.2448177243751593,0.33825598357332726,0.302699747549067,0.2554207221171482,0.2985250305063544,0.3898300123962953,0.30114090556434836,0.34680622971865965,0.41649181453132106,0.3315286494330778,0.28406758508887625,0.39370991143174144,0.3897696356464353,0.2565057372270612,0.3681834615970602,0.313595861528754,0.3726040006370866,0.25559724903211417,0.2793669214128666,0.0,0.39907068238785187,0.0,0.0,0.0,0.0,0.3478755354773615,0.0,0.3214979885870913,0.4350239081644769,0.3919747615615511,0.4428810232523628,0.43102630529734903,0.26924426026112463,0.21443233626326735,0.2679380640699415,0.3389763816952615,0.4147027763343542,0.0,0.0,0.0,0.0,0.2131885990078363,0.0,0.0,0.0,0.48036453892037684,0.0,0.0,0.0,0.4494223134838577,0.29929343362995,0.0,0.0,0.300593880067224
0.31300401316742127,0.24614696255194018,0.2599552716691141,0.36148432121497204,0.34266586816936134,0.27096012368488115,0.3113630532868659,0.34471313868375075,0.30954468571425986,0.2711423432226083,0.333529072385942,0.0,0.3355995228156597,0.0,0.0,0.2666827863765983,0.33257426620390323,0.2772356926914945,0.27612496011530163,0.2560985495745656,0.3490214702573199,0.2449050135225307,0.2747699519834792,0.25028144754528353,0.30826883168374775,0.3146404642796377,0.253856994201622,0.3304527087838818,0.24158106241747865,0.0,0.3041599192425257,0.23470390571551247,0.19627670687549648,0.20430148487048974,0.2508768034560596,0.26503212805504367,0.22905956568785563,0.17934579323474042,0.2263482590125864,0.2791693022319124,0.25095583066603805,0.0,0.21926975955534406,0.19672740195070657,0.23835830129358385,0.3020915866563746,0.0,0.0,0.0,0.0,0.0,0.0,0.0,0.0,0.3678417057540497,0.0,0.36986477532703904,0.3105522861716089,0.0,0.0,0.0,0.4002989380352623,0.3983851300680374,0.0,0.0,0.0,0.0,0.0,0.37590065619028695,0.3853431240012921,0.3884695873379478,0.0,0.322761232189778,0.0,0.0,0.30578690625310667
0.3038043002546066,0.40295000569412026,0.39774288422385085,0.2946886145411322,0.3209141337675065,0.34735599310082516,0.26105551594455817,0.38173038992636965,0.3537397766114817,0.3594898596049639,0.39700610575841383,0.3355995228156597,0.0,0.3016803505817471,0.0,0.4176370015057675,0.37106579394281347,0.3914667402776725,0.4029920815019382,0.3840671168753617,0.39382283709030036,0.4142649065620372,0.3688472655929509,0.32839631228262006,0.38179263069385105,0.38021053857288145,0.3717847179685454,0.2978415886027307,0.3465001331329533,0.3460543522529367,0.3714106743217692,0.350293690287924,0.35149879619594754,0.36300721165168,0.37419624860406947,0.30312746073887714,0.29986842181173884,0.2555248514349262,0.35913618804005415,0.0,0.3637729167947427,0.3368795307914677,0.3324245998228442,0.0,0.0,0.0,0.225384973003216,0.38859802910732005,0.0,0.0,0.40083498041225685,0.3168861339712327,0.41258370714880954,0.3165542606892573,0.3303167263250625,0.28907605249496887,0.0,0.3090382792069737,0.0,0.3020853809827484,0.2441759342221753,0.0,0.2682471931170683,0.31664014921861267,0.0,0.0,0.24685755349419716,0.45396490664630856,0.0,0.25139851598583457,0.2671572136552585,0.43018588629963345,0.3449707034606125,0.3934270021619186,0.0,0.30315707551497156
0.0,0.0,0.35595251949373,0.23736566822264332,0.25543043144256333,0.35539543525342643,0.28039123640454516,0.3117515365864136,0.32960931438260077,0.24080793308192897,0.2671478249771171,0.0,0.3016803505817471,0.0,0.0,0.0,0.0,0.0,0.3405105770220607,0.0,0.0,0.0,0.333674232003736,0.3179954579017376,0.0,0.34769590154502084,0.3547486949613367,0.2271833125435169,0.0,0.0,0.41277120066941503,0.2733369673460912,0.0,0.0,0.0,0.18551477670889327,0.18091062945004358,0.2429287374857451,0.3924996913299138,0.0,0.0,0.0,0.3715519058519506,0.0,0.0,0.0,0.0,0.4190727540457793,0.0,0.0,0.3302602545006912,0.39522240280145116,0.4052706775900529,0.43037748699507666,0.0,0.39748920606468,0.0,0.0,0.3403186356645126,0.0,0.0,0.0,0.0,0.4229639693967794,0.0,0.0,0.0,0.43547337952212545,0.0,0.0,0.0,0.4014742910144024,0.31766798472638064,0.0,0.0,0.0
0.33680980928943277,0.3705236868584271,0.0,0.3311845345744732,0.0,0.3471786202023621,0.0,0.3867854224854595,0.0,0.28676395289953643,0.0,0.0,0.0,0.0,0.0,0.37630762658609046,0.2886774636419951,0.34320112288537225,0.0,0.2549180207538866,0.3328705631566851,0.2898288036593977,0.2948547527044883,0.3138169926302022,0.3320995364942578,0.2926880675894715,0.3009976848724531,0.0,0.35274518142177014,0.0,0.34925417798669256,0.37402505273924896,0.3318881406881428,0.362980662428946,0.4112089637953566,0.4603433943143172,0.3909081717072079,0.27855205037194747,0.40910182424868385,0.3870369347241739,0.402546420855865,0.437120447910094,0.42113367526848533,0.0,0.0,0.0,0.4203596977970663,0.0,0.0,0.0,0.0,0.0,0.0,0.0,0.0,0.0,0.0,0.0,0.0,0.38822474724514333,0.3826374963584212,0.0,0.2603342566717054,0.0,0.32135383992555056,0.40170818130855235,0.4226465991669949,0.4244417917803315,0.0,0.2929736559979097,0.461668689058736,0.3904179661732763,0.38732633195748684,0.4210078541607074,0.3567279253651305,0.36145099788884877
0.33527560396483325,0.35547476051985505,0.0,0.0,0.3796629193377605,0.39722890050069043,0.4087348592816735,0.3865063306598884,0.3331111645401303,0.322408111145119,0.0,0.2666827863765983,0.4176370015057675,0.0,0.37630762658609046,0.0,0.35052754540124736,0.3068484505679558,0.0,0.3540275846418462,0.36033694148977286,0.3388429017597335,0.3817949940326152,0.311342751830629,0.33602140499352884,0.35354235879906976,0.38174123677113864,0.4013856570657468,0.3761365356749245,0.35396204399220604,0.3291571275689048,0.39307649569540815,0.31676113320601135,0.33562828613329176,0.3880357700722986,0.0,0.0,0.0,0.39588720247848713,0.38404953183077606,0.3862977905815147,0.400260569834863,0.0,0.0,0.0,0.37993435778457313,0.3874982114009344,0.0,0.0,0.0,0.24231469669719652,0.0,0.36464780080466663,0.0,0.26009722929519435,0.0,0.2607295905370928,0.26496205735193196,0.0,0.4175699794076978,0.3945475801377048,0.2431090052332632,0.35710455305624605,0.0,0.389456258836838,0.41584460070627494,0.40204343722506763,0.319739352684593,0.0,0.3749891482905589,0.400664007293225,0.35085033858868,0.27606250821746164,0.35348136334361513,0.0,0.3804922585414848
0.0,0.3275159033202968,0.0,0.32492911736597396,0.3459489985195209,0.2548711225060412,0.3455526081345232,0.0,0.266883389889443,0.30254522580189647,0.31649694958063845,0.33257426620390323,0.37106579394281347,0.0,0.2886774636419951,0.35052754540124736,0.0,0.31585148492125614,0.26152554260047317,0.31245302246994555,0.0,0.3437253597433489,0.25196177463928066,0.32000263565917864,0.28122695702580774,0.3197023927972134,0.2636027915619931,0.3694257294600795,0.3086185497706471,0.0,0.32529644218429377,0.3928793379562871,0.30514400493755817,0.32431277399592556,0.3629302058071636,0.41463885296897607,0.0,0.26637659977411293,0.0,0.3345512121672586,0.34937312379022534,0.0,0.0,0.0,0.20405060765988486,0.3740990453449096,0.0,0.0,0.0,0.0,0.0,0.0,0.0,0.0,0.37575709408999663,0.0,0.37396632827494286,0.0,0.0,0.0,0.3214932863087215,0.35519913472457526,0.35560095315051643,0.0,0.0,0.0,0.0,0.0,0.37312542859630127,0.37112247427795536,0.3796814787537339,0.0,0.0,0.0,0.0,0.32983512635470025
0.30487038592622756,0.3463691863501573,0.2774704603999739,0.0,0.32572699502650093,0.3873758185486647,0.37474068210986317,0.38319141366116555,0.27090867460625645,0.32072191659959154,0.2865752195392461,0.2772356926914945,0.3914667402776725,0.0,0.34320112288537225,0.3068484505679558,0.31585148492125614,0.0,0.0,0.3635235946017283,0.36202223620324975,0.35924371271111705,0.3755889575307318,0.28289129315634437,0.2881064292850184,0.31457834627079373,0.3760066277873157,0.3810655311384314,0.3926411752330496,0.33937505171118404,0.32659431600858235,0.37541173492968527,0.2970273211052029,0.32485871151353535,0.35995761254298103,0.0,0.0,0.20689673819982443,0.38351981052312706,0.3531765491877855,0.35784997930665496,0.3828425843674904,0.0,0.0,0.0,0.34685004676762043,0.3704360936683949,0.0,0.0,0.0,0.0,0.0,0.0,0.0,0.3595525429034583,0.0,0.3401242367954687,0.2661727882130247,0.0,0.3337620820535515,0.36984953806268384,0.3455346916653885,0.3519116898441164,0.0,0.0,0.3617918109894149,0.37534953245072017,0.300327714892666,0.3398056719101958,0.35630759022313396,0.36701834173757253,0.0,0.2707876285409014,0.25862038902692874,0.0,0.35083521508208276
0.0,0.0,0.20960362090031787,0.31065239643093706,0.32600912950536426,0.30434080283410625,0.3845322697273374,0.3966863061399125,0.23279118649208372,0.36943523364093334,0.2328918057649732,0.27612496011530163,0.4029920815019382,0.3405105770220607,0.0,0.0,0.26152554260047317,0.0,0.0,0.0,0.0,0.0,0.21487981841861906,0.2668368313592866,0.2585836944364141,0.260833703960209,0.29511955025184977,0.4021005468707692,0.3324002113200218,0.3573585062342599,0.4155750672819161,0.358628096741764,0.29962352693773253,0.39737147106749654,0.4012061957013883,0.3390537668838034,0.3638982102577729,0.30779742319744663,0.4340904021025362,0.0,0.2568596033316845,0.0,0.44363805801472134,0.0,0.0,0.0,0.0,0.4793169413424616,0.0,0.3330017993947465,0.45134593976578996,0.39967096753938003,0.4853871215884201,0.4938791682799751,0.2759647060058857,0.25615056896065636,0.26239481590926944,0.3231501142199477,0.42553261374224194,0.0,0.0,0.0,0.0,0.318614262722413,0.0,0.0,0.0,0.5036487069759129,0.0,0.0,0.0,0.47843532359040214,0.2838250684054681,0.0,0.0,0.32873024520688565
0.3499854121464511,0.39010746740691815,0.3061006200654745,0.39034328761902815,0.3757019023912368,0.3519161923648742,0.38121936926791167,0.35173282539350925,0.3577738611631009,0.2693255277012232,0.0,0.2560985495745656,0.3840671168753617,0.0,0.2549180207538866,0.3540275846418462,0.31245302246994555,0.3635235946017283,0.0,0.0,0.35010584448865556,0.31195155821924847,0.20861825715310145,0.2643059346730825,0.3591379907144033,0.3665299128750553,0.29451181175711155,0.35190180846821495,0.278608695331143,0.3295608933130567,0.3354443057853461,0.3876550932786664,0.3388726017269059,0.369412550016036,0.41771055670589485,0.444996890696922,0.3785810051944755,0.30126908856341683,0.40905955037822167,0.3605907111269957,0.39113808707018144,0.42029829615162373,0.35707357980225535,0.0,0.2531259578360026,0.0,0.38025118153712484,0.3101551816293081,0.0,0.0,0.4022476584779556,0.27928201522298923,0.41663386801187063,0.0,0.0,0.0,0.30226956125119425,0.3402327159642229,0.0,0.4042094260001505,0.2944472322097396,0.0,0.2292009441838338,0.0,0.4166346425129517,0.3877466498498677,0.42094132880265694,0.4256539205044122,0.0,0.2319511768576322,0.41094257842658855,0.4346934760372382,0.4227776152911768,0.41720384795860144,0.34049801788062856,0.39073702937120147
0.3517235101286622,0.3557794590769538,0.0,0.0,0.0,0.3651097767468838,0.0,0.34368430298746094,0.0,0.0,0.0,0.3490214702573199,0.39382283709030036,0.0,0.3328705631566851,0.36033694148977286,0.0,0.36202223620324975,0.0,0.35010584448865556,0.0,0.370000087874585,0.3170688948553828,0.3951875393786719,0.3531323012021019,0.3409048324426361,0.3512256772136087,0.37411775925146795,0.36660105336760485,0.36968470167667944,0.3408064310655921,0.3547764309769072,0.32199847204179033,0.34144847143494284,0.3854629461558996,0.0,0.0,0.30800007405459534,0.39116988678475606,0.3556725061889956,0.35540767209675866,0.42303062514097345,0.0,0.0,0.0,0.3058949093267718,0.39127072847980443,0.0,0.0,0.0,0.0,0.0,0.37251046627049994,0.0,0.0,0.0,0.0,0.3762012806668449,0.0,0.4087611916034591,0.35717306645912833,0.0,0.0,0.0,0.39893938349302815,0.3030884938343913,0.4098459235792722,0.3940873693629445,0.0,0.31577225042520674,0.441747714727293,0.41827153458570443,0.3863190391400834,0.4034163128861806,0.3499902221751456,0.334050176528499
0.33887972551395956,0.36481397290256246,0.3200147638867864,0.0,0.380557860337154,0.36697747576427925,0.4044253505540938,0.37886902066426337,0.3485025769296482,0.2940435941869192,0.0,0.2449050135225307,0.4142649065620372,0.0,0.2898288036593977,0.3388429017597335,0.3437253597433489,0.35924371271111705,0.0,0.31195155821924847,0.370000087874585,0.0,0.3726778133332802,0.25353178575629415,0.34936424961255774,0.34878026693682923,0.3678211652495343,0.40928777550829,0.3577824025071226,0.3650214975769817,0.3392128020432593,0.38655219000232655,0.3366631950321083,0.36109692033799634,0.41672819482954476,0.46708730952616756,0.4242851123685035,0.0,0.4145051545123129,0.4211980234595389,0.41664999984743073,0.43869348512784084,0.3701986972973157,0.2755269862480984,0.2701284183822165,0.35211284071934323,0.40899723390510706,0.0,0.0,0.0,0.3801099653961398,0.2676226102279764,0.43736904476102967,0.0,0.0,0.0,0.30509936719982617,0.24987389168133953,0.0,0.4456074688568367,0.40086594384780555,0.26839740967883957,0.31599905303042747,0.0,0.4155816338782177,0.4230264072044744,0.4381360599713697,0.4277168238253547,0.0,0.359443160116269,0.44950855419065877,0.4340600517040925,0.33463699769330446,0.4107391259806766,0.34994466068495744,0.3996918232111699
0.3928636201513554,0.3698448957597645,0.24826603760528385,0.33010631861100265,0.3318575941284409,0.3282629837437751,0.35284446492974936,0.3123921498171679,0.33394528198685763,0.3206071788033727,0.2448177243751593,0.2747699519834792,0.3688472655929509,0.333674232003736,0.2948547527044883,0.3817949940326152,0.25196177463928066,0.3755889575307318,0.21487981841861906,0.20861825715310145,0.3170688948553828,0.3726778133332802,0.0,0.3661889207526682,0.3603780839480716,0.37494597190001633,0.2571880036382784,0.3695152717273173,0.34480634764477097,0.36297272083287246,0.38201703181207824,0.35301611988874493,0.30472937442901643,0.3791762210371577,0.38499472966196097,0.34111384007203666,0.3591851218203796,0.27932361790025945,0.43896270335515797,0.4340148362712165,0.4628570824086116,0.46854347925924333,0.4223948758156638,0.2793345953070291,0.2624919198430527,0.0,0.37327653563500174,0.47930837146757527,0.0,0.4655202495876597,0.4540760174161862,0.4795845080074188,0.43898740557220106,0.48553173878532985,0.31267353647840274,0.4648809974557772,0.285003304470632,0.46607458050843137,0.0,0.41989321287907155,0.2909371004664216,0.0,0.0,0.4969996457376579,0.42875001424028264,0.39853560395776,0.418063742051809,0.4510120479498092,0.0,0.23132577622808928,0.4116438320157556,0.4558209498606707,0.45631374510093603,0.44283277261111165,0.4543847948173966,0.45983553009376577
0.3083378797629653,0.2953681501220416,0.2904360694654355,0.0,0.34039478670780476,0.2749686716101265,0.3377930383469606,0.42906504260063305,0.29808388839605476,0.2714788917452905,0.33825598357332726,0.25028144754528353,0.32839631228262006,0.3179954579017376,0.3138169926302022,0.311342751830629,0.32000263565917864,0.28289129315634437,0.2668368313592866,0.2643059346730825,0.3951875393786719,0.25353178575629415,0.3661889207526682,0.0,0.2741929940315957,0.30954509600206787,0.08029540778981163,0.3254108900381501,0.31267887676489814,0.3157428711895061,0.30500118840359197,0.2948219617494927,0.22219564227981706,0.24059882093220664,0.3052307154459046,0.273945471768668,0.0,0.19770514944520887,0.4091302542061662,0.350192929506876,0.35505001132566055,0.0,0.0,0.0,0.24644743789262408,0.33869805771434724,0.38945454121240813,0.0,0.0,0.0,0.0,0.0,0.0,0.0,0.3464295380655693,0.0,0.33527105632113535,0.0,0.0,0.0,0.3790600549375735,0.39802964618405956,0.37196495619097203,0.0,0.0,0.0,0.0,0.0,0.34748793553465107,0.36342824831027615,0.38147473248456243,0.0,0.0,0.0,0.0,0.38325033983016527
0.31960016359156695,0.3210006754587875,0.23546818019461455,0.0,0.3055613906165129,0.34714871138334885,0.3621151918633963,0.4020684785523027,0.3213544372109063,0.2914073187407019,0.302699747549067,0.30826883168374775,0.38179263069385105,0.0,0.3320995364942578,0.33602140499352884,0.28122695702580774,0.2881064292850184,0.2585836944364141,0.3591379907144033,0.3531323012021019,0.34936424961255774,0.3603780839480716,0.2741929940315957,0.0,0.3185363763527078,0.35234601268863347,0.37066795672365854,0.3756007225349262,0.2879352410998689,0.3197869447100227,0.3621013126285739,0.27712421747505617,0.30321579245517,0.35043739205338126,0.28452310939306186,0.0,0.2561638136153622,0.38934027178865366,0.35426239948461175,0.36662723651631945,0.39347786094118514,0.0,0.0,0.0,0.36362838507836825,0.3866180579794231,0.0,0.0,0.0,0.23431947301262876,0.0,0.0,0.0,0.3770258292077578,0.0,0.3835831672788182,0.26491818602469747,0.0,0.3832972047825962,0.3894211902804111,0.37837256138424763,0.357215356519597,0.0,0.35689809330004274,0.350934194597215,0.383185959942897,0.2712964449470892,0.35676596145389855,0.36442358668045205,0.3786735777115369,0.28077633379553146,0.3076770915089479,0.3532759450250086,0.0,0.36621785582222854
0.3091435889799713,0.353881644314485,0.2526579187244479,0.0,0.32247219985145636,0.36492995676346157,0.3552870104286595,0.40363103668600914,0.3024064017253135,0.3235619538502492,0.2554207221171482,0.3146404642796377,0.38021053857288145,0.34769590154502084,0.2926880675894715,0.35354235879906976,0.3197023927972134,0.31457834627079373,0.260833703960209,0.3665299128750553,0.3409048324426361,0.34878026693682923,0.37494597190001633,0.30954509600206787,0.3185363763527078,0.0,0.37116035363047684,0.36522271336269824,0.3652682180515765,0.0,0.33350848026373087,0.36996168581366085,0.3039480653335027,0.3247587271879428,0.3694242162505103,0.37455908095264734,0.0,0.2811176469610969,0.4085859707188362,0.37652711343511125,0.40247928970606306,0.42665685650266044,0.0,0.0,0.28764158804881035,0.37568190049107497,0.4199689007271582,0.0,0.0,0.0,0.33680020991004345,0.2562257956830501,0.0,0.0,0.38771536783115557,0.0,0.39489839760204587,0.2815497313355325,0.0,0.4626189365842229,0.4120903099606377,0.3979223494511361,0.3731805797301347,0.0,0.4246669574617972,0.4325142007364699,0.4386873335371675,0.4232958977699735,0.39237759887362594,0.3767709201976773,0.41552522851259366,0.4247195735329742,0.32452269555990865,0.38426226783031714,0.0,0.39136207251817084
0.3477052418126014,0.3769245656435203,0.2585291725228349,0.3344859715185578,0.3281932139745198,0.3168661204049378,0.35726053505452826,0.3646526092952174,0.2952328047270245,0.30108791772121646,0.2985250305063544,0.253856994201622,0.3717847179685454,0.3547486949613367,0.3009976848724531,0.38174123677113864,0.2636027915619931,0.3760066277873157,0.29511955025184977,0.29451181175711155,0.3512256772136087,0.3678211652495343,0.2571880036382784,0.08029540778981163,0.35234601268863347,0.37116035363047684,0.0,0.3677658532683419,0.32591443006956033,0.3494715332078424,0.36215323303601926,0.36520888350796993,0.3280672845881192,0.3756919156138695,0.3927774943693931,0.3869212195451267,0.36945475584132326,0.2669522545829164,0.40739320790144523,0.35651871150788383,0.4314037632082134,0.4627073196923111,0.4202518119838756,0.0,0.2700673206633707,0.0,0.3393612820022513,0.4691075111595892,0.0,0.39577518583234356,0.4449454742086854,0.44946369816881143,0.43592197443819564,0.47120725106672323,0.29982662515723674,0.45260049676805586,0.0,0.4483136047561685,0.0,0.4269720377675877,0.24432543105875817,0.0,0.2864796563332764,0.457967515067902,0.4242591612553976,0.3945690938185363,0.421030246569487,0.45871825229715973,0.0,0.24011180043072886,0.4418639100960659,0.44784317521658057,0.45557984558902637,0.44234846934844674,0.42916442498240626,0.45319480532554685
0.3442279365720727,0.41438186687771195,0.39578810990245744,0.2205348085474514,0.33036319670410974,0.3333178523867188,0.31772841289102877,0.37627082148076096,0.396685112297842,0.3376560135036389,0.3898300123962953,0.3304527087838818,0.2978415886027307,0.2271833125435169,0.0,0.4013856570657468,0.3694257294600795,0.3810655311384314,0.4021005468707692,0.35190180846821495,0.37411775925146795,0.40928777550829,0.3695152717273173,0.3254108900381501,0.37066795672365854,0.36522271336269824,0.3677658532683419,0.0,0.3006196774007224,0.27684646375369143,0.34312332010981417,0.3339463471400211,0.3105379570195431,0.32412148452777656,0.31157729154573754,0.2137893647605248,0.20454137816829193,0.25488002253726055,0.3463514559411393,0.0,0.4523652674463915,0.40976512083016636,0.31494744747300374,0.1717349650974875,0.0,0.0,0.23938099352151102,0.3292585370788263,0.0,0.29494347756694683,0.43367349220346674,0.29993316253955454,0.4167478704875655,0.290677873185035,0.3594416697581506,0.2439144479552258,0.2744982588860224,0.36225385813601746,0.0,0.4125174249805155,0.2529711829103987,0.0,0.2602240024297162,0.25385872378035707,0.4226951608084465,0.0,0.0,0.45065468308931766,0.0,0.2585476646884332,0.30567368865479533,0.4413675288508301,0.4410053772784146,0.4426647866920289,0.3334067427591328,0.43134560756458684
0.38892521174247724,0.39004082456918643,0.3610939035655852,0.27080551041592793,0.3740379522077743,0.2851772361876724,0.37954079389335216,0.35355121791246946,0.35511766032959924,0.2888893190524305,0.30114090556434836,0.24158106241747865,0.3465001331329533,0.0,0.35274518142177014,0.3761365356749245,0.3086185497706471,0.3926411752330496,0.3324002113200218,0.278608695331143,0.36660105336760485,0.3577824025071226,0.34480634764477097,0.31267887676489814,0.3756007225349262,0.3652682180515765,0.32591443006956033,0.3006196774007224,0.0,0.3189221313335927,0.32778143940552085,0.35730877030970365,0.304082172688739,0.35108489038693463,0.37717795490008815,0.385917595575825,0.32913032308941115,0.0,0.4270176839428752,0.3147287984206299,0.39987390754720037,0.41209424047161886,0.3345900050154165,0.2325962698487418,0.28413817474819564,0.0,0.37552963079988994,0.3630702007430151,0.0,0.3225487926659252,0.4380346591469027,0.3228348431782751,0.42604670079682244,0.3019952217491638,0.0,0.2890910989854312,0.25619717291788713,0.4303219430641546,0.0,0.4209556259300241,0.2584922103581846,0.0,0.2418233639347175,0.339445606868306,0.4292315493773422,0.4118975244560885,0.40387052510299054,0.4416437928285228,0.0,0.23589825581457796,0.39319086652560414,0.44002719604196344,0.4560358989578516,0.43484382580148495,0.39878760356668186,0.4302755703115829
0.0,0.0,0.3577817524286408,0.0,0.3904698287514786,0.3538100349113162,0.0,0.3614257411103862,0.36978437842375456,0.2606200926515988,0.34680622971865965,0.0,0.3460543522529367,0.0,0.0,0.35396204399220604,0.0,0.33937505171118404,0.3573585062342599,0.3295608933130567,0.36968470167667944,0.3650214975769817,0.36297272083287246,0.3157428711895061,0.2879352410998689,0.0,0.3494715332078424,0.27684646375369143,0.3189221313335927,0.0,0.3004682170897272,0.334875589954379,0.349221370596442,0.3254703364826849,0.3128798424392055,0.31780977345550177,0.30124545847808615,0.0,0.4373089532437097,0.0,0.0,0.0,0.0,0.0,0.0,0.0,0.0,0.3579832315489961,0.0,0.0,0.416490367724609,0.3215426050957958,0.34660091497574663,0.3442484209018138,0.0,0.0,0.0,0.31654327070748434,0.0,0.0,0.0,0.0,0.0,0.0,0.0,0.0,0.0,0.44655787670384745,0.0,0.0,0.0,0.44320105352292716,0.3450963634509868,0.4068388911729422,0.0,0.3453857324485796
0.3144404800752918,0.3262964876667337,0.4051568390314024,0.32178525812832326,0.3954713480187978,0.3763499621493504,0.3713403890229687,0.3941351701418803,0.41487133042151936,0.3064820848040764,0.41649181453132106,0.3041599192425257,0.3714106743217692,0.41277120066941503,0.34925417798669256,0.3291571275689048,0.32529644218429377,0.32659431600858235,0.4155750672819161,0.3354443057853461,0.3408064310655921,0.3392128020432593,0.38201703181207824,0.30500118840359197,0.3197869447100227,0.33350848026373087,0.36215323303601926,0.34312332010981417,0.32778143940552085,0.3004682170897272,0.0,0.36357879969711565,0.2856084062166735,0.25199984497868755,0.24486880953312568,0.3741231587619479,0.33458016005333796,0.2367745555350064,0.4148577190547126,0.332247375108427,0.39501558527961833,0.0,0.0,0.1948555768371952,0.29684413794559217,0.3551564757454655,0.3797166196534066,0.3437844326366543,0.0,0.0,0.43232546124938026,0.2906523525927511,0.4648642532173731,0.29659668061423156,0.3322202257774836,0.2970515935915631,0.3592985929541827,0.32137936426021857,0.0,0.42702378585127987,0.3817001437519252,0.35143202362416276,0.34855655995965384,0.26560649508885775,0.40715064355752273,0.0,0.4062160313937682,0.45546607878449635,0.37416441654359583,0.35974069827056104,0.3987917019882292,0.4493620507977859,0.4273375142259076,0.427483157612385,0.0,0.36688691111441046
0.3622221544768129,0.37224664396217055,0.35640432377361175,0.26181341764483096,0.33267739052512374,0.35327816701684006,0.3443745001203976,0.3447862587958806,0.37784806832563883,0.31304769948916067,0.3315286494330778,0.23470390571551247,0.350293690287924,0.2733369673460912,0.37402505273924896,0.39307649569540815,0.3928793379562871,0.37541173492968527,0.358628096741764,0.3876550932786664,0.3547764309769072,0.38655219000232655,0.35301611988874493,0.2948219617494927,0.3621013126285739,0.36996168581366085,0.36520888350796993,0.3339463471400211,0.35730877030970365,0.334875589954379,0.36357879969711565,0.0,0.3182171437529861,0.32629117158029947,0.35968298426970396,0.2685014635038915,0.29576310598877764,0.25288510661512187,0.27070700815912563,0.26417565761022027,0.30661446764598627,0.31161237985532875,0.2528207444398554,0.22705164563082567,0.2426547395460988,0.3758218587689131,0.3978802893100881,0.35864360158564496,0.18855180235104121,0.35225005150502253,0.41796550384154196,0.259094716541073,0.39531023465454307,0.4166672237015486,0.24686037615977968,0.30926857487504344,0.2252591213833986,0.2819321083045049,0.0,0.4296791726819246,0.3958758697332578,0.0,0.38931450742393403,0.3924980494389894,0.4256847343235702,0.4032396894973372,0.4195213926325622,0.4495965255130318,0.0,0.39503874448866566,0.4217897799248781,0.44340676216147973,0.2892745616832358,0.4371070279317349,0.43712539119133875,0.40485273093521396
0.2875210652123693,0.31165105664115594,0.2605009390446704,0.29735921493817113,0.30463594877721273,0.3181549952324488,0.3336094185965806,0.3201435624303093,0.3175187937551119,0.2747981923075182,0.28406758508887625,0.19627670687549648,0.35149879619594754,0.0,0.3318881406881428,0.31676113320601135,0.30514400493755817,0.2970273211052029,0.29962352693773253,0.3388726017269059,0.32199847204179033,0.3366631950321083,0.30472937442901643,0.22219564227981706,0.27712421747505617,0.3039480653335027,0.3280672845881192,0.3105379570195431,0.304082172688739,0.349221370596442,0.2856084062166735,0.3182171437529861,0.0,0.227717252427033,0.37689070435211874,0.3714350427023937,0.22238824459201514,0.15955314992915925,0.26319384465487816,0.2412261124683693,0.2627508636368316,0.3245335103354839,0.24138535363367145,0.22326678180097798,0.18574353366035964,0.3535210391687229,0.3899339969965577,0.0,0.0,0.0,0.0,0.0,0.0,0.0,0.28812557290860547,0.0,0.25131947610148886,0.21598329446707482,0.0,0.42807679831668466,0.3855673598759928,0.34669031600109645,0.34306667068163127,0.0,0.3810168552978234,0.387699046518514,0.425466916541762,0.42850453905947566,0.2832480298438826,0.3493891931746117,0.3772372889572499,0.4261849786268998,0.2268918532067007,0.3853284016157546,0.0,0.3763472160183068
0.28449502430012,0.3238556739943044,0.387532724472998,0.2856134881837491,0.36712079661952546,0.36540190832079356,0.35039511547590596,0.39230128272987186,0.39536159306934426,0.271368718001371,0.39370991143174144,0.20430148487048974,0.36300721165168,0.0,0.362980662428946,0.33562828613329176,0.32431277399592556,0.32485871151353535,0.39737147106749654,0.369412550016036,0.34144847143494284,0.36109692033799634,0.3791762210371577,0.24059882093220664,0.30321579245517,0.3247587271879428,0.3756919156138695,0.32412148452777656,0.35108489038693463,0.3254703364826849,0.25199984497868755,0.32629117158029947,0.227717252427033,0.0,0.28767066426625704,0.3729465848914194,0.2698676484978908,0.17002297049152215,0.29143959008116727,0.27031778023732395,0.29611312993323496,0.31781159337634785,0.22385134692589478,0.20067217695013734,0.20998450335169133,0.34204877332415173,0.3793861563283569,0.3111230038177681,0.0,0.0,0.4119973119088731,0.31182766598331335,0.4361724051415012,0.22995682070129975,0.31703133637234837,0.26166631015955016,0.26378897638240906,0.212848962408177,0.0,0.427598700336355,0.3815106806298059,0.3500895825896286,0.35159379385788864,0.0,0.4251809731814382,0.37461744216419385,0.41842782173756643,0.45868545849057596,0.31518451726173724,0.3561193077307541,0.3974123372519274,0.4489162431412122,0.16755554922116767,0.4262718999619558,0.0,0.36317926445259263
