0.0,0.26152504708633506,0.0,0.0,0.0,0.2185616526712484,0.2129235140723782,0.28195085101781775,0.17341756720313095,0.27074804386788476,0.0,0.2562772626463824,0.25418127060341966,0.28012856608993597,0.22528219967027205,0.27553175206657415,0.24590894559015453,0.2635195930395862,0.0,0.25973565467986826,0.2164692272250524,0.25826280820962555,0.24658045395832717,0.21765374359212128,0.2684553882005623,0.24239942399747808,0.21291996327323945,0.24192577667484116,0.2558455464487444,0.0,0.2402801840443946,0.273768915274037,0.24201549812704765,0.23045642951166953,0.2812825770449015,0.0,0.0,0.2275548792201987,0.2895379626787867,0.3143153529832881,0.29352565074490045,0.0,0.0,0.0,0.0,0.25335285704419797,0.3290266057269609,0.0,0.0,0.0,0.24508884666819292,0.0,0.0,0.0,0.0,0.0,0.0,0.0,0.0,0.0,0.32469557730736254,0.26525170499977263,0.30818698848815246,0.0,0.0,0.24008499013209114,0.31194375680899605,0.0,0.0,0.31890146210962017,0.3110094960495656,0.0,0.0,0.3113980924750146,0.0,0.26335951711105365
0.26152504708633506,0.0,0.0,0.0,0.2651647743970251,0.2874781256899426,0.30533800601121536,0.25559095234019447,0.2898516186126874,0.2254642614338161,0.0,0.20360057464525835,0.3106859861805421,0.0,0.25701643186797724,0.2766161593270672,0.2540771003665175,0.28115399063661545,0.0,0.2849279340960545,0.24123138848727096,0.2730864890007965,0.25478252023279147,0.2338430918726226,0.2568215796191429,0.26652407992755384,0.2810196809962914,0.2946194280133976,0.2895809871941557,0.0,0.25107365288799743,0.28314995479916805,0.2585895939674183,0.25364775333722434,0.30430437757712253,0.0,0.0,0.0,0.32295533200918475,0.3191834275245362,0.3117204207126996,0.3397341081157708,0.0,0.0,0.0,0.3243212773664952,0.3402747139219353,0.0,0.0,0.0,0.28080546573806014,0.22520478499905133,0.0,0.22170020357745565,0.24564259391348295,0.0,0.29132041389211183,0.20429290053512209,0.0,0.30865482062997973,0.33340803900740446,0.23598971114916834,0.30227501498775716,0.0,0.3071040184661556,0.2718292172086007,0.325139319302146,0.27229928260920516,0.3450690869025691,0.3370876816560607,0.34049347483177717,0.2955141309238667,0.20708256324173682,0.3066321317158167,0.0,0.30663419541363607
0.0,0.0,0.0,0.25075528844340494,0.26271995208465654,0.2538955198908119,0.27360359313232047,0.28903604216134937,0.2191762506765879,0.2819627937537996,0.2072533850734431,0.0,0.28710755544176025,0.27493820380000583,0.0,0.0,0.0,0.0,0.19645029652608345,0.0,0.2108499867128502,0.0,0.21809675503799983,0.0,0.18775972260161086,0.0,0.22496661825066155,0.29219616495582157,0.0,0.0,0.30591931392003796,0.27018054554325915,0.0,0.3035446019721257,0.3126262303957176,0.25719961862434365,0.26966741761051033,0.24061322644672845,0.26654338401835,0.0,0.0,0.22723563425868293,0.3164657960873929,0.0,0.0,0.0,0.0,0.21251783322044557,0.0,0.2850955215487019,0.3416998557623582,0.3080320445743993,0.35425710724857384,0.3427167749495965,0.0,0.22295368708663715,0.0,0.2937490167409873,0.20008461976715472,0.0,0.0,0.0,0.0,0.19670948873427582,0.0,0.0,0.0,0.3543742384234396,0.0,0.0,0.0,0.3405433543175072,0.25513844136937075,0.0,0.0,0.0
0.0,0.0,0.25075528844340494,0.0,0.17463526643995336,0.2616490982423338,0.1888672087305589,0.23102743864636352,0.27165401770427505,0.18054850330354136,0.26061629465190406,0.0,0.22574544881653846,0.15581099976895035,0.0,0.0,0.0,0.0,0.262347694458062,0.0,0.0,0.0,0.23542456217158678,0.0,0.0,0.0,0.2531433429826326,0.17518132110467685,0.24791733781428663,0.0,0.24863351611606752,0.20372779450332903,0.17998105845535742,0.2062287526153848,0.20449446759136652,0.12962818332648923,0.10785406086302068,0.18223825695688547,0.19928594751408765,0.0,0.0,0.0,0.0,0.0,0.0,0.0,0.0,0.0,0.0,0.0,0.0,0.0,0.0,0.0,0.0,0.23093449403030733,0.0,0.0,0.0,0.0,0.0,0.0,0.0,0.0,0.0,0.0,0.0,0.2001346129432195,0.0,0.0,0.0,0.20881520258510688,0.0,0.0,0.0,0.0
0.0,0.2651647743970251,0.26271995208465654,0.17463526643995336,0.0,0.24262203867321094,0.20993474255172573,0.2466088714628032,0.21571254594121872,0.30308961148973596,0.23274790222865727,0.2956948945917354,0.2148952646364965,0.20004542662913424,0.0,0.30108293092290056,0.0,0.0,0.24944305780574166,0.30058113304951745,0.0,0.3093115241750025,0.2404280921068034,0.0,0.25903031253648245,0.23858437810860586,0.2515562578405678,0.2522549186704739,0.28058976613637143,0.0,0.31005534458811057,0.25004847959585846,0.25648203007129655,0.29745726631200337,0.2917907926610468,0.15081282802044463,0.16330577442989472,0.2645053975913973,0.2327673657582017,0.0,0.0,0.0,0.2936388333897536,0.0,0.0,0.0,0.0,0.30965466816781617,0.0,0.28785348481344053,0.2694369802260431,0.24334790291351985,0.0,0.2856231177064745,0.0,0.24819187120659034,0.0,0.20910513751619506,0.0,0.0,0.0,0.0,0.0,0.3178635533798382,0.0,0.0,0.0,0.308214358171717,0.0,0.0,0.0,0.27828025546104207,0.21666777336410237,0.23133433854053528,0.0,0.0
0.2185616526712484,0.2874781256899426,0.2538955198908119,0.2616490982423338,0.24262203867321094,0.0,0.26343501214666804,0.2513245303609001,0.22245825715715772,0.3056253430714533,0.24615056193046314,0.26498426171901335,0.2403305570273972,0.2652169583073538,0.27289732181145415,0.3050821798646456,0.23118553722595056,0.2973130031898203,0.2679057045026728,0.28154512658725905,0.24422572073172216,0.2958797680621043,0.24888381255260225,0.21748927275883254,0.2733151766312447,0.2717666692697175,0.23369562228462254,0.2510878891057033,0.22053574351633717,0.2774097554707894,0.2894230181695805,0.2631388686584432,0.24570219206125674,0.2910903610364128,0.30382813758657023,0.26184214655479127,0.2843039870704919,0.25696112666690607,0.28639657780647243,0.23678143950983127,0.2952306998949779,0.253022677762518,0.27754728717399835,0.1947752644658374,0.0,0.2326479078973633,0.254641645872567,0.3361064447515708,0.20463021571095227,0.0,0.30161851058690675,0.2905112204205154,0.2957116700874743,0.33330736156110746,0.21124205334257262,0.29908423759369296,0.0,0.27298752218719824,0.0,0.26949088824300715,0.2085699228808428,0.0,0.20342338387004177,0.32775236740735963,0.2652181532891064,0.2632226381889878,0.28131389520775785,0.3114094202672532,0.0,0.20612420993636577,0.27538504074214476,0.30801077627519524,0.2551298984036929,0.298223230287569,0.2736497109531485,0.29072221960615335
0.2129235140723782,0.30533800601121536,0.27360359313232047,0.1888672087305589,0.20993474255172573,0.26343501214666804,0.0,0.27013247084554437,0.25467315959214043,0.2915979200052941,0.293441559771254,0.2871305765035798,0.20987610792790204,0.19949283611990082,0.0,0.3244631703444382,0.2843206060224991,0.3058675915280159,0.2989260877325801,0.2972109441948349,0.250454134362057,0.32156380920278127,0.26235377819702,0.29562480487252646,0.29083696391808755,0.28427023723752115,0.2683126613107353,0.2596513877687374,0.2828105126924573,0.2971164193394765,0.2851606429705375,0.26564320272710473,0.2515263609362642,0.2683821619005472,0.2629621477340098,0.1832691534633093,0.20466041261872098,0.26149026906488426,0.19006990243300723,0.31794727918723387,0.2213814706520353,0.0,0.25211022511462194,0.2229848599129654,0.0,0.0,0.2475913821739572,0.2853888608645637,0.0,0.24591104552351267,0.245548378062247,0.24429698859436297,0.25290453329419726,0.2695442844400179,0.0,0.23807291090437763,0.0,0.21636973461565379,0.0,0.23034294645502107,0.23143599552314037,0.0,0.22708703570447472,0.2708651412695202,0.22920117443502935,0.0,0.23212469856425336,0.31103896838065775,0.0,0.23643745403600389,0.23323326029997543,0.27892421688268343,0.2073455418995257,0.2264133934969269,0.0,0.2132423165030787
0.28195085101781775,0.25559095234019447,0.28903604216134937,0.23102743864636352,0.2466088714628032,0.2513245303609001,0.27013247084554437,0.0,0.30432820738419697,0.28232534833772255,0.23694848260881493,0.2720382718702988,0.27004684624539377,0.23582780287926558,0.22671691900728605,0.24634537028203182,0.0,0.28733772372500344,0.28869477527290943,0.25012869691581624,0.2682868803181397,0.260272787525392,0.22819392586275813,0.31248643979868185,0.3122615816453921,0.3021635569948207,0.26348763702188294,0.2728025910995354,0.2536450409170334,0.2785965322016465,0.28160770784831557,0.2406095008382209,0.0,0.2840817702773905,0.286284165616722,0.14867497582379002,0.24000939015964962,0.0,0.2792794356932382,0.0,0.0,0.0,0.0,0.0,0.0,0.0,0.31981408514901716,0.3594494730710196,0.0,0.32576316705153874,0.3035485234359676,0.3012911310916817,0.25417644342707185,0.35201281699472525,0.0,0.29422598739495853,0.0,0.28159116958818126,0.0,0.0,0.0,0.0,0.0,0.35176201759110026,0.0,0.2744389029807269,0.0,0.3035994131670248,0.0,0.0,0.2475959393818331,0.3150179411718414,0.2583119946838712,0.3049289867045125,0.0,0.2733553838556587
0.17341756720313095,0.2898516186126874,0.2191762506765879,0.27165401770427505,0.21571254594121872,0.22245825715715772,0.25467315959214043,0.30432820738419697,0.0,0.3308249357104578,0.21624338358606007,0.32063219884936606,0.25872991465318435,0.2740994476030161,0.0,0.28680505520336064,0.24737923846387253,0.22047964066824133,0.19273894066555072,0.2888358522442342,0.20609006633950816,0.3057781593616453,0.26011389800410734,0.28070956153553345,0.23721286275462122,0.22180439410952313,0.23380829626131414,0.3069025103293911,0.27945647140811064,0.27095059517632025,0.3195192442944615,0.282600838296661,0.2684584774799373,0.31567400042745786,0.3168934484931712,0.2772767948156823,0.2933014453694638,0.2926424345664373,0.2576641154554889,0.26297451792234705,0.24072264268357138,0.20763368181431865,0.32797359172015383,0.22474696584206774,0.0,0.0,0.23036907464640102,0.36590565913550976,0.0,0.3093393294917983,0.33258729821611693,0.29711282979498765,0.33908477860158154,0.33229335169323065,0.0,0.2909458240476561,0.0,0.25808613157352533,0.339630157249422,0.0,0.21845651019643422,0.0,0.0,0.35657067412462456,0.24078700007545134,0.0,0.22011739393787078,0.3461396175857215,0.0,0.22091562190799113,0.22415218938850814,0.33968809178119963,0.23821233756603083,0.23129280257671317,0.0,0.23906999788862474
0.27074804386788476,0.2254642614338161,0.2819627937537996,0.18054850330354136,0.30308961148973596,0.3056253430714533,0.2915979200052941,0.28232534833772255,0.3308249357104578,0.0,0.3288176013659681,0.1968783532762076,0.29950201463934006,0.0,0.0,0.25500231035351795,0.20950274377750874,0.24060659022280786,0.31605210886340146,0.24006969668327058,0.0,0.23434706758831864,0.2744303114273117,0.22855531886971395,0.23567813086921588,0.2584360912556767,0.2796076502479115,0.2865742285067403,0.2611944147797984,0.0,0.2285892276891725,0.25578245929457644,0.210113051453566,0.22939784669942256,0.22820906629237356,0.1667294612892012,0.16847922680914945,0.19309042662231002,0.23260099121777672,0.2701047582565595,0.25231329377928396,0.2518088257686464,0.0,0.0,0.2369931974089176,0.2888554901131813,0.0,0.0,0.0,0.0,0.0,0.283732089717729,0.258930662279394,0.22357733709443137,0.3267128834237569,0.24625177589172834,0.32834626773780273,0.2733099019667685,0.0,0.0,0.27484426999866984,0.33127184973426366,0.31535493945622833,0.0,0.0,0.0,0.0,0.2245854601822196,0.285886408943829,0.3367045863264245,0.34188296413143443,0.0,0.2916663908460123,0.0,0.0,0.29267715084323814
0.0,0.0,0.2072533850734431,0.26061629465190406,0.23274790222865727,0.24615056193046314,0.293441559771254,0.23694848260881493,0.21624338358606007,0.3288176013659681,0.0,0.30501811861083966,0.31057138773049997,0.2203665339988091,0.0,0.0,0.0,0.25231029332437777,0.18282425983297743,0.0,0.0,0.0,0.20365714958410586,0.31706355613189896,0.0,0.0,0.2634098509880024,0.31877512175246303,0.0,0.0,0.33188764068407284,0.24879005708028606,0.277817718930279,0.32190957358184297,0.304260921980084,0.208298839296561,0.2902069915920034,0.2937351865125501,0.0,0.0,0.0,0.0,0.22622765267699677,0.20304602490804943,0.0,0.0,0.0,0.2750908832524495,0.0,0.24428167057466374,0.2791334206358096,0.26731128410339605,0.18331949837306302,0.3124869219978348,0.0,0.17790031613255125,0.0,0.23208490753015162,0.2192306376323782,0.0,0.0,0.0,0.0,0.1608783756023426,0.0,0.0,0.0,0.2948614203435259,0.0,0.0,0.0,0.313433438265636,0.201804418892654,0.0,0.0,0.0
0.2562772626463824,0.20360057464525835,0.0,0.0,0.2956948945917354,0.26498426171901335,0.2871305765035798,0.2720382718702988,0.32063219884936606,0.1968783532762076,0.30501811861083966,0.0,0.3295529795859747,0.0,0.0,0.20931014291423977,0.2484546534102738,0.24667570095290742,0.2808151079700315,0.0,0.26605671203651726,0.2146163674232959,0.24655171303049386,0.20731051801590497,0.2546475723409792,0.2238493103221087,0.25201441271212416,0.29877320450175465,0.2145064234760618,0.0,0.25201900672606947,0.29778163098591154,0.21323983831189938,0.21352300886830825,0.23148208878869825,0.0,0.0,0.16166368509926926,0.0,0.28572628116877324,0.2693157522260242,0.25118070669466414,0.0,0.0,0.24789003446857152,0.2662095810857205,0.0,0.0,0.0,0.0,0.0,0.0,0.0,0.0,0.3351895634674001,0.0,0.3206641372469799,0.29381335014900695,0.0,0.0,0.27743632519501205,0.3623937810805763,0.31769955653720305,0.0,0.0,0.0,0.0,0.0,0.3007644595377938,0.3406926030871989,0.33811308801009965,0.0,0.29823411669175254,0.0,0.0,0.31110161719502943
0.25418127060341966,0.3106859861805421,0.28710755544176025,0.22574544881653846,0.2148952646364965,0.2403305570273972,0.20987610792790204,0.27004684624539377,0.25872991465318435,0.29950201463934006,0.31057138773049997,0.3295529795859747,0.0,0.2327495798324818,0.25618493927524927,0.324711573699136,0.30467740101721247,0.3180434426964752,0.3083773822405225,0.29478214577796724,0.26788814514067383,0.32180280958394397,0.2702069250464809,0.3263358105959459,0.29862405482190546,0.2929062215576453,0.27372028456372455,0.22319328966480614,0.2659952894326675,0.2732454639959766,0.2717492723737297,0.2757211566649396,0.2721417700204012,0.2775207246112085,0.2795374572192119,0.23565347700660277,0.25914416271861446,0.2826790222743593,0.23762115236708278,0.2777764385791504,0.24866296669964683,0.0,0.23975550829836384,0.0,0.0,0.24474346776565029,0.23239392804632775,0.29209678618478263,0.0,0.0,0.2227727026628313,0.24046748909548515,0.3017179147101048,0.256139658537811,0.28060680540220867,0.26001121797973753,0.0,0.21036226887275922,0.0,0.23219076515699036,0.22289835245350995,0.0,0.22779382771819143,0.28453225444065633,0.26035780991498375,0.25431341376542366,0.2300022049747562,0.31251212284452273,0.3552973129847205,0.24281939539664465,0.2615566154143127,0.2962026060300704,0.23297938809802182,0.25536966044443854,0.0,0.22207669633834443
0.28012856608993597,0.0,0.27493820380000583,0.15581099976895035,0.20004542662913424,0.2652169583073538,0.19949283611990082,0.23582780287926558,0.2740994476030161,0.0,0.2203665339988091,0.0,0.2327495798324818,0.0,0.0,0.0,0.0,0.0,0.25662010177015976,0.0,0.0,0.0,0.241282822234596,0.0,0.0,0.0,0.2598412601621055,0.11875823889301051,0.0,0.0,0.0,0.16537891136918748,0.0,0.0,0.0,0.1535334354646913,0.10380540781146855,0.0,0.0,0.0,0.0,0.0,0.0,0.0,0.0,0.0,0.0,0.0,0.0,0.0,0.0,0.0,0.0,0.0,0.0,0.2462002973412056,0.0,0.0,0.0,0.0,0.0,0.0,0.0,0.0,0.0,0.0,0.0,0.0,0.0,0.0,0.0,0.0,0.0,0.0,0.0,0.0
0.22528219967027205,0.25701643186797724,0.0,0.0,0.0,0.27289732181145415,0.0,0.22671691900728605,0.0,0.0,0.0,0.0,0.25618493927524927,0.0,0.0,0.27988314645693535,0.0,0.2746144843755933,0.0,0.23179286400241425,0.25333199783973187,0.21790306518932467,0.2596460428004485,0.2725076520600793,0.26115633000882815,0.17425470485839764,0.27471755738782644,0.26005571168779346,0.2673639221994643,0.0,0.27067583248347993,0.2728249552772272,0.2656263739252875,0.2785338628149532,0.3073461334472697,0.3337937504689413,0.0,0.0,0.2968499044664952,0.33886303536406825,0.33128132050958414,0.35524393349528505,0.0,0.0,0.0,0.0,0.33001648703313113,0.0,0.0,0.0,0.30756144273925035,0.0,0.0,0.0,0.0,0.0,0.0,0.2422118558091131,0.0,0.33932732283677436,0.30412480360602284,0.0,0.2534475295238255,0.0,0.3221403065318336,0.31055441352373936,0.3412939724802649,0.3045493425481616,0.0,0.2767947306536139,0.33517618179539704,0.30027322177395227,0.26027260190412543,0.3033667707306338,0.0,0.31275526867346753
0.27553175206657415,0.2766161593270672,0.0,0.0,0.30108293092290056,0.3050821798646456,0.3244631703444382,0.24634537028203182,0.28680505520336064,0.25500231035351795,0.0,0.20931014291423977,0.324711573699136,0.0,0.27988314645693535,0.0,0.2612477222714812,0.22146950936148754,0.0,0.28035422559178946,0.2626817666137747,0.24237864624327563,0.2667883752364271,0.26313750299922267,0.2748395572615549,0.27849484430064864,0.28080309496634964,0.30048080037823754,0.30843543773170945,0.260368110536224,0.2622614751343175,0.29975347380293765,0.26625162571519556,0.26171392642964686,0.31218280708696095,0.0,0.0,0.0,0.2935315144757181,0.3031767060010572,0.3081083509362451,0.3244452419946071,0.0,0.0,0.0,0.31963263114821056,0.33749509632741476,0.0,0.0,0.0,0.22402378181551974,0.0,0.0,0.0,0.2382796335378757,0.0,0.2506463526779908,0.21676594215782258,0.0,0.3236950481074006,0.32420386412766905,0.2270218757937105,0.30113405590541714,0.0,0.29655988273331907,0.2937788941852931,0.31913253232606315,0.24083733615689412,0.3181141915735794,0.3189351940676671,0.331844030727541,0.26354045503409373,0.21147443428669618,0.27398324210475516,0.0,0.30131373522457233
0.24590894559015453,0.2540771003665175,0.0,0.0,0.0,0.23118553722595056,0.2843206060224991,0.0,0.24737923846387253,0.20950274377750874,0.0,0.2484546534102738,0.30467740101721247,0.0,0.0,0.2612477222714812,0.0,0.2206851034372874,0.0,0.25689072401880003,0.0,0.2656815741365234,0.0,0.262385787843105,0.2238462055444485,0.2564891743516656,0.0,0.28192281303014183,0.2587618942063442,0.0,0.24666509341706402,0.28311559960955995,0.22956185789055736,0.2457124005082678,0.25724385418290474,0.0,0.0,0.22144802569914848,0.2503883475465036,0.25964624940657033,0.26599226339868476,0.0,0.0,0.0,0.18684884875917024,0.29289460521519367,0.2910198235512821,0.0,0.0,0.0,0.0,0.0,0.0,0.0,0.31938590163500435,0.0,0.33403839751289255,0.0,0.0,0.0,0.28394922984578247,0.3268314939041641,0.3251098085333835,0.0,0.0,0.0,0.0,0.0,0.32832445759191914,0.31519885504394834,0.3310860070734674,0.0,0.0,0.0,0.0,0.27582436274252076
0.2635195930395862,0.28115399063661545,0.0,0.0,0.0,0.2973130031898203,0.3058675915280159,0.28733772372500344,0.22047964066824133,0.24060659022280786,0.25231029332437777,0.24667570095290742,0.3180434426964752,0.0,0.2746144843755933,0.22146950936148754,0.2206851034372874,0.0,0.0,0.28446782265985543,0.26866163832003603,0.2802682532328501,0.2613893994218378,0.2579729952818064,0.2375115420481416,0.2608473452437314,0.268480377835753,0.2844804172926141,0.2997844437744368,0.24905733388249696,0.25757612142594877,0.29360912448685433,0.24627992815436728,0.2526744728919772,0.28035830802279726,0.0,0.0,0.20132846175260488,0.29268965307425987,0.28400130424765807,0.2955993103200427,0.3137496388218741,0.0,0.0,0.0,0.3162982301669312,0.330378503271547,0.0,0.0,0.0,0.22266224010296498,0.0,0.0,0.0,0.3022469972178757,0.0,0.3098188946416074,0.2140325170098783,0.0,0.0,0.31947449190863536,0.3063719889332261,0.3149039868171984,0.0,0.25011688891018496,0.0,0.3107598464832363,0.0,0.3437336056544461,0.3161047662408417,0.32685985683293817,0.2521528646673735,0.22005549192743276,0.23657435571459318,0.0,0.3038367235521265
0.0,0.0,0.19645029652608345,0.262347694458062,0.24944305780574166,0.2679057045026728,0.2989260877325801,0.28869477527290943,0.19273894066555072,0.31605210886340146,0.18282425983297743,0.2808151079700315,0.3083773822405225,0.25662010177015976,0.0,0.0,0.0,0.0,0.0,0.0,0.17789351752082633,0.0,0.19624894609752294,0.26566771591085625,0.0,0.0,0.2726172089472612,0.3140869916830003,0.0,0.0,0.3268894696606498,0.27900713088070356,0.26688874866080253,0.31602136696884586,0.3111303421256369,0.256593757229256,0.28385106036106844,0.26475641076444373,0.2844785227121459,0.0,0.0,0.0,0.3186057832055004,0.0,0.0,0.0,0.0,0.3456336321468583,0.0,0.31964643269096804,0.31269229324302095,0.29767287507843554,0.3667003567863769,0.35064569761973974,0.0,0.19660532421175012,0.0,0.255311820928605,0.0,0.0,0.0,0.0,0.0,0.34765870325993664,0.0,0.0,0.0,0.35108269649905804,0.0,0.0,0.0,0.3306273798508885,0.0,0.0,0.0,0.0
0.25973565467986826,0.2849279340960545,0.0,0.0,0.30058113304951745,0.28154512658725905,0.2972109441948349,0.25012869691581624,0.2888358522442342,0.24006969668327058,0.0,0.0,0.29478214577796724,0.0,0.23179286400241425,0.28035422559178946,0.25689072401880003,0.28446782265985543,0.0,0.0,0.26854661860890994,0.24045760294490037,0.19164392616519765,0.22134098574366298,0.2834830454489376,0.2886815978290125,0.22695105551249437,0.2621131109471225,0.22153139248342602,0.23388373365437135,0.25458768255547676,0.2799046288615075,0.25940223320646366,0.27968918883977967,0.3098752030742979,0.32215378895646496,0.2792907739741267,0.20759266922756997,0.2755564800493656,0.3046416288547679,0.29225165612225856,0.2983634054951494,0.2418741807991482,0.0,0.0,0.0,0.31817527848604577,0.0,0.0,0.0,0.28628341970253157,0.0,0.28789744004319695,0.0,0.0,0.0,0.0,0.23599864370786908,0.0,0.324681790298147,0.24512452323785322,0.0,0.21097567697881858,0.0,0.30484310474678766,0.3097911345039013,0.3267269390001182,0.28114995636209916,0.0,0.2152659280563799,0.3418317241351885,0.2988902515580909,0.2634484582001172,0.2666074566119665,0.24185426302598534,0.2942087650559578
0.2164692272250524,0.24123138848727096,0.2108499867128502,0.0,0.0,0.24422572073172216,0.250454134362057,0.2682868803181397,0.20609006633950816,0.0,0.0,0.26605671203651726,0.26788814514067383,0.0,0.25333199783973187,0.2626817666137747,0.0,0.26866163832003603,0.17789351752082633,0.26854661860890994,0.0,0.26648938589444837,0.24791277540436435,0.28831724156487515,0.26701219613240407,0.2418212666106364,0.26565457446328156,0.2544010435585035,0.2546651775941327,0.2619459069326197,0.24147347893893506,0.2527688732373314,0.22972150955914591,0.24191109811083222,0.29466713033963965,0.0,0.0,0.25887434859943326,0.27514914119220635,0.30964254416305775,0.29820323697151535,0.0,0.0,0.0,0.0,0.19922279361043466,0.3279368963073393,0.0,0.0,0.0,0.284727116671767,0.0,0.27776072410348407,0.0,0.0,0.0,0.0,0.25899781963567725,0.0,0.31922303812561653,0.314872653760072,0.0,0.0,0.0,0.296984389697059,0.2195125229288193,0.32860017769001615,0.2783009243076679,0.0,0.2799669817187246,0.3209794757541648,0.28346513130542494,0.25192960693548927,0.29191519912456065,0.2645616445090793,0.2668404277933026
0.25826280820962555,0.2730864890007965,0.0,0.0,0.3093115241750025,0.2958797680621043,0.32156380920278127,0.260272787525392,0.3057781593616453,0.23434706758831864,0.0,0.2146163674232959,0.32180280958394397,0.0,0.21790306518932467,0.24237864624327563,0.2656815741365234,0.2802682532328501,0.0,0.24045760294490037,0.26648938589444837,0.0,0.2663270228627203,0.22767601577733354,0.2786222298840436,0.25782724398662266,0.26905758870142643,0.289142600602375,0.2776260219485862,0.2731524943808475,0.2591187517869148,0.2805102874611203,0.264779057972288,0.26790643825139426,0.30522845787785846,0.3336142665473685,0.2807515882609005,0.0,0.28509779065098406,0.31772869955433086,0.3240387539205717,0.31940112375527246,0.0,0.0,0.0,0.30377382212026055,0.3250512363496349,0.0,0.0,0.0,0.29029294832221925,0.2076865081300493,0.0,0.21867974429897385,0.22239901898341277,0.0,0.0,0.21344994816337698,0.0,0.33841232036831437,0.3187460778363765,0.0,0.2341480676419934,0.0,0.32037241545988,0.3048843322915019,0.33034068720018434,0.31163757418862353,0.0,0.30477348526783904,0.33622223707951815,0.30445268788584307,0.230732791409177,0.3107530200188726,0.0,0.3087676923659075
0.24658045395832717,0.25478252023279147,0.21809675503799983,0.23542456217158678,0.2404280921068034,0.24888381255260225,0.26235377819702,0.22819392586275813,0.26011389800410734,0.2744303114273117,0.20365714958410586,0.24655171303049386,0.2702069250464809,0.241282822234596,0.2596460428004485,0.2667883752364271,0.0,0.2613893994218378,0.19624894609752294,0.19164392616519765,0.24791277540436435,0.2663270228627203,0.0,0.24567145622984204,0.2670672388065395,0.2772879127502017,0.22574577901924348,0.267947035879142,0.25422105995278305,0.2674056858864399,0.2779858704467803,0.2530832428046165,0.23702024954964662,0.2808995192551096,0.2771428804998004,0.22698568362947588,0.25069037529265126,0.23865327260404054,0.2762076624370867,0.0,0.3088670035551402,0.2992141799091249,0.30366173858482876,0.2467542710284758,0.0,0.0,0.26608948712392355,0.35667616015198833,0.0,0.2973762022992931,0.30893546979701714,0.31825356216721773,0.2950910640851612,0.34222374541860057,0.0,0.27077547582938416,0.0,0.30904551584827467,0.0,0.30229294032948767,0.21968158253065792,0.0,0.0,0.34911123344000344,0.29566975879600244,0.2734911267958301,0.29960529370195393,0.31557064335041085,0.0,0.20504007060335555,0.2675358702502339,0.31203743574988907,0.29596274776809434,0.30257437660368874,0.2976269228733138,0.3006504804973959
0.21765374359212128,0.2338430918726226,0.0,0.0,0.0,0.21748927275883254,0.29562480487252646,0.31248643979868185,0.28070956153553345,0.22855531886971395,0.31706355613189896,0.20731051801590497,0.3263358105959459,0.0,0.2725076520600793,0.26313750299922267,0.262385787843105,0.2579729952818064,0.26566771591085625,0.22134098574366298,0.28831724156487515,0.22767601577733354,0.24567145622984204,0.0,0.2672189346170289,0.22761476105368514,0.18944062736813613,0.2905819185910883,0.21276155444565767,0.0,0.25385457872082984,0.25757869256214,0.20169536571002789,0.19656950378085747,0.21016664934383147,0.0,0.0,0.1884599551933865,0.30317432639826647,0.25806800336278407,0.24317121696041616,0.0,0.0,0.0,0.21510678393658778,0.30214950191530837,0.31055060744388396,0.0,0.0,0.0,0.0,0.0,0.0,0.0,0.3218497569806985,0.0,0.3169751355159281,0.0,0.0,0.0,0.31396194201630534,0.33897763077164533,0.3158836698820993,0.0,0.0,0.31273275795052236,0.2582930451841205,0.0,0.29175836141587164,0.32241677092933824,0.3232378769529679,0.0,0.0,0.0,0.0,0.2950945685337347
0.2684553882005623,0.2568215796191429,0.18775972260161086,0.0,0.25903031253648245,0.2733151766312447,0.29083696391808755,0.3122615816453921,0.23721286275462122,0.23567813086921588,0.0,0.2546475723409792,0.29862405482190546,0.0,0.26115633000882815,0.2748395572615549,0.2238462055444485,0.2375115420481416,0.0,0.2834830454489376,0.26701219613240407,0.2786222298840436,0.2670672388065395,0.2672189346170289,0.0,0.25131066675211183,0.2694493508605514,0.27904686960808806,0.2821152187780623,0.0,0.2545248737755772,0.2770570628922578,0.22853415915021472,0.24330848186829335,0.2710703390827845,0.0,0.0,0.2215533451590116,0.31083472446080757,0.2940865750940842,0.3021746026554718,0.3186597556491406,0.0,0.0,0.23238674282806795,0.3139741974143497,0.33818847821259274,0.0,0.0,0.0,0.22050676736894836,0.20816035693007331,0.2665712374790412,0.1948572027467937,0.32365178952433377,0.0,0.3260857272347476,0.23536426134524766,0.0,0.3071993452148145,0.32828352795772503,0.3255795136159578,0.32026095016954814,0.0,0.300543730837378,0.29716636744278063,0.3419477604798422,0.22878607625155462,0.3321981436728862,0.32547843248680985,0.33142692494029213,0.23231536887901857,0.25241147824985616,0.3024397916804329,0.0,0.31090416831165063
0.24239942399747808,0.26652407992755384,0.0,0.0,0.23858437810860586,0.2717666692697175,0.28427023723752115,0.3021635569948207,0.22180439410952313,0.2584360912556767,0.0,0.2238493103221087,0.2929062215576453,0.0,0.17425470485839764,0.27849484430064864,0.2564891743516656,0.2608473452437314,0.0,0.2886815978290125,0.2418212666106364,0.25782724398662266,0.2772879127502017,0.22761476105368514,0.25131066675211183,0.0,0.2871976221736896,0.26409891273203895,0.2745251709140827,0.0,0.2569949115526462,0.2743488516757658,0.24948552820813938,0.2533219361779035,0.2836126687571274,0.28313137944253247,0.0,0.24069452002608377,0.2893259670601748,0.30525815293519726,0.31002468161813,0.3260893482561792,0.0,0.0,0.27065966784753215,0.3036824026045553,0.334520727848488,0.0,0.0,0.0,0.2790064839556345,0.21976626447079045,0.0,0.0,0.348983684536823,0.0,0.343567450643566,0.23417300886090414,0.0,0.32217698729813404,0.33079370704447103,0.34264197153193826,0.32530442605556636,0.0,0.31353410996323,0.2700543931246842,0.3261494679593742,0.29134995872910957,0.3293269949156951,0.3291334139141936,0.3300150244301387,0.29564476556830677,0.272048922555372,0.3029233868113042,0.0,0.31547220351967303
0.21291996327323945,0.2810196809962914,0.22496661825066155,0.2531433429826326,0.2515562578405678,0.23369562228462254,0.2683126613107353,0.26348763702188294,0.23380829626131414,0.2796076502479115,0.2634098509880024,0.25201441271212416,0.27372028456372455,0.2598412601621055,0.27471755738782644,0.28080309496634964,0.0,0.268480377835753,0.2726172089472612,0.22695105551249437,0.26565457446328156,0.26905758870142643,0.22574577901924348,0.18944062736813613,0.2694493508605514,0.2871976221736896,0.0,0.2735349452305269,0.23528238353271586,0.27103604149405464,0.26033786744039966,0.26361658842099017,0.24396212869806846,0.2794883878285456,0.29483571846542,0.2415745002902964,0.27842208431290405,0.2433594702569804,0.2682488931750463,0.25684240717986884,0.2765809031691652,0.27329392510406525,0.2991414942074524,0.2066700108418936,0.0,0.21464848008485243,0.26087139804741744,0.34834380174415946,0.0,0.32638426340522714,0.3058712591747238,0.30133845501841683,0.2980023864803011,0.344570223649076,0.0,0.30089421397113403,0.0,0.2484253611231922,0.0,0.2991825962503317,0.20893744862031222,0.0,0.21398668168291185,0.3332429257767721,0.2847588907994824,0.2794104252714213,0.2803169557580031,0.30858440595874714,0.0,0.18754130181058312,0.30984161326559245,0.3062681824524529,0.24592246746778115,0.2827255569372078,0.2762177285541771,0.28158988774404103
0.24192577667484116,0.2946194280133976,0.29219616495582157,0.17518132110467685,0.2522549186704739,0.2510878891057033,0.2596513877687374,0.2728025910995354,0.3069025103293911,0.2865742285067403,0.31877512175246303,0.29877320450175465,0.22319328966480614,0.11875823889301051,0.26005571168779346,0.30048080037823754,0.28192281303014183,0.2844804172926141,0.3140869916830003,0.2621131109471225,0.2544010435585035,0.289142600602375,0.267947035879142,0.2905819185910883,0.27904686960808806,0.26409891273203895,0.2735349452305269,0.0,0.21985943662721666,0.2207691856340782,0.24954511903902607,0.26279813783013634,0.2353688094152056,0.25489295454215516,0.24561912499641086,0.19308115764913658,0.19964388129546684,0.25384933745677996,0.2427373605802422,0.2999091171586667,0.2759606225609491,0.2529467926758397,0.0,0.0,0.0,0.0,0.23060965946015188,0.0,0.0,0.0,0.27713460321665534,0.22910704835731882,0.2865869208564644,0.22755529575479685,0.2817318782808102,0.24189995813821727,0.26317541858941546,0.23189544965976264,0.0,0.2804772681254575,0.21186675670565078,0.0,0.2122595661854764,0.0,0.2925222296774679,0.29054707922423323,0.25082360575583845,0.3092471904606343,0.0,0.23903151052876798,0.26855661549997806,0.3052836901456396,0.24989773280338015,0.2756448419924601,0.23213796882343654,0.2454672004829249
0.2558455464487444,0.2895809871941557,0.0,0.24791733781428663,0.28058976613637143,0.22053574351633717,0.2828105126924573,0.2536450409170334,0.27945647140811064,0.2611944147797984,0.0,0.2145064234760618,0.2659952894326675,0.0,0.2673639221994643,0.30843543773170945,0.2587618942063442,0.2997844437744368,0.0,0.22153139248342602,0.2546651775941327,0.2776260219485862,0.25422105995278305,0.21276155444565767,0.2821152187780623,0.2745251709140827,0.23528238353271586,0.21985943662721666,0.0,0.2411673914702339,0.25297115972511053,0.2715140002818542,0.24500504669427775,0.28019509156340794,0.3078801694177711,0.29263334392962426,0.28316804991695704,0.2354663857172274,0.269057880693314,0.26887299150516225,0.2688609720047293,0.292064466240574,0.24446582535743747,0.20384184888270585,0.0,0.0,0.2844484432359123,0.0,0.0,0.0,0.2745512788016358,0.22379632745455785,0.29969135428280574,0.213971425656377,0.0,0.0,0.0,0.24189191153948608,0.0,0.30486189996600527,0.22053164163154082,0.0,0.21646469306528313,0.0,0.28709624441995035,0.2909463330928106,0.3112826364295414,0.2978679146335876,0.0,0.21231898698473603,0.28918633129092697,0.29708158503316556,0.24831189915271618,0.2882009003908834,0.25695612947539864,0.2666412858043514
0.0,0.0,0.0,0.0,0.0,0.2774097554707894,0.2971164193394765,0.2785965322016465,0.27095059517632025,0.0,0.0,0.0,0.2732454639959766,0.0,0.0,0.260368110536224,0.0,0.24905733388249696,0.0,0.23388373365437135,0.2619459069326197,0.2731524943808475,0.2674056858864399,0.0,0.0,0.0,0.27103604149405464,0.2207691856340782,0.2411673914702339,0.0,0.22072152209808463,0.2778584120891654,0.22241805853064825,0.261274789249904,0.2812895200129403,0.0,0.0,0.0,0.0,0.0,0.0,0.0,0.0,0.0,0.0,0.0,0.0,0.0,0.0,0.0,0.0,0.0,0.0,0.0,0.0,0.0,0.0,0.0,0.0,0.0,0.0,0.0,0.0,0.0,0.2821750971617758,0.0,0.0,0.3074179937596866,0.0,0.0,0.0,0.0,0.0,0.2711463807971375,0.0,0.0
0.2402801840443946,0.25107365288799743,0.30591931392003796,0.24863351611606752,0.31005534458811057,0.2894230181695805,0.2851606429705375,0.28160770784831557,0.3195192442944615,0.2285892276891725,0.33188764068407284,0.25201900672606947,0.2717492723737297,0.0,0.27067583248347993,0.2622614751343175,0.24666509341706402,0.25757612142594877,0.3268894696606498,0.25458768255547676,0.24147347893893506,0.2591187517869148,0.2779858704467803,0.25385457872082984,0.2545248737755772,0.2569949115526462,0.26033786744039966,0.24954511903902607,0.25297115972511053,0.22072152209808463,0.0,0.2722984215374851,0.21291388981338558,0.18507320979123232,0.17416322984190055,0.2960337659567426,0.24000056550976467,0.20947910850318174,0.2713065742546529,0.2664491577091693,0.27007878817243425,0.0,0.0,0.0,0.24694008822609073,0.28735591317601455,0.31321532160517684,0.0,0.0,0.0,0.27594820876251014,0.0,0.0,0.24037176578679215,0.3043921291548072,0.24795706599142958,0.30537477662179885,0.22969956707544287,0.0,0.32132752198005377,0.3054166083630304,0.31093787291134295,0.3117550993314295,0.0,0.31081375884553614,0.26811284063961893,0.3140451516029797,0.3269884507989068,0.29199592027986215,0.31673731975424135,0.31795309163339885,0.31697929488636983,0.25455004283826826,0.2753358595880954,0.0,0.2742823353969575
0.273768915274037,0.28314995479916805,0.27018054554325915,0.20372779450332903,0.25004847959585846,0.2631388686584432,0.26564320272710473,0.2406095008382209,0.282600838296661,0.25578245929457644,0.24879005708028606,0.29778163098591154,0.2757211566649396,0.16537891136918748,0.2728249552772272,0.29975347380293765,0.28311559960955995,0.29360912448685433,0.27900713088070356,0.2799046288615075,0.2527688732373314,0.2805102874611203,0.2530832428046165,0.25757869256214,0.2770570628922578,0.2743488516757658,0.26361658842099017,0.26279813783013634,0.2715140002818542,0.2778584120891654,0.2722984215374851,0.0,0.23131057224343693,0.251518806420717,0.24159302794693796,0.17859409980996088,0.20320992063119717,0.19234224914246179,0.17316701033336157,0.21472803203356056,0.23796379093787975,0.21749361244967125,0.18043883303881886,0.20035286921508325,0.1739465628182639,0.27144658659085436,0.29933869942724095,0.2877152653101644,0.0,0.0,0.30061149092518524,0.249207123842167,0.3048320723407025,0.2555518917684609,0.2984672099624661,0.2513185583404481,0.29975512442743324,0.2721048879053282,0.0,0.3222174945242257,0.2728529964198039,0.28576827963394374,0.28564480854570384,0.0,0.2999870405166244,0.2849861534177485,0.2979256724259273,0.3093067744601813,0.0,0.29471631058034764,0.2972183635061578,0.3079635484070982,0.2252744792585962,0.2940477638613309,0.318730892260604,0.2754108793178899
0.24201549812704765,0.2585895939674183,0.0,0.17998105845535742,0.25648203007129655,0.24570219206125674,0.2515263609362642,0.0,0.2684584774799373,0.210113051453566,0.277817718930279,0.21323983831189938,0.2721417700204012,0.0,0.2656263739252875,0.26625162571519556,0.22956185789055736,0.24627992815436728,0.26688874866080253,0.25940223320646366,0.22972150955914591,0.264779057972288,0.23702024954964662,0.20169536571002789,0.22853415915021472,0.24948552820813938,0.24396212869806846,0.2353688094152056,0.24500504669427775,0.22241805853064825,0.21291388981338558,0.23131057224343693,0.0,0.17985492322429522,0.266804831866241,0.25973478892164015,0.20896675673430182,0.1357632101165019,0.19919682144448392,0.20570034377048702,0.23253655141151452,0.31929286547448377,0.0,0.0,0.1772220839778073,0.2972498946712704,0.3210199349721684,0.0,0.0,0.0,0.296111560516196,0.0,0.0,0.0,0.26788945170317685,0.0,0.2727890796692809,0.23799695750105004,0.0,0.3352677179627852,0.3089803422402087,0.2982733287771275,0.32011277986917736,0.0,0.31591633909348893,0.2596827363054958,0.32710092688754683,0.30812003126561505,0.2252635398421469,0.3093293841546355,0.3189104752890436,0.300570560558142,0.0,0.2796128884839888,0.0,0.2707181784440843
0.23045642951166953,0.25364775333722434,0.3035446019721257,0.2062287526153848,0.29745726631200337,0.2910903610364128,0.2683821619005472,0.2840817702773905,0.31567400042745786,0.22939784669942256,0.32190957358184297,0.21352300886830825,0.2775207246112085,0.0,0.2785338628149532,0.26171392642964686,0.2457124005082678,0.2526744728919772,0.31602136696884586,0.27968918883977967,0.24191109811083222,0.26790643825139426,0.2808995192551096,0.19656950378085747,0.24330848186829335,0.2533219361779035,0.2794883878285456,0.25489295454215516,0.28019509156340794,0.261274789249904,0.18507320979123232,0.251518806420717,0.17985492322429522,0.0,0.20178423108074706,0.24211783964236203,0.22105315605293135,0.1585160499920244,0.21507799265717426,0.20643683011327713,0.24817729489070067,0.23790703840663152,0.0,0.2243172524168604,0.18849078521140233,0.2884082892901853,0.3222901054063099,0.0,0.0,0.0,0.2881898740708373,0.23947184428332058,0.0,0.22661143156489133,0.267587460823873,0.25877721812918353,0.27970195142188486,0.25353157118989306,0.0,0.3280876288977149,0.3099382372025336,0.2990595296123965,0.30449631447706105,0.0,0.31846683229376455,0.2594747995126726,0.32303986563653736,0.3282109914191168,0.24421333602936862,0.3120425151287724,0.31984629859139574,0.32131952121299356,0.29210379722648777,0.30777654760655826,0.0,0.253722585850559
0.2812825770449015,0.30430437757712253,0.3126262303957176,0.20449446759136652,0.2917907926610468,0.30382813758657023,0.2629621477340098,0.286284165616722,0.3168934484931712,0.22820906629237356,0.304260921980084,0.23148208878869825,0.2795374572192119,0.0,0.3073461334472697,0.31218280708696095,0.25724385418290474,0.28035830802279726,0.3111303421256369,0.3098752030742979,0.29466713033963965,0.30522845787785846,0.2771428804998004,0.21016664934383147,0.2710703390827845,0.2836126687571274,0.29483571846542,0.24561912499641086,0.3078801694177711,0.2812895200129403,0.17416322984190055,0.24159302794693796,0.266804831866241,0.20178423108074706,0.0,0.29213476687610546,0.21667125030207526,0.18528178787000954,0.20950643079577475,0.19840806105177677,0.33338761070245104,0.246857625541512,0.19396043991039005,0.21032276728486307,0.0,0.0,0.3347652890237397,0.0,0.0,0.0,0.28561141017015673,0.0,0.0,0.0,0.3061119931767395,0.26105887014286605,0.0,0.0,0.0,0.3475624034457351,0.32269768818541966,0.0,0.31399979462431965,0.0,0.31681677006187997,0.3323479739012746,0.3425119380504312,0.31925098632312016,0.0,0.32078620643969114,0.33616749679078095,0.318878090730151,0.18799563698979305,0.2987693425596121,0.0,0.0
0.0,0.0,0.25719961862434365,0.12962818332648923,0.15081282802044463,0.26184214655479127,0.1832691534633093,0.14867497582379002,0.2772767948156823,0.1667294612892012,0.208298839296561,0.0,0.23565347700660277,0.1535334354646913,0.3337937504689413,0.0,0.0,0.0,0.256593757229256,0.32215378895646496,0.0,0.3336142665473685,0.22698568362947588,0.0,0.0,0.28313137944253247,0.2415745002902964,0.19308115764913658,0.29263334392962426,0.0,0.2960337659567426,0.17859409980996088,0.25973478892164015,0.24211783964236203,0.29213476687610546,0.0,0.1326046438290554,0.2169402162129844,0.1664122303103714,0.0,0.0,0.23271904194609203,0.0,0.1767330039225681,0.0,0.0,0.0,0.3108147748508281,0.0,0.0,0.28946646722017777,0.248181941111107,0.0,0.0,0.0,0.25059559363976847,0.0,0.2401020345454876,0.0,0.19411483223271697,0.0,0.0,0.0,0.3616872779450859,0.0,0.0,0.357268671913889,0.28060900818921297,0.0,0.0,0.21507358702636195,0.25413359405848607,0.0,0.0,0.0,0.0
