0.0,0.37368385952947625,0.0,0.0,0.0,0.31229498981170617,0.3042388536379025,0.4028695659547161,0.24779020803038157,0.3868622723513261,0.0,0.366185486561579,0.3631905979079549,0.40026576768529665,0.32189774093907847,0.3936975432458914,0.3513705662410887,0.37653379546534,0.0,0.371127060216711,0.3093051973416408,0.3690225621595404,0.352330060719804,0.31099771074581967,0.3835863780234901,0.34635593537316867,0.30423378002701373,0.3456791575212931,0.36556862260628264,0.0,0.3433278286057283,0.3911786883075406,0.34580735732057283,0.32929101435119523,0.40191469298860977,0.0,0.0,0.3251450921016229,0.4137105205773761,0.4491140543543828,0.4194083865513878,0.0,0.0,0.0,0.0,0.3620069071695518,0.47013444136899424,0.0,0.0,0.0,0.3501987559928206,0.0,0.0,0.0,0.0,0.0,0.0,0.0,0.0,0.0,0.46394598854736796,0.3790087487810197,0.4403574517931386,0.0,0.0,0.34304892295092065,0.4457253647373526,0.0,0.0,0.45566698294628694,0.44439043269057366,0.0,0.0,0.44494568433350024,0.0,0.37630506865137614
0.37368385952947625,0.0,0.0,0.0,0.3788845367274982,0.4107672925976151,0.43628664182837734,0.3652048421188825,0.4141586924112029,0.32215788253251987,0.0,0.290917636316276,0.4439281809185181,0.0,0.3672416592327946,0.3952470143000695,0.3630417527529405,0.40173096043271617,0.0,0.407123414323007,0.3446869708805341,0.3902035936216972,0.3640497021679386,0.3341300960225824,0.3669632417687941,0.38082680016492737,0.4015390501536531,0.42097124607750686,0.41377199678065607,0.0,0.35875023322862915,0.40458292279752534,0.369489494732813,0.36242827401822175,0.434809726837349,0.0,0.0,0.0,0.46145941379364497,0.456069873322079,0.4454062477144666,0.48543401157517296,0.0,0.0,0.0,0.4634111646439474,0.48620646402813017,0.0,0.0,0.0,0.40123296557262433,0.3217871258624414,0.0,0.31677955382967604,0.3509899857818185,0.0,0.4162574018655705,0.2919068762130231,0.0,0.44102592053950784,0.47639491590765876,0.337197324133759,0.4319100426456148,0.0,0.43881003435804716,0.38840712257229076,0.4645800357374685,0.38907878234287924,0.49305697345117455,0.48165262671569925,0.48651904372944227,0.42224965531762054,0.2958929262629409,0.438135772125454,0.0,0.4381387208700375
0.0,0.0,0.0,0.358295333570957,0.37539121688021,0.3627822988546129,0.39094246536572075,0.41299334416072836,0.3131731670924412,0.402886630506371,0.2961370075166298,0.0,0.4102377979197234,0.39284944318993364,0.0,0.0,0.0,0.0,0.2807008576403873,0.0,0.30127606397327583,0.0,0.3116307140805136,0.0,0.2682832049459169,0.0,0.321446817847047,0.41750873148435863,0.0,0.0,0.4371172520715031,0.38605139413302453,0.0,0.4337241104361106,0.44670052702775004,0.3675034082885594,0.3853182038383348,0.3438037010763678,0.3808543830952577,0.0,0.0,0.3246889343045643,0.4521867461970694,0.0,0.0,0.0,0.0,0.30365919066421665,0.0,0.4073628740872311,0.48824279863255654,0.44013605793298277,0.5061854096854178,0.4896958383736845,0.0,0.31857061193591113,0.0,0.41972754629702325,0.2858938131550951,0.0,0.0,0.0,0.0,0.28107120818920234,0.0,0.0,0.0,0.5063527742647677,0.0,0.0,0.0,0.4865903147566215,0.3645582652500864,0.0,0.0,0.0
0.0,0.0,0.358295333570957,0.0,0.24953013525965262,0.3738611118243106,0.2698656525762735,0.330106909041422,0.38815678621753824,0.25797934958201185,0.3723853754231227,0.0,0.322559661205719,0.2226328085951427,0.0,0.0,0.0,0.0,0.374859311167182,0.0,0.0,0.0,0.33638980281408176,0.0,0.0,0.0,0.36170753996161625,0.2503103733932513,0.35424028662207735,0.0,0.3552636083838067,0.29109941625705904,0.25716854777430015,0.2946729465565337,0.2921948882270561,0.1852211112813448,0.15410884035101852,0.26039377861613494,0.28475261871368207,0.0,0.0,0.0,0.0,0.0,0.0,0.0,0.0,0.0,0.0,0.0,0.0,0.0,0.0,0.0,0.0,0.32997410377769176,0.0,0.0,0.0,0.0,0.0,0.0,0.0,0.0,0.0,0.0,0.0,0.2859652466303593,0.0,0.0,0.0,0.2983686331377374,0.0,0.0,0.0,0.0
0.0,0.3788845367274982,0.37539121688021,0.24953013525965262,0.0,0.34667402158381105,0.29996830406900976,0.3523706654835507,0.3082240023061101,0.43307399068122365,0.3325652184032752,0.42250794210821463,0.30705621805113176,0.2858378114709515,0.0,0.4302067160266078,0.0,0.0,0.35642033377748417,0.4294897148516972,0.0,0.4419642609317755,0.3435391691875664,0.0,0.3701192218571898,0.34090475167998613,0.35943981032005395,0.3604381019878313,0.40092476006590133,0.0,0.44302707952549614,0.35728539948990673,0.36647807146883865,0.42502613252130317,0.4169295093970465,0.2154910983445133,0.23334182615505863,0.37794237660801305,0.3325930291499752,0.0,0.0,0.0,0.4195701092163167,0.0,0.0,0.0,0.0,0.4424545672065952,0.0,0.4113036299295112,0.38498894003677187,0.3477111832393963,0.0,0.4081167375152504,0.0,0.35463255764448504,0.0,0.2987829108723885,0.0,0.0,0.0,0.0,0.0,0.4541839519926351,0.0,0.0,0.0,0.44039655936276695,0.0,0.0,0.0,0.39762478221522646,0.3095888928742923,0.3305454274098191,0.0,0.0
0.31229498981170617,0.4107672925976151,0.3627822988546129,0.3738611118243106,0.34667402158381105,0.0,0.37641294082881377,0.3591087031472382,0.317862709690077,0.43669720755755637,0.3517158032559667,0.3786266085674043,0.3433998047736485,0.37895910046521364,0.3899332993374696,0.4359211009255698,0.3303328104916441,0.4248200000652125,0.3828009544931772,0.4022898407130779,0.3489654659703398,0.4227721012497642,0.3556212480801678,0.31076270420840346,0.39053035726183266,0.38831775004194274,0.3339193819612677,0.3587705748549349,0.31511569816936896,0.39638095566896603,0.41354628044699304,0.3759897919071817,0.351075143460324,0.4159286875035193,0.43412924441429024,0.3741369517076352,0.40623187855902654,0.3671626355934967,0.40922190720579965,0.33832859669372073,0.42184467077803034,0.36153512571041646,0.39657746983935,0.2783074637682443,0.0,0.3324223400516018,0.36384841179355987,0.48025057212219985,0.2923888538980915,0.0,0.4309719868033884,0.41510117402834773,0.4225319120187951,0.4762510614771979,0.30183627406794805,0.4273508540524102,0.0,0.39006218345359767,0.0,0.38506596728927833,0.2980181616720985,0.0,0.290664454705208,0.4683137274506376,0.37896080793223585,0.37610948721680354,0.4019594424001859,0.44496187021386174,0.0,0.2945235692321947,0.39348791264048577,0.44010566841495863,0.36454605850957755,0.42612059126565205,0.39100836148340473,0.41540266327737074
0.3042388536379025,0.43628664182837734,0.39094246536572075,0.2698656525762735,0.29996830406900976,0.37641294082881377,0.0,0.3859827019033971,0.3638934406291897,0.4166539205033541,0.41928823194312415,0.4102706918980519,0.29988452313568575,0.28504823450105793,0.0,0.4636139104850384,0.4062556247898237,0.4370433477809189,0.4271248793278356,0.4246741715888553,0.3578650251906128,0.4594711162339528,0.37486800400589687,0.42240779339558027,0.41556661735297584,0.4061836546203121,0.3833824406352995,0.371006654217619,0.40409790601639617,0.42453910837726117,0.40745592377604944,0.379568145991254,0.3593970916943903,0.3834817475618438,0.375737281649225,0.26186679005265995,0.29243200118806084,0.37363416644872816,0.2715841389299508,0.4543035848278011,0.31632412766282453,0.0,0.3602313545003452,0.3186151536812796,0.0,0.0,0.35377454017419124,0.4077820162264802,0.0,0.35137356676134773,0.35085536409524987,0.34906729809031734,0.3613663132720056,0.38514226322041567,0.0,0.34017393434134835,0.0,0.30916303588258004,0.0,0.3291288624385121,0.3306906814649516,0.0,0.3244766071034963,0.38702958867330567,0.32749742491508277,0.0,0.331674744801676,0.44443254465864157,0.0,0.33783708805654056,0.33325872932838396,0.39854491583955043,0.29626868713522164,0.3235140636574174,0.0,0.30469437911838243
0.4028695659547161,0.3652048421188825,0.41299334416072836,0.330106909041422,0.3523706654835507,0.3591087031472382,0.3859827019033971,0.0,0.4348437764030737,0.4034046718860393,0.3385672786503112,0.3887058333600577,0.38586035595064255,0.33696597915223214,0.32394776048852514,0.35199415799672207,0.0,0.4105666772120965,0.4125057200137389,0.3574000191718718,0.3833456030898217,0.3718945502794472,0.32605820317251827,0.4465007852041342,0.44617949336802093,0.4317507842746101,0.3764881346456075,0.38979794198474127,0.36242439833726153,0.3980766988267526,0.40237926085629694,0.3437983776865751,0.0,0.4059143608687573,0.4090612854168272,0.2124363972026921,0.34294090083297435,0.0,0.3990524753929639,0.0,0.0,0.0,0.0,0.0,0.0,0.0,0.45697099762272747,0.5136045969572967,0.0,0.46547142964925275,0.43372971367664065,0.4305042058597676,0.3631837005269645,0.5029786229806412,0.0,0.4204090727391136,0.0,0.40235562992325347,0.0,0.0,0.0,0.0,0.0,0.5026202646124527,0.0,0.392136009967024,0.0,0.4338024282075192,0.0,0.0,0.353781051806812,0.4501179576855683,0.36909284296720124,0.4357022086551359,0.0,0.390587807938039
0.24779020803038157,0.4141586924112029,0.3131731670924412,0.38815678621753824,0.3082240023061101,0.317862709690077,0.3638934406291897,0.4348437764030737,0.0,0.47270401126842665,0.3089824973799772,0.4581399712582791,0.36968999398140523,0.39165097422343376,0.0,0.4098055660633366,0.35347141555479994,0.315035534800542,0.2753978329492442,0.4127072998919292,0.2944747826582351,0.4369155613319047,0.3716675186807,0.4010959314608078,0.33894504205908804,0.31692842798373194,0.33408037780831085,0.43852210653196827,0.3993054354438084,0.3871516907283886,0.45654970998812106,0.40379830971256747,0.38359079218516545,0.45105537747556584,0.4527978035443817,0.39619097290701055,0.41908802744638485,0.41814639029502904,0.368167111327849,0.3757549569723823,0.3439600420545425,0.29668040003478485,0.4686298270210142,0.32113296431480315,0.0,0.0,0.3291661960840125,0.5228296121261982,0.0,0.4420039909622695,0.47522218851508763,0.4245339794045165,0.4845062076738948,0.4748021787592681,0.0,0.41572216372919973,0.0,0.3687701151836114,0.4852854798709579,0.0,0.31214475546043935,0.0,0.0,0.5094911832973685,0.34405200004806885,0.0,0.31451793330189054,0.49458661675640275,0.0,0.3156584929231664,0.32028310934603593,0.4853682604676001,0.34037315615061037,0.3304860781450231,0.0,0.34159863655137057
0.3868622723513261,0.32215788253251987,0.402886630506371,0.25797934958201185,0.43307399068122365,0.43669720755755637,0.4166539205033541,0.4034046718860393,0.47270401126842665,0.0,0.4698358024541201,0.28131249274098724,0.42794780084805956,0.0,0.0,0.3643637524721621,0.2993510363500669,0.34379421881149497,0.451595643202456,0.3430270706845911,0.0,0.33485020903909307,0.39212373380122156,0.32657458481607693,0.33675211812820394,0.36927016015507014,0.3995214495233981,0.4094757459874529,0.3732114307591988,0.0,0.3266230359249422,0.3654784796103483,0.30022308333153347,0.32777844293473196,0.3260798367951355,0.2382338108183236,0.24073398867910803,0.27590005876033014,0.33235530247298534,0.3859431043683816,0.36052151210936134,0.3598006956700779,0.0,0.0,0.3386311700414671,0.4127353597460153,0.0,0.0,0.0,0.0,0.0,0.4054147147255196,0.36997683514093915,0.31946172330174216,0.4668284456726995,0.35186042429362724,0.469162330558173,0.39052282048093484,0.0,0.0,0.39271522451445845,0.4733425908582374,0.4505994825756984,0.0,0.0,0.0,0.0,0.3209021946084966,0.4084929450213805,0.48110523539337247,0.48850443568350405,0.0,0.41675175605795917,0.0,0.0,0.41819599515103795
0.0,0.0,0.2961370075166298,0.3723853754231227,0.3325652184032752,0.3517158032559667,0.41928823194312415,0.3385672786503112,0.3089824973799772,0.4698358024541201,0.0,0.43582956607322887,0.4437644352597946,0.314873920694196,0.0,0.0,0.0,0.3605172248658174,0.26123109733139027,0.0,0.0,0.0,0.29099847423882574,0.45304086431306695,0.0,0.0,0.3763769889420437,0.45548645969315,0.0,0.0,0.47422247269499335,0.35548728421270104,0.39696388017959144,0.4599651666856976,0.4347476346767684,0.2976308199579564,0.4146664722508887,0.41970778477437687,0.0,0.0,0.0,0.0,0.3232486651908577,0.2901252598750517,0.0,0.0,0.0,0.3930676014416791,0.0,0.3490454107155312,0.39884383965876846,0.3819516082777401,0.261938726107711,0.44650147420139297,0.0,0.2541954489046693,0.0,0.33161788880503834,0.3132508786836414,0.0,0.0,0.0,0.0,0.22987340210694995,0.0,0.0,0.0,0.4213170203308962,0.0,0.0,0.0,0.4478539177091945,0.288351173098213,0.0,0.0,0.0
0.366185486561579,0.290917636316276,0.0,0.0,0.42250794210821463,0.3786266085674043,0.4102706918980519,0.3887058333600577,0.4581399712582791,0.28131249274098724,0.43582956607322887,0.0,0.4708865582976904,0.0,0.0,0.29907583581100994,0.3550080378104658,0.35246615577050705,0.40124674301573227,0.0,0.380158994770039,0.3066577117198953,0.35228899382789874,0.2962186427507433,0.3638568799139725,0.31985033619576303,0.36009445155833236,0.4269064299043915,0.30650061671506856,0.0,0.3601010157818396,0.42548960569372557,0.30469083811894526,0.30509545047865183,0.3307565424964814,0.0,0.0,0.2309955029802932,0.0,0.40826414412575945,0.3848157216493371,0.35890319861415626,0.0,0.0,0.354201273840248,0.38037742392986634,0.0,0.0,0.0,0.0,0.0,0.0,0.0,0.0,0.4789404729909066,0.0,0.458185606901291,0.41981947002086273,0.0,0.0,0.3964189202050775,0.5178116141929785,0.4539496227236443,0.0,0.0,0.0,0.0,0.0,0.42975166356542954,0.4868035710275209,0.4831177934683003,0.0,0.42613614646228437,0.0,0.0,0.4445220613263955
0.3631905979079549,0.4439281809185181,0.4102377979197234,0.322559661205719,0.30705621805113176,0.3433998047736485,0.29988452313568575,0.38586035595064255,0.36968999398140523,0.42794780084805956,0.4437644352597946,0.4708865582976904,0.0,0.33256761547185004,0.3660535689726744,0.46396884522393894,0.4353427267941055,0.4544409894537807,0.44062949866975176,0.42120374771723823,0.3827758645439132,0.45981261539763485,0.38608908686909776,0.46628965968952135,0.42669331521945186,0.4185233061662486,0.3911092016112425,0.3189129715575264,0.38007123019098754,0.39043074735106054,0.38829289223459706,0.3939681767554477,0.3888537181940931,0.3965395155359558,0.3994211531954985,0.33671689109876174,0.37028189834244885,0.40391002402393145,0.33952843259812143,0.39690489615070274,0.35530568927762524,0.0,0.3425781380504158,0.0,0.0,0.34970525633479516,0.332059437254967,0.4173667326848905,0.0,0.0,0.3183120097149921,0.3435954621466862,0.4311140218276571,0.36598886893374205,0.4009491068682155,0.3715208028374927,0.0,0.30057918125830435,0.0,0.33176914501165583,0.3184915462421927,0.0,0.32548651713128446,0.40655804170415544,0.37201603575490366,0.36337941258302414,0.32864198902861985,0.44653748279696986,0.5076717227499544,0.34695601760269507,0.37372896639311703,0.42323339296624146,0.33289598034770235,0.36488864598161014,0.0,0.31731751097581273
0.40026576768529665,0.0,0.39284944318993364,0.2226328085951427,0.2858378114709515,0.37895910046521364,0.28504823450105793,0.33696597915223214,0.39165097422343376,0.0,0.314873920694196,0.0,0.33256761547185004,0.0,0.0,0.0,0.0,0.0,0.3666753572198511,0.0,0.0,0.0,0.34476046273695327,0.0,0.0,0.0,0.3712779561428548,0.1696894334018171,0.0,0.0,0.0,0.23630405796206527,0.0,0.0,0.0,0.21937847778046884,0.14832386367266484,0.0,0.0,0.0,0.0,0.0,0.0,0.0,0.0,0.0,0.0,0.0,0.0,0.0,0.0,0.0,0.0,0.0,0.0,0.35178686841950874,0.0,0.0,0.0,0.0,0.0,0.0,0.0,0.0,0.0,0.0,0.0,0.0,0.0,0.0,0.0,0.0,0.0,0.0,0.0,0.0
0.32189774093907847,0.3672416592327946,0.0,0.0,0.0,0.3899332993374696,0.0,0.32394776048852514,0.0,0.0,0.0,0.0,0.3660535689726744,0.0,0.0,0.3999150962804514,0.0,0.3923868919916188,0.0,0.3312005981714591,0.36197710219248197,0.31135395752885253,0.37099901698209803,0.38937651405721474,0.3731570127814028,0.24898636432004756,0.39253416936123875,0.37158437831806845,0.382026820985342,0.0,0.38675909206658093,0.3898298973646492,0.3795440999135097,0.3979871527639383,0.43915598386307775,0.4769460453280246,0.0,0.0,0.42415829473257494,0.48418936663040124,0.473356123313021,0.5075954506916787,0.0,0.0,0.0,0.0,0.4715488476413069,0.0,0.0,0.0,0.43946363167010916,0.0,0.0,0.0,0.0,0.0,0.0,0.34608792584469694,0.0,0.4848527705248464,0.4345531399622517,0.0,0.3621421813162256,0.0,0.46029485281034893,0.44374018141808647,0.4876628464135974,0.435159748591851,0.0,0.39550216853194403,0.47892135239463185,0.42904975135631596,0.3718942850518061,0.43347001368550886,0.0,0.446884905243886
0.3936975432458914,0.3952470143000695,0.0,0.0,0.4302067160266078,0.4359211009255698,0.4636139104850384,0.35199415799672207,0.4098055660633366,0.3643637524721621,0.0,0.29907583581100994,0.46396884522393894,0.0,0.3999150962804514,0.0,0.3732875999424407,0.31644992305069514,0.0,0.4005882045399367,0.3753366550158836,0.3463262467774903,0.3812044423532211,0.3759878405651821,0.39270849065162705,0.39793140059342585,0.4012295780610544,0.4293463530580238,0.4407124521010017,0.37203075394707485,0.3747361154349881,0.4283071019238612,0.3804375000089637,0.37395374252072516,0.4460669351968046,0.0,0.0,0.0,0.41941676502827785,0.4331984369378898,0.4402450893856825,0.46358829330215473,0.0,0.0,0.0,0.45671172443989505,0.48223476708243157,0.0,0.0,0.0,0.32009963232155314,0.0,0.0,0.0,0.34046931297677274,0.0,0.3581396791213573,0.309729162780106,0.0,0.4625163678774583,0.4632433970334136,0.32438350241921365,0.4302797666999488,0.0,0.4237438929695006,0.41977023711698663,0.4559971509790039,0.3441239234886597,0.45454208001374125,0.45571518134415706,0.4741601599756103,0.3765636044290011,0.3021683149529365,0.39148493231053677,0.0,0.4305365041031443
0.3513705662410887,0.3630417527529405,0.0,0.0,0.0,0.3303328104916441,0.4062556247898237,0.0,0.35347141555479994,0.2993510363500669,0.0,0.3550080378104658,0.4353427267941055,0.0,0.0,0.3732875999424407,0.0,0.3153291132603574,0.0,0.3670620397478656,0.0,0.3796229735365576,0.0,0.374913741453321,0.3198458998891378,0.3664882796775423,0.0,0.40282950346905794,0.36973568843011656,0.0,0.3524509990389503,0.40453383388619296,0.3280127927057848,0.35108972994800997,0.3675666149084824,0.0,0.0,0.3164192258079295,0.3577710247443227,0.370999312194254,0.3800669063984089,0.0,0.0,0.0,0.2669816896349368,0.41850670798672696,0.4158278989940483,0.0,0.0,0.0,0.0,0.0,0.0,0.0,0.45635918139370535,0.0,0.4772956128077926,0.0,0.0,0.0,0.405724978549248,0.46699792397924417,0.46453786884717746,0.0,0.0,0.0,0.0,0.0,0.469131166814656,0.45037645909766827,0.47307704687487795,0.0,0.0,0.0,0.0,0.39411564425742157
0.37653379546534,0.40173096043271617,0.0,0.0,0.0,0.4248200000652125,0.4370433477809189,0.4105666772120965,0.315035534800542,0.34379421881149497,0.3605172248658174,0.35246615577050705,0.4544409894537807,0.0,0.3923868919916188,0.31644992305069514,0.3153291132603574,0.0,0.0,0.40646597741893964,0.3838810815003923,0.4004653616869892,0.3734900373951522,0.3686084587510311,0.33937181430292357,0.3727155154149228,0.38362208482645344,0.4064839734427662,0.42835135381716266,0.3558691865510262,0.36804137978151935,0.4195276592191885,0.3519006500627251,0.3610375881269983,0.40059403778073815,0.0,0.0,0.28767109483020126,0.4182138591453015,0.40579938581422076,0.4223713651342139,0.44830572546358294,0.0,0.0,0.0,0.45194731719942144,0.47206611979818336,0.0,0.0,0.0,0.3181541736829782,0.0,0.0,0.0,0.4318700090484455,0.0,0.4426892245873965,0.30582346858217496,0.0,0.0,0.4564857648920586,0.43776406333461265,0.44995513235190476,0.0,0.357383147131634,0.0,0.44403371728409485,0.0,0.49114875168546696,0.45167088346052614,0.467038450761707,0.36029228064420155,0.31442948371577695,0.33803270200710195,0.0,0.4341415125957994
0.0,0.0,0.2807008576403873,0.374859311167182,0.35642033377748417,0.3828009544931772,0.4271248793278356,0.4125057200137389,0.2753978329492442,0.451595643202456,0.26123109733139027,0.40124674301573227,0.44062949866975176,0.3666753572198511,0.0,0.0,0.0,0.0,0.0,0.0,0.25418573460962524,0.0,0.28041315515796483,0.37960317200966287,0.0,0.0,0.3895330560056678,0.4487877569958336,0.0,0.0,0.4670807634804089,0.3986633887091068,0.38134786237754636,0.4515517172002058,0.4445631053604323,0.3666377144401934,0.4055847076560977,0.3783010404237422,0.4064812663439647,0.0,0.0,0.0,0.4552444978523967,0.0,0.0,0.0,0.0,0.49386363211777395,0.0,0.4567314449745915,0.44679492188601266,0.4253342082367514,0.523965127399567,0.501025194618143,0.0,0.2809223711992578,0.0,0.3648060011498787,0.0,0.0,0.0,0.0,0.0,0.4967571843713252,0.0,0.0,0.0,0.5016496068098358,0.0,0.0,0.0,0.4724217307109849,0.0,0.0,0.0,0.0
0.371127060216711,0.407123414323007,0.0,0.0,0.4294897148516972,0.4022898407130779,0.4246741715888553,0.3574000191718718,0.4127072998919292,0.3430270706845911,0.0,0.0,0.42120374771723823,0.0,0.3312005981714591,0.4005882045399367,0.3670620397478656,0.40646597741893964,0.0,0.0,0.3837167339166544,0.343581336176927,0.27383320558642954,0.3162662802138638,0.4050588642072136,0.41248689123175797,0.3242823098324513,0.37452412311262867,0.31653834564770195,0.33418816762234405,0.3637713055246653,0.3999457917260385,0.3706506461048699,0.39963795712391037,0.4427696817087555,0.4603141173684789,0.39906867626018505,0.29662179860491694,0.3937328761830263,0.4352916132205686,0.41758802084296887,0.42632088264562723,0.3456054340054021,0.0,0.0,0.0,0.454629364935287,0.0,0.0,0.0,0.40906021960650935,0.0,0.4113664359975528,0.0,0.0,0.0,0.0,0.3372100875499134,0.0,0.46392628877913383,0.3502497329772202,0.0,0.30145565833418175,0.0,0.4355794949732759,0.44264955911170056,0.46684852918699804,0.40172519600101664,0.0,0.3075858458587608,0.48843122067112654,0.42707367428975956,0.37643215341745223,0.38094593415065153,0.3455769742061146,0.42038446435005256
0.3093051973416408,0.3446869708805341,0.30127606397327583,0.0,0.0,0.3489654659703398,0.3578650251906128,0.3833456030898217,0.2944747826582351,0.0,0.0,0.380158994770039,0.3827758645439132,0.0,0.36197710219248197,0.3753366550158836,0.0,0.3838810815003923,0.25418573460962524,0.3837167339166544,0.0,0.3807772270921455,0.35423376755643715,0.4119662754951642,0.38152425208916735,0.3455298267991049,0.3795843946615495,0.36350462368480074,0.36388203543547876,0.37428521122956304,0.34503288533630405,0.36117247343066566,0.3282409133097697,0.34565818384205155,0.4210394062387505,0.0,0.0,0.3698963705219419,0.3931508441445067,0.44243724364641795,0.42609202352580855,0.0,0.0,0.0,0.0,0.28466238034177727,0.4685773942477853,0.0,0.0,0.0,0.40683647343147644,0.0,0.3968824422940534,0.0,0.0,0.0,0.0,0.37007279390424436,0.0,0.4561264715043751,0.44991036165843473,0.0,0.0,0.0,0.4243504559063007,0.3136536545809876,0.46952513347886127,0.3976543151967333,0.0,0.40003488551111627,0.4586361829043773,0.4050332673232342,0.35997327559344344,0.41710726937818104,0.3780227458327593,0.38127881840464833
0.3690225621595404,0.3902035936216972,0.0,0.0,0.4419642609317755,0.4227721012497642,0.4594711162339528,0.3718945502794472,0.4369155613319047,0.33485020903909307,0.0,0.3066577117198953,0.45981261539763485,0.0,0.31135395752885253,0.3463262467774903,0.3796229735365576,0.4004653616869892,0.0,0.343581336176927,0.3807772270921455,0.0,0.3805452323175837,0.3253181798295655,0.398113417333244,0.3684001998973478,0.38444684095000736,0.41314560173586906,0.39668997116484433,0.3902979063670421,0.37024558956385367,0.40081119580714664,0.37833340021539164,0.3828020029206881,0.43613011238795424,0.4766895871215007,0.40115598195736063,0.0,0.40736611632696273,0.45399126414667423,0.4630074769174506,0.45638093174119737,0.0,0.0,0.0,0.4340516349718721,0.464454177132261,0.0,0.0,0.0,0.4147892927725077,0.29675588168278333,0.0,0.31246372674806544,0.3177780663656876,0.0,0.0,0.3049910566299447,0.0,0.48354535596665205,0.4554449598720813,0.0,0.3345658650773293,0.0,0.4577687759914917,0.43563840354895306,0.4720120857557218,0.4452878712560346,0.0,0.435480018170263,0.48041602367069713,0.43502164217466804,0.3296858980598038,0.4440239631914036,0.0,0.44118719895770603
0.352330060719804,0.3640497021679386,0.3116307140805136,0.33638980281408176,0.3435391691875664,0.3556212480801678,0.37486800400589687,0.32605820317251827,0.3716675186807,0.39212373380122156,0.29099847423882574,0.35228899382789874,0.38608908686909776,0.34476046273695327,0.37099901698209803,0.3812044423532211,0.0,0.3734900373951522,0.28041315515796483,0.27383320558642954,0.35423376755643715,0.3805452323175837,0.0,0.35103122612148074,0.38160290061304264,0.39620685892912394,0.3225601330206469,0.38286001143036447,0.3632474514973297,0.38208649563567126,0.3972041459146405,0.36162166494991216,0.33866982388540584,0.40136735530563433,0.3959996274930148,0.3243317887200227,0.3582025814732971,0.3410031925797821,0.3946633275895446,0.0,0.44132910119192936,0.42753652401591,0.43389148278539325,0.3525784217634168,0.0,0.0,0.3802058259294053,0.5096419085386825,0.0,0.42491030303010907,0.4414269301754134,0.4547412217094064,0.4216451501243792,0.488991365972065,0.0,0.3869014689076857,0.0,0.44158417107305603,0.0,0.4319356555303303,0.3138952178469516,0.0,0.0,0.4988326532023899,0.42247202646163895,0.390781766208393,0.4280953726357568,0.45090769421581356,0.0,0.29297448101008944,0.38227251145348645,0.4458592192517845,0.42289066800710723,0.4323377898357314,0.4252685487614733,0.42958880295916696
0.31099771074581967,0.3341300960225824,0.0,0.0,0.0,0.31076270420840346,0.42240779339558027,0.4465007852041342,0.4010959314608078,0.32657458481607693,0.45304086431306695,0.2962186427507433,0.46628965968952135,0.0,0.38937651405721474,0.3759878405651821,0.374913741453321,0.3686084587510311,0.37960317200966287,0.3162662802138638,0.4119662754951642,0.3253181798295655,0.35103122612148074,0.0,0.3818196533737042,0.3252306551285766,0.2706849901196685,0.41520219213554505,0.30400743527444113,0.0,0.3627237994696285,0.36804505358678585,0.2881953508753257,0.2808711886566481,0.3002996674550053,0.0,0.0,0.2692837424484555,0.43319503680790267,0.3687442124265653,0.3474587229507317,0.0,0.0,0.0,0.3073584504732408,0.43173070147024134,0.4437347430456403,0.0,0.0,0.0,0.0,0.0,0.0,0.0,0.45987969686692265,0.0,0.4529145232325238,0.0,0.0,0.0,0.4486090779644978,0.48435310794185443,0.45135496671915376,0.0,0.0,0.4468527404706657,0.36906576669943303,0.0,0.41688316954164284,0.46068988297756613,0.4618631322376706,0.0,0.0,0.0,0.0,0.42165015750659
0.3835863780234901,0.3669632417687941,0.2682832049459169,0.0,0.3701192218571898,0.39053035726183266,0.41556661735297584,0.44617949336802093,0.33894504205908804,0.33675211812820394,0.0,0.3638568799139725,0.42669331521945186,0.0,0.3731570127814028,0.39270849065162705,0.3198458998891378,0.33937181430292357,0.0,0.4050588642072136,0.38152425208916735,0.398113417333244,0.38160290061304264,0.3818196533737042,0.0,0.3590888939285928,0.38500661599744707,0.39872016996653226,0.40310442521471707,0.0,0.36368156028784504,0.3958770057588468,0.3265443504437401,0.34765485590673334,0.3873227885472064,0.0,0.0,0.31656971304685244,0.4441407077691911,0.42020987144945887,0.4317665670271576,0.45532161716189457,0.0,0.0,0.332049170551564,0.44862658926787885,0.48322551585341106,0.0,0.0,0.0,0.31507429518058766,0.2974329474185479,0.3808941819168555,0.2784245424703116,0.46245455722315093,0.0,0.4659323244489475,0.3363036411031089,0.0,0.4389462433665231,0.4690726839127497,0.46520901377211854,0.4576095071934976,0.0,0.4294362721579937,0.4246104774496571,0.4885970208864366,0.32690430585053176,0.47466613939746755,0.46506458253355676,0.47356417231726655,0.33194718684848173,0.3606618044152725,0.4321454862146556,0.0,0.4442399336234362
0.34635593537316867,0.38082680016492737,0.0,0.0,0.34090475167998613,0.38831775004194274,0.4061836546203121,0.4317507842746101,0.31692842798373194,0.36927016015507014,0.0,0.31985033619576303,0.4185233061662486,0.0,0.24898636432004756,0.39793140059342585,0.3664882796775423,0.3727155154149228,0.0,0.41248689123175797,0.3455298267991049,0.3684001998973478,0.39620685892912394,0.3252306551285766,0.3590888939285928,0.0,0.41036649107694695,0.3773615648166469,0.3922592751557667,0.0,0.3672109096178694,0.39200733885284805,0.3564810182284022,0.3619627254409348,0.40524407835258514,0.40455638112957787,0.0,0.34391985858719476,0.4134076075606352,0.4361725426016525,0.4429832662957706,0.4659374983979787,0.0,0.0,0.3867359949918795,0.43392100886991497,0.4779847975087669,0.0,0.0,0.0,0.3986624643408318,0.31401621686625675,0.0,0.0,0.49865040310072567,0.0,0.4909113386864537,0.33460150269998834,0.0,0.46034726465569353,0.4726593897357516,0.4895889544246022,0.464815950918595,0.0,0.44799776392553753,0.38587113941865864,0.4660234013085181,0.4162996174347539,0.4705636568214249,0.4702870557976278,0.4715467577797916,0.42243631452547276,0.38872105174601784,0.432836478136718,0.0,0.4507670370348231
0.30423378002701373,0.4015390501536531,0.321446817847047,0.36170753996161625,0.35943981032005395,0.3339193819612677,0.3833824406352995,0.3764881346456075,0.33408037780831085,0.3995214495233981,0.3763769889420437,0.36009445155833236,0.3911092016112425,0.3712779561428548,0.39253416936123875,0.4012295780610544,0.0,0.38362208482645344,0.3895330560056678,0.3242823098324513,0.3795843946615495,0.38444684095000736,0.3225601330206469,0.2706849901196685,0.38500661599744707,0.41036649107694695,0.0,0.39084437681482814,0.3361866488022276,0.38727378193972495,0.3719875406606319,0.3766723887239337,0.34858882866705154,0.39935103968440944,0.4212802958293053,0.34517723116050775,0.39782743642883583,0.3477277114059983,0.38329132460903453,0.3669930015312464,0.39519663802711297,0.3904999917087594,0.4274326659960523,0.2953034447782834,0.0,0.30670359636247124,0.37274988361259276,0.49773609728461743,0.0,0.4663588921893488,0.4370485883511529,0.43057182533938343,0.4258050353861198,0.4923441654504893,0.0,0.4299370650708756,0.0,0.35496618310089567,0.0,0.4274913952466109,0.298543306159525,0.0,0.30575797610994543,0.4761589914714739,0.4068818743550598,0.39923964175304655,0.4005349509969645,0.44092530751445785,0.0,0.2679711112283091,0.44272168642303533,0.43761573793782305,0.3513898871722037,0.4039765157523867,0.3946777107070575,0.4023537983416479
0.3456791575212931,0.42097124607750686,0.41750873148435863,0.2503103733932513,0.3604381019878313,0.3587705748549349,0.371006654217619,0.38979794198474127,0.43852210653196827,0.4094757459874529,0.45548645969315,0.4269064299043915,0.3189129715575264,0.1696894334018171,0.37158437831806845,0.4293463530580238,0.40282950346905794,0.4064839734427662,0.4487877569958336,0.37452412311262867,0.36350462368480074,0.41314560173586906,0.38286001143036447,0.41520219213554505,0.39872016996653226,0.3773615648166469,0.39084437681482814,0.0,0.3141493472543474,0.31544925532768353,0.3565661654520674,0.37550293371749416,0.3363101396788829,0.3642074978338118,0.350956451879012,0.2758868146534734,0.28526405759256546,0.3627163104134147,0.34683880096455433,0.42852949519183664,0.3943103410767755,0.3614266962028545,0.0,0.0,0.0,0.0,0.32950995918719594,0.0,0.0,0.0,0.3959878003768494,0.327362931502719,0.4094938816355839,0.3251456872731294,0.4025566835810837,0.3456422663304855,0.37604201680656857,0.33134717917697804,0.0,0.4007640156501137,0.30272889053576585,0.0,0.3032901620625904,0.0,0.4179746337946677,0.4151524114005256,0.35839294975444397,0.44187233677020543,0.0,0.3415436433286005,0.38373101811956056,0.4362090318154621,0.35707000274740514,0.3938591334279783,0.3316937062041259,0.35073937233275404
0.36556862260628264,0.41377199678065607,0.0,0.35424028662207735,0.40092476006590133,0.31511569816936896,0.40409790601639617,0.36242439833726153,0.3993054354438084,0.3732114307591988,0.0,0.30650061671506856,0.38007123019098754,0.0,0.382026820985342,0.4407124521010017,0.36973568843011656,0.42835135381716266,0.0,0.31653834564770195,0.36388203543547876,0.39668997116484433,0.3632474514973297,0.30400743527444113,0.40310442521471707,0.3922592751557667,0.3361866488022276,0.3141493472543474,0.0,0.3445955278138328,0.3614615134148895,0.38795672029117856,0.35007901718374673,0.4003608235736752,0.4399190489109875,0.4181334010066694,0.4046087782692263,0.3364495629943334,0.38444725816685416,0.38418307656672235,0.38416590232906733,0.4173205518634884,0.34930854294987884,0.2912623845125153,0.0,0.0,0.40643828684774885,0.0,0.0,0.0,0.39229657978984944,0.31977463085642394,0.4282183415458644,0.30573617731499203,0.0,0.0,0.0,0.34563076883109317,0.0,0.43560635079506504,0.3151098371317394,0.0,0.30929871864164177,0.0,0.4102216360020324,0.41572289108575744,0.4447807132870972,0.42561289333610275,0.0,0.3033750663340973,0.41320808696495137,0.4244893348730736,0.3548040613174961,0.41180003972002993,0.3671554952838777,0.3809942714832168
0.0,0.0,0.0,0.0,0.0,0.39638095566896603,0.42453910837726117,0.3980766988267526,0.3871516907283886,0.0,0.0,0.0,0.39043074735106054,0.0,0.0,0.37203075394707485,0.0,0.3558691865510262,0.0,0.33418816762234405,0.37428521122956304,0.3902979063670421,0.38208649563567126,0.0,0.0,0.0,0.38727378193972495,0.31544925532768353,0.3445955278138328,0.0,0.3153811505924494,0.39702202519032187,0.3178052712991114,0.37332627498743365,0.40192461354926823,0.0,0.0,0.0,0.0,0.0,0.0,0.0,0.0,0.0,0.0,0.0,0.0,0.0,0.0,0.0,0.0,0.0,0.0,0.0,0.0,0.0,0.0,0.0,0.0,0.0,0.0,0.0,0.0,0.0,0.4031899833124126,0.0,0.0,0.43925866251351725,0.0,0.0,0.0,0.0,0.0,0.38743144185449474,0.0,0.0
0.3433278286057283,0.35875023322862915,0.4371172520715031,0.3552636083838067,0.44302707952549614,0.41354628044699304,0.40745592377604944,0.40237926085629694,0.45654970998812106,0.3266230359249422,0.47422247269499335,0.3601010157818396,0.38829289223459706,0.0,0.38675909206658093,0.3747361154349881,0.3524509990389503,0.36804137978151935,0.4670807634804089,0.3637713055246653,0.34503288533630405,0.37024558956385367,0.3972041459146405,0.3627237994696285,0.36368156028784504,0.3672109096178694,0.3719875406606319,0.3565661654520674,0.3614615134148895,0.3153811505924494,0.0,0.3890775519880537,0.3042251018757461,0.2644445421224428,0.24885565891497838,0.4229921433767765,0.34292829160389765,0.29931726474528203,0.38766033660145166,0.3807197464657029,0.38590599663672703,0.0,0.0,0.0,0.35284392936334,0.4105926674731911,0.44754225855296403,0.0,0.0,0.0,0.39429260344069134,0.0,0.0,0.3434586865076495,0.43493511195282575,0.35429705280463714,0.43633918204903,0.3282095604734384,0.0,0.459133493806082,0.43639895393967065,0.4442880929299242,0.44545579876219416,0.0,0.44411075074549755,0.38309692396900524,0.44872797319019314,0.46722219411650506,0.41722260897259,0.45257471672957456,0.4543118900258708,0.4529204664093522,0.3637175234683967,0.3934176394346647,0.0,0.39191229610239814
0.3911786883075406,0.40458292279752534,0.38605139413302453,0.29109941625705904,0.35728539948990673,0.3759897919071817,0.379568145991254,0.3437983776865751,0.40379830971256747,0.3654784796103483,0.35548728421270104,0.42548960569372557,0.3939681767554477,0.23630405796206527,0.3898298973646492,0.4283071019238612,0.40453383388619296,0.4195276592191885,0.3986633887091068,0.3999457917260385,0.36117247343066566,0.40081119580714664,0.36162166494991216,0.36804505358678585,0.3958770057588468,0.39200733885284805,0.3766723887239337,0.37550293371749416,0.38795672029117856,0.39702202519032187,0.3890775519880537,0.0,0.33051146859124564,0.35938629731519794,0.3452037046716264,0.25518677178231086,0.29035944465799524,0.27483101450855557,0.24743219621021303,0.30681726531906844,0.3400180166933565,0.3107689050386484,0.25782264563241425,0.2862771052723717,0.24854607109336305,0.387860395260293,0.42771444553675386,0.41110613298601795,0.0,0.0,0.42953309214298546,0.3560832161090814,0.43556373115970726,0.3651490298540021,0.4264692051654604,0.3591001699391323,0.42830946044263035,0.3888010186486322,0.0,0.46040514399365146,0.3898699643582331,0.4083241542423202,0.40814773078572275,0.0,0.42864083711290135,0.407206601845855,0.42569542139603384,0.44195747423281173,0.0,0.4211096781395306,0.42468477277952926,0.44003818619012214,0.32188670951679466,0.42015441545619964,0.45542326174172226,0.39352483246448255
0.34580735732057283,0.369489494732813,0.0,0.25716854777430015,0.36647807146883865,0.351075143460324,0.3593970916943903,0.0,0.38359079218516545,0.30022308333153347,0.39696388017959144,0.30469083811894526,0.3888537181940931,0.0,0.3795440999135097,0.3804375000089637,0.3280127927057848,0.3519006500627251,0.38134786237754636,0.3706506461048699,0.3282409133097697,0.37833340021539164,0.33866982388540584,0.2881953508753257,0.3265443504437401,0.3564810182284022,0.34858882866705154,0.3363101396788829,0.35007901718374673,0.3178052712991114,0.3042251018757461,0.33051146859124564,0.0,0.25698831761856133,0.38122795664759634,0.37112582316550047,0.2985851834836023,0.19398723335932627,0.2846252696354761,0.2939179219087197,0.3322632267204727,0.45622624532533834,0.0,0.0,0.25322634704591673,0.42472982654247093,0.4586939936452818,0.0,0.0,0.0,0.42310330126222884,0.0,0.0,0.0,0.3827777314447103,0.0,0.3897786359815056,0.3400654072185505,0.0,0.47905214517603933,0.441491046817185,0.42619217521963043,0.45739779190914126,0.0,0.45140164659603693,0.37105144702938603,0.46738290720833336,0.4402617789938411,0.321871078572817,0.44198978042290926,0.45567986155853113,0.42947460819393707,0.0,0.39952893425304936,0.0,0.3868195987070363
0.32929101435119523,0.36242827401822175,0.4337241104361106,0.2946729465565337,0.42502613252130317,0.4159286875035193,0.3834817475618438,0.4059143608687573,0.45105537747556584,0.32777844293473196,0.4599651666856976,0.30509545047865183,0.3965395155359558,0.0,0.3979871527639383,0.37395374252072516,0.35108972994800997,0.3610375881269983,0.4515517172002058,0.39963795712391037,0.34565818384205155,0.3828020029206881,0.40136735530563433,0.2808711886566481,0.34765485590673334,0.3619627254409348,0.39935103968440944,0.3642074978338118,0.4003608235736752,0.37332627498743365,0.2644445421224428,0.35938629731519794,0.25698831761856133,0.0,0.28832232745014647,0.3459535894802028,0.3158550105824535,0.22649795886981477,0.3073173116357493,0.2949702611096135,0.35461173006395286,0.3399369250153273,0.0,0.3205189620499643,0.2693277943671909,0.4120963703590188,0.4605088951064545,0.0,0.0,0.0,0.41178428460258654,0.342172820605177,0.0,0.32379703322532377,0.38234622739346086,0.36975758423969013,0.39965619312459844,0.36226226547063956,0.0,0.4687927706974063,0.4428597489378169,0.42731554969470176,0.4350839786627639,0.0,0.4550459558253095,0.3707543335247866,0.46158020089408175,0.46896903902670145,0.3489477699086197,0.44586647699602844,0.4570170262674438,0.459122061793938,0.41737675051359513,0.43977098738197967,0.0,0.36253519954108365
0.40191469298860977,0.434809726837349,0.44670052702775004,0.2921948882270561,0.4169295093970465,0.43412924441429024,0.375737281649225,0.4090612854168272,0.4527978035443817,0.3260798367951355,0.4347476346767684,0.3307565424964814,0.3994211531954985,0.0,0.43915598386307775,0.4460669351968046,0.3675666149084824,0.40059403778073815,0.4445631053604323,0.4427696817087555,0.4210394062387505,0.43613011238795424,0.3959996274930148,0.3002996674550053,0.3873227885472064,0.40524407835258514,0.4212802958293053,0.350956451879012,0.4399190489109875,0.40192461354926823,0.24885565891497838,0.3452037046716264,0.38122795664759634,0.28832232745014647,0.0,0.41742100194697157,0.3095938609475822,0.2647425719377858,0.2993563045996328,0.28349823789960765,0.476365726627612,0.35272610135954513,0.27714318987512676,0.30052273884107883,0.0,0.0,0.47833424229379706,0.0,0.0,0.0,0.4081000090320494,0.0,0.0,0.0,0.43739256462415405,0.3730177558373063,0.0,0.0,0.0,0.49661958498402475,0.46109127567639346,0.0,0.44866316421288444,0.0,0.4526882404548543,0.4748802264940655,0.4894031541971327,0.4561664056920423,0.0,0.45836002723911407,0.4803378072145873,0.45563358841150003,0.268620294643736,0.42690091171230554,0.0,0.0
0.0,0.0,0.3675034082885594,0.1852211112813448,0.2154910983445133,0.3741369517076352,0.26186679005265995,0.2124363972026921,0.39619097290701055,0.2382338108183236,0.2976308199579564,0.0,0.33671689109876174,0.21937847778046884,0.4769460453280246,0.0,0.0,0.0,0.3666377144401934,0.4603141173684789,0.0,0.4766895871215007,0.3243317887200227,0.0,0.0,0.40455638112957787,0.34517723116050775,0.2758868146534734,0.4181334010066694,0.0,0.4229921433767765,0.25518677178231086,0.37112582316550047,0.3459535894802028,0.41742100194697157,0.0,0.18947407007335218,0.30997817679338796,0.2377805307296585,0.0,0.0,0.3325239809696288,0.0,0.25252751791005834,0.0,0.0,0.0,0.4441122024794061,0.0,0.0,0.413608363253596,0.3546183688834197,0.0,0.0,0.0,0.35806715133283284,0.0,0.3430732771083995,0.0,0.277363795585867,0.0,0.0,0.0,0.516802116933037,0.0,0.0,0.5104885275699012,0.40095225435239973,0.0,0.0,0.307311016586216,0.363122474584708,0.0,0.0,0.0,0.0
