0.0,0.27080663076689393,0.0,0.0,0.0,0.22865039260395056,0.0,0.33184585686890533,0.0,0.253846272787422,0.0,0.0,0.23832341879563823,0.0,0.24647536212274967,0.26034866554778197,0.0,0.2286205177734477,0.0,0.27331315157448993,0.275782306320498,0.28454509101983794,0.30305340374340073,0.2561129780741148,0.22143109698069263,0.21115424628445134,0.3087039089813251,0.24494204256016083,0.2748401200810019,0.0,0.24383838830132085,0.32799143070921044,0.2479452629759699,0.2558281337234363,0.3112057422472299,0.0,0.0,0.27431356906445314,0.3287739473779962,0.24885989577674406,0.28234066584005296,0.0,0.0,0.0,0.0,0.24282381727210336,0.31904657834542033,0.0,0.0,0.0,0.0,0.0,0.0,0.0,0.25486406687536783,0.0,0.0,0.0,0.0,0.0,0.27246523868842704,0.0,0.26155402281341433,0.0,0.0,0.0,0.31310645156283423,0.0,0.0,0.2490157414568849,0.2785541160441334,0.0,0.0,0.24939185185299745,0.0,0.21532595334541002
0.27080663076689393,0.0,0.24052988519829016,0.0,0.0,0.2605837138509083,0.2602230643540183,0.2638374557365488,0.23691711846580046,0.0,0.0,0.0,0.2727109137272286,0.0,0.2683636979067588,0.2561589127879287,0.0,0.22641397628154247,0.0,0.27148625638169394,0.25074348909065614,0.23307965083872992,0.28151843358809886,0.0,0.22834156287241308,0.25826730990172864,0.2866923271939579,0.28400899616753095,0.2648194812098184,0.0,0.23652738979428706,0.31746309828054325,0.24879135418969092,0.25334832729998685,0.3028512408084595,0.0,0.0,0.0,0.33076813279961353,0.2941289880645368,0.30746519428099545,0.34183131150127594,0.0,0.0,0.0,0.3123234600063265,0.3210099965490427,0.0,0.0,0.0,0.0,0.0,0.0,0.0,0.0,0.0,0.0,0.0,0.0,0.0,0.30469931264866174,0.0,0.22755254807367736,0.0,0.3017398258393127,0.30254020869458564,0.3180719619747515,0.2748805130753088,0.0,0.25300980127190675,0.31872195499292344,0.2873393655939741,0.0,0.29321208246412184,0.0,0.2908221248067213
0.0,0.24052988519829016,0.0,0.2947465183820738,0.22887720093180347,0.23896117244690085,0.2618800652545388,0.2818482903156967,0.1672907397804776,0.2683088204674781,0.15692285422613553,0.22211930709443925,0.27890829709140397,0.2814860058326107,0.0,0.0,0.0,0.0,0.16138803619331182,0.2589857586273496,0.0,0.2764886593523791,0.2007276811624229,0.0,0.0,0.0,0.21149039834102845,0.306266187801029,0.0,0.3023865218137472,0.3147529806306341,0.3140554210271196,0.0,0.3139606577872581,0.30308880360830626,0.3079666975466349,0.2937645921619434,0.0,0.3450002402400599,0.0,0.0,0.0,0.0,0.0,0.0,0.0,0.0,0.19767286195541753,0.0,0.3148067119298124,0.3555912589154707,0.3343210836698492,0.3456603173038734,0.36266790816783073,0.0,0.2744674480645918,0.0,0.3188421296197186,0.32513729889132187,0.0,0.0,0.0,0.0,0.14827808439028078,0.0,0.0,0.0,0.35701982264217447,0.0,0.0,0.0,0.3604786716601252,0.29883712909692745,0.0,0.0,0.0
0.0,0.0,0.2947465183820738,0.0,0.1497349877416211,0.28079430994024807,0.21186373431494823,0.2940381033371598,0.2680595898243208,0.11304623267811255,0.2521029495750547,0.0,0.19234136111725544,0.14932109312488917,0.0,0.0,0.0,0.0,0.24742763245560223,0.3315279304343095,0.0,0.3587739298101343,0.30276381767417343,0.0,0.0,0.0,0.33079284679824555,0.1424693953733152,0.0,0.0,0.0,0.18066125284198437,0.0,0.13281665465479198,0.17165793593500994,0.11414508293686244,0.11722034904739095,0.0,0.0,0.0,0.0,0.0,0.0,0.0,0.0,0.0,0.0,0.0,0.0,0.0,0.0,0.0,0.0,0.0,0.0,0.0,0.0,0.0,0.0,0.0,0.0,0.0,0.0,0.0,0.0,0.0,0.0,0.0,0.0,0.0,0.0,0.0,0.0,0.0,0.0,0.0
0.0,0.0,0.22887720093180347,0.1497349877416211,0.0,0.2319730721973022,0.1854519830198549,0.0,0.20678301127833887,0.21789219066852555,0.2104345045246087,0.21255202632963682,0.22276053271561908,0.18671528511779373,0.0,0.0,0.0,0.0,0.23833797596158074,0.0,0.0,0.0,0.25249851261734074,0.26365310157372407,0.0,0.0,0.2530499395167492,0.23987584609872792,0.0,0.0,0.2944870686144811,0.2614966019468708,0.19651936394187894,0.2682680536887858,0.25394472714050764,0.15644208775014573,0.14695199779248416,0.21177303760402563,0.0,0.0,0.0,0.0,0.20486230238681546,0.0,0.0,0.0,0.0,0.0,0.0,0.0,0.0,0.0,0.0,0.3130456952816476,0.0,0.0,0.0,0.0,0.0,0.0,0.0,0.0,0.0,0.0,0.0,0.0,0.0,0.0,0.0,0.0,0.0,0.0,0.0,0.0,0.0,0.0
0.22865039260395056,0.2605837138509083,0.23896117244690085,0.28079430994024807,0.2319730721973022,0.0,0.23351509410280957,0.3088908757251195,0.21759552776156257,0.30476662842218544,0.23537387600616658,0.2670376144729407,0.23773070032164373,0.30732055285513316,0.2618056226576551,0.2834402342961514,0.22414477067948863,0.2558792806552552,0.21884511351948524,0.25810730272895516,0.2793278714655994,0.27072466641509496,0.2485104379796897,0.24727044769318116,0.26317151067612804,0.2696159124867331,0.24671844952335245,0.2422175624066231,0.21563659291971116,0.2961668799578044,0.3024036728658458,0.31959542876114044,0.2705430520428381,0.3191414664541237,0.3208086395108209,0.3228499349484366,0.31039267279860244,0.2551871833914725,0.3525541550208563,0.0,0.3768809224190132,0.0,0.2926008904059247,0.247477078930274,0.0,0.0,0.0,0.38474408232236335,0.0,0.39284176419792843,0.3619477979509777,0.3670900298757439,0.3667436036984323,0.36655068522048895,0.0,0.32919345504260733,0.0,0.36919309862361027,0.3029984144974059,0.0,0.0,0.0,0.0,0.3558518809190486,0.0,0.0,0.2724099655717664,0.3761254846564485,0.0,0.0,0.0,0.3676657913448433,0.37545695445554617,0.0,0.0,0.3679594839832814
0.0,0.2602230643540183,0.2618800652545388,0.21186373431494823,0.1854519830198549,0.23351509410280957,0.0,0.3016593937817343,0.2225402975147463,0.24166193525514748,0.2792932030791234,0.27942275908133035,0.18085169983630012,0.2503075348576056,0.0,0.2756522766976481,0.0,0.0,0.2785293478954075,0.2795230972906048,0.0,0.28475179684239177,0.2872788389742075,0.0,0.2888515589302875,0.27379986775151965,0.25502152365944186,0.23962895713534868,0.2677679975460029,0.0,0.2794951931053724,0.2578181486583054,0.0,0.263919496177323,0.2498943961686353,0.25021233207442833,0.21095295629952698,0.26349198101562477,0.28582996040293723,0.0,0.2792922231081532,0.0,0.0,0.0,0.0,0.0,0.0,0.31171290523599393,0.0,0.2705907473075419,0.3231666644078578,0.2829315092649476,0.0,0.28291309530633657,0.0,0.0,0.0,0.26051382931639855,0.0,0.0,0.0,0.0,0.0,0.0,0.0,0.0,0.0,0.34608200309930187,0.0,0.0,0.0,0.3236491328230848,0.26094775628314226,0.0,0.0,0.27242198653035327
0.33184585686890533,0.2638374557365488,0.2818482903156967,0.2940381033371598,0.0,0.3088908757251195,0.3016593937817343,0.0,0.31668214207204376,0.293116299127639,0.1769632951982061,0.2819436729964614,0.31592683414244405,0.23490132320714063,0.0,0.29195916091082186,0.22656343264939605,0.28601539877604903,0.2191730233560157,0.2813915866044738,0.22779631740683948,0.2803996202467996,0.2520052338696782,0.3408347054393425,0.2971259907858321,0.3127461714084477,0.30620915520500247,0.31586805620020164,0.273728490210548,0.3089898272234051,0.33057483995076126,0.29617777572046927,0.0,0.33994998090998396,0.34180123772263155,0.1656934938295579,0.31788480955433696,0.0,0.3323488397679849,0.0,0.3632959091697687,0.0,0.0,0.0,0.0,0.0,0.0,0.3696067725217735,0.0,0.0,0.32827252606578394,0.0,0.2472645648706034,0.34198588687622045,0.0,0.2659029385549264,0.0,0.3310989369125849,0.0,0.29085200972826464,0.0,0.0,0.0,0.30753458318224913,0.0,0.2319447000872728,0.3190859325673232,0.304492548842328,0.0,0.0,0.0,0.3110600071001578,0.3553706335695359,0.3105722525952056,0.0,0.3594204809943865
0.0,0.23691711846580046,0.1672907397804776,0.2680595898243208,0.20678301127833887,0.21759552776156257,0.2225402975147463,0.31668214207204376,0.0,0.2872071178711461,0.17807811237940205,0.2543697962753545,0.25892751457633534,0.30731777441697816,0.0,0.0,0.23205005898806855,0.2265131506361346,0.17830677337034515,0.0,0.0,0.25582232140722877,0.24179763325072884,0.25721193708960466,0.28053495944032725,0.25816014419475614,0.2186610124370914,0.29691008987758355,0.0,0.2868417309310734,0.3069222802082034,0.29075706292243797,0.2649076368128842,0.3038550462622793,0.2944370035182871,0.3056960644057433,0.2926592218075667,0.24390433813681725,0.34676376443652673,0.0,0.2836254891415305,0.0,0.2998224321867206,0.0,0.0,0.0,0.0,0.35117331979986754,0.0,0.31850895773769555,0.3506445959481395,0.32252046303329485,0.35386547169609933,0.32881237514030204,0.0,0.32678290533635074,0.0,0.30370433343247333,0.33246247763292086,0.0,0.0,0.0,0.0,0.3500832292271548,0.0,0.0,0.0,0.36172757068741024,0.0,0.0,0.0,0.36383855851245595,0.30441106443780813,0.0,0.0,0.28215477659555543
0.253846272787422,0.0,0.2683088204674781,0.11304623267811255,0.21789219066852555,0.30476662842218544,0.24166193525514748,0.293116299127639,0.2872071178711461,0.0,0.2745431827613232,0.19114667786091902,0.26273495818376197,0.2627964403316118,0.0,0.22617238163797349,0.22133390111773504,0.24023781126309224,0.2841351829299396,0.20815188772564217,0.0,0.24273371474482572,0.30936403115694217,0.2290724690503619,0.2393732759807806,0.21584034068445182,0.30579088138255983,0.26246953500066206,0.0,0.0,0.22105632069332717,0.2350407051486043,0.22044327976980077,0.23006852827993518,0.21999917430561092,0.16323014265364996,0.1624538043235126,0.18540583193586024,0.20397214061248667,0.2198163847878653,0.22754527649699785,0.26895584489667557,0.0,0.0,0.22782542637453493,0.0,0.0,0.0,0.0,0.0,0.0,0.0,0.0,0.0,0.24253031992391139,0.0,0.24013907766961684,0.23791106382792301,0.0,0.0,0.0,0.2569854707801118,0.25969279279677976,0.0,0.0,0.0,0.0,0.25520239787177557,0.21087870607958786,0.2673111481412706,0.24963087120643218,0.24415724350405912,0.2554846279430035,0.0,0.0,0.24950653272133674
0.0,0.0,0.15692285422613553,0.2521029495750547,0.2104345045246087,0.23537387600616658,0.2792932030791234,0.1769632951982061,0.17807811237940205,0.2745431827613232,0.0,0.2519995968808241,0.2843663674574084,0.20934738309870302,0.0,0.0,0.23710532591673178,0.2358603407595046,0.16359580036520832,0.0,0.0,0.0,0.18400090895550336,0.26054875303339137,0.24759115187896424,0.2116439459790581,0.22973134611402155,0.2817376645825605,0.0,0.0,0.3080003431515277,0.281544576168774,0.23979653175119445,0.29297093631527754,0.28097198473347007,0.18814485059545108,0.26309253178725056,0.2427975604366577,0.29146395101713196,0.0,0.24948368855807662,0.22125654464412517,0.21525387308621252,0.23556247877647696,0.0,0.0,0.0,0.20866030858436344,0.0,0.2282445164470288,0.0,0.277096267497766,0.24341620141316975,0.23254341803681494,0.25155833665579197,0.18603367944522387,0.2505631652305361,0.26542095321638,0.26526682780518,0.0,0.0,0.0,0.0,0.1429928483289215,0.0,0.0,0.0,0.25036461421882206,0.0,0.0,0.21301736648419287,0.0,0.237503880020411,0.0,0.0,0.2541226767230157
0.0,0.0,0.22211930709443925,0.0,0.21255202632963682,0.2670376144729407,0.27942275908133035,0.2819436729964614,0.2543697962753545,0.19114667786091902,0.2519995968808241,0.0,0.19730602380203557,0.1799152288727323,0.0,0.0,0.24013350761724098,0.23109447439862293,0.23677763602079502,0.0,0.2798848306007397,0.0,0.26173836425003,0.1897068913864688,0.22913450468509444,0.17797761984390809,0.2567619661186806,0.23361776261664177,0.0,0.0,0.24882715833268176,0.189750121758467,0.16364837663737486,0.16436846547827683,0.2083186325709569,0.17488565257786287,0.18321261745475514,0.1512708553894961,0.18099616282112344,0.21745698974850658,0.22283494220603783,0.0,0.0,0.0,0.21145099258317762,0.0,0.0,0.0,0.0,0.0,0.0,0.0,0.0,0.0,0.2395646339036085,0.0,0.2458538524935336,0.23736679192704407,0.0,0.0,0.0,0.2292354287341364,0.2601667426265132,0.0,0.0,0.0,0.0,0.0,0.21249537313895256,0.25993675029690727,0.24204551319773446,0.0,0.24173538502786937,0.0,0.0,0.244381231460764
0.23832341879563823,0.2727109137272286,0.27890829709140397,0.19234136111725544,0.22276053271561908,0.23773070032164373,0.18085169983630012,0.31592683414244405,0.25892751457633534,0.26273495818376197,0.2843663674574084,0.19730602380203557,0.0,0.24748360303633896,0.27471209313222833,0.2998193378495539,0.24297204879991177,0.2612829707105115,0.28625332259643205,0.2840503857145813,0.2845113517289737,0.28938370376176703,0.30718175597075487,0.24097972503421447,0.2848844858578251,0.2795557537856513,0.29272103647967535,0.21022750792675696,0.2638613320799283,0.2595710224719763,0.257958090435078,0.2542425132281774,0.21641590162823607,0.2596570251170494,0.2380900264646593,0.20895175282362885,0.2024974562922031,0.20847344006609128,0.3702615577315111,0.0,0.3290490741575271,0.3075391163206863,0.28513747181691523,0.27119254982175345,0.0,0.0,0.0,0.32793946289299847,0.0,0.25701924365966766,0.3591638309538033,0.2893801443105397,0.3292169105125803,0.2790793217034168,0.2397578239157743,0.2826278826554333,0.0,0.2797980916835332,0.0,0.0,0.0,0.0,0.0,0.29833138807668597,0.0,0.0,0.21130840078565538,0.35157092620215113,0.0,0.0,0.0,0.3407125130588002,0.31535295289603044,0.31375044078823605,0.2969139488892713,0.2878628459280948
0.0,0.0,0.2814860058326107,0.14932109312488917,0.18671528511779373,0.30732055285513316,0.2503075348576056,0.23490132320714063,0.30731777441697816,0.2627964403316118,0.20934738309870302,0.1799152288727323,0.24748360303633896,0.0,0.0,0.0,0.0,0.0,0.2376322037109371,0.0,0.0,0.0,0.27423659764374625,0.0,0.0,0.0,0.3027145926186562,0.23359167554547972,0.0,0.0,0.2925250049914452,0.1617226797121343,0.0,0.2655510368588276,0.2751301187761346,0.13446782136477567,0.12214005053978745,0.0,0.0,0.0,0.0,0.0,0.0,0.0,0.0,0.0,0.0,0.0,0.0,0.0,0.0,0.0,0.0,0.0,0.0,0.0,0.0,0.0,0.0,0.0,0.0,0.0,0.0,0.0,0.0,0.0,0.0,0.0,0.0,0.0,0.0,0.0,0.0,0.0,0.0,0.0
0.24647536212274967,0.2683636979067588,0.0,0.0,0.0,0.2618056226576551,0.0,0.0,0.0,0.0,0.0,0.0,0.27471209313222833,0.0,0.0,0.2809516671332026,0.0,0.26695544805388216,0.0,0.19369440408049277,0.23071919024146634,0.21387377707483818,0.24087261733931983,0.30109126860566393,0.2514300430292175,0.24474061356274207,0.24655092125066497,0.31829359264301527,0.2766941151619388,0.0,0.2828832739991927,0.3403192787791361,0.2674528982137505,0.3023372242019176,0.3297622088438,0.38038053735962507,0.0,0.0,0.33700677440144333,0.0,0.28519594954540306,0.0,0.0,0.0,0.0,0.0,0.0,0.0,0.0,0.0,0.0,0.0,0.0,0.0,0.0,0.0,0.0,0.0,0.0,0.3115243052918045,0.0,0.0,0.0,0.0,0.3244570180266676,0.27653884563752873,0.31305109847399204,0.3157124076566572,0.0,0.0,0.22846872927392667,0.3227432698035213,0.0,0.3141808627486341,0.0,0.33194886147638003
0.26034866554778197,0.2561589127879287,0.0,0.0,0.0,0.2834402342961514,0.2756522766976481,0.29195916091082186,0.0,0.22617238163797349,0.0,0.0,0.2998193378495539,0.0,0.2809516671332026,0.0,0.2218629716493635,0.1922611805377344,0.0,0.28272007669639454,0.2684652373066288,0.2533245366271747,0.28595156479218675,0.2392851201804249,0.21577198039958892,0.2673542860386539,0.29486428255025005,0.2956308041019795,0.28269901406527664,0.28278664966206485,0.2056496214920414,0.31544251298749537,0.25820490576300165,0.24011344745225677,0.29247248672565385,0.0,0.0,0.0,0.3188362014337368,0.28269373115783814,0.2987617612102308,0.3221967209326531,0.0,0.0,0.0,0.30101421918709226,0.3269591354651184,0.0,0.0,0.0,0.22378097740647657,0.0,0.0,0.0,0.23507123775919792,0.0,0.23790780852653248,0.0,0.0,0.27606178389401453,0.30012762473178534,0.21648886646803894,0.26497164113934263,0.0,0.2855949726174865,0.28753896250617667,0.31291876124548296,0.2367867490875474,0.31165313459411137,0.26091052742239845,0.2997294094630705,0.2536463782474399,0.0,0.25053932475916474,0.0,0.27009049981799205
0.0,0.0,0.0,0.0,0.0,0.22414477067948863,0.0,0.22656343264939605,0.23205005898806855,0.22133390111773504,0.23710532591673178,0.24013350761724098,0.24297204879991177,0.0,0.0,0.2218629716493635,0.0,0.21878203237478316,0.2447181164548495,0.2656389219647049,0.0,0.0,0.0,0.2517320527078457,0.21682104964151416,0.23437460976957136,0.2589613158328383,0.2505565607332245,0.0,0.0,0.22849288342623883,0.31356161163878116,0.24282289048886055,0.25174546323748415,0.2774551140934674,0.0,0.0,0.22279599684308937,0.0,0.2600613883421439,0.22627430160092088,0.0,0.0,0.0,0.0,0.0,0.0,0.0,0.0,0.0,0.0,0.0,0.0,0.0,0.2729554010609394,0.0,0.2389670104497376,0.0,0.0,0.0,0.0,0.269799317175534,0.2563540228301445,0.0,0.0,0.0,0.0,0.0,0.27741059103629884,0.2769788732653937,0.2856578095017476,0.0,0.0,0.0,0.0,0.23205379101201898
0.2286205177734477,0.22641397628154247,0.0,0.0,0.0,0.2558792806552552,0.0,0.28601539877604903,0.2265131506361346,0.24023781126309224,0.2358603407595046,0.23109447439862293,0.2612829707105115,0.0,0.26695544805388216,0.1922611805377344,0.21878203237478316,0.0,0.0,0.27986203484963923,0.24793918810876717,0.263480167984811,0.2648858704062363,0.24956780011832277,0.212870368143599,0.2198084542149602,0.2723278270327279,0.2784060135584453,0.2741704673207393,0.2502297248195637,0.2334059013424977,0.32205692385363505,0.23599797215248575,0.25325484419639044,0.29056696600435433,0.0,0.0,0.21250699643214835,0.29608397938453596,0.2588324700565523,0.27482821788426,0.28988862646091573,0.0,0.0,0.0,0.2647608768617132,0.2946811787802464,0.0,0.0,0.0,0.0,0.0,0.0,0.0,0.2889624656044304,0.0,0.2819723648905293,0.0,0.0,0.0,0.26276672636268916,0.28360819712460983,0.26505218516274004,0.0,0.0,0.0,0.28351512301268694,0.0,0.2940230273685918,0.2667127672881441,0.2859342300100394,0.0,0.0,0.0,0.0,0.26403393593281005
0.0,0.0,0.16138803619331182,0.24742763245560223,0.23833797596158074,0.21884511351948524,0.2785293478954075,0.2191730233560157,0.17830677337034515,0.2841351829299396,0.16359580036520832,0.23677763602079502,0.28625332259643205,0.2376322037109371,0.0,0.0,0.2447181164548495,0.0,0.0,0.0,0.0,0.0,0.18307155675144457,0.24187835770091562,0.21743734942334159,0.0,0.22296863576168985,0.2958950696754402,0.0,0.0,0.30898093542708366,0.2897833382495941,0.22561977474076764,0.2948876603094215,0.28526097999175265,0.2763135549465693,0.2703679207431092,0.2388194801793405,0.37254648244983524,0.0,0.3209037149409184,0.0,0.28875121474846605,0.0,0.0,0.0,0.0,0.30314556245702123,0.0,0.34106076384521555,0.3536925000994106,0.318113730224103,0.3514957190912862,0.35811845156902905,0.0,0.20506991265563268,0.0,0.289785449097241,0.34812044805452813,0.0,0.0,0.0,0.0,0.35403458635801405,0.0,0.0,0.0,0.3497214773370954,0.0,0.0,0.0,0.3597701286747517,0.288398040242492,0.0,0.0,0.28827391155492915
0.27331315157448993,0.27148625638169394,0.2589857586273496,0.3315279304343095,0.0,0.25810730272895516,0.2795230972906048,0.2813915866044738,0.0,0.20815188772564217,0.0,0.0,0.2840503857145813,0.0,0.19369440408049277,0.28272007669639454,0.2656389219647049,0.27986203484963923,0.0,0.0,0.2707083811208105,0.23929594424581158,0.18923148520985317,0.0,0.2687206057804235,0.27902826210180515,0.2572422361126477,0.271952709794486,0.23152112369190106,0.28392602609218565,0.26693472129582296,0.3500507618697331,0.28186314045682026,0.3116622915548802,0.3336684268735276,0.3702390318495061,0.0,0.0,0.32778055608396156,0.25790073967754223,0.22986803385851953,0.0,0.28652787159616266,0.0,0.0,0.0,0.2640279484868372,0.0,0.0,0.0,0.0,0.0,0.2817732638611934,0.0,0.0,0.0,0.0,0.0,0.0,0.3031934328731682,0.0,0.0,0.0,0.0,0.31345467541941036,0.23425963946019035,0.30060099696572684,0.2962813511931648,0.0,0.19921497553549702,0.2756121306926289,0.3182051742700377,0.3176100058714068,0.30252178122191514,0.0,0.28323635834847694
0.275782306320498,0.25074348909065614,0.0,0.0,0.0,0.2793278714655994,0.0,0.22779631740683948,0.0,0.0,0.0,0.2798848306007397,0.2845113517289737,0.0,0.23071919024146634,0.2684652373066288,0.0,0.24793918810876717,0.0,0.2707083811208105,0.0,0.2623246436792258,0.24834070693920113,0.3214461251529923,0.22953335753169102,0.2317691721159341,0.2887714434939492,0.29760927237321727,0.2721587569228481,0.26760500979114593,0.26845659518748055,0.33284611108537676,0.2753034438619576,0.2856414543863319,0.3306022783115613,0.3718902155809627,0.0,0.0,0.34336332486515586,0.2742975044814694,0.3122457499635899,0.37410085842856666,0.0,0.0,0.0,0.0,0.31778349961100827,0.0,0.0,0.0,0.0,0.0,0.18611110655553142,0.0,0.0,0.0,0.0,0.0,0.0,0.2874840575301367,0.32284001255225636,0.0,0.0,0.0,0.30359111171766595,0.2682058347445804,0.3227595942325663,0.2757335071770367,0.0,0.0,0.33396896747401755,0.30128441017938373,0.0,0.0,0.0,0.26836109469592023
0.28454509101983794,0.23307965083872992,0.2764886593523791,0.3587739298101343,0.0,0.27072466641509496,0.28475179684239177,0.2803996202467996,0.25582232140722877,0.24273371474482572,0.0,0.0,0.28938370376176703,0.0,0.21387377707483818,0.2533245366271747,0.0,0.263480167984811,0.0,0.23929594424581158,0.2623246436792258,0.0,0.3109676285377478,0.21673054522257193,0.24629240143337777,0.24785831390919452,0.29753865633390914,0.29118400483159884,0.2616986917299472,0.25745844381495014,0.24554398605220068,0.3519160261892018,0.3097756786490431,0.29613777221608684,0.33496123424795293,0.3947614988864899,0.0,0.0,0.3231849599854832,0.28342374390330516,0.30173667439951507,0.3354753241423448,0.0,0.0,0.0,0.31793394749789156,0.31326633974024126,0.0,0.0,0.0,0.0,0.0,0.0,0.0,0.0,0.0,0.0,0.0,0.0,0.29404729841820443,0.2970019083162737,0.0,0.0,0.0,0.3057360725563234,0.29003922305041585,0.30662886561708874,0.3051674815957907,0.0,0.25605660736644964,0.31561593621474504,0.29533605976472826,0.2844141660237256,0.310587902298395,0.0,0.2646367606751107
0.30305340374340073,0.28151843358809886,0.2007276811624229,0.30276381767417343,0.25249851261734074,0.2485104379796897,0.2872788389742075,0.2520052338696782,0.24179763325072884,0.30936403115694217,0.18400090895550336,0.26173836425003,0.30718175597075487,0.27423659764374625,0.24087261733931983,0.28595156479218675,0.0,0.2648858704062363,0.18307155675144457,0.18923148520985317,0.24834070693920113,0.3109676285377478,0.0,0.3216170054540435,0.25685729184197476,0.29221865082498316,0.2105577299789336,0.3083789137660699,0.2849780295262089,0.3084499985198038,0.32688082068840674,0.33474448368945803,0.3607147346752263,0.34529850856539035,0.3764404840071951,0.35446288946085486,0.33911036548455126,0.27016959513290156,0.344792578709289,0.0,0.3564037296003192,0.3601977599908911,0.28916322780510734,0.3132124196829965,0.0,0.0,0.0,0.3825624535038172,0.0,0.3296162186342279,0.3552369315975717,0.36577809652154303,0.35887526209928616,0.36311459826415327,0.0,0.3075725281753807,0.0,0.3528732878537073,0.32422662732026897,0.3083091312400943,0.0,0.0,0.0,0.3516407108131965,0.32000100862731407,0.2240412296038671,0.3109994778315461,0.3526052726318857,0.0,0.0,0.312462958636574,0.32886781315665,0.3453485239673631,0.3250732764857406,0.33894481009901417,0.3566545610987506
0.2561129780741148,0.0,0.0,0.0,0.26365310157372407,0.24727044769318116,0.0,0.3408347054393425,0.25721193708960466,0.2290724690503619,0.26054875303339137,0.1897068913864688,0.24097972503421447,0.0,0.30109126860566393,0.2392851201804249,0.2517320527078457,0.24956780011832277,0.24187835770091562,0.0,0.3214461251529923,0.21673054522257193,0.3216170054540435,0.0,0.2308991028121834,0.21128200235745578,0.3324233289843762,0.26077715754964975,0.25316449572077887,0.0,0.24451943474185306,0.2913472529327286,0.1797539505409043,0.18929097708704515,0.25058515359382433,0.18200934441336833,0.19408510515109342,0.17935150867446184,0.30253089956269785,0.207949952810252,0.23792320056022626,0.0,0.0,0.0,0.217693168925266,0.2806860629150952,0.0,0.0,0.0,0.0,0.0,0.0,0.0,0.0,0.2511237547634476,0.0,0.24155007445564855,0.0,0.0,0.0,0.0,0.2822776462032678,0.27758530807288934,0.0,0.0,0.0,0.0,0.0,0.2434684376220191,0.27963847722803437,0.2862897965913134,0.0,0.0,0.0,0.0,0.2596763978530243
0.22143109698069263,0.22834156287241308,0.0,0.0,0.0,0.26317151067612804,0.2888515589302875,0.2971259907858321,0.28053495944032725,0.2393732759807806,0.24759115187896424,0.22913450468509444,0.2848844858578251,0.0,0.2514300430292175,0.21577198039958892,0.21682104964151416,0.212870368143599,0.21743734942334159,0.2687206057804235,0.22953335753169102,0.24629240143337777,0.25685729184197476,0.2308991028121834,0.0,0.21808729938530824,0.2757744026905948,0.287953492251806,0.27016434125524,0.0,0.2300257000646453,0.3024739293827529,0.220398599346242,0.24395203946521996,0.27198105664605937,0.0,0.0,0.21498838689445257,0.2992048385231866,0.2600877408469737,0.27177023686063706,0.2981917877266298,0.0,0.0,0.0,0.2631739424060586,0.30095267544984067,0.0,0.0,0.0,0.0,0.0,0.0,0.0,0.28715378093355703,0.0,0.2791898074618296,0.0,0.0,0.0,0.2666706347685312,0.2828330570225059,0.2663916363625624,0.0,0.24269563921323997,0.0,0.27663759342029165,0.0,0.2895727657829201,0.2668071354387361,0.28590092212353635,0.0,0.0,0.23253241634319916,0.0,0.26351648316516507
0.21115424628445134,0.25826730990172864,0.0,0.0,0.0,0.2696159124867331,0.27379986775151965,0.3127461714084477,0.25816014419475614,0.21584034068445182,0.2116439459790581,0.17797761984390809,0.2795557537856513,0.0,0.24474061356274207,0.2673542860386539,0.23437460976957136,0.2198084542149602,0.0,0.27902826210180515,0.2317691721159341,0.24785831390919452,0.29221865082498316,0.21128200235745578,0.21808729938530824,0.0,0.303254410340803,0.2625345009730588,0.27697784294795263,0.0,0.23823392980022728,0.3127608441384348,0.22360160731825082,0.25205985491979765,0.28476993519388616,0.34980436846042257,0.32779319367455745,0.2184321403666952,0.2985111262574757,0.26550913726830255,0.27224561359861443,0.3162256481657963,0.0,0.0,0.0,0.25937566375607385,0.29389189633787755,0.0,0.0,0.0,0.0,0.0,0.0,0.0,0.28337294661339185,0.0,0.2670508818205534,0.0,0.0,0.0,0.26337724451975897,0.2910499328980173,0.27584824345135495,0.0,0.0,0.0,0.2833844599912104,0.0,0.29913601614668067,0.27622819108706215,0.2938083025669967,0.0,0.0,0.21927235713563084,0.0,0.26976070663269736
0.3087039089813251,0.2866923271939579,0.21149039834102845,0.33079284679824555,0.2530499395167492,0.24671844952335245,0.25502152365944186,0.30620915520500247,0.2186610124370914,0.30579088138255983,0.22973134611402155,0.2567619661186806,0.29272103647967535,0.3027145926186562,0.24655092125066497,0.29486428255025005,0.2589613158328383,0.2723278270327279,0.22296863576168985,0.2572422361126477,0.2887714434939492,0.29753865633390914,0.2105577299789336,0.3324233289843762,0.2757744026905948,0.303254410340803,0.0,0.30631740370127963,0.26447745871732836,0.30915350052124546,0.32413943064988404,0.3417441570071461,0.31797797363322333,0.3436435503889055,0.3553504526529535,0.39429411225004934,0.3295826910965343,0.0,0.35475773186582815,0.0,0.36609221849756995,0.0,0.31157131255641896,0.0,0.0,0.0,0.0,0.2687463813995823,0.0,0.33321934788688273,0.3657864522585644,0.37278162489101124,0.34602471359914927,0.3659189940067431,0.0,0.3350636156048812,0.0,0.36753347131100167,0.33379105372863405,0.0,0.0,0.0,0.0,0.34330871868377255,0.3290974165035307,0.0,0.30998715065543503,0.3689430024897436,0.0,0.0,0.0,0.34244144684120575,0.36215772960191495,0.34112752337251284,0.0,0.37110964432696203
0.24494204256016083,0.28400899616753095,0.306266187801029,0.1424693953733152,0.23987584609872792,0.2422175624066231,0.23962895713534868,0.31586805620020164,0.29691008987758355,0.26246953500066206,0.2817376645825605,0.23361776261664177,0.21022750792675696,0.23359167554547972,0.31829359264301527,0.2956308041019795,0.2505565607332245,0.2784060135584453,0.2958950696754402,0.271952709794486,0.29760927237321727,0.29118400483159884,0.3083789137660699,0.26077715754964975,0.287953492251806,0.2625345009730588,0.30631740370127963,0.0,0.21237158907650214,0.2073601021201143,0.2565829490220695,0.25171796894675486,0.20540810791851088,0.25230196706400465,0.2142356661873218,0.196792100956562,0.1811591077213097,0.2049343818869351,0.3530060542280064,0.0,0.3614584976008285,0.33541070435461395,0.32454995755020044,0.26650284500706634,0.0,0.0,0.0,0.31432031777572417,0.0,0.2514011482839539,0.36126945353885515,0.27987050070700814,0.3237065928498323,0.0,0.0,0.2364107524296005,0.25461617938727205,0.3086612640831582,0.0,0.0,0.0,0.0,0.0,0.25466135565649883,0.3266265383640024,0.0,0.0,0.34655404076532903,0.0,0.0,0.0,0.33821458932457155,0.3554035757247556,0.34132738730686135,0.29668215316789315,0.35756091571965226
0.2748401200810019,0.2648194812098184,0.0,0.0,0.0,0.21563659291971116,0.2677679975460029,0.273728490210548,0.0,0.0,0.0,0.0,0.2638613320799283,0.0,0.2766941151619388,0.28269901406527664,0.0,0.2741704673207393,0.0,0.23152112369190106,0.2721587569228481,0.2616986917299472,0.2849780295262089,0.25316449572077887,0.27016434125524,0.27697784294795263,0.26447745871732836,0.21237158907650214,0.0,0.25473085583508004,0.2434458431952553,0.342229837054791,0.0,0.29045802483367883,0.29698606149451,0.3551323550438623,0.0,0.0,0.33199457623048345,0.0,0.3496124978944304,0.3293319128504324,0.30302203994974297,0.2519587008304515,0.0,0.0,0.0,0.3219006257272589,0.0,0.0,0.3227210737560339,0.2734548395055729,0.2594122909690138,0.27233237595256427,0.0,0.0,0.0,0.31063843871766955,0.0,0.30481020736694614,0.0,0.0,0.0,0.0,0.3102282502646984,0.2804771263547662,0.29974505704040166,0.3121485978547601,0.0,0.0,0.0,0.31550658317702907,0.3307688772177833,0.31273812510548576,0.3112560487674774,0.33968182878808373
0.0,0.0,0.3023865218137472,0.0,0.0,0.2961668799578044,0.0,0.3089898272234051,0.2868417309310734,0.0,0.0,0.0,0.2595710224719763,0.0,0.0,0.28278664966206485,0.0,0.2502297248195637,0.0,0.28392602609218565,0.26760500979114593,0.25745844381495014,0.3084499985198038,0.0,0.0,0.0,0.30915350052124546,0.2073601021201143,0.25473085583508004,0.0,0.24712042240868964,0.33987254886185936,0.0,0.28205461962966505,0.0,0.0,0.0,0.0,0.34639978397700194,0.0,0.32992420746937584,0.0,0.2935511171521393,0.0,0.0,0.0,0.0,0.31462562305554453,0.0,0.0,0.0,0.2521142960434596,0.273281437045448,0.0,0.0,0.0,0.0,0.2525229201579697,0.0,0.0,0.0,0.0,0.0,0.26529154885094874,0.3451187323340709,0.0,0.0,0.3349446553342828,0.0,0.0,0.0,0.32858928256598197,0.2969674568294826,0.3166001774292746,0.0,0.31022146057237665
0.24383838830132085,0.23652738979428706,0.3147529806306341,0.0,0.2944870686144811,0.3024036728658458,0.2794951931053724,0.33057483995076126,0.3069222802082034,0.22105632069332717,0.3080003431515277,0.24882715833268176,0.257958090435078,0.2925250049914452,0.2828832739991927,0.2056496214920414,0.22849288342623883,0.2334059013424977,0.30898093542708366,0.26693472129582296,0.26845659518748055,0.24554398605220068,0.32688082068840674,0.24451943474185306,0.2300257000646453,0.23823392980022728,0.32413943064988404,0.2565829490220695,0.2434458431952553,0.24712042240868964,0.0,0.28978376670153355,0.23147791999594708,0.19712222955728884,0.2504663804082876,0.3034602762715181,0.25177710942922993,0.20993258291383268,0.33496925468557937,0.2737072285234509,0.3008633641483684,0.3074653441710252,0.33218002241558847,0.0,0.0,0.26653778526022753,0.30433650972689896,0.31979081464534864,0.0,0.0,0.3861954458566178,0.2618903381893647,0.32976615691726635,0.27577019214164067,0.2374603154662299,0.0,0.24388071870884973,0.2772200384383684,0.0,0.3118947855706168,0.280839558836879,0.27839005712828063,0.24806648146718402,0.0,0.33469757529037575,0.28419096135120675,0.2893262487236173,0.34569872336320323,0.0,0.24921331577920364,0.28939149162539735,0.34511846219250153,0.34262299029642024,0.3373351555760446,0.2944168957147032,0.29072528178608664
0.32799143070921044,0.31746309828054325,0.3140554210271196,0.18066125284198437,0.2614966019468708,0.31959542876114044,0.2578181486583054,0.29617777572046927,0.29075706292243797,0.2350407051486043,0.281544576168774,0.189750121758467,0.2542425132281774,0.1617226797121343,0.3403192787791361,0.31544251298749537,0.31356161163878116,0.32205692385363505,0.2897833382495941,0.3500507618697331,0.33284611108537676,0.3519160261892018,0.33474448368945803,0.2913472529327286,0.3024739293827529,0.3127608441384348,0.3417441570071461,0.25171796894675486,0.342229837054791,0.33987254886185936,0.28978376670153355,0.0,0.2563155389034208,0.22362506563865014,0.2706578978340204,0.15353761591617604,0.2052099609611886,0.16748264752466405,0.3017529306303155,0.27221131993600783,0.3046162276993569,0.25114649200164807,0.37099235871189296,0.3592640527463912,0.0,0.36134085312071446,0.34797478716733604,0.37749013717578817,0.0,0.3187405164148277,0.34064133248986334,0.32463703146696304,0.0,0.33389150395362377,0.28679290519783274,0.3362900071290837,0.16761197176751086,0.3723347054196612,0.0,0.3350400197321903,0.3519640344849214,0.2997268767410438,0.2956938095591409,0.32300497352089697,0.34302131308658135,0.34147160941687926,0.3366399444713493,0.3413102355938551,0.16837405338934922,0.2980049210034749,0.331330658158818,0.3409259455149403,0.3598397180500003,0.34054118886402385,0.3504020906044096,0.34930879765276596
0.2479452629759699,0.24879135418969092,0.0,0.0,0.19651936394187894,0.2705430520428381,0.0,0.0,0.2649076368128842,0.22044327976980077,0.23979653175119445,0.16364837663737486,0.21641590162823607,0.0,0.2674528982137505,0.25820490576300165,0.24282289048886055,0.23599797215248575,0.22561977474076764,0.28186314045682026,0.2753034438619576,0.3097756786490431,0.3607147346752263,0.1797539505409043,0.220398599346242,0.22360160731825082,0.31797797363322333,0.20540810791851088,0.0,0.0,0.23147791999594708,0.2563155389034208,0.0,0.15270001315779597,0.22000538540520018,0.17147086663195632,0.18434908342373119,0.1421601497483259,0.2706632009951756,0.1983922591708603,0.2586877589016634,0.3214171224851802,0.0,0.0,0.18569560226454312,0.2860421241937936,0.3171410538941001,0.0,0.0,0.0,0.0,0.0,0.0,0.0,0.23126842233162717,0.0,0.2169843595641542,0.23468952995628695,0.0,0.2986795348170701,0.2857213521146676,0.2719625124667515,0.23956867893124956,0.0,0.2801546340801253,0.2992867417046225,0.31238931554964244,0.2923755231707186,0.2338124524649913,0.25189224625350665,0.28585516635071323,0.0,0.0,0.26398776118730377,0.0,0.23951472368324841
0.2558281337234363,0.25334832729998685,0.3139606577872581,0.13281665465479198,0.2682680536887858,0.3191414664541237,0.263919496177323,0.33994998090998396,0.3038550462622793,0.23006852827993518,0.29297093631527754,0.16436846547827683,0.2596570251170494,0.2655510368588276,0.3023372242019176,0.24011344745225677,0.25174546323748415,0.25325484419639044,0.2948876603094215,0.3116622915548802,0.2856414543863319,0.29613777221608684,0.34529850856539035,0.18929097708704515,0.24395203946521996,0.25205985491979765,0.3436435503889055,0.25230196706400465,0.29045802483367883,0.28205461962966505,0.19712222955728884,0.22362506563865014,0.15270001315779597,0.0,0.1794485446754296,0.2587574166760629,0.14973948758632696,0.13788286882529288,0.31219141060865074,0.264671262061756,0.2908908530968372,0.3281018329936693,0.34684846663647634,0.0,0.20989961499602486,0.29462558334450656,0.3191704042415037,0.29119105551373314,0.0,0.2881029844543524,0.38407035755045077,0.28473670822560293,0.3382227375753513,0.28085593926036007,0.24962562715280937,0.0,0.24625472585956898,0.3179639524641123,0.27650428627448526,0.3234901123052931,0.2988229347719179,0.27906170282438697,0.2515991139767318,0.27557408633899627,0.3428429912242045,0.3030087004034395,0.30565912037723864,0.3544512072303145,0.23597308114299226,0.25683616196217957,0.2933302030994761,0.3509241618190427,0.3716687135304472,0.3505278554477533,0.0,0.2969051067490833
0.3112057422472299,0.3028512408084595,0.30308880360830626,0.17165793593500994,0.25394472714050764,0.3208086395108209,0.2498943961686353,0.34180123772263155,0.2944370035182871,0.21999917430561092,0.28097198473347007,0.2083186325709569,0.2380900264646593,0.2751301187761346,0.3297622088438,0.29247248672565385,0.2774551140934674,0.29056696600435433,0.28526097999175265,0.3336684268735276,0.3306022783115613,0.33496123424795293,0.3764404840071951,0.25058515359382433,0.27198105664605937,0.28476993519388616,0.3553504526529535,0.2142356661873218,0.29698606149451,0.0,0.2504663804082876,0.2706578978340204,0.22000538540520018,0.1794485446754296,0.0,0.31442512490426244,0.25030016193626864,0.17212299211420312,0.269279416777247,0.3198494386378619,0.32135991300601235,0.2994475801325459,0.37529651667580366,0.0,0.0,0.3478782637397353,0.33884298168378457,0.0,0.0,0.0,0.0,0.0,0.0,0.32919938074607297,0.2932811534968075,0.0,0.31289755278560477,0.3055662568265131,0.0,0.336907887285462,0.31040614116804305,0.26931565652282113,0.2766580573898861,0.0,0.35098509753341517,0.34495390259765735,0.330134278111063,0.3616624483414597,0.3141967306318618,0.27422201271334423,0.31442610036425744,0.3625841049503562,0.32609072667540395,0.33512109102983395,0.0,0.2435168356918943
0.0,0.0,0.3079666975466349,0.11414508293686244,0.15644208775014573,0.3228499349484366,0.25021233207442833,0.1656934938295579,0.3056960644057433,0.16323014265364996,0.18814485059545108,0.17488565257786287,0.20895175282362885,0.13446782136477567,0.38038053735962507,0.0,0.0,0.0,0.2763135549465693,0.3702390318495061,0.3718902155809627,0.3947614988864899,0.35446288946085486,0.18200934441336833,0.0,0.34980436846042257,0.39429411225004934,0.196792100956562,0.3551323550438623,0.0,0.3034602762715181,0.15353761591617604,0.17147086663195632,0.2587574166760629,0.31442512490426244,0.0,0.13283716724675224,0.16530110201444803,0.39446497858480106,0.0,0.34870134525139185,0.0,0.0,0.0,0.0,0.0,0.4200047887764214,0.30918534312897106,0.0,0.0,0.0,0.0,0.0,0.0,0.0,0.2222609482662298,0.0,0.33455061558210103,0.0,0.3203099670206309,0.0,0.0,0.0,0.0,0.325918248652076,0.0,0.3462811993049179,0.361986581315376,0.0,0.0,0.0,0.36279573980696783,0.33368437507654075,0.33347308203915665,0.31920986647488164,0.3254352726358101
0.0,0.0,0.2937645921619434,0.11722034904739095,0.14695199779248416,0.31039267279860244,0.21095295629952698,0.31788480955433696,0.2926592218075667,0.1624538043235126,0.26309253178725056,0.18321261745475514,0.2024974562922031,0.12214005053978745,0.0,0.0,0.0,0.0,0.2703679207431092,0.0,0.0,0.0,0.33911036548455126,0.19408510515109342,0.0,0.32779319367455745,0.3295826910965343,0.1811591077213097,0.0,0.0,0.25177710942922993,0.2052099609611886,0.18434908342373119,0.14973948758632696,0.25030016193626864,0.13283716724675224,0.0,0.16880424543708278,0.3015190449743595,0.0,0.0,0.0,0.2990034653739325,0.0,0.0,0.0,0.0,0.0,0.0,0.0,0.0,0.0,0.0,0.0,0.0,0.0,0.0,0.0,0.0,0.0,0.0,0.0,0.0,0.0,0.0,0.0,0.0,0.28961727412580646,0.0,0.0,0.0,0.2636132051612311,0.29752480447095137,0.0,0.0,0.0
0.27431356906445314,0.0,0.0,0.0,0.21177303760402563,0.2551871833914725,0.26349198101562477,0.0,0.24390433813681725,0.18540583193586024,0.2427975604366577,0.1512708553894961,0.20847344006609128,0.0,0.0,0.0,0.22279599684308937,0.21250699643214835,0.2388194801793405,0.0,0.0,0.0,0.27016959513290156,0.17935150867446184,0.21498838689445257,0.2184321403666952,0.0,0.2049343818869351,0.0,0.0,0.20993258291383268,0.16748264752466405,0.1421601497483259,0.13788286882529288,0.17212299211420312,0.16530110201444803,0.16880424543708278,0.0,0.17842951866915516,0.1797758955197724,0.20250195253186346,0.0,0.0,0.0,0.197852797516423,0.0,0.0,0.0,0.0,0.0,0.0,0.0,0.0,0.0,0.2395267402644917,0.0,0.21284977916834294,0.0,0.0,0.0,0.0,0.0,0.0,0.0,0.0,0.0,0.0,0.0,0.21731865471469997,0.0,0.0,0.0,0.0,0.0,0.0,0.26958331477912895
0.3287739473779962,0.33076813279961353,0.3450002402400599,0.0,0.0,0.3525541550208563,0.28582996040293723,0.3323488397679849,0.34676376443652673,0.20397214061248667,0.29146395101713196,0.18099616282112344,0.3702615577315111,0.0,0.33700677440144333,0.3188362014337368,0.0,0.29608397938453596,0.37254648244983524,0.32778055608396156,0.34336332486515586,0.3231849599854832,0.344792578709289,0.30253089956269785,0.2992048385231866,0.2985111262574757,0.35475773186582815,0.3530060542280064,0.33199457623048345,0.34639978397700194,0.33496925468557937,0.3017529306303155,0.2706632009951756,0.31219141060865074,0.269279416777247,0.39446497858480106,0.3015190449743595,0.17842951866915516,0.0,0.2404378640662517,0.25008929592617757,0.28231953866244436,0.20546894191525938,0.21878264746354545,0.18559165628755753,0.313106146437546,0.32802280634960373,0.32534466004914125,0.18829676283614127,0.2753019987010411,0.3130464072402112,0.26701863401220444,0.30090747891599884,0.30825516907392214,0.2576904763590625,0.30738449618533115,0.18586224492571995,0.28284420717304765,0.2330603989204207,0.3365291990004582,0.32872291561163386,0.2995247921827424,0.2973973933158344,0.30735434171990955,0.34326266177397813,0.3253927128119507,0.35535627180993234,0.3061283501568595,0.27150294367764055,0.2898661203770883,0.3122419345324729,0.3159676632899368,0.26962663579136376,0.3351591321043503,0.284483174491203,0.28779528617465594
