0.0,0.3827969105532993,0.0,0.0,0.0,0.37852098441041304,0.2634856309998578,0.4428551512841491,0.0,0.3719582195000086,0.0,0.36161862501063696,0.31258603460717843,0.0,0.36942798449980996,0.36012378259869526,0.0,0.3589669507842133,0.0,0.3755383558020066,0.3605260558173566,0.3790353623352534,0.42591565901417144,0.31819931651324823,0.3449557443803023,0.35646246973935314,0.4460076498986249,0.332685592157518,0.354151861313912,0.0,0.3534868557945031,0.3841280226376226,0.31006774181404895,0.3311358048783908,0.3740811845139919,0.0,0.0,0.0,0.4029363423496692,0.367434430235687,0.362102519516562,0.0,0.0,0.0,0.0,0.3418901412938657,0.41243907900275006,0.0,0.0,0.0,0.33688426276982747,0.0,0.4455803014995379,0.0,0.0,0.0,0.0,0.3216203387360153,0.0,0.0,0.3925049708615552,0.0,0.38697723307233933,0.0,0.4304425109274149,0.3802470908225803,0.4193879254645632,0.42171383214060687,0.4306019524089089,0.3744391352183792,0.4027105846299552,0.3657353727729175,0.0,0.4106345359824252,0.0,0.3221798787576197
0.3827969105532993,0.0,0.31229144999471214,0.0,0.33143337354401325,0.3798603054792119,0.3526423962472162,0.3949066075622916,0.3309224613652987,0.0,0.0,0.2506707781881453,0.3909145030127625,0.0,0.4014111634267567,0.37043913493256797,0.0,0.406364226291366,0.0,0.3966994145775518,0.3608482087348826,0.38568452976791856,0.39905162480410133,0.0,0.3870426461275218,0.37647560152823106,0.3919692940987424,0.38874063990233176,0.38563261895120127,0.0,0.34348767251783885,0.3841137957464036,0.3167544295499163,0.3412571636676523,0.35841223450833937,0.0,0.0,0.0,0.3990729394000338,0.3798328587315827,0.38897047542679136,0.4139601419431867,0.0,0.0,0.0,0.4063586326119717,0.41178090871418205,0.0,0.0,0.0,0.33341261616078793,0.2869861083123113,0.0,0.0,0.0,0.0,0.0,0.2568407418551242,0.0,0.4360734478977593,0.3962514549802489,0.0,0.35378024284861004,0.0,0.38161058539692383,0.3825428457981847,0.4223327152640493,0.3632714678249743,0.0,0.35833973843619343,0.41058867431450596,0.3749180157849015,0.26903100688708625,0.38935316945169585,0.0,0.3668885528896113
0.0,0.31229144999471214,0.0,0.31634466297992936,0.3638962028063822,0.36863479451086245,0.3831594511931648,0.4067249573316114,0.2694639334666296,0.34907536431688874,0.30436834154639697,0.2676487391631175,0.3853490012882087,0.3692141327410649,0.3256351399532567,0.0,0.0,0.3395061187200981,0.25050365253582746,0.0,0.2807233542516714,0.36082999387062437,0.32567816323641985,0.0,0.2672732941817238,0.3065746480812548,0.29619184220970457,0.3815185379293308,0.36130806608498744,0.369987055051277,0.3891729446099126,0.3135054283303598,0.28258201097806745,0.35921979212952637,0.40362794518801964,0.3305035298012549,0.32543428122558843,0.0,0.4143101932535595,0.0,0.0,0.0,0.4438728006074018,0.0,0.0,0.0,0.0,0.4414765415880689,0.0,0.36996098575826886,0.49386923524866805,0.40069788941460777,0.4237473331196228,0.47589432219848926,0.0,0.3637651794850034,0.3324389455617121,0.4090463236510479,0.42937447615425167,0.0,0.0,0.0,0.0,0.3459675668136786,0.3906089033216695,0.0,0.0,0.49262132144303694,0.0,0.0,0.0,0.48067740063021086,0.34872159645482437,0.36049529409223185,0.0,0.3788672624593495
0.0,0.0,0.31634466297992936,0.0,0.18731469561800165,0.36885899750583245,0.2555061665887182,0.0,0.3373501556911094,0.0,0.28554278623288526,0.2857644614510332,0.29503886754333025,0.2234397920739504,0.0,0.0,0.0,0.0,0.32093533368301924,0.42779444683801005,0.0,0.4905263600347946,0.35287554025061896,0.0,0.0,0.0,0.35719638208580967,0.2410254020134499,0.0,0.0,0.25648528916425944,0.2928731602749176,0.0,0.33608210802788197,0.2694933079944393,0.175115640730416,0.16461924540998127,0.0,0.0,0.0,0.0,0.0,0.0,0.0,0.0,0.0,0.0,0.0,0.0,0.0,0.0,0.0,0.0,0.0,0.0,0.0,0.23927918207387425,0.0,0.0,0.0,0.0,0.0,0.0,0.0,0.0,0.0,0.0,0.0,0.0,0.0,0.0,0.0,0.0,0.0,0.0,0.0
0.0,0.33143337354401325,0.3638962028063822,0.18731469561800165,0.0,0.363599568085973,0.32085549073168124,0.3599193553624805,0.32787565123092066,0.3328482999473515,0.31254982799396924,0.3482455767877241,0.36816519835068573,0.24322726491251115,0.37566098978970447,0.36186419008547827,0.0,0.32727100505489537,0.3515226587757758,0.3948564049136195,0.29343225478952184,0.38895821452132745,0.37246131269584826,0.0,0.336495143373123,0.31246407012940325,0.3726863440773593,0.3526596491513525,0.37991083612434495,0.0,0.3966866675328062,0.3226682625676999,0.29587820138847254,0.3755903896983097,0.3825112866969002,0.1996042807062686,0.19008570888546608,0.30218423793983273,0.35305482021828916,0.0,0.0,0.0,0.3885366001332497,0.0,0.0,0.0,0.0,0.44014063754358695,0.0,0.0,0.4195343364731018,0.34572660427386503,0.4467638911673198,0.40936765190449437,0.0,0.3938469238634031,0.0,0.3148058163164683,0.0,0.3275677745872466,0.0,0.0,0.0,0.45409010985919657,0.39281238011559033,0.315762504297571,0.3210625993113846,0.4635544068638442,0.0,0.0,0.2950934794272467,0.43534541522204423,0.32042484511753266,0.3489407841967434,0.0,0.33950033194704404
0.37852098441041304,0.3798603054792119,0.36863479451086245,0.36885899750583245,0.363599568085973,0.0,0.3970554577395085,0.3827497656897494,0.3265256785500812,0.3757776919434516,0.35538586245262044,0.3417508842723804,0.389404667477403,0.3782148497943753,0.46800704549278854,0.39772786691071166,0.0,0.3745454371104316,0.3597094476721789,0.40096705941903205,0.3896822017986009,0.4052972892747521,0.40511318636904314,0.32668719745921354,0.37948879742346264,0.41621502175906533,0.3887646716153215,0.3707806352090834,0.3373084639273142,0.3878841966813766,0.39298216712887374,0.36774302149187527,0.32646475399074315,0.3843990301997997,0.416126934019605,0.3638494309496473,0.38519368555757283,0.3176739184532292,0.42210137273741694,0.0,0.45756683820285293,0.42864200006406095,0.440855854200095,0.26862083361328315,0.0,0.0,0.3166752767231693,0.49533067797151875,0.0,0.41119468120362423,0.47581772092264557,0.44075743503178805,0.4529938171119432,0.4941457964025649,0.0,0.43965247086321024,0.34403989385983924,0.42396041532272355,0.44597807437334935,0.4156155592379371,0.2579261750362226,0.0,0.0,0.47795677772031836,0.44081126186312675,0.40263818898573056,0.40631789395671164,0.4841251802912129,0.0,0.25692141389092266,0.3618769278638457,0.48067371365420586,0.4255089241694398,0.45972542824681295,0.42738207503556597,0.45332137242172255
0.2634856309998578,0.3526423962472162,0.3831594511931648,0.2555061665887182,0.32085549073168124,0.3970554577395085,0.0,0.37904031680289635,0.3865044840551198,0.33082645679208844,0.388163165187518,0.3122344274139635,0.3311365809968825,0.28567512806475187,0.3833518014407426,0.4028117013825369,0.0,0.373690416749785,0.395737778523789,0.40215679465071996,0.34419872191051326,0.41209408461033203,0.3769991665838673,0.41387180360717085,0.3567783625545476,0.3439194548832959,0.39084492554417205,0.3542483167671182,0.4186329980720336,0.4093992180590898,0.39672499129999106,0.36160886240486445,0.34858153286811655,0.37666169465133387,0.36435474742799506,0.2626611388023848,0.23295187949537705,0.28709331501510854,0.3373715420361633,0.0,0.35381029898233807,0.0,0.3690819703189695,0.0,0.0,0.0,0.2976014818207927,0.40334627019541686,0.0,0.0,0.40202847543387893,0.3352378073038797,0.3728161164348744,0.38812680999935306,0.0,0.0,0.0,0.31661266559507023,0.0,0.3391471563632168,0.2738819608939726,0.0,0.0,0.38422309260965365,0.34605912366195307,0.30695829042054096,0.3181761108586516,0.46540366318685944,0.0,0.2809806943957107,0.2820270172774116,0.4396448862971382,0.3123532529500336,0.35147657715154634,0.0,0.3213849475044603
0.4428551512841491,0.3949066075622916,0.4067249573316114,0.0,0.3599193553624805,0.3827497656897494,0.37904031680289635,0.0,0.4081428553941217,0.3649453903089134,0.27837195869463416,0.3710782423851903,0.37547623403697306,0.3116692544614688,0.42033509100671057,0.3809838658793643,0.0,0.37717062945007734,0.3987250175525686,0.35973642124428606,0.3960634685357002,0.3823319800723681,0.3349931458206429,0.4366974059483375,0.40872984798710554,0.42111443104053814,0.4022114445820163,0.37315311967430476,0.3577740751474344,0.35331778845576933,0.3907129125162764,0.33547575446913386,0.37129429073655595,0.399933487143064,0.39930141817295794,0.2606072926131422,0.0,0.0,0.4228109982584356,0.0,0.0,0.0,0.36543648054727157,0.0,0.0,0.0,0.46242515643816745,0.47651332980979877,0.0,0.42181048002159605,0.44839029065573605,0.4100231456664983,0.38124708004480795,0.47238542382722015,0.0,0.39447703324486727,0.0,0.4013742528037605,0.0,0.4638043867808832,0.0,0.0,0.0,0.46463035398040164,0.47515890647190784,0.4346479444889881,0.48647178946354686,0.45389997943767296,0.0,0.0,0.3930139574387298,0.4616623144749209,0.39390093810051047,0.43296337064025775,0.0,0.4322480763680606
0.0,0.3309224613652987,0.2694639334666296,0.3373501556911094,0.32787565123092066,0.3265256785500812,0.3865044840551198,0.4081428553941217,0.0,0.3408227479360315,0.2791658428341949,0.32486783543043807,0.37139846787646597,0.35132149503810056,0.0,0.3615789641199388,0.0,0.28024441541414474,0.25857620268805737,0.39419323161482395,0.29205290833418185,0.3805371436284588,0.36708822568332,0.0,0.31256798418569737,0.3161122835527591,0.30553167840113743,0.3912787187523434,0.3795175607348752,0.36012044260319903,0.4064384745975324,0.35668414776117396,0.3230652206499644,0.3913079609241224,0.37798247803065405,0.33436203331574377,0.3478261030266008,0.2820693279111257,0.3475815360972271,0.0,0.0,0.25743172787117485,0.43878838097843476,0.25197917443490364,0.0,0.0,0.0,0.48590591160462193,0.0,0.4048284486433708,0.47840231791930393,0.3917893044992756,0.47955011997378405,0.4345875930718613,0.0,0.3679992925295783,0.3484555964119808,0.3609463391786142,0.44857366061340265,0.32336688549083087,0.0,0.0,0.0,0.476217538583952,0.368446746316791,0.0,0.3042381555257441,0.4918337042154403,0.0,0.0,0.0,0.49007459015809457,0.35556075322267877,0.3573052367521966,0.0,0.33492026831576044
0.3719582195000086,0.0,0.34907536431688874,0.0,0.3328482999473515,0.3757776919434516,0.33082645679208844,0.3649453903089134,0.3408227479360315,0.0,0.34880833164563646,0.28021914920980145,0.3676639741374953,0.0,0.0,0.2947952111056294,0.3163511200435917,0.32755101273265974,0.34791108686069894,0.0,0.0,0.33084227518130943,0.3575404199750517,0.28377612032356647,0.3467023365198163,0.34130508303503665,0.3612998619491767,0.3577399149723325,0.3308179751916425,0.0,0.3075383521472174,0.32609304159155555,0.2779861844724817,0.3066532156264292,0.27325006974388816,0.3527830135301445,0.0,0.25624208702704737,0.3888427400094624,0.33292796662242374,0.3560579089198707,0.0,0.0,0.0,0.32082276806994575,0.40979847272411835,0.0,0.0,0.0,0.0,0.0,0.0,0.0,0.0,0.3922755654704443,0.0,0.4018868006351818,0.35699898173918754,0.0,0.0,0.318119520058421,0.37013146973287764,0.3843890615139582,0.0,0.0,0.0,0.3354086900840125,0.0,0.3664069679838468,0.3738893668065519,0.40305228535244547,0.0,0.3883290444939289,0.329090502722687,0.0,0.3778880567360511
0.0,0.0,0.30436834154639697,0.28554278623288526,0.31254982799396924,0.35538586245262044,0.388163165187518,0.27837195869463416,0.2791658428341949,0.34880833164563646,0.0,0.3326666363574274,0.38455542736291376,0.2649720679368833,0.0,0.0,0.0,0.0,0.25339909515003844,0.0,0.0,0.0,0.25581759288929,0.0,0.0,0.2768540462383086,0.3250201401322865,0.3791903417519083,0.0,0.0,0.40413244435356455,0.340659448491102,0.3467276285009191,0.3820454086562477,0.3846866930371047,0.27321959990572225,0.3137095880819454,0.3307034787813669,0.39780277542379794,0.0,0.0,0.0,0.37493496783558333,0.0,0.0,0.0,0.0,0.4362746115345204,0.0,0.3435001287597941,0.4452125819798095,0.37461505539491474,0.4073095689718065,0.4706770206335965,0.0,0.259286594516971,0.0,0.35562188331288935,0.38054895055057214,0.0,0.0,0.0,0.0,0.21940394058948628,0.0,0.0,0.0,0.428555055922246,0.0,0.0,0.0,0.45243059613924685,0.319608772969441,0.39929077548585884,0.0,0.0
0.36161862501063696,0.2506707781881453,0.2676487391631175,0.2857644614510332,0.3482455767877241,0.3417508842723804,0.3122344274139635,0.3710782423851903,0.32486783543043807,0.28021914920980145,0.3326666363574274,0.0,0.31751935690485883,0.0,0.3508249265198988,0.2710688692149125,0.3614850554115931,0.36430776179766605,0.3266042054404356,0.3509235460490257,0.36354833863561237,0.3500815235969539,0.3313506134904794,0.28256118892154825,0.3485026438018782,0.28316290841523106,0.32817494393856184,0.31628994082141054,0.3176984721271199,0.0,0.3228415813718203,0.34426377519359586,0.28790633773214264,0.2780553234467778,0.3406877954599943,0.2984173406120847,0.2953222907168937,0.23968815473272057,0.26856733040571895,0.3560202084067254,0.360920083753473,0.33872349157438236,0.29800633187244757,0.2668225459121437,0.32144949351306784,0.0,0.0,0.32309815991457896,0.16599890024422154,0.0,0.39763122560479897,0.0,0.0,0.37261294805499123,0.40523368851898695,0.0,0.4092780655981669,0.3569241841084136,0.0,0.0,0.3409872952686078,0.3627931514950583,0.3925999920022435,0.2865557004769467,0.0,0.0,0.0,0.33097399460838267,0.3794757174248122,0.3852915352692199,0.40905443710763956,0.3740624340117901,0.30505856068581677,0.0,0.0,0.39379550288298204
0.31258603460717843,0.3909145030127625,0.3853490012882087,0.29503886754333025,0.36816519835068573,0.389404667477403,0.3311365809968825,0.37547623403697306,0.37139846787646597,0.3676639741374953,0.38455542736291376,0.31751935690485883,0.0,0.32063095968434424,0.40223608596473276,0.4274886770585903,0.3460117104739207,0.3771391995557001,0.390797650486319,0.41051375688664477,0.38192881934777667,0.42570091965332835,0.38680458267164036,0.21511207097092003,0.3899923435048139,0.38433928408944634,0.3988625835882736,0.34535043473234706,0.3952866409593516,0.36136709632414926,0.3868728960263501,0.3744606174429041,0.35514332048203356,0.3768908632793238,0.3696090392001782,0.3236325132950108,0.3343411739111569,0.3094405616529274,0.31232155945203965,0.3444887264568511,0.0,0.2522757691206207,0.3764593293842046,0.0,0.0,0.0,0.26938011560886466,0.4235428384585625,0.0,0.3241548938931789,0.37138342806869395,0.33504301214436133,0.4212120613915282,0.3466731364817183,0.0,0.340275421962227,0.3429334782070976,0.3113450489070556,0.0,0.3393915029883069,0.2627957903742855,0.0,0.27132444344346923,0.38575070795420857,0.40366047178944714,0.3750317159458226,0.2965977405421356,0.4666162722792446,0.0,0.26858919255688163,0.30610945880005636,0.45034331506408376,0.3543107219983806,0.39379562416680874,0.38078392907357234,0.33555416796543647
0.0,0.0,0.3692141327410649,0.2234397920739504,0.24322726491251115,0.3782148497943753,0.28567512806475187,0.3116692544614688,0.35132149503810056,0.0,0.2649720679368833,0.0,0.32063095968434424,0.0,0.0,0.0,0.0,0.0,0.3363463511511059,0.0,0.4074255497934084,0.0,0.3270921903935231,0.0,0.0,0.3689574524615882,0.3805049227866852,0.2905787563016661,0.0,0.0,0.0,0.23219809506529682,0.0,0.0,0.0,0.20960733129160614,0.1598597651201703,0.0,0.0,0.0,0.0,0.0,0.3640961060713305,0.0,0.0,0.0,0.0,0.4297702045839633,0.0,0.0,0.0,0.0,0.3797246803319081,0.4351373908070759,0.0,0.34585561311574575,0.0,0.0,0.0,0.0,0.0,0.0,0.0,0.3700160148749842,0.0,0.0,0.0,0.0,0.0,0.0,0.0,0.4104660412380807,0.0,0.0,0.0,0.0
0.36942798449980996,0.4014111634267567,0.3256351399532567,0.0,0.37566098978970447,0.46800704549278854,0.3833518014407426,0.42033509100671057,0.0,0.0,0.0,0.3508249265198988,0.40223608596473276,0.0,0.0,0.39095053431138455,0.0,0.3718274459298079,0.0,0.35426305993230683,0.40134587479701017,0.3772773578361094,0.40826807181036456,0.36981452834007233,0.3687001965536492,0.3899356724528108,0.4622616274065765,0.4047870583801717,0.3932249556185509,0.395616267374064,0.4046790389804865,0.4141718769282736,0.37786835367371846,0.41854466970688753,0.4555561989592793,0.5038499369122343,0.0,0.0,0.45548614605967247,0.45186040855989223,0.40471565832656337,0.4809627408512963,0.0,0.0,0.0,0.0,0.4428113311125017,0.0,0.0,0.0,0.4320166395057487,0.3206164044660145,0.0,0.0,0.0,0.0,0.0,0.36089257264329244,0.0,0.48134240619764895,0.38181026326237416,0.0,0.0,0.0,0.4657793246747231,0.46149756064810354,0.4823421336252883,0.4750736093095447,0.0,0.3048714601119904,0.4546857406789757,0.4707100330943476,0.4094011187307454,0.45703517146160677,0.0,0.41940658800384845
0.36012378259869526,0.37043913493256797,0.0,0.0,0.36186419008547827,0.39772786691071166,0.4028117013825369,0.3809838658793643,0.3615789641199388,0.2947952111056294,0.0,0.2710688692149125,0.4274886770585903,0.0,0.39095053431138455,0.0,0.32093144727027006,0.30047654395406087,0.0,0.4041936387770232,0.36352288349685724,0.3940265572093897,0.4054644116185026,0.3188512868561984,0.3460642699354892,0.3845603289706669,0.4111495530057174,0.3830382584293819,0.41859268925036297,0.35103451673214453,0.3655318060169229,0.40664788459739604,0.33679808341325596,0.3700191601629725,0.4087220087432583,0.0,0.0,0.0,0.3918669199593901,0.3513306513594357,0.3646156741426031,0.3939225601662027,0.0,0.0,0.0,0.40205391967786236,0.38878125939047076,0.0,0.0,0.0,0.2780007022412379,0.2895780081257805,0.0,0.0,0.28765724315812763,0.0,0.3170121355112266,0.282489384299412,0.0,0.3686906764532144,0.37725591523687213,0.28237282292869986,0.37296759806455887,0.0,0.34553538087373054,0.3621972672723391,0.3919485154805813,0.3111095319128525,0.4073786476057777,0.35996397512325523,0.39193412457929094,0.32596796625206526,0.28043480760478623,0.33933797432526297,0.0,0.3577240601346509
0.0,0.0,0.0,0.0,0.0,0.0,0.0,0.0,0.0,0.3163511200435917,0.0,0.3614850554115931,0.3460117104739207,0.0,0.0,0.32093144727027006,0.0,0.2976098424022243,0.0,0.3288548037589674,0.0,0.35155020158000955,0.3018133242587526,0.3641943615436135,0.30545685899163033,0.3441383270542807,0.0,0.3376447930381237,0.3008048339877883,0.0,0.3390891434140105,0.38124987544747846,0.32202992026282756,0.3500404131875111,0.34895341952575654,0.0,0.40709830980280304,0.32508422186280905,0.3984484580313027,0.3525920645233954,0.34807886943672994,0.0,0.0,0.0,0.0,0.0,0.0,0.0,0.0,0.0,0.0,0.0,0.0,0.0,0.3969745089008893,0.0,0.4041219628955793,0.0,0.0,0.0,0.3323989594885664,0.3860317242323134,0.39807496498653916,0.0,0.0,0.0,0.0,0.0,0.39222660765357986,0.40329711522423667,0.41576314445501156,0.0,0.0,0.0,0.0,0.3521039692259139
0.3589669507842133,0.406364226291366,0.3395061187200981,0.0,0.32727100505489537,0.3745454371104316,0.373690416749785,0.37717062945007734,0.28024441541414474,0.32755101273265974,0.0,0.36430776179766605,0.3771391995557001,0.0,0.3718274459298079,0.30047654395406087,0.2976098424022243,0.0,0.0,0.4022567667516639,0.3545608541733843,0.4258690054906503,0.3804219580428147,0.3591801420725552,0.3658356499219159,0.36930457770690217,0.396973924083227,0.3685908372684451,0.4056288956085071,0.34119205876068764,0.3788478010786705,0.40214313787140316,0.33988037991788994,0.3799173932810174,0.3932871177582171,0.0,0.0,0.2956569551121308,0.39620332716746537,0.3650331461566559,0.38415286072551896,0.3941405234363234,0.0,0.0,0.0,0.39637225254285097,0.3852319956664269,0.0,0.0,0.0,0.2780116898877602,0.2790486321735425,0.0,0.0,0.3965608638718333,0.0,0.4043707744314475,0.278618519427604,0.0,0.3477872343511278,0.37669118489822717,0.4037694816459136,0.39265621585350596,0.0,0.29582897476518083,0.0,0.3755232497697999,0.3360574355360512,0.39541703065615963,0.39006060261920017,0.4070078943979688,0.3466735149883987,0.27795405739523155,0.2971750182086008,0.0,0.3913716216940177
0.0,0.0,0.25050365253582746,0.32093533368301924,0.3515226587757758,0.3597094476721789,0.395737778523789,0.3987250175525686,0.25857620268805737,0.34791108686069894,0.25339909515003844,0.3266042054404356,0.390797650486319,0.3363463511511059,0.0,0.0,0.0,0.0,0.0,0.0,0.0,0.0,0.326031646970196,0.0,0.0,0.0,0.3010720246850045,0.39535288814285335,0.0,0.0,0.384633726753834,0.34632136604434005,0.0,0.34474726616951645,0.39170605055062196,0.32542195878979246,0.3455274099639725,0.3166847153463063,0.42138402431305366,0.0,0.0,0.0,0.4292981606982493,0.0,0.0,0.0,0.0,0.3737585450785265,0.0,0.43762708066211836,0.4586416638016398,0.40940442478213285,0.4730001790392069,0.48397614195336974,0.0,0.30282477652664735,0.0,0.3675805371649171,0.43902943817912055,0.0,0.0,0.0,0.0,0.478960776791517,0.0,0.0,0.0,0.4842868909613892,0.0,0.0,0.0,0.48314552312958126,0.33786368850014187,0.4105230006336504,0.0,0.3616889658986083
0.3755383558020066,0.3966994145775518,0.0,0.42779444683801005,0.3948564049136195,0.40096705941903205,0.40215679465071996,0.35973642124428606,0.39419323161482395,0.0,0.0,0.3509235460490257,0.41051375688664477,0.0,0.35426305993230683,0.4041936387770232,0.3288548037589674,0.4022567667516639,0.0,0.0,0.4018189960663515,0.3601039945881881,0.3499801162876565,0.34233140118157773,0.38775111995156336,0.42225205463907084,0.3617951123951909,0.35540721502473094,0.33178250336846155,0.3119327253284247,0.38555590769623954,0.4097788434976302,0.36068588733739454,0.4149682073676516,0.4522192188746306,0.4603343187943048,0.46565977748277754,0.0,0.4048674836283308,0.3865081826676981,0.33516138799990497,0.4149763836677289,0.0,0.0,0.0,0.0,0.35760143422078655,0.0,0.0,0.0,0.4449179595772951,0.324555424690304,0.0,0.0,0.0,0.0,0.0,0.36807772678424355,0.0,0.4277162748354856,0.2789074770269049,0.0,0.0,0.0,0.4479296838289873,0.4154950919034236,0.4401287400380293,0.47066340510774574,0.0,0.24990153065964885,0.38595805596926475,0.4679878362767644,0.42333203847405126,0.44992581038773183,0.3688481574099978,0.4342194497548682
0.3605260558173566,0.3608482087348826,0.2807233542516714,0.0,0.29343225478952184,0.3896822017986009,0.34419872191051326,0.3960634685357002,0.29205290833418185,0.0,0.0,0.36354833863561237,0.38192881934777667,0.4074255497934084,0.40134587479701017,0.36352288349685724,0.0,0.3545608541733843,0.0,0.4018189960663515,0.0,0.40129327436977547,0.3868902524085839,0.3963369555256663,0.3465305990119693,0.3694236317519758,0.4240359111916307,0.3822474621371866,0.3727366254206132,0.3591580529520217,0.3775417981284567,0.37698564814516405,0.30350572950833543,0.3740005338561863,0.4235490298992434,0.3465257750992506,0.0,0.0,0.4277707584978724,0.3838455734136229,0.38068943068994054,0.4643822741678627,0.3637684716679491,0.0,0.0,0.4045824414372216,0.4276823265291233,0.0,0.0,0.0,0.42415668077871543,0.32794109633028456,0.4380763904672074,0.0,0.0,0.0,0.0,0.37161056814073323,0.0,0.45472015802083,0.3834830847380133,0.0,0.0,0.0,0.4588840509585585,0.36327411974618273,0.45763941562567184,0.4723323428423108,0.0,0.3144294312677672,0.43546191494049996,0.47864336092334825,0.4277664715246056,0.45474408757915064,0.0,0.4113720083145196
0.3790353623352534,0.38568452976791856,0.36082999387062437,0.4905263600347946,0.38895821452132745,0.4052972892747521,0.41209408461033203,0.3823319800723681,0.3805371436284588,0.33084227518130943,0.0,0.3500815235969539,0.42570091965332835,0.0,0.3772773578361094,0.3940265572093897,0.35155020158000955,0.4258690054906503,0.0,0.3601039945881881,0.40129327436977547,0.0,0.41130181005443467,0.0,0.4014689546976351,0.386907586143684,0.41756818597203654,0.3961986268639523,0.39967148180384526,0.3706851614305312,0.38605548553480706,0.40522075782421896,0.36505894377262593,0.40168504626841517,0.4494059862400529,0.47706424035231054,0.44380863936723275,0.0,0.41993037585993603,0.4043881006703471,0.41242892291161415,0.4559569579285688,0.0,0.0,0.0,0.4048325703254207,0.41092476497598435,0.0,0.0,0.0,0.34827133068889343,0.2641034366694234,0.0,0.0,0.0,0.0,0.0,0.262141716023695,0.0,0.4675803331945277,0.3652797643238456,0.0,0.32001827630106633,0.0,0.45521750690784235,0.43308234525205724,0.4551711367255245,0.45703106216581657,0.0,0.3376074426519572,0.4323413144362153,0.42559828335252203,0.32112251088284366,0.3963643970026914,0.0,0.36978187504792637
0.42591565901417144,0.39905162480410133,0.32567816323641985,0.35287554025061896,0.37246131269584826,0.40511318636904314,0.3769991665838673,0.3349931458206429,0.36708822568332,0.3575404199750517,0.25581759288929,0.3313506134904794,0.38680458267164036,0.3270921903935231,0.40826807181036456,0.4054644116185026,0.3018133242587526,0.3804219580428147,0.326031646970196,0.3499801162876565,0.3868902524085839,0.41130181005443467,0.0,0.39805938835785637,0.3838756679157294,0.4297532053748541,0.33637535920588735,0.3880914446009149,0.38286872125563154,0.38186045095454874,0.40041583197731917,0.38182100794221385,0.34320125078208824,0.41893538049301166,0.4381956731324393,0.31310269492907344,0.3509350466065066,0.29337749509342675,0.45747346744560885,0.0,0.4752123940120033,0.48505065163326044,0.4345940478714672,0.3712538430670699,0.0,0.0,0.3716843448835587,0.5099184678388712,0.0,0.44261435999789955,0.48647031316645084,0.47097585534868347,0.4730868859114123,0.5034213914538316,0.0,0.35256281493418634,0.32866770915661875,0.4662374128723311,0.4413240762509489,0.4723998744989709,0.2941877146186438,0.0,0.0,0.5001604015529099,0.4768838286412213,0.4959392813235003,0.4484382044737273,0.4983800980261826,0.0,0.2503142804397104,0.4121163077136251,0.49514887499221605,0.4641364596159887,0.4793579675451515,0.4761703232775251,0.476396067883269
0.31819931651324823,0.0,0.0,0.0,0.0,0.32668719745921354,0.41387180360717085,0.4366974059483375,0.0,0.28377612032356647,0.0,0.28256118892154825,0.21511207097092003,0.0,0.36981452834007233,0.3188512868561984,0.3641943615436135,0.3591801420725552,0.0,0.34233140118157773,0.3963369555256663,0.0,0.39805938835785637,0.0,0.35046035910388806,0.3233933323126457,0.36420574849241727,0.2927018852325889,0.3223602892544375,0.0,0.31919611714658863,0.31374251954625443,0.24147092098937598,0.22754089311054557,0.2641696016972681,0.39840096128625374,0.0,0.2338327151377494,0.34549609454345714,0.326641542727265,0.3482439512288181,0.4560996057211448,0.0,0.0,0.3061758511771338,0.4202995966868515,0.0,0.0,0.0,0.0,0.0,0.0,0.0,0.0,0.3882510646738193,0.0,0.39150073501517524,0.0,0.0,0.0,0.37139453371576064,0.38894694500511645,0.4173506207956203,0.0,0.0,0.0,0.3724174347087031,0.0,0.368826316292485,0.40718225238000194,0.420154404239058,0.0,0.0,0.0,0.0,0.38934086356698516
0.3449557443803023,0.3870426461275218,0.2672732941817238,0.0,0.336495143373123,0.37948879742346264,0.3567783625545476,0.40872984798710554,0.31256798418569737,0.3467023365198163,0.0,0.3485026438018782,0.3899923435048139,0.0,0.3687001965536492,0.3460642699354892,0.30545685899163033,0.3658356499219159,0.0,0.38775111995156336,0.3465305990119693,0.4014689546976351,0.3838756679157294,0.35046035910388806,0.0,0.3510315962496913,0.391718399141641,0.37421641690745006,0.389986706364104,0.2812535837459641,0.36154225319428773,0.37744720024467765,0.3017462141186448,0.3474220475923613,0.36171559009208304,0.3375395502412142,0.0,0.31495784846898256,0.3965300081504901,0.358301340502546,0.3811592659289991,0.4009698280229976,0.0,0.0,0.0,0.3877006093729373,0.39492670819168285,0.0,0.0,0.0,0.2687133143003337,0.27192960555335116,0.0,0.0,0.3983797094271658,0.0,0.4138691648698469,0.2938746192688717,0.0,0.3855112404256816,0.37667508378286896,0.40100445295371284,0.3905941401742308,0.0,0.34773068273566754,0.3629344684188267,0.34622354718284987,0.3154196829231344,0.4004244216520725,0.38770044438511864,0.40440447227570614,0.2926149131858763,0.32611231821997416,0.3577809265089885,0.0,0.3889748328345481
0.35646246973935314,0.37647560152823106,0.3065746480812548,0.0,0.31246407012940325,0.41621502175906533,0.3439194548832959,0.42111443104053814,0.3161122835527591,0.34130508303503665,0.2768540462383086,0.28316290841523106,0.38433928408944634,0.3689574524615882,0.3899356724528108,0.3845603289706669,0.3441383270542807,0.36930457770690217,0.0,0.42225205463907084,0.3694236317519758,0.386907586143684,0.4297532053748541,0.3233933323126457,0.3510315962496913,0.0,0.44957797165800534,0.31911081608710157,0.37595307067156597,0.276690460738003,0.3623890313661458,0.39261917085394454,0.3247422450342098,0.3620963784821535,0.4013151233518887,0.40651791816058835,0.4306418153706318,0.30505185978392996,0.4037422232983609,0.3703481471288918,0.3872673027967056,0.42874066825535884,0.0,0.0,0.0,0.40527611774207184,0.4241338419710501,0.0,0.0,0.0,0.344221060740097,0.2878232877805874,0.39535091158464974,0.0,0.38621377141237434,0.0,0.40428358999151137,0.30223861554008435,0.0,0.4801197901255439,0.3951867552320041,0.40485208675252526,0.40189304354927274,0.0,0.38793990300923314,0.4335446382554963,0.44599037574752365,0.3991631087219646,0.4054101241776203,0.3976391389185084,0.41949870038285597,0.39459584458930796,0.33997637178846063,0.3744068539209335,0.0,0.3961837615612429
0.4460076498986249,0.3919692940987424,0.29619184220970457,0.35719638208580967,0.3726863440773593,0.3887646716153215,0.39084492554417205,0.4022114445820163,0.30553167840113743,0.3612998619491767,0.3250201401322865,0.32817494393856184,0.3988625835882736,0.3805049227866852,0.4622616274065765,0.4111495530057174,0.0,0.396973924083227,0.3010720246850045,0.3617951123951909,0.4240359111916307,0.41756818597203654,0.33637535920588735,0.36420574849241727,0.391718399141641,0.44957797165800534,0.0,0.3898710514435862,0.3752095792409994,0.3803623591536035,0.39769253200046356,0.38605214297523116,0.34671895994652746,0.42024647809751675,0.4371530764593652,0.3673042503184031,0.3871812440973203,0.31562004175261876,0.4381982886913836,0.0,0.4612885314572892,0.47219441868303597,0.4669317351104346,0.2923971920816142,0.0,0.0,0.3458039115813907,0.49946449899105116,0.0,0.4167118142238734,0.48065978548558175,0.4391455796794379,0.46576601869398115,0.49656373716121033,0.0,0.44349371359546463,0.33881103769070087,0.41259941808200745,0.0,0.4652996075590152,0.0,0.0,0.0,0.4570337231677082,0.47303749941962137,0.48019572186959925,0.4102551200707951,0.4902460503952166,0.0,0.0,0.42428841897843994,0.48806101131588003,0.43364536307030443,0.47469448274355963,0.45352642265942844,0.4608671877107187
0.332685592157518,0.38874063990233176,0.3815185379293308,0.2410254020134499,0.3526596491513525,0.3707806352090834,0.3542483167671182,0.37315311967430476,0.3912787187523434,0.3577399149723325,0.3791903417519083,0.31628994082141054,0.34535043473234706,0.2905787563016661,0.4047870583801717,0.3830382584293819,0.3376447930381237,0.3685908372684451,0.39535288814285335,0.35540721502473094,0.3822474621371866,0.3961986268639523,0.3880914446009149,0.2927018852325889,0.37421641690745006,0.31911081608710157,0.3898710514435862,0.0,0.3276005091855072,0.33108078504874155,0.3673897064517719,0.3742649548236678,0.3211694762477322,0.36759125197223896,0.33568275793864916,0.28540488257792085,0.2626334893022537,0.29294143569608283,0.33947867572812634,0.360953776717832,0.4119291403809383,0.29970215781630744,0.28595109848393113,0.23940495051472685,0.0,0.0,0.2577506657819041,0.3594312929761118,0.0,0.0,0.43130299330025024,0.3150073916929584,0.3993937595842028,0.3387069808757341,0.0,0.0,0.32323994138306755,0.3366998575478164,0.0,0.42354655830760807,0.2518323118434148,0.0,0.2496068192466432,0.3333524835746386,0.45122222111072025,0.4300159177226311,0.36377413632451616,0.46292089249816987,0.0,0.2718257898888683,0.319265125577987,0.46167323881266153,0.3253978463706711,0.4473165364451707,0.33101250045985964,0.395549479458627
0.354151861313912,0.38563261895120127,0.36130806608498744,0.0,0.37991083612434495,0.3373084639273142,0.4186329980720336,0.3577740751474344,0.3795175607348752,0.3308179751916425,0.0,0.3176984721271199,0.3952866409593516,0.0,0.3932249556185509,0.41859268925036297,0.3008048339877883,0.4056288956085071,0.0,0.33178250336846155,0.3727366254206132,0.39967148180384526,0.38286872125563154,0.3223602892544375,0.389986706364104,0.37595307067156597,0.3752095792409994,0.3276005091855072,0.0,0.296744297512295,0.358764622683529,0.3755694928409554,0.3252959892494066,0.3935762344324273,0.4285983847331651,0.40970320252840453,0.3781097508995803,0.0,0.4294539968785566,0.33620554176024586,0.4136477836986617,0.42842394980898507,0.3538422134803736,0.3093204877576594,0.0,0.356004713664746,0.3404701461079023,0.4072174027309603,0.0,0.3472666301792185,0.4405682576755147,0.32931742166657696,0.41030847709493046,0.3570252822424506,0.0,0.37068622631870957,0.0,0.37502938034416594,0.0,0.43667358631309044,0.24981167471495136,0.0,0.2515609112158944,0.4108876329721809,0.44936583969153643,0.4415779614555157,0.40935252780709463,0.466320234731001,0.0,0.23790990000268927,0.357825058427272,0.46486748259600913,0.41292910708788433,0.45199359709489895,0.404301022903952,0.4256641847789745
0.0,0.0,0.369987055051277,0.0,0.0,0.3878841966813766,0.4093992180590898,0.35331778845576933,0.36012044260319903,0.0,0.0,0.0,0.36136709632414926,0.0,0.395616267374064,0.35103451673214453,0.0,0.34119205876068764,0.0,0.3119327253284247,0.3591580529520217,0.3706851614305312,0.38186045095454874,0.0,0.2812535837459641,0.276690460738003,0.3803623591536035,0.33108078504874155,0.296744297512295,0.0,0.32519774923041056,0.38945317074564,0.3255057817552073,0.37338420493463526,0.3815578152572117,0.0,0.0,0.0,0.0,0.0,0.0,0.0,0.0,0.0,0.0,0.0,0.0,0.0,0.0,0.0,0.39811151607324047,0.0,0.0,0.0,0.0,0.0,0.0,0.30698389508035384,0.0,0.0,0.0,0.0,0.0,0.0,0.4324901936113842,0.46191381581842406,0.0,0.4689262105855376,0.0,0.0,0.0,0.46239050652754754,0.0,0.41981995837506875,0.0,0.0
0.3534868557945031,0.34348767251783885,0.3891729446099126,0.25648528916425944,0.3966866675328062,0.39298216712887374,0.39672499129999106,0.3907129125162764,0.4064384745975324,0.3075383521472174,0.40413244435356455,0.3228415813718203,0.3868728960263501,0.0,0.4046790389804865,0.3655318060169229,0.3390891434140105,0.3788478010786705,0.384633726753834,0.38555590769623954,0.3775417981284567,0.38605548553480706,0.40041583197731917,0.31919611714658863,0.36154225319428773,0.3623890313661458,0.39769253200046356,0.3673897064517719,0.358764622683529,0.32519774923041056,0.0,0.37118843165549315,0.31088658855081647,0.3147234279663015,0.2640296304993353,0.36762028528535134,0.3505121647280306,0.25893585063141794,0.3457580915593663,0.35481598350989585,0.348757716324201,0.0,0.0,0.0,0.0,0.3610777565713803,0.3886727526431537,0.39135496632538,0.0,0.0,0.39540452943784893,0.305175860078231,0.4348712606583035,0.33810855937406026,0.35228633803883413,0.0,0.39104821893610864,0.3131208703192599,0.0,0.44772205343731997,0.38286056286474407,0.3799160744980753,0.39350988146516874,0.0,0.44049016108698097,0.40676263063767815,0.42239950207980803,0.4720508826693927,0.3872954361219549,0.387212555082875,0.40901595653183054,0.4644580842465389,0.38535968375309476,0.4192494664500393,0.0,0.3360948642730235
0.3841280226376226,0.3841137957464036,0.3135054283303598,0.2928731602749176,0.3226682625676999,0.36774302149187527,0.36160886240486445,0.33547575446913386,0.35668414776117396,0.32609304159155555,0.340659448491102,0.34426377519359586,0.3744606174429041,0.23219809506529682,0.4141718769282736,0.40664788459739604,0.38124987544747846,0.40214313787140316,0.34632136604434005,0.4097788434976302,0.37698564814516405,0.40522075782421896,0.38182100794221385,0.31374251954625443,0.37744720024467765,0.39261917085394454,0.38605214297523116,0.3742649548236678,0.3755694928409554,0.38945317074564,0.37118843165549315,0.0,0.3164501606376737,0.3531004163799569,0.3544947590143899,0.26743496636401876,0.315317107199142,0.25976769691996426,0.26710235458538656,0.2621262402717244,0.3328672219938538,0.32514826180904655,0.2916463784883173,0.2798421938943503,0.27849861738296083,0.3772701731258255,0.39893635928026727,0.3834153318802199,0.25139326989176314,0.0,0.4268848050244701,0.2946726534129878,0.4416185700610694,0.3472066951119824,0.28657643626788565,0.32868826900022535,0.28058352473914666,0.2887002349239379,0.0,0.4339908233528355,0.33590643933534625,0.32321568533745465,0.38078452940205515,0.3598577510380147,0.4226822932193299,0.4285953921399634,0.4268438613251332,0.45139675792892686,0.0,0.34721744382636177,0.407784564236849,0.45477312955403243,0.30577616856987805,0.4380880793809844,0.0,0.3942686748042215
0.31006774181404895,0.3167544295499163,0.28258201097806745,0.0,0.29587820138847254,0.32646475399074315,0.34858153286811655,0.37129429073655595,0.3230652206499644,0.2779861844724817,0.3467276285009191,0.28790633773214264,0.35514332048203356,0.0,0.37786835367371846,0.33679808341325596,0.32202992026282756,0.33988037991788994,0.0,0.36068588733739454,0.30350572950833543,0.36505894377262593,0.34320125078208824,0.24147092098937598,0.3017462141186448,0.3247422450342098,0.34671895994652746,0.3211694762477322,0.3252959892494066,0.3255057817552073,0.31088658855081647,0.3164501606376737,0.0,0.2530008108656348,0.38030054327599316,0.2263850752078332,0.0,0.19348029068079037,0.26273031172651473,0.24102230046364242,0.2906594325801147,0.32162510852142345,0.0,0.0,0.23949520354691745,0.3738926585281147,0.37525079053637955,0.0,0.0,0.0,0.3600940348693535,0.0,0.0,0.0,0.31473719453424576,0.0,0.3186115465616852,0.3201514088742401,0.0,0.4569838107327944,0.3552200485793286,0.35101949869728843,0.36099835926989593,0.0,0.29958284838084465,0.4216164825827099,0.4251457264493478,0.4500018896397404,0.31760564497100774,0.37012714775258443,0.3881559026571739,0.45476381144639205,0.34034068770809056,0.3642414812490142,0.0,0.3301632762840681
0.3311358048783908,0.3412571636676523,0.35921979212952637,0.33608210802788197,0.3755903896983097,0.3843990301997997,0.37666169465133387,0.399933487143064,0.3913079609241224,0.3066532156264292,0.3820454086562477,0.2780553234467778,0.3768908632793238,0.0,0.41854466970688753,0.3700191601629725,0.3500404131875111,0.3799173932810174,0.34474726616951645,0.4149682073676516,0.3740005338561863,0.40168504626841517,0.41893538049301166,0.22754089311054557,0.3474220475923613,0.3620963784821535,0.42024647809751675,0.36759125197223896,0.3935762344324273,0.37338420493463526,0.3147234279663015,0.3531004163799569,0.2530008108656348,0.0,0.26256068344005223,0.37234121660756375,0.2777006392982509,0.20738409431021326,0.2934142667617928,0.31413411400686364,0.3746904812755316,0.43050366857692557,0.0,0.0,0.0,0.35785496984594195,0.3839507359103903,0.36717600667728656,0.0,0.0,0.3584911281115261,0.0,0.472013381313284,0.0,0.3688869063944558,0.0,0.3696007740440532,0.3172074466713241,0.0,0.45647528251945907,0.3712308146502293,0.3816341849247842,0.3886014501174149,0.0,0.44391953201394385,0.3995999787188635,0.4325222792197913,0.4722782789286221,0.3706239515155866,0.38886991536664367,0.40304362548109385,0.46416772210547685,0.4435984521718786,0.4340847562572301,0.0,0.3567420654126238
0.3740811845139919,0.35841223450833937,0.40362794518801964,0.2694933079944393,0.3825112866969002,0.416126934019605,0.36435474742799506,0.39930141817295794,0.37798247803065405,0.27325006974388816,0.3846866930371047,0.3406877954599943,0.3696090392001782,0.0,0.4555561989592793,0.4087220087432583,0.34895341952575654,0.3932871177582171,0.39170605055062196,0.4522192188746306,0.4235490298992434,0.4494059862400529,0.4381956731324393,0.2641696016972681,0.36171559009208304,0.4013151233518887,0.4371530764593652,0.33568275793864916,0.4285983847331651,0.3815578152572117,0.2640296304993353,0.3544947590143899,0.38030054327599316,0.26256068344005223,0.0,0.37495900379484554,0.30688901672830754,0.2616317447863228,0.3069975821468389,0.2814223346352476,0.31976673307886805,0.3486115801260048,0.2797127929839827,0.2803886257157529,0.0,0.0,0.418270996758617,0.0,0.0,0.0,0.36020275332868,0.22801396966682883,0.0,0.29212651631777964,0.0,0.0,0.30885247461160736,0.2674101577485768,0.0,0.4743207793367452,0.34761736292676165,0.0,0.0,0.0,0.45058037764544545,0.4689384378945862,0.46535538045901137,0.48676849124902866,0.0,0.3802747138346998,0.42176466910700194,0.4908734240432359,0.2613512429044144,0.44275924506772807,0.33625138247648445,0.0
