0.0,0.2288681564714405,0.21395436400561776,0.0,0.0,0.22131911218777475,0.0,0.28985062962079045,0.0,0.19943507756537915,0.0,0.20693598176511926,0.0,0.0,0.2124694959572518,0.23354921937382334,0.21353060686527808,0.22461059970247227,0.0,0.2973893831084754,0.23876192193545379,0.2527126713444077,0.269546029404576,0.21255088890332452,0.22434270371475412,0.21119144436747023,0.23946708666630612,0.0,0.0,0.0,0.21511424492719639,0.25152803158715065,0.1904671486398041,0.18823566964410002,0.23712621052869132,0.0,0.0,0.23094405887809566,0.27930905247848203,0.24925588803606208,0.25269576264995613,0.2943382496165946,0.0,0.0,0.0,0.25258367128222153,0.28183809613252403,0.0,0.0,0.0,0.21055601664772228,0.18609832206610236,0.0,0.0,0.2579241361370097,0.0,0.2672538487312686,0.1945227021353455,0.0,0.0,0.27593813536480516,0.20169397896195596,0.26694971647402926,0.0,0.0,0.0,0.2829049864703335,0.25825925608382955,0.0,0.27525678041237595,0.2716334612002012,0.23670357691593683,0.0,0.26513340449785877,0.0,0.23013974840777005
0.2288681564714405,0.0,0.20849902887711463,0.0,0.23120893529453834,0.25671794096209916,0.25869019022138234,0.26612660187898335,0.20672738532596946,0.17444615869417401,0.1687440447168859,0.14771109032541604,0.2749899625073119,0.0,0.25277732754837573,0.25383290208710857,0.0,0.24007459889818017,0.0,0.26392056796548835,0.24772277008525947,0.2413201373434283,0.24973135369657679,0.20134330259481764,0.2403734938114957,0.2381344217791311,0.26537688208686055,0.2714774025270756,0.26335824085135257,0.0,0.21207889246176176,0.25372618734159214,0.20195628688279427,0.2127917229195403,0.2299730127718854,0.0,0.0,0.0,0.28527072181017016,0.2666683439694059,0.2792182580699289,0.2989278803660792,0.0,0.0,0.0,0.26649271507950834,0.298241829930881,0.0,0.0,0.0,0.21885792272907442,0.19649117076336076,0.2636513700492315,0.2040676964865839,0.2111295316366784,0.0,0.25905290693765926,0.17099788253963485,0.0,0.30302371813733997,0.2853639366760833,0.2044452377469362,0.25053026618892454,0.0,0.2778205988294832,0.31706219233443417,0.2995365629677338,0.23406909664831888,0.0,0.27208454426341705,0.2937333673464106,0.25611439160174787,0.1846320479869171,0.2632594803498818,0.0,0.267627762222866
0.21395436400561776,0.20849902887711463,0.0,0.0,0.2081709077061158,0.2110461518825914,0.24769991568241043,0.2786837787306009,0.20186419062348318,0.2473012394022678,0.1521473188471275,0.0,0.2549620637962625,0.2682330848315815,0.20896552630379092,0.20002333865127828,0.0,0.0,0.1617757793109841,0.24957683216667548,0.19148042118016462,0.2484121419211404,0.17772697716515767,0.0,0.16401620520440643,0.1963625682692706,0.16780226809566143,0.25372891031328687,0.2195459670134908,0.23645846591838537,0.26001624608877877,0.23930921993305365,0.0,0.2565242372817475,0.27358141132682495,0.23704287779535596,0.23682768842273355,0.19454846069944073,0.29601657457644565,0.0,0.2800708258399323,0.0,0.30325172928068306,0.0,0.0,0.0,0.0,0.2352230098587302,0.0,0.29514598798063235,0.3360744865596348,0.26714615235730493,0.31776218974928094,0.3535916900671446,0.0,0.1965720745625717,0.0,0.27659643920794014,0.318200705719616,0.0,0.0,0.0,0.0,0.20543885390127445,0.0,0.24206434578684144,0.23756752085695768,0.2871610540904494,0.0,0.0,0.20115182947987675,0.3107463238295127,0.25092763969484777,0.2303644543612715,0.0,0.275578741219164
0.0,0.0,0.0,0.0,0.12265220560786651,0.0,0.14516616710962973,0.2052786413534098,0.2315245370980638,0.0,0.20478711834546062,0.0,0.16430922556704491,0.139067744398466,0.0,0.0,0.0,0.0,0.0,0.2852856970773,0.0,0.0,0.0,0.0,0.0,0.0,0.2616883548698877,0.14631083401827555,0.0,0.0,0.0,0.21047167541252113,0.0,0.1691531714361355,0.17595375832255628,0.1136993162767828,0.11864490567683039,0.0,0.0,0.0,0.0,0.0,0.0,0.0,0.0,0.0,0.0,0.0,0.0,0.0,0.0,0.0,0.0,0.0,0.0,0.0,0.13081626758106743,0.0,0.0,0.0,0.0,0.0,0.0,0.0,0.0,0.0,0.0,0.0,0.0,0.0,0.0,0.0,0.0,0.0,0.0,0.0
0.0,0.23120893529453834,0.2081709077061158,0.12265220560786651,0.0,0.22871256107690244,0.21295130470560977,0.24410231700569493,0.21117977818952008,0.21251069377171963,0.18940841510447487,0.2242992721595726,0.2309300691100783,0.16175848798149736,0.0,0.2675794832381691,0.0,0.2292949402488775,0.21211587784759423,0.27350410338502906,0.0,0.2792917429372524,0.22946905748601937,0.20508489313318598,0.2376659266465889,0.21735332445575764,0.2216871246429852,0.21476689785229933,0.25105433768870566,0.0,0.2703808208161398,0.2447935557070226,0.0,0.2630318931734509,0.26289739375539334,0.11932312027492177,0.12646642001660588,0.2335683824682737,0.2589269134644731,0.0,0.26066244033695635,0.0,0.24555074950459177,0.0,0.0,0.0,0.0,0.29884836217852595,0.0,0.25008770075324893,0.27936825630835477,0.2515688496288495,0.2943438972681096,0.2807058694966651,0.0,0.2168850806292105,0.0,0.19927799364715065,0.26030243755580657,0.0,0.0,0.0,0.0,0.2927259314111985,0.0,0.0,0.21232485742445784,0.3054719306581132,0.0,0.0,0.0,0.2749297015059853,0.21902014978497272,0.22538187365112855,0.0,0.0
0.22131911218777475,0.25671794096209916,0.2110461518825914,0.0,0.22871256107690244,0.0,0.2541050031819755,0.22783624646556874,0.2046319222166588,0.25405439410395936,0.22073075497204067,0.22371827462480132,0.23708443136219928,0.2557573300540874,0.24265007438394334,0.27607094104499635,0.0,0.2350030927995887,0.22076307601951764,0.2453359869462862,0.19795112706466478,0.2631671498681548,0.2163401958710222,0.0,0.2556048934765584,0.2577112715783322,0.20692422716219916,0.2192269259883209,0.205653837048766,0.23923684768570733,0.25930401484256776,0.25156764874831283,0.18508841655596017,0.2661058960580634,0.28167992161984906,0.27658976494967,0.27056299547147494,0.0,0.31059863379263575,0.22545436819214415,0.32278945180261237,0.27892387268539703,0.2807639202996193,0.20924608704215086,0.0,0.0,0.2206580184353914,0.32659743385728135,0.0,0.2691044630990219,0.309696517748134,0.2888067797253722,0.28572214225984144,0.33329219686586653,0.0,0.27610133177750795,0.0,0.27559619729364976,0.26258552614656916,0.25236500474091167,0.18301159989897908,0.0,0.17647994846402637,0.31699712464934304,0.26062302266895665,0.24944902055389898,0.24640231437016877,0.3050586782816136,0.0,0.18452066696519107,0.24757874745497485,0.3018868857222404,0.2720067064245375,0.2922860117956774,0.2765606837932944,0.31332943167890204
0.0,0.25869019022138234,0.24769991568241043,0.14516616710962973,0.21295130470560977,0.2541050031819755,0.0,0.27279256998522233,0.25048760594417774,0.19244493027456952,0.2526086108866508,0.22205822343530535,0.2180629351940187,0.1920946237411668,0.0,0.28219406689462717,0.22199587423627304,0.2592020542326687,0.26035601399888875,0.28003608236042316,0.237865184009959,0.2953962517717239,0.25405703175213384,0.2550709874474747,0.25180152601500516,0.23258424302575031,0.2557912121271196,0.22560087705370732,0.2611895631654059,0.29074140609083843,0.26853921001592407,0.23130784258584694,0.0,0.24140219562839216,0.2434108038576661,0.15097782441175855,0.161824216285613,0.2479311686133031,0.21909525500011423,0.0,0.2469304193197951,0.0,0.23423911269754813,0.0,0.0,0.0,0.0,0.2725693981642278,0.0,0.24338044881946433,0.26596717801622427,0.24266880074259972,0.25714291083295954,0.0,0.0,0.20099024630067394,0.0,0.22183760679143957,0.0,0.0,0.0,0.0,0.0,0.0,0.0,0.0,0.2235480399098997,0.31278351023895545,0.0,0.0,0.0,0.28132068507539293,0.22193542946301148,0.2279458241374597,0.0,0.2311537538446462
0.28985062962079045,0.26612660187898335,0.2786837787306009,0.2052786413534098,0.24410231700569493,0.22783624646556874,0.27279256998522233,0.0,0.2994829121014046,0.24961106683120207,0.21050265899930828,0.24986666202471508,0.26780591704561496,0.21399879786437784,0.2725702415363032,0.25695853764847093,0.0,0.25190100284579886,0.28955480008636325,0.2657984891070312,0.22213655857805317,0.25992194320636286,0.2117494093086052,0.2994687208664924,0.27230946463740086,0.2817992413442214,0.2494162430110613,0.26134656385396143,0.228011704151357,0.2507677105536907,0.2811534384459196,0.2543019381204511,0.25857163342419753,0.28868385250104217,0.28740369493409884,0.16125220784075583,0.26705010372341315,0.0,0.3075625627808564,0.3265209846957921,0.3342978570031117,0.3176764562749969,0.24413649913841143,0.0,0.0,0.0,0.0,0.3288535846791325,0.0,0.28154380618187347,0.30773303075968095,0.29563405375521706,0.25371007856115707,0.3305910101201721,0.0,0.2661707759505661,0.0,0.2924985288333807,0.27830576379318855,0.0,0.0,0.0,0.0,0.3179593195484426,0.3518771901446805,0.25532124681895024,0.0,0.3007059438470975,0.20124355752913545,0.0,0.24446852176103004,0.3072548984191352,0.28988560754929327,0.288634025611498,0.26866522930856657,0.3250998943151753
0.0,0.20672738532596946,0.20186419062348318,0.2315245370980638,0.21117977818952008,0.2046319222166588,0.25048760594417774,0.2994829121014046,0.0,0.2274303904512134,0.19918098469179174,0.21205233553253536,0.24283597646531974,0.23840946879627348,0.17780280029838558,0.23778617387783368,0.0,0.16761173690094952,0.19401388259834051,0.2496283282618816,0.18843871608422672,0.23531340174019105,0.229564055875521,0.21784866064162214,0.1817492818314719,0.19275447670374643,0.20992851837275242,0.2723720418264699,0.22864141745148586,0.2569207867400372,0.28391547112957116,0.26120395064853325,0.19780169184011237,0.27575181375670105,0.25323656288078145,0.21431032913822728,0.24848358361015566,0.2043803829856433,0.29581063547081543,0.19925599904303745,0.24692185569914807,0.0,0.30273306096581365,0.23993710011505287,0.0,0.0,0.0,0.3429417483604835,0.0,0.2793615077361695,0.33098097232160223,0.2749741778148405,0.342236539630439,0.3152971910594214,0.0,0.23007594501016984,0.0,0.25178534740217,0.3115563437324266,0.20945391798828153,0.0,0.0,0.0,0.3389449282452056,0.22544225927701594,0.2265485367819746,0.200523940252207,0.3395774331685473,0.0,0.0,0.206567722847891,0.33651052076772414,0.24741132882309685,0.22259352876436825,0.0,0.2380657809871406
0.19943507756537915,0.17444615869417401,0.2473012394022678,0.0,0.21251069377171963,0.25405439410395936,0.19244493027456952,0.24961106683120207,0.2274303904512134,0.0,0.22596765697049104,0.18610772381607554,0.24600204876460502,0.0,0.18236884935645645,0.20272940065664083,0.1964828657244242,0.19647906507936141,0.24367111695372454,0.0,0.24492031749098522,0.21029793340314426,0.2449427128522906,0.185566749458889,0.20757903420683163,0.2035298946512907,0.2545597431485965,0.23927409080407755,0.0,0.0,0.1928432190594579,0.23610773411719366,0.19425880472044207,0.18816158974100086,0.22449580204085143,0.24003983939220677,0.0,0.1633822034360454,0.2525173799907165,0.2272689822664387,0.22011325828021164,0.28911123139366607,0.0,0.0,0.2107320619656013,0.23510949068227105,0.22967401480412533,0.0,0.0,0.0,0.0,0.0,0.0,0.0,0.26236271643736914,0.0,0.27167607100861363,0.23784418518409972,0.0,0.0,0.2373244787766351,0.2495562011656937,0.2444911462356711,0.0,0.0,0.0,0.2306687979209697,0.0,0.23603889908551995,0.2625878341108841,0.26883498516772947,0.0,0.2582864518729445,0.2128746275884877,0.0,0.25316555489842507
0.0,0.1687440447168859,0.1521473188471275,0.20478711834546062,0.18940841510447487,0.22073075497204067,0.2526086108866508,0.21050265899930828,0.19918098469179174,0.22596765697049104,0.0,0.22149050766246778,0.2555481761558197,0.18722927051660943,0.0,0.0,0.0,0.0,0.13822117300039022,0.0,0.0,0.0,0.1972175461018008,0.23886699749015353,0.2073500279812569,0.18230930966517692,0.2084123585101351,0.25721626545523046,0.0,0.0,0.2783354561752192,0.2516724331751933,0.0,0.2661667655123054,0.2643178434076457,0.1623594864321409,0.2403162913854366,0.21306218826388607,0.26695608237314394,0.0,0.0,0.0,0.2055285855734177,0.0,0.0,0.0,0.0,0.2901940185680905,0.0,0.2386703687902284,0.28151638925042943,0.22451295343336733,0.2803646925394237,0.31689157042497007,0.0,0.16296408022321926,0.0,0.22744297963705226,0.23773223044093297,0.0,0.0,0.0,0.0,0.18238814658137203,0.0,0.0,0.0,0.2806769445035359,0.0,0.0,0.0,0.2937804187035996,0.19945216463286156,0.0,0.0,0.24147855920287992
0.20693598176511926,0.14771109032541604,0.0,0.0,0.2242992721595726,0.22371827462480132,0.22205822343530535,0.24986666202471508,0.21205233553253536,0.18610772381607554,0.22149050766246778,0.0,0.17595462137140422,0.0,0.0,0.17130024541447927,0.20544923225802672,0.1908689591228278,0.0,0.0,0.23889326766327296,0.0,0.2192554331831763,0.1767907167722455,0.20396724750632036,0.1902218823234994,0.1993609276883766,0.2064615643667413,0.0,0.0,0.18977415607952372,0.18782162224444302,0.17210456473924848,0.15961070958626022,0.18878540163473212,0.2089022400950413,0.1910778558982375,0.13734908000185372,0.25109736033522995,0.2332578788667628,0.22377398482529864,0.260136004863221,0.0,0.0,0.21849698876880913,0.23510644196999628,0.22426292147578436,0.0,0.0,0.0,0.0,0.0,0.0,0.0,0.26540266514586125,0.0,0.19613376023782245,0.24276872814447567,0.0,0.0,0.22585337047267653,0.22684995839834865,0.24320910129773113,0.0,0.0,0.0,0.0,0.0,0.24828442000109222,0.26086421258874254,0.26556250358194367,0.0,0.25552187618111316,0.22351126935492768,0.0,0.25455197526315015
0.0,0.2749899625073119,0.2549620637962625,0.16430922556704491,0.2309300691100783,0.23708443136219928,0.2180629351940187,0.26780591704561496,0.24283597646531974,0.24600204876460502,0.2555481761558197,0.17595462137140422,0.0,0.19625491190364372,0.28426983558676483,0.29916835467217373,0.21962901909990573,0.2579400160146323,0.26498114118402566,0.27451720501048443,0.25269774835637493,0.29653940118738775,0.25839930861192445,0.1629056660307541,0.27199175096515604,0.26019749188741653,0.2612994752141117,0.20132681000047628,0.240068441132047,0.2208446434873585,0.25187352194376167,0.23887105276164186,0.23715604923063727,0.24959360319288268,0.24638066062267708,0.1837533777617446,0.20677197351208543,0.22677049625229065,0.3086025553865068,0.0,0.2576924811572573,0.0,0.25669441886198613,0.0,0.0,0.0,0.0,0.27590452127409315,0.0,0.22856204579522973,0.24620772494356122,0.24087580150387605,0.2912611950618861,0.23584804126338912,0.24296074796876918,0.2104640455364058,0.0,0.22261365121695334,0.0,0.0,0.0,0.0,0.0,0.0,0.26683222882120794,0.0,0.21282921759559645,0.3133975439444057,0.0,0.0,0.23895858888610982,0.2973938705117438,0.2502100315737599,0.26162404662648425,0.0,0.2513002777747186
0.0,0.0,0.2682330848315815,0.139067744398466,0.16175848798149736,0.2557573300540874,0.1920946237411668,0.21399879786437784,0.23840946879627348,0.0,0.18722927051660943,0.0,0.19625491190364372,0.0,0.0,0.0,0.0,0.0,0.23528510090359556,0.0,0.27835406313880573,0.0,0.24047050693669428,0.0,0.0,0.0,0.26377374712371904,0.14710169450472763,0.0,0.0,0.22157782415094152,0.1665829067000551,0.0,0.0,0.0,0.1161986002762503,0.10988072954439862,0.0,0.0,0.0,0.0,0.0,0.22034354865050867,0.0,0.0,0.0,0.0,0.2724855333557018,0.0,0.22505018237638422,0.22821430731374656,0.2407784793676657,0.24850858448562982,0.2932705103754194,0.0,0.21941879824652075,0.0,0.22060218671379228,0.23941322775482285,0.0,0.0,0.0,0.0,0.22181754453423616,0.0,0.0,0.0,0.2756613738936035,0.0,0.0,0.0,0.2689217449373523,0.0,0.0,0.0,0.0
0.2124694959572518,0.25277732754837573,0.20896552630379092,0.0,0.0,0.24265007438394334,0.0,0.2725702415363032,0.17780280029838558,0.18236884935645645,0.0,0.0,0.28426983558676483,0.0,0.0,0.26379940495226767,0.2017812585219907,0.24951535327543137,0.0,0.21238892106395815,0.2343758875782603,0.22383015082279997,0.2002172424778826,0.0,0.2382681702280888,0.2106346724964455,0.2544740079493684,0.24991590881826345,0.2404671552892242,0.0,0.25666611005316503,0.2633791187166692,0.21387743068148177,0.25670298650845447,0.2950521226819899,0.3390125198431273,0.2963230476455568,0.0,0.3063755791511104,0.2989226156173752,0.2877514816510425,0.34248540050173637,0.0,0.0,0.0,0.0,0.28712619305725146,0.0,0.0,0.0,0.27679023887170573,0.0,0.0,0.0,0.0,0.0,0.0,0.0,0.0,0.2852362495944449,0.2549251225125399,0.0,0.0,0.0,0.30738182514410495,0.30645365586396073,0.3167812003813325,0.2611698293477357,0.0,0.21728411814785908,0.2886295561747007,0.29004457940543515,0.27040131074885276,0.28614667418542117,0.2819334242573235,0.29435602218995477
0.23354921937382334,0.25383290208710857,0.20002333865127828,0.0,0.2675794832381691,0.27607094104499635,0.28219406689462717,0.25695853764847093,0.23778617387783368,0.20272940065664083,0.0,0.17130024541447927,0.29916835467217373,0.0,0.26379940495226767,0.0,0.2235391760923263,0.2350886157824274,0.0,0.26302487694754956,0.2600496642843973,0.2427099417704525,0.2593982323561572,0.21163964772023525,0.24553435717063027,0.2455030402597737,0.2773956845128887,0.282029410399384,0.27189779198254116,0.26177037729823627,0.23072744442477622,0.27745080056363125,0.22571865134264027,0.22994753478986688,0.29116127210379533,0.24766217849340214,0.21601752633405297,0.0,0.2879148587713696,0.267116385923938,0.2743682970288209,0.2954356114535676,0.0,0.0,0.0,0.2833248862990129,0.2944607715270594,0.0,0.0,0.0,0.1912172092938528,0.20829331584343014,0.0,0.0,0.20429899906668034,0.0,0.21317663655744828,0.19644360481708367,0.0,0.2950689166695239,0.2844260300315721,0.19469327658270083,0.2690838060739069,0.0,0.27117479271620665,0.28537737132658,0.2950130427220336,0.21556819003564362,0.0,0.27977848005879535,0.2900779311085267,0.23885844096038392,0.19591457635974477,0.23639822951716377,0.0,0.26737019702857234
0.21353060686527808,0.0,0.0,0.0,0.0,0.0,0.22199587423627304,0.0,0.0,0.1964828657244242,0.0,0.20544923225802672,0.21962901909990573,0.0,0.2017812585219907,0.2235391760923263,0.0,0.19499444146325992,0.0,0.2251625569200305,0.0,0.23247470065043294,0.0,0.21673773719437273,0.2189657991726206,0.19813839436572658,0.0,0.22063741727453445,0.2133486729650056,0.0,0.20840861454817264,0.25383807323656893,0.21116250625170022,0.2096537526469774,0.24123788826434012,0.0,0.0,0.18638708740711926,0.26737903296234355,0.25691432523692453,0.23200315368260435,0.0,0.0,0.0,0.0,0.0,0.25119584840981435,0.0,0.0,0.0,0.0,0.0,0.0,0.0,0.27515640992620805,0.0,0.2574371102935825,0.0,0.0,0.0,0.24178690037516792,0.2532145727424769,0.2565565489362666,0.0,0.0,0.0,0.1973087183848814,0.0,0.24437488662901458,0.2800660889464544,0.280302000946794,0.0,0.0,0.0,0.0,0.2359808623819251
0.22461059970247227,0.24007459889818017,0.0,0.0,0.2292949402488775,0.2350030927995887,0.2592020542326687,0.25190100284579886,0.16761173690094952,0.19647906507936141,0.0,0.1908689591228278,0.2579400160146323,0.0,0.24951535327543137,0.2350886157824274,0.19499444146325992,0.0,0.0,0.26455567440731825,0.24124494714170952,0.25397412124505053,0.2281091313596978,0.2112255365103603,0.22330050381576272,0.22351689563484917,0.24822408089450793,0.27853303109878724,0.2623741938345305,0.2914863217624416,0.21022846514912794,0.2216840308228169,0.20596447223824055,0.21207032945850424,0.22209021668473297,0.0,0.0,0.0,0.27969428059418916,0.2635613598661456,0.2694702177439608,0.27033381738516343,0.0,0.0,0.0,0.2634999838707531,0.2802011160611842,0.0,0.0,0.0,0.1881932191973916,0.0,0.0,0.0,0.2679085177802355,0.0,0.26810503636953203,0.1897632314247308,0.0,0.24514545981064612,0.27432535510981787,0.27280739751794114,0.2681976590598043,0.0,0.2063734607825007,0.0,0.26727760652882915,0.0,0.25197980010682164,0.2749839847747247,0.27720478860698583,0.2099568370928655,0.19349871697928703,0.19845773853441306,0.0,0.267022628237693
0.0,0.0,0.1617757793109841,0.0,0.21211587784759423,0.22076307601951764,0.26035601399888875,0.28955480008636325,0.19401388259834051,0.24367111695372454,0.13822117300039022,0.0,0.26498114118402566,0.23528510090359556,0.0,0.0,0.0,0.0,0.0,0.0,0.20353958392046717,0.0,0.18039726591882116,0.0,0.0,0.0,0.21853570585309579,0.27388462015600296,0.0,0.0,0.2708154856490683,0.2571936965116378,0.0,0.24193116195152672,0.2684002166398442,0.21361883553263897,0.23769874542256192,0.0,0.3052952477862098,0.0,0.26678250930370023,0.0,0.2745331245855038,0.0,0.0,0.0,0.0,0.34993172689923385,0.0,0.26822634645297583,0.3199442415596192,0.280490738333759,0.34349514531482517,0.3438680086805712,0.0,0.1716517170383451,0.0,0.25253787834198055,0.2997758542990384,0.0,0.0,0.0,0.0,0.34821983092280834,0.0,0.0,0.0,0.3394212109736964,0.0,0.0,0.0,0.33249510092370627,0.2397098495414803,0.0,0.0,0.0
0.2973893831084754,0.26392056796548835,0.24957683216667548,0.2852856970773,0.27350410338502906,0.2453359869462862,0.28003608236042316,0.2657984891070312,0.2496283282618816,0.0,0.0,0.0,0.27451720501048443,0.0,0.21238892106395815,0.26302487694754956,0.2251625569200305,0.26455567440731825,0.0,0.0,0.2528804432390277,0.2189840686788704,0.21700806965528943,0.0,0.2631947020821079,0.2559213840285591,0.2269729633951616,0.24776389906826363,0.20304179511191234,0.22832350611380609,0.24898776385681703,0.290497754321051,0.25331843069542315,0.2752808986484279,0.3185543884894035,0.3386166983125386,0.3106145437901195,0.0,0.29742503486711885,0.25832631253288574,0.23974407204864207,0.3211441685448699,0.0,0.0,0.0,0.0,0.2870160428946709,0.0,0.0,0.0,0.2662833744168402,0.23072012808223982,0.0,0.19554314930514502,0.0,0.0,0.0,0.25136404438195636,0.0,0.2609690104316568,0.21753206210001913,0.0,0.0,0.0,0.29057046886706833,0.2666079944876773,0.297597898114563,0.2709996849361783,0.0,0.19603825029545405,0.2909116534235684,0.3030767580826454,0.2941389302962208,0.25843637123969593,0.2562569643062212,0.28860739676809544
0.23876192193545379,0.24772277008525947,0.19148042118016462,0.0,0.0,0.19795112706466478,0.237865184009959,0.22213655857805317,0.18843871608422672,0.24492031749098522,0.0,0.23889326766327296,0.25269774835637493,0.27835406313880573,0.2343758875782603,0.2600496642843973,0.0,0.24124494714170952,0.20353958392046717,0.2528804432390277,0.0,0.2612001961650771,0.2242037869924708,0.28764324651298134,0.23694595771349145,0.2385526575348939,0.25627753194322034,0.24570948780733012,0.23634456134485038,0.23039184260460857,0.24416875256266257,0.2618826415462836,0.20758254813724777,0.24703721829841477,0.3050269081897359,0.33699560068848716,0.0,0.0,0.30373395797409825,0.2536549945006368,0.2845233766364791,0.3401632742142631,0.0,0.0,0.0,0.23203350413107124,0.2973651812078373,0.0,0.0,0.0,0.27394598662956976,0.0,0.2550497391220517,0.0,0.29279248909003625,0.0,0.0,0.27189197546340704,0.0,0.27806291604318867,0.26770029301402276,0.0,0.2252020633622641,0.0,0.2874096291879356,0.26893813340136713,0.30500634687144607,0.27151916397356324,0.0,0.23829764288570493,0.30436017097178353,0.28860620229564266,0.2909262440141075,0.29496671672584746,0.0,0.2806841709575262
0.2527126713444077,0.2413201373434283,0.2484121419211404,0.0,0.2792917429372524,0.2631671498681548,0.2953962517717239,0.25992194320636286,0.23531340174019105,0.21029793340314426,0.0,0.0,0.29653940118738775,0.0,0.22383015082279997,0.2427099417704525,0.23247470065043294,0.25397412124505053,0.0,0.2189840686788704,0.2612001961650771,0.0,0.2293721744813102,0.0,0.2555637740160871,0.24249385216758795,0.2627316602593776,0.2826490292135414,0.24931912549745303,0.2717222410216957,0.2377023699593077,0.27468710119409945,0.24943537182135514,0.2538757702625642,0.2999036322099643,0.3360084049429406,0.30470635732556783,0.0,0.3052926983318253,0.2858385775123331,0.29647407304257306,0.32630837395605183,0.0,0.0,0.0,0.2912979565099538,0.30301903533208147,0.0,0.0,0.0,0.24675533945817552,0.18926545380934712,0.0,0.0,0.0,0.0,0.0,0.18855385213972106,0.0,0.3076139812220825,0.28038539964952147,0.0,0.22401902345899674,0.0,0.305532452224935,0.3048557947505211,0.30680731377843157,0.28901084997847043,0.0,0.2531422528597419,0.3129724604196612,0.2889939451380118,0.23841941057525223,0.28195677975690053,0.0,0.26954862397047846
0.269546029404576,0.24973135369657679,0.17772697716515767,0.0,0.22946905748601937,0.2163401958710222,0.25405703175213384,0.2117494093086052,0.229564055875521,0.2449427128522906,0.1972175461018008,0.2192554331831763,0.25839930861192445,0.24047050693669428,0.2002172424778826,0.2593982323561572,0.0,0.2281091313596978,0.18039726591882116,0.21700806965528943,0.2242037869924708,0.2293721744813102,0.0,0.2629012824285179,0.23548812329306948,0.2591390919592332,0.18165958130325363,0.2524479340545726,0.2281982122788557,0.24700759425104143,0.2616510244374428,0.25494263078987484,0.21764765308296397,0.2675816962992473,0.27922568691140626,0.2672134396842442,0.2619736930298603,0.0,0.31009622606687237,0.2915314967488388,0.33027755569636735,0.31836403325110174,0.3055972927468529,0.27362318886018144,0.0,0.0,0.23678144954871821,0.3434721346917622,0.0,0.2820596294961197,0.32040357121836577,0.31914188076011474,0.3042282686116173,0.3417646307884987,0.0,0.30509203141371743,0.21507420748191403,0.313188913290619,0.29971473361157874,0.27832551509372466,0.18881209034159763,0.0,0.1883604780561004,0.3396063724790868,0.29002325839218435,0.2751966070717703,0.2662289980780133,0.31874058729191096,0.0,0.18044732471421587,0.2525528576018893,0.3128101163887222,0.31107816932157223,0.2992332550602962,0.3089439779262804,0.3208935244823892
0.21255088890332452,0.20134330259481764,0.0,0.0,0.20508489313318598,0.0,0.2550709874474747,0.2994687208664924,0.21784866064162214,0.185566749458889,0.23886699749015353,0.1767907167722455,0.1629056660307541,0.0,0.0,0.21163964772023525,0.21673773719437273,0.2112255365103603,0.0,0.0,0.28764324651298134,0.0,0.2629012824285179,0.0,0.21304164623015442,0.20449729475846878,0.18227759390264248,0.23101406814753828,0.0,0.0,0.20504902357305257,0.2284695251663828,0.14464860638686539,0.1621604005521892,0.211741063832993,0.20820323240864727,0.0,0.14725849713921785,0.26969978553605156,0.22703910272386638,0.22468690303937938,0.0,0.0,0.0,0.19985485753537782,0.2421026582290258,0.2887311991432604,0.0,0.0,0.0,0.0,0.0,0.0,0.0,0.2534485763189851,0.0,0.24923769765105153,0.0,0.0,0.0,0.26202113206006394,0.2629629388969,0.25510816907255496,0.0,0.0,0.0,0.23433792134039666,0.0,0.2573727803183017,0.2678833097905629,0.26870478828628414,0.0,0.0,0.18894085537912272,0.0,0.2579569611773451
0.22434270371475412,0.2403734938114957,0.16401620520440643,0.0,0.2376659266465889,0.2556048934765584,0.25180152601500516,0.27230946463740086,0.1817492818314719,0.20757903420683163,0.2073500279812569,0.20396724750632036,0.27199175096515604,0.0,0.2382681702280888,0.24553435717063027,0.2189657991726206,0.22330050381576272,0.0,0.2631947020821079,0.23694595771349145,0.2555637740160871,0.23548812329306948,0.21304164623015442,0.0,0.22723973946288023,0.2579925690949685,0.27327005558873385,0.2547905904782183,0.0,0.21390239231513078,0.2422523920397164,0.1939280244736512,0.20938478357866183,0.22995391034475415,0.0,0.0,0.19300345050621837,0.2813440480510151,0.26332933285083737,0.26962830110485436,0.2829421466365213,0.0,0.0,0.0,0.26745204073463497,0.28854541003693684,0.0,0.0,0.0,0.18100033324152912,0.18917679119758482,0.0,0.0,0.2749571619682474,0.0,0.27652603841350337,0.19993296094063287,0.0,0.2706408230924898,0.28139567071690136,0.2729377852028624,0.2709290209245981,0.0,0.24683452009752838,0.2751485036966802,0.24659534150240892,0.19992892278389215,0.2786876616339576,0.28080857915848745,0.28059590938320855,0.19293839816525912,0.221190106254514,0.24140871991289908,0.0,0.2686629861219336
0.21119144436747023,0.2381344217791311,0.1963625682692706,0.0,0.21735332445575764,0.2577112715783322,0.23258424302575031,0.2817992413442214,0.19275447670374643,0.2035298946512907,0.18230930966517692,0.1902218823234994,0.26019749188741653,0.0,0.2106346724964455,0.2455030402597737,0.19813839436572658,0.22351689563484917,0.0,0.2559213840285591,0.2385526575348939,0.24249385216758795,0.2591390919592332,0.20449729475846878,0.22723973946288023,0.0,0.26933812242134414,0.22547301054048155,0.2521074591905696,0.0,0.22193713211237892,0.25344564327159386,0.20197301879764518,0.21796305848069397,0.2548162857888816,0.0,0.0,0.18458583991107602,0.2808270118453726,0.26268571545854197,0.26531102557141284,0.29268109600328296,0.0,0.0,0.0,0.26260005863863906,0.2980844695733985,0.0,0.0,0.0,0.21039560299940901,0.1934408793103411,0.0,0.1974466472025056,0.26316014139479843,0.0,0.2642050951562416,0.19027804168103074,0.0,0.3136451232010861,0.28001302791804006,0.27639141183173144,0.26954135585339045,0.0,0.29149477068618956,0.3073405195423643,0.30480224922173615,0.2614915120584857,0.27262818618406276,0.27831673987154737,0.28607558726424775,0.2742778671933816,0.22655768478722468,0.22975622729524972,0.0,0.2675353460626483
0.23946708666630612,0.26537688208686055,0.16780226809566143,0.2616883548698877,0.2216871246429852,0.20692422716219916,0.2557912121271196,0.2494162430110613,0.20992851837275242,0.2545597431485965,0.2084123585101351,0.1993609276883766,0.2612994752141117,0.26377374712371904,0.2544740079493684,0.2773956845128887,0.0,0.24822408089450793,0.21853570585309579,0.2269729633951616,0.25627753194322034,0.2627316602593776,0.18165958130325363,0.18227759390264248,0.2579925690949685,0.26933812242134414,0.0,0.2527441022444703,0.22374083161253674,0.24625768356991265,0.26671313909834543,0.275182991175118,0.24284126549472465,0.28083546086810746,0.30414152297637603,0.3157208144226063,0.27532770315174954,0.0,0.30762383404426996,0.28142388250866107,0.317261357622208,0.3150986000061434,0.30330080824742794,0.22795346609811837,0.0,0.0,0.23403321105756741,0.3280140599348449,0.0,0.288169117872841,0.31372021455136573,0.29315146614855814,0.2998013168367898,0.3303388842207355,0.0,0.3054284162475353,0.21948403918736412,0.2565875016389039,0.33122324012040344,0.2808810901918431,0.194913024844281,0.0,0.0,0.29914413049651023,0.2839932737884092,0.2902965039816431,0.23713755534345496,0.30774803723185806,0.0,0.18602392858440872,0.2841006306424213,0.3056330967099883,0.2788611229821214,0.28658066965285967,0.29050549422509714,0.3146116085458726
0.0,0.2714774025270756,0.25372891031328687,0.14631083401827555,0.21476689785229933,0.2192269259883209,0.22560087705370732,0.26134656385396143,0.2723720418264699,0.23927409080407755,0.25721626545523046,0.2064615643667413,0.20132681000047628,0.14710169450472763,0.24991590881826345,0.282029410399384,0.22063741727453445,0.27853303109878724,0.27388462015600296,0.24776389906826363,0.24570948780733012,0.2826490292135414,0.2524479340545726,0.23101406814753828,0.27327005558873385,0.22547301054048155,0.2527441022444703,0.0,0.18787750284520682,0.19303811353131586,0.22808222927809155,0.24046415981765373,0.20326298298344692,0.23895353256867058,0.22272192459028117,0.14414778416961352,0.17445204859926247,0.20489233681299682,0.2938392225358488,0.0,0.3106224400481612,0.0,0.0,0.0,0.0,0.0,0.0,0.24196703906795217,0.0,0.21793514487837445,0.2873224548077606,0.22946674119666113,0.26316047808850546,0.22186792342148245,0.0,0.1911393607676352,0.17593803696233348,0.2367725770166058,0.0,0.25952948154841793,0.0,0.0,0.0,0.0,0.2929948725162699,0.0,0.24961268598561037,0.3093385830601692,0.0,0.0,0.0,0.3058111815512245,0.2760933736957433,0.2851385262467175,0.0,0.283837084050968
0.0,0.26335824085135257,0.2195459670134908,0.0,0.25105433768870566,0.205653837048766,0.2611895631654059,0.228011704151357,0.22864141745148586,0.0,0.0,0.0,0.240068441132047,0.0,0.2404671552892242,0.27189779198254116,0.2133486729650056,0.2623741938345305,0.0,0.20304179511191234,0.23634456134485038,0.24931912549745303,0.2281982122788557,0.0,0.2547905904782183,0.2521074591905696,0.22374083161253674,0.18787750284520682,0.0,0.21387301228596983,0.23197780292896078,0.2711420627997266,0.21735382105699755,0.26418740019424286,0.29559040251339186,0.31153117914740297,0.27351853657058933,0.0,0.29418695160634806,0.2463869754140531,0.27865300852258196,0.2879388227662917,0.23199682690294973,0.0,0.0,0.0,0.2631748890924799,0.0,0.0,0.0,0.2615754355284992,0.2215737688637886,0.27073343853270765,0.2116145520512443,0.0,0.0,0.0,0.2478636064628995,0.0,0.26313743447620436,0.20697590303514518,0.0,0.0,0.0,0.2700759712900671,0.2760373235422219,0.2595427642417071,0.29139439256005123,0.0,0.19070146844687583,0.2801557812289062,0.2924399710513032,0.27077213945210066,0.2832985502417198,0.26449589834885007,0.28021820561376204
0.0,0.0,0.23645846591838537,0.0,0.0,0.23923684768570733,0.29074140609083843,0.2507677105536907,0.2569207867400372,0.0,0.0,0.0,0.2208446434873585,0.0,0.0,0.26177037729823627,0.0,0.2914863217624416,0.0,0.22832350611380609,0.23039184260460857,0.2717222410216957,0.24700759425104143,0.0,0.0,0.0,0.24625768356991265,0.19303811353131586,0.21387301228596983,0.0,0.19891393603296476,0.2629647605846489,0.0,0.24358765723990372,0.24394599380953116,0.2755313399953282,0.23112301541934052,0.0,0.3065800483996054,0.0,0.0,0.0,0.0,0.0,0.0,0.0,0.0,0.0,0.0,0.0,0.2632346098944712,0.0,0.2182553018157997,0.0,0.0,0.0,0.0,0.0,0.0,0.0,0.0,0.0,0.0,0.0,0.0,0.0,0.0,0.31243235648901435,0.0,0.0,0.0,0.2965328988906941,0.0,0.26848083981725457,0.0,0.0
0.21511424492719639,0.21207889246176176,0.26001624608877877,0.0,0.2703808208161398,0.25930401484256776,0.26853921001592407,0.2811534384459196,0.28391547112957116,0.1928432190594579,0.2783354561752192,0.18977415607952372,0.25187352194376167,0.22157782415094152,0.25666611005316503,0.23072744442477622,0.20840861454817264,0.21022846514912794,0.2708154856490683,0.24898776385681703,0.24416875256266257,0.2377023699593077,0.2616510244374428,0.20504902357305257,0.21390239231513078,0.22193713211237892,0.26671313909834543,0.22808222927809155,0.23197780292896078,0.19891393603296476,0.0,0.2547389779394884,0.19040837827798346,0.17587778648638472,0.21938763429248506,0.30821872292587227,0.2694355531000013,0.1804279330869268,0.284496973972873,0.2548425877142219,0.2416903388011102,0.2833864870334347,0.0,0.23648056264540124,0.22020750967657254,0.23693480851467716,0.28261890204473905,0.26263984457410333,0.0,0.0,0.25553511366410925,0.22491268133302375,0.31580746999024806,0.22446277203527917,0.21047934480158992,0.2126550518156478,0.25499771959082057,0.22325478126932882,0.0,0.3069786260868893,0.27564913147276654,0.24963132335216187,0.25790158386683304,0.0,0.2980961186013038,0.28449198995518865,0.2854144169983117,0.32181473055631304,0.24460795755474993,0.2704359202607161,0.28259075034763065,0.31523766834970784,0.27252582229021444,0.26429370964570564,0.0,0.2304911529630455
0.25152803158715065,0.25372618734159214,0.23930921993305365,0.21047167541252113,0.2447935557070226,0.25156764874831283,0.23130784258584694,0.2543019381204511,0.26120395064853325,0.23610773411719366,0.2516724331751933,0.18782162224444302,0.23887105276164186,0.1665829067000551,0.2633791187166692,0.27745080056363125,0.25383807323656893,0.2216840308228169,0.2571936965116378,0.290497754321051,0.2618826415462836,0.27468710119409945,0.25494263078987484,0.2284695251663828,0.2422523920397164,0.25344564327159386,0.275182991175118,0.24046415981765373,0.2711420627997266,0.2629647605846489,0.2547389779394884,0.0,0.216475289515706,0.2109376921689952,0.22923133389172617,0.1731733242528519,0.20971760207526818,0.15743527788138947,0.21323152036310752,0.25957609314045516,0.26913668389154816,0.2422729930201364,0.30570399530056513,0.30794425862264074,0.0,0.25995635301506376,0.29243759064675334,0.28308984956288114,0.0,0.2647124259581581,0.31235135037285194,0.2709339199925926,0.3136273972756554,0.26885032206373166,0.26571787683450565,0.23491061165580435,0.1738963812023019,0.30201132888022714,0.0,0.3015886566624887,0.258682430108149,0.2558424648579345,0.27310818363050077,0.0,0.30411680254159834,0.30413726220484066,0.3039021825173541,0.3156179136387859,0.0,0.2663472845970826,0.29635184679620896,0.31405525137165,0.28330214490535,0.3052921707308174,0.0,0.2980016711200717
0.1904671486398041,0.20195628688279427,0.0,0.0,0.0,0.18508841655596017,0.0,0.25857163342419753,0.19780169184011237,0.19425880472044207,0.0,0.17210456473924848,0.23715604923063727,0.0,0.21387743068148177,0.22571865134264027,0.21116250625170022,0.20596447223824055,0.0,0.25331843069542315,0.20758254813724777,0.24943537182135514,0.21764765308296397,0.14464860638686539,0.1939280244736512,0.20197301879764518,0.24284126549472465,0.20326298298344692,0.21735382105699755,0.0,0.19040837827798346,0.216475289515706,0.0,0.15744775880861162,0.27057746988695464,0.0,0.20624733454512026,0.12527810633151917,0.2614767107446384,0.21989840757375845,0.2095509656956336,0.28026138979280807,0.0,0.0,0.17276877063782528,0.24699788944877338,0.2822286868550568,0.0,0.0,0.0,0.2551927474183404,0.0,0.0,0.0,0.21774505322080276,0.0,0.22462025709072486,0.21956130265441315,0.0,0.3103154553858057,0.2699718884474642,0.2504878330921361,0.2401910595152552,0.0,0.29482689235618653,0.30287048664796945,0.2969664044974579,0.2822867095840238,0.2138326186843697,0.26111150846567194,0.27109302419369596,0.30659671981717096,0.2368146731442518,0.2544585735332228,0.0,0.23987410267247156
0.18823566964410002,0.2127917229195403,0.2565242372817475,0.1691531714361355,0.2630318931734509,0.2661058960580634,0.24140219562839216,0.28868385250104217,0.27575181375670105,0.18816158974100086,0.2661667655123054,0.15961070958626022,0.24959360319288268,0.0,0.25670298650845447,0.22994753478986688,0.2096537526469774,0.21207032945850424,0.24193116195152672,0.2752808986484279,0.24703721829841477,0.2538757702625642,0.2675816962992473,0.1621604005521892,0.20938478357866183,0.21796305848069397,0.28083546086810746,0.23895353256867058,0.26418740019424286,0.24358765723990372,0.17587778648638472,0.2109376921689952,0.15744775880861162,0.0,0.13369497583699755,0.2921102447198343,0.19382410904921382,0.13907993512328504,0.24844759968151578,0.24263676440189053,0.24505964647996192,0.2533480645900637,0.0,0.0,0.15628626758940636,0.23360508076776074,0.2791965218211272,0.24643428763750483,0.0,0.2620245769831622,0.28032406125341575,0.22790154300449253,0.3249432949525372,0.24291534266619155,0.23779860448495163,0.21777520886552001,0.23466192023724222,0.25082866081959654,0.0,0.3054870407152202,0.267777745899782,0.24820442906088055,0.2485393433631982,0.0,0.30997128065866736,0.2868900493286106,0.29506900994453916,0.32753333474709634,0.21970810903666987,0.265021652910178,0.2768518707633661,0.32436498817298315,0.29399684057292536,0.28601417449266997,0.0,0.23352588534952437
0.23712621052869132,0.2299730127718854,0.27358141132682495,0.17595375832255628,0.26289739375539334,0.28167992161984906,0.2434108038576661,0.28740369493409884,0.25323656288078145,0.22449580204085143,0.2643178434076457,0.18878540163473212,0.24638066062267708,0.0,0.2950521226819899,0.29116127210379533,0.24123788826434012,0.22209021668473297,0.2684002166398442,0.3185543884894035,0.3050269081897359,0.2999036322099643,0.27922568691140626,0.211741063832993,0.22995391034475415,0.2548162857888816,0.30414152297637603,0.22272192459028117,0.29559040251339186,0.24394599380953116,0.21938763429248506,0.22923133389172617,0.27057746988695464,0.13369497583699755,0.0,0.29834042987223847,0.22627179891208374,0.1784628166846614,0.21980465333320148,0.2538901904683313,0.2499278504940611,0.24498119193517293,0.0,0.0,0.0,0.0,0.30556686197443655,0.0,0.0,0.0,0.27070086950781197,0.26496439996986526,0.0,0.0,0.25987102354056385,0.0,0.1956023128129158,0.23429460198556593,0.0,0.32715596321119045,0.2810789541564004,0.2417701537086062,0.2624903258438553,0.0,0.32058759357152966,0.32810286977952446,0.3226270824671065,0.32325532949974983,0.0,0.26982508542814526,0.30312885931715766,0.3240046690674848,0.20827851073242917,0.2796357165707214,0.0,0.23439285756461345
0.0,0.0,0.23704287779535596,0.1136993162767828,0.11932312027492177,0.27658976494967,0.15097782441175855,0.16125220784075583,0.21431032913822728,0.24003983939220677,0.1623594864321409,0.2089022400950413,0.1837533777617446,0.1161986002762503,0.3390125198431273,0.24766217849340214,0.0,0.0,0.21361883553263897,0.3386166983125386,0.33699560068848716,0.3360084049429406,0.2672134396842442,0.20820323240864727,0.0,0.0,0.3157208144226063,0.14414778416961352,0.31153117914740297,0.2755313399953282,0.30821872292587227,0.1731733242528519,0.0,0.2921102447198343,0.29834042987223847,0.0,0.15463515738818853,0.21942822153881084,0.0,0.0,0.0,0.0,0.20306424748973578,0.0,0.0,0.0,0.0,0.28117206932413685,0.0,0.19467544502203582,0.22389508187277696,0.20742458060134997,0.21232454099012013,0.0,0.0,0.19096624955022315,0.1904448916755811,0.25102999610561527,0.19674462530187692,0.0,0.0,0.0,0.0,0.21877798232993922,0.3058322126517596,0.0,0.0,0.2819081220985475,0.0,0.0,0.0,0.2663257105627945,0.2251805819006615,0.28845058920603794,0.0,0.0
