0.049475370376296256,0.33531349266831506,0.3254896051330716,0.049475370376296256,0.049475370376296256,0.2895401763564142,0.049475370376296256,0.4116835694446454,0.049475370376296256,0.30068853446979765,0.049475370376296256,0.3113969352279155,0.049475370376296256,0.049475370376296256,0.3145643648326546,0.3414175113678903,0.3273873050544464,0.329655187234729,0.049475370376296256,0.42168402344444905,0.3509302090193077,0.3659536553609388,0.3862507895272879,0.316424693777514,0.32942378252223925,0.3141431053486923,0.3425074530841884,0.049475370376296256,0.049475370376296256,0.049475370376296256,0.31923862838715594,0.364748404121435,0.28466689910789655,0.2838557099201083,0.3611497083460692,0.049475370376296256,0.049475370376296256,0.3306590677778742,0.3993066738009243,0.3586301287734612,0.3759169217949504,0.43527519724166985,0.049475370376296256,0.049475370376296256,0.049475370376296256,0.36774527486110153,0.40044951820556013,0.049475370376296256,0.049475370376296256,0.049475370376296256,0.3077515623272468,0.2833068070560588,0.049475370376296256,0.049475370376296256,0.3665570618340944,0.049475370376296256,0.37216634521903874,0.27355567795710956,0.049475370376296256,0.049475370376296256,0.39195844200699054,0.3001732675976354,0.3525788160965609,0.049475370376296256,0.049475370376296256,0.049475370376296256,0.4024683104303773,0.38614144801553457,0.049475370376296256,0.3905904076019322,0.38483241199372975,0.3725634066082092,0.049475370376296256,0.3847131463852521,0.049475370376296256,0.3504502423904521
0.33531349266831506,0.049475370376296256,0.28656677446737394,0.049475370376296256,0.3315501047887206,0.37258505506797235,0.3493485420395759,0.3823399677045155,0.2899769101945927,0.25447843572211304,0.2615012606112878,0.2278116246312734,0.3948137123534536,0.049475370376296256,0.3674719197480267,0.3689608086733561,0.049475370376296256,0.35141138934288907,0.049475370376296256,0.3818563733028496,0.35861471637685577,0.3545809788737694,0.3620891023398543,0.30615880104203647,0.3530392233150354,0.3488138389851818,0.382989622169432,0.39022727928717393,0.38025911491123565,0.049475370376296256,0.31729236535669764,0.36925884794642877,0.3035224536988068,0.31794916163294396,0.3763567684762611,0.049475370376296256,0.049475370376296256,0.049475370376296256,0.4070568963214126,0.382964129910323,0.3985561524280122,0.4231317488927621,0.049475370376296256,0.049475370376296256,0.049475370376296256,0.38308237229677433,0.4226830444696874,0.049475370376296256,0.049475370376296256,0.049475370376296256,0.29612986353928406,0.26354982942758215,0.4064857173077009,0.27591084839373,0.2918363682037943,0.049475370376296256,0.3084448184681505,0.23491092193194296,0.049475370376296256,0.4276513653545472,0.4059937192516116,0.28757219474976387,0.3618657953819732,0.049475370376296256,0.39580723363184167,0.4454943512760114,0.4249400781169109,0.31186400933229785,0.049475370376296256,0.38765118743901145,0.41709461434553374,0.33239515714079787,0.24758034641407797,0.3542462894365678,0.049475370376296256,0.3759783771948041
0.3254896051330716,0.28656677446737394,0.049475370376296256,0.049475370376296256,0.30770627565547093,0.3143296998558913,0.3572165839806968,0.3967878542483018,0.30343768356052886,0.3245350969745741,0.2403212881946562,0.049475370376296256,0.3662704379063212,0.3845478716795224,0.3120393134020806,0.3014778404126597,0.049475370376296256,0.049475370376296256,0.25635760639849353,0.34343209525986246,0.2896915478784619,0.3409080967194291,0.2718345612883055,0.049475370376296256,0.22946675081735152,0.2655864071546118,0.2614007594081918,0.36458427848789937,0.313218632768972,0.33780928049763437,0.37220484579532437,0.34506695865096765,0.049475370376296256,0.36590251045643685,0.3752533223308203,0.3410982645232882,0.3330186950873112,0.24944457439618156,0.38608533333782474,0.049475370376296256,0.3609305548414717,0.049475370376296256,0.42595872389643025,0.049475370376296256,0.049475370376296256,0.049475370376296256,0.049475370376296256,0.34820770847312776,0.049475370376296256,0.37599341949707116,0.4678555242528811,0.25107736769293304,0.44614948119899484,0.49155171076564774,0.049475370376296256,0.29079003911562085,0.049475370376296256,0.34867302773479386,0.44253029193180937,0.049475370376296256,0.049475370376296256,0.049475370376296256,0.049475370376296256,0.30633108234657863,0.049475370376296256,0.3536277835516218,0.3141704672106452,0.40732861193538045,0.049475370376296256,0.049475370376296256,0.30222144973823206,0.4344177256953381,0.30713922964180673,0.30988089802246604,0.049475370376296256,0.3685748154830023
0.049475370376296256,0.049475370376296256,0.049475370376296256,0.049475370376296256,0.20145254784665043,0.049475370376296256,0.21983858073937904,0.3041368790476277,0.3198996048197358,0.049475370376296256,0.30425589495874267,0.049475370376296256,0.23938649489868788,0.21698610174048538,0.049475370376296256,0.049475370376296256,0.049475370376296256,0.049475370376296256,0.049475370376296256,0.3873442815451539,0.049475370376296256,0.049475370376296256,0.049475370376296256,0.049475370376296256,0.049475370376296256,0.049475370376296256,0.3696429496992013,0.23235821008700533,0.049475370376296256,0.049475370376296256,0.049475370376296256,0.3123516358605294,0.049475370376296256,0.25937303683525675,0.26664023947735377,0.18841465684437067,0.19789389739070043,0.049475370376296256,0.049475370376296256,0.049475370376296256,0.049475370376296256,0.049475370376296256,0.049475370376296256,0.049475370376296256,0.049475370376296256,0.049475370376296256,0.049475370376296256,0.049475370376296256,0.049475370376296256,0.049475370376296256,0.049475370376296256,0.049475370376296256,0.049475370376296256,0.049475370376296256,0.049475370376296256,0.049475370376296256,0.206078788740436,0.049475370376296256,0.049475370376296256,0.049475370376296256,0.049475370376296256,0.049475370376296256,0.049475370376296256,0.049475370376296256,0.049475370376296256,0.049475370376296256,0.049475370376296256,0.049475370376296256,0.049475370376296256,0.049475370376296256,0.049475370376296256,0.049475370376296256,0.049475370376296256,0.049475370376296256,0.049475370376296256,0.049475370376296256
0.049475370376296256,0.3315501047887206,0.30770627565547093,0.20145254784665043,0.049475370376296256,0.3353206343070055,0.31827152707589923,0.3537914022610653,0.3146365616798871,0.30315083029978684,0.2865666707084725,0.3036895379926137,0.33923410856211766,0.2513232393284986,0.049475370376296256,0.3752840970293052,0.049475370376296256,0.31243907086861966,0.31320809346428974,0.3972302851081396,0.049475370376296256,0.399476696627129,0.33482939297530906,0.3014751452340664,0.3256535696556792,0.31044522971368904,0.3254858410887528,0.3188576070325704,0.36441935836448774,0.049475370376296256,0.3867321625654589,0.35649708140484443,0.049475370376296256,0.3762122298377049,0.37668450838877926,0.1964929446664035,0.20716558786516823,0.32836850746323604,0.3441604833401833,0.049475370376296256,0.33445805833972125,0.049475370376296256,0.33452135397654537,0.049475370376296256,0.049475370376296256,0.049475370376296256,0.049475370376296256,0.3865762165456519,0.049475370376296256,0.32606243672549085,0.3846219251969511,0.32209533654110956,0.40373024234661176,0.37455836086721217,0.049475370376296256,0.29224719844051744,0.049475370376296256,0.26627108867549365,0.3606828245741451,0.049475370376296256,0.049475370376296256,0.049475370376296256,0.049475370376296256,0.38167598593798785,0.049475370376296256,0.049475370376296256,0.29208175924417695,0.4291889878682896,0.049475370376296256,0.049475370376296256,0.049475370376296256,0.35046650322981887,0.27644478873863726,0.29754671770482133,0.049475370376296256,0.049475370376296256
0.2895401763564142,0.37258505506797235,0.3143296998558913,0.049475370376296256,0.3353206343070055,0.049475370376296256,0.3663777042281881,0.32852220816366046,0.3053960207793324,0.3661647547842252,0.32549467052013475,0.2732956984496547,0.3447620769609645,0.36875059036545266,0.35470595290501106,0.3956207918148768,0.049475370376296256,0.3426953022446052,0.30052901520863246,0.35842043405832225,0.2943253336306874,0.3799445194119332,0.31862990341524683,0.049475370376296256,0.3715982677799203,0.3732936732574054,0.3065346120732809,0.32051457943354505,0.304087087612123,0.3471249539493306,0.3707702415207309,0.3623970899704258,0.28080248797822854,0.37998971887492566,0.40207417486473457,0.39355643130850865,0.3864062394246001,0.049475370376296256,0.43662381356260177,0.29922062812887573,0.44532947555053765,0.382215955656495,0.36823026118801994,0.28209429468101554,0.049475370376296256,0.049475370376296256,0.2767608079964264,0.4550896599851641,0.049475370376296256,0.3447878270736874,0.43206007081417613,0.2951472194629306,0.4009689299826292,0.4627821628765733,0.049475370376296256,0.3170116094273986,0.049475370376296256,0.3257846091744301,0.37920909702889777,0.3249291635843427,0.24383304262588518,0.049475370376296256,0.25069045374130117,0.4341640485577229,0.3472791856894336,0.3516668212272066,0.20620725686839922,0.42587667933604867,0.049475370376296256,0.23966653160982962,0.3114038976776074,0.42172601259363873,0.38153939925126157,0.39601415693194264,0.3746227764425417,0.4228416710246224
0.049475370376296256,0.3493485420395759,0.3572165839806968,0.21983858073937904,0.31827152707589923,0.3663777042281881,0.049475370376296256,0.3899265506544421,0.36283447626799453,0.28949837684077684,0.3625574991157869,0.3201958980585928,0.32376752947839443,0.2903688671349482,0.049475370376296256,0.40242917495278563,0.31690951634933234,0.3753895513647998,0.37257585108514757,0.4002404655454082,0.33782515621042686,0.41955475428441846,0.36527276588195323,0.3538400532734822,0.3674805788424136,0.32344317405975803,0.3682102747605864,0.33356528654629336,0.3743579391983183,0.4171655692439448,0.38541252763071815,0.33823820803890603,0.049475370376296256,0.3502590917947092,0.3565746900828746,0.2391586071552262,0.2305221785342935,0.3552472986228704,0.29197666554867213,0.049475370376296256,0.3263246677657647,0.049475370376296256,0.30721842933921406,0.049475370376296256,0.049475370376296256,0.049475370376296256,0.049475370376296256,0.3319197103837039,0.049475370376296256,0.32388273297114734,0.36078027043949695,0.30653238959797463,0.3740101745540815,0.049475370376296256,0.049475370376296256,0.26318646079818725,0.049475370376296256,0.2774630995165548,0.049475370376296256,0.049475370376296256,0.049475370376296256,0.049475370376296256,0.049475370376296256,0.049475370376296256,0.049475370376296256,0.049475370376296256,0.2831345510501677,0.4388589006919718,0.049475370376296256,0.049475370376296256,0.049475370376296256,0.37351128599446026,0.2781544200406248,0.298726642405388,0.049475370376296256,0.3016245745749834
0.4116835694446454,0.3823399677045155,0.3967878542483018,0.3041368790476277,0.3537914022610653,0.32852220816366046,0.3899265506544421,0.049475370376296256,0.4225230660545755,0.3412276411077,0.3109482571467476,0.34624749412431294,0.3826821326428094,0.3166445206872865,0.39521337302354365,0.3707187551733451,0.049475370376296256,0.3647241677384316,0.41338605255062955,0.3760877764860247,0.32083516761877334,0.3670893549615288,0.3114110592796762,0.42363779742102325,0.390152717921374,0.400407542515041,0.3599667130205793,0.3759981862337452,0.3318723436807021,0.355635223028374,0.4007879160877384,0.3664796837474359,0.3741183370485279,0.4102561241691729,0.40958317982934644,0.24914565488736912,0.38275094360317624,0.049475370376296256,0.4338159306396893,0.41153313790994717,0.46155082919711493,0.45884917615557747,0.34756784469136426,0.049475370376296256,0.049475370376296256,0.049475370376296256,0.049475370376296256,0.4596616392750295,0.049475370376296256,0.38017593727046445,0.4315824130141508,0.4106935227594609,0.3633450177613423,0.4609243097561082,0.049475370376296256,0.3803504004773682,0.049475370376296256,0.41188061521342156,0.3844875560864473,0.049475370376296256,0.049475370376296256,0.049475370376296256,0.049475370376296256,0.44753440023414987,0.480251672077405,0.3636547793834355,0.049475370376296256,0.4233034087562007,0.3023367054874718,0.049475370376296256,0.3491932013977423,0.4314182502792914,0.4088144278595373,0.39736400257295196,0.3806076789589508,0.4467429776309053
0.049475370376296256,0.2899769101945927,0.30343768356052886,0.3198996048197358,0.3146365616798871,0.3053960207793324,0.36283447626799453,0.4225230660545755,0.049475370376296256,0.32921839355817456,0.299203490451029,0.252497919283767,0.3519079755080821,0.3466940869984207,0.28833135728785775,0.327116697932756,0.049475370376296256,0.2247617325754703,0.2944741628267007,0.3625160797604242,0.28153726138801655,0.3438254466011344,0.3351361196400158,0.2857599523249629,0.2174649171025176,0.2366948046472093,0.3106773432437161,0.38743622390471844,0.3337779972071946,0.37151825482103773,0.40163618066486484,0.37258896332464847,0.26956896813503556,0.38987904395810236,0.36070295461355795,0.3111681065897765,0.35399417966993507,0.24028276908130447,0.3907456470540445,0.26070677819680266,0.3107967117069962,0.049475370376296256,0.42346393936155824,0.3316094421731872,0.049475370376296256,0.049475370376296256,0.049475370376296256,0.47728922278440084,0.049475370376296256,0.36377103230049596,0.4609349876950776,0.29577045500106225,0.47708444621449075,0.44024644881066866,0.049475370376296256,0.3374094886413703,0.049475370376296256,0.30754512248591265,0.4285707886769146,0.2898455183779875,0.049475370376296256,0.049475370376296256,0.049475370376296256,0.4610403127827214,0.29206494541413286,0.33413226166524973,0.27915715283223497,0.4732948871258324,0.049475370376296256,0.049475370376296256,0.2783263510934656,0.4689815207169107,0.29605730555587007,0.2950416240220411,0.049475370376296256,0.3135672360420218
0.30068853446979765,0.25447843572211304,0.3245350969745741,0.049475370376296256,0.30315083029978684,0.3661647547842252,0.28949837684077684,0.3412276411077,0.32921839355817456,0.049475370376296256,0.3290772764059701,0.28429969143271305,0.35837083012125215,0.049475370376296256,0.2566564003910497,0.28456102847381776,0.29565751205710267,0.29490530671759524,0.3432458100334972,0.049475370376296256,0.3634443434884119,0.28683779268678405,0.3092823143419589,0.2835897373273523,0.3107435042798461,0.30620227211210727,0.3247300524171886,0.3502462869214041,0.049475370376296256,0.049475370376296256,0.2923381113983446,0.348415490474047,0.2922193104443314,0.284970657628449,0.33004648027244043,0.35379902701927574,0.049475370376296256,0.2546427951323138,0.3752884330356745,0.33012436414778745,0.328896002551418,0.41787118941697127,0.049475370376296256,0.049475370376296256,0.30931091035150793,0.34082371657949184,0.3374435985019363,0.049475370376296256,0.049475370376296256,0.049475370376296256,0.049475370376296256,0.049475370376296256,0.049475370376296256,0.049475370376296256,0.3767861369069908,0.049475370376296256,0.38876063461446836,0.34203814385304687,0.049475370376296256,0.049475370376296256,0.3408853590836862,0.3586951080936327,0.35256579338668154,0.049475370376296256,0.049475370376296256,0.049475370376296256,0.37691612327664875,0.049475370376296256,0.34661265332414715,0.375011624073946,0.38551616018830764,0.049475370376296256,0.3718577033937865,0.28274189239404995,0.049475370376296256,0.373409290944582
0.049475370376296256,0.2615012606112878,0.2403212881946562,0.30425589495874267,0.2865666707084725,0.32549467052013475,0.3625574991157869,0.3109482571467476,0.299203490451029,0.3290772764059701,0.049475370376296256,0.2960320400779574,0.3658962324667487,0.2819820601689367,0.049475370376296256,0.049475370376296256,0.049475370376296256,0.049475370376296256,0.22596846652815147,0.049475370376296256,0.049475370376296256,0.049475370376296256,0.293277924276488,0.32369061053996095,0.28266736905244977,0.23987689048983546,0.30937041888122485,0.36743607157222535,0.049475370376296256,0.049475370376296256,0.39481698036655904,0.3624926416855506,0.049475370376296256,0.377781792234415,0.37862691976481094,0.24720638257959135,0.34052610913928716,0.29163805922566843,0.3646113551501415,0.049475370376296256,0.049475370376296256,0.049475370376296256,0.30227936464407407,0.049475370376296256,0.049475370376296256,0.049475370376296256,0.049475370376296256,0.4189532651574034,0.049475370376296256,0.3152457035271889,0.39687374784427737,0.2957493484912469,0.40073416719000393,0.44642793543903136,0.049475370376296256,0.254478794151648,0.049475370376296256,0.3023481112703717,0.3412373966424943,0.049475370376296256,0.049475370376296256,0.049475370376296256,0.049475370376296256,0.2833470681323136,0.049475370376296256,0.049475370376296256,0.049475370376296256,0.3954055618027701,0.049475370376296256,0.049475370376296256,0.049475370376296256,0.41401102226775355,0.2529375129158099,0.049475370376296256,0.049475370376296256,0.3108508231305413
0.3113969352279155,0.2278116246312734,0.049475370376296256,0.049475370376296256,0.3036895379926137,0.2732956984496547,0.3201958980585928,0.34624749412431294,0.252497919283767,0.28429969143271305,0.2960320400779574,0.049475370376296256,0.2716420307639056,0.049475370376296256,0.049475370376296256,0.26964077338246106,0.30549333786400346,0.20353150299814368,0.049475370376296256,0.049475370376296256,0.347022131434417,0.049475370376296256,0.28621400952381737,0.27239793157778436,0.30548854554712807,0.28978604082435167,0.25715202835248724,0.3109007089296366,0.049475370376296256,0.049475370376296256,0.2885257713694009,0.28391987506511,0.2623479154877902,0.24883234992840106,0.2842649130226652,0.3052396349558925,0.2896503799005611,0.22155501700644537,0.37395039774572153,0.335853503300142,0.33746255583502766,0.38329723770548374,0.049475370376296256,0.049475370376296256,0.3203749484494418,0.3388944837707112,0.32678256408614176,0.049475370376296256,0.049475370376296256,0.049475370376296256,0.049475370376296256,0.049475370376296256,0.049475370376296256,0.049475370376296256,0.38042374473711177,0.049475370376296256,0.29033065057478397,0.3393120547311478,0.049475370376296256,0.049475370376296256,0.321738183824008,0.3320799208194839,0.34983908737801844,0.049475370376296256,0.049475370376296256,0.049475370376296256,0.049475370376296256,0.049475370376296256,0.3603809525696637,0.374059429581078,0.3827248399009657,0.049475370376296256,0.36624243027885844,0.3083518606546627,0.049475370376296256,0.3538294515808851
0.049475370376296256,0.3948137123534536,0.3662704379063212,0.23938649489868788,0.33923410856211766,0.3447620769609645,0.32376752947839443,0.3826821326428094,0.3519079755080821,0.35837083012125215,0.3658962324667487,0.2716420307639056,0.049475370376296256,0.27674433765796813,0.41685173992237184,0.4247715261777697,0.3247401044414891,0.37178797094027954,0.3777576751609097,0.39423034747170943,0.3733629198377246,0.4215193507649483,0.37165667211485015,0.25363826697517666,0.3912241227643083,0.37626292906415426,0.37569690466945327,0.30384877006353106,0.34825400520315264,0.3284104474800045,0.36512776607468655,0.34829862452812127,0.3338199251834236,0.36104537734799674,0.35872094681071065,0.279332439202655,0.30706455930512827,0.3323289179592857,0.4372510152764427,0.049475370376296256,0.3463781840685898,0.049475370376296256,0.3457173694006454,0.049475370376296256,0.049475370376296256,0.049475370376296256,0.049475370376296256,0.31534854179778066,0.049475370376296256,0.3127443071024496,0.3472098698630349,0.28847953670799326,0.4035145766327812,0.2730872963561441,0.34552000474070044,0.2709585601262551,0.049475370376296256,0.20380391576819265,0.049475370376296256,0.049475370376296256,0.049475370376296256,0.049475370376296256,0.049475370376296256,0.049475370376296256,0.3407005102344584,0.049475370376296256,0.2713303821132018,0.43837516055139847,0.049475370376296256,0.049475370376296256,0.3020275347407323,0.4173083123751558,0.2119622241717799,0.3486460472626083,0.049475370376296256,0.3222454180509779
0.049475370376296256,0.049475370376296256,0.3845478716795224,0.21698610174048538,0.2513232393284986,0.36875059036545266,0.2903688671349482,0.3166445206872865,0.3466940869984207,0.049475370376296256,0.2819820601689367,0.049475370376296256,0.27674433765796813,0.049475370376296256,0.049475370376296256,0.049475370376296256,0.049475370376296256,0.049475370376296256,0.34426987289484084,0.049475370376296256,0.39145461025841516,0.049475370376296256,0.35048409465172936,0.049475370376296256,0.049475370376296256,0.049475370376296256,0.3803428973378687,0.22547530793604573,0.049475370376296256,0.049475370376296256,0.32684144066763854,0.2501240490701567,0.049475370376296256,0.049475370376296256,0.049475370376296256,0.19446397222594305,0.18463505951097933,0.049475370376296256,0.049475370376296256,0.049475370376296256,0.049475370376296256,0.049475370376296256,0.3211021850910178,0.049475370376296256,0.049475370376296256,0.049475370376296256,0.049475370376296256,0.3701349925221601,0.049475370376296256,0.29593130490438413,0.3268436890115585,0.3478232350249089,0.3481970719236667,0.4080847142489488,0.049475370376296256,0.31262260521867413,0.049475370376296256,0.31727983115142966,0.3323031662725819,0.049475370376296256,0.049475370376296256,0.049475370376296256,0.049475370376296256,0.3249302743078629,0.049475370376296256,0.049475370376296256,0.049475370376296256,0.38092464275791726,0.049475370376296256,0.049475370376296256,0.049475370376296256,0.37045435312403663,0.049475370376296256,0.049475370376296256,0.049475370376296256,0.049475370376296256
0.3145643648326546,0.3674719197480267,0.3120393134020806,0.049475370376296256,0.049475370376296256,0.35470595290501106,0.049475370376296256,0.39521337302354365,0.28833135728785775,0.2566564003910497,0.049475370376296256,0.049475370376296256,0.41685173992237184,0.049475370376296256,0.049475370376296256,0.380564856191315,0.2814595705899842,0.3620425228032592,0.049475370376296256,0.32092346743142264,0.341842552111761,0.3344373153959608,0.30118518144882034,0.049475370376296256,0.34794077868693324,0.31435274294667775,0.37242691810510187,0.3628595022767441,0.3516156720598975,0.049475370376296256,0.37209687009120385,0.3816280862844656,0.31935680576095626,0.37285131269880734,0.42038560300499345,0.46911968690442496,0.42332979505341883,0.049475370376296256,0.43294014028697164,0.4233848120954624,0.4077550014015492,0.4778488314924824,0.049475370376296256,0.049475370376296256,0.049475370376296256,0.049475370376296256,0.4077282100496762,0.049475370376296256,0.049475370376296256,0.049475370376296256,0.3872758034200978,0.049475370376296256,0.049475370376296256,0.049475370376296256,0.049475370376296256,0.049475370376296256,0.049475370376296256,0.049475370376296256,0.049475370376296256,0.4056110927220461,0.32809574336770525,0.049475370376296256,0.049475370376296256,0.049475370376296256,0.4344394132156086,0.4323859324542004,0.446099244767696,0.37298570679809284,0.049475370376296256,0.2769109250878573,0.4104132274418763,0.41047838930662933,0.35727354581468607,0.4051407446369844,0.3648804475021893,0.40295334489566254
0.3414175113678903,0.3689608086733561,0.3014778404126597,0.049475370376296256,0.3752840970293052,0.3956207918148768,0.40242917495278563,0.3707187551733451,0.327116697932756,0.28456102847381776,0.049475370376296256,0.26964077338246106,0.4247715261777697,0.049475370376296256,0.380564856191315,0.049475370376296256,0.3295919019991139,0.34656510510887195,0.049475370376296256,0.38113410643571644,0.3750130266906267,0.35488620813316374,0.3739911980925578,0.31017790172705445,0.358622561547176,0.35814851533916703,0.3978431134189621,0.4050134500638713,0.3914725826707271,0.3748791847320219,0.3392841040397616,0.39889828019785994,0.33216596812581833,0.33871713527799596,0.41612231418009055,0.36045289406610104,0.32090010956743326,0.049475370376296256,0.41034932499640897,0.38400268029532936,0.39244278705680824,0.42167210449545817,0.049475370376296256,0.049475370376296256,0.049475370376296256,0.40474877423833694,0.4180173649051456,0.049475370376296256,0.049475370376296256,0.049475370376296256,0.2485791791626984,0.29441293654061196,0.049475370376296256,0.049475370376296256,0.28864146892206904,0.049475370376296256,0.2879957161603764,0.26403977492602926,0.049475370376296256,0.41821220063200687,0.4051059697290157,0.28368573295283406,0.36095456985891683,0.049475370376296256,0.3680264363775216,0.41080503430434745,0.41897500763461537,0.28770525543099623,0.049475370376296256,0.3981476443425428,0.41252472829715325,0.3133761088553171,0.2654798116604843,0.3134219060479734,0.049475370376296256,0.3784184083788202
0.3273873050544464,0.049475370376296256,0.049475370376296256,0.049475370376296256,0.049475370376296256,0.049475370376296256,0.31690951634933234,0.049475370376296256,0.049475370376296256,0.29565751205710267,0.049475370376296256,0.30549333786400346,0.3247401044414891,0.049475370376296256,0.2814595705899842,0.3295919019991139,0.049475370376296256,0.2947829357305158,0.049475370376296256,0.30720048584396464,0.049475370376296256,0.32992665719532155,0.049475370376296256,0.3192024040482405,0.3251616328539887,0.29685945277416453,0.049475370376296256,0.3255022225950435,0.301619442852287,0.049475370376296256,0.3103100592236909,0.36811542211455967,0.3138798036673176,0.3123286965319088,0.352918686464822,0.049475370376296256,0.049475370376296256,0.268978433237875,0.39228937156855387,0.3682193398960415,0.3494496128298424,0.049475370376296256,0.049475370376296256,0.049475370376296256,0.049475370376296256,0.049475370376296256,0.37452961420959696,0.049475370376296256,0.049475370376296256,0.049475370376296256,0.049475370376296256,0.049475370376296256,0.049475370376296256,0.049475370376296256,0.38892382154604693,0.049475370376296256,0.36634084829625296,0.049475370376296256,0.049475370376296256,0.049475370376296256,0.33551309447316213,0.34459456239253133,0.36448862479517163,0.049475370376296256,0.049475370376296256,0.049475370376296256,0.30756606920377166,0.049475370376296256,0.35374717323777566,0.3966019125988147,0.39857619737793454,0.049475370376296256,0.049475370376296256,0.049475370376296256,0.049475370376296256,0.34859435936641214
0.329655187234729,0.35141138934288907,0.049475370376296256,0.049475370376296256,0.31243907086861966,0.3426953022446052,0.3753895513647998,0.3647241677384316,0.2247617325754703,0.29490530671759524,0.049475370376296256,0.20353150299814368,0.37178797094027954,0.049475370376296256,0.3620425228032592,0.34656510510887195,0.2947829357305158,0.049475370376296256,0.049475370376296256,0.38264809087700463,0.3508417390426909,0.369131764751633,0.33394845018463926,0.3125995709326916,0.3315953358468682,0.3301564240283257,0.3608382852870133,0.39945415518793326,0.3784018896798615,0.40929906833077573,0.31218090720081015,0.3260689815254663,0.3070766057288463,0.31458204489693953,0.32832994165573437,0.049475370376296256,0.049475370376296256,0.049475370376296256,0.3988911984846536,0.3766588047365105,0.38429421389987134,0.3889777144660592,0.049475370376296256,0.049475370376296256,0.049475370376296256,0.3773637726247557,0.39923297543773656,0.049475370376296256,0.049475370376296256,0.049475370376296256,0.25955706281251995,0.049475370376296256,0.049475370376296256,0.049475370376296256,0.37930554913837394,0.049475370376296256,0.3544147000453367,0.2808124279032252,0.049475370376296256,0.34561957785610026,0.3909001238416765,0.35860884483647737,0.3813919677917022,0.049475370376296256,0.27949278580007253,0.049475370376296256,0.3814297116328199,0.049475370376296256,0.3646431252655061,0.3904673724557702,0.39359485945916756,0.2807659491554808,0.28608730732163307,0.25591199972445466,0.049475370376296256,0.37200207619876213
0.049475370376296256,0.049475370376296256,0.25635760639849353,0.049475370376296256,0.31320809346428974,0.30052901520863246,0.37257585108514757,0.41338605255062955,0.2944741628267007,0.3432458100334972,0.22596846652815147,0.049475370376296256,0.3777576751609097,0.34426987289484084,0.049475370376296256,0.049475370376296256,0.049475370376296256,0.049475370376296256,0.049475370376296256,0.049475370376296256,0.30522164901506066,0.049475370376296256,0.2754118377017785,0.049475370376296256,0.049475370376296256,0.049475370376296256,0.32562573779644316,0.3898992001864127,0.049475370376296256,0.049475370376296256,0.3841858797025158,0.3694266970745002,0.049475370376296256,0.34529829420787395,0.3802113058753893,0.3116322265768256,0.3261185979236415,0.049475370376296256,0.40521413199460043,0.049475370376296256,0.3408119482476369,0.049475370376296256,0.38253756071040246,0.049475370376296256,0.049475370376296256,0.049475370376296256,0.049475370376296256,0.49264707446640943,0.049475370376296256,0.34594736598201214,0.44767487805667344,0.3604780698402916,0.47980703389824925,0.4781284558491608,0.049475370376296256,0.26979589343430865,0.049475370376296256,0.32742236559630905,0.413327730995863,0.049475370376296256,0.049475370376296256,0.049475370376296256,0.049475370376296256,0.48869378242535155,0.049475370376296256,0.049475370376296256,0.049475370376296256,0.47350526994147757,0.049475370376296256,0.049475370376296256,0.049475370376296256,0.4639000966066333,0.31093131428634896,0.049475370376296256,0.049475370376296256,0.049475370376296256
0.42168402344444905,0.3818563733028496,0.34343209525986246,0.3873442815451539,0.3972302851081396,0.35842043405832225,0.4002404655454082,0.3760877764860247,0.3625160797604242,0.049475370376296256,0.049475370376296256,0.049475370376296256,0.39423034747170943,0.049475370376296256,0.32092346743142264,0.38113410643571644,0.30720048584396464,0.38264809087700463,0.049475370376296256,0.049475370376296256,0.365296357818301,0.32972298312804754,0.33015242630785047,0.049475370376296256,0.38074923514403064,0.3723578386498664,0.33552299103177574,0.36274146761859993,0.30444344747531155,0.33657982699057787,0.36259404520358296,0.41662715520519833,0.3700032512449209,0.3967985063450433,0.4508316777565194,0.46948542332196347,0.4250458606538384,0.049475370376296256,0.42246653637646236,0.32770722908576594,0.34499819510276375,0.4432826849552102,0.049475370376296256,0.049475370376296256,0.049475370376296256,0.049475370376296256,0.3922603035266149,0.049475370376296256,0.049475370376296256,0.049475370376296256,0.35684424374117546,0.29700366936103517,0.049475370376296256,0.29814784909745107,0.049475370376296256,0.049475370376296256,0.049475370376296256,0.32138188733022977,0.049475370376296256,0.3733673993953348,0.2719504865905314,0.049475370376296256,0.049475370376296256,0.049475370376296256,0.41184578247911896,0.3796270777501437,0.4213943693286837,0.38327691966055705,0.049475370376296256,0.2515546845070592,0.41352312592687623,0.4275039846040331,0.32160555040255406,0.368830075614939,0.3425355867164732,0.3763399197486361
0.3509302090193077,0.35861471637685577,0.2896915478784619,0.049475370376296256,0.049475370376296256,0.2943253336306874,0.33782515621042686,0.32083516761877334,0.28153726138801655,0.3634443434884119,0.049475370376296256,0.347022131434417,0.3733629198377246,0.39145461025841516,0.341842552111761,0.3750130266906267,0.049475370376296256,0.3508417390426909,0.30522164901506066,0.365296357818301,0.049475370376296256,0.37664326005757237,0.32480394157321346,0.41109474028744614,0.345187826009335,0.3488893005688086,0.3680966588939865,0.3562794227427566,0.3413941014568244,0.34382900989222986,0.34763349644642977,0.37594354151809256,0.3087970839278376,0.3580815035326646,0.43027136711420044,0.47928300001485324,0.049475370376296256,0.049475370376296256,0.42945558724865057,0.35500770926171715,0.3912901007323234,0.4807140829689324,0.049475370376296256,0.049475370376296256,0.049475370376296256,0.33988829572476803,0.42016414617655995,0.049475370376296256,0.049475370376296256,0.049475370376296256,0.3939982529524667,0.049475370376296256,0.3609547522377027,0.049475370376296256,0.38295002158706226,0.049475370376296256,0.049475370376296256,0.3683111516906225,0.049475370376296256,0.39313498237894245,0.3512098739393483,0.049475370376296256,0.3066426501985767,0.049475370376296256,0.40692639985829016,0.38337275748770216,0.43068621803137125,0.38409514196165623,0.049475370376296256,0.3289925063997906,0.4301625240795659,0.4063929283281916,0.39315879483999416,0.41562202603194687,0.049475370376296256,0.37487056606741737
0.3659536553609388,0.3545809788737694,0.3409080967194291,0.049475370376296256,0.399476696627129,0.3799445194119332,0.41955475428441846,0.3670893549615288,0.3438254466011344,0.28683779268678405,0.049475370376296256,0.049475370376296256,0.4215193507649483,0.049475370376296256,0.3344373153959608,0.35488620813316374,0.32992665719532155,0.369131764751633,0.049475370376296256,0.32972298312804754,0.37664326005757237,0.049475370376296256,0.33803420425895464,0.049475370376296256,0.3711752262910387,0.3553166589439565,0.38045939432840575,0.4070690171396744,0.3636530190028513,0.3929819173573859,0.34908233011379763,0.3960671903328307,0.364851503902695,0.37033225898108707,0.4277163525808871,0.46955269314645165,0.4258776121528573,0.049475370376296256,0.4330852399449174,0.4077959284501302,0.4192224927924074,0.45835920484468184,0.049475370376296256,0.049475370376296256,0.049475370376296256,0.40856111920584504,0.42918086193311283,0.049475370376296256,0.049475370376296256,0.049475370376296256,0.3589611530461388,0.2625334654789042,0.049475370376296256,0.049475370376296256,0.049475370376296256,0.049475370376296256,0.049475370376296256,0.25204147553691364,0.049475370376296256,0.4336418520294508,0.40000381942495017,0.049475370376296256,0.29840359159277025,0.049475370376296256,0.4309765817389005,0.4305061031719362,0.4334170218422205,0.40749702490500883,0.049475370376296256,0.3487775242003765,0.44140211952781283,0.40994666306643135,0.31363039086994654,0.4000583266003091,0.049475370376296256,0.38486091866284405
0.3862507895272879,0.3620891023398543,0.2718345612883055,0.049475370376296256,0.33482939297530906,0.31862990341524683,0.36527276588195323,0.3114110592796762,0.3351361196400158,0.3092823143419589,0.293277924276488,0.28621400952381737,0.37165667211485015,0.35048409465172936,0.30118518144882034,0.3739911980925578,0.049475370376296256,0.33394845018463926,0.2754118377017785,0.33015242630785047,0.32480394157321346,0.33803420425895464,0.049475370376296256,0.3759948545094522,0.34462261894523477,0.37487018480625556,0.27733567604968046,0.3654742474925771,0.33423614703931936,0.3592210262850883,0.3770271092545999,0.36805679838082916,0.3205592399501308,0.3842374185149453,0.39918384542621915,0.38308384139473983,0.3757370779955053,0.049475370376296256,0.43356225452313546,0.40561152125414335,0.4602516361995244,0.4560019571651841,0.4297117594888811,0.3552134561201129,0.049475370376296256,0.049475370376296256,0.2971420499418287,0.47952126674727985,0.049475370376296256,0.4003879036843256,0.4469898271130929,0.44553813518800267,0.4276784346234716,0.4750826442146109,0.049475370376296256,0.43007734037847195,0.30115009266674253,0.437666639586734,0.4223222071025951,0.3941289636716063,0.24839263117508797,0.049475370376296256,0.2573767628183591,0.4735834377036707,0.40780151783907537,0.38919811574620194,0.38089560224442204,0.4460106176717666,0.049475370376296256,0.23208506504594795,0.2905489452753616,0.4362110864854282,0.434179912264437,0.41855688364657734,0.434872903056,0.4469670269088309
0.316424693777514,0.30615880104203647,0.049475370376296256,0.049475370376296256,0.3014751452340664,0.049475370376296256,0.3538400532734822,0.42363779742102325,0.2857599523249629,0.2835897373273523,0.32369061053996095,0.27239793157778436,0.25363826697517666,0.049475370376296256,0.049475370376296256,0.31017790172705445,0.3192024040482405,0.3125995709326916,0.049475370376296256,0.049475370376296256,0.41109474028744614,0.049475370376296256,0.3759948545094522,0.049475370376296256,0.3157927050650255,0.3063811166049756,0.0,0.34264651389003814,0.049475370376296256,0.049475370376296256,0.3065887493530907,0.33720926541037044,0.23067819323986594,0.2520628829960996,0.3149519095758173,0.2977592392555939,0.049475370376296256,0.2330346999070915,0.4005875414717579,0.3312860043438093,0.33561083063219377,0.049475370376296256,0.049475370376296256,0.049475370376296256,0.29381577298785166,0.3572492266906981,0.40379887949418874,0.049475370376296256,0.049475370376296256,0.049475370376296256,0.049475370376296256,0.049475370376296256,0.049475370376296256,0.049475370376296256,0.3671636387382673,0.049475370376296256,0.3637696018968754,0.049475370376296256,0.049475370376296256,0.049475370376296256,0.37618477477785245,0.3762320636941074,0.3677887548740062,0.049475370376296256,0.049475370376296256,0.049475370376296256,0.34391957711186627,0.049475370376296256,0.3791900982682936,0.38295025197009064,0.385079380675646,0.049475370376296256,0.049475370376296256,0.28687843328575435,0.049475370376296256,0.37854779932407073
0.32942378252223925,0.3530392233150354,0.22946675081735152,0.049475370376296256,0.3256535696556792,0.3715982677799203,0.3674805788424136,0.390152717921374,0.2174649171025176,0.3107435042798461,0.28266736905244977,0.30548854554712807,0.3912241227643083,0.049475370376296256,0.34794077868693324,0.358622561547176,0.3251616328539887,0.3315953358468682,0.049475370376296256,0.38074923514403064,0.345187826009335,0.3711752262910387,0.34462261894523477,0.3157927050650255,0.049475370376296256,0.33622347076707526,0.3737307489925737,0.39255673169435024,0.3693170786974525,0.049475370376296256,0.31674326905211003,0.35324860638075756,0.29179848984481743,0.3110082773913,0.3369386896644099,0.049475370376296256,0.049475370376296256,0.28901369245141434,0.40014006394889795,0.37421695697405344,0.3845074477420677,0.40103838028425887,0.049475370376296256,0.049475370376296256,0.049475370376296256,0.3821125908457512,0.4092918207542122,0.049475370376296256,0.049475370376296256,0.049475370376296256,0.23794477157397337,0.2793300131708755,0.049475370376296256,0.049475370376296256,0.3882156132754338,0.049475370376296256,0.3916083023605853,0.25715152484612436,0.049475370376296256,0.3713481795176242,0.3988329358003432,0.3873487782107895,0.3850171570956304,0.049475370376296256,0.3506945252422145,0.39286266352209315,0.35107205713462447,0.27568874149373274,0.3995668895674115,0.3973220316716315,0.3978534774656312,0.2706248917038444,0.3058961367885619,0.3115123317794933,0.049475370376296256,0.3824613643545803
0.3141431053486923,0.3488138389851818,0.2655864071546118,0.049475370376296256,0.31044522971368904,0.3732936732574054,0.32344317405975803,0.400407542515041,0.2366948046472093,0.30620227211210727,0.23987689048983546,0.28978604082435167,0.37626292906415426,0.049475370376296256,0.31435274294667775,0.35814851533916703,0.29685945277416453,0.3301564240283257,0.049475370376296256,0.3723578386498664,0.3488893005688086,0.3553166589439565,0.37487018480625556,0.3063811166049756,0.33622347076707526,0.049475370376296256,0.3878035904737181,0.3316940736142585,0.36692282706106993,0.049475370376296256,0.327790391217237,0.36888761176980117,0.3020620801035088,0.3231248949849918,0.3695316622995535,0.049475370376296256,0.049475370376296256,0.2773779502869789,0.4019560257491795,0.37475456496763193,0.3787190121421281,0.4144563188546999,0.049475370376296256,0.049475370376296256,0.049475370376296256,0.3761174252008797,0.42202615391353826,0.049475370376296256,0.049475370376296256,0.049475370376296256,0.23894989034004954,0.25679259456743786,0.049475370376296256,0.2832476245424369,0.3738998999619699,0.049475370376296256,0.37645668673458293,0.2561286850408214,0.049475370376296256,0.4412981444599771,0.3972458578781394,0.3932576780788486,0.38494217382795826,0.049475370376296256,0.4133213412186258,0.4343603895811213,0.43147422126532775,0.3302386210089246,0.39318633127525704,0.3954880602979787,0.40558618651447476,0.3826435685481155,0.30862775692834354,0.30836185816494793,0.049475370376296256,0.38194185226231747
