0.0,0.2930819416430771,0.0,0.0,0.0,0.3398219028175011,0.0,0.36501650262162894,0.0,0.27958616635186084,0.0,0.26815381892146384,0.2802753175711279,0.3529175303909683,0.2766185769794594,0.28954373130460853,0.0,0.3007973533106807,0.0,0.299763417237103,0.2717767932449836,0.28279513024818737,0.33677627305342017,0.26235133517061177,0.28426930820247187,0.25209602547371757,0.36818923549890975,0.3013291838382171,0.3291692971008619,0.0,0.2627315973764115,0.30517521006010373,0.2802504038383154,0.2765718403103307,0.30370129378887917,0.0,0.0,0.0,0.3134584752245438,0.28798065810649415,0.3091961883908558,0.0,0.0,0.0,0.0,0.22917466604091918,0.32005790105830895,0.0,0.0,0.0,0.0,0.0,0.0,0.0,0.34294991424007687,0.0,0.0,0.0,0.0,0.0,0.3176723998392647,0.0,0.336158469832864,0.0,0.0,0.17927221158094975,0.3224727083929718,0.34681183862089815,0.2770890420966579,0.34112770046030183,0.3311757782216327,0.32452116593891467,0.0,0.0,0.0,0.0
0.2930819416430771,0.0,0.0,0.2906789462212351,0.284786934413794,0.2928483399849745,0.33035428872400396,0.36500807916203704,0.30048579479763826,0.22595434170352588,0.0,0.18873631574379268,0.32579296018779047,0.0,0.28220575127802255,0.2999247595320387,0.0,0.30601571311718295,0.0,0.301126011878374,0.27751237399160095,0.26881599358320324,0.3268963955934897,0.0,0.2798206612112341,0.262442998686043,0.30667677706785257,0.333906352456083,0.309877504254275,0.0,0.2446300602370666,0.2893875447733498,0.2544682504619613,0.2499572433307587,0.2999539162357705,0.26684315907883543,0.0,0.0,0.335225282179394,0.33484484218925503,0.32771244421851214,0.34418580120927184,0.0,0.0,0.0,0.3196835867265528,0.33573032004733827,0.0,0.0,0.0,0.323238665998247,0.24564520328728606,0.0,0.0,0.0,0.0,0.0,0.23774906639173687,0.0,0.3643316736960243,0.3321503465062196,0.0,0.3324226828489577,0.0,0.34085971519575353,0.3557309923025348,0.33281385167179933,0.37815828744153474,0.0,0.34288681511657754,0.3543718483322876,0.35103318258944605,0.0,0.3438207305340449,0.0,0.31599322330831575
0.0,0.0,0.0,0.2918934227214914,0.2957712979698613,0.29584251934097844,0.3410277671279736,0.36512679470222514,0.2109338857506676,0.3396519957004845,0.22443297801253204,0.2857875312907996,0.36007477704969937,0.31613930661715023,0.0,0.0,0.29499421488059313,0.0,0.16521802419634185,0.0,0.0,0.0,0.20094782563034252,0.0,0.2694504454928205,0.0,0.23012404728771205,0.3619124762238278,0.0,0.0,0.3585339206300361,0.3590216727383043,0.3028683307078305,0.3868957965324589,0.35553286500343806,0.33917871062943256,0.35755515458351517,0.29048753923450676,0.36852716614304365,0.0,0.29387844316604017,0.2881839007528957,0.369697874384866,0.0,0.0,0.0,0.0,0.3254314810970739,0.0,0.4095072553451497,0.413777201941667,0.4071626621237706,0.4184799710960535,0.3778230134006505,0.0,0.30830911581198395,0.0,0.3809364810267835,0.3510228117089832,0.0,0.0,0.0,0.0,0.26878714989885677,0.0,0.0,0.0,0.40665682004804277,0.0,0.0,0.0,0.406700713720922,0.3525407471183058,0.30213282108714057,0.0,0.3703166453899276
0.0,0.2906789462212351,0.2918934227214914,0.0,0.19252933462491073,0.3037934576818797,0.21524093221598625,0.22966942122238007,0.3160457864463322,0.22432633398304147,0.26141151450019123,0.2042730947253782,0.24647242100381775,0.19794980703228898,0.0,0.0,0.28696928587799375,0.0,0.3079077019138648,0.3247079374215367,0.0,0.0,0.29228775211415237,0.0,0.0,0.0,0.31139813467644467,0.15957329746841703,0.0,0.0,0.0,0.2174366351437991,0.39736699300230693,0.30197777493942585,0.2644883574742984,0.1472876349354773,0.12915852642023762,0.0,0.0,0.0,0.0,0.0,0.0,0.18417625193200077,0.0,0.0,0.0,0.0,0.0,0.0,0.0,0.0,0.0,0.0,0.0,0.0,0.0,0.0,0.0,0.0,0.0,0.0,0.0,0.0,0.0,0.0,0.0,0.2518472469096315,0.0,0.0,0.0,0.0,0.0,0.0,0.0,0.0
0.0,0.284786934413794,0.2957712979698613,0.19252933462491073,0.0,0.2841307061505357,0.2488413094667964,0.2893527270720224,0.2465424778339847,0.39715281989423656,0.23670412841329747,0.3155891156290498,0.2957632982638515,0.23413339419600082,0.0,0.31239808655530404,0.0,0.2658643081577532,0.27706211917723833,0.0,0.0,0.31979754480584704,0.30529604851690295,0.0,0.2700065675399265,0.0,0.3008326525344569,0.2656682782218214,0.3226376916864895,0.0,0.3369620208779588,0.2625904344732077,0.2885981489321513,0.33981666949165945,0.33401229194728493,0.2000182202493521,0.21534056922746606,0.3198002022849259,0.31964208191376614,0.0,0.27506714430210744,0.0,0.3171185503542573,0.0,0.0,0.0,0.0,0.38144271874583074,0.0,0.3367436079140297,0.36423924780244493,0.31121973868368474,0.3503075317696517,0.35783752042529543,0.0,0.3321287001058977,0.0,0.2826389054793414,0.0,0.0,0.0,0.0,0.0,0.35428995918799366,0.0,0.0,0.0,0.3982951859092389,0.0,0.0,0.0,0.3832651499328086,0.29076076194068023,0.0,0.0,0.0
0.3398219028175011,0.2928483399849745,0.29584251934097844,0.3037934576818797,0.2841307061505357,0.0,0.30580502138040716,0.3284482519449354,0.2545284613850698,0.3732509485695284,0.2932979742984743,0.2963738773301956,0.297026260716124,0.3139706109174599,0.34695526546073935,0.3109589160187495,0.26584225326269184,0.3342271082688543,0.2909399838929871,0.2980540222563849,0.3481408482541477,0.30866594237775874,0.3067512634255244,0.29642646770695974,0.2813707613390063,0.3104527293546386,0.29032985036927395,0.30951876321802435,0.27424170919647217,0.3049402207266899,0.3219336295967037,0.3154315209094261,0.29793020872986975,0.33374218413687157,0.3311617161832348,0.3274077978425233,0.3409003996618002,0.3257918178928168,0.3634850888753676,0.2782213856022897,0.3803743862825678,0.34726324097578265,0.3854494831158848,0.24607613688925242,0.3492542122961139,0.23811325039878156,0.25961469691264916,0.42119825367527663,0.27064928096911794,0.3487060886160338,0.38814796379787836,0.3860359427953293,0.3671823699839474,0.4098637918710304,0.27160539966195757,0.39886209914142945,0.0,0.40635026028962745,0.0,0.3633223230555047,0.22238738441489178,0.0,0.0,0.4121866697560943,0.37139314629590686,0.3575584551322132,0.33575079815486575,0.3970370698289763,0.0,0.2434383501228026,0.3161115295231314,0.382500176636991,0.4050224022047799,0.36531098168848286,0.34809871352220234,0.3813286291597082
0.0,0.33035428872400396,0.3410277671279736,0.21524093221598625,0.2488413094667964,0.30580502138040716,0.0,0.31724927014708293,0.2850281987991772,0.31800208911454997,0.31332291010826296,0.28552189817285684,0.25613351839987547,0.2438155512192805,0.0,0.34512171087307436,0.3020727844958107,0.3116959927167511,0.33601614575650224,0.31533236690500077,0.0,0.3443658225203338,0.32578351692458385,0.25022603506472807,0.31537683331477506,0.27163187859106647,0.3234233064214517,0.2506390594796579,0.3303946589785675,0.0,0.2932162762547808,0.29449319724846723,0.2793005756475692,0.2987354513860309,0.28505104218326605,0.2356296622695112,0.22578414562988333,0.28843936441361995,0.27102479307708793,0.275408616615217,0.2304000369266954,0.28199400006950953,0.3263813480591317,0.2780945225201747,0.2885808476291004,0.0,0.24811577632342857,0.37309538539484843,0.0,0.3006719594510657,0.39488272034161154,0.30181173491696506,0.33205338627362674,0.34408290793332447,0.2836826925759671,0.32479471005660987,0.0,0.28140641681910583,0.0,0.0,0.23107285265438646,0.0,0.0,0.33341722072700514,0.0,0.0,0.25208184518135107,0.3950501662356438,0.0,0.0,0.24276021154555502,0.39866609757344484,0.2808434004743669,0.30046923370985257,0.0,0.26712334244562175
0.36501650262162894,0.36500807916203704,0.36512679470222514,0.22966942122238007,0.2893527270720224,0.3284482519449354,0.31724927014708293,0.0,0.35887397729963494,0.3326700222376556,0.28020220488273123,0.3210193491137245,0.341445865360662,0.24471452590433168,0.0,0.3550965357367436,0.0,0.3630437201881666,0.33821789964062643,0.0,0.2734316443337481,0.3161639379184091,0.2730233570343312,0.37735406927703974,0.35762965078524694,0.3650497265364816,0.34462783027843735,0.3173044745840571,0.3059359191969999,0.29285842274664153,0.32194368556413505,0.2851573839362964,0.30245605906515693,0.32956390559693793,0.3287424516543641,0.19111885517058408,0.2146316495217122,0.0,0.32476932605612663,0.0,0.3563025402913736,0.34601314250856,0.32595139950615565,0.0,0.0,0.0,0.0,0.39701450893403945,0.0,0.3392291738320181,0.34672553528582967,0.35082123258397896,0.24889105876034162,0.3890423080404858,0.0,0.3605670257740586,0.0,0.35325176696015975,0.0,0.3606464906372653,0.0,0.0,0.0,0.3975324440640494,0.37261105854951904,0.3443569302797467,0.0,0.3587004823532408,0.0,0.0,0.33267315393057606,0.3464811402894215,0.3465837633861458,0.3471670345755517,0.0,0.3358973652496923
0.0,0.30048579479763826,0.2109338857506676,0.3160457864463322,0.2465424778339847,0.2545284613850698,0.2850281987991772,0.35887397729963494,0.0,0.40318193753701775,0.2252482498131337,0.34803407798955344,0.3012246643312866,0.3131914919562853,0.0,0.0,0.2787807436857314,0.27907938213400574,0.18734908094749164,0.0,0.0,0.3188686112337601,0.31219509750499697,0.3206823526368598,0.2471955626401407,0.26756323869278037,0.24815470881003748,0.3456931285324015,0.3407296543419861,0.0,0.34745657426381704,0.32928485443255,0.33312964547967355,0.35581731951810214,0.3756497285547845,0.3188542580091411,0.3673377312947632,0.39676354306384465,0.39947771413438415,0.0,0.27714454693778917,0.25802457237170173,0.36518764311942853,0.0,0.2984391551381042,0.0,0.0,0.41813208004573477,0.0,0.37546645823367064,0.40888032763927595,0.38303531617396874,0.40205396796087617,0.4225887712191544,0.0,0.396581113130093,0.0,0.37751007299928696,0.3958676815428935,0.0,0.0,0.0,0.0,0.40204136624820874,0.0,0.0,0.0,0.41435769987503535,0.0,0.0,0.0,0.4062408577557871,0.36432264687866756,0.3072230735202681,0.0,0.3267800677203425
0.27958616635186084,0.22595434170352588,0.3396519957004845,0.22432633398304147,0.39715281989423656,0.3732509485695284,0.31800208911454997,0.3326700222376556,0.40318193753701775,0.0,0.38033945175856404,0.19610253652643975,0.3146713630689573,0.31493241082150925,0.22079009398268268,0.29512621074836315,0.2504878756016471,0.2797010036423142,0.3652592478960459,0.23785530565447585,0.3188196337683578,0.25062756201562425,0.35415832011746023,0.23212743948759662,0.2421796453997821,0.2236030596597877,0.35294012005649794,0.29497962350426155,0.28127847960890884,0.0,0.2494598675648407,0.23623176230015697,0.2629061352776605,0.2407164577167011,0.22928829467959208,0.23830635139892833,0.2130603124644256,0.193179980815278,0.17059001336096855,0.3172806982845299,0.24511541895244632,0.0,0.0,0.2409203097454486,0.2829058297048382,0.3515519562493682,0.27115357224743336,0.0,0.0,0.0,0.2851155874981641,0.0,0.0,0.0,0.38028657881223626,0.0,0.37914285080588717,0.30598129486500897,0.0,0.0,0.27166926133811803,0.4017182121813984,0.36031700497719094,0.0,0.0,0.3225756537731164,0.0,0.29563120309156704,0.35958911762870854,0.3711184496449128,0.387217986335924,0.2822822707645193,0.30602722444041597,0.0,0.0,0.309329723244871
0.0,0.0,0.22443297801253204,0.26141151450019123,0.23670412841329747,0.2932979742984743,0.31332291010826296,0.28020220488273123,0.2252482498131337,0.38033945175856404,0.0,0.33212374674714684,0.3350151104029278,0.21992266484305253,0.0,0.0,0.2984232449980542,0.2928714724317705,0.19419899036248223,0.0,0.0,0.0,0.25019396364785185,0.3081182095596113,0.0,0.27321888964148944,0.31384149334284284,0.343222887587243,0.0,0.0,0.35240161522924324,0.2971240544919634,0.31586456722984924,0.3618878366704901,0.34596031045254905,0.21831080949568482,0.34768554427947423,0.34967611164063395,0.3095446811126152,0.2543035506770756,0.2740993222465318,0.2700063377930044,0.34205377646667995,0.0,0.2784481447574645,0.0,0.0,0.21429063271969523,0.0,0.2816852636114792,0.38492455917925367,0.3143927459940329,0.3411575551158681,0.26894718809891105,0.0,0.20185811423195563,0.0,0.3361216895522142,0.3516824030483569,0.0,0.0,0.0,0.0,0.22693916098788025,0.0,0.0,0.0,0.42682198730617793,0.0,0.0,0.0,0.3456103739869289,0.3039740874692909,0.0,0.0,0.28536813134069805
0.26815381892146384,0.18873631574379268,0.2857875312907996,0.2042730947253782,0.3155891156290498,0.2963738773301956,0.28552189817285684,0.3210193491137245,0.34803407798955344,0.19610253652643975,0.33212374674714684,0.0,0.3485431025024671,0.2644321922364399,0.2522209708510792,0.2150412128091182,0.26063935271517635,0.2746267983148161,0.30944433848482106,0.21082913755816948,0.28872056638314486,0.21486547169845624,0.3098875864556755,0.20320754151589374,0.25010976144212255,0.22666183839495407,0.29798148447781075,0.2941348273496407,0.25490954028143087,0.0,0.2559997506051362,0.18594142846257838,0.2495780570118373,0.1801335450614701,0.20925036322519003,0.27370559004108225,0.20556581000189636,0.15331911506988422,0.18870978507475228,0.3458852774031696,0.21664916493479652,0.205368820693364,0.0,0.0,0.31084423084736784,0.30259981389092777,0.0,0.0,0.0,0.0,0.3458903263822682,0.24859278121248127,0.0,0.32882957441298943,0.3725523884863516,0.0,0.3658719526464273,0.30338078662872014,0.0,0.0,0.2722540508945044,0.44120550053145957,0.35767073131099053,0.26481269989499157,0.0,0.25944460089159066,0.0,0.33871772546836004,0.35849354849438625,0.38107141428124236,0.38151821436346406,0.0,0.2933330984681238,0.0,0.0,0.3181557239280098
0.2802753175711279,0.32579296018779047,0.36007477704969937,0.24647242100381775,0.2957632982638515,0.297026260716124,0.25613351839987547,0.341445865360662,0.3012246643312866,0.3146713630689573,0.3350151104029278,0.3485431025024671,0.0,0.2929616198702845,0.0,0.33804435838636715,0.32779496803511826,0.3385786748405061,0.34992022626597474,0.3155546279586824,0.31533883060526197,0.34553107679601225,0.33210350671360855,0.35363188529397127,0.31318079464986176,0.2914702939185242,0.32820796762028265,0.25933138204608097,0.3077133025570397,0.3180014560559393,0.29533786708384596,0.3130747220651758,0.3080979864527232,0.3091196993606742,0.3084895913392145,0.2834337536573266,0.28438328561504567,0.3380209949944875,0.3746391315266599,0.272628659540202,0.27572833034609306,0.27993881005857973,0.34337807510591284,0.2150589940843954,0.3018335229641468,0.0,0.23369754473601662,0.3870317607387744,0.0,0.2827305652919944,0.48907185244814755,0.3048689327409148,0.3761101744247799,0.3416237836445156,0.2796571842111342,0.34788264950477793,0.0,0.32116590093403896,0.0,0.289652091740587,0.22534435354971438,0.0,0.0,0.34678425898049675,0.32200989852477707,0.0,0.2573215520703621,0.402492123428079,0.0,0.2514766965539558,0.27097385811619173,0.40795487185241075,0.3483755790683496,0.36757607355363536,0.0,0.295740456967302
0.3529175303909683,0.0,0.31613930661715023,0.19794980703228898,0.23413339419600082,0.3139706109174599,0.2438155512192805,0.24471452590433168,0.3131914919562853,0.31493241082150925,0.21992266484305253,0.2644321922364399,0.2929616198702845,0.0,0.0,0.0,0.0,0.0,0.2829882054034497,0.0,0.0,0.0,0.28836147391150174,0.0,0.0,0.3278354352743127,0.3292367691592479,0.20974418092433358,0.0,0.0,0.0,0.21618032872228934,0.0,0.32513879273201857,0.0,0.16970596569820787,0.1496661885211136,0.0,0.0,0.0,0.0,0.0,0.0,0.0,0.0,0.0,0.0,0.36763468130083843,0.0,0.0,0.0,0.0,0.0,0.3708343778003072,0.0,0.3264407806921728,0.0,0.0,0.0,0.0,0.0,0.0,0.0,0.3630319597278351,0.0,0.0,0.0,0.3721249268720839,0.0,0.0,0.0,0.3594872822540588,0.0,0.0,0.0,0.0
0.2766185769794594,0.28220575127802255,0.0,0.0,0.0,0.34695526546073935,0.0,0.0,0.0,0.22079009398268268,0.0,0.2522209708510792,0.0,0.0,0.0,0.3014567924876403,0.24085058173015753,0.29280758161456755,0.0,0.228066389791826,0.27205862098413935,0.23141402064048539,0.27334793764313065,0.32558314138761557,0.28553750578378856,0.2649266424878764,0.3121515285109,0.30584225921205144,0.3018868850225605,0.30407305968430665,0.2763973082765499,0.2995398718398742,0.2847379205992002,0.2903000743466087,0.32340353182068177,0.0,0.0,0.0,0.3406905938006252,0.3420796472601211,0.36873668297013634,0.37781033802135233,0.0,0.0,0.0,0.0,0.35688969143755994,0.0,0.0,0.0,0.34986638309432294,0.2638544012949053,0.35040479263856233,0.0,0.0,0.0,0.0,0.0,0.0,0.3460659764826097,0.3381761029700518,0.0,0.25977665847044706,0.0,0.34102198334596,0.3550668403246444,0.3597533191713146,0.33738621702100086,0.0,0.29403847279021,0.4049736437298659,0.35477016386178317,0.3454167239104643,0.3448831803369511,0.0,0.3346700554724729
0.28954373130460853,0.2999247595320387,0.0,0.0,0.31239808655530404,0.3109589160187495,0.34512171087307436,0.3550965357367436,0.0,0.29512621074836315,0.0,0.2150412128091182,0.33804435838636715,0.0,0.3014567924876403,0.0,0.2814244005832302,0.2847566892428994,0.0,0.28394051821189364,0.3048512547206751,0.2754925788786247,0.3212609506454204,0.0,0.2750731942499808,0.285166009543906,0.3216693663794163,0.33886486921850895,0.31386622581643103,0.29949855798716185,0.2516667340470123,0.31268571534484413,0.2753974362407087,0.2904620190073082,0.31575969112292696,0.2929634612107728,0.0,0.0,0.3180123800086514,0.32727636765926604,0.3227418784204846,0.33350928014034786,0.0,0.0,0.0,0.3148781420239502,0.33009477036172946,0.0,0.0,0.0,0.24392833283826135,0.0,0.0,0.0,0.0,0.0,0.0,0.23945674766631903,0.0,0.355815898698544,0.31823026985719044,0.0,0.3074346389442689,0.0,0.32734681130634297,0.34238225334852496,0.33178903867467807,0.29197825228180574,0.0,0.32081033259270747,0.3436451896907747,0.3103143753947967,0.0,0.3111031934737956,0.0,0.28522153098183556
0.0,0.0,0.29499421488059313,0.28696928587799375,0.0,0.26584225326269184,0.3020727844958107,0.0,0.2787807436857314,0.2504878756016471,0.2984232449980542,0.26063935271517635,0.32779496803511826,0.0,0.24085058173015753,0.2814244005832302,0.0,0.25035010699587845,0.2915575135174733,0.2643334110377818,0.0,0.26590381402691443,0.25413705838607775,0.2625541393357771,0.24993069582057445,0.24502340510850756,0.2503486212538423,0.30361653947011663,0.258554058785461,0.20859201140180755,0.25919827993599337,0.31108300176484116,0.28849381089841425,0.28087555494760097,0.2932364420745364,0.0,0.0,0.24368948689766337,0.28408721783071506,0.0,0.0,0.0,0.0,0.0,0.0,0.0,0.0,0.0,0.0,0.0,0.0,0.0,0.0,0.0,0.3546132812426644,0.0,0.4057821060220733,0.0,0.0,0.23220047634539456,0.0,0.3539550246154353,0.35610343664762184,0.0,0.0,0.26035306054282237,0.0,0.0,0.0,0.3256424388234085,0.34616630561029876,0.0,0.0,0.0,0.0,0.0
0.3007973533106807,0.30601571311718295,0.0,0.0,0.2658643081577532,0.3342271082688543,0.3116959927167511,0.3630437201881666,0.27907938213400574,0.2797010036423142,0.2928714724317705,0.2746267983148161,0.3385786748405061,0.0,0.29280758161456755,0.2847566892428994,0.25035010699587845,0.0,0.3024864155624695,0.2982436510688499,0.31780724607699706,0.2992144885117919,0.33335657035946126,0.2864879308660527,0.26158831321576703,0.2814869465127532,0.3282828500765324,0.33547765310849886,0.3210982369269735,0.2793694413904477,0.28056963968335374,0.33919653489365736,0.28351489045551737,0.2987357938080564,0.3140238064945411,0.32691688650958306,0.0,0.0,0.31635659694219337,0.319869623940565,0.3247490137860301,0.0,0.0,0.0,0.0,0.32933514333432834,0.3300498498775595,0.0,0.0,0.0,0.0,0.0,0.0,0.0,0.33918598919876564,0.0,0.3464569380592118,0.0,0.0,0.2964401713107766,0.3235013114934504,0.32980631766778207,0.33383027297090057,0.0,0.25513764531380656,0.0,0.32534032023635395,0.2582036098720107,0.38926841317924366,0.33425360058309955,0.3505395267861101,0.0,0.0,0.2661220888917658,0.0,0.3158991390515668
0.0,0.0,0.16521802419634185,0.3079077019138648,0.27706211917723833,0.2909399838929871,0.33601614575650224,0.33821789964062643,0.18734908094749164,0.3652592478960459,0.19419899036248223,0.30944433848482106,0.34992022626597474,0.2829882054034497,0.0,0.0,0.2915575135174733,0.3024864155624695,0.0,0.0,0.0,0.0,0.19180121856739152,0.0,0.2583038909897953,0.0,0.272529559825185,0.3438888447474952,0.0,0.0,0.37029198915031375,0.3313395268850925,0.0,0.40333273319089863,0.35759293417529264,0.316443459490506,0.3600154863827575,0.32497747219937106,0.33749368114829503,0.0,0.2703647355516369,0.0,0.3508080114939438,0.0,0.0,0.0,0.0,0.39569573939613356,0.0,0.37422934258820917,0.39839541513301935,0.0,0.41113984137822013,0.40725055423069234,0.0,0.38299694498002557,0.0,0.35301024955762156,0.39340692959003953,0.0,0.0,0.0,0.0,0.3932572645896451,0.0,0.0,0.0,0.41722089943683605,0.0,0.0,0.0,0.4197577318383246,0.31676161008859316,0.0,0.0,0.34390764203348173
0.299763417237103,0.301126011878374,0.0,0.3247079374215367,0.0,0.2980540222563849,0.31533236690500077,0.0,0.0,0.23785530565447585,0.0,0.21082913755816948,0.3155546279586824,0.0,0.228066389791826,0.28394051821189364,0.2643334110377818,0.2982436510688499,0.0,0.0,0.2864438114820724,0.2548188316943589,0.207826214654767,0.28693818282091027,0.29254310210103573,0.29579701730575986,0.27269778073646445,0.28316995162417763,0.25861616343354166,0.22886276674252287,0.2648897300391643,0.30230521928701626,0.2738256414747112,0.294049259968429,0.3222160469313418,0.3425696974424468,0.3112373013420588,0.15182173424125817,0.3315149927163244,0.34316886025525045,0.4156810092501379,0.3510571084879536,0.3174198142094728,0.0,0.0,0.0,0.32837856066969884,0.0,0.0,0.0,0.3609951167337615,0.0,0.3477662751322386,0.0,0.0,0.0,0.0,0.317122140895772,0.0,0.37866932414875526,0.2750652318639036,0.0,0.2533329305012899,0.0,0.35079251081834656,0.4201408970492386,0.34991051968404435,0.38425156630315355,0.0,0.25442878481682557,0.3489774290920707,0.3642823121636914,0.3684884557411392,0.39234632087557997,0.3005009169525529,0.3414381239497496
0.2717767932449836,0.27751237399160095,0.0,0.0,0.0,0.3481408482541477,0.0,0.2734316443337481,0.0,0.3188196337683578,0.0,0.28872056638314486,0.31533883060526197,0.0,0.27205862098413935,0.3048512547206751,0.0,0.31780724607699706,0.0,0.2864438114820724,0.0,0.282801716409634,0.289752092019611,0.3343503320415886,0.31676884172935305,0.29340228841598376,0.32456051634081157,0.3199653255026077,0.3190935113787639,0.0,0.26566104191643464,0.3070627535611225,0.28305552864822725,0.27485964411281905,0.3124372071523048,0.0,0.0,0.0,0.3244266133720021,0.3033142012975061,0.34982636856524124,0.35993250163360924,0.0,0.0,0.0,0.19204723100850443,0.32895837257063276,0.0,0.0,0.0,0.3407002346516787,0.0,0.3406881521920023,0.0,0.0,0.0,0.0,0.3117478086422913,0.0,0.36440992110453035,0.2978619535553261,0.0,0.0,0.0,0.34450833392373986,0.3361288322229824,0.3598390907513191,0.35579643520754684,0.0,0.32354504044634275,0.36406220195666794,0.3576286144021652,0.34138994916463594,0.334811484063421,0.0,0.3205194384073145
0.28279513024818737,0.26881599358320324,0.0,0.0,0.31979754480584704,0.30866594237775874,0.3443658225203338,0.3161639379184091,0.3188686112337601,0.25062756201562425,0.0,0.21486547169845624,0.34553107679601225,0.0,0.23141402064048539,0.2754925788786247,0.26590381402691443,0.2992144885117919,0.0,0.2548188316943589,0.282801716409634,0.0,0.2931449299198475,0.23433018724691887,0.2889115545372449,0.26127207155554005,0.3125917526255051,0.31944160237296776,0.3000824635719652,0.2841370813195414,0.2591372775524299,0.2994016623696898,0.2735221994816693,0.28487366346045334,0.3182163270278118,0.34052985257836904,0.0,0.0,0.3196688268884172,0.3510101828459421,0.35078365268781453,0.3722855988320727,0.35743562258898215,0.0,0.0,0.32009175557111413,0.33839789144218957,0.0,0.0,0.3394870314240683,0.35264757691528553,0.23752436658786555,0.0,0.25780109240779114,0.0,0.0,0.0,0.24998051739229116,0.0,0.3707554767240626,0.3440500314390017,0.0,0.3136237142873452,0.0,0.35071715083347443,0.36031108956534585,0.3495503686078281,0.3590595188419654,0.0,0.33217399474987086,0.36592695456503066,0.3742505706170672,0.30052301075443694,0.3535561761957045,0.0,0.3535027453048642
0.33677627305342017,0.3268963955934897,0.20094782563034252,0.29228775211415237,0.30529604851690295,0.3067512634255244,0.32578351692458385,0.2730233570343312,0.31219509750499697,0.35415832011746023,0.25019396364785185,0.3098875864556755,0.33210350671360855,0.28836147391150174,0.27334793764313065,0.3212609506454204,0.25413705838607775,0.33335657035946126,0.19180121856739152,0.207826214654767,0.289752092019611,0.2931449299198475,0.0,0.3762056889132143,0.33575768498334124,0.32954906248845967,0.25773224456034555,0.32475920662397634,0.3125896767693568,0.3096994477057005,0.3160819711220296,0.319350774995176,0.3139513320693229,0.33329494980091035,0.35247838090221095,0.312228028527626,0.3515351903409011,0.31604137144028527,0.37382240206116646,0.3567869291779893,0.3819507400421704,0.3960487559791716,0.36600277012474713,0.33306006311502684,0.0,0.0,0.35250321160986464,0.3623798071125053,0.0,0.3933233785535076,0.3905595423835585,0.3829758124364873,0.37337532416050667,0.4118318592922759,0.31676244902387807,0.3180349695735857,0.0,0.3843608757220955,0.3691738504302134,0.36898373723025674,0.2769226913429244,0.0,0.2741426520251501,0.39038619325057394,0.3696406819069164,0.4254036241094833,0.38070005770122184,0.3902980221709862,0.0,0.2660263816750066,0.37237280100642567,0.3870743262430291,0.3805885122158383,0.3737670193697227,0.3747958084465258,0.3754496454768374
0.26235133517061177,0.0,0.0,0.0,0.0,0.29642646770695974,0.25022603506472807,0.37735406927703974,0.3206823526368598,0.23212743948759662,0.3081182095596113,0.20320754151589374,0.35363188529397127,0.0,0.32558314138761557,0.0,0.2625541393357771,0.2864879308660527,0.0,0.28693818282091027,0.3343503320415886,0.23433018724691887,0.3762056889132143,0.0,0.27213680339846125,0.23745239393326228,0.32643091830494253,0.2754330700436373,0.27789477360013454,0.0,0.2663761808126006,0.21025827870939728,0.2116983412230336,0.16464182757146842,0.18337384898052514,0.32474543272872,0.0,0.18150356172159715,0.33410518287155283,0.27113944842528354,0.19521728412306666,0.160620784021206,0.0,0.0,0.2515091214580958,0.28961837455970374,0.31536595296607006,0.0,0.0,0.0,0.0,0.0,0.0,0.0,0.33506866977054434,0.0,0.3292374133713641,0.28784784932494195,0.0,0.0,0.3235444212336992,0.38240063870477614,0.3586672579058818,0.0,0.0,0.0,0.0,0.0,0.29881892286753303,0.3532279012487867,0.3575395577974008,0.0,0.32611594662928806,0.0,0.0,0.26846102572933306
0.28426930820247187,0.2798206612112341,0.2694504454928205,0.0,0.2700065675399265,0.2813707613390063,0.31537683331477506,0.35762965078524694,0.2471955626401407,0.2421796453997821,0.0,0.25010976144212255,0.31318079464986176,0.0,0.28553750578378856,0.2750731942499808,0.24993069582057445,0.26158831321576703,0.2583038909897953,0.29254310210103573,0.31676884172935305,0.2889115545372449,0.33575768498334124,0.27213680339846125,0.0,0.2527818493173663,0.3082829413452268,0.31713028691993084,0.30981892937413746,0.2497232045277736,0.2771369984426689,0.29600081151027313,0.260208546701526,0.27495625608427726,0.278976472130941,0.28918546028049746,0.0,0.2510576702106924,0.3237409693994553,0.32383941208822836,0.3203025064324155,0.3328989829907411,0.0,0.0,0.3159260894516466,0.32035526927656155,0.3318557305033572,0.0,0.0,0.0,0.23831104447697696,0.0,0.0,0.0,0.35839567768287467,0.0,0.35940566310680677,0.26472498360073177,0.0,0.3321903190846214,0.32416197634381694,0.35158010748820967,0.3331098293396835,0.0,0.31244469916549666,0.32374878070602814,0.3239132936213549,0.28064229254956463,0.35833025698499343,0.3346322568732177,0.3455783233911868,0.27033949893289705,0.0,0.3200223609145356,0.0,0.31543724928881783
0.25209602547371757,0.262442998686043,0.0,0.0,0.0,0.3104527293546386,0.27163187859106647,0.3650497265364816,0.26756323869278037,0.2236030596597877,0.27321888964148944,0.22666183839495407,0.2914702939185242,0.3278354352743127,0.2649266424878764,0.285166009543906,0.24502340510850756,0.2814869465127532,0.0,0.29579701730575986,0.29340228841598376,0.26127207155554005,0.32954906248845967,0.23745239393326228,0.2527818493173663,0.0,0.3188428151397859,0.3183799705879424,0.29769195370095114,0.24722475532024923,0.26688988843586675,0.3002521793831958,0.2727009879205483,0.2672688358028205,0.28884376518835136,0.3228435830181985,0.0,0.21629958671234392,0.33336404348112275,0.33453419398417705,0.33902473936113375,0.3341975224984365,0.0,0.0,0.3073311985547967,0.31934543045530306,0.34576474594186885,0.0,0.0,0.0,0.34352145985227545,0.25214279619648333,0.3787853025355399,0.0,0.39331974407459097,0.0,0.3838598000717463,0.27950390397244473,0.0,0.38372008754830517,0.3372152782117263,0.3657848438792599,0.3471539397007889,0.0,0.3564199074355572,0.3612050461467992,0.35327153116847304,0.37300611554747964,0.35320076724975524,0.3457923864190886,0.35129350898289863,0.3632350835872812,0.3248202454788744,0.3578532974546298,0.0,0.3216962784578861
0.36818923549890975,0.30667677706785257,0.23012404728771205,0.31139813467644467,0.3008326525344569,0.29032985036927395,0.3234233064214517,0.34462783027843735,0.24815470881003748,0.35294012005649794,0.31384149334284284,0.29798148447781075,0.32820796762028265,0.3292367691592479,0.3121515285109,0.3216693663794163,0.2503486212538423,0.3282828500765324,0.272529559825185,0.27269778073646445,0.32456051634081157,0.3125917526255051,0.25773224456034555,0.32643091830494253,0.3082829413452268,0.3188428151397859,0.0,0.3176065780243528,0.28204214382256265,0.2909493533292471,0.2875292309736469,0.3119019660347099,0.2837225918772,0.30950487956244555,0.32560945898431837,0.3366548653365007,0.32773832783157536,0.2978946105319362,0.37172605798671904,0.34933321242386134,0.39993029972079497,0.3984935288277667,0.37415765591500927,0.27788136021963405,0.0,0.0,0.31906751288425794,0.4271468355733905,0.27275759141507755,0.368996664817266,0.3883913569959207,0.3910153391233987,0.38531080905836435,0.42098228382220126,0.27502128751569554,0.4000158168151242,0.0,0.4251840329655126,0.3733097870078965,0.37233969668778494,0.2545683987118347,0.0,0.2682253181319222,0.41670860659889897,0.37107987116607927,0.4138567098885136,0.4023137619154748,0.39629722499809805,0.0,0.24490472198632382,0.36605475955500244,0.3808356016191355,0.406176003592622,0.37931919536238456,0.36782447650519134,0.37570774733422213
0.3013291838382171,0.333906352456083,0.3619124762238278,0.15957329746841703,0.2656682782218214,0.30951876321802435,0.2506390594796579,0.3173044745840571,0.3456931285324015,0.29497962350426155,0.343222887587243,0.2941348273496407,0.25933138204608097,0.20974418092433358,0.30584225921205144,0.33886486921850895,0.30361653947011663,0.33547765310849886,0.3438888447474952,0.28316995162417763,0.3199653255026077,0.31944160237296776,0.32475920662397634,0.2754330700436373,0.31713028691993084,0.3183799705879424,0.3176065780243528,0.0,0.26401152884322293,0.22396744430221746,0.25470808164058395,0.28945950360559286,0.27959263570407766,0.28093562866791416,0.28814858142475874,0.1941779674457156,0.20078859453006911,0.2844115765687565,0.31833895201047696,0.2674677341495614,0.2862432787447416,0.2846574135741686,0.3061916308042963,0.19565036101808136,0.3148199967789868,0.0,0.2371212422733281,0.3343279052006981,0.0,0.2630668796243197,0.3990646565536814,0.2666718711474929,0.3619135785649263,0.2981383860951166,0.24147549768858553,0.0,0.0,0.29102482731845086,0.0,0.34282963453104875,0.23328515592410168,0.0,0.0,0.0,0.3481601143102461,0.0,0.3006254080805778,0.37859997120433597,0.0,0.26846482415303985,0.306916613001322,0.37090301170551376,0.3469390112582982,0.37049777921882754,0.29993092811132316,0.35942940870283274
0.3291692971008619,0.309877504254275,0.0,0.0,0.3226376916864895,0.27424170919647217,0.3303946589785675,0.3059359191969999,0.3407296543419861,0.28127847960890884,0.0,0.25490954028143087,0.3077133025570397,0.0,0.3018868850225605,0.31386622581643103,0.258554058785461,0.3210982369269735,0.0,0.25861616343354166,0.3190935113787639,0.3000824635719652,0.3125896767693568,0.27789477360013454,0.30981892937413746,0.29769195370095114,0.28204214382256265,0.26401152884322293,0.0,0.25544222273200656,0.26390958875073894,0.29260765283896517,0.25340919838614984,0.29636097970980174,0.319919039635324,0.3180544400946577,0.3002238369255829,0.24737477699754348,0.35929081394535284,0.3147492385785747,0.38458175420542995,0.3709516636020622,0.32271007569178367,0.2755375993112972,0.0,0.3181719529311252,0.3114623377134901,0.3110740615328044,0.0,0.28338058067502986,0.38796992870000324,0.2981808384652227,0.3593287077614059,0.296048911512828,0.2686245797859748,0.0,0.0,0.3633587925630091,0.4519931910965847,0.36007011165540703,0.2525238898158131,0.0,0.2547217063734241,0.0,0.3554310405909028,0.3780212456301096,0.35099842986919083,0.37291400275516234,0.0,0.236511935666769,0.3444239970932144,0.3629872448725384,0.38326660752628167,0.3541973298031412,0.3442260251980564,0.3648521129904492
0.0,0.0,0.0,0.0,0.0,0.3049402207266899,0.0,0.29285842274664153,0.0,0.0,0.0,0.0,0.3180014560559393,0.0,0.30407305968430665,0.29949855798716185,0.20859201140180755,0.2793694413904477,0.0,0.22886276674252287,0.0,0.2841370813195414,0.3096994477057005,0.0,0.2497232045277736,0.24722475532024923,0.2909493533292471,0.22396744430221746,0.25544222273200656,0.0,0.22720951952545218,0.28967124713697057,0.24560344615798943,0.2627190018219565,0.2806156835768581,0.0,0.27907499012048786,0.0,0.3481619777547634,0.0,0.0,0.0,0.0,0.0,0.0,0.0,0.0,0.0,0.0,0.0,0.32320205732959584,0.0,0.29102452698137665,0.0,0.0,0.0,0.0,0.2540317866142152,0.0,0.0,0.0,0.0,0.0,0.0,0.3405587393320306,0.0,0.0,0.3655559087963145,0.0,0.0,0.0,0.3604949177004033,0.30448908982332284,0.33343725596551804,0.0,0.0
0.2627315973764115,0.2446300602370666,0.3585339206300361,0.0,0.3369620208779588,0.3219336295967037,0.2932162762547808,0.32194368556413505,0.34745657426381704,0.2494598675648407,0.35240161522924324,0.2559997506051362,0.29533786708384596,0.0,0.2763973082765499,0.2516667340470123,0.25919827993599337,0.28056963968335374,0.37029198915031375,0.2648897300391643,0.26566104191643464,0.2591372775524299,0.3160819711220296,0.2663761808126006,0.2771369984426689,0.26688988843586675,0.2875292309736469,0.25470808164058395,0.26390958875073894,0.22720951952545218,0.0,0.28078588894904666,0.22600348214427668,0.18913931993809305,0.14933151053261998,0.31697083938354453,0.0,0.19667171047308882,0.3197955410648676,0.0,0.3186844787685211,0.274482269299767,0.3046793654541021,0.0,0.0,0.0,0.31090428753449106,0.0,0.0,0.0,0.4039628038253807,0.0,0.0,0.3067775852201697,0.3936866519911326,0.0,0.0,0.0,0.0,0.3389080535786359,0.3035069226694313,0.0,0.3297340327050605,0.0,0.328815167288878,0.0,0.33113075461260294,0.3747200669760863,0.0,0.3267624781513394,0.3309765571829846,0.37255294731647254,0.33031847074132437,0.3671875676680143,0.0,0.0
0.30517521006010373,0.2893875447733498,0.3590216727383043,0.2174366351437991,0.2625904344732077,0.3154315209094261,0.29449319724846723,0.2851573839362964,0.32928485443255,0.23623176230015697,0.2971240544919634,0.18594142846257838,0.3130747220651758,0.21618032872228934,0.2995398718398742,0.31268571534484413,0.31108300176484116,0.33919653489365736,0.3313395268850925,0.30230521928701626,0.3070627535611225,0.2994016623696898,0.319350774995176,0.21025827870939728,0.29600081151027313,0.3002521793831958,0.3119019660347099,0.28945950360559286,0.29260765283896517,0.28967124713697057,0.28078588894904666,0.0,0.2431211436285777,0.2847645658176662,0.2846646426739395,0.2190741932186391,0.22284102532757977,0.1895840663143263,0.23056190282948852,0.20336587023447836,0.26991030640554275,0.2611736356271522,0.26254452906343967,0.20874789338748273,0.20285665047853466,0.3250360390789721,0.34109769774272153,0.38598860839510407,0.0,0.3164298652527838,0.3683879140420199,0.2474527317269325,0.33954100554697353,0.37599552789782786,0.18744029652826716,0.33054833088592295,0.21512253455699656,0.3220890026923245,0.0,0.36194149957613253,0.35558530904455776,0.0,0.31569122919325693,0.3446717572379613,0.3517330599753697,0.33563801319031367,0.3340847384684233,0.3727142645123333,0.21789103310864513,0.34074318642263474,0.3366693253334301,0.36396985365618356,0.30193316761547245,0.3539563899387295,0.3513089543113697,0.3540083033674109
0.2802504038383154,0.2544682504619613,0.3028683307078305,0.39736699300230693,0.2885981489321513,0.29793020872986975,0.2793005756475692,0.30245605906515693,0.33312964547967355,0.2629061352776605,0.31586456722984924,0.2495780570118373,0.3080979864527232,0.0,0.2847379205992002,0.2753974362407087,0.28849381089841425,0.28351489045551737,0.0,0.2738256414747112,0.28305552864822725,0.2735221994816693,0.3139513320693229,0.2116983412230336,0.260208546701526,0.2727009879205483,0.2837225918772,0.27959263570407766,0.25340919838614984,0.24560344615798943,0.22600348214427668,0.2431211436285777,0.0,0.1807091674387311,0.27721057607344585,0.311916922244493,0.1879272413078201,0.1279888951154271,0.20265610378947088,0.23775704626293506,0.19931818766970447,0.26724455913789974,0.0,0.0,0.21277648679218408,0.31921303157053604,0.33384499947488944,0.0,0.0,0.0,0.31970078586349876,0.23372330294412177,0.0,0.2593864422967504,0.3258029190285175,0.2715577272337672,0.3312225525985386,0.2635726461258443,0.0,0.36644711838068345,0.32638080787439455,0.2920752028276786,0.34100754302939473,0.0,0.3566900873972512,0.31517739858499877,0.34070215647446356,0.3586154054036075,0.2761621066712137,0.30428527092337043,0.33739654997431984,0.35572822375988244,0.2843434290321426,0.34054964464847065,0.0,0.0
0.2765718403103307,0.2499572433307587,0.3868957965324589,0.30197777493942585,0.33981666949165945,0.33374218413687157,0.2987354513860309,0.32956390559693793,0.35581731951810214,0.2407164577167011,0.3618878366704901,0.1801335450614701,0.3091196993606742,0.32513879273201857,0.2903000743466087,0.2904620190073082,0.28087555494760097,0.2987357938080564,0.40333273319089863,0.294049259968429,0.27485964411281905,0.28487366346045334,0.33329494980091035,0.16464182757146842,0.27495625608427726,0.2672688358028205,0.30950487956244555,0.28093562866791416,0.29636097970980174,0.2627190018219565,0.18913931993809305,0.2847645658176662,0.1807091674387311,0.0,0.2285356410163453,0.31836000297845224,0.2609415406730166,0.1553185896646804,0.27158182044922874,0.1863695596445445,0.23804974592147918,0.2723556904815529,0.2691487657372143,0.24315311695721067,0.2001014228224467,0.31786358203987575,0.32466776388166935,0.27963316610438793,0.0,0.25405631050430505,0.3675208069227425,0.22164365682809806,0.3602746864628305,0.255667127879947,0.26084989900951217,0.27875075569064495,0.2618829045793714,0.25836554764611636,0.0,0.36257142483398025,0.3209387037746352,0.0,0.3365051894320476,0.25196254434801646,0.34505825306051835,0.3085094092598353,0.3434997824717251,0.3828031473713762,0.1829082654775332,0.3268805215711596,0.3406762755784692,0.3761764506111833,0.3066685329768709,0.36730064851199135,0.0,0.25092873616881556
0.30370129378887917,0.2999539162357705,0.35553286500343806,0.2644883574742984,0.33401229194728493,0.3311617161832348,0.28505104218326605,0.3287424516543641,0.3756497285547845,0.22928829467959208,0.34596031045254905,0.20925036322519003,0.3084895913392145,0.0,0.32340353182068177,0.31575969112292696,0.2932364420745364,0.3140238064945411,0.35759293417529264,0.3222160469313418,0.3124372071523048,0.3182163270278118,0.35247838090221095,0.18337384898052514,0.278976472130941,0.28884376518835136,0.32560945898431837,0.28814858142475874,0.319919039635324,0.2806156835768581,0.14933151053261998,0.2846646426739395,0.27721057607344585,0.2285356410163453,0.0,0.29753174146274647,0.2647281415483318,0.18419581633788304,0.258396945618324,0.20603409231050632,0.25711744102515016,0.263838325170628,0.24493779658880901,0.22702163956624452,0.21268942903777002,0.0,0.3344726054636779,0.26448053450796744,0.0,0.2883596917360751,0.30183764098679167,0.24193268441457325,0.3325351409863938,0.26383172551839884,0.23111802644345825,0.29245802368855106,0.18776013368010425,0.2571458597750733,0.0,0.37748584832499704,0.3290307756492546,0.0,0.0,0.28267374386342997,0.3451299234186403,0.3465454054880419,0.3626020978362263,0.37405784250052315,0.19363729460001447,0.3332985870098783,0.3555929405787731,0.35615151683263585,0.2447698039103412,0.35465728914909345,0.0,0.22215740774680573
