0.0,0.31892610006963185,0.0,0.0,0.0,0.32339003299348,0.2946392617946718,0.4608869040167541,0.0,0.37242503992003995,0.0,0.3669247717680275,0.3359069814486167,0.0,0.3423933277068479,0.33340174971060704,0.0,0.3216783334394864,0.0,0.38991339766901645,0.3808610647332038,0.3417731899740725,0.4358765759364614,0.36059528086189746,0.27858854237683855,0.3281768693029024,0.38801389594568053,0.3756380956869375,0.3921167569164054,0.0,0.33172247333096894,0.38174647747293244,0.31424515120784824,0.3118844623587653,0.340345321842542,0.0,0.0,0.0,0.40584695093555756,0.35099076564040066,0.3682251884653897,0.4096383522617571,0.0,0.0,0.0,0.35359517725577877,0.4264655533326738,0.0,0.0,0.0,0.0,0.0,0.0,0.0,0.0,0.0,0.0,0.0,0.0,0.0,0.4039685937943118,0.0,0.38148458781697453,0.0,0.0,0.340075856845751,0.42739850777767485,0.0,0.4059955369388998,0.37174158587782585,0.3797859294472906,0.0,0.0,0.0,0.0,0.38462792625393455
0.31892610006963185,0.0,0.29148509195800604,0.0,0.338849582509237,0.3402115035987073,0.3765114194865529,0.39016724206163383,0.27326691155331645,0.20072533359499473,0.0,0.2212888062478095,0.39957088410336006,0.0,0.3621542517141945,0.3355862204173296,0.2517219246416462,0.2899619866441126,0.0,0.4113786036251066,0.37962274015850256,0.3784568944322114,0.36960246627597876,0.289931058477146,0.2951998334134288,0.3701197165779603,0.37078250875430285,0.390581796696668,0.3875169558311867,0.0,0.2995259478551932,0.36637515040442487,0.30606958000090917,0.30606568448031335,0.314316059705552,0.0,0.0,0.0,0.4071726225324814,0.3880223853659083,0.40472113507979096,0.4215958046989472,0.0,0.0,0.0,0.3713706516685924,0.42594390562916334,0.0,0.0,0.0,0.34355712884664136,0.0,0.0,0.0,0.2863575788101402,0.0,0.0,0.26021433179495235,0.0,0.4236281435712584,0.3876205035348016,0.0,0.33918000202374377,0.0,0.4041313449542831,0.4001916734136021,0.4330161413922132,0.371521650292214,0.0,0.3467616361467459,0.4254986306094527,0.39797391583532893,0.30614274615634407,0.3993207775968748,0.0,0.3838616216577497
0.0,0.29148509195800604,0.0,0.3861319483409798,0.3911277620272947,0.3493700375343417,0.45551050051463265,0.4363111873322155,0.32606442998973,0.41578784347093345,0.36018929330103205,0.3427941810932992,0.46813773947188453,0.41145586007236085,0.0,0.0,0.0,0.0,0.28285781408544536,0.0,0.2978969250509663,0.0,0.3341441381813549,0.0,0.2159929567823433,0.0,0.36042788806995313,0.4438512914585408,0.3334534362301143,0.38061957970097604,0.4613259018154207,0.4100637078870005,0.379791253557373,0.4591234643490022,0.459086016912015,0.40756480993749344,0.4354324284108217,0.3560879004135395,0.4706456657803775,0.0,0.4155388707150767,0.0,0.4828423331861796,0.0,0.0,0.0,0.0,0.3697367919308905,0.0,0.46441720170214695,0.5162787562240679,0.47124918634683965,0.4990979291989906,0.4691016211940587,0.0,0.40938423701451954,0.0,0.4777202803709347,0.0,0.0,0.0,0.0,0.0,0.3430376297486768,0.0,0.0,0.0,0.5353045528672608,0.0,0.0,0.0,0.4428311406898318,0.4040436231303259,0.36251804254315806,0.0,0.43590740270717043
0.0,0.0,0.3861319483409798,0.0,0.24811415161877592,0.4033661626751864,0.2629812755573689,0.22639116821637367,0.4089938705984896,0.0,0.35752955336797904,0.0,0.2975984510407055,0.3353931882975241,0.0,0.0,0.0,0.0,0.4092663644092228,0.4564672160358195,0.0,0.4545603841165832,0.383281450176146,0.0,0.0,0.0,0.41052991149367646,0.30675729379093974,0.4102426680490235,0.0,0.32930184993225686,0.33493685224747466,0.0,0.3758263723921683,0.3485610494689703,0.22744409511712002,0.2016331097368563,0.0,0.24728677335783933,0.0,0.0,0.0,0.0,0.0,0.0,0.0,0.0,0.0,0.0,0.0,0.0,0.0,0.0,0.0,0.0,0.0,0.0,0.0,0.0,0.0,0.0,0.0,0.0,0.0,0.0,0.0,0.0,0.29753481415457134,0.0,0.0,0.0,0.0,0.0,0.0,0.0,0.0
0.0,0.338849582509237,0.3911277620272947,0.24811415161877592,0.0,0.3864608397740417,0.33882311684956745,0.40013105071886285,0.34894099385056193,0.4283164194416566,0.34132154575262535,0.39038098686868955,0.4262459111642775,0.3021261287538204,0.0,0.3755627579177541,0.0,0.0,0.3678277002252368,0.39714976612377245,0.0,0.4189632548948561,0.37116209676233625,0.0,0.3014604924371469,0.0,0.3994766098554431,0.39056805969258,0.3812141851858781,0.0,0.45441785472358204,0.35446508555272976,0.3835833845775033,0.4317239274870553,0.40803041543073915,0.2497762479190166,0.2936072614404983,0.359265732173712,0.0,0.0,0.30238601169521306,0.0,0.34390279886344954,0.0,0.0,0.0,0.0,0.4745373297351354,0.0,0.0,0.4075507773931949,0.0,0.0,0.0,0.0,0.4036171800131097,0.0,0.0,0.0,0.0,0.0,0.0,0.0,0.0,0.0,0.0,0.0,0.47567987049550164,0.0,0.0,0.0,0.5066315631621462,0.27510543089252565,0.0,0.0,0.0
0.32339003299348,0.3402115035987073,0.3493700375343417,0.4033661626751864,0.3864608397740417,0.0,0.3953375355300514,0.35245633152331257,0.32916898351712903,0.41162624553352517,0.38767564283257144,0.3442345193275242,0.37325512783600373,0.38621257669542786,0.2770947876100362,0.38901499085485697,0.0,0.28958429780966594,0.37146856530167643,0.39188536642083877,0.2969209046956572,0.39141134940863204,0.33584879228474107,0.3412140841123385,0.29872779731664545,0.3279478392543753,0.35718635599763443,0.3786921866043402,0.3637605738041404,0.3754570285149682,0.39293334878676367,0.38200617167941625,0.31466024906776313,0.4027075391060886,0.41961542077407443,0.39209076918722197,0.42207947735052803,0.3654100028286459,0.45986915121253935,0.3121652879650796,0.43721585698863596,0.3897970662393523,0.4348247962634827,0.31081309908181537,0.0,0.0,0.2859552318521744,0.49682897059744724,0.0,0.4052750639600466,0.4597669641061244,0.4565933726827306,0.4505533259989846,0.4905351978520753,0.0,0.49208312688745054,0.0,0.44621218292069464,0.0,0.3603574329987958,0.24633378062476582,0.0,0.2369644726396029,0.48120303388126234,0.39922624630878095,0.36907614850698356,0.3301092297261602,0.4749388636299274,0.0,0.23215355098648333,0.31036314923528374,0.47485493340042867,0.4337360721990102,0.43676347884939365,0.4299147093395612,0.46340451965991203
0.2946392617946718,0.3765114194865529,0.45551050051463265,0.2629812755573689,0.33882311684956745,0.3953375355300514,0.0,0.4031091691674013,0.3737778390429035,0.3578557766953156,0.4484528238784815,0.3572706032025949,0.3355944838848663,0.3458014271248496,0.0,0.4213463253547886,0.0,0.3571169610130465,0.45190849852151516,0.42445870755935444,0.35989636456634766,0.4423145025866494,0.38424692088004725,0.0,0.3156003249541373,0.34192212625231694,0.4080503803946161,0.3884558766628197,0.4124478435064253,0.3823625453094615,0.4052349354292114,0.4019263061316557,0.368833613950242,0.39979333103878556,0.40513536775872583,0.32930143269206347,0.31056107726606763,0.36642631820465565,0.2632932589733792,0.0,0.25027345846826315,0.0,0.33730964785963535,0.0,0.0,0.0,0.32246361319020495,0.41307326733918553,0.0,0.0,0.3932660940836208,0.0,0.40217474765986394,0.3767062207864139,0.0,0.3746110318244416,0.0,0.3414860337261693,0.0,0.0,0.0,0.0,0.0,0.0,0.0,0.0,0.3184569205749835,0.47451975546385255,0.0,0.2907577954500572,0.29878238006175617,0.4473476148113405,0.33564600259704797,0.33989516349576077,0.0,0.28057319640872724
0.4608869040167541,0.39016724206163383,0.4363111873322155,0.22639116821637367,0.40013105071886285,0.35245633152331257,0.4031091691674013,0.0,0.4465123047619148,0.40864254116581467,0.2831154448135316,0.39773462890305444,0.39259638562047705,0.2703187982790214,0.0,0.4095273521923094,0.0,0.3997245523145691,0.3774097567503381,0.3395209530356801,0.3835494412598185,0.396498795886657,0.33164280752286407,0.46869554626171195,0.415921432635401,0.4314854182314449,0.4049250038395113,0.40789126330454945,0.3748471301992984,0.38435991578027506,0.4204565291344909,0.3266372825369987,0.0,0.42883604464052355,0.4472526099306708,0.28050588565657597,0.33361820681497484,0.0,0.4426359023441065,0.0,0.4592694779849684,0.4470620479427926,0.42131770871216356,0.34931483036260336,0.0,0.0,0.0,0.49492923826173835,0.0,0.46420063502868675,0.42341846263648736,0.4378023569576474,0.35397689184405223,0.48151871110137245,0.0,0.45496125528964254,0.0,0.43156633736101063,0.0,0.0,0.0,0.0,0.0,0.47533864394095277,0.4774707806324387,0.4711045080824953,0.0,0.4634483172507401,0.0,0.0,0.0,0.4847291540906935,0.42865051842108765,0.43002619561015953,0.0,0.4409434943309823
0.0,0.27326691155331645,0.32606442998973,0.4089938705984896,0.34894099385056193,0.32916898351712903,0.3737778390429035,0.4465123047619148,0.0,0.47478609815011935,0.3345511079580524,0.4061748484322781,0.41912772929160974,0.3912288969793692,0.24046456751983944,0.3460655884106265,0.0,0.29243355521083775,0.2822518780400935,0.3829706949057027,0.2834974372227262,0.3814998841287361,0.37296496304501,0.3813486524441018,0.1920383135087457,0.23036242027672313,0.37765403425750543,0.4544538223024694,0.40276966116071355,0.42352023004642625,0.46680258849192596,0.4321502192284619,0.3939843086794036,0.4685895708050275,0.5009368170781406,0.40570289304670043,0.46362899138137176,0.43636143499044544,0.4089924965806614,0.0,0.31102799112031926,0.299837659232918,0.4764112960313129,0.3103054980128781,0.0,0.0,0.0,0.5174992387128409,0.0,0.0,0.5002478041757793,0.4456890215699348,0.5140593972706549,0.45982677845984954,0.0,0.4965225286066308,0.0,0.422233209034347,0.0,0.0,0.0,0.0,0.0,0.4934379701822529,0.0,0.0,0.285910363091784,0.5159103339026985,0.0,0.0,0.27806924255582766,0.5199436728769979,0.397367617656831,0.3589382524649849,0.0,0.3546804624063218
0.37242503992003995,0.20072533359499473,0.41578784347093345,0.0,0.4283164194416566,0.41162624553352517,0.3578557766953156,0.40864254116581467,0.47478609815011935,0.0,0.4492086658238815,0.2721782021264442,0.3771417053584224,0.0,0.0,0.33292830240671706,0.2928922752346269,0.31306031754355085,0.4299735920786338,0.3030045039172604,0.4280985594189688,0.2657864232026023,0.3983490276805666,0.26611321106303537,0.3167793181251814,0.31886684657356557,0.4011320774188372,0.36863388508230904,0.33899586773695883,0.0,0.317469903189125,0.29238093453538744,0.29236083164443993,0.30287060195359655,0.3002148112033444,0.36144941085720506,0.28736717405267215,0.2570847397308717,0.3536182808661493,0.3336801758564751,0.3285362145230136,0.3099860882500792,0.3693478999665835,0.0,0.32885807545385953,0.0,0.29077848632560366,0.0,0.0,0.0,0.0,0.0,0.0,0.0,0.414212623800093,0.0,0.4050722141887806,0.3461704431573911,0.0,0.0,0.3237533174868101,0.38374770345472964,0.36089421837789415,0.0,0.0,0.0,0.0,0.34840940858351094,0.37612389872474633,0.4170142999479074,0.4293010112696382,0.0,0.36558404666188604,0.0,0.0,0.36707197258659985
0.0,0.0,0.36018929330103205,0.35752955336797904,0.34132154575262535,0.38767564283257144,0.4484528238784815,0.2831154448135316,0.3345511079580524,0.4492086658238815,0.0,0.39873879724790223,0.46452633679394223,0.3083011452058614,0.0,0.0,0.35189122238866705,0.0,0.273016821417366,0.0,0.0,0.0,0.3451772346304177,0.38663641523088493,0.36079738300918346,0.0,0.39013050229125046,0.4489717390823562,0.37973951312214566,0.0,0.4666996849663267,0.3685816907267472,0.38600753777488905,0.45930500096400423,0.45084801109398803,0.32633378416734055,0.42337435102840115,0.40877428231963264,0.37861525784641836,0.0,0.32494206941598536,0.0,0.4015364234392204,0.0,0.0,0.0,0.0,0.4533769637872589,0.0,0.37637980801935994,0.4559234980130519,0.3932689903672227,0.3874894356518799,0.4669212763089936,0.0,0.237576781153396,0.0,0.38534432089038334,0.3720995678972559,0.0,0.0,0.0,0.0,0.2340636035497992,0.0,0.0,0.0,0.48260118276785224,0.0,0.0,0.0,0.5007630698987986,0.34711097793502277,0.0,0.0,0.3321210082796732
0.3669247717680275,0.2212888062478095,0.3427941810932992,0.0,0.39038098686868955,0.3442345193275242,0.3572706032025949,0.39773462890305444,0.4061748484322781,0.2721782021264442,0.39873879724790223,0.0,0.3186484325960765,0.0,0.0,0.26278559757381087,0.3164730538558818,0.3188152488901216,0.3678161260202467,0.0,0.387961080230581,0.2427529347729178,0.3455402657164282,0.26902587681269974,0.33441991665466736,0.30390162873119747,0.34262306179885954,0.3395274231140787,0.33571100706218276,0.0,0.3132313621814934,0.2653506559190519,0.2892789508498953,0.236106659362948,0.2944147854385812,0.326910807092665,0.2773122951649242,0.2115263595077837,0.36464355624491473,0.3553946850733089,0.3262377375687248,0.0,0.0,0.0,0.34795578934196636,0.3706694723583363,0.29308630632258964,0.0,0.0,0.0,0.0,0.0,0.0,0.0,0.4393184489109469,0.0,0.430424321902557,0.3450194740546435,0.0,0.0,0.33250732730344695,0.4082710861518381,0.3958226719899222,0.0,0.0,0.0,0.0,0.0,0.40949755736274845,0.44330142736126826,0.44987014300032113,0.0,0.3884596858062899,0.0,0.0,0.39034863542737386
0.3359069814486167,0.39957088410336006,0.46813773947188453,0.2975984510407055,0.4262459111642775,0.37325512783600373,0.3355944838848663,0.39259638562047705,0.41912772929160974,0.3771417053584224,0.46452633679394223,0.3186484325960765,0.0,0.4002480571168913,0.0,0.4389944994718614,0.34791985394651287,0.36281803458094225,0.4607322075332988,0.4153820107581801,0.3914560015229048,0.4421337521061125,0.3799137780276437,0.2760822865569633,0.36516733628815196,0.3835534780014141,0.4189019063971973,0.3530342254877812,0.3940032326727712,0.4005970792064548,0.39628974513416837,0.4080190118540396,0.389070960507541,0.39852328167020223,0.41393147657148766,0.38189127790645994,0.3511008107454775,0.3576958431213871,0.3874585768145999,0.0,0.29081016015212435,0.2923986767722774,0.3959444640546262,0.0,0.0,0.0,0.29450099077982705,0.4202477619996738,0.0,0.33748188452193706,0.39097664240600094,0.3503946550968445,0.46575202586567405,0.34321206509483443,0.3891799395340682,0.40768539560115297,0.375215023424809,0.35264175835295686,0.0,0.3395515553012917,0.2673469084422801,0.0,0.0,0.39771976682346183,0.3908203290045445,0.3704542426495968,0.30159580881799436,0.48008899457304527,0.0,0.28192555351765636,0.3328333050478043,0.46518758803446725,0.38698353437303035,0.3914206087385356,0.0,0.3168903403836632
0.0,0.0,0.41145586007236085,0.3353931882975241,0.3021261287538204,0.38621257669542786,0.3458014271248496,0.2703187982790214,0.3912288969793692,0.0,0.3083011452058614,0.0,0.4002480571168913,0.0,0.0,0.0,0.0,0.0,0.38259529265382813,0.0,0.0,0.0,0.33119578864347177,0.0,0.0,0.0,0.41184105235426516,0.30565993414849846,0.0,0.0,0.0,0.29132981619100096,0.0,0.0,0.0,0.24943167019275667,0.2181630042618822,0.0,0.0,0.0,0.0,0.0,0.0,0.0,0.0,0.0,0.0,0.0,0.0,0.0,0.0,0.0,0.0,0.0,0.0,0.39362230550206534,0.0,0.0,0.0,0.0,0.0,0.0,0.0,0.0,0.0,0.0,0.0,0.0,0.0,0.0,0.0,0.0,0.0,0.0,0.0,0.0
0.3423933277068479,0.3621542517141945,0.0,0.0,0.0,0.2770947876100362,0.0,0.0,0.24046456751983944,0.0,0.0,0.0,0.0,0.0,0.0,0.3663043068279546,0.0,0.3428756188403459,0.0,0.3373520060758348,0.3334924927682215,0.3421916714899701,0.36202712679167,0.3654199265167086,0.3308400535440231,0.3767921574806621,0.33430399940154576,0.0,0.35808597469977976,0.0,0.3659263256910748,0.3631995518464743,0.2960397369350602,0.37041275110507826,0.40195701070872575,0.46791073892545887,0.38072195310301793,0.0,0.42995283047010596,0.42552758607176555,0.41025526099292436,0.45141719928790536,0.0,0.0,0.0,0.0,0.42780293523124674,0.0,0.0,0.0,0.3889722135641293,0.0,0.0,0.0,0.0,0.0,0.0,0.0,0.0,0.43576475415488936,0.37200773341912197,0.0,0.0,0.0,0.43102851697862155,0.3898239381426275,0.4525193987951977,0.43642270479992723,0.0,0.31996717915680783,0.4159470217075558,0.4305536694744138,0.4050219238244446,0.41356468128784013,0.0,0.383651033989663
0.33340174971060704,0.3355862204173296,0.0,0.0,0.3755627579177541,0.38901499085485697,0.4213463253547886,0.4095273521923094,0.3460655884106265,0.33292830240671706,0.0,0.26278559757381087,0.4389944994718614,0.0,0.3663043068279546,0.0,0.334825825633222,0.3232771768474293,0.0,0.4082421539726715,0.36813329283436697,0.3885190581033539,0.3927038458793152,0.3237132542768904,0.303264040060624,0.33807713964866726,0.3911575284828048,0.440379353468102,0.42945345861715883,0.4097333847588567,0.3466883860031407,0.40519979134205525,0.37560060159415126,0.3689871909844002,0.40251866531331054,0.0,0.0,0.15122270772887278,0.403688095183312,0.3711449434207291,0.38299625045930663,0.40000784193846484,0.0,0.0,0.0,0.3922953797072126,0.4076475696952121,0.0,0.0,0.0,0.2814231287578799,0.0,0.0,0.0,0.2754993495297626,0.0,0.2929680658238664,0.2858447990492491,0.0,0.4176582714982453,0.3892033866356501,0.0,0.38091551938717394,0.0,0.3975875464321389,0.3703557547326244,0.4033981287948712,0.33177376196094155,0.0,0.37449763809656117,0.39900876112934486,0.3561895488110939,0.0,0.36299251915669145,0.0,0.3685554782731628
0.0,0.2517219246416462,0.0,0.0,0.0,0.0,0.0,0.0,0.0,0.2928922752346269,0.35189122238866705,0.3164730538558818,0.34791985394651287,0.0,0.0,0.334825825633222,0.0,0.28037495099403814,0.0,0.32430538407822185,0.0,0.338610623726493,0.0,0.3213641699717895,0.2644820182218252,0.31110905963959756,0.0,0.35546280649312184,0.0,0.0,0.32680120724788303,0.37768145637262285,0.32232873435220927,0.3410105068052919,0.3596750099288973,0.0,0.0,0.29434938015911577,0.0,0.3486643614221863,0.3436251077970266,0.0,0.0,0.0,0.24063292651196294,0.0,0.0,0.0,0.0,0.0,0.0,0.0,0.0,0.0,0.39343353949901944,0.0,0.3527924743495577,0.0,0.0,0.0,0.35462702741321195,0.3730223504251711,0.3729203808573282,0.0,0.0,0.0,0.0,0.0,0.3846185711832533,0.4112813968488051,0.4262234057028797,0.0,0.0,0.0,0.0,0.3312743823459091
0.3216783334394864,0.2899619866441126,0.0,0.0,0.0,0.28958429780966594,0.3571169610130465,0.3997245523145691,0.29243355521083775,0.31306031754355085,0.0,0.3188152488901216,0.36281803458094225,0.0,0.3428756188403459,0.3232771768474293,0.28037495099403814,0.0,0.0,0.35286773936686394,0.3544679358859551,0.3440223512802422,0.37135945688900635,0.3094515144965008,0.3027362580961555,0.3108155489994351,0.3101570353794879,0.3725335341124249,0.38317359507227833,0.34874825775424917,0.33958990277009776,0.37005319687915683,0.3213748734853545,0.35366378516314,0.37256749393066785,0.0,0.0,0.245343681456256,0.39287805908386747,0.35739091494928643,0.3728135461104877,0.38192434956991034,0.0,0.0,0.2292520429558658,0.36125037489896655,0.3746987494865478,0.0,0.0,0.0,0.2731147938242947,0.0,0.0,0.0,0.3444787158788611,0.0,0.3460659630919159,0.0,0.0,0.0,0.3714968374444868,0.3706442847212477,0.36328533076914077,0.0,0.27871255776558296,0.3005447065669878,0.35390158506819697,0.2693732879322703,0.3517364162235764,0.36798430173660596,0.3722230293581449,0.0,0.0,0.28470215443734115,0.0,0.36783918191806775
0.0,0.0,0.28285781408544536,0.4092663644092228,0.3678277002252368,0.37146856530167643,0.45190849852151516,0.3774097567503381,0.2822518780400935,0.4299735920786338,0.273016821417366,0.3678161260202467,0.4607322075332988,0.38259529265382813,0.0,0.0,0.0,0.0,0.0,0.0,0.0,0.0,0.3331721155028798,0.3259253011001849,0.0,0.0,0.3678503180134263,0.44629778227551303,0.0,0.0,0.4638314947936506,0.4007445292738339,0.3805225302690216,0.46236130823539223,0.45864185637691307,0.38747907078812877,0.4317807188669018,0.38445974112261416,0.4324343214514461,0.0,0.3278802387535633,0.0,0.43247319651527216,0.35645772163992934,0.0,0.0,0.0,0.5246061836622207,0.0,0.4582511121782662,0.48060268469763723,0.4351950579889924,0.5094191255492008,0.4871654419462962,0.0,0.21231672829869444,0.0,0.38563468995063194,0.4702074536459386,0.0,0.0,0.0,0.0,0.47572367198841736,0.0,0.0,0.0,0.500722472400681,0.0,0.0,0.0,0.509630016791847,0.35060865187181095,0.39677932137929417,0.0,0.3986236864658454
0.38991339766901645,0.4113786036251066,0.0,0.4564672160358195,0.39714976612377245,0.39188536642083877,0.42445870755935444,0.3395209530356801,0.3829706949057027,0.3030045039172604,0.0,0.0,0.4153820107581801,0.0,0.3373520060758348,0.4082421539726715,0.32430538407822185,0.35286773936686394,0.0,0.0,0.360041408017959,0.3690728235207649,0.29394293948795547,0.3388885807478665,0.33813892208985463,0.36698490910732307,0.34601461323226346,0.38596729888872616,0.32761335534119523,0.3261559904724095,0.34861639212737483,0.40710936503167616,0.3695110669772132,0.3915042857962528,0.4396617310191395,0.48136674382129524,0.44040916873932395,0.0,0.43730164032169083,0.3999245276024508,0.3814935902529008,0.45887634313950665,0.4043643108098573,0.0,0.0,0.0,0.3902313686972194,0.0,0.0,0.0,0.3802003099625459,0.0,0.43759626006841135,0.0,0.0,0.0,0.0,0.3402780088811941,0.0,0.4228560311528161,0.3055134990791165,0.0,0.27153339821850253,0.0,0.42827136633250973,0.36195572861013026,0.4450889421494834,0.4129541494339314,0.0,0.25744803138559474,0.4121001391764385,0.4291443710022868,0.4035779046316411,0.3576127207384364,0.34672576626031815,0.4104809019482338
0.3808610647332038,0.37962274015850256,0.2978969250509663,0.0,0.0,0.2969209046956572,0.35989636456634766,0.3835494412598185,0.2834974372227262,0.4280985594189688,0.0,0.387961080230581,0.3914560015229048,0.0,0.3334924927682215,0.36813329283436697,0.0,0.3544679358859551,0.0,0.360041408017959,0.0,0.36557593706026126,0.3668451027244972,0.4571615441801777,0.3367177283759349,0.38273859242343033,0.3612248123210159,0.40564654375435344,0.3570458070668835,0.3723859560649643,0.3510428022905634,0.3762253677064954,0.3174529009190901,0.3610898525510513,0.40083156991940255,0.43896657663615074,0.0,0.0,0.43244248543420033,0.39367256477784224,0.4238697481233764,0.4683354797970209,0.4716862660166912,0.0,0.0,0.3807062731639885,0.43848151154279436,0.0,0.0,0.0,0.4081197512446619,0.0,0.4395933118100358,0.0,0.0,0.0,0.0,0.3986863052195455,0.0,0.4241630748969301,0.3889661439746233,0.0,0.0,0.0,0.42667938003229705,0.35221559852265444,0.4462983439830568,0.463746665228178,0.0,0.34693064450453603,0.43609285430950173,0.44987076992026004,0.4401111452309767,0.4290763592903231,0.42317071133533063,0.41276872026792166
0.3417731899740725,0.3784568944322114,0.0,0.4545603841165832,0.4189632548948561,0.39141134940863204,0.4423145025866494,0.396498795886657,0.3814998841287361,0.2657864232026023,0.0,0.2427529347729178,0.4421337521061125,0.0,0.3421916714899701,0.3885190581033539,0.338610623726493,0.3440223512802422,0.0,0.3690728235207649,0.36557593706026126,0.0,0.3891898592718827,0.30720427742179296,0.31601405992022885,0.3838452102901463,0.3926209487088483,0.4339595902693945,0.39997026612932157,0.3906176295793261,0.35792873479226417,0.39325449130496265,0.3537702759812444,0.38300093998209056,0.41793669367627406,0.4581018993358324,0.42065828286041046,0.0,0.4296407962408423,0.42200009268235644,0.4328675355499585,0.4517006471301066,0.45016160425134394,0.3406494740445348,0.0,0.3876898014837119,0.4342616980039681,0.0,0.0,0.0,0.34499440875294884,0.0,0.0,0.0,0.0,0.0,0.0,0.28001953045551853,0.0,0.43548992442250034,0.38912718963950266,0.0,0.31356969934175444,0.0,0.42427045355589194,0.406891717833246,0.448719864810785,0.4404986878772519,0.0,0.3436699079341015,0.45204724310925043,0.42010110405599077,0.3619179219275949,0.40427765874220883,0.0,0.3881745491782401
0.4358765759364614,0.36960246627597876,0.3341441381813549,0.383281450176146,0.37116209676233625,0.33584879228474107,0.38424692088004725,0.33164280752286407,0.37296496304501,0.3983490276805666,0.3451772346304177,0.3455402657164282,0.3799137780276437,0.33119578864347177,0.36202712679167,0.3927038458793152,0.0,0.37135945688900635,0.3331721155028798,0.29394293948795547,0.3668451027244972,0.3891898592718827,0.0,0.4378632086950761,0.3641736137168265,0.3928015291596965,0.32628856772488635,0.37996369323934615,0.37124324001803155,0.36022821257940396,0.3845994401732892,0.3677847805692669,0.32169099728153877,0.40491416133259966,0.4327435536573063,0.34160489080948536,0.38575320445339584,0.3220664138400876,0.4703883663497444,0.0,0.48800710534194586,0.48674184562064476,0.4549891470999633,0.4048690099137015,0.0,0.5096206387633366,0.37352000432943216,0.5030941056680849,0.0,0.42802899864065086,0.4614946625424875,0.4757053866485478,0.46116174434511503,0.48982667725728113,0.0,0.4851728610355455,0.38375718015363564,0.4731133613708417,0.4363998185476037,0.4393168868887617,0.3068425346976497,0.0,0.0,0.4734429095711491,0.4491259649513879,0.43549886895314577,0.4130062103780546,0.4872706812431763,0.0,0.28183377725075787,0.38219785285923447,0.48271604774721755,0.47305235752046176,0.45671015004020854,0.47268889872065706,0.4762925230598048
0.36059528086189746,0.289931058477146,0.0,0.0,0.0,0.3412140841123385,0.0,0.46869554626171195,0.3813486524441018,0.26611321106303537,0.38663641523088493,0.26902587681269974,0.2760822865569633,0.0,0.3654199265167086,0.3237132542768904,0.3213641699717895,0.3094515144965008,0.3259253011001849,0.3388885807478665,0.4571615441801777,0.30720427742179296,0.4378632086950761,0.0,0.30415162023449815,0.29518358968237446,0.38344335290198767,0.3706376347776549,0.3398595685426418,0.0,0.326718006881228,0.3132954970251145,0.206629544162101,0.25044263496188574,0.3369176295124186,0.33223390728256197,0.3624220036757884,0.18808720505674653,0.0,0.3737790748291126,0.39409726153928776,0.0,0.0,0.0,0.32242789040588,0.3969317817359675,0.4245298866963779,0.0,0.0,0.0,0.0,0.0,0.0,0.0,0.4404617327340533,0.0,0.420808214839183,0.0,0.0,0.0,0.3891580190992618,0.4383842765935661,0.4048722418880198,0.0,0.0,0.0,0.35568273825035435,0.0,0.4166187710581866,0.42525004003355227,0.42808662762269384,0.0,0.0,0.0,0.0,0.4193615772788588
0.27858854237683855,0.2951998334134288,0.2159929567823433,0.0,0.3014604924371469,0.29872779731664545,0.3156003249541373,0.415921432635401,0.1920383135087457,0.3167793181251814,0.36079738300918346,0.33441991665466736,0.36516733628815196,0.0,0.3308400535440231,0.303264040060624,0.2644820182218252,0.3027362580961555,0.0,0.33813892208985463,0.3367177283759349,0.31601405992022885,0.3641736137168265,0.30415162023449815,0.0,0.302757049718152,0.3300857525617998,0.36650753624418725,0.33563432794436326,0.2834714679258413,0.3111235297141089,0.34359863684431174,0.28291937273659606,0.30822383246532387,0.3271598785089874,0.3370069160545252,0.0,0.2793638596383677,0.38214462848190833,0.35435837279151905,0.3714676483667093,0.3891301637699748,0.0,0.0,0.29219819509271777,0.3409366932172306,0.3811293979741253,0.0,0.0,0.0,0.25322239550748393,0.0,0.3253026790208076,0.0,0.3862068145161378,0.0,0.3875077787993481,0.29185322059780955,0.0,0.36453763543869694,0.35858509924689913,0.39072034126852606,0.3776972814783432,0.0,0.3449307335090147,0.2986108684182988,0.31581847803447616,0.26099797108389383,0.4052337239817813,0.37799193399050385,0.3789246784022361,0.27151069443626025,0.31091478434512904,0.34805780008914466,0.0,0.3811391730771417
0.3281768693029024,0.3701197165779603,0.0,0.0,0.0,0.3279478392543753,0.34192212625231694,0.4314854182314449,0.23036242027672313,0.31886684657356557,0.0,0.30390162873119747,0.3835534780014141,0.0,0.3767921574806621,0.33807713964866726,0.31110905963959756,0.3108155489994351,0.0,0.36698490910732307,0.38273859242343033,0.3838452102901463,0.3928015291596965,0.29518358968237446,0.302757049718152,0.0,0.36759724545457095,0.3555042608778866,0.3643083274377922,0.0,0.3391369071565626,0.3837408099607631,0.32314738858643904,0.34620142369389983,0.3830429759762858,0.42943361768392224,0.0,0.30944101002321794,0.41182859469578026,0.37950859402828874,0.4046877108416431,0.43668224953752505,0.0,0.0,0.34814328599043726,0.387146037865028,0.44582106463974847,0.0,0.0,0.0,0.3367782407368882,0.0,0.0,0.0,0.3982913322117882,0.0,0.3817568973940882,0.3012323803845449,0.0,0.4352049714687458,0.40288981380583067,0.4059022547814512,0.3891850463057062,0.0,0.402365810284519,0.4330084278010341,0.45470871884222896,0.4267663316457104,0.40828069093715,0.3931896394877696,0.4146740946657087,0.4143217491391595,0.35127695025340905,0.3711182728515465,0.0,0.3973638747908517
0.38801389594568053,0.37078250875430285,0.36042788806995313,0.41052991149367646,0.3994766098554431,0.35718635599763443,0.4080503803946161,0.4049250038395113,0.37765403425750543,0.4011320774188372,0.39013050229125046,0.34262306179885954,0.4189019063971973,0.41184105235426516,0.33430399940154576,0.3911575284828048,0.0,0.3101570353794879,0.3678503180134263,0.34601461323226346,0.3612248123210159,0.3926209487088483,0.32628856772488635,0.38344335290198767,0.3300857525617998,0.36759724545457095,0.0,0.4108119859321795,0.37985311933169025,0.36439254787724606,0.371254659675,0.3855035951113138,0.32471273651720994,0.40445457084315817,0.42796543027147543,0.39647933536056024,0.4205243134668645,0.3494405939023451,0.45989847378251736,0.4283904191039138,0.4607174972892619,0.4566103452827384,0.49235867745808565,0.34021427855613107,0.0,0.0,0.3390133937649975,0.5282348982928657,0.0,0.4380520461210642,0.47901513651727834,0.48627439026347974,0.4708955087655261,0.5142439312958866,0.0,0.511550872182559,0.0,0.44455074363748953,0.4982426541347167,0.41602054832347374,0.29893153511083587,0.0,0.0,0.5062317055296235,0.41742349188909444,0.4050230769585669,0.33191906711582025,0.48726939949942766,0.0,0.2532135962925508,0.3832981821367275,0.4806494632632021,0.44101537103257493,0.42321864122083963,0.44472404287372214,0.4551315142104006
0.3756380956869375,0.390581796696668,0.4438512914585408,0.30675729379093974,0.39056805969258,0.3786921866043402,0.3884558766628197,0.40789126330454945,0.4544538223024694,0.36863388508230904,0.4489717390823562,0.3395274231140787,0.3530342254877812,0.30565993414849846,0.0,0.440379353468102,0.35546280649312184,0.3725335341124249,0.44629778227551303,0.38596729888872616,0.40564654375435344,0.4339595902693945,0.37996369323934615,0.3706376347776549,0.36650753624418725,0.3555042608778866,0.4108119859321795,0.0,0.3723018865677201,0.35383341405311836,0.37712704347542325,0.4101714013633385,0.36898493956251394,0.4033939879182181,0.43786819178491687,0.29296063170176895,0.282311122986093,0.3396532449996144,0.40631596464584363,0.0,0.337966968128858,0.31802393073804813,0.4214397882004271,0.35784177774907533,0.0,0.0,0.29223786569083526,0.37033040223859803,0.0,0.31490015155061984,0.44498005458694534,0.3501971044348193,0.48152697935503813,0.3235065671411781,0.41380447087354033,0.0,0.37962756471656217,0.37705055819947375,0.0,0.4213580387531803,0.27811895518130064,0.0,0.0,0.3518588607525483,0.45036398609072564,0.4476025568818674,0.3639891065774911,0.4861171576327463,0.0,0.3033702448945365,0.3485286252761451,0.4776278515009276,0.4429427582237912,0.43987858835779764,0.3858245323050829,0.37719092153560213
0.3921167569164054,0.3875169558311867,0.3334534362301143,0.4102426680490235,0.3812141851858781,0.3637605738041404,0.4124478435064253,0.3748471301992984,0.40276966116071355,0.33899586773695883,0.37973951312214566,0.33571100706218276,0.3940032326727712,0.0,0.35808597469977976,0.42945345861715883,0.0,0.38317359507227833,0.0,0.32761335534119523,0.3570458070668835,0.39997026612932157,0.37124324001803155,0.3398595685426418,0.33563432794436326,0.3643083274377922,0.37985311933169025,0.3723018865677201,0.0,0.35514547610103475,0.35815754199994837,0.39580477669377834,0.3296945328589658,0.40056064732508606,0.4448900883242016,0.49089189695071594,0.448019276503187,0.0,0.44500969925954237,0.37051069393197916,0.42686774434725766,0.43978117048070603,0.41491429047464906,0.3410624725174309,0.0,0.0,0.37678158251335664,0.3891402882349755,0.0,0.0,0.41642619027167094,0.34794134126617143,0.45452063411201826,0.0,0.0,0.0,0.0,0.4064676180057443,0.0,0.41227404512510324,0.29132917904085803,0.0,0.27264621836141123,0.0,0.4035156653689728,0.40866145251962877,0.41075700882438687,0.4641400806101796,0.0,0.2547087709807628,0.36767189008965157,0.4507799836851472,0.4338825041279847,0.41883536414393313,0.40781372824202483,0.4142595366847112
0.0,0.0,0.38061957970097604,0.0,0.0,0.3754570285149682,0.3823625453094615,0.38435991578027506,0.42352023004642625,0.0,0.0,0.0,0.4005970792064548,0.0,0.0,0.4097333847588567,0.0,0.34874825775424917,0.0,0.3261559904724095,0.3723859560649643,0.3906176295793261,0.36022821257940396,0.0,0.2834714679258413,0.0,0.36439254787724606,0.35383341405311836,0.35514547610103475,0.0,0.3454529440952453,0.4022461997519237,0.0,0.39475968674377554,0.4553353139259144,0.46609076737855143,0.36399334309838066,0.0,0.0,0.0,0.0,0.0,0.0,0.0,0.0,0.0,0.0,0.0,0.0,0.0,0.37687992988915725,0.0,0.0,0.0,0.0,0.0,0.0,0.33962417716799637,0.0,0.0,0.0,0.0,0.0,0.0,0.0,0.0,0.0,0.48034345085007113,0.0,0.0,0.0,0.46805140932777006,0.3954030326297314,0.4198347656822254,0.0,0.0
0.33172247333096894,0.2995259478551932,0.4613259018154207,0.32930184993225686,0.45441785472358204,0.39293334878676367,0.4052349354292114,0.4204565291344909,0.46680258849192596,0.317469903189125,0.4666996849663267,0.3132313621814934,0.39628974513416837,0.0,0.3659263256910748,0.3466883860031407,0.32680120724788303,0.33958990277009776,0.4638314947936506,0.34861639212737483,0.3510428022905634,0.35792873479226417,0.3845994401732892,0.326718006881228,0.3111235297141089,0.3391369071565626,0.371254659675,0.37712704347542325,0.35815754199994837,0.3454529440952453,0.0,0.37507304963360977,0.3204610643143076,0.31562333223918054,0.3129148251131523,0.43056639386719386,0.0,0.28382663889971116,0.4358801708600818,0.3673729265294489,0.31869744567769753,0.0,0.0,0.0,0.0,0.0,0.4016619856075315,0.4045376492789697,0.0,0.0,0.46208259550663416,0.3314521683203102,0.49481502822578727,0.34796067770917566,0.40257599925550025,0.0,0.4000882328703584,0.33926752015921535,0.0,0.4399239656866975,0.38785778688702716,0.0,0.387842934567892,0.0,0.42938498093502075,0.3587100812542452,0.4118806805256574,0.4942726323327864,0.40154329661669763,0.3972412605164354,0.4130306935206671,0.4901633810797991,0.35530533982079915,0.42609921215496793,0.0,0.4288446993475717
0.38174647747293244,0.36637515040442487,0.4100637078870005,0.33493685224747466,0.35446508555272976,0.38200617167941625,0.4019263061316557,0.3266372825369987,0.4321502192284619,0.29238093453538744,0.3685816907267472,0.2653506559190519,0.4080190118540396,0.29132981619100096,0.3631995518464743,0.40519979134205525,0.37768145637262285,0.37005319687915683,0.4007445292738339,0.40710936503167616,0.3762253677064954,0.39325449130496265,0.3677847805692669,0.3132954970251145,0.34359863684431174,0.3837408099607631,0.3855035951113138,0.4101714013633385,0.39580477669377834,0.4022461997519237,0.37507304963360977,0.0,0.3588224011271103,0.36260708607352315,0.36801749303214787,0.2930743142077758,0.3316129906059232,0.2713992223579013,0.3046001023522637,0.3023038430651204,0.3286615398476683,0.3274070631973978,0.29208347095413056,0.2757137582546206,0.26025406812775853,0.3820515128375885,0.4266007527968802,0.4327209834895387,0.0,0.0,0.46253170919516073,0.36736775511244485,0.45702187983615505,0.35965104172594314,0.31556832579300687,0.35680272291472315,0.28321787341676624,0.36199342268018286,0.0,0.4510008909145237,0.3642038323211283,0.0,0.39307094047679086,0.42886769179841455,0.44321065817445054,0.42235197071302566,0.4463612928194748,0.47898509245070847,0.0,0.3714755041018035,0.4259357438643484,0.47692774512591257,0.3380541206134825,0.45148686943836536,0.4682605498932784,0.4183209778634604
0.31424515120784824,0.30606958000090917,0.379791253557373,0.0,0.3835833845775033,0.31466024906776313,0.368833613950242,0.0,0.3939843086794036,0.29236083164443993,0.38600753777488905,0.2892789508498953,0.389070960507541,0.0,0.2960397369350602,0.37560060159415126,0.32232873435220927,0.3213748734853545,0.3805225302690216,0.3695110669772132,0.3174529009190901,0.3537702759812444,0.32169099728153877,0.206629544162101,0.28291937273659606,0.32314738858643904,0.32471273651720994,0.36898493956251394,0.3296945328589658,0.0,0.3204610643143076,0.3588224011271103,0.0,0.24386314778685703,0.3672861121966676,0.4389319973361011,0.29141740870018346,0.16420405605385868,0.3556491216046069,0.2921048177358993,0.34757165681084795,0.3788378177479265,0.0,0.3394281900721491,0.2410706917952354,0.3754954548508682,0.3996039776107568,0.0,0.0,0.0,0.0,0.0,0.0,0.0,0.3634159278593878,0.0,0.36411480731099,0.32583374915784885,0.0,0.44168546767232275,0.37734527237124743,0.40246067332522023,0.3544464892699436,0.0,0.39430292469024825,0.3679969408181644,0.44015107897897315,0.4472265009165233,0.336544821792825,0.3838440455516709,0.40210377551964654,0.0,0.3286746551881454,0.38881694019990437,0.0,0.3401412920182407
0.3118844623587653,0.30606568448031335,0.4591234643490022,0.3758263723921683,0.4317239274870553,0.4027075391060886,0.39979333103878556,0.42883604464052355,0.4685895708050275,0.30287060195359655,0.45930500096400423,0.236106659362948,0.39852328167020223,0.0,0.37041275110507826,0.3689871909844002,0.3410105068052919,0.35366378516314,0.46236130823539223,0.3915042857962528,0.3610898525510513,0.38300093998209056,0.40491416133259966,0.25044263496188574,0.30822383246532387,0.34620142369389983,0.40445457084315817,0.4033939879182181,0.40056064732508606,0.39475968674377554,0.31562333223918054,0.36260708607352315,0.24386314778685703,0.0,0.2994836444554051,0.4318687937290717,0.2967404778744499,0.21200730101590265,0.3614276693616743,0.3320913329928929,0.29986360586216604,0.3327266423120417,0.3058684753074118,0.29707729310076697,0.34087408343594594,0.3362505298530389,0.41042126241773147,0.3843966533722403,0.0,0.0,0.47232538845948224,0.2763717663778661,0.49073140845387186,0.3252882128055403,0.3880140676653331,0.2909613379152056,0.3826947563343529,0.25774222280164455,0.2513837936657743,0.44345316601466334,0.38381549028172945,0.0,0.390396509945339,0.25930180242791234,0.44763465373779043,0.36225447969480196,0.4351826547902762,0.49343830318901877,0.3944594589365173,0.3939075344695569,0.41083894446530345,0.49253560332950475,0.34682413468290135,0.450469231809049,0.0,0.3078522400733243
0.340345321842542,0.314316059705552,0.459086016912015,0.3485610494689703,0.40803041543073915,0.41961542077407443,0.40513536775872583,0.4472526099306708,0.5009368170781406,0.3002148112033444,0.45084801109398803,0.2944147854385812,0.41393147657148766,0.0,0.40195701070872575,0.40251866531331054,0.3596750099288973,0.37256749393066785,0.45864185637691307,0.4396617310191395,0.40083156991940255,0.41793669367627406,0.4327435536573063,0.3369176295124186,0.3271598785089874,0.3830429759762858,0.42796543027147543,0.43786819178491687,0.4448900883242016,0.4553353139259144,0.3129148251131523,0.36801749303214787,0.3672861121966676,0.2994836444554051,0.0,0.41428248372612936,0.32721412538635686,0.2588267314030574,0.33163229661890226,0.3059497918020314,0.3107374462461553,0.34395138746302,0.30239849574485217,0.2892579410672627,0.0,0.0,0.43537648655117994,0.3285821914444931,0.0,0.29463435779315933,0.3817686387248387,0.2740515270150289,0.0,0.2811620852495055,0.290916083476401,0.32999693627285187,0.3214509078628448,0.28220723408503245,0.0,0.46417133087551615,0.3831189002711387,0.0,0.3822234594520726,0.0,0.4256463480991666,0.0,0.46223532045570126,0.4519229047168465,0.0,0.38601737203715075,0.4386471305508384,0.4952902826579926,0.2926532885235374,0.42217487687049793,0.3691295096919968,0.25766916014039176
0.0,0.0,0.40756480993749344,0.22744409511712002,0.2497762479190166,0.39209076918722197,0.32930143269206347,0.28050588565657597,0.40570289304670043,0.36144941085720506,0.32633378416734055,0.326910807092665,0.38189127790645994,0.24943167019275667,0.46791073892545887,0.0,0.0,0.0,0.38747907078812877,0.48136674382129524,0.43896657663615074,0.4581018993358324,0.34160489080948536,0.33223390728256197,0.3370069160545252,0.42943361768392224,0.39647933536056024,0.29296063170176895,0.49089189695071594,0.46609076737855143,0.43056639386719386,0.2930743142077758,0.4389319973361011,0.4318687937290717,0.41428248372612936,0.0,0.2585882694119857,0.3584781092592794,0.2653089876096083,0.2812089471722712,0.30951793067381517,0.3475794691033965,0.31412065231761815,0.28114907778962733,0.0,0.0,0.0,0.45103041905056623,0.0,0.0,0.4242013336851276,0.41663400365841147,0.4415694609533104,0.42569787534649023,0.0,0.3838592630761119,0.0,0.3580389076963014,0.4749773964811959,0.0,0.0,0.0,0.0,0.387897282744198,0.0,0.0,0.0,0.46361637072657214,0.0,0.0,0.0,0.4501273289400438,0.3140384361460885,0.4004658847792129,0.0,0.399327400818438
