0.0,0.22320247773825108,0.0,0.0,0.0,0.2263265898408439,0.20620517811863476,0.3225546573679324,0.0,0.2606440541046056,0.0,0.25679465614223773,0.235086656540617,0.0,0.2396261675934576,0.23333335403226105,0.0,0.22512864592370627,0.0,0.2728833935010747,0.26654806020554384,0.2391921602216425,0.30505101876529345,0.25236492131413335,0.19497197913379263,0.2296766879499583,0.2715540150305636,0.2628927318018092,0.2744254286097012,0.0,0.23215810168176135,0.2671677219932912,0.2199264856388649,0.21827434239888135,0.23819285754691155,0.0,0.0,0.0,0.2840345930030594,0.24564313970251617,0.25770476111288787,0.286688029551285,0.0,0.0,0.0,0.247465853884503,0.298464654203856,0.0,0.0,0.0,0.0,0.0,0.0,0.0,0.0,0.0,0.0,0.0,0.0,0.0,0.2827200127040125,0.0,0.26698443683697737,0.0,0.0,0.2380042707397034,0.2991175883591217,0.0,0.2841385818710008,0.26016573440731805,0.26579561987636646,0.0,0.0,0.0,0.0,0.26918432241343593
0.22320247773825108,0.0,0.20399771211758516,0.0,0.2371460547760774,0.23809920399022874,0.2635039330672415,0.27306104812821186,0.19124760165211568,0.14047891280600122,0.0,0.1548703911014713,0.2796422473559283,0.0,0.25345597706930184,0.2348621698744911,0.1761692043040371,0.20293175708962383,0.0,0.28790595563542226,0.265681410805394,0.2648654861924133,0.258668657826861,0.20291011181350083,0.20659749776330788,0.2590306587699884,0.25949451812785496,0.27335117684981003,0.27120622830248353,0.0,0.20962515671680906,0.2564100001039041,0.21420475966561942,0.21420203336053223,0.2199761114060151,0.0,0.0,0.0,0.2849623727772328,0.27155995640578806,0.283246683551844,0.2950565293725145,0.0,0.0,0.0,0.25990613372063637,0.2980995757110498,0.0,0.0,0.0,0.24044066128945735,0.0,0.0,0.0,0.20040918913690328,0.0,0.0,0.18211266994753922,0.0,0.2964788747741751,0.27127869682734207,0.0,0.2373773009936647,0.0,0.282833915147721,0.28007671073841467,0.303049125293593,0.2600118110763625,0.0,0.24268335628731882,0.29778794713109763,0.2785245988655222,0.21425596546902054,0.2794672087123874,0.0,0.2686480192242854
0.0,0.20399771211758516,0.0,0.2702369219226271,0.2737332741900041,0.24450886273699532,0.3187919468756518,0.30535518433958925,0.22819828374074233,0.29099179043638684,0.2520807883143686,0.23990670740831174,0.3276292010910837,0.2879600240558013,0.0,0.0,0.0,0.0,0.19795985633572377,0.0,0.2084850746535469,0.0,0.2338529193675505,0.0,0.15116405686867324,0.0,0.2522477703945023,0.3106321745985639,0.23336952717461965,0.2663790553560876,0.3228618927944548,0.28698571741519296,0.26579934598897337,0.32132050280015567,0.3212942949710734,0.2852368476493656,0.30474017926930225,0.249210402182702,0.32938438941188386,0.0,0.29081754525549885,0.0,0.33792030536398066,0.0,0.0,0.0,0.0,0.2587626664984422,0.0,0.32502535885759176,0.36132100059441674,0.3298067671532194,0.3492968885485469,0.3283037798997447,0.0,0.2865101853648038,0.0,0.3343356038321235,0.0,0.0,0.0,0.0,0.0,0.2400770865120303,0.0,0.0,0.0,0.3746363264670173,0.0,0.0,0.0,0.30991821553659715,0.2827725224662983,0.2537105784154613,0.0,0.30507259307859497
0.0,0.0,0.2702369219226271,0.0,0.17364428120227135,0.2822983974193868,0.18404913329562808,0.15844131186791938,0.28623698492349575,0.0,0.25021935225420544,0.0,0.20827618570210593,0.2347270751067244,0.0,0.0,0.0,0.0,0.28642769146557784,0.31946151037256515,0.0,0.318127001817414,0.2682419824898233,0.0,0.0,0.0,0.28731199300103516,0.21468606057475192,0.2871109638330034,0.0,0.2304640128626093,0.23440770539370911,0.0,0.2630244984621695,0.24394268724802734,0.1591782095162226,0.14111422576424118,0.0,0.173065235216924,0.0,0.0,0.0,0.0,0.0,0.0,0.0,0.0,0.0,0.0,0.0,0.0,0.0,0.0,0.0,0.0,0.0,0.0,0.0,0.0,0.0,0.0,0.0,0.0,0.0,0.0,0.0,0.0,0.20823164901897595,0.0,0.0,0.0,0.0,0.0,0.0,0.0,0.0
0.0,0.2371460547760774,0.2737332741900041,0.17364428120227135,0.0,0.27046709870260927,0.23712753261432284,0.28003428355647497,0.24420859376165374,0.2997599947275589,0.23887607411498282,0.27321063880306756,0.2983109362228217,0.21144491000452853,0.0,0.2628400061805906,0.0,0.0,0.2574265764172654,0.2779478124011767,0.0,0.2932141224985891,0.25976017523115974,0.0,0.21097906015680004,0.0,0.27957626891854925,0.2733415629193463,0.2667951938203836,0.0,0.31802725170708607,0.24807466478847773,0.268453293218179,0.3021447610997058,0.2855627046416854,0.17480750996395722,0.20548292604823978,0.2514344281327605,0.0,0.0,0.21162679074877647,0.0,0.24068258066894543,0.0,0.0,0.0,0.0,0.3321079954041089,0.0,0.0,0.28522702688318896,0.0,0.0,0.0,0.0,0.28247407351415454,0.0,0.0,0.0,0.0,0.0,0.0,0.0,0.0,0.0,0.0,0.0,0.33290760988713497,0.0,0.0,0.0,0.354569350622307,0.19253430120976114,0.0,0.0,0.0
0.2263265898408439,0.23809920399022874,0.24450886273699532,0.2822983974193868,0.27046709870260927,0.0,0.2766795111907606,0.24666882539046447,0.2303710254493551,0.28807926941419043,0.2713172864187248,0.24091473736443625,0.26122499645941205,0.2702933501938938,0.19392656527456065,0.2722546377269517,0.0,0.2026674291351411,0.2599746592050791,0.27426348848650567,0.20780200054459058,0.2739317446386628,0.23504593248086858,0.23880086639642795,0.20906656594053497,0.22951639980077077,0.24997916337221227,0.2650301569289886,0.25458017189200005,0.26276601077956685,0.2749969256703842,0.267349470650202,0.22021699453988186,0.28183745548805117,0.2936705449742225,0.27440724093066443,0.29539503078153523,0.25573453537947455,0.3218423765368051,0.21847088000156736,0.3059883232040584,0.27280197820350516,0.30431492401170535,0.21752454193438256,0.0,0.0,0.20012760403644023,0.34770894331095287,0.0,0.2836343542333493,0.32177086023462803,0.31954980191147514,0.3153226364798204,0.34330420606686474,0.0,0.34438753413560325,0.0,0.31228445963860535,0.0,0.25219846196083034,0.17239827713716158,0.0,0.16584110681925862,0.33677303122576424,0.2794010503837911,0.25830031095875666,0.23102906279246976,0.33238901147709227,0.0,0.16247415242779786,0.21720964164688059,0.3323302723673826,0.3035529734886517,0.3056717234603201,0.300878568169113,0.324316626831776
0.20620517811863476,0.2635039330672415,0.3187919468756518,0.18404913329562808,0.23712753261432284,0.2766795111907606,0.0,0.2821185388637911,0.26159081925189004,0.25044766174327404,0.31385258659149706,0.2500381243192329,0.23486795311527478,0.24201134784151565,0.0,0.2948819296525525,0.0,0.24993059684692867,0.3162710626660923,0.29706015031111843,0.2518757802596248,0.30955664304472796,0.2689176733575428,0.0,0.2208749126815921,0.239296394231722,0.28557667724977337,0.2718633380717209,0.28865427002786237,0.26759888102210105,0.28360627002353256,0.28129070457758576,0.2581305715928344,0.2797979282711667,0.28353658695040007,0.23046372085438244,0.21734816284936345,0.2564458102172483,0.184267476891375,0.0,0.1751554859575344,0.0,0.23606832162952388,0.0,0.0,0.0,0.22567822899652407,0.2890919769106736,0.0,0.0,0.2752297996016744,0.0,0.281464577975395,0.2636402660070232,0.0,0.26217393456679317,0.0,0.23899119207881564,0.0,0.0,0.0,0.0,0.0,0.0,0.0,0.0,0.2228741194581146,0.33209569593757443,0.0,0.20348870898930838,0.20910476602496772,0.31307909893353875,0.2349040088165997,0.23787781133917194,0.0,0.19636095199388168
0.3225546573679324,0.27306104812821186,0.30535518433958925,0.15844131186791938,0.28003428355647497,0.24666882539046447,0.2821185388637911,0.0,0.31249450183511757,0.28599110476549583,0.19814016085403635,0.27835713237042387,0.27476109983610697,0.18918434565854222,0.0,0.28661034544037517,0.0,0.2797497930396587,0.2641326401660888,0.23761591774731056,0.2684295377694771,0.27749222670334167,0.2321023470547297,0.328019585752488,0.2910852836704044,0.3019778388666113,0.28338936241159574,0.2854653181332081,0.26233916952952124,0.2689967535635752,0.29425920005779926,0.22859919827204325,0.0,0.30012365775751165,0.3130126091581391,0.19631384413204378,0.23348484292579594,0.0,0.3097815767274627,0.0,0.3214226913802817,0.31287924312805293,0.29486190211157337,0.24447022564358017,0.0,0.0,0.0,0.34637940344489265,0.0,0.32487379328142446,0.2963321282264164,0.30639878897104383,0.24773299928863543,0.33699395995401416,0.0,0.31840755408033994,0.0,0.30203447063871003,0.0,0.0,0.0,0.0,0.0,0.3326688002932235,0.3341609898390537,0.32970551314149227,0.0,0.32434727885677384,0.0,0.0,0.0,0.3392408090820642,0.29999381604228526,0.30095659255101814,0.0,0.30859713411899975
0.0,0.19124760165211568,0.22819828374074233,0.28623698492349575,0.24420859376165374,0.2303710254493551,0.26159081925189004,0.31249450183511757,0.0,0.3322820975757258,0.23413773977736838,0.28426407417031474,0.2933292309606181,0.2738040541352141,0.16829067068191267,0.24219622281253572,0.0,0.20466150021153387,0.19753578810598676,0.26802449841963266,0.19840750069292318,0.2669951420589228,0.2610219227683969,0.26688930159395136,0.13439924605251383,0.16122061810657343,0.2643035993470513,0.3180524238479806,0.2818809320066285,0.2964033508013214,0.3266947871098625,0.30244310411051784,0.27573244669544156,0.3279454181490644,0.35058384603123494,0.28393377316509805,0.3244737248065139,0.3053903504856495,0.2862360233083014,0.0,0.21767493550652925,0.20984330992481617,0.3334195027420579,0.21716929406892205,0.0,0.0,0.0,0.36217516309623393,0.0,0.0,0.35010163593000115,0.3119183218100583,0.35976776798885635,0.3218127216939217,0.0,0.34749447791718824,0.0,0.29550262088697904,0.0,0.0,0.0,0.0,0.0,0.3453357299097369,0.0,0.0,0.2000962023465503,0.3610631578685759,0.0,0.0,0.19460854382162046,0.36388591603238046,0.2781002771945791,0.2512052393571133,0.0,0.248225397661575
0.2606440541046056,0.14047891280600122,0.29099179043638684,0.0,0.2997599947275589,0.28807926941419043,0.25044766174327404,0.28599110476549583,0.3322820975757258,0.0,0.3143815674273552,0.1904856613732805,0.26394504267932395,0.0,0.0,0.23300200889843958,0.20498253836386926,0.2190972721956217,0.3009197776319138,0.212059646499349,0.299607523992635,0.1860123338762674,0.2787871232975701,0.18624103845744627,0.22170003861815252,0.22316100879878906,0.28073485851621527,0.2579907900629165,0.23724843343143634,0.0,0.22218334900675848,0.20462467329414388,0.2046106041569105,0.21196593435080655,0.21010726215156922,0.25296268967245084,0.20111576084613839,0.17992240485835317,0.24748202309448078,0.233528212357156,0.2299281780082342,0.21694575309671896,0.2584904979616343,0.0,0.23015343444612454,0.0,0.2035031896313365,0.0,0.0,0.0,0.0,0.0,0.0,0.0,0.28988936284128924,0.0,0.2834923885192064,0.24226960607993014,0.0,0.0,0.22658083682476102,0.26856829283886885,0.2525741346530379,0.0,0.0,0.0,0.0,0.24383656040123255,0.2632327241753027,0.29185013387218256,0.3004490676366697,0.0,0.25585634107303734,0.0,0.0,0.256897675579729
0.0,0.0,0.2520807883143686,0.25021935225420544,0.23887607411498282,0.2713172864187248,0.31385258659149706,0.19814016085403635,0.23413773977736838,0.3143815674273552,0.0,0.27905990603048936,0.32510173775192364,0.21576653489464914,0.0,0.0,0.2462733301361787,0.0,0.19107257446559867,0.0,0.0,0.0,0.24157450271873512,0.27058997631277937,0.2525063637988363,0.0,0.2730353355641435,0.31421575272689833,0.2657631351133521,0.0,0.3266227694171219,0.25795426150823625,0.2701498523895841,0.3214475523651171,0.31552887373460425,0.22838679299043593,0.2963012564344254,0.28608330465740134,0.26497631784409176,0.0,0.22741279249082322,0.0,0.28101784267333957,0.0,0.0,0.0,0.0,0.3172987775057213,0.0,0.26341182393735274,0.31908098582519767,0.2752318265843391,0.2711869681283938,0.3267778515402777,0.0,0.16626963486192745,0.0,0.26968569579698415,0.2604162704208493,0.0,0.0,0.0,0.0,0.16381091497137557,0.0,0.0,0.0,0.3377515346962099,0.0,0.0,0.0,0.3504622479528064,0.24292784537963172,0.0,0.0,0.2324370189230804
0.25679465614223773,0.1548703911014713,0.23990670740831174,0.0,0.27321063880306756,0.24091473736443625,0.2500381243192329,0.27835713237042387,0.28426407417031474,0.1904856613732805,0.27905990603048936,0.0,0.22300815037504265,0.0,0.0,0.18391218680313523,0.22148569760393186,0.22312489782891942,0.25741847613562935,0.0,0.2715170516134235,0.1698921991888321,0.24182857235391353,0.188279486273434,0.23404592470181687,0.21268750505738954,0.23978694847199575,0.23762044587319744,0.23494950260866931,0.0,0.21921697888310912,0.1857073593464798,0.2024537301058808,0.16524076069285396,0.2060480769003207,0.22879062618758117,0.194078789332633,0.14803808010313743,0.2551981328194286,0.2487252509783576,0.2283195741620469,0.0,0.0,0.0,0.24351909206408362,0.2594154088807635,0.2051183322659114,0.0,0.0,0.0,0.0,0.0,0.0,0.0,0.30745983565358753,0.0,0.3012352237915985,0.2414640929674024,0.0,0.0,0.23270738677094518,0.28573113959027263,0.2770190370554066,0.0,0.0,0.0,0.0,0.0,0.28658949333770833,0.3102473486815137,0.31484450647410106,0.0,0.2718660039252225,0.0,0.0,0.2731879974392579
0.235086656540617,0.2796422473559283,0.3276292010910837,0.20827618570210593,0.2983109362228217,0.26122499645941205,0.23486795311527478,0.27476109983610697,0.2933292309606181,0.26394504267932395,0.32510173775192364,0.22300815037504265,0.0,0.2801161712349857,0.0,0.3072331175598034,0.24349394244697178,0.2539205297682059,0.32244639204127185,0.29070776580806695,0.27396299470737695,0.30943014366101673,0.26588509552575323,0.19321795991517135,0.25556470364387623,0.26843236290898725,0.2931711873588186,0.24707326818994438,0.2757456907736384,0.2803604365841024,0.2773459211926973,0.2855547237753535,0.27229380844754963,0.27890907607043486,0.28969260014917886,0.2672690615059051,0.24572015547548287,0.25033573120523844,0.2711653713730969,0.0,0.2035253567620835,0.20463709031248634,0.27710427401345067,0.0,0.0,0.0,0.20610840826158636,0.29411309303880234,0.0,0.23618886256290847,0.2736275121532806,0.24522594791326283,0.3259595441142361,0.24019916620842086,0.27237007811860214,0.285321240299897,0.26259664196422994,0.2467985975471074,0.0,0.2376373349392789,0.18710444948516236,0.0,0.0,0.27834673104864843,0.2735181152161809,0.2592647789879355,0.211073762194285,0.33599336366692356,0.0,0.19730740779487763,0.2329355243871898,0.32556451867596986,0.2708329098719341,0.27393822484011454,0.0,0.22177773825820024
0.0,0.0,0.2879600240558013,0.2347270751067244,0.21144491000452853,0.2702933501938938,0.24201134784151565,0.18918434565854222,0.2738040541352141,0.0,0.21576653489464914,0.0,0.2801161712349857,0.0,0.0,0.0,0.0,0.0,0.2677617707446364,0.0,0.0,0.0,0.23178949802338872,0.0,0.0,0.0,0.28822960334613823,0.21391806638704075,0.0,0.0,0.0,0.2038890413756149,0.0,0.0,0.0,0.17456635503101872,0.15268277852280246,0.0,0.0,0.0,0.0,0.0,0.0,0.0,0.0,0.0,0.0,0.0,0.0,0.0,0.0,0.0,0.0,0.0,0.0,0.27547909644874374,0.0,0.0,0.0,0.0,0.0,0.0,0.0,0.0,0.0,0.0,0.0,0.0,0.0,0.0,0.0,0.0,0.0,0.0,0.0,0.0
0.2396261675934576,0.25345597706930184,0.0,0.0,0.0,0.19392656527456065,0.0,0.0,0.16829067068191267,0.0,0.0,0.0,0.0,0.0,0.0,0.25636041977229573,0.0,0.23996370213818266,0.0,0.23609796629895116,0.2333968611434466,0.23948503719601244,0.25336700787649025,0.25574148053624723,0.23154053453122533,0.2637004093539636,0.23396479926835845,0.0,0.2506087672939191,0.0,0.2560958872480794,0.2541875370747515,0.20718530963272927,0.25923574086424567,0.2813121933728849,0.32747033330196545,0.26645070203845456,0.0,0.30090524748695474,0.2978082117972095,0.28711977708560354,0.31592722374469745,0.0,0.0,0.0,0.0,0.2994006295077857,0.0,0.0,0.0,0.2722246997655266,0.0,0.0,0.0,0.0,0.0,0.0,0.0,0.0,0.30497275957388037,0.2603519994720094,0.0,0.0,0.0,0.30165807359280766,0.27282078467745396,0.31669860514288284,0.3054332305549944,0.0,0.22393108361819763,0.2911031923467615,0.3013257485198085,0.2834571924850038,0.28943589611612874,0.0,0.2685006380933971
0.23333335403226105,0.2348621698744911,0.0,0.0,0.2628400061805906,0.2722546377269517,0.2948819296525525,0.28661034544037517,0.24219622281253572,0.23300200889843958,0.0,0.18391218680313523,0.3072331175598034,0.0,0.25636041977229573,0.0,0.2343300027052472,0.2262476067428127,0.0,0.28571089121902005,0.25764044736580627,0.2719075560083251,0.27483630658784614,0.2265527983302061,0.21224128453477079,0.2366054556832068,0.27375410643490933,0.30820231651592245,0.30055575889111324,0.2867545386542203,0.24263209170425779,0.2835816742086105,0.2628664913203666,0.2582380534657207,0.2817052709521393,0.0,0.0,0.10583418242659459,0.28252370395109566,0.25974817035495995,0.26804238363781685,0.2799480551008611,0.0,0.0,0.0,0.2745504389161013,0.2852947675968888,0.0,0.0,0.0,0.1969557826026006,0.0,0.0,0.0,0.19280998769587618,0.0,0.20503558089411,0.20005031693064632,0.0,0.29230082149416453,0.27238648772310836,0.0,0.26658617064456985,0.0,0.2782541957592997,0.25919585158722813,0.2823207691133804,0.23219399635857577,0.0,0.2620945752386687,0.27924884198532235,0.24928154146602594,0.0,0.254042643918242,0.0,0.2579359165543853
0.0,0.1761692043040371,0.0,0.0,0.0,0.0,0.0,0.0,0.0,0.20498253836386926,0.2462733301361787,0.22148569760393186,0.24349394244697178,0.0,0.0,0.2343300027052472,0.0,0.19622220866823606,0.0,0.22696720417146835,0.0,0.2369788179385337,0.0,0.22490877660479675,0.1850994376798758,0.21773167182997705,0.0,0.24877292619116076,0.0,0.0,0.22871392203288915,0.26432279089028876,0.22558383317621172,0.2386583915117002,0.2517208637961338,0.0,0.0,0.20600230259576974,0.0,0.24401499078145644,0.24048823679411724,0.0,0.0,0.0,0.16840849780293937,0.0,0.0,0.0,0.0,0.0,0.0,0.0,0.0,0.0,0.2753469873501676,0.0,0.24690407710449938,0.0,0.0,0.0,0.24818800083874543,0.26106208569466754,0.26099072163825615,0.0,0.0,0.0,0.0,0.0,0.26917777520718655,0.2878379248492348,0.29829518563124097,0.0,0.0,0.0,0.0,0.23184450233038906
0.22512864592370627,0.20293175708962383,0.0,0.0,0.0,0.2026674291351411,0.24993059684692867,0.2797497930396587,0.20466150021153387,0.2190972721956217,0.0,0.22312489782891942,0.2539205297682059,0.0,0.23996370213818266,0.2262476067428127,0.19622220866823606,0.0,0.0,0.2469567518098499,0.24807665961247657,0.24076625019502654,0.2598982989823042,0.21657162822482393,0.2118719129400684,0.21752625652495028,0.21706539154223325,0.2607199844613724,0.26816649940325643,0.24407370616782806,0.23766417266140524,0.25898410453191223,0.2249162675274515,0.24751386956873872,0.2607437514580958,0.0,0.0,0.1717053498804406,0.2749582308170086,0.2501223252672165,0.2609159526551026,0.2672922069217975,0.0,0.0,0.16044351341308608,0.25282339307982904,0.26223532433551777,0.0,0.0,0.0,0.19114114108329378,0.0,0.0,0.0,0.24108563988794132,0.0,0.24219648503564048,0.0,0.0,0.0,0.2599944456456522,0.25939778115131357,0.2542475700042379,0.0,0.1950587720994338,0.21033814153881122,0.24768029535829636,0.18852262417486332,0.2461649880481218,0.2575361749899363,0.2605026757165263,0.0,0.0,0.19925062976645236,0.0,0.2574346119536731
0.0,0.0,0.19795985633572377,0.28642769146557784,0.2574265764172654,0.2599746592050791,0.3162710626660923,0.2641326401660888,0.19753578810598676,0.3009197776319138,0.19107257446559867,0.25741847613562935,0.32244639204127185,0.2677617707446364,0.0,0.0,0.0,0.0,0.0,0.0,0.0,0.0,0.23317264305838029,0.22810091349457984,0.0,0.0,0.2574424056214721,0.312344366896381,0.0,0.0,0.32461544811909704,0.2804636304599706,0.2663111346883511,0.32358652862185583,0.3209834463703266,0.27117971421198445,0.3021845069113316,0.26906661697000794,0.30264193487440694,0.0,0.22946908915647324,0.0,0.30266914183729365,0.24946922394119833,0.0,0.0,0.0,0.3671490041255651,0.0,0.3207099815354298,0.33635287299705857,0.30457405405633753,0.3565202440471622,0.3409458607718927,0.0,0.14859122477339096,0.0,0.26988891244714813,0.32907770383751295,0.0,0.0,0.0,0.0,0.33293826464303383,0.0,0.0,0.0,0.35043383553322754,0.0,0.0,0.0,0.3566678376366541,0.24537571492947782,0.2776885542695449,0.0,0.2789793450109809
0.2728833935010747,0.28790595563542226,0.0,0.31946151037256515,0.2779478124011767,0.27426348848650567,0.29706015031111843,0.23761591774731056,0.26802449841963266,0.212059646499349,0.0,0.0,0.29070776580806695,0.0,0.23609796629895116,0.28571089121902005,0.22696720417146835,0.2469567518098499,0.0,0.0,0.25197728985000417,0.2582979839458145,0.20571785248385738,0.2371733479436407,0.23664869452114048,0.2568367436450556,0.24216054750684174,0.2701216909468831,0.22928230908768996,0.22826236293210522,0.24398141916265526,0.2849181016093598,0.2586046914410947,0.2739967867659282,0.3077000838399074,0.33688760467785156,0.30822318292481693,0.0,0.3060483592201835,0.27988974702815905,0.2669907372495306,0.3211475534358702,0.28299695779672723,0.0,0.0,0.0,0.27310592756563823,0.0,0.0,0.0,0.26608562673912006,0.0,0.30625455074055224,0.0,0.0,0.0,0.0,0.23814574813895317,0.0,0.29593850694334795,0.21381558286403438,0.0,0.19003439122048815,0.0,0.2997284640200088,0.25331703940096506,0.31149835237684087,0.2890086114802811,0.0,0.18017665685421713,0.28841092692124165,0.3003394419403758,0.28244658638639675,0.2502775574721196,0.24265825251711906,0.2872776933561543
0.26654806020554384,0.265681410805394,0.2084850746535469,0.0,0.0,0.20780200054459058,0.2518757802596248,0.2684295377694771,0.19840750069292318,0.299607523992635,0.0,0.2715170516134235,0.27396299470737695,0.0,0.2333968611434466,0.25764044736580627,0.0,0.24807665961247657,0.0,0.25197728985000417,0.0,0.2558506655162995,0.2567388992508729,0.31994744038001927,0.23565406298040534,0.26786206000797214,0.25280550294561077,0.28389433675124576,0.2498807993010992,0.26061670101782297,0.24567955788606083,0.263303737893324,0.22217144985896806,0.2527110504845406,0.2805245464143268,0.30721357558404555,0.0,0.0,0.30264764849012715,0.27551427072541873,0.29664796327039356,0.3277675909265646,0.3301126601649816,0.0,0.0,0.2664397283325039,0.3068740996657126,0.0,0.0,0.0,0.2856252268843428,0.0,0.3076522002173581,0.0,0.0,0.0,0.0,0.2790231691475934,0.0,0.2968532498951943,0.2722204519243612,0.0,0.0,0.0,0.2986143021917506,0.24650034685512812,0.31234476001101014,0.3245560796033348,0.0,0.24280163787107445,0.3052023825725618,0.31484494522804335,0.3080146092600312,0.30029184350731497,0.2961587378884385,0.2888788376885178
0.2391921602216425,0.2648654861924133,0.0,0.318127001817414,0.2932141224985891,0.2739317446386628,0.30955664304472796,0.27749222670334167,0.2669951420589228,0.1860123338762674,0.0,0.1698921991888321,0.30943014366101673,0.0,0.23948503719601244,0.2719075560083251,0.2369788179385337,0.24076625019502654,0.0,0.2582979839458145,0.2558506655162995,0.0,0.27237702051076834,0.2149988849371766,0.22116446775262083,0.26863653362335355,0.2747782904711292,0.30370940404456465,0.27992175742970166,0.2733762547226842,0.25049872193560835,0.2752216793225734,0.24758839785115927,0.26804566563043064,0.29249567704214174,0.3206055539701276,0.29440039869757306,0.0,0.30068686832922636,0.29533947291209006,0.3029451225412614,0.3161255965359963,0.31504848750098713,0.238405720417274,0.0,0.271327195441584,0.3039208360812841,0.0,0.0,0.0,0.24144655085516295,0.0,0.0,0.0,0.0,0.0,0.0,0.1959734653235574,0.0,0.3047804182220375,0.27233316076638514,0.0,0.2194537663158865,0.0,0.29692839953873634,0.2847657798208584,0.31403947690161804,0.3082858334679558,0.0,0.24051959045753943,0.31636816395616707,0.29401045353578614,0.25329058015158057,0.282936313791122,0.0,0.2716664492263102
0.30505101876529345,0.258668657826861,0.2338529193675505,0.2682419824898233,0.25976017523115974,0.23504593248086858,0.2689176733575428,0.2321023470547297,0.2610219227683969,0.2787871232975701,0.24157450271873512,0.24182857235391353,0.26588509552575323,0.23178949802338872,0.25336700787649025,0.27483630658784614,0.0,0.2598982989823042,0.23317264305838029,0.20571785248385738,0.2567388992508729,0.27237702051076834,0.0,0.3064413764499796,0.2548692405254427,0.27490467085847164,0.2283551479730225,0.2659200290069778,0.25981696385936853,0.25210802622108897,0.2691643862470961,0.25739653882061186,0.22513750879483274,0.28338177421355537,0.3028583530180753,0.23907437497130105,0.26997185558243575,0.2254002464824468,0.3292043167542199,0.0,0.3415349043004392,0.3406494041650939,0.3184270743427795,0.283350174703295,0.0,0.3566612743632207,0.2614103719730967,0.35209363829460527,0.0,0.2995588414355455,0.32298000107225955,0.3329254675305859,0.32274700613543417,0.3428083433818976,0.0,0.3395513402347639,0.26857492516741177,0.3311114220065041,0.3054172134644407,0.3074587424623374,0.2147457169703187,0.0,0.0,0.3313420584292576,0.3143236886910345,0.3047866781092083,0.28904504666610986,0.3410195131691532,0.0,0.19724317758554438,0.2674836199539494,0.33783192368912734,0.3310687280703433,0.3196315292944868,0.33081435909692136,0.3333363787157611
0.25236492131413335,0.20291011181350083,0.0,0.0,0.0,0.23880086639642795,0.0,0.328019585752488,0.26688930159395136,0.18624103845744627,0.27058997631277937,0.188279486273434,0.19321795991517135,0.0,0.25574148053624723,0.2265527983302061,0.22490877660479675,0.21657162822482393,0.22810091349457984,0.2371733479436407,0.31994744038001927,0.2149988849371766,0.3064413764499796,0.0,0.21286246321521368,0.2065861294838906,0.2683552911514617,0.25939312714561624,0.2378528999828126,0.0,0.22865569372237435,0.21926186406498188,0.14461101245974156,0.1752738852122313,0.235793965073574,0.23251603201474477,0.25364336499783446,0.13163403744742874,0.0,0.2615916841247987,0.2758114974792697,0.0,0.0,0.0,0.22565322817667488,0.2777952546285275,0.29710996548693325,0.0,0.0,0.0,0.0,0.0,0.0,0.0,0.30825997017384066,0.0,0.2945053295550567,0.0,0.0,0.0,0.27235473696163565,0.3068060491625215,0.28335243662126175,0.0,0.0,0.0,0.24892684684280045,0.0,0.29157332044053347,0.2976139694213046,0.29959917344844356,0.0,0.0,0.0,0.0,0.29349289097513775
0.19497197913379263,0.20659749776330788,0.15116405686867324,0.0,0.21097906015680004,0.20906656594053497,0.2208749126815921,0.2910852836704044,0.13439924605251383,0.22170003861815252,0.2525063637988363,0.23404592470181687,0.25556470364387623,0.0,0.23154053453122533,0.21224128453477079,0.1850994376798758,0.2118719129400684,0.0,0.23664869452114048,0.23565406298040534,0.22116446775262083,0.2548692405254427,0.21286246321521368,0.0,0.2118864640901461,0.2310126321483351,0.2565026511834049,0.23489583823600002,0.1983893259138488,0.2177417988044808,0.24046971092799102,0.19800293855276418,0.21571242707705462,0.22896494041662924,0.23585645283303464,0.0,0.19551458989462017,0.2674463705319276,0.24799998117774996,0.25997401748225824,0.27233524223068156,0.0,0.0,0.20449678192252058,0.23860673259842083,0.26673585494614405,0.0,0.0,0.0,0.17721931846827738,0.0,0.22766516743685294,0.0,0.27028931749574076,0.0,0.2711998056978607,0.20425534930849742,0.0,0.25512400346348474,0.25095808281119003,0.27344813815748964,0.2643338661920796,0.0,0.2414019873270805,0.20898473250067387,0.2210275885147937,0.18266110493265517,0.28360542218427454,0.2645400806435519,0.26519286780568657,0.19001850183279176,0.21759570701844475,0.24359048494011715,0.0,0.26674269611471857
0.2296766879499583,0.2590306587699884,0.0,0.0,0.0,0.22951639980077077,0.239296394231722,0.3019778388666113,0.16122061810657343,0.22316100879878906,0.0,0.21268750505738954,0.26843236290898725,0.0,0.2637004093539636,0.2366054556832068,0.21773167182997705,0.21752625652495028,0.0,0.2568367436450556,0.26786206000797214,0.26863653362335355,0.27490467085847164,0.2065861294838906,0.2118864640901461,0.0,0.25726529116714636,0.24880193830835842,0.25496352078754203,0.0,0.23734714077432062,0.2685634683828796,0.2261567735954847,0.2422912880072133,0.26807508479072045,0.30054187308666486,0.0,0.21656427660178787,0.28822088477390456,0.2656015249036682,0.2832232913842871,0.30561487460514614,0.0,0.0,0.24365031279671476,0.2709466389836219,0.3120107329998108,0.0,0.0,0.0,0.23569641294453694,0.0,0.0,0.0,0.2787467447535036,0.0,0.2671750144419785,0.21081941447295163,0.0,0.3045809920687595,0.2819650216063542,0.28407329775450246,0.2723736521255041,0.0,0.2815982943793421,0.30304372688730685,0.318230814827047,0.29867515583638166,0.28573786156090875,0.2751762923621454,0.2902123261879296,0.2899657349101113,0.2458434278404268,0.2597295047859678,0.0,0.27809765772580486
0.2715540150305636,0.25949451812785496,0.2522477703945023,0.28731199300103516,0.27957626891854925,0.24997916337221227,0.28557667724977337,0.28338936241159574,0.2643035993470513,0.28073485851621527,0.2730353355641435,0.23978694847199575,0.2931711873588186,0.28822960334613823,0.23396479926835845,0.27375410643490933,0.0,0.21706539154223325,0.2574424056214721,0.24216054750684174,0.25280550294561077,0.2747782904711292,0.2283551479730225,0.2683552911514617,0.2310126321483351,0.25726529116714636,0.0,0.28750940460694246,0.2658426431481328,0.2550224630025511,0.2598249559795798,0.26979716488259287,0.22725229238994593,0.28306012686024723,0.29951435270444876,0.27747860712927125,0.29430663935779483,0.24455824206391502,0.3218628981255722,0.2998117838660584,0.3224360969825844,0.3195616802945067,0.3445803799707184,0.23810114606198918,0.0,0.0,0.23726069913462677,0.36968858334591803,0.0,0.30657353553436006,0.33524181721546026,0.34032225253363924,0.3295592436283262,0.3598969153106019,0.0,0.35801216060830865,0.0,0.311121690694508,0.34869831880636526,0.29115465042074484,0.20920915314322014,0.0,0.0,0.3542895076922297,0.29213650947807857,0.2834579995133191,0.2322956891036662,0.34101861613256557,0.0,0.17721316028124035,0.2682536924598082,0.3363856112763554,0.30864743748985474,0.2961922819263864,0.3112429752770769,0.31852671087861373
0.2628927318018092,0.27335117684981003,0.3106321745985639,0.21468606057475192,0.2733415629193463,0.2650301569289886,0.2718633380717209,0.2854653181332081,0.3180524238479806,0.2579907900629165,0.31421575272689833,0.23762044587319744,0.24707326818994438,0.21391806638704075,0.0,0.30820231651592245,0.24877292619116076,0.2607199844613724,0.312344366896381,0.2701216909468831,0.28389433675124576,0.30370940404456465,0.2659200290069778,0.25939312714561624,0.2565026511834049,0.24880193830835842,0.28750940460694246,0.0,0.26055786444068796,0.2476325854359283,0.26393478146641913,0.28706108738569597,0.2582364777936659,0.28231787109428197,0.30644486389738196,0.20503037807605404,0.19757725106162968,0.23770850312721062,0.284362835257946,0.0,0.2365283514380784,0.22257108874216394,0.29494734022484004,0.2504378644909141,0.0,0.0,0.20452454564518627,0.2591781084815924,0.0,0.22038489183200533,0.31142214671744806,0.2450876908147274,0.3369997465444009,0.22640814701193038,0.2896037143964527,0.0,0.26568478730331196,0.2638812527552265,0.0,0.2948901273495838,0.19464333552157234,0.0,0.0,0.24625068163747074,0.31519012572999805,0.3132575217776048,0.25474011201996427,0.3402122122680312,0.0,0.21231561266931942,0.24391999496860692,0.3342709168943168,0.3099963317840079,0.30785185283997873,0.2700217748371622,0.263979486936752
0.2744254286097012,0.27120622830248353,0.23336952717461965,0.2871109638330034,0.2667951938203836,0.25458017189200005,0.28865427002786237,0.26233916952952124,0.2818809320066285,0.23724843343143634,0.2657631351133521,0.23494950260866931,0.2757456907736384,0.0,0.2506087672939191,0.30055575889111324,0.0,0.26816649940325643,0.0,0.22928230908768996,0.2498807993010992,0.27992175742970166,0.25981696385936853,0.2378528999828126,0.23489583823600002,0.25496352078754203,0.2658426431481328,0.26055786444068796,0.0,0.24855084047989404,0.250658854128202,0.27700651291756306,0.23073883452878155,0.28033493949813676,0.31135918325113765,0.34355384422004887,0.31354916567874797,0.0,0.3114428937318001,0.25930428678016854,0.29874613016634255,0.30778367431354864,0.29038042876619496,0.23869476004881374,0.0,0.0,0.26369300839523346,0.2723423279024828,0.0,0.0,0.2914385415412659,0.24350898048552272,0.31809918252163644,0.0,0.0,0.0,0.0,0.2844689708350586,0.0,0.2885326361153995,0.2038885954619987,0.0,0.19081320553866413,0.0,0.28240302783901816,0.2860043399978201,0.2874709285252561,0.32483141388304393,0.0,0.17825956788158276,0.25731753169401517,0.3154812643159833,0.3036554548138238,0.2931246173358584,0.2854110547221442,0.28992219512463746
0.0,0.0,0.2663790553560876,0.0,0.0,0.26276601077956685,0.26759888102210105,0.2689967535635752,0.2964033508013214,0.0,0.0,0.0,0.2803604365841024,0.0,0.0,0.2867545386542203,0.0,0.24407370616782806,0.0,0.22826236293210522,0.26061670101782297,0.2733762547226842,0.25210802622108897,0.0,0.1983893259138488,0.0,0.2550224630025511,0.2476325854359283,0.24855084047989404,0.0,0.24176745975697053,0.2815145841805436,0.0,0.2762751000095288,0.31866934141733444,0.32619661453578686,0.25474307697629534,0.0,0.0,0.0,0.0,0.0,0.0,0.0,0.0,0.0,0.0,0.0,0.0,0.0,0.2637618374372998,0.0,0.0,0.0,0.0,0.0,0.0,0.23768815981871938,0.0,0.0,0.0,0.0,0.0,0.0,0.0,0.0,0.0,0.3361714465252905,0.0,0.0,0.0,0.32756878238572956,0.276725349756278,0.2938240549157665,0.0,0.0
0.23215810168176135,0.20962515671680906,0.3228618927944548,0.2304640128626093,0.31802725170708607,0.2749969256703842,0.28360627002353256,0.29425920005779926,0.3266947871098625,0.22218334900675848,0.3266227694171219,0.21921697888310912,0.2773459211926973,0.0,0.2560958872480794,0.24263209170425779,0.22871392203288915,0.23766417266140524,0.32461544811909704,0.24398141916265526,0.24567955788606083,0.25049872193560835,0.2691643862470961,0.22865569372237435,0.2177417988044808,0.23734714077432062,0.2598249559795798,0.26393478146641913,0.250658854128202,0.24176745975697053,0.0,0.2624972806953885,0.2242767323150212,0.22089101447767137,0.2189954483845569,0.3013346537677502,0.0,0.1986378945991058,0.3050535346956585,0.2571083001279059,0.22304245249474064,0.0,0.0,0.0,0.0,0.0,0.28110571816258645,0.28311826983667876,0.0,0.0,0.3233914697300862,0.23196892698545732,0.3462994728183265,0.24352251321924454,0.2817453964795027,0.0,0.2800043172104295,0.23743855112239362,0.0,0.30788361045480356,0.2714447611040859,0.0,0.2714343666132292,0.0,0.30050783434583567,0.25104555227106257,0.28825733737618797,0.34591987357196063,0.2810226529107034,0.27801184533901735,0.28906218135057987,0.34304398771277406,0.2486627221300446,0.2982082679797632,0.0,0.30012971480977807
0.2671677219932912,0.2564100001039041,0.28698571741519296,0.23440770539370911,0.24807466478847773,0.267349470650202,0.28129070457758576,0.22859919827204325,0.30244310411051784,0.20462467329414388,0.25795426150823625,0.1857073593464798,0.2855547237753535,0.2038890413756149,0.2541875370747515,0.2835816742086105,0.26432279089028876,0.25898410453191223,0.2804636304599706,0.2849181016093598,0.263303737893324,0.2752216793225734,0.25739653882061186,0.21926186406498188,0.24046971092799102,0.2685634683828796,0.26979716488259287,0.28706108738569597,0.27700651291756306,0.2815145841805436,0.2624972806953885,0.0,0.25112416005486343,0.2537728961015952,0.2575594041311157,0.20510993950740342,0.2320814794940683,0.18994048738341646,0.21317633630332003,0.21156928450571566,0.2300158877409283,0.22913793420704062,0.20441649149792548,0.19296004301786626,0.18214047967504862,0.26738120295071094,0.29855927441647945,0.3028425571413264,0.0,0.0,0.32370578482704254,0.2571046808785298,0.31984969539260455,0.25170408949548817,0.22085251786333074,0.24971067529729626,0.19821184616931234,0.2533434198377808,0.0,0.3156358676580627,0.2548903892095814,0.0,0.2750932200975996,0.300145806224047,0.3101838232836376,0.29558573700991675,0.31238881515813094,0.33522079068267335,0.0,0.25997951536887554,0.2980938636475685,0.3337809429550576,0.23658934566371556,0.3159759828465824,0.32771515075259217,0.2927646207965629
0.2199264856388649,0.21420475966561942,0.26579934598897337,0.0,0.268453293218179,0.22021699453988186,0.2581305715928344,0.0,0.27573244669544156,0.2046106041569105,0.2701498523895841,0.2024537301058808,0.27229380844754963,0.0,0.20718530963272927,0.2628664913203666,0.22558383317621172,0.2249162675274515,0.2663111346883511,0.2586046914410947,0.22217144985896806,0.24758839785115927,0.22513750879483274,0.14461101245974156,0.19800293855276418,0.2261567735954847,0.22725229238994593,0.2582364777936659,0.23073883452878155,0.0,0.2242767323150212,0.25112416005486343,0.0,0.1706691888910684,0.2570475425600062,0.3071893750390044,0.20395034355526273,0.11491926235541676,0.2489033200175502,0.20443143118013235,0.24325025444713483,0.26513207781936804,0.0,0.2375509969920072,0.1687148706456539,0.26279290369733493,0.27966540805944673,0.0,0.0,0.0,0.0,0.0,0.0,0.0,0.2543389692159117,0.0,0.25482808448494704,0.2280368402802311,0.0,0.30911640892330944,0.2640875103595746,0.28166468488712953,0.24806165006063424,0.0,0.2759554321552458,0.2575450205322722,0.30804255714982837,0.31299433659704184,0.23553305319864412,0.26863571847365725,0.2814149076676232,0.0,0.23002506659612462,0.27211603070515744,0.0,0.23805006596507924
0.21827434239888135,0.21420203336053223,0.32132050280015567,0.2630244984621695,0.3021447610997058,0.28183745548805117,0.2797979282711667,0.30012365775751165,0.3279454181490644,0.21196593435080655,0.3214475523651171,0.16524076069285396,0.27890907607043486,0.0,0.25923574086424567,0.2582380534657207,0.2386583915117002,0.24751386956873872,0.32358652862185583,0.2739967867659282,0.2527110504845406,0.26804566563043064,0.28338177421355537,0.1752738852122313,0.21571242707705462,0.2422912880072133,0.28306012686024723,0.28231787109428197,0.28033493949813676,0.2762751000095288,0.22089101447767137,0.2537728961015952,0.1706691888910684,0.0,0.20959555041099906,0.30224614666881294,0.20767572767593825,0.14837467010388017,0.25294747374728466,0.23241625048319572,0.20986146883979948,0.2328608757870929,0.21406401525535135,0.20791144997347838,0.23856291474121083,0.235327091096062,0.2872359542480149,0.26902246460306367,0.0,0.0,0.3305599541079293,0.19342055422547275,0.3434415253156498,0.2276550431632659,0.2715541352096643,0.20363115948971003,0.2678313810397275,0.18038254860461733,0.17593256117072756,0.3103535439518257,0.2686157338847446,0.0,0.27322150272787493,0.18147403041415586,0.31327998496819365,0.25352612226471044,0.30456537359812247,0.3453359629666589,0.27606498365200477,0.2756787157720068,0.28752827170934686,0.34470420267719526,0.2427270962889113,0.31526378262134686,0.0,0.2154523657569404
0.23819285754691155,0.2199761114060151,0.3212942949710734,0.24394268724802734,0.2855627046416854,0.2936705449742225,0.28353658695040007,0.3130126091581391,0.35058384603123494,0.21010726215156922,0.31552887373460425,0.2060480769003207,0.28969260014917886,0.0,0.2813121933728849,0.2817052709521393,0.2517208637961338,0.2607437514580958,0.3209834463703266,0.3077000838399074,0.2805245464143268,0.29249567704214174,0.3028583530180753,0.235793965073574,0.22896494041662924,0.26807508479072045,0.29951435270444876,0.30644486389738196,0.31135918325113765,0.31866934141733444,0.2189954483845569,0.2575594041311157,0.2570475425600062,0.20959555041099906,0.0,0.2899382547588291,0.22900290544186794,0.18114154890879733,0.23209499093114175,0.21412092512593303,0.2174715958118684,0.24071658571215634,0.2116355277910287,0.20243902627468194,0.0,0.0,0.3047010279998433,0.22996035525177355,0.0,0.2062017460217064,0.2671832316876504,0.1917967198180097,0.0,0.19677308962810294,0.203599487880307,0.23095047349856523,0.224969480674464,0.19750454374754922,0.0,0.32485328458177815,0.26812822089569277,0.0,0.26750154089226913,0.0,0.2978913281642029,0.0,0.3234983552657535,0.316281144934342,0.0,0.2701567349611361,0.3069900091912984,0.3466320826824962,0.20481528198049379,0.29546179674778156,0.2583376561265162,0.1803314152322837
0.0,0.0,0.2852368476493656,0.1591782095162226,0.17480750996395722,0.27440724093066443,0.23046372085438244,0.19631384413204378,0.28393377316509805,0.25296268967245084,0.22838679299043593,0.22879062618758117,0.2672690615059051,0.17456635503101872,0.32747033330196545,0.0,0.0,0.0,0.27117971421198445,0.33688760467785156,0.30721357558404555,0.3206055539701276,0.23907437497130105,0.23251603201474477,0.23585645283303464,0.30054187308666486,0.27747860712927125,0.20503037807605404,0.34355384422004887,0.32619661453578686,0.3013346537677502,0.20510993950740342,0.3071893750390044,0.30224614666881294,0.2899382547588291,0.0,0.18097465975409355,0.2508832051817809,0.1856781975127229,0.19680588624547168,0.21661811001272158,0.24325572193020775,0.21983935429160628,0.1967639862738361,0.0,0.0,0.0,0.3156565331135593,0.0,0.0,0.29688002555362764,0.2915839810735511,0.30903522087657326,0.29792738983890166,0.0,0.26864636855579077,0.0,0.2505758271494976,0.33241597894032454,0.0,0.0,0.0,0.0,0.2714724025331787,0.0,0.0,0.0,0.3244648921602634,0.0,0.0,0.0,0.3150244997044231,0.21978181477636569,0.28026861932229963,0.0,0.27947184401650077
