0.0,0.38925287729548813,0.0,0.0,0.0,0.36796168778479493,0.3018920065280739,0.5367155711696832,0.0,0.38498049949350954,0.0,0.36844875404338234,0.34893960651682715,0.5115666271012133,0.36882920775946487,0.3688040345131436,0.37018363054433606,0.3628570347457274,0.0,0.4085007612699566,0.41672148259007913,0.38622487891693247,0.4646942584420178,0.37011951831536194,0.37805220616020874,0.3725978034878949,0.4180126359863272,0.4007223247465727,0.4539977478024941,0.3925944770933032,0.36267950313199315,0.4124281861951365,0.2878743667229846,0.36463785400172083,0.4088737424174269,0.4654028722181629,0.0,0.3562870277086532,0.4376172704722066,0.4160666162639498,0.41181586770145906,0.45891226609742264,0.0,0.0,0.49227860433372134,0.3950120065070767,0.4434109555910702,0.0,0.0,0.0,0.0,0.0,0.0,0.0,0.4099051428106141,0.0,0.43331202196334345,0.0,0.0,0.0,0.4400642511900627,0.0,0.4239500475057992,0.0,0.0,0.4618124073208497,0.4391833603167056,0.0,0.0,0.4362579292133779,0.4556174135399353,0.0,0.0,0.0,0.0,0.3872190049131427
0.38925287729548813,0.0,0.3198012283762553,0.0,0.3675954691851322,0.3774884134945697,0.389412603038299,0.5029371241639772,0.34281909654300335,0.2920971177221956,0.0,0.26812593069887203,0.4012115094298261,0.0,0.39253882630608017,0.38425068233726833,0.35466768091943673,0.377469812203913,0.0,0.4017531555866605,0.3792379330256749,0.39363719079347015,0.40206378162046386,0.0,0.375555380830256,0.38515248853844497,0.38828061770326827,0.38565537484179074,0.38737388066462825,0.0,0.3610649379204481,0.4113251744801471,0.32116727345737517,0.36912308710036235,0.4046918579755856,0.0,0.0,0.0,0.4410743249608309,0.43011814977265755,0.4292444835301811,0.4601382842253502,0.0,0.0,0.0,0.42197862479162634,0.44576191561191447,0.0,0.0,0.0,0.362390759696561,0.0,0.0,0.0,0.3389645792935312,0.0,0.0,0.0,0.0,0.4207009962683676,0.43897071907191887,0.0,0.4147305515833919,0.0,0.4258544734201292,0.4488571013757526,0.441560494873814,0.40122779672597697,0.0,0.42923361925631526,0.45622162295293084,0.4319338243720994,0.0,0.40577505249230383,0.0,0.42371842886154154
0.0,0.3198012283762553,0.0,0.38223465229176423,0.3613709627653334,0.4078363867144764,0.37170463599520426,0.41845768182776,0.33121000458814714,0.3446493663419833,0.3378769706967218,0.29648701979659847,0.3662218933970155,0.4042108511106145,0.0,0.0,0.0,0.0,0.2812534763307366,0.0,0.0,0.0,0.3065747119393279,0.0,0.2663036762756369,0.2750754964379297,0.35771998115624437,0.3775206179220814,0.3246656134412377,0.3953322035290245,0.38215489271624287,0.39348619994568357,0.0,0.36503027705935287,0.4114641800489652,0.3696432757729958,0.3405415387423832,0.3115824004337513,0.33413760205267595,0.0,0.33947210896249175,0.0,0.47241842368626924,0.0,0.0,0.0,0.0,0.45504775558659893,0.0,0.3266822751904399,0.4933990418825483,0.24717894594161724,0.44061541234270835,0.500273083989192,0.0,0.29817702157154663,0.0,0.37489691549327936,0.4365907977204486,0.0,0.0,0.0,0.0,0.22972076367759856,0.0,0.0,0.0,0.5205714137478938,0.0,0.0,0.0,0.5352005856555264,0.3356841990705008,0.0,0.0,0.4199515968196316
0.0,0.0,0.38223465229176423,0.0,0.20923695755079463,0.0,0.22100185213056783,0.36970795375416465,0.33080226732884555,0.1538117448658686,0.32581806872038926,0.2661443572030833,0.28123172052536977,0.2613178917030399,0.0,0.0,0.0,0.0,0.3354662525182933,0.0,0.0,0.0,0.3835944486269841,0.0,0.0,0.0,0.0,0.2551397669302599,0.0,0.0,0.0,0.28541792711033187,0.0,0.24281083018435293,0.23326923893950824,0.20067035346669485,0.15250331510093781,0.27347771615693484,0.0,0.0,0.0,0.0,0.0,0.0,0.0,0.0,0.0,0.0,0.0,0.0,0.0,0.0,0.0,0.0,0.0,0.3412775442263328,0.0,0.0,0.0,0.0,0.0,0.0,0.0,0.0,0.0,0.0,0.0,0.0,0.0,0.0,0.0,0.0,0.0,0.0,0.0,0.0
0.0,0.3675954691851322,0.3613709627653334,0.20923695755079463,0.0,0.37154492152148455,0.31723894307243705,0.37327983883682103,0.33370676962481477,0.30960264336317994,0.30964156837124945,0.3402206134758314,0.33764271172077076,0.24402714349173557,0.0,0.38415887173898744,0.3467950135481474,0.35217693766240593,0.3507052551313704,0.40547768353058034,0.32400202823030105,0.4164723029885337,0.3584980222589116,0.0,0.36464949902146343,0.3479655715718932,0.38916759080465063,0.3326728983134521,0.3664259735295425,0.0,0.3834651714010291,0.3633992589556126,0.0,0.3877371916278213,0.40683335137619214,0.17234562829429315,0.15580933760321727,0.3249679920436335,0.3776020612511683,0.0,0.0,0.0,0.4273557708018613,0.0,0.0,0.0,0.0,0.4260581857622168,0.0,0.0,0.4015690533945796,0.3544889067851543,0.0,0.0,0.0,0.0,0.0,0.0,0.3590890873303059,0.0,0.0,0.0,0.0,0.0,0.0,0.0,0.0,0.468865407791615,0.0,0.0,0.0,0.4504977932649721,0.3400673468216457,0.3234871510374963,0.0,0.0
0.36796168778479493,0.3774884134945697,0.4078363867144764,0.0,0.37154492152148455,0.0,0.386223640075139,0.3468524228433454,0.34081427591898933,0.33499303368051686,0.3685422648316644,0.33455015718694386,0.3543989901710188,0.3918732911121947,0.37012889238243973,0.37351218067066666,0.2800364237235719,0.3432127450165756,0.372901014607104,0.3717734386405249,0.346170920242851,0.3907781758482637,0.3792351591523019,0.3513677951655558,0.36271204221603254,0.3744243897442244,0.37731510179519656,0.3398916867255213,0.31720893502706643,0.368879516463976,0.37163358721033957,0.39799890405318533,0.31018568149013487,0.3850197547742227,0.4270452203986515,0.41080917734956895,0.3831003108123942,0.3253337474220569,0.4591997382086663,0.0,0.46177243636037596,0.41523522292090703,0.43441214678373163,0.0,0.0,0.0,0.31240682534815273,0.4969398087082132,0.0,0.37143216935165607,0.44242038671691,0.4201539249967429,0.453892929768576,0.49255132699430404,0.0,0.42575820159885386,0.0,0.42554165629146634,0.0,0.3880705205730239,0.27700052132509495,0.0,0.0,0.45303763106013234,0.3871554089756865,0.3596865828283748,0.37737283124132104,0.46730738649778847,0.0,0.2830207859042598,0.37265131858283795,0.4617638340785138,0.43569838339082584,0.43323356406142133,0.43193443608326276,0.4485479597148159
0.3018920065280739,0.389412603038299,0.37170463599520426,0.22100185213056783,0.31723894307243705,0.386223640075139,0.0,0.39109190871979443,0.35066029205902693,0.3552760927339965,0.3719803137521393,0.33542339721340686,0.329435227861927,0.3729239576723391,0.0,0.3873510234529263,0.36896544957171595,0.3675627225742011,0.37508833850682494,0.39680459230057713,0.35616913375694026,0.41698620159100047,0.3685063169473049,0.0,0.3783424295146729,0.38778966587255714,0.3882588489733758,0.3439736225794814,0.37768131116839004,0.0,0.38642151586595586,0.37057171422843327,0.37318095897859077,0.3817724068702407,0.3974608555038217,0.24167398687873076,0.22032755967481324,0.3446269632886936,0.348305730050673,0.0,0.0,0.0,0.3928262365616625,0.0,0.0,0.0,0.0,0.44474535592204517,0.0,0.0,0.3679665031205834,0.3431915145973925,0.0,0.41351827566401866,0.0,0.3759727634598762,0.0,0.3256280913199521,0.0,0.0,0.0,0.0,0.0,0.394639549967551,0.0,0.0,0.0,0.4708866639992403,0.0,0.0,0.3170068754369717,0.449129222071287,0.32874686943151415,0.3298375219500203,0.0,0.0
0.5367155711696832,0.5029371241639772,0.41845768182776,0.36970795375416465,0.37327983883682103,0.3468524228433454,0.39109190871979443,0.0,0.43137937926486736,0.42162824293714507,0.32675553607349417,0.4515844532104372,0.37949099250698687,0.35943036530825756,0.0,0.46765196842155293,0.0,0.491394714685333,0.39987755491059984,0.36145891195884555,0.3974610764971134,0.0,0.34178965174625653,0.5419608950069286,0.4863132974962191,0.5026074887201814,0.4092134552199477,0.38325261982877407,0.3460530256914324,0.3919879754100637,0.40297863442723686,0.39634107570434224,0.46490158777061474,0.42546382806752636,0.44458261123915327,0.2652689446184075,0.39387714356713804,0.0,0.4516410413241582,0.0,0.46606410484284183,0.0,0.4062616948923078,0.0,0.0,0.0,0.0,0.530387789531676,0.0,0.0,0.41624606583208185,0.0,0.42685803569682346,0.517334378698062,0.0,0.4250651631381468,0.0,0.4115352536316701,0.4734506258650978,0.3994046402341595,0.0,0.0,0.0,0.4925135609396438,0.42681599837292394,0.28797152960284206,0.0,0.4901422352912367,0.0,0.0,0.0,0.5014857282520343,0.4228254923466298,0.41551736766424363,0.0,0.44150752593914
0.0,0.34281909654300335,0.33121000458814714,0.33080226732884555,0.33370676962481477,0.34081427591898933,0.35066029205902693,0.43137937926486736,0.0,0.31067452043008753,0.30858105880479814,0.30234917332542277,0.3245638874486176,0.4197628155955296,0.0,0.34930246064960596,0.30709172356753917,0.2750937913307418,0.30517359229087393,0.3816852135698274,0.2933440060104672,0.3778753570624589,0.37990946105248863,0.3077939721210567,0.29853464736137775,0.30367503440220456,0.38920956142094987,0.37658932307001264,0.32663870785158344,0.3567858295784797,0.38752549473799625,0.38184215620465506,0.3328855353733156,0.37989434259570215,0.372124519154841,0.3658560802045638,0.3364107687788886,0.2678994861218971,0.4279476725103119,0.0,0.0,0.0,0.4754320670080294,0.0,0.0,0.0,0.0,0.5344819243803617,0.0,0.4013728548989435,0.4844394694010466,0.412974975860661,0.5064279713412096,0.4914924140661026,0.0,0.48390560593178317,0.0,0.42268000598679445,0.4866394957944026,0.0,0.0,0.0,0.0,0.49812031774113963,0.0,0.0,0.0,0.5175537837544189,0.0,0.0,0.0,0.5306681982990425,0.3711420043137039,0.3516365414875856,0.0,0.0
0.38498049949350954,0.2920971177221956,0.3446493663419833,0.1538117448658686,0.30960264336317994,0.33499303368051686,0.3552760927339965,0.42162824293714507,0.31067452043008753,0.0,0.34539670238643183,0.2710293760449114,0.3877882815724803,0.0,0.2799112037691128,0.3109753121726008,0.2928101871055044,0.328425796291575,0.34952691043624085,0.3140832392585767,0.46547188310273374,0.3255747990581516,0.4304774032653919,0.31884777295338407,0.3089972051747408,0.3387188011774791,0.35477657047983,0.39043856343146616,0.31759375099130055,0.0,0.3091845963124349,0.3576202111705776,0.32209417916633143,0.3207901369926655,0.3176010185721855,0.2712087329815574,0.2705034869456359,0.259478969533613,0.40642468464698017,0.37973144032806166,0.364899164225031,0.0,0.0,0.0,0.34104390965045517,0.4443557362276942,0.0,0.0,0.0,0.0,0.0,0.0,0.0,0.0,0.4262348687413096,0.0,0.4400092954738308,0.0,0.0,0.0,0.3489635190402904,0.42785903634599254,0.4204147378168586,0.0,0.0,0.42357915899461845,0.0,0.0,0.419236887387093,0.4136252111896354,0.43266802322268133,0.0,0.41809486253937334,0.0,0.0,0.41486256792760523
0.0,0.0,0.3378769706967218,0.32581806872038926,0.30964156837124945,0.3685422648316644,0.3719803137521393,0.32675553607349417,0.30858105880479814,0.34539670238643183,0.0,0.3318743175075708,0.37034871091324373,0.2655361416411249,0.0,0.0,0.3139831774255583,0.3157729235478651,0.2613407504330177,0.0,0.41138592266484786,0.0,0.26235520521940126,0.3348647537948877,0.3263500883246141,0.0,0.37261720366487494,0.37071928189868303,0.29978331183785406,0.0,0.3962615385628308,0.36194598873424727,0.30895705641249693,0.3842825069032997,0.380381728838114,0.291969904737989,0.32546103445423263,0.32026521771194844,0.0,0.0,0.0,0.0,0.403821171769556,0.0,0.0,0.0,0.0,0.430561214261515,0.0,0.3484839764396081,0.3602907440955863,0.3373566298991784,0.42156440315492166,0.4265970347427085,0.0,0.241389433033474,0.0,0.3213921033166315,0.4324425989033768,0.0,0.0,0.0,0.0,0.23093589417111632,0.0,0.0,0.0,0.4424242945460838,0.0,0.0,0.0,0.5017070561661038,0.2809233567842398,0.0,0.0,0.0
0.36844875404338234,0.26812593069887203,0.29648701979659847,0.2661443572030833,0.3402206134758314,0.33455015718694386,0.33542339721340686,0.4515844532104372,0.30234917332542277,0.2710293760449114,0.3318743175075708,0.0,0.3127811351080029,0.0,0.0,0.2807198448642892,0.3070342987691991,0.3259519025845306,0.3043858498904856,0.33957292965685293,0.42029162942747805,0.0,0.4227871376695343,0.26323398751802246,0.33708609282987423,0.28421064565509174,0.3493325504745449,0.3477872321350446,0.3423211750315387,0.0,0.32945408697793294,0.2618573479884545,0.28429129045431367,0.2460647513904405,0.27993228643370077,0.3013546101669619,0.30072734953179103,0.20679224904836246,0.29423964221915255,0.36628491488230136,0.3614726947321507,0.32569722356281466,0.0,0.0,0.33559792475360345,0.4078835888546063,0.0,0.0,0.0,0.0,0.0,0.0,0.0,0.0,0.4177897298142548,0.0,0.4345394526668357,0.0,0.0,0.0,0.0,0.3937636204926897,0.4013342998379887,0.0,0.0,0.3482670390749232,0.0,0.44510838447593104,0.38577954489299887,0.4105623466450397,0.4267450393207928,0.0,0.0,0.0,0.0,0.4086831219823746
0.34893960651682715,0.4012115094298261,0.3662218933970155,0.28123172052536977,0.33764271172077076,0.3543989901710188,0.329435227861927,0.37949099250698687,0.3245638874486176,0.3877882815724803,0.37034871091324373,0.3127811351080029,0.0,0.38497210464256787,0.39176186402856433,0.4114076294044849,0.3700813632464967,0.3687707499135276,0.37642005705093134,0.38916927881863117,0.38208114466596765,0.4127196589356021,0.3737051169505519,0.26516143420624355,0.3973713468031545,0.4020987290095693,0.3840618983873351,0.31568196201024024,0.35539635491735905,0.33107533799668504,0.36961800447287707,0.3679485696274744,0.3542974504973173,0.3805088595080527,0.3807980312342894,0.3141796278968491,0.2824527437128057,0.33278626755031404,0.3491011860133757,0.0,0.409031638956166,0.0,0.2555966125271804,0.0,0.0,0.0,0.2956668637070283,0.44105602042247133,0.0,0.0,0.3170558407290246,0.33729720994516793,0.4100679786040398,0.3687611785998849,0.0,0.3491197616710034,0.0,0.325290484494939,0.0,0.3165047129240748,0.0,0.0,0.0,0.0,0.3804287001525762,0.0,0.3144227973335993,0.4617440202556929,0.0,0.32190104961479965,0.33739369849672823,0.44551659438210595,0.37297888733397244,0.3685576647042125,0.0,0.33902581265376314
0.5115666271012133,0.0,0.4042108511106145,0.2613178917030399,0.24402714349173557,0.3918732911121947,0.3729239576723391,0.35943036530825756,0.4197628155955296,0.0,0.2655361416411249,0.0,0.38497210464256787,0.0,0.0,0.0,0.0,0.0,0.3765316982578998,0.0,0.43955607274318814,0.0,0.36149085258960767,0.44788590543847506,0.0,0.453704388100933,0.41681174203494537,0.37501657764839386,0.3519760597326752,0.0,0.0,0.33099585704576345,0.0,0.3943512475255368,0.0,0.19652823579454373,0.1499023260891895,0.0,0.0,0.0,0.0,0.0,0.0,0.0,0.0,0.0,0.0,0.464982155217889,0.0,0.0,0.3498276813652503,0.0,0.0,0.46728605948224855,0.0,0.39699690560379064,0.0,0.0,0.0,0.0,0.0,0.0,0.0,0.3880776945169072,0.0,0.0,0.0,0.4618547678568548,0.0,0.0,0.0,0.48899298887765646,0.0,0.0,0.0,0.0
0.36882920775946487,0.39253882630608017,0.0,0.0,0.0,0.37012889238243973,0.0,0.0,0.0,0.2799112037691128,0.0,0.0,0.39176186402856433,0.0,0.0,0.4089996290078918,0.31342227101953946,0.39263374236530646,0.0,0.337766461835529,0.36539790879182815,0.37342667614142444,0.3383290913700824,0.36082466387277284,0.37582215511353345,0.4183490524136214,0.3959213418278243,0.38411139629667596,0.36617018745613544,0.0,0.38891709083797743,0.43025076344592783,0.3521506831561971,0.39945485886878834,0.45350895377862427,0.0,0.0,0.0,0.47386894123735734,0.45337706115590787,0.4516480767278713,0.4883953927495863,0.4846182813935377,0.0,0.0,0.0,0.4661977735521907,0.0,0.0,0.0,0.4251227811565328,0.0,0.0,0.0,0.0,0.0,0.0,0.35809928242326156,0.0,0.4297442427563998,0.4325876088521047,0.0,0.3242558302662952,0.0,0.449198227940181,0.4754449779915105,0.47863907750685647,0.4629437170551789,0.0,0.35717897321292835,0.5304339834696606,0.46644988436724927,0.0,0.4175204317776046,0.0,0.43449681660942235
0.3688040345131436,0.38425068233726833,0.0,0.0,0.38415887173898744,0.37351218067066666,0.3873510234529263,0.46765196842155293,0.34930246064960596,0.3109753121726008,0.0,0.2807198448642892,0.4114076294044849,0.0,0.4089996290078918,0.0,0.29235251155721714,0.31378771516775505,0.0,0.40236862089500275,0.39596263268689996,0.3816962372197778,0.4004196891531437,0.3326346196971252,0.37198452692250294,0.3895418830526443,0.39687073702491776,0.3742609659151367,0.40825684022507613,0.336756263864131,0.3321607653001754,0.41686340739202105,0.3630791069964984,0.3664084599568473,0.4090684147715569,0.0,0.0,0.0,0.43245499035937734,0.4107720706747962,0.41536775698457457,0.44679244455004596,0.0,0.0,0.0,0.4146748235722424,0.4337489136956721,0.0,0.0,0.0,0.31010262497680885,0.0,0.0,0.0,0.30288255920456775,0.0,0.3329522294319802,0.0,0.0,0.4415660824479761,0.4307172939961574,0.0,0.4040563262813008,0.0,0.4071883332629464,0.43159068726055466,0.4330862917750035,0.35176479466675953,0.39132581544616046,0.41720605780012615,0.4414806774282886,0.3785191707977108,0.0,0.35433289985410915,0.0,0.4116311314521555
0.37018363054433606,0.35466768091943673,0.0,0.0,0.3467950135481474,0.2800364237235719,0.36896544957171595,0.0,0.30709172356753917,0.2928101871055044,0.3139831774255583,0.3070342987691991,0.3700813632464967,0.0,0.31342227101953946,0.29235251155721714,0.0,0.2834742633212855,0.0,0.3537898574559595,0.0,0.3549661428410056,0.37753813294169913,0.322351847570132,0.32038987048214196,0.3385709701717735,0.30484487395516807,0.37682294416273704,0.3303087811085739,0.0,0.3098004657705408,0.4118455214460515,0.32529082377155494,0.3514129510906126,0.383282038591566,0.0,0.0,0.28954114147547355,0.4100971266976642,0.3894210689935974,0.39080782994156954,0.0,0.0,0.0,0.0,0.0,0.0,0.0,0.0,0.0,0.0,0.0,0.0,0.0,0.42242880814248673,0.0,0.42920477956991865,0.0,0.0,0.0,0.3692479364179461,0.41812433267392446,0.3991437622236171,0.0,0.0,0.0,0.0,0.0,0.3678005965057419,0.4116422432298955,0.42704024107456234,0.0,0.0,0.0,0.0,0.38016817503131795
0.3628570347457274,0.377469812203913,0.0,0.0,0.35217693766240593,0.3432127450165756,0.3675627225742011,0.491394714685333,0.2750937913307418,0.328425796291575,0.3157729235478651,0.3259519025845306,0.3687707499135276,0.0,0.39263374236530646,0.31378771516775505,0.2834742633212855,0.0,0.330007568033974,0.3937783369763592,0.421846968313152,0.38357814861767314,0.4371823543062644,0.3202194657405904,0.3420178683352233,0.36000459564578263,0.37604829816696284,0.37237549634900957,0.3953295780919262,0.0,0.3369409478030808,0.4126856685965104,0.3346861997729924,0.36674044202537337,0.38527251558876363,0.0,0.0,0.0,0.4205217306407214,0.38700738011138947,0.4047550408174352,0.4226484989508617,0.0,0.0,0.0,0.406062245403145,0.42035917532325767,0.0,0.0,0.0,0.2995668759362144,0.0,0.0,0.0,0.38786780237736534,0.0,0.40147544016051356,0.0,0.0,0.369417218303642,0.40971421163665683,0.3944308957768689,0.39353009887087653,0.0,0.3257247039182621,0.3704418248277509,0.3972175895040035,0.0,0.3437403411590009,0.3990589352285138,0.41681855784521543,0.33633063664642393,0.3021332473198846,0.3057937607491413,0.0,0.4004026969714571
0.0,0.0,0.2812534763307366,0.3354662525182933,0.3507052551313704,0.372901014607104,0.37508833850682494,0.39987755491059984,0.30517359229087393,0.34952691043624085,0.2613407504330177,0.3043858498904856,0.37642005705093134,0.3765316982578998,0.0,0.0,0.0,0.330007568033974,0.0,0.0,0.0,0.0,0.2813734629813875,0.0,0.28509412634462294,0.0,0.3644961083883487,0.3881492105792169,0.2662297203879645,0.0,0.3679287866028164,0.38251090213352656,0.0,0.3389124296869079,0.38834222071641356,0.3490282664961005,0.3406416782492682,0.3216193694441208,0.0,0.0,0.0,0.0,0.5021496327267568,0.0,0.0,0.0,0.0,0.540846144208694,0.0,0.4109367260308746,0.46674450981847615,0.0,0.526724856363215,0.5223655819307141,0.0,0.20319652282780218,0.0,0.3974609229688163,0.473624094497061,0.0,0.0,0.0,0.0,0.47400059730719396,0.0,0.0,0.0,0.5129897939709082,0.0,0.0,0.0,0.5114257740452163,0.3395881804379104,0.0,0.0,0.0
0.4085007612699566,0.4017531555866605,0.0,0.0,0.40547768353058034,0.3717734386405249,0.39680459230057713,0.36145891195884555,0.3816852135698274,0.3140832392585767,0.0,0.33957292965685293,0.38916927881863117,0.0,0.337766461835529,0.40236862089500275,0.3537898574559595,0.3937783369763592,0.0,0.0,0.40033687410539226,0.37745388441928746,0.25132139870236664,0.3630210036728947,0.39202859152347386,0.41423491018597447,0.33166172037175073,0.3573866590719153,0.3332886443104393,0.30925804391754963,0.3568688572363886,0.4417331980616623,0.3611282484036884,0.3935491301714975,0.45108465935360564,0.4658225473145288,0.0,0.0,0.4636869262221959,0.4112370540882593,0.43564877335523366,0.478639362308525,0.0,0.0,0.0,0.0,0.4136662721330734,0.0,0.0,0.0,0.40026573926083164,0.0,0.0,0.0,0.0,0.0,0.0,0.33641942807018105,0.0,0.4554940498985077,0.329456564973482,0.0,0.3013436351873642,0.0,0.43672178810361534,0.4260883109084566,0.45690530264831086,0.43052567686877297,0.0,0.30379685458205374,0.4625146681154194,0.44589268118586917,0.4061782502014403,0.3785754510657505,0.0,0.4339473177810413
0.41672148259007913,0.3792379330256749,0.0,0.0,0.32400202823030105,0.346170920242851,0.35616913375694026,0.3974610764971134,0.2933440060104672,0.46547188310273374,0.41138592266484786,0.42029162942747805,0.38208114466596765,0.43955607274318814,0.36539790879182815,0.39596263268689996,0.0,0.421846968313152,0.0,0.40033687410539226,0.0,0.41349378838790407,0.370884308332165,0.4984792884695875,0.43197241736802705,0.4161602755466839,0.39709261175995225,0.3912725417294847,0.3853093394876594,0.4084709363864577,0.3874110836946267,0.4366522692031569,0.37392975314922683,0.3950425090831749,0.4555341870778016,0.0,0.0,0.424798463002985,0.4738607276321907,0.4621943548489164,0.4534445687612301,0.0,0.0,0.0,0.0,0.0,0.46553212905525976,0.0,0.0,0.0,0.3897958961428674,0.0,0.3836800726200582,0.0,0.0,0.0,0.46211199386209767,0.37242999802112564,0.0,0.45501932142256657,0.4434122293602241,0.0,0.3661963174097768,0.0,0.43447691795981214,0.39419286280874405,0.47373420251625104,0.4764770973903121,0.0,0.39262548441920664,0.5036170327717222,0.4538622867101136,0.43710111851987266,0.425755438463052,0.0,0.4299471636910831
0.38622487891693247,0.39363719079347015,0.0,0.0,0.4164723029885337,0.3907781758482637,0.41698620159100047,0.0,0.3778753570624589,0.3255747990581516,0.0,0.0,0.4127196589356021,0.0,0.37342667614142444,0.3816962372197778,0.3549661428410056,0.38357814861767314,0.0,0.37745388441928746,0.41349378838790407,0.0,0.4035360266826584,0.3954933890085715,0.38999363619466143,0.409877984873238,0.41207967003967466,0.39349805356258083,0.38857549670615427,0.3424909929374887,0.3694303644594218,0.44331475931689945,0.3711477560889896,0.3936602673380314,0.45690082974521656,0.0,0.0,0.0,0.45993219449877076,0.43722497445287034,0.4447796488832339,0.47477360729942103,0.45653798375900695,0.0,0.0,0.44121458795778207,0.44899004780674134,0.0,0.0,0.0,0.3655597862722147,0.0,0.0,0.0,0.0,0.0,0.0,0.0,0.0,0.4688825777531434,0.44279161671884865,0.0,0.3708638475553919,0.0,0.4469060233656118,0.4591690112294428,0.4538475716312457,0.45574123918356035,0.0,0.40071623773915976,0.4818630667315607,0.44370849586157135,0.0,0.41335888185727904,0.0,0.42958199920127466
0.4646942584420178,0.40206378162046386,0.3065747119393279,0.3835944486269841,0.3584980222589116,0.3792351591523019,0.3685063169473049,0.34178965174625653,0.37990946105248863,0.4304774032653919,0.26235520521940126,0.4227871376695343,0.3737051169505519,0.36149085258960767,0.3383290913700824,0.4004196891531437,0.37753813294169913,0.4371823543062644,0.2813734629813875,0.25132139870236664,0.370884308332165,0.4035360266826584,0.0,0.5149366260833245,0.40187969605390916,0.4390238699441233,0.36346632378901794,0.38089228878579384,0.3548415405971355,0.39204801702740893,0.3846176528505836,0.40550758059685277,0.366561329130491,0.40891507202579624,0.4344552746270458,0.31614296322755536,0.372993750563316,0.3951878976233286,0.4743011074667059,0.0,0.4781030557795308,0.4846297239262235,0.45561049907047413,0.0,0.0,0.0,0.3872283852849118,0.4924585615378776,0.0,0.4149599639448176,0.4658926868314973,0.47293451000772707,0.4839587889865923,0.5257008711666679,0.0,0.29489039641584247,0.0,0.4692453490767987,0.48602151738578786,0.44486282069961447,0.34728078442588833,0.0,0.32836352996744317,0.34704195968430657,0.44476263585194187,0.42098611846290634,0.42731413570220134,0.4983015236097003,0.0,0.3268906452566928,0.43360758134257754,0.48992822570678124,0.4718952585197162,0.4513741982704109,0.47861556114945925,0.4715732602366685
0.37011951831536194,0.0,0.0,0.0,0.0,0.3513677951655558,0.0,0.5419608950069286,0.3077939721210567,0.31884777295338407,0.3348647537948877,0.26323398751802246,0.26516143420624355,0.44788590543847506,0.36082466387277284,0.3326346196971252,0.322351847570132,0.3202194657405904,0.0,0.3630210036728947,0.4984792884695875,0.3954933890085715,0.5149366260833245,0.0,0.3351934254239984,0.31924803067529123,0.41669401974520753,0.36378196236086924,0.38852291971456243,0.0,0.3524594430430661,0.27232717695195646,0.24070501386865456,0.254789526034024,0.2919782701657736,0.48922981684650874,0.32169071384593784,0.24742532646151308,0.0,0.33316971437253146,0.29078873569644476,0.31112604593826887,0.4015600868366948,0.0,0.29922954987345146,0.459077361688048,0.4362734330171661,0.0,0.0,0.0,0.0,0.0,0.0,0.0,0.4015136412308529,0.0,0.42148028876863564,0.36094175472532924,0.0,0.0,0.41289588246046754,0.41708378862105666,0.42107474332469663,0.0,0.0,0.0,0.0,0.0,0.3727740455676401,0.42456775586293927,0.44406461979000544,0.0,0.0,0.0,0.0,0.0
0.37805220616020874,0.375555380830256,0.2663036762756369,0.0,0.36464949902146343,0.36271204221603254,0.3783424295146729,0.4863132974962191,0.29853464736137775,0.3089972051747408,0.3263500883246141,0.33708609282987423,0.3973713468031545,0.0,0.37582215511353345,0.37198452692250294,0.32038987048214196,0.3420178683352233,0.28509412634462294,0.39202859152347386,0.43197241736802705,0.38999363619466143,0.40187969605390916,0.3351934254239984,0.0,0.3543215698684195,0.37013578601212477,0.3897711739665061,0.38047680600259154,0.0,0.3487081331267541,0.39762514508083874,0.31317703093690585,0.35004469428443163,0.3748588155119321,0.0,0.0,0.2817263676344408,0.42889482560823006,0.3994768989283086,0.41258333049836343,0.4421177122620247,0.0,0.0,0.0,0.41882052523160856,0.434734458955838,0.0,0.0,0.0,0.2926747907815611,0.0,0.0,0.0,0.4172894571184796,0.0,0.43063770136770035,0.3149357193886854,0.0,0.393393948839059,0.4243879385295556,0.41828706637548607,0.4053391892094711,0.0,0.3903298820077441,0.4021635377789712,0.3912376517555848,0.34924079664492064,0.3910553474662023,0.41312204313330037,0.42981464670213604,0.3130981360767331,0.3300150514273561,0.3883616468494324,0.0,0.4125567298844071
0.3725978034878949,0.38515248853844497,0.2750754964379297,0.0,0.3479655715718932,0.3744243897442244,0.38778966587255714,0.5026074887201814,0.30367503440220456,0.3387188011774791,0.0,0.28421064565509174,0.4020987290095693,0.453704388100933,0.4183490524136214,0.3895418830526443,0.3385709701717735,0.36000459564578263,0.0,0.41423491018597447,0.4161602755466839,0.409877984873238,0.4390238699441233,0.31924803067529123,0.3543215698684195,0.0,0.4152199131105326,0.3837155672985505,0.4046784014284944,0.3703210659277823,0.3744519406656028,0.42119799086728804,0.34129119636757427,0.3804447060779871,0.4201595194847617,0.4737882710395939,0.0,0.30382998453866966,0.45016053848814086,0.41336088802139354,0.43394057095180066,0.4506032107673068,0.0,0.0,0.3676877056945581,0.4362170457053468,0.456919027547135,0.0,0.0,0.0,0.3733828489631689,0.0,0.487737739184183,0.0,0.4220237711881998,0.0,0.4344027217762758,0.32610387327293555,0.0,0.48834591129668947,0.4426768674677225,0.430059856699519,0.42145900911774037,0.0,0.4325878145617184,0.489172002184939,0.4649757377809467,0.4519802893871253,0.40623198546297057,0.42677244136217507,0.45231967383257826,0.45199514029335475,0.36632448518698657,0.4130000976021662,0.0,0.4311970524415007
0.4180126359863272,0.38828061770326827,0.35771998115624437,0.0,0.38916759080465063,0.37731510179519656,0.3882588489733758,0.4092134552199477,0.38920956142094987,0.35477657047983,0.37261720366487494,0.3493325504745449,0.3840618983873351,0.41681174203494537,0.3959213418278243,0.39687073702491776,0.30484487395516807,0.37604829816696284,0.3644961083883487,0.33166172037175073,0.39709261175995225,0.41207967003967466,0.36346632378901794,0.41669401974520753,0.37013578601212477,0.4152199131105326,0.0,0.3819429430361902,0.3562665351911891,0.3734212024092798,0.37047005656350257,0.41467520420286963,0.3502839566540328,0.3950083372940456,0.4303130637465304,0.40949566923113356,0.4059296527406917,0.32820225527785235,0.4591179915301988,0.0,0.44742728158327394,0.45913481877440665,0.0,0.0,0.0,0.0,0.356285739505736,0.5375755907444283,0.0,0.42918217295499705,0.4759645060371297,0.45652142024109055,0.48432334532906895,0.523635650514413,0.0,0.48726409192607106,0.0,0.424686512661913,0.0,0.434601909740105,0.2961292955225157,0.0,0.0,0.4904673645355975,0.4148546567864543,0.3911459607884253,0.39861368731782676,0.4965373371538365,0.0,0.28635976456814227,0.43991950755495524,0.49089545301973003,0.4348722287409378,0.42158089801873994,0.43760710104425393,0.44079457566380953
0.4007223247465727,0.38565537484179074,0.3775206179220814,0.2551397669302599,0.3326728983134521,0.3398916867255213,0.3439736225794814,0.38325261982877407,0.37658932307001264,0.39043856343146616,0.37071928189868303,0.3477872321350446,0.31568196201024024,0.37501657764839386,0.38411139629667596,0.3742609659151367,0.37682294416273704,0.37237549634900957,0.3881492105792169,0.3573866590719153,0.3912725417294847,0.39349805356258083,0.38089228878579384,0.36378196236086924,0.3897711739665061,0.3837155672985505,0.3819429430361902,0.0,0.29990627630449185,0.28911382497758803,0.35831291896325856,0.3815585049979227,0.37375294789581576,0.3758745517290997,0.37334419192292195,0.2562890677655998,0.2535835374814805,0.348754291445431,0.4556438566328298,0.0,0.45221861117878986,0.4014703574099115,0.3370092326067939,0.0,0.0,0.0,0.2904140538357762,0.38527952774464747,0.0,0.0,0.4168435458274372,0.3194921126908827,0.44866271106182853,0.33937415926810227,0.0,0.28831365429257594,0.0,0.3433519408721588,0.0,0.404012850699187,0.0,0.0,0.0,0.36650711774995914,0.4278771059700236,0.0,0.3673487835837253,0.46822376067417204,0.0,0.32213203272644214,0.36555707065195764,0.45768073243018714,0.42720777468430227,0.4252947597090821,0.3644320811543461,0.40852024856282204
0.4539977478024941,0.38737388066462825,0.3246656134412377,0.0,0.3664259735295425,0.31720893502706643,0.37768131116839004,0.3460530256914324,0.32663870785158344,0.31759375099130055,0.29978331183785406,0.3423211750315387,0.35539635491735905,0.3519760597326752,0.36617018745613544,0.40825684022507613,0.3303087811085739,0.3953295780919262,0.2662297203879645,0.3332886443104393,0.3853093394876594,0.38857549670615427,0.3548415405971355,0.38852291971456243,0.38047680600259154,0.4046784014284944,0.3562665351911891,0.29990627630449185,0.0,0.3070489817372976,0.3369630590714812,0.4453688953108605,0.365029657617973,0.3741794243713801,0.4314905118495046,0.0,0.0,0.29327720722590994,0.45121702665980934,0.3695697014873265,0.4334204768765921,0.434702647427612,0.0,0.0,0.0,0.0,0.385393413995598,0.4069848546619402,0.0,0.0,0.4032845393744154,0.32695458030141217,0.4372717349955836,0.35195507712500324,0.0,0.0,0.0,0.3831833487154534,0.0,0.4255627416675117,0.3093312440202046,0.0,0.29990645853306613,0.4089063772327746,0.4150023939071899,0.4123678322940275,0.4360388816861012,0.461847840476751,0.0,0.28742816640939417,0.41261126719452695,0.45260258137342635,0.42534175084601217,0.4209209537989183,0.41487297570740683,0.4158143582340487
0.3925944770933032,0.0,0.3953322035290245,0.0,0.0,0.368879516463976,0.0,0.3919879754100637,0.3567858295784797,0.0,0.0,0.0,0.33107533799668504,0.0,0.0,0.336756263864131,0.0,0.0,0.0,0.30925804391754963,0.4084709363864577,0.3424909929374887,0.39204801702740893,0.0,0.0,0.3703210659277823,0.3734212024092798,0.28911382497758803,0.3070489817372976,0.0,0.2943154401208289,0.42340275772016017,0.0,0.32529794023633607,0.3771742129139678,0.42552062437152194,0.0,0.0,0.4628900725638594,0.0,0.0,0.0,0.0,0.0,0.0,0.0,0.0,0.0,0.0,0.0,0.3929458252973174,0.0,0.0,0.0,0.0,0.0,0.0,0.3245867591723004,0.0,0.40464419734805057,0.0,0.0,0.0,0.0,0.0,0.0,0.0,0.47448105164387006,0.0,0.0,0.0,0.4604111837010487,0.3842340072064502,0.41402940711577124,0.0,0.0
0.36267950313199315,0.3610649379204481,0.38215489271624287,0.0,0.3834651714010291,0.37163358721033957,0.38642151586595586,0.40297863442723686,0.38752549473799625,0.3091845963124349,0.3962615385628308,0.32945408697793294,0.36961800447287707,0.0,0.38891709083797743,0.3321607653001754,0.3098004657705408,0.3369409478030808,0.3679287866028164,0.3568688572363886,0.3874110836946267,0.3694303644594218,0.3846176528505836,0.3524594430430661,0.3487081331267541,0.3744519406656028,0.37047005656350257,0.35831291896325856,0.3369630590714812,0.2943154401208289,0.0,0.40084995494638026,0.3490455453412575,0.31099900663256125,0.3278536808049448,0.3937967629280021,0.31025005374974857,0.32096390942582864,0.4459734058573803,0.4052925029522282,0.4279674610219208,0.4538013237550564,0.0,0.0,0.3708293073746704,0.4010518328944786,0.4237507684451622,0.4073569872489827,0.0,0.0,0.4200018683072934,0.3155830151792936,0.46315105420361846,0.3592541900712652,0.4201285989091314,0.0,0.4276481706870777,0.3283308326357997,0.0,0.456830408703777,0.4213558831069596,0.42173367886079843,0.40704763041982645,0.0,0.4395856994393079,0.43560612712928903,0.43407450230103384,0.4775833730449724,0.4104608583621938,0.4149832689629176,0.43917261891132925,0.45912638404026823,0.39833955482076616,0.4058572801513623,0.3884553604812921,0.39692027631087584
0.4124281861951365,0.4113251744801471,0.39348619994568357,0.28541792711033187,0.3633992589556126,0.39799890405318533,0.37057171422843327,0.39634107570434224,0.38184215620465506,0.3576202111705776,0.36194598873424727,0.2618573479884545,0.3679485696274744,0.33099585704576345,0.43025076344592783,0.41686340739202105,0.4118455214460515,0.4126856685965104,0.38251090213352656,0.4417331980616623,0.4366522692031569,0.44331475931689945,0.40550758059685277,0.27232717695195646,0.39762514508083874,0.42119799086728804,0.41467520420286963,0.3815585049979227,0.4453688953108605,0.42340275772016017,0.40084995494638026,0.0,0.3493620297280331,0.3590782626658261,0.3768098438132629,0.22988361065232496,0.31548503763181485,0.252775614077962,0.3632754841591914,0.3886624498077898,0.3993583762248533,0.3623098971303654,0.3098956523325562,0.29524020989164224,0.3038535764741689,0.4370504550732917,0.44964374346342534,0.45280719719648355,0.3070365029166879,0.37764893980368147,0.4596176348209753,0.36988881771984095,0.4606657304073463,0.38130286141334035,0.3706864633318214,0.38033693423784637,0.34164203640117397,0.42955649882795033,0.0,0.482462755542692,0.45340692552390366,0.4117696243053696,0.4282295704410539,0.3714239822335968,0.4622308723949398,0.47795862271318057,0.4683766337135271,0.4830647114859091,0.4317986609887587,0.4396446589665756,0.4634574465004666,0.4755572741730841,0.4651111581952113,0.45547041852855724,0.47054617376393987,0.46845440260291504
0.2878743667229846,0.32116727345737517,0.0,0.0,0.0,0.31018568149013487,0.37318095897859077,0.46490158777061474,0.3328855353733156,0.32209417916633143,0.30895705641249693,0.28429129045431367,0.3542974504973173,0.0,0.3521506831561971,0.3630791069964984,0.32529082377155494,0.3346861997729924,0.0,0.3611282484036884,0.37392975314922683,0.3711477560889896,0.366561329130491,0.24070501386865456,0.31317703093690585,0.34129119636757427,0.3502839566540328,0.37375294789581576,0.365029657617973,0.0,0.3490455453412575,0.3493620297280331,0.0,0.26505974851487346,0.376981709871025,0.26188313381410777,0.2981369078379818,0.19946761651803863,0.4039671678870785,0.33711369602236196,0.38457863386293556,0.4290027685317839,0.0,0.0,0.2781061754079816,0.4327684533960116,0.42867143801260477,0.0,0.0,0.0,0.40490317900239525,0.0,0.0,0.0,0.3890350874647753,0.0,0.3993184441668171,0.0,0.0,0.4591518171755733,0.42124094140724566,0.39603703331197454,0.3995420079531578,0.0,0.4002619468959524,0.4552848232720691,0.44508409858630305,0.5108628926108608,0.3714877572375826,0.4033758914525626,0.42452722659882725,0.4538805131532691,0.0,0.3688726693618836,0.0,0.405465353831571
0.36463785400172083,0.36912308710036235,0.36503027705935287,0.24281083018435293,0.3877371916278213,0.3850197547742227,0.3817724068702407,0.42546382806752636,0.37989434259570215,0.3207901369926655,0.3842825069032997,0.2460647513904405,0.3805088595080527,0.3943512475255368,0.39945485886878834,0.3664084599568473,0.3514129510906126,0.36674044202537337,0.3389124296869079,0.3935491301714975,0.3950425090831749,0.3936602673380314,0.40891507202579624,0.254789526034024,0.35004469428443163,0.3804447060779871,0.3950083372940456,0.3758745517290997,0.3741794243713801,0.32529794023633607,0.31099900663256125,0.3590782626658261,0.26505974851487346,0.0,0.2716471082968696,0.4168929622611026,0.28942031827653125,0.22696930933632586,0.3799528947623158,0.3631501355570634,0.41812291919797945,0.4213618633129501,0.2684508548475399,0.0,0.2799899994283605,0.4195345755937387,0.4303959717558503,0.3988893671979457,0.0,0.0,0.428083765639148,0.34101445386155105,0.48537803987105843,0.3516623077699832,0.3816507464011172,0.0,0.3898574979130879,0.3867068119559805,0.0,0.4651806968577462,0.42799088414647124,0.3883652415878717,0.40833331775215015,0.0,0.4526547496360044,0.4447682288520492,0.44281837598981505,0.4877240304398375,0.3597435381812005,0.41434135259845806,0.44236267095015125,0.47977095673294745,0.46139834284074227,0.447604385992025,0.0,0.4156830921578127
0.4088737424174269,0.4046918579755856,0.4114641800489652,0.23326923893950824,0.40683335137619214,0.4270452203986515,0.3974608555038217,0.44458261123915327,0.372124519154841,0.3176010185721855,0.380381728838114,0.27993228643370077,0.3807980312342894,0.0,0.45350895377862427,0.4090684147715569,0.383282038591566,0.38527251558876363,0.38834222071641356,0.45108465935360564,0.4555341870778016,0.45690082974521656,0.4344552746270458,0.2919782701657736,0.3748588155119321,0.4201595194847617,0.4303130637465304,0.37334419192292195,0.4314905118495046,0.3771742129139678,0.3278536808049448,0.3768098438132629,0.376981709871025,0.2716471082968696,0.0,0.37384938456170524,0.2897269688621923,0.26510026295590045,0.3456944767174685,0.3967781267353023,0.4118494306822446,0.3647063111868052,0.2926817635701337,0.277649707187367,0.0,0.47374491935651636,0.45854593913954483,0.0,0.0,0.0,0.3788755622134719,0.0,0.0,0.2818550229932733,0.409489539590767,0.0,0.4332104490392804,0.2966282179238538,0.0,0.49950644889841506,0.43123040343195385,0.3640733647486636,0.4097006776938128,0.0,0.4622072933514699,0.4970273521996835,0.4814850827141725,0.504472526620514,0.0,0.42214966900403006,0.46667581562891675,0.48319462741127966,0.31317824701132085,0.4356191921968772,0.0,0.4104524052091697
0.4654028722181629,0.0,0.3696432757729958,0.20067035346669485,0.17234562829429315,0.41080917734956895,0.24167398687873076,0.2652689446184075,0.3658560802045638,0.2712087329815574,0.291969904737989,0.3013546101669619,0.3141796278968491,0.19652823579454373,0.0,0.0,0.0,0.0,0.3490282664961005,0.4658225473145288,0.0,0.0,0.31614296322755536,0.48922981684650874,0.0,0.4737882710395939,0.40949566923113356,0.2562890677655998,0.0,0.42552062437152194,0.3937967629280021,0.22988361065232496,0.26188313381410777,0.4168929622611026,0.37384938456170524,0.0,0.17275930838118822,0.2984033407812049,0.0,0.0,0.0,0.0,0.342979414779983,0.2573655946263351,0.0,0.0,0.0,0.459438231791349,0.0,0.0,0.32532759640619047,0.0,0.3749426075690082,0.0,0.0,0.3845419625607238,0.0,0.31075971896874227,0.0,0.0,0.0,0.0,0.0,0.378906504941051,0.0,0.0,0.0,0.437598000389375,0.0,0.0,0.0,0.48437544194526594,0.0,0.0,0.0,0.0
0.0,0.0,0.3405415387423832,0.15250331510093781,0.15580933760321727,0.3831003108123942,0.22032755967481324,0.39387714356713804,0.3364107687788886,0.2705034869456359,0.32546103445423263,0.30072734953179103,0.2824527437128057,0.1499023260891895,0.0,0.0,0.0,0.0,0.3406416782492682,0.0,0.0,0.0,0.372993750563316,0.32169071384593784,0.0,0.0,0.4059296527406917,0.2535835374814805,0.0,0.0,0.31025005374974857,0.31548503763181485,0.2981369078379818,0.28942031827653125,0.2897269688621923,0.17275930838118822,0.0,0.3047288613591622,0.3254859398682231,0.0,0.0,0.0,0.26744117437819953,0.0,0.0,0.0,0.0,0.0,0.0,0.0,0.0,0.36777123088349717,0.0,0.0,0.0,0.0,0.0,0.0,0.0,0.0,0.0,0.0,0.0,0.0,0.0,0.0,0.0,0.0,0.0,0.0,0.0,0.0,0.0,0.0,0.0,0.0
