0.04959758418906574,0.391152009315159,0.04959758418906574,0.04959758418906574,0.04959758418906574,0.35514871310914525,0.29897784808030453,0.5231684534701799,0.04959758418906574,0.38934320520663246,0.04959758418906574,0.376362913640341,0.3378468380821641,0.4993114360587413,0.3754290942582929,0.37276079160049896,0.38290310204993877,0.3672678433555115,0.04959758418906574,0.40450307739463137,0.4173776506914634,0.3880695920515748,0.4601376681096818,0.37918630086864424,0.3812695339988876,0.3784812372941691,0.41845510756588533,0.40628797765127045,0.4474722569924204,0.40070073109002524,0.3685840778025151,0.4119696557392268,0.2988288752701991,0.3688270841475178,0.40861328570308075,0.419697069515897,0.04959758418906574,0.35428619840110037,0.433215137729106,0.41087663432354576,0.4131108424895094,0.46895399448636316,0.04959758418906574,0.04959758418906574,0.4249450079410299,0.40105388600883557,0.4364508542972896,0.04959758418906574,0.04959758418906574,0.04959758418906574,0.04959758418906574,0.04959758418906574,0.04959758418906574,0.04959758418906574,0.40338648015200773,0.04959758418906574,0.41697636605715294,0.04959758418906574,0.04959758418906574,0.04959758418906574,0.43313117717767624,0.04959758418906574,0.4182722605926051,0.04959758418906574,0.04959758418906574,0.4566562581751711,0.43346212280891777,0.04959758418906574,0.04959758418906574,0.4292705917781851,0.44925610592537313,0.04959758418906574,0.04959758418906574,0.04959758418906574,0.04959758418906574,0.39764298910586954
0.391152009315159,0.04959758418906574,0.3052574982259299,0.04959758418906574,0.36647112836403345,0.3820183481716675,0.3774803804812991,0.4900005662977236,0.34167988400712895,0.2936345902778943,0.04959758418906574,0.2768091154311435,0.4023637512801879,0.04959758418906574,0.39431844149388334,0.38840953502770215,0.3614645087379214,0.38247772816615366,0.04959758418906574,0.40380242207060824,0.38107360790928524,0.39734912786880056,0.40180248865815943,0.04959758418906574,0.38116927572806575,0.38957803948812536,0.39117027768214535,0.3882838989877814,0.39023299329179345,0.04959758418906574,0.36912222142342055,0.41215718986388233,0.3326790357754064,0.3749915502083159,0.4119289787865529,0.04959758418906574,0.04959758418906574,0.04959758418906574,0.4362179646617805,0.4258101910901482,0.42518043597450156,0.4521274165563707,0.04959758418906574,0.04959758418906574,0.04959758418906574,0.4196250812305868,0.4400265821059265,0.04959758418906574,0.04959758418906574,0.04959758418906574,0.34955137859756485,0.04959758418906574,0.04959758418906574,0.04959758418906574,0.3227185275471734,0.04959758418906574,0.04959758418906574,0.04959758418906574,0.04959758418906574,0.41702009286606406,0.4339995652191912,0.04959758418906574,0.41175719482399037,0.04959758418906574,0.4209722252967476,0.44192628804374073,0.4369784663219675,0.3867486766272464,0.04959758418906574,0.42326389013561044,0.44935551156545533,0.41505004449392,0.04959758418906574,0.3887511790536764,0.04959758418906574,0.4189123012241491
0.04959758418906574,0.3052574982259299,0.04959758418906574,0.36524547544737196,0.366798735119417,0.4086234349015272,0.3732525126131889,0.4156937670616236,0.3424091698880471,0.31546405705055397,0.3484402983255631,0.2674543292501308,0.36805515221759544,0.40341344851689886,0.04959758418906574,0.04959758418906574,0.04959758418906574,0.04959758418906574,0.30001226531891817,0.04959758418906574,0.04959758418906574,0.04959758418906574,0.3195553776724728,0.04959758418906574,0.25535636241621146,0.2611561678954972,0.3649933936746162,0.37816770821977846,0.32301495460929447,0.38875527080282696,0.3816957987372391,0.39144399544476854,0.04959758418906574,0.36464732045493,0.3967061707768482,0.36963812125306683,0.3352026892888588,0.2759508416917067,0.28709512761213146,0.04959758418906574,0.3089078975130506,0.04959758418906574,0.46051966963112456,0.04959758418906574,0.04959758418906574,0.04959758418906574,0.04959758418906574,0.4492171491036439,0.04959758418906574,0.25652985341447393,0.47957245052423086,0.0,0.4342661329441435,0.4872600637807736,0.04959758418906574,0.30606225186972563,0.04959758418906574,0.32538995919134844,0.42640216998027386,0.04959758418906574,0.04959758418906574,0.04959758418906574,0.04959758418906574,0.25132568694211416,0.04959758418906574,0.04959758418906574,0.04959758418906574,0.50594250327498,0.04959758418906574,0.04959758418906574,0.04959758418906574,0.5164166217575488,0.2806106977709116,0.04959758418906574,0.04959758418906574,0.39183229110016
0.04959758418906574,0.04959758418906574,0.36524547544737196,0.04959758418906574,0.23286903539588746,0.04959758418906574,0.23467787620727076,0.3705284094217647,0.3199705235853055,0.1736931077313186,0.33385359493760575,0.27224035287368387,0.2890042641115946,0.2731110544787514,0.04959758418906574,0.04959758418906574,0.04959758418906574,0.04959758418906574,0.3335837287336535,0.04959758418906574,0.04959758418906574,0.04959758418906574,0.3836548932493825,0.04959758418906574,0.04959758418906574,0.04959758418906574,0.04959758418906574,0.27308610407343475,0.04959758418906574,0.04959758418906574,0.04959758418906574,0.2991028548420604,0.04959758418906574,0.2604347937979047,0.2513775902741774,0.22001309291682347,0.18291583159730768,0.2795480802107218,0.04959758418906574,0.04959758418906574,0.04959758418906574,0.04959758418906574,0.04959758418906574,0.04959758418906574,0.04959758418906574,0.04959758418906574,0.04959758418906574,0.04959758418906574,0.04959758418906574,0.04959758418906574,0.04959758418906574,0.04959758418906574,0.04959758418906574,0.04959758418906574,0.04959758418906574,0.3016078820529111,0.04959758418906574,0.04959758418906574,0.04959758418906574,0.04959758418906574,0.04959758418906574,0.04959758418906574,0.04959758418906574,0.04959758418906574,0.04959758418906574,0.04959758418906574,0.04959758418906574,0.04959758418906574,0.04959758418906574,0.04959758418906574,0.04959758418906574,0.04959758418906574,0.04959758418906574,0.04959758418906574,0.04959758418906574,0.04959758418906574
0.04959758418906574,0.36647112836403345,0.366798735119417,0.23286903539588746,0.04959758418906574,0.37691254681867836,0.3297917576959266,0.37504603068870834,0.3430668728365823,0.3087200700894017,0.3224663347015873,0.3251532201794829,0.3457684308674471,0.2627469885447746,0.04959758418906574,0.37702650988431036,0.347377238899452,0.33388260407058423,0.3569847305274327,0.4098484987003109,0.3169367965292056,0.4148191032400693,0.36290869948424104,0.04959758418906574,0.35113394586634855,0.34467871824680746,0.3924170938970749,0.3414338049982991,0.3712746078840672,0.04959758418906574,0.3842737311110544,0.36865327819852806,0.04959758418906574,0.38687332672356417,0.4042801780497402,0.19824451049817274,0.18479610596864604,0.32037180530003445,0.3511422769965584,0.04959758418906574,0.04959758418906574,0.04959758418906574,0.4043316849123181,0.04959758418906574,0.04959758418906574,0.04959758418906574,0.04959758418906574,0.3854991406336364,0.04959758418906574,0.04959758418906574,0.3869538655033512,0.3180236524623287,0.04959758418906574,0.04959758418906574,0.04959758418906574,0.04959758418906574,0.04959758418906574,0.04959758418906574,0.3498075155097162,0.04959758418906574,0.04959758418906574,0.04959758418906574,0.04959758418906574,0.04959758418906574,0.04959758418906574,0.04959758418906574,0.04959758418906574,0.45740639854743176,0.04959758418906574,0.04959758418906574,0.04959758418906574,0.420587492497691,0.297195186774964,0.29879700706405443,0.04959758418906574,0.04959758418906574
0.35514871310914525,0.3820183481716675,0.4086234349015272,0.04959758418906574,0.37691254681867836,0.04959758418906574,0.3883544457992608,0.3488439948173995,0.34954233088219966,0.34163402057551695,0.37352195888132,0.2934402398288186,0.35988655021535065,0.3922038650120832,0.3746033178916785,0.37734005450320834,0.25757861581366,0.3493035854193556,0.36990063372431,0.3776625319917227,0.34947491028483924,0.39311143269027454,0.3837609950468197,0.3312844761572267,0.36946139561317554,0.37874405408135653,0.38275483792623577,0.34548160416809764,0.32588110439590307,0.37202160630121933,0.3718875143830763,0.3976434737955188,0.3210212456799993,0.38444461248292505,0.42400034133699877,0.4083003190111767,0.38335772406687946,0.3143426092922491,0.45055780299543546,0.04959758418906574,0.44596676987822853,0.39907071641087755,0.4108677158235246,0.04959758418906574,0.04959758418906574,0.04959758418906574,0.27291585347520686,0.4819696674989164,0.04959758418906574,0.3300990581720872,0.43204703059193655,0.31087403893263466,0.4441085297667741,0.4775001233372269,0.04959758418906574,0.3646568297523509,0.04959758418906574,0.37246383307052755,0.04959758418906574,0.3587940750138223,0.2547247968201754,0.04959758418906574,0.04959758418906574,0.43432738217336875,0.3641813953137631,0.3547206349352465,0.28370731956182066,0.45526734953151266,0.04959758418906574,0.25339600347088775,0.33862613841144207,0.44990758624819394,0.42364697162054954,0.4137959871256089,0.4089892765786142,0.4238624690070748
0.29897784808030453,0.3774803804812991,0.3732525126131889,0.23467787620727076,0.3297917576959266,0.3883544457992608,0.04959758418906574,0.3911654454758586,0.3564987995962661,0.359953093738556,0.3727105224861103,0.3383152041563781,0.3399490247068823,0.3766631239276765,0.04959758418906574,0.3884105413347618,0.36407102116033685,0.372990514909462,0.3754240862988198,0.3973543306813777,0.35221901944173667,0.41503042657442285,0.3703642128910038,0.04959758418906574,0.3840430647269695,0.38674031292123945,0.3891885954798302,0.35183309148661396,0.37861201067870903,0.04959758418906574,0.387893032438633,0.3747434242532667,0.3709186337611204,0.38375893679488815,0.40060738103597765,0.26235696500090405,0.21728910244906965,0.3459175224802535,0.33039346129012914,0.04959758418906574,0.04959758418906574,0.04959758418906574,0.3590476465408718,0.04959758418906574,0.04959758418906574,0.04959758418906574,0.04959758418906574,0.40093677439066977,0.04959758418906574,0.04959758418906574,0.3488425213566812,0.30354766340353134,0.04959758418906574,0.373146377642253,0.04959758418906574,0.3392884927598079,0.04959758418906574,0.28475756549465736,0.04959758418906574,0.04959758418906574,0.04959758418906574,0.04959758418906574,0.04959758418906574,0.34543591006954577,0.04959758418906574,0.04959758418906574,0.04959758418906574,0.45999367823557485,0.04959758418906574,0.04959758418906574,0.28247499401898213,0.42553694783976975,0.28948646749138957,0.30249834887173555,0.04959758418906574,0.04959758418906574
0.5231684534701799,0.4900005662977236,0.4156937670616236,0.3705284094217647,0.37504603068870834,0.3488439948173995,0.3911654454758586,0.04959758418906574,0.42576765255317006,0.40161623221220416,0.33426570866545946,0.4298454529053757,0.3799083475473954,0.36451411342876416,0.04959758418906574,0.45883490380120656,0.04959758418906574,0.4800349777015744,0.40117750145450454,0.3592904680576991,0.39968263917256797,0.04959758418906574,0.3487601686474556,0.5282937467107038,0.4768840737849189,0.4927335342529878,0.4090258125795342,0.385140272282125,0.35070223416546986,0.39127160188440113,0.401981992257631,0.39616670166552015,0.45816689189976884,0.4218383714329834,0.4394840442154467,0.2780987545479413,0.3936327922739473,0.04959758418906574,0.4446774775282924,0.04959758418906574,0.451113252576935,0.04959758418906574,0.40086376829219766,0.04959758418906574,0.04959758418906574,0.04959758418906574,0.04959758418906574,0.51308574366543,0.04959758418906574,0.04959758418906574,0.4111186691769367,0.04959758418906574,0.4202116169101394,0.500561537137305,0.04959758418906574,0.41961934442239535,0.04959758418906574,0.4063905436893056,0.4506783764183795,0.3841110559561216,0.04959758418906574,0.04959758418906574,0.04959758418906574,0.48133419067037725,0.4116320637546667,0.29683871152172925,0.04959758418906574,0.47849764348544177,0.04959758418906574,0.04959758418906574,0.04959758418906574,0.48696045717768516,0.41639889884106523,0.4006019531071016,0.04959758418906574,0.424856078075511
0.04959758418906574,0.34167988400712895,0.3424091698880471,0.3199705235853055,0.3430668728365823,0.34954233088219966,0.3564987995962661,0.42576765255317006,0.04959758418906574,0.31685744795264553,0.32105921007432187,0.25169504381834257,0.33208377976755865,0.41777007861453486,0.04959758418906574,0.3363146670171255,0.2769693033903817,0.2560700007707309,0.319656082508152,0.3845462032859371,0.30258842342275905,0.38036129721283624,0.38375076852919954,0.2825321368541928,0.2710144325565619,0.27263725275358497,0.3942224893164977,0.37613171562367376,0.3338110136810573,0.36254327394703745,0.3853779668470068,0.3804873150133554,0.3202203363205914,0.3770410113302431,0.37014301865993565,0.3660803249170054,0.3371995425230054,0.20719562978069828,0.3969917911363759,0.04959758418906574,0.04959758418906574,0.04959758418906574,0.46279612649803953,0.04959758418906574,0.04959758418906574,0.04959758418906574,0.04959758418906574,0.5167267453839256,0.04959758418906574,0.3661390707239453,0.4711223873439811,0.3284490380968015,0.49257394818159483,0.4759775908712362,0.04959758418906574,0.47235146085725244,0.04959758418906574,0.3820054819123623,0.4666617168979846,0.04959758418906574,0.04959758418906574,0.04959758418906574,0.04959758418906574,0.47552786858725815,0.04959758418906574,0.04959758418906574,0.04959758418906574,0.5022479055573688,0.04959758418906574,0.04959758418906574,0.04959758418906574,0.5133243333772273,0.31905184944323106,0.32391368904538753,0.04959758418906574,0.04959758418906574
0.38934320520663246,0.2936345902778943,0.31546405705055397,0.1736931077313186,0.3087200700894017,0.34163402057551695,0.359953093738556,0.40161623221220416,0.31685744795264553,0.04959758418906574,0.34876493516278867,0.2889024167504806,0.39035599884141736,0.04959758418906574,0.2725694284809748,0.3086882810328945,0.3067247236847897,0.33964619022326215,0.3446187385381729,0.296235611997278,0.4655950777526042,0.31173276539242767,0.41787091123122533,0.33056971738590446,0.32213923778521664,0.3497563288410427,0.3120598905265308,0.39262854690473464,0.29058458199986875,0.04959758418906574,0.32254917368273944,0.36603899670269124,0.3312578042607082,0.3288699613393547,0.3272982569704572,0.2863347566523442,0.2873590915238496,0.2769460245207233,0.416026410471185,0.3746907057641818,0.37126712526202094,0.04959758418906574,0.04959758418906574,0.04959758418906574,0.3459420555577114,0.43659695870406784,0.04959758418906574,0.04959758418906574,0.04959758418906574,0.04959758418906574,0.04959758418906574,0.04959758418906574,0.04959758418906574,0.04959758418906574,0.41897614786308973,0.04959758418906574,0.43339055659694026,0.04959758418906574,0.04959758418906574,0.04959758418906574,0.34953995382466796,0.4153031825289965,0.40760459581994707,0.04959758418906574,0.04959758418906574,0.4220305628258768,0.04959758418906574,0.04959758418906574,0.4181933293801551,0.40566764536628735,0.42577151033229405,0.04959758418906574,0.4164536825786343,0.04959758418906574,0.04959758418906574,0.4102181461035796
0.04959758418906574,0.04959758418906574,0.3484402983255631,0.33385359493760575,0.3224663347015873,0.37352195888132,0.3727105224861103,0.33426570866545946,0.32105921007432187,0.34876493516278867,0.04959758418906574,0.31273169081831187,0.3705954643372444,0.28031073759823355,0.04959758418906574,0.04959758418906574,0.3072417410227839,0.2934603389439206,0.2828649605704498,0.04959758418906574,0.3995563474125334,0.04959758418906574,0.27460913962386846,0.31773410713977285,0.3082609924736051,0.04959758418906574,0.37966013548095895,0.37041363891773404,0.2878876876610632,0.04959758418906574,0.39360501296914213,0.3646365645284347,0.3084069520910522,0.3814649550191152,0.38109783453403057,0.299508717278919,0.32410669848406143,0.3083797059959716,0.04959758418906574,0.04959758418906574,0.04959758418906574,0.04959758418906574,0.39699402995404937,0.04959758418906574,0.04959758418906574,0.04959758418906574,0.04959758418906574,0.43285302103511797,0.04959758418906574,0.3234741408990109,0.36068607013393994,0.3132749966143427,0.4192817919397465,0.4233312041440538,0.04959758418906574,0.262837417524005,0.04959758418906574,0.29883698132300524,0.4236358172276127,0.04959758418906574,0.04959758418906574,0.04959758418906574,0.04959758418906574,0.25665008380700405,0.04959758418906574,0.04959758418906574,0.04959758418906574,0.43260558867349924,0.04959758418906574,0.04959758418906574,0.04959758418906574,0.4855784655860461,0.24861055762071796,0.04959758418906574,0.04959758418906574,0.04959758418906574
0.376362913640341,0.2768091154311435,0.2674543292501308,0.27224035287368387,0.3251532201794829,0.2934402398288186,0.3383152041563781,0.4298454529053757,0.25169504381834257,0.2889024167504806,0.31273169081831187,0.04959758418906574,0.3259796539815118,0.04959758418906574,0.04959758418906574,0.30180764671123694,0.3178584810898285,0.3069898520709754,0.2739305005269553,0.3286564657673565,0.41818653886837526,0.04959758418906574,0.4017774473939989,0.28222203418059105,0.34734780517951225,0.3007668093381209,0.3204812628317439,0.3564681861915655,0.31213447775872605,0.04959758418906574,0.33975486332880184,0.2782663761669044,0.2951133259192346,0.26580450912722725,0.2937028523454068,0.308246064549732,0.3165544531921487,0.2307856805552774,0.31185892811623595,0.36356981065726657,0.3735405021881768,0.3416494908094727,0.04959758418906574,0.04959758418906574,0.3420899299150317,0.40165443283453783,0.04959758418906574,0.04959758418906574,0.04959758418906574,0.04959758418906574,0.04959758418906574,0.04959758418906574,0.04959758418906574,0.04959758418906574,0.4133251738185746,0.04959758418906574,0.43008906714840467,0.04959758418906574,0.04959758418906574,0.04959758418906574,0.04959758418906574,0.38695429588753555,0.3947060314207092,0.04959758418906574,0.04959758418906574,0.35581220303754457,0.04959758418906574,0.39271317554400786,0.3888382102150159,0.4048788615634836,0.4228954545369372,0.04959758418906574,0.04959758418906574,0.04959758418906574,0.04959758418906574,0.4010142061369954
0.3378468380821641,0.4023637512801879,0.36805515221759544,0.2890042641115946,0.3457684308674471,0.35988655021535065,0.3399490247068823,0.3799083475473954,0.33208377976755865,0.39035599884141736,0.3705954643372444,0.3259796539815118,0.04959758418906574,0.385773777351511,0.405041514221702,0.4102916653572981,0.3747247630432423,0.37206082122879813,0.3758736214914021,0.3915147939762406,0.3897678613271526,0.41161193610046043,0.37579280585696107,0.28234270777140685,0.39916048078047384,0.4038376586885478,0.38546056044849936,0.3288352181641787,0.36022124613602474,0.342066388074455,0.3738885642952288,0.37192411189947194,0.351819362581781,0.38267832429450804,0.38429017754151684,0.3243920175245925,0.2957132962055986,0.34041249842998433,0.3360523223402926,0.04959758418906574,0.3935370772516857,0.04959758418906574,0.23456225867932604,0.04959758418906574,0.04959758418906574,0.04959758418906574,0.264001878987316,0.38339475903084164,0.04959758418906574,0.04959758418906574,0.31679228377735114,0.2805156939621224,0.3976101992494511,0.3144651899248261,0.04959758418906574,0.31508358714761997,0.04959758418906574,0.22049374057380655,0.04959758418906574,0.2923710084975564,0.04959758418906574,0.04959758418906574,0.04959758418906574,0.04959758418906574,0.3398802613406088,0.04959758418906574,0.28028038978238,0.451197984969419,0.04959758418906574,0.2921781358171828,0.29800597381615973,0.43572274467792305,0.253664667501176,0.34272984894465996,0.04959758418906574,0.30074887895030544
0.4993114360587413,0.04959758418906574,0.40341344851689886,0.2731110544787514,0.2627469885447746,0.3922038650120832,0.3766631239276765,0.36451411342876416,0.41777007861453486,0.04959758418906574,0.28031073759823355,0.04959758418906574,0.385773777351511,0.04959758418906574,0.04959758418906574,0.04959758418906574,0.04959758418906574,0.04959758418906574,0.38079928805865926,0.04959758418906574,0.4286737983887071,0.04959758418906574,0.3666205794482023,0.4255854627716508,0.04959758418906574,0.429626639553186,0.4157377107994651,0.37572908714715114,0.3476338014699246,0.04959758418906574,0.04959758418906574,0.3355978054642033,0.04959758418906574,0.3858000601127678,0.04959758418906574,0.21814064519720014,0.17879579365104908,0.04959758418906574,0.04959758418906574,0.04959758418906574,0.04959758418906574,0.04959758418906574,0.04959758418906574,0.04959758418906574,0.04959758418906574,0.04959758418906574,0.04959758418906574,0.4398021198179407,0.04959758418906574,0.04959758418906574,0.34729001679206445,0.04959758418906574,0.04959758418906574,0.4501764403167061,0.04959758418906574,0.386740126363298,0.04959758418906574,0.04959758418906574,0.04959758418906574,0.04959758418906574,0.04959758418906574,0.04959758418906574,0.04959758418906574,0.38698032348467465,0.04959758418906574,0.04959758418906574,0.04959758418906574,0.44284896727124734,0.04959758418906574,0.04959758418906574,0.04959758418906574,0.46206452910373724,0.04959758418906574,0.04959758418906574,0.04959758418906574,0.04959758418906574
0.3754290942582929,0.39431844149388334,0.04959758418906574,0.04959758418906574,0.04959758418906574,0.3746033178916785,0.04959758418906574,0.04959758418906574,0.04959758418906574,0.2725694284809748,0.04959758418906574,0.04959758418906574,0.405041514221702,0.04959758418906574,0.04959758418906574,0.40878195159395064,0.3024327971836466,0.39381678223615146,0.04959758418906574,0.3506765963885273,0.36945914362858223,0.38109339538632775,0.34955451108255703,0.3626468435796099,0.37906713586189916,0.424240151467834,0.401090340150077,0.3866445909214244,0.3715064517835157,0.04959758418906574,0.3916113854526024,0.42784003652728836,0.35837895747332016,0.40114832433482706,0.44813049782615316,0.04959758418906574,0.04959758418906574,0.04959758418906574,0.4659835753053385,0.4467954342474553,0.4432853395484021,0.47706469218524156,0.4616044197639271,0.04959758418906574,0.04959758418906574,0.04959758418906574,0.4566571092109268,0.04959758418906574,0.04959758418906574,0.04959758418906574,0.4150637527556911,0.04959758418906574,0.04959758418906574,0.04959758418906574,0.04959758418906574,0.04959758418906574,0.04959758418906574,0.3338816587430823,0.04959758418906574,0.4249239320733025,0.41241322974180356,0.04959758418906574,0.2947160758783392,0.04959758418906574,0.4433174834927606,0.46450691144971873,0.46914950417324547,0.4529717933246591,0.04959758418906574,0.32649671207964515,0.5110091239668251,0.4564398359946111,0.04959758418906574,0.4127527607169062,0.04959758418906574,0.41890785742952114
0.37276079160049896,0.38840953502770215,0.04959758418906574,0.04959758418906574,0.37702650988431036,0.37734005450320834,0.3884105413347618,0.45883490380120656,0.3363146670171255,0.3086882810328945,0.04959758418906574,0.30180764671123694,0.4102916653572981,0.04959758418906574,0.40878195159395064,0.04959758418906574,0.3049040133994567,0.3275404177712674,0.04959758418906574,0.4048567571547723,0.39662183482431607,0.3875704000622951,0.40026912209936977,0.3376897782855881,0.3779899670395641,0.3925443581522958,0.39837197115497525,0.37864413855548346,0.4093589842674468,0.3383233959099954,0.34170695323988703,0.41698287573766274,0.3700512438803811,0.37240028220230165,0.41009256699064855,0.04959758418906574,0.04959758418906574,0.04959758418906574,0.4288360957603322,0.4085340953249553,0.4128310432316425,0.4423281004279319,0.04959758418906574,0.04959758418906574,0.04959758418906574,0.4136118633176236,0.4294230864368058,0.04959758418906574,0.04959758418906574,0.04959758418906574,0.2769669036279332,0.04959758418906574,0.04959758418906574,0.04959758418906574,0.2980398242053242,0.04959758418906574,0.31108987916509495,0.04959758418906574,0.04959758418906574,0.4357440952307015,0.42660593215737996,0.04959758418906574,0.39379635847066946,0.04959758418906574,0.3876287691611303,0.43144631467321304,0.42928642096600694,0.3274813532383222,0.364885871863295,0.41362487085128036,0.43676149478873405,0.3493884231931948,0.04959758418906574,0.33008292552801594,0.04959758418906574,0.4076635815501309
0.38290310204993877,0.3614645087379214,0.04959758418906574,0.04959758418906574,0.347377238899452,0.25757861581366,0.36407102116033685,0.04959758418906574,0.2769693033903817,0.3067247236847897,0.3072417410227839,0.3178584810898285,0.3747247630432423,0.04959758418906574,0.3024327971836466,0.3049040133994567,0.04959758418906574,0.2991870671416951,0.04959758418906574,0.3421310226649214,0.04959758418906574,0.35365793596124667,0.3293184267554893,0.3306729292888711,0.3320918173508457,0.34644589780663526,0.2818479215500694,0.3804132377607296,0.32475874813786987,0.04959758418906574,0.32168145630836725,0.4117646850483506,0.33493642838852006,0.358678176233227,0.3871348108569252,0.04959758418906574,0.04959758418906574,0.2935971893434394,0.4166147509057189,0.38772044111549314,0.3977736992540549,0.04959758418906574,0.04959758418906574,0.04959758418906574,0.04959758418906574,0.04959758418906574,0.04959758418906574,0.04959758418906574,0.04959758418906574,0.04959758418906574,0.04959758418906574,0.04959758418906574,0.04959758418906574,0.04959758418906574,0.41454533323490905,0.04959758418906574,0.4197649163000543,0.04959758418906574,0.04959758418906574,0.04959758418906574,0.35581566940798004,0.40470955834982236,0.3921887986231913,0.04959758418906574,0.04959758418906574,0.04959758418906574,0.04959758418906574,0.04959758418906574,0.37025337412453124,0.4063538168278911,0.4211207497961115,0.04959758418906574,0.04959758418906574,0.04959758418906574,0.04959758418906574,0.3852232013031048
0.3672678433555115,0.38247772816615366,0.04959758418906574,0.04959758418906574,0.33388260407058423,0.3493035854193556,0.372990514909462,0.4800349777015744,0.2560700007707309,0.33964619022326215,0.2934603389439206,0.3069898520709754,0.37206082122879813,0.04959758418906574,0.39381678223615146,0.3275404177712674,0.2991870671416951,0.04959758418906574,0.2939775986152921,0.396861493392263,0.4187911827190756,0.387926727380284,0.4315468844098859,0.3289695210097574,0.35238726471043164,0.3663237822287616,0.37967337654827293,0.3753947730230757,0.3970646708855008,0.04959758418906574,0.34587706787685424,0.41265189293908167,0.3431054114649113,0.37205621811902023,0.38825259304543386,0.04959758418906574,0.04959758418906574,0.04959758418906574,0.41726046390833854,0.3857723015564315,0.4015214172201593,0.4200093496238335,0.04959758418906574,0.04959758418906574,0.04959758418906574,0.4050861644503611,0.416320829127919,0.04959758418906574,0.04959758418906574,0.04959758418906574,0.2840922567722274,0.04959758418906574,0.04959758418906574,0.04959758418906574,0.3839530059113784,0.04959758418906574,0.38177581784948456,0.04959758418906574,0.04959758418906574,0.36221011477910203,0.40641763346760884,0.36692629249315917,0.3904449729234241,0.04959758418906574,0.3046663020417217,0.40671697708343885,0.39475630990047794,0.04959758418906574,0.3505140055798805,0.3958579863845251,0.41190075334177495,0.3096318809431794,0.30826895097925716,0.27300309404315964,0.04959758418906574,0.39333460884410265
0.04959758418906574,0.04959758418906574,0.30001226531891817,0.3335837287336535,0.3569847305274327,0.36990063372431,0.3754240862988198,0.40117750145450454,0.319656082508152,0.3446187385381729,0.2828649605704498,0.2739305005269553,0.3758736214914021,0.38079928805865926,0.04959758418906574,0.04959758418906574,0.04959758418906574,0.2939775986152921,0.04959758418906574,0.04959758418906574,0.04959758418906574,0.04959758418906574,0.29634413475291144,0.04959758418906574,0.2754897377796225,0.04959758418906574,0.3724491758174003,0.3871203654821011,0.29313241208908347,0.04959758418906574,0.3673903941589638,0.3827580227686391,0.04959758418906574,0.3393801487137966,0.38469449675581685,0.3526038760603502,0.32726894878369567,0.31861626541878163,0.04959758418906574,0.04959758418906574,0.04959758418906574,0.04959758418906574,0.4872254868502239,0.04959758418906574,0.04959758418906574,0.04959758418906574,0.04959758418906574,0.5277030108988354,0.04959758418906574,0.37384452566438725,0.4560997403594842,0.04959758418906574,0.5115018231028307,0.5053158065039146,0.04959758418906574,0.23334787331747747,0.04959758418906574,0.3622357538524339,0.4537863019282828,0.04959758418906574,0.04959758418906574,0.04959758418906574,0.04959758418906574,0.4686263091585823,0.04959758418906574,0.04959758418906574,0.04959758418906574,0.49837889092456783,0.04959758418906574,0.04959758418906574,0.04959758418906574,0.49565621638445134,0.30858218610630067,0.04959758418906574,0.04959758418906574,0.04959758418906574
0.40450307739463137,0.40380242207060824,0.04959758418906574,0.04959758418906574,0.4098484987003109,0.3776625319917227,0.3973543306813777,0.3592904680576991,0.3845462032859371,0.296235611997278,0.04959758418906574,0.3286564657673565,0.3915147939762406,0.04959758418906574,0.3506765963885273,0.4048567571547723,0.3421310226649214,0.396861493392263,0.04959758418906574,0.04959758418906574,0.40079682520723303,0.3846396154149263,0.2788925290676028,0.35239038457562044,0.3954666628758522,0.41587398899748074,0.3423655700309214,0.36584487985668185,0.3443980746247363,0.3210484993651799,0.3636368368138251,0.440223244190635,0.36934182720833425,0.39705734404296344,0.44731276782545776,0.4512657606958899,0.04959758418906574,0.04959758418906574,0.4567318178243691,0.3897732320483654,0.4265425456202349,0.46399540323851624,0.04959758418906574,0.04959758418906574,0.04959758418906574,0.04959758418906574,0.39715583252411624,0.04959758418906574,0.04959758418906574,0.04959758418906574,0.3782809192402247,0.04959758418906574,0.04959758418906574,0.04959758418906574,0.04959758418906574,0.04959758418906574,0.04959758418906574,0.2980976976857788,0.04959758418906574,0.4452394193091127,0.29318515041531246,0.04959758418906574,0.2701151261619004,0.04959758418906574,0.43084303762448667,0.4197754072666714,0.4499037089900661,0.42238462336944665,0.04959758418906574,0.2732866516353684,0.45449067866560644,0.4388804207384676,0.2846801764057702,0.3769675666618173,0.04959758418906574,0.40604848580594805
0.4173776506914634,0.38107360790928524,0.04959758418906574,0.04959758418906574,0.3169367965292056,0.34947491028483924,0.35221901944173667,0.39968263917256797,0.30258842342275905,0.4655950777526042,0.3995563474125334,0.41818653886837526,0.3897678613271526,0.4286737983887071,0.36945914362858223,0.39662183482431607,0.04959758418906574,0.4187911827190756,0.04959758418906574,0.40079682520723303,0.04959758418906574,0.4123002114949976,0.3750277306097988,0.4914011034843505,0.42835178806163443,0.41580421262136325,0.3975193113332314,0.39220997828515336,0.38559780365405183,0.4115584081848435,0.3885211037468954,0.43294270295049037,0.3756141993913932,0.39566358236935345,0.447617477987951,0.04959758418906574,0.04959758418906574,0.3926080864412193,0.4648817843607088,0.4514553418935399,0.4390809058284172,0.04959758418906574,0.04959758418906574,0.04959758418906574,0.04959758418906574,0.04959758418906574,0.4565922805137834,0.04959758418906574,0.04959758418906574,0.04959758418906574,0.3927080299551438,0.04959758418906574,0.3776920098215795,0.04959758418906574,0.04959758418906574,0.04959758418906574,0.40371305573540095,0.3542233331087373,0.04959758418906574,0.44527833425400704,0.43135352921629216,0.04959758418906574,0.34336049559070264,0.04959758418906574,0.4276402554407628,0.3921274800324415,0.4635906182070552,0.46325735638673937,0.04959758418906574,0.3795007688562253,0.49085220276297625,0.4431682784194562,0.4157511582821699,0.4194968763881184,0.04959758418906574,0.40512274180305574
0.3880695920515748,0.39734912786880056,0.04959758418906574,0.04959758418906574,0.4148191032400693,0.39311143269027454,0.41503042657442285,0.04959758418906574,0.38036129721283624,0.31173276539242767,0.04959758418906574,0.04959758418906574,0.41161193610046043,0.04959758418906574,0.38109339538632775,0.3875704000622951,0.35365793596124667,0.387926727380284,0.04959758418906574,0.3846396154149263,0.4123002114949976,0.04959758418906574,0.40573868748405445,0.39016504627938153,0.3936840430108549,0.4108282322507387,0.41313889700758527,0.39803798445084576,0.3924573979722126,0.35189532097220017,0.37507731469919814,0.4405792879933851,0.3777508721316889,0.3968377999354229,0.4520577648768238,0.04959758418906574,0.04959758418906574,0.04959758418906574,0.4542347580640274,0.43304350763229243,0.4384068833993001,0.46605719552232544,0.43010467473927505,0.04959758418906574,0.04959758418906574,0.43334342764351236,0.4434543006833281,0.04959758418906574,0.04959758418906574,0.04959758418906574,0.3704377967406095,0.04959758418906574,0.04959758418906574,0.04959758418906574,0.04959758418906574,0.04959758418906574,0.04959758418906574,0.04959758418906574,0.04959758418906574,0.4590876578942841,0.43726728303775453,0.04959758418906574,0.35811220373584524,0.04959758418906574,0.44002493593615694,0.45128738697381265,0.4472111496424463,0.44656901327191195,0.04959758418906574,0.3926958406223046,0.47218815734318165,0.43618942242283976,0.04959758418906574,0.40917538862368963,0.04959758418906574,0.42388182977701205
0.4601376681096818,0.40180248865815943,0.3195553776724728,0.3836548932493825,0.36290869948424104,0.3837609950468197,0.3703642128910038,0.3487601686474556,0.38375076852919954,0.41787091123122533,0.27460913962386846,0.4017774473939989,0.37579280585696107,0.3666205794482023,0.34955451108255703,0.40026912209936977,0.3293184267554893,0.4315468844098859,0.29634413475291144,0.2788925290676028,0.3750277306097988,0.40573868748405445,0.04959758418906574,0.507016229476224,0.4019714971151006,0.43628576013775194,0.37210738132673193,0.38396627687527035,0.36062088188664365,0.39554688997764753,0.38668416846508513,0.40588091264087867,0.37075041108098716,0.4079168403829973,0.4310794711889353,0.32203557592323795,0.37460221438814945,0.3715007181844636,0.4630410640610507,0.04959758418906574,0.4658955034361335,0.478233122759886,0.4468435710983489,0.04959758418906574,0.04959758418906574,0.04959758418906574,0.35996647631132733,0.48104528499308385,0.04959758418906574,0.41092682494607685,0.45453658276833914,0.4609230957813992,0.47362148421673317,0.5085708721699947,0.04959758418906574,0.3094862892217824,0.04959758418906574,0.45763261268263866,0.4728633535420506,0.4365952976295909,0.32074779245291474,0.04959758418906574,0.30449771279456683,0.3548995222431463,0.435981919485077,0.41427221379091517,0.42210946299140933,0.4866286247079966,0.04959758418906574,0.289761514762462,0.4044220845555315,0.47670218441033757,0.4598760242303257,0.4410275866721613,0.46760222435787535,0.4591511529362922
0.37918630086864424,0.04959758418906574,0.04959758418906574,0.04959758418906574,0.04959758418906574,0.3312844761572267,0.04959758418906574,0.5282937467107038,0.2825321368541928,0.33056971738590446,0.31773410713977285,0.28222203418059105,0.28234270777140685,0.4255854627716508,0.3626468435796099,0.3376897782855881,0.3306729292888711,0.3289695210097574,0.04959758418906574,0.35239038457562044,0.4914011034843505,0.39016504627938153,0.507016229476224,0.04959758418906574,0.3436922773219014,0.3311803521045458,0.43456505019576297,0.3722032286434108,0.3783662778883205,0.04959758418906574,0.3589770840822297,0.2897243817544871,0.2584801877176937,0.27384215221567865,0.3057351424812347,0.4739233737480267,0.3208931341386563,0.265734970953012,0.04959758418906574,0.33878028622659406,0.3101623012198388,0.33793664075653945,0.35485174833013405,0.04959758418906574,0.3063421284312125,0.45771707539066714,0.42446569253813327,0.04959758418906574,0.04959758418906574,0.04959758418906574,0.04959758418906574,0.04959758418906574,0.04959758418906574,0.04959758418906574,0.39947491301938504,0.04959758418906574,0.4193273021322217,0.36878589592857397,0.04959758418906574,0.04959758418906574,0.4085635865631,0.41171521685560425,0.41640135681375146,0.04959758418906574,0.04959758418906574,0.04959758418906574,0.04959758418906574,0.04959758418906574,0.38408037899416586,0.41924129192243303,0.43966089324253016,0.04959758418906574,0.04959758418906574,0.04959758418906574,0.04959758418906574,0.04959758418906574
0.3812695339988876,0.38116927572806575,0.25535636241621146,0.04959758418906574,0.35113394586634855,0.36946139561317554,0.3840430647269695,0.4768840737849189,0.2710144325565619,0.32213923778521664,0.3082609924736051,0.34734780517951225,0.39916048078047384,0.04959758418906574,0.37906713586189916,0.3779899670395641,0.3320918173508457,0.35238726471043164,0.2754897377796225,0.3954666628758522,0.42835178806163443,0.3936840430108549,0.4019714971151006,0.3436922773219014,0.04959758418906574,0.3625855998734865,0.3751328152473495,0.39200226592609955,0.38414453332643067,0.04959758418906574,0.3563413067287989,0.39974469574357,0.32398533120353185,0.3567413781691166,0.37843462994372934,0.04959758418906574,0.04959758418906574,0.2943619513114498,0.42362243318424325,0.3954200256576258,0.40840460556382485,0.43404043369794504,0.04959758418906574,0.04959758418906574,0.04959758418906574,0.4170668673911288,0.4289781593217576,0.04959758418906574,0.04959758418906574,0.04959758418906574,0.262653801613695,0.04959758418906574,0.04959758418906574,0.04959758418906574,0.4102107581421071,0.04959758418906574,0.42407170688658263,0.28230592560200535,0.04959758418906574,0.3774245038796886,0.4187561836173385,0.4114819272663394,0.4010918045139252,0.04959758418906574,0.38450174692362366,0.40080409565320546,0.3854221245327567,0.3350132750383649,0.39338752699347035,0.40784799501521635,0.423672600957202,0.30288818750257346,0.318325295386563,0.3656749075107205,0.04959758418906574,0.4082107443784095
0.3784812372941691,0.38957803948812536,0.2611561678954972,0.04959758418906574,0.34467871824680746,0.37874405408135653,0.38674031292123945,0.4927335342529878,0.27263725275358497,0.3497563288410427,0.04959758418906574,0.3007668093381209,0.4038376586885478,0.429626639553186,0.424240151467834,0.3925443581522958,0.34644589780663526,0.3663237822287616,0.04959758418906574,0.41587398899748074,0.41580421262136325,0.4108282322507387,0.43628576013775194,0.3311803521045458,0.3625855998734865,0.04959758418906574,0.41547748513450783,0.38757874679739346,0.4061961636721024,0.36836319304046283,0.3794516134922383,0.4201475574685685,0.348129462214234,0.38367832118078576,0.4181405658588069,0.46453341610478366,0.04959758418906574,0.31326099337788166,0.444215109912803,0.4087658460265354,0.4272964956553796,0.4429753971521531,0.04959758418906574,0.04959758418906574,0.3530580148421707,0.4339189801493495,0.44938280447846446,0.04959758418906574,0.04959758418906574,0.04959758418906574,0.34372014766411463,0.04959758418906574,0.47118818311957517,0.04959758418906574,0.4143826779216843,0.04959758418906574,0.42785385291997935,0.30696940249844185,0.04959758418906574,0.4761506267918275,0.4355748069974787,0.4232623432499162,0.41611981903498296,0.04959758418906574,0.4272352089763163,0.4782095969033958,0.45731746229223685,0.43362885368718823,0.40835024464384506,0.42079452966124586,0.44478012723169985,0.44201084426792925,0.34850981499382727,0.4042446556091216,0.04959758418906574,0.4256270247453597
