0.0,0.3908229907140826,0.0,0.0,0.0,0.48372992356599914,0.0,0.47534521824383796,0.0,0.0,0.0,0.32090852681725834,0.29457882518542017,0.44862234822187874,0.31351454394785955,0.36517890502903083,0.31898656276814663,0.353310769382607,0.0,0.33913913130474077,0.3798629793297865,0.3557328158612087,0.43167980478549595,0.34217528417944204,0.36701891693583766,0.32358319011004116,0.39750596855861214,0.4068114519761783,0.42593933316147414,0.0,0.3297008862769495,0.4030310416196464,0.33258742132519953,0.3425069222430458,0.376069295467912,0.0,0.0,0.0,0.43237014868994894,0.3920175234003195,0.4154198043244152,0.0,0.0,0.0,0.0,0.3698435803776472,0.4344752348629905,0.0,0.0,0.0,0.0,0.0,0.0,0.0,0.0,0.0,0.3684560635972298,0.0,0.0,0.42973147183401206,0.4356990977440067,0.0,0.4276804790774401,0.0,0.0,0.3610829631394085,0.43168084159676995,0.0,0.0,0.42703933186379095,0.4405585342736471,0.0,0.0,0.0,0.0,0.3962310122105065
0.3908229907140826,0.0,0.3023752131218365,0.0,0.3768932935957071,0.38863838337996454,0.43993250735236883,0.4560497739063623,0.4219902447458524,0.27952122899133136,0.0,0.2398708719452673,0.4219537529696353,0.0,0.3893346316716102,0.3749856309306342,0.3053910184080422,0.35676047778394715,0.0,0.404763642467952,0.3934604631104351,0.36348673208572185,0.4059014925361583,0.3247584255842413,0.3471953116270499,0.36851445040095165,0.3864204968857632,0.39341347512595437,0.3897632681666881,0.0,0.34465255948214224,0.4000971661431133,0.3490686700510622,0.3537731443582606,0.41349966250445697,0.0,0.0,0.0,0.4325153901288284,0.4345643528662503,0.4347180981128954,0.4661572958722065,0.0,0.0,0.0,0.43154444280234516,0.4348273961061946,0.0,0.0,0.0,0.4079946481661712,0.0,0.0,0.0,0.2740847600061103,0.0,0.0,0.25305124670716933,0.0,0.45741131383085454,0.43720593859740103,0.27069384484229947,0.40706222483291554,0.0,0.43238052397821186,0.4357271692665464,0.4365289853224178,0.4473118938764625,0.0,0.4213461131495023,0.46061722758277435,0.4411436619037533,0.26712819348060557,0.4317490554484643,0.0,0.4300486955851451
0.0,0.3023752131218365,0.0,0.3256625125108209,0.3605410069164314,0.34340581355204225,0.39114251977172826,0.4369350083322062,0.25946256686023733,0.34894255906721494,0.2764923984696223,0.27421347563767506,0.3961294939226309,0.3683233903587524,0.0,0.0,0.0,0.28309557828145826,0.22420430434461427,0.0,0.0,0.3438359363343115,0.2522168978939272,0.0,0.2785277287968646,0.28859123792705543,0.29798488566762854,0.39913890105587546,0.0,0.3865262115985764,0.4203118612373253,0.4077434034194411,0.27703594048538205,0.42197614310633136,0.4114273514534074,0.3834774854233812,0.3844341839963524,0.2672547402912459,0.4655601988357303,0.0,0.35186911494865614,0.3292811047843445,0.4526955076158756,0.0,0.0,0.0,0.0,0.36308658895192863,0.0,0.5307858372349108,0.5248957507615559,0.6055419811728866,0.5171842806489464,0.5357285129796411,0.0,0.26251189229947774,0.0,0.48316101845116854,0.4743852198637467,0.0,0.0,0.0,0.0,0.22683106579916568,0.0,0.0,0.0,0.5019057362205198,0.0,0.0,0.0,0.5268793249192,0.42810419084705054,0.3569710328235327,0.36759033383059286,0.4174869986597048
0.0,0.0,0.3256625125108209,0.0,0.21499701677692515,0.36574366265349506,0.2605142171808475,0.26005439721889584,0.3662984198336006,0.3228245841000322,0.3633114811145519,0.32253904188951227,0.2786112847457846,0.2063546643677617,0.0,0.0,0.0,0.0,0.3507785243802849,0.0,0.0,0.0,0.3533636093499314,0.0,0.0,0.0,0.354211062253178,0.26122447072787747,0.31543252315064063,0.0,0.0,0.2743973214159538,0.25965138698585144,0.21186981244070882,0.25614752277097297,0.18067436414718763,0.179431039964892,0.263877489007034,0.0,0.0,0.28649717653893847,0.3260205698609797,0.0,0.0,0.0,0.0,0.0,0.0,0.0,0.0,0.0,0.0,0.0,0.0,0.0,0.0,0.0,0.0,0.0,0.0,0.0,0.0,0.0,0.0,0.0,0.0,0.0,0.2789366284296825,0.0,0.0,0.0,0.28473434105097917,0.0,0.0,0.0,0.0
0.0,0.3768932935957071,0.3605410069164314,0.21499701677692515,0.0,0.34617516810508964,0.2906348536854609,0.3521888312073341,0.3048827686407664,0.3439231189529778,0.3263628245630469,0.30823654345512436,0.304239836359279,0.2749699306678875,0.0,0.39916197029678663,0.3422608986059081,0.3299877403307707,0.36194924255340927,0.4038503484501452,0.0,0.41189402237357853,0.38599510209796245,0.31730230414394184,0.342806102807816,0.3319001718435888,0.37408016359644114,0.35527538185463586,0.3953625262715316,0.0,0.39553441769712383,0.3277827033458106,0.33423366385468795,0.37438642837064096,0.3529511319311786,0.23291166271220956,0.27890147229444867,0.2858084992966603,0.3717871520079756,0.0,0.2761476968423941,0.2865116849816647,0.2924543931480273,0.1968106465450176,0.0,0.0,0.29038680578805415,0.4434844914309577,0.0,0.36978970320105514,0.4491112611157817,0.34754206628718487,0.41270781579972177,0.42340046909684365,0.0,0.4000655051659664,0.0,0.3028327392161302,0.0,0.31576653259165055,0.2979330298983265,0.0,0.0,0.3816974524268242,0.0,0.0,0.3002001270170705,0.4952464570762396,0.0,0.2991044539309953,0.2915510366699843,0.49344321284325904,0.3018818389604798,0.32309090314248157,0.0,0.3393223531423778
0.48372992356599914,0.38863838337996454,0.34340581355204225,0.36574366265349506,0.34617516810508964,0.0,0.3458998844389593,0.39135030135385696,0.3007813886299372,0.4074352287188048,0.32427030910326377,0.31879844056983503,0.3398919677998435,0.38265508185195696,0.3726428006915917,0.4104073389395242,0.2627944512532854,0.4221937211378161,0.3844288070943573,0.3816542601297292,0.3798075153480691,0.40395187065711174,0.39414469127625795,0.32225409447568587,0.3703545949699381,0.363378612622401,0.38122837289570255,0.3733841046675636,0.3056078169547338,0.4006411270082297,0.40913045508749585,0.3915103983210058,0.3687543878547819,0.42073430659127864,0.420675903810893,0.3991640559477186,0.3935537065232136,0.33065128703115043,0.472942156613906,0.0,0.49385291168773215,0.40655934788606596,0.37662027928856373,0.2629448203142563,0.0,0.0,0.31830246608371604,0.5209393416135043,0.0,0.45848112519396017,0.49451316116759175,0.5693673369179577,0.4337055805380566,0.5171327276180329,0.3446331248809928,0.3910608409404443,0.0,0.5202005015751341,0.3981113252612746,0.4264320133449789,0.24375766891238443,0.0,0.2426984256797559,0.47437351280787926,0.42865928491319055,0.3567220986767822,0.42714558605214076,0.5014210822311306,0.0,0.23770854327870888,0.3759042187986431,0.4989977049221027,0.49841638632596436,0.4779634208408824,0.42882372926652146,0.5017664705544304
0.0,0.43993250735236883,0.39114251977172826,0.2605142171808475,0.2906348536854609,0.3458998844389593,0.0,0.39480574932758805,0.32628820607295805,0.33515270191685786,0.39396192143363823,0.33351197853974496,0.27503825299085005,0.326232049040096,0.0,0.44235422920497164,0.35287681316122843,0.3918422235303787,0.3996698871014581,0.39699022677196116,0.0,0.42842961816987923,0.3923160010684949,0.30558590305469663,0.3896576985698049,0.3614058301449693,0.39191510579378136,0.32131349428839195,0.3923534651383523,0.0,0.36234224907212415,0.3417839365730514,0.36508463288589454,0.3441398150887676,0.33716571955352714,0.2857265282848124,0.3046658505358703,0.31265009195396826,0.38183438762309585,0.0,0.23492256252454866,0.2913732104173507,0.3393459893080487,0.0,0.0,0.0,0.25866763081850175,0.40466708702840143,0.0,0.34306931832977156,0.4602877928860726,0.34139615033889764,0.3761452469815776,0.3830051251807781,0.0,0.30089845323412046,0.0,0.3087194473917794,0.0,0.0,0.28719412094455615,0.0,0.0,0.0,0.27553553783254076,0.0,0.0,0.48626089649941384,0.0,0.2799786795044263,0.2600818620646451,0.4859554143334414,0.31602808482340744,0.33165931021334044,0.3387916627252819,0.3079662705832591
0.47534521824383796,0.4560497739063623,0.4369350083322062,0.26005439721889584,0.3521888312073341,0.39135030135385696,0.39480574932758805,0.0,0.4575335304474389,0.0,0.39390384734959577,0.0,0.38430029730047505,0.29046629224037185,0.0,0.0,0.0,0.44405223959409473,0.4270212750637132,0.329771719794132,0.3539329315362766,0.0,0.3420049087289587,0.4956257781665678,0.4631338032325621,0.45777475717527866,0.3902314987336808,0.3754148665131486,0.330181234257447,0.3742945307982992,0.4029879860968579,0.3163589894160037,0.45266147143876384,0.4016636857246242,0.0,0.2231497771649435,0.26039139538124784,0.0,0.4382737519170524,0.0,0.4531549910647436,0.0,0.3920811173065913,0.0,0.0,0.0,0.0,0.499691092819667,0.0,0.4559290278479021,0.4779232569534012,0.46975172528594195,0.4035454291198296,0.49594844923367093,0.0,0.4456376611363256,0.0,0.4331751895344382,0.4419120114480458,0.4102122413759654,0.0,0.0,0.0,0.46209763876467264,0.0,0.3839189517382055,0.0,0.47102593988263,0.0,0.0,0.4319349025786409,0.5009633702749969,0.4291863281670571,0.426973106281279,0.0,0.4403895720834581
0.0,0.4219902447458524,0.25946256686023733,0.3662984198336006,0.3048827686407664,0.3007813886299372,0.32628820607295805,0.4575335304474389,0.0,0.405827647281724,0.2976722838473242,0.3556473301694586,0.3442456094815342,0.3863438470315297,0.0,0.39968352635893334,0.27150396394267884,0.27621814436277814,0.24940007546389348,0.38628216781075403,0.0,0.418362047331088,0.407278959836656,0.3024427049088454,0.3839795966888713,0.37209447581982763,0.32460987651053025,0.39046463903389084,0.3762456995503891,0.38724678819917,0.4136752376515306,0.3935261554036443,0.3360941951345331,0.4089267750796343,0.4116276122604773,0.39935935006160583,0.3870764385241498,0.3674245325780492,0.5050678278821898,0.2442845509904602,0.2630684262364256,0.2496756568683308,0.45855119535637445,0.2570794562318107,0.28852641416253744,0.0,0.0,0.5374402389040226,0.0,0.47691482396446994,0.5223716885359638,0.5322986773189101,0.5035692252505681,0.5421579532759028,0.0,0.4923588305754222,0.0,0.4496777582598984,0.49484337372658693,0.0,0.2948645671878127,0.0,0.0,0.5034679448754593,0.0,0.0,0.0,0.531760645248305,0.0,0.0,0.2835140285078454,0.5273529833701066,0.4240753761874794,0.3635020193959075,0.38607113931561765,0.3736628003118502
0.0,0.27952122899133136,0.34894255906721494,0.3228245841000322,0.3439231189529778,0.4074352287188048,0.33515270191685786,0.0,0.405827647281724,0.0,0.40549690827571655,0.26761362029592195,0.3685427412144934,0.36075996828989737,0.0,0.302294468264091,0.23679795988898414,0.26408664578222085,0.38717006987159036,0.2707625952088246,0.0,0.27326167653877526,0.3648738172429898,0.31538109176851725,0.2815063777109005,0.2949845921809769,0.35889961623508493,0.3394479129780026,0.2754204364095192,0.2767477511309875,0.2882659766790661,0.3369894900485527,0.2987535156630503,0.29929103623365594,0.3023453118473088,0.304799893989549,0.1586970072071199,0.27310929253007865,0.4532333293292067,0.3574466147956114,0.34848312644995055,0.0,0.0,0.0,0.3214774327921089,0.0,0.0,0.0,0.0,0.0,0.0,0.0,0.0,0.0,0.4382961136768248,0.0,0.43989130478665034,0.38553680174182486,0.0,0.0,0.0,0.39803290528987767,0.4152160950577647,0.0,0.0,0.0,0.0,0.28505833359774513,0.4024817553940682,0.4328760092380878,0.42756907105930864,0.0,0.42457072691167425,0.0,0.0,0.42223951475859095
0.0,0.0,0.2764923984696223,0.3633114811145519,0.3263628245630469,0.32427030910326377,0.39396192143363823,0.39390384734959577,0.2976722838473242,0.40549690827571655,0.0,0.3649260101694083,0.3992366634933948,0.2851176712377989,0.0,0.30197897201985235,0.3188681172322202,0.2990052293230943,0.2235492568534902,0.0,0.0,0.0,0.2913959829975194,0.3339111900207109,0.3145272297404812,0.26185559274023634,0.3583942738969461,0.3998969136648888,0.0,0.0,0.421308415417521,0.37726011632562034,0.3205475820646466,0.4112874071413201,0.3896584519834034,0.3327821276325471,0.37815894376898507,0.35522999026218804,0.42238742719507544,0.0,0.26261853000000285,0.28249296781721805,0.4248645394648752,0.0,0.0,0.0,0.0,0.42346079622700095,0.0,0.48986044605395956,0.49127073391733544,0.47067539851978746,0.47478673247617126,0.5198775480504477,0.0,0.31923348542192204,0.0,0.4270936307309612,0.43853046384526523,0.0,0.0,0.0,0.0,0.2889183003817702,0.0,0.0,0.0,0.5315121304802414,0.0,0.0,0.0,0.5138286294177263,0.36291872503460404,0.0,0.0,0.0
0.32090852681725834,0.2398708719452673,0.27421347563767506,0.32253904188951227,0.30823654345512436,0.31879844056983503,0.33351197853974496,0.0,0.3556473301694586,0.26761362029592195,0.3649260101694083,0.0,0.3478024785527264,0.2528567322675672,0.0,0.2834242934797524,0.29832333278163203,0.3113973220054725,0.2894442268352947,0.0,0.437699273782462,0.2474305650982894,0.30133466602809633,0.27115243625957125,0.32447270240313186,0.2974012305954973,0.2833829281311343,0.28914234513437165,0.0,0.0,0.3005779234981124,0.22241485105088324,0.24994340309588242,0.23004601828651902,0.27853338466178623,0.27440196042582093,0.2212982933734989,0.18436835635231127,0.22756398456306856,0.35878980856636095,0.28505940279647873,0.0,0.0,0.0,0.30033351855276796,0.0,0.0,0.0,0.0,0.0,0.0,0.27508247480856884,0.0,0.0,0.4291910348230554,0.0,0.4270956387488049,0.3399776313489421,0.0,0.0,0.0,0.399164572396591,0.4141742548676616,0.0,0.0,0.0,0.0,0.0,0.3535704397725733,0.43064313095744916,0.4220099990761297,0.0,0.4003229287115523,0.0,0.0,0.3975425330047083
0.29457882518542017,0.4219537529696353,0.3961294939226309,0.2786112847457846,0.304239836359279,0.3398919677998435,0.27503825299085005,0.38430029730047505,0.3442456094815342,0.3685427412144934,0.3992366634933948,0.3478024785527264,0.0,0.33084315033137074,0.0,0.42664969639822337,0.38366614868612176,0.40495609531239507,0.4031501007156184,0.37931370274291454,0.36182576730422994,0.4304706419911287,0.3832260176583289,0.26473295953648845,0.3925637056225971,0.37898836992462076,0.38247824232602634,0.3197467022630604,0.3528929899139373,0.0,0.3495181145077051,0.3467993315452283,0.332740048454192,0.36298627822953206,0.34066734528249026,0.2919208364869955,0.30532562960031223,0.3257302152984317,0.4862522910314022,0.0,0.2730950200826471,0.2738042300731582,0.29870956946126564,0.0,0.0,0.0,0.24234996714728801,0.4035057149586438,0.0,0.3138134835382039,0.47265799858135177,0.3375677745205388,0.38700645177487036,0.32769588790075255,0.0,0.0,0.0,0.3507588308763217,0.0,0.2975296841006061,0.260262166281745,0.0,0.28101778684092815,0.0,0.3506144104155658,0.32299309989028774,0.0,0.46557822609682786,0.0,0.27706511989430793,0.3000017617996328,0.4566159154337018,0.3773158307490158,0.4114010443237616,0.3177758324757325,0.32125218528430255
0.44862234822187874,0.0,0.3683233903587524,0.2063546643677617,0.2749699306678875,0.38265508185195696,0.326232049040096,0.29046629224037185,0.3863438470315297,0.36075996828989737,0.2851176712377989,0.2528567322675672,0.33084315033137074,0.0,0.0,0.0,0.0,0.0,0.3512650187293815,0.0,0.4011854999070911,0.0,0.34830922998108865,0.2676416640852823,0.0,0.38039638679558546,0.3871454376648201,0.26798261886323593,0.0,0.0,0.4013335785995932,0.2449017565051039,0.0,0.3467611055160882,0.0,0.19189510327646464,0.14475984580984574,0.27007355424326984,0.0,0.0,0.2876838556850737,0.0,0.0,0.20426073864967167,0.0,0.0,0.0,0.41693766731728665,0.0,0.0,0.39930613622490624,0.0,0.0,0.0,0.0,0.41732223150048725,0.0,0.0,0.0,0.0,0.0,0.0,0.0,0.413981879487244,0.0,0.0,0.0,0.0,0.0,0.0,0.0,0.4641198967659945,0.0,0.0,0.0,0.0
0.31351454394785955,0.3893346316716102,0.0,0.0,0.0,0.3726428006915917,0.0,0.0,0.0,0.0,0.0,0.0,0.0,0.0,0.0,0.0,0.0,0.0,0.0,0.2691677278356959,0.34509026378366653,0.31863287235789567,0.3214205737702691,0.38875872976381454,0.33152915948169276,0.30724834063005135,0.35306152891112336,0.0,0.34821405079361656,0.0,0.36012322588407875,0.38175226923745154,0.3520439177775839,0.3796222622069562,0.4299316405877338,0.0,0.4264580162666044,0.0,0.44173875027142684,0.4316032931429953,0.44439898347900436,0.46989395547771295,0.0,0.0,0.0,0.0,0.4493256457679534,0.0,0.0,0.0,0.4145172377472569,0.0,0.0,0.0,0.0,0.0,0.0,0.346492982101648,0.0,0.44218630758139255,0.3958042836809649,0.0,0.0,0.0,0.4283947840487856,0.4031733684821164,0.44696948442205153,0.4375498891181538,0.0,0.3407074386503999,0.46015946565232213,0.44538906560333297,0.4423672425422221,0.42625116717741535,0.0,0.39934793749855946
0.36517890502903083,0.3749856309306342,0.0,0.0,0.39916197029678663,0.4104073389395242,0.44235422920497164,0.0,0.39968352635893334,0.302294468264091,0.30197897201985235,0.2834242934797524,0.42664969639822337,0.0,0.0,0.0,0.2967187492839784,0.3079199163296247,0.312036347571778,0.3377092192407818,0.0,0.3152771799779062,0.3941574587040445,0.0,0.3615224963159101,0.3640030133400475,0.3860109951613414,0.38222744371262335,0.37581494258010745,0.3585306344379374,0.31825766739228895,0.40414668687404526,0.33290024862282275,0.34055661978320484,0.38393890232558814,0.3101439526803341,0.0,0.25233394485573873,0.4217587002986261,0.3830725522744553,0.41688656349476727,0.4477427306993868,0.0,0.0,0.0,0.4199375470225243,0.4160412251863365,0.0,0.0,0.0,0.25830365149217366,0.0,0.0,0.0,0.28387559340330837,0.0,0.2868022406356357,0.2714361230626889,0.0,0.3717199313350373,0.4194017548626767,0.28751626401508484,0.39014219587033117,0.0,0.37861027627625155,0.0,0.39659791450537313,0.3304144133254401,0.3759408623588785,0.3999300628176006,0.43026418120504256,0.33957133765115566,0.2704489651863706,0.3332815233659335,0.0,0.4076843212321758
0.31898656276814663,0.3053910184080422,0.0,0.0,0.3422608986059081,0.2627944512532854,0.35287681316122843,0.0,0.27150396394267884,0.23679795988898414,0.3188681172322202,0.29832333278163203,0.38366614868612176,0.0,0.0,0.2967187492839784,0.0,0.25902047039108156,0.0,0.31993065093917666,0.0,0.3745849029272216,0.26085510517796623,0.3680760757684344,0.2754073916237747,0.3297363848294647,0.26611521587749204,0.36215571375825495,0.3104211917891219,0.27244296623615544,0.30311814235796825,0.3989223322322173,0.3152922164758639,0.3326178730814959,0.35209095967960025,0.40433399385723134,0.0,0.2778302363199342,0.0,0.367683896982321,0.4003557544336309,0.0,0.0,0.0,0.0,0.0,0.0,0.0,0.0,0.0,0.0,0.0,0.0,0.0,0.44865721589430035,0.0,0.45224153864925654,0.32606432518068834,0.0,0.0,0.0,0.45313014635878024,0.4493123445088728,0.0,0.0,0.0,0.0,0.0,0.42963907860879547,0.42945320170094553,0.4337970574494494,0.0,0.0,0.0,0.0,0.0
0.353310769382607,0.35676047778394715,0.28309557828145826,0.0,0.3299877403307707,0.4221937211378161,0.3918422235303787,0.44405223959409473,0.27621814436277814,0.26408664578222085,0.2990052293230943,0.3113973220054725,0.40495609531239507,0.0,0.0,0.3079199163296247,0.25902047039108156,0.0,0.28522471347326783,0.36391756613210263,0.42389345669827466,0.36487708084186743,0.4134152130935298,0.3517623810660571,0.312345239297918,0.3156013840177488,0.39250083339411757,0.379505890173585,0.3679534716589501,0.34658984530192666,0.3372668218657871,0.408451584223998,0.3109610870577078,0.34335554004677127,0.375579038157309,0.40338621864110896,0.0,0.23979182008195324,0.4117268983291824,0.38608466552055476,0.4034885842340786,0.44949077139596266,0.0,0.0,0.0,0.4177441489123519,0.3785336300123837,0.0,0.0,0.0,0.27862004069793106,0.0,0.0,0.0,0.4039634233028024,0.0,0.4392170482449082,0.3018241095983527,0.0,0.0,0.41503471754436755,0.4342139786066205,0.4103566660969242,0.0,0.0,0.0,0.0,0.0,0.43730941761169906,0.4216241561913165,0.43167348269568295,0.0,0.3043837270074616,0.26562857095985404,0.0,0.4232295075228265
0.0,0.0,0.22420430434461427,0.3507785243802849,0.36194924255340927,0.3844288070943573,0.3996698871014581,0.4270212750637132,0.24940007546389348,0.38717006987159036,0.2235492568534902,0.2894442268352947,0.4031501007156184,0.3512650187293815,0.0,0.312036347571778,0.0,0.28522471347326783,0.0,0.0,0.0,0.0,0.2203245338308992,0.0,0.2667797084473362,0.266714999046457,0.32378490171362445,0.4024050032208695,0.0,0.0,0.4193856302755112,0.3899293108949724,0.31137690888538544,0.40301995981664096,0.40604930358668795,0.37131333934716537,0.3705400800660134,0.3280243071255999,0.41595287040950346,0.0,0.28283461301025337,0.28683042167032813,0.42846724658282526,0.0,0.0,0.0,0.0,0.3351964031490921,0.0,0.4493482469550519,0.5196214584714687,0.45859462249981486,0.49809079536526624,0.5164526256268648,0.0,0.49231194766707786,0.0,0.38902852148912265,0.4579710642487198,0.0,0.0,0.0,0.0,0.38815110330182323,0.0,0.0,0.0,0.5350064669216069,0.0,0.0,0.0,0.528932914812977,0.3293285004857679,0.370192716820286,0.0,0.0
0.33913913130474077,0.404763642467952,0.0,0.0,0.4038503484501452,0.3816542601297292,0.39699022677196116,0.329771719794132,0.38628216781075403,0.2707625952088246,0.0,0.0,0.37931370274291454,0.0,0.2691677278356959,0.3377092192407818,0.31993065093917666,0.36391756613210263,0.0,0.0,0.36415018934198107,0.3229948500798473,0.1859993480628789,0.35737183848287624,0.364169345652024,0.35810957305991276,0.3022334573431175,0.32087102149191116,0.2812781919487179,0.3202097838554309,0.3208865594324193,0.3958658073850176,0.3665018858011569,0.3725119186590651,0.4302332260865539,0.44278243505107145,0.3720423576431511,0.0,0.42725935213928573,0.3973302489224964,0.4746120050978712,0.4594171589475085,0.2813551302115842,0.2707845761655908,0.0,0.0,0.4181362795559847,0.0,0.0,0.0,0.4082370002724156,0.2986239607265922,0.0,0.0,0.0,0.0,0.0,0.34591869209305015,0.0,0.4522538568256806,0.3020947682289859,0.0,0.26148830250769656,0.0,0.4296532667021653,0.38836014837640753,0.43560510733351504,0.4429656853540581,0.0,0.2635160195561701,0.44373966799870307,0.441874970106532,0.4310665102839196,0.447597335912854,0.357432391025534,0.4158191246452315
0.3798629793297865,0.3934604631104351,0.0,0.0,0.0,0.3798075153480691,0.0,0.3539329315362766,0.0,0.0,0.0,0.437699273782462,0.36182576730422994,0.4011854999070911,0.34509026378366653,0.0,0.0,0.42389345669827466,0.0,0.36415018934198107,0.0,0.37889579361098674,0.32540100060194715,0.4796213161693372,0.41832750390838513,0.3643851828425855,0.36058528770113585,0.35953181261602674,0.3631109089500747,0.0,0.37528825032573226,0.3976814120644733,0.36457906334397544,0.37649306798340076,0.43021090976937154,0.35043940811691077,0.0,0.0,0.4231580586175212,0.34774162643172746,0.41630516003928464,0.46478388630437734,0.0,0.0,0.0,0.41304441628639654,0.451438586508401,0.0,0.0,0.0,0.4153411798856384,0.0,0.2288309922919377,0.0,0.0,0.0,0.0,0.3589193443410156,0.0,0.4119688927266791,0.46567036115792526,0.0,0.0,0.0,0.39322386500463624,0.2564987222035054,0.4193325316986886,0.4208586518604968,0.0,0.3804874420357941,0.45565202701979896,0.41727053017706855,0.4077028144038576,0.41841140806720745,0.3775290275698411,0.36331256859251854
0.3557328158612087,0.36348673208572185,0.3438359363343115,0.0,0.41189402237357853,0.40395187065711174,0.42842961816987923,0.0,0.418362047331088,0.27326167653877526,0.0,0.2474305650982894,0.4304706419911287,0.0,0.31863287235789567,0.3152771799779062,0.3745849029272216,0.36487708084186743,0.0,0.3229948500798473,0.37889579361098674,0.0,0.37479671941227327,0.22554201382706865,0.3663297701879516,0.34551749141440236,0.3807079613980984,0.3747889300928562,0.3419873190725402,0.33900109753953916,0.3350725365952604,0.3978831779587884,0.3430159883713992,0.36883337109171455,0.43883813964046064,0.47911041945277527,0.0,0.0,0.42670087963675585,0.4331077051069955,0.4413346202752284,0.46844695676288456,0.3437955043712412,0.28415452597923335,0.0,0.4327897877885128,0.43464108313415345,0.0,0.2690894416757376,0.0,0.4224328799828431,0.2749549512989914,0.0,0.0,0.0,0.0,0.0,0.26291513168746317,0.0,0.462588996145794,0.4298739101388008,0.0,0.3457753563444945,0.0,0.4294018166637254,0.4563064453055232,0.4409455854904438,0.44917300201642524,0.0,0.4124453148115558,0.46148641800177426,0.45583405077317857,0.33085946973998465,0.4246813552828503,0.0,0.42130023169876923
0.43167980478549595,0.4059014925361583,0.2522168978939272,0.3533636093499314,0.38599510209796245,0.39414469127625795,0.3923160010684949,0.3420049087289587,0.407278959836656,0.3648738172429898,0.2913959829975194,0.30133466602809633,0.3832260176583289,0.34830922998108865,0.3214205737702691,0.3941574587040445,0.26085510517796623,0.4134152130935298,0.2203245338308992,0.1859993480628789,0.32540100060194715,0.37479671941227327,0.0,0.5063687742178407,0.40808960418496854,0.40336085842876374,0.30701573603302057,0.37724131676377404,0.36483326444660136,0.36778462592520095,0.38064330275729896,0.3701470645786184,0.33879292144499984,0.3961045150955558,0.38930758521647296,0.35003965196844716,0.3826137339535388,0.29823137173662684,0.4811197751879334,0.43582655966957756,0.4937120525387562,0.48666329243287065,0.40490000916798147,0.4001656658429364,0.0,0.0,0.42031193368848513,0.44674230340717974,0.0,0.5338988821036134,0.4973510195513221,0.5093654340930771,0.43927458143422277,0.5278628172860603,0.355391036639819,0.4943781802708714,0.0,0.4866901754207489,0.4427174977439131,0.4396442273839851,0.29338281195454197,0.0,0.0,0.4973318403078662,0.44372727761998887,0.3778376414339204,0.4304467158682189,0.4953482703540844,0.0,0.2660689399713752,0.44739141615301764,0.4981039424854301,0.47704327256689566,0.4684811740223315,0.47468718958496925,0.4837267524879322
0.34217528417944204,0.3247584255842413,0.0,0.0,0.31730230414394184,0.32225409447568587,0.30558590305469663,0.4956257781665678,0.3024427049088454,0.31538109176851725,0.3339111900207109,0.27115243625957125,0.26473295953648845,0.2676416640852823,0.38875872976381454,0.0,0.3680760757684344,0.3517623810660571,0.0,0.35737183848287624,0.4796213161693372,0.22554201382706865,0.5063687742178407,0.0,0.37662210950003644,0.31265570014309974,0.5126470866834004,0.23849551260844468,0.35275280512430623,0.0,0.32415447651776697,0.25643431953357104,0.22208345864866136,0.22294055938278234,0.3501308710970161,0.29247867995779986,0.27041941284667004,0.22913328146845174,0.32485001064900776,0.3317631442775189,0.2750170994957871,0.0,0.0,0.0,0.2730061451830649,0.4037254827814103,0.0,0.0,0.0,0.0,0.0,0.0,0.0,0.0,0.41898660736467147,0.0,0.4078781186743729,0.4384733603938698,0.0,0.0,0.4252738421625888,0.4476029859839936,0.4344689525788075,0.0,0.0,0.0,0.0,0.0,0.3315146039651275,0.4424673025763088,0.4300465345596313,0.0,0.0,0.0,0.0,0.424382622234565
0.36701891693583766,0.3471953116270499,0.2785277287968646,0.0,0.342806102807816,0.3703545949699381,0.3896576985698049,0.4631338032325621,0.3839795966888713,0.2815063777109005,0.3145272297404812,0.32447270240313186,0.3925637056225971,0.0,0.33152915948169276,0.3615224963159101,0.2754073916237747,0.312345239297918,0.2667797084473362,0.364169345652024,0.41832750390838513,0.3663297701879516,0.40808960418496854,0.37662210950003644,0.0,0.3274277157147235,0.36754820833389706,0.3714832593338336,0.33624444221612354,0.2990001658325612,0.34054180977495396,0.39540555106471753,0.30935984351506485,0.3343810722344046,0.3694496986725878,0.3650760349091244,0.0,0.28737246974970704,0.42433298352740056,0.3993878406252149,0.4059147293995741,0.4407900539392651,0.33517055775252375,0.0,0.3018704808070227,0.42086485837439835,0.40818061022081537,0.0,0.0,0.0,0.25462708710556886,0.302058792141595,0.0,0.0,0.4391309024970319,0.0,0.44106714643424233,0.2987914168717625,0.0,0.0,0.4305363965484152,0.422798624024549,0.41346959837804037,0.0,0.37391342727021115,0.4167555722555768,0.3443835852786136,0.2703747564919047,0.426458755541169,0.4250545274297212,0.43820032522921964,0.0,0.3467530185067678,0.38906549078597513,0.0,0.42244920024463173
0.32358319011004116,0.36851445040095165,0.28859123792705543,0.0,0.3319001718435888,0.363378612622401,0.3614058301449693,0.45777475717527866,0.37209447581982763,0.2949845921809769,0.26185559274023634,0.2974012305954973,0.37898836992462076,0.38039638679558546,0.30724834063005135,0.3640030133400475,0.3297363848294647,0.3156013840177488,0.266714999046457,0.35810957305991276,0.3643851828425855,0.34551749141440236,0.40336085842876374,0.31265570014309974,0.3274277157147235,0.0,0.38474100622024565,0.35840575145220555,0.3496353866996783,0.2774104404303609,0.34287236768018475,0.3944062427195116,0.3372696287671389,0.34495083024611206,0.3957512261058841,0.36482185680292856,0.0,0.29150254919578256,0.427694433682887,0.415414466119022,0.4358477500804784,0.4609766123263938,0.30636718832333576,0.0,0.30833768000490014,0.408647336920098,0.4501973684035679,0.0,0.0,0.0,0.4556176415144768,0.0,0.0,0.32209609440269044,0.45929322446103876,0.0,0.44722533261994385,0.32716262924968087,0.0,0.46775258924000185,0.4453190731024452,0.43600956854214024,0.42429880642483253,0.0,0.4364630166107481,0.43713635959494196,0.4599250693119315,0.41219929857578896,0.41063534414973984,0.43273371788605947,0.4502610098073165,0.4627944918472577,0.35982858204415036,0.4250233568253698,0.0,0.42927807856248323
0.39750596855861214,0.3864204968857632,0.29798488566762854,0.354211062253178,0.37408016359644114,0.38122837289570255,0.39191510579378136,0.3902314987336808,0.32460987651053025,0.35889961623508493,0.3583942738969461,0.2833829281311343,0.38247824232602634,0.3871454376648201,0.35306152891112336,0.3860109951613414,0.26611521587749204,0.39250083339411757,0.32378490171362445,0.3022334573431175,0.36058528770113585,0.3807079613980984,0.30701573603302057,0.5126470866834004,0.36754820833389706,0.38474100622024565,0.0,0.37606375831731165,0.34429669605534785,0.3484983881423073,0.36041393293081103,0.3804959718184284,0.33713728622762906,0.3902151064846629,0.4001500964864994,0.3878207409537231,0.3865346689062512,0.3034839305799057,0.47115566878960596,0.3760818112981526,0.497508905493738,0.48812264404358585,0.4183405292294512,0.272448958982805,0.0,0.0,0.3759778644652134,0.5345734978387905,0.0,0.5139396278731801,0.503381320159067,0.5393088104067113,0.4489133450269007,0.5304098094148663,0.0,0.48619461239585454,0.0,0.5062783654053994,0.45810840238004186,0.4411088595405701,0.2545253918248198,0.0,0.0,0.5114015461035878,0.43902674973718747,0.4031069639543335,0.43346125955906833,0.49436693014977723,0.0,0.2500969616051797,0.44495311523521275,0.4953684272310485,0.4804245298718034,0.47357597264326257,0.4462940900397152,0.459994702463619
0.4068114519761783,0.39341347512595437,0.39913890105587546,0.26122447072787747,0.35527538185463586,0.3733841046675636,0.32131349428839195,0.3754148665131486,0.39046463903389084,0.3394479129780026,0.3998969136648888,0.28914234513437165,0.3197467022630604,0.26798261886323593,0.0,0.38222744371262335,0.36215571375825495,0.379505890173585,0.4024050032208695,0.32087102149191116,0.35953181261602674,0.3747889300928562,0.37724131676377404,0.23849551260844468,0.3714832593338336,0.35840575145220555,0.37606375831731165,0.0,0.30647025651785975,0.28668769887425455,0.3342378024069102,0.33611951454522376,0.2977144191078505,0.3074108573029154,0.307254564022014,0.26294120522233566,0.24826208559847684,0.2248183218214867,0.35014459517088786,0.0,0.30851019676038033,0.32492732683253284,0.21504775372048532,0.0,0.16413047760914018,0.0,0.0,0.35948056949131285,0.15978154278426013,0.3025470018682859,0.47587711201333477,0.27542989490894726,0.3790140676726001,0.3050908334744536,0.0,0.0,0.0,0.39555955036773705,0.0,0.3887002710331675,0.0,0.0,0.261989530324794,0.0,0.421045383887636,0.3743291088065656,0.34198725935262275,0.46036407003205965,0.0,0.27276607001328473,0.33686858105375467,0.45232515750394736,0.4408815397882488,0.44783292818968073,0.33110752274011584,0.3992354321890791
0.42593933316147414,0.3897632681666881,0.0,0.31543252315064063,0.3953625262715316,0.3056078169547338,0.3923534651383523,0.330181234257447,0.3762456995503891,0.2754204364095192,0.0,0.0,0.3528929899139373,0.0,0.34821405079361656,0.37581494258010745,0.3104211917891219,0.3679534716589501,0.0,0.2812781919487179,0.3631109089500747,0.3419873190725402,0.36483326444660136,0.35275280512430623,0.33624444221612354,0.3496353866996783,0.34429669605534785,0.30647025651785975,0.0,0.3000833821555727,0.3115091928572787,0.3594594526241213,0.29024957848352473,0.3617796928391663,0.3973523429151109,0.42340474932938815,0.359622704085248,0.0,0.4581673059341413,0.3444374522325202,0.5389371392558602,0.44269885463754527,0.36114164447768665,0.30026620918459834,0.0,0.0,0.3721606366086781,0.3611138797224239,0.0,0.3362798371470652,0.49933466934238946,0.352752141700132,0.3592497276146652,0.30280381468307865,0.3204846659595651,0.0,0.0,0.4765197438636033,0.0,0.42926276109479483,0.2582763346104779,0.0,0.2595346286449914,0.0,0.4347108855292783,0.38736805196069346,0.425191223283284,0.46453255906401825,0.0,0.24055989055758317,0.39490142483757834,0.45553736627897595,0.4745502499593627,0.45269829238981313,0.42465742540502166,0.44656773846588504
0.0,0.0,0.3865262115985764,0.0,0.0,0.4006411270082297,0.0,0.3742945307982992,0.38724678819917,0.2767477511309875,0.0,0.0,0.0,0.0,0.0,0.3585306344379374,0.27244296623615544,0.34658984530192666,0.0,0.3202097838554309,0.0,0.33900109753953916,0.36778462592520095,0.0,0.2990001658325612,0.2774104404303609,0.3484983881423073,0.28668769887425455,0.3000833821555727,0.0,0.2961653524440314,0.387626635114161,0.30402894186599133,0.34167658337488316,0.34734869126205203,0.38679281310553243,0.0,0.0,0.0,0.0,0.0,0.0,0.0,0.0,0.0,0.0,0.0,0.0,0.0,0.0,0.41758934951224164,0.0,0.0,0.0,0.0,0.0,0.0,0.0,0.0,0.375526667338145,0.0,0.0,0.0,0.0,0.40004531623943523,0.0,0.0,0.45455410289576864,0.0,0.0,0.0,0.4507883302759819,0.35990689890947947,0.4067549321378266,0.0,0.0
0.3297008862769495,0.34465255948214224,0.4203118612373253,0.0,0.39553441769712383,0.40913045508749585,0.36234224907212415,0.4029879860968579,0.4136752376515306,0.2882659766790661,0.421308415417521,0.3005779234981124,0.3495181145077051,0.4013335785995932,0.36012322588407875,0.31825766739228895,0.30311814235796825,0.3372668218657871,0.4193856302755112,0.3208865594324193,0.37528825032573226,0.3350725365952604,0.38064330275729896,0.32415447651776697,0.34054180977495396,0.34287236768018475,0.36041393293081103,0.3342378024069102,0.3115091928572787,0.2961653524440314,0.0,0.3654405902997738,0.2958599055263454,0.27070232425188084,0.2888931875915417,0.35202639477862996,0.26877407826177485,0.2489507271241919,0.4690914701864297,0.0,0.4722554924324608,0.0,0.0,0.0,0.0,0.0,0.39688892009393445,0.34827969012505366,0.0,0.0,0.48486277167892755,0.30150591590931036,0.42419522524209036,0.30906449920069073,0.43283140627353656,0.0,0.4557845398329551,0.3361303498970281,0.0,0.427102196533131,0.39771280495982847,0.3478990548033927,0.38773331721627585,0.0,0.4188592133875831,0.40923993051375684,0.40190206819669266,0.4722078940464846,0.0,0.40647996813881176,0.42192317661262185,0.4655541813096203,0.43378721702389555,0.44493549058050363,0.0,0.4296682286929916
0.4030310416196464,0.4000971661431133,0.4077434034194411,0.2743973214159538,0.3277827033458106,0.3915103983210058,0.3417839365730514,0.3163589894160037,0.3935261554036443,0.3369894900485527,0.37726011632562034,0.22241485105088324,0.3467993315452283,0.2449017565051039,0.38175226923745154,0.40414668687404526,0.3989223322322173,0.408451584223998,0.3899293108949724,0.3958658073850176,0.3976814120644733,0.3978831779587884,0.3701470645786184,0.25643431953357104,0.39540555106471753,0.3944062427195116,0.3804959718184284,0.33611951454522376,0.3594594526241213,0.387626635114161,0.3654405902997738,0.0,0.30502588689848775,0.36479385655543184,0.36127392640071215,0.27005780803806617,0.29395531597131624,0.23050771319481236,0.2732988402412973,0.2640806205135805,0.30573607614920384,0.31342217823373586,0.23514498633327216,0.22548381653844504,0.23209230666583028,0.4303092323132278,0.43927692766248544,0.4015117123492743,0.18421602436392343,0.27777254752466707,0.41678337568650087,0.18420153720830454,0.40166243322405115,0.2889156999857761,0.24597699453317934,0.34037979403755025,0.2650317524449578,0.33428646634452774,0.3341873496340196,0.4473172418953323,0.46259999248681355,0.3782507446579413,0.4528692173159904,0.31908833442598983,0.4341967490451636,0.41544980031543577,0.4287686639398895,0.4610040092367883,0.0,0.4279809912297132,0.4492156547431135,0.44926586418281655,0.3288449761395102,0.4394781522281174,0.4377917802886108,0.3754203619972146
0.33258742132519953,0.3490686700510622,0.27703594048538205,0.25965138698585144,0.33423366385468795,0.3687543878547819,0.36508463288589454,0.45266147143876384,0.3360941951345331,0.2987535156630503,0.3205475820646466,0.24994340309588242,0.332740048454192,0.0,0.3520439177775839,0.33290024862282275,0.3152922164758639,0.3109610870577078,0.31137690888538544,0.3665018858011569,0.36457906334397544,0.3430159883713992,0.33879292144499984,0.22208345864866136,0.30935984351506485,0.3372696287671389,0.33713728622762906,0.2977144191078505,0.29024957848352473,0.30402894186599133,0.2958599055263454,0.30502588689848775,0.0,0.2116225668420397,0.32220725666725747,0.2773961249823488,0.22446044778239796,0.17284782363147824,0.2569328343020293,0.20844719732620376,0.2501959200074766,0.2818533972897231,0.21857384460204046,0.2133292089311524,0.18496552576716443,0.4006338850427346,0.4162804443217844,0.0,0.0,0.0,0.4034052748686445,0.27856979235637264,0.0,0.27848556762881105,0.3345860529407878,0.0,0.3476907265575833,0.2697940361929244,0.0,0.44633097744017425,0.40232258699779827,0.3395540696192222,0.3499369870415581,0.0,0.4131326171384213,0.0,0.41209480643454605,0.4441173871173498,0.34569358934183053,0.36789898154035483,0.3959195355788636,0.0,0.2202518012682144,0.3541912007884195,0.0,0.38133038113402523
0.3425069222430458,0.3537731443582606,0.42197614310633136,0.21186981244070882,0.37438642837064096,0.42073430659127864,0.3441398150887676,0.4016636857246242,0.4089267750796343,0.29929103623365594,0.4112874071413201,0.23004601828651902,0.36298627822953206,0.3467611055160882,0.3796222622069562,0.34055661978320484,0.3326178730814959,0.34335554004677127,0.40301995981664096,0.3725119186590651,0.37649306798340076,0.36883337109171455,0.3961045150955558,0.22294055938278234,0.3343810722344046,0.34495083024611206,0.3902151064846629,0.3074108573029154,0.3617796928391663,0.34167658337488316,0.27070232425188084,0.36479385655543184,0.2116225668420397,0.0,0.3197457439966411,0.3328325807557945,0.2274088090589737,0.18893707857382197,0.30668032772903514,0.25320194191111384,0.29607105452851623,0.3181041434644592,0.2532361214843231,0.22508756193304685,0.24341069700134335,0.4016881509258356,0.42160247472796597,0.24807745925172245,0.18037382197941282,0.2686839637850167,0.42701640610987746,0.20108654434569367,0.4214563832039567,0.23749165954739607,0.2975607583624795,0.2817376134984941,0.29388744031315356,0.2470277886481747,0.28679670169011506,0.446080342148794,0.4124640983784973,0.0,0.401586860267828,0.2695744246007153,0.44027972607730903,0.4201709742382293,0.43039082043955135,0.47464042795809985,0.39740731330494583,0.3997681583881787,0.4331421100235426,0.47005612371576905,0.27186266497523026,0.45496991504711803,0.4053726211923823,0.27936515951294544
0.376069295467912,0.41349966250445697,0.4114273514534074,0.25614752277097297,0.3529511319311786,0.420675903810893,0.33716571955352714,0.0,0.4116276122604773,0.3023453118473088,0.3896584519834034,0.27853338466178623,0.34066734528249026,0.0,0.4299316405877338,0.38393890232558814,0.35209095967960025,0.375579038157309,0.40604930358668795,0.4302332260865539,0.43021090976937154,0.43883813964046064,0.38930758521647296,0.3501308710970161,0.3694496986725878,0.3957512261058841,0.4001500964864994,0.307254564022014,0.3973523429151109,0.34734869126205203,0.2888931875915417,0.36127392640071215,0.32220725666725747,0.3197457439966411,0.0,0.4000555285118437,0.30241609859139296,0.2625184721327818,0.2967756318652901,0.2660007627132632,0.3073582275623399,0.33297740418365435,0.24734992076279885,0.2481004206949496,0.2693456381753889,0.0,0.4570083297420931,0.284429147405506,0.22236686970643896,0.3014720858530837,0.32012790349799103,0.27212588705268465,0.0,0.2714961639563951,0.2821686292146198,0.29477624246204304,0.0,0.26569742598698365,0.286063783443918,0.477752097011322,0.4324462793453678,0.0,0.0,0.29508826511517106,0.44608218535367916,0.0,0.43786396808599887,0.4310988231860152,0.0,0.4067569602593058,0.4579312003666737,0.41545346615007583,0.24834208994778328,0.4353093350209615,0.4188773140388375,0.0
