0.0,0.4226100231472863,0.0,0.0,0.0,0.48969427105995517,0.0,0.512732192808462,0.0,0.0,0.0,0.344028480555006,0.3402883554997114,0.48501590252968724,0.3389165945410611,0.39564057931571517,0.3347975686905143,0.3830947869441432,0.0,0.3774755805513853,0.4090274346732081,0.3857883893095064,0.4644026573510188,0.3654734205213228,0.39709623675750944,0.34906065479774395,0.4269438020395207,0.43596000296271453,0.46141794950848536,0.0,0.3563487731088276,0.4356800378771971,0.3625881830233449,0.3717277358978577,0.4065103407447877,0.0,0.0,0.0,0.4687120576280295,0.4290400462204882,0.4546180484795517,0.0,0.0,0.0,0.0,0.39505709624002544,0.4729519504463046,0.0,0.0,0.0,0.0,0.0,0.0,0.0,0.0,0.0,0.4135337287822203,0.0,0.0,0.45590695524289204,0.4741084898551089,0.0,0.4484402881684092,0.0,0.0,0.3906251892316426,0.46903430239477245,0.0,0.0,0.465396016796115,0.4755979906589008,0.0,0.0,0.0,0.0,0.4225793771380603
0.4226100231472863,0.0,0.35712222917440894,0.0,0.41176253066369634,0.419646904618543,0.4530422179894544,0.49498652955336664,0.4429754596956826,0.3158083475129984,0.0,0.2690156042507624,0.4547406240934504,0.0,0.42218104152420594,0.4038135576034025,0.3300722163553558,0.3843450523586323,0.0,0.4361119642414431,0.4272103350100577,0.391014593527589,0.4403715476039943,0.34733215459222333,0.3737285766083335,0.396470551566332,0.4171066706591519,0.42482870479283125,0.42071329443880523,0.0,0.3700757067124206,0.43148491411856243,0.37575616249721944,0.38150000203161616,0.4704233502106182,0.0,0.0,0.0,0.4691955043434738,0.4723532652000283,0.4721016610829838,0.5063729741518203,0.0,0.0,0.0,0.4672990606201549,0.47169486504062136,0.0,0.0,0.0,0.44417251008618003,0.0,0.0,0.0,0.323669065707798,0.0,0.0,0.3209021337438027,0.0,0.49789903762995324,0.4737615027975968,0.31517488260733356,0.44289086789864596,0.0,0.47140634190454034,0.4738920249452446,0.47273244251071583,0.47976822223176613,0.0,0.45972969843553785,0.4993500219335745,0.4749347124650006,0.33643730450992,0.4670122887908367,0.0,0.4617078295821615
0.0,0.35712222917440894,0.0,0.3759763009341148,0.38895144196021847,0.37099918292686285,0.42528374159050536,0.47135453871527827,0.28036656423447753,0.40720644223569963,0.2976542000998728,0.34828340540479974,0.43148321154475927,0.4000189331183374,0.0,0.0,0.0,0.37899362278642407,0.2383193495086109,0.0,0.0,0.3964141658183624,0.2731488947759502,0.0,0.3393307957874742,0.3513145579836261,0.3210336871426904,0.43383840465061035,0.0,0.427191420105102,0.45823214929094036,0.444342792832719,0.34459168185870526,0.46205359931814605,0.4536941569738034,0.4179411890244473,0.4221519056999875,0.34675454453711596,0.5179249811856153,0.0,0.4269847199619961,0.37999270426503917,0.49433068235007266,0.0,0.0,0.0,0.0,0.3907682129320121,0.0,0.5632269753150265,0.5714269514552847,0.5820059537292182,0.560613089516026,0.5816878626624743,0.0,0.2902300418520187,0.0,0.5344027279975151,0.5192145022549896,0.0,0.0,0.0,0.0,0.24576821241570954,0.0,0.0,0.0,0.5436969886662337,0.0,0.0,0.0,0.5729638101885924,0.4866992277702025,0.4249993099121623,0.440791607226902,0.4815831127940402
0.0,0.0,0.3759763009341148,0.0,0.2320949183017727,0.3998184613577541,0.27859529105933534,0.2847056957924023,0.4010448898402901,0.35836988773323497,0.39450073816344394,0.3611882797305312,0.3050471992314882,0.2307047779716121,0.0,0.0,0.0,0.0,0.3859730785274265,0.0,0.0,0.0,0.3853704407808662,0.0,0.0,0.0,0.3906674540134089,0.283244933992371,0.36689803050036446,0.0,0.0,0.29837584186759264,0.27454225669917515,0.23189076461131175,0.28249600472670044,0.20224493047658346,0.19451115058710436,0.2975690208136255,0.0,0.0,0.34257603650035867,0.38146785823485535,0.0,0.0,0.0,0.0,0.0,0.0,0.0,0.0,0.0,0.0,0.0,0.0,0.0,0.0,0.0,0.0,0.0,0.0,0.0,0.0,0.0,0.0,0.0,0.0,0.0,0.3302752258067508,0.0,0.0,0.0,0.3513956976983563,0.0,0.0,0.0,0.0
0.0,0.41176253066369634,0.38895144196021847,0.2320949183017727,0.0,0.37336762314893934,0.31273375322303354,0.38400622649096805,0.329525556168227,0.38320555902184733,0.3502772714331996,0.3562736479729235,0.3292880283121361,0.2988824248382966,0.0,0.4411550260728004,0.37854067646891554,0.3858958087258897,0.3906105711327862,0.43306283160654335,0.0,0.446389819303884,0.41705620996593906,0.34992624100310443,0.38859523203048996,0.37026222030754513,0.4029321491807539,0.38523807278381195,0.42792558388699364,0.0,0.4301526764706419,0.35490294147406953,0.37362488522391174,0.40859126957147773,0.3850284068597063,0.2539168644027391,0.29968061694749165,0.325899805907893,0.43491074868816126,0.0,0.34441196152727604,0.3233111909883096,0.3431130571416367,0.22640654725926998,0.0,0.0,0.3138852185605663,0.49681406191375804,0.0,0.446248857418711,0.49648466898508364,0.4284202488585469,0.4630521135877213,0.4804600549911955,0.0,0.4529225119679894,0.0,0.3762853391883493,0.0,0.3705987505139241,0.32204209124536953,0.0,0.0,0.45070136961923357,0.0,0.0,0.35612395268868074,0.5412198819445885,0.0,0.3233083081711816,0.33922459448895476,0.5311625958434868,0.39167229224795896,0.3956724434969401,0.0,0.4006060131999364
0.48969427105995517,0.419646904618543,0.37099918292686285,0.3998184613577541,0.37336762314893934,0.0,0.3756407241912047,0.4233895921031062,0.32533744328137143,0.44334960931980044,0.3510957949219456,0.3784620579980397,0.36765027060136046,0.4157006676799051,0.4045814244902237,0.4446373806759104,0.3329593002087646,0.4587916374351914,0.41027183228907305,0.4101637307157304,0.4164362469867605,0.4363083616409074,0.4228199795398431,0.3777120060171921,0.3991078325185828,0.39310939909553994,0.40859171702271735,0.403060472513761,0.33245471209191274,0.43246900944043326,0.4437631476498109,0.42435570966277664,0.4002445062154043,0.4562115417112634,0.4556093859587367,0.4327888458934833,0.42814122111222186,0.3748627743299316,0.5130978286458321,0.0,0.5327072875662895,0.45197102936435385,0.4318117901284888,0.32109563885529907,0.0,0.0,0.37039948780472076,0.5677803701609828,0.0,0.5088988061764183,0.538007694830318,0.5541747489402166,0.47263307108025226,0.5633946280836312,0.37252120816203915,0.46295018634959967,0.0,0.5424388936907126,0.4305688953019033,0.466226493532314,0.31511487166649355,0.0,0.28836433421680374,0.5199616770930502,0.4686136816347457,0.39687219935519885,0.43354164685736973,0.543274078703295,0.0,0.314445842159438,0.42016517485931104,0.5417558514838556,0.5472226825462144,0.5125710151432726,0.48358247205870886,0.5398958963181313
0.0,0.4530422179894544,0.42528374159050536,0.27859529105933534,0.31273375322303354,0.3756407241912047,0.0,0.4290359038127738,0.3542810159197306,0.36460471394160626,0.4282100783646936,0.3638336480598478,0.29731760937872537,0.35349360737610247,0.0,0.47920295647948435,0.3919493178948818,0.42295414870957837,0.4351074159861377,0.4299951557248388,0.0,0.46323697563151967,0.42562410329849065,0.34956880143968566,0.4187379800086024,0.39335061252234177,0.424088966036623,0.3477093464832248,0.42474806821393446,0.0,0.3932911089369784,0.37022677981926533,0.39927769943495656,0.3739556579135754,0.3629230513848743,0.3077149914562195,0.31993647103752226,0.3454697102140684,0.4238137083291018,0.0,0.2898926039475643,0.35361707803346015,0.4075050307734037,0.0,0.0,0.0,0.3443388895163709,0.47141672858336137,0.0,0.4112211862038906,0.5066933010127803,0.42461142423133547,0.4063841414478641,0.4565732739592004,0.0,0.37163172351040247,0.0,0.3956088995101368,0.0,0.0,0.3311492331009301,0.0,0.0,0.0,0.3609934177667217,0.0,0.0,0.5297559211263448,0.0,0.33293234125990284,0.33612856052215306,0.5271289245259121,0.3913205855513871,0.3998013203474917,0.4184458351040637,0.3818260564168339
0.512732192808462,0.49498652955336664,0.47135453871527827,0.2847056957924023,0.38400622649096805,0.4233895921031062,0.4290359038127738,0.0,0.4953899895179669,0.0,0.42706182927295155,0.0,0.41826696147324466,0.31579742760412416,0.0,0.0,0.0,0.4818009941190285,0.46108833516649966,0.3655025094457456,0.3835288688908281,0.0,0.3690361562895133,0.5336151064405206,0.500760597674205,0.493868035611653,0.42156323710977045,0.4062920690401791,0.3597773692082336,0.4053016478269464,0.43719731666020345,0.3452115515048603,0.4894989362896924,0.4361767865563036,0.0,0.2454331763585157,0.28394431776078827,0.0,0.47585614842622015,0.0,0.4982686462086172,0.0,0.42932165886202023,0.0,0.0,0.0,0.0,0.5433366937692619,0.0,0.5143558652702733,0.5221512737084806,0.5162393487255105,0.441493268476329,0.540501581738448,0.0,0.48616243867954456,0.0,0.474716755311152,0.49513270999399395,0.4615866603540899,0.0,0.0,0.0,0.5009406324547523,0.0,0.4231045415667471,0.0,0.5107290235960577,0.0,0.0,0.47716426997195666,0.5451239735929917,0.46999838159173074,0.469234123242516,0.0,0.4868824029122841
0.0,0.4429754596956826,0.28036656423447753,0.4010448898402901,0.329525556168227,0.32533744328137143,0.3542810159197306,0.4953899895179669,0.0,0.4466748856595525,0.32119163376231197,0.3998441846970125,0.37487983199174046,0.41865922512633624,0.0,0.446808401921208,0.3457680198845225,0.33902487389961544,0.2683771224848745,0.4183341688166117,0.0,0.45424724250034576,0.43650434649273173,0.36497153950798766,0.4028246389413552,0.4066229962753792,0.3505875351753072,0.42589136307405495,0.40873090975750137,0.41956669848648714,0.45128214315856974,0.42936982796535156,0.38139432863553757,0.44678731239467884,0.4497830540624147,0.4344611794391584,0.42506271159563247,0.4072355224854465,0.5413595718830886,0.3120016776543235,0.33911267774627163,0.3034495682384912,0.5001204711822768,0.29758907665949197,0.3573945833653208,0.0,0.0,0.583786039104101,0.0,0.5331213658927078,0.5697055517826562,0.5528349205147686,0.5466548186904862,0.5936326033671246,0.0,0.5358929677077756,0.0,0.5030152803917991,0.5447070980123748,0.0,0.3187253252307402,0.0,0.0,0.5484839156905712,0.0,0.0,0.0,0.5766040066882498,0.0,0.0,0.34622202066778196,0.572849425162109,0.4739384433553879,0.43465863287501355,0.4898620019074873,0.44192710988759865
0.0,0.3158083475129984,0.40720644223569963,0.35836988773323497,0.38320555902184733,0.44334960931980044,0.36460471394160626,0.0,0.4466748856595525,0.0,0.44445020801139656,0.28805168860961833,0.39859941226760176,0.39425047221814796,0.0,0.3359784640382831,0.2575626931778259,0.2867119773470844,0.4261763457143279,0.3264319769213402,0.0,0.3231203642129659,0.4145309385564794,0.34034035125172923,0.30351913714266343,0.3168922759379285,0.4099759368210918,0.3670028557208708,0.33953309096132095,0.32950133575909935,0.31032047236239957,0.362047822442211,0.32469591668031383,0.32692445377585144,0.3284031133050675,0.32746838380964693,0.17658300930154067,0.297236552364707,0.47858757526806783,0.39781363883816645,0.3762548315704343,0.0,0.0,0.0,0.3510857788554039,0.0,0.0,0.0,0.0,0.0,0.0,0.0,0.0,0.0,0.4837710322534105,0.0,0.47988385121492516,0.4224101737452075,0.0,0.0,0.0,0.4437293821907426,0.46776672238277966,0.0,0.0,0.0,0.0,0.36619228268677667,0.43520030340491717,0.4831633844259677,0.4691407171327214,0.0,0.4584766115708435,0.0,0.0,0.4736970608303611
0.0,0.0,0.2976542000998728,0.39450073816344394,0.3502772714331996,0.3510957949219456,0.4282100783646936,0.42706182927295155,0.32119163376231197,0.44445020801139656,0.0,0.4094457336411966,0.43621852841378456,0.3109470861338721,0.0,0.3264154353566907,0.36648254547318865,0.36470333491719803,0.2379546358462063,0.0,0.0,0.0,0.31617588117252315,0.38733849119894465,0.3738353532206764,0.33587856467214605,0.38386864382102587,0.4360183302176323,0.0,0.0,0.459328798772006,0.4113268308163101,0.358319202032997,0.4492513939781096,0.42435110123019737,0.36821916229421897,0.41762935177196897,0.39520125141240847,0.4746370640806821,0.0,0.32499935175741956,0.3278104839274043,0.4694690396744704,0.0,0.0,0.0,0.0,0.4526644540400313,0.0,0.5240643843461839,0.5405667594198953,0.5117716762886506,0.5141158539781565,0.5626983283687751,0.0,0.33452956053319094,0.0,0.4777271426304216,0.4806067457154808,0.0,0.0,0.0,0.0,0.30573998928739365,0.0,0.0,0.0,0.5785591650173564,0.0,0.0,0.0,0.5617185948788412,0.41507742642705403,0.0,0.0,0.0
0.344028480555006,0.2690156042507624,0.34828340540479974,0.3611882797305312,0.3562736479729235,0.3784620579980397,0.3638336480598478,0.0,0.3998441846970125,0.28805168860961833,0.4094457336411966,0.0,0.37406354703341443,0.31671130956291454,0.0,0.299953566497473,0.32379211751943293,0.34580970503939973,0.35720342289859064,0.0,0.47293810631384486,0.28150250656285014,0.360398386886541,0.2906162542505041,0.3487014934815349,0.32008631610810256,0.34774620407690504,0.310568743245075,0.0,0.0,0.3243389529957337,0.24225947969456096,0.2749304179554524,0.24865637173202385,0.3023932726056517,0.3034576368730126,0.2422125259197431,0.19990830549671257,0.24650089570179298,0.3985494528157685,0.2999992778403382,0.0,0.0,0.0,0.3279666690974366,0.0,0.0,0.0,0.0,0.0,0.0,0.32296581914842637,0.0,0.0,0.4696968432465822,0.0,0.46262240253035125,0.3836727295247117,0.0,0.0,0.0,0.44715067771663014,0.45965104478749547,0.0,0.0,0.0,0.0,0.0,0.38227482506764454,0.47701030870252936,0.4595164318334871,0.0,0.43386610481912635,0.0,0.0,0.43389269062948876
0.3402883554997114,0.4547406240934504,0.43148321154475927,0.3050471992314882,0.3292880283121361,0.36765027060136046,0.29731760937872537,0.41826696147324466,0.37487983199174046,0.39859941226760176,0.43621852841378456,0.37406354703341443,0.0,0.3641054242999214,0.0,0.4608487950455691,0.4146300914678201,0.43681147262102454,0.4401922767169692,0.4096498557130228,0.3868558545315347,0.46460701512715535,0.415780937615451,0.2865126668582093,0.4235187921498515,0.40865992713864285,0.41461051769474017,0.343417794951229,0.3811793411568574,0.0,0.3784607266427006,0.3761762868618309,0.3663721924960751,0.39369391772633144,0.36847668124921185,0.3172192790231805,0.33251285440839334,0.35333872282742934,0.5084386691807601,0.0,0.335847989481796,0.32807501809241046,0.35447794197974064,0.0,0.0,0.0,0.31914940931765934,0.4752982475362264,0.0,0.36924336074758746,0.5243797614028223,0.4141049710341138,0.43027683922793025,0.40459856095810465,0.0,0.0,0.0,0.3958671122117273,0.0,0.3620177135708257,0.3188932567734841,0.0,0.32737477877585325,0.0,0.4202099813106268,0.36611473032049174,0.0,0.5064486508547985,0.0,0.3472664087889522,0.3735223173813224,0.49920796452461075,0.43041766920334706,0.45447759389152864,0.40583551500260234,0.3893399371085871
0.48501590252968724,0.0,0.4000189331183374,0.2307047779716121,0.2988824248382966,0.4157006676799051,0.35349360737610247,0.31579742760412416,0.41865922512633624,0.39425047221814796,0.3109470861338721,0.31671130956291454,0.3641054242999214,0.0,0.0,0.0,0.0,0.0,0.37945549024792435,0.0,0.4420464752755377,0.0,0.3771060780540579,0.3057281886438733,0.0,0.43249759646989727,0.41885051653149447,0.2965948296737649,0.0,0.0,0.43743812390079423,0.2730148403738126,0.0,0.38679791598768054,0.0,0.2144257392061472,0.15991749233100924,0.2990051860195246,0.0,0.0,0.31096354282695327,0.0,0.0,0.31905304511858046,0.0,0.0,0.0,0.47156263500331014,0.0,0.0,0.445220514004731,0.0,0.0,0.0,0.0,0.4640697971108545,0.0,0.0,0.0,0.0,0.0,0.0,0.0,0.4524391767754943,0.0,0.0,0.0,0.0,0.0,0.0,0.0,0.521759609768428,0.0,0.0,0.0,0.0
0.3389165945410611,0.42218104152420594,0.0,0.0,0.0,0.4045814244902237,0.0,0.0,0.0,0.0,0.0,0.0,0.0,0.0,0.0,0.0,0.0,0.0,0.0,0.2854477164789096,0.37438750398254733,0.34043104086375076,0.34430469950523257,0.42134330281635346,0.35943395546297857,0.33001042694194044,0.37789883183085,0.0,0.3764672456947952,0.0,0.38920029334636114,0.41222362903808674,0.3829986191763488,0.4101540354878562,0.46513125558867063,0.0,0.45908752524008356,0.0,0.4776393550971378,0.46800289846091236,0.4843905660909411,0.510179894808915,0.0,0.0,0.0,0.0,0.48907437469356,0.0,0.0,0.0,0.4555868432598891,0.0,0.0,0.0,0.0,0.0,0.0,0.4103343162166014,0.0,0.48154853863131597,0.4434243093968608,0.0,0.0,0.0,0.4644341677290136,0.43825069312236464,0.48457847331349935,0.4769575553321494,0.0,0.4014508610336106,0.5021674811873481,0.4851048998651439,0.4902622824834043,0.4657115216149781,0.0,0.44345465965881187
0.39564057931571517,0.4038135576034025,0.0,0.0,0.4411550260728004,0.4446373806759104,0.47920295647948435,0.0,0.446808401921208,0.3359784640382831,0.3264154353566907,0.299953566497473,0.4608487950455691,0.0,0.0,0.0,0.32150580061553824,0.3308116310970516,0.4607892527377661,0.3638640053026841,0.0,0.34066471612604055,0.427624963061926,0.0,0.3886533160548655,0.39293279584372953,0.4173045924063466,0.4114284084606942,0.4053886379487773,0.38969042473731086,0.34316528178576766,0.4358234043294738,0.35871805305535776,0.36738068783557265,0.41408761390349075,0.33546589759482376,0.0,0.2727530791777858,0.4571694476837244,0.41688475711836465,0.4532517643019851,0.4860902433107464,0.0,0.0,0.0,0.4539856683153516,0.4516311858270995,0.0,0.0,0.0,0.33372715385329016,0.0,0.0,0.0,0.3280452625885123,0.0,0.34661526555942684,0.3357340318647842,0.0,0.4040053359126933,0.45521967306909156,0.32401826968274366,0.41994432741158816,0.0,0.42920728685986326,0.0,0.42997011968022847,0.3916076653838458,0.44178081764496124,0.43540237596209813,0.4657963021250165,0.4022870673924498,0.3317282173922874,0.3905534222333707,0.0,0.4414628239189166
0.3347975686905143,0.3300722163553558,0.0,0.0,0.37854067646891554,0.3329593002087646,0.3919493178948818,0.0,0.3457680198845225,0.2575626931778259,0.36648254547318865,0.32379211751943293,0.4146300914678201,0.0,0.0,0.32150580061553824,0.0,0.2796307058754807,0.0,0.36439988241555066,0.0,0.40503640264795854,0.33626351061948706,0.39882713470962716,0.29760022233174976,0.3570964978483331,0.3307376197619659,0.3918450576032379,0.3522521049734474,0.2921269272842056,0.3268361436717321,0.43098751019700676,0.34138141373491954,0.35930315454962847,0.37999339656751385,0.42723316228980013,0.0,0.30852469999389953,0.0,0.40244019765986805,0.43054564962507347,0.0,0.0,0.0,0.0,0.0,0.0,0.0,0.0,0.0,0.0,0.0,0.0,0.0,0.4928475553660586,0.0,0.49781569102863676,0.352449801210473,0.0,0.0,0.0,0.48899240896610485,0.4986851551829782,0.0,0.0,0.0,0.0,0.0,0.4672134940152569,0.47255673869809084,0.4751632135179128,0.0,0.0,0.0,0.0,0.0
0.3830947869441432,0.3843450523586323,0.37899362278642407,0.0,0.3858958087258897,0.4587916374351914,0.42295414870957837,0.4818009941190285,0.33902487389961544,0.2867119773470844,0.36470333491719803,0.34580970503939973,0.43681147262102454,0.0,0.0,0.3308116310970516,0.2796307058754807,0.0,0.3646139858432617,0.3922215852582607,0.4601249057078613,0.39291854954834693,0.4496875578744282,0.3823351416248506,0.3354380547084246,0.3411118809986995,0.4250006555636476,0.40939189921676444,0.3977889856563623,0.3830984562942719,0.36332667892913256,0.440566305685222,0.33696800016162154,0.3710346395178122,0.40604529374546394,0.40077250916274587,0.0,0.2732329599553244,0.4475057203915422,0.4224696363499664,0.4410376268475984,0.4893864005308996,0.0,0.0,0.0,0.45047496464904,0.4121755802234484,0.0,0.0,0.0,0.33759168864122413,0.0,0.0,0.0,0.4428143168908608,0.0,0.45895030455979163,0.3358563938081192,0.0,0.0,0.4529530012225695,0.4479943601454737,0.4500190415056596,0.0,0.0,0.0,0.0,0.0,0.4753444392023174,0.4620377179974463,0.4713634780488423,0.0,0.3376828527576619,0.34377987795268217,0.0,0.4523297144495941
0.0,0.0,0.2383193495086109,0.3859730785274265,0.3906105711327862,0.41027183228907305,0.4351074159861377,0.46108833516649966,0.2683771224848745,0.4261763457143279,0.2379546358462063,0.35720342289859064,0.4401922767169692,0.37945549024792435,0.0,0.4607892527377661,0.0,0.3646139858432617,0.0,0.0,0.0,0.0,0.23905733114435165,0.0,0.3193189049526127,0.344350774883664,0.3475900039786163,0.43837990731137433,0.0,0.0,0.4590396703508524,0.4249279911967065,0.36161884008592043,0.4441558825891494,0.44413099238559356,0.4024735770653017,0.41083753664691847,0.3689312547419059,0.4776961861094716,0.0,0.3528063020540998,0.331883522977885,0.47020581898180147,0.0,0.0,0.0,0.0,0.3546382577223566,0.0,0.5132507454494613,0.5669912256571287,0.5252766437130186,0.539764400131877,0.562541394364181,0.0,0.5303303740822576,0.0,0.45766642932675194,0.5084633570862379,0.0,0.0,0.0,0.0,0.41534346389348115,0.0,0.0,0.0,0.5803726825146824,0.0,0.0,0.0,0.5763747447611943,0.40438793146504354,0.48221877531793805,0.0,0.0
0.3774755805513853,0.4361119642414431,0.0,0.0,0.43306283160654335,0.4101637307157304,0.4299951557248388,0.3655025094457456,0.4183341688166117,0.3264319769213402,0.0,0.0,0.4096498557130228,0.0,0.2854477164789096,0.3638640053026841,0.36439988241555066,0.3922215852582607,0.0,0.0,0.3947094685250088,0.34440891432537457,0.19122350181756478,0.4049931488007332,0.3922884520105906,0.3852489171406652,0.32565397639450405,0.3448099734177767,0.3035385221245836,0.34501673401991834,0.34649632938695585,0.4254238267198932,0.39305901477916694,0.40116827395613897,0.4638117094690288,0.484689909164513,0.4208925999383288,0.0,0.4624802312003519,0.43668817711955504,0.5203564512190352,0.4999320749651349,0.33362205053720434,0.317747442891891,0.0,0.0,0.4504891959894221,0.0,0.0,0.0,0.4552084233060965,0.3763185497072751,0.0,0.0,0.0,0.0,0.0,0.41453247924028097,0.0,0.49482376971814535,0.36781657694963205,0.0,0.3392442406053222,0.0,0.46756386143782874,0.42487224925514494,0.47216126000285497,0.48401539231916607,0.0,0.3330880976339779,0.48180252108351684,0.4807328255693726,0.47272423730915075,0.4917951481992928,0.42025692934658315,0.4621494496829602
0.4090274346732081,0.4272103350100577,0.0,0.0,0.0,0.4164362469867605,0.0,0.3835288688908281,0.0,0.0,0.0,0.47293810631384486,0.3868558545315347,0.4420464752755377,0.37438750398254733,0.0,0.0,0.4601249057078613,0.0,0.3947094685250088,0.0,0.41055146648938917,0.35459013079433316,0.5137760150531888,0.45313815423152626,0.3937449893140841,0.3915934993704372,0.3902495987349479,0.3951297201688086,0.0,0.40417195843240733,0.4307402673043427,0.3976615198329895,0.4082258050175104,0.4679079151779118,0.3706956546647617,0.0,0.0,0.4590728400682543,0.3883198366844227,0.45951343050751575,0.4985546889516122,0.0,0.0,0.0,0.4412614165089591,0.4901846073239632,0.0,0.0,0.0,0.45152778418930994,0.0,0.2558430150918611,0.0,0.0,0.0,0.0,0.41380970131696826,0.0,0.45042586412617397,0.48967895034867204,0.0,0.0,0.0,0.4294913437985083,0.2813105705959345,0.45587910171909113,0.46117181444390576,0.0,0.4254130171237125,0.49431770209626824,0.45725814435951967,0.4573802213897668,0.4570824122561724,0.4605469744355193,0.42015068317041215
0.3857883893095064,0.391014593527589,0.3964141658183624,0.0,0.446389819303884,0.4363083616409074,0.46323697563151967,0.0,0.45424724250034576,0.3231203642129659,0.0,0.28150250656285014,0.46460701512715535,0.0,0.34043104086375076,0.34066471612604055,0.40503640264795854,0.39291854954834693,0.0,0.34440891432537457,0.41055146648938917,0.0,0.40361068312898474,0.2522246054223803,0.39450379605433455,0.3723113991659639,0.410149843372818,0.4023331211530154,0.3684999533573919,0.36460266175608047,0.36135376686074455,0.42863686911030935,0.3686755104994245,0.3975198431533361,0.47398908261630296,0.5178025611912992,0.0,0.0,0.460945075027393,0.46946843791886683,0.4787001789671015,0.5068998880712288,0.3948024217827029,0.3186160711177709,0.0,0.46910911771608055,0.47067733447910726,0.0,0.2908644488289085,0.0,0.4574227781221433,0.3312240026131569,0.0,0.0,0.0,0.0,0.0,0.33041250345612655,0.0,0.5037575792097202,0.4664676599180166,0.0,0.3879904662714351,0.0,0.4672743073093506,0.49557654459138784,0.4780317091050705,0.48857172634739365,0.0,0.44422620357873027,0.4999307897530778,0.49855542612832787,0.3914389976043054,0.46441908651001346,0.0,0.45938612046955823
0.4644026573510188,0.4403715476039943,0.2731488947759502,0.3853704407808662,0.41705620996593906,0.4228199795398431,0.42562410329849065,0.3690361562895133,0.43650434649273173,0.4145309385564794,0.31617588117252315,0.360398386886541,0.415780937615451,0.3771060780540579,0.34430469950523257,0.427624963061926,0.33626351061948706,0.4496875578744282,0.23905733114435165,0.19122350181756478,0.35459013079433316,0.40361068312898474,0.0,0.5402911738613048,0.44239442753564096,0.43528794005264887,0.3297531288972195,0.4073749587160825,0.3939219736819977,0.395926132719195,0.41232781209895364,0.4005977525186097,0.36748944284505475,0.4293425316483179,0.42165094861542984,0.38085885554055565,0.4153152188022411,0.3528355560005724,0.5208113179347607,0.4797476792750056,0.5367906918535275,0.5300958404539495,0.4418019318141734,0.4701627277847655,0.0,0.0,0.4566771528298095,0.4845298936390501,0.0,0.581620553946382,0.5391084214962187,0.5533640671645572,0.4769396817342507,0.5734507688318032,0.44494586346189074,0.5403241883094324,0.0,0.5288237665453283,0.48315289366879915,0.4791854934816607,0.35551886089655216,0.0,0.0,0.5418285892383138,0.4829322491508341,0.4147908532730165,0.46903600869994094,0.5339797586164142,0.0,0.34213275138665317,0.4786016866795563,0.5391393399410506,0.5179999017613338,0.5085887029498093,0.5163413737939915,0.5256774354925527
0.3654734205213228,0.34733215459222333,0.0,0.0,0.34992624100310443,0.3777120060171921,0.34956880143968566,0.5336151064405206,0.36497153950798766,0.34034035125172923,0.38733849119894465,0.2906162542505041,0.2865126668582093,0.3057281886438733,0.42134330281635346,0.0,0.39882713470962716,0.3823351416248506,0.0,0.4049931488007332,0.5137760150531888,0.2522246054223803,0.5402911738613048,0.0,0.4058691957860095,0.3362874670671603,0.45346926810928784,0.25409954759340225,0.39590604732546814,0.0,0.3509785260386342,0.27641070692574454,0.24338967302176956,0.241629404936305,0.37903319542073777,0.3298583462219054,0.3057051476502547,0.24927750857960018,0.33644695856023343,0.3640679771288902,0.291751212564405,0.0,0.0,0.0,0.30221952180525935,0.4315557244603727,0.0,0.0,0.0,0.0,0.0,0.0,0.0,0.0,0.4605486692692179,0.0,0.4425893346090851,0.4712890508524144,0.0,0.0,0.4667970485503559,0.490991626690577,0.47482026506267133,0.0,0.0,0.0,0.0,0.0,0.35250506064735365,0.48329604374393503,0.4646418781374542,0.0,0.0,0.0,0.0,0.46185790977602786
0.39709623675750944,0.3737285766083335,0.3393307957874742,0.0,0.38859523203048996,0.3991078325185828,0.4187379800086024,0.500760597674205,0.4028246389413552,0.30351913714266343,0.3738353532206764,0.3487014934815349,0.4235187921498515,0.0,0.35943395546297857,0.3886533160548655,0.29760022233174976,0.3354380547084246,0.3193189049526127,0.3922884520105906,0.45313815423152626,0.39450379605433455,0.44239442753564096,0.4058691957860095,0.0,0.3522921767682145,0.3971193557874051,0.4014717209646601,0.36380179851040817,0.3244278001903447,0.36713981413327623,0.4260720425093633,0.3352423224940459,0.36191521513252656,0.39977164877797267,0.3661572311506549,0.0,0.31382349705463336,0.4625167380175348,0.43657748005950253,0.4435260011513262,0.4817419583641841,0.3622929199200748,0.0,0.32831983075807,0.4530142053533404,0.444525116388863,0.0,0.0,0.0,0.33271655291633623,0.3372243169878614,0.0,0.0,0.48049019642091656,0.0,0.4796826411823045,0.3747909536178932,0.0,0.0,0.4693848539587309,0.46527507630734855,0.4525699172879464,0.0,0.4131684452751007,0.4536073221102837,0.38156726239266664,0.3187062146442627,0.461372895809594,0.46512908466095787,0.4773762758207409,0.0,0.39884962324744694,0.4314757182104683,0.0,0.46045828208360046
0.34906065479774395,0.396470551566332,0.3513145579836261,0.0,0.37026222030754513,0.39310939909553994,0.39335061252234177,0.493868035611653,0.4066229962753792,0.3168922759379285,0.33587856467214605,0.32008631610810256,0.40865992713864285,0.43249759646989727,0.33001042694194044,0.39293279584372953,0.3570964978483331,0.3411118809986995,0.344350774883664,0.3852489171406652,0.3937449893140841,0.3723113991659639,0.43528794005264887,0.3362874670671603,0.3522921767682145,0.0,0.41497654157069275,0.3866368557015016,0.3771128146521256,0.3067262734843889,0.3700193991635705,0.42615388942520255,0.36651882917247813,0.3733250964141131,0.4289162108400743,0.3982283370538366,0.0,0.31881589402946414,0.4639134043821684,0.45329745702528534,0.4752552780807349,0.501563362077307,0.36819413442531596,0.0,0.3559413874925314,0.4405053667134955,0.48882591020345134,0.0,0.0,0.0,0.46992820791127843,0.0,0.0,0.36884675771232045,0.5036963625590046,0.0,0.4862711096881863,0.3833386527397695,0.0,0.5091453344306831,0.4841440577033899,0.47786500404599336,0.46435983449496326,0.0,0.47579124791244265,0.4741378033378769,0.4985723561071516,0.45783801335541363,0.4410852005158011,0.47298880212270694,0.48878224118412633,0.5000639121517669,0.4124367559309422,0.45659220160530045,0.0,0.46705311922713577
0.4269438020395207,0.4171066706591519,0.3210336871426904,0.3906674540134089,0.4029321491807539,0.40859171702271735,0.424088966036623,0.42156323710977045,0.3505875351753072,0.4099759368210918,0.38386864382102587,0.34774620407690504,0.41461051769474017,0.41885051653149447,0.37789883183085,0.4173045924063466,0.3307376197619659,0.4250006555636476,0.3475900039786163,0.32565397639450405,0.3915934993704372,0.410149843372818,0.3297531288972195,0.45346926810928784,0.3971193557874051,0.41497654157069275,0.0,0.40611767618126443,0.37103106158915566,0.3753624051090524,0.3884893647428396,0.41071717582418393,0.36308968537856706,0.42167001069938814,0.43206122204436476,0.4221119953860822,0.41891758509583715,0.3629548392129298,0.5096823470922042,0.4348062128572404,0.5420788354010174,0.5274154384280788,0.4534543414072071,0.3456003997995313,0.0,0.0,0.41850983595857366,0.5803198544604694,0.0,0.5475320433162559,0.5450711929458975,0.5739714497027025,0.4867700125811015,0.5776349013860858,0.0,0.5292913375786865,0.0,0.5552758222216624,0.49654647624509607,0.4808447815766324,0.33796053192214354,0.0,0.0,0.5563784654620456,0.4792915500315412,0.44073472050892637,0.47202138997632614,0.5342174477600506,0.0,0.31393526617260115,0.4823492764526193,0.5365373142242209,0.5250554678449147,0.5010663372511833,0.49535104442816164,0.5031425867133897
0.43596000296271453,0.42482870479283125,0.43383840465061035,0.283244933992371,0.38523807278381195,0.403060472513761,0.3477093464832248,0.4062920690401791,0.42589136307405495,0.3670028557208708,0.4360183302176323,0.310568743245075,0.343417794951229,0.2965948296737649,0.0,0.4114284084606942,0.3918450576032379,0.40939189921676444,0.43837990731137433,0.3448099734177767,0.3902495987349479,0.4023331211530154,0.4073749587160825,0.25409954759340225,0.4014717209646601,0.3866368557015016,0.40611767618126443,0.0,0.32993879130119685,0.3061638931382015,0.36021741518474454,0.3643204861027862,0.3206511532546285,0.3353375611731943,0.3361226041048773,0.2854911654397563,0.2687884485540833,0.24509710290166925,0.37285121972244567,0.0,0.367946963673681,0.3756579182877835,0.2636007174946579,0.0,0.23140509645612403,0.0,0.0,0.4253465085610808,0.17271123714686745,0.3590314200851785,0.5192600869700896,0.3547821020773994,0.4132794550133276,0.38251963580256754,0.0,0.0,0.0,0.4218017874499288,0.0,0.43985643678699055,0.0,0.0,0.2983533571727508,0.0,0.46356540051479667,0.41907764543844067,0.4095374998375043,0.5000688529865138,0.0,0.3353253306363336,0.38897076941414527,0.49204414651438283,0.47668316687639517,0.4836501955899195,0.40293196071522985,0.4439137863265579
0.46141794950848536,0.42071329443880523,0.0,0.36689803050036446,0.42792558388699364,0.33245471209191274,0.42474806821393446,0.3597773692082336,0.40873090975750137,0.33953309096132095,0.0,0.0,0.3811793411568574,0.0,0.3764672456947952,0.4053886379487773,0.3522521049734474,0.3977889856563623,0.0,0.3035385221245836,0.3951297201688086,0.3684999533573919,0.3939219736819977,0.39590604732546814,0.36380179851040817,0.3771128146521256,0.37103106158915566,0.32993879130119685,0.0,0.32435979882017385,0.33970672122839396,0.38670090222226167,0.3185668795578596,0.39249025375506386,0.43099752364425414,0.4622008192030693,0.3955908742215718,0.0,0.4977075585593996,0.41435789620171354,0.5233792977285825,0.49254887169910316,0.4140347209516136,0.37936935371289615,0.0,0.0,0.4189526007115983,0.4187230441095224,0.0,0.39116918035175596,0.5147321000500983,0.4114127422560447,0.4097853224192087,0.3803328210668044,0.35496322151440257,0.0,0.0,0.4787467110106216,0.0,0.4695676307845017,0.33409595012051735,0.0,0.33147830870075334,0.0,0.4682579162304185,0.43121695929925424,0.45781706965308977,0.5054988642550046,0.0,0.3095336963085065,0.4341784669275162,0.4959823940443619,0.5003319026649413,0.48831398438409535,0.47266023161941556,0.4872928634180604
0.0,0.0,0.427191420105102,0.0,0.0,0.43246900944043326,0.0,0.4053016478269464,0.41956669848648714,0.32950133575909935,0.0,0.0,0.0,0.0,0.0,0.38969042473731086,0.2921269272842056,0.3830984562942719,0.0,0.34501673401991834,0.0,0.36460266175608047,0.395926132719195,0.0,0.3244278001903447,0.3067262734843889,0.3753624051090524,0.3061638931382015,0.32435979882017385,0.0,0.32123456555237634,0.41654775006958344,0.3259299404270396,0.36992247574256243,0.3793784526826279,0.4316178506749922,0.0,0.0,0.0,0.0,0.0,0.0,0.0,0.0,0.0,0.0,0.0,0.0,0.0,0.0,0.4418437973917654,0.0,0.0,0.0,0.0,0.0,0.0,0.0,0.0,0.4217729214621413,0.0,0.0,0.0,0.0,0.44851912218548423,0.0,0.0,0.4977357084802033,0.0,0.0,0.0,0.4931774153185393,0.42046676865605126,0.46254848186270486,0.0,0.0
0.3563487731088276,0.3700757067124206,0.45823214929094036,0.0,0.4301526764706419,0.4437631476498109,0.3932911089369784,0.43719731666020345,0.45128214315856974,0.31032047236239957,0.459328798772006,0.3243389529957337,0.3784607266427006,0.43743812390079423,0.38920029334636114,0.34316528178576766,0.3268361436717321,0.36332667892913256,0.4590396703508524,0.34649632938695585,0.40417195843240733,0.36135376686074455,0.41232781209895364,0.3509785260386342,0.36713981413327623,0.3700193991635705,0.3884893647428396,0.36021741518474454,0.33970672122839396,0.32123456555237634,0.0,0.39499818679368326,0.3182751527454076,0.2921146990552631,0.3116450314283217,0.3841732293913731,0.291187773211939,0.2684346484700152,0.5074731910009739,0.0,0.5189123739115524,0.0,0.0,0.0,0.0,0.0,0.43021904089133045,0.429901297349263,0.0,0.0,0.5329581596760071,0.37570665716735324,0.4584988062403661,0.3986949948106029,0.4919278965083231,0.0,0.4985671366491927,0.3921193589598488,0.0,0.4644932770109164,0.4315357071904704,0.3882550493311603,0.4250674394899188,0.0,0.46134732272156803,0.4387588940725439,0.435754146467633,0.513771392137117,0.0,0.44326318902934386,0.4574170986371846,0.507681271051856,0.4747668905952036,0.48925943614360223,0.0,0.46620033789669046
0.4356800378771971,0.43148491411856243,0.444342792832719,0.29837584186759264,0.35490294147406953,0.42435570966277664,0.37022677981926533,0.3452115515048603,0.42936982796535156,0.362047822442211,0.4113268308163101,0.24225947969456096,0.3761762868618309,0.2730148403738126,0.41222362903808674,0.4358234043294738,0.43098751019700676,0.440566305685222,0.4249279911967065,0.4254238267198932,0.4307402673043427,0.42863686911030935,0.4005977525186097,0.27641070692574454,0.4260720425093633,0.42615388942520255,0.41071717582418393,0.3643204861027862,0.38670090222226167,0.41654775006958344,0.39499818679368326,0.0,0.32991560436314393,0.3961675829007378,0.39148588192193445,0.2968245283987687,0.3162741786964712,0.2505714857828262,0.29279920541977067,0.2802497936257465,0.32703191956466116,0.33766104094113747,0.25966604509826247,0.2501591017281968,0.2566447806764767,0.46404692345037907,0.4778991125961823,0.45743357037869564,0.20708685533679924,0.33710831060680874,0.4542747267508123,0.28863320147448085,0.43681974029884907,0.3653718039367629,0.27101355357134366,0.3957382631235303,0.28746013482344107,0.3787825704666015,0.37892610035582125,0.4878212985563883,0.5061063032089435,0.4244893597007721,0.44693598990330646,0.3834518739760576,0.4729212646762144,0.45025364671077267,0.4642609850811759,0.5017815143162828,0.0,0.47081239698861116,0.48685356329489204,0.48926183529902084,0.34725789197576074,0.47905756085010237,0.4840386250335023,0.40898551951390194
0.3625881830233449,0.37575616249721944,0.34459168185870526,0.27454225669917515,0.37362488522391174,0.4002445062154043,0.39927769943495656,0.4894989362896924,0.38139432863553757,0.32469591668031383,0.358319202032997,0.2749304179554524,0.3663721924960751,0.0,0.3829986191763488,0.35871805305535776,0.34138141373491954,0.33696800016162154,0.36161884008592043,0.39305901477916694,0.3976615198329895,0.3686755104994245,0.36748944284505475,0.24338967302176956,0.3352423224940459,0.36651882917247813,0.36308968537856706,0.3206511532546285,0.3185668795578596,0.3259299404270396,0.3182751527454076,0.32991560436314393,0.0,0.2291283011121352,0.35067973448511713,0.30808959912983286,0.24052115133257299,0.18676709327485222,0.2727148381261052,0.22803272991585172,0.26408033707247097,0.3006427774943219,0.23086403292505026,0.23353971657498315,0.20284053349217374,0.43362470433063366,0.4546922593834076,0.0,0.0,0.0,0.4157523106076423,0.2941785001393532,0.0,0.31881788052843313,0.3677198811065194,0.0,0.3802851945549805,0.3040918425198803,0.0,0.4893025051122988,0.44050465225243823,0.37970714042880377,0.39023793792650563,0.0,0.44871388727487593,0.0,0.4481427983894539,0.4828364080343584,0.37368771949072943,0.405151896559116,0.4319138795916598,0.0,0.24028226548868367,0.3817302878355196,0.0,0.4168097416985955
0.3717277358978577,0.38150000203161616,0.46205359931814605,0.23189076461131175,0.40859126957147773,0.4562115417112634,0.3739556579135754,0.4361767865563036,0.44678731239467884,0.32692445377585144,0.4492513939781096,0.24865637173202385,0.39369391772633144,0.38679791598768054,0.4101540354878562,0.36738068783557265,0.35930315454962847,0.3710346395178122,0.4441558825891494,0.40116827395613897,0.4082258050175104,0.3975198431533361,0.4293425316483179,0.241629404936305,0.36191521513252656,0.3733250964141131,0.42167001069938814,0.3353375611731943,0.39249025375506386,0.36992247574256243,0.2921146990552631,0.3961675829007378,0.2291283011121352,0.0,0.34806016453278193,0.3652835247768463,0.2475692474053461,0.20437260790455583,0.32446466385507494,0.26847193532913166,0.31164180691235227,0.3372282400664219,0.28652761077789407,0.2561961782566351,0.2659827711874855,0.4350815686668926,0.4588811424098337,0.3145538208015858,0.19496986573121275,0.29849787161180336,0.4673733674690833,0.2573525431128956,0.46219489653346046,0.3096316842448016,0.3227754267761885,0.34863233339871413,0.312310694478094,0.32092009642685104,0.31000459937616964,0.4858487770987487,0.4489120227156636,0.0,0.44138873192173034,0.3165084828452809,0.4788524104702155,0.45291447593128126,0.4667567648004066,0.5162551351197638,0.4266928085740495,0.4372934488470234,0.4713234513298037,0.5106811026311303,0.3316460444724812,0.4948544879569004,0.4699438131470869,0.3002502606900527
0.4065103407447877,0.4704233502106182,0.4536941569738034,0.28249600472670044,0.3850284068597063,0.4556093859587367,0.3629230513848743,0.0,0.4497830540624147,0.3284031133050675,0.42435110123019737,0.3023932726056517,0.36847668124921185,0.0,0.46513125558867063,0.41408761390349075,0.37999339656751385,0.40604529374546394,0.44413099238559356,0.4638117094690288,0.4679079151779118,0.47398908261630296,0.42165094861542984,0.37903319542073777,0.39977164877797267,0.4289162108400743,0.43206122204436476,0.3361226041048773,0.43099752364425414,0.3793784526826279,0.3116450314283217,0.39148588192193445,0.35067973448511713,0.34806016453278193,0.0,0.43914666964243776,0.3304604839766292,0.2826704586876418,0.31794379161456476,0.2818426866171381,0.3298066843595719,0.35900504384277493,0.2766581752451707,0.2778821966021905,0.30558330012419466,0.0,0.49611391112964237,0.34477752283918844,0.2510738994100726,0.3670311592724199,0.3685733320256762,0.3182728480693698,0.0,0.33939615524314876,0.2910916795878473,0.3744887422016772,0.0,0.32126514780562365,0.30921237259689055,0.5204272867655448,0.47050572520881767,0.0,0.0,0.3714492380317237,0.48205810048466086,0.0,0.47463325246475196,0.47363733559767607,0.0,0.44469423594494517,0.4968301530631782,0.45010020680476176,0.2802561717287322,0.4785791293235145,0.4490579035008033,0.0
