0.0,0.3896855691286072,0.0,0.0,0.0,0.32194588256026024,0.2685327546960166,0.47055644814764186,0.0,0.3849058882278973,0.0,0.3887583434825403,0.30403894731658376,0.0,0.35606452380895953,0.37966287784718566,0.36791625434167524,0.37334832067903695,0.0,0.38844017679433923,0.38385054636598065,0.3844489562820684,0.4262553561837196,0.3698368380625398,0.3661675060824091,0.36659715286852385,0.37181641029031454,0.3859613691226567,0.40668804080367776,0.0,0.3501844260984941,0.3815514995573781,0.3368607891925399,0.34597765093963523,0.3674209148052768,0.0,0.0,0.3443136240771281,0.4160167855306768,0.404766567883224,0.40893170935107526,0.0,0.0,0.0,0.0,0.37046727503952015,0.443732602861828,0.0,0.0,0.0,0.0,0.0,0.0,0.0,0.41870867813691487,0.0,0.43499629050933364,0.0,0.0,0.4693747324771176,0.42478043262507437,0.37299215887918763,0.4252322702967204,0.0,0.0,0.0,0.4343717304226235,0.0,0.0,0.43569243001996083,0.4455587436480582,0.0,0.0,0.0,0.0,0.39172603699060826
0.3896855691286072,0.0,0.0,0.0,0.3281813203570833,0.3557592440224228,0.3421847769617793,0.4158557822870117,0.3078844451909646,0.2956582025246,0.0,0.0,0.371758975859303,0.0,0.38561868750549666,0.3859890287316283,0.36310665655904123,0.3858850758167135,0.0,0.38299404225131717,0.39624371985153617,0.3839965641552276,0.39574998742239353,0.0,0.37121186866092226,0.36075354165158546,0.38019018625101764,0.38819639546419765,0.37217863908417154,0.0,0.34926883915088713,0.3816838245150073,0.3438750526232464,0.35472023172734235,0.39934022255102164,0.28518701661804435,0.0,0.0,0.419981915567461,0.4019517400512839,0.41296442270289574,0.4528862180078665,0.0,0.0,0.0,0.425879797572419,0.431790377955953,0.0,0.0,0.0,0.3908836717122299,0.2818472428980875,0.0,0.0,0.0,0.0,0.0,0.2616410031175478,0.0,0.45289404022497154,0.4244024093791041,0.329455567276745,0.42150487459491626,0.0,0.41817089698987636,0.44963909057813833,0.440604034802167,0.42664785139283373,0.0,0.4251976889489456,0.45301005393683985,0.4286353588192158,0.27480411844518426,0.39919764612783815,0.0,0.4085366144697895
0.0,0.0,0.0,0.30463220571168115,0.39244761050452115,0.4133047811994249,0.4122100014119186,0.47679726261124594,0.3078533970998639,0.0,0.38246155709335006,0.0,0.41780810114866745,0.4093500883209005,0.0,0.0,0.0,0.0,0.33264365572919696,0.0,0.0,0.0,0.3503446520470149,0.0,0.0,0.0,0.3565925243113732,0.4331258761965454,0.0,0.0,0.43294850775040267,0.4257418538467666,0.0,0.4393239728389625,0.4379710316595746,0.4006465526912787,0.40643649099919343,0.2785432427701624,0.5054906933274017,0.0,0.0,0.0,0.48913598398357583,0.0,0.0,0.0,0.0,0.4358246813051376,0.0,0.5093846596779154,0.5293012245568249,0.5545905574351394,0.5266722052825545,0.5372639505050699,0.0,0.527537492048341,0.0,0.4630427377743262,0.5116160509273597,0.0,0.0,0.0,0.0,0.4753693668768649,0.0,0.0,0.0,0.5340111247026174,0.0,0.0,0.0,0.5645169423490036,0.41254202570644544,0.3365688074883738,0.0,0.4467358451250051
0.0,0.0,0.30463220571168115,0.0,0.21954179625933232,0.3624151921132855,0.23109058688512382,0.26718665832057037,0.3769161935409485,0.0,0.333010464167489,0.22852106611637435,0.2809029189524422,0.23327412619933818,0.0,0.0,0.0,0.0,0.38207040360841094,0.0,0.0,0.0,0.34980907290799906,0.0,0.0,0.0,0.368738857168675,0.23151488931032818,0.0,0.0,0.0,0.24752181383918187,0.0,0.25342703308876835,0.25189461409269237,0.17975918970843388,0.17874402370881176,0.0,0.22045440796990085,0.0,0.0,0.0,0.0,0.2246130069186663,0.0,0.0,0.0,0.0,0.0,0.0,0.0,0.0,0.0,0.0,0.0,0.0,0.0,0.0,0.0,0.0,0.0,0.0,0.0,0.0,0.0,0.0,0.0,0.26526872547857927,0.0,0.0,0.0,0.0,0.0,0.0,0.0,0.0
0.0,0.3281813203570833,0.39244761050452115,0.21954179625933232,0.0,0.3695749512756049,0.3189014209627084,0.38502987307697617,0.33038667665920857,0.4208320355401272,0.33444335643585626,0.35981696533196156,0.35150445976799494,0.2595023894941951,0.0,0.373189517772178,0.3776281593974614,0.3431702907695492,0.36159730277068647,0.4011978922003065,0.0,0.4049780399919203,0.38324208592396863,0.3565271581224953,0.32139172572034325,0.2869454403090909,0.3847284192238548,0.338170430169845,0.3997704148870382,0.0,0.4089611042170554,0.3394714140780359,0.331744336523871,0.3938664515879291,0.37436633194214425,0.19184713173529874,0.19818467944998783,0.3339807173479103,0.36883214009882836,0.0,0.30767681724073825,0.27482977952502013,0.399884865458918,0.0,0.0,0.0,0.0,0.5299370314714311,0.0,0.3798093422714964,0.44795947997595675,0.34087238475270476,0.4323877096683387,0.44402168758658894,0.0,0.4288402030544955,0.0,0.301498505747579,0.0,0.0,0.0,0.0,0.0,0.4615742403056431,0.0,0.0,0.0,0.487330980038858,0.0,0.0,0.0,0.5133842154134225,0.297294294371476,0.3060863717654938,0.0,0.33560359169419457
0.32194588256026024,0.3557592440224228,0.4133047811994249,0.3624151921132855,0.3695749512756049,0.0,0.39489636942554945,0.42049543246104026,0.34445475699492384,0.4510202725853308,0.3658244379363472,0.3343204968099599,0.3696363365240213,0.4088205803232454,0.38135856592400225,0.3769140283952442,0.28517035469826957,0.4067245065919416,0.39803657190903613,0.37099754097415155,0.3524479826493665,0.38469890320269357,0.4016094766493572,0.0,0.3462203454822111,0.3743406107546431,0.3920703474216818,0.3551771649025678,0.3158827900911459,0.38511293439721994,0.40979340171436185,0.36763112143989496,0.3356465636814046,0.4126581757928129,0.4097309179639375,0.4001966029214448,0.39492085334272115,0.35389843828859885,0.42613392221144725,0.28902953385687596,0.4547585131383151,0.3292633576979772,0.4005240382206395,0.233727693956416,0.0,0.0,0.2939082422333554,0.524013687882677,0.0,0.4215165378122826,0.48818360329871546,0.5043224236189705,0.46393154561210687,0.5059314237395542,0.0,0.4882864262577704,0.0,0.4728596032588004,0.0,0.40207013414162696,0.23813698261603297,0.0,0.0,0.5206812937168148,0.39072115217180076,0.3605101196525991,0.42743235368237137,0.48705229984208803,0.0,0.0,0.3570229652280125,0.5054643122987454,0.4759594890179056,0.43354531041339156,0.0,0.4706437204590273
0.2685327546960166,0.3421847769617793,0.4122100014119186,0.23109058688512382,0.3189014209627084,0.39489636942554945,0.0,0.40929770947899846,0.37685952726102384,0.46797243981876036,0.38648392901035433,0.3746113521978792,0.33026509714249436,0.2616945845832064,0.0,0.4389838008725549,0.38827439286577475,0.4248502520485569,0.40509792059050875,0.40596516229775265,0.3456488101302304,0.42195457318799623,0.3997961236027515,0.361207493188444,0.3430635499545155,0.34750098067229374,0.4085743934478327,0.3139811428465408,0.4119325598616208,0.0,0.358640625868947,0.35318726290864305,0.34971390587242307,0.36233596632869947,0.3656480810595086,0.23674604525314938,0.27089432778033185,0.3586390423197827,0.35776512720287074,0.295829975126058,0.3098844868707576,0.3209897870120741,0.35316656382279427,0.324636108577546,0.0,0.0,0.24471175723075983,0.4544476259309085,0.0,0.337487592440229,0.4545672067455884,0.33603808824355796,0.41012984731094276,0.3845330047326242,0.0,0.32243391570124397,0.0,0.30426068182245714,0.0,0.30128921901409056,0.0,0.0,0.0,0.3735303804692785,0.28952623231392816,0.0,0.2591440511307365,0.47371882758518336,0.0,0.0,0.25328142669936615,0.5088601364477976,0.31788983191185893,0.3187573763448405,0.0,0.30698313233030045
0.47055644814764186,0.4158557822870117,0.47679726261124594,0.26718665832057037,0.38502987307697617,0.42049543246104026,0.40929770947899846,0.0,0.4661435411933722,0.4110026043270259,0.32834823116841005,0.3934447779293479,0.4089932063487461,0.312891707523745,0.0,0.42560492219877455,0.34033005123951404,0.43182444806382675,0.47466847358376163,0.3579429196641024,0.3577181156125348,0.3685786740209005,0.36495393164114576,0.4826675312960815,0.44346208620746685,0.4572380176892491,0.4425614137272221,0.4004717400267491,0.3504517967057893,0.34933550548110864,0.3983448569308972,0.3451987490134092,0.43113050943535053,0.40291040272001377,0.4053686700940853,0.24294210208630715,0.38282906408843403,0.3339953417007681,0.4335975291193984,0.0,0.4613444011410828,0.47490968715153875,0.40120656524918447,0.0,0.0,0.0,0.0,0.5098241866311737,0.0,0.41062768074668893,0.45639732188970084,0.4343230904616454,0.35808798859347246,0.487771323805752,0.0,0.4207183159757878,0.0,0.4458854750243951,0.0,0.4237262089392013,0.0,0.0,0.0,0.516251289262224,0.4421572853710708,0.41837414845249665,0.4453132200484782,0.4605034411725434,0.0,0.0,0.38203409465090477,0.5006926061637119,0.4461775892482464,0.45086201452021757,0.0,0.42362120629756994
0.0,0.3078844451909646,0.3078533970998639,0.3769161935409485,0.33038667665920857,0.34445475699492384,0.37685952726102384,0.4661435411933722,0.0,0.4447907276714192,0.34206306045608764,0.3742360319077394,0.37871977463625395,0.3931456091267191,0.0,0.0,0.2918860947301875,0.2959182353913808,0.30420181664408585,0.36926438354912566,0.0,0.39970568740950874,0.4040811849942384,0.3718245405988965,0.3728926955937406,0.387965757871947,0.35987657727173006,0.4121525853258446,0.4068599307312129,0.40365357231390725,0.42724299029695917,0.3912829056372411,0.35632821566886197,0.42383254087418426,0.40744383764068776,0.3888930539028764,0.4055175959318798,0.39374995912544425,0.49332316209766564,0.0,0.30343540792210655,0.24607307697874728,0.45014689351892795,0.2666203624928203,0.0,0.0,0.0,0.5339032977128378,0.0,0.429256465259164,0.4977309922717857,0.44549142086208293,0.4850441233539921,0.5115352744264439,0.0,0.473261510676782,0.0,0.4106008775976179,0.0,0.0,0.0,0.0,0.0,0.52818577499537,0.0,0.0,0.0,0.5123280465341259,0.0,0.0,0.0,0.5170056624626804,0.3927069530856153,0.32479128428028026,0.0,0.35211644549267707
0.3849058882278973,0.2956582025246,0.0,0.0,0.4208320355401272,0.4510202725853308,0.46797243981876036,0.4110026043270259,0.4447907276714192,0.0,0.4144067652399348,0.314035772303056,0.4057366221954291,0.0,0.0,0.365866144862205,0.3511234119147374,0.39008327972603163,0.4202638625750414,0.26263083601259846,0.4302701302258166,0.3006072425945065,0.4337094689474501,0.33704853343050667,0.35405941041384825,0.3648972465927842,0.375830405107999,0.40195576453997955,0.28152684605885303,0.0,0.34313655690970907,0.37750166728594065,0.3141042341855533,0.30695768288614783,0.3478962888645988,0.4068020476052198,0.0,0.26409121899563587,0.42849154329879113,0.3629759784201444,0.38493265825813816,0.0,0.0,0.0,0.3479994161698766,0.4201675578528692,0.3388026823609027,0.0,0.0,0.0,0.0,0.0,0.0,0.0,0.4514328498764972,0.0,0.46421120116501824,0.40465090138841725,0.0,0.0,0.3463892971807618,0.4499861832552096,0.4017632432497863,0.0,0.0,0.0,0.0,0.0,0.4592748355257133,0.42941915135831177,0.4617110491892841,0.0,0.4211258222031396,0.0,0.0,0.404249497745123
0.0,0.0,0.38246155709335006,0.333010464167489,0.33444335643585626,0.3658244379363472,0.38648392901035433,0.32834823116841005,0.34206306045608764,0.4144067652399348,0.0,0.3676268414660523,0.3925608497518992,0.290274066269321,0.0,0.0,0.33902924827144604,0.30818913047152424,0.3201677526857015,0.0,0.0,0.0,0.3560923996204512,0.36311745890575997,0.32053417926633776,0.27376514067358004,0.4065755405219949,0.39181649473900204,0.0,0.0,0.4255610655354027,0.34128067861594685,0.35460016338929823,0.414387993451674,0.3874754089175393,0.29086801373596316,0.3858205052724025,0.3710469358381781,0.39666859115508624,0.0,0.2830918468274507,0.2709963245383045,0.40041003805426073,0.0,0.0,0.0,0.0,0.5248169829888213,0.0,0.4777780046180922,0.47812114684933427,0.4489990161184678,0.4483038120106482,0.5167083037818577,0.0,0.32127004166890133,0.0,0.3771311022996728,0.0,0.0,0.0,0.0,0.0,0.5713289298485654,0.0,0.0,0.0,0.4919486015003546,0.0,0.0,0.0,0.5063987630735666,0.37961742637865253,0.0,0.0,0.35757518927040177
0.3887583434825403,0.0,0.0,0.22852106611637435,0.35981696533196156,0.3343204968099599,0.3746113521978792,0.3934447779293479,0.3742360319077394,0.314035772303056,0.3676268414660523,0.0,0.44245235145170875,0.0,0.3169761856050589,0.0,0.37508911311422277,0.4406169523701414,0.314546381294217,0.2850433355601882,0.40321457126719223,0.0,0.3822746621690437,0.30465538709448725,0.3714514936749376,0.3162141473350672,0.0,0.4007158987541932,0.29096564246080775,0.0,0.34212061108739267,0.22188349354988693,0.2960206653803422,0.2568613322845919,0.3222742140889452,0.28082510936189786,0.27889304450121927,0.2266801315348806,0.22984335231384243,0.381252801056031,0.3307874187942008,0.32287066556757,0.2530642184259616,0.25558644634510247,0.37435116370096033,0.3974821750378074,0.0,0.0,0.19661639881052612,0.0,0.3262349215492945,0.0,0.0,0.0,0.45384503663466463,0.3041046089105578,0.4643667069839062,0.33879743219764513,0.0,0.0,0.0,0.4565233610479436,0.38746289675676526,0.28516024442256543,0.3353801412003441,0.33338325806873864,0.4585163523480922,0.0,0.465264234134955,0.44034362867068305,0.4684841416691119,0.0,0.2597588619003391,0.0,0.0,0.4315760071108334
0.30403894731658376,0.371758975859303,0.41780810114866745,0.2809029189524422,0.35150445976799494,0.3696363365240213,0.33026509714249436,0.4089932063487461,0.37871977463625395,0.4057366221954291,0.3925608497518992,0.44245235145170875,0.0,0.2993133852115632,0.3731836748899606,0.43354463658272796,0.44140592771955234,0.44811818130842657,0.4153196078368769,0.402987475124175,0.3964867319873842,0.424641552945735,0.3987008971958253,0.4416792165559593,0.3879848790046567,0.3983327255566099,0.4008620052684133,0.3236337624188663,0.37774291845427566,0.3247742041968566,0.36511765994541634,0.3449519461863467,0.38606722943659866,0.3676026582593399,0.3427278476143768,0.29834928097682684,0.30915760486801536,0.37531959326442643,0.3864128455462214,0.3057563025833594,0.28070086649902815,0.2382607647396078,0.3518886450488987,0.2137152531568807,0.0,0.0,0.22714857697383276,0.460539169232066,0.0,0.31923669357492745,0.4889827208130734,0.34940560545476573,0.44811795998668313,0.39083429199275493,0.3738372492309094,0.3768225595112804,0.3465885228707177,0.3998371260064625,0.0,0.3046382039843895,0.0,0.0,0.0,0.3866531318459336,0.38370070294072417,0.0,0.25417637349554917,0.46697887061805216,0.38347723811860357,0.29834805400423164,0.29862224874440113,0.4818041548666916,0.3310761845480286,0.426112486867804,0.0,0.33711959682443554
0.0,0.0,0.4093500883209005,0.23327412619933818,0.2595023894941951,0.4088205803232454,0.2616945845832064,0.312891707523745,0.3931456091267191,0.0,0.290274066269321,0.0,0.2993133852115632,0.0,0.0,0.0,0.0,0.0,0.37755121545183223,0.0,0.0,0.0,0.34934459703991333,0.38991519305740197,0.0,0.0,0.42966172049600254,0.2228790355553852,0.0,0.0,0.0,0.24896552597325328,0.0,0.0,0.0,0.1899233152122747,0.15499442962116416,0.0,0.0,0.0,0.0,0.0,0.0,0.0,0.0,0.0,0.0,0.5170918739351581,0.0,0.0,0.0,0.0,0.0,0.4708575742690625,0.0,0.4047081995038765,0.0,0.0,0.0,0.0,0.0,0.0,0.0,0.0,0.0,0.0,0.0,0.45300322423691,0.0,0.0,0.0,0.45416635894043134,0.0,0.0,0.0,0.0
0.35606452380895953,0.38561868750549666,0.0,0.0,0.0,0.38135856592400225,0.0,0.0,0.0,0.0,0.0,0.3169761856050589,0.3731836748899606,0.0,0.0,0.37932920412974414,0.30753476228159965,0.37580008718437613,0.0,0.32445243205001306,0.32855446589024506,0.337398952000058,0.30898870262019873,0.4333919929130697,0.36841698991195526,0.3606415980524327,0.36083507805567594,0.3717711694459909,0.3602334060764407,0.0,0.36163170485490104,0.37909377132697997,0.3385873257159361,0.3757193405776999,0.41924520918795877,0.4891340106646856,0.0,0.0,0.43150913163235943,0.43587007779401943,0.42447426627703305,0.45085027463090616,0.0,0.0,0.0,0.0,0.45896818011194124,0.0,0.0,0.0,0.4194264608148262,0.0,0.45282600144261265,0.0,0.0,0.0,0.0,0.34014709222712075,0.0,0.44288846044299096,0.4079972271909489,0.0,0.27847561752402894,0.0,0.43421322343646857,0.415712106019523,0.44621532701563327,0.44153062311250274,0.0,0.0,0.49573909722985343,0.44385627001033273,0.4051938041938049,0.4275710395404526,0.3746232691175689,0.39241160059365005
0.37966287784718566,0.3859890287316283,0.0,0.0,0.373189517772178,0.3769140283952442,0.4389838008725549,0.42560492219877455,0.0,0.365866144862205,0.0,0.0,0.43354463658272796,0.0,0.37932920412974414,0.0,0.3933600599383633,0.3256436771758662,0.0,0.39255042249733024,0.38548351009122267,0.38306096014099345,0.40383177623573574,0.0,0.38602881717175813,0.3987189244636115,0.3946867723151468,0.42889580352878853,0.402431243969565,0.3709490488218593,0.36230157827839643,0.39676756426861387,0.3612984787998998,0.36086019105581,0.40788916830553246,0.0,0.0,0.0,0.4139563510895756,0.3916501998452995,0.4014261942009645,0.43683393043687874,0.0,0.0,0.0,0.41345693529633626,0.4272345441892073,0.0,0.0,0.0,0.2558385391891751,0.0,0.0,0.0,0.0,0.0,0.0,0.28691507724835824,0.0,0.43408899466333106,0.4159979902416788,0.0,0.41658042134728923,0.0,0.40911469237310566,0.0,0.42999004436054417,0.3201996037463044,0.0,0.41653043289283287,0.44100467793564196,0.0,0.0,0.3715252758563002,0.0,0.3947508621540951
0.36791625434167524,0.36310665655904123,0.0,0.0,0.3776281593974614,0.28517035469826957,0.38827439286577475,0.34033005123951404,0.2918860947301875,0.3511234119147374,0.33902924827144604,0.37508911311422277,0.44140592771955234,0.0,0.30753476228159965,0.3933600599383633,0.0,0.3666460221444444,0.2888415093486698,0.31382116368734964,0.0,0.35917140466347464,0.28763725903100484,0.3923912824438596,0.3642636086786247,0.40106887857681595,0.280233302824489,0.4151316043436877,0.30868974619583556,0.0,0.3617425497104424,0.3956225884748008,0.34643812475173225,0.36754640569349756,0.3850885167065504,0.4391600907564561,0.0,0.3431387246824653,0.3637903358698601,0.3700546683348303,0.40669751228026085,0.0,0.0,0.0,0.0,0.4007791517887818,0.3805519133204981,0.0,0.0,0.0,0.0,0.0,0.0,0.0,0.4519238347188579,0.0,0.4871348776247226,0.0,0.0,0.0,0.0,0.4381879127340576,0.4088629676550989,0.0,0.0,0.0,0.0,0.0,0.4568082167912874,0.41930813789311994,0.44316879304655693,0.0,0.0,0.0,0.0,0.3973475114511028
0.37334832067903695,0.3858850758167135,0.0,0.0,0.3431702907695492,0.4067245065919416,0.4248502520485569,0.43182444806382675,0.2959182353913808,0.39008327972603163,0.30818913047152424,0.4406169523701414,0.44811818130842657,0.0,0.37580008718437613,0.3256436771758662,0.3666460221444444,0.0,0.30230761179612015,0.3920307140258606,0.3911535634684004,0.3963031553770325,0.4223737576144174,0.39259113197726236,0.3548369256951652,0.3896768173457323,0.40139024058791406,0.4384451173462208,0.41483370640154893,0.37073710873608656,0.3853689156697612,0.40839300119974614,0.3535188207821509,0.37255138022566003,0.4346902285346706,0.0,0.0,0.0,0.40423556402018673,0.3751137868336711,0.39236776943341206,0.42429767160957554,0.0,0.0,0.0,0.4107668582298788,0.4095327079191268,0.0,0.0,0.0,0.0,0.0,0.0,0.0,0.4086782527701148,0.0,0.4354991563345253,0.3032617486735511,0.0,0.36805539931493386,0.394798687542915,0.4173955166882933,0.39580387638892206,0.0,0.0,0.404935018998268,0.42067308174244067,0.28803365374557904,0.46120224226866213,0.4098320699956776,0.42665922195813705,0.0,0.0,0.0,0.0,0.4003225609544181
0.0,0.0,0.33264365572919696,0.38207040360841094,0.36159730277068647,0.39803657190903613,0.40509792059050875,0.47466847358376163,0.30420181664408585,0.4202638625750414,0.3201677526857015,0.314546381294217,0.4153196078368769,0.37755121545183223,0.0,0.0,0.2888415093486698,0.30230761179612015,0.0,0.0,0.0,0.0,0.36659279648500925,0.0,0.2827638881273699,0.2838665006360239,0.38015511325862444,0.4138034293302941,0.0,0.0,0.4401880981946206,0.38653380730485126,0.3554011162472222,0.4433433722244877,0.4017325515974284,0.3729087244447001,0.401248824014857,0.34981813411972607,0.45040811834903705,0.0,0.3422518717062484,0.26618542193064443,0.49043536194290543,0.2722561996615573,0.0,0.0,0.0,0.5690965642466417,0.0,0.4673239068932515,0.5257101590759041,0.4529867005012186,0.5252142976860157,0.5339901331072997,0.0,0.4084979040417035,0.0,0.3944347756915732,0.0,0.0,0.0,0.0,0.0,0.5644704484113939,0.0,0.0,0.0,0.5402144175745994,0.0,0.0,0.0,0.5560460055723059,0.3373096451741783,0.33968000284445143,0.0,0.3808373983834557
0.38844017679433923,0.38299404225131717,0.0,0.0,0.4011978922003065,0.37099754097415155,0.40596516229775265,0.3579429196641024,0.36926438354912566,0.26263083601259846,0.0,0.2850433355601882,0.402987475124175,0.0,0.32445243205001306,0.39255042249733024,0.31382116368734964,0.3920307140258606,0.0,0.0,0.37404253662059367,0.34799847076770696,0.29678018159587866,0.3513993101548142,0.36853410409039433,0.3947400594189718,0.32033703022099397,0.3801921848583486,0.3228635677197753,0.3212028459620055,0.3439693233743337,0.3957638881699594,0.3480060614825464,0.37617330467625437,0.42675680094212015,0.4414117836130399,0.3913973611611006,0.0,0.43221922902162374,0.4037007091812763,0.4362527742924041,0.452609710236719,0.0,0.25839161289920926,0.0,0.0,0.4024711563812945,0.0,0.0,0.0,0.4166354092545569,0.3087620551910139,0.42496666267154043,0.0,0.0,0.0,0.0,0.34328799734359505,0.0,0.4368735751558207,0.30142970980213335,0.0,0.21788926259823,0.0,0.4373412904807388,0.4284499420809658,0.42408571227370545,0.44842008396896826,0.0,0.0,0.4432851486708143,0.4437729021795711,0.45086199966013907,0.4416789156312707,0.3391851591927259,0.4063006764756742
0.38385054636598065,0.39624371985153617,0.0,0.0,0.0,0.3524479826493665,0.3456488101302304,0.3577181156125348,0.0,0.4302701302258166,0.0,0.40321457126719223,0.3964867319873842,0.0,0.32855446589024506,0.38548351009122267,0.0,0.3911535634684004,0.0,0.37404253662059367,0.0,0.3912775172796785,0.3630539846013781,0.4435839928554374,0.3921334427471559,0.3773803444064953,0.3689480775873849,0.40159804156604056,0.37109674727323033,0.0,0.36288780776481616,0.3800628753903868,0.3669888442910574,0.37187243886914345,0.4124396936234874,0.3724108943805837,0.0,0.34081378292363385,0.41536263382380734,0.45425714684228374,0.43040551523166354,0.0,0.0,0.0,0.0,0.0,0.4620639255005919,0.0,0.0,0.0,0.0,0.0,0.3653430678852458,0.0,0.0,0.0,0.0,0.3833793537426461,0.0,0.4507810534372476,0.4510994753092356,0.0,0.0,0.0,0.3983222052228922,0.33240221436099265,0.4596402268301748,0.42569724931534114,0.0,0.38132926417107144,0.47227904809470067,0.43109825338008356,0.42605028914163307,0.4170033368548757,0.0,0.3476323893012094
0.3844489562820684,0.3839965641552276,0.0,0.0,0.4049780399919203,0.38469890320269357,0.42195457318799623,0.3685786740209005,0.39970568740950874,0.3006072425945065,0.0,0.0,0.424641552945735,0.0,0.337398952000058,0.38306096014099345,0.35917140466347464,0.3963031553770325,0.0,0.34799847076770696,0.3912775172796785,0.0,0.381451143292218,0.0,0.38766410474018803,0.3886787061917147,0.3891718111716348,0.42510494755246375,0.3683803164998369,0.3849171479313184,0.35302003810849664,0.3893002156405718,0.3550605335891727,0.37399143891105424,0.42354685141678383,0.0,0.4067553678964802,0.3470870337822447,0.42107658632631423,0.4220516125310876,0.42484379931423966,0.4542015945043886,0.0,0.27333499714010695,0.0,0.0,0.44081359175204976,0.0,0.0,0.0,0.415888242139804,0.2660950149258815,0.0,0.0,0.0,0.0,0.0,0.2669343706002813,0.0,0.45722264532414536,0.43404783765590327,0.28138856121473105,0.28901992255602876,0.0,0.43349706345830313,0.44223956652379165,0.4401852284918377,0.44519784496522324,0.0,0.0,0.46426116016299446,0.4516663684963133,0.3283996333870285,0.43124081726841185,0.0,0.40817287145276077
0.4262553561837196,0.39574998742239353,0.3503446520470149,0.34980907290799906,0.38324208592396863,0.4016094766493572,0.3997961236027515,0.36495393164114576,0.4040811849942384,0.4337094689474501,0.3560923996204512,0.3822746621690437,0.3987008971958253,0.34934459703991333,0.30898870262019873,0.40383177623573574,0.28763725903100484,0.4223737576144174,0.36659279648500925,0.29678018159587866,0.3630539846013781,0.381451143292218,0.0,0.4766124722761052,0.41099364451042963,0.4144370623130026,0.35897576054459385,0.4008729775272759,0.3595330133036379,0.38203733063614265,0.39865594933436294,0.36973929733606564,0.3594739659587734,0.4030717874367984,0.41192672392663426,0.36360199090521067,0.39784102589738707,0.34954270597312453,0.4446201333058731,0.41448944202103455,0.46222462896020333,0.45286594260230273,0.4315537834976909,0.3565947649300999,0.0,0.40327739957602615,0.3912354545320869,0.5329682863070918,0.0,0.47049644529940904,0.4792464058132427,0.47728820866606136,0.45211214953992473,0.5067510037293828,0.34421997631473233,0.5011388390439916,0.0,0.4659576825582792,0.45851225647628674,0.4320308351073882,0.2956222218415996,0.0,0.0,0.5354484423907916,0.4393665014191537,0.4160839624626128,0.43117470406453007,0.4643336695466637,0.0,0.2764238201591778,0.39274601268964043,0.48620356011744226,0.46068494115539166,0.44587985088721704,0.44897369127527453,0.45417703638221824
0.3698368380625398,0.0,0.0,0.0,0.3565271581224953,0.0,0.361207493188444,0.4826675312960815,0.3718245405988965,0.33704853343050667,0.36311745890575997,0.30465538709448725,0.4416792165559593,0.38991519305740197,0.4333919929130697,0.0,0.3923912824438596,0.39259113197726236,0.0,0.3513993101548142,0.4435839928554374,0.0,0.4766124722761052,0.0,0.3828480260135088,0.3372574137347242,0.5097637439569227,0.3852593206760009,0.35556024445338463,0.0,0.34451843955159384,0.3790941552767267,0.23248794375928472,0.24912756431667668,0.0,0.0,0.0,0.22054266503833247,0.0,0.35242173210594036,0.39838574251074277,0.0,0.0,0.0,0.3354470577681258,0.39407263292627687,0.0,0.0,0.0,0.0,0.0,0.0,0.0,0.0,0.4341182563535206,0.0,0.4555796356236462,0.45450634810310375,0.0,0.0,0.0,0.43523006160201433,0.4205458721183001,0.0,0.0,0.0,0.0,0.0,0.455319718077279,0.43136079461177335,0.45487350445117875,0.0,0.4974245661753461,0.0,0.0,0.47546005890981935
0.3661675060824091,0.37121186866092226,0.0,0.0,0.32139172572034325,0.3462203454822111,0.3430635499545155,0.44346208620746685,0.3728926955937406,0.35405941041384825,0.32053417926633776,0.3714514936749376,0.3879848790046567,0.0,0.36841698991195526,0.38602881717175813,0.3642636086786247,0.3548369256951652,0.2827638881273699,0.36853410409039433,0.3921334427471559,0.38766410474018803,0.41099364451042963,0.3828480260135088,0.0,0.36833168052126203,0.3863986619409618,0.40558824673941446,0.3665972757603238,0.0,0.37003904864156917,0.37399940201882376,0.31449837451404783,0.33784383431799697,0.3757774715171116,0.4098499268581636,0.0,0.31487601813096655,0.41808366252646145,0.38183832163015735,0.4007248280472195,0.4227339831568783,0.0,0.0,0.35542447552912365,0.4123402753241582,0.4202526457987584,0.0,0.0,0.0,0.0,0.0,0.35260272783489194,0.0,0.4370590207058373,0.0,0.4467610183503634,0.298149966912428,0.0,0.4010449617962347,0.4110117492576954,0.42512989533840695,0.403337614737713,0.0,0.0,0.4061928633895983,0.45182766772229055,0.3105864731805396,0.438228941867243,0.4187960703832182,0.4337352250295918,0.0,0.35265555537226906,0.0,0.0,0.4032573706786555
0.36659715286852385,0.36075354165158546,0.0,0.0,0.2869454403090909,0.3743406107546431,0.34750098067229374,0.4572380176892491,0.387965757871947,0.3648972465927842,0.27376514067358004,0.3162141473350672,0.3983327255566099,0.0,0.3606415980524327,0.3987189244636115,0.40106887857681595,0.3896768173457323,0.2838665006360239,0.3947400594189718,0.3773803444064953,0.3886787061917147,0.4144370623130026,0.3372574137347242,0.36833168052126203,0.0,0.39586379622786444,0.438816592389646,0.3886420216936908,0.3146963233608623,0.3734948185521252,0.3891040510612455,0.34486792621595935,0.3578370122160755,0.402623297147018,0.3804583227213496,0.0,0.3184817980935713,0.4344809155752838,0.4092199582076328,0.42158508983268783,0.4480136750619712,0.0,0.0,0.35363283976369847,0.42315276007590424,0.446042541370927,0.0,0.0,0.0,0.4252190786066547,0.2789932481459306,0.0,0.0,0.4636995876453348,0.0,0.4791574116815613,0.3394465923768659,0.0,0.4710851720632838,0.43586773525885475,0.4393555178649445,0.42225373700020624,0.0,0.447280444793066,0.4425945075036665,0.4597941339279781,0.4494681601714352,0.45495165832007556,0.43429500075397404,0.45419262901896706,0.45180539690511884,0.3793580212816923,0.4324739668791544,0.0,0.4207163175688249
0.37181641029031454,0.38019018625101764,0.3565925243113732,0.368738857168675,0.3847284192238548,0.3920703474216818,0.4085743934478327,0.4425614137272221,0.35987657727173006,0.375830405107999,0.4065755405219949,0.0,0.4008620052684133,0.42966172049600254,0.36083507805567594,0.3946867723151468,0.280233302824489,0.40139024058791406,0.38015511325862444,0.32033703022099397,0.3689480775873849,0.3891718111716348,0.35897576054459385,0.5097637439569227,0.3863986619409618,0.39586379622786444,0.0,0.40222307402446356,0.3713779597454751,0.37415775074810437,0.37610252353536944,0.381335041835355,0.33828731549598695,0.3976381653071636,0.41453344482373683,0.39523540612746555,0.3999692555543801,0.3119831453408449,0.43627441771317005,0.3805867310617361,0.4562710137309046,0.4301255415608873,0.4287088282164751,0.26155565943637,0.0,0.3036727517631715,0.35531553742625416,0.5412158918510077,0.0,0.4505651936694521,0.4894678111238935,0.47933756458796056,0.4744391681365876,0.5190268224762947,0.0,0.5070947615065855,0.0,0.46760159209928054,0.484664978259341,0.4315328357964138,0.2541894376387067,0.0,0.2589430911067828,0.5493486336771186,0.43120691052454707,0.42056876866857357,0.42320983857572486,0.47487236923025,0.0,0.226989260970889,0.43071053727088804,0.48951880263139086,0.4583112096173697,0.4419528996110122,0.42261123997030664,0.4293086803779025
0.3859613691226567,0.38819639546419765,0.4331258761965454,0.23151488931032818,0.338170430169845,0.3551771649025678,0.3139811428465408,0.4004717400267491,0.4121525853258446,0.40195576453997955,0.39181649473900204,0.4007158987541932,0.3236337624188663,0.2228790355553852,0.3717711694459909,0.42889580352878853,0.4151316043436877,0.4384451173462208,0.4138034293302941,0.3801921848583486,0.40159804156604056,0.42510494755246375,0.4008729775272759,0.3852593206760009,0.40558824673941446,0.438816592389646,0.40222307402446356,0.0,0.3390684265113176,0.2922053857547339,0.35691746424223214,0.34775009553401676,0.3553078770020736,0.3352780451474418,0.32453328959684524,0.22861946210505743,0.24790058336369852,0.35172519320923534,0.3998483835286348,0.31520807744466717,0.3458019665870851,0.28071627446562253,0.3299203948814003,0.20590556697213355,0.0,0.0,0.25338730927909825,0.39170403115808045,0.0,0.2979946551007656,0.4713892697389032,0.326763644877381,0.45851245509173555,0.3233082861693811,0.40029740298552896,0.3101365606102757,0.38876553325888297,0.3926967143241529,0.0,0.398153193763609,0.0,0.0,0.0,0.3238168681814525,0.4303304021387187,0.41219331937582776,0.0,0.45911353057900245,0.0,0.3119461978772819,0.36774799229182353,0.4578512730990694,0.3576412504734623,0.4628195936356304,0.0,0.41262548784260117
0.40668804080367776,0.37217863908417154,0.0,0.0,0.3997704148870382,0.3158827900911459,0.4119325598616208,0.3504517967057893,0.4068599307312129,0.28152684605885303,0.0,0.29096564246080775,0.37774291845427566,0.0,0.3602334060764407,0.402431243969565,0.30868974619583556,0.41483370640154893,0.0,0.3228635677197753,0.37109674727323033,0.3683803164998369,0.3595330133036379,0.35556024445338463,0.3665972757603238,0.3886420216936908,0.3713779597454751,0.3390684265113176,0.0,0.3119763513427145,0.32322878221356505,0.3657828073939239,0.30041247286725276,0.3650114782624474,0.4087673815426071,0.32258582111010403,0.3757129598624119,0.0,0.4202542326057591,0.35221568269127607,0.43670554425787317,0.40417545071277927,0.29875158852333,0.2832759905775175,0.0,0.0,0.3686529562746696,0.3708699336263416,0.0,0.3232571603330599,0.46222982539823826,0.3282908821655925,0.4103890909554404,0.32968176157810886,0.0,0.0,0.0,0.44576493248267796,0.0,0.42534599290706504,0.2804941317846169,0.0,0.0,0.0,0.44343261048446914,0.421987046180155,0.4197674847675553,0.4473576295154619,0.0,0.20570763021021507,0.3606692789128955,0.44252076887992187,0.4591571896900908,0.43847242234435735,0.39591434831647826,0.4161865557098325
0.0,0.0,0.0,0.0,0.0,0.38511293439721994,0.0,0.34933550548110864,0.40365357231390725,0.0,0.0,0.0,0.3247742041968566,0.0,0.0,0.3709490488218593,0.0,0.37073710873608656,0.0,0.3212028459620055,0.0,0.3849171479313184,0.38203733063614265,0.0,0.0,0.3146963233608623,0.37415775074810437,0.2922053857547339,0.3119763513427145,0.0,0.2991533733146226,0.3644771935203524,0.3076667591675451,0.3446109188857574,0.38401350140764107,0.0,0.0,0.0,0.0,0.0,0.0,0.0,0.0,0.0,0.0,0.0,0.0,0.0,0.0,0.0,0.45131144429571235,0.0,0.0,0.0,0.0,0.0,0.0,0.3000216105528203,0.0,0.0,0.0,0.0,0.0,0.0,0.4284933655071278,0.0,0.0,0.43568494250808193,0.0,0.0,0.0,0.4368335178224325,0.34996544549226727,0.4016439797956067,0.0,0.376907150694589
0.3501844260984941,0.34926883915088713,0.43294850775040267,0.0,0.4089611042170554,0.40979340171436185,0.358640625868947,0.3983448569308972,0.42724299029695917,0.34313655690970907,0.4255610655354027,0.34212061108739267,0.36511765994541634,0.0,0.36163170485490104,0.36230157827839643,0.3617425497104424,0.3853689156697612,0.4401880981946206,0.3439693233743337,0.36288780776481616,0.35302003810849664,0.39865594933436294,0.34451843955159384,0.37003904864156917,0.3734948185521252,0.37610252353536944,0.35691746424223214,0.32322878221356505,0.2991533733146226,0.0,0.3587541898926863,0.30954175331938766,0.25112159643098214,0.2184709365667741,0.40241293620234814,0.35342429362465894,0.2969997851694535,0.42941535450238494,0.36894933146269937,0.39178340765294056,0.0,0.3512305961904504,0.0,0.0,0.39502961043378587,0.401777974727376,0.0,0.0,0.34960844908390953,0.46165336845939053,0.2983534188311627,0.4424157321840717,0.28346519743513554,0.40522477851402283,0.0,0.42683826500505295,0.33549016685701466,0.0,0.42958472906243517,0.3923010787568977,0.4110886499813467,0.39797845586800734,0.0,0.423971958306007,0.0,0.4114593304578093,0.46298220126722067,0.4459429155201963,0.4177531704191043,0.42392253935619206,0.45244379266630097,0.42634615523193264,0.44842150071192216,0.0,0.3763426823017886
0.3815514995573781,0.3816838245150073,0.4257418538467666,0.24752181383918187,0.3394714140780359,0.36763112143989496,0.35318726290864305,0.3451987490134092,0.3912829056372411,0.37750166728594065,0.34128067861594685,0.22188349354988693,0.3449519461863467,0.24896552597325328,0.37909377132697997,0.39676756426861387,0.3956225884748008,0.40839300119974614,0.38653380730485126,0.3957638881699594,0.3800628753903868,0.3893002156405718,0.36973929733606564,0.3790941552767267,0.37399940201882376,0.3891040510612455,0.381335041835355,0.34775009553401676,0.3657828073939239,0.3644771935203524,0.3587541898926863,0.0,0.3024765316091962,0.352358823347354,0.34756955791702265,0.2512040702687325,0.28794466940564534,0.2242485468586376,0.29602750296191077,0.2773021304760923,0.312285483356745,0.30419889018307916,0.27976809816370873,0.244515540647855,0.2502807914233793,0.3889426398421367,0.4261931001361429,0.5235123944959479,0.0,0.3468873434687865,0.447102183415877,0.42504012684723697,0.4291930593936876,0.49386498543493784,0.0,0.37115950092715055,0.24962904462000304,0.4914866541833826,0.4024695114339309,0.44631789148045814,0.3898557154799378,0.0,0.36725722230164354,0.40710490465819266,0.43904829347615243,0.4454804295809109,0.42903225012098917,0.45202210185060626,0.0,0.4209394546493778,0.4246617485332736,0.4563536141525012,0.3590905960677966,0.43762417197524744,0.0,0.4354946616775619
0.3368607891925399,0.3438750526232464,0.0,0.0,0.331744336523871,0.3356465636814046,0.34971390587242307,0.43113050943535053,0.35632821566886197,0.3141042341855533,0.35460016338929823,0.2960206653803422,0.38606722943659866,0.0,0.3385873257159361,0.3612984787998998,0.34643812475173225,0.3535188207821509,0.3554011162472222,0.3480060614825464,0.3669888442910574,0.3550605335891727,0.3594739659587734,0.23248794375928472,0.31449837451404783,0.34486792621595935,0.33828731549598695,0.3553078770020736,0.30041247286725276,0.3076667591675451,0.30954175331938766,0.3024765316091962,0.0,0.251089444561722,0.3578757946856124,0.2580568389373502,0.27481795787027435,0.18729800847167916,0.24897584062774553,0.24635097938559847,0.2758506703985712,0.3019436677147024,0.0,0.26880175110580845,0.24969467749560173,0.39153014208845627,0.4215569330951282,0.0,0.0,0.0,0.0,0.0,0.0,0.0,0.35659110059864596,0.0,0.3741240447831977,0.33291264925956066,0.0,0.4425390539543233,0.4133864281563784,0.3804496822593227,0.389941541973164,0.0,0.41621979732511605,0.0,0.42462304849518945,0.4233406274421923,0.35990819574615457,0.3922826237895254,0.40614237698513994,0.4433422539604748,0.3795722483777465,0.4002515622646005,0.0,0.3722836674920669
0.34597765093963523,0.35472023172734235,0.4393239728389625,0.25342703308876835,0.3938664515879291,0.4126581757928129,0.36233596632869947,0.40291040272001377,0.42383254087418426,0.30695768288614783,0.414387993451674,0.2568613322845919,0.3676026582593399,0.0,0.3757193405776999,0.36086019105581,0.36754640569349756,0.37255138022566003,0.4433433722244877,0.37617330467625437,0.37187243886914345,0.37399143891105424,0.4030717874367984,0.24912756431667668,0.33784383431799697,0.3578370122160755,0.3976381653071636,0.3352780451474418,0.3650114782624474,0.3446109188857574,0.25112159643098214,0.352358823347354,0.251089444561722,0.0,0.2977016383641606,0.3949176102745889,0.3222342026485094,0.2098338201614769,0.3451831835258211,0.30705690434924265,0.3068692854662196,0.3127218762875956,0.3240398040040624,0.272616176559876,0.2887740577395605,0.3751841760398206,0.41077819009295846,0.3612467779646313,0.0,0.3549213121341504,0.4737193503811582,0.28526864749735553,0.44790818595036946,0.31891977057406584,0.37111358199045325,0.3059621493121084,0.3600694408780544,0.35292631407579916,0.0,0.4417333938657044,0.39420724510687816,0.4024046413588396,0.39844536962043653,0.0,0.43606813308640213,0.0,0.4249048136866632,0.46495594145583713,0.38869285094225436,0.4096140590685631,0.4266006678980991,0.46226313489089493,0.37092216618941665,0.4493369913280896,0.0,0.4331338808460285
0.3674209148052768,0.39934022255102164,0.4379710316595746,0.25189461409269237,0.37436633194214425,0.4097309179639375,0.3656480810595086,0.4053686700940853,0.40744383764068776,0.3478962888645988,0.3874754089175393,0.3222742140889452,0.3427278476143768,0.0,0.41924520918795877,0.40788916830553246,0.3850885167065504,0.4346902285346706,0.4017325515974284,0.42675680094212015,0.4124396936234874,0.42354685141678383,0.41192672392663426,0.0,0.3757774715171116,0.402623297147018,0.41453344482373683,0.32453328959684524,0.4087673815426071,0.38401350140764107,0.2184709365667741,0.34756955791702265,0.3578757946856124,0.2977016383641606,0.0,0.4454382276952501,0.3572711699841287,0.24966953279336984,0.3018654618192875,0.27509682910028094,0.29243987049985415,0.3158575189286286,0.28235779302130315,0.28799741245518484,0.0,0.0,0.43314098181902716,0.0,0.24760573092382002,0.24640666509295617,0.41769445586286275,0.2698503655806566,0.46568466346230625,0.2540708194636591,0.0,0.2576936938725744,0.264087978219887,0.26181535342269985,0.0,0.4636680579433898,0.41117378959270395,0.0,0.40824714878985907,0.0,0.4529962659293816,0.0,0.4522184545815778,0.4756926326418355,0.0,0.4245982271750733,0.44264776766520525,0.46585235512062984,0.28347082498898873,0.4317537705205574,0.0,0.38258394743453
0.0,0.28518701661804435,0.4006465526912787,0.17975918970843388,0.19184713173529874,0.4001966029214448,0.23674604525314938,0.24294210208630715,0.3888930539028764,0.4068020476052198,0.29086801373596316,0.28082510936189786,0.29834928097682684,0.1899233152122747,0.4891340106646856,0.0,0.4391600907564561,0.0,0.3729087244447001,0.4414117836130399,0.3724108943805837,0.0,0.36360199090521067,0.0,0.4098499268581636,0.3804583227213496,0.39523540612746555,0.22861946210505743,0.32258582111010403,0.0,0.40241293620234814,0.2512040702687325,0.2580568389373502,0.3949176102745889,0.4454382276952501,0.0,0.20216832720305947,0.3936922286876941,0.27952984822252497,0.0,0.3561192112687444,0.3100298078231764,0.3320646161172525,0.2599512640479865,0.0,0.0,0.0,0.47182299087767204,0.0,0.39284578419757776,0.4327342165582798,0.39945911754674757,0.4242500031503078,0.46038163190796416,0.0,0.3843905763381161,0.0,0.38099082337000606,0.4544747003888691,0.34624050658643835,0.0,0.0,0.0,0.45125052294092277,0.2873465539871276,0.0,0.0,0.4481403101576937,0.0,0.0,0.0,0.44468920046877625,0.321739587259328,0.35574160217837,0.0,0.3609686518268807
