0.0,0.3639754777578436,0.0,0.0,0.0,0.34116131352786105,0.23927726466781063,0.44795254202275064,0.0,0.32804042431877195,0.4174192951417786,0.33673880514122967,0.2990283745247197,0.4145371468811658,0.33436851944428464,0.33809593666611687,0.0,0.31416209260968686,0.0,0.3941781414112751,0.3637391585546843,0.34716783039153093,0.4074939743212921,0.32813618517004167,0.3382978001085774,0.33167535056253605,0.3729029863434648,0.2771853873676433,0.362520902025266,0.0,0.3006577865585893,0.3468638021121949,0.27256904806156945,0.28942335250122836,0.32355032928017285,0.36772716500476493,0.0,0.3162149154611274,0.3944084164439657,0.330162867687538,0.3814054804101778,0.0,0.0,0.0,0.0,0.35312462311882037,0.41408163448967494,0.0,0.0,0.0,0.3459517087971025,0.0,0.0,0.0,0.4093096753641394,0.0,0.0,0.0,0.0,0.0,0.38112047845630526,0.0,0.3628510365717942,0.0,0.0,0.36521860545566925,0.40872652236611784,0.0,0.0,0.37169634084456626,0.4118757741839761,0.43262284485738883,0.0,0.0,0.0,0.33216212751210794
0.3639754777578436,0.0,0.0,0.0,0.3097046506622671,0.3571927652661689,0.31041581096171256,0.438782596864077,0.2927565806962348,0.25905550531172133,0.0,0.2262673348068146,0.3664322829605648,0.0,0.3755373327522633,0.3557923906457293,0.28857950504107144,0.3563456417009758,0.0,0.39589396989588516,0.36903507641253963,0.3696448798734965,0.37819133788155007,0.2981601459565653,0.35703865717364286,0.3867224923957973,0.3761247290398266,0.36889276001629434,0.3619059806708852,0.39014604918115203,0.33136070345829843,0.3709859182187393,0.29920034099492143,0.33626588316493566,0.3664760163765751,0.0,0.0,0.0,0.40077965716694947,0.3733037067906891,0.39231458985178247,0.4032353249067984,0.0,0.0,0.0,0.3972812962446889,0.41244499410414326,0.0,0.0,0.0,0.326650436853555,0.0,0.0,0.0,0.2491804530569035,0.0,0.0,0.23379765872653868,0.0,0.44214314684657247,0.3825539897047702,0.0,0.37511585200077185,0.0,0.3976976342624563,0.406172666913101,0.4186793918610253,0.4038642190084845,0.0,0.38240419537591247,0.4255903832225191,0.3921499690739244,0.24702118535501635,0.383040032175267,0.0,0.37105110010544573
0.0,0.0,0.0,0.28332519625499614,0.36197331774757113,0.34474298678646575,0.37494666114288333,0.3780658682369016,0.2546568153558987,0.3162305842063608,0.30502252699077786,0.0,0.3728388495323338,0.3445177018909329,0.0,0.0,0.0,0.0,0.23946121021755082,0.0,0.0,0.0,0.27269538678313754,0.0,0.2649587334199807,0.2743148422913534,0.26376599774251763,0.3676143924753176,0.0,0.0,0.38276576503845683,0.350229996391411,0.255858964550797,0.3637973086324151,0.325045832189301,0.33967063256827795,0.3122729180617678,0.2427627306126928,0.3992814386883105,0.0,0.3517550953599978,0.0,0.4049234532069541,0.0,0.0,0.0,0.0,0.4544795535519691,0.0,0.2328955011418247,0.47404966499713147,0.3247099021453236,0.42636844330618473,0.4727001104571746,0.0,0.2738610139993736,0.0,0.4091458036257284,0.0,0.0,0.0,0.0,0.0,0.28081456953250017,0.0,0.0,0.0,0.47858064465240413,0.0,0.0,0.0,0.467309860970962,0.33988437847023817,0.0,0.0,0.36496098723207143
0.0,0.0,0.28332519625499614,0.0,0.20738429505321482,0.3398915430242284,0.22732800270170236,0.32499559943066797,0.3311859797581486,0.13788086735570013,0.2854176622971884,0.0,0.2165513625653028,0.1842695383797036,0.0,0.0,0.0,0.0,0.3217721535085386,0.0,0.0,0.0,0.3341703467126113,0.0,0.0,0.0,0.34324077816148224,0.2295632456680993,0.2922109322305574,0.31199294995298754,0.0,0.24790732850346264,0.0,0.19926761305933866,0.2389893854718316,0.1533772083392373,0.16037000214938835,0.22539463914545338,0.206974668943993,0.0,0.0,0.0,0.0,0.0,0.0,0.0,0.0,0.0,0.0,0.0,0.0,0.0,0.0,0.0,0.0,0.0,0.0,0.0,0.0,0.0,0.0,0.0,0.0,0.0,0.0,0.0,0.0,0.2731342375939444,0.0,0.0,0.0,0.281187368738168,0.0,0.0,0.0,0.0
0.0,0.3097046506622671,0.36197331774757113,0.20738429505321482,0.0,0.3646836341488414,0.29416192374305106,0.3883996626362329,0.32382227801486163,0.3344991341687848,0.31278500971202516,0.33339315969768757,0.31402887787456957,0.2771890544369867,0.0,0.3300978527891723,0.0,0.0,0.3719116562665538,0.3741302663843569,0.0,0.36733093130061295,0.36392883265850984,0.0,0.2988247128748725,0.2975165568599154,0.37629702441063645,0.2654978924451839,0.36913774888576495,0.0,0.39093594433251494,0.32962792019786863,0.0,0.3588540548061504,0.0,0.18045068310711476,0.273036392632741,0.2292330225768929,0.3455456586741469,0.0,0.33950669204723843,0.0,0.38471960651018716,0.0,0.0,0.0,0.0,0.40617411710856244,0.0,0.34553156725708717,0.4168889875506923,0.3175969976817033,0.42501199030354453,0.32775798304344755,0.0,0.0,0.0,0.2900834829021194,0.0,0.0,0.0,0.0,0.0,0.0,0.0,0.0,0.0,0.4566336750184295,0.0,0.0,0.0,0.41054521078518963,0.2828500687198733,0.28913485881910567,0.0,0.0
0.34116131352786105,0.3571927652661689,0.34474298678646575,0.3398915430242284,0.3646836341488414,0.0,0.3754925866161003,0.37982804539799436,0.3330141996836471,0.37962916192783835,0.3620440958018529,0.2834065825540648,0.35852342039251633,0.3656841917422527,0.38787018345772173,0.3763618664526178,0.23647496595614909,0.35412771211651844,0.33504211571392006,0.3812151396053502,0.3608455924467929,0.38158395359643055,0.37057618576837836,0.0,0.34439521819010416,0.37548018494895563,0.34566183241816845,0.35852491696490957,0.3400854588351121,0.39135784849003336,0.3883222364421094,0.37482266877351034,0.3196374095676979,0.3807864336141276,0.37650293676221064,0.3750297036127875,0.3622232781549431,0.29586170763298075,0.44176423276342086,0.0,0.4647768393689712,0.41664529817541035,0.42366998476976825,0.29283154580026877,0.0,0.0,0.25335112238484003,0.4649037287976631,0.0,0.35502324066015195,0.4606075679487342,0.4382087002842992,0.4412749867270414,0.46771869816519496,0.0,0.4370204952686697,0.0,0.4605277161023141,0.0,0.3774134629280405,0.20749743111723024,0.0,0.0,0.4504875174883695,0.4043243022940556,0.3626060510823994,0.2890613023926435,0.46460682175774126,0.0,0.20568578674976182,0.3045294648253239,0.4608029472606867,0.46147602595412246,0.42951720044275876,0.4260620208034445,0.45854698116138054
0.23927726466781063,0.31041581096171256,0.37494666114288333,0.22732800270170236,0.29416192374305106,0.3754925866161003,0.0,0.380138667947219,0.36149681789902594,0.3393307848676766,0.4011704761772566,0.33183204342824585,0.29212755133872653,0.36237458377820675,0.33951552394436674,0.3750605364470067,0.3125450806607583,0.35426240378623475,0.4079426574557948,0.37742850926202626,0.3072478052104272,0.3948945734519579,0.36859268764633507,0.0,0.3279984424637089,0.3314690031262206,0.3761747889586428,0.33990591551272104,0.381947501725005,0.41817294181381004,0.3719214923349878,0.3388326084645708,0.2909803186800766,0.3399977363420591,0.32529649649391573,0.2533050166817073,0.2125162340504537,0.30476608497647795,0.32717983821717267,0.0,0.31768456989442084,0.0,0.34122209741311005,0.0,0.0,0.0,0.23458537610995153,0.3306881794692078,0.0,0.3060523639931058,0.4023948328223808,0.30513759725221073,0.38337496194504445,0.32781216562751214,0.0,0.29527148259153846,0.0,0.28658687177035064,0.0,0.2983072798210092,0.26020361420345234,0.0,0.0,0.3574401218750946,0.2675575149537645,0.0,0.24392353867696326,0.4518548877213367,0.0,0.0,0.23837162215189497,0.42615088570919357,0.2890063716775988,0.29810745644612696,0.0,0.28665007618756927
0.44795254202275064,0.438782596864077,0.3780658682369016,0.32499559943066797,0.3883996626362329,0.37982804539799436,0.380138667947219,0.0,0.41152304493358266,0.35681093206166453,0.27662143917899906,0.0,0.3751965867839863,0.27436309054854213,0.35463296076558964,0.38908963842457084,0.2825732422780306,0.39155387886114723,0.3971559264524489,0.3611538962844448,0.37108575256951243,0.0,0.31668275107441696,0.45707550646260153,0.4238557671021787,0.4345167766360058,0.4030870193114179,0.378931732096179,0.3397247527774468,0.3841435375935107,0.3998348015798545,0.35481108004600204,0.0,0.3921858554474219,0.3699250280068895,0.2421455839163603,0.3282385302237452,0.0,0.4221735059064784,0.0,0.4585731070702371,0.4588984287078595,0.39802760881356947,0.0,0.0,0.0,0.0,0.45450950947502744,0.0,0.40787438410386606,0.4377053793613051,0.4315940035218216,0.3145882127508982,0.45537694184202376,0.0,0.3852934322003341,0.0,0.4388124413574999,0.0,0.4321559047481659,0.0,0.0,0.0,0.4440939151357772,0.4574526064273965,0.35734332643759925,0.0,0.42691243362508874,0.0,0.0,0.0,0.44042901012129587,0.43341873961601135,0.42229845932101034,0.4247705405243996,0.4533612202300271
0.0,0.2927565806962348,0.2546568153558987,0.3311859797581486,0.32382227801486163,0.3330141996836471,0.36149681789902594,0.41152304493358266,0.0,0.38669038105452547,0.2766273050132451,0.33897589659000793,0.32973843459249047,0.33070591321594406,0.29615901992018684,0.2639958127093552,0.0,0.2604928498747481,0.24481180543635994,0.3566043966520309,0.0,0.3279741001670922,0.3712205123595213,0.0,0.3177950141485995,0.3342573998152436,0.34657375497916937,0.3815555279457524,0.35655628628747943,0.0,0.40144219957979,0.37116677222449956,0.2968345675405578,0.38349299667854736,0.35081932143164646,0.3649122630142105,0.34693435802035794,0.2838038996841672,0.40813183346632664,0.0,0.3111465149597291,0.0,0.41506923966963305,0.0,0.0,0.0,0.0,0.4604145135854455,0.0,0.3854706780931127,0.465690628714009,0.35715262723092006,0.4769256495055216,0.43030025936623434,0.0,0.44899842262402206,0.0,0.3744790518524403,0.0,0.0,0.0,0.0,0.0,0.43979588601659203,0.0,0.0,0.0,0.47250108678240166,0.0,0.0,0.0,0.4670866437540732,0.3463788658156336,0.328037680913512,0.0,0.3474237969219287
0.32804042431877195,0.25905550531172133,0.3162305842063608,0.13788086735570013,0.3344991341687848,0.37962916192783835,0.3393307848676766,0.35681093206166453,0.38669038105452547,0.0,0.3756479878316715,0.2509549501428299,0.3539926651390541,0.0,0.0,0.25784202020554997,0.2865034773148465,0.2970101100154613,0.37576605753085845,0.21808544119955586,0.396983203938975,0.2616111266914142,0.3369904247826403,0.2795981197023782,0.2806692158845135,0.3122814688620224,0.3495547360029509,0.3301586466515966,0.25386087502920435,0.0,0.26948261077372127,0.3321507651814424,0.2774516638767347,0.2733792979621457,0.2629294110885243,0.2940993311746362,0.1943309783024561,0.2445368484626385,0.39099499009658223,0.2644595368351778,0.29954372447120997,0.34922154417073265,0.0,0.0,0.27541193219205795,0.3609067777096122,0.3151448911007386,0.0,0.0,0.0,0.0,0.0,0.0,0.0,0.35994077849497363,0.0,0.35936600992757145,0.3179976040997432,0.0,0.0,0.30402374303654456,0.357278314678404,0.35627204453994293,0.0,0.0,0.0,0.0,0.0,0.3517487864994932,0.34224536340078,0.36513814818384654,0.0,0.33197659853725214,0.0,0.0,0.35902610334541313
0.4174192951417786,0.0,0.30502252699077786,0.2854176622971884,0.31278500971202516,0.3620440958018529,0.4011704761772566,0.27662143917899906,0.2766273050132451,0.3756479878316715,0.0,0.34585786281790465,0.3865148374605061,0.22824313394152704,0.0,0.0,0.30650959291105295,0.27480865872086857,0.25095403603535377,0.0,0.35512521154263316,0.0,0.24294101147383876,0.0,0.2930317553672663,0.25467877313051485,0.36507560851225423,0.38723301666048227,0.28954905519366714,0.0,0.4117882944708908,0.3576996793586505,0.28798257757626183,0.3924490646188751,0.3592697313333069,0.24683076393974818,0.3568047697495217,0.33886167821728386,0.3950126306781703,0.0,0.31666563454120317,0.0,0.34126217504191,0.0,0.0,0.0,0.0,0.4490774483617653,0.0,0.4086826836103976,0.4126092091026973,0.3864853482483031,0.40288887490302067,0.43138323960080466,0.0,0.2939825537897822,0.0,0.37073539518423543,0.3965889248225665,0.0,0.0,0.0,0.0,0.20779556294750182,0.0,0.0,0.0,0.4005977836643442,0.0,0.0,0.0,0.41124667214621174,0.33523407138269956,0.0,0.0,0.3219723233612914
0.33673880514122967,0.2262673348068146,0.0,0.0,0.33339315969768757,0.2834065825540648,0.33183204342824585,0.0,0.33897589659000793,0.2509549501428299,0.34585786281790465,0.0,0.3125533737036563,0.0,0.0,0.24470020367821202,0.27458417092424525,0.2224172743188049,0.2845355020793097,0.0,0.0,0.0,0.0,0.25055845963606904,0.2790268726977452,0.2687661793240255,0.2849093776701106,0.3202015618325231,0.0,0.0,0.295023033853692,0.26021854509048015,0.23669177076009315,0.21811213038776486,0.25873476456251576,0.23247354686044908,0.20966050418999005,0.19840664361499685,0.2103496011299262,0.2686804948513684,0.3208189914493606,0.2605752229955589,0.0,0.0,0.27516253516233546,0.3319867977074342,0.0,0.0,0.0,0.0,0.0,0.0,0.0,0.0,0.3697750185214606,0.0,0.37311095563818647,0.3171074538629512,0.0,0.0,0.0,0.34716273790697355,0.35487319294541125,0.0,0.0,0.0,0.0,0.0,0.3634692446171106,0.35093470738830895,0.36703667537322165,0.0,0.3317967533918298,0.0,0.0,0.3483982440619088
0.2990283745247197,0.3664322829605648,0.3728388495323338,0.2165513625653028,0.31402887787456957,0.35852342039251633,0.29212755133872653,0.3751965867839863,0.32973843459249047,0.3539926651390541,0.3865148374605061,0.3125533737036563,0.0,0.32872305213099445,0.3675907092278624,0.40022743484731504,0.33648494950242097,0.359793303490351,0.396706894359675,0.37769177175487495,0.35701684102312053,0.3991249359163688,0.3754917666769929,0.3035689906390049,0.36219899780389636,0.3692440380398567,0.3807014207760786,0.2931705419314434,0.3486221007133345,0.34302300443672284,0.3431368328032623,0.33511624717442834,0.30004376053156506,0.3448392733063409,0.31759426268002494,0.2596920518377658,0.238403245232362,0.278384012126887,0.3328204949764767,0.0,0.3852499402549179,0.3437693485966795,0.3569462772364816,0.31958317809057474,0.0,0.283467374861296,0.22375891701956713,0.3120460480026167,0.0,0.0,0.4072029277211882,0.298309849471999,0.40508630766405046,0.2556439693724952,0.0,0.2959547077259192,0.0,0.30770303392942117,0.0,0.2982869492051734,0.2273876957625965,0.0,0.0,0.0,0.3565253150364273,0.32830757046452824,0.23004872769600596,0.4467022628416003,0.0,0.23220607193571163,0.26261650311370627,0.44543090201838975,0.3450284547473334,0.3714251055916796,0.0,0.32241087271398483
0.4145371468811658,0.0,0.3445177018909329,0.1842695383797036,0.2771890544369867,0.3656841917422527,0.36237458377820675,0.27436309054854213,0.33070591321594406,0.0,0.22824313394152704,0.0,0.32872305213099445,0.0,0.0,0.0,0.0,0.0,0.3479010960211433,0.0,0.37922082527708395,0.0,0.31394904620188996,0.0,0.0,0.3564899774370551,0.3687747910991679,0.22029320218256215,0.0,0.0,0.0,0.17497299183562165,0.0,0.38468157633961336,0.0,0.16769384597582299,0.14747259585575065,0.0,0.0,0.0,0.0,0.0,0.3235952824087845,0.0,0.0,0.0,0.0,0.0,0.0,0.0,0.35674825658158155,0.35925757412166925,0.0,0.0,0.0,0.31849429947897273,0.0,0.3407565717104878,0.0,0.0,0.0,0.0,0.0,0.0,0.0,0.0,0.0,0.38832117171018415,0.0,0.0,0.0,0.36160485254330565,0.0,0.0,0.0,0.0
0.33436851944428464,0.3755373327522633,0.0,0.0,0.0,0.38787018345772173,0.33951552394436674,0.35463296076558964,0.29615901992018684,0.0,0.0,0.0,0.3675907092278624,0.0,0.0,0.3703033451678588,0.0,0.3505855526167872,0.0,0.3120679000249792,0.34585378763909413,0.3441920208474272,0.3276366254469237,0.29849320911327115,0.33764739126879395,0.3574525052862833,0.3721999191759906,0.353693159288051,0.3508312937067478,0.0,0.3683666501472396,0.37869393360217046,0.3281641303938784,0.3798262872517613,0.4033603646444195,0.4499709796735925,0.0,0.0,0.44433492843211575,0.4359962043395382,0.4572249493348572,0.4617661290872859,0.0,0.0,0.0,0.0,0.44289649849211393,0.0,0.0,0.0,0.3915997384671127,0.0,0.47254442450577794,0.0,0.0,0.0,0.0,0.3399731233676454,0.0,0.45477887417766333,0.3590448941286295,0.0,0.0,0.0,0.4379219406845164,0.4093362504869992,0.455773945239857,0.43354684093823215,0.0,0.2981934015784759,0.4477208599053749,0.44230725954027494,0.40732381816713054,0.43020510896088665,0.0,0.4259290328405211
0.33809593666611687,0.3557923906457293,0.0,0.0,0.3300978527891723,0.3763618664526178,0.3750605364470067,0.38908963842457084,0.2639958127093552,0.25784202020554997,0.0,0.24470020367821202,0.40022743484731504,0.0,0.3703033451678588,0.0,0.2930766420510573,0.29790334804942487,0.0,0.33847350209781235,0.3497342924599505,0.3290952030080957,0.37300513270094493,0.27729637233645393,0.3189821125202241,0.37139420523037253,0.3879682723815976,0.38017664926772354,0.3818331868320699,0.33248778187251105,0.3200361295150514,0.38492677028574923,0.31599232413615347,0.336272509026895,0.36282492594521404,0.34440870602301826,0.0,0.0,0.37871174278917313,0.35305889015012076,0.3674803260017705,0.3756718268496667,0.0,0.0,0.0,0.381085910490805,0.3921021154875053,0.0,0.0,0.0,0.22515861604910528,0.0,0.0,0.0,0.26693473729912753,0.0,0.0,0.0,0.0,0.4272322658993992,0.36469133650653196,0.0,0.34187961636575076,0.0,0.35615020189517266,0.3892260584575195,0.3947006193854828,0.0,0.0,0.36653894364134904,0.4024580418097164,0.31205204436200346,0.0,0.30217140477389337,0.0,0.35302359048531173
0.0,0.28857950504107144,0.0,0.0,0.0,0.23647496595614909,0.3125450806607583,0.2825732422780306,0.0,0.2865034773148465,0.30650959291105295,0.27458417092424525,0.33648494950242097,0.0,0.0,0.2930766420510573,0.0,0.29459858709055675,0.2768261158081491,0.1862087707120484,0.0,0.30659564614320106,0.25317523612827464,0.30349481546435947,0.28229698003853204,0.28531205230380147,0.2731187959994807,0.32083393324970066,0.26778078270142097,0.0,0.29149986369877456,0.34194714913281465,0.30548492392202975,0.31347699226194115,0.3138102535052183,0.0,0.0,0.26433046438987784,0.0,0.3437105152103449,0.33999829265104853,0.0,0.0,0.0,0.0,0.0,0.0,0.0,0.0,0.0,0.0,0.0,0.0,0.0,0.37216924700815396,0.0,0.35880571758114593,0.0,0.0,0.0,0.31478576418958854,0.32848115924267934,0.346913257598549,0.0,0.0,0.0,0.0,0.0,0.3456412362993423,0.360803651851623,0.36858120532823496,0.0,0.0,0.0,0.0,0.3338293259002554
0.31416209260968686,0.3563456417009758,0.0,0.0,0.0,0.35412771211651844,0.35426240378623475,0.39155387886114723,0.2604928498747481,0.2970101100154613,0.27480865872086857,0.2224172743188049,0.359793303490351,0.0,0.3505855526167872,0.29790334804942487,0.29459858709055675,0.0,0.26796478880762026,0.3517312742727556,0.32462815940573553,0.3507195835691676,0.36055363005177726,0.2843816345604143,0.30055798972804776,0.32680007122923677,0.3809998946309387,0.35533245194113466,0.3771669025659466,0.308460608356009,0.3105033921192014,0.3488581492613519,0.3040092342315055,0.3260146593322548,0.3354945622396596,0.0,0.0,0.2325650832650652,0.3677907258519734,0.33934121464367045,0.35187107101150966,0.35710882797039045,0.0,0.0,0.0,0.35716919686083887,0.3764501278519592,0.0,0.0,0.0,0.2415071859717419,0.0,0.0,0.0,0.3506446709277738,0.0,0.324271941781253,0.26834086912187066,0.0,0.0,0.34772795251527217,0.3266368782804374,0.3513641562183323,0.0,0.24135809769803018,0.0,0.3654192456511367,0.0,0.38176436469287145,0.352242138449955,0.3687918574959164,0.26558469491961223,0.2751902579679142,0.23667925896068642,0.0,0.33635241801211463
0.0,0.0,0.23946121021755082,0.3217721535085386,0.3719116562665538,0.33504211571392006,0.4079426574557948,0.3971559264524489,0.24481180543635994,0.37576605753085845,0.25095403603535377,0.2845355020793097,0.396706894359675,0.3479010960211433,0.0,0.0,0.2768261158081491,0.26796478880762026,0.0,0.0,0.28165340656627974,0.0,0.2882276751877557,0.0,0.2565726646120697,0.0,0.3036300041810111,0.39267021966707755,0.3392201981309501,0.0,0.41261312766742775,0.3719923218433757,0.2837704831698893,0.37591764032669095,0.37152706690991877,0.362948261431995,0.34493113768956646,0.31716093112856636,0.4185990039263475,0.0,0.0,0.0,0.40168603680703824,0.0,0.0,0.0,0.0,0.4728623859525336,0.0,0.3860045054527283,0.45316287381619974,0.3784035964322313,0.45192034341735643,0.44468858826353735,0.0,0.4551164449873105,0.0,0.3341501105441407,0.0,0.0,0.0,0.0,0.0,0.4604222309689126,0.0,0.0,0.0,0.46253526628559943,0.0,0.0,0.0,0.45339360434486825,0.31290847461266547,0.0,0.0,0.0
0.3941781414112751,0.39589396989588516,0.0,0.0,0.3741302663843569,0.3812151396053502,0.37742850926202626,0.3611538962844448,0.3566043966520309,0.21808544119955586,0.0,0.0,0.37769177175487495,0.0,0.3120679000249792,0.33847350209781235,0.1862087707120484,0.3517312742727556,0.0,0.0,0.39357652796650083,0.3589323804323139,0.3022457722593727,0.30678272882617214,0.361036799568195,0.4076188283158975,0.3515954861759919,0.3447456569380325,0.3260235663944332,0.34456525283665645,0.33551536639391405,0.40748068433702395,0.3584553290223598,0.3933769550669208,0.41524863016102603,0.43476335115301473,0.3767149022201079,0.0,0.44320198389457893,0.4076878114953161,0.47554918384342615,0.4529435179592539,0.353332524306933,0.34719666655217696,0.0,0.0,0.3791149742664053,0.0,0.0,0.0,0.37517849966097605,0.28406671587118226,0.4475380136808888,0.0,0.0,0.0,0.0,0.3448368917727816,0.0,0.4472009998366832,0.2942342297205522,0.0,0.0,0.0,0.4387523559476565,0.43197014843345777,0.440180843567061,0.4522434901385844,0.0,0.0,0.42159445511367033,0.4497978531974127,0.4914583373216838,0.4497775745128742,0.37420616886557934,0.4240818977326751
0.3637391585546843,0.36903507641253963,0.0,0.0,0.0,0.3608455924467929,0.3072478052104272,0.37108575256951243,0.0,0.396983203938975,0.35512521154263316,0.0,0.35701684102312053,0.37922082527708395,0.34585378763909413,0.3497342924599505,0.0,0.32462815940573553,0.28165340656627974,0.39357652796650083,0.0,0.39606079381909015,0.3435341244885458,0.42049666707610006,0.3380912544466288,0.36114031423934834,0.37490439918814694,0.3675690252726578,0.3656072924063074,0.38285736590400904,0.31214544147567097,0.36540010592965755,0.2609075475260147,0.3349354653197715,0.37935010662271607,0.36638771668359804,0.0,0.0,0.43326185590126026,0.3442388559527898,0.40740196044282,0.46072638181932796,0.0,0.0,0.0,0.3858678898984656,0.4242755845574077,0.0,0.0,0.0,0.3869690254333895,0.0,0.36078260557429326,0.0,0.0,0.0,0.0,0.38320208214753926,0.0,0.42158513373420425,0.36602257535525573,0.0,0.0,0.0,0.4321992339476159,0.27422084001623587,0.43638143788840317,0.42064248702577506,0.0,0.30843776777453563,0.4290420869158577,0.43918192375905496,0.4379547383029177,0.4299635738296078,0.0,0.0
0.34716783039153093,0.3696448798734965,0.0,0.0,0.36733093130061295,0.38158395359643055,0.3948945734519579,0.0,0.3279741001670922,0.2616111266914142,0.0,0.0,0.3991249359163688,0.0,0.3441920208474272,0.3290952030080957,0.30659564614320106,0.3507195835691676,0.0,0.3589323804323139,0.39606079381909015,0.0,0.3785498967548638,0.0,0.3486205863471374,0.37169115350766485,0.3867224176255717,0.38124755011263073,0.3609458600088815,0.36361562158530936,0.3558620487107513,0.3932807132749933,0.3408500297694371,0.3725160685105101,0.40883253439813255,0.4475806499464078,0.0,0.0,0.43627855610398497,0.4178931883478039,0.42495356455903166,0.45274593257711127,0.0,0.0,0.0,0.3633638002390184,0.417297111572716,0.0,0.0,0.0,0.3521581565719642,0.2409668336865226,0.0,0.265060050541878,0.0,0.0,0.0,0.24222207505102286,0.0,0.4547391355337356,0.386429974814429,0.0,0.34447951138707816,0.0,0.43649713981912874,0.43247032615390835,0.4399658936704631,0.4364752684799103,0.0,0.36436173193236737,0.438606750791235,0.4244615870965532,0.33018409158038636,0.41051289481607683,0.0,0.4227883282839197
0.4074939743212921,0.37819133788155007,0.27269538678313754,0.3341703467126113,0.36392883265850984,0.37057618576837836,0.36859268764633507,0.31668275107441696,0.3712205123595213,0.3369904247826403,0.24294101147383876,0.0,0.3754917666769929,0.31394904620188996,0.3276366254469237,0.37300513270094493,0.25317523612827464,0.36055363005177726,0.2882276751877557,0.3022457722593727,0.3435341244885458,0.3785498967548638,0.0,0.408540579580483,0.3765524370877005,0.39291252341511085,0.3231452282265536,0.3768612358350564,0.3520441102341424,0.38532626900247213,0.3856389083719275,0.3691734082878365,0.33069539349093674,0.38899055531060567,0.3615421760633086,0.3592130447828048,0.35164996987842695,0.2930715109913465,0.4535892027888556,0.4848496528245081,0.4727349380225108,0.4737702948325689,0.4410595755011159,0.36245130716556456,0.0,0.3828905490059549,0.3469839581969725,0.47401991387320164,0.0,0.42803829481899025,0.4683425669243062,0.4716550014788783,0.42867161693237626,0.47900903981972565,0.0,0.42567991952701634,0.0,0.4662895257861714,0.0,0.4404165101304972,0.24662063944156493,0.0,0.0,0.46386367175551774,0.44800680678146015,0.405040175519086,0.4449831848807489,0.46648056752040873,0.0,0.22901300275532294,0.3647652901333689,0.46838374756348533,0.4664110607562284,0.4506117569541982,0.4750412554630195,0.4758714125337005
0.32813618517004167,0.2981601459565653,0.0,0.0,0.0,0.0,0.0,0.45707550646260153,0.0,0.2795981197023782,0.0,0.25055845963606904,0.3035689906390049,0.0,0.29849320911327115,0.27729637233645393,0.30349481546435947,0.2843816345604143,0.0,0.30678272882617214,0.42049666707610006,0.0,0.408540579580483,0.0,0.2897055556941266,0.29106268969196897,0.14030685375773,0.37042041290796496,0.3394902626015118,0.0,0.29362603529692377,0.3164153372215319,0.19163354870663174,0.19601342037365657,0.22284238423660038,0.0,0.0,0.1906945097190984,0.0,0.2884634367085025,0.29184692921705885,0.0,0.0,0.0,0.21717776062759617,0.37876011110034996,0.37939965988731406,0.0,0.0,0.0,0.0,0.0,0.0,0.0,0.3425804216721763,0.0,0.34345408630074764,0.0,0.0,0.0,0.36932948787538533,0.37711294242455795,0.39352697425363653,0.0,0.0,0.0,0.0,0.0,0.3694176260751505,0.3928489887460104,0.3913543602582455,0.0,0.0,0.0,0.0,0.35777126236221535
0.3382978001085774,0.35703865717364286,0.2649587334199807,0.0,0.2988247128748725,0.34439521819010416,0.3279984424637089,0.4238557671021787,0.3177950141485995,0.2806692158845135,0.2930317553672663,0.2790268726977452,0.36219899780389636,0.0,0.33764739126879395,0.3189821125202241,0.28229698003853204,0.30055798972804776,0.2565726646120697,0.361036799568195,0.3380912544466288,0.3486205863471374,0.3765524370877005,0.2897055556941266,0.0,0.3337703601242871,0.36839901756602705,0.34959613322482497,0.35076183191001126,0.26150253221338765,0.31246597558694184,0.33926485684731905,0.27183818405710264,0.30779209175648187,0.32504460454833417,0.3488060630721927,0.0,0.25750210938519896,0.37551073991342077,0.3462345345101658,0.3546678470898298,0.3688932621327016,0.0,0.0,0.3222639943650564,0.3786014742294143,0.39041902773028975,0.0,0.0,0.0,0.2179156801792561,0.0,0.0,0.0,0.36591908934206985,0.0,0.3707250577692593,0.256522662914416,0.0,0.0,0.3623642269056211,0.3677858218550155,0.3669690706822448,0.0,0.34168173035288957,0.3369140599918605,0.3450273064120138,0.2679601259516819,0.37317724330672525,0.3666734250511776,0.38103472969678515,0.26969984681554027,0.3012956571021588,0.33688199070367003,0.0,0.35332142087487195
0.33167535056253605,0.3867224923957973,0.2743148422913534,0.0,0.2975165568599154,0.37548018494895563,0.3314690031262206,0.4345167766360058,0.3342573998152436,0.3122814688620224,0.25467877313051485,0.2687661793240255,0.3692440380398567,0.3564899774370551,0.3574525052862833,0.37139420523037253,0.28531205230380147,0.32680007122923677,0.0,0.4076188283158975,0.36114031423934834,0.37169115350766485,0.39291252341511085,0.29106268969196897,0.3337703601242871,0.0,0.40170668977211965,0.33278043141291874,0.3617438998241923,0.2542700224110242,0.3361167615214081,0.36862016123293895,0.2950178920195529,0.3396629507582915,0.36319964580296443,0.3842417653065913,0.0,0.26352155445550846,0.4101273043212715,0.36138745415942974,0.38855776179299906,0.41972967082983864,0.0,0.0,0.32541821873551535,0.3969706118653332,0.42870414538745993,0.0,0.0,0.0,0.31558955262067556,0.0,0.0,0.0,0.3642561183366055,0.0,0.3684800860419404,0.28344270570066515,0.0,0.45830167304155867,0.39201036055870847,0.3802617885859675,0.3856071681290984,0.0,0.44011173346012744,0.42072918127269276,0.4497796117507185,0.4182303261206018,0.38425278337389185,0.38509538762087064,0.408752661080531,0.42289551609884557,0.3200014883630461,0.3753760249775209,0.0,0.3759162152163654
0.3729029863434648,0.3761247290398266,0.26376599774251763,0.34324077816148224,0.37629702441063645,0.34566183241816845,0.3761747889586428,0.4030870193114179,0.34657375497916937,0.3495547360029509,0.36507560851225423,0.2849093776701106,0.3807014207760786,0.3687747910991679,0.3721999191759906,0.3879682723815976,0.2731187959994807,0.3809998946309387,0.3036300041810111,0.3515954861759919,0.37490439918814694,0.3867224176255717,0.3231452282265536,0.14030685375773,0.36839901756602705,0.40170668977211965,0.0,0.3809993922896762,0.34825020637117104,0.38455707799680855,0.37878210715369776,0.38359715722594145,0.3410843887356433,0.3959427062614971,0.39904279044829855,0.37876615226187316,0.36983605920800167,0.2780775390027504,0.45045081727573616,0.4093340027205615,0.478599314314802,0.4624872816350019,0.44106938856232386,0.28986186698579014,0.0,0.30687876185214663,0.3211475232826054,0.4705641047910652,0.0,0.39028825972527714,0.47263576008290503,0.456190620624819,0.45624717671390225,0.46935528483121614,0.0,0.4488130389228396,0.0,0.4740594236805466,0.4192078352672595,0.4392283492356875,0.24879470726959765,0.0,0.0,0.43181090701479075,0.437861218905429,0.4060047817967923,0.43372868144303706,0.4686955545297158,0.0,0.0,0.4077178234472801,0.4654393095768127,0.47164309911457575,0.4417574133695637,0.45072748390492645,0.4619801354149494
0.2771853873676433,0.36889276001629434,0.3676143924753176,0.2295632456680993,0.2654978924451839,0.35852491696490957,0.33990591551272104,0.378931732096179,0.3815555279457524,0.3301586466515966,0.38723301666048227,0.3202015618325231,0.2931705419314434,0.22029320218256215,0.353693159288051,0.38017664926772354,0.32083393324970066,0.35533245194113466,0.39267021966707755,0.3447456569380325,0.3675690252726578,0.38124755011263073,0.3768612358350564,0.37042041290796496,0.34959613322482497,0.33278043141291874,0.3809993922896762,0.0,0.30514048057663323,0.30625444492238685,0.32580655452521823,0.34610184581090514,0.30081117790194306,0.3236364407686521,0.26630756443688364,0.23636830223009261,0.23345271168311643,0.28952911173042306,0.44369160166798544,0.0,0.48510715784536396,0.4312931863770879,0.37577544605690055,0.33602045011094217,0.0,0.0,0.23258624022651064,0.30095389669068495,0.0,0.0,0.436175283626321,0.2878930656996231,0.42977261534223743,0.2705357110623932,0.0,0.0,0.0,0.380067760830126,0.0,0.3946650335436637,0.0,0.0,0.0,0.0,0.43294201957996736,0.39004141286865546,0.31312044153846397,0.45356877290961395,0.0,0.0,0.30373086484456346,0.45441410990396647,0.4767478549120909,0.41120164301707984,0.3406726424450964,0.4429488651622458
0.362520902025266,0.3619059806708852,0.0,0.2922109322305574,0.36913774888576495,0.3400854588351121,0.381947501725005,0.3397247527774468,0.35655628628747943,0.25386087502920435,0.28954905519366714,0.0,0.3486221007133345,0.0,0.3508312937067478,0.3818331868320699,0.26778078270142097,0.3771669025659466,0.3392201981309501,0.3260235663944332,0.3656072924063074,0.3609458600088815,0.3520441102341424,0.3394902626015118,0.35076183191001126,0.3617438998241923,0.34825020637117104,0.30514048057663323,0.0,0.33198011807178573,0.3266890610210823,0.3828573373342079,0.2839554817438178,0.37183102350521047,0.38478283841987826,0.3697016627997543,0.33499133089625266,0.23816648449148983,0.42799464360753653,0.354847599057792,0.4202952548188503,0.4089278873734989,0.34254347806953755,0.0,0.0,0.0,0.3138523102565961,0.0,0.0,0.0,0.3711918840292097,0.29914695629387095,0.4030675086944199,0.0,0.0,0.0,0.0,0.3604281120758633,0.0,0.4183162503326243,0.2310242319024763,0.0,0.0,0.0,0.4268059008303234,0.392491307391545,0.41673456868121606,0.43561401534668487,0.0,0.2019368118974521,0.37304992937047377,0.4411821433165591,0.442029027577453,0.4133357859176706,0.40730794648163393,0.44648359721849473
0.0,0.39014604918115203,0.0,0.31199294995298754,0.0,0.39135784849003336,0.41817294181381004,0.3841435375935107,0.0,0.0,0.0,0.0,0.34302300443672284,0.0,0.0,0.33248778187251105,0.0,0.308460608356009,0.0,0.34456525283665645,0.38285736590400904,0.36361562158530936,0.38532626900247213,0.0,0.26150253221338765,0.2542700224110242,0.38455707799680855,0.30625444492238685,0.33198011807178573,0.0,0.3255004827710822,0.3980796822906038,0.3200598429063985,0.33162193140562224,0.2935918248894769,0.32707174280268525,0.3044313602268251,0.0,0.4423052109005617,0.0,0.0,0.0,0.0,0.0,0.0,0.0,0.0,0.0,0.0,0.0,0.0,0.28021727053181117,0.0,0.0,0.0,0.0,0.0,0.0,0.0,0.3850688602579737,0.0,0.0,0.0,0.0,0.4000778309184024,0.0,0.0,0.47069318566000307,0.0,0.0,0.0,0.4628483513959169,0.35596087395870507,0.37718582268888573,0.0,0.0
0.3006577865585893,0.33136070345829843,0.38276576503845683,0.0,0.39093594433251494,0.3883222364421094,0.3719214923349878,0.3998348015798545,0.40144219957979,0.26948261077372127,0.4117882944708908,0.295023033853692,0.3431368328032623,0.0,0.3683666501472396,0.3200361295150514,0.29149986369877456,0.3105033921192014,0.41261312766742775,0.33551536639391405,0.31214544147567097,0.3558620487107513,0.3856389083719275,0.29362603529692377,0.31246597558694184,0.3361167615214081,0.37878210715369776,0.32580655452521823,0.3266890610210823,0.3255004827710822,0.0,0.36175147664326485,0.29966535530849764,0.2753860593325038,0.2612017760456157,0.35081448796893405,0.31339052569569703,0.26621286186432225,0.4336622914993848,0.0,0.4205506232984381,0.0,0.317288144704282,0.0,0.0,0.352532860196198,0.3834039042339204,0.0,0.0,0.0,0.44623819025774164,0.2876331667535974,0.4448332481249521,0.0,0.35276241268123715,0.0,0.3238735088614307,0.32850685953326364,0.0,0.43361823630086493,0.35746520271960996,0.0,0.3473580089782087,0.0,0.42883910451532353,0.0,0.40878121183155985,0.4615007954110363,0.0,0.35902009594576656,0.4010341427507741,0.4572452337423478,0.44813047955893937,0.43030556836140554,0.0,0.0
0.3468638021121949,0.3709859182187393,0.350229996391411,0.24790732850346264,0.32962792019786863,0.37482266877351034,0.3388326084645708,0.35481108004600204,0.37116677222449956,0.3321507651814424,0.3576996793586505,0.26021854509048015,0.33511624717442834,0.17497299183562165,0.37869393360217046,0.38492677028574923,0.34194714913281465,0.3488581492613519,0.3719923218433757,0.40748068433702395,0.36540010592965755,0.3932807132749933,0.3691734082878365,0.3164153372215319,0.33926485684731905,0.36862016123293895,0.38359715722594145,0.34610184581090514,0.3828573373342079,0.3980796822906038,0.36175147664326485,0.0,0.29478275629034756,0.33085356994534143,0.31226460650568366,0.22560753106727535,0.25344267125669234,0.22678261831425184,0.25097692579887587,0.30372774338778946,0.32908385987147554,0.2991810677335336,0.34350270446751074,0.21499495493945514,0.2447607755416951,0.37314133914099223,0.40327027611135685,0.3861297175562521,0.0,0.0,0.4282867170191986,0.3550476419226275,0.4236852378569303,0.3220124890588149,0.3763889989002392,0.0,0.35969247555492156,0.4021449782831218,0.0,0.44077334143303626,0.3448820188284088,0.0,0.3348861721069408,0.0,0.43639471988796735,0.42756539373404284,0.4314979019068591,0.4478428475585315,0.0,0.3659290180481081,0.41280285373106657,0.4499945131271728,0.4276230589886749,0.43132069033169973,0.4638091944841953,0.45150357988824885
0.27256904806156945,0.29920034099492143,0.255858964550797,0.0,0.0,0.3196374095676979,0.2909803186800766,0.0,0.2968345675405578,0.2774516638767347,0.28798257757626183,0.23669177076009315,0.30004376053156506,0.0,0.3281641303938784,0.31599232413615347,0.30548492392202975,0.3040092342315055,0.2837704831698893,0.3584553290223598,0.2609075475260147,0.3408500297694371,0.33069539349093674,0.19163354870663174,0.27183818405710264,0.2950178920195529,0.3410843887356433,0.30081117790194306,0.2839554817438178,0.3200598429063985,0.29966535530849764,0.29478275629034756,0.0,0.21929254602468312,0.30635723113313473,0.3284677594851405,0.2691657111539519,0.154223113979378,0.27034714434789353,0.20656970678589084,0.24277013902264585,0.2717580535823152,0.0,0.0,0.21154354600608313,0.3620758846664901,0.3851675787041128,0.0,0.0,0.0,0.0,0.0,0.0,0.0,0.27059863674120216,0.0,0.28153809165858257,0.0,0.0,0.430057913396441,0.35863069872514425,0.32714128122226777,0.33539253785721923,0.0,0.391885349144021,0.3952166615883828,0.41680070314016804,0.0,0.3056276105182982,0.34728693868038857,0.3614836966588432,0.0,0.2819913038623749,0.4016618080216764,0.0,0.2998443789019532
0.28942335250122836,0.33626588316493566,0.3637973086324151,0.19926761305933866,0.3588540548061504,0.3807864336141276,0.3399977363420591,0.3921858554474219,0.38349299667854736,0.2733792979621457,0.3924490646188751,0.21811213038776486,0.3448392733063409,0.38468157633961336,0.3798262872517613,0.336272509026895,0.31347699226194115,0.3260146593322548,0.37591764032669095,0.3933769550669208,0.3349354653197715,0.3725160685105101,0.38899055531060567,0.19601342037365657,0.30779209175648187,0.3396629507582915,0.3959427062614971,0.3236364407686521,0.37183102350521047,0.33162193140562224,0.2753860593325038,0.33085356994534143,0.21929254602468312,0.0,0.2820973551827846,0.32236711165907844,0.20074005776783263,0.17633692497209574,0.3048679085412026,0.23759407351142497,0.0,0.2707474718812323,0.0,0.0,0.0,0.3613688301329314,0.3932361967437424,0.0,0.0,0.0,0.4202895733709701,0.3065515847698381,0.4358777873274563,0.0,0.32606176294180456,0.0,0.3432099000012881,0.22893038871660049,0.0,0.44689181271656025,0.35759946900452083,0.0,0.34704189680431796,0.0,0.4433940910266553,0.4269621145770518,0.42194474611089794,0.4638969687965126,0.0,0.3525994576967787,0.39929450862238225,0.45722396516631003,0.3194415579790609,0.43171341365169685,0.0,0.0
0.32355032928017285,0.3664760163765751,0.325045832189301,0.2389893854718316,0.0,0.37650293676221064,0.32529649649391573,0.3699250280068895,0.35081932143164646,0.2629294110885243,0.3592697313333069,0.25873476456251576,0.31759426268002494,0.0,0.4033603646444195,0.36282492594521404,0.3138102535052183,0.3354945622396596,0.37152706690991877,0.41524863016102603,0.37935010662271607,0.40883253439813255,0.3615421760633086,0.22284238423660038,0.32504460454833417,0.36319964580296443,0.39904279044829855,0.26630756443688364,0.38478283841987826,0.2935918248894769,0.2612017760456157,0.31226460650568366,0.30635723113313473,0.2820973551827846,0.0,0.3153680311620734,0.2576304533053654,0.2108349884067423,0.27043444858244886,0.0,0.26526294815535006,0.29230294425881076,0.23120126683992429,0.22311872367304655,0.0,0.0,0.41030179490369006,0.0,0.0,0.0,0.0,0.0,0.0,0.0,0.0,0.0,0.0,0.3524347797662277,0.0,0.4529741633396822,0.3461018241447261,0.0,0.0,0.0,0.43861821564346903,0.0,0.4389729556245382,0.43866351704566664,0.0,0.3513503981141071,0.4079898193337711,0.4466857208257898,0.0,0.4265544886877756,0.0,0.0
0.36772716500476493,0.0,0.33967063256827795,0.1533772083392373,0.18045068310711476,0.3750297036127875,0.2533050166817073,0.2421455839163603,0.3649122630142105,0.2940993311746362,0.24683076393974818,0.23247354686044908,0.2596920518377658,0.16769384597582299,0.4499709796735925,0.34440870602301826,0.0,0.0,0.362948261431995,0.43476335115301473,0.36638771668359804,0.4475806499464078,0.3592130447828048,0.0,0.3488060630721927,0.3842417653065913,0.37876615226187316,0.23636830223009261,0.3697016627997543,0.32707174280268525,0.35081448796893405,0.22560753106727535,0.3284677594851405,0.32236711165907844,0.3153680311620734,0.0,0.18184908179317388,0.2673535307965802,0.21616779146733467,0.0,0.42409624442262306,0.0,0.3122100337453896,0.0,0.0,0.0,0.0,0.37220020998675174,0.0,0.34919420877034973,0.40151693112818976,0.35058978975983024,0.38443872795958545,0.3913285169952224,0.0,0.34058933910634936,0.0,0.35790937966873926,0.0,0.3516483452632351,0.0,0.0,0.0,0.36470728998736757,0.3652976746700438,0.0,0.4031909509028979,0.41731707497441217,0.0,0.0,0.0,0.4195407499358881,0.38488484664164524,0.3605277417526753,0.0,0.3591568684285394
0.0,0.0,0.3122729180617678,0.16037000214938835,0.273036392632741,0.3622232781549431,0.2125162340504537,0.3282385302237452,0.34693435802035794,0.1943309783024561,0.3568047697495217,0.20966050418999005,0.238403245232362,0.14747259585575065,0.0,0.0,0.0,0.0,0.34493113768956646,0.3767149022201079,0.0,0.0,0.35164996987842695,0.0,0.0,0.0,0.36983605920800167,0.23345271168311643,0.33499133089625266,0.3044313602268251,0.31339052569569703,0.25344267125669234,0.2691657111539519,0.20074005776783263,0.2576304533053654,0.18184908179317388,0.0,0.29374674808080653,0.2395976395898643,0.0,0.0,0.0,0.0,0.0,0.0,0.0,0.0,0.0,0.0,0.0,0.0,0.0,0.341731135360604,0.0,0.0,0.0,0.0,0.0,0.0,0.0,0.0,0.0,0.0,0.0,0.0,0.0,0.0,0.35912606436129146,0.0,0.0,0.0,0.3137212349911473,0.0,0.0,0.0,0.0
