0.0,0.3822292082683686,0.0,0.0,0.0,0.3311221234299881,0.29157341369995315,0.4727034285355676,0.0,0.3640081664731543,0.0,0.36081684953104215,0.3521563039130622,0.4536509716143732,0.3747081402870809,0.38727166459142615,0.0,0.379613366096957,0.0,0.39461739337219226,0.38186922104022225,0.37397121666903943,0.44252206165162544,0.3600557513416029,0.3659926065407066,0.34499541966437763,0.4667348000822243,0.3653315638440095,0.3969473894723782,0.2651608854156277,0.355796017684172,0.41508608781677686,0.3479288160462035,0.34899518047050093,0.39155468146513395,0.0,0.0,0.3598052970540335,0.4221202032403836,0.3880812199686282,0.40021410558562276,0.0,0.0,0.0,0.0,0.3842829611159101,0.42595331373123874,0.0,0.0,0.0,0.3374968853264873,0.0,0.0,0.0,0.40677566452542196,0.0,0.0,0.30622436045514223,0.0,0.0,0.4266427294841972,0.0,0.4151884922278412,0.0,0.0,0.2715028575065005,0.4335009148918387,0.44967624372389775,0.0,0.4062607922010076,0.4323612358082772,0.0,0.0,0.4306661082933956,0.0,0.37741373611909257
0.3822292082683686,0.0,0.2752579318599015,0.0,0.36178547542850237,0.36789446454013264,0.4109001076140161,0.413337896575957,0.35581894153445387,0.30879711380044916,0.0,0.0,0.4074397052466028,0.2866714375162522,0.40103262153852426,0.3683334502992619,0.0,0.3742924141931922,0.0,0.3930791730864966,0.384626743783286,0.35659186202008886,0.3891466350735814,0.0,0.33495831145103994,0.3551676936812991,0.3769059004362814,0.3816410490759008,0.3900651096779375,0.0,0.3497783507181961,0.38628231030470916,0.32969596618301705,0.3466140440264583,0.38865403896437845,0.0,0.0,0.0,0.43484582853276954,0.4280704986938266,0.42212676886014894,0.457954775555506,0.0,0.0,0.0,0.4275761507115511,0.42141854515731525,0.0,0.0,0.0,0.374147710719461,0.262290668104442,0.0,0.0,0.0,0.0,0.0,0.245334453494607,0.0,0.4675190815717721,0.4184065692709848,0.0,0.40515694175781763,0.0,0.4360274441763549,0.4498384710162571,0.43197354258716464,0.4343060897098333,0.0,0.4085205260369778,0.4453205539412538,0.4261882605122325,0.2806818666281043,0.41938797769976366,0.0,0.4137858210392542
0.0,0.2752579318599015,0.0,0.3494317266869109,0.35469871092909167,0.35945908735183923,0.41616308423290377,0.4501985121931677,0.27996118401117953,0.37959928194242976,0.2801737571331801,0.28417144174800335,0.4143477164850478,0.39996745273922896,0.0,0.0,0.3029605170367195,0.27522279082432244,0.2352167270281525,0.0,0.0,0.34976593126112815,0.2860925919793876,0.0,0.22645750885724486,0.2547911964138992,0.2961826586403472,0.40699417924068865,0.37323377099889155,0.3695053206657126,0.42611246951539783,0.4179839736190174,0.2982341053504673,0.4478813658342455,0.41599146998504954,0.40173124781019065,0.40639243032424766,0.2805307107987971,0.451835444919024,0.0,0.39269740957900395,0.0,0.45913350655552565,0.2809878045263554,0.0,0.0,0.0,0.24309093074013702,0.0,0.2637487567692639,0.5064496086612624,0.3689445617358716,0.4005979951134743,0.5232252971277463,0.0,0.258038702697648,0.0,0.3948954327313617,0.5069031586470819,0.0,0.0,0.0,0.0,0.29629697177719966,0.0,0.0,0.0,0.5003133965376181,0.0,0.0,0.0,0.5134729764923823,0.3774890900228492,0.3539748402494442,0.0,0.40326730700463964
0.0,0.0,0.3494317266869109,0.0,0.25602654639337613,0.36689075538044036,0.2203248146094709,0.3111904377445082,0.37491767584219643,0.34373586824104774,0.36909853833285194,0.21586654141644118,0.29431756503799605,0.2624761306240785,0.3451269323410489,0.0,0.317319189139451,0.0,0.36417754368543165,0.37642230820051514,0.0,0.4212666963127265,0.3726430131022102,0.0,0.0,0.0,0.370474885812877,0.2145920567031795,0.30294547560298524,0.0,0.2767248853388491,0.2654735120894351,0.25385331243347503,0.2823493825781787,0.35523599740521367,0.18807475661814638,0.17026803730717133,0.2510326268892325,0.2185584911770589,0.0,0.0,0.0,0.0,0.0,0.0,0.0,0.0,0.0,0.0,0.0,0.0,0.0,0.0,0.0,0.0,0.0,0.0,0.0,0.0,0.0,0.0,0.0,0.0,0.0,0.0,0.0,0.0,0.0,0.0,0.0,0.0,0.2882564323274897,0.0,0.0,0.0,0.0
0.0,0.36178547542850237,0.35469871092909167,0.25602654639337613,0.0,0.3507587267564824,0.31226527591258557,0.3925100669562684,0.32727693262375124,0.4614109899830941,0.33241283541057115,0.34236131907437806,0.3735372392661332,0.2854946562784699,0.0,0.3945624845752481,0.3516944526284913,0.3127547976739938,0.3821045727752359,0.4107208762425133,0.0,0.40323467111500144,0.3687440487794042,0.0,0.311031039251534,0.326127176830565,0.35371202404823826,0.36366415515509953,0.38628487390469374,0.0,0.40165395921292674,0.34841431205930534,0.3433848990352255,0.40212790717159436,0.3991664914200082,0.2241425320608419,0.25775113501109564,0.34574080077013125,0.33850184963802693,0.28581621476635116,0.34441007371913546,0.0,0.40890912337006424,0.0,0.0,0.0,0.0,0.4862271505273399,0.0,0.41856899319218827,0.4527926410214809,0.3480679007115545,0.0,0.4417616194263898,0.0,0.33927554379142105,0.0,0.0,0.0,0.0,0.0,0.0,0.0,0.4351408744245825,0.28348483870985314,0.0,0.2998716572071995,0.5084225210665407,0.0,0.0,0.302129650690907,0.477235590997411,0.3005065079204353,0.31715781412504246,0.0,0.0
0.3311221234299881,0.36789446454013264,0.35945908735183923,0.36689075538044036,0.3507587267564824,0.0,0.3807968993409039,0.394544573109762,0.3082553710673339,0.4388876576073195,0.3587068985594762,0.306501937792141,0.35631396296083195,0.3826537326328057,0.3850054241118084,0.4044707734737186,0.27349561922327525,0.3678990803876782,0.37890563785607206,0.34033513384973085,0.394288803213548,0.3854211863089485,0.37689381614152406,0.2700743600923726,0.3375261862134019,0.3531842330328142,0.36538248743199114,0.3603950309260498,0.3235967896509172,0.38793371130180854,0.3984650221472029,0.38824847647174215,0.35705870791398353,0.4185646222724547,0.4000468473555804,0.3947200700582113,0.3920924934710441,0.3276153514698082,0.4592697366406258,0.29355866069075304,0.5044088340413792,0.36946968929890883,0.4487194725611684,0.23092516915693181,0.27871150791905136,0.0,0.29378848363857557,0.5014271543880356,0.0,0.40298299538171817,0.4817953600616608,0.5022813861701684,0.44893688834645645,0.49883731286049754,0.0,0.47981079080315175,0.0,0.5072525688592516,0.0,0.3967192794737335,0.2281181116504654,0.0,0.0,0.4922921803761882,0.4037057724942597,0.3960193974197339,0.41629556416328656,0.4776719230090841,0.0,0.21844131085881666,0.3656603482437045,0.4746712148607507,0.5015953256862946,0.4571584693907886,0.44057232816623726,0.49525134739746896
0.29157341369995315,0.4109001076140161,0.41616308423290377,0.2203248146094709,0.31226527591258557,0.3807968993409039,0.0,0.39348701509321327,0.35364888988751175,0.3673889240921964,0.4149147025024402,0.29443910181858607,0.3268911806319369,0.30164262276849413,0.0,0.44245936973834665,0.36274382422925794,0.38610845360528223,0.4196843794893618,0.40248838104129164,0.3747018916559982,0.4162937671386035,0.39333586911470503,0.3211291091473292,0.3586877546398193,0.3983649098344108,0.3935236808856071,0.2997061958455856,0.39798434788424497,0.0,0.3760161346353685,0.34297098897838413,0.32899022850920795,0.33847521109867,0.3442851937840094,0.2436676678966765,0.22620171335924688,0.2991134899979066,0.2464272606498088,0.22100154715853088,0.24063940901842795,0.23202166712867417,0.3352770859141777,0.21689662643055796,0.0,0.0,0.2664942216364162,0.45226365687608644,0.0,0.0,0.43873680550598737,0.3323997047691008,0.3863525659733672,0.3767789022911566,0.0,0.28338479274073713,0.0,0.29463645038855274,0.0,0.29889200192425597,0.0,0.0,0.0,0.36150700876820646,0.26926319402527826,0.0,0.2798224195505556,0.4625673576129189,0.0,0.0,0.2751274193238292,0.4530561336860995,0.28099083531955227,0.31633837011627597,0.0,0.30392228153920875
0.4727034285355676,0.413337896575957,0.4501985121931677,0.3111904377445082,0.3925100669562684,0.394544573109762,0.39348701509321327,0.0,0.46819875029481517,0.39576711443020274,0.3462213358167947,0.38627218435773203,0.40217405736590595,0.3290063739117124,0.4805727438221771,0.42692639286018086,0.0,0.4424278271375946,0.4482198930739859,0.39982065693713503,0.38598509865390956,0.37196653860128237,0.3566128120355248,0.4826877364310881,0.44774650297118085,0.45040377162659173,0.4175932486401149,0.3856838218502711,0.3644210790302385,0.3629041764849381,0.39242260279574165,0.36704213351715737,0.3701722097037351,0.4092866031326797,0.411495741838174,0.3072354537252914,0.37367376063218377,0.34621637004194866,0.43995554796401526,0.0,0.4809202788146356,0.0,0.34403625822381056,0.27593600663887785,0.0,0.0,0.4417280252522204,0.49309924225252877,0.0,0.4111471149130494,0.46512745406427475,0.43971208694658764,0.35469037621527466,0.48145973134472053,0.0,0.39594438071978133,0.0,0.46280713635511084,0.0,0.0,0.0,0.0,0.0,0.44373808015343547,0.0,0.3652897140389995,0.46456464404033926,0.43855379299487296,0.0,0.32518492045584274,0.4086089043545072,0.45877613843621234,0.4610380461455521,0.4455903081989626,0.0,0.4519646887570041
0.0,0.35581894153445387,0.27996118401117953,0.37491767584219643,0.32727693262375124,0.3082553710673339,0.35364888988751175,0.46819875029481517,0.0,0.4601039279691627,0.3133242432587888,0.3812108817739071,0.37858536953968963,0.4001366159901402,0.0,0.3733495820748253,0.29416933776705384,0.2736344244723902,0.2940983726642088,0.3757882062873612,0.0,0.3868149722162413,0.36546615116375974,0.32500387669881803,0.31267659567057493,0.39647385594330686,0.3234841237433757,0.40135575877447494,0.3632198392461019,0.3677973254981283,0.4239980521130302,0.41093841489727456,0.3809474736146631,0.4319466460108908,0.4096511238075767,0.42175874916588174,0.4172010023213462,0.4342215863357806,0.4325487294679803,0.25821177125575273,0.30038269061888473,0.2534301996057149,0.45451528212270104,0.0,0.29734472647688054,0.0,0.0,0.5134653785059399,0.0,0.40853290525695063,0.4951956129277288,0.4447111875172775,0.5105761756476319,0.4968911904142183,0.27237213680361233,0.48362440537534973,0.0,0.4134310316550135,0.4748079160735556,0.0,0.0,0.0,0.0,0.49360311715281996,0.0,0.0,0.0,0.5051252893057716,0.0,0.0,0.0,0.49733032946036565,0.39411678364082914,0.3341554043027715,0.0,0.36045372667521713
0.3640081664731543,0.30879711380044916,0.37959928194242976,0.34373586824104774,0.4614109899830941,0.4388876576073195,0.3673889240921964,0.39576711443020274,0.4601039279691627,0.0,0.466969658250914,0.276999725910961,0.3835309450485025,0.0,0.0,0.3680071445453366,0.32197474545342963,0.32471880358242955,0.4458043910496099,0.0,0.0,0.310832287353358,0.42472088717047335,0.31427548474099004,0.3144570354454747,0.32847589974028757,0.4073359861161086,0.3748907645995036,0.31830351718656597,0.0,0.3243931314118137,0.2935243937241359,0.28635809864207423,0.3067079606440663,0.29016029154941114,0.38327828596841673,0.2885630072492807,0.273951998839357,0.26693026919527185,0.36622357503818576,0.311553007461515,0.2941971261361806,0.28240395159947435,0.18666127504186433,0.32790752221892455,0.39427927596572493,0.0,0.0,0.0,0.0,0.0,0.31438498008150356,0.0,0.270385895149683,0.41970321892377016,0.29538284676090054,0.4165812325737372,0.3335816241100426,0.0,0.0,0.0,0.45689767493475747,0.4370897277810592,0.0,0.0,0.0,0.0,0.2827990151095433,0.3987622520160585,0.44526089908747146,0.44289718594863,0.3155127163745747,0.31656994723651133,0.0,0.0,0.39580362915932354
0.0,0.0,0.2801737571331801,0.36909853833285194,0.33241283541057115,0.3587068985594762,0.4149147025024402,0.3462213358167947,0.3133242432587888,0.466969658250914,0.0,0.3823452639109884,0.43291318460078954,0.2946374524384896,0.0,0.0,0.35592280106117863,0.32586985187433243,0.2356002261702157,0.0,0.0,0.0,0.2732738762392652,0.36127007077689555,0.34653234956402246,0.28911783676799957,0.33084208340276533,0.4312970081890213,0.3305850302214778,0.0,0.45181152278421827,0.36984426166101547,0.37332189615425415,0.4517947935165179,0.4221779902361146,0.3307106537354579,0.42263166446755224,0.4028229174373005,0.38420529654208757,0.2943198466108938,0.29815382432326326,0.2851486434459823,0.3994140556568302,0.27003101383705697,0.2713422485163352,0.0,0.0,0.31157040396100505,0.0,0.3241083715334843,0.4576173215522274,0.3832635338042096,0.38772300024342987,0.40640884901209956,0.26742908833623963,0.22305146250021227,0.2919399087719789,0.3770907842670292,0.4343370392204485,0.0,0.0,0.0,0.0,0.2718905527377526,0.0,0.0,0.0,0.5001925120912027,0.0,0.0,0.0,0.4713251424588176,0.3449477983312139,0.3078878545900927,0.0,0.0
0.36081684953104215,0.0,0.28417144174800335,0.21586654141644118,0.34236131907437806,0.306501937792141,0.29443910181858607,0.38627218435773203,0.3812108817739071,0.276999725910961,0.3823452639109884,0.0,0.31048396432858233,0.0,0.0,0.0,0.3629102972848512,0.35509188938122876,0.3134940556527732,0.0,0.3868200958454721,0.0,0.36485918728095107,0.27928567723492087,0.33768995820602066,0.28397557260235895,0.2973198443086839,0.2641517267078582,0.25620838208712066,0.0,0.312762033943252,0.23474893251945572,0.23890372190060255,0.21622317997753748,0.28503900156270373,0.38451480281355577,0.2609134696444566,0.191561925883772,0.2682739192923611,0.38224969761010624,0.26775845746689503,0.2775482867005601,0.26506412494534515,0.1913270456177309,0.2503779729907867,0.36154116881828113,0.0,0.0,0.0,0.0,0.33844812230418136,0.3047104397496783,0.0,0.0,0.4210841860641678,0.0,0.42271551025412957,0.2769485608810113,0.0,0.0,0.0,0.4813460222338318,0.437815658730659,0.0,0.0,0.0,0.0,0.3788758626212783,0.3921402221962449,0.4428010582138062,0.4478464548696059,0.3480085975688505,0.2611821760752993,0.0,0.0,0.40813629012074376
0.3521563039130622,0.4074397052466028,0.4143477164850478,0.29431756503799605,0.3735372392661332,0.35631396296083195,0.3268911806319369,0.40217405736590595,0.37858536953968963,0.3835309450485025,0.43291318460078954,0.31048396432858233,0.0,0.34867018058026805,0.3986155587971211,0.43295925456814877,0.40080661455066324,0.41406962383402324,0.42560760581834495,0.3861652479014272,0.41337914364554734,0.41698455003785156,0.3956389041250668,0.3563125959594587,0.38204282958765745,0.3944245841471402,0.39597461089219016,0.3021362097522168,0.37877833599843924,0.3411576551500122,0.3501762637475497,0.35886511184413555,0.3705029796553661,0.3664036366743981,0.36508889787833954,0.3083327612109314,0.2868270831271614,0.32332522923780055,0.39078478653679666,0.2772122028985836,0.3077865358580283,0.2526604241162484,0.35450586847406346,0.212563439328945,0.2668689679583777,0.0,0.2521364612730196,0.4261258272206619,0.0,0.0,0.47904202344223806,0.3414570321326388,0.42320423160973186,0.36681354769921826,0.3579592446732433,0.30363074122296135,0.267217341396754,0.3572060454541192,0.0,0.311524224260697,0.0,0.0,0.27544202500874515,0.0,0.3646982588017443,0.3521470360409309,0.27236048019846004,0.46636750314211983,0.34784763934784213,0.2875435351850307,0.3089059876908317,0.4719334884772764,0.45059363208135966,0.42950961034598756,0.319444996040067,0.3517684684231805
0.4536509716143732,0.2866714375162522,0.39996745273922896,0.2624761306240785,0.2854946562784699,0.3826537326328057,0.30164262276849413,0.3290063739117124,0.4001366159901402,0.0,0.2946374524384896,0.0,0.34867018058026805,0.0,0.0,0.0,0.0,0.0,0.36521946923801696,0.0,0.4319121729341979,0.0,0.3633908872161948,0.0,0.0,0.3873239561769294,0.41680465071772554,0.25310376099932785,0.0,0.0,0.0,0.25458811472426074,0.0,0.3761161508267406,0.37557300726884635,0.1975168141175304,0.16965774800674366,0.0,0.0,0.0,0.0,0.2527502054817023,0.3846511723745935,0.0,0.0,0.0,0.0,0.0,0.0,0.0,0.0,0.0,0.0,0.0,0.0,0.29530258861209085,0.0,0.0,0.36353016008799643,0.0,0.0,0.0,0.0,0.0,0.0,0.0,0.0,0.4336960165157181,0.0,0.0,0.0,0.43239478804437975,0.0,0.0,0.0,0.0
0.3747081402870809,0.40103262153852426,0.0,0.3451269323410489,0.0,0.3850054241118084,0.0,0.4805727438221771,0.0,0.0,0.0,0.0,0.3986155587971211,0.0,0.0,0.3938109373444622,0.0,0.3712233226460671,0.0,0.3005517713643859,0.3815987729463418,0.30510050466455046,0.35203102695068644,0.0,0.3802146673197927,0.38787835518204333,0.3816042061401861,0.36977484653143744,0.36894364090300275,0.0,0.3731223452120536,0.4000882125960571,0.3749694577471722,0.38935120938146456,0.43242126274732084,0.4664900757894684,0.38504480620661563,0.0,0.42773322401470965,0.4197449759364748,0.4383386788304986,0.46034782686849884,0.4286519860640128,0.0,0.0,0.0,0.44726985118822093,0.0,0.0,0.0,0.4339263238427052,0.0,0.0,0.0,0.0,0.0,0.0,0.35986339177394483,0.0,0.42379683718051947,0.4206807503406312,0.0,0.28632131836631625,0.0,0.3842536774273095,0.43329798161558114,0.4320143890799403,0.44927734138002384,0.0,0.3102154242350812,0.4671548876792599,0.45137610968900577,0.40949679816022894,0.425917721142943,0.38330859279968355,0.4073589827381505
0.38727166459142615,0.3683334502992619,0.0,0.0,0.3945624845752481,0.4044707734737186,0.44245936973834665,0.42692639286018086,0.3733495820748253,0.3680071445453366,0.0,0.0,0.43295925456814877,0.0,0.3938109373444622,0.0,0.3731380578837413,0.3283871913272896,0.0,0.3780582588729456,0.3865044986252871,0.3624724571512926,0.4035907798102568,0.35972822147974354,0.3663773291271931,0.38214022728448593,0.39007141082764113,0.4135004838864038,0.40019517584934716,0.389271223194106,0.3453495814871647,0.4045508506897195,0.34724806123205587,0.3560764361980204,0.41469655536338795,0.0,0.0,0.0,0.42289991962956386,0.41320855823764235,0.41389118864830765,0.4524260618236968,0.0,0.0,0.0,0.41953562335218303,0.4146983087432489,0.0,0.0,0.0,0.25424368275705467,0.2868469049675589,0.0,0.0,0.0,0.0,0.0,0.2621707060592872,0.0,0.4311118617449174,0.41475703642627937,0.0,0.4007947786998824,0.0,0.3791587918175945,0.4074018147963958,0.4283938346659122,0.3194505932802886,0.0,0.4010239937321941,0.43332756079566137,0.3472350643957256,0.2769474905610392,0.34879303556549507,0.0,0.39989939175951267
0.0,0.0,0.3029605170367195,0.317319189139451,0.3516944526284913,0.27349561922327525,0.36274382422925794,0.0,0.29416933776705384,0.32197474545342963,0.35592280106117863,0.3629102972848512,0.40080661455066324,0.0,0.0,0.3731380578837413,0.0,0.3170443704207896,0.29096687154788564,0.3332432636666795,0.0,0.36081113433460876,0.2802930981723048,0.3756025042673732,0.3078510565471233,0.3514097625663475,0.29143233611275227,0.39537347123461525,0.3038627878715957,0.0,0.34792092095740973,0.4084127278182457,0.3446580377886187,0.34714700227272244,0.33337965250623225,0.0,0.0,0.33199155459683233,0.44358598845827474,0.3748588810998415,0.3923581534292887,0.0,0.0,0.0,0.0,0.4125060039210469,0.0,0.0,0.0,0.0,0.0,0.0,0.0,0.0,0.43444738627396673,0.0,0.4438715171454972,0.0,0.0,0.0,0.0,0.45797190957262174,0.4316621188373653,0.0,0.0,0.0,0.0,0.0,0.43482037506504123,0.42298642919112384,0.43477029507222775,0.0,0.0,0.0,0.0,0.39365065790243015
0.379613366096957,0.3742924141931922,0.27522279082432244,0.0,0.3127547976739938,0.3678990803876782,0.38610845360528223,0.4424278271375946,0.2736344244723902,0.32471880358242955,0.32586985187433243,0.35509188938122876,0.41406962383402324,0.0,0.3712233226460671,0.3283871913272896,0.3170443704207896,0.0,0.2983433101625373,0.3804232129233159,0.400025160111075,0.37895661675700015,0.41164679921071134,0.3595939317941757,0.31853941359698,0.35679228140713865,0.3397765956283191,0.3972180609224947,0.3856044130173986,0.3524057598353343,0.3547407616671634,0.4380664746437993,0.34500342392273853,0.35090059817998887,0.33933379908725864,0.0,0.0,0.2737811514502051,0.42076112936264726,0.38254509209214177,0.3883804241887388,0.43063344812071236,0.0,0.0,0.0,0.4181944246721021,0.40293321857818704,0.0,0.0,0.0,0.26002816789078403,0.0,0.0,0.0,0.41581657378491255,0.0,0.43735701235042723,0.28186852479418634,0.0,0.3618442617074309,0.4046670017758145,0.44757898888568415,0.40455686749372044,0.0,0.2829628387551648,0.40928903200378197,0.411583760375903,0.0,0.4275234325539893,0.4061291827466674,0.4209647344927614,0.0,0.0,0.26144989291452525,0.0,0.39891524314295507
0.0,0.0,0.2352167270281525,0.36417754368543165,0.3821045727752359,0.37890563785607206,0.4196843794893618,0.4482198930739859,0.2940983726642088,0.4458043910496099,0.2356002261702157,0.3134940556527732,0.42560760581834495,0.36521946923801696,0.0,0.0,0.29096687154788564,0.2983433101625373,0.0,0.0,0.0,0.0,0.2834432487558338,0.30874012438648796,0.2859368222162466,0.2819368960095083,0.322785463804107,0.4195702507824444,0.0,0.0,0.4420523957770785,0.3940307480902755,0.3335970759508172,0.4685949624800522,0.41314644299716374,0.37808850648260833,0.4034336552206379,0.348849162185786,0.42537473865785297,0.0,0.33591731118585605,0.27467372792204253,0.44027710271603937,0.26594101140679066,0.0,0.0,0.0,0.3464527090566142,0.0,0.367100555283956,0.491595586764903,0.40942910314107994,0.4779808368379789,0.5050872776797609,0.0,0.23416962892765603,0.0,0.3646489891748423,0.41677835792976126,0.0,0.0,0.0,0.0,0.2649752668596765,0.0,0.0,0.0,0.5096484367612452,0.0,0.0,0.0,0.5020633717949747,0.3239691480360114,0.3263423578111107,0.0,0.3772638954223608
0.39461739337219226,0.3930791730864966,0.0,0.37642230820051514,0.4107208762425133,0.34033513384973085,0.40248838104129164,0.39982065693713503,0.3757882062873612,0.0,0.0,0.0,0.3861652479014272,0.0,0.3005517713643859,0.3780582588729456,0.3332432636666795,0.3804232129233159,0.0,0.0,0.39246336453491665,0.29472291867203687,0.23959148094372706,0.0,0.36523500771627554,0.388936495694576,0.32329687507358074,0.353833811870481,0.30633591294332435,0.3425526363130385,0.3448603931429209,0.3929377393911855,0.34664002212347755,0.3855994921684017,0.42254961149139225,0.4420721435427236,0.37822682039659905,0.0,0.4110834097440483,0.41285809283734737,0.48681356321064495,0.43300893111015626,0.35136602666723316,0.0,0.0,0.0,0.41613101389387297,0.0,0.0,0.0,0.4309330835332894,0.29496728546405215,0.4334083665778842,0.0,0.0,0.0,0.0,0.3613840920480491,0.0,0.44026463496613194,0.29639518756251304,0.0,0.26035792091092896,0.0,0.43235274608142144,0.4317629833939953,0.43147193397021427,0.46271233331843387,0.0,0.2696515666410819,0.4284540434195974,0.45305238321086677,0.48482274816894594,0.4464347900942245,0.34695116858529435,0.4241518243277469
0.38186922104022225,0.384626743783286,0.0,0.0,0.0,0.394288803213548,0.3747018916559982,0.38598509865390956,0.0,0.0,0.0,0.3868200958454721,0.41337914364554734,0.4319121729341979,0.3815987729463418,0.3865044986252871,0.0,0.400025160111075,0.0,0.39246336453491665,0.0,0.4002199496132717,0.38058932065810963,0.44819120170615423,0.39714769345161227,0.3854735141743525,0.4003838664099883,0.3964698030276495,0.37232281329904016,0.3897729652297968,0.3613286474028665,0.40464800976967824,0.3743204489124218,0.3682641649095959,0.4393108373076748,0.0,0.0,0.34880490652014423,0.4271142614882846,0.4273662306319994,0.44479831614022347,0.4747872283449169,0.35835496127502425,0.0,0.0,0.38342635702981115,0.4380333444942491,0.0,0.0,0.0,0.42492952290219455,0.0,0.31345111740816295,0.0,0.0,0.0,0.0,0.3855988517626832,0.0,0.44619068345273816,0.42883848650673395,0.0,0.0,0.0,0.4269604427314841,0.3701819154927981,0.45990304510919894,0.43205204917226187,0.0,0.3778125261430912,0.47936102534322966,0.45107389523419156,0.4419363036466461,0.42525639333629234,0.3811396964257464,0.39737411263367495
0.37397121666903943,0.35659186202008886,0.34976593126112815,0.4212666963127265,0.40323467111500144,0.3854211863089485,0.4162937671386035,0.37196653860128237,0.3868149722162413,0.310832287353358,0.0,0.0,0.41698455003785156,0.0,0.30510050466455046,0.3624724571512926,0.36081113433460876,0.37895661675700015,0.0,0.29472291867203687,0.4002199496132717,0.0,0.3967862405960634,0.0,0.36526135096291906,0.37135983608865186,0.38329937589391044,0.380166490128209,0.36679776642478373,0.366728242421506,0.35030645938065286,0.408299511655153,0.3450209371248681,0.38417907202720125,0.4256829240096531,0.4656326949732563,0.40617699607624325,0.0,0.41630655094741076,0.4365467544961849,0.4361532238424909,0.46342436572609924,0.4260382657289511,0.0,0.0,0.43163010200272484,0.4224170107091052,0.0,0.0,0.0,0.4174759461917577,0.2729064995934369,0.0,0.0,0.0,0.0,0.0,0.2733314543609179,0.0,0.4586432392315543,0.4247613584583759,0.0,0.0,0.0,0.43740103125953617,0.4419312841582273,0.4455844431171002,0.45140838294124663,0.0,0.39462276766228765,0.4484361009601728,0.44885606298058633,0.34519704673875995,0.4351271239860371,0.0,0.4266543600789062
0.44252206165162544,0.3891466350735814,0.2860925919793876,0.3726430131022102,0.3687440487794042,0.37689381614152406,0.39333586911470503,0.3566128120355248,0.36546615116375974,0.42472088717047335,0.2732738762392652,0.36485918728095107,0.3956389041250668,0.3633908872161948,0.35203102695068644,0.4035907798102568,0.2802930981723048,0.41164679921071134,0.2834432487558338,0.23959148094372706,0.38058932065810963,0.3967862405960634,0.0,0.4855336070999104,0.3917325793848014,0.4158480656375664,0.3257592124836781,0.3871030759458769,0.3685869650369391,0.36950187918898664,0.39063764563140846,0.3879989833659089,0.3585628973953292,0.41127050702637424,0.42196599363243065,0.3801416540224195,0.39221814065640836,0.33539906418138926,0.4789956015446726,0.4555321563532896,0.49209126793915003,0.5067739799922206,0.46008222800514903,0.323683187762387,0.0,0.4328942712635247,0.428978397172642,0.340871176889542,0.3228588665802802,0.4239604047179032,0.48957171447547676,0.4857865016044601,0.4465502701818532,0.5073070441898265,0.3534864789742339,0.2964039081235939,0.0,0.4867032443827185,0.4456093827270977,0.4609600522650235,0.293299648346747,0.0,0.30276020887343874,0.24715663075938973,0.46786859737609393,0.4536661687521815,0.4746468216868283,0.4263803193167792,0.0,0.2717235884139831,0.5069065647508227,0.48424212646979514,0.48808531209769773,0.47039584805064527,0.4773343012706844,0.49356728401487804
0.3600557513416029,0.0,0.0,0.0,0.0,0.2700743600923726,0.3211291091473292,0.4826877364310881,0.32500387669881803,0.31427548474099004,0.36127007077689555,0.27928567723492087,0.3563125959594587,0.0,0.0,0.35972822147974354,0.3756025042673732,0.3595939317941757,0.30874012438648796,0.0,0.44819120170615423,0.0,0.4855336070999104,0.0,0.34554736651746143,0.324656796954399,0.42002156745059216,0.29492329429053366,0.0,0.31086833059253766,0.3373145382754087,0.26113513831546215,0.26464637836588006,0.26316369157603686,0.2626947810326526,0.2816474001233831,0.2555014337398925,0.2499203299553444,0.31212914466947167,0.3343348166370014,0.2989675269554822,0.32234227108727165,0.0,0.18808075006005442,0.28675965320969576,0.42939765218393916,0.0,0.0,0.0,0.0,0.0,0.0,0.0,0.0,0.39856049624560796,0.0,0.38606667953163337,0.29798251398956344,0.0,0.0,0.4146192725045056,0.4331604779923164,0.4240112134429606,0.0,0.0,0.0,0.0,0.0,0.3888095414700715,0.41940512731816826,0.42938594977996486,0.0,0.32026614183809055,0.0,0.0,0.4072030686025386
0.3659926065407066,0.33495831145103994,0.22645750885724486,0.0,0.311031039251534,0.3375261862134019,0.3586877546398193,0.44774650297118085,0.31267659567057493,0.3144570354454747,0.34653234956402246,0.33768995820602066,0.38204282958765745,0.0,0.3802146673197927,0.3663773291271931,0.3078510565471233,0.31853941359698,0.2859368222162466,0.36523500771627554,0.39714769345161227,0.36526135096291906,0.3917325793848014,0.34554736651746143,0.0,0.3278669482988561,0.34497591925100085,0.38160793111710856,0.36447853868154323,0.2872465523192122,0.35244203421952064,0.39576059744941966,0.31644185719255946,0.33332768923555,0.3394938548905098,0.0,0.0,0.31399510364896277,0.421144244598402,0.38933347223910447,0.39316979334403346,0.42409810987423785,0.0,0.0,0.0,0.41061235305718796,0.4072140434318272,0.0,0.0,0.0,0.24137627147034027,0.27797015665115477,0.3771182384746219,0.0,0.4268592498715662,0.0,0.42732241742150345,0.2784337349984455,0.0,0.40955416577544906,0.4105996940718843,0.4286297964822103,0.408788076062502,0.0,0.37597457522894034,0.41080518245363745,0.4309950578589558,0.31324576296569695,0.41229678205260484,0.41043913736779025,0.42279169114964726,0.2923623907167726,0.32270204661442714,0.37458452186085994,0.0,0.40209255440730174
0.34499541966437763,0.3551676936812991,0.2547911964138992,0.0,0.326127176830565,0.3531842330328142,0.3983649098344108,0.45040377162659173,0.39647385594330686,0.32847589974028757,0.28911783676799957,0.28397557260235895,0.3944245841471402,0.3873239561769294,0.38787835518204333,0.38214022728448593,0.3514097625663475,0.35679228140713865,0.2819368960095083,0.388936495694576,0.3854735141743525,0.37135983608865186,0.4158480656375664,0.324656796954399,0.3278669482988561,0.0,0.404917828938922,0.38382259189980045,0.36295315810897677,0.284052988733772,0.3561562571819023,0.40518876586367614,0.3355834933499559,0.34814290821513877,0.39803100659395446,0.43532214217023496,0.41055029367119433,0.31594587434659543,0.4260650571725866,0.39978033616810665,0.4228250417406043,0.4477598791795106,0.0,0.0,0.3850867007959181,0.4245002706011765,0.4352386326222482,0.0,0.0,0.0,0.38837390704097485,0.25571976757461157,0.46321557129660207,0.0,0.44001057709437524,0.0,0.4312445057908701,0.297048653557194,0.0,0.4786576346369322,0.4236834518231187,0.4380184047412446,0.42098361478912927,0.0,0.4640022148576125,0.4698668320717573,0.45796912234156056,0.45408485057693904,0.4115831806691358,0.4199629026885337,0.4411516221893495,0.44346900251690163,0.35134114540710776,0.42419425378770065,0.0,0.4134340401990202
0.4667348000822243,0.3769059004362814,0.2961826586403472,0.370474885812877,0.35371202404823826,0.36538248743199114,0.3935236808856071,0.4175932486401149,0.3234841237433757,0.4073359861161086,0.33084208340276533,0.2973198443086839,0.39597461089219016,0.41680465071772554,0.3816042061401861,0.39007141082764113,0.29143233611275227,0.3397765956283191,0.322785463804107,0.32329687507358074,0.4003838664099883,0.38329937589391044,0.3257592124836781,0.42002156745059216,0.34497591925100085,0.404917828938922,0.0,0.3901836794195827,0.3533423982738636,0.37033472738971085,0.3684405520293063,0.38178114618775383,0.3398510987010424,0.4008256685817871,0.4067143307359877,0.39694724491137234,0.39400612742279245,0.30449105744915517,0.46181174062775193,0.38033320834388606,0.49838245632705336,0.5022441578988264,0.46878814999227303,0.24858360432477902,0.2972836280687317,0.0,0.3852812613627247,0.5168422327616039,0.0,0.4090016042055949,0.4854317064140727,0.4827547507568342,0.4629227715454468,0.5137289297145112,0.32135297541181207,0.42553179837516814,0.0,0.5084335358974378,0.4923009230515827,0.4404983738339885,0.2719527117409895,0.0,0.30918982221661007,0.4982868877496562,0.4522956714318701,0.43774699641239867,0.448718237759705,0.4804685538911697,0.0,0.26295008358565863,0.443469990245707,0.48053670377410473,0.4973500676140677,0.4826213111006855,0.4523605462189006,0.4851259149934915
0.3653315638440095,0.3816410490759008,0.40699417924068865,0.2145920567031795,0.36366415515509953,0.3603950309260498,0.2997061958455856,0.3856838218502711,0.40135575877447494,0.3748907645995036,0.4312970081890213,0.2641517267078582,0.3021362097522168,0.25310376099932785,0.36977484653143744,0.4135004838864038,0.39537347123461525,0.3972180609224947,0.4195702507824444,0.353833811870481,0.3964698030276495,0.380166490128209,0.3871030759458769,0.29492329429053366,0.38160793111710856,0.38382259189980045,0.3901836794195827,0.0,0.32502820498105583,0.313360022898287,0.3398614582990598,0.3443876067968292,0.32622439637215006,0.34016859775094616,0.27310489508653496,0.2281672723455364,0.2263370342248361,0.2598406711305135,0.36567622032045277,0.22917348534356027,0.3030800760330435,0.26387462073997614,0.3093485736107944,0.17849080865300032,0.2610852948658835,0.0,0.0,0.360970794355289,0.0,0.31557792293155457,0.4764276744844973,0.2998820381707146,0.42390055676506044,0.31830428153920776,0.3813734487702572,0.2749759757573826,0.22837708044517394,0.3471835066503438,0.0,0.40087283219573283,0.0,0.0,0.0,0.283475796326969,0.4360452766196354,0.41019527544213136,0.31277277543342186,0.45948211451463267,0.37894136077152224,0.28199491289708767,0.34566648057030963,0.4645411930944409,0.36016319414490855,0.4682615321289686,0.33794103748781523,0.4461046163407957
0.3969473894723782,0.3900651096779375,0.37323377099889155,0.30294547560298524,0.38628487390469374,0.3235967896509172,0.39798434788424497,0.3644210790302385,0.3632198392461019,0.31830351718656597,0.3305850302214778,0.25620838208712066,0.37877833599843924,0.0,0.36894364090300275,0.40019517584934716,0.3038627878715957,0.3856044130173986,0.0,0.30633591294332435,0.37232281329904016,0.36679776642478373,0.3685869650369391,0.0,0.36447853868154323,0.36295315810897677,0.3533423982738636,0.32502820498105583,0.0,0.31857488062474976,0.34132057881240957,0.3644240094103282,0.31140637330400744,0.37930087707308624,0.4066191917980747,0.3973248019291071,0.3587225242462125,0.2775018713015269,0.4385283161519394,0.3539127547053273,0.49905051702549086,0.4390266811834927,0.37846088988380866,0.238602799146959,0.30489473806933176,0.0,0.37332622558334777,0.0,0.0,0.3421397587479247,0.4767110928064225,0.33023920285246855,0.41184222084893646,0.29841428936085035,0.21733097952164004,0.0,0.2898784957477715,0.4932497571839308,0.0,0.4210844103864987,0.2597989160635263,0.0,0.26737440239907473,0.0,0.4319602777655722,0.4149005837957475,0.42141272004283437,0.4508626913343986,0.0,0.24984800146440075,0.4158940163863319,0.45438151045554875,0.48342586974103524,0.43434909867222293,0.4042185058725062,0.4457200249043791
0.2651608854156277,0.0,0.3695053206657126,0.0,0.0,0.38793371130180854,0.0,0.3629041764849381,0.3677973254981283,0.0,0.0,0.0,0.3411576551500122,0.0,0.0,0.389271223194106,0.0,0.3524057598353343,0.0,0.3425526363130385,0.3897729652297968,0.366728242421506,0.36950187918898664,0.31086833059253766,0.2872465523192122,0.284052988733772,0.37033472738971085,0.313360022898287,0.31857488062474976,0.0,0.3178602247657958,0.3434031362959908,0.32976440933364926,0.3442913430103317,0.0,0.38933652511447103,0.0,0.0,0.4680080670405921,0.0,0.0,0.0,0.0,0.0,0.0,0.0,0.0,0.0,0.0,0.0,0.43120671779397557,0.0,0.0,0.0,0.0,0.0,0.0,0.3246839895962908,0.0,0.0,0.0,0.0,0.0,0.0,0.0,0.0,0.0,0.45604859633497474,0.0,0.0,0.0,0.44998645345881294,0.369767124815109,0.4097116156364788,0.0,0.0
0.355796017684172,0.3497783507181961,0.42611246951539783,0.2767248853388491,0.40165395921292674,0.3984650221472029,0.3760161346353685,0.39242260279574165,0.4239980521130302,0.3243931314118137,0.45181152278421827,0.312762033943252,0.3501762637475497,0.0,0.3731223452120536,0.3453495814871647,0.34792092095740973,0.3547407616671634,0.4420523957770785,0.3448603931429209,0.3613286474028665,0.35030645938065286,0.39063764563140846,0.3373145382754087,0.35244203421952064,0.3561562571819023,0.3684405520293063,0.3398614582990598,0.34132057881240957,0.3178602247657958,0.0,0.37795380910594634,0.3298373136756293,0.292315068039086,0.29997966173018387,0.40850584589736133,0.28679182413091575,0.2983517055869952,0.4217395605650327,0.350109962373625,0.41902233287856505,0.2840529967870459,0.37769925068640153,0.16756697922892927,0.31867422380535193,0.39809152404555487,0.4054233558071415,0.0,0.0,0.0,0.4768976032278187,0.29816754806757473,0.44420816212432773,0.3175770032520809,0.39089224327859623,0.0,0.38151529738385936,0.3519963937812328,0.0,0.43523975312598007,0.39568082418549644,0.4157290940777487,0.41027537247274165,0.0,0.4243864897025041,0.4078119772015266,0.4233150842257172,0.46611848827566127,0.41675261475021236,0.4087509926483602,0.4222855378034077,0.470815381615328,0.4722909072091144,0.458198840961508,0.0,0.3847972787903944
0.41508608781677686,0.38628231030470916,0.4179839736190174,0.2654735120894351,0.34841431205930534,0.38824847647174215,0.34297098897838413,0.36704213351715737,0.41093841489727456,0.2935243937241359,0.36984426166101547,0.23474893251945572,0.35886511184413555,0.25458811472426074,0.4000882125960571,0.4045508506897195,0.4084127278182457,0.4380664746437993,0.3940307480902755,0.3929377393911855,0.40464800976967824,0.408299511655153,0.3879989833659089,0.26113513831546215,0.39576059744941966,0.40518876586367614,0.38178114618775383,0.3443876067968292,0.3644240094103282,0.3434031362959908,0.37795380910594634,0.0,0.3395496431829786,0.3589290624687727,0.374788873316195,0.2703796767282536,0.29540168950581763,0.24919858135159031,0.2920433593652515,0.2763185043200561,0.3171155221650534,0.3245931732156167,0.26781033729514897,0.2422813620462704,0.25643417403726115,0.44392125094807405,0.4392349687537502,0.40978300303102616,0.21136724519158898,0.2935171572444219,0.46147539051906916,0.2480073399343682,0.432359939641322,0.4464406682918313,0.25012401238007564,0.3344378359316883,0.25031627298651554,0.38217115891435405,0.3784967099502541,0.46305026254422127,0.46992390664417566,0.0,0.5115758232089257,0.4168841679787285,0.44084495226395287,0.43166493468225936,0.453734644900523,0.46197056049325624,0.2327090827186685,0.4519695918186187,0.45014299643283096,0.4637649920904319,0.34428498173436384,0.452307463708226,0.45679084651683166,0.4018203316433091
0.3479288160462035,0.32969596618301705,0.2982341053504673,0.25385331243347503,0.3433848990352255,0.35705870791398353,0.32899022850920795,0.3701722097037351,0.3809474736146631,0.28635809864207423,0.37332189615425415,0.23890372190060255,0.3705029796553661,0.0,0.3749694577471722,0.34724806123205587,0.3446580377886187,0.34500342392273853,0.3335970759508172,0.34664002212347755,0.3743204489124218,0.3450209371248681,0.3585628973953292,0.26464637836588006,0.31644185719255946,0.3355834933499559,0.3398510987010424,0.32622439637215006,0.31140637330400744,0.32976440933364926,0.3298373136756293,0.3395496431829786,0.0,0.24154358748573318,0.3374712720262033,0.41205656466664436,0.2502393381426956,0.19029046172273142,0.2769730519059371,0.2501302076733581,0.27156953274264845,0.2984433124072442,0.22640551596875258,0.18417199137364532,0.20201375162446214,0.4134829957898813,0.4026759534177546,0.0,0.0,0.0,0.4166907530450576,0.2433610829033477,0.0,0.2708953667211038,0.3450425723119352,0.2955870497135009,0.32306052197532226,0.26850181702660064,0.26103630131479555,0.45861982828202713,0.4045927617008946,0.38279406546518446,0.4333684514633199,0.2843356498303317,0.42881074931682595,0.4158411287308261,0.4370899906316375,0.4358839109051118,0.2917438460877658,0.3999660736660958,0.413849176462945,0.448784662551088,0.25364396053063043,0.41022710764339776,0.0,0.36230651652933754
0.34899518047050093,0.3466140440264583,0.4478813658342455,0.2823493825781787,0.40212790717159436,0.4185646222724547,0.33847521109867,0.4092866031326797,0.4319466460108908,0.3067079606440663,0.4517947935165179,0.21622317997753748,0.3664036366743981,0.3761161508267406,0.38935120938146456,0.3560764361980204,0.34714700227272244,0.35090059817998887,0.4685949624800522,0.3855994921684017,0.3682641649095959,0.38417907202720125,0.41127050702637424,0.26316369157603686,0.33332768923555,0.34814290821513877,0.4008256685817871,0.34016859775094616,0.37930087707308624,0.3442913430103317,0.292315068039086,0.3589290624687727,0.24154358748573318,0.0,0.23058908459032554,0.35316418115441955,0.30091708285643454,0.19795312804323528,0.29500476166933376,0.2705330135112099,0.27239835381120114,0.31178790346358753,0.24257110682818503,0.22140625222002513,0.2361696204382603,0.3869134748838768,0.40824736533099,0.3150682424220837,0.0,0.0,0.5120875843647481,0.20706531542029877,0.445498094362729,0.25918784911171905,0.2884554800656537,0.2726496622965325,0.2763076269363669,0.2482134488780282,0.0,0.4481475157040288,0.406240118345906,0.4078906074013422,0.4057925084693803,0.2659653299585602,0.4398714535851408,0.4108735266925075,0.4381545259836241,0.4821010433627851,0.27778054178431827,0.3981783006882911,0.42341967835914895,0.47818186176980876,0.2254548756086167,0.47428270349991125,0.0,0.3704191993912348
