0.0,0.37224134053073815,0.0,0.0,0.0,0.42652867077622336,0.0,0.4585328683015401,0.0,0.37006651598586027,0.0,0.34642516880478946,0.35587205521276183,0.44309660944202284,0.34982377776139767,0.38112888264958583,0.36868247540019977,0.3546378356764682,0.0,0.3894164206317274,0.35870657721068683,0.37182148866653947,0.411550851579224,0.34032452110145367,0.34962763812243,0.3462656290316712,0.41288305675002035,0.39181909991185465,0.4114430185026972,0.0,0.3410402137343056,0.38913205506463566,0.32357789030184186,0.3335913292839734,0.36489536175539417,0.0,0.0,0.3537027544551144,0.4107691908841786,0.40268823695123146,0.4043712663610257,0.4463234901910091,0.0,0.0,0.0,0.37634138379987875,0.43743482180075455,0.0,0.0,0.0,0.0,0.0,0.0,0.0,0.4164606303957431,0.0,0.39857423265948966,0.0,0.0,0.0,0.4210975658380235,0.3462047396650663,0.4090717836853578,0.0,0.0,0.2983484570099647,0.4347441622099417,0.0,0.42844945348743774,0.41278092498568,0.4368249783006985,0.0,0.0,0.0,0.0,0.3615108306222629
0.37224134053073815,0.0,0.2737817031260401,0.0,0.31704395479400554,0.33762367034448143,0.35855761621563687,0.4416779954792601,0.2887676665573565,0.20601251623282124,0.0,0.19753737655977835,0.384873152955162,0.0,0.37775002158896676,0.36665853629889206,0.3357450048136122,0.3551292416405231,0.0,0.36498860999682586,0.3813963607353645,0.33520684047777544,0.3838509004786912,0.0,0.3232707507473288,0.3592512106497325,0.37574382891812397,0.39532682595677215,0.3690693988131809,0.0,0.32034335350486315,0.37646718727739387,0.3101119510940351,0.3282655983310146,0.3763969034898231,0.0,0.0,0.0,0.4155914214013817,0.41101935427540226,0.41277421860490526,0.436122738110962,0.0,0.0,0.0,0.4090822696312198,0.42659916194652003,0.0,0.0,0.0,0.3508295964405628,0.0,0.0,0.0,0.0,0.0,0.0,0.24737130742678923,0.0,0.4387704177273373,0.4114066120128464,0.0,0.35573992493515133,0.0,0.42419284846031063,0.457307489333602,0.4272715321603015,0.4049406574982112,0.0,0.3876661203137645,0.44199179619905066,0.41121644784150363,0.26488897098782305,0.4070192331875281,0.0,0.386804785948805
0.0,0.2737817031260401,0.0,0.3050831917183634,0.33108111075976165,0.359832241795915,0.4037645991388701,0.4170425376738872,0.2921129592311805,0.3718550725252485,0.25926048978397215,0.28392302816352116,0.4208009769928254,0.3724818336034205,0.0,0.0,0.3017453793937151,0.30408499940128336,0.22875575139126134,0.0,0.0,0.32269629228174546,0.2965211074231536,0.0,0.22747633989585928,0.2663680655425257,0.30135326932192663,0.41909752125383515,0.0,0.0,0.42991538185053824,0.3984730299016959,0.3038224948786039,0.42328596501216664,0.40301664106202756,0.3778406308998157,0.37621319639605677,0.27521726293330623,0.43901835072730533,0.0,0.3903352211444082,0.0,0.4732841533807599,0.0,0.0,0.0,0.0,0.4139235539960245,0.0,0.4540745342185415,0.483407841884872,0.5325036851860349,0.5317111552112637,0.5039023045528497,0.0,0.397265186417811,0.0,0.4467669249100121,0.505903651578374,0.0,0.0,0.0,0.0,0.320634660861604,0.0,0.0,0.0,0.5057925941447906,0.0,0.0,0.0,0.49770301607961426,0.39460397514378087,0.0,0.0,0.40740291430951936
0.0,0.0,0.3050831917183634,0.0,0.20306124196016573,0.35554062322072116,0.2206875192019645,0.3600693801254172,0.39163532826687547,0.3279211557808766,0.34221030412061776,0.21999586581950115,0.3092273308849495,0.23059271004351684,0.0,0.0,0.33909067903583506,0.0,0.32804579596599054,0.0,0.0,0.0,0.34658703992319206,0.0,0.0,0.31823846549087914,0.35113071037063437,0.24482357347168843,0.0,0.0,0.24879048347725374,0.2893956526313935,0.24278124836802242,0.26646399873622256,0.29880662006561154,0.18107363183582437,0.1719017021575173,0.0,0.0,0.0,0.0,0.0,0.0,0.0,0.0,0.0,0.0,0.0,0.0,0.0,0.0,0.0,0.0,0.0,0.0,0.0,0.0,0.0,0.0,0.0,0.0,0.0,0.0,0.0,0.0,0.0,0.0,0.27781581782787174,0.0,0.0,0.0,0.0,0.0,0.0,0.0,0.0
0.0,0.31704395479400554,0.33108111075976165,0.20306124196016573,0.0,0.34634599021616624,0.2934662512473671,0.35196453841161607,0.32380235008552805,0.4679836566380919,0.2800692244767288,0.38273323705618745,0.3618601340562244,0.2620643089635504,0.0,0.3442874705058271,0.3937970458369879,0.29033556154227813,0.3148736662809026,0.3835707462329715,0.0,0.3760504146299392,0.34790820002042344,0.4016143666534736,0.2951022348731802,0.3007755473884232,0.35431393667573075,0.30169271179661505,0.38096675162222005,0.0,0.40451934141681256,0.3462011530514479,0.3133616379366564,0.3955383793506212,0.4024250634824842,0.23880313797980166,0.1775807974008773,0.3714655007052728,0.29960614340558966,0.27570414024141565,0.28853087192518695,0.0,0.37681580265120196,0.0,0.0,0.0,0.0,0.4370689339294611,0.0,0.3347841176062977,0.37486213766019677,0.2963763239417799,0.39609463571799863,0.39788189417086656,0.0,0.2958183616196403,0.0,0.27590721259078443,0.40248706314911914,0.0,0.0,0.0,0.0,0.41007884823877433,0.30332668261082524,0.0,0.0,0.4459423717775689,0.0,0.0,0.2828769054550543,0.3647378945161401,0.27669790185521853,0.0,0.0,0.0
0.42652867077622336,0.33762367034448143,0.359832241795915,0.35554062322072116,0.34634599021616624,0.0,0.3806472951607888,0.36147091634676526,0.3009293555181664,0.4294138035370456,0.3327245543377575,0.32606211948356745,0.35410422835375677,0.37027457831637983,0.3914920955274397,0.3538852472244079,0.27473360095732147,0.36767088970000006,0.34774545346381763,0.35388883816306915,0.36984868537209337,0.35969196062164605,0.35134705105753206,0.28244605212518514,0.3260071250722009,0.3624143493295793,0.3523335147690848,0.35153149444517545,0.32521756862687745,0.36272857547340726,0.399938210412598,0.36570624755958314,0.32082325733526235,0.40157876508264967,0.39629848687146235,0.35648470735120086,0.37538212502903295,0.30632443921855784,0.4385479235134837,0.2567703784675549,0.46681853753484837,0.3312529626793357,0.4517026672401376,0.2685632104061662,0.27757093055101695,0.0,0.28513706671213324,0.5022469956624657,0.0,0.3719415227218576,0.4424375369651104,0.4508342894692567,0.4336827846784293,0.5108147292879945,0.0,0.4889212012894208,0.29433147393083675,0.45465588210418423,0.4175314131391339,0.39475558613681505,0.0,0.0,0.0,0.5190376380955144,0.42018597448057615,0.41208469510726436,0.3582360108402173,0.4606970469488727,0.0,0.27627388869499864,0.343843687174966,0.45321579419227626,0.45771966449734924,0.42929157550587643,0.4074488896351469,0.46890387298513214
0.0,0.35855761621563687,0.4037645991388701,0.2206875192019645,0.2934662512473671,0.3806472951607888,0.0,0.3921240159408272,0.39206395138793565,0.38328650916894985,0.397096384816564,0.3356218340976208,0.32398322528277085,0.2934358376559997,0.0,0.43363998510393476,0.3778676556811884,0.3800819215427946,0.41083739097743766,0.40031567967325327,0.35911876395836595,0.408508646198006,0.38921960283571344,0.33889010404354974,0.38066768694238534,0.36348713274029726,0.39009359476919536,0.3267741469091716,0.405249423019076,0.43518418593187275,0.39814513981228444,0.3809229945899928,0.3264221689296809,0.3697150856337326,0.3553124636812753,0.2821583644290021,0.2767920507967973,0.3424606336026325,0.24730918488994472,0.24744810619344282,0.22633845656265783,0.2468245089081536,0.35947211106548743,0.0,0.2770236867001229,0.0,0.2599236616485872,0.4214775921700052,0.0,0.0,0.4083918235193682,0.3304044513644905,0.0,0.39841721545066633,0.0,0.32461784719955933,0.0,0.27628235250403915,0.0,0.314479363119926,0.0,0.0,0.0,0.36077320357375936,0.2929303842032586,0.0,0.2627726894255986,0.46815445132203043,0.0,0.0,0.26041763739135876,0.4476002262435717,0.3054137360083454,0.31500386336592767,0.0,0.3208066939651117
0.4585328683015401,0.4416779954792601,0.4170425376738872,0.3600693801254172,0.35196453841161607,0.36147091634676526,0.3921240159408272,0.0,0.46069104023266866,0.36448923005867784,0.3582109368009751,0.37416590943673067,0.40301547587039194,0.3533589355513878,0.0,0.4243665469528682,0.0,0.4250874018283732,0.41098383777448505,0.39877821318413437,0.35388452105165874,0.0,0.313844847135638,0.4709480052627142,0.43731786633994996,0.45149586503916794,0.3959827895678384,0.3883805674373401,0.3556401594712691,0.36807254584703913,0.41262970515906966,0.34206199951969674,0.42250911140412833,0.41518587616936337,0.40321303244321005,0.26243269962895815,0.2661595388218133,0.0,0.418190313756655,0.0,0.4488727889540528,0.0,0.41325330021154993,0.0,0.0,0.0,0.0,0.4913493042056722,0.0,0.0,0.4306737567528102,0.4359652146809284,0.3615445508514393,0.5028745702014418,0.0,0.4469062303366895,0.0,0.4374143301913863,0.46971110647969316,0.40807483082984053,0.0,0.0,0.0,0.4931081314937496,0.44961872681429244,0.4503748375050678,0.0,0.43438570367013335,0.0,0.0,0.0,0.44276743536419005,0.43078229046944233,0.4032469316797678,0.0,0.45072589592474105
0.0,0.2887676665573565,0.2921129592311805,0.39163532826687547,0.32380235008552805,0.3009293555181664,0.39206395138793565,0.46069104023266866,0.0,0.4710528923465333,0.2869926800520672,0.42357006014899024,0.401494374677769,0.39425642655779414,0.0,0.317469555828386,0.30332743686195923,0.28535340118471914,0.25838890416773846,0.36514685319869866,0.0,0.3421058166729041,0.3499198470650932,0.3408245341262699,0.3211035343443364,0.3709712707350672,0.29987488170002946,0.4297521669500909,0.3806421687234965,0.0,0.442442622966185,0.40549861607994575,0.371968967834496,0.43622479112727214,0.4343815650233424,0.40237238596505487,0.41987223322490724,0.4789825629447938,0.476467644312581,0.2626436857814376,0.27416862326148805,0.24679726434953164,0.4786955868945927,0.25272215650087454,0.3007190729012751,0.0,0.0,0.5331965949170626,0.0,0.420840234024603,0.48349858278070446,0.4627954449067084,0.5191353442263026,0.5299663808521197,0.0,0.497221006175195,0.3215542327131884,0.4220831606945331,0.4924336242871689,0.0,0.0,0.0,0.0,0.523548627611895,0.0,0.0,0.0,0.5114317324151637,0.0,0.0,0.2562990908062402,0.5005956591599623,0.4088294848491206,0.31144680526129404,0.0,0.3571730785571222
0.37006651598586027,0.20601251623282124,0.3718550725252485,0.3279211557808766,0.4679836566380919,0.4294138035370456,0.38328650916894985,0.36448923005867784,0.4710528923465333,0.0,0.4479468845784909,0.2593660907138377,0.3940981983108006,0.3825413775697708,0.0,0.33906840398030436,0.29469647889217526,0.3137395393204784,0.4296818356214137,0.35419561803621213,0.0,0.2770945763228123,0.37543497242661455,0.31159008026021157,0.29926313207064986,0.3132942387124388,0.3734224391581935,0.3693621373289278,0.34270753386271563,0.0,0.2907944092098936,0.34423044368915656,0.2852558860962368,0.3007728429351782,0.305487200316724,0.3219202634378402,0.22963046510230212,0.24317433197099114,0.25498491921904,0.35885171437496716,0.33095263603554076,0.3185938074700858,0.3195568527388291,0.0,0.2698916835639859,0.41534179847443764,0.0,0.0,0.0,0.0,0.0,0.0,0.0,0.0,0.443993041205477,0.0,0.450070358580698,0.33753252408390383,0.0,0.0,0.3201383494734838,0.46182421432294246,0.44164756422110174,0.0,0.0,0.0,0.0,0.29824187172722505,0.4530631680433859,0.4390476004436815,0.4512814784216238,0.0,0.3794958389281552,0.0,0.0,0.39397357366885183
0.0,0.0,0.25926048978397215,0.34221030412061776,0.2800692244767288,0.3327245543377575,0.397096384816564,0.3582109368009751,0.2869926800520672,0.4479468845784909,0.0,0.39197406412545205,0.4224699319946061,0.28703779682872094,0.0,0.0,0.341510248932594,0.30769009530012026,0.22902849621376878,0.0,0.3911251604515201,0.0,0.2886365033786936,0.37207938625571146,0.3341211298312485,0.28525059452516244,0.33457843161380946,0.4070775088596864,0.0,0.0,0.4414202059649242,0.3776987580003374,0.373567000693295,0.43501594304130353,0.4105690926458299,0.33026156884799923,0.3925627168849672,0.40612407875222417,0.3855348855060134,0.2753722552460563,0.2741711179155995,0.0,0.42765090328516175,0.0,0.0,0.0,0.0,0.3983627759442393,0.0,0.2588759823350689,0.4304737771760179,0.35374049466312085,0.4271162200227791,0.48213444746079437,0.28866238412696865,0.23104959356702293,0.0,0.34574232354474566,0.39029586813321926,0.0,0.0,0.0,0.0,0.23555369424252032,0.0,0.0,0.0,0.5024314966783295,0.0,0.0,0.0,0.4651547985987428,0.3116221626471437,0.0,0.0,0.3059560577595911
0.34642516880478946,0.19753737655977835,0.28392302816352116,0.21999586581950115,0.38273323705618745,0.32606211948356745,0.3356218340976208,0.37416590943673067,0.42357006014899024,0.2593660907138377,0.39197406412545205,0.0,0.3827219037036197,0.2928582059403321,0.0,0.0,0.3257461363872184,0.3253618892451427,0.31417392877555494,0.0,0.3793661462881123,0.32437493511744603,0.31859620196263283,0.26406726992042034,0.32288265002965055,0.3180624702635795,0.28219304654421995,0.3262870036887922,0.2822832519243305,0.0,0.2961343619320167,0.25689085477220536,0.25427256585223285,0.2459035815178019,0.29203241532320307,0.2741651108747409,0.2726091790195245,0.19824729202904628,0.23715841313966077,0.37111976645056316,0.30601839322163554,0.2977613737093294,0.2536926795465937,0.0,0.2000164743286719,0.37065602423783245,0.0,0.0,0.0,0.0,0.29770357532135583,0.0,0.0,0.33111578111112516,0.45539266312416293,0.0,0.4571533186349401,0.3291314144135712,0.0,0.0,0.0,0.49916272093396713,0.4486560438822764,0.0,0.3455046652005613,0.0,0.0,0.3116983509001751,0.46616149147012326,0.4498286541182659,0.4630091757827757,0.3145401027866557,0.36348926321697017,0.3010594059794821,0.0,0.41160141265591527
0.35587205521276183,0.384873152955162,0.4208009769928254,0.3092273308849495,0.3618601340562244,0.35410422835375677,0.32398322528277085,0.40301547587039194,0.401494374677769,0.3940981983108006,0.4224699319946061,0.3827219037036197,0.0,0.36064481178447133,0.40906282817229445,0.4302121567985736,0.42316985786223604,0.41647659333240045,0.4281404407696289,0.40683226220863683,0.40344773304862414,0.4158799483546451,0.38806228699087686,0.3940876927554498,0.3999460093117012,0.40150906226474853,0.3908796786110789,0.32391540752002673,0.38283821885969704,0.4108730938075138,0.38838358928054484,0.3881095350573559,0.3542700529706806,0.3877377323988277,0.36097809999446423,0.33578988845923263,0.3257413713531558,0.3777321895280369,0.3250761311627443,0.29857764495702005,0.28447407836769856,0.24969019437201334,0.3146468931290801,0.0,0.3044465710770579,0.0,0.24290896778462445,0.4329969181770779,0.0,0.0,0.45141018859990417,0.31392768379467045,0.45437552225194555,0.4158809421780315,0.3767097177022593,0.3337707817910716,0.3354215192124647,0.28412122273862556,0.0,0.3225661156631238,0.0,0.0,0.0,0.38993522405592246,0.39439494132966424,0.3639218070454489,0.25795274120497186,0.4706633535941077,0.0,0.29076967924162506,0.2990721305868552,0.4665997864450848,0.3619451750318727,0.426803997004016,0.0,0.3503057792599817
0.44309660944202284,0.0,0.3724818336034205,0.23059271004351684,0.2620643089635504,0.37027457831637983,0.2934358376559997,0.3533589355513878,0.39425642655779414,0.3825413775697708,0.28703779682872094,0.2928582059403321,0.36064481178447133,0.0,0.0,0.0,0.0,0.0,0.35584549754176803,0.0,0.41081166005633984,0.0,0.34660419530474673,0.23323365589216966,0.0,0.39390077799805745,0.388320091914452,0.26620747845693793,0.0,0.0,0.42934675699129554,0.29577528234962586,0.0,0.38582783039177543,0.39819190341974137,0.206119255392771,0.15984697702827388,0.0,0.0,0.0,0.0,0.0,0.3931410866162217,0.0,0.0,0.0,0.0,0.4478908670214584,0.0,0.0,0.0,0.0,0.40324974659025764,0.0,0.0,0.4063995489194947,0.0,0.2428159077622622,0.0,0.0,0.0,0.0,0.0,0.43203181285541675,0.0,0.0,0.0,0.4342972848368237,0.0,0.0,0.0,0.41321337346441883,0.0,0.0,0.0,0.0
0.34982377776139767,0.37775002158896676,0.0,0.0,0.0,0.3914920955274397,0.0,0.0,0.0,0.0,0.0,0.0,0.40906282817229445,0.0,0.0,0.38456765704739765,0.27754445834910757,0.37218363541788146,0.0,0.3400262221477418,0.3762907819231275,0.3269991569053751,0.36280354473105175,0.36101968184241867,0.3550570762388756,0.33092959842387215,0.389507568973793,0.38375885692184813,0.37236184409197,0.3888151688270453,0.3718875021732211,0.3865433008072753,0.3652745458100438,0.3832076795449677,0.4152206606282967,0.4433660299495347,0.38085592834100296,0.0,0.438024620456181,0.45746079525472255,0.4773072432654718,0.4719753600325563,0.0,0.0,0.0,0.0,0.4812234827415199,0.0,0.0,0.0,0.4351215469066425,0.3042339968514818,0.0,0.0,0.0,0.0,0.0,0.351888746834696,0.0,0.44181300004706187,0.417752014276522,0.0,0.2846286657485766,0.0,0.42278775092780946,0.4496516532302872,0.46839582338936087,0.44417253376102006,0.0,0.322621731476971,0.5201964832947268,0.44031467968171384,0.44320548207280347,0.4461349351860785,0.0,0.4564827053892899
0.38112888264958583,0.36665853629889206,0.0,0.0,0.3442874705058271,0.3538852472244079,0.43363998510393476,0.4243665469528682,0.317469555828386,0.33906840398030436,0.0,0.0,0.4302121567985736,0.0,0.38456765704739765,0.0,0.3601907064161174,0.3226767900090906,0.0,0.3720545854301052,0.3822307961598721,0.34494892914035524,0.3881054248950441,0.34254226258116666,0.3636655190438101,0.38341869107334503,0.3921446707589264,0.414944860619102,0.3858469924288751,0.3685301139844354,0.32082393413911864,0.393772337883332,0.3410562576949986,0.34943034682012736,0.3908887721374141,0.0,0.0,0.0,0.4151717021088248,0.40265084044312277,0.40846538205607946,0.42383978351206847,0.0,0.0,0.0,0.4168514420518002,0.42294294625219175,0.0,0.0,0.0,0.2447024998180904,0.0,0.0,0.0,0.27156128815130454,0.0,0.28644539574434286,0.28157347993096193,0.0,0.44250411576843507,0.40720643711845966,0.0,0.3803078154511695,0.0,0.3990032129401261,0.4319539847693811,0.4296854355366358,0.32137951728123015,0.41156885215613465,0.39665079437172607,0.43447103082567057,0.35533366345468453,0.0,0.3679365942561954,0.0,0.38219225224515274
0.36868247540019977,0.3357450048136122,0.3017453793937151,0.33909067903583506,0.3937970458369879,0.27473360095732147,0.3778676556811884,0.0,0.30332743686195923,0.29469647889217526,0.341510248932594,0.3257461363872184,0.42316985786223604,0.0,0.27754445834910757,0.3601907064161174,0.0,0.32484039112772317,0.29639103778816633,0.28992295152645464,0.3824520813082661,0.3214162206765914,0.2718383157206523,0.3661305396672338,0.29655217231655473,0.3337973103644932,0.2903143565324566,0.39382655419799123,0.34195330424151277,0.0,0.3174466303945549,0.39372116202984225,0.30812884001371926,0.33997425962959077,0.34835810533911893,0.43245387201496344,0.0,0.28128560783793743,0.42996605004607164,0.3670935144716841,0.39120071281067315,0.0,0.0,0.0,0.0,0.41371609661905917,0.0,0.0,0.0,0.0,0.0,0.0,0.0,0.0,0.4398706202170102,0.0,0.4568168432384248,0.0,0.0,0.0,0.349644242507188,0.45177713363482996,0.42168559793433086,0.0,0.0,0.0,0.0,0.0,0.43799909178092394,0.41579435501576884,0.4335720374928852,0.0,0.0,0.0,0.0,0.39412554906413344
0.3546378356764682,0.3551292416405231,0.30408499940128336,0.0,0.29033556154227813,0.36767088970000006,0.3800819215427946,0.4250874018283732,0.28535340118471914,0.3137395393204784,0.30769009530012026,0.3253618892451427,0.41647659333240045,0.0,0.37218363541788146,0.3226767900090906,0.32484039112772317,0.0,0.0,0.3712788673168831,0.3762788428579078,0.3709205578812056,0.3962496533553698,0.33303199070665784,0.3016788595552338,0.3344011316784272,0.3810473855800371,0.4107383228073785,0.3904381074497391,0.35022478062364076,0.3360721090382169,0.38618193102326887,0.3075849940597498,0.3425752232868317,0.3540857481500021,0.0,0.0,0.25035183771633446,0.4016683177644162,0.3793426411389548,0.3904301859805989,0.4249559912167181,0.0,0.0,0.0,0.4146657665276003,0.41254722942092087,0.0,0.0,0.0,0.0,0.0,0.0,0.0,0.38763087816552527,0.0,0.40961217176071674,0.0,0.0,0.35949898087521104,0.40517871348937773,0.42729064873817624,0.39773312304129893,0.0,0.2885669637011484,0.0,0.41882051730965353,0.28231155716095097,0.45944532360068063,0.40689510376092014,0.4209656645429781,0.0,0.0,0.2646736158872456,0.0,0.39282078735210385
0.0,0.0,0.22875575139126134,0.32804579596599054,0.3148736662809026,0.34774545346381763,0.41083739097743766,0.41098383777448505,0.25838890416773846,0.4296818356214137,0.22902849621376878,0.31417392877555494,0.4281404407696289,0.35584549754176803,0.0,0.0,0.29639103778816633,0.0,0.0,0.0,0.0,0.0,0.23521110091145073,0.2961469488382729,0.284088040827004,0.28159207293787514,0.3260729900809959,0.4256172925284295,0.0,0.0,0.4496347444264731,0.40058613531208825,0.0,0.4479773042917763,0.42464273490063664,0.37417681522227475,0.3830201207709035,0.35602204175763197,0.41929520184130215,0.0,0.0,0.0,0.4545668623731844,0.0,0.0,0.0,0.0,0.5483392730491776,0.0,0.4054966613073254,0.47397719330711885,0.4118713795207793,0.505381279407083,0.5193696949763597,0.0,0.3314857464732969,0.0,0.37517813318609533,0.48661315230714514,0.0,0.0,0.0,0.0,0.5278278035041655,0.0,0.0,0.0,0.5091879239602997,0.0,0.0,0.0,0.49500919990289094,0.32102547050004937,0.0,0.0,0.0
0.3894164206317274,0.36498860999682586,0.0,0.0,0.3835707462329715,0.35388883816306915,0.40031567967325327,0.39877821318413437,0.36514685319869866,0.35419561803621213,0.0,0.0,0.40683226220863683,0.0,0.3400262221477418,0.3720545854301052,0.28992295152645464,0.3712788673168831,0.0,0.0,0.3936956278859943,0.3454212989039658,0.3046132839840247,0.0,0.3562568796568102,0.3935123465405916,0.3273432814136431,0.33432147518023686,0.31862018267089814,0.2820241916685646,0.3440344170615715,0.3881714340078951,0.34805070863754917,0.37859096584203716,0.4015234902933017,0.4123545980938299,0.37135921047841935,0.0,0.44011363287741395,0.47206976373630677,0.5099413270649032,0.4336458817069587,0.0,0.0,0.0,0.0,0.42787357713456453,0.0,0.0,0.0,0.4357671037401911,0.2912357637452023,0.441754396060484,0.3328625756605401,0.0,0.0,0.0,0.37406664150720353,0.0,0.4530284518562626,0.306321710730614,0.0,0.26168379923082263,0.0,0.44640637673360284,0.4799323735694258,0.44406743017624095,0.4737842424764483,0.0,0.2725925890882763,0.44656857219276275,0.4583475197004383,0.526208388978418,0.46281761135176097,0.3696340659976929,0.4254678354696626
0.35870657721068683,0.3813963607353645,0.0,0.0,0.0,0.36984868537209337,0.35911876395836595,0.35388452105165874,0.0,0.0,0.3911251604515201,0.3793661462881123,0.40344773304862414,0.41081166005633984,0.3762907819231275,0.3822307961598721,0.3824520813082661,0.3762788428579078,0.0,0.3936956278859943,0.0,0.3900830877266375,0.3486613954571925,0.43768322791722797,0.37208278910795944,0.38448373781341966,0.41766539070944264,0.3966740252177601,0.3899830927412015,0.3780623503855175,0.3625556425857052,0.39238025762625345,0.3573391195140355,0.35975608451875546,0.4072491137474912,0.3898651586547932,0.0,0.3450218636607122,0.4271378896385135,0.42789722811317615,0.4512364855170951,0.46810111545875965,0.0,0.0,0.0,0.3875141291046503,0.4621802316690861,0.0,0.0,0.0,0.42164467581537374,0.0,0.4051692274195205,0.0,0.0,0.0,0.38754281306910493,0.42042976420395106,0.0,0.43639731581501334,0.43168472969171057,0.0,0.32676307287166295,0.0,0.443763900902511,0.42450418475614526,0.4615155241744898,0.4421581480510474,0.0,0.35696577889907793,0.47087338048350824,0.45862876133723457,0.44617951197508005,0.4362036568167289,0.0,0.39431767465127654
0.37182148866653947,0.33520684047777544,0.32269629228174546,0.0,0.3760504146299392,0.35969196062164605,0.408508646198006,0.0,0.3421058166729041,0.2770945763228123,0.0,0.32437493511744603,0.4158799483546451,0.0,0.3269991569053751,0.34494892914035524,0.3214162206765914,0.3709205578812056,0.0,0.3454212989039658,0.3900830877266375,0.0,0.39360428197687347,0.0,0.36313107466172123,0.367735851713957,0.38496306221524323,0.38436189606029475,0.3695928458738885,0.35495599327369315,0.33789627413478934,0.3813048609703597,0.3445922205027806,0.3606845925883914,0.4013761613356031,0.43089651888804686,0.38465009988472276,0.0,0.43032593176877865,0.4307971437295405,0.4426530785856189,0.4490953953157947,0.0,0.0,0.0,0.43518434683037954,0.43250709574528273,0.0,0.0,0.0,0.39764014569373385,0.2604869698011989,0.4435134983874347,0.0,0.0,0.0,0.0,0.2618267883737337,0.0,0.45971048345148413,0.4203237790787787,0.0,0.3751452997168225,0.0,0.44011036015950733,0.45004287658077985,0.4443579682736037,0.44593093349920915,0.0,0.38990822905897615,0.45566721490280454,0.4438550048399336,0.35110476473468266,0.4351398429038073,0.0,0.4193840137997653
0.411550851579224,0.3838509004786912,0.2965211074231536,0.34658703992319206,0.34790820002042344,0.35134705105753206,0.38921960283571344,0.313844847135638,0.3499198470650932,0.37543497242661455,0.2886365033786936,0.31859620196263283,0.38806228699087686,0.34660419530474673,0.36280354473105175,0.3881054248950441,0.2718383157206523,0.3962496533553698,0.23521110091145073,0.3046132839840247,0.3486613954571925,0.39360428197687347,0.0,0.449541285159047,0.36866570310941665,0.40341503737001067,0.29976863745170584,0.382303901660554,0.36526543937311046,0.37233536097611597,0.38501094175231176,0.3751982128935516,0.3575385808906847,0.3902996864930413,0.39611238522215136,0.346850587705377,0.3753391748594832,0.3072945576881705,0.4603318367904286,0.4632247449873743,0.4803408428151585,0.4570351825779358,0.45030155642006603,0.3674850281005384,0.0,0.41194831075554356,0.4012818495484175,0.5089433348367599,0.0,0.4418886088938696,0.4544925474146895,0.4716541742391382,0.42783841421867136,0.5128354204784397,0.3397463479328687,0.4819537631090287,0.0,0.46825667557793965,0.46592835642861136,0.4514829085288712,0.2761377126853635,0.0,0.3050340546763837,0.5182428803478893,0.467579193679983,0.47407416888530574,0.457415095730674,0.4571287667353159,0.0,0.2524586065670971,0.4580632148308466,0.46342826380619034,0.4687493910547438,0.4549658494579423,0.4622109484625852,0.4715955452938767
0.34032452110145367,0.0,0.0,0.0,0.4016143666534736,0.28244605212518514,0.33889010404354974,0.4709480052627142,0.3408245341262699,0.31159008026021157,0.37207938625571146,0.26406726992042034,0.3940876927554498,0.23323365589216966,0.36101968184241867,0.34254226258116666,0.3661305396672338,0.33303199070665784,0.2961469488382729,0.0,0.43768322791722797,0.0,0.449541285159047,0.0,0.329490597088247,0.3367276155029085,0.2113678562785655,0.3249438220317198,0.0,0.0,0.3082563049328446,0.294967844722371,0.24264086750208405,0.2530368404009835,0.29978940288858946,0.2622887658602807,0.2517385601900452,0.23034243912841562,0.2979169180598099,0.3566873595271172,0.3713494691570609,0.0,0.27717333700674346,0.0,0.27121893933454866,0.4315762375378265,0.0,0.0,0.0,0.0,0.26644125327608853,0.0,0.0,0.0,0.4384048795428538,0.0,0.4379900163662151,0.4268504533283954,0.0,0.0,0.42280976014780164,0.4399013431674828,0.4277543429678542,0.0,0.0,0.0,0.0,0.0,0.45057343699485564,0.4326793818594739,0.44443358317472254,0.40798532795940246,0.4510551744065039,0.0,0.0,0.39030518854757396
0.34962763812243,0.3232707507473288,0.22747633989585928,0.0,0.2951022348731802,0.3260071250722009,0.38066768694238534,0.43731786633994996,0.3211035343443364,0.29926313207064986,0.3341211298312485,0.32288265002965055,0.3999460093117012,0.0,0.3550570762388756,0.3636655190438101,0.29655217231655473,0.3016788595552338,0.284088040827004,0.3562568796568102,0.37208278910795944,0.36313107466172123,0.36866570310941665,0.329490597088247,0.0,0.3182266162347334,0.3568639093969079,0.39494542524736015,0.3780458781135732,0.3249920788580159,0.32559390142539923,0.358078318661484,0.2822103114843634,0.3149765211552553,0.3378140167213626,0.41041819063657553,0.0,0.2664514551880856,0.4052226910955226,0.3868219081033706,0.3914525115547632,0.41541053686463153,0.0,0.0,0.0,0.4058195680577894,0.4147554119042468,0.0,0.0,0.0,0.24093574990223218,0.0,0.0,0.0,0.4175100337270449,0.0,0.42099760095967864,0.2922224367841862,0.0,0.3890473814480068,0.4038898340823566,0.42238154529376704,0.4000547479537684,0.0,0.37673324444058714,0.370884362407818,0.44460903277529434,0.29892489555509666,0.4290103366336164,0.4054093608904454,0.4203467393055172,0.28879503335922324,0.332486892160112,0.3738050522972514,0.0,0.39542437323135904
0.3462656290316712,0.3592512106497325,0.2663680655425257,0.31823846549087914,0.3007755473884232,0.3624143493295793,0.36348713274029726,0.45149586503916794,0.3709712707350672,0.3132942387124388,0.28525059452516244,0.3180624702635795,0.40150906226474853,0.39390077799805745,0.33092959842387215,0.38341869107334503,0.3337973103644932,0.3344011316784272,0.28159207293787514,0.3935123465405916,0.38448373781341966,0.367735851713957,0.40341503737001067,0.3367276155029085,0.3182266162347334,0.0,0.40906800142155253,0.40371702664836256,0.37205785225341237,0.0,0.34579167266857475,0.39089212346100943,0.32925349616856786,0.34683152332878114,0.38515076405821863,0.42645457347790183,0.0,0.3204613268495676,0.42595420892667313,0.40851553202966734,0.4277492008922381,0.45545192040461674,0.0,0.0,0.0,0.4281872351002268,0.4471972125865541,0.0,0.0,0.0,0.40110870051246517,0.2792597561492725,0.4280871183694496,0.0,0.4525642758443252,0.0,0.4490476302871837,0.3177005433788452,0.0,0.48363183577865887,0.42547101745311583,0.4429328900717201,0.42402455948216017,0.0,0.46450240943081855,0.48595349943950583,0.4607878900486926,0.44170395384849964,0.4418021888263485,0.42699774201585294,0.45029130223957103,0.4416543282180273,0.36432650413666745,0.43525060206954674,0.0,0.4129387083353588
0.41288305675002035,0.37574382891812397,0.30135326932192663,0.35113071037063437,0.35431393667573075,0.3523335147690848,0.39009359476919536,0.3959827895678384,0.29987488170002946,0.3734224391581935,0.33457843161380946,0.28219304654421995,0.3908796786110789,0.388320091914452,0.389507568973793,0.3921446707589264,0.2903143565324566,0.3810473855800371,0.3260729900809959,0.3273432814136431,0.41766539070944264,0.38496306221524323,0.29976863745170584,0.2113678562785655,0.3568639093969079,0.40906800142155253,0.0,0.38070170865011604,0.3485455120637175,0.3591033562230724,0.3746938789411645,0.3833526903033221,0.3507927229163492,0.39117893950122473,0.4025389886548577,0.38718105118092316,0.3732159279925085,0.30242832938084657,0.45532116154063074,0.3829947338670398,0.49639470348030207,0.40146169106580215,0.46222470939017135,0.2858976206927613,0.0,0.0,0.3501855483786904,0.514683685026427,0.0,0.40141411254406617,0.4541619451570462,0.46297611295624386,0.4709100616556179,0.5183733091078245,0.0,0.49425538307185213,0.0,0.4830715060040473,0.5011602237007882,0.45356004419540064,0.24111734247343097,0.0,0.31309237262964884,0.5150215557932051,0.4737337222287915,0.4839057178098524,0.4699167912322825,0.47256294935333754,0.0,0.2532993315652281,0.4346108410659177,0.46528409261642356,0.48383242490698586,0.4693521249594821,0.4510893681671385,0.46750952404035784
0.39181909991185465,0.39532682595677215,0.41909752125383515,0.24482357347168843,0.30169271179661505,0.35153149444517545,0.3267741469091716,0.3883805674373401,0.4297521669500909,0.3693621373289278,0.4070775088596864,0.3262870036887922,0.32391540752002673,0.26620747845693793,0.38375885692184813,0.414944860619102,0.39382655419799123,0.4107383228073785,0.4256172925284295,0.33432147518023686,0.3966740252177601,0.38436189606029475,0.382303901660554,0.3249438220317198,0.39494542524736015,0.40371702664836256,0.38070170865011604,0.0,0.32342144287929436,0.29391293945606256,0.3330062783822796,0.3745474570639622,0.326791756956241,0.3485081485957047,0.36632275675293124,0.2733775238941097,0.25234803708500364,0.32045433579886146,0.3557782518919127,0.3043593515763076,0.31223523260218977,0.2744953637215281,0.30163081756576776,0.1530924746113392,0.29084918122067366,0.0,0.25428352663485865,0.36137118624681397,0.0,0.0,0.4502087184207146,0.2549452578510347,0.4550048755136597,0.3152651836866766,0.3957014556261089,0.0,0.3098306126298122,0.28310180146623926,0.0,0.418090497798839,0.24447964639735195,0.0,0.0,0.0,0.4502586357535176,0.44125585948641266,0.34975039122173535,0.46901520880702713,0.5306223882139506,0.30239224075814974,0.36412609350529845,0.46458768419634916,0.5054995436957546,0.46896938664444676,0.33673565125143023,0.41343871704095253
0.4114430185026972,0.3690693988131809,0.0,0.0,0.38096675162222005,0.32521756862687745,0.405249423019076,0.3556401594712691,0.3806421687234965,0.34270753386271563,0.0,0.2822832519243305,0.38283821885969704,0.0,0.37236184409197,0.3858469924288751,0.34195330424151277,0.3904381074497391,0.0,0.31862018267089814,0.3899830927412015,0.3695928458738885,0.36526543937311046,0.0,0.3780458781135732,0.37205785225341237,0.3485455120637175,0.32342144287929436,0.0,0.3214723226499199,0.3414801132095614,0.3706441216907838,0.3134911575367804,0.37773025899167495,0.40062151931560425,0.3774459424879629,0.0,0.3096440014893624,0.447185791589181,0.38847452808303956,0.5208536193934687,0.42788895745389294,0.35741036822879463,0.2802350863936465,0.0,0.0,0.3728204074232812,0.35954168858856994,0.0,0.0,0.4316557253081163,0.3089383104315992,0.4286535466242324,0.29743675266398023,0.0,0.0,0.0,0.4598429240714754,0.0,0.4464288015721447,0.28096489849555295,0.0,0.2684809262924865,0.0,0.48693648354275876,0.465295461402058,0.48583992209602195,0.45521222839757475,0.0,0.25661005784244095,0.4474196730792003,0.45166743281618654,0.47939136294303175,0.4401024304819069,0.4133204615926727,0.45413702858860505
0.0,0.0,0.0,0.0,0.0,0.36272857547340726,0.43518418593187275,0.36807254584703913,0.0,0.0,0.0,0.0,0.4108730938075138,0.0,0.3888151688270453,0.3685301139844354,0.0,0.35022478062364076,0.0,0.2820241916685646,0.3780623503855175,0.35495599327369315,0.37233536097611597,0.0,0.3249920788580159,0.0,0.3591033562230724,0.29391293945606256,0.3214723226499199,0.0,0.29771114582499353,0.38037997719826405,0.3253321559094009,0.3346372038277092,0.3543658760702895,0.0,0.0,0.0,0.0,0.0,0.0,0.0,0.0,0.0,0.0,0.0,0.0,0.0,0.0,0.0,0.0,0.0,0.0,0.0,0.0,0.0,0.0,0.0,0.0,0.37650787875433467,0.0,0.0,0.0,0.0,0.42117410667245997,0.0,0.0,0.46143694918624667,0.0,0.0,0.0,0.45830018886145496,0.3852536004621129,0.40794435833777637,0.0,0.0
0.3410402137343056,0.32034335350486315,0.42991538185053824,0.24879048347725374,0.40451934141681256,0.399938210412598,0.39814513981228444,0.41262970515906966,0.442442622966185,0.2907944092098936,0.4414202059649242,0.2961343619320167,0.38838358928054484,0.42934675699129554,0.3718875021732211,0.32082393413911864,0.3174466303945549,0.3360721090382169,0.4496347444264731,0.3440344170615715,0.3625556425857052,0.33789627413478934,0.38501094175231176,0.3082563049328446,0.32559390142539923,0.34579167266857475,0.3746938789411645,0.3330062783822796,0.3414801132095614,0.29771114582499353,0.0,0.36437433331102054,0.31706955158061073,0.247434695597527,0.3013917563486231,0.37962881932069137,0.2868329644816318,0.2570775083840815,0.4565070564431242,0.0,0.4159384927984411,0.0,0.0,0.0,0.0,0.3789155448546099,0.40754485741729374,0.378324056892067,0.0,0.0,0.4611546055818721,0.0,0.0,0.32698448241048556,0.3950194504052543,0.0,0.41381454579623245,0.0,0.0,0.4455777583924104,0.39523734756820217,0.4307166947853816,0.4007673987646663,0.0,0.4313673321393202,0.43761548016190394,0.4382347994444089,0.4728553736026532,0.0,0.40443600338376184,0.42563386845852835,0.46386675320623877,0.4605604779289831,0.4469635943700754,0.0,0.0
0.38913205506463566,0.37646718727739387,0.3984730299016959,0.2893956526313935,0.3462011530514479,0.36570624755958314,0.3809229945899928,0.34206199951969674,0.40549861607994575,0.34423044368915656,0.3776987580003374,0.25689085477220536,0.3881095350573559,0.29577528234962586,0.3865433008072753,0.393772337883332,0.39372116202984225,0.38618193102326887,0.40058613531208825,0.3881714340078951,0.39238025762625345,0.3813048609703597,0.3751982128935516,0.294967844722371,0.358078318661484,0.39089212346100943,0.3833526903033221,0.3745474570639622,0.3706441216907838,0.38037997719826405,0.36437433331102054,0.0,0.3166734230534105,0.34250559942021613,0.3476400851068664,0.26556523803312787,0.2939851026738089,0.24124981183322064,0.26176070136266,0.2558217201473919,0.295289465624834,0.294323487971967,0.25679264560811543,0.21913395944098987,0.23800959454502665,0.4254000270954489,0.43486349638917543,0.43524090313341,0.0,0.3491195127663272,0.43247807612889716,0.14221347963463635,0.4372173526863257,0.4308732488112305,0.2364207538870858,0.3653458136258525,0.22080484356039615,0.26658602085084826,0.0,0.46114085257779763,0.4270479750918742,0.3266964116650237,0.40210908795109546,0.4074327494182644,0.4486863404586778,0.4545228854376718,0.4503658959547697,0.4618762371701266,0.18085415337055305,0.4205406780800873,0.43486823484191517,0.4549825108735554,0.3752173131942592,0.4483571574073582,0.0,0.41932050809891047
0.32357789030184186,0.3101119510940351,0.3038224948786039,0.24278124836802242,0.3133616379366564,0.32082325733526235,0.3264221689296809,0.42250911140412833,0.371968967834496,0.2852558860962368,0.373567000693295,0.25427256585223285,0.3542700529706806,0.0,0.3652745458100438,0.3410562576949986,0.30812884001371926,0.3075849940597498,0.0,0.34805070863754917,0.3573391195140355,0.3445922205027806,0.3575385808906847,0.24264086750208405,0.2822103114843634,0.32925349616856786,0.3507927229163492,0.326791756956241,0.3134911575367804,0.3253321559094009,0.31706955158061073,0.3166734230534105,0.0,0.24779783685053847,0.3729044646906142,0.4051307820555729,0.2599138393035992,0.17917906490157345,0.25990209329631675,0.25438323289783316,0.26484265236985455,0.26265498893818734,0.23849006828779748,0.0,0.1769092130681216,0.3964463254978712,0.41953477745273926,0.0,0.0,0.0,0.0,0.0,0.0,0.0,0.3482535897995187,0.0,0.3635567543791079,0.0,0.0,0.4607188649132075,0.4119205148101263,0.3572764102920153,0.40123898347224746,0.0,0.43817174641674417,0.0,0.44368428260760273,0.44569011670451947,0.3589759470915309,0.39755806693954976,0.41863808224725696,0.4532433834447508,0.32774795224262704,0.44324039163617307,0.0,0.3757304100729101
0.3335913292839734,0.3282655983310146,0.42328596501216664,0.26646399873622256,0.3955383793506212,0.40157876508264967,0.3697150856337326,0.41518587616936337,0.43622479112727214,0.3007728429351782,0.43501594304130353,0.2459035815178019,0.3877377323988277,0.38582783039177543,0.3832076795449677,0.34943034682012736,0.33997425962959077,0.3425752232868317,0.4479773042917763,0.37859096584203716,0.35975608451875546,0.3606845925883914,0.3902996864930413,0.2530368404009835,0.3149765211552553,0.34683152332878114,0.39117893950122473,0.3485081485957047,0.37773025899167495,0.3346372038277092,0.247434695597527,0.34250559942021613,0.24779783685053847,0.0,0.27109017514972317,0.3340805675933107,0.2348900855404344,0.19629566410313434,0.2735557608570362,0.2551639147947524,0.2829195980150241,0.29482430154909034,0.23851368865664216,0.26086075792003943,0.23395890834991206,0.38308604685968206,0.41416826483926344,0.3435421218741761,0.0,0.2595419820522252,0.39373531402074663,0.0,0.4611699345635671,0.2792989549225621,0.32295674267643193,0.2756631370602139,0.30643107341398135,0.14929521581334473,0.0,0.46559600772574544,0.39954545475486697,0.357150858285636,0.39288887403975076,0.0,0.445045355868309,0.4854514248058816,0.44408242734592795,0.4803194088281083,0.3024381770861255,0.3961180787426535,0.43165121864970324,0.4423489056813286,0.3149882591254279,0.3991208484630995,0.0,0.2779561241227758
0.36489536175539417,0.3763969034898231,0.40301664106202756,0.29880662006561154,0.4024250634824842,0.39629848687146235,0.3553124636812753,0.40321303244321005,0.4343815650233424,0.305487200316724,0.4105690926458299,0.29203241532320307,0.36097809999446423,0.39819190341974137,0.4152206606282967,0.3908887721374141,0.34835810533911893,0.3540857481500021,0.42464273490063664,0.4015234902933017,0.4072491137474912,0.4013761613356031,0.39611238522215136,0.29978940288858946,0.3378140167213626,0.38515076405821863,0.4025389886548577,0.36632275675293124,0.40062151931560425,0.3543658760702895,0.3013917563486231,0.3476400851068664,0.3729044646906142,0.27109017514972317,0.0,0.33813962785078705,0.28498134117914253,0.24464824855439793,0.2781697380528991,0.26495786305397945,0.30307029524531465,0.31043062793641946,0.25273899841343467,0.24666207748618893,0.23999323798558017,0.4488080636171425,0.4387148676999052,0.29466206413657187,0.0,0.0,0.3070747373447441,0.20960052555141,0.0,0.2616082718878588,0.0,0.0,0.2607726554982918,0.20658307799777106,0.0,0.48026076235198184,0.4075237704639614,0.0,0.387230923540043,0.0,0.4516650350122789,0.0,0.461718352910854,0.43004945438927256,0.0,0.39756391064804364,0.4399635700293246,0.4161875178669068,0.27221580543473933,0.4301721588468425,0.0,0.26917566636245
