0.0,0.3650953871530224,0.0,0.0,0.0,0.46665148028477654,0.0,0.4884468016644063,0.0,0.0,0.0,0.36405693370836584,0.5056343885871909,0.0,0.37212639623245175,0.35966373922031386,0.0,0.34562664434146545,0.0,0.3816887826828982,0.3957134974216716,0.34474803309882157,0.46126586724342933,0.33856441172802937,0.3451623665851026,0.35991470904841166,0.4423903322167531,0.4745382723462495,0.47209177869059793,0.6029958916209254,0.33441819789603433,0.388299983261096,0.3092005505627075,0.35521268834581327,0.408919703282289,0.0,0.0,0.40017537557320604,0.43186345918294056,0.41151676360987066,0.4334969950747467,0.0,0.0,0.0,0.0,0.33898189138434226,0.44536894747189093,0.0,0.0,0.0,0.0,0.0,0.0,0.0,0.46859485657151206,0.0,0.4410080228438596,0.0,0.0,0.0,0.41305980686069316,0.0,0.4021264050288797,0.0,0.0,0.31632597565280984,0.4701686086674399,0.0,0.34834148729547115,0.42421474836111006,0.43786372101692084,0.0,0.0,0.0,0.0,0.0
0.3650953871530224,0.0,0.0,0.0,0.0,0.40997926356469616,0.429649508332054,0.0,0.39275835647253654,0.39007974696120196,0.0,0.0,0.42530351517937753,0.0,0.42452294396765367,0.3826130370871898,0.32908968509829883,0.3787920494291347,0.0,0.43172947193071237,0.41086091781810563,0.3877026896759668,0.4213550978745964,0.3989278202463325,0.37482431591864807,0.3986369684830457,0.4167212221568307,0.38783274291782666,0.4218315342104006,0.0,0.3569198134776049,0.40209298000238836,0.35115715502397343,0.3773387450286297,0.4222777301233127,0.0,0.0,0.0,0.44405770547938306,0.4357634769616718,0.4328785970718169,0.451244489735234,0.0,0.0,0.0,0.4294300949133712,0.4401748741094754,0.0,0.0,0.0,0.4641773282048604,0.0,0.0,0.0,0.0,0.0,0.0,0.0,0.0,0.4827425340541,0.4165865043128866,0.0,0.4075609979230536,0.0,0.44644029976971555,0.4511950218554964,0.44712091246865854,0.49126581618717363,0.0,0.426048964093617,0.4741206032138542,0.46052214386422463,0.0,0.42937395311123033,0.0,0.41702974249152375
0.0,0.0,0.0,0.4551980290138377,0.3942752036590873,0.41621631989364033,0.4367860655138973,0.4674309031138643,0.35773048779809835,0.47674775816593257,0.3412325516428063,0.5292089506885181,0.43708961414558,0.40621146822272236,0.0,0.0,0.0,0.0,0.317717307453366,0.0,0.0,0.0,0.3592948995736967,0.0,0.0,0.0,0.32788004360430284,0.4443521606231803,0.43920727495493883,0.4487678268307275,0.45619522972166654,0.42926818856334253,0.47050896192620695,0.4550291947105248,0.43602515187582724,0.41627843216754623,0.44675056984688866,0.0,0.5041188629539769,0.0,0.0,0.0,0.5026758015093016,0.0,0.0,0.0,0.0,0.4134534325472374,0.0,0.5786479975197898,0.5339681634720872,0.5926488864345357,0.5390587348579098,0.5734174414652675,0.0,0.45193847454144476,0.0,0.5872179099716633,0.4918612614610422,0.0,0.0,0.0,0.0,0.3671758596512769,0.0,0.0,0.0,0.5524664942279557,0.0,0.0,0.0,0.5491173932262576,0.606711267343203,0.0,0.0,0.0
0.0,0.0,0.4551980290138377,0.0,0.24415378743656022,0.39833095450127587,0.2617223849525546,0.3523650472943155,0.40628703109742365,0.2508446924317846,0.3908978028494711,0.2960257860522172,0.31856051856859435,0.3024244687632814,0.0,0.0,0.0,0.0,0.4247370327845244,0.43642548044067553,0.0,0.409293883084191,0.4102397903232046,0.0,0.0,0.0,0.4216267921792356,0.27468789397241383,0.463534212045383,0.0,0.0,0.28535062182512827,0.0,0.29748938900091676,0.3013446176570139,0.2232100897747865,0.19942780022893158,0.2506275355146258,0.0,0.0,0.0,0.0,0.0,0.0,0.0,0.0,0.0,0.0,0.0,0.0,0.0,0.0,0.0,0.0,0.0,0.0,0.0,0.0,0.0,0.0,0.0,0.0,0.0,0.0,0.0,0.0,0.0,0.0,0.0,0.0,0.0,0.0,0.0,0.0,0.0,0.0
0.0,0.0,0.3942752036590873,0.24415378743656022,0.0,0.3820266710863709,0.3622510145563725,0.4047644539093499,0.35423252339104355,0.4323188928873504,0.3396892790943677,0.435408531588473,0.38798599944094897,0.307559420760974,0.0,0.42881649853809,0.0,0.0,0.382588694165057,0.37191994220393026,0.0,0.42532728951635196,0.38921701792340985,0.39375095065071086,0.0,0.0,0.3936171399240735,0.3875077054171774,0.3995212607052762,0.0,0.4358453806211624,0.3852588568608058,0.0,0.4411024051285633,0.3941417673422106,0.2335143395308095,0.2542062254631872,0.0,0.45707805402294,0.0,0.0,0.0,0.4075121321063304,0.0,0.0,0.0,0.0,0.5217434309235103,0.0,0.0,0.5434534394622448,0.0,0.47644159058654023,0.5582794905485805,0.0,0.4667992505581406,0.0,0.0,0.0,0.0,0.0,0.0,0.0,0.4850151900468984,0.0,0.0,0.0,0.4972689631440715,0.0,0.0,0.0,0.5282298381703027,0.0,0.0,0.0,0.0
0.46665148028477654,0.40997926356469616,0.41621631989364033,0.39833095450127587,0.3820266710863709,0.0,0.3873907222585092,0.3983860842285258,0.3583207149672079,0.4251793850540873,0.38298668116332013,0.4433952573398866,0.36515848542386964,0.40095524777124364,0.4174589747097617,0.4055501721648752,0.0,0.4004905553455475,0.39062499383199156,0.3970087630862799,0.41088353262937954,0.43140326575608656,0.3926048346663233,0.514910213244227,0.3830039845887432,0.41586681730532515,0.38737252098667324,0.3830629760577397,0.34876014648853443,0.3937273928618463,0.41175039063156615,0.4084615638285579,0.37393541180085943,0.4277557915366778,0.42589939686544365,0.42711367365294634,0.42390686359203666,0.0,0.4742500335415829,0.0,0.46351369190150177,0.0,0.48606997801450813,0.0,0.0,0.0,0.0,0.5564233337165375,0.0,0.6488567341622034,0.5013485005974997,0.5410929103453412,0.48829473199655615,0.5633396265336272,0.0,0.5241371067179617,0.0,0.5205064031111629,0.0,0.48728686913575064,0.0,0.0,0.0,0.5399703391021624,0.46837810671245317,0.5100068353436379,0.480415878622909,0.5111447856334088,0.0,0.0,0.0,0.5049597941252502,0.5027325509992084,0.4675771533073801,0.0,0.4985786815876614
0.0,0.429649508332054,0.4367860655138973,0.2617223849525546,0.3622510145563725,0.3873907222585092,0.0,0.4353284753092767,0.4007556713524985,0.395851209208653,0.44220793235181954,0.39739410857782415,0.346938522282228,0.3547830154827988,0.0,0.43432492935530126,0.0,0.43054934964073316,0.44544309332730353,0.4139825885852885,0.0,0.44432574133221847,0.41542881759776684,0.0,0.41026544467354453,0.42748166008653304,0.4187722944330723,0.3662480174205329,0.41461152818426694,0.37809018534616673,0.4059477442116935,0.4122279567894506,0.4209660962202069,0.4115070788583625,0.39244815383904735,0.28063941220781635,0.27949524358219463,0.0,0.0,0.0,0.0,0.0,0.0,0.0,0.0,0.0,0.0,0.0,0.0,0.0,0.5706366444834229,0.0,0.0,0.0,0.0,0.0,0.0,0.0,0.0,0.0,0.0,0.0,0.0,0.0,0.0,0.0,0.0,0.5095807696513309,0.0,0.0,0.0,0.5068678316643024,0.5518270423114007,0.0,0.0,0.0
0.4884468016644063,0.0,0.4674309031138643,0.3523650472943155,0.4047644539093499,0.3983860842285258,0.4353284753092767,0.0,0.4646158303653049,0.47325767782809336,0.4054641992368033,0.36842591206051023,0.4253872397821867,0.3861971016277502,0.339646600219267,0.0,0.0,0.0,0.44838018281701075,0.0,0.3947291838152739,0.0,0.3495565376875753,0.4858517781077789,0.45004993319897457,0.47386864881681645,0.43631539960577753,0.4204090852854716,0.39270359756142825,0.35308565124753316,0.415916438141054,0.40521362413171824,0.0,0.44211546083535874,0.44346414836058273,0.2541507633357311,0.2918096932641906,0.0,0.5029869153838241,0.0,0.0,0.0,0.45922585890262196,0.0,0.0,0.0,0.0,0.5284058261405007,0.0,0.6379177824471669,0.46853004505962004,0.5066327943294743,0.3813277872862774,0.5446537601401565,0.0,0.5038221699613326,0.0,0.4901224691847415,0.37304826521520557,0.48616200341470195,0.0,0.0,0.0,0.5308533752930635,0.4734001453494072,0.4742329955463605,0.0,0.4775608670216992,0.0,0.0,0.0,0.4920422281433369,0.48161869557754583,0.4579615203470471,0.0,0.4978891206558537
0.0,0.39275835647253654,0.35773048779809835,0.40628703109742365,0.35423252339104355,0.3583207149672079,0.4007556713524985,0.4646158303653049,0.0,0.44430903114861486,0.3403609811922323,0.4338436381526946,0.40357113143395806,0.38858598572198383,0.0,0.42550862092226693,0.0,0.0,0.3122421286033056,0.37396804658918603,0.0,0.42761389411416373,0.4063161039586084,0.4556421341481701,0.41599945200630944,0.0,0.3795170827610811,0.4370151750555035,0.40186427118264734,0.4005086891073839,0.44562584821469803,0.4268903064410627,0.4081037323559528,0.4465522364070167,0.43050064033262264,0.4135584405508561,0.42817215530649216,0.4477696773501929,0.48181065908816834,0.0,0.0,0.0,0.474618865150301,0.0,0.0,0.0,0.0,0.554673780569588,0.0,0.560412002686376,0.5172740624726861,0.5829356103968991,0.5107045538868747,0.5721370131375983,0.0,0.5194314278705192,0.0,0.5913672452450289,0.48318004065459313,0.0,0.0,0.0,0.0,0.5215223659206181,0.0,0.0,0.0,0.5355592699100541,0.0,0.0,0.0,0.5374202519071644,0.5754164692196755,0.5625805439100217,0.0,0.0
0.0,0.39007974696120196,0.47674775816593257,0.2508446924317846,0.4323188928873504,0.4251793850540873,0.395851209208653,0.47325767782809336,0.44430903114861486,0.0,0.4509579022481105,0.2862056743735121,0.402759668941054,0.42112797640337724,0.0,0.3690741968629037,0.31394339209794064,0.3403654082984588,0.4635149381141365,0.4368647458750574,0.0,0.397412221550227,0.4345566148187457,0.3076489352929558,0.33933846408854845,0.3399370464081079,0.44236181118292073,0.37947347327481595,0.459989771675659,0.0,0.3181413680300987,0.33611714427570205,0.313828140246257,0.31240793334282746,0.31678682274825476,0.3485946614352853,0.3164147780860835,0.29112444404503135,0.34761086032201893,0.38848944963692494,0.3750871285328664,0.3174035403127318,0.3514725768438531,0.33212344769783897,0.3848996402576519,0.0,0.4494847594326201,0.0,0.0,0.0,0.0,0.46100353796717664,0.0,0.0,0.44049519932809467,0.0,0.44641161302156596,0.4279492732416436,0.0,0.0,0.0,0.4046583513226063,0.40072841287238653,0.0,0.0,0.0,0.0,0.0,0.42170412781624994,0.42894575387178735,0.448457512241367,0.0,0.3878293940884609,0.0,0.0,0.4140973768564785
0.0,0.0,0.3412325516428063,0.3908978028494711,0.3396892790943677,0.38298668116332013,0.44220793235181954,0.4054641992368033,0.3403609811922323,0.4509579022481105,0.0,0.4589962647775314,0.45068220472905435,0.312276148284714,0.0,0.0,0.0,0.0,0.2764523135767173,0.0,0.0,0.0,0.35044935754896533,0.0,0.0,0.0,0.3709237934986505,0.4454238155724592,0.0,0.0,0.464284197830644,0.42647920716739407,0.0,0.4594160850473342,0.43166815719707463,0.36773474924875516,0.4316399981755977,0.0,0.44604980874282785,0.0,0.0,0.0,0.44978929332305667,0.0,0.0,0.0,0.0,0.4981739851914882,0.0,0.513867105855678,0.5204309922161326,0.0,0.507528187873957,0.502170732810956,0.0,0.41015094558210696,0.0,0.0,0.44989713692047456,0.0,0.0,0.0,0.0,0.43058199448378254,0.0,0.0,0.0,0.5099092579866342,0.0,0.0,0.0,0.5334269397928776,0.0,0.0,0.0,0.0
0.36405693370836584,0.0,0.5292089506885181,0.2960257860522172,0.435408531588473,0.4433952573398866,0.39739410857782415,0.36842591206051023,0.4338436381526946,0.2862056743735121,0.4589962647775314,0.0,0.3931968306315682,0.537981544225471,0.0,0.0,0.35506068676346836,0.3531894321343324,0.48118521040863116,0.5476293054003489,0.0,0.0,0.46515857505841496,0.3066561077743982,0.34305997208701655,0.31961011653356036,0.47049764118100745,0.3666914038536755,0.0,0.0,0.3357354279512067,0.281845212651984,0.2776062832711337,0.27216982896110486,0.3052819520164932,0.3096278286588748,0.30674006352003635,0.2336340958724848,0.2829809281652948,0.3417514884548196,0.3391532340695147,0.3156237904921013,0.274375868245109,0.27774241658257887,0.3650776703442406,0.0,0.0,0.5869605305422839,0.0,0.0,0.37430708638327603,0.4367453981805625,0.0,0.40772272149404803,0.44486138214997906,0.4890703345939662,0.4430172740524826,0.4445808072084473,0.3134850774252359,0.0,0.0,0.4134995921743252,0.40232959694583253,0.0,0.0,0.0,0.0,0.48890667718454256,0.4260437198970642,0.43541292823413674,0.44716935537260555,0.41357775737727115,0.3813888936626722,0.0,0.0,0.4005797050547119
0.5056343885871909,0.42530351517937753,0.43708961414558,0.31856051856859435,0.38798599944094897,0.36515848542386964,0.346938522282228,0.4253872397821867,0.40357113143395806,0.402759668941054,0.45068220472905435,0.3931968306315682,0.0,0.36625701436355224,0.394541553397224,0.4287495222062669,0.4215788538551861,0.4283513906962479,0.4438331109240649,0.40530797664536894,0.42899584521573647,0.43601056810475836,0.4174161209578983,0.4020232257692022,0.40806891340743795,0.4136708360823466,0.4236590410697016,0.3627491627227884,0.3873489675159619,0.3921402903648564,0.4025054715543874,0.40951252649860814,0.395958394217784,0.41169869805785103,0.36358443624305764,0.33881955060140884,0.352801073821635,0.3763664456993268,0.4484849460429304,0.41849327129677544,0.0,0.540251606175559,0.4966682963317108,0.0,0.0,0.0,0.0,0.0,0.0,0.0,0.5015520635853397,0.0,0.4904452720236356,0.0,0.0,0.0,0.0,0.0,0.0,0.5755091118839073,0.0,0.0,0.0,0.0,0.5020872643538588,0.0,0.0,0.5033567051855132,0.0,0.0,0.5541915488649796,0.49485553442220986,0.5446980918003517,0.5059255780318958,0.0,0.0
0.0,0.0,0.40621146822272236,0.3024244687632814,0.307559420760974,0.40095524777124364,0.3547830154827988,0.3861971016277502,0.38858598572198383,0.42112797640337724,0.312276148284714,0.537981544225471,0.36625701436355224,0.0,0.0,0.0,0.0,0.0,0.3864299525704469,0.0,0.0,0.0,0.4017491904346188,0.0,0.0,0.0,0.4252737013018517,0.36748042757682003,0.0,0.0,0.0,0.2841131641134658,0.0,0.4027823772185151,0.31503652184136205,0.2440502117167838,0.21180499063458166,0.0,0.0,0.0,0.0,0.0,0.0,0.0,0.0,0.0,0.0,0.0,0.0,0.0,0.0,0.0,0.0,0.0,0.0,0.0,0.0,0.0,0.0,0.0,0.0,0.0,0.0,0.0,0.0,0.0,0.0,0.0,0.0,0.0,0.0,0.0,0.0,0.0,0.0,0.0
0.37212639623245175,0.42452294396765367,0.0,0.0,0.0,0.4174589747097617,0.0,0.339646600219267,0.0,0.0,0.0,0.0,0.394541553397224,0.0,0.0,0.3756354045914924,0.0,0.36566065639971845,0.0,0.33143282624238707,0.365620847739736,0.35909352861515464,0.3549852741391563,0.44918225740726053,0.35394707849857965,0.39569347662465987,0.40663076742107424,0.3677451878657616,0.3741365834194148,0.0,0.3900477972928128,0.4171873334132625,0.36470362569451487,0.4318928615633948,0.4562639516834585,0.4498272006907622,0.5243390709446324,0.0,0.48946282106034417,0.49002762544441114,0.4934005848402817,0.5182011874913588,0.0,0.0,0.0,0.0,0.4782535148888914,0.0,0.0,0.0,0.4688345816426435,0.0,0.4725655818588778,0.0,0.0,0.0,0.0,0.0,0.0,0.4448715218553611,0.4726893081103208,0.0,0.0,0.0,0.4224984296005164,0.4630007649940172,0.4948561472105834,0.4717333066595924,0.0,0.0,0.5092813670658228,0.4786875788157519,0.4944455058875452,0.4601644859649053,0.0,0.46970243023993324
0.35966373922031386,0.3826130370871898,0.0,0.0,0.42881649853809,0.4055501721648752,0.43432492935530126,0.0,0.42550862092226693,0.3690741968629037,0.0,0.0,0.4287495222062669,0.0,0.3756354045914924,0.0,0.3647627260710727,0.34726534091015876,0.0,0.3891887298747722,0.3695466388207394,0.3774055702383026,0.38868326018832133,0.0,0.367875001725499,0.3962411528819468,0.4035511673413457,0.41866876004204223,0.4102014633781293,0.0,0.3573934174377543,0.4091563106606627,0.35351404619612864,0.3905225368071461,0.4266219618750671,0.0,0.0,0.0,0.4166362053710659,0.3833130771428582,0.403760864769735,0.0,0.0,0.0,0.0,0.3887716684918769,0.42220569769689587,0.0,0.0,0.0,0.0,0.0,0.0,0.0,0.0,0.0,0.0,0.0,0.0,0.45279130333997997,0.39326901943412057,0.0,0.36944461847828686,0.0,0.0,0.0,0.41504909309463944,0.0,0.3859259517120495,0.4016329688150041,0.4386048295397637,0.0,0.0,0.0,0.0,0.3957791889446868
0.0,0.32908968509829883,0.0,0.0,0.0,0.0,0.0,0.0,0.0,0.31394339209794064,0.0,0.35506068676346836,0.4215788538551861,0.0,0.0,0.3647627260710727,0.0,0.31054323520516486,0.0,0.3780986730452239,0.0,0.3784240159806639,0.0,0.3463822953423617,0.3551436841452148,0.35185103873031337,0.0,0.407619250075221,0.0,0.0,0.325011850979228,0.3837963129759245,0.32871394546596633,0.3684164847392115,0.365230360220297,0.0,0.0,0.3131493183578289,0.36158755952120436,0.39473519304678045,0.0,0.0,0.0,0.0,0.0,0.0,0.0,0.0,0.0,0.0,0.0,0.0,0.0,0.0,0.3737002564803423,0.0,0.38925024930640034,0.0,0.0,0.0,0.0,0.37070962417953063,0.3756289234234085,0.0,0.0,0.0,0.0,0.0,0.0,0.3552943591486008,0.3984353039981751,0.0,0.0,0.0,0.0,0.0
0.34562664434146545,0.3787920494291347,0.0,0.0,0.0,0.4004905553455475,0.43054934964073316,0.0,0.0,0.3403654082984588,0.0,0.3531894321343324,0.4283513906962479,0.0,0.36566065639971845,0.34726534091015876,0.31054323520516486,0.0,0.0,0.38566581974657593,0.4077148861590325,0.3878820371323041,0.43324283374803574,0.322542115666586,0.3439481696479972,0.35562302379921595,0.3934351605135167,0.4140129186271854,0.40076634243463855,0.0,0.3450305564642747,0.40666954159557545,0.33577659951528555,0.3839784348952237,0.393072374097511,0.0,0.0,0.0,0.3762677980669447,0.3895038369019857,0.39397797051825595,0.0,0.0,0.0,0.0,0.3909094516355376,0.4107370551408364,0.0,0.0,0.0,0.0,0.0,0.0,0.0,0.37612261446269735,0.0,0.40026425418837075,0.0,0.0,0.0,0.3851854486543056,0.3377668083051835,0.3809234915861572,0.0,0.0,0.0,0.38418751765348075,0.0,0.4072172071705006,0.3882735345389764,0.4171997019600471,0.0,0.0,0.0,0.0,0.39405712346926886
0.0,0.0,0.317717307453366,0.4247370327845244,0.382588694165057,0.39062499383199156,0.44544309332730353,0.44838018281701075,0.3122421286033056,0.4635149381141365,0.2764523135767173,0.48118521040863116,0.4438331109240649,0.3864299525704469,0.0,0.0,0.0,0.0,0.0,0.0,0.0,0.0,0.3424915150756126,0.0,0.0,0.0,0.3601285102393463,0.4470387943130544,0.0,0.0,0.45269591234776135,0.4175873098422146,0.0,0.4503566867984735,0.4178502367179165,0.3908397407908637,0.4339889079854142,0.0,0.4765555867760863,0.0,0.0,0.0,0.468178102185757,0.0,0.0,0.0,0.0,0.5267168662896701,0.0,0.5144983538540862,0.524185839571501,0.0,0.5266664764080369,0.5529660286219816,0.0,0.466364788903212,0.0,0.6906549362536939,0.46965765237587653,0.0,0.0,0.0,0.0,0.5094351189136891,0.0,0.0,0.0,0.5255339217072639,0.0,0.0,0.0,0.5471108779418742,0.0,0.0,0.0,0.0
0.3816887826828982,0.43172947193071237,0.0,0.43642548044067553,0.37191994220393026,0.3970087630862799,0.4139825885852885,0.0,0.37396804658918603,0.4368647458750574,0.0,0.5476293054003489,0.40530797664536894,0.0,0.33143282624238707,0.3891887298747722,0.3780986730452239,0.38566581974657593,0.0,0.0,0.40551401790336516,0.36904765645374527,0.31655723155409365,0.45813078248150524,0.40208053501377494,0.41675699024096136,0.33800017247192643,0.3694053353943576,0.32923322182057874,0.30686120549264073,0.3573194466890981,0.4191258477765521,0.3333651132249422,0.4182969330860866,0.45419537574445334,0.4929884894962328,0.44606392248230864,0.0,0.46255911264460225,0.4491575826558279,0.4767822171120536,0.4846284155419265,0.0,0.0,0.0,0.0,0.44749056467153114,0.0,0.0,0.0,0.4683999114661925,0.0,0.0,0.0,0.0,0.0,0.0,0.5347500048928465,0.0,0.4626407149682222,0.0,0.0,0.0,0.0,0.45736207675842827,0.450538858773865,0.45541688323162405,0.47336871750656007,0.0,0.0,0.46760006703006035,0.4689568399968172,0.4826553741258796,0.453176886974836,0.0,0.4744368292145021
0.3957134974216716,0.41086091781810563,0.0,0.0,0.0,0.41088353262937954,0.0,0.3947291838152739,0.0,0.0,0.0,0.0,0.42899584521573647,0.0,0.365620847739736,0.3695466388207394,0.0,0.4077148861590325,0.0,0.40551401790336516,0.0,0.42611930741164916,0.3817684825575009,0.44218079246085096,0.39668784853465666,0.39905400852251993,0.4162625794445294,0.41809586313662855,0.39721502714048434,0.4045607602752362,0.39904013630707696,0.4037891202591484,0.3733103944001343,0.41480883637853144,0.4689306666069907,0.0,0.0,0.0,0.49879850655947217,0.0,0.0,0.0,0.0,0.0,0.0,0.2664922262229493,0.47219384815434506,0.0,0.0,0.0,0.4420968788183802,0.0,0.46608721302065276,0.0,0.0,0.0,0.0,0.0,0.0,0.45549961859352256,0.44831350619091087,0.0,0.0,0.0,0.4565703060664866,0.38480148673366904,0.47984842065707334,0.48402483340627017,0.0,0.0,0.49408816960412666,0.48579678499221224,0.5002693746170911,0.4647874780498901,0.0,0.5089111689818627
0.34474803309882157,0.3877026896759668,0.0,0.409293883084191,0.42532728951635196,0.43140326575608656,0.44432574133221847,0.0,0.42761389411416373,0.397412221550227,0.0,0.0,0.43601056810475836,0.0,0.35909352861515464,0.3774055702383026,0.3784240159806639,0.3878820371323041,0.0,0.36904765645374527,0.42611930741164916,0.0,0.40968016107388205,0.3661965258127603,0.3880028297882563,0.4082979194298559,0.4197198984845585,0.40849920454469,0.3979144024756385,0.36517153720482415,0.35666863025482126,0.41328962593522867,0.3709612247338707,0.4123367745227875,0.4469368884200896,0.4707249998524205,0.43889429208802405,0.0,0.4692485504115037,0.46093198269164226,0.47185454578944713,0.491253901281027,0.0,0.0,0.0,0.4331112295802168,0.4557920964436177,0.0,0.0,0.0,0.4651523802974404,0.0,0.0,0.0,0.0,0.0,0.0,0.0,0.0,0.49105498864486824,0.4315963311140809,0.0,0.45351681895286977,0.0,0.47064506070592727,0.47493827970819663,0.46739120242840926,0.47445736850957826,0.0,0.4175742920180115,0.49317045833019885,0.47473972127848735,0.0,0.45749454199908746,0.0,0.4466305829682155
0.46126586724342933,0.4213550978745964,0.3592948995736967,0.4102397903232046,0.38921701792340985,0.3926048346663233,0.41542881759776684,0.3495565376875753,0.4063161039586084,0.4345566148187457,0.35044935754896533,0.46515857505841496,0.4174161209578983,0.4017491904346188,0.3549852741391563,0.38868326018832133,0.0,0.43324283374803574,0.3424915150756126,0.31655723155409365,0.3817684825575009,0.40968016107388205,0.0,0.4740927936161346,0.4101765469881314,0.4445750597178374,0.34523650500196934,0.4156217324314545,0.3934264244702637,0.3905395025331304,0.4082165717724021,0.4031076557963948,0.3555453922189743,0.4340049048512432,0.4498496482916039,0.400450062547503,0.41512588877381623,0.0,0.49882098173674044,0.41412212472839016,0.49565009862938497,0.5090309545158055,0.5220256526572182,0.5580946434071409,0.0,0.0,0.481417612602662,0.5430410678391167,0.0,0.5474610307995781,0.5055834342698722,0.5276448542911296,0.4950872782161323,0.5676007554644598,0.0,0.5085578684763289,0.0,0.5157218045050048,0.511363471168489,0.47348594896473767,0.0,0.0,0.0,0.5187701000627909,0.4769694035589447,0.4739162111818962,0.4768898095659434,0.5185044875915057,0.0,0.0,0.48142813494565995,0.5085702512416774,0.5066438773547063,0.48449834939391084,0.49807646212011214,0.5058388399008313
0.33856441172802937,0.3989278202463325,0.0,0.0,0.39375095065071086,0.514910213244227,0.0,0.4858517781077789,0.4556421341481701,0.3076489352929558,0.0,0.3066561077743982,0.4020232257692022,0.0,0.44918225740726053,0.0,0.3463822953423617,0.322542115666586,0.0,0.45813078248150524,0.44218079246085096,0.3661965258127603,0.4740927936161346,0.0,0.3399705338657705,0.33075927377756115,0.5041512106205815,0.3780618801069492,0.0,0.0,0.3352419380802709,0.2981601770235753,0.2421425732409617,0.2583880419128787,0.28465769167015076,0.32526863835789205,0.22612184685692205,0.23717536576623732,0.0,0.37012630320685885,0.3663978491314209,0.23470375756932624,0.0,0.0,0.34925807740247594,0.4042748074723552,0.4375124342766684,0.0,0.0,0.0,0.0,0.0,0.0,0.0,0.4117910026884693,0.0,0.40499923927631615,0.0,0.0,0.0,0.45499601854488014,0.407874088216751,0.40945068239388244,0.0,0.0,0.0,0.0,0.0,0.39061353238768126,0.42706875437855735,0.4402009743730019,0.0,0.33100182630920744,0.0,0.0,0.43767581602152733
0.3451623665851026,0.37482431591864807,0.0,0.0,0.0,0.3830039845887432,0.41026544467354453,0.45004993319897457,0.41599945200630944,0.33933846408854845,0.0,0.34305997208701655,0.40806891340743795,0.0,0.35394707849857965,0.367875001725499,0.3551436841452148,0.3439481696479972,0.0,0.40208053501377494,0.39668784853465666,0.3880028297882563,0.4101765469881314,0.3399705338657705,0.0,0.3622685341495717,0.3861408152176218,0.3999149759967352,0.39819173741205005,0.0,0.34992363860163234,0.3860034730026768,0.31263998103139334,0.3634954761089208,0.37826025665792434,0.0,0.0,0.3134197815643877,0.4150899030564178,0.4038556250419197,0.4285083933058684,0.4288364188269537,0.0,0.0,0.3645826949247373,0.39160440276237685,0.41966396887572277,0.0,0.0,0.0,0.0,0.0,0.0,0.0,0.4314566046986102,0.0,0.4362464005325833,0.0,0.0,0.45854514367629795,0.3936916105623103,0.39436649643727595,0.3934970705367091,0.0,0.0,0.44014856787796974,0.39462020247364143,0.0,0.4144213354721081,0.4019124915766633,0.43034316870801237,0.0,0.48451269199331076,0.4256516820911036,0.0,0.40823427183132305
0.35991470904841166,0.3986369684830457,0.0,0.0,0.0,0.41586681730532515,0.42748166008653304,0.47386864881681645,0.0,0.3399370464081079,0.0,0.31961011653356036,0.4136708360823466,0.0,0.39569347662465987,0.3962411528819468,0.35185103873031337,0.35562302379921595,0.0,0.41675699024096136,0.39905400852251993,0.4082979194298559,0.4445750597178374,0.33075927377756115,0.3622685341495717,0.0,0.4554471285062819,0.40595820157624324,0.39795823223669097,0.0,0.367921813132585,0.4157322336755876,0.35593311973092434,0.39312537323099567,0.4311099629158512,0.4462408902224357,0.0,0.31517597990806717,0.44823224460037553,0.42784160495044055,0.4509166547625722,0.45755267052710485,0.0,0.0,0.33632155382113627,0.4302689901661178,0.46762943891714565,0.0,0.0,0.0,0.4859080206117647,0.0,0.0,0.0,0.4400410767814478,0.0,0.44371521533066177,0.0,0.0,0.5126507987535401,0.4384033520483115,0.41459983974352854,0.4192075765323573,0.0,0.4724655381581504,0.46657527207934746,0.4833126688123322,0.4788244491936943,0.4254158889685018,0.4287918471050996,0.45891041551165673,0.49086718523867007,0.4738686847337562,0.46102714188088545,0.0,0.42654829725288834
0.4423903322167531,0.4167212221568307,0.32788004360430284,0.4216267921792356,0.3936171399240735,0.38737252098667324,0.4187722944330723,0.43631539960577753,0.3795170827610811,0.44236181118292073,0.3709237934986505,0.47049764118100745,0.4236590410697016,0.4252737013018517,0.40663076742107424,0.4035511673413457,0.0,0.3934351605135167,0.3601285102393463,0.33800017247192643,0.4162625794445294,0.4197198984845585,0.34523650500196934,0.5041512106205815,0.3861408152176218,0.4554471285062819,0.0,0.42271439137082817,0.3663931482340407,0.3988730276165823,0.39677985512984776,0.41670783331601335,0.33055629224603117,0.43142668816358465,0.4482593062398232,0.44598333455670486,0.43023428845617573,0.0,0.4838471978235607,0.0,0.4906400867705989,0.5013742969858845,0.5033336392293883,0.0,0.0,0.0,0.49381870660470023,0.5598153461810977,0.0,0.5740943232088791,0.5085256579816021,0.5343337539288059,0.5041982252311247,0.5749540022881338,0.0,0.5386383307285453,0.0,0.5121877130039552,0.5297622723609561,0.4705752394200232,0.0,0.0,0.0,0.5628154740411015,0.47371844989391293,0.48552322965484845,0.4738162082881485,0.5182983248769736,0.0,0.0,0.48287998110490493,0.5044362494347483,0.5018323709891367,0.4804457020373604,0.50966374919914,0.49882981414641353
0.4745382723462495,0.38783274291782666,0.4443521606231803,0.27468789397241383,0.3875077054171774,0.3830629760577397,0.3662480174205329,0.4204090852854716,0.4370151750555035,0.37947347327481595,0.4454238155724592,0.3666914038536755,0.3627491627227884,0.36748042757682003,0.3677451878657616,0.41866876004204223,0.407619250075221,0.4140129186271854,0.4470387943130544,0.3694053353943576,0.41809586313662855,0.40849920454469,0.4156217324314545,0.3780618801069492,0.3999149759967352,0.40595820157624324,0.42271439137082817,0.0,0.34932484220770577,0.3134856279335342,0.37188372101055533,0.40121231102752497,0.3487616941663834,0.395074369665938,0.3569192598682448,0.3076275043108448,0.30752883138999215,0.3432687934233748,0.46868118028047123,0.0,0.0,0.4569749245877584,0.5124046933232448,0.64079961773194,0.330374297911789,0.0,0.0,0.0,0.0,0.0,0.4829741750107023,0.0,0.479512374770612,0.0,0.35482017419873224,0.0,0.0,0.0,0.0,0.48447399650400236,0.0,0.0,0.0,0.0,0.4697229483186711,0.4834164217044716,0.5211713273201736,0.5024059985880596,0.0,0.5326319984895098,0.5062731470022719,0.4903864547916382,0.47753546322997537,0.471138125765574,0.6090362966853579,0.5034830953271613
0.47209177869059793,0.4218315342104006,0.43920727495493883,0.463534212045383,0.3995212607052762,0.34876014648853443,0.41461152818426694,0.39270359756142825,0.40186427118264734,0.459989771675659,0.0,0.0,0.3873489675159619,0.0,0.3741365834194148,0.4102014633781293,0.0,0.40076634243463855,0.0,0.32923322182057874,0.39721502714048434,0.3979144024756385,0.3934264244702637,0.0,0.39819173741205005,0.39795823223669097,0.3663931482340407,0.34932484220770577,0.0,0.3328272104121304,0.3593658859598599,0.41316402833679633,0.33716125082218157,0.4160537891124257,0.4512943252285992,0.47178633946257137,0.44996338936689567,0.0,0.46083731501244357,0.0,0.4837525800791796,0.49585739720632,0.5196602795648945,0.0,0.0,0.0,0.46957414661594743,0.0,0.0,0.0,0.47054150414740487,0.0,0.4839815166688065,0.0,0.0,0.0,0.0,0.49733470420828374,0.0,0.4505617542478429,0.0,0.0,0.0,0.0,0.4576746648262276,0.45277989332870827,0.449749528020836,0.4846099152692495,0.0,0.0,0.4714208119555217,0.4772261691412991,0.48366746104518,0.4596789370956717,0.0,0.4745787735061625
0.6029958916209254,0.0,0.4487678268307275,0.0,0.0,0.3937273928618463,0.37809018534616673,0.35308565124753316,0.4005086891073839,0.0,0.0,0.0,0.3921402903648564,0.0,0.0,0.0,0.0,0.0,0.0,0.30686120549264073,0.4045607602752362,0.36517153720482415,0.3905395025331304,0.0,0.0,0.0,0.3988730276165823,0.3134856279335342,0.3328272104121304,0.0,0.32329004676826306,0.4143533889217283,0.0,0.381251420734412,0.4268635271587394,0.46359708028498176,0.0,0.0,0.47089370877230413,0.0,0.0,0.0,0.0,0.0,0.0,0.0,0.0,0.0,0.0,0.0,0.0,0.0,0.0,0.0,0.0,0.0,0.0,0.0,0.0,0.5375012202935304,0.0,0.0,0.0,0.0,0.0,0.0,0.0,0.49903242413777243,0.0,0.0,0.0,0.49154294927277,0.0,0.4784288478325035,0.0,0.0
0.33441819789603433,0.3569198134776049,0.45619522972166654,0.0,0.4358453806211624,0.41175039063156615,0.4059477442116935,0.415916438141054,0.44562584821469803,0.3181413680300987,0.464284197830644,0.3357354279512067,0.4025054715543874,0.0,0.3900477972928128,0.3573934174377543,0.325011850979228,0.3450305564642747,0.45269591234776135,0.3573194466890981,0.39904013630707696,0.35666863025482126,0.4082165717724021,0.3352419380802709,0.34992363860163234,0.367921813132585,0.39677985512984776,0.37188372101055533,0.3593658859598599,0.32329004676826306,0.0,0.41205683918933456,0.34271163971486307,0.3348431623696117,0.38282466816426935,0.4544901177612869,0.34277652687143256,0.2725710271649809,0.44885975352028584,0.4172458434432174,0.4335451238560862,0.0,0.0,0.0,0.0,0.3944577190503738,0.41916224963238274,0.0,0.0,0.0,0.5111559019308429,0.0,0.5158205048083077,0.0,0.39044714592645907,0.0,0.0,0.0,0.0,0.45104922885278953,0.37688787258997936,0.40912011423150546,0.40100444274576724,0.0,0.4640835701729152,0.0,0.4383855145494117,0.5158387682395662,0.0,0.40666709557221165,0.4425693390159696,0.4918502006754148,0.0,0.4790128230213561,0.0,0.0
0.388299983261096,0.40209298000238836,0.42926818856334253,0.28535062182512827,0.3852588568608058,0.4084615638285579,0.4122279567894506,0.40521362413171824,0.4268903064410627,0.33611714427570205,0.42647920716739407,0.281845212651984,0.40951252649860814,0.2841131641134658,0.4171873334132625,0.4091563106606627,0.3837963129759245,0.40666954159557545,0.4175873098422146,0.4191258477765521,0.4037891202591484,0.41328962593522867,0.4031076557963948,0.2981601770235753,0.3860034730026768,0.4157322336755876,0.41670783331601335,0.40121231102752497,0.41316402833679633,0.4143533889217283,0.41205683918933456,0.0,0.3269259455740635,0.37899501711865563,0.3195540652488666,0.29182916632167705,0.3105611564895371,0.27562169970851147,0.26976363960027255,0.28307183044163536,0.36617893016669456,0.3264579195676213,0.38578156729206964,0.2867411462611912,0.2569033868296916,0.4213034918965969,0.45002006992022,0.5016711086210335,0.0,0.0,0.4786609567226785,0.43213070565882905,0.5119395468036102,0.5276794050758847,0.3072546879790212,0.45611444376208515,0.2800542944186372,0.43275515330802256,0.0,0.4779765427139767,0.42797276787993,0.0,0.3986508905595968,0.49059876114998496,0.45707122558417107,0.4619681492577769,0.46934387883466105,0.5054957066081364,0.3623409576642102,0.42329920370675467,0.4639129352075005,0.4896649418777623,0.38643546247199856,0.46373855220461463,0.0,0.45826899985764835
0.3092005505627075,0.35115715502397343,0.47050896192620695,0.0,0.0,0.37393541180085943,0.4209660962202069,0.0,0.4081037323559528,0.313828140246257,0.0,0.2776062832711337,0.395958394217784,0.0,0.36470362569451487,0.35351404619612864,0.32871394546596633,0.33577659951528555,0.0,0.3333651132249422,0.3733103944001343,0.3709612247338707,0.3555453922189743,0.2421425732409617,0.31263998103139334,0.35593311973092434,0.33055629224603117,0.3487616941663834,0.33716125082218157,0.0,0.34271163971486307,0.3269259455740635,0.0,0.28014444101386515,0.35829827000707437,0.2847109380309191,0.25338302500003174,0.19808029305477293,0.2628620362094895,0.3529675286251269,0.35778710014146325,0.28185708461234027,0.0,0.0,0.3084089716675628,0.39886843942932726,0.4439008326254966,0.0,0.0,0.0,0.0,0.0,0.0,0.0,0.3646070261875246,0.0,0.3637192853332044,0.0,0.0,0.4810535545609524,0.4108476623289998,0.38963921290909964,0.38938575010379883,0.0,0.0,0.0,0.44845374793199533,0.0,0.4071968038749911,0.3949489483683919,0.42958063117956674,0.0,0.0,0.0,0.0,0.38380531185322175
0.35521268834581327,0.3773387450286297,0.4550291947105248,0.29748938900091676,0.4411024051285633,0.4277557915366778,0.4115070788583625,0.44211546083535874,0.4465522364070167,0.31240793334282746,0.4594160850473342,0.27216982896110486,0.41169869805785103,0.4027823772185151,0.4318928615633948,0.3905225368071461,0.3684164847392115,0.3839784348952237,0.4503566867984735,0.4182969330860866,0.41480883637853144,0.4123367745227875,0.4340049048512432,0.2583880419128787,0.3634954761089208,0.39312537323099567,0.43142668816358465,0.395074369665938,0.4160537891124257,0.381251420734412,0.3348431623696117,0.37899501711865563,0.28014444101386515,0.0,0.31292833499942113,0.4078189486000872,0.30539242000747113,0.20660628221015093,0.3577666937964149,0.33460469167773177,0.3673198454320002,0.3450406338669493,0.45142531978421785,0.0,0.31530695639407724,0.4149888802090042,0.44163154151100315,0.0,0.0,0.0,0.4910400768537657,0.0,0.4993385211447977,0.0,0.3540523834591365,0.0,0.36399536181288406,0.47557052938432964,0.0,0.48639809833027986,0.4096010688537529,0.0,0.4130024212792449,0.0,0.4722049035622801,0.4629569616607367,0.4658099886290921,0.5258382074655691,0.0,0.4241096853074779,0.46282196634007305,0.5031209756039411,0.3998406565364601,0.49155743483701875,0.0,0.0
0.408919703282289,0.4222777301233127,0.43602515187582724,0.3013446176570139,0.3941417673422106,0.42589939686544365,0.39244815383904735,0.44346414836058273,0.43050064033262264,0.31678682274825476,0.43166815719707463,0.3052819520164932,0.36358443624305764,0.31503652184136205,0.4562639516834585,0.4266219618750671,0.365230360220297,0.393072374097511,0.4178502367179165,0.45419537574445334,0.4689306666069907,0.4469368884200896,0.4498496482916039,0.28465769167015076,0.37826025665792434,0.4311099629158512,0.4482593062398232,0.3569192598682448,0.4512943252285992,0.4268635271587394,0.38282466816426935,0.3195540652488666,0.35829827000707437,0.31292833499942113,0.0,0.365979288257798,0.32564232731126563,0.2575638842281612,0.30082316315342683,0.3083344304789202,0.3340264553427367,0.3432141498654948,0.4178383649736577,0.2962796545741155,0.0,0.0,0.4708833776330955,0.0,0.0,0.0,0.4873588858090525,0.5608559409602066,0.0,0.7136712090041442,0.0,0.5757354765444481,0.0,0.5227471623115593,0.0,0.509494913935884,0.43370792123982344,0.0,0.0,0.0,0.49205765959846126,0.5390474031295227,0.4833853926211888,0.508927475046051,0.0,0.43586870057241567,0.5081326431559815,0.5041961087465366,0.46457388884470435,0.0,0.0,0.48198741774043496
0.0,0.0,0.41627843216754623,0.2232100897747865,0.2335143395308095,0.42711367365294634,0.28063941220781635,0.2541507633357311,0.4135584405508561,0.3485946614352853,0.36773474924875516,0.3096278286588748,0.33881955060140884,0.2440502117167838,0.4498272006907622,0.0,0.0,0.0,0.3908397407908637,0.4929884894962328,0.0,0.4707249998524205,0.400450062547503,0.32526863835789205,0.0,0.4462408902224357,0.44598333455670486,0.3076275043108448,0.47178633946257137,0.46359708028498176,0.4544901177612869,0.29182916632167705,0.2847109380309191,0.4078189486000872,0.365979288257798,0.0,0.23269489652011327,0.2839322158893373,0.310323915774572,0.0,0.0,0.30182865576119594,0.35240423362424816,0.0,0.0,0.0,0.0,0.48647614916537096,0.0,0.0,0.46614617895801946,0.4493563388990454,0.5062722780734779,0.47384595719284966,0.0,0.4262605637503689,0.0,0.46786696099849806,0.356709685569602,0.445957534725874,0.0,0.0,0.0,0.43431966918191767,0.0,0.0,0.38118677997791506,0.49635330989310655,0.0,0.0,0.0,0.47760200922675883,0.0,0.49393061075416644,0.0,0.5301176693417594
0.0,0.0,0.44675056984688866,0.19942780022893158,0.2542062254631872,0.42390686359203666,0.27949524358219463,0.2918096932641906,0.42817215530649216,0.3164147780860835,0.4316399981755977,0.30674006352003635,0.352801073821635,0.21180499063458166,0.5243390709446324,0.0,0.0,0.0,0.4339889079854142,0.44606392248230864,0.0,0.43889429208802405,0.41512588877381623,0.22612184685692205,0.0,0.0,0.43023428845617573,0.30752883138999215,0.44996338936689567,0.0,0.34277652687143256,0.3105611564895371,0.25338302500003174,0.30539242000747113,0.32564232731126563,0.23269489652011327,0.0,0.25837746799357014,0.28099843963226606,0.0,0.0,0.32767336049158896,0.0,0.0,0.0,0.0,0.0,0.0,0.0,0.0,0.0,0.0,0.0,0.0,0.0,0.0,0.0,0.0,0.0,0.0,0.0,0.0,0.0,0.0,0.0,0.0,0.0,0.0,0.0,0.0,0.0,0.0,0.5293265961813968,0.0,0.0,0.0
0.40017537557320604,0.0,0.0,0.2506275355146258,0.0,0.0,0.0,0.0,0.4477696773501929,0.29112444404503135,0.0,0.2336340958724848,0.3763664456993268,0.0,0.0,0.0,0.3131493183578289,0.0,0.0,0.0,0.0,0.0,0.0,0.23717536576623732,0.3134197815643877,0.31517597990806717,0.0,0.3432687934233748,0.0,0.0,0.2725710271649809,0.27562169970851147,0.19808029305477293,0.20660628221015093,0.2575638842281612,0.2839322158893373,0.25837746799357014,0.0,0.27371412844237947,0.25560141615640075,0.36318530747381367,0.27085201130851944,0.24198228230633312,0.41070368834121784,0.25865443834216506,0.0,0.0,0.0,0.0,0.0,0.0,0.0,0.0,0.4170303131642302,0.3308622316916612,0.0,0.31978878196129235,0.4219093361782571,0.0,0.0,0.0,0.2813974019226657,0.0,0.0,0.0,0.0,0.0,0.0,0.0,0.0,0.31740086976317855,0.3841071145117431,0.338583371717717,0.0,0.0,0.0
0.43186345918294056,0.44405770547938306,0.5041188629539769,0.0,0.45707805402294,0.4742500335415829,0.0,0.5029869153838241,0.48181065908816834,0.34761086032201893,0.44604980874282785,0.2829809281652948,0.4484849460429304,0.0,0.48946282106034417,0.4166362053710659,0.36158755952120436,0.3762677980669447,0.4765555867760863,0.46255911264460225,0.49879850655947217,0.4692485504115037,0.49882098173674044,0.0,0.4150899030564178,0.44823224460037553,0.4838471978235607,0.46868118028047123,0.46083731501244357,0.47089370877230413,0.44885975352028584,0.26976363960027255,0.2628620362094895,0.3577666937964149,0.30082316315342683,0.310323915774572,0.28099843963226606,0.27371412844237947,0.0,0.32974355458014554,0.4157496064635421,0.37815405986749345,0.2780186524638177,0.3114129649993534,0.278559320643581,0.4038413861802249,0.39583341589674614,0.4309016554997744,0.30005855460538744,0.36307470626878496,0.4114742382493673,0.37605399415440305,0.3767155609983373,0.4402072068342198,0.3345246339818248,0.32348695089287693,0.29236733752163885,0.39083174549635924,0.2926256338140896,0.4272211531668961,0.4136306560524535,0.3990358117601913,0.4073544245793587,0.37780120256958344,0.4379924865550676,0.4169591698867085,0.4146926864834332,0.42252520924147163,0.34093139473843864,0.398278048197782,0.4114401315906815,0.4322820167944773,0.37106432998688565,0.40586052495078423,0.4123986501692153,0.3914713319469649
