0.0,0.2592750593680561,0.0,0.0,0.0,0.0,0.0,0.3423906192958216,0.0,0.0,0.0,0.0,0.0,0.0,0.25736850191706223,0.2808263604591781,0.27220515931374073,0.2533595125522964,0.0,0.2768267387206726,0.30231649673710614,0.25970884914173303,0.3170527563343146,0.2849898633422494,0.2439691115855089,0.2557904822513952,0.0,0.3030493539343646,0.3110858994512687,0.0,0.26321031560833796,0.3183134336574152,0.2557077461211652,0.2583751621796844,0.29931540456628264,0.0,0.0,0.0,0.31351640003008524,0.25657982637125787,0.2886771161845506,0.34407676339395443,0.0,0.0,0.0,0.2582340794942598,0.31418599313882545,0.0,0.0,0.0,0.0,0.0,0.0,0.0,0.0,0.0,0.0,0.0,0.0,0.0,0.29775870598035925,0.0,0.2651098646697719,0.0,0.0,0.0,0.3043329771975562,0.0,0.23425570661602857,0.2725929004500661,0.2931355777789596,0.0,0.0,0.0,0.0,0.2859435156932933
0.2592750593680561,0.0,0.0,0.0,0.0,0.26173370209120167,0.27675366949761976,0.3204354758056583,0.0,0.0,0.0,0.0,0.27200839285696193,0.0,0.2734558121402526,0.27437103372720745,0.0,0.2623397979338317,0.0,0.2798400675461495,0.26714399902585845,0.245702867407585,0.2938727838369385,0.0,0.23739132494121643,0.2651310631739036,0.2871563147949946,0.28321734522072,0.27115315916951965,0.0,0.2510370664051591,0.3087084492512266,0.27057464524770963,0.24093984408899377,0.28536132912295104,0.0,0.0,0.0,0.3260632004898913,0.30203710166953307,0.3137224346414436,0.34324990960439117,0.0,0.0,0.0,0.31047368698335986,0.32602648311299354,0.0,0.0,0.0,0.0,0.0,0.0,0.0,0.0,0.0,0.0,0.0,0.0,0.0,0.31438158926349663,0.0,0.0,0.0,0.3172192138268815,0.31124583641608855,0.3142258445725345,0.3231880616542848,0.0,0.0,0.32147546308142627,0.3274683494311943,0.0,0.0,0.0,0.30894178336558914
0.0,0.0,0.0,0.0,0.2618000675462684,0.2579660198776519,0.28430769752750545,0.3121017455149906,0.1643830374239376,0.0,0.18909651537201544,0.0,0.2961524899770487,0.3457083906987978,0.0,0.0,0.0,0.0,0.16571123463414528,0.0,0.0,0.0,0.20343424609354532,0.0,0.0,0.0,0.22652629823070553,0.30670577433507207,0.0,0.0,0.31791785092626157,0.30887711688617164,0.0,0.3156478160698691,0.0,0.3058842570436742,0.31605776836017696,0.0,0.0,0.0,0.0,0.0,0.300067862726273,0.0,0.0,0.0,0.0,0.2114994877175173,0.0,0.0,0.35822029068617917,0.0,0.36442407010572925,0.3589850278718878,0.0,0.3165588412485411,0.0,0.0,0.34865157512950845,0.0,0.0,0.0,0.0,0.1331362062642747,0.0,0.0,0.0,0.37697094032692596,0.0,0.0,0.0,0.3705546565984214,0.0,0.0,0.0,0.0
0.0,0.0,0.0,0.0,0.1522482312932025,0.28824562863470743,0.1647091240261771,0.0,0.0,0.09404077315115557,0.2363137400738399,0.0,0.17594589900578353,0.1387414381583405,0.34335342599423085,0.0,0.0,0.0,0.2767262123355365,0.0,0.0,0.33500459154420187,0.2977106327196592,0.0,0.0,0.0,0.0,0.14496226198462508,0.0,0.0,0.0,0.19471901586780807,0.0,0.12201727969259366,0.25629726097999067,0.11124549804148819,0.11439087720202731,0.0,0.0,0.0,0.0,0.0,0.0,0.0,0.0,0.0,0.0,0.0,0.0,0.0,0.0,0.0,0.0,0.0,0.0,0.0,0.0,0.0,0.0,0.0,0.0,0.0,0.0,0.0,0.0,0.0,0.0,0.0,0.0,0.0,0.0,0.0,0.0,0.0,0.0,0.0
0.0,0.0,0.2618000675462684,0.1522482312932025,0.0,0.25682858074274884,0.21461864922325966,0.23309959809687578,0.21979883058345265,0.29433110483555963,0.2245795058964756,0.24916591610937652,0.2408925547807921,0.187327247669455,0.0,0.0,0.0,0.0,0.28059043410563067,0.0,0.0,0.0,0.2719633987201993,0.0,0.0,0.0,0.2659477314179924,0.253367213538728,0.0,0.0,0.2818389310599487,0.2652296301085404,0.23261634480284926,0.24891104066487196,0.19097326371601087,0.15332394033850005,0.15937270044509047,0.2487093995459879,0.0,0.0,0.0,0.0,0.0,0.0,0.0,0.0,0.0,0.36059026678401934,0.0,0.0,0.0,0.0,0.0,0.0,0.0,0.23140084362377153,0.0,0.0,0.0,0.0,0.0,0.0,0.0,0.0,0.0,0.0,0.0,0.35496761916245767,0.0,0.0,0.0,0.0,0.0,0.0,0.0,0.0
0.0,0.26173370209120167,0.2579660198776519,0.28824562863470743,0.25682858074274884,0.0,0.2546502061842165,0.314426353313025,0.23535594437310817,0.3013718453147078,0.26641675523322134,0.0,0.24553082216440422,0.3352895019041589,0.27320840888661274,0.28850860979745435,0.0,0.2795718695982325,0.2575480736324871,0.2671532193586297,0.2792935605617455,0.27952413178868035,0.26236561060487357,0.0,0.26383837717189634,0.2687239917239489,0.24596674435565993,0.24373493795423595,0.21418347752519898,0.2977429448524364,0.29664315865974233,0.30913375219523714,0.0,0.310502602700591,0.2989419186106533,0.31544655361608753,0.3058409560474916,0.0,0.3232632707109062,0.0,0.0,0.0,0.32780477014299686,0.0,0.0,0.0,0.0,0.3764903203510023,0.0,0.0,0.3579293124429334,0.38387549778852986,0.3534774650930394,0.3675945370145775,0.0,0.35276854957930087,0.0,0.3762466562597286,0.0,0.0,0.0,0.0,0.0,0.3684899893405991,0.0,0.0,0.0,0.37704332693726994,0.0,0.0,0.0,0.35929095791918975,0.0,0.0,0.0,0.3832717147883112
0.0,0.27675366949761976,0.28430769752750545,0.1647091240261771,0.21461864922325966,0.2546502061842165,0.0,0.2754165556587586,0.24154047101293175,0.27926547042089966,0.2870087015457815,0.23876183861236416,0.212388769902014,0.24665116890925573,0.0,0.2983906388293491,0.0,0.0,0.28990792259965725,0.2819925566993127,0.0,0.28896944116040174,0.29339409884490075,0.0,0.0,0.0,0.2766068432340681,0.24796900491161888,0.26820657756806016,0.0,0.2627170907371429,0.25699299980079815,0.0,0.2521993824059903,0.15918483233828912,0.1913365623943248,0.18237430232864368,0.21167778871963477,0.0,0.0,0.0,0.0,0.0,0.0,0.0,0.0,0.0,0.0,0.0,0.0,0.3776517025176114,0.0,0.0,0.0,0.0,0.0,0.0,0.0,0.0,0.0,0.0,0.0,0.0,0.0,0.0,0.0,0.0,0.3463637517297998,0.0,0.0,0.0,0.3504362567438146,0.0,0.0,0.0,0.0
0.3423906192958216,0.3204354758056583,0.3121017455149906,0.0,0.23309959809687578,0.314426353313025,0.2754165556587586,0.0,0.32500222613733215,0.0,0.2024221838096173,0.0,0.3018130358356369,0.24416473558458884,0.29907236250979324,0.33776887696810737,0.0,0.3253380088972102,0.24671279696673007,0.2632849918096857,0.2653397483718106,0.3151868397354103,0.2402106322553833,0.3535989795002603,0.34329749145960836,0.33632585352411254,0.30755354463203427,0.3091124548531221,0.2688528579147099,0.30544200684910816,0.31378280910072237,0.28197738367571795,0.335393040985618,0.3338132687874564,0.0,0.1749930784664264,0.30405662719926063,0.0,0.32911219865446323,0.0,0.0,0.0,0.19534359771822724,0.0,0.0,0.0,0.0,0.3420351361993655,0.0,0.0,0.0,0.0,0.2709249482312378,0.3333699734656055,0.0,0.2788838540863366,0.0,0.0,0.2738227124049594,0.0,0.0,0.0,0.0,0.336690287547092,0.30827362918194184,0.0,0.0,0.3366707445348244,0.0,0.0,0.0,0.3202204655218807,0.0,0.0,0.0,0.0
0.0,0.0,0.1643830374239376,0.0,0.21979883058345265,0.23535594437310817,0.24154047101293175,0.32500222613733215,0.0,0.30932227808028534,0.20516256351016246,0.0,0.2677362131892044,0.32162578819761034,0.0,0.0,0.0,0.0,0.17800352706478728,0.0,0.0,0.0,0.2650776512495942,0.0,0.0,0.0,0.22609741349585805,0.30032246687880876,0.0,0.0,0.3045085453972336,0.2964323735554022,0.0,0.30736937414309246,0.2931436934750629,0.29247620150944476,0.29275199174180977,0.0,0.0,0.0,0.0,0.0,0.2975758499680762,0.0,0.0,0.0,0.0,0.3673507718722054,0.0,0.3587990990490644,0.3491433928762987,0.0,0.3605436855643658,0.3784053531176522,0.0,0.32908228900953995,0.0,0.4090750121555725,0.32185445375253013,0.0,0.0,0.0,0.0,0.35227776570386204,0.0,0.0,0.0,0.35691908372582204,0.0,0.0,0.0,0.34638098328054073,0.0,0.4447205078498788,0.0,0.0
0.0,0.0,0.0,0.09404077315115557,0.29433110483555963,0.3013718453147078,0.27926547042089966,0.0,0.30932227808028534,0.0,0.3031552129633616,0.22322830776502306,0.27705964380780196,0.08644374286127894,0.0,0.26620479036875905,0.23027128642269307,0.2519177575340886,0.31141162532921723,0.0,0.34826143330141873,0.0,0.32082622206473094,0.2378707177307551,0.24703491062898283,0.2293353327607638,0.3075671068743591,0.2736001708524769,0.0,0.0,0.24404559659425334,0.27217377916550684,0.23038724728319565,0.23224221093961397,0.23678748609423403,0.16516188112737135,0.14850914418346414,0.2254017440287081,0.2233143505595567,0.22807207846925964,0.241842374605242,0.23785630667228375,0.0,0.0,0.21249104366850094,0.0,0.0,0.0,0.0,0.0,0.0,0.0,0.0,0.0,0.2638096170502349,0.0,0.2585043136620099,0.0,0.0,0.0,0.0,0.2758627317214088,0.2666741567396224,0.0,0.0,0.0,0.0,0.0,0.2739341884961796,0.2760879761722152,0.28704992800096174,0.0,0.27986893912145494,0.0,0.0,0.26148250512375076
0.0,0.0,0.18909651537201544,0.2363137400738399,0.2245795058964756,0.26641675523322134,0.2870087015457815,0.2024221838096173,0.20516256351016246,0.3031552129633616,0.0,0.2787569522158666,0.29310010470062275,0.21466358038727013,0.0,0.0,0.0,0.0,0.19670273996020626,0.0,0.0,0.0,0.18240251575409427,0.30908713174558655,0.0,0.0,0.2675504262120166,0.28366338355216264,0.0,0.0,0.29082000416792225,0.26956962640006227,0.2817799191583481,0.2908094857031913,0.24632125694797002,0.19354506686134904,0.27002117439103385,0.2707333245735406,0.0,0.0,0.0,0.0,0.22965377691971248,0.0,0.0,0.0,0.0,0.315297448049669,0.0,0.2916672175014453,0.0,0.3432372787850134,0.2693023602560417,0.3016876431126143,0.0,0.19221661315472768,0.0,0.3538244708800971,0.253205263187804,0.0,0.0,0.0,0.0,0.17876122042749698,0.0,0.0,0.0,0.32477029154741,0.0,0.0,0.0,0.3298506566716437,0.37652708083337644,0.0,0.0,0.0
0.0,0.0,0.0,0.0,0.24916591610937652,0.0,0.23876183861236416,0.0,0.0,0.22322830776502306,0.2787569522158666,0.0,0.2626810593828585,0.0,0.0,0.0,0.26202470981038534,0.0,0.3313865378848789,0.0,0.0,0.0,0.3590189077923612,0.2077934302403273,0.24658282111878033,0.1903594346891146,0.0,0.25152975068828226,0.0,0.0,0.2460779212228752,0.21008007528456807,0.196773253092252,0.1894991092092479,0.19253741512437858,0.2072503186286219,0.22404198102671935,0.17574860474076262,0.17387675887730517,0.2358495117311151,0.2525712409130783,0.0,0.0,0.0,0.19859692868991982,0.0,0.0,0.0,0.0,0.0,0.0,0.0,0.0,0.0,0.2661189737440489,0.0,0.26247623501789835,0.0,0.0,0.0,0.0,0.2806959620029715,0.2626657187572015,0.0,0.0,0.0,0.0,0.0,0.2719713429682259,0.27996919221757516,0.28968032007538447,0.0,0.0,0.0,0.0,0.25662968785908474
0.0,0.27200839285696193,0.2961524899770487,0.17594589900578353,0.2408925547807921,0.24553082216440422,0.212388769902014,0.3018130358356369,0.2677362131892044,0.27705964380780196,0.29310010470062275,0.2626810593828585,0.0,0.25847549413035364,0.3051203523496417,0.3004518265551423,0.0,0.2899387576464733,0.2953479887255619,0.2849621255095287,0.3070846865006566,0.2946397466608194,0.311890074892425,0.27909270155655524,0.2783224532949304,0.2749797845508871,0.2981438503844695,0.229883731825184,0.26271564005578985,0.2538730480716487,0.2703648038610825,0.2668003539353827,0.24687278728298148,0.2632493122707362,0.2451522612524855,0.2294152829372216,0.20520250435468781,0.2473541287673299,0.33877768254023366,0.0,0.0,0.0,0.0,0.0,0.0,0.0,0.0,0.39257747113021185,0.0,0.0,0.3567975524035553,0.0,0.3429172010465975,0.0,0.0,0.3372006580224577,0.0,0.42034977789751815,0.0,0.0,0.0,0.0,0.0,0.0,0.0,0.0,0.0,0.3497437476888208,0.0,0.0,0.0,0.34624660872790497,0.4021778494194016,0.0,0.0,0.43001762977444674
0.0,0.0,0.3457083906987978,0.1387414381583405,0.187327247669455,0.3352895019041589,0.24665116890925573,0.24416473558458884,0.32162578819761034,0.08644374286127894,0.21466358038727013,0.0,0.25847549413035364,0.0,0.0,0.0,0.0,0.0,0.256968316674537,0.0,0.0,0.0,0.30325196985523584,0.0,0.0,0.0,0.32233850485150684,0.17574876496299194,0.0,0.0,0.2353673033992052,0.1297740072206231,0.0,0.2482101465200877,0.0,0.1367008943386575,0.10765717529231907,0.0,0.0,0.0,0.0,0.0,0.16978524466476133,0.0,0.0,0.0,0.0,0.0,0.0,0.0,0.0,0.0,0.0,0.0,0.0,0.0,0.0,0.0,0.0,0.0,0.0,0.0,0.0,0.0,0.0,0.0,0.0,0.0,0.0,0.0,0.0,0.0,0.0,0.0,0.0,0.0
0.25736850191706223,0.2734558121402526,0.0,0.34335342599423085,0.0,0.27320840888661274,0.0,0.29907236250979324,0.0,0.0,0.0,0.0,0.3051203523496417,0.0,0.0,0.28050362216636165,0.0,0.2639716066067154,0.0,0.21874479996656931,0.2643578080262256,0.2469307597681672,0.24750112539721977,0.0,0.2534381152909465,0.27386902446694567,0.24762380258228356,0.2798282719728283,0.2890838107566608,0.0,0.2889783527349236,0.32996292954900763,0.2807398976465038,0.2995116912507598,0.31615812800816007,0.35498448151866546,0.0,0.0,0.3349073507120502,0.30032468738306173,0.0,0.0,0.0,0.0,0.0,0.0,0.0,0.0,0.0,0.0,0.0,0.0,0.0,0.0,0.0,0.0,0.0,0.0,0.0,0.3101706378503555,0.0,0.0,0.0,0.0,0.3244824744749033,0.34070142166391515,0.3080299264193882,0.3057714330218475,0.0,0.0,0.0,0.3222629251033018,0.0,0.0,0.0,0.0
0.2808263604591781,0.27437103372720745,0.0,0.0,0.0,0.28850860979745435,0.2983906388293491,0.33776887696810737,0.0,0.26620479036875905,0.0,0.0,0.3004518265551423,0.0,0.28050362216636165,0.0,0.24832617724314127,0.2122000784425448,0.0,0.2964344543241639,0.2819931124122971,0.2668990225954212,0.30602681215296107,0.26914332383627965,0.24611251327144057,0.2898041871960722,0.30595681740961206,0.30410237787379196,0.29604422369690236,0.0,0.24760569899872137,0.30469244921094435,0.25501060585978486,0.23823471272799782,0.26400933721760406,0.0,0.0,0.0,0.3350191971446889,0.2957800528325148,0.3122157042839885,0.3383451120286461,0.0,0.0,0.0,0.31847544074871403,0.3313543517037058,0.0,0.0,0.0,0.0,0.0,0.0,0.0,0.0,0.0,0.0,0.0,0.0,0.3212375375667187,0.31538889270341786,0.0,0.2726366651623551,0.0,0.3295895310640164,0.32075498775680894,0.31899477947784816,0.0,0.0,0.2858201470047055,0.31932768873507156,0.0,0.0,0.0,0.0,0.3064921762980151
0.27220515931374073,0.0,0.0,0.0,0.0,0.0,0.0,0.0,0.0,0.23027128642269307,0.0,0.26202470981038534,0.0,0.0,0.0,0.24832617724314127,0.0,0.22255513567788848,0.0,0.0,0.0,0.0,0.0,0.2630422595973921,0.24096834722544863,0.24686917188685356,0.0,0.0,0.0,0.0,0.25256030505879484,0.3199157302056255,0.26195919104260645,0.26421389140265306,0.2863643693654,0.0,0.0,0.24949347074435757,0.31681656749720255,0.2582702819557963,0.2960790714646956,0.0,0.0,0.0,0.0,0.0,0.0,0.0,0.0,0.0,0.0,0.0,0.0,0.0,0.2718742714710285,0.0,0.28477249143162403,0.0,0.0,0.0,0.0,0.28394068599597716,0.29103268002895905,0.0,0.0,0.0,0.0,0.0,0.3061212595551087,0.2751509521433969,0.3043433114300544,0.0,0.0,0.0,0.0,0.0
0.2533595125522964,0.2623397979338317,0.0,0.0,0.0,0.2795718695982325,0.0,0.3253380088972102,0.0,0.2519177575340886,0.0,0.0,0.2899387576464733,0.0,0.2639716066067154,0.2122000784425448,0.22255513567788848,0.0,0.0,0.28106056535448537,0.2678796993694701,0.2689247541543315,0.28904056974703535,0.2510512314491685,0.2342116642465957,0.2418401080582476,0.2885082435434068,0.28944709645546296,0.28030535335055523,0.0,0.2550407795207204,0.3011174915964557,0.25106394771873647,0.26442535029846825,0.2845608289831378,0.0,0.0,0.0,0.29768071962514914,0.26713462702310914,0.2872821444613787,0.3090360648387804,0.0,0.0,0.0,0.2751010492990385,0.30208009224877663,0.0,0.0,0.0,0.0,0.0,0.0,0.0,0.2840049872405796,0.0,0.2976885061530365,0.0,0.0,0.0,0.2816808802309746,0.2715155149665823,0.2736179387558465,0.0,0.0,0.0,0.3020572686342228,0.0,0.2972160128262921,0.27536993556109157,0.29325443957071323,0.0,0.0,0.0,0.0,0.27140684883816163
0.0,0.0,0.16571123463414528,0.2767262123355365,0.28059043410563067,0.2575480736324871,0.28990792259965725,0.24671279696673007,0.17800352706478728,0.31141162532921723,0.19670273996020626,0.3313865378848789,0.2953479887255619,0.256968316674537,0.0,0.0,0.0,0.0,0.0,0.0,0.0,0.0,0.18768896314819916,0.0,0.0,0.0,0.24481268186309574,0.29400838150029995,0.0,0.0,0.30992566608141536,0.2923013168274242,0.0,0.30675458325998245,0.28566763791904354,0.28340907455479714,0.2932760669691356,0.3209945945434383,0.36933692649367833,0.0,0.0,0.0,0.23662592169927027,0.0,0.0,0.0,0.0,0.36164868133976147,0.0,0.3536390652486667,0.3623006585935735,0.4025615718968079,0.35869235771457963,0.34357220965106383,0.0,0.2502933908580735,0.0,0.4289156058127887,0.27500143560000917,0.0,0.0,0.0,0.0,0.3294277097027889,0.0,0.0,0.0,0.37119812242703887,0.0,0.0,0.0,0.3530607641250169,0.5101578138857022,0.36926351592260254,0.0,0.0
0.2768267387206726,0.2798400675461495,0.0,0.0,0.0,0.2671532193586297,0.2819925566993127,0.2632849918096857,0.0,0.0,0.0,0.0,0.2849621255095287,0.0,0.21874479996656931,0.2964344543241639,0.0,0.28106056535448537,0.0,0.0,0.27140007496457774,0.2359408593777643,0.19815203986128765,0.0,0.2681835868498078,0.2884813080255656,0.24005995370913,0.2746113998923616,0.22985224279771982,0.0,0.259044961070576,0.341629816869747,0.30139888039095636,0.29635903021301296,0.32470629738766865,0.3665120370421415,0.0,0.0,0.3188116768651733,0.291300399092462,0.0,0.0,0.0,0.0,0.0,0.0,0.0,0.0,0.0,0.0,0.0,0.0,0.0,0.0,0.0,0.0,0.0,0.0,0.0,0.30930666394561046,0.0,0.0,0.0,0.0,0.316001675044953,0.3059322704944935,0.2976305303627562,0.31761669173206847,0.0,0.0,0.0,0.3189000846354523,0.0,0.31629387190468683,0.0,0.0
0.30231649673710614,0.26714399902585845,0.0,0.0,0.0,0.2792935605617455,0.0,0.2653397483718106,0.0,0.34826143330141873,0.0,0.0,0.3070846865006566,0.0,0.2643578080262256,0.2819931124122971,0.0,0.2678796993694701,0.0,0.27140007496457774,0.0,0.26714208596457767,0.26648654900767454,0.34500258728796956,0.2754160521633278,0.2539902655486455,0.2956477757397714,0.3038546274115056,0.27358865029033447,0.3228339896779528,0.262999816963422,0.3167700929631833,0.277498525429732,0.2832879795508169,0.3117850887049059,0.3688923278256165,0.0,0.0,0.33656349342532244,0.28633649691271607,0.3227513350782302,0.36191767131798486,0.0,0.0,0.0,0.0,0.31850508586785764,0.0,0.0,0.0,0.0,0.0,0.26178056613821343,0.0,0.0,0.0,0.0,0.0,0.0,0.2926137005415023,0.32104112660291484,0.0,0.0,0.0,0.3047975147319658,0.23937053955396553,0.31446225884120355,0.2861315933068602,0.0,0.0,0.34629185896918796,0.3019806777237763,0.0,0.3140803371625373,0.0,0.0
0.25970884914173303,0.245702867407585,0.0,0.33500459154420187,0.0,0.27952413178868035,0.28896944116040174,0.3151868397354103,0.0,0.0,0.0,0.0,0.2946397466608194,0.0,0.2469307597681672,0.2668990225954212,0.0,0.2689247541543315,0.0,0.2359408593777643,0.26714208596457767,0.0,0.2985042862598589,0.0,0.25256440171931527,0.25549668375384016,0.2946765181632603,0.293020534002693,0.2709344146501599,0.2700415064319763,0.2558658645981265,0.3337035945998418,0.2950163610013556,0.2785952613852314,0.32268831179927576,0.3769835492884505,0.0,0.0,0.3133131101219748,0.29249223367613986,0.3090893830009616,0.3284551715476486,0.0,0.0,0.0,0.3227944281147864,0.31276296309596385,0.0,0.0,0.0,0.0,0.0,0.33730372421013144,0.0,0.0,0.0,0.0,0.0,0.0,0.30044245908781697,0.31203611940698367,0.0,0.0,0.0,0.3089751684014202,0.29493401577097933,0.3068907495258333,0.3099309777696413,0.0,0.0,0.31878074645381504,0.32168276286755043,0.0,0.0,0.0,0.3153094603129525
0.3170527563343146,0.2938727838369385,0.20343424609354532,0.2977106327196592,0.2719633987201993,0.26236561060487357,0.29339409884490075,0.2402106322553833,0.2650776512495942,0.32082622206473094,0.18240251575409427,0.3590189077923612,0.311890074892425,0.30325196985523584,0.24750112539721977,0.30602681215296107,0.0,0.28904056974703535,0.18768896314819916,0.19815203986128765,0.26648654900767454,0.2985042862598589,0.0,0.33907004203133795,0.2870880141171148,0.3009942255216469,0.2256243197136212,0.31525739098894906,0.29039347401909615,0.3152980080931113,0.32061046250615843,0.31958225698749676,0.0,0.3304472241492962,0.3182944253480513,0.3305287881962903,0.30967705159352826,0.0,0.341990585456957,0.0,0.3522107743978493,0.36481303597151044,0.2692064437927058,0.0,0.0,0.0,0.0,0.3679831426234679,0.0,0.3445321151262405,0.3561134278028619,0.3641290799697454,0.3439326087067725,0.3627615094776117,0.0,0.3189573351871959,0.0,0.3563091791812782,0.31291275220068293,0.31850104220536773,0.0,0.0,0.0,0.34420530051034237,0.325521839662006,0.30641830983228074,0.0,0.3792878057434911,0.0,0.0,0.0,0.34914220833698123,0.35497857275066874,0.33636812705923325,0.0,0.36018997228403293
0.2849898633422494,0.0,0.0,0.0,0.0,0.0,0.0,0.3535989795002603,0.0,0.2378707177307551,0.30908713174558655,0.2077934302403273,0.27909270155655524,0.0,0.0,0.26914332383627965,0.2630422595973921,0.2510512314491685,0.0,0.0,0.34500258728796956,0.0,0.33907004203133795,0.0,0.24994560621256043,0.23430909844457468,0.0,0.2842804728192251,0.0,0.0,0.2659503059822157,0.2427298970465409,0.19417333765904052,0.2055472896339868,0.20727270526999395,0.18851878899935623,0.19932309833827658,0.2054761082934306,0.31603526453770203,0.24287782566304894,0.2637448855191055,0.2742156031523037,0.0,0.0,0.2222367375202757,0.28052055391039277,0.0,0.0,0.0,0.0,0.0,0.0,0.0,0.0,0.2759054904678042,0.0,0.27359266281004696,0.0,0.0,0.0,0.2828658562180812,0.2894878405189155,0.29832865849915935,0.0,0.0,0.0,0.0,0.0,0.2910142149472309,0.29297113632056726,0.3089742948728175,0.0,0.0,0.0,0.0,0.2581750847571741
0.2439691115855089,0.23739132494121643,0.0,0.0,0.0,0.26383837717189634,0.0,0.34329749145960836,0.0,0.24703491062898283,0.0,0.24658282111878033,0.2783224532949304,0.0,0.2534381152909465,0.24611251327144057,0.24096834722544863,0.2342116642465957,0.0,0.2681835868498078,0.2754160521633278,0.25256440171931527,0.2870880141171148,0.24994560621256043,0.0,0.21382401103579315,0.2793325899389972,0.28640421718939757,0.2742067465546022,0.0,0.2560754149133215,0.30052535407428427,0.23215535290351091,0.26187609534283646,0.28148944705530127,0.0,0.0,0.25179286231449033,0.29930378201664076,0.27239000788679874,0.2855843050557593,0.3062348564585127,0.0,0.0,0.0,0.27447226451976814,0.2904644305864369,0.0,0.0,0.0,0.0,0.0,0.0,0.0,0.2937809333928525,0.0,0.2993762951336111,0.0,0.0,0.0,0.277987048541674,0.2829720821178588,0.2791395393851816,0.0,0.0,0.0,0.2933284961366574,0.0,0.29720588904349443,0.2840112642822556,0.2997181327480686,0.0,0.0,0.0,0.0,0.2738004311889134
0.2557904822513952,0.2651310631739036,0.0,0.0,0.0,0.2687239917239489,0.0,0.33632585352411254,0.0,0.2293353327607638,0.0,0.1903594346891146,0.2749797845508871,0.0,0.27386902446694567,0.2898041871960722,0.24686917188685356,0.2418401080582476,0.0,0.2884813080255656,0.2539902655486455,0.25549668375384016,0.3009942255216469,0.23430909844457468,0.21382401103579315,0.0,0.2956688919958482,0.28144370627322934,0.27646154954936714,0.0,0.2595650336707139,0.305697875213564,0.22693869411798126,0.26029944515489406,0.2919613504989436,0.33107395279894297,0.0,0.2476755568120458,0.30730887879203395,0.2862554309243336,0.30376590236538514,0.3031598615228848,0.0,0.0,0.0,0.278145645764053,0.2716156185921054,0.0,0.0,0.0,0.0,0.0,0.0,0.0,0.30057477279788697,0.0,0.3053866883263279,0.0,0.0,0.0,0.280735490993881,0.2973796373311467,0.2947482787547396,0.0,0.0,0.0,0.34317597777333986,0.0,0.312837781688908,0.2969841602887541,0.31169884238348566,0.0,0.0,0.0,0.0,0.2837355796568467
0.0,0.2871563147949946,0.22652629823070553,0.0,0.2659477314179924,0.24596674435565993,0.2766068432340681,0.30755354463203427,0.22609741349585805,0.3075671068743591,0.2675504262120166,0.0,0.2981438503844695,0.32233850485150684,0.24762380258228356,0.30595681740961206,0.0,0.2885082435434068,0.24481268186309574,0.24005995370913,0.2956477757397714,0.2946765181632603,0.2256243197136212,0.0,0.2793325899389972,0.2956688919958482,0.0,0.30713964384997994,0.2616169919310261,0.3068899304063615,0.30875932959068836,0.3275295402212864,0.2954593221177181,0.3228581395000958,0.3221788732056884,0.34861145400301635,0.3116566481425032,0.0,0.34446099861333784,0.0,0.0,0.0,0.3119047238226739,0.0,0.0,0.0,0.0,0.38268998486877853,0.0,0.35150379792200526,0.35040916300938074,0.0,0.34562557335465277,0.3734330365428777,0.0,0.3442551362678547,0.0,0.3586882555382067,0.3643732008452901,0.0,0.0,0.0,0.0,0.3745496834634925,0.3317990731287984,0.0,0.0,0.37258717570643013,0.0,0.0,0.0,0.3473021720591127,0.3515439212628244,0.0,0.0,0.0
0.3030493539343646,0.28321734522072,0.30670577433507207,0.14496226198462508,0.253367213538728,0.24373493795423595,0.24796900491161888,0.3091124548531221,0.30032246687880876,0.2736001708524769,0.28366338355216264,0.25152975068828226,0.229883731825184,0.17574876496299194,0.2798282719728283,0.30410237787379196,0.0,0.28944709645546296,0.29400838150029995,0.2746113998923616,0.3038546274115056,0.293020534002693,0.31525739098894906,0.2842804728192251,0.28640421718939757,0.28144370627322934,0.30713964384997994,0.0,0.22265291829812847,0.22109965307920412,0.26168255164758264,0.2683595202080083,0.24472320881870274,0.2584311034713487,0.2474291959072524,0.2015886808297971,0.17556623120125298,0.24109180540052627,0.32666234308488784,0.0,0.3664313956605376,0.0,0.0,0.0,0.0,0.0,0.0,0.4280101197167151,0.0,0.0,0.3491228181342067,0.0,0.3314069819278387,0.0,0.0,0.0,0.0,0.3984983295511736,0.0,0.0,0.0,0.0,0.0,0.0,0.33490372809991975,0.33206768150785737,0.0,0.34898270936400105,0.0,0.0,0.0,0.34755505978578555,0.3646455587683368,0.33637053696580266,0.0,0.3733675005610347
0.3110858994512687,0.27115315916951965,0.0,0.0,0.0,0.21418347752519898,0.26820657756806016,0.2688528579147099,0.0,0.0,0.0,0.0,0.26271564005578985,0.0,0.2890838107566608,0.29604422369690236,0.0,0.28030535335055523,0.0,0.22985224279771982,0.27358865029033447,0.2709344146501599,0.29039347401909615,0.0,0.2742067465546022,0.27646154954936714,0.2616169919310261,0.22265291829812847,0.0,0.26760709266336324,0.2491210922103231,0.31646442889508886,0.0,0.27803674367783954,0.29885593089657847,0.34505792249524125,0.0,0.0,0.32928700217750356,0.0,0.34702928266498895,0.0,0.0,0.0,0.0,0.0,0.0,0.42912005424517563,0.0,0.0,0.3339459992921075,0.0,0.31423151208413796,0.0,0.0,0.0,0.0,0.374381146326581,0.0,0.31427270664836876,0.0,0.0,0.0,0.0,0.321223126758004,0.30053879991710425,0.0,0.32326729116546055,0.0,0.0,0.0,0.3277518585630699,0.33784587021753953,0.3245946172375016,0.0,0.34508269543948517
0.0,0.0,0.0,0.0,0.0,0.2977429448524364,0.0,0.30544200684910816,0.0,0.0,0.0,0.0,0.2538730480716487,0.0,0.0,0.0,0.0,0.0,0.0,0.0,0.3228339896779528,0.2700415064319763,0.3152980080931113,0.0,0.0,0.0,0.3068899304063615,0.22109965307920412,0.26760709266336324,0.0,0.24758336510901444,0.29015140580202087,0.0,0.26505253928097405,0.0,0.0,0.0,0.0,0.34731516414020497,0.2189847437582748,0.4333644008456523,0.0,0.0,0.0,0.0,0.0,0.0,0.0,0.0,0.0,0.3865621795135448,0.0,0.39566434282300167,0.0,0.0,0.0,0.0,0.6806916084482302,0.0,0.0,0.0,0.0,0.0,0.0,0.3272826981084173,0.0,0.0,0.3438983395053815,0.0,0.0,0.0,0.34366627287996815,0.0,0.0,0.0,0.0
0.26321031560833796,0.2510370664051591,0.31791785092626157,0.0,0.2818389310599487,0.29664315865974233,0.2627170907371429,0.31378280910072237,0.3045085453972336,0.24404559659425334,0.29082000416792225,0.2460779212228752,0.2703648038610825,0.2353673033992052,0.2889783527349236,0.24760569899872137,0.25256030505879484,0.2550407795207204,0.30992566608141536,0.259044961070576,0.262999816963422,0.2558658645981265,0.32061046250615843,0.2659503059822157,0.2560754149133215,0.2595650336707139,0.30875932959068836,0.26168255164758264,0.2491210922103231,0.24758336510901444,0.0,0.27308729034634577,0.23482469167965375,0.18140071716868478,0.20753596361550825,0.24339210286023272,0.2085171019826472,0.2227760885950643,0.3173846831451298,0.27520259487739634,0.29081377544183606,0.32839993885628604,0.0,0.0,0.2284799104327026,0.305923330281014,0.32424613633620547,0.0,0.0,0.0,0.3544974838792911,0.0,0.32391853365363565,0.0,0.27545485677677667,0.0,0.26254978314503985,0.0,0.0,0.3032529382636207,0.319763887885137,0.28252879783655893,0.27619087441776247,0.0,0.3315187778397611,0.30916871537149976,0.30254247062472583,0.34252229854994976,0.2844258532680922,0.28055683132842013,0.29801739283882966,0.3423393484898109,0.3571604228280907,0.3425017812351015,0.0,0.3068792304349614
0.3183134336574152,0.3087084492512266,0.30887711688617164,0.19471901586780807,0.2652296301085404,0.30913375219523714,0.25699299980079815,0.28197738367571795,0.2964323735554022,0.27217377916550684,0.26956962640006227,0.21008007528456807,0.2668003539353827,0.1297740072206231,0.32996292954900763,0.30469244921094435,0.3199157302056255,0.3011174915964557,0.2923013168274242,0.341629816869747,0.3167700929631833,0.3337035945998418,0.31958225698749676,0.2427298970465409,0.30052535407428427,0.305697875213564,0.3275295402212864,0.2683595202080083,0.31646442889508886,0.29015140580202087,0.27308729034634577,0.0,0.2503059086193094,0.2363619008568946,0.2723229949293533,0.19458070546267098,0.22504873037910864,0.18507775265748722,0.24733920555933603,0.29875394048971715,0.2933703263058425,0.2538047473517424,0.3400670712920014,0.0,0.18388076839389036,0.33521051647934713,0.33882426089278567,0.37057654424782643,0.0,0.0,0.352394926455692,0.0,0.3486422138807227,0.0,0.31693199728563537,0.0,0.1776793942781428,0.3573958629688844,0.0,0.3305316549647529,0.32391925122713666,0.3357380787547459,0.29738371296920113,0.0,0.33533674548691983,0.3364405056091263,0.32896702665581895,0.3399647356447121,0.33847587084393777,0.3060951760410904,0.32870750724708014,0.3450161618136297,0.3456853894104862,0.34868553953423914,0.350072865142398,0.32152415784319993
0.2557077461211652,0.27057464524770963,0.0,0.0,0.23261634480284926,0.0,0.0,0.335393040985618,0.0,0.23038724728319565,0.2817799191583481,0.196773253092252,0.24687278728298148,0.0,0.2807398976465038,0.25501060585978486,0.26195919104260645,0.25106394771873647,0.0,0.30139888039095636,0.277498525429732,0.2950163610013556,0.0,0.19417333765904052,0.23215535290351091,0.22693869411798126,0.2954593221177181,0.24472320881870274,0.0,0.0,0.23482469167965375,0.2503059086193094,0.0,0.17215879233603265,0.24096557318297807,0.1938686129346419,0.18664063803071174,0.15973054780866308,0.25293517081844485,0.24219505945782366,0.2874548679916675,0.3300201941683563,0.0,0.0,0.1673400044444585,0.28498575345750865,0.32153790031689805,0.0,0.0,0.0,0.0,0.0,0.0,0.0,0.2319150414066708,0.0,0.2184511753300611,0.0,0.0,0.312312532409688,0.30267270938267,0.26560805710189145,0.2710872577956253,0.0,0.31194844586703063,0.30604048112286664,0.3152570591604705,0.0,0.22127957502288012,0.2744567999463193,0.2943663081390331,0.2847995896800228,0.0,0.31707664828846677,0.0,0.2658143313601603
0.2583751621796844,0.24093984408899377,0.3156478160698691,0.12201727969259366,0.24891104066487196,0.310502602700591,0.2521993824059903,0.3338132687874564,0.30736937414309246,0.23224221093961397,0.2908094857031913,0.1894991092092479,0.2632493122707362,0.2482101465200877,0.2995116912507598,0.23823471272799782,0.26421389140265306,0.26442535029846825,0.30675458325998245,0.29635903021301296,0.2832879795508169,0.2785952613852314,0.3304472241492962,0.2055472896339868,0.26187609534283646,0.26029944515489406,0.3228581395000958,0.2584311034713487,0.27803674367783954,0.26505253928097405,0.18140071716868478,0.2363619008568946,0.17215879233603265,0.0,0.12884727357301906,0.23882676662404095,0.14957728136063536,0.16970768991476132,0.22186945228418947,0.274380520277881,0.2929392104970497,0.268390169398272,0.0,0.0,0.1944918115470934,0.29034838080024783,0.31061896193131244,0.0,0.0,0.0,0.354840204863181,0.0,0.34163149931543085,0.0,0.2453324867571284,0.0,0.2537964894601274,0.0,0.0,0.32134926074746367,0.303105797507272,0.2835881505428898,0.2841337184744661,0.0,0.3447797832526973,0.32448896542461897,0.3023954190534574,0.3515090698270122,0.24880650908206475,0.28306600965851036,0.29682087761111503,0.353028591188225,0.35601966002773355,0.3464114509324987,0.0,0.28747982043694725
0.29931540456628264,0.28536132912295104,0.0,0.25629726097999067,0.19097326371601087,0.2989419186106533,0.15918483233828912,0.0,0.2931436934750629,0.23678748609423403,0.24632125694797002,0.19253741512437858,0.2451522612524855,0.0,0.31615812800816007,0.26400933721760406,0.2863643693654,0.2845608289831378,0.28566763791904354,0.32470629738766865,0.3117850887049059,0.32268831179927576,0.3182944253480513,0.20727270526999395,0.28148944705530127,0.2919613504989436,0.3221788732056884,0.2474291959072524,0.29885593089657847,0.0,0.20753596361550825,0.2723229949293533,0.24096557318297807,0.12884727357301906,0.0,0.30691447781637204,0.21167255089034243,0.1699730023845425,0.2602642254379916,0.29529587941425883,0.27821350023800806,0.28699699943213447,0.0,0.0,0.0,0.2932046133783556,0.3421414131657967,0.0,0.0,0.0,0.0,0.0,0.0,0.0,0.0,0.0,0.0,0.0,0.0,0.3260717348722342,0.3227974690663584,0.0,0.3045274591621431,0.0,0.3380170442606735,0.31663187392584896,0.32502268771682763,0.3204212859313017,0.0,0.3018342905909044,0.3269748256086564,0.0,0.0,0.0,0.0,0.0
0.0,0.0,0.3058842570436742,0.11124549804148819,0.15332394033850005,0.31544655361608753,0.1913365623943248,0.1749930784664264,0.29247620150944476,0.16516188112737135,0.19354506686134904,0.2072503186286219,0.2294152829372216,0.1367008943386575,0.35498448151866546,0.0,0.0,0.0,0.28340907455479714,0.3665120370421415,0.3688923278256165,0.3769835492884505,0.3305287881962903,0.18851878899935623,0.0,0.33107395279894297,0.34861145400301635,0.2015886808297971,0.34505792249524125,0.0,0.24339210286023272,0.19458070546267098,0.1938686129346419,0.23882676662404095,0.30691447781637204,0.0,0.14632757929374562,0.17670520003232568,0.2961194094703611,0.0,0.0,0.0,0.1465324013375137,0.0,0.0,0.0,0.0,0.0,0.0,0.0,0.36110977755274437,0.0,0.3562973602111865,0.0,0.0,0.0,0.0,0.0,0.0,0.40900749370501766,0.3358051880821588,0.0,0.0,0.0,0.4099679866705703,0.0,0.36745621047939553,0.3550502502876989,0.0,0.0,0.0,0.36320340554780506,0.0,0.0,0.0,0.0
0.0,0.0,0.31605776836017696,0.11439087720202731,0.15937270044509047,0.3058409560474916,0.18237430232864368,0.30405662719926063,0.29275199174180977,0.14850914418346414,0.27002117439103385,0.22404198102671935,0.20520250435468781,0.10765717529231907,0.0,0.0,0.0,0.0,0.2932760669691356,0.0,0.0,0.0,0.30967705159352826,0.19932309833827658,0.0,0.0,0.3116566481425032,0.17556623120125298,0.0,0.0,0.2085171019826472,0.22504873037910864,0.18664063803071174,0.14957728136063536,0.21167255089034243,0.14632757929374562,0.0,0.20063567733591509,0.20335508362375093,0.0,0.0,0.0,0.0,0.0,0.0,0.0,0.0,0.0,0.0,0.0,0.545310256984757,0.0,0.0,0.0,0.0,0.0,0.0,0.0,0.0,0.0,0.0,0.0,0.0,0.0,0.0,0.0,0.0,0.40232486052203836,0.0,0.0,0.0,0.42472107055395053,0.0,0.0,0.0,0.0
0.0,0.0,0.0,0.0,0.2487093995459879,0.0,0.21167778871963477,0.0,0.0,0.2254017440287081,0.2707333245735406,0.17574860474076262,0.2473541287673299,0.0,0.0,0.0,0.24949347074435757,0.0,0.3209945945434383,0.0,0.0,0.0,0.0,0.2054761082934306,0.25179286231449033,0.2476755568120458,0.0,0.24109180540052627,0.0,0.0,0.2227760885950643,0.18507775265748722,0.15973054780866308,0.16970768991476132,0.1699730023845425,0.17670520003232568,0.20063567733591509,0.0,0.1673485019042497,0.17672268950343878,0.2186896251656569,0.0,0.0,0.0,0.15433460739718047,0.0,0.0,0.0,0.0,0.0,0.0,0.0,0.0,0.0,0.22913518819687154,0.0,0.19849755445896747,0.0,0.0,0.0,0.0,0.0,0.0,0.0,0.0,0.0,0.0,0.0,0.2236284709635735,0.0,0.0,0.0,0.0,0.0,0.0,0.23251973255519026
0.31351640003008524,0.3260632004898913,0.0,0.0,0.0,0.3232632707109062,0.0,0.32911219865446323,0.0,0.2233143505595567,0.0,0.17387675887730517,0.33877768254023366,0.0,0.3349073507120502,0.3350191971446889,0.31681656749720255,0.29768071962514914,0.36933692649367833,0.3188116768651733,0.33656349342532244,0.3133131101219748,0.341990585456957,0.31603526453770203,0.29930378201664076,0.30730887879203395,0.34446099861333784,0.32666234308488784,0.32928700217750356,0.34731516414020497,0.3173846831451298,0.24733920555933603,0.25293517081844485,0.22186945228418947,0.2602642254379916,0.2961194094703611,0.20335508362375093,0.1673485019042497,0.0,0.23041933396114667,0.2355993317937685,0.2445507733098403,0.18149596270461751,0.2196017517983741,0.17473051401632572,0.29435729080606904,0.31199975078031084,0.32092682331322625,0.16164706155009304,0.24953299887190186,0.3211036923002576,0.2688700832421449,0.3075374176287608,0.30482675367756035,0.24845813591610147,0.2961328912891172,0.19490059624549164,0.2693689491186592,0.14469453401856647,0.3225031563882537,0.3015227431058652,0.3089792728492977,0.29917215282492626,0.31483711171928636,0.3308800192552252,0.3045325941083809,0.3404278457138996,0.2943818911055332,0.2532715727870545,0.2894080121707332,0.30085334828471433,0.31117859448935975,0.2683439886152631,0.3248802307235246,0.31293656890435945,0.2932879909234973
0.25657982637125787,0.30203710166953307,0.0,0.0,0.0,0.0,0.0,0.0,0.0,0.22807207846925964,0.0,0.2358495117311151,0.0,0.0,0.30032468738306173,0.2957800528325148,0.2582702819557963,0.26713462702310914,0.0,0.291300399092462,0.28633649691271607,0.29249223367613986,0.0,0.24287782566304894,0.27239000788679874,0.2862554309243336,0.0,0.0,0.0,0.2189847437582748,0.27520259487739634,0.29875394048971715,0.24219505945782366,0.274380520277881,0.29529587941425883,0.0,0.0,0.17672268950343878,0.23041933396114667,0.0,0.15830117630524498,0.2026951522833926,0.2112681576554415,0.20518488521974795,0.1455591641094555,0.20624106170608453,0.2534673194460395,0.0,0.0,0.28117008978590374,0.27944235669794976,0.2847044391503861,0.0,0.0,0.2033255060464893,0.3083744773313862,0.1716433552461704,0.2585247844115005,0.0,0.2683268311769139,0.25915856945921,0.23254428554982481,0.22577807726431923,0.0,0.274386965603685,0.24849376673728263,0.2926033409752566,0.2559961022234691,0.16465742731476593,0.21445598514912387,0.2275245107068149,0.2679683513420055,0.24939937701115236,0.28981062087474285,0.0,0.2196417627168627
0.2886771161845506,0.3137224346414436,0.0,0.0,0.0,0.0,0.0,0.0,0.0,0.241842374605242,0.0,0.2525712409130783,0.0,0.0,0.0,0.3122157042839885,0.2960790714646956,0.2872821444613787,0.0,0.0,0.3227513350782302,0.3090893830009616,0.3522107743978493,0.2637448855191055,0.2855843050557593,0.30376590236538514,0.0,0.3664313956605376,0.34702928266498895,0.4333644008456523,0.29081377544183606,0.2933703263058425,0.2874548679916675,0.2929392104970497,0.27821350023800806,0.0,0.0,0.2186896251656569,0.2355993317937685,0.15830117630524498,0.0,0.22778862513370984,0.2704517798828463,0.18433930091891462,0.16170342395088536,0.2554646754925993,0.2765717636798084,0.32631561256792985,0.1119636811652884,0.2763269925246672,0.2992324705382501,0.2752859505818901,0.30634187114339834,0.31021727570859564,0.20930132113299654,0.3003959446650017,0.18956992663626365,0.26653615803485253,0.2344168641393436,0.3018331356219023,0.24984026178418417,0.25735216862490207,0.25549784451553204,0.30646170047810783,0.27628849917023185,0.28916537114153146,0.27849326054680595,0.3055872606610145,0.19820272282268922,0.2481866981566406,0.267211478158177,0.3033815922035333,0.24878195497818695,0.2761104208094171,0.2203161620296744,0.1810450723707421
0.34407676339395443,0.34324990960439117,0.0,0.0,0.0,0.0,0.0,0.0,0.0,0.23785630667228375,0.0,0.0,0.0,0.0,0.0,0.3383451120286461,0.0,0.3090360648387804,0.0,0.0,0.36191767131798486,0.3284551715476486,0.36481303597151044,0.2742156031523037,0.3062348564585127,0.3031598615228848,0.0,0.0,0.0,0.0,0.32839993885628604,0.2538047473517424,0.3300201941683563,0.268390169398272,0.28699699943213447,0.0,0.0,0.0,0.2445507733098403,0.2026951522833926,0.22778862513370984,0.0,0.2926424132712201,0.2082624347023316,0.1812392835966554,0.32240340210715734,0.3444046195589473,0.32089445971596686,0.14982792923867216,0.2151282417423224,0.3223846969742249,0.2537106776612219,0.31643630773437276,0.3123565387825706,0.23483232500306342,0.2802400951687958,0.189248783644757,0.2670503841092048,0.0,0.3365897822387221,0.3023673903813689,0.29534542074925935,0.29061075480776405,0.2979632092498874,0.3272476359122334,0.3421584078910824,0.3368572411208103,0.321247612831177,0.20601551355768036,0.28270297302281555,0.3136208010096627,0.3261048370337397,0.24192274587114176,0.30441758566190513,0.2528433966211335,0.17202134065769678
0.0,0.0,0.300067862726273,0.0,0.0,0.32780477014299686,0.0,0.19534359771822724,0.2975758499680762,0.0,0.22965377691971248,0.0,0.0,0.16978524466476133,0.0,0.0,0.0,0.0,0.23662592169927027,0.0,0.0,0.0,0.2692064437927058,0.0,0.0,0.0,0.3119047238226739,0.0,0.0,0.0,0.0,0.3400670712920014,0.0,0.0,0.0,0.1465324013375137,0.0,0.0,0.18149596270461751,0.2112681576554415,0.2704517798828463,0.2926424132712201,0.0,0.1348939417214557,0.19809481961486858,0.0,0.0,0.3036440923440117,0.1241322499505011,0.1703891289542204,0.31742094588494235,0.21090618958237914,0.22370014279022257,0.29502442928624606,0.2538588823417553,0.22082473099218697,0.23123758184098292,0.21674525532349853,0.149831966938391,0.37339891693474525,0.0,0.0,0.0,0.29037954048044406,0.3731529210430743,0.0,0.3780492365899757,0.28185239718453386,0.26206139641102755,0.23454313935995613,0.36753671730731186,0.3167306896390996,0.17416039032683647,0.2749912080208452,0.24370506257149688,0.24674745207036375
