0.0,0.25420782649088225,0.47998645046344834,0.0,0.0,0.0,0.0,0.3583320804471336,0.0,0.2504621273138976,0.0,0.3009445252876059,0.3351777972468356,0.0,0.26536015901643323,0.26616918056945776,0.2581811420487274,0.25399762042290114,0.0,0.3038066192212993,0.2863691596356646,0.2704925585516061,0.3313672758171274,0.2916697506438169,0.24248332609858594,0.2635814749592656,0.32237091363228526,0.3241057437428321,0.3206888301731117,0.0,0.2678447562907982,0.27975363247111723,0.2116810778988858,0.25409974181306294,0.28369578541032175,0.0,0.0,0.0,0.2906837929199981,0.2695105248701473,0.2870126190505702,0.3226119667695461,0.0,0.0,0.0,0.25265357763426977,0.30404732108692223,0.0,0.0,0.0,0.31958245517022804,0.0,0.2900286698577609,0.0,0.0,0.0,0.0,0.0,0.0,0.31128126446828186,0.28441704437766735,0.0,0.28923422143396915,0.0,0.26111119078158834,0.26608712605474816,0.27236981882414707,0.3180149556133637,0.255915129148178,0.2772786986685994,0.298278990158129,0.2847584596745904,0.0,0.28413705028126907,0.0,0.2925727322266257
0.25420782649088225,0.0,0.0,0.0,0.0,0.27060095684594027,0.2913550343299324,0.3145178911250716,0.0,0.29137586622132094,0.0,0.0,0.2877620250430117,0.0,0.28745436109166644,0.27970159761924585,0.0,0.2740688958329295,0.0,0.2851099235870271,0.252816071296023,0.26361822535708956,0.2981689666875703,0.0,0.2556024212883875,0.2758700869202598,0.2824879125590279,0.2878415038285554,0.27833633901254073,0.0,0.2609004663478199,0.2699204485317714,0.22808891736092118,0.2540201685877862,0.2909286349514995,0.0,0.0,0.0,0.29887706811097053,0.28611183766280696,0.2838493232634434,0.30577296433726475,0.0,0.0,0.0,0.2896631980156714,0.2978940351016443,0.0,0.0,0.0,0.30438595247620365,0.0,0.0,0.0,0.0,0.0,0.0,0.0,0.0,0.3197476734443412,0.2933769304933288,0.0,0.29391360067106265,0.0,0.3030365392257624,0.2985646085059962,0.2997450610957459,0.3302805072898968,0.0,0.2870914346038224,0.31695903006012394,0.3141255889838398,0.0,0.3015019230752281,0.0,0.28226558621621284
0.47998645046344834,0.0,0.0,0.30452298232643776,0.27746866842136386,0.24985076044423685,0.29862588176899696,0.31125905859857533,0.20513381313998744,0.3075481212541519,0.20834625631665007,0.0,0.3081457293196342,0.30241976067205956,0.0,0.41521705943403303,0.0,0.0,0.1737940146899291,0.0,0.37624471259285835,0.31995237045214536,0.215474672911791,0.0,0.0,0.402355545059847,0.23014177947879866,0.31614222396235275,0.3076056651331834,0.35537215034015,0.3224282441912481,0.30358319227497393,0.0,0.3180666619327063,0.32158033820542253,0.27862370548577353,0.30810632253322573,0.0,0.3427270013441424,0.0,0.4000294155641743,0.0,0.30802538492254283,0.0,0.0,0.0,0.0,0.3438792860924512,0.0,0.3596056745646126,0.3422777199437372,0.3766636250260153,0.35193119973361137,0.36028346781727105,0.0,0.320069149466068,0.0,0.3739689048527365,0.321835595845168,0.0,0.0,0.0,0.0,0.31571311324427376,0.0,0.0,0.0,0.35485544319459195,0.0,0.0,0.0,0.35895256943108017,0.3881868269459476,0.0,0.0,0.401866862476624
0.0,0.0,0.30452298232643776,0.0,0.1741673463264901,0.2944567568873862,0.20559452747573428,0.23466407685182358,0.2835725643352951,0.0,0.25885516912668416,0.0,0.22850065841564351,0.18652967546039043,0.0,0.0,0.0,0.0,0.2944849135103953,0.0,0.0,0.0,0.28109853518744976,0.0,0.0,0.0,0.291622589823079,0.1783564993682592,0.0,0.0,0.21695891813944745,0.21186069788987658,0.0,0.17101157433832048,0.18557238503592294,0.12937702389238898,0.12101687084700861,0.0,0.0,0.0,0.0,0.0,0.0,0.0,0.0,0.0,0.0,0.0,0.0,0.0,0.0,0.0,0.0,0.0,0.0,0.0,0.0,0.0,0.0,0.0,0.0,0.0,0.0,0.0,0.0,0.0,0.0,0.0,0.0,0.0,0.0,0.0,0.0,0.0,0.0,0.0
0.0,0.0,0.27746866842136386,0.1741673463264901,0.0,0.2836977659861755,0.2485688136066858,0.26170012829787215,0.2580717663711071,0.3014909776668008,0.23531979581303986,0.2883696795040687,0.277959857242836,0.20590648996731206,0.0,0.0,0.3572558694193663,0.34652227865829227,0.2643768993694782,0.0,0.34402742555216587,0.3124325248142392,0.2798777791568598,0.0,0.3162720977066092,0.3322088096272715,0.2913074116836918,0.26407847408694696,0.3008827586606023,0.2810228747892973,0.31501166782056045,0.2560627761368666,0.0,0.30907765659716535,0.2766787540898646,0.15605679880135598,0.15293153921211616,0.0,0.0,0.0,0.0,0.0,0.24902145858342858,0.0,0.0,0.0,0.0,0.3523323403146881,0.0,0.3341481074744856,0.3528932852459578,0.0,0.32611888692222085,0.37593526406482813,0.0,0.31560563282924975,0.0,0.0,0.3072332230474377,0.0,0.0,0.0,0.0,0.33481952457949943,0.0,0.0,0.0,0.33963035029217503,0.0,0.0,0.0,0.353250680024529,0.0,0.0,0.0,0.0
0.0,0.27060095684594027,0.24985076044423685,0.2944567568873862,0.2836977659861755,0.0,0.29221431602648035,0.28914417609689574,0.23566248457791472,0.306650271424059,0.27447943894956356,0.0,0.2747339572589435,0.3034042629878359,0.2922830951305234,0.2999438546745962,0.0,0.28964912026779255,0.27106512693095397,0.2903375384702512,0.2854820902775048,0.3025313936022173,0.2898616648879525,0.0,0.2640660084675204,0.276696792977746,0.2657592758499233,0.267957976098364,0.2424206578392021,0.2934921576621277,0.2918881220053621,0.2972810286615254,0.27258892965768494,0.3014342001145737,0.3142528157188847,0.30302592141111334,0.29487760857748474,0.0,0.3081520149506459,0.0,0.3300154471497399,0.0,0.30320192489984227,0.0,0.0,0.0,0.35644400389470937,0.3451742073876366,0.0,0.3647603551922051,0.32679657995419076,0.34253947437009025,0.31364432538801107,0.34481608781995693,0.0,0.3352184658629971,0.0,0.3332063308025008,0.3222057231449683,0.0,0.0,0.0,0.0,0.342621200694488,0.0,0.3409063598759887,0.3341984424185507,0.34218088650470135,0.0,0.0,0.0,0.3362660855495222,0.3349201069851394,0.31993264500845686,0.0,0.3326550091767938
0.0,0.2913550343299324,0.29862588176899696,0.20559452747573428,0.2485688136066858,0.29221431602648035,0.0,0.2879184962058612,0.28426251452962653,0.2805591726159237,0.2921115450969698,0.25611389383223454,0.25606251612366254,0.23596212801426808,0.0,0.3176521340823091,0.3124017432016921,0.30703064265603036,0.30342974607089596,0.31258454393568175,0.3173592756711541,0.3288336326799695,0.29906821078670864,0.2565159693740789,0.29081130452939546,0.299000213825057,0.30061534213327856,0.26441739935592434,0.30564435433218706,0.3051663634578396,0.2967341948079409,0.269111927802914,0.0,0.27806272943947935,0.22409416686848493,0.21842939753738952,0.20419076499848343,0.22477153729724567,0.0,0.0,0.0,0.0,0.3002914349942905,0.0,0.0,0.0,0.0,0.3810416641831902,0.0,0.0,0.35359532265585836,0.0,0.36007515878925905,0.4028017335782342,0.0,0.38348202552133703,0.0,0.0,0.0,0.0,0.0,0.0,0.0,0.39912767129362825,0.0,0.0,0.0,0.3389758754256184,0.0,0.0,0.0,0.3481396381753393,0.0,0.3746851160488487,0.0,0.0
0.3583320804471336,0.3145178911250716,0.31125905859857533,0.23466407685182358,0.26170012829787215,0.28914417609689574,0.2879184962058612,0.0,0.31917484327126566,0.0,0.22973614144113386,0.0,0.3004760719860331,0.26849889684536155,0.26348541517308993,0.3216151663638451,0.0,0.32426868582863805,0.2905689978074746,0.31030566685753624,0.30081825001174645,0.3167754153319617,0.2678043713644931,0.37122977161922627,0.3082615705079234,0.32910236302462686,0.31165035652899303,0.3168320357554624,0.28403188063749396,0.332877020611567,0.3172658165452155,0.297947055675863,0.3102471268680535,0.3255035398544703,0.32097004158666076,0.1506481849439401,0.2472982705879028,0.0,0.29331340008823614,0.0,0.3322507941310616,0.32036668400159896,0.2927079738846774,0.0,0.0,0.0,0.3081019657012673,0.32717078157122365,0.0,0.3253990412098674,0.31791670666894517,0.3409145408680589,0.22922586118578128,0.34590283650353865,0.0,0.3082198789393871,0.0,0.31730634496360405,0.26915468547670474,0.0,0.0,0.0,0.0,0.31369729641242344,0.34030508005636734,0.28403060396776464,0.0,0.3277209381708564,0.0,0.0,0.3947247058833385,0.3383031126937405,0.33022818796930087,0.32281003138509246,0.0,0.3344710265916652
0.0,0.0,0.20513381313998744,0.2835725643352951,0.2580717663711071,0.23566248457791472,0.28426251452962653,0.31917484327126566,0.0,0.30739742373391676,0.2145370751600231,0.3037109872169681,0.2851559859574776,0.28885803779974795,0.0,0.31395835053684024,0.41766327407514475,0.0,0.179784909523044,0.2825053344699994,0.0,0.3078954033117842,0.2836056697204675,0.3268634296015494,0.323213756827095,0.0,0.2581593917464156,0.3088864832899162,0.2824101538318114,0.0,0.3160316247509568,0.2999666228231158,0.0,0.31368215575772956,0.3088081851513059,0.2806776386925542,0.29811370835409523,0.0,0.3271476244592662,0.0,0.0,0.0,0.3017761480821132,0.0,0.0,0.0,0.0,0.35962912958654025,0.0,0.3767427561392228,0.3354186513042619,0.38248406626553494,0.33343714388344464,0.3789541620378812,0.0,0.33902638698152626,0.0,0.0,0.3185716710088043,0.0,0.0,0.0,0.0,0.34700788652924625,0.0,0.0,0.0,0.35590304461179617,0.0,0.0,0.0,0.35180293190759926,0.0,0.0,0.0,0.0
0.2504621273138976,0.29137586622132094,0.3075481212541519,0.0,0.3014909776668008,0.306650271424059,0.2805591726159237,0.0,0.30739742373391676,0.0,0.30282505381456876,0.19318171864376582,0.28445937335555105,0.2927966887490783,0.0,0.0,0.23030579230212442,0.24794688762551365,0.3131059852864246,0.0,0.0,0.0,0.30515238384918286,0.20961474391552654,0.23811640464705505,0.244571914890381,0.301241399090297,0.258315087287168,0.0,0.0,0.23748743169065606,0.21611824120943376,0.206169897825996,0.20007434857810713,0.20148934175158845,0.25384998265536013,0.22442947077980943,0.17482600992623368,0.2268841249040677,0.24995866192142235,0.23406524053560648,0.277414216118067,0.0,0.0,0.21315106865752745,0.2914586653429079,0.3061014419423014,0.0,0.0,0.0,0.0,0.30645420736953366,0.0,0.0,0.30888191790600855,0.0,0.30870359241158907,0.30433698106062673,0.0,0.0,0.30883238090697784,0.30762263079678565,0.29607520173602364,0.0,0.0,0.0,0.3105220366012466,0.0,0.2987354761939536,0.30338768374336617,0.31693373714842593,0.0,0.2695075880031765,0.0,0.0,0.2681290666867014
0.0,0.0,0.20834625631665007,0.25885516912668416,0.23531979581303986,0.27447943894956356,0.2921115450969698,0.22973614144113386,0.2145370751600231,0.30282505381456876,0.0,0.0,0.2959870636498654,0.22795495734703058,0.0,0.0,0.3721864099706892,0.4091466364011345,0.19135926065506068,0.0,0.0,0.0,0.1781199331426582,0.0,0.36220440302773915,0.0,0.260937189228542,0.2935598472816212,0.0,0.0,0.29445205412961506,0.2698872733941827,0.0,0.3019700684077573,0.27268098780537525,0.20349407409311107,0.2722448244772878,0.0,0.28000686481159576,0.0,0.0,0.0,0.26608838092175097,0.0,0.0,0.0,0.0,0.2785021796161333,0.0,0.27759903479388215,0.33148198706035154,0.32633911556302153,0.2971603612044135,0.327081636751985,0.0,0.18310480598678902,0.0,0.33397751362913874,0.2664228230046835,0.0,0.0,0.0,0.0,0.21158747080671625,0.0,0.0,0.0,0.3312197729168112,0.0,0.0,0.0,0.3375660415215804,0.33956175725014537,0.0,0.0,0.0
0.3009445252876059,0.0,0.0,0.0,0.2883696795040687,0.0,0.25611389383223454,0.0,0.3037109872169681,0.19318171864376582,0.0,0.0,0.2641024995028252,0.0,0.0,0.0,0.23494386615488286,0.2631121846370674,0.0,0.0,0.0,0.0,0.0,0.19748158813693362,0.2487570343660432,0.23632216029109326,0.0,0.2165239756433099,0.0,0.0,0.2296724761105871,0.1709942645373982,0.17415020171631826,0.14553845602244822,0.16459188493366794,0.1675122371822199,0.19422053586088311,0.1353635370685806,0.222247869521499,0.26725443417998745,0.2711835142181233,0.2148644936575281,0.0,0.0,0.3175886416598484,0.0,0.35655545578262765,0.0,0.0,0.0,0.0,0.0,0.0,0.0,0.324537637517712,0.0,0.3196780764273544,0.3091212286061949,0.0,0.0,0.34595038814289264,0.31731690815730673,0.3050365872014157,0.0,0.0,0.0,0.0,0.0,0.3164609733401398,0.3143616633280489,0.32464550831577393,0.0,0.30281496691432747,0.0,0.0,0.28839129307450734
0.3351777972468356,0.2877620250430117,0.3081457293196342,0.22850065841564351,0.277959857242836,0.2747339572589435,0.25606251612366254,0.3004760719860331,0.2851559859574776,0.28445937335555105,0.2959870636498654,0.2641024995028252,0.0,0.2679743940868201,0.3010910004762081,0.31583480488233456,0.3042553314202252,0.30592835806499663,0.3069819682601917,0.3050534379755892,0.3028611678194819,0.3218917061579582,0.3086279885830313,0.28252790278495493,0.2930066572817351,0.30390540910680297,0.3030635963270338,0.2544410584140129,0.2805092682512123,0.29666569622580247,0.27793801767933557,0.2777703151956112,0.30714764710515163,0.2842925513908913,0.25684145325593666,0.24660778013224796,0.23609091969281829,0.24555089438602437,0.29983554747112956,0.0,0.0,0.0,0.0,0.0,0.0,0.0,0.0,0.3795586311159499,0.0,0.0,0.3470186351751216,0.0,0.3248439019586089,0.40936876347346157,0.2732375760671312,0.0,0.0,0.0,0.0,0.0,0.0,0.0,0.5296412333435403,0.0,0.3615811039501903,0.0,0.0,0.3429144187408379,0.0,0.39057612590290713,0.37731124472478655,0.34041162382668083,0.0,0.0,0.0,0.0
0.0,0.0,0.30241976067205956,0.18652967546039043,0.20590648996731206,0.3034042629878359,0.23596212801426808,0.26849889684536155,0.28885803779974795,0.2927966887490783,0.22795495734703058,0.0,0.2679743940868201,0.0,0.0,0.0,0.0,0.0,0.2701470616043445,0.0,0.3231349306641234,0.0,0.2978870269277012,0.0,0.37722971018613627,0.36014113572718254,0.3074713968371614,0.19500624517098206,0.0,0.0,0.2675893062034687,0.14392991778203584,0.10803997358075745,0.2700511096116865,0.0,0.1441598887325345,0.1251795900713044,0.0,0.0,0.0,0.0,0.0,0.2481917779151573,0.0,0.0,0.0,0.0,0.33857442634200124,0.0,0.26584245589857525,0.0,0.0,0.0,0.0,0.0,0.28873932436412614,0.0,0.0,0.24609583490715242,0.0,0.0,0.0,0.0,0.31570442826928524,0.0,0.0,0.0,0.302778820594785,0.0,0.0,0.0,0.0,0.0,0.0,0.0,0.0
0.26536015901643323,0.28745436109166644,0.0,0.0,0.0,0.2922830951305234,0.0,0.26348541517308993,0.0,0.0,0.0,0.0,0.3010910004762081,0.0,0.0,0.2930092014367787,0.0,0.2658760171316436,0.0,0.2588211613291725,0.2700957832687432,0.2838978839332997,0.2785571382093196,0.3559898787655955,0.2606777515236707,0.26081819762799574,0.3002529750818111,0.2866552010704033,0.2759109991798745,0.0,0.2877450297541295,0.30193365626865215,0.2709309028197478,0.29875634743059154,0.3296114718715685,0.32160406747892173,0.33659898270548433,0.0,0.32163374801542427,0.30756060466086294,0.32729495661925534,0.354238243538636,0.0,0.0,0.0,0.2518611957103046,0.33681816717545227,0.36335088092574924,0.0,0.0,0.31837339783873986,0.0,0.2970501821136311,0.0,0.0,0.0,0.0,0.0,0.0,0.3306750362908473,0.0,0.0,0.0,0.0,0.3212253313095758,0.30534694979791216,0.34195710726458667,0.3220959720874443,0.0,0.3524334515655357,0.34653485932007766,0.33025737448799874,0.3436537343091092,0.3106568573672014,0.0,0.3316712566986145
0.26616918056945776,0.27970159761924585,0.41521705943403303,0.0,0.0,0.2999438546745962,0.3176521340823091,0.3216151663638451,0.31395835053684024,0.0,0.0,0.0,0.31583480488233456,0.0,0.2930092014367787,0.0,0.2616844183280872,0.22660974093246786,0.0,0.29469557121967954,0.2737901705113919,0.28776177506354034,0.30525926302840856,0.2671245989302125,0.2623888684633343,0.2870582649534773,0.30323003317211034,0.3045960512556603,0.3055243019887904,0.3056522968244488,0.2745238481661788,0.30453077301739073,0.2743622999038841,0.2881275409657906,0.33062679824778335,0.0,0.0,0.0,0.29672672123730787,0.2825673101110818,0.29966397697114433,0.0,0.0,0.0,0.0,0.2905511513910786,0.31422250871322643,0.0,0.0,0.0,0.384366683372301,0.0,0.0,0.0,0.0,0.0,0.0,0.0,0.0,0.32970255938537374,0.2952259724556292,0.0,0.2660432669779721,0.0,0.3259834101285209,0.3241931087608922,0.3164195184320473,0.39624806689573133,0.0,0.2764914721644305,0.3181777631894054,0.35843110992177585,0.0,0.3407023407795661,0.0,0.28340578807824773
0.2581811420487274,0.0,0.0,0.0,0.3572558694193663,0.0,0.3124017432016921,0.0,0.41766327407514475,0.23030579230212442,0.3721864099706892,0.23494386615488286,0.3042553314202252,0.0,0.0,0.2616844183280872,0.0,0.2412736389772982,0.0,0.0,0.0,0.0,0.0,0.24779337285100086,0.24084526454526484,0.2579340059592722,0.0,0.29282687494035003,0.0,0.0,0.2662217578584571,0.28873859938781926,0.23927178022629028,0.2507605815577278,0.26246069419986406,0.2942705811965434,0.0,0.21715381729964248,0.269179839615032,0.26253198538810446,0.2885959834319121,0.0,0.0,0.0,0.0,0.0,0.28275130466804826,0.0,0.0,0.0,0.0,0.0,0.0,0.0,0.31914594081789055,0.0,0.30734859284485916,0.0,0.0,0.0,0.2978787691332848,0.307162633041644,0.2893933099021581,0.0,0.0,0.0,0.0,0.0,0.3243967388657833,0.2959578028918199,0.3106984827231741,0.0,0.0,0.0,0.0,0.29276272573308587
0.25399762042290114,0.2740688958329295,0.0,0.0,0.34652227865829227,0.28964912026779255,0.30703064265603036,0.32426868582863805,0.0,0.24794688762551365,0.4091466364011345,0.2631121846370674,0.30592835806499663,0.0,0.2658760171316436,0.22660974093246786,0.2412736389772982,0.0,0.0,0.28216913098034585,0.26147914442777853,0.29334317131359205,0.2962035162192566,0.2521169338673341,0.24408194317510373,0.2645838194018096,0.2905121769938249,0.3002633302443205,0.29377873324075093,0.0,0.26695409643271,0.29034178087325185,0.25080343610441336,0.2702990722013546,0.28011828428570823,0.3132513218588082,0.0,0.0,0.2727883005788082,0.2556876546655787,0.26982642400085516,0.29962685110266035,0.0,0.0,0.0,0.2736074579017779,0.2925804955049341,0.0,0.0,0.0,0.0,0.0,0.0,0.0,0.31161119442482,0.0,0.29940144813149683,0.0,0.0,0.3631864978494173,0.26950016699608625,0.3195418415783533,0.285912825512989,0.0,0.0,0.3130341147926092,0.29040525065680556,0.0,0.31168786635616796,0.2780180194970675,0.2941328079779542,0.0,0.0,0.0,0.0,0.27217608425357254
0.0,0.0,0.1737940146899291,0.2944849135103953,0.2643768993694782,0.27106512693095397,0.30342974607089596,0.2905689978074746,0.179784909523044,0.3131059852864246,0.19135926065506068,0.0,0.3069819682601917,0.2701470616043445,0.0,0.0,0.0,0.0,0.0,0.0,0.0,0.0,0.162805209901463,0.0,0.0,0.0,0.27020838978211575,0.30698277582370925,0.0,0.0,0.31150496968157776,0.28969238839680234,0.0,0.3102919504021083,0.29354883874483456,0.2499726582245757,0.29456266749517324,0.0,0.34312630824407797,0.0,0.0,0.0,0.2844345320353806,0.0,0.0,0.0,0.0,0.33836295611212186,0.0,0.3502257591885342,0.3427077420651915,0.3883115929223596,0.34146298849590995,0.3534891903551593,0.0,0.2942927751552695,0.0,0.0,0.30260635553483295,0.0,0.0,0.0,0.0,0.32548427577161465,0.0,0.0,0.0,0.3676652439632541,0.0,0.0,0.0,0.36077523068084216,0.0,0.0,0.0,0.0
0.3038066192212993,0.2851099235870271,0.0,0.0,0.0,0.2903375384702512,0.31258454393568175,0.31030566685753624,0.2825053344699994,0.0,0.0,0.0,0.3050534379755892,0.0,0.2588211613291725,0.29469557121967954,0.0,0.28216913098034585,0.0,0.0,0.27954975452864606,0.2673672913633894,0.2524918864484672,0.0,0.274917933957366,0.29775809749179816,0.25467248055627273,0.2753454329769723,0.25217714087178106,0.19481247685994502,0.27439051866662273,0.3032205849591551,0.27799984736070316,0.292580531665848,0.32205410930568934,0.0,0.32323416600980304,0.0,0.31927289657888147,0.0,0.3384855126398216,0.0,0.0,0.0,0.0,0.0,0.3107735217287127,0.0,0.0,0.0,0.32478142118122866,0.0,0.33532813291994634,0.0,0.0,0.0,0.0,0.0,0.0,0.3197519788412226,0.0,0.0,0.0,0.0,0.3204435434091798,0.30199435685816767,0.3291551919205437,0.3288280557547336,0.0,0.0,0.32768328338567015,0.3293445771768138,0.34117253616319965,0.31647765200809364,0.0,0.34743509648827264
0.2863691596356646,0.252816071296023,0.37624471259285835,0.0,0.34402742555216587,0.2854820902775048,0.3173592756711541,0.30081825001174645,0.0,0.0,0.0,0.0,0.3028611678194819,0.3231349306641234,0.2700957832687432,0.2737901705113919,0.0,0.26147914442777853,0.0,0.27954975452864606,0.0,0.2816639257506853,0.29385271250310946,0.3550225730533913,0.25839825318000337,0.26466047804097387,0.29893129853432016,0.3037266539527677,0.2629122928577889,0.3217703897450308,0.253752154672184,0.2790844488889179,0.22691276019539067,0.2695626986408248,0.3166792347632285,0.3126326026911864,0.0,0.0,0.3208716509567437,0.29399305175588714,0.33188719951311135,0.0,0.0,0.0,0.0,0.1978178850212525,0.31540313531887393,0.2971555209890603,0.0,0.0,0.321075004489883,0.0,0.30113012673082007,0.0,0.0,0.0,0.0,0.3736744473524077,0.0,0.3158792576359249,0.30470303222842426,0.0,0.0,0.0,0.3188470490138398,0.2542150860066447,0.3239028915809955,0.33045291609812516,0.0,0.29782170956656895,0.331084031150557,0.33935907707967883,0.3408325024106629,0.3254437085378585,0.0,0.3470735902599382
0.2704925585516061,0.26361822535708956,0.31995237045214536,0.0,0.3124325248142392,0.3025313936022173,0.3288336326799695,0.3167754153319617,0.3078954033117842,0.0,0.0,0.0,0.3218917061579582,0.0,0.2838978839332997,0.28776177506354034,0.0,0.29334317131359205,0.0,0.2673672913633894,0.2816639257506853,0.0,0.31357932554127294,0.0,0.2731944977229917,0.27478057564989694,0.30168333367039873,0.29906159699683427,0.28856910853952883,0.28733151795628714,0.2756489262271051,0.30007489829120876,0.2783267057899482,0.29100994373875827,0.3231104067097826,0.3462620612497022,0.3275728950611496,0.0,0.32067662641772504,0.3132825265850373,0.3170577628504988,0.3202918445228804,0.0,0.0,0.0,0.303075331389811,0.3228838455425558,0.0,0.0,0.0,0.32499606068330433,0.0,0.3028249276786557,0.0,0.0,0.0,0.0,0.0,0.0,0.33592548201650285,0.30436315088116495,0.0,0.0,0.0,0.3238049960697882,0.317133716546689,0.33386696231407176,0.3232313571972881,0.0,0.3014310025660258,0.33912762282414494,0.33105042116069844,0.0,0.31345157041321436,0.0,0.3087593070576556
0.3313672758171274,0.2981689666875703,0.215474672911791,0.28109853518744976,0.2798777791568598,0.2898616648879525,0.29906821078670864,0.2678043713644931,0.2836056697204675,0.30515238384918286,0.1781199331426582,0.0,0.3086279885830313,0.2978870269277012,0.2785571382093196,0.30525926302840856,0.0,0.2962035162192566,0.162805209901463,0.2524918864484672,0.29385271250310946,0.31357932554127294,0.0,0.35584346317234505,0.28624749131499355,0.30648312942340716,0.26478495411145814,0.3182223036063461,0.29524314981095384,0.323005357673675,0.3162255725766535,0.3104758367176551,0.27862940322054824,0.32324381393813134,0.3325022593570529,0.29468686655941567,0.3039680840704909,0.0,0.337184819832831,0.32034603723503197,0.3513984911781455,0.350429337124262,0.31645852639614136,0.37419680144847867,0.0,0.0,0.337641089598762,0.34368988763097935,0.0,0.354416951330085,0.34417804472995683,0.34607648501046795,0.33089126453480455,0.3507769699398147,0.4173440491594263,0.32678912909305197,0.0,0.3351716974659639,0.31588974993717117,0.3303799891441301,0.0,0.0,0.0,0.3361232580981844,0.33977565864427167,0.33407997458200583,0.3359398706913464,0.3582082364837698,0.0,0.0,0.3351794014827013,0.35663567421534,0.3422657783819557,0.3420471202005921,0.3598156037499632,0.34193278887153755
0.2916697506438169,0.0,0.0,0.0,0.0,0.0,0.2565159693740789,0.37122977161922627,0.3268634296015494,0.20961474391552654,0.0,0.19748158813693362,0.28252790278495493,0.0,0.3559898787655955,0.2671245989302125,0.24779337285100086,0.2521169338673341,0.0,0.0,0.3550225730533913,0.0,0.35584346317234505,0.0,0.250882285007762,0.24561148095584096,0.0,0.2326503096856777,0.0,0.0,0.2260677912460379,0.19765906387280288,0.1657816036486027,0.15053523399928798,0.1393411942921181,0.1977607124811635,0.16678494853714884,0.14806053004533018,0.19998470219213196,0.1594950056228376,0.14372076328782044,0.0,0.0,0.0,0.13715612348454279,0.28538781285463405,0.2757142089497575,0.0,0.0,0.0,0.0,0.0,0.0,0.0,0.2593480539890215,0.0,0.2615573137860791,0.2376658484276932,0.0,0.0,0.3026651988207976,0.2772700397642532,0.29278464125566783,0.0,0.0,0.0,0.3760393827443519,0.22408570242818338,0.27866513774798946,0.3018590809836027,0.31665999694127617,0.19545176475335238,0.18348308837515379,0.0,0.0,0.2365055764822873
0.24248332609858594,0.2556024212883875,0.0,0.0,0.3162720977066092,0.2640660084675204,0.29081130452939546,0.3082615705079234,0.323213756827095,0.23811640464705505,0.36220440302773915,0.2487570343660432,0.2930066572817351,0.37722971018613627,0.2606777515236707,0.2623888684633343,0.24084526454526484,0.24408194317510373,0.0,0.274917933957366,0.25839825318000337,0.2731944977229917,0.28624749131499355,0.250882285007762,0.0,0.24817407794181012,0.2726675325637446,0.2902805392672712,0.27858145560557046,0.0,0.2609558824544689,0.2723914566146918,0.2158803516928025,0.2463414487057322,0.26043881859598705,0.3204685848308558,0.0,0.2110800250156259,0.2714346457276998,0.26592086210092303,0.26876616235747924,0.292501699107755,0.0,0.0,0.0,0.27437152978617135,0.27115007606909786,0.0,0.0,0.0,0.0,0.0,0.4411044582376759,0.0,0.3203154475043765,0.0,0.31112912765575557,0.0,0.0,0.2875525097330553,0.27136032262458976,0.3058930095462091,0.29189079281032426,0.0,0.28790855484411315,0.31679639919017927,0.28341989978059534,0.0,0.3121511324722021,0.2825186405258862,0.29605897110161566,0.0,0.3304450266522283,0.30543721567139337,0.0,0.27527161156832297
0.2635814749592656,0.2758700869202598,0.402355545059847,0.0,0.3322088096272715,0.276696792977746,0.299000213825057,0.32910236302462686,0.0,0.244571914890381,0.0,0.23632216029109326,0.30390540910680297,0.36014113572718254,0.26081819762799574,0.2870582649534773,0.2579340059592722,0.2645838194018096,0.0,0.29775809749179816,0.26466047804097387,0.27478057564989694,0.30648312942340716,0.24561148095584096,0.24817407794181012,0.0,0.3038535554277238,0.2970943277258998,0.281396973228271,0.0,0.27433869616199746,0.2883947237872865,0.24340822431733994,0.26811012725273203,0.2981607929262874,0.28541674865850986,0.0,0.21387638208231757,0.30335190356726427,0.29006655053605707,0.3006123698468794,0.31410529441868384,0.0,0.0,0.2138074999810414,0.2980899000416469,0.31303499178462124,0.0,0.0,0.0,0.318467261616551,0.0,0.34283766151063544,0.0,0.3278334102804202,0.0,0.32221440126973794,0.38247914957998946,0.0,0.3428882772782616,0.29846157540746127,0.315364822623204,0.3066117887756402,0.0,0.3168243986349635,0.3184725660339725,0.32558931530486807,0.32987716662208527,0.32195600467965485,0.3018977286282028,0.31613430850324004,0.32488714794729795,0.3403142176772413,0.3149613950765699,0.0,0.29177718835107186
0.32237091363228526,0.2824879125590279,0.23014177947879866,0.291622589823079,0.2913074116836918,0.2657592758499233,0.30061534213327856,0.31165035652899303,0.2581593917464156,0.301241399090297,0.260937189228542,0.0,0.3030635963270338,0.3074713968371614,0.3002529750818111,0.30323003317211034,0.0,0.2905121769938249,0.27020838978211575,0.25467248055627273,0.29893129853432016,0.30168333367039873,0.26478495411145814,0.0,0.2726675325637446,0.3038535554277238,0.0,0.3098059693613026,0.2667819286169836,0.30903872810923766,0.300998531981644,0.3100653277129892,0.28601973124844576,0.3120972683574256,0.32851811663405456,0.3145768356489288,0.31068126644162,0.0,0.3322779382615909,0.0,0.34765307412142404,0.0,0.30305534039123116,0.0,0.0,0.0,0.0,0.3529993040628741,0.0,0.3654419367272037,0.33814589201939566,0.352539616476902,0.33611614101608706,0.3567345788673247,0.0,0.3416009476712093,0.0,0.3495929337777185,0.3402063752111949,0.32724001901263816,0.0,0.0,0.0,0.3558853790222785,0.33300318452964806,0.33805617451144976,0.333069935996646,0.3537169946535263,0.0,0.0,0.3352910851401059,0.349285734764408,0.33979862339486006,0.3368089296514647,0.0,0.33454406105608325
0.3241057437428321,0.2878415038285554,0.31614222396235275,0.1783564993682592,0.26407847408694696,0.267957976098364,0.26441739935592434,0.3168320357554624,0.3088864832899162,0.258315087287168,0.2935598472816212,0.2165239756433099,0.2544410584140129,0.19500624517098206,0.2866552010704033,0.3045960512556603,0.29282687494035003,0.3002633302443205,0.30698277582370925,0.2753454329769723,0.3037266539527677,0.29906159699683427,0.3182223036063461,0.2326503096856777,0.2902805392672712,0.2970943277258998,0.3098059693613026,0.0,0.23369996179539224,0.23883855678679625,0.2706515004214192,0.26572369955323105,0.2770632360375215,0.23781987076000885,0.22051064586152525,0.1815774900075876,0.19135126309511474,0.18585718422106795,0.3412349998590943,0.0,0.3567058407802098,0.25654219272948475,0.34331734718987494,0.0,0.0,0.0,0.0,0.41249536134900655,0.0,0.0,0.34057190534597276,0.0,0.33484198261309556,0.4345544641425515,0.0,0.0,0.0,0.0,0.0,0.34756601020326233,0.0,0.0,0.0,0.0,0.334596369539553,0.3434513930347488,0.3620175377034717,0.3515687936694865,0.0,0.35120193189910837,0.3404868332932663,0.3500508347258756,0.3522932141313693,0.3380648938947595,0.0,0.0
0.3206888301731117,0.27833633901254073,0.3076056651331834,0.0,0.3008827586606023,0.2424206578392021,0.30564435433218706,0.28403188063749396,0.2824101538318114,0.0,0.0,0.0,0.2805092682512123,0.0,0.2759109991798745,0.3055243019887904,0.0,0.29377873324075093,0.0,0.25217714087178106,0.2629122928577889,0.28856910853952883,0.29524314981095384,0.0,0.27858145560557046,0.281396973228271,0.2667819286169836,0.23369996179539224,0.0,0.2644138682970768,0.2672169344245894,0.2985703464018065,0.22083995933305622,0.2900631776406232,0.31515030058297633,0.3312537141933636,0.0,0.0,0.3227848961713379,0.0,0.3359220410415471,0.0,0.0,0.0,0.0,0.0,0.32647732341002983,0.3924851094499538,0.0,0.0,0.3227347043250811,0.0,0.3250701328600713,0.0,0.0,0.0,0.0,0.0,0.0,0.3083244590989676,0.0,0.0,0.0,0.0,0.3125561934207882,0.2993567018764935,0.3139765409161038,0.3313503620067317,0.0,0.0,0.31745637883380695,0.3326779171569483,0.3405357833717918,0.313059552626453,0.0,0.33164383900813155
0.0,0.0,0.35537215034015,0.0,0.2810228747892973,0.2934921576621277,0.3051663634578396,0.332877020611567,0.0,0.0,0.0,0.0,0.29666569622580247,0.0,0.0,0.3056522968244488,0.0,0.0,0.0,0.19481247685994502,0.3217703897450308,0.28733151795628714,0.323005357673675,0.0,0.0,0.0,0.30903872810923766,0.23883855678679625,0.2644138682970768,0.0,0.26769831949435585,0.3259093211809845,0.2884201190171976,0.2894682944514217,0.31923166448844087,0.0,0.3291124552795733,0.0,0.3371073071007975,0.0,0.0,0.0,0.0,0.0,0.0,0.0,0.0,0.0,0.0,0.0,0.0,0.0,0.0,0.0,0.0,0.0,0.0,0.0,0.0,0.0,0.0,0.0,0.0,0.0,0.3584021891896954,0.329588705679659,0.0,0.3598779436595861,0.0,0.0,0.0,0.3548849465483387,0.3941349902482279,0.38104469771464805,0.0,0.0
0.2678447562907982,0.2609004663478199,0.3224282441912481,0.21695891813944745,0.31501166782056045,0.2918881220053621,0.2967341948079409,0.3172658165452155,0.3160316247509568,0.23748743169065606,0.29445205412961506,0.2296724761105871,0.27793801767933557,0.2675893062034687,0.2877450297541295,0.2745238481661788,0.2662217578584571,0.26695409643271,0.31150496968157776,0.27439051866662273,0.253752154672184,0.2756489262271051,0.3162255725766535,0.2260677912460379,0.2609558824544689,0.27433869616199746,0.300998531981644,0.2706515004214192,0.2672169344245894,0.26769831949435585,0.0,0.29731501849061653,0.25448645517842045,0.2185867683786123,0.22363484479370097,0.28806949977316204,0.2479567613730917,0.17764042645109804,0.3055099035609839,0.2774570836816149,0.2907357129842997,0.0,0.0,0.0,0.0,0.2909962880848151,0.3073056188963387,0.4383272413207785,0.0,0.0,0.3394787650453563,0.0,0.3328381122737425,0.0,0.27028619973553536,0.0,0.27106354151374185,0.0,0.0,0.30555286193380404,0.28772635372610583,0.26102851840099334,0.27891230422798513,0.0,0.30955125694861935,0.2867169767365049,0.313118201106337,0.347790204042961,0.31877973286229344,0.2764199838600415,0.3094411105705442,0.34741912406261705,0.36315575952378387,0.32649900081263283,0.0,0.30186246369346154
0.27975363247111723,0.2699204485317714,0.30358319227497393,0.21186069788987658,0.2560627761368666,0.2972810286615254,0.269111927802914,0.297947055675863,0.2999666228231158,0.21611824120943376,0.2698872733941827,0.1709942645373982,0.2777703151956112,0.14392991778203584,0.30193365626865215,0.30453077301739073,0.28873859938781926,0.29034178087325185,0.28969238839680234,0.3032205849591551,0.2790844488889179,0.30007489829120876,0.3104758367176551,0.19765906387280288,0.2723914566146918,0.2883947237872865,0.3100653277129892,0.26572369955323105,0.2985703464018065,0.3259093211809845,0.29731501849061653,0.0,0.23188150399625243,0.234778837129599,0.21643989966668545,0.19575455462088442,0.2075138849542463,0.18241542196542712,0.19613679781349508,0.20467585561598634,0.25229774503238417,0.2285920113568111,0.25361890582921903,0.19774618570518857,0.19041851726220815,0.2961534212066626,0.31176794867823937,0.35495843029842283,0.0,0.36167987888293257,0.31851046878859907,0.36982809772585773,0.3476184741250821,0.34675372960290424,0.2120613315502066,0.0,0.19164336245941901,0.3257829701934974,0.0,0.32649531664596354,0.3017383928703998,0.2859930233151416,0.27840553001814544,0.0,0.31651215311288566,0.2927799775430398,0.32476517126791005,0.3456141777313382,0.16763029928960163,0.28423368996448717,0.3170701812774897,0.3372998091365536,0.31785402005001,0.31691961293133486,0.3397550510485811,0.32764163821392933
0.2116810778988858,0.22808891736092118,0.0,0.0,0.0,0.27258892965768494,0.0,0.3102471268680535,0.0,0.206169897825996,0.0,0.17415020171631826,0.30714764710515163,0.10803997358075745,0.2709309028197478,0.2743622999038841,0.23927178022629028,0.25080343610441336,0.0,0.27799984736070316,0.22691276019539067,0.2783267057899482,0.27862940322054824,0.1657816036486027,0.2158803516928025,0.24340822431733994,0.28601973124844576,0.2770632360375215,0.22083995933305622,0.2884201190171976,0.25448645517842045,0.23188150399625243,0.0,0.16903599035967276,0.2216965544832994,0.2562028643070739,0.1925892919136573,0.144915913863636,0.19565903915176353,0.19741123854937528,0.20414892156517614,0.21184605134098425,0.0,0.20151664686564738,0.16146239358631664,0.25491255735284546,0.3025023041459095,0.0,0.0,0.0,0.29581452931984953,0.0,0.0,0.0,0.23910207988555904,0.0,0.19885255928741902,0.0,0.0,0.3208927756435963,0.27243180372917947,0.2634581568220376,0.2624914194057261,0.0,0.32088589386604993,0.2759895666873846,0.3223623872890079,0.30278233505124563,0.2410841580203582,0.2572248663313679,0.29202831641664523,0.2916301078110933,0.0,0.3135082231484181,0.0,0.2581640030198896
0.25409974181306294,0.2540201685877862,0.3180666619327063,0.17101157433832048,0.30907765659716535,0.3014342001145737,0.27806272943947935,0.3255035398544703,0.31368215575772956,0.20007434857810713,0.3019700684077573,0.14553845602244822,0.2842925513908913,0.2700511096116865,0.29875634743059154,0.2881275409657906,0.2507605815577278,0.2702990722013546,0.3102919504021083,0.292580531665848,0.2695626986408248,0.29100994373875827,0.32324381393813134,0.15053523399928798,0.2463414487057322,0.26811012725273203,0.3120972683574256,0.23781987076000885,0.2900631776406232,0.2894682944514217,0.2185867683786123,0.234778837129599,0.16903599035967276,0.0,0.19211647727064107,0.25044830549237546,0.2106167232825791,0.12396677646889173,0.19194075788427814,0.18722410779124224,0.22863209612259006,0.20644276326111677,0.0,0.1838999298805949,0.0,0.2793130133659093,0.30882240928697635,0.4595840519024079,0.0,0.0,0.33738248284275185,0.0,0.3430500396144737,0.48401823463268406,0.23602668392827394,0.0,0.2214478803316425,0.0,0.0,0.327862006484111,0.28257893753881075,0.26249851757454135,0.26816918371217024,0.0,0.3000886884076759,0.3087156662719645,0.32451349798055806,0.34942314264299223,0.26018660467267746,0.2675298558579413,0.31042737410698157,0.3481860348996922,0.3590582105324537,0.3256443608849289,0.0,0.27785145971571795
0.28369578541032175,0.2909286349514995,0.32158033820542253,0.18557238503592294,0.2766787540898646,0.3142528157188847,0.22409416686848493,0.32097004158666076,0.3088081851513059,0.20148934175158845,0.27268098780537525,0.16459188493366794,0.25684145325593666,0.0,0.3296114718715685,0.33062679824778335,0.26246069419986406,0.28011828428570823,0.29354883874483456,0.32205410930568934,0.3166792347632285,0.3231104067097826,0.3325022593570529,0.1393411942921181,0.26043881859598705,0.2981607929262874,0.32851811663405456,0.22051064586152525,0.31515030058297633,0.31923166448844087,0.22363484479370097,0.21643989966668545,0.2216965544832994,0.19211647727064107,0.0,0.2409298994745257,0.2280708091802367,0.13392122002290396,0.20367554550005032,0.2144399894337576,0.2419223182421998,0.24486205641401404,0.0,0.2125848150550817,0.19771577153700506,0.0,0.3224068295601124,0.5371316371981655,0.0,0.0,0.37214150185700867,0.0,0.35079909509192103,0.0,0.24415587783753592,0.0,0.2116952258365911,0.0,0.0,0.3451610364264098,0.3079002512753624,0.0,0.0,0.0,0.33369306445757724,0.32538525138632013,0.34389846569402444,0.3573006493701067,0.0,0.2821678734665628,0.3429777275831224,0.3520064332712537,0.3872378709233971,0.3573027663725965,0.0,0.0
0.0,0.0,0.27862370548577353,0.12937702389238898,0.15605679880135598,0.30302592141111334,0.21842939753738952,0.1506481849439401,0.2806776386925542,0.25384998265536013,0.20349407409311107,0.1675122371822199,0.24660778013224796,0.1441598887325345,0.32160406747892173,0.0,0.2942705811965434,0.3132513218588082,0.2499726582245757,0.0,0.3126326026911864,0.3462620612497022,0.29468686655941567,0.1977607124811635,0.3204685848308558,0.28541674865850986,0.3145768356489288,0.1815774900075876,0.3312537141933636,0.0,0.28806949977316204,0.19575455462088442,0.2562028643070739,0.25044830549237546,0.2409298994745257,0.0,0.13723968651917504,0.18845694979102123,0.1975603127365274,0.0,0.18737209974828192,0.18422649116033682,0.0,0.1893299442237448,0.0,0.0,0.0,0.2912046599478051,0.0,0.25054288096568783,0.0,0.0,0.0,0.2989403915377092,0.0,0.26738079440993107,0.0,0.0,0.21104267389349868,0.0,0.0,0.0,0.0,0.2806445466402093,0.4277511151075482,0.0,0.0,0.31927637287328897,0.0,0.0,0.0,0.33465070396850244,0.0,0.0,0.0,0.0
0.0,0.0,0.30810632253322573,0.12101687084700861,0.15293153921211616,0.29487760857748474,0.20419076499848343,0.2472982705879028,0.29811370835409523,0.22442947077980943,0.2722448244772878,0.19422053586088311,0.23609091969281829,0.1251795900713044,0.33659898270548433,0.0,0.0,0.0,0.29456266749517324,0.32323416600980304,0.0,0.3275728950611496,0.3039680840704909,0.16678494853714884,0.0,0.0,0.31068126644162,0.19135126309511474,0.0,0.3291124552795733,0.2479567613730917,0.2075138849542463,0.1925892919136573,0.2106167232825791,0.2280708091802367,0.13723968651917504,0.0,0.2167993070731699,0.19689345654636134,0.0,0.18879712860145406,0.223621008485443,0.0,0.18914807215332813,0.0,0.0,0.0,0.0,0.0,0.0,0.0,0.0,0.0,0.0,0.0,0.0,0.0,0.0,0.0,0.0,0.0,0.0,0.0,0.0,0.0,0.0,0.0,0.38996838876793144,0.0,0.0,0.0,0.416715992574835,0.0,0.0,0.0,0.0
0.0,0.0,0.0,0.0,0.0,0.0,0.22477153729724567,0.0,0.0,0.17482600992623368,0.0,0.1353635370685806,0.24555089438602437,0.0,0.0,0.0,0.21715381729964248,0.0,0.0,0.0,0.0,0.0,0.0,0.14806053004533018,0.2110800250156259,0.21387638208231757,0.0,0.18585718422106795,0.0,0.0,0.17764042645109804,0.18241542196542712,0.144915913863636,0.12396677646889173,0.13392122002290396,0.18845694979102123,0.2167993070731699,0.0,0.20467330089661792,0.16606647372590752,0.19879810206342358,0.21479781709694648,0.0,0.0,0.1488298694687566,0.0,0.0,0.0,0.0,0.0,0.0,0.0,0.0,0.0,0.2287663415802584,0.0,0.16408209826162887,0.0,0.0,0.0,0.0,0.0,0.2150575068992179,0.0,0.0,0.0,0.0,0.28606501100501025,0.0,0.23302610775207397,0.24896875183677122,0.0,0.0,0.0,0.0,0.0
0.2906837929199981,0.29887706811097053,0.3427270013441424,0.0,0.0,0.3081520149506459,0.0,0.29331340008823614,0.3271476244592662,0.2268841249040677,0.28000686481159576,0.222247869521499,0.29983554747112956,0.0,0.32163374801542427,0.29672672123730787,0.269179839615032,0.2727883005788082,0.34312630824407797,0.31927289657888147,0.3208716509567437,0.32067662641772504,0.337184819832831,0.19998470219213196,0.2714346457276998,0.30335190356726427,0.3322779382615909,0.3412349998590943,0.3227848961713379,0.3371073071007975,0.3055099035609839,0.19613679781349508,0.19565903915176353,0.19194075788427814,0.20367554550005032,0.1975603127365274,0.19689345654636134,0.20467330089661792,0.0,0.23216941005507735,0.2693819835074839,0.24442054424682935,0.180121390490729,0.19518227067488025,0.19221131556933038,0.28867937050168146,0.2824965152867127,0.27908153223019344,0.1645097400648886,0.19165933686542755,0.2813050786335562,0.26060042741040595,0.2550776004125334,0.2911086730462546,0.22931461288668334,0.2161119997349575,0.18772490057837593,0.2652216287540987,0.15245037949343265,0.2929876093016306,0.3018670187443715,0.27746202563872485,0.29360847806777807,0.25454019088307933,0.3125735219353415,0.26784958134160997,0.29972136016660567,0.2794249722054956,0.19975867334460665,0.2742627425999833,0.2814224290452158,0.29987994451224687,0.2561505143678656,0.2962548982158128,0.28623653557829204,0.26315699338880844
