0.0,0.34866656717520206,0.0,0.0,0.0,0.4276960900920024,0.0,0.4174081884055143,0.0,0.3021173913598208,0.0,0.2993423067938351,0.0,0.0,0.3518604659250198,0.35448136216898285,0.34278747448056207,0.31941549240329625,0.0,0.41299500068565087,0.34949541248412347,0.3571912382488765,0.39621327073141505,0.2943748617162663,0.31226336908778896,0.3198472395485629,0.45910962685120177,0.0,0.3661386386267238,0.0,0.3259970390402887,0.37478146672166224,0.32217618541246734,0.30758420844106815,0.3544814439078198,0.0,0.0,0.3045454800206376,0.4110227334434853,0.3722422142370908,0.3661555918839553,0.0,0.0,0.0,0.0,0.3752364206490452,0.41987638213788275,0.0,0.0,0.0,0.3635670545913666,0.0,0.0,0.0,0.3268323649085284,0.0,0.3152485187490711,0.30880605772004394,0.0,0.0,0.4060143580829821,0.0,0.39102722551572855,0.0,0.0,0.0,0.4263737376402682,0.4162063494521552,0.40923902714207366,0.40842254037909453,0.4113237057204441,0.0,0.0,0.0,0.0,0.33408703423899044
0.34866656717520206,0.0,0.31401174122990255,0.0,0.35052724408712105,0.37666485854864595,0.3945921716653948,0.3847169861988661,0.3509826974588566,0.21962850436207448,0.0,0.0,0.39702196830837644,0.0,0.38855273310171695,0.3419268250229309,0.0,0.3443226189536025,0.0,0.3735330618917846,0.3809177179734481,0.3282536357415133,0.4066037698494054,0.0,0.31594374836319794,0.34738449238463,0.3955047487689503,0.4012557782388521,0.3825399984265839,0.39263282723738585,0.3183253276670326,0.3656970610042096,0.30441720741315137,0.31864437787859573,0.3691958224718449,0.0,0.0,0.0,0.4179581933611266,0.4067326757221145,0.40065167083190495,0.433742425180194,0.0,0.0,0.0,0.41186855514271165,0.4159674609479883,0.0,0.0,0.0,0.38473317291756326,0.2702416641038592,0.0,0.0,0.0,0.0,0.0,0.24417108445938926,0.0,0.45618939528663993,0.3952957573276858,0.0,0.37736753056833056,0.0,0.4355820632743603,0.4220560702787183,0.42382997765775277,0.41799019700168655,0.0,0.39577419019484567,0.4345896103920202,0.4263054245815157,0.25673802772793286,0.41971607008044803,0.0,0.3808735391607172
0.0,0.31401174122990255,0.0,0.3644538864722664,0.3937751694593666,0.3568299078908492,0.4262892487665352,0.4455480981337232,0.2716576356172552,0.37291329152468145,0.3321605636321661,0.2798084372899438,0.4335350106331989,0.42240205080538107,0.0,0.0,0.2855998140887093,0.2911346119748793,0.2712468811394224,0.35105903154493584,0.0,0.37148716949726374,0.31902120518271493,0.2938407286300807,0.24134439077520012,0.2875827789466487,0.3210616135938313,0.4387663146050992,0.3719708741848286,0.4528483018638783,0.44776465657992687,0.4142000522858406,0.3036839794038819,0.4481453481420679,0.43081101939201255,0.42248867897309056,0.39789239178262903,0.27350980380811596,0.4569158550708113,0.0,0.3974982565700988,0.0,0.48347071861633983,0.0,0.0,0.0,0.0,0.528699672775081,0.0,0.5098662540558402,0.5305238012037219,0.5442455943644493,0.5719174223858604,0.5505168810229556,0.0,0.545538863512333,0.0,0.49259079631614705,0.5016131540610753,0.0,0.0,0.0,0.0,0.5858613407995161,0.0,0.0,0.0,0.5326859331455669,0.0,0.0,0.0,0.5453020178492485,0.4197635703784402,0.0,0.0,0.4175048746863478
0.0,0.0,0.3644538864722664,0.0,0.24089262953691132,0.36987518104936107,0.22718983145254043,0.3297233292956538,0.37266093782166765,0.25060569837774477,0.33714465874527905,0.24856680879449128,0.29844556727706284,0.25726962036773854,0.0,0.0,0.0,0.0,0.38191275591499935,0.40343098989694254,0.0,0.44039343678658016,0.371821618302698,0.0,0.0,0.0,0.37830916740458004,0.1930651102224802,0.0,0.0,0.0,0.27000698003871326,0.0,0.19107738366162463,0.301971099999644,0.18648171844917766,0.14702102501913983,0.0,0.0,0.0,0.0,0.0,0.0,0.0,0.0,0.0,0.0,0.0,0.0,0.0,0.0,0.0,0.2880512924648075,0.0,0.0,0.0,0.0,0.0,0.0,0.0,0.0,0.0,0.0,0.0,0.0,0.0,0.0,0.0,0.0,0.0,0.0,0.2874627473348538,0.0,0.0,0.0,0.0
0.0,0.35052724408712105,0.3937751694593666,0.24089262953691132,0.0,0.3483739765629735,0.30412027399876085,0.34838629415372924,0.3221317386817033,0.3698237104037672,0.27696109859005297,0.32380573017601916,0.36072040234622976,0.2744732131465094,0.0,0.35315169907365446,0.0,0.29546000396189376,0.37670213818597764,0.38698068996461,0.0,0.40262364011572704,0.3701730315315315,0.3256852287141318,0.30384310719243174,0.32910082840906724,0.3684768966925391,0.31965491127019985,0.3686814584930121,0.0,0.41271497870754986,0.3362340078296726,0.3210809674918811,0.3939077714752027,0.3912750083217184,0.21608508330139573,0.2251088637893822,0.3020539600307653,0.29114384097068907,0.0,0.0,0.0,0.33637142363346123,0.0,0.0,0.0,0.0,0.5026534541526259,0.0,0.3163217881654835,0.4407156630534606,0.3223554300226974,0.41788577584900666,0.4322637742758912,0.0,0.4080769095585634,0.0,0.2946798970069346,0.3681865757146538,0.0,0.0,0.0,0.0,0.4223918401346476,0.0,0.0,0.0,0.4886594653196267,0.0,0.0,0.0,0.46700738645282897,0.27849881320226394,0.0,0.0,0.0
0.4276960900920024,0.37666485854864595,0.3568299078908492,0.36987518104936107,0.3483739765629735,0.0,0.37918147581699263,0.3940737965321352,0.3103888361362759,0.4191455596810532,0.3462670683511056,0.31666234083269623,0.351221419506077,0.38995678148068025,0.4257090399860196,0.38395577584849094,0.264261978656105,0.3624063237635343,0.4095106084417875,0.37539453075501217,0.4495156319923406,0.3906589547459572,0.3583700658045549,0.29061741056434404,0.35014840662978075,0.40499916467847136,0.34322717822297627,0.3434240114838014,0.32127409710274424,0.378069722978722,0.40737642989000133,0.3881750703931849,0.356690120754557,0.4048525557040009,0.40434398317917214,0.4083195739078795,0.39745426873277945,0.32931816940990755,0.4430565729572637,0.0,0.47536062627064835,0.3637139730593548,0.38651172790238547,0.0,0.0,0.0,0.27488224409362405,0.5248816828374421,0.0,0.42482097144357506,0.47566687871881436,0.5022956947068448,0.4619398762764414,0.5065808708876717,0.0,0.5029171890826113,0.0,0.5222755779976626,0.3866717250410543,0.4279649091306087,0.21734201443658277,0.0,0.0,0.5068777801478311,0.4537519038188399,0.39597227811827235,0.4811214608947654,0.47973955761452364,0.0,0.2272009806687057,0.4000429251970216,0.4728501292162979,0.46140057447067806,0.4467504582158671,0.4084997090249199,0.467229567710596
0.0,0.3945921716653948,0.4262892487665352,0.22718983145254043,0.30412027399876085,0.37918147581699263,0.0,0.393959926790689,0.3521543376302629,0.2910880986645885,0.4291364734540316,0.27088952565257923,0.31649405469304975,0.31134874316838296,0.0,0.3927937496954243,0.0,0.37580018503618023,0.4342913326444358,0.38587685599539057,0.0,0.4152694838354311,0.40160467013692275,0.2892318198171647,0.3551217204617774,0.36733073754419115,0.39964387366866067,0.33518370458000935,0.38102826294290554,0.0,0.3876627194128,0.3579631159241943,0.30862042613487956,0.36076130634918524,0.36344948400726057,0.2822241780195629,0.26852042935422826,0.29720357141928117,0.30191288380302655,0.0,0.0,0.0,0.2872716428586246,0.0,0.0,0.0,0.25260014933238856,0.43915444244913215,0.0,0.30450248513952,0.4639194940025177,0.3272064603964669,0.3762175421257991,0.3794655628225233,0.0,0.33260668026225587,0.0,0.2964807293164515,0.3202185116446399,0.0,0.0,0.0,0.0,0.34981337011305313,0.0,0.0,0.2629077292435847,0.47470820148160575,0.0,0.0,0.2539015697687817,0.4586896145716931,0.2779849596601973,0.0,0.0,0.0
0.4174081884055143,0.3847169861988661,0.4455480981337232,0.3297233292956538,0.34838629415372924,0.3940737965321352,0.393959926790689,0.0,0.45519102631145714,0.35000336731105125,0.3160759267237655,0.0,0.4029234484353902,0.34296832950009126,0.0,0.3847818359998596,0.0,0.37304318971776723,0.3839606192399171,0.3934368220410418,0.34094097248692745,0.3836180168911292,0.34189279392490823,0.41553277514767134,0.40276958974684046,0.4047228249438229,0.4076186354932169,0.3846644331766767,0.3403789579747532,0.3650739941746408,0.4078074634008729,0.35340303419882363,0.366605343146762,0.4038123507931127,0.40808445556037093,0.3015155489302692,0.36665825424072745,0.0,0.43154391309555656,0.0,0.46802386108899174,0.4934309776043885,0.4010638984817469,0.0,0.0,0.0,0.0,0.511868046595982,0.0,0.4098485005205685,0.46233422805850105,0.4559488345764855,0.4345191382591614,0.493909852018778,0.0,0.4474074026044384,0.0,0.4531201269052205,0.44992758494910756,0.4189634134577994,0.0,0.0,0.0,0.5170404380073707,0.4776437660816129,0.40369875471239497,0.0,0.4531178438953986,0.0,0.0,0.0,0.47055940002976565,0.4432796319447661,0.42922168853743453,0.35311024444203293,0.4312955151995205
0.0,0.3509826974588566,0.2716576356172552,0.37266093782166765,0.3221317386817033,0.3103888361362759,0.3521543376302629,0.45519102631145714,0.0,0.44129909135720835,0.3245446803750071,0.38453219115979675,0.36615168873647735,0.3526814991914358,0.0,0.31752416010899387,0.2811886791249409,0.27141221995374726,0.2753768977232795,0.37449412606463633,0.0,0.37962819829372885,0.38280967614290484,0.3138420327769816,0.24089883938444087,0.3290236416681875,0.3349450081001407,0.42305666681902465,0.3514385444193477,0.0,0.4394081474396092,0.4026438475422027,0.36419060051154106,0.43258126297751,0.420258533466835,0.3912076634277301,0.4148812444803211,0.39513146463824284,0.35912485873813993,0.0,0.3491806712178772,0.0,0.42645672830985903,0.0,0.33307721611716123,0.0,0.0,0.5428292688623036,0.0,0.4156583059295674,0.515774095054735,0.440183070701022,0.4942824700829644,0.5428018147720234,0.0,0.4947551292205877,0.0,0.4330633547633715,0.4652851315332654,0.0,0.0,0.0,0.0,0.5363461346175717,0.0,0.0,0.0,0.5179202213365119,0.0,0.0,0.0,0.5092891286048726,0.37771895622020957,0.0,0.0,0.0
0.3021173913598208,0.21962850436207448,0.37291329152468145,0.25060569837774477,0.3698237104037672,0.4191455596810532,0.2910880986645885,0.35000336731105125,0.44129909135720835,0.0,0.4338389193287279,0.2238613413705603,0.35760111431010705,0.3726309838476162,0.0,0.3192925607974961,0.29744955851117444,0.31814914056498766,0.4276947438420014,0.0,0.37423004886619865,0.0,0.36915841815759537,0.2537832561885575,0.3028687722801144,0.3040696792416749,0.385740975239164,0.32726366400331725,0.29164034708703485,0.0,0.30127098282317394,0.25979087157316927,0.258120447113368,0.260986938612301,0.24543124206795727,0.32235141848861254,0.23871695553249805,0.24161616231769956,0.23778888452507638,0.29614125161219695,0.2703598009831824,0.262227573156239,0.3760734465674353,0.0,0.2860648453160007,0.0,0.0,0.0,0.24173680201758196,0.0,0.0,0.361848660505566,0.0,0.0,0.35672307252166674,0.2882100653678388,0.3487932640009817,0.3380267311704523,0.0,0.0,0.296684013585152,0.3438810987377015,0.33697502078095287,0.0,0.0,0.0,0.0,0.2816638579590342,0.34182584712851516,0.35795781807153154,0.3643326622819222,0.0,0.3661465980071208,0.0,0.0,0.351937546460679
0.0,0.0,0.3321605636321661,0.33714465874527905,0.27696109859005297,0.3462670683511056,0.4291364734540316,0.3160759267237655,0.3245446803750071,0.4338389193287279,0.0,0.3785040134015641,0.4349394934370334,0.27669090049045103,0.0,0.0,0.33047928060827503,0.30617786823649024,0.27651456656897233,0.0,0.0,0.0,0.3115433051960198,0.3684891697541154,0.30254571666873525,0.26636269901704207,0.3822509774532844,0.4270534257572127,0.0,0.0,0.4489636393839777,0.3798496395821168,0.356118415681773,0.4302851254580463,0.4018043086897899,0.3382958425425024,0.40031217510016925,0.3866731508409152,0.3957167599899447,0.0,0.0,0.0,0.4089975199921931,0.0,0.0,0.0,0.0,0.5081544493001265,0.0,0.42371588919780906,0.47830659043753204,0.419671055997708,0.4606440925346151,0.5298246261835596,0.2913307950087959,0.3078346320484953,0.0,0.4015946637771105,0.4486930244239949,0.0,0.0,0.0,0.0,0.29651874349753315,0.0,0.0,0.0,0.515275307452662,0.0,0.0,0.0,0.5022656187930057,0.34971728667201474,0.0,0.0,0.3208397467359789
0.2993423067938351,0.0,0.2798084372899438,0.24856680879449128,0.32380573017601916,0.31666234083269623,0.27088952565257923,0.0,0.38453219115979675,0.2238613413705603,0.3785040134015641,0.0,0.2782505634750147,0.2747024901047779,0.0,0.23267353640707494,0.31154693191686994,0.2504325758352146,0.3221255942292065,0.2911739748621124,0.33999872147287985,0.0,0.30273484557577374,0.23110559761505609,0.2877917993547386,0.2601188108688986,0.29270813793074946,0.2711112288929417,0.25786826801007473,0.0,0.28009755058531777,0.2322873985464479,0.2230853139148346,0.18805764176145473,0.20874885011004052,0.2648965916548162,0.21661554678348863,0.18933338149298892,0.2396797394537629,0.29791118100970637,0.2581416323689615,0.2625807023729999,0.25622789160118087,0.0,0.2614101995803637,0.0,0.0,0.0,0.0,0.0,0.0,0.2955011069908544,0.0,0.3478671117614547,0.35618563587636515,0.34217404209906654,0.35079103288494123,0.33913204181331374,0.0,0.0,0.0,0.3225499316134472,0.33312726197138337,0.0,0.0,0.0,0.0,0.34829969654602205,0.3159270600332351,0.3539905530649374,0.35481993045603777,0.0,0.35328186765323444,0.0,0.0,0.3515711153826569
0.0,0.39702196830837644,0.4335350106331989,0.29844556727706284,0.36072040234622976,0.351221419506077,0.31649405469304975,0.4029234484353902,0.36615168873647735,0.35760111431010705,0.4349394934370334,0.2782505634750147,0.0,0.37327517763134094,0.0,0.40729558325779613,0.35792752413271933,0.38995754226220514,0.4365358746548916,0.3783180627718299,0.0,0.4154783088884739,0.40596154772341364,0.2417699369302526,0.3706533274745104,0.3783396508838192,0.4037514188233976,0.2990338620013282,0.35120318132701417,0.2963862487498939,0.36896726260674817,0.3650483489950701,0.32240066256610206,0.3597589867753409,0.36391339017997043,0.3327225803855108,0.3275287159514577,0.29686730610582296,0.40661237570301995,0.0,0.1770508707020562,0.0,0.30742759045583445,0.0,0.31933404279423594,0.0,0.23362968562309092,0.5060492467762051,0.0,0.30192385911237474,0.49553458824931373,0.35966253565792716,0.4368907789620655,0.4383500676104292,0.33271717481122726,0.3600306157980804,0.33476835514572967,0.42121839385459925,0.0,0.0,0.0,0.0,0.0,0.38856163300474905,0.39546252050466935,0.0,0.259430015765514,0.47517553966189874,0.0,0.24085221691334247,0.27499791576777627,0.4788890303284427,0.39393776434511224,0.4242576650754502,0.0,0.3558667108492687
0.0,0.0,0.42240205080538107,0.25726962036773854,0.2744732131465094,0.38995678148068025,0.31134874316838296,0.34296832950009126,0.3526814991914358,0.3726309838476162,0.27669090049045103,0.2747024901047779,0.37327517763134094,0.0,0.0,0.0,0.0,0.0,0.3507222373365193,0.0,0.40062591335308256,0.0,0.35923989989607014,0.3498055473281008,0.0,0.37290791842670523,0.3968649329088397,0.2766445039426065,0.0,0.0,0.41452795075116816,0.30013686738573203,0.0,0.3666708294194014,0.0,0.2335212717166856,0.18052620840284456,0.0,0.3957648732601543,0.0,0.0,0.0,0.36907407452506863,0.0,0.0,0.0,0.0,0.464973238693617,0.0,0.3837962288861673,0.0,0.3748343343091293,0.4235986927178458,0.4826066037704232,0.0,0.4227677317834173,0.0,0.33256303438716067,0.4226146237276911,0.0,0.0,0.0,0.0,0.44543908446029506,0.0,0.0,0.0,0.43644955402635927,0.0,0.0,0.0,0.4122443130096301,0.33371620814519115,0.0,0.0,0.0
0.3518604659250198,0.38855273310171695,0.0,0.0,0.0,0.4257090399860196,0.0,0.0,0.0,0.0,0.0,0.0,0.0,0.0,0.0,0.3851562724153622,0.0,0.37731523226830815,0.0,0.35861468469116914,0.3623249835360542,0.3682312401916762,0.3571251016029755,0.3735398590135811,0.3648896891788932,0.39571178442864463,0.39194595348247996,0.3824214239393946,0.37655325863797284,0.0,0.3810836804374483,0.40133050107574186,0.39245262769664235,0.40438439450562463,0.440313684631651,0.47095002542041386,0.42115182757352304,0.0,0.44308698661435847,0.46075908825599887,0.46872635319279204,0.4799747147033005,0.0,0.0,0.0,0.0,0.46412813488982657,0.0,0.0,0.0,0.44489099820649913,0.0,0.5109312985075343,0.0,0.0,0.0,0.0,0.3653238947634323,0.0,0.44577943361612143,0.410570830592249,0.0,0.27898570811475243,0.0,0.45035752668683937,0.44525309341600805,0.48045893746752455,0.46619310577851364,0.0,0.3336233035663109,0.5147045493541343,0.47405479174769666,0.41742227206956295,0.44389243275070067,0.38877854581574944,0.4205472246440731
0.35448136216898285,0.3419268250229309,0.0,0.0,0.35315169907365446,0.38395577584849094,0.3927937496954243,0.3847818359998596,0.31752416010899387,0.3192925607974961,0.0,0.23267353640707494,0.40729558325779613,0.0,0.3851562724153622,0.0,0.32904948725844496,0.28204494204341357,0.0,0.3590551183356958,0.3727451440567201,0.3398223750058592,0.3984978704311342,0.3045549217382612,0.33136791114160014,0.36496670636391126,0.39344511725031,0.37160332041704053,0.3743233444040074,0.3410492211596745,0.3264672738469903,0.38243068728944685,0.3444336184312348,0.3393552362814132,0.3901880391230507,0.0,0.0,0.0,0.40503191968667074,0.3858711910694227,0.38358780182161095,0.40785755375763916,0.0,0.0,0.0,0.40040376116355825,0.4015907543559308,0.0,0.0,0.0,0.2524309673706085,0.0,0.0,0.0,0.0,0.0,0.2728578486512897,0.2626634709701494,0.0,0.42821741226541604,0.3810359461059833,0.0,0.3457247131862455,0.0,0.3991471568029345,0.37479163009492633,0.4163015855524122,0.3201555351729867,0.37002812969330046,0.38378118983990994,0.4115097300382923,0.35740415166141315,0.286730894622585,0.3504325928574245,0.0,0.36386130917593046
0.34278747448056207,0.0,0.2855998140887093,0.0,0.0,0.264261978656105,0.0,0.0,0.2811886791249409,0.29744955851117444,0.33047928060827503,0.31154693191686994,0.35792752413271933,0.0,0.0,0.32904948725844496,0.0,0.28853084862844985,0.2820176242936678,0.3040034583904387,0.0,0.31867112469624953,0.0,0.32131270561065095,0.2657102143907369,0.30809112624145824,0.2815282629024172,0.349705113051038,0.0,0.0,0.306672696036084,0.37572445636083457,0.3069469434023104,0.31990492460623066,0.3337369799844222,0.3801153211774528,0.0,0.27909256920115694,0.0,0.3305546691840855,0.361942049309699,0.0,0.0,0.0,0.0,0.0,0.0,0.0,0.0,0.0,0.0,0.0,0.0,0.0,0.37531941442146843,0.0,0.37557740295867514,0.0,0.0,0.0,0.0,0.3367145214198238,0.338875567611158,0.0,0.0,0.0,0.0,0.0,0.37684631160672755,0.3675086623002845,0.3803322190604303,0.0,0.0,0.0,0.0,0.0
0.31941549240329625,0.3443226189536025,0.2911346119748793,0.0,0.29546000396189376,0.3624063237635343,0.37580018503618023,0.37304318971776723,0.27141221995374726,0.31814914056498766,0.30617786823649024,0.2504325758352146,0.38995754226220514,0.0,0.37731523226830815,0.28204494204341357,0.28853084862844985,0.0,0.2935016396870868,0.3631285949131489,0.3599808166918615,0.35858038871201164,0.38770272833036645,0.30788490411299796,0.2870092476079592,0.3151287078527876,0.3926138276252606,0.37411914084175024,0.36970210848852747,0.3326427078758371,0.3305579606049752,0.36288936939991534,0.3164548791863785,0.3303353729826157,0.34143443406438995,0.0,0.0,0.0,0.3817988600653557,0.354115108719763,0.36538829584509086,0.3749798479535352,0.0,0.0,0.0,0.3640811219336401,0.37721274267383864,0.0,0.0,0.0,0.0,0.0,0.0,0.0,0.37780452690549604,0.0,0.3682833088121504,0.0,0.0,0.35405485222826927,0.362103078836255,0.3545235855856507,0.35767651563932096,0.0,0.2919547648411257,0.0,0.3938971144274557,0.0,0.3734607316844685,0.36493543670883466,0.3786830015535189,0.0,0.0,0.23873411072855624,0.0,0.36167424381796953
0.0,0.0,0.2712468811394224,0.38191275591499935,0.37670213818597764,0.4095106084417875,0.4342913326444358,0.3839606192399171,0.2753768977232795,0.4276947438420014,0.27651456656897233,0.3221255942292065,0.4365358746548916,0.3507222373365193,0.0,0.0,0.2820176242936678,0.2935016396870868,0.0,0.0,0.0,0.0,0.30271013072689884,0.28300869950335433,0.26819901104546817,0.0,0.34844439784021075,0.4256467254945554,0.0,0.0,0.4473058326828784,0.38977392908454855,0.3286700681788337,0.4493645084001919,0.4053726337911253,0.3968902548222832,0.37666204234891215,0.35079717353741097,0.41348116889772474,0.0,0.0,0.0,0.43454787410421153,0.0,0.0,0.0,0.0,0.5584720900751258,0.0,0.4244297655370503,0.5110047333000324,0.42426473298524736,0.49867470617010795,0.5275335427757185,0.0,0.5142862412723946,0.0,0.4024242507209912,0.46598117217774554,0.0,0.0,0.0,0.0,0.5342136677531084,0.0,0.0,0.0,0.5202737566536272,0.0,0.0,0.0,0.523429451778591,0.3257875105458719,0.0,0.0,0.0
0.41299500068565087,0.3735330618917846,0.35105903154493584,0.40343098989694254,0.38698068996461,0.37539453075501217,0.38587685599539057,0.3934368220410418,0.37449412606463633,0.0,0.0,0.2911739748621124,0.3783180627718299,0.0,0.35861468469116914,0.3590551183356958,0.3040034583904387,0.3631285949131489,0.0,0.0,0.40259533455445207,0.3143973193324612,0.2783405113959915,0.296050885259482,0.3533013885611326,0.4009756571405073,0.3331512800194031,0.3131615746524335,0.28162832579196273,0.3146264218567492,0.3442064014352208,0.3963188926972753,0.35611040854599324,0.385981763943796,0.4252285717321214,0.44979130903876513,0.39956919086447373,0.0,0.4614524099180911,0.44717326128332474,0.47611321763492803,0.46140937775407675,0.3569066236065963,0.0,0.0,0.0,0.4128943390455928,0.0,0.0,0.0,0.44054814278238896,0.30690183889452893,0.4640970571147922,0.0,0.0,0.0,0.0,0.35558876805804573,0.0,0.4705859092714017,0.29989865184826653,0.0,0.24194422842825694,0.0,0.46758016944206615,0.48862850727173984,0.4459074329453636,0.4985295649826382,0.0,0.24595082630569196,0.4563419199960348,0.4742648561272286,0.49029575680564136,0.4805852390961328,0.3621822958380868,0.45553089643514955
0.34949541248412347,0.3809177179734481,0.0,0.0,0.0,0.4495156319923406,0.0,0.34094097248692745,0.0,0.37423004886619865,0.0,0.33999872147287985,0.0,0.40062591335308256,0.3623249835360542,0.3727451440567201,0.0,0.3599808166918615,0.0,0.40259533455445207,0.0,0.4021439859682085,0.35588324721048326,0.3951892655010198,0.35646092368927007,0.35678160076976057,0.4196317939757806,0.3977213962264477,0.3857376532650119,0.0,0.363293577872744,0.3869535080718833,0.37030289796501153,0.376505975291157,0.4180630616282863,0.0,0.0,0.0,0.4394897041565437,0.4159573808244125,0.43771142179112144,0.4716619659947166,0.0,0.0,0.0,0.42046188363570314,0.45425032187628467,0.0,0.0,0.0,0.4396282181520146,0.0,0.429403007668443,0.0,0.0,0.0,0.0,0.3874293640775124,0.0,0.46192426712869206,0.39986386355010456,0.0,0.314729723708862,0.0,0.4704521018743705,0.3867362707867945,0.4737776226636415,0.4538403833737548,0.0,0.34444708515075895,0.46686624173336344,0.4851813586430485,0.42858304382964785,0.44081759517346625,0.3795538181083717,0.3967351831324915
0.3571912382488765,0.3282536357415133,0.37148716949726374,0.44039343678658016,0.40262364011572704,0.3906589547459572,0.4152694838354311,0.3836180168911292,0.37962819829372885,0.0,0.0,0.0,0.4154783088884739,0.0,0.3682312401916762,0.3398223750058592,0.31867112469624953,0.35858038871201164,0.0,0.3143973193324612,0.4021439859682085,0.0,0.41024548382059306,0.0,0.3412787809686273,0.36740331986921615,0.39560729200262057,0.37434254598781785,0.35568091716192385,0.3455738402796061,0.34838379779024914,0.39921189394768003,0.3650177375415835,0.38492561049143714,0.4314412054982979,0.4765651441355718,0.4312413517827717,0.0,0.4433160222022533,0.4356595986504047,0.43852719184452815,0.43682292141423784,0.0,0.0,0.0,0.4231124768396194,0.4323013401206493,0.0,0.0,0.3040155160396763,0.4170271281262087,0.2625981056659493,0.0,0.2898891978425375,0.0,0.0,0.0,0.2661649737040109,0.0,0.48599461861995313,0.4175598469302274,0.0,0.34733923542801587,0.0,0.45875171174580237,0.4428671261530813,0.4499016133878999,0.46597561736094634,0.0,0.3899663298455829,0.46242893072745805,0.4713005319196827,0.3375810445125419,0.45273266501558024,0.35502842859409317,0.4253453622679492
0.39621327073141505,0.4066037698494054,0.31902120518271493,0.371821618302698,0.3701730315315315,0.3583700658045549,0.40160467013692275,0.34189279392490823,0.38280967614290484,0.36915841815759537,0.3115433051960198,0.30273484557577374,0.40596154772341364,0.35923989989607014,0.3571251016029755,0.3984978704311342,0.0,0.38770272833036645,0.30271013072689884,0.2783405113959915,0.35588324721048326,0.41024548382059306,0.0,0.38762373504334485,0.3843197628805436,0.4091871721100543,0.3334922874082147,0.3927692977308604,0.36761930895715217,0.38392906797774984,0.412253637475388,0.388276440681517,0.35674231402878154,0.41570397518704744,0.4377818914931923,0.3845550822910661,0.3873961877854653,0.2963829142463639,0.46298292894737686,0.455154713978631,0.47579837693530797,0.48915137187448815,0.4512142908813301,0.3580560320721459,0.0,0.0,0.4735513488225311,0.5353815016062266,0.0,0.47532713541352334,0.4800534069500124,0.4814212756731616,0.4748258832392187,0.5202781749586264,0.0,0.5007699278791616,0.36791024739477135,0.47662725538103473,0.4812455924143107,0.47126212797928085,0.3126216945862326,0.0,0.0,0.5288632076281247,0.48459217441734975,0.4777301393794608,0.48114229393263397,0.486881187032073,0.0,0.2554528788367782,0.5181507481327161,0.48455077505375127,0.46389537194806163,0.46360459285682504,0.4621727403152921,0.47860183968366576
0.2943748617162663,0.0,0.2938407286300807,0.0,0.3256852287141318,0.29061741056434404,0.2892318198171647,0.41553277514767134,0.3138420327769816,0.2537832561885575,0.3684891697541154,0.23110559761505609,0.2417699369302526,0.3498055473281008,0.3735398590135811,0.3045549217382612,0.32131270561065095,0.30788490411299796,0.28300869950335433,0.296050885259482,0.3951892655010198,0.0,0.38762373504334485,0.0,0.29197516186362393,0.29431688292422836,0.2775445497777645,0.27627458793823984,0.0,0.0,0.30243720198946183,0.2757590214647169,0.2404876130549413,0.24210187292822802,0.27224369885632593,0.27796768478908157,0.24565375730069378,0.22057164548837788,0.4115673628773638,0.2786090023612397,0.27834598451719456,0.0,0.0,0.0,0.2742311501886031,0.36896624352916885,0.42484256023083883,0.0,0.0,0.0,0.0,0.0,0.0,0.0,0.3469466882983617,0.0,0.3210665159918661,0.0,0.0,0.0,0.39420484974822007,0.36829445185935294,0.38271710883596277,0.0,0.0,0.0,0.0,0.0,0.3325558388167496,0.37240295688099967,0.3891452704088655,0.0,0.3998091056492932,0.0,0.0,0.3693637068740768
0.31226336908778896,0.31594374836319794,0.24134439077520012,0.0,0.30384310719243174,0.35014840662978075,0.3551217204617774,0.40276958974684046,0.24089883938444087,0.3028687722801144,0.30254571666873525,0.2877917993547386,0.3706533274745104,0.0,0.3648896891788932,0.33136791114160014,0.2657102143907369,0.2870092476079592,0.26819901104546817,0.3533013885611326,0.35646092368927007,0.3412787809686273,0.3843197628805436,0.29197516186362393,0.0,0.3102940402565411,0.3671222235367178,0.36647101762068324,0.3622011864351709,0.0,0.3207686158062852,0.3556298974083063,0.2834242732300571,0.3071928652158029,0.3338528910896877,0.0,0.0,0.2639799432747187,0.38980811521219766,0.35607431027209024,0.3628373740140311,0.3920575411868123,0.0,0.0,0.0,0.3737550274216795,0.38426689252489515,0.0,0.0,0.0,0.23196208034766894,0.0,0.3306021348750572,0.0,0.3744450321938628,0.0,0.3803586590152098,0.25831021903785617,0.0,0.3855759620918434,0.36788698887821386,0.3696077829715651,0.3627023667997287,0.0,0.36684898754230033,0.35076073210610365,0.395119006881027,0.27056004387081517,0.38016350609507765,0.3706632131618277,0.3825358502564381,0.2833138859753883,0.0,0.34386751014475475,0.0,0.3609389758425226
0.3198472395485629,0.34738449238463,0.2875827789466487,0.0,0.32910082840906724,0.40499916467847136,0.36733073754419115,0.4047228249438229,0.3290236416681875,0.3040696792416749,0.26636269901704207,0.2601188108688986,0.3783396508838192,0.37290791842670523,0.39571178442864463,0.36496670636391126,0.30809112624145824,0.3151287078527876,0.0,0.4009756571405073,0.35678160076976057,0.36740331986921615,0.4091871721100543,0.29431688292422836,0.3102940402565411,0.0,0.4193706717899488,0.35488486646535466,0.37009403988279493,0.0,0.33301677896212895,0.3779044338551608,0.3101556498733623,0.33014702307666144,0.37302024295274816,0.0,0.0,0.27005987448801244,0.429949169114577,0.38398443861488446,0.40307647040699635,0.44097859647939064,0.0,0.0,0.3155351785751916,0.4095317594911562,0.43552669602488264,0.0,0.0,0.0,0.43141205859228504,0.2696219262154368,0.0,0.0,0.36265880926599897,0.0,0.3683256226199529,0.31970636530244273,0.0,0.48669288263510607,0.4070381978398981,0.37937175902940473,0.38127866898757473,0.0,0.45447513604215883,0.447645153469182,0.45802350919361007,0.4351929857315777,0.38639257076509786,0.39001273881836745,0.42151808136027263,0.4565545064087576,0.32592408524923766,0.4511577178344472,0.0,0.3907275257116553
0.45910962685120177,0.3955047487689503,0.3210616135938313,0.37830916740458004,0.3684768966925391,0.34322717822297627,0.39964387366866067,0.4076186354932169,0.3349450081001407,0.385740975239164,0.3822509774532844,0.29270813793074946,0.4037514188233976,0.3968649329088397,0.39194595348247996,0.39344511725031,0.2815282629024172,0.3926138276252606,0.34844439784021075,0.3331512800194031,0.4196317939757806,0.39560729200262057,0.3334922874082147,0.2775445497777645,0.3671222235367178,0.4193706717899488,0.0,0.39646629791325344,0.3314581776306117,0.37285894253978086,0.3971530899216429,0.39269684622089934,0.35724787483071724,0.41095990865335796,0.4201747325984383,0.42270328320591327,0.4005608730376204,0.2938839873970621,0.4620618762332012,0.4152866336892689,0.48132357099485673,0.4844890155790204,0.4422845368547662,0.284832929152125,0.0,0.0,0.3980332240828957,0.5327756293346515,0.0,0.43026702109482823,0.4743804091412691,0.4703899394658579,0.47762710079856846,0.5162134354399572,0.0,0.5071353642813838,0.3503259472803637,0.48941797911000096,0.4654437432894124,0.469655867748314,0.26454761370414726,0.0,0.30835309704424463,0.5240243561132026,0.4942006234193037,0.48914917136840724,0.4945325403136508,0.48607227920195456,0.0,0.0,0.46880443873556815,0.47836303408034625,0.4660901889192874,0.4827011798213054,0.4429403358893062,0.4735900133305155
0.0,0.4012557782388521,0.4387663146050992,0.1930651102224802,0.31965491127019985,0.3434240114838014,0.33518370458000935,0.3846644331766767,0.42305666681902465,0.32726366400331725,0.4270534257572127,0.2711112288929417,0.2990338620013282,0.2766445039426065,0.3824214239393946,0.37160332041704053,0.349705113051038,0.37411914084175024,0.4256467254945554,0.3131615746524335,0.3977213962264477,0.37434254598781785,0.3927692977308604,0.27627458793823984,0.36647101762068324,0.35488486646535466,0.39646629791325344,0.0,0.2802606352844988,0.26276820702864545,0.3335321796891256,0.3500274515759569,0.29203407280936694,0.3097788129191048,0.30322867362381034,0.27754229452122264,0.22906525194971067,0.2696604585895704,0.356389331585645,0.2562138634070512,0.22873788724544014,0.24386569833442978,0.32852708028792466,0.0,0.27738730801742467,0.0,0.25624069561108354,0.384465606746145,0.0,0.2880242419599285,0.44782875136232453,0.3217296104247749,0.4374612080304528,0.3229321513758516,0.34803041657105693,0.3083485516559703,0.33681847137149507,0.3830255780805526,0.0,0.4177245276536515,0.0,0.0,0.0,0.30907980524623857,0.4563059305485399,0.4125102815190878,0.33070257807515735,0.4616318387842781,0.0,0.26239615500639957,0.31993808293688847,0.4590267002747959,0.4166244912911792,0.4299423033582331,0.3246576085954925,0.42078226250072454
0.3661386386267238,0.3825399984265839,0.3719708741848286,0.0,0.3686814584930121,0.32127409710274424,0.38102826294290554,0.3403789579747532,0.3514385444193477,0.29164034708703485,0.0,0.25786826801007473,0.35120318132701417,0.0,0.37655325863797284,0.3743233444040074,0.0,0.36970210848852747,0.0,0.28162832579196273,0.3857376532650119,0.35568091716192385,0.36761930895715217,0.0,0.3622011864351709,0.37009403988279493,0.3314581776306117,0.2802606352844988,0.0,0.290528167475846,0.3312918183008136,0.35649562600918083,0.3097751368689576,0.3666945225288781,0.3966867272492645,0.42319131850455893,0.36273148078585726,0.0,0.4360746920522528,0.3376626701956806,0.455740669776366,0.41947644221297264,0.3630152410860842,0.266712415068566,0.0,0.0,0.39622850695661194,0.37927986473087694,0.0,0.0,0.41401129069000253,0.3033611255444855,0.3976076310943087,0.30754592568718375,0.0,0.34241137377064984,0.0,0.36020015834648117,0.0,0.4432663231394037,0.25570535858031423,0.0,0.2462811025682402,0.0,0.4829839911932813,0.4214651134797207,0.47065034095626035,0.4511743697547059,0.0,0.0,0.42440808889367804,0.4492837338169168,0.4171563695657212,0.4241369072070846,0.37335662247887974,0.423272237359011
0.0,0.39263282723738585,0.4528483018638783,0.0,0.0,0.378069722978722,0.0,0.3650739941746408,0.0,0.0,0.0,0.0,0.2963862487498939,0.0,0.0,0.3410492211596745,0.0,0.3326427078758371,0.0,0.3146264218567492,0.0,0.3455738402796061,0.38392906797774984,0.0,0.0,0.0,0.37285894253978086,0.26276820702864545,0.290528167475846,0.0,0.31701970544443486,0.34529837911353395,0.31653507704459094,0.33171384786383895,0.3581293353441822,0.0,0.33353963740532083,0.0,0.4380384542977891,0.0,0.0,0.0,0.0,0.0,0.0,0.0,0.0,0.0,0.0,0.0,0.0,0.0,0.0,0.0,0.0,0.0,0.0,0.0,0.0,0.0,0.0,0.0,0.0,0.0,0.4357546177121417,0.0,0.36529138696371566,0.4537282646537107,0.0,0.0,0.0,0.45976420979142085,0.34738610965802036,0.39562069351972706,0.0,0.0
0.3259970390402887,0.3183253276670326,0.44776465657992687,0.0,0.41271497870754986,0.40737642989000133,0.3876627194128,0.4078074634008729,0.4394081474396092,0.30127098282317394,0.4489636393839777,0.28009755058531777,0.36896726260674817,0.41452795075116816,0.3810836804374483,0.3264672738469903,0.306672696036084,0.3305579606049752,0.4473058326828784,0.3442064014352208,0.363293577872744,0.34838379779024914,0.412253637475388,0.30243720198946183,0.3207686158062852,0.33301677896212895,0.3971530899216429,0.3335321796891256,0.3312918183008136,0.31701970544443486,0.0,0.3545223915215894,0.3168602519857717,0.24627272719199936,0.2658782666590497,0.3844134036715775,0.3415259683463856,0.2602750040148961,0.4068666760191902,0.3356974277544613,0.4093485283443933,0.3346768262539069,0.33970634264395394,0.0,0.30969533252974674,0.37062102288262044,0.4026705751646493,0.379855704059796,0.0,0.0,0.4506978541273726,0.2947293042363413,0.46027312894599604,0.318671376509359,0.3538741728681428,0.0,0.3582413425365867,0.34249173035110836,0.0,0.4447201693217416,0.381094009987667,0.34761000564191247,0.36516961547047916,0.0,0.4550741025301579,0.39692734018129916,0.42740070821933723,0.4745605250543463,0.3955933498576345,0.3742154231642705,0.40790866995614955,0.47437584124430293,0.40623997221859226,0.43956324836353206,0.0,0.4416872457624078
0.37478146672166224,0.3656970610042096,0.4142000522858406,0.27000698003871326,0.3362340078296726,0.3881750703931849,0.3579631159241943,0.35340303419882363,0.4026438475422027,0.25979087157316927,0.3798496395821168,0.2322873985464479,0.3650483489950701,0.30013686738573203,0.40133050107574186,0.38243068728944685,0.37572445636083457,0.36288936939991534,0.38977392908454855,0.3963188926972753,0.3869535080718833,0.39921189394768003,0.388276440681517,0.2757590214647169,0.3556298974083063,0.3779044338551608,0.39269684622089934,0.3500274515759569,0.35649562600918083,0.34529837911353395,0.3545223915215894,0.0,0.3101483322561647,0.33370084515826204,0.3308918568803874,0.26666596284739313,0.29651717455787746,0.2387231686001453,0.28011538321020574,0.23709085149609233,0.3201750542865615,0.29139826042370065,0.2359678734960424,0.22379095874341176,0.2502898652786665,0.3949704382791368,0.42087820875351156,0.46856243034891665,0.0,0.3174187565237422,0.44240414353840607,0.260138862235373,0.4226235301585285,0.408439537093067,0.3527087157346283,0.3932893397089847,0.22650910623318243,0.3757100634629994,0.37486387612092903,0.46222418944827426,0.39984793147080117,0.0,0.39378383548319434,0.39746029081550827,0.45909171838079277,0.42161937987143533,0.4443810455181239,0.4570713382826116,0.3876772857008376,0.4065030548998843,0.4335674404633781,0.453971551159765,0.3066588498460712,0.4360233627619561,0.4258163396459308,0.4486692413365589
0.32217618541246734,0.30441720741315137,0.3036839794038819,0.0,0.3210809674918811,0.356690120754557,0.30862042613487956,0.366605343146762,0.36419060051154106,0.258120447113368,0.356118415681773,0.2230853139148346,0.32240066256610206,0.0,0.39245262769664235,0.3444336184312348,0.3069469434023104,0.3164548791863785,0.3286700681788337,0.35611040854599324,0.37030289796501153,0.3650177375415835,0.35674231402878154,0.2404876130549413,0.2834242732300571,0.3101556498733623,0.35724787483071724,0.29203407280936694,0.3097751368689576,0.31653507704459094,0.3168602519857717,0.3101483322561647,0.0,0.23581419100909268,0.3811162154479721,0.3892074320307573,0.22138356398989267,0.1700965506514044,0.28381944886311367,0.23476813735757227,0.2448322853670419,0.2895278806909495,0.0,0.0,0.2121014377852684,0.3750606609635466,0.4036730268945706,0.0,0.0,0.0,0.0,0.0,0.0,0.0,0.3151228184348531,0.0,0.3250508275785576,0.30219859990689263,0.0,0.46586641851612876,0.3812516862340203,0.3016267616792958,0.3572818042168408,0.0,0.4300093312834297,0.40147648209288933,0.4479057311095173,0.4412651294567811,0.32036052194109366,0.3632960058161435,0.3872478055088608,0.4489512075099423,0.31692211234826867,0.0,0.0,0.3350735987504084
0.30758420844106815,0.31864437787859573,0.4481453481420679,0.19107738366162463,0.3939077714752027,0.4048525557040009,0.36076130634918524,0.4038123507931127,0.43258126297751,0.260986938612301,0.4302851254580463,0.18805764176145473,0.3597589867753409,0.3666708294194014,0.40438439450562463,0.3393552362814132,0.31990492460623066,0.3303353729826157,0.4493645084001919,0.385981763943796,0.376505975291157,0.38492561049143714,0.41570397518704744,0.24210187292822802,0.3071928652158029,0.33014702307666144,0.41095990865335796,0.3097788129191048,0.3666945225288781,0.33171384786383895,0.24627272719199936,0.33370084515826204,0.23581419100909268,0.0,0.2857574961571636,0.31760431972814673,0.19885341992856712,0.18422444622965192,0.3039999599942636,0.2341361259452562,0.23470289185070492,0.3048277753541314,0.232593417960418,0.1997919790545234,0.20042846222352456,0.3665911571305024,0.4090953705690862,0.35074447151539456,0.0,0.0,0.46483271206662585,0.19501027621516395,0.45843916427247633,0.29477215282486446,0.3559163145841922,0.0,0.345492149465828,0.25103424645745703,0.0,0.46240870989132093,0.37844239574478455,0.33968180090209593,0.3628208144729751,0.0,0.45609713993682827,0.4048343209431458,0.4430908019244585,0.4776863287209526,0.3709464814875105,0.3669768178740558,0.4155989371290664,0.4722103557456715,0.17349865794348857,0.44689786441699214,0.0,0.4798889426944741
0.3544814439078198,0.3691958224718449,0.43081101939201255,0.301971099999644,0.3912750083217184,0.40434398317917214,0.36344948400726057,0.40808445556037093,0.420258533466835,0.24543124206795727,0.4018043086897899,0.20874885011004052,0.36391339017997043,0.0,0.440313684631651,0.3901880391230507,0.3337369799844222,0.34143443406438995,0.4053726337911253,0.4252285717321214,0.4180630616282863,0.4314412054982979,0.4377818914931923,0.27224369885632593,0.3338528910896877,0.37302024295274816,0.4201747325984383,0.30322867362381034,0.3966867272492645,0.3581293353441822,0.2658782666590497,0.3308918568803874,0.3811162154479721,0.2857574961571636,0.0,0.413554705100571,0.32227231657560307,0.22934011825390568,0.29998237169055614,0.26726652602841494,0.2391133185734935,0.31729110414487716,0.2589931758105305,0.23887190825844026,0.18436094409505466,0.4529547375913294,0.4311043683955427,0.0,0.0,0.0,0.28762452407440925,0.0,0.0,0.24197525941450446,0.39133252337984253,0.0,0.0,0.26868674127940756,0.0,0.4878211631910959,0.3976062457926225,0.34693771450570204,0.36870537042190293,0.25113932560005203,0.4556645725274277,0.45552918757806005,0.47004491672930293,0.49432170034094886,0.0,0.37782454325481774,0.4430612150060126,0.484757541155199,0.21623035621518064,0.4355526598938407,0.0,0.0
0.0,0.0,0.42248867897309056,0.18648171844917766,0.21608508330139573,0.4083195739078795,0.2822241780195629,0.3015155489302692,0.3912076634277301,0.32235141848861254,0.3382958425425024,0.2648965916548162,0.3327225803855108,0.2335212717166856,0.47095002542041386,0.0,0.3801153211774528,0.0,0.3968902548222832,0.44979130903876513,0.0,0.4765651441355718,0.3845550822910661,0.27796768478908157,0.0,0.0,0.42270328320591327,0.27754229452122264,0.42319131850455893,0.0,0.3844134036715775,0.26666596284739313,0.3892074320307573,0.31760431972814673,0.413554705100571,0.0,0.1861767157675374,0.2581663024310369,0.31652760103439875,0.0,0.2621190370079571,0.29674169194496747,0.31427027132144675,0.20975576100140345,0.0,0.0,0.0,0.4604191980460901,0.0,0.3445161556959669,0.3952734549391385,0.35002383168515977,0.3709373267342752,0.43690716173387645,0.0,0.40102388799930094,0.0,0.33116960208076845,0.3842359468855491,0.0,0.0,0.0,0.0,0.42105812875830856,0.0,0.0,0.0,0.44885336433894263,0.0,0.0,0.0,0.43079399833607634,0.27557168249443115,0.0,0.0,0.0
