0.0,0.38075231813887617,0.0,0.0,0.0,0.4232665287137528,0.0,0.47472273545898724,0.0,0.37508003361528147,0.0,0.374790448881324,0.330205149932047,0.0,0.3675199160210891,0.37693498539598325,0.336133074049361,0.373203750239969,0.0,0.3879130821433596,0.4000347115102235,0.37490359152786035,0.4446494904958815,0.38812865395248836,0.3566185343255769,0.36663501753689687,0.4302883449178178,0.3554449274831268,0.38073523546890947,0.0,0.3610502660604725,0.38485145180263525,0.34678672338531213,0.36459048518214027,0.4027874109888681,0.0,0.0,0.33664041999078587,0.39914667140742205,0.3919150550558248,0.3814291763831476,0.4463352158173058,0.0,0.0,0.0,0.396901743226676,0.4373965019239124,0.0,0.0,0.0,0.3279702195068382,0.0,0.0,0.0,0.41230594390003367,0.0,0.41323908475202714,0.28693449629657614,0.0,0.0,0.40366530608805967,0.0,0.40091269556544523,0.0,0.0,0.42540201416125045,0.41597921590467013,0.0,0.0,0.421392668534681,0.44167661511421447,0.0,0.0,0.40857962210661297,0.0,0.3493178492931793
0.38075231813887617,0.0,0.0,0.0,0.37205778686862556,0.3795924942010107,0.4006472198855752,0.4278209393382591,0.3723302765312263,0.24004070127708108,0.0,0.0,0.4048779950570906,0.0,0.3773299855574431,0.3571202227337392,0.0,0.34834692509455223,0.0,0.3776639639119377,0.38128964430322837,0.3329349789417201,0.3942857485231175,0.0,0.3177659902604925,0.35042739763758823,0.38260918016647827,0.4045168107380046,0.3931964247109015,0.0,0.32833223467073785,0.36125511736652877,0.3106293880106548,0.33018418266934263,0.38205750077825706,0.0,0.0,0.0,0.41415392018609215,0.40630473909928605,0.40123948969461354,0.43668096401083484,0.0,0.0,0.0,0.43181538271220365,0.4210411600312756,0.0,0.0,0.0,0.36479797917139684,0.2586526793556153,0.0,0.0,0.2773531214099313,0.0,0.30020287934088186,0.23391235227774354,0.0,0.43193151905444666,0.41191283936278056,0.0,0.3384206536894139,0.0,0.4161007674150753,0.44693980360502195,0.42262671088640447,0.43562350789630194,0.4220312044905642,0.39914285439837516,0.44434251803015246,0.40131577238050714,0.24403193959410394,0.4055762129944339,0.0,0.39906724446773
0.0,0.0,0.0,0.346603102362262,0.39594774847852815,0.3369938219502799,0.4268321384013946,0.43305725727761524,0.2915168989929928,0.38917784496917773,0.3093165651929289,0.29401278411224185,0.436238954149394,0.40376334147043935,0.0,0.0,0.30952935140428883,0.31097274977445066,0.2597665837659072,0.0,0.0,0.0,0.3119010016270142,0.0,0.0,0.0,0.3109860086681848,0.44422892884947157,0.0,0.0,0.46346651440830694,0.42614072235201333,0.30908732371126585,0.4619614490725308,0.41637820537864295,0.4045894143464774,0.4325276196815788,0.28957072345223683,0.43702558069571007,0.0,0.3297369740534015,0.0,0.4675761272452775,0.3418214767781254,0.0,0.0,0.0,0.3286879939632759,0.0,0.39793773410334266,0.4960023244197526,0.5357836978428077,0.45202706550551847,0.4623715322880889,0.0,0.34456008646903674,0.3187113878914319,0.46989541142105656,0.44204339747679217,0.0,0.0,0.0,0.0,0.29400967538063727,0.0,0.0,0.0,0.5095409836167791,0.0,0.0,0.0,0.508848195598399,0.35734258065342306,0.33839447545282975,0.0,0.39676839730561647
0.0,0.0,0.346603102362262,0.0,0.23629088144507382,0.3832175723307065,0.2231408994062267,0.30972433784861303,0.4262519814819517,0.20706757340259704,0.3765345732989301,0.1896524313298682,0.3162883542811327,0.29746064278821066,0.0,0.0,0.0,0.0,0.41339040957619777,0.3706541944944709,0.0,0.0,0.3743456402340569,0.0,0.0,0.0,0.3672014221243972,0.22084219626526216,0.0,0.0,0.33122255640847226,0.27132514653903556,0.0,0.2287062010116824,0.3171308794278315,0.21641799293599684,0.1549649116591293,0.17348562097573206,0.21363241046092937,0.0,0.0,0.0,0.0,0.0,0.0,0.0,0.0,0.0,0.0,0.0,0.0,0.0,0.0,0.0,0.0,0.0,0.0,0.0,0.0,0.0,0.0,0.0,0.0,0.0,0.0,0.0,0.0,0.29004138371280114,0.0,0.0,0.0,0.30076561411181724,0.0,0.0,0.0,0.0
0.0,0.37205778686862556,0.39594774847852815,0.23629088144507382,0.0,0.351427399563725,0.30968805893550866,0.3744325643041264,0.325788206925678,0.3904303021753229,0.3255009839689539,0.33127103082129833,0.3322914900999618,0.2502068449295425,0.0,0.4013180347357439,0.3938170053193564,0.3414503338104858,0.41989338243651014,0.4405935681060966,0.0,0.42444761057017094,0.379448279283264,0.39802435593341057,0.32694897481740826,0.34157368290531614,0.35493150915567717,0.3388158436062058,0.3995983631865227,0.0,0.4275705138490221,0.34003289234891165,0.3037992259695573,0.40627883418062116,0.36166381338551046,0.2266531317441057,0.2583099260774216,0.32143384758917604,0.3383278693171354,0.0,0.23512831845845905,0.0,0.3937311984669955,0.0,0.0,0.0,0.0,0.4891239174253334,0.0,0.0,0.4327733378918494,0.33850908867632273,0.0,0.43324781389611,0.0,0.4188568829634014,0.0,0.0,0.0,0.0,0.0,0.0,0.0,0.4414690047401077,0.0,0.0,0.0,0.47279005597505397,0.0,0.0,0.0,0.42571434495863325,0.2886626498869307,0.31289250193307705,0.0,0.33870357758478337
0.4232665287137528,0.3795924942010107,0.3369938219502799,0.3832175723307065,0.351427399563725,0.0,0.3756034626173307,0.35534106704970125,0.28953860250999414,0.4333002161669514,0.31186206881688205,0.3414297787837633,0.35656003311331114,0.3879690386491763,0.3832397354710084,0.4124777786262894,0.27274784441089006,0.3911921942147119,0.29978872864626677,0.3793764280885557,0.37883475968985963,0.3977375923974502,0.34874959437766173,0.3171729919384906,0.35299681949798245,0.3806535365835206,0.32678581938076207,0.3486892287753709,0.2764585444556221,0.38790229890947336,0.42657392935772853,0.38291693465017723,0.34553701115651064,0.42436051063074814,0.40671563858666143,0.3925491461988538,0.4084302973712035,0.3403371440966092,0.42911855877723115,0.30007334601972124,0.4141322209418246,0.3508820503368819,0.374345366771434,0.2533833890215236,0.2866034377586351,0.289024079525858,0.3069417963369804,0.4747964138645194,0.31161748501034,0.37363152854504517,0.45730298512630707,0.460834826984751,0.4398830288984624,0.4778229838493472,0.0,0.4150679716665404,0.3220962072787993,0.46386131872284625,0.0,0.41170363329038556,0.2347217393381518,0.0,0.0,0.46953699491864476,0.4499998173708604,0.38343476908738433,0.4380617047465059,0.4614005514250187,0.0,0.22702213818761952,0.37969739114801615,0.4563319638306772,0.4682873410690921,0.4542724703412499,0.42101059539637925,0.48355047318935074
0.0,0.4006472198855752,0.4268321384013946,0.2231408994062267,0.30968805893550866,0.3756034626173307,0.0,0.41207317229029644,0.3649087022184799,0.3756933347451708,0.4268711697326525,0.3522810873029449,0.3166089800367811,0.32171728730922783,0.0,0.44533086213562545,0.37396969393868773,0.3963601371373484,0.44645457167757413,0.4101585262168991,0.0,0.4221971992445242,0.40881073507307825,0.3731891810643417,0.37226856080177134,0.3668111144762181,0.3897124707459609,0.3392150167497949,0.39087495674572387,0.4171330503994992,0.40557579477336253,0.3733641398168903,0.3404795116893433,0.38518379744858566,0.3704450239115696,0.26857118876669467,0.25464925977203595,0.3428294106209869,0.2869982591869046,0.0,0.19785309424255115,0.0,0.3385804194429375,0.0,0.26660478309926483,0.0,0.2597686768708569,0.42077176759328444,0.0,0.0,0.45535295195725595,0.34664956804139313,0.41321393877777207,0.3884969744151567,0.39501405096358605,0.352047284988325,0.25606309104285324,0.3101038984274635,0.0,0.0,0.0,0.0,0.0,0.3670936412366484,0.3127740802946254,0.0,0.0,0.4746051574767326,0.0,0.0,0.26178060545716003,0.47435515047507965,0.31719502795127563,0.33375742450907303,0.0,0.3172463685654957
0.47472273545898724,0.4278209393382591,0.43305725727761524,0.30972433784861303,0.3744325643041264,0.35534106704970125,0.41207317229029644,0.0,0.43109818309276604,0.3980307820873345,0.3594261304131987,0.37860784739017633,0.4148461685839868,0.37478018158197307,0.38629710749483465,0.42337896644497525,0.0,0.42662080155894533,0.43158368106239686,0.3584910161356843,0.3798976109110662,0.41507556654936517,0.3434583889264795,0.46849009927623875,0.4332635592655468,0.4483925798104779,0.3882978139170121,0.4085316571821584,0.3574033113248611,0.38995812408278635,0.4275824935949819,0.3520485252425745,0.4319073181048283,0.4238166686535526,0.42177470049330373,0.26914436852939905,0.2872556029946129,0.0,0.429712237289374,0.0,0.46607901917822686,0.0,0.39920407858174384,0.0,0.0,0.0,0.0,0.48655482210635426,0.0,0.43005213089841055,0.45787515170917814,0.4706184431854661,0.36647362823848667,0.4920024956029568,0.0,0.4450455579192824,0.0,0.46974997362690885,0.5133993841063376,0.46239116320767265,0.0,0.0,0.0,0.49577444597372455,0.48323615626115196,0.4709296082167571,0.5170900778975384,0.45733015425874096,0.0,0.0,0.0,0.46866695457600394,0.4674865281991138,0.4814072214306009,0.42121174566649605,0.46364563262536745
0.0,0.3723302765312263,0.2915168989929928,0.4262519814819517,0.325788206925678,0.28953860250999414,0.3649087022184799,0.43109818309276604,0.0,0.47866090533007616,0.3186636785279993,0.4252056043522429,0.3240159658206091,0.4125864706442486,0.0,0.37840188400953234,0.30021740086245974,0.2810405528740681,0.27165685405983653,0.3874291170614998,0.2879368945582223,0.40016411268779856,0.35537102557299755,0.3626653456026907,0.29157122152045667,0.3482425523599779,0.303697116983911,0.43078070338410535,0.34902615011558225,0.3708807661678799,0.4524609143399605,0.4138818017841198,0.3998018772723162,0.445528989931358,0.43250900213629556,0.42838485129059495,0.45533124246439344,0.5104811856281115,0.4476173079181467,0.26920682158908016,0.25713055595301315,0.2521428944071044,0.46155891115381614,0.2781656182138169,0.0,0.0,0.0,0.5165999417367156,0.0,0.4161305590655611,0.48701623636405766,0.4766993153749306,0.4768237225951512,0.5068616521946168,0.0,0.4989821318968825,0.3469679679414369,0.43325205241377496,0.5015733315282371,0.0,0.0,0.0,0.0,0.5061051334843893,0.3201774871819476,0.0,0.0,0.49537283509383,0.0,0.0,0.0,0.48972109631838256,0.3537816195775425,0.3327227708486767,0.0,0.35792516772907945
0.37508003361528147,0.24004070127708108,0.38917784496917773,0.20706757340259704,0.3904303021753229,0.4333002161669514,0.3756933347451708,0.3980307820873345,0.47866090533007616,0.0,0.4447151842420734,0.24119149529494424,0.40048666517858106,0.36733554722384815,0.256337242534741,0.2995487104395322,0.3185747401645299,0.33162287164197457,0.4626197763382678,0.26977420897706544,0.4251680852545582,0.27775080413391495,0.42391467586373155,0.30042094358691523,0.321581990062702,0.3308758047958642,0.4129599535351654,0.3753197566803331,0.3083760674891217,0.0,0.33577705748725045,0.31880481611491557,0.30524860768968204,0.29457406974674843,0.3321124529922646,0.307381168897212,0.23082832480889703,0.25134948457593165,0.2828585289873819,0.34116674394730645,0.2969300271844087,0.30303011313752926,0.3398328608807335,0.2169752971464351,0.31759016996691447,0.3846530117619471,0.0,0.0,0.0,0.0,0.32848497664199605,0.3204303614710497,0.328073613121385,0.0,0.43519279176162007,0.0,0.4343818082813394,0.2920993942683658,0.0,0.0,0.3649143566889952,0.4265861600407579,0.4179520800715501,0.0,0.0,0.0,0.0,0.29424381023935525,0.4032914676341042,0.4296249718262541,0.4416493023450518,0.31892243820358357,0.2958605187066333,0.32747663563135965,0.0,0.385724606950582
0.0,0.0,0.3093165651929289,0.3765345732989301,0.3255009839689539,0.31186206881688205,0.4268711697326525,0.3594261304131987,0.3186636785279993,0.4447151842420734,0.0,0.39068834849036344,0.42988822517558745,0.3228300700625098,0.0,0.0,0.3516321041637859,0.32041068404710366,0.2614442504459098,0.0,0.0,0.0,0.25615709393696373,0.3926124171531633,0.33975330910269325,0.28574138320130416,0.33408896396606363,0.4337531115502534,0.0,0.0,0.45462096245430506,0.3596027692766567,0.3697788643449627,0.4395272435765455,0.39951954987164406,0.3122948441527088,0.42775082275124526,0.39656447475415874,0.4004096561934967,0.0,0.28560933193417404,0.0,0.41328290077924,0.30171424454726065,0.0,0.0,0.0,0.3308574238438993,0.0,0.39800716702995875,0.4486279740481923,0.4187767157447865,0.42110292450545067,0.43988386916467065,0.3077049247367853,0.36359421793198105,0.29375470939599824,0.39561123734404835,0.41973394522191215,0.0,0.0,0.0,0.0,0.3067643966894011,0.0,0.0,0.0,0.501775765101955,0.0,0.0,0.0,0.4773081187161539,0.35029051096370456,0.0,0.0,0.33851619885467216
0.374790448881324,0.0,0.29401278411224185,0.1896524313298682,0.33127103082129833,0.3414297787837633,0.3522810873029449,0.37860784739017633,0.4252056043522429,0.24119149529494424,0.39068834849036344,0.0,0.39757294616843714,0.22757761335097373,0.0,0.0,0.34012228992808363,0.3419326492677581,0.3383143283566066,0.0,0.3899902248630286,0.0,0.3493674854078801,0.26887481788478074,0.3418079550161875,0.29249128820252296,0.29922358736545057,0.3336218547528385,0.2652040022314139,0.3771389294678355,0.3198601907306517,0.2912809950230026,0.2603029809706775,0.23018239691967943,0.3045180400741559,0.30750419797737905,0.24697206452663648,0.1931093350683137,0.31498247543548913,0.34345469164367315,0.2752352394304015,0.0,0.32552152272468227,0.0,0.3212566278012426,0.0,0.0,0.0,0.0,0.0,0.3479415958751589,0.0,0.0,0.0,0.44078973415404027,0.0,0.44052887894009735,0.280019065945418,0.0,0.0,0.35244763223404146,0.4439568246374328,0.411654276756431,0.0,0.0,0.0,0.0,0.0,0.41011305912120966,0.4307174710512909,0.4417580768802905,0.0,0.24902979360162938,0.0,0.0,0.40151186796103894
0.330205149932047,0.4048779950570906,0.436238954149394,0.3162883542811327,0.3322914900999618,0.35656003311331114,0.3166089800367811,0.4148461685839868,0.3240159658206091,0.40048666517858106,0.42988822517558745,0.39757294616843714,0.0,0.35467637780479594,0.0,0.43242024281337926,0.4256713887523804,0.42228720585083784,0.44733984467245097,0.40959091700437616,0.4188703275385441,0.4287095103991149,0.41311281847456,0.45299739345919693,0.39401726330261017,0.4036704020687259,0.4015830055412915,0.31885709883464397,0.3635955016027086,0.4014944076357967,0.39695931785005684,0.38087027979102195,0.37346908488778885,0.40038270085733957,0.37659021081283744,0.31549608522814293,0.33992129003811217,0.37583136592150823,0.34767879209554725,0.31823311094840556,0.22729766209541308,0.23898723954984555,0.34800470477890527,0.2083556422820014,0.3294654005661888,0.29787342196459227,0.24474278042138295,0.43156587196960317,0.0,0.0,0.49551656725701254,0.37765128300893847,0.4470063804585628,0.35581259974713136,0.37952298536995527,0.38342439197050576,0.36002321587188324,0.2702791143332723,0.0,0.3428538760623285,0.24849512160113715,0.0,0.2765632661366659,0.3902533609879535,0.40106813325191837,0.0,0.2716066850662447,0.4804416629149456,0.3961937200709298,0.27766317773776455,0.2970867333948431,0.4842095631428663,0.37067014201786,0.44724387971350654,0.34498116795139705,0.3640130258144999
0.0,0.0,0.40376334147043935,0.29746064278821066,0.2502068449295425,0.3879690386491763,0.32171728730922783,0.37478018158197307,0.4125864706442486,0.36733554722384815,0.3228300700625098,0.22757761335097373,0.35467637780479594,0.0,0.0,0.0,0.0,0.0,0.38203913381887994,0.0,0.4232694779378735,0.0,0.3691066930931726,0.0,0.0,0.0,0.4025246541261652,0.2491790679323369,0.0,0.41358022954170115,0.4636482157326976,0.2702700243675099,0.0,0.4227275749733389,0.0,0.23513760918414914,0.2070322928125129,0.23572784484574366,0.3308970978009327,0.0,0.0,0.0,0.0,0.0,0.0,0.0,0.0,0.39844183173775427,0.0,0.4096441322187073,0.3761702382266515,0.0,0.0,0.45365018787255473,0.0,0.4075707479364954,0.0,0.0,0.0,0.0,0.0,0.0,0.0,0.4391257489425099,0.0,0.0,0.0,0.4480725671231649,0.0,0.0,0.0,0.40808049640806116,0.0,0.291915863590951,0.0,0.0
0.3675199160210891,0.3773299855574431,0.0,0.0,0.0,0.3832397354710084,0.0,0.38629710749483465,0.0,0.256337242534741,0.0,0.0,0.0,0.0,0.0,0.3838302627200471,0.28800592077400355,0.37205312789749706,0.0,0.2912698803759672,0.36549755506336634,0.28870248059324627,0.32048110849158234,0.386522514141654,0.3702494734519689,0.34090751693365484,0.320756579977858,0.37889613947177053,0.36569409172659834,0.3748684966729341,0.37184639338512937,0.3719706819976098,0.3502038660909722,0.38147811533603143,0.4108196336963581,0.4465274730038823,0.4086875569359657,0.0,0.43109342290918934,0.4392046764238895,0.4364460148798821,0.4606155198637855,0.33856747887388794,0.0,0.0,0.5547273379049423,0.4554208361042263,0.0,0.0,0.0,0.4214029930276524,0.0,0.48974067844463887,0.0,0.0,0.0,0.0,0.34742961898009445,0.0,0.46246028101064734,0.3850993726298488,0.0,0.0,0.0,0.43944175252949114,0.4429402728648718,0.4591373361366664,0.4519226700171157,0.0,0.3126974876551395,0.4886651534572493,0.45384730048246313,0.4300981791857132,0.4385315099386447,0.0,0.42127534240695025
0.37693498539598325,0.3571202227337392,0.0,0.0,0.4013180347357439,0.4124777786262894,0.44533086213562545,0.42337896644497525,0.37840188400953234,0.2995487104395322,0.0,0.0,0.43242024281337926,0.0,0.3838302627200471,0.0,0.3522688544850609,0.32432718687852063,0.0,0.35544382393601026,0.39241073329785864,0.32918921032035614,0.40853153591783087,0.35920588973451645,0.3496360809724118,0.3788356252690116,0.39293185788875323,0.40970835796967575,0.3856566112283213,0.3812234208989676,0.3374476291299772,0.38553758088560175,0.3205992153793427,0.348895915822947,0.3977521369696499,0.0,0.0,0.0,0.40989861888426105,0.39437654333386873,0.3973730811722198,0.42727431850997577,0.0,0.0,0.0,0.4139117171236848,0.41668594151371546,0.0,0.0,0.0,0.2507988291697186,0.0,0.0,0.0,0.27923923515150584,0.0,0.28436459246819773,0.24550011075763603,0.0,0.42506845723482584,0.40911319980653194,0.0,0.37181641975966884,0.0,0.39913013738829384,0.0,0.41626293827347066,0.3348833517552108,0.3805027994702603,0.39641896989660036,0.4259686428015417,0.3386133718080845,0.0,0.3391041892348959,0.0,0.38590238935170923
0.336133074049361,0.0,0.30952935140428883,0.0,0.3938170053193564,0.27274784441089006,0.37396969393868773,0.0,0.30021740086245974,0.3185747401645299,0.3516321041637859,0.34012228992808363,0.4256713887523804,0.0,0.28800592077400355,0.3522688544850609,0.0,0.3165003897945383,0.2998459903973691,0.3251375806944331,0.0,0.3394752859074006,0.2826467723665107,0.34937281670469783,0.30084533463230173,0.32921101504099765,0.27826861185909707,0.4134924664532928,0.3231425898737842,0.0,0.3523091738173054,0.386285967971485,0.32029603335614065,0.35084541431338206,0.3773860391382261,0.4331555643764025,0.0,0.28952258069834697,0.39231977270546786,0.3708083657601691,0.39422502867104897,0.3915601662522334,0.0,0.0,0.0,0.0,0.36036780241469984,0.0,0.0,0.0,0.0,0.0,0.0,0.0,0.42940555102078753,0.0,0.45151745195479887,0.0,0.0,0.0,0.3551878130593302,0.407738235408572,0.4140282989737172,0.0,0.0,0.0,0.0,0.0,0.4255850082879992,0.4059578805289888,0.4239792356459462,0.0,0.0,0.0,0.0,0.3886344472438566
0.373203750239969,0.34834692509455223,0.31097274977445066,0.0,0.3414503338104858,0.3911921942147119,0.3963601371373484,0.42662080155894533,0.2810405528740681,0.33162287164197457,0.32041068404710366,0.3419326492677581,0.42228720585083784,0.0,0.37205312789749706,0.32432718687852063,0.3165003897945383,0.0,0.31835007988942565,0.36684037065847264,0.4047677370974797,0.35180767406179847,0.4284815395621649,0.351404837501158,0.32640345585457287,0.3612023540322172,0.39834097937868906,0.41285699740485776,0.3983164183226838,0.0,0.3703604122997332,0.3950921649160427,0.3258234004323352,0.3555757895569392,0.39696507047851604,0.0,0.0,0.21718869849550548,0.4021240762753593,0.38069173516190236,0.39047799587561904,0.40669769583007065,0.0,0.0,0.0,0.4068444567448024,0.4070608386435291,0.0,0.0,0.0,0.26136450025899444,0.0,0.0,0.0,0.38862153855779624,0.0,0.4109296358768891,0.0,0.0,0.36688939061475445,0.3999640102161343,0.3657600101313577,0.3889971945105361,0.0,0.2950396869307948,0.0,0.40191995933220026,0.31396089749187117,0.4109540029806954,0.39604236665970655,0.4115500161590569,0.2907271426241403,0.0,0.25861930473082034,0.0,0.3915344632898217
0.0,0.0,0.2597665837659072,0.41339040957619777,0.41989338243651014,0.29978872864626677,0.44645457167757413,0.43158368106239686,0.27165685405983653,0.4626197763382678,0.2614442504459098,0.3383143283566066,0.44733984467245097,0.38203913381887994,0.0,0.0,0.2998459903973691,0.31835007988942565,0.0,0.0,0.0,0.0,0.2962877853169739,0.32301753733464,0.0,0.2966395016665447,0.3321684067554829,0.44723536902470834,0.0,0.0,0.48257017082185105,0.4118599714041286,0.35170531223040763,0.48486119121286175,0.43325243669618324,0.3950743246020282,0.44507602201848334,0.380833589212133,0.4201023629931633,0.0,0.27392207575150307,0.0,0.4290867056572765,0.336635660370379,0.0,0.0,0.0,0.5305940287856125,0.0,0.4149313586287478,0.4783132338315146,0.42442956853692887,0.4929278759779412,0.506065520064519,0.0,0.4860020804279541,0.0,0.37843821071448314,0.45241935209268846,0.0,0.0,0.0,0.0,0.5054655199126219,0.0,0.0,0.0,0.4971625688536963,0.0,0.0,0.0,0.49212728583677756,0.31761766406237024,0.3322571404112219,0.0,0.36779816398267845
0.3879130821433596,0.3776639639119377,0.0,0.3706541944944709,0.4405935681060966,0.3793764280885557,0.4101585262168991,0.3584910161356843,0.3874291170614998,0.26977420897706544,0.0,0.0,0.40959091700437616,0.0,0.2912698803759672,0.35544382393601026,0.3251375806944331,0.36684037065847264,0.0,0.0,0.39744824413433283,0.30921841179480497,0.2793341799458294,0.31737159228568596,0.3619102708430751,0.3764356240621595,0.27088607241870194,0.35635245270880805,0.30126355188377973,0.33183729580042576,0.3563391224399117,0.3736488618027573,0.3291965789132813,0.37983092900448945,0.4106435132177988,0.41629998224036524,0.40425743997395314,0.0,0.4011010802716674,0.3670697854610237,0.35177349664228574,0.4320873251107852,0.31317068284627314,0.0,0.0,0.3284116240935731,0.3760466945450517,0.0,0.0,0.0,0.39585703972703257,0.0,0.4595931022896179,0.0,0.0,0.0,0.3235795106105903,0.3280884568862357,0.0,0.44008303521497844,0.2576853902387066,0.0,0.22993868697549721,0.0,0.4400273800805147,0.4195700466979963,0.42552413500607644,0.46414000661839727,0.0,0.24154524819182055,0.4295799684168503,0.4552902998415139,0.4406744361654098,0.44759029365056924,0.0,0.392574881561343
0.4000347115102235,0.38128964430322837,0.0,0.0,0.0,0.37883475968985963,0.0,0.3798976109110662,0.2879368945582223,0.4251680852545582,0.0,0.3899902248630286,0.4188703275385441,0.4232694779378735,0.36549755506336634,0.39241073329785864,0.0,0.4047677370974797,0.0,0.39744824413433283,0.0,0.38179629368618395,0.38540665272022795,0.4542773835685674,0.40240203231159744,0.3812952743759345,0.40107643993958775,0.4069301957568986,0.380400205231071,0.4339759718845749,0.37741435723945993,0.38441892438743513,0.3705998934741188,0.37864952369082805,0.42364045384145277,0.0,0.0,0.3384934914363262,0.406920288924644,0.40009366338130087,0.3705355976711599,0.44461715858961676,0.0,0.0,0.0,0.39837208859458473,0.45409059773773364,0.0,0.0,0.0,0.42475946996996927,0.0,0.379340014210061,0.0,0.41648243545296343,0.0,0.38120709170064876,0.0,0.0,0.4398427395208698,0.39247209560684054,0.0,0.0,0.0,0.45825345213701085,0.37749153378941985,0.43629467013121337,0.4522542841132282,0.0,0.3758382217807631,0.4613140209922312,0.45639239364959566,0.4255294946451205,0.4310146368613478,0.0,0.3427021313067903
0.37490359152786035,0.3329349789417201,0.0,0.0,0.42444761057017094,0.3977375923974502,0.4221971992445242,0.41507556654936517,0.40016411268779856,0.27775080413391495,0.0,0.0,0.4287095103991149,0.0,0.28870248059324627,0.32918921032035614,0.3394752859074006,0.35180767406179847,0.0,0.30921841179480497,0.38179629368618395,0.0,0.3792803015602615,0.29930349013170227,0.35486468222240874,0.33349489751380706,0.3769318106154197,0.3872978952216955,0.35864173416497125,0.3611523825279884,0.34129578662862214,0.3660185059048317,0.32358408644760034,0.3603691299621543,0.401816319604418,0.43702656179148797,0.0,0.0,0.42145103964763514,0.4110119732205977,0.41391349323945786,0.44383072200928153,0.29734290224090565,0.0,0.0,0.4287741293273888,0.420030325523911,0.0,0.0,0.0,0.3901921397528914,0.0,0.0,0.0,0.0,0.0,0.0,0.2417287245266104,0.0,0.46021740478169204,0.3936982187553353,0.0,0.28346366228744163,0.0,0.42417585076149583,0.4483232684338677,0.43373980543896906,0.4460955378107721,0.5236639154954313,0.369423985423453,0.44914548593686243,0.42946977739292064,0.26100197608941245,0.40891185400432983,0.3566669035025502,0.4003994478836256
0.4446494904958815,0.3942857485231175,0.3119010016270142,0.3743456402340569,0.379448279283264,0.34874959437766173,0.40881073507307825,0.3434583889264795,0.35537102557299755,0.42391467586373155,0.25615709393696373,0.3493674854078801,0.41311281847456,0.3691066930931726,0.32048110849158234,0.40853153591783087,0.2826467723665107,0.4284815395621649,0.2962877853169739,0.2793341799458294,0.38540665272022795,0.3792803015602615,0.0,0.47317813820143917,0.4100605667097514,0.41595844634632284,0.30159456473981194,0.4037781609041709,0.3685112553408557,0.3877666364322576,0.41339821057289694,0.38621848192294433,0.35682731178196797,0.4197786720189889,0.42309890409904083,0.36881283765141337,0.4200658337915621,0.3253651578216544,0.4644520451863161,0.45298707602018234,0.48165839434256524,0.4717684160067936,0.4294053524896125,0.3728592301120565,0.0,0.0,0.43911770405407624,0.5021907447012668,0.3159259664686484,0.46153531075979864,0.4721355722672647,0.49196078267020865,0.4451998293240718,0.4954525698156034,0.2572191909546973,0.48995395887500715,0.3173237318115547,0.47721818927433385,0.46532651510798534,0.4600126481458088,0.3178876622919956,0.0,0.0,0.509183799097333,0.4727884602099791,0.45936555173809873,0.468326238441341,0.47564447558848283,0.0,0.2735576560646394,0.47980427501273654,0.4712619628126461,0.47321837915707604,0.46681969665823003,0.4714943586176535,0.4881202629569582
0.38812865395248836,0.0,0.0,0.0,0.39802435593341057,0.3171729919384906,0.3731891810643417,0.46849009927623875,0.3626653456026907,0.30042094358691523,0.3926124171531633,0.26887481788478074,0.45299739345919693,0.0,0.386522514141654,0.35920588973451645,0.34937281670469783,0.351404837501158,0.32301753733464,0.31737159228568596,0.4542773835685674,0.29930349013170227,0.47317813820143917,0.0,0.32874132508558984,0.3381859739188585,0.43793177772473246,0.3672678948409768,0.0,0.0,0.35321596629380025,0.33755990065084523,0.26363044523287277,0.28122219029273166,0.3660748135804734,0.3490793022285515,0.24027529750972562,0.2070468512039246,0.35745702932500145,0.3040581665907016,0.3024222145383535,0.0,0.0,0.0,0.27227124115005147,0.4057252322783934,0.0,0.0,0.0,0.0,0.0,0.0,0.0,0.0,0.413749929150902,0.0,0.39046207287887186,0.0,0.0,0.0,0.40383204273520834,0.44202864227065375,0.4151743299709622,0.0,0.0,0.0,0.0,0.0,0.3699449625435095,0.42028337586206416,0.4372035966552007,0.0,0.0,0.0,0.0,0.42076731787307936
0.3566185343255769,0.3177659902604925,0.0,0.0,0.32694897481740826,0.35299681949798245,0.37226856080177134,0.4332635592655468,0.29157122152045667,0.321581990062702,0.33975330910269325,0.3418079550161875,0.39401726330261017,0.0,0.3702494734519689,0.3496360809724118,0.30084533463230173,0.32640345585457287,0.0,0.3619102708430751,0.40240203231159744,0.35486468222240874,0.4100605667097514,0.32874132508558984,0.0,0.3378213983740588,0.36058326591706946,0.3909021808493733,0.3867418495200415,0.0,0.35345602322565534,0.36479209761150333,0.29960308901710264,0.3311612426742423,0.3619475072331863,0.0,0.0,0.2645517168435743,0.404795443401508,0.3844789603145751,0.3911128169014943,0.41256210579056274,0.0,0.0,0.0,0.41132422223978854,0.41048825171980985,0.0,0.0,0.0,0.2427580422229622,0.0,0.0,0.0,0.40904244355583774,0.0,0.41969834037953463,0.26802781914606816,0.0,0.38562547882653947,0.4030002535924117,0.3851661348783347,0.39007316584236845,0.0,0.37698786281693913,0.0,0.4011034001375202,0.31055506798499793,0.39699026380621727,0.39722019109160633,0.4143422859434936,0.2915821429389086,0.31174416263705457,0.3664892620310556,0.0,0.391322836213198
0.36663501753689687,0.35042739763758823,0.0,0.0,0.34157368290531614,0.3806535365835206,0.3668111144762181,0.4483925798104779,0.3482425523599779,0.3308758047958642,0.28574138320130416,0.29249128820252296,0.4036704020687259,0.0,0.34090751693365484,0.3788356252690116,0.32921101504099765,0.3612023540322172,0.2966395016665447,0.3764356240621595,0.3812952743759345,0.33349489751380706,0.41595844634632284,0.3381859739188585,0.3378213983740588,0.0,0.40622261946108423,0.4200470726966747,0.3835670262896731,0.0,0.3677115842137307,0.38245670141914784,0.3478704055717122,0.35781666238904314,0.39685429905183417,0.38466744461294894,0.0,0.30598037841397463,0.42633040429984104,0.4086562474899213,0.41584249870497736,0.440716541507623,0.0,0.0,0.3494060085580661,0.4386836439907783,0.4457714242287305,0.0,0.0,0.0,0.3942574901507812,0.0,0.0,0.0,0.4502600156248875,0.0,0.45518497692082077,0.29834464696679847,0.0,0.46554876744503476,0.4286434190247596,0.40972131374492043,0.41689513352188157,0.0,0.4247384428248402,0.465420010894422,0.4487238799148779,0.45499285240365545,0.4249509801850023,0.4224404291237127,0.44587468856567936,0.4311280544173669,0.3338793139342621,0.42664984892625857,0.0,0.41131599028390115
0.4302883449178178,0.38260918016647827,0.3109860086681848,0.3672014221243972,0.35493150915567717,0.32678581938076207,0.3897124707459609,0.3882978139170121,0.303697116983911,0.4129599535351654,0.33408896396606363,0.29922358736545057,0.4015830055412915,0.4025246541261652,0.320756579977858,0.39293185788875323,0.27826861185909707,0.39834097937868906,0.3321684067554829,0.27088607241870194,0.40107643993958775,0.3769318106154197,0.30159456473981194,0.43793177772473246,0.36058326591706946,0.40622261946108423,0.0,0.39547967203600476,0.3219370746236073,0.3691728175933519,0.3844125450981117,0.37704896504276564,0.33910701263986,0.3980862704301162,0.40582188112356005,0.39336015170728106,0.4060171243380227,0.31049183302465955,0.43666053998663545,0.3967000758065336,0.4209518535647413,0.4524971251875973,0.3912679419941153,0.27554769365486026,0.2986897891623087,0.0,0.3610611474242977,0.5013637733859431,0.0,0.4372389398796016,0.4671712987987918,0.5104560408597256,0.4524618463212714,0.49988573406302583,0.0,0.49273774668313525,0.3130235670244456,0.4708320850111773,0.5139425841163501,0.4472978852381021,0.2513127885353252,0.0,0.0,0.5047934310329241,0.46152014640387923,0.4420958840565254,0.4615831790341881,0.467015459397479,0.0,0.2258558896366949,0.4476968890499261,0.461815515156584,0.46105989521501756,0.4512885512616851,0.43445427826818594,0.4750886377057113
0.3554449274831268,0.4045168107380046,0.44422892884947157,0.22084219626526216,0.3388158436062058,0.3486892287753709,0.3392150167497949,0.4085316571821584,0.43078070338410535,0.3753197566803331,0.4337531115502534,0.3336218547528385,0.31885709883464397,0.2491790679323369,0.37889613947177053,0.40970835796967575,0.4134924664532928,0.41285699740485776,0.44723536902470834,0.35635245270880805,0.4069301957568986,0.3872978952216955,0.4037781609041709,0.3672678948409768,0.3909021808493733,0.4200470726966747,0.39547967203600476,0.0,0.29175142821623573,0.30347433997483675,0.37676303744956513,0.36113702629378674,0.3283228369523209,0.3655738075330524,0.3288081121698943,0.23279328920642473,0.22424688865232933,0.31158752270643286,0.36760218244193005,0.3154041245731452,0.20987713087659476,0.2449863003610167,0.3231903694813244,0.20097712632189843,0.31027145473944795,0.27869814928952175,0.2560516814044351,0.3869448375800939,0.0,0.0,0.49280065992795435,0.35377781416865556,0.45923221179698265,0.33628027598384297,0.375201548891376,0.35028582232725713,0.33796077976062244,0.2885175694497542,0.0,0.4215122449502491,0.25136475084086435,0.0,0.26563896143875654,0.30409864757742927,0.4576209050800891,0.42419937827279713,0.35927183120949496,0.47235898504176516,0.4315012183298318,0.2825629535933865,0.35144340670343505,0.4680873548649295,0.46057369302970547,0.47485765888156806,0.3437810944737094,0.4679989038961155
0.38073523546890947,0.3931964247109015,0.0,0.0,0.3995983631865227,0.2764585444556221,0.39087495674572387,0.3574033113248611,0.34902615011558225,0.3083760674891217,0.0,0.2652040022314139,0.3635955016027086,0.0,0.36569409172659834,0.3856566112283213,0.3231425898737842,0.3983164183226838,0.0,0.30126355188377973,0.380400205231071,0.35864173416497125,0.3685112553408557,0.0,0.3867418495200415,0.3835670262896731,0.3219370746236073,0.29175142821623573,0.0,0.34479607694736686,0.3590292898381262,0.3609238427341948,0.29764442468304964,0.3862911125550561,0.4036015272300743,0.4065438936421659,0.367888514139396,0.0,0.437650199506614,0.36017154171315646,0.45509009601540507,0.0,0.2730719188814043,0.2980375785017314,0.0,0.0,0.3699390219383735,0.37629440591659896,0.0,0.0,0.45168437020293595,0.30525599020769173,0.4369095025320893,0.29052521813375703,0.0,0.0,0.29676006393855625,0.3920794290174204,0.0,0.4395688447686094,0.2488000961202528,0.0,0.24816804825671143,0.0,0.47533967400769145,0.42926448793726485,0.4751747143777041,0.4571857696069646,0.0,0.2418832921429898,0.4300596975462727,0.45362562811270646,0.4715514564102011,0.4380394648023101,0.4156238794971564,0.46530163238612676
0.0,0.0,0.0,0.0,0.0,0.38790229890947336,0.4171330503994992,0.38995812408278635,0.3708807661678799,0.0,0.0,0.3771389294678355,0.4014944076357967,0.41358022954170115,0.3748684966729341,0.3812234208989676,0.0,0.0,0.0,0.33183729580042576,0.4339759718845749,0.3611523825279884,0.3877666364322576,0.0,0.0,0.0,0.3691728175933519,0.30347433997483675,0.34479607694736686,0.0,0.3495146447738245,0.37155928487283646,0.0,0.40095639542686873,0.0,0.0,0.0,0.0,0.0,0.0,0.0,0.0,0.0,0.0,0.0,0.0,0.0,0.0,0.0,0.0,0.4283119876351014,0.0,0.38349877874724814,0.0,0.0,0.0,0.0,0.0,0.0,0.0,0.0,0.0,0.0,0.0,0.4369560019217327,0.47121905935215264,0.0,0.47093501140562216,0.0,0.0,0.0,0.4728918017510279,0.3613415191799916,0.41869287950169676,0.0,0.0
0.3610502660604725,0.32833223467073785,0.46346651440830694,0.33122255640847226,0.4275705138490221,0.42657392935772853,0.40557579477336253,0.4275824935949819,0.4524609143399605,0.33577705748725045,0.45462096245430506,0.3198601907306517,0.39695931785005684,0.4636482157326976,0.37184639338512937,0.3374476291299772,0.3523091738173054,0.3703604122997332,0.48257017082185105,0.3563391224399117,0.37741435723945993,0.34129578662862214,0.41339821057289694,0.35321596629380025,0.35345602322565534,0.3677115842137307,0.3844125450981117,0.37676303744956513,0.3590292898381262,0.3495146447738245,0.0,0.3690394628313334,0.321104145617504,0.28683315118904534,0.3001251792610057,0.3858012974841425,0.3586754600091484,0.2841886448884725,0.4134197960092542,0.37894779679821855,0.38018389907608163,0.40537086618720725,0.3010053799817552,0.0,0.4179698843534405,0.396304806493071,0.39892236848118084,0.37149851451909244,0.0,0.0,0.5011213160922606,0.3196778450828361,0.4796327796635451,0.3246522385083126,0.4173196893540454,0.0,0.41356672370312003,0.3570504176603094,0.0,0.43692089760476077,0.39326540017940476,0.38913465843641554,0.39829061929849435,0.0,0.45265027186845874,0.41817157222004636,0.41752896646460697,0.48322070072217566,0.4212988028248354,0.40100992587461487,0.4185836621394393,0.48773304737479667,0.4924833834531821,0.46676296680435175,0.0,0.3982173991628352
0.38485145180263525,0.36125511736652877,0.42614072235201333,0.27132514653903556,0.34003289234891165,0.38291693465017723,0.3733641398168903,0.3520485252425745,0.4138818017841198,0.31880481611491557,0.3596027692766567,0.2912809950230026,0.38087027979102195,0.2702700243675099,0.3719706819976098,0.38553758088560175,0.386285967971485,0.3950921649160427,0.4118599714041286,0.3736488618027573,0.38441892438743513,0.3660185059048317,0.38621848192294433,0.33755990065084523,0.36479209761150333,0.38245670141914784,0.37704896504276564,0.36113702629378674,0.3609238427341948,0.37155928487283646,0.3690394628313334,0.0,0.3064248521138825,0.3280587731093797,0.3223288519774161,0.295860017229411,0.30622740370294443,0.27860139083305,0.2642874316144363,0.3013918001412132,0.32247820555625734,0.29063341093056844,0.27259709988664127,0.234772783156901,0.25441998174357877,0.40764077889603284,0.41423827708902106,0.4351614994380548,0.0,0.3081364882610308,0.460801038245991,0.4546720531218593,0.43783732750965837,0.3708560056763956,0.3399401274387451,0.3769724580895338,0.26407789592526776,0.37832518242108654,0.0,0.4392657108826421,0.41620248416046657,0.0,0.4099473311477932,0.4014443416111072,0.4470894792919214,0.41562485245503467,0.42651675871213673,0.46278454114650586,0.35741973133313243,0.41546032420889517,0.43122155917451516,0.46068025564851106,0.35509199226834204,0.4478660637908147,0.45725439270814217,0.4313528281468358
0.34678672338531213,0.3106293880106548,0.30908732371126585,0.0,0.3037992259695573,0.34553701115651064,0.3404795116893433,0.4319073181048283,0.3998018772723162,0.30524860768968204,0.3697788643449627,0.2603029809706775,0.37346908488778885,0.0,0.3502038660909722,0.3205992153793427,0.32029603335614065,0.3258234004323352,0.35170531223040763,0.3291965789132813,0.3705998934741188,0.32358408644760034,0.35682731178196797,0.26363044523287277,0.29960308901710264,0.3478704055717122,0.33910701263986,0.3283228369523209,0.29764442468304964,0.0,0.321104145617504,0.3064248521138825,0.0,0.23739324306335494,0.3432828220631533,0.3411345415515171,0.2525920132550232,0.16545157387367063,0.29747872376186,0.2161883487420524,0.2793201868201965,0.4004259618244689,0.0,0.0,0.21155235568474567,0.40131783913735153,0.4086702736493848,0.0,0.0,0.0,0.0,0.0,0.0,0.0,0.34459640350206716,0.0,0.3479460213817713,0.0,0.0,0.4459577884706188,0.3931838256095933,0.3385283395124848,0.3879373918104411,0.0,0.42212508702257795,0.4228783178005196,0.421324888403106,0.4438805889603142,0.31513944765444485,0.3892191745117381,0.4132720844993338,0.4573165657828242,0.0,0.39279314405335375,0.0,0.37266770640603003
0.36459048518214027,0.33018418266934263,0.4619614490725308,0.2287062010116824,0.40627883418062116,0.42436051063074814,0.38518379744858566,0.4238166686535526,0.445528989931358,0.29457406974674843,0.4395272435765455,0.23018239691967943,0.40038270085733957,0.4227275749733389,0.38147811533603143,0.348895915822947,0.35084541431338206,0.3555757895569392,0.48486119121286175,0.37983092900448945,0.37864952369082805,0.3603691299621543,0.4197786720189889,0.28122219029273166,0.3311612426742423,0.35781666238904314,0.3980862704301162,0.3655738075330524,0.3862911125550561,0.40095639542686873,0.28683315118904534,0.3280587731093797,0.23739324306335494,0.0,0.28906270580586907,0.31262530252614756,0.2716603631803111,0.1872061984288861,0.30510585260852346,0.25513026252244064,0.2804312014261742,0.3125343286635003,0.26094278327624015,0.21852247812319597,0.2465577045976427,0.39025698270348147,0.4055563569963784,0.35017019128266014,0.0,0.0,0.45909773578771956,0.1869467090479384,0.46384533898173036,0.2552513138898459,0.34767549831457606,0.28155497932076246,0.3413352955925398,0.19899063648671464,0.0,0.44793736729656153,0.39332796613742016,0.0,0.389426033478031,0.0,0.4350063186478476,0.4266220893435458,0.42741900612204287,0.47979557757592134,0.34037983278413947,0.39212673058862896,0.4234393659329092,0.47920090628412826,0.29741570370705384,0.43378820735697377,0.3720861333368455,0.35535968720929745
0.4027874109888681,0.38205750077825706,0.41637820537864295,0.3171308794278315,0.36166381338551046,0.40671563858666143,0.3704450239115696,0.42177470049330373,0.43250900213629556,0.3321124529922646,0.39951954987164406,0.3045180400741559,0.37659021081283744,0.0,0.4108196336963581,0.3977521369696499,0.3773860391382261,0.39696507047851604,0.43325243669618324,0.4106435132177988,0.42364045384145277,0.401816319604418,0.42309890409904083,0.3660748135804734,0.3619475072331863,0.39685429905183417,0.40582188112356005,0.3288081121698943,0.4036015272300743,0.0,0.3001251792610057,0.3223288519774161,0.3432828220631533,0.28906270580586907,0.0,0.4006825324495726,0.2964392673370426,0.2522820769329681,0.2943673277270598,0.26949662330394186,0.27981153319244084,0.3320375678355899,0.28652118737550025,0.2646412445078354,0.24604652562662413,0.4946665449865914,0.43140852588108874,0.0,0.0,0.0,0.30660935488959856,0.0,0.0,0.25514188551033706,0.0,0.2885623602645563,0.28041311448587347,0.2299543106517777,0.0,0.46591955304858923,0.4016212788958327,0.0,0.4006837525856146,0.0,0.42712184021674776,0.4562815419031129,0.4552706441447581,0.4455651398022396,0.0,0.41117760186899543,0.45055185359604316,0.4355587878867791,0.22601827088014517,0.36466592007503945,0.0,0.0
