0.0,0.40990547350295886,0.0,0.0,0.0,0.0,0.0,0.4679730714311911,0.0,0.4193725937786349,0.0,0.398446548663331,0.0,0.0,0.4051325698472963,0.4090700491045684,0.0,0.40322251039972906,0.0,0.43403844206772263,0.41567995179062156,0.4264285362816284,0.4498637135523842,0.4164126909080884,0.38882676894552765,0.3972882798853496,0.46888432841727345,0.0,0.0,0.0,0.4154628764217819,0.4218127284474962,0.38081108320876095,0.37667003083385475,0.42467985025363436,0.0,0.0,0.4996490093744975,0.43879443099877,0.0,0.0,0.0,0.0,0.0,0.0,0.3905748750887247,0.47648412649008154,0.0,0.0,0.0,0.0,0.0,0.0,0.0,0.0,0.0,0.0,0.0,0.0,0.0,0.4623679519146354,0.0,0.4715247744950187,0.0,0.0,0.24544060244432678,0.4527748956452816,0.0,0.4315557257598476,0.4568554881496259,0.47191495728343874,0.0,0.0,0.0,0.0,0.0
0.40990547350295886,0.0,0.4478787953976975,0.0,0.4033827210628283,0.39692913590181367,0.4136312597858914,0.4653940573202894,0.39782317385611365,0.0,0.0,0.0,0.4237094457841559,0.0,0.4216738585795441,0.4009944006390897,0.0,0.4034770290922841,0.0,0.4197604342546393,0.4051587978632106,0.4014388908818825,0.4530322122421596,0.0,0.39230062112733205,0.40554784945227496,0.43371921107429856,0.43002960681183705,0.41766790003048093,0.38455080082885185,0.3693706405130158,0.41219237717016677,0.36399286655963387,0.35450377103452346,0.39801917378841367,0.0,0.0,0.0,0.45227906981462535,0.4563835227197771,0.4440214226470487,0.4635260718316175,0.0,0.0,0.0,0.46452715624532276,0.4813609040143583,0.0,0.0,0.0,0.4723331909057676,0.0,0.0,0.0,0.0,0.0,0.0,0.0,0.0,0.4830348290901393,0.4599851160431676,0.0,0.44962725600307496,0.0,0.44945077446056114,0.45085597903446967,0.4548524658166379,0.49521164156879927,0.0,0.45442259913078537,0.49059177737567095,0.46610791858857253,0.0,0.45407136891924693,0.0,0.42850921722658986
0.0,0.4478787953976975,0.0,0.5114941323707474,0.4028536823526479,0.40986263847756965,0.44068722008270617,0.49196267001057536,0.31262893727275126,0.5061857333100299,0.32728550379831595,0.520105497189865,0.4491143783995793,0.4583920645130682,0.0,0.0,0.0,0.0,0.3019668491858875,0.0,0.0,0.0,0.3532642615428229,0.0,0.5196707314065905,0.0,0.35241104175056154,0.45852578762547097,0.4500119540867029,0.4816546401005755,0.4663077368282391,0.4328560519543431,0.0,0.4611069794674095,0.4516023298966545,0.4345925058695048,0.44261845806915756,0.5309625989709942,0.5599977233240574,0.0,0.6174829674533294,0.0,0.5136402443771678,0.0,0.0,0.0,0.0,0.5392725081322096,0.0,0.569009843779875,0.5628628423911255,0.5794229454839086,0.5415940532076012,0.5652869776718514,0.0,0.5126685757482169,0.0,0.5817653319002225,0.5249363603743975,0.0,0.0,0.0,0.0,0.5097902889793374,0.0,0.0,0.0,0.5618069508850245,0.0,0.0,0.0,0.5566564535656001,0.5926170229623765,0.0,0.0,0.6369102481668633
0.0,0.0,0.5114941323707474,0.0,0.29475720364942054,0.42589949666755206,0.29321559168035427,0.2894299056069397,0.4289384083710677,0.22924156136865753,0.420861970761261,0.2722669976761455,0.30048607767919916,0.25412630969586114,0.0,0.0,0.0,0.0,0.44288266465378334,0.43532605285741155,0.0,0.41677948412645016,0.4142215947694057,0.0,0.0,0.0,0.4221897116263481,0.2702609931141144,0.0,0.0,0.0,0.29108519211341843,0.34093798172536777,0.22746766631684268,0.27071147541528784,0.20601916274571733,0.18457531620733247,0.25613066574956006,0.0,0.0,0.0,0.0,0.0,0.0,0.0,0.0,0.0,0.0,0.0,0.0,0.0,0.0,0.0,0.0,0.0,0.0,0.0,0.0,0.0,0.0,0.0,0.0,0.0,0.0,0.0,0.0,0.0,0.0,0.0,0.0,0.0,0.0,0.0,0.0,0.0,0.0
0.0,0.4033827210628283,0.4028536823526479,0.29475720364942054,0.0,0.3847019026980712,0.35160190493506693,0.3632220807272722,0.3726164457791392,0.455807599426015,0.3403138086606501,0.4750018662584158,0.3763414799718725,0.3477347849314587,0.0,0.0,0.0,0.0,0.3912246843374327,0.381756563912924,0.0,0.41108673759276415,0.4065263857260406,0.0,0.3932017796664586,0.0,0.40034477267711305,0.38718919467047364,0.0,0.0,0.48849875852019026,0.35172959660915776,0.0,0.4827462240300922,0.44418285071179286,0.27417193498868375,0.23337739983180755,0.0,0.0,0.0,0.0,0.0,0.4284556393705417,0.0,0.0,0.0,0.0,0.5506545746665124,0.0,0.541689430340922,0.5292785157857349,0.602026790705798,0.0,0.5480330100875992,0.0,0.4804080867354673,0.0,0.6762935686831568,0.4758269492847526,0.0,0.0,0.0,0.0,0.5090249348447908,0.0,0.0,0.0,0.5072815767164941,0.0,0.0,0.0,0.5534242856413074,0.0,0.0,0.0,0.0
0.0,0.39692913590181367,0.40986263847756965,0.42589949666755206,0.3847019026980712,0.0,0.4332747979328406,0.41765041391126606,0.3662937588897968,0.4676351518013719,0.38613257577004834,0.4605938224176992,0.4154932266849376,0.42066280219938457,0.40471317689558606,0.38510164920339035,0.0,0.375549728359709,0.41241089210540877,0.41360509543898405,0.4147883012898436,0.41724750657422366,0.42024988123664814,0.5095445433649906,0.3668330030077066,0.38574678503043636,0.4158273953155868,0.4294141246258733,0.3554067879566459,0.4422643495666484,0.4490289019701568,0.42239917419031214,0.39605690968536084,0.4539778545910999,0.4443729703858614,0.43856228670926267,0.43150166267073903,0.46924612378124186,0.48527067857159495,0.0,0.5026347134480185,0.0,0.4939818658693052,0.0,0.0,0.0,0.0,0.55442070136254,0.0,0.5792543040208444,0.5095111461993156,0.5345857160093254,0.4920747600322278,0.5500301361432538,0.0,0.5241663702419694,0.0,0.5155660508994802,0.5768508476516612,0.49494375540761887,0.0,0.0,0.0,0.5331111189103639,0.49432766428545954,0.0,0.4793318728878902,0.5092658797910772,0.0,0.0,0.48956043862395854,0.5108582970060452,0.49887242836832335,0.47251294506734826,0.0,0.5069996723266339
0.0,0.4136312597858914,0.44068722008270617,0.29321559168035427,0.35160190493506693,0.4332747979328406,0.0,0.45721755029357036,0.4245904706596052,0.4258837124042058,0.44791304915730984,0.4067329195444244,0.36409445522332723,0.3586629946426882,0.0,0.4367846973034016,0.47604405812674555,0.44245050640748523,0.451337879612675,0.44098937957104367,0.0,0.45010403419696565,0.4551203075369543,0.427900622883822,0.40014522667133995,0.4242746382577113,0.4453413223881639,0.3565832445306941,0.45530526309055164,0.0,0.4619424090396545,0.4121799307831895,0.4486652810361278,0.43068343734911235,0.36261327564591805,0.31843204748764947,0.2850878261150459,0.3736759820580568,0.5900924619513103,0.0,0.0,0.0,0.4804481929553331,0.0,0.0,0.0,0.0,0.5877404519110315,0.0,0.63037426333995,0.5486434857612994,0.6534950599457132,0.5594280389280013,0.6059183134350193,0.0,0.5402848886464042,0.0,0.7036257970803083,0.0,0.0,0.0,0.0,0.0,0.5845380642867,0.0,0.0,0.0,0.5208008113655133,0.0,0.0,0.0,0.5269711521683755,0.0,0.0,0.0,0.0
0.4679730714311911,0.4653940573202894,0.49196267001057536,0.2894299056069397,0.3632220807272722,0.41765041391126606,0.45721755029357036,0.0,0.49157468934780135,0.0,0.40254935042726864,0.0,0.4497872123522087,0.35579072319306443,0.4132742715466198,0.45876573668607445,0.0,0.48187859123659393,0.4637037060484998,0.48226969561627014,0.3841799571997639,0.4119141714015379,0.3683825714782646,0.5057733202283802,0.468944004483874,0.47517910041462325,0.4483489725016283,0.45226603642919116,0.38678392116032095,0.419910418225407,0.45790738493609917,0.4003569519207475,0.4831132813498758,0.4726382796536917,0.4482940863195809,0.269922435723655,0.29205529468992814,0.0,0.49290400631399234,0.0,0.47354944377015223,0.5618162521733615,0.368036902759967,0.0,0.0,0.0,0.0,0.5525486129085513,0.0,0.4725987310004131,0.4803184421292776,0.5124117946270509,0.3916970245497847,0.550110075327017,0.0,0.4876156039424002,0.0,0.491240755255848,0.4337796729055971,0.505604691518175,0.0,0.0,0.0,0.5099987031787369,0.49465306709097534,0.4332974745859098,0.45026006263603496,0.48448114131902886,0.0,0.0,0.0,0.5060291551195286,0.4798804155748228,0.4867503838603951,0.0,0.5044510801596055
0.0,0.39782317385611365,0.31262893727275126,0.4289384083710677,0.3726164457791392,0.3662937588897968,0.4245904706596052,0.49157468934780135,0.0,0.47178195927635524,0.35332830181680225,0.44172390925236354,0.4032028342279012,0.4401575982396738,0.0,0.38917439209312804,0.0,0.0,0.3148416333454884,0.4002955921129989,0.0,0.40973613572617934,0.4193087755345537,0.5039034722943515,0.40663820319269456,0.39511803580623883,0.35076525979352285,0.45722696620058506,0.43011666294705936,0.45874362165365,0.4786159933334911,0.43741984620368823,0.4705936647142481,0.46740722944059804,0.4409728117441384,0.4356172648723577,0.4286415852134874,0.4463279166865664,0.5115657075835973,0.0,0.0,0.0,0.46633514326195435,0.0,0.0,0.0,0.0,0.5721431229888337,0.0,0.5773322199914165,0.5393376584232635,0.5800563238431757,0.5543740001430975,0.5730209666170669,0.0,0.5197002467418036,0.0,0.587901494757767,0.4916418057628854,0.0,0.0,0.0,0.0,0.5484890082649874,0.0,0.0,0.0,0.5464596920632493,0.0,0.0,0.0,0.5623558525739095,0.6118698115871037,0.0,0.0,0.6653119766380711
0.4193725937786349,0.0,0.5061857333100299,0.22924156136865753,0.455807599426015,0.4676351518013719,0.4258837124042058,0.0,0.47178195927635524,0.0,0.4727288902590468,0.2974660464457112,0.43254173612969876,0.4745500992837346,0.0,0.4357556180413738,0.36265685756068816,0.3749062634564394,0.4915550533855635,0.0,0.0,0.0,0.4788125218927534,0.3294374268970945,0.3577132645452905,0.35479309274155985,0.4797196310502402,0.41891252086196074,0.5213474665265895,0.0,0.3261805534428492,0.3469833563860315,0.3221509588719613,0.30404422264161607,0.297005576667307,0.34372369727034763,0.2499902362568291,0.2792505303973441,0.37499050895137664,0.35821893498931906,0.35156277817704035,0.0,0.0,0.0,0.3330583643597064,0.0,0.0,0.0,0.0,0.0,0.0,0.0,0.0,0.0,0.46447347093382835,0.0,0.4721184853891966,0.46851812452139396,0.0,0.0,0.0,0.4576281551456093,0.4048479780933708,0.0,0.0,0.0,0.0,0.0,0.4236093682595011,0.4375235198762584,0.461650635884365,0.0,0.42226737556058624,0.0,0.0,0.42279979850251187
0.0,0.0,0.32728550379831595,0.420861970761261,0.3403138086606501,0.38613257577004834,0.44791304915730984,0.40254935042726864,0.35332830181680225,0.4727288902590468,0.0,0.46603306295187946,0.4508401351764182,0.35241476402655314,0.0,0.0,0.0,0.0,0.25389834502233305,0.0,0.0,0.0,0.2512989243403007,0.4710349074336574,0.0,0.0,0.3923316957006947,0.4509740275588404,0.0,0.0,0.505147772194456,0.4390145958709613,0.4702866809329831,0.47648035384390003,0.4512025222328175,0.36855244108515756,0.3673092856628414,0.45822633855507117,0.493107599999515,0.0,0.0,0.0,0.45214790559617596,0.0,0.0,0.0,0.0,0.5408856602231179,0.0,0.46902895139655065,0.5401979332770434,0.5139479947875306,0.5015968137613516,0.5264693208576653,0.0,0.3063775236280867,0.0,0.5146261460702874,0.4699843674313693,0.0,0.0,0.0,0.0,0.31775165491280805,0.0,0.0,0.0,0.5255166351612928,0.0,0.0,0.0,0.5475948687406489,0.0,0.0,0.0,0.0
0.398446548663331,0.0,0.520105497189865,0.2722669976761455,0.4750018662584158,0.4605938224176992,0.4067329195444244,0.0,0.44172390925236354,0.2974660464457112,0.46603306295187946,0.0,0.39938173571942515,0.0,0.0,0.0,0.37283336521828114,0.3789513633591873,0.511554639643657,0.0,0.0,0.0,0.4903164078567856,0.27289287659011674,0.36018284279148766,0.3175675491663207,0.4915081311451651,0.36830778083748483,0.0,0.0,0.33113205697198944,0.2740681963367262,0.276035664495749,0.2430144971514443,0.2785948045930159,0.32932348724084837,0.31568042805025515,0.21664891750373858,0.29197104032729865,0.3553573990620229,0.356293578831843,0.0,0.0,0.0,0.3075492094049361,0.0,0.0,0.0,0.0,0.0,0.0,0.0,0.0,0.0,0.473567553261018,0.0,0.4765040540272719,0.46287840532993424,0.0,0.0,0.4729323922366039,0.4555441417523939,0.4271399607462724,0.0,0.0,0.0,0.0,0.0,0.4324432820895347,0.44793383511109797,0.4659273498402046,0.4295788330049083,0.4417844778059925,0.5709064700263218,0.0,0.43288718580742835
0.0,0.4237094457841559,0.4491143783995793,0.30048607767919916,0.3763414799718725,0.4154932266849376,0.36409445522332723,0.4497872123522087,0.4032028342279012,0.43254173612969876,0.4508401351764182,0.39938173571942515,0.0,0.3738699126683365,0.4418971792593612,0.457040611767253,0.45910492351732113,0.45489327579468214,0.45479726648031876,0.4501053155563397,0.43177684278291606,0.4649672110418459,0.4574955295339999,0.4071687409905019,0.41778151755233056,0.4463923602850827,0.44883060080653014,0.35748502995129244,0.4458610452712215,0.4367826685705795,0.43537302754434587,0.41513508076268646,0.3929950951066338,0.4223215272754555,0.35520981561274123,0.3480254999258853,0.31323036821870803,0.38006878702973856,0.4201000639272591,0.3549033876316139,0.3932554099272839,0.0,0.4957483568644283,0.0,0.0,0.0,0.0,0.5870553556978847,0.0,0.0,0.5280395256405226,0.6328648116748292,0.49669875786029594,0.6150753531525784,0.0,0.5407093136087702,0.0,0.6188153312516956,0.0,0.0,0.0,0.0,0.0,0.6218907235817359,0.0,0.0,0.0,0.5184767131766227,0.0,0.0,0.0,0.5134466192071531,0.0,0.522818100862163,0.0,0.0
0.0,0.0,0.4583920645130682,0.25412630969586114,0.3477347849314587,0.42066280219938457,0.3586629946426882,0.35579072319306443,0.4401575982396738,0.4745500992837346,0.35241476402655314,0.0,0.3738699126683365,0.0,0.0,0.0,0.0,0.0,0.4165492910931646,0.43017044960284634,0.41970077639028075,0.4507185545395477,0.3945176441551783,0.0,0.0,0.0,0.42763902306020224,0.31038024355727417,0.0,0.0,0.44392964482643105,0.284147709793024,0.0,0.4500716978281585,0.3679001106139809,0.23411023013037816,0.17145675912277003,0.5879601797581975,0.0,0.0,0.0,0.0,0.32158524884459294,0.0,0.0,0.0,0.0,0.5173817177174878,0.0,0.0,0.5768919765332279,0.5317632312641623,0.0,0.0,0.0,0.444955324220048,0.0,0.0,0.0,0.0,0.0,0.0,0.0,0.4754333333514901,0.0,0.0,0.0,0.0,0.0,0.0,0.0,0.4901337251066182,0.0,0.0,0.0,0.0
0.4051325698472963,0.4216738585795441,0.0,0.0,0.0,0.40471317689558606,0.0,0.4132742715466198,0.0,0.0,0.0,0.0,0.4418971792593612,0.0,0.0,0.44368915184646307,0.0,0.4217443731595735,0.0,0.41843906883447607,0.3944904855327041,0.3978404204496283,0.4203909680218656,0.486596277155938,0.41195259247678906,0.38868349570072974,0.45403480738135893,0.4328478208898056,0.4288060184139671,0.0,0.412096631492631,0.4268690154353713,0.40344197310232033,0.41705243735831754,0.4478902839949855,0.4628079507405871,0.0,0.0,0.4864774235945169,0.482944026611884,0.4867883582912642,0.5062349895378829,0.0,0.0,0.0,0.0,0.49540173772080903,0.0,0.0,0.0,0.4693414732431585,0.0,0.442669521127663,0.0,0.0,0.0,0.0,0.0,0.0,0.4984489596238705,0.49844605059048586,0.0,0.0,0.0,0.5046199139556077,0.4722307717463752,0.5056900195648074,0.5109142686987561,0.0,0.0,0.5057530841706168,0.5213169929060851,0.5106917963286558,0.4967390341402018,0.0,0.481366384226737
0.4090700491045684,0.4009944006390897,0.0,0.0,0.0,0.38510164920339035,0.4367846973034016,0.45876573668607445,0.38917439209312804,0.4357556180413738,0.0,0.0,0.457040611767253,0.0,0.44368915184646307,0.0,0.3926013333066485,0.3574537613967583,0.0,0.42329166282101877,0.4178601547199992,0.4142791005026575,0.4602633831533817,0.0,0.40561314768864276,0.417684279367554,0.4479650330385942,0.45896376910908565,0.44444549903351,0.4488873105874972,0.3901532879634137,0.47041427337571795,0.39702602987522206,0.39890153097764214,0.43875937640039964,0.0,0.0,0.0,0.4294669215425691,0.4448642672509677,0.44286471313821707,0.46904436742122335,0.0,0.0,0.0,0.47214447352993705,0.4648833402838862,0.0,0.0,0.0,0.0,0.0,0.0,0.0,0.0,0.0,0.0,0.0,0.0,0.4915028305823864,0.44748541692482285,0.0,0.44748144347631247,0.0,0.4874485541422088,0.46729086054114094,0.4605215923161193,0.6087793195510351,0.0,0.4396060807287302,0.47929772083709865,0.5551200935034583,0.0,0.5066226974053526,0.0,0.43311216959664134
0.0,0.0,0.0,0.0,0.0,0.0,0.47604405812674555,0.0,0.0,0.36265685756068816,0.0,0.37283336521828114,0.45910492351732113,0.0,0.0,0.3926013333066485,0.0,0.35950671776703325,0.0,0.3654569953561903,0.0,0.40481113727882473,0.0,0.3678099249751739,0.3545661214270372,0.3742078598559663,0.0,0.44819413148058973,0.0,0.0,0.37293385116825145,0.4163388726370279,0.37805455529296395,0.3724748319707416,0.3667993219792425,0.4633804397350725,0.0,0.33588757977249367,0.3864629454315254,0.35097022068441397,0.0,0.0,0.0,0.0,0.0,0.0,0.0,0.0,0.0,0.0,0.0,0.0,0.0,0.0,0.4795442469621591,0.0,0.4707114016804999,0.0,0.0,0.0,0.0,0.4681109890285186,0.4122615867948279,0.0,0.0,0.0,0.0,0.0,0.4777139210194705,0.44822923897936523,0.46482877912977383,0.0,0.0,0.0,0.0,0.0
0.40322251039972906,0.4034770290922841,0.0,0.0,0.0,0.375549728359709,0.44245050640748523,0.48187859123659393,0.0,0.3749062634564394,0.0,0.3789513633591873,0.45489327579468214,0.0,0.4217443731595735,0.3574537613967583,0.35950671776703325,0.0,0.0,0.419738498945854,0.42265074434808625,0.4208785355808776,0.44035609297561223,0.38938860456279906,0.37229857026424334,0.3910990205981377,0.4157429456395685,0.45561068099054675,0.41740330225295297,0.41480768979644395,0.399151817459523,0.42543776709750003,0.3828984207904094,0.3952571155439602,0.3948618377101362,0.0,0.0,0.0,0.410687093368082,0.4220272121851273,0.4326841864311877,0.43171903988195204,0.0,0.0,0.0,0.4425746030734029,0.4433266555174084,0.0,0.0,0.0,0.0,0.0,0.0,0.0,0.4436728519444955,0.0,0.44267887395387445,0.0,0.0,0.5587232698348389,0.4384472352409397,0.41754406961849894,0.4339146670782371,0.0,0.0,0.0,0.43058678221510527,0.0,0.44631152685943887,0.4301285093934203,0.4516802070626468,0.0,0.0,0.0,0.0,0.41439885683895883
0.0,0.0,0.3019668491858875,0.44288266465378334,0.3912246843374327,0.41241089210540877,0.451337879612675,0.4637037060484998,0.3148416333454884,0.4915550533855635,0.25389834502233305,0.511554639643657,0.45479726648031876,0.4165492910931646,0.0,0.0,0.0,0.0,0.0,0.0,0.0,0.0,0.25546882172666935,0.0,0.0,0.0,0.3747040435133737,0.46247031431874636,0.0,0.0,0.47866934750958534,0.4339415852120458,0.0,0.4709788312166997,0.44021242024650215,0.42396101889944426,0.0,0.4894714031521114,0.4911765145935483,0.0,0.0,0.0,0.45215303708342613,0.0,0.0,0.0,0.0,0.5304449329749098,0.0,0.538121388929068,0.5399811588682817,0.5842175446369303,0.5406437673089668,0.5477668286728037,0.0,0.3698608703885151,0.0,0.6253279209888446,0.4917929717230224,0.0,0.0,0.0,0.0,0.45033882624879445,0.0,0.0,0.0,0.5365889682106268,0.0,0.0,0.0,0.5545927695894377,0.0,0.0,0.0,0.0
0.43403844206772263,0.4197604342546393,0.0,0.43532605285741155,0.381756563912924,0.41360509543898405,0.44098937957104367,0.48226969561627014,0.4002955921129989,0.0,0.0,0.0,0.4501053155563397,0.43017044960284634,0.41843906883447607,0.42329166282101877,0.3654569953561903,0.419738498945854,0.0,0.0,0.462016057003322,0.3891764991483317,0.41351191075892696,0.0,0.4119057697246953,0.4531324152826952,0.37997742442005306,0.42969342806533106,0.3672563150870416,0.37854172666129376,0.38766350621555534,0.43391317002820423,0.38497451877882616,0.4223524151248563,0.45204105319246246,0.49381766975389124,0.0,0.0,0.4958961232179429,0.4939475286314546,0.49570048632846636,0.5068246038743022,0.6518562370353626,0.0,0.0,0.0,0.44991098089975634,0.0,0.0,0.0,0.5000758421854545,0.0,0.5198077568516629,0.0,0.0,0.0,0.0,0.0,0.0,0.5006796038976886,0.0,0.0,0.0,0.0,0.5050504218353807,0.4784903346356081,0.4954269738733841,0.5206578391059321,0.0,0.0,0.488416015881589,0.5376173931392716,0.5031098657557004,0.49312262617607894,0.5696241026717346,0.49922147592682287
0.41567995179062156,0.4051587978632106,0.0,0.0,0.0,0.4147883012898436,0.0,0.3841799571997639,0.0,0.0,0.0,0.0,0.43177684278291606,0.41970077639028075,0.3944904855327041,0.4178601547199992,0.0,0.42265074434808625,0.0,0.462016057003322,0.0,0.42598882448260517,0.38785086965269705,0.5084134334525509,0.4333984615990587,0.4327411955144165,0.46123597915590214,0.4534044399703789,0.40473948504361157,0.43127384333265695,0.4000242278993216,0.41016064884648684,0.3947942317875604,0.3860657933528754,0.4335359612130115,0.0,0.0,0.0,0.4661365915520147,0.4347507440950224,0.47611662129574994,0.5044240560810734,0.0,0.0,0.0,0.2852122013545992,0.4922187961197709,0.0,0.0,0.0,0.42249971998226177,0.0,0.42873403132325566,0.0,0.0,0.0,0.0,0.0,0.0,0.4581213740831336,0.4633814914677401,0.0,0.0,0.0,0.49430753886701345,0.3870881339669932,0.4792838815126344,0.4798375825166917,0.0,0.0,0.4879318209608675,0.5200101202612173,0.45166994431569585,0.5068571809919814,0.0,0.44734972010619845
0.4264285362816284,0.4014388908818825,0.0,0.41677948412645016,0.41108673759276415,0.41724750657422366,0.45010403419696565,0.4119141714015379,0.40973613572617934,0.0,0.0,0.0,0.4649672110418459,0.4507185545395477,0.3978404204496283,0.4142791005026575,0.40481113727882473,0.4208785355808776,0.0,0.3891764991483317,0.42598882448260517,0.0,0.4665079181887082,0.0,0.40915785342276606,0.3943675072311034,0.4449692465245563,0.4696061918838985,0.4216952617444836,0.41536946698285465,0.3930854681013609,0.42842793772581944,0.3953626865478515,0.4072650468628384,0.44775675531362374,0.49151078598728914,0.0,0.0,0.46159592231997376,0.4603407140627786,0.46535593110155377,0.4880349805987412,0.0,0.0,0.0,0.46471580785367117,0.4683997840762928,0.0,0.0,0.0,0.4639443587764915,0.0,0.4615963488738907,0.0,0.0,0.0,0.0,0.0,0.0,0.5004972482431078,0.449960069810049,0.0,0.0,0.0,0.4816064285185955,0.484284910599069,0.48126513417388744,0.5021496916787133,0.0,0.46978085377936785,0.49036765245283415,0.4924289284427767,0.0,0.4706722647402523,0.0,0.45013658903271897
0.4498637135523842,0.4530322122421596,0.3532642615428229,0.4142215947694057,0.4065263857260406,0.42024988123664814,0.4551203075369543,0.3683825714782646,0.4193087755345537,0.4788125218927534,0.2512989243403007,0.4903164078567856,0.4574955295339999,0.3945176441551783,0.4203909680218656,0.4602633831533817,0.0,0.44035609297561223,0.25546882172666935,0.41351191075892696,0.38785086965269705,0.4665079181887082,0.0,0.495272901272454,0.444149541826695,0.4599891828718037,0.3760803685041171,0.45839945477563754,0.4183648409726318,0.4456553371785368,0.4554911982824872,0.4290063759629545,0.4026180288094165,0.4657592931507839,0.4645246284864139,0.43132046516164785,0.4383237018870726,0.49771734186915856,0.5077349765886543,0.4734675613674605,0.5178813407153167,0.5301486429047506,0.5350257240496566,0.0,0.0,0.0,0.5084441480613395,0.5436409804639863,0.0,0.5522631312517784,0.5164648288572934,0.5303960910156904,0.48023194451927537,0.5633083545121242,0.0,0.5125413175394669,0.0,0.5145397148284722,0.49331048185809345,0.5172245720841262,0.0,0.0,0.0,0.5380681018147144,0.5358058339255399,0.48660481196202443,0.5040164791159258,0.5239976083893451,0.0,0.0,0.4944752359299557,0.5310860127284889,0.5109610940913644,0.5177337779570048,0.5064990228411022,0.5151879642822733
0.4164126909080884,0.0,0.0,0.0,0.0,0.5095445433649906,0.427900622883822,0.5057733202283802,0.5039034722943515,0.3294374268970945,0.4710349074336574,0.27289287659011674,0.4071687409905019,0.0,0.486596277155938,0.0,0.3678099249751739,0.38938860456279906,0.0,0.0,0.5084134334525509,0.0,0.495272901272454,0.0,0.37535445672729467,0.35910432916242896,0.5079131751321354,0.3709467991238388,0.0,0.0,0.34476006458090064,0.28428044196770075,0.2612872381047698,0.22509526925615028,0.2367988487510429,0.0,0.2367101901672954,0.22122713921933193,0.3082621662242633,0.3143065835333654,0.3036186792537408,0.0,0.0,0.0,0.2681773060092634,0.4068925420691201,0.44980912536633083,0.0,0.0,0.0,0.0,0.0,0.0,0.0,0.43157673866602764,0.0,0.43917890396171816,0.0,0.0,0.0,0.4863099043479285,0.4480012807295294,0.4483519572393359,0.0,0.0,0.0,0.0,0.0,0.3904992703256803,0.4444641845860053,0.460111667607575,0.0,0.0,0.0,0.0,0.4152703551227199
0.38882676894552765,0.39230062112733205,0.5196707314065905,0.0,0.3932017796664586,0.3668330030077066,0.40014522667133995,0.468944004483874,0.40663820319269456,0.3577132645452905,0.0,0.36018284279148766,0.41778151755233056,0.0,0.41195259247678906,0.40561314768864276,0.3545661214270372,0.37229857026424334,0.0,0.4119057697246953,0.4333984615990587,0.40915785342276606,0.444149541826695,0.37535445672729467,0.0,0.37577647823217336,0.39613798797470134,0.4471725660072566,0.39989914235323465,0.0,0.3953373346735564,0.40365557038931676,0.34590269824502184,0.3662755395721459,0.3649772323572037,0.0,0.0,0.3224270311510697,0.45210261345051544,0.4060919682652604,0.42950222085544126,0.4513295529577781,0.0,0.0,0.0,0.4505057984943937,0.4694444189487527,0.0,0.0,0.0,0.0,0.0,0.0,0.0,0.4659951116709179,0.0,0.4695816117393417,0.0,0.0,0.4556750091084081,0.4459050340675292,0.4476829493085669,0.4328074460365915,0.0,0.4356946685969207,0.4839172645713093,0.41741625066659716,0.5755498278173898,0.4489973923103247,0.43457442283591935,0.4587704144961217,0.5514468975155113,0.0,0.4725665038767134,0.0,0.41999900934753664
0.3972882798853496,0.40554784945227496,0.0,0.0,0.0,0.38574678503043636,0.4242746382577113,0.47517910041462325,0.39511803580623883,0.35479309274155985,0.0,0.3175675491663207,0.4463923602850827,0.0,0.38868349570072974,0.417684279367554,0.3742078598559663,0.3910990205981377,0.0,0.4531324152826952,0.4327411955144165,0.3943675072311034,0.4599891828718037,0.35910432916242896,0.37577647823217336,0.0,0.46357936196459615,0.44432159556791656,0.39621876953386803,0.0,0.40230123909410903,0.42571570973501477,0.37639603444550995,0.3874628307855591,0.40997678289779405,0.4777324814070088,0.0,0.3194321999297372,0.46261197737594084,0.4392882170859883,0.4610863787871363,0.4825744491925819,0.0,0.0,0.0,0.46307883225626006,0.5041005486062251,0.0,0.0,0.0,0.49519157926789203,0.0,0.0,0.0,0.47205333369764807,0.0,0.469990608188835,0.0,0.0,0.5037538150194676,0.47058876572454134,0.46391551581193696,0.4595372867242048,0.0,0.47716674818675636,0.4755611773644915,0.4924327715536117,0.48372833111701724,0.4653680747822561,0.459200347409851,0.48360933295810826,0.4993482498314876,0.0,0.48220214962724184,0.0,0.4550402424494593
0.46888432841727345,0.43371921107429856,0.35241104175056154,0.4221897116263481,0.40034477267711305,0.4158273953155868,0.4453413223881639,0.4483489725016283,0.35076525979352285,0.4797196310502402,0.3923316957006947,0.4915081311451651,0.44883060080653014,0.42763902306020224,0.45403480738135893,0.4479650330385942,0.0,0.4157429456395685,0.3747040435133737,0.37997742442005306,0.46123597915590214,0.4449692465245563,0.3760803685041171,0.5079131751321354,0.39613798797470134,0.46357936196459615,0.0,0.4474951080743672,0.40936712441971795,0.42148850958156203,0.4295242785560109,0.42857881842198814,0.39875851775681537,0.44927223031566504,0.45871158209580637,0.459216820363553,0.4301129041157258,0.4933570004070965,0.5052380885517942,0.4973597749092426,0.5134654140152994,0.5332223791550789,0.5059999992050439,0.0,0.0,0.0,0.0,0.5608543261042946,0.0,0.5714381616229209,0.5168459575012776,0.5375570490991359,0.5059051260383083,0.5605818527377784,0.0,0.5355761832726456,0.0,0.5150052619665546,0.0,0.5167444459642626,0.0,0.0,0.0,0.5577341197444343,0.5314482167741165,0.5080822676479384,0.4976856860722432,0.5268922393387148,0.0,0.0,0.5020779839892127,0.5272934113659193,0.513438633461745,0.507526602489138,0.5227594526623707,0.5166563932785684
0.0,0.43002960681183705,0.45852578762547097,0.2702609931141144,0.38718919467047364,0.4294141246258733,0.3565832445306941,0.45226603642919116,0.45722696620058506,0.41891252086196074,0.4509740275588404,0.36830778083748483,0.35748502995129244,0.31038024355727417,0.4328478208898056,0.45896376910908565,0.44819413148058973,0.45561068099054675,0.46247031431874636,0.42969342806533106,0.4534044399703789,0.4696061918838985,0.45839945477563754,0.3709467991238388,0.4471725660072566,0.44432159556791656,0.4474951080743672,0.0,0.40559541024746254,0.347624565196134,0.41716281780457776,0.3917145992588347,0.3721511127521908,0.3795913847678971,0.3142715668989395,0.2956706289235278,0.2698028481031459,0.3439536170098932,0.39110835960509227,0.2775741199790005,0.3214267452000559,0.0,0.0,0.0,0.246044909311715,0.0,0.0,0.0,0.0,0.0,0.5065955268223497,0.0,0.47998114890849425,0.0,0.454722696290396,0.0,0.0,0.0,0.0,0.5007023239497402,0.0,0.0,0.0,0.0,0.5197105494970938,0.0,0.0,0.5127148685917851,0.0,0.0,0.5639297469859215,0.5150727538441372,0.0,0.5028528008703642,0.0,0.5609916351997287
0.0,0.41766790003048093,0.4500119540867029,0.0,0.0,0.3554067879566459,0.45530526309055164,0.38678392116032095,0.43011666294705936,0.5213474665265895,0.0,0.0,0.4458610452712215,0.0,0.4288060184139671,0.44444549903351,0.0,0.41740330225295297,0.0,0.3672563150870416,0.40473948504361157,0.4216952617444836,0.4183648409726318,0.0,0.39989914235323465,0.39621876953386803,0.40936712441971795,0.40559541024746254,0.0,0.37429070500896017,0.3785185260434271,0.40707247834497606,0.3335709434804235,0.42285463595762046,0.44301819070299525,0.4645496656263415,0.0,0.0,0.47060145272821924,0.48346237795103086,0.4945022008242924,0.5246611464599855,0.5339844961926824,0.0,0.0,0.0,0.4447075405091235,0.0,0.0,0.0,0.477171766179663,0.5607291767498014,0.45985866946215553,0.0,0.0,0.0,0.0,0.5153628755699741,0.0,0.48176121059033816,0.0,0.0,0.0,0.0,0.48630988645014206,0.45406682931894154,0.47504130372569897,0.4969548221356378,0.0,0.0,0.4721293383524859,0.497537162711404,0.4872018177560146,0.4741763554000115,0.5049762233921524,0.48925936181475826
0.0,0.38455080082885185,0.4816546401005755,0.0,0.0,0.4422643495666484,0.0,0.419910418225407,0.45874362165365,0.0,0.0,0.0,0.4367826685705795,0.0,0.0,0.4488873105874972,0.0,0.41480768979644395,0.0,0.37854172666129376,0.43127384333265695,0.41536946698285465,0.4456553371785368,0.0,0.0,0.0,0.42148850958156203,0.347624565196134,0.37429070500896017,0.0,0.3644482266737675,0.3979891336530727,0.31884999237798883,0.4018523211012633,0.4323646499230981,0.0,0.0,0.0,0.4972457579248453,0.0,0.0,0.0,0.0,0.0,0.0,0.0,0.0,0.0,0.0,0.0,0.5494460578563968,0.0,0.0,0.0,0.0,0.0,0.0,0.0,0.0,0.0,0.0,0.0,0.0,0.0,0.0,0.0,0.0,0.5042390117828326,0.0,0.0,0.0,0.5202988911886828,0.0,0.5165440961604908,0.0,0.0
0.4154628764217819,0.3693706405130158,0.4663077368282391,0.0,0.48849875852019026,0.4490289019701568,0.4619424090396545,0.45790738493609917,0.4786159933334911,0.3261805534428492,0.505147772194456,0.33113205697198944,0.43537302754434587,0.44392964482643105,0.412096631492631,0.3901532879634137,0.37293385116825145,0.399151817459523,0.47866934750958534,0.38766350621555534,0.4000242278993216,0.3930854681013609,0.4554911982824872,0.34476006458090064,0.3953373346735564,0.40230123909410903,0.4295242785560109,0.41716281780457776,0.3785185260434271,0.3644482266737675,0.0,0.4039054714022099,0.344231073800993,0.3099618112953985,0.32948855919221964,0.47810157302795103,0.20201440444302207,0.3024459538846696,0.4538836779738099,0.46254459781952234,0.44304893705471304,0.46896578339500716,0.48894761115024243,0.0,0.0,0.0,0.4663124324049083,0.0,0.0,0.0,0.517845080588947,0.0,0.4911217898374047,0.0,0.4209483011720688,0.0,0.4541897776439609,0.0,0.0,0.49664475928873153,0.4627965041598887,0.0,0.4575942946850556,0.0,0.46813257518178,0.4469001446880344,0.46825067930804126,0.5220482057954504,0.0,0.461661063550843,0.47996554377673206,0.5219478644655264,0.0,0.49125921956898927,0.0,0.449232360377998
0.4218127284474962,0.41219237717016677,0.4328560519543431,0.29108519211341843,0.35172959660915776,0.42239917419031214,0.4121799307831895,0.4003569519207475,0.43741984620368823,0.3469833563860315,0.4390145958709613,0.2740681963367262,0.41513508076268646,0.284147709793024,0.4268690154353713,0.47041427337571795,0.4163388726370279,0.42543776709750003,0.4339415852120458,0.43391317002820423,0.41016064884648684,0.42842793772581944,0.4290063759629545,0.28428044196770075,0.40365557038931676,0.42571570973501477,0.42857881842198814,0.3917145992588347,0.40707247834497606,0.3979891336530727,0.4039054714022099,0.0,0.3736610990296573,0.351176423348973,0.34336390253538324,0.2866695860821243,0.31498871154215213,0.2548210696009569,0.2915152285596705,0.3051422488058491,0.31829645719461375,0.29852555452988755,0.28751411368278085,0.3076676677730023,0.24788088324489768,0.0,0.4653479899399259,0.5165831945551232,0.0,0.5008994599159226,0.485877393911338,0.4960604572860961,0.4626329492929703,0.5025552450126813,0.25689411263103734,0.45086979813944544,0.26980348835267254,0.41335073489038876,0.3785913935157596,0.49317523692927495,0.4544337061105953,0.0,0.4406779983351304,0.49034853750500823,0.47980031552806335,0.4598897856201969,0.47878458633482085,0.5055342915159349,0.0,0.4242068864545054,0.4776467497612802,0.5153370056855389,0.44321173152220017,0.4820383858038055,0.0,0.45975999450048965
0.38081108320876095,0.36399286655963387,0.0,0.34093798172536777,0.0,0.39605690968536084,0.4486652810361278,0.4831132813498758,0.4705936647142481,0.3221509588719613,0.4702866809329831,0.276035664495749,0.3929950951066338,0.0,0.40344197310232033,0.39702602987522206,0.37805455529296395,0.3828984207904094,0.0,0.38497451877882616,0.3947942317875604,0.3953626865478515,0.4026180288094165,0.2612872381047698,0.34590269824502184,0.37639603444550995,0.39875851775681537,0.3721511127521908,0.3335709434804235,0.31884999237798883,0.344231073800993,0.3736610990296573,0.0,0.2473938779406045,0.34579882700379455,0.3967229091487464,0.41568043890295014,0.19746501467982408,0.29630723528347014,0.2318290222922399,0.2240715502093173,0.44896226098150677,0.0,0.0,0.21453939990895526,0.0,0.4606427274410308,0.0,0.0,0.0,0.0,0.0,0.0,0.0,0.37569123350168343,0.0,0.38133298106926394,0.0,0.0,0.4978439672341644,0.4535890487180046,0.37752541726314864,0.39698725430863585,0.0,0.46984617432538023,0.45290939838421657,0.4797190735507523,0.4720603007613326,0.3655357412929255,0.3983259581717585,0.4427521449509265,0.4746008205643045,0.0,0.46335142385796746,0.0,0.38405685825926006
0.37667003083385475,0.35450377103452346,0.4611069794674095,0.22746766631684268,0.4827462240300922,0.4539778545910999,0.43068343734911235,0.4726382796536917,0.46740722944059804,0.30404422264161607,0.47648035384390003,0.2430144971514443,0.4223215272754555,0.4500716978281585,0.41705243735831754,0.39890153097764214,0.3724748319707416,0.3952571155439602,0.4709788312166997,0.4223524151248563,0.3860657933528754,0.4072650468628384,0.4657592931507839,0.22509526925615028,0.3662755395721459,0.3874628307855591,0.44927223031566504,0.3795913847678971,0.42285463595762046,0.4018523211012633,0.3099618112953985,0.351176423348973,0.2473938779406045,0.0,0.24455690064824226,0.4245365358820901,0.2530088585622271,0.19485915676346816,0.32248320608316733,0.23385273169866944,0.19252438003102898,0.3411411580756881,0.0,0.0,0.23859428765084392,0.0,0.45258901195494705,0.0,0.0,0.0,0.5162878924836397,0.0,0.4856008121997904,0.0,0.31726723697041015,0.0,0.34383746307907903,0.0,0.0,0.4924378599336823,0.44274542386286825,0.0,0.4431622996603102,0.0,0.467326382938776,0.4494080980217881,0.4733306789536959,0.5196354114489073,0.31852431169694856,0.40767107396330343,0.45869139462945974,0.5416313079729199,0.0,0.492830732008313,0.0,0.0
0.42467985025363436,0.39801917378841367,0.4516023298966545,0.27071147541528784,0.44418285071179286,0.4443729703858614,0.36261327564591805,0.4482940863195809,0.4409728117441384,0.297005576667307,0.4512025222328175,0.2785948045930159,0.35520981561274123,0.3679001106139809,0.4478902839949855,0.43875937640039964,0.3667993219792425,0.3948618377101362,0.44021242024650215,0.45204105319246246,0.4335359612130115,0.44775675531362374,0.4645246284864139,0.2367988487510429,0.3649772323572037,0.40997678289779405,0.45871158209580637,0.3142715668989395,0.44301819070299525,0.4323646499230981,0.32948855919221964,0.34336390253538324,0.34579882700379455,0.24455690064824226,0.0,0.3822298058902136,0.260383807442357,0.23168869367159145,0.3010374533101234,0.24731339584835418,0.2450192295940395,0.3332618206119573,0.35412400466308797,0.3422492964173938,0.25004931311043754,0.0,0.46424580855701875,0.0,0.0,0.0,0.5586578609877622,0.0,0.0,0.0,0.2746039268669317,0.0,0.3276508983276825,0.0,0.0,0.5066867450412214,0.0,0.0,0.0,0.0,0.49596729905190523,0.0,0.4922222066582922,0.5328672474519854,0.0,0.0,0.4701563578635639,0.5284637410975861,0.40165177647232503,0.5246890157437311,0.0,0.0
0.0,0.0,0.4345925058695048,0.20601916274571733,0.27417193498868375,0.43856228670926267,0.31843204748764947,0.269922435723655,0.4356172648723577,0.34372369727034763,0.36855244108515756,0.32932348724084837,0.3480254999258853,0.23411023013037816,0.4628079507405871,0.0,0.4633804397350725,0.0,0.42396101889944426,0.49381766975389124,0.0,0.49151078598728914,0.43132046516164785,0.0,0.0,0.4777324814070088,0.459216820363553,0.2956706289235278,0.4645496656263415,0.0,0.47810157302795103,0.2866695860821243,0.3967229091487464,0.4245365358820901,0.3822298058902136,0.0,0.21800934519004628,0.31714643834334194,0.30486822303185923,0.0,0.2998515979318978,0.3020843788434685,0.3382929610025537,0.27237559808280026,0.0,0.0,0.0,0.5024893281537128,0.0,0.43999326688162976,0.47952966951347725,0.4787923058866328,0.0,0.46610862573526124,0.0,0.44517384772772556,0.30983850266154805,0.48422444774021967,0.38231934376482546,0.6187146486197225,0.0,0.0,0.0,0.45759089735938846,0.5760008432615475,0.0,0.5604074333476379,0.5017282356684052,0.0,0.0,0.0,0.5014178774421665,0.46921373323594445,0.557322110085092,0.0,0.0
0.0,0.0,0.44261845806915756,0.18457531620733247,0.23337739983180755,0.43150166267073903,0.2850878261150459,0.29205529468992814,0.4286415852134874,0.2499902362568291,0.3673092856628414,0.31568042805025515,0.31323036821870803,0.17145675912277003,0.0,0.0,0.0,0.0,0.0,0.0,0.0,0.0,0.4383237018870726,0.2367101901672954,0.0,0.0,0.4301129041157258,0.2698028481031459,0.0,0.0,0.20201440444302207,0.31498871154215213,0.41568043890295014,0.2530088585622271,0.260383807442357,0.21800934519004628,0.0,0.2729226092058896,0.26410808790176055,0.0,0.2496850600399401,0.29671270976541125,0.0,0.0,0.0,0.0,0.0,0.0,0.0,0.0,0.0,0.0,0.0,0.0,0.0,0.0,0.0,0.0,0.0,0.0,0.0,0.0,0.0,0.0,0.0,0.0,0.0,0.0,0.0,0.0,0.0,0.0,0.4397765645608222,0.0,0.0,0.0
0.4996490093744975,0.0,0.5309625989709942,0.25613066574956006,0.0,0.46924612378124186,0.3736759820580568,0.0,0.4463279166865664,0.2792505303973441,0.45822633855507117,0.21664891750373858,0.38006878702973856,0.5879601797581975,0.0,0.0,0.33588757977249367,0.0,0.4894714031521114,0.0,0.0,0.0,0.49771734186915856,0.22122713921933193,0.3224270311510697,0.3194321999297372,0.4933570004070965,0.3439536170098932,0.0,0.0,0.3024459538846696,0.2548210696009569,0.19746501467982408,0.19485915676346816,0.23168869367159145,0.31714643834334194,0.2729226092058896,0.0,0.2530875109670441,0.22515356563053454,0.21290794772124605,0.22147048842402914,0.0,0.0,0.21588248557670164,0.0,0.0,0.0,0.0,0.0,0.0,0.0,0.0,0.0,0.3225065557196223,0.0,0.34995262027086244,0.0,0.0,0.0,0.33903759550233187,0.34197222872997235,0.26766891558737893,0.0,0.0,0.0,0.0,0.0,0.29768717249452,0.3178775523176647,0.3188887097252931,0.40793463457507007,0.0,0.0,0.0,0.0
0.43879443099877,0.45227906981462535,0.5599977233240574,0.0,0.0,0.48527067857159495,0.5900924619513103,0.49290400631399234,0.5115657075835973,0.37499050895137664,0.493107599999515,0.29197104032729865,0.4201000639272591,0.0,0.4864774235945169,0.4294669215425691,0.3864629454315254,0.410687093368082,0.4911765145935483,0.4958961232179429,0.4661365915520147,0.46159592231997376,0.5077349765886543,0.3082621662242633,0.45210261345051544,0.46261197737594084,0.5052380885517942,0.39110835960509227,0.47060145272821924,0.4972457579248453,0.4538836779738099,0.2915152285596705,0.29630723528347014,0.32248320608316733,0.3010374533101234,0.30486822303185923,0.26410808790176055,0.2530875109670441,0.0,0.35491580898198805,0.3534106224566002,0.3510499707071084,0.2726272061240346,0.32046190769075045,0.25735510279422164,0.415228221698611,0.4060480531877711,0.43363434649286836,0.2903298848112455,0.36718456128965987,0.4211961564648848,0.3729891266774652,0.2941372215669804,0.4134135744251088,0.3008047504276795,0.365783227748324,0.26779359829591004,0.36817152142979176,0.28833072104207685,0.43104814765938426,0.4230169047190914,0.4029423595623064,0.41859267892646884,0.4055905995322025,0.4466002259923934,0.39726009455578104,0.4218022805017217,0.42110400341995496,0.2999048889869755,0.3961824149898957,0.40135600047330805,0.4303687769554707,0.3580112599010379,0.40462121990867533,0.0,0.36217881775185135
