0.0,0.2800399650581883,0.0,0.0,0.0,0.2690384787699575,0.0,0.29359798709996426,0.0,0.0,0.0,0.25089976062596414,0.0,0.0,0.2164015877346703,0.25900902232667444,0.0,0.2525239201811882,0.0,0.27119850600631906,0.2382682127194863,0.2514518095337954,0.267863336367244,0.2847139681319808,0.2507237443285236,0.2458612950194325,0.27217546922622204,0.2877378636813465,0.2811824860653442,0.0,0.23034332715830266,0.28515238327573095,0.21376908880116063,0.24875619800007223,0.30753295921595314,0.0,0.0,0.0,0.24029406443859694,0.21594850823564557,0.2343626020368127,0.2640212052506677,0.0,0.0,0.0,0.24822003322658134,0.28148657592793525,0.0,0.0,0.0,0.32148049546826646,0.0,0.2524373896770001,0.0,0.0,0.0,0.22100045866412554,0.0,0.0,0.2138997209202229,0.26049023910529323,0.0,0.2271154448332103,0.0,0.23603700711660763,0.17065836283661115,0.22976303417290908,0.271664067373682,0.18798571342677828,0.24370278913776486,0.26125606771822363,0.29122886921301777,0.0,0.27123850574283603,0.0,0.2599971928203922
0.2800399650581883,0.0,0.0,0.0,0.0,0.2665890444672714,0.2883858821670866,0.2918107663287868,0.0,0.0,0.0,0.0,0.2764257443112839,0.0,0.25727022971321334,0.2624432261904517,0.0,0.26161079195827247,0.0,0.28648046429862256,0.25585397728754566,0.26399793013271694,0.2671848316021108,0.0,0.26131045152255883,0.2755947278504353,0.27499106583990107,0.27625591924346526,0.2797112207706866,0.2629532440194458,0.24956030770414167,0.3002909838506973,0.24457121760665942,0.2647472812608287,0.3160487839470557,0.0,0.0,0.0,0.2915914069526834,0.2810420794122335,0.2559382329146337,0.2890415241710262,0.0,0.0,0.0,0.2915191694874828,0.2919997939559768,0.0,0.0,0.0,0.0,0.0,0.3435379275772676,0.0,0.0,0.0,0.0,0.0,0.0,0.28385100528289586,0.2793953019922529,0.0,0.0,0.0,0.2928288326728292,0.2822128360032244,0.28292114195861373,0.29792543871526084,0.0,0.2744051328648429,0.302178748950679,0.3001596085478029,0.0,0.3020341323346311,0.0,0.26961670087886763
0.0,0.0,0.0,0.0,0.0,0.1871081337784856,0.0,0.21916263180265133,0.1671202268297369,0.0,0.12002136652112325,0.0,0.0,0.1814598163607501,0.0,0.0,0.0,0.0,0.1318693676730247,0.0,0.0,0.0,0.14047004530521207,0.0,0.0,0.0,0.18041195374663552,0.0,0.0,0.0,0.0,0.0,0.0,0.0,0.0,0.0,0.0,0.0,0.2568365559561738,0.0,0.0,0.0,0.21982634995715694,0.0,0.0,0.0,0.0,0.10998007976014183,0.0,0.0,0.3105202578866018,0.0,0.0,0.0,0.0,0.09011426244482192,0.0,0.0,0.0,0.0,0.0,0.0,0.0,0.08328359532895864,0.0,0.0,0.0,0.2692087373122499,0.0,0.0,0.0,0.0,0.0,0.0,0.0,0.0
0.0,0.0,0.0,0.0,0.2085839299651382,0.21354415199103272,0.0,0.26272406846320884,0.22732966444312025,0.0,0.26305254103049713,0.0,0.16423686763071277,0.17090670492685545,0.0,0.0,0.0,0.0,0.0,0.0,0.0,0.0,0.20628279897164029,0.0,0.0,0.0,0.0,0.15962845173022147,0.0,0.0,0.0,0.1630304902873001,0.0,0.16032449889913783,0.15841978559224015,0.11568012821197414,0.113724540595641,0.0,0.0,0.0,0.0,0.0,0.0,0.0,0.0,0.0,0.0,0.0,0.0,0.0,0.0,0.0,0.0,0.0,0.0,0.0,0.0,0.0,0.0,0.0,0.0,0.0,0.0,0.0,0.0,0.0,0.0,0.0,0.0,0.0,0.0,0.0,0.0,0.0,0.0,0.0
0.0,0.0,0.0,0.2085839299651382,0.0,0.19971240131933884,0.21184257624905772,0.20622257561307475,0.20295276318481237,0.0,0.19017713259944735,0.0,0.24411041529727825,0.1806879445565135,0.0,0.0,0.0,0.0,0.22691974829998732,0.2502125368278376,0.0,0.2668018197488065,0.2078300858409989,0.0,0.0,0.0,0.2229067754900662,0.25785666153858944,0.24232851848067227,0.0,0.27454730442289815,0.23288543270810116,0.0,0.25097591706478284,0.22430532257682312,0.2396810414202714,0.0,0.0,0.0,0.0,0.0,0.0,0.0,0.0,0.0,0.0,0.0,0.0,0.0,0.0,0.310029800933337,0.0,0.0,0.0,0.0,0.0,0.0,0.0,0.0,0.0,0.0,0.0,0.0,0.0,0.0,0.0,0.0,0.0,0.0,0.0,0.0,0.0,0.0,0.0,0.0,0.0
0.2690384787699575,0.2665890444672714,0.1871081337784856,0.21354415199103272,0.19971240131933884,0.0,0.2124010994262983,0.19264553156953368,0.14890623167154565,0.0,0.20376025300627562,0.0,0.19924363648418614,0.0,0.2505444286545316,0.25385278559780666,0.0,0.0,0.21177388690075702,0.24730482051350655,0.23297943556000542,0.26077548126326644,0.19373622330859389,0.0,0.2554418891846778,0.2439086962248433,0.19899443184062243,0.20275398028289446,0.19345970247478336,0.2086409923119129,0.22977909067922384,0.22839468683761371,0.0,0.24308119847362794,0.25065124163210256,0.2276741977683108,0.225051711116812,0.0,0.21151411278752952,0.0,0.265542265616784,0.29916791632414264,0.0,0.0,0.0,0.0,0.0,0.26712737041658485,0.0,0.0,0.2575227646936935,0.0,0.213774535360362,0.23348861843871407,0.0,0.0,0.0,0.2687723058058262,0.0,0.0,0.0,0.0,0.0,0.0,0.0,0.0,0.0,0.2587654501830164,0.0,0.0,0.0,0.25488123225346293,0.2783418131733856,0.0,0.0,0.26733143573353835
0.0,0.2883858821670866,0.0,0.0,0.21184257624905772,0.2124010994262983,0.0,0.1913405758826341,0.20531359762905949,0.2773461047986085,0.27555976880348354,0.24519634674735824,0.2073784690971676,0.2398447942166029,0.2768036823838731,0.0,0.0,0.0,0.28095687831380667,0.2638713244054088,0.0,0.2815338679490062,0.2162545218384918,0.0,0.0,0.2727372644451385,0.22466111895171498,0.23246744518643772,0.25429755975921997,0.22018950012938912,0.25403747839189045,0.24273449968181157,0.22604521266750538,0.25712466340697104,0.2393332585214403,0.24123817710070108,0.0,0.21561743084205673,0.0,0.0,0.0,0.0,0.0,0.0,0.0,0.0,0.0,0.0,0.0,0.0,0.0,0.0,0.0,0.0,0.0,0.0,0.0,0.0,0.0,0.0,0.0,0.0,0.0,0.0,0.0,0.0,0.0,0.2635432747990106,0.0,0.0,0.0,0.2948490891772337,0.0,0.0,0.0,0.0
0.29359798709996426,0.2918107663287868,0.21916263180265133,0.26272406846320884,0.20622257561307475,0.19264553156953368,0.1913405758826341,0.0,0.21991229726676084,0.0,0.14672458880106717,0.0,0.23071818754636517,0.1805864739847962,0.22243740440977458,0.0,0.0,0.0,0.21168640258621235,0.23719358099119103,0.2401469461819594,0.2737778977002949,0.18810661065649606,0.32405230556505726,0.25536569821138155,0.2756449276230432,0.22024529688293415,0.23075844088841782,0.21886218463148413,0.21425819558606465,0.21242065738183097,0.1890249852865579,0.0,0.19897915920110773,0.24333995677018216,0.12798167602801339,0.24574664378160818,0.0,0.1513426557695264,0.0,0.26590372383971794,0.26127711670334236,0.13164843835903356,0.0,0.0,0.0,0.0,0.27063795884514324,0.0,0.0,0.2624006214836564,0.0,0.2077331637761356,0.2825250994104243,0.0,0.20442672419592878,0.0,0.0,0.16742363110393116,0.0,0.0,0.0,0.0,0.0,0.0,0.10140222505047886,0.0,0.2656428207037302,0.0,0.0,0.0,0.2616487141845285,0.0,0.0,0.0,0.0
0.0,0.0,0.1671202268297369,0.22732966444312025,0.20295276318481237,0.14890623167154565,0.20531359762905949,0.21991229726676084,0.0,0.2706269949074242,0.17149180030578962,0.0,0.18537381736132855,0.22853381478164053,0.0,0.0,0.0,0.0,0.1397032856587853,0.20594051005804107,0.0,0.24436589830566605,0.18286377932310674,0.0,0.0,0.0,0.17205588405779734,0.24503016199714706,0.20307781375312903,0.2011497735622454,0.23296036566359474,0.21990804073490927,0.2425743846270071,0.2423807687867166,0.2516612974144703,0.2420143966170924,0.2411384653954129,0.0,0.0,0.0,0.0,0.0,0.204922284601435,0.0,0.0,0.0,0.0,0.28667289787621386,0.0,0.0,0.2616856585585994,0.0,0.23193662085649008,0.3088921915222308,0.0,0.0,0.0,0.0,0.0,0.0,0.0,0.0,0.0,0.2818643885202815,0.0,0.0,0.0,0.23899764006608257,0.0,0.0,0.0,0.24339027687619977,0.0,0.0,0.0,0.0
0.0,0.0,0.0,0.0,0.0,0.0,0.2773461047986085,0.0,0.2706269949074242,0.0,0.0,0.16234253048057568,0.26247765926586286,0.0,0.0,0.2621741159627056,0.21152324608163733,0.234463943759556,0.0,0.0,0.0,0.0,0.0,0.17556996986295412,0.21236379472959793,0.20255175157520794,0.0,0.2410431742603254,0.0,0.0,0.20651887571297872,0.2071624159694121,0.17867080940843239,0.20559962643226629,0.20215540957061384,0.23585707421794874,0.16410118081781008,0.17050854096185225,0.23149424649081587,0.19870989376901826,0.1864579689557365,0.0,0.0,0.0,0.15020756521881048,0.0,0.0,0.0,0.0,0.0,0.0,0.0,0.0,0.0,0.2457996154978634,0.0,0.25346578876567744,0.0,0.0,0.0,0.0,0.259754707909017,0.2541755977883371,0.0,0.0,0.0,0.0,0.0,0.25078976572439354,0.2605479467504215,0.2875539286036235,0.0,0.0,0.0,0.0,0.22050284462946926
0.0,0.0,0.12002136652112325,0.26305254103049713,0.19017713259944735,0.20376025300627562,0.27555976880348354,0.14672458880106717,0.17149180030578962,0.0,0.0,0.0,0.27860083034050925,0.18258482709345372,0.0,0.0,0.0,0.0,0.13601712855285253,0.0,0.0,0.0,0.11797405001400388,0.0,0.0,0.0,0.0,0.2744228445878923,0.0,0.0,0.27305309590494253,0.168928678223056,0.0,0.2734197491865546,0.27555379581671025,0.15801027458383707,0.0,0.0,0.0,0.0,0.0,0.0,0.1730897596941954,0.0,0.0,0.0,0.0,0.23656354560545031,0.0,0.0,0.0,0.0,0.0,0.0,0.0,0.15015386263966843,0.0,0.0,0.0,0.0,0.0,0.0,0.0,0.24313379446310107,0.0,0.0,0.0,0.2639784996814357,0.0,0.0,0.0,0.0,0.0,0.0,0.0,0.0
0.25089976062596414,0.0,0.0,0.0,0.0,0.0,0.24519634674735824,0.0,0.0,0.16234253048057568,0.0,0.0,0.24269295085255937,0.0,0.0,0.0,0.2307335785091216,0.23520804235020384,0.0,0.0,0.0,0.0,0.0,0.16372758412620622,0.22100984494118125,0.1785864995748532,0.0,0.20399662295406693,0.0,0.0,0.2151976959428334,0.16994207236056755,0.15238434326760425,0.1629972884102892,0.17461707977917618,0.1851303885666406,0.17701672455454598,0.1360049176907744,0.2914895881219593,0.21348806049692878,0.20738072373624936,0.18668667343586484,0.0,0.0,0.18639824327998267,0.0,0.0,0.0,0.0,0.0,0.0,0.0,0.0,0.0,0.2487661375347398,0.0,0.2571764649821157,0.0,0.0,0.0,0.0,0.26645815834862874,0.278402791687737,0.0,0.0,0.0,0.0,0.0,0.24859722050200145,0.2662780108198022,0.2881680307654619,0.0,0.0,0.0,0.0,0.2195966919762234
0.0,0.2764257443112839,0.0,0.16423686763071277,0.24411041529727825,0.19924363648418614,0.2073784690971676,0.23071818754636517,0.18537381736132855,0.26247765926586286,0.27860083034050925,0.24269295085255937,0.0,0.26842822908773384,0.25446564848976266,0.28024794358011984,0.0,0.0,0.2761341899811775,0.2591124847454718,0.257946361883119,0.2752384054587473,0.22065034767621253,0.0,0.2725780133272388,0.25518109581709736,0.22494202191163817,0.20389629417696187,0.2352900257616001,0.2143581085426555,0.25147821630540423,0.2385526632221597,0.2391915235116997,0.2564129672174693,0.24967225417673833,0.21621071379522963,0.17687615484132047,0.22272113629133025,0.0,0.0,0.0,0.0,0.0,0.0,0.0,0.0,0.0,0.0,0.0,0.0,0.2913157801859791,0.0,0.2577013518493675,0.0,0.0,0.0,0.0,0.0,0.0,0.0,0.0,0.0,0.0,0.0,0.0,0.0,0.0,0.2586916611911765,0.0,0.0,0.0,0.26765807788680385,0.0,0.0,0.0,0.0
0.0,0.0,0.1814598163607501,0.17090670492685545,0.1806879445565135,0.0,0.2398447942166029,0.1805864739847962,0.22853381478164053,0.0,0.18258482709345372,0.0,0.26842822908773384,0.0,0.0,0.0,0.0,0.0,0.2023192235905645,0.0,0.2443035139296093,0.0,0.16511519503169955,0.0,0.0,0.0,0.0,0.12325302577664811,0.0,0.0,0.0,0.10037380355410215,0.0,0.0,0.0,0.11243173316093942,0.10352514029338436,0.0,0.0,0.0,0.0,0.0,0.1386948839406401,0.0,0.0,0.0,0.0,0.0,0.0,0.0,0.0,0.0,0.17972006544369198,0.0,0.0,0.0,0.0,0.0,0.0,0.0,0.0,0.0,0.0,0.0,0.0,0.0,0.0,0.22313090540697436,0.0,0.0,0.0,0.0,0.0,0.0,0.0,0.0
0.2164015877346703,0.25727022971321334,0.0,0.0,0.0,0.2505444286545316,0.2768036823838731,0.22243740440977458,0.0,0.0,0.0,0.0,0.25446564848976266,0.0,0.0,0.2067886268358059,0.0,0.20842615922592297,0.0,0.2370615022495395,0.22387254844679944,0.24590295219265987,0.21296216695932318,0.0,0.23449173670857007,0.24060914146505988,0.2695060552215463,0.23437516142758208,0.23964052260042684,0.0,0.2784885662060381,0.2865816924686766,0.23819481065323464,0.2971768920851773,0.319942879778549,0.0,0.0,0.0,0.2743170135472271,0.23084579502330888,0.28646555325608813,0.29070211500508997,0.0,0.0,0.0,0.0,0.2825168395293595,0.0,0.0,0.0,0.26204517855544024,0.0,0.22192309838262927,0.0,0.0,0.0,0.0,0.0,0.0,0.2666779792390717,0.0,0.0,0.0,0.0,0.25189375272778264,0.24765931500402705,0.2687074930089676,0.2437043104124423,0.0,0.0,0.2932108381084988,0.2632471505711344,0.0,0.25269703780482167,0.0,0.0
0.25900902232667444,0.2624432261904517,0.0,0.0,0.0,0.25385278559780666,0.0,0.0,0.0,0.2621741159627056,0.0,0.0,0.28024794358011984,0.0,0.2067886268358059,0.0,0.2552341204205264,0.22507468773028325,0.0,0.2641130580263569,0.22494855257920332,0.22250370119029625,0.2131107342862193,0.2601833379289484,0.2348827880227817,0.26423353852153625,0.2648977981365023,0.0,0.2663314725342857,0.0,0.25265650339429435,0.2958403817745539,0.24616545089575217,0.2533589206591463,0.315729498204257,0.0,0.0,0.0,0.2319598031617845,0.24517641840497711,0.24155227237638224,0.26053325938614325,0.0,0.0,0.0,0.26134496808191815,0.2737388396885019,0.0,0.0,0.0,0.0,0.0,0.0,0.0,0.35013234120672565,0.0,0.34584603055240726,0.0,0.0,0.0,0.26196635119493694,0.0,0.24589076588134207,0.0,0.0,0.0,0.26583402667177625,0.0,0.25485437038110875,0.25618562288778174,0.26336930006305154,0.0,0.0,0.0,0.0,0.24314703921376063
0.0,0.0,0.0,0.0,0.0,0.0,0.0,0.0,0.0,0.21152324608163733,0.0,0.2307335785091216,0.0,0.0,0.0,0.2552341204205264,0.0,0.22535046433552605,0.0,0.0,0.0,0.0,0.0,0.2320910518594825,0.2323219990124126,0.23123433075265032,0.0,0.0,0.0,0.0,0.22841586989026574,0.26122093605269897,0.20640593683974037,0.23403996030303387,0.24054753731785605,0.0,0.0,0.0,0.2872606497182425,0.23622621216934472,0.2780459175111019,0.0,0.0,0.0,0.0,0.31101594856855097,0.0,0.0,0.0,0.0,0.0,0.0,0.0,0.0,0.2672693733207596,0.0,0.2895996188116922,0.0,0.0,0.0,0.0,0.2786402626709315,0.2924514623149487,0.0,0.0,0.0,0.0,0.0,0.3053670455980815,0.2639929944852393,0.30193547870327325,0.0,0.0,0.0,0.0,0.3105121024947992
0.2525239201811882,0.26161079195827247,0.0,0.0,0.0,0.0,0.0,0.0,0.0,0.234463943759556,0.0,0.23520804235020384,0.0,0.0,0.20842615922592297,0.22507468773028325,0.22535046433552605,0.0,0.0,0.27153998400927504,0.23275669498931184,0.2530586330330127,0.0,0.22514509311501074,0.21669190555606407,0.240124651770491,0.0,0.0,0.2746137691974797,0.0,0.2427809170518896,0.28489210480526916,0.22186986458200522,0.24840972626425487,0.28289754285545166,0.0,0.0,0.0,0.21802620938503917,0.2358396266179488,0.2213572622209998,0.263793818803726,0.0,0.0,0.0,0.2827172212585059,0.2620441288038742,0.0,0.0,0.0,0.0,0.0,0.0,0.0,0.2687730798145974,0.0,0.28368652964161634,0.0,0.0,0.0,0.26354630173751187,0.2578496491523156,0.2663819776072696,0.0,0.0,0.0,0.27273652459347075,0.0,0.29298148724382655,0.26658453740828364,0.2814703262539418,0.0,0.0,0.0,0.0,0.2606625783953177
0.0,0.0,0.1318693676730247,0.0,0.22691974829998732,0.21177388690075702,0.28095687831380667,0.21168640258621235,0.1397032856587853,0.0,0.13601712855285253,0.0,0.2761341899811775,0.2023192235905645,0.0,0.0,0.0,0.0,0.0,0.0,0.0,0.0,0.10716655167037259,0.0,0.0,0.0,0.19078073963585016,0.27107785689767633,0.0,0.0,0.28647957429288906,0.0,0.0,0.0,0.0,0.18682399325267945,0.0,0.0,0.0,0.0,0.0,0.0,0.2118345349787479,0.0,0.0,0.0,0.0,0.0,0.0,0.0,0.0,0.0,0.0,0.0,0.0,0.0,0.0,0.0,0.0,0.0,0.0,0.0,0.0,0.0,0.0,0.0,0.0,0.0,0.0,0.0,0.0,0.0,0.0,0.0,0.0,0.0
0.27119850600631906,0.28648046429862256,0.0,0.0,0.2502125368278376,0.24730482051350655,0.2638713244054088,0.23719358099119103,0.20594051005804107,0.0,0.0,0.0,0.2591124847454718,0.0,0.2370615022495395,0.2641130580263569,0.0,0.27153998400927504,0.0,0.0,0.25538305982754483,0.24409633876479025,0.22223914907814932,0.0,0.27400283057197805,0.26088975350287114,0.24522531765620614,0.2359989216723801,0.224070953317469,0.20612722214188645,0.2631799673076688,0.31007928136021223,0.27683005040129327,0.2928042222132854,0.33185593222448745,0.3429630915716677,0.0,0.0,0.2727423532675588,0.0,0.0,0.0,0.0,0.0,0.0,0.0,0.30707453137759966,0.0,0.0,0.0,0.27406492326229936,0.0,0.2603166912164537,0.0,0.0,0.0,0.0,0.0,0.0,0.2811425604056961,0.0,0.0,0.0,0.0,0.2647543506439281,0.26254368004818845,0.27975229568479587,0.27255478782118925,0.0,0.0,0.2943387261375142,0.26178473152104875,0.0,0.0,0.0,0.0
0.2382682127194863,0.25585397728754566,0.0,0.0,0.0,0.23297943556000542,0.0,0.2401469461819594,0.0,0.0,0.0,0.0,0.257946361883119,0.2443035139296093,0.22387254844679944,0.22494855257920332,0.0,0.23275669498931184,0.0,0.25538305982754483,0.0,0.2571178232568345,0.21628252771169793,0.33054647296824174,0.244231198752934,0.25162074806085605,0.2561198273027941,0.24102790492609266,0.24320098903757636,0.24693891788320707,0.24050139996227057,0.2742952816393055,0.22730636514365596,0.27215640053076134,0.31782339448817004,0.3290929184401919,0.0,0.0,0.22163401218002107,0.23460127433692377,0.0,0.2862255559620101,0.0,0.0,0.0,0.10593349658599907,0.2753796298523037,0.0,0.0,0.0,0.23689181261197598,0.0,0.19683089385456531,0.0,0.0,0.0,0.0,0.0,0.0,0.24924324237440798,0.0,0.0,0.0,0.0,0.24192625287456446,0.16033744947476689,0.26674332457685773,0.23577388087853296,0.0,0.0,0.26432215933437164,0.25581046686846604,0.0,0.17973420727471848,0.0,0.0
0.2514518095337954,0.26399793013271694,0.0,0.0,0.2668018197488065,0.26077548126326644,0.2815338679490062,0.2737778977002949,0.24436589830566605,0.0,0.0,0.0,0.2752384054587473,0.0,0.24590295219265987,0.22250370119029625,0.0,0.2530586330330127,0.0,0.24409633876479025,0.2571178232568345,0.0,0.26193665065142424,0.0,0.25383316997096383,0.25086513746406,0.2766808958152976,0.26106750061395223,0.2557848247837026,0.24409238773577743,0.2599766522935843,0.3036103591173262,0.2598240425510462,0.2932273179347877,0.3252853073687949,0.0,0.0,0.0,0.2895878026335725,0.2773378286863256,0.28449188188994345,0.30141328964733793,0.0,0.0,0.0,0.2839271430370739,0.29555607351567437,0.0,0.0,0.0,0.28699477891829944,0.0,0.2513033104803355,0.0,0.0,0.0,0.0,0.0,0.0,0.27635302614625684,0.2914377945760326,0.0,0.0,0.0,0.2749813013376349,0.27092695673961986,0.29118761961212464,0.2646907477048977,0.0,0.0,0.29695614123212366,0.28486073421680774,0.0,0.29459315090099836,0.0,0.30042585083093826
0.267863336367244,0.2671848316021108,0.14047004530521207,0.20628279897164029,0.2078300858409989,0.19373622330859389,0.2162545218384918,0.18810661065649606,0.18286377932310674,0.0,0.11797405001400388,0.0,0.22065034767621253,0.16511519503169955,0.21296216695932318,0.2131107342862193,0.0,0.0,0.10716655167037259,0.22223914907814932,0.21628252771169793,0.26193665065142424,0.0,0.0,0.25532354245623873,0.2634775745566864,0.20750008807099415,0.22307372673751458,0.23215732708138545,0.21231594925683434,0.23692813443327002,0.23277273439311677,0.24443371581878098,0.2465852297068661,0.2728096194308749,0.18874333242316202,0.23343576660849652,0.0,0.25700175898401456,0.0,0.22892932041247738,0.26404515060023825,0.13863238632190014,0.0,0.0,0.0,0.0,0.26830063571015395,0.0,0.0,0.26860661949155706,0.2636325400835801,0.2219362526131895,0.2488522695487263,0.0,0.20777531481726624,0.0,0.2612075098833927,0.183324132747041,0.26708327747559263,0.0,0.0,0.0,0.0,0.2604466046099085,0.23608147438776475,0.28551967534420203,0.26673665879315417,0.0,0.0,0.2942138267117549,0.2651300844190837,0.263298469836657,0.25788797911450134,0.2453613310307822,0.2667856295600935
0.2847139681319808,0.0,0.0,0.0,0.0,0.0,0.0,0.32405230556505726,0.0,0.17556996986295412,0.0,0.16372758412620622,0.0,0.0,0.0,0.2601833379289484,0.2320910518594825,0.22514509311501074,0.0,0.0,0.33054647296824174,0.0,0.0,0.0,0.2230832964235108,0.20764890474159914,0.0,0.0,0.0,0.0,0.2078946456930736,0.21492524782505112,0.15529507786472505,0.1858234288428705,0.1861744086805877,0.23843431394233813,0.0,0.17295726011516657,0.29469386459556207,0.18697554148831236,0.2843966190990539,0.0,0.0,0.0,0.0,0.29751037343899883,0.0,0.0,0.0,0.0,0.0,0.0,0.0,0.0,0.23734821774678327,0.0,0.2507560495089933,0.0,0.0,0.0,0.302862507735011,0.2963404746901619,0.28773260188537575,0.0,0.0,0.0,0.0,0.0,0.2513675998082208,0.27320674611799456,0.294518413273867,0.0,0.0,0.0,0.0,0.2904340984589806
0.2507237443285236,0.26131045152255883,0.0,0.0,0.0,0.2554418891846778,0.0,0.25536569821138155,0.0,0.21236379472959793,0.0,0.22100984494118125,0.2725780133272388,0.0,0.23449173670857007,0.2348827880227817,0.2323219990124126,0.21669190555606407,0.0,0.27400283057197805,0.244231198752934,0.25383316997096383,0.25532354245623873,0.2230832964235108,0.0,0.2436200973273527,0.2644788630362819,0.27343714973950045,0.2705121687311884,0.0,0.2364812998037695,0.27922093681632115,0.21811847338443632,0.23953057875601352,0.2802992498183212,0.0,0.0,0.0,0.2507765090748773,0.2518056627935277,0.24229753137621818,0.2490439088208159,0.0,0.0,0.0,0.2763753126375597,0.2682172767768723,0.0,0.0,0.0,0.0,0.0,0.0,0.0,0.27051464585058727,0.0,0.28004214412103506,0.0,0.0,0.27479342657276273,0.26601258323481936,0.2766480598507673,0.26822473611852715,0.0,0.30485903035467493,0.2800761113352516,0.2879771202090944,0.0,0.2900849364063111,0.27051795932609846,0.28749617774721226,0.0,0.0,0.0,0.0,0.26353249691119374
0.2458612950194325,0.2755947278504353,0.0,0.0,0.0,0.2439086962248433,0.2727372644451385,0.2756449276230432,0.0,0.20255175157520794,0.0,0.1785864995748532,0.25518109581709736,0.0,0.24060914146505988,0.26423353852153625,0.23123433075265032,0.240124651770491,0.0,0.26088975350287114,0.25162074806085605,0.25086513746406,0.2634775745566864,0.20764890474159914,0.2436200973273527,0.0,0.27622739926121676,0.0,0.259530169751855,0.0,0.23780241866363544,0.28179220926374793,0.22524238450307707,0.23889181191302022,0.2913572228119082,0.2620860071928234,0.0,0.20622230195787786,0.28412947214162987,0.24791398851684127,0.26233775697034045,0.27386371162459433,0.0,0.0,0.18977502079982697,0.2861227779237603,0.27118137740553694,0.0,0.0,0.0,0.27883916630239397,0.0,0.2582790009122164,0.0,0.2772256815449031,0.0,0.2873211067114943,0.0,0.0,0.2779145824282567,0.27022384643299424,0.2793523893952979,0.2775797728585193,0.0,0.2833650625881907,0.2626366459517802,0.284936809353831,0.2716683525683731,0.2811784165679304,0.27618546772957364,0.29527233055841384,0.279416323302162,0.0,0.0,0.0,0.26916337402265167
0.27217546922622204,0.27499106583990107,0.18041195374663552,0.0,0.2229067754900662,0.19899443184062243,0.22466111895171498,0.22024529688293415,0.17205588405779734,0.0,0.0,0.0,0.22494202191163817,0.0,0.2695060552215463,0.2648977981365023,0.0,0.0,0.19078073963585016,0.24522531765620614,0.2561198273027941,0.2766808958152976,0.20750008807099415,0.0,0.2644788630362819,0.27622739926121676,0.0,0.22914270655050045,0.22930032602556918,0.22784420354549484,0.2553063585781856,0.2557909043300702,0.26129034444312216,0.26868459971861386,0.30187797764836716,0.2741467316103872,0.22433357959484632,0.0,0.2624064516261785,0.0,0.2912850888314368,0.0,0.0,0.0,0.0,0.0,0.0,0.0,0.0,0.0,0.2654738850239273,0.0,0.23192858272835268,0.263978211632348,0.0,0.0,0.0,0.0,0.0,0.28019425932734326,0.0,0.0,0.0,0.0,0.2716582381733036,0.0,0.3008660878204849,0.27215200962069924,0.0,0.0,0.0,0.2711501758971059,0.0,0.0,0.0,0.2851767961440473
0.2877378636813465,0.27625591924346526,0.0,0.15962845173022147,0.25785666153858944,0.20275398028289446,0.23246744518643772,0.23075844088841782,0.24503016199714706,0.2410431742603254,0.2744228445878923,0.20399662295406693,0.20389629417696187,0.12325302577664811,0.23437516142758208,0.0,0.0,0.0,0.27107785689767633,0.2359989216723801,0.24102790492609266,0.26106750061395223,0.22307372673751458,0.0,0.27343714973950045,0.0,0.22914270655050045,0.0,0.1974966987766752,0.17806460786766756,0.22714138190860644,0.2367648929833091,0.20154961775353442,0.2420266030228373,0.23857796184297841,0.160029014572588,0.15836996055253502,0.20968319765260007,0.25116516737555494,0.0,0.0,0.0,0.0,0.0,0.0,0.0,0.0,0.0,0.0,0.0,0.27708075840728447,0.0,0.257399872627303,0.0,0.0,0.0,0.0,0.0,0.0,0.0,0.0,0.0,0.0,0.0,0.0,0.0,0.0,0.2608360391526415,0.0,0.0,0.0,0.2584612726668694,0.0,0.0,0.0,0.0
0.2811824860653442,0.2797112207706866,0.0,0.0,0.24232851848067227,0.19345970247478336,0.25429755975921997,0.21886218463148413,0.20307781375312903,0.0,0.0,0.0,0.2352900257616001,0.0,0.23964052260042684,0.2663314725342857,0.0,0.2746137691974797,0.0,0.224070953317469,0.24320098903757636,0.2557848247837026,0.23215732708138545,0.0,0.2705121687311884,0.259530169751855,0.22930032602556918,0.1974966987766752,0.0,0.20117273244986503,0.2368636877244179,0.2750067087832978,0.28614460605437014,0.26911811364630894,0.30595169089490126,0.3117345486843822,0.27752530372942513,0.0,0.27527218853323926,0.0,0.0,0.0,0.0,0.0,0.0,0.0,0.0,0.0,0.0,0.0,0.27238583898342766,0.0,0.2540003800598011,0.0,0.0,0.0,0.0,0.0,0.0,0.2739734944158279,0.0,0.0,0.0,0.0,0.2715802340652668,0.25465696757166933,0.28027662978997503,0.2540407327415627,0.0,0.0,0.3085076763936723,0.2632675582318036,0.0,0.274568420199707,0.0,0.0
0.0,0.2629532440194458,0.0,0.0,0.0,0.2086409923119129,0.22018950012938912,0.21425819558606465,0.2011497735622454,0.0,0.0,0.0,0.2143581085426555,0.0,0.0,0.0,0.0,0.0,0.0,0.20612722214188645,0.24693891788320707,0.24409238773577743,0.21231594925683434,0.0,0.0,0.0,0.22784420354549484,0.17806460786766756,0.20117273244986503,0.0,0.20009624606172818,0.2383478027112318,0.0,0.21168169770217043,0.0,0.0,0.0,0.0,0.0,0.0,0.0,0.0,0.0,0.0,0.0,0.0,0.0,0.0,0.0,0.0,0.2936062122328981,0.0,0.0,0.0,0.0,0.0,0.0,0.0,0.0,0.0,0.0,0.0,0.0,0.0,0.0,0.0,0.0,0.24914721751964383,0.0,0.0,0.0,0.2561535176266072,0.0,0.0,0.0,0.0
0.23034332715830266,0.24956030770414167,0.0,0.0,0.27454730442289815,0.22977909067922384,0.25403747839189045,0.21242065738183097,0.23296036566359474,0.20651887571297872,0.27305309590494253,0.2151976959428334,0.25147821630540423,0.0,0.2784885662060381,0.25265650339429435,0.22841586989026574,0.2427809170518896,0.28647957429288906,0.2631799673076688,0.24050139996227057,0.2599766522935843,0.23692813443327002,0.2078946456930736,0.2364812998037695,0.23780241866363544,0.2553063585781856,0.22714138190860644,0.2368636877244179,0.20009624606172818,0.0,0.24940869149695047,0.19592559302124873,0.1962887868196968,0.28387720199985944,0.2561639009752099,0.17258826673944516,0.18677239164554393,0.26336691723766487,0.204771982140065,0.25486487957233694,0.0,0.0,0.0,0.16127419808029814,0.2871279922795958,0.2612499363692619,0.0,0.0,0.0,0.2885550838108017,0.0,0.24136627671083888,0.0,0.2645641832217861,0.0,0.2644454296816137,0.0,0.0,0.21533844891131504,0.21828653254636196,0.30501968645986666,0.2607379220746138,0.0,0.2517298874537968,0.0,0.2657023637291077,0.23365361466457268,0.2430022998104376,0.2600903962768415,0.26193324730571543,0.2689968285274342,0.0,0.0,0.0,0.28393327442009264
0.28515238327573095,0.3002909838506973,0.0,0.1630304902873001,0.23288543270810116,0.22839468683761371,0.24273449968181157,0.1890249852865579,0.21990804073490927,0.2071624159694121,0.168928678223056,0.16994207236056755,0.2385526632221597,0.10037380355410215,0.2865816924686766,0.2958403817745539,0.26122093605269897,0.28489210480526916,0.0,0.31007928136021223,0.2742952816393055,0.3036103591173262,0.23277273439311677,0.21492524782505112,0.27922093681632115,0.28179220926374793,0.2557909043300702,0.2367648929833091,0.2750067087832978,0.2383478027112318,0.24940869149695047,0.0,0.21522433611602013,0.225788696861748,0.25313604469925766,0.15965440948914308,0.19416403661849108,0.16045723472213738,0.18622546589483827,0.2252917034040937,0.23360923916293716,0.2442759216818505,0.0,0.0,0.0,0.29987386437851776,0.29945768229426123,0.0,0.0,0.0,0.22979454364432017,0.0,0.19289191950166323,0.0,0.28075814957016326,0.0,0.20197549630897774,0.0,0.0,0.29147642341914215,0.28659228992480285,0.28371533216290373,0.2741080180420829,0.0,0.2793148496689795,0.24932881535449555,0.3009851337739137,0.2296179643250516,0.2803028081061961,0.2810345727358681,0.29095754724175343,0.24217944167717925,0.0,0.2465919672419802,0.0,0.22883856711539793
0.21376908880116063,0.24457121760665942,0.0,0.0,0.0,0.0,0.22604521266750538,0.0,0.2425743846270071,0.17867080940843239,0.0,0.15238434326760425,0.2391915235116997,0.0,0.23819481065323464,0.24616545089575217,0.20640593683974037,0.22186986458200522,0.0,0.27683005040129327,0.22730636514365596,0.2598240425510462,0.24443371581878098,0.15529507786472505,0.21811847338443632,0.22524238450307707,0.26129034444312216,0.20154961775353442,0.28614460605437014,0.0,0.19592559302124873,0.21522433611602013,0.0,0.15061754442857814,0.20084016625645623,0.17720071839309892,0.15359887277323622,0.12360483157853287,0.20722726645209408,0.2316630449788743,0.23612358557915175,0.23985899864159946,0.0,0.0,0.0,0.24350353858063886,0.27521470478525917,0.0,0.0,0.0,0.27466449899618384,0.0,0.2329845214289769,0.0,0.24772948315715135,0.0,0.2271800130496368,0.0,0.0,0.2772191548651937,0.24962875237393936,0.24468612291178757,0.25745839390727415,0.0,0.287150277133724,0.24595932398576273,0.27763536439612857,0.244327936507526,0.23867700019635446,0.24712248193930106,0.26281676019250616,0.23907044894431692,0.0,0.2867537767933919,0.0,0.2442586014211739
0.24875619800007223,0.2647472812608287,0.0,0.16032449889913783,0.25097591706478284,0.24308119847362794,0.25712466340697104,0.19897915920110773,0.2423807687867166,0.20559962643226629,0.2734197491865546,0.1629972884102892,0.2564129672174693,0.0,0.2971768920851773,0.2533589206591463,0.23403996030303387,0.24840972626425487,0.0,0.2928042222132854,0.27215640053076134,0.2932273179347877,0.2465852297068661,0.1858234288428705,0.23953057875601352,0.23889181191302022,0.26868459971861386,0.2420266030228373,0.26911811364630894,0.21168169770217043,0.1962887868196968,0.225788696861748,0.15061754442857814,0.0,0.19228016532543285,0.2427065796630795,0.17417743861070398,0.13383550183512227,0.23797669725803225,0.2231046965122856,0.23186190246499397,0.257597743501095,0.0,0.0,0.0,0.2918395067063924,0.267682639786581,0.0,0.0,0.0,0.28659983733353056,0.0,0.23960032762411854,0.0,0.23830910528101498,0.0,0.24906038543894315,0.0,0.0,0.2921790993823718,0.26096053821208776,0.2886925765152517,0.2724297482256242,0.0,0.2673535741378327,0.0,0.28364005659340247,0.23220159245738906,0.252567065047932,0.26023334377794505,0.27875647195164205,0.2408404076607923,0.0,0.0,0.0,0.2637966256818674
0.30753295921595314,0.3160487839470557,0.0,0.15841978559224015,0.22430532257682312,0.25065124163210256,0.2393332585214403,0.24333995677018216,0.2516612974144703,0.20215540957061384,0.27555379581671025,0.17461707977917618,0.24967225417673833,0.0,0.319942879778549,0.315729498204257,0.24054753731785605,0.28289754285545166,0.0,0.33185593222448745,0.31782339448817004,0.3252853073687949,0.2728096194308749,0.1861744086805877,0.2802992498183212,0.2913572228119082,0.30187797764836716,0.23857796184297841,0.30595169089490126,0.0,0.28387720199985944,0.25313604469925766,0.20084016625645623,0.19228016532543285,0.0,0.2813136270944713,0.20557007757923793,0.167014382931662,0.2256879142035926,0.215900692525117,0.21612115968240786,0.24536926631543926,0.0,0.0,0.0,0.29528778496771113,0.30733244942739224,0.0,0.0,0.0,0.0,0.0,0.29269485340642465,0.0,0.28112236547201663,0.0,0.213571761153172,0.0,0.0,0.3112346487282824,0.2924069474815996,0.0,0.29403447873218236,0.0,0.31993735101841525,0.3110301940129819,0.31999895254528843,0.2715736163431083,0.0,0.2848326744586974,0.30716611143214073,0.2927017791147199,0.0,0.0,0.0,0.0
0.0,0.0,0.0,0.11568012821197414,0.2396810414202714,0.2276741977683108,0.24123817710070108,0.12798167602801339,0.2420143966170924,0.23585707421794874,0.15801027458383707,0.1851303885666406,0.21621071379522963,0.11243173316093942,0.0,0.0,0.0,0.0,0.18682399325267945,0.3429630915716677,0.3290929184401919,0.0,0.18874333242316202,0.23843431394233813,0.0,0.2620860071928234,0.2741467316103872,0.160029014572588,0.3117345486843822,0.0,0.2561639009752099,0.15965440948914308,0.17720071839309892,0.2427065796630795,0.2813136270944713,0.0,0.1012123096610368,0.18145209818505043,0.17136284015555633,0.0,0.0,0.0,0.0,0.0,0.0,0.0,0.0,0.0,0.0,0.0,0.2506609564268928,0.0,0.10372426271696972,0.0,0.0,0.1572705528026602,0.0,0.0,0.0,0.0,0.0,0.0,0.0,0.0,0.0,0.0,0.0,0.24239649740152805,0.0,0.0,0.0,0.0,0.0,0.0,0.0,0.0
0.0,0.0,0.0,0.113724540595641,0.0,0.225051711116812,0.0,0.24574664378160818,0.2411384653954129,0.16410118081781008,0.0,0.17701672455454598,0.17687615484132047,0.10352514029338436,0.0,0.0,0.0,0.0,0.0,0.0,0.0,0.0,0.23343576660849652,0.0,0.0,0.0,0.22433357959484632,0.15836996055253502,0.27752530372942513,0.0,0.17258826673944516,0.19416403661849108,0.15359887277323622,0.17417743861070398,0.20557007757923793,0.1012123096610368,0.0,0.17644535891780622,0.17199088005058122,0.0,0.0,0.0,0.0,0.0,0.0,0.0,0.0,0.0,0.0,0.0,0.0,0.0,0.0,0.0,0.0,0.0,0.0,0.0,0.0,0.0,0.0,0.0,0.0,0.0,0.0,0.0,0.0,0.0,0.0,0.0,0.0,0.0,0.0,0.0,0.0,0.0
0.0,0.0,0.0,0.0,0.0,0.0,0.21561743084205673,0.0,0.0,0.17050854096185225,0.0,0.1360049176907744,0.22272113629133025,0.0,0.0,0.0,0.0,0.0,0.0,0.0,0.0,0.0,0.0,0.17295726011516657,0.0,0.20622230195787786,0.0,0.20968319765260007,0.0,0.0,0.18677239164554393,0.16045723472213738,0.12360483157853287,0.13383550183512227,0.167014382931662,0.18145209818505043,0.17644535891780622,0.0,0.0,0.0,0.0,0.0,0.0,0.0,0.0,0.0,0.0,0.0,0.0,0.0,0.0,0.0,0.0,0.0,0.20094906990059758,0.0,0.2154226723101128,0.0,0.0,0.0,0.0,0.0,0.0,0.0,0.0,0.0,0.0,0.0,0.17479776576980202,0.0,0.2698034305881497,0.0,0.0,0.0,0.0,0.0
0.24029406443859694,0.2915914069526834,0.2568365559561738,0.0,0.0,0.21151411278752952,0.0,0.1513426557695264,0.0,0.23149424649081587,0.0,0.2914895881219593,0.0,0.0,0.2743170135472271,0.2319598031617845,0.2872606497182425,0.21802620938503917,0.0,0.2727423532675588,0.22163401218002107,0.2895878026335725,0.25700175898401456,0.29469386459556207,0.2507765090748773,0.28412947214162987,0.2624064516261785,0.25116516737555494,0.27527218853323926,0.0,0.26336691723766487,0.18622546589483827,0.20722726645209408,0.23797669725803225,0.2256879142035926,0.17136284015555633,0.17199088005058122,0.0,0.0,0.20498871644892358,0.2170024579534906,0.24199447738368665,0.1502656495952475,0.19251294860577084,0.16056265035321188,0.23163673903190013,0.25379365339863796,0.22580688192904028,0.1492462863133776,0.08934706116313158,0.2424222370393349,0.23080052599657724,0.09943505882005116,0.2120212064166199,0.2137014002865969,0.1131113668328638,0.18377003030694042,0.21553578836314044,0.11412503887896724,0.2669472057241288,0.25746221441918943,0.2356821849427499,0.25933556236850197,0.0,0.2910991012345062,0.2467186353578816,0.28267686956929067,0.24098820955210093,0.1891876300560925,0.2484012887292724,0.25237023749893195,0.26578948577394423,0.21608564639274025,0.289554490373794,0.2478054382804527,0.2397863614510498
0.21594850823564557,0.2810420794122335,0.0,0.0,0.0,0.0,0.0,0.0,0.0,0.19870989376901826,0.0,0.21348806049692878,0.0,0.0,0.23084579502330888,0.24517641840497711,0.23622621216934472,0.2358396266179488,0.0,0.0,0.23460127433692377,0.2773378286863256,0.0,0.18697554148831236,0.2518056627935277,0.24791398851684127,0.0,0.0,0.0,0.0,0.204771982140065,0.2252917034040937,0.2316630449788743,0.2231046965122856,0.215900692525117,0.0,0.0,0.0,0.20498871644892358,0.0,0.16222876484334187,0.19072092973341234,0.17116387283310683,0.15467995870336018,0.11930767039243544,0.1583325683796537,0.20054740903735127,0.0,0.0,0.0,0.2532361160508895,0.0,0.0,0.0,0.19084997996139882,0.0,0.1691301912594469,0.0,0.0,0.22156438120088015,0.20874590306748078,0.2165284552104358,0.21459717594277342,0.0,0.24298956402399186,0.1980308172860608,0.23537208851726243,0.20076310557417165,0.1384307346143255,0.19620346413172357,0.20496425685923228,0.23996173539795562,0.0,0.2719814873381753,0.0,0.20328425996830482
0.2343626020368127,0.2559382329146337,0.0,0.0,0.0,0.265542265616784,0.0,0.26590372383971794,0.0,0.1864579689557365,0.0,0.20738072373624936,0.0,0.0,0.28646555325608813,0.24155227237638224,0.2780459175111019,0.2213572622209998,0.0,0.0,0.0,0.28449188188994345,0.22892932041247738,0.2843966190990539,0.24229753137621818,0.26233775697034045,0.2912850888314368,0.0,0.0,0.0,0.25486487957233694,0.23360923916293716,0.23612358557915175,0.23186190246499397,0.21612115968240786,0.0,0.0,0.0,0.2170024579534906,0.16222876484334187,0.0,0.17792065779515845,0.18300171221249495,0.17624526596668566,0.16267760817937058,0.16587169150515926,0.21478640456556702,0.23385841342288843,0.130718208125866,0.23364805832630975,0.26429764082148344,0.24228872598505102,0.23404063052183102,0.23923721720062438,0.20227252313439295,0.0,0.1873561638958687,0.2114840547609108,0.0,0.2674076464314447,0.2290678669737188,0.22470936749498338,0.22188919206585933,0.0,0.27180651081697227,0.2544821173135338,0.256465013918605,0.2579485810136844,0.15380972468125698,0.21484639812022419,0.21789881381051254,0.26987440678614694,0.19729514691132724,0.26844927616909897,0.2326998189322547,0.16519715834906704
0.2640212052506677,0.2890415241710262,0.0,0.0,0.0,0.29916791632414264,0.0,0.26127711670334236,0.0,0.0,0.0,0.18668667343586484,0.0,0.0,0.29070211500508997,0.26053325938614325,0.0,0.263793818803726,0.0,0.0,0.2862255559620101,0.30141328964733793,0.26404515060023825,0.0,0.2490439088208159,0.27386371162459433,0.0,0.0,0.0,0.0,0.0,0.2442759216818505,0.23985899864159946,0.257597743501095,0.24536926631543926,0.0,0.0,0.0,0.24199447738368665,0.19072092973341234,0.17792065779515845,0.0,0.1732153864959168,0.18351419079290862,0.17583880348521821,0.20989200974825484,0.23653434181783226,0.2594319212823834,0.134484700060955,0.20960747030106366,0.2544964957724582,0.2285221844513552,0.24688202603009465,0.2232684488194138,0.20832410596683168,0.0,0.2086648201647917,0.18480197326435885,0.0,0.29186293401177454,0.26369018615926115,0.18529714617162188,0.23303097166544426,0.0,0.3019672631216806,0.2913295609493222,0.30106331477725495,0.23861729690155176,0.11081079166211441,0.22601079520276574,0.2552879903938351,0.2648002205935136,0.17762551182889363,0.2942764987728831,0.23671941369692842,0.15811780280279855
0.0,0.0,0.21982634995715694,0.0,0.0,0.0,0.0,0.13164843835903356,0.204922284601435,0.0,0.1730897596941954,0.0,0.0,0.1386948839406401,0.0,0.0,0.0,0.0,0.2118345349787479,0.0,0.0,0.0,0.13863238632190014,0.0,0.0,0.0,0.0,0.0,0.0,0.0,0.0,0.0,0.0,0.0,0.0,0.0,0.0,0.0,0.1502656495952475,0.17116387283310683,0.18300171221249495,0.1732153864959168,0.0,0.1196165516466117,0.18255497656897754,0.0,0.0,0.22022617735957906,0.11201884481449426,0.14465323383617867,0.23625181012933197,0.22355360638317673,0.15143954156979852,0.24156696727594493,0.1918867944806962,0.1490978653358382,0.18845658508598886,0.1957350334044437,0.12505414426468422,0.321966309948363,0.0,0.0,0.0,0.21635444519747346,0.32159120474003905,0.25883103107322386,0.33052117567032485,0.20050352429162316,0.0,0.0,0.24859504958663903,0.2931541256918793,0.13156443783742633,0.3130302951056429,0.0,0.18362203073359848
0.0,0.0,0.0,0.0,0.0,0.0,0.0,0.0,0.0,0.0,0.0,0.0,0.0,0.0,0.0,0.0,0.0,0.0,0.0,0.0,0.0,0.0,0.0,0.0,0.0,0.0,0.0,0.0,0.0,0.0,0.0,0.0,0.0,0.0,0.0,0.0,0.0,0.0,0.19251294860577084,0.15467995870336018,0.17624526596668566,0.18351419079290862,0.1196165516466117,0.0,0.16630249047033097,0.0,0.0,0.2522474445215576,0.11210735721659175,0.0,0.20074303453342357,0.0,0.23773415742863185,0.23399117387744317,0.185241637991927,0.0,0.18510500089559154,0.21130247602747393,0.11402292727252049,0.0,0.0,0.0,0.0,0.0,0.0,0.0,0.31179416841143254,0.24057036956296368,0.0,0.0,0.0,0.24137895968219644,0.1448057050175985,0.0,0.0,0.0
0.0,0.0,0.0,0.0,0.0,0.0,0.0,0.0,0.0,0.15020756521881048,0.0,0.18639824327998267,0.0,0.0,0.0,0.0,0.0,0.0,0.0,0.0,0.0,0.0,0.0,0.0,0.0,0.18977502079982697,0.0,0.0,0.0,0.0,0.16127419808029814,0.0,0.0,0.0,0.0,0.0,0.0,0.0,0.16056265035321188,0.11930767039243544,0.16267760817937058,0.17583880348521821,0.18255497656897754,0.16630249047033097,0.0,0.0,0.0,0.0,0.0,0.0,0.0,0.0,0.0,0.0,0.15721132137249072,0.0,0.1359890765720902,0.0,0.0,0.0,0.0,0.22733432737884912,0.0,0.0,0.0,0.0,0.0,0.0,0.13542899957165938,0.2260362129561151,0.19336082161351145,0.0,0.1862271048854865,0.0,0.0,0.22119932681303722
0.24822003322658134,0.2915191694874828,0.0,0.0,0.0,0.0,0.0,0.0,0.0,0.0,0.0,0.0,0.0,0.0,0.0,0.26134496808191815,0.31101594856855097,0.2827172212585059,0.0,0.0,0.10593349658599907,0.2839271430370739,0.0,0.29751037343899883,0.2763753126375597,0.2861227779237603,0.0,0.0,0.0,0.0,0.2871279922795958,0.29987386437851776,0.24350353858063886,0.2918395067063924,0.29528778496771113,0.0,0.0,0.0,0.23163673903190013,0.1583325683796537,0.16587169150515926,0.20989200974825484,0.0,0.0,0.0,0.0,0.23365647081779758,0.0,0.0,0.0,0.2560028895848884,0.0,0.27383676841266325,0.0,0.22680780085121546,0.0,0.21684670304846898,0.0,0.0,0.21087666441759315,0.21916054600881388,0.2202649189851024,0.21587986460985714,0.0,0.2141010555788438,0.2273782063828125,0.2460176646884954,0.25783654615876184,0.20753436556581567,0.2023618713750386,0.2139266093367036,0.2178286747361635,0.0,0.252887954011176,0.0,0.2041541755170276
