0.0,0.3897157688630706,0.0,0.0,0.0,0.3843197974881114,0.608028522154779,0.5065195327279455,0.0,0.4189545661535786,0.0,0.38955715283410064,0.4601289964067384,0.5205656606789938,0.4070864337017217,0.4038530716542583,0.4760488422399407,0.38915880521577634,0.0,0.44087931371436984,0.41934862861047323,0.39036056467786434,0.46778095353598126,0.35884507894526907,0.3739063543601366,0.3572237930517805,0.4525022750201463,0.4508037348836314,0.45830944684841224,0.0,0.3647957174222932,0.38928428144435967,0.3313165164826383,0.348673180378934,0.4002841744821827,0.0,0.0,0.4482276606250513,0.4673825574011191,0.44841445594861856,0.4555671945593484,0.5369305223325735,0.0,0.0,0.0,0.44348008117072474,0.48479981939217925,0.0,0.0,0.0,0.0,0.0,0.0,0.0,0.0,0.0,0.0,0.0,0.0,0.0,0.4485620683475941,0.0,0.44636024291223314,0.0,0.4356583792300285,0.0,0.5196236778555559,0.4734121075423408,0.0,0.4381357501326818,0.48854235948326946,0.0,0.0,0.0,0.0,0.45958898067562726
0.3897157688630706,0.0,0.0,0.0,0.3993909254677557,0.3992101085918447,0.422832754760416,0.4863683306543409,0.395305139001069,0.4103672821833944,0.0,0.5604700597139627,0.4204261347822497,0.0,0.4131923352046683,0.4240908677978951,0.0,0.4211941652338299,0.0,0.41879898508131475,0.4165495773538246,0.4160073675237614,0.43540445026639757,0.4094821765722868,0.40347168922380233,0.4102137834490986,0.4199255094510081,0.40732668344666173,0.40395177315952024,0.38724842193072234,0.3587807100169907,0.3803270768437076,0.3447918594590993,0.347283288494492,0.40672875764515,0.0,0.0,0.0,0.46774385103678523,0.4584976970309164,0.46542535590582573,0.5013304245206474,0.0,0.0,0.0,0.46303166319209277,0.48821910212547087,0.0,0.0,0.0,0.5000809138294164,0.0,0.658193173890101,0.0,0.0,0.0,0.0,0.0,0.0,0.49503989049924807,0.44637490644954636,0.6188021955010974,0.4189604085964005,0.0,0.46389285788597073,0.4958121560396599,0.49956238220128474,0.5019702075992001,0.0,0.43344097642051727,0.4991940056645566,0.49077921400744073,0.6659149742404807,0.4672787559160131,0.0,0.4304270558355936
0.0,0.0,0.0,0.4581286091243029,0.38949797638869926,0.3918563627517376,0.4384557880696348,0.49010397931365074,0.29363267172286495,0.0,0.35062826543904274,0.0,0.4541165265352958,0.44831583109081985,0.0,0.0,0.0,0.0,0.282360432945353,0.0,0.0,0.0,0.3045789514398548,0.0,0.0,0.0,0.3335405723488583,0.462913699513745,0.0,0.0,0.4600050517743519,0.43523037454757063,0.0,0.4563533889958929,0.46643353804675236,0.4092829678236636,0.43803859632393494,0.0,0.5473842465033362,0.0,0.0,0.0,0.4890520511528278,0.0,0.0,0.0,0.0,0.4549402238143405,0.0,0.5490473050715869,0.5409303854515579,0.5810559204615465,0.5472695214346749,0.5809742645899317,0.0,0.5075801647414717,0.0,0.0,0.5418110651568601,0.0,0.0,0.0,0.0,0.2974914954943172,0.0,0.0,0.0,0.6013628075837543,0.0,0.0,0.0,0.5714392901832412,0.0,0.0,0.0,0.0
0.0,0.0,0.4581286091243029,0.0,0.24099784328049303,0.41648514429481986,0.2696267867115261,0.3611440811811504,0.4068870161538138,0.2855190220706541,0.34214107720990783,0.0,0.30850007442230365,0.2467105496223817,0.0,0.0,0.41370332768661044,0.0,0.41381195896382156,0.42439818635058313,0.0,0.4077728430802959,0.41434265182118163,0.33753674584885424,0.0,0.4226626248632253,0.42008211352774294,0.28017895293745454,0.0,0.37912285784864436,0.373510814000658,0.29086028678544135,0.42070252947452597,0.30723540225138285,0.34315543659080683,0.1923221202308356,0.18968270088838296,0.3347540607908328,0.2921520967863636,0.23613437926203468,0.0,0.0,0.29002047994443436,0.0,0.0,0.0,0.0,0.0,0.0,0.0,0.0,0.0,0.0,0.0,0.0,0.0,0.0,0.0,0.0,0.0,0.0,0.0,0.0,0.0,0.0,0.0,0.0,0.8712366635845811,0.0,0.0,0.0,0.0,0.0,0.0,0.0,0.0
0.0,0.3993909254677557,0.38949797638869926,0.24099784328049303,0.0,0.3982843191947766,0.33626268089794864,0.41684728882314487,0.32856829174983265,0.3981572226523201,0.311126645608771,0.4020282755202046,0.35514046660453363,0.3052991480445448,0.0,0.4211079940284048,0.0,0.0,0.35490431051217763,0.0,0.0,0.4215546625716706,0.41396880816267995,0.4347552105361523,0.3886067974392909,0.4117732140228635,0.411250333271564,0.3472165584384512,0.4088811704731582,0.0,0.3799158880019751,0.32486012272822273,0.40285462670649735,0.39630890324529855,0.4242601755774685,0.24422252885106585,0.22310266925557662,0.4144239382324469,0.5937350884942606,0.0,0.6489644625390074,0.0,0.36721161805571634,0.0,0.39706851844383934,0.0,0.0,0.5208921505190663,0.0,0.5765887090265567,0.5570628696407277,0.656166895881619,0.5107073318446962,0.5683235341631853,0.0,0.44158552203158785,0.0,0.0,0.45884966843764496,0.0,0.0,0.0,0.0,0.47849548191924285,0.0,0.0,0.0,0.5328366429485717,0.0,0.0,0.0,0.5526354773887554,0.0,0.0,0.0,0.9100889316106958
0.3843197974881114,0.3992101085918447,0.3918563627517376,0.41648514429481986,0.3982843191947766,0.0,0.4428966443848083,0.47016340650605914,0.3910317586490313,0.44673788201225834,0.3972396054141518,0.0,0.41824460347396125,0.49451249870750985,0.4209305632039178,0.41593366208435306,0.0,0.4004702492196285,0.3948205294263412,0.3969330964739894,0.4307529234212032,0.4253012651299055,0.43870325889869627,0.0,0.3658374139314106,0.4135685948712348,0.4027134509136052,0.4174783223150382,0.38168092749515864,0.4368483525474913,0.4457813714683936,0.42573167492658703,0.3869535828397887,0.4423845817622372,0.45616365130611886,0.4224165445797135,0.4310963220499837,0.0,0.5365367683367502,0.0,0.5383267370524101,0.0,0.5074790307309149,0.0,0.0,0.0,0.0,0.5882056889687631,0.0,0.5958009920872267,0.5528946768702812,0.561482151266189,0.5332239889622443,0.5827081625809698,0.0,0.5623910249929334,0.0,0.5518178347324294,0.0,0.5068215721125459,0.0,0.0,0.0,0.5736237696719667,0.4930466992393626,0.4664903297346381,0.5052531113206864,0.5603153452773167,0.0,0.0,0.4835981700368332,0.5538483622901142,0.538575383691015,0.5005516716768651,0.6014999061401202,0.5557812013100691
0.608028522154779,0.422832754760416,0.4384557880696348,0.2696267867115261,0.33626268089794864,0.4428966443848083,0.0,0.5330861323467999,0.4072632453106801,0.4102728055403201,0.3934197685103019,0.4084143214154166,0.354532298775661,0.3205707097529823,0.0,0.4631749327792328,0.45517375218371897,0.4444078988994267,0.4182943178791663,0.4515476157403556,0.0,0.4788953108236056,0.46015445537324745,0.41259032199419476,0.41018092867095524,0.4200915626352487,0.4509009006603451,0.3370156696013918,0.4612440612558082,0.0,0.4193600268414136,0.38876169940258426,0.4014604235755433,0.40555508007191604,0.4559064229502133,0.298087441720845,0.2742283799032851,0.37735713243494035,0.6032569473155776,0.3883067991807238,0.6435789707960295,0.6018472694747816,0.5617230433692431,0.0,0.3937969966653835,0.0,0.0,0.5945719303301509,0.0,0.7545198392480211,0.5630519959763505,0.6827151605119074,0.581331841288091,0.6284398990688665,0.4835702087594168,0.0,0.0,0.7206094771247199,0.0,0.0,0.0,0.0,0.0,0.6318516988081189,0.0,0.0,0.0,0.5538135725030934,0.0,0.0,0.0,0.547781388573995,0.6750468095519541,0.6442758216127148,0.0,0.7898573895338673
0.5065195327279455,0.4863683306543409,0.49010397931365074,0.3611440811811504,0.41684728882314487,0.47016340650605914,0.5330861323467999,0.0,0.47040219016328266,0.0,0.3688762753406324,0.0,0.4819562937194333,0.3483045944728738,0.0,0.4729458095297413,0.0,0.4771176135684144,0.42713441582664363,0.0,0.44248937099123165,0.0,0.4164897724572651,0.5105320920920791,0.4795675533682322,0.4781283248462757,0.4773224020284286,0.46100353652996556,0.41830858482119704,0.44488974368712714,0.4793697413415124,0.3881715113767554,0.39289180788006284,0.48568013564486784,0.4608079014671834,0.31560165864519735,0.0,0.7174850990383557,0.5722048443937124,0.0,0.5241357554775041,0.5676415626270288,0.3304773225196205,0.0,0.0,0.0,0.0,0.5256899623005975,0.0,0.5129274820871131,0.48072847788188966,0.5360379633987862,0.4254554240602886,0.5243230933524499,0.0,0.4656901006179193,0.0,0.5175493095548342,0.0,0.5307137389226229,0.0,0.0,0.0,0.48750338384206043,0.5287608340888248,0.5761828976081442,0.0,0.5235737444477444,0.0,0.0,0.5743600904286682,0.5353311905784742,0.5119250796089523,0.5053002625581199,0.0,0.5544880620174443
0.0,0.395305139001069,0.29363267172286495,0.4068870161538138,0.32856829174983265,0.3910317586490313,0.4072632453106801,0.47040219016328266,0.0,0.44329644603581947,0.3245924149555243,0.0,0.39389311322551285,0.40776884650438017,0.0,0.0,0.0,0.0,0.299964523314773,0.0,0.0,0.0,0.43909142188218975,0.0,0.4058583959613417,0.44605712547049153,0.3931687150557438,0.444363066984229,0.4330469599201168,0.0,0.44795772031033815,0.4199190920824009,0.4443253419042295,0.4380257065890725,0.4390811696824747,0.39389287920920435,0.4300707984359161,0.4261245184956169,0.4957336850120002,0.0,0.0,0.0,0.3999524148267856,0.0,0.0,0.0,0.0,0.5706820354726752,0.0,0.5714514307139456,0.5455278086235192,0.5904438095837127,0.5445793296591127,0.5735675609283023,0.0,0.4971010465605031,0.0,0.6091026800696058,0.47561499793557455,0.0,0.0,0.0,0.0,0.5444800828409081,0.0,0.0,0.0,0.5759970975999791,0.0,0.0,0.0,0.5694587112620997,0.6084179681080933,0.0,0.0,0.6796400813049148
0.4189545661535786,0.4103672821833944,0.0,0.2855190220706541,0.3981572226523201,0.44673788201225834,0.4102728055403201,0.0,0.44329644603581947,0.0,0.433791623431225,0.2939434850333746,0.4104024321353196,0.4166435543191773,0.0,0.3842963249391442,0.343805284833843,0.36761119351184945,0.0,0.48296543611205256,0.4780961060772217,0.0,0.47864174399154796,0.335265066787785,0.34292065009072276,0.3441136881775055,0.46759332170035645,0.39264822140946964,0.0,0.0,0.32743591766597474,0.3529012850027173,0.3059641152129766,0.3106058951953379,0.3264525859252766,0.28114223733683585,0.27339309552450514,0.2701572316696639,0.4095525306632469,0.3843027112578079,0.40849162614235207,0.39295393332474243,0.27394568018719223,0.35937401842539035,0.36167976990166617,0.0,0.4886034914068644,0.0,0.0,0.0,0.0,0.0,0.0,0.0,0.44903677820393906,0.0,0.4526362722374725,0.4867077692482442,0.0,0.0,0.4369835335603033,0.4431631324946466,0.3976546210046302,0.0,0.0,0.0,0.0,0.0,0.41854622758296606,0.43788639066286567,0.45002653170777057,0.0,0.4381144277458898,0.0,0.0,0.42970780070691944
0.0,0.0,0.35062826543904274,0.34214107720990783,0.311126645608771,0.3972396054141518,0.3934197685103019,0.3688762753406324,0.3245924149555243,0.433791623431225,0.0,0.4538710118082803,0.40240543768745446,0.3133332390707511,0.0,0.0,0.5466283325392035,0.0,0.29119574125331343,0.0,0.0,0.0,0.3471486083369113,0.0,0.0,0.0,0.3896440882265568,0.41241230145632135,0.0,0.0,0.4179733533339594,0.3654540660280901,0.4577226861626909,0.4214267844358481,0.4089255512360317,0.29128406560180536,0.38448460019669034,0.41285957809590274,0.4302179819034407,0.0,0.6075603060678639,0.0,0.4130455842307596,0.0,0.0,0.0,0.0,0.441610749241116,0.0,0.4326447409133665,0.0,0.48525961211722834,0.4709544994968551,0.5188004547680338,0.0,0.3132092106720282,0.0,0.4997702870261695,0.4404340035432484,0.0,0.0,0.0,0.0,0.2807594354962288,0.0,0.0,0.0,0.5162616921040718,0.0,0.0,0.0,0.5073012399520954,0.0,0.0,0.0,0.0
0.38955715283410064,0.5604700597139627,0.0,0.0,0.4020282755202046,0.0,0.4084143214154166,0.0,0.0,0.2939434850333746,0.4538710118082803,0.0,0.39604167104481636,0.0,0.0,0.0,0.363162507642314,0.3548726565976465,0.0,0.0,0.5071004666596812,0.0,0.0,0.31697475749243553,0.3456425854217918,0.32909945201419644,0.0,0.38159993851445917,0.0,0.0,0.33257191151200166,0.29360534655987097,0.2768906276419957,0.28395047215040636,0.32988200990002553,0.3332369282821386,0.3427449815326607,0.24421695682496716,0.43375309489284525,0.38399352830713884,0.3959233639497181,0.0,0.0,0.0,0.36314882301455725,0.0,0.0,0.0,0.0,0.0,0.0,0.511858446173791,0.0,0.0,0.44849366632281357,0.0,0.44733324468367025,0.48311603759691435,0.0,0.0,0.0,0.44789986431029905,0.42238480856260013,0.0,0.0,0.0,0.0,0.0,0.41374187051529976,0.44423100783009106,0.4515234842626695,0.0,0.4413859342341625,0.0,0.0,0.43054811164214424
0.4601289964067384,0.4204261347822497,0.4541165265352958,0.30850007442230365,0.35514046660453363,0.41824460347396125,0.354532298775661,0.4819562937194333,0.39389311322551285,0.4104024321353196,0.40240543768745446,0.39604167104481636,0.0,0.3432118220285738,0.4485339043835408,0.47551724055867456,0.43649688857802815,0.4430813737038928,0.4294274992786283,0.43778118725717136,0.46947524598145923,0.4707582836594206,0.45327001798039057,0.4173657898588094,0.4094115722081188,0.4114448814800543,0.4455060981663249,0.35662329902090656,0.4255816455145025,0.3978102108571642,0.40562859744540763,0.3970378141961412,0.4066482479238681,0.41447985204519183,0.4307997018341521,0.31595577836126565,0.3160185689720045,0.3794369421523081,0.4731840218203635,0.4454486414472159,0.5067347157584124,0.5470549272776364,0.5208886166030187,0.0,0.3817497750174826,0.0,0.0,0.5975997333821217,0.0,0.8611116629791081,0.5423737968565844,0.6505935639728274,0.5227542102529613,0.6366243922890212,0.4727181672952168,0.5996984057322321,0.47586311645096835,0.0,0.0,0.6140677691349997,0.0,0.0,0.0,0.6482525333102753,0.5492703963598164,0.0,0.5860112358476888,0.5455564415886558,0.0,0.5838424987679532,0.559718125736006,0.5337995469219475,0.5942826705649152,0.546569507746952,0.0,0.6415030031867959
0.5205656606789938,0.0,0.44831583109081985,0.2467105496223817,0.3052991480445448,0.49451249870750985,0.3205707097529823,0.3483045944728738,0.40776884650438017,0.4166435543191773,0.3133332390707511,0.0,0.3432118220285738,0.0,0.0,0.0,0.0,0.0,0.36033175996344236,0.0,0.48720441179046714,0.0,0.4433458602882451,0.6562219866630504,0.0,0.5282126099258286,0.463375496011112,0.3386442542655319,0.5094787049131275,0.0,0.4311674672812125,0.30831201556718973,0.0,0.30437758803448467,0.3491232363912329,0.21361551101917742,0.18338738779011757,0.0,0.0,0.0,0.0,0.0,0.3532596255897691,0.0,0.0,0.0,0.0,0.5148175729699486,0.0,0.3768601091796701,0.0,0.4621031909161474,0.44718550324983375,0.4914984094635552,0.0,0.45324025660356104,0.0,0.0,0.45198620886801,0.0,0.0,0.0,0.0,0.4908578274982131,0.0,0.0,0.0,0.5180746052391763,0.0,0.0,0.0,0.0,0.0,0.0,0.0,0.0
0.4070864337017217,0.4131923352046683,0.0,0.0,0.0,0.4209305632039178,0.0,0.0,0.0,0.0,0.0,0.0,0.4485339043835408,0.0,0.0,0.4284802561624923,0.0,0.4107742949780922,0.0,0.36717531809801274,0.3911493848488982,0.38459715474713585,0.37438877737681364,0.4577641406371377,0.3921357419482432,0.4006995415461475,0.4302508896102038,0.42485768582557293,0.4036206352934567,0.38520134144693935,0.4114599537542351,0.43728689328978587,0.4280532569850714,0.42709875954996934,0.4811050789913278,0.4678353547396934,0.0,0.0,0.5107643614054868,0.5220876347094024,0.511400771806832,0.543559040031646,0.0,0.0,0.0,0.0,0.4802763825215591,0.0,0.0,0.0,0.5022895999236358,0.0,0.5184048368857419,0.0,0.0,0.0,0.0,0.6030475613612786,0.0,0.4783958685644867,0.49501369935122663,0.0,0.0,0.0,0.488632792334124,0.49618714118624785,0.49854226608983054,0.5157007089787767,0.0,0.5276562359046699,0.5285254846301896,0.5100521471818039,0.5306580426153849,0.5009488217670173,0.549263689244953,0.5057732014763434
0.4038530716542583,0.4240908677978951,0.0,0.0,0.4211079940284048,0.41593366208435306,0.4631749327792328,0.4729458095297413,0.0,0.3842963249391442,0.0,0.0,0.47551724055867456,0.0,0.4284802561624923,0.0,0.3874427115089006,0.35124157568972797,0.0,0.4218265799238334,0.43780952365410863,0.410013554259467,0.4484514632157137,0.38761074224275116,0.39072338955522423,0.4143464761943229,0.4335854131897956,0.45668290400265166,0.45048076595225395,0.4442964129206959,0.3799335459851723,0.4436678702078794,0.3673853245831019,0.3844498812275416,0.4447420149026293,0.0,0.0,0.0,0.4651380331527931,0.4362380071106319,0.4299503503162258,0.4894524365081414,0.0,0.0,0.0,0.454444221925557,0.46389764020604646,0.0,0.0,0.0,0.0,0.0,0.0,0.0,0.0,0.0,0.0,0.0,0.0,0.4920127988611748,0.4277201448184318,0.0,0.40187642470651064,0.0,0.4734532300890514,0.4983091383314945,0.4764684990413158,0.0,0.0,0.40428145044272606,0.4780199091652157,0.0,0.0,0.5128067959586773,0.0,0.4169421122123536
0.4760488422399407,0.0,0.0,0.41370332768661044,0.0,0.0,0.45517375218371897,0.0,0.0,0.343805284833843,0.5466283325392035,0.363162507642314,0.43649688857802815,0.0,0.0,0.3874427115089006,0.0,0.3527074719402684,0.0,0.41258554546397236,0.0,0.4023737504289226,0.0,0.39418222653786555,0.3661236139273214,0.36389461221310027,0.0,0.42065188216964033,0.0,0.0,0.35999285536849995,0.3887587487317933,0.33554154117855506,0.3797720186030425,0.3495680370584436,0.39129457856176014,0.0,0.3425737752670273,0.44847057454775147,0.4360478593963627,0.46590907062713066,0.0,0.0,0.0,0.0,0.0,0.0,0.0,0.0,0.0,0.0,0.0,0.0,0.0,0.47886724655331914,0.0,0.46866142721117476,0.0,0.0,0.0,0.4651365907275366,0.4700691966537327,0.44857771701340304,0.0,0.0,0.0,0.0,0.0,0.4879393293639567,0.4823663995768394,0.47620902717837893,0.0,0.7159120808088746,0.0,0.0,0.49601135816550346
0.38915880521577634,0.4211941652338299,0.0,0.0,0.0,0.4004702492196285,0.4444078988994267,0.4771176135684144,0.0,0.36761119351184945,0.0,0.3548726565976465,0.4430813737038928,0.0,0.4107742949780922,0.35124157568972797,0.3527074719402684,0.0,0.0,0.4130168087489678,0.42624888755764095,0.41447469891739874,0.4386563295195016,0.37900376144058534,0.36699692056432054,0.384470426875918,0.4206872326678283,0.4307705051044805,0.43270858759002073,0.4448637410365109,0.3774678026876501,0.40945292600658584,0.33227830604415926,0.3763977365629337,0.36717911267675474,0.0,0.0,0.3627121305829858,0.47178904118371046,0.4408028941915206,0.4360954078821353,0.4422838251545431,0.0,0.0,0.0,0.4410587254793416,0.45381738092322305,0.0,0.0,0.0,0.0,0.0,0.0,0.0,0.46776002232455494,0.0,0.4644386836954499,0.0,0.0,0.5766016417890109,0.42922127816420386,0.477573787652432,0.44227000355580187,0.0,0.0,0.0,0.45180934412078255,0.0,0.4592392579698117,0.44345318991983823,0.46056919181722256,0.0,0.0,0.0,0.0,0.4281193627053151
0.0,0.0,0.282360432945353,0.41381195896382156,0.35490431051217763,0.3948205294263412,0.4182943178791663,0.42713441582664363,0.299964523314773,0.0,0.29119574125331343,0.0,0.4294274992786283,0.36033175996344236,0.0,0.0,0.0,0.0,0.0,0.0,0.0,0.0,0.2900850053545,0.0,0.0,0.0,0.36270841902921963,0.43301176864844215,0.0,0.0,0.4466687432031622,0.40960486622354664,0.4812256709992233,0.438114538998163,0.43536262171208945,0.3723814633895257,0.0,0.0,0.0,0.0,0.0,0.0,0.4315600738800186,0.0,0.0,0.0,0.0,0.5059735578982851,0.0,0.5163295053780477,0.6171016418987437,0.526937853807965,0.48357366947818325,0.5498824793755064,0.0,0.45840648436232384,0.0,0.0,0.534113538614239,0.0,0.0,0.0,0.0,0.514210768508724,0.0,0.0,0.0,0.556787832651265,0.0,0.0,0.0,0.558028854473161,0.0,0.0,0.0,0.0
0.44087931371436984,0.41879898508131475,0.0,0.42439818635058313,0.0,0.3969330964739894,0.4515476157403556,0.0,0.0,0.48296543611205256,0.0,0.0,0.43778118725717136,0.0,0.36717531809801274,0.4218265799238334,0.41258554546397236,0.4130168087489678,0.0,0.0,0.4340192404767141,0.3857494154722191,0.3312478622375542,0.5946141702942047,0.38116828527004093,0.4483151720288501,0.3811520010565823,0.3997328950478517,0.34916590636024286,0.370123187801358,0.3769108393639177,0.433148464127783,0.3993970455341513,0.4178110531490115,0.47190572925469315,0.48009566687219696,0.4428977350882591,0.0,0.4898296324659669,0.48006687994218983,0.5056032746154594,0.5274290764889977,0.0,0.0,0.0,0.0,0.4543248268215086,0.0,0.0,0.0,0.0,0.0,0.5300099859715031,0.0,0.0,0.0,0.0,0.5827469834801483,0.0,0.49224899499144087,0.0,0.0,0.0,0.0,0.48986693068097087,0.47130947534713824,0.49278711635778766,0.506950254283864,0.0,0.0,0.4908980104125966,0.5128146097639187,0.513812652498012,0.49327535658856,0.6075459360811113,0.4961526241428338
0.41934862861047323,0.4165495773538246,0.0,0.0,0.0,0.4307529234212032,0.0,0.44248937099123165,0.0,0.4780961060772217,0.0,0.5071004666596812,0.46947524598145923,0.48720441179046714,0.3911493848488982,0.43780952365410863,0.0,0.42624888755764095,0.0,0.4340192404767141,0.0,0.4292203873981708,0.4152107285049422,0.4706154178710285,0.41683294608824756,0.41620705953503595,0.46428723899822716,0.4479685183540183,0.41293142542605216,0.45981023004170074,0.4332700253273542,0.4360884728075163,0.39361299979497666,0.40841583362197176,0.47618586923463685,0.0,0.0,0.5655752379094986,0.5051772637886692,0.4684523900311886,0.4958084878855011,0.5321064884110875,0.0,0.0,0.0,0.43476802800317776,0.49060181911204703,0.0,0.0,0.0,0.46854792848536647,0.8281868504522125,0.3939162741225655,0.0,0.0,0.0,0.0,0.5328911846798781,0.0,0.481890198085229,0.4553810981033868,0.0,0.0,0.0,0.4700911437691286,0.43990490794214027,0.50156201563932,0.49585432407049446,0.0,0.0,0.5265955819774147,0.49264170868039064,0.5131229267009216,0.490374758334528,0.0,0.5034262167216423
0.39036056467786434,0.4160073675237614,0.0,0.4077728430802959,0.4215546625716706,0.4253012651299055,0.4788953108236056,0.0,0.0,0.0,0.0,0.0,0.4707582836594206,0.0,0.38459715474713585,0.410013554259467,0.4023737504289226,0.41447469891739874,0.0,0.3857494154722191,0.4292203873981708,0.0,0.43352503134389825,0.0,0.42308940040802534,0.4064304475895516,0.436370122217593,0.4430636596638801,0.41047226364202694,0.4013370218541026,0.3820946236103169,0.4332955635386874,0.40318422394866266,0.402778797241165,0.4739966532824698,0.49457541428625135,0.4626397194226322,0.0,0.48758402701164205,0.4874223732348096,0.48931998597581067,0.5218528367159269,0.0,0.0,0.0,0.4359007897215269,0.4590328588370482,0.0,0.0,0.0,0.48655517081242355,0.0,0.0,0.0,0.0,0.0,0.0,0.0,0.0,0.5140954676893658,0.4462533286044907,0.0,0.0,0.0,0.4853601495855725,0.5039737462332778,0.4908190345108889,0.5191015243769446,0.0,0.44200382892747636,0.5164906826029442,0.48978529510819047,0.5602281358341774,0.483767613605336,0.0,0.47668979874566964
0.46778095353598126,0.43540445026639757,0.3045789514398548,0.41434265182118163,0.41396880816267995,0.43870325889869627,0.46015445537324745,0.4164897724572651,0.43909142188218975,0.47864174399154796,0.3471486083369113,0.0,0.45327001798039057,0.4433458602882451,0.37438877737681364,0.4484514632157137,0.0,0.4386563295195016,0.2900850053545,0.3312478622375542,0.4152107285049422,0.43352503134389825,0.0,0.49017143803215846,0.4072133845692991,0.4616845830118312,0.3667904451899487,0.4511676863089649,0.42282198590771286,0.44749055165588,0.4536723137168187,0.4309845127597351,0.41193596607341615,0.4543749608009443,0.45874230704382507,0.4148406706452257,0.4242848688868849,0.5228978854449857,0.5380379950569055,0.48609589840684486,0.5671362153952767,0.551936326666143,0.5621113096886595,0.5843681466999794,0.0,0.48101559748794126,0.5015598605688318,0.5770060823930835,0.0,0.5579001994988283,0.5429492287602328,0.5564213359854046,0.5122627184333243,0.5867581506435928,0.6916178463247826,0.524714789518925,0.0,0.5418062316635753,0.5627078632657935,0.5183726915319689,0.0,0.0,0.0,0.5520086086314261,0.5182402615023777,0.49760869053288137,0.5087580840336571,0.5613294651122424,0.0,0.0,0.5062498436635628,0.5518827331347136,0.5435615202302692,0.5293636524051825,0.5468450789760335,0.5524792873764988
0.35884507894526907,0.4094821765722868,0.0,0.33753674584885424,0.4347552105361523,0.0,0.41259032199419476,0.5105320920920791,0.0,0.335265066787785,0.0,0.31697475749243553,0.4173657898588094,0.6562219866630504,0.4577641406371377,0.38761074224275116,0.39418222653786555,0.37900376144058534,0.0,0.5946141702942047,0.4706154178710285,0.0,0.49017143803215846,0.0,0.3724607549084029,0.3628047162303989,0.5352130037105418,0.4012606854677295,0.0,0.0,0.35387240769886946,0.3667519281702991,0.29437117210864405,0.309391489549573,0.2879962947836664,0.4315916663364024,0.0,0.3040289295156828,0.4549739644536834,0.3650018906465227,0.38466171428079904,0.0,0.0,0.0,0.2613439827746501,0.44054038176003557,0.4384245219845809,0.0,0.0,0.0,0.0,0.0,0.0,0.0,0.41184035058815843,0.0,0.4015806743949215,0.0,0.0,0.0,0.47052734094690435,0.45041433638623235,0.4528725532069738,0.0,0.0,0.0,0.0,0.0,0.37973531143964584,0.4478321685937187,0.46312924176804937,0.0,0.33389679317733195,0.0,0.0,0.41527745522876913
0.3739063543601366,0.40347168922380233,0.0,0.0,0.3886067974392909,0.3658374139314106,0.41018092867095524,0.4795675533682322,0.4058583959613417,0.34292065009072276,0.0,0.3456425854217918,0.4094115722081188,0.0,0.3921357419482432,0.39072338955522423,0.3661236139273214,0.36699692056432054,0.0,0.38116828527004093,0.41683294608824756,0.42308940040802534,0.4072133845692991,0.3724607549084029,0.0,0.36959703910846126,0.38782709163115897,0.41302304331310213,0.39475237247818895,0.46402591364438756,0.36427263394734394,0.38672189565042864,0.30595203796181153,0.3498853917845095,0.3439637060902058,0.0,0.0,0.3236154889326474,0.4705146766326127,0.4370133204346818,0.44586220271178256,0.4605316529712977,0.0,0.0,0.4764988218571571,0.4471106242676851,0.4691478698494554,0.0,0.0,0.0,0.0,0.0,0.6631140882796038,0.0,0.4775399548924922,0.0,0.4732043833140809,0.5506865883926029,0.0,0.4680849846916259,0.4444183384128564,0.46436579512847975,0.45024267670709633,0.0,0.45352137921064184,0.4974921591710253,0.4404487231964527,0.5778674710425387,0.458172776960075,0.45301865803317515,0.46744992313258216,0.0,0.525931399696551,0.4726921881567485,0.0,0.43198949727213326
0.3572237930517805,0.4102137834490986,0.0,0.4226626248632253,0.4117732140228635,0.4135685948712348,0.4200915626352487,0.4781283248462757,0.44605712547049153,0.3441136881775055,0.0,0.32909945201419644,0.4114448814800543,0.5282126099258286,0.4006995415461475,0.4143464761943229,0.36389461221310027,0.384470426875918,0.0,0.4483151720288501,0.41620705953503595,0.4064304475895516,0.4616845830118312,0.3628047162303989,0.36959703910846126,0.0,0.48146463217399277,0.41518211366060115,0.4116199535100653,0.5239459074157856,0.3754365097112228,0.40213947347252993,0.35240729929309916,0.36475508072138363,0.4081151203308954,0.4182096610239445,0.45905261219473836,0.3223944691515193,0.4778962043016795,0.46349098014823015,0.4588731993161343,0.5501656416941549,0.0,0.0,0.45269756763284585,0.46303862672532253,0.49604669424473496,0.0,0.0,0.0,0.5080902390018135,0.0,0.522552458732182,0.0,0.4722169169512435,0.0,0.4669745038364921,0.5758974552884124,0.0,0.5240451270248262,0.46217099236740994,0.4755490424719208,0.466742922087322,0.0,0.4804417150938776,0.5098323400092172,0.5068938941609318,0.4969027049607786,0.4659273356680166,0.4650630112585751,0.49505983262891007,0.5090286086543211,0.5028983590827353,0.4858035987125335,0.0,0.4494835678827924
0.4525022750201463,0.4199255094510081,0.3335405723488583,0.42008211352774294,0.411250333271564,0.4027134509136052,0.4509009006603451,0.4773224020284286,0.3931687150557438,0.46759332170035645,0.3896440882265568,0.0,0.4455060981663249,0.463375496011112,0.4302508896102038,0.4335854131897956,0.0,0.4206872326678283,0.36270841902921963,0.3811520010565823,0.46428723899822716,0.436370122217593,0.3667904451899487,0.5352130037105418,0.38782709163115897,0.48146463217399277,0.0,0.4460106424670596,0.39118598141254707,0.4291907488164588,0.43066245964844974,0.4282290687393228,0.4105534904770824,0.4425809175320108,0.4546859064622084,0.44479485988793305,0.4399943118006199,0.0,0.5319116481850803,0.4920887084836142,0.5396101133590965,0.5632748782303156,0.5312484754077654,0.0,0.0,0.0,0.5219171663418133,0.5880804663605521,0.0,0.57763890748318,0.5446813124897752,0.5542380382941196,0.5318943279263578,0.5864627446681813,0.0,0.5571793648816501,0.0,0.5343794326758576,0.5698150728854215,0.5195574792861958,0.0,0.0,0.0,0.5705340431392746,0.5126477769960152,0.5049582455865503,0.49971221467555366,0.5605506690612616,0.0,0.0,0.5193177121840458,0.5527368270724416,0.5353133226451133,0.5206163333746767,0.5429067184138844,0.5386192146337451
0.4508037348836314,0.40732668344666173,0.462913699513745,0.28017895293745454,0.3472165584384512,0.4174783223150382,0.3370156696013918,0.46100353652996556,0.444363066984229,0.39264822140946964,0.41241230145632135,0.38159993851445917,0.35662329902090656,0.3386442542655319,0.42485768582557293,0.45668290400265166,0.42065188216964033,0.4307705051044805,0.43301176864844215,0.3997328950478517,0.4479685183540183,0.4430636596638801,0.4511676863089649,0.4012606854677295,0.41302304331310213,0.41518211366060115,0.4460106424670596,0.0,0.3662044201945969,0.3476065038099657,0.3931408217903431,0.40464550370572433,0.3933988804352623,0.38570670523744865,0.36736295443365874,0.29496923663294133,0.3121797736510085,0.36859428177051506,0.5213106489719556,0.41083826666025913,0.5216042484396475,0.5834724452650095,0.5476907431606519,0.0,0.3135103807838339,0.0,0.0,0.0,0.0,0.0,0.5188239785546412,0.6590243573633613,0.5079464168789062,0.6415468381664446,0.4507720064980531,0.0,0.49059080644000413,0.5900413496751703,0.0,0.5299683945157352,0.0,0.0,0.0,0.0,0.5113355330895765,0.5147295163299859,0.535902023221505,0.5387473774481737,0.0,0.559239907480063,0.5100838892158404,0.53294843607315,0.5342390622820331,0.5175244295021977,0.6334403972025341,0.5459948587649588
0.45830944684841224,0.40395177315952024,0.0,0.0,0.4088811704731582,0.38168092749515864,0.4612440612558082,0.41830858482119704,0.4330469599201168,0.0,0.0,0.0,0.4255816455145025,0.5094787049131275,0.4036206352934567,0.45048076595225395,0.0,0.43270858759002073,0.0,0.34916590636024286,0.41293142542605216,0.41047226364202694,0.42282198590771286,0.0,0.39475237247818895,0.4116199535100653,0.39118598141254707,0.3662044201945969,0.0,0.36394349687763033,0.3688514789451805,0.39998644488029206,0.3649221660755405,0.4024974393930011,0.4489849252936262,0.461888691752658,0.0,0.0,0.5059747455832354,0.5065653333293905,0.5225079427244268,0.5466625602445606,0.5607970366146683,0.0,0.0,0.0,0.5100863870666718,0.0,0.0,0.8191950592299314,0.5143036535543166,0.6220698966340041,0.5001950962539581,0.0,0.0,0.0,0.0,0.5475859858443572,0.0,0.4915863453541643,0.0,0.0,0.0,0.0,0.484584965304203,0.4669234855195847,0.4876778321480267,0.5300305288559705,0.0,0.0,0.48545406008302844,0.520525656861128,0.5180903525111775,0.500120810583216,0.5386112596071841,0.5161916890495907
0.0,0.38724842193072234,0.0,0.37912285784864436,0.0,0.4368483525474913,0.0,0.44488974368712714,0.0,0.0,0.0,0.0,0.3978102108571642,0.0,0.38520134144693935,0.4442964129206959,0.0,0.4448637410365109,0.0,0.370123187801358,0.45981023004170074,0.4013370218541026,0.44749055165588,0.0,0.46402591364438756,0.5239459074157856,0.4291907488164588,0.3476065038099657,0.36394349687763033,0.0,0.35655977017133605,0.398071346376434,0.41968386077696873,0.36822545830609316,0.0,0.0,0.0,0.46353765186462603,0.5223268593625766,0.36008485108235816,0.5932452237543057,0.5451608304852466,0.0,0.0,0.0,0.0,0.0,0.0,0.0,0.0,0.0,0.0,0.0,0.0,0.0,0.0,0.0,0.0,0.0,0.5942130991325923,0.0,0.0,0.0,0.0,0.5203093656878144,0.46468701214070274,0.0,0.5406485229484642,0.0,0.0,0.0,0.5340345809480589,0.6091096014105303,0.5462826089399994,0.5952771975595631,0.6353340552882955
0.3647957174222932,0.3587807100169907,0.4600050517743519,0.373510814000658,0.3799158880019751,0.4457813714683936,0.4193600268414136,0.4793697413415124,0.44795772031033815,0.32743591766597474,0.4179733533339594,0.33257191151200166,0.40562859744540763,0.4311674672812125,0.4114599537542351,0.3799335459851723,0.35999285536849995,0.3774678026876501,0.4466687432031622,0.3769108393639177,0.4332700253273542,0.3820946236103169,0.4536723137168187,0.35387240769886946,0.36427263394734394,0.3754365097112228,0.43066245964844974,0.3931408217903431,0.3688514789451805,0.35655977017133605,0.0,0.37296601541632907,0.2899982146351958,0.293341208723302,0.23915118027744306,0.32195910618337675,0.3617449231577139,0.2961355836568846,0.48196912088979543,0.4096062388727761,0.4593639961331174,0.4919527066006029,0.0,0.0,0.4035584184056226,0.4279056202615935,0.4451965307059988,0.0,0.0,0.0,0.5470273591445465,0.0,0.5135240847730769,0.0,0.45686426296181154,0.0,0.4595532343023701,0.0,0.0,0.5233257596422815,0.4254561951661788,0.47249129833779163,0.430764872741362,0.0,0.48904153602624273,0.4684823718577566,0.46592423847633946,0.558961115799913,0.47939476851949864,0.43894470399377383,0.479601874872237,0.5381861620340956,0.5466027105969559,0.5142832507144639,0.0,0.4930780573571286
0.38928428144435967,0.3803270768437076,0.43523037454757063,0.29086028678544135,0.32486012272822273,0.42573167492658703,0.38876169940258426,0.3881715113767554,0.4199190920824009,0.3529012850027173,0.3654540660280901,0.29360534655987097,0.3970378141961412,0.30831201556718973,0.43728689328978587,0.4436678702078794,0.3887587487317933,0.40945292600658584,0.40960486622354664,0.433148464127783,0.4360884728075163,0.4332955635386874,0.4309845127597351,0.3667519281702991,0.38672189565042864,0.40213947347252993,0.4282290687393228,0.40464550370572433,0.39998644488029206,0.398071346376434,0.37296601541632907,0.0,0.3420905213818979,0.36600960938845156,0.3714153076572019,0.2796638989921066,0.31779181091454334,0.27523836335410024,0.33064420475595896,0.29303065666390943,0.42632783230420956,0.364282027722173,0.3314353206963971,0.3257322868844446,0.2675954381972689,0.44175462825852574,0.4517962953601274,0.49010851064685407,0.34848879394302545,0.5028480509339603,0.5287135440426814,0.5622678273943273,0.5037933086691635,0.5196890396054921,0.32246438760365304,0.44446587819110567,0.24206225147317825,0.48258661487319454,0.44668577258329545,0.5027645501194313,0.4328175241193423,0.41452119854422764,0.42172973060757324,0.49839934273684816,0.4930865357214506,0.4983017264385434,0.4848031714529103,0.5423370634965125,0.0,0.42134120768486905,0.47410771181695477,0.5344595575178113,0.5116119542635914,0.5254745647810187,0.5087474311265497,0.5052905357203155
0.3313165164826383,0.3447918594590993,0.0,0.42070252947452597,0.40285462670649735,0.3869535828397887,0.4014604235755433,0.39289180788006284,0.4443253419042295,0.3059641152129766,0.4577226861626909,0.2768906276419957,0.4066482479238681,0.0,0.4280532569850714,0.3673853245831019,0.33554154117855506,0.33227830604415926,0.4812256709992233,0.3993970455341513,0.39361299979497666,0.40318422394866266,0.41193596607341615,0.29437117210864405,0.30595203796181153,0.35240729929309916,0.4105534904770824,0.3933988804352623,0.3649221660755405,0.41968386077696873,0.2899982146351958,0.3420905213818979,0.0,0.24630377579025475,0.3565937324761535,0.4037641017499339,0.29448288421425606,0.20503351785313295,0.320472022814043,0.26918501803217704,0.3804858147468038,0.4682477528328649,0.0,0.0,0.2538206015366164,0.42151279241970113,0.4463439404923617,0.0,0.0,0.0,0.4707104850623534,0.0,0.5309035486707121,0.0,0.38642654144532773,0.0,0.4082792914949474,0.4566123920894302,0.0,0.5145839271048569,0.4141031165209629,0.3932124262185957,0.3973764315804582,0.0,0.4809606224395514,0.48939769526676064,0.48444692555110647,0.49898013286705034,0.369730406608253,0.3972583096392248,0.4479118641573843,0.4941947293810596,0.4328746674903982,0.4939240519144953,0.0,0.36763897202006435
0.348673180378934,0.347283288494492,0.4563533889958929,0.30723540225138285,0.39630890324529855,0.4423845817622372,0.40555508007191604,0.48568013564486784,0.4380257065890725,0.3106058951953379,0.4214267844358481,0.28395047215040636,0.41447985204519183,0.30437758803448467,0.42709875954996934,0.3844498812275416,0.3797720186030425,0.3763977365629337,0.438114538998163,0.4178110531490115,0.40841583362197176,0.402778797241165,0.4543749608009443,0.309391489549573,0.3498853917845095,0.36475508072138363,0.4425809175320108,0.38570670523744865,0.4024974393930011,0.36822545830609316,0.293341208723302,0.36600960938845156,0.24630377579025475,0.0,0.31960842343580614,0.2941720345904784,0.30819520818491586,0.22149295593563836,0.4015543089874479,0.34413153805529667,0.3954183901766591,0.40453035649955393,0.37743013971993106,0.33401436506020876,0.3033795351854243,0.41732495109857537,0.43821852205435224,0.0,0.0,0.7801645343464786,0.5293744546451923,0.6798935060425473,0.5297252891624924,0.0,0.3949378669210286,0.0,0.4567597928066578,0.4998696832895104,0.0,0.504751195009123,0.4180936832440647,0.45772342755761547,0.4281592639013999,0.0,0.5050471102780353,0.48031044721786104,0.4742195510683428,0.559651823692077,0.0,0.4373063358025735,0.4656240187421822,0.5443599228286882,0.4912488327726326,0.5220584482336198,0.5777151538349405,0.49014330093742986
0.4002841744821827,0.40672875764515,0.46643353804675236,0.34315543659080683,0.4242601755774685,0.45616365130611886,0.4559064229502133,0.4608079014671834,0.4390811696824747,0.3264525859252766,0.4089255512360317,0.32988200990002553,0.4307997018341521,0.3491232363912329,0.4811050789913278,0.4447420149026293,0.3495680370584436,0.36717911267675474,0.43536262171208945,0.47190572925469315,0.47618586923463685,0.4739966532824698,0.45874230704382507,0.2879962947836664,0.3439637060902058,0.4081151203308954,0.4546859064622084,0.36736295443365874,0.4489849252936262,0.0,0.23915118027744306,0.3714153076572019,0.3565937324761535,0.31960842343580614,0.0,0.384842390200949,0.3794668939129733,0.2817320422600649,0.3438815406402052,0.3697803159167665,0.4445608865227064,0.3876222615356853,0.38067726152253906,0.3583039690924693,0.36496383464811105,0.0,0.4672334864463474,0.0,0.30643004778606925,0.5654675750375447,0.0,0.6000656685359997,0.0,0.0,0.37569435286496505,0.0,0.0,0.5449051178533793,0.0,0.5275656950174085,0.43497748475758047,0.0,0.43223802005670736,0.0,0.5178952023090212,0.532379786219986,0.511049207200169,0.5409665487203493,0.0,0.4323427148783132,0.49065933735417405,0.5328854121428649,0.5035158510364396,0.5469612782217327,0.0,0.0
0.0,0.0,0.4092829678236636,0.1923221202308356,0.24422252885106585,0.4224165445797135,0.298087441720845,0.31560165864519735,0.39389287920920435,0.28114223733683585,0.29128406560180536,0.3332369282821386,0.31595577836126565,0.21361551101917742,0.4678353547396934,0.0,0.39129457856176014,0.0,0.3723814633895257,0.48009566687219696,0.0,0.49457541428625135,0.4148406706452257,0.4315916663364024,0.0,0.4182096610239445,0.44479485988793305,0.29496923663294133,0.461888691752658,0.0,0.32195910618337675,0.2796638989921066,0.4037641017499339,0.2941720345904784,0.384842390200949,0.0,0.19433564345037072,0.32996278036591375,0.318177809399361,0.28289790484060356,0.34897943801447207,0.3136693945607106,0.29605234837275235,0.3297536206637928,0.0,0.0,0.0,0.4683599820422656,0.28430711592086283,0.3793440094469095,0.5109249111153593,0.471735470893066,0.5714383240481105,0.4784886452685618,0.2905621167851941,0.40337087354302487,0.0,0.5406194612198963,0.35364570224406333,0.0,0.0,0.0,0.0,0.43999192581350405,0.0,0.0,0.0,0.5334310896705546,0.0,0.0,0.0,0.5179793058484123,0.5207979253315838,0.0,0.0,0.0
0.0,0.0,0.43803859632393494,0.18968270088838296,0.22310266925557662,0.4310963220499837,0.2742283799032851,0.0,0.4300707984359161,0.27339309552450514,0.38448460019669034,0.3427449815326607,0.3160185689720045,0.18338738779011757,0.0,0.0,0.0,0.0,0.0,0.4428977350882591,0.0,0.4626397194226322,0.4242848688868849,0.0,0.0,0.45905261219473836,0.4399943118006199,0.3121797736510085,0.0,0.0,0.3617449231577139,0.31779181091454334,0.29448288421425606,0.30819520818491586,0.3794668939129733,0.19433564345037072,0.0,0.3319172921498893,0.2918063819260896,0.26242135788160786,0.3388204493405172,0.29983833233315726,0.3169141830861574,0.30355491381166083,0.32405116323809335,0.0,0.0,0.0,0.0,0.0,0.0,0.0,0.0,0.0,0.29868763997566405,0.0,0.0,0.0,0.0,0.0,0.0,0.0,0.0,0.0,0.0,0.0,0.0,0.5818308044587057,0.0,0.0,0.0,0.0,0.0,0.0,0.0,0.0
0.4482276606250513,0.0,0.0,0.3347540607908328,0.4144239382324469,0.0,0.37735713243494035,0.7174850990383557,0.4261245184956169,0.2701572316696639,0.41285957809590274,0.24421695682496716,0.3794369421523081,0.0,0.0,0.0,0.3425737752670273,0.3627121305829858,0.0,0.0,0.5655752379094986,0.0,0.5228978854449857,0.3040289295156828,0.3236154889326474,0.3223944691515193,0.0,0.36859428177051506,0.0,0.46353765186462603,0.2961355836568846,0.27523836335410024,0.20503351785313295,0.22149295593563836,0.2817320422600649,0.32996278036591375,0.3319172921498893,0.0,0.244665577216046,0.2533993773026311,0.33361636263628414,0.33964941256925785,0.0,0.0,0.26124187936170895,0.0,0.0,0.0,0.0,0.0,0.0,0.42545636893291316,0.0,0.0,0.3227517150639426,0.0,0.3297482698043101,0.0,0.0,0.0,0.0,0.28957819683813396,0.0,0.0,0.0,0.0,0.0,0.0,0.3073535546628445,0.3555172941729447,0.3449748209461583,0.0,0.41241029410751334,0.0,0.0,0.0
