0.0,0.3031760383586816,0.0,0.0,0.0,0.3083754585913854,0.0,0.34903194874329213,0.0,0.2710819885186081,0.0,0.30160930147267767,0.0,0.0,0.30881922254619437,0.2990962069608744,0.27531461012234265,0.28884723727925915,0.0,0.32195925763696637,0.30632410950296285,0.29460284493194283,0.3260954251704753,0.2986629565978939,0.2810438023420644,0.2792615196936453,0.3302906319202878,0.33371337089775766,0.3211863303407617,0.0,0.2694541098883139,0.30650735902339926,0.2612659239836712,0.2594014795717411,0.2984734887425254,0.0,0.0,0.0,0.3236681303768447,0.30697913633153423,0.29711424777338113,0.3613028289589705,0.0,0.0,0.0,0.33465565644444156,0.3334535524528244,0.0,0.0,0.0,0.3589695191704482,0.0,0.0,0.0,0.0,0.0,0.34394351601205164,0.0,0.0,0.0,0.32432274332783534,0.0,0.3185739590279574,0.0,0.0,0.0,0.33381373030099376,0.32704708141416183,0.2670402378414382,0.3183910736515185,0.3375992323189016,0.329586844246176,0.0,0.31980409111529196,0.0,0.3129168196862951
0.3031760383586816,0.0,0.35446923048188256,0.0,0.3146571421867364,0.3139809361683803,0.3170568597564207,0.31641614016606684,0.306261390967471,0.0,0.0,0.0,0.32602029315590825,0.0,0.3194421319015994,0.29737517447011486,0.3345714498077765,0.305437913045918,0.0,0.31073910768695645,0.2906045455817005,0.271739481822958,0.3243361120196723,0.0,0.27166684367451177,0.2773291375819796,0.31852801577518003,0.32496735239259333,0.3164642771154459,0.0,0.2664173251120889,0.3073189275814018,0.2566122145079222,0.27865149750541557,0.3130546242017844,0.0,0.0,0.0,0.3257494262317516,0.32714676649572244,0.3169245036956177,0.34020864332468137,0.0,0.0,0.0,0.3390177147092833,0.3374251010444994,0.0,0.0,0.0,0.33696768327233484,0.0,0.0,0.0,0.0,0.0,0.0,0.0,0.0,0.34012828337179835,0.32676829318733863,0.0,0.32268860865763,0.0,0.32482784376623636,0.33344140525912047,0.3360750185609532,0.0,0.0,0.3235737535367514,0.3449389294634383,0.33842000554622736,0.0,0.3277783690846074,0.0,0.30546153196286585
0.0,0.35446923048188256,0.0,0.0,0.2837449197418545,0.302148592620455,0.30607289641267554,0.3307978660185706,0.21065960655179602,0.346623865541432,0.24398945106414638,0.0,0.3157024115872827,0.29231890924670456,0.0,0.0,0.0,0.0,0.20480362975297126,0.0,0.39313805846046607,0.0,0.24812508455468907,0.0,0.0,0.0,0.23457581006291314,0.32831322653931605,0.32689007333634007,0.3550157400228843,0.3305310504148143,0.30628549621326023,0.0,0.3226930493960273,0.3301099203259887,0.28238659204927646,0.0,0.0,0.3599886739257437,0.0,0.4448218260740424,0.0,0.3368398595181255,0.0,0.0,0.0,0.0,0.3879745821764092,0.0,0.3843863818636087,0.382015772114704,0.4102298730135781,0.3894523353858333,0.4022926518425664,0.0,0.3520431976963319,0.0,0.4123845082531246,0.33821254633054887,0.0,0.0,0.0,0.0,0.32634363001763156,0.0,0.0,0.0,0.39960960318008937,0.0,0.0,0.0,0.39339571584199845,0.42749522716260857,0.0,0.0,0.4503049925466809
0.0,0.0,0.0,0.0,0.1983625385357064,0.2966580359332381,0.22790753860402677,0.18597448798689148,0.2830171473003126,0.15008361915508053,0.24485521228818127,0.19221513799536208,0.23742749017622675,0.18237522198231526,0.0,0.0,0.0,0.0,0.28998924527486747,0.0,0.0,0.0,0.301428069924611,0.14544423256547212,0.0,0.0,0.3034146729027858,0.21713699252057792,0.0,0.0,0.22511559746501736,0.2022104315543994,0.1658982829988009,0.1958439836268267,0.23058581398405123,0.14024642424923567,0.14349217566694994,0.1828196746385291,0.0,0.0,0.0,0.0,0.0,0.0,0.0,0.0,0.0,0.0,0.0,0.0,0.0,0.0,0.0,0.0,0.0,0.0,0.0,0.0,0.0,0.0,0.0,0.0,0.0,0.0,0.0,0.0,0.0,0.0,0.0,0.0,0.0,0.0,0.0,0.0,0.0,0.0
0.0,0.3146571421867364,0.2837449197418545,0.1983625385357064,0.0,0.2832142248992343,0.2519913027314262,0.2991381729182438,0.2505262423425562,0.2943805714544944,0.23121640028578827,0.27463478064792063,0.2761035800369176,0.18383255007272706,0.0,0.3212797829718221,0.0,0.34740867416223187,0.2705429658638591,0.30826376582481685,0.0,0.319569697800364,0.30165713548924084,0.0,0.30280541474919687,0.0,0.29185339332445787,0.2785485302392338,0.30697425154504904,0.3007384437030383,0.32354735866988615,0.2780125755960821,0.29049862258160364,0.3082104869164461,0.30502884928725027,0.15290196366963724,0.2133031820074403,0.29307661017121284,0.3829928282713931,0.0,0.46958292268429025,0.0,0.25606094316944145,0.0,0.0,0.0,0.0,0.3797369531111719,0.0,0.3780102059591752,0.37046424372286096,0.4492461492771088,0.3572725421399327,0.38867601194952067,0.0,0.3136014037278581,0.0,0.0,0.3296177623597384,0.0,0.0,0.0,0.0,0.3422331823553794,0.0,0.0,0.0,0.3680151815541655,0.0,0.0,0.0,0.38078702784591223,0.4825834081363719,0.0,0.0,0.0
0.3083754585913854,0.3139809361683803,0.302148592620455,0.2966580359332381,0.2832142248992343,0.0,0.2994935077005704,0.3041552489512687,0.24165918228374889,0.3133787746673625,0.2816035456617934,0.0,0.28489540747620085,0.2835848810994125,0.3169580631582635,0.31870092538289996,0.0,0.3038189102949621,0.2929911983248688,0.32091503506576446,0.30499825063235214,0.3229614747469355,0.30256633988872295,0.0,0.29301956039426885,0.31760436538333314,0.2890205806643191,0.28613312746210295,0.25453131781309796,0.3115265375955328,0.31631688296965205,0.3029333283037839,0.2824513686004623,0.316407711337185,0.33447959201900546,0.29470914243742036,0.2981924300636927,0.3222278304953322,0.3514462820408548,0.4361972120261304,0.35834804793381414,0.39667924395918974,0.33675296266357746,0.0,0.0,0.0,0.0,0.38127068030522043,0.0,0.0,0.35542169187205813,0.3774029971050222,0.34276670921855557,0.37563840785625746,0.0,0.35372948495259204,0.0,0.36690021563782793,0.37953626710377997,0.3572090430232489,0.0,0.0,0.0,0.36903310540414125,0.34750129776055183,0.3569568154434084,0.3606083793521868,0.36552839770309775,0.0,0.0,0.37052796978661756,0.36158382850845167,0.3610435744559057,0.34564280177751144,0.39841655652823016,0.36364805852179993
0.0,0.3170568597564207,0.30607289641267554,0.22790753860402677,0.2519913027314262,0.2994935077005704,0.0,0.30704632142447824,0.2821469343372758,0.30307464872998424,0.3099864912609596,0.28308513012485,0.24008057455391477,0.2565555941003116,0.0,0.3333340763322622,0.3360758791526311,0.3309210733086682,0.3168830913643267,0.3257212387829429,0.36536601658222023,0.3326811892500271,0.30185401298363684,0.29866544050532834,0.30618389019265685,0.31131649297789393,0.31432115016833717,0.28959566910454304,0.3180864439435078,0.30623094352463825,0.3289937353787895,0.2907752619233834,0.2879224634709954,0.30043706794801217,0.3388913439590235,0.23473307620907014,0.23553258388461654,0.26604765598420127,0.40120440630919,0.0,0.0,0.0,0.0,0.0,0.0,0.0,0.0,0.39807113553066054,0.0,0.0,0.3632446301818861,0.4391173196154391,0.36449830001860506,0.4249762115995724,0.38825415202027397,0.3788236806596191,0.0,0.0,0.0,0.0,0.0,0.0,0.0,0.0,0.0,0.0,0.0,0.3522465079493907,0.0,0.0,0.0,0.35426522005309086,0.0,0.40561544636899305,0.0,0.0
0.34903194874329213,0.31641614016606684,0.3307978660185706,0.18597448798689148,0.2991381729182438,0.3041552489512687,0.30704632142447824,0.0,0.33333926191507884,0.34846057486223314,0.2640888287625509,0.3722367248114243,0.304811197842803,0.23725084878135747,0.31795694785870043,0.33125206740679697,0.0,0.32991946634856206,0.3131349297742725,0.2784741456589729,0.2920676637992294,0.3353390890639879,0.2711123232080263,0.36590957973089383,0.324368309362003,0.33589693240822616,0.3344896496653039,0.3139685578292274,0.29561774296649596,0.322597822253506,0.32571877400238736,0.2597624543440638,0.3202365810590228,0.323548251687024,0.30934776196508446,0.16714085319737676,0.19551457641499392,0.0,0.30924227794034476,0.0,0.34445075956291726,0.0,0.27639587587207576,0.0,0.0,0.3050540607845272,0.3123695980111643,0.4076901140133113,0.0,0.3626304130808826,0.3365826354081805,0.3756025933500419,0.30978072881086377,0.4034690702206286,0.0,0.3516126244344577,0.0,0.3399059746963022,0.30523315642342985,0.0,0.0,0.0,0.0,0.36988401050599,0.0,0.0,0.0,0.33124017766178326,0.0,0.0,0.40828407121169996,0.35144675889734434,0.3448316772581492,0.3308836510236915,0.0,0.34934810814170525
0.0,0.306261390967471,0.21065960655179602,0.2830171473003126,0.2505262423425562,0.24165918228374889,0.2821469343372758,0.33333926191507884,0.0,0.31289827043825497,0.20868524159851753,0.316138360912752,0.2762675367158636,0.2917436075027227,0.0,0.31974253689395526,0.0,0.0,0.21233526786356094,0.313659307590564,0.0,0.3164864025117302,0.3055949679346644,0.0,0.3163272601288091,0.3310243851718364,0.2465610511384013,0.3165674403488938,0.29690036342675546,0.3355572821753816,0.3103642351804251,0.2954293770982222,0.30008930940301676,0.30635358831131776,0.30690571482150575,0.28235407948911817,0.2958674482212554,0.30338452056895965,0.377064974801437,0.0,0.4567370114298769,0.0,0.3256519468833502,0.0,0.0,0.0,0.0,0.3999452234416626,0.0,0.40283049889940736,0.37263957189007363,0.41425280292953987,0.38821000474398176,0.40729710907561095,0.0,0.36932435959023246,0.0,0.42294850491454844,0.3252701486238835,0.0,0.0,0.0,0.0,0.3775854307382237,0.0,0.0,0.0,0.3919548102328643,0.0,0.0,0.0,0.39606947572170914,0.42025209447165207,0.4187946561851139,0.0,0.4686359578421641
0.2710819885186081,0.0,0.346623865541432,0.15008361915508053,0.2943805714544944,0.3133787746673625,0.30307464872998424,0.34846057486223314,0.31289827043825497,0.0,0.3184450035756776,0.20334105569434777,0.3100699875272725,0.2708151196593091,0.0,0.2849915433553122,0.24246006145495788,0.25865873732747946,0.3331746327927102,0.0,0.32575537826128703,0.3168225406094763,0.3222282047057292,0.23559810653708815,0.26216069162234934,0.2617833605114062,0.3346815446356378,0.2913991768711938,0.3528989385931862,0.0,0.24196349512230678,0.22406517239210036,0.23522406595069945,0.1973924663138791,0.1976010990593632,0.19410520757741428,0.15407293222616478,0.19155625002192977,0.2760817442575037,0.25397820735937704,0.25337293835859287,0.23314968681462067,0.2906456734337648,0.0,0.22463830085358769,0.32426676208320054,0.29977107941318476,0.0,0.0,0.0,0.0,0.3089134934521715,0.0,0.0,0.3086635106309301,0.0,0.30408160228487874,0.3210804772814216,0.0,0.0,0.2935488266201492,0.3138380806322454,0.286193744379003,0.0,0.0,0.0,0.26885322385573085,0.0,0.3151625864352554,0.30074405163646367,0.3147045129702526,0.0,0.31186272113793145,0.0,0.0,0.2893987905158836
0.0,0.0,0.24398945106414638,0.24485521228818127,0.23121640028578827,0.2816035456617934,0.3099864912609596,0.2640888287625509,0.20868524159851753,0.3184450035756776,0.0,0.30765828190186717,0.30791670734509724,0.2097339094482764,0.0,0.0,0.0,0.0,0.18870413663363345,0.0,0.0,0.0,0.24000918796067744,0.0,0.0,0.0,0.2822874844488171,0.3101961536966331,0.0,0.0,0.3198795098940913,0.20958585421065853,0.3202417215029248,0.3017563036568541,0.2919686014551532,0.18376974525600692,0.2909467431782513,0.30343924981126524,0.0,0.0,0.0,0.0,0.3010977400773208,0.0,0.0,0.0,0.0,0.2965298974856669,0.0,0.32201195699184504,0.36242417458960696,0.37297929053698586,0.34696654253661124,0.34929768386594745,0.0,0.18287354227391145,0.0,0.35407151537828246,0.32127970762976704,0.0,0.0,0.0,0.0,0.19589977760170643,0.0,0.0,0.0,0.3706403037083373,0.0,0.0,0.0,0.3705776798000796,0.0,0.0,0.0,0.0
0.30160930147267767,0.0,0.0,0.19221513799536208,0.27463478064792063,0.0,0.28308513012485,0.3722367248114243,0.316138360912752,0.20334105569434777,0.30765828190186717,0.0,0.28407946581732324,0.0,0.0,0.0,0.26900337104775607,0.26367636259483795,0.0,0.0,0.0,0.0,0.0,0.21888253428624885,0.2572302473545444,0.22397701242758528,0.0,0.2555609288717217,0.0,0.0,0.22806366315958487,0.19383916235828302,0.15889102605925107,0.14104713621388598,0.19814546855235043,0.19364030453526224,0.1873292046412981,0.1330741542463621,0.2039720471274314,0.24359147879111734,0.2428649295887562,0.26010466636908525,0.0,0.0,0.1976227080881798,0.37393168137712657,0.3245871520659598,0.0,0.0,0.0,0.0,0.311162365946037,0.0,0.0,0.3141007715950808,0.0,0.3073246295405824,0.313280960314213,0.0,0.0,0.0,0.32959732637556494,0.30327140224301025,0.0,0.0,0.0,0.0,0.0,0.3155955444727608,0.31562814278807727,0.32733361880067047,0.0,0.292492095602104,0.0,0.0,0.28404032320679484
0.0,0.32602029315590825,0.3157024115872827,0.23742749017622675,0.2761035800369176,0.28489540747620085,0.24008057455391477,0.304811197842803,0.2762675367158636,0.3100699875272725,0.30791670734509724,0.28407946581732324,0.0,0.26283211557694147,0.3289118841478943,0.34488699582848753,0.31548054732810316,0.3280409235527777,0.3100753892967903,0.32269726577035235,0.31976276996567055,0.3363205761902146,0.3178927658340454,0.31022404031740924,0.3109736959156134,0.30060271642334235,0.3248053761521094,0.2562869011535486,0.3045605785187557,0.29530432847914656,0.3085134932543549,0.29735442922776284,0.2811986032216353,0.29764053773858945,0.30809549264432506,0.2461266910237766,0.2495804095908209,0.2722573351730615,0.34190653637374,0.31396640365319906,0.3861012357109335,0.0,0.0,0.0,0.2656260759997803,0.0,0.0,0.0,0.0,0.0,0.358978788073901,0.42578122749017416,0.3411273378276174,0.0,0.3548554491022715,0.35896608250491097,0.3388273209214807,0.0,0.0,0.0,0.0,0.48685655843546166,0.0,0.0,0.3824202752379251,0.0,0.0,0.35632958650161073,0.28416298868869333,0.42964499018857705,0.4026126837924859,0.3508551389179788,0.400767863161979,0.364890155448446,0.0,0.0
0.0,0.0,0.29231890924670456,0.18237522198231526,0.18383255007272706,0.2835848810994125,0.2565555941003116,0.23725084878135747,0.2917436075027227,0.2708151196593091,0.2097339094482764,0.0,0.26283211557694147,0.0,0.0,0.0,0.0,0.0,0.27637749153453617,0.0,0.30680948664218144,0.0,0.27221141127064846,0.0,0.0,0.35803125139042663,0.3114688036417867,0.2032872879440754,0.0,0.0,0.30421151553220466,0.13895294614289258,0.0,0.28065939461055767,0.2514458200726116,0.13748855663616416,0.132101971175574,0.0,0.0,0.0,0.0,0.0,0.21848533233715625,0.0,0.0,0.0,0.0,0.3496690367603319,0.0,0.0,0.3455192468998843,0.0,0.0,0.35351573572564216,0.0,0.2967955518978857,0.0,0.0,0.0,0.0,0.0,0.0,0.0,0.3021684076335653,0.0,0.0,0.0,0.2722064287802606,0.0,0.0,0.0,0.0,0.0,0.0,0.0,0.0
0.30881922254619437,0.3194421319015994,0.0,0.0,0.0,0.3169580631582635,0.0,0.31795694785870043,0.0,0.0,0.0,0.0,0.3289118841478943,0.0,0.0,0.36085551052953885,0.0,0.33646273629930096,0.0,0.2681549445497992,0.299312918176615,0.29028358920759406,0.2817247661511547,0.36710041958393097,0.34647384289555516,0.2821711407026545,0.31098024502536625,0.32277349200854544,0.3065233876811045,0.0,0.3254761297193652,0.3256856110291596,0.30338385308504445,0.3274528069828589,0.3510484250520392,0.34492227745119214,0.0,0.0,0.3473814830167357,0.35749285332722086,0.3479401989937465,0.3693189747150117,0.0,0.0,0.0,0.2899382140897759,0.3551371865675016,0.0,0.0,0.0,0.3469138266379722,0.0,0.0,0.0,0.0,0.0,0.0,0.0,0.0,0.3546006038552708,0.3565747121961948,0.0,0.0,0.0,0.34868008811525264,0.3495477657791723,0.35757444101693076,0.3596193820640622,0.3526604843423335,0.0,0.36896358704171894,0.36124839826421434,0.3637359331689738,0.33697149193741704,0.0,0.341376519768168
0.2990962069608744,0.29737517447011486,0.0,0.0,0.3212797829718221,0.31870092538289996,0.3333340763322622,0.33125206740679697,0.31974253689395526,0.2849915433553122,0.0,0.0,0.34488699582848753,0.0,0.36085551052953885,0.0,0.2834442599959895,0.27486992431290513,0.0,0.31224090026421486,0.3158973783249772,0.2884895806951965,0.3434023178577585,0.0,0.29189481360576197,0.3076955611775594,0.32473584915451387,0.32897440503236125,0.32302478456146255,0.31901021273648,0.2794089975273114,0.3595615847475773,0.30897643550707554,0.30298768217452676,0.36308986488253137,0.339148022598295,0.0,0.0,0.3343547142475169,0.3132335495902493,0.3088199290853189,0.3344257583897863,0.0,0.0,0.0,0.3544015013961444,0.32783147377939,0.0,0.0,0.0,0.39699457411512795,0.0,0.0,0.0,0.0,0.0,0.0,0.0,0.0,0.3495806680184234,0.32307687332282337,0.0,0.32202580065259684,0.0,0.3474354209405741,0.35147606784473745,0.3313655976032733,0.0,0.0,0.31094417193011475,0.34356650254522775,0.39840264011040927,0.0,0.35201970703239405,0.0,0.3031288636469361
0.27531461012234265,0.3345714498077765,0.0,0.0,0.0,0.0,0.3360758791526311,0.0,0.0,0.24246006145495788,0.0,0.26900337104775607,0.31548054732810316,0.0,0.0,0.2834442599959895,0.0,0.22615149107370797,0.0,0.0,0.0,0.2948488485848729,0.0,0.2846107963072377,0.2630673693385554,0.2635415359964344,0.0,0.3112820460548647,0.0,0.0,0.27134151733650497,0.30503132621233014,0.2647774690503005,0.2674329332401886,0.26827585813447646,0.0,0.0,0.2410301092788256,0.2855027604651669,0.2498274928735745,0.2685486154523408,0.0,0.0,0.0,0.0,0.0,0.2712802330763231,0.0,0.0,0.0,0.0,0.0,0.0,0.0,0.30408303268065223,0.0,0.30949492568862025,0.0,0.0,0.0,0.27335001014304644,0.31954125849415016,0.3033605603297258,0.0,0.0,0.0,0.0,0.0,0.32684528943018304,0.2969078096022217,0.3172674239112776,0.0,0.0,0.0,0.0,0.29389351990311074
0.28884723727925915,0.305437913045918,0.0,0.0,0.34740867416223187,0.3038189102949621,0.3309210733086682,0.32991946634856206,0.0,0.25865873732747946,0.0,0.26367636259483795,0.3280409235527777,0.0,0.33646273629930096,0.27486992431290513,0.22615149107370797,0.0,0.0,0.3205400270893833,0.3117332631127456,0.3111459217401247,0.32306476526175837,0.27994147574797507,0.276694685104411,0.29218992488238255,0.31285167599719027,0.32520907265352067,0.3233334491860454,0.34784021537213117,0.27896982743896004,0.31240038770146583,0.2857334002754696,0.28095172593409706,0.29213283361315234,0.26585770194390623,0.0,0.24516718695725626,0.3137627584067337,0.2751166074789703,0.26185144819567774,0.309707257955731,0.0,0.0,0.0,0.3333951551241366,0.30901115828392406,0.0,0.0,0.0,0.0,0.0,0.0,0.0,0.3159116652661513,0.0,0.32376615563427363,0.0,0.0,0.0,0.30410123130060634,0.34890929307466223,0.3105771783950782,0.0,0.4199704828956173,0.0,0.31557184458785975,0.0,0.32694701415357413,0.29950674786270876,0.32080312678394474,0.0,0.0,0.0,0.0,0.2920006562123629
0.0,0.0,0.20480362975297126,0.28998924527486747,0.2705429658638591,0.2929911983248688,0.3168830913643267,0.3131349297742725,0.21233526786356094,0.3331746327927102,0.18870413663363345,0.0,0.3100753892967903,0.27637749153453617,0.0,0.0,0.0,0.0,0.0,0.0,0.0,0.0,0.22374584084229815,0.0,0.0,0.0,0.27399071605135294,0.3161391504592707,0.0,0.0,0.305846023064522,0.28342568034187743,0.32839194456669574,0.30778903556202547,0.3078029656718743,0.2688272133405305,0.308377363648933,0.0,0.3282214501543363,0.0,0.0,0.0,0.3122392876109603,0.0,0.0,0.0,0.0,0.3747049014847833,0.0,0.3751726812641162,0.37239137389639104,0.40916886446754397,0.3614201852682007,0.38533102012117093,0.0,0.32705784489142015,0.0,0.0,0.3237711516412018,0.0,0.0,0.0,0.0,0.36165536208372656,0.0,0.0,0.0,0.38190485112572664,0.0,0.0,0.0,0.38290613330513995,0.0,0.0,0.0,0.0
0.32195925763696637,0.31073910768695645,0.0,0.0,0.30826376582481685,0.32091503506576446,0.3257212387829429,0.2784741456589729,0.313659307590564,0.0,0.0,0.0,0.32269726577035235,0.0,0.2681549445497992,0.31224090026421486,0.0,0.3205400270893833,0.0,0.0,0.2935777348277759,0.28568309133120945,0.2754372464407192,0.0,0.2911482812122526,0.32136574876942287,0.26303902738277013,0.28378950289160393,0.26196321425849906,0.2622904607719605,0.27681100832637207,0.32418014350642993,0.2843536440531386,0.3184051463826293,0.34228141525829686,0.35757817899644334,0.0,0.0,0.33814946798795154,0.33338766425406885,0.33807319743539416,0.3481233074262946,0.0,0.0,0.0,0.0,0.32534345005723087,0.0,0.0,0.0,0.34048079852354246,0.0,0.0,0.0,0.0,0.0,0.0,0.0,0.0,0.3364072931903246,0.0,0.0,0.0,0.0,0.33335828433059767,0.33303378487902213,0.3376802213287193,0.35138149657840206,0.0,0.0,0.3417727743743921,0.35343322800526755,0.3515823751343006,0.3265992801676876,0.0,0.33546826175948735
0.30632410950296285,0.2906045455817005,0.39313805846046607,0.0,0.0,0.30499825063235214,0.36536601658222023,0.2920676637992294,0.0,0.32575537826128703,0.0,0.0,0.31976276996567055,0.30680948664218144,0.299312918176615,0.3158973783249772,0.0,0.3117332631127456,0.0,0.2935777348277759,0.0,0.30184067337226544,0.2991309843093941,0.35294231044450364,0.29560254593855273,0.30365058688306346,0.3257557862341779,0.32431842282240547,0.2918102127568768,0.3519210042163945,0.3018672503282711,0.30643633667166525,0.27597300953078024,0.3009104455835085,0.33237991445149917,0.30950352961698274,0.0,0.0,0.34571646915547266,0.323701497034842,0.34307002485417226,0.3841441966082538,0.0,0.0,0.0,0.3327124141377217,0.34688657282763996,0.0,0.0,0.0,0.32777274395130096,0.0,0.2440111758121661,0.0,0.0,0.0,0.0,0.0,0.0,0.33855662495305305,0.33905186616841215,0.0,0.0,0.0,0.3407674181029307,0.29609967506244284,0.3460920679783034,0.33244797144417493,0.23158062589785047,0.35412737604961597,0.36062773462551223,0.34861333103778325,0.3424038133136044,0.33007643152090455,0.3560361572149527,0.0
0.29460284493194283,0.271739481822958,0.0,0.0,0.319569697800364,0.3229614747469355,0.3326811892500271,0.3353390890639879,0.3164864025117302,0.3168225406094763,0.0,0.0,0.3363205761902146,0.0,0.29028358920759406,0.2884895806951965,0.2948488485848729,0.3111459217401247,0.0,0.28568309133120945,0.30184067337226544,0.0,0.33873831849647495,0.0,0.28810176119998776,0.2885096925408533,0.3242514095415231,0.3223857269785255,0.3098406416794333,0.28697348428530456,0.28918067058464875,0.3326177475048612,0.28752024310391355,0.31952600949768284,0.352962781605094,0.3710296359070758,0.0,0.0,0.32991925756146384,0.33573102569411756,0.33103864642162306,0.3562718005289781,0.0,0.0,0.0,0.3307495762210141,0.3361088724054588,0.0,0.0,0.0,0.33297030382479453,0.0,0.3237731080182878,0.0,0.0,0.0,0.0,0.0,0.0,0.35100170883686704,0.32521294318907834,0.0,0.0,0.0,0.339741496983081,0.3403902837980602,0.33969776874237584,0.3464052279885928,0.24524805725130225,0.3053682433591701,0.3591812084527978,0.3448216540744276,0.0,0.32424543377762854,0.0,0.3178919166157959
0.3260954251704753,0.3243361120196723,0.24812508455468907,0.301428069924611,0.30165713548924084,0.30256633988872295,0.30185401298363684,0.2711123232080263,0.3055949679346644,0.3222282047057292,0.24000918796067744,0.0,0.3178927658340454,0.27221141127064846,0.2817247661511547,0.3434023178577585,0.0,0.32306476526175837,0.22374584084229815,0.2754372464407192,0.2991309843093941,0.33873831849647495,0.0,0.34884279489367553,0.32058830105221053,0.33707251087597245,0.26050344876332565,0.3243522060560164,0.3029519255090762,0.31797735014531625,0.32053476394492436,0.3123954527513726,0.2909605721525509,0.3294260230628656,0.33339522574713504,0.29908213166213427,0.30836186425915757,0.3374522199372794,0.3551584138332291,0.32047325508397384,0.3727865681330129,0.37397349785938916,0.3325692707105598,0.0,0.0,0.33757194308599203,0.3500085751143488,0.3933179339725463,0.0,0.38825524385983207,0.36428892873246765,0.38022880485305244,0.34815007984977747,0.4039090655620439,0.0,0.38492423035987006,0.0,0.36687075511308237,0.35368040762463326,0.35618997311673506,0.0,0.0,0.0,0.37831628349970525,0.3604032818107207,0.3541137214685409,0.34913578563253467,0.36368208492626763,0.0,0.0,0.352790516022465,0.3684439446629151,0.36770828739910105,0.35438468068334505,0.36842012203410635,0.36872952414991306
0.2986629565978939,0.0,0.0,0.14544423256547212,0.0,0.0,0.29866544050532834,0.36590957973089383,0.0,0.23559810653708815,0.0,0.21888253428624885,0.31022404031740924,0.0,0.36710041958393097,0.0,0.2846107963072377,0.27994147574797507,0.0,0.0,0.35294231044450364,0.0,0.34884279489367553,0.0,0.26719656795646485,0.2560949886699053,0.0,0.29458257469483035,0.0,0.0,0.27121874129283213,0.20727869227883336,0.1405153811296709,0.16960828107154524,0.2308202280607807,0.205770055936406,0.17035569958290558,0.14070706659968296,0.3238682923310973,0.20472882854256225,0.2071882833770829,0.20392288755765908,0.0,0.0,0.1711875719201648,0.3678815956493472,0.0,0.0,0.0,0.0,0.0,0.0,0.0,0.0,0.282631004004842,0.0,0.2744489486312086,0.0,0.0,0.0,0.0,0.3357661491990646,0.3239887520993859,0.0,0.0,0.0,0.0,0.0,0.30309800336078696,0.3191187710149885,0.32926266588987363,0.0,0.23595869170598438,0.0,0.0,0.3048300797235737
0.2810438023420644,0.27166684367451177,0.0,0.0,0.30280541474919687,0.29301956039426885,0.30618389019265685,0.324368309362003,0.3163272601288091,0.26216069162234934,0.0,0.2572302473545444,0.3109736959156134,0.0,0.34647384289555516,0.29189481360576197,0.2630673693385554,0.276694685104411,0.0,0.2911482812122526,0.29560254593855273,0.28810176119998776,0.32058830105221053,0.26719656795646485,0.0,0.2706586999536451,0.30699803326321484,0.3044518382728433,0.29960689884593555,0.0,0.2727864460870521,0.2946983693528713,0.24769057673024417,0.2579676071494386,0.2770088592524346,0.0,0.0,0.22365258176956349,0.3055965148504618,0.28022247359809416,0.27131786679274705,0.30870995801870044,0.0,0.0,0.2296578284393828,0.3317989775502119,0.310061898307892,0.0,0.0,0.0,0.4226227091427073,0.0,0.0,0.0,0.3168441225061773,0.0,0.3275121514980434,0.0,0.0,0.0,0.3059417152480343,0.3250374817296602,0.3112717535631556,0.0,0.3165579091379987,0.0,0.3032902409875964,0.0,0.33215951643853375,0.3041201273790252,0.32192345489373075,0.41857289509159085,0.328538289196529,0.32862248797720556,0.0,0.288608730815028
0.2792615196936453,0.2773291375819796,0.0,0.0,0.0,0.31760436538333314,0.31131649297789393,0.33589693240822616,0.3310243851718364,0.2617833605114062,0.0,0.22397701242758528,0.30060271642334235,0.35803125139042663,0.2821711407026545,0.3076955611775594,0.2635415359964344,0.29218992488238255,0.0,0.32136574876942287,0.30365058688306346,0.2885096925408533,0.33707251087597245,0.2560949886699053,0.2706586999536451,0.0,0.3379178064714705,0.29025046451601116,0.30824741813506834,0.0,0.27721984505792663,0.3129973848179056,0.2677308861869129,0.2828454843966658,0.318196213244992,0.3121172206475542,0.0,0.2179143503883793,0.3256549854720993,0.2938685642551116,0.30181441630391487,0.33523836284825165,0.0,0.0,0.0,0.3434732399224031,0.356725921329979,0.0,0.0,0.0,0.3501330007124332,0.0,0.3683766775080161,0.0,0.3264283612785957,0.0,0.3314279531053744,0.0,0.0,0.3628564715195469,0.3299806573258625,0.332067443249416,0.3133572967746451,0.0,0.3434354767904144,0.36751543265460374,0.35429538852613507,0.3470845474634934,0.3392369775600127,0.3098587744909816,0.3453522126873854,0.3571129458651268,0.32510324267187557,0.344991529643469,0.0,0.30111656364491424
0.3302906319202878,0.31852801577518003,0.23457581006291314,0.3034146729027858,0.29185339332445787,0.2890205806643191,0.31432115016833717,0.3344896496653039,0.2465610511384013,0.3346815446356378,0.2822874844488171,0.0,0.3248053761521094,0.3114688036417867,0.31098024502536625,0.32473584915451387,0.0,0.31285167599719027,0.27399071605135294,0.26303902738277013,0.3257557862341779,0.3242514095415231,0.26050344876332565,0.0,0.30699803326321484,0.3379178064714705,0.0,0.3237374009772439,0.2910752330658666,0.3119302658317198,0.3110384529608858,0.31990372726311456,0.2993226773550987,0.32567555270573895,0.33940252065294596,0.33123992804406704,0.318857691852106,0.0,0.35376339551366065,0.34171300969665297,0.362660932385946,0.3671178523777659,0.36237008615252553,0.0,0.0,0.0,0.3820604302476687,0.4096370217863225,0.0,0.4120223128494029,0.3669782444370739,0.39434038164145907,0.370149472209004,0.4131719535810315,0.0,0.39200692874309434,0.0,0.3688649440379727,0.3804486554120273,0.3563532855139898,0.0,0.0,0.0,0.4042441072075429,0.3586965502507975,0.3606882446855214,0.34808262172185556,0.3726860346802195,0.0,0.0,0.3659241517807382,0.37060864279339323,0.36159526041381573,0.3545250815790607,0.3713041540977239,0.3678995445515761
0.33371337089775766,0.32496735239259333,0.32831322653931605,0.21713699252057792,0.2785485302392338,0.28613312746210295,0.28959566910454304,0.3139685578292274,0.3165674403488938,0.2913991768711938,0.3101961536966331,0.2555609288717217,0.2562869011535486,0.2032872879440754,0.32277349200854544,0.32897440503236125,0.3112820460548647,0.32520907265352067,0.3161391504592707,0.28378950289160393,0.32431842282240547,0.3223857269785255,0.3243522060560164,0.29458257469483035,0.3044518382728433,0.29025046451601116,0.3237374009772439,0.0,0.25694803227880625,0.24198818235775071,0.2861536531965434,0.2872255174259384,0.2573466022855475,0.2791792626652153,0.2617966356169491,0.21604098066776417,0.21434114873653187,0.24764864850537144,0.3445450626106124,0.2473218837277664,0.37350517758796037,0.0,0.34766741048033,0.0,0.0,0.0,0.0,0.0,0.0,0.0,0.35725952750863105,0.0,0.3522810992492258,0.0,0.33169141342445874,0.0,0.0,0.0,0.0,0.3699194117962393,0.0,0.30910514721561394,0.0,0.0,0.35300707293600764,0.3635613612398195,0.0,0.3620789933576901,0.0,0.0,0.3776555674793039,0.3628195863639465,0.3660757243893173,0.35004509795990174,0.0,0.3773889064003405
0.3211863303407617,0.3164642771154459,0.32689007333634007,0.0,0.30697425154504904,0.25453131781309796,0.3180864439435078,0.29561774296649596,0.29690036342675546,0.3528989385931862,0.0,0.0,0.3045605785187557,0.0,0.3065233876811045,0.32302478456146255,0.0,0.3233334491860454,0.0,0.26196321425849906,0.2918102127568768,0.3098406416794333,0.3029519255090762,0.0,0.29960689884593555,0.30824741813506834,0.2910752330658666,0.25694803227880625,0.0,0.27352208738795936,0.26521000941306483,0.30590440464436197,0.2607099690720029,0.3008559540245409,0.3228024157059993,0.3422742752807082,0.3486195965387761,0.0,0.3335991652027599,0.3410485143817671,0.3481141290240413,0.3621618619424507,0.0,0.0,0.0,0.0,0.34220440883234493,0.0,0.0,0.0,0.34207746776180104,0.0,0.3395093458796861,0.0,0.0,0.0,0.0,0.0,0.0,0.33433395108675346,0.43138351616664,0.0,0.0,0.0,0.33326161140932925,0.3352315593066463,0.33173505025312555,0.3464618639143551,0.0,0.0,0.3416219553479569,0.34870685579530164,0.3493056730911106,0.3306693871401508,0.36277524293255814,0.349205931308546
0.0,0.0,0.3550157400228843,0.0,0.3007384437030383,0.3115265375955328,0.30623094352463825,0.322597822253506,0.3355572821753816,0.0,0.0,0.0,0.29530432847914656,0.0,0.0,0.31901021273648,0.0,0.34784021537213117,0.0,0.2622904607719605,0.3519210042163945,0.28697348428530456,0.31797735014531625,0.0,0.0,0.0,0.3119302658317198,0.24198818235775071,0.27352208738795936,0.0,0.2527640538159218,0.29504715874306725,0.0,0.29811239523898575,0.31590557228191124,0.0,0.0,0.0,0.36054648776169756,0.0,0.0,0.0,0.3809034201520397,0.0,0.0,0.0,0.0,0.0,0.0,0.0,0.4101137178993569,0.0,0.4143091317305018,0.0,0.0,0.0,0.0,0.0,0.0,0.0,0.0,0.0,0.0,0.0,0.360344285912469,0.0,0.0,0.3605914547647978,0.0,0.0,0.0,0.3613086454265836,0.4006120661205415,0.37750121167456613,0.0,0.0
0.2694541098883139,0.2664173251120889,0.3305310504148143,0.22511559746501736,0.32354735866988615,0.31631688296965205,0.3289937353787895,0.32571877400238736,0.3103642351804251,0.24196349512230678,0.3198795098940913,0.22806366315958487,0.3085134932543549,0.30421151553220466,0.3254761297193652,0.2794089975273114,0.27134151733650497,0.27896982743896004,0.305846023064522,0.27681100832637207,0.3018672503282711,0.28918067058464875,0.32053476394492436,0.27121874129283213,0.2727864460870521,0.27721984505792663,0.3110384529608858,0.2861536531965434,0.26521000941306483,0.2527640538159218,0.0,0.2982288276569186,0.2398813085945212,0.2014512302807678,0.21841705077531698,0.3152460657025437,0.0,0.19018293092941588,0.32919947642862957,0.250596109280413,0.3167540356766938,0.35918850570792604,0.35214880433891893,0.0,0.21923430836605162,0.31232170092024336,0.3116411272924985,0.0,0.0,0.0,0.3670497743291254,0.0,0.3659462270277446,0.0,0.3098567302746569,0.0,0.3031739222085748,0.0,0.0,0.34986520323592024,0.3080466672869216,0.3391482660290747,0.30268693052455725,0.0,0.3311282099108505,0.31779504295841254,0.3249663791963836,0.36938716101501184,0.3247901201657064,0.2961412502095735,0.3362856858916711,0.3671104750767691,0.38158345010815237,0.3475616102835055,0.49738389041995895,0.3022546611062424
0.30650735902339926,0.3073189275814018,0.30628549621326023,0.2022104315543994,0.2780125755960821,0.3029333283037839,0.2907752619233834,0.2597624543440638,0.2954293770982222,0.22406517239210036,0.20958585421065853,0.19383916235828302,0.29735442922776284,0.13895294614289258,0.3256856110291596,0.3595615847475773,0.30503132621233014,0.31240038770146583,0.28342568034187743,0.32418014350642993,0.30643633667166525,0.3326177475048612,0.3123954527513726,0.20727869227883336,0.2946983693528713,0.3129973848179056,0.31990372726311456,0.2872255174259384,0.30590440464436197,0.29504715874306725,0.2982288276569186,0.0,0.24907002086013025,0.25152965983203435,0.27793956652010376,0.18008917200223765,0.21365177116679104,0.19180467387138098,0.17353942676352643,0.23405999148572817,0.2601622414224254,0.229384652258471,0.0,0.0,0.0,0.3353723472777769,0.3303055652129179,0.3587018236013515,0.0,0.0,0.34594037341865924,0.3803560783037294,0.33595468071161644,0.3628053181075562,0.33643517456933136,0.28325210156773023,0.1887646530586385,0.35734412342167576,0.0,0.34714886194997546,0.3189295504170355,0.0,0.3081298030419693,0.0,0.3401266354728018,0.3610976900824907,0.3346139705162504,0.35657889515398133,0.0,0.30937408029805535,0.347198438383631,0.3600352191130799,0.34687386337591214,0.3433251638628667,0.3591463050646531,0.33071278003110105
0.2612659239836712,0.2566122145079222,0.0,0.1658982829988009,0.29049862258160364,0.2824513686004623,0.2879224634709954,0.3202365810590228,0.30008930940301676,0.23522406595069945,0.3202417215029248,0.15889102605925107,0.2811986032216353,0.0,0.30338385308504445,0.30897643550707554,0.2647774690503005,0.2857334002754696,0.32839194456669574,0.2843536440531386,0.27597300953078024,0.28752024310391355,0.2909605721525509,0.1405153811296709,0.24769057673024417,0.2677308861869129,0.2993226773550987,0.2573466022855475,0.2607099690720029,0.0,0.2398813085945212,0.24907002086013025,0.0,0.15263418114827,0.2795811698192806,0.19860884330346384,0.17488592336950168,0.1066992331871945,0.2187420396026997,0.21281023230113336,0.24222991622740522,0.22801579307242814,0.0,0.0,0.16671798132705518,0.32143454012955486,0.31372320229423134,0.0,0.0,0.0,0.3212703614690937,0.0,0.0,0.0,0.2722715107859529,0.0,0.2812033801929944,0.0,0.0,0.346042149226846,0.30571873973413816,0.29743571656007806,0.28426486917323507,0.0,0.33104944403006814,0.331415713570395,0.3396242785594854,0.33633208348124394,0.3004226941921631,0.28623736038707837,0.32298102321157013,0.32823819427576056,0.2982055943018843,0.34273329072045694,0.0,0.26379221025595595
0.2594014795717411,0.27865149750541557,0.3226930493960273,0.1958439836268267,0.3082104869164461,0.316407711337185,0.30043706794801217,0.323548251687024,0.30635358831131776,0.1973924663138791,0.3017563036568541,0.14104713621388598,0.29764053773858945,0.28065939461055767,0.3274528069828589,0.30298768217452676,0.2674329332401886,0.28095172593409706,0.30778903556202547,0.3184051463826293,0.3009104455835085,0.31952600949768284,0.3294260230628656,0.16960828107154524,0.2579676071494386,0.2828454843966658,0.32567555270573895,0.2791792626652153,0.3008559540245409,0.29811239523898575,0.2014512302807678,0.25152965983203435,0.15263418114827,0.0,0.21797605222179797,0.27656509281733943,0.2036462812130827,0.13028927640948323,0.2753551810587677,0.19442427148375466,0.24193601006434148,0.22511342561516853,0.0,0.0,0.15413211724376039,0.3069395435374836,0.3167370087227165,0.0,0.0,0.0,0.36022862616369433,0.0,0.35822745626568325,0.0,0.2667578650492793,0.0,0.2807341573277605,0.0,0.0,0.34993111627355233,0.30492913351673606,0.31827414188645764,0.28801712107508504,0.0,0.35457375090998694,0.3473492799327404,0.33838144631455264,0.37079577659058793,0.2885872165429483,0.29087791423379844,0.3303562262730098,0.3724335515517369,0.37162718748830925,0.35107048481349135,0.0,0.3090230562128196
0.2984734887425254,0.3130546242017844,0.3301099203259887,0.23058581398405123,0.30502884928725027,0.33447959201900546,0.3388913439590235,0.30934776196508446,0.30690571482150575,0.1976010990593632,0.2919686014551532,0.19814546855235043,0.30809549264432506,0.2514458200726116,0.3510484250520392,0.36308986488253137,0.26827585813447646,0.29213283361315234,0.3078029656718743,0.34228141525829686,0.33237991445149917,0.352962781605094,0.33339522574713504,0.2308202280607807,0.2770088592524346,0.318196213244992,0.33940252065294596,0.2617966356169491,0.3228024157059993,0.31590557228191124,0.21841705077531698,0.27793956652010376,0.2795811698192806,0.21797605222179797,0.0,0.3110839069163287,0.21952472795000083,0.15193420059114238,0.24545568562094322,0.0,0.16673051276827813,0.21527921064998334,0.0,0.0,0.14156110645425093,0.0,0.34743072826735444,0.0,0.0,0.0,0.39223316319789076,0.0,0.3594875160664831,0.0,0.2950438067505717,0.0,0.29098229315309676,0.0,0.0,0.3627762785728966,0.3360271555724649,0.3700830047461847,0.3134594526833938,0.0,0.3554286365633412,0.36493602357898425,0.3560323724752564,0.36308888973165565,0.0,0.30264185038485064,0.3656228852557403,0.36458062563986726,0.23632474827973315,0.36879814060017546,0.0,0.40118962482897863
0.0,0.0,0.28238659204927646,0.14024642424923567,0.15290196366963724,0.29470914243742036,0.23473307620907014,0.16714085319737676,0.28235407948911817,0.19410520757741428,0.18376974525600692,0.19364030453526224,0.2461266910237766,0.13748855663616416,0.34492227745119214,0.339148022598295,0.0,0.26585770194390623,0.2688272133405305,0.35757817899644334,0.30950352961698274,0.3710296359070758,0.29908213166213427,0.205770055936406,0.0,0.3121172206475542,0.33123992804406704,0.21604098066776417,0.3422742752807082,0.0,0.3152460657025437,0.18008917200223765,0.19860884330346384,0.27656509281733943,0.3110839069163287,0.0,0.14161921086596396,0.20357055159567303,0.21289750852917183,0.0,0.19977247222852287,0.17255235955584566,0.24377511791441536,0.0,0.0,0.0,0.0,0.35345234357723715,0.0,0.3301205037783001,0.298010331898984,0.33422015263863974,0.0,0.3370717679833045,0.0,0.2884801251776826,0.0,0.3400463537166475,0.22790120836975405,0.0,0.0,0.0,0.0,0.3063770326534818,0.0,0.0,0.0,0.299157003402041,0.0,0.0,0.0,0.3103131624121121,0.3393879550106434,0.3178214769232345,0.0,0.0
0.0,0.0,0.0,0.14349217566694994,0.2133031820074403,0.2981924300636927,0.23553258388461654,0.19551457641499392,0.2958674482212554,0.15407293222616478,0.2909467431782513,0.1873292046412981,0.2495804095908209,0.132101971175574,0.0,0.0,0.0,0.0,0.308377363648933,0.0,0.0,0.0,0.30836186425915757,0.17035569958290558,0.0,0.0,0.318857691852106,0.21434114873653187,0.3486195965387761,0.0,0.0,0.21365177116679104,0.17488592336950168,0.2036462812130827,0.21952472795000083,0.14161921086596396,0.0,0.19067388140094266,0.2595110595473109,0.0,0.0,0.0,0.0,0.0,0.0,0.0,0.0,0.0,0.0,0.0,0.0,0.0,0.0,0.0,0.0,0.0,0.0,0.0,0.0,0.0,0.0,0.0,0.0,0.0,0.0,0.0,0.0,0.0,0.0,0.0,0.0,0.0,0.0,0.0,0.0,0.0
0.0,0.0,0.0,0.1828196746385291,0.29307661017121284,0.3222278304953322,0.26604765598420127,0.0,0.30338452056895965,0.19155625002192977,0.30343924981126524,0.1330741542463621,0.2722573351730615,0.0,0.0,0.0,0.2410301092788256,0.24516718695725626,0.0,0.0,0.0,0.0,0.3374522199372794,0.14070706659968296,0.22365258176956349,0.2179143503883793,0.0,0.24764864850537144,0.0,0.0,0.19018293092941588,0.19180467387138098,0.1066992331871945,0.13028927640948323,0.15193420059114238,0.20357055159567303,0.19067388140094266,0.0,0.1667756276250989,0.15021067557312423,0.1487747186844468,0.0,0.0,0.0,0.11541250478576223,0.0,0.0,0.0,0.0,0.0,0.0,0.0,0.0,0.0,0.20577010257970274,0.0,0.1738775880912864,0.0,0.0,0.0,0.0,0.19551683910711432,0.0,0.0,0.0,0.0,0.0,0.0,0.20551064943717037,0.2499625701638391,0.24938193250692522,0.0,0.2388464977968362,0.0,0.0,0.20242000184285636
