0.0,0.4160767398773915,0.0,0.0,0.0,0.0,0.0,0.49534120729575665,0.0,0.431588165295139,0.0,0.0,0.0,0.494915018179024,0.3777111676099375,0.4019091278011734,0.37720650075137735,0.38061178161854176,0.0,0.4074231731879532,0.4004675327561212,0.41497489478223065,0.454047129829543,0.3900656283071627,0.3830101647036015,0.3588308931186409,0.42739516522058996,0.0,0.4864355088834421,0.0,0.36464163048881526,0.4170278813515489,0.32852666532853075,0.36788479906361116,0.4283092042963497,0.0,0.0,0.0,0.44277544600071667,0.4319621452858196,0.43945020910808424,0.45223877473893775,0.0,0.0,0.0,0.37516948720759025,0.4644619996148284,0.0,0.0,0.0,0.0,0.0,0.3868828994912995,0.0,0.0,0.0,0.0,0.0,0.0,0.0,0.4541024822369407,0.0,0.43770371267740704,0.0,0.4410635503669405,0.31432980260739046,0.4969860049698433,0.49055187516520754,0.36620036944310835,0.4345104962220723,0.4646946149927267,0.0,0.0,0.445139204299311,0.0,0.44459249258428724
0.4160767398773915,0.0,0.0,0.0,0.4563187993972443,0.45014360867704517,0.45709962398110715,0.48240477268357373,0.43201046303912033,0.0,0.0,0.0,0.48409851581040675,0.0,0.4315530657996694,0.4005848876541504,0.0,0.3834910977740839,0.0,0.4297027537151791,0.4381474786232474,0.38397323305182446,0.4479423795985635,0.0,0.35924607345274406,0.39072858443996383,0.4365342765708908,0.47364840598425895,0.4518236053812765,0.0,0.39321014014870265,0.4389635720748646,0.36109742176413695,0.41110470305869734,0.4493884380030668,0.0,0.0,0.0,0.45666365653700913,0.4533542715097689,0.46294747441565115,0.4835035013077005,0.0,0.0,0.0,0.4635205580882478,0.4815795686769554,0.0,0.0,0.0,0.0,0.0,0.0,0.0,0.0,0.0,0.0,0.0,0.0,0.4798609532467314,0.46750778962215,0.0,0.45564695922625625,0.0,0.46584134018673923,0.4711077983825853,0.481956352898173,0.4958442455967664,0.40858320223315026,0.46021153345972177,0.48949023502675915,0.4836447852176718,0.0,0.47018748495295576,0.0,0.43423015120664876
0.0,0.0,0.0,0.42584642607692963,0.3858873548876441,0.41108825943316973,0.417622480409065,0.44019782700652144,0.3080848282043206,0.47858611018729735,0.31634494064178187,0.0,0.4265715611458559,0.4183318805515083,0.0,0.0,0.0,0.0,0.26825063613610156,0.0,0.0,0.0,0.3384670843238655,0.0,0.0,0.0,0.34120046536886145,0.4239784804766135,0.42674574563204853,0.0,0.4496949245640559,0.4145589787169522,0.0,0.43880548758605087,0.4198942223325964,0.4135700462789057,0.43450236330146713,0.0,0.5203169714036877,0.0,0.0,0.0,0.4891094172704,0.0,0.0,0.0,0.0,0.34565234094696967,0.0,0.5312776101789546,0.5156906986838119,0.5341981739287579,0.5284603547190734,0.5441055530054626,0.0,0.4857036434114158,0.0,0.5718755172669371,0.5032060863861312,0.0,0.0,0.0,0.0,0.5187201727585538,0.0,0.0,0.0,0.543003955442907,0.0,0.0,0.0,0.5231205827088367,0.0,0.0,0.0,0.0
0.0,0.0,0.42584642607692963,0.0,0.2367842026801347,0.4162025135824781,0.27653489206312304,0.24473389984508803,0.40822413392559936,0.20004830801713963,0.3957780785491177,0.0,0.3305474765393496,0.1986119385911183,0.492898487249968,0.0,0.0,0.0,0.42142643171109556,0.47411500532203854,0.0,0.4556808242890931,0.4254087182622891,0.0,0.0,0.0,0.4458653569681556,0.26497669053846484,0.48096045970402507,0.0,0.32334752603969447,0.3141181863270959,0.4707676418750887,0.36117482426167585,0.3682187618797575,0.18111600530001665,0.17708770495830423,0.0,0.0,0.0,0.0,0.0,0.0,0.0,0.0,0.0,0.0,0.0,0.0,0.0,0.0,0.0,0.0,0.0,0.0,0.0,0.0,0.0,0.0,0.0,0.0,0.0,0.0,0.0,0.0,0.0,0.0,0.0,0.0,0.0,0.0,0.0,0.0,0.0,0.0,0.0
0.0,0.4563187993972443,0.3858873548876441,0.2367842026801347,0.0,0.39730611019576284,0.3452353709413017,0.38754298963348477,0.35062002238144674,0.4361748912453176,0.3515259237043224,0.4073257477456503,0.4029497752646011,0.2861202538710727,0.0,0.48431609162023886,0.0,0.0,0.3696678246841695,0.40491573616417564,0.0,0.44297089089988206,0.39460040972765276,0.4804079365083787,0.4621277381869475,0.0,0.3854154360000298,0.3735464051827455,0.41629207051384154,0.0,0.4574380252065602,0.384097530398979,0.0,0.4438482870057243,0.3906161744823252,0.22424511531630517,0.28331881275649723,0.4100329594429004,0.4983778113925912,0.0,0.0,0.0,0.4100335003909187,0.0,0.0,0.0,0.0,0.5244773250859317,0.0,0.5646477455708147,0.0,0.0,0.48102661243159583,0.5463768071454201,0.0,0.46344101715952707,0.0,0.0,0.47297866456514265,0.0,0.0,0.0,0.0,0.5263375119728905,0.0,0.0,0.0,0.49626911068680163,0.0,0.0,0.0,0.5127506921643129,0.0,0.0,0.0,0.0
0.0,0.45014360867704517,0.41108825943316973,0.4162025135824781,0.39730611019576284,0.0,0.4095126393466622,0.40567504093091317,0.3439360998707178,0.4429181724797352,0.4006564243004156,0.0,0.4093088188166617,0.3895626160311294,0.43977938257339744,0.46942532599182174,0.0,0.44607037845435776,0.38047742455605976,0.4288803614521854,0.39946645901076827,0.44209299502746824,0.40000082233011885,0.0,0.44639342546446614,0.4469730338243384,0.3929178666621935,0.41205285933334274,0.35357553973435235,0.43065184129974754,0.4403411110549574,0.4189201004696141,0.40164702434468147,0.44133411664395394,0.4530811874804419,0.4436368780693319,0.4433352173603914,0.0,0.5245003048186638,0.0,0.5311119099554787,0.5679948946691941,0.4814590176328517,0.0,0.0,0.0,0.0,0.536673375315075,0.0,0.5358654465361323,0.49921911703890515,0.5302638780388033,0.47296965753541786,0.5445856979837442,0.0,0.5070249149523928,0.0,0.5265752091834781,0.5521997677080557,0.504160866668984,0.0,0.0,0.0,0.5400505638997274,0.49378956372706195,0.0,0.48573677094825085,0.5123802931778394,0.0,0.0,0.5274127007121707,0.5034869477070099,0.5179566808800778,0.5039121792674432,0.5297849685482453,0.5317120794386908
0.0,0.45709962398110715,0.417622480409065,0.27653489206312304,0.3452353709413017,0.4095126393466622,0.0,0.4513610878030919,0.4014594055796984,0.4000770378943817,0.4521635116123768,0.4006844548879851,0.3761351849313243,0.3355718579249763,0.0,0.47883732226440917,0.4742265203873832,0.4599514574648087,0.4445742258104,0.4516784898291745,0.0,0.48323254893495976,0.4246863810103698,0.41167354254158917,0.4468292480482969,0.46960911724046883,0.41399057700004593,0.3673761376984193,0.44278332893129085,0.0,0.43581695869716025,0.41427916602795417,0.4195484578745627,0.4143348526276013,0.3451036700391548,0.28812038022186764,0.30007441114057937,0.3913538139615088,0.0,0.0,0.532583297138725,0.5770621146077954,0.44799403199148435,0.0,0.0,0.0,0.0,0.5883382520170202,0.0,0.0,0.5754181351591618,0.0,0.5403599614815988,0.0,0.0,0.0,0.0,0.0,0.0,0.0,0.0,0.0,0.0,0.0,0.0,0.0,0.0,0.510519501963561,0.0,0.0,0.0,0.5145688325163282,0.0,0.0,0.0,0.0
0.49534120729575665,0.48240477268357373,0.44019782700652144,0.24473389984508803,0.38754298963348477,0.40567504093091317,0.4513610878030919,0.0,0.452842832443592,0.47066436869670436,0.36853509868809514,0.0,0.45329098153532144,0.32163837743055906,0.33433239284220834,0.49069673343971293,0.0,0.0,0.4629271950280197,0.4185292332622188,0.3746067235964157,0.4432235978313618,0.37576798611408047,0.5096661116160166,0.46870571746821205,0.47822240350971984,0.4348027062412959,0.44483611203425677,0.41418216870215147,0.44064062001661436,0.46093330881487626,0.32425618288381597,0.32289723783684227,0.46816899361584136,0.46751253623510125,0.2404044770882024,0.3550902755351115,0.0,0.48555513467093175,0.0,0.5291638714378946,0.5068078572476968,0.32852712780640714,0.0,0.0,0.0,0.0,0.5520355979940704,0.0,0.4807884777955392,0.4879070862016443,0.481428953317337,0.37170344965419216,0.5431887351355009,0.0,0.46451208250355036,0.0,0.5013719307296081,0.42578070439682825,0.4947199957310743,0.0,0.0,0.0,0.5492385571733341,0.4672070776900697,0.43253229169650276,0.4448207740437095,0.48552867319160176,0.0,0.0,0.5640254424202731,0.4897172403982621,0.5048849744753015,0.47437212359185066,0.0,0.5335694622283015
0.0,0.43201046303912033,0.3080848282043206,0.40822413392559936,0.35062002238144674,0.3439360998707178,0.4014594055796984,0.452842832443592,0.0,0.4619783436897193,0.3339641275774539,0.47967299621349296,0.3874079234167503,0.40936442749737506,0.0,0.47139751805664293,0.0,0.0,0.28982740878394836,0.3914012643878397,0.0,0.4229383582668124,0.3950793812767085,0.0,0.0,0.0,0.3753906087109224,0.42731728804476743,0.38844163772162815,0.42307348181673793,0.45832527437738785,0.4226437665080368,0.4623466836826606,0.4459431868305312,0.43882095971095775,0.4289149243598296,0.4307478489552002,0.4616233289731287,0.4998812971572439,0.0,0.0,0.0,0.47562149317190255,0.0,0.0,0.0,0.0,0.5250536470897583,0.0,0.5568111130672684,0.5251118293889289,0.5624968944234637,0.48634572659885394,0.566841731567837,0.0,0.5223952910364351,0.0,0.0,0.497458633500214,0.0,0.0,0.0,0.0,0.5633006346601489,0.0,0.0,0.0,0.5176002414384945,0.0,0.0,0.0,0.49254924246035114,0.0,0.0,0.0,0.0
0.431588165295139,0.0,0.47858611018729735,0.20004830801713963,0.4361748912453176,0.4429181724797352,0.4000770378943817,0.47066436869670436,0.4619783436897193,0.0,0.45895310307583687,0.32465180150027656,0.41658839797778896,0.22010968987643734,0.0,0.39408919821739535,0.33892368351671115,0.36979622229190023,0.47063493150624,0.0,0.4916521774800017,0.41187109835373925,0.45362432021785937,0.3579961850319758,0.34283555713046016,0.36402033731168243,0.4550048598856814,0.3907399279994083,0.4895559344205123,0.4739443076517612,0.32779980292742783,0.3421717826813055,0.3194120376541103,0.29127789673832194,0.2896588398808177,0.3400244831960921,0.2839148966729603,0.29642994648465015,0.327809083983896,0.34316384584988846,0.36837918841945744,0.2831884963074985,0.24535204065679278,0.3311505025287316,0.36208045902091057,0.4751668495727614,0.0,0.0,0.0,0.0,0.0,0.4407889221420986,0.0,0.0,0.46854477009265194,0.0,0.4750450038869005,0.4584641986034456,0.0,0.0,0.0,0.4410514577645731,0.4135154518836888,0.0,0.0,0.0,0.0,0.0,0.45167779948063164,0.434516207388665,0.46564154342782615,0.0,0.4297210820822401,0.0,0.0,0.43073356929059414
0.0,0.0,0.31634494064178187,0.3957780785491177,0.3515259237043224,0.4006564243004156,0.4521635116123768,0.36853509868809514,0.3339641275774539,0.45895310307583687,0.0,0.4610041125878855,0.46169938984827186,0.2951482698356856,0.0,0.0,0.0,0.0,0.27463134045526494,0.0,0.0,0.0,0.2995924284251682,0.4609986592382336,0.0,0.0,0.40134706390945457,0.45317945071671306,0.0,0.0,0.4925659888145864,0.41020708981166004,0.0,0.45767125011834536,0.44717227819781963,0.3311278069640833,0.4375623454689468,0.44408829933013033,0.464134214528801,0.0,0.0,0.0,0.43981689865943857,0.0,0.0,0.0,0.0,0.4993015201625809,0.0,0.46574001585987224,0.0,0.5029820304600566,0.4986244652672976,0.5237023938974324,0.0,0.363557883341741,0.0,0.5389525230186248,0.4655240213755542,0.0,0.0,0.0,0.0,0.3184612635617062,0.0,0.0,0.0,0.5298001597843321,0.0,0.0,0.0,0.0,0.0,0.0,0.0,0.0
0.0,0.0,0.0,0.0,0.4073257477456503,0.0,0.4006844548879851,0.0,0.47967299621349296,0.32465180150027656,0.4610041125878855,0.0,0.40644212376095623,0.0,0.0,0.0,0.37157854979186344,0.3758005001580683,0.0,0.0,0.0,0.0,0.0,0.31061316919245147,0.35731717241489624,0.33239881086812406,0.0,0.3830888114833926,0.0,0.4088488582061075,0.3272291321124669,0.2737156751724396,0.24447226438744232,0.23543985845556847,0.28550627656806643,0.36298609925539194,0.30092620614840043,0.19587233175392055,0.24841963568989736,0.32931853740231803,0.36795407050853585,0.0,0.0,0.0,0.3285750935902728,0.0,0.0,0.0,0.0,0.0,0.0,0.0,0.0,0.0,0.46116469836924034,0.0,0.4727826839600735,0.4601390956605408,0.0,0.0,0.0,0.4365156942100766,0.40671691801645565,0.0,0.0,0.0,0.0,0.0,0.445967010888702,0.4294011105156738,0.46119027572823706,0.0,0.4301063345902287,0.0,0.0,0.41193684039854855
0.0,0.48409851581040675,0.4265715611458559,0.3305474765393496,0.4029497752646011,0.4093088188166617,0.3761351849313243,0.45329098153532144,0.3874079234167503,0.41658839797778896,0.46169938984827186,0.40644212376095623,0.0,0.4050384061235585,0.4843144435734495,0.5071774232756919,0.43061548017114776,0.46925463325323485,0.45598694010356294,0.46653166825938885,0.45324907662222486,0.50307218893251,0.44047765527462923,0.42051898797584814,0.4694466955762437,0.4609368562231218,0.42932783921566053,0.3681023598557743,0.4404049552554272,0.43457929670340834,0.42497073091712884,0.4226657847919688,0.4101259909124939,0.42404878027365617,0.4127739880104751,0.3667348118589691,0.35376240264551195,0.39487323661986035,0.518704338615583,0.42898618673349903,0.48779253187084426,0.5234082258021143,0.47426204964144936,0.0,0.0,0.0,0.0,0.5723882554364483,0.0,0.0,0.5219356691313007,0.0,0.4953682741387955,0.6382279700048847,0.0,0.5399548612950228,0.0,0.0,0.0,0.624607703336367,0.0,0.0,0.0,0.6359018855233395,0.5473939394963645,0.0,0.0,0.5223722837864866,0.0,0.0,0.0,0.5081145362606186,0.5915504876906363,0.542239025941089,0.0,0.6229481432781524
0.494915018179024,0.0,0.4183318805515083,0.1986119385911183,0.2861202538710727,0.3895626160311294,0.3355718579249763,0.32163837743055906,0.40936442749737506,0.22010968987643734,0.2951482698356856,0.0,0.4050384061235585,0.0,0.39996467817265874,0.0,0.0,0.0,0.40995338319040214,0.46998967799311003,0.0,0.513689118346976,0.37735038881054267,0.0,0.0,0.5183200665422981,0.42332778939045107,0.2871381599558422,0.0,0.0,0.4106979806072135,0.3250013793857914,0.5188017074554331,0.39629963846779376,0.5119977836949776,0.2166171920479509,0.17121966783497208,0.0,0.3484828532661011,0.0,0.0,0.0,0.374233064642672,0.0,0.0,0.0,0.0,0.5257494238682944,0.0,0.40447608337906726,0.0,0.5052811803438484,0.0,0.4728031749258291,0.0,0.45528224565284775,0.0,0.0,0.4184539451132087,0.0,0.0,0.0,0.0,0.0,0.0,0.0,0.0,0.4872251569954062,0.0,0.0,0.0,0.0,0.0,0.0,0.0,0.0
0.3777111676099375,0.4315530657996694,0.0,0.492898487249968,0.0,0.43977938257339744,0.0,0.33433239284220834,0.0,0.0,0.0,0.0,0.4843144435734495,0.39996467817265874,0.0,0.4787881624432801,0.0,0.417830354548691,0.0,0.3158843053013671,0.36720900334314827,0.3808674313298945,0.3819704257255716,0.44689087625035917,0.4047591145054371,0.3840126435143426,0.397557381420928,0.0,0.438419721894081,0.0,0.43793274425063244,0.4488554911869091,0.4118944418291887,0.4539143448076803,0.4875895110465002,0.49791380694180626,0.46894373682646523,0.0,0.4871345312983689,0.47332945503673424,0.48460108990640893,0.5113585799905839,0.5576285702997333,0.0,0.0,0.37595630653818146,0.499089794631528,0.0,0.0,0.0,0.4855069300657131,0.0,0.4185171443280782,0.0,0.0,0.0,0.0,0.0,0.0,0.4970036736193865,0.5117041635229931,0.0,0.0,0.0,0.47391931998388,0.4640219806299812,0.5028182750847229,0.473019456353438,0.0,0.5363340033536488,0.5122079823163322,0.4779849736334971,0.5192474999483481,0.47742323502726647,0.0,0.4810807169578831
0.4019091278011734,0.4005848876541504,0.0,0.0,0.48431609162023886,0.46942532599182174,0.47883732226440917,0.49069673343971293,0.47139751805664293,0.39408919821739535,0.0,0.0,0.5071774232756919,0.0,0.4787881624432801,0.0,0.3843072451686566,0.36956408535067087,0.0,0.4363270816381921,0.4511199642889824,0.39251974473585666,0.4686799540043456,0.39245304723875557,0.38922163597189907,0.42623015946291365,0.45631339682029864,0.4734572398814018,0.46178153056502397,0.4541380917175974,0.3664413805038297,0.4561857622046173,0.3788253665921503,0.3983062811911038,0.46816212212582414,0.0,0.0,0.0,0.4477611836299748,0.4362930427627657,0.44256733573927093,0.46176362104343144,0.0,0.0,0.0,0.47160488037065007,0.4627856050860624,0.0,0.0,0.0,0.0,0.0,0.0,0.0,0.0,0.0,0.0,0.0,0.0,0.49903859225855096,0.45067843006368047,0.0,0.4479358844920144,0.0,0.48748086057198203,0.4955666225197308,0.46797853050675164,0.0,0.43668138410250634,0.44442402857574814,0.4804999864710676,0.0,0.0,0.5027134585871114,0.0,0.42836514108465445
0.37720650075137735,0.0,0.0,0.0,0.0,0.0,0.4742265203873832,0.0,0.0,0.33892368351671115,0.0,0.37157854979186344,0.43061548017114776,0.0,0.0,0.3843072451686566,0.0,0.32168016110635955,0.0,0.4168087726597116,0.0,0.3925555595067408,0.0,0.38450683615337716,0.29323377899943387,0.3730648949644011,0.0,0.4110162886174115,0.0,0.0,0.3438987893338042,0.4157689806259046,0.3429858380851479,0.35573419774254844,0.3779043044558348,0.37803600260015735,0.0,0.3324948553505579,0.40732441076591347,0.38588256887830213,0.4669388085180858,0.0,0.0,0.0,0.38898188814674983,0.0,0.0,0.0,0.0,0.0,0.0,0.0,0.0,0.0,0.47011815701940907,0.0,0.4660604346902264,0.0,0.0,0.0,0.4256590086850571,0.4578895327732191,0.4308183291199257,0.0,0.0,0.0,0.0,0.0,0.45534137361772764,0.44296297890509084,0.46551218392863586,0.0,0.0,0.0,0.0,0.4817183268569901
0.38061178161854176,0.3834910977740839,0.0,0.0,0.0,0.44607037845435776,0.4599514574648087,0.0,0.0,0.36979622229190023,0.0,0.3758005001580683,0.46925463325323485,0.0,0.417830354548691,0.36956408535067087,0.32168016110635955,0.0,0.0,0.42384169748337414,0.43532626007397185,0.4048244341415563,0.44623833972551424,0.37422609815381896,0.35192679071645816,0.38745273826469667,0.43444119000255205,0.43796935752642546,0.4551972255281613,0.4544464588732118,0.3612923836161107,0.4204927144463085,0.34872895928019276,0.3844604976099653,0.411597546026142,0.4507125134465994,0.0,0.3434326657842344,0.4510788147718313,0.42918053730968214,0.4389707231114398,0.44841248585352755,0.0,0.0,0.0,0.4340982224656516,0.43419628171478775,0.0,0.0,0.0,0.0,0.0,0.0,0.0,0.43730818214654854,0.0,0.46301042696038297,0.0,0.0,0.0,0.427412650427553,0.4679750207188042,0.43841005588423293,0.0,0.0,0.0,0.4433972857268139,0.0,0.4502418507782751,0.4300048432873931,0.45130126898243594,0.0,0.0,0.0,0.0,0.41859669317203846
0.0,0.0,0.26825063613610156,0.42142643171109556,0.3696678246841695,0.38047742455605976,0.4445742258104,0.4629271950280197,0.28982740878394836,0.47063493150624,0.27463134045526494,0.0,0.45598694010356294,0.40995338319040214,0.0,0.0,0.0,0.0,0.0,0.0,0.0,0.0,0.3176654176758078,0.0,0.0,0.0,0.37723994520826754,0.45080266691454934,0.6078618895949814,0.0,0.4635762824577869,0.42994431236614217,0.0,0.4520715126804411,0.4348324878532851,0.41712936628217584,0.4572085699398774,0.0,0.49856728379569915,0.0,0.0,0.0,0.46760160723073,0.0,0.0,0.0,0.0,0.35036084148143515,0.0,0.5098849369917009,0.5535735478316552,0.5203130283081183,0.5360500030638065,0.5495236829320411,0.0,0.4611977624415947,0.0,0.0,0.4978281408588275,0.0,0.0,0.0,0.0,0.5419163969116638,0.0,0.0,0.0,0.5442632665478238,0.0,0.0,0.0,0.5262814387966115,0.0,0.0,0.0,0.0
0.4074231731879532,0.4297027537151791,0.0,0.47411500532203854,0.40491573616417564,0.4288803614521854,0.4516784898291745,0.4185292332622188,0.3914012643878397,0.0,0.0,0.0,0.46653166825938885,0.46998967799311003,0.3158843053013671,0.4363270816381921,0.4168087726597116,0.42384169748337414,0.0,0.0,0.4002848460588533,0.3830677964664395,0.2747427200325063,0.5990838733956558,0.41811700320171497,0.4244051088082255,0.36727453166910173,0.41812859301059485,0.36354516071405174,0.3826651126045778,0.3943350209338372,0.455603437721487,0.39953460512405603,0.4449488416223254,0.480127852216502,0.5179419327313431,0.4798460416118282,0.0,0.49121079389920114,0.4838728543969752,0.4973605337383155,0.5111367862123251,0.6603957992374113,0.0,0.0,0.0,0.4881826033345795,0.0,0.0,0.0,0.5054614631698005,0.0,0.47901076525983405,0.0,0.0,0.0,0.0,0.5753551051374886,0.0,0.4836695674558771,0.0,0.0,0.0,0.0,0.4750995624834576,0.4600056983048375,0.48736285596883744,0.48516366716269693,0.0,0.0,0.4906936674590507,0.4900250947295197,0.5072958991667919,0.4835585507111758,0.0,0.49827654751675465
0.4004675327561212,0.4381474786232474,0.0,0.0,0.0,0.39946645901076827,0.0,0.3746067235964157,0.0,0.4916521774800017,0.0,0.0,0.45324907662222486,0.0,0.36720900334314827,0.4511199642889824,0.0,0.43532626007397185,0.0,0.4002848460588533,0.0,0.43237930671722513,0.3763623540056776,0.4839772374464106,0.4379237213694077,0.40456675656172386,0.40940148647415575,0.4465551632433981,0.4198891656004074,0.0,0.46716294867165625,0.42870074966914995,0.38995427301479785,0.43855378591116523,0.0,0.0,0.0,0.0,0.4722056386962575,0.4218979908576193,0.46542831823273323,0.49481240388434555,0.0,0.0,0.0,0.26894128886986707,0.48507455741206257,0.0,0.0,0.0,0.4770836102155462,0.0,0.2817752029530394,0.0,0.0,0.0,0.0,0.5282606760119147,0.0,0.4631047994651693,0.46249151722992404,0.0,0.0,0.0,0.44994566254461155,0.32614176625056857,0.4733644098448062,0.44290332949464817,0.0,0.0,0.4814431739150355,0.4634126769817401,0.47988392434584737,0.4622845436780794,0.0,0.5269378843884448
0.41497489478223065,0.38397323305182446,0.0,0.4556808242890931,0.44297089089988206,0.44209299502746824,0.48323254893495976,0.4432235978313618,0.4229383582668124,0.41187109835373925,0.0,0.0,0.50307218893251,0.513689118346976,0.3808674313298945,0.39251974473585666,0.3925555595067408,0.4048244341415563,0.0,0.3830677964664395,0.43237930671722513,0.0,0.4510779281843424,0.4256295705863767,0.4060332958593443,0.4093858638916554,0.43034410268286827,0.4588240748382104,0.4230636742374084,0.43447347520267693,0.396551953717286,0.45260608996632945,0.39864302997040924,0.445403382936521,0.48903139775228915,0.5349593650989525,0.49312943681078525,0.0,0.4784868030657512,0.48138067348636965,0.48510191124495167,0.5080383632880897,0.6006170362085068,0.0,0.0,0.47233000463107794,0.49585366543800646,0.0,0.0,0.0,0.49225130565652303,0.0,0.0,0.0,0.0,0.0,0.0,0.0,0.0,0.5110721731108446,0.4642609483341857,0.0,0.4527742498778579,0.0,0.4811571575346009,0.4950021589142426,0.4957348765861779,0.48273864916145137,0.0,0.44861937355356435,0.5112767051278619,0.48273889467650644,0.5750516299755163,0.47498582100218406,0.0,0.4683926803671064
0.454047129829543,0.4479423795985635,0.3384670843238655,0.4254087182622891,0.39460040972765276,0.40000082233011885,0.4246863810103698,0.37576798611408047,0.3950793812767085,0.45362432021785937,0.2995924284251682,0.0,0.44047765527462923,0.37735038881054267,0.3819704257255716,0.4686799540043456,0.0,0.44623833972551424,0.3176654176758078,0.2747427200325063,0.3763623540056776,0.4510779281843424,0.0,0.48972767018180274,0.4347833493902209,0.4382667081913419,0.34571836876576084,0.4360086490738849,0.41490354409479174,0.4253672477806176,0.4364673173209129,0.42330705312246525,0.3904221163540517,0.44744070629748,0.4586616678903473,0.41710086148278525,0.44047589901316087,0.5176162874064498,0.511664572160932,0.4437645468695903,0.5509207818077572,0.5397207761660401,0.5199893210573155,0.5795882398249005,0.0,0.0,0.5007090363403129,0.5424821275297065,0.0,0.5340527056855707,0.5111314458130936,0.5264850872991375,0.47855066511358507,0.5597517916966417,0.0,0.5160761223094172,0.0,0.5282509835386269,0.5107154388316837,0.4880092369623777,0.0,0.0,0.0,0.5452270879781409,0.48710775978776966,0.4564480776706244,0.48258781834756675,0.517581684037256,0.0,0.0,0.5000441894595355,0.5125421645628511,0.5267945550863651,0.4990461471135574,0.5249929170240755,0.5353779878493862
0.3900656283071627,0.0,0.0,0.0,0.4804079365083787,0.0,0.41167354254158917,0.5096661116160166,0.0,0.3579961850319758,0.4609986592382336,0.31061316919245147,0.42051898797584814,0.0,0.44689087625035917,0.39245304723875557,0.38450683615337716,0.37422609815381896,0.0,0.5990838733956558,0.4839772374464106,0.4256295705863767,0.48972767018180274,0.0,0.3658631291206058,0.36105416027108655,0.512215814767464,0.40792039103622674,0.0,0.4059499912721211,0.34539031727164426,0.38043972658248365,0.2564903687139242,0.2915712244510263,0.36092592268115586,0.38878209573961914,0.0,0.23263141938314807,0.4576355947797092,0.26630922784172695,0.37995343662646036,0.42651230601399015,0.0,0.0,0.21003868079546867,0.42946912826894307,0.4450302285787062,0.0,0.0,0.0,0.0,0.0,0.0,0.0,0.44638415260067615,0.0,0.4400284999858255,0.3891776805369205,0.0,0.0,0.46379920346694603,0.4391262319471646,0.4517438987466606,0.0,0.0,0.0,0.0,0.0,0.441721381174219,0.4559841337236477,0.461900625456864,0.0,0.34467800992549313,0.0,0.0,0.4240577483647247
0.3830101647036015,0.35924607345274406,0.0,0.0,0.4621277381869475,0.44639342546446614,0.4468292480482969,0.46870571746821205,0.0,0.34283555713046016,0.0,0.35731717241489624,0.4694466955762437,0.0,0.4047591145054371,0.38922163597189907,0.29323377899943387,0.35192679071645816,0.0,0.41811700320171497,0.4379237213694077,0.4060332958593443,0.4347833493902209,0.3658631291206058,0.0,0.37123803527409033,0.4335426806545096,0.40743267549426276,0.44513384692551977,0.0,0.3622213105011529,0.4090785514355312,0.3201847073220784,0.35681682089999905,0.3915744282526441,0.46006389387848945,0.0,0.313861857352694,0.44573985927363785,0.4232250008420401,0.44363249741210187,0.4550786558561461,0.0,0.0,0.38828656529153455,0.44275461625091345,0.4400541735731323,0.0,0.0,0.0,0.0,0.0,0.0,0.0,0.4673723164039867,0.0,0.4729400499257302,0.5633399580405805,0.0,0.486250155958425,0.43228838793900304,0.4628785997711139,0.4410371387847303,0.0,0.4564995916055052,0.46108673486845986,0.4388032931894902,0.0,0.4510499909521169,0.43416859422545173,0.456158219359063,0.0,0.5148551270779862,0.45953215099925243,0.0,0.4224299656931963
0.3588308931186409,0.39072858443996383,0.0,0.0,0.0,0.4469730338243384,0.46960911724046883,0.47822240350971984,0.0,0.36402033731168243,0.0,0.33239881086812406,0.4609368562231218,0.5183200665422981,0.3840126435143426,0.42623015946291365,0.3730648949644011,0.38745273826469667,0.0,0.4244051088082255,0.40456675656172386,0.4093858638916554,0.4382667081913419,0.36105416027108655,0.37123803527409033,0.0,0.4389584666749885,0.4127643092680528,0.43681431275645183,0.0,0.3868284276405735,0.4333053821566149,0.37215352748071256,0.40094672501140466,0.44298945120212885,0.4402982687835385,0.0,0.3222053168899469,0.4606723933627089,0.44937644464161186,0.4625861591275346,0.4950115494860716,0.0,0.0,0.3909624390452501,0.4589699186156299,0.49803586862858595,0.0,0.0,0.0,0.0,0.0,0.0,0.0,0.47682180534422663,0.0,0.48015847352911994,0.5510013890798743,0.0,0.5057276804317689,0.4693221440561624,0.4770097768574523,0.4599866740412974,0.0,0.4785955713428313,0.4859090785636073,0.5020483589152079,0.4805929438466654,0.4636991231373924,0.4571411001896552,0.48199176605907484,0.4906637477518157,0.5073812553346394,0.4869379671495815,0.44202096407629876,0.4469314208037251
0.42739516522058996,0.4365342765708908,0.34120046536886145,0.4458653569681556,0.3854154360000298,0.3929178666621935,0.41399057700004593,0.4348027062412959,0.3753906087109224,0.4550048598856814,0.40134706390945457,0.0,0.42932783921566053,0.42332778939045107,0.397557381420928,0.45631339682029864,0.0,0.43444119000255205,0.37723994520826754,0.36727453166910173,0.40940148647415575,0.43034410268286827,0.34571836876576084,0.512215814767464,0.4335426806545096,0.4389584666749885,0.0,0.42873159490416335,0.386177292037243,0.41129081355268665,0.42130765767190553,0.42961862824022456,0.39613031768259943,0.44097015210782453,0.45789395670031496,0.4544051842996711,0.4462899151328818,0.0,0.506072298379478,0.4728859296187676,0.5237303051425584,0.5321186606963594,0.4946856907801431,0.0,0.0,0.0,0.0,0.525580041336521,0.0,0.549479329954598,0.5029206256852243,0.5320191552637045,0.4883047784759416,0.5402654959236995,0.0,0.5223454873842442,0.0,0.5215681687135797,0.5244566726221557,0.4931763774527257,0.0,0.0,0.0,0.5661548420661664,0.48914284021471527,0.4756047922526881,0.4899115846727685,0.514147616091655,0.0,0.0,0.4951919680158871,0.5054220574054094,0.5135979566894489,0.49850664601997974,0.5400792796965322,0.5253696895779307
0.0,0.47364840598425895,0.4239784804766135,0.26497669053846484,0.3735464051827455,0.41205285933334274,0.3673761376984193,0.44483611203425677,0.42731728804476743,0.3907399279994083,0.45317945071671306,0.3830888114833926,0.3681023598557743,0.2871381599558422,0.0,0.4734572398814018,0.4110162886174115,0.43796935752642546,0.45080266691454934,0.41812859301059485,0.4465551632433981,0.4588240748382104,0.4360086490738849,0.40792039103622674,0.40743267549426276,0.4127643092680528,0.42873159490416335,0.0,0.3799589723333711,0.3364159500717979,0.38425651845509123,0.4130394452815967,0.38938329992443754,0.3969802168478954,0.380777746309448,0.29587460065327736,0.30684946731930984,0.3630034390694504,0.517199861075832,0.3575594117154517,0.4699971594814338,0.0,0.0,0.0,0.0,0.0,0.0,0.62322219658483,0.0,0.0,0.5083332679615128,0.0,0.4823830752540598,0.0,0.4954835963742674,0.0,0.0,0.0,0.0,0.5201695363550781,0.0,0.0,0.0,0.0,0.4960345357885087,0.495522082747105,0.5558368908570185,0.5187616412606437,0.0,0.0,0.5215364487470225,0.5113836019195508,0.5316642718413697,0.500801019152135,0.0,0.5475809979117512
0.4864355088834421,0.4518236053812765,0.42674574563204853,0.48096045970402507,0.41629207051384154,0.35357553973435235,0.44278332893129085,0.41418216870215147,0.38844163772162815,0.4895559344205123,0.0,0.0,0.4404049552554272,0.0,0.438419721894081,0.46178153056502397,0.0,0.4551972255281613,0.6078618895949814,0.36354516071405174,0.4198891656004074,0.4230636742374084,0.41490354409479174,0.0,0.44513384692551977,0.43681431275645183,0.386177292037243,0.3799589723333711,0.0,0.38099777967502907,0.3833750017519689,0.4348489697299002,0.3781338801839823,0.4333674484259219,0.46376409581854766,0.4939532938101707,0.48186228491054,0.0,0.5047637164229656,0.5130100879138775,0.5216454828787671,0.5498707649347138,0.5936500146958249,0.0,0.0,0.0,0.5124326747791578,0.0,0.0,0.0,0.5018212827355667,0.0,0.47603961381961146,0.0,0.0,0.0,0.0,0.5373889629038108,0.0,0.4879205441600374,0.0,0.0,0.0,0.0,0.4843205927448241,0.46423999249567094,0.4825272200816934,0.5044266298570127,0.0,0.0,0.5015128735535936,0.5001849511782919,0.5138689815159246,0.49597545369847607,0.5578575015272165,0.5194465814391444
0.0,0.0,0.0,0.0,0.0,0.43065184129974754,0.0,0.44064062001661436,0.42307348181673793,0.4739443076517612,0.0,0.4088488582061075,0.43457929670340834,0.0,0.0,0.4541380917175974,0.0,0.4544464588732118,0.0,0.3826651126045778,0.0,0.43447347520267693,0.4253672477806176,0.4059499912721211,0.0,0.0,0.41129081355268665,0.3364159500717979,0.38099777967502907,0.0,0.3578774877021201,0.41092145757573223,0.0,0.407865931664021,0.4361172798445819,0.507810542651984,0.4752494125044975,0.47631043023616737,0.5154980063704963,0.0,0.0,0.0,0.0,0.0,0.0,0.0,0.0,0.0,0.0,0.0,0.0,0.0,0.0,0.0,0.0,0.0,0.0,0.0,0.0,0.0,0.0,0.0,0.0,0.0,0.0,0.0,0.0,0.5152679125740172,0.0,0.0,0.0,0.5107095407465737,0.5914561036225352,0.0,0.0,0.6516916469606284
0.36464163048881526,0.39321014014870265,0.4496949245640559,0.32334752603969447,0.4574380252065602,0.4403411110549574,0.43581695869716025,0.46093330881487626,0.45832527437738785,0.32779980292742783,0.4925659888145864,0.3272291321124669,0.42497073091712884,0.4106979806072135,0.43793274425063244,0.3664413805038297,0.3438987893338042,0.3612923836161107,0.4635762824577869,0.3943350209338372,0.46716294867165625,0.396551953717286,0.4364673173209129,0.34539031727164426,0.3622213105011529,0.3868284276405735,0.42130765767190553,0.38425651845509123,0.3833750017519689,0.3578774877021201,0.0,0.42530220776345273,0.32635090201356043,0.27858691451368045,0.247626438423948,0.4360370362130128,0.3421788103873656,0.29748339527760115,0.4795633898832497,0.37999385086398746,0.42823383741612997,0.0,0.0,0.0,0.427296957907399,0.0,0.4553101247483294,0.0,0.0,0.0,0.5106810992878503,0.0,0.49927401411539346,0.0,0.4547820473361267,0.0,0.46182818684219995,0.0,0.0,0.522300854217976,0.4384819772367925,0.4804183925729034,0.4443027132207478,0.0,0.47770964671408933,0.0,0.4608320547148042,0.5389543407716422,0.44160558802594496,0.4364567494830047,0.4811487488045118,0.5127839432237915,0.524050240009654,0.5040659505119226,0.0,0.3841244021515118
0.4170278813515489,0.4389635720748646,0.4145589787169522,0.3141181863270959,0.384097530398979,0.4189201004696141,0.41427916602795417,0.32425618288381597,0.4226437665080368,0.3421717826813055,0.41020708981166004,0.2737156751724396,0.4226657847919688,0.3250013793857914,0.4488554911869091,0.4561857622046173,0.4157689806259046,0.4204927144463085,0.42994431236614217,0.455603437721487,0.42870074966914995,0.45260608996632945,0.42330705312246525,0.38043972658248365,0.4090785514355312,0.4333053821566149,0.42961862824022456,0.4130394452815967,0.4348489697299002,0.41092145757573223,0.42530220776345273,0.0,0.3420935981010949,0.36723895596503975,0.36952117830995496,0.3053043715378571,0.3237290537149838,0.26121288817443333,0.2936432528149782,0.31941197021681345,0.38728056164667674,0.35425553795062437,0.3284738439641507,0.2937978965520351,0.2593730429512308,0.44929011701986993,0.46926485262411005,0.5318614754074422,0.0,0.4253095376852043,0.5140081317872917,0.0,0.510221597229244,0.5098660142687318,0.2967013757567771,0.44225820511915775,0.2754327707348988,0.5182984320114659,0.4009991791107725,0.5009471075988361,0.45356914765544404,0.48856457067551934,0.44505991183535887,0.5335910602854396,0.48885788997203333,0.46797828281638015,0.48431859986185866,0.5202176564480707,0.4700943404707353,0.44578840350173565,0.4831020717088799,0.5078975173481357,0.4399116385827897,0.5207376335924507,0.5138269947390627,0.49997151707971765
0.32852666532853075,0.36109742176413695,0.0,0.4707676418750887,0.0,0.40164702434468147,0.4195484578745627,0.32289723783684227,0.4623466836826606,0.3194120376541103,0.0,0.24447226438744232,0.4101259909124939,0.5188017074554331,0.4118944418291887,0.3788253665921503,0.3429858380851479,0.34872895928019276,0.0,0.39953460512405603,0.38995427301479785,0.39864302997040924,0.3904221163540517,0.2564903687139242,0.3201847073220784,0.37215352748071256,0.39613031768259943,0.38938329992443754,0.3781338801839823,0.0,0.32635090201356043,0.3420935981010949,0.0,0.26343531822739735,0.3714502613129861,0.32225181666816355,0.27337858125091546,0.16039104757715403,0.274315131776738,0.23443314658645564,0.30844124051182603,0.3328240915582218,0.3761107406082838,0.0,0.2392759431704261,0.43357012062409617,0.4560943763194878,0.0,0.0,0.0,0.0,0.0,0.0,0.0,0.394364426739448,0.0,0.399739761058025,0.44938269662202374,0.0,0.5002442346839358,0.44063436098248737,0.41529071432633485,0.4236573853665106,0.0,0.47838341024432657,0.47327405056283006,0.48097023930604327,0.4485514763865352,0.37394503611491375,0.4301617689628811,0.4488592152701242,0.45796963764533144,0.40444152709030734,0.0,0.0,0.3869149607286391
0.36788479906361116,0.41110470305869734,0.43880548758605087,0.36117482426167585,0.4438482870057243,0.44133411664395394,0.4143348526276013,0.46816899361584136,0.4459431868305312,0.29127789673832194,0.45767125011834536,0.23543985845556847,0.42404878027365617,0.39629963846779376,0.4539143448076803,0.3983062811911038,0.35573419774254844,0.3844604976099653,0.4520715126804411,0.4449488416223254,0.43855378591116523,0.445403382936521,0.44744070629748,0.2915712244510263,0.35681682089999905,0.40094672501140466,0.44097015210782453,0.3969802168478954,0.4333674484259219,0.407865931664021,0.27858691451368045,0.36723895596503975,0.26343531822739735,0.0,0.2921742364202646,0.4196659219904418,0.32979845771691546,0.1883228085097193,0.3501144341339632,0.32411914108031553,0.32590559874987207,0.33983708722166645,0.36555069272964247,0.3066481315027125,0.28912878568838385,0.4305953830386412,0.4573191340930557,0.0,0.0,0.0,0.5142914277720086,0.5600677493177426,0.4908301817168353,0.0,0.4361251553389878,0.0,0.4287977413423305,0.47400211855210234,0.0,0.5059183626705172,0.44329590552801684,0.46715633819023084,0.44239569450643107,0.0,0.49250039518183697,0.4679417455125698,0.47636586825600724,0.5305381066811002,0.4414427083999407,0.44101531274090944,0.4761433014030248,0.5294610776683152,0.4354680436023574,0.5057241640310678,0.0,0.46513258596177903
0.4283092042963497,0.4493884380030668,0.4198942223325964,0.3682187618797575,0.3906161744823252,0.4530811874804419,0.3451036700391548,0.46751253623510125,0.43882095971095775,0.2896588398808177,0.44717227819781963,0.28550627656806643,0.4127739880104751,0.5119977836949776,0.4875895110465002,0.46816212212582414,0.3779043044558348,0.411597546026142,0.4348324878532851,0.480127852216502,0.0,0.48903139775228915,0.4586616678903473,0.36092592268115586,0.3915744282526441,0.44298945120212885,0.45789395670031496,0.380777746309448,0.46376409581854766,0.4361172798445819,0.247626438423948,0.36952117830995496,0.3714502613129861,0.2921742364202646,0.0,0.4559834113343775,0.36897671166780405,0.233255961105475,0.3102674578213199,0.3226760134157359,0.32149800953479624,0.34909073433846255,0.3338698960128909,0.338418951500624,0.2919769776417931,0.44126985175654587,0.497771075355064,0.0,0.0,0.0,0.0,0.5475718889861733,0.0,0.0,0.4596207090294737,0.0,0.31777813870251903,0.4943491482873689,0.0,0.5278799549305551,0.47754350167314175,0.5090578112106504,0.47196011872573973,0.0,0.5038803523288434,0.0,0.5052031848088396,0.49346252863196005,0.0,0.4583482056462728,0.48896224300910024,0.4733521469446483,0.4162650993457915,0.0,0.0,0.0
0.0,0.0,0.4135700462789057,0.18111600530001665,0.22424511531630517,0.4436368780693319,0.28812038022186764,0.2404044770882024,0.4289149243598296,0.3400244831960921,0.3311278069640833,0.36298609925539194,0.3667348118589691,0.2166171920479509,0.49791380694180626,0.0,0.37803600260015735,0.4507125134465994,0.41712936628217584,0.5179419327313431,0.0,0.5349593650989525,0.41710086148278525,0.38878209573961914,0.46006389387848945,0.4402982687835385,0.4544051842996711,0.29587460065327736,0.4939532938101707,0.507810542651984,0.4360370362130128,0.3053043715378571,0.32225181666816355,0.4196659219904418,0.4559834113343775,0.0,0.2515176820748625,0.3496380711764822,0.36743524069518746,0.0,0.3863184277378705,0.307529137236976,0.319125885708258,0.0,0.2566781085148037,0.0,0.0,0.4961317683777936,0.0,0.4096151756160547,0.4364559564419344,0.45192700410115283,0.0,0.48452108132831656,0.0,0.4236788169435318,0.0,0.4783840660120645,0.3667790643428258,0.0,0.0,0.0,0.0,0.47588551029227794,0.0,0.0,0.0,0.5003604819220222,0.0,0.0,0.0,0.4831894881867693,0.5047315726911326,0.0,0.46520413976024916,0.0
0.0,0.0,0.43450236330146713,0.17708770495830423,0.28331881275649723,0.4433352173603914,0.30007441114057937,0.3550902755351115,0.4307478489552002,0.2839148966729603,0.4375623454689468,0.30092620614840043,0.35376240264551195,0.17121966783497208,0.46894373682646523,0.0,0.0,0.0,0.4572085699398774,0.4798460416118282,0.0,0.49312943681078525,0.44047589901316087,0.0,0.0,0.0,0.4462899151328818,0.30684946731930984,0.48186228491054,0.4752494125044975,0.3421788103873656,0.3237290537149838,0.27337858125091546,0.32979845771691546,0.36897671166780405,0.2515176820748625,0.0,0.2837162707359007,0.26065637512482404,0.24572650324997858,0.30752723797143716,0.2895916646173001,0.0,0.30047673654067436,0.0,0.0,0.0,0.0,0.0,0.0,0.0,0.0,0.0,0.0,0.0,0.0,0.0,0.0,0.0,0.0,0.0,0.0,0.0,0.0,0.0,0.0,0.0,0.5899799724924863,0.0,0.0,0.0,0.0,0.0,0.0,0.0,0.0
0.0,0.0,0.0,0.0,0.4100329594429004,0.0,0.3913538139615088,0.0,0.4616233289731287,0.29642994648465015,0.44408829933013033,0.19587233175392055,0.39487323661986035,0.0,0.0,0.0,0.3324948553505579,0.3434326657842344,0.0,0.0,0.0,0.0,0.5176162874064498,0.23263141938314807,0.313861857352694,0.3222053168899469,0.0,0.3630034390694504,0.0,0.47631043023616737,0.29748339527760115,0.26121288817443333,0.16039104757715403,0.1883228085097193,0.233255961105475,0.3496380711764822,0.2837162707359007,0.0,0.252238495796043,0.21547134615782498,0.2835600460497419,0.24538764485179287,0.0,0.0,0.21499403740272885,0.0,0.0,0.0,0.0,0.0,0.0,0.0,0.0,0.0,0.37137104958208145,0.0,0.39755548878502284,0.0,0.0,0.0,0.0,0.3559564000159112,0.27049039184659335,0.0,0.0,0.0,0.0,0.0,0.273085240235458,0.0,0.41142339301041425,0.0,0.3971601702476788,0.0,0.0,0.33494586062526355
