0.0,0.4331974829673908,0.0,0.0,0.0,0.44062675003576063,0.0,0.4987193661126874,0.0,0.3873394340126729,0.0,0.43095882822685316,0.0,0.0,0.44126082860376237,0.4273679566564412,0.39338727682709074,0.4127235675644768,0.0,0.46003615846901796,0.43769565011571765,0.42094755110086907,0.46594618148517625,0.4267489005867268,0.40157351628867893,0.3990268758568973,0.4719405635424961,0.4768311938110404,0.45893175008290227,0.0,0.3850134160033422,0.43795748885283486,0.3733136077230988,0.37064956926295767,0.42647817669148363,0.0,0.0,0.0,0.46247790608744643,0.43863159470734636,0.4245360055035257,0.5162527914190017,0.0,0.0,0.0,0.47817759219156514,0.47645994845476847,0.0,0.0,0.0,0.5129188078600003,0.0,0.0,0.0,0.0,0.0,0.4914486851467517,0.0,0.0,0.0,0.4634132593040865,0.0,0.4551990254143907,0.0,0.0,0.0,0.4769745938010573,0.4673059693221275,0.38156431989214235,0.45493770698970987,0.4823835633053872,0.47093494630895993,0.0,0.4569567175025772,0.0,0.4471157397534554
0.4331974829673908,0.0,0.5064885050462705,0.0,0.44960242481875323,0.4486362180343876,0.4530312960997678,0.4521157946131338,0.43760603382592916,0.0,0.0,0.0,0.4658388280156313,0.0,0.4564395268263043,0.4249088344014689,0.4780572723165184,0.4364293954450491,0.0,0.4440040843540096,0.415234523039509,0.3882789028640184,0.4634323613534625,0.0,0.3881751127912782,0.39626576362838256,0.4551333787307998,0.4643343183226781,0.45218457579195526,0.0,0.38067426199731874,0.439117110366743,0.3666640873907205,0.39815523679885684,0.447312643735626,0.0,0.0,0.0,0.4654517958794538,0.4674484057978307,0.4528421772211594,0.4861120580962382,0.0,0.0,0.0,0.48441038245796125,0.48213475330646605,0.0,0.0,0.0,0.48148116528335255,0.0,0.0,0.0,0.0,0.0,0.0,0.0,0.0,0.4859972346111476,0.46690761871765835,0.0,0.4610783022613231,0.0,0.46413497939695936,0.4764425917607297,0.480205668353589,0.0,0.0,0.4623430543696122,0.4928709961050552,0.4835563370446623,0.0,0.46835088032458383,0.0,0.4364631436773554
0.0,0.5064885050462705,0.0,0.0,0.4054330470917174,0.43172940221109185,0.43733670064533714,0.4726653323462608,0.3010040365168117,0.49527854147671235,0.3486278686264024,0.0,0.4510959731736657,0.41768411644600334,0.0,0.0,0.0,0.0,0.29263663906911136,0.0,0.5617410211762008,0.0,0.35453712856751685,0.0,0.0,0.0,0.335177051044083,0.4691151191621269,0.4670816260511812,0.5072693931364419,0.47228408899804175,0.43764047695625946,0.0,0.4610846474748388,0.4716823511579778,0.40349218085223715,0.0,0.0,0.5143750419249956,0.0,0.6355901227136531,0.0,0.4812985224568062,0.0,0.0,0.0,0.0,0.5543631131405765,0.0,0.5492360610413963,0.5458487808925988,0.5861629084857575,0.5564746222632472,0.5748216948078814,0.0,0.5030220328871037,0.0,0.5892415903220183,0.4832599059330981,0.0,0.0,0.0,0.0,0.46630083258369476,0.0,0.0,0.0,0.5709879817824179,0.0,0.0,0.0,0.5621091786656649,0.6108327603658456,0.0,0.0,0.6434248247154915
0.0,0.0,0.0,0.0,0.2834331923917674,0.4238841405938851,0.3256489945810082,0.26573234655423966,0.4043931588751031,0.2144491576728712,0.34986492411777,0.2746493899010213,0.33925171556573663,0.26058948308074886,0.0,0.0,0.0,0.0,0.4143553422650911,0.0,0.0,0.0,0.4306998728988471,0.2078201028042496,0.0,0.0,0.4335384593994817,0.31025934347667405,0.0,0.0,0.3216596889598921,0.28893131018316603,0.23704616965364636,0.2798345186537358,0.3294758872325557,0.2003931389461208,0.20503087797095818,0.2612245457097493,0.0,0.0,0.0,0.0,0.0,0.0,0.0,0.0,0.0,0.0,0.0,0.0,0.0,0.0,0.0,0.0,0.0,0.0,0.0,0.0,0.0,0.0,0.0,0.0,0.0,0.0,0.0,0.0,0.0,0.0,0.0,0.0,0.0,0.0,0.0,0.0,0.0,0.0
0.0,0.44960242481875323,0.4054330470917174,0.2834331923917674,0.0,0.40467475606287673,0.360061430526974,0.4274279203237585,0.3579680577251866,0.42062995241634793,0.3303769096226663,0.3924158926149313,0.39451460794132115,0.262671807475651,0.0,0.459065281231245,0.0,0.49639992666593175,0.38656924366859496,0.440467156205044,0.0,0.45662180121235557,0.43102717655572365,0.0,0.43266791204342764,0.0,0.41701895726360144,0.3980081105260173,0.438624615009275,0.42971449046232296,0.46230533968097387,0.39724230395484195,0.4150831734233628,0.44039102786348244,0.43584489875597243,0.21847619014037936,0.30478134767774395,0.41876676840991195,0.54724486176392,0.0,0.6709703750091248,0.0,0.3658763953371044,0.0,0.0,0.0,0.0,0.5425926572826568,0.0,0.5401253695510285,0.5293432118810646,0.6419118811407987,0.5104940575985595,0.5553653612530437,0.0,0.44809391759788614,0.0,0.0,0.4709791241042957,0.0,0.0,0.0,0.0,0.4890048500761573,0.0,0.0,0.0,0.5258438338535228,0.0,0.0,0.0,0.5440930718090812,0.6895463073475938,0.0,0.0,0.0
0.44062675003576063,0.4486362180343876,0.43172940221109185,0.4238841405938851,0.40467475606287673,0.0,0.4279356455851215,0.4345966422357162,0.34529823025599987,0.44777581083336676,0.40237331365567125,0.0,0.4070769381901097,0.4052043735545252,0.45289012914647186,0.45538044313354964,0.0,0.4341160598647431,0.418644726453522,0.45854410589140876,0.435801177423786,0.4614681909336411,0.4323263064589007,0.0,0.41868525200805584,0.4538136074617507,0.4129712517762752,0.40884547235730173,0.3636907679443909,0.445129215008316,0.451973969527332,0.432850683182547,0.4035847377676218,0.45210375095864264,0.47792601998172973,0.4210994358344643,0.42607658191870545,0.4604199126959922,0.5021691212886263,0.6232667177462047,0.512030809662966,0.5668008954758735,0.48117435862488933,0.0,0.0,0.0,0.0,0.5447841456457128,0.0,0.0,0.5078494433284693,0.5392577503662187,0.4897671876786757,0.5367363914053505,0.0,0.505431508909439,0.0,0.5242506986203866,0.542305904168065,0.510403325964005,0.0,0.0,0.0,0.5272983091215857,0.49653227323881,0.5100429269255011,0.5152605170185082,0.5222905566525984,0.0,0.0,0.5294342677922383,0.5166543017039478,0.515882351859254,0.49387673427762857,0.5692832797570005,0.5196038067205359
0.0,0.4530312960997678,0.43733670064533714,0.3256489945810082,0.360061430526974,0.4279356455851215,0.0,0.43872759310258186,0.4031497424518462,0.43305261092477,0.4429286974495999,0.4044902971207047,0.34304261368795186,0.36658318449946864,0.0,0.47628923326572364,0.48020689802249944,0.47284137887105365,0.4527830046105,0.4654115198340865,0.5220585360310928,0.4753563460817056,0.4313084878212412,0.42675244975391813,0.43749529571892287,0.44482908970763385,0.44912233774638544,0.41379297524141895,0.4545024324097604,0.4375625285552971,0.4700874740949009,0.41547845356224683,0.4114021910855743,0.42928386534032614,0.4842298157771984,0.33540176305971603,0.33654415120666464,0.3801460548982399,0.5732667393817821,0.0,0.0,0.0,0.0,0.0,0.0,0.0,0.0,0.5687897199508848,0.0,0.0,0.5190273622813429,0.6274391558601494,0.5208186866243845,0.6072334284154361,0.5547625805699006,0.5412877146842313,0.0,0.0,0.0,0.0,0.0,0.0,0.0,0.0,0.0,0.0,0.0,0.5033125356932071,0.0,0.0,0.0,0.5061970017839083,0.0,0.5795695179968726,0.0,0.0
0.4987193661126874,0.4521157946131338,0.4726653323462608,0.26573234655423966,0.4274279203237585,0.4345966422357162,0.43872759310258186,0.0,0.4762966427609992,0.49790295024932285,0.37734715619047654,0.5318758472117779,0.4355339043303931,0.3389993189447521,0.4543174000493655,0.4733143245924988,0.0,0.47141021822791845,0.4474273895185,0.39790182503882954,0.41732512074158523,0.4791541248099345,0.387382778173952,0.5228352141258196,0.46347836699339173,0.47995120736936897,0.47794039099562863,0.448618531064819,0.42239770288864603,0.46094858079003836,0.4654079979966138,0.3711653533058903,0.4575746870362092,0.46230661568147335,0.44201603982412063,0.23882163411761737,0.2793638403778081,0.0,0.44186531744428514,0.0,0.4921734674569766,0.0,0.3949322590880208,0.0,0.0,0.435880922569798,0.4463338341200973,0.5825339369739729,0.0,0.5181497292612972,0.4809309840537387,0.5366852173283018,0.44263469078616674,0.5765026372829269,0.0,0.5024068020321628,0.0,0.48567958563338504,0.43613682597299264,0.0,0.0,0.0,0.0,0.528514137227133,0.0,0.0,0.0,0.473297335757758,0.0,0.0,0.5833826213380977,0.5021698026519429,0.49271774723477685,0.47278790749598537,0.0,0.49917111505812034
0.0,0.43760603382592916,0.3010040365168117,0.4043931588751031,0.3579680577251866,0.34529823025599987,0.4031497424518462,0.4762966427609992,0.0,0.44708923539115347,0.2981829364956834,0.4517188856951071,0.39474887982184187,0.41686208819868903,0.0,0.4568687648599692,0.0,0.0,0.303398329504121,0.4481766543725801,0.0,0.45221618998558316,0.4366538056024646,0.0,0.4519887970818165,0.4729889975262991,0.35230233671892364,0.45233198207546743,0.42423039375034777,0.4794658932041925,0.4434684423318293,0.42212855358365836,0.4287869654956419,0.4377377713389164,0.438526685317039,0.4034457248087397,0.4227544978663465,0.4334953757996372,0.5387747622913936,0.0,0.6526153082566174,0.0,0.4653125110975911,0.0,0.0,0.0,0.0,0.571467537664649,0.0,0.5755902053818248,0.5324514611073762,0.5919111302884551,0.5546995000933789,0.581972386164327,0.0,0.5277144718928966,0.0,0.6043361102866553,0.46476697311280274,0.0,0.0,0.0,0.0,0.5395184233110178,0.0,0.0,0.0,0.5600503197715064,0.0,0.0,0.0,0.5659296192790472,0.6004833050872954,0.5984008232370587,0.0,0.6696172905493881
0.3873394340126729,0.0,0.49527854147671235,0.2144491576728712,0.42062995241634793,0.44777581083336676,0.43305261092477,0.49790295024932285,0.44708923539115347,0.0,0.4550147655446301,0.29054681889638545,0.44304800230165786,0.38695811456949863,0.0,0.4072143033363771,0.3464425780844331,0.3695882912264427,0.4760614100499337,0.0,0.46546030052324844,0.45269648578554605,0.46042044739194954,0.33663777419970103,0.3745921094510535,0.3740529544162732,0.4782145829093194,0.41636994349146567,0.5042447706885356,0.0,0.3457330520724324,0.3201587738476789,0.33610332087869177,0.28204709061714434,0.28234519854380496,0.2773500432574372,0.22014934555882165,0.273707928256514,0.3944834075709623,0.3629004480442694,0.36203560064710244,0.33313931414077713,0.4152932891678962,0.0,0.32097769676875604,0.46333326969013,0.4283322579556058,0.0,0.0,0.0,0.0,0.44139552895609707,0.0,0.0,0.4410383373735,0.0,0.43449141112747364,0.4587805004026215,0.0,0.0,0.4194415017371316,0.44843209682805274,0.4089320857188605,0.0,0.0,0.0,0.38415483127390754,0.0,0.45032463616970353,0.4297225034393961,0.44967011125036077,0.0,0.44560957574253024,0.0,0.0,0.41351166241234716
0.0,0.0,0.3486278686264024,0.34986492411777,0.3303769096226663,0.40237331365567125,0.4429286974495999,0.37734715619047654,0.2981829364956834,0.4550147655446301,0.0,0.43960200171322134,0.43997125665879044,0.29968134077408126,0.0,0.0,0.0,0.0,0.2696326446436124,0.0,0.0,0.0,0.34294061191803804,0.0,0.0,0.0,0.40335056951878767,0.44322827666403347,0.0,0.0,0.45706448071935785,0.2994697898988095,0.45758203203409137,0.43116887443143015,0.4171835740733757,0.2625820679016771,0.4157234770422918,0.43357357647189304,0.0,0.0,0.0,0.0,0.43022787630185405,0.0,0.0,0.0,0.0,0.423701048113161,0.0,0.4601114587071602,0.5178550423995145,0.5329368730269863,0.49576818047518384,0.4990990655998023,0.0,0.2613015152624467,0.0,0.5059202240477114,0.4590651735776561,0.0,0.0,0.0,0.0,0.2799142406845846,0.0,0.0,0.0,0.529594777746799,0.0,0.0,0.0,0.5295052966665076,0.0,0.0,0.0,0.0
0.43095882822685316,0.0,0.0,0.2746493899010213,0.3924158926149313,0.0,0.4044902971207047,0.5318758472117779,0.4517188856951071,0.29054681889638545,0.43960200171322134,0.0,0.4059110681075413,0.0,0.0,0.0,0.38436937126859866,0.37675779791985,0.0,0.0,0.0,0.0,0.0,0.31275348616485216,0.36754717259427855,0.32003280520275174,0.0,0.36516194265016866,0.0,0.0,0.3258720754183439,0.27696990068447164,0.22703374886619776,0.20153724785903568,0.28312302879530826,0.27668575979765436,0.2676680531094149,0.1901449368480001,0.29144842016430106,0.34805922016757185,0.3470210797940162,0.37165432792500275,0.0,0.0,0.28237607491828165,0.5342977105027437,0.4637910635674121,0.0,0.0,0.0,0.0,0.44460886306103237,0.0,0.0,0.44880744662322336,0.0,0.43912525769388133,0.4476360473751072,0.0,0.0,0.0,0.47094992385168394,0.43333374503770744,0.0,0.0,0.0,0.0,0.0,0.45094327454591954,0.4509898531219196,0.4677153924258913,0.0,0.417931576283692,0.0,0.0,0.4058551386203381
0.0,0.4658388280156313,0.4510959731736657,0.33925171556573663,0.39451460794132115,0.4070769381901097,0.34304261368795186,0.4355339043303931,0.39474887982184187,0.44304800230165786,0.43997125665879044,0.4059110681075413,0.0,0.375551483314199,0.46997051977557697,0.49279678997694615,0.45077895920660777,0.4687260350873711,0.44305572069843935,0.46109067210249327,0.45689767517816976,0.48055653693639455,0.45422569263184387,0.44326812286689987,0.4443392791495421,0.42952055456866656,0.4641028762203997,0.366199258682445,0.435175803271523,0.4219498760492285,0.44082398286749885,0.42487919226081994,0.4017947057723674,0.4252880025593403,0.4402267166286362,0.3516816949644647,0.35661659086923697,0.3890188451398841,0.48853811722407026,0.44861545303913336,0.5516863548520147,0.0,0.0,0.0,0.37954367421832436,0.0,0.0,0.0,0.0,0.0,0.5129320518672357,0.6083836870554177,0.487424748071483,0.0,0.5070403591279236,0.5129138973305647,0.48413833553071983,0.0,0.0,0.0,0.0,0.6956520601766384,0.0,0.0,0.5464267610515205,0.0,0.0,0.5091467017478715,0.4060304109746214,0.6139044804690159,0.5752789771047436,0.5013244578571436,0.5726429783695256,0.5213785949430404,0.0,0.0
0.0,0.0,0.41768411644600334,0.26058948308074886,0.262671807475651,0.4052043735545252,0.36658318449946864,0.3389993189447521,0.41686208819868903,0.38695811456949863,0.29968134077408126,0.0,0.375551483314199,0.0,0.0,0.0,0.0,0.0,0.3949059903604813,0.0,0.4383891882862727,0.0,0.38895322610534205,0.0,0.0,0.5115781503236885,0.4450467210105054,0.2904699920659773,0.0,0.0,0.43467703955658826,0.19854493397921527,0.0,0.40102424972189005,0.35928200971232077,0.19645251977711367,0.18875581895620072,0.0,0.0,0.0,0.0,0.0,0.31218593839455944,0.0,0.0,0.0,0.0,0.4996296785730798,0.0,0.0,0.4937001910973489,0.0,0.0,0.505126090223971,0.0,0.4240806322759972,0.0,0.0,0.0,0.0,0.0,0.0,0.0,0.43175771518018663,0.0,0.0,0.0,0.38894610680163116,0.0,0.0,0.0,0.0,0.0,0.0,0.0,0.0
0.44126082860376237,0.4564395268263043,0.0,0.0,0.0,0.45289012914647186,0.0,0.4543174000493655,0.0,0.0,0.0,0.0,0.46997051977557697,0.0,0.0,0.5156136339883427,0.0,0.48075966447169705,0.0,0.3831570847521989,0.42767760762258555,0.41477591986572926,0.4025465213113939,0.5245367629347087,0.49506417944159314,0.4031843300683697,0.4443486369400719,0.4611995890693488,0.4379803916330507,0.0,0.4650612921908691,0.46536061260096134,0.43349442205555655,0.46788569619001125,0.5016006375553176,0.4928472026356555,0.0,0.0,0.4963610742030138,0.5108088524363028,0.4971594036364514,0.5277067776357767,0.0,0.0,0.0,0.41428242561556233,0.5074429237944983,0.0,0.0,0.0,0.49569285659824935,0.0,0.0,0.0,0.0,0.0,0.0,0.0,0.0,0.5066762197977028,0.5094969531545438,0.0,0.0,0.0,0.49821660494710446,0.49945639877141834,0.510925430190979,0.5138473738882113,0.5039040518710739,0.0,0.5271989768003891,0.5161750173307453,0.5197293676856386,0.48148660734973747,0.0,0.4877807953040804
0.4273679566564412,0.4249088344014689,0.0,0.0,0.459065281231245,0.45538044313354964,0.47628923326572364,0.4733143245924988,0.4568687648599692,0.4072143033363771,0.0,0.0,0.49279678997694615,0.0,0.5156136339883427,0.0,0.4050034450498032,0.39275188105372244,0.0,0.4461499424763385,0.451374554226736,0.41221252476300263,0.490675386308573,0.0,0.4170781412337525,0.4396552687473978,0.4640035315607105,0.4700598536488296,0.4615586520810614,0.455822372857976,0.39923760170015166,0.5137647893536318,0.441485464624842,0.43292834749969694,0.5188062236369628,0.4845965747765768,0.0,0.0,0.4777475865653546,0.4475683038740115,0.44126183815244585,0.47784909901923217,0.0,0.0,0.0,0.5063917293590352,0.4684267597385313,0.0,0.0,0.0,0.5672514595461599,0.0,0.0,0.0,0.0,0.0,0.0,0.0,0.0,0.49950341161354367,0.461633079863793,0.0,0.46013123942276424,0.0,0.4964381441883919,0.5022116811668409,0.47347654386160926,0.0,0.0,0.44429709337432566,0.49090998398238167,0.5692633950814022,0.0,0.5029884679109722,0.0,0.43313007669577874
0.39338727682709074,0.4780572723165184,0.0,0.0,0.0,0.0,0.48020689802249944,0.0,0.0,0.3464425780844331,0.0,0.38436937126859866,0.45077895920660777,0.0,0.0,0.4050034450498032,0.0,0.32313984057852324,0.0,0.0,0.0,0.4212990569910675,0.0,0.40667026739024464,0.3758876290661572,0.37656514897773147,0.0,0.4447798697216712,0.0,0.0,0.38771026553115,0.43584843794632505,0.37833112986114675,0.38212542841256664,0.383329853882709,0.0,0.0,0.3443993701620069,0.4079447633240392,0.35696963940417936,0.3837195871353746,0.0,0.0,0.0,0.0,0.0,0.38762269862645654,0.0,0.0,0.0,0.0,0.0,0.0,0.0,0.43449345496923664,0.0,0.442226316846556,0.0,0.0,0.0,0.39058012963077426,0.4565811652968793,0.4334611398640284,0.0,0.0,0.0,0.0,0.0,0.4670176359168365,0.4242410333262429,0.4533321637487449,0.0,0.0,0.0,0.0,0.41993402173766686
0.4127235675644768,0.4364293954450491,0.0,0.0,0.49639992666593175,0.4341160598647431,0.47284137887105365,0.47141021822791845,0.0,0.3695882912264427,0.0,0.37675779791985,0.4687260350873711,0.0,0.48075966447169705,0.39275188105372244,0.32313984057852324,0.0,0.0,0.4580082703011672,0.445424597764178,0.4445853665187292,0.46161577908499346,0.3999984409345952,0.395359216996818,0.41749981526485147,0.4470226582477263,0.4646797038260405,0.4619996920101213,0.49701654058745776,0.39861008714491725,0.4463778284159928,0.4082743163646954,0.4014419515766784,0.41741823957613994,0.3798746363106075,0.0,0.3503106936519473,0.4483244715728385,0.39310435787612696,0.3741502424922279,0.4425297108883909,0.0,0.0,0.0,0.4763765065840436,0.44153507876853837,0.0,0.0,0.0,0.0,0.0,0.0,0.0,0.45139496833000553,0.0,0.46261797089934686,0.0,0.0,0.0,0.43451945833150846,0.4985441077802354,0.4437727093349279,0.0,0.6000809202993247,0.0,0.4509094106213782,0.0,0.4671629867643743,0.427954563982972,0.4583842041185973,0.0,0.0,0.0,0.0,0.41722937597848514
0.0,0.0,0.29263663906911136,0.4143553422650911,0.38656924366859496,0.418644726453522,0.4527830046105,0.4474273895185,0.303398329504121,0.4760614100499337,0.2696326446436124,0.0,0.44305572069843935,0.3949059903604813,0.0,0.0,0.0,0.0,0.0,0.0,0.0,0.0,0.3197024923276904,0.0,0.0,0.0,0.39149561156761636,0.4517200138501106,0.0,0.0,0.43701252936879237,0.40497689724134406,0.4692275965581297,0.43978883097840993,0.43980873521806113,0.38411766577172446,0.4406294721048892,0.0,0.4689839831423269,0.0,0.0,0.0,0.44614763821332826,0.0,0.0,0.0,0.0,0.5354025372767528,0.0,0.5360709312042118,0.5320968198015431,0.5846468710243631,0.516420477684856,0.5505858211270089,0.0,0.46732134887283844,0.0,0.0,0.4626251095163625,0.0,0.0,0.0,0.0,0.5167565134912794,0.0,0.0,0.0,0.5456902898274956,0.0,0.0,0.0,0.5471209864030236,0.0,0.0,0.0,0.0
0.46003615846901796,0.4440040843540096,0.0,0.0,0.440467156205044,0.45854410589140876,0.4654115198340865,0.39790182503882954,0.4481766543725801,0.0,0.0,0.0,0.46109067210249327,0.0,0.3831570847521989,0.4461499424763385,0.0,0.4580082703011672,0.0,0.0,0.4194828076491976,0.4082024316994618,0.3935625075106524,0.0,0.41601144758747144,0.4591881147089287,0.3758471322512538,0.4054967503723551,0.3743099410533592,0.37477753198405683,0.3955254271209327,0.46320950347945455,0.40630283165944553,0.45495781501582133,0.4890737683595848,0.5109307712572617,0.0,0.0,0.48316977552770435,0.4763658031456184,0.4830607952416262,0.4974210407780915,0.0,0.0,0.0,0.0,0.4648717109298014,0.0,0.0,0.0,0.4865009310024262,0.0,0.0,0.0,0.0,0.0,0.0,0.0,0.0,0.480680443780687,0.0,0.0,0.0,0.0,0.476323823215521,0.47586015746407234,0.4824992856276095,0.5020765516402487,0.0,0.0,0.4883469894497649,0.5050081978701254,0.5023635798805689,0.4666661220113292,0.0,0.47933869509082283
0.43769565011571765,0.415234523039509,0.5617410211762008,0.0,0.0,0.435801177423786,0.5220585360310928,0.41732512074158523,0.0,0.46546030052324844,0.0,0.0,0.45689767517816976,0.4383891882862727,0.42767760762258555,0.451374554226736,0.0,0.445424597764178,0.0,0.4194828076491976,0.0,0.4312894273239105,0.42741764877566196,0.504306743187827,0.4223759883946865,0.4338755485144605,0.46546088346123515,0.4634070858871915,0.4169572580828532,0.5028474349596734,0.4313274021932601,0.43785600753468,0.3943280403784138,0.42996025784581643,0.47492586521286667,0.4422386106944816,0.0,0.0,0.4939819949799004,0.4625255825210383,0.4902005846272115,0.5488900111239968,0.0,0.0,0.0,0.47540096221571293,0.49565391459577085,0.0,0.0,0.0,0.4683428427712109,0.0,0.34865891034794205,0.0,0.0,0.0,0.0,0.0,0.0,0.48375154766711714,0.4844591802660413,0.0,0.0,0.0,0.486910471548679,0.42308631855911794,0.49451867480966744,0.4750231094346893,0.33089733867514615,0.5060000413787563,0.5152881730817382,0.49812121812799254,0.48924865859750205,0.47163450019274794,0.5087274310525444,0.0
0.42094755110086907,0.3882789028640184,0.0,0.0,0.45662180121235557,0.4614681909336411,0.4753563460817056,0.4791541248099345,0.45221618998558316,0.45269648578554605,0.0,0.0,0.48055653693639455,0.0,0.41477591986572926,0.41221252476300263,0.4212990569910675,0.4445853665187292,0.0,0.4082024316994618,0.4312894273239105,0.0,0.48401116312389236,0.0,0.4116583832481269,0.41224126186559007,0.46331133298811417,0.4606455253778487,0.44272029815804936,0.4100462284017972,0.4131999985826214,0.47526569642327715,0.4108274726758959,0.4565593765469399,0.5043359937027725,0.5301510807100699,0.0,0.0,0.47140991989944264,0.4797141491528017,0.4730093749200568,0.50906413342212,0.0,0.0,0.0,0.4725963327681023,0.4802540409106948,0.0,0.0,0.0,0.47576945163832046,0.0,0.4626279049141584,0.0,0.0,0.0,0.0,0.0,0.0,0.5015338864131894,0.4646852342969524,0.0,0.0,0.0,0.48544456926547747,0.48637159772311206,0.4853820875340365,0.49496613803584405,0.3504262463454161,0.43632984690189347,0.5132212831637263,0.49270342546323104,0.0,0.46330279443113603,0.0,0.4542244792140218
0.46594618148517625,0.4634323613534625,0.35453712856751685,0.4306998728988471,0.43102717655572365,0.4323263064589007,0.4313084878212412,0.387382778173952,0.4366538056024646,0.46042044739194954,0.34294061191803804,0.0,0.45422569263184387,0.38895322610534205,0.4025465213113939,0.490675386308573,0.0,0.46161577908499346,0.3197024923276904,0.3935625075106524,0.42741764877566196,0.48401116312389236,0.0,0.49844909088912054,0.4580772472536429,0.48163094972636844,0.3722241339372848,0.46345535755089545,0.43287725606926475,0.4543465521527329,0.45800074998081325,0.4463707770409219,0.4157432367729454,0.4707051546268895,0.47637660749474003,0.4273478449615353,0.44060732557683707,0.48217350253004176,0.5074732546812438,0.45791286215205146,0.5326614988227303,0.534357460590385,0.4751964296521055,0.0,0.0,0.48234457068884484,0.5001148328785695,0.561998038912505,0.0,0.5547641406607011,0.5205195234231915,0.5432954467832034,0.49745929494398305,0.5771313310129802,0.0,0.5500045736720766,0.0,0.5242086035219885,0.5053613840570343,0.5089472131364228,0.0,0.0,0.0,0.5405627128874883,0.5149674604194215,0.5059805308323929,0.49886773495905984,0.5196524258424481,0.0,0.0,0.5040898495246218,0.5264564782448973,0.5254053236855324,0.5063676948394015,0.5264224389359418,0.5268645326400415
0.4267489005867268,0.0,0.0,0.2078201028042496,0.0,0.0,0.42675244975391813,0.5228352141258196,0.0,0.33663777419970103,0.0,0.31275348616485216,0.44326812286689987,0.0,0.5245367629347087,0.0,0.40667026739024464,0.3999984409345952,0.0,0.0,0.504306743187827,0.0,0.49844909088912054,0.0,0.38178769444610827,0.365925041744608,0.0,0.42091858767835116,0.0,0.0,0.3875348351990707,0.29617316808438227,0.2007774418886029,0.24234725424999992,0.3298108331885788,0.2940175311488555,0.24341521403863428,0.20105133445471787,0.46276391040110354,0.29252975827388916,0.2960439860128433,0.2913781777994875,0.0,0.0,0.2446038469022399,0.5256529576944421,0.0,0.0,0.0,0.0,0.0,0.0,0.0,0.0,0.403841412422553,0.0,0.3921503638405261,0.0,0.0,0.0,0.0,0.47976433588265815,0.4629360310894796,0.0,0.0,0.0,0.0,0.0,0.4330859815279817,0.4559774879299313,0.47047173935915293,0.0,0.33715300155212263,0.0,0.0,0.43556088397980025
0.40157351628867893,0.3881751127912782,0.0,0.0,0.43266791204342764,0.41868525200805584,0.43749529571892287,0.46347836699339173,0.4519887970818165,0.3745921094510535,0.0,0.36754717259427855,0.4443392791495421,0.0,0.49506417944159314,0.4170781412337525,0.3758876290661572,0.395359216996818,0.0,0.41601144758747144,0.4223759883946865,0.4116583832481269,0.4580772472536429,0.38178769444610827,0.0,0.3867346120026502,0.43865859586246453,0.43502042819280135,0.42809766616903333,0.0,0.38977487294931185,0.42108404255623655,0.35391627575573725,0.3686007598398894,0.39580812928841624,0.0,0.0,0.31956923774797086,0.4366560159355549,0.4003999487913831,0.3876764721084171,0.44110470439769306,0.0,0.0,0.3281499216174734,0.474095785089243,0.4430364439031322,0.0,0.0,0.0,0.6038705922691793,0.0,0.0,0.0,0.4527273233919055,0.0,0.46797049146191017,0.0,0.0,0.0,0.43714926053416286,0.46443452364386373,0.4447651631454986,0.0,0.4523183632664358,0.0,0.4333606630513511,0.0,0.4746109463129941,0.4345464582674313,0.45998500119967384,0.5980839566797463,0.4694367032066392,0.4695570118565426,0.0,0.4123827741411716
0.3990268758568973,0.39626576362838256,0.0,0.0,0.0,0.4538136074617507,0.44482908970763385,0.47995120736936897,0.4729889975262991,0.3740529544162732,0.0,0.32003280520275174,0.42952055456866656,0.5115781503236885,0.4031843300683697,0.4396552687473978,0.37656514897773147,0.41749981526485147,0.0,0.4591881147089287,0.4338755485144605,0.41224126186559007,0.48163094972636844,0.365925041744608,0.3867346120026502,0.0,0.4828387626073454,0.41472858916936073,0.44044379757126245,0.0,0.3961095994190235,0.44723085641114896,0.3825511628052398,0.4041478758435639,0.4546592778694724,0.4459732210608802,0.0,0.31137008254932486,0.46531685282922997,0.4198983634977955,0.43125190953068004,0.4790102006945526,0.0,0.0,0.0,0.4907767243300645,0.5097130105201311,0.0,0.0,0.0,0.5002926202004129,0.0,0.5263603625942465,0.0,0.46642190207578604,0.0,0.473565641425868,0.0,0.0,0.5184727361425899,0.4714976518440128,0.47447938620029345,0.4477451218346088,0.0,0.4907227659307958,0.5251297603845972,0.5062401084445087,0.49593679352778464,0.48472367936479616,0.4427462074890254,0.49346152183834124,0.5102660161447851,0.46452848712065925,0.49294615463577646,0.0,0.4302547726296314
0.4719405635424961,0.4551333787307998,0.335177051044083,0.4335384593994817,0.41701895726360144,0.4129712517762752,0.44912233774638544,0.47794039099562863,0.35230233671892364,0.4782145829093194,0.40335056951878767,0.0,0.4641028762203997,0.4450467210105054,0.4443486369400719,0.4640035315607105,0.0,0.4470226582477263,0.39149561156761636,0.3758471322512538,0.46546088346123515,0.46331133298811417,0.3722241339372848,0.0,0.43865859586246453,0.4828387626073454,0.0,0.46257688439028005,0.4159070716832239,0.4457060879586517,0.4444318081936191,0.4570990840585985,0.4276915521664152,0.4653462406195465,0.4849602180159691,0.473296979087861,0.45560444117851845,0.0,0.505479962506829,0.4882615938225013,0.5181933372133205,0.5245616720352144,0.5177777573511045,0.0,0.0,0.0,0.5459125913140921,0.5853158044045391,0.0,0.5887240621621939,0.5243621912027665,0.5634589781049186,0.5288934460346247,0.5903667430084588,0.0,0.5601247900613415,0.0,0.5270580293126965,0.5436095834454954,0.5091805644256973,0.0,0.0,0.0,0.5776100601312348,0.512528772257051,0.5153746337592776,0.49736290641875636,0.5325178501394772,0.0,0.0,0.522856035610751,0.5295495385889273,0.5166706363478598,0.5065683086971446,0.5305433300113713,0.5256786042439178
0.4768311938110404,0.4643343183226781,0.4691151191621269,0.31025934347667405,0.3980081105260173,0.40884547235730173,0.41379297524141895,0.448618531064819,0.45233198207546743,0.41636994349146567,0.44322827666403347,0.36516194265016866,0.366199258682445,0.2904699920659773,0.4611995890693488,0.4700598536488296,0.4447798697216712,0.4646797038260405,0.4517200138501106,0.4054967503723551,0.4634070858871915,0.4606455253778487,0.46345535755089545,0.42091858767835116,0.43502042819280135,0.41472858916936073,0.46257688439028005,0.0,0.367143925486997,0.34576832678712827,0.4088748008508851,0.4104063496130183,0.3677134280263182,0.39890934170787556,0.3740719227435144,0.3086932910323195,0.30626446150455106,0.35385636600304543,0.49230821373547157,0.35338946340761856,0.5336882943729495,0.0,0.4967696258095684,0.0,0.0,0.0,0.0,0.0,0.0,0.0,0.5104754614537186,0.0,0.5033619619740645,0.0,0.4739420905268821,0.0,0.0,0.0,0.0,0.5285647208745505,0.0,0.4416693762178199,0.0,0.0,0.5043992800138312,0.5194799280507789,0.0,0.517361825186032,0.0,0.0,0.5396186392115354,0.5184200322526272,0.5230726123325748,0.5001670190765619,0.0,0.5392376166583096
0.45893175008290227,0.45218457579195526,0.4670816260511812,0.0,0.438624615009275,0.3636907679443909,0.4545024324097604,0.42239770288864603,0.42423039375034777,0.5042447706885356,0.0,0.0,0.435175803271523,0.0,0.4379803916330507,0.4615586520810614,0.0,0.4619996920101213,0.0,0.3743099410533592,0.4169572580828532,0.44272029815804936,0.43287725606926475,0.0,0.42809766616903333,0.44044379757126245,0.4159070716832239,0.367143925486997,0.0,0.39082600469984563,0.3789491714367466,0.43709594873654734,0.37251922347795224,0.4298823967908481,0.4612409171142793,0.48906356629897146,0.49813017068002907,0.0,0.47666800934606285,0.48731212004676827,0.4974079260848086,0.5174802331661933,0.0,0.0,0.0,0.0,0.48896373661012577,0.0,0.0,0.0,0.48878235501894685,0.0,0.4851128567917503,0.0,0.0,0.0,0.0,0.0,0.0,0.47771791882172326,0.6163885985472372,0.0,0.0,0.0,0.4761856907087725,0.4790004793553773,0.47400444164290517,0.4950470631004321,0.0,0.0,0.48813148949472557,0.4982548523352717,0.49911048112013917,0.4724817534359774,0.5183566714970491,0.49896796362638346
0.0,0.0,0.5072693931364419,0.0,0.42971449046232296,0.445129215008316,0.4375625285552971,0.46094858079003836,0.4794658932041925,0.0,0.0,0.0,0.4219498760492285,0.0,0.0,0.455822372857976,0.0,0.49701654058745776,0.0,0.37477753198405683,0.5028474349596734,0.4100462284017972,0.4543465521527329,0.0,0.0,0.0,0.4457060879586517,0.34576832678712827,0.39082600469984563,0.0,0.3611655871304314,0.42158241533904817,0.0,0.42596222299772835,0.4513862622810353,0.0,0.0,0.0,0.5151720823210897,0.0,0.0,0.0,0.5442593806451098,0.0,0.0,0.0,0.0,0.0,0.0,0.0,0.5859969385648269,0.0,0.5919916165133143,0.0,0.0,0.0,0.0,0.0,0.0,0.0,0.0,0.0,0.0,0.0,0.5148831632738872,0.0,0.0,0.5152363340761593,0.0,0.0,0.0,0.5162611023631759,0.572420365505495,0.5393980856794826,0.0,0.0
0.3850134160033422,0.38067426199731874,0.47228408899804175,0.3216596889598921,0.46230533968097387,0.451973969527332,0.4700874740949009,0.4654079979966138,0.4434684423318293,0.3457330520724324,0.45706448071935785,0.3258720754183439,0.44082398286749885,0.43467703955658826,0.4650612921908691,0.39923760170015166,0.38771026553115,0.39861008714491725,0.43701252936879237,0.3955254271209327,0.4313274021932601,0.4131999985826214,0.45800074998081325,0.3875348351990707,0.38977487294931185,0.3961095994190235,0.4444318081936191,0.4088748008508851,0.3789491714367466,0.3611655871304314,0.0,0.4261285891480924,0.3427578896295543,0.28784651442363524,0.3120883732938279,0.4504439167324585,0.0,0.2717456413376374,0.470381450180268,0.35806788811345225,0.45259860151800013,0.513231709952635,0.50317293047123,0.0,0.3132561236647308,0.4462653956665152,0.44529294816007914,0.0,0.0,0.0,0.5244643977272708,0.0,0.5228875781478554,0.0,0.4427432865808583,0.0,0.433194459275595,0.0,0.0,0.49990997388905367,0.4401569518080169,0.4845969226061797,0.4324986141392691,0.0,0.4731373490116412,0.45408605988256173,0.46433292775714796,0.5278042066202466,0.46408107748278926,0.42314572381155313,0.48050668342689273,0.5245511308716045,0.5452310513184428,0.4966184516626604,0.7106941912854662,0.4318809597065786
0.43795748885283486,0.439117110366743,0.43764047695625946,0.28893131018316603,0.39724230395484195,0.432850683182547,0.41547845356224683,0.3711653533058903,0.42212855358365836,0.3201587738476789,0.2994697898988095,0.27696990068447164,0.42487919226081994,0.19854493397921527,0.46536061260096134,0.5137647893536318,0.43584843794632505,0.4463778284159928,0.40497689724134406,0.46320950347945455,0.43785600753468,0.47526569642327715,0.4463707770409219,0.29617316808438227,0.42108404255623655,0.44723085641114896,0.4570990840585985,0.4104063496130183,0.43709594873654734,0.42158241533904817,0.4261285891480924,0.0,0.35588731452316724,0.3594018053694945,0.39713798387691357,0.2573230273850132,0.305279434357806,0.2740628922796404,0.24796432883202746,0.3344400161830365,0.3717365948756618,0.3277595898662628,0.0,0.0,0.0,0.4792016462914454,0.47196190119442527,0.512536307160532,0.0,0.0,0.4943019238362942,0.5434773033005599,0.48003372187087684,0.5183996448473821,0.48072028249377524,0.4047288766904317,0.26971911441586843,0.5105963375519705,0.0,0.49602869021531054,0.4557071173320352,0.0,0.4402757415383209,0.0,0.48599487998674734,0.515959675757781,0.4781180286480037,0.5095029300344921,0.0,0.4420536451561931,0.49609952822213443,0.5144415486915179,0.49563575451119357,0.49056514370309223,0.513171410950958,0.4725437559980535
0.3733136077230988,0.3666640873907205,0.0,0.23704616965364636,0.4150831734233628,0.4035847377676218,0.4114021910855743,0.4575746870362092,0.4287869654956419,0.33610332087869177,0.45758203203409137,0.22703374886619776,0.4017947057723674,0.0,0.43349442205555655,0.441485464624842,0.37833112986114675,0.4082743163646954,0.4692275965581297,0.40630283165944553,0.3943280403784138,0.4108274726758959,0.4157432367729454,0.2007774418886029,0.35391627575573725,0.3825511628052398,0.4276915521664152,0.3677134280263182,0.37251922347795224,0.0,0.3427578896295543,0.35588731452316724,0.0,0.21809356519789724,0.399483612578589,0.2837851285342576,0.24988829005168864,0.15245874806424906,0.31255273829700186,0.30407698933478994,0.34611373173551807,0.32580367554948225,0.0,0.0,0.23821740750778117,0.4592864082423504,0.44826795124733804,0.0,0.0,0.0,0.45905181918031973,0.0,0.0,0.0,0.389039100170121,0.0,0.40180153141723085,0.0,0.0,0.49444734767708376,0.43683065873467336,0.42499534084547297,0.40617598438374014,0.0,0.4730248032396094,0.47354815278865753,0.4852770800195136,0.4805729792962085,0.42926332719064814,0.40899440708507945,0.4614961230410776,0.46900790822326266,0.4260953918315226,0.4897194371726026,0.0,0.37692332853195143
0.37064956926295767,0.39815523679885684,0.4610846474748388,0.2798345186537358,0.44039102786348244,0.45210375095864264,0.42928386534032614,0.46230661568147335,0.4377377713389164,0.28204709061714434,0.43116887443143015,0.20153724785903568,0.4252880025593403,0.40102424972189005,0.46788569619001125,0.43292834749969694,0.38212542841256664,0.4014419515766784,0.43978883097840993,0.45495781501582133,0.42996025784581643,0.4565593765469399,0.4707051546268895,0.24234725424999992,0.3686007598398894,0.4041478758435639,0.4653462406195465,0.39890934170787556,0.4298823967908481,0.42596222299772835,0.28784651442363524,0.3594018053694945,0.21809356519789724,0.0,0.31145824610959877,0.3951740471764216,0.2909829448091364,0.18616572372865617,0.39344524719848323,0.2778059423511804,0.34569377964841685,0.32165658568071154,0.0,0.0,0.22023391293027555,0.43857502196888315,0.4525742723076657,0.0,0.0,0.0,0.5147179011630653,0.0,0.5118585005075856,0.0,0.38116084742946377,0.0,0.40113107551553595,0.0,0.0,0.500004154689593,0.43570241842991253,0.45477062733995416,0.4115374439771199,0.0,0.5066378505770672,0.49631506035902373,0.483501241126802,0.5298169274312703,0.4123520331612337,0.41562512980596755,0.47203428898547595,0.5321570859565868,0.5310049009602945,0.5016321579656629,0.0,0.44155207929693757
0.42647817669148363,0.447312643735626,0.4716823511579778,0.3294758872325557,0.43584489875597243,0.47792601998172973,0.4842298157771984,0.44201603982412063,0.438526685317039,0.28234519854380496,0.4171835740733757,0.28312302879530826,0.4402267166286362,0.35928200971232077,0.5016006375553176,0.5188062236369628,0.383329853882709,0.41741823957613994,0.43980873521806113,0.4890737683595848,0.47492586521286667,0.5043359937027725,0.47637660749474003,0.3298108331885788,0.39580812928841624,0.4546592778694724,0.4849602180159691,0.3740719227435144,0.4612409171142793,0.4513862622810353,0.3120883732938279,0.39713798387691357,0.399483612578589,0.31145824610959877,0.0,0.44449675573761166,0.313671093902657,0.21709338781872373,0.35072291915507486,0.0,0.23823531323946476,0.3076048248854261,0.0,0.0,0.20227164169718861,0.0,0.49643143899414843,0.0,0.0,0.0,0.5604480484458394,0.0,0.5136589552435536,0.0,0.4215776257959172,0.0,0.41577427313985266,0.0,0.0,0.518358151286779,0.48013727862776284,0.5287984730356093,0.4478910887876034,0.0,0.5078593663514104,0.5214441342871297,0.5087220231722943,0.5188048302784799,0.0,0.43243420072731725,0.5224255665636656,0.5209363187832701,0.3376760468007845,0.5269625762509572,0.0,0.5732456186492307
0.0,0.0,0.40349218085223715,0.2003931389461208,0.21847619014037936,0.4210994358344643,0.33540176305971603,0.23882163411761737,0.4034457248087397,0.2773500432574372,0.2625820679016771,0.27668575979765436,0.3516816949644647,0.19645251977711367,0.4928472026356555,0.4845965747765768,0.0,0.3798746363106075,0.38411766577172446,0.5109307712572617,0.4422386106944816,0.5301510807100699,0.4273478449615353,0.2940175311488555,0.0,0.4459732210608802,0.473296979087861,0.3086932910323195,0.48906356629897146,0.0,0.4504439167324585,0.2573230273850132,0.2837851285342576,0.3951740471764216,0.44449675573761166,0.0,0.20235466502924235,0.2908747374460956,0.30420169524002516,0.0,0.2854477966137423,0.24655394352518775,0.34832161559439295,0.0,0.0,0.0,0.0,0.5050355114325941,0.0,0.47169747347743035,0.42581638831293156,0.4775553162573672,0.0,0.4816298882333968,0.0,0.4121990141095574,0.0,0.48588016823418756,0.32563994953388514,0.0,0.0,0.0,0.0,0.43777127012750894,0.0,0.0,0.0,0.427454826533854,0.0,0.0,0.0,0.443395466265511,0.4849394056865468,0.4541238304368829,0.0,0.0
0.0,0.0,0.0,0.20503087797095818,0.30478134767774395,0.42607658191870545,0.33654415120666464,0.2793638403778081,0.4227544978663465,0.22014934555882165,0.4157234770422918,0.2676680531094149,0.35661659086923697,0.18875581895620072,0.0,0.0,0.0,0.0,0.4406294721048892,0.0,0.0,0.0,0.44060732557683707,0.24341521403863428,0.0,0.0,0.45560444117851845,0.30626446150455106,0.49813017068002907,0.0,0.0,0.305279434357806,0.24988829005168864,0.2909829448091364,0.313671093902657,0.20235466502924235,0.0,0.27244714304495715,0.37080614420158897,0.0,0.0,0.0,0.0,0.0,0.0,0.0,0.0,0.0,0.0,0.0,0.0,0.0,0.0,0.0,0.0,0.0,0.0,0.0,0.0,0.0,0.0,0.0,0.0,0.0,0.0,0.0,0.0,0.0,0.0,0.0,0.0,0.0,0.0,0.0,0.0,0.0
0.0,0.0,0.0,0.2612245457097493,0.41876676840991195,0.4604199126959922,0.3801460548982399,0.0,0.4334953757996372,0.273707928256514,0.43357357647189304,0.1901449368480001,0.3890188451398841,0.0,0.0,0.0,0.3443993701620069,0.3503106936519473,0.0,0.0,0.0,0.0,0.48217350253004176,0.20105133445471787,0.31956923774797086,0.31137008254932486,0.0,0.35385636600304543,0.0,0.0,0.2717456413376374,0.2740628922796404,0.15245874806424906,0.18616572372865617,0.21709338781872373,0.2908747374460956,0.27244714304495715,0.0,0.23829977625746904,0.2146307040799994,0.2125789162368955,0.0,0.0,0.0,0.164908832659804,0.0,0.0,0.0,0.0,0.0,0.0,0.0,0.0,0.0,0.2940175977958071,0.0,0.24844751555356254,0.0,0.0,0.0,0.0,0.279367073458287,0.0,0.0,0.0,0.0,0.0,0.0,0.29364687440717296,0.35716264655100227,0.356332994007045,0.0,0.34127928520114537,0.0,0.0,0.2892307577317117
