0.0,0.3373445461715386,0.5994198328606407,0.0,0.0,0.0,0.0,0.47281866402293254,0.0,0.3301338552142463,0.0,0.3949198154417354,0.454373230401261,0.0,0.34849210473754183,0.35286069214341226,0.3300974806496732,0.33709469484467597,0.0,0.403386984823698,0.3768049716132393,0.35987155636401696,0.43583217273997826,0.3807796504526412,0.3221033270684232,0.3470331584560412,0.42473124452983774,0.4250746562972788,0.42634758366810555,0.0,0.35318723980219796,0.3703916232937953,0.2846376491009425,0.337013579829907,0.3735294706158031,0.0,0.0,0.0,0.38634401854394557,0.3626946793931208,0.37666435534815207,0.4053885828762422,0.0,0.0,0.0,0.3327023525752764,0.40560421231886784,0.0,0.0,0.0,0.43525356023391737,0.0,0.3267888592153826,0.0,0.0,0.0,0.0,0.0,0.0,0.40135240024548124,0.3803619897996883,0.0,0.38986307443807394,0.0,0.33335788542598616,0.3525129391463945,0.3681352297618078,0.40449507386284833,0.33262920294431786,0.3714966481104469,0.39697085169128754,0.3376548570745255,0.0,0.372925604667211,0.0,0.378954078555559
0.3373445461715386,0.0,0.0,0.0,0.0,0.35701173742767167,0.3870312401040929,0.41743771697098464,0.0,0.39563527799904247,0.0,0.0,0.3800914552447221,0.0,0.3811349060097744,0.3682546256598452,0.0,0.3608456384756083,0.0,0.3756206688878769,0.33703124992803596,0.34636954232230344,0.39578520003380413,0.0,0.3359746203098304,0.36264373996993693,0.3729805094484775,0.3803507921842129,0.367691581755414,0.0,0.34218432199839816,0.35409359991385153,0.3005481608534042,0.33446680136430323,0.3796139638275412,0.0,0.0,0.0,0.3966405403320904,0.38096932875209494,0.38028321022022693,0.4074249475946045,0.0,0.0,0.0,0.3841233114841882,0.3979199509463456,0.0,0.0,0.0,0.4103830798399412,0.0,0.0,0.0,0.0,0.0,0.0,0.0,0.0,0.4251238722467668,0.3904236358992678,0.0,0.390551381563585,0.0,0.4031012126110562,0.3967537267686249,0.39891005233996285,0.4404250538666249,0.0,0.38253215322436157,0.42069420998331253,0.42451554252340723,0.0,0.4068413055878436,0.0,0.3790291157359817
0.5994198328606407,0.0,0.0,0.41973423476965466,0.36636512006193206,0.3301712916628742,0.396463666669439,0.41207084401964766,0.27057117067022196,0.42817509540355464,0.27432884427933873,0.0,0.40954539994514333,0.40139970566130473,0.0,0.5442790860988204,0.0,0.0,0.22623342623217155,0.0,0.4986330182938006,0.45572305493432913,0.28432068397460186,0.0,0.0,0.6271291239675468,0.30299402416108745,0.41938161624159,0.420868436052672,0.4795040284216622,0.42944368385994314,0.4034081362833056,0.0,0.4237049967486183,0.43377636738708336,0.3712641318015039,0.4118522190789537,0.0,0.47207990976906616,0.0,0.591164813168768,0.0,0.41413845293311463,0.0,0.0,0.0,0.0,0.4563701034820352,0.0,0.48896585670122544,0.4581417503719756,0.5080124283155456,0.4663111485739576,0.4791504017475335,0.0,0.43023983862214593,0.0,0.5105606783047187,0.4341777582296916,0.0,0.0,0.0,0.0,0.4213243839071454,0.0,0.0,0.0,0.47227602626777604,0.0,0.0,0.0,0.477535027031542,0.5307645635207006,0.0,0.0,0.5624645666446767
0.0,0.0,0.41973423476965466,0.0,0.22931741065226308,0.3928556321712593,0.26953558016219953,0.31383040918925825,0.3788835714840237,0.0,0.34401955358812475,0.0,0.30245877381662967,0.25358553093650804,0.0,0.0,0.0,0.0,0.39391908766968853,0.0,0.0,0.0,0.37327913459864104,0.0,0.0,0.0,0.3908440947193848,0.23674850469553926,0.0,0.0,0.2920762648837645,0.2838413614573363,0.0,0.23063288024492137,0.2529175243604901,0.17758784265598163,0.16081341853498599,0.0,0.0,0.0,0.0,0.0,0.0,0.0,0.0,0.0,0.0,0.0,0.0,0.0,0.0,0.0,0.0,0.0,0.0,0.0,0.0,0.0,0.0,0.0,0.0,0.0,0.0,0.0,0.0,0.0,0.0,0.0,0.0,0.0,0.0,0.0,0.0,0.0,0.0,0.0
0.0,0.0,0.36636512006193206,0.22931741065226308,0.0,0.3727620509299364,0.32684244616472113,0.3502793733949755,0.3406987438103458,0.40178497369383254,0.3095999087073141,0.392796339288116,0.37092277621091424,0.27388775922736763,0.0,0.0,0.48721695053225994,0.4935894303675002,0.3495203808314048,0.0,0.5301153091132523,0.4145848279850778,0.3705760206903269,0.0,0.43021665147015714,0.44744670240645623,0.38327063734913014,0.3501334923501285,0.39844532733849153,0.369491289173802,0.42038001494176613,0.33931672596928597,0.0,0.41394601407071174,0.37365912974273596,0.2092437325959011,0.2025166045927567,0.0,0.0,0.0,0.0,0.0,0.35914218495690675,0.0,0.0,0.0,0.0,0.47833990733295784,0.0,0.5050945921106658,0.4759442332222201,0.0,0.44895889236298236,0.5132901549207357,0.0,0.43747106169863414,0.0,0.0,0.43170018578229724,0.0,0.0,0.0,0.0,0.4771954921025302,0.0,0.0,0.0,0.4530876995026776,0.0,0.0,0.0,0.4777061847880753,0.0,0.0,0.0,0.0
0.0,0.35701173742767167,0.3301712916628742,0.3928556321712593,0.3727620509299364,0.0,0.38516610801763645,0.3834686486166993,0.3113253752845151,0.4068761451340435,0.3624900929460006,0.0,0.3615030343250809,0.40459824181658577,0.38758845427337046,0.3976449108135575,0.0,0.38410666161327434,0.36166531990872247,0.38143353138761465,0.38003970653470837,0.3996313816122967,0.38089299963872697,0.0,0.34767546890220896,0.3661967919400295,0.3499052068131839,0.35498716256826585,0.32178181576090864,0.3881238540417048,0.3886095581548402,0.394210355901351,0.36139012943458104,0.40082355082210536,0.41693319604779544,0.402070609394272,0.39267926493414745,0.0,0.41349450173984126,0.0,0.44314876205789944,0.0,0.4122214412915389,0.0,0.0,0.0,0.4779998589346279,0.4614810965868784,0.0,0.4977643525567523,0.4378292771165856,0.46553660755825754,0.4189300822010511,0.46439564380088455,0.0,0.4594247410439007,0.0,0.4484449274968637,0.4262446528723597,0.0,0.0,0.0,0.0,0.4609638180230863,0.0,0.45859011392205173,0.4502942810001434,0.4562438202231179,0.0,0.0,0.0,0.44951483743439646,0.44699905790695915,0.4314802342674728,0.0,0.44895333018345807
0.0,0.3870312401040929,0.396463666669439,0.26953558016219953,0.32684244616472113,0.38516610801763645,0.0,0.38538196958648663,0.37707432271233726,0.37149928504838947,0.38877182425544954,0.3419813563141906,0.3364954296548922,0.3126095662783067,0.0,0.4205613262340367,0.42223929276781713,0.4055731821753071,0.40429807664177325,0.41399481259626064,0.43174316110814254,0.43468099635595386,0.39695774749151325,0.3586002625121683,0.38329577519587266,0.39578928288977994,0.39775136749550544,0.3512164373037572,0.40413786369447086,0.40029333233879555,0.3947555631162169,0.35604063493756777,0.0,0.3688385048915866,0.29414070872185927,0.28792602669964884,0.2714226554245179,0.30747150175772336,0.0,0.0,0.0,0.0,0.44054593822496246,0.0,0.0,0.0,0.0,0.5214909694661648,0.0,0.0,0.47451093108727077,0.0,0.4770879427734716,0.5646952165620345,0.0,0.5661812118764347,0.0,0.0,0.0,0.0,0.0,0.0,0.0,0.6393721708393597,0.0,0.0,0.0,0.45226639451336603,0.0,0.0,0.0,0.46689959136105375,0.0,0.5340913725411968,0.0,0.0
0.47281866402293254,0.41743771697098464,0.41207084401964766,0.31383040918925825,0.3502793733949755,0.3834686486166993,0.38538196958648663,0.0,0.4245087949453764,0.0,0.3065896729746473,0.0,0.3998807273636852,0.3560416741562755,0.34316067312068776,0.4269373133605106,0.0,0.43022829897236,0.38397368145186794,0.4163715177327217,0.39538214991736104,0.4252038585796111,0.353046066442438,0.48915092157832984,0.4096874457652519,0.43529610039590066,0.41068078423101917,0.41738360208476144,0.37612218985350265,0.4315601512774028,0.4212548665003663,0.3957395652160865,0.4104007189260223,0.433602310675784,0.4256771879546529,0.20235414348331485,0.3293749315085558,0.0,0.395731059684389,0.0,0.4492111809787335,0.41026741865554095,0.3950661579447971,0.0,0.0,0.0,0.4586892735777295,0.43777185189151796,0.0,0.45498185707275834,0.42568039422641546,0.45923046273370133,0.3106638928539451,0.4638807397047321,0.0,0.4119658949851356,0.0,0.42394089817243386,0.3790220258766421,0.0,0.0,0.0,0.0,0.4170712109029025,0.4652719158517686,0.38541363738154727,0.0,0.43652952576246257,0.0,0.0,0.537221957410044,0.4515235464933451,0.4401334239819374,0.4339370547653939,0.0,0.4526501902544287
0.0,0.0,0.27057117067022196,0.3788835714840237,0.3406987438103458,0.3113253752845151,0.37707432271233726,0.4245087949453764,0.0,0.40953454796996075,0.28345529689622156,0.4098461063590868,0.3797452524676368,0.3831474327175525,0.0,0.43011995903147454,0.7291583076864645,0.0,0.23646635558949608,0.3744383751556856,0.0,0.4083330555569771,0.3735562530218094,0.46007292478670464,0.43086392446479177,0.0,0.3397724642154827,0.41194589399524945,0.37519702402271043,0.0,0.4239359295716184,0.4007068504155332,0.0,0.41958961791723454,0.4117635438171585,0.3739851740788205,0.39777771448673144,0.0,0.44777293870652046,0.0,0.0,0.0,0.4084033353747653,0.0,0.0,0.0,0.0,0.4787778251937228,0.0,0.5160645199676521,0.44944356731587104,0.5230617067048409,0.4466061722406456,0.5048101850039842,0.0,0.45106890051617576,0.0,0.0,0.43653729923289286,0.0,0.0,0.0,0.0,0.47093033789407357,0.0,0.0,0.0,0.4752747189844152,0.0,0.0,0.0,0.47087709565897173,0.0,0.0,0.0,0.0
0.3301338552142463,0.39563527799904247,0.42817509540355464,0.0,0.40178497369383254,0.4068761451340435,0.37149928504838947,0.0,0.40953454796996075,0.0,0.4034496595814732,0.25415797511295224,0.376208714810895,0.393136526052944,0.0,0.0,0.30371013610317277,0.32625317236827495,0.41872659403430973,0.0,0.0,0.0,0.41377679645118703,0.27634578107571156,0.3131279316371962,0.3205587818043071,0.41122347523936903,0.3415850715789047,0.0,0.0,0.3124942166900322,0.28351898480486865,0.2743400034669903,0.26656758467095526,0.26861254287315733,0.3329487181831098,0.29112780087005025,0.23188815270714486,0.2927555753892123,0.34133083444408124,0.3044671244029907,0.3598555294628205,0.0,0.0,0.29057631399589084,0.39001416729056565,0.40851635265531266,0.0,0.0,0.0,0.0,0.39708354489218006,0.0,0.0,0.4159906966169392,0.0,0.4117437698895672,0.4083227070961307,0.0,0.0,0.4190470963944019,0.4131677892541962,0.3977333525922979,0.0,0.0,0.0,0.34199012138082263,0.0,0.39490293292344675,0.40750083592936487,0.4224359022884931,0.0,0.3585478232040664,0.0,0.0,0.34920210235888255
0.0,0.0,0.27432884427933873,0.34401955358812475,0.3095999087073141,0.3624900929460006,0.38877182425544954,0.3065896729746473,0.28345529689622156,0.4034496595814732,0.0,0.0,0.3960974872102892,0.3038502438922272,0.0,0.0,0.5224090008206422,0.6376821128122943,0.24983117999223128,0.0,0.0,0.0,0.2422868345699603,0.0,0.5326490503171274,0.0,0.3432424511135882,0.39206211138319663,0.0,0.0,0.39760113817994436,0.3622100781707372,0.0,0.4043836596004037,0.3663916692733886,0.2765222588863632,0.36614288726225747,0.0,0.3908583273427776,0.0,0.0,0.0,0.35937038635208657,0.0,0.0,0.0,0.0,0.36112957064619994,0.0,0.38654730502061324,0.4444741782191202,0.4440793618823998,0.39384078348460616,0.43342820547087985,0.0,0.2388186721956408,0.0,0.4578896862120336,0.36149487889108994,0.0,0.0,0.0,0.0,0.2739035344160375,0.0,0.0,0.0,0.4411610753671329,0.0,0.0,0.0,0.4500177697215281,0.46405704901853984,0.0,0.0,0.0
0.3949198154417354,0.0,0.0,0.0,0.392796339288116,0.0,0.3419813563141906,0.0,0.4098461063590868,0.25415797511295224,0.0,0.0,0.34854812828624276,0.0,0.0,0.0,0.3109547435909098,0.3497253388091517,0.0,0.0,0.0,0.0,0.0,0.2592989389466633,0.3275607907763464,0.31096385302286095,0.0,0.2852469544146393,0.0,0.0,0.303155626812645,0.22742029191778332,0.23472389733504287,0.1947197846633671,0.2195838302134408,0.23596288536095622,0.25645940654307825,0.17959522457733354,0.2875235411235067,0.36181158609790043,0.35042079847429386,0.27759462022554066,0.0,0.0,0.4186010933977431,0.0,0.49294077093207767,0.0,0.0,0.0,0.0,0.0,0.0,0.0,0.4345962825811572,0.0,0.42391456310145503,0.4245073272610298,0.0,0.0,0.4964034341124956,0.4244009594739086,0.4087883711361437,0.0,0.0,0.0,0.0,0.0,0.4172966418657074,0.42092031612973874,0.4309204489787179,0.0,0.4024147749858186,0.0,0.0,0.3880243557647175
0.454373230401261,0.3800914552447221,0.40954539994514333,0.30245877381662967,0.37092277621091424,0.3615030343250809,0.3364954296548922,0.3998807273636852,0.3797452524676368,0.376208714810895,0.3960974872102892,0.34854812828624276,0.0,0.3578734073142624,0.3849221914405676,0.4174760882428406,0.40218743954165076,0.40419773537153075,0.4107416290325629,0.4019896869011127,0.4000568752803543,0.4249901395307125,0.4089417425974516,0.3734569385090944,0.38656683874199854,0.3997791606579345,0.4013234560371434,0.3331733055189946,0.3689930896742659,0.39090973490514097,0.3677317974916645,0.36831814727027334,0.4015720861816628,0.3767910794963792,0.3401610180594752,0.3283750359360325,0.3146513983170402,0.32506110391244675,0.39899571968127256,0.0,0.0,0.0,0.0,0.0,0.0,0.0,0.0,0.5210098729534788,0.0,0.0,0.462038343563059,0.0,0.43563214706136794,0.5529958734143383,0.374655407008918,0.0,0.0,0.0,0.0,0.0,0.0,0.0,1.0,0.0,0.5006822623102575,0.0,0.0,0.4569208012138452,0.0,0.6130597603996151,0.5259607237171325,0.45333876311093935,0.0,0.0,0.0,0.0
0.0,0.0,0.40139970566130473,0.25358553093650804,0.27388775922736763,0.40459824181658577,0.3126095662783067,0.3560416741562755,0.3831474327175525,0.393136526052944,0.3038502438922272,0.0,0.3578734073142624,0.0,0.0,0.0,0.0,0.0,0.35644051403764626,0.0,0.4369183523661399,0.0,0.39231659822149223,0.0,0.5491810791858955,0.503052648145286,0.40674970228189494,0.2664605024624017,0.0,0.0,0.3567131996408999,0.20244920727569918,0.142817535773739,0.3722607810069427,0.0,0.19955297375183245,0.1712192156463182,0.0,0.0,0.0,0.0,0.0,0.337532080066029,0.0,0.0,0.0,0.0,0.46811942061725165,0.0,0.4129416785196934,0.0,0.0,0.0,0.0,0.0,0.39644588188590996,0.0,0.0,0.34837502538425774,0.0,0.0,0.0,0.0,0.422699974007833,0.0,0.0,0.0,0.41760804008046837,0.0,0.0,0.0,0.0,0.0,0.0,0.0,0.0
0.34849210473754183,0.3811349060097744,0.0,0.0,0.0,0.38758845427337046,0.0,0.34316067312068776,0.0,0.0,0.0,0.0,0.3849221914405676,0.0,0.0,0.3888296138174567,0.0,0.35344971542468817,0.0,0.33791706458238974,0.3579607374442902,0.3714261568289129,0.3625023461386781,0.4701914035798823,0.3468814450553914,0.34169043642998276,0.3927364810819657,0.3800658284939775,0.36498326597403247,0.0,0.3804804359329859,0.3991933746979989,0.3611533677917614,0.3950695584486014,0.4362504486377706,0.4358591605426514,0.4427049870097193,0.0,0.42592978298410705,0.4099401219867098,0.4346993921329242,0.4705481670626509,0.0,0.0,0.0,0.30602474948044733,0.4481778356880032,0.5847075285481996,0.0,0.0,0.42766185617100017,0.0,0.39448770060942195,0.0,0.0,0.0,0.0,0.0,0.0,0.4410657284513751,0.0,0.0,0.0,0.0,0.42658086506148835,0.40588790748288867,0.45389293836546735,0.4304457921916001,0.0,0.48501241655839555,0.46006673017733507,0.4408819768935205,0.46738893508170426,0.41545719183831137,0.0,0.4429717652565964
0.35286069214341226,0.3682546256598452,0.5442790860988204,0.0,0.0,0.3976449108135575,0.4205613262340367,0.4269373133605106,0.43011995903147454,0.0,0.0,0.0,0.4174760882428406,0.0,0.3888296138174567,0.0,0.34530392010984734,0.2975633942553163,0.0,0.38763021805741377,0.3644395084573303,0.3764422107253584,0.4066351394392197,0.3566811506725397,0.3454750113795723,0.37881073686980565,0.40078640345216926,0.40125170348906725,0.40236386048688333,0.40415136450804373,0.3599855890380002,0.39964191782168873,0.3597645790322007,0.37953182255294166,0.4356332592109471,0.0,0.0,0.0,0.39476931596977133,0.3762114368406983,0.39905638502150254,0.0,0.0,0.0,0.0,0.3853893299569589,0.4175682668712402,0.0,0.0,0.0,0.6993870828564083,0.0,0.0,0.0,0.0,0.0,0.0,0.0,0.0,0.4376247794476076,0.3924028109237973,0.0,0.36856970939317124,0.0,0.44567649327424097,0.42594744500885034,0.41953286394901734,0.5518113485672772,0.0,0.36874095701998616,0.4214968524431245,0.4980174584076022,0.0,0.46861909148118674,0.0,0.37949830639651255
0.3300974806496732,0.0,0.0,0.0,0.48721695053225994,0.0,0.42223929276781713,0.0,0.7291583076864645,0.30371013610317277,0.5224090008206422,0.3109547435909098,0.40218743954165076,0.0,0.0,0.34530392010984734,0.0,0.3180156964088252,0.0,0.0,0.0,0.0,0.0,0.3293171169016932,0.31680681276765954,0.3413684623385528,0.0,0.38724002728848855,0.0,0.0,0.3485718080325184,0.3816318411653483,0.3169929126972047,0.3312082098938328,0.3463636523957427,0.3786586396729447,0.0,0.2929569541936497,0.3463025292606968,0.3531957465757702,0.3760299696984961,0.0,0.0,0.0,0.0,0.0,0.35741075471573414,0.0,0.0,0.0,0.0,0.0,0.0,0.0,0.4295786652830506,0.0,0.41057817861087664,0.0,0.0,0.0,0.4292149274765244,0.4132678482127976,0.3891395760375076,0.0,0.0,0.0,0.0,0.0,0.430569823760358,0.40434235413135206,0.41606099744618985,0.0,0.0,0.0,0.0,0.38606861371084533
0.33709469484467597,0.3608456384756083,0.0,0.0,0.4935894303675002,0.38410666161327434,0.4055731821753071,0.43022829897236,0.0,0.32625317236827495,0.6376821128122943,0.3497253388091517,0.40419773537153075,0.0,0.35344971542468817,0.2975633942553163,0.3180156964088252,0.0,0.0,0.37178239010316816,0.34830581455724285,0.38580062840715,0.3937993031785973,0.33532148418347585,0.3205830432113069,0.34941510248625485,0.38442647570366517,0.39614761507981705,0.38767529983691984,0.0,0.35137804023809116,0.38369808435183844,0.33222366180731444,0.3568092543667546,0.3703388524276335,0.37559896502852824,0.0,0.0,0.3689342491827429,0.3470332067365655,0.36951100060304404,0.39835067479151726,0.0,0.0,0.0,0.3638318723939263,0.3903275850816194,0.0,0.0,0.0,0.0,0.0,0.0,0.0,0.4182874375483316,0.0,0.40054217937254416,0.0,0.0,0.5034441669427141,0.36026559669015223,0.4106930737160169,0.38486311717902266,0.0,0.0,0.36345238023860316,0.3877815152811934,0.0,0.4131154586834874,0.37337989526087156,0.3933633425569033,0.0,0.0,0.0,0.0,0.3703560016938058
0.0,0.0,0.22623342623217155,0.39391908766968853,0.3495203808314048,0.36166531990872247,0.40429807664177325,0.38397368145186794,0.23646635558949608,0.41872659403430973,0.24983117999223128,0.0,0.4107416290325629,0.35644051403764626,0.0,0.0,0.0,0.0,0.0,0.0,0.0,0.0,0.21599578095837835,0.0,0.0,0.0,0.3536034728935335,0.4110056398629181,0.0,0.0,0.41667638640841237,0.3865166443373183,0.0,0.4142893160934298,0.3952043288206584,0.3342467896674628,0.39651558115818386,0.0,0.48082573499219144,0.0,0.0,0.0,0.38799967363628646,0.0,0.0,0.0,0.0,0.44226489055017826,0.0,0.4899429648040507,0.4569443610358275,0.5384392018217922,0.45313359577127604,0.47158407442894823,0.0,0.38503253881693456,0.0,0.0,0.4172076633421974,0.0,0.0,0.0,0.0,0.42702706315929845,0.0,0.0,0.0,0.4885766848348467,0.0,0.0,0.0,0.4801372511246767,0.0,0.0,0.0,0.0
0.403386984823698,0.3756206688878769,0.0,0.0,0.0,0.38143353138761465,0.41399481259626064,0.4163715177327217,0.3744383751556856,0.0,0.0,0.0,0.4019896869011127,0.0,0.33791706458238974,0.38763021805741377,0.0,0.37178239010316816,0.0,0.0,0.37036841575198587,0.3496075698123148,0.3230995824574178,0.0,0.36193917993343894,0.3908273749863465,0.33421436875439564,0.3606529636464451,0.3298050502295299,0.25880011759825833,0.3625957491503614,0.39804089678930715,0.3641020876454264,0.38528383627395246,0.4243432507600524,0.0,0.4434510774389211,0.0,0.42283667652946927,0.0,0.4491864817022904,0.0,0.0,0.0,0.0,0.0,0.4164462554678995,0.0,0.0,0.0,0.4403518187847536,0.0,0.45431407009581715,0.0,0.0,0.0,0.0,0.0,0.0,0.4256075530137051,0.0,0.0,0.0,0.0,0.42671014105339794,0.40134889047207056,0.43653318227170246,0.43787962298142996,0.0,0.0,0.43448006663221106,0.4394163129100372,0.4612430425469247,0.42126638758141716,0.0,0.4666757819435776
0.3768049716132393,0.33703124992803596,0.4986330182938006,0.0,0.5301153091132523,0.38003970653470837,0.43174316110814254,0.39538214991736104,0.0,0.0,0.0,0.0,0.4000568752803543,0.4369183523661399,0.3579607374442902,0.3644395084573303,0.0,0.34830581455724285,0.0,0.37036841575198587,0.0,0.37327620115540605,0.38561946131612496,0.4658081768470359,0.3440290420710706,0.34985413220893,0.39461528725787637,0.40234510266241,0.3509674847072681,0.42280418607461245,0.3468609266302017,0.37088901861033907,0.3024791428456754,0.35825522126099996,0.42087754062443467,0.4042524423061417,0.0,0.0,0.4274091396852778,0.39579077461271367,0.4448758699235565,0.0,0.0,0.0,0.0,0.26688705712058786,0.42004707346139664,0.44962934020854634,0.0,0.0,0.4280738723061534,0.0,0.4117979164755847,0.0,0.0,0.0,0.0,0.5193666782696784,0.0,0.4218223867783503,0.4105889083890745,0.0,0.0,0.0,0.4257899303519776,0.3403970530107176,0.43079713519321455,0.4422763318925625,0.0,0.4057557753156606,0.4394634548320678,0.45423201320362966,0.4617543780538948,0.44059547069365457,0.0,0.4740642547362508
0.35987155636401696,0.34636954232230344,0.45572305493432913,0.0,0.4145848279850778,0.3996313816122967,0.43468099635595386,0.4252038585796111,0.4083330555569771,0.0,0.0,0.0,0.4249901395307125,0.0,0.3714261568289129,0.3764422107253584,0.0,0.38580062840715,0.0,0.3496075698123148,0.37327620115540605,0.0,0.41098880002536525,0.0,0.3596773966231152,0.3620441392223775,0.39716830053719676,0.3919378284672999,0.3797556557376064,0.3770141082156948,0.36383978041894516,0.3949519274923005,0.36589203536682774,0.383847652574472,0.4263043789100346,0.45947249541222135,0.44063075973760896,0.0,0.4236184107902368,0.41559540022484065,0.4217299091769814,0.4247430732460063,0.0,0.0,0.0,0.4055183550189784,0.42796019222500303,0.0,0.0,0.0,0.4299546783416947,0.0,0.4006612932385487,0.0,0.0,0.0,0.0,0.0,0.0,0.4476782872702048,0.40343880279955835,0.0,0.0,0.0,0.4313145661603249,0.42138031266456144,0.44290210161659943,0.43090818277653636,0.0,0.4022384218511422,0.44969237956557995,0.43998263831954826,0.0,0.41768128474393534,0.0,0.410056686427821
0.43583217273997826,0.39578520003380413,0.28432068397460186,0.37327913459864104,0.3705760206903269,0.38089299963872697,0.39695774749151325,0.353046066442438,0.3735562530218094,0.41377679645118703,0.2422868345699603,0.0,0.4089417425974516,0.39231659822149223,0.3625023461386781,0.4066351394392197,0.0,0.3937993031785973,0.21599578095837835,0.3230995824574178,0.38561946131612496,0.41098880002536525,0.0,0.4687019385992176,0.3798669808955284,0.40428160449253653,0.3464353363434959,0.4188360533256495,0.38906593907312653,0.42293965219874957,0.4184714573158797,0.40950255420865317,0.36886711655012233,0.4282105600391139,0.43963317710719024,0.3901731938144565,0.4026353152886094,0.0,0.4491916277543493,0.43522743449554957,0.4709530900290873,0.4626706106518447,0.42487135739683723,0.5266904573828508,0.0,0.0,0.4518872540914181,0.4567402361220516,0.0,0.47056281128401306,0.4589168294485325,0.4618545890181335,0.43957560825718855,0.47049830379317786,0.8500829142727281,0.43621872915979004,0.0,0.4474906860254691,0.4233730446328548,0.440409975827905,0.0,0.0,0.0,0.4478840410448689,0.45212677930513445,0.4443766500073011,0.4461099817624967,0.4738008274719466,0.0,0.0,0.4463337907352866,0.4741708368885345,0.45620621392900507,0.4556356678877742,0.47921112749208544,0.4564621656951403
0.3807796504526412,0.0,0.0,0.0,0.0,0.0,0.3586002625121683,0.48915092157832984,0.46007292478670464,0.27634578107571156,0.0,0.2592989389466633,0.3734569385090944,0.0,0.4701914035798823,0.3566811506725397,0.3293171169016932,0.33532148418347585,0.0,0.0,0.4658081768470359,0.0,0.4687019385992176,0.0,0.33177158197773804,0.322478312777515,0.0,0.3055787134893023,0.0,0.0,0.29981423370045557,0.2603910302766287,0.22302002536130697,0.20136421023821177,0.18605794123421543,0.280550148478735,0.23788110714718996,0.1973356455912287,0.24045559665180447,0.2114968870168421,0.1732605313828478,0.0,0.0,0.0,0.19807095574354275,0.3718558687729698,0.3757306027110699,0.0,0.0,0.0,0.0,0.0,0.0,0.0,0.34491799032941095,0.0,0.3453134251547533,0.31204320108585043,0.0,0.0,0.4054407714187445,0.3704850075874096,0.3912435436631166,0.0,0.0,0.0,0.49708470131458254,0.2962178419915914,0.3613328404736593,0.4034870996918759,0.41882986868415256,0.2840352841421851,0.23429336396174763,0.0,0.0,0.2910814646903065
0.3221033270684232,0.3359746203098304,0.0,0.0,0.43021665147015714,0.34767546890220896,0.38329577519587266,0.4096874457652519,0.43086392446479177,0.3131279316371962,0.5326490503171274,0.3275607907763464,0.38656683874199854,0.5491810791858955,0.3468814450553914,0.3454750113795723,0.31680681276765954,0.3205830432113069,0.0,0.36193917993343894,0.3440290420710706,0.3596773966231152,0.3798669808955284,0.33177158197773804,0.0,0.32609509418961785,0.36024752039665187,0.3832215048787361,0.3678765443201398,0.0,0.3438277563336228,0.3595803050105778,0.28677615054210903,0.32648566901846127,0.3453713052071248,0.3880346127331031,0.0,0.28120762635617425,0.36565150417054726,0.35926160344399616,0.3651120518693276,0.3966108225318163,0.0,0.0,0.0,0.36529916852787175,0.3638456795648175,0.0,0.0,0.0,0.0,0.0,0.6174491184202636,0.0,0.4299680381592534,0.0,0.4155626750749874,0.0,0.0,0.4020967130927007,0.3640704080030884,0.4127124049669882,0.39237556930601236,0.0,0.3880503103944088,0.4212046053160012,0.3782521956564709,0.0,0.41294607203655603,0.379836721678836,0.3959169585330775,0.0,0.46275390044248443,0.4172361390694907,0.0,0.36951392704783537
0.3470331584560412,0.36264373996993693,0.6271291239675468,0.0,0.44744670240645623,0.3661967919400295,0.39578928288977994,0.43529610039590066,0.0,0.3205587818043071,0.0,0.31096385302286095,0.3997791606579345,0.503052648145286,0.34169043642998276,0.37881073686980565,0.3413684623385528,0.34941510248625485,0.0,0.3908273749863465,0.34985413220893,0.3620441392223775,0.40428160449253653,0.322478312777515,0.32609509418961785,0.0,0.40016369869692436,0.3921796022814807,0.37113680386685466,0.0,0.3614526232920288,0.38073812929707945,0.324027942656977,0.3550786126227533,0.3953347538241625,0.38112491021676675,0.0,0.2853980448500676,0.40227898543751933,0.388624409361246,0.40237630922793666,0.4214820024197595,0.0,0.0,0.3112918941834232,0.3938716533234541,0.4180436679388175,0.0,0.0,0.0,0.42788535058037064,0.0,0.46346090291941444,0.0,0.4379941874210307,0.0,0.42818690193883446,0.5256476246987781,0.0,0.4558742010207108,0.3987203890729646,0.4229926453040084,0.41093060860943936,0.0,0.42087790243975826,0.4226419276069455,0.43183433319536996,0.44280606632772385,0.42213259810903936,0.404111396068599,0.42087865188108337,0.43329559056558725,0.4685881439761819,0.4189176286986723,0.0,0.38975071603649575
0.42473124452983774,0.3729805094484775,0.30299402416108745,0.3908440947193848,0.38327063734913014,0.3499052068131839,0.39775136749550544,0.41068078423101917,0.3397724642154827,0.41122347523936903,0.3432424511135882,0.0,0.4013234560371434,0.40674970228189494,0.3927364810819657,0.40078640345216926,0.0,0.38442647570366517,0.3536034728935335,0.33421436875439564,0.39461528725787637,0.39716830053719676,0.3464353363434959,0.0,0.36024752039665187,0.40016369869692436,0.0,0.4083428380239438,0.35139272316386,0.40510198704674283,0.39667472859095654,0.40915122047598995,0.37676381641666906,0.4126133676945972,0.43412858176301283,0.4171453781471974,0.4116205214481512,0.0,0.44193067911191364,0.0,0.4627412900312923,0.0,0.40256083600027,0.0,0.0,0.0,0.0,0.46947952383916225,0.0,0.5013829291716292,0.45034550400682855,0.472174690000683,0.44587489712701495,0.4765733744936739,0.0,0.45539019621657206,0.0,0.4650174170105246,0.45071709240272834,0.4359553841746361,0.0,0.0,0.0,0.4728254498006072,0.44495082878148057,0.4501149984348712,0.4412227422305571,0.469154375435947,0.0,0.0,0.4484597222160312,0.4646406039166159,0.4521351474171661,0.45027890539652615,0.0,0.4496084617990107
0.4250746562972788,0.3803507921842129,0.41938161624159,0.23674850469553926,0.3501334923501285,0.35498716256826585,0.3512164373037572,0.41738360208476144,0.41194589399524945,0.3415850715789047,0.39206211138319663,0.2852469544146393,0.3331733055189946,0.2664605024624017,0.3800658284939775,0.40125170348906725,0.38724002728848855,0.39614761507981705,0.4110056398629181,0.3606529636464451,0.40234510266241,0.3919378284672999,0.4188360533256495,0.3055787134893023,0.3832215048787361,0.3921796022814807,0.4083428380239438,0.0,0.30753773358599,0.31089047812590687,0.35623936675175427,0.351991313648954,0.36438263690379075,0.3168201971124616,0.2948721064010763,0.24106600136674838,0.2533729243403794,0.24655403316606747,0.44580659558725516,0.0,0.4708519864024574,0.36342840726530773,0.46964326307332666,0.0,0.0,0.0,0.0,0.5586821905276571,0.0,0.0,0.4528079100201178,0.0,0.4438058443537722,0.6018312164168336,0.0,0.0,0.0,0.0,0.0,0.4712711320036469,0.0,0.0,0.0,0.0,0.4488447429882888,0.4665895421610016,0.5046384764836567,0.46702811603799527,0.0,0.519709063064314,0.46473206964991176,0.46535888321591173,0.47035403973718654,0.45115360068298893,0.0,0.0
0.42634758366810555,0.367691581755414,0.420868436052672,0.0,0.39844532733849153,0.32178181576090864,0.40413786369447086,0.37612218985350265,0.37519702402271043,0.0,0.0,0.0,0.3689930896742659,0.0,0.36498326597403247,0.40236386048688333,0.0,0.38767529983691984,0.0,0.3298050502295299,0.3509674847072681,0.3797556557376064,0.38906593907312653,0.0,0.3678765443201398,0.37113680386685466,0.35139272316386,0.30753773358599,0.0,0.34818516144805733,0.35321883417428607,0.3928706183219538,0.29605149898664684,0.3845078463227871,0.4173862673249442,0.4411855877496242,0.0,0.0,0.4297147120819626,0.0,0.4518195861744206,0.0,0.0,0.0,0.0,0.0,0.44177904732695816,0.5506944703283212,0.0,0.0,0.4334212877957881,0.0,0.435776252702666,0.0,0.0,0.0,0.0,0.0,0.0,0.4116423034424664,0.0,0.0,0.0,0.0,0.4190744554628611,0.4040755992309817,0.422610448335415,0.4425106714634298,0.0,0.0,0.42474730455050363,0.4438365829668011,0.4551039199616568,0.42099004781645294,0.0,0.4442807020828365
0.0,0.0,0.4795040284216622,0.0,0.369491289173802,0.3881238540417048,0.40029333233879555,0.4315601512774028,0.0,0.0,0.0,0.0,0.39090973490514097,0.0,0.0,0.40415136450804373,0.0,0.0,0.0,0.25880011759825833,0.42280418607461245,0.3770141082156948,0.42293965219874957,0.0,0.0,0.0,0.40510198704674283,0.31089047812590687,0.34818516144805733,0.0,0.35256965590517464,0.42040941579175894,0.3773152592874278,0.38374363541596274,0.4232609677610305,0.0,0.42154687474229646,0.0,0.4468887486261338,0.0,0.0,0.0,0.0,0.0,0.0,0.0,0.0,0.0,0.0,0.0,0.0,0.0,0.0,0.0,0.0,0.0,0.0,0.0,0.0,0.0,0.0,0.0,0.0,0.0,0.4917251562875524,0.46497676045999503,0.0,0.47940086168648166,0.0,0.0,0.0,0.47383288852887484,0.5451109065858328,0.5173039859137464,0.0,0.0
0.35318723980219796,0.34218432199839816,0.42944368385994314,0.2920762648837645,0.42038001494176613,0.3886095581548402,0.3947555631162169,0.4212548665003663,0.4239359295716184,0.3124942166900322,0.39760113817994436,0.303155626812645,0.3677317974916645,0.3567131996408999,0.3804804359329859,0.3599855890380002,0.3485718080325184,0.35137804023809116,0.41667638640841237,0.3625957491503614,0.3468609266302017,0.36383978041894516,0.4184714573158797,0.29981423370045557,0.3438277563336228,0.3614526232920288,0.39667472859095654,0.35623936675175427,0.35321883417428607,0.35256965590517464,0.0,0.39257465598516,0.33196173761749337,0.2880520915670437,0.29484112080833136,0.38804672456010936,0.32898866661264103,0.2336843769649159,0.40276410900397325,0.37734992740503603,0.38305286192438226,0.0,0.0,0.0,0.0,0.36766496690469236,0.40861640679024847,0.6684409306917671,0.0,0.0,0.45269605574170474,0.0,0.4404812794105108,0.0,0.35829346969787024,0.0,0.3564919704226673,0.0,0.0,0.4133735267166641,0.3847673835939912,0.3587513995332436,0.3772663461597637,0.0,0.42013399927457734,0.3740790957020562,0.4149879718812825,0.4657594455963953,0.4188157048598152,0.3702748638540341,0.411829786179686,0.46403680981801065,0.48583060045059556,0.43572444173774433,0.0,0.39878951605931046
0.3703916232937953,0.35409359991385153,0.4034081362833056,0.2838413614573363,0.33931672596928597,0.394210355901351,0.35604063493756777,0.3957395652160865,0.4007068504155332,0.28351898480486865,0.3622100781707372,0.22742029191778332,0.36831814727027334,0.20244920727569918,0.3991933746979989,0.39964191782168873,0.3816318411653483,0.38369808435183844,0.3865166443373183,0.39804089678930715,0.37088901861033907,0.3949519274923005,0.40950255420865317,0.2603910302766287,0.3595803050105778,0.38073812929707945,0.40915122047598995,0.351991313648954,0.3928706183219538,0.42040941579175894,0.39257465598516,0.0,0.3067296515123112,0.31619733925449106,0.28944767422356593,0.26256963303508707,0.27449560222324676,0.24195379679575457,0.25688727971273395,0.26389315807926844,0.32750362166161084,0.3001851026460911,0.33403307034134055,0.2641911284287636,0.2552871739605098,0.39091725217764234,0.41457219897577274,0.4789164886543505,0.0,0.546818556965034,0.4273799312100312,0.491712205338703,0.4628552487818605,0.4685356195284225,0.28396925517788124,0.0,0.2552774919833924,0.4320509894066224,0.0,0.43573225407639005,0.40076989633013704,0.3965503054767849,0.37909225237492605,0.0,0.4219691411236018,0.39003749413960903,0.43027730763056166,0.46263722578509503,0.2243255504046271,0.3788837259310731,0.41981744354087547,0.4524346580664422,0.4141131169450527,0.42711929787121433,0.46140599662569814,0.4394792029813051
0.2846376491009425,0.3005481608534042,0.0,0.0,0.0,0.36139012943458104,0.0,0.4104007189260223,0.0,0.2743400034669903,0.0,0.23472389733504287,0.4015720861816628,0.142817535773739,0.3611533677917614,0.3597645790322007,0.3169929126972047,0.33222366180731444,0.0,0.3641020876454264,0.3024791428456754,0.36589203536682774,0.36886711655012233,0.22302002536130697,0.28677615054210903,0.324027942656977,0.37676381641666906,0.36438263690379075,0.29605149898664684,0.3773152592874278,0.33196173761749337,0.3067296515123112,0.0,0.22352204927351077,0.29773997414905035,0.35076138767968434,0.2522743513078154,0.19158922797219055,0.2523298375984082,0.2621291993047981,0.2595202811659787,0.27405250586560703,0.0,0.2698115880363832,0.21825013067566854,0.32929305062524167,0.4052960818368086,0.0,0.0,0.0,0.36701243126361077,0.0,0.0,0.0,0.32296038308731645,0.0,0.26779421088891914,0.0,0.0,0.4300612334078326,0.36531148667526747,0.35961207228132214,0.35299650075948247,0.0,0.4223869062238681,0.35861213895990546,0.4296893858598017,0.40252674012024403,0.319470693269289,0.3466663907524599,0.38938692774726025,0.38100875756887514,0.0,0.41414928958986436,0.0,0.3388895290545026
0.337013579829907,0.33446680136430323,0.4237049967486183,0.23063288024492137,0.41394601407071174,0.40082355082210536,0.3688385048915866,0.433602310675784,0.41958961791723454,0.26656758467095526,0.4043836596004037,0.1947197846633671,0.3767910794963792,0.3722607810069427,0.3950695584486014,0.37953182255294166,0.3312082098938328,0.3568092543667546,0.4142893160934298,0.38528383627395246,0.35825522126099996,0.383847652574472,0.4282105600391139,0.20136421023821177,0.32648566901846127,0.3550786126227533,0.4126133676945972,0.3168201971124616,0.3845078463227871,0.38374363541596274,0.2880520915670437,0.31619733925449106,0.22352204927351077,0.0,0.2584867194916387,0.3378337706109458,0.2823148484235709,0.16637213617266455,0.24032978968089763,0.24023539543535383,0.28763164675004066,0.24998454370418377,0.0,0.2574844193700366,0.0,0.3596871161616954,0.41174935767769655,0.7195601007649309,0.0,0.0,0.44892704965413194,0.0,0.4602932602379942,0.8793706960869033,0.3138193263737271,0.0,0.28477561435587817,0.0,0.0,0.4375048275837579,0.3771424010565092,0.35354714469077003,0.3604339487280181,0.0,0.40380807904640964,0.4050088236022135,0.4307435093977693,0.4677890072109697,0.3337478570081353,0.36018980661908223,0.4129964636528412,0.46503112486399556,0.470154682301987,0.4378554735389023,0.0,0.3657491495198595
0.3735294706158031,0.3796139638275412,0.43377636738708336,0.2529175243604901,0.37365912974273596,0.41693319604779544,0.29414070872185927,0.4256771879546529,0.4117635438171585,0.26861254287315733,0.3663916692733886,0.2195838302134408,0.3401610180594752,0.0,0.4362504486377706,0.4356332592109471,0.3463636523957427,0.3703388524276335,0.3952043288206584,0.4243432507600524,0.42087754062443467,0.4263043789100346,0.43963317710719024,0.18605794123421543,0.3453713052071248,0.3953347538241625,0.43412858176301283,0.2948721064010763,0.4173862673249442,0.4232609677610305,0.29484112080833136,0.28944767422356593,0.29773997414905035,0.2584867194916387,0.0,0.32578723412341676,0.30691682637529244,0.1835808664421427,0.26327307156642626,0.2758804586317669,0.3145701022958673,0.322344441334119,0.0,0.2893215959236614,0.2778573610594793,0.0,0.43119543561110185,1.0,0.0,0.0,0.5022606622455011,0.0,0.4387707825116807,0.0,0.30694527963802026,0.0,0.2803499785042364,0.0,0.0,0.46033655024690734,0.4096643323007705,0.0,0.0,0.0,0.43915437991682493,0.4194525630730185,0.4561849675945453,0.4736929444176555,0.0,0.38109356935106664,0.4554081588420001,0.4664124943274132,0.5003985292951927,0.4796091737531256,0.0,0.0
0.0,0.0,0.3712641318015039,0.17758784265598163,0.2092437325959011,0.402070609394272,0.28792602669964884,0.20235414348331485,0.3739851740788205,0.3329487181831098,0.2765222588863632,0.23596288536095622,0.3283750359360325,0.19955297375183245,0.4358591605426514,0.0,0.3786586396729447,0.37559896502852824,0.3342467896674628,0.0,0.4042524423061417,0.45947249541222135,0.3901731938144565,0.280550148478735,0.3880346127331031,0.38112491021676675,0.4171453781471974,0.24106600136674838,0.4411855877496242,0.0,0.38804672456010936,0.26256963303508707,0.35076138767968434,0.3378337706109458,0.32578723412341676,0.0,0.1828879152430821,0.2556775417141753,0.2618697701647531,0.0,0.25595250233383043,0.24726690360398185,0.0,0.26004087936344417,0.0,0.0,0.0,0.4082193105117822,0.0,0.3679741325291436,0.0,0.0,0.0,0.4039121803839519,0.0,0.36282756065114175,0.0,0.0,0.2837066554134903,0.0,0.0,0.0,0.0,0.388502940736855,0.6069698018110384,0.0,0.0,0.42865701644752596,0.0,0.0,0.0,0.4454770364556526,0.0,0.0,0.0,0.0
0.0,0.0,0.4118522190789537,0.16081341853498599,0.2025166045927567,0.39267926493414745,0.2714226554245179,0.3293749315085558,0.39777771448673144,0.29112780087005025,0.36614288726225747,0.25645940654307825,0.3146513983170402,0.1712192156463182,0.4427049870097193,0.0,0.0,0.0,0.39651558115818386,0.4434510774389211,0.0,0.44063075973760896,0.4026353152886094,0.23788110714718996,0.0,0.0,0.4116205214481512,0.2533729243403794,0.0,0.42154687474229646,0.32898866661264103,0.27449560222324676,0.2522743513078154,0.2823148484235709,0.30691682637529244,0.1828879152430821,0.0,0.28544952850371236,0.2587970730218449,0.0,0.2536329937819348,0.29758568458521095,0.0,0.25351676847651383,0.0,0.0,0.0,0.0,0.0,0.0,0.0,0.0,0.0,0.0,0.0,0.0,0.0,0.0,0.0,0.0,0.0,0.0,0.0,0.0,0.0,0.0,0.0,0.5331814619471603,0.0,0.0,0.0,0.6125135139658783,0.0,0.0,0.0,0.0
0.0,0.0,0.0,0.0,0.0,0.0,0.30747150175772336,0.0,0.0,0.23188815270714486,0.0,0.17959522457733354,0.32506110391244675,0.0,0.0,0.0,0.2929569541936497,0.0,0.0,0.0,0.0,0.0,0.0,0.1973356455912287,0.28120762635617425,0.2853980448500676,0.0,0.24655403316606747,0.0,0.0,0.2336843769649159,0.24195379679575457,0.19158922797219055,0.16637213617266455,0.1835808664421427,0.2556775417141753,0.28544952850371236,0.0,0.26970989185956035,0.22633714890588716,0.25944359061877514,0.2942080234903575,0.0,0.0,0.2070597863469815,0.0,0.0,0.0,0.0,0.0,0.0,0.0,0.0,0.0,0.3092846744570894,0.0,0.21995250228392538,0.0,0.0,0.0,0.0,0.0,0.28810321861060423,0.0,0.0,0.0,0.0,0.8146082095917636,0.0,0.3543098342103031,0.33922585641503095,0.0,0.0,0.0,0.0,0.0
0.38634401854394557,0.3966405403320904,0.47207990976906616,0.0,0.0,0.41349450173984126,0.0,0.395731059684389,0.44777293870652046,0.2927555753892123,0.3908583273427776,0.2875235411235067,0.39899571968127256,0.0,0.42592978298410705,0.39476931596977133,0.3463025292606968,0.3689342491827429,0.48082573499219144,0.42283667652946927,0.4274091396852778,0.4236184107902368,0.4491916277543493,0.24045559665180447,0.36565150417054726,0.40227898543751933,0.44193067911191364,0.44580659558725516,0.4297147120819626,0.4468887486261338,0.40276410900397325,0.25688727971273395,0.2523298375984082,0.24032978968089763,0.26327307156642626,0.2618697701647531,0.2587970730218449,0.26970989185956035,0.0,0.3063394918893489,0.359937392130923,0.32391823712440354,0.24184352927941463,0.2581953509514313,0.25123735084101156,0.38399351532247056,0.37269158674533986,0.37363881008684496,0.22072004432390901,0.2549319642884804,0.37474034120910854,0.3436717456077377,0.34339938245249185,0.38992795187478463,0.30584317305331216,0.29269375064122927,0.24627897825157052,0.3513537225033048,0.22027897666326493,0.3879774067503277,0.3993439797754277,0.37004762146796605,0.3897532563327339,0.3419690914550298,0.410786901728241,0.35458531649147884,0.3942832952010596,0.37139227902000993,0.2555273887103281,0.3637595566881266,0.37277336589408044,0.3963174785235775,0.33820979250046296,0.3884980591504271,0.3778181553891037,0.34933493701979557
