0.0,0.39944521191130233,0.0,0.0,0.0,0.42561693152862884,0.0,0.5315406697310611,0.0,0.3784208271621853,0.0,0.3432617116122502,0.0,0.5256642876991308,0.3795163517110903,0.42345070165902077,0.35383134844306424,0.38915406810899655,0.0,0.42098160793365186,0.45263740814208836,0.4350344212039291,0.49117297350674416,0.39283068622456485,0.38574300966350283,0.3689646174859677,0.3956368270578491,0.47927352464909573,0.49495141175535984,0.0,0.416005985082,0.4654096950419553,0.3900226046479616,0.39573540285132236,0.45623651965177064,0.5158744848511048,0.0,0.0,0.4506322806658874,0.39872218884505295,0.41862132180015205,0.5048496923921039,0.0,0.0,0.0,0.3668015252509508,0.4412935310040668,0.0,0.0,0.0,0.5492274804554257,0.0,0.0,0.0,0.43528726168401355,0.0,0.0,0.0,0.0,0.0,0.4410868810439019,0.0,0.4182655581933022,0.0,0.4070093848208346,0.3957404617646799,0.4328682504944166,0.0,0.0,0.43247736057812514,0.4459323934347358,0.0,0.0,0.4517664925092546,0.0,0.4428246144734026
0.39944521191130233,0.0,0.4883199593585232,0.0,0.445968168467767,0.3930601530572739,0.43795255617131246,0.42920707238733274,0.4179285624455404,0.0,0.0,0.0,0.4483800113401336,0.0,0.4205024948835551,0.3863900854127279,0.0,0.3702649398117893,0.0,0.40981721153660594,0.40246542526445167,0.40458854428749574,0.3897125779741262,0.4157331361286573,0.35491009737683904,0.4041713438481103,0.3772597882609062,0.46240449696532265,0.4159888086883563,0.0,0.3913969378685632,0.46171505247281536,0.39870066893718414,0.3940974977096929,0.45034356315979157,0.0,0.0,0.0,0.4724742864815126,0.44318132358712087,0.48076281928397685,0.5008447145481137,0.0,0.0,0.0,0.4516155278274826,0.4934489083433082,0.0,0.0,0.0,0.5049841918027932,0.0,0.0,0.0,0.0,0.0,0.0,0.0,0.0,0.4976890360527183,0.48293181113744443,0.0,0.4456705971779515,0.0,0.45923535992704445,0.47619315464625134,0.4766201066288726,0.0,0.0,0.4611214608330764,0.4965928764941432,0.48101035435699085,0.0,0.4835200516302226,0.0,0.45321750984781956
0.0,0.4883199593585232,0.0,0.4442688125096079,0.3707201138374075,0.36592189688654436,0.4110816620234687,0.42371956388804993,0.28235457684544646,0.0,0.3078810717177634,0.0,0.4218664946321641,0.4165468148869158,0.0,0.6453241559599989,0.0,0.0,0.2694631941080632,0.3999852959375721,0.47989529302330947,0.43017309467917536,0.29965090305928543,0.0,0.0,0.0,0.31941290903981556,0.43235586749869276,0.38082301717354283,0.38916931988407405,0.4594987783280152,0.42738921438077176,0.0,0.46245308359047915,0.46205024263202443,0.41542310716034164,0.4527871109076657,0.0,0.47621322350248374,0.0,0.6208720835533316,0.0,0.4218767245787759,0.0,0.0,0.0,0.0,0.25763181930649004,0.0,0.47301837677118475,0.473763309230624,0.5255539469685753,0.4855913450035758,0.3896605690370567,0.0,0.3444357734414605,0.0,0.0,0.4427236840079262,0.0,0.0,0.0,0.0,0.1388599423341105,0.0,0.0,0.0,0.45250287457822763,0.0,0.0,0.0,0.4781211016688021,0.0,0.0,0.0,0.0
0.0,0.0,0.4442688125096079,0.0,0.2513130084340308,0.40889443107822787,0.2553943545990166,0.3806281121423688,0.39975708569406954,0.0,0.3760520556696419,0.3622011102360022,0.31253126614318877,0.282884511219222,0.0,0.0,0.0,0.0,0.41032429650880414,0.4258102464323343,0.0,0.0,0.4274746126828334,0.0,0.0,0.0,0.4302009923217393,0.24920652715734623,0.0,0.0,0.0,0.2921272649236044,0.3158232879854684,0.27654662807123964,0.3237922255864112,0.1954290513924862,0.1805755962048776,0.0,0.0,0.0,0.0,0.0,0.0,0.0,0.0,0.0,0.0,0.0,0.0,0.0,0.0,0.0,0.0,0.0,0.0,0.0,0.0,0.0,0.0,0.0,0.0,0.0,0.0,0.0,0.0,0.0,0.0,0.0,0.0,0.0,0.0,0.0,0.0,0.0,0.0,0.0
0.0,0.445968168467767,0.3707201138374075,0.2513130084340308,0.0,0.37096660660838904,0.3282893848015287,0.35739138128198106,0.3502255937163465,0.43779325209446157,0.33679786200338446,0.4343852082699871,0.36968003945892314,0.2464041939383683,0.0,0.46863563561826693,0.0,0.0,0.3608948746671812,0.3923723335093201,0.0,0.4394266494542135,0.362406691740167,0.45286334630126696,0.4490556357405125,0.4700760179212982,0.37058354573449104,0.3858846280495853,0.37486312238948066,0.0,0.4601689284001927,0.4008760428279329,0.4668980917875663,0.44000908356763163,0.43174169738786355,0.24221310234882884,0.3366510342505217,0.4516150987350419,0.40341786065379687,0.0,0.5790983476823898,0.0,0.3256474417560324,0.0,0.0,0.0,0.0,0.46943079473856036,0.0,0.0,0.0,0.0,0.0,0.0,0.0,0.4141183586834766,0.0,0.0,0.3901387841430233,0.0,0.0,0.0,0.0,0.0,0.0,0.0,0.0,0.492301424433261,0.0,0.0,0.0,0.4975692195264265,0.0,0.0,0.0,0.0
0.42561693152862884,0.3930601530572739,0.36592189688654436,0.40889443107822787,0.37096660660838904,0.0,0.3750223215194642,0.4081183497914618,0.3115701642963944,0.44988116567619135,0.37049989596758653,0.46459404909815494,0.3430025615655858,0.40718278936832764,0.36617551160487527,0.42534975347623255,0.0,0.41551481373867627,0.3768066710609281,0.347785761703925,0.40173893105553504,0.4033499554724319,0.342786021662674,0.5343609210679744,0.3950213412607257,0.42606993291463713,0.28750420799256315,0.3262700278010159,0.2764394358714833,0.37505862336188006,0.422490154259549,0.435227914581067,0.4006597758220082,0.43557699297014874,0.46827055272872825,0.44731630122491955,0.44818708598232515,0.0,0.4799197433131405,0.0,0.5013625154952662,0.5893439685017433,0.406988386201316,0.0,0.0,0.0,0.0,0.45994824539308626,0.0,0.5446231091917982,0.4834115615562317,0.4995645500359317,0.45054786258480123,0.44050097289099055,0.0,0.4661600506438879,0.0,0.5072676454805477,0.0,0.0,0.0,0.0,0.0,0.42839811367065583,0.5058326710040053,0.0,0.0,0.4892438528852792,0.0,0.0,0.0,0.4772290743874866,0.5066426722506198,0.4729977393451293,0.5302092137114078,0.5103248282458944
0.0,0.43795255617131246,0.4110816620234687,0.2553943545990166,0.3282893848015287,0.3750223215194642,0.0,0.4332408210835114,0.3650017277480079,0.414115036918746,0.4117218952704354,0.4114469798650212,0.32802696580665924,0.28008534665272183,0.0,0.45986184634054034,0.0,0.0,0.4123912584328319,0.42677229548783896,0.0,0.4560209700704693,0.40754731539911726,0.3920070406972209,0.4189072580571948,0.4303513384692206,0.3909680346821557,0.3489584175919461,0.3857264961051034,0.0,0.43191316571986227,0.3797260228241951,0.41653454480716184,0.3978588210717676,0.4237718627233677,0.2564012740111751,0.27223396449559145,0.4130572047829948,0.4684920269062406,0.0,0.5837479683739463,0.0,0.44945351196802935,0.0,0.0,0.0,0.0,0.0,0.0,0.0,0.5307416739391718,0.0,0.0,0.0,0.0,0.0,0.0,0.0,0.0,0.0,0.0,0.0,0.0,0.0,0.0,0.0,0.0,0.5015218119277237,0.0,0.0,0.0,0.5098302500627628,0.0,0.0,0.0,0.0
0.5315406697310611,0.42920707238733274,0.42371956388804993,0.3806281121423688,0.35739138128198106,0.4081183497914618,0.4332408210835114,0.0,0.4243987104924443,0.4611956548760844,0.34158162581142204,0.0,0.46220148386025356,0.3610934590498061,0.35525996464617055,0.47376846811445716,0.0,0.46076482032238536,0.38933941641712966,0.3856304106934911,0.41018929887062333,0.4570054664558422,0.35771781115652707,0.5291304313879408,0.44607904338250115,0.47355888889052905,0.40260105360329096,0.46723127572528617,0.4011242209672049,0.4633749211758318,0.4968652412186979,0.42182681976156494,0.44307430103699164,0.5536817621136849,0.5292450963671258,0.2287976333534384,0.48311317250142205,0.0,0.48827083515989766,0.0,0.5050094572977806,0.5101139165276618,0.3751557835038439,0.0,0.0,0.0,0.0,0.39008378213763883,0.0,0.4647818543491291,0.4559602462679415,0.483894394782554,0.35053559668959827,0.4110413463414002,0.0,0.4105694887617323,0.0,0.4825154562383922,0.4012314601489785,0.39638547655424355,0.0,0.0,0.0,0.38643448534366687,0.4394224994455503,0.0,0.0,0.45743435625924633,0.0,0.0,0.0,0.4380860566929013,0.4825213494208028,0.43763187817993204,0.0,0.5038149457643021
0.0,0.4179285624455404,0.28235457684544646,0.39975708569406954,0.3502255937163465,0.3115701642963944,0.3650017277480079,0.4243987104924443,0.0,0.4572195919033686,0.3132210010109061,0.46799671767849543,0.35364341835990987,0.4050370785349994,0.0,0.45171330472053195,0.0,0.0,0.26241039975928604,0.36551157897304015,0.5301852610676938,0.4293281044060618,0.3716746269862387,0.5007374161108724,0.44342267655189743,0.47846882415700465,0.34205551121389993,0.4288808956997896,0.34952430396382755,0.40889655902142075,0.4487639152163707,0.41320569932860496,0.4569186409210948,0.44196344972017737,0.4409622802912007,0.4088001030915532,0.4218768578809438,0.4617336598026492,0.4628329730436716,0.0,0.0,0.0,0.0,0.0,0.0,0.0,0.0,0.45551930920107336,0.0,0.0,0.48080435565457263,0.5283925965882882,0.4397790470367266,0.49349654512974617,0.0,0.45265943737434794,0.0,0.0,0.4453341087090971,0.0,0.0,0.0,0.0,0.43743505241244757,0.0,0.0,0.0,0.4717118103369535,0.0,0.0,0.0,0.45091613023326665,0.0,0.0,0.0,0.0
0.3784208271621853,0.0,0.0,0.0,0.43779325209446157,0.44988116567619135,0.414115036918746,0.4611956548760844,0.4572195919033686,0.0,0.4473263508647628,0.28280526198147277,0.4210137202972283,0.4217207960434043,0.0,0.3647618167391347,0.2965547316885105,0.33898596634766004,0.4696326037255602,0.0,0.39712316339567916,0.0,0.4377718982317947,0.3171548180848641,0.3322960893334324,0.3330169164123074,0.0,0.39983539720731176,0.0,0.5541572290627252,0.32665006876124464,0.33050986126874055,0.30984274745064494,0.324712041254993,0.3207832981242911,0.417671926756567,0.0,0.26984266699915993,0.35982734168952524,0.3057087064815552,0.2881657118985158,0.0,0.0,0.0,0.2696962015949949,0.421074189319836,0.0,0.0,0.0,0.0,0.0,0.0,0.0,0.0,0.3956270263555333,0.0,0.3830530871044059,0.40286533003251246,0.0,0.0,0.0,0.4192524652983074,0.4139072501061265,0.0,0.0,0.0,0.0,0.0,0.3938036278978984,0.42677586181856314,0.43442768281615207,0.0,0.3626166843145091,0.0,0.0,0.357847860492577
0.0,0.0,0.3078810717177634,0.3760520556696419,0.33679786200338446,0.37049989596758653,0.4117218952704354,0.34158162581142204,0.3132210010109061,0.4473263508647628,0.0,0.4508536230210518,0.42952132925339437,0.3180636787046254,0.0,0.0,0.0,0.5807582044585542,0.25078684674153445,0.0,0.0,0.0,0.3320188546670285,0.46673339871422487,0.525388563473913,0.585088745251422,0.36250359589243264,0.4319981991379773,0.0,0.0,0.46775620747607866,0.4291238724255811,0.4610540002974172,0.44131275010076093,0.43456971601882854,0.3187411250149602,0.40915824676097384,0.45103964603611363,0.38810290979214007,0.0,0.5642238403416537,0.0,0.3628922124146504,0.0,0.0,0.0,0.0,0.2767373106445356,0.0,0.40507905214523887,0.0,0.4387376280792292,0.40819435003139626,0.39498418105671,0.0,0.29680223056560157,0.0,0.0,0.3871470297720544,0.0,0.0,0.0,0.0,0.1814556572476064,0.0,0.0,0.0,0.0,0.0,0.0,0.0,0.4714523929033633,0.0,0.0,0.0,0.0
0.3432617116122502,0.0,0.0,0.3622011102360022,0.4343852082699871,0.46459404909815494,0.4114469798650212,0.0,0.46799671767849543,0.28280526198147277,0.4508536230210518,0.0,0.40816922815176193,0.0,0.0,0.0,0.3545953805757772,0.3482581156388558,0.0,0.0,0.45277463275403984,0.0,0.0,0.28786942210331595,0.33943814768792846,0.31627396992368917,0.0,0.3805734931500315,0.0,0.0,0.32568216081640156,0.2845084427022288,0.2542202556005315,0.273797033419886,0.3494062558699412,0.3807103139220037,0.3607119699771269,0.244381547626654,0.2790802351383518,0.31747495519010993,0.33318063675694126,0.32309314158097396,0.0,0.0,0.2909556373496948,0.0,0.0,0.0,0.0,0.0,0.0,0.0,0.0,0.0,0.39815985205008636,0.0,0.36907388764413185,0.38117389729020296,0.0,0.0,0.0,0.4357634517968741,0.420860601920183,0.0,0.0,0.0,0.0,0.0,0.39621495830484676,0.4357449333752306,0.4351641759121272,0.0,0.38267743276134386,0.0,0.0,0.36392322416103107
0.0,0.4483800113401336,0.4218664946321641,0.31253126614318877,0.36968003945892314,0.3430025615655858,0.32802696580665924,0.46220148386025356,0.35364341835990987,0.4210137202972283,0.42952132925339437,0.40816922815176193,0.0,0.36558820330024483,0.42920103420125183,0.4702590486419034,0.43357072133261704,0.4359213810888541,0.4224125977879789,0.4250999546354058,0.4528650494446685,0.459679445935536,0.4262120163388023,0.4174716512884727,0.41715186377833025,0.4231136848679422,0.39694765882104316,0.3173996925927989,0.3535299038492956,0.35442704198776953,0.41133219793805675,0.38935448131503536,0.4306193338273086,0.4195862865687569,0.44626020733923943,0.32952090466954326,0.34137769324935413,0.40968368299449853,0.4755949398379759,0.4677624733996519,0.5028642295634863,0.0,0.4316539655162348,0.0,0.0,0.0,0.0,0.6044759968170016,0.0,0.0,0.5220194037610612,0.0,0.49969453893288696,0.0,0.4349615706164184,0.0,0.40264576716534145,0.0,0.0,0.0,0.0,0.0,0.0,0.0,0.0,0.0,0.0,0.5143799728697948,0.33036761934490944,0.0,0.0,0.5116335409366398,0.0,0.0,0.0,0.0
0.5256642876991308,0.0,0.4165468148869158,0.282884511219222,0.2464041939383683,0.40718278936832764,0.28008534665272183,0.3610934590498061,0.4050370785349994,0.4217207960434043,0.3180636787046254,0.0,0.36558820330024483,0.0,0.0,0.0,0.0,0.0,0.3656254082847735,0.0,0.4503378159316805,0.0,0.3711099392961388,0.6598237574187279,0.0,0.50361770917684,0.4144731352618926,0.2814646892323746,0.4516993836012744,0.0,0.41206058783312927,0.20534812129808347,0.0,0.3965667642692672,0.3082030307409519,0.21279193859926904,0.1862703752492612,0.0,0.31143837195440877,0.0,0.0,0.0,0.35314393071343464,0.0,0.0,0.0,0.0,0.0,0.0,0.35279403868966763,0.0,0.0,0.4191092699342138,0.0,0.0,0.41304324532376796,0.0,0.0,0.39410933673911663,0.0,0.0,0.0,0.0,0.0,0.0,0.0,0.0,0.41853287869780714,0.0,0.0,0.0,0.0,0.0,0.0,0.0,0.0
0.3795163517110903,0.4205024948835551,0.0,0.0,0.0,0.36617551160487527,0.0,0.35525996464617055,0.0,0.0,0.0,0.0,0.42920103420125183,0.0,0.0,0.4633922437518094,0.0,0.42629606486144456,0.0,0.3216147496999495,0.38213067855983135,0.35368893037280785,0.3000655704449052,0.41267243603551,0.4117026279738069,0.3886536277029778,0.3206628321911681,0.42559483622830435,0.4104525732564306,0.33378187220523725,0.45573733235243846,0.47416958461991887,0.4124976234084331,0.4591397933597174,0.5072307234062696,0.5534043888755312,0.5211760105627604,0.0,0.49615727151299865,0.49765056671032054,0.4894880351424546,0.5295359447863718,0.5899877184724853,0.0,0.0,0.0,0.47852724932129925,0.0,0.0,0.0,0.4407933787508807,0.0,0.41520604470478506,0.0,0.0,0.0,0.0,0.0,0.0,0.39019475261372527,0.49571592009991683,0.0,0.0,0.0,0.43401122315765905,0.4618329919799465,0.4411443880174037,0.4611779169348422,0.0,0.0,0.5014306486531793,0.46719692368586635,0.5290342670913322,0.47692579379453204,0.0,0.4917948251893668
0.42345070165902077,0.3863900854127279,0.6453241559599989,0.0,0.46863563561826693,0.42534975347623255,0.45986184634054034,0.47376846811445716,0.45171330472053195,0.3647618167391347,0.0,0.0,0.4702590486419034,0.0,0.4633922437518094,0.0,0.36147174968147866,0.3531806012925235,0.0,0.42058215143466837,0.4268050059056461,0.38782583108261065,0.40740880051851086,0.37409811359329,0.38882915641823373,0.42180652935931573,0.4060742911566671,0.4523668122380257,0.4309290845115688,0.0,0.37082171030239686,0.46244816917648107,0.377768057028649,0.39271504772332355,0.4434184410116875,0.0,0.0,0.0,0.4919474204899089,0.43998610717547426,0.4568431854480038,0.48813740041746917,0.0,0.0,0.0,0.47035393622954247,0.47700466646626893,0.0,0.0,0.0,0.0,0.0,0.0,0.0,0.5432386841146003,0.0,0.0,0.0,0.0,0.494856404991846,0.4794525451696797,0.0,0.4614191966767427,0.0,0.5013524881828904,0.48828825852107066,0.4672968325403146,0.0,0.0,0.4668378867284898,0.4821963057316397,0.0,0.0,0.5170522780609014,0.0,0.4592788783585857
0.35383134844306424,0.0,0.0,0.0,0.0,0.0,0.0,0.0,0.0,0.2965547316885105,0.0,0.3545953805757772,0.43357072133261704,0.0,0.0,0.36147174968147866,0.0,0.31228904173079575,0.0,0.0,0.46203766181027756,0.39589676058933904,0.0,0.353051292535713,0.33219616309980843,0.35018393960697164,0.0,0.41746858332798814,0.0,0.0,0.3486298548441865,0.4212433850291064,0.37688098212526977,0.36535104887366143,0.3634474272581041,0.0,0.0,0.0,0.0,0.40160126288004955,0.4400263091704514,0.0,0.0,0.0,0.0,0.0,0.0,0.0,0.0,0.0,0.0,0.0,0.0,0.0,0.36045130777933093,0.0,0.37966021046682463,0.0,0.0,0.0,0.0,0.41189854246680185,0.4202670772475545,0.0,0.0,0.0,0.0,0.0,0.3429262232186421,0.4152533602657989,0.42527640258307703,0.0,0.0,0.0,0.0,0.4835943308073678
0.38915406810899655,0.3702649398117893,0.0,0.0,0.0,0.41551481373867627,0.0,0.46076482032238536,0.0,0.33898596634766004,0.5807582044585542,0.3482581156388558,0.4359213810888541,0.0,0.42629606486144456,0.3531806012925235,0.31228904173079575,0.0,0.0,0.41341391662530724,0.38758712236398735,0.4155975727139131,0.41852708351710416,0.3326234540826228,0.3395260092038629,0.35463956944978203,0.4006409335442758,0.42555876967821604,0.42677591765979633,0.0,0.3637985898589753,0.42247371107914,0.3692349745594237,0.3742128098778968,0.3867701908704859,0.0,0.0,0.0,0.4649528818495818,0.41244626337626167,0.43413505319031115,0.46479218961182844,0.0,0.0,0.0,0.42669721577723446,0.45368373926630456,0.0,0.0,0.0,0.0,0.0,0.0,0.0,0.33534869996956534,0.0,0.36354109969028,0.0,0.0,0.0,0.4498250420185315,0.34609910839607944,0.42039420205848194,0.0,0.0,0.0,0.4284062163300637,0.0,0.34337150735621313,0.41846468749748206,0.4274755023859041,0.0,0.0,0.5892642386708487,0.0,0.4294702050699462
0.0,0.0,0.2694631941080632,0.41032429650880414,0.3608948746671812,0.3768066710609281,0.4123912584328319,0.38933941641712966,0.26241039975928604,0.4696326037255602,0.25078684674153445,0.0,0.4224125977879789,0.3656254082847735,0.0,0.0,0.0,0.0,0.0,0.0,0.0,0.0,0.31633870203991993,0.0,0.0,0.0,0.3557560705787449,0.4204153500092743,0.621133469359825,0.0,0.450028288646782,0.4094863078187251,0.0,0.44556035423501816,0.42481916145981097,0.37301397730356317,0.42257498546891165,0.4909600733933572,0.42147312922967806,0.0,0.0,0.0,0.387676392227536,0.0,0.0,0.0,0.0,0.31590703124549707,0.0,0.4688240451178179,0.48752234771449693,0.0,0.4341628124565773,0.4474958130130752,0.0,0.36909238833734265,0.0,0.0,0.40908384449595125,0.0,0.0,0.0,0.0,0.41447584952273353,0.0,0.0,0.0,0.47539463544269744,0.0,0.0,0.0,0.46229192171458705,0.0,0.0,0.0,0.0
0.42098160793365186,0.40981721153660594,0.3999852959375721,0.4258102464323343,0.3923723335093201,0.347785761703925,0.42677229548783896,0.3856304106934911,0.36551157897304015,0.0,0.0,0.0,0.4250999546354058,0.0,0.3216147496999495,0.42058215143466837,0.0,0.41341391662530724,0.0,0.0,0.40279182448713224,0.3613752594864986,0.2198845018988165,0.0,0.4096997706780291,0.428790378063126,0.284933679213837,0.3916430763957765,0.3128299963127314,0.36899374913299754,0.3591291913348366,0.471286540342706,0.4049524773038738,0.41233500966747616,0.48535953357699063,0.0,0.0,0.0,0.4890811397050724,0.4665685846367172,0.4879297704771295,0.5022881105735257,0.0,0.0,0.0,0.0,0.48448081816050914,0.0,0.0,0.0,0.5316758372173751,0.0,0.0,0.0,0.0,0.0,0.0,0.0,0.0,0.4672060451997119,0.5435922403253884,0.0,0.0,0.0,0.4795185121753957,0.4456377548898198,0.4725824761108285,0.475438832891545,0.0,0.0,0.48225461241943207,0.48708257971848046,0.0,0.4821831349566665,0.0,0.4725907984184392
0.45263740814208836,0.40246542526445167,0.47989529302330947,0.0,0.0,0.40173893105553504,0.0,0.41018929887062333,0.5301852610676938,0.39712316339567916,0.0,0.45277463275403984,0.4528650494446685,0.4503378159316805,0.38213067855983135,0.4268050059056461,0.46203766181027756,0.38758712236398735,0.0,0.40279182448713224,0.0,0.4529686061278905,0.3645338729478692,0.4826436616285558,0.3770182031987012,0.3913722968783359,0.35529044031127893,0.4509787424763519,0.4470933367585844,0.0,0.4930010165059276,0.4916820220378397,0.42455342378969746,0.4538341071066879,0.5121410460586283,0.591233363152097,0.0,0.0,0.49317216168370676,0.44207602751607794,0.4744229883203125,0.5326420595002326,0.0,0.0,0.0,0.35598777075234866,0.4683052067004274,0.0,0.0,0.0,0.4398900200670499,0.0,0.32340596216383793,0.0,0.0,0.0,0.0,0.0,0.0,0.4484881596111488,0.45702393204959163,0.0,0.0,0.0,0.4515901422502288,0.2990552725329459,0.47304635256797295,0.42662144154135945,0.0,0.0,0.484946457844084,0.4530950437240041,0.4696648689649646,0.45896711323139894,0.49752338055178974,0.46385516857473763
0.4350344212039291,0.40458854428749574,0.43017309467917536,0.0,0.4394266494542135,0.4033499554724319,0.4560209700704693,0.4570054664558422,0.4293281044060618,0.0,0.0,0.0,0.459679445935536,0.0,0.35368893037280785,0.38782583108261065,0.39589676058933904,0.4155975727139131,0.0,0.3613752594864986,0.4529686061278905,0.0,0.3744918625899837,0.0,0.4009824686501368,0.4324399251059778,0.38158086734472857,0.43736754610816453,0.371466619601512,0.39898006939956265,0.3838875771843095,0.4933428531446187,0.46620562182675135,0.44468329950767466,0.5074640140173529,0.5731921771324913,0.0,0.0,0.49696364066258325,0.486977170579128,0.4902765293016908,0.5223817912205133,0.0,0.0,0.0,0.47459490510695257,0.5014698557637944,0.0,0.0,0.0,0.4765337741052117,0.0,0.0,0.0,0.0,0.0,0.0,0.0,0.0,0.49691639400644944,0.4788603897284995,0.0,0.0,0.0,0.4805910180562379,0.489860965841584,0.49428897622320256,0.4687151573548145,0.0,0.4567261105554833,0.5136084982021089,0.47047961007653083,0.0,0.4791667312583541,0.0,0.47367262337753635
0.49117297350674416,0.3897125779741262,0.29965090305928543,0.4274746126828334,0.362406691740167,0.342786021662674,0.40754731539911726,0.35771781115652707,0.3716746269862387,0.4377718982317947,0.3320188546670285,0.0,0.4262120163388023,0.3711099392961388,0.3000655704449052,0.40740880051851086,0.0,0.41852708351710416,0.31633870203991993,0.2198845018988165,0.3645338729478692,0.3744918625899837,0.0,0.4932598558474688,0.3991906580930733,0.41592812429347986,0.294144085638138,0.42165405257089184,0.35362243602984894,0.38773764521626997,0.4178876154029861,0.4276678813844545,0.37502047358826524,0.44664727026437184,0.46483612481486775,0.4445814799824755,0.4463658414136203,0.0,0.48710507752854215,0.4096266757092015,0.5097777917308093,0.5118030800134231,0.42578271784254546,0.0,0.0,0.0,0.49554522084972175,0.39429122876391276,0.0,0.5148812137946703,0.4920873023133887,0.49768455780471105,0.4573244672859739,0.4474217560013654,0.0,0.43623610126651563,0.0,0.5054239235493345,0.47073251880786293,0.447058200086249,0.0,0.0,0.0,0.322970652614416,0.4569697273113438,0.43195053578078274,0.45367662937424613,0.49277405509551814,0.0,0.0,0.4739958464503807,0.48730466297586694,0.4936672202531757,0.4743381695017894,0.5029935035261459,0.5090714038976558
0.39283068622456485,0.4157331361286573,0.0,0.0,0.45286334630126696,0.5343609210679744,0.3920070406972209,0.5291304313879408,0.5007374161108724,0.3171548180848641,0.46673339871422487,0.28786942210331595,0.4174716512884727,0.6598237574187279,0.41267243603551,0.37409811359329,0.353051292535713,0.3326234540826228,0.0,0.0,0.4826436616285558,0.0,0.4932598558474688,0.0,0.34211291220793744,0.34002522973328075,0.520234916859196,0.3957325142100518,0.6004420168735242,0.0,0.34465467749988143,0.2976237394251843,0.24290300176964846,0.2890023368754716,0.34770851544486514,0.38827221250154814,0.3973642937403449,0.2460122978241671,0.28049493688046884,0.3032714327891999,0.3155677554754463,0.3390837695495741,0.0,0.0,0.216430072863095,0.3875407341654968,0.0,0.0,0.0,0.0,0.0,0.0,0.0,0.0,0.357490543826846,0.0,0.3301337099626756,0.3949971785385466,0.0,0.0,0.0,0.4268011962520464,0.4182302588775692,0.0,0.0,0.0,0.0,0.0,0.3417907121506631,0.42918865832633596,0.42904659142211415,0.0,0.29528139033047845,0.0,0.0,0.37334850181643664
0.38574300966350283,0.35491009737683904,0.0,0.0,0.4490556357405125,0.3950213412607257,0.4189072580571948,0.44607904338250115,0.44342267655189743,0.3322960893334324,0.525388563473913,0.33943814768792846,0.41715186377833025,0.0,0.4117026279738069,0.38882915641823373,0.33219616309980843,0.3395260092038629,0.0,0.4096997706780291,0.3770182031987012,0.4009824686501368,0.3991906580930733,0.34211291220793744,0.0,0.3526909762838415,0.38448901733176155,0.4128630792501101,0.4175732623114025,0.0,0.3690876907990453,0.4128596485166078,0.3330555499126753,0.35831710221101454,0.389675987571818,0.0,0.0,0.3288400959854582,0.45304130138121385,0.4078358653526472,0.43224936361198285,0.4706551454735111,0.0,0.0,0.3148224744091544,0.42876568789549235,0.45609468709378204,0.0,0.0,0.0,0.0,0.0,0.0,0.0,0.3766378545710616,0.0,0.38271520548856774,0.0,0.0,0.0,0.45664648723096274,0.38920157787732673,0.42012946756674713,0.0,0.4696042735260119,0.0,0.43001626883906585,0.0,0.3357833467827235,0.4222389805208686,0.42962958543354623,0.0,0.44716968286698217,0.47536916560997783,0.0,0.4324636150129307
0.3689646174859677,0.4041713438481103,0.0,0.0,0.4700760179212982,0.42606993291463713,0.4303513384692206,0.47355888889052905,0.47846882415700465,0.3330169164123074,0.585088745251422,0.31627396992368917,0.4231136848679422,0.50361770917684,0.3886536277029778,0.42180652935931573,0.35018393960697164,0.35463956944978203,0.0,0.428790378063126,0.3913722968783359,0.4324399251059778,0.41592812429347986,0.34002522973328075,0.3526909762838415,0.0,0.39989400398128094,0.41596874740250794,0.42940450509157196,0.0,0.39219622009581984,0.453304883665297,0.37848816543689606,0.3976602867703177,0.4630242738331609,0.5274948072205646,0.0,0.3187469981247781,0.46929646395082936,0.431475601524642,0.44526349785999225,0.4977237144821118,0.0,0.0,0.32890585694988983,0.45006342340632766,0.5080328595118038,0.0,0.0,0.0,0.5055278511755436,0.0,0.0,0.0,0.4131351743284739,0.0,0.41557907244017034,0.5326426398145566,0.0,0.4989665253577827,0.4895879559286582,0.4233028433324268,0.4300087096983265,0.0,0.47091818391294216,0.4933471414728064,0.4951938995587635,0.0,0.39131435858326713,0.4343642965690217,0.46015896975113435,0.4866473014151054,0.45781876402036825,0.48781130497884395,0.0,0.4450084618942152
0.3956368270578491,0.3772597882609062,0.31941290903981556,0.4302009923217393,0.37058354573449104,0.28750420799256315,0.3909680346821557,0.40260105360329096,0.34205551121389993,0.0,0.36250359589243264,0.0,0.39694765882104316,0.4144731352618926,0.3206628321911681,0.4060742911566671,0.0,0.4006409335442758,0.3557560705787449,0.284933679213837,0.35529044031127893,0.38158086734472857,0.294144085638138,0.520234916859196,0.38448901733176155,0.39989400398128094,0.0,0.40169010826837165,0.2787358609138298,0.3545055143797152,0.3961459013439006,0.4205580426946722,0.3520559362541828,0.41891205534787157,0.43722633970718744,0.45348542522779794,0.4373090734781864,0.0,0.47245551812355946,0.4427846133806782,0.5004527038945843,0.5112402139169944,0.4235733001590118,0.0,0.0,0.0,0.5115650369514002,0.46052187609807466,0.0,0.4699736365730176,0.47967595019886156,0.4976683175946067,0.45403277171115114,0.45300161059608846,0.0,0.4563116456488379,0.0,0.49449937490355483,0.0,0.43631461614800016,0.0,0.0,0.0,0.0,0.4489124038691835,0.41663126471360584,0.45097706488353767,0.486811295571803,0.0,0.0,0.47473256461603675,0.48216258707378284,0.4996988940396783,0.4729990860128101,0.0,0.5094270327016599
0.47927352464909573,0.46240449696532265,0.43235586749869276,0.24920652715734623,0.3858846280495853,0.3262700278010159,0.3489584175919461,0.46723127572528617,0.4288808956997896,0.39983539720731176,0.4319981991379773,0.3805734931500315,0.3173996925927989,0.2814646892323746,0.42559483622830435,0.4523668122380257,0.41746858332798814,0.42555876967821604,0.4204153500092743,0.3916430763957765,0.4509787424763519,0.43736754610816453,0.42165405257089184,0.3957325142100518,0.4128630792501101,0.41596874740250794,0.40169010826837165,0.0,0.3131455059249118,0.3201397767733613,0.3791221874761866,0.37814752431188137,0.38017517818000574,0.37768375872408205,0.37690531337266786,0.2860333215494773,0.2786921490375079,0.3899618334910679,0.47480457948821875,0.37288941199014025,0.4733103376251225,0.44407401572497396,0.40532797943487586,0.0,0.27378249603587984,0.0,0.0,0.0,0.0,0.0,0.509941703870106,0.0,0.48333081866944155,0.0,0.4146183058203765,0.0,0.41922161172816347,0.0,0.0,0.0,0.0,0.0,0.0,0.0,0.4942962599128347,0.0,0.0,0.5164421300536104,0.30230063181164485,0.0,0.0,0.5122942813571019,0.5326281521569416,0.5070341072102343,0.0,0.5536493915185746
0.49495141175535984,0.4159888086883563,0.38082301717354283,0.0,0.37486312238948066,0.2764394358714833,0.3857264961051034,0.4011242209672049,0.34952430396382755,0.0,0.0,0.0,0.3535299038492956,0.4516993836012744,0.4104525732564306,0.4309290845115688,0.0,0.42677591765979633,0.621133469359825,0.3128299963127314,0.4470933367585844,0.371466619601512,0.35362243602984894,0.6004420168735242,0.4175732623114025,0.42940450509157196,0.2787358609138298,0.3131455059249118,0.0,0.332311291412519,0.3710334810025995,0.4588744035619449,0.37404282692621416,0.4097613771416635,0.4664414730149547,0.5299638795727027,0.0,0.0,0.5140641937460211,0.0,0.5216484050358675,0.5513727975212802,0.6077745379735292,0.0,0.0,0.0,0.5034975011574766,0.0,0.0,0.0,0.49215495046176394,0.0,0.47966548073635884,0.0,0.0,0.0,0.0,0.5304600500640774,0.0,0.4903203322671734,0.0,0.0,0.0,0.0,0.49434665254033927,0.4793472928404959,0.475576605937224,0.4976864913759227,0.0,0.0,0.5005352709842051,0.5057544479548297,0.5096199204024546,0.5058063720922386,0.5440386859603141,0.5188673640317091
0.0,0.0,0.38916931988407405,0.0,0.0,0.37505862336188006,0.0,0.4633749211758318,0.40889655902142075,0.5541572290627252,0.0,0.0,0.35442704198776953,0.0,0.33378187220523725,0.0,0.0,0.0,0.0,0.36899374913299754,0.0,0.39898006939956265,0.38773764521626997,0.0,0.0,0.0,0.3545055143797152,0.3201397767733613,0.332311291412519,0.0,0.321580539643878,0.41523581138553434,0.0,0.3771882124879534,0.43846742669873157,0.0,0.0,0.0,0.5222116404451621,0.0,0.6050471865031537,0.5728897594147832,0.0,0.0,0.0,0.0,0.0,0.0,0.0,0.0,0.5488331729226578,0.0,0.0,0.0,0.0,0.0,0.0,0.0,0.0,0.0,0.0,0.0,0.0,0.0,0.0,0.0,0.0,0.5153969317164889,0.0,0.0,0.0,0.5157330645265906,0.6006368365679537,0.5427646445787327,0.0,0.6167320097638883
0.416005985082,0.3913969378685632,0.4594987783280152,0.0,0.4601689284001927,0.422490154259549,0.43191316571986227,0.4968652412186979,0.4487639152163707,0.32665006876124464,0.46775620747607866,0.32568216081640156,0.41133219793805675,0.41206058783312927,0.45573733235243846,0.37082171030239686,0.3486298548441865,0.3637985898589753,0.450028288646782,0.3591291913348366,0.4930010165059276,0.3838875771843095,0.4178876154029861,0.34465467749988143,0.3690876907990453,0.39219622009581984,0.3961459013439006,0.3791221874761866,0.3710334810025995,0.321580539643878,0.0,0.48423410631119534,0.34901994714998286,0.31389436554593353,0.3295170358133076,0.5088841082181991,0.4835162032348413,0.2974008166359277,0.5041236126669026,0.44473533099077095,0.4699013767485882,0.5154694603309844,0.4959727418664121,0.0,0.0,0.4446214320667024,0.5007643101259218,0.0,0.0,0.0,0.530056206149347,0.0,0.5172413395021412,0.0,0.39860391512023896,0.0,0.3641430277306199,0.0,0.0,0.5372999109863054,0.5098011757575829,0.41974922322799846,0.4390841945822698,0.0,0.5160453545434697,0.46592442124957767,0.4792723347072051,0.5469435726149632,0.35555805291404535,0.44212279254485576,0.4898555844895634,0.533122900262235,0.5505823074300658,0.5179588706976095,0.6701548859150379,0.49919945068702903
0.4654096950419553,0.46171505247281536,0.42738921438077176,0.2921272649236044,0.4008760428279329,0.435227914581067,0.3797260228241951,0.42182681976156494,0.41320569932860496,0.33050986126874055,0.4291238724255811,0.2845084427022288,0.38935448131503536,0.20534812129808347,0.47416958461991887,0.46244816917648107,0.4212433850291064,0.42247371107914,0.4094863078187251,0.471286540342706,0.4916820220378397,0.4933428531446187,0.4276678813844545,0.2976237394251843,0.4128596485166078,0.453304883665297,0.4205580426946722,0.37814752431188137,0.4588744035619449,0.41523581138553434,0.48423410631119534,0.0,0.34320495733732653,0.35633389131918475,0.37481357846162705,0.2725369213570324,0.3267019327158293,0.27825239754487346,0.43388132919410755,0.39169238555039315,0.4440352858513759,0.41768612535677996,0.49902781593150425,0.32635820329346277,0.2986048952813242,0.4777683171272525,0.48966425151983956,0.0,0.0,0.0,0.5281391293095986,0.0,0.5323140123344746,0.0,0.3303678773039067,0.0,0.28801339756669614,0.42767784675170717,0.0,0.4994068483317054,0.4757256386701311,0.44189009950804475,0.46502384298567506,0.0,0.5064895745948007,0.5283979785999209,0.5005625609165975,0.533325237354072,0.26525080466955836,0.46669095277851547,0.500628781891204,0.5431265508610953,0.47682354751184547,0.5507356671657091,0.5402662764249314,0.49379931022293383
0.3900226046479616,0.39870066893718414,0.0,0.3158232879854684,0.4668980917875663,0.4006597758220082,0.41653454480716184,0.44307430103699164,0.4569186409210948,0.30984274745064494,0.4610540002974172,0.2542202556005315,0.4306193338273086,0.0,0.4124976234084331,0.377768057028649,0.37688098212526977,0.3692349745594237,0.0,0.4049524773038738,0.42455342378969746,0.46620562182675135,0.37502047358826524,0.24290300176964846,0.3330555499126753,0.37848816543689606,0.3520559362541828,0.38017517818000574,0.37404282692621416,0.0,0.34901994714998286,0.34320495733732653,0.0,0.24411377448869984,0.38181065615055465,0.0,0.31696386606762855,0.2409496383142329,0.41884263001358807,0.3973208423006432,0.43480843387021106,0.4322732612852034,0.0,0.0,0.2984976544798221,0.44677680601500175,0.47674032364456287,0.0,0.0,0.0,0.4642125963280917,0.0,0.0,0.0,0.35087319201150524,0.0,0.343683305571822,0.4891488018443438,0.0,0.47599121472829486,0.46648412145279,0.3837891405625706,0.4228828116632348,0.0,0.4760060332244518,0.4868951499207733,0.4864001482432342,0.4490421426656846,0.3113372327698763,0.4264701697058696,0.4517641764362725,0.4462686892839931,0.0,0.4768672369317542,0.0,0.42980276131345324
0.39573540285132236,0.3940974977096929,0.46245308359047915,0.27654662807123964,0.44000908356763163,0.43557699297014874,0.3978588210717676,0.5536817621136849,0.44196344972017737,0.324712041254993,0.44131275010076093,0.273797033419886,0.4195862865687569,0.3965667642692672,0.4591397933597174,0.39271504772332355,0.36535104887366143,0.3742128098778968,0.44556035423501816,0.41233500966747616,0.4538341071066879,0.44468329950767466,0.44664727026437184,0.2890023368754716,0.35831710221101454,0.3976602867703177,0.41891205534787157,0.37768375872408205,0.4097613771416635,0.3771882124879534,0.31389436554593353,0.35633389131918475,0.24411377448869984,0.0,0.30087759968110195,0.44053608352210855,0.3229265052030093,0.2588968751872928,0.47547821434918214,0.4303352285556358,0.463521192636861,0.47861886114196633,0.48616133475202633,0.33015335511835214,0.37396826238046127,0.44373690040103453,0.47191371659723347,0.0,0.0,0.0,0.5331919511660548,0.0,0.5223772733998434,0.0,0.3535023817457929,0.6002902718320102,0.3270597602379174,0.5096263275726755,0.0,0.4982426746593778,0.46895639198937167,0.42037451732017506,0.43511407594685775,0.0,0.5326461768786278,0.47727528142132886,0.49004307153511373,0.5553808242119043,0.3504762297260657,0.44720228442613996,0.47491756904040794,0.552476069907894,0.4743326444150316,0.5331969583690914,0.6074632701923839,0.46266929147807984
0.45623651965177064,0.45034356315979157,0.46205024263202443,0.3237922255864112,0.43174169738786355,0.46827055272872825,0.4237718627233677,0.5292450963671258,0.4409622802912007,0.3207832981242911,0.43456971601882854,0.3494062558699412,0.44626020733923943,0.3082030307409519,0.5072307234062696,0.4434184410116875,0.3634474272581041,0.3867701908704859,0.42481916145981097,0.48535953357699063,0.5121410460586283,0.5074640140173529,0.46483612481486775,0.34770851544486514,0.389675987571818,0.4630242738331609,0.43722633970718744,0.37690531337266786,0.4664414730149547,0.43846742669873157,0.3295170358133076,0.37481357846162705,0.38181065615055465,0.30087759968110195,0.0,0.4676870535966053,0.35685688452381176,0.31470909051450047,0.38858379631169354,0.41885721684957483,0.4510109869518604,0.41479215394460117,0.0,0.0,0.37752328267508634,0.4710739128374344,0.5384457922851175,0.0,0.0,0.0,0.0,0.0,0.5400900883162744,0.0,0.3817925354320824,0.0,0.3368842688688198,0.5156219094107775,0.0,0.5269027393276692,0.5089636688408585,0.48277440399850974,0.45670398898945663,0.0,0.5382309636011262,0.5387550180463769,0.526535852373133,0.548660956209411,0.0,0.46893608200213693,0.5200326399029965,0.5502558957010109,0.0,0.5721926612016279,0.0,0.5596417570765655
0.5158744848511048,0.0,0.41542310716034164,0.1954290513924862,0.24221310234882884,0.44731630122491955,0.2564012740111751,0.2287976333534384,0.4088001030915532,0.417671926756567,0.3187411250149602,0.3807103139220037,0.32952090466954326,0.21279193859926904,0.5534043888755312,0.0,0.0,0.0,0.37301397730356317,0.0,0.591233363152097,0.5731921771324913,0.4445814799824755,0.38827221250154814,0.0,0.5274948072205646,0.45348542522779794,0.2860333215494773,0.5299638795727027,0.0,0.5088841082181991,0.2725369213570324,0.0,0.44053608352210855,0.4676870535966053,0.0,0.20920563879742196,0.41572670119287974,0.4755794366678144,0.0,0.38316742141593924,0.3664157463564157,0.2804930971592578,0.0,0.0,0.0,0.0,0.0,0.0,0.37152167862913194,0.0,0.0,0.33390721304266224,0.0,0.0,0.34593184111987835,0.0,0.0,0.0,0.0,0.0,0.0,0.0,0.0,0.6413203079218461,0.0,0.0,0.5081048256066402,0.0,0.0,0.0,0.5716532815893766,0.0,0.0,0.0,0.0
0.0,0.0,0.4527871109076657,0.1805755962048776,0.3366510342505217,0.44818708598232515,0.27223396449559145,0.48311317250142205,0.4218768578809438,0.0,0.40915824676097384,0.3607119699771269,0.34137769324935413,0.1862703752492612,0.5211760105627604,0.0,0.0,0.0,0.42257498546891165,0.0,0.0,0.0,0.4463658414136203,0.3973642937403449,0.0,0.0,0.4373090734781864,0.2786921490375079,0.0,0.0,0.4835162032348413,0.3267019327158293,0.31696386606762855,0.3229265052030093,0.35685688452381176,0.20920563879742196,0.0,0.3809974551381027,0.2856341007137516,0.28973429870803974,0.39006849002173277,0.3620663333248777,0.0,0.0,0.0,0.0,0.0,0.0,0.0,0.0,0.0,0.0,0.0,0.0,0.0,0.0,0.0,0.0,0.0,0.0,0.0,0.0,0.0,0.0,0.0,0.0,0.0,0.0,0.0,0.0,0.0,0.0,0.0,0.0,0.0,0.0
0.0,0.0,0.0,0.0,0.4516150987350419,0.0,0.4130572047829948,0.0,0.4617336598026492,0.26984266699915993,0.45103964603611363,0.244381547626654,0.40968368299449853,0.0,0.0,0.0,0.0,0.0,0.4909600733933572,0.0,0.0,0.0,0.0,0.2460122978241671,0.3288400959854582,0.3187469981247781,0.0,0.3899618334910679,0.0,0.0,0.2974008166359277,0.27825239754487346,0.2409496383142329,0.2588968751872928,0.31470909051450047,0.41572670119287974,0.3809974551381027,0.0,0.28700965805014633,0.2615555906499534,0.3703974641301531,0.26434344240964924,0.0,0.0,0.22817841408986433,0.0,0.0,0.0,0.0,0.0,0.0,0.0,0.0,0.0,0.2984855357234709,0.0,0.2421691231869425,0.0,0.0,0.0,0.0,0.0,0.0,0.0,0.0,0.0,0.0,0.0,0.2624034864349303,0.0,0.4343526036507458,0.0,0.0,0.0,0.0,0.0
0.4506322806658874,0.4724742864815126,0.47621322350248374,0.0,0.40341786065379687,0.4799197433131405,0.4684920269062406,0.48827083515989766,0.4628329730436716,0.35982734168952524,0.38810290979214007,0.2790802351383518,0.4755949398379759,0.31143837195440877,0.49615727151299865,0.4919474204899089,0.0,0.4649528818495818,0.42147312922967806,0.4890811397050724,0.49317216168370676,0.49696364066258325,0.48710507752854215,0.28049493688046884,0.45304130138121385,0.46929646395082936,0.47245551812355946,0.47480457948821875,0.5140641937460211,0.5222116404451621,0.5041236126669026,0.43388132919410755,0.41884263001358807,0.47547821434918214,0.38858379631169354,0.4755794366678144,0.2856341007137516,0.28700965805014633,0.0,0.3172238224739961,0.3786496571047466,0.3949732307229152,0.2926030227338243,0.3337894298030683,0.28388618264493165,0.4150451546142904,0.40931622783156946,0.3453374027106318,0.31082641763918767,0.3614598245132419,0.4616671706535506,0.39296522126130085,0.42023859550721243,0.3674112902998783,0.3180879615863709,0.3067724635865832,0.2723348925095293,0.4051005948025615,0.28009759618134483,0.4340928794149275,0.42291948763229176,0.39129073453019747,0.38960368341677276,0.37333078459269164,0.4538840381797546,0.4566692329940771,0.4488039607597026,0.4457954856867038,0.3309506100172854,0.3889590950655182,0.4259364102853323,0.4407303731567996,0.37947245138575797,0.45832870122799546,0.45276786713596257,0.40157965003327106
