0.0,0.24771218418293994,0.0,0.0,0.0,0.30800164897734045,0.0,0.3333997852044713,0.0,0.0,0.0,0.0,0.0,0.33307134920961334,0.2620247454924838,0.21608367560449462,0.0,0.19056873112387182,0.0,0.288529131868333,0.26666165190662,0.23386158527911735,0.3034013097109766,0.1736143971652181,0.1908139363081166,0.16598995449468895,0.2988432630581463,0.33108376603508055,0.3082576298608218,0.0,0.20919944077515912,0.2524472965812448,0.17452392264144032,0.22768268962498467,0.2595416849560018,0.0,0.0,0.0,0.24491870643590258,0.22619891911314732,0.2345336813251458,0.0,0.0,0.0,0.0,0.15151511024825773,0.2607430390798623,0.0,0.0,0.0,0.0,0.0,0.0,0.0,0.0,0.0,0.0,0.0,0.0,0.0,0.25780287954783376,0.0,0.20531546962411518,0.0,0.0,0.155549099602183,0.2397060086781056,0.0,0.0,0.22095639756272994,0.2908819181054113,0.0,0.0,0.0,0.0,0.24245363782807006
0.24771218418293994,0.0,0.0,0.0,0.2847349978357062,0.26658914590934746,0.2817833590364095,0.31494383592096364,0.2664224286426671,0.0,0.0,0.0,0.27651733637421044,0.0,0.2657241862234948,0.2374914923755177,0.0,0.2247028220999933,0.0,0.2822973899952418,0.26452754393910893,0.25552040033483026,0.2812474649060094,0.28184917240804047,0.23260324758589784,0.24193995068266277,0.2904951143242192,0.2793540040784601,0.27580701396069773,0.0,0.2165637520015608,0.255188721114849,0.20467796898519405,0.23932604876584407,0.28487881020845957,0.0,0.0,0.0,0.2827657431326471,0.2758104253679423,0.24893385040651037,0.28796351519082863,0.0,0.0,0.0,0.2724215742048366,0.2559066665531501,0.0,0.0,0.0,0.0,0.0,0.0,0.0,0.0,0.0,0.0,0.0,0.0,0.31088493036518444,0.27390595600689555,0.0,0.27916985137656164,0.0,0.2920767278550643,0.29784063613489964,0.26996111386960076,0.3223504983320168,0.0,0.2837796800911577,0.2978158393819239,0.0,0.0,0.2921418272718477,0.0,0.26769116130003323
0.0,0.0,0.0,0.3163650810779814,0.2666983749910122,0.2658065547645856,0.29139059784200894,0.32321383728669,0.2118334920790614,0.0,0.22646484686717872,0.0,0.2943496571102333,0.3312216887489313,0.0,0.0,0.0,0.0,0.21058063834741428,0.0,0.0,0.2958062372520875,0.24126844285488705,0.0,0.3349100530316527,0.35318075948151223,0.2291097516622444,0.30377584242163,0.26949828090036454,0.31824689426417674,0.31695347968048293,0.29315440812127175,0.0,0.3165729222028127,0.0,0.2894228496231776,0.30758017181949465,0.0,0.3658788034871061,0.0,0.41923237252988466,0.0,0.3240218156884913,0.0,0.0,0.0,0.0,0.2634045076497795,0.0,0.3786950647148441,0.3692584275668594,0.39557307571619676,0.37032901376743804,0.34328479417507524,0.0,0.2825965907803237,0.0,0.38722640681910403,0.34367767514187214,0.0,0.0,0.0,0.0,0.2860740633808824,0.0,0.0,0.0,0.39953391898414253,0.0,0.0,0.0,0.3916955734852843,0.4109422842386022,0.0,0.0,0.0
0.0,0.0,0.3163650810779814,0.0,0.19141925672123505,0.28759169363734755,0.16838771236235175,0.27033112393054193,0.0,0.21719632842329986,0.27640436484636827,0.0,0.2012825455767955,0.16946101138563738,0.0,0.0,0.0,0.0,0.28707591124918486,0.29835528334373945,0.0,0.2691299507538235,0.2788150596990923,0.17999389054338105,0.0,0.0,0.2844085723362484,0.13598017266556753,0.3088989108398054,0.0,0.23007412233016733,0.2156551443170482,0.0,0.24736802169680186,0.1465935386309997,0.12659521811272229,0.12072605499051713,0.19803554997364678,0.0,0.0,0.0,0.0,0.0,0.0,0.0,0.0,0.0,0.0,0.0,0.0,0.0,0.0,0.0,0.0,0.0,0.0,0.0,0.0,0.0,0.0,0.0,0.0,0.0,0.0,0.0,0.0,0.0,0.0,0.0,0.0,0.0,0.0,0.0,0.0,0.0,0.0
0.0,0.2847349978357062,0.2666983749910122,0.19141925672123505,0.0,0.26284188235063377,0.22189967013885303,0.29438429037366,0.23392304950520873,0.28476887669939666,0.239829599706786,0.28089640390104337,0.2560974270162619,0.19086030951571284,0.0,0.0,0.0,0.0,0.2653730442075656,0.2749093206610378,0.0,0.27545184256740823,0.2739057186239995,0.28051343634558773,0.28364588336405494,0.29529039005354024,0.2636995430501368,0.27705377380786034,0.29093732995787486,0.0,0.3185637422018522,0.25859267691881926,0.29523797147017217,0.31121673126264326,0.0,0.12759689663297286,0.1773756041963292,0.27964431152791425,0.0,0.0,0.0,0.0,0.2483727366617324,0.0,0.0,0.0,0.0,0.3761455093632365,0.0,0.0,0.38049180432549634,0.0,0.3531409939680302,0.4054302741627365,0.0,0.3388892698640328,0.0,0.0,0.34437264596101874,0.0,0.0,0.0,0.0,0.3767123257220741,0.0,0.0,0.0,0.36155261896469876,0.0,0.0,0.0,0.3780423654817845,0.0,0.0,0.0,0.0
0.30800164897734045,0.26658914590934746,0.2658065547645856,0.28759169363734755,0.26284188235063377,0.0,0.283370045051525,0.29542035395373445,0.22758009001099913,0.301816031432701,0.26489618349558514,0.0,0.2689015493941269,0.33363554911314636,0.28627916058711783,0.26935604082714454,0.0,0.2618866563109593,0.2699188846673316,0.263768553430187,0.28069067002848097,0.27522087002563506,0.2716853236077401,0.3676271362974681,0.2536365347398387,0.2703156310666844,0.26197446605986296,0.2667322903954353,0.22319465232813493,0.3022962761923181,0.29796642807666923,0.29065106326841866,0.26278685260514273,0.3041095374957325,0.27729411168505064,0.298736803096182,0.29790138864564664,0.31660453038515274,0.3354670221547416,0.0,0.34240005471638896,0.0,0.333730679970977,0.0,0.0,0.0,0.0,0.368952490516534,0.0,0.3902508379900267,0.34544957099768286,0.36529495703328796,0.33460976980108753,0.3691753792507352,0.0,0.36490729957259466,0.0,0.35563960013047025,0.0,0.3211587172242096,0.0,0.0,0.0,0.36847269804948185,0.32939318237756626,0.3184546628895659,0.0,0.3476141058003923,0.0,0.0,0.3276100622032016,0.3408883299957045,0.3435118531104666,0.3250192966289301,0.35464053438387205,0.34652173263441616
0.0,0.2817833590364095,0.29139059784200894,0.16838771236235175,0.22189967013885303,0.283370045051525,0.0,0.3072563878558862,0.2520076740786268,0.2540532140779453,0.2994844146884614,0.0,0.228068199155324,0.2266913175286434,0.0,0.2990548525981565,0.0,0.0,0.2965794229909193,0.2834226253834938,0.3249605395190898,0.29738825768911276,0.28442780492899483,0.0,0.2800803156745262,0.27958379875204864,0.2814490995031785,0.2592484548988431,0.2926811323525628,0.0,0.2781479779128775,0.2557714410503621,0.28992762486126716,0.2809335591129736,0.351478648704634,0.19621525034540674,0.14898031527328448,0.23945272144974752,0.0,0.0,0.0,0.0,0.0,0.0,0.0,0.0,0.0,0.39670176025479087,0.0,0.5226920468383854,0.37039642951366075,0.43774309319124005,0.0,0.42123311672998187,0.0,0.4193241537393424,0.0,0.0,0.0,0.0,0.0,0.0,0.0,0.43534802460466,0.0,0.0,0.0,0.35872335610099476,0.0,0.0,0.0,0.3597744083924127,0.0,0.38514742489085396,0.0,0.0
0.3333997852044713,0.31494383592096364,0.32321383728669,0.27033112393054193,0.29438429037366,0.29542035395373445,0.3072563878558862,0.0,0.33645207922850195,0.29606298107836115,0.2652882777438159,0.0,0.307078125914599,0.26001192149305735,0.0,0.3099141120879632,0.0,0.0,0.32769791417523325,0.27665797677115905,0.28730523504433886,0.2966408406716819,0.2601159165874413,0.31215369109237784,0.24960111271387714,0.2968107217711635,0.2974276652009221,0.3064652860245038,0.2746289007821299,0.3069919022229411,0.3278946024971683,0.30550897800874255,0.2978171498348565,0.35142218396953145,0.35555078609897006,0.1917802103927486,0.3133214055921989,0.0,0.343647749358636,0.0,0.33891797151965536,0.0,0.20063175720905313,0.0,0.0,0.0,0.0,0.358160943824339,0.0,0.3185777023506055,0.3190085403695183,0.33945414368021215,0.2555487521248146,0.3482386289637344,0.0,0.29992117194766194,0.0,0.32576251447482285,0.23775164973331792,0.0,0.0,0.0,0.0,0.3506993976998483,0.0,0.33158480884147296,0.0,0.3314735295581176,0.0,0.0,0.0,0.33076883269873153,0.32623984822980195,0.30844439919449956,0.0,0.35004553455372456
0.0,0.2664224286426671,0.2118334920790614,0.0,0.23392304950520873,0.22758009001099913,0.2520076740786268,0.33645207922850195,0.0,0.30754383276440883,0.22039069412470255,0.0,0.2619697967973243,0.33813777386279603,0.0,0.0,0.0,0.0,0.18853009794687264,0.0,0.0,0.26946773866697254,0.2686138335643994,0.3452355067687719,0.26689702625380973,0.2897939725759488,0.25677728195316807,0.29641456597441196,0.2699482192859446,0.31560962787775204,0.31537429818966267,0.2903031431552244,0.30192517059663554,0.3092744204170072,0.0,0.2888963053832697,0.2915132156121363,0.30733729714056024,0.0,0.0,0.0,0.0,0.3148780338606792,0.0,0.0,0.0,0.0,0.38086976915439835,0.0,0.40300908571895566,0.363379387320761,0.4016979474843023,0.35212126401396454,0.3874094526807673,0.0,0.3633965433481836,0.0,0.0,0.0,0.0,0.0,0.0,0.0,0.3855138687898041,0.0,0.0,0.0,0.3912950238270582,0.0,0.0,0.0,0.38216102877954705,0.0,0.35026009613467424,0.0,0.0
0.0,0.0,0.0,0.21719632842329986,0.28476887669939666,0.301816031432701,0.2540532140779453,0.29606298107836115,0.30754383276440883,0.0,0.3006768897621582,0.1317841931478984,0.24920492257596133,0.2538557362407373,0.0,0.0,0.14576927800738684,0.0,0.31043994980888795,0.0,0.0,0.0,0.0,0.16071919500833828,0.10041291078248404,0.11232286810514518,0.0,0.22959001995400025,0.0,0.0,0.15290975471210125,0.24733146865495909,0.13451821100761982,0.15773293904299435,0.1619405579507526,0.22771560329535512,0.13252197433160529,0.1224848155716989,0.0,0.21438987972386053,0.20931319698134873,0.0,0.0,0.0,0.20611682792581715,0.0,0.0,0.0,0.0,0.0,0.0,0.0,0.0,0.0,0.24450130064485254,0.0,0.2435631382719155,0.0,0.0,0.0,0.0,0.0,0.0,0.0,0.0,0.0,0.0,0.0,0.0,0.0,0.0,0.0,0.0,0.0,0.0,0.1829231433891212
0.0,0.0,0.22646484686717872,0.27640436484636827,0.239829599706786,0.26489618349558514,0.2994844146884614,0.2652882777438159,0.22039069412470255,0.3006768897621582,0.0,0.2962856944327112,0.3001195242186172,0.22760654262833702,0.0,0.0,0.0,0.0,0.20121946722294462,0.0,0.0,0.0,0.22383929449934825,0.29252058523286956,0.3439653804056557,0.0,0.26665630482002195,0.3004223504743336,0.0,0.5405736562767615,0.33617595269394085,0.2901296155421825,0.3248418459209571,0.3122922866831476,0.2528868621135015,0.2125859112500915,0.2875734603865902,0.29607436507622853,0.3036657924821312,0.0,0.0,0.0,0.28365811997871554,0.0,0.0,0.0,0.0,0.3462553687293078,0.0,0.31766467733811937,0.36726302724136384,0.3594904927979062,0.3121690889566309,0.34975983866217586,0.0,0.2754863540443843,0.0,0.0,0.2945433599412549,0.0,0.0,0.0,0.0,0.2950530402513979,0.0,0.0,0.0,0.36539898550943534,0.0,0.0,0.0,0.37756869123674025,0.0,0.0,0.0,0.0
0.0,0.0,0.0,0.0,0.28089640390104337,0.0,0.0,0.0,0.0,0.1317841931478984,0.2962856944327112,0.0,0.2529589148791114,0.0,0.0,0.0,0.16981799811746168,0.16333989157791154,0.3382709627208508,0.0,0.0,0.0,0.0,0.14765063178442295,0.0,0.10195062933888485,0.0,0.22489660638703768,0.0,0.0,0.17561927981012315,0.0,0.12466867026705242,0.13804656352688643,0.0,0.1914059953263842,0.1772817865705152,0.11821873632828152,0.17486185730991397,0.0,0.0,0.20937418840782074,0.19180593034027757,0.20243939963712046,0.0,0.0,0.0,0.0,0.0,0.0,0.0,0.0,0.0,0.0,0.234247500818328,0.0,0.22036645476681324,0.0,0.0,0.0,0.0,0.0,0.0,0.0,0.0,0.0,0.0,0.0,0.0,0.0,0.0,0.0,0.207756351150371,0.0,0.0,0.0
0.0,0.27651733637421044,0.2943496571102333,0.2012825455767955,0.2560974270162619,0.2689015493941269,0.228068199155324,0.307078125914599,0.2619697967973243,0.24920492257596133,0.3001195242186172,0.2529589148791114,0.0,0.22730646396269294,0.272749926987595,0.2933401570921062,0.0,0.273955835811739,0.29661888489377713,0.28126290500270656,0.30265032061458946,0.29708490342906707,0.28805039024258156,0.24808003512030147,0.2645860731439495,0.2746688220460596,0.2867269400774828,0.23859396809996086,0.2753149751784669,0.2588610015704629,0.27742058536875963,0.2710370333613938,0.27996100107621263,0.2840351125715866,0.3152216693219707,0.24290982654999646,0.24526432059907502,0.24667124938877932,0.3303178828877552,0.0,0.0,0.0,0.0,0.0,0.0,0.0,0.0,0.38831645028075606,0.0,0.0,0.354877308890894,0.4140345599346992,0.0,0.4110464306829972,0.0,0.0,0.0,0.0,0.0,0.0,0.0,0.0,0.0,0.4168804116547398,0.37492829932755584,0.0,0.0,0.34389212640306915,0.0,0.0,0.0,0.3404844506803781,0.36816333970346987,0.3400943472487255,0.0,0.0
0.33307134920961334,0.0,0.3312216887489313,0.16946101138563738,0.19086030951571284,0.33363554911314636,0.2266913175286434,0.26001192149305735,0.33813777386279603,0.2538557362407373,0.22760654262833702,0.0,0.22730646396269294,0.0,0.0,0.0,0.0,0.0,0.2937831487584439,0.0,0.31709658625316944,0.0,0.3001091920256401,0.0,0.0,0.0,0.33806856733564966,0.2451134907671117,0.0,0.0,0.2651181079096844,0.1775975631862867,0.0,0.25863699485412145,0.0,0.13177605386478627,0.10978594976141579,0.29545140714184603,0.0,0.0,0.0,0.0,0.2301663368339192,0.0,0.0,0.0,0.0,0.36175636646976206,0.0,0.0,0.0,0.0,0.270386356345397,0.34639425385833916,0.0,0.2994772242707756,0.0,0.0,0.0,0.0,0.0,0.0,0.0,0.0,0.0,0.0,0.0,0.33756338506585015,0.0,0.0,0.0,0.0,0.0,0.0,0.0,0.0
0.2620247454924838,0.2657241862234948,0.0,0.0,0.0,0.28627916058711783,0.0,0.0,0.0,0.0,0.0,0.0,0.272749926987595,0.0,0.0,0.2570164885205492,0.0,0.0,0.0,0.19146377804906653,0.2592154376648417,0.19303888605252933,0.20604959529177908,0.29325399533865565,0.252069751599498,0.25030667534973916,0.2337199708551286,0.2645296259614148,0.24432543764439593,0.0,0.2700770141608467,0.29628474823175993,0.26226804224181544,0.3016563751332559,0.32504593158903655,0.3187965287719843,0.3029716045579236,0.0,0.3155035835566698,0.29608030058415213,0.3225011351759036,0.33788383058231497,0.3631103848615126,0.0,0.0,0.0,0.3129012390858134,0.0,0.0,0.0,0.0,0.0,0.0,0.0,0.0,0.0,0.0,0.0,0.0,0.3146350006544913,0.3228494855468844,0.0,0.0,0.0,0.29468582411178296,0.3075676967719222,0.3112587916118605,0.31245328094292324,0.0,0.0,0.33724141656837753,0.315508178536347,0.34462006402606904,0.3059336822482413,0.0,0.31987986757893677
0.21608367560449462,0.2374914923755177,0.0,0.0,0.0,0.26935604082714454,0.2990548525981565,0.3099141120879632,0.0,0.0,0.0,0.0,0.2933401570921062,0.0,0.2570164885205492,0.0,0.0,0.1931215275846369,0.0,0.250510568551416,0.23860597002222672,0.23925509548979865,0.26386288912840977,0.20210265837407004,0.2238345343236689,0.23643633091530294,0.2773653851852298,0.28987139187532734,0.2758697219611701,0.2749456766048274,0.2166410484987303,0.24890384503832846,0.23309970669645177,0.258469181324522,0.27300796751520773,0.0,0.0,0.0,0.25909059336841245,0.2657372775786376,0.2568059769158899,0.279226918368525,0.0,0.0,0.0,0.23546811350997668,0.27508914822629016,0.0,0.0,0.0,0.0,0.0,0.0,0.0,0.0,0.0,0.0,0.0,0.0,0.0,0.2647703139435752,0.0,0.24064367217579236,0.0,0.0,0.0,0.2765754771975752,0.0,0.0,0.26559717549285283,0.28173917510204527,0.0,0.0,0.0,0.0,0.25748839803371854
0.0,0.0,0.0,0.0,0.0,0.0,0.0,0.0,0.0,0.14576927800738684,0.0,0.16981799811746168,0.0,0.0,0.0,0.0,0.0,0.12689850689284904,0.0,0.0,0.0,0.0,0.0,0.1712765718421933,0.16025369211289806,0.0,0.0,0.24191885484469566,0.0,0.0,0.17838831580991144,0.0,0.14512697709477496,0.17405747597739074,0.0,0.0,0.0,0.0,0.0,0.0,0.0,0.0,0.0,0.0,0.0,0.0,0.0,0.0,0.0,0.0,0.0,0.0,0.0,0.0,0.242568088181123,0.0,0.0,0.0,0.0,0.0,0.0,0.0,0.0,0.0,0.0,0.0,0.0,0.0,0.0,0.19881499556417312,0.23381540133817943,0.0,0.0,0.0,0.0,0.0
0.19056873112387182,0.2247028220999933,0.0,0.0,0.0,0.2618866563109593,0.0,0.0,0.0,0.0,0.0,0.16333989157791154,0.273955835811739,0.0,0.0,0.1931215275846369,0.12689850689284904,0.0,0.0,0.24148472710830673,0.26426820843666604,0.24049535868940586,0.0,0.16677532762762723,0.18174585312140673,0.18572975097938008,0.26292905461227495,0.26460304435149185,0.256009380726968,0.0,0.19847635776356953,0.0,0.18254953152198738,0.1901938152855796,0.0,0.0,0.0,0.0,0.2220070215304196,0.2242418967973363,0.20769354769089293,0.25019370172305105,0.0,0.0,0.0,0.20920057865642974,0.2560889884689661,0.0,0.0,0.0,0.0,0.0,0.0,0.0,0.20323218707868135,0.0,0.24029288453616232,0.0,0.0,0.0,0.24773160890867338,0.14922566571199564,0.2377220058801909,0.0,0.0,0.0,0.26443255491615136,0.0,0.2392102015219406,0.23404791422704727,0.22256201803325532,0.0,0.0,0.0,0.0,0.23104552997585842
0.0,0.0,0.21058063834741428,0.28707591124918486,0.2653730442075656,0.2699188846673316,0.2965794229909193,0.32769791417523325,0.18853009794687264,0.31043994980888795,0.20121946722294462,0.3382709627208508,0.29661888489377713,0.2937831487584439,0.0,0.0,0.0,0.0,0.0,0.0,0.0,0.0,0.2410592070267871,0.3788148514527928,0.0,0.0,0.2549139775196676,0.3036112088062418,0.0,0.0,0.32307757843425433,0.28965132311899616,0.3445155137221052,0.31424638804333493,0.26760608610463915,0.26145268831209245,0.2993562484241677,0.317939240275049,0.0,0.0,0.0,0.0,0.29827434193890123,0.0,0.0,0.0,0.0,0.3148903820668406,0.0,0.3773506894134286,0.37663251888508553,0.4040454584174518,0.3567065492522948,0.38299750041079167,0.0,0.305167933135567,0.0,0.4169806841431383,0.30381567612697186,0.0,0.0,0.0,0.0,0.3411944396900755,0.0,0.0,0.0,0.3900091219664726,0.0,0.0,0.0,0.38737521055567853,0.0,0.0,0.0,0.0
0.288529131868333,0.2822973899952418,0.0,0.29835528334373945,0.2749093206610378,0.263768553430187,0.2834226253834938,0.27665797677115905,0.0,0.0,0.0,0.0,0.28126290500270656,0.0,0.19146377804906653,0.250510568551416,0.0,0.24148472710830673,0.0,0.0,0.2687492026893072,0.23043747338726703,0.1804666501889207,0.3642244593436733,0.26149846458614767,0.275382433602179,0.20990580065856462,0.2580161470506168,0.22698577172337833,0.24170246925366906,0.253328396182474,0.2920947681675395,0.2497643179927425,0.28499649221629836,0.3131447008500873,0.33385819485560947,0.30230914577922513,0.0,0.30772654241229175,0.3057309653454025,0.3251738728618583,0.3302281025452963,0.41286746433341054,0.0,0.0,0.0,0.2915832668403593,0.0,0.0,0.0,0.0,0.0,0.0,0.0,0.0,0.0,0.0,0.0,0.0,0.309757072962073,0.3275685722565188,0.0,0.0,0.0,0.2962274871142325,0.30245973280292604,0.2989033602468202,0.3190824172845539,0.0,0.3525513982277748,0.3100385704254633,0.3156654047984735,0.34043970699434556,0.3159944189372942,0.0,0.31902899516231487
0.26666165190662,0.26452754393910893,0.0,0.0,0.0,0.28069067002848097,0.3249605395190898,0.28730523504433886,0.0,0.0,0.0,0.0,0.30265032061458946,0.31709658625316944,0.2592154376648417,0.23860597002222672,0.0,0.26426820843666604,0.0,0.2687492026893072,0.0,0.27239363906696207,0.2675115293584022,0.28214410092411074,0.27741669863235796,0.2510483777527016,0.2751718096145428,0.2975885764366002,0.27542634971767155,0.30520178768733214,0.28032281030216644,0.2986198033762101,0.20027669883773722,0.3015738978091201,0.30497409999856434,0.3506578964283761,0.0,0.0,0.297158576904206,0.2790027305001247,0.3217843560747687,0.3367480769729462,0.0,0.0,0.0,0.16784297885808366,0.2995674984323723,0.0,0.0,0.0,0.0,0.0,0.21495453400086006,0.0,0.0,0.0,0.0,0.0,0.0,0.302856784096365,0.2997222127039568,0.0,0.0,0.0,0.29380950390874283,0.2320046389220107,0.30260290104439924,0.3021901915661482,0.0,0.0,0.3229641613215855,0.3103333856052291,0.3141463971305213,0.2800286315304827,0.33940564075505325,0.32167809174343803
0.23386158527911735,0.25552040033483026,0.2958062372520875,0.2691299507538235,0.27545184256740823,0.27522087002563506,0.29738825768911276,0.2966408406716819,0.26946773866697254,0.0,0.0,0.0,0.29708490342906707,0.0,0.19303888605252933,0.23925509548979865,0.0,0.24049535868940586,0.0,0.23043747338726703,0.27239363906696207,0.0,0.2392593577064198,0.2606448501125158,0.25370055641600575,0.24657702592754135,0.28589870584396404,0.2792788186410112,0.2599912515132736,0.2635017438917964,0.2573240584831712,0.29353174700574625,0.24604942618216216,0.28467279054516437,0.3079339587910391,0.34368786485109165,0.309871684415656,0.0,0.3018706138533503,0.290058598637843,0.30848763251551414,0.323043133240537,0.37750806801323855,0.0,0.0,0.2786678064775627,0.27727258454671583,0.0,0.0,0.0,0.0,0.0,0.0,0.0,0.0,0.0,0.0,0.0,0.0,0.3220888153824546,0.28106095808455345,0.0,0.29126775149787176,0.0,0.29908249920950936,0.30887622075780086,0.30271723005439233,0.3157727973521467,0.0,0.27738159578349825,0.30940309650643766,0.3104480988271165,0.0,0.30455173216258163,0.0,0.3043652172348048
0.3034013097109766,0.2812474649060094,0.24126844285488705,0.2788150596990923,0.2739057186239995,0.2716853236077401,0.28442780492899483,0.2601159165874413,0.2686138335643994,0.0,0.22383929449934825,0.0,0.28805039024258156,0.3001091920256401,0.20604959529177908,0.26386288912840977,0.0,0.0,0.2410592070267871,0.1804666501889207,0.2675115293584022,0.2392593577064198,0.0,0.3094746542663975,0.25350338848404447,0.28050160581684047,0.22572859926895222,0.28959048180066166,0.2645468093971926,0.2889106930224353,0.2957085423271568,0.29117372687678794,0.269995139809071,0.3150942459445214,0.0,0.3057032489220096,0.30742250598824095,0.0,0.3392337846374502,0.2788510598915855,0.3542585706475488,0.35434911117966855,0.31528264410407336,0.0,0.0,0.0,0.0,0.23538088620193806,0.0,0.37498227312919624,0.34661457306644716,0.35737140854464267,0.32996449482094076,0.3701645294814436,0.0,0.332590193429721,0.0,0.3487023674931557,0.2759636443230725,0.31247458182175897,0.0,0.0,0.0,0.24794678012258892,0.3195353221718202,0.31069381449767103,0.312097995460913,0.35195407920738625,0.0,0.0,0.3212417564246996,0.3482638974379446,0.3456902832348093,0.32978371030954884,0.3431244220464611,0.3447312152725043
0.1736143971652181,0.28184917240804047,0.0,0.17999389054338105,0.28051343634558773,0.3676271362974681,0.0,0.31215369109237784,0.3452355067687719,0.16071919500833828,0.29252058523286956,0.14765063178442295,0.24808003512030147,0.0,0.29325399533865565,0.20210265837407004,0.1712765718421933,0.16677532762762723,0.3788148514527928,0.3642244593436733,0.28214410092411074,0.2606448501125158,0.3094746542663975,0.0,0.13952666135547806,0.15178048992275261,0.3333845490672479,0.21197926246460214,0.36736789076243714,0.0,0.15271534186324037,0.25146463087175647,0.13471435879498522,0.17741876812185178,0.23437351493848593,0.0,0.0,0.13548076182357227,0.0,0.12854871075848245,0.0,0.0,0.0,0.0,0.12121636634202895,0.0,0.0,0.0,0.0,0.0,0.0,0.0,0.0,0.0,0.2248474278552897,0.0,0.21617073072882026,0.0,0.0,0.0,0.0,0.0,0.23462457376572707,0.0,0.0,0.0,0.0,0.0,0.1912084224329571,0.23336681615035895,0.22601834526969466,0.0,0.0,0.0,0.0,0.0
0.1908139363081166,0.23260324758589784,0.3349100530316527,0.0,0.28364588336405494,0.2536365347398387,0.2800803156745262,0.24960111271387714,0.26689702625380973,0.10041291078248404,0.3439653804056557,0.0,0.2645860731439495,0.0,0.252069751599498,0.2238345343236689,0.16025369211289806,0.18174585312140673,0.0,0.26149846458614767,0.27741669863235796,0.25370055641600575,0.25350338848404447,0.13952666135547806,0.0,0.19569293915057248,0.2794735214668087,0.25796609633773554,0.2626893816151232,0.0,0.17659570608129183,0.22904289949353385,0.14636890510661188,0.173743314873502,0.21643135375656616,0.0,0.0,0.1653286120813547,0.25924474310405526,0.2432306618887987,0.2339534316721332,0.2625653866833247,0.0,0.0,0.0,0.2549283194515994,0.24910782783756882,0.0,0.0,0.0,0.0,0.0,0.0,0.0,0.22468906369001557,0.0,0.24524105342408306,0.0,0.0,0.0,0.2577554773696968,0.22189746613836545,0.24700369269418587,0.0,0.30399910983333983,0.0,0.2696659698430915,0.0,0.24755872628712944,0.2473101019994496,0.24777146592711632,0.0,0.29881725197949754,0.0,0.0,0.2453534677264054
0.16598995449468895,0.24193995068266277,0.35318075948151223,0.0,0.29529039005354024,0.2703156310666844,0.27958379875204864,0.2968107217711635,0.2897939725759488,0.11232286810514518,0.0,0.10195062933888485,0.2746688220460596,0.0,0.25030667534973916,0.23643633091530294,0.0,0.18572975097938008,0.0,0.275382433602179,0.2510483777527016,0.24657702592754135,0.28050160581684047,0.15178048992275261,0.19569293915057248,0.0,0.28826079117087705,0.27649202902690717,0.27240608210781425,0.0,0.22481171782693773,0.2652054435629829,0.21759938925558536,0.249188817349751,0.2843341519109395,0.34012120559203923,0.0,0.0,0.2892300179898545,0.28572391238100137,0.2956192508078825,0.30867827533131786,0.0,0.0,0.0,0.26880498508853323,0.2807215638712425,0.0,0.0,0.0,0.0,0.0,0.0,0.0,0.0,0.0,0.0,0.0,0.0,0.33552641308537723,0.2856183816489806,0.24888421321572737,0.24347984721596166,0.0,0.3164453919097923,0.3200820376748505,0.31418536853827006,0.3269491811596247,0.2608098720926568,0.24940225985320585,0.3191649048088667,0.32492696768022145,0.0,0.320551348219982,0.0,0.27371480074606364
0.2988432630581463,0.2904951143242192,0.2291097516622444,0.2844085723362484,0.2636995430501368,0.26197446605986296,0.2814490995031785,0.2974276652009221,0.25677728195316807,0.0,0.26665630482002195,0.0,0.2867269400774828,0.33806856733564966,0.2337199708551286,0.2773653851852298,0.0,0.26292905461227495,0.2549139775196676,0.20990580065856462,0.2751718096145428,0.28589870584396404,0.22572859926895222,0.3333845490672479,0.2794735214668087,0.28826079117087705,0.0,0.2812759649633596,0.25868224908084414,0.2746529998847492,0.2741423348333429,0.28955797599620586,0.266919978893235,0.3016477651828977,0.32878449760179607,0.3184977193933066,0.30204552455996964,0.0,0.33338279731914194,0.30358152195848404,0.3507833839086952,0.35169630306422683,0.3684853626156553,0.0,0.0,0.0,0.33221638822237104,0.3890342605286811,0.0,0.3920202528569063,0.3466680377485276,0.3732060546088976,0.33418657916100325,0.38697531814524855,0.0,0.37086327033463534,0.0,0.3527410693846301,0.0,0.31146947597826274,0.0,0.0,0.0,0.3959152313552598,0.32241917556201116,0.31203579993787406,0.31399108800993536,0.35027775232102737,0.0,0.0,0.3190467760391601,0.34084702565252273,0.3452481877804537,0.33089297439776916,0.35115559123089135,0.3439567442803485
0.33108376603508055,0.2793540040784601,0.30377584242163,0.13598017266556753,0.27705377380786034,0.2667322903954353,0.2592484548988431,0.3064652860245038,0.29641456597441196,0.22959001995400025,0.3004223504743336,0.22489660638703768,0.23859396809996086,0.2451134907671117,0.2645296259614148,0.28987139187532734,0.24191885484469566,0.26460304435149185,0.3036112088062418,0.2580161470506168,0.2975885764366002,0.2792788186410112,0.28959048180066166,0.21197926246460214,0.25796609633773554,0.27649202902690717,0.2812759649633596,0.0,0.2367011997427001,0.22271088351475393,0.26209545759317376,0.2692634419226354,0.27538145229457084,0.26597171724892776,0.0,0.17089365682706242,0.16042888594164603,0.2036823864142691,0.33901980286030287,0.0,0.35668208738123375,0.0,0.0,0.29254209087458016,0.0,0.0,0.0,0.0,0.0,0.0,0.34643326035619054,0.0,0.3301888560151042,0.0,0.0,0.0,0.0,0.40102219270647826,0.0,0.0,0.0,0.0,0.0,0.0,0.3355701143230353,0.0,0.0,0.3471849044579541,0.0,0.0,0.0,0.33835541794217033,0.3512861718464099,0.3337187774889091,0.4033958076423383,0.35839770756540457
0.3082576298608218,0.27580701396069773,0.26949828090036454,0.3088989108398054,0.29093732995787486,0.22319465232813493,0.2926811323525628,0.2746289007821299,0.2699482192859446,0.0,0.0,0.0,0.2753149751784669,0.0,0.24432543764439593,0.2758697219611701,0.0,0.256009380726968,0.0,0.22698577172337833,0.27542634971767155,0.2599912515132736,0.2645468093971926,0.36736789076243714,0.2626893816151232,0.27240608210781425,0.25868224908084414,0.2367011997427001,0.0,0.2551408136452217,0.244490801968221,0.2905410734084755,0.25817247639827984,0.29099501999999006,0.29580736401973867,0.3382255090600802,0.3123810503205752,0.0,0.3267923337753352,0.32074114282248345,0.34340197399442723,0.3574017512645113,0.3750643268243473,0.4953400719540998,0.0,0.0,0.3065950722916193,0.0,0.0,0.0,0.32856310306584896,0.0,0.31920477612775283,0.0,0.0,0.0,0.0,0.362204053931194,0.0,0.30744072830504143,0.0,0.0,0.0,0.0,0.3128289460755148,0.30689124454528127,0.30585617703521684,0.3282040559938081,0.0,0.0,0.3089289276024367,0.33038391768688413,0.33912739368190253,0.32127026481733456,0.3542131885335646,0.33366612250784167
0.0,0.0,0.31824689426417674,0.0,0.0,0.3022962761923181,0.0,0.3069919022229411,0.31560962787775204,0.0,0.5405736562767615,0.0,0.2588610015704629,0.0,0.0,0.2749456766048274,0.0,0.0,0.0,0.24170246925366906,0.30520178768733214,0.2635017438917964,0.2889106930224353,0.0,0.0,0.0,0.2746529998847492,0.22271088351475393,0.2551408136452217,0.0,0.23071886052491458,0.2610165538239609,0.0,0.28120352139411925,0.0,0.0,0.0,0.0,0.3385270513567113,0.0,0.396761799843136,0.0,0.0,0.0,0.0,0.0,0.0,0.0,0.0,0.0,0.37380009103684614,0.0,0.40377363483046563,0.0,0.0,0.0,0.0,0.0,0.0,0.0,0.0,0.0,0.0,0.0,0.0,0.0,0.0,0.35009762164758784,0.0,0.0,0.0,0.34507309774533523,0.4039487276000094,0.3521887942376355,0.0,0.4057464913497964
0.20919944077515912,0.2165637520015608,0.31695347968048293,0.23007412233016733,0.3185637422018522,0.29796642807666923,0.2781479779128775,0.3278946024971683,0.31537429818966267,0.15290975471210125,0.33617595269394085,0.17561927981012315,0.27742058536875963,0.2651181079096844,0.2700770141608467,0.2166410484987303,0.17838831580991144,0.19847635776356953,0.32307757843425433,0.253328396182474,0.28032281030216644,0.2573240584831712,0.2957085423271568,0.15271534186324037,0.17659570608129183,0.22481171782693773,0.2741423348333429,0.26209545759317376,0.244490801968221,0.23071886052491458,0.0,0.2702996981902284,0.20142703663519418,0.2016036365401339,0.2602493317786407,0.2810003362198191,0.2574714994782943,0.17323148273606187,0.32499993379462633,0.21829498648871506,0.3414124837643794,0.290149307924777,0.0,0.0,0.0,0.23724873698233018,0.2316390964301822,0.4203176995304825,0.0,0.0,0.35394433454272856,0.0,0.0,0.0,0.0,0.0,0.0,0.4260012021273604,0.0,0.2902832369737129,0.21022139495498948,0.0,0.2444229411165016,0.0,0.31724425616825414,0.2995965005338037,0.2886159177971956,0.3495491556451938,0.0,0.25115457860442686,0.26829214113721717,0.34764196489119786,0.3676305316201426,0.3367219594799704,0.4313392045260499,0.3709406615782851
0.2524472965812448,0.255188721114849,0.29315440812127175,0.2156551443170482,0.25859267691881926,0.29065106326841866,0.2557714410503621,0.30550897800874255,0.2903031431552244,0.24733146865495909,0.2901296155421825,0.0,0.2710370333613938,0.1775975631862867,0.29628474823175993,0.24890384503832846,0.0,0.0,0.28965132311899616,0.2920947681675395,0.2986198033762101,0.29353174700574625,0.29117372687678794,0.25146463087175647,0.22904289949353385,0.2652054435629829,0.28955797599620586,0.2692634419226354,0.2905410734084755,0.2610165538239609,0.2702996981902284,0.0,0.23987715568284967,0.2803163706293715,0.29607361068648397,0.18955197018104322,0.21216044859791156,0.17700412214233624,0.21042445003980836,0.21660698391442762,0.3041695053514255,0.2035541987583736,0.23346737060279318,0.2067434164096496,0.14613274241149724,0.0,0.28192131435656975,0.0,0.0,0.0,0.34634960111371027,0.0,0.33401871969223523,0.0,0.0,0.0,0.0,0.34884812482668237,0.0,0.32182899895312983,0.2816030931503409,0.0,0.26342711067108804,0.0,0.3136189501086815,0.32595371970060383,0.3040541650414337,0.34162457163541515,0.0,0.2816690654325365,0.30581549003287006,0.34222090042609304,0.3074309260391794,0.3338197417647503,0.3456391125566012,0.3309982893400601
0.17452392264144032,0.20467796898519405,0.0,0.0,0.29523797147017217,0.26278685260514273,0.28992762486126716,0.2978171498348565,0.30192517059663554,0.13451821100761982,0.3248418459209571,0.12466867026705242,0.27996100107621263,0.0,0.26226804224181544,0.23309970669645177,0.14512697709477496,0.18254953152198738,0.3445155137221052,0.2497643179927425,0.20027669883773722,0.24604942618216216,0.269995139809071,0.13471435879498522,0.14636890510661188,0.21759938925558536,0.266919978893235,0.27538145229457084,0.25817247639827984,0.0,0.20142703663519418,0.23987715568284967,0.0,0.17101408885493063,0.3295479107274956,0.1813729224637107,0.0,0.11517400298089349,0.19188803416635675,0.27117898326736617,0.32622708250975424,0.0,0.0,0.23514154858075917,0.21197452002947886,0.0,0.2737096579842601,0.0,0.0,0.0,0.0,0.0,0.0,0.0,0.21275315759397329,0.0,0.22569625904019192,0.0,0.0,0.31287206260592093,0.2601692265142911,0.1561008063428418,0.25323981245802707,0.0,0.3113177051774297,0.2979887198426569,0.2987253523151874,0.3064109153022205,0.23265052080885185,0.2526042752757441,0.298246067873411,0.0,0.0,0.325265031039284,0.0,0.0
0.22768268962498467,0.23932604876584407,0.3165729222028127,0.24736802169680186,0.31121673126264326,0.3041095374957325,0.2809335591129736,0.35142218396953145,0.3092744204170072,0.15773293904299435,0.3122922866831476,0.13804656352688643,0.2840351125715866,0.25863699485412145,0.3016563751332559,0.258469181324522,0.17405747597739074,0.1901938152855796,0.31424638804333493,0.28499649221629836,0.3015738978091201,0.28467279054516437,0.3150942459445214,0.17741876812185178,0.173743314873502,0.249188817349751,0.3016477651828977,0.26597171724892776,0.29099501999999006,0.28120352139411925,0.2016036365401339,0.2803163706293715,0.17101408885493063,0.0,0.26148474851497705,0.3450935700411598,0.2204556047404553,0.12224001852008547,0.3076946980188766,0.2802727162250165,0.3446084898280584,0.3151259501546383,0.0,0.22060429890639618,0.0,0.26036522760307473,0.27297242448331105,0.0,0.0,0.0,0.35841532323607306,0.0,0.36657513351353144,0.0,0.0,0.0,0.0,0.41110723470750904,0.0,0.3239627450386833,0.26338096922009757,0.0,0.25957060915659036,0.0,0.324591891924644,0.33230780043743813,0.3028906911428087,0.3645676631315235,0.0,0.26303439416756474,0.2973865277695824,0.36445753894007615,0.3620525667583351,0.3483757822765634,0.398934610887861,0.36632663444103597
0.2595416849560018,0.28487881020845957,0.0,0.1465935386309997,0.0,0.27729411168505064,0.351478648704634,0.35555078609897006,0.0,0.1619405579507526,0.2528868621135015,0.0,0.3152216693219707,0.0,0.32504593158903655,0.27300796751520773,0.0,0.0,0.26760608610463915,0.3131447008500873,0.30497409999856434,0.3079339587910391,0.0,0.23437351493848593,0.21643135375656616,0.2843341519109395,0.32878449760179607,0.0,0.29580736401973867,0.0,0.2602493317786407,0.29607361068648397,0.3295479107274956,0.26148474851497705,0.0,0.34413742420444776,0.16856420516931084,0.12820769884674907,0.23477487908259828,0.0,0.0,0.0,0.0,0.0,0.0,0.0,0.27013578877974,0.0,0.0,0.0,0.0,0.0,0.0,0.0,0.0,0.0,0.0,0.0,0.0,0.33816284732140794,0.28869148515175086,0.0,0.27465605562334516,0.0,0.0,0.0,0.31997765054266786,0.313971681766436,0.0,0.28818337891915535,0.32709449410905145,0.0,0.0,0.0,0.0,0.0
0.0,0.0,0.2894228496231776,0.12659521811272229,0.12759689663297286,0.298736803096182,0.19621525034540674,0.1917802103927486,0.2888963053832697,0.22771560329535512,0.2125859112500915,0.1914059953263842,0.24290982654999646,0.13177605386478627,0.3187965287719843,0.0,0.0,0.0,0.26145268831209245,0.33385819485560947,0.3506578964283761,0.34368786485109165,0.3057032489220096,0.0,0.0,0.34012120559203923,0.3184977193933066,0.17089365682706242,0.3382255090600802,0.0,0.2810003362198191,0.18955197018104322,0.1813729224637107,0.3450935700411598,0.34413742420444776,0.0,0.12681952263926738,0.14814489110989318,0.2142363085955957,0.0,0.2045534319888031,0.1943942795205957,0.18062025269759532,0.20536336271632902,0.0,0.0,0.0,0.34141449199150603,0.0,0.27121632277387453,0.3803434334344669,0.2905823027398396,0.21754141947823197,0.29028175004437806,0.0,0.2550608527619231,0.0,0.0,0.22537281299463854,0.0,0.0,0.0,0.0,0.34525976956499943,0.0,0.0,0.0,0.31572439774759337,0.0,0.0,0.0,0.3386049611176497,0.0,0.39299758425215814,0.0,0.0
0.0,0.0,0.30758017181949465,0.12072605499051713,0.1773756041963292,0.29790138864564664,0.14898031527328448,0.3133214055921989,0.2915132156121363,0.13252197433160529,0.2875734603865902,0.1772817865705152,0.24526432059907502,0.10978594976141579,0.3029716045579236,0.0,0.0,0.0,0.2993562484241677,0.30230914577922513,0.0,0.309871684415656,0.30742250598824095,0.0,0.0,0.0,0.30204552455996964,0.16042888594164603,0.3123810503205752,0.0,0.2574714994782943,0.21216044859791156,0.0,0.2204556047404553,0.16856420516931084,0.12681952263926738,0.0,0.16865096938552904,0.1745603149669643,0.0,0.0,0.2023609312797513,0.0,0.1939510617896722,0.0,0.0,0.0,0.0,0.0,0.0,0.0,0.0,0.0,0.0,0.0,0.0,0.0,0.0,0.0,0.0,0.0,0.0,0.0,0.0,0.0,0.0,0.0,0.0,0.0,0.0,0.0,0.0,0.0,0.0,0.0,0.0
0.0,0.0,0.0,0.19803554997364678,0.27964431152791425,0.31660453038515274,0.23945272144974752,0.0,0.30733729714056024,0.1224848155716989,0.29607436507622853,0.11821873632828152,0.24667124938877932,0.29545140714184603,0.0,0.0,0.0,0.0,0.317939240275049,0.0,0.0,0.0,0.0,0.13548076182357227,0.1653286120813547,0.0,0.0,0.2036823864142691,0.0,0.0,0.17323148273606187,0.17700412214233624,0.11517400298089349,0.12224001852008547,0.12820769884674907,0.14814489110989318,0.16865096938552904,0.0,0.1604634802078101,0.14311678644504386,0.13875383690635437,0.0,0.0,0.0,0.16872102712574966,0.0,0.0,0.0,0.0,0.0,0.0,0.0,0.0,0.0,0.1812861292355825,0.0,0.10810300501904817,0.0,0.0,0.0,0.0,0.0,0.0,0.0,0.0,0.0,0.0,0.0,0.0,0.0,0.0,0.0,0.1872374493232809,0.0,0.0,0.0
0.24491870643590258,0.2827657431326471,0.3658788034871061,0.0,0.0,0.3354670221547416,0.0,0.343647749358636,0.0,0.0,0.3036657924821312,0.17486185730991397,0.3303178828877552,0.0,0.3155035835566698,0.25909059336841245,0.0,0.2220070215304196,0.0,0.30772654241229175,0.297158576904206,0.3018706138533503,0.3392337846374502,0.0,0.25924474310405526,0.2892300179898545,0.33338279731914194,0.33901980286030287,0.3267923337753352,0.3385270513567113,0.32499993379462633,0.21042445003980836,0.19188803416635675,0.3076946980188766,0.23477487908259828,0.2142363085955957,0.1745603149669643,0.1604634802078101,0.0,0.2225230584573282,0.26469306965100936,0.2568821376481119,0.19622398513661438,0.21560504148042617,0.18384050660679993,0.2432639285203665,0.251058531686471,0.29132891056817334,0.17807642729657705,0.24444866704077398,0.2843594493343808,0.24798533002356504,0.2754108971835734,0.2828598177399922,0.22706658903103236,0.24452203363244515,0.16987496403402128,0.25800137158465397,0.18081336541184184,0.2883050844308484,0.27191420562748164,0.19614057498497306,0.25059919484376364,0.27179038883651574,0.29036562334481464,0.2809955138814286,0.27698374868732484,0.2859181670910936,0.22180402415695313,0.24379205182980468,0.25766113322962636,0.28612048004112145,0.24934132494334804,0.2703218193341895,0.23531986181237805,0.2636191475106379
0.22619891911314732,0.2758104253679423,0.0,0.0,0.0,0.0,0.0,0.0,0.0,0.21438987972386053,0.0,0.0,0.0,0.0,0.29608030058415213,0.2657372775786376,0.0,0.2242418967973363,0.0,0.3057309653454025,0.2790027305001247,0.290058598637843,0.2788510598915855,0.12854871075848245,0.2432306618887987,0.28572391238100137,0.30358152195848404,0.0,0.32074114282248345,0.0,0.21829498648871506,0.21660698391442762,0.27117898326736617,0.2802727162250165,0.0,0.0,0.0,0.14311678644504386,0.2225230584573282,0.0,0.1849893969526809,0.3154077016877968,0.3893209078106789,0.2470483790412105,0.1396118216891618,0.18329611915295602,0.2068989342014736,0.0,0.18506755260232138,0.0,0.2501801424053464,0.255298315230081,0.2920025466067177,0.0,0.14588560090304625,0.2937552597000661,0.13085937348634552,0.26461579656018275,0.0,0.24772146291966435,0.22242309166803026,0.15187636947184444,0.16707608107536234,0.0,0.2449524255451142,0.22791192798075063,0.23259236858698876,0.2566377375881951,0.1391926497578024,0.16436708271610487,0.2050109201838598,0.26180798499133356,0.24205790164226196,0.2418063661982378,0.0,0.2008774132949406
0.2345336813251458,0.24893385040651037,0.41923237252988466,0.0,0.0,0.34240005471638896,0.0,0.33891797151965536,0.0,0.20931319698134873,0.0,0.0,0.0,0.0,0.3225011351759036,0.2568059769158899,0.0,0.20769354769089293,0.0,0.3251738728618583,0.3217843560747687,0.30848763251551414,0.3542585706475488,0.0,0.2339534316721332,0.2956192508078825,0.3507833839086952,0.35668208738123375,0.34340197399442723,0.396761799843136,0.3414124837643794,0.3041695053514255,0.32622708250975424,0.3446084898280584,0.0,0.2045534319888031,0.0,0.13875383690635437,0.26469306965100936,0.1849893969526809,0.0,0.24031213240014695,0.3307905041247015,0.25230675958592313,0.10115871138008632,0.1969178912131084,0.23047359986453278,0.29457793128259263,0.21229561451370507,0.28031190333672434,0.2953349142923049,0.2512112704826715,0.30880402653474504,0.2957894355362077,0.15958708759850734,0.2888839129197142,0.1429794433940942,0.26374721531231415,0.24438598160269354,0.29226568120378754,0.22737650375415366,0.1847169818143274,0.21145463485601543,0.283051376994186,0.2876255490863405,0.29007796899739136,0.2698151924051316,0.2972978797180881,0.14752160333086944,0.20013090803085742,0.23801483035318008,0.2930428968972918,0.2304614395821226,0.2688561685056741,0.2734195185814656,0.21605252525489876
