0.0,0.42853878877956425,0.0,0.0,0.0,0.4554894880758009,0.0,0.5159674413064183,0.0,0.4349530072415243,0.0,0.4152559472390857,0.518648745922087,0.0,0.38572995688376455,0.41400960739552894,0.4055444107855835,0.39925757669744166,0.0,0.43979891542612487,0.45331719588921415,0.4319258109941277,0.47546622220677404,0.37383891148171877,0.4083534089767025,0.3848083166075233,0.4506160205566346,0.0,0.4777305208491922,0.0,0.39009817662632224,0.4077425790386204,0.3245142797514282,0.37094723350182834,0.4284296345029708,0.0,0.0,0.4422163575016755,0.4441363743001112,0.4039228864403422,0.42244636403449143,0.4957140188121363,0.0,0.0,0.0,0.43330325490856764,0.45658426614663894,0.0,0.0,0.0,0.5569279288559413,0.0,0.0,0.0,0.44621011240012426,0.0,0.0,0.0,0.0,0.0,0.45391908260225206,0.0,0.4393595116281154,0.0,0.42102965085812305,0.4539135091188705,0.46305618793933956,0.0,0.0,0.43987054368222467,0.4639093530296129,0.0,0.0,0.0,0.0,0.44437656002898707
0.42853878877956425,0.0,0.4792715461685764,0.0,0.4490218646005943,0.4433300568656738,0.44764251854095516,0.45866447371674735,0.4267900016859527,0.42712554177842876,0.0,0.0,0.45744378192247465,0.0,0.42029500556209276,0.42518541049676284,0.4235073185974256,0.4203376897487609,0.0,0.4516933511682747,0.442195771288435,0.42920293673258053,0.4326983210971888,0.0,0.3960725391930922,0.4215854329327881,0.44568275134840385,0.4729246588754826,0.44693300316041207,0.0,0.38852625759728615,0.4326121685927133,0.3640058900841013,0.3933102893412982,0.4413092797647918,0.0,0.0,0.0,0.4476777551407696,0.42596988510937156,0.42843547558107314,0.45386067019826604,0.0,0.0,0.0,0.46478267161295156,0.4505216258863118,0.0,0.0,0.0,0.5014174347072388,0.0,0.0,0.0,0.0,0.0,0.0,0.0,0.0,0.4710275030948887,0.45039288559193635,0.0,0.4354407245726221,0.0,0.46223109069100443,0.47021472102269135,0.47423887195510145,0.4744256705818963,0.0,0.4346595550759924,0.4671917588518262,0.48684387858683686,0.0,0.45380881733657596,0.0,0.425719393240248
0.0,0.4792715461685764,0.0,0.36201373442376167,0.3957012265230814,0.3910349406983515,0.41466668477709395,0.46957414995719654,0.343259624176623,0.4527844527123055,0.33025915023490193,0.0,0.425303431693828,0.44776758562157454,0.0,0.0,0.0,0.0,0.31864561140340925,0.0,0.0,0.0,0.3448549784064008,0.0,0.0,0.0,0.36211663794712223,0.42693232471200987,0.0,0.4534949534651057,0.43568538904120646,0.4031645416162282,0.0,0.42853526171728157,0.4324276399318159,0.40892823036366277,0.4111898086765056,0.0,0.0,0.0,0.0,0.0,0.4535728791249245,0.0,0.0,0.0,0.0,0.5406208838893222,0.0,0.0,0.5413625694186849,0.5482884377450515,0.5463068149640025,0.5439586881705354,0.0,0.4642958255351475,0.0,0.5529451207485063,0.0,0.0,0.0,0.0,0.0,0.5255753388640794,0.0,0.0,0.0,0.5544654423402978,0.0,0.0,0.0,0.532272560906979,0.6387430097232679,0.0,0.0,0.592598105063369
0.0,0.0,0.36201373442376167,0.0,0.23341882153142662,0.37716363300624944,0.28474126956518053,0.0,0.37726228109065923,0.16063896361461072,0.35433565253807836,0.0,0.2825130594428795,0.22544096174667003,0.0,0.0,0.0,0.0,0.4004641835877437,0.38220961333090575,0.0,0.0,0.34667835442603295,0.0,0.0,0.0,0.38876104804819994,0.2396779463452545,0.0,0.0,0.3051878467500117,0.28674630279149366,0.0,0.22760567637955054,0.23092823929556974,0.16399382399430373,0.16587899653650826,0.0,0.0,0.0,0.0,0.0,0.0,0.0,0.0,0.0,0.0,0.0,0.0,0.0,0.0,0.0,0.0,0.0,0.0,0.0,0.0,0.0,0.0,0.0,0.0,0.0,0.0,0.0,0.0,0.0,0.0,0.0,0.0,0.0,0.0,0.0,0.0,0.0,0.0,0.0
0.0,0.4490218646005943,0.3957012265230814,0.23341882153142662,0.0,0.40649100755644313,0.3478360082078642,0.4475568644385035,0.3854189585110921,0.4119259199322677,0.3510195107125827,0.0,0.3766588151867311,0.27723372900269583,0.0,0.502105892980733,0.0,0.0,0.40811362933118767,0.44180589807906573,0.0,0.4876312154458292,0.39363535506131625,0.0,0.0,0.4909740893994308,0.41210043133731045,0.3659341458299244,0.44232224973521445,0.0,0.4170640892882437,0.35616357477035887,0.0,0.3966617738616198,0.3564941143935472,0.24328145880697308,0.3100470029322303,0.3640087988429129,0.0,0.0,0.0,0.0,0.0,0.0,0.0,0.0,0.0,0.5426187467686264,0.0,0.0,0.5388262901782355,0.0,0.508233361287993,0.0,0.0,0.4618595496529089,0.0,0.0,0.0,0.0,0.0,0.0,0.0,0.5616517253272286,0.0,0.0,0.0,0.5268273113475366,0.0,0.0,0.0,0.5342863832241693,0.0,0.0,0.0,0.0
0.4554894880758009,0.4433300568656738,0.3910349406983515,0.37716363300624944,0.40649100755644313,0.0,0.4249208468944141,0.4190069895436612,0.36656461217908465,0.4285935447142349,0.40265763263123416,0.0,0.4033532832636914,0.4266581725525179,0.42098374820256607,0.4609393918276575,0.0,0.4406651298221258,0.35393689257900746,0.43093588826169504,0.4217619007879457,0.4576331895884064,0.41101339625670297,0.0,0.42614627423228507,0.42141220436176186,0.3995059500886514,0.40250990649406604,0.37472571713678066,0.41835473711344096,0.4363366645721759,0.4048186580447136,0.39314471798651524,0.43465179497610795,0.45805944535920895,0.39581438673950003,0.40007565039312326,0.0,0.46104453760183095,0.0,0.47777107851129597,0.4821421507743061,0.4507258165437112,0.0,0.0,0.6191882883765193,0.5251544292273531,0.5305507164582756,0.0,0.0,0.4933716849535164,0.5155104642959574,0.4803948017009448,0.5105982788981548,0.0,0.4732022484759451,0.0,0.5017631707283601,0.0,0.4779816120170648,0.0,0.0,0.0,0.5399654461646298,0.471384973488661,0.4970464982749739,0.4865387618738901,0.49754272608466327,0.0,0.0,0.49882668964054044,0.49089312637055543,0.4952678224192609,0.4624445534066309,0.5216918155020573,0.4869038283463276
0.0,0.44764251854095516,0.41466668477709395,0.28474126956518053,0.3478360082078642,0.4249208468944141,0.0,0.4145886315064071,0.40146515109847847,0.4013996135180049,0.430537549979432,0.0,0.37342153592033445,0.342556925625749,0.0,0.4808009156075476,0.0,0.4706981261492672,0.4366239567738516,0.46548579059816253,0.4862950144896773,0.48795179157820223,0.40074963309219686,0.0,0.44622016577606,0.43540855545482615,0.4187465325919992,0.3752576526885824,0.44888515525759176,0.3986497320500143,0.43258816154844615,0.36659846880871694,0.0,0.3991617845017889,0.3526435577666858,0.30063493051923285,0.28517608510436815,0.3642221424301518,0.0,0.0,0.0,0.0,0.0,0.0,0.0,0.0,0.0,0.5590142266312987,0.0,0.0,0.5194220935070577,0.0,0.5292842314328768,0.0,0.0,0.0,0.0,0.0,0.0,0.0,0.0,0.0,0.0,0.0,0.0,0.0,0.0,0.48643248422474944,0.0,0.0,0.0,0.49793431233923885,0.613954431048666,0.0,0.0,0.0
0.5159674413064183,0.45866447371674735,0.46957414995719654,0.0,0.4475568644385035,0.4190069895436612,0.4145886315064071,0.0,0.4772886433486738,0.4518523085696053,0.3201699843698846,0.0,0.4177124987977219,0.3228169823266435,0.3873516326557783,0.4797433622257649,0.0,0.4807317181685398,0.4371196162381348,0.42089229890406166,0.4182850247403133,0.45320865500794383,0.39196845841797634,0.5084652355958206,0.48949746804330224,0.47790223537235677,0.44082220688363116,0.42226681218909234,0.40428749625858074,0.4149550233751649,0.42361885790092013,0.3863564424375179,0.4157621284492111,0.41338404500128334,0.44598836590292623,0.25267560091545727,0.4176642790441176,0.0,0.4423984639109745,0.0,0.4769606577939149,0.0,0.2717078690637572,0.0,0.0,0.0,0.0,0.5360706931612225,0.0,0.5581173218374443,0.4890582840777885,0.5170193699695238,0.46361460339376614,0.5290218337537843,0.0,0.4070027859210816,0.0,0.4775531043307467,0.0,0.4561275490226324,0.0,0.0,0.0,0.5859337608891865,0.4524011866467395,0.4642135532012095,0.0,0.499594499234124,0.0,0.0,0.0,0.5077180915570805,0.4800085656094918,0.4588327158110651,0.568994791868906,0.49301634111192394
0.0,0.4267900016859527,0.343259624176623,0.37726228109065923,0.3854189585110921,0.36656461217908465,0.40146515109847847,0.4772886433486738,0.0,0.427414503907248,0.3640138305472944,0.0,0.39112669170376013,0.43729348491087056,0.0,0.4560368472935902,0.0,0.0,0.3277741084644409,0.4167224673129868,0.0,0.44034712415172794,0.413164750479345,0.0,0.44183561723492504,0.4344255018390896,0.3749654671024103,0.4098874689491011,0.40365669433751356,0.4372902465621708,0.40644982100572963,0.378532149203412,0.0,0.40572220762080274,0.41130534953681147,0.3939849479600944,0.39408556227386204,0.0,0.4745147237742427,0.0,0.0,0.0,0.0,0.0,0.0,0.0,0.0,0.5466550359559316,0.0,0.0,0.5231695627745769,0.5789223614054056,0.5322227354070475,0.5595796226047549,0.0,0.48522978102205816,0.0,0.5672663757060064,0.0,0.0,0.0,0.0,0.0,0.5595858498472055,0.0,0.0,0.0,0.534972122721453,0.0,0.0,0.0,0.5026542424726675,0.5635040098437399,0.0,0.0,0.5935236143128261
0.4349530072415243,0.42712554177842876,0.4527844527123055,0.16063896361461072,0.4119259199322677,0.4285935447142349,0.4013996135180049,0.4518523085696053,0.427414503907248,0.0,0.4371143950499104,0.29652760955564733,0.40932224602369,0.2783531691500977,0.0,0.3740301148238863,0.3305091547983687,0.3546316863574861,0.0,0.0,0.502127103911265,0.4261018552229647,0.41202879858015284,0.3395228983543809,0.35529663900308145,0.36638168224873197,0.4346108110043147,0.38917198376743284,0.0,0.0,0.35530282064017676,0.32271405043143103,0.32569115417060673,0.33151292613156574,0.35274204415170984,0.2840660568519043,0.25277700714432794,0.2653919051529243,0.3596111414249861,0.33142707191135556,0.34632795108262254,0.3225739352238173,0.0,0.0,0.33458408264069145,0.0,0.0,0.0,0.0,0.0,0.0,0.0,0.0,0.0,0.4183287685465138,0.0,0.41960991117320595,0.4276456860278127,0.0,0.0,0.0,0.41561106251293634,0.40965677084622154,0.0,0.0,0.0,0.0,0.0,0.3976026436819309,0.4195809768423276,0.42986127541334074,0.0,0.3851510361904132,0.0,0.0,0.39621149425004176
0.0,0.0,0.33025915023490193,0.35433565253807836,0.3510195107125827,0.40265763263123416,0.430537549979432,0.3201699843698846,0.3640138305472944,0.4371143950499104,0.0,0.0,0.4150243131824361,0.28289960190119395,0.0,0.0,0.0,0.0,0.322865834263865,0.0,0.0,0.0,0.31552485688308546,0.0,0.0,0.0,0.39190734704773456,0.41729560974758906,0.0,0.0,0.43752042827615995,0.36553020662904173,0.0,0.41639268214767494,0.4025286780256198,0.25471875531202115,0.38893149490082146,0.0,0.0,0.0,0.0,0.0,0.0,0.0,0.0,0.0,0.0,0.44965706856180643,0.0,0.0,0.0,0.0,0.0,0.40926907391997364,0.0,0.35851768795849964,0.0,0.0,0.0,0.0,0.0,0.0,0.0,0.4541739365193176,0.0,0.0,0.0,0.4775058423437253,0.0,0.0,0.0,0.0,0.0,0.0,0.0,0.0
0.4152559472390857,0.0,0.0,0.0,0.0,0.0,0.0,0.0,0.0,0.29652760955564733,0.0,0.0,0.4123008692997432,0.0,0.0,0.5062721092043896,0.37979467606880657,0.3880986005642321,0.0,0.0,0.5079878693027979,0.0,0.0,0.3255049561861524,0.3851043001614952,0.3416672874830408,0.0,0.393062082045785,0.0,0.0,0.3702600005995142,0.26380293330277166,0.2752503418684143,0.2854120347012789,0.3209401107442622,0.0,0.0,0.2287677548361177,0.32785515418486577,0.33600903414013694,0.35168123836566284,0.0,0.0,0.0,0.32962662019387806,0.0,0.0,0.0,0.0,0.0,0.0,0.0,0.0,0.0,0.4104210944841885,0.0,0.4075649732991005,0.41671475560608856,0.0,0.0,0.0,0.42415299675331397,0.42797517834166005,0.0,0.0,0.0,0.0,0.0,0.3874386548329424,0.4243037634725255,0.42784294521491323,0.0,0.3871624579855835,0.0,0.0,0.3870111138235734
0.518648745922087,0.45744378192247465,0.425303431693828,0.2825130594428795,0.3766588151867311,0.4033532832636914,0.37342153592033445,0.4177124987977219,0.39112669170376013,0.40932224602369,0.4150243131824361,0.4123008692997432,0.0,0.34896763356272836,0.0,0.4952796966677645,0.4330018680104943,0.46552388500078906,0.4231808347635803,0.45872232902070686,0.4370127642620233,0.4878521676133968,0.40107426564922527,0.4201123047715705,0.4504717008594937,0.43637326873072907,0.41815777026955203,0.3753471776813005,0.4260127020402416,0.3860656649259839,0.4121970293157615,0.37315960730613895,0.391062097526549,0.39906104831292577,0.3682968037922787,0.3223028634957965,0.33186542449002526,0.36023462621400326,0.47544760080422177,0.0,0.0,0.0,0.0,0.0,0.0,0.0,0.0,0.5608414538902686,0.0,0.0,0.5043806093320385,0.0,0.4833708857630128,0.0,0.0,0.5268897656444179,0.0,0.581914976123667,0.0,0.0,0.0,0.0,0.0,0.6133434211562444,0.0,0.0,0.0,0.48700483169604425,0.0,0.0,0.0,0.4860393624173894,0.5468805021119824,0.49862914563538874,0.0,0.5814899078416951
0.0,0.0,0.44776758562157454,0.22544096174667003,0.27723372900269583,0.4266581725525179,0.342556925625749,0.3228169823266435,0.43729348491087056,0.2783531691500977,0.28289960190119395,0.0,0.34896763356272836,0.0,0.0,0.0,0.0,0.0,0.38448915891274027,0.0,0.0,0.0,0.375134407374085,0.0,0.5116551694205305,0.0,0.45555808782055324,0.272022226503907,0.0,0.0,0.3604668850663169,0.18942735630571073,0.0,0.35063247220803073,0.0,0.1872914232602789,0.15967074787312296,0.0,0.0,0.0,0.0,0.0,0.0,0.0,0.0,0.0,0.0,0.0,0.0,0.0,0.0,0.0,0.0,0.0,0.0,0.0,0.0,0.0,0.0,0.0,0.0,0.0,0.0,0.0,0.0,0.0,0.0,0.0,0.0,0.0,0.0,0.0,0.0,0.0,0.0,0.0
0.38572995688376455,0.42029500556209276,0.0,0.0,0.0,0.42098374820256607,0.0,0.3873516326557783,0.0,0.0,0.0,0.0,0.0,0.0,0.0,0.44226885448827274,0.0,0.42153463627173543,0.0,0.3197255372032399,0.3837208612407462,0.35254513178837893,0.3906995265332981,0.48207039301673565,0.39854245520133863,0.38698896368401725,0.4090947674659517,0.0,0.4009917430231655,0.0,0.40020146648416927,0.412949629953549,0.37325673368648077,0.4195922460953244,0.4615200686436651,0.43483117276199945,0.0,0.0,0.4576129577877003,0.43328844914143966,0.4670153952322253,0.49153223698549514,0.0,0.0,0.0,0.0,0.45125674372070945,0.0,0.0,0.0,0.4762017992142584,0.0,0.0,0.0,0.0,0.0,0.0,0.0,0.0,0.4561545864601616,0.4764661742562974,0.0,0.0,0.0,0.4415846931063627,0.4495510294384397,0.4658321044560802,0.4550951789531001,0.0,0.5003605115903993,0.48848203901924936,0.4641941509408744,0.0,0.4507268788686324,0.0,0.46624986631083487
0.41400960739552894,0.42518541049676284,0.0,0.0,0.502105892980733,0.4609393918276575,0.4808009156075476,0.4797433622257649,0.4560368472935902,0.3740301148238863,0.0,0.5062721092043896,0.4952796966677645,0.0,0.44226885448827274,0.0,0.3857300678781116,0.3771998328971115,0.0,0.4350627258016025,0.44956367171882383,0.39412762427905373,0.4252701433291859,0.3678577616727847,0.3897612767678349,0.4207839069263629,0.44798354823476805,0.4786063572036129,0.4585023666227819,0.463599359335943,0.3884925012842407,0.43341895016290244,0.36517050425304604,0.3941872623135859,0.4463528575227494,0.0,0.0,0.0,0.4358079827639887,0.39407397278973366,0.40709337974840154,0.4452667225413619,0.0,0.0,0.0,0.4531111608254903,0.44567228012904736,0.0,0.0,0.0,0.0,0.0,0.0,0.0,0.5054312637257157,0.0,0.0,0.0,0.0,0.4654803193531429,0.4382386982437011,0.573964979000166,0.41765916815298,0.0,0.5006231548363019,0.4990545527761801,0.43545710009214095,0.0,0.3687974300457269,0.4222416298402383,0.4465637664083268,0.0,0.0,0.522744814054668,0.0,0.4113670264914416
0.4055444107855835,0.4235073185974256,0.0,0.0,0.0,0.0,0.0,0.0,0.0,0.3305091547983687,0.0,0.37979467606880657,0.4330018680104943,0.0,0.0,0.3857300678781116,0.0,0.32414200443146,0.0,0.0,0.0,0.40282716515866956,0.0,0.3779236908285997,0.3501411683025763,0.3837197790321535,0.0,0.42999738395106685,0.0,0.0,0.36746970950856367,0.38244201459183214,0.31183574426896893,0.3697725134091438,0.37619058331838046,0.0,0.0,0.304141474008702,0.0,0.39024696055822067,0.4088750057758942,0.0,0.0,0.0,0.0,0.0,0.0,0.0,0.0,0.0,0.0,0.0,0.0,0.0,0.41623327536482746,0.0,0.4308891679954409,0.0,0.0,0.0,0.0,0.41723956791661876,0.41645595379873734,0.0,0.0,0.0,0.0,0.0,0.42121873699011664,0.41804018727909964,0.43423858517015773,0.0,0.5704704806669547,0.0,0.0,0.45672377750618065
0.39925757669744166,0.4203376897487609,0.0,0.0,0.0,0.4406651298221258,0.4706981261492672,0.4807317181685398,0.0,0.3546316863574861,0.0,0.3880986005642321,0.46552388500078906,0.0,0.42153463627173543,0.3771998328971115,0.32414200443146,0.0,0.0,0.4348400012187581,0.42080538793729205,0.4295799601875902,0.4265506796950892,0.3716987402798642,0.3766353478803043,0.3973390635493473,0.43483563251194707,0.46059661285294334,0.45502216166392356,0.49009615028927556,0.38310163431727434,0.4006449413339586,0.3306614994594069,0.37435722682820705,0.39979329185222096,0.0,0.0,0.32915965527866187,0.3931121073055663,0.38657417732945537,0.37631680957709224,0.40922846388794354,0.0,0.0,0.0,0.43937598846681214,0.42917923556430737,0.0,0.0,0.0,0.0,0.0,0.0,0.0,0.4118081198379315,0.0,0.42771941894235077,0.930293717250152,0.0,0.0,0.4328412319653942,0.39410183978390106,0.4167678845274461,0.0,0.0,0.0,0.4253528029802124,0.0,0.4214436371161377,0.41907147048677296,0.4384881957600729,0.0,0.8514814811102664,0.0,0.0,0.41198011481550284
0.0,0.0,0.31864561140340925,0.4004641835877437,0.40811362933118767,0.35393689257900746,0.4366239567738516,0.4371196162381348,0.3277741084644409,0.0,0.322865834263865,0.0,0.4231808347635803,0.38448915891274027,0.0,0.0,0.0,0.0,0.0,0.0,0.0,0.0,0.32940394204691864,0.0,0.0,0.0,0.40234639347880297,0.41884879729328856,0.0,0.0,0.4365260538628343,0.39670588990471,0.0,0.4280906559937949,0.0,0.3673116087794579,0.4182725435060473,0.0,0.0,0.0,0.0,0.0,0.0,0.0,0.0,0.0,0.0,0.5241361684607955,0.0,0.0,0.0,0.0,0.5885106522167974,0.5638144643759608,0.0,0.4530307130293742,0.0,0.0,0.0,0.0,0.0,0.0,0.0,0.5553965985567605,0.0,0.0,0.0,0.541316223084096,0.0,0.0,0.0,0.0,0.0,0.0,0.0,0.0
0.43979891542612487,0.4516933511682747,0.0,0.38220961333090575,0.44180589807906573,0.43093588826169504,0.46548579059816253,0.42089229890406166,0.4167224673129868,0.0,0.0,0.0,0.45872232902070686,0.0,0.3197255372032399,0.4350627258016025,0.0,0.4348400012187581,0.0,0.0,0.4145148724193512,0.38734736581314494,0.29652963799783144,0.5809936308654786,0.43367034492736845,0.43017347911223053,0.38712620126570335,0.4309028846017602,0.3519260196317525,0.3494516634847073,0.38138960026393964,0.4411530859703172,0.40334217598273314,0.4422934796593299,0.4838010631654736,0.4984900456370821,0.44260266112420943,0.0,0.4518338414595207,0.4584068348427238,0.47467350249631396,0.466007401895178,0.0,0.0,0.0,0.0,0.45436199074362144,0.0,0.0,0.0,0.48007555392980555,0.0,0.47862759694182083,0.0,0.0,0.0,0.0,0.0,0.0,0.45164833261361237,0.5477306721953773,0.0,0.0,0.0,0.45724091790789334,0.4471654847580451,0.4587990246194896,0.4705741328096863,0.0,0.5421058864485145,0.4644586582293053,0.4751817902885423,0.4929129717092308,0.45964637723520935,0.0,0.4643414624288043
0.45331719588921415,0.442195771288435,0.0,0.0,0.0,0.4217619007879457,0.4862950144896773,0.4182850247403133,0.0,0.502127103911265,0.0,0.5079878693027979,0.4370127642620233,0.0,0.3837208612407462,0.44956367171882383,0.0,0.42080538793729205,0.0,0.4145148724193512,0.0,0.429795198642704,0.41940605099717926,0.49403648206520623,0.42776124946238103,0.4258918353578361,0.4325347475254583,0.4341507829599427,0.4154134797481378,0.0,0.4379498867121201,0.4106771014875182,0.3645569769642779,0.4161253783224919,0.46439053805980074,0.48535272233637566,0.0,0.0,0.4564826542994944,0.43116990629274793,0.47344337145990323,0.512743842278504,0.0,0.0,0.0,0.44641060185317577,0.45978299691031094,0.0,0.0,0.0,0.4716796539232193,0.0,0.4207685151251547,0.0,0.0,0.0,0.0,0.0,0.0,0.44524414963510506,0.45939215333904987,0.0,0.527299614153785,0.0,0.44929474251669155,0.4160381336799405,0.4703735194240905,0.4646896942861321,0.0,0.4659769245059411,0.4915095688011655,0.48068691225561694,0.4788227985680034,0.43210798355913094,0.5001667651760253,0.47231266356270807
0.4319258109941277,0.42920293673258053,0.0,0.0,0.4876312154458292,0.4576331895884064,0.48795179157820223,0.45320865500794383,0.44034712415172794,0.4261018552229647,0.0,0.0,0.4878521676133968,0.0,0.35254513178837893,0.39412762427905373,0.40282716515866956,0.4295799601875902,0.0,0.38734736581314494,0.429795198642704,0.0,0.432325392541507,0.4946413291824981,0.4269880064518467,0.4147097970086467,0.4416573888315819,0.48105531777212657,0.4254304315056997,0.4455935074038724,0.3920872863056455,0.4343780154173182,0.3852928348515611,0.4246438616030432,0.47333128419044024,0.46388815047216103,0.0,0.0,0.4514603803930795,0.44849197322643136,0.45449792647321624,0.4838195975005402,0.0,0.0,0.0,0.4606531199760663,0.44228938150071506,0.0,0.0,0.0,0.4780908888578162,0.0,0.0,0.0,0.0,0.0,0.0,0.0,0.0,0.4678765201911389,0.4467979571830798,0.0,0.47086996035029305,0.0,0.4614314968410927,0.46385628323315653,0.46397013313457897,0.4645325512515828,0.0,0.4270457141654289,0.4748655414648073,0.46848352140485855,0.0,0.452168301484114,0.0,0.446315269775894
0.47546622220677404,0.4326983210971888,0.3448549784064008,0.34667835442603295,0.39363535506131625,0.41101339625670297,0.40074963309219686,0.39196845841797634,0.413164750479345,0.41202879858015284,0.31552485688308546,0.0,0.40107426564922527,0.375134407374085,0.3906995265332981,0.4252701433291859,0.0,0.4265506796950892,0.32940394204691864,0.29652963799783144,0.41940605099717926,0.432325392541507,0.0,0.49059380835923905,0.39808173190576684,0.4445246102767019,0.3543331901128031,0.41085901762577454,0.4047551348135169,0.401023776082495,0.4232522387161802,0.4025176475327129,0.39227533585387664,0.42725693691403505,0.46059040504599447,0.3830430128266558,0.3911539666513609,0.0,0.47738287843855887,0.4235596460177952,0.4721134839322617,0.4866952784486142,0.4584674149071996,0.0,0.0,0.4347097852271308,0.48842905210656495,0.5294414857525264,0.0,0.558681852967821,0.4960472251516333,0.5115190414857763,0.48887224832111326,0.5423644507229488,0.0,0.47842493325752145,0.0,0.499007805503001,0.0,0.46090692436235525,0.0,0.0,0.0,0.5774168368535763,0.4765646938040093,0.48948127397947694,0.4653186137112753,0.5003576362293226,0.0,0.0,0.4715841439994279,0.49645919816323053,0.49707402011633,0.47218363512609307,0.49123658443667667,0.4836603786544652
0.37383891148171877,0.0,0.0,0.0,0.0,0.0,0.0,0.5084652355958206,0.0,0.3395228983543809,0.0,0.3255049561861524,0.4201123047715705,0.0,0.48207039301673565,0.3678577616727847,0.3779236908285997,0.3716987402798642,0.0,0.5809936308654786,0.49403648206520623,0.4946413291824981,0.49059380835923905,0.0,0.37645847992151543,0.3746312183978045,0.5213529083440749,0.41230900737550613,0.0,0.0,0.3712862860944547,0.3162473814569021,0.23850986192501153,0.2803194274802258,0.3107853059548768,0.0,0.0,0.2504475341769229,0.4135366978069602,0.353510310589044,0.3593503530259714,0.0,0.0,0.0,0.26188121070509285,0.4044296782522315,0.39315431184872324,0.0,0.0,0.0,0.0,0.0,0.0,0.0,0.41540891648368083,0.0,0.40452388914907106,0.3626328410711345,0.0,0.0,0.0,0.44195530515123693,0.4363727137009166,0.0,0.0,0.0,0.0,0.0,0.4085179366738074,0.4443998897895413,0.4529075528681261,0.0,0.2941960391780077,0.0,0.0,0.38609107178116714
0.4083534089767025,0.3960725391930922,0.0,0.0,0.0,0.42614627423228507,0.44622016577606,0.48949746804330224,0.44183561723492504,0.35529663900308145,0.0,0.3851043001614952,0.4504717008594937,0.5116551694205305,0.39854245520133863,0.3897612767678349,0.3501411683025763,0.3766353478803043,0.0,0.43367034492736845,0.42776124946238103,0.4269880064518467,0.39808173190576684,0.37645847992151543,0.0,0.3949815297486297,0.4181484981275457,0.45393072199810625,0.45259959275522604,0.0,0.3854110478049546,0.3898887412133041,0.324123595681693,0.3629799192282339,0.3821276200627795,0.4650516180189178,0.0,0.3069370291372602,0.41056247559913406,0.3970089676268429,0.39272182157473373,0.41361142048182625,0.0,0.0,0.0,0.44516339638460317,0.42117319604697323,0.0,0.0,0.0,0.0,0.0,0.0,0.0,0.4391242418868941,0.0,0.44239729058948357,0.5147597732285188,0.0,0.0,0.43203599091695505,0.41371570960227394,0.421892462888947,0.0,0.0,0.0,0.4072076137532728,0.0,0.42798600121630476,0.42861753151770515,0.44584535312274515,0.0,0.48092604037938635,0.45311691266940585,0.0,0.41616080565096725
0.3848083166075233,0.4215854329327881,0.0,0.0,0.4909740893994308,0.42141220436176186,0.43540855545482615,0.47790223537235677,0.4344255018390896,0.36638168224873197,0.0,0.3416672874830408,0.43637326873072907,0.0,0.38698896368401725,0.4207839069263629,0.3837197790321535,0.3973390635493473,0.0,0.43017347911223053,0.4258918353578361,0.4147097970086467,0.4445246102767019,0.3746312183978045,0.3949815297486297,0.0,0.4408007282059327,0.4319177389723324,0.41915509225780984,0.0,0.3995133781926786,0.41180417683320225,0.34885717415907086,0.3852002626239936,0.4256363562792306,0.0,0.0,0.3208842602994655,0.45136749804265,0.42066661396701927,0.4344452291712427,0.46635454485608824,0.0,0.0,0.45252394992531647,0.45345720676544327,0.45738166486358206,0.0,0.0,0.0,0.5084621317426232,0.0,0.0,0.0,0.4447936830088924,0.0,0.44357765556317663,0.5347383458768078,0.0,0.4832329258662478,0.45132502863941665,0.438932880782528,0.4404978829426985,0.0,0.47233597742114386,0.4873584893727082,0.47961213437171035,0.4782094073836676,0.4457226100436941,0.44126487624527316,0.46548570420213936,0.4864725625766314,0.4705120159184009,0.471747515927527,0.0,0.4314118656871558
0.4506160205566346,0.44568275134840385,0.36211663794712223,0.38876104804819994,0.41210043133731045,0.3995059500886514,0.4187465325919992,0.44082220688363116,0.3749654671024103,0.4346108110043147,0.39190734704773456,0.0,0.41815777026955203,0.45555808782055324,0.4090947674659517,0.44798354823476805,0.0,0.43483563251194707,0.40234639347880297,0.38712620126570335,0.4325347475254583,0.4416573888315819,0.3543331901128031,0.5213529083440749,0.4181484981275457,0.4408007282059327,0.0,0.42411791615095606,0.3986791210288994,0.4137864928154248,0.43319149803584894,0.4217507155948443,0.3936919376891602,0.44975796955657504,0.46605400509165795,0.43469961321740774,0.4085857460733149,0.0,0.47171754724351667,0.44668850367271523,0.48775330140117357,0.466371916240792,0.4472973082473227,0.0,0.0,0.6685423075759813,0.5078412165277134,0.5437372266670628,0.0,0.0,0.4973840168195704,0.5114774551282854,0.48623769055834015,0.5400424246195016,0.0,0.5135033284541097,0.0,0.49798093347525163,0.0,0.46212885842383905,0.0,0.0,0.0,0.5718445496351471,0.47788467788765604,0.4879732866713454,0.4712481896591718,0.5007519579171598,0.0,0.0,0.4775359100149102,0.4901447006772104,0.4898453901865845,0.4715087780916307,0.5061071276497304,0.4843171518459571
0.0,0.4729246588754826,0.42693232471200987,0.2396779463452545,0.3659341458299244,0.40250990649406604,0.3752576526885824,0.42226681218909234,0.4098874689491011,0.38917198376743284,0.41729560974758906,0.393062082045785,0.3753471776813005,0.272022226503907,0.0,0.4786063572036129,0.42999738395106685,0.46059661285294334,0.41884879729328856,0.4309028846017602,0.4341507829599427,0.48105531777212657,0.41085901762577454,0.41230900737550613,0.45393072199810625,0.4319177389723324,0.42411791615095606,0.0,0.38563656633828713,0.3213055716197836,0.397459272105805,0.3852655126560412,0.3556211265697951,0.38868317313457956,0.3527740617744289,0.25437861198707745,0.2606433336131974,0.3264815062879896,0.44044426400225933,0.0,0.4941068532238377,0.0,0.0,0.0,0.0,0.0,0.0,0.0,0.0,0.0,0.48620467729378924,0.0,0.477710383843244,0.0,0.0,0.0,0.0,0.5519933088389826,0.0,0.0,0.0,0.0,0.0,0.0,0.48496380528210975,0.49118287143067485,0.0,0.4840342498193505,0.0,0.0,0.0,0.4866805194305283,0.5057864533124296,0.4752451247555739,0.0,0.5186365151624952
0.4777305208491922,0.44693300316041207,0.0,0.0,0.44232224973521445,0.37472571713678066,0.44888515525759176,0.40428749625858074,0.40365669433751356,0.0,0.0,0.0,0.4260127020402416,0.0,0.4009917430231655,0.4585023666227819,0.0,0.45502216166392356,0.0,0.3519260196317525,0.4154134797481378,0.4254304315056997,0.4047551348135169,0.0,0.45259959275522604,0.41915509225780984,0.3986791210288994,0.38563656633828713,0.0,0.35576741276010676,0.3915975594134098,0.42449299469496127,0.3798510215084256,0.434363434988159,0.45500229654365104,0.46007377181078,0.4484621593876884,0.0,0.45367243421302084,0.4734125336179678,0.4879226888369753,0.47920179813342356,0.0,0.0,0.0,0.0,0.4792173563757783,0.0,0.0,0.0,0.4786776283133334,0.0,0.48018028142168134,0.0,0.0,0.0,0.0,0.5107132730970512,0.0,0.446572014008938,0.0,0.0,0.0,0.0,0.4622657811412208,0.4616137268545097,0.4532482831600285,0.4763453073451347,0.0,0.0,0.46562998651183407,0.4777881156212157,0.4865253639671326,0.45686302720485467,0.5147897122878217,0.4762635772688835
0.0,0.0,0.4534949534651057,0.0,0.0,0.41835473711344096,0.3986497320500143,0.4149550233751649,0.4372902465621708,0.0,0.0,0.0,0.3860656649259839,0.0,0.0,0.463599359335943,0.0,0.49009615028927556,0.0,0.3494516634847073,0.0,0.4455935074038724,0.401023776082495,0.0,0.0,0.0,0.4137864928154248,0.3213055716197836,0.35576741276010676,0.0,0.3370157324039034,0.3736902443808755,0.0,0.4207989416999578,0.4043490579919737,0.0,0.0,0.0,0.4803876751025408,0.0,0.0,0.0,0.0,0.0,0.0,0.0,0.0,0.0,0.0,0.0,0.0,0.0,0.0,0.0,0.0,0.0,0.0,0.7786149663723712,0.0,0.0,0.0,0.0,0.0,0.0,0.0,0.0,0.0,0.48601700396123965,0.0,0.0,0.0,0.4941677484081981,0.0,0.0,0.0,0.0
0.39009817662632224,0.38852625759728615,0.43568538904120646,0.3051878467500117,0.4170640892882437,0.4363366645721759,0.43258816154844615,0.42361885790092013,0.40644982100572963,0.35530282064017676,0.43752042827615995,0.3702600005995142,0.4121970293157615,0.3604668850663169,0.40020146648416927,0.3884925012842407,0.36746970950856367,0.38310163431727434,0.4365260538628343,0.38138960026393964,0.4379498867121201,0.3920872863056455,0.4232522387161802,0.3712862860944547,0.3854110478049546,0.3995133781926786,0.43319149803584894,0.397459272105805,0.3915975594134098,0.3370157324039034,0.0,0.37076133530340505,0.3210586226554591,0.3189325376271703,0.31365027078607444,0.3818621909090775,0.3723541168265148,0.30351572785426306,0.4350553488776608,0.3796162829196142,0.3976317366216355,0.0,0.0,0.0,0.0,0.42165287253716016,0.4170582316963459,0.0,0.0,0.0,0.5006084208261296,0.0,0.500024985357751,0.0,0.42032123381478254,0.0,0.4356793540220719,0.6032803785639607,0.0,0.4576521328978665,0.42163611635272996,0.44523121358138673,0.4184169594525319,0.0,0.4830471865808222,0.0,0.43627421896910407,0.48639955382743905,0.4084159640717181,0.419142746901452,0.43406319379968006,0.4931414835992561,0.5235526143977879,0.49320000903336764,0.0,0.4308562864265834
0.4077425790386204,0.4326121685927133,0.4031645416162282,0.28674630279149366,0.35616357477035887,0.4048186580447136,0.36659846880871694,0.3863564424375179,0.378532149203412,0.32271405043143103,0.36553020662904173,0.26380293330277166,0.37315960730613895,0.18942735630571073,0.412949629953549,0.43341895016290244,0.38244201459183214,0.4006449413339586,0.39670588990471,0.4411530859703172,0.4106771014875182,0.4343780154173182,0.4025176475327129,0.3162473814569021,0.3898887412133041,0.41180417683320225,0.4217507155948443,0.3852655126560412,0.42449299469496127,0.3736902443808755,0.37076133530340505,0.0,0.3182481797344759,0.3643093103196984,0.36230182737193944,0.2490718582462925,0.3091154950643115,0.24400764973684294,0.30940955408781157,0.28721649126914695,0.34403884988603767,0.3320983969207112,0.2970604083822905,0.0,0.23891551247396337,0.45115177246955906,0.4336104495043802,0.0,0.31831638057124284,0.0,0.469360537614548,0.0,0.46354094916848937,0.0,0.2881924432498148,0.0,0.25228777430836596,0.43561175721043777,0.0,0.44982784178272844,0.4341342872977499,0.0,0.416421725998298,0.0,0.4556979447569715,0.43619008154055233,0.45557778347836736,0.45930555117508326,0.2685367282470588,0.4258581936554785,0.4471168058112289,0.4684152001293795,0.38701457979724185,0.44899668042765173,0.4753971596051361,0.41600756913999104
0.3245142797514282,0.3640058900841013,0.0,0.0,0.0,0.39314471798651524,0.0,0.4157621284492111,0.0,0.32569115417060673,0.0,0.2752503418684143,0.391062097526549,0.0,0.37325673368648077,0.36517050425304604,0.31183574426896893,0.3306614994594069,0.0,0.40334217598273314,0.3645569769642779,0.3852928348515611,0.39227533585387664,0.23850986192501153,0.324123595681693,0.34885717415907086,0.3936919376891602,0.3556211265697951,0.3798510215084256,0.0,0.3210586226554591,0.3182481797344759,0.0,0.22707207730595344,0.3692757692705368,0.3012412353124755,0.0,0.18679004010671138,0.324788138185465,0.3113788715434642,0.3116500991162167,0.27477029306172585,0.0,0.3149445288040946,0.20415345366792229,0.41317337628792394,0.4220809258808439,0.0,0.0,0.0,0.4867410912434692,0.0,0.0,0.0,0.35746893660644397,0.0,0.33225341563711236,0.43838545211632807,0.0,0.4434809428873358,0.41476816356805324,0.3357661407530828,0.3890747240488333,0.0,0.4535545985286359,0.4770045526116802,0.4380787393756625,0.4393411915629384,0.3097775096294056,0.3943552739810603,0.42255777419858137,0.4433572093278676,0.35969370602754785,0.46269280236357707,0.0,0.37802617992335774
0.37094723350182834,0.3933102893412982,0.42853526171728157,0.22760567637955054,0.3966617738616198,0.43465179497610795,0.3991617845017889,0.41338404500128334,0.40572220762080274,0.33151292613156574,0.41639268214767494,0.2854120347012789,0.39906104831292577,0.35063247220803073,0.4195922460953244,0.3941872623135859,0.3697725134091438,0.37435722682820705,0.4280906559937949,0.4422934796593299,0.4161253783224919,0.4246438616030432,0.42725693691403505,0.2803194274802258,0.3629799192282339,0.3852002626239936,0.44975796955657504,0.38868317313457956,0.434363434988159,0.4207989416999578,0.3189325376271703,0.3643093103196984,0.22707207730595344,0.0,0.34475971536703465,0.28480829249092626,0.2825214298579406,0.2047106611873828,0.36190938990663,0.33648660641575606,0.38612582955845137,0.3794673227592433,0.33953938176047593,0.30061046529788815,0.0,0.42302341478182803,0.42004950568873783,0.0,0.0,0.0,0.48153465948498475,0.0,0.4778883301834185,0.0,0.3883140907964199,0.0,0.3957550443267728,0.0,0.0,0.46327185612327243,0.4157434810703508,0.407210913372836,0.4072776793219464,0.0,0.46627322370620755,0.47297206287920923,0.4576086511985154,0.48092934850993,0.380677749160269,0.407185448230012,0.43270662390407566,0.48517847078063686,0.4944140138993348,0.4850314638169515,0.0,0.4071140976097295
0.4284296345029708,0.4413092797647918,0.4324276399318159,0.23092823929556974,0.3564941143935472,0.45805944535920895,0.3526435577666858,0.44598836590292623,0.41130534953681147,0.35274204415170984,0.4025286780256198,0.3209401107442622,0.3682968037922787,0.0,0.4615200686436651,0.4463528575227494,0.37619058331838046,0.39979329185222096,0.0,0.4838010631654736,0.46439053805980074,0.47333128419044024,0.46059040504599447,0.3107853059548768,0.3821276200627795,0.4256363562792306,0.46605400509165795,0.3527740617744289,0.45500229654365104,0.4043490579919737,0.31365027078607444,0.36230182737193944,0.3692757692705368,0.34475971536703465,0.0,0.2758336345139143,0.3068602799611104,0.31258983985551325,0.31823496140772417,0.26728299714802656,0.3070633818453028,0.35769044586664533,0.3232317106856829,0.0,0.2924495969596484,0.4239694640261005,0.4514426710920067,0.0,0.0,0.0,0.0,0.0,0.0,0.0,0.32536003685223014,0.0,0.2713121008237179,0.0,0.0,0.488890510282223,0.45009389315319653,0.0,0.42526239609575284,0.0,0.4901179413701509,0.4992164017594821,0.4838075979840127,0.49197936279927146,0.0,0.42523458289717736,0.45931082738627216,0.48291616490114725,0.0,0.49964602452838464,0.0,0.0
0.0,0.0,0.40892823036366277,0.16399382399430373,0.24328145880697308,0.39581438673950003,0.30063493051923285,0.25267560091545727,0.3939849479600944,0.2840660568519043,0.25471875531202115,0.0,0.3223028634957965,0.1872914232602789,0.43483117276199945,0.0,0.0,0.0,0.3673116087794579,0.4984900456370821,0.48535272233637566,0.46388815047216103,0.3830430128266558,0.0,0.4650516180189178,0.0,0.43469961321740774,0.25437861198707745,0.46007377181078,0.0,0.3818621909090775,0.2490718582462925,0.3012412353124755,0.28480829249092626,0.2758336345139143,0.0,0.18827878865711345,0.32664505592932286,0.3141031624389206,0.0,0.0,0.2796872254884845,0.3685154351860651,0.30369877690377545,0.0,0.0,0.0,0.47030023592426834,0.0,0.0,0.0,0.0,0.0,0.0,0.0,0.0,0.0,0.0,0.0,0.0,0.0,0.0,0.0,0.0,0.0,0.0,0.0,0.0,0.0,0.0,0.0,0.0,0.0,0.0,0.0,0.0
0.0,0.0,0.4111898086765056,0.16587899653650826,0.3100470029322303,0.40007565039312326,0.28517608510436815,0.4176642790441176,0.39408556227386204,0.25277700714432794,0.38893149490082146,0.0,0.33186542449002526,0.15967074787312296,0.0,0.0,0.0,0.0,0.4182725435060473,0.44260266112420943,0.0,0.0,0.3911539666513609,0.0,0.0,0.0,0.4085857460733149,0.2606433336131974,0.4484621593876884,0.0,0.3723541168265148,0.3091154950643115,0.0,0.2825214298579406,0.3068602799611104,0.18827878865711345,0.0,0.3427349538750376,0.295415707329583,0.0,0.0,0.3086654252729304,0.27666552693759416,0.0,0.0,0.0,0.0,0.0,0.0,0.0,0.0,0.0,0.0,0.0,0.0,0.0,0.0,0.0,0.0,0.0,0.0,0.0,0.0,0.0,0.0,0.0,0.0,0.0,0.0,0.0,0.0,0.0,0.0,0.0,0.0,0.0
0.4422163575016755,0.0,0.0,0.0,0.3640087988429129,0.0,0.3642221424301518,0.0,0.0,0.2653919051529243,0.0,0.2287677548361177,0.36023462621400326,0.0,0.0,0.0,0.304141474008702,0.32915965527866187,0.0,0.0,0.0,0.0,0.0,0.2504475341769229,0.3069370291372602,0.3208842602994655,0.0,0.3264815062879896,0.0,0.0,0.30351572785426306,0.24400764973684294,0.18679004010671138,0.2047106611873828,0.31258983985551325,0.32664505592932286,0.3427349538750376,0.0,0.0,0.0,0.2122112733826719,0.0,0.0,0.0,0.20032845612682124,0.0,0.0,0.0,0.0,0.0,0.0,0.0,0.0,0.0,0.3583720313292618,0.0,0.35771853098085343,0.0,0.0,0.0,0.0,0.0,0.0,0.0,0.0,0.0,0.0,0.0,0.38404345993158406,0.0,0.3289874910941418,0.0,0.0,0.0,0.0,0.0
0.4441363743001112,0.4476777551407696,0.0,0.0,0.0,0.46104453760183095,0.0,0.4423984639109745,0.4745147237742427,0.3596111414249861,0.0,0.32785515418486577,0.47544760080422177,0.0,0.4576129577877003,0.4358079827639887,0.0,0.3931121073055663,0.0,0.4518338414595207,0.4564826542994944,0.4514603803930795,0.47738287843855887,0.4135366978069602,0.41056247559913406,0.45136749804265,0.47171754724351667,0.44044426400225933,0.45367243421302084,0.4803876751025408,0.4350553488776608,0.30940955408781157,0.324788138185465,0.36190938990663,0.31823496140772417,0.3141031624389206,0.295415707329583,0.0,0.0,0.3206189139836278,0.3346917195410223,0.3106663577599358,0.23356565277854527,0.28581232548457364,0.24904214511913728,0.3930611765067915,0.4035343039982519,0.40150346503861173,0.2416922266872254,0.3825711367583576,0.42328494735474037,0.36435565495197,0.36433908816113963,0.4001174885217187,0.3046996865190548,0.3444298317938969,0.266669017200685,0.37778863897069964,0.24781068260888126,0.415143217229277,0.4234552683916319,0.4071758607134047,0.4206878999785001,0.3926344114927183,0.46443611672414514,0.40517475547429077,0.4329317324051124,0.3999927991641578,0.31507631616279,0.40021204500581914,0.4122748341202732,0.4373495169086031,0.3533306244623667,0.44031606570331505,0.3420199627887858,0.3584124899329494
0.4039228864403422,0.42596988510937156,0.0,0.0,0.0,0.0,0.0,0.0,0.0,0.33142707191135556,0.0,0.33600903414013694,0.0,0.0,0.43328844914143966,0.39407397278973366,0.39024696055822067,0.38657417732945537,0.0,0.4584068348427238,0.43116990629274793,0.44849197322643136,0.4235596460177952,0.353510310589044,0.3970089676268429,0.42066661396701927,0.44668850367271523,0.0,0.4734125336179678,0.0,0.3796162829196142,0.28721649126914695,0.3113788715434642,0.33648660641575606,0.26728299714802656,0.0,0.0,0.0,0.3206189139836278,0.0,0.24455395742819633,0.3479932599058777,0.0,0.26397532717377975,0.17470376796115686,0.28925299840359303,0.31574869194240174,0.0,0.0,0.0,0.4092122577130991,0.3298322242444524,0.4165008658331251,0.0,0.31798811906703234,0.41904549660952367,0.2239325006912124,0.37614371067996233,0.0,0.37244324600552375,0.37158460852389985,0.33678270777353475,0.3537456007306031,0.0,0.415689568351967,0.34776754954500044,0.38433152616451915,0.39193295624389635,0.24380746098558798,0.32423891632267415,0.35074467500370554,0.408213652303847,0.3286005734727377,0.32762710424202873,0.0,0.3192844024231847
