0.0,0.25831525414766543,0.0,0.0,0.0,0.3125272765009415,0.0,0.3447774769547074,0.0,0.28766803886836834,0.0,0.27907559231144835,0.0,0.0,0.26418608996666015,0.2723423431033492,0.0,0.26392789464704675,0.0,0.3001566344648459,0.27991683754133956,0.26227802516383353,0.31607865464038903,0.2578677082101693,0.25864388849814524,0.2546954441395869,0.30609471778185104,0.0,0.0,0.0,0.2412638092615477,0.2665196760981696,0.2150435666746789,0.24108896449230166,0.26402028566923863,0.0,0.0,0.0,0.3063261723840559,0.27204218948577363,0.2909397329017153,0.0,0.0,0.0,0.0,0.25860825590743786,0.31777823790436066,0.0,0.0,0.0,0.3581965860340228,0.0,0.0,0.0,0.0,0.0,0.0,0.0,0.0,0.0,0.30618125646058797,0.0,0.28569503297024873,0.0,0.0,0.21586713609567917,0.32808423463397873,0.316729176633891,0.0,0.2892625305239561,0.3186231718256206,0.0,0.0,0.0,0.0,0.0
0.25831525414766543,0.0,0.0,0.0,0.0,0.27465046365800627,0.2880682103047271,0.31816743353025323,0.2827858625009469,0.0,0.0,0.0,0.2874048565250598,0.0,0.27495973113309063,0.2777963216237973,0.0,0.2749720396203461,0.0,0.28404643563961357,0.26999872910932377,0.269320683118693,0.2874096009213649,0.2923881758949066,0.26619183534140717,0.27198025961815675,0.2802226937261168,0.28774377375663485,0.28820342593612946,0.0,0.2437491804903517,0.2642040995011615,0.22363851860789852,0.23991153869036175,0.2738323357123196,0.0,0.0,0.0,0.3100700211460582,0.3040738463713759,0.2968920067448836,0.307484770723204,0.0,0.0,0.0,0.2923234515884219,0.3107094349327054,0.0,0.0,0.0,0.0,0.0,0.0,0.0,0.0,0.0,0.0,0.0,0.0,0.3253870705828145,0.2994431789879921,0.0,0.2914457855365709,0.0,0.30703633846009126,0.3110411368817223,0.3233323717835456,0.3332488661263771,0.0,0.2913545062744158,0.3272248984421325,0.3201900916561121,0.0,0.3202508884714626,0.0,0.301368715160062
0.0,0.0,0.0,0.0,0.28677597684533296,0.2732724510442745,0.28744149964512433,0.3247438914514998,0.22984574684683537,0.32486098698949795,0.23937771750012,0.34058665601545235,0.2953048121619571,0.30638048518784644,0.0,0.0,0.0,0.0,0.2136922493206189,0.0,0.0,0.0,0.23198829403690693,0.0,0.0,0.0,0.22704080601446364,0.303207249187906,0.29438622913961426,0.3132916271270806,0.31279628788452457,0.28787690870738475,0.0,0.31029564632790646,0.0,0.27928115402631615,0.29896803050416326,0.0,0.34633091817971,0.0,0.0,0.0,0.3124386342405779,0.0,0.0,0.0,0.0,0.20553025999312238,0.0,0.3430448168262577,0.3410919702778032,0.3623384335609168,0.37452645614770874,0.32088578636408754,0.0,0.3038548194153902,0.0,0.35900335675589834,0.3285030656820867,0.0,0.0,0.0,0.0,0.13186370284305107,0.0,0.0,0.0,0.3551485269058977,0.0,0.0,0.0,0.35197604252387027,0.3870457506948527,0.0,0.0,0.0
0.0,0.0,0.0,0.0,0.2110722113824756,0.28313411455538573,0.2109344905452173,0.2523622741566703,0.3013956896606828,0.19390586354771217,0.2648790790964907,0.18896334635245407,0.2409889274239967,0.21261471920166858,0.31954496435127844,0.0,0.0,0.0,0.2976441547661054,0.3171600724167729,0.0,0.29805975056957096,0.2712658903163351,0.0,0.0,0.0,0.2888279281948713,0.18925629041665323,0.0,0.0,0.23720193754250088,0.2738841875676761,0.0,0.27683782555281056,0.2820252297172017,0.15725247297683592,0.14360453970396297,0.26242477966082955,0.0,0.0,0.0,0.0,0.0,0.0,0.0,0.0,0.0,0.0,0.0,0.0,0.0,0.0,0.0,0.0,0.0,0.0,0.0,0.0,0.0,0.0,0.0,0.0,0.0,0.0,0.0,0.0,0.0,0.0,0.0,0.0,0.0,0.0,0.0,0.0,0.0,0.0
0.0,0.0,0.28677597684533296,0.2110722113824756,0.0,0.272738184794709,0.24261325325089764,0.2731037476795442,0.25348077823202386,0.2667690763892101,0.23564892162169207,0.30494042233087865,0.2643976734550896,0.21830639746839464,0.0,0.0,0.0,0.0,0.27567309577796795,0.0,0.0,0.2840242362727461,0.279928018200557,0.3309213561355479,0.0,0.0,0.2960304668743435,0.27613731784798146,0.27854869189191594,0.0,0.3213045268254116,0.23794162634985713,0.0,0.3108219291461821,0.2310717060005663,0.17769993825089375,0.20643000105355297,0.28929294792998783,0.0,0.0,0.0,0.0,0.21384620082004302,0.0,0.0,0.0,0.0,0.3180948176869893,0.0,0.24669641834800132,0.2957986721335557,0.0,0.0,0.0,0.0,0.2449162434262175,0.0,0.0,0.0,0.0,0.0,0.0,0.0,0.3406102433462448,0.0,0.0,0.0,0.33511955114906417,0.0,0.0,0.0,0.33549988513611545,0.0,0.0,0.0,0.0
0.3125272765009415,0.27465046365800627,0.2732724510442745,0.28313411455538573,0.272738184794709,0.0,0.27563512002852303,0.2723402254606983,0.23258191785683943,0.29516581055336616,0.27188045891558005,0.0,0.26555283547552866,0.26335116414595783,0.2718837705897135,0.291177269641507,0.0,0.28871346277981846,0.27486335636437437,0.2821807582700014,0.27862820951373696,0.28667870390040084,0.27149317515975857,0.0,0.26808861390101313,0.27723049751789414,0.26291376584113685,0.2725054699068349,0.23263719503571706,0.2760404421464001,0.29170226108195074,0.27583199899535754,0.25506382988075527,0.2920376456868531,0.2763505991512796,0.2847255614898561,0.28387675935687007,0.3087681771806149,0.3170994686867773,0.0,0.3322935892902265,0.3631711560105849,0.0,0.0,0.0,0.0,0.0,0.3386439251319644,0.0,0.0,0.3235675928040386,0.0,0.32233525222865633,0.32418339012700786,0.0,0.31472239791713025,0.0,0.3323689413893108,0.0,0.33640718065706465,0.0,0.0,0.0,0.3528007532976489,0.32464094521493697,0.3212695601733698,0.0,0.33091139358220273,0.0,0.0,0.0,0.32720320404954245,0.3293501881978661,0.3236856897816812,0.0,0.3354944632566076
0.0,0.2880682103047271,0.28744149964512433,0.2109344905452173,0.24261325325089764,0.27563512002852303,0.0,0.24479720742666164,0.2735478248258528,0.28992249565114336,0.2899539176112348,0.2947326863181928,0.23180149776450895,0.2394509274577925,0.0,0.3020153080224151,0.0,0.0,0.3040953762285147,0.2884953103319482,0.0,0.29759545759402745,0.26320675242976915,0.2917750591387933,0.0,0.29187894813113013,0.2800212953861468,0.26177280935602554,0.28755114408792287,0.2663162172131475,0.2938325375766258,0.2781297087701737,0.304239989016995,0.282230517041762,0.23959330874101104,0.21842547663512904,0.21917080991437704,0.2787203859366056,0.0,0.0,0.0,0.0,0.25704423513533087,0.0,0.0,0.0,0.0,0.0,0.0,0.0,0.0,0.0,0.0,0.0,0.0,0.3049449748247803,0.0,0.0,0.0,0.0,0.0,0.0,0.0,0.0,0.0,0.0,0.0,0.3370361124085625,0.0,0.0,0.0,0.0,0.0,0.0,0.0,0.0
0.3447774769547074,0.31816743353025323,0.3247438914514998,0.2523622741566703,0.2731037476795442,0.2723402254606983,0.24479720742666164,0.0,0.33777820547273024,0.0,0.23204126739540898,0.3867513268801095,0.2700944288890293,0.224188340477981,0.272472486257069,0.3233724766813704,0.0,0.32640609339457505,0.31223915774456534,0.2859505499534067,0.28123990040742547,0.3196176235187583,0.24765457245234326,0.34683525945605337,0.317292682871907,0.3266929343692103,0.2887697922729005,0.28106240384613823,0.25939926572504407,0.2598656352133568,0.2877519691442724,0.2290367974302796,0.27296957602542843,0.28198961730880584,0.0,0.16207622384596543,0.27589346094327516,0.0,0.3065741304436023,0.0,0.3351702200771525,0.0,0.2577458081279786,0.0,0.0,0.0,0.0,0.3639303030590203,0.0,0.0,0.3127464818803589,0.3141297546716354,0.2744335394098957,0.33023741573974713,0.0,0.2958399866467697,0.0,0.3169685103160242,0.0,0.33190199567567796,0.0,0.0,0.0,0.33136877339237464,0.31274683351327304,0.30234902572590494,0.2900479749878061,0.321115036952901,0.0,0.0,0.0,0.32420440292550623,0.3181383375195137,0.3164930424896123,0.0,0.0
0.0,0.2827858625009469,0.22984574684683537,0.3013956896606828,0.25348077823202386,0.23258191785683943,0.2735478248258528,0.33777820547273024,0.0,0.3323008945910832,0.2414770236511943,0.0,0.27626003079817296,0.2836776599735911,0.0,0.0,0.0,0.0,0.21583578475574072,0.26728111339347543,0.0,0.2908694560048763,0.28398665475912893,0.0,0.0,0.0,0.25847583229599164,0.32127904422192644,0.2835973445857001,0.3027756854088771,0.3453202973436656,0.30439830087000896,0.3119076491205441,0.33335177673685645,0.3096902412913437,0.3070791431824766,0.306491439805885,0.3236164188379484,0.3452566415465191,0.0,0.0,0.0,0.3131519508299141,0.0,0.0,0.0,0.0,0.36880627973656754,0.0,0.0,0.3424616820192753,0.0,0.3586990751589261,0.0,0.0,0.34276960736173423,0.0,0.0,0.3237001002347349,0.0,0.0,0.0,0.0,0.3606564082974048,0.0,0.0,0.0,0.3558632557372935,0.0,0.0,0.0,0.3363530519234395,0.0,0.0,0.0,0.0
0.28766803886836834,0.0,0.32486098698949795,0.19390586354771217,0.2667690763892101,0.29516581055336616,0.28992249565114336,0.0,0.3323008945910832,0.0,0.31814761066625113,0.22081318633747707,0.2904019874049845,0.11918865327726175,0.0,0.27288716136680874,0.23988716790688452,0.25195912754499605,0.3275947390768595,0.0,0.0,0.31906863057921103,0.28920453101670196,0.24666111299874113,0.2529416759044002,0.24503435078055005,0.29511282374864367,0.2824783248528882,0.3135411446253517,0.0,0.25063666824965425,0.2471962219168289,0.23216060944806716,0.2202671541314849,0.1970368361519758,0.20498572214229005,0.1734153979505233,0.1989872923250962,0.2404343657302458,0.21858951123544892,0.24573634038567183,0.2279761817596361,0.0,0.0,0.23241809800133112,0.0,0.0,0.0,0.0,0.0,0.0,0.0,0.0,0.0,0.30346566290547783,0.0,0.31907656335605344,0.0,0.0,0.0,0.3027378992536753,0.29922058182401134,0.2867397367880325,0.0,0.0,0.0,0.0,0.0,0.31097170526674195,0.29898740040522603,0.31297712333234085,0.0,0.0,0.0,0.0,0.28318941954707866
0.0,0.0,0.23937771750012,0.2648790790964907,0.23564892162169207,0.27188045891558005,0.2899539176112348,0.23204126739540898,0.2414770236511943,0.31814761066625113,0.0,0.30800527843079784,0.30837035245157846,0.20594482433116307,0.0,0.0,0.0,0.0,0.2064506910956776,0.0,0.0,0.0,0.19634044609607412,0.3262354767403313,0.0,0.0,0.2709446444867469,0.31387805858959833,0.0,0.0,0.3414916597719395,0.253394518743359,0.3319559268194137,0.3298354648883882,0.2957979031888389,0.23446893717520342,0.3001048519383139,0.318765689134092,0.2737683794109406,0.0,0.0,0.0,0.2514600697144955,0.0,0.0,0.0,0.0,0.31782852349472895,0.0,0.27835014388213725,0.3223913080254157,0.3078578470800336,0.3183333491915274,0.3196200703768443,0.0,0.17190384346341692,0.0,0.0,0.2645671499322911,0.0,0.0,0.0,0.0,0.18194144499332462,0.0,0.0,0.0,0.3229304340557412,0.0,0.0,0.0,0.32588899555766226,0.0,0.0,0.0,0.0
0.27907559231144835,0.0,0.34058665601545235,0.18896334635245407,0.30494042233087865,0.0,0.2947326863181928,0.3867513268801095,0.0,0.22081318633747707,0.30800527843079784,0.0,0.27845368714291147,0.0,0.0,0.0,0.2640880896366365,0.2632575631331145,0.3409710065896905,0.40108837648748036,0.35075699830566126,0.38888469781545054,0.0,0.22440332300615667,0.2661745773107535,0.24618069340777812,0.3100726305691979,0.2616230478286461,0.3532508395703105,0.0,0.2617515007295006,0.1878212537070042,0.19874826873835752,0.1774726285075019,0.2022487314988909,0.18397217744688535,0.1787128613508056,0.14529255717148112,0.1608532620109965,0.19834220631398145,0.19454908988426514,0.18415151706195518,0.1596808731071796,0.18097154198812726,0.21908659822031923,0.0,0.3370327868549724,0.0,0.29384667145404886,0.0,0.22646442033675596,0.24207352322165893,0.0,0.0,0.31269276378709865,0.0,0.32557391022608884,0.22657735411790902,0.0,0.31060154052934913,0.0,0.30957573228888735,0.2989570985333797,0.0,0.331094502390116,0.0,0.2858634602433676,0.3165700242542613,0.3061412854933801,0.3039026593882325,0.31783776349682,0.0,0.18214134379989258,0.0,0.0,0.2912579514013876
0.0,0.2874048565250598,0.2953048121619571,0.2409889274239967,0.2643976734550896,0.26555283547552866,0.23180149776450895,0.2700944288890293,0.27626003079817296,0.2904019874049845,0.30837035245157846,0.27845368714291147,0.0,0.2401048018090619,0.27337637993604613,0.301338282322212,0.3081523223206958,0.30080289725295906,0.3171863928158152,0.29148247414678374,0.2943211652136708,0.3021158435432176,0.27077695785469325,0.28735387477632746,0.29012955180867483,0.28879055736879217,0.27897195026099514,0.24251506506970197,0.27333820286070265,0.2728364224990471,0.28576008462385766,0.2818560484783039,0.269090088890272,0.2856397899981896,0.2613915948707916,0.24429619655275553,0.23902243955464234,0.27123740570761246,0.3276796161553554,0.0,0.0,0.0,0.290169917043284,0.0,0.0,0.0,0.0,0.0,0.0,0.0,0.0,0.0,0.31482850880094,0.0,0.0,0.0,0.0,0.0,0.0,0.0,0.0,0.0,0.0,0.0,0.34400559884166454,0.0,0.0,0.32079443317213757,0.0,0.0,0.0,0.32496377977398716,0.0,0.0,0.0,0.0
0.0,0.0,0.30638048518784644,0.21261471920166858,0.21830639746839464,0.26335116414595783,0.2394509274577925,0.224188340477981,0.2836776599735911,0.11918865327726175,0.20594482433116307,0.0,0.2401048018090619,0.0,0.0,0.0,0.0,0.0,0.26889101411664246,0.0,0.0,0.0,0.25816373244312857,0.0,0.0,0.0,0.3060815145443907,0.1966062300487888,0.0,0.0,0.25081229762506213,0.15816438379413658,0.0,0.0,0.0,0.15338525098656208,0.14876317673842196,0.0,0.2018896194363752,0.0,0.3133909660879159,0.0,0.20549458262514636,0.0,0.0,0.0,0.0,0.32869493209866835,0.0,0.0,0.32849427989840213,0.0,0.2789535885014712,0.31705522307402023,0.0,0.2544022233166175,0.0,0.0,0.2241240708246079,0.0,0.0,0.0,0.0,0.2474107320797123,0.0,0.0,0.0,0.2931147968644955,0.0,0.0,0.0,0.30726812908498796,0.0,0.0,0.0,0.0
0.26418608996666015,0.27495973113309063,0.0,0.31954496435127844,0.0,0.2718837705897135,0.0,0.272472486257069,0.0,0.0,0.0,0.0,0.27337637993604613,0.0,0.0,0.27965846182779214,0.0,0.2745839834619997,0.0,0.24119749221917464,0.26166368316178,0.22122145605965945,0.2299355423271673,0.306130376077817,0.263686972668665,0.2618294089860057,0.2632143139538718,0.2712183532991293,0.27158879207474534,0.25566418882689734,0.27628898133029595,0.2927435684135802,0.2675900847052513,0.2873211730960919,0.3030592945258734,0.30371411727188774,0.3069193916048518,0.0,0.3271550858615289,0.32775545215249,0.3295746585097832,0.341863927057146,0.38295854454357836,0.0,0.0,0.2576061689830447,0.3274782541701987,0.0,0.0,0.0,0.3188640117605327,0.0,0.3112650862439055,0.0,0.0,0.0,0.0,0.0,0.0,0.3316334331485492,0.33665225166145907,0.0,0.0,0.0,0.3215959027693455,0.31857861746297544,0.3350066751862776,0.3253576530548623,0.0,0.0,0.34546392000751824,0.32902184179865285,0.3449259093618037,0.3271654164992787,0.0,0.3351585736431665
0.2723423431033492,0.2777963216237973,0.0,0.0,0.0,0.291177269641507,0.3020153080224151,0.3233724766813704,0.0,0.27288716136680874,0.0,0.0,0.301338282322212,0.0,0.27965846182779214,0.0,0.26354490931296176,0.25037392142234355,0.0,0.288796330938181,0.2694804078645543,0.2801908177128396,0.2891160071903548,0.27757820478268763,0.2799000489912175,0.28822521509469895,0.29444643819311855,0.2997522773952317,0.29928612902762397,0.29367792329293824,0.26371742017921673,0.2922899770017062,0.2633328385599867,0.2771617114838929,0.27726509280946765,0.0,0.0,0.0,0.3123486023347767,0.2862943716443489,0.30097380099436355,0.3028359174684034,0.0,0.0,0.0,0.29352199022193376,0.3149730639083021,0.0,0.0,0.0,0.0,0.0,0.0,0.0,0.0,0.0,0.0,0.0,0.0,0.0,0.3039216909580424,0.0,0.2836185155998314,0.0,0.0,0.31137974464355994,0.3150062003255648,0.0,0.3366695142097558,0.28727927380606905,0.3130378096782864,0.0,0.0,0.0,0.0,0.2834637829597373
0.0,0.0,0.0,0.0,0.0,0.0,0.0,0.0,0.0,0.23988716790688452,0.0,0.2640880896366365,0.3081523223206958,0.0,0.0,0.26354490931296176,0.0,0.2331581527298746,0.0,0.0,0.0,0.0,0.0,0.2667081185988745,0.25417211572329546,0.253317259169519,0.0,0.2964598281329866,0.0,0.0,0.25017249909265593,0.28982673635923645,0.25156963483196637,0.2604523244330818,0.2569311462149127,0.0,0.0,0.24268944656762398,0.0,0.2582902055665637,0.0,0.0,0.0,0.0,0.0,0.3492974798048253,0.0,0.0,0.0,0.0,0.0,0.0,0.0,0.0,0.3145655185106949,0.0,0.3224597586937325,0.0,0.0,0.0,0.0,0.3093061432324549,0.2952223081560874,0.0,0.0,0.0,0.0,0.0,0.33076008758143155,0.2943514501331188,0.30871833338860766,0.0,0.0,0.0,0.0,0.0
0.26392789464704675,0.2749720396203461,0.0,0.0,0.0,0.28871346277981846,0.0,0.32640609339457505,0.0,0.25195912754499605,0.0,0.2632575631331145,0.30080289725295906,0.0,0.2745839834619997,0.25037392142234355,0.2331581527298746,0.0,0.0,0.28600131532543716,0.2905304033090356,0.28066289632597524,0.28522726148584227,0.25883428674873843,0.25120354392969474,0.26522148636284215,0.29346907788942717,0.2932118297883496,0.29456565100257753,0.0,0.26144469708880685,0.2896966062144829,0.24855486051718376,0.2727386910587805,0.2755741097959406,0.0,0.0,0.0,0.29085918301058766,0.2849381623686273,0.2667162657765524,0.29650126971623675,0.0,0.0,0.0,0.28031812191528205,0.29939296016153044,0.0,0.0,0.0,0.0,0.0,0.0,0.0,0.2888743926969425,0.0,0.31061945702151245,0.0,0.0,0.0,0.2851063459024433,0.28513732808353803,0.28593514376716106,0.0,0.0,0.0,0.31888876201001226,0.0,0.3124806139821208,0.27864631850967725,0.2951832894727167,0.0,0.0,0.0,0.0,0.2725140359735776
0.0,0.0,0.2136922493206189,0.2976441547661054,0.27567309577796795,0.27486335636437437,0.3040953762285147,0.31223915774456534,0.21583578475574072,0.3275947390768595,0.2064506910956776,0.3409710065896905,0.3171863928158152,0.26889101411664246,0.0,0.0,0.0,0.0,0.0,0.0,0.0,0.0,0.21125112852140093,0.4385440751248995,0.0,0.0,0.25270410445044506,0.32290877371148896,0.0,0.0,0.3302795923366289,0.2937825083990081,0.29918701483061216,0.32191768749398453,0.30270547543760173,0.28823780899195783,0.30570906151463706,0.33984383791121076,0.33888223685777513,0.0,0.0,0.0,0.3011274413501952,0.0,0.0,0.0,0.0,0.3411270764464694,0.0,0.0,0.34274718987214575,0.0,0.3509202265292506,0.3453073044465616,0.0,0.30951464764242403,0.0,0.0,0.3126240494369687,0.0,0.0,0.0,0.0,0.34910725980744023,0.0,0.0,0.0,0.35389243183340485,0.0,0.0,0.0,0.345028826589816,0.0,0.0,0.0,0.0
0.3001566344648459,0.28404643563961357,0.0,0.3171600724167729,0.0,0.2821807582700014,0.2884953103319482,0.2859505499534067,0.26728111339347543,0.0,0.0,0.40108837648748036,0.29148247414678374,0.0,0.24119749221917464,0.288796330938181,0.0,0.28600131532543716,0.0,0.0,0.2905104638743908,0.2552365938085738,0.23345547211512602,0.0,0.26585428450154125,0.2810560266731751,0.24442124393679449,0.2654303064670715,0.2560306103743836,0.25308881920493276,0.2660155868872338,0.2964310378264272,0.2616739674963658,0.2864089535722838,0.29440778588148886,0.33590190290726046,0.3074914968351265,0.0,0.3284970741144568,0.0,0.33772838001743294,0.32838705039629956,0.0,0.0,0.0,0.0,0.31480722679216394,0.0,0.0,0.0,0.32152597510068703,0.0,0.0,0.0,0.0,0.0,0.0,0.0,0.0,0.32315384606127,0.0,0.0,0.0,0.0,0.3197181454369978,0.3138408853589458,0.3253675499886106,0.33146148413676857,0.0,0.0,0.32749858951004357,0.3274660095882882,0.3358956703989977,0.3282237655114141,0.0,0.33891574016129317
0.27991683754133956,0.26999872910932377,0.0,0.0,0.0,0.27862820951373696,0.0,0.28123990040742547,0.0,0.0,0.0,0.35075699830566126,0.2943211652136708,0.0,0.26166368316178,0.2694804078645543,0.0,0.2905304033090356,0.0,0.2905104638743908,0.0,0.28455457039057974,0.2793674888703474,0.32940178418406757,0.28165490585569225,0.27614772497115736,0.28788402160783666,0.30083002867301056,0.28218801893155154,0.0,0.23229836009804805,0.2789852278556127,0.24258873005378706,0.2562342377677981,0.2944763141423121,0.0,0.0,0.0,0.32174590757577104,0.3205773329786046,0.32252833019976157,0.34293587956573657,0.0,0.0,0.0,0.23047860050524444,0.3288741493674925,0.0,0.0,0.0,0.2895198104603228,0.0,0.2615007473027238,0.0,0.0,0.0,0.0,0.0,0.0,0.3202660443424856,0.32559669281653825,0.0,0.0,0.0,0.31094890101237105,0.2672464767621363,0.3291151241057194,0.3111902471162768,0.0,0.316587080611274,0.3431984694787579,0.3161328418575385,0.0,0.3046503019967406,0.0,0.33232638315418206
0.26227802516383353,0.269320683118693,0.0,0.29805975056957096,0.2840242362727461,0.28667870390040084,0.29759545759402745,0.3196176235187583,0.2908694560048763,0.31906863057921103,0.0,0.38888469781545054,0.3021158435432176,0.0,0.22122145605965945,0.2801908177128396,0.0,0.28066289632597524,0.0,0.2552365938085738,0.28455457039057974,0.0,0.2809210702551163,0.33441962781938295,0.2716928004594207,0.27867201013376136,0.2920611236717036,0.2850594765986545,0.2807244092553891,0.26572669947941974,0.2687866242506036,0.29212795791429974,0.25684546698969873,0.2805169764078837,0.297358838511594,0.331879715901609,0.30798614721231876,0.0,0.3181071552701831,0.3225338677861157,0.3157911373440256,0.3321880071544476,0.38989799638067235,0.0,0.0,0.3068371620670508,0.31838214142836324,0.0,0.0,0.0,0.0,0.0,0.0,0.0,0.0,0.0,0.0,0.0,0.0,0.3328299750980025,0.31358832573701045,0.0,0.0,0.0,0.32253078940770546,0.3174092889798137,0.32821139220633,0.3243509266305892,0.0,0.29004643559275883,0.3367664199659682,0.3238829829769097,0.0,0.32191758979672147,0.0,0.3176749089610175
0.31607865464038903,0.2874096009213649,0.23198829403690693,0.2712658903163351,0.279928018200557,0.27149317515975857,0.26320675242976915,0.24765457245234326,0.28398665475912893,0.28920453101670196,0.19634044609607412,0.0,0.27077695785469325,0.25816373244312857,0.2299355423271673,0.2891160071903548,0.0,0.28522726148584227,0.21125112852140093,0.23345547211512602,0.2793674888703474,0.2809210702551163,0.0,0.33042365866098206,0.29573667663084424,0.30200383064750475,0.2142224024030257,0.2791054611003026,0.2681870042662009,0.2679886922890189,0.28281536141556085,0.2717807744006255,0.2485579003297545,0.2902836251795993,0.2981072777955455,0.26170345393320826,0.27432482728251745,0.3118032017834578,0.3303094954489944,0.3004389854849226,0.3327254246798831,0.33953658278897475,0.27923998098823316,0.0,0.0,0.31409877642159273,0.3471960457501316,0.3200267099402396,0.0,0.3409265715196402,0.3253848012901784,0.3192727097908045,0.32744795664560106,0.349133299363681,0.0,0.3137703627435727,0.0,0.32817841910973766,0.306094679653016,0.3279530629445782,0.0,0.0,0.0,0.33558828384548306,0.32484108708118786,0.31379991149845204,0.3309836856747621,0.3289639157488953,0.0,0.0,0.33189938802036045,0.3319629610394151,0.3297325350501762,0.32888366530842583,0.3374536684377467,0.33654035910889263
0.2578677082101693,0.2923881758949066,0.0,0.0,0.3309213561355479,0.0,0.2917750591387933,0.34683525945605337,0.0,0.24666111299874113,0.3262354767403313,0.22440332300615667,0.28735387477632746,0.0,0.306130376077817,0.27757820478268763,0.2667081185988745,0.25883428674873843,0.4385440751248995,0.0,0.32940178418406757,0.33441962781938295,0.33042365866098206,0.0,0.2607316969064046,0.254100325722827,0.3528326215750126,0.2827951095764769,0.0,0.0,0.26785755194435223,0.27182756612392134,0.20381227282887493,0.18628214801402812,0.18733566011841493,0.28638445433776655,0.0,0.16157188422070376,0.31377808853967487,0.2477901224843626,0.22054349113176575,0.17769023717866436,0.0,0.0,0.20167541578031062,0.29412569380479087,0.2663069502285118,0.0,0.0,0.0,0.0,0.0,0.0,0.0,0.30525637596488875,0.0,0.31834855296681763,0.0,0.0,0.0,0.30574343695503764,0.3048791436959565,0.30451059003363756,0.0,0.0,0.0,0.0,0.0,0.3259644908547632,0.2986391143786826,0.31670011459335834,0.0,0.0,0.0,0.0,0.30650026672473174
0.25864388849814524,0.26619183534140717,0.0,0.0,0.0,0.26808861390101313,0.0,0.317292682871907,0.0,0.2529416759044002,0.0,0.2661745773107535,0.29012955180867483,0.0,0.263686972668665,0.2799000489912175,0.25417211572329546,0.25120354392969474,0.0,0.26585428450154125,0.28165490585569225,0.2716928004594207,0.29573667663084424,0.2607316969064046,0.0,0.25634744330192544,0.27451071983479236,0.2933402285065847,0.25719275242573564,0.0,0.26279166054809155,0.2737235580019073,0.22969054189444582,0.25725537137433785,0.26456326688947596,0.0,0.0,0.23929819919354428,0.2858950228959123,0.2792158477733047,0.2780404202119178,0.28450606223837915,0.0,0.0,0.0,0.2903078254736384,0.30131177772984796,0.0,0.0,0.0,0.0,0.0,0.0,0.0,0.3096490216662021,0.0,0.3166857906769807,0.0,0.0,0.0,0.29344299470567514,0.2957456279035807,0.2871737207663794,0.0,0.0,0.0,0.2988630653455857,0.0,0.31455367203784035,0.28097592910994695,0.2983067426224164,0.0,0.0,0.0,0.0,0.2768616041507851
0.2546954441395869,0.27198025961815675,0.0,0.0,0.0,0.27723049751789414,0.29187894813113013,0.3266929343692103,0.0,0.24503435078055005,0.0,0.24618069340777812,0.28879055736879217,0.0,0.2618294089860057,0.28822521509469895,0.253317259169519,0.26522148636284215,0.0,0.2810560266731751,0.27614772497115736,0.27867201013376136,0.30200383064750475,0.254100325722827,0.25634744330192544,0.0,0.2997874147091479,0.28619938417698493,0.27675441920824984,0.0,0.2646318154899063,0.2847256194222807,0.24206565810280975,0.265754193193613,0.28222132352289886,0.3283285503471977,0.28585886341918015,0.24174753969513127,0.32019071672422106,0.2958379791333146,0.30951034412045375,0.3199150925410758,0.0,0.0,0.0,0.30432358277335597,0.33407493228658935,0.0,0.0,0.0,0.0,0.0,0.3561278000276638,0.0,0.3166031515711335,0.0,0.32347683969653235,0.0,0.0,0.3406937002811984,0.31478928888846386,0.30968769496372256,0.2967482821509621,0.0,0.3255732575845817,0.3291419316183221,0.3365268949988259,0.33376496186416793,0.32889264726310763,0.2922175919311598,0.3205363844963833,0.3324080005334667,0.0,0.3363657297350564,0.0,0.2958220644380823
0.30609471778185104,0.2802226937261168,0.22704080601446364,0.2888279281948713,0.2960304668743435,0.26291376584113685,0.2800212953861468,0.2887697922729005,0.25847583229599164,0.29511282374864367,0.2709446444867469,0.3100726305691979,0.27897195026099514,0.3060815145443907,0.2632143139538718,0.29444643819311855,0.0,0.29346907788942717,0.25270410445044506,0.24442124393679449,0.28788402160783666,0.2920611236717036,0.2142224024030257,0.3528326215750126,0.27451071983479236,0.2997874147091479,0.0,0.28245012980408896,0.25837608080015456,0.2668370857985247,0.2785071357084717,0.2785335052508002,0.2513116619621502,0.2915830035317976,0.2907501675415587,0.2894605022726707,0.2810333171887094,0.3072916085070113,0.32588080140105824,0.3262470033134059,0.34120892059565994,0.34391895512121234,0.2723026907269797,0.0,0.0,0.0,0.0,0.3481342548756276,0.0,0.0,0.3236607091898481,0.3311767998122737,0.33511504147575066,0.3442340442016112,0.0,0.33773477176964933,0.0,0.33504476770207026,0.0,0.326542974428007,0.0,0.0,0.0,0.35798534452662334,0.3266277965119009,0.31934521733735216,0.3298393164695001,0.33301712447754894,0.0,0.0,0.33116352335994564,0.3299692304873549,0.3318438577397285,0.32988078234145407,0.0,0.3350540558662488
0.0,0.28774377375663485,0.303207249187906,0.18925629041665323,0.27613731784798146,0.2725054699068349,0.26177280935602554,0.28106240384613823,0.32127904422192644,0.2824783248528882,0.31387805858959833,0.2616230478286461,0.24251506506970197,0.1966062300487888,0.2712183532991293,0.2997522773952317,0.2964598281329866,0.2932118297883496,0.32290877371148896,0.2654303064670715,0.30083002867301056,0.2850594765986545,0.2791054611003026,0.2827951095764769,0.2933402285065847,0.28619938417698493,0.28245012980408896,0.0,0.2531871545112058,0.24493183103632235,0.26858324433859565,0.2795962606247032,0.27407018799550575,0.277641947660262,0.2486176156392962,0.21638407361902007,0.2072044659235308,0.26137337705746966,0.2830264491381387,0.0,0.0,0.0,0.30889238577161965,0.0,0.0,0.0,0.0,0.0,0.0,0.0,0.3242539838650296,0.0,0.32135725910662744,0.0,0.3066213460375769,0.0,0.29769437778467284,0.0,0.0,0.3457036569335722,0.0,0.0,0.0,0.0,0.3153848658842793,0.0,0.0,0.33001208161412743,0.0,0.0,0.0,0.3287523189413926,0.34443944450908404,0.32881648992576523,0.0,0.0
0.0,0.28820342593612946,0.29438622913961426,0.0,0.27854869189191594,0.23263719503571706,0.28755114408792287,0.25939926572504407,0.2835973445857001,0.3135411446253517,0.0,0.3532508395703105,0.27333820286070265,0.0,0.27158879207474534,0.29928612902762397,0.0,0.29456565100257753,0.0,0.2560306103743836,0.28218801893155154,0.2807244092553891,0.2681870042662009,0.0,0.25719275242573564,0.27675441920824984,0.25837608080015456,0.2531871545112058,0.0,0.24743559107341498,0.2650396072964268,0.28976328889122077,0.2502472043406603,0.29146579351439206,0.290007010682501,0.33196957289405166,0.30088553602321666,0.0,0.3182210002278506,0.0,0.3399993881557964,0.0,0.0,0.0,0.0,0.0,0.33524645692803834,0.0,0.0,0.0,0.3169270235755985,0.0,0.3241841328517649,0.0,0.0,0.0,0.0,0.0,0.0,0.3167911692028493,0.0,0.0,0.0,0.0,0.3152314484563876,0.30492794896439374,0.318383455449911,0.32772738112454036,0.0,0.0,0.33086869465908136,0.32288773055937625,0.3282998268973757,0.3197557342691523,0.3587715229252633,0.3335152756981084
0.0,0.0,0.3132916271270806,0.0,0.0,0.2760404421464001,0.2663162172131475,0.2598656352133568,0.3027756854088771,0.0,0.0,0.0,0.2728364224990471,0.0,0.25566418882689734,0.29367792329293824,0.0,0.0,0.0,0.25308881920493276,0.0,0.26572669947941974,0.2679886922890189,0.0,0.0,0.0,0.2668370857985247,0.24493183103632235,0.24743559107341498,0.0,0.24609457873625348,0.2923425639863615,0.0,0.28077176913681645,0.0,0.26995547415545884,0.26515180049269566,0.0,0.3353325585108411,0.0,0.0,0.0,0.0,0.0,0.0,0.0,0.0,0.0,0.0,0.0,0.0,0.0,0.0,0.0,0.0,0.0,0.0,0.0,0.0,0.3484239245655459,0.0,0.0,0.0,0.0,0.31036109656628175,0.0,0.0,0.3270237265248014,0.0,0.0,0.0,0.3288502285726297,0.0,0.3445435255244669,0.0,0.0
0.2412638092615477,0.2437491804903517,0.31279628788452457,0.23720193754250088,0.3213045268254116,0.29170226108195074,0.2938325375766258,0.2877519691442724,0.3453202973436656,0.25063666824965425,0.3414916597719395,0.2617515007295006,0.28576008462385766,0.25081229762506213,0.27628898133029595,0.26371742017921673,0.25017249909265593,0.26144469708880685,0.3302795923366289,0.2660155868872338,0.23229836009804805,0.2687866242506036,0.28281536141556085,0.26785755194435223,0.26279166054809155,0.2646318154899063,0.2785071357084717,0.26858324433859565,0.2650396072964268,0.24609457873625348,0.0,0.2844056857707394,0.23713285217281926,0.21594968511934343,0.16341778007836322,0.28259782169239445,0.25316571553025846,0.2074817590627463,0.3174824743766573,0.23649236035859164,0.0,0.0,0.32040264705131766,0.0,0.2115183060932823,0.2869613477862619,0.29201373260133534,0.0,0.0,0.0,0.3376503561060448,0.0,0.31896470233461494,0.0,0.2944886911319675,0.5458684101338087,0.2943687526710379,0.0,0.0,0.3069211590529342,0.2692548563431779,0.3045640658167229,0.2921075937102931,0.0,0.31385853614460557,0.2825831128075261,0.3132123239827222,0.3280057402567542,0.2941768555280267,0.2793457411743255,0.3027019276711795,0.33040606544874834,0.34405718643592165,0.33045344656425685,0.0,0.0
0.2665196760981696,0.2642040995011615,0.28787690870738475,0.2738841875676761,0.23794162634985713,0.27583199899535754,0.2781297087701737,0.2290367974302796,0.30439830087000896,0.2471962219168289,0.253394518743359,0.1878212537070042,0.2818560484783039,0.15816438379413658,0.2927435684135802,0.2922899770017062,0.28982673635923645,0.2896966062144829,0.2937825083990081,0.2964310378264272,0.2789852278556127,0.29212795791429974,0.2717807744006255,0.27182756612392134,0.2737235580019073,0.2847256194222807,0.2785335052508002,0.2795962606247032,0.28976328889122077,0.2923425639863615,0.2844056857707394,0.0,0.24829220785645856,0.2581824989770555,0.28031194238728796,0.18983059485687728,0.23696377449960387,0.21797816385812957,0.17974971885577723,0.18767247264327994,0.22692078992839662,0.21890044159385988,0.23958158305810634,0.21135744688677544,0.16796132147899173,0.3040747882026542,0.31463121898099894,0.0,0.0,0.0,0.3036138023778092,0.0,0.2787474043172069,0.0,0.0,0.0,0.0,0.33227913816686033,0.0,0.3257195416874422,0.3038716677092858,0.0,0.2862422575607262,0.0,0.3132044478750334,0.295009424958845,0.3028622833598961,0.32125281750949697,0.0,0.2844875247881096,0.3084429045216802,0.3195182853046124,0.3226381600988459,0.31901507334453505,0.0,0.31933417556763627
0.2150435666746789,0.22363851860789852,0.0,0.0,0.0,0.25506382988075527,0.304239989016995,0.27296957602542843,0.3119076491205441,0.23216060944806716,0.3319559268194137,0.19874826873835752,0.269090088890272,0.0,0.2675900847052513,0.2633328385599867,0.25156963483196637,0.24855486051718376,0.29918701483061216,0.2616739674963658,0.24258873005378706,0.25684546698969873,0.2485579003297545,0.20381227282887493,0.22969054189444582,0.24206565810280975,0.2513116619621502,0.27407018799550575,0.2502472043406603,0.0,0.23713285217281926,0.24829220785645856,0.0,0.16802628887950205,0.23720556898429812,0.2723180366076721,0.28527516587710244,0.12621199487613263,0.20741221658178224,0.15122144285518643,0.15718211121472203,0.0,0.0,0.0,0.15875934253276136,0.26491080015972956,0.30966317119170716,0.0,0.0,0.0,0.0,0.0,0.0,0.0,0.26641251746616307,0.0,0.2836012089350901,0.0,0.0,0.32004737463497407,0.2818748052232066,0.28213800008933215,0.27843145855907553,0.0,0.0,0.29366816000812557,0.3227969103891382,0.30497106614166847,0.27038483462623586,0.2757654241327077,0.2955857771156457,0.0,0.0,0.0,0.0,0.24791765975772256
0.24108896449230166,0.23991153869036175,0.31029564632790646,0.27683782555281056,0.3108219291461821,0.2920376456868531,0.282230517041762,0.28198961730880584,0.33335177673685645,0.2202671541314849,0.3298354648883882,0.1774726285075019,0.2856397899981896,0.0,0.2873211730960919,0.2771617114838929,0.2604523244330818,0.2727386910587805,0.32191768749398453,0.2864089535722838,0.2562342377677981,0.2805169764078837,0.2902836251795993,0.18628214801402812,0.25725537137433785,0.265754193193613,0.2915830035317976,0.277641947660262,0.29146579351439206,0.28077176913681645,0.21594968511934343,0.2581824989770555,0.16802628887950205,0.0,0.17075398640921396,0.28508956429322246,0.2312329998590935,0.1551967940967642,0.24389047910214104,0.14198956659852172,0.308150887453289,0.33227663197960244,0.0,0.0,0.1691237695784142,0.28400865202633324,0.3024845675538779,0.0,0.0,0.0,0.3388013590390638,0.0,0.3235777253222326,0.0,0.24513793236154838,0.0,0.2729824473343936,0.0,0.0,0.32782107888700424,0.289783424083088,0.25953873853050047,0.2882955277354274,0.0,0.3186208154158768,0.30507998141148446,0.320274941318523,0.3320865664763742,0.24713338204340327,0.2769634038183139,0.3082812589321475,0.3273172487674914,0.3562175883698731,0.33685179150327954,0.0,0.0
0.26402028566923863,0.2738323357123196,0.0,0.2820252297172017,0.2310717060005663,0.2763505991512796,0.23959330874101104,0.0,0.3096902412913437,0.1970368361519758,0.2957979031888389,0.2022487314988909,0.2613915948707916,0.0,0.3030592945258734,0.27726509280946765,0.2569311462149127,0.2755741097959406,0.30270547543760173,0.29440778588148886,0.2944763141423121,0.297358838511594,0.2981072777955455,0.18733566011841493,0.26456326688947596,0.28222132352289886,0.2907501675415587,0.2486176156392962,0.290007010682501,0.0,0.16341778007836322,0.28031194238728796,0.23720556898429812,0.17075398640921396,0.0,0.2618551024647736,0.22674966023520207,0.15697595912087184,0.21588224350453558,0.0,0.0,0.0,0.0,0.0,0.0,0.0,0.3112610864924863,0.0,0.0,0.0,0.0,0.0,0.0,0.0,0.2516367913761125,0.0,0.2665814164993379,0.0,0.0,0.3447117275251553,0.30485392883354306,0.0,0.283030963079431,0.0,0.0,0.31750348902405795,0.32702028204604844,0.3308390330051513,0.0,0.2866688852766801,0.3158411929870502,0.0,0.0,0.0,0.0,0.0
0.0,0.0,0.27928115402631615,0.15725247297683592,0.17769993825089375,0.2847255614898561,0.21842547663512904,0.16207622384596543,0.3070791431824766,0.20498572214229005,0.23446893717520342,0.18397217744688535,0.24429619655275553,0.15338525098656208,0.30371411727188774,0.0,0.0,0.0,0.28823780899195783,0.33590190290726046,0.0,0.331879715901609,0.26170345393320826,0.28638445433776655,0.0,0.3283285503471977,0.2894605022726707,0.21638407361902007,0.33196957289405166,0.26995547415545884,0.28259782169239445,0.18983059485687728,0.2723180366076721,0.28508956429322246,0.2618551024647736,0.0,0.15740302550151034,0.22304458388874027,0.2596687881527735,0.0,0.2896545069255018,0.0,0.1580160257441848,0.0,0.0,0.0,0.0,0.31600511814652793,0.0,0.0,0.28677417755416956,0.27170409372647464,0.266886415328423,0.3015530608231549,0.0,0.23398739136078198,0.0,0.30121606348492513,0.2043984970494102,0.0,0.0,0.0,0.0,0.2857461698783688,0.0,0.0,0.0,0.30885076811233303,0.0,0.0,0.0,0.3022798514050841,0.28853926420156284,0.3205155393681724,0.2836398122403977,0.33371848132714094
0.0,0.0,0.29896803050416326,0.14360453970396297,0.20643000105355297,0.28387675935687007,0.21917080991437704,0.27589346094327516,0.306491439805885,0.1734153979505233,0.3001048519383139,0.1787128613508056,0.23902243955464234,0.14876317673842196,0.3069193916048518,0.0,0.0,0.0,0.30570906151463706,0.3074914968351265,0.0,0.30798614721231876,0.27432482728251745,0.0,0.0,0.28585886341918015,0.2810333171887094,0.2072044659235308,0.30088553602321666,0.26515180049269566,0.25316571553025846,0.23696377449960387,0.28527516587710244,0.2312329998590935,0.22674966023520207,0.15740302550151034,0.0,0.20375178468673402,0.1720711265721479,0.0,0.0,0.0,0.0,0.0,0.0,0.0,0.0,0.0,0.0,0.0,0.0,0.0,0.0,0.0,0.0,0.0,0.0,0.0,0.0,0.0,0.0,0.0,0.0,0.0,0.0,0.0,0.0,0.0,0.0,0.0,0.0,0.0,0.0,0.0,0.0,0.0
0.0,0.0,0.0,0.26242477966082955,0.28929294792998783,0.3087681771806149,0.2787203859366056,0.0,0.3236164188379484,0.1989872923250962,0.318765689134092,0.14529255717148112,0.27123740570761246,0.0,0.0,0.0,0.24268944656762398,0.0,0.33984383791121076,0.0,0.0,0.0,0.3118032017834578,0.16157188422070376,0.23929819919354428,0.24174753969513127,0.3072916085070113,0.26137337705746966,0.0,0.0,0.2074817590627463,0.21797816385812957,0.12621199487613263,0.1551967940967642,0.15697595912087184,0.22304458388874027,0.20375178468673402,0.0,0.20096790711789822,0.14471067568100163,0.16106091350718213,0.0,0.0,0.0,0.15498235940854982,0.0,0.0,0.0,0.0,0.0,0.0,0.0,0.0,0.0,0.23002839443929718,0.0,0.2399819625267786,0.0,0.0,0.0,0.0,0.21838198957296814,0.2607917424862883,0.0,0.0,0.0,0.0,0.0,0.19884736405507522,0.24262786613930556,0.2602383135525833,0.0,0.0,0.0,0.0,0.24152818999458936
0.3063261723840559,0.3100700211460582,0.34633091817971,0.0,0.0,0.3170994686867773,0.0,0.3065741304436023,0.3452566415465191,0.2404343657302458,0.2737683794109406,0.1608532620109965,0.3276796161553554,0.2018896194363752,0.3271550858615289,0.3123486023347767,0.0,0.29085918301058766,0.33888223685777513,0.3284970741144568,0.32174590757577104,0.3181071552701831,0.3303094954489944,0.31377808853967487,0.2858950228959123,0.32019071672422106,0.32588080140105824,0.2830264491381387,0.3182210002278506,0.3353325585108411,0.3174824743766573,0.17974971885577723,0.20741221658178224,0.24389047910214104,0.21588224350453558,0.2596687881527735,0.1720711265721479,0.20096790711789822,0.0,0.22528860492734012,0.24264565113894268,0.24879087645731127,0.20865083473486545,0.21874933433710983,0.1911893776406847,0.2719870691517194,0.2721945489672384,0.262808037696896,0.17942388097037615,0.22506273175784058,0.2518700759825789,0.2610233882057997,0.24391450056419117,0.27274020125614956,0.2696065705587595,0.23535638463850944,0.20788482352543475,0.2722008695774906,0.1847187867664546,0.2835154372083093,0.2887882077752206,0.27368139177648637,0.2851958019528057,0.28161149815991204,0.2792994784023676,0.28320534320348545,0.2852637175342981,0.2745369568856919,0.220931953099139,0.27550605077076834,0.2808367064786624,0.27942891928025887,0.2644222876768348,0.28655406666296857,0.27911811920897234,0.28105807425590157
0.27204218948577363,0.3040738463713759,0.0,0.0,0.0,0.0,0.0,0.0,0.0,0.21858951123544892,0.0,0.19834220631398145,0.0,0.0,0.32775545215249,0.2862943716443489,0.2582902055665637,0.2849381623686273,0.0,0.0,0.3205773329786046,0.3225338677861157,0.3004389854849226,0.2477901224843626,0.2792158477733047,0.2958379791333146,0.3262470033134059,0.0,0.0,0.0,0.23649236035859164,0.18767247264327994,0.15122144285518643,0.14198956659852172,0.0,0.0,0.0,0.14471067568100163,0.22528860492734012,0.0,0.16546684587321767,0.2425965279590093,0.394555023911081,0.0,0.12589854551117832,0.2107429080741005,0.22163756568433243,0.0,0.0,0.0,0.250852675659851,0.26879157248648683,0.2726556945512531,0.0,0.23119954207448654,0.32536695449314806,0.21128657271496395,0.26137179229424434,0.0,0.26429963481979124,0.24567437235478953,0.23423756171398993,0.23053580495540524,0.0,0.24553859148458207,0.25098800589767173,0.2589106403311437,0.25227842044716947,0.18878903493845975,0.2171937398857725,0.23303973686112772,0.25598612948623595,0.23750192770794568,0.22263436981237394,0.2776270651832565,0.22308878379275315
