0.0,0.3657503713980849,0.0,0.0,0.0,0.0,0.0,0.5318377237521843,0.0,0.0,0.0,0.3609043048010494,0.0,0.49322535755319546,0.36589458205773645,0.37413151390141874,0.0,0.3826842411622866,0.0,0.4134704128469448,0.43289549573074027,0.3847164630548403,0.4869285902241626,0.33385582752466003,0.37299471031252157,0.35734879981786305,0.4350204658473311,0.0,0.0,0.0,0.35380657485383815,0.41440246929405555,0.34873383974708605,0.3550539865435333,0.4213562618485837,0.0,0.0,0.0,0.4340700264686719,0.40999818346509936,0.44078955515521834,0.0,0.0,0.0,0.0,0.4120153144690858,0.458749751552795,0.0,0.0,0.0,0.0,0.0,0.0,0.0,0.0,0.0,0.0,0.0,0.0,0.47893616898716035,0.44540626765452934,0.0,0.465469727964884,0.0,0.39360845859895466,0.4117956097321099,0.432600676482107,0.0,0.0,0.4390782147897911,0.4707421933762009,0.0,0.0,0.4582272896783918,0.0,0.4354351032473711
0.3657503713980849,0.0,0.0,0.0,0.41252222521646553,0.3932038245066568,0.4161689031996596,0.466616812746024,0.4062344402932221,0.0,0.0,0.0,0.42442574190200877,0.0,0.38400950901623837,0.39161129448098864,0.0,0.38759952185549423,0.0,0.4095751658997641,0.40155068954427137,0.3899907091741563,0.39778108631094805,0.0,0.3922894527675629,0.39578788340917814,0.3965372763015441,0.4252617446028904,0.41648567447106777,0.0,0.3570404438546326,0.41975403197789213,0.3342672340305678,0.36515917493601235,0.41450048623796915,0.0,0.0,0.0,0.4337410204764889,0.404132234562884,0.4215675196795781,0.45075405434462545,0.0,0.0,0.0,0.42555364876454094,0.4304739437397309,0.0,0.0,0.0,0.0,0.0,0.0,0.0,0.498527271492523,0.0,0.3888853579761756,0.0,0.0,0.46260821539826463,0.4334099438377617,0.0,0.4211374409837684,0.0,0.43972961953842477,0.45284604096729714,0.43061562571026324,0.4700240909885793,0.0,0.42569363882575284,0.45285746353614964,0.0,0.0,0.44814639127220307,0.0,0.4156209451255129
0.0,0.0,0.0,0.4348110044384175,0.37994552685519467,0.3561803735446079,0.41871406063678757,0.42698746282785593,0.29947085833736486,0.46421700516213044,0.3853836757935031,0.0,0.4243901907166881,0.3893945286370529,0.0,0.0,0.0,0.0,0.28792567984089595,0.0,0.0,0.4345398829248151,0.32511330455403503,0.0,0.0,0.0,0.34056700867787604,0.4428113040347043,0.4239105325101334,0.4704728747074455,0.45516502711439705,0.4294135061169507,0.0,0.4500367279063787,0.46730520972711886,0.4033460818741005,0.44568869085889556,0.0,0.0,0.0,0.0,0.0,0.47617363267535445,0.0,0.0,0.0,0.0,0.23767439212647087,0.0,0.0,0.5519858647695676,0.0,0.5128035651014511,0.5192191768315472,0.0,0.4404982162788332,0.0,0.0,0.0,0.0,0.0,0.0,0.0,0.4058904671180929,0.0,0.0,0.0,0.5100688531871773,0.0,0.0,0.0,0.5233218965403093,0.0,0.0,0.0,0.0
0.0,0.0,0.4348110044384175,0.0,0.276543660391633,0.3965718314366504,0.2535501812686428,0.3318284201906455,0.4085231419287379,0.2558309831882837,0.369573862188215,0.2514699161129969,0.30162319379695823,0.2742065498700901,0.0,0.0,0.3246603150366972,0.0,0.4021309541093682,0.4780172738252579,0.0,0.4430137874541779,0.3754415265528916,0.0,0.0,0.0,0.4028036014706603,0.2541779787941217,0.0,0.0,0.31568143076623384,0.2823244249693661,0.23640230933066136,0.22837658465691504,0.3570847697793321,0.18998738415647212,0.18657294062495622,0.22740056919126078,0.0,0.0,0.0,0.0,0.0,0.0,0.0,0.0,0.0,0.0,0.0,0.0,0.0,0.0,0.0,0.0,0.0,0.0,0.0,0.0,0.0,0.0,0.0,0.0,0.0,0.0,0.0,0.0,0.0,0.0,0.0,0.0,0.0,0.0,0.0,0.0,0.0,0.0
0.0,0.41252222521646553,0.37994552685519467,0.276543660391633,0.0,0.3758639678313673,0.31607848704072894,0.3229174528833417,0.36853448310510617,0.41781347807295455,0.33728802338889236,0.3917445848009699,0.35700240498772634,0.30712914668513047,0.0,0.0,0.0,0.0,0.37544790612490586,0.3853777442520537,0.0,0.40134780706674594,0.40201265617045356,0.0,0.0,0.0,0.3894492835094738,0.35161998638587605,0.4023392615718348,0.40534235098071925,0.4129123713859615,0.37454831017682844,0.0,0.40489106854259954,0.4417836566902081,0.25840909261377815,0.364153194028844,0.0,0.0,0.0,0.0,0.0,0.0,0.0,0.0,0.0,0.0,0.0,0.0,0.0,0.0,0.0,0.0,0.0,0.0,0.0,0.0,0.0,0.0,0.0,0.0,0.0,0.0,0.0,0.0,0.0,0.0,0.5146668717541992,0.0,0.0,0.0,0.0,0.0,0.0,0.0,0.0
0.0,0.3932038245066568,0.3561803735446079,0.3965718314366504,0.3758639678313673,0.0,0.4049650693891608,0.4210445164260872,0.3643834440770362,0.4323870856869568,0.3952964832081213,0.47671460269505767,0.3951241539512225,0.38319350757802517,0.38311880011204325,0.4089264814001654,0.0,0.39916068148949396,0.39184714950000804,0.4157930192037009,0.41314103436747945,0.41209527907162213,0.40148651046636097,0.0,0.40384167436005436,0.38934429460369,0.3868023873120757,0.3930326877740245,0.3760941253252044,0.41663401460460353,0.42723080774060734,0.4159327813077963,0.390589539893589,0.43336203652763006,0.46482874385909434,0.4141683693519264,0.4256011204056429,0.4622327317446235,0.46803530238561775,0.0,0.49609838208905266,0.5327405694957229,0.0,0.0,0.0,0.0,0.0,0.5170952733519121,0.0,0.0,0.4821361158289359,0.0,0.47031467704569746,0.5239204185156171,0.0,0.5035493344215866,0.0,0.0,0.0,0.4426204611317913,0.0,0.0,0.0,0.5413087755195072,0.4726329543729011,0.4696928528732932,0.0,0.5033026896786674,0.0,0.0,0.0,0.49304777012903017,0.0,0.47510748879574605,0.5007085058689634,0.5038160875276338
0.0,0.4161689031996596,0.41871406063678757,0.2535501812686428,0.31607848704072894,0.4049650693891608,0.0,0.36496051487947234,0.38154278772814854,0.3883231072089451,0.4123175918410469,0.3928529219772815,0.32583117153011837,0.34001006701117753,0.0,0.4454882625902647,0.43426321063275936,0.0,0.42781593065130824,0.4166503719246087,0.0,0.43925892836841257,0.38582550132086335,0.3885638097845889,0.41889060085786856,0.4167267845021638,0.4013817937551831,0.34379141398724145,0.40613109426240096,0.38558063609177606,0.333726727517816,0.3667895958593297,0.372772005531836,0.36368801394067196,0.3998437425812473,0.2885856835421039,0.27041965759167136,0.3103838321415289,0.0,0.0,0.0,0.0,0.0,0.0,0.0,0.0,0.0,0.0,0.0,0.0,0.0,0.0,0.0,0.0,0.0,0.0,0.0,0.0,0.0,0.0,0.0,0.0,0.0,0.0,0.0,0.0,0.0,0.0,0.0,0.0,0.0,0.0,0.0,0.0,0.0,0.0
0.5318377237521843,0.466616812746024,0.42698746282785593,0.3318284201906455,0.3229174528833417,0.4210445164260872,0.36496051487947234,0.0,0.47249565309480107,0.0,0.34389019413886285,0.0,0.3964722845114746,0.34061248005243416,0.43523681206266135,0.4788585749022524,0.0,0.4853819493404171,0.39287600908463716,0.4303463869057892,0.4113432304671362,0.46777650933639514,0.3745546931757507,0.512728687567902,0.4976279773817214,0.4937881144667871,0.42672227144362673,0.40222704393436215,0.39885682484937823,0.39670920437530915,0.4222998764116771,0.3785633665361842,0.3926908220607632,0.4181634608553445,0.4467756094830433,0.19994798310763737,0.0,0.0,0.4717396846078991,0.0,0.47599104819793225,0.0,0.4697882592220479,0.6502177837140357,0.0,0.0,0.0,0.5151717646528107,0.0,0.0,0.4654235375908448,0.4832119357030727,0.4017726922960417,0.5188152918709982,0.0,0.4631722506039488,0.0,0.4557614748370439,0.29307629388179796,0.4530597551814777,0.0,0.0,0.0,0.5063753074726958,0.44456709191563065,0.4038780665166894,0.39646424186002693,0.48990101605099073,0.0,0.0,0.0,0.49336725619770505,0.46185567999720323,0.45477268156130707,0.0,0.4906399176751169
0.0,0.4062344402932221,0.29947085833736486,0.4085231419287379,0.36853448310510617,0.3643834440770362,0.38154278772814854,0.47249565309480107,0.0,0.4464267226581492,0.31216124111143273,0.45081905399180316,0.3804684418875146,0.43412694659841333,0.0,0.4345700869071128,0.0,0.0,0.2977970498948085,0.40126653513430294,0.0,0.4220624477909912,0.4190809161670043,0.5020826349652843,0.4436429005857813,0.4193377250120475,0.3701536057669653,0.43460832151331025,0.4143024041148891,0.4540563451892424,0.45865328334901234,0.43445426576612095,0.0,0.4527639234014245,0.4546868742505665,0.42617441372056636,0.4351995841033468,0.42702184681022837,0.4508430644569413,0.0,0.0,0.0,0.4723639395673433,0.0,0.0,0.0,0.0,0.4073406713551599,0.0,0.0,0.45816926060562263,0.0,0.5152939815793854,0.0,0.0,0.4883338083090588,0.0,0.0,0.44756286873070955,0.0,0.0,0.0,0.0,0.4749801451777633,0.0,0.0,0.0,0.528499236918895,0.0,0.0,0.0,0.49994843174605774,0.0,0.0,0.0,0.0
0.0,0.0,0.46421700516213044,0.2558309831882837,0.41781347807295455,0.4323870856869568,0.3883231072089451,0.0,0.4464267226581492,0.0,0.44529034347265073,0.3084704859809979,0.41518218321808087,0.24138783270708217,0.0,0.39504372732218734,0.338835647516094,0.37269325810327353,0.4500690904994312,0.3885341547482468,0.0,0.39451842478204935,0.4258399109400667,0.3221712401295552,0.33942341175633484,0.36498964048548116,0.4336665231734807,0.3975185279937357,0.4832551540007003,0.0,0.3552847437438341,0.35053121998416265,0.3374030099079341,0.3158968557096878,0.2828017132301428,0.31944908552924794,0.23733870479908678,0.276656110408826,0.0,0.3637224530714562,0.392559476302699,0.0,0.0,0.0,0.34835423595520904,0.0,0.0,0.0,0.0,0.0,0.0,0.0,0.0,0.0,0.4306144779494519,0.0,0.4267960695620683,0.0,0.0,0.0,0.0,0.0,0.0,0.0,0.0,0.0,0.0,0.0,0.4230821898685795,0.41900306438949647,0.4462697702454179,0.0,0.41047753638311296,0.0,0.0,0.4223966230723151
0.0,0.0,0.3853836757935031,0.369573862188215,0.33728802338889236,0.3952964832081213,0.4123175918410469,0.34389019413886285,0.31216124111143273,0.44529034347265073,0.0,0.0,0.41663170464075133,0.3144799052683134,0.0,0.0,0.0,0.0,0.291998522821558,0.0,0.0,0.6858195717030567,0.3485450989486177,0.0,0.0,0.0,0.4101616877251202,0.41433918955360405,0.0,0.0,0.4471600193041185,0.3165054246152137,0.0,0.4377139336365098,0.42858131900808993,0.281479022606612,0.41172209108956914,0.4176923340073521,0.0,0.0,0.0,0.0,0.38243104327526967,0.0,0.0,0.0,0.0,0.5242017794950561,0.0,0.0,0.0,0.0,0.42326506704324995,0.0,0.0,0.3098943698068309,0.0,0.0,0.36205727560206186,0.0,0.0,0.0,0.0,0.36868445992915494,0.0,0.0,0.0,0.46233143787712405,0.0,0.0,0.0,0.458458392771234,0.0,0.0,0.0,0.0
0.3609043048010494,0.0,0.0,0.2514699161129969,0.3917445848009699,0.47671460269505767,0.3928529219772815,0.0,0.45081905399180316,0.3084704859809979,0.0,0.0,0.39808754182628775,0.0,0.0,0.5677498258089091,0.37490321564565604,0.36444572252502805,0.5211854745482085,0.0,0.0,0.0,0.0,0.30147702378335645,0.3613820618630194,0.3240096410182949,0.49779496590381667,0.3748804008411441,0.0,0.0,0.34987356229774386,0.29315626525058414,0.28188438243367675,0.2463571042870395,0.34325942517798547,0.3018424932149401,0.30195539234782826,0.22710379164360336,0.262752622115169,0.36506097356001016,0.34285830304203174,0.3080147086808232,0.2746798928895871,0.31153344397723726,0.36799181831082184,0.0,0.0,0.0,0.0,0.0,0.0,0.0,0.0,0.0,0.43072918443661423,0.0,0.4299853910897557,0.0,0.0,0.0,0.0,0.4330924233030272,0.0,0.0,0.0,0.0,0.0,0.0,0.4155580268654947,0.4306040716131332,0.45234396866457927,0.0,0.3740140276802487,0.0,0.0,0.4264507577097817
0.0,0.42442574190200877,0.4243901907166881,0.30162319379695823,0.35700240498772634,0.3951241539512225,0.32583117153011837,0.3964722845114746,0.3804684418875146,0.41518218321808087,0.41663170464075133,0.39808754182628775,0.0,0.35081106076288054,0.0,0.4487757187196035,0.43712520483633394,0.4336483848166744,0.43114557260417935,0.4214872813045194,0.0,0.4470255767529298,0.3952496021508196,0.41218707640089663,0.42701248105861284,0.42795309874240517,0.4065877948312913,0.34811451047229525,0.40019904264269207,0.3922422139855031,0.3927558049146911,0.37800513967542076,0.3551605450012226,0.39351231670798137,0.42618080182264867,0.32493205853855206,0.3583213241726418,0.3592587821159295,0.0,0.0,0.0,0.0,0.0,0.0,0.0,0.0,0.0,0.0,0.0,0.0,0.0,0.0,0.0,0.0,0.0,0.0,0.0,0.0,0.0,0.0,0.0,0.0,0.0,0.0,0.0,0.0,0.0,0.4785838785775011,0.0,0.0,0.0,0.4778222960305347,0.0,0.0,0.0,0.0
0.49322535755319546,0.0,0.3893945286370529,0.2742065498700901,0.30712914668513047,0.38319350757802517,0.34001006701117753,0.34061248005243416,0.43412694659841333,0.24138783270708217,0.3144799052683134,0.0,0.35081106076288054,0.0,0.0,0.0,0.0,0.0,0.35239898220180066,0.0,0.0,0.0,0.37298888357866045,0.0,0.0,0.0,0.40528102667011406,0.28253915451613915,0.0,0.0,0.3343102592069826,0.1891620239311075,0.0,0.34766313730589143,0.2843882218035438,0.20098155156919292,0.16490069945376842,0.0,0.0,0.0,0.0,0.0,0.0,0.0,0.0,0.0,0.0,0.0,0.0,0.0,0.0,0.0,0.0,0.0,0.0,0.0,0.0,0.0,0.0,0.0,0.0,0.0,0.0,0.0,0.0,0.0,0.0,0.0,0.0,0.0,0.0,0.0,0.0,0.0,0.0,0.0
0.36589458205773645,0.38400950901623837,0.0,0.0,0.0,0.38311880011204325,0.0,0.43523681206266135,0.0,0.0,0.0,0.0,0.0,0.0,0.0,0.36469006907438073,0.0,0.3672235062599461,0.0,0.33838841187301677,0.36016920165609567,0.3475744545502848,0.35162770227091356,0.4646450052426217,0.36757134129640645,0.35215004247147724,0.3749591224112442,0.35797301430838574,0.34990644170331736,0.37023791045091053,0.3661461689941369,0.3914956481477475,0.3549794188355476,0.3864107817936759,0.4337761789796027,0.4385676908377039,0.49328997980785627,0.0,0.4420268871163899,0.42172586491053005,0.45878063245884715,0.46958729704391744,0.5146454038735303,0.0,0.0,0.0,0.4518132572131364,0.0,0.0,0.0,0.42434569340629946,0.0,0.3921435762394474,0.0,0.0,0.0,0.0,0.0,0.0,0.4562545331224212,0.443983299635688,0.0,0.0,0.0,0.4201271367597315,0.4373711310808056,0.45558253728037773,0.44766418988148876,0.0,0.4265497755620961,0.47434297104079926,0.4383591715203373,0.4877444456902975,0.4416906392273048,0.5140973078263139,0.46111234119033695
0.37413151390141874,0.39161129448098864,0.0,0.0,0.0,0.4089264814001654,0.4454882625902647,0.4788585749022524,0.4345700869071128,0.39504372732218734,0.0,0.5677498258089091,0.4487757187196035,0.0,0.36469006907438073,0.0,0.37885297849974897,0.3508673382993,0.0,0.38168581928101686,0.37889106903217784,0.3589601149476975,0.39848275629981755,0.0,0.3921004142567731,0.39484912649681586,0.4092228693525912,0.43502569636059824,0.420324107795856,0.4279960569710701,0.3544062751817525,0.4400029898929779,0.35536469939861587,0.373486563650821,0.41566937549882205,0.0,0.0,0.0,0.4097789929949002,0.40032094969324816,0.4159916690438905,0.4495228746449854,0.0,0.0,0.0,0.40404686683996277,0.427270762351424,0.0,0.0,0.0,0.0,0.0,0.0,0.0,0.49951671918950513,0.0,0.5165243679607614,0.0,0.0,0.4614905057617413,0.42314555406115045,0.0,0.4040618003357953,0.0,0.0,0.43056346203943796,0.4308380555595082,0.0,0.0,0.40693844617468206,0.4404337010259348,0.0,0.0,0.0,0.0,0.40778231218281275
0.0,0.0,0.0,0.3246603150366972,0.0,0.0,0.43426321063275936,0.0,0.0,0.338835647516094,0.0,0.37490321564565604,0.43712520483633394,0.0,0.0,0.37885297849974897,0.0,0.35384052396908794,0.0,0.0,0.0,0.39232428218875165,0.0,0.3721008404356095,0.35127162830289205,0.3702668530864461,0.0,0.4239073844235125,0.0,0.0,0.3611666942890584,0.4359094487969325,0.3736913020072945,0.37934851495360516,0.39621720792778264,0.0,0.0,0.3528432578313442,0.0,0.38948365671045104,0.0,0.0,0.0,0.0,0.0,0.0,0.0,0.0,0.0,0.0,0.0,0.0,0.0,0.0,0.4533298040336221,0.0,0.43789483454213074,0.0,0.0,0.0,0.0,0.0,0.0,0.0,0.0,0.0,0.0,0.0,0.0,0.4359881231553982,0.46007816037033594,0.0,0.0,0.0,0.0,0.0
0.3826842411622866,0.38759952185549423,0.0,0.0,0.0,0.39916068148949396,0.0,0.4853819493404171,0.0,0.37269325810327353,0.0,0.36444572252502805,0.4336483848166744,0.0,0.3672235062599461,0.3508673382993,0.35384052396908794,0.0,0.0,0.39747607996351564,0.44707450247774244,0.38654533151978837,0.45862398892916,0.3536516961055759,0.3583936720339613,0.3761185211837852,0.4079566241000563,0.4223568850990008,0.4163077856214712,0.4447566677812426,0.3689094604471027,0.4374359637375518,0.34843998860834474,0.38268751389734307,0.41213084838633596,0.0,0.0,0.27800331568777736,0.4771540926057853,0.3899418466629364,0.4529858393086478,0.0,0.0,0.0,0.0,0.4257674221592388,0.4244712669793555,0.0,0.0,0.0,0.0,0.0,0.0,0.0,0.401925402976106,0.0,0.4040172818467557,0.0,0.0,0.0,0.42691506273522645,0.3718928289569765,0.4249465818372475,0.0,0.0,0.0,0.0,0.0,0.0,0.4183944891910423,0.4393699715866913,0.0,0.0,0.0,0.0,0.0
0.0,0.0,0.28792567984089595,0.4021309541093682,0.37544790612490586,0.39184714950000804,0.42781593065130824,0.39287600908463716,0.2977970498948085,0.4500690904994312,0.291998522821558,0.5211854745482085,0.43114557260417935,0.35239898220180066,0.0,0.0,0.0,0.0,0.0,0.0,0.0,0.0,0.32967052230922456,0.0,0.0,0.0,0.3810463872448188,0.4321111241080661,0.0,0.0,0.4606245002536985,0.42738435716773315,0.0,0.45460387904218946,0.4422745608074236,0.3849140492575738,0.4387816526213935,0.46716081714561236,0.0,0.0,0.0,0.0,0.49698559759422617,0.0,0.0,0.0,0.0,0.40779207363533976,0.0,0.0,0.0,0.0,0.5025651704552377,0.4891607486471849,0.0,0.46490426658473527,0.0,0.0,0.40012534550530876,0.0,0.0,0.0,0.0,0.4230654679514057,0.0,0.0,0.0,0.5042384731574008,0.0,0.0,0.0,0.504701551222234,0.0,0.0,0.0,0.0
0.4134704128469448,0.4095751658997641,0.0,0.4780172738252579,0.3853777442520537,0.4157930192037009,0.4166503719246087,0.4303463869057892,0.40126653513430294,0.3885341547482468,0.0,0.0,0.4214872813045194,0.0,0.33838841187301677,0.38168581928101686,0.0,0.39747607996351564,0.0,0.0,0.39400042902934307,0.3512366080414968,0.3031225167629311,0.0,0.41379387077424357,0.41318411266764066,0.3652000062872361,0.38939804871208555,0.32385226848379844,0.3600913527524309,0.3549262706946402,0.4089581827018999,0.3645867740285058,0.3949528352001125,0.4467159528368413,0.49430772424540687,0.4445570345307394,0.0,0.4534609812743067,0.45803066218707544,0.4783950079234613,0.47621613833516835,0.0,0.0,0.0,0.0,0.0,0.0,0.0,0.0,0.44717300351256284,0.0,0.46192540975053564,0.0,0.0,0.0,0.0,0.0,0.0,0.45048886435820595,0.0,0.0,0.0,0.0,0.45302024220222603,0.45345810440648576,0.44389467592365667,0.4734754560138946,0.0,0.0,0.44024651183602354,0.4659348491565399,0.47053304817509223,0.45913706200829024,0.5641132198843705,0.47742598880514414
0.43289549573074027,0.40155068954427137,0.0,0.0,0.0,0.41314103436747945,0.0,0.4113432304671362,0.0,0.0,0.0,0.0,0.0,0.0,0.36016920165609567,0.37889106903217784,0.0,0.44707450247774244,0.0,0.39400042902934307,0.0,0.4071361579198498,0.40075012380383335,0.4765595376257372,0.4209111144696832,0.3957490379917146,0.4052943438124223,0.4269837190196605,0.394251833901503,0.42686542980254516,0.3361434350353608,0.4074329969253249,0.3807082714770472,0.38176902932020096,0.4341624174225755,0.0,0.0,0.0,0.407618669529443,0.4192510187928499,0.44913943992379196,0.47424190343525774,0.0,0.0,0.0,0.28197722084372867,0.44877870990174223,0.0,0.0,0.0,0.3854557207953785,0.0,0.24130338902624107,0.0,0.0,0.0,0.0,0.0,0.0,0.4554961556629271,0.44077263422047386,0.0,0.0,0.0,0.4146268483776275,0.36028182322391733,0.44655238175880246,0.43094011583047814,0.0,0.41118511206739167,0.4683465584425619,0.42624310053100234,0.0,0.38019542422980224,0.0,0.0
0.3847164630548403,0.3899907091741563,0.4345398829248151,0.4430137874541779,0.40134780706674594,0.41209527907162213,0.43925892836841257,0.46777650933639514,0.4220624477909912,0.39451842478204935,0.6858195717030567,0.0,0.4470255767529298,0.0,0.3475744545502848,0.3589601149476975,0.39232428218875165,0.38654533151978837,0.0,0.3512366080414968,0.4071361579198498,0.0,0.3931962026931295,0.0,0.4136063606081023,0.401230393382286,0.40840003550688464,0.4298604709287353,0.395317703618916,0.3992748487932818,0.36421698214255827,0.4112565684347735,0.3732351987106531,0.3849854535928662,0.4397178213933971,0.4869898494970285,0.4558640195584691,0.0,0.433401173854452,0.4313483695701685,0.4292375865906284,0.45761390998263485,0.5271378042318446,0.0,0.0,0.4220180973539898,0.4358869222208348,0.0,0.0,0.0,0.4362835334105301,0.0,0.41675912534939774,0.0,0.8974129208979598,0.0,0.0,0.0,0.0,0.4581124350442524,0.43137459545001494,0.0,0.4157921753386705,0.0,0.4419945514528597,0.44708966627112234,0.44240972602449313,0.465215481290221,0.0,0.3856661078345654,0.45201129541652396,0.4509495598486789,0.0,0.44948197700691106,0.0,0.4271795192381053
0.4869285902241626,0.39778108631094805,0.32511330455403503,0.3754415265528916,0.40201265617045356,0.40148651046636097,0.38582550132086335,0.3745546931757507,0.4190809161670043,0.4258399109400667,0.3485450989486177,0.0,0.3952496021508196,0.37298888357866045,0.35162770227091356,0.39848275629981755,0.0,0.45862398892916,0.32967052230922456,0.3031225167629311,0.40075012380383335,0.3931962026931295,0.0,0.4962730466838921,0.41611282342550127,0.4243767277956167,0.3559488945970241,0.40451188434208973,0.3873744937455676,0.39834577915671493,0.40447780082556634,0.40016399860287855,0.37057158450364874,0.4196659936290758,0.44489598614481896,0.3896495429620716,0.40954810822914844,0.0,0.48185950227788954,0.42122939223190475,0.49130074993315603,0.4989000901644051,0.4770061712399958,0.0,0.0,0.0,0.0,0.5132246067656141,0.0,0.0,0.49238075407477133,0.5024758583456305,0.4669984162578217,0.527532719926145,0.0,0.47767523188061345,0.0,0.48686384636087426,0.4386713232682689,0.45898751947009725,0.0,0.0,0.0,0.48992740379393845,0.4729332787560186,0.453305188284832,0.45665535640108923,0.5062967629544342,0.0,0.0,0.45097116089049477,0.5002537320493153,0.48434535666965184,0.47572947398794024,0.4837153159469934,0.49558002498163656
0.33385582752466003,0.0,0.0,0.0,0.0,0.0,0.3885638097845889,0.512728687567902,0.5020826349652843,0.3221712401295552,0.0,0.30147702378335645,0.41218707640089663,0.0,0.4646450052426217,0.0,0.3721008404356095,0.3536516961055759,0.0,0.0,0.4765595376257372,0.0,0.4962730466838921,0.0,0.3475688473434983,0.3486214652115429,0.0,0.39742421208963497,0.0,0.0,0.3691872376146318,0.3058051153811422,0.22393366772959503,0.26534678505475445,0.36815929556704613,0.3121562989283235,0.2639492717190003,0.24042823359913634,0.48066015160370623,0.3160648432977521,0.3697959095765233,0.0,0.0,0.24320639903165947,0.3015000135141247,0.42284171624094696,0.4333414651756328,0.0,0.0,0.0,0.0,0.0,0.0,0.0,0.41710995887948393,0.0,0.40795246930836393,0.0,0.0,0.0,0.47481950296872827,0.4499619933701187,0.46405502047321406,0.0,0.0,0.4392818031614815,0.5429697110641508,0.0,0.392346109184689,0.4542417890447676,0.4605903610584836,0.0,0.3373312081763104,0.0,0.0,0.4145337753426701
0.37299471031252157,0.3922894527675629,0.0,0.0,0.0,0.40384167436005436,0.41889060085786856,0.4976279773817214,0.4436429005857813,0.33942341175633484,0.0,0.3613820618630194,0.42701248105861284,0.0,0.36757134129640645,0.3921004142567731,0.35127162830289205,0.3583936720339613,0.0,0.41379387077424357,0.4209111144696832,0.4136063606081023,0.41611282342550127,0.3475688473434983,0.0,0.3776101899616368,0.39902149852903884,0.4226891316912092,0.42024155200490243,0.5295414929061947,0.37537034513512546,0.4203864603093285,0.33343115742777185,0.3704019125228007,0.4056855510030818,0.4525957827173518,0.0,0.3341174872085133,0.44479202428936543,0.3861424319623692,0.4281095965475574,0.4631749859992743,0.0,0.0,0.391595704328856,0.4242546339602608,0.4339323028482626,0.0,0.0,0.0,0.0,0.0,0.0,0.0,0.41861296328326364,0.0,0.4287498714694236,0.0,0.0,0.0,0.43645603477837236,0.40240249933044137,0.42845490308848533,0.0,0.0,0.0,0.43310391536097415,0.0,0.42761863719140625,0.42367988161687176,0.44508267421619974,0.0,0.45486949566537066,0.0,0.0,0.41558493967415894
0.35734879981786305,0.39578788340917814,0.0,0.0,0.0,0.38934429460369,0.4167267845021638,0.4937881144667871,0.4193377250120475,0.36498964048548116,0.0,0.3240096410182949,0.42795309874240517,0.0,0.35215004247147724,0.39484912649681586,0.3702668530864461,0.3761185211837852,0.0,0.41318411266764066,0.3957490379917146,0.401230393382286,0.4243767277956167,0.3486214652115429,0.3776101899616368,0.0,0.41871638661544924,0.4171896045800458,0.39799673329690816,0.0,0.37911106716655063,0.4165718553120187,0.3497499762539143,0.37768414049119653,0.41984411317557907,0.466725578529867,0.451121738037023,0.3371166919639789,0.4388100015925807,0.4197960096140968,0.434762372505102,0.46489555486235057,0.0,0.0,0.3670695252222349,0.4430341653965558,0.44957239626792106,0.0,0.0,0.0,0.448568496342826,0.0,0.42932644752502586,0.0,0.4507905473846502,0.0,0.45206086996704276,0.0,0.0,0.47425427920074203,0.4461545136439225,0.4410603030524771,0.45055627467076265,0.0,0.4451019707978115,0.4596855679963058,0.4493719449518477,0.4663376458844748,0.46255789304822703,0.4494194190599398,0.467634131890253,0.44863978479829664,0.4793641264203341,0.45589710479582674,0.0,0.43590750207065004
0.4350204658473311,0.3965372763015441,0.34056700867787604,0.4028036014706603,0.3894492835094738,0.3868023873120757,0.4013817937551831,0.42672227144362673,0.3701536057669653,0.4336665231734807,0.4101616877251202,0.49779496590381667,0.4065877948312913,0.40528102667011406,0.3749591224112442,0.4092228693525912,0.0,0.4079566241000563,0.3810463872448188,0.3652000062872361,0.4052943438124223,0.40840003550688464,0.3559488945970241,0.0,0.39902149852903884,0.41871638661544924,0.0,0.4071849506138678,0.39526736425934994,0.3921601811114019,0.3961582774279632,0.40778807583445337,0.3721581136783294,0.41888448347615725,0.43998297902176176,0.42281192692691844,0.41505484774553975,0.0,0.4769607722485345,0.4464188480866509,0.49125554738486,0.5002187317654739,0.460334150200631,0.0,0.0,0.0,0.0,0.5153893693901153,0.0,0.0,0.48294786245986066,0.46869833672330713,0.4859961264243433,0.5333463328949599,0.0,0.5099076835017332,0.0,0.49831258365800585,0.0,0.4602277138841569,0.0,0.0,0.0,0.5286068113432439,0.4701519559106193,0.469731488908452,0.46920418362390276,0.5034072883841396,0.0,0.0,0.4490541386262195,0.49079946775825445,0.4831046608480321,0.47157327477940275,0.4952198381443613,0.4894272442052728
0.0,0.4252617446028904,0.4428113040347043,0.2541779787941217,0.35161998638587605,0.3930326877740245,0.34379141398724145,0.40222704393436215,0.43460832151331025,0.3975185279937357,0.41433918955360405,0.3748804008411441,0.34811451047229525,0.28253915451613915,0.35797301430838574,0.43502569636059824,0.4239073844235125,0.4223568850990008,0.4321111241080661,0.38939804871208555,0.4269837190196605,0.4298604709287353,0.40451188434208973,0.39742421208963497,0.4226891316912092,0.4171896045800458,0.4071849506138678,0.0,0.34271367947092357,0.34210536628038896,0.3592749605350002,0.3689013172389364,0.33864457190269964,0.34903994060926846,0.3235797724615509,0.26668786137185374,0.2502948231147906,0.3147593527648811,0.4722455489889747,0.0,0.0,0.0,0.0,0.0,0.0,0.0,0.0,0.0,0.0,0.0,0.0,0.0,0.4493568914293077,0.0,0.0,0.0,0.0,0.0,0.0,0.0,0.0,0.0,0.0,0.0,0.4837923716968206,0.44342213362569705,0.0,0.4781048927130255,0.0,0.0,0.0,0.47567267028587745,0.0,0.48434679198459196,0.0,0.0
0.0,0.41648567447106777,0.4239105325101334,0.0,0.4023392615718348,0.3760941253252044,0.40613109426240096,0.39885682484937823,0.4143024041148891,0.4832551540007003,0.0,0.0,0.40019904264269207,0.0,0.34990644170331736,0.420324107795856,0.0,0.4163077856214712,0.0,0.32385226848379844,0.394251833901503,0.395317703618916,0.3873744937455676,0.0,0.42024155200490243,0.39799673329690816,0.39526736425934994,0.34271367947092357,0.0,0.35760791963919547,0.3549224988147481,0.41084593130223723,0.36885620897719734,0.3942125828313997,0.4389580512861435,0.48464128472287565,0.440036273856507,0.0,0.4576785044844798,0.0,0.0,0.0,0.0,0.0,0.0,0.0,0.0,0.0,0.0,0.0,0.0,0.0,0.44273390219251674,0.0,0.0,0.0,0.0,0.0,0.0,0.43919668136239426,0.0,0.0,0.0,0.0,0.45509637798476027,0.4241582105225566,0.47081585647760793,0.47315955643966257,0.0,0.0,0.0,0.47154188026313976,0.0,0.47109626429464113,0.0,0.0
0.0,0.0,0.4704728747074455,0.0,0.40534235098071925,0.41663401460460353,0.38558063609177606,0.39670920437530915,0.4540563451892424,0.0,0.0,0.0,0.3922422139855031,0.0,0.37023791045091053,0.4279960569710701,0.0,0.4447566677812426,0.0,0.3600913527524309,0.42686542980254516,0.3992748487932818,0.39834577915671493,0.0,0.5295414929061947,0.0,0.3921601811114019,0.34210536628038896,0.35760791963919547,0.0,0.3262711439647181,0.39441094802561816,0.0,0.35401414826271715,0.40746636006764986,0.0,0.3679682973428319,0.0,0.0,0.0,0.0,0.0,0.0,0.0,0.0,0.0,0.0,0.0,0.0,0.0,0.0,0.0,0.0,0.0,0.0,0.0,0.0,0.0,0.0,0.0,0.0,0.0,0.0,0.0,0.0,0.3601880310381116,0.0,0.47669654406989637,0.0,0.0,0.0,0.4782283871767608,0.0,0.0,0.0,0.0
0.35380657485383815,0.3570404438546326,0.45516502711439705,0.31568143076623384,0.4129123713859615,0.42723080774060734,0.333726727517816,0.4222998764116771,0.45865328334901234,0.3552847437438341,0.4471600193041185,0.34987356229774386,0.3927558049146911,0.3343102592069826,0.3661461689941369,0.3544062751817525,0.3611666942890584,0.3689094604471027,0.4606245002536985,0.3549262706946402,0.3361434350353608,0.36421698214255827,0.40447780082556634,0.3691872376146318,0.37537034513512546,0.37911106716655063,0.3961582774279632,0.3592749605350002,0.3549224988147481,0.3262711439647181,0.0,0.3774012327554966,0.331285281665066,0.2837495485138392,0.2505705395714938,0.3443900254807226,0.2785208621823914,0.30158594568850255,0.43403282693014716,0.379358812650298,0.38481922798897344,0.0,0.0,0.0,0.0,0.0,0.4061627979732777,0.0,0.0,0.0,0.0,0.0,0.44466499081520355,0.0,0.0,0.0,0.0,0.0,0.0,0.4078325462803267,0.3947892593326982,0.0,0.4309970666755963,0.0,0.47403713423691907,0.0,0.41334128980242746,0.4762039150185669,0.0,0.42676743145104334,0.4273448871937977,0.48262333498766763,0.0,0.0,0.0,0.0
0.41440246929405555,0.41975403197789213,0.4294135061169507,0.2823244249693661,0.37454831017682844,0.4159327813077963,0.3667895958593297,0.3785633665361842,0.43445426576612095,0.35053121998416265,0.3165054246152137,0.29315626525058414,0.37800513967542076,0.1891620239311075,0.3914956481477475,0.4400029898929779,0.4359094487969325,0.4374359637375518,0.42738435716773315,0.4089581827018999,0.4074329969253249,0.4112565684347735,0.40016399860287855,0.3058051153811422,0.4203864603093285,0.4165718553120187,0.40778807583445337,0.3689013172389364,0.41084593130223723,0.39441094802561816,0.3774012327554966,0.0,0.35684529025825246,0.36651691115502133,0.42472656573757567,0.27704362472839,0.3178974393640744,0.28762387408292195,0.33603256687335614,0.3367215908941774,0.3659257680098528,0.36124453868753004,0.31973249203001675,0.2956226316428249,0.25256929032558556,0.45308727966850554,0.44193458026832216,0.0,0.0,0.0,0.4621266141029734,0.0,0.44564907586820496,0.0,0.0,0.0,0.24181923008829273,0.0,0.0,0.4475483930791443,0.44297746634809504,0.0,0.4591487759163008,0.0,0.46045920538464347,0.43959370005699117,0.4345109620444735,0.478382615708532,0.0,0.4371506689536228,0.45802656746559767,0.4716232489947301,0.35272843465113046,0.4575559972446136,0.48560154365445757,0.4601630433607616
0.34873383974708605,0.3342672340305678,0.0,0.23640230933066136,0.0,0.390589539893589,0.372772005531836,0.3926908220607632,0.0,0.3374030099079341,0.0,0.28188438243367675,0.3551605450012226,0.0,0.3549794188355476,0.35536469939861587,0.3736913020072945,0.34843998860834474,0.0,0.3645867740285058,0.3807082714770472,0.3732351987106531,0.37057158450364874,0.22393366772959503,0.33343115742777185,0.3497499762539143,0.3721581136783294,0.33864457190269964,0.36885620897719734,0.0,0.331285281665066,0.35684529025825246,0.0,0.25988920931088827,0.3979384364320422,0.2876263585267175,0.2871665156477671,0.20508183251417045,0.3445090931600659,0.23531031441186492,0.2961705229868123,0.0,0.0,0.28107955624643755,0.2540126532149248,0.4035716141355116,0.4251151086984284,0.0,0.0,0.0,0.0,0.0,0.0,0.0,0.33799389162552906,0.0,0.349220169812027,0.0,0.0,0.4392198070404233,0.421719692555165,0.31499297153142936,0.41709818822030575,0.0,0.4605117399213114,0.40189344425832796,0.4271299107110747,0.4356411742403372,0.33129639167003566,0.41278963376018885,0.42996340848632714,0.43128273791553556,0.0,0.0,0.0,0.0
0.3550539865435333,0.36515917493601235,0.4500367279063787,0.22837658465691504,0.40489106854259954,0.43336203652763006,0.36368801394067196,0.4181634608553445,0.4527639234014245,0.3158968557096878,0.4377139336365098,0.2463571042870395,0.39351231670798137,0.34766313730589143,0.3864107817936759,0.373486563650821,0.37934851495360516,0.38268751389734307,0.45460387904218946,0.3949528352001125,0.38176902932020096,0.3849854535928662,0.4196659936290758,0.26534678505475445,0.3704019125228007,0.37768414049119653,0.41888448347615725,0.34903994060926846,0.3942125828313997,0.35401414826271715,0.2837495485138392,0.36651691115502133,0.25988920931088827,0.0,0.30376303529885773,0.33100657896627134,0.24060528017173438,0.20132630434605597,0.3406001334299074,0.29811551330647085,0.35936788244971035,0.3515541835608749,0.3470927361011165,0.3290131868972644,0.3052103807560665,0.4096367862941741,0.42015507043188477,0.0,0.0,0.0,0.0,0.0,0.4738477244960139,0.0,0.3571572875049728,0.0,0.3969525077474394,0.0,0.0,0.4460170158407955,0.4177386852790214,0.0,0.430833723539544,0.0,0.4438880280564787,0.4410589113857624,0.4244091127665379,0.4932151282537336,0.0,0.4227351786631648,0.4384375665930377,0.4927737488457319,0.34218808278338914,0.4913176951398618,0.0,0.4007573958969502
0.4213562618485837,0.41450048623796915,0.46730520972711886,0.3570847697793321,0.4417836566902081,0.46482874385909434,0.3998437425812473,0.4467756094830433,0.4546868742505665,0.2828017132301428,0.42858131900808993,0.34325942517798547,0.42618080182264867,0.2843882218035438,0.4337761789796027,0.41566937549882205,0.39621720792778264,0.41213084838633596,0.4422745608074236,0.4467159528368413,0.4341624174225755,0.4397178213933971,0.44489598614481896,0.36815929556704613,0.4056855510030818,0.41984411317557907,0.43998297902176176,0.3235797724615509,0.4389580512861435,0.40746636006764986,0.2505705395714938,0.42472656573757567,0.3979384364320422,0.30376303529885773,0.0,0.4766576888710686,0.3896298687367807,0.2748769117058984,0.3592475289473769,0.2912658550959928,0.3276184403909827,0.37427621173791686,0.3605623418955502,0.36258457750825296,0.0,0.4323823613614806,0.44041554541939043,0.0,0.0,0.0,0.0,0.0,0.0,0.0,0.0,0.0,0.0,0.0,0.0,0.4729415322890457,0.4535232947084623,0.0,0.4747208569984804,0.0,0.4969100106398034,0.0,0.4459987293437137,0.5022777505348816,0.0,0.4516635634349487,0.4692756023389782,0.49562169027787756,0.4030871595217344,0.0,0.0,0.47228528123959707
0.0,0.0,0.4033460818741005,0.18998738415647212,0.25840909261377815,0.4141683693519264,0.2885856835421039,0.19994798310763737,0.42617441372056636,0.31944908552924794,0.281479022606612,0.3018424932149401,0.32493205853855206,0.20098155156919292,0.4385676908377039,0.0,0.0,0.0,0.3849140492575738,0.49430772424540687,0.0,0.4869898494970285,0.3896495429620716,0.3121562989283235,0.4525957827173518,0.466725578529867,0.42281192692691844,0.26668786137185374,0.48464128472287565,0.0,0.3443900254807226,0.27704362472839,0.2876263585267175,0.33100657896627134,0.4766576888710686,0.0,0.23032444020388074,0.26644163746160443,0.2745563984015789,0.0,0.281421002772691,0.30551995435176504,0.3015192452201108,0.2993511938088034,0.0,0.0,0.0,0.38718903102714497,0.0,0.0,0.0,0.0,0.0,0.0,0.0,0.0,0.0,0.0,0.0,0.0,0.0,0.0,0.0,0.0,0.0,0.0,0.0,0.46894346182504626,0.0,0.0,0.0,0.4694963133441562,0.0,0.0,0.0,0.0
0.0,0.0,0.44568869085889556,0.18657294062495622,0.364153194028844,0.4256011204056429,0.27041965759167136,0.0,0.4351995841033468,0.23733870479908678,0.41172209108956914,0.30195539234782826,0.3583213241726418,0.16490069945376842,0.49328997980785627,0.0,0.0,0.0,0.4387816526213935,0.4445570345307394,0.0,0.4558640195584691,0.40954810822914844,0.2639492717190003,0.0,0.451121738037023,0.41505484774553975,0.2502948231147906,0.440036273856507,0.3679682973428319,0.2785208621823914,0.3178974393640744,0.2871665156477671,0.24060528017173438,0.3896298687367807,0.23032444020388074,0.0,0.2673883478152866,0.3708365508190193,0.23334298937147846,0.27561586962015155,0.3355759525698542,0.321315748527073,0.3047176114224064,0.20295914863089778,0.0,0.0,0.0,0.3387845988145402,0.0,0.0,0.0,0.0,0.0,0.3223313067016735,0.0,0.27107478205060137,0.5803022772265172,0.0,0.0,0.0,0.0,0.0,0.0,0.0,0.0,0.0,0.0,0.26438380901179726,0.0,0.0,0.0,0.43214270073431205,0.0,0.0,0.8544867569019879
0.0,0.0,0.0,0.22740056919126078,0.0,0.4622327317446235,0.3103838321415289,0.0,0.42702184681022837,0.276656110408826,0.4176923340073521,0.22710379164360336,0.3592587821159295,0.0,0.0,0.0,0.3528432578313442,0.27800331568777736,0.46716081714561236,0.0,0.0,0.0,0.0,0.24042823359913634,0.3341174872085133,0.3371166919639789,0.0,0.3147593527648811,0.0,0.0,0.30158594568850255,0.28762387408292195,0.20508183251417045,0.20132630434605597,0.2748769117058984,0.26644163746160443,0.2673883478152866,0.0,0.29882461251886405,0.2236418766762409,0.23208989737979444,0.23043356338540294,0.0,0.0,0.2280358170278135,0.0,0.0,0.0,0.0,0.0,0.0,0.0,0.0,0.0,0.30703058817673984,0.0,0.338269954497829,0.0,0.0,0.0,0.0,0.0,0.0,0.0,0.0,0.0,0.0,0.0,0.3087389021841068,0.0,0.35742474128045515,0.0,0.0,0.0,0.0,0.0
0.4340700264686719,0.4337410204764889,0.0,0.0,0.0,0.46803530238561775,0.0,0.4717396846078991,0.4508430644569413,0.0,0.0,0.262752622115169,0.0,0.0,0.4420268871163899,0.4097789929949002,0.0,0.4771540926057853,0.0,0.4534609812743067,0.407618669529443,0.433401173854452,0.48185950227788954,0.48066015160370623,0.44479202428936543,0.4388100015925807,0.4769607722485345,0.4722455489889747,0.4576785044844798,0.0,0.43403282693014716,0.33603256687335614,0.3445090931600659,0.3406001334299074,0.3592475289473769,0.2745563984015789,0.3708365508190193,0.29882461251886405,0.0,0.32248321570389765,0.36676455383834644,0.3863751938202303,0.27399249425541267,0.3129893581724834,0.2736738633514908,0.4130629059018967,0.38944890526300535,0.418554370514395,0.26590149765168675,0.37640308903010067,0.40867563193788614,0.38167899880094797,0.35862842750226837,0.4319356469020023,0.34190852558833607,0.30342600220385774,0.2866496765970554,0.3917024385565823,0.2078227530966729,0.401550826336475,0.40638784765656605,0.4118001716955975,0.40878286816574694,0.39286641451001764,0.40690311346994407,0.398373615278471,0.39345276383402683,0.40372684621323784,0.31197430714767765,0.3954838879144257,0.40692797836214445,0.40985901671354524,0.36035353517158014,0.4095981276113848,0.3626435395893808,0.38597762459715323
0.40999818346509936,0.404132234562884,0.0,0.0,0.0,0.0,0.0,0.0,0.0,0.3637224530714562,0.0,0.36506097356001016,0.0,0.0,0.42172586491053005,0.40032094969324816,0.38948365671045104,0.3899418466629364,0.0,0.45803066218707544,0.4192510187928499,0.4313483695701685,0.42122939223190475,0.3160648432977521,0.3861424319623692,0.4197960096140968,0.4464188480866509,0.0,0.0,0.0,0.379358812650298,0.3367215908941774,0.23531031441186492,0.29811551330647085,0.2912658550959928,0.0,0.23334298937147846,0.2236418766762409,0.32248321570389765,0.0,0.25850811568810433,0.37038129923848373,0.5163609892185697,0.27331931158879674,0.2143697135158171,0.359482894644251,0.3523604493019405,0.0,0.0,0.0,0.3730834259684671,0.3682006194676054,0.0,0.4070148346325143,0.3094969680436044,0.0,0.2669930041601912,0.36701966425571325,0.188149005390709,0.3703713492065796,0.3635722147603079,0.31651099763728774,0.3262104301987205,0.0,0.35998317966257143,0.3620250673952351,0.3540160203786602,0.3669234683104391,0.2780265183994606,0.31596318508898047,0.3452282626688539,0.37194523224768233,0.32463558191532865,0.3790256267249847,0.36337049563034857,0.32782405535328035
0.44078955515521834,0.4215675196795781,0.0,0.0,0.0,0.49609838208905266,0.0,0.47599104819793225,0.0,0.392559476302699,0.0,0.34285830304203174,0.0,0.0,0.45878063245884715,0.4159916690438905,0.0,0.4529858393086478,0.0,0.4783950079234613,0.44913943992379196,0.4292375865906284,0.49130074993315603,0.3697959095765233,0.4281095965475574,0.434762372505102,0.49125554738486,0.0,0.0,0.0,0.38481922798897344,0.3659257680098528,0.2961705229868123,0.35936788244971035,0.3276184403909827,0.281421002772691,0.27561586962015155,0.23208989737979444,0.36676455383834644,0.25850811568810433,0.0,0.35595130821639065,0.4262898260914205,0.28684854191698783,0.22827043686373807,0.40989515348828404,0.3818870825793115,0.44848865461511134,0.28121851302830536,0.4185109054795366,0.4368150035996573,0.3963143168234316,0.4279948040367123,0.4515391505448884,0.33645295082474685,0.44149851085678565,0.2717674782364418,0.4048513582671452,0.3364847375349696,0.40830526606855977,0.38522200126960354,0.36879719134382627,0.37945199662326434,0.44583796628501704,0.40172124841998025,0.40893975215023437,0.39424073583258706,0.4292472212906797,0.31368146041516787,0.3688588262275304,0.39222888990252824,0.42912023715249376,0.3133910083174894,0.4042622391184181,0.3652521793538095,0.2566026725164122
