0.0,0.32892209936692113,0.0,0.0,0.0,0.4110871184623061,0.0,0.4408092279572213,0.0,0.0,0.0,0.0,0.0,0.4403899713007453,0.3443208330264192,0.2873054354933605,0.0,0.2542941511529263,0.0,0.3848680858969105,0.3507218065641101,0.31104747228792584,0.4004559423521257,0.23015082048584726,0.2553541512113843,0.2214047885641666,0.3940922321595274,0.43444091411943553,0.41040469565057874,0.0,0.27815564399471715,0.33493824434154656,0.23658669219475018,0.30222483686068163,0.33736984360108474,0.0,0.0,0.0,0.3256821252889133,0.30458551831378605,0.2842302349465476,0.0,0.0,0.0,0.0,0.20976032069488154,0.34858066568477025,0.0,0.0,0.0,0.0,0.0,0.0,0.0,0.0,0.0,0.0,0.0,0.0,0.0,0.34582057253357135,0.0,0.3238487945569572,0.0,0.0,0.20948226499710756,0.3264565748098499,0.0,0.0,0.29839167110709036,0.3877369745464548,0.0,0.0,0.0,0.0,0.309191491758721
0.32892209936692113,0.0,0.0,0.0,0.38154711558565785,0.35168350986003927,0.3755674900336203,0.41800181643105094,0.3546681877939673,0.0,0.0,0.0,0.3657003569976294,0.0,0.35144503175399083,0.31369039766627316,0.0,0.2969926995524103,0.0,0.37193929797519676,0.352375780912235,0.3356036123639172,0.37334158815019175,0.3685612966707414,0.30534478127343806,0.3194225680267247,0.38341973938231655,0.3693797469299217,0.36440155070611646,0.0,0.2844521723453376,0.33443234570123165,0.27007040769086343,0.3149022794135128,0.36458946226281325,0.0,0.0,0.0,0.37497905824618655,0.36715254796257885,0.33334160569331045,0.38372926899346704,0.0,0.0,0.0,0.3614775157924905,0.3427776217132749,0.0,0.0,0.0,0.0,0.0,0.0,0.0,0.0,0.0,0.0,0.0,0.0,0.4133537304331245,0.36529067835267093,0.0,0.37104508032821226,0.0,0.3885324866073795,0.39579065725547286,0.3602354121823426,0.43026946922215636,0.0,0.3781520195552322,0.3954539736937018,0.0,0.0,0.3956681759790237,0.0,0.36204286701188504
0.0,0.0,0.0,0.43440629981646467,0.3523664479748388,0.3510620584402194,0.38697698665900815,0.42701540822785433,0.27910666073273,0.0,0.29800940409184906,0.0,0.3913906167275839,0.4373590099816845,0.0,0.0,0.0,0.0,0.27525649145284165,0.0,0.0,0.422564597221958,0.3176696532238533,0.0,0.5728513357540993,0.5533117515829206,0.30162638853420126,0.4031985785513267,0.3708716976448587,0.430765184329319,0.42223717439819947,0.3896899599822276,0.0,0.42173448918067813,0.0,0.3852735912244001,0.411177602750806,0.0,0.4994478269905484,0.0,0.617360545984315,0.0,0.4351874791869346,0.0,0.0,0.0,0.0,0.3457407333959714,0.0,0.5119322914671579,0.4935901535490393,0.5310970110842368,0.4905635526213865,0.4566474947511999,0.0,0.3806039828776972,0.0,0.5266191707564116,0.4623872774422315,0.0,0.0,0.0,0.0,0.3815213230879122,0.0,0.0,0.0,0.5288491024364484,0.0,0.0,0.0,0.5204537049875082,0.5580889118381458,0.0,0.0,0.0
0.0,0.0,0.43440629981646467,0.0,0.2514591334953112,0.3842360447688234,0.22473701228938653,0.3613876796151174,0.0,0.2989768430448203,0.367052692869763,0.0,0.27230648893129833,0.23137971140808022,0.0,0.0,0.0,0.0,0.3845742115013554,0.42229429145729686,0.0,0.37516663031253505,0.37060009722470616,0.2510318074790326,0.0,0.0,0.38194682371613614,0.18087380087382332,0.44617432629366716,0.0,0.30969122782708847,0.2890189422898402,0.0,0.33428985862604155,0.1972550257959067,0.1736761160634715,0.16043250998522446,0.2762511109842722,0.0,0.0,0.0,0.0,0.0,0.0,0.0,0.0,0.0,0.0,0.0,0.0,0.0,0.0,0.0,0.0,0.0,0.0,0.0,0.0,0.0,0.0,0.0,0.0,0.0,0.0,0.0,0.0,0.0,0.0,0.0,0.0,0.0,0.0,0.0,0.0,0.0,0.0
0.0,0.38154711558565785,0.3523664479748388,0.2514591334953112,0.0,0.34654276148787494,0.2917170005940613,0.3946783071030898,0.30913800611284936,0.379771063150074,0.3153846086587658,0.3839551297066625,0.3407515021375386,0.2539794181155967,0.0,0.0,0.0,0.0,0.35079513301816795,0.35743329831657555,0.0,0.3655195068385603,0.36299781957973765,0.37962109936347915,0.3903783580298482,0.399906383727976,0.3484005148107633,0.3674016110045923,0.3852994470167722,0.0,0.42502571891406493,0.3425885489785548,0.4024965568270782,0.4167033842259639,0.0,0.1722360395859274,0.23384471551661012,0.38237631003598666,0.0,0.0,0.0,0.0,0.35832132842990955,0.0,0.0,0.0,0.0,0.5072699134993823,0.0,0.0,0.5113146554705836,0.0,0.4840474415539608,0.550368383103624,0.0,0.46610618167982437,0.0,0.0,0.48283257084930553,0.0,0.0,0.0,0.0,0.5294485277654795,0.0,0.0,0.0,0.48225336961448434,0.0,0.0,0.0,0.5080881636582738,0.0,0.0,0.0,0.0
0.4110871184623061,0.35168350986003927,0.3510620584402194,0.3842360447688234,0.34654276148787494,0.0,0.37423222947047374,0.39126507931005655,0.30106019669594014,0.40048447941716203,0.3500766648696304,0.0,0.35437409258748864,0.44378684374941424,0.3795544187741385,0.35702478222253875,0.0,0.3474013433580052,0.36033569739216686,0.34712681543404156,0.3736924353718047,0.36385611440075033,0.3579352044198733,0.5074461796756218,0.33395870993629884,0.35761678644148054,0.34512193859365664,0.35346471918335903,0.29759980229329913,0.3993853594741577,0.3962988439224607,0.38571016143469916,0.3484238019891447,0.40424657780453105,0.36985084740714086,0.396739147997596,0.3966160512635149,0.42862268351647753,0.4475528447685948,0.0,0.45814956561293907,0.0,0.44854105071862893,0.0,0.0,0.0,0.0,0.49271347827589923,0.0,0.528819366884607,0.4616694071277962,0.4920882900106665,0.4453561326158474,0.49533635863317516,0.0,0.49252473065441993,0.0,0.47612067820108184,0.0,0.4345650388600433,0.0,0.0,0.0,0.4930175026453093,0.4422279475382771,0.4295682641534124,0.0,0.4631169439153958,0.0,0.0,0.44516635767611556,0.4553776062553787,0.4583238938575009,0.43718629541129717,0.4868122238803259,0.4653323258078638
0.0,0.3755674900336203,0.38697698665900815,0.22473701228938653,0.2917170005940613,0.37423222947047374,0.0,0.4101565950441833,0.3346893998122899,0.33645399169528917,0.3982186397688031,0.0,0.30065985763746556,0.30032016165462216,0.0,0.39602549136920734,0.0,0.0,0.39544000284938496,0.376011178954708,0.44180148647995393,0.39439599223354876,0.37827295530207644,0.0,0.3691433599215355,0.37137096873824393,0.3733419858281418,0.3440940948078046,0.38792379504613356,0.0,0.3706036171314068,0.33887894902687743,0.38812629684069844,0.37251883284702164,0.4512339369135174,0.25874538302197186,0.20790424785692965,0.32471970626283436,0.0,0.0,0.0,0.0,0.0,0.0,0.0,0.0,0.0,0.5403547881757855,0.0,0.872435097064283,0.49627180583698605,0.6417608267139449,0.0,0.5880165522018491,0.0,0.6150390870341533,0.0,0.0,0.0,0.0,0.0,0.0,0.0,0.693357945189627,0.0,0.0,0.0,0.4783766449971773,0.0,0.0,0.0,0.48162876930663534,0.0,0.5477728539962187,0.0,0.0
0.4408092279572213,0.41800181643105094,0.42701540822785433,0.3613876796151174,0.3946783071030898,0.39126507931005655,0.4101565950441833,0.0,0.44639296058079764,0.4121728775402407,0.35290557850173476,0.0,0.40840546061449956,0.3449857500765185,0.0,0.41143351889194185,0.0,0.0,0.4325642035849962,0.3738951988334377,0.3786720398377758,0.39963420093226326,0.34341313026778847,0.41373157715430126,0.3359940235258603,0.3950635271004029,0.39274228067294925,0.4042633713389479,0.36413298381202647,0.4023343248704883,0.4347197308681252,0.4053925716043131,0.3939831932628751,0.46653355452733414,0.4713908016608897,0.261376789589006,0.4167262314895625,0.0,0.45840603428936083,0.0,0.4577442864854786,0.0,0.2882850537244119,0.0,0.0,0.0,0.0,0.4784832009747073,0.0,0.44632681127371737,0.42712982644307973,0.4573423294104437,0.3452529402496354,0.4669634076028431,0.0,0.40095418512213116,0.0,0.4351803563134464,0.3369542340617106,0.0,0.0,0.0,0.0,0.46560148939738716,0.0,0.44913032875330333,0.0,0.4413045146374944,0.0,0.0,0.0,0.44165625740283043,0.43484597907861955,0.4162416234293182,0.0,0.4721805958841358
0.0,0.3546681877939673,0.27910666073273,0.0,0.30913800611284936,0.30106019669594014,0.3346893998122899,0.44639296058079764,0.0,0.4097283524862951,0.29092765655346176,0.0,0.34945135564013513,0.446848937339405,0.0,0.0,0.0,0.0,0.24765033544069545,0.0,0.0,0.35743408794219733,0.35463195957974697,0.48305075919226725,0.3622674234403989,0.39496041792658815,0.3380715107142886,0.3959275091342109,0.35889527932772924,0.4181297376948341,0.42311086509689744,0.38831885814830647,0.4105131729948933,0.4139968478812983,0.0,0.38463852696684475,0.38912020732663993,0.41096165535618906,0.0,0.0,0.0,0.0,0.4245823094847894,0.0,0.0,0.0,0.0,0.5066743819321212,0.0,0.5483985292294443,0.4864249466131167,0.545735487474087,0.4707045806716935,0.5160201690622238,0.0,0.4835767168134114,0.0,0.0,0.0,0.0,0.0,0.0,0.0,0.5145879078175644,0.0,0.0,0.0,0.5203006345984896,0.0,0.0,0.0,0.5100267626650881,0.0,0.5152931251345895,0.0,0.0
0.0,0.0,0.0,0.2989768430448203,0.379771063150074,0.40048447941716203,0.33645399169528917,0.4121728775402407,0.4097283524862951,0.0,0.40060292323563296,0.17335280628574562,0.32960544783143114,0.34110260779493135,0.0,0.0,0.19489739173553436,0.0,0.4152923773980988,0.0,0.0,0.0,0.0,0.21139124130986123,0.13519629493190202,0.15026835203150288,0.0,0.3034370739878713,0.0,0.0,0.20197731476813888,0.32509514052168176,0.17909042985732873,0.20814978729221895,0.21713206835667093,0.29971418417681756,0.1832837289767347,0.1601812662825917,0.0,0.28892001627499053,0.26718879110319227,0.0,0.0,0.0,0.28219598117362565,0.0,0.0,0.0,0.0,0.0,0.0,0.0,0.0,0.0,0.32509532082164266,0.0,0.3237911309804245,0.0,0.0,0.0,0.0,0.0,0.0,0.0,0.0,0.0,0.0,0.0,0.0,0.0,0.0,0.0,0.0,0.0,0.0,0.1696685054963544
0.0,0.0,0.29800940409184906,0.367052692869763,0.3153846086587658,0.3500766648696304,0.3982186397688031,0.35290557850173476,0.29092765655346176,0.40060292323563296,0.0,0.4033031055367027,0.4015155186533164,0.30339269812385117,0.0,0.0,0.0,0.0,0.26278507118706673,0.0,0.0,0.0,0.296960081778203,0.410243117229003,0.5071990191403242,0.0,0.3506390297696613,0.4009021125723042,0.0,0.5426585388756191,0.45006946530455255,0.38885224219681663,0.4365998145433374,0.41762274543301,0.3405542468174193,0.28864130896380163,0.38608739907368805,0.39796973370469574,0.4208886660321194,0.0,0.0,0.0,0.3830043125615382,0.0,0.0,0.0,0.0,0.45210027586002377,0.0,0.4343295694726382,0.49220379776435963,0.4850115207474384,0.41364801367588155,0.4633114508920955,0.0,0.35459722364859403,0.0,0.0,0.39819124754251356,0.0,0.0,0.0,0.0,0.382068216186724,0.0,0.0,0.0,0.4860976067689908,0.0,0.0,0.0,0.5030566211858538,0.0,0.0,0.0,0.0
0.0,0.0,0.0,0.0,0.3839551297066625,0.0,0.0,0.0,0.0,0.17335280628574562,0.4033031055367027,0.0,0.333823740881093,0.0,0.0,0.0,0.2257722636678287,0.23402321712552906,0.47839518299089756,0.0,0.0,0.0,0.0,0.19510351139008975,0.0,0.13299440965293532,0.0,0.29639200397463117,0.0,0.0,0.23160838255921265,0.0,0.16706375756870503,0.18544679895787777,0.0,0.263263894431086,0.2354554459973315,0.15639387723295894,0.23136168188323789,0.0,0.0,0.2706051692677466,0.2940862095729003,0.28497491125935126,0.0,0.0,0.0,0.0,0.0,0.0,0.0,0.0,0.0,0.0,0.3117022324829065,0.0,0.2971707868922517,0.0,0.0,0.0,0.0,0.0,0.0,0.0,0.0,0.0,0.0,0.0,0.0,0.0,0.0,0.0,0.2838308508264538,0.0,0.0,0.0
0.0,0.3657003569976294,0.3913906167275839,0.27230648893129833,0.3407515021375386,0.35437409258748864,0.30065985763746556,0.40840546061449956,0.34945135564013513,0.32960544783143114,0.4015155186533164,0.333823740881093,0.0,0.310598534275477,0.3443560144038361,0.38867874924035734,0.0,0.3621791604077502,0.39726116235537356,0.37162919394278876,0.39975849479253317,0.393257082180552,0.38244236953027383,0.3279293547427451,0.34996905140497875,0.3625027669733854,0.38024865333044794,0.3125680738193063,0.36263324470380864,0.3405993971485465,0.36705464782021574,0.35945379481968126,0.3699178665523237,0.3764580409414546,0.4153325145929771,0.3234298960042256,0.3267643128745327,0.3265328374367851,0.4371606703301947,0.0,0.0,0.0,0.0,0.0,0.0,0.0,0.0,0.5313332980682802,0.0,0.0,0.47242752226442,0.5646555159284949,0.0,0.5549834264790691,0.0,0.0,0.0,0.0,0.0,0.0,0.0,0.0,0.0,0.6186159494767632,0.5167620597803422,0.0,0.0,0.4581709423088079,0.0,0.0,0.0,0.45343465094531665,0.4993197116059478,0.45596607452146226,0.0,0.0
0.4403899713007453,0.0,0.4373590099816845,0.23137971140808022,0.2539794181155967,0.44378684374941424,0.30032016165462216,0.3449857500765185,0.446848937339405,0.34110260779493135,0.30339269812385117,0.0,0.310598534275477,0.0,0.0,0.0,0.0,0.0,0.3862417531465993,0.0,0.42903630015880184,0.0,0.3951005769841371,0.0,0.0,0.0,0.44680603678396497,0.3298040630479743,0.0,0.0,0.3533613055664166,0.24476952330091534,0.0,0.3571679286360774,0.0,0.1797647767216055,0.14944834579158925,0.4132047286090327,0.0,0.0,0.0,0.0,0.3130233347948816,0.0,0.0,0.0,0.0,0.49755815883407023,0.0,0.0,0.0,0.0,0.3775998491560401,0.47129508434655265,0.0,0.41050991752934685,0.0,0.0,0.0,0.0,0.0,0.0,0.0,0.0,0.0,0.0,0.0,0.4618165093546115,0.0,0.0,0.0,0.0,0.0,0.0,0.0,0.0
0.3443208330264192,0.35144503175399083,0.0,0.0,0.0,0.3795544187741385,0.0,0.0,0.0,0.0,0.0,0.0,0.3443560144038361,0.0,0.0,0.34062141954300285,0.0,0.0,0.0,0.24764436261787917,0.34379471864283984,0.249539191340393,0.2713577299901102,0.3893646409570564,0.3354234405661753,0.3281248337908284,0.3052982324304985,0.35071838504931035,0.32289066873692907,0.0,0.3567907635605508,0.391525579836229,0.34909612539920193,0.399002753459446,0.4301211827026282,0.4326014474673662,0.39847111468380786,0.0,0.41808307540761097,0.3952479119508861,0.4283562911300949,0.44889560262558165,0.5010571795454092,0.0,0.0,0.0,0.41641523356821253,0.0,0.0,0.0,0.0,0.0,0.0,0.0,0.0,0.0,0.0,0.0,0.0,0.4195304135489874,0.43690233121189026,0.0,0.0,0.0,0.3916443619706239,0.40888117606456215,0.4136335645181402,0.41787334842763363,0.0,0.0,0.44771609403191026,0.421462099453814,0.4685659064445158,0.40915848018664974,0.0,0.4280656636384286
0.2873054354933605,0.31369039766627316,0.0,0.0,0.0,0.35702478222253875,0.39602549136920734,0.41143351889194185,0.0,0.0,0.0,0.0,0.38867874924035734,0.0,0.34062141954300285,0.0,0.0,0.2526710160823533,0.0,0.329939890699264,0.3185500897760623,0.315737503715104,0.35204655528542605,0.27257573017958914,0.29577704124681253,0.31233864902023384,0.366864911413341,0.3820058152737304,0.3640024868918618,0.365322058115951,0.28676760110863303,0.3274640461250414,0.3082515478291039,0.34078939500897715,0.35867739508359403,0.0,0.0,0.0,0.343568156437809,0.3527740866632761,0.34164964648899054,0.3660347993190764,0.0,0.0,0.0,0.3157253473051917,0.36528632478250217,0.0,0.0,0.0,0.0,0.0,0.0,0.0,0.0,0.0,0.0,0.0,0.0,0.0,0.35224026091394633,0.0,0.35020652564942223,0.0,0.0,0.0,0.3673317743064713,0.0,0.0,0.35439379285170514,0.3740332580475992,0.0,0.0,0.0,0.0,0.34825758897818293
0.0,0.0,0.0,0.0,0.0,0.0,0.0,0.0,0.0,0.19489739173553436,0.0,0.2257722636678287,0.0,0.0,0.0,0.0,0.0,0.16808525652387218,0.0,0.0,0.0,0.0,0.0,0.22981714394153777,0.21343158202221318,0.0,0.0,0.3201476258000928,0.0,0.0,0.238144104734995,0.0,0.19456407811031415,0.23191417349924995,0.0,0.0,0.0,0.0,0.0,0.0,0.0,0.0,0.0,0.0,0.0,0.0,0.0,0.0,0.0,0.0,0.0,0.0,0.0,0.0,0.327669182258863,0.0,0.0,0.0,0.0,0.0,0.0,0.0,0.0,0.0,0.0,0.0,0.0,0.0,0.0,0.2587258603983922,0.3108633994087903,0.0,0.0,0.0,0.0,0.0
0.2542941511529263,0.2969926995524103,0.0,0.0,0.0,0.3474013433580052,0.0,0.0,0.0,0.0,0.0,0.23402321712552906,0.3621791604077502,0.0,0.0,0.2526710160823533,0.16808525652387218,0.0,0.0,0.31876649072083835,0.3519892067435686,0.31755779169293186,0.0,0.2230069289855294,0.23952042750043684,0.24595368695714676,0.3479445483150596,0.3496522922781143,0.33926261138637004,0.0,0.26357818604303546,0.0,0.243302325310857,0.2538190694622712,0.0,0.0,0.0,0.0,0.2987178876004441,0.3032444347875996,0.28003685503123155,0.32975833741706384,0.0,0.0,0.0,0.2828294199291533,0.34045538729062674,0.0,0.0,0.0,0.0,0.0,0.0,0.0,0.2785760368503541,0.0,0.33468189505694534,0.0,0.0,0.0,0.3311821355515345,0.29768607399893204,0.32040294636146993,0.0,0.0,0.0,0.35313676300423524,0.0,0.3171321600722707,0.3141988132651778,0.2987568068410844,0.0,0.0,0.0,0.0,0.32845767861162256
0.0,0.0,0.27525649145284165,0.3845742115013554,0.35079513301816795,0.36033569739216686,0.39544000284938496,0.4325642035849962,0.24765033544069545,0.4152923773980988,0.26278507118706673,0.47839518299089756,0.39726116235537356,0.3862417531465993,0.0,0.0,0.0,0.0,0.0,0.0,0.0,0.0,0.3191468980942537,0.6489698788560316,0.0,0.0,0.3338248278983989,0.4067180882948,0.0,0.0,0.43189287921648994,0.3864625413743468,0.490775722354808,0.4195084592879385,0.36247229289274774,0.3485229755420039,0.4024264656294953,0.4321377111156933,0.0,0.0,0.0,0.0,0.4048880157292104,0.0,0.0,0.0,0.0,0.4103604466739936,0.0,0.5229067616462215,0.5020535026202144,0.557753447506116,0.4732440125969286,0.5108276384008725,0.0,0.3996536410957665,0.0,0.5765801585506977,0.41877761930560703,0.0,0.0,0.0,0.0,0.44844026429057016,0.0,0.0,0.0,0.5179056793783694,0.0,0.0,0.0,0.5154552561269249,0.0,0.0,0.0,0.0
0.3848680858969105,0.37193929797519676,0.0,0.42229429145729686,0.35743329831657555,0.34712681543404156,0.376011178954708,0.3738951988334377,0.0,0.0,0.0,0.0,0.37162919394278876,0.0,0.24764436261787917,0.329939890699264,0.0,0.31876649072083835,0.0,0.0,0.3564686700374302,0.2991376200616883,0.2271438397932469,0.5034281669344968,0.34501673705903135,0.361809740453418,0.2771410018079921,0.33827500905522295,0.29834204474090403,0.3185933257775131,0.334599217977432,0.38339436171118657,0.3274782585789137,0.37500853178124444,0.41255354545969386,0.4482581469860937,0.4179923578748938,0.0,0.40765998926105956,0.4125960902029901,0.43158534759962075,0.4441424338057161,0.5991966800601567,0.0,0.0,0.0,0.3930905693142254,0.0,0.0,0.0,0.0,0.0,0.0,0.0,0.0,0.0,0.0,0.0,0.0,0.41235756052219213,0.4540326722005503,0.0,0.0,0.0,0.3946784679523961,0.40196309719401974,0.39735433152012295,0.425092218524705,0.0,0.5075088989730386,0.41109235469615263,0.42137202869351087,0.4604160392495439,0.42062624925724457,0.0,0.43403607504354497
0.3507218065641101,0.352375780912235,0.0,0.0,0.0,0.3736924353718047,0.44180148647995393,0.3786720398377758,0.0,0.0,0.0,0.0,0.39975849479253317,0.42903630015880184,0.34379471864283984,0.3185500897760623,0.0,0.3519892067435686,0.0,0.3564686700374302,0.0,0.361065587672805,0.35306461481967416,0.372451088885612,0.368753900792845,0.33202655257551256,0.3646590962407016,0.3942945619495592,0.3667117033830887,0.4002235955826512,0.3649358121030673,0.39584317162314153,0.266591399914415,0.39979151241331123,0.4053838254075352,0.45500029783823454,0.0,0.0,0.39702640455166993,0.3769025501258392,0.4322273004868979,0.4394027380161975,0.0,0.0,0.0,0.2305465429922384,0.3994994071365753,0.0,0.0,0.0,0.0,0.0,0.29553348342032876,0.0,0.0,0.0,0.0,0.0,0.0,0.4048952891750817,0.40466709858810257,0.0,0.0,0.0,0.39236058990857975,0.31091474861457996,0.4022935671770704,0.40533716125571095,0.0,0.0,0.428757884214215,0.4160436044709373,0.4294736787001804,0.3828110315468502,0.5238923784027594,0.443153288997407
0.31104747228792584,0.3356036123639172,0.422564597221958,0.37516663031253505,0.3655195068385603,0.36385611440075033,0.39439599223354876,0.39963420093226326,0.35743408794219733,0.0,0.0,0.0,0.393257082180552,0.0,0.249539191340393,0.315737503715104,0.0,0.31755779169293186,0.0,0.2991376200616883,0.361065587672805,0.0,0.31575768032655716,0.35394203055677154,0.3346572329760406,0.32453491270744156,0.37652273257595625,0.36574947694122234,0.34237708214750984,0.34620360708237424,0.33937973290337553,0.3862416536691919,0.32270659339110025,0.3751437553962629,0.405606265119355,0.4563025813103019,0.41778827383813877,0.0,0.3990665373726715,0.3846469920305343,0.41075008127196316,0.4283216905087435,0.531126039709371,0.0,0.0,0.37524140743675233,0.3683254870193754,0.0,0.0,0.0,0.0,0.0,0.0,0.0,0.0,0.0,0.0,0.0,0.0,0.42907774038214547,0.3726647695294852,0.0,0.39482350188692866,0.0,0.39820958368535897,0.4104577839776507,0.4021427854421867,0.4213208294233876,0.0,0.3722316426245505,0.41075313735936725,0.41255469644134607,0.0,0.40582884881044795,0.0,0.4042441709093812
0.4004559423521257,0.37334158815019175,0.3176696532238533,0.37060009722470616,0.36299781957973765,0.3579352044198733,0.37827295530207644,0.34341313026778847,0.35463195957974697,0.0,0.296960081778203,0.0,0.38244236953027383,0.3951005769841371,0.2713577299901102,0.35204655528542605,0.0,0.0,0.3191468980942537,0.2271438397932469,0.35306461481967416,0.31575768032655716,0.0,0.40831869321229114,0.3363196047813671,0.3705352801662833,0.2964715111119076,0.3822080264968497,0.3498094587592433,0.3797336408727602,0.39168661649011893,0.38486287270053493,0.3575944550766596,0.41753283854630335,0.0,0.40415942678581723,0.40715933937251325,0.0,0.45172584583356906,0.3846117439379947,0.47449310549843865,0.4691829026860608,0.4234110395352646,0.0,0.0,0.0,0.0,0.30972672754669084,0.0,0.4977656693141482,0.4619833496912576,0.4764028254678333,0.4384059821463556,0.49509266632978416,0.0,0.4440922396859791,0.0,0.46477347143683123,0.37008039061672915,0.41710896812728837,0.0,0.0,0.0,0.3277393345645984,0.42642684879178955,0.4136434849673985,0.41457173293326427,0.4662560640228008,0.0,0.0,0.4290693263089023,0.46372971888863534,0.4605144360862836,0.44034569481223884,0.457124677769368,0.4599954682174253
0.23015082048584726,0.3685612966707414,0.0,0.2510318074790326,0.37962109936347915,0.5074461796756218,0.0,0.41373157715430126,0.48305075919226725,0.21139124130986123,0.410243117229003,0.19510351139008975,0.3279293547427451,0.0,0.3893646409570564,0.27257573017958914,0.22981714394153777,0.2230069289855294,0.6489698788560316,0.5034281669344968,0.372451088885612,0.35394203055677154,0.40831869321229114,0.0,0.1877879218873892,0.2030623742615955,0.4450302539928093,0.27820696356877056,0.5021811381333626,0.0,0.202885553243307,0.33155058570203494,0.1773821305016426,0.23430820389186816,0.31108984698930237,0.0,0.0,0.18073140666550916,0.0,0.16876881381895315,0.0,0.0,0.0,0.0,0.17849830717885698,0.0,0.0,0.0,0.0,0.0,0.0,0.0,0.0,0.0,0.2965193859846916,0.0,0.2835578120432583,0.0,0.0,0.0,0.0,0.0,0.3124494233645513,0.0,0.0,0.0,0.0,0.0,0.2506327669144999,0.3116719654055568,0.30140502432690447,0.0,0.0,0.0,0.0,0.0
0.2553541512113843,0.30534478127343806,0.5728513357540993,0.0,0.3903783580298482,0.33395870993629884,0.3691433599215355,0.3359940235258603,0.3622674234403989,0.13519629493190202,0.5071990191403242,0.0,0.34996905140497875,0.0,0.3354234405661753,0.29577704124681253,0.21343158202221318,0.23952042750043684,0.0,0.34501673705903135,0.368753900792845,0.3346572329760406,0.3363196047813671,0.1877879218873892,0.0,0.25748753881770775,0.3692139442436267,0.34187382039132624,0.347252783685327,0.0,0.2368376545012054,0.30451233950988815,0.19630101799652094,0.23334249861979503,0.2885395077668362,0.0,0.0,0.22084374530618509,0.34866703861722587,0.3305032848583307,0.31715175359588726,0.35538837731099765,0.0,0.0,0.0,0.34141046976314393,0.3341300582274778,0.0,0.0,0.0,0.0,0.0,0.0,0.0,0.3060747646531456,0.0,0.3313987787982236,0.0,0.0,0.0,0.34630865962701374,0.29753241807866604,0.3329371787100392,0.0,0.409098099091497,0.0,0.3600763383661025,0.0,0.3271762895590357,0.333289165993755,0.332913391993807,0.0,0.42116780127385955,0.0,0.0,0.33078084761407855
0.2214047885641666,0.3194225680267247,0.5533117515829206,0.0,0.399906383727976,0.35761678644148054,0.37137096873824393,0.3950635271004029,0.39496041792658815,0.15026835203150288,0.0,0.13299440965293532,0.3625027669733854,0.0,0.3281248337908284,0.31233864902023384,0.0,0.24595368695714676,0.0,0.361809740453418,0.33202655257551256,0.32453491270744156,0.3705352801662833,0.2030623742615955,0.25748753881770775,0.0,0.3801726838653421,0.3650614194492143,0.35927832736477666,0.0,0.2976894925583136,0.34941596517673146,0.2895490720805454,0.3299324490522973,0.3767543833041785,0.4516747294135291,0.0,0.0,0.3831476301647918,0.38297260393393884,0.3958189999437804,0.4142691751715272,0.0,0.0,0.0,0.35767250265639716,0.37546958433312383,0.0,0.0,0.0,0.0,0.0,0.0,0.0,0.0,0.0,0.0,0.0,0.0,0.4460537427934115,0.38210844846754954,0.33236282690096575,0.32510130850102625,0.0,0.42037349426424236,0.42477964935733753,0.4166751381138906,0.4392958231660604,0.34367325237876356,0.3337419244973019,0.4248008040950523,0.4333458972860418,0.0,0.4260380370505202,0.0,0.36622331683587644
0.3940922321595274,0.38341973938231655,0.30162638853420126,0.38194682371613614,0.3484005148107633,0.34512193859365664,0.3733419858281418,0.39274228067294925,0.3380715107142886,0.0,0.3506390297696613,0.0,0.38024865333044794,0.44680603678396497,0.3052982324304985,0.366864911413341,0.0,0.3479445483150596,0.3338248278983989,0.2771410018079921,0.3646590962407016,0.37652273257595625,0.2964715111119076,0.4450302539928093,0.3692139442436267,0.3801726838653421,0.0,0.37151818897902544,0.3409831553732985,0.3611818033074932,0.36126083284239957,0.3821696833370366,0.35135834535144306,0.3986929637551935,0.43448408301033004,0.42222788539954736,0.4002845113544471,0.0,0.4433083151453824,0.4299847609486521,0.46686382710032,0.46788168930796015,0.4886527919673035,0.0,0.0,0.0,0.4490882237959837,0.516946225782548,0.0,0.5325615006400418,0.461217158101637,0.498117311082854,0.44340915802542624,0.5165326595130756,0.0,0.4941305880899813,0.0,0.4691740777822741,0.0,0.41502320429375694,0.0,0.0,0.0,0.5258054611480228,0.4321767391434564,0.41571838652987625,0.4160084334686611,0.4648166403621055,0.0,0.0,0.428653770416578,0.4539454386669703,0.459303074876678,0.4433718443298248,0.47580315963671616,0.46094674799890034
0.43444091411943553,0.3693797469299217,0.4031985785513267,0.18087380087382332,0.3674016110045923,0.35346471918335903,0.3440940948078046,0.4042633713389479,0.3959275091342109,0.3034370739878713,0.4009021125723042,0.29639200397463117,0.3125680738193063,0.3298040630479743,0.35071838504931035,0.3820058152737304,0.3201476258000928,0.3496522922781143,0.4067180882948,0.33827500905522295,0.3942945619495592,0.36574947694122234,0.3822080264968497,0.27820696356877056,0.34187382039132624,0.3650614194492143,0.37151818897902544,0.0,0.3113750513534724,0.29032330484156155,0.3451302065626531,0.3566350692555255,0.36218499009631105,0.35315248452804215,0.0,0.22686249665592415,0.2125158646733277,0.2699591953282237,0.44285411425098514,0.0,0.4708244799390731,0.0,0.0,0.4191817783442392,0.0,0.0,0.0,0.0,0.0,0.0,0.4605223273544887,0.0,0.43766861402467094,0.0,0.0,0.0,0.0,0.5317743536821495,0.0,0.0,0.0,0.0,0.0,0.0,0.4500211690946092,0.0,0.0,0.46144408993107,0.0,0.0,0.0,0.4504061768676036,0.4691286260678887,0.4459578925729901,0.5931695333436724,0.4781919566510231
0.41040469565057874,0.36440155070611646,0.3708716976448587,0.44617432629366716,0.3852994470167722,0.29759980229329913,0.38792379504613356,0.36413298381202647,0.35889527932772924,0.0,0.0,0.0,0.36263324470380864,0.0,0.32289066873692907,0.3640024868918618,0.0,0.33926261138637004,0.0,0.29834204474090403,0.3667117033830887,0.34237708214750984,0.3498094587592433,0.5021811381333626,0.347252783685327,0.35927832736477666,0.3409831553732985,0.3113750513534724,0.0,0.3362300495238751,0.32478006114566,0.3822132657531676,0.337633502333813,0.3857105149332306,0.39267347944726955,0.45037653353136964,0.4186903867862392,0.0,0.4349474521071519,0.458978437731038,0.4607748039753836,0.4858512070492174,0.5069704197584398,1.0,0.0,0.0,0.41811908647137525,0.0,0.0,0.0,0.4405945609315512,0.0,0.4284491421356076,0.0,0.0,0.0,0.0,0.4857829697965286,0.0,0.41046490290756593,0.0,0.0,0.0,0.0,0.4193948633236371,0.41298492930539576,0.41321271915612384,0.43850619084310416,0.0,0.0,0.4141508152898882,0.4408880106479834,0.4533718368529331,0.43057876555630503,0.4792219946127564,0.44681370590861597
0.0,0.0,0.430765184329319,0.0,0.0,0.3993853594741577,0.0,0.4023343248704883,0.4181297376948341,0.0,0.5426585388756191,0.0,0.3405993971485465,0.0,0.0,0.365322058115951,0.0,0.0,0.0,0.3185933257775131,0.4002235955826512,0.34620360708237424,0.3797336408727602,0.0,0.0,0.0,0.3611818033074932,0.29032330484156155,0.3362300495238751,0.0,0.3055045369445568,0.35294747829983064,0.0,0.3728325059667142,0.0,0.0,0.0,0.0,0.4487681345269632,0.0,0.544229050119114,0.0,0.0,0.0,0.0,0.0,0.0,0.0,0.0,0.0,0.48764848623371965,0.0,0.5284309535180499,0.0,0.0,0.0,0.0,0.0,0.0,0.0,0.0,0.0,0.0,0.0,0.0,0.0,0.0,0.4688990373849114,0.0,0.0,0.0,0.46165461361224763,0.5576077401068441,0.48200195483267655,0.0,0.5542910076225627
0.27815564399471715,0.2844521723453376,0.42223717439819947,0.30969122782708847,0.42502571891406493,0.3962988439224607,0.3706036171314068,0.4347197308681252,0.42311086509689744,0.20197731476813888,0.45006946530455255,0.23160838255921265,0.36705464782021574,0.3533613055664166,0.3567907635605508,0.28676760110863303,0.238144104734995,0.26357818604303546,0.43189287921648994,0.334599217977432,0.3649358121030673,0.33937973290337553,0.39168661649011893,0.202885553243307,0.2368376545012054,0.2976894925583136,0.36126083284239957,0.3451302065626531,0.32478006114566,0.3055045369445568,0.0,0.3573301624821466,0.26652568421614337,0.26605636563883617,0.34425574865954656,0.37849869601110403,0.3416263436401225,0.22772954481724123,0.42905629486077723,0.276952921258518,0.4608807484086576,0.3855944103407929,0.0,0.0,0.0,0.28829864872174304,0.31050948362507225,0.6427103109768257,0.0,0.0,0.4718622682610315,0.0,0.0,0.0,0.0,0.0,0.0,0.5760892289065084,0.0,0.3937130859021813,0.28427380058767493,0.0,0.33670360968718827,0.0,0.42878033936103493,0.3914522137915305,0.3832653118985158,0.46798337427198095,0.0,0.3374051066490867,0.35965779591972724,0.464322151169385,0.49144227355320225,0.4492678561751739,0.6508828479398984,0.49238698439020956
0.33493824434154656,0.33443234570123165,0.3896899599822276,0.2890189422898402,0.3425885489785548,0.38571016143469916,0.33887894902687743,0.4053925716043131,0.38831885814830647,0.32509514052168176,0.38885224219681663,0.0,0.35945379481968126,0.24476952330091534,0.391525579836229,0.3274640461250414,0.0,0.0,0.3864625413743468,0.38339436171118657,0.39584317162314153,0.3862416536691919,0.38486287270053493,0.33155058570203494,0.30451233950988815,0.34941596517673146,0.3821696833370366,0.3566350692555255,0.3822132657531676,0.35294747829983064,0.3573301624821466,0.0,0.31673940244944593,0.3726211670107744,0.39292418589207606,0.2538447929954324,0.280256978397754,0.23503630608621082,0.27484623436179206,0.2797467888861162,0.39344669531672,0.2668178711365716,0.3089600807978401,0.27503347043328413,0.2063840573157739,0.0,0.37326114481677625,0.0,0.0,0.0,0.46255344950298455,0.0,0.4460917901088375,0.0,0.0,0.0,0.0,0.46116276877208784,0.0,0.4295343219851979,0.3740971537765646,0.0,0.3645345676164398,0.0,0.41808956460830504,0.43318166338004677,0.40283780061775903,0.4576810995050154,0.0,0.3754636998718539,0.4044811745101795,0.45849602871668543,0.40022608311067637,0.44830430394525106,0.46905458123648586,0.443901778051201
0.23658669219475018,0.27007040769086343,0.0,0.0,0.4024965568270782,0.3484238019891447,0.38812629684069844,0.3939831932628751,0.4105131729948933,0.17909042985732873,0.4365998145433374,0.16706375756870503,0.3699178665523237,0.0,0.34909612539920193,0.3082515478291039,0.19456407811031415,0.243302325310857,0.490775722354808,0.3274782585789137,0.266591399914415,0.32270659339110025,0.3575944550766596,0.1773821305016426,0.19630101799652094,0.2895490720805454,0.35135834535144306,0.36218499009631105,0.337633502333813,0.0,0.26652568421614337,0.31673940244944593,0.0,0.225970262950513,0.4365229937976458,0.2496941859909062,0.0,0.15201441697674645,0.24736696190972943,0.3557615509466914,0.43070594707077275,0.0,0.0,0.31392811233121787,0.2871128934878761,0.0,0.36545336289056246,0.0,0.0,0.0,0.0,0.0,0.0,0.0,0.28443321097008767,0.0,0.304147832374949,0.0,0.0,0.4188142492326492,0.3485512919805273,0.25804673556662,0.3407152382489457,0.0,0.40742994587510584,0.3898165866549549,0.39767961154502957,0.40753678898100737,0.3087187952092659,0.3404918714335535,0.39776883672005503,0.0,0.0,0.42998456715677563,0.0,0.0
0.30222483686068163,0.3149022794135128,0.42173448918067813,0.33428985862604155,0.4167033842259639,0.40424657780453105,0.37251883284702164,0.46653355452733414,0.4139968478812983,0.20814978729221895,0.41762274543301,0.18544679895787777,0.3764580409414546,0.3571679286360774,0.399002753459446,0.34078939500897715,0.23191417349924995,0.2538190694622712,0.4195084592879385,0.37500853178124444,0.39979151241331123,0.3751437553962629,0.41753283854630335,0.23430820389186816,0.23334249861979503,0.3299324490522973,0.3986929637551935,0.35315248452804215,0.3857105149332306,0.3728325059667142,0.26605636563883617,0.3726211670107744,0.225970262950513,0.0,0.3501207516533967,0.46061107144145064,0.2957021249165383,0.16428168699901305,0.40366596623524437,0.3626737056965196,0.45314951790298685,0.423877381626156,0.0,0.30405809508852466,0.0,0.32936712119202977,0.36380510060933635,0.0,0.0,0.0,0.4767813569680186,0.0,0.4901972995305583,0.0,0.0,0.0,0.0,0.5399645731282211,0.0,0.4323956030468905,0.3519026413613336,0.0,0.3490189927812362,0.0,0.4350962456007079,0.4387845010593128,0.40275184978129225,0.48670305814939796,0.0,0.3543310300296357,0.39532039204322167,0.48555572703966876,0.4737645082892129,0.4645283066964469,0.5948777222461482,0.48258725059771646
0.33736984360108474,0.36458946226281325,0.0,0.1972550257959067,0.0,0.36985084740714086,0.4512339369135174,0.4713908016608897,0.0,0.21713206835667093,0.3405542468174193,0.0,0.4153325145929771,0.0,0.4301211827026282,0.35867739508359403,0.0,0.0,0.36247229289274774,0.41255354545969386,0.4053838254075352,0.405606265119355,0.0,0.31108984698930237,0.2885395077668362,0.3767543833041785,0.43448408301033004,0.0,0.39267347944726955,0.0,0.34425574865954656,0.39292418589207606,0.4365229937976458,0.3501207516533967,0.0,0.4641949580136192,0.23060242986805915,0.1767783604369928,0.3060100399517392,0.0,0.0,0.0,0.0,0.0,0.0,0.0,0.3625881670815028,0.0,0.0,0.0,0.0,0.0,0.0,0.0,0.0,0.0,0.0,0.0,0.0,0.4510679973089705,0.3841428656912754,0.0,0.3718055823584841,0.0,0.0,0.0,0.4244630051668709,0.4250285176059242,0.0,0.38842943558559107,0.4341180849760245,0.0,0.0,0.0,0.0,0.0
0.0,0.0,0.3852735912244001,0.1736761160634715,0.1722360395859274,0.396739147997596,0.25874538302197186,0.261376789589006,0.38463852696684475,0.29971418417681756,0.28864130896380163,0.263263894431086,0.3234298960042256,0.1797647767216055,0.4326014474673662,0.0,0.0,0.0,0.3485229755420039,0.4482581469860937,0.45500029783823454,0.4563025813103019,0.40415942678581723,0.0,0.0,0.4516747294135291,0.42222788539954736,0.22686249665592415,0.45037653353136964,0.0,0.37849869601110403,0.2538447929954324,0.2496941859909062,0.46061107144145064,0.4641949580136192,0.0,0.1698410592365852,0.20790631898491152,0.28384197173159514,0.0,0.2778794197826312,0.2602422825112364,0.25201976142564897,0.2807385608213905,0.0,0.0,0.0,0.46509525863284734,0.0,0.3959694098262537,0.5092979715044794,0.4140119021325093,0.3088387344698527,0.39264885752290635,0.0,0.34529714829809416,0.0,0.0,0.3033538290031625,0.0,0.0,0.0,0.0,0.46938253529502166,0.0,0.0,0.0,0.42461261371120745,0.0,0.0,0.0,0.450711122584853,0.0,0.5411628435446117,0.0,0.0
0.0,0.0,0.411177602750806,0.16043250998522446,0.23384471551661012,0.3966160512635149,0.20790424785692965,0.4167262314895625,0.38912020732663993,0.1832837289767347,0.38608739907368805,0.2354554459973315,0.3267643128745327,0.14944834579158925,0.39847111468380786,0.0,0.0,0.0,0.4024264656294953,0.4179923578748938,0.0,0.41778827383813877,0.40715933937251325,0.0,0.0,0.0,0.4002845113544471,0.2125158646733277,0.4186903867862392,0.0,0.3416263436401225,0.280256978397754,0.0,0.2957021249165383,0.23060242986805915,0.1698410592365852,0.0,0.22175835976702607,0.23299989560426865,0.0,0.0,0.2702115005042641,0.0,0.25977823325738436,0.0,0.0,0.0,0.0,0.0,0.0,0.0,0.0,0.0,0.0,0.0,0.0,0.0,0.0,0.0,0.0,0.0,0.0,0.0,0.0,0.0,0.0,0.0,0.0,0.0,0.0,0.0,0.0,0.0,0.0,0.0,0.0
0.0,0.0,0.0,0.2762511109842722,0.38237631003598666,0.42862268351647753,0.32471970626283436,0.0,0.41096165535618906,0.1601812662825917,0.39796973370469574,0.15639387723295894,0.3265328374367851,0.4132047286090327,0.0,0.0,0.0,0.0,0.4321377111156933,0.0,0.0,0.0,0.0,0.18073140666550916,0.22084374530618509,0.0,0.0,0.2699591953282237,0.0,0.0,0.22772954481724123,0.23503630608621082,0.15201441697674645,0.16428168699901305,0.1767783604369928,0.20790631898491152,0.22175835976702607,0.0,0.2172672337136738,0.19499734958757023,0.18169308245561797,0.0,0.0,0.0,0.2315442755850248,0.0,0.0,0.0,0.0,0.0,0.0,0.0,0.0,0.0,0.24437682554554133,0.0,0.14267118464300227,0.0,0.0,0.0,0.0,0.0,0.0,0.0,0.0,0.0,0.0,0.0,0.0,0.0,0.0,0.0,0.277864101947172,0.0,0.0,0.0
0.3256821252889133,0.37497905824618655,0.4994478269905484,0.0,0.0,0.4475528447685948,0.0,0.45840603428936083,0.0,0.0,0.4208886660321194,0.23136168188323789,0.4371606703301947,0.0,0.41808307540761097,0.343568156437809,0.0,0.2987178876004441,0.0,0.40765998926105956,0.39702640455166993,0.3990665373726715,0.45172584583356906,0.0,0.34866703861722587,0.3831476301647918,0.4433083151453824,0.44285411425098514,0.4349474521071519,0.4487681345269632,0.42905629486077723,0.27484623436179206,0.24736696190972943,0.40366596623524437,0.3060100399517392,0.28384197173159514,0.23299989560426865,0.2172672337136738,0.0,0.2936783454786931,0.3535906777559476,0.3396184529790768,0.26290832260259694,0.28410882664677145,0.24070302120414405,0.322355291858699,0.33013560729742664,0.38920179962096496,0.23818439889181314,0.3233055768929802,0.37856726754075243,0.32790128660710605,0.37000143352221204,0.37950042646821247,0.30266131374377275,0.3321148577606648,0.22460598866318307,0.3422236675374221,0.25210585075936515,0.3816215748563877,0.3602534564699462,0.2618874445433807,0.33362014833660414,0.36478325377861504,0.3813407953194497,0.37144629419119796,0.3643307640031621,0.3799061054673267,0.284939962056522,0.3233494986212688,0.34051168722850683,0.3781291101770187,0.3295190061801162,0.3548926774101297,0.32555526332421686,0.3499463494539326
0.30458551831378605,0.36715254796257885,0.0,0.0,0.0,0.0,0.0,0.0,0.0,0.28892001627499053,0.0,0.0,0.0,0.0,0.3952479119508861,0.3527740866632761,0.0,0.3032444347875996,0.0,0.4125960902029901,0.3769025501258392,0.3846469920305343,0.3846117439379947,0.16876881381895315,0.3305032848583307,0.38297260393393884,0.4299847609486521,0.0,0.458978437731038,0.0,0.276952921258518,0.2797467888861162,0.3557615509466914,0.3626737056965196,0.0,0.0,0.0,0.19499734958757023,0.2936783454786931,0.0,0.24602125303229352,0.42111009812503264,0.5141029330328052,0.32400357305778477,0.18452073739787853,0.24987445882685422,0.27630280071412844,0.0,0.25193581958644606,0.0,0.3347772668017886,0.33713027296285886,0.3957401120374499,0.0,0.19380082370209306,0.40847064232940755,0.16771407634136593,0.3496529845983056,0.0,0.33234804414005314,0.29785579609283164,0.20691465943645151,0.2270846550934812,0.0,0.3244638300777326,0.3050212978525518,0.30833900253619867,0.3439763606212588,0.18283512820113546,0.22177968045189564,0.2738919591025007,0.3481858613038996,0.3200889932952609,0.3193014094007941,0.0,0.2658653785977843
0.2842302349465476,0.33334160569331045,0.617360545984315,0.0,0.0,0.45814956561293907,0.0,0.4577442864854786,0.0,0.26718879110319227,0.0,0.0,0.0,0.0,0.4283562911300949,0.34164964648899054,0.0,0.28003685503123155,0.0,0.43158534759962075,0.4322273004868979,0.41075008127196316,0.47449310549843865,0.0,0.31715175359588726,0.3958189999437804,0.46686382710032,0.4708244799390731,0.4607748039753836,0.544229050119114,0.4608807484086576,0.39344669531672,0.43070594707077275,0.45314951790298685,0.0,0.2778794197826312,0.0,0.18169308245561797,0.3535906777559476,0.24602125303229352,0.0,0.3293812506549903,0.4495672426299795,0.33751493299755,0.13929843019924615,0.2655255994892176,0.3058449543702404,0.3964839710786856,0.2926970585667774,0.3744611885006894,0.3940413579188351,0.3344844371231754,0.41429831723962396,0.39704653858191424,0.21307941125886515,0.3874961974581626,0.19008599695442138,0.35032095747400266,0.33046834427231203,0.3892745410103513,0.30451646932871757,0.24679144541613507,0.2825031560172572,0.38096060109185004,0.38226676337633253,0.3867849282222122,0.3595818452134583,0.39662838021845304,0.19074742190594474,0.26826011822806417,0.3174099772066309,0.38971524310710837,0.30819113262802844,0.3582959921338661,0.36406413792190556,0.2865763759665915
