0.0,0.3692209137185304,0.0,0.0,0.0,0.4182034679567764,0.0,0.46190567633425195,0.0,0.35852858345105604,0.43362342505823975,0.33735802083369054,0.46234569783080226,0.46535945786124755,0.35423659366170546,0.3790006057664104,0.0,0.3735697023038557,0.0,0.4043312756678409,0.35663852788976363,0.3749179411718242,0.40865565000251247,0.32132715325068334,0.3666695826774556,0.3366023747845134,0.4228595592225401,0.431557524214826,0.42762822658741195,0.0,0.31001783060117555,0.38145314081711273,0.35618133149257863,0.33894497797644363,0.3793303127493452,0.48728297999366815,0.0,0.3831756566663532,0.42308535176135853,0.419923872077846,0.42301931401325227,0.0,0.0,0.0,0.0,0.3460734631788782,0.44812155260281955,0.0,0.0,0.0,0.0,0.0,0.0,0.0,0.44944882129542507,0.0,0.4304809748403869,0.0,0.0,0.0,0.446736143569874,0.0,0.4396606350862944,0.0,0.0,0.3923411167307474,0.45373546782011037,0.4301632544297254,0.29274673331860723,0.43376756086428164,0.42534094183526244,0.0,0.0,0.0,0.0,0.4357891527318682
0.3692209137185304,0.0,0.4401508527573724,0.0,0.0,0.37292316155219235,0.4051019029548756,0.4366247212141892,0.39222756158637045,0.3972183722063023,0.0,0.0,0.40497893494995274,0.0,0.38016397919522155,0.36692566921188263,0.0,0.3709375930122578,0.0,0.39217785177306846,0.39634253833394956,0.3753442623888693,0.38344214008358907,0.0,0.34715361567531255,0.3452715983130772,0.37503042645860374,0.4012471915393143,0.3888858110888667,0.0,0.323589457075743,0.3612250182651518,0.33232151947513006,0.3399372849689241,0.0,0.0,0.0,0.0,0.4527422076410235,0.43054442699146966,0.4820096460676488,0.477716785835867,0.0,0.0,0.0,0.4155274905215545,0.46898288949061046,0.0,0.0,0.0,0.4589346181055649,0.0,0.0,0.0,0.0,0.0,0.0,0.0,0.0,0.4841001184267585,0.4545980540320209,0.0,0.4405905301886536,0.0,0.45429779519744534,0.4432985636614898,0.4656566393125036,0.4763695120700336,0.0,0.44696174324162014,0.46750541379545707,0.45975481203215585,0.0,0.45001929335440044,0.0,0.426851284999674
0.0,0.4401508527573724,0.0,0.4380493708959027,0.37049773429465094,0.37237158322787467,0.3920203804695348,0.4321754988245882,0.28588774872664857,0.458437555867126,0.3320241824502209,0.5039645804336259,0.4111382267661105,0.40925752126580855,0.0,0.0,0.0,0.0,0.27329648951583274,0.0,0.0,0.4207886611453691,0.2913342868488573,0.5589422659137862,0.5218358724856146,0.0,0.2829719189507754,0.41907226030158873,0.4159809109745864,0.43974968284649024,0.43877792683991396,0.4128669640148195,0.44756557708285066,0.4408998189989544,0.44690750911589705,0.4002478649037944,0.4338088966237587,0.5205949795524979,0.5269251580881253,0.0,0.5850489178481794,0.7873974220034491,0.48373478021670624,0.7232796685492541,0.0,0.0,0.0,0.4062075313102868,0.0,0.5525328439903376,0.542375331047818,0.5726135171956809,0.5305134464605289,0.5362563820780397,0.0,0.4060917262190545,0.0,0.5674078600203364,0.48103903720475366,0.0,0.0,0.0,0.0,0.28387653300041055,0.4792635799206454,0.0,0.6045805851374372,0.5422049924779432,0.0,0.0,0.0,0.5358438754097675,0.5841026488880435,0.6394588177435625,0.8130258231992712,0.6227030139094801
0.0,0.0,0.4380493708959027,0.0,0.2968540124345512,0.41294259344171763,0.27220149972152324,0.3518545635552093,0.3980430165084863,0.0,0.35641477616964595,0.0,0.280136113094357,0.3010789313848014,0.4497761414576735,0.0,0.0,0.0,0.4005731889539224,0.4282782995723405,0.0,0.40206651156550766,0.3890880006657281,0.0,0.0,0.0,0.3994920183042542,0.2529940137699805,0.46515691634340955,0.38843039233751697,0.3498427703142292,0.3138760187800245,0.0,0.3058192106544118,0.36217799603209777,0.23041021436815554,0.1914355253752562,0.3320081800919705,0.23920156997519967,0.1395282874810775,0.2650967756321867,0.2765595443733242,0.2564126987898288,0.30232856786149953,0.0,0.0,0.0,0.0,0.0,0.0,0.0,0.0,0.0,0.0,0.0,0.0,0.0,0.0,0.0,0.0,0.0,0.0,0.0,0.0,0.0,0.0,0.0,0.0,0.0,0.0,0.0,0.0,0.0,0.0,0.0,0.0
0.0,0.0,0.37049773429465094,0.2968540124345512,0.0,0.36433526612006206,0.3120949965051951,0.4044378762184588,0.33579245621822545,0.42635789728431844,0.3173841610857761,0.41192032672997886,0.3703469014515491,0.32517272614717757,0.0,0.4273991568943367,0.0,0.0,0.3552114348975459,0.0,0.5662599036380418,0.4046381260473737,0.3733900939128011,0.0,0.3964291927829783,0.0,0.3681300283060559,0.3780064555963257,0.0,0.0,0.4476157981372715,0.38350195381854935,0.4161692588555859,0.4420231403790971,0.42841299032107427,0.315517194911732,0.3204295371223607,0.4292829242378246,0.5382471077030014,0.0,0.5645000428439726,0.6760487128497217,0.43425054835006766,0.7141699674830579,0.0,0.0,0.0,0.5458505152883013,0.0,0.5734181582583137,0.5528951177722764,0.6549129647178018,0.5090703035641542,0.5730876798899951,0.0,0.4524280384471551,0.0,0.7080045000704317,0.0,0.0,0.0,0.0,0.0,0.5325764147787445,0.0,0.0,0.0,0.5248236876383716,0.0,0.0,0.0,0.5389182488814566,0.6509151447823993,0.6548005491720488,0.0,0.9347090274446286
0.4182034679567764,0.37292316155219235,0.37237158322787467,0.41294259344171763,0.36433526612006206,0.0,0.38621245723340214,0.4004522299686109,0.3376069303293699,0.426480841739818,0.37087981130985465,0.4564644020654541,0.36817148805574096,0.4216516900907875,0.38195665633907655,0.41016755689498824,0.5789711800642396,0.40675700910848434,0.3768859952273572,0.38057995394537,0.3942557054054066,0.40065388804481206,0.3571212711915017,0.0,0.35947992682388513,0.3535943925392935,0.34408631655718896,0.3637919835044442,0.3469360278862591,0.39811712000576516,0.42583646501189465,0.40270098458758546,0.35990148603849903,0.4155333924177928,0.41732470903332397,0.415603361065427,0.4282244528778083,0.4610083313861071,0.4900980005188321,0.485304340587759,0.47719178726071537,0.4828645934653377,0.45138526489609937,0.6876250637260133,0.0,0.0,0.49916593597928777,0.536647196093856,0.0,0.5860909169624355,0.5047177685516268,0.5333577812908079,0.47315321556111983,0.5442992456952936,0.0,0.517825924127553,0.0,0.5129984790996545,0.0,0.4632670580434398,0.6073728123558247,0.0,0.711038429525602,0.5260268235920638,0.4518078904549405,0.4641913298360457,0.4593403125433485,0.5081516886265746,0.0,0.6155993326474324,0.4747584791145365,0.4969062318826031,0.4955626997172427,0.47088511003314243,0.5121950920518232,0.5026699757183768
0.0,0.4051019029548756,0.3920203804695348,0.27220149972152324,0.3120949965051951,0.38621245723340214,0.0,0.4423456490367065,0.35721277192564116,0.39973808187387677,0.4020656816134833,0.3825247809868477,0.2967858004076729,0.3553749617079175,0.0,0.42879468069950977,0.41388495318622764,0.42547618388322617,0.38862204272152984,0.41330095739483447,0.4585653851102256,0.43579273987906664,0.394026902341573,0.0,0.39941343566914733,0.393647176534244,0.3932089217450163,0.3499914748660683,0.4049078836306605,0.38391019461874826,0.4045074094481972,0.3877136629361897,0.3927766619048433,0.40082290262386916,0.39778243290451437,0.31685986908173064,0.2952558778967095,0.3560842522898923,0.5610349251089196,0.3757670396481642,0.5962052011253723,0.49861712538098724,0.4922686244568615,0.8388416451045043,0.0,0.0,0.6173442696617438,0.5774505247115103,0.0,0.7227271675980091,0.5388632012189452,0.6453863322935438,0.5345382748781838,0.6120113937277151,0.0,0.5344135074481331,0.0,0.65655773216769,0.0,0.0,0.0,0.0,0.0,0.6344395655702536,0.6077937795632019,0.0,0.6223789908471841,0.5120874818476143,0.0,0.0,0.0,0.5121298717160739,0.62969315007232,0.5853958072248139,0.7360148336480002,0.7159978943668079
0.46190567633425195,0.4366247212141892,0.4321754988245882,0.3518545635552093,0.4044378762184588,0.4004522299686109,0.4423456490367065,0.0,0.4564400940138284,0.0,0.3439068003110333,0.5044624300059426,0.4353988068244768,0.3508849021960879,0.36521843558878164,0.4487238515567944,0.0,0.44881763386950063,0.40289385331746025,0.3680058147405187,0.40868780522244247,0.4055834115008639,0.34497624605157023,0.4548077749508484,0.40938481853762804,0.4341883849123824,0.3940427617098084,0.4087942596090166,0.37819425497438897,0.3837442372804758,0.4171543047467239,0.42196029408143226,0.367833423777076,0.4363338779714619,0.4254306153234241,0.3297116445636239,0.30952923595334353,0.0,0.4946530063630348,0.0,0.4865616255893935,0.0,0.5080564639118277,0.0,0.0,0.0,0.0,0.5337087035627164,0.0,0.5360358660519188,0.47802101745872694,0.5142549426877804,0.4696268123778262,0.5412724593448763,0.0,0.4755465867795172,0.0,0.4929123998895446,0.4828703600069246,0.47305801256003827,0.0,0.0,0.0,0.4977667372156606,0.45868804196013707,0.5062755846531557,0.3390410814656188,0.49723979648465827,0.0,0.0,0.0,0.4869848266297268,0.4767471407614735,0.4603189802556852,0.5146355200910696,0.48743478280804764
0.0,0.39222756158637045,0.28588774872664857,0.3980430165084863,0.33579245621822545,0.3376069303293699,0.35721277192564116,0.4564400940138284,0.0,0.4458043158904022,0.3202981939718978,0.45197151168110433,0.3655210520049676,0.3976962766936044,0.0,0.42118252839096154,0.5701902461518565,0.5238748504045462,0.2944460749215183,0.3766854864646675,0.48594397526979155,0.41160108231385717,0.3622947135780945,0.47247296573084524,0.40719134897321296,0.41676581531522233,0.34734667579809886,0.41937601096704386,0.3912479668337855,0.4267631819613388,0.4453142518362797,0.42245360727490805,0.4150817982501905,0.4466052353273724,0.44128731820436157,0.4072718120004841,0.4292656366098268,0.43736272830370426,0.5140535319901974,0.5819932209804768,0.6044086568383931,0.7218786337808605,0.5039291389885501,0.7472144832742259,0.0,0.0,0.9024626512602676,0.5508351251901624,0.0,0.5807388876258498,0.5467859710827985,0.5923371563591643,0.5267767929014051,0.5678888876063919,0.0,0.38083936174680516,0.0,0.5968011550788043,0.0,0.7789186128197764,0.0,0.0,0.0,0.5200191807342931,0.5644919604120148,0.0,0.7884740555899006,0.5542794283175115,0.0,0.0,0.738335165860896,0.542156335279341,0.572336161056422,0.5848553822095913,0.6228903182526372,0.65468718265823
0.35852858345105604,0.3972183722063023,0.458437555867126,0.0,0.42635789728431844,0.426480841739818,0.39973808187387677,0.0,0.4458043158904022,0.0,0.44703891329261525,0.2503653314549088,0.3885995818518984,0.0,0.5521947166684684,0.36553317814598074,0.2909489173593733,0.3335219879959457,0.4450230097578459,0.4205618587967278,0.0,0.38061121371789847,0.42582440504523866,0.28354537977266175,0.31134399407115115,0.28345059729519667,0.4311849261931668,0.3682645465767342,0.44913283227092615,0.47304780761195037,0.3014800112477136,0.30938189502794067,0.33776739069377804,0.3226105346005501,0.3083937954434926,0.36040090942409775,0.3118542164078605,0.29415285386504647,0.3002887107790803,0.38550329654656795,0.2911321185103979,0.26257343259715343,0.25308738072203785,0.3012737193953049,0.3235522733079551,0.396396123697666,0.5276715569176775,0.0,0.0,0.0,0.0,0.0,0.0,0.0,0.4620730569175882,0.6787476104309983,0.4385096185633255,0.35904869685870294,0.0,0.0,0.4605930286101997,0.46805990246925555,0.4502341722735122,0.0,0.0,0.0,0.0,0.7658364611122098,0.41564412892837116,0.4619837130773678,0.4528319000839963,0.0,0.3022032326241442,0.0,0.0,0.4434979211365452
0.43362342505823975,0.0,0.3320241824502209,0.35641477616964595,0.3173841610857761,0.37087981130985465,0.4020656816134833,0.3439068003110333,0.3202981939718978,0.44703891329261525,0.0,0.4568293517095666,0.43799732220490467,0.29783863578020364,0.0,0.0,0.5459347471598769,0.567880746041518,0.2630787591374689,0.0,0.41715250306750556,0.0,0.3124964590744649,0.46020064096157426,0.5374980824055905,0.5821108576264394,0.36279872799337143,0.43013319056067023,0.6160942026128482,0.0,0.47173882815555207,0.42507637927559583,0.4515554496487085,0.4611148016919824,0.4493242521832971,0.3563949121577118,0.43127391355499295,0.4476286868007179,0.46260716646551675,0.5318726216393465,0.5606798473492736,0.7255476536009812,0.43375551368871,0.5905243971551896,0.5765543247777446,0.0,0.0,0.4072468777100479,0.0,0.42838635398129454,0.5301540595186237,0.5218766826899781,0.47781143921878455,0.45523118316943223,0.6230409395630373,0.27392997090396015,0.5700457199312612,0.5161868914687633,0.41360984938151574,0.2785332522883794,0.0,0.0,0.0,0.2652058195579438,0.33439315866378916,0.0,0.457213729010901,0.5105019415817013,0.0,0.0,0.0,0.5070425209023902,0.5331276084587867,0.4383644590978653,0.0,0.6171056646564613
0.33735802083369054,0.0,0.5039645804336259,0.0,0.41192032672997886,0.4564644020654541,0.3825247809868477,0.5044624300059426,0.45197151168110433,0.2503653314549088,0.4568293517095666,0.0,0.3747351166066533,0.0,0.0,0.0,0.33617737894456834,0.3503695311053699,0.48056501567070364,0.0,0.4631930508953097,0.0,0.4705008577077477,0.2623696230687635,0.32356550828965575,0.2631352474336017,0.48442492157077793,0.33450976007584005,0.5146885313599161,0.0,0.3234842565124831,0.281095141434244,0.3300763364614266,0.25032075770586704,0.29402079236515605,0.33457909402058095,0.2842789988355252,0.250369508485004,0.2598555322557949,0.389158122280192,0.2920567832757793,0.2907494130119625,0.2923354216723398,0.24210068275860308,0.29206047341700087,0.45217768575008305,0.0,0.0,0.0,0.0,0.0,0.0,0.0,0.0,0.4554496150601981,0.42876914519698733,0.435387605778696,0.3639838421368199,0.0,0.0,0.0,0.46760734385222397,0.45871390176632465,0.0,0.0,0.0,0.0,0.0,0.4031223148208612,0.4596332549471049,0.4437457076000358,0.0,0.2980428623949689,0.0,0.0,0.4334817720917102
0.46234569783080226,0.40497893494995274,0.4111382267661105,0.280136113094357,0.3703469014515491,0.36817148805574096,0.2967858004076729,0.4353988068244768,0.3655210520049676,0.3885995818518984,0.43799732220490467,0.3747351166066533,0.0,0.38020103002601235,0.0,0.42515344228947216,0.4088812813032194,0.425010568147506,0.41995825472860293,0.403431498969268,0.42087504550182653,0.43732813202471427,0.3987007235356346,0.3875306672537465,0.3981771471772048,0.3847486098100545,0.398421723419358,0.3062305745274445,0.3767168016750834,0.3261818218307082,0.3939338614967239,0.39781096443170855,0.3933517079437561,0.39970788918788713,0.3904685379191828,0.3405035483039852,0.3074395929092201,0.37157056827540036,0.43779773037664693,0.42639369092391305,0.45648326784313287,0.4863307482000599,0.48272223736896364,0.6243527946706319,0.2918206462295302,0.0,0.6201277780722603,0.5691546171154975,0.0,0.8470396959698583,0.5190785291870832,0.6077673960906091,0.48221452544021814,0.6149193212862657,0.0,0.5243439880619182,0.3693883161971408,0.5998947582304766,0.0,0.528528641773788,0.7265366458441236,0.0,0.0,0.627938047104126,0.47715946685577687,0.5737088856647211,0.558850978009649,0.504541423160579,0.0,0.5710630876092636,0.5470579453927275,0.49141069859222647,0.5449663903930166,0.5068017661729218,0.6442651425717426,0.5976840776961622
0.46535945786124755,0.0,0.40925752126580855,0.3010789313848014,0.32517272614717757,0.4216516900907875,0.3553749617079175,0.3508849021960879,0.3976962766936044,0.0,0.29783863578020364,0.0,0.38020103002601235,0.0,0.0,0.0,0.0,0.0,0.3422987837074285,0.0,0.4380241399648332,0.0,0.3888381600626485,0.5703192782050818,0.0,0.48135773564606726,0.4199459672168061,0.33717754317116244,0.0,0.0,0.4018993169082334,0.3510891250654721,0.0,0.0,0.0,0.30213529850957616,0.247621974484987,0.0,0.0,0.0,0.0,0.2690282471023576,0.4121420298790172,0.27680811417489054,0.0,0.0,0.0,0.504778646654832,0.0,0.4671255743972577,0.6033275684414976,0.0,0.5439951081930191,0.48047866557962504,0.0,0.44208551208010094,0.0,0.0,0.43265543074133456,0.0,0.0,0.0,0.0,0.0,0.0,0.0,0.0,0.5120564033677715,0.0,0.0,0.0,0.5331086229890002,0.0,0.0,0.0,0.0
0.35423659366170546,0.38016397919522155,0.0,0.4497761414576735,0.0,0.38195665633907655,0.0,0.36521843558878164,0.0,0.5521947166684684,0.0,0.0,0.0,0.0,0.0,0.3554808406853255,0.4436941707889715,0.3644762813130921,0.0,0.29202479414021043,0.3726335342841941,0.3224960185615165,0.2980520789271678,0.4237282226674692,0.35261476026563787,0.3571136728446938,0.30303912625698526,0.37680348402439434,0.33958389106782316,0.0,0.34138917687372966,0.3948617109740086,0.36930401994592854,0.383912689018261,0.4296890692726577,0.4284605214185294,0.0,0.0,0.444141729953912,0.42050196657405625,0.4643791632119475,0.4541202482612994,0.3962694678812587,0.6182429502545859,0.0,0.0,0.4680829778096662,0.0,0.0,0.0,0.44745395213962513,0.0,0.0,0.0,0.0,0.0,0.0,0.5469453050109441,0.0,0.46896913936123397,0.48110909955541376,0.0,0.6547868163971333,0.0,0.4431316673979021,0.456934771849925,0.4761381549688538,0.4581133564368416,0.0,0.48524844739758527,0.49355125622470836,0.45184747898597716,0.4805477176352506,0.4554554030951702,0.4824012824967752,0.47363920144156746
0.3790006057664104,0.36692566921188263,0.0,0.0,0.4273991568943367,0.41016755689498824,0.42879468069950977,0.4487238515567944,0.42118252839096154,0.36553317814598074,0.0,0.0,0.42515344228947216,0.0,0.3554808406853255,0.0,0.3444353622268972,0.31678346549995057,0.0,0.3697131306591843,0.3747897064963192,0.35979404978225626,0.3770771897017119,0.39410430034419924,0.35248774093187973,0.36691684693211823,0.39531480667918273,0.4104644907667463,0.40503569770546166,0.40070039907736027,0.3344942458685069,0.3871624845923138,0.35849516175951407,0.34935622697564456,0.3608846519603208,0.0,0.0,0.0,0.4197297015102409,0.40492180647556125,0.43916970369772557,0.4548570059821067,0.0,0.0,0.0,0.40936531741510124,0.4484809876963025,0.0,0.0,0.0,0.5584994684655805,0.0,0.0,0.0,0.0,0.0,0.0,0.0,0.0,0.4629338104884599,0.4359496398183901,0.0,0.43580869184076293,0.0,0.4655207218780547,0.45743473617136626,0.44216369904428865,0.5543108226125395,0.0,0.4311435269373435,0.455099210447933,0.5138856408071344,0.8335416961027636,0.5010868817008448,0.0,0.4191175590735854
0.0,0.0,0.0,0.0,0.0,0.5789711800642396,0.41388495318622764,0.0,0.5701902461518565,0.2909489173593733,0.5459347471598769,0.33617737894456834,0.4088812813032194,0.0,0.4436941707889715,0.3444353622268972,0.0,0.30438515723284476,0.5867212554536143,0.3573296417942777,0.0,0.34877437217416474,0.5883614691529808,0.3539935343243233,0.31864335427840174,0.3451199238092457,0.581055803329414,0.38897765325816436,0.4258629554588093,0.6818923856038891,0.312835388767065,0.37688548831705154,0.34037478069121696,0.3197628805694037,0.3347170614751212,0.0,0.0,0.32167210274625635,0.0,0.3735894336080085,0.0,0.0,0.0,0.0,0.0,0.0,0.0,0.0,0.0,0.0,0.0,0.0,0.0,0.0,0.4584719496194721,0.0,0.45313213419404424,0.0,0.0,0.0,0.0,0.46578071324556286,0.4427883108967366,0.0,0.0,0.0,0.0,0.0,0.44709497736509063,0.4826340148127013,0.45466511730088816,0.0,0.0,0.0,0.0,0.48852726219188436
0.3735697023038557,0.3709375930122578,0.0,0.0,0.0,0.40675700910848434,0.42547618388322617,0.44881763386950063,0.5238748504045462,0.3335219879959457,0.567880746041518,0.3503695311053699,0.425010568147506,0.0,0.3644762813130921,0.31678346549995057,0.30438515723284476,0.0,0.0,0.37251093204939406,0.4000644566203355,0.3729857291904771,0.40009924228907123,0.3530645258769974,0.3347377003909483,0.3453819445415735,0.40169392299213225,0.4040980554713348,0.4049618767616746,0.41883009765334056,0.3315865005300543,0.40180995883650206,0.34922770271910336,0.34207088445711814,0.37124369914544725,0.0,0.0,0.373660065982051,0.40784090896258873,0.39838651337581305,0.46602305098844565,0.44727599105828625,0.0,0.0,0.0,0.4194208216747401,0.44833460109451856,0.0,0.0,0.0,0.728918146458636,0.0,0.0,0.0,0.4246678229481345,0.0,0.43184029162092974,0.0,0.0,0.5076635306859623,0.4343252054396477,0.43622571905006363,0.4250618229493323,0.0,0.5787073630002355,0.0,0.4361998958842326,0.8715893601379926,0.43285110063047944,0.43792124648638026,0.4383854817977795,0.6758480849689908,0.799098038596821,0.571084229445765,0.0,0.42346681485351956
0.0,0.0,0.27329648951583274,0.4005731889539224,0.3552114348975459,0.3768859952273572,0.38862204272152984,0.40289385331746025,0.2944460749215183,0.4450230097578459,0.2630787591374689,0.48056501567070364,0.41995825472860293,0.3422987837074285,0.0,0.0,0.5867212554536143,0.0,0.0,0.0,0.0,0.0,0.30101338011100615,0.0,0.0,0.6583079418335257,0.3247868643498147,0.4169559401956891,0.0,0.0,0.450383432615852,0.40618362062510815,0.4670386226210702,0.447935587133799,0.43168797231465195,0.36628353905716116,0.4302666358009948,0.4630215411913726,0.486102716721218,0.0,0.6463575226838912,0.8805284466478678,0.465962023463161,0.64643482093081,0.0,0.0,0.0,0.45254819982231903,0.0,0.548611769947358,0.5479333293236843,0.5811803746527057,0.4939173810718143,0.5416191245822027,0.0,0.3756136911086365,0.0,0.599801693072307,0.531456341400703,0.0,0.0,0.0,0.0,0.5132081049079001,0.4331661448343948,0.0,0.0,0.5342952201012521,0.0,0.0,0.0,0.5418698038755726,0.6617798983313188,0.5137067054790069,0.5161339141496976,0.73001053225816
0.4043312756678409,0.39217785177306846,0.0,0.4282782995723405,0.0,0.38057995394537,0.41330095739483447,0.3680058147405187,0.3766854864646675,0.4205618587967278,0.0,0.0,0.403431498969268,0.0,0.29202479414021043,0.3697131306591843,0.3573296417942777,0.37251093204939406,0.0,0.0,0.38588967871815283,0.3290831831920102,0.25414411916731466,0.527506299012747,0.3680669631221563,0.3665529295572463,0.3185093996893656,0.3395164707924229,0.3069979059058539,0.30242933430588265,0.3376568448226565,0.3925008027084882,0.35447572120410153,0.35860476296692406,0.4118695522829433,0.46842750335769195,0.43312545261451085,0.0,0.40578858598858647,0.4083967507089973,0.462720481083149,0.43686927968396805,0.5199772167426163,0.7641650815499315,0.286062491373443,0.0,0.4479894229999501,0.0,0.0,0.0,0.45012416142217915,0.0,0.45971865510872506,0.0,0.0,0.0,0.0,0.5248829485248461,0.0,0.4524873249002226,0.5272981837252887,0.0,0.6484416146165451,0.0,0.4368557094963653,0.44291145889501693,0.4450064518546474,0.46003943411333215,0.0,0.5275498093777644,0.46010176193132934,0.44663904861553844,0.46388289501079183,0.45335309432522936,0.5429965662085752,0.4630487585980048
0.35663852788976363,0.39634253833394956,0.0,0.0,0.5662599036380418,0.3942557054054066,0.4585653851102256,0.40868780522244247,0.48594397526979155,0.0,0.41715250306750556,0.4631930508953097,0.42087504550182653,0.4380241399648332,0.3726335342841941,0.3747897064963192,0.0,0.4000644566203355,0.0,0.38588967871815283,0.0,0.4196978389256897,0.35461295801968806,0.42181156329189545,0.3828689382238735,0.37183345792614203,0.3828052043807338,0.4068979007511139,0.39114006036351046,0.0,0.3254269539527417,0.4080605598597261,0.3935092044360482,0.38406580130740386,0.46702652433330705,0.4624155561525089,0.0,0.5177268554877678,0.4436447422710981,0.4522582499215658,0.48014196881866245,0.0,0.0,0.0,0.0,0.3021291573137914,0.46622876918922274,0.0,0.0,0.0,0.4424910098695311,0.0,0.4389990434697722,0.0,0.0,0.0,0.47734978217952606,0.518974423593254,0.0,0.45397595351836084,0.4557144084843165,0.0,0.5506538027614496,0.0,0.43287452969043705,0.41152557427677144,0.4750419991948812,0.4589199474140205,0.0,0.46283044024104986,0.4731626590392209,0.4538721533824106,0.46082164733461245,0.4548633723830913,0.4762830952364569,0.47890953261692804
0.3749179411718242,0.3753442623888693,0.4207886611453691,0.40206651156550766,0.4046381260473737,0.40065388804481206,0.43579273987906664,0.4055834115008639,0.41160108231385717,0.38061121371789847,0.0,0.0,0.43732813202471427,0.0,0.3224960185615165,0.35979404978225626,0.34877437217416474,0.3729857291904771,0.0,0.3290831831920102,0.4196978389256897,0.0,0.3593547036721643,0.4909360366721424,0.3720656391488383,0.3798492149732899,0.37602790214464454,0.3869318668836703,0.38267975498026474,0.3474484839962632,0.33726001716961806,0.3938636604110082,0.359586282587376,0.3637210412778272,0.41824721629514705,0.46374178228179513,0.4222349347214382,0.0,0.42148489872963874,0.4177111243845202,0.4713715758107594,0.44784935425340744,0.4115338636411385,0.7555468588422172,0.0,0.408822122810738,0.465689366556147,0.0,0.0,0.0,0.45488389014111474,0.0,0.0,0.0,0.0,0.0,0.0,0.6191590692489737,0.0,0.4746082999612379,0.4451312526826485,0.0,0.46163735226349023,0.0,0.445337306965599,0.4654742660910599,0.4683657195487602,0.45735589434955476,0.0,0.4272027204089774,0.4801123276107956,0.4548300602463334,0.48966023211597165,0.45276595916986084,0.4935763227119851,0.44945382457227717
0.40865565000251247,0.38344214008358907,0.2913342868488573,0.3890880006657281,0.3733900939128011,0.3571212711915017,0.394026902341573,0.34497624605157023,0.3622947135780945,0.42582440504523866,0.3124964590744649,0.4705008577077477,0.3987007235356346,0.3888381600626485,0.2980520789271678,0.3770771897017119,0.5883614691529808,0.40009924228907123,0.30101338011100615,0.25414411916731466,0.35461295801968806,0.3593547036721643,0.0,0.44130731965224906,0.3712038743460233,0.37219032001573543,0.28985451539367046,0.3832853433601817,0.3618294995998291,0.3653843038368565,0.38330335854046893,0.3835579216715316,0.346251719391593,0.39909528132768346,0.41429228141983626,0.3854580391143857,0.4036729119694134,0.44872634149268287,0.4759646448735381,0.3672363349607826,0.5046535993462915,0.44746560882320796,0.44026321950899816,0.5213700427803521,0.4974765002994555,0.0,0.46287671049010487,0.5220655557681458,0.0,0.5331687317932164,0.496523570669235,0.5206208970486115,0.47584423681935434,0.5423023920849009,0.6363958424061971,0.4730889918832892,0.0,0.5005650340623431,0.46666528971536564,0.4539819028145629,0.5521573714191511,0.0,0.7820514513130419,0.500316418668304,0.45384739129564444,0.47133716725287955,0.4448894500337047,0.48728792164491963,0.0,0.5604932498600822,0.45718542138888985,0.49056049874459173,0.48527626674266755,0.4733034629806986,0.48739286366966966,0.49354257244492644
0.32132715325068334,0.0,0.5589422659137862,0.0,0.0,0.0,0.0,0.4548077749508484,0.47247296573084524,0.28354537977266175,0.46020064096157426,0.2623696230687635,0.3875306672537465,0.5703192782050818,0.4237282226674692,0.39410430034419924,0.3539935343243233,0.3530645258769974,0.0,0.527506299012747,0.42181156329189545,0.4909360366721424,0.44130731965224906,0.0,0.35685165774897476,0.3120993860058412,0.4778797326194947,0.3323413820835774,0.5329574503723894,0.0,0.3362871157499014,0.2915999116501091,0.27003911325504265,0.22168216214466824,0.16705002099327917,0.5119288876570026,0.19771566439472354,0.22504754036409305,0.2572975000571304,0.3145526600975542,0.21190591927769464,0.0,0.28854052673087266,0.25887241435678426,0.20469385665304632,0.37079009381281725,0.4246583733810461,0.0,0.0,0.0,0.0,0.0,0.0,0.0,0.41403997010890486,0.0,0.3900302046240537,0.0,0.0,0.0,0.4549384937981728,0.47075137622248747,0.44849163998095337,0.0,0.0,0.0,0.0,0.0,0.33077374610107513,0.4484668288626643,0.4236767292553938,0.0,0.262298189509187,0.0,0.0,0.3927391805815111
0.3666695826774556,0.34715361567531255,0.5218358724856146,0.0,0.3964291927829783,0.35947992682388513,0.39941343566914733,0.40938481853762804,0.40719134897321296,0.31134399407115115,0.5374980824055905,0.32356550828965575,0.3981771471772048,0.0,0.35261476026563787,0.35248774093187973,0.31864335427840174,0.3347377003909483,0.0,0.3680669631221563,0.3828689382238735,0.3720656391488383,0.3712038743460233,0.35685165774897476,0.0,0.3162309970649795,0.3625724575298612,0.39447773980542344,0.38254462659375743,0.4619738686544122,0.3451705457159713,0.36891252270542146,0.32858332376204114,0.3428873753992638,0.36430737614669056,0.0,0.0,0.3375525837798766,0.44833980685964936,0.41017685732645065,0.4584342838880151,0.4751403158409358,0.0,0.0,0.0,0.4098446260974879,0.46696571897148553,0.0,0.0,0.0,0.5796443961912428,0.0,0.0,0.0,0.4578380066033952,0.0,0.44999782317526626,0.541769570461589,0.0,0.4473061639695314,0.4472816111900493,0.46327340156927566,0.4438075679782471,0.0,0.446249347433998,0.46816461451234614,0.436116822449829,0.5402489931055849,0.441612273628152,0.4511439911476077,0.4488503133164386,0.5499572782682324,0.48969527237498234,0.4422827277626256,0.0,0.42931131840132525
0.3366023747845134,0.3452715983130772,0.0,0.0,0.0,0.3535943925392935,0.393647176534244,0.4341883849123824,0.41676581531522233,0.28345059729519667,0.5821108576264394,0.2631352474336017,0.3847486098100545,0.48135773564606726,0.3571136728446938,0.36691684693211823,0.3451199238092457,0.3453819445415735,0.6583079418335257,0.3665529295572463,0.37183345792614203,0.3798492149732899,0.37219032001573543,0.3120993860058412,0.3162309970649795,0.0,0.3706398888268675,0.38669552668964113,0.3767032153509284,0.43680162998353594,0.3383177322273184,0.37674654687445663,0.34508082839115267,0.3473778087570562,0.38820512683768577,0.4298463861755856,0.0,0.3482268758599392,0.42649743890684616,0.421572294041739,0.45362084745430764,0.42879330891914946,0.0,0.0,0.3818358782440535,0.40047774269029046,0.45937465007381273,0.0,0.0,0.0,0.4633163730734751,0.0,0.0,0.0,0.4582657783611027,0.0,0.44679536361770866,0.0,0.0,0.496769379019031,0.4497575391595723,0.4668213997389957,0.444390062083957,0.0,0.4592204575828115,0.45963128294727573,0.48469523073676424,0.46428127583242745,0.42677644081636795,0.44869219026885837,0.4460198224889689,0.45600110181088765,0.4664452675819497,0.4415052320066199,0.0,0.4289293303337872
0.4228595592225401,0.37503042645860374,0.2829719189507754,0.3994920183042542,0.3681300283060559,0.34408631655718896,0.3932089217450163,0.3940427617098084,0.34734667579809886,0.4311849261931668,0.36279872799337143,0.48442492157077793,0.398421723419358,0.4199459672168061,0.30303912625698526,0.39531480667918273,0.581055803329414,0.40169392299213225,0.3247868643498147,0.3185093996893656,0.3828052043807338,0.37602790214464454,0.28985451539367046,0.4778797326194947,0.3625724575298612,0.3706398888268675,0.0,0.3869688114859386,0.32995207816281413,0.3714180344138554,0.35513676561184127,0.3776786896477798,0.3308258468964848,0.378190537776215,0.3903747266704576,0.4214565232121903,0.41070085208127377,0.4456504530920735,0.46753539962331786,0.3893306287565085,0.47864311553352523,0.4475355760081356,0.42475186719760305,0.6262676521790924,0.0,0.0,0.4811538658365097,0.538041006598477,0.0,0.55969125443758,0.49827843466608207,0.519393283480548,0.4695957760037512,0.5382642562822447,0.0,0.5067415786270142,0.0,0.49596345068359465,0.0,0.44687054309659885,0.6247574540449422,0.0,0.0,0.5451958937255337,0.44659349701350276,0.45878016273529687,0.4462395169538043,0.4940911787740115,0.0,0.0,0.4502475236509401,0.47969824493493324,0.4819000683770732,0.4661666923308752,0.48500701384576556,0.48510788841510494
0.431557524214826,0.4012471915393143,0.41907226030158873,0.2529940137699805,0.3780064555963257,0.3637919835044442,0.3499914748660683,0.4087942596090166,0.41937601096704386,0.3682645465767342,0.43013319056067023,0.33450976007584005,0.3062305745274445,0.33717754317116244,0.37680348402439434,0.4104644907667463,0.38897765325816436,0.4040980554713348,0.4169559401956891,0.3395164707924229,0.4068979007511139,0.3869318668836703,0.3832853433601817,0.3323413820835774,0.39447773980542344,0.38669552668964113,0.3869688114859386,0.0,0.30654361747153885,0.2839844621154355,0.3582384576005977,0.38440828341216454,0.35119894703044985,0.37319787571612373,0.3585327972365944,0.27737367609432484,0.2651803696005686,0.32901716193267627,0.3411568367182776,0.2977484777499682,0.37091037696367324,0.39778109115740296,0.41647146512853433,0.4596405272654212,0.22203976901015623,0.0,0.6349805085814207,0.5976920219127824,0.0,0.0,0.4856081295159082,0.6053728214631888,0.4607635534711946,0.6340395621474912,0.2908495690773933,0.608010758372188,0.32105845028987046,0.5057945729991022,0.0,0.452413699973277,0.8064240494098022,0.0,0.0,0.0,0.4294369172045757,0.4672276104498742,0.45307516519202257,0.4872676343252969,0.0,0.5335442954366122,0.4980496250303084,0.4749769714125243,0.4448860116530276,0.46636048079555786,0.5678616679928085,0.5029616989551146
0.42762822658741195,0.3888858110888667,0.4159809109745864,0.46515691634340955,0.0,0.3469360278862591,0.4049078836306605,0.37819425497438897,0.3912479668337855,0.44913283227092615,0.6160942026128482,0.5146885313599161,0.3767168016750834,0.0,0.33958389106782316,0.40503569770546166,0.4258629554588093,0.4049618767616746,0.0,0.3069979059058539,0.39114006036351046,0.38267975498026474,0.3618294995998291,0.5329574503723894,0.38254462659375743,0.3767032153509284,0.32995207816281413,0.30654361747153885,0.0,0.3142768008171949,0.3496871175396527,0.3798772313876523,0.329223907681211,0.37953669462885226,0.4090818435390978,0.4322151591663234,0.41008194737655523,0.42539443802367016,0.4433824193556587,0.4249434980763645,0.48848416650128945,0.47680093062513235,0.45105035489132117,0.6652223645772886,0.0,0.0,0.4573693493519346,0.5399672422310305,0.0,0.0,0.47024999917949356,0.5578649977053342,0.46776113717556184,0.5927862416240423,0.0,0.0,0.0,0.5059475805547843,0.0,0.4462623181350348,0.5830038492385957,0.0,0.6728820411439951,0.5278173804252602,0.4444097638954723,0.44976250913191046,0.4334697286995475,0.4741316364288457,0.0,0.5874083094580229,0.4476367405055894,0.46491742262830515,0.4739013517606843,0.4567733352964398,0.49351483837516846,0.47816278806557727
0.0,0.0,0.43974968284649024,0.38843039233751697,0.0,0.39811712000576516,0.38391019461874826,0.3837442372804758,0.4267631819613388,0.47304780761195037,0.0,0.0,0.3261818218307082,0.0,0.0,0.40070039907736027,0.6818923856038891,0.41883009765334056,0.0,0.30242933430588265,0.0,0.3474484839962632,0.3653843038368565,0.0,0.4619738686544122,0.43680162998353594,0.3714180344138554,0.2839844621154355,0.3142768008171949,0.0,0.3203950590581657,0.3908049156773696,0.0,0.36846464020632347,0.40313937122543775,0.5128112031279561,0.0,0.0,0.0,0.0,0.0,0.0,0.0,0.2793203280066189,0.0,0.0,0.0,0.0,0.0,0.0,0.5383261990907207,0.0,0.0,0.0,0.0,0.0,0.26185242707166345,0.0,0.0,0.0,0.0,0.0,0.0,0.0,0.0,0.3836246653969372,0.0,0.48824925043393985,0.0,0.0,0.0,0.48082197201522503,0.0,0.48054622884437176,0.0,0.0
0.31001783060117555,0.323589457075743,0.43877792683991396,0.3498427703142292,0.4476157981372715,0.42583646501189465,0.4045074094481972,0.4171543047467239,0.4453142518362797,0.3014800112477136,0.47173882815555207,0.3234842565124831,0.3939338614967239,0.4018993169082334,0.34138917687372966,0.3344942458685069,0.312835388767065,0.3315865005300543,0.450383432615852,0.3376568448226565,0.3254269539527417,0.33726001716961806,0.38330335854046893,0.3362871157499014,0.3451705457159713,0.3383177322273184,0.35513676561184127,0.3582384576005977,0.3496871175396527,0.3203950590581657,0.0,0.3750121151984334,0.28725491055712693,0.26420152823712734,0.19935771238508931,0.44297962530382556,0.3437922034863735,0.3038056115059589,0.39182072874349433,0.3455992256508071,0.4238501379866462,0.32225823766752587,0.5002495547487693,0.0,0.0,0.0,0.42547744038432234,0.6562474691662888,0.0,0.0,0.5136232837885345,0.7755181402278839,0.48664955304115914,0.7534361476020952,0.43201419077068337,0.8872115135283688,0.41334866638939316,0.5854558335910831,0.0,0.4195062471494575,0.40918113653052457,0.0,0.4423794802213392,0.0,0.43709149566863936,0.3827493021913779,0.4304737027338422,0.5087142997697802,0.3809236725894798,0.42814950560075343,0.43237812248097673,0.49887790856780007,0.46964320762362616,0.47977352282787095,0.6012107603889167,0.5073044467641088
0.38145314081711273,0.3612250182651518,0.4128669640148195,0.3138760187800245,0.38350195381854935,0.40270098458758546,0.3877136629361897,0.42196029408143226,0.42245360727490805,0.30938189502794067,0.42507637927559583,0.281095141434244,0.39781096443170855,0.3510891250654721,0.3948617109740086,0.3871624845923138,0.37688548831705154,0.40180995883650206,0.40618362062510815,0.3925008027084882,0.4080605598597261,0.3938636604110082,0.3835579216715316,0.2915999116501091,0.36891252270542146,0.37674654687445663,0.3776786896477798,0.38440828341216454,0.3798772313876523,0.3908049156773696,0.3750121151984334,0.0,0.3363185358404294,0.3680592496876238,0.3789819467489857,0.30048293539075444,0.30771528134077547,0.2556856731221864,0.2702041596753055,0.29327392286698173,0.3265284782710962,0.3468632131744997,0.3288944453954736,0.28882260335042786,0.2795481145225055,0.42373882089682047,0.45038919046340253,0.5296459129459429,0.0,0.5885935433732742,0.4735622668845584,0.5278039690190315,0.47371479696939217,0.5162438914324791,0.31344780648055626,0.4740374374243212,0.2752876012431731,0.42581545488628497,0.0,0.46050778413587135,0.433021360339713,0.41440610840645764,0.40423574544509805,0.5222333040287516,0.43079368887588987,0.42769119613835027,0.4351459396228775,0.5051088246645504,0.0,0.4245897237138062,0.42580499787092946,0.4729008626371569,0.365447900279395,0.4692129898384988,0.4613099849636352,0.4823036699915857
0.35618133149257863,0.33232151947513006,0.44756557708285066,0.0,0.4161692588555859,0.35990148603849903,0.3927766619048433,0.367833423777076,0.4150817982501905,0.33776739069377804,0.4515554496487085,0.3300763364614266,0.3933517079437561,0.0,0.36930401994592854,0.35849516175951407,0.34037478069121696,0.34922770271910336,0.4670386226210702,0.35447572120410153,0.3935092044360482,0.359586282587376,0.346251719391593,0.27003911325504265,0.32858332376204114,0.34508082839115267,0.3308258468964848,0.35119894703044985,0.329223907681211,0.0,0.28725491055712693,0.3363185358404294,0.0,0.26522617620099936,0.35811441765220964,0.3708109261135026,0.3270611886254782,0.17870222729851762,0.28873006081528674,0.2757721288295997,0.3353046344029842,0.39321017268190184,0.0,0.30199264220031335,0.26126308004493515,0.396713829277059,0.4322678304604451,0.0,0.0,0.0,0.4024511748009652,0.0,0.0,0.0,0.4156017279054855,0.0,0.4215509851133941,0.39731400657289573,0.0,0.45665708375416025,0.411681360710413,0.4106544277704286,0.3912430360004187,0.0,0.4272607629041985,0.4396481678651482,0.4331087891697087,0.4328901959117183,0.368163631439998,0.4063052196042384,0.41798046209879663,0.3664206048358545,0.3147366790235276,0.42301288914107704,0.0,0.3807374258204253
0.33894497797644363,0.3399372849689241,0.4408998189989544,0.3058192106544118,0.4420231403790971,0.4155333924177928,0.40082290262386916,0.4363338779714619,0.4466052353273724,0.3226105346005501,0.4611148016919824,0.25032075770586704,0.39970788918788713,0.0,0.383912689018261,0.34935622697564456,0.3197628805694037,0.34207088445711814,0.447935587133799,0.35860476296692406,0.38406580130740386,0.3637210412778272,0.39909528132768346,0.22168216214466824,0.3428873753992638,0.3473778087570562,0.378190537776215,0.37319787571612373,0.37953669462885226,0.36846464020632347,0.26420152823712734,0.3680592496876238,0.26522617620099936,0.0,0.29913579677094637,0.4165613107972693,0.3466305766043585,0.2083788232666871,0.31160126065840177,0.2879903890856764,0.24629012798596278,0.31601035773564756,0.35336918118367944,0.3302988496421869,0.22738715097371137,0.0,0.44360532184921325,0.6816495102973225,0.0,0.6283787874928546,0.500927526830927,0.5597912364267812,0.48092512070734855,0.6129090251788203,0.34351604285594584,0.5943465503328311,0.30878546410220503,0.4590679636966942,0.0,0.4692024947117014,0.4340895761037558,0.0,0.42558769492173265,0.8315940101098207,0.4258966360750417,0.4342045408905996,0.45361475636432247,0.4908713142846306,0.3090993630033174,0.4380057644358047,0.4508358649153387,0.4907392206435257,0.3782438767115269,0.4790677133476096,0.0,0.34632891843001257
0.3793303127493452,0.0,0.44690750911589705,0.36217799603209777,0.42841299032107427,0.41732470903332397,0.39778243290451437,0.4254306153234241,0.44128731820436157,0.3083937954434926,0.4493242521832971,0.29402079236515605,0.3904685379191828,0.0,0.4296890692726577,0.3608846519603208,0.3347170614751212,0.37124369914544725,0.43168797231465195,0.4118695522829433,0.46702652433330705,0.41824721629514705,0.41429228141983626,0.16705002099327917,0.36430737614669056,0.38820512683768577,0.3903747266704576,0.3585327972365944,0.4090818435390978,0.40313937122543775,0.19935771238508931,0.3789819467489857,0.35811441765220964,0.29913579677094637,0.0,0.445062328267165,0.36517405072428194,0.249603982241263,0.29394504819941913,0.30959819730713056,0.3189896390652884,0.36297822260522133,0.34714372974332725,0.3341858771584719,0.2824268719103251,0.0,0.4634161972984359,0.6550015419137845,0.0,0.4367962664920129,0.467917443076774,0.4785183593585437,0.0,0.638012959745795,0.3392934680935689,0.5096241390622586,0.29367857698419064,0.46371006642562784,0.0,0.48602825774770225,0.4545039334588436,0.0,0.4261927769947927,0.6521452834568934,0.4723615028176904,0.0,0.44440191142922064,0.45306867141728746,0.0,0.42974529961122676,0.4200529959495753,0.4643422195923585,0.4041669316867329,0.5034074555667422,0.0,0.0
