0.0,0.36176341428568715,0.0,0.0,0.0,0.3992183673910539,0.0,0.45111699556795964,0.0,0.3928291164632626,0.0,0.3771316543728271,0.4368313136214722,0.45832247728233966,0.3657901241665635,0.37944041172699444,0.38080566139106914,0.3599772405547717,0.0,0.3741064008912913,0.35221329776958277,0.3682239755427466,0.4209893608492118,0.37532047586967354,0.3613972247675158,0.3563235937879706,0.39763670358373887,0.4310646171187918,0.3996311848982459,0.0,0.3482854810000873,0.4054307691756444,0.34892427979306007,0.35834436793929647,0.418861311938085,0.47000439099365904,0.0,0.42055382173823624,0.42402758822577963,0.38338554133565017,0.4191535699801814,0.0,0.0,0.0,0.0,0.3930622722208654,0.43716034400938836,0.0,0.0,0.0,0.0,0.0,0.0,0.0,0.0,0.0,0.0,0.0,0.0,0.0,0.4383707327153785,0.0,0.4292308463957967,0.0,0.0,0.21013935914525073,0.4127287363266622,0.0,0.0,0.43645937987333383,0.452469142682114,0.0,0.0,0.0,0.0,0.0
0.36176341428568715,0.0,0.0,0.0,0.38140762374825343,0.3678937911418943,0.3992029556387586,0.434458161028621,0.37753314472600263,0.3944731113753539,0.0,0.0,0.38802143000833694,0.0,0.4043757362415883,0.35824258687541005,0.41275871970739164,0.3660294133251949,0.0,0.39969413109159213,0.3888096868143455,0.37499294466562066,0.3856103844815575,0.4133965020968194,0.3561293751337449,0.3945310552855219,0.38301470668006865,0.38570419878444506,0.3872728490767375,0.0,0.3502743677765465,0.4137251201920075,0.36882484089857553,0.35709174940650107,0.422980280435904,0.0,0.0,0.0,0.4458975737078914,0.4270136710287764,0.439514331178718,0.4543714878921714,0.0,0.0,0.0,0.4144664265498462,0.4283158444911285,0.0,0.0,0.0,0.0,0.0,0.0,0.0,0.0,0.0,0.0,0.0,0.0,0.4535414661813149,0.4255496998701514,0.0,0.4177838921342848,0.0,0.0,0.42014944545968175,0.43411863899794284,0.4554799189391404,0.0,0.42927404810221903,0.4464633110137759,0.0,0.0,0.4459204266487571,0.0,0.4116213964524889
0.0,0.0,0.0,0.0,0.39149599918427996,0.38964411301401486,0.3981962149733028,0.44545224481385826,0.28191431878084444,0.0,0.3332732495898427,0.0,0.3977220743645345,0.4009510780244655,0.0,0.0,0.0,0.0,0.29585174595604824,0.0,0.0,0.0,0.30866264773969104,0.0,0.0,0.0,0.3373062648578638,0.40809080929173913,0.0,0.0,0.41315583944921686,0.3851775950063545,0.0,0.4138398185418553,0.39344421236847044,0.4010538868796594,0.0,0.0,0.0,0.0,0.0,0.0,0.5117638408253956,0.0,0.0,0.0,0.0,0.47752977121287044,0.0,0.0,0.44977993099582025,0.0,0.5183179584122938,0.5487108185631561,0.0,0.454436168495283,0.0,0.48846845667192207,0.6182785615205078,0.0,0.0,0.0,0.0,0.4417293480058925,0.0,0.0,0.0,0.4497501573656065,0.0,0.0,0.0,0.4781214582920643,0.0,0.0,0.0,0.0
0.0,0.0,0.0,0.0,0.2323914888782082,0.0,0.27072037267355226,0.38984731160653074,0.0,0.0,0.35953956333450837,0.0,0.277663340419117,0.2867473754421632,0.0,0.0,0.0,0.0,0.0,0.0,0.0,0.0,0.3874012373139523,0.0,0.0,0.0,0.0,0.255307825672884,0.0,0.0,0.0,0.21816131036214093,0.0,0.0,0.22457862401537282,0.19033251783263078,0.1893890848386921,0.0,0.0,0.0,0.0,0.0,0.0,0.0,0.0,0.0,0.0,0.0,0.0,0.0,0.0,0.0,0.0,0.0,0.0,0.0,0.0,0.0,0.0,0.0,0.0,0.0,0.0,0.0,0.0,0.0,0.0,0.0,0.0,0.0,0.0,0.0,0.0,0.0,0.0,0.0
0.0,0.38140762374825343,0.39149599918427996,0.2323914888782082,0.0,0.3884394432114618,0.32619916632321544,0.3619722832242727,0.3546360784717674,0.0,0.33886861031106624,0.0,0.3300368631179718,0.2653288257385514,0.0,0.0,0.0,0.0,0.3637225327315587,0.3668953560561516,0.0,0.3676957841728149,0.3754210372358141,0.0,0.0,0.0,0.4162743948937002,0.34713446211224636,0.0,0.33610991949783914,0.3912061825910684,0.3741920836503615,0.0,0.37849962496307465,0.35949572361110393,0.1960210441053798,0.20188076790461784,0.0,0.0,0.0,0.0,0.0,0.0,0.0,0.0,0.0,0.0,0.0,0.0,0.0,0.0,0.0,0.0,0.0,0.0,0.0,0.0,0.0,0.0,0.0,0.0,0.0,0.0,0.0,0.0,0.0,0.0,0.46424059227832754,0.0,0.0,0.0,0.0,0.0,0.0,0.0,0.0
0.3992183673910539,0.3678937911418943,0.38964411301401486,0.0,0.3884394432114618,0.0,0.3989700737572199,0.3922485143049888,0.3516741591171592,0.4100214875399721,0.3933498977346768,0.0,0.3606361648336453,0.3777972862414135,0.39517746750547633,0.37272423919463243,0.0,0.373995381029467,0.3666856154180377,0.38809689438978107,0.38279216231431973,0.39343743438676726,0.39475873016921403,0.0,0.34780967375171434,0.3899360950254127,0.3580496025314025,0.3548355364822992,0.299545071182269,0.38606169633879484,0.40608701621641047,0.38616172313002567,0.36272749517076786,0.406825618976332,0.4048183959471937,0.3857376128455575,0.4039397825204706,0.4438111284776957,0.41063906681944645,0.0,0.4628137272697615,0.0,0.45051912276407946,0.0,0.0,0.49863281735683934,0.0,0.5058997788415069,0.0,0.0,0.45048805757440796,0.4962327314320894,0.46754781048023997,0.46912258325733375,0.0,0.4666079782878759,0.0,0.4882116612229572,0.0,0.0,0.0,0.0,0.0,0.49002681769348627,0.0,0.0,0.0,0.4573236801235354,0.0,0.0,0.47303260801792135,0.4538697748715583,0.46438211564331744,0.42974304061087276,0.5351487473291735,0.45343645421056994
0.0,0.3992029556387586,0.3981962149733028,0.27072037267355226,0.32619916632321544,0.3989700737572199,0.0,0.37815616461220425,0.3681704994138254,0.0,0.40281767493745846,0.0,0.3293164564758137,0.32484654503915306,0.42245174578480715,0.4237015001157569,0.0,0.4270408353822939,0.4168863955891333,0.4101562375921122,0.43431498625150644,0.4191219941451943,0.38623456942464485,0.0,0.387302797009022,0.40495510704235144,0.40071607423642674,0.3417539798113918,0.3920080340505585,0.3793218335678712,0.398223164043254,0.38153815613538533,0.0,0.3970459839078078,0.3821075902249544,0.2675773740642764,0.2476858595718591,0.0,0.0,0.0,0.0,0.0,0.0,0.0,0.0,0.0,0.0,0.0,0.0,0.0,0.4879493343538746,0.0,0.0,0.0,0.0,0.0,0.0,0.0,0.0,0.0,0.0,0.0,0.0,0.0,0.0,0.0,0.0,0.462046078153114,0.0,0.0,0.0,0.0,0.0,0.0,0.0,0.0
0.45111699556795964,0.434458161028621,0.44545224481385826,0.38984731160653074,0.3619722832242727,0.3922485143049888,0.37815616461220425,0.0,0.44863252480472504,0.5037286561309642,0.3110322441357295,0.5235903303279312,0.38984106819882114,0.33502339212581156,0.34783258571205417,0.44762186620334254,0.0,0.0,0.4646677850242213,0.35311950654806895,0.34946505700782754,0.4184016943378415,0.3286569473867251,0.47652809126554757,0.4300987233633786,0.448181964498185,0.4290395579509815,0.3793419711730392,0.3363079172252543,0.3766779730082403,0.4018956146369989,0.3929005084104554,0.4769653961711577,0.39819670151622516,0.4260188090171459,0.2837817782146025,0.0,0.0,0.4093844691775081,0.0,0.0,0.0,0.4156875210166423,0.0,0.0,0.3907870774427238,0.0,0.5260135461265013,0.0,0.494955070503699,0.44575076941259206,0.49627442211731065,0.44225911369149434,0.5263854631250816,0.0,0.44594932151115935,0.0,0.47210222532611257,0.42920037678399814,0.4083427653566044,0.0,0.0,0.0,0.5017598749047676,0.0,0.4018790645733255,0.0,0.4680548580676662,0.0,0.0,0.5211561056080928,0.46116633097315113,0.46531021354193086,0.0,0.5232203961854399,0.49787909732138796
0.0,0.37753314472600263,0.28191431878084444,0.0,0.3546360784717674,0.3516741591171592,0.3681704994138254,0.44863252480472504,0.0,0.41558628126805414,0.3524235211961545,0.0,0.3557351158344723,0.3788603232581228,0.0,0.0,0.0,0.0,0.28863384275934606,0.37342066260075424,0.47463989314086447,0.3824602301991037,0.37842256598462265,0.0,0.0,0.43637552139401037,0.36178894748974194,0.40275031346301027,0.3481079021205309,0.0,0.40523733634525383,0.3816271917465205,0.0,0.40723374449448324,0.40465010002367774,0.3894224475986099,0.3920701723790258,0.4004905460079819,0.0,0.0,0.0,0.0,0.45027471531382374,0.0,0.0,0.0,0.0,0.5050430665045892,0.0,0.0,0.4523367452028708,0.5070984703081168,0.4551286194119523,0.5066372921068129,0.0,0.47544361316207123,0.0,0.0,0.479494070830941,0.0,0.0,0.0,0.0,0.5009471598031013,0.0,0.0,0.0,0.4517185604612705,0.0,0.0,0.0,0.43907595697977136,0.0,0.0,0.0,0.0
0.3928291164632626,0.3944731113753539,0.0,0.0,0.0,0.4100214875399721,0.0,0.5037286561309642,0.41558628126805414,0.0,0.0,0.26177391804028943,0.33018204076928936,0.0,0.0,0.3695755409291136,0.28057790035133356,0.3332491028140987,0.0,0.0,0.4516032111332253,0.40238042140488733,0.4063884879084828,0.3049415605031337,0.30560530449009754,0.32422067410595734,0.0,0.3468453289946804,0.0,0.0,0.304071154053465,0.3398266115668641,0.2967675642732012,0.2963393111354661,0.29265778856510444,0.2971557704316293,0.3091991817916757,0.2562382100085072,0.40269901762344906,0.3397231579869575,0.36403967627425726,0.3427052685761552,0.0,0.0,0.3077101582924098,0.41967450873531825,0.4267366865780486,0.0,0.0,0.0,0.0,0.0,0.0,0.0,0.39839981544978265,0.0,0.4139480060420079,0.0,0.0,0.0,0.40756206466285516,0.4064801920000897,0.3786051919807368,0.0,0.0,0.0,0.0,0.0,0.458722455980245,0.4130525093888272,0.43055655644673324,0.0,0.0,0.0,0.0,0.37668707893027964
0.0,0.0,0.3332732495898427,0.35953956333450837,0.33886861031106624,0.3933498977346768,0.40281767493745846,0.3110322441357295,0.3524235211961545,0.0,0.0,0.0,0.3865878364533025,0.23906081515308078,0.0,0.0,0.0,0.0,0.2977661304137534,0.0,0.0,0.0,0.25805822477416573,0.0,0.0,0.0,0.38494716666875695,0.38510062730061595,0.0,0.0,0.3931649110772883,0.39482114612263536,0.0,0.39396846152978315,0.3648396831819056,0.2993557910941789,0.37890090369115437,0.0,0.0,0.0,0.0,0.0,0.40440525467066324,0.0,0.0,0.0,0.0,0.4694895385798752,0.0,0.0,0.43469236258951943,0.0,0.0,0.46807037852012584,0.0,0.40866483771541445,0.0,0.0,0.42527198504207214,0.0,0.0,0.0,0.0,0.4292312616486825,0.0,0.0,0.0,0.44666744462754954,0.0,0.0,0.0,0.4395517839861966,0.0,0.0,0.0,0.0
0.3771316543728271,0.0,0.0,0.0,0.0,0.0,0.0,0.5235903303279312,0.0,0.26177391804028943,0.0,0.0,0.0,0.0,0.0,0.0,0.34951963449760265,0.34242694675361757,0.0,0.0,0.4676551149320232,0.0,0.5167389366480403,0.2583857535122538,0.325975454615811,0.28508491344448994,0.0,0.29787895446263585,0.0,0.0,0.30564574449399573,0.2811924911523396,0.2711683482887844,0.22005477140325252,0.2496642952918912,0.273297515291956,0.3010107830349823,0.22603421321024791,0.27220334165102494,0.34565671362697825,0.291943756092131,0.2920616047857707,0.23366937297501691,0.25919767814206557,0.0,0.0,0.0,0.0,0.0,0.0,0.0,0.0,0.0,0.0,0.40409503121387785,0.0,0.40920175445810825,0.0,0.0,0.0,0.0,0.4102119150636838,0.38468550908829935,0.0,0.0,0.0,0.0,0.0,0.44935709899285037,0.4174718885739075,0.4347666084488137,0.0,0.2642600161409277,0.0,0.0,0.3795786986064934
0.4368313136214722,0.38802143000833694,0.3977220743645345,0.277663340419117,0.3300368631179718,0.3606361648336453,0.3293164564758137,0.38984106819882114,0.3557351158344723,0.33018204076928936,0.3865878364533025,0.0,0.0,0.31909118578076634,0.395878388148177,0.4158983191541145,0.0,0.4117249490267275,0.39621737888470454,0.40196203712801926,0.3973003059788239,0.41847377463010244,0.3813863230848403,0.0,0.3751553754421921,0.39208764853018496,0.392979712408199,0.3315053665850398,0.3798670750169804,0.3801083298817043,0.37488508610966836,0.37889718001809947,0.4072121983407965,0.3719096947062814,0.35561949271351134,0.2625930579739812,0.2716669672503105,0.3413813680084507,0.0,0.0,0.0,0.0,0.0,0.0,0.0,0.0,0.0,0.54804622038172,0.0,0.0,0.47153630940120916,0.0,0.0,0.0,0.0,0.0,0.0,0.0,0.0,0.0,0.0,0.0,0.0,0.0,0.0,0.0,0.0,0.4469968053531315,0.0,0.0,0.0,0.4557601994389666,0.0,0.0,0.0,0.0
0.45832247728233966,0.0,0.4009510780244655,0.2867473754421632,0.2653288257385514,0.3777972862414135,0.32484654503915306,0.33502339212581156,0.3788603232581228,0.0,0.23906081515308078,0.0,0.31909118578076634,0.0,0.0,0.0,0.0,0.0,0.3782093092539426,0.0,0.39540985385790345,0.0,0.33991123676266255,0.5866524109156785,0.0,0.0,0.42523640767661,0.30232985698547876,0.0,0.0,0.0,0.0,0.0,0.0,0.0,0.19893911744150683,0.18172865964105028,0.0,0.0,0.0,0.0,0.0,0.0,0.0,0.0,0.0,0.0,0.0,0.0,0.0,0.0,0.4684111036760337,0.0,0.0,0.0,0.0,0.0,0.0,0.0,0.0,0.0,0.0,0.0,0.0,0.0,0.0,0.0,0.0,0.0,0.0,0.0,0.0,0.0,0.0,0.0,0.0
0.3657901241665635,0.4043757362415883,0.0,0.0,0.0,0.39517746750547633,0.42245174578480715,0.34783258571205417,0.0,0.0,0.0,0.0,0.395878388148177,0.0,0.0,0.40129429419740237,0.0,0.3936584153192293,0.0,0.3290418190685117,0.36256229781183114,0.3585673617404301,0.34495536207126276,0.0,0.37821683978912124,0.3736919824158512,0.40019859510568956,0.36739017594051426,0.3615011087827969,0.3413816762580489,0.39103942630814925,0.4384757454910303,0.38373750086429886,0.425358166878797,0.4584246368235752,0.4796778099530141,0.5101885169556469,0.0,0.45837389048439925,0.41352578435084736,0.4647779772100195,0.476865698877191,0.0,0.0,0.0,0.0,0.4786648743306273,0.0,0.0,0.0,0.0,0.0,0.0,0.0,0.0,0.0,0.0,0.0,0.0,0.43416561172806734,0.0,0.0,0.0,0.0,0.45319899209769077,0.4310806875834233,0.44997716230583196,0.41712740022506506,0.0,0.0,0.4844349064996009,0.41329178182730003,0.0,0.39850265647055994,0.0,0.0
0.37944041172699444,0.35824258687541005,0.0,0.0,0.0,0.37272423919463243,0.4237015001157569,0.44762186620334254,0.0,0.3695755409291136,0.0,0.0,0.4158983191541145,0.0,0.40129429419740237,0.0,0.36775574918757586,0.3405534138094051,0.0,0.39423484167643863,0.38293362231930633,0.36907332352755867,0.3868852964040068,0.4087942968593767,0.3547253503008347,0.40840951974097345,0.39292524098790377,0.41778231646193237,0.4033829808038858,0.41141192425770096,0.3681889007710083,0.4393084174259674,0.39551209963741973,0.37934815197559946,0.44974929031125543,0.0,0.0,0.0,0.4545439420659855,0.4283314874122037,0.43645227482697685,0.44343208778631865,0.0,0.0,0.0,0.4164769652569124,0.4428202569024276,0.0,0.0,0.0,0.0,0.0,0.0,0.0,0.0,0.0,0.0,0.0,0.0,0.46568011132987885,0.4281294971314767,0.0,0.419172603129254,0.0,0.0,0.0,0.44452678923664946,0.0,0.0,0.436784444476601,0.4484505428283852,0.0,0.0,0.0,0.0,0.4260496787746777
0.38080566139106914,0.41275871970739164,0.0,0.0,0.0,0.0,0.0,0.0,0.0,0.28057790035133356,0.0,0.34951963449760265,0.0,0.0,0.0,0.36775574918757586,0.0,0.3083753162048537,0.0,0.0,0.0,0.3960050496330135,0.0,0.37380758459880764,0.3137124856547346,0.34646686723769565,0.0,0.0,0.0,0.0,0.3266103396998017,0.4273683519323185,0.3525802054583541,0.347074440586221,0.36904981570415407,0.0,0.0,0.0,0.0,0.36734338873239764,0.0,0.0,0.0,0.0,0.0,0.4637113041123236,0.0,0.0,0.0,0.0,0.0,0.0,0.0,0.0,0.4326584248223965,0.0,0.4713602386592978,0.0,0.0,0.0,0.39158183819528275,0.0,0.3825885136587139,0.0,0.0,0.0,0.0,0.0,0.4803786204551306,0.3848880489302993,0.41461264592333336,0.0,0.0,0.0,0.0,0.0
0.3599772405547717,0.3660294133251949,0.0,0.0,0.0,0.373995381029467,0.4270408353822939,0.0,0.0,0.3332491028140987,0.0,0.34242694675361757,0.4117249490267275,0.0,0.3936584153192293,0.3405534138094051,0.3083753162048537,0.0,0.0,0.3941816440773175,0.3795564052120274,0.38302555404225297,0.3986806675732476,0.33554048534817466,0.3237949089615958,0.35659963385991583,0.3884557390574605,0.4032670045999068,0.39414834702230017,0.4315931151087634,0.35639385127752715,0.42763919263636985,0.3553122427485762,0.3698965346076179,0.3977483205961358,0.0,0.0,0.0,0.4075350234782603,0.34767463138333143,0.374323619198202,0.0,0.0,0.0,0.0,0.40511959415445276,0.4094666045774668,0.0,0.0,0.0,0.0,0.0,0.0,0.0,0.3833483745129575,0.0,0.4007796453997589,0.0,0.0,0.0,0.38770795777225353,0.3709386244445194,0.36970095076528486,0.0,0.0,0.0,0.3962020886986161,0.0,0.44894211850662674,0.38768538874351455,0.4103837269422468,0.0,0.0,0.0,0.0,0.39338399565802484
0.0,0.0,0.29585174595604824,0.0,0.3637225327315587,0.3666856154180377,0.4168863955891333,0.4646677850242213,0.28863384275934606,0.0,0.2977661304137534,0.0,0.39621737888470454,0.3782093092539426,0.0,0.0,0.0,0.0,0.0,0.0,0.0,0.0,0.2801484005925927,0.0,0.0,0.0,0.3762177960184417,0.38830195688805264,0.0,0.0,0.4134316582539852,0.3750065584267393,0.0,0.420583822869189,0.3740479156246158,0.38377910687533845,0.39522893512017915,0.0,0.0,0.0,0.0,0.0,0.470864800374314,0.0,0.0,0.0,0.0,0.4979926564402986,0.0,0.0,0.48438536277944805,0.0,0.5381075831038344,0.5264771860384874,0.0,0.45288497786374926,0.0,0.0,0.518087484593516,0.0,0.0,0.0,0.0,0.520452823638585,0.0,0.0,0.0,0.4906151638999555,0.0,0.0,0.0,0.48393644288271964,0.0,0.0,0.0,0.0
0.3741064008912913,0.39969413109159213,0.0,0.0,0.3668953560561516,0.38809689438978107,0.4101562375921122,0.35311950654806895,0.37342066260075424,0.0,0.0,0.0,0.40196203712801926,0.0,0.3290418190685117,0.39423484167643863,0.0,0.3941816440773175,0.0,0.0,0.38024277607908047,0.36525664432654364,0.3202985570805521,0.0,0.3817523877980785,0.41285387057511497,0.3406454177976867,0.36984219919720407,0.3156796484565668,0.3059840865851584,0.3620506095815885,0.4528132990059603,0.3803999051681885,0.4164310621415665,0.44408398010531164,0.48621005619369545,0.4510215195880817,0.0,0.4186086571573857,0.0,0.0,0.45750147695622206,0.0,0.0,0.0,0.0,0.47011010040349704,0.0,0.0,0.0,0.0,0.0,0.0,0.0,0.0,0.0,0.0,0.0,0.0,0.4219932846164119,0.0,0.0,0.0,0.0,0.3983238209171105,0.4141870656385573,0.4310144719546509,0.41196153303602995,0.0,0.0,0.456394195159065,0.39288919326926003,0.0,0.4166962315371476,0.0,0.0
0.35221329776958277,0.3888096868143455,0.0,0.0,0.0,0.38279216231431973,0.43431498625150644,0.34946505700782754,0.47463989314086447,0.4516032111332253,0.0,0.4676551149320232,0.3973003059788239,0.39540985385790345,0.36256229781183114,0.38293362231930633,0.0,0.3795564052120274,0.0,0.38024277607908047,0.0,0.40177195435732294,0.3617899515369604,0.4427381326043908,0.3788223676662707,0.37853060355838847,0.3862398086531401,0.381508157563962,0.3625885067180991,0.37512548436544707,0.35271886084835313,0.4185021958746957,0.37020138289209475,0.3884420646320492,0.45415784857180946,0.3996786046734515,0.0,0.0,0.4222815527710065,0.40062238584125687,0.42625138020093306,0.4577176539505618,0.0,0.0,0.0,0.34073847366169363,0.43116385007754987,0.0,0.0,0.0,0.0,0.0,0.0,0.0,0.0,0.0,0.0,0.0,0.0,0.42664743195882693,0.438282630769037,0.0,0.0,0.0,0.4210210941662381,0.33523294775753343,0.43470602543464665,0.396135416418705,0.0,0.0,0.4554979001178573,0.4055142839837323,0.0,0.3013162103788777,0.0,0.0
0.3682239755427466,0.37499294466562066,0.0,0.0,0.3676957841728149,0.39343743438676726,0.4191219941451943,0.4184016943378415,0.3824602301991037,0.40238042140488733,0.0,0.0,0.41847377463010244,0.0,0.3585673617404301,0.36907332352755867,0.3960050496330135,0.38302555404225297,0.0,0.36525664432654364,0.40177195435732294,0.0,0.38250404084094086,0.0,0.3776222340042996,0.4056849950826534,0.4106333197698684,0.39098153674353153,0.389852353425634,0.29440681893022447,0.3643927238423173,0.45228268660805787,0.40754162300037367,0.4206104737313215,0.466808388630671,0.5253457458061317,0.0,0.0,0.45810224274488126,0.44368376732030956,0.462321044197554,0.47931627524690384,0.0,0.0,0.0,0.4114729140098248,0.46215268563202744,0.0,0.0,0.0,0.0,0.0,0.0,0.0,0.0,0.0,0.0,0.0,0.0,0.46046951189287033,0.43784098533311866,0.0,0.0,0.0,0.44831924749019425,0.4322740925016927,0.4646629763721691,0.4355266661691143,0.0,0.4363244939257593,0.4734128417636001,0.4386192981619859,0.0,0.4446255170696001,0.0,0.45181337274129496
0.4209893608492118,0.3856103844815575,0.30866264773969104,0.3874012373139523,0.3754210372358141,0.39475873016921403,0.38623456942464485,0.3286569473867251,0.37842256598462265,0.4063884879084828,0.25805822477416573,0.5167389366480403,0.3813863230848403,0.33991123676266255,0.34495536207126276,0.3868852964040068,0.0,0.3986806675732476,0.2801484005925927,0.3202985570805521,0.3617899515369604,0.38250404084094086,0.0,0.4650406972623596,0.39730906968365864,0.4273395679199016,0.34310378567844957,0.3764688150336094,0.3448067609835369,0.35716953058374806,0.39502124629025775,0.3893774178137986,0.3566343514245822,0.41131532603589677,0.4266130399034257,0.3564219356982287,0.40070600113144406,0.0,0.4257974304349507,0.3548937504285022,0.4048143188348221,0.4413029348123805,0.46679323890428603,0.0,0.0,0.44705835358470686,0.4721724595632919,0.49484173514955504,0.0,0.0,0.4468427226868429,0.48656715981473087,0.43636756013567396,0.4887483407192906,0.0,0.468610149562554,0.0,0.4687424497498679,0.0,0.41582283165769807,0.0,0.0,0.0,0.494284527711836,0.4137703322714164,0.41817449615922236,0.44046993692933933,0.43184311403691883,0.0,0.0,0.44629424874020085,0.44376623787756264,0.4350989012047218,0.40091442058703036,0.43159675352838567,0.42845890581572627
0.37532047586967354,0.4133965020968194,0.0,0.0,0.0,0.0,0.0,0.47652809126554757,0.0,0.3049415605031337,0.0,0.2583857535122538,0.0,0.5866524109156785,0.0,0.4087942968593767,0.37380758459880764,0.33554048534817466,0.0,0.0,0.4427381326043908,0.0,0.4650406972623596,0.0,0.34044895417322524,0.3264809102470789,0.0,0.0,0.0,0.0,0.31563283471324854,0.3604546922391065,0.22880752003322902,0.2215596546141511,0.25500334123725926,0.0,0.0,0.22469066787382339,0.0,0.36487367053668085,0.3182362316121794,0.0,0.0,0.0,0.0,0.4049768996496911,0.45710280028289707,0.0,0.0,0.0,0.0,0.0,0.0,0.0,0.3980844874347489,0.0,0.42054668126539657,0.0,0.0,0.0,0.4216837764094065,0.4663525904489677,0.3903056931421988,0.0,0.0,0.0,0.0,0.0,0.5287994233564639,0.4223785441025832,0.46707897104821966,0.0,0.0,0.0,0.0,0.5271622756941712
0.3613972247675158,0.3561293751337449,0.0,0.0,0.0,0.34780967375171434,0.387302797009022,0.4300987233633786,0.0,0.30560530449009754,0.0,0.325975454615811,0.3751553754421921,0.0,0.37821683978912124,0.3547253503008347,0.3137124856547346,0.3237949089615958,0.0,0.3817523877980785,0.3788223676662707,0.3776222340042996,0.39730906968365864,0.34044895417322524,0.0,0.3413873485867398,0.3672554562708927,0.3791899394784675,0.3731430724008668,0.0,0.3490838957997567,0.4119844751798433,0.33739345073845434,0.35503850327539305,0.3841459006128462,0.0,0.0,0.2842820944884902,0.41244867996000023,0.3835788533018301,0.4027547600470664,0.39613182667214514,0.0,0.0,0.0,0.4115808524573399,0.4088262293333907,0.0,0.0,0.0,0.0,0.0,0.0,0.0,0.3970249139769825,0.0,0.41669758235214144,0.0,0.0,0.0,0.3997148515029294,0.3968305498891735,0.3896748939992797,0.0,0.0,0.48357933492630917,0.40576174945693355,0.0,0.46158341208591164,0.4043382330146102,0.423850350894083,0.0,0.0,0.0,0.0,0.3975880110137621
0.3563235937879706,0.3945310552855219,0.0,0.0,0.0,0.3899360950254127,0.40495510704235144,0.448181964498185,0.43637552139401037,0.32422067410595734,0.0,0.28508491344448994,0.39208764853018496,0.0,0.3736919824158512,0.40840951974097345,0.34646686723769565,0.35659963385991583,0.0,0.41285387057511497,0.37853060355838847,0.4056849950826534,0.4273395679199016,0.3264809102470789,0.3413873485867398,0.0,0.4288669056992389,0.3972268789976591,0.397409161524634,0.0,0.3719416778248124,0.4378360869893816,0.37397801918432433,0.4002482406867197,0.4462793366309836,0.5096263057860946,0.0,0.3103963782937308,0.45536612331499465,0.41389369267557446,0.4403056263298589,0.47717379146355926,0.0,0.0,0.0,0.4287601509648761,0.4363195354081327,0.0,0.0,0.0,0.0,0.0,0.0,0.0,0.4286068186006433,0.0,0.43396993568164666,0.0,0.0,0.4715334188034431,0.4299414920383977,0.41247845367359437,0.40237858979600405,0.0,0.47042664432292497,0.44438559303038316,0.4732029379012543,0.45565539094453994,0.4644347848674648,0.4222036737448248,0.4407033346543395,0.0,0.0,0.0,0.0,0.4143500946782784
0.39763670358373887,0.38301470668006865,0.3373062648578638,0.0,0.4162743948937002,0.3580496025314025,0.40071607423642674,0.4290395579509815,0.36178894748974194,0.0,0.38494716666875695,0.0,0.392979712408199,0.42523640767661,0.40019859510568956,0.39292524098790377,0.0,0.3884557390574605,0.3762177960184417,0.3406454177976867,0.3862398086531401,0.4106333197698684,0.34310378567844957,0.0,0.3672554562708927,0.4288669056992389,0.0,0.37736139073937264,0.35269798530048263,0.36304319796275963,0.388916541355885,0.4011657482160626,0.3445824814838612,0.4076842836146272,0.41996043204223993,0.41086982432557506,0.4021083371199795,0.0,0.42425874572222716,0.0,0.43699744355743914,0.0,0.47293423002867363,0.0,0.0,0.0,0.0,0.49492981761074945,0.0,0.0,0.44733817314173613,0.0,0.4716040350533889,0.5164218623853919,0.0,0.4751466129686949,0.0,0.0,0.0,0.41024587533990725,0.0,0.0,0.0,0.0,0.0,0.40976267664922256,0.0,0.45402001700328465,0.0,0.0,0.0,0.440516276733696,0.45145901365519425,0.4112112368486718,0.0,0.42076549861038787
0.4310646171187918,0.38570419878444506,0.40809080929173913,0.255307825672884,0.34713446211224636,0.3548355364822992,0.3417539798113918,0.3793419711730392,0.40275031346301027,0.3468453289946804,0.38510062730061595,0.29787895446263585,0.3315053665850398,0.30232985698547876,0.36739017594051426,0.41778231646193237,0.0,0.4032670045999068,0.38830195688805264,0.36984219919720407,0.381508157563962,0.39098153674353153,0.3764688150336094,0.0,0.3791899394784675,0.3972268789976591,0.37736139073937264,0.0,0.2982858108111997,0.27393586007219917,0.3320827516446762,0.37624950548439007,0.3787137008680787,0.3603077090371464,0.3497138949125145,0.23261407714570745,0.248072882180369,0.30045614328649534,0.42271588654613107,0.0,0.0,0.0,0.4687939037911963,0.0,0.0,0.0,0.0,0.0,0.0,0.0,0.4362211857839063,0.0,0.0,0.0,0.0,0.0,0.0,0.0,0.0,0.0,0.0,0.0,0.0,0.0,0.0,0.0,0.0,0.43358216335205857,0.0,0.0,0.0,0.4246968725511353,0.0,0.0,0.0,0.0
0.3996311848982459,0.3872728490767375,0.0,0.0,0.0,0.299545071182269,0.3920080340505585,0.3363079172252543,0.3481079021205309,0.0,0.0,0.0,0.3798670750169804,0.0,0.3615011087827969,0.4033829808038858,0.0,0.39414834702230017,0.0,0.3156796484565668,0.3625885067180991,0.389852353425634,0.3448067609835369,0.0,0.3731430724008668,0.397409161524634,0.35269798530048263,0.2982858108111997,0.0,0.29384536152939267,0.3652013687356747,0.41282828323528287,0.35524562014760797,0.40238473119850515,0.43230484142268083,0.538234728046877,0.5213239854416201,0.0,0.40994102274096644,0.4279540624363556,0.0,0.48058765703525747,0.0,0.0,0.0,0.0,0.0,0.0,0.0,0.0,0.41397057679886773,0.0,0.0,0.0,0.0,0.0,0.0,0.0,0.0,0.39902926382875853,0.0,0.0,0.0,0.0,0.3995850171298451,0.37045315374648596,0.0,0.3982834590298617,0.0,0.0,0.467000182678278,0.40309871091916283,0.0,0.39878826291913005,0.0,0.3962295537949155
0.0,0.0,0.0,0.0,0.33610991949783914,0.38606169633879484,0.3793218335678712,0.3766779730082403,0.0,0.0,0.0,0.0,0.3801083298817043,0.0,0.3413816762580489,0.41141192425770096,0.0,0.4315931151087634,0.0,0.3059840865851584,0.37512548436544707,0.29440681893022447,0.35716953058374806,0.0,0.0,0.0,0.36304319796275963,0.27393586007219917,0.29384536152939267,0.0,0.2715074938281843,0.4258231995284474,0.0,0.3410359286774457,0.39988917865004514,0.0,0.0,0.0,0.41162232727193293,0.2676870671633256,0.0,0.0,0.0,0.0,0.0,0.0,0.0,0.0,0.0,0.0,0.0,0.0,0.0,0.0,0.0,0.0,0.0,0.0,0.0,0.0,0.0,0.0,0.0,0.0,0.0,0.0,0.0,0.42023581851138986,0.0,0.0,0.0,0.0,0.0,0.0,0.0,0.0
0.3482854810000873,0.3502743677765465,0.41315583944921686,0.0,0.3912061825910684,0.40608701621641047,0.398223164043254,0.4018956146369989,0.40523733634525383,0.304071154053465,0.3931649110772883,0.30564574449399573,0.37488508610966836,0.0,0.39103942630814925,0.3681889007710083,0.3266103396998017,0.35639385127752715,0.4134316582539852,0.3620506095815885,0.35271886084835313,0.3643927238423173,0.39502124629025775,0.31563283471324854,0.3490838957997567,0.3719416778248124,0.388916541355885,0.3320827516446762,0.3652013687356747,0.2715074938281843,0.0,0.41899436746025026,0.33593840190259666,0.27873247075869634,0.3185054175626845,0.29130119232172724,0.3038955908199521,0.27066897150780717,0.43703055410692343,0.3883577401450537,0.4305365153095887,0.477928766655128,0.0,0.0,0.0,0.4082451188039323,0.4305888725105111,0.0,0.0,0.0,0.4678729581557354,0.0,0.0,0.0,0.413612451085843,0.0,0.4174403184837026,0.0,0.0,0.41571471986252084,0.4222026684363749,0.0,0.38803483687026435,0.0,0.0,0.4452712438748957,0.44399391516582315,0.42908610639516453,0.45719049429307673,0.39778344608946,0.43691393525182476,0.4507275669686689,0.0,0.4217605356492511,0.0,0.0
0.4054307691756444,0.4137251201920075,0.3851775950063545,0.21816131036214093,0.3741920836503615,0.38616172313002567,0.38153815613538533,0.3929005084104554,0.3816271917465205,0.3398266115668641,0.39482114612263536,0.2811924911523396,0.37889718001809947,0.0,0.4384757454910303,0.4393084174259674,0.4273683519323185,0.42763919263636985,0.3750065584267393,0.4528132990059603,0.4185021958746957,0.45228268660805787,0.3893774178137986,0.3604546922391065,0.4119844751798433,0.4378360869893816,0.4011657482160626,0.37624950548439007,0.41282828323528287,0.4258231995284474,0.41899436746025026,0.0,0.3412206846026337,0.36693277508665656,0.32906540874869644,0.2513090835196665,0.29819903203228654,0.27843989738493563,0.34734957221422336,0.36341498065429356,0.395833335448096,0.31859836737144565,0.26083374574719914,0.0,0.3123626697908541,0.4483117257192603,0.46285818160211306,0.49294176975049947,0.0,0.0,0.4111300945859421,0.0,0.363803629586491,0.0,0.0,0.0,0.22575966608524178,0.0,0.0,0.4421142972202847,0.4477708684234392,0.0,0.4130461806807264,0.0,0.42534664757354457,0.4244976266105239,0.4602659707140354,0.41110554994719073,0.45130043352366195,0.4343514100422591,0.4685050271912288,0.404850163270909,0.43056710604050424,0.3904431063874068,0.42176481682652717,0.3960181033886604
0.34892427979306007,0.36882484089857553,0.0,0.0,0.0,0.36272749517076786,0.0,0.4769653961711577,0.0,0.2967675642732012,0.0,0.2711683482887844,0.4072121983407965,0.0,0.38373750086429886,0.39551209963741973,0.3525802054583541,0.3553122427485762,0.0,0.3803999051681885,0.37020138289209475,0.40754162300037367,0.3566343514245822,0.22880752003322902,0.33739345073845434,0.37397801918432433,0.3445824814838612,0.3787137008680787,0.35524562014760797,0.0,0.33593840190259666,0.3412206846026337,0.0,0.2780812939820066,0.349838136372932,0.4745087018168856,0.27548547569903203,0.20412285178265796,0.35204589893501065,0.32497097518546636,0.3907045309409847,0.4862004129812759,0.0,0.0,0.2514335699214244,0.4137007444283265,0.4461707537663613,0.0,0.0,0.0,0.0,0.0,0.0,0.0,0.3529845263523695,0.0,0.3728985254605073,0.0,0.0,0.44293208069343154,0.39596661999151744,0.3811247627047742,0.36539997416017306,0.0,0.0,0.4270816043740763,0.46924335325526606,0.0,0.4210126533316401,0.3826363441026696,0.41893962838734033,0.0,0.0,0.0,0.0,0.3605408774319492
0.35834436793929647,0.35709174940650107,0.4138398185418553,0.0,0.37849962496307465,0.406825618976332,0.3970459839078078,0.39819670151622516,0.40723374449448324,0.2963393111354661,0.39396846152978315,0.22005477140325252,0.3719096947062814,0.0,0.425358166878797,0.37934815197559946,0.347074440586221,0.3698965346076179,0.420583822869189,0.4164310621415665,0.3884420646320492,0.4206104737313215,0.41131532603589677,0.2215596546141511,0.35503850327539305,0.4002482406867197,0.4076842836146272,0.3603077090371464,0.40238473119850515,0.3410359286774457,0.27873247075869634,0.36693277508665656,0.2780812939820066,0.0,0.3403465100267984,0.38063995040442067,0.2828590222795945,0.2193766579564465,0.3609543904664262,0.3855739903729118,0.44353904792912713,0.4913314844243764,0.0,0.0,0.0,0.40908117024532853,0.44127165539611984,0.0,0.0,0.0,0.47209781740632606,0.0,0.0,0.0,0.37329881969598633,0.0,0.2968668046557823,0.0,0.0,0.46052729609337684,0.42478008905410936,0.40657362980994777,0.3818679196739014,0.0,0.44433135180025524,0.44992888180136825,0.4621342669309066,0.424827225349314,0.4377252262463986,0.3996817402261365,0.4462901587879091,0.42784301408939535,0.0,0.45154916027340897,0.0,0.44592059005355145
0.418861311938085,0.422980280435904,0.39344421236847044,0.22457862401537282,0.35949572361110393,0.4048183959471937,0.3821075902249544,0.4260188090171459,0.40465010002367774,0.29265778856510444,0.3648396831819056,0.2496642952918912,0.35561949271351134,0.0,0.4584246368235752,0.44974929031125543,0.36904981570415407,0.3977483205961358,0.3740479156246158,0.44408398010531164,0.45415784857180946,0.466808388630671,0.4266130399034257,0.25500334123725926,0.3841459006128462,0.4462793366309836,0.41996043204223993,0.3497138949125145,0.43230484142268083,0.39988917865004514,0.3185054175626845,0.32906540874869644,0.349838136372932,0.3403465100267984,0.0,0.4078255170442793,0.27405419682825527,0.23625391727161812,0.28657903064088913,0.0,0.4504095239755849,0.3374991489457189,0.3014831268415858,0.0,0.0,0.3949613894946093,0.48440897898674096,0.0,0.0,0.0,0.0,0.0,0.0,0.0,0.0,0.0,0.25650430722187756,0.0,0.0,0.4813739294364332,0.45104415969061856,0.0,0.3922667319077236,0.0,0.0,0.48305818996263633,0.486915058179608,0.44569624002371017,0.0,0.4223683990782066,0.47262527095206164,0.451586173732047,0.0,0.0,0.0,0.0
0.47000439099365904,0.0,0.4010538868796594,0.19033251783263078,0.1960210441053798,0.3857376128455575,0.2675773740642764,0.2837817782146025,0.3894224475986099,0.2971557704316293,0.2993557910941789,0.273297515291956,0.2625930579739812,0.19893911744150683,0.4796778099530141,0.0,0.0,0.0,0.38377910687533845,0.48621005619369545,0.3996786046734515,0.5253457458061317,0.3564219356982287,0.0,0.0,0.5096263057860946,0.41086982432557506,0.23261407714570745,0.538234728046877,0.0,0.29130119232172724,0.2513090835196665,0.4745087018168856,0.38063995040442067,0.4078255170442793,0.0,0.21868384146778524,0.2815489895598817,0.28756549647457785,0.2938876791588344,0.25091040315154706,0.24200494991240773,0.3289504799219931,0.0,0.0,0.0,0.0,0.4515518738067263,0.0,0.3386659128675954,0.0,0.443736692482798,0.0,0.0,0.0,0.3609151307224364,0.2129747804741411,0.0,0.33647690849344947,0.0,0.0,0.0,0.0,0.0,0.0,0.0,0.0,0.384838717785993,0.0,0.0,0.0,0.0,0.0,0.0,0.0,0.0
0.0,0.0,0.0,0.1893890848386921,0.20188076790461784,0.4039397825204706,0.2476858595718591,0.0,0.3920701723790258,0.3091991817916757,0.37890090369115437,0.3010107830349823,0.2716669672503105,0.18172865964105028,0.5101885169556469,0.0,0.0,0.0,0.39522893512017915,0.4510215195880817,0.0,0.0,0.40070600113144406,0.0,0.0,0.0,0.4021083371199795,0.248072882180369,0.5213239854416201,0.0,0.3038955908199521,0.29819903203228654,0.27548547569903203,0.2828590222795945,0.27405419682825527,0.21868384146778524,0.0,0.3003225172309427,0.2790050836482149,0.0,0.0,0.27373876966054256,0.27022343453799386,0.0,0.0,0.0,0.0,0.0,0.0,0.0,0.0,0.0,0.0,0.0,0.0,0.0,0.2328653967878231,0.0,0.0,0.0,0.0,0.0,0.0,0.0,0.0,0.0,0.0,0.0,0.0,0.0,0.5020246809739788,0.0,0.0,0.0,0.0,0.0
0.42055382173823624,0.0,0.0,0.0,0.0,0.4438111284776957,0.0,0.0,0.4004905460079819,0.2562382100085072,0.0,0.22603421321024791,0.3413813680084507,0.0,0.0,0.0,0.0,0.0,0.0,0.0,0.0,0.0,0.0,0.22469066787382339,0.2842820944884902,0.3103963782937308,0.0,0.30045614328649534,0.0,0.0,0.27066897150780717,0.27843989738493563,0.20412285178265796,0.2193766579564465,0.23625391727161812,0.2815489895598817,0.3003225172309427,0.0,0.26629948333637987,0.26003534798641215,0.2505200434156798,0.0,0.0,0.0,0.21622793646096766,0.0,0.0,0.0,0.0,0.0,0.0,0.0,0.0,0.0,0.3245917571757097,0.0,0.33999773227923935,0.0,0.0,0.0,0.0,0.0,0.0,0.0,0.0,0.0,0.0,0.0,0.4648517228209679,0.38439898351076074,0.39354205891271116,0.0,0.0,0.0,0.0,0.0
0.42402758822577963,0.4458975737078914,0.0,0.0,0.0,0.41063906681944645,0.0,0.4093844691775081,0.0,0.40269901762344906,0.0,0.27220334165102494,0.0,0.0,0.45837389048439925,0.4545439420659855,0.0,0.4075350234782603,0.0,0.4186086571573857,0.4222815527710065,0.45810224274488126,0.4257974304349507,0.0,0.41244867996000023,0.45536612331499465,0.42425874572222716,0.42271588654613107,0.40994102274096644,0.41162232727193293,0.43703055410692343,0.34734957221422336,0.35204589893501065,0.3609543904664262,0.28657903064088913,0.28756549647457785,0.2790050836482149,0.26629948333637987,0.0,0.3419873793008129,0.40662920498775007,0.4043452689483594,0.22280913213796025,0.2984345938384748,0.2850849371971505,0.4137439584192241,0.4151816426071145,0.3919619010377903,0.2809512206860675,0.3762159751051922,0.39248228953831016,0.3653214715168931,0.3936818497119553,0.40618867435067785,0.3191249968785251,0.3874240617166898,0.273711263743005,0.3752111632445119,0.182104969231055,0.42476720417451436,0.43272633490163853,0.42991680650926667,0.4192833490145493,0.39241531502047905,0.4539346377387318,0.424420169245756,0.43247437635350094,0.3929712030472228,0.4247279432578366,0.4145849751215026,0.417467633032698,0.4232824021385918,0.3862600051201907,0.42993016220593466,0.379030223729035,0.39493479134640047
0.38338554133565017,0.4270136710287764,0.0,0.0,0.0,0.0,0.0,0.0,0.0,0.3397231579869575,0.0,0.34565671362697825,0.0,0.0,0.41352578435084736,0.4283314874122037,0.36734338873239764,0.34767463138333143,0.0,0.0,0.40062238584125687,0.44368376732030956,0.3548937504285022,0.36487367053668085,0.3835788533018301,0.41389369267557446,0.0,0.0,0.4279540624363556,0.2676870671633256,0.3883577401450537,0.36341498065429356,0.32497097518546636,0.3855739903729118,0.0,0.2938876791588344,0.0,0.26003534798641215,0.3419873793008129,0.0,0.2586089502685215,0.3858184685710709,0.27578696396364427,0.27456047295223146,0.2155849789603645,0.3468401094372233,0.34122953779958826,0.0,0.0,0.0,0.3799896460541187,0.3896265481949349,0.0,0.0,0.28718931836723716,0.0,0.25166044251841446,0.384735373256599,0.0,0.34066861622109845,0.3812894323324685,0.349992623881401,0.33989982764520066,0.0,0.3730018815336528,0.33295196104453095,0.3583516919181855,0.3268157191452447,0.25789553962973816,0.31458303102623536,0.34250063322287033,0.34366729407885566,0.36216628237190096,0.3671044768493319,0.0,0.2949619921243811
0.4191535699801814,0.439514331178718,0.0,0.0,0.0,0.4628137272697615,0.0,0.0,0.0,0.36403967627425726,0.0,0.291943756092131,0.0,0.0,0.4647779772100195,0.43645227482697685,0.0,0.374323619198202,0.0,0.0,0.42625138020093306,0.462321044197554,0.4048143188348221,0.3182362316121794,0.4027547600470664,0.4403056263298589,0.43699744355743914,0.0,0.0,0.0,0.4305365153095887,0.395833335448096,0.3907045309409847,0.44353904792912713,0.4504095239755849,0.25091040315154706,0.0,0.2505200434156798,0.40662920498775007,0.2586089502685215,0.0,0.3961882704346977,0.3119024210263101,0.2836742005628884,0.23388308050333642,0.3825566564782261,0.3921585073442067,0.4149813953164708,0.24390348209805535,0.3544458711671748,0.40303795461436853,0.34534175772443804,0.39224852508963665,0.4292653376150822,0.2968312052188933,0.3813713351618858,0.25827691096924404,0.3664746738205273,0.0,0.41196739247436814,0.3824987030695907,0.3600032886261035,0.3730833757755158,0.3870745681705491,0.41107867148973637,0.4014807413568787,0.4031518285437331,0.4042227665399254,0.2402742676806572,0.36382072885725886,0.3892911861968686,0.4063577253597253,0.3715097698130405,0.3901840145582949,0.3559157340021009,0.2535474645556834
0.0,0.4543714878921714,0.0,0.0,0.0,0.0,0.0,0.0,0.0,0.3427052685761552,0.0,0.2920616047857707,0.0,0.0,0.476865698877191,0.44343208778631865,0.0,0.0,0.0,0.45750147695622206,0.4577176539505618,0.47931627524690384,0.4413029348123805,0.0,0.39613182667214514,0.47717379146355926,0.0,0.0,0.48058765703525747,0.0,0.477928766655128,0.31859836737144565,0.4862004129812759,0.4913314844243764,0.3374991489457189,0.24200494991240773,0.27373876966054256,0.0,0.4043452689483594,0.3858184685710709,0.3961882704346977,0.0,0.3235346755512748,0.25841519363812543,0.3000945475616655,0.4041100469106107,0.4187001752724027,0.4224616123813293,0.20073160668899126,0.31178245956359296,0.4039725850447377,0.32366796029178396,0.41273090773079746,0.40954318512245796,0.31043773266244895,0.3679537329595556,0.30568645351531576,0.328532738767747,0.3286244070864187,0.4463649743845793,0.40242139113344816,0.3569251901488209,0.3878699466978047,0.37544015771750233,0.4436722028543054,0.4605244226566016,0.44415155013649243,0.4087444842861487,0.28705596490733726,0.37651226763197587,0.4270244507249633,0.416990711134117,0.3369360181117393,0.41720351948759166,0.38384295077655695,0.26791084271077753
0.0,0.0,0.5117638408253956,0.0,0.0,0.45051912276407946,0.0,0.4156875210166423,0.45027471531382374,0.0,0.40440525467066324,0.23366937297501691,0.0,0.0,0.0,0.0,0.0,0.0,0.470864800374314,0.0,0.0,0.0,0.46679323890428603,0.0,0.0,0.0,0.47293423002867363,0.4687939037911963,0.0,0.0,0.0,0.26083374574719914,0.0,0.0,0.3014831268415858,0.3289504799219931,0.27022343453799386,0.0,0.22280913213796025,0.27578696396364427,0.3119024210263101,0.3235346755512748,0.0,0.19128174525694122,0.2938040463879637,0.4835474561699991,0.0,0.4043735144379635,0.1656839856309185,0.1775686701139608,0.376007481462786,0.2540532453055116,0.3716388760480138,0.4028774124952968,0.2718885117183372,0.30849960172044005,0.29358841370219485,0.2893130058581706,0.18061313840479842,0.0,0.0,0.0,0.0,0.3782305707500346,0.5131519788177019,0.0,0.48124635361816775,0.3512814329825704,0.0,0.0,0.43183773973045925,0.3785611432206578,0.24438775024568765,0.0,0.0,0.2624924027041788
