0.0,0.36992347460089886,0.0,0.0,0.0,0.40984212074107795,0.0,0.43724380592777295,0.0,0.39097279320331446,0.0,0.37246855903724546,0.45083554496865674,0.434060755975076,0.3528823478768798,0.3578721928818898,0.3389650019428537,0.3398781079375203,0.0,0.3529680983884008,0.3419212794178604,0.3527981745232016,0.40677224664046685,0.3571440243666303,0.33923282440668223,0.34543313114443386,0.3965463083978866,0.41197511990795893,0.4047091359837022,0.0,0.3402079572111241,0.3551264356548506,0.321901133537505,0.33134666565152404,0.36492256426915715,0.0,0.0,0.4433073660279657,0.4193044462878511,0.378489109201216,0.3888281836543633,0.0,0.0,0.0,0.0,0.35912967243424915,0.4350600233674477,0.0,0.0,0.0,0.0,0.0,0.0,0.0,0.4489764064219445,0.0,0.0,0.0,0.0,0.0,0.4175573236763525,0.0,0.3919889417473941,0.0,0.0,0.3428784223131997,0.4405191366141822,0.0,0.34043821018321235,0.40952389853513493,0.4238608467181976,0.0,0.0,0.0,0.0,0.40255372404528844
0.36992347460089886,0.0,0.0,0.0,0.3884444115785135,0.3592339003345718,0.39801835498119287,0.4070009104519144,0.3629384606297708,0.0,0.0,0.0,0.4044727662024453,0.0,0.3751484044188124,0.3756883917578312,0.39744776218876815,0.36529829978861417,0.0,0.3766483646664252,0.36341628634634005,0.37013378637697664,0.37730627924300597,0.0,0.35945988328752815,0.37682580776935665,0.3759594247882653,0.3960739232169255,0.37897882766769886,0.3380468687170245,0.33940021120338787,0.3551309867326171,0.31820742283505965,0.3394366487605552,0.385500657275566,0.0,0.0,0.0,0.4179360979121038,0.3800705034097135,0.4062217379360177,0.40630974329568187,0.0,0.0,0.0,0.4164281583153702,0.4275638221174998,0.0,0.0,0.0,0.4466878927801742,0.0,0.0,0.0,0.0,0.0,0.0,0.0,0.0,0.42504514829722895,0.415096868695344,0.0,0.40730547357441876,0.0,0.39836099212551157,0.4333250909116089,0.3968909996102732,0.0,0.0,0.4252898845451614,0.44118241395338614,0.4079426849057799,0.0,0.4011463730657957,0.0,0.39540895487265226
0.0,0.0,0.0,0.4242876085524156,0.36066238640877696,0.37489814308158864,0.39323216948426565,0.4072430895660484,0.2513570845693505,0.46157934212257923,0.3129747724534214,0.0,0.40216131863608223,0.3694993438654367,0.0,0.0,0.0,0.0,0.24026582766969976,0.0,0.0,0.0,0.3242194747439716,0.0,0.0,0.0,0.3063849113488813,0.40344471737330884,0.0,0.4459536115605384,0.410625882096807,0.3848222231131056,0.5283231296615635,0.4136618136609655,0.4054027787500823,0.36554288902094284,0.4163837776448213,0.0,0.5150362250513327,0.0,0.0,0.0,0.4697240482896397,0.0,0.0,0.0,0.0,0.34901093391173194,0.0,0.0,0.5149645494556915,0.5214678295441283,0.502267794039185,0.5052339451672971,0.0,0.28735370644637637,0.0,0.0,0.44958049336696215,0.0,0.0,0.0,0.0,0.2508141239689968,0.0,0.0,0.0,0.522355190523258,0.0,0.0,0.0,0.5125679267709204,0.0,0.7236904204063814,0.0,0.0
0.0,0.0,0.4242876085524156,0.0,0.26151434035803595,0.3726804011398686,0.2694515544539428,0.3266354691341697,0.3702666831468011,0.2187858594347587,0.33241521341737396,0.28892912994856323,0.2739905618026751,0.30362475228289043,0.4020304474651386,0.0,0.0,0.0,0.39118533561907987,0.4327353890761436,0.0,0.39549343988444063,0.36477141920665784,0.0,0.0,0.0,0.3780790861135117,0.2385973731462333,0.4758691368653477,0.0,0.3119111237782971,0.2793520945265113,0.2682608541677325,0.24215377812848332,0.2727481252030337,0.21757821795381804,0.18338461292826655,0.0,0.261423479012286,0.0,0.2726927381273662,0.0,0.0,0.0,0.0,0.0,0.0,0.0,0.0,0.0,0.0,0.0,0.0,0.0,0.0,0.0,0.0,0.0,0.0,0.0,0.0,0.0,0.0,0.0,0.0,0.0,0.0,0.0,0.0,0.0,0.0,0.0,0.0,0.0,0.0,0.0
0.0,0.3884444115785135,0.36066238640877696,0.26151434035803595,0.0,0.3607226121751285,0.2913759159133239,0.3598105850588559,0.30248120784499527,0.39143605420976735,0.289940798507326,0.395530674889833,0.33764811044726173,0.2810318766721987,0.0,0.39809178037327664,0.46328269885933077,0.0,0.3422332060087228,0.36686655483714026,0.0,0.37793818385984856,0.37004265978110523,0.41754824810331326,0.0,0.410693931562152,0.3738027840140019,0.35612154896448484,0.39429681912564263,0.35791279760142186,0.4111099656155979,0.3671944617452942,0.39185711535547074,0.3913873418821657,0.36109340948113716,0.25545766844618323,0.2776247396068138,0.37180035540585,0.0,0.0,0.0,0.0,0.0,0.0,0.0,0.0,0.0,0.540263272195236,0.0,0.0,0.5116220664943187,0.0,0.0,0.0,0.0,0.0,0.0,0.0,0.0,0.0,0.0,0.0,0.0,0.0,0.0,0.0,0.0,0.4867523178131457,0.0,0.0,0.0,0.5129682485541883,0.0,0.0,0.0,0.0
0.40984212074107795,0.3592339003345718,0.37489814308158864,0.3726804011398686,0.3607226121751285,0.0,0.3944158480205835,0.3723162351543746,0.3197103515395311,0.40836558566806086,0.32020574907554694,0.4429330217196577,0.37414885834770645,0.36922888987404556,0.3840212139291641,0.37892097597148966,0.0,0.37028787330158813,0.3407740474160137,0.38551769068873587,0.3685755591302492,0.38261990814940994,0.3811023303282888,0.0,0.3311166062252975,0.37987716443427355,0.364280582701378,0.37137578238706465,0.33266204628606494,0.3918058302144699,0.4009304247558278,0.37216998208501034,0.35146042741141337,0.40019705070727585,0.39334717726766855,0.382121858643258,0.3856287099865778,0.0,0.4299371002832929,0.0,0.44310400426203483,0.3969540683536593,0.4047109910052464,0.0,0.0,0.0,0.500857773316265,0.4888176357128094,0.0,0.0,0.46460924279302823,0.0,0.43899713798058715,0.4670438314224485,0.0,0.0,0.0,0.4649203225779382,0.0,0.44768366517429126,0.0,0.0,0.0,0.4757236552969127,0.4412711225816861,0.44142409798169324,0.454594423639112,0.46408669285273424,0.0,0.0,0.47075851610448155,0.456092813139913,0.4495667912002984,0.4407735852798456,0.48162024521711455,0.4556914486690018
0.0,0.39801835498119287,0.39323216948426565,0.2694515544539428,0.2913759159133239,0.3944158480205835,0.0,0.38446536089963873,0.36170702466862326,0.3661839385244521,0.3995423880236982,0.3491992481247112,0.31874811137337244,0.2954784772601987,0.0,0.4208604759982027,0.4309208900548,0.411138614262694,0.3933086274551089,0.4098751425636192,0.0,0.41969681717761537,0.381786926468632,0.0,0.38580240029450386,0.39401057925918065,0.3920730792924361,0.33869275295382606,0.4180357684811064,0.37971815259799196,0.40411776318227294,0.3667436977621846,0.3426965177170054,0.37192299208851004,0.3459606420380602,0.2766884392244921,0.27310889822399953,0.33071662449879446,0.0,0.0,0.0,0.0,0.0,0.0,0.0,0.0,0.0,0.0,0.0,0.0,0.4980377111542226,0.0,0.48235513027009375,0.0,0.0,0.0,0.0,0.0,0.0,0.0,0.0,0.0,0.0,0.0,0.0,0.0,0.0,0.46549751908888587,0.0,0.0,0.0,0.47474649790863116,0.0,0.0,0.0,0.0
0.43724380592777295,0.4070009104519144,0.4072430895660484,0.3266354691341697,0.3598105850588559,0.3723162351543746,0.38446536089963873,0.0,0.4181270520072908,0.4857368018000867,0.307471199922479,0.5265556451863284,0.39435418367291286,0.3441815037425499,0.0,0.42622346178790954,1.0,0.43099286009970134,0.3653548306025097,0.36956790436320397,0.3633211209345431,0.0,0.33560907022436226,0.4618914588014358,0.4240163240071543,0.43808776336186517,0.38747523815181206,0.3904901924350575,0.3490397199651775,0.3870579544124379,0.3938521966810846,0.3454162136257358,0.40717062284376165,0.3897063960336386,0.38397496262562814,0.2679992246578259,0.2569237437022051,0.0,0.42321409654637554,0.0,0.4297886411160338,0.0,0.41372268584725735,0.0,0.0,0.0,0.0,0.4694728786828717,0.0,0.0,0.4537253324661283,0.4639058256668313,0.34894431349410177,0.45624624044356593,0.0,0.4235418990516507,0.0,0.45244996967909634,0.0,0.46530386844048655,0.0,0.0,0.0,0.44731257874072106,0.452991279446118,0.4280927362100101,0.4322773629208056,0.4513763614218605,0.0,0.0,0.5121293500267271,0.4610638400053055,0.4357277897993618,0.43365018198960836,0.0,0.4703415265799434
0.0,0.3629384606297708,0.2513570845693505,0.3702666831468011,0.30248120784499527,0.3197103515395311,0.36170702466862326,0.4181270520072908,0.0,0.4149469876842854,0.25930112240326575,0.4224454491954597,0.3589593648835029,0.3529048101881961,0.0,0.0,0.0,0.0,0.2155211860205578,0.37164286939618446,0.0,0.3727573482844815,0.36022614218319726,0.0,0.36937118361305854,0.41165806510897235,0.3545359564327607,0.3979486570240015,0.37284923093465444,0.41276267069226236,0.40221958517678424,0.3752103936194012,0.3903645652912075,0.4020303056319933,0.39521384504559703,0.35529348131438937,0.38385058313810294,0.39558858507214856,0.5031011168259097,0.0,0.0,0.0,0.45088225442835866,0.0,0.0,0.0,0.0,0.5186405815209509,0.0,0.0,0.506557212346778,0.0,0.49447646172411275,0.5207093230599779,0.0,0.4608091086855268,0.0,0.0,0.48412850318760126,0.0,0.0,0.0,0.0,0.48390439758354864,0.0,0.0,0.0,0.5136558653663119,0.0,0.0,0.0,0.5148938421455075,0.0,0.5669775206961035,0.0,0.0
0.39097279320331446,0.0,0.46157934212257923,0.2187858594347587,0.39143605420976735,0.40836558566806086,0.3661839385244521,0.4857368018000867,0.4149469876842854,0.0,0.4186681624168827,0.2576197040857134,0.3709831529150798,0.34715154894633293,0.0,0.3567510843366268,0.3044005814938765,0.3343786583106789,0.4261144162608806,0.0,0.4242074836141773,0.0,0.4359197015904711,0.27642208468081386,0.30689777534364304,0.3044697575458615,0.41985664453928057,0.35888987995754673,0.0,0.0,0.3157521349046158,0.31125852225522704,0.2573843966605897,0.26943182991857545,0.2675239644925947,0.275674721209925,0.24067396637525598,0.24448997902904795,0.32354625428887235,0.30303177117714447,0.3273074585596673,0.0,0.34442490859819297,0.0,0.3087519320812221,0.4144296125336451,0.3653794752393269,0.0,0.0,0.0,0.0,0.39746632666422393,0.0,0.0,0.39874447595592627,0.0,0.39707806814888996,0.4204060033095123,0.0,0.0,0.34982770883460845,0.390605370755291,0.35123071809414924,0.0,0.0,0.0,0.0,0.0,0.38410178893407426,0.3729827998305737,0.3911903726146473,0.0,0.3826791966864687,0.0,0.0,0.39439590673968306
0.0,0.0,0.3129747724534214,0.33241521341737396,0.289940798507326,0.32020574907554694,0.3995423880236982,0.307471199922479,0.25930112240326575,0.4186681624168827,0.0,0.4266927659458529,0.4044459113765071,0.2811247827489216,0.0,0.0,0.5259850574493327,0.0,0.23947561980081505,0.0,0.0,0.0,0.2591859091583519,0.0,0.0,0.0,0.35096417358299703,0.4088425288195384,0.0,0.0,0.4224660399896751,0.3745483755896386,0.43416173097844085,0.411023472687012,0.3910572464542884,0.27785630669629485,0.3846125612953375,0.4092615322880342,0.41837473604297665,0.0,0.0,0.0,0.39723075410985065,0.0,0.0,0.0,0.0,0.44187936148552753,0.0,0.0,0.49149598323833477,0.0,0.42906633916207293,0.4499590540093548,0.0,0.32074962998166706,0.0,0.0,0.3871457513999476,0.0,0.0,0.0,0.0,0.27919905959911334,0.0,0.0,0.0,0.47983117397067043,0.0,0.0,0.0,0.4791224635257479,0.0,0.0,0.0,0.0
0.37246855903724546,0.0,0.0,0.28892912994856323,0.395530674889833,0.4429330217196577,0.3491992481247112,0.5265556451863284,0.4224454491954597,0.2576197040857134,0.4266927659458529,0.0,0.3565054831384969,0.0,0.0,0.0,0.3188024050658457,0.33488405264158294,0.0,0.0,0.45235254399468977,0.5911756246612787,0.47436862980016614,0.25057628002332294,0.3175450698015045,0.28831932873953614,0.45038143673132436,0.33109939241469905,0.0,0.0,0.3030242494131032,0.2539055670756657,0.22942785749718467,0.23025587544848172,0.2786972746372648,0.0,0.30163877829384045,0.19674595725222468,0.22537558297489646,0.3092916440927104,0.29077679755404945,0.25321414403682263,0.30689558917259313,0.27391622186778036,0.3078733973247047,0.0,0.42141426423596035,0.0,0.0,0.0,0.0,0.0,0.0,0.0,0.4036752985401565,0.0,0.4027847867878915,0.4126388389917005,0.0,0.0,0.40318226122638556,0.4003821443515716,0.36711050331267775,0.0,0.4469030201273643,0.0,0.29691177999906143,0.0,0.3836972714767586,0.38129183572470865,0.4000414353033536,0.0,0.3972063997777742,0.0,0.0,0.39164537893514323
0.45083554496865674,0.4044727662024453,0.40216131863608223,0.2739905618026751,0.33764811044726173,0.37414885834770645,0.31874811137337244,0.39435418367291286,0.3589593648835029,0.3709831529150798,0.4044459113765071,0.3565054831384969,0.0,0.3260843908359383,0.38499006245856043,0.42707271182796713,0.3948752884540822,0.40705787008431615,0.39306713197512655,0.40499248248403236,0.41036548627259656,0.4227093146061416,0.3916261465498489,0.35595952523210134,0.3887863105692719,0.39172871522933717,0.39666811085518006,0.3175073943577516,0.3967236587582375,0.3635568270456881,0.38637786147727116,0.37848283329421917,0.34943870150257356,0.3793416719874192,0.36930108812413964,0.30932971050128005,0.2894715173780659,0.3377000325560562,0.4176317728824555,0.40837687003693207,0.0,0.0,0.45397391267786436,0.0,0.0,0.0,0.0,0.0,0.0,0.0,0.4813453365129329,0.0,0.44878870412678545,0.0,0.42369731619484546,0.0,0.44936032670296483,0.0,0.0,0.0,0.0,0.0,0.0,0.0,0.0,0.0,0.0,0.4646672103823303,0.0,0.0,0.0,0.46078912516261494,0.0,0.47211449509631714,0.0,0.0
0.434060755975076,0.0,0.3694993438654367,0.30362475228289043,0.2810318766721987,0.36922888987404556,0.2954784772601987,0.3441815037425499,0.3529048101881961,0.34715154894633293,0.2811247827489216,0.0,0.3260843908359383,0.0,0.0,0.0,0.0,0.0,0.3334697568316918,0.0,0.4029328811911713,0.0,0.3479618305119792,0.0,0.0,0.485247460387919,0.3837543709621763,0.271539189414104,0.0,0.0,0.3377888609917529,0.2839145736779133,0.0,0.36510239130168004,0.0,0.24376028720179543,0.2134754466787703,0.0,0.0,0.0,0.0,0.0,0.0,0.0,0.0,0.0,0.0,0.0,0.0,0.0,0.0,0.0,0.0,0.465839741243554,0.0,0.44663778057439896,0.0,0.0,0.0,0.0,0.0,0.0,0.0,0.4372122345829078,0.0,0.0,0.0,0.48690244893618057,0.0,0.0,0.0,0.5422539401150881,0.0,0.0,0.0,0.0
0.3528823478768798,0.3751484044188124,0.0,0.4020304474651386,0.0,0.3840212139291641,0.0,0.0,0.0,0.0,0.0,0.0,0.38499006245856043,0.0,0.0,0.3895774650240262,0.0,0.37041407632000556,0.0,0.32940006960925716,0.3713729977142959,0.3547597020495999,0.358236547299118,0.4459463121603207,0.37514895381927926,0.3583134436764261,0.3765705931518208,0.35508177465591284,0.34922811796650804,0.332798482627028,0.37414832098195616,0.37757869933220556,0.3633508963439121,0.3844636966087025,0.41554599496236866,0.4310660230647011,0.4130008318385903,0.0,0.43596323287052674,0.4441789802092458,0.4443903489708532,0.46440801980879814,0.3769616226876118,0.0,0.0,0.3530076997016233,0.48317120106106193,0.0,0.0,0.0,0.43923344297592254,0.0,0.0,0.0,0.0,0.0,0.0,0.0,0.0,0.45347575183268235,0.4505377343532693,0.0,0.0,0.0,0.4239182610644693,0.4363982863325759,0.4678371900514274,0.4403284563272642,0.0,0.0,0.48280625000302907,0.44239452244474575,0.4446388805259201,0.4176712471314811,0.0,0.43791305998492835
0.3578721928818898,0.3756883917578312,0.0,0.0,0.39809178037327664,0.37892097597148966,0.4208604759982027,0.42622346178790954,0.0,0.3567510843366268,0.0,0.0,0.42707271182796713,0.0,0.3895774650240262,0.0,0.34763877178728875,0.32221835189947007,0.0,0.3772321917618584,0.3758409045318953,0.35847340307189846,0.39163481529407035,0.3336685543445631,0.3394139288031332,0.37898014892694093,0.38523643296554777,0.4090807285835673,0.3971326284219992,0.41012247597511076,0.3422316660714558,0.37919950116802437,0.3449249519431652,0.33920889235339086,0.39355353992519804,0.0,0.0,0.0,0.4103518558474913,0.36515917947179705,0.39192658140087044,0.39878489452433225,0.0,0.0,0.0,0.4035886763765728,0.41362449994299444,0.0,0.0,0.0,0.0,0.0,0.0,0.0,0.0,0.0,0.0,0.0,0.0,0.43679948657014983,0.40293619149837573,0.0,0.3774160672124771,0.0,0.0,0.0,0.4001936145264205,0.0,0.0,0.40327257734611466,0.42678325965731495,0.0,0.0,0.0,0.0,0.3837481868597154
0.3389650019428537,0.39744776218876815,0.0,0.0,0.46328269885933077,0.0,0.4309208900548,1.0,0.0,0.3044005814938765,0.5259850574493327,0.3188024050658457,0.3948752884540822,0.0,0.0,0.34763877178728875,0.0,0.3266440551667602,0.0,0.38344617966136135,0.43437391970765016,0.3616254816608974,1.0,0.3362797568258844,0.3254667623314897,0.3325695887595945,0.0,0.38168556638536494,0.43777581401316934,0.0,0.33616435692696767,0.3540373783028058,0.306800428778705,0.3301556537337394,0.3331538344114427,0.3632825509356387,0.0,0.2999945260515892,0.3446196042799917,0.32243583774366824,0.3674382670270448,0.0,0.0,0.0,0.0,0.38682618511097777,0.35597445555992474,0.0,0.0,0.0,0.0,0.0,0.0,0.0,0.4066749316790915,0.0,0.40574152981808226,0.0,0.0,0.0,0.41029165615584,0.4158612709330951,0.3698595545744211,0.0,0.0,0.0,0.5320280179645569,0.0,0.3999252098583488,0.36676108515273975,0.40065571548678136,0.0,0.0,0.0,0.0,0.4214129436761539
0.3398781079375203,0.36529829978861417,0.0,0.0,0.0,0.37028787330158813,0.411138614262694,0.43099286009970134,0.0,0.3343786583106789,0.0,0.33488405264158294,0.40705787008431615,0.0,0.37041407632000556,0.32221835189947007,0.3266440551667602,0.0,0.0,0.366029287380805,0.39305138619895086,0.3676376051276405,0.4018938697004425,0.3337925581930922,0.33208066275176135,0.3445465601726431,0.3797140888596462,0.3936086650123748,0.3871060726179468,0.0,0.3440235499301058,0.3676104534863485,0.31565492806147133,0.3460871315417336,0.35512627694229093,0.0,0.0,0.0,0.36949329294282607,0.3429354328341599,0.3491665306830406,0.0,0.0,0.0,0.0,0.38411892828362554,0.38553587718846255,0.0,0.0,0.0,0.0,0.0,0.0,0.0,0.3789485508473507,0.0,0.4018656911514494,0.0,0.0,0.0,0.37188950859241393,0.0,0.36809059832632157,0.0,0.0,0.0,0.3585722490529855,0.0,0.39689704635049644,0.3843243748510287,0.4063658664495326,0.0,0.0,0.0,0.0,0.376438435038841
0.0,0.0,0.24026582766969976,0.39118533561907987,0.3422332060087228,0.3407740474160137,0.3933086274551089,0.3653548306025097,0.2155211860205578,0.4261144162608806,0.23947561980081505,0.0,0.39306713197512655,0.3334697568316918,0.0,0.0,0.0,0.0,0.0,0.0,0.0,0.0,0.2903645333029879,0.0,0.0,0.0,0.3357280823378341,0.3983992752718324,0.0,0.0,0.4056643791253912,0.36525183703798714,0.4665104218382273,0.40257621923068765,0.38029968560071803,0.3400785655710371,0.3683227763604254,0.0,0.48205755838352504,0.0,0.0,0.0,0.44622511753477034,0.0,0.0,0.0,0.0,0.45551232163477634,0.0,0.0,0.5007654897819637,0.0,0.4578370583487135,0.47468212324353815,0.0,0.38996327570730455,0.0,0.0,0.0,0.0,0.0,0.0,0.0,0.4621546175477652,0.0,0.0,0.0,0.4956920419671005,0.0,0.0,0.0,0.4988635389694905,0.0,0.0,0.0,0.0
0.3529680983884008,0.3766483646664252,0.0,0.4327353890761436,0.36686655483714026,0.38551769068873587,0.4098751425636192,0.36956790436320397,0.37164286939618446,0.0,0.0,0.0,0.40499248248403236,0.0,0.32940006960925716,0.3772321917618584,0.38344617966136135,0.366029287380805,0.0,0.0,0.3519064432692623,0.3429938519321042,0.3235052647429793,0.0,0.35336601934951106,0.3834416927658935,0.3541580553106974,0.35124297779707814,0.33160032634977515,0.3354259680995235,0.35778440246176024,0.3754901620125156,0.3360233587716981,0.3806673213867381,0.4067738044087191,0.4586568953220695,0.4291431232832142,0.0,0.41457547528555644,0.3990017592349475,0.41972664111048086,0.4592179364811854,0.48469760725669475,0.0,0.0,0.0,0.4098348004291963,0.0,0.0,0.0,0.0,0.0,0.43675271667862897,0.0,0.0,0.0,0.0,0.0,0.0,0.4262720499622763,0.450108685195698,0.0,0.0,0.0,0.41718917541490436,0.41327345993824527,0.4268651904899618,0.4476630264994514,0.0,0.0,0.42761975137575525,0.44356601024216175,0.44687462153986557,0.4274365106306528,0.0,0.43777955691750847
0.3419212794178604,0.36341628634634005,0.0,0.0,0.0,0.3685755591302492,0.0,0.3633211209345431,0.0,0.4242074836141773,0.0,0.45235254399468977,0.41036548627259656,0.4029328811911713,0.3713729977142959,0.3758409045318953,0.43437391970765016,0.39305138619895086,0.0,0.3519064432692623,0.0,0.37974993317189026,0.37052270532222925,0.4267240597727184,0.3830334441591518,0.3818052496110103,0.3725007021247734,0.38197363794569783,0.34350447793440253,0.385478536547301,0.3546429611557112,0.3626780634474461,0.33205156433180066,0.36696221893248127,0.4137527627104412,0.0,0.0,0.5743514297281563,0.44630647172640214,0.4180517231543564,0.44089034720897446,0.44723331082299606,0.0,0.0,0.0,0.44178525429768956,0.4676820290977096,0.0,0.0,0.0,0.421533988904909,0.0,0.2707488434418434,0.0,0.0,0.0,0.0,0.0,0.0,0.4433722417972408,0.4396107859557511,0.0,0.0,0.0,0.42699535161723595,0.3651537229669899,0.46431016379092044,0.4261294876021344,0.0,0.0,0.46925403800501975,0.4366735652547654,0.0,0.42304882180981224,0.0,0.0
0.3527981745232016,0.37013378637697664,0.0,0.39549343988444063,0.37793818385984856,0.38261990814940994,0.41969681717761537,0.0,0.3727573482844815,0.0,0.0,0.5911756246612787,0.4227093146061416,0.0,0.3547597020495999,0.35847340307189846,0.3616254816608974,0.3676376051276405,0.0,0.3429938519321042,0.37974993317189026,0.0,0.4014721027826336,0.0,0.3668176722466597,0.37504364135805746,0.39446644908031797,0.3884349817007321,0.3699739239623449,0.3607569209622639,0.3549727284919988,0.37843548719437614,0.34048293575687133,0.36988212296464423,0.4102907003927343,0.45714913662384055,0.4231616373428449,0.0,0.4160956840057656,0.3981057284072703,0.40787347150145903,0.43315768235598684,0.41745939100252827,0.0,0.0,0.4383858067827048,0.4319810449300843,0.0,0.0,0.0,0.4300556662535702,0.0,0.0,0.0,0.0,0.0,0.0,0.0,0.0,0.45751653224615757,0.4052049264963072,0.0,0.0,0.0,0.42787065688151943,0.44204221088382084,0.4399469413124464,0.4382854351282997,0.0,0.39877540379143034,0.4546640821243784,0.42921915361588714,0.47457139318351654,0.39669576766341286,0.5702369555532273,0.40542658311800694
0.40677224664046685,0.37730627924300597,0.3242194747439716,0.36477141920665784,0.37004265978110523,0.3811023303282888,0.381786926468632,0.33560907022436226,0.36022614218319726,0.4359197015904711,0.2591859091583519,0.47436862980016614,0.3916261465498489,0.3479618305119792,0.358236547299118,0.39163481529407035,1.0,0.4018938697004425,0.2903645333029879,0.3235052647429793,0.37052270532222925,0.4014721027826336,0.0,0.4490100882047076,0.40300599130905485,0.4033945390056117,0.34365103580150774,0.3860612421286962,0.35759762687677876,0.37950036465423936,0.3835312693660015,0.3624753915906581,0.3423645902245566,0.39104284366586506,0.3985118627568575,0.3466416457372883,0.37657271302235024,0.0,0.44665892187940226,0.3883411638453391,0.4315892042962352,0.39977696777888716,0.426539940764461,0.0,0.0,0.0,0.4610423745409618,0.4870935765394501,0.0,0.4869328994533958,0.47647523759703775,0.4657100251282053,0.4396643334646885,0.48927762960254506,0.0,0.44468183073497825,0.5601862885772094,0.46039438571797875,0.41339127360648587,0.44163674542370196,0.542771603511772,0.0,0.0,0.46031201470816274,0.4509870338066413,0.4370890280317924,0.4490696485663427,0.47046219190534966,0.0,0.0,0.44592424859720553,0.4725813045781307,0.45201986484163775,0.4530815502759126,0.4544041764854776,0.46175118714448565
0.3571440243666303,0.0,0.0,0.0,0.41754824810331326,0.0,0.0,0.4618914588014358,0.0,0.27642208468081386,0.0,0.25057628002332294,0.35595952523210134,0.0,0.4459463121603207,0.3336685543445631,0.3362797568258844,0.3337925581930922,0.0,0.0,0.4267240597727184,0.0,0.4490100882047076,0.0,0.32826357577570725,0.31574392642762766,0.47029659967214943,0.3474377218548884,0.0,0.0,0.31184202898059116,0.2883432742780506,0.24383581257917325,0.20865425626580866,0.1379155540707887,0.0,0.0,0.219804862905087,0.3947842103326011,0.29694930711024126,0.29987012666094276,0.1958278447173127,0.0,0.0,0.29919870423993405,0.3405463984061199,0.36535533542108956,0.0,0.0,0.0,0.0,0.0,0.0,0.0,0.39197402209551224,0.0,0.3826671814505437,0.37980517914780026,0.0,0.0,0.35703932292293095,0.4018199237646733,0.3808500155938486,0.0,0.0,0.0,0.0,0.0,0.3601525561371336,0.37734016178487,0.4029715870243337,0.0,0.301329741515742,0.0,0.0,0.36322892996342127
0.33923282440668223,0.35945988328752815,0.0,0.0,0.0,0.3311166062252975,0.38580240029450386,0.4240163240071543,0.36937118361305854,0.30689777534364304,0.0,0.3175450698015045,0.3887863105692719,0.0,0.37514895381927926,0.3394139288031332,0.3254667623314897,0.33208066275176135,0.0,0.35336601934951106,0.3830334441591518,0.3668176722466597,0.40300599130905485,0.32826357577570725,0.0,0.33679332893785874,0.3468633820271873,0.3798460199617762,0.3716005677133335,0.0,0.33655069928116665,0.3358126510384321,0.2823387990264576,0.3095669047547588,0.32793270239284783,0.38657426552779733,0.0,0.27928178994125813,0.3793870875093343,0.3351939606803253,0.35294348531058917,0.35349919308934025,0.0,0.0,0.35813468755888694,0.3815454904879718,0.37505887774128566,0.0,0.0,0.0,0.0,0.0,0.0,0.0,0.41009301831334083,0.0,0.4122101058823672,0.0,0.0,0.0,0.3709253426194076,0.3998357303109706,0.3609635993746007,0.0,0.3590630751727587,0.0,0.3490508242470957,0.0,0.39680316587886266,0.37899050293087827,0.4025513259625363,0.4861798032731732,0.4813192252916664,0.39134558493301,0.0,0.3748503899839027
0.34543313114443386,0.37682580776935665,0.0,0.0,0.410693931562152,0.37987716443427355,0.39401057925918065,0.43808776336186517,0.41165806510897235,0.3044697575458615,0.0,0.28831932873953614,0.39172871522933717,0.485247460387919,0.3583134436764261,0.37898014892694093,0.3325695887595945,0.3445465601726431,0.0,0.3834416927658935,0.3818052496110103,0.37504364135805746,0.4033945390056117,0.31574392642762766,0.33679332893785874,0.0,0.4042709793657223,0.3780187211588593,0.3755642882805407,0.49356248252476376,0.3529012188532538,0.3724008119489389,0.32444974752659167,0.34633481197663696,0.40499268634891233,0.44952159974353134,0.43596338242923194,0.27692501601370934,0.4314160288239712,0.38213695820457044,0.41876167893255317,0.45453128725758096,0.0,0.0,0.3252041927814174,0.41013641931985434,0.46192797781258627,0.0,0.0,0.0,0.4661004508657676,0.0,0.0,0.0,0.4167803933575319,0.0,0.41748351334658573,0.0,0.0,0.476503988848573,0.4219377785321487,0.4121373616883216,0.3830597532191724,0.0,0.42995885165772507,0.46379253948118526,0.45985025709417077,0.45590420598983283,0.4040054014132903,0.3998731137703819,0.4349865028788019,0.45882403946997363,0.4568149451569909,0.42149300894848757,0.0,0.403014625059828
0.3965463083978866,0.3759594247882653,0.3063849113488813,0.3780790861135117,0.3738027840140019,0.364280582701378,0.3920730792924361,0.38747523815181206,0.3545359564327607,0.41985664453928057,0.35096417358299703,0.45038143673132436,0.39666811085518006,0.3837543709621763,0.3765705931518208,0.38523643296554777,0.0,0.3797140888596462,0.3357280823378341,0.3541580553106974,0.3725007021247734,0.39446644908031797,0.34365103580150774,0.47029659967214943,0.3468633820271873,0.4042709793657223,0.0,0.3851946398387294,0.3545427913496615,0.3639395657912547,0.3795581708767158,0.3669113333852237,0.3146150869460769,0.388677681441885,0.38869939639233475,0.38264501396577444,0.3756839620666584,0.0,0.4380960966440767,0.40329862607656874,0.421903264807236,0.420460490764636,0.4028551756918118,0.0,0.0,0.0,0.4761751444955873,0.5029212523947915,0.0,0.0,0.4745799635762363,0.4717164552823796,0.4547125484108265,0.48084013120523333,0.0,0.4752902777079489,0.0,0.4575414571497985,0.478843090793714,0.4374599428321287,0.0,0.0,0.0,0.49247810331882097,0.4471989765021014,0.4355035531643357,0.4417165438015705,0.46856620114382264,0.0,0.0,0.4515842038405623,0.4619634559189268,0.44793338269640093,0.44796321426262137,0.46533687469459656,0.45585276526359225
0.41197511990795893,0.3960739232169255,0.40344471737330884,0.2385973731462333,0.35612154896448484,0.37137578238706465,0.33869275295382606,0.3904901924350575,0.3979486570240015,0.35888987995754673,0.4088425288195384,0.33109939241469905,0.3175073943577516,0.271539189414104,0.35508177465591284,0.4090807285835673,0.38168556638536494,0.3936086650123748,0.3983992752718324,0.35124297779707814,0.38197363794569783,0.3884349817007321,0.3860612421286962,0.3474377218548884,0.3798460199617762,0.3780187211588593,0.3851946398387294,0.0,0.3240968321023222,0.30731157153884486,0.364062269645271,0.3524721635004943,0.32256981948520114,0.35309117713125165,0.33458134157894825,0.2588555419827827,0.23806683276067858,0.3274584848468193,0.3645230161496387,0.0,0.0,0.0,0.4418738800084076,0.0,0.0,0.0,0.0,0.0,0.0,0.0,0.4608337951446007,0.0,0.4397962917706257,0.0,0.3993845630732963,0.0,0.4268066489889182,0.0,0.0,0.4577837206190465,0.0,0.0,0.0,0.0,0.45067771035884713,0.0,0.0,0.4643708100017853,0.0,0.0,0.0,0.4570729344124278,0.4604645690384303,0.4475998870344971,0.0,0.4655874089106509
0.4047091359837022,0.37897882766769886,0.0,0.4758691368653477,0.39429681912564263,0.33266204628606494,0.4180357684811064,0.3490397199651775,0.37284923093465444,0.0,0.0,0.0,0.3967236587582375,0.0,0.34922811796650804,0.3971326284219992,0.43777581401316934,0.3871060726179468,0.0,0.33160032634977515,0.34350447793440253,0.3699739239623449,0.35759762687677876,0.0,0.3716005677133335,0.3755642882805407,0.3545427913496615,0.3240968321023222,0.0,0.3378677032662359,0.3461253263583908,0.3642887276611802,0.32288665532551164,0.3753079700360046,0.39552298559998866,0.4427595102625821,0.42402492836228045,0.0,0.4175303569797321,0.0,0.0,0.0,0.41137393467759525,0.0,0.0,0.0,0.42840548050040106,0.0,0.0,0.0,0.42536981457512635,0.0,0.4161109446147024,0.0,0.0,0.0,0.0,0.0,0.0,0.41845535050619675,0.0,0.0,0.0,0.0,0.4259780785991273,0.4031056075276721,0.42748851351909667,0.4424078122223087,0.0,0.0,0.43103999509914637,0.4453026067927478,0.43269517973277877,0.42937698055966084,0.4665649181173307,0.4366409647221474
0.0,0.3380468687170245,0.4459536115605384,0.0,0.35791279760142186,0.3918058302144699,0.37971815259799196,0.3870579544124379,0.41276267069226236,0.0,0.0,0.0,0.3635568270456881,0.0,0.332798482627028,0.41012247597511076,0.0,0.0,0.0,0.3354259680995235,0.385478536547301,0.3607569209622639,0.37950036465423936,0.0,0.0,0.49356248252476376,0.3639395657912547,0.30731157153884486,0.3378677032662359,0.0,0.32204067251658214,0.3596464853329873,0.3114385171801581,0.3588314892725304,0.0,0.0,0.0,0.0,0.4363819160781722,0.0,0.0,0.0,0.0,0.0,0.0,0.0,0.0,0.0,0.0,0.0,0.4901741581709803,0.0,0.0,0.0,0.0,0.0,0.0,0.0,0.0,0.5443715774290508,0.0,0.0,0.0,0.0,0.4651868369555064,0.0,0.0,0.46836982439888886,0.0,0.0,0.0,0.46062171613232666,0.0,0.4771217127693383,0.0,0.0
0.3402079572111241,0.33940021120338787,0.410625882096807,0.3119111237782971,0.4111099656155979,0.4009304247558278,0.40411776318227294,0.3938521966810846,0.40221958517678424,0.3157521349046158,0.4224660399896751,0.3030242494131032,0.38637786147727116,0.3377888609917529,0.37414832098195616,0.3422316660714558,0.33616435692696767,0.3440235499301058,0.4056643791253912,0.35778440246176024,0.3546429611557112,0.3549727284919988,0.3835312693660015,0.31184202898059116,0.33655069928116665,0.3529012188532538,0.3795581708767158,0.364062269645271,0.3461253263583908,0.32204067251658214,0.0,0.35498686159815585,0.31043659965614284,0.2908151731998664,0.2486148495242906,0.3819114314826058,0.31032031875417565,0.271421646242761,0.4018266024454626,0.266233413046069,0.3678362574399923,0.0,0.5107811064018845,0.0,0.3255460846057227,0.3812236038021485,0.4091781561548573,0.0,0.0,0.0,0.47166723687300655,0.0,0.42916729318183533,0.0,0.3873546575588019,0.0,0.3762578169145678,0.0,0.0,0.43917955742701026,0.38124025275157125,0.0,0.3677143058864051,0.0,0.43159645874198854,0.40300170219246517,0.42289816983605016,0.46520578821623987,0.34383804117313277,0.38427202038984765,0.4172248196794708,0.4625014420535517,0.4801897040487174,0.4468321168188598,0.0,0.39835194430739074
0.3551264356548506,0.3551309867326171,0.3848222231131056,0.2793520945265113,0.3671944617452942,0.37216998208501034,0.3667436977621846,0.3454162136257358,0.3752103936194012,0.31125852225522704,0.3745483755896386,0.2539055670756657,0.37848283329421917,0.2839145736779133,0.37757869933220556,0.37919950116802437,0.3540373783028058,0.3676104534863485,0.36525183703798714,0.3754901620125156,0.3626780634474461,0.37843548719437614,0.3624753915906581,0.2883432742780506,0.3358126510384321,0.3724008119489389,0.3669113333852237,0.3524721635004943,0.3642887276611802,0.3596464853329873,0.35498686159815585,0.0,0.29242631115697953,0.3070570616923986,0.31307370959995195,0.27713509380209045,0.2832415705265482,0.2391075656790825,0.24380161547434356,0.2414407308504764,0.28644324957387723,0.28921295517513357,0.3067300037565699,0.0,0.26577292618338416,0.393502905781358,0.40365346937129093,0.4742296804953439,0.0,0.0,0.43864223578935235,0.0,0.37643985117328693,0.4770721522444865,0.2893790886791809,0.41995455484853045,0.26795091084871653,0.0,0.3543059784199147,0.43088055242580364,0.39556828736752825,0.0,0.3747439183476248,0.4975070313862921,0.41996599824991343,0.4107856271847071,0.4288039082640134,0.44332270733540646,0.19955774458830805,0.3856875179520989,0.4044617689321462,0.4416315163489992,0.35897578817039194,0.41131680148374067,0.0,0.390544185551339
0.321901133537505,0.31820742283505965,0.5283231296615635,0.2682608541677325,0.39185711535547074,0.35146042741141337,0.3426965177170054,0.40717062284376165,0.3903645652912075,0.2573843966605897,0.43416173097844085,0.22942785749718467,0.34943870150257356,0.0,0.3633508963439121,0.3449249519431652,0.306800428778705,0.31565492806147133,0.4665104218382273,0.3360233587716981,0.33205156433180066,0.34048293575687133,0.3423645902245566,0.24383581257917325,0.2823387990264576,0.32444974752659167,0.3146150869460769,0.32256981948520114,0.32288665532551164,0.3114385171801581,0.31043659965614284,0.29242631115697953,0.0,0.21590550480036333,0.3211192143623193,0.2656412231037021,0.26870446354331884,0.17034312170621,0.24980608529580373,0.20464576717872948,0.23808353580500985,0.22742940242443335,0.31958273276576016,0.3283496733239101,0.23255423816229195,0.36578158701365937,0.3731274452049244,0.0,0.0,0.0,0.3535114618325415,0.0,0.0,0.0,0.3407730273579221,0.0,0.3374701348385001,0.0,0.0,0.4406984673890103,0.36181451872618997,0.0,0.3536800400996429,0.0,0.394873970964216,0.0,0.40225184047027057,0.3715197293033064,0.3300847567078462,0.36726741166200955,0.39630876270236837,0.3117342423175756,0.3789704816944965,0.35518309195183095,0.0,0.3273945365023526
0.33134666565152404,0.3394366487605552,0.4136618136609655,0.24215377812848332,0.3913873418821657,0.40019705070727585,0.37192299208851004,0.3897063960336386,0.4020303056319933,0.26943182991857545,0.411023472687012,0.23025587544848172,0.3793416719874192,0.36510239130168004,0.3844636966087025,0.33920889235339086,0.3301556537337394,0.3460871315417336,0.40257621923068765,0.3806673213867381,0.36696221893248127,0.36988212296464423,0.39104284366586506,0.20865425626580866,0.3095669047547588,0.34633481197663696,0.388677681441885,0.35309117713125165,0.3753079700360046,0.3588314892725304,0.2908151731998664,0.3070570616923986,0.21590550480036333,0.0,0.2687960605553334,0.3345851647154064,0.24271384128591272,0.1961124689161652,0.2759425941375877,0.22216829328256157,0.24154321794154773,0.21899231448918624,0.34122485377845263,0.0,0.22816191462953112,0.3128757460461436,0.4050212662389008,0.0,0.0,0.0,0.4582293280950856,0.0,0.4608163229790002,0.0,0.3480161488074071,0.0,0.3476423312195935,0.0,0.0,0.44142827111152805,0.38021621144387685,0.0,0.3625444676885038,0.0,0.42935447897973006,0.43553542367358994,0.43186534183704756,0.4677149020159469,0.31931139556285926,0.36546884243377803,0.4132001816775038,0.4627639136486203,0.0,0.4434254818495494,0.0,0.35892453520063333
0.36492256426915715,0.385500657275566,0.4054027787500823,0.2727481252030337,0.36109340948113716,0.39334717726766855,0.3459606420380602,0.38397496262562814,0.39521384504559703,0.2675239644925947,0.3910572464542884,0.2786972746372648,0.36930108812413964,0.0,0.41554599496236866,0.39355353992519804,0.3331538344114427,0.35512627694229093,0.38029968560071803,0.4067738044087191,0.4137527627104412,0.4102907003927343,0.3985118627568575,0.1379155540707887,0.32793270239284783,0.40499268634891233,0.38869939639233475,0.33458134157894825,0.39552298559998866,0.0,0.2486148495242906,0.31307370959995195,0.3211192143623193,0.2687960605553334,0.0,0.40417602884372883,0.30370422606086384,0.19645407654450167,0.28392438497051803,0.2576777749340703,0.28183993854743017,0.30975298775024745,0.0,0.0,0.0,0.4174710554353777,0.43833678420258587,0.0,0.0,0.0,0.5223359317837709,0.0,0.3853908034173173,0.0,0.0,0.0,0.0,0.0,0.0,0.4576741661651112,0.419140779078859,0.0,0.0,0.0,0.4433707950684252,0.0,0.4559945041105067,0.460009427883289,0.0,0.4010856847461287,0.4411722989116299,0.44834987399157117,0.0,0.46820525815268144,0.0,0.0
0.0,0.0,0.36554288902094284,0.21757821795381804,0.25545766844618323,0.382121858643258,0.2766884392244921,0.2679992246578259,0.35529348131438937,0.275674721209925,0.27785630669629485,0.0,0.30932971050128005,0.24376028720179543,0.4310660230647011,0.0,0.3632825509356387,0.0,0.3400785655710371,0.4586568953220695,0.0,0.45714913662384055,0.3466416457372883,0.0,0.38657426552779733,0.44952159974353134,0.38264501396577444,0.2588555419827827,0.4427595102625821,0.0,0.3819114314826058,0.27713509380209045,0.2656412231037021,0.3345851647154064,0.40417602884372883,0.0,0.18257292140317852,0.324444182390846,0.316984665621703,0.26875430287752533,0.3170318290570838,0.2716800733221315,0.3068928068486976,0.0,0.3103681655919514,0.0,0.0,0.4554529469620147,0.0,0.0,0.4234025959103207,0.0,0.405637980180795,0.44167899104477004,0.0,0.3800481530366109,0.31035728583068817,0.0,0.0,0.49909150245427064,0.0,0.0,0.0,0.43108507382440625,0.0,0.0,0.4677705043338845,0.43317358065505523,0.2198462245504023,0.0,0.0,0.42445629936391965,0.43783321379009416,0.44343540246265006,0.0,0.48545190388702397
0.0,0.0,0.4163837776448213,0.18338461292826655,0.2776247396068138,0.3856287099865778,0.27310889822399953,0.2569237437022051,0.38385058313810294,0.24067396637525598,0.3846125612953375,0.30163877829384045,0.2894715173780659,0.2134754466787703,0.4130008318385903,0.0,0.0,0.0,0.3683227763604254,0.4291431232832142,0.0,0.4231616373428449,0.37657271302235024,0.0,0.0,0.43596338242923194,0.3756839620666584,0.23806683276067858,0.42402492836228045,0.0,0.31032031875417565,0.2832415705265482,0.26870446354331884,0.24271384128591272,0.30370422606086384,0.18257292140317852,0.0,0.2727025601973053,0.2668555823924715,0.0,0.0,0.28079259937146134,0.0,0.0,0.0,0.0,0.0,0.0,0.0,0.0,0.0,0.0,0.0,0.0,0.0,0.0,0.2394943912684662,0.0,0.0,0.0,0.0,0.0,0.0,0.0,0.0,0.0,0.0,0.0,0.0,0.0,0.0,0.0,0.0,0.0,0.0,0.0
0.4433073660279657,0.0,0.0,0.0,0.37180035540585,0.0,0.33071662449879446,0.0,0.39558858507214856,0.24448997902904795,0.4092615322880342,0.19674595725222468,0.3377000325560562,0.0,0.0,0.0,0.2999945260515892,0.0,0.0,0.0,0.5743514297281563,0.0,0.0,0.219804862905087,0.27928178994125813,0.27692501601370934,0.0,0.3274584848468193,0.0,0.0,0.271421646242761,0.2391075656790825,0.17034312170621,0.1961124689161652,0.19645407654450167,0.324444182390846,0.2727025601973053,0.0,0.23321840480721623,0.2164276886742802,0.2305880723159217,0.23104291373766614,0.29974585465603903,0.0,0.23100784516000425,0.0,0.0,0.0,0.0,0.0,0.0,0.0,0.0,0.0,0.3349524666084043,0.0,0.25294605454497804,0.0,0.0,0.0,0.0,0.0,0.0,0.0,0.0,0.0,0.0,0.0,0.2824748637208124,0.3625863185481956,0.318836806836679,0.0,0.0,0.0,0.0,0.37325511699244296
0.4193044462878511,0.4179360979121038,0.5150362250513327,0.261423479012286,0.0,0.4299371002832929,0.0,0.42321409654637554,0.5031011168259097,0.32354625428887235,0.41837473604297665,0.22537558297489646,0.4176317728824555,0.0,0.43596323287052674,0.4103518558474913,0.3446196042799917,0.36949329294282607,0.48205755838352504,0.41457547528555644,0.44630647172640214,0.4160956840057656,0.44665892187940226,0.3947842103326011,0.3793870875093343,0.4314160288239712,0.4380960966440767,0.3645230161496387,0.4175303569797321,0.4363819160781722,0.4018266024454626,0.24380161547434356,0.24980608529580373,0.2759425941375877,0.28392438497051803,0.316984665621703,0.2668555823924715,0.23321840480721623,0.0,0.29768072186679023,0.3476733284877547,0.3486534183957401,0.27818485177218577,0.2954785353386545,0.2700257378891735,0.37530098362924325,0.37503769771163,0.39781454540747013,0.2634543484995704,0.35270392469233736,0.3746884228687531,0.3470161663863254,0.3500138680653299,0.38707059694524454,0.30944225573958484,0.35327947658936965,0.2778719493054136,0.35835246664280485,0.28551679158980714,0.3923176584791477,0.39095686150968967,0.3511122393602357,0.36549485830188155,0.3637438478915158,0.400414274295972,0.39715481025832416,0.3931776412426891,0.3658844312966317,0.3381567007876152,0.3493088010057413,0.37910778511278587,0.3791756845517852,0.32826810317812233,0.37872497153027035,0.36434600089758484,0.3625521773129894
