0.0,0.3458249046965407,0.0,0.0,0.0,0.38915357687706914,0.0,0.3906703719447121,0.0,0.3328659607732569,0.0,0.32645758163085487,0.0,0.3890320933780133,0.3361488088903072,0.3339870339861377,0.0,0.33909024361635975,0.0,0.34794340104469984,0.3347606821658141,0.335991858047837,0.35494319371958105,0.3210903349656536,0.32846131076491986,0.32015217580396393,0.38508239384200516,0.4124820614397786,0.3625436929552972,0.0,0.29244427218612984,0.35081485901970144,0.27673321340113743,0.3020145436455367,0.3720622306830918,0.0,0.0,0.0,0.38475156647000225,0.39253222036358426,0.3784218783295958,0.0,0.0,0.0,0.0,0.3847116578870364,0.40873347168315766,0.0,0.0,0.0,0.0,0.0,0.0,0.0,0.0,0.0,0.0,0.0,0.0,0.0,0.39951532215955843,0.0,0.40705916843204915,0.0,0.0,0.33177872527206514,0.4311290916951159,0.0,0.3369715717463987,0.41200865515842455,0.4148483390387677,0.0,0.0,0.3463033765364544,0.0,0.0
0.3458249046965407,0.0,0.0,0.0,0.0,0.3198604060376304,0.3588447279371879,0.3654763223000056,0.0,0.0,0.0,0.0,0.3397529047554584,0.0,0.40483065370645577,0.35054703558656275,0.0,0.3562131502506845,0.0,0.36636957650077673,0.3516318846636993,0.37233910141591214,0.3814169280128966,0.0,0.3430006319024239,0.3554693520587806,0.3714298544073142,0.33630507658121406,0.33357584903533016,0.2969755734459637,0.3042753512354247,0.35497986994305836,0.3116625060613671,0.30879068264168374,0.3850469350419469,0.0,0.0,0.0,0.4016247216152912,0.41111482171633473,0.39502693019155516,0.41296958132585276,0.0,0.0,0.0,0.40498145862091106,0.42022761133517483,0.0,0.0,0.0,0.40755833512008616,0.0,0.0,0.0,0.0,0.0,0.0,0.0,0.0,0.4450456533655133,0.4135866027191313,0.0,0.404950917569265,0.0,0.4034710298774489,0.42046053636176633,0.4190230133467197,0.43895071571680294,0.0,0.41525757562858323,0.43507428339333576,0.44014467237502874,0.0,0.39771077624894874,0.0,0.38378673305780203
0.0,0.0,0.0,0.0,0.3446780451432738,0.358847715257154,0.36904112726239746,0.3784026469450237,0.28494823913141887,0.0,0.28066210178529105,0.0,0.3727940547386824,0.35057976905617483,0.0,0.0,0.0,0.0,0.26312603391212414,0.0,0.0,0.0,0.2939804989509977,0.0,0.0,0.0,0.3070048602001045,0.3670684277489349,0.0,0.0,0.36833166532640843,0.3521387671431959,0.0,0.37411953772063183,0.38114434365588407,0.34152404340267195,0.0,0.0,0.4328090728950044,0.0,0.0,0.0,0.3830468034015968,0.0,0.0,0.0,0.0,0.4252833292701885,0.0,0.44878520760081986,0.4648580816034861,0.49447845067973656,0.45540789370847573,0.4378784459199855,0.0,0.39106706607556474,0.0,0.502267363237874,0.39619700282159026,0.0,0.0,0.0,0.0,0.32861072959987253,0.0,0.0,0.0,0.4614825519836758,0.0,0.0,0.0,0.48776188798860975,0.5208935423655574,0.0,0.0,0.0
0.0,0.0,0.0,0.0,0.2708572845071,0.33551582009191083,0.2587789268179639,0.34880646265761794,0.3612361265355721,0.14199483276490515,0.32234906579557476,0.0,0.2672376714512852,0.2577806628962964,0.0,0.0,0.0,0.0,0.37044998937424223,0.0,0.0,0.0,0.35019370653693205,0.0,0.0,0.0,0.34319512434037563,0.20657445820649245,0.0,0.0,0.17820918339437478,0.19276134498380793,0.22383076856526504,0.18167053893064644,0.18368875749558122,0.16302181091937884,0.13708267754190195,0.0,0.2506129692421097,0.0,0.2782116646067042,0.24004643702591616,0.27607812448834523,0.30334693348189334,0.0,0.0,0.0,0.0,0.0,0.0,0.0,0.0,0.0,0.0,0.16822920167101935,0.0,0.0,0.0,0.0,0.0,0.0,0.0,0.0,0.0,0.0,0.0,0.0,0.0,0.0,0.0,0.0,0.0,0.0,0.0,0.0,0.0
0.0,0.0,0.3446780451432738,0.2708572845071,0.0,0.34885121486446025,0.2867927218045396,0.32267024368619146,0.30151063939828937,0.3661952804800393,0.3216242963072332,0.3768499529115239,0.30829064192304173,0.2488338458989864,0.0,0.0,0.41672687099774297,0.43994418978914646,0.3410851417914006,0.0,0.0,0.0,0.34529662220178825,0.3803121719797023,0.38371556804038454,0.39053806108438255,0.33730155399469447,0.30445659416742027,0.38112075915311816,0.0,0.3518857252225762,0.28970475877143975,0.35494319209922254,0.3479873004607233,0.29697689956893025,0.2114078649201713,0.24313834130987538,0.0,0.0,0.0,0.0,0.0,0.36122014128658647,0.0,0.0,0.0,0.0,0.47858255410177486,0.0,0.0,0.49798915622226125,0.0,0.44903373119895057,0.48964020413076154,0.0,0.4015938378965123,0.0,0.0,0.3711945299417378,0.0,0.0,0.0,0.0,0.0,0.0,0.0,0.0,0.45247544257165245,0.0,0.0,0.0,0.4788297652325292,0.0,0.0,0.0,0.0
0.38915357687706914,0.3198604060376304,0.358847715257154,0.33551582009191083,0.34885121486446025,0.0,0.36164254132831686,0.34465705022962057,0.31902239229953394,0.3659485903809834,0.33436042891540857,0.40917692799912303,0.3412998225350738,0.3485523694878197,0.3585368048155136,0.34470091757787696,0.0,0.3534172489945765,0.3401027456167212,0.343965725864546,0.3477941005004834,0.3578760799573634,0.344411900082548,0.0,0.2992783303190896,0.31749461828764763,0.33568665271367387,0.3371317238592945,0.30061644488851785,0.33107563606681945,0.3450520448086041,0.33133794647113085,0.0,0.3404801415288737,0.3183789147225367,0.32741844582214624,0.33549524482073845,0.0,0.40221879844638936,0.0,0.43636081600067267,0.49928703949819747,0.39294250088376964,0.0,0.0,0.0,0.0,0.4723196426322368,0.0,0.48718882223585314,0.4403994224509353,0.4712362393444717,0.4050388830675911,0.4405698614682303,0.0,0.454514725243647,0.0,0.4555067046869313,0.4647017844356919,0.0,0.0,0.0,0.0,0.45710983412172285,0.447723839433521,0.4207988940755965,0.0,0.4465485787610388,0.0,0.0,0.0,0.45023479422602386,0.4393859148637705,0.42585672777210193,0.4831053285134408,0.43973455253637406
0.0,0.3588447279371879,0.36904112726239746,0.2587789268179639,0.2867927218045396,0.36164254132831686,0.0,0.3562325825549758,0.3481259506678004,0.3570254267324845,0.38928148419587855,0.34416005851050907,0.28288912481133094,0.29680913871572173,0.0,0.3881159268677299,0.3867570511175456,0.37968978515181084,0.38716742797327536,0.3745497452315836,0.4490565327520087,0.3970518486540175,0.37058734140708155,0.3536149531776659,0.35482353741161243,0.3611445982089337,0.36959110937344397,0.3241254452220144,0.3896760714432344,0.0,0.3131792512410145,0.3228493652450889,0.35455427139606777,0.35503183207343225,0.2772640526559287,0.253245413101777,0.24922753951474638,0.3278769222020911,0.0,0.0,0.0,0.0,0.0,0.0,0.0,0.0,0.0,0.0,0.0,0.0,0.47882562591656774,0.0,0.46211246450035237,0.0,0.0,0.5364736012706508,0.0,0.0,0.0,0.0,0.0,0.0,0.0,0.0,0.0,0.0,0.0,0.4493681696790462,0.0,0.0,0.0,0.4671137063055992,0.0,0.0,0.0,0.0
0.3906703719447121,0.3654763223000056,0.3784026469450237,0.34880646265761794,0.32267024368619146,0.34465705022962057,0.3562325825549758,0.0,0.3958330009051324,0.4144614288787398,0.26293943192334485,0.0,0.37951652288153576,0.31553473306473634,0.3388933241420703,0.3793580410126707,0.0,0.38673679734520106,0.3453793584501909,0.35020095501674653,0.32689249802473164,0.3823572757995982,0.3174101508430233,0.40849709434052744,0.35557554634056265,0.3774836411001353,0.39432511180935426,0.375807956043649,0.35422464598572667,0.373815907702934,0.3493868835604599,0.29642835159894254,0.3690588383116264,0.33910893591534164,0.3628962150274668,0.23142878590469249,0.3557217146993485,0.0,0.38943550307308994,0.0,0.4314826942043665,0.0,0.31704613668576037,0.0,0.0,0.0,0.0,0.4466815042765085,0.0,0.4197114071310155,0.4291805634954525,0.44325668765274273,0.30136635329531863,0.427015906689234,0.0,0.3697324529286989,0.0,0.42928018361416553,0.35054415374698955,0.45063056581714145,0.0,0.0,0.0,0.37619985651477544,0.4176912633955928,0.30422857026938693,0.3592156601994972,0.4204071464598361,0.0,0.0,0.0,0.4502374345375054,0.4279920193661894,0.43494468925358687,0.5199654620951673,0.44643676107072894
0.0,0.0,0.28494823913141887,0.3612361265355721,0.30151063939828937,0.31902239229953394,0.3481259506678004,0.3958330009051324,0.0,0.38439230166817506,0.2898131606420338,0.0,0.3410220490325093,0.3355868287258245,0.0,0.0,0.0,0.0,0.2571686967089413,0.0,0.0,0.0,0.349481651119576,0.0,0.0,0.0,0.33072399183258994,0.37307484130910973,0.34254270920882535,0.0,0.3781178449025831,0.3548367187485841,0.0,0.3757066645572263,0.3798188578955383,0.34481418814808246,0.3657149321563305,0.0,0.4329159664545934,0.0,0.0,0.0,0.38944616026291773,0.0,0.0,0.0,0.0,0.47304200669614577,0.0,0.48617729888291666,0.4752004691032797,0.5131786644609092,0.4221500619210415,0.4770673816730147,0.0,0.4205662590642785,0.0,0.5290245929210339,0.41515026937718763,0.0,0.0,0.0,0.0,0.4293751948518199,0.0,0.0,0.0,0.46521436015007295,0.0,0.0,0.0,0.47490201945781096,0.5171632246317256,0.0,0.0,0.5389864055830887
0.3328659607732569,0.0,0.0,0.14199483276490515,0.3661952804800393,0.3659485903809834,0.3570254267324845,0.4144614288787398,0.38439230166817506,0.0,0.39106228387199926,0.24819558204881748,0.34555694342833904,0.3258059837949728,0.0,0.0,0.2682028406068761,0.30343452337790877,0.4013082223840259,0.0,0.0,0.0,0.3895998518431841,0.26535495682718757,0.2929516896616481,0.2955664813284334,0.390895994479119,0.33334916557264793,0.4345581441505817,0.0,0.28487224161342156,0.2772488704338383,0.25600299327627324,0.2537081682024643,0.24550194835755454,0.25070853125194387,0.21637290892478192,0.23458212609286627,0.2910352093862002,0.2904260399002261,0.3197680509529383,0.25722819340352737,0.24162842006383795,0.0,0.31179126275182395,0.0,0.3408163907063673,0.0,0.0,0.0,0.0,0.412551927298985,0.0,0.0,0.3909735592057751,0.0,0.3907428114867539,0.4000602643956413,0.0,0.0,0.33481143690680987,0.3818041964881378,0.3446892971152314,0.0,0.0,0.0,0.0,0.0,0.3756676113481481,0.3554556993669286,0.3919545247947532,0.0,0.3633939768669389,0.0,0.0,0.3565743544444413
0.0,0.0,0.28066210178529105,0.32234906579557476,0.3216242963072332,0.33436042891540857,0.38928148419587855,0.26293943192334485,0.2898131606420338,0.39106228387199926,0.0,0.384689444556116,0.3874667476763698,0.253903406850671,0.0,0.0,0.0,0.0,0.23100310695552645,0.0,0.0,0.0,0.2471524479499068,0.412768457826302,0.0,0.0,0.3429528347433217,0.3770373766980348,0.0,0.0,0.3787843155837728,0.26229764041911935,0.0,0.38543599895124203,0.36371838557750097,0.23333029323278356,0.3652473400338861,0.0,0.0,0.0,0.0,0.0,0.3009428956681862,0.0,0.0,0.0,0.0,0.37668491463216974,0.0,0.3726453505975268,0.4319551954017275,0.4279403416228061,0.39301855083213927,0.43168539163047953,0.0,0.2838836301164082,0.0,0.44119435539212076,0.316490589065768,0.0,0.0,0.0,0.0,0.2757206675235542,0.0,0.0,0.0,0.4318301610701881,0.0,0.0,0.0,0.4442483074462678,0.0,0.0,0.0,0.0
0.32645758163085487,0.0,0.0,0.0,0.3768499529115239,0.40917692799912303,0.34416005851050907,0.0,0.0,0.24819558204881748,0.384689444556116,0.0,0.3446721110037242,0.0,0.0,0.0,0.29924634353286894,0.325886523350443,0.0,0.0,0.0,0.0,0.0,0.24217174149858475,0.3075547747647938,0.2841492801820262,0.0,0.3194128440093828,0.0,0.0,0.28476022688083114,0.24230627231346868,0.2450010780295866,0.22628533682465662,0.23818794345087452,0.24409485520380073,0.22741610220636013,0.1964176889584698,0.3180056192525153,0.2664479499844325,0.3020842900191863,0.0,0.0,0.0,0.32092287737893344,0.0,0.0,0.0,0.0,0.0,0.0,0.0,0.0,0.0,0.38719737524902387,0.0,0.38541274793273966,0.41515914505126006,0.0,0.0,0.0,0.3920024631555797,0.3452560500955675,0.0,0.0,0.0,0.0,0.0,0.36137691953690754,0.35781098118992277,0.3907574226594283,0.0,0.38317979947031516,0.0,0.0,0.3651879912011559
0.0,0.3397529047554584,0.3727940547386824,0.2672376714512852,0.30829064192304173,0.3412998225350738,0.28288912481133094,0.37951652288153576,0.3410220490325093,0.34555694342833904,0.3874667476763698,0.3446721110037242,0.0,0.3039530024448637,0.3324168360870898,0.38124150891842945,0.35951273455854116,0.3723568033137838,0.3846299293049466,0.3684707013531064,0.37401976736630516,0.39261633610333246,0.3757735395510231,0.35468542818990306,0.3373994383622507,0.3370304691044275,0.372825232218085,0.3144947720045262,0.3586210732092573,0.3548147664351969,0.3333564685370896,0.3241366172964351,0.3430223050949327,0.33992815182538316,0.30234548421347857,0.2504993037901276,0.2571790481174038,0.33114668068685504,0.4308331236183548,0.0,0.503733312755987,0.0,0.40053270503937116,0.0,0.0,0.0,0.0,0.5173104697760248,0.0,0.0,0.45877244430622266,0.5584350297077483,0.422673320507305,0.5409942335898165,0.40647616744917825,0.49929688888269547,0.0,0.5337721365158605,0.0,0.5806594158016294,0.0,0.0,0.0,0.6685061721257268,0.5036781636764853,0.5242478292451547,0.0,0.451068047629912,0.0,0.572796316218271,0.0,0.45496062490057415,0.516622622737251,0.4685457176580551,0.9922984140889732,0.5466966280747989
0.3890320933780133,0.0,0.35057976905617483,0.2577806628962964,0.2488338458989864,0.3485523694878197,0.29680913871572173,0.31553473306473634,0.3355868287258245,0.3258059837949728,0.253903406850671,0.0,0.3039530024448637,0.0,0.0,0.0,0.0,0.0,0.2925371554220199,0.0,0.36688568406450434,0.0,0.3396734196047238,0.0,0.0,0.43908765151282486,0.3749888496247065,0.2897498044288004,0.0,0.0,0.0,0.19093503617173654,0.0,0.33833419841246637,0.0,0.18733146752931232,0.15419717277111908,0.0,0.0,0.0,0.0,0.0,0.0,0.0,0.0,0.0,0.0,0.0,0.0,0.0,0.0,0.0,0.0,0.0,0.0,0.3019262611844962,0.0,0.0,0.0,0.0,0.0,0.0,0.0,0.0,0.0,0.0,0.0,0.0,0.0,0.0,0.0,0.0,0.0,0.0,0.0,0.0
0.3361488088903072,0.40483065370645577,0.0,0.0,0.0,0.3585368048155136,0.0,0.3388933241420703,0.0,0.0,0.0,0.0,0.3324168360870898,0.0,0.0,0.33952453262956644,0.0,0.337060163527713,0.0,0.2961673364103295,0.32528614063576783,0.3598958999888585,0.32877552547858563,0.0,0.32886490989064215,0.36301370998815485,0.3521751376557211,0.35046685307813363,0.3154467729161154,0.3269983268140016,0.3219582237915327,0.3663279667935049,0.34263444299973195,0.36353741464944805,0.4072845743438247,0.0,0.0,0.0,0.41210845286606657,0.41506819743467965,0.4254635285796072,0.4447465981525983,0.0,0.0,0.0,0.2990004548862104,0.44121558279563594,0.0,0.0,0.0,0.4171936353122732,0.0,0.3573628280755369,0.0,0.0,0.0,0.0,0.0,0.0,0.4268177117040053,0.4518795497700607,0.0,0.0,0.0,0.41299298122651085,0.39322399212611836,0.43582293889401647,0.42024421149364916,0.0,0.0,0.45960894015470066,0.4300972404627537,0.45135555708597874,0.3901831087479188,0.0,0.4204163689181016
0.3339870339861377,0.35054703558656275,0.0,0.0,0.0,0.34470091757787696,0.3881159268677299,0.3793580410126707,0.0,0.0,0.0,0.0,0.38124150891842945,0.0,0.33952453262956644,0.0,0.3184277225461456,0.32170269311444394,0.0,0.3574567861050546,0.32764876089878286,0.3389683336247842,0.3433184019283815,0.32323516607455055,0.34087227826776206,0.3456112980502222,0.35755728562501526,0.3661208852457112,0.3610643532231636,0.34160968045536594,0.3033732081561526,0.3606532178992606,0.3232072530755171,0.3269479512430159,0.4034059002029381,0.0,0.0,0.0,0.36061088243776007,0.39725503134697954,0.37515734043616855,0.3968315368202946,0.0,0.0,0.0,0.3921395226733479,0.39991762962975835,0.0,0.0,0.0,0.0,0.0,0.0,0.0,0.0,0.0,0.0,0.0,0.0,0.3952755985854668,0.3920790092275851,0.0,0.38982081472086383,0.0,0.42484707264001187,0.40946249226991893,0.40238989661398405,0.0,0.0,0.40830945482441405,0.41626856899897813,0.0,0.0,0.4349603452798061,0.0,0.3590423540621871
0.0,0.0,0.0,0.0,0.41672687099774297,0.0,0.3867570511175456,0.0,0.0,0.2682028406068761,0.0,0.29924634353286894,0.35951273455854116,0.0,0.0,0.3184277225461456,0.0,0.2715135155345805,0.0,0.35520126623364123,0.0,0.3283797772654932,0.0,0.29542257503736813,0.2855568395715892,0.31251317732904277,0.0,0.3523658606566675,0.0,0.0,0.28615840657740566,0.3171625727038881,0.2742229190864183,0.2767549753668116,0.29689010733584353,0.0,0.0,0.28492851824288223,0.0,0.3039084781129855,0.32151761904712756,0.0,0.0,0.0,0.0,0.0,0.0,0.0,0.0,0.0,0.0,0.0,0.0,0.0,0.3718541754881209,0.0,0.37846708472268553,0.0,0.0,0.0,0.0,0.37778827485963107,0.35980651574555145,0.0,0.0,0.0,0.0,0.0,0.40159747264643625,0.32555283929441386,0.37701551853438264,0.0,0.0,0.0,0.0,0.0
0.33909024361635975,0.3562131502506845,0.0,0.0,0.43994418978914646,0.3534172489945765,0.37968978515181084,0.38673679734520106,0.0,0.30343452337790877,0.0,0.325886523350443,0.3723568033137838,0.0,0.337060163527713,0.32170269311444394,0.2715135155345805,0.0,0.0,0.35613327075992796,0.356315470584854,0.3512408322543534,0.35602792237909486,0.32785253073594894,0.3342263898500325,0.3407133127913873,0.3607570811744995,0.35738475234335965,0.3531058579845914,0.3575559744891632,0.31077858745216047,0.36204890060684924,0.30266873250870524,0.30675831004408705,0.35935433988696974,0.0,0.0,0.3313556687966913,0.3229119853577177,0.3492509130338955,0.32436679157150383,0.3533436332019287,0.0,0.0,0.0,0.39823686559216026,0.3928091256374136,0.0,0.0,0.0,0.0,0.0,0.0,0.0,0.3735250106897741,0.0,0.39025274453249664,0.0,0.0,0.0,0.38406773472248174,0.3829209393878747,0.37960676734807547,0.0,0.0,0.0,0.3849093006683548,0.0,0.39454132488527144,0.39569570262808007,0.40318829908366877,0.0,0.0,0.0,0.0,0.3568755122700191
0.0,0.0,0.26312603391212414,0.37044998937424223,0.3410851417914006,0.3401027456167212,0.38716742797327536,0.3453793584501909,0.2571686967089413,0.4013082223840259,0.23100310695552645,0.0,0.3846299293049466,0.2925371554220199,0.0,0.0,0.0,0.0,0.0,0.0,0.0,0.0,0.25320340676906067,0.0,0.0,0.0,0.3123583604480684,0.3646878077032003,0.0,0.0,0.39463059773168674,0.3466536295261151,0.0,0.3859064637382527,0.3717190767101179,0.31137644059672387,0.376669764055007,0.0,0.0,0.0,0.0,0.0,0.38922233939036255,0.0,0.0,0.0,0.0,0.4255716373368245,0.0,0.45984803319634043,0.4873482335952426,0.5198672170813349,0.42426739105945516,0.43506122642040335,0.0,0.3491730853597987,0.0,0.0,0.39866454506843385,0.0,0.0,0.0,0.0,0.45921419651703554,0.0,0.0,0.0,0.46138162984925596,0.0,0.0,0.0,0.47234634731151065,0.0,0.0,0.0,0.0
0.34794340104469984,0.36636957650077673,0.0,0.0,0.0,0.343965725864546,0.3745497452315836,0.35020095501674653,0.0,0.0,0.0,0.0,0.3684707013531064,0.0,0.2961673364103295,0.3574567861050546,0.35520126623364123,0.35613327075992796,0.0,0.0,0.36845905675657,0.34329307186402647,0.2824815809835321,0.0,0.3305865699906572,0.38948813502011165,0.3069408527931758,0.33808741817483184,0.2961550444297381,0.3134331902124903,0.3226438616818231,0.378993517782884,0.35387951629715364,0.3569318210778678,0.41290210509528025,0.0,0.0,0.0,0.40852140135691983,0.0,0.43143804902239913,0.401216677044141,0.0,0.0,0.0,0.0,0.4076256664889902,0.0,0.0,0.0,0.44012288297998775,0.0,0.44292093799387916,0.0,0.0,0.0,0.0,0.0,0.0,0.42828330560884614,0.0,0.0,0.0,0.0,0.42395409966123404,0.40177292385111574,0.43387662673873373,0.439610982848281,0.0,0.0,0.42227626731875295,0.450490306423645,0.45042174901553444,0.4164852011295136,0.0,0.4297120212853659
0.3347606821658141,0.3516318846636993,0.0,0.0,0.0,0.3477941005004834,0.4490565327520087,0.32689249802473164,0.0,0.0,0.0,0.0,0.37401976736630516,0.36688568406450434,0.32528614063576783,0.32764876089878286,0.0,0.356315470584854,0.0,0.36845905675657,0.0,0.3643113785553096,0.3211748402406289,0.3969499778199155,0.35670787414088023,0.3510829526882788,0.37516639293248527,0.3761039183396093,0.34901624545204774,0.3551887929226296,0.31510795013581117,0.3511642390192373,0.3084721104667744,0.327259520946063,0.3928277002881657,0.33944448391109117,0.0,0.0,0.37008088632015007,0.0,0.41294546997111187,0.0,0.0,0.0,0.0,0.3751161088023091,0.4166451108502246,0.0,0.0,0.0,0.3918110614665032,0.0,0.328149355481647,0.0,0.0,0.0,0.0,0.0,0.0,0.4087838220186442,0.0,0.0,0.0,0.0,0.4002154435163093,0.3017093678994666,0.42820979735412273,0.41824429127935575,0.0,0.4690751212891803,0.4348197212023298,0.4328615213370923,0.41062922079263164,0.36669466673951645,0.0,0.4141334224626546
0.335991858047837,0.37233910141591214,0.0,0.0,0.0,0.3578760799573634,0.3970518486540175,0.3823572757995982,0.0,0.0,0.0,0.0,0.39261633610333246,0.0,0.3598958999888585,0.3389683336247842,0.3283797772654932,0.3512408322543534,0.0,0.34329307186402647,0.3643113785553096,0.0,0.38576880819947895,0.0,0.3424545225165683,0.37523768913045863,0.37745869470328264,0.3555984123655471,0.35604856624565867,0.3203184858232672,0.3162173003840848,0.37909617198098866,0.3543713389884506,0.35258828320868435,0.4165253194441628,0.0,0.0,0.0,0.409632723197675,0.4140768314964559,0.40725703169822475,0.4251480074724299,0.0,0.0,0.0,0.40408117387035364,0.41559298284984325,0.0,0.0,0.0,0.42770085484071707,0.0,0.0,0.0,0.0,0.0,0.0,0.0,0.0,0.45162988388746406,0.40341368029871727,0.0,0.4354009812055571,0.0,0.42954441375109587,0.42428756534706336,0.43262657503149243,0.4337404363102952,0.0,0.4008623031813463,0.4432839913890838,0.44074932553494384,0.0,0.4116626519278087,0.0,0.40340596040330046
0.35494319371958105,0.3814169280128966,0.2939804989509977,0.35019370653693205,0.34529662220178825,0.344411900082548,0.37058734140708155,0.3174101508430233,0.349481651119576,0.3895998518431841,0.2471524479499068,0.0,0.3757735395510231,0.3396734196047238,0.32877552547858563,0.3433184019283815,0.0,0.35602792237909486,0.25320340676906067,0.2824815809835321,0.3211748402406289,0.38576880819947895,0.0,0.4035389311397527,0.33732905872384306,0.37885131723824494,0.3295961545609787,0.3806002909711126,0.3677121939670923,0.36582212234506134,0.3678384254514932,0.36660742933596374,0.3453009449274796,0.3764366346229606,0.39861458632839003,0.31911795657087755,0.35760332772610326,0.0,0.4370840461035776,0.4114272802380594,0.45219714236436,0.440631340135405,0.37798776961082403,0.0,0.0,0.0,0.4515201442102945,0.45932376000086117,0.0,0.45544464339362156,0.4582264492991617,0.4669430873174709,0.4177797508305749,0.45279679047607,0.0,0.3957486170367704,0.0,0.4595166074759496,0.3751845673486389,0.4258707436825502,0.0,0.0,0.0,0.4208843326623932,0.4384684235592204,0.3929779152949199,0.43151086735170224,0.45401658334095635,0.0,0.0,0.44158646558238684,0.4692579888843011,0.4539174851828138,0.4369744131094783,0.46234305552737537,0.44645747845780487
0.3210903349656536,0.0,0.0,0.0,0.3803121719797023,0.0,0.3536149531776659,0.40849709434052744,0.0,0.26535495682718757,0.412768457826302,0.24217174149858475,0.35468542818990306,0.0,0.0,0.32323516607455055,0.29542257503736813,0.32785253073594894,0.0,0.0,0.3969499778199155,0.0,0.4035389311397527,0.0,0.3211581136685762,0.30151330690145073,0.0,0.34031510772592305,0.0,0.0,0.26830133924326455,0.277997516358378,0.24054406890456048,0.2404669445117089,0.2278468466815505,0.0,0.22841809819075282,0.21928083906629003,0.29682472831604684,0.23595121216507442,0.2737772616285758,0.19125170736496513,0.0,0.0,0.2239174408662446,0.37916673070826157,0.3796151410110623,0.0,0.0,0.0,0.0,0.0,0.0,0.0,0.38471743383025764,0.0,0.36018392321692,0.4061224160248728,0.0,0.0,0.3784337985983507,0.37832061378673215,0.37614675699297917,0.0,0.0,0.0,0.0,0.0,0.34732643960127957,0.378900986157317,0.40114255752479205,0.0,0.2726396908299075,0.0,0.0,0.3152387021951506
0.32846131076491986,0.3430006319024239,0.0,0.0,0.38371556804038454,0.2992783303190896,0.35482353741161243,0.35557554634056265,0.0,0.2929516896616481,0.0,0.3075547747647938,0.3373994383622507,0.0,0.32886490989064215,0.34087227826776206,0.2855568395715892,0.3342263898500325,0.0,0.3305865699906572,0.35670787414088023,0.3424545225165683,0.33732905872384306,0.3211581136685762,0.0,0.3286086713917968,0.3285827260989833,0.33179397987656056,0.3160395718269463,0.0,0.31240645473742945,0.3410628489585379,0.2832511102968141,0.2914978497559002,0.35200962917226053,0.3264316798806508,0.0,0.2906636342946918,0.34404312923129343,0.34491247374371686,0.3306475313769735,0.34202821293212976,0.0,0.0,0.3535118439493837,0.394750875019265,0.3960422335631116,0.0,0.0,0.0,0.0,0.0,0.0,0.0,0.3841848917632522,0.0,0.38885316426158645,0.5301619885369951,0.0,0.0,0.3826093345881727,0.3747448041429715,0.37774929306306754,0.0,0.3851526452577565,0.4449548262523592,0.38211355669774766,0.0,0.38682341399337633,0.3883400645024079,0.39759409296181486,0.0,0.45745469615968704,0.40091893122825406,0.0,0.3543892473152933
0.32015217580396393,0.3554693520587806,0.0,0.0,0.39053806108438255,0.31749461828764763,0.3611445982089337,0.3774836411001353,0.0,0.2955664813284334,0.0,0.2841492801820262,0.3370304691044275,0.43908765151282486,0.36301370998815485,0.3456112980502222,0.31251317732904277,0.3407133127913873,0.0,0.38948813502011165,0.3510829526882788,0.37523768913045863,0.37885131723824494,0.30151330690145073,0.3286086713917968,0.0,0.4042595599882934,0.34899181641144095,0.33840058332188366,0.0,0.31524964720683796,0.36935638072046445,0.30423436257428327,0.31787604817675935,0.3924161095724088,0.0,0.0,0.28912020534815863,0.39500699192140637,0.36710526031328505,0.38429933433586244,0.3672038872344462,0.0,0.0,0.3826916025161326,0.3972905509718637,0.4070200770672324,0.0,0.0,0.0,0.4300082662079984,0.0,0.0,0.0,0.39674214620971326,0.0,0.404986728452474,0.5098307900451001,0.0,0.4621716048421063,0.39738571827012037,0.39455544183311386,0.39089845345793306,0.0,0.42518439637847294,0.4363991918770415,0.44297416143147905,0.4425051649545312,0.411717322065421,0.39871720731884797,0.4195468924946816,0.44592348219682026,0.45039943389521775,0.41585642312433524,0.0,0.3701862194006767
0.38508239384200516,0.3714298544073142,0.3070048602001045,0.34319512434037563,0.33730155399469447,0.33568665271367387,0.36959110937344397,0.39432511180935426,0.33072399183258994,0.390895994479119,0.3429528347433217,0.0,0.372825232218085,0.3749888496247065,0.3521751376557211,0.35755728562501526,0.0,0.3607570811744995,0.3123583604480684,0.3069408527931758,0.37516639293248527,0.37745869470328264,0.3295961545609787,0.0,0.3285827260989833,0.4042595599882934,0.0,0.3798048578610986,0.33066964365949286,0.3750106764876668,0.3575230232381855,0.3719876477774228,0.3549544981730683,0.3717306727886431,0.3969642346176624,0.368088052803979,0.35183469725709043,0.0,0.4337812421911745,0.0,0.44905003173057767,0.467909380223897,0.4020925262323434,0.0,0.0,0.0,0.4833012890760175,0.4789100198247906,0.0,0.48476246571030285,0.4655214369717478,0.4776724560535421,0.44802391703645367,0.4676992536427251,0.0,0.43536566195002324,0.0,0.46385924509264853,0.42641145427907834,0.4340296763000413,0.0,0.0,0.0,0.45467189799561847,0.44063380785961026,0.42058797155019934,0.4325925806243608,0.4660753073990438,0.0,0.0,0.4511588723604252,0.4694493597060627,0.45298550723409875,0.44217877407304085,0.484473093267417,0.45686226455924417
0.4124820614397786,0.33630507658121406,0.3670684277489349,0.20657445820649245,0.30445659416742027,0.3371317238592945,0.3241254452220144,0.375807956043649,0.37307484130910973,0.33334916557264793,0.3770373766980348,0.3194128440093828,0.3144947720045262,0.2897498044288004,0.35046685307813363,0.3661208852457112,0.3523658606566675,0.35738475234335965,0.3646878077032003,0.33808741817483184,0.3761039183396093,0.3555984123655471,0.3806002909711126,0.34031510772592305,0.33179397987656056,0.34899181641144095,0.3798048578610986,0.0,0.3165803758347302,0.290268388222635,0.32687112179838357,0.3211635881412629,0.30614774946328177,0.3372351470901309,0.31355271157837955,0.20725763996984176,0.21593136839967483,0.27847906814640877,0.3805272337436708,0.4398941518957225,0.4472698165059056,0.495507836411312,0.4507883305011699,0.4367947514135302,0.0,0.0,0.0,0.0,0.0,0.0,0.4448686673095893,0.5687033413088821,0.41641588656105766,0.0,0.3581435189679267,0.0,0.0,0.51079352904026,0.0,0.4560434009427258,0.0,0.0,0.0,0.0,0.4444024679904373,0.420389318923688,0.5070248184213693,0.45240273680821286,0.0,0.5240956624590326,0.44663852918572083,0.4552335793778935,0.464451473304464,0.4404446794124844,0.6045077515142415,0.4631022832260325
0.3625436929552972,0.33357584903533016,0.0,0.0,0.38112075915311816,0.30061644488851785,0.3896760714432344,0.35422464598572667,0.34254270920882535,0.4345581441505817,0.0,0.0,0.3586210732092573,0.0,0.3154467729161154,0.3610643532231636,0.0,0.3531058579845914,0.0,0.2961550444297381,0.34901624545204774,0.35604856624565867,0.3677121939670923,0.0,0.3160395718269463,0.33840058332188366,0.33066964365949286,0.3165803758347302,0.0,0.29083654652304697,0.3098767887971517,0.34707358896422386,0.3131196033003711,0.3336378448944073,0.3671633068382308,0.0,0.0,0.0,0.41485723953334036,0.0,0.44661100896935624,0.0,0.0,0.0,0.0,0.0,0.0,0.0,0.0,0.0,0.44010942330894337,0.0,0.4118885329298637,0.0,0.0,0.0,0.0,0.4716207154468163,0.0,0.41165710313955256,0.0,0.0,0.0,0.0,0.4216680649072307,0.39522846280137197,0.41966477788575207,0.44346163857913784,0.0,0.0,0.41960925293464707,0.4494817438649249,0.4499793487162833,0.42791057244362357,0.48629013763898,0.43695247839014933
0.0,0.2969755734459637,0.0,0.0,0.0,0.33107563606681945,0.0,0.373815907702934,0.0,0.0,0.0,0.0,0.3548147664351969,0.0,0.3269983268140016,0.34160968045536594,0.0,0.3575559744891632,0.0,0.3134331902124903,0.3551887929226296,0.3203184858232672,0.36582212234506134,0.0,0.0,0.0,0.3750106764876668,0.290268388222635,0.29083654652304697,0.0,0.27937204207894567,0.33742134033558124,0.0,0.29962417660824214,0.3561208315702783,0.0,0.0,0.0,0.39487239432277244,0.0,0.0,0.0,0.0,0.0,0.0,0.0,0.0,0.0,0.0,0.0,0.46877418915666236,0.0,0.0,0.0,0.0,0.0,0.0,0.0,0.0,0.5136007513229516,0.0,0.0,0.0,0.0,0.44570175425525865,0.3560591262416305,0.0,0.4583556427311934,0.0,0.0,0.0,0.45240341937004613,0.0,0.0,0.0,0.0
0.29244427218612984,0.3042753512354247,0.36833166532640843,0.17820918339437478,0.3518857252225762,0.3450520448086041,0.3131792512410145,0.3493868835604599,0.3781178449025831,0.28487224161342156,0.3787843155837728,0.28476022688083114,0.3333564685370896,0.0,0.3219582237915327,0.3033732081561526,0.28615840657740566,0.31077858745216047,0.39463059773168674,0.3226438616818231,0.31510795013581117,0.3162173003840848,0.3678384254514932,0.26830133924326455,0.31240645473742945,0.31524964720683796,0.3575230232381855,0.32687112179838357,0.3098767887971517,0.27937204207894567,0.0,0.3082069083915433,0.2688292710892616,0.23921178072092034,0.24639506080145354,0.13834544029414386,0.14912942944304386,0.25324827574389575,0.37416959509713266,0.22395077062040367,0.356308160020866,0.0,0.0,0.0,0.2594455523857052,0.363877470600083,0.3617689846576691,0.0,0.0,0.0,0.44983127410030904,0.0,0.39949311260896514,0.0,0.3565246877785417,0.0,0.31563498870814183,0.0,0.0,0.3815370602702758,0.3395698221275161,0.30087403388523315,0.371382170374846,0.0,0.415158508996237,0.37963711467595596,0.3902008274634494,0.438101742833175,0.26729008173436153,0.3773213390089657,0.38068287435606274,0.4463902527452964,0.4757813838925969,0.4230293726247509,0.0,0.3595888160176915
0.35081485901970144,0.35497986994305836,0.3521387671431959,0.19276134498380793,0.28970475877143975,0.33133794647113085,0.3228493652450889,0.29642835159894254,0.3548367187485841,0.2772488704338383,0.26229764041911935,0.24230627231346868,0.3241366172964351,0.19093503617173654,0.3663279667935049,0.3606532178992606,0.3171625727038881,0.36204890060684924,0.3466536295261151,0.378993517782884,0.3511642390192373,0.37909617198098866,0.36660742933596374,0.277997516358378,0.3410628489585379,0.36935638072046445,0.3719876477774228,0.3211635881412629,0.34707358896422386,0.33742134033558124,0.3082069083915433,0.0,0.3018659021308723,0.3102635876576735,0.33474879594770335,0.1994196959381857,0.23855516175044242,0.21265834045998352,0.2949264625526429,0.2894315988760427,0.31633328378809866,0.27962491422643154,0.29395095974424434,0.28188189653568174,0.26061170791638205,0.40847536973762755,0.41202852945911234,0.0,0.0,0.0,0.42153261727853986,0.0,0.38343689019486576,0.0,0.28321301374234836,0.34479911992885404,0.2751153435681482,0.4432162346543688,0.0,0.4183610870941503,0.400656223168171,0.0,0.3725083035397714,0.0,0.41870769414779574,0.36672279299871946,0.42057750140670197,0.4432218132298975,0.0,0.3845053574670986,0.4261063978417638,0.4444789277037979,0.4008448771365243,0.40387305631387893,0.4517350953322616,0.38873504281423577
0.27673321340113743,0.3116625060613671,0.0,0.22383076856526504,0.35494319209922254,0.0,0.35455427139606777,0.3690588383116264,0.0,0.25600299327627324,0.0,0.2450010780295866,0.3430223050949327,0.0,0.34263444299973195,0.3232072530755171,0.2742229190864183,0.30266873250870524,0.0,0.35387951629715364,0.3084721104667744,0.3543713389884506,0.3453009449274796,0.24054406890456048,0.2832511102968141,0.30423436257428327,0.3549544981730683,0.30614774946328177,0.3131196033003711,0.0,0.2688292710892616,0.3018659021308723,0.0,0.21728354492097612,0.3763738897888844,0.25421802471987004,0.22446346369893785,0.20757806305137788,0.2738783643288199,0.20623160107587266,0.24869498457853614,0.2455211969552707,0.3028774247954291,0.27035604936072716,0.21564490546291956,0.38378877108472,0.3870360397093664,0.0,0.0,0.0,0.0,0.0,0.0,0.0,0.294410797028732,0.0,0.27621619564350564,0.0,0.0,0.44937366187673705,0.36009210273627945,0.30953433391541285,0.3467209738829573,0.0,0.3754122879727658,0.42201883917636296,0.4155835035563822,0.0,0.2545844396398827,0.350601077336781,0.38406641645093215,0.4056261627584398,0.0,0.3655478011481644,0.0,0.285567785261374
0.3020145436455367,0.30879068264168374,0.37411953772063183,0.18167053893064644,0.3479873004607233,0.3404801415288737,0.35503183207343225,0.33910893591534164,0.3757066645572263,0.2537081682024643,0.38543599895124203,0.22628533682465662,0.33992815182538316,0.33833419841246637,0.36353741464944805,0.3269479512430159,0.2767549753668116,0.30675831004408705,0.3859064637382527,0.3569318210778678,0.327259520946063,0.35258828320868435,0.3764366346229606,0.2404669445117089,0.2914978497559002,0.31787604817675935,0.3717306727886431,0.3372351470901309,0.3336378448944073,0.29962417660824214,0.23921178072092034,0.3102635876576735,0.21728354492097612,0.0,0.35625825520537957,0.24879934780263296,0.2071909130273842,0.201375594964201,0.3170966507338254,0.2682695080454558,0.3297009839970498,0.24399628023530723,0.3255292177884359,0.2978059143311485,0.21531099095515538,0.3633809304111895,0.3854764523713102,0.0,0.0,0.0,0.44554323542550406,0.0,0.40233312366381274,0.0,0.33190562560747844,0.0,0.3339422146563633,0.5078943827816991,0.0,0.4280975341034477,0.36604694992111647,0.33368253924941604,0.35041096683713446,0.0,0.42161100659957657,0.3938184733168684,0.4040894839516413,0.4443838564313747,0.3237430716864085,0.3542360170987533,0.3982723876353311,0.4465808297236382,0.4416194845718924,0.42538870009302365,0.5526027416231969,0.4099109903963391
0.3720622306830918,0.3850469350419469,0.38114434365588407,0.18368875749558122,0.29697689956893025,0.3183789147225367,0.2772640526559287,0.3628962150274668,0.3798188578955383,0.24550194835755454,0.36371838557750097,0.23818794345087452,0.30234548421347857,0.0,0.4072845743438247,0.4034059002029381,0.29689010733584353,0.35935433988696974,0.3717190767101179,0.41290210509528025,0.3928277002881657,0.4165253194441628,0.39861458632839003,0.2278468466815505,0.35200962917226053,0.3924161095724088,0.3969642346176624,0.31355271157837955,0.3671633068382308,0.3561208315702783,0.24639506080145354,0.33474879594770335,0.3763738897888844,0.35625825520537957,0.0,0.2590276438154058,0.24075952389829827,0.22010581527356743,0.31826603293239,0.41252971519811077,0.3284340636856621,0.3110214530833295,0.3200133770525409,0.3070925941260751,0.305623809964896,0.3735520390775899,0.41746444308632547,0.0,0.0,0.0,0.4939722815718305,0.0,0.393827785078623,0.0,0.30144158350872247,0.0,0.30037073194786745,0.0,0.0,0.4478350469980309,0.41307897162667084,0.0,0.35361542566151505,0.0,0.43629108501913305,0.4084527227547864,0.4342759248277624,0.453832879781046,0.0,0.38649910828319645,0.4472650878457714,0.4521392093562418,0.4966473380103843,0.44760637459843045,0.0,0.5088392062284723
0.0,0.0,0.34152404340267195,0.16302181091937884,0.2114078649201713,0.32741844582214624,0.253245413101777,0.23142878590469249,0.34481418814808246,0.25070853125194387,0.23333029323278356,0.24409485520380073,0.2504993037901276,0.18733146752931232,0.0,0.0,0.0,0.0,0.31137644059672387,0.0,0.33944448391109117,0.0,0.31911795657087755,0.0,0.3264316798806508,0.0,0.368088052803979,0.20725763996984176,0.0,0.0,0.13834544029414386,0.1994196959381857,0.25421802471987004,0.24879934780263296,0.2590276438154058,0.0,0.1590911903436119,0.24597153827711293,0.26289173567665675,0.2266982981886979,0.2835320140187883,0.24557227903506196,0.2627315077515051,0.2691485437020489,0.0,0.0,0.0,0.36992920627849923,0.0,0.31822190766888836,0.0,0.433355085260773,0.3157142669270788,0.3522728450222515,0.298362615253385,0.2951908380260887,0.252900563501059,0.0,0.23129959638763414,0.0,0.0,0.0,0.0,0.0,0.0,0.0,0.0,0.43048942003863544,0.0,0.0,0.0,0.0,0.0,0.0,0.0,0.0
0.0,0.0,0.0,0.13708267754190195,0.24313834130987538,0.33549524482073845,0.24922753951474638,0.3557217146993485,0.3657149321563305,0.21637290892478192,0.3652473400338861,0.22741610220636013,0.2571790481174038,0.15419717277111908,0.0,0.0,0.0,0.0,0.376669764055007,0.0,0.0,0.0,0.35760332772610326,0.22841809819075282,0.0,0.0,0.35183469725709043,0.21593136839967483,0.0,0.0,0.14912942944304386,0.23855516175044242,0.22446346369893785,0.2071909130273842,0.24075952389829827,0.1590911903436119,0.0,0.23868136763065556,0.25133592417221595,0.19698471490776362,0.2538526416457973,0.27765491061248637,0.2997465310325779,0.2649588146488604,0.0,0.0,0.0,0.0,0.0,0.0,0.0,0.0,0.0,0.0,0.24722868812586535,0.0,0.2634913876082133,0.0,0.0,0.0,0.0,0.0,0.0,0.0,0.0,0.0,0.0,0.0,0.0,0.0,0.0,0.5994439560018398,0.0,0.0,0.0,0.0
0.0,0.0,0.0,0.0,0.0,0.0,0.3278769222020911,0.0,0.0,0.23458212609286627,0.0,0.1964176889584698,0.33114668068685504,0.0,0.0,0.0,0.28492851824288223,0.3313556687966913,0.0,0.0,0.0,0.0,0.0,0.21928083906629003,0.2906636342946918,0.28912020534815863,0.0,0.27847906814640877,0.0,0.0,0.25324827574389575,0.21265834045998352,0.20757806305137788,0.201375594964201,0.22010581527356743,0.24597153827711293,0.23868136763065556,0.0,0.0,0.1942589994773913,0.2132596841482396,0.0,0.0,0.0,0.1945815481106715,0.0,0.0,0.0,0.0,0.0,0.0,0.0,0.0,0.0,0.2993655266712126,0.0,0.26720689564838834,0.0,0.0,0.0,0.0,0.24756285599401032,0.0,0.0,0.0,0.0,0.0,0.0,0.26519186309843523,0.31542641011643446,0.2720485683548801,0.0,0.0,0.0,0.0,0.0
0.38475156647000225,0.4016247216152912,0.4328090728950044,0.2506129692421097,0.0,0.40221879844638936,0.0,0.38943550307308994,0.4329159664545934,0.2910352093862002,0.0,0.3180056192525153,0.4308331236183548,0.0,0.41210845286606657,0.36061088243776007,0.0,0.3229119853577177,0.0,0.40852140135691983,0.37008088632015007,0.409632723197675,0.4370840461035776,0.29682472831604684,0.34404312923129343,0.39500699192140637,0.4337812421911745,0.3805272337436708,0.41485723953334036,0.39487239432277244,0.37416959509713266,0.2949264625526429,0.2738783643288199,0.3170966507338254,0.31826603293239,0.26289173567665675,0.25133592417221595,0.0,0.0,0.28913553201412584,0.3388249524215615,0.28790219713410725,0.20789250140656026,0.25020733790569255,0.2439649663301883,0.34094141106443226,0.3300008978182044,0.3429968612430115,0.19896154686926656,0.2691954874391815,0.35049419332933146,0.3081853793543997,0.3193107347336476,0.3311525494258101,0.292599213749746,0.275338960969723,0.30452816446096304,0.32248978000539397,0.24951908935225614,0.3751219813385845,0.3674158305272024,0.3297029906029808,0.36909943825555563,0.32906516733259455,0.37716367173465015,0.3349086283478388,0.377717320950767,0.36479433843552966,0.28118797732647444,0.33576283380722893,0.3451718146260978,0.3799032502937768,0.316995521224524,0.36108071417170073,0.33687753088732675,0.3149736880043434
0.39253222036358426,0.41111482171633473,0.0,0.0,0.0,0.0,0.0,0.0,0.0,0.2904260399002261,0.0,0.2664479499844325,0.0,0.0,0.41506819743467965,0.39725503134697954,0.3039084781129855,0.3492509130338955,0.0,0.0,0.0,0.4140768314964559,0.4114272802380594,0.23595121216507442,0.34491247374371686,0.36710526031328505,0.0,0.4398941518957225,0.0,0.0,0.22395077062040367,0.2894315988760427,0.20623160107587266,0.2682695080454558,0.41252971519811077,0.2266982981886979,0.19698471490776362,0.1942589994773913,0.28913553201412584,0.0,0.23064449991188524,0.3097534471846929,0.30686582411908025,0.0,0.2082963003146082,0.29322314239007635,0.2900156585450876,0.0,0.0,0.3564313652204756,0.3306865319353103,0.3484482026350393,0.3915290095703342,0.0,0.26952064977455054,0.30205548476294336,0.2350697132331222,0.3300614181208168,0.0,0.37317541604689153,0.3099417876043592,0.279287516367509,0.30347988007632903,0.0,0.3315291733103573,0.30803838904519276,0.34553617117851676,0.3579646742475518,0.22863903638057065,0.2688347667172136,0.29934040869839784,0.35547065977511133,0.3137998837792382,0.305211295792263,0.3124321080738231,0.25028624551100426
