0.0,0.2531824469868889,0.0,0.0,0.0,0.27939553627265945,0.0,0.31571712424483367,0.0,0.2749239780099049,0.0,0.26393800843255616,0.30571919806086684,0.3207599268614779,0.2560005657371212,0.2655538070825696,0.26650928582101796,0.2519323818391187,0.0,0.26182076536992305,0.24649873665832658,0.2577039122411926,0.29463210575262094,0.26267044353447516,0.25292616690269454,0.2493753537032832,0.27828859870729694,0.30168333850756673,0.27968444925418984,0.0,0.24374982888670857,0.28374332552767306,0.24419689632125402,0.25078960546074947,0.29314277706610714,0.3289355891372266,0.0,0.2943272909108741,0.29675842867894797,0.26831483135577344,0.2933473157323392,0.0,0.0,0.0,0.0,0.2750871535630645,0.30594947208929546,0.0,0.0,0.0,0.0,0.0,0.0,0.0,0.0,0.0,0.0,0.0,0.0,0.0,0.30679657039245856,0.0,0.30039996229945143,0.0,0.0,0.14706737899879502,0.2888508546706434,0.0,0.0,0.30545889784046837,0.31666343307963896,0.0,0.0,0.0,0.0,0.0
0.2531824469868889,0.0,0.0,0.0,0.266930573039591,0.25747283056940506,0.27938475025891574,0.304058331989825,0.2642189940326598,0.2760745383989347,0.0,0.0,0.27155928779266103,0.0,0.28300495395844316,0.25071837333004166,0.2888718387320555,0.25616803379034975,0.0,0.27972850255153997,0.27211095437672783,0.2624412187194938,0.269871902108644,0.2893181948300576,0.24923942853178824,0.276115090816302,0.2680553003423539,0.2699375586505426,0.2710353886239065,0.0,0.24514176406024757,0.28954818031277474,0.2581244317163275,0.24991295234230057,0.29602546360144644,0.0,0.0,0.0,0.3120642783621227,0.29884825789084046,0.30759692511569786,0.3179948015825793,0.0,0.0,0.0,0.2900669883244006,0.29975959234474225,0.0,0.0,0.0,0.0,0.0,0.0,0.0,0.0,0.0,0.0,0.0,0.0,0.317413905561842,0.297823688280918,0.0,0.29238873790242637,0.0,0.0,0.2940442855773745,0.30382071531788274,0.3187705441637963,0.0,0.30043019729092396,0.31246021324608114,0.0,0.0,0.31208027213943884,0.0,0.28807587575370974
0.0,0.0,0.0,0.0,0.2739909873273624,0.2726949329072252,0.27868017634376563,0.3117526120778803,0.19729954509222455,0.0,0.23324342239813642,0.0,0.278348345996076,0.28060818492855955,0.0,0.0,0.0,0.0,0.20705374293969678,0.0,0.0,0.0,0.21601953476277477,0.0,0.0,0.0,0.23606595401402475,0.28560497167286425,0.0,0.0,0.2891497655317587,0.2695690116171375,0.0,0.2896284526889551,0.2753544568263426,0.28068013636560935,0.0,0.0,0.0,0.0,0.0,0.0,0.35816120807965485,0.0,0.0,0.0,0.0,0.33420227477532166,0.0,0.0,0.3147813710238449,0.0,0.36274814933176347,0.3840187875446395,0.0,0.31804006871773366,0.0,0.34185778398929517,0.43270621888170613,0.0,0.0,0.0,0.0,0.309147118856346,0.0,0.0,0.0,0.3147605337576772,0.0,0.0,0.0,0.3346163707746549,0.0,0.0,0.0,0.0
0.0,0.0,0.0,0.0,0.16264067478821057,0.0,0.1894653900755277,0.2728371427461583,0.0,0.0,0.2516260706278662,0.0,0.19432447060649854,0.2006819908112177,0.0,0.0,0.0,0.0,0.0,0.0,0.0,0.0,0.27112524195561105,0.0,0.0,0.0,0.0,0.17867882015210249,0.0,0.0,0.0,0.15268159303619847,0.0,0.0,0.15717279117743602,0.1332054340021958,0.13254516636721345,0.0,0.0,0.0,0.0,0.0,0.0,0.0,0.0,0.0,0.0,0.0,0.0,0.0,0.0,0.0,0.0,0.0,0.0,0.0,0.0,0.0,0.0,0.0,0.0,0.0,0.0,0.0,0.0,0.0,0.0,0.0,0.0,0.0,0.0,0.0,0.0,0.0,0.0,0.0
0.0,0.266930573039591,0.2739909873273624,0.16264067478821057,0.0,0.2718518370153318,0.22829257982835874,0.2533286252539065,0.24819433528015766,0.0,0.2371593715052923,0.0,0.23097841655733997,0.18569208135456844,0.0,0.0,0.0,0.0,0.25455354860323753,0.2567740693675156,0.0,0.25733425412144956,0.2627408220518885,0.0,0.0,0.0,0.2913323065718956,0.2429442809317637,0.0,0.23522868403665423,0.27378815732479955,0.2618807309986996,0.0,0.26489539142864726,0.2515953891161145,0.13718658561844643,0.14128755092221484,0.0,0.0,0.0,0.0,0.0,0.0,0.0,0.0,0.0,0.0,0.0,0.0,0.0,0.0,0.0,0.0,0.0,0.0,0.0,0.0,0.0,0.0,0.0,0.0,0.0,0.0,0.0,0.0,0.0,0.0,0.3249017576189982,0.0,0.0,0.0,0.0,0.0,0.0,0.0,0.0
0.27939553627265945,0.25747283056940506,0.2726949329072252,0.0,0.2718518370153318,0.0,0.2792217663796771,0.2745176398636115,0.246121417012681,0.28695616923438977,0.2752884501246486,0.0,0.25239353422412064,0.2644038551672624,0.27656748655657726,0.2608534506369432,0.0,0.26174306740719144,0.2566272810359893,0.2716121020242828,0.26789955123987846,0.2753497132123521,0.2762744305446834,0.0,0.24341683213059645,0.27289927839160155,0.2505833119984737,0.24833392724878528,0.2096385402999808,0.27018775560807856,0.2842026042304051,0.2702577599998109,0.25385716518098816,0.2847195201116792,0.2833147521940358,0.269960943695636,0.2826998489491277,0.3106040662786866,0.28738838605624406,0.0,0.3239031569863111,0.0,0.31529869912638386,0.0,0.0,0.34897137704111336,0.0,0.3540572066695198,0.0,0.0,0.31527695795404154,0.3472916615049063,0.3272163355006038,0.328318450334245,0.0,0.3265585879097104,0.0,0.34167806404643586,0.0,0.0,0.0,0.0,0.0,0.34294841295051187,0.0,0.0,0.0,0.3200609122604328,0.0,0.0,0.33105490625425443,0.31764367450552305,0.32500080365416656,0.3007584247077122,0.37452728496135557,0.31734041226023596
0.0,0.27938475025891574,0.27868017634376563,0.1894653900755277,0.22829257982835874,0.2792217663796771,0.0,0.2646550184980455,0.25766648662920144,0.0,0.2819145347563962,0.0,0.2304742353458503,0.2273459391427005,0.2956555652341771,0.2965302138225842,0.0,0.2988672690379681,0.29176061918590995,0.28705047492309466,0.3039581302032838,0.2933252171815958,0.2703087419465675,0.0,0.2710563478764969,0.28341043033128094,0.28044371601944024,0.2391787158660154,0.27434933821434465,0.26547081939697037,0.2786990368233079,0.2670219269683744,0.0,0.27787517975134524,0.26742044907011736,0.18726574232965465,0.1733445382648117,0.0,0.0,0.0,0.0,0.0,0.0,0.0,0.0,0.0,0.0,0.0,0.0,0.0,0.341494472903711,0.0,0.0,0.0,0.0,0.0,0.0,0.0,0.0,0.0,0.0,0.0,0.0,0.0,0.0,0.0,0.0,0.3233659128258869,0.0,0.0,0.0,0.0,0.0,0.0,0.0,0.0
0.31571712424483367,0.304058331989825,0.3117526120778803,0.2728371427461583,0.2533286252539065,0.2745176398636115,0.2646550184980455,0.0,0.31397835143790087,0.3525377325080726,0.21767791200665648,0.3664380526506543,0.2728327732572077,0.2344682708829047,0.24343286721307036,0.3132710355301505,0.0,0.0,0.32520073120358245,0.24713295268725025,0.24457536272527095,0.29282111073913025,0.23001267367766656,0.3335012426362325,0.3010073515645318,0.31366302391604456,0.30026608785381614,0.2654849128291738,0.23536725401677178,0.2636204966181975,0.28126922493809753,0.2749739421222824,0.33380729328068576,0.2786805168539521,0.29815199732779746,0.19860649856075366,0.0,0.0,0.28651034784556123,0.0,0.0,0.0,0.29092157912296446,0.0,0.0,0.2734948438972596,0.0,0.3681339557774828,0.0,0.34639748230519884,0.3119615364339886,0.3473208389984948,0.30951787877101344,0.3683942442755956,0.0,0.3121004943943145,0.0,0.33040377195696374,0.30037863794610536,0.2857813047417063,0.0,0.0,0.0,0.35115986833290574,0.0,0.2812576422698311,0.0,0.327571196008477,0.0,0.0,0.3647344448596299,0.32275021611649846,0.3256503389242775,0.0,0.3661791518670997,0.34844388123754955
0.0,0.2642189940326598,0.19729954509222455,0.0,0.24819433528015766,0.246121417012681,0.25766648662920144,0.31397835143790087,0.0,0.29085072583524185,0.24664586287245327,0.0,0.24896350363116151,0.2651478284451007,0.0,0.0,0.0,0.0,0.20200224706893857,0.2613408470267882,0.3321797750617757,0.2676672464189781,0.26484146120807667,0.0,0.0,0.3054002089455793,0.25320031656359765,0.2818673913962333,0.2436255491682963,0.0,0.28360795032003194,0.26708423911218443,0.0,0.2850051493745701,0.2831969692119788,0.27253979894378827,0.274392826122275,0.280285878641509,0.0,0.0,0.0,0.0,0.3151276490039171,0.0,0.0,0.0,0.0,0.35345763104285516,0.0,0.0,0.3165707738541728,0.3548961185846394,0.31852468493534325,0.35457336006099566,0.0,0.33274226367622906,0.0,0.0,0.33557700246828226,0.0,0.0,0.0,0.0,0.35059108445366977,0.0,0.0,0.0,0.31613813329576435,0.0,0.0,0.0,0.30729012611944123,0.0,0.0,0.0,0.0
0.2749239780099049,0.2760745383989347,0.0,0.0,0.0,0.28695616923438977,0.0,0.3525377325080726,0.29085072583524185,0.0,0.0,0.18320415638947588,0.23108002006824493,0.0,0.0,0.2586498139500728,0.19636424407830075,0.23322652312217787,0.0,0.0,0.3160574053283151,0.281608520065694,0.2844135911286985,0.213415307981403,0.21387983347004083,0.22690791935378035,0.0,0.24274192926401741,0.0,0.0,0.21280614844205212,0.2378298348318239,0.2076946842659225,0.2073949685593033,0.20481843136346203,0.20796637283708513,0.216395031562089,0.17932995559982723,0.28183149167374205,0.23775743218004655,0.25477550354676065,0.23984448141262135,0.0,0.0,0.2153529289108037,0.29371189806307674,0.298654408545541,0.0,0.0,0.0,0.0,0.0,0.0,0.0,0.27882266744376993,0.0,0.289704168405195,0.0,0.0,0.0,0.2852349263512931,0.28447777082569076,0.2649692731834001,0.0,0.0,0.0,0.0,0.0,0.3210398545199402,0.28907744932590795,0.30132776898591246,0.0,0.0,0.0,0.0,0.26362686945617103
0.0,0.0,0.23324342239813642,0.2516260706278662,0.2371593715052923,0.2752884501246486,0.2819145347563962,0.21767791200665648,0.24664586287245327,0.0,0.0,0.0,0.2705559781435498,0.16730824557991236,0.0,0.0,0.0,0.0,0.20839353718736137,0.0,0.0,0.0,0.18060370461292613,0.0,0.0,0.0,0.26940774486637087,0.2695151452743611,0.0,0.0,0.2751589860253835,0.2763181127502194,0.0,0.27572135596608577,0.2553353935148625,0.20950607141568756,0.26517622892156956,0.0,0.0,0.0,0.0,0.0,0.28302561262045617,0.0,0.0,0.0,0.0,0.32857526637154205,0.0,0.0,0.3042222394551321,0.0,0.0,0.32758205809672836,0.0,0.28600670914881415,0.0,0.0,0.29762932777634216,0.0,0.0,0.0,0.0,0.3004002529168483,0.0,0.0,0.0,0.3126030774656417,0.0,0.0,0.0,0.307623136703353,0.0,0.0,0.0,0.0
0.26393800843255616,0.0,0.0,0.0,0.0,0.0,0.0,0.3664380526506543,0.0,0.18320415638947588,0.0,0.0,0.0,0.0,0.0,0.0,0.24461355913172336,0.2396496960990786,0.0,0.0,0.3272914332097757,0.0,0.36164306081719205,0.18083292770208623,0.22813601375433462,0.1995185061138369,0.0,0.20847249782198338,0.0,0.0,0.21390813566627953,0.19679436939432135,0.18977890868458572,0.15400674389649083,0.1747291591994439,0.19126901987499212,0.2106643281458313,0.1581914946162396,0.19050325543088306,0.24191006917137853,0.20431871115518044,0.20440118831967982,0.1635350101737677,0.18140115836452225,0.0,0.0,0.0,0.0,0.0,0.0,0.0,0.0,0.0,0.0,0.2828085007434668,0.0,0.28638247377667697,0.0,0.0,0.0,0.0,0.28708944115886614,0.2692246221295852,0.0,0.0,0.0,0.0,0.0,0.31448544933317957,0.29217038020851493,0.3042742008962079,0.0,0.18494406809893355,0.0,0.0,0.265650588042598
0.30571919806086684,0.27155928779266103,0.278348345996076,0.19432447060649854,0.23097841655733997,0.25239353422412064,0.2304742353458503,0.2728327732572077,0.24896350363116151,0.23108002006824493,0.2705559781435498,0.0,0.0,0.22331801403257243,0.27705803036630156,0.29106910755220283,0.0,0.28814834768730563,0.2772952752086232,0.28131571114468285,0.27805316868477503,0.29287155659422087,0.26691566563361124,0.0,0.26255489694082396,0.27440505691881123,0.27502937354836915,0.23200615813241088,0.26585241012403915,0.26602125388929077,0.2623657332169634,0.26517362288508667,0.28499007016064704,0.2602833864496964,0.24888258404798325,0.18377743672863414,0.19012787036453477,0.23891794110461206,0.0,0.0,0.0,0.0,0.0,0.0,0.0,0.0,0.0,0.38355366424251874,0.0,0.0,0.3300077120653387,0.0,0.0,0.0,0.0,0.0,0.0,0.0,0.0,0.0,0.0,0.0,0.0,0.0,0.0,0.0,0.0,0.31283358268300554,0.0,0.0,0.0,0.31896670027020857,0.0,0.0,0.0,0.0
0.3207599268614779,0.0,0.28060818492855955,0.2006819908112177,0.18569208135456844,0.2644038551672624,0.2273459391427005,0.2344682708829047,0.2651478284451007,0.0,0.16730824557991236,0.0,0.22331801403257243,0.0,0.0,0.0,0.0,0.0,0.2646922121166045,0.0,0.2767301236365872,0.0,0.2378890603181581,0.410572454430381,0.0,0.0,0.29760442872881726,0.21158749051481432,0.0,0.0,0.0,0.0,0.0,0.0,0.0,0.13922881796852152,0.1271839686343566,0.0,0.0,0.0,0.0,0.0,0.0,0.0,0.0,0.0,0.0,0.0,0.0,0.0,0.0,0.32782051678358337,0.0,0.0,0.0,0.0,0.0,0.0,0.0,0.0,0.0,0.0,0.0,0.0,0.0,0.0,0.0,0.0,0.0,0.0,0.0,0.0,0.0,0.0,0.0,0.0
0.2560005657371212,0.28300495395844316,0.0,0.0,0.0,0.27656748655657726,0.2956555652341771,0.24343286721307036,0.0,0.0,0.0,0.0,0.27705803036630156,0.0,0.0,0.2808483869696675,0.0,0.27550436813600887,0.0,0.23028202859395375,0.25374155074923593,0.250945669103463,0.24141922378441558,0.0,0.26469748240997404,0.26153073194049054,0.2800815549290398,0.2571203722389325,0.2529988707974309,0.23891815683507145,0.27367145187009434,0.3068700642573838,0.26856115249048407,0.29768964268781795,0.32083142387198726,0.3357055934719512,0.3570587075602826,0.0,0.32079590872086683,0.2894086738451659,0.3252778499119358,0.3337375194897282,0.0,0.0,0.0,0.0,0.33499668397643895,0.0,0.0,0.0,0.0,0.0,0.0,0.0,0.0,0.0,0.0,0.0,0.0,0.3038535894844926,0.0,0.0,0.0,0.0,0.3171742228767016,0.3016945855253661,0.3149194046218244,0.2919292878269356,0.0,0.0,0.3390348780171999,0.2892449056774262,0.0,0.27889464139210973,0.0,0.0
0.2655538070825696,0.25071837333004166,0.0,0.0,0.0,0.2608534506369432,0.2965302138225842,0.3132710355301505,0.0,0.2586498139500728,0.0,0.0,0.29106910755220283,0.0,0.2808483869696675,0.0,0.257376221021836,0.2383384920452832,0.0,0.27590778382113057,0.26799855293214186,0.25829833387877776,0.27076415739890275,0.28609731196147803,0.24825681274260336,0.2858280232259815,0.27499125137532293,0.29238763515801913,0.2823101676946819,0.2879292752939678,0.2576793649371106,0.3074528150544508,0.2768016810015107,0.26548923850350886,0.31475992694412563,0.0,0.0,0.0,0.3181154947427916,0.2997705401434401,0.3054539253281811,0.310338792218456,0.0,0.0,0.0,0.2914740767405191,0.3099105984481392,0.0,0.0,0.0,0.0,0.0,0.0,0.0,0.0,0.0,0.0,0.0,0.0,0.32590921426487174,0.29962917594926636,0.0,0.29336063620385666,0.0,0.0,0.0,0.31110492605336054,0.0,0.0,0.3056863963890612,0.3138509901839493,0.0,0.0,0.0,0.0,0.29817360172570273
0.26650928582101796,0.2888718387320555,0.0,0.0,0.0,0.0,0.0,0.0,0.0,0.19636424407830075,0.0,0.24461355913172336,0.0,0.0,0.0,0.257376221021836,0.0,0.21581844394426217,0.0,0.0,0.0,0.2771466752192733,0.0,0.261611636870072,0.2195536962333104,0.24247706037473643,0.0,0.0,0.0,0.0,0.22858034215453404,0.29909648359723373,0.24675551935882395,0.24290227448160626,0.2582818817777142,0.0,0.0,0.0,0.0,0.2570876279110904,0.0,0.0,0.0,0.0,0.0,0.3245313318994857,0.0,0.0,0.0,0.0,0.0,0.0,0.0,0.0,0.30279877505667707,0.0,0.3298844878267353,0.0,0.0,0.0,0.2740510623100566,0.0,0.2677570264214037,0.0,0.0,0.0,0.0,0.0,0.3361960601990809,0.26936637093774246,0.29016932089125086,0.0,0.0,0.0,0.0,0.0
0.2519323818391187,0.25616803379034975,0.0,0.0,0.0,0.26174306740719144,0.2988672690379681,0.0,0.0,0.23322652312217787,0.0,0.2396496960990786,0.28814834768730563,0.0,0.27550436813600887,0.2383384920452832,0.21581844394426217,0.0,0.0,0.2758705531400073,0.26563498586742035,0.268062891938388,0.27901922360465403,0.2348301618928531,0.22660994488528957,0.24956854211903143,0.27186324176772725,0.28222900100408765,0.2758472499823804,0.3020532112173123,0.2494245238582039,0.2992860332019962,0.24866755318834666,0.2588744634358465,0.2783667145896888,0.0,0.0,0.0,0.2852160014047264,0.2433223218624932,0.26197278699594234,0.0,0.0,0.0,0.0,0.28352554769222754,0.28656783083229953,0.0,0.0,0.0,0.0,0.0,0.0,0.0,0.26828881991640596,0.0,0.2804882067060455,0.0,0.0,0.0,0.27133990223663196,0.2596037766954747,0.2587375828286941,0.0,0.0,0.0,0.2772845742737694,0.0,0.3141950225768937,0.2713241071570396,0.2872096848046253,0.0,0.0,0.0,0.0,0.27531231377511606
0.0,0.0,0.20705374293969678,0.0,0.25455354860323753,0.2566272810359893,0.29176061918590995,0.32520073120358245,0.20200224706893857,0.0,0.20839353718736137,0.0,0.2772952752086232,0.2646922121166045,0.0,0.0,0.0,0.0,0.0,0.0,0.0,0.0,0.19606365591597097,0.0,0.0,0.0,0.2632984387988508,0.2717556163296201,0.0,0.0,0.2893427990922533,0.26245074639757454,0.0,0.2943482873948939,0.26177983408073,0.26859027072430314,0.27660350649700366,0.0,0.0,0.0,0.0,0.0,0.3295377521636753,0.0,0.0,0.0,0.0,0.34852335631564785,0.0,0.0,0.3390002045267202,0.0,0.37659804516561823,0.3684584371451446,0.0,0.31695445799999344,0.0,0.0,0.362586850750701,0.0,0.0,0.0,0.0,0.3642422484601866,0.0,0.0,0.0,0.34336017081862985,0.0,0.0,0.0,0.3386860250561974,0.0,0.0,0.0,0.0
0.26182076536992305,0.27972850255153997,0.0,0.0,0.2567740693675156,0.2716121020242828,0.28705047492309466,0.24713295268725025,0.2613408470267882,0.0,0.0,0.0,0.28131571114468285,0.0,0.23028202859395375,0.27590778382113057,0.0,0.2758705531400073,0.0,0.0,0.26611534692328925,0.2556272064476499,0.2241630005846401,0.0,0.26717185837227225,0.2889384306774314,0.23840288162688777,0.2588364364501886,0.22093042774380017,0.21414492654998007,0.2533834424577079,0.316904293091394,0.26622531472462635,0.291441951150676,0.31079502324121017,0.3402772279220577,0.31565030476763006,0.0,0.29296595499650485,0.0,0.0,0.32018534451474195,0.0,0.0,0.0,0.0,0.32900957054605745,0.0,0.0,0.0,0.0,0.0,0.0,0.0,0.0,0.0,0.0,0.0,0.0,0.2953347082434502,0.0,0.0,0.0,0.0,0.27876948218240916,0.28987147579792727,0.30164824409265245,0.28831392252441684,0.0,0.0,0.3194104062433808,0.2749660231481056,0.0,0.2916275316538117,0.0,0.0
0.24649873665832658,0.27211095437672783,0.0,0.0,0.0,0.26789955123987846,0.3039581302032838,0.24457536272527095,0.3321797750617757,0.3160574053283151,0.0,0.3272914332097757,0.27805316868477503,0.2767301236365872,0.25374155074923593,0.26799855293214186,0.0,0.26563498586742035,0.0,0.26611534692328925,0.0,0.2811826804978167,0.25320101925248667,0.30985312323115216,0.2651212649805753,0.2649170719973727,0.270312408654251,0.26700093227565774,0.2537598932204747,0.2625339774789477,0.24685255822329064,0.29289144738463363,0.2590878134640024,0.271853671633352,0.3178452847332631,0.2797176362881685,0.0,0.0,0.29553645456131034,0.2803781475948658,0.29831476376322086,0.32033663737147616,0.0,0.0,0.0,0.23846800737046872,0.30175278733054883,0.0,0.0,0.0,0.0,0.0,0.0,0.0,0.0,0.0,0.0,0.0,0.0,0.29859194312751625,0.3067349116799458,0.0,0.0,0.0,0.2946543145181801,0.23461492973652037,0.30423180148497125,0.27723791325082586,0.0,0.0,0.31878312840710965,0.2838017739020425,0.0,0.21087808343243714,0.0,0.0
0.2577039122411926,0.2624412187194938,0.0,0.0,0.25733425412144956,0.2753497132123521,0.2933252171815958,0.29282111073913025,0.2676672464189781,0.281608520065694,0.0,0.0,0.29287155659422087,0.0,0.250945669103463,0.25829833387877776,0.2771466752192733,0.268062891938388,0.0,0.2556272064476499,0.2811826804978167,0.0,0.2676979075778084,0.0,0.26428134373577744,0.2839212471601053,0.28738436394671707,0.2736309374868092,0.27284067129561196,0.20604250148832481,0.25502258615283546,0.31653294059968956,0.2852206201226277,0.2943669391717806,0.32669884637418367,0.36766659143788083,0.0,0.0,0.32060579430715413,0.3105149317553911,0.32355834957659335,0.33545257108784854,0.0,0.0,0.0,0.2879719593633735,0.32344052275412327,0.0,0.0,0.0,0.0,0.0,0.0,0.0,0.0,0.0,0.0,0.0,0.0,0.32226254281155414,0.30642582328750245,0.0,0.0,0.0,0.31375910229897125,0.3025297976157048,0.32519736583758574,0.3048061321691835,0.0,0.3053644970444716,0.3313210152811941,0.3069705305153546,0.0,0.3111740213608048,0.0,0.3162044882783664
0.29463210575262094,0.269871902108644,0.21601953476277477,0.27112524195561105,0.2627408220518885,0.2762744305446834,0.2703087419465675,0.23001267367766656,0.26484146120807667,0.2844135911286985,0.18060370461292613,0.36164306081719205,0.26691566563361124,0.2378890603181581,0.24141922378441558,0.27076415739890275,0.0,0.27901922360465403,0.19606365591597097,0.2241630005846401,0.25320101925248667,0.2676979075778084,0.0,0.32546171622648656,0.27805930201984186,0.2990763389214317,0.24012338616401596,0.2634741160674488,0.24131522435957148,0.2499673879983323,0.2764581541366077,0.2725082845599241,0.24959283942945187,0.28786167040855043,0.29856787362684384,0.24944417892025453,0.2804366662922772,0.0,0.2979970641064231,0.2483746686526045,0.283311898800779,0.30884869084649863,0.32668824374095473,0.0,0.0,0.31287665760783934,0.33045292583855906,0.3463181638303084,0.0,0.0,0.31272574694022803,0.3405271491828357,0.30539463720784377,0.3420536626359109,0.0,0.3279598203245768,0.0,0.32805241145966185,0.0,0.2910162771434194,0.0,0.0,0.0,0.3459281986293232,0.2895798222766829,0.2926621046358532,0.3082657119325593,0.3022281745714687,0.0,0.0,0.3123418939290175,0.3105726493041126,0.30450675811381084,0.28058252998573335,0.30205575758863334,0.2998597147308115
0.26267044353447516,0.2893181948300576,0.0,0.0,0.0,0.0,0.0,0.3335012426362325,0.0,0.213415307981403,0.0,0.18083292770208623,0.0,0.410572454430381,0.0,0.28609731196147803,0.261611636870072,0.2348301618928531,0.0,0.0,0.30985312323115216,0.0,0.32546171622648656,0.0,0.238265385298567,0.2284897601214746,0.0,0.0,0.0,0.0,0.2208976648451269,0.25226652946429134,0.16013241119309746,0.15505994606873677,0.17846572476590064,0.0,0.0,0.15725120579077767,0.0,0.25535917978320477,0.22271966887129652,0.0,0.0,0.0,0.0,0.28342568202737456,0.3199063280865376,0.0,0.0,0.0,0.0,0.0,0.0,0.0,0.2786019831089336,0.0,0.2943222936051356,0.0,0.0,0.0,0.29511809693860924,0.3263798530917821,0.27315794400541,0.0,0.0,0.0,0.0,0.0,0.37008366983433316,0.2956043345671246,0.3268882152154798,0.0,0.0,0.0,0.0,0.36893790153701495
0.25292616690269454,0.24923942853178824,0.0,0.0,0.0,0.24341683213059645,0.2710563478764969,0.3010073515645318,0.0,0.21387983347004083,0.0,0.22813601375433462,0.26255489694082396,0.0,0.26469748240997404,0.24825681274260336,0.2195536962333104,0.22660994488528957,0.0,0.26717185837227225,0.2651212649805753,0.26428134373577744,0.27805930201984186,0.238265385298567,0.0,0.2389221266507061,0.2570260878136282,0.2653785124721138,0.2611465737440522,0.0,0.24430860460782447,0.2883299787309884,0.23612697161204305,0.24847597486140535,0.26884697367527743,0.0,0.0,0.19895664811565095,0.2886548554252644,0.26845012197582113,0.2818705033666195,0.27723540094365995,0.0,0.0,0.0,0.2880475007785268,0.286119660108333,0.0,0.0,0.0,0.0,0.0,0.0,0.0,0.27786043382504766,0.0,0.29162847703035366,0.0,0.0,0.0,0.27974300386438083,0.27772440687092625,0.2727164751772897,0.0,0.0,0.33843610076127933,0.28397496420149154,0.0,0.3230421130097463,0.2829787070843778,0.2966343879949972,0.0,0.0,0.0,0.0,0.27825452089973
0.2493753537032832,0.276115090816302,0.0,0.0,0.0,0.27289927839160155,0.28341043033128094,0.31366302391604456,0.3054002089455793,0.22690791935378035,0.0,0.1995185061138369,0.27440505691881123,0.0,0.26153073194049054,0.2858280232259815,0.24247706037473643,0.24956854211903143,0.0,0.2889384306774314,0.2649170719973727,0.2839212471601053,0.2990763389214317,0.2284897601214746,0.2389221266507061,0.0,0.3001452560674944,0.2780017803408131,0.2781293519370553,0.0,0.26030577004044153,0.30642239515020453,0.2617309166084544,0.28011629970750807,0.3123314575936882,0.35666524046546405,0.0,0.21723289721667144,0.31869090356599145,0.28966615684715813,0.30815071810510314,0.333953140063382,0.0,0.0,0.0,0.30007054308158676,0.30536102679409094,0.0,0.0,0.0,0.0,0.0,0.0,0.0,0.29996323244251794,0.0,0.30371664434771767,0.0,0.0,0.33000568906194266,0.300897312212763,0.2886756927497864,0.2816072382024633,0.0,0.32923110583938675,0.31100610898232434,0.3311741127161416,0.31889334937280966,0.3250376645486737,0.29548195042507375,0.30842905682815464,0.0,0.0,0.0,0.0,0.2899855727175619
0.27828859870729694,0.2680553003423539,0.23606595401402475,0.0,0.2913323065718956,0.2505833119984737,0.28044371601944024,0.30026608785381614,0.25320031656359765,0.0,0.26940774486637087,0.0,0.27502937354836915,0.29760442872881726,0.2800815549290398,0.27499125137532293,0.0,0.27186324176772725,0.2632984387988508,0.23840288162688777,0.270312408654251,0.28738436394671707,0.24012338616401596,0.0,0.2570260878136282,0.3001452560674944,0.0,0.2640987909029414,0.24683794833715145,0.2540781118058836,0.2721857372133285,0.2807584232397249,0.2411582609124827,0.28532046206899114,0.2939120033242457,0.28754988317771946,0.28141810013288887,0.0,0.2969202057362148,0.0,0.30583546516263815,0.0,0.33098605578717066,0.0,0.0,0.0,0.0,0.34637980890601583,0.0,0.0,0.31307249112047725,0.0,0.330055110297624,0.36142115435975664,0.0,0.3325344061849925,0.0,0.0,0.0,0.28711320847611016,0.0,0.0,0.0,0.0,0.0,0.286775038771664,0.0,0.31774882242554175,0.0,0.0,0.0,0.30829814314200893,0.3159564877979747,0.28778882292291247,0.0,0.2944754343282169
0.30168333850756673,0.2699375586505426,0.28560497167286425,0.17867882015210249,0.2429442809317637,0.24833392724878528,0.2391787158660154,0.2654849128291738,0.2818673913962333,0.24274192926401741,0.2695151452743611,0.20847249782198338,0.23200615813241088,0.21158749051481432,0.2571203722389325,0.29238763515801913,0.0,0.28222900100408765,0.2717556163296201,0.2588364364501886,0.26700093227565774,0.2736309374868092,0.2634741160674488,0.0,0.2653785124721138,0.2780017803408131,0.2640987909029414,0.0,0.2087572388483941,0.19171576956581532,0.23241024477157823,0.2633206308720799,0.26504521382452684,0.2521636623271827,0.2447495135297024,0.1627964546156077,0.17361539852096905,0.21027615995863252,0.295840425841027,0.0,0.0,0.0,0.3280884219006751,0.0,0.0,0.0,0.0,0.0,0.0,0.0,0.3052921961784494,0.0,0.0,0.0,0.0,0.0,0.0,0.0,0.0,0.0,0.0,0.0,0.0,0.0,0.0,0.0,0.0,0.30344525939445266,0.0,0.0,0.0,0.2972268316089626,0.0,0.0,0.0,0.0
0.27968444925418984,0.2710353886239065,0.0,0.0,0.0,0.2096385402999808,0.27434933821434465,0.23536725401677178,0.2436255491682963,0.0,0.0,0.0,0.26585241012403915,0.0,0.2529988707974309,0.2823101676946819,0.0,0.2758472499823804,0.0,0.22093042774380017,0.2537598932204747,0.27284067129561196,0.24131522435957148,0.0,0.2611465737440522,0.2781293519370553,0.24683794833715145,0.2087572388483941,0.0,0.2056495619233824,0.2555885214706672,0.2889205232134515,0.24862092693353016,0.28161153630241414,0.3025513174453796,0.3766870283699179,0.36485193663843823,0.0,0.286899855428449,0.29950639685209074,0.0,0.33634235579110694,0.0,0.0,0.0,0.0,0.0,0.0,0.0,0.0,0.2897199646942238,0.0,0.0,0.0,0.0,0.0,0.0,0.0,0.0,0.27926319093107643,0.0,0.0,0.0,0.0,0.2796521384452079,0.25926401691210565,0.0,0.2787412346566087,0.0,0.0,0.3268330746691774,0.28211121959164903,0.0,0.27909452489792796,0.0,0.2773037958976628
0.0,0.0,0.0,0.0,0.23522868403665423,0.27018775560807856,0.26547081939697037,0.2636204966181975,0.0,0.0,0.0,0.0,0.26602125388929077,0.0,0.23891815683507145,0.2879292752939678,0.0,0.3020532112173123,0.0,0.21414492654998007,0.2625339774789477,0.20604250148832481,0.2499673879983323,0.0,0.0,0.0,0.2540781118058836,0.19171576956581532,0.2056495619233824,0.0,0.19001626186669093,0.29801509877187154,0.0,0.23867618317206366,0.2798650078369776,0.0,0.0,0.0,0.2880765271936709,0.18734251174894398,0.0,0.0,0.0,0.0,0.0,0.0,0.0,0.0,0.0,0.0,0.0,0.0,0.0,0.0,0.0,0.0,0.0,0.0,0.0,0.0,0.0,0.0,0.0,0.0,0.0,0.0,0.0,0.2941047343118834,0.0,0.0,0.0,0.0,0.0,0.0,0.0,0.0
0.24374982888670857,0.24514176406024757,0.2891497655317587,0.0,0.27378815732479955,0.2842026042304051,0.2786990368233079,0.28126922493809753,0.28360795032003194,0.21280614844205212,0.2751589860253835,0.21390813566627953,0.2623657332169634,0.0,0.27367145187009434,0.2576793649371106,0.22858034215453404,0.2494245238582039,0.2893427990922533,0.2533834424577079,0.24685255822329064,0.25502258615283546,0.2764581541366077,0.2208976648451269,0.24430860460782447,0.26030577004044153,0.2721857372133285,0.23241024477157823,0.2555885214706672,0.19001626186669093,0.0,0.293235896827135,0.2351086463469654,0.1950727083354494,0.22290806038617084,0.2038690087770193,0.21268327938645812,0.18942941663983076,0.3058586377931709,0.2717946566000032,0.3013137430674743,0.33448151429600914,0.0,0.0,0.0,0.28571296617520375,0.3013503855905252,0.0,0.0,0.0,0.3274438921878287,0.0,0.0,0.0,0.28946932811580817,0.0,0.29214828567829426,0.0,0.0,0.2909406144097923,0.29548124685350385,0.0,0.27156867067101514,0.0,0.0,0.31162593740923267,0.3107319907153467,0.3002986650811871,0.31996770130230956,0.2783912973915982,0.30577702133906653,0.3154445801405887,0.0,0.29517181738519194,0.0,0.0
0.28374332552767306,0.28954818031277474,0.2695690116171375,0.15268159303619847,0.2618807309986996,0.2702577599998109,0.2670219269683744,0.2749739421222824,0.26708423911218443,0.2378298348318239,0.2763181127502194,0.19679436939432135,0.26517362288508667,0.0,0.3068700642573838,0.3074528150544508,0.29909648359723373,0.2992860332019962,0.26245074639757454,0.316904293091394,0.29289144738463363,0.31653294059968956,0.2725082845599241,0.25226652946429134,0.2883299787309884,0.30642239515020453,0.2807584232397249,0.2633206308720799,0.2889205232134515,0.29801509877187154,0.293235896827135,0.0,0.23880548579191754,0.256800257316139,0.23029853798301014,0.175880274795546,0.20869650616309715,0.19486794898232848,0.24309482711703143,0.2543383063083481,0.27702649994503886,0.22297311190630745,0.1825461707769067,0.0,0.21860901893896936,0.31375383813931457,0.3239342686360786,0.34498846085336937,0.0,0.0,0.28773203498963706,0.0,0.25461030475757457,0.0,0.0,0.0,0.15799935104898716,0.0,0.0,0.3094165280343248,0.3133753156900584,0.0,0.28907302013893116,0.0,0.29768158082811563,0.2970873880588297,0.3221200932113872,0.28771485726669965,0.31584550447528537,0.3039836216269799,0.32788624975841624,0.2833369847593944,0.3013351521868117,0.2732541135468736,0.29517481359458164,0.27715581097393094
0.24419689632125402,0.2581244317163275,0.0,0.0,0.0,0.25385716518098816,0.0,0.33380729328068576,0.0,0.2076946842659225,0.0,0.18977890868458572,0.28499007016064704,0.0,0.26856115249048407,0.2768016810015107,0.24675551935882395,0.24866755318834666,0.0,0.26622531472462635,0.2590878134640024,0.2852206201226277,0.24959283942945187,0.16013241119309746,0.23612697161204305,0.2617309166084544,0.2411582609124827,0.26504521382452684,0.24862092693353016,0.0,0.2351086463469654,0.23880548579191754,0.0,0.19461697808956788,0.24483646471305479,0.3320879599718114,0.19280027800640856,0.14285668771210527,0.24638158150972372,0.22743302237908786,0.2734370731983021,0.34027047905796376,0.0,0.0,0.17596739740266723,0.28953112077813903,0.31225546517908703,0.0,0.0,0.0,0.0,0.0,0.0,0.0,0.24703848593109845,0.0,0.2609754259985411,0.0,0.0,0.3099888590458661,0.27711977998806253,0.2667326109231433,0.2557275167514881,0.0,0.0,0.2988958014784887,0.3284029719923001,0.0,0.29464840714592033,0.2677905008645424,0.2931975873356888,0.0,0.0,0.0,0.0,0.25232684672456773
0.25078960546074947,0.24991295234230057,0.2896284526889551,0.0,0.26489539142864726,0.2847195201116792,0.27787517975134524,0.2786805168539521,0.2850051493745701,0.2073949685593033,0.27572135596608577,0.15400674389649083,0.2602833864496964,0.0,0.29768964268781795,0.26548923850350886,0.24290227448160626,0.2588744634358465,0.2943482873948939,0.291441951150676,0.271853671633352,0.2943669391717806,0.28786167040855043,0.15505994606873677,0.24847597486140535,0.28011629970750807,0.28532046206899114,0.2521636623271827,0.28161153630241414,0.23867618317206366,0.1950727083354494,0.256800257316139,0.19461697808956788,0.0,0.23819368910528815,0.26639331192361565,0.19796070189815218,0.15353216184917115,0.2526162464753319,0.2698464314581609,0.31041364896078244,0.3438614923343998,0.0,0.0,0.0,0.2862980821415531,0.30882679974630317,0.0,0.0,0.0,0.3304006870460148,0.0,0.0,0.0,0.2612555744879992,0.0,0.20776413828451476,0.0,0.0,0.3223029834550899,0.29728507121258385,0.2845431638765267,0.2672527140969551,0.0,0.31096814790934385,0.314885615200951,0.3234276323079478,0.2973180598512647,0.3063448085478151,0.27971983072483647,0.31233903154966014,0.299428678953854,0.0,0.3160195774872188,0.0,0.31208038649933284
0.29314277706610714,0.29602546360144644,0.2753544568263426,0.15717279117743602,0.2515953891161145,0.2833147521940358,0.26742044907011736,0.29815199732779746,0.2831969692119788,0.20481843136346203,0.2553353935148625,0.1747291591994439,0.24888258404798325,0.0,0.32083142387198726,0.31475992694412563,0.2582818817777142,0.2783667145896888,0.26177983408073,0.31079502324121017,0.3178452847332631,0.32669884637418367,0.29856787362684384,0.17846572476590064,0.26884697367527743,0.3123314575936882,0.2939120033242457,0.2447495135297024,0.3025513174453796,0.2798650078369776,0.22290806038617084,0.23029853798301014,0.24483646471305479,0.23819368910528815,0.0,0.28541930519105274,0.19179858830392885,0.16534382008521648,0.20056417362174803,0.0,0.3152219957109414,0.23620094518068105,0.21099490098999554,0.0,0.0,0.2764162629740616,0.33901673248094344,0.0,0.0,0.0,0.0,0.0,0.0,0.0,0.0,0.0,0.17951618544219677,0.0,0.0,0.33689263357671717,0.31566614958867595,0.0,0.274530389569791,0.0,0.0,0.3380713741141746,0.3407706280860196,0.31192337369125506,0.0,0.2955972345067123,0.33076982879475936,0.3160454815937685,0.0,0.0,0.0,0.0
0.3289355891372266,0.0,0.28068013636560935,0.1332054340021958,0.13718658561844643,0.269960943695636,0.18726574232965465,0.19860649856075366,0.27253979894378827,0.20796637283708513,0.20950607141568756,0.19126901987499212,0.18377743672863414,0.13922881796852152,0.3357055934719512,0.0,0.0,0.0,0.26859027072430314,0.3402772279220577,0.2797176362881685,0.36766659143788083,0.24944417892025453,0.0,0.0,0.35666524046546405,0.28754988317771946,0.1627964546156077,0.3766870283699179,0.0,0.2038690087770193,0.175880274795546,0.3320879599718114,0.26639331192361565,0.28541930519105274,0.0,0.1530472897836571,0.19704386709255234,0.20125455806577874,0.20567917818790682,0.17560125578151595,0.16936871718425459,0.23021810430612344,0.0,0.0,0.0,0.0,0.3160214765709242,0.0,0.2370175123987343,0.0,0.31055197176998867,0.0,0.0,0.0,0.252588770291564,0.14905176681121313,0.0,0.23548552364026462,0.0,0.0,0.0,0.0,0.0,0.0,0.0,0.0,0.2693318462198331,0.0,0.0,0.0,0.0,0.0,0.0,0.0,0.0
0.0,0.0,0.0,0.13254516636721345,0.14128755092221484,0.2826998489491277,0.1733445382648117,0.0,0.274392826122275,0.216395031562089,0.26517622892156956,0.2106643281458313,0.19012787036453477,0.1271839686343566,0.3570587075602826,0.0,0.0,0.0,0.27660350649700366,0.31565030476763006,0.0,0.0,0.2804366662922772,0.0,0.0,0.0,0.28141810013288887,0.17361539852096905,0.36485193663843823,0.0,0.21268327938645812,0.20869650616309715,0.19280027800640856,0.19796070189815218,0.19179858830392885,0.1530472897836571,0.0,0.21018264090615227,0.1952634982155835,0.0,0.0,0.1915778345764538,0.18911760473241832,0.0,0.0,0.0,0.0,0.0,0.0,0.0,0.0,0.0,0.0,0.0,0.0,0.0,0.1629723422799044,0.0,0.0,0.0,0.0,0.0,0.0,0.0,0.0,0.0,0.0,0.0,0.0,0.0,0.35134519455975,0.0,0.0,0.0,0.0,0.0
0.2943272909108741,0.0,0.0,0.0,0.0,0.3106040662786866,0.0,0.0,0.280285878641509,0.17932995559982723,0.0,0.1581914946162396,0.23891794110461206,0.0,0.0,0.0,0.0,0.0,0.0,0.0,0.0,0.0,0.0,0.15725120579077767,0.19895664811565095,0.21723289721667144,0.0,0.21027615995863252,0.0,0.0,0.18942941663983076,0.19486794898232848,0.14285668771210527,0.15353216184917115,0.16534382008521648,0.19704386709255234,0.21018264090615227,0.0,0.18637140230328816,0.18198740698056198,0.17532806001536266,0.0,0.0,0.0,0.15132850890466418,0.0,0.0,0.0,0.0,0.0,0.0,0.0,0.0,0.0,0.22716762422145143,0.0,0.2379495947604912,0.0,0.0,0.0,0.0,0.0,0.0,0.0,0.0,0.0,0.0,0.0,0.3253294612509966,0.2690240953654601,0.2754229353582278,0.0,0.0,0.0,0.0,0.0
0.29675842867894797,0.3120642783621227,0.0,0.0,0.0,0.28738838605624406,0.0,0.28651034784556123,0.0,0.28183149167374205,0.0,0.19050325543088306,0.0,0.0,0.32079590872086683,0.3181154947427916,0.0,0.2852160014047264,0.0,0.29296595499650485,0.29553645456131034,0.32060579430715413,0.2979970641064231,0.0,0.2886548554252644,0.31869090356599145,0.2969202057362148,0.295840425841027,0.286899855428449,0.2880765271936709,0.3058586377931709,0.24309482711703143,0.24638158150972372,0.2526162464753319,0.20056417362174803,0.20125455806577874,0.1952634982155835,0.18637140230328816,0.0,0.2393420619964521,0.2845820585213472,0.282983631227763,0.15593440093189023,0.20886136560479926,0.1995185227372888,0.2895613643669805,0.29056753687174625,0.2743170517293152,0.1966255147102261,0.263297164421028,0.27468124896082796,0.2556725761728234,0.2755207688461408,0.28427375032803015,0.22334167694631057,0.27114121576033506,0.19155858438355486,0.26259394039227757,0.1274473313157658,0.2972760536469148,0.30284630236142546,0.3008800358867893,0.2934381424223563,0.2746343764147367,0.3176890691993508,0.29703317902503945,0.3026699675546493,0.27502341821748394,0.29724857664243365,0.29014995530302123,0.2921674019406909,0.29623690541384023,0.27032654328132055,0.3008893829568082,0.26526673437994963,0.2763976480893527
0.26831483135577344,0.29884825789084046,0.0,0.0,0.0,0.0,0.0,0.0,0.0,0.23775743218004655,0.0,0.24191006917137853,0.0,0.0,0.2894086738451659,0.2997705401434401,0.2570876279110904,0.2433223218624932,0.0,0.0,0.2803781475948658,0.3105149317553911,0.2483746686526045,0.25535917978320477,0.26845012197582113,0.28966615684715813,0.0,0.0,0.29950639685209074,0.18734251174894398,0.2717946566000032,0.2543383063083481,0.22743302237908786,0.2698464314581609,0.0,0.20567917818790682,0.0,0.18198740698056198,0.2393420619964521,0.0,0.18098913338425276,0.2700175310940019,0.19301127650310035,0.1921529088981559,0.1508785309718964,0.24273827632323627,0.2388116817586187,0.0,0.0,0.0,0.2659381922509402,0.27268264005587556,0.0,0.0,0.2009912874033557,0.0,0.1761261756455518,0.2692595198877568,0.0,0.23841911719238082,0.26684785601879896,0.24494458378723016,0.2378810755740881,0.0,0.26104776040958605,0.2330185665479352,0.2507947311943742,0.2287240782773831,0.18048984837061952,0.22016295299799699,0.23970126604744413,0.24051776113417203,0.25346439680230054,0.25692042389658754,0.0,0.2064310430108987
0.2933473157323392,0.30759692511569786,0.0,0.0,0.0,0.3239031569863111,0.0,0.0,0.0,0.25477550354676065,0.0,0.20431871115518044,0.0,0.0,0.3252778499119358,0.3054539253281811,0.0,0.26197278699594234,0.0,0.0,0.29831476376322086,0.32355834957659335,0.283311898800779,0.22271966887129652,0.2818705033666195,0.30815071810510314,0.30583546516263815,0.0,0.0,0.0,0.3013137430674743,0.27702649994503886,0.2734370731983021,0.31041364896078244,0.3152219957109414,0.17560125578151595,0.0,0.17532806001536266,0.2845820585213472,0.18098913338425276,0.0,0.27727490347309186,0.21828691088760646,0.19853120965085697,0.16368457475886067,0.26773473096920625,0.27445464791451774,0.2904273925203674,0.17069741711759287,0.248061217477445,0.28206869890185493,0.2416896452618587,0.2745176474113165,0.30042410120060453,0.20773922379016016,0.2669051762395514,0.18075675354989926,0.2564796522053225,0.0,0.2883180232899389,0.2676941719042756,0.2519506117489953,0.26110479467771663,0.27089662045930735,0.28769604620576644,0.2809788732106911,0.2821483943020696,0.2828978971311011,0.16815748811827363,0.2546222717919505,0.2724479348094523,0.28439206176154186,0.2600034964467738,0.2730727864676321,0.24908991041483478,0.17744682012768467
0.0,0.3179948015825793,0.0,0.0,0.0,0.0,0.0,0.0,0.0,0.23984448141262135,0.0,0.20440118831967982,0.0,0.0,0.3337375194897282,0.310338792218456,0.0,0.0,0.0,0.32018534451474195,0.32033663737147616,0.33545257108784854,0.30884869084649863,0.0,0.27723540094365995,0.333953140063382,0.0,0.0,0.33634235579110694,0.0,0.33448151429600914,0.22297311190630745,0.34027047905796376,0.3438614923343998,0.23620094518068105,0.16936871718425459,0.1915778345764538,0.0,0.282983631227763,0.2700175310940019,0.27727490347309186,0.0,0.2264278188631131,0.1808535315630999,0.2100230948701874,0.28281900957518363,0.29303000453658723,0.29566247043506877,0.14048330307109022,0.21820295508811022,0.2827228060062356,0.22652109904406997,0.2888523743417618,0.2866214262181423,0.21726183933699703,0.2575147812351524,0.21393662613608724,0.22992574547860634,0.22998990013968038,0.31239139172509456,0.2816371929931372,0.24979638477697322,0.2714532712256902,0.2627542036436975,0.31050683828964687,0.3223009724619234,0.31084231256114075,0.2860624503124484,0.2008979591286923,0.2635045266472585,0.29885580213039203,0.29183362508947785,0.23580683445281145,0.29198256038128545,0.26863495228826834,0.18749912250183504
