0.0,0.2752069016981081,0.0,0.0,0.0,0.0,0.0,0.35417879138449176,0.0,0.29380007544937864,0.0,0.268642508051844,0.0,0.0,0.26436103120463333,0.2604189785216687,0.2890686359919455,0.2604351454725828,0.0,0.0,0.2881078847229215,0.26784987359293383,0.32867967280682986,0.24428533148132622,0.2617634799475342,0.25716142346277443,0.32499556372178234,0.0,0.31279519786399607,0.0,0.25611441113584654,0.28220023319322124,0.23227786318874838,0.250083040660239,0.2862470509827933,0.32596690189635286,0.0,0.0,0.3040866699167667,0.2853665515403999,0.29733206760609465,0.0,0.0,0.0,0.0,0.2750279100463,0.330740140720938,0.0,0.0,0.0,0.3633833851249614,0.0,0.2795484904720547,0.0,0.3495765349288034,0.0,0.33426258456557734,0.0,0.0,0.0,0.3099372344913246,0.0,0.33035016861104155,0.0,0.28091796810650116,0.2851924634900918,0.3162613712223403,0.3136903271490445,0.27679760299174816,0.3191147771360941,0.31773075549503677,0.0,0.0,0.0,0.0,0.3018965041497258
0.2752069016981081,0.0,0.3179240928386996,0.0,0.2865078175549733,0.2774173571484692,0.3021445820375435,0.3180901435674913,0.283144931486428,0.292124944645555,0.0,0.0,0.31319203445755395,0.0,0.2888470420780889,0.2756805818571024,0.0,0.2767891887603716,0.0,0.3012330192279932,0.27786551201527776,0.27806712548902557,0.29455546489700735,0.0,0.25647387434682534,0.270119863901495,0.2947170199430809,0.3036957808012504,0.2954103919484616,0.27621812587119005,0.25752590103547524,0.28370250286500054,0.2515156004096623,0.26985130116172473,0.2997789680584319,0.0,0.0,0.0,0.3203971413303993,0.29875729549548896,0.3202457989075541,0.3306813765575917,0.0,0.0,0.0,0.3175530632042636,0.34320158436099096,0.0,0.0,0.0,0.344896735220961,0.0,0.40480188116844107,0.0,0.0,0.0,0.0,0.0,0.0,0.3338541152247758,0.3160461350351896,0.0,0.3179889424385615,0.0,0.3166741305170429,0.331314598784863,0.32873096203080293,0.3388576167644095,0.2732547839016474,0.3169450885358309,0.333600247276205,0.3271459784976906,0.0,0.33011373581768827,0.0,0.3005695761104746
0.0,0.3179240928386996,0.0,0.0,0.2835894093515622,0.24862861274835274,0.3128775778776826,0.33793048137381154,0.21152097157812602,0.0,0.22080977769701093,0.3866545492877004,0.3211348618106234,0.3077293148614673,0.0,0.0,0.0,0.0,0.19789189497321105,0.33311867797913963,0.0,0.30615064116904156,0.21841295281234394,0.0,0.0,0.0,0.22888295278174425,0.3228825943983418,0.33030016407184815,0.34457382074900744,0.3326926147235932,0.3066673783876664,0.30343638395513123,0.33367048604844585,0.32847767819506224,0.30337371826371945,0.3261327101112097,0.0,0.36580488656456306,0.0,0.0,0.0,0.35906815200019426,0.0,0.0,0.0,0.0,0.2099841198226867,0.0,0.43436389770879114,0.39565811034311943,0.41051382378946155,0.39440183044082444,0.39022569024795367,0.0,0.24184062361240494,0.0,0.40752963089744676,0.0,0.0,0.0,0.0,0.0,0.18412100804541248,0.0,0.0,0.0,0.4048441357716766,0.0,0.0,0.0,0.38712585788647086,0.4084306807332451,0.0,0.0,0.0
0.0,0.0,0.0,0.0,0.20197703433121644,0.2802345907629479,0.20051315507586398,0.25751286188881634,0.30572960238986957,0.0,0.2612838060993493,0.1988570045744925,0.21174670282940608,0.19692043100249632,0.0,0.0,0.0,0.0,0.0,0.0,0.0,0.28854670250618253,0.2724902660019484,0.18041873506034187,0.0,0.0,0.2921789303338081,0.21658625226671221,0.3167849682711292,0.0,0.0,0.1932668011830089,0.0,0.19493668668120967,0.25129430566747224,0.15157271110564366,0.14578514038887733,0.18211772329147166,0.1780365332630291,0.0,0.0,0.0,0.0,0.0,0.0,0.0,0.0,0.0,0.0,0.0,0.0,0.0,0.0,0.0,0.0,0.0,0.20481711669870606,0.0,0.0,0.0,0.0,0.0,0.0,0.0,0.0,0.0,0.0,0.0,0.0,0.0,0.0,0.0,0.0,0.0,0.0,0.0
0.0,0.2865078175549733,0.2835894093515622,0.20197703433121644,0.0,0.273377589160511,0.22869263148822983,0.3036471739336783,0.2540274683334956,0.3036492103846283,0.24704197656423313,0.3062783360705777,0.2739915726146106,0.23181030214249487,0.0,0.3013953405459136,0.3493395326802761,0.3261903417721381,0.2878468263399543,0.2777397888816272,0.0,0.2892955041605248,0.2914352596190571,0.3059816390755325,0.28431757301263283,0.2891010736248263,0.2824966833361095,0.300916235115911,0.27481949100087927,0.2742310564519194,0.3329415033708287,0.2570995641082093,0.3184086617409431,0.31802089259990113,0.32442854512190455,0.1845521527577981,0.17854959228037356,0.30927039613031804,0.333263079386689,0.0,0.0,0.0,0.29033516486240807,0.0,0.0,0.0,0.0,0.37217246093751777,0.0,0.4635557240760667,0.38819800032547824,0.47703018477416087,0.3742274260029361,0.39397629129094724,0.0,0.0,0.0,0.0,0.0,0.0,0.0,0.0,0.0,0.3841525590303626,0.0,0.0,0.0,0.36480641238162087,0.0,0.0,0.0,0.39634622033848127,0.0,0.0,0.0,0.0
0.0,0.2774173571484692,0.24862861274835274,0.2802345907629479,0.273377589160511,0.0,0.2938958181862612,0.2976303339045413,0.2451403062228461,0.30816699772022227,0.28900665554505817,0.32628010147509034,0.27367960387173923,0.30766138780735774,0.2956001403579057,0.29721140925024103,0.0,0.2829475598665402,0.2970481800001494,0.2935634652397079,0.2828265991688371,0.29418320896172045,0.258427172353401,0.0,0.2680054214788608,0.2865964893431637,0.2487851629662027,0.2741281792104178,0.2638597488245526,0.28863059598969343,0.29558695371089455,0.2790278383976826,0.2701422827252034,0.29447135029014615,0.29556625750634596,0.30499007403255873,0.2984366675390858,0.0,0.352896635958493,0.3308172364288776,0.36137345429211837,0.0,0.34071404533971467,0.0,0.0,0.0,0.0,0.3785640230807823,0.0,0.0,0.3546799477057959,0.37309654797803776,0.34619788176481464,0.38441880013177,0.0,0.3568916311967992,0.34660580813889447,0.36222401456539993,0.0,0.340919574013971,0.0,0.0,0.0,0.3912033207847745,0.33989122415562023,0.0,0.34697583576404073,0.35843100222286717,0.0,0.0,0.35018928226268725,0.3479775627092532,0.35298700041075093,0.32926286346091266,0.37944806759362687,0.36329550896776325
0.0,0.3021445820375435,0.3128775778776826,0.20051315507586398,0.22869263148822983,0.2938958181862612,0.0,0.3387980898392816,0.2941406630421027,0.28700121425836067,0.32764355631214503,0.2839990842328063,0.23341431675609822,0.25046950251875083,0.0,0.3167136167515845,0.3154794345031307,0.31027890690393706,0.3314281718128415,0.31405062373909737,0.0,0.3270413287296327,0.30447811233981315,0.27094871620314415,0.2960320194330216,0.2971798764279973,0.3014041871255635,0.2682194829163116,0.3098550539899121,0.30346851247769996,0.30928522905217104,0.27734175029618496,0.29302921548266936,0.29016822301847445,0.3132128145179173,0.2136774260184529,0.2024330419663975,0.27894598552251376,0.41972924104350684,0.0,0.0,0.0,0.39495552199648304,0.0,0.2807247496717998,0.0,0.0,0.4256835542921644,0.0,0.0,0.3872891955552651,0.46327119346421686,0.3946174888409793,0.0,0.0,0.4349944824697387,0.24688095056760723,0.0,0.0,0.0,0.0,0.0,0.0,0.47467875949264116,0.0,0.0,0.0,0.37225406959714413,0.0,0.0,0.0,0.36553170241605837,0.45279742072724827,0.0,0.0,0.0
0.35417879138449176,0.3180901435674913,0.33793048137381154,0.25751286188881634,0.3036471739336783,0.2976303339045413,0.3387980898392816,0.0,0.3594743804245765,0.0,0.25527815206801463,0.0,0.3182636577703746,0.27217003948677077,0.30885028212649435,0.3239264537223544,0.0,0.32599357940386525,0.3488671210340992,0.2833896694487353,0.2894075836593642,0.32363431252037944,0.27099116733500794,0.3431173029254138,0.3142838515894946,0.33487867473128174,0.3192880711266422,0.31211963670827847,0.28782850646934494,0.2910266936928504,0.3297073354322039,0.27121349317365223,0.3086163166200816,0.3251963323858456,0.32173743029130725,0.24072396141891836,0.3415071344146827,0.0,0.31433702760348925,0.0,0.3421445463726263,0.0,0.28772509455575823,0.0,0.0,0.0,0.0,0.3992041823047959,0.0,0.39266224879776607,0.32632943657869745,0.3720712856193592,0.2965762222576157,0.3977484889389116,0.0,0.3720811179172712,0.0,0.3461552806489956,0.0,0.3545749137501635,0.0,0.0,0.0,0.3998521865874585,0.3357898482984346,0.30232773183979966,0.0,0.3411641270288302,0.0,0.0,0.41203634943952494,0.34081092239036864,0.3414533604146235,0.330181158149913,0.38297392848757267,0.3429437174179787
0.0,0.283144931486428,0.21152097157812602,0.30572960238986957,0.2540274683334956,0.2451403062228461,0.2941406630421027,0.3594743804245765,0.0,0.3290313603624131,0.2592337121042323,0.3363004398980632,0.2971514367175541,0.3164196379228555,0.0,0.29730897870283585,0.0,0.36419992517258587,0.21152634603675502,0.29019347817712415,0.0,0.2955118455965221,0.308861618668159,0.3742680652978358,0.2959502503101506,0.3115379918048053,0.26760891762268063,0.33137462355893943,0.2953160241145857,0.3259671486960772,0.3509525475786649,0.31811355422030096,0.3209310747197704,0.33968590136846094,0.33240124997891296,0.31846910218540353,0.31823701534682036,0.31898512683665486,0.3691690224812692,0.0,0.0,0.0,0.36594213164343087,0.0,0.38051674090035137,0.0,0.0,0.4068406259496288,0.0,0.42325119345231466,0.39890121301587744,0.422264180736163,0.42343956134033434,0.4074420223126189,0.0,0.39021276486449513,0.3426114010990953,0.41894226639412174,0.3670500874988973,0.0,0.0,0.0,0.0,0.4066559894103098,0.0,0.0,0.0,0.40714332693559063,0.0,0.0,0.0,0.3895378095356989,0.44856267193918253,0.0,0.0,0.0
0.29380007544937864,0.292124944645555,0.0,0.0,0.3036492103846283,0.30816699772022227,0.28700121425836067,0.0,0.3290313603624131,0.0,0.3269226915550374,0.21973721617455977,0.2869528710858228,0.0,0.0,0.24734738861081348,0.22896235746741864,0.23931139755956785,0.3433018381983943,0.0,0.33341465764479084,0.2530723663441719,0.3249155659080369,0.22183592634846905,0.24801919356144325,0.2520355365391555,0.3068802415043606,0.27538549987960165,0.0,0.0,0.2261885944567048,0.20675371848825808,0.23143474857887797,0.20495844463313123,0.20662322600233027,0.26495892478813704,0.21008838949794656,0.19302334945359936,0.3030094119039091,0.2736072669904192,0.26289475901801906,0.2583304600891704,0.2829928903526623,0.0,0.21433687045008756,0.3436433873754577,0.30222374569916516,0.0,0.0,0.0,0.0,0.30960965737417134,0.0,0.0,0.3179338421896688,0.0,0.32314934373353665,0.30511510767754163,0.0,0.0,0.2909683964392254,0.3268581534541723,0.293417100448761,0.0,0.0,0.0,0.0,0.0,0.30206867541996824,0.3171001142361893,0.3234133473557204,0.0,0.2814513894140245,0.0,0.0,0.2999642144231344
0.0,0.0,0.22080977769701093,0.2612838060993493,0.24704197656423313,0.28900665554505817,0.32764355631214503,0.25527815206801463,0.2592337121042323,0.3269226915550374,0.0,0.33115770036036923,0.3375461972319395,0.24004713781834486,0.0,0.0,0.0,0.0,0.19577950795452514,0.0,0.32785125523915143,0.0,0.20633401249595523,0.3095633616617501,0.0,0.0,0.2796310198746955,0.3387490661928161,0.0,0.0,0.3608366735942269,0.2854217767843598,0.344893012775961,0.3320691989480691,0.3399242820663315,0.257350425334706,0.31245331558553074,0.32909506410362,0.3280287034582125,0.0,0.0,0.0,0.31489370110763654,0.0,0.0,0.0,0.0,0.3823484681016071,0.0,0.35264468789795095,0.3970384743235876,0.3853190279311295,0.3838741237395816,0.36831895045783736,0.0,0.19296207569665366,0.33768281927686633,0.39134218385715336,0.32240392058227313,0.0,0.0,0.0,0.0,0.23745392718315983,0.0,0.0,0.0,0.38084361493481095,0.0,0.0,0.0,0.3771656078505643,0.40943049436518525,0.0,0.0,0.0
0.268642508051844,0.0,0.3866545492877004,0.1988570045744925,0.3062783360705777,0.32628010147509034,0.2839990842328063,0.0,0.3363004398980632,0.21973721617455977,0.33115770036036923,0.0,0.2773346746837681,0.2771343649343632,0.0,0.0,0.2620109494184323,0.26090142409169526,0.0,0.0,0.3304156797555474,0.40286359785734843,0.3434434722226081,0.2106643848801005,0.2661167428511611,0.24144490266182864,0.34579907895422096,0.2515922680920224,0.0,0.0,0.22485062331736463,0.202758530755999,0.23952815829975793,0.18852142382922407,0.24605913245470956,0.22834281240482426,0.2208848572666936,0.18588613505099583,0.18672695521689367,0.29057783913780777,0.26381167553843454,0.20180361060256927,0.0,0.0,0.21366400177684644,0.3742904019414018,0.0,0.0,0.0,0.0,0.0,0.0,0.0,0.0,0.3273198064482937,0.0,0.32934681594879894,0.32450829667031694,0.0,0.0,0.33287638966378486,0.33534243090525234,0.31574358950015247,0.0,0.0,0.0,0.0,0.0,0.31253626564631215,0.3281614875891069,0.3298800396760562,0.0,0.2861346165920355,0.0,0.0,0.3106517898603569
0.0,0.31319203445755395,0.3211348618106234,0.21174670282940608,0.2739915726146106,0.27367960387173923,0.23341431675609822,0.3182636577703746,0.2971514367175541,0.2869528710858228,0.3375461972319395,0.2773346746837681,0.0,0.26871786483051574,0.0,0.3192365755191545,0.30148101078796113,0.3083041726639601,0.3363195074198986,0.31374389268027914,0.0,0.32510837474938203,0.3033393086079301,0.2762860021973703,0.2971495910638757,0.288267048945969,0.30692521939211537,0.24427730476461945,0.2928121118656388,0.29957870878013965,0.29446884815116336,0.28019537697918384,0.29345311117314193,0.295167002051675,0.30256554609282993,0.24042760980101194,0.23282810234130416,0.2741454066500614,0.3376181844196008,0.0,0.3198666697646587,0.0,0.36392328812174757,0.0,0.24425143471474361,0.0,0.0,0.4214900929265232,0.0,0.0,0.36412666975918107,0.4308107566943896,0.35641554552088694,0.0,0.0,0.37153901584000176,0.289364345054966,0.4253474082395775,0.0,0.0,0.0,0.0,0.0,0.0,0.0,0.0,0.0,0.3619362624593697,0.0,0.0,0.0,0.3507264671224039,0.3930517005614665,0.0,0.0,0.0
0.0,0.0,0.3077293148614673,0.19692043100249632,0.23181030214249487,0.30766138780735774,0.25046950251875083,0.27217003948677077,0.3164196379228555,0.0,0.24004713781834486,0.2771343649343632,0.26871786483051574,0.0,0.0,0.0,0.0,0.0,0.3116892049690196,0.0,0.3134625975639682,0.0,0.30075265437454785,0.0,0.0,0.3747331126169356,0.3073105689892159,0.22901942277271575,0.32641394376523714,0.26455751555015544,0.0,0.18746607306981364,0.16681988315578752,0.30539972383467956,0.0,0.15965158577490682,0.13977960333066208,0.0,0.2511350813478673,0.0,0.0,0.0,0.282762467562564,0.0,0.0,0.0,0.0,0.3770849166348641,0.0,0.0,0.0,0.0,0.3628193127747644,0.3636401382124648,0.0,0.3373792182514485,0.20750659053003195,0.0,0.0,0.0,0.0,0.0,0.0,0.37011828554457404,0.0,0.0,0.0,0.3531641441763603,0.0,0.0,0.0,0.36716248148188824,0.0,0.0,0.0,0.0
0.26436103120463333,0.2888470420780889,0.0,0.0,0.0,0.2956001403579057,0.0,0.30885028212649435,0.0,0.0,0.0,0.0,0.0,0.0,0.0,0.28483061615331584,0.0,0.27900624112683475,0.0,0.24799496073226,0.2679533848672141,0.2544627704428721,0.275169562191801,0.2958776761299699,0.2808776014116951,0.2588521400353512,0.28659645067609807,0.2865707255632236,0.2838218341319304,0.2824024446809807,0.2827590774749495,0.3003090875246088,0.29176231068503017,0.3000982045444681,0.3265646974588524,0.32435208204704846,0.31530550690236586,0.0,0.3315469334515523,0.3180452863568359,0.34147198030692616,0.35611518511043583,0.27261985192453175,0.0,0.0,0.0,0.3467455328912132,0.0,0.0,0.0,0.329250413605346,0.6109825315271756,0.29839131678388525,0.0,0.0,0.0,0.0,0.39491291020197666,0.0,0.3100755730353919,0.3494652782672621,0.0,0.0,0.0,0.33989919879658237,0.31522100973941264,0.35258201222896796,0.332412672557761,0.0,0.0,0.35353053691857583,0.3396951385933536,0.3540726359993761,0.3356655169958106,0.3455873820383939,0.3399662612364144
0.2604189785216687,0.2756805818571024,0.0,0.0,0.3013953405459136,0.29721140925024103,0.3167136167515845,0.3239264537223544,0.29730897870283585,0.24734738861081348,0.0,0.0,0.3192365755191545,0.0,0.28483061615331584,0.0,0.24350931886181468,0.22026700606194358,0.0,0.28357392924582436,0.27297270403552604,0.2510200533460647,0.30048993798977325,0.2602720199336078,0.2689344905293369,0.2707350625871793,0.3039566276612138,0.31221251730603095,0.3081040882732664,0.3074956385972678,0.24608508312517086,0.3074395022846248,0.2642913543631694,0.2711792514083089,0.3035100008910147,0.0,0.0,0.0,0.30327534529722844,0.2771927502925302,0.2973215854243183,0.31226339367792677,0.0,0.0,0.0,0.3047531758143625,0.3129918961306792,0.0,0.0,0.0,0.0,0.0,0.0,0.0,0.0,0.0,0.0,0.0,0.0,0.3393551970636378,0.2995859522003333,0.0,0.29700778211127377,0.0,0.32551314865246206,0.0,0.3069678237925033,0.0,0.3085686102050024,0.3032798260492323,0.31636811353131955,0.0,0.0,0.0,0.0,0.2772054491260995
0.2890686359919455,0.0,0.0,0.0,0.3493395326802761,0.0,0.3154794345031307,0.0,0.0,0.22896235746741864,0.0,0.2620109494184323,0.30148101078796113,0.0,0.0,0.24350931886181468,0.0,0.22052397713330424,0.0,0.2938764910278421,0.0,0.26196470498831204,0.0,0.2648456729300314,0.2490410768093467,0.2521128837171971,0.0,0.3006977578416472,0.3141346114228579,0.0,0.23737078767439587,0.27545868908591015,0.26198992306217,0.2472443400278071,0.26078133004045595,0.2669965955325184,0.0,0.2465405943104303,0.0,0.285153511588383,0.33176684291108766,0.0,0.0,0.0,0.0,0.0,0.0,0.0,0.0,0.0,0.0,0.0,0.0,0.0,0.3299715953471167,0.0,0.3229806572997175,0.0,0.0,0.0,0.2963959537909379,0.3331892318167901,0.3011832954743077,0.0,0.0,0.0,0.0,0.0,0.3227862779072631,0.31563296746992825,0.3243845487271341,0.0,0.0,0.0,0.0,0.0
0.2604351454725828,0.2767891887603716,0.0,0.0,0.3261903417721381,0.2829475598665402,0.31027890690393706,0.32599357940386525,0.36419992517258587,0.23931139755956785,0.0,0.26090142409169526,0.3083041726639601,0.0,0.27900624112683475,0.22026700606194358,0.22052397713330424,0.0,0.0,0.28596205922879664,0.2839543205892657,0.2746608225882351,0.29687032076432707,0.2560114193850552,0.2373421707681915,0.2608970953162406,0.2940694978992238,0.3047359181058683,0.3100796243631431,0.0,0.25164454283099424,0.29250329823285653,0.25585134034043033,0.2566044737599127,0.27278258632777763,0.3112558050059392,0.0,0.24301508801183466,0.29961057581682843,0.27226628562355526,0.29839396404440266,0.0,0.0,0.0,0.0,0.297682175268128,0.3005032995302751,0.0,0.0,0.0,0.0,0.0,0.0,0.0,0.3154835115064372,0.0,0.31417858062828413,0.0,0.0,0.0,0.28974037711564066,0.33527952884047446,0.30406036312063434,0.0,0.0,0.0,0.2961895802207375,0.0,0.3207838946231227,0.3080586247701779,0.31437467816486014,0.0,0.0,0.0,0.0,0.29095105363921453
0.0,0.0,0.19789189497321105,0.0,0.2878468263399543,0.2970481800001494,0.3314281718128415,0.3488671210340992,0.21152634603675502,0.3433018381983943,0.19577950795452514,0.0,0.3363195074198986,0.3116892049690196,0.0,0.0,0.0,0.0,0.0,0.0,0.0,0.0,0.22249548293019067,0.0,0.0,0.0,0.2913876466684742,0.341061858617885,0.5191264612340436,0.40135550291122446,0.34024537069302313,0.3068991431172716,0.38465600737632655,0.33065856280020683,0.3276743403112132,0.30636146587130764,0.3197824377318797,0.3327243871873625,0.3563927434104737,0.0,0.0,0.0,0.34891273941370193,0.0,0.0,0.0,0.0,0.3906033637765748,0.0,0.39844930844973814,0.4023457120883048,0.42877399124942533,0.4036852674113313,0.4047415471581991,0.0,0.3733155341145637,0.0,0.4391687891328115,0.0,0.0,0.0,0.0,0.0,0.3976614608610662,0.0,0.0,0.0,0.3975867097335394,0.0,0.0,0.0,0.39237151523263547,0.0,0.0,0.0,0.0
0.0,0.3012330192279932,0.33311867797913963,0.0,0.2777397888816272,0.2935634652397079,0.31405062373909737,0.2833896694487353,0.29019347817712415,0.0,0.0,0.0,0.31374389268027914,0.0,0.24799496073226,0.28357392924582436,0.2938764910278421,0.28596205922879664,0.0,0.0,0.30536426873508765,0.24392058757783608,0.19306220121540146,0.0,0.2848358473243151,0.2952152331599204,0.25640359782313643,0.27966640443242546,0.2386489282669725,0.20577401088858246,0.26795798399797016,0.30351576601795455,0.27383282406777903,0.31097922821363644,0.33033829644930146,0.348912491777071,0.3169111480119366,0.0,0.3188712405696564,0.2954464545260544,0.33768781644383544,0.34427776714909963,0.36070956084003114,0.0,0.0,0.0,0.32519675698833866,0.0,0.0,0.0,0.3418224766308023,0.5146394699294882,0.35055366518458353,0.6393764699149213,0.0,0.0,0.0,0.39044530479008693,0.0,0.3340806422804405,0.0,0.0,0.0,0.0,0.34111468173247045,0.3349763535941011,0.32929904781380254,0.34370498471495503,0.0,0.0,0.33282271209467695,0.3419913662779603,0.34727253261826113,0.3353653722141323,0.3966813018980439,0.3465104493891447
0.2881078847229215,0.27786551201527776,0.0,0.0,0.0,0.2828265991688371,0.0,0.2894075836593642,0.0,0.33341465764479084,0.32785125523915143,0.3304156797555474,0.0,0.3134625975639682,0.2679533848672141,0.27297270403552604,0.0,0.2839543205892657,0.0,0.30536426873508765,0.0,0.29207860526588114,0.2806298004844308,0.31308894393625497,0.2769483154116426,0.2869501737115338,0.29972465996415454,0.2953445977280189,0.2963839672003811,0.0,0.2515293073868859,0.29104646844270593,0.27123548883397486,0.2735695755065299,0.3094908365384474,0.3153059786605394,0.0,0.4110066881777746,0.311242760675041,0.31959297755083904,0.32248646022008753,0.0,0.0,0.0,0.0,0.24016565882951776,0.3362578628903671,0.0,0.0,0.0,0.3099548141032197,0.0,0.3091805049972282,0.0,0.0,0.0,0.0,0.36633125467205224,0.0,0.31690300447779735,0.3200314725326848,0.0,0.0,0.0,0.32458890840860705,0.3051896360597356,0.3387599477955487,0.31755536766041853,0.0,0.33211961770963655,0.34205106503342153,0.3210033069603241,0.3340220359262977,0.343702121876158,0.3511020909463372,0.0
0.26784987359293383,0.27806712548902557,0.30615064116904156,0.28854670250618253,0.2892955041605248,0.29418320896172045,0.3270413287296327,0.32363431252037944,0.2955118455965221,0.2530723663441719,0.0,0.40286359785734843,0.32510837474938203,0.0,0.2544627704428721,0.2510200533460647,0.26196470498831204,0.2746608225882351,0.0,0.24392058757783608,0.29207860526588114,0.0,0.30131958811482445,0.0,0.2823959958310143,0.2749142628126757,0.30665352418735153,0.309472026426672,0.2889744318326693,0.279127919982605,0.2597420399633139,0.2948592009679018,0.2665015865457639,0.2909627917982137,0.32254576195371043,0.3250307465685685,0.0,0.0,0.31326768454955944,0.295780578345275,0.3262260601820115,0.34317241232821577,0.28026507305113785,0.0,0.0,0.0,0.3230202026814095,0.0,0.0,0.0,0.33350910442447296,0.0,0.340279943271679,0.0,0.0,0.0,0.0,0.45790734828916013,0.0,0.3453055796073502,0.31416658691703153,0.0,0.3344359114986848,0.0,0.3377142577055912,0.34239809343104616,0.34374078125166496,0.33915102932765245,0.0,0.3065704931491247,0.3411654874676102,0.3346581610373744,0.3822536085299817,0.32573626507751996,0.34979056721847473,0.3145434921253987
0.32867967280682986,0.29455546489700735,0.21841295281234394,0.2724902660019484,0.2914352596190571,0.258427172353401,0.30447811233981315,0.27099116733500794,0.308861618668159,0.3249155659080369,0.20633401249595523,0.3434434722226081,0.3033393086079301,0.30075265437454785,0.275169562191801,0.30048993798977325,0.0,0.29687032076432707,0.22249548293019067,0.19306220121540146,0.2806298004844308,0.30131958811482445,0.0,0.3304830602637526,0.2884232772413397,0.3084278172543855,0.20813585039464227,0.3005197364421756,0.2848371575655485,0.2873006704537428,0.2999433020557205,0.27988787074815236,0.28023834705905387,0.30179004649828284,0.3120069147856366,0.28614938152402164,0.29315747246792073,0.0,0.3483539265416737,0.28125258300762596,0.3659587737246024,0.36152589272756774,0.35400155465689304,0.0,0.0,0.0,0.34399551241216647,0.39044658291478623,0.0,0.3854916639538946,0.35611055226279686,0.3732951364811845,0.35946996949161975,0.4063287070905452,0.0,0.3727138756371395,0.0,0.35996939617551443,0.0,0.3411211576936737,0.4090540799706229,0.0,0.0,0.388355872247777,0.349389591048772,0.32195062563450905,0.3425946771995739,0.35773550915527996,0.0,0.0,0.33781081916324807,0.35265037969971824,0.3599248134898499,0.34635805532651986,0.3505376616571894,0.363654832499774
0.24428533148132622,0.0,0.0,0.18041873506034187,0.3059816390755325,0.0,0.27094871620314415,0.3431173029254138,0.3742680652978358,0.22183592634846905,0.3095633616617501,0.2106643848801005,0.2762860021973703,0.0,0.2958776761299699,0.2602720199336078,0.2648456729300314,0.2560114193850552,0.0,0.0,0.31308894393625497,0.0,0.3304830602637526,0.0,0.2501592284130755,0.23676339180329267,0.0,0.26396165093629226,0.0,0.0,0.22335978155180167,0.21042952144347388,0.19501486048008532,0.19097437214792587,0.29143961513645633,0.22792211613594135,0.19092612503309836,0.15076917319051703,0.28733179507014583,0.27839150290807185,0.2579243192691057,0.0,0.0,0.0,0.17024903335940272,0.3308864625733053,0.27801504251517456,0.0,0.0,0.0,0.0,0.0,0.0,0.0,0.3009443259637442,0.0,0.3081848506615967,0.2708672497396444,0.0,0.0,0.3168385438539502,0.34139352114754834,0.3249599536147783,0.0,0.0,0.0,0.0,0.0,0.2952427759539245,0.3358150758722024,0.33071735938524766,0.0,0.22670024480265577,0.0,0.0,0.3090131694417216
0.2617634799475342,0.25647387434682534,0.0,0.0,0.28431757301263283,0.2680054214788608,0.2960320194330216,0.3142838515894946,0.2959502503101506,0.24801919356144325,0.0,0.2661167428511611,0.2971495910638757,0.0,0.2808776014116951,0.2689344905293369,0.2490410768093467,0.2373421707681915,0.0,0.2848358473243151,0.2769483154116426,0.2823959958310143,0.2884232772413397,0.2501592284130755,0.0,0.2584583911950358,0.2856184700307098,0.3015661888952758,0.2873063832549783,0.0,0.2650164455194466,0.28650528354136984,0.2431561424664569,0.25051966788568986,0.263540892621988,0.2933885116315552,0.0,0.23455584878374253,0.31180319202044376,0.28636481551376913,0.3036120494800282,0.3189879905471649,0.0,0.0,0.2801722179991273,0.3027517112510708,0.32135899921517835,0.0,0.0,0.0,0.0,0.0,0.0,0.0,0.33108406604088536,0.0,0.32368252962462435,0.0,0.0,0.3261478399271409,0.2991311697379607,0.3272178510757448,0.3132781701777059,0.0,0.31761763069065574,0.31910246429155126,0.307331308033676,0.0,0.33579655863696334,0.3181929003599814,0.32242493864765953,0.0,0.3234185020153446,0.3279806958790329,0.0,0.3092253447689892
0.25716142346277443,0.270119863901495,0.0,0.0,0.2891010736248263,0.2865964893431637,0.2971798764279973,0.33487867473128174,0.3115379918048053,0.2520355365391555,0.0,0.24144490266182864,0.288267048945969,0.3747331126169356,0.2588521400353512,0.2707350625871793,0.2521128837171971,0.2608970953162406,0.0,0.2952152331599204,0.2869501737115338,0.2749142628126757,0.3084278172543855,0.23676339180329267,0.2584583911950358,0.0,0.30865652132944676,0.30012904266344714,0.28628747639899677,0.0,0.26356083497206606,0.2884862131215402,0.25898088525930035,0.2689826384981873,0.29670352924363813,0.3210162393812461,0.0,0.23764236824602944,0.3134524827819453,0.2980361605942159,0.31680427613632356,0.3368708360367419,0.2902757783790396,0.0,0.2791323622985973,0.3064370331135496,0.33707383387152795,0.0,0.0,0.0,0.35212812300495044,0.0,0.33114348680826095,0.0,0.33129045360738063,0.0,0.3226782618307567,0.4040735796293752,0.0,0.35138736754198263,0.3102930303121035,0.34190332817218705,0.3213454066862599,0.0,0.3295229747233055,0.3493941921423107,0.34388947265817,0.33511435345358137,0.3336660204344147,0.3237661464047892,0.33085615460851125,0.3443294428928351,0.0,0.3349091520015938,0.0,0.3164770732610559
0.32499556372178234,0.2947170199430809,0.22888295278174425,0.2921789303338081,0.2824966833361095,0.2487851629662027,0.3014041871255635,0.3192880711266422,0.26760891762268063,0.3068802415043606,0.2796310198746955,0.34579907895422096,0.30692521939211537,0.3073105689892159,0.28659645067609807,0.3039566276612138,0.0,0.2940694978992238,0.2913876466684742,0.25640359782313643,0.29972465996415454,0.30665352418735153,0.20813585039464227,0.0,0.2856184700307098,0.30865652132944676,0.0,0.30251055634369795,0.26895418952220357,0.27918147543914046,0.28945896606336596,0.29014812142268087,0.2703558480194337,0.3054474866943148,0.32185407040067926,0.3139473804134796,0.3027026221005602,0.0,0.34332207993601804,0.30621474339998095,0.35524670193447205,0.35759559414404146,0.3408510359892213,0.0,0.0,0.0,0.36211339637116563,0.39491482432422054,0.0,0.39501582768333665,0.34914127267798795,0.3722637609153216,0.3584227378946051,0.38700212351185864,0.0,0.3736039270400307,0.34906663453609166,0.35508864504336074,0.3847636319889657,0.3406491887426987,0.0,0.0,0.0,0.40038739116611144,0.34633942042574284,0.3381951157744329,0.3393581529353293,0.35572521166145166,0.0,0.0,0.34473212698457734,0.34802896172050524,0.35188795554163027,0.3419637529013851,0.35653357980998984,0.3560594812504327
0.0,0.3036957808012504,0.3228825943983418,0.21658625226671221,0.300916235115911,0.2741281792104178,0.2682194829163116,0.31211963670827847,0.33137462355893943,0.27538549987960165,0.3387490661928161,0.2515922680920224,0.24427730476461945,0.22901942277271575,0.2865707255632236,0.31221251730603095,0.3006977578416472,0.3047359181058683,0.341061858617885,0.27966640443242546,0.2953445977280189,0.309472026426672,0.3005197364421756,0.26396165093629226,0.3015661888952758,0.30012904266344714,0.30251055634369795,0.0,0.2585672039940676,0.22269772341592547,0.27845103786956604,0.2826720984212862,0.2774890825951172,0.2860403838864339,0.27862363768699033,0.23187665876628136,0.21886529971912003,0.25933027005995846,0.31133918775368824,0.2369551057489332,0.2743870074824047,0.0,0.36014773084350543,0.0,0.21746746834100927,0.0,0.0,0.0,0.0,0.0,0.35123024522738816,0.44409606905454885,0.3426509336260737,0.0,0.28840343978004984,0.0,0.28425457323703707,0.4001751021870576,0.0,0.36327969450984465,0.0,0.0,0.0,0.0,0.34354695254515705,0.0,0.0,0.3568543977845574,0.0,0.3945506933700794,0.35319793136285826,0.3508480674921858,0.3593786570731511,0.34189069334854066,0.40564144439547417,0.37122449062820523
0.31279519786399607,0.2954103919484616,0.33030016407184815,0.3167849682711292,0.27481949100087927,0.2638597488245526,0.3098550539899121,0.28782850646934494,0.2953160241145857,0.0,0.0,0.0,0.2928121118656388,0.32641394376523714,0.2838218341319304,0.3081040882732664,0.3141346114228579,0.3100796243631431,0.5191264612340436,0.2386489282669725,0.2963839672003811,0.2889744318326693,0.2848371575655485,0.0,0.2873063832549783,0.28628747639899677,0.26895418952220357,0.2585672039940676,0.0,0.2586847067249692,0.26373537977374095,0.2857673844458338,0.24959463202513885,0.3029963188689312,0.3293548177245885,0.341858201322662,0.3252399573605613,0.0,0.332125343637772,0.0,0.3538383666891004,0.36286193676962136,0.3482540742722376,0.0,0.0,0.0,0.34116507556480635,0.404857427819519,0.0,0.0,0.33916655348517266,0.4106272359174121,0.3364160829484811,0.4381862294777232,0.0,0.33023461753413763,0.0,0.36349692110519494,0.0,0.33480092423052954,0.0,0.0,0.0,0.0,0.3331306454240556,0.33324142142876406,0.3275145755904853,0.34548131159411233,0.0,0.0,0.3423320219597935,0.3402384759344,0.3428239437792918,0.3374384282046619,0.3554489787815277,0.3475821519973488
0.0,0.27621812587119005,0.34457382074900744,0.0,0.2742310564519194,0.28863059598969343,0.30346851247769996,0.2910266936928504,0.3259671486960772,0.0,0.0,0.0,0.29957870878013965,0.26455751555015544,0.2824024446809807,0.3074956385972678,0.0,0.0,0.40135550291122446,0.20577401088858246,0.0,0.279127919982605,0.2873006704537428,0.0,0.0,0.0,0.27918147543914046,0.22269772341592547,0.2586847067249692,0.0,0.2325589514751554,0.2798207399069048,0.25885279842528114,0.27390901122750955,0.29018413861381154,0.3489132969003216,0.0,0.0,0.3566313361177208,0.0,0.3190602448386821,0.0,0.0,0.0,0.0,0.0,0.0,0.0,0.0,0.0,0.38004193593101654,0.0,0.39640662995255,0.0,0.0,0.0,0.0,0.6477320111716458,0.0,0.4156013558822215,0.0,0.0,0.0,0.0,0.35914994630401503,0.0,0.0,0.34972910110166755,0.0,0.0,0.0,0.3463246741891846,0.4063739429970116,0.39142782264244974,0.0,0.40735428680725566
0.25611441113584654,0.25752590103547524,0.3326926147235932,0.0,0.3329415033708287,0.29558695371089455,0.30928522905217104,0.3297073354322039,0.3509525475786649,0.2261885944567048,0.3608366735942269,0.22485062331736463,0.29446884815116336,0.0,0.2827590774749495,0.24608508312517086,0.23737078767439587,0.25164454283099424,0.34024537069302313,0.26795798399797016,0.2515293073868859,0.2597420399633139,0.2999433020557205,0.22335978155180167,0.2650164455194466,0.26356083497206606,0.28945896606336596,0.27845103786956604,0.26373537977374095,0.2325589514751554,0.0,0.2821459188267512,0.2443917599163606,0.23523588263416426,0.24248868711557575,0.32239963948492895,0.25296625257065025,0.20130065098683197,0.27386392537519244,0.25106472477553415,0.2346293189209203,0.0,0.0,0.0,0.2508081975686297,0.0,0.3088571336286034,0.0,0.0,0.0,0.3690700898658178,0.0,0.36681409730820974,0.0,0.28009011509042114,0.0,0.2883679086877998,0.44977373069908105,0.0,0.3352058231513263,0.28740568057563304,0.3200794974974821,0.3012878034106818,0.0,0.3316960076630547,0.2865877065809452,0.31019355032649576,0.36936782226819354,0.3234410615164231,0.305044411687572,0.3151509941634858,0.35723923462103785,0.367439529948305,0.0,0.0,0.3015190239429596
0.28220023319322124,0.28370250286500054,0.3066673783876664,0.1932668011830089,0.2570995641082093,0.2790278383976826,0.27734175029618496,0.27121349317365223,0.31811355422030096,0.20675371848825808,0.2854217767843598,0.202758530755999,0.28019537697918384,0.18746607306981364,0.3003090875246088,0.3074395022846248,0.27545868908591015,0.29250329823285653,0.3068991431172716,0.30351576601795455,0.29104646844270593,0.2948592009679018,0.27988787074815236,0.21042952144347388,0.28650528354136984,0.2884862131215402,0.29014812142268087,0.2826720984212862,0.2857673844458338,0.2798207399069048,0.2821459188267512,0.0,0.2605363081568684,0.2673513069153267,0.23870955266028887,0.1915379183240414,0.22556417636601336,0.18055447047326553,0.192937560095147,0.20554618991536128,0.2058449465515546,0.21644394512360535,0.2416740389691753,0.1918578780327904,0.20246538728254948,0.0,0.3271347659089882,0.3734760581084571,0.0,0.0,0.3463610197543505,0.3938148574849026,0.34400668755509134,0.3795890338717487,0.1995916463830897,0.3072214597042446,0.18491956014885058,0.3466491646394014,0.0,0.32847976151679226,0.3113049893021105,0.0,0.28926958470260045,0.37200435295403655,0.3213401812291583,0.3176133625107885,0.3171927907579402,0.3527232242482746,0.0,0.30633164818532754,0.3303142305112869,0.345277479547485,0.2873783078715589,0.33305836366896063,0.34933043257649665,0.36598496624418786
0.23227786318874838,0.2515156004096623,0.30343638395513123,0.0,0.3184086617409431,0.2701422827252034,0.29302921548266936,0.3086163166200816,0.3209310747197704,0.23143474857887797,0.344893012775961,0.23952815829975793,0.29345311117314193,0.16681988315578752,0.29176231068503017,0.2642913543631694,0.26198992306217,0.25585134034043033,0.38465600737632655,0.27383282406777903,0.27123548883397486,0.2665015865457639,0.28023834705905387,0.19501486048008532,0.2431561424664569,0.25898088525930035,0.2703558480194337,0.2774890825951172,0.24959463202513885,0.25885279842528114,0.2443917599163606,0.2605363081568684,0.0,0.20389409807721232,0.29386178217614006,0.21320540288250095,0.2172108050842769,0.13261335734932547,0.2330159149204593,0.21632210648377337,0.2055928738569672,0.2209927536138163,0.0,0.0,0.19425866291417027,0.3047951129070037,0.30131394406496453,0.0,0.0,0.0,0.31385071170080286,0.38944373216196665,0.0,0.0,0.2650278328483062,0.0,0.2401487760994063,0.3077177110897053,0.0,0.33140743254356786,0.2803610798494026,0.3204446948023196,0.29660938333547976,0.0,0.29700041184928133,0.0,0.3119114886575423,0.2920340690039294,0.31425195920323207,0.3036953818020653,0.31142984847591604,0.31291149352093284,0.26571659893370136,0.0,0.0,0.2607026549424738
0.250083040660239,0.26985130116172473,0.33367048604844585,0.19493668668120967,0.31802089259990113,0.29447135029014615,0.29016822301847445,0.3251963323858456,0.33968590136846094,0.20495844463313123,0.3320691989480691,0.18852142382922407,0.295167002051675,0.30539972383467956,0.3000982045444681,0.2711792514083089,0.2472443400278071,0.2566044737599127,0.33065856280020683,0.31097922821363644,0.2735695755065299,0.2909627917982137,0.30179004649828284,0.19097437214792587,0.25051966788568986,0.2689826384981873,0.3054474866943148,0.2860403838864339,0.3029963188689312,0.27390901122750955,0.23523588263416426,0.2673513069153267,0.20389409807721232,0.0,0.2139165462753184,0.2989233752444949,0.2170920478189672,0.15656153288432917,0.2143269317448293,0.2344927973830871,0.20863942112654243,0.20731168639974268,0.2801467012753905,0.19203589121367953,0.2206559113853607,0.0,0.31372099628696776,0.0,0.0,0.0,0.35798201879608854,0.0,0.34446862078421786,0.0,0.25766108843582924,0.0,0.22452730142881883,0.0,0.0,0.3374182788886016,0.2887375578944999,0.29190179919717335,0.28991358550117025,0.0,0.35457363663265107,0.0,0.3318678238321184,0.3655449925739415,0.0,0.29886635233617115,0.32307012138425484,0.3537286678967433,0.2872029031429452,0.0,0.0,0.0
0.2862470509827933,0.2997789680584319,0.32847767819506224,0.25129430566747224,0.32442854512190455,0.29556625750634596,0.3132128145179173,0.32173743029130725,0.33240124997891296,0.20662322600233027,0.3399242820663315,0.24605913245470956,0.30256554609282993,0.0,0.3265646974588524,0.3035100008910147,0.26078133004045595,0.27278258632777763,0.3276743403112132,0.33033829644930146,0.3094908365384474,0.32254576195371043,0.3120069147856366,0.29143961513645633,0.263540892621988,0.29670352924363813,0.32185407040067926,0.27862363768699033,0.3293548177245885,0.29018413861381154,0.24248868711557575,0.23870955266028887,0.29386178217614006,0.2139165462753184,0.0,0.3323479669563034,0.27559478947407473,0.1881491026742803,0.20328996429736615,0.25207779873296626,0.19124228203500088,0.21355221441310168,0.23105197987949638,0.0,0.21385577723480376,0.0,0.3329819432262768,0.0,0.0,0.0,0.0,0.0,0.34789972640618816,0.0,0.2624219983493311,0.0,0.22586324561720061,0.0,0.0,0.3452657752098374,0.3128243674940368,0.0,0.0,0.0,0.34967993473722997,0.0,0.34687939293912934,0.3565885188805417,0.0,0.2960548494546325,0.33845721247611005,0.0,0.2603957500458612,0.0,0.0,0.0
0.32596690189635286,0.0,0.30337371826371945,0.15157271110564366,0.1845521527577981,0.30499007403255873,0.2136774260184529,0.24072396141891836,0.31846910218540353,0.26495892478813704,0.257350425334706,0.22834281240482426,0.24042760980101194,0.15965158577490682,0.32435208204704846,0.0,0.2669965955325184,0.3112558050059392,0.30636146587130764,0.348912491777071,0.3153059786605394,0.3250307465685685,0.28614938152402164,0.22792211613594135,0.2933885116315552,0.3210162393812461,0.3139473804134796,0.23187665876628136,0.341858201322662,0.3489132969003216,0.32239963948492895,0.1915379183240414,0.21320540288250095,0.2989233752444949,0.3323479669563034,0.0,0.16061888132482477,0.2327379035902811,0.0,0.0,0.26414678211453957,0.0,0.256197738233643,0.0,0.2102916384732604,0.0,0.0,0.34919589279223356,0.0,0.0,0.35014018707409883,0.3643202641262698,0.3454866249537808,0.35355940483642434,0.0,0.3055564252372411,0.19897716822030612,0.3708473838850277,0.0,0.0,0.0,0.0,0.0,0.3338753191785568,0.0,0.0,0.0,0.35028357136617605,0.0,0.0,0.0,0.34797063602963635,0.36901773566654256,0.36573255362738616,0.0,0.41139936704857366
0.0,0.0,0.3261327101112097,0.14578514038887733,0.17854959228037356,0.2984366675390858,0.2024330419663975,0.3415071344146827,0.31823701534682036,0.21008838949794656,0.31245331558553074,0.2208848572666936,0.23282810234130416,0.13977960333066208,0.31530550690236586,0.0,0.0,0.0,0.3197824377318797,0.3169111480119366,0.0,0.0,0.29315747246792073,0.19092612503309836,0.0,0.0,0.3027026221005602,0.21886529971912003,0.3252399573605613,0.0,0.25296625257065025,0.22556417636601336,0.2172108050842769,0.2170920478189672,0.27559478947407473,0.16061888132482477,0.0,0.23115966980958227,0.23386529857779176,0.0,0.2384973106031252,0.0,0.0,0.0,0.22429797108985924,0.0,0.0,0.0,0.0,0.0,0.0,0.0,0.0,0.0,0.0,0.0,0.19899506507915263,0.0,0.0,0.0,0.0,0.0,0.0,0.0,0.0,0.0,0.0,0.0,0.0,0.0,0.0,0.0,0.0,0.0,0.0,0.0
0.0,0.0,0.0,0.18211772329147166,0.30927039613031804,0.0,0.27894598552251376,0.0,0.31898512683665486,0.19302334945359936,0.32909506410362,0.18588613505099583,0.2741454066500614,0.0,0.0,0.0,0.2465405943104303,0.24301508801183466,0.3327243871873625,0.0,0.4110066881777746,0.0,0.0,0.15076917319051703,0.23455584878374253,0.23764236824602944,0.0,0.25933027005995846,0.0,0.0,0.20130065098683197,0.18055447047326553,0.13261335734932547,0.15656153288432917,0.1881491026742803,0.2327379035902811,0.23115966980958227,0.0,0.17850758537552205,0.1669974980547335,0.1822924145248251,0.18741800226261388,0.20762811265718636,0.14222143384275596,0.20726112935145405,0.0,0.0,0.0,0.0,0.0,0.0,0.0,0.0,0.0,0.22881201763466608,0.0,0.19965416139534164,0.2973733207078357,0.0,0.0,0.0,0.26039025897798856,0.20418838736436498,0.0,0.0,0.0,0.0,0.0,0.21121750428798713,0.26193147260269206,0.25660119967807216,0.0,0.21805349588852718,0.0,0.0,0.20209079338359517
