0.0,0.32552716597751574,0.0,0.0,0.0,0.3902834064116973,0.0,0.4479794710226542,0.0,0.3256966516032867,0.0,0.3096884101935219,0.45369047060267137,0.0,0.32049167586197225,0.3208242563506239,0.29649416601272044,0.32048266590842134,0.0,0.3536891988709546,0.3360735714741215,0.2607721542515611,0.4144134557877159,0.33819714806095225,0.3167117034759313,0.3103954046602581,0.38689664704275956,0.4131019099894297,0.38240850013372873,0.5274380167707337,0.27732895228784243,0.3416687905868754,0.25704644452019537,0.3009044590354103,0.3442364377189956,0.0,0.0,0.28301074916183455,0.3186711607195248,0.30113097386877896,0.308598565289187,0.0,0.0,0.0,0.0,0.2826543935416473,0.36833783575696555,0.0,0.0,0.0,0.0,0.0,0.0,0.0,0.3416895497104969,0.0,0.0,0.0,0.0,0.0,0.35775451334054514,0.0,0.3667598958959201,0.0,0.0,0.0,0.3130371394731587,0.0,0.3256708740826293,0.35445767599475586,0.35886706819238307,0.0,0.0,0.0,0.0,0.0
0.32552716597751574,0.0,0.0,0.0,0.0,0.32241491794406607,0.0,0.41353279787048114,0.0,0.0,0.0,0.0,0.32832095512768406,0.0,0.3668793325510649,0.3473286309836397,0.4011499018204473,0.3579913905711804,0.0,0.36383851176401716,0.33800850170537766,0.345946358776045,0.35499673255048436,0.434950055771926,0.32139113893177296,0.3523554114708226,0.35308378060646156,0.34361917999798425,0.3351025940380297,0.0,0.3004608904131293,0.32733725391733454,0.29186720359616364,0.29949494729034415,0.32078774184072495,0.0,0.0,0.0,0.3600510732736591,0.34655529816373404,0.32117735001507675,0.3557373682809763,0.0,0.0,0.0,0.35453492522898084,0.3604576757462201,0.0,0.0,0.0,0.0,0.0,0.0,0.0,0.0,0.0,0.0,0.0,0.0,0.3758384051343189,0.36761014069248493,0.0,0.37213383826963403,0.0,0.3819318616438269,0.0,0.34357817222876946,0.0,0.0,0.3750196297581061,0.3873654811390009,0.0,0.0,0.0,0.0,0.0
0.0,0.0,0.0,0.0,0.3152703597688296,0.30363451705721783,0.3169777687578744,0.35553637414409156,0.28631327715627525,0.0,0.31292773625575787,0.0,0.3105192235760001,0.3353709447186918,0.0,0.0,0.0,0.0,0.26919756225774805,0.0,0.0,0.0,0.2647111521845065,0.0,0.0,0.0,0.29959979318428137,0.3154876238131101,0.30619621236185,0.3222110170990824,0.3119218308907607,0.31600125080546687,0.0,0.33122299281334205,0.3228183762333919,0.31027977791948513,0.0,0.0,0.0,0.0,0.0,0.0,0.0,0.0,0.0,0.0,0.0,0.30837672358841084,0.0,0.0,0.37435059126815046,0.0,0.39842487163524754,0.39689769845945466,0.0,0.3244676323011415,0.0,0.0,0.0,0.0,0.0,0.0,0.0,0.34193788532491215,0.0,0.0,0.0,0.3673629920132399,0.0,0.0,0.0,0.4297767223891199,0.48512494882751767,0.5031910068910659,0.0,0.0
0.0,0.0,0.0,0.0,0.2488227931945732,0.27854181384963855,0.23706005473113875,0.29462100280410014,0.3218974232883269,0.2034104340173345,0.3030654880364272,0.0,0.2619996389913308,0.23061351010942627,0.0,0.0,0.0,0.0,0.3353570299962068,0.0,0.0,0.35883809597225197,0.30589957575830523,0.0,0.0,0.0,0.0,0.22243682640483528,0.0,0.0,0.2502552323259068,0.221875604309689,0.0,0.22379491107771668,0.21879803419229898,0.17982500236567794,0.17341595652139338,0.0,0.24758105858253868,0.0,0.0,0.0,0.0,0.0,0.0,0.0,0.0,0.0,0.0,0.0,0.0,0.0,0.0,0.0,0.0,0.0,0.0,0.0,0.0,0.0,0.0,0.0,0.0,0.0,0.0,0.0,0.0,0.0,0.0,0.0,0.0,0.0,0.0,0.0,0.0,0.0
0.0,0.0,0.3152703597688296,0.2488227931945732,0.0,0.30840548851998123,0.27718490010760455,0.27489929173906624,0.2967001692229102,0.3461978238476714,0.2723973978546985,0.31292699434428417,0.3042092868027096,0.2653023846017044,0.0,0.0,0.0,0.0,0.31327378782751003,0.0,0.0,0.0,0.3052518909950437,0.33145742107425913,0.0,0.3856306111367598,0.31254375799506917,0.28539819385641413,0.0,0.0,0.30139835509478746,0.2661834212205794,0.0,0.28210904037513246,0.19206737299036672,0.21206046417707936,0.2279337378290642,0.311069208127777,0.0,0.0,0.0,0.0,0.0,0.0,0.0,0.0,0.0,0.0,0.0,0.0,0.0,0.0,0.0,0.0,0.0,0.0,0.0,0.0,0.0,0.0,0.0,0.0,0.0,0.0,0.0,0.0,0.0,0.39333867716073373,0.0,0.0,0.0,0.0,0.0,0.0,0.0,0.0
0.3902834064116973,0.32241491794406607,0.30363451705721783,0.27854181384963855,0.30840548851998123,0.0,0.30126249874958994,0.2857744810277463,0.2690670622093693,0.3254869216549123,0.28014957123264894,0.0,0.27397321541154274,0.27716337588128126,0.3374879705637988,0.32412667112729115,0.0,0.34305292120683223,0.2916362336743656,0.32309743411571573,0.3319674934577152,0.3319741569083544,0.3026294157241455,0.0,0.30864435995806966,0.32315005499302196,0.3045750880794972,0.2673748959494207,0.24732248034758383,0.28983687820340515,0.30177223683925136,0.3118155829586575,0.31623504798197183,0.31610492916588395,0.28528681419086965,0.305217654616397,0.29817078845769923,0.0,0.3278288263797918,0.0,0.3719315414968641,0.41377902495940394,0.0,0.0,0.0,0.0,0.0,0.0,0.0,0.0,0.3650163483796022,0.39875621816414014,0.3380574288965415,0.3083401867838796,0.0,0.0,0.0,0.3970117785822437,0.0,0.0,0.0,0.0,0.0,0.0,0.0,0.36898005220381125,0.0,0.38073771581123905,0.0,0.0,0.0,0.38399519543708244,0.3794594497934346,0.3598360537866488,0.4097228716437419,0.3824324374294555
0.0,0.0,0.3169777687578744,0.23706005473113875,0.27718490010760455,0.30126249874958994,0.0,0.2737110603661541,0.3086401765391629,0.33730399246669635,0.3274248668487214,0.34151566502637637,0.26999607676603415,0.308218196022984,0.32819712189561623,0.3608949096162402,0.379095174023484,0.37340506478445556,0.32740691972886565,0.3215441208507456,0.0,0.33633098084323804,0.3095969538322913,0.3480004236708477,0.35798439768379836,0.3600269504079496,0.3109907658700887,0.2734772836462963,0.30104171500088345,0.2854050902270275,0.27216485345608254,0.30636345928600833,0.0,0.3154339873523557,0.22383534705007288,0.23198720857560706,0.2519284971095327,0.3014019432618809,0.0,0.0,0.0,0.0,0.0,0.0,0.0,0.0,0.0,0.0,0.0,0.0,0.0,0.0,0.40334379154627253,0.0,0.0,0.0,0.0,0.0,0.0,0.0,0.0,0.0,0.0,0.0,0.0,0.0,0.0,0.38180339929847024,0.0,0.0,0.0,0.40762727586905145,0.0,0.0,0.0,0.0
0.4479794710226542,0.41353279787048114,0.35553637414409156,0.29462100280410014,0.27489929173906624,0.2857744810277463,0.2737110603661541,0.0,0.34622904422859724,0.47828026465223145,0.2783698679087057,0.0,0.31744260208627484,0.3101973030724235,0.31486723157118185,0.41363933251868606,0.0,0.41979848970908873,0.3293464813599963,0.3053437612177541,0.33324154316114846,0.39028365951106914,0.30772819793537143,0.4671349955303195,0.4083885496771071,0.4234840007872274,0.356500781564413,0.32680455101630995,0.2916629218120002,0.3416534654065835,0.3198553624381232,0.3059420904649503,0.39490825610220337,0.29715594846232646,0.3401039450717031,0.2409806716498589,0.2663352475168102,0.0,0.27363759988757924,0.0,0.3701636612429206,0.3477873981819565,0.21278247160032415,0.0,0.0,0.0,0.0,0.34430928880690975,0.0,0.0,0.3686801378016872,0.39852301286261105,0.2821418331093387,0.37088401000917504,0.0,0.34612327484553485,0.0,0.3816883902205446,0.23582519161808155,0.39975156519603255,0.0,0.0,0.0,0.32755485635040243,0.37274258054445075,0.3472064797443781,0.0,0.38992706725073867,0.0,0.0,0.0,0.4185048692787428,0.3831949429373116,0.35546931144082017,0.0,0.39905846264884687
0.0,0.0,0.28631327715627525,0.3218974232883269,0.2967001692229102,0.2690670622093693,0.3086401765391629,0.34622904422859724,0.0,0.34124075065526127,0.27248934879501174,0.0,0.28167119218660275,0.31765724564132913,0.0,0.337435620005534,0.0,0.0,0.2689055616814319,0.2705846663907142,0.0,0.32268497568734605,0.30757423333599804,0.0,0.0,0.0,0.2948531410691153,0.29386315799412793,0.27348455145940104,0.3086886888841869,0.27622363200277383,0.29192053330140977,0.0,0.30841231583010825,0.3176297257223762,0.30867793752536493,0.31933452139318586,0.3412293368700855,0.0,0.0,0.0,0.0,0.2941978843645242,0.0,0.0,0.0,0.0,0.3811753435372976,0.0,0.0,0.3825498222129786,0.0,0.31864677385359397,0.0,0.0,0.3487597159616343,0.0,0.0,0.0,0.0,0.0,0.0,0.0,0.3894742224203516,0.0,0.0,0.0,0.37206040658298023,0.0,0.0,0.0,0.38232854984633613,0.0,0.0,0.0,0.0
0.3256966516032867,0.0,0.0,0.2034104340173345,0.3461978238476714,0.3254869216549123,0.33730399246669635,0.47828026465223145,0.34124075065526127,0.0,0.3357404253395878,0.22210015546945666,0.32241445878411296,0.28062579150747397,0.0,0.32762757580702767,0.2695153233099158,0.2971326401728674,0.34703016577402074,0.0,0.39389501355060114,0.0,0.34979983569857875,0.2430919758878685,0.26583539453054283,0.27303396288296833,0.0,0.3246741952610338,0.0,0.0,0.2583997529234938,0.27989668973408294,0.19619901255848332,0.24332514919554168,0.2456014286377219,0.24241294941413835,0.22167189250200767,0.20435669934517436,0.2932684616672984,0.2446850503385074,0.2505200957560121,0.24014387388867406,0.0,0.0,0.21099599188360707,0.36073074121019644,0.0,0.0,0.0,0.0,0.0,0.2943251462359935,0.0,0.0,0.3163743251720332,0.0,0.328414376183203,0.0,0.0,0.0,0.0,0.35828587816855356,0.34721380285745196,0.0,0.0,0.0,0.0,0.0,0.3299449394915927,0.355347423716529,0.3641312998808031,0.0,0.2991145471705313,0.0,0.0,0.2752829131037533
0.0,0.0,0.31292773625575787,0.3030654880364272,0.2723973978546985,0.28014957123264894,0.3274248668487214,0.2783698679087057,0.27248934879501174,0.3357404253395878,0.0,0.0,0.3180328607407564,0.25393951423847433,0.0,0.0,0.0,0.0,0.26786578411420425,0.0,0.0,0.0,0.2368783086288917,0.0,0.0,0.0,0.339753472990921,0.30804550499166106,0.0,0.0,0.2696275990037902,0.23597609727496424,0.0,0.31178255080140804,0.25003480562476516,0.2407202796142681,0.3103982274625307,0.3123017717572062,0.3114328361364578,0.0,0.0,0.0,0.27767952438402804,0.0,0.0,0.0,0.0,0.2811063394309375,0.0,0.35299239469904464,0.4155693799584296,0.38103703673417905,0.33340315789643216,0.337381616132324,0.0,0.18501042762444644,0.0,0.39615550885337336,0.2582746197810319,0.0,0.0,0.0,0.0,0.20809181274793864,0.0,0.0,0.0,0.3752587762586895,0.0,0.0,0.0,0.39235628457059996,0.4192584993824459,0.0,0.0,0.5659739615900589
0.3096884101935219,0.0,0.0,0.0,0.31292699434428417,0.0,0.34151566502637637,0.0,0.0,0.22210015546945666,0.0,0.0,0.32382162964840117,0.0,0.0,0.0,0.2937194352880315,0.30802624351110913,0.0,0.0,0.0,0.0,0.0,0.2333548604545627,0.27237528533190003,0.2345879085219644,0.0,0.31499417130573226,0.0,0.0,0.25738615140675014,0.2309632017328741,0.19440510803957353,0.20482745060995025,0.24450511467585376,0.24603795463911188,0.24596105473281213,0.17278414270867123,0.2286250738504113,0.26936705898749946,0.28173249393045235,0.0,0.0,0.0,0.2599564303758603,0.0,0.0,0.0,0.0,0.0,0.0,0.0,0.0,0.0,0.3311851396524293,0.0,0.3262270926968192,0.0,0.0,0.0,0.0,0.360886521079403,0.3536386105372619,0.0,0.0,0.0,0.0,0.0,0.33278621766030364,0.3492704605842361,0.3635714029818666,0.0,0.3414204385654411,0.0,0.0,0.3289335365895141
0.45369047060267137,0.32832095512768406,0.3105192235760001,0.2619996389913308,0.3042092868027096,0.27397321541154274,0.26999607676603415,0.31744260208627484,0.28167119218660275,0.32241445878411296,0.3180328607407564,0.32382162964840117,0.0,0.29352002135347827,0.3001508295496399,0.34370905669720003,0.36948491176271253,0.3651334725460777,0.3118956987180606,0.3210700774939066,0.3406443917194696,0.3457059366855182,0.30500514640630133,0.34113034217180027,0.33601972197648533,0.33661474023351917,0.3050184509585818,0.2640385986453969,0.28524738264798655,0.2929334918070505,0.30858390085418136,0.3079166023198938,0.34141950699774853,0.3139944792866004,0.2737588476248394,0.23768630249286257,0.2613882847109036,0.3033499262415669,0.38532278003488274,0.0,0.0,0.0,0.0,0.0,0.0,0.0,0.0,0.0,0.0,0.0,0.4001349814688585,0.0,0.3684515961100141,0.0,0.0,0.0,0.0,0.0,0.0,0.0,0.0,0.0,0.0,0.0,0.0,0.46350580025324384,0.0,0.3791107402492248,0.0,0.0,0.0,0.3912702473689978,0.4459781523288601,0.4047449611583705,0.0,0.0
0.0,0.0,0.3353709447186918,0.23061351010942627,0.2653023846017044,0.27716337588128126,0.308218196022984,0.3101973030724235,0.31765724564132913,0.28062579150747397,0.25393951423847433,0.0,0.29352002135347827,0.0,0.0,0.0,0.0,0.0,0.2890774564127463,0.0,0.36133382366789357,0.0,0.29051549203404964,0.0,0.0,0.46207186733763167,0.3350538914987613,0.24289772801023934,0.0,0.0,0.24354048767776285,0.21139289256166643,0.0,0.24244693099003345,0.0,0.17102807469143644,0.1633406776268028,0.0,0.0,0.0,0.0,0.0,0.277864950904436,0.0,0.0,0.0,0.0,0.3861127343368697,0.0,0.0,0.0,0.0,0.3105464068173212,0.0,0.0,0.31198715472602084,0.0,0.0,0.0,0.0,0.0,0.0,0.0,0.0,0.0,0.0,0.0,0.39721032794358724,0.0,0.0,0.0,0.0,0.0,0.0,0.0,0.0
0.32049167586197225,0.3668793325510649,0.0,0.0,0.0,0.3374879705637988,0.32819712189561623,0.31486723157118185,0.0,0.0,0.0,0.0,0.3001508295496399,0.0,0.0,0.2978318158392169,0.0,0.33084854306397704,0.0,0.3322336980537059,0.32330575075589296,0.3561678065691797,0.32013250111807917,0.41840854538500566,0.3246388978485523,0.3327595737212396,0.3518566722169655,0.3045247497957564,0.29849074978053813,0.0,0.32564089852051736,0.36969206885342193,0.3331606096382967,0.3790545442057087,0.39893497580981624,0.37494077646261575,0.0,0.0,0.4044772687561088,0.3717929630963616,0.4106858023173096,0.4180574424082532,0.0,0.0,0.0,0.0,0.4003543421586281,0.0,0.0,0.0,0.35682827460886923,0.0,0.34155961218546094,0.0,0.0,0.0,0.0,0.4563631531453935,0.0,0.4131557188560604,0.4397354012516686,0.0,0.0,0.0,0.3854612157208134,0.4027187937878858,0.4220672690712402,0.38370790820008793,0.0,0.0,0.45357155131878474,0.37589433182090326,0.0,0.35843225422179614,0.0,0.39287324109703065
0.3208242563506239,0.3473286309836397,0.0,0.0,0.0,0.32412667112729115,0.3608949096162402,0.41363933251868606,0.337435620005534,0.32762757580702767,0.0,0.0,0.34370905669720003,0.0,0.2978318158392169,0.0,0.32936939707674995,0.3102115856856982,0.0,0.3319024076164142,0.30342369639552497,0.3137553684700821,0.339748446951549,0.34120635073337335,0.3440462908926738,0.3418503745835407,0.3411046338906115,0.35847427949909016,0.3371027980961418,0.0,0.3043535055324037,0.31968945300759716,0.3108808491881362,0.30037451834341417,0.3098251873756237,0.0,0.0,0.0,0.3256989615888782,0.34342942639035523,0.34780148518157883,0.35959462389393376,0.0,0.0,0.0,0.32460712318015816,0.3730503984040622,0.0,0.0,0.0,0.0,0.0,0.0,0.0,0.4227859410455216,0.0,0.0,0.0,0.0,0.38504544663490464,0.3678753143207363,0.0,0.36856586862892726,0.0,0.41251111449477657,0.0,0.36416170069587656,0.0,0.0,0.3601073184994463,0.3714776614519377,0.0,0.0,0.0,0.0,0.34966352469896333
0.29649416601272044,0.4011499018204473,0.0,0.0,0.0,0.0,0.379095174023484,0.0,0.0,0.2695153233099158,0.0,0.2937194352880315,0.36948491176271253,0.0,0.0,0.32936939707674995,0.0,0.289274718230958,0.0,0.3469862662400898,0.4185450406374491,0.34784832363676754,0.0,0.3006450393123065,0.27833687209718394,0.30027166140689066,0.0,0.3604353872390189,0.3993795535058575,0.0,0.30022630483244905,0.37635184495536456,0.27436919906810925,0.3185710459963876,0.34401795299759413,0.24715912326001446,0.0,0.0,0.3466082167542383,0.2986634181268489,0.3571917898146216,0.0,0.0,0.0,0.0,0.37261839291945614,0.0,0.0,0.0,0.0,0.0,0.0,0.0,0.0,0.3513504120427808,0.0,0.3596189727874874,0.0,0.0,0.0,0.4165145587884609,0.35850112476606827,0.3540437023622908,0.0,0.0,0.0,0.0,0.0,0.36907635684242135,0.3305386564528215,0.3552485901140802,0.0,0.0,0.0,0.0,0.3822992058564668
0.32048266590842134,0.3579913905711804,0.0,0.0,0.0,0.34305292120683223,0.37340506478445556,0.41979848970908873,0.0,0.2971326401728674,0.0,0.30802624351110913,0.3651334725460777,0.0,0.33084854306397704,0.3102115856856982,0.289274718230958,0.0,0.0,0.3459207459938994,0.35210921954467106,0.33889949487504867,0.38222987297994904,0.2973878846582464,0.31193148657547576,0.32362009709647904,0.3575748211194536,0.3634141625337113,0.34722015331633616,0.0,0.31501336312312084,0.3811196652864873,0.2939815673359993,0.3310972344545532,0.370490945106097,0.0,0.0,0.0,0.30294993528007486,0.3039770344250347,0.319390663937052,0.35180525046282296,0.0,0.0,0.0,0.34822621110573454,0.3696253631839647,0.0,0.0,0.0,0.0,0.0,0.0,0.0,0.3212094131909771,0.0,0.33318869171874044,0.0,0.0,0.0,0.35894750790104957,0.3303558724920997,0.35878342001362495,0.0,0.0,0.0,0.36864471649676545,0.0,0.35428969937215926,0.3562256776259733,0.36402018767607824,0.0,0.0,0.0,0.0,0.34834555305509945
0.0,0.0,0.26919756225774805,0.3353570299962068,0.31327378782751003,0.2916362336743656,0.32740691972886565,0.3293464813599963,0.2689055616814319,0.34703016577402074,0.26786578411420425,0.0,0.3118956987180606,0.2890774564127463,0.0,0.0,0.0,0.0,0.0,0.0,0.0,0.0,0.23423529987490818,0.0,0.0,0.0,0.32718926899930834,0.28251649374106946,0.0,0.0,0.32670416621659704,0.29495981835887286,0.0,0.3389056506976073,0.3069806758878858,0.2934130199525951,0.33748292878916025,0.0,0.0,0.0,0.0,0.0,0.0,0.0,0.0,0.0,0.0,0.342526652749949,0.0,0.0,0.4163671148144843,0.0,0.3413149077945215,0.0,0.0,0.2786644672401714,0.0,0.0,0.0,0.0,0.0,0.0,0.0,0.2701437582392131,0.0,0.0,0.0,0.39876507452115206,0.0,0.0,0.0,0.42571980988650987,0.0,0.0,0.0,0.0
0.3536891988709546,0.36383851176401716,0.0,0.0,0.0,0.32309743411571573,0.3215441208507456,0.3053437612177541,0.2705846663907142,0.0,0.0,0.0,0.3210700774939066,0.0,0.3322336980537059,0.3319024076164142,0.3469862662400898,0.3459207459938994,0.0,0.0,0.35311148915361024,0.3305644434685661,0.32525415568946925,0.0,0.3379973150878607,0.3493026903149259,0.319195706619242,0.3142569570007119,0.28347099970845485,0.2945605423976028,0.3102684048394329,0.37736657011655533,0.3394051533041308,0.3668828431815375,0.39135141990807637,0.4302477468644281,0.0,0.0,0.3856655571439979,0.40165992110177406,0.405087586820005,0.40735061706766074,0.0,0.0,0.0,0.0,0.39422745191488323,0.0,0.0,0.0,0.0,0.0,0.3945118138941758,0.0,0.0,0.0,0.0,0.0,0.0,0.4039178013368185,0.0,0.0,0.0,0.0,0.3919031847236793,0.3836964412182416,0.3992746097743141,0.39572092518045937,0.0,0.0,0.4137001260709479,0.3779604714488572,0.4120365233957726,0.38179687856427136,0.0,0.0
0.3360735714741215,0.33800850170537766,0.0,0.0,0.0,0.3319674934577152,0.0,0.33324154316114846,0.0,0.39389501355060114,0.0,0.0,0.3406443917194696,0.36133382366789357,0.32330575075589296,0.30342369639552497,0.4185450406374491,0.35210921954467106,0.0,0.35311148915361024,0.0,0.354434925655058,0.3335089509740461,0.4286101013410997,0.36207577714413164,0.3257715149966053,0.34254474908866317,0.35144877789676116,0.3279693484994444,0.36629249798522034,0.29818869523713426,0.3529057754102438,0.3093229336636009,0.33654738752174973,0.3827276120196158,0.0,0.0,0.0,0.34206071070564664,0.361038158736583,0.3841082329033439,0.37438070411964597,0.0,0.0,0.0,0.27622488088343894,0.3796781806126527,0.0,0.0,0.0,0.30369162078916456,0.0,0.3112969500645813,0.0,0.0,0.0,0.0,0.0,0.0,0.4078121990556735,0.38740477459886463,0.0,0.0,0.0,0.3832921628913224,0.2822613652035626,0.39071596213461524,0.38647689765911575,0.0,0.4028589192831748,0.41693960066151586,0.3728247097975017,0.3930506478255607,0.2826995676799949,0.45897835513914464,0.0
0.2607721542515611,0.345946358776045,0.0,0.35883809597225197,0.0,0.3319741569083544,0.33633098084323804,0.39028365951106914,0.32268497568734605,0.0,0.0,0.0,0.3457059366855182,0.0,0.3561678065691797,0.3137553684700821,0.34784832363676754,0.33889949487504867,0.0,0.3305644434685661,0.354434925655058,0.0,0.35125226090348216,0.4482249507067823,0.3360617850428675,0.35318639334928814,0.36277953331052065,0.3371895440831261,0.33121132967764155,0.31082475505929097,0.3146297119091897,0.3724533437727168,0.3352506749386014,0.3601172079401243,0.3997304035477187,0.4252489154982681,0.4055527147323292,0.0,0.39419116353074957,0.38489783780112274,0.3783844816475735,0.4010606373574649,0.0,0.0,0.0,0.3559657970389487,0.3760174428551887,0.0,0.0,0.0,0.0,0.0,0.0,0.0,0.0,0.0,0.0,0.0,0.0,0.43864336372547874,0.3783015414985691,0.0,0.4076280374892885,0.0,0.39453992737588733,0.43310312369209186,0.4062125657021406,0.40789494948200344,0.0,0.3693880108453557,0.4181292740548777,0.4039936635442591,0.0,0.3940994886316164,0.0,0.38448673248252013
0.4144134557877159,0.35499673255048436,0.2647111521845065,0.30589957575830523,0.3052518909950437,0.3026294157241455,0.3095969538322913,0.30772819793537143,0.30757423333599804,0.34979983569857875,0.2368783086288917,0.0,0.30500514640630133,0.29051549203404964,0.32013250111807917,0.339748446951549,0.0,0.38222987297994904,0.23423529987490818,0.32525415568946925,0.3335089509740461,0.35125226090348216,0.0,0.4499339132274876,0.3913790473069982,0.37265285582713825,0.31215306970184276,0.32063802062122354,0.3046204918678801,0.3334938023809632,0.33094104661885104,0.3378082445090852,0.3292202988020859,0.34804708541575247,0.36876330229598453,0.3296818232447089,0.3329786315557986,0.0,0.38426267997167024,0.3628994067909842,0.37773470614404714,0.37261827728194036,0.36757578868679486,0.0,0.0,0.3532639051171819,0.0,0.37850940732956695,0.0,0.0,0.3929093586055514,0.39540954231753955,0.37099154907940357,0.3894555190594434,0.0,0.3532731140388774,0.0,0.38908553784187977,0.29566331570888976,0.39030022701931455,0.0,0.0,0.0,0.3729556608553153,0.3885874713861732,0.3821016642485626,0.400577463469702,0.41290938608287364,0.0,0.0,0.41337627631875745,0.4222672552575083,0.39214458029702387,0.3797246664755233,0.39359519378384844,0.39025235280380566
0.33819714806095225,0.434950055771926,0.0,0.0,0.33145742107425913,0.0,0.3480004236708477,0.4671349955303195,0.0,0.2430919758878685,0.0,0.2333548604545627,0.34113034217180027,0.0,0.41840854538500566,0.34120635073337335,0.3006450393123065,0.2973878846582464,0.0,0.0,0.4286101013410997,0.4482249507067823,0.4499339132274876,0.0,0.2894948214735232,0.2793426887334772,0.0,0.3273879676708255,0.5196084570882071,0.0,0.26363919238422445,0.2860263663744147,0.20123424183378977,0.22860147393837446,0.22656553390635184,0.28551622576726704,0.2702884710726247,0.1965893923036657,0.2644162358926727,0.21664693449089928,0.2625458738268825,0.20355226521922767,0.0,0.0,0.2129602327956812,0.3408164880243657,0.3826853352689559,0.0,0.0,0.0,0.0,0.0,0.0,0.0,0.3100507322102679,0.0,0.32088474496323677,0.0,0.0,0.0,0.42083060163449915,0.3467585563809166,0.3334757662148747,0.0,0.0,0.0,0.0,0.0,0.3175108147144943,0.349040500946482,0.358427119501702,0.0,0.25045184257886666,0.0,0.0,0.2566654869764583
0.3167117034759313,0.32139113893177296,0.0,0.0,0.0,0.30864435995806966,0.35798439768379836,0.4083885496771071,0.0,0.26583539453054283,0.0,0.27237528533190003,0.33601972197648533,0.0,0.3246388978485523,0.3440462908926738,0.27833687209718394,0.31193148657547576,0.0,0.3379973150878607,0.36207577714413164,0.3360617850428675,0.3913790473069982,0.2894948214735232,0.0,0.3171298950086985,0.33430633780892177,0.34755216284623114,0.32301897804873964,0.0,0.30227420222097034,0.3550249930893503,0.26446234193160295,0.2993323874163853,0.342485231965247,0.0,0.0,0.26935728521989766,0.3334497487899286,0.32374697023834587,0.3225474004884233,0.33827255647046217,0.0,0.0,0.0,0.35202448492939326,0.3589804166129077,0.0,0.0,0.0,0.0,0.0,0.0,0.0,0.3412122429284436,0.0,0.3360425985518061,0.0,0.0,0.0,0.3604624099455793,0.33884429357399715,0.3563031450677899,0.0,0.3658535470245284,0.0,0.36332896985674035,0.0,0.33935720917351164,0.3546329508018273,0.3613736246935365,0.0,0.38432389101585357,0.0,0.0,0.338436503163094
0.3103954046602581,0.3523554114708226,0.0,0.0,0.3856306111367598,0.32315005499302196,0.3600269504079496,0.4234840007872274,0.0,0.27303396288296833,0.0,0.2345879085219644,0.33661474023351917,0.46207186733763167,0.3327595737212396,0.3418503745835407,0.30027166140689066,0.32362009709647904,0.0,0.3493026903149259,0.3257715149966053,0.35318639334928814,0.37265285582713825,0.2793426887334772,0.3171298950086985,0.0,0.3585086706403212,0.3492343974462913,0.3340901211169328,0.0,0.3049923629784958,0.351563816693843,0.2812998489017662,0.3122975843971608,0.35886920107697245,0.0,0.0,0.23134947669506717,0.3669692080202,0.3323021686637705,0.357563558964657,0.3655130510924831,0.0,0.0,0.2535404472513227,0.3537231394623675,0.3732023327937124,0.0,0.0,0.0,0.0,0.0,0.0,0.0,0.3606774519380755,0.0,0.3604795836645041,0.0,0.0,0.42932960867578734,0.37043862200742134,0.3604967632859565,0.36002864536123597,0.0,0.3892565683351938,0.4238813421776005,0.411814953130077,0.44021791267149646,0.34974774230886946,0.3609986562028281,0.37203719484973896,0.0,0.37533276438751717,0.3921029969576774,0.0,0.3516986714257423
0.38689664704275956,0.35308378060646156,0.29959979318428137,0.0,0.31254375799506917,0.3045750880794972,0.3109907658700887,0.356500781564413,0.2948531410691153,0.0,0.339753472990921,0.0,0.3050184509585818,0.3350538914987613,0.3518566722169655,0.3411046338906115,0.0,0.3575748211194536,0.32718926899930834,0.319195706619242,0.34254474908866317,0.36277953331052065,0.31215306970184276,0.0,0.33430633780892177,0.3585086706403212,0.0,0.32027138350415363,0.308673492967625,0.3404606672680829,0.3303602706559269,0.3474484664519296,0.31524923037548813,0.3513755297165689,0.3665900610671091,0.35597728681957763,0.3019182454061753,0.0,0.3774769283038581,0.0,0.388407702322341,0.0,0.32807002052856993,0.0,0.0,0.0,0.0,0.41242222901656533,0.0,0.0,0.39325923091756626,0.0,0.3824173378337225,0.0,0.0,0.3518731082942098,0.0,0.0,0.0,0.37841681580259784,0.0,0.0,0.0,0.0,0.3944402134452545,0.3848974299850236,0.0,0.40931402760311975,0.0,0.0,0.0,0.4140626108270163,0.41811194824307146,0.3913314700997025,0.0,0.0
0.4131019099894297,0.34361917999798425,0.3154876238131101,0.22243682640483528,0.28539819385641413,0.2673748959494207,0.2734772836462963,0.32680455101630995,0.29386315799412793,0.3246741952610338,0.30804550499166106,0.31499417130573226,0.2640385986453969,0.24289772801023934,0.3045247497957564,0.35847427949909016,0.3604353872390189,0.3634141625337113,0.28251649374106946,0.3142569570007119,0.35144877789676116,0.3371895440831261,0.32063802062122354,0.3273879676708255,0.34755216284623114,0.3492343974462913,0.32027138350415363,0.0,0.2628799508968776,0.28692559942600077,0.3013874541887286,0.3141709939294259,0.33366841216835447,0.31048877957113974,0.28737496009921254,0.2154055048935853,0.21379818146152493,0.2852948590559143,0.3497836964876182,0.3184428391726455,0.40105296594842244,0.0,0.0,0.0,0.0,0.0,0.0,0.0,0.0,0.0,0.3818834404081649,0.0,0.37075963942571716,0.0,0.36288057630374465,0.0,0.37523263956184943,0.43969458171264936,0.0,0.42320219220351263,0.0,0.0,0.0,0.0,0.3587093929502559,0.38332599864812045,0.0,0.3845772024847119,0.0,0.0,0.41884318485758854,0.3843173845908087,0.3990572121853656,0.3835227470888482,0.5273689593751362,0.41675209244479294
0.38240850013372873,0.3351025940380297,0.30619621236185,0.0,0.0,0.24732248034758383,0.30104171500088345,0.2916629218120002,0.27348455145940104,0.0,0.0,0.0,0.28524738264798655,0.0,0.29849074978053813,0.3371027980961418,0.3993795535058575,0.34722015331633616,0.0,0.28347099970845485,0.3279693484994444,0.33121132967764155,0.3046204918678801,0.5196084570882071,0.32301897804873964,0.3340901211169328,0.308673492967625,0.2628799508968776,0.0,0.28882704433239115,0.2967250466365461,0.3451674698564246,0.2999185964172421,0.3304332503378649,0.3576225145600395,0.39953046150868654,0.3548167820441919,0.0,0.3647913896434975,0.42408004227178614,0.4009558205311697,0.4192198408080154,0.0,0.0,0.0,0.0,0.4070738780656709,0.0,0.0,0.0,0.3774356729956784,0.0,0.3669364660272291,0.0,0.0,0.0,0.0,0.4062679950049331,0.0,0.3783060942581377,0.0,0.0,0.0,0.0,0.39176058350957904,0.3640496670043363,0.39662266541404884,0.37311386336837843,0.0,0.0,0.411364904298082,0.3739864440148692,0.3900724513336387,0.36560790923158176,0.42479578299024623,0.38936503302131215
0.5274380167707337,0.0,0.3222110170990824,0.0,0.0,0.28983687820340515,0.2854050902270275,0.3416534654065835,0.3086886888841869,0.0,0.0,0.0,0.2929334918070505,0.0,0.0,0.0,0.0,0.0,0.0,0.2945605423976028,0.36629249798522034,0.31082475505929097,0.3334938023809632,0.0,0.0,0.0,0.3404606672680829,0.28692559942600077,0.28882704433239115,0.0,0.2870407681273727,0.34965953900364255,0.0,0.3080417400075175,0.3377006011503753,0.3919627373135112,0.3487162476917143,0.0,0.37536133938694655,0.0,0.0,0.0,0.0,0.0,0.0,0.0,0.0,0.0,0.0,0.0,0.4070177554855026,0.0,0.44097898651230766,0.0,0.0,0.0,0.0,0.0,0.0,0.0,0.0,0.0,0.0,0.0,0.0,0.36512019668660395,0.0,0.39874348808361,0.0,0.0,0.0,0.4007504362466182,0.46115153891379707,0.4164152644644055,0.0,0.4620330487625302
0.27732895228784243,0.3004608904131293,0.3119218308907607,0.2502552323259068,0.30139835509478746,0.30177223683925136,0.27216485345608254,0.3198553624381232,0.27622363200277383,0.2583997529234938,0.2696275990037902,0.25738615140675014,0.30858390085418136,0.24354048767776285,0.32564089852051736,0.3043535055324037,0.30022630483244905,0.31501336312312084,0.32670416621659704,0.3102684048394329,0.29818869523713426,0.3146297119091897,0.33094104661885104,0.26363919238422445,0.30227420222097034,0.3049923629784958,0.3303602706559269,0.3013874541887286,0.2967250466365461,0.2870407681273727,0.0,0.2980224152786504,0.27515740666909366,0.2534329455168947,0.24762346210143762,0.2586813978598219,0.2613438020907263,0.24025081760862713,0.35033531591356376,0.23751560527775828,0.31127750738029775,0.0,0.0,0.0,0.0,0.30430367000568503,0.3276999472023723,0.0,0.0,0.0,0.393619920186191,0.0,0.35819566445672235,0.0,0.33586746328061057,0.0,0.3190757449815184,0.0,0.0,0.34447304612142055,0.3011283430370542,0.33469402111524993,0.35372887415404736,0.0,0.0,0.365659327864024,0.36623730685519157,0.36862495984884724,0.31678707931855754,0.34404349492696845,0.3286143286912326,0.39888839939641446,0.43151519141076783,0.38957864759819866,0.0,0.33046813912867384
0.3416687905868754,0.32733725391733454,0.31600125080546687,0.221875604309689,0.2661834212205794,0.3118155829586575,0.30636345928600833,0.3059420904649503,0.29192053330140977,0.27989668973408294,0.23597609727496424,0.2309632017328741,0.3079166023198938,0.21139289256166643,0.36969206885342193,0.31968945300759716,0.37635184495536456,0.3811196652864873,0.29495981835887286,0.37736657011655533,0.3529057754102438,0.3724533437727168,0.3378082445090852,0.2860263663744147,0.3550249930893503,0.351563816693843,0.3474484664519296,0.3141709939294259,0.3451674698564246,0.34965953900364255,0.2980224152786504,0.0,0.3075529398767736,0.30165846045543143,0.29274479339910425,0.21375921985847757,0.268214662502541,0.21473655308195827,0.29297483215209086,0.2837407936409198,0.2960508998034576,0.30377235873733766,0.20538723807384276,0.0,0.24839734894924206,0.36537085062146973,0.378442785797036,0.39236314157417007,0.0,0.0,0.333422511927182,0.0,0.2869191641096073,0.0,0.26206643261460916,0.0,0.2383820548824411,0.38110272883969853,0.21569051313670462,0.40366617022700646,0.3834169064096087,0.0,0.3792605377838376,0.0,0.39201338059728963,0.3417097426927853,0.39796617487111147,0.3694590178409003,0.23435813894231478,0.3809913997513677,0.3904237466422102,0.35831768688414517,0.35544076201079666,0.33204721012525573,0.3895397925166929,0.32307865697959476
0.25704644452019537,0.29186720359616364,0.0,0.0,0.0,0.31623504798197183,0.0,0.39490825610220337,0.0,0.19619901255848332,0.0,0.19440510803957353,0.34141950699774853,0.0,0.3331606096382967,0.3108808491881362,0.27436919906810925,0.2939815673359993,0.0,0.3394051533041308,0.3093229336636009,0.3352506749386014,0.3292202988020859,0.20123424183378977,0.26446234193160295,0.2812998489017662,0.31524923037548813,0.33366841216835447,0.2999185964172421,0.0,0.27515740666909366,0.3075529398767736,0.0,0.22994042776066007,0.3280932734723713,0.25133760796542076,0.220041715037744,0.17505795354371934,0.2924619691038834,0.25675512386242777,0.26375424445337803,0.29516232642836304,0.0,0.0,0.21416902397808762,0.2993549458709108,0.36847833525603724,0.0,0.0,0.0,0.2834012165445955,0.0,0.0,0.0,0.27436783688812266,0.0,0.2984512650956412,0.0,0.0,0.40768303235906084,0.3560368597631334,0.32815058851595225,0.3503741661657858,0.0,0.37044313937856066,0.3795866789087857,0.3918525570934485,0.3796334850628372,0.31203031186926916,0.3460620298551372,0.3648111819482671,0.301824972570169,0.0,0.3595384454587679,0.0,0.31412821073904257
0.3009044590354103,0.29949494729034415,0.33122299281334205,0.22379491107771668,0.28210904037513246,0.31610492916588395,0.3154339873523557,0.29715594846232646,0.30841231583010825,0.24332514919554168,0.31178255080140804,0.20482745060995025,0.3139944792866004,0.24244693099003345,0.3790545442057087,0.30037451834341417,0.3185710459963876,0.3310972344545532,0.3389056506976073,0.3668828431815375,0.33654738752174973,0.3601172079401243,0.34804708541575247,0.22860147393837446,0.2993323874163853,0.3122975843971608,0.3513755297165689,0.31048877957113974,0.3304332503378649,0.3080417400075175,0.2534329455168947,0.30165846045543143,0.22994042776066007,0.0,0.27451274055635405,0.28715200000998264,0.22283568074418506,0.17546614397235938,0.30659833597765035,0.3013595358383432,0.3005000125267965,0.3800189745542698,0.0,0.0,0.2345590155120095,0.31675036786642796,0.3656219497802947,0.0,0.0,0.0,0.3941818920426511,0.0,0.36988346560732543,0.0,0.3033233616333521,0.0,0.29608757469643676,0.0,0.0,0.41155077283833824,0.3535803347190043,0.4077754747710034,0.3566172990126172,0.0,0.36453326301311395,0.3882484206249907,0.39714261223513475,0.37571382243160045,0.2937220220998034,0.3477758713916633,0.3784754143388085,0.3665884649874503,0.3976419896578209,0.38661731895849494,0.0,0.3784292120900974
0.3442364377189956,0.32078774184072495,0.3228183762333919,0.21879803419229898,0.19206737299036672,0.28528681419086965,0.22383534705007288,0.3401039450717031,0.3176297257223762,0.2456014286377219,0.25003480562476516,0.24450511467585376,0.2737588476248394,0.0,0.39893497580981624,0.3098251873756237,0.34401795299759413,0.370490945106097,0.3069806758878858,0.39135141990807637,0.3827276120196158,0.3997304035477187,0.36876330229598453,0.22656553390635184,0.342485231965247,0.35886920107697245,0.3665900610671091,0.28737496009921254,0.3576225145600395,0.3377006011503753,0.24762346210143762,0.29274479339910425,0.3280932734723713,0.27451274055635405,0.0,0.2702822341954501,0.20949273634319354,0.20983466688088123,0.28972181766453997,0.3328823041020329,0.26086175768588377,0.3251981701469563,0.0,0.0,0.0,0.29596263625792163,0.3559476272707891,0.0,0.0,0.0,0.42857541488964873,0.0,0.34065141974408103,0.0,0.2951130502915921,0.0,0.28380673737082435,0.0,0.0,0.4287778927688199,0.382046773089824,0.0,0.38939923108687724,0.0,0.413319275789511,0.3952946482132433,0.4155058125617231,0.400280390957781,0.0,0.37774144383933433,0.4037015245101993,0.3886076888585478,0.0,0.4097139373260871,0.0,0.0
0.0,0.0,0.31027977791948513,0.17982500236567794,0.21206046417707936,0.305217654616397,0.23198720857560706,0.2409806716498589,0.30867793752536493,0.24241294941413835,0.2407202796142681,0.24603795463911188,0.23768630249286257,0.17102807469143644,0.37494077646261575,0.0,0.24715912326001446,0.0,0.2934130199525951,0.4302477468644281,0.0,0.4252489154982681,0.3296818232447089,0.28551622576726704,0.0,0.0,0.35597728681957763,0.2154055048935853,0.39953046150868654,0.3919627373135112,0.2586813978598219,0.21375921985847757,0.25133760796542076,0.28715200000998264,0.2702822341954501,0.0,0.17758852447555515,0.22299674373827802,0.0,0.0,0.0,0.2886642233621286,0.0,0.0,0.0,0.0,0.0,0.3468309379776977,0.0,0.0,0.0,0.0,0.2708926311329078,0.3375790208388845,0.0,0.25184622803659695,0.0,0.0,0.0,0.48684850183731476,0.0,0.0,0.0,0.0,0.0,0.0,0.0,0.3515524367207028,0.0,0.0,0.0,0.376397753099209,0.0,0.0,0.0,0.0
0.0,0.0,0.0,0.17341595652139338,0.2279337378290642,0.29817078845769923,0.2519284971095327,0.2663352475168102,0.31933452139318586,0.22167189250200767,0.3103982274625307,0.24596105473281213,0.2613882847109036,0.1633406776268028,0.0,0.0,0.0,0.0,0.33748292878916025,0.0,0.0,0.4055527147323292,0.3329786315557986,0.2702884710726247,0.0,0.0,0.3019182454061753,0.21379818146152493,0.3548167820441919,0.3487162476917143,0.2613438020907263,0.268214662502541,0.220041715037744,0.22283568074418506,0.20949273634319354,0.17758852447555515,0.0,0.21385882891530691,0.23175180474529106,0.0,0.0,0.0,0.0,0.0,0.0,0.0,0.0,0.0,0.0,0.0,0.0,0.0,0.0,0.0,0.0,0.0,0.0,0.0,0.0,0.0,0.0,0.0,0.0,0.0,0.0,0.0,0.0,0.48957278032398577,0.0,0.0,0.0,0.0,0.0,0.0,0.0,0.0
0.28301074916183455,0.0,0.0,0.0,0.311069208127777,0.0,0.3014019432618809,0.0,0.3412293368700855,0.20435669934517436,0.3123017717572062,0.17278414270867123,0.3033499262415669,0.0,0.0,0.0,0.0,0.0,0.0,0.0,0.0,0.0,0.0,0.1965893923036657,0.26935728521989766,0.23134947669506717,0.0,0.2852948590559143,0.0,0.0,0.24025081760862713,0.21473655308195827,0.17505795354371934,0.17546614397235938,0.20983466688088123,0.22299674373827802,0.21385882891530691,0.0,0.22659707485669756,0.20174210039372334,0.22730927072827423,0.0,0.0,0.0,0.22049199438166972,0.0,0.0,0.0,0.0,0.0,0.0,0.0,0.0,0.0,0.2794338847601352,0.0,0.28437504248742873,0.0,0.0,0.0,0.0,0.0,0.0,0.0,0.0,0.0,0.0,0.0,0.29906260411797236,0.0,0.2722289696738046,0.0,0.0,0.0,0.0,0.0
0.3186711607195248,0.3600510732736591,0.0,0.24758105858253868,0.0,0.3278288263797918,0.0,0.27363759988757924,0.0,0.2932684616672984,0.3114328361364578,0.2286250738504113,0.38532278003488274,0.0,0.4044772687561088,0.3256989615888782,0.3466082167542383,0.30294993528007486,0.0,0.3856655571439979,0.34206071070564664,0.39419116353074957,0.38426267997167024,0.2644162358926727,0.3334497487899286,0.3669692080202,0.3774769283038581,0.3497836964876182,0.3647913896434975,0.37536133938694655,0.35033531591356376,0.29297483215209086,0.2924619691038834,0.30659833597765035,0.28972181766453997,0.0,0.23175180474529106,0.22659707485669756,0.0,0.2577637589766991,0.31682712897548493,0.3212344126423497,0.24560729861055197,0.272689049981656,0.24831245642165067,0.3289000718815596,0.3355317112811836,0.2968227727607551,0.21748171461050814,0.25123231064398466,0.3009007194735168,0.28963622475710066,0.21228100334340613,0.32152200244191653,0.27756186154696094,0.25487069520348504,0.23762331975812925,0.32255815191987114,0.197989381617347,0.37160632065252913,0.3506505762098216,0.3502725261836895,0.354499262392054,0.2879865343418245,0.37975932238605764,0.3401590544148164,0.36941482983937346,0.3185190297280284,0.27298874166583065,0.32972725993867014,0.34573912182609234,0.3298594555816753,0.3104589866048609,0.3382886021319804,0.32288319045993197,0.32446696024971
0.30113097386877896,0.34655529816373404,0.0,0.0,0.0,0.0,0.0,0.0,0.0,0.2446850503385074,0.0,0.26936705898749946,0.0,0.0,0.3717929630963616,0.34342942639035523,0.2986634181268489,0.3039770344250347,0.0,0.40165992110177406,0.361038158736583,0.38489783780112274,0.3628994067909842,0.21664693449089928,0.32374697023834587,0.3323021686637705,0.0,0.3184428391726455,0.42408004227178614,0.0,0.23751560527775828,0.2837407936409198,0.25675512386242777,0.3013595358383432,0.3328823041020329,0.0,0.0,0.20174210039372334,0.2577637589766991,0.0,0.22603729045729118,0.313213734485997,0.26952282261928917,0.22575486920921242,0.1701173102954651,0.27581880670846065,0.2716709357829748,0.0,0.0,0.0,0.28295378532209475,0.29348548269397384,0.0,0.0,0.24507951646412202,0.3318222138722776,0.21398818421961546,0.30738851586055216,0.26590453380481294,0.31279081914078916,0.2950294233700149,0.27739301113003073,0.27508581723463177,0.0,0.3176728836996453,0.30511825086179195,0.31843913328525014,0.304464198606175,0.2079907113627243,0.2406743767930912,0.2638322985843517,0.30815950985594537,0.2852224372621225,0.26094105423595093,0.0,0.26002241576643076
0.308598565289187,0.32117735001507675,0.0,0.0,0.0,0.3719315414968641,0.0,0.3701636612429206,0.0,0.2505200957560121,0.0,0.28173249393045235,0.0,0.0,0.4106858023173096,0.34780148518157883,0.3571917898146216,0.319390663937052,0.0,0.405087586820005,0.3841082329033439,0.3783844816475735,0.37773470614404714,0.2625458738268825,0.3225474004884233,0.357563558964657,0.388407702322341,0.40105296594842244,0.4009558205311697,0.0,0.31127750738029775,0.2960508998034576,0.26375424445337803,0.3005000125267965,0.26086175768588377,0.0,0.0,0.22730927072827423,0.31682712897548493,0.22603729045729118,0.0,0.29624814246880476,0.26249672557123416,0.2466135752909492,0.21760742982954176,0.27295882240003355,0.3007392603212712,0.32331059068304485,0.1851851274031371,0.28696680997149615,0.3266135507068848,0.2714321626615895,0.31024933356886947,0.3429996652149761,0.2644842040641473,0.3212280739921483,0.24185391260608793,0.2997083020311256,0.2347199164421557,0.3749777935816207,0.3123455562317205,0.31749855509138314,0.31735066700663495,0.3040396475576917,0.34669303415793407,0.3398426025864101,0.3494339518709693,0.32598948561062796,0.25132036613302405,0.29326715404443854,0.31451073019831205,0.3325622136348749,0.2802199294856084,0.3234109705030065,0.34692315728649187,0.23761653136950164
