0.0,0.28002308848779833,0.0,0.0,0.0,0.28570051223270077,0.44173406401117976,0.33657665913073476,0.0,0.27072928041037847,0.0,0.25178917545891605,0.33332989626511533,0.3341224954462534,0.26006322278790345,0.2751577370228332,0.0,0.2684925718014665,0.0,0.2777665974707393,0.26609376032590487,0.2687200130610701,0.30352448243342073,0.23685242472322174,0.2645129640262047,0.24370507996105173,0.29907689870186466,0.30234693687317793,0.3065210255268027,0.3052762816358348,0.249539302360925,0.3032073320911974,0.25014204515348254,0.24897438563844304,0.2873897990511631,0.0,0.0,0.29886027616642585,0.3070417478055115,0.2871038896609734,0.2981641864412012,0.0,0.0,0.0,0.0,0.2512531566075828,0.3109404073961689,0.0,0.0,0.0,0.3453200478785047,0.0,0.0,0.0,0.31613882529030063,0.0,0.0,0.42061900316496004,0.0,0.0,0.31343405599766294,0.0,0.3006486539502398,0.0,0.0,0.19400024403834384,0.3247711481743138,0.3062042610333437,0.0,0.2986019531594768,0.3092656696985228,0.0,0.0,0.3040865433952823,0.0,0.30665186582780934
0.28002308848779833,0.0,0.28939698913928874,0.0,0.28549676296128806,0.26452895878613797,0.28999968342858784,0.3113985259250166,0.27504660200016884,0.29939326001740224,0.0,0.0,0.29037805241729214,0.2533680861649347,0.2880731837775256,0.26317160839578985,0.0,0.26621921481843985,0.0,0.28008018897599674,0.2826353012202274,0.26038129890888745,0.27952589494668645,0.0,0.24228464807927252,0.2533889971614198,0.2700766805560378,0.27646864364817514,0.28092820802806384,0.0,0.2461313290453263,0.28403529259559684,0.23799304972374613,0.25082745110873217,0.28819624883358846,0.0,0.0,0.0,0.32641457588039924,0.3291847116737253,0.3360335292651102,0.34665729546944013,0.0,0.0,0.0,0.30947818357926443,0.31273620367015736,0.0,0.0,0.0,0.32914175674714463,0.4905960212187504,0.0,0.0,0.0,0.0,0.0,0.4649121968604945,0.0,0.34187603588769205,0.3158256782153499,0.0,0.30537843120354335,0.0,0.3204641544981371,0.3281961423495413,0.3276429724583005,0.3333788618354298,0.0,0.3096288543591474,0.3273610322624333,0.3267346031662787,0.4676784404644857,0.3154535145068651,0.0,0.3058139156012668
0.0,0.28939698913928874,0.0,0.30684352637818146,0.2489130440915042,0.2479854306524186,0.28907920158048916,0.30392169146945475,0.19456831736420632,0.3334299243479981,0.1887331656576578,0.36382059813436957,0.29147151996646326,0.2691435316074574,0.0,0.0,0.41942670016591227,0.35362877114263747,0.1500432150674554,0.0,0.0,0.27939733786520127,0.18718191638588416,0.0,0.36045454788596876,0.3510452065387574,0.20291503842615508,0.2900848128286676,0.3036945316164325,0.29987419366839463,0.30469311480234357,0.2890984540014057,0.32333509268215743,0.31186850697706503,0.30379875617330493,0.2763889378492638,0.30519335754087357,0.36668583356906476,0.3604096642438933,0.0,0.4218179843417363,0.0,0.33110232328462424,0.4731475780944505,0.0,0.0,0.0,0.14342286750705122,0.0,0.31036834872972047,0.3668860520036245,0.36377926395886345,0.3258149059283225,0.359509664920578,0.0,0.16118987061404838,0.0,0.36210273871928317,0.34994617519245014,0.0,0.0,0.0,0.0,0.1630114379782756,0.0,0.0,0.0,0.3425745784604125,0.0,0.0,0.0,0.3627007445458244,0.389158115890912,0.464500456399934,0.0,0.4236557315646504
0.0,0.0,0.30684352637818146,0.0,0.19057021786497969,0.27262695470728326,0.1817684521925539,0.24465985655196734,0.2764642915684417,0.25666792925977994,0.2638992271380718,0.1901349288031521,0.22708625469015928,0.220508155133084,0.25614445394779695,0.0,0.263973290755033,0.0,0.2801123252461188,0.2867648508720543,0.0,0.2834257496413441,0.26872526083493176,0.0,0.0,0.0,0.2799779010774073,0.16816746650271427,0.2933064570139923,0.0,0.22015013525902785,0.19761446461542542,0.1782506403984677,0.2326492025918788,0.28731922355353295,0.15997574321874738,0.13532756565675777,0.1945465036795477,0.17677654213038177,0.0,0.0,0.0,0.0,0.0,0.0,0.0,0.0,0.0,0.0,0.0,0.0,0.0,0.0,0.0,0.0,0.0,0.0,0.0,0.0,0.0,0.0,0.0,0.0,0.0,0.0,0.0,0.0,0.0,0.0,0.0,0.0,0.5213390595746457,0.0,0.0,0.0,0.0
0.0,0.28549676296128806,0.2489130440915042,0.19057021786497969,0.0,0.24368409208171982,0.21538166624185612,0.2871539381930176,0.22224251330530106,0.3074217772550424,0.22749659587220875,0.2897806773660217,0.26338276667025995,0.21333147314278714,0.0,0.31103449206471473,0.3317638969752662,0.30375837951325274,0.25440451626052435,0.27263860296684944,0.0,0.2811897080582327,0.25772907353040564,0.0,0.2680646383962921,0.2912994584397817,0.24586730463587264,0.26943439303891026,0.279664771149808,0.0,0.28812907229702384,0.24924341671162656,0.286886036967157,0.2951287434400905,0.28787841880394593,0.1744449877421243,0.21438239257060007,0.29405778984981473,0.36924233108423693,0.23977566591704608,0.43773422499988635,0.0,0.3195005561259427,0.0,0.0,0.0,0.0,0.3695279333783954,0.0,0.4351067672440434,0.3811329957978156,0.44597420931274456,0.0,0.39178336906189914,0.0,0.2799974352955716,0.0,0.0,0.0,0.0,0.0,0.0,0.0,0.3563093865466467,0.3176231023521902,0.0,0.5407677148032166,0.3658831089057973,0.0,0.0,0.6366870843768213,0.372056947549477,0.4651494499620765,0.46214858546643806,0.0,0.0
0.28570051223270077,0.26452895878613797,0.2479854306524186,0.27262695470728326,0.24368409208171982,0.0,0.2689589772632006,0.2822381966255442,0.2175279905140251,0.3067096095438556,0.25367048957234906,0.3136000854201182,0.25198849025537134,0.26877175862545516,0.2786352542290721,0.2924275104876419,0.4093498335825568,0.27496634789110264,0.2626000202885829,0.24481489283359173,0.2835402021252864,0.27598110262119985,0.2617796146654893,0.3435247851122558,0.2400247334277944,0.2508314251471807,0.2543778446102435,0.2600015936487368,0.2394682946494461,0.2786289744539966,0.29024877538210864,0.2811536845851542,0.2649287471151512,0.30180269101346735,0.2889726446743777,0.2886492529956566,0.28964961184543214,0.3109749444776827,0.33889558160397,0.3548884603178856,0.35336293608705843,0.3451613571115389,0.3339234912952203,0.44503570751254173,0.2667811501749733,0.0,0.3550257370374199,0.36198430879980514,0.0,0.38933254092240055,0.3522903178919178,0.3614560518022882,0.32332895594543115,0.36166197536136796,0.0,0.3598848570165796,0.0,0.3538935460369895,0.0,0.3310632378478541,0.42162161575087836,0.0,0.0,0.36035569133617223,0.3205307539330699,0.3375696592465539,0.3322231045168222,0.346434227417645,0.0,0.3953453958059818,0.33783801920891604,0.34608462831943754,0.3485174065306558,0.3333135534987568,0.3688365552200735,0.35482511242376774
0.44173406401117976,0.28999968342858784,0.28907920158048916,0.1817684521925539,0.21538166624185612,0.2689589772632006,0.0,0.279799959016087,0.24778686924432777,0.275640324452496,0.2931743758089429,0.2484721761844449,0.22861679232204032,0.22393072350968313,0.0,0.3087098609529534,0.2989926439554751,0.29104263946396525,0.2945494625687802,0.2886453599435867,0.3302949875397923,0.29861219377019577,0.27715797338313314,0.238864331642382,0.2711275485291408,0.28587340837181574,0.2777279242278934,0.23133049014547954,0.2874956546282663,0.0,0.2654337010907176,0.25070854875281934,0.2615293661469485,0.2518633951506144,0.20913260780280254,0.18623658649665822,0.18984929012109988,0.22136303201063354,0.3527023754200195,0.19105345245896424,0.3790636569397326,0.32510508093577134,0.34395301443055326,0.4169196828903456,0.0,0.0,0.44254298669054304,0.40246205048647077,0.0,0.0,0.3666652332071518,0.43221458968063203,0.3543617013256272,0.41058339064746874,0.0,0.3559518090531804,0.0,0.43921969077314876,0.0,0.4824263148616153,0.0,0.0,0.0,0.4250149461879386,0.4282933967099319,0.0,0.46627642372071726,0.33750363329604977,0.0,0.0,0.46093556137886865,0.34786951528234616,0.4146337913111559,0.40115725180059963,0.0,0.48580249614550414
0.33657665913073476,0.3113985259250166,0.30392169146945475,0.24465985655196734,0.2871539381930176,0.2822381966255442,0.279799959016087,0.0,0.3261121344798747,0.3434192886199137,0.23875206659698173,0.3748374313793774,0.29025750091784586,0.23819182842338196,0.306726021081552,0.3257633869820491,0.0,0.3346060627952203,0.3005077726074437,0.28982560163140464,0.27079241164021683,0.28936150440705233,0.24826458125882084,0.3421755071828757,0.33236410912488545,0.3250415334411478,0.28814668546534866,0.2758235057401005,0.26575975929673645,0.26196212755745385,0.2729990504494595,0.27946697341242854,0.2730075328582803,0.28960212768107013,0.30335422655814576,0.23992495285918017,0.2951118626941598,0.4930506166731249,0.3227700997617689,0.0,0.34697840208123154,0.0,0.253471596071694,0.37933151067733706,0.0,0.0,0.3085632011416735,0.34427605452046334,0.0,0.3425083848348535,0.3365658993780885,0.3383913332564964,0.24737598579682976,0.34229422548629784,0.0,0.29804388485080585,0.0,0.3367498243543165,0.0,0.0,0.0,0.0,0.0,0.29838108299660854,0.0,0.25643499196253355,0.2850851985181739,0.31577393769791773,0.0,0.7490296948339412,0.38948849177524797,0.3286058978714266,0.32873582426414566,0.316759495568894,0.0,0.33959872379857303
0.0,0.27504660200016884,0.19456831736420632,0.2764642915684417,0.22224251330530106,0.2175279905140251,0.24778686924432777,0.3261121344798747,0.0,0.315362364967307,0.2114789706214539,0.31631575094468345,0.26540013765318854,0.2815231449550435,0.0,0.306164345964821,0.41605785003283036,0.3812336197957476,0.2002019374085589,0.25818312279924865,0.0,0.2835923466173002,0.2515413426876446,0.33565469385131114,0.2945752276323686,0.327231642247714,0.2304112737702534,0.28625463846310273,0.2705922549708608,0.29371618241565345,0.30044003201983066,0.29294655103675177,0.29653366565185596,0.3100880415135571,0.29696694253174744,0.29193515259984554,0.2964469570516562,0.3058134908375931,0.3436096510041559,0.3848699693416217,0.4300879581671051,0.4984213586312303,0.33071810658204015,0.0,0.3174554483047472,0.0,0.0,0.36324685275625906,0.0,0.39103637539994945,0.3658522671155302,0.39358131608115554,0.3706435672555448,0.3775864948901707,0.6278286646459299,0.3442271603070195,0.0,0.40066118613767,0.3389254469001158,0.0,0.0,0.0,0.0,0.34975296410527,0.0,0.0,0.0,0.3637105503627054,0.0,0.0,0.0,0.3643070725892742,0.4039170236315728,0.40495867666032315,0.0,0.45138757269765345
0.27072928041037847,0.29939326001740224,0.3334299243479981,0.25666792925977994,0.3074217772550424,0.3067096095438556,0.275640324452496,0.3434192886199137,0.315362364967307,0.0,0.323557550305684,0.19969920826724405,0.2779980038098102,0.0,0.0,0.2679602195527714,0.2269721330452688,0.233085846913785,0.3266962220776233,0.0,0.0,0.28503508691011803,0.31465011583878183,0.2173951833374164,0.22013622179159642,0.22184127604578205,0.31194531388629637,0.2717182145649019,0.32658206279027613,0.0,0.22803941718308732,0.21737469385352912,0.20941201813093255,0.2347645468626426,0.22400874112772473,0.2753450151116506,0.23466373881228858,0.21073993858588808,0.21872608015688,0.2747637359095704,0.2201758346760046,0.17201510926153793,0.16712464592022253,0.1881754676019881,0.24006351501136475,0.2955563413791707,0.0,0.0,0.0,0.0,0.0,0.24894760882360248,0.0,0.6450839771647169,0.3081016022958289,0.465631106065611,0.3000023007795645,0.28410253750978864,0.0,0.0,0.0,0.32290697775770266,0.3101439412241546,0.0,0.0,0.0,0.0,0.5089609526953184,0.2818552715310054,0.321685651558583,0.31430445327860357,0.6338935458002394,0.2299145933776118,0.0,0.0,0.293693007471825
0.0,0.0,0.1887331656576578,0.2638992271380718,0.22749659587220875,0.25367048957234906,0.2931743758089429,0.23875206659698173,0.2114789706214539,0.323557550305684,0.0,0.3147546622520324,0.3089502480197925,0.2104112078831864,0.0,0.0,0.3957976990896546,0.41624180384968795,0.1527148019261693,0.0,0.0,0.0,0.18404871334840023,0.3080728889679525,0.3904560271731567,0.42580982076683127,0.23696820097003585,0.30677488211510523,0.43117819576226524,0.0,0.3276559445439102,0.2760374760869301,0.3173421518517473,0.3212992507358035,0.30782610869424165,0.2397073678895272,0.29633599908222646,0.30771726610731753,0.3171040436179424,0.3863545610126914,0.3870662578418544,0.4799425249066121,0.2980997695628866,0.3965235594795253,0.3931493161710918,0.0,0.0,0.17853895224799962,0.0,0.2768288582443709,0.3629625130385771,0.3407525660907681,0.29188588899871004,0.2926652285667575,0.39219301203692475,0.14602848937431853,0.3425914003585706,0.3575247282603432,0.2998189104661935,0.0,0.0,0.0,0.0,0.14753755731911458,0.0,0.0,0.0,0.35130433850422016,0.0,0.0,0.0,0.3496242982501262,0.370733654622641,0.30704625168465904,0.0,0.0
0.25178917545891605,0.0,0.36382059813436957,0.1901349288031521,0.2897806773660217,0.3136000854201182,0.2484721761844449,0.3748374313793774,0.31631575094468345,0.19969920826724405,0.3147546622520324,0.0,0.2613678520642917,0.0,0.0,0.0,0.25291955501919805,0.25294664467556427,0.34127974602159816,0.0,0.3274280315294416,0.0,0.35489268343759,0.19566018932243084,0.23918544679211265,0.1995496978488491,0.3301883538396457,0.22739759161687395,0.37592339519479284,0.0,0.23154992951668463,0.1836125175048461,0.18929869681090497,0.17330842593233925,0.21212512077460108,0.28237278522645354,0.2037819424617275,0.14948040150989775,0.19461098734805182,0.2791312632459712,0.1950303563054131,0.18482265123516156,0.18513234055835237,0.15568531737837785,0.20456843066271332,0.32558002556854754,0.0,0.0,0.0,0.0,0.26176854712367953,0.2987942091554022,0.0,0.0,0.30568898522154375,0.0,0.29760937389713354,0.2477267476345,0.0,0.0,0.0,0.3236035602159337,0.31514757279177835,0.0,0.0,0.0,0.0,0.4073148255523135,0.27405873036206363,0.31766290383244894,0.31157476100543285,0.2881873026440999,0.2048625246138723,0.0,0.0,0.2921681653281419
0.33332989626511533,0.29037805241729214,0.29147151996646326,0.22708625469015928,0.26338276667025995,0.25198849025537134,0.22861679232204032,0.29025750091784586,0.26540013765318854,0.2779980038098102,0.3089502480197925,0.2613678520642917,0.0,0.2598712720100341,0.2813823116256089,0.3069539204992785,0.29273158541542477,0.29313440363012827,0.30103284345620007,0.2731744520252258,0.3027978517235335,0.29670620838575673,0.27901184703056725,0.2740871941188855,0.26892039742587764,0.2769585651639309,0.27976148386560445,0.2094157866350584,0.26767307318468087,0.23330278963223258,0.25444590927128047,0.2641282781751175,0.2675357464380955,0.2686717285376719,0.2689198824601362,0.2283182210225481,0.22098020908286456,0.25116625932325537,0.30591783079563195,0.25984263597398227,0.33554685369511367,0.3419299352508057,0.34173512929920286,0.4085119106822589,0.18950109011107946,0.0,0.44293022017834244,0.38329120677717077,0.0,0.0,0.3515708403235337,0.41201895318449405,0.3194439438776797,0.41407108710484225,0.32281701666754825,0.33933534519384334,0.23702840849127188,0.4043365093253589,0.0,0.39335464804258025,0.0,0.0,0.5497196807801169,0.0,0.3496981640516137,0.37689054142205974,0.41031514669251906,0.3357632375254034,0.2352713120528607,0.4096504502693826,0.38742840097625664,0.3387641679848092,0.3842404584658134,0.35320013955738055,0.42630374884353617,0.41049903646220653
0.3341224954462534,0.2533680861649347,0.2691435316074574,0.220508155133084,0.21333147314278714,0.26877175862545516,0.22393072350968313,0.23819182842338196,0.2815231449550435,0.0,0.2104112078831864,0.0,0.2598712720100341,0.0,0.0,0.0,0.0,0.0,0.2441006843236068,0.0,0.3037146254952878,0.0,0.2555232315334068,0.0,0.0,0.3519377700948804,0.2940220676673985,0.2063423237547081,0.0,0.0,0.0,0.19976111765185167,0.0,0.2642516573598747,0.217315436909492,0.15941696841052866,0.13468916868442465,0.0,0.0,0.0,0.0,0.2065581863550863,0.2742363097313418,0.0,0.0,0.0,0.0,0.0,0.0,0.0,0.0,0.0,0.0,0.0,0.0,0.23888392024884775,0.0,0.0,0.23638008333840213,0.0,0.0,0.0,0.0,0.0,0.0,0.0,0.0,0.3283849941330607,0.0,0.0,0.0,0.36490511478954085,0.0,0.0,0.0,0.0
0.26006322278790345,0.2880731837775256,0.0,0.25614445394779695,0.0,0.2786352542290721,0.0,0.306726021081552,0.0,0.0,0.0,0.0,0.2813823116256089,0.0,0.0,0.2781705257388659,0.0,0.2583342696243708,0.0,0.20603121976532593,0.2662822997604879,0.20827104937325566,0.23193253515967285,0.0,0.28299152306240904,0.2589042491129103,0.25812360239292764,0.25311213896086177,0.2533886650059201,0.0,0.2540580406237684,0.28753634724844623,0.2696814350506871,0.2792570026738629,0.314812326762872,0.3090999871346098,0.29120101450078245,0.0,0.308502268537027,0.290762033110829,0.3242698817612026,0.33409187552780073,0.34771229281615157,0.0,0.0,0.0,0.3310894340012698,0.0,0.0,0.0,0.3226900512162172,0.0,0.0,0.0,0.0,0.0,0.0,0.38281225057179147,0.0,0.30041768636394334,0.33963829828134423,0.0,0.4724914823763162,0.0,0.25583943674132276,0.31114473213986316,0.30513209253616286,0.31792552490959586,0.0,0.33781792112417836,0.34240037505803894,0.3192445156890511,0.333195826868828,0.3079930599111702,0.3371414661705359,0.31993934018252584
0.2751577370228332,0.26317160839578985,0.0,0.0,0.31103449206471473,0.2924275104876419,0.3087098609529534,0.3257633869820491,0.306164345964821,0.2679602195527714,0.0,0.0,0.3069539204992785,0.0,0.2781705257388659,0.0,0.25913015982078685,0.23238112112907144,0.0,0.26338570578195464,0.277847898961741,0.2520927407899282,0.28856461197415845,0.2740497012553589,0.25928071063867997,0.2708460901106842,0.2780338621721438,0.29374549185551524,0.28391543304740396,0.28643320184575793,0.2449654187107874,0.2900103870484995,0.24347261793597808,0.25446180268246243,0.2970277907389495,0.0,0.0,0.0,0.3258555143999674,0.31448751879269465,0.3118754421801718,0.33859910533487436,0.0,0.0,0.0,0.2994236170083483,0.3082690291093823,0.0,0.0,0.0,0.4048614707114686,0.5867101201755556,0.0,0.0,0.0,0.0,0.0,0.49284748014557905,0.0,0.32510024441193863,0.31131790652645935,0.0,0.3051622603314603,0.0,0.3220051896672495,0.3163236269773039,0.31612097766715264,0.3884959160334093,0.0,0.30411914453179006,0.3156906158654489,0.3629948396036013,0.5273911494737099,0.346164381252463,0.0,0.29990762822877204
0.0,0.0,0.41942670016591227,0.263973290755033,0.3317638969752662,0.4093498335825568,0.2989926439554751,0.0,0.41605785003283036,0.2269721330452688,0.3957976990896546,0.25291955501919805,0.29273158541542477,0.0,0.0,0.25913015982078685,0.0,0.22515207079135002,0.4293284535644238,0.28225122432346356,0.0,0.271668496008392,0.43764958570074897,0.2638799649051466,0.22482498875640897,0.24900541873223878,0.413649267331038,0.28333662112045743,0.3055600160666353,0.0,0.24044609989627483,0.28811758250360736,0.2426016909682272,0.250620889830016,0.24578499594042644,0.0,0.0,0.24755644654883002,0.3308071125243354,0.3004499612186238,0.329950891211701,0.0,0.0,0.0,0.0,0.33078108035090503,0.0,0.0,0.0,0.0,0.0,0.0,0.0,0.0,0.3304465208405952,0.0,0.3196690109799639,0.0,0.0,0.0,0.0,0.3357933423079275,0.32030392840726785,0.0,0.0,0.0,0.0,0.0,0.3113002095393576,0.34550578042584285,0.3256397041672929,0.0,0.0,0.0,0.0,0.3528173091228996
0.2684925718014665,0.26621921481843985,0.35362877114263747,0.0,0.30375837951325274,0.27496634789110264,0.29104263946396525,0.3346060627952203,0.3812336197957476,0.233085846913785,0.41624180384968795,0.25294664467556427,0.29313440363012827,0.0,0.2583342696243708,0.23238112112907144,0.22515207079135002,0.0,0.42832145478854544,0.2703791700555015,0.2948480597507685,0.2686860268381477,0.29554992989980133,0.2540110480982947,0.2286484355851432,0.2527861589770438,0.2629170581340449,0.28239775900527064,0.27608283893135716,0.28938620040577345,0.24905229669182258,0.2955395560784483,0.24133584825722215,0.25251812738050466,0.2594851552884809,0.0,0.0,0.26930370740369053,0.3634786095369299,0.3169196516864502,0.3185933935640868,0.3332490979300041,0.0,0.0,0.0,0.2955316324893851,0.30446772962408347,0.0,0.0,0.0,0.5250351149684114,0.0,0.0,0.0,0.32220275115757174,0.0,0.3153584967909702,0.6998564171747585,0.0,0.36444553351938586,0.3076177722335893,0.345661378613594,0.3096026465583976,0.0,0.4037806385471935,0.36118206198744524,0.3086901066367668,0.0,0.30065906371527484,0.3118691088656479,0.31399518262410536,0.0,0.0,0.4119931733298606,0.0,0.30656478996755415
0.0,0.0,0.1500432150674554,0.2801123252461188,0.25440451626052435,0.2626000202885829,0.2945494625687802,0.3005077726074437,0.2002019374085589,0.3266962220776233,0.1527148019261693,0.34127974602159816,0.30103284345620007,0.2441006843236068,0.0,0.0,0.4293284535644238,0.42832145478854544,0.0,0.0,0.0,0.0,0.1792322611717257,0.39772256387982663,0.5873399535953276,0.4599212462521671,0.21495465438217767,0.2962951300128896,0.0,0.0,0.3118365547048528,0.27725774894624705,0.3317356161167554,0.3169603045933787,0.29014976538017323,0.2629577162849857,0.2978891894347442,0.32132304060626266,0.3483786586625029,0.0,0.49115532707997417,0.6084700903429188,0.3213617356894575,0.44363631074804805,0.0,0.0,0.0,0.21402054921944097,0.0,0.3410696071201382,0.368381959486497,0.38273880431815616,0.32866281864761715,0.355867704420041,0.0,0.10885377116637497,0.0,0.40559844248154897,0.2918509078389998,0.0,0.0,0.0,0.0,0.17729946119832682,0.0,0.0,0.0,0.3620763077010311,0.0,0.0,0.0,0.36372098189088947,0.4617397316741388,0.3458433715510542,0.0,0.5104462382779854
0.2777665974707393,0.28008018897599674,0.0,0.2867648508720543,0.27263860296684944,0.24481489283359173,0.2886453599435867,0.28982560163140464,0.25818312279924865,0.0,0.0,0.0,0.2731744520252258,0.0,0.20603121976532593,0.26338570578195464,0.28225122432346356,0.2703791700555015,0.0,0.0,0.2747737875983903,0.20743825999997148,0.1464994472448637,0.0,0.25926100021886433,0.2701700603378366,0.22811795859609124,0.24502734802242854,0.21432779117437892,0.23627323849707166,0.24355300615658285,0.27766992074197555,0.24442914015038855,0.27083951128197525,0.3045254275256833,0.33108675621832373,0.2921978799824407,0.0,0.29192848648977265,0.3161176556162332,0.3332878585733318,0.32386213662599056,0.4100794764914141,0.0,0.0,0.0,0.31738377165786824,0.0,0.0,0.0,0.3312415262008675,0.4877721922736865,0.32055173257555786,0.0,0.0,0.0,0.0,0.3794275120765861,0.0,0.3159603647895153,0.3750510675074872,0.0,0.46396423716728424,0.0,0.3047194851435295,0.3069607444986952,0.3115989338431441,0.32665064494601986,0.0,0.38575501953124386,0.31723185557161593,0.3213796752595581,0.334033115222301,0.31973522379520986,0.38324341300408826,0.32184894434597916
0.26609376032590487,0.2826353012202274,0.0,0.0,0.0,0.2835402021252864,0.3302949875397923,0.27079241164021683,0.0,0.0,0.0,0.3274280315294416,0.3027978517235335,0.3037146254952878,0.2662822997604879,0.277847898961741,0.0,0.2948480597507685,0.0,0.2747737875983903,0.0,0.2866912915996479,0.2600040559201975,0.3067767897973622,0.2902961980131318,0.27395302891873735,0.27616749665526025,0.28597503844000954,0.2706675932385681,0.2971540050461454,0.24484935184083997,0.2951722379411148,0.2733019148123675,0.26906589661143865,0.3259108211347338,0.0,0.0,0.38152236445955073,0.3058037949678286,0.31330547028764333,0.33216942889828605,0.3500791048030267,0.36015647153460034,0.0,0.0,0.26533074135183066,0.3193724953144016,0.0,0.0,0.0,0.312175339975979,0.0,0.21612154973415112,0.0,0.0,0.0,0.0,0.355673675208892,0.0,0.32334943677366645,0.32170222966696144,0.0,0.0,0.0,0.30134052290093594,0.2780574797496346,0.32977144464778774,0.3121511741434566,0.0,0.33364294994397303,0.346806803052553,0.32169582125433255,0.3291215153259886,0.3039520694865044,0.3312313294383059,0.3291516298559003
0.2687200130610701,0.26038129890888745,0.27939733786520127,0.2834257496413441,0.2811897080582327,0.27598110262119985,0.29861219377019577,0.28936150440705233,0.2835923466173002,0.28503508691011803,0.0,0.0,0.29670620838575673,0.0,0.20827104937325566,0.2520927407899282,0.271668496008392,0.2686860268381477,0.0,0.20743825999997148,0.2866912915996479,0.0,0.26777200444911325,0.0,0.2625838477093838,0.2657127238975404,0.26939705639918454,0.2631246561567592,0.256948215036227,0.25379282978022666,0.24790304747913122,0.2933797441152269,0.24655842231058567,0.2744599109117299,0.3100712051303415,0.3408668755551973,0.30051802578896425,0.0,0.3042220073701797,0.32776133706493,0.32651268022705626,0.3419243116409696,0.3819965979296983,0.0,0.0,0.31149513932799544,0.3130037691569372,0.0,0.0,0.0,0.3249882054441689,0.5760806666160405,0.0,0.0,0.0,0.0,0.0,0.44152130429766495,0.0,0.3338471885864195,0.31419792658767787,0.0,0.0,0.0,0.31542670046638616,0.3212927407686352,0.3262237828679605,0.32301515182731977,0.0,0.3056134305925217,0.32866587570960726,0.32176311622037085,0.374118228282466,0.31750010356078023,0.0,0.31986276636972977
0.30352448243342073,0.27952589494668645,0.18718191638588416,0.26872526083493176,0.25772907353040564,0.2617796146654893,0.27715797338313314,0.24826458125882084,0.2515413426876446,0.31465011583878183,0.18404871334840023,0.35489268343759,0.27901184703056725,0.2555232315334068,0.23193253515967285,0.28856461197415845,0.43764958570074897,0.29554992989980133,0.1792322611717257,0.1464994472448637,0.2600040559201975,0.26777200444911325,0.0,0.3278179161829469,0.28241794159142136,0.29019143488631993,0.220411268876453,0.27226642468371526,0.261065286133003,0.2603744409107385,0.2769267660519808,0.2743962585711078,0.25778862699878397,0.29253931503387876,0.3044377001904171,0.2701874868883807,0.28339163875239787,0.33422624917958804,0.34189697657017754,0.29142623285510727,0.35766056806262597,0.36499495032515455,0.3408358837324605,0.35115525918507584,0.0,0.30143300660052136,0.32814949787516245,0.20216661347568463,0.4057060907163138,0.35187675280298836,0.3529902129316113,0.35011564992452027,0.315061507742076,0.360450622017852,0.4435761551939675,0.2120428618104616,0.0,0.34757330677942233,0.3164914993961032,0.3274597713865378,0.3874095072323189,0.0,0.5382433808300011,0.14773034228329843,0.3286415384966333,0.31628640138276165,0.32793651230415755,0.29974344480603854,0.0,0.4036239062230182,0.3273130976847315,0.34666410761594196,0.3459499332783103,0.3367026393333895,0.3433666163314785,0.35026560139390694
0.23685242472322174,0.0,0.0,0.0,0.0,0.3435247851122558,0.238864331642382,0.3421755071828757,0.33565469385131114,0.2173951833374164,0.3080728889679525,0.19566018932243084,0.2740871941188855,0.0,0.0,0.2740497012553589,0.2638799649051466,0.2540110480982947,0.39772256387982663,0.0,0.3067767897973622,0.0,0.3278179161829469,0.0,0.2448295124298645,0.22569562869977375,0.33831412016906637,0.24260763518902845,0.0,0.2781908065958202,0.2427257434853693,0.2056731814271825,0.1953767093121621,0.1930415081477925,0.18328115049581228,0.21822157513137022,0.1717535852430936,0.1889277393764265,0.19653015155995604,0.2530578197750417,0.21422446262276648,0.15942023329941798,0.0,0.18210773328056756,0.2193937415371256,0.27058989812570755,0.0,0.0,0.0,0.0,0.0,0.0,0.0,0.0,0.2927285839085912,0.0,0.2767554846699241,0.20866940272654022,0.0,0.0,0.31993231458837174,0.31786854847687795,0.31110025147898823,0.0,0.0,0.0,0.0,0.0,0.2548332570856561,0.3080380053277863,0.3008524247758874,0.0,0.1456813985989248,0.0,0.0,0.2903238798773636
0.2645129640262047,0.24228464807927252,0.36045454788596876,0.0,0.2680646383962921,0.2400247334277944,0.2711275485291408,0.33236410912488545,0.2945752276323686,0.22013622179159642,0.3904560271731567,0.23918544679211265,0.26892039742587764,0.0,0.28299152306240904,0.25928071063867997,0.22482498875640897,0.2286484355851432,0.5873399535953276,0.25926100021886433,0.2902961980131318,0.2625838477093838,0.28241794159142136,0.2448295124298645,0.0,0.23183084600815032,0.24699685782729622,0.27317735515006725,0.26305008555621645,0.3136691486104158,0.24977554223883905,0.2861292856137646,0.22622684817850752,0.24222914698870562,0.24949863701343605,0.0,0.0,0.23809965793142984,0.33725614515561486,0.30571540518852275,0.3155477430454443,0.33859906715716653,0.0,0.0,0.0,0.2924144531842,0.3124975452749814,0.0,0.0,0.0,0.4119897127896388,0.8810096742228142,0.43958881082787465,0.0,0.3254830332723027,0.0,0.3180010479416744,0.3747105965650415,0.0,0.32059588218156976,0.31361758161292363,0.3289873888233956,0.3121747455232767,0.0,0.31396355053996955,0.3285558530682348,0.3068377241757372,0.38102896908905376,0.2936935967372263,0.31412450960512256,0.3147302706285811,0.4023021146345688,0.3433467029115849,0.32150079987979746,0.0,0.3053394040699406
0.24370507996105173,0.2533889971614198,0.3510452065387574,0.0,0.2912994584397817,0.2508314251471807,0.28587340837181574,0.3250415334411478,0.327231642247714,0.22184127604578205,0.42580982076683127,0.1995496978488491,0.2769585651639309,0.3519377700948804,0.2589042491129103,0.2708460901106842,0.24900541873223878,0.2527861589770438,0.4599212462521671,0.2701700603378366,0.27395302891873735,0.2657127238975404,0.29019143488631993,0.22569562869977375,0.23183084600815032,0.0,0.2835076225648125,0.27426859501884654,0.2621326519793981,0.3261574512152616,0.25008298089385356,0.2922809869402874,0.24011756322347283,0.25009455228057403,0.2909198303997255,0.3230077922795423,0.3082674219339456,0.2314978252624962,0.31228499467604853,0.30289284536104527,0.31823476150708263,0.3400761460510146,0.0,0.0,0.2904128112303605,0.29869219114373524,0.31924586112141756,0.0,0.0,0.0,0.33105129599949923,0.4791671926402771,0.3583648655623829,0.0,0.3194517499748939,0.0,0.3097599831498696,0.3722171920331939,0.0,0.3489901266847984,0.3170565063427728,0.3275251329433448,0.3143307340938978,0.0,0.32983083869015484,0.33811623240656147,0.3343470675659879,0.3264465344995588,0.2807369181293542,0.31371609399972494,0.32111610033608223,0.32764713925979183,0.3341222436704294,0.32172310481239397,0.0,0.30676894918125774
0.29907689870186466,0.2700766805560378,0.20291503842615508,0.2799779010774073,0.24586730463587264,0.2543778446102435,0.2777279242278934,0.28814668546534866,0.2304112737702534,0.31194531388629637,0.23696820097003585,0.3301883538396457,0.27976148386560445,0.2940220676673985,0.25812360239292764,0.2780338621721438,0.413649267331038,0.2629170581340449,0.21495465438217767,0.22811795859609124,0.27616749665526025,0.26939705639918454,0.220411268876453,0.33831412016906637,0.24699685782729622,0.2835076225648125,0.0,0.2755517872182207,0.2504975247910963,0.26123799135017167,0.26099336304111714,0.27208267991086915,0.23953785308399012,0.28532007906012685,0.29479856017499245,0.2947247243052611,0.2877889652966501,0.32071899753669786,0.33033008538156294,0.29180638660824476,0.3523417585275694,0.3589375802574073,0.34301013512805806,0.4067038483710712,0.29770486400792706,0.0,0.3514797863272414,0.3652091054100051,0.0,0.3729581493152919,0.35092502052752306,0.3555340576174598,0.32761890112749265,0.3694665825490708,0.7647029578973749,0.3104224851004275,0.0,0.3488256856829838,0.36410904470842254,0.31935726158717204,0.4627642062469656,0.0,0.6312024921060427,0.3653816317825066,0.3228704628246937,0.3189213478141391,0.3241453887526982,0.34365565540721354,0.0,0.49133208555278307,0.32747511940576507,0.34524853977728626,0.34317079047838395,0.3344883002899053,0.3492944895625991,0.3463564898073381
0.30234693687317793,0.27646864364817514,0.2900848128286676,0.16816746650271427,0.26943439303891026,0.2600015936487368,0.23133049014547954,0.2758235057401005,0.28625463846310273,0.2717182145649019,0.30677488211510523,0.22739759161687395,0.2094157866350584,0.2063423237547081,0.25311213896086177,0.29374549185551524,0.28333662112045743,0.28239775900527064,0.2962951300128896,0.24502734802242854,0.28597503844000954,0.2631246561567592,0.27226642468371526,0.24260763518902845,0.27317735515006725,0.27426859501884654,0.2755517872182207,0.0,0.2289371140941738,0.20753838469364635,0.2385943335952619,0.25649083771780484,0.2409275915841551,0.2504499026367963,0.22409678849335893,0.17029515451849905,0.17381021104172972,0.21628069725663393,0.2669018454556672,0.1743083667815538,0.285019511816996,0.2771884093091085,0.3052523533270281,0.2993174882986933,0.1638467313728882,0.0,0.0,0.4063621473682924,0.0,0.6871677000841085,0.3380894063047307,0.41175361271452454,0.3117548129123388,0.43535756041354623,0.3046033735823245,0.4000036102819528,0.20542330930320446,0.3727567194983901,0.0,0.33057313692734014,0.0,0.0,0.0,0.5139186263783508,0.31868047988916964,0.31323740193837935,0.34558756847061733,0.33004514593620615,0.146037659726328,0.37723620946584113,0.3468421759750478,0.3335601329728499,0.32592159673317,0.33044874089906795,0.39829779791757686,0.3550180089240363
0.3065210255268027,0.28092820802806384,0.3036945316164325,0.2933064570139923,0.279664771149808,0.2394682946494461,0.2874956546282663,0.26575975929673645,0.2705922549708608,0.32658206279027613,0.43117819576226524,0.37592339519479284,0.26767307318468087,0.0,0.2533886650059201,0.28391543304740396,0.3055600160666353,0.27608283893135716,0.0,0.21432779117437892,0.2706675932385681,0.256948215036227,0.261065286133003,0.0,0.26305008555621645,0.2621326519793981,0.2504975247910963,0.2289371140941738,0.0,0.22529165615277,0.24457834429529143,0.2662239889949191,0.22574427441815412,0.27272753253143567,0.30133350705346523,0.31631938875871113,0.2972627599658261,0.3308067937108029,0.3202148153610141,0.3280502585966175,0.3436502598244305,0.3601722890983138,0.36275143840456786,0.43687558109909713,0.2366750226087118,0.0,0.325440699360065,0.0,0.0,0.49962465753221824,0.33494884351298354,0.3947354932734076,0.3137646490817624,0.40859055628562396,0.80100879724871,0.0,0.27448867680789146,0.3565162608953129,0.0,0.3092468898646276,0.41126346438467426,0.0,0.4857127912011526,0.0,0.31060056821939647,0.3032300164335937,0.3125469376566057,0.3283774004876897,0.0,0.421834637016346,0.322444106919973,0.3298620914380836,0.33630886843663527,0.32053076052594653,0.3483840650491084,0.3341803865919856
0.3052762816358348,0.0,0.29987419366839463,0.0,0.0,0.2786289744539966,0.0,0.26196212755745385,0.29371618241565345,0.0,0.0,0.0,0.23330278963223258,0.0,0.0,0.28643320184575793,0.0,0.28938620040577345,0.0,0.23627323849707166,0.2971540050461454,0.25379282978022666,0.2603744409107385,0.2781908065958202,0.3136691486104158,0.3261574512152616,0.26123799135017167,0.20753838469364635,0.22529165615277,0.0,0.22018668006611297,0.25902629034350794,0.2593694879502528,0.2363878607495215,0.0,0.35418598893564024,0.0,0.0,0.34201888959094107,0.0,0.0,0.0,0.0,0.0,0.0,0.0,0.0,0.0,0.0,0.0,0.3706941103362612,0.0,0.0,0.0,0.0,0.0,0.0,0.5971082228976856,0.0,0.0,0.0,0.0,0.0,0.0,0.0,0.0,0.0,0.33056468041573056,0.0,0.0,0.0,0.3321125219312274,0.39229734586283477,0.3490746053504493,0.0,0.0
0.249539302360925,0.2461313290453263,0.30469311480234357,0.22015013525902785,0.28812907229702384,0.29024877538210864,0.2654337010907176,0.2729990504494595,0.30044003201983066,0.22803941718308732,0.3276559445439102,0.23154992951668463,0.25444590927128047,0.0,0.2540580406237684,0.2449654187107874,0.24044609989627483,0.24905229669182258,0.3118365547048528,0.24355300615658285,0.24484935184083997,0.24790304747913122,0.2769267660519808,0.2427257434853693,0.24977554223883905,0.25008298089385356,0.26099336304111714,0.2385943335952619,0.24457834429529143,0.22018668006611297,0.0,0.27866156810186793,0.22291355313085928,0.20791744293273248,0.22031829667790534,0.32554684320162514,0.20941606559157552,0.2257338544631948,0.3052669116710943,0.24076090910466982,0.3123535188444886,0.22265326537413582,0.37536294338044496,0.4715210877680009,0.2229510346249899,0.2806625143869306,0.3010889793094548,0.0,0.0,0.0,0.34988598190959175,0.5129431833281458,0.3149067333387066,0.5051971318104709,0.29670664150262327,0.0,0.2811919332208934,0.4273223339549552,0.0,0.30889534246081685,0.3018767194828147,0.3411332465500322,0.30865089990056316,0.0,0.30698403787273226,0.2884221681370575,0.3110272127231936,0.33508943063719576,0.2825747331065007,0.30682746631440394,0.3097674928995456,0.34154666919502613,0.36380470147104393,0.33791667907332257,0.0,0.3251155285581845
0.3032073320911974,0.28403529259559684,0.2890984540014057,0.19761446461542542,0.24924341671162656,0.2811536845851542,0.25070854875281934,0.27946697341242854,0.29294655103675177,0.21737469385352912,0.2760374760869301,0.1836125175048461,0.2641282781751175,0.19976111765185167,0.28753634724844623,0.2900103870484995,0.28811758250360736,0.2955395560784483,0.27725774894624705,0.27766992074197555,0.2951722379411148,0.2933797441152269,0.2743962585711078,0.2056731814271825,0.2861292856137646,0.2922809869402874,0.27208267991086915,0.25649083771780484,0.2662239889949191,0.25902629034350794,0.27866156810186793,0.0,0.24802642781259293,0.2822691188591348,0.3061634639952962,0.20594623913496382,0.21763295964739177,0.17416740742798292,0.21884616837054108,0.18833600973839354,0.22701194164997832,0.24226515320105496,0.21221472492218085,0.19829335309131998,0.1851186410097899,0.31662572855220983,0.32767736320697566,0.3460709858712268,0.22424311860090848,0.36941326558746773,0.3421504088194477,0.33128018100509987,0.3036430526587419,0.36784789041255134,0.2045107607516378,0.30327681943725654,0.18535638791712652,0.3070332557977572,0.2735962013138274,0.3367720531553161,0.32238524676126035,0.0,0.3197633351778097,0.3831133772903682,0.31709277837759925,0.3110599068534425,0.3342038507882207,0.3354204395917752,0.16321206015230008,0.3190371807923874,0.32778257927049403,0.33951654407534954,0.2602674420362988,0.3399336900370455,0.34117676441518846,0.2555195264702113
0.25014204515348254,0.23799304972374613,0.32333509268215743,0.1782506403984677,0.286886036967157,0.2649287471151512,0.2615293661469485,0.2730075328582803,0.29653366565185596,0.20941201813093255,0.3173421518517473,0.18929869681090497,0.2675357464380955,0.0,0.2696814350506871,0.24347261793597808,0.2426016909682272,0.24133584825722215,0.3317356161167554,0.24442914015038855,0.2733019148123675,0.24655842231058567,0.25778862699878397,0.1953767093121621,0.22622684817850752,0.24011756322347283,0.23953785308399012,0.2409275915841551,0.22574427441815412,0.2593694879502528,0.22291355313085928,0.24802642781259293,0.0,0.1690422084903636,0.26668295920870855,0.326561481079317,0.17575363950217765,0.14001593830596817,0.1869624727758402,0.18902147934873284,0.18173842566781848,0.2162184307312036,0.2193400929720437,0.16249655600929844,0.15802288704280748,0.29103066457824195,0.3055870373746041,0.0,0.0,0.0,0.3096390187058041,0.3319257490791139,0.0,0.596703728809302,0.26817098914542836,0.46837022204727696,0.2442460697698664,0.29176868931063904,0.17094102479782777,0.3369788015575288,0.3119952237890217,0.2998671457417439,0.30498370992520973,0.18619872839041918,0.32308438792751704,0.30208955645022806,0.32685962143527264,0.3012576703538246,0.20358414859059085,0.3062212477984878,0.30463332373005,0.2989442022433035,0.22557370030993631,0.3254589322003341,0.0,0.2746276549378008
0.24897438563844304,0.25082745110873217,0.31186850697706503,0.2326492025918788,0.2951287434400905,0.30180269101346735,0.2518633951506144,0.28960212768107013,0.3100880415135571,0.2347645468626426,0.3212992507358035,0.17330842593233925,0.2686717285376719,0.2642516573598747,0.2792570026738629,0.25446180268246243,0.250620889830016,0.25251812738050466,0.3169603045933787,0.27083951128197525,0.26906589661143865,0.2744599109117299,0.29253931503387876,0.1930415081477925,0.24222914698870562,0.25009455228057403,0.28532007906012685,0.2504499026367963,0.27272753253143567,0.2363878607495215,0.20791744293273248,0.2822691188591348,0.1690422084903636,0.0,0.1959077489095503,0.2997719240706329,0.24929396363241876,0.15447356642993196,0.2048206184054488,0.18946429259744607,0.1646358201804902,0.21386099307833004,0.2332721667374607,0.1927792496648217,0.1642544604347905,0.28243659361903145,0.30594737721996346,0.44311059481975584,0.0,0.0,0.35501787744792096,0.36170869826160834,0.3195306267428899,0.42431087002849927,0.21435041379452305,0.3664583463527448,0.19223052832664003,0.330882963474567,0.0,0.3298954120642114,0.30788149356156924,0.338817729271398,0.3088266555173249,0.5823773694371921,0.31405397881064656,0.3052627132249138,0.3240905949472369,0.34899940940601476,0.2063609410090009,0.3081583240957131,0.3122254462958765,0.34834088052681,0.25999678103569684,0.3427780214512769,0.0,0.29783783119204527
