0.0,0.40008420112769527,0.0,0.0,0.0,0.43962100478616517,0.0,0.4520224425965868,0.0,0.30492856345600444,0.44770570677818267,0.32296847205572926,0.0,0.4706128640275032,0.3597028710422782,0.35453928506656124,0.0,0.33800947532922176,0.0,0.41031305048473776,0.3661541448188434,0.4121694836168286,0.40808530094156586,0.3387981860442034,0.323190003042584,0.32905667463210037,0.41935761145410455,0.4582214338103269,0.43149388989996407,0.0,0.33489142111813375,0.3778029309519434,0.3045949751792801,0.34568082293713376,0.3962931623907613,0.47716954940931144,0.0,0.3726558017612535,0.44173805074405503,0.4241607290271008,0.0,0.0,0.0,0.0,0.0,0.3682156256140985,0.4660374767698692,0.0,0.0,0.0,0.0,0.0,0.0,0.0,0.3976439628776205,0.0,0.0,0.0,0.0,0.0,0.4374718629205812,0.0,0.39723643371793105,0.0,0.0,0.4032931534516194,0.4906795113576139,0.0,0.0,0.42641250339473485,0.45698748272462275,0.0,0.0,0.0,0.0,0.0
0.40008420112769527,0.0,0.0,0.0,0.4072058821406806,0.38871197548749226,0.41271538068261276,0.43867635441241654,0.40408172489931776,0.37112054831592006,0.0,0.5023666303542823,0.4190494529634394,0.0,0.37913302504785146,0.38171963817005955,0.3760102211795529,0.3516281616590329,0.0,0.41995247227206367,0.4159112098146004,0.39481969905869957,0.39239676662200007,0.3374215797318291,0.37889990168653354,0.39149142466535125,0.39965305725969535,0.38441008519111575,0.3931506581737734,0.31129662408144737,0.34281634207262585,0.36799526968200985,0.3382888161322789,0.35569289344367766,0.4056937139832375,0.0,0.0,0.0,0.4493703587520218,0.4311509272486323,0.45093576412953523,0.4586531892099108,0.0,0.0,0.0,0.4489019546232656,0.4601944671030445,0.0,0.0,0.0,0.47184030630120094,0.0,0.0,0.0,0.0,0.0,0.0,0.0,0.0,0.47438242909839917,0.44293091171762927,0.5870741203616882,0.4216585548287558,0.0,0.42306620071132317,0.45742658742846826,0.4510428578653303,0.4817696508308793,0.0,0.44647784349724406,0.481836687491171,0.47506006321917044,0.0,0.4323163503633559,0.0,0.4306410429288676
0.0,0.0,0.0,0.4354585696140016,0.3886108377867423,0.3793213895495822,0.4218735702797575,0.44162888832790415,0.3237085471675196,0.4737422061708986,0.3357827820737285,0.0,0.4297162226463484,0.424119806918987,0.0,0.0,0.0,0.0,0.3075626327193459,0.0,0.0,0.0,0.3146505203131835,0.0,0.0,0.5500614042888837,0.33855048391673376,0.43409199976403295,0.3902769278300811,0.4586186706917194,0.4415022202808875,0.40587396761862615,0.0,0.44909829874031226,0.4314360458353586,0.40323996383051053,0.4341635941092745,0.5342953291426286,0.5174576883134807,0.0,0.0,0.0,0.49035192216835993,0.0,0.0,0.0,0.0,0.44663670739689937,0.0,0.52694862518003,0.5534929342027356,0.5705046842083588,0.5508143756781412,0.5210374375560218,0.0,0.48660390439627726,0.0,0.5882497123002159,0.5040822426943876,0.0,0.0,0.0,0.0,0.46720031638510595,0.0,0.0,0.0,0.5741863281088307,0.0,0.0,0.0,0.5620439611866027,0.5758682615485247,0.6514719873911097,0.0,0.6489185037254469
0.0,0.0,0.4354585696140016,0.0,0.22473285058620426,0.39519381376744134,0.2637572372487547,0.2708479928236778,0.40456289541968893,0.3739634379809969,0.36399904018772644,0.33434633914972345,0.2805883536623154,0.19892007252100624,0.45642073061590377,0.0,0.0,0.0,0.4140186270269439,0.425239945749701,0.0,0.4091423592803865,0.3690158326528832,0.28824581513451286,0.0,0.0,0.40174058112343186,0.25123331961065154,0.44106026676186183,0.0,0.3080953848561033,0.2987198286060762,0.0,0.32429191721568085,0.27743376501840744,0.15211773843253737,0.16885693494277923,0.0,0.2711943256499869,0.0,0.0,0.2653868101397884,0.0,0.0,0.0,0.0,0.0,0.0,0.0,0.0,0.0,0.0,0.0,0.0,0.0,0.0,0.0,0.0,0.0,0.0,0.0,0.0,0.0,0.0,0.0,0.0,0.0,0.0,0.0,0.0,0.0,0.0,0.0,0.0,0.0,0.0
0.0,0.4072058821406806,0.3886108377867423,0.22473285058620426,0.0,0.3712726614475639,0.3049664586044754,0.3975289577265134,0.3411360303279744,0.4205281834504332,0.33744815024110647,0.4180541325876959,0.33388260978198697,0.253522886557983,0.0,0.42239944111449046,0.48401229676910057,0.4807476020435785,0.37687804534448854,0.3901253201419727,0.0,0.41862822274451944,0.3810910734988322,0.4274104098717605,0.4221298822769909,0.4500194263716876,0.38064790111878444,0.30569216664719917,0.38791802795272473,0.0,0.4168260038513841,0.32520791676817307,0.3944909162668568,0.42006921319346474,0.37140002885797996,0.2042639047058849,0.24419778927038796,0.41412312167054177,0.4452497467375169,0.0,0.0,0.0,0.3642581952035203,0.0,0.0,0.0,0.0,0.543291438429826,0.0,0.4887924074232505,0.5692634136864,0.0,0.5191828300590514,0.4965915738323832,0.0,0.46647956147729996,0.0,0.0,0.42634502371386873,0.0,0.0,0.0,0.0,0.0,0.0,0.0,0.0,0.5301796068879452,0.0,0.0,0.0,0.5455215899009118,0.0,0.736485921669054,0.0,0.0
0.43962100478616517,0.38871197548749226,0.3793213895495822,0.39519381376744134,0.3712726614475639,0.0,0.40691613376758284,0.4258464526185453,0.3496177956848066,0.43870905384252185,0.391557504056757,0.466122876007062,0.3829319551068382,0.4286108671206518,0.4053818558163937,0.40688360269526924,0.0,0.38519653643481355,0.3897295024984047,0.3958847228754962,0.4005902573742565,0.4146234699573449,0.3750658777395292,0.5499716314639894,0.35917715768886194,0.4049881487776092,0.3605110223975993,0.3909975361541622,0.3453344970850753,0.39823096887513315,0.4103972263042684,0.3921967940661353,0.36897433692254683,0.422567077545517,0.4253159218175263,0.4099507099457265,0.41607995912689494,0.4533518925008175,0.5018757620934421,0.0,0.49559739205013154,0.5421432305215881,0.4882567127306907,0.0,0.0,0.0,0.4991837518243065,0.5501387592390384,0.0,0.5816446485775454,0.5024001739271049,0.5479555376492069,0.4972639788474395,0.5603345127605407,0.0,0.5194393802195822,0.0,0.5284148917067619,0.5969294021456818,0.46190177184061254,0.0,0.0,0.0,0.5329069719919227,0.460745484283527,0.4840536255644828,0.47412487238703843,0.5197283384585257,0.0,0.0,0.49234870661293306,0.5070682020080155,0.4939825878300835,0.4746078460584244,0.5170523319670832,0.5065225771676825
0.0,0.41271538068261276,0.4218735702797575,0.2637572372487547,0.3049664586044754,0.40691613376758284,0.0,0.42231577108775775,0.3832006978367704,0.4001489793431147,0.40461788880415533,0.38302544405093436,0.3078725810972534,0.3450691672172855,0.0,0.42456461152618397,0.4370029724031387,0.4172608376838314,0.41155845341243363,0.4120419272794192,0.0,0.43139628964938936,0.3931742948563289,0.3897477241482699,0.3968871076696971,0.40831353016371486,0.4055617114358592,0.32066480732359165,0.415721626049858,0.0,0.37677252733269334,0.3676795424368061,0.39559202858154713,0.3991799373264579,0.36314350133741274,0.2882258310713466,0.2987392209986505,0.3632921810934891,0.0,0.0,0.0,0.0,0.5341906308184428,0.0,0.0,0.0,0.0,0.6022054739605303,0.0,0.0,0.5383634490061353,0.0,0.0,0.0,0.0,0.0,0.0,0.0,0.0,0.0,0.0,0.0,0.0,0.0,0.0,0.0,0.0,0.5142974271433769,0.0,0.0,0.0,0.5155540061287642,0.5654074273427263,0.0,0.0,0.0
0.4520224425965868,0.43867635441241654,0.44162888832790415,0.2708479928236778,0.3975289577265134,0.4258464526185453,0.42231577108775775,0.0,0.42681724581790903,0.0,0.327602177603407,0.47212886783526953,0.43349846196677505,0.31647751196777185,0.33618385112147375,0.43240576116215895,0.0,0.43544779239153086,0.3473073787840278,0.3672131675506586,0.37019808790621184,0.4273889480257082,0.35418663617714197,0.4811400191304025,0.40541998152239916,0.43643840885333723,0.4202446942247384,0.4177276064145027,0.38822768117634865,0.3967951071355352,0.4330435159997941,0.3463271240180705,0.39690705917851754,0.438892630211668,0.42734417817929454,0.2575119744866771,0.42240657574446483,0.0,0.45279527843486084,0.0,0.4695164082762915,0.0,0.41334045896901317,0.0,0.0,0.0,0.0,0.5108063656479613,0.0,0.5048086844208001,0.44886674810025734,0.5143138554230335,0.4217475642417297,0.5042402610961377,0.0,0.42565021076447723,0.0,0.4822271853269633,0.4140168135577957,0.40971400343321074,0.0,0.0,0.0,0.492352879051257,0.4426110798924874,0.44970633600773796,0.3921159110773831,0.47711245972325206,0.0,0.0,0.0,0.47987284589667434,0.460594223298721,0.4501711132551739,0.0,0.47785654393711163
0.0,0.40408172489931776,0.3237085471675196,0.40456289541968893,0.3411360303279744,0.3496177956848066,0.3832006978367704,0.42681724581790903,0.0,0.4469047559962989,0.3625735131916389,0.455779367852907,0.3873522930165918,0.36703019054826197,0.0,0.41354133865559667,0.0,0.4895855280388891,0.3352878228519539,0.3971093653156969,0.0,0.4147373595568292,0.38176629520325983,0.48351720222045746,0.4088701414817331,0.4466479001558437,0.34794182238549404,0.43547524933111403,0.39242788993031247,0.45493977970601474,0.44670175789238376,0.41174867244532365,0.4316699645731623,0.4546005714208413,0.4463242494194925,0.401481492629421,0.43078054059857157,0.43668989078859377,0.4705441877542309,0.0,0.0,0.0,0.4634359122719267,0.0,0.0,0.0,0.0,0.5502283819843163,0.0,0.5294008284747027,0.5409335223101612,0.5859617782728885,0.5579917111720782,0.5711125324088983,0.0,0.5092608470229659,0.0,0.6155202286807266,0.5037802878393101,0.0,0.0,0.0,0.0,0.5344517738787796,0.0,0.0,0.0,0.5575420863313906,0.0,0.0,0.0,0.5538768717377087,0.5585278539695121,0.6243038967692217,0.0,0.0
0.30492856345600444,0.37112054831592006,0.4737422061708986,0.3739634379809969,0.4205281834504332,0.43870905384252185,0.4001489793431147,0.0,0.4469047559962989,0.0,0.4332602301186805,0.2678621365204261,0.4062983233003868,0.38657858485072377,0.0,0.3638502306559335,0.2967530922499473,0.3284685274491142,0.4295019974615149,0.0,0.0,0.0,0.4261409620309498,0.2712501973662331,0.30855876151667216,0.3011920862854863,0.44782626732262665,0.38831196859275474,0.0,0.4589020442294095,0.3076678756418473,0.31660631727830923,0.2633528122567479,0.29222308354248006,0.29988863798462634,0.38348989382077303,0.28748089143376465,0.24864325119006134,0.0,0.3016595425057026,0.2925551589108737,0.26286625319527757,0.0,0.0,0.2752317900295022,0.41683674407767296,0.0,0.0,0.0,0.0,0.0,0.0,0.0,0.0,0.39418415551450414,0.0,0.4081102305262517,0.41712844591763704,0.0,0.0,0.0,0.4087525473152076,0.38860725026814014,0.0,0.0,0.0,0.0,0.0,0.3947153631314713,0.40561654429826566,0.4222433388974819,0.0,0.3755226940567561,0.0,0.0,0.374319476387569
0.44770570677818267,0.0,0.3357827820737285,0.36399904018772644,0.33744815024110647,0.391557504056757,0.40461788880415533,0.327602177603407,0.3625735131916389,0.4332602301186805,0.0,0.4340578126817179,0.4145669189906176,0.25606760278523344,0.0,0.0,0.5194222923739636,0.5511788715848056,0.2684051270796948,0.0,0.0,0.0,0.2741839892813556,0.4086725803377486,0.5199964547880089,0.0,0.3889009115376115,0.4190001279725462,0.5155680435551679,0.0,0.44179684351058474,0.39182896566062436,0.4543805017453618,0.44690944244836983,0.4296056847700308,0.3388125016024054,0.4146114293878494,0.43099875712928,0.44873572463605144,0.0,0.0,0.0,0.40109903571051003,0.0,0.0,0.0,0.0,0.4872872453027936,0.0,0.4620756481709205,0.5324028089898103,0.5473764132010654,0.46907961663499,0.4935698581116238,0.0,0.2655944236457715,0.0,0.5569551017127745,0.41254081588492614,0.0,0.0,0.0,0.0,0.177542577235085,0.0,0.0,0.0,0.514372704415319,0.0,0.0,0.0,0.5251227325993904,0.5571448299223719,0.0,0.0,0.0
0.32296847205572926,0.5023666303542823,0.0,0.33434633914972345,0.4180541325876959,0.466122876007062,0.38302544405093436,0.47212886783526953,0.455779367852907,0.2678621365204261,0.4340578126817179,0.0,0.3940315729795388,0.0,0.0,0.4646419235503822,0.32853946292356156,0.33007193083282366,0.49412831825984677,0.0,0.4035646868630421,0.0,0.45844948303441546,0.26221982863844107,0.31956371466844563,0.27942584500787465,0.46928887144963993,0.35736358839813165,0.0,0.0,0.31402869519888804,0.26813297537980646,0.2583084982913642,0.25738437614820303,0.27475648079368353,0.33425027631734544,0.28929449861268014,0.21564888216199837,0.27723125000523335,0.2913226321493861,0.30877932052287027,0.231698189250212,0.0,0.0,0.30153106912440364,0.47109353067258924,0.0,0.0,0.0,0.0,0.0,0.0,0.0,0.0,0.4064616173210147,0.0,0.4152887745646585,0.4317028692772716,0.0,0.0,0.0,0.42020382743293133,0.40206429899313556,0.0,0.0,0.0,0.0,0.0,0.4007629476648206,0.4133798830610444,0.42221502115503684,0.0,0.3952200083698271,0.0,0.0,0.3892437156187908
0.0,0.4190494529634394,0.4297162226463484,0.2805883536623154,0.33388260978198697,0.3829319551068382,0.3078725810972534,0.43349846196677505,0.3873522930165918,0.4062983233003868,0.4145669189906176,0.3940315729795388,0.0,0.32809361792619196,0.3866178483795269,0.42593002806932806,0.4297108301998831,0.4175575071480798,0.4232288132795685,0.4127068703754517,0.4326499123695183,0.43856833314428595,0.4013631161671697,0.39402354646025234,0.39295046462175276,0.4064047573138725,0.40890239572019393,0.336775118749764,0.4024751377377339,0.3979458296221366,0.3864364705138937,0.38845618095191453,0.39118960550679416,0.41613565586882123,0.39915484802557194,0.3204896226382047,0.31895673407619124,0.38008210641847745,0.43495521774653917,0.0,0.5061075262296635,0.49644582045958446,0.46423001648552903,0.6389454048093279,0.0,0.0,0.0,0.5841857075875804,0.0,0.0,0.5130396278751973,0.0,0.4785352223197381,0.0,0.42592755476439226,0.5449307562898236,0.0,0.624497130110812,0.0,0.0,0.0,0.0,0.0,0.0,0.5113016433643935,0.5471760022778519,0.0,0.5054953937752255,0.0,0.0,0.0,0.4928000653195963,0.5399274518110687,0.5062358037104212,0.0,0.586122075552055
0.4706128640275032,0.0,0.424119806918987,0.19892007252100624,0.253522886557983,0.4286108671206518,0.3450691672172855,0.31647751196777185,0.36703019054826197,0.38657858485072377,0.25606760278523344,0.0,0.32809361792619196,0.0,0.0,0.0,0.0,0.0,0.38640099360213936,0.0,0.42731806471563105,0.0,0.3607954280916781,0.0,0.4320302031189583,0.0,0.4230894121615777,0.24284744672168887,0.4479721622653473,0.0,0.33259026696547916,0.24442888562758142,0.0,0.3624189866926274,0.0,0.1846630401398728,0.1460825962018556,0.0,0.0,0.0,0.0,0.0,0.3619730307015338,0.0,0.0,0.0,0.0,0.49859174012565183,0.0,0.3862075015963079,0.0,0.0,0.0,0.5045927265803162,0.0,0.41799381156032345,0.0,0.0,0.38461353451454716,0.0,0.0,0.0,0.0,0.553043011952073,0.0,0.0,0.0,0.4934860210340043,0.0,0.0,0.0,0.5126774432581082,0.0,0.0,0.0,0.0
0.3597028710422782,0.37913302504785146,0.0,0.45642073061590377,0.0,0.4053818558163937,0.0,0.33618385112147375,0.0,0.0,0.0,0.0,0.3866178483795269,0.0,0.0,0.3359224927866067,0.0,0.30751393113510783,0.0,0.28630644362853075,0.35916174413727076,0.3193312348523702,0.3474197832355246,0.3913176991254181,0.3075475724668139,0.35411655054585617,0.381819799213392,0.36098002600102963,0.3489901502094658,0.34710788847166407,0.3520038100297036,0.402689236348956,0.35871136450795393,0.4076459541194629,0.445309960765434,0.42860348932535836,0.0,0.0,0.4527451929252697,0.4549075639807044,0.47074687108314506,0.48583810017629125,0.0,0.0,0.0,0.0,0.4806688215801298,0.0,0.0,0.0,0.4238069114379631,0.0,0.42589593703858203,0.0,0.0,0.0,0.0,0.0,0.0,0.44834568419785026,0.48251976525237666,0.0,0.0,0.0,0.4196860838452383,0.45376076460641473,0.4715793972112629,0.448649263624275,0.0,0.49053861946070365,0.5069850529185308,0.4524721194985813,0.4785800291920342,0.4313299925602379,0.5053048576129034,0.46108235989722113
0.35453928506656124,0.38171963817005955,0.0,0.0,0.42239944111449046,0.40688360269526924,0.42456461152618397,0.43240576116215895,0.41354133865559667,0.3638502306559335,0.0,0.4646419235503822,0.42593002806932806,0.0,0.3359224927866067,0.0,0.34988033175408284,0.3258077807402898,0.0,0.3843536259535265,0.3666863528616774,0.37317230172641513,0.36937891916355053,0.3198963837984517,0.3577163399624577,0.3727719535613164,0.3939659608206037,0.4225335645286272,0.4048020465018573,0.40499283009176545,0.33388114273191083,0.37474667810385015,0.3112912561605674,0.3591945778436535,0.3917839791066912,0.6187240822915399,0.0,0.0,0.40146658531461793,0.39924942222367404,0.41569841477774666,0.40705499909409015,0.0,0.0,0.0,0.39960506515107436,0.43104763418534375,0.0,0.0,0.0,0.0,0.0,0.0,0.0,0.0,0.0,0.0,0.0,0.0,0.43169333450818326,0.4062119247737987,0.5429433884115576,0.3879528074333628,0.0,0.42104643026661953,0.0,0.4257669215821688,0.0,0.0,0.4126873556804097,0.4502282884948803,0.5231236862421945,0.0,0.44967117716046323,0.0,0.3943851186199999
0.0,0.3760102211795529,0.0,0.0,0.48401229676910057,0.0,0.4370029724031387,0.0,0.0,0.2967530922499473,0.5194222923739636,0.32853946292356156,0.4297108301998831,0.0,0.0,0.34988033175408284,0.0,0.31453561475929787,0.0,0.41447650270512365,0.0,0.37092118944890345,0.0,0.31589170869557054,0.31203186897628493,0.31919800868898174,0.0,0.411865380630412,0.43756439548005954,0.0,0.33470737672328027,0.37230587453772307,0.30194897294052986,0.3331468036185315,0.33034623716730355,0.4042074072835282,0.0,0.29368038850416744,0.0,0.37670067005976426,0.0,0.0,0.0,0.0,0.0,0.0,0.0,0.0,0.0,0.0,0.0,0.0,0.0,0.0,0.42045583648887647,0.0,0.435409075602415,0.0,0.0,0.0,0.0,0.41994448099785175,0.39359284585051063,0.0,0.0,0.0,0.0,0.0,0.4433261224994452,0.4034355527184829,0.4234083183226035,0.0,0.0,0.0,0.0,0.0
0.33800947532922176,0.3516281616590329,0.0,0.0,0.4807476020435785,0.38519653643481355,0.4172608376838314,0.43544779239153086,0.4895855280388891,0.3284685274491142,0.5511788715848056,0.33007193083282366,0.4175575071480798,0.0,0.30751393113510783,0.3258077807402898,0.31453561475929787,0.0,0.0,0.38164483738577826,0.36349369701436385,0.37514764382490307,0.38462558362035754,0.3167250581501469,0.3160823414651718,0.3393320429255572,0.38359862799732125,0.4073766460563542,0.3918302636371849,0.41152872758914916,0.3493364062343042,0.3885905740219077,0.29464421864573537,0.35059283028616883,0.3604374952471522,0.4246422190118927,0.0,0.3188164302026476,0.37253555552932655,0.3843298718317325,0.3740356384574029,0.423427649140471,0.0,0.0,0.0,0.39027831821149983,0.4191062685597597,0.0,0.0,0.0,0.0,0.0,0.0,0.0,0.39817325336136233,0.0,0.4203097188518236,0.0,0.0,0.0,0.3988507695784786,0.3571211834044057,0.39070143990128964,0.0,0.0,0.4833679983227152,0.4122281481672665,0.0,0.40736862626950987,0.4035158319238274,0.41461233775610407,0.0,0.0,0.0,0.0,0.40221001082511937
0.0,0.0,0.3075626327193459,0.4140186270269439,0.37687804534448854,0.3897295024984047,0.41155845341243363,0.3473073787840278,0.3352878228519539,0.4295019974615149,0.2684051270796948,0.49412831825984677,0.4232288132795685,0.38640099360213936,0.0,0.0,0.0,0.0,0.0,0.0,0.0,0.0,0.31686363983908006,0.0,0.0,0.0,0.38694702907431433,0.42250356609920725,0.0,0.0,0.4393637153161188,0.3881599664260957,0.3613375144438297,0.44042474402605497,0.41199128433022353,0.3769447217184692,0.4189060711638717,0.4595603201626536,0.5052394896008171,0.0,0.0,0.0,0.4741474406032683,0.0,0.0,0.0,0.0,0.5223472203646002,0.0,0.5286757513080317,0.5466539753766955,0.5966682054876461,0.5316320303975284,0.5376409147698881,0.0,0.4532965874691932,0.0,0.6284575027712482,0.5045827656535323,0.0,0.0,0.0,0.0,0.5231291580077864,0.0,0.0,0.0,0.5474010431869073,0.0,0.0,0.0,0.5470778973405201,0.6801243413299113,0.5119826040406976,0.0,0.0
0.41031305048473776,0.41995247227206367,0.0,0.425239945749701,0.3901253201419727,0.3958847228754962,0.4120419272794192,0.3672131675506586,0.3971093653156969,0.0,0.0,0.0,0.4127068703754517,0.0,0.28630644362853075,0.3843536259535265,0.41447650270512365,0.38164483738577826,0.0,0.0,0.3918992565546033,0.3669062510359011,0.2581414535254311,0.4015980704582887,0.367308745562364,0.39366580811505675,0.3237244436843452,0.3708416725478636,0.33354133046120915,0.3474059626105857,0.35201913637513277,0.4174061551168916,0.37596680792994647,0.41291526058216255,0.4513786053326863,0.4723041503445556,0.4465390209222664,0.0,0.44561726363508825,0.4432042965717258,0.47141055608961235,0.47694087320581824,0.5322371225979834,0.0,0.0,0.0,0.45703943050274864,0.0,0.0,0.0,0.46266992721443484,0.0,0.4694985534958165,0.0,0.0,0.0,0.0,0.5348154131362819,0.0,0.4391122296182626,0.0,0.0,0.0,0.0,0.4436548227465375,0.4419939869271496,0.42706131201818376,0.47163768425625546,0.0,0.0,0.45876035857094055,0.4642875156960041,0.48261009305331665,0.456272173881182,0.5575460065166526,0.47118012485724153
0.3661541448188434,0.4159112098146004,0.0,0.0,0.0,0.4005902573742565,0.0,0.37019808790621184,0.0,0.0,0.0,0.4035646868630421,0.4326499123695183,0.42731806471563105,0.35916174413727076,0.3666863528616774,0.0,0.36349369701436385,0.0,0.3918992565546033,0.0,0.4127432165403689,0.3589626621148788,0.4448122106890794,0.3610910290631601,0.37520357179175695,0.4043632839219263,0.4127818694798765,0.3948635718909196,0.0,0.3678413964649851,0.40601780689082645,0.3705774257663743,0.3957113881710788,0.4430446732140449,0.0,0.0,0.0,0.43707833571099325,0.4487431823193212,0.4646440394109104,0.4841423508745784,0.0,0.0,0.0,0.40210961509944937,0.47646153357888676,0.0,0.0,0.0,0.40954545085789923,0.0,0.41790883982276145,0.0,0.0,0.0,0.0,0.5054544054842548,0.0,0.4167865419936091,0.44533484535110984,0.0,0.48934872028848614,0.0,0.41499089536876443,0.39295518169061305,0.46342764937565323,0.44725533562620895,0.0,0.4652760330450524,0.49607151971860436,0.45552839764679426,0.46770981808679024,0.3824759014285019,0.5283151162494981,0.4679590753977848
0.4121694836168286,0.39481969905869957,0.0,0.4091423592803865,0.41862822274451944,0.4146234699573449,0.43139628964938936,0.4273889480257082,0.4147373595568292,0.0,0.0,0.0,0.43856833314428595,0.0,0.3193312348523702,0.37317230172641513,0.37092118944890345,0.37514764382490307,0.0,0.3669062510359011,0.4127432165403689,0.0,0.37096806755106787,0.3730114086502267,0.37479202862641686,0.392696966902962,0.40897786827387017,0.40569860651929673,0.38985650331484284,0.37798689163582083,0.35511376915447873,0.42156842656841903,0.37345175991099455,0.409222437136018,0.45544401303951176,0.48173403748869714,0.44381519951276527,0.0,0.4466843724348553,0.4527389102957445,0.46604706178812944,0.4808800176449405,0.0,0.807404165866182,0.0,0.43299149788146024,0.454607296935908,0.0,0.0,0.0,0.4446619757891066,0.0,0.4413767677761508,0.0,0.0,0.0,0.0,0.0,0.0,0.45560061557203,0.43940145221259935,0.0,0.4150571467396969,0.0,0.4276055072056976,0.46035707059666886,0.463501653746416,0.44596698299344667,0.0,0.4095798164228421,0.4922630034973989,0.4547881014160639,0.5184405168188292,0.4300784362699541,0.45935105083434985,0.45053656965631206
0.40808530094156586,0.39239676662200007,0.3146505203131835,0.3690158326528832,0.3810910734988322,0.3750658777395292,0.3931742948563289,0.35418663617714197,0.38176629520325983,0.4261409620309498,0.2741839892813556,0.45844948303441546,0.4013631161671697,0.3607954280916781,0.3474197832355246,0.36937891916355053,0.0,0.38462558362035754,0.31686363983908006,0.2581414535254311,0.3589626621148788,0.37096806755106787,0.0,0.45701803155775994,0.3678034009495981,0.4071481731483344,0.31312087187949306,0.39521920782577546,0.3722801677489177,0.3827714321160483,0.3907633568926502,0.3768931307631993,0.35661700976138827,0.41606334264007006,0.4217824917706206,0.3731044700006287,0.40411305680587567,0.44896923127509497,0.49205273528884447,0.0,0.5011566967336369,0.5132271475818341,0.4362905597223155,0.0,0.0,0.0,0.4637094351562403,0.5394736150288759,0.0,0.5338302105463499,0.5013066505669512,0.5349516494457148,0.4956697397561494,0.5348781221738035,0.0,0.4772300755391135,0.0,0.5181030118831045,0.4692496014544295,0.44684044557198654,0.0,0.0,0.0,0.5174007230940567,0.4685622800889744,0.46317274748432996,0.45261594116685167,0.5168002854424228,0.0,0.5646743520989355,0.46345311521130916,0.5089828845830707,0.4937545368475516,0.47591980444164567,0.498110943704515,0.504095739182268
0.3387981860442034,0.3374215797318291,0.0,0.28824581513451286,0.4274104098717605,0.5499716314639894,0.3897477241482699,0.4811400191304025,0.48351720222045746,0.2712501973662331,0.4086725803377486,0.26221982863844107,0.39402354646025234,0.0,0.3913176991254181,0.3198963837984517,0.31589170869557054,0.3167250581501469,0.0,0.4015980704582887,0.4448122106890794,0.3730114086502267,0.45701803155775994,0.0,0.3033161227743307,0.30420506806341013,0.4958249335110561,0.3597472128925906,0.3991436505665746,0.0,0.3021881684057663,0.3071508978845801,0.24450137931073232,0.23706496465680602,0.23903603736874948,0.3261667843924067,0.2554405490764965,0.2173625794162689,0.2795886101310586,0.3006735294734388,0.2968667832414094,0.0,0.0,0.0,0.2803310103290785,0.3653374719248315,0.40261292341757193,0.0,0.0,0.0,0.0,0.0,0.0,0.0,0.3953345175663161,0.0,0.4105473526972129,0.0,0.0,0.0,0.42232380977542494,0.42467284553682916,0.4096942317895232,0.0,0.0,0.0,0.0,0.0,0.3905060764216175,0.4235810939600769,0.42487737013436283,0.0,0.0,0.0,0.0,0.39907147923495895
0.323190003042584,0.37889990168653354,0.0,0.0,0.4221298822769909,0.35917715768886194,0.3968871076696971,0.40541998152239916,0.4088701414817331,0.30855876151667216,0.5199964547880089,0.31956371466844563,0.39295046462175276,0.4320302031189583,0.3075475724668139,0.3577163399624577,0.31203186897628493,0.3160823414651718,0.0,0.367308745562364,0.3610910290631601,0.37479202862641686,0.3678034009495981,0.3033161227743307,0.0,0.33650989649790947,0.36687872380139025,0.39427638234936535,0.36708693675812315,0.4564352959391344,0.34541656400939924,0.3616402725496733,0.27575733662690455,0.3251448647360381,0.32538590404130513,0.4483198058022125,0.0,0.28596543452864814,0.4104876608922903,0.40399790256689044,0.4064049002466276,0.42395740189156306,0.0,0.0,0.0,0.40563024551919713,0.43308135075616816,0.0,0.0,0.0,0.0,0.0,0.0,0.0,0.419259510748707,0.0,0.4272077576360324,0.0,0.0,0.4355975994430001,0.4166640493849064,0.405705793639773,0.40227646800566874,0.0,0.42651005192835667,0.4514337052796061,0.419458406964217,0.0,0.4160750943062433,0.4153882911972966,0.4260467176916189,0.0,0.5043900750636808,0.4314995346338961,0.0,0.4096005015755642
0.32905667463210037,0.39149142466535125,0.5500614042888837,0.0,0.4500194263716876,0.4049881487776092,0.40831353016371486,0.43643840885333723,0.4466479001558437,0.3011920862854863,0.0,0.27942584500787465,0.4064047573138725,0.0,0.35411655054585617,0.3727719535613164,0.31919800868898174,0.3393320429255572,0.0,0.39366580811505675,0.37520357179175695,0.392696966902962,0.4071481731483344,0.30420506806341013,0.33650989649790947,0.0,0.42055104921944464,0.4005737907219559,0.37248251129498094,0.0,0.34932675655332324,0.38913072387253106,0.31365258392723555,0.3615344356243267,0.3889334884144037,0.42323203211878835,0.0,0.28728513955119417,0.4481402959927033,0.42353788978393403,0.4536956880661115,0.4651671960470726,0.0,0.0,0.0,0.4204494898672086,0.4769190403419682,0.0,0.0,0.0,0.48501519781774355,0.0,0.0,0.0,0.4313556509976244,0.0,0.43618021178772814,0.0,0.0,0.4937171682233045,0.447505479685331,0.41988625005151103,0.418252239199077,0.0,0.4570867904769712,0.47777334633310015,0.4825639133857622,0.4718547514107288,0.42070898677555235,0.4290479404038283,0.4598166359457642,0.4698530661446777,0.48304346737834863,0.46169800206016,0.0,0.4245979918573491
0.41935761145410455,0.39965305725969535,0.33855048391673376,0.40174058112343186,0.38064790111878444,0.3605110223975993,0.4055617114358592,0.4202446942247384,0.34794182238549404,0.44782626732262665,0.3889009115376115,0.46928887144963993,0.40890239572019393,0.4230894121615777,0.381819799213392,0.3939659608206037,0.0,0.38359862799732125,0.38694702907431433,0.3237244436843452,0.4043632839219263,0.40897786827387017,0.31312087187949306,0.4958249335110561,0.36687872380139025,0.42055104921944464,0.0,0.39923811982472973,0.3560214588629671,0.3781947047342591,0.3787818629278183,0.3889745110204204,0.35643846579045924,0.4117368275492241,0.41853944902426454,0.4201354971420925,0.4141192982582421,0.4701488596909239,0.4840405094076149,0.0,0.4982956364315903,0.5208356468189667,0.5105844288005282,0.0,0.0,0.0,0.5005172098257612,0.557493914914137,0.0,0.5640518603834543,0.5035303337916501,0.5458800975095531,0.5000549558144315,0.5477546125367614,0.0,0.5222582345936133,0.0,0.5170960332624199,0.5325326268534668,0.4504448298436854,0.0,0.0,0.0,0.5456056065269316,0.46525355091405196,0.47022448308180675,0.4615967676548615,0.5180164716086615,0.0,0.0,0.4773726014061628,0.5030234967537555,0.4901441720172224,0.47757852907380466,0.5010835629484905,0.4989085091069222
0.4582214338103269,0.38441008519111575,0.43409199976403295,0.25123331961065154,0.30569216664719917,0.3909975361541622,0.32066480732359165,0.4177276064145027,0.43547524933111403,0.38831196859275474,0.4190001279725462,0.35736358839813165,0.336775118749764,0.24284744672168887,0.36098002600102963,0.4225335645286272,0.411865380630412,0.4073766460563542,0.42250356609920725,0.3708416725478636,0.4127818694798765,0.40569860651929673,0.39521920782577546,0.3597472128925906,0.39427638234936535,0.4005737907219559,0.39923811982472973,0.0,0.34042828201695313,0.30096433990609445,0.36447721786901394,0.377830163965467,0.3546464261076305,0.38468990779962475,0.33824775661265694,0.27626073421421043,0.2826747950439048,0.3382861261842689,0.3882947831684489,0.37344820817485264,0.44375325840742247,0.41685527630860014,0.4114677505945306,0.4710734024466049,0.0,0.0,0.0,0.6048702382750943,0.0,0.0,0.4807750855797526,0.0,0.4710902993948033,0.6443727038561897,0.0,0.6132595938452405,0.0,0.5617346232453765,0.0,0.46557421607100963,0.0,0.0,0.0,0.0,0.4554023624955721,0.4640709000241558,0.49161652456411215,0.4911126719942094,0.0,0.0,0.5098141599784822,0.47835451086565556,0.4923192030141722,0.46988069156211204,0.0,0.5108251727202044
0.43149388989996407,0.3931506581737734,0.3902769278300811,0.44106026676186183,0.38791802795272473,0.3453344970850753,0.415721626049858,0.38822768117634865,0.39242788993031247,0.0,0.5155680435551679,0.0,0.4024751377377339,0.4479721622653473,0.3489901502094658,0.4048020465018573,0.43756439548005954,0.3918302636371849,0.0,0.33354133046120915,0.3948635718909196,0.38985650331484284,0.3722801677489177,0.3991436505665746,0.36708693675812315,0.37248251129498094,0.3560214588629671,0.34042828201695313,0.0,0.33972017423024936,0.34392206330780706,0.3964699413313106,0.3313288495103997,0.39978681286203743,0.42286056519818765,0.452151562182469,0.43591794249469545,0.0,0.46648717826415786,0.0,0.49450228552449815,0.5186188348336985,0.48939216007027586,0.0,0.0,0.0,0.4533374719828939,0.566424960620008,0.0,0.6909274751856997,0.4749686119793306,0.596284787382898,0.4695351335805866,0.6336854941697454,0.0,0.5149092712892711,0.0,0.5147730558300464,0.3667286711970636,0.42551516153795016,0.0,0.0,0.0,0.5592474950517768,0.44430916567792045,0.4494845336785068,0.4322898026134764,0.47747707847761944,0.0,0.0,0.46132547737613044,0.46800440779459995,0.4807242010471012,0.45653027389551865,0.5051619302868048,0.4838988226723484
0.0,0.31129662408144737,0.4586186706917194,0.0,0.0,0.39823096887513315,0.0,0.3967951071355352,0.45493977970601474,0.4589020442294095,0.0,0.0,0.3979458296221366,0.0,0.34710788847166407,0.40499283009176545,0.0,0.41152872758914916,0.0,0.3474059626105857,0.0,0.37798689163582083,0.3827714321160483,0.0,0.4564352959391344,0.0,0.3781947047342591,0.30096433990609445,0.33972017423024936,0.0,0.3153717445268865,0.3955147873181107,0.33760619579928347,0.3798909250894322,0.3897450967018228,0.4460347014077542,0.43762848952228034,0.0,0.4790005329835941,0.0,0.5368761045572628,0.0,0.4772302457840677,0.0,0.0,0.0,0.0,0.8309208423926797,0.0,0.0,0.4971780954919983,0.0,0.0,0.0,0.0,0.0,0.0,0.0,0.0,0.0,0.0,0.0,0.0,0.0,0.4742898988140018,0.42800713350628217,0.0,0.48448986338826056,0.0,0.0,0.0,0.4795840622071901,0.5614572473621405,0.494818169625067,0.0,0.0
0.33489142111813375,0.34281634207262585,0.4415022202808875,0.3080953848561033,0.4168260038513841,0.4103972263042684,0.37677252733269334,0.4330435159997941,0.44670175789238376,0.3076678756418473,0.44179684351058474,0.31402869519888804,0.3864364705138937,0.33259026696547916,0.3520038100297036,0.33388114273191083,0.33470737672328027,0.3493364062343042,0.4393637153161188,0.35201913637513277,0.3678413964649851,0.35511376915447873,0.3907633568926502,0.3021881684057663,0.34541656400939924,0.34932675655332324,0.3787818629278183,0.36447721786901394,0.34392206330780706,0.3153717445268865,0.0,0.3607593156254127,0.30534756055899676,0.29762378851781895,0.23537881435296518,0.39371078356981354,0.31519009384572716,0.2824600341068407,0.4554436205321424,0.2508696171441778,0.4813520385564288,0.3375211596835794,0.0,0.0,0.2962511457242361,0.0,0.4081534938134885,0.6411274444509558,0.0,0.0,0.49815728775166906,0.0,0.0,0.0,0.3873468620729853,0.0,0.3914373015541835,0.0,0.0,0.42230962542013306,0.41517950159543515,0.3919312771110571,0.4042839552106835,0.0,0.45708214311205175,0.4576363066990107,0.4313320440154302,0.4940514640182977,0.44628271959828414,0.4094477410996871,0.4254880699921922,0.47914100593765785,0.5032148593956532,0.4635842898012815,0.0,0.0
0.3778029309519434,0.36799526968200985,0.40587396761862615,0.2987198286060762,0.32520791676817307,0.3921967940661353,0.3676795424368061,0.3463271240180705,0.41174867244532365,0.31660631727830923,0.39182896566062436,0.26813297537980646,0.38845618095191453,0.24442888562758142,0.402689236348956,0.37474667810385015,0.37230587453772307,0.3885905740219077,0.3881599664260957,0.4174061551168916,0.40601780689082645,0.42156842656841903,0.3768931307631993,0.3071508978845801,0.3616402725496733,0.38913072387253106,0.3889745110204204,0.377830163965467,0.3964699413313106,0.3955147873181107,0.3607593156254127,0.0,0.32702367665444,0.3946451089871815,0.3095167593255685,0.26952336187832876,0.32392777503918446,0.25611719645839487,0.26663941538959307,0.2840745410201623,0.28894419842951535,0.28567188618872674,0.3206289745359036,0.30067890706833245,0.23616968330067942,0.4262385536120674,0.43925578154370315,0.5332142332433792,0.40014481940152047,0.4830436865995356,0.48507624229660645,0.5086024730755646,0.44253707161510963,0.5343800252662814,0.4267215632351454,0.4804335608119437,0.0,0.4504733179668643,0.3596235377041008,0.44970446455044366,0.42329787849174605,0.4014572041064095,0.3976223669609009,0.544751840997947,0.44172798080882875,0.42830862588172314,0.46004874304801147,0.4832013026164861,0.0,0.41835785250799307,0.4597993023478855,0.4708726372782242,0.39775624038508806,0.4455985781952103,0.482934285676446,0.4635624702692735
0.3045949751792801,0.3382888161322789,0.0,0.0,0.3944909162668568,0.36897433692254683,0.39559202858154713,0.39690705917851754,0.4316699645731623,0.2633528122567479,0.4543805017453618,0.2583084982913642,0.39118960550679416,0.0,0.35871136450795393,0.3112912561605674,0.30194897294052986,0.29464421864573537,0.3613375144438297,0.37596680792994647,0.3705774257663743,0.37345175991099455,0.35661700976138827,0.24450137931073232,0.27575733662690455,0.31365258392723555,0.35643846579045924,0.3546464261076305,0.3313288495103997,0.33760619579928347,0.30534756055899676,0.32702367665444,0.0,0.2401719680859181,0.3234504082481248,0.2918073746515427,0.2957370262902082,0.1843296179136715,0.26740623469770886,0.23306685258707957,0.2537594254320255,0.2916870378238101,0.38719233247669593,0.3231185671746285,0.2590655011396275,0.37104186804757666,0.43607035572486424,0.0,0.0,0.0,0.0,0.0,0.0,0.0,0.34883149451656226,0.0,0.3543044040232104,0.36927928333107934,0.0,0.46578476315180467,0.4202876617822535,0.3349722802144037,0.3881125624964833,0.0,0.45363428057333144,0.0,0.45931331507175677,0.0,0.33575496174343344,0.3919097913166106,0.39870396592911933,0.0,0.3986306235657287,0.0,0.0,0.35633249690395274
0.34568082293713376,0.35569289344367766,0.44909829874031226,0.32429191721568085,0.42006921319346474,0.422567077545517,0.3991799373264579,0.438892630211668,0.4546005714208413,0.29222308354248006,0.44690944244836983,0.25738437614820303,0.41613565586882123,0.3624189866926274,0.4076459541194629,0.3591945778436535,0.3331468036185315,0.35059283028616883,0.44042474402605497,0.41291526058216255,0.3957113881710788,0.409222437136018,0.41606334264007006,0.23706496465680602,0.3251448647360381,0.3615344356243267,0.4117368275492241,0.38468990779962475,0.39978681286203743,0.3798909250894322,0.29762378851781895,0.3946451089871815,0.2401719680859181,0.0,0.31664579119746494,0.4108127646167464,0.3544269656273388,0.21615309658790105,0.290158286442897,0.2579636843416259,0.30460460386361426,0.3310108889023512,0.3813709301601418,0.31800702959562305,0.22374313786238814,0.41580521587457736,0.4395460063329535,0.0,0.0,0.0,0.4953709726037097,0.5155320919955209,0.0,0.0,0.32421608469959534,0.0,0.33314902125535445,0.46411770980619305,0.0,0.47275828896311567,0.42326660380924486,0.3949041359137437,0.40266871656709385,0.0,0.43602907374449634,0.4533543282436489,0.4555578109020603,0.4981544289341717,0.28568796472055746,0.41036805790437664,0.46468102260734406,0.48845296061952836,0.4289629285730288,0.4781280624540547,0.0,0.426166833731447
0.3962931623907613,0.4056937139832375,0.4314360458353586,0.27743376501840744,0.37140002885797996,0.4253159218175263,0.36314350133741274,0.42734417817929454,0.4463242494194925,0.29988863798462634,0.4296056847700308,0.27475648079368353,0.39915484802557194,0.0,0.445309960765434,0.3917839791066912,0.33034623716730355,0.3604374952471522,0.41199128433022353,0.4513786053326863,0.4430446732140449,0.45544401303951176,0.4217824917706206,0.23903603736874948,0.32538590404130513,0.3889334884144037,0.41853944902426454,0.33824775661265694,0.42286056519818765,0.3897450967018228,0.23537881435296518,0.3095167593255685,0.3234504082481248,0.31664579119746494,0.0,0.3624598710973682,0.3122217695097456,0.2473516075973189,0.2868018249217348,0.2619336414771181,0.3007328000256127,0.3094342103843184,0.3487338486459279,0.32997939988618535,0.22662202013242877,0.0,0.4547660502468807,0.0,0.31624405494385244,0.0,0.0,0.48102207189568463,0.0,0.0,0.34570909022381174,0.0,0.0,0.44989959286130415,0.0,0.4800607159550084,0.0,0.0,0.4561421273556236,0.0,0.46792181615725603,0.0,0.4576339865935998,0.48714726919341134,0.0,0.4214825933624312,0.470806598322462,0.48195791042828745,0.39273166323995845,0.5206728377678533,0.0,0.0
0.47716954940931144,0.0,0.40323996383051053,0.15211773843253737,0.2042639047058849,0.4099507099457265,0.2882258310713466,0.2575119744866771,0.401481492629421,0.38348989382077303,0.3388125016024054,0.33425027631734544,0.3204896226382047,0.1846630401398728,0.42860348932535836,0.6187240822915399,0.4042074072835282,0.4246422190118927,0.3769447217184692,0.4723041503445556,0.0,0.48173403748869714,0.3731044700006287,0.3261667843924067,0.4483198058022125,0.42323203211878835,0.4201354971420925,0.27626073421421043,0.452151562182469,0.4460347014077542,0.39371078356981354,0.26952336187832876,0.2918073746515427,0.4108127646167464,0.3624598710973682,0.0,0.23123013509145926,0.33044718759580777,0.29966488019091664,0.0,0.3039124215477484,0.31241371234578064,0.2999225575801163,0.3288002477710119,0.0,0.0,0.0,0.4565131265711738,0.39917085388656903,0.4088046781536632,0.47602048544298947,0.4598757326571095,0.3826091147498576,0.447041074951094,0.0,0.3763371197793933,0.0,0.4509055421008504,0.3391877904642764,0.0,0.0,0.0,0.0,0.45027066142491046,0.42157912257465113,0.0,0.0,0.45360231548689894,0.0,0.0,0.0,0.46781076886210027,0.42266291059115624,0.4251298784323159,0.0,0.0
0.0,0.0,0.4341635941092745,0.16885693494277923,0.24419778927038796,0.41607995912689494,0.2987392209986505,0.42240657574446483,0.43078054059857157,0.28748089143376465,0.4146114293878494,0.28929449861268014,0.31895673407619124,0.1460825962018556,0.0,0.0,0.0,0.0,0.4189060711638717,0.4465390209222664,0.0,0.44381519951276527,0.40411305680587567,0.2554405490764965,0.0,0.0,0.4141192982582421,0.2826747950439048,0.43591794249469545,0.43762848952228034,0.31519009384572716,0.32392777503918446,0.2957370262902082,0.3544269656273388,0.3122217695097456,0.23123013509145926,0.0,0.29761888869129954,0.27335263576490076,0.0,0.2914850496278588,0.3119608614058239,0.3240195323153919,0.29219394852706926,0.0,0.0,0.0,0.0,0.29044300248821553,0.0,0.0,0.0,0.0,0.0,0.0,0.0,0.0,0.5522859184606949,0.0,0.0,0.0,0.0,0.0,0.0,0.0,0.0,0.0,0.0,0.0,0.0,0.0,0.5956543960473855,0.39350973934729266,0.0,0.0,0.0
