0.0,0.34882189762564353,0.0,0.0,0.0,0.0,0.0,0.48100665206985777,0.0,0.0,0.0,0.0,0.0,0.0,0.3399044783802616,0.32616388476512914,0.0,0.29180846644836833,0.0,0.4287082459335177,0.36868459937504494,0.3795576512632267,0.42654389139321425,0.2860001188854616,0.34073370183839274,0.3111684089982268,0.4276893783934159,0.0,0.43727745844903154,0.0,0.2845337918533975,0.3530291133837482,0.25112125313589057,0.30865217578067483,0.3496565117939755,0.0,0.0,0.0,0.4322442871783544,0.40409200697304787,0.40654972138118556,0.4116335925849418,0.0,0.0,0.0,0.3650342967352176,0.41917887865873793,0.0,0.0,0.0,0.0,0.0,0.0,0.0,0.0,0.0,0.0,0.0,0.0,0.0,0.4095253193425576,0.0,0.3920860503489644,0.0,0.0,0.0,0.4126575342042773,0.0,0.3306657322008103,0.3980506588008537,0.4111079607055562,0.0,0.0,0.3900265244584273,0.0,0.40105913036728835
0.34882189762564353,0.0,0.0,0.0,0.3683860217322247,0.3579137467319895,0.39022382949049583,0.4278621067069387,0.3585115331663659,0.36423164383472695,0.0,0.0,0.39573523311530673,0.0,0.37532504092738284,0.3307040080350021,0.34408127734280286,0.3151858612377976,0.0,0.37603373303640697,0.36955236025971283,0.35440280467662505,0.3927106627380103,0.0,0.31861067728742576,0.33554667206590266,0.37310458659297596,0.3736152931530372,0.35505731529521023,0.3280298864487673,0.304954251293313,0.3501644312902288,0.27422715191462216,0.31936620076077255,0.3583368005101939,0.0,0.0,0.0,0.4203070102474163,0.3905554808275586,0.3909214207364434,0.4401300876558288,0.0,0.0,0.0,0.3993169733703323,0.3969804553787903,0.0,0.0,0.0,0.0,0.0,0.0,0.0,0.0,0.0,0.0,0.0,0.0,0.4286038266798364,0.396077351932395,0.0,0.39763829409326845,0.0,0.0,0.42633262835115476,0.4249893772267637,0.0,0.0,0.39385435980567934,0.42173374505993977,0.0,0.0,0.42688344358971064,0.0,0.3816489403231544
0.0,0.0,0.0,0.4462431540827862,0.33605648301878177,0.3154261862234582,0.39618133963687174,0.42112723755170145,0.2504309337588865,0.0,0.2838286978893564,0.0,0.4078491662759512,0.39473455209652647,0.0,0.0,0.0,0.0,0.27004354128506747,0.0,0.0,0.0,0.25511222094441827,0.0,0.0,0.0,0.2984228312936329,0.3934044815498075,0.0,0.0,0.4070196421588262,0.3818224465624253,0.0,0.4042065459863214,0.0,0.38623716679347425,0.0,0.0,0.0,0.0,0.0,0.0,0.4635358968037111,0.0,0.0,0.0,0.0,0.3565922089339534,0.0,0.4251649957431575,0.5065602956137397,0.0,0.5089488721375649,0.48496043499673025,0.0,0.25243534078861546,0.0,0.0,0.44973006381594544,0.0,0.0,0.0,0.0,0.1772950008961999,0.0,0.0,0.0,0.5065272798533624,0.0,0.0,0.0,0.504674869475102,0.0,0.0,0.0,0.0
0.0,0.0,0.4462431540827862,0.0,0.27067377510338664,0.0,0.23684799652823563,0.35731561012405494,0.40381123317175865,0.0,0.3247360206670512,0.0,0.2516837331017463,0.2634123014965145,0.0,0.0,0.0,0.0,0.3596868674564499,0.4366688947622934,0.0,0.4281828770128468,0.37657665637672383,0.0,0.0,0.0,0.39595439581392833,0.23045307267294962,0.0,0.0,0.0,0.2742631742723458,0.0,0.2572997496014018,0.2935853649639188,0.19408711707009355,0.17695142036194958,0.0,0.0,0.0,0.0,0.0,0.0,0.0,0.0,0.0,0.0,0.0,0.0,0.0,0.0,0.0,0.0,0.0,0.0,0.0,0.0,0.0,0.0,0.0,0.0,0.0,0.0,0.0,0.0,0.0,0.0,0.0,0.0,0.0,0.0,0.0,0.0,0.0,0.0,0.0
0.0,0.3683860217322247,0.33605648301878177,0.27067377510338664,0.0,0.3397696460551879,0.31049918273342453,0.37216576865217965,0.31404624373661755,0.4125470191704127,0.27822899292896075,0.0,0.34097881295944726,0.2649363729437939,0.0,0.0,0.0,0.0,0.318285675842704,0.3472696189548139,0.0,0.3630133971042913,0.336735512083915,0.0,0.36331305208685294,0.0,0.3484719966654129,0.35069424035224195,0.3421530086444066,0.0,0.3818219836865447,0.34831481416095966,0.0,0.37685114170910644,0.3743845406873507,0.25488338212397,0.16501053670022087,0.0,0.0,0.0,0.0,0.0,0.4281792872629067,0.0,0.0,0.0,0.0,0.49682320051317497,0.0,0.0,0.5052512934618791,0.0,0.0,0.0,0.0,0.0,0.0,0.0,0.0,0.0,0.0,0.0,0.0,0.0,0.0,0.0,0.0,0.48161253055783915,0.0,0.0,0.0,0.0,0.0,0.0,0.0,0.0
0.0,0.3579137467319895,0.3154261862234582,0.0,0.3397696460551879,0.0,0.37030219981118245,0.3713592606588268,0.3141563648956316,0.3894345926918845,0.3505658876595055,0.0,0.3543952727966631,0.4027955831116362,0.37977911637324513,0.3680289300613294,0.0,0.3856599619409888,0.37147346577351037,0.3642532168627429,0.39809937151307395,0.38009911459516865,0.3467883278355894,0.0,0.32459145660564814,0.3555359225498433,0.3331387851798013,0.326522050410024,0.30548648005935486,0.37059073622991723,0.38704385976470285,0.3800872889848424,0.36841929727495204,0.3910604856053885,0.38600687670284706,0.37920631737061294,0.0,0.4238273322807894,0.48100049916224086,0.0,0.4811772535419405,0.0,0.46117445929997286,0.0,0.0,0.0,0.0,0.4848403157904871,0.0,0.0,0.4541648022182331,0.0,0.45095625553529123,0.483414419189889,0.0,0.0,0.0,0.47690460106647764,0.0,0.0,0.0,0.0,0.0,0.0,0.47876974108483905,0.0,0.0,0.47327057945096135,0.0,0.0,0.0,0.46689497806609753,0.4670348357806539,0.45676359099036523,0.0,0.47409090025798234
0.0,0.39022382949049583,0.39618133963687174,0.23684799652823563,0.31049918273342453,0.37030219981118245,0.0,0.4285898327369818,0.36114688287537217,0.3667451972071962,0.3652691583446553,0.376105997171088,0.32300611365430837,0.29528391101774165,0.0,0.4134007071753345,0.0,0.4009680579566344,0.3772783779138239,0.38989442747135283,0.0,0.4202555105530028,0.38452088306124554,0.0,0.377849344344873,0.3844967754033517,0.38274368043614615,0.29858137640867943,0.3938994614172911,0.0,0.3863901069855834,0.36536966201265536,0.37272124054760664,0.3546036908389724,0.32107275065754104,0.24414788876213053,0.2589091809267624,0.3235545632025236,0.0,0.0,0.0,0.0,0.0,0.0,0.0,0.0,0.0,0.556871512099391,0.0,0.0,0.0,0.0,0.5136547562054247,0.0,0.0,0.0,0.0,0.0,0.0,0.0,0.0,0.0,0.0,0.0,0.0,0.0,0.0,0.4851843703128094,0.0,0.0,0.0,0.5149784202402712,0.0,0.0,0.0,0.0
0.48100665206985777,0.4278621067069387,0.42112723755170145,0.35731561012405494,0.37216576865217965,0.3713592606588268,0.4285898327369818,0.0,0.42482744643121206,0.0,0.3230116764316255,0.0,0.42011582008449494,0.35043608607282545,0.3686336066657683,0.0,0.0,0.0,0.4196807200845957,0.3519513413333038,0.38795529002355594,0.0,0.3435936310751281,0.4723512547349078,0.4168711574929681,0.42490810511502514,0.398731201525058,0.38876403767968193,0.3621774957472624,0.39678594213366836,0.4140300362955491,0.399162807400077,0.38278225121547044,0.4068850975020428,0.3970713627382606,0.27519084346409217,0.22727282252626282,0.0,0.49691443482172704,0.0,0.5576981304620537,0.0,0.35095782819823806,0.0,0.0,0.0,0.0,0.4482973415948523,0.0,0.0,0.4252092825709655,0.46542299229793094,0.34305608118711556,0.4458615366513456,0.0,0.0,0.0,0.4480392996555287,0.40320424280431016,0.5022247517296725,0.0,0.0,0.0,0.43474011479680646,0.47915163386140824,0.5162718870763857,0.0,0.42210172514329336,0.0,0.0,0.0,0.45966028326152897,0.44729971082138625,0.4640004175193481,0.0,0.48488820724824677
0.0,0.3585115331663659,0.2504309337588865,0.40381123317175865,0.31404624373661755,0.3141563648956316,0.36114688287537217,0.42482744643121206,0.0,0.40646320942252123,0.2606349105216813,0.4232785353932219,0.33256569080026943,0.3695517616369683,0.0,0.0,0.0,0.0,0.28059078277908156,0.3290357908124718,0.0,0.3594574920347866,0.3537940858039632,0.47087966783343144,0.0,0.0,0.3022664197367737,0.3780069179263711,0.34640029679416867,0.0,0.38918235942162066,0.3710661279207575,0.42389176109188004,0.3890523282473111,0.38623761708863197,0.3560100164792812,0.0,0.40297357435166886,0.0,0.0,0.0,0.0,0.45181520361535615,0.0,0.0,0.0,0.0,0.4840923264437762,0.0,0.0,0.46813258742452507,0.0,0.504601810825235,0.501991662071052,0.0,0.4432199277786137,0.0,0.0,0.47387604834066993,0.0,0.0,0.0,0.0,0.0,0.0,0.0,0.0,0.4970340025377784,0.0,0.0,0.0,0.4863926854396519,0.0,0.0,0.0,0.0
0.0,0.36423164383472695,0.0,0.0,0.4125470191704127,0.3894345926918845,0.3667451972071962,0.0,0.40646320942252123,0.0,0.4055242650394581,0.2444525320107763,0.3669133366606883,0.0,0.0,0.3184054757600102,0.28056167115600117,0.3012311785825159,0.41276475973584026,0.4766320497379951,0.4194988954486486,0.3593593643946114,0.3985517827023785,0.25680082496374385,0.2904685178261311,0.29183140501368243,0.0,0.3603362976764938,0.0,0.0,0.289565767455561,0.3316909578820795,0.282073756759875,0.2925554660852088,0.25893516045026754,0.3236091209710845,0.26955758217637554,0.2694273814994521,0.37257675027786225,0.3413454771942877,0.33928782244402694,0.0,0.0,0.0,0.33653950533268767,0.41103120800764525,0.0,0.0,0.0,0.3816050301977627,0.0,0.0,0.0,0.0,0.37651352356966505,0.0,0.38231048549018265,0.43376720677199593,0.0,0.0,0.0,0.36797305005595465,0.3635158686616276,0.0,0.0,0.0,0.0,0.0,0.37299264736666693,0.3685889265054245,0.3895337257404717,0.0,0.3895064081304736,0.0,0.0,0.3583349937161423
0.0,0.0,0.2838286978893564,0.3247360206670512,0.27822899292896075,0.3505658876595055,0.3652691583446553,0.3230116764316255,0.2606349105216813,0.4055242650394581,0.0,0.42416159123314867,0.37507786628123485,0.2634457290848241,0.0,0.0,0.0,0.5836492410076898,0.2790749738611509,0.0,0.0,0.0,0.28609482044733214,0.4485720925552609,0.5387462617957636,0.0,0.356884630791414,0.3690488090099919,0.0,0.0,0.3986527950467756,0.35322743640050736,0.43955153630298993,0.38895591878299174,0.37603017384296705,0.2826490773748061,0.0,0.4010029168242607,0.0,0.0,0.0,0.0,0.3976658412706602,0.0,0.0,0.0,0.0,0.3527757053049267,0.0,0.0,0.490551913338248,0.0,0.0,0.4541338259301308,0.0,0.14418144606307268,0.0,0.0,0.4238666548961323,0.0,0.0,0.0,0.0,0.12765727948162947,0.0,0.0,0.0,0.4755159910486127,0.0,0.0,0.0,0.48585573603308485,0.0,0.0,0.0,0.0
0.0,0.0,0.0,0.0,0.0,0.0,0.376105997171088,0.0,0.4232785353932219,0.2444525320107763,0.42416159123314867,0.0,0.3726915296073485,0.0,0.0,0.0,0.2981374056730111,0.30910640859217436,0.0,0.0,0.0,0.0,0.43701225215567124,0.24512895939482923,0.30992156637712354,0.27991569335443056,0.4467176637260007,0.35713168054788447,0.0,0.0,0.31450076104831104,0.2914778280538438,0.2900858090510093,0.27668697621820665,0.2968190077444242,0.25647062419034894,0.2407153874311611,0.23126066736302722,0.0,0.3650625048326883,0.3619469361779572,0.0,0.0,0.0,0.35040455900102035,0.4436424567953585,0.0,0.0,0.0,0.5095720578468376,0.0,0.0,0.0,0.0,0.39098041770978975,0.0,0.3902894955363753,0.44392799827929763,0.0,0.0,0.0,0.38143333748850344,0.37230270996328607,0.0,0.0,0.0,0.0,0.0,0.38036968205993094,0.3795249480370751,0.40175084367761266,0.0,0.4105469448673309,0.0,0.0,0.3777704988653171
0.0,0.39573523311530673,0.4078491662759512,0.2516837331017463,0.34097881295944726,0.3543952727966631,0.32300611365430837,0.42011582008449494,0.33256569080026943,0.3669133366606883,0.37507786628123485,0.3726915296073485,0.0,0.3163396217090128,0.0,0.41641234366033714,0.38425387667943905,0.39262011522245593,0.387853734245956,0.3804269962562976,0.43750491872740205,0.41918239543848584,0.39815938335950757,0.3722366808104881,0.3794569143500985,0.3731827685204584,0.38932514130285734,0.31355167109920545,0.36071351295785836,0.0,0.3615286780445885,0.35710746371935004,0.37560627633072446,0.35404686745028663,0.33565548513887816,0.3002259835079493,0.29044336015164407,0.3339224462854323,0.0,0.0,0.0,0.0,0.0,0.0,0.0,0.0,0.0,0.0,0.0,0.0,0.48955471072845813,0.0,0.4724733309839507,0.0,0.0,0.0,0.0,0.0,0.0,0.0,0.0,0.0,0.0,0.0,0.0,0.0,0.0,0.482908897105002,0.0,0.0,0.0,0.475598235425032,0.0,0.5017009905564705,1.0,0.0
0.0,0.0,0.39473455209652647,0.2634123014965145,0.2649363729437939,0.4027955831116362,0.29528391101774165,0.35043608607282545,0.3695517616369683,0.0,0.2634457290848241,0.0,0.3163396217090128,0.0,0.0,0.0,0.0,0.0,0.35373877138344473,0.0,0.0,0.0,0.370255289030209,0.0,0.0,0.0,0.4167728676934765,0.2947474302542103,0.0,0.0,0.3810016512035646,0.26157715534228626,0.0,0.0,0.0,0.21176969167758894,0.1580145708257672,0.0,0.0,0.0,0.0,0.0,0.0,0.0,0.0,0.0,0.0,0.0,0.0,0.0,0.0,0.0,0.0,0.0,0.0,0.0,0.0,0.0,0.0,0.0,0.0,0.0,0.0,0.0,0.0,0.0,0.0,0.0,0.0,0.0,0.0,0.0,0.0,0.0,0.0,0.0
0.3399044783802616,0.37532504092738284,0.0,0.0,0.0,0.37977911637324513,0.0,0.3686336066657683,0.0,0.0,0.0,0.0,0.0,0.0,0.0,0.3115713753367451,0.0,0.2866318662154499,0.0,0.3215776717823608,0.3560120085953582,0.3551402998583905,0.35781606516501263,0.0,0.29655243794861386,0.34326977828318556,0.36419109205943806,0.33639801927080787,0.36104408494641227,0.3616065574247416,0.34292575087943944,0.38692450647783183,0.32470770446213437,0.384167996351075,0.40738716522503987,0.4217498738569736,0.0,0.0,0.4567699684652919,0.45021196576111294,0.4552492475817411,0.487521577257571,0.0,0.0,0.0,0.0,0.4663754762426598,0.0,0.0,0.0,0.0,0.0,0.0,0.0,0.0,0.0,0.0,0.0,0.0,0.44171155907494775,0.4615674944297578,0.0,0.0,0.0,0.40257268650783723,0.439265033035863,0.46345558494524325,0.44475176915811326,0.0,0.0,0.4724840959330137,0.4547834965074131,0.0,0.443457207039376,0.0,0.4497909712134747
0.32616388476512914,0.3307040080350021,0.0,0.0,0.0,0.3680289300613294,0.4134007071753345,0.0,0.0,0.3184054757600102,0.0,0.0,0.41641234366033714,0.0,0.3115713753367451,0.0,0.29729429362106213,0.28934197954013796,0.0,0.3335654658584725,0.3414860565995009,0.3141651614339596,0.34210465139921775,0.0,0.3292638907694723,0.3147303842411478,0.37154176819627566,0.3951185313157444,0.3738071546403274,0.35836517742065743,0.29989260885537344,0.38462063753868625,0.3059512458142777,0.3226018725004163,0.3817289572246632,0.0,0.0,0.0,0.3967304596344199,0.3784543440633819,0.3765137176548392,0.42021244297948956,0.0,0.0,0.0,0.3753946750181351,0.3817806018573819,0.0,0.0,0.0,0.0,0.0,0.0,0.0,0.0,0.0,0.0,0.0,0.0,0.4263914535356926,0.3847332792438276,0.0,0.37748210484259,0.0,0.0,0.0,0.39604987653954393,0.0,0.0,0.3811901241463084,0.39734231776520607,0.0,0.0,0.0,0.0,0.3744788684315084
0.0,0.34408127734280286,0.0,0.0,0.0,0.0,0.0,0.0,0.0,0.28056167115600117,0.0,0.2981374056730111,0.38425387667943905,0.0,0.0,0.29729429362106213,0.0,0.2731279283022505,0.0,0.34386397725278145,0.0,0.3260707108083869,0.0,0.2956199544888747,0.290232868367412,0.3077100932002215,0.5960460169435355,0.35235465166562735,0.4021481182019276,0.5420348039236336,0.2789369367138664,0.36151095587204496,0.2863893957324931,0.30954863800259813,0.3468422020141187,0.0,0.0,0.0,0.0,0.3275570427179445,0.0,0.0,0.0,0.0,0.0,0.44831948716347064,0.0,0.0,0.0,0.0,0.0,0.0,0.0,0.0,0.4008008266159553,0.0,0.3929360338414647,0.0,0.0,0.0,0.0,0.0,0.0,0.0,0.0,0.0,0.0,0.0,0.41025986114112273,0.39274806880450236,0.3848309805315535,0.0,0.0,0.0,0.0,0.0
0.29180846644836833,0.3151858612377976,0.0,0.0,0.0,0.3856599619409888,0.4009680579566344,0.0,0.0,0.3012311785825159,0.5836492410076898,0.30910640859217436,0.39262011522245593,0.0,0.2866318662154499,0.28934197954013796,0.2731279283022505,0.0,0.0,0.3306256360844158,0.2797760661850086,0.31963862434434454,0.328203702906991,0.30021874482618344,0.30401267867554604,0.3011443386417707,0.3648293774944766,0.3632550948703239,0.35196681092263016,0.3339026847127875,0.3004685112682208,0.3785591007219441,0.2941012917331413,0.32019728454853247,0.3694656944474135,0.0,0.0,0.0,0.3540228038431928,0.32771423050732407,0.31999199026648517,0.0,0.0,0.0,0.0,0.35950825880413834,0.3576156025026375,0.0,0.0,0.0,0.0,0.0,0.0,0.0,0.3833035301580584,0.0,0.3934998017878549,0.0,0.0,0.0,0.35674214164203055,0.3660368177021538,0.3349733675913701,0.0,0.0,0.0,0.345753014536282,0.0,0.4008366391245963,0.3466682396254676,0.36339303837902126,0.0,0.0,0.0,0.0,0.34205820084184657
0.0,0.0,0.27004354128506747,0.3596868674564499,0.318285675842704,0.37147346577351037,0.3772783779138239,0.4196807200845957,0.28059078277908156,0.41276475973584026,0.2790749738611509,0.0,0.387853734245956,0.35373877138344473,0.0,0.0,0.0,0.0,0.0,0.0,0.0,0.0,0.3286877292437255,0.6715326011083472,0.0,0.0,0.3606584236648147,0.36816031777159236,0.0,0.0,0.39730624386776875,0.3697868246842075,0.49454931648837974,0.3967224392210433,0.37904969702446134,0.3556699566238583,0.0,0.4349341158507016,0.0,0.0,0.0,0.0,0.4556490843686541,0.0,0.0,0.0,0.0,0.4919561192261661,0.0,0.0,0.5182937171222493,0.0,0.5299730258317391,0.5069249087061475,0.0,0.27318921565781085,0.0,0.0,0.49878091822785753,0.0,0.0,0.0,0.0,0.48101064273367966,0.0,0.0,0.0,0.5156568480347534,0.0,0.0,0.0,0.518827075287473,0.0,0.0,0.0,0.0
0.4287082459335177,0.37603373303640697,0.0,0.4366688947622934,0.3472696189548139,0.3642532168627429,0.38989442747135283,0.3519513413333038,0.3290357908124718,0.4766320497379951,0.0,0.0,0.3804269962562976,0.0,0.3215776717823608,0.3335654658584725,0.34386397725278145,0.3306256360844158,0.0,0.0,0.398093584200635,0.33575292304074894,0.34148886684130747,0.0,0.3325733939749263,0.3456038466226481,0.31470465893640287,0.2960501599842671,0.3075809509315762,0.3296633501768358,0.3329051118055572,0.414398633215577,0.35315487788917493,0.39940465717952195,0.4248047049187369,0.4542135960362623,0.44679244889356734,0.5743179605375707,0.4395886697761356,0.43798273173907765,0.4505904218251286,0.46692297860085696,0.0,0.0,0.0,0.0,0.43605771430101736,0.0,0.0,0.0,0.0,0.0,0.0,0.0,0.0,0.0,0.0,0.0,0.0,0.4316442385953954,0.0,0.0,0.0,0.0,0.43643899959511917,0.42545975497435484,0.4417274142221861,0.4428599871685677,0.0,0.0,0.4364867185682637,0.4544219291325814,0.0,0.4407457187203391,0.0,0.4513262467668755
0.36868459937504494,0.36955236025971283,0.0,0.0,0.0,0.39809937151307395,0.0,0.38795529002355594,0.0,0.4194988954486486,0.0,0.0,0.43750491872740205,0.0,0.3560120085953582,0.3414860565995009,0.0,0.2797760661850086,0.0,0.398093584200635,0.0,0.4053445097771993,0.36831234089774034,0.4201209219700089,0.3240804051809009,0.3346679199963605,0.3916038099634043,0.40772367002216386,0.391908838355198,0.4221399084393004,0.3567321083628914,0.4214924261244237,0.3103053369888961,0.38703609200790084,0.4335857432045148,0.0,0.0,0.0,0.4927942717849445,0.43276960029539957,0.4568416817144602,0.49445950548302575,0.0,0.0,0.0,0.3766211068128667,0.4472538541192599,0.0,0.0,0.0,0.42606642315470283,0.0,0.3235327811781664,0.0,0.0,0.0,0.0,0.5173989828163547,0.0,0.44211689880610755,0.42580252053945816,0.0,0.0,0.0,0.4521304903975967,0.4350363271940269,0.4409398269504427,0.462641678297153,0.0,0.0,0.4483876600174739,0.4674682069028867,0.0,0.4732117306702248,0.0,0.4843292146536392
0.3795576512632267,0.35440280467662505,0.0,0.4281828770128468,0.3630133971042913,0.38009911459516865,0.4202555105530028,0.0,0.3594574920347866,0.3593593643946114,0.0,0.0,0.41918239543848584,0.0,0.3551402998583905,0.3141651614339596,0.3260707108083869,0.31963862434434454,0.0,0.33575292304074894,0.4053445097771993,0.0,0.38488243991162074,0.0,0.32499748610967405,0.3432876752349141,0.3775134599942684,0.3764507192064074,0.3547306533335703,0.3445644414340205,0.3381658724414022,0.38640383956875707,0.33411335171898005,0.37869016896633095,0.4121344762647828,0.46330105868232535,0.45089954287498213,0.0,0.4431859154073907,0.4177511905713282,0.4397987822063557,0.4761854219713343,0.0,0.0,0.0,0.4186187195690039,0.4396089442607359,0.0,0.0,0.0,0.43380645358790104,0.0,0.0,0.0,0.0,0.0,0.0,0.0,0.0,0.45478420020578963,0.4105023663897556,0.0,0.40752942432580885,0.0,0.43197947040331436,0.4460430892354127,0.4460970444446675,0.4456220043135485,0.0,0.3906340986923671,0.45693406899207983,0.4442288586394574,0.0,0.43287084126065195,0.0,0.4274481694561179
0.42654389139321425,0.3927106627380103,0.25511222094441827,0.37657665637672383,0.336735512083915,0.3467883278355894,0.38452088306124554,0.3435936310751281,0.3537940858039632,0.3985517827023785,0.28609482044733214,0.43701225215567124,0.39815938335950757,0.370255289030209,0.35781606516501263,0.34210465139921775,0.0,0.328203702906991,0.3286877292437255,0.34148886684130747,0.36831234089774034,0.38488243991162074,0.0,0.43914580886792703,0.34466768694274336,0.3729818941912523,0.30280193981645503,0.37176300346121044,0.35698483072663373,0.37353630978172764,0.38733325500554927,0.3835640666380355,0.3517601002174735,0.3958568127967113,0.41159407549342375,0.36238669015275726,0.3856173725966299,0.4434383356118168,0.48114374793552595,0.4251041008720083,0.5038041140886871,0.48106781433027795,0.4191219221075037,0.0,0.0,0.40289755936857957,0.4602996561922304,0.47349098094508413,0.0,0.0,0.466583296721818,0.4821045581577391,0.44673068536968874,0.49144780004980326,0.0,0.43049797018330604,0.0,0.4868917181475337,0.46151803615282444,0.4560255661708578,0.0,0.0,0.0,0.47292563543294186,0.46668812842632373,0.458861670360002,0.4489916166554129,0.47322044951575204,0.0,0.0,0.4505607880393584,0.48105748654686176,0.4761170668473073,0.47380909387944936,0.48968955612314574,0.48103276062662703
0.2860001188854616,0.0,0.0,0.0,0.0,0.0,0.0,0.4723512547349078,0.47087966783343144,0.25680082496374385,0.4485720925552609,0.24512895939482923,0.3722366808104881,0.0,0.0,0.0,0.2956199544888747,0.30021874482618344,0.6715326011083472,0.0,0.4201209219700089,0.0,0.43914580886792703,0.0,0.3183804393482849,0.31594903439646693,0.0,0.3575283396331219,0.0,0.0,0.3159611019917517,0.36383168890141643,0.2520452897393433,0.26420993534155685,0.3516881042299292,0.3720614456979684,0.0,0.22518390617501355,0.4033630356197203,0.35835237866809666,0.37356191034706354,0.0,0.0,0.0,0.32357364621156137,0.3590773604057203,0.0,0.0,0.0,0.0,0.0,0.0,0.0,0.0,0.3749911447224949,0.0,0.38422255575962877,0.0,0.0,0.0,0.4029596548624363,0.3912925757955006,0.38709641504710873,0.0,0.0,0.0,0.0,0.0,0.38591036351681274,0.39393821208001056,0.4024571329157269,0.0,0.3077160604646247,0.0,0.0,0.35672096373674095
0.34073370183839274,0.31861067728742576,0.0,0.0,0.36331305208685294,0.32459145660564814,0.377849344344873,0.4168711574929681,0.0,0.2904685178261311,0.5387462617957636,0.30992156637712354,0.3794569143500985,0.0,0.29655243794861386,0.3292638907694723,0.290232868367412,0.30401267867554604,0.0,0.3325733939749263,0.3240804051809009,0.32499748610967405,0.34466768694274336,0.3183804393482849,0.0,0.29966953618480763,0.3301098094716558,0.3583555239175531,0.3361488182411759,0.40491495982560977,0.3082938872022058,0.3494278050877978,0.2740913659950688,0.3104085067413194,0.35130345699237825,0.38030485719130647,0.0,0.0,0.40901655782517354,0.36556364250660006,0.38216834468833666,0.4283998938230203,0.0,0.0,0.0,0.38572844945032436,0.3889933119100992,0.0,0.0,0.0,0.0,0.0,0.0,0.0,0.38734457499096736,0.0,0.3886071901818585,0.0,0.0,0.42203420218356963,0.3906925562094188,0.3746769244126495,0.36841638509979296,0.0,0.43119541742258477,0.0,0.3912877092079946,0.0,0.39813459582991567,0.3717878362344903,0.3873883681891502,0.0,0.0,0.41916297831848354,0.0,0.3657650324250594
0.3111684089982268,0.33554667206590266,0.0,0.0,0.0,0.3555359225498433,0.3844967754033517,0.42490810511502514,0.0,0.29183140501368243,0.0,0.27991569335443056,0.3731827685204584,0.0,0.34326977828318556,0.3147303842411478,0.3077100932002215,0.3011443386417707,0.0,0.3456038466226481,0.3346679199963605,0.3432876752349141,0.3729818941912523,0.31594903439646693,0.29966953618480763,0.0,0.38728814800542455,0.35416244118102863,0.31906568533049995,0.3825517483647811,0.30656027944356273,0.3561541993850173,0.2916512120137876,0.3207695508098344,0.3685207972500954,0.374154064926166,0.0,0.2997076397427912,0.42306197675342266,0.39874965752232,0.4092453480769316,0.44659355991638405,0.0,0.0,0.0,0.3935655895067788,0.4209479661558962,0.0,0.0,0.0,0.46336653434605324,0.0,0.0,0.0,0.4097871916160755,0.0,0.4112042940974755,0.0,0.0,0.4617991385851582,0.403999978684969,0.39484957391962233,0.382138520048294,0.0,0.433902479305335,0.45121242964374997,0.4437400970291126,0.0,0.4146275821045093,0.393616399745871,0.41638742294072584,0.45723203886559566,0.4651364797616788,0.42897257015270385,0.0,0.38760702498491
0.4276893783934159,0.37310458659297596,0.2984228312936329,0.39595439581392833,0.3484719966654129,0.3331387851798013,0.38274368043614615,0.398731201525058,0.3022664197367737,0.0,0.356884630791414,0.4467176637260007,0.38932514130285734,0.4167728676934765,0.36419109205943806,0.37154176819627566,0.5960460169435355,0.3648293774944766,0.3606584236648147,0.31470465893640287,0.3916038099634043,0.3775134599942684,0.30280193981645503,0.0,0.3301098094716558,0.38728814800542455,0.0,0.3648383042002795,0.3276859866965726,0.35860078987512034,0.35944117551396937,0.38672515014161446,0.34909157417409004,0.39003331093243726,0.4028988593827535,0.3954779554444466,0.39492689880954396,0.44520143639797377,0.4686200242118286,0.0,0.47775455699507213,0.4786962124015987,0.46446647220266113,0.0,0.0,0.0,0.0,0.4976568684156643,0.0,0.0,0.46232658877395505,0.48451153324573054,0.4623276209051435,0.49463643095088866,0.0,0.5258704748564174,0.0,0.4788212140281388,0.48815381867832175,0.4509257887276624,0.0,0.0,0.0,0.0,0.45981622043899584,0.4540083838490736,0.44775580357771605,0.4754060592731088,0.0,0.0,0.46710333622272077,0.4709500007779775,0.4642786894677864,0.4663071040805568,0.0,0.4742165498591157
0.0,0.3736152931530372,0.3934044815498075,0.23045307267294962,0.35069424035224195,0.326522050410024,0.29858137640867943,0.38876403767968193,0.3780069179263711,0.3603362976764938,0.3690488090099919,0.35713168054788447,0.31355167109920545,0.2947474302542103,0.33639801927080787,0.3951185313157444,0.35235465166562735,0.3632550948703239,0.36816031777159236,0.2960501599842671,0.40772367002216386,0.3764507192064074,0.37176300346121044,0.3575283396331219,0.3583555239175531,0.35416244118102863,0.3648383042002795,0.0,0.3061000760129145,0.2562273041298733,0.3119129050274312,0.3531712717606962,0.3683071310535514,0.3406083622331933,0.33824277978788564,0.2678529372210793,0.2575834350987054,0.31911059117291457,0.46785181630323336,0.0,0.48412315115470317,0.5304312539897537,0.0,0.0,0.0,0.0,0.0,0.0,0.0,0.0,0.4522850015609648,0.0,0.4425518835408808,0.0,0.0,0.0,0.0,0.0,0.0,0.48454925916157726,0.0,0.0,0.0,0.0,0.46167765384992016,0.465129864225705,0.0,0.46465060377918155,0.0,0.0,0.0,0.47026369345310587,0.4735134900385438,0.4751374798851073,0.0,0.49484485339139916
0.43727745844903154,0.35505731529521023,0.0,0.0,0.3421530086444066,0.30548648005935486,0.3938994614172911,0.3621774957472624,0.34640029679416867,0.0,0.0,0.0,0.36071351295785836,0.0,0.36104408494641227,0.3738071546403274,0.4021481182019276,0.35196681092263016,0.0,0.3075809509315762,0.391908838355198,0.3547306533335703,0.35698483072663373,0.0,0.3361488182411759,0.31906568533049995,0.3276859866965726,0.3061000760129145,0.0,0.30132617468343764,0.3136638185820053,0.36541244927297795,0.28349052256949453,0.36363118760061086,0.384718001476889,0.0,0.0,0.0,0.45247574365568943,0.4642461421753324,0.47304206277951855,0.4963582238848044,0.4699127132758444,0.0,0.0,0.0,0.0,0.0,0.0,0.0,0.44176519488822996,0.0,0.4270604973400104,0.0,0.0,0.0,0.0,0.483970025037534,0.0,0.43721259943542246,0.0,0.0,0.0,0.0,0.44296099005537304,0.4366636620124878,0.4364383525622772,0.45537128236798624,0.0,0.0,0.0,0.4581969601114205,0.4577667087745186,0.44784085369738913,0.4979314842077901,0.46160801059646334
0.0,0.3280298864487673,0.0,0.0,0.0,0.37059073622991723,0.0,0.39678594213366836,0.0,0.0,0.0,0.0,0.0,0.0,0.3616065574247416,0.35836517742065743,0.5420348039236336,0.3339026847127875,0.0,0.3296633501768358,0.4221399084393004,0.3445644414340205,0.37353630978172764,0.0,0.40491495982560977,0.3825517483647811,0.35860078987512034,0.2562273041298733,0.30132617468343764,0.0,0.3127452707944497,0.3555195470814242,0.0,0.36051735698898874,0.0,0.0,0.0,0.0,0.46435118875455456,0.0,0.5732128721015146,0.0,0.0,0.0,0.0,0.0,0.0,0.0,0.0,0.0,0.4595853214529837,0.0,0.0,0.0,0.0,0.0,0.0,0.0,0.0,0.5336429321119041,0.0,0.0,0.0,0.0,0.4674615081098225,0.4435462801980679,0.0,0.4647817470776956,0.0,0.0,0.0,0.4729635984560059,0.5600704931331085,0.5017107470520483,0.0,0.5636845157113429
0.2845337918533975,0.304954251293313,0.4070196421588262,0.0,0.3818219836865447,0.38704385976470285,0.3863901069855834,0.4140300362955491,0.38918235942162066,0.289565767455561,0.3986527950467756,0.31450076104831104,0.3615286780445885,0.3810016512035646,0.34292575087943944,0.29989260885537344,0.2789369367138664,0.3004685112682208,0.39730624386776875,0.3329051118055572,0.3567321083628914,0.3381658724414022,0.38733325500554927,0.3159611019917517,0.3082938872022058,0.30656027944356273,0.35944117551396937,0.3119129050274312,0.3136638185820053,0.3127452707944497,0.0,0.37149086155012956,0.30339481062309165,0.3144149520401918,0.3573408805743953,0.3448790275641113,0.0,0.3296838940456682,0.467085243836996,0.34253950973633457,0.4346477243401855,0.4679800759313554,0.0,0.0,0.0,0.3728629051356027,0.3880106936801805,0.0,0.0,0.0,0.4822304427800308,0.0,0.44947501440061316,0.0,0.0,0.0,0.0,0.0,0.0,0.4414385706368067,0.3753258287549846,0.0,0.0,0.0,0.44352120492662284,0.4245748011841874,0.4103647484673636,0.4746699218943799,0.0,0.41900527697693835,0.40602022830471035,0.4744919623872941,0.0,0.4678760890030628,0.0,0.4997269065401601
0.3530291133837482,0.3501644312902288,0.3818224465624253,0.2742631742723458,0.34831481416095966,0.3800872889848424,0.36536966201265536,0.399162807400077,0.3710661279207575,0.3316909578820795,0.35322743640050736,0.2914778280538438,0.35710746371935004,0.26157715534228626,0.38692450647783183,0.38462063753868625,0.36151095587204496,0.3785591007219441,0.3697868246842075,0.414398633215577,0.4214924261244237,0.38640383956875707,0.3835640666380355,0.36383168890141643,0.3494278050877978,0.3561541993850173,0.38672515014161446,0.3531712717606962,0.36541244927297795,0.3555195470814242,0.37149086155012956,0.0,0.35027503067955273,0.3735057090134688,0.3885854179916349,0.2481559165051208,0.2926227294804615,0.2731886306905457,0.3508083565100521,0.2612230890449408,0.3107863288818437,0.3087278517346822,0.2440047927535229,0.0,0.0,0.44056436523821596,0.4250136430537322,0.0,0.0,0.0,0.46667082335140625,0.0,0.43689981991067955,0.0,0.25683262308363847,0.0,0.2415403854088327,0.0,0.0,0.4525042169486447,0.4121363408284831,0.0,0.0,0.0,0.4589684106693063,0.4898657385208817,0.4402340987235054,0.47175752696526835,0.0,0.0,0.4426129996422118,0.4924548630152871,0.4482917039000252,0.4894305162244989,0.4793331295944565,0.48780389811614516
0.25112125313589057,0.27422715191462216,0.0,0.0,0.0,0.36841929727495204,0.37272124054760664,0.38278225121547044,0.42389176109188004,0.282073756759875,0.43955153630298993,0.2900858090510093,0.37560627633072446,0.0,0.32470770446213437,0.3059512458142777,0.2863893957324931,0.2941012917331413,0.49454931648837974,0.35315487788917493,0.3103053369888961,0.33411335171898005,0.3517601002174735,0.2520452897393433,0.2740913659950688,0.2916512120137876,0.34909157417409004,0.3683071310535514,0.28349052256949453,0.0,0.30339481062309165,0.35027503067955273,0.0,0.2514128696604175,0.41143769562143984,0.2726188276645963,0.0,0.1804935772206231,0.31593357412698947,0.22211025101643914,0.22658111653687202,0.28144320806477796,0.0,0.0,0.23885373722769349,0.3663134293510533,0.3954383296403825,0.0,0.0,0.0,0.0,0.0,0.0,0.0,0.27993653704752886,0.0,0.2895979228718809,0.0,0.0,0.4467652591899407,0.3954454162877085,0.0,0.0,0.0,0.0,0.0,0.4329430763137683,0.0,0.34604045822210017,0.32740974882122287,0.38525731662427126,0.0,0.0,0.0,0.0,0.0
0.30865217578067483,0.31936620076077255,0.4042065459863214,0.2572997496014018,0.37685114170910644,0.3910604856053885,0.3546036908389724,0.4068850975020428,0.3890523282473111,0.2925554660852088,0.38895591878299174,0.27668697621820665,0.35404686745028663,0.0,0.384167996351075,0.3226018725004163,0.30954863800259813,0.32019728454853247,0.3967224392210433,0.39940465717952195,0.38703609200790084,0.37869016896633095,0.3958568127967113,0.26420993534155685,0.3104085067413194,0.3207695508098344,0.39003331093243726,0.3406083622331933,0.36363118760061086,0.36051735698898874,0.3144149520401918,0.3735057090134688,0.2514128696604175,0.0,0.2626784801179964,0.34823000899515166,0.2593026095826062,0.21191227068207225,0.44382193586734453,0.3781790579885679,0.3594099449920529,0.5344651171544588,0.0,0.0,0.2401823493957131,0.0,0.419680740494464,0.0,0.0,0.0,0.0,0.0,0.44758732437020937,0.0,0.30727723943099156,0.0,0.3015495474312532,0.0,0.0,0.4519130990033528,0.3995655482219547,0.0,0.0,0.0,0.46559282801642027,0.4654302341779621,0.43757610063518226,0.47323866425021194,0.2881077536922381,0.38321018001578805,0.4369791855222951,0.4901673782395491,0.0,0.47450180553262983,0.0,0.4848279116734966
0.3496565117939755,0.3583368005101939,0.0,0.2935853649639188,0.3743845406873507,0.38600687670284706,0.32107275065754104,0.3970713627382606,0.38623761708863197,0.25893516045026754,0.37603017384296705,0.2968190077444242,0.33565548513887816,0.0,0.40738716522503987,0.3817289572246632,0.3468422020141187,0.3694656944474135,0.37904969702446134,0.4248047049187369,0.4335857432045148,0.4121344762647828,0.41159407549342375,0.3516881042299292,0.35130345699237825,0.3685207972500954,0.4028988593827535,0.33824277978788564,0.384718001476889,0.0,0.3573408805743953,0.3885854179916349,0.41143769562143984,0.2626784801179964,0.0,0.33244911353650936,0.3569786264055438,0.2797963350596272,0.3579306421230694,0.3259549828701773,0.3566184273024157,0.3738725913094674,0.0,0.0,0.2751507105504133,0.0,0.4706535041219904,0.0,0.0,0.0,0.0,0.0,0.0,0.0,0.0,0.0,0.27588090975674406,0.0,0.0,0.4633244670643634,0.0,0.0,0.0,0.0,0.45902561906623585,0.4552315918364422,0.45924807158307,0.4682661473409375,0.0,0.0,0.4534387496040246,0.4614784949465368,0.0,0.0,0.0,0.0
0.0,0.0,0.38623716679347425,0.19408711707009355,0.25488338212397,0.37920631737061294,0.24414788876213053,0.27519084346409217,0.3560100164792812,0.3236091209710845,0.2826490773748061,0.25647062419034894,0.3002259835079493,0.21176969167758894,0.4217498738569736,0.0,0.0,0.0,0.3556699566238583,0.4542135960362623,0.0,0.46330105868232535,0.36238669015275726,0.3720614456979684,0.38030485719130647,0.374154064926166,0.3954779554444466,0.2678529372210793,0.0,0.0,0.3448790275641113,0.2481559165051208,0.2726188276645963,0.34823000899515166,0.33244911353650936,0.0,0.1856768514391329,0.26844611524878376,0.0,0.0,0.26057531874875794,0.0,0.3304183945716475,0.0,0.0,0.0,0.0,0.45594551632524216,0.0,0.0,0.0,0.0,0.0,0.4352502722020131,0.0,0.0,0.0,0.0,0.0,0.0,0.0,0.0,0.0,0.45146180052222096,0.0,0.0,0.0,0.4375677579808037,0.0,0.0,0.0,0.4493057232001525,0.0,0.0,0.0,0.0
0.0,0.0,0.0,0.17695142036194958,0.16501053670022087,0.0,0.2589091809267624,0.22727282252626282,0.0,0.26955758217637554,0.0,0.2407153874311611,0.29044336015164407,0.1580145708257672,0.0,0.0,0.0,0.0,0.0,0.44679244889356734,0.0,0.45089954287498213,0.3856173725966299,0.0,0.0,0.0,0.39492689880954396,0.2575834350987054,0.0,0.0,0.0,0.2926227294804615,0.0,0.2593026095826062,0.3569786264055438,0.1856768514391329,0.0,0.23253670124257256,0.0,0.0,0.24037632276758877,0.3114117949387726,0.0,0.0,0.0,0.0,0.0,0.0,0.0,0.0,0.0,0.0,0.0,0.0,0.0,0.0,0.0,0.0,0.0,0.0,0.0,0.0,0.0,0.0,0.0,0.0,0.0,0.0,0.0,0.0,0.0,0.0,0.0,0.0,0.0,0.0
0.0,0.0,0.0,0.0,0.0,0.4238273322807894,0.3235545632025236,0.0,0.40297357435166886,0.2694273814994521,0.4010029168242607,0.23126066736302722,0.3339224462854323,0.0,0.0,0.0,0.0,0.0,0.4349341158507016,0.5743179605375707,0.0,0.0,0.4434383356118168,0.22518390617501355,0.0,0.2997076397427912,0.44520143639797377,0.31911059117291457,0.0,0.0,0.3296838940456682,0.2731886306905457,0.1804935772206231,0.21191227068207225,0.2797963350596272,0.26844611524878376,0.23253670124257256,0.0,0.0,0.22873516562580218,0.22927395235238546,0.24347933489102924,0.0,0.0,0.23684947325634964,0.0,0.0,0.0,0.0,0.0,0.0,0.0,0.0,0.0,0.27968296837321394,0.0,0.279520502151158,0.0,0.0,0.0,0.0,0.0,0.0,0.0,0.0,0.0,0.0,0.0,0.28354747678105674,0.30171401900125866,0.0,0.0,0.0,0.0,0.0,0.27392658044955076
0.4322442871783544,0.4203070102474163,0.0,0.0,0.0,0.48100049916224086,0.0,0.49691443482172704,0.0,0.37257675027786225,0.0,0.0,0.0,0.0,0.4567699684652919,0.3967304596344199,0.0,0.3540228038431928,0.0,0.4395886697761356,0.4927942717849445,0.4431859154073907,0.48114374793552595,0.4033630356197203,0.40901655782517354,0.42306197675342266,0.4686200242118286,0.46785181630323336,0.45247574365568943,0.46435118875455456,0.467085243836996,0.3508083565100521,0.31593357412698947,0.44382193586734453,0.3579306421230694,0.0,0.0,0.0,0.0,0.3240737547782159,0.3961258718567811,0.411140503606488,0.2694992757457127,0.27681740130855176,0.2558170021937366,0.3973771992993224,0.3976067837359697,0.38175903032992187,0.2487687688768643,0.3549783852723328,0.38511325779829225,0.381045538369184,0.41502809105208377,0.36510477984213624,0.2713432778701397,0.3667334799315203,0.2525367245027916,0.37692499338199403,0.32818285124406016,0.4161547371245248,0.38757008388102987,0.38461208171145717,0.38945216105101477,0.32467843918154965,0.4333694045518289,0.4118119476338551,0.42609055114875316,0.39470886639537545,0.29933610109843706,0.3812132152966181,0.39571627132364007,0.41463200494431895,0.3489572491083693,0.39250096832133957,0.3751439099243399,0.3570814188882599
0.40409200697304787,0.3905554808275586,0.0,0.0,0.0,0.0,0.0,0.0,0.0,0.3413454771942877,0.0,0.3650625048326883,0.0,0.0,0.45021196576111294,0.3784543440633819,0.3275570427179445,0.32771423050732407,0.0,0.43798273173907765,0.43276960029539957,0.4177511905713282,0.4251041008720083,0.35835237866809666,0.36556364250660006,0.39874965752232,0.0,0.0,0.4642461421753324,0.0,0.34253950973633457,0.2612230890449408,0.22211025101643914,0.3781790579885679,0.3259549828701773,0.0,0.0,0.22873516562580218,0.3240737547782159,0.0,0.33933951750074487,0.40553399748304164,0.30799142345741287,0.28961997003555895,0.19920377432909006,0.3002732877372518,0.3403091849602133,0.0,0.0,0.3647485318867385,0.36813278729317134,0.0,0.0,0.0,0.30664823821852094,0.0,0.3101852914446285,0.3800145721550448,0.2985421902860558,0.3728123526018426,0.3189744823227048,0.29744791867703013,0.2998669167354356,0.0,0.37361524319282385,0.3579889705112797,0.37382951136929654,0.3799415775826779,0.23369908013554527,0.3036410164956699,0.31921999535009415,0.3881354681573512,0.35389070496662056,0.3249320204270883,0.0,0.31323731916721353
0.40654972138118556,0.3909214207364434,0.0,0.0,0.0,0.4811772535419405,0.0,0.5576981304620537,0.0,0.33928782244402694,0.0,0.3619469361779572,0.0,0.0,0.4552492475817411,0.3765137176548392,0.0,0.31999199026648517,0.0,0.4505904218251286,0.4568416817144602,0.4397987822063557,0.5038041140886871,0.37356191034706354,0.38216834468833666,0.4092453480769316,0.47775455699507213,0.48412315115470317,0.47304206277951855,0.5732128721015146,0.4346477243401855,0.3107863288818437,0.22658111653687202,0.3594099449920529,0.3566184273024157,0.26057531874875794,0.24037632276758877,0.22927395235238546,0.3961258718567811,0.33933951750074487,0.0,0.39127325973556365,0.38505209907449955,0.304767529616518,0.240513314394344,0.34692724638225436,0.3598944525567458,0.38389573919695347,0.29299452556920347,0.4081108662352013,0.39500350776747845,0.39620714603965324,0.4241309549868321,0.39430237468255497,0.3176915428293682,0.3812445636330665,0.26492905216792345,0.3840199371859312,0.36259321153591106,0.42674096387410276,0.3412544874818944,0.3348689494259213,0.33146586770902564,0.3636173021946373,0.41690505238706566,0.405842147190942,0.40445258327564204,0.4078312199630681,0.2628077377626562,0.33745608883891676,0.3570560061130743,0.4180828787331733,0.35775984386190496,0.37144580096251356,0.0,0.28155951989447603
0.4116335925849418,0.4401300876558288,0.0,0.0,0.0,0.0,0.0,0.0,0.0,0.0,0.0,0.0,0.0,0.0,0.487521577257571,0.42021244297948956,0.0,0.0,0.0,0.46692297860085696,0.49445950548302575,0.4761854219713343,0.48106781433027795,0.0,0.4283998938230203,0.44659355991638405,0.4786962124015987,0.5304312539897537,0.4963582238848044,0.0,0.4679800759313554,0.3087278517346822,0.28144320806477796,0.5344651171544588,0.3738725913094674,0.0,0.3114117949387726,0.24347933489102924,0.411140503606488,0.40553399748304164,0.39127325973556365,0.0,0.3261111575615566,0.3187942184686931,0.3387060145065442,0.44913394356006,0.4446059055860969,0.0,0.2405928812951112,0.2744628614500298,0.4124185082600786,0.0,0.42158196360258754,0.0,0.33851440416344236,0.0,0.3072594134621277,0.4207355502861539,0.283719190786386,0.45669148095382794,0.4205408171473064,0.41584007428404085,0.40773675789144725,0.0,0.46163542987106826,0.46855064396366436,0.46696785154994336,0.41881025258563387,0.2922975539986082,0.3995607742248789,0.4300677261454457,0.45052908700712996,0.2843020379569744,0.4180829620370264,0.0,0.45136695635727214
