0.0,0.27255075153751523,0.0,0.0,0.0,0.298698467941556,0.0,0.3607635890792297,0.0,0.2968777900082634,0.0,0.263978583573362,0.0,0.34428461326319315,0.267975418713783,0.2862353463632347,0.2600314285037527,0.2828516539404446,0.0,0.31458516886476534,0.29870302774056784,0.27773011773864403,0.3447892787899514,0.277440629106129,0.27322833269806396,0.25635090880746864,0.3451964637747554,0.32902145000446403,0.3143428129333489,0.0,0.2720222742460127,0.30401790787378674,0.22322638005881787,0.26494347308286137,0.2745165836423515,0.0,0.0,0.2848924187091232,0.3076542483031697,0.286096110233137,0.2797865596419974,0.29677627461647366,0.0,0.0,0.0,0.3307482055514709,0.3099048165322856,0.0,0.0,0.0,0.2543499051702831,0.0,0.0,0.0,0.3195463762129609,0.0,0.3289902093891822,0.0,0.0,0.0,0.2982681140708799,0.0,0.2927107865034764,0.0,0.0,0.0,0.3216451697996328,0.30334546663888223,0.0,0.29683453894658435,0.32089806358930284,0.2863947175841731,0.0,0.0,0.0,0.2756315987202072
0.27255075153751523,0.0,0.25435823086054804,0.0,0.2885367810242341,0.28645850970777964,0.32621038644538614,0.2786214437600481,0.2911352770118066,0.0,0.0,0.0,0.32059282726676813,0.0,0.28989390963730893,0.28342501247308627,0.2429654082689599,0.2787934344972104,0.0,0.3035294646515853,0.2896886979764999,0.26874065805621616,0.2868013113878729,0.1815101947704927,0.2550985849682056,0.28614822329335504,0.30037744410989997,0.3206103129280683,0.2911108694028475,0.2982925119847838,0.2642889177743831,0.30193763745334007,0.25386838123037186,0.26079320308967535,0.278234227856638,0.27653612316163184,0.25653783029901683,0.0,0.3150303881182758,0.29582034133394947,0.29737290549275885,0.3189400208551038,0.0,0.0,0.0,0.31146777682691845,0.3141398086089146,0.0,0.0,0.0,0.27149175368094036,0.0,0.23627947063141838,0.0,0.0,0.0,0.0,0.0,0.0,0.3251990386806857,0.30103331187452803,0.0,0.2848875380360267,0.0,0.2940238313836228,0.336085470181647,0.3227418446190282,0.2696193002518297,0.0,0.2806387248022031,0.32850677397398537,0.30395182544596444,0.0,0.3107070830687006,0.0,0.2984813726907404
0.0,0.25435823086054804,0.0,0.0,0.3102168148480195,0.2679423411751464,0.31740691228958384,0.3388463957147842,0.2390842865784321,0.0,0.2508225479811502,0.0,0.32082216299101746,0.30200428209116353,0.0,0.25351150696174346,0.0,0.0,0.23117003080766954,0.26112209079439797,0.0,0.2948917022314087,0.24791932677313244,0.0,0.0,0.0,0.22569492996306056,0.32259873363010705,0.2705276282366514,0.29779174601213754,0.3168380418079652,0.29271328727822576,0.0,0.31074939849347777,0.2966576754534288,0.30211395137407115,0.290629881181896,0.0,0.0,0.0,0.0,0.0,0.35951049047240613,0.0,0.0,0.0,0.0,0.2118423007737992,0.0,0.38922728798369094,0.3755525292424243,0.3874307107102891,0.4135815910825118,0.41192816577378666,0.0,0.2139222242474676,0.0,0.36963014137005673,0.38817345987589313,0.0,0.0,0.0,0.0,0.15488645920290625,0.0,0.0,0.0,0.40195095394152097,0.0,0.0,0.0,0.37602137025232546,0.0,0.0,0.0,0.3443256752850693
0.0,0.0,0.0,0.0,0.20798136016651741,0.2783927469666065,0.18498406785505578,0.2208980531690793,0.29008310500740103,0.0,0.26750011234894255,0.0,0.19896210140919451,0.12475554197824952,0.0,0.0,0.0,0.0,0.30098236206698514,0.0,0.0,0.33030971752603994,0.2722652303931939,0.0,0.0,0.0,0.2775305245683877,0.1632315186347181,0.0,0.0,0.2027798126197285,0.22498764388767145,0.3015984804540232,0.1772843189178584,0.210755999057256,0.09301223097810951,0.1175404713855501,0.0,0.17628526659052213,0.0,0.0,0.0,0.0,0.0,0.0,0.0,0.0,0.0,0.0,0.0,0.0,0.0,0.0,0.0,0.0,0.0,0.0,0.0,0.0,0.0,0.0,0.0,0.0,0.0,0.0,0.0,0.0,0.0,0.0,0.0,0.0,0.0,0.0,0.0,0.0,0.0
0.0,0.2885367810242341,0.3102168148480195,0.20798136016651741,0.0,0.2880034904867145,0.2439528116756941,0.2869455924832724,0.2518107546185772,0.25188789923081667,0.24111673965173233,0.0,0.258432804914674,0.21252879745885403,0.0,0.3064247838695743,0.28185873634035163,0.0,0.2994955647356614,0.301419442433481,0.0,0.3075356553453512,0.289760388281973,0.0,0.2836886058509702,0.0,0.29377594933682777,0.2431223022872918,0.28674000464068816,0.0,0.3005783457006701,0.2850687794184314,0.0,0.29628860794934414,0.253301038443289,0.14931385349408038,0.18091638630630233,0.27208569153421064,0.0,0.0,0.0,0.0,0.28925597114744367,0.0,0.0,0.0,0.0,0.3555568959406756,0.0,0.0,0.2976705350255891,0.0,0.0,0.3938263634851012,0.0,0.2955170204153739,0.0,0.0,0.0,0.0,0.0,0.0,0.0,0.0,0.0,0.0,0.0,0.35580805599387705,0.0,0.0,0.0,0.0,0.0,0.0,0.0,0.0
0.298698467941556,0.28645850970777964,0.2679423411751464,0.2783927469666065,0.2880034904867145,0.0,0.299341827306643,0.29372022424359434,0.24671955595269968,0.33230838995145257,0.2843941076646719,0.0,0.27869074307884045,0.29531656203939805,0.30495859144597404,0.3023707014776663,0.0,0.29809617611485617,0.28425218090432613,0.2872293968122484,0.287677308568648,0.29389340049970036,0.28096378228629815,0.0,0.27824562900352023,0.2841323808742588,0.2691608728276478,0.2737744446820016,0.2139593652171213,0.300509370221949,0.2950930866053449,0.29183219620654843,0.268542252357809,0.2950836226647759,0.2990725180615891,0.2931890217812453,0.2873187640178234,0.24069610761378904,0.32346908236669847,0.0,0.33673034782640776,0.29878318918272256,0.33799692462831465,0.0,0.0,0.0,0.0,0.3722460479816537,0.0,0.32061130431072765,0.3339037223438698,0.33542998849012534,0.3180943456240391,0.3639317793394486,0.0,0.35415391400222945,0.0,0.33786173860960206,0.35813304089360126,0.2894524753035932,0.0,0.0,0.0,0.3832346434066622,0.30232957072105204,0.2683082032134505,0.0,0.34949081162322615,0.0,0.0,0.0,0.32850358667471263,0.33759594094375556,0.3206715517343124,0.29926446467027745,0.3418520822318044
0.0,0.32621038644538614,0.31740691228958384,0.18498406785505578,0.2439528116756941,0.299341827306643,0.0,0.2993212919721988,0.28610915187457775,0.29757814821085493,0.3145907504080096,0.2832366813143445,0.23493227274551745,0.23998165193831772,0.0,0.3712345202649809,0.3018924907050543,0.35117554509481297,0.32808544350781543,0.31675556713452524,0.0,0.3348166877719217,0.2997910671219092,0.0,0.3294665550985675,0.32410856931573667,0.30613294652398,0.2421217872964748,0.307135361646919,0.31678584850041375,0.28527242208217923,0.286598820397535,0.0,0.27681305129434935,0.2855528164684023,0.1919672246546087,0.1910386202627235,0.2859315286438584,0.0,0.0,0.0,0.0,0.0,0.0,0.0,0.0,0.0,0.3193028712121278,0.0,0.0,0.29575831182762646,0.0,0.29178600394378446,0.0,0.0,0.2798337817102594,0.0,0.0,0.0,0.0,0.0,0.0,0.0,0.0,0.0,0.0,0.0,0.35027715475581744,0.0,0.0,0.0,0.31632801718080883,0.0,0.0,0.0,0.0
0.3607635890792297,0.2786214437600481,0.3388463957147842,0.2208980531690793,0.2869455924832724,0.29372022424359434,0.2993212919721988,0.0,0.35470391102984067,0.3290292083007914,0.22034515147864595,0.3022475246772116,0.3008077014841366,0.2545337330465148,0.2948910049728806,0.2846221372323514,0.0,0.3466913016086422,0.35242545170374373,0.2843950843041807,0.26500158808027907,0.27186591879811745,0.2539649496059754,0.3709972916916091,0.34872419321385645,0.3474094433774485,0.30632852460973004,0.3055584292236266,0.25002472950500854,0.30142460410144406,0.3018184609343895,0.2814254897515661,0.26964401881134203,0.3018611249638712,0.3114461792879711,0.15726951501971614,0.21196178201655974,0.0,0.32438177280595937,0.0,0.3466498081305392,0.0,0.3098314886487039,0.0,0.0,0.0,0.0,0.39946436329222734,0.0,0.33855533696516976,0.33768839941455286,0.34520233200236516,0.3065688573386451,0.39621168376707083,0.0,0.3355478950174529,0.0,0.3546265002850761,0.35197120701750173,0.0,0.0,0.0,0.0,0.40569469395394286,0.0,0.36980937538295383,0.3414823368556661,0.36680648809133815,0.0,0.0,0.0,0.344053156251337,0.3524228315639923,0.34814205027522455,0.289346712544984,0.34697964882251653
0.0,0.2911352770118066,0.2390842865784321,0.29008310500740103,0.2518107546185772,0.24671955595269968,0.28610915187457775,0.35470391102984067,0.0,0.3392331726652249,0.25066541526111175,0.29720371199659945,0.27577855359001363,0.30651020762944897,0.0,0.2972203730678488,0.0,0.0,0.23927569977637037,0.2891358350824571,0.0,0.29463996329289366,0.3166572014933738,0.0,0.24999424178760396,0.0,0.23499415502880325,0.3153049578719629,0.28280979349948043,0.29260965787837007,0.3278561679444175,0.30259229647525593,0.0,0.3208490967644994,0.302342755634447,0.3090261923436146,0.30473693071526664,0.2877663934791312,0.2572159538769109,0.0,0.0,0.0,0.39236098654839485,0.0,0.0,0.0,0.0,0.40063645071492193,0.0,0.2820524251603629,0.37148609741550187,0.0,0.38232299004076203,0.41438238354549933,0.0,0.3758371595729397,0.0,0.0,0.3748261795617693,0.0,0.0,0.0,0.0,0.41433454876117426,0.0,0.0,0.0,0.39761272431051353,0.0,0.0,0.0,0.3751399743142803,0.0,0.0,0.0,0.0
0.2968777900082634,0.0,0.0,0.0,0.25188789923081667,0.33230838995145257,0.29757814821085493,0.3290292083007914,0.3392331726652249,0.0,0.3330943339368888,0.21550835031417803,0.30236073499541366,0.0,0.0,0.284347030233429,0.23352337513477736,0.26263600558382466,0.33301356996351456,0.0,0.3376771648332563,0.0,0.2880310801837578,0.23827730288194968,0.2433284411584769,0.2450672941212666,0.0,0.25988409202217316,0.0,0.0,0.24535883734348918,0.2444430952860706,0.23948594451583358,0.22209096798545683,0.21656475323935268,0.27856673434388124,0.21434793646153125,0.2100436293116974,0.21165460353445206,0.24287873903427631,0.25667362765399515,0.3109759188581697,0.0,0.0,0.2312815833601619,0.32055201142081374,0.0,0.0,0.0,0.0,0.0,0.0,0.0,0.0,0.2995058539134143,0.0,0.3131910759654403,0.0,0.0,0.0,0.0,0.3070237514746408,0.2878647329193597,0.0,0.0,0.0,0.0,0.0,0.30479400870204665,0.29926905319514224,0.3348707004056269,0.0,0.278501092967174,0.0,0.0,0.2899734980843717
0.0,0.0,0.2508225479811502,0.26750011234894255,0.24111673965173233,0.2843941076646719,0.3145907504080096,0.22034515147864595,0.25066541526111175,0.3330943339368888,0.0,0.28588917657358387,0.3169916946357372,0.19983420218763048,0.0,0.0,0.26514710264995933,0.0,0.24402878815770873,0.0,0.0,0.0,0.179303078333364,0.30440864243765453,0.0,0.0,0.2892185326312625,0.32184262688126286,0.0,0.24128004857110877,0.33934954682061297,0.3125855367045554,0.26738656867033833,0.33935339627487876,0.3148840676889848,0.20212555426002296,0.31454579609665045,0.3050119371297288,0.29430667260854243,0.0,0.0,0.0,0.30868169626503617,0.0,0.0,0.0,0.0,0.3940430767557602,0.0,0.31513481578884844,0.3422293144905441,0.3400117392788455,0.35093222217032644,0.38840627217169593,0.0,0.2634646675905767,0.0,0.30489303937208223,0.3399456662776197,0.0,0.0,0.0,0.0,0.21268342780892358,0.0,0.0,0.0,0.40089958306880347,0.0,0.0,0.0,0.34785747201244044,0.0,0.0,0.0,0.0
0.263978583573362,0.0,0.0,0.0,0.0,0.0,0.2832366813143445,0.3022475246772116,0.29720371199659945,0.21550835031417803,0.28588917657358387,0.0,0.2663743816819387,0.0,0.0,0.19287641473513942,0.26514537004156413,0.24285151963489815,0.0,0.0,0.3136767088881667,0.0,0.2978093644773764,0.21719694874124476,0.24889403229731694,0.2267523039898557,0.0,0.20642728526900714,0.0,0.0,0.24329775185389488,0.19552489720503533,0.17954550455950516,0.1651761267080601,0.1721754972801192,0.21363653262863602,0.19344716708981868,0.15823370043592783,0.1839911373439144,0.27544569649874195,0.27752232464942694,0.2125019874715545,0.0,0.0,0.23785195761439126,0.2910325238148828,0.0,0.0,0.0,0.0,0.0,0.0,0.0,0.0,0.31514158779272766,0.0,0.32389844579330324,0.0,0.0,0.0,0.0,0.3091118697770495,0.291917047864469,0.0,0.0,0.0,0.0,0.0,0.32176367537876854,0.30579002140538486,0.34929301275069063,0.0,0.0,0.0,0.0,0.319405433320719
0.0,0.32059282726676813,0.32082216299101746,0.19896210140919451,0.258432804914674,0.27869074307884045,0.23493227274551745,0.3008077014841366,0.27577855359001363,0.30236073499541366,0.3169916946357372,0.2663743816819387,0.0,0.25674781249344364,0.29359009785592444,0.3483643717043629,0.32286903391045696,0.3691429418380105,0.32131261202587963,0.3174447800594383,0.2989762311875379,0.3376303831485421,0.302002775276688,0.30296896435736576,0.3165146588296373,0.3244541012918296,0.3082059128895996,0.24109945621875287,0.29930991521496875,0.29674931389044074,0.29459683240210854,0.2798622396322559,0.28264252236606063,0.2854410713565499,0.26694719065936084,0.20666209259473414,0.20440302338923486,0.2676588112741694,0.23575348430211746,0.0,0.0,0.0,0.0,0.0,0.0,0.0,0.0,0.3219906238553564,0.0,0.0,0.3157034575182625,0.0,0.33500560854787637,0.0,0.0,0.31242778261169185,0.0,0.0,0.0,0.0,0.0,0.0,0.0,0.0,0.0,0.0,0.0,0.35161423125519975,0.0,0.0,0.0,0.3394330616084887,0.0,0.32094946508835615,0.0,0.0
0.34428461326319315,0.0,0.30200428209116353,0.12475554197824952,0.21252879745885403,0.29531656203939805,0.23998165193831772,0.2545337330465148,0.30651020762944897,0.0,0.19983420218763048,0.0,0.25674781249344364,0.0,0.0,0.0,0.0,0.0,0.2879800663201597,0.0,0.3088682102976876,0.0,0.26208820943208716,0.0,0.0,0.31497451387049935,0.3019805082016055,0.1581162460058344,0.0,0.0,0.3332681745124373,0.17234129430338327,0.0,0.0,0.0,0.12406907718438544,0.1085653955321875,0.0,0.0,0.0,0.0,0.0,0.2924327632019998,0.0,0.0,0.0,0.0,0.3699495398622842,0.0,0.0,0.27470269387803653,0.0,0.28199326143942754,0.364846995963309,0.0,0.2929647727319378,0.0,0.0,0.3244496069036103,0.0,0.0,0.0,0.0,0.3980060719980331,0.0,0.0,0.0,0.37916101631607874,0.0,0.0,0.0,0.0,0.0,0.0,0.0,0.0
0.267975418713783,0.28989390963730893,0.0,0.0,0.0,0.30495859144597404,0.0,0.2948910049728806,0.0,0.0,0.0,0.0,0.29359009785592444,0.0,0.0,0.2959571799220486,0.0,0.2740427468319146,0.0,0.25411757531428186,0.28092606940471077,0.25866561492728574,0.2517602125647509,0.3056138558837695,0.2640296921628442,0.29069628770136546,0.2876637774837471,0.2859881806619946,0.2758040280540397,0.28863157170578757,0.2910703686859073,0.3187788520504754,0.2774939202457285,0.2983821331245954,0.323809946448996,0.3559870490047973,0.3181655570257422,0.0,0.3246080893150152,0.3112782904269222,0.31014946467477106,0.3385239221746205,0.0,0.0,0.0,0.0,0.3051178848042275,0.0,0.0,0.0,0.30889127774756464,0.0,0.3177888752853139,0.0,0.0,0.0,0.0,0.0,0.0,0.317817335046115,0.2654340968314076,0.0,0.0,0.0,0.30523188203486096,0.328054009354283,0.33142629701964116,0.30832441458298265,0.0,0.20901848376348744,0.3261314685564883,0.31926422263745474,0.0,0.2881849715997838,0.0,0.3152718407444171
0.2862353463632347,0.28342501247308627,0.25351150696174346,0.0,0.3064247838695743,0.3023707014776663,0.3712345202649809,0.2846221372323514,0.2972203730678488,0.284347030233429,0.0,0.19287641473513942,0.3483643717043629,0.0,0.2959571799220486,0.0,0.28734755198873513,0.2573086064949982,0.0,0.28734081985110316,0.28494848529433286,0.25959993680252225,0.29916451977304703,0.29136843957952085,0.2791824908690481,0.29471461625633044,0.3178702671519999,0.3580601162658977,0.32041383994375583,0.3318736922792689,0.28319970800182703,0.32154614516381214,0.2956877811516352,0.2840686393827554,0.3081659834378161,0.27944725947803223,0.0,0.0,0.3077253296316296,0.28247035405788495,0.2832412870120216,0.3048956266068073,0.0,0.0,0.0,0.3260581207716709,0.3081620230001736,0.0,0.0,0.0,0.0,0.0,0.0,0.0,0.0,0.0,0.0,0.0,0.0,0.2942432051658426,0.29322138807890086,0.0,0.28759530399634853,0.0,0.27901549847114104,0.33855026210989747,0.3197877281946669,0.0,0.0,0.2935301150074988,0.31723976106212215,0.274995591924927,0.0,0.0,0.0,0.28478215170377397
0.2600314285037527,0.2429654082689599,0.0,0.0,0.28185873634035163,0.0,0.3018924907050543,0.0,0.0,0.23352337513477736,0.26514710264995933,0.26514537004156413,0.32286903391045696,0.0,0.0,0.28734755198873513,0.0,0.23931585338077122,0.0,0.0,0.29690390295232905,0.27188226388487535,0.0,0.2557797341557213,0.21955977294466222,0.25783485845374443,0.0,0.3032669005825784,0.0,0.0,0.26702245604171326,0.2962461567686579,0.2569625770090357,0.26277013344459293,0.25723468659584375,0.3267482974847846,0.3019038931954727,0.24775398329504422,0.2991271122042509,0.2826385688201653,0.2906504570105125,0.0,0.0,0.0,0.0,0.32667285828553694,0.0,0.0,0.0,0.0,0.0,0.0,0.0,0.0,0.29262035874538533,0.0,0.30572013702511697,0.0,0.0,0.0,0.0,0.2975117591166826,0.28609431052035517,0.0,0.0,0.0,0.0,0.0,0.3227684430031038,0.29669334425214455,0.3213662303550146,0.0,0.0,0.0,0.0,0.28870997579528945
0.2828516539404446,0.2787934344972104,0.0,0.0,0.0,0.29809617611485617,0.35117554509481297,0.3466913016086422,0.0,0.26263600558382466,0.0,0.24285151963489815,0.3691429418380105,0.0,0.2740427468319146,0.2573086064949982,0.23931585338077122,0.0,0.0,0.29983901656669476,0.28192242252340755,0.2872640361274326,0.2837235004972527,0.251737103759919,0.24728625080827202,0.2722229978389312,0.3064773842440963,0.34038656900018943,0.3345576489400596,0.32870540792952435,0.275778425934793,0.33269292749647744,0.2680741976042348,0.27605626577006087,0.28080126463781435,0.0,0.0,0.0,0.29524891984035406,0.27500448260932336,0.2824374342997235,0.2921842448823927,0.0,0.0,0.0,0.3302119623510482,0.29276702476842403,0.0,0.0,0.0,0.0,0.0,0.0,0.0,0.2782030273193721,0.0,0.2953144928296947,0.0,0.0,0.24132093116929496,0.2792965749611113,0.28430590373480463,0.2826943190628456,0.0,0.0,0.0,0.2902465306433643,0.0,0.31871024075693555,0.28955078574465054,0.3053127824312333,0.0,0.0,0.0,0.0,0.29186844383962407
0.0,0.0,0.23117003080766954,0.30098236206698514,0.2994955647356614,0.28425218090432613,0.32808544350781543,0.35242545170374373,0.23927569977637037,0.33301356996351456,0.24402878815770873,0.0,0.32131261202587963,0.2879800663201597,0.0,0.0,0.0,0.0,0.0,0.0,0.0,0.0,0.2689385540172122,0.0,0.0,0.0,0.26834110044490156,0.32126887569881185,0.0,0.2887366308907075,0.33483184757596646,0.3091267409895366,0.0,0.33566610251336904,0.3266932414179554,0.29768770019869806,0.3187403138994382,0.25752615793899264,0.0,0.0,0.0,0.0,0.35499886407107334,0.0,0.0,0.0,0.0,0.4354883046229971,0.0,0.307609326854617,0.3716844879310535,0.3551778904397765,0.3961168101063658,0.4161273220123678,0.0,0.3853737910192719,0.0,0.3162622652323179,0.37119183298190483,0.0,0.0,0.0,0.0,0.41737608906364665,0.0,0.0,0.0,0.4132352872299992,0.0,0.0,0.0,0.3869429796117217,0.0,0.0,0.0,0.0
0.31458516886476534,0.3035294646515853,0.26112209079439797,0.0,0.301419442433481,0.2872293968122484,0.31675556713452524,0.2843950843041807,0.2891358350824571,0.0,0.0,0.0,0.3174447800594383,0.0,0.25411757531428186,0.28734081985110316,0.0,0.29983901656669476,0.0,0.0,0.284767410480363,0.24069428492105877,0.25565028621372304,0.298122728513536,0.28367586620308377,0.31881042234584595,0.2521144362126941,0.2897077761859993,0.24013302165145892,0.21436162732656017,0.28168525035490194,0.3314708925716626,0.30267168251858256,0.3117764582576797,0.34048261784579564,0.346689659745122,0.0,0.0,0.31416396344530706,0.0,0.30636834538259394,0.28915123658827663,0.0,0.0,0.0,0.0,0.3089853394938683,0.0,0.0,0.0,0.2763200860117035,0.0,0.33057794703847165,0.0,0.0,0.0,0.0,0.0,0.0,0.28803458958695755,0.0,0.0,0.0,0.0,0.3109331557405151,0.2989207551629482,0.30381933912669473,0.31785906357156235,0.0,0.0,0.32280522918227017,0.3285151488238117,0.0,0.30143695377324564,0.0,0.0
0.29870302774056784,0.2896886979764999,0.0,0.0,0.0,0.287677308568648,0.0,0.26500158808027907,0.0,0.3376771648332563,0.0,0.3136767088881667,0.2989762311875379,0.3088682102976876,0.28092606940471077,0.28494848529433286,0.29690390295232905,0.28192242252340755,0.0,0.284767410480363,0.0,0.3085712212740006,0.290891046415382,0.37580695674095804,0.29583117654318314,0.2992071933721782,0.298607181861493,0.2891957110913972,0.26421524852403266,0.26168288554027597,0.2804646867972328,0.3079228992447173,0.25261609783703776,0.2810222165036656,0.30149672392441623,0.3219062822939393,0.0,0.3004483294488966,0.32974472992685744,0.3005153743026217,0.3062973443076783,0.3446359073561448,0.0,0.0,0.0,0.33562189356001465,0.3356794793906771,0.0,0.0,0.0,0.29584809131879697,0.0,0.2944394634588912,0.0,0.0,0.0,0.3480020778683648,0.0,0.0,0.3194212418033484,0.30940910644228786,0.0,0.0,0.0,0.30318553680802235,0.3229924923834831,0.34257961468997566,0.31813208523854164,0.0,0.25673191210783564,0.3542609563330996,0.3266509314718304,0.0,0.3066099227169176,0.0,0.0
0.27773011773864403,0.26874065805621616,0.2948917022314087,0.33030971752603994,0.3075356553453512,0.29389340049970036,0.3348166877719217,0.27186591879811745,0.29463996329289366,0.0,0.0,0.0,0.3376303831485421,0.0,0.25866561492728574,0.25959993680252225,0.27188226388487535,0.2872640361274326,0.0,0.24069428492105877,0.3085712212740006,0.0,0.29262857601960884,0.0,0.26740654976838835,0.27651846302447614,0.3096790777234581,0.3257307220420563,0.28773436610463304,0.3246175654025465,0.28741590800505123,0.33189113685267446,0.2940541760237478,0.3007011607447743,0.3309684564709319,0.35206595306105115,0.33044964649214836,0.0,0.32789995209858,0.30715173317050637,0.31683149520657516,0.3374315666168754,0.0,0.0,0.0,0.30418107947196,0.31804667857546665,0.0,0.0,0.0,0.269957440711816,0.0,0.3125298649482697,0.0,0.0,0.0,0.0,0.0,0.0,0.3272239408659315,0.3007589564386209,0.0,0.0,0.0,0.30424998198840797,0.3301968321986564,0.328229447454241,0.3042816545820233,0.0,0.2560701473719719,0.33950286505618127,0.31039430507930316,0.0,0.2874547645648303,0.0,0.29711381557212474
0.3447892787899514,0.2868013113878729,0.24791932677313244,0.2722652303931939,0.289760388281973,0.28096378228629815,0.2997910671219092,0.2539649496059754,0.3166572014933738,0.2880310801837578,0.179303078333364,0.2978093644773764,0.302002775276688,0.26208820943208716,0.2517602125647509,0.29916451977304703,0.0,0.2837235004972527,0.2689385540172122,0.25565028621372304,0.290891046415382,0.29262857601960884,0.0,0.3837322971017368,0.3011275453052318,0.3232079895101164,0.25683997547044946,0.30564954638124114,0.26643555141590897,0.29647542314933945,0.2979343238215417,0.29210094193836933,0.2586139594712249,0.2984662787578969,0.29588347860599057,0.27645556840354835,0.2826368817437785,0.23686547631619165,0.3392464885981596,0.3123366881544468,0.34534667738006547,0.34652756674759244,0.347412556003375,0.0,0.0,0.0,0.2675939909714248,0.4054741358739962,0.0,0.3527192301651374,0.3627586174538001,0.36574326134996626,0.35292033540966056,0.3945128670512286,0.0,0.359915601324851,0.0,0.36233447948189357,0.35975899971425646,0.3058739544285866,0.21523448304201517,0.0,0.0,0.4112340417378343,0.32829843580661294,0.3514354462331682,0.3067517902708951,0.37229406649681585,0.0,0.0,0.33178245025957726,0.3497050931332412,0.3598589361391292,0.3392749346364917,0.33921335303321665,0.3584517566323014
0.277440629106129,0.1815101947704927,0.0,0.0,0.0,0.0,0.0,0.3709972916916091,0.0,0.23827730288194968,0.30440864243765453,0.21719694874124476,0.30296896435736576,0.0,0.3056138558837695,0.29136843957952085,0.2557797341557213,0.251737103759919,0.0,0.298122728513536,0.37580695674095804,0.0,0.3837322971017368,0.0,0.2407331645144519,0.23878475720192252,0.3413553649022005,0.2466092282070191,0.2757345188983749,0.0,0.25216599607084017,0.20610435646564626,0.15978302833151958,0.1903965694577118,0.1753313596051567,0.28321158375746136,0.0,0.17582678372970476,0.31016550362947215,0.2641081936201613,0.26705426278690486,0.0,0.0,0.0,0.2315911704250776,0.3551807854347619,0.31465360471848036,0.0,0.0,0.0,0.0,0.0,0.0,0.0,0.30228896860845583,0.0,0.3167700309899821,0.0,0.0,0.0,0.29300955453069116,0.3260343812493832,0.3126230027634243,0.0,0.0,0.0,0.0,0.0,0.31312285370933907,0.3187260933194844,0.34432588563301475,0.0,0.0,0.0,0.0,0.31231020983839636
0.27322833269806396,0.2550985849682056,0.0,0.0,0.2836886058509702,0.27824562900352023,0.3294665550985675,0.34872419321385645,0.24999424178760396,0.2433284411584769,0.0,0.24889403229731694,0.3165146588296373,0.0,0.2640296921628442,0.2791824908690481,0.21955977294466222,0.24728625080827202,0.0,0.28367586620308377,0.29583117654318314,0.26740654976838835,0.3011275453052318,0.2407331645144519,0.0,0.25949437572785394,0.28104058582514824,0.31215263698027984,0.29557111618994214,0.2590889126293575,0.26567146136728687,0.29543533533548194,0.24015829160172567,0.25534375201487136,0.2635346721338697,0.26541195651979144,0.0,0.23795592582623526,0.2950324361028949,0.2779703193686137,0.28141747089637004,0.2887315761501406,0.0,0.0,0.0,0.32346429827668616,0.2902912132322925,0.0,0.0,0.0,0.0,0.0,0.0,0.0,0.29785231867434214,0.0,0.30960550598381975,0.0,0.0,0.26294738457468053,0.27823991349185995,0.2913472051466263,0.28471824147164926,0.0,0.23199283684483957,0.25970583968660643,0.26668357555551964,0.2472282567345437,0.31617241017547415,0.29228849209098884,0.3092641226359882,0.0,0.0,0.0,0.0,0.3032179746764335
0.25635090880746864,0.28614822329335504,0.0,0.0,0.0,0.2841323808742588,0.32410856931573667,0.3474094433774485,0.0,0.2450672941212666,0.0,0.2267523039898557,0.3244541012918296,0.31497451387049935,0.29069628770136546,0.29471461625633044,0.25783485845374443,0.2722229978389312,0.0,0.31881042234584595,0.2992071933721782,0.27651846302447614,0.3232079895101164,0.23878475720192252,0.25949437572785394,0.0,0.31600862813173697,0.33660135023432497,0.29818014804010784,0.0,0.2805125065158727,0.3133213994437103,0.25905100961140226,0.27447452545340334,0.29203342738579585,0.3405298286342212,0.3027287100510136,0.2333907957484052,0.32406170210318513,0.29384306062498394,0.302789789800342,0.3217861213985294,0.0,0.0,0.26821183878628024,0.33679091319532706,0.32562091001389337,0.0,0.0,0.0,0.29369779539061935,0.0,0.0,0.0,0.3030090211263166,0.0,0.31982474051635434,0.0,0.0,0.3400563934914229,0.30097925888587673,0.3082472424771066,0.29835024628792917,0.0,0.30935852414917653,0.3619598802670416,0.343755677141429,0.3043091282117599,0.32404375254831824,0.30485019512987027,0.3253172972146818,0.3260988428620076,0.0,0.3524502308861618,0.0,0.31564268575200605
0.3451964637747554,0.30037744410989997,0.22569492996306056,0.2775305245683877,0.29377594933682777,0.2691608728276478,0.30613294652398,0.30632852460973004,0.23499415502880325,0.0,0.2892185326312625,0.0,0.3082059128895996,0.3019805082016055,0.2876637774837471,0.3178702671519999,0.0,0.3064773842440963,0.26834110044490156,0.2521144362126941,0.298607181861493,0.3096790777234581,0.25683997547044946,0.3413553649022005,0.28104058582514824,0.31600862813173697,0.0,0.305431626350425,0.25843588193358835,0.2895674292151332,0.29067037949103824,0.30155554467802154,0.2765812926010165,0.3044691033663242,0.30596545425221705,0.30902791828880943,0.2941529664558628,0.0,0.3286291108389401,0.0,0.3324682994552781,0.33355319583324705,0.36099623323548696,0.0,0.0,0.0,0.25457715240774825,0.38262313133274756,0.0,0.0,0.34670557101228394,0.0,0.33832114556248816,0.38052632712219847,0.0,0.3796325431846705,0.0,0.3656785791213828,0.35410198422270694,0.3040258335857741,0.0,0.0,0.0,0.4300851068626149,0.3259454243600334,0.3264199692635017,0.26475227872003065,0.3531602507609584,0.0,0.0,0.32341854390435726,0.3336370308761181,0.3419543075920953,0.3247114117521237,0.3165427768237591,0.33643680605862747
0.32902145000446403,0.3206103129280683,0.32259873363010705,0.1632315186347181,0.2431223022872918,0.2737744446820016,0.2421217872964748,0.3055584292236266,0.3153049578719629,0.25988409202217316,0.32184262688126286,0.20642728526900714,0.24109945621875287,0.1581162460058344,0.2859881806619946,0.3580601162658977,0.3032669005825784,0.34038656900018943,0.32126887569881185,0.2897077761859993,0.2891957110913972,0.3257307220420563,0.30564954638124114,0.2466092282070191,0.31215263698027984,0.33660135023432497,0.305431626350425,0.0,0.24928661513825437,0.24106991304344152,0.2703165357559414,0.2668882306317857,0.22163221036188993,0.24808753018726967,0.2005336086200085,0.1736600858245883,0.16561733128150688,0.2142280939474895,0.2593517978003101,0.0,0.0,0.18214828546174655,0.0,0.1554516101860656,0.0,0.0,0.0,0.29223640758566144,0.0,0.0,0.34101409192444404,0.0,0.33719012674376597,0.0,0.0,0.0,0.0,0.0,0.0,0.0,0.0,0.0,0.0,0.0,0.33716173929350474,0.3237818010359884,0.0,0.34909580853658634,0.0,0.0,0.0,0.33856524981447034,0.0,0.3304070965058712,0.0,0.37018131814987537
0.3143428129333489,0.2911108694028475,0.2705276282366514,0.0,0.28674000464068816,0.2139593652171213,0.307135361646919,0.25002472950500854,0.28280979349948043,0.0,0.0,0.0,0.29930991521496875,0.0,0.2758040280540397,0.32041383994375583,0.0,0.3345576489400596,0.0,0.24013302165145892,0.26421524852403266,0.28773436610463304,0.26643555141590897,0.2757345188983749,0.29557111618994214,0.29818014804010784,0.25843588193358835,0.24928661513825437,0.0,0.24638950130160003,0.26082778796374656,0.2887886976002911,0.2803623211861894,0.29469449981383805,0.2885572796218658,0.29210003459739886,0.26525347010678624,0.0,0.30957307203749107,0.0,0.2973220848892566,0.29172735810544476,0.28835715416125807,0.0,0.0,0.0,0.29763385045714114,0.2695450578361407,0.0,0.0,0.2765679622024087,0.0,0.28142523819058696,0.0,0.0,0.0,0.0,0.27953850342920805,0.0,0.297609459271655,0.0,0.0,0.0,0.0,0.3117407264674765,0.3029531480107876,0.27397726881166534,0.3147574383675817,0.0,0.0,0.3252389429815745,0.3132141962199753,0.3037087709630934,0.30067723361479626,0.2711484283550398,0.3094521188845403
0.0,0.2982925119847838,0.29779174601213754,0.0,0.0,0.300509370221949,0.31678584850041375,0.30142460410144406,0.29260965787837007,0.0,0.24128004857110877,0.0,0.29674931389044074,0.0,0.28863157170578757,0.3318736922792689,0.0,0.32870540792952435,0.2887366308907075,0.21436162732656017,0.26168288554027597,0.3246175654025465,0.29647542314933945,0.0,0.2590889126293575,0.0,0.2895674292151332,0.24106991304344152,0.24638950130160003,0.0,0.23196925859216452,0.2764767977586102,0.0,0.25265407779409826,0.21631299004683227,0.2330546055174099,0.21586169252821194,0.0,0.0,0.0,0.0,0.0,0.0,0.0,0.0,0.0,0.0,0.0,0.0,0.0,0.30194687282886007,0.0,0.29332072778082596,0.0,0.0,0.0,0.0,0.0,0.0,0.0,0.0,0.0,0.0,0.0,0.3042807444834437,0.32742911654331486,0.0,0.33991296048997804,0.0,0.0,0.0,0.3243191736721563,0.0,0.2858040526725791,0.0,0.0
0.2720222742460127,0.2642889177743831,0.3168380418079652,0.2027798126197285,0.3005783457006701,0.2950930866053449,0.28527242208217923,0.3018184609343895,0.3278561679444175,0.24535883734348918,0.33934954682061297,0.24329775185389488,0.29459683240210854,0.3332681745124373,0.2910703686859073,0.28319970800182703,0.26702245604171326,0.275778425934793,0.33483184757596646,0.28168525035490194,0.2804646867972328,0.28741590800505123,0.2979343238215417,0.25216599607084017,0.26567146136728687,0.2805125065158727,0.29067037949103824,0.2703165357559414,0.26082778796374656,0.23196925859216452,0.0,0.2754838017374054,0.2565394166756187,0.19064210815018492,0.16442467460152443,0.26096054421474774,0.20258609150230497,0.21508864297727917,0.29618528640130604,0.26864354157830356,0.2988641142363671,0.0,0.0,0.0,0.0,0.3207454760248437,0.29898842097078404,0.0,0.0,0.0,0.3184815739716141,0.0,0.3459483243494028,0.0,0.29468119695130474,0.0,0.3134184605129653,0.0,0.0,0.3094376791361059,0.2891499648053467,0.2323584893779828,0.2965145209356036,0.0,0.30567540693112766,0.3177451612108418,0.3112462496861092,0.33927211314138106,0.31450068419994665,0.3013932610540423,0.3173751606137364,0.3314282627123197,0.0,0.31229882569662626,0.0,0.0
0.30401790787378674,0.30193763745334007,0.29271328727822576,0.22498764388767145,0.2850687794184314,0.29183219620654843,0.286598820397535,0.2814254897515661,0.30259229647525593,0.2444430952860706,0.3125855367045554,0.19552489720503533,0.2798622396322559,0.17234129430338327,0.3187788520504754,0.32154614516381214,0.2962461567686579,0.33269292749647744,0.3091267409895366,0.3314708925716626,0.3079228992447173,0.33189113685267446,0.29210094193836933,0.20610435646564626,0.29543533533548194,0.3133213994437103,0.30155554467802154,0.2668882306317857,0.2887886976002911,0.2764767977586102,0.2754838017374054,0.0,0.27743474004479224,0.22336721290833608,0.24684541139894878,0.2284839843116544,0.2467566541938177,0.1833385825384594,0.21010739246800436,0.20768614534218452,0.21496668221438645,0.22998621341764877,0.2076258949443184,0.20012639184434133,0.20774214121047624,0.3506955169836243,0.3243979884407453,0.3184020123610852,0.0,0.0,0.3244000100242468,0.0,0.32863987479334444,0.0,0.19531211248869038,0.0,0.19905913516865076,0.15210640371154435,0.0,0.32077376416713554,0.3049423607761962,0.0,0.3039688045763245,0.0,0.3152188084467605,0.33260937017840814,0.33194003978149644,0.33366460704893014,0.21098759944854492,0.31315111881794055,0.3366118637448001,0.33207105562697053,0.23739485600671253,0.32253938370506663,0.0,0.2942559232234312
0.22322638005881787,0.25386838123037186,0.0,0.3015984804540232,0.0,0.268542252357809,0.0,0.26964401881134203,0.0,0.23948594451583358,0.26738656867033833,0.17954550455950516,0.28264252236606063,0.0,0.2774939202457285,0.2956877811516352,0.2569625770090357,0.2680741976042348,0.0,0.30267168251858256,0.25261609783703776,0.2940541760237478,0.2586139594712249,0.15978302833151958,0.24015829160172567,0.25905100961140226,0.2765812926010165,0.22163221036188993,0.2803623211861894,0.0,0.2565394166756187,0.27743474004479224,0.0,0.17391258085340114,0.2252221967017677,0.32154447059109276,0.2375334104662016,0.1249655914627743,0.19799410481053575,0.1805436828517369,0.2214958505205814,0.21188070448658516,0.1339344783646851,0.16542355115615284,0.17579626173930435,0.3369846934042157,0.29369661446520556,0.0,0.0,0.0,0.2560215723504084,0.0,0.30290074021404617,0.0,0.24984543116432437,0.0,0.2598587550269675,0.0,0.0,0.3067358137227749,0.28374001706542107,0.27862173301548765,0.2950044718538165,0.0,0.2623410228022805,0.3105846261842386,0.31404432859881687,0.29592795770569646,0.24895244752509949,0.3017568455071952,0.3142014585137756,0.31726045611071424,0.1879523832703899,0.0,0.0,0.2638560026998186
0.26494347308286137,0.26079320308967535,0.31074939849347777,0.1772843189178584,0.29628860794934414,0.2950836226647759,0.27681305129434935,0.3018611249638712,0.3208490967644994,0.22209096798545683,0.33935339627487876,0.1651761267080601,0.2854410713565499,0.0,0.2983821331245954,0.2840686393827554,0.26277013344459293,0.27605626577006087,0.33566610251336904,0.3117764582576797,0.2810222165036656,0.3007011607447743,0.2984662787578969,0.1903965694577118,0.25534375201487136,0.27447452545340334,0.3044691033663242,0.24808753018726967,0.29469449981383805,0.25265407779409826,0.19064210815018492,0.22336721290833608,0.17391258085340114,0.0,0.14651331888203628,0.23464885577457295,0.19309353860562278,0.14076827106455994,0.21020048510210027,0.2381740591661489,0.24259148478393508,0.23380405275825789,0.1838207437252523,0.1966619576969694,0.2121207336522091,0.3136304807587389,0.29587934033830476,0.0,0.0,0.0,0.30816272007646917,0.0,0.34493397156395283,0.0,0.2628580246556804,0.0,0.2725116395914667,0.0,0.0,0.3128899363723679,0.282333111994441,0.2844001522264625,0.28499578490982835,0.0,0.31031259015887824,0.3236316944428652,0.31942623293492595,0.3352067327145392,0.25712161019827384,0.2884819773289736,0.31691759445739126,0.33445629799356547,0.16403520453126785,0.31181690130690304,0.0,0.28423051389152904
0.2745165836423515,0.278234227856638,0.2966576754534288,0.210755999057256,0.253301038443289,0.2990725180615891,0.2855528164684023,0.3114461792879711,0.302342755634447,0.21656475323935268,0.3148840676889848,0.1721754972801192,0.26694719065936084,0.0,0.323809946448996,0.3081659834378161,0.25723468659584375,0.28080126463781435,0.3266932414179554,0.34048261784579564,0.30149672392441623,0.3309684564709319,0.29588347860599057,0.1753313596051567,0.2635346721338697,0.29203342738579585,0.30596545425221705,0.2005336086200085,0.2885572796218658,0.21631299004683227,0.16442467460152443,0.24684541139894878,0.2252221967017677,0.14651331888203628,0.0,0.2741880633860609,0.2264980282403334,0.1597798943967068,0.21772455568314497,0.22017599046687933,0.2132975173754223,0.23497418833968556,0.21469344103334767,0.20339368875096728,0.0,0.33367377128119513,0.31134846796427007,0.0,0.0,0.0,0.0,0.0,0.0,0.0,0.0,0.0,0.25378778916484046,0.0,0.0,0.3311799402816838,0.28076408946547904,0.0,0.28324132302998273,0.0,0.29237568614182996,0.3748477612791932,0.3327451727727804,0.0,0.0,0.2840480680239702,0.31868830047318264,0.33220398466051426,0.0,0.0,0.0,0.0
0.0,0.27653612316163184,0.30211395137407115,0.09301223097810951,0.14931385349408038,0.2931890217812453,0.1919672246546087,0.15726951501971614,0.3090261923436146,0.27856673434388124,0.20212555426002296,0.21363653262863602,0.20666209259473414,0.12406907718438544,0.3559870490047973,0.27944725947803223,0.3267482974847846,0.0,0.29768770019869806,0.346689659745122,0.3219062822939393,0.35206595306105115,0.27645556840354835,0.28321158375746136,0.26541195651979144,0.3405298286342212,0.30902791828880943,0.1736600858245883,0.29210003459739886,0.2330546055174099,0.26096054421474774,0.2284839843116544,0.32154447059109276,0.23464885577457295,0.2741880633860609,0.0,0.12690695300704558,0.20176671573153873,0.19775162475735447,0.0,0.19366458946903534,0.226117610775213,0.2448234972370055,0.0,0.0,0.0,0.0,0.0,0.0,0.25540870966542073,0.3052675644332049,0.0,0.24577269623533216,0.3914275353477824,0.0,0.2751300107225983,0.0,0.0,0.3009198125198664,0.29610563214387636,0.0,0.0,0.0,0.3558364627024581,0.0,0.0,0.0,0.3288972697638973,0.0,0.0,0.0,0.3186600619572325,0.16126569606171334,0.0,0.0,0.0
0.0,0.25653783029901683,0.290629881181896,0.1175404713855501,0.18091638630630233,0.2873187640178234,0.1910386202627235,0.21196178201655974,0.30473693071526664,0.21434793646153125,0.31454579609665045,0.19344716708981868,0.20440302338923486,0.1085653955321875,0.3181655570257422,0.0,0.3019038931954727,0.0,0.3187403138994382,0.0,0.0,0.33044964649214836,0.2826368817437785,0.0,0.0,0.3027287100510136,0.2941529664558628,0.16561733128150688,0.26525347010678624,0.21586169252821194,0.20258609150230497,0.2467566541938177,0.2375334104662016,0.19309353860562278,0.2264980282403334,0.12690695300704558,0.0,0.19539309024590473,0.19410965376839664,0.0,0.19952977628894536,0.21444161515426494,0.19770413028213818,0.18689515269786183,0.0,0.0,0.0,0.0,0.0,0.0,0.0,0.0,0.0,0.0,0.0,0.0,0.0,0.0,0.0,0.0,0.0,0.0,0.0,0.0,0.0,0.0,0.0,0.0,0.0,0.0,0.0,0.244250157572594,0.0,0.0,0.0,0.0
0.2848924187091232,0.0,0.0,0.0,0.27208569153421064,0.24069610761378904,0.2859315286438584,0.0,0.2877663934791312,0.2100436293116974,0.3050119371297288,0.15823370043592783,0.2676588112741694,0.0,0.0,0.0,0.24775398329504422,0.0,0.25752615793899264,0.0,0.3004483294488966,0.0,0.23686547631619165,0.17582678372970476,0.23795592582623526,0.2333907957484052,0.0,0.2142280939474895,0.0,0.0,0.21508864297727917,0.1833385825384594,0.1249655914627743,0.14076827106455994,0.1597798943967068,0.20176671573153873,0.19539309024590473,0.0,0.18699965937528873,0.1717884437478908,0.19625736074594638,0.20572453821165015,0.0,0.0,0.17607160997712298,0.0,0.0,0.0,0.0,0.0,0.0,0.0,0.0,0.0,0.23143291911520678,0.0,0.23720254786991962,0.0,0.0,0.0,0.0,0.0,0.0,0.0,0.0,0.0,0.0,0.0,0.2327774765092843,0.0,0.2890359320314657,0.0,0.0,0.0,0.0,0.21685437026288756
0.3076542483031697,0.3150303881182758,0.0,0.17628526659052213,0.0,0.32346908236669847,0.0,0.32438177280595937,0.2572159538769109,0.21165460353445206,0.29430667260854243,0.1839911373439144,0.23575348430211746,0.0,0.3246080893150152,0.3077253296316296,0.2991271122042509,0.29524891984035406,0.0,0.31416396344530706,0.32974472992685744,0.32789995209858,0.3392464885981596,0.31016550362947215,0.2950324361028949,0.32406170210318513,0.3286291108389401,0.2593517978003101,0.30957307203749107,0.0,0.29618528640130604,0.21010739246800436,0.19799410481053575,0.21020048510210027,0.21772455568314497,0.19775162475735447,0.19410965376839664,0.18699965937528873,0.0,0.24171588338798358,0.2329315448432185,0.25472097112018793,0.18222662081253913,0.2271296061551688,0.20555664649130762,0.27572167734633046,0.2864481074023406,0.2954439276805033,0.19640382849224913,0.28077632270469915,0.27575282601886697,0.30581699341104357,0.2688102321771751,0.28778834270261,0.22073998811840953,0.2706026251847848,0.20668833254365587,0.2803797096022343,0.0,0.3077675755381346,0.2912451112015126,0.2791807645221809,0.27622734621457073,0.28549417071920824,0.3216219974363385,0.2994410320842647,0.3104680607960866,0.28048147115752947,0.24467656380774375,0.2712570850546653,0.2915695512591669,0.2993689642429154,0.2387025667358709,0.30085684673532914,0.249319749743894,0.2625834697256433
