0.0,0.3968446975514129,0.0,0.0,0.0,0.38885068941871204,0.0,0.5256851488350283,0.0,0.43389220839407006,0.0,0.4269368858389451,0.41847894703439564,0.0,0.39739283259441033,0.4313187664668124,0.3954886255111355,0.42312687823972917,0.0,0.43428094248135574,0.4421555534090788,0.39639341688947,0.4957368950603739,0.44359283953699474,0.39168747338046095,0.4090740140218958,0.5236022899720583,0.42367608983022126,0.0,0.0,0.40155208116424224,0.4197476772781046,0.3746407718131543,0.4039522991883071,0.4145813691396175,0.0,0.0,0.3988038240472211,0.45094235822588147,0.41550771057823427,0.4354645331809724,0.5191780856214417,0.0,0.0,0.5136318791721854,0.4569629896538159,0.4687489432746922,0.0,0.0,0.0,0.36593711183695155,0.0,0.49124450648936374,0.0,0.4606274204632019,0.0,0.4464493901305265,0.0,0.0,0.0,0.42889963388057034,0.0,0.42491826850735387,0.0,0.0,0.409266173143395,0.4540345821507502,0.47104798656323527,0.468375614330009,0.43386588224181005,0.46281992784012016,0.0,0.0,0.4370131988782094,0.0,0.44984616587748366
0.3968446975514129,0.0,0.0,0.0,0.4197192657789807,0.43451760387419747,0.5029317830987344,0.46441484570282837,0.45433620158068894,0.0,0.0,0.0,0.47568761208304616,0.0,0.41934213974496537,0.4116781766634502,0.0,0.40250665332494745,0.0,0.4353078873618034,0.3906404229031186,0.3995612777602682,0.4377401932535975,0.0,0.370988869354159,0.3959643196846047,0.4392569531224393,0.4545330943873888,0.4353514072230625,0.0,0.40117798743308586,0.408726996754433,0.36325613651459276,0.3978784738366155,0.4282195840648605,0.0,0.0,0.0,0.4536159803605889,0.44518023306460913,0.4444971898831997,0.46968875135945687,0.0,0.0,0.0,0.44496654886244014,0.46112935588004184,0.0,0.0,0.0,0.42586830336285036,0.0,0.0,0.0,0.0,0.0,0.0,0.0,0.0,0.46701984307025224,0.43613504823389126,0.0,0.40104225146655115,0.0,0.44141793919079136,0.4461744954058352,0.4587414024323128,0.4730434645709249,0.0,0.41135299938193864,0.4812893953769345,0.43540322962531497,0.0,0.4596523202421714,0.0,0.0
0.0,0.0,0.0,0.3490255119172562,0.40227314736390996,0.43554506537058957,0.48798001407280817,0.4527185136250252,0.2978312395690401,0.0,0.29885072678997604,0.0,0.5002666956134785,0.39350684573704536,0.0,0.0,0.0,0.0,0.2682607101336153,0.0,0.0,0.0,0.33845606486499735,0.0,0.0,0.0,0.35125676189993876,0.4958231323702092,0.0,0.0,0.49100486096976015,0.46148809887434067,0.0,0.49518691068488246,0.0,0.3915239861444346,0.4200655710343472,0.0,0.4099765341019547,0.0,0.0,0.0,0.4323803214396392,0.0,0.0,0.0,0.0,0.5675045647895924,0.0,0.0,0.5232077185096885,0.0,0.5638139923562091,0.531844497172172,0.0,0.4403200196423821,0.0,0.0,0.5267590099039148,0.0,0.0,0.0,0.0,0.3858506889079445,0.0,0.0,0.0,0.5510497122405192,0.0,0.0,0.0,0.5409789921338335,0.0,0.0,0.0,0.42287971863304336
0.0,0.0,0.3490255119172562,0.0,0.30699616741685914,0.42965601457773295,0.3084517102212611,0.3549482522128818,0.424561188165318,0.0,0.3463078948136298,0.0,0.3164883702843643,0.2344790730296204,0.0,0.0,0.0,0.0,0.39037878412133026,0.0,0.0,0.0,0.3971364405087545,0.0,0.0,0.0,0.42802421256820217,0.23563009348483424,0.0,0.0,0.41315121512739467,0.28865448341524336,0.0,0.24517203370694052,0.24918278219042558,0.1858472126383073,0.18779382240319747,0.0,0.0,0.0,0.0,0.0,0.0,0.0,0.0,0.0,0.0,0.0,0.0,0.0,0.0,0.0,0.0,0.0,0.0,0.0,0.0,0.0,0.0,0.0,0.0,0.0,0.0,0.0,0.0,0.0,0.0,0.0,0.0,0.0,0.0,0.0,0.0,0.0,0.0,0.0
0.0,0.4197192657789807,0.40227314736390996,0.30699616741685914,0.0,0.3954455283135681,0.3730697493764057,0.3692716937945188,0.36929901788646474,0.43102468992524307,0.3373257251470045,0.0,0.41164680525379804,0.32169350163111365,0.0,0.4917816302232872,0.0,0.0,0.39212093266316805,0.4571599094345441,0.0,0.46734582141882464,0.4235645500371867,0.0,0.0,0.0,0.41119747303584175,0.3977683041425025,0.46197493676371654,0.0,0.4522571478319862,0.4118641791949592,0.0,0.43494502760502507,0.434458359699193,0.22878091518443033,0.19794180722462382,0.0,0.0,0.0,0.0,0.0,0.0,0.0,0.0,0.0,0.0,0.0,0.0,0.0,0.0,0.0,0.0,0.0,0.0,0.0,0.0,0.0,0.0,0.0,0.0,0.0,0.0,0.0,0.0,0.0,0.0,0.5062905078662124,0.0,0.0,0.0,0.0,0.0,0.0,0.0,0.0
0.38885068941871204,0.43451760387419747,0.43554506537058957,0.42965601457773295,0.3954455283135681,0.0,0.4468077877588084,0.45265283228247893,0.3468975548131307,0.42698523146661044,0.3642376796872289,0.0,0.4222258089499562,0.417895102371465,0.4628602075948063,0.4359342793324255,0.0,0.4313465263234484,0.39297056256221324,0.44443428977486227,0.4569976120735499,0.45563679350369174,0.43100253151630336,0.0,0.41637328407088736,0.4493899993510025,0.39615874797858197,0.3793618486567181,0.3540827398934096,0.44125139459658647,0.4457941685373595,0.4360705382871297,0.43851499750782047,0.46392087389473385,0.45736328365995904,0.4277139165777792,0.4368435706206557,0.0,0.475443575906788,0.0,0.5089822067913643,0.0,0.0,0.0,0.0,0.0,0.0,0.5044004381197897,0.0,0.0,0.5012521443630962,0.0,0.5017807791749745,0.49746038490480565,0.0,0.0,0.0,0.0,0.0,0.4550581627854204,0.0,0.0,0.0,0.0,0.49973533184668184,0.0,0.45727564444689195,0.5205784804352548,0.0,0.0,0.45727557480826647,0.5092129929135346,0.4940443919422064,0.0,0.0,0.500149107666176
0.0,0.5029317830987344,0.48798001407280817,0.3084517102212611,0.3730697493764057,0.4468077877588084,0.0,0.46571510802889726,0.42344696675026616,0.42948019467844434,0.44598481896692727,0.43080126034853405,0.3929157775568435,0.3524617866523062,0.47839058432243087,0.5404470510878069,0.4185429480716079,0.4909883422617808,0.45812832953560967,0.4739051494384439,0.44028472609454644,0.5027805889992067,0.47719554756126337,0.0,0.4866302110588402,0.5038903944815294,0.47243789737679526,0.3535953812533553,0.4611070021428504,0.0,0.4366670411552523,0.39908426558587673,0.3876735785650512,0.40331556840756455,0.44377951413097355,0.3008759968420544,0.2583553886204109,0.0,0.0,0.0,0.0,0.0,0.0,0.0,0.0,0.0,0.0,0.0,0.0,0.0,0.0,0.0,0.4652817839834441,0.0,0.0,0.0,0.0,0.0,0.0,0.0,0.0,0.0,0.0,0.0,0.0,0.0,0.0,0.5283012737901718,0.0,0.0,0.0,0.0,0.0,0.0,0.0,0.0
0.5256851488350283,0.46441484570282837,0.4527185136250252,0.3549482522128818,0.3692716937945188,0.45265283228247893,0.46571510802889726,0.0,0.5021774645295888,0.0,0.2695756055657785,0.0,0.48033816276239544,0.33409531278280435,0.4293212152705137,0.47958814296410146,0.0,0.4639615346691298,0.4370658413924029,0.4358501530833232,0.433065618269842,0.470399987678313,0.3751966831633065,0.5418904946256702,0.4764850458804335,0.49703888700524607,0.48507215146927996,0.47819757241187466,0.4388512802963459,0.46083951717300753,0.47033897517022544,0.39796485204172705,0.4393156258372921,0.4717905178045374,0.492269276822119,0.23247023599671182,0.26481702082879527,0.0,0.4612712396234729,0.0,0.5299906639524963,0.48724260895040034,0.3378085082463569,0.0,0.0,0.0,0.0,0.5057962696904171,0.0,0.0,0.5062123297286061,0.45487291515153455,0.38580829721077736,0.5049130717835719,0.0,0.40048128597849597,0.0,0.4928106775012193,0.42960474843525726,0.4713629129393294,0.0,0.0,0.0,0.5232115648761196,0.5292964709338304,0.5215709144382077,0.0,0.49381081516266645,0.0,0.0,0.0,0.5201361401813744,0.5011699756332282,0.0,0.0,0.5037920365811236
0.0,0.45433620158068894,0.2978312395690401,0.424561188165318,0.36929901788646474,0.3468975548131307,0.42344696675026616,0.5021774645295888,0.0,0.4567992303879559,0.33929091787140353,0.4115805213146017,0.4200886502625783,0.40031536377168875,0.33495493024753664,0.41922779500127233,0.0,0.0,0.2942665856504205,0.45672988012270904,0.0,0.47649267152226643,0.45074213102043453,0.0,0.3803719227475912,0.40833885040728174,0.3881362558294517,0.46437578918661293,0.4358905372005469,0.4353533121226015,0.47075405740831167,0.4364307637275102,0.4109933088629618,0.46657079008670077,0.46920353032706386,0.43539078294054606,0.44393138497399065,0.39829422963708855,0.0,0.0,0.0,0.0,0.4772040551615298,0.0,0.0,0.0,0.0,0.5651736895003898,0.0,0.0,0.5312935321727735,0.0,0.5524994534734463,0.5250404042588678,0.0,0.4952264314861668,0.0,0.0,0.5699400293197282,0.0,0.0,0.0,0.0,0.0,0.0,0.0,0.0,0.5531836335644316,0.0,0.0,0.0,0.5289907841125453,0.3330130782164438,0.0,0.0,0.0
0.43389220839407006,0.0,0.0,0.0,0.43102468992524307,0.42698523146661044,0.42948019467844434,0.0,0.4567992303879559,0.0,0.44132557164677993,0.28916375324674937,0.4213303782107735,0.0,0.0,0.4449695967348088,0.3457963642847322,0.38161887571256514,0.43913181759075715,0.0,0.49510387193309446,0.0,0.0,0.3401225381712242,0.38727119060037735,0.39874472243729236,0.0,0.41770805331850797,0.0,0.0,0.35833443245620494,0.34121405446392317,0.359056749213539,0.340746444879689,0.3020678574053594,0.3945461869834107,0.27169423395825093,0.2800956611776728,0.3752454351419318,0.3339487057517372,0.36875145043693297,0.3992341844763867,0.45036035568019317,0.0,0.3203267401212461,0.42031944785840786,0.0,0.0,0.0,0.0,0.0,0.3582927258361224,0.0,0.0,0.411839685756064,0.0,0.4216882157698135,0.3695675168561527,0.0,0.0,0.36498927575639484,0.38660305739628714,0.41112087838811,0.0,0.0,0.0,0.0,0.0,0.43460328337609166,0.4075081621242438,0.44417638291710076,0.0,0.40807754573054494,0.0,0.0,0.4133143363928427
0.0,0.0,0.29885072678997604,0.3463078948136298,0.3373257251470045,0.3642376796872289,0.44598481896692727,0.2695756055657785,0.33929091787140353,0.44132557164677993,0.0,0.0,0.44621519269467286,0.2886709115118901,0.0,0.0,0.0,0.0,0.3125138024789255,0.0,0.0,0.0,0.26011744397514663,0.0,0.0,0.0,0.4347734009888215,0.4458973872613419,0.0,0.0,0.4565497579592415,0.36612667269497334,0.0,0.4374360721226616,0.43382782880230825,0.2453943943444137,0.41212565989173905,0.4137893258258126,0.32324410937358145,0.0,0.0,0.0,0.3085157095932338,0.0,0.0,0.0,0.0,0.47780962931957055,0.0,0.0,0.40304576349790017,0.0,0.3830641229183872,0.43968673058993507,0.0,0.28257794042270445,0.0,0.0,0.38388779576833154,0.0,0.0,0.0,0.0,0.40195066027261556,0.0,0.0,0.0,0.4337585109627272,0.0,0.0,0.0,0.43428393077636956,0.0,0.0,0.0,0.0
0.4269368858389451,0.0,0.0,0.0,0.0,0.0,0.43080126034853405,0.0,0.4115805213146017,0.28916375324674937,0.0,0.0,0.37158546442830936,0.0,0.0,0.0,0.4324134820614767,0.0,0.0,0.0,0.4653318089272079,0.0,0.0,0.3062115373938602,0.4161795212033283,0.3367342655792881,0.0,0.3637835720233832,0.0,0.0,0.3314554495336973,0.21410570864968398,0.2869741532092185,0.2625899643463014,0.2793499950784737,0.32078141314528075,0.28491666981103325,0.23001510543906434,0.41624135027408843,0.3156744290711058,0.36523907312860077,0.0,0.0,0.0,0.29467797695125847,0.34145833853405627,0.0,0.0,0.0,0.0,0.0,0.0,0.0,0.0,0.4161771328721966,0.0,0.4279719452735073,0.4065972716667567,0.0,0.0,0.0,0.4327673204441982,0.38868874070162257,0.0,0.0,0.0,0.0,0.0,0.4368877675163086,0.40278706955047283,0.4540238252258124,0.0,0.41666474080767835,0.0,0.0,0.419555246273151
0.41847894703439564,0.47568761208304616,0.5002666956134785,0.3164883702843643,0.41164680525379804,0.4222258089499562,0.3929157775568435,0.48033816276239544,0.4200886502625783,0.4213303782107735,0.44621519269467286,0.37158546442830936,0.0,0.36931352887613067,0.47343751888056146,0.49719499065444467,0.45453371095968115,0.5059800910758137,0.458273144828108,0.47028529039030753,0.5042364640325365,0.5014822906711178,0.48172525968198815,0.3975931304019805,0.4578181210241225,0.4734541303333877,0.4815428613574477,0.37448521576959876,0.45272414303492947,0.4558171329860039,0.4288989946743389,0.39178361634623976,0.36645715140301494,0.4043778747829914,0.41946352083777333,0.33714673010405377,0.26253922934861346,0.3588794791378878,0.0,0.0,0.0,0.0,0.0,0.0,0.0,0.0,0.0,0.0,0.0,0.0,0.598890778897505,0.0,0.526984069818819,0.42683038184247496,0.0,0.0,0.0,0.0,0.0,0.0,0.0,0.0,0.0,0.0,0.0,0.0,0.0,0.5315471534284383,0.0,0.0,0.0,0.5417564509273649,0.0,0.0,0.0,0.0
0.0,0.0,0.39350684573704536,0.2344790730296204,0.32169350163111365,0.417895102371465,0.3524617866523062,0.33409531278280435,0.40031536377168875,0.0,0.2886709115118901,0.0,0.36931352887613067,0.0,0.0,0.0,0.0,0.0,0.3804395376980406,0.0,0.0,0.0,0.3839379723609073,0.0,0.0,0.0,0.4381727987603871,0.20930952359006527,0.0,0.0,0.41453386354378174,0.28461994857275663,0.0,0.0,0.0,0.19544106765582375,0.1676958279256165,0.0,0.0,0.0,0.0,0.0,0.33306224781074417,0.0,0.0,0.0,0.0,0.0,0.0,0.0,0.0,0.0,0.38695413195488165,0.0,0.0,0.0,0.0,0.0,0.0,0.0,0.0,0.0,0.0,0.0,0.0,0.0,0.0,0.38469939531525027,0.0,0.0,0.0,0.0,0.0,0.0,0.0,0.0
0.39739283259441033,0.41934213974496537,0.0,0.0,0.0,0.4628602075948063,0.47839058432243087,0.4293212152705137,0.33495493024753664,0.0,0.0,0.0,0.47343751888056146,0.0,0.0,0.43857251420056514,0.0,0.42689242208327244,0.0,0.4028005097729507,0.37455311628202126,0.4112013170785721,0.42833714041833243,0.0,0.4043110371155825,0.45072696691828773,0.4574890262046827,0.42974363739990146,0.40855110397551,0.40219878344501714,0.4196438995621305,0.43571257282650716,0.39338243889890673,0.4551187614273169,0.4871795138180032,0.0,0.0,0.0,0.48541994391815396,0.46949674013171977,0.5032973929090059,0.52166072061624,0.0,0.0,0.0,0.46930311974751915,0.47757989134468326,0.0,0.0,0.0,0.4679056872286154,0.0,0.5066858739726502,0.0,0.0,0.0,0.0,0.0,0.0,0.4569462925651292,0.4193315334231057,0.0,0.0,0.0,0.47115053668362356,0.4414236163025338,0.49260060589633253,0.4722781166996606,0.0,0.0,0.4960530154789076,0.4809942958619445,0.45400724093201733,0.4549963573758892,0.0,0.40450404706015963
0.4313187664668124,0.4116781766634502,0.0,0.0,0.4917816302232872,0.4359342793324255,0.5404470510878069,0.47958814296410146,0.41922779500127233,0.4449695967348088,0.0,0.0,0.49719499065444467,0.0,0.43857251420056514,0.0,0.40157408860198557,0.3794228564128067,0.0,0.4389746755058002,0.42945008668650403,0.41402824740997246,0.44661402169366177,0.0,0.4182457313449604,0.4568300491155734,0.4453912816564957,0.48212223844865687,0.44703816411713254,0.44150160421015006,0.4040300646336193,0.445034761990729,0.44335720006358487,0.42381993632331433,0.46050862661819275,0.0,0.0,0.0,0.45583230039167794,0.4414927232870715,0.45442579459107957,0.46863275254240444,0.0,0.0,0.0,0.46282053571052245,0.4716667276662203,0.0,0.0,0.0,0.0,0.0,0.0,0.0,0.0,0.0,0.0,0.0,0.0,0.47485130119158464,0.4399003897896295,0.0,0.40011028240578583,0.0,0.44462018748629123,0.46105014635641023,0.4774440476138931,0.39396782563596344,0.0,0.42760743365070536,0.4865210596608939,0.0,0.0,0.4198320672495994,0.0,0.43581010643618545
0.3954886255111355,0.0,0.0,0.0,0.0,0.0,0.4185429480716079,0.0,0.0,0.3457963642847322,0.0,0.4324134820614767,0.45453371095968115,0.0,0.0,0.40157408860198557,0.0,0.3382988229787611,0.0,0.0,0.40973875311485214,0.38098666052214236,0.0,0.3813407943526683,0.35341715723560385,0.3958197206613865,0.0,0.467151672606699,0.0,0.0,0.3816831646994693,0.43218104612993213,0.38882626852760843,0.3925222749120036,0.3678155004654126,0.42804537669409076,0.0,0.0,0.41211054652778817,0.3609836579730104,0.36446681895637406,0.0,0.0,0.0,0.0,0.43213313488509103,0.3827483387713818,0.0,0.0,0.0,0.0,0.0,0.0,0.0,0.4075827822586249,0.0,0.42099109376313015,0.0,0.0,0.0,0.3617208886586315,0.0,0.3772690537932893,0.0,0.0,0.0,0.0,0.0,0.5270479698969265,0.3990949020601584,0.4199820774457805,0.0,0.0,0.0,0.0,0.0
0.42312687823972917,0.40250665332494745,0.0,0.0,0.0,0.4313465263234484,0.4909883422617808,0.4639615346691298,0.0,0.38161887571256514,0.0,0.0,0.5059800910758137,0.0,0.42689242208327244,0.3794228564128067,0.3382988229787611,0.0,0.0,0.43523647445335467,0.4273689970489082,0.43126873899251156,0.451539646187081,0.37702094036488876,0.3847055788975278,0.42314297230222386,0.4457276822078206,0.48378088269043457,0.44654464302579894,0.4270310315734711,0.3928145761000978,0.45857290102831094,0.39699504361320653,0.4093560213100628,0.4220260338430862,0.4474505955628423,0.0,0.0,0.4232969857485452,0.37190952644235364,0.4096797576597229,0.42464303226836897,0.0,0.0,0.0,0.46359593233917784,0.4457126098501885,0.0,0.0,0.0,0.0,0.0,0.0,0.0,0.3882086481875895,0.0,0.4011320644101474,0.0,0.0,0.0,0.41372033862868074,0.3674137912601924,0.381804799915027,0.0,0.0,0.3958595803740454,0.4329446575088385,0.0,0.42916012666821635,0.40396741788486573,0.42959566493239604,0.0,0.0,0.0,0.0,0.3936980512214421
0.0,0.0,0.2682607101336153,0.39037878412133026,0.39212093266316805,0.39297056256221324,0.45812832953560967,0.4370658413924029,0.2942665856504205,0.43913181759075715,0.3125138024789255,0.0,0.458273144828108,0.3804395376980406,0.0,0.0,0.0,0.0,0.0,0.0,0.0,0.0,0.27512732616470187,0.0,0.0,0.0,0.3777383324430085,0.45135649343128814,0.0,0.0,0.4669651230978229,0.42397967149005417,0.0,0.45866077048647236,0.4300471271045181,0.36935766289113037,0.4247553049950586,0.36029071552404046,0.0,0.0,0.0,0.0,0.44942915605900724,0.0,0.0,0.0,0.0,0.5692358735851538,0.0,0.0,0.5162461258808836,0.0,0.5469504147317218,0.5188432397758839,0.0,0.4646032446751325,0.0,0.0,0.39851292439567243,0.0,0.0,0.0,0.0,0.5330877661159388,0.0,0.0,0.0,0.5591532115555115,0.0,0.0,0.0,0.5676064706780035,0.0,0.0,0.0,0.0
0.43428094248135574,0.4353078873618034,0.0,0.0,0.4571599094345441,0.44443428977486227,0.4739051494384439,0.4358501530833232,0.45672988012270904,0.0,0.0,0.0,0.47028529039030753,0.0,0.4028005097729507,0.4389746755058002,0.0,0.43523647445335467,0.0,0.0,0.43230340096691733,0.4151347421005081,0.41188532513566256,0.0,0.4094764339676518,0.4741824744819909,0.36349660753988855,0.40431845991760723,0.35283744982720033,0.35025452338233204,0.397603789783987,0.46681746622600573,0.4328958284753507,0.4650714130421597,0.49055593643776974,0.0,0.0,0.0,0.473585913421858,0.4067183243142612,0.5090037486048146,0.0,0.0,0.0,0.0,0.0,0.47319788526201106,0.0,0.0,0.0,0.4849129594533307,0.0,0.0,0.0,0.0,0.0,0.0,0.0,0.0,0.45124416102847564,0.0,0.0,0.0,0.0,0.4721480578629388,0.4507109907260566,0.47741739147557943,0.4904108872370107,0.0,0.0,0.4752046700367834,0.4876475483859522,0.0,0.46557591342481724,0.0,0.0
0.4421555534090788,0.3906404229031186,0.0,0.0,0.0,0.4569976120735499,0.44028472609454644,0.433065618269842,0.0,0.49510387193309446,0.0,0.4653318089272079,0.5042364640325365,0.0,0.37455311628202126,0.42945008668650403,0.40973875311485214,0.4273689970489082,0.0,0.43230340096691733,0.0,0.4396623387519536,0.43584947381570877,0.5382082139589601,0.4358481565778151,0.42868350045888726,0.46565645644826625,0.4740133488035398,0.4261087415889464,0.0,0.4059167774586519,0.4213794477617033,0.3771403860442828,0.4171215308698337,0.453362140792386,0.40980724493436,0.0,0.0,0.47396331161943517,0.4607038969093934,0.49181348912359657,0.5192104956828576,0.0,0.0,0.0,0.42974382357292373,0.4906032480109131,0.0,0.0,0.0,0.465100960642468,0.360391603543129,0.3814834613585461,0.0,0.0,0.0,0.0,0.413867296926139,0.0,0.42119735428112814,0.44240361693544666,0.0,0.0,0.0,0.4755560910557626,0.3704750496239278,0.48893805193594503,0.45365630845567484,0.0,0.3958495530811624,0.49997580146959825,0.47547987958232785,0.476757192573136,0.45827684839779514,0.0,0.0
0.39639341688947,0.3995612777602682,0.0,0.0,0.46734582141882464,0.45563679350369174,0.5027805889992067,0.470399987678313,0.47649267152226643,0.0,0.0,0.0,0.5014822906711178,0.0,0.4112013170785721,0.41402824740997246,0.38098666052214236,0.43126873899251156,0.0,0.4151347421005081,0.4396623387519536,0.0,0.46060328904452513,0.0,0.4099312676206882,0.44612180875948126,0.45727266598530397,0.45016328834916175,0.42260582242398076,0.4109642991954536,0.4035397707304434,0.4591240916762393,0.42704703057257065,0.46118902300200626,0.49658785927624816,0.6038180612455025,0.0,0.0,0.48485811380806554,0.46629946657939714,0.4829052677361328,0.500974970858392,0.0,0.0,0.0,0.4841265304272418,0.4835478259675337,0.0,0.0,0.0,0.4753346666072535,0.0,0.0,0.0,0.0,0.0,0.0,0.0,0.0,0.48610143645781356,0.45685106297523886,0.0,0.0,0.0,0.4747197921214467,0.47646492246585515,0.48548030288145233,0.47464006608773834,0.0,0.4062643960101772,0.5041628674347889,0.4819871755533215,0.0,0.4776293483122077,0.0,0.4468364806426649
0.4957368950603739,0.4377401932535975,0.33845606486499735,0.3971364405087545,0.4235645500371867,0.43100253151630336,0.47719554756126337,0.3751966831633065,0.45074213102043453,0.0,0.26011744397514663,0.0,0.48172525968198815,0.3839379723609073,0.42833714041833243,0.44661402169366177,0.0,0.451539646187081,0.27512732616470187,0.41188532513566256,0.43584947381570877,0.46060328904452513,0.0,0.5814785333150603,0.4418944723087741,0.47086060636913096,0.38696022034623634,0.46610080405500437,0.4379398541147754,0.45761659333750565,0.4576971549539573,0.4356330233450227,0.4148105115738743,0.47793747472507964,0.5077115085880809,0.3645884961945676,0.4461755252127015,0.3639809542333567,0.5011610577465119,0.49456499597426257,0.5179980111843212,0.5227374628979998,0.40844490766039265,0.0,0.0,0.0,0.425754411936225,0.5400676532069526,0.0,0.4744787045119372,0.5204258436751377,0.5005775203840177,0.5073846586343773,0.5154601963654424,0.0,0.4900241583007433,0.0,0.5016601371954627,0.448296973695309,0.47248297318147875,0.0,0.0,0.0,0.543949247447323,0.5070160144853398,0.48065561246805205,0.4811256454467796,0.5271393176923549,0.0,0.0,0.5113635568636852,0.5213996374899031,0.5089659402467037,0.4944451365441657,0.4996593406453865,0.5154286428488566
0.44359283953699474,0.0,0.0,0.0,0.0,0.0,0.0,0.5418904946256702,0.0,0.3401225381712242,0.0,0.3062115373938602,0.3975931304019805,0.0,0.0,0.0,0.3813407943526683,0.37702094036488876,0.0,0.0,0.5382082139589601,0.0,0.5814785333150603,0.0,0.39333093132978436,0.3612471648502749,0.0,0.41261864076821825,0.0,0.0,0.3451782699277711,0.25248683180504133,0.27068174159779296,0.2723511096880963,0.27929975642288457,0.0,0.0,0.26440708710896754,0.4456165286078625,0.3398987050035096,0.37576798999492667,0.0,0.0,0.0,0.2968317173388095,0.4928376950780794,0.0,0.0,0.0,0.0,0.0,0.0,0.0,0.0,0.402794051871065,0.0,0.4170402347537357,0.0,0.0,0.0,0.4259099830139301,0.4448864473004844,0.43317035253583336,0.0,0.0,0.0,0.0,0.0,0.4859325453643908,0.43409616072998186,0.46192996549372034,0.0,0.45331928096662505,0.0,0.0,0.4247286959559272
0.39168747338046095,0.370988869354159,0.0,0.0,0.0,0.41637328407088736,0.4866302110588402,0.4764850458804335,0.3803719227475912,0.38727119060037735,0.0,0.4161795212033283,0.4578181210241225,0.0,0.4043110371155825,0.4182457313449604,0.35341715723560385,0.3847055788975278,0.0,0.4094764339676518,0.4358481565778151,0.4099312676206882,0.4418944723087741,0.39333093132978436,0.0,0.38377495253912114,0.4186319303967219,0.44930592096031186,0.42391631542720176,0.0,0.4033057776873612,0.4161152454114531,0.3700157362671666,0.38634122158319956,0.3777637124356006,0.39720177729718964,0.0,0.34760329960644004,0.4253258746083206,0.3850877681541075,0.41764217762104106,0.42944563618554277,0.0,0.0,0.0,0.4561097132670886,0.4342810126354963,0.0,0.0,0.0,0.0,0.0,0.0,0.0,0.41991456970048774,0.0,0.4385592287161327,0.0,0.0,0.0,0.4089870802409289,0.3883939373208116,0.4098734161753496,0.0,0.39615792953196993,0.41640854365298813,0.405719837207777,0.0,0.4641243067614881,0.41094183540920765,0.43636386293727386,0.0,0.0,0.4009834775041266,0.0,0.40419379810341716
0.4090740140218958,0.3959643196846047,0.0,0.0,0.0,0.4493899993510025,0.5038903944815294,0.49703888700524607,0.40833885040728174,0.39874472243729236,0.0,0.3367342655792881,0.4734541303333877,0.0,0.45072696691828773,0.4568300491155734,0.3958197206613865,0.42314297230222386,0.0,0.4741824744819909,0.42868350045888726,0.44612180875948126,0.47086060636913096,0.3612471648502749,0.38377495253912114,0.0,0.47929320043465456,0.4992524105420894,0.4486087063817275,0.3489636758910768,0.42226024465116163,0.4388253600244755,0.37644198848066773,0.41332871924212533,0.44374363014184964,0.0,0.0,0.3527838539891508,0.4743775744620533,0.4201190408066408,0.4639871181184863,0.47951304461168076,0.0,0.0,0.31571458628029486,0.47696447309934253,0.4827763927990052,0.0,0.0,0.0,0.4676995034117504,0.0,0.0,0.0,0.44752061620590167,0.0,0.46523879285371494,0.0,0.0,0.502431159594588,0.4418887016047307,0.42615873010431227,0.43529754583892094,0.0,0.49145580454861043,0.48944168711804525,0.5031817052604723,0.4839197623137563,0.49500972950230626,0.43658105448831275,0.48253741414883683,0.4836824823986409,0.0,0.5058551438752473,0.0,0.4297805104232994
0.5236022899720583,0.4392569531224393,0.35125676189993876,0.42802421256820217,0.41119747303584175,0.39615874797858197,0.47243789737679526,0.48507215146927996,0.3881362558294517,0.0,0.4347734009888215,0.0,0.4815428613574477,0.4381727987603871,0.4574890262046827,0.4453912816564957,0.0,0.4457276822078206,0.3777383324430085,0.36349660753988855,0.46565645644826625,0.45727266598530397,0.38696022034623634,0.0,0.4186319303967219,0.47929320043465456,0.0,0.46997675972231767,0.3787500502865847,0.45397792030697465,0.4498539057566691,0.4473092394384823,0.43134079755934546,0.4778943757531004,0.4792817848571242,0.4348474719284577,0.4473002452089479,0.0,0.4870590554605991,0.0,0.5176135507595367,0.5287559804879434,0.46721003353930873,0.0,0.0,0.0,0.0,0.5333599238919738,0.0,0.0,0.5278446388549649,0.4768517661616799,0.5416031785011907,0.5257597850504395,0.0,0.5069190778915018,0.0,0.5045233501493853,0.48440561170460356,0.4786904439610381,0.0,0.0,0.0,0.5409957214215684,0.49314087958300934,0.5235159477481068,0.5278984991565135,0.5480758028160391,0.0,0.0,0.5026939908870667,0.5283124796138896,0.5145971825789404,0.0,0.0,0.5055570044745005
0.42367608983022126,0.4545330943873888,0.4958231323702092,0.23563009348483424,0.3977683041425025,0.3793618486567181,0.3535953812533553,0.47819757241187466,0.46437578918661293,0.41770805331850797,0.4458973872613419,0.3637835720233832,0.37448521576959876,0.20930952359006527,0.42974363739990146,0.48212223844865687,0.467151672606699,0.48378088269043457,0.45135649343128814,0.40431845991760723,0.4740133488035398,0.45016328834916175,0.46610080405500437,0.41261864076821825,0.44930592096031186,0.4992524105420894,0.46997675972231767,0.0,0.3673462224197709,0.3311149166390621,0.3846184129677514,0.36979431623203923,0.34733611054936375,0.3555308816357785,0.24395925141019392,0.26517912793453213,0.24513764658256537,0.33611610436812833,0.49505931331533115,0.0,0.0,0.0,0.0,0.0,0.0,0.0,0.0,0.0,0.0,0.0,0.511448137099903,0.0,0.548168518987429,0.0,0.0,0.0,0.40313694982687936,0.0,0.0,0.4754567704435125,0.0,0.0,0.0,0.0,0.49016270466574585,0.0,0.0,0.5142200184234264,0.0,0.0,0.4318381495181478,0.5162008092835438,0.0,0.0,0.0,0.0
0.0,0.4353514072230625,0.0,0.0,0.46197493676371654,0.3540827398934096,0.4611070021428504,0.4388512802963459,0.4358905372005469,0.0,0.0,0.0,0.45272414303492947,0.0,0.40855110397551,0.44703816411713254,0.0,0.44654464302579894,0.0,0.35283744982720033,0.4261087415889464,0.42260582242398076,0.4379398541147754,0.0,0.42391631542720176,0.4486087063817275,0.3787500502865847,0.3673462224197709,0.0,0.32914556035828646,0.3420453251904311,0.4234234031211879,0.417925484615121,0.42139761739593257,0.4560693400318912,0.34028316839497486,0.0,0.0,0.45779914865731186,0.0,0.0,0.0,0.0,0.0,0.0,0.0,0.0,0.0,0.0,0.0,0.0,0.0,0.0,0.0,0.0,0.0,0.0,0.0,0.0,0.4374519723783335,0.0,0.0,0.0,0.0,0.4601015444074428,0.0,0.4673068968100374,0.49478164603621205,0.0,0.0,0.49137185026247165,0.48272146394826465,0.0,0.0,0.0,0.0
0.0,0.0,0.0,0.0,0.0,0.44125139459658647,0.0,0.46083951717300753,0.4353533121226015,0.0,0.0,0.0,0.4558171329860039,0.0,0.40219878344501714,0.44150160421015006,0.0,0.4270310315734711,0.0,0.35025452338233204,0.0,0.4109642991954536,0.45761659333750565,0.0,0.0,0.3489636758910768,0.45397792030697465,0.3311149166390621,0.32914556035828646,0.0,0.3312216134969132,0.0,0.0,0.37746037793180587,0.0,0.0,0.0,0.0,0.0,0.0,0.0,0.0,0.0,0.0,0.0,0.0,0.0,0.0,0.0,0.0,0.0,0.0,0.0,0.0,0.0,0.0,0.0,0.0,0.0,0.0,0.0,0.0,0.0,0.0,0.0,0.0,0.0,0.0,0.0,0.0,0.0,0.5230990874749322,0.0,0.0,0.0,0.0
0.40155208116424224,0.40117798743308586,0.49100486096976015,0.41315121512739467,0.4522571478319862,0.4457941685373595,0.4366670411552523,0.47033897517022544,0.47075405740831167,0.35833443245620494,0.4565497579592415,0.3314554495336973,0.4288989946743389,0.41453386354378174,0.4196438995621305,0.4040300646336193,0.3816831646994693,0.3928145761000978,0.4669651230978229,0.397603789783987,0.4059167774586519,0.4035397707304434,0.4576971549539573,0.3451782699277711,0.4033057776873612,0.42226024465116163,0.4498539057566691,0.3846184129677514,0.3420453251904311,0.3312216134969132,0.0,0.3934521304353499,0.37699400064613897,0.33250804761836084,0.33395604507672283,0.3931451083849307,0.34469371611595917,0.30611188024094715,0.4627845683271823,0.39929382111131917,0.4481789184427664,0.4700703452816171,0.0,0.0,0.38887561587190583,0.43985070231656315,0.44911287290678564,0.0,0.0,0.0,0.48570583904933706,0.0,0.5240412391415937,0.0,0.3364244003461156,0.0,0.37500674609630574,0.0,0.0,0.45971016563266437,0.4237237710790645,0.0,0.4106368201437197,0.0,0.47303504385621903,0.4434213424980412,0.4616196008023515,0.503494400754461,0.0,0.42212902713530226,0.46558120561805777,0.4991345797698291,0.44979452762560396,0.4296902202665596,0.0,0.0
0.4197476772781046,0.408726996754433,0.46148809887434067,0.28865448341524336,0.4118641791949592,0.4360705382871297,0.39908426558587673,0.39796485204172705,0.4364307637275102,0.34121405446392317,0.36612667269497334,0.21410570864968398,0.39178361634623976,0.28461994857275663,0.43571257282650716,0.445034761990729,0.43218104612993213,0.45857290102831094,0.42397967149005417,0.46681746622600573,0.4213794477617033,0.4591240916762393,0.4356330233450227,0.25248683180504133,0.4161152454114531,0.4388253600244755,0.4473092394384823,0.36979431623203923,0.4234234031211879,0.0,0.3934521304353499,0.0,0.33934114856371766,0.33288644689172325,0.34564941041005925,0.28793760502579113,0.309915982797878,0.22036451854572744,0.3310887548226183,0.3460038598068895,0.38401977984564606,0.3272515898898843,0.31199117370069057,0.31305992834815277,0.0,0.4549514822538438,0.4622589480615194,0.0,0.0,0.0,0.47111656926654394,0.3726821963887339,0.47525569807489737,0.0,0.0,0.0,0.2722763009993185,0.4483406942522851,0.0,0.45028779375472705,0.42511029903643166,0.0,0.4151372346060565,0.0,0.46330833892522433,0.4555274889137824,0.4697872673076411,0.4860141976499145,0.26459807874557567,0.42623425315616215,0.47417764799645395,0.4804426052779557,0.48030712786446,0.4525275295863061,0.0,0.486222427706834
0.3746407718131543,0.36325613651459276,0.0,0.0,0.0,0.43851499750782047,0.3876735785650512,0.4393156258372921,0.4109933088629618,0.359056749213539,0.0,0.2869741532092185,0.36645715140301494,0.0,0.39338243889890673,0.44335720006358487,0.38882626852760843,0.39699504361320653,0.0,0.4328958284753507,0.3771403860442828,0.42704703057257065,0.4148105115738743,0.27068174159779296,0.3700157362671666,0.37644198848066773,0.43134079755934546,0.34733611054936375,0.417925484615121,0.0,0.37699400064613897,0.33934114856371766,0.0,0.2523977843317533,0.35703746674601006,0.2874808366672856,0.25973668099560515,0.1983512149885173,0.35030782050329884,0.3263665451193022,0.39881781765929036,0.29252392040677005,0.0,0.0,0.2018468398855671,0.4475563674237054,0.4350104408564205,0.0,0.0,0.0,0.43956340039277453,0.0,0.0,0.0,0.3566712980714662,0.0,0.3573452605281491,0.0,0.0,0.44935997212642537,0.39207838769269626,0.0,0.34547401824215634,0.0,0.42070483724147617,0.41971962406319613,0.46520688212144423,0.4647414411896666,0.3541404866724908,0.3822282628127717,0.4206688505940884,0.46811623109531264,0.0,0.4229214820524266,0.0,0.3775570620205485
0.4039522991883071,0.3978784738366155,0.49518691068488246,0.24517203370694052,0.43494502760502507,0.46392087389473385,0.40331556840756455,0.4717905178045374,0.46657079008670077,0.340746444879689,0.4374360721226616,0.2625899643463014,0.4043778747829914,0.0,0.4551187614273169,0.42381993632331433,0.3925222749120036,0.4093560213100628,0.45866077048647236,0.4650714130421597,0.4171215308698337,0.46118902300200626,0.47793747472507964,0.2723511096880963,0.38634122158319956,0.41332871924212533,0.4778943757531004,0.3555308816357785,0.42139761739593257,0.37746037793180587,0.33250804761836084,0.33288644689172325,0.2523977843317533,0.0,0.26478914149105676,0.291124340955568,0.23994866817092736,0.2179963591006746,0.3803180959192731,0.40048662727470064,0.4314018759738735,0.3615376920783442,0.0,0.0,0.27372555330252957,0.43828581161906377,0.4519488111415939,0.0,0.0,0.0,0.5063255244473637,0.0,0.5258483513680766,0.0,0.36318622794789346,0.0,0.36361944195962,0.0,0.0,0.47714306057831607,0.4147871213357502,0.0,0.3904211308140455,0.0,0.48298341114209065,0.4649646172798722,0.4762910792387639,0.5218397037700537,0.3103249136565065,0.4105638468469962,0.4671217615075496,0.5101377349661593,0.5154987335772803,0.46837690610552085,0.0,0.5251173324975149
0.4145813691396175,0.4282195840648605,0.0,0.24918278219042558,0.434458359699193,0.45736328365995904,0.44377951413097355,0.492269276822119,0.46920353032706386,0.3020678574053594,0.43382782880230825,0.2793499950784737,0.41946352083777333,0.0,0.4871795138180032,0.46050862661819275,0.3678155004654126,0.4220260338430862,0.4300471271045181,0.49055593643776974,0.453362140792386,0.49658785927624816,0.5077115085880809,0.27929975642288457,0.3777637124356006,0.44374363014184964,0.4792817848571242,0.24395925141019392,0.4560693400318912,0.0,0.33395604507672283,0.34564941041005925,0.35703746674601006,0.26478914149105676,0.0,0.31979491313785313,0.3044541559901706,0.23310075076794864,0.35884541585988383,0.3679084844153443,0.3838321840320069,0.3722895275143559,0.0,0.0,0.0,0.503925684708036,0.4702442845505509,0.0,0.0,0.0,0.0,0.0,0.0,0.0,0.31950188530495793,0.0,0.3596764834079281,0.0,0.0,0.4925575546822708,0.4239934728547145,0.0,0.3968216034951497,0.0,0.4813999676390948,0.4901959431879614,0.4978675457986144,0.5027604499680407,0.0,0.4152470868057555,0.49564620624486616,0.5112328487956874,0.0,0.44962169070553687,0.0,0.4152993957927067
0.0,0.0,0.3915239861444346,0.1858472126383073,0.22878091518443033,0.4277139165777792,0.3008759968420544,0.23247023599671182,0.43539078294054606,0.3945461869834107,0.2453943943444137,0.32078141314528075,0.33714673010405377,0.19544106765582375,0.0,0.0,0.42804537669409076,0.4474505955628423,0.36935766289113037,0.0,0.40980724493436,0.6038180612455025,0.3645884961945676,0.0,0.39720177729718964,0.0,0.4348474719284577,0.26517912793453213,0.34028316839497486,0.0,0.3931451083849307,0.28793760502579113,0.2874808366672856,0.291124340955568,0.31979491313785313,0.0,0.23894147670999805,0.30365078706568105,0.29437761462788287,0.3245163063444133,0.29244625765840193,0.32271092291413117,0.0,0.31441661623691447,0.0,0.0,0.0,0.0,0.0,0.0,0.3345143410940281,0.0,0.2947212813284512,0.0,0.0,0.29332683658917075,0.0,0.0,0.0,0.0,0.0,0.0,0.0,0.0,0.0,0.0,0.0,0.0,0.0,0.0,0.0,0.36900623342958633,0.0,0.0,0.0,0.0
0.0,0.0,0.4200655710343472,0.18779382240319747,0.19794180722462382,0.4368435706206557,0.2583553886204109,0.26481702082879527,0.44393138497399065,0.27169423395825093,0.41212565989173905,0.28491666981103325,0.26253922934861346,0.1676958279256165,0.0,0.0,0.0,0.0,0.4247553049950586,0.0,0.0,0.0,0.4461755252127015,0.0,0.0,0.0,0.4473002452089479,0.24513764658256537,0.0,0.0,0.34469371611595917,0.309915982797878,0.25973668099560515,0.23994866817092736,0.3044541559901706,0.23894147670999805,0.0,0.2825081514399986,0.2786066735921562,0.0,0.276295463376324,0.29713440551085263,0.32605105620110925,0.0,0.0,0.0,0.0,0.0,0.0,0.0,0.0,0.0,0.0,0.0,0.0,0.0,0.0,0.0,0.0,0.0,0.0,0.0,0.0,0.0,0.0,0.0,0.0,0.0,0.0,0.0,0.0,0.0,0.0,0.0,0.0,0.0
0.3988038240472211,0.0,0.0,0.0,0.0,0.0,0.0,0.0,0.39829422963708855,0.2800956611776728,0.4137893258258126,0.23001510543906434,0.3588794791378878,0.0,0.0,0.0,0.0,0.0,0.36029071552404046,0.0,0.0,0.0,0.3639809542333567,0.26440708710896754,0.34760329960644004,0.3527838539891508,0.0,0.33611610436812833,0.0,0.0,0.30611188024094715,0.22036451854572744,0.1983512149885173,0.2179963591006746,0.23310075076794864,0.30365078706568105,0.2825081514399986,0.0,0.2613458516231239,0.21893006993812358,0.26582260647881617,0.0,0.0,0.0,0.23455251535226623,0.0,0.0,0.0,0.0,0.0,0.0,0.0,0.0,0.0,0.3075457986289436,0.0,0.32899433646108994,0.0,0.0,0.0,0.0,0.0,0.0,0.0,0.0,0.0,0.0,0.0,0.305940605995798,0.0,0.3798295344689039,0.0,0.0,0.0,0.0,0.0
0.45094235822588147,0.4536159803605889,0.4099765341019547,0.0,0.0,0.475443575906788,0.0,0.4612712396234729,0.0,0.3752454351419318,0.32324410937358145,0.41624135027408843,0.0,0.0,0.48541994391815396,0.45583230039167794,0.41211054652778817,0.4232969857485452,0.0,0.473585913421858,0.47396331161943517,0.48485811380806554,0.5011610577465119,0.4456165286078625,0.4253258746083206,0.4743775744620533,0.4870590554605991,0.49505931331533115,0.45779914865731186,0.0,0.4627845683271823,0.3310887548226183,0.35030782050329884,0.3803180959192731,0.35884541585988383,0.29437761462788287,0.2786066735921562,0.2613458516231239,0.0,0.3435589070229305,0.3731132148229907,0.36456437560895444,0.20277271092774565,0.30252398877498987,0.27668838915538263,0.4009873574415143,0.40749591702069976,0.4001269961923677,0.26770221482483286,0.3652123638414799,0.39802886385248537,0.377125499816793,0.3090605568931397,0.4347407760602349,0.33000182894700875,0.30702787869032405,0.2865267766724741,0.38822962181050225,0.2545789300172084,0.4292595616627377,0.41452916406895207,0.4115805106970786,0.43124632705588983,0.41194429561421125,0.4692705827270081,0.4244379519207315,0.4586296072398407,0.402582926218934,0.3557142199006623,0.41179555675151114,0.417810410122871,0.43428168082510177,0.3423864343578116,0.45076527508769626,0.0,0.36354078295565245
0.41550771057823427,0.44518023306460913,0.0,0.0,0.0,0.0,0.0,0.0,0.0,0.3339487057517372,0.0,0.3156744290711058,0.0,0.0,0.46949674013171977,0.4414927232870715,0.3609836579730104,0.37190952644235364,0.0,0.4067183243142612,0.4607038969093934,0.46629946657939714,0.49456499597426257,0.3398987050035096,0.3850877681541075,0.4201190408066408,0.0,0.0,0.0,0.0,0.39929382111131917,0.3460038598068895,0.3263665451193022,0.40048662727470064,0.3679084844153443,0.3245163063444133,0.0,0.21893006993812358,0.3435589070229305,0.0,0.2511793873826849,0.3258535858814347,0.28163625690882027,0.2710531781813921,0.20446183524301564,0.33780326305611136,0.34318097590458446,0.0,0.0,0.44551963475133316,0.39192348096688107,0.37840672799985836,0.0,0.3252919652743346,0.30597598680526095,0.0,0.25201240738822606,0.42205813743573917,0.0,0.36571829089957286,0.3417388973119578,0.3476497295080743,0.3489277440116085,0.0,0.3795323937358937,0.3657770020447754,0.3839019864668323,0.3749575416670745,0.27076129340704924,0.3299736287835031,0.35070279701844603,0.3857010390807233,0.3564756692275293,0.3882078948041978,0.3709260777646225,0.3393772746224575
0.4354645331809724,0.4444971898831997,0.0,0.0,0.0,0.5089822067913643,0.0,0.5299906639524963,0.0,0.36875145043693297,0.0,0.36523907312860077,0.0,0.0,0.5032973929090059,0.45442579459107957,0.36446681895637406,0.4096797576597229,0.0,0.5090037486048146,0.49181348912359657,0.4829052677361328,0.5179980111843212,0.37576798999492667,0.41764217762104106,0.4639871181184863,0.5176135507595367,0.0,0.0,0.0,0.4481789184427664,0.38401977984564606,0.39881781765929036,0.4314018759738735,0.3838321840320069,0.29244625765840193,0.276295463376324,0.26582260647881617,0.3731132148229907,0.2511793873826849,0.0,0.3203836967259723,0.2543224079990585,0.24195591120328272,0.21171115247746977,0.3609392349150639,0.3882524240717952,0.4259497266288681,0.2252784070976234,0.3927661468216052,0.42722789888486346,0.394205936781206,0.43964351623568076,0.45184137944643266,0.32382855117505693,0.45104017447989253,0.27519943036822736,0.42199510179770217,0.0,0.4451343563371998,0.3670655686328695,0.3706444092408391,0.38424545971867385,0.478114398885308,0.45629668325014267,0.4215817992700126,0.4178531687251305,0.43509775455792166,0.3136620504236597,0.37001843654327554,0.38975802709842067,0.444063278656593,0.3634421224724639,0.42292583774952025,0.39539621356206056,0.28843412436236854
