0.0,0.372599274875442,0.0,0.0,0.0,0.44512625916757853,0.0,0.5427594953944194,0.0,0.3864975552546806,0.0,0.37506578762693626,0.47783570443195034,0.5243689580979404,0.3722895185424028,0.3588689633492337,0.32209075221180544,0.34444246633623227,0.0,0.44627426101357004,0.39680252048707665,0.3557055072547468,0.4863165842693448,0.36102979722829315,0.336144344812381,0.33860349534745615,0.45246867526726187,0.47992253846996363,0.4351960434343525,0.0,0.34561220071936605,0.4041695436291098,0.30649789294963736,0.35562752977599754,0.39386709458157293,0.0,0.0,0.0,0.4314432258988487,0.3898422439577361,0.41166692825826323,0.45100418362935407,0.0,0.0,0.0,0.37734944817111804,0.42787046885259333,0.0,0.0,0.0,0.0,0.0,0.0,0.0,0.40634195136697543,0.0,0.0,0.0,0.0,0.0,0.4144104494345734,0.0,0.38413331013095386,0.0,0.0,0.3850387252926795,0.4012011691176996,0.0,0.3437774925944623,0.41133384065496553,0.43430986796900656,0.0,0.0,0.0,0.0,0.0
0.372599274875442,0.0,0.41613364071854897,0.0,0.3760863895414496,0.36360463598352166,0.3754469280452133,0.4298975912184042,0.3767333952351351,0.0,0.0,0.0,0.36687822978052687,0.0,0.3897368823923623,0.36283195185089584,0.45422972436573344,0.36536745147711397,0.0,0.3901253496618091,0.38366119103624463,0.38098409389778404,0.39064486597780496,0.36515547904397005,0.34882021416187536,0.36823336661852984,0.3857754318894685,0.36805795094157484,0.3770129356719765,0.0,0.3526781420339959,0.41246928350313994,0.34294967506869134,0.36416063728062315,0.4142983156309207,0.0,0.0,0.0,0.4326583202063202,0.4094596504865467,0.4087915004116348,0.44520027048110145,0.0,0.0,0.0,0.422944002795344,0.42754190355414967,0.0,0.0,0.0,0.0,0.0,0.0,0.0,0.0,0.0,0.0,0.0,0.0,0.44175373500307585,0.4179170430162896,0.0,0.4210942791631292,0.0,0.4217583782151513,0.46214732307830975,0.39747525722861793,0.47611456902304156,0.3776957200076591,0.4365895776569487,0.4472730512062872,0.0,0.0,0.41198440140581105,0.0,0.41168466243422497
0.0,0.41613364071854897,0.0,0.0,0.37205758588575316,0.37002199194641805,0.3692797434464483,0.41547489365647133,0.29090482551670976,0.0,0.2850778806203854,0.0,0.37432008990670934,0.3602279304711448,0.0,0.0,0.0,0.0,0.26534251965580025,0.0,0.5062743975939157,0.36868449006771575,0.30857823024512077,0.0,0.0,0.0,0.33141018469077915,0.38035940060466067,0.37051352462445136,0.4019931625237922,0.4035965209064432,0.39932950648658805,0.4236510916943049,0.41977050343463335,0.41113450791120293,0.3750209586479724,0.0,0.0,0.48889379663978155,0.0,0.0,0.0,0.4774347097775125,0.0,0.0,0.0,0.0,0.4177157006411383,0.0,0.5289782314410809,0.5060640676146869,0.539809305228963,0.5101334562008936,0.5248804652237471,0.0,0.28142259623630245,0.0,0.5057701870230721,0.4956094837537796,0.0,0.0,0.0,0.0,0.26542344719368427,0.0,0.0,0.0,0.500845856558291,0.0,0.0,0.0,0.5074193074574866,0.5842553563845648,0.0,0.0,0.0
0.0,0.0,0.0,0.0,0.2515282864933079,0.36904268960850134,0.282285677400759,0.242201877769041,0.3768394441719775,0.16705995100433785,0.3613886034021712,0.0,0.300067644662266,0.2516664402116039,0.0,0.0,0.0,0.0,0.0,0.0,0.0,0.0,0.3427034770255961,0.0,0.0,0.0,0.0,0.2217114011681933,0.0,0.0,0.3019872553591591,0.2602684265275196,0.0,0.26177300402737264,0.25327117440473473,0.16942399528995722,0.1545742214905855,0.0,0.0,0.0,0.0,0.0,0.0,0.0,0.0,0.0,0.0,0.0,0.0,0.0,0.0,0.0,0.0,0.0,0.0,0.0,0.0,0.0,0.0,0.0,0.0,0.0,0.0,0.0,0.0,0.0,0.0,0.0,0.0,0.0,0.0,0.0,0.0,0.0,0.0,0.0
0.0,0.3760863895414496,0.37205758588575316,0.2515282864933079,0.0,0.3537708777063695,0.3304546971682692,0.36944048812249486,0.32839379237262417,0.41879952858947755,0.3272824345604033,0.38312943075400313,0.3388594357007147,0.28076758892258646,0.0,0.3856294348310672,0.4570236342974512,0.4724456492588037,0.36156935934805984,0.3354851416156916,0.0,0.3472210769486521,0.36956016117205437,0.4324851143810023,0.43063125973314403,0.44575897339946413,0.3637246094329659,0.34196926825370316,0.33320618226292925,0.3229625434712072,0.40418194199696017,0.3332732771250107,0.4066621772957796,0.405507698603824,0.36846910486778073,0.22436169960229418,0.20381321042586367,0.3924924450091356,0.4530102645194055,0.0,0.0,0.0,0.3787567930487752,0.0,0.0,0.0,0.0,0.5122457487837181,0.0,0.5167666041376808,0.5183705611276463,0.6129005762946045,0.4896681243461982,0.5227014268476492,0.0,0.42708495200742425,0.0,0.0,0.43115279889792196,0.0,0.0,0.0,0.0,0.483538358181111,0.0,0.0,0.0,0.48988628063611656,0.0,0.0,0.0,0.5017441495842291,0.0,0.0,0.0,0.0
0.44512625916757853,0.36360463598352166,0.37002199194641805,0.36904268960850134,0.3537708777063695,0.0,0.3557511681928547,0.3667862435318249,0.3093521092294132,0.40922227878879447,0.364785988573427,0.0,0.3368995680757619,0.33364130778691486,0.38606994461094574,0.37792909907764344,0.0,0.381320967259405,0.35254048382408093,0.38327743074867787,0.38900826429507634,0.3829162476226186,0.365808962288572,0.0,0.34445912692159175,0.37536633432251715,0.34681412629144853,0.33310049866740066,0.2949637050532434,0.35206341853910894,0.37279942929989085,0.3840201763364605,0.36452318662921845,0.393405814289865,0.3926402214185498,0.3832917766973847,0.38118730598907064,0.0,0.454971467962221,0.0,0.47761772224373694,0.0,0.4268254265615738,0.0,0.0,0.0,0.0,0.5043055527477572,0.0,0.5553026826529931,0.4635079566367164,0.5037257995077814,0.4394880300217842,0.4846224981385998,0.0,0.48381789017358173,0.0,0.48771722932050576,0.0,0.4626167495280163,0.0,0.0,0.0,0.5073187496033978,0.45771115983085964,0.45753683557470476,0.4614759173286089,0.4685350351128699,0.0,0.0,0.4877735578980558,0.46825482078837016,0.4690980452678524,0.44590725332799147,0.0,0.4824564057022952
0.0,0.3754469280452133,0.3692797434464483,0.282285677400759,0.3304546971682692,0.3557511681928547,0.0,0.33673444924416307,0.3429414279808411,0.4197030254941258,0.3886877325703853,0.39587848854155494,0.322719243889061,0.3215405219637193,0.3653510556870767,0.38972316835386484,0.4453894082223771,0.4025001309073523,0.39427807406680304,0.35479542897284644,0.39983057065249683,0.36654211447360535,0.3541656849518887,0.39809826007094445,0.38687302458835643,0.42208486167724335,0.3521545320811397,0.35554001200380986,0.350682514402939,0.31481644845088996,0.39467690550841117,0.3701977968732423,0.4309159435212385,0.3985010917095724,0.3772292614064149,0.28077056019075763,0.3284261437118909,0.37946857241175214,0.0,0.0,0.0,0.0,0.4127524811193602,0.0,0.0,0.0,0.0,0.0,0.0,0.0,0.0,0.0,0.4556634831196445,0.0,0.0,0.5286676154036086,0.0,0.0,0.0,0.0,0.0,0.0,0.0,0.0,0.0,0.0,0.0,0.45313406483046714,0.0,0.0,0.0,0.47343034781977983,0.0,0.0,0.0,0.0
0.5427594953944194,0.4298975912184042,0.41547489365647133,0.242201877769041,0.36944048812249486,0.3667862435318249,0.33673444924416307,0.0,0.42993693324786036,0.0,0.3386790634999886,0.0,0.3770635968677491,0.3351663459239884,0.4515499595477061,0.4532978304014625,0.0,0.5074420132966287,0.40856592182677065,0.3728634590337069,0.4555207092434229,0.43627219522324756,0.36328235470962983,0.5433906267942014,0.5048961306761608,0.5164791710793876,0.4102813234651332,0.38272655831537383,0.34051881718600346,0.3707286404246496,0.4022444977735989,0.35348345406232007,0.46652926367311914,0.41190970489312556,0.4204414317689824,0.2526779345496745,0.3073582997854461,0.0,0.4465163098098093,0.0,0.4870823941491683,0.0,0.3514191794759094,0.0,0.0,0.0,0.0,0.4842918459748894,0.0,0.4826723660190073,0.4540738515663506,0.475219899879391,0.34007834018619976,0.49877272786272264,0.0,0.4432004450137599,0.0,0.4509272887028933,0.42425765805947374,0.4589152526731163,0.0,0.0,0.0,0.4653711171813659,0.4779125702145643,0.42989462887805063,0.0,0.4536999874580865,0.0,0.0,0.0,0.47407091432006865,0.44549711039337914,0.4364239739147588,0.0,0.4934315155647712
0.0,0.3767333952351351,0.29090482551670976,0.3768394441719775,0.32839379237262417,0.3093521092294132,0.3429414279808411,0.42993693324786036,0.0,0.4279154865464802,0.31234458750463273,0.40442129271461086,0.342222165709242,0.3685377708288001,0.0,0.39372626954131373,0.5655075230397134,0.0,0.2849222448137225,0.358664482666179,0.0,0.3773385167233632,0.3810909713979156,0.0,0.36836857482684915,0.4117691272653821,0.3019812073996627,0.37784063297033477,0.3498067801642607,0.39482774288773154,0.39596387419445245,0.38658493958215173,0.0,0.4169943059920755,0.41915738976895944,0.37544690382806706,0.39503897294926216,0.42857842216733355,0.48827067036043814,0.0,0.0,0.0,0.4608936978934796,0.0,0.0,0.0,0.0,0.5241628384610563,0.0,0.5522767425735655,0.501562358531079,0.5518246011459088,0.4726296532269209,0.5372875340111168,0.0,0.49595706513525517,0.0,0.0,0.48716589495092555,0.0,0.0,0.0,0.0,0.5064473921993525,0.0,0.0,0.0,0.48978796864494656,0.0,0.0,0.0,0.48789371429571404,0.0,0.0,0.0,0.0
0.3864975552546806,0.0,0.0,0.16705995100433785,0.41879952858947755,0.40922227878879447,0.4197030254941258,0.0,0.4279154865464802,0.0,0.4295050535080917,0.2652599930390037,0.4065782806504038,0.4146161975627983,0.0,0.35219524322243245,0.2911157384644688,0.32656017031672263,0.44693332367698047,0.0,0.48168839522837503,0.0,0.42893273329365683,0.26518881632402086,0.30856585663259617,0.31124972682887847,0.0,0.3885014306343733,0.0,0.0,0.318443617608841,0.35578077942620395,0.27681123707101946,0.3156005129594513,0.3281119150189575,0.2677754356455602,0.2395736090011514,0.25332424702165635,0.33953072005926915,0.32068155447190033,0.32877525983342515,0.0,0.0,0.0,0.23644447241108385,0.0,0.0,0.0,0.0,0.0,0.0,0.0,0.0,0.0,0.3781833097133114,0.0,0.39063866540884684,0.38477430280824426,0.0,0.0,0.40505493038253276,0.38343792910526087,0.37210931123948127,0.0,0.0,0.0,0.0,0.0,0.3666741020399672,0.38555165396363883,0.41033247347486684,0.0,0.35526993847131205,0.0,0.0,0.3558103118011868
0.0,0.0,0.2850778806203854,0.3613886034021712,0.3272824345604033,0.364785988573427,0.3886877325703853,0.3386790634999886,0.31234458750463273,0.4295050535080917,0.0,0.41540748666274285,0.4003777875291665,0.2952445570949475,0.0,0.0,0.5243919631847763,0.5358543340325906,0.29859944840449576,0.0,0.0,0.0,0.22400572314879513,0.4269881546254031,0.5102885189112448,0.0,0.371095077485963,0.4085774185927299,0.5667241504610139,0.0,0.43075584595139577,0.370611799985887,0.45616120060130416,0.43785944477503336,0.40367801173118284,0.28226889233221486,0.38635170424507925,0.41411282010505396,0.4072564233150056,0.0,0.0,0.0,0.4050014058884223,0.0,0.0,0.0,0.0,0.4610163149413514,0.0,0.43375196357957807,0.499274028843796,0.47112357960275036,0.45047581774535406,0.47747668174957586,0.0,0.31055492115211897,0.0,0.46845352663957457,0.42681842310034596,0.0,0.0,0.0,0.0,0.27779318334984826,0.0,0.0,0.0,0.4760365234355158,0.0,0.0,0.0,0.4895616395142922,0.49354055459664303,0.0,0.0,0.0
0.37506578762693626,0.0,0.0,0.0,0.38312943075400313,0.0,0.39587848854155494,0.0,0.40442129271461086,0.2652599930390037,0.41540748666274285,0.0,0.3868541852724681,0.0,0.0,0.0,0.31925138398645175,0.3285074385796263,0.4307083591490521,0.0,0.485940864900195,0.0,0.0,0.24295819333181407,0.31831861778239595,0.29282947711894963,0.0,0.3454411477641683,0.0,0.0,0.32544713321671337,0.29049449823283924,0.26050333972561956,0.2654623018157737,0.30205186357742386,0.3091053273503588,0.3186835353214676,0.21566633898882448,0.0,0.3494370405491136,0.34504405139331895,0.0,0.0,0.0,0.2964806394120623,0.0,0.0,0.0,0.0,0.0,0.0,0.0,0.0,0.0,0.3876127769369656,0.0,0.39280556349313017,0.0,0.0,0.0,0.0,0.39205309463375304,0.3834099374400791,0.0,0.0,0.0,0.0,0.0,0.3696816109334731,0.39066793144400547,0.41242271679631876,0.0,0.3780538446871643,0.0,0.0,0.3579996462328778
0.47783570443195034,0.36687822978052687,0.37432008990670934,0.300067644662266,0.3388594357007147,0.3368995680757619,0.322719243889061,0.3770635968677491,0.342222165709242,0.4065782806504038,0.4003777875291665,0.3868541852724681,0.0,0.33967078554794744,0.3681015542596703,0.3837544793966193,0.4226018429600791,0.4014705754438557,0.39445464544196546,0.3646533769021374,0.39846012523706287,0.3786740313020861,0.36038695972455437,0.4026051848978797,0.3681322606330295,0.3889307362127033,0.3599655118159503,0.3214039030212774,0.358948273409477,0.3372401993958078,0.38318171272166396,0.37303086206644387,0.40267395263824846,0.3982923794093403,0.3887653691452625,0.2906102854996695,0.3249404747386226,0.3681525030871828,0.4645247246828079,0.0,0.0,0.0,0.44566570219272506,0.0,0.0,0.0,0.0,0.0,0.0,0.0,0.43104284910972,0.0,0.43440987418351246,0.5731075876758507,0.0,0.0,0.0,0.0,0.0,0.5363439200394224,0.0,0.0,0.0,0.0,0.4949768406624151,0.4980909282031884,0.0,0.45045819769584017,0.0,0.0,0.0,0.46044292919957686,0.0,0.0,0.0,0.0
0.5243689580979404,0.0,0.3602279304711448,0.2516664402116039,0.28076758892258646,0.33364130778691486,0.3215405219637193,0.3351663459239884,0.3685377708288001,0.4146161975627983,0.2952445570949475,0.0,0.33967078554794744,0.0,0.0,0.0,0.0,0.0,0.35642632220775833,0.0,0.4602337929459255,0.0,0.36510781976875206,0.0,0.0,0.0,0.3899393955582052,0.2728473781047467,0.0,0.0,0.3674851353161223,0.2547202364338242,0.0,0.35766606974455895,0.26583821884172304,0.22236764646630822,0.16530132613541956,0.0,0.3038577410875631,0.0,0.0,0.0,0.36861404834678274,0.0,0.0,0.0,0.0,0.4815803056179925,0.0,0.3928493757991441,0.0,0.54773264679685,0.4735301470941213,0.46421771970596915,0.0,0.4279002289379884,0.0,0.0,0.0,0.0,0.0,0.0,0.0,0.45210998978529204,0.0,0.0,0.0,0.45889014136785505,0.0,0.0,0.0,0.46000080647182345,0.0,0.0,0.0,0.0
0.3722895185424028,0.3897368823923623,0.0,0.0,0.0,0.38606994461094574,0.3653510556870767,0.4515499595477061,0.0,0.0,0.0,0.0,0.3681015542596703,0.0,0.0,0.36713794112974524,0.0,0.3605711263654697,0.0,0.3376783279420078,0.38273465226374326,0.37490361167502173,0.3562119254647438,0.40494543999983745,0.3314733125748567,0.3866838657896252,0.38456843675781455,0.3588961666856271,0.38028506379833715,0.35193754829923257,0.39472129379098947,0.44043112710896976,0.37525371807444063,0.42946605297653806,0.4762642519591194,0.5183136750311849,0.0,0.0,0.4895456938888861,0.46205140036277076,0.4898275642837002,0.5204027866867051,0.0,0.0,0.0,0.0,0.4842168578774508,0.0,0.0,0.0,0.4905259264231673,0.0,0.0,0.0,0.0,0.0,0.0,0.0,0.0,0.43422598878406804,0.45842654384730264,0.0,0.0,0.0,0.42096665751818996,0.4680588354715139,0.4813611881668058,0.46325676943956445,0.0,0.0,0.5044771918595612,0.4591759621122887,0.0,0.44769235344821673,0.0,0.478058782040554
0.3588689633492337,0.36283195185089584,0.0,0.0,0.3856294348310672,0.37792909907764344,0.38972316835386484,0.4532978304014625,0.39372626954131373,0.35219524322243245,0.0,0.0,0.3837544793966193,0.0,0.36713794112974524,0.0,0.3625578210230032,0.341262695147288,0.0,0.3739883395470238,0.3643333114838392,0.35503683546654574,0.3909113913849241,0.34766840238475666,0.35899347249517555,0.3755431284152301,0.393480392892288,0.3952741576096758,0.3905989295090627,0.38570703326745726,0.320789327852696,0.40089467631247266,0.37447863131076964,0.3425257469787594,0.3794277365704674,0.0,0.0,0.0,0.4247231419269725,0.4085329629895665,0.408511197159843,0.4373609594385593,0.0,0.0,0.0,0.4021881204042921,0.4284272987280691,0.0,0.0,0.0,0.0,0.0,0.0,0.0,0.0,0.0,0.0,0.0,0.0,0.45651152444455095,0.41384038360195996,0.0,0.40747998373837335,0.0,0.43192379752162424,0.46430943513960676,0.41866123256748944,0.0,0.0,0.42341101229623757,0.43647729185135653,0.0,0.0,0.0,0.0,0.4090196024006602
0.32209075221180544,0.45422972436573344,0.0,0.0,0.4570236342974512,0.0,0.4453894082223771,0.0,0.5655075230397134,0.2911157384644688,0.5243919631847763,0.31925138398645175,0.4226018429600791,0.0,0.0,0.3625578210230032,0.0,0.3232662371223822,0.0,0.0,0.0,0.3766247500583445,0.0,0.3190057923869606,0.306731410326886,0.32988509175221,0.0,0.39742840683528835,0.4352118657591944,0.0,0.3335717068442869,0.397415085382135,0.3212727558094242,0.3549230374360181,0.36638030840606634,0.0,0.0,0.0,0.39162420130428677,0.38367504196384805,0.4211691194119069,0.4278138264483958,0.0,0.0,0.0,0.0,0.41373283946246625,0.0,0.0,0.0,0.0,0.0,0.0,0.0,0.40494965067659416,0.0,0.41301489668736474,0.0,0.0,0.0,0.40624496002972177,0.39422326925678475,0.3781379390802306,0.0,0.0,0.0,0.0,0.0,0.42259810291739053,0.3676490367921544,0.40851773696618643,0.0,0.0,0.0,0.0,0.4368762844802879
0.34444246633623227,0.36536745147711397,0.0,0.0,0.4724456492588037,0.381320967259405,0.4025001309073523,0.5074420132966287,0.0,0.32656017031672263,0.5358543340325906,0.3285074385796263,0.4014705754438557,0.0,0.3605711263654697,0.341262695147288,0.3232662371223822,0.0,0.0,0.38253391987712143,0.3695759633547096,0.3715154557217127,0.4267942132644199,0.321171521429075,0.3358653509400449,0.35216278621939,0.39286798438091874,0.3930552738520962,0.38856448358383994,0.0,0.3440859190320735,0.40556627655696587,0.32954521572440726,0.3638290040534666,0.3766208947530114,0.0,0.0,0.0,0.39613771521994473,0.39188709443631614,0.38800577938942743,0.4257046302885668,0.0,0.0,0.0,0.4025115528986391,0.40903188123451256,0.0,0.0,0.0,0.0,0.0,0.0,0.0,0.3901190006336635,0.0,0.41214694492230375,0.0,0.0,0.44338453035581193,0.3977323260267171,0.3511819756022694,0.3823388221563106,0.0,0.0,0.0,0.3818948015751999,0.0,0.4098581951877134,0.4001753969048007,0.4143981267499707,0.0,0.0,0.0,0.0,0.3930852333721739
0.0,0.0,0.26534251965580025,0.0,0.36156935934805984,0.35254048382408093,0.39427807406680304,0.40856592182677065,0.2849222448137225,0.44693332367698047,0.29859944840449576,0.4307083591490521,0.39445464544196546,0.35642632220775833,0.0,0.0,0.0,0.0,0.0,0.0,0.0,0.0,0.2766549098529074,0.0,0.0,0.0,0.3331870977288666,0.39410994570030106,0.0,0.0,0.4282445605935696,0.38667937469889163,0.0,0.43502685198183855,0.4136628632959921,0.3565592862619729,0.3933154356077815,0.45764963423555954,0.46179523781126425,0.0,0.0,0.0,0.4381481074278104,0.0,0.0,0.0,0.0,0.4947412434091149,0.0,0.5242514019078929,0.5315390896974502,0.5967562323127262,0.5007470928463539,0.5231576358462955,0.0,0.43978028498992006,0.0,0.0,0.4830998024737828,0.0,0.0,0.0,0.0,0.4831313494092952,0.0,0.0,0.0,0.5188442531085556,0.0,0.0,0.0,0.5205481711795945,0.0,0.0,0.0,0.0
0.44627426101357004,0.3901253496618091,0.0,0.0,0.3354851416156916,0.38327743074867787,0.35479542897284644,0.3728634590337069,0.358664482666179,0.0,0.0,0.0,0.3646533769021374,0.0,0.3376783279420078,0.3739883395470238,0.0,0.38253391987712143,0.0,0.0,0.40382665289886704,0.3606100087674139,0.26793648169465084,0.0,0.3668040334336066,0.4000799992918687,0.3676180355551489,0.3516308746844395,0.34011937897251454,0.32217172033181224,0.3464453269975201,0.45230592896088234,0.3875999394700237,0.4291748349214503,0.4727947059358054,0.512631277307061,0.0,0.0,0.48393932721379074,0.4568719394603323,0.4925195337908513,0.5057958588919705,0.0,0.0,0.0,0.0,0.4394838831143315,0.0,0.0,0.0,0.0,0.0,0.0,0.0,0.0,0.0,0.0,0.0,0.0,0.46834057752638986,0.4679757598894419,0.0,0.0,0.0,0.47718264989754416,0.46369822749912065,0.4657884687143854,0.4745056247553853,0.0,0.0,0.46035218135215433,0.4751271357393065,0.48209348533139307,0.47257739845249647,0.0,0.0
0.39680252048707665,0.38366119103624463,0.5062743975939157,0.0,0.0,0.38900826429507634,0.39983057065249683,0.4555207092434229,0.0,0.48168839522837503,0.0,0.485940864900195,0.39846012523706287,0.4602337929459255,0.38273465226374326,0.3643333114838392,0.0,0.3695759633547096,0.0,0.40382665289886704,0.0,0.39032685552889473,0.3894681555660586,0.484900245250959,0.3624163261347663,0.3871774876009119,0.4243994603314266,0.4012243428323399,0.3755511164516602,0.4134465502919581,0.3816225335203914,0.4256952282845013,0.3382620643734617,0.4031808966742279,0.46101462993445547,0.45173305071561004,0.0,0.0,0.47917997320390016,0.43097430216271315,0.4842457011178021,0.5296468627318948,0.0,0.0,0.0,0.4209162918057123,0.4750879130336425,0.0,0.0,0.0,0.0,0.0,0.38779030413309734,0.0,0.0,0.0,0.0,0.0,0.0,0.43488664615829786,0.4480827563089561,0.0,0.0,0.0,0.43962817932536924,0.3853678906715297,0.4555315143420065,0.44617289146096634,0.0,0.43557923330327625,0.4823791161892155,0.4590915731811676,0.45488604741693933,0.4122345215893393,0.0,0.0
0.3557055072547468,0.38098409389778404,0.36868449006771575,0.0,0.3472210769486521,0.3829162476226186,0.36654211447360535,0.43627219522324756,0.3773385167233632,0.0,0.0,0.0,0.3786740313020861,0.0,0.37490361167502173,0.35503683546654574,0.3766247500583445,0.3715154557217127,0.0,0.3606100087674139,0.39032685552889473,0.0,0.388474326824293,0.0,0.3571804993448241,0.3803413530869495,0.41302359930480365,0.36415741305188115,0.37069059031947243,0.3303424873537769,0.3510863853978351,0.44442906981940805,0.36817473524099964,0.411812901822649,0.46566035901215164,0.5423942792725537,0.0,0.0,0.46384432366150885,0.4272360153000452,0.44450373673540283,0.48413474722073724,0.0,0.0,0.0,0.4308240304041904,0.44291024772268545,0.0,0.0,0.0,0.4510850741436001,0.0,0.0,0.0,0.0,0.0,0.0,0.0,0.0,0.48125800483568876,0.4207087327319813,0.0,0.44463055813192737,0.0,0.4553304601932065,0.4566295803706706,0.45705723364056045,0.4602549177302676,0.0,0.4187620699361077,0.4680081096972315,0.46068625810842645,0.0,0.43051867617589396,0.0,0.42918012636503666
0.4863165842693448,0.39064486597780496,0.30857823024512077,0.3427034770255961,0.36956016117205437,0.365808962288572,0.3541656849518887,0.36328235470962983,0.3810909713979156,0.42893273329365683,0.22400572314879513,0.0,0.36038695972455437,0.36510781976875206,0.3562119254647438,0.3909113913849241,0.0,0.4267942132644199,0.2766549098529074,0.26793648169465084,0.3894681555660586,0.388474326824293,0.0,0.5133994145336952,0.41644749749015486,0.4424952117125216,0.3183815336296832,0.37087843148319616,0.34596933119405615,0.3646770759764902,0.39570810655427635,0.3999193610301324,0.3857633445233031,0.4172809997301529,0.4333318479114492,0.3821546736183008,0.39365009955250924,0.0,0.49003135119544017,0.4284632100786159,0.5067537326103414,0.5074032691199747,0.4596977994170542,0.5427169742154867,0.0,0.0,0.4907584140722732,0.4106617387137699,0.0,0.5207111581110206,0.47632362296787245,0.4971491390595422,0.46051435471846314,0.5162918792371839,0.0,0.42275844770978516,0.0,0.4738016274638341,0.5150559288638648,0.4775150668883326,0.0,0.0,0.0,0.3995364266885066,0.49172626054363594,0.47011487975055344,0.47095568449363134,0.4795853779635993,0.0,0.0,0.485106221623002,0.48625519884425644,0.4786463794707172,0.4694551147720055,0.4849576830957179,0.4940338242477983
0.36102979722829315,0.36515547904397005,0.0,0.0,0.4324851143810023,0.0,0.39809826007094445,0.5433906267942014,0.0,0.26518881632402086,0.4269881546254031,0.24295819333181407,0.4026051848978797,0.0,0.40494543999983745,0.34766840238475666,0.3190057923869606,0.321171521429075,0.0,0.0,0.484900245250959,0.0,0.5133994145336952,0.0,0.31788930073442495,0.29640869525145636,0.5413116836126293,0.3573371287017647,0.0,0.0,0.3165691066497275,0.3141727238619214,0.23591178165952092,0.2594464668336458,0.3132975448959271,0.0,0.0,0.2421915261351089,0.4284600352750443,0.36078921197500735,0.3593070429280255,0.3846420965854226,0.0,0.0,0.2616914481036392,0.3895354799880097,0.3860813091894041,0.0,0.0,0.0,0.0,0.0,0.0,0.0,0.3743083030912567,0.0,0.37635839884156025,0.0,0.0,0.0,0.41795477703944617,0.4047386267040992,0.40413786617109043,0.0,0.0,0.0,0.0,0.0,0.35462249532316653,0.41437776426421763,0.42520726956138233,0.0,0.3239748514875547,0.0,0.0,0.34932730094736414
0.336144344812381,0.34882021416187536,0.0,0.0,0.43063125973314403,0.34445912692159175,0.38687302458835643,0.5048961306761608,0.36836857482684915,0.30856585663259617,0.5102885189112448,0.31831861778239595,0.3681322606330295,0.0,0.3314733125748567,0.35899347249517555,0.306731410326886,0.3358653509400449,0.0,0.3668040334336066,0.3624163261347663,0.3571804993448241,0.41644749749015486,0.31788930073442495,0.0,0.3275066858617802,0.36317075454641795,0.3720986956123931,0.3627875233751723,0.0,0.34242537717948385,0.394668016308125,0.30703896504662836,0.34896635560589373,0.36214413976159543,0.0,0.0,0.0,0.41737225220017665,0.39466301014732635,0.3890550574155334,0.42781255783585054,0.0,0.0,0.0,0.3972880525725197,0.39954961495710534,0.0,0.0,0.0,0.0,0.0,0.0,0.0,0.4023396887173413,0.0,0.4034923917628244,0.0,0.0,0.44172412717565085,0.39967756340943106,0.3875382890627125,0.38541148029013494,0.0,0.4220896030146755,0.0,0.4027887675358564,0.0,0.41207208339708684,0.4020397974672925,0.41565625808861856,0.0,0.0,0.0,0.0,0.39627324175222345
0.33860349534745615,0.36823336661852984,0.0,0.0,0.44575897339946413,0.37536633432251715,0.42208486167724335,0.5164791710793876,0.4117691272653821,0.31124972682887847,0.0,0.29282947711894963,0.3889307362127033,0.0,0.3866838657896252,0.3755431284152301,0.32988509175221,0.35216278621939,0.0,0.4000799992918687,0.3871774876009119,0.3803413530869495,0.4424952117125216,0.29640869525145636,0.3275066858617802,0.0,0.43486155569291646,0.3906291784287214,0.3821442257082446,0.0,0.3612090057176808,0.4204509266434731,0.3317390458492904,0.3688209586372169,0.4037072534869236,0.47994428651721976,0.0,0.29339353580307637,0.4406288626250452,0.41195658579242794,0.4237001367367327,0.4413585225565627,0.0,0.0,0.3807036716447499,0.4238353776361334,0.45349862524857026,0.0,0.0,0.0,0.0,0.0,0.0,0.0,0.42105173241470756,0.0,0.41566071324974224,0.0,0.0,0.4850985808463909,0.4193505028600743,0.39936730687889915,0.40095776141247713,0.0,0.45306559156519954,0.48411458514871186,0.4607933252458618,0.4658846684118006,0.41210670306490116,0.4129260181892653,0.4382013852542618,0.4654663117333044,0.4184471902148769,0.0,0.0,0.41196766553052516
0.45246867526726187,0.3857754318894685,0.33141018469077915,0.0,0.3637246094329659,0.34681412629144853,0.3521545320811397,0.4102813234651332,0.3019812073996627,0.0,0.371095077485963,0.0,0.3599655118159503,0.3899393955582052,0.38456843675781455,0.393480392892288,0.0,0.39286798438091874,0.3331870977288666,0.3676180355551489,0.4243994603314266,0.41302359930480365,0.3183815336296832,0.5413116836126293,0.36317075454641795,0.43486155569291646,0.0,0.3655317482262557,0.3608935499465973,0.3596482999741527,0.38357509673669327,0.409816880950722,0.3934616590714393,0.4196937361532311,0.4456575577217627,0.3948609047077199,0.39162511593674854,0.0,0.4910658483743091,0.4611449302365858,0.5027579369787745,0.5164656302469742,0.46327046672041305,0.0,0.0,0.0,0.5105685875164186,0.5192531023121258,0.0,0.5488360608958898,0.4808837297738349,0.5101430033257582,0.46941466640591767,0.5206236417104849,0.0,0.49279978037451244,0.0,0.481289378135719,0.49632714672395584,0.48484200859947935,0.0,0.0,0.0,0.5269884255815603,0.4897399419899608,0.47832611832726124,0.4761465454811772,0.4847895140805295,0.0,0.0,0.4894223257632666,0.482673244441179,0.4833882090707176,0.47438441694166433,0.506462322379779,0.5017369094363748
0.47992253846996363,0.36805795094157484,0.38035940060466067,0.2217114011681933,0.34196926825370316,0.33310049866740066,0.35554001200380986,0.38272655831537383,0.37784063297033477,0.3885014306343733,0.4085774185927299,0.3454411477641683,0.3214039030212774,0.2728473781047467,0.3588961666856271,0.3952741576096758,0.39742840683528835,0.3930552738520962,0.39410994570030106,0.3516308746844395,0.4012243428323399,0.36415741305188115,0.37087843148319616,0.3573371287017647,0.3720986956123931,0.3906291784287214,0.3655317482262557,0.0,0.31886139456709195,0.2905027925139001,0.3563471685700239,0.3706286765537798,0.34587598543743897,0.38534602828965714,0.3476764082319552,0.2555390596218063,0.2408883323589985,0.3349345454129318,0.47617695617013417,0.0,0.5139455034485612,0.5551610804578863,0.0,0.0,0.0,0.0,0.0,0.0,0.0,0.0,0.0,0.0,0.4356467751443498,0.0,0.0,0.0,0.0,0.0,0.0,0.4698083115999971,0.0,0.0,0.0,0.0,0.46693956645795326,0.4398900036782812,0.0,0.45723124963444445,0.0,0.0,0.0,0.45857045018611053,0.5024241392069928,0.4666577750168042,0.0,0.45178748895089044
0.4351960434343525,0.3770129356719765,0.37051352462445136,0.0,0.33320618226292925,0.2949637050532434,0.350682514402939,0.34051881718600346,0.3498067801642607,0.0,0.5667241504610139,0.0,0.358948273409477,0.0,0.38028506379833715,0.3905989295090627,0.4352118657591944,0.38856448358383994,0.0,0.34011937897251454,0.3755511164516602,0.37069059031947243,0.34596933119405615,0.0,0.3627875233751723,0.3821442257082446,0.3608935499465973,0.31886139456709195,0.0,0.31413876280126324,0.34032127823213104,0.41564787261683267,0.32819841205028755,0.39062339259634266,0.43538994237005113,0.4735602082669298,0.0,0.0,0.46895209995338455,0.4601939833453177,0.4950672782473535,0.5150184698823301,0.0,0.0,0.0,0.0,0.4527245986623624,0.0,0.0,0.0,0.4427916831986503,0.0,0.41838074599678604,0.0,0.0,0.0,0.0,0.0,0.0,0.4463002766508788,0.0,0.0,0.0,0.0,0.4577987544467315,0.4227162067855103,0.45281189835667357,0.4452396217252164,0.0,0.0,0.45686603386639035,0.4475282407143293,0.4711817746995559,0.4470831096124936,0.0,0.49138518201923115
0.0,0.0,0.4019931625237922,0.0,0.3229625434712072,0.35206341853910894,0.31481644845088996,0.3707286404246496,0.39482774288773154,0.0,0.0,0.0,0.3372401993958078,0.0,0.35193754829923257,0.38570703326745726,0.0,0.0,0.0,0.32217172033181224,0.4134465502919581,0.3303424873537769,0.3646770759764902,0.0,0.0,0.0,0.3596482999741527,0.2905027925139001,0.31413876280126324,0.0,0.3101223222030249,0.3811382392393544,0.0,0.35640631802876555,0.39918964305953725,0.44468502735433635,0.0,0.0,0.4873804098639483,0.0,0.0,0.0,0.0,0.0,0.0,0.0,0.0,0.0,0.0,0.0,0.0,0.0,0.0,0.0,0.0,0.0,0.0,0.0,0.0,0.5207069508534513,0.0,0.0,0.0,0.0,0.4815107191920389,0.0,0.0,0.46116972239545656,0.0,0.0,0.0,0.47028806343848056,0.0,0.0,0.0,0.0
0.34561220071936605,0.3526781420339959,0.4035965209064432,0.3019872553591591,0.40418194199696017,0.37279942929989085,0.39467690550841117,0.4022444977735989,0.39596387419445245,0.318443617608841,0.43075584595139577,0.32544713321671337,0.38318171272166396,0.3674851353161223,0.39472129379098947,0.320789327852696,0.3335717068442869,0.3440859190320735,0.4282445605935696,0.3464453269975201,0.3816225335203914,0.3510863853978351,0.39570810655427635,0.3165691066497275,0.34242537717948385,0.3612090057176808,0.38357509673669327,0.3563471685700239,0.34032127823213104,0.3101223222030249,0.0,0.4235246931410876,0.33101250328679244,0.317233068659696,0.32032065994124964,0.37043249810842227,0.3770718288902242,0.31295361391440973,0.45626355460542045,0.40151979262655174,0.420924067304747,0.4390615431216457,0.0,0.0,0.22477330502310824,0.40881416792666325,0.4207120741586129,0.0,0.0,0.0,0.0,0.0,0.46034051975644785,0.0,0.3840758920684359,0.0,0.3752361911494283,0.445349360470862,0.0,0.4581137860560443,0.3894745051062421,0.4107932617164718,0.3984860726728541,0.0,0.47098961988587956,0.4641138398346391,0.43797833272824893,0.46986043068837086,0.40085719899853395,0.4076012106764597,0.4225464913819344,0.47105496224485316,0.517835427867852,0.4822820977762789,0.0,0.4333953202290113
0.4041695436291098,0.41246928350313994,0.39932950648658805,0.2602684265275196,0.3332732771250107,0.3840201763364605,0.3701977968732423,0.35348345406232007,0.38658493958215173,0.35578077942620395,0.370611799985887,0.29049449823283924,0.37303086206644387,0.2547202364338242,0.44043112710896976,0.40089467631247266,0.397415085382135,0.40556627655696587,0.38667937469889163,0.45230592896088234,0.4256952282845013,0.44442906981940805,0.3999193610301324,0.3141727238619214,0.394668016308125,0.4204509266434731,0.409816880950722,0.3706286765537798,0.41564787261683267,0.3811382392393544,0.4235246931410876,0.0,0.3617884317791702,0.37545346849379757,0.40410714531524233,0.2583303117390714,0.3059856966363139,0.29937750507753647,0.3088419869293944,0.37037006601491285,0.36195917938787203,0.40308057436470074,0.33361869655345494,0.34099751435855485,0.31329910648337816,0.4481792222367014,0.45617480948452843,0.4764986457231048,0.0,0.49885634119169775,0.4556466876658843,0.0,0.44528375132045295,0.4859235292065087,0.0,0.4320140016771065,0.32233457917241454,0.0,0.43572034025761874,0.479787592631863,0.43531483290578704,0.0,0.41994224537314556,0.4937730162104982,0.4743206835070327,0.4745859539764607,0.47783889939266233,0.4713490222959375,0.0,0.43511855733098487,0.470763706015001,0.471094759468662,0.4728863175375403,0.46794299638260106,0.5463465558189472,0.4740764862277445
0.30649789294963736,0.34294967506869134,0.4236510916943049,0.0,0.4066621772957796,0.36452318662921845,0.4309159435212385,0.46652926367311914,0.0,0.27681123707101946,0.45616120060130416,0.26050333972561956,0.40267395263824846,0.0,0.37525371807444063,0.37447863131076964,0.3212727558094242,0.32954521572440726,0.0,0.3875999394700237,0.3382620643734617,0.36817473524099964,0.3857633445233031,0.23591178165952092,0.30703896504662836,0.3317390458492904,0.3934616590714393,0.34587598543743897,0.32819841205028755,0.0,0.33101250328679244,0.3617884317791702,0.0,0.27742144908301597,0.39248963769592404,0.4832302923639772,0.37020530879176244,0.2147870726951263,0.38092893837754854,0.3492431734481713,0.3204640083072177,0.4176855825819242,0.0,0.0,0.19329139756600666,0.41391889979267477,0.4366800980282358,0.0,0.0,0.0,0.0,0.0,0.0,0.0,0.307054929305819,0.0,0.3307334465640915,0.0,0.0,0.47226921866986793,0.39994129408341395,0.3573311329833113,0.38085947727333763,0.0,0.4518165470550388,0.4670949994454567,0.45833879318086207,0.4475471405999781,0.28028093011043365,0.39707148172025775,0.42492613969854354,0.4224767247679267,0.0,0.45812949069544545,0.0,0.36728790564863134
0.35562752977599754,0.36416063728062315,0.41977050343463335,0.26177300402737264,0.405507698603824,0.393405814289865,0.3985010917095724,0.41190970489312556,0.4169943059920755,0.3156005129594513,0.43785944477503336,0.2654623018157737,0.3982923794093403,0.35766606974455895,0.42946605297653806,0.3425257469787594,0.3549230374360181,0.3638290040534666,0.43502685198183855,0.4291748349214503,0.4031808966742279,0.411812901822649,0.4172809997301529,0.2594464668336458,0.34896635560589373,0.3688209586372169,0.4196937361532311,0.38534602828965714,0.39062339259634266,0.35640631802876555,0.317233068659696,0.37545346849379757,0.27742144908301597,0.0,0.32990586488775775,0.42270506988977896,0.28909021872897817,0.26720551879395216,0.4713517021536097,0.3768521461397401,0.31367533350147303,0.4110048234995054,0.0,0.0,0.2842021635109642,0.41998186320163644,0.4381714162512703,0.0,0.0,0.0,0.4851357360520093,0.0,0.47214762169543983,0.0,0.3445934698684428,0.0,0.3417258710977778,0.0,0.0,0.49002034466040145,0.40548697987292315,0.3959347420682267,0.4012498211961614,0.0,0.5201241180937777,0.4714294180005431,0.4626648234767729,0.48612218121704337,0.32800640976608053,0.41483165452158904,0.4408850184571535,0.491626438504567,0.5017827891863968,0.4876031681745972,0.0,0.437406737707109
0.39386709458157293,0.4142983156309207,0.41113450791120293,0.25327117440473473,0.36846910486778073,0.3926402214185498,0.3772292614064149,0.4204414317689824,0.41915738976895944,0.3281119150189575,0.40367801173118284,0.30205186357742386,0.3887653691452625,0.26583821884172304,0.4762642519591194,0.3794277365704674,0.36638030840606634,0.3766208947530114,0.4136628632959921,0.4727947059358054,0.46101462993445547,0.46566035901215164,0.4333318479114492,0.3132975448959271,0.36214413976159543,0.4037072534869236,0.4456575577217627,0.3476764082319552,0.43538994237005113,0.39918964305953725,0.32032065994124964,0.40410714531524233,0.39248963769592404,0.32990586488775775,0.0,0.45679017667461924,0.3052280246318009,0.32778562913057413,0.34575365299084404,0.3599782130648572,0.29290669798192315,0.37790361030418984,0.3617596950598938,0.3772537917814278,0.31620854687675903,0.4178739051404662,0.4756055120610753,0.0,0.0,0.0,0.0,0.0,0.0,0.0,0.3354072263122186,0.0,0.3310073253025418,0.0,0.0,0.5080215919785894,0.43329587740273867,0.0,0.4041160500271176,0.0,0.5024360599683699,0.5018980790230341,0.4931419658223663,0.494579180053441,0.2981063115786934,0.4184742576010937,0.46700301729402766,0.49655690305098377,0.41568675833830493,0.5143467576925053,0.0,0.4820017781565993
0.0,0.0,0.3750209586479724,0.16942399528995722,0.22436169960229418,0.3832917766973847,0.28077056019075763,0.2526779345496745,0.37544690382806706,0.2677754356455602,0.28226889233221486,0.3091053273503588,0.2906102854996695,0.22236764646630822,0.5183136750311849,0.0,0.0,0.0,0.3565592862619729,0.512631277307061,0.45173305071561004,0.5423942792725537,0.3821546736183008,0.0,0.0,0.47994428651721976,0.3948609047077199,0.2555390596218063,0.4735602082669298,0.44468502735433635,0.37043249810842227,0.2583303117390714,0.4832302923639772,0.42270506988977896,0.45679017667461924,0.0,0.18484123930388113,0.3120360780168147,0.31526159594120323,0.0,0.31745143296560174,0.3281505500306096,0.32074689438715215,0.0,0.0,0.0,0.0,0.44006963088155343,0.0,0.3986492934650491,0.4430728685902175,0.44103710390281936,0.4017491654332066,0.45931569976017383,0.0,0.40098189253964006,0.0,0.4359863162589758,0.37533319208053,0.0,0.0,0.0,0.0,0.41915225840662224,0.0,0.0,0.0,0.42765293179178215,0.0,0.0,0.0,0.4626362146341919,0.45005853173958194,0.5557106210532079,0.0,0.0
0.0,0.0,0.0,0.1545742214905855,0.20381321042586367,0.38118730598907064,0.3284261437118909,0.3073582997854461,0.39503897294926216,0.2395736090011514,0.38635170424507925,0.3186835353214676,0.3249404747386226,0.16530132613541956,0.0,0.0,0.0,0.0,0.3933154356077815,0.0,0.0,0.0,0.39365009955250924,0.0,0.0,0.0,0.39162511593674854,0.2408883323589985,0.0,0.0,0.3770718288902242,0.3059856966363139,0.37020530879176244,0.28909021872897817,0.3052280246318009,0.18484123930388113,0.0,0.31382426635324556,0.26783518277793666,0.0,0.302750116559375,0.33567464610797976,0.33442210418961754,0.316860750514781,0.0,0.0,0.0,0.0,0.0,0.0,0.0,0.0,0.0,0.0,0.0,0.0,0.0,0.0,0.0,0.0,0.0,0.0,0.0,0.0,0.0,0.0,0.0,0.0,0.0,0.0,0.0,0.0,0.0,0.0,0.0,0.0
0.0,0.0,0.0,0.0,0.3924924450091356,0.0,0.37946857241175214,0.0,0.42857842216733355,0.25332424702165635,0.41411282010505396,0.21566633898882448,0.3681525030871828,0.0,0.0,0.0,0.0,0.0,0.45764963423555954,0.0,0.0,0.0,0.0,0.2421915261351089,0.0,0.29339353580307637,0.0,0.3349345454129318,0.0,0.0,0.31295361391440973,0.29937750507753647,0.2147870726951263,0.26720551879395216,0.32778562913057413,0.3120360780168147,0.31382426635324556,0.0,0.0,0.18411218253387848,0.2741909598803867,0.0,0.0,0.0,0.18476896857640904,0.0,0.0,0.0,0.0,0.0,0.0,0.0,0.0,0.0,0.2909062769121345,0.0,0.2824017786074755,0.0,0.0,0.0,0.0,0.0,0.0,0.0,0.0,0.0,0.0,0.0,0.2659703767631023,0.0,0.30794493515729626,0.0,0.0,0.0,0.0,0.0
0.4314432258988487,0.4326583202063202,0.48889379663978155,0.0,0.4530102645194055,0.454971467962221,0.0,0.4465163098098093,0.48827067036043814,0.33953072005926915,0.4072564233150056,0.0,0.4645247246828079,0.3038577410875631,0.4895456938888861,0.4247231419269725,0.39162420130428677,0.39613771521994473,0.46179523781126425,0.48393932721379074,0.47917997320390016,0.46384432366150885,0.49003135119544017,0.4284600352750443,0.41737225220017665,0.4406288626250452,0.4910658483743091,0.47617695617013417,0.46895209995338455,0.4873804098639483,0.45626355460542045,0.3088419869293944,0.38092893837754854,0.4713517021536097,0.34575365299084404,0.31526159594120323,0.26783518277793666,0.0,0.0,0.3338881096880078,0.37000027448724926,0.41062144278106505,0.2620881100886468,0.2980718987546935,0.25627699003462756,0.4060194338892146,0.3911639912601996,0.3957758271366487,0.2586438455633845,0.351103043071254,0.39077250515547296,0.36413025151688583,0.4205920502054124,0.3927285388183138,0.318238259644845,0.3759590813116663,0.28804865604827545,0.3834503173839151,0.31237894917733666,0.4307550459209097,0.38665889165289385,0.35424495747264556,0.3880260885012569,0.38449211292561475,0.45190018943947496,0.42290503944913477,0.4349162978204358,0.4092282298657639,0.23823271005094576,0.380105116236728,0.4012875885111089,0.42264848483445105,0.3565753427031516,0.4144977715577917,0.43222343503465177,0.39501294937932063
