0.0,0.27337241281437746,0.0,0.0,0.0,0.3070628622653731,0.0,0.32788666329259486,0.0,0.27380968029215025,0.0,0.2446204307520298,0.3349969320771508,0.3264260184490837,0.24409138170016134,0.27163758477581823,0.2723116703942577,0.2548392908340703,0.0,0.27549425561405083,0.25027009679989765,0.2663371628487223,0.2852248412985723,0.22785409110485258,0.2539064654620036,0.24447291458132234,0.2877152122112301,0.31409398062189525,0.31308130577973187,0.0,0.23390849119265575,0.281323751911732,0.23226503200405715,0.242423139339638,0.2745367686274715,0.0,0.0,0.29479191811071387,0.29569620108843314,0.2988528105797054,0.3014123392124976,0.31719751719795664,0.0,0.0,0.0,0.24658768329143357,0.318522918388497,0.0,0.0,0.0,0.0,0.0,0.0,0.0,0.3225294232877855,0.0,0.3077877420770911,0.0,0.0,0.0,0.3100012558054077,0.4922547258488633,0.2968900331671622,0.0,0.0,0.21201943268270715,0.3267714632470688,0.0,0.22271654880830768,0.3025050835956938,0.31170006743234907,0.0,0.0,0.0,0.0,0.2984204755130907
0.27337241281437746,0.0,0.2882353689099455,0.0,0.2628710103684462,0.24116646318388243,0.27731799033382737,0.327004264053857,0.2585571543214265,0.2415086579996584,0.0,0.33517390957206455,0.27348578093745857,0.0,0.2719477264356488,0.26205157461288725,0.29358550337379546,0.2540040758020797,0.0,0.26077946406462876,0.2802193194273163,0.2462856012684648,0.2761181235740207,0.0,0.23382422372562547,0.2563672682059778,0.26929570999824615,0.2855020075939472,0.2672402126734031,0.0,0.226039598003776,0.2692118475767058,0.22456099259628637,0.23571689720566139,0.2801623692650166,0.0,0.0,0.0,0.31110520292192984,0.31508992107917483,0.3212390988349032,0.327349392895473,0.0,0.0,0.0,0.29754138969496835,0.3202756550969761,0.0,0.0,0.0,0.32152104842746154,0.0,0.0,0.0,0.0,0.0,0.0,0.46723774076739216,0.0,0.327900976183956,0.31039714009371255,0.0,0.2835850477982056,0.0,0.31522309665298553,0.3320477801325668,0.32036085081842564,0.32713201520598617,0.0,0.3004237721521103,0.3251218669341238,0.32218926129876135,0.4506111839917296,0.310987470646636,0.0,0.2906713707423185
0.0,0.2882353689099455,0.0,0.28492892406526316,0.2399190231836054,0.2482522332735652,0.2839878356994127,0.2821053227993913,0.202978783517771,0.33001920351831016,0.17831389859882588,0.3636220429071036,0.29415748092758554,0.23812395947531662,0.0,0.0,0.41788468131253137,0.3866396309599975,0.14642995634067998,0.0,0.0,0.25940883224218453,0.19316103404238374,0.0,0.36150135833947417,0.3612458971827553,0.2066495817514887,0.2950895056591444,0.0,0.0,0.30661817203236197,0.28298334278603365,0.32827721480925354,0.3037301315850583,0.29651997419703086,0.26637875412988204,0.29495726276988354,0.3616144639387717,0.3550143061089424,0.0,0.4200560470427154,0.0,0.34294514158702927,0.0,0.0,0.0,0.0,0.2608272963459643,0.0,0.36595590975349895,0.34838067141420775,0.387580388288043,0.3657771420420141,0.34585018501130443,0.0,0.25117471632216876,0.0,0.37975739655722973,0.3492220983557275,0.0,0.0,0.0,0.0,0.1778301524209297,0.0,0.0,0.0,0.3484951466978927,0.0,0.0,0.0,0.3562700602053283,0.3951123855136368,0.0,0.0,0.42633646777081774
0.0,0.0,0.28492892406526316,0.0,0.16321987758153164,0.26586224754629767,0.18191747844316292,0.27088938589816497,0.28185343627753134,0.24515822483292746,0.24947594432708622,0.19325689361506215,0.23638138978948445,0.20057739401370472,0.0,0.0,0.2819073112171211,0.0,0.26483688370234887,0.0,0.0,0.0,0.2525126915222173,0.0,0.0,0.2260527554822676,0.2703312455620114,0.1872149010797699,0.0,0.0,0.1986411721528833,0.2256156163034517,0.16989721517431916,0.21794277572537205,0.23561874666157365,0.15547490745989628,0.1365161388772333,0.0,0.0,0.0,0.0,0.0,0.0,0.0,0.0,0.0,0.0,0.0,0.0,0.0,0.0,0.0,0.0,0.0,0.0,0.0,0.0,0.0,0.0,0.0,0.0,0.0,0.0,0.0,0.0,0.0,0.0,0.5519928671173635,0.0,0.0,0.0,0.0,0.0,0.0,0.0,0.0
0.0,0.2628710103684462,0.2399190231836054,0.16321987758153164,0.0,0.24088423381412252,0.20231391411133764,0.2535826549577374,0.21960992365520351,0.30869036867717986,0.1990168498623969,0.30812454970745,0.2559026218225523,0.19847261126451277,0.0,0.2806216763577593,0.36633905924121973,0.2876803729994917,0.21604428111192492,0.2509047249537028,0.0,0.2588015055538822,0.2437302294324902,0.34039110661663097,0.26050009598202645,0.2775096184863728,0.24624847011919268,0.2335500737263671,0.27557208139659417,0.0,0.2909897273152392,0.24681951152824544,0.2668103425894533,0.28859287437265435,0.2926465631764189,0.18498899122565296,0.15717948644645047,0.3080775182542493,0.34383309013184055,0.23133069319756794,0.37899743963036514,0.0,0.2961925406269427,0.0,0.0,0.0,0.0,0.35488206446578113,0.0,0.37084477592475407,0.3477168354495438,0.4079669112609276,0.31195073903982695,0.37220714787105447,0.0,0.25455949798756883,0.0,0.46146492715613346,0.3285817256468922,0.0,0.0,0.0,0.0,0.3414958807477717,0.33897549966601265,0.0,0.0,0.33548665056288524,0.0,0.0,0.599806459175755,0.3407317451236713,0.44298296612122984,0.0,0.0,0.0
0.3070628622653731,0.24116646318388243,0.2482522332735652,0.26586224754629767,0.24088423381412252,0.0,0.26886543159979215,0.2629045315683104,0.21231243184597529,0.3036750434460711,0.2385137291880563,0.319808098036842,0.2506414538798565,0.25361694970090937,0.2810705652451621,0.2551517745934479,0.4105240243498884,0.2748944585019922,0.2506896476858117,0.25317840735828645,0.27651189975435597,0.25921498911194557,0.24639173562194075,0.35067260251711163,0.23124452469157256,0.25763484107015533,0.24693793427591068,0.25407419932070147,0.240474205355658,0.2641689398366208,0.2911706843104219,0.26773803031284366,0.250176437447709,0.29150235917501666,0.2845280827531967,0.2646594961367757,0.27923049754427803,0.30223490691976146,0.31714878739012947,0.31969006296564206,0.33562424872714364,0.328539876977733,0.33481943728449826,0.48795683880137075,0.26571374034180983,0.0,0.3522795137177976,0.3624946936981852,0.0,0.37868930916930754,0.32886915262798944,0.35311050473163963,0.3152092917657752,0.3727274099393288,0.0,0.36258063454943934,0.3012030132418591,0.34395092389638404,0.3802873541370027,0.3305380136194036,0.0,0.0,0.0,0.37301922266955057,0.325451627890563,0.3457833978424629,0.32642446851519746,0.3369233037934718,0.0,0.45868690731377776,0.33247636617634185,0.33333804355986696,0.3364284649887845,0.31935048289680334,0.3506582557056548,0.3438982765098888
0.0,0.27731799033382737,0.2839878356994127,0.18191747844316292,0.20231391411133764,0.26886543159979215,0.0,0.27809109275693916,0.27212610323228476,0.2782102769823168,0.28248451450663026,0.2674737467884717,0.22644552640825982,0.21949139978461232,0.0,0.30621020850047437,0.3081251157117569,0.28907588297357667,0.28891769845612036,0.28707985086070975,0.32054604839213424,0.2930149425081052,0.27451155141257694,0.2509766627806908,0.2779372343911352,0.276887802157582,0.2756372988331944,0.24850795718917523,0.29212174116376083,0.29029407905068294,0.29043686021916754,0.2731389872216071,0.2601901374091797,0.2722164757990782,0.2334790366197889,0.20411721317251924,0.2092682542305076,0.25162953200147387,0.35306219738532785,0.21307573845935035,0.36727060304431375,0.3419066458879591,0.3601782929900229,0.0,0.228893124287491,0.0,0.43453831862034775,0.3933808151647624,0.0,0.0,0.3590389594285453,0.4308935337257381,0.0,0.4219678484966042,0.0,0.384921702567472,0.0,0.42634436262066494,0.0,0.5039700638455237,0.0,0.0,0.0,0.4244017667772217,0.4562853458940835,0.0,0.444006333177727,0.3409881879191147,0.0,0.0,0.4447425377383599,0.346443312325585,0.42772262144335854,0.4003538222405513,0.0,0.5025666669081805
0.32788666329259486,0.327004264053857,0.2821053227993913,0.27088938589816497,0.2535826549577374,0.2629045315683104,0.27809109275693916,0.0,0.3211163014436079,0.3247822660428698,0.24604948393127649,0.36621551230166405,0.290801152166483,0.2553300228473256,0.0,0.32442078930792473,0.0,0.3246881776853048,0.2734268060325396,0.2891414493164504,0.2549348547701404,0.0,0.22515953066933292,0.33517784365420583,0.3188774518793093,0.3258380867749104,0.2748275481184513,0.27750577345001487,0.2609557570553933,0.26506927908950484,0.2939749494320259,0.2580731251245837,0.3119103407467977,0.298010897485793,0.2971966714164044,0.2059993741101758,0.23059107357028064,0.0,0.281997705183893,0.0,0.3249383560247718,0.0,0.32815364040177264,0.0,0.0,0.0,0.0,0.34261595009115514,0.0,0.0,0.3146219609636956,0.3363946994314017,0.25305106052544835,0.3619989743110395,0.0,0.33123095443832523,0.0,0.32539565906898293,0.32410117661337023,0.3082611951228562,0.0,0.0,0.0,0.34180519498576867,0.3022184238242771,0.32129889850999277,0.0,0.3129551200137502,0.0,0.0,0.0,0.31846504655178903,0.3175443634913622,0.29835614849868247,0.0,0.33895481200592936
0.0,0.2585571543214265,0.202978783517771,0.28185343627753134,0.21960992365520351,0.21231243184597529,0.27212610323228476,0.3211163014436079,0.0,0.3181014567869748,0.19335963185199298,0.32502140384537476,0.2816497281055421,0.2774814197382237,0.0,0.27596712148061076,0.4247295947504965,0.38890495401811537,0.17034049494042117,0.2497735289373018,0.0,0.26401586268436783,0.24278553340339504,0.3441352926444565,0.2965120721928135,0.3201427374767652,0.21362927819498265,0.3052880837377948,0.27970997421315796,0.0,0.31876409056582383,0.2894135627842684,0.29250713781376475,0.3129392884867279,0.3071799950397978,0.28360166185297164,0.2973386463271349,0.3120916122398581,0.3586989714757934,0.39084807328475846,0.40990675736950843,0.4890722020076104,0.35152950441967307,0.47862089884116565,0.320874552584279,0.0,0.0,0.3757015355790899,0.0,0.3960784188101082,0.35715077904837716,0.39744147483655906,0.3812874532704099,0.3892477448058913,0.0,0.35213844488346324,0.29471265329008534,0.40323899010788977,0.35172993862900187,0.0,0.0,0.0,0.0,0.3681712428413698,0.0,0.0,0.0,0.3702720702543449,0.0,0.0,0.4923668178286206,0.36765744668186756,0.4080189611165368,0.38849807923084906,0.0,0.4494575490649531
0.27380968029215025,0.2415086579996584,0.33001920351831016,0.24515822483292746,0.30869036867717986,0.3036750434460711,0.2782102769823168,0.3247822660428698,0.3181014567869748,0.0,0.31733083394286066,0.18837824810503992,0.28310914658395075,0.2921141401269626,0.0,0.260719739387231,0.2112674045508432,0.2292452047115801,0.32080904412598166,0.3537500128192404,0.0,0.2692406757005985,0.298544024079744,0.21590688072365094,0.2123510164563653,0.21276627668443576,0.30290132899006383,0.26912512488708357,0.340099234848109,0.0,0.21052989205364783,0.24101421646848026,0.20865637679591867,0.23081009915659798,0.23393687397235743,0.2453955705093919,0.1736845616418485,0.18877772599683246,0.21289687688792,0.26931349612862887,0.2406231739555417,0.19138181899472603,0.1901974652298997,0.0,0.1765233500381856,0.30965647536067314,0.0,0.0,0.0,0.0,0.0,0.0,0.0,0.0,0.3236155613539563,0.0,0.3213580498618554,0.2866265827109324,0.0,0.0,0.3017790759393421,0.3245569119291664,0.31162323312457885,0.0,0.0,0.0,0.0,0.529034483413259,0.3022289722569233,0.3192561791617922,0.31753095364479916,0.0,0.27665555153994537,0.0,0.0,0.2921790920380917
0.0,0.0,0.17831389859882588,0.24947594432708622,0.1990168498623969,0.2385137291880563,0.28248451450663026,0.24604948393127649,0.19335963185199298,0.31733083394286066,0.0,0.31847402774304634,0.3023939908944638,0.20599236272055596,0.0,0.0,0.38497911998233586,0.40026154277678766,0.14959807821572688,0.0,0.30040588746592367,0.0,0.19455674025483793,0.3143886242188521,0.38059679459362705,0.42222455149508703,0.23836071261974462,0.29239690533711293,0.0,0.0,0.3157863211920079,0.28344524503027746,0.317468233476783,0.31072642834858555,0.29491943436131435,0.23943993592418358,0.2849929779098056,0.3087668418648837,0.3178680688694513,0.3626293947711365,0.36369639717291447,0.0,0.31420399461619497,0.0,0.0,0.0,0.0,0.24339973291266387,0.0,0.24901878835522928,0.3499483220883472,0.3295080844713267,0.31434612659998756,0.32948750228501605,0.4195080068122044,0.14985203817351875,0.0,0.34414038884926595,0.2656453954672396,0.0,0.0,0.0,0.0,0.12695804129340982,0.0,0.0,0.0,0.3520603310392771,0.0,0.0,0.0,0.34707741852909335,0.3584135011993949,0.0,0.0,0.39845419141011834
0.2446204307520298,0.33517390957206455,0.3636220429071036,0.19325689361506215,0.30812454970745,0.319808098036842,0.2674737467884717,0.36621551230166405,0.32502140384537476,0.18837824810503992,0.31847402774304634,0.0,0.2747387437254909,0.34610582613608215,0.0,0.0,0.2397558390093109,0.24752499555095556,0.34164459581190476,0.0,0.3234304829922722,0.41204120706571445,0.33475563905565386,0.18778599008395735,0.2334047113391497,0.22172035337564122,0.32229856194382867,0.2514758904767369,0.40559514264064334,0.0,0.2232161151866318,0.19409029725967916,0.19961314305413272,0.19307041543609604,0.21490611768417223,0.21055213736916656,0.2099444849478415,0.15498458103631382,0.1720656748563088,0.2731415067494261,0.22374548404196598,0.19945494023576774,0.17723454767746857,0.0,0.1753752756657331,0.33225859423479803,0.0,0.0,0.0,0.0,0.23039912572554483,0.0,0.0,0.2731352652520311,0.3270525374292238,0.0,0.32252771183297063,0.28260738589850004,0.0,0.0,0.0,0.3276190411836698,0.31897855979058853,0.0,0.3382239275664316,0.0,0.0,0.3393555655284425,0.30015095963933086,0.320332853726117,0.31703083878731475,0.26094837550904404,0.27531515069507545,0.35582881330677757,0.0,0.29380079711645785
0.3349969320771508,0.27348578093745857,0.29415748092758554,0.23638138978948445,0.2559026218225523,0.2506414538798565,0.22644552640825982,0.290801152166483,0.2816497281055421,0.28310914658395075,0.3023939908944638,0.2747387437254909,0.0,0.26656282673763265,0.288929359151047,0.30508788124381275,0.2984806013610491,0.29371048079636236,0.30279761791089704,0.28754761647648625,0.2978267838613766,0.2959717446811551,0.27415899726036913,0.27924282789939764,0.2814149290395405,0.2819798022933318,0.2766914780375109,0.2271787271951536,0.2701377945860537,0.2837995176276928,0.2749771055459099,0.28104531338192684,0.2608901195786685,0.28132051873956027,0.2640119452078159,0.2483676184378638,0.24589105983591847,0.2655561467717739,0.28661367765033585,0.2765958891278974,0.3264344831805662,0.33958322107208083,0.3240068696413353,0.0,0.21610917384395342,0.0,0.4334145525925003,0.38503409180000536,0.0,0.0,0.347341366540763,0.4015770979786152,0.3324856797131934,0.4287151082626175,0.3369967935862523,0.356952043545148,0.28857244458094194,0.3927922216979046,0.0,0.4002822852479116,0.0,0.0,0.0,0.4249939486160769,0.3620572840509563,0.3872078119471012,0.4006181208385971,0.33834584094649356,0.0,0.41228655996109703,0.3825532734008639,0.3368651393961583,0.37237390980640467,0.35252268101530815,0.0,0.40990892849228533
0.3264260184490837,0.0,0.23812395947531662,0.20057739401370472,0.19847261126451277,0.25361694970090937,0.21949139978461232,0.2553300228473256,0.2774814197382237,0.2921141401269626,0.20599236272055596,0.34610582613608215,0.26656282673763265,0.0,0.0,0.0,0.0,0.0,0.2358928136358376,0.0,0.2880564794876893,0.0,0.23729315081373548,0.2750838811314894,0.0,0.35687767022148104,0.27070376268291113,0.21604129282100343,0.0,0.0,0.26957096677894443,0.22895055649830806,0.0,0.2719020721587853,0.23214085497843687,0.16607273900595143,0.12722222694636223,0.0,0.0,0.0,0.0,0.0,0.28125522224886257,0.0,0.0,0.0,0.0,0.3504359811272149,0.0,0.0,0.0,0.0,0.3058769526948311,0.0,0.0,0.3145637547696093,0.0,0.3684120136646495,0.0,0.0,0.0,0.0,0.0,0.334954840597249,0.0,0.0,0.0,0.32880915218057105,0.0,0.0,0.0,0.35121396318199455,0.0,0.0,0.0,0.0
0.24409138170016134,0.2719477264356488,0.0,0.0,0.0,0.2810705652451621,0.0,0.0,0.0,0.0,0.0,0.0,0.288929359151047,0.0,0.0,0.26275015594151013,0.3056570265494455,0.2593828046024662,0.0,0.22992078005150074,0.263639730785686,0.22418811840879327,0.23904579315524765,0.28262858891566034,0.2506845990558992,0.236076531195518,0.26322292673880815,0.26474688813184105,0.2577699196019675,0.2597589066058419,0.25238857801831954,0.2787679218613503,0.26322129579685855,0.2744071363177059,0.3030238737296363,0.2863995753268437,0.28816515668603465,0.0,0.31470007433287495,0.33416737927992957,0.3366977192713938,0.3413684467724076,0.0,0.0,0.0,0.0,0.34969206895144106,0.0,0.0,0.0,0.3233149396937441,0.5605170843583233,0.0,0.0,0.0,0.0,0.0,0.3771477668274343,0.0,0.3129923127155395,0.33883058035870434,0.0,0.47039431084781164,0.0,0.2896706087032683,0.31981476779936213,0.3349354742983428,0.3143802018891135,0.0,0.34317282760076856,0.356838130005065,0.31128450412524145,0.3461216311966173,0.3205116446542545,0.0,0.3318268667001976
0.27163758477581823,0.26205157461288725,0.0,0.0,0.2806216763577593,0.2551517745934479,0.30621020850047437,0.32442078930792473,0.27596712148061076,0.260719739387231,0.0,0.0,0.30508788124381275,0.0,0.26275015594151013,0.0,0.25491649441630526,0.22904537617341802,0.0,0.25954992334771265,0.2726924203381811,0.24119811529971627,0.2693685060172,0.2646880543505796,0.2578091795103613,0.27166189543487107,0.27948726389328726,0.2942061985124008,0.275188309427927,0.2781289509846266,0.2322343684899726,0.27149931342468164,0.23944826058313237,0.24962156171159652,0.2662976297711953,0.0,0.0,0.0,0.3148078423557058,0.3070811561204947,0.30780017761007206,0.31659221937511234,0.0,0.0,0.0,0.2963796441090584,0.31411707284357676,0.0,0.0,0.0,0.3961578895459168,0.0,0.0,0.0,0.36414407309260416,0.0,0.3864202887173591,0.5217249547228973,0.0,0.33025940208464,0.30618470193973074,0.0,0.2924562424621316,0.0,0.33130507548071997,0.33174564141845886,0.3170317201267059,0.3895932078465954,0.3102629886646895,0.3014207270980089,0.31637530202614295,0.3671377512073695,0.0,0.35504523480554473,0.0,0.2895721184897597
0.2723116703942577,0.29358550337379546,0.41788468131253137,0.2819073112171211,0.36633905924121973,0.4105240243498884,0.3081251157117569,0.0,0.4247295947504965,0.2112674045508432,0.38497911998233586,0.2397558390093109,0.2984806013610491,0.0,0.3056570265494455,0.25491649441630526,0.0,0.22967512218477423,0.435928720930083,0.264166759544713,0.34425960171560493,0.2551656727869809,0.4271513672145916,0.2585393788573689,0.21793999424942245,0.24199170650200863,0.4124267864342118,0.28284565692778235,0.3277339662758505,0.0,0.22315005029264154,0.27871480770904744,0.21429979867126958,0.24498762358485407,0.25564544412787576,0.28400542411441615,0.0,0.2264815458628815,0.32075782763419153,0.29429471453600087,0.32920160901367107,0.0,0.0,0.0,0.0,0.3317118532356095,0.0,0.0,0.0,0.0,0.0,0.0,0.0,0.0,0.3338290026982041,0.0,0.3238291476080789,0.0,0.0,0.0,0.3416118443064497,0.33384138320800594,0.3161811114618773,0.0,0.0,0.0,0.0,0.0,0.31248518421485816,0.3375924587682245,0.324883512684718,0.0,0.0,0.0,0.0,0.35313495728328526
0.2548392908340703,0.2540040758020797,0.3866396309599975,0.0,0.2876803729994917,0.2748944585019922,0.28907588297357667,0.3246881776853048,0.38890495401811537,0.2292452047115801,0.40026154277678766,0.24752499555095556,0.29371048079636236,0.0,0.2593828046024662,0.22904537617341802,0.22967512218477423,0.0,0.0,0.26525389198259214,0.275157150249294,0.26392754541629027,0.2877110559761657,0.23904802937210928,0.21985654606735805,0.24008344711463087,0.27729222191140845,0.2862376313845335,0.27910669586347403,0.28806272152670676,0.23899858859711826,0.2801055817926961,0.21417108318999745,0.24662582377317954,0.2644622747673836,0.0,0.0,0.2515576118152801,0.3193306552855897,0.3128758991717307,0.3222118124014659,0.32875406558134546,0.0,0.0,0.0,0.2934639418988025,0.3108350019261466,0.0,0.0,0.0,0.0,0.0,0.0,0.0,0.30393944387882593,0.0,0.3068033988396087,0.0,0.0,0.3625416158201841,0.3079597485286204,0.33262774354746405,0.3048218849417447,0.0,0.40942681266168546,0.0,0.3122372291390328,0.5688410594860689,0.3102635851085546,0.3123896216133065,0.3139957317704324,0.0,0.0,0.4151134510781982,0.0,0.3024356252748662
0.0,0.0,0.14642995634067998,0.26483688370234887,0.21604428111192492,0.2506896476858117,0.28891769845612036,0.2734268060325396,0.17034049494042117,0.32080904412598166,0.14959807821572688,0.34164459581190476,0.30279761791089704,0.2358928136358376,0.0,0.0,0.435928720930083,0.0,0.0,0.0,0.0,0.0,0.15205199798604185,0.38523219416117777,0.5842616137299723,0.45946781481297,0.2173836824590534,0.3023465066441785,0.0,0.0,0.3157729370888177,0.28140955852872857,0.0,0.3108558801744522,0.298873024276983,0.26036274455063674,0.2902301604200537,0.32536353993185385,0.3446494172193233,0.0,0.0,0.0,0.3307698028543171,0.0,0.0,0.0,0.0,0.35121556567131956,0.0,0.3605611559365204,0.3590567339350374,0.38390463203641184,0.3492422506281269,0.3654209807585756,0.0,0.18387712067792505,0.0,0.4107165391515005,0.34381557021657283,0.0,0.0,0.0,0.0,0.35618758842455556,0.0,0.0,0.0,0.36178269045605166,0.0,0.0,0.0,0.36031594426089525,0.4593873813031898,0.0,0.0,0.0
0.27549425561405083,0.26077946406462876,0.0,0.0,0.2509047249537028,0.25317840735828645,0.28707985086070975,0.2891414493164504,0.2497735289373018,0.3537500128192404,0.0,0.0,0.28754761647648625,0.0,0.22992078005150074,0.25954992334771265,0.264166759544713,0.26525389198259214,0.0,0.0,0.27550905615052657,0.24010142934980458,0.19479023481193083,0.0,0.25302323741736615,0.2733407363361358,0.23049344569658767,0.23143609465572937,0.22303395482760724,0.20077803073501466,0.24302038281584992,0.2743833113300436,0.24538435433612324,0.26554572684667094,0.290103375421368,0.3143268030554033,0.2877223788003267,0.0,0.31303478567063303,0.3297998739343062,0.33683784732267336,0.3241598432993757,0.0,0.0,0.0,0.0,0.32017528240734233,0.0,0.0,0.0,0.33307385071305995,0.4830360475251125,0.32624523220108964,0.6004826019219448,0.0,0.0,0.0,0.38512205989120635,0.0,0.3201311872144531,0.37915909426604083,0.0,0.46556929032452293,0.0,0.3133468215748726,0.31982465645482017,0.3198273895512522,0.33059792365515567,0.0,0.3875412720869308,0.3245674564685753,0.3256493273703406,0.3399261053217573,0.32375012731857444,0.4001862767559743,0.32225813271918713
0.25027009679989765,0.2802193194273163,0.0,0.0,0.0,0.27651189975435597,0.32054604839213424,0.2549348547701404,0.0,0.0,0.30040588746592367,0.3234304829922722,0.2978267838613766,0.2880564794876893,0.263639730785686,0.2726924203381811,0.34425960171560493,0.275157150249294,0.0,0.27550905615052657,0.0,0.28087241571747107,0.24480098350923035,0.3008593065644631,0.2704403533619023,0.27330633523016795,0.2849424155398128,0.2860735275760117,0.28188321232404273,0.2893957705398534,0.24684749469529607,0.28730581299649866,0.2620429661824425,0.26259859332354873,0.31016407661388373,0.295885640976498,0.0,0.3780629352345303,0.30583379043152675,0.31354839097447984,0.33462921478418706,0.34533451063237003,0.0,0.0,0.0,0.2686690913076614,0.3358159718073274,0.0,0.0,0.0,0.30975765696162827,0.0,0.2838899098490884,0.0,0.0,0.0,0.35704320079178914,0.37705830408957336,0.0,0.31818576440791574,0.3225191131450477,0.0,0.3702380171449798,0.0,0.3106096666930297,0.3104606955740575,0.33071538523192573,0.31771583942823006,0.0,0.3248788075170152,0.3416889888187218,0.32603574010825714,0.3309912959157611,0.3200987003613209,0.0,0.3278262560252151
0.2663371628487223,0.2462856012684648,0.25940883224218453,0.0,0.2588015055538822,0.25921498911194557,0.2930149425081052,0.0,0.26401586268436783,0.2692406757005985,0.0,0.41204120706571445,0.2959717446811551,0.0,0.22418811840879327,0.24119811529971627,0.2551656727869809,0.26392754541629027,0.0,0.24010142934980458,0.28087241571747107,0.0,0.26469179324235526,0.0,0.2611218513993011,0.26320976394316703,0.2704695728555637,0.26630627153858655,0.2588094546194826,0.2461773204392257,0.2401280904958088,0.2736868510359366,0.2462630819247276,0.2565163204795877,0.29319727100554643,0.3167481593991189,0.28545526269496824,0.0,0.31404755480772495,0.32338727147384017,0.33112860774509695,0.332963231239992,0.0,0.0,0.0,0.3131655949745157,0.32063936503126944,0.0,0.0,0.0,0.3193828472740064,0.5570694656894664,0.3041256510799568,0.0,0.0,0.0,0.0,0.43158122199457605,0.0,0.33454942170732294,0.31261370548639245,0.0,0.3367022322255739,0.0,0.31719689761982117,0.3259747723318505,0.3253799452118435,0.3198573494153187,0.0,0.30425282347601756,0.33384564898781666,0.3202337447751119,0.3769292907634135,0.3175053261985167,0.0,0.3176644317300055
0.2852248412985723,0.2761181235740207,0.19316103404238374,0.2525126915222173,0.2437302294324902,0.24639173562194075,0.27451155141257694,0.22515953066933292,0.24278553340339504,0.298544024079744,0.19455674025483793,0.33475563905565386,0.27415899726036913,0.23729315081373548,0.23904579315524765,0.2693685060172,0.4271513672145916,0.2877110559761657,0.15205199798604185,0.19479023481193083,0.24480098350923035,0.26469179324235526,0.0,0.3169295113694145,0.2641234706386297,0.2812149764259431,0.20410365197274816,0.26930798515268184,0.2590533776302701,0.26203150941747594,0.2732779761608219,0.2666003270898523,0.2573186022850698,0.2795110577780183,0.2961411035462691,0.25195658483291883,0.2779453775041728,0.31756074504147,0.3298820276019383,0.29829091347938197,0.3449852017888656,0.32771115994165456,0.33012930453187816,0.3756760017009816,0.0,0.2867129216753921,0.3224617695995915,0.3446519186964504,0.0,0.35730644237532244,0.3304268716140915,0.34130762695910566,0.30409146360585054,0.3661481737205008,0.42847135440272804,0.33166830869701613,0.0,0.336376611348803,0.3328010111725867,0.3221933798460651,0.3781958091784841,0.0,0.5417186150842163,0.35093838209657635,0.3284746024113448,0.32291824684196707,0.3221926632779648,0.3225306881835309,0.0,0.3903616663611156,0.31919425405403196,0.3340507589531516,0.33462456553695247,0.32731466994667585,0.3330638163915607,0.33695093322395314
0.22785409110485258,0.0,0.0,0.0,0.34039110661663097,0.35067260251711163,0.2509766627806908,0.33517784365420583,0.3441352926444565,0.21590688072365094,0.3143886242188521,0.18778599008395735,0.27924282789939764,0.2750838811314894,0.28262858891566034,0.2646880543505796,0.2585393788573689,0.23904802937210928,0.38523219416117777,0.0,0.3008593065644631,0.0,0.3169295113694145,0.0,0.23533493518938578,0.23358653510376787,0.3187141519441862,0.25393546421875235,0.0,0.0,0.21342686370198116,0.22987112722649167,0.1786793584680468,0.18588812592532433,0.23372249242591997,0.2026623609744608,0.16890545865454581,0.1771416662551712,0.18353546673909255,0.2685053425016484,0.2808204686346705,0.0,0.17018168951971982,0.0,0.2041747526420871,0.27217878722251543,0.0,0.0,0.0,0.0,0.27669446866089287,0.0,0.0,0.0,0.31672202513828435,0.0,0.3077405338916262,0.2992433276822141,0.0,0.0,0.3251552007805078,0.3211922531760285,0.3135651540687336,0.0,0.0,0.0,0.0,0.0,0.28311165234681285,0.31651108998737265,0.30883690048658385,0.1990984863756625,0.2247284659031107,0.0,0.0,0.2733848667853427
0.2539064654620036,0.23382422372562547,0.36150135833947417,0.0,0.26050009598202645,0.23124452469157256,0.2779372343911352,0.3188774518793093,0.2965120721928135,0.2123510164563653,0.38059679459362705,0.2334047113391497,0.2814149290395405,0.0,0.2506845990558992,0.2578091795103613,0.21793999424942245,0.21985654606735805,0.5842616137299723,0.25302323741736615,0.2704403533619023,0.2611218513993011,0.2641234706386297,0.23533493518938578,0.0,0.2246659508961443,0.25617610026357596,0.28161367417430455,0.2712944673832078,0.34722114033373214,0.23236730952164,0.25475447227774795,0.20029365910535915,0.2276029994477679,0.24821769710157868,0.3320428395594624,0.0,0.21834827663262812,0.3140102873011183,0.30388067133318275,0.31310711111523704,0.3273782953304032,0.0,0.0,0.0,0.28938712635728414,0.3212500890378989,0.0,0.0,0.0,0.41156949870084114,0.0,0.0,0.0,0.3194555105894808,0.0,0.3139728110117076,0.3843330548288715,0.0,0.3066900056456999,0.30904914261000654,0.3247173376794273,0.30588885750605227,0.0,0.3143331494229513,0.3075251178044748,0.3101077663292591,0.37345659314099583,0.3040893245470528,0.31063261573567,0.31315941868772296,0.39961243152349557,0.3499727417298129,0.3212562713016058,0.0,0.3006271713982154
0.24447291458132234,0.2563672682059778,0.3612458971827553,0.2260527554822676,0.2775096184863728,0.25763484107015533,0.276887802157582,0.3258380867749104,0.3201427374767652,0.21276627668443576,0.42222455149508703,0.22172035337564122,0.2819798022933318,0.35687767022148104,0.236076531195518,0.27166189543487107,0.24199170650200863,0.24008344711463087,0.45946781481297,0.2733407363361358,0.27330633523016795,0.26320976394316703,0.2812149764259431,0.23358653510376787,0.2246659508961443,0.0,0.28613533176622713,0.2790738396984908,0.2675024254181192,0.0,0.24275278785250726,0.28088479282234874,0.23527725924292822,0.2490172669135171,0.28225298282994077,0.31737562202071506,0.0,0.2334462730345959,0.31220261223652634,0.3087492433192702,0.3217154895258771,0.349354485294878,0.0,0.0,0.0,0.3009970258183475,0.33323775385654997,0.0,0.0,0.0,0.3335276952248342,0.5114415177580778,0.3318219361986225,0.0,0.32445239754359967,0.0,0.31633143485598375,0.3831562465569111,0.0,0.3514695774479218,0.318234952917403,0.330704449710139,0.31638125824430297,0.0,0.3300162492375408,0.34872345169869834,0.336310682105941,0.3230690673752536,0.30118496380159254,0.318341141785442,0.327112978368626,0.326926898646901,0.3412051647339385,0.324212036836314,0.0,0.30643010567662354
0.2877152122112301,0.26929570999824615,0.2066495817514887,0.2703312455620114,0.24624847011919268,0.24693793427591068,0.2756372988331944,0.2748275481184513,0.21362927819498265,0.30290132899006383,0.23836071261974462,0.32229856194382867,0.2766914780375109,0.27070376268291113,0.26322292673880815,0.27948726389328726,0.4124267864342118,0.27729222191140845,0.2173836824590534,0.23049344569658767,0.2849424155398128,0.2704695728555637,0.20410365197274816,0.3187141519441862,0.25617610026357596,0.28613533176622713,0.0,0.26987761120237724,0.24769300112011194,0.25527415262983427,0.2649482359401147,0.27307853196775267,0.2475702570147952,0.27920320863536824,0.29214735021341787,0.29076216060791593,0.27509331286662414,0.31941578625344985,0.3265366131804165,0.29348264936336216,0.35153020940212715,0.31167254053654514,0.3369786917518006,0.440170657015455,0.0,0.0,0.34283837921446636,0.36382736863461007,0.0,0.3709343655281883,0.3323996113564902,0.3500432226565263,0.33216528747624763,0.37278814929268866,0.0,0.3544159478463086,0.0,0.3437259387415444,0.37015687350533644,0.32626733548596887,0.4306650575726396,0.0,0.6380350586631769,0.37253863912436297,0.330655172145851,0.3373639041396711,0.3276159585264805,0.33926744496355987,0.0,0.4795238481270999,0.3246757167409445,0.3366722511315725,0.33967637338255807,0.33147308496259337,0.3487098706005652,0.340006619701833
0.31409398062189525,0.2855020075939472,0.2950895056591444,0.1872149010797699,0.2335500737263671,0.25407419932070147,0.24850795718917523,0.27750577345001487,0.3052880837377948,0.26912512488708357,0.29239690533711293,0.2514758904767369,0.2271787271951536,0.21604129282100343,0.26474688813184105,0.2942061985124008,0.28284565692778235,0.2862376313845335,0.3023465066441785,0.23143609465572937,0.2860735275760117,0.26630627153858655,0.26930798515268184,0.25393546421875235,0.28161367417430455,0.2790738396984908,0.26987761120237724,0.0,0.2280150649528976,0.1953485508102605,0.23426552676058732,0.27293397184630513,0.24121328949650503,0.2552675308274484,0.2685333473508554,0.19654258902111643,0.18957559134583044,0.2418061554986065,0.26022635037184244,0.229075432331932,0.28804103944317305,0.28359822950119407,0.3010384301354161,0.26934647291533537,0.1831818554678639,0.0,0.4531326123655725,0.40650923361294194,0.0,0.0,0.33090679139040957,0.3944678128613492,0.31969225296329723,0.43380595504347735,0.314779594150494,0.0,0.2627347021965016,0.3655359034308435,0.0,0.33791688715400725,0.5322279588089066,0.0,0.0,0.0,0.32597062192915166,0.3329273146935422,0.3639880274368048,0.33563132168578974,0.20812565962026314,0.392120843219624,0.354988910446308,0.33358668604203773,0.3461234841316772,0.33059261137924656,0.39740415740393287,0.34632252143968767
0.31308130577973187,0.2672402126734031,0.0,0.0,0.27557208139659417,0.240474205355658,0.29212174116376083,0.2609557570553933,0.27970997421315796,0.340099234848109,0.0,0.40559514264064334,0.2701377945860537,0.0,0.2577699196019675,0.275188309427927,0.3277339662758505,0.27910669586347403,0.0,0.22303395482760724,0.28188321232404273,0.2588094546194826,0.2590533776302701,0.0,0.2712944673832078,0.2675024254181192,0.24769300112011194,0.2280150649528976,0.0,0.22698195333465543,0.2446641086663927,0.2703092123230276,0.22708843461202327,0.2716350584835431,0.29763314992514434,0.3074996273502428,0.0,0.3646864576576736,0.32576678061096265,0.347283810095183,0.3467608126819199,0.3558184540724457,0.35301280686950504,0.4887889497554321,0.0,0.0,0.3253129791030129,0.36803984304591414,0.0,0.0,0.3268197111099607,0.3869568380555932,0.3187572672369873,0.40776508862995264,0.0,0.0,0.0,0.3528135829508195,0.0,0.3215299937719641,0.42711491288209635,0.0,0.4871030061408418,0.0,0.32327840471656405,0.32457781933027335,0.32305981569959896,0.3309109467583077,0.0,0.42796018942924213,0.3310828644262181,0.3282416255603675,0.3356327529283037,0.3229491829373431,0.35177496781807593,0.3364978727816138
0.0,0.0,0.0,0.0,0.0,0.2641689398366208,0.29029407905068294,0.26506927908950484,0.0,0.0,0.0,0.0,0.2837995176276928,0.0,0.2597589066058419,0.2781289509846266,0.0,0.28806272152670676,0.0,0.20077803073501466,0.2893957705398534,0.2461773204392257,0.26203150941747594,0.0,0.34722114033373214,0.0,0.25527415262983427,0.1953485508102605,0.22698195333465543,0.0,0.20982221832764958,0.281278284556907,0.25616070371249944,0.22489982483606957,0.2791760495152848,0.0,0.0,0.0,0.0,0.0,0.0,0.0,0.0,0.0,0.0,0.0,0.0,0.0,0.0,0.0,0.0,0.0,0.0,0.0,0.0,0.0,0.0,0.0,0.0,0.3613089372916065,0.0,0.0,0.0,0.0,0.32662159104246563,0.0,0.0,0.33338588331172636,0.0,0.0,0.0,0.3360057525731421,0.4010123264867695,0.3483282334707996,0.0,0.0
0.23390849119265575,0.226039598003776,0.30661817203236197,0.1986411721528833,0.2909897273152392,0.2911706843104219,0.29043686021916754,0.2939749494320259,0.31876409056582383,0.21052989205364783,0.3157863211920079,0.2232161151866318,0.2749771055459099,0.26957096677894443,0.25238857801831954,0.2322343684899726,0.22315005029264154,0.23899858859711826,0.3157729370888177,0.24302038281584992,0.24684749469529607,0.2401280904958088,0.2732779761608219,0.21342686370198116,0.23236730952164,0.24275278785250726,0.2649482359401147,0.23426552676058732,0.2446641086663927,0.20982221832764958,0.0,0.2568608317474945,0.21409208353111173,0.17826639267747685,0.22169388031293483,0.29346410652521593,0.20945206269643452,0.19420828885150512,0.3284226640528091,0.0,0.3099045830054173,0.0,0.0,0.0,0.0,0.26857964769319365,0.30398350578203753,0.45642549023707596,0.0,0.0,0.3452024392018772,0.0,0.0,0.514712428228576,0.2984099192053409,0.0,0.3020041505036233,0.0,0.0,0.3297801090853287,0.3011423392638285,0.35160774704605224,0.30325247628529634,0.0,0.31135814731500766,0.3100318129348725,0.32041126718699764,0.3423818869041679,0.0,0.30396758735419344,0.3138430272766482,0.33723660685642476,0.36137179231539623,0.33434457105269566,0.0,0.0
0.281323751911732,0.2692118475767058,0.28298334278603365,0.2256156163034517,0.24681951152824544,0.26773803031284366,0.2731389872216071,0.2580731251245837,0.2894135627842684,0.24101421646848026,0.28344524503027746,0.19409029725967916,0.28104531338192684,0.22895055649830806,0.2787679218613503,0.27149931342468164,0.27871480770904744,0.2801055817926961,0.28140955852872857,0.2743833113300436,0.28730581299649866,0.2736868510359366,0.2666003270898523,0.22987112722649167,0.25475447227774795,0.28088479282234874,0.27307853196775267,0.27293397184630513,0.2703092123230276,0.281278284556907,0.2568608317474945,0.0,0.22991779268088952,0.2656429485941629,0.2670541955129959,0.20300114929430418,0.21689823852663967,0.16976698311938887,0.19677032020514634,0.1720651718836848,0.2070666954364047,0.21072191606527454,0.205729874795405,0.18541060766170223,0.17132171877853275,0.30803115513489776,0.324430924755526,0.3532540598551094,0.0,0.41792039100217626,0.31096612683342684,0.3057812629498608,0.31196709027679115,0.363594925736011,0.1957012034336256,0.3229180994387199,0.15999792138418764,0.27748467677706906,0.0,0.3356125246048564,0.3120644450014508,0.287160221363039,0.2949221095823551,0.37713923260612486,0.32225090497196135,0.34173187260584326,0.33166803922957866,0.335318516667532,0.12673461422341448,0.3090887429541434,0.3161501330837164,0.32924356258170345,0.2765298472532531,0.33528638055639187,0.0,0.2776499595003488
0.23226503200405715,0.22456099259628637,0.32827721480925354,0.16989721517431916,0.2668103425894533,0.250176437447709,0.2601901374091797,0.3119103407467977,0.29250713781376475,0.20865637679591867,0.317468233476783,0.19961314305413272,0.2608901195786685,0.0,0.26322129579685855,0.23944826058313237,0.21429979867126958,0.21417108318999745,0.0,0.24538435433612324,0.2620429661824425,0.2462630819247276,0.2573186022850698,0.1786793584680468,0.20029365910535915,0.23527725924292822,0.2475702570147952,0.24121328949650503,0.22708843461202327,0.25616070371249944,0.21409208353111173,0.22991779268088952,0.0,0.17496569908744625,0.3012736647127865,0.3209913205658826,0.18216740691588054,0.1305660438097923,0.1736686038514878,0.19221798384185612,0.17479711244221974,0.1857610863299753,0.2298601834902681,0.0,0.1369282663419353,0.2768482491078259,0.3189248247129671,0.0,0.0,0.0,0.0,0.0,0.0,0.0,0.2709109125358671,0.0,0.28249931752911317,0.0,0.0,0.3383631021617057,0.3173070764651381,0.28310499460157035,0.2949325029521949,0.0,0.3275598217779962,0.0,0.3316774348156907,0.3093258443729032,0.2663085129206323,0.30483464909203156,0.3073416808470491,0.30331795847772813,0.28295630037553754,0.34674908581904595,0.0,0.2850542846041795
0.242423139339638,0.23571689720566139,0.3037301315850583,0.21794277572537205,0.28859287437265435,0.29150235917501666,0.2722164757990782,0.298010897485793,0.3129392884867279,0.23081009915659798,0.31072642834858555,0.19307041543609604,0.28132051873956027,0.2719020721587853,0.2744071363177059,0.24962156171159652,0.24498762358485407,0.24662582377317954,0.3108558801744522,0.26554572684667094,0.26259859332354873,0.2565163204795877,0.2795110577780183,0.18588812592532433,0.2276029994477679,0.2490172669135171,0.27920320863536824,0.2552675308274484,0.2716350584835431,0.22489982483606957,0.17826639267747685,0.2656429485941629,0.17496569908744625,0.0,0.2420049735073396,0.2853207673932775,0.1895636684310625,0.15282836535262737,0.1869428570969343,0.17616563461228393,0.17559363713591833,0.19537666809211743,0.23052152631334735,0.22129098573255404,0.1628708428402587,0.2801512093197062,0.3102027036481512,0.4667950511094454,0.0,0.4520540286028669,0.31807406540186306,0.0,0.33137712211278975,0.44322308032033536,0.24105084085961356,0.3698507017099288,0.2191009018457636,0.2985145655715957,0.0,0.3416006480979348,0.30333575925674383,0.30288824478390003,0.3020400134502099,0.0,0.3205277898893709,0.345191902257622,0.32822240240115463,0.3470480296261941,0.222886911136335,0.30671236019975917,0.3176054004607854,0.3077390113066466,0.285215277082246,0.31121601514484637,0.0,0.25043875306608704
0.2745367686274715,0.2801623692650166,0.29651997419703086,0.23561874666157365,0.2926465631764189,0.2845280827531967,0.2334790366197889,0.2971966714164044,0.3071799950397978,0.23393687397235743,0.29491943436131435,0.21490611768417223,0.2640119452078159,0.23214085497843687,0.3030238737296363,0.2662976297711953,0.25564544412787576,0.2644622747673836,0.298873024276983,0.290103375421368,0.31016407661388373,0.29319727100554643,0.2961411035462691,0.23372249242591997,0.24821769710157868,0.28225298282994077,0.29214735021341787,0.2685333473508554,0.29763314992514434,0.2791760495152848,0.22169388031293483,0.2670541955129959,0.3012736647127865,0.2420049735073396,0.0,0.2761232497897943,0.21417555734375393,0.17839846815483898,0.18810063834445864,0.17531011263772373,0.20106113143071075,0.22182563571920957,0.22121444429201323,0.22064748421187785,0.1691633139857313,0.26214238694633674,0.33059728764628393,0.4752191714733537,0.0,0.0,0.3208648359602554,0.31085404678646367,0.0,0.4452307694831681,0.0,0.0,0.18726746431201777,0.30999374100161237,0.0,0.35361616980270205,0.3209328221804361,0.0,0.3094236894955868,0.0,0.339284217657863,0.0,0.3414539545766133,0.31312195839098994,0.0,0.3109134766498383,0.32484008342538134,0.3029609631890167,0.28927434634496346,0.3559798836054465,0.0,0.2886433033543103
