0.0,0.3624291871418193,0.0,0.0,0.0,0.38425064517575946,0.6656641989859113,0.4342500926327888,0.0,0.3472089103445489,0.0,0.3396426449027476,0.45561784049726,0.0,0.34686232930735045,0.34899265617959024,0.295088535591095,0.3229317782045636,0.0,0.3647500228498582,0.3744507671773169,0.3563546156191477,0.4002843005266971,0.3170323861450877,0.3418159216093832,0.3310600583506377,0.3748425409746081,0.4219875740655286,0.3931009665500059,0.0,0.2934164575004404,0.35409635696839387,0.29056338240460144,0.31635724956241906,0.3788246592348935,0.0,0.0,0.372359366707687,0.40183682252006725,0.370555317617592,0.3781889673624226,0.42303761664307826,0.0,0.0,0.0,0.35484909038077755,0.41898329532693546,0.0,0.0,0.0,0.0,0.0,0.0,0.0,0.4218575069832812,0.0,0.42454895985137825,0.0,0.0,0.42062969624477803,0.40402601235166385,0.0,0.36824091665522724,0.0,0.0,0.4373829152102516,0.43375271231931545,0.36044692952000146,0.0,0.36892617315585324,0.4158747949955494,0.0,0.0,0.0,0.0,0.3862764335387348
0.3624291871418193,0.0,0.0,0.0,0.38483057199698706,0.34791608847443234,0.39737631272753055,0.41978180549933763,0.3754312304213801,0.0,0.0,0.0,0.3989340358430797,0.0,0.3602679957330525,0.3706991593393939,0.35620976061269466,0.3454481752807525,0.0,0.3619556021953713,0.3646341679583036,0.3553330513354058,0.3633953673248199,0.3520633850609034,0.3667432703344105,0.3422810538413606,0.35973644329522786,0.38615033794855674,0.3576672512859055,0.0,0.32999220804444684,0.36087672711324303,0.3200897574565038,0.3365833694887453,0.3956413621509258,0.0,0.0,0.0,0.4095261604665539,0.3907512682013933,0.3842030797287149,0.43310744228238834,0.0,0.0,0.0,0.41214728924250654,0.4099514073852896,0.0,0.0,0.0,0.0,0.0,0.0,0.0,0.0,0.0,0.0,0.0,0.0,0.41895925320270866,0.4105349723648724,0.0,0.37872508461021637,0.0,0.0,0.4297664207873581,0.39974350542353526,0.42665449250647025,0.0,0.3969853227944898,0.4302398739497581,0.0,0.0,0.0,0.0,0.3888417668668295
0.0,0.0,0.0,0.0,0.3435963539878062,0.3483023883614961,0.3815827783540394,0.39030243365150336,0.2707001909021195,0.44749709839225943,0.2469785251136247,0.5806108458950912,0.3924351037010702,0.32883717247866456,0.0,0.0,0.0,0.0,0.2264930054519315,0.0,0.0,0.0,0.27055205254636266,0.0,0.0,0.0,0.2953214799451234,0.3970604544916342,0.0,0.0,0.40995333249518223,0.3776937448517413,0.0,0.4040636643592147,0.4200040770952471,0.3537906196457747,0.38496788991455566,0.632972663201921,0.0,0.0,0.0,0.0,0.43856620764781,0.0,0.0,0.0,0.0,0.33837964226649614,0.0,0.5134412245462345,0.4817632926158995,0.5290338739658675,0.4852675873098731,0.4933159361244026,0.0,0.40765488984906134,0.0,0.5316648688822876,0.43104184811786883,0.0,0.0,0.0,0.0,0.44511673016305,0.0,0.0,0.0,0.49427504521608295,0.0,0.0,0.0,0.49110592970220707,0.0,0.6844835445458276,0.0,0.0
0.0,0.0,0.0,0.0,0.19112389441205394,0.3679758925492789,0.2579499119062365,0.2859328035125509,0.3669125596154096,0.1652567991959205,0.3367584982972545,0.25969183125449136,0.26305304396113527,0.20118529816114206,0.0,0.0,0.0,0.0,0.368015955348257,0.0,0.0,0.41455874349808386,0.35176773057595956,0.2051824570483216,0.0,0.0,0.3816447504069895,0.2012278155333462,0.0,0.0,0.0,0.2614446271267573,0.21497432983531098,0.210912839053927,0.261184078311681,0.16634709844229392,0.13320893287937913,0.26178832477245867,0.0,0.0,0.0,0.0,0.0,0.0,0.0,0.0,0.0,0.0,0.0,0.0,0.0,0.0,0.0,0.0,0.0,0.0,0.0,0.0,0.0,0.0,0.0,0.0,0.0,0.0,0.0,0.0,0.0,0.0,0.0,0.0,0.0,0.0,0.0,0.0,0.0,0.0
0.0,0.38483057199698706,0.3435963539878062,0.19112389441205394,0.0,0.3480309191123757,0.2930390232536291,0.32076388164286307,0.3047107336154844,0.3847374996700578,0.30413485073873503,0.3941473288001387,0.3435151702738388,0.22112847320942344,0.0,0.4259023184035804,0.0,0.0,0.31883222248673077,0.35319302910203976,0.0,0.3963140822384809,0.35431606685104283,0.0,0.0,0.4127993553653677,0.36842090357553947,0.3365726949759253,0.37549216038571764,0.0,0.396253206322566,0.33049157923158545,0.36065459381784504,0.3800706778328349,0.35425507924037675,0.23240727550516013,0.2561386679349194,0.3629371952117529,0.0,0.0,0.0,0.0,0.376015059503746,0.0,0.0,0.0,0.0,0.4877159867216795,0.0,0.0,0.0,0.0,0.44068493524776586,0.0,0.0,0.0,0.0,0.0,0.0,0.0,0.0,0.0,0.0,0.536671905262097,0.0,0.0,0.0,0.45006993960419533,0.0,0.0,0.0,0.4945136492655724,0.0,0.0,0.0,0.0
0.38425064517575946,0.34791608847443234,0.3483023883614961,0.3679758925492789,0.3480309191123757,0.0,0.37229119515463416,0.3329509059667881,0.3019123448850686,0.39944982500603937,0.33443113906100064,0.4425184168198632,0.349875306012576,0.31709197768632663,0.3522469215663214,0.37869362318364935,0.0,0.3661272460444581,0.3512435442205264,0.3415104936839291,0.3546789505307459,0.37272321697429905,0.3341227676333716,0.0,0.35278807930406636,0.3636998504158106,0.3188448977852655,0.33622069200251353,0.3008773178848207,0.3674670940046818,0.3914596674793714,0.36510694173848324,0.3373903512488561,0.39656213095135256,0.40826210205942876,0.3709306164475343,0.38457677691527675,0.42859906986819823,0.39890091779842013,0.0,0.452634371167693,0.0,0.0,0.0,0.0,0.5981218818681585,0.0,0.46969380388642606,0.0,0.5158948543566746,0.4209736297365279,0.47753308469492534,0.40590765518210803,0.4623606306761533,0.0,0.44577708174890457,0.0,0.45597693582809,0.0,0.422349272428205,0.0,0.0,0.0,0.4870477098741573,0.422762755655831,0.41689251145631745,0.4301639095338639,0.4228950219618111,0.0,0.0,0.4422725363349878,0.4237956584557064,0.42782055620044845,0.4085107930742915,0.47949965079011997,0.4348524603327363
0.6656641989859113,0.39737631272753055,0.3815827783540394,0.2579499119062365,0.2930390232536291,0.37229119515463416,0.0,0.37118817985645586,0.33483865192863427,0.37341516634839683,0.3862273621789225,0.3758518548601933,0.3116991937983115,0.2839863086619044,0.38507574995195837,0.4174819281135447,0.41998289709762093,0.4061375501148279,0.3895899570357841,0.39366953078695543,0.4278480603333316,0.4239721607892892,0.36626172762586373,0.0,0.3941366829282072,0.3941088252301475,0.37724084082471715,0.36579088806566407,0.39397375787981337,0.3713625938629461,0.3966639814517881,0.36112133355919934,0.38604389089014357,0.37630156866743253,0.4103309716898409,0.29249726387415725,0.2901597087911669,0.35322245530732854,0.0,0.0,0.0,0.0,0.0,0.0,0.0,0.0,0.0,0.5391234889474269,0.0,0.0,0.0,0.0,0.47967670712481314,0.5826116726296102,0.0,0.5603771530108762,0.0,0.0,0.0,0.0,0.0,0.0,0.0,0.606634783554956,0.0,0.0,0.0,0.4428839584223365,0.0,0.0,0.0,0.446813012310405,0.0,0.5537860175175332,0.0,0.0
0.4342500926327888,0.41978180549933763,0.39030243365150336,0.2859328035125509,0.32076388164286307,0.3329509059667881,0.37118817985645586,0.0,0.39204738533260425,0.4316272350322519,0.2546516305879745,0.507813995989145,0.3787183532967035,0.30872891718198625,0.2997004676595417,0.42022052878696836,0.0,0.4220195239505246,0.33088784276152955,0.34034010202223963,0.3437753599402334,0.3999419729630127,0.3031489310924808,0.44318783002450324,0.4107556618698363,0.4223224570289821,0.35584678092652333,0.36458461960617194,0.3148150266574604,0.35452749574879006,0.38284288945828304,0.3284931793332248,0.3946713382237213,0.37677550823215594,0.4015458595788216,0.23761020889872095,0.3304772547482611,0.0,0.4698726841594839,0.0,0.0,0.0,0.37156673938787144,0.0,0.0,0.0,0.0,0.4927290896808899,0.0,0.5117499581643831,0.0,0.471209210189146,0.42716446340198233,0.4896367384399175,0.0,0.41579966562731746,0.0,0.4500683775188867,0.0,0.4048115471088618,0.0,0.0,0.0,0.5022655619434705,0.42698694917507446,0.403172702744789,0.0,0.44554483539741646,0.0,0.0,0.0,0.4638485050633349,0.43902287198416284,0.4198513641865193,0.0,0.0
0.0,0.3754312304213801,0.2707001909021195,0.3669125596154096,0.3047107336154844,0.3019123448850686,0.33483865192863427,0.39204738533260425,0.0,0.4067717948080624,0.27172658252149734,0.419687296393551,0.33668449169031317,0.3536904859163356,0.0,0.4267047714394133,0.0,0.0,0.22063163618861129,0.3715440500969163,0.0,0.39755375397387777,0.34763249061425294,0.0,0.41286002251171516,0.4250485306454145,0.34241002495384665,0.3885440841019788,0.3591547063061205,0.0,0.41089778938117166,0.37413806954458667,0.4037218978612256,0.40288477214099144,0.40066656455917643,0.3671408594799303,0.3845670924437963,0.3971658499272374,0.0,0.0,0.0,0.0,0.41617670984452226,0.0,0.0,0.0,0.0,0.49344206357864473,0.0,0.0,0.46535585569917265,0.0,0.4591057603090989,0.536861016083835,0.0,0.44022611012517954,0.0,0.5589343185703869,0.4335273263403492,0.0,0.0,0.0,0.0,0.4914396591941611,0.0,0.0,0.0,0.4768725096724597,0.0,0.0,0.0,0.47236659938953857,0.0,0.0,0.0,0.0
0.3472089103445489,0.0,0.44749709839225943,0.1652567991959205,0.3847374996700578,0.39944982500603937,0.37341516634839683,0.4316272350322519,0.4067717948080624,0.0,0.4035774722337354,0.27083163675512617,0.3801306596330466,0.3693939945446287,0.0,0.3378743556957658,0.31772339817009804,0.318272066599934,0.4132070393610992,0.0,0.41887978618282395,0.0,0.40264676025407825,0.27534750982320166,0.30530062784440654,0.295463410554978,0.41821181361856075,0.37006503946521807,0.0,0.0,0.30408737756062865,0.32116548921201427,0.2563958981903123,0.28542953658160597,0.29819052081521946,0.2825500744018772,0.20500309251205348,0.25189601923952754,0.31604728013064703,0.28800302801540495,0.28176389018387266,0.2708369081989897,0.0,0.0,0.2574245354352357,0.38980538709692714,0.0,0.0,0.0,0.0,0.0,0.0,0.0,0.0,0.3596534709752941,0.0,0.3621990843567364,0.3760543562143436,0.0,0.0,0.0,0.35802579797481915,0.35173173625903786,0.0,0.0,0.0,0.0,0.0,0.35143203436965353,0.3807036755849498,0.3928866967382798,0.0,0.3376147728193989,0.0,0.0,0.2900748849159998
0.0,0.0,0.2469785251136247,0.3367584982972545,0.30413485073873503,0.33443113906100064,0.3862273621789225,0.2546516305879745,0.27172658252149734,0.4035774722337354,0.0,0.4021725222204374,0.3902327663860666,0.2554565810948162,0.0,0.0,0.0,0.0,0.20753859242849143,0.0,0.0,0.0,0.2361477739849068,0.4385095033577102,0.0,0.0,0.34115208725896656,0.3814862449515601,0.0,0.0,0.3950386147530137,0.31507063422996084,0.0,0.3946839310750627,0.36548041122966185,0.23797759963445536,0.372187806052446,0.3896613052889852,0.0,0.0,0.0,0.0,0.3655530020957799,0.0,0.0,0.0,0.0,0.4185477428389878,0.0,0.41472352585292066,0.0,0.45721661181544754,0.4116725537568556,0.4580022874761859,0.0,0.16901106595092968,0.0,0.4595142042750034,0.3052217642980972,0.0,0.0,0.0,0.0,0.17555828497759254,0.0,0.0,0.0,0.45878796950558665,0.0,0.0,0.0,0.48018698325161113,0.0,0.0,0.0,0.0
0.3396426449027476,0.0,0.5806108458950912,0.25969183125449136,0.3941473288001387,0.4425184168198632,0.3758518548601933,0.507813995989145,0.419687296393551,0.27083163675512617,0.4021725222204374,0.0,0.37508317092335114,0.0,0.0,0.4180434074645434,0.3301174313631991,0.3309020234610259,0.46260222380588506,0.0,0.44386774997918654,0.0,0.4547265592908413,0.25707396215837336,0.31570146731451476,0.28347197203577446,0.4790357910499421,0.31982719583929986,0.0,0.0,0.31187739872608317,0.28226446078237866,0.25581379224534223,0.2534878428401141,0.31771315483253465,0.2926226326653296,0.2708253943967016,0.22561877654123405,0.237719552881284,0.32250394901992213,0.31984035473523603,0.2706542099373352,0.0,0.0,0.306478916161209,0.0,0.0,0.0,0.0,0.0,0.0,0.0,0.0,0.0,0.38165332759357234,0.0,0.378981808272311,0.39065611781544957,0.0,0.0,0.0,0.38548399958238644,0.36862409502190663,0.0,0.0,0.0,0.0,0.0,0.36640866674628575,0.3970923636435985,0.40360078381415365,0.0,0.3605276300494998,0.0,0.0,0.3518004978381755
0.45561784049726,0.3989340358430797,0.3924351037010702,0.26305304396113527,0.3435151702738388,0.349875306012576,0.3116991937983115,0.3787183532967035,0.33668449169031317,0.3801306596330466,0.3902327663860666,0.37508317092335114,0.0,0.3107545052104801,0.3668058838174517,0.4224070538502941,0.39662935457147713,0.3990626769874132,0.38980901329287626,0.3856586099312262,0.38887233765609314,0.42448659692808094,0.3742818705652235,0.37226288926242174,0.3941185972111102,0.39824210250888215,0.385350525706777,0.3140253934551867,0.36877593239936396,0.38569274280385857,0.37775492578585773,0.36185796536516757,0.3716195608713568,0.368873252246249,0.3732427741644264,0.2926455638395387,0.2895161648840696,0.3432078334857799,0.43457151655607995,0.4348641015552795,0.0,0.0,0.0,0.0,0.0,0.0,0.0,0.5319723046376756,0.0,0.0,0.0,0.0,0.44435725038911367,0.5776237481464119,0.43543716163270335,0.5154595177549528,0.4312746275309504,0.0,0.0,0.0,0.0,0.0,0.0,0.0,0.0,0.5835694972890982,0.0,0.43791098128555045,0.0,0.0,0.0,0.4348443624281538,0.0,0.4612887663332508,0.0,0.0
0.0,0.0,0.32883717247866456,0.20118529816114206,0.22112847320942344,0.31709197768632663,0.2839863086619044,0.30872891718198625,0.3536904859163356,0.3693939945446287,0.2554565810948162,0.0,0.3107545052104801,0.0,0.0,0.0,0.0,0.0,0.28747186689785204,0.0,0.0,0.0,0.3042662438550885,0.0,0.0,0.0,0.35155407882881057,0.23374593709329422,0.0,0.0,0.3448928432261634,0.22572220854360145,0.0,0.2723095961440527,0.17818036651772695,0.19130423855924403,0.1397334282303176,0.0,0.0,0.0,0.0,0.0,0.33684739165295935,0.0,0.0,0.0,0.0,0.49192111673576105,0.0,0.3673805437273,0.0,0.0,0.0,0.46100910278977697,0.0,0.395515339628139,0.0,0.0,0.0,0.0,0.0,0.0,0.0,0.5493587498772609,0.0,0.0,0.0,0.44834316881562464,0.0,0.0,0.0,0.0,0.0,0.0,0.0,0.0
0.34686232930735045,0.3602679957330525,0.0,0.0,0.0,0.3522469215663214,0.38507574995195837,0.2997004676595417,0.0,0.0,0.0,0.0,0.3668058838174517,0.0,0.0,0.3769318585584242,0.0,0.35945828057375123,0.0,0.29259223558079867,0.33894988553933686,0.31303845135408026,0.28719713514127887,0.40134077179081024,0.3728541681230645,0.35661895942536853,0.31413430346446797,0.35887847089990565,0.3255918785547214,0.3463533952976439,0.37045548448051124,0.3818699537871675,0.32203273705017743,0.381790780851846,0.4194948684537359,0.0,0.0,0.0,0.4165824452418922,0.38050565969690736,0.4331747357419234,0.4470828293411487,0.5125318329215711,0.0,0.0,0.0,0.4389395372454852,0.0,0.0,0.0,0.418166394016551,0.0,0.3785898568223182,0.0,0.0,0.0,0.0,0.5533255737484221,0.0,0.40046967232457376,0.0,0.0,0.0,0.0,0.4035542685504964,0.4155804305898991,0.4230629070509316,0.418817541749923,0.0,0.0,0.4535363192916637,0.4140261733127684,0.4609713648803766,0.4238667614943332,0.0,0.43732658944473957
0.34899265617959024,0.3706991593393939,0.0,0.0,0.4259023184035804,0.37869362318364935,0.4174819281135447,0.42022052878696836,0.4267047714394133,0.3378743556957658,0.0,0.4180434074645434,0.4224070538502941,0.0,0.3769318585584242,0.0,0.3353748471945767,0.33888670729897485,0.0,0.3540412667164871,0.37049538702825874,0.35518858217679844,0.37269802703292054,0.3371502525774867,0.34974958958708746,0.3652312956146224,0.38073494816606723,0.4019124111091407,0.37895044550982615,0.3910789979083357,0.3191295312467539,0.3616638300751032,0.3324856161646847,0.32231799844350634,0.3931685365807887,0.0,0.0,0.0,0.3916431597331323,0.36878774792896357,0.36635120448807534,0.4016380147656821,0.0,0.0,0.0,0.38753762917255824,0.401308742124464,0.0,0.0,0.0,0.0,0.0,0.0,0.0,0.4867353435869563,0.0,0.6275279912473408,0.0,0.0,0.0,0.3932555596506213,0.5770149996609997,0.3664990475722808,0.0,0.0,0.4150651592232987,0.4037658787341913,0.0,0.3941031930929631,0.36484583537456816,0.4008209891188819,0.0,0.0,0.0,0.0,0.37748134179516973
0.295088535591095,0.35620976061269466,0.0,0.0,0.0,0.0,0.41998289709762093,0.0,0.0,0.31772339817009804,0.0,0.3301174313631991,0.39662935457147713,0.0,0.0,0.3353748471945767,0.0,0.31423944241058777,0.0,0.0,0.4302603333596294,0.3615001197926354,0.0,0.3135828976852132,0.31410281619964625,0.3282402357044987,0.0,0.38433392242873615,0.0,0.0,0.31554739924132863,0.3579495048672898,0.28485592371578444,0.3106784302445574,0.33254891210002824,0.34162136448821323,0.0,0.31629251809190295,0.36728244786556924,0.3349195136587906,0.36004892998770327,0.0,0.0,0.0,0.0,0.38612460661188974,0.0,0.0,0.0,0.0,0.0,0.0,0.0,0.0,0.3629676822912001,0.0,0.3783488248886908,0.0,0.0,0.0,0.4334136331175359,0.37875843349431426,0.37657156322053137,0.0,0.0,0.0,0.0,0.0,0.38997047455178835,0.3698173633249099,0.3887498376694472,0.0,0.0,0.0,0.0,0.35974256609445954
0.3229317782045636,0.3454481752807525,0.0,0.0,0.0,0.3661272460444581,0.4061375501148279,0.4220195239505246,0.0,0.318272066599934,0.0,0.3309020234610259,0.3990626769874132,0.0,0.35945828057375123,0.33888670729897485,0.31423944241058777,0.0,0.0,0.3614250939790654,0.39686135110122556,0.3587325862633463,0.38800815032941033,0.31176725384538584,0.3310122733800175,0.3274891265606505,0.3746377718713344,0.3850695100621258,0.3731777963260406,0.0,0.3267308039417749,0.36928213125077153,0.2918334814219514,0.31287637899427645,0.3542362480459938,0.0,0.0,0.0,0.3639699272984657,0.3533537227965445,0.3472680706464757,0.38910737335025175,0.0,0.0,0.0,0.37067589606538026,0.38557089649557597,0.0,0.0,0.0,0.0,0.0,0.0,0.0,0.3652714359792108,0.0,0.36958297200341106,0.0,0.0,0.0,0.3755304213016058,0.3737199385340314,0.3722268088281693,0.0,0.0,0.0,0.0,0.0,0.3813200290074517,0.37133914910527727,0.3921778165978734,0.0,0.0,0.0,0.0,0.3709493588248126
0.0,0.0,0.2264930054519315,0.368015955348257,0.31883222248673077,0.3512435442205264,0.3895899570357841,0.33088784276152955,0.22063163618861129,0.4132070393610992,0.20753859242849143,0.46260222380588506,0.38980901329287626,0.28747186689785204,0.0,0.0,0.0,0.0,0.0,0.0,0.0,0.0,0.23791710756655882,0.0,0.0,0.0,0.3377120816897416,0.3829592870842704,0.0,0.0,0.40492341699266754,0.3610432061934058,0.0,0.4005005711754088,0.38000632701911985,0.3279928028741451,0.3903601788430985,0.43938598272515106,0.0,0.0,0.0,0.0,0.40517317707627426,0.0,0.0,0.0,0.0,0.45404114201963464,0.0,0.0,0.0,0.5486742689410713,0.4420874114016109,0.4937354625392172,0.0,0.40518720351081017,0.0,0.0,0.4199309090605399,0.0,0.0,0.0,0.0,0.4687038321061645,0.0,0.0,0.0,0.4673722568690252,0.0,0.0,0.0,0.490185701621873,0.0,0.0,0.0,0.0
0.3647500228498582,0.3619556021953713,0.0,0.0,0.35319302910203976,0.3415104936839291,0.39366953078695543,0.34034010202223963,0.3715440500969163,0.0,0.0,0.0,0.3856586099312262,0.0,0.29259223558079867,0.3540412667164871,0.0,0.3614250939790654,0.0,0.0,0.3536611118949579,0.3207034551666889,0.2908416620482577,0.39263470222429175,0.36998766519753534,0.37171816129165575,0.3023535191080037,0.3428179130277813,0.29479208001102114,0.3301285589460082,0.3425818135655139,0.39479067999658596,0.3426665091827641,0.3705510622497032,0.42247685058919054,0.0,0.0,0.0,0.42088926000152016,0.3980587302701725,0.4308342660936541,0.4454715087668846,0.0,0.0,0.0,0.0,0.4156148574225199,0.0,0.0,0.0,0.0,0.0,0.4356319145953066,0.0,0.0,0.0,0.0,0.0,0.0,0.41138917457058194,0.0,0.0,0.0,0.0,0.4127184169524782,0.4092252724381341,0.41569816442951035,0.4226335617290248,0.0,0.0,0.4238802214309015,0.40595320540204877,0.4437586291964502,0.41885668685844885,0.0,0.4428549954759639
0.3744507671773169,0.3646341679583036,0.0,0.0,0.0,0.3546789505307459,0.4278480603333316,0.3437753599402334,0.0,0.41887978618282395,0.0,0.44386774997918654,0.38887233765609314,0.0,0.33894988553933686,0.37049538702825874,0.4302603333596294,0.39686135110122556,0.0,0.3536611118949579,0.0,0.3577561565484699,0.33992108819259687,0.4245552002647863,0.39227553756491607,0.374521573685523,0.34837645344029505,0.37783322752520826,0.3433023938339243,0.37784234616858864,0.35582019045432034,0.3642544312371912,0.3134226066598743,0.3643912717600928,0.4208506752741304,0.0,0.0,0.0,0.42634339678373506,0.42265126092761685,0.4431212467837382,0.4724947168874556,0.0,0.0,0.0,0.39999031103788024,0.4468538600053297,0.0,0.0,0.0,0.0,0.0,0.41322117902104727,0.0,0.0,0.0,0.0,0.5350936233423353,0.0,0.42753268217353124,0.42921020624307776,0.0,0.0,0.0,0.4177070907263588,0.4186170878485482,0.4346250639047689,0.41709557545745646,0.0,0.0,0.46666367364869593,0.42913718677509244,0.45362474801715785,0.42361505284384265,0.0,0.46041328033888734
0.3563546156191477,0.3553330513354058,0.0,0.41455874349808386,0.3963140822384809,0.37272321697429905,0.4239721607892892,0.3999419729630127,0.39755375397387777,0.0,0.0,0.0,0.42448659692808094,0.0,0.31303845135408026,0.35518858217679844,0.3615001197926354,0.3587325862633463,0.0,0.3207034551666889,0.3577561565484699,0.0,0.32599946649558287,0.4384580443767331,0.38573301956187395,0.35776583457957345,0.35534225628720156,0.38898609121792804,0.3502628772540578,0.36064552018127083,0.35236088782823205,0.3944447797357902,0.32615569578064346,0.36846547498938603,0.4288965904466699,0.45354724369608995,0.44034113409293474,0.0,0.4062744235667428,0.3884084202105357,0.40660237499840346,0.4387761238673356,0.0,0.0,0.0,0.41645127597955167,0.4095823122432842,0.0,0.0,0.0,0.0,0.0,0.3947167592766259,0.0,0.0,0.0,0.0,0.0,0.0,0.4281441989881556,0.40851065531558023,0.0,0.4029428935323204,0.0,0.4117107938987742,0.4234485338600506,0.41257560815880107,0.4188777331571645,0.0,0.37981749420018723,0.4339056084201385,0.4189565250750601,0.5149126969813833,0.4203166821521907,0.0,0.4121134046986587
0.4002843005266971,0.3633953673248199,0.27055205254636266,0.35176773057595956,0.35431606685104283,0.3341227676333716,0.36626172762586373,0.3031489310924808,0.34763249061425294,0.40264676025407825,0.2361477739849068,0.4547265592908413,0.3742818705652235,0.3042662438550885,0.28719713514127887,0.37269802703292054,0.0,0.38800815032941033,0.23791710756655882,0.2908416620482577,0.33992108819259687,0.32599946649558287,0.0,0.4277984194630151,0.37925743360368097,0.3780795536025031,0.30847908882619635,0.3645143490166352,0.3246388883976653,0.34928801499065293,0.3770700123034561,0.35484585265919705,0.3392094686341486,0.38537509317098684,0.40216035001594663,0.3180035883098518,0.3686146108036556,0.4307290737277126,0.42587740740468316,0.3463721324771232,0.4268224201086827,0.4257697948868168,0.42449595526263884,0.0,0.0,0.0,0.43782381860038394,0.48778948321105003,0.0,0.4786624906311132,0.4176926393028844,0.4576618929670853,0.4446723429205044,0.4902662802972325,0.0,0.4376184083212363,0.0,0.43848224109570205,0.43822068111062595,0.4061907821798578,0.0,0.0,0.0,0.48331068472640926,0.4226673152924125,0.4084424146727001,0.4140319341059787,0.4412376696203198,0.0,0.0,0.4302519172525782,0.43686505750626164,0.43130194543188355,0.41517820627381735,0.4283186139755558,0.4324430153350437
0.3170323861450877,0.3520633850609034,0.0,0.2051824570483216,0.0,0.0,0.0,0.44318783002450324,0.0,0.27534750982320166,0.4385095033577102,0.25707396215837336,0.37226288926242174,0.0,0.40134077179081024,0.3371502525774867,0.3135828976852132,0.31176725384538584,0.0,0.39263470222429175,0.4245552002647863,0.4384580443767331,0.4277984194630151,0.0,0.3112393597848085,0.313491814881254,0.0,0.3564132691154703,0.5226103823681035,0.0,0.29917140117770546,0.35156914180813714,0.2516905309026064,0.25164814062762697,0.3244865393808093,0.0,0.0,0.2231823893503634,0.3527175617516174,0.31440532586601483,0.3323405456327821,0.0,0.0,0.0,0.23775898835867676,0.33853202957929124,0.0,0.0,0.0,0.0,0.0,0.0,0.0,0.0,0.3619314094305905,0.0,0.3657863607825196,0.0,0.0,0.0,0.38753034929276375,0.3896986249209297,0.3711008861649956,0.0,0.0,0.0,0.0,0.0,0.35956878862220737,0.38031576748232,0.3981533577184168,0.0,0.0,0.0,0.0,0.33605662939031566
0.3418159216093832,0.3667432703344105,0.0,0.0,0.0,0.35278807930406636,0.3941366829282072,0.4107556618698363,0.41286002251171516,0.30530062784440654,0.0,0.31570146731451476,0.3941185972111102,0.0,0.3728541681230645,0.34974958958708746,0.31410281619964625,0.3310122733800175,0.0,0.36998766519753534,0.39227553756491607,0.38573301956187395,0.37925743360368097,0.3112393597848085,0.0,0.3242522590171518,0.36040979513703025,0.36892840877854893,0.36014516301440225,0.0,0.3076227706756949,0.3487636626132624,0.27352323362559783,0.2856489621576414,0.3307664500037059,0.0,0.0,0.28519096094890645,0.3932581056550376,0.3686577980319945,0.36585309174271313,0.40600179017401977,0.0,0.0,0.2759548608464485,0.3925825873202124,0.3929770916976373,0.0,0.0,0.0,0.0,0.0,0.0,0.0,0.37452709284998426,0.0,0.37578546611868796,0.0,0.0,0.0,0.39959113828693116,0.37100339845597985,0.3779031898945004,0.0,0.0,0.0,0.0,0.0,0.37924922518490306,0.378704493563681,0.3999112850010807,0.0,0.44738833331165584,0.0,0.0,0.372894719953401
0.3310600583506377,0.3422810538413606,0.0,0.0,0.4127993553653677,0.3636998504158106,0.3941088252301475,0.4223224570289821,0.4250485306454145,0.295463410554978,0.0,0.28347197203577446,0.39824210250888215,0.0,0.35661895942536853,0.3652312956146224,0.3282402357044987,0.3274891265606505,0.0,0.37171816129165575,0.374521573685523,0.35776583457957345,0.3780795536025031,0.313491814881254,0.3242522590171518,0.0,0.3694455972529674,0.37905204517264346,0.36007812330767414,0.500502118348349,0.3379402357010203,0.39276955482004366,0.3295937769097279,0.3496193753659237,0.42694155694190605,0.3646814818626828,0.0,0.2897691747241399,0.4182517697875762,0.3887352164886291,0.40008148808365523,0.44787006293088855,0.0,0.0,0.30149857050728646,0.39971017788359964,0.42883125906893776,0.0,0.0,0.0,0.0,0.0,0.44187728221060146,0.0,0.3792739275850235,0.0,0.3820981717760172,0.0,0.0,0.4554474725143404,0.41091278259999287,0.3754017807911846,0.3814939227516562,0.0,0.4302392519782576,0.4597401144166968,0.4454926183769324,0.4367242642931202,0.38592987546515045,0.38413703382018116,0.42544605165113947,0.0,0.3944001640709586,0.0,0.0,0.3846688918366095
0.3748425409746081,0.35973644329522786,0.2953214799451234,0.3816447504069895,0.36842090357553947,0.3188448977852655,0.37724084082471715,0.35584678092652333,0.34241002495384665,0.41821181361856075,0.34115208725896656,0.4790357910499421,0.385350525706777,0.35155407882881057,0.31413430346446797,0.38073494816606723,0.0,0.3746377718713344,0.3377120816897416,0.3023535191080037,0.34837645344029505,0.35534225628720156,0.30847908882619635,0.0,0.36040979513703025,0.3694455972529674,0.0,0.3729347125781974,0.3303160716272624,0.3440263401863889,0.3663736599219995,0.3680774399830322,0.3330112484178209,0.3850266780851989,0.4054018957506803,0.37502967083402555,0.39090720214296354,0.46150736654272556,0.41215222460405754,0.0,0.4412301303244392,0.4489166102341072,0.42718064762877705,0.0,0.0,0.0,0.0,0.48971009072204125,0.0,0.5216481012463634,0.4233238694158838,0.4821155280974345,0.45353640299019987,0.490665131619667,0.0,0.4689484913570089,0.0,0.44759144269025675,0.0,0.395003824189036,0.0,0.0,0.0,0.5166026619282705,0.4186814557307023,0.40433454056667767,0.4123982798401409,0.45203746113298254,0.0,0.0,0.43488871467910284,0.4350708874630605,0.42565537649861374,0.4155402980805702,0.0,0.4326776335969508
0.4219875740655286,0.38615033794855674,0.3970604544916342,0.2012278155333462,0.3365726949759253,0.33622069200251353,0.36579088806566407,0.36458461960617194,0.3885440841019788,0.37006503946521807,0.3814862449515601,0.31982719583929986,0.3140253934551867,0.23374593709329422,0.35887847089990565,0.4019124111091407,0.38433392242873615,0.3850695100621258,0.3829592870842704,0.3428179130277813,0.37783322752520826,0.38898609121792804,0.3645143490166352,0.3564132691154703,0.36892840877854893,0.37905204517264346,0.3729347125781974,0.0,0.3165100410062717,0.2864235384400384,0.3428419317780948,0.3414273945931372,0.31635165274136584,0.334431188685294,0.3058163361812712,0.2529148994356596,0.24701969106078875,0.2942766045633482,0.42258198163300476,0.0,0.44488384956550003,0.0,0.0,0.0,0.0,0.0,0.0,0.0,0.0,0.0,0.43830109315470417,0.0,0.4275249493960576,0.0,0.385733393227891,0.0,0.3999230229843092,0.0,0.0,0.4400243196204967,0.0,0.0,0.0,0.0,0.4313793120501853,0.44921680345031617,0.0,0.4291698639299945,0.0,0.0,0.0,0.42426293442297336,0.45252481356959817,0.42824014177043207,0.0,0.46741936679474094
0.3931009665500059,0.3576672512859055,0.0,0.0,0.37549216038571764,0.3008773178848207,0.39397375787981337,0.3148150266574604,0.3591547063061205,0.0,0.0,0.0,0.36877593239936396,0.0,0.3255918785547214,0.37895044550982615,0.0,0.3731777963260406,0.0,0.29479208001102114,0.3433023938339243,0.3502628772540578,0.3246388883976653,0.5226103823681035,0.36014516301440225,0.36007812330767414,0.3303160716272624,0.3165100410062717,0.0,0.3158411659718396,0.3302462574919541,0.364416758137122,0.3025508296156918,0.3668984582009634,0.40380464289473234,0.0,0.0,0.0,0.41202942454199054,0.0,0.44315362239102135,0.4651197628200114,0.0,0.0,0.0,0.0,0.0,0.0,0.0,0.0,0.4128216449711531,0.0,0.4240421521139733,0.0,0.0,0.0,0.0,0.4649751073273403,0.0,0.4014375650946103,0.0,0.0,0.0,0.0,0.41665247550097556,0.405041490254414,0.4154757045570348,0.41127578674017773,0.0,0.0,0.42252522958317845,0.404578576160752,0.4302374768315755,0.4136976106963123,0.44712724947635835,0.4303312815095213
0.0,0.0,0.0,0.0,0.0,0.3674670940046818,0.3713625938629461,0.35452749574879006,0.0,0.0,0.0,0.0,0.38569274280385857,0.0,0.3463533952976439,0.3910789979083357,0.0,0.0,0.0,0.3301285589460082,0.37784234616858864,0.36064552018127083,0.34928801499065293,0.0,0.0,0.500502118348349,0.3440263401863889,0.2864235384400384,0.3158411659718396,0.0,0.3195154858324506,0.351891797326307,0.0,0.35077874048836144,0.3777247798566666,0.0,0.0,0.0,0.4293273635526417,0.0,0.0,0.0,0.0,0.0,0.0,0.0,0.0,0.0,0.0,0.0,0.0,0.0,0.4974128041404731,0.0,0.0,0.0,0.0,0.0,0.0,0.4411012523578949,0.0,0.0,0.0,0.0,0.0,0.0,0.5340098098537646,0.4346490914909121,0.0,0.0,0.0,0.0,0.5352091826402176,0.4631042906426062,0.0,0.0
0.2934164575004404,0.32999220804444684,0.40995333249518223,0.0,0.396253206322566,0.3914596674793714,0.3966639814517881,0.38284288945828304,0.41089778938117166,0.30408737756062865,0.3950386147530137,0.31187739872608317,0.37775492578585773,0.3448928432261634,0.37045548448051124,0.3191295312467539,0.31554739924132863,0.3267308039417749,0.40492341699266754,0.3425818135655139,0.35582019045432034,0.35236088782823205,0.3770700123034561,0.29917140117770546,0.3076227706756949,0.3379402357010203,0.3663736599219995,0.3428419317780948,0.3302462574919541,0.3195154858324506,0.0,0.35005339307749717,0.2972874957404572,0.272275016962786,0.32269112053801746,0.35217545690646695,0.34450720565374426,0.26879927305255125,0.40824389485953816,0.3057478336629543,0.34323223564915273,0.0,0.0,0.0,0.0,0.34824848037301176,0.3737591253465238,0.0,0.0,0.0,0.0,0.0,0.44204109601354297,0.0,0.3566373713253577,0.0,0.34798101361578193,0.0,0.0,0.3915956358329584,0.3647917861912113,0.373527269007907,0.36595931421750316,0.0,0.43541251025641764,0.4217173545578032,0.40759123462306024,0.4295350751526302,0.339369483846439,0.35833694212133416,0.3736657642413181,0.43154110298063453,0.4761468932178111,0.43712881037947837,0.0,0.37685772797104516
0.35409635696839387,0.36087672711324303,0.3776937448517413,0.2614446271267573,0.33049157923158545,0.36510694173848324,0.36112133355919934,0.3284931793332248,0.37413806954458667,0.32116548921201427,0.31507063422996084,0.28226446078237866,0.36185796536516757,0.22572220854360145,0.3818699537871675,0.3616638300751032,0.3579495048672898,0.36928213125077153,0.3610432061934058,0.39479067999658596,0.3642544312371912,0.3944447797357902,0.35484585265919705,0.35156914180813714,0.3487636626132624,0.39276955482004366,0.3680774399830322,0.3414273945931372,0.364416758137122,0.351891797326307,0.35005339307749717,0.0,0.31730797672631567,0.3383034528526175,0.3498486454849845,0.25794183835868006,0.27269998003299206,0.2529306180660619,0.283031364007429,0.23947994343560094,0.2607922816163669,0.30198227917731485,0.3027742208759023,0.2715487808440028,0.21412563220343153,0.39621098201149335,0.39579464092030464,0.4767796599222717,0.0,0.0,0.4059941777077957,0.0,0.40911231104107804,0.4682294891310168,0.30522986156817383,0.41169597280013664,0.2131571589518945,0.4399403167179632,0.0,0.41416461415140055,0.39929427810329077,0.38902733408353424,0.37922655379476083,0.0,0.41108920226707785,0.4172085389268655,0.40490725953255013,0.41107591212735134,0.0,0.379771817606838,0.4081092033823436,0.4095989653820078,0.4083247963161665,0.4076160600042574,0.4274236928300685,0.4237302718846812
0.29056338240460144,0.3200897574565038,0.0,0.21497432983531098,0.36065459381784504,0.3373903512488561,0.38604389089014357,0.3946713382237213,0.4037218978612256,0.2563958981903123,0.0,0.25581379224534223,0.3716195608713568,0.0,0.32203273705017743,0.3324856161646847,0.28485592371578444,0.2918334814219514,0.0,0.3426665091827641,0.3134226066598743,0.32615569578064346,0.3392094686341486,0.2516905309026064,0.27352323362559783,0.3295937769097279,0.3330112484178209,0.31635165274136584,0.3025508296156918,0.0,0.2972874957404572,0.31730797672631567,0.0,0.21694387045300692,0.40546561970334555,0.28720501709807966,0.3476314371996698,0.18774294000085537,0.27839694494154016,0.25095614812052097,0.29612007892948716,0.34601165576255505,0.0,0.2531574280399229,0.2252687132473066,0.35883179761565803,0.3958198531413215,0.0,0.0,0.0,0.0,0.0,0.0,0.0,0.3052683063207782,0.0,0.2986495443809754,0.41585665552728884,0.0,0.4224851667578214,0.3782911497685762,0.3414180904460086,0.3579778827210104,0.0,0.3859705626731634,0.41943822299625444,0.4072588646977219,0.38306393116106086,0.2925687781913679,0.35303248221427075,0.38367944573608787,0.0,0.3406574048456889,0.0,0.0,0.3080006055556182
0.31635724956241906,0.3365833694887453,0.4040636643592147,0.210912839053927,0.3800706778328349,0.39656213095135256,0.37630156866743253,0.37677550823215594,0.40288477214099144,0.28542953658160597,0.3946839310750627,0.2534878428401141,0.368873252246249,0.2723095961440527,0.381790780851846,0.32231799844350634,0.3106784302445574,0.31287637899427645,0.4005005711754088,0.3705510622497032,0.3643912717600928,0.36846547498938603,0.38537509317098684,0.25164814062762697,0.2856489621576414,0.3496193753659237,0.3850266780851989,0.334431188685294,0.3668984582009634,0.35077874048836144,0.272275016962786,0.3383034528526175,0.21694387045300692,0.0,0.27980027248823,0.29689815956653465,0.24821228735106182,0.2114010819941483,0.31132733564965914,0.28148850382868496,0.3116510214669917,0.29223635875256404,0.0,0.0,0.23367148037063468,0.366026879071388,0.3990686436773522,0.0,0.0,0.0,0.0,0.0,0.445687143624054,0.0,0.32845615760326824,0.0,0.3228300592624321,0.0,0.0,0.42789335742819945,0.38209512709358673,0.3747136081213531,0.35865664725780516,0.0,0.43147959729896995,0.42994095702351953,0.4184318347774215,0.4345822093030261,0.31296985862513,0.35632028105698776,0.39100355037405843,0.4337129131657728,0.4624389269507925,0.44357094622496335,0.0,0.3328847440448082
0.3788246592348935,0.3956413621509258,0.4200040770952471,0.261184078311681,0.35425507924037675,0.40826210205942876,0.4103309716898409,0.4015458595788216,0.40066656455917643,0.29819052081521946,0.36548041122966185,0.31771315483253465,0.3732427741644264,0.17818036651772695,0.4194948684537359,0.3931685365807887,0.33254891210002824,0.3542362480459938,0.38000632701911985,0.42247685058919054,0.4208506752741304,0.4288965904466699,0.40216035001594663,0.3244865393808093,0.3307664500037059,0.42694155694190605,0.4054018957506803,0.3058163361812712,0.40380464289473234,0.3777247798566666,0.32269112053801746,0.3498486454849845,0.40546561970334555,0.27980027248823,0.0,0.2913486685665289,0.33127103535253716,0.2699285448000485,0.25675795483743663,0.2559460127392162,0.29971003274387886,0.3379840357417656,0.0,0.0,0.0,0.3594867229719302,0.417475337465316,0.0,0.0,0.0,0.0,0.0,0.43243893738294764,0.0,0.3487266804147654,0.0,0.34086009639368925,0.0,0.0,0.4471341901783615,0.4208231102769398,0.0,0.3912649708038256,0.0,0.0,0.5120337634148695,0.4387585585460477,0.4432760751493129,0.0,0.38671444674115896,0.4289809462545035,0.4262195508062862,0.0,0.47223826519722395,0.0,0.0
0.0,0.0,0.3537906196457747,0.16634709844229392,0.23240727550516013,0.3709306164475343,0.29249726387415725,0.23761020889872095,0.3671408594799303,0.2825500744018772,0.23797759963445536,0.2926226326653296,0.2926455638395387,0.19130423855924403,0.0,0.0,0.34162136448821323,0.0,0.3279928028741451,0.0,0.0,0.45354724369608995,0.3180035883098518,0.0,0.0,0.3646814818626828,0.37502967083402555,0.2529148994356596,0.0,0.0,0.35217545690646695,0.25794183835868006,0.28720501709807966,0.29689815956653465,0.2913486685665289,0.0,0.19332908503989707,0.2835757650729614,0.26976141376634577,0.0,0.0,0.2963159201756763,0.31089104132513445,0.0,0.0,0.0,0.0,0.4724623608731727,0.0,0.48369192090922425,0.0,0.5074486020784986,0.386378425498388,0.4555689024763649,0.0,0.37666219894714037,0.0,0.0,0.32218093573811163,0.0,0.0,0.0,0.0,0.4431702305211122,0.0,0.0,0.0,0.4410954845541971,0.0,0.0,0.0,0.48122501597011463,0.0,0.0,0.0,0.0
0.0,0.0,0.38496788991455566,0.13320893287937913,0.2561386679349194,0.38457677691527675,0.2901597087911669,0.3304772547482611,0.3845670924437963,0.20500309251205348,0.372187806052446,0.2708253943967016,0.2895161648840696,0.1397334282303176,0.0,0.0,0.0,0.0,0.3903601788430985,0.0,0.0,0.44034113409293474,0.3686146108036556,0.0,0.0,0.0,0.39090720214296354,0.24701969106078875,0.0,0.0,0.34450720565374426,0.27269998003299206,0.3476314371996698,0.24821228735106182,0.33127103535253716,0.19332908503989707,0.0,0.2635527149746673,0.23502743402289983,0.0,0.0,0.0,0.0,0.0,0.0,0.0,0.0,0.0,0.0,0.0,0.0,0.0,0.0,0.0,0.0,0.0,0.0,0.0,0.0,0.0,0.0,0.0,0.0,0.0,0.0,0.0,0.0,0.0,0.0,0.0,0.0,0.0,0.0,0.0,0.0,0.0
0.372359366707687,0.0,0.632972663201921,0.26178832477245867,0.3629371952117529,0.42859906986819823,0.35322245530732854,0.0,0.3971658499272374,0.25189601923952754,0.3896613052889852,0.22561877654123405,0.3432078334857799,0.0,0.0,0.0,0.31629251809190295,0.0,0.43938598272515106,0.0,0.0,0.0,0.4307290737277126,0.2231823893503634,0.28519096094890645,0.2897691747241399,0.46150736654272556,0.2942766045633482,0.0,0.0,0.26879927305255125,0.2529306180660619,0.18774294000085537,0.2114010819941483,0.2699285448000485,0.2835757650729614,0.2635527149746673,0.0,0.23144806296143736,0.23857396609139334,0.24956957395104726,0.2793151362793559,0.0,0.0,0.22048782605534065,0.0,0.0,0.0,0.0,0.0,0.0,0.0,0.0,0.0,0.2991798447812965,0.0,0.2727595434814379,0.0,0.0,0.0,0.0,0.0,0.0,0.0,0.0,0.0,0.0,0.0,0.2833817679217758,0.3270802447827513,0.307875530185325,0.0,0.34325105582905613,0.0,0.0,0.2904525384137234
0.40183682252006725,0.4095261604665539,0.0,0.0,0.0,0.39890091779842013,0.0,0.4698726841594839,0.0,0.31604728013064703,0.0,0.237719552881284,0.43457151655607995,0.0,0.4165824452418922,0.3916431597331323,0.36728244786556924,0.3639699272984657,0.0,0.42088926000152016,0.42634339678373506,0.4062744235667428,0.42587740740468316,0.3527175617516174,0.3932581056550376,0.4182517697875762,0.41215222460405754,0.42258198163300476,0.41202942454199054,0.4293273635526417,0.40824389485953816,0.283031364007429,0.27839694494154016,0.31132733564965914,0.25675795483743663,0.26976141376634577,0.23502743402289983,0.23144806296143736,0.0,0.30058450106056633,0.3354664600997205,0.33090757734139997,0.2711487764766074,0.2905351319032879,0.22511270763960536,0.3557820784943765,0.37988960003661254,0.3653725167474124,0.28097248645692796,0.3376263226249956,0.3698929082623698,0.3469735392485036,0.36882363260282586,0.36054595664151295,0.3100913783658743,0.3202352330518536,0.2532600129369536,0.34574335664505795,0.2267657737246751,0.40356193260275985,0.37894257065955883,0.33770557985281735,0.34680024851305946,0.32711907480869007,0.398080847001287,0.3780261920396844,0.41310498973732546,0.363082799965778,0.2951264234186059,0.3407005371798925,0.39106048463448856,0.37254057005955843,0.3261069843232569,0.36656946330535084,0.3490495391779904,0.3581110012671032
