0.0,0.2646519990942149,0.0,0.0,0.0,0.0,0.0,0.3342145569994412,0.0,0.0,0.0,0.28424106811746475,0.0,0.0,0.25523509114950205,0.28187912892354694,0.26196074937652963,0.27756508262200874,0.0,0.2963937838766476,0.27124958060316634,0.2601867603998875,0.31633635282846073,0.27634059614211215,0.27049193127370835,0.2629408558648244,0.3284525635778814,0.3445468383518602,0.3196690226042938,0.0,0.24902711256240878,0.2869279691671908,0.25543487890581945,0.2450056741226733,0.28734053262815906,0.0,0.0,0.0,0.3056151518666197,0.2956762708042052,0.2904425632571671,0.2982198451497225,0.0,0.0,0.0,0.27655264229695564,0.30973685294087333,0.0,0.0,0.0,0.0,0.0,0.0,0.0,0.0,0.0,0.0,0.0,0.0,0.3161049087794891,0.3027692238904911,0.0,0.3063735524710063,0.0,0.2785363118551062,0.25359346429486973,0.3039099084392427,0.33975386601490787,0.2293778142464223,0.3018291276890139,0.3149907728827158,0.3261814330091576,0.0,0.3000414487440042,0.0,0.31723499137398936
0.2646519990942149,0.0,0.0,0.0,0.29704504051968883,0.27836959391667876,0.30397424138316065,0.3141472221323634,0.0,0.0,0.0,0.0,0.30144502816753915,0.0,0.28641662361520626,0.28376270624504735,0.0,0.2877657008757153,0.0,0.3003991743361049,0.2722317354273847,0.28695225818324666,0.30258338837333143,0.0,0.2695218306662189,0.28996756224191556,0.300510431208936,0.3032125703838033,0.292769996153219,0.0,0.2494799795947017,0.26906546232493067,0.2510814193776023,0.2529032158087308,0.2932174440557613,0.0,0.0,0.0,0.30042870041256686,0.28796322463334884,0.2811409560850865,0.30231330402100304,0.0,0.0,0.0,0.2971234046466116,0.3038270157510277,0.0,0.0,0.0,0.326590331123708,0.0,0.0,0.0,0.0,0.0,0.0,0.0,0.0,0.3159022355762577,0.29818853546323826,0.0,0.30383736285335927,0.0,0.30292504419301713,0.30163046366732804,0.32166943690175553,0.3286291030100661,0.0,0.29934214366031636,0.3224743945511674,0.3245591275577467,0.0,0.310626373430124,0.0,0.29194178876981625
0.0,0.0,0.0,0.2841386998912484,0.27776016752082694,0.2727023267042042,0.3115726916275424,0.28379447696019316,0.2190729756138227,0.3215683057400159,0.22940468545807308,0.0,0.31303728900741135,0.27946864724096776,0.0,0.0,0.0,0.0,0.17231721054453888,0.0,0.0,0.0,0.18862383626644202,0.0,0.0,0.0,0.2222042098624688,0.3167458888332081,0.0,0.34862687822207017,0.3217940790495106,0.29469946093663385,0.0,0.3167713597137323,0.32240499817839213,0.27949627610404804,0.30353995580459137,0.0,0.3520090076945489,0.0,0.4169371060821481,0.0,0.3070631358935168,0.0,0.0,0.0,0.0,0.25972312223757016,0.0,0.0,0.3558626441549689,0.3582711167084758,0.3635463648496648,0.3467756305293561,0.0,0.21892122082243162,0.0,0.3677094847938182,0.32747921635659116,0.0,0.0,0.0,0.0,0.1129269024864367,0.0,0.0,0.0,0.3718591763326989,0.0,0.0,0.0,0.3693557122775017,0.0,0.0,0.0,0.0
0.0,0.0,0.2841386998912484,0.0,0.14326629526664683,0.26878945577709507,0.19409312616909918,0.21788724533348314,0.27940536497388896,0.11102982030959013,0.21976077728370857,0.1664305689466909,0.21982898974691698,0.1446973481760133,0.0,0.4618572352268602,0.0,0.0,0.26151259185967524,0.0,0.0,0.0,0.25034386005820847,0.0,0.0,0.0,0.28315244179917953,0.1912266642572948,0.0,0.0,0.0,0.15265303412373812,0.1689543594200984,0.15275727670008293,0.17793645091816002,0.11986457885289153,0.11563802621057595,0.1580502599962484,0.18344382010553795,0.0,0.0,0.19298987544007473,0.20952976713718302,0.0,0.0,0.0,0.0,0.0,0.0,0.0,0.0,0.0,0.0,0.0,0.0,0.0,0.0,0.0,0.0,0.0,0.0,0.0,0.0,0.0,0.0,0.0,0.0,0.0,0.0,0.0,0.0,0.0,0.0,0.0,0.0,0.0
0.0,0.29704504051968883,0.27776016752082694,0.14326629526664683,0.0,0.2663295818586489,0.22083980898549088,0.25346492466384174,0.2452107134641171,0.23140260715419533,0.2288126636630614,0.3032203142910267,0.25262536706285144,0.1764088115389352,0.0,0.0,0.0,0.0,0.26914774790095697,0.28033570878612646,0.0,0.2857744045713495,0.27977993611884755,0.0,0.0,0.0,0.2750539365937894,0.26034074321839307,0.27636160924229014,0.0,0.3346105494999522,0.2517196109952998,0.0,0.3124197533194979,0.287453426340641,0.14213170652039464,0.12519950832353247,0.0,0.0,0.0,0.0,0.0,0.2511801373932396,0.0,0.0,0.0,0.0,0.0,0.0,0.0,0.0,0.0,0.0,0.0,0.0,0.0,0.0,0.0,0.0,0.0,0.0,0.0,0.0,0.0,0.0,0.0,0.0,0.35924139618659906,0.0,0.0,0.0,0.0,0.0,0.0,0.0,0.0
0.0,0.27836959391667876,0.2727023267042042,0.26878945577709507,0.2663295818586489,0.0,0.2924160615832305,0.28354549686916175,0.25266034086611566,0.3041948307241015,0.2776100487882082,0.31004166680058115,0.2727891829960122,0.2818704297897829,0.0,0.29893632705115536,0.0,0.28843317887550507,0.2917831878748061,0.28633587290712925,0.2812969189471144,0.28181379695676834,0.2840529964078149,0.0,0.2764971772288649,0.280385844774684,0.26549833536968187,0.2670277782467872,0.2541845329457347,0.28921990914170137,0.3139757655890737,0.29232572361925563,0.2760729275044162,0.31450443795649186,0.32528157949148595,0.2850596148867729,0.293557264960509,0.3215311734809841,0.3476869941967083,0.0,0.3465387673806896,0.0,0.3322541003393968,0.0,0.0,0.0,0.0,0.369042168479695,0.0,0.0,0.3501911909581011,0.0,0.32410328572163954,0.3720923711445262,0.0,0.35955750687446475,0.0,0.3547296788546546,0.4359992544687748,0.0,0.0,0.0,0.0,0.37849964653241025,0.0,0.0,0.0,0.3652320331790539,0.0,0.0,0.0,0.3585152271236092,0.34658961873786037,0.34224043367966206,0.3556766942878322,0.35859673257358277
0.0,0.30397424138316065,0.3115726916275424,0.19409312616909918,0.22083980898549088,0.2924160615832305,0.0,0.3071228053912697,0.2881664835877785,0.2780826763570332,0.31811912207684767,0.2721012262231816,0.2397199716174187,0.22001992883521432,0.0,0.321998920944163,0.3108852394447086,0.3114923801666694,0.3245234930193691,0.3065554083857081,0.33309448081099735,0.31255794637566625,0.30095587038538607,0.0,0.29837851864656845,0.305911024017167,0.3022344469843317,0.23374275271747091,0.3029496297351984,0.293753706737866,0.2886208622490735,0.26568449197176364,0.282926286261844,0.2686648313330497,0.2127111926766599,0.1929738307254298,0.18413037842391136,0.26959060744905555,0.0,0.0,0.0,0.0,0.0,0.0,0.0,0.0,0.0,0.0,0.0,0.0,0.0,0.0,0.3690077001448101,0.0,0.0,0.0,0.0,0.0,0.0,0.0,0.0,0.0,0.0,0.0,0.0,0.0,0.0,0.356744284854841,0.0,0.0,0.0,0.355283309910653,0.0,0.0,0.0,0.0
0.3342145569994412,0.3141472221323634,0.28379447696019316,0.21788724533348314,0.25346492466384174,0.28354549686916175,0.3071228053912697,0.0,0.29835384879102517,0.0,0.1739576363957314,0.0,0.3010867584674204,0.21098015530564396,0.2846353776670405,0.3251526470317637,0.0,0.340919287019767,0.2640878914439774,0.2813308057263413,0.2786709849407723,0.30223234440576013,0.25068086112228327,0.3516378663488333,0.343953203168381,0.33595419473287746,0.2920204072231376,0.29786830587812946,0.26932625580238856,0.28434376707392645,0.3012177963009322,0.2252471926126986,0.21702343364423224,0.29926909394601947,0.29923419329003387,0.18757957770451697,0.18961870133063477,0.0,0.31120961111736295,0.0,0.31619858229992776,0.0,0.2953042778643311,0.0,0.0,0.0,0.0,0.3540083633920245,0.0,0.0,0.31719548265005854,0.3407773352644537,0.23309258288761098,0.3559749714558064,0.0,0.31101267331966637,0.0,0.3349036405588722,0.2630743115850412,0.0,0.0,0.0,0.0,0.35979022570247315,0.0,0.2307735511972871,0.0,0.3292581702833227,0.0,0.0,0.0,0.3342192733975081,0.3294735895112303,0.31661523393600394,0.0,0.33369570706396795
0.0,0.0,0.2190729756138227,0.27940536497388896,0.2452107134641171,0.25266034086611566,0.2881664835877785,0.29835384879102517,0.0,0.31749656409797317,0.22392301727150793,0.3248042278684448,0.2911132671134917,0.27695083884992167,0.0,0.0,0.0,0.0,0.19587233992292846,0.0,0.0,0.27970826953473815,0.27122905836320027,0.0,0.0,0.0,0.24673886690332528,0.3272463731200089,0.2766596874929944,0.3347029139894335,0.3447318409659029,0.3095810922871362,0.3250195033627856,0.3311791955536657,0.3265520864215301,0.28971146999212705,0.30680011177031924,0.309385923312068,0.3520734602711967,0.0,0.0,0.0,0.32334214295318886,0.0,0.0,0.0,0.0,0.36919963645686377,0.0,0.0,0.36463417580313495,0.0,0.3669945737147418,0.0,0.0,0.34817161327867874,0.0,0.0,0.33970988788214646,0.0,0.0,0.0,0.0,0.37602990647763423,0.0,0.0,0.0,0.384004124441712,0.0,0.0,0.0,0.3663849495395502,0.0,0.0,0.0,0.0
0.0,0.0,0.3215683057400159,0.11102982030959013,0.23140260715419533,0.3041948307241015,0.2780826763570332,0.0,0.31749656409797317,0.0,0.321925641779929,0.19093683222097485,0.28305563678519263,0.09444306464968374,0.0,0.0,0.23373220834312153,0.2506104682179673,0.32601413685364833,0.0,0.0,0.0,0.2984514101545578,0.21044927271873687,0.23796372631343127,0.24815101722788105,0.31453838674947315,0.2705765831696002,0.0,0.0,0.23644085133323972,0.21417925461071308,0.21456341196135378,0.21156799052469347,0.21144326616844963,0.18969423774549118,0.16603253492680156,0.19209456488313978,0.20781798555986516,0.24887302508788856,0.2623660434711786,0.20508349350918056,0.2629176327549806,0.0,0.26180747219983314,0.3307137567994263,0.3096780073275682,0.0,0.0,0.0,0.0,0.31908291227202645,0.0,0.0,0.29927336718291503,0.0,0.3085791278770528,0.3063755637917379,0.0,0.0,0.28218251663916527,0.27844040231172834,0.26164460736016926,0.0,0.0,0.42357742718101826,0.0,0.0,0.2916636726890358,0.2674116352939687,0.3073112606509461,0.0,0.2827663510845958,0.0,0.0,0.28666454613926506
0.0,0.0,0.22940468545807308,0.21976077728370857,0.2288126636630614,0.2776100487882082,0.31811912207684767,0.1739576363957314,0.22392301727150793,0.321925641779929,0.0,0.3190769709650078,0.3216011189830789,0.18299699128677904,0.0,0.0,0.0,0.0,0.19757593746345897,0.0,0.0,0.0,0.16639940080962964,0.0,0.0,0.0,0.26927308849402526,0.32182204230614436,0.0,0.0,0.3476155779601429,0.23195025282592152,0.0,0.3259850282402208,0.31741971395871865,0.22084351927927767,0.24610421171397545,0.3202011672073941,0.2689929931393503,0.0,0.0,0.0,0.25334214750504996,0.0,0.0,0.0,0.0,0.33424443609157506,0.0,0.0,0.3949180006136759,0.0,0.30579028711937384,0.3438840019259918,0.0,0.26036623121307184,0.0,0.0,0.2822507457569696,0.0,0.0,0.0,0.0,0.3044222664420789,0.0,0.0,0.0,0.342786199903503,0.0,0.0,0.0,0.35422180221621297,0.0,0.0,0.0,0.0
0.28424106811746475,0.0,0.0,0.1664305689466909,0.3032203142910267,0.31004166680058115,0.2721012262231816,0.0,0.3248042278684448,0.19093683222097485,0.3190769709650078,0.0,0.2723149148301961,0.0,0.0,0.0,0.24674294961016163,0.25665167181172316,0.0,0.0,0.0,0.0,0.0,0.18943664074744435,0.24717437749671592,0.21424971057132872,0.0,0.24343617365640596,0.0,0.0,0.23149135377835559,0.1760936666273935,0.18908563788636093,0.1815243584669229,0.2045120408429156,0.1844551834701798,0.18297323852897665,0.16075021228326644,0.17781206860206722,0.25990318405791857,0.27614971346107214,0.18122770852817371,0.0,0.0,0.2717228518732934,0.0,0.0,0.0,0.0,0.0,0.0,0.0,0.0,0.0,0.3033013009288894,0.0,0.311182917746766,0.3099470981117254,0.0,0.0,0.0,0.2887989089246732,0.280304783357927,0.0,0.0,0.0,0.0,0.34990775198088564,0.29401963915092455,0.27900517723711565,0.31014402663790636,0.2750888416160697,0.29224708773089847,0.0,0.0,0.2945179122562378
0.0,0.30144502816753915,0.31303728900741135,0.21982898974691698,0.25262536706285144,0.2727891829960122,0.2397199716174187,0.3010867584674204,0.2911132671134917,0.28305563678519263,0.3216011189830789,0.2723149148301961,0.0,0.23666539139445375,0.30322182602703834,0.3220146580425464,0.29891301193353975,0.3090687859687594,0.32319760318519075,0.2975551609595979,0.30370597001566035,0.3080501936434325,0.30546136486837766,0.2849226056280359,0.29735135592920653,0.3032566127414083,0.3056677744294411,0.2447200795135698,0.2860392767340639,0.2723757373117326,0.2687315307761774,0.2678441151096369,0.26109776556422376,0.26338804508593955,0.2478877322739714,0.22975376614846993,0.2321560832653231,0.25062112067099684,0.35581785587675074,0.0,0.0,0.0,0.3347627223772376,0.0,0.0,0.0,0.0,0.0,0.0,0.0,0.35493958895919236,0.0,0.33459169760999985,0.0,0.0,0.0,0.0,0.0,0.0,0.0,0.0,0.0,0.0,0.0,0.0,0.0,0.0,0.3568619324075244,0.0,0.0,0.0,0.34829180198412896,0.0,0.38020966745075147,0.0,0.0
0.0,0.0,0.27946864724096776,0.1446973481760133,0.1764088115389352,0.2818704297897829,0.22001992883521432,0.21098015530564396,0.27695083884992167,0.09444306464968374,0.18299699128677904,0.0,0.23666539139445375,0.0,0.0,0.0,0.0,0.0,0.27805550626633213,0.0,0.2784255639199824,0.0,0.2639575296648946,0.0,0.0,0.0,0.29149785240345466,0.192724608972288,0.0,0.0,0.0,0.16383987863920196,0.0,0.0,0.14660241865962162,0.14037766640136773,0.10785975506488725,0.0,0.0,0.0,0.0,0.0,0.23224609145158623,0.0,0.0,0.0,0.0,0.34430371193628534,0.0,0.0,0.0,0.0,0.2761793290060067,0.349926671106253,0.0,0.2773897514178168,0.0,0.0,0.0,0.0,0.0,0.0,0.0,0.34847626857094194,0.0,0.0,0.0,0.3229766146303556,0.0,0.0,0.0,0.3648764924161824,0.0,0.0,0.0,0.0
0.25523509114950205,0.28641662361520626,0.0,0.0,0.0,0.0,0.0,0.2846353776670405,0.0,0.0,0.0,0.0,0.30322182602703834,0.0,0.0,0.3109446198810189,0.0,0.2914503504361839,0.0,0.25299628641357436,0.26065708320700626,0.28540175212793223,0.2799912855260884,0.0,0.28376554404984705,0.2931553824608779,0.3075346309536248,0.26752680761245395,0.27393618224008454,0.25134047444320956,0.2760025823752836,0.2818361278177237,0.2650033413069143,0.28971682953996,0.31812305604189023,0.2969855373428464,0.0,0.0,0.3128365354837205,0.31209293909924196,0.316538209955998,0.32411861665246244,0.0,0.0,0.0,0.2712926393927512,0.33314055718319247,0.0,0.0,0.0,0.3104512335727533,0.0,0.273758757391485,0.0,0.0,0.0,0.0,0.3628674493803648,0.0,0.3189003018203876,0.0,0.0,0.0,0.0,0.30743819184329124,0.30348338765877647,0.33285315468021964,0.3064332837783141,0.0,0.0,0.34520428889455823,0.315310479209843,0.32583836524335785,0.3023105515131554,0.31011168758829005,0.30874794830175684
0.28187912892354694,0.28376270624504735,0.0,0.4618572352268602,0.0,0.29893632705115536,0.321998920944163,0.3251526470317637,0.0,0.0,0.0,0.0,0.3220146580425464,0.0,0.3109446198810189,0.0,0.2607034534615741,0.2454812913967411,0.0,0.2962855953356848,0.29560190864983427,0.2809828612722434,0.3316001060796806,0.0,0.28031225881440003,0.30029955043018597,0.3176375650376819,0.31312912820580874,0.30270178474407494,0.293236756877712,0.2652212427261877,0.3026270099523555,0.28556804155235455,0.27070768108706883,0.31528559461596123,0.0,0.0,0.0,0.30497713260742776,0.2918877218858223,0.3053211279823647,0.3174986202898188,0.0,0.0,0.0,0.30897157547588844,0.31559562566937593,0.0,0.0,0.0,0.0,0.0,0.0,0.0,0.0,0.0,0.0,0.0,0.0,0.32676470216072934,0.30246328332386224,0.0,0.30767242932522365,0.0,0.32748532683383214,0.32666113775639677,0.32405219318578177,0.39474544968012165,0.0,0.3026969287629123,0.3267597836768246,0.3665299471631595,0.0,0.34961960838660894,0.0,0.29412184390400764
0.26196074937652963,0.0,0.0,0.0,0.0,0.0,0.3108852394447086,0.0,0.0,0.23373220834312153,0.0,0.24674294961016163,0.29891301193353975,0.0,0.0,0.2607034534615741,0.0,0.25008606334358957,0.0,0.0,0.3402101376080149,0.23308634702021044,0.0,0.242670950546907,0.23756897823077316,0.25256399478458985,0.0,0.296629578185088,0.0,0.0,0.24303595539569292,0.2795701880102772,0.24655926935939465,0.2517262008844927,0.2582505624340923,0.2819062386148821,0.0,0.23336871726320668,0.2804473493147832,0.27800862981727315,0.0,0.0,0.0,0.0,0.0,0.34762525619603385,0.30138728670255155,0.0,0.0,0.0,0.0,0.0,0.0,0.0,0.3005441733582013,0.0,0.3085163936182793,0.0,0.0,0.0,0.3041076762280131,0.2948881104491296,0.2909373169284575,0.0,0.0,0.0,0.0,0.0,0.2985489587016389,0.27784204328392487,0.30412719004827543,0.0,0.0,0.0,0.0,0.0
0.27756508262200874,0.2877657008757153,0.0,0.0,0.0,0.28843317887550507,0.3114923801666694,0.340919287019767,0.0,0.2506104682179673,0.0,0.25665167181172316,0.3090687859687594,0.0,0.2914503504361839,0.2454812913967411,0.25008606334358957,0.0,0.0,0.3088062261319748,0.2891933227414487,0.29383613378742507,0.3086514722109189,0.2575456828827505,0.2554611347422896,0.28358381591813775,0.30737691550428853,0.30609956985633113,0.3126308609027606,0.3282966872006542,0.2664104618750875,0.3001986474023928,0.2841852152731628,0.26662740981519734,0.287394227895542,0.0,0.0,0.0,0.3161199010949789,0.3054922585871498,0.2988628513021804,0.3009225167733646,0.0,0.0,0.0,0.3108218022231165,0.3040385152295972,0.0,0.0,0.0,0.0,0.0,0.0,0.0,0.2928231550952022,0.0,0.2965444163156729,0.0,0.0,0.3526416910438983,0.30229954536352643,0.2991427241428394,0.3054183283111808,0.0,0.38694545704673783,0.3349895191700107,0.30216389801931115,0.0,0.3219737537842789,0.303188621424428,0.316822719347449,0.0,0.0,0.0,0.0,0.292096979877195
0.0,0.0,0.17231721054453888,0.26151259185967524,0.26914774790095697,0.2917831878748061,0.3245234930193691,0.2640878914439774,0.19587233992292846,0.32601413685364833,0.19757593746345897,0.0,0.32319760318519075,0.27805550626633213,0.0,0.0,0.0,0.0,0.0,0.0,0.0,0.0,0.18019943782639541,0.0,0.0,0.0,0.24308168971977048,0.328829891439439,0.0,0.0,0.32780767256803417,0.2928060347574604,0.0,0.3212284673192018,0.3169548354554502,0.28586133211592846,0.3013806183148345,0.0,0.0,0.0,0.0,0.0,0.2926142815841105,0.0,0.0,0.0,0.0,0.34842933327224906,0.0,0.0,0.36178847770858064,0.0,0.3586273379011017,0.0,0.0,0.30454721599393514,0.0,0.0,0.3063829838719294,0.0,0.0,0.0,0.0,0.3737551709405093,0.0,0.0,0.0,0.37724729367800347,0.0,0.0,0.0,0.3759724993049754,0.0,0.0,0.0,0.0
0.2963937838766476,0.3003991743361049,0.0,0.0,0.28033570878612646,0.28633587290712925,0.3065554083857081,0.2813308057263413,0.0,0.0,0.0,0.0,0.2975551609595979,0.0,0.25299628641357436,0.2962855953356848,0.0,0.3088062261319748,0.0,0.0,0.29978973617369203,0.2680767025722753,0.27401594138412516,0.0,0.29943137649729806,0.32387311086854054,0.2639812730955013,0.27464419748713176,0.24972825294830725,0.23250171080488863,0.2834380827911437,0.2992715167526808,0.2848088398888942,0.31105604360326095,0.3302815983443925,0.3351748587024069,0.0,0.0,0.31289812213960605,0.0,0.32708591803052384,0.32262889867528877,0.0,0.0,0.0,0.0,0.0,0.0,0.0,0.0,0.3285198294075396,0.0,0.314710419062003,0.0,0.0,0.0,0.0,0.0,0.0,0.31264164571292474,0.0,0.0,0.0,0.0,0.3152530957748179,0.3109508221542818,0.3226029896906594,0.3228030739200835,0.0,0.0,0.32323850689104655,0.3257366851269191,0.0,0.31942420915388176,0.0,0.3111530119373918
0.27124958060316634,0.2722317354273847,0.0,0.0,0.0,0.2812969189471144,0.33309448081099735,0.2786709849407723,0.0,0.0,0.0,0.0,0.30370597001566035,0.2784255639199824,0.26065708320700626,0.29560190864983427,0.3402101376080149,0.2891933227414487,0.0,0.29978973617369203,0.0,0.2914496607942075,0.2681127379223377,0.337021755156139,0.2905180232755871,0.29212730776895607,0.3110292581408121,0.29338636234997334,0.2744204728644301,0.28844777969606444,0.25087993067374337,0.2673251821002028,0.24458811485766127,0.27380689562385085,0.3065265489495504,0.27059081541118646,0.0,0.0,0.3116089420624775,0.0,0.3291529961608826,0.3512833342420769,0.0,0.0,0.0,0.3056897368908642,0.3321603552467331,0.3094000272712209,0.0,0.0,0.3127963686048107,0.0,0.26498367320131694,0.0,0.0,0.0,0.0,0.3487835812092929,0.0,0.31724726864510155,0.3102397900570715,0.0,0.0,0.24892932402112156,0.30838520626899035,0.29333367160139645,0.34226793079006884,0.31466732577682865,0.0,0.0,0.34612204955837667,0.3261544172360288,0.3271987834336178,0.29782780578838636,0.0,0.27724262801634886
0.2601867603998875,0.28695225818324666,0.0,0.0,0.2857744045713495,0.28181379695676834,0.31255794637566625,0.30223234440576013,0.27970826953473815,0.0,0.0,0.0,0.3080501936434325,0.0,0.28540175212793223,0.2809828612722434,0.23308634702021044,0.29383613378742507,0.0,0.2680767025722753,0.2914496607942075,0.0,0.31556036204676746,0.0,0.28958590809074114,0.29101147060386895,0.29988587055151467,0.2933675999368021,0.2782100356553811,0.254151424515257,0.26556628381668324,0.2859222593269013,0.27409163324055946,0.2884822934666524,0.3223898545546906,0.3367148639260351,0.3033957091481592,0.0,0.31835321691393653,0.3151059245434006,0.3150051128322283,0.3286473309861053,0.0,0.0,0.0,0.3170329302493616,0.3282795047972252,0.0,0.0,0.0,0.31959089643607225,0.0,0.29470730410596735,0.0,0.0,0.0,0.0,0.0,0.0,0.33034441900625966,0.3049729317586623,0.0,0.0,0.0,0.3215575114613223,0.32139433388842387,0.3324134978215301,0.31600075785385395,0.0,0.0,0.3383953257777496,0.3246529336280136,0.0,0.3106171614750539,0.0,0.3129517935086682
0.31633635282846073,0.30258338837333143,0.18862383626644202,0.25034386005820847,0.27977993611884755,0.2840529964078149,0.30095587038538607,0.25068086112228327,0.27122905836320027,0.2984514101545578,0.16639940080962964,0.0,0.30546136486837766,0.2639575296648946,0.2799912855260884,0.3316001060796806,0.0,0.3086514722109189,0.18019943782639541,0.27401594138412516,0.2681127379223377,0.31556036204676746,0.0,0.346882013465989,0.2971342922837941,0.3214078427767151,0.24184093069072696,0.3046573075005863,0.2934924700630201,0.2980018146793194,0.30483378683046564,0.2896990401622408,0.26433862320318624,0.3113860609675758,0.3162058434779327,0.26748501156356747,0.2857507907790211,0.31337221761246586,0.34589889020697656,0.2948867140485171,0.3521935313194598,0.351992436757872,0.3161026192824346,0.0,0.0,0.0,0.0,0.3688862477416629,0.0,0.0,0.3524484384817113,0.35873103007166146,0.32983574558366796,0.3763064291637248,0.0,0.33699700866742355,0.0,0.35312027539633295,0.32728612120780187,0.31619224057822953,0.0,0.0,0.0,0.36743263215800664,0.32779447781451043,0.32129053425188503,0.32971638466651837,0.366756656724344,0.0,0.0,0.33808800055137905,0.3588960761593976,0.3534055676906,0.3462090122662449,0.3566642322713736,0.35247473058737044
0.27634059614211215,0.0,0.0,0.0,0.0,0.0,0.0,0.3516378663488333,0.0,0.21044927271873687,0.0,0.18943664074744435,0.2849226056280359,0.0,0.0,0.0,0.242670950546907,0.2575456828827505,0.0,0.0,0.337021755156139,0.0,0.346882013465989,0.0,0.24610419308550788,0.23086572698485977,0.0,0.27526362856505154,0.40750923767266495,0.0,0.22786243584401272,0.19003558440497828,0.1561761329841929,0.1646522417408486,0.15472576688895506,0.18847063950465864,0.14001036293037492,0.15879499315133033,0.21530923816939163,0.2264967183991589,0.23353808145428795,0.18987484319883668,0.0,0.0,0.1948885903371544,0.29847111870540777,0.29584728229486956,0.0,0.0,0.0,0.0,0.0,0.0,0.0,0.29159669265002136,0.0,0.30430480662965403,0.26978841743632914,0.0,0.0,0.30814202955832914,0.3075014747435601,0.3105934551061802,0.0,0.0,0.0,0.0,0.0,0.27522991260058294,0.30108344143000076,0.3167576508499344,0.0,0.22153033120324275,0.0,0.0,0.2605297421911323
0.27049193127370835,0.2695218306662189,0.0,0.0,0.0,0.2764971772288649,0.29837851864656845,0.343953203168381,0.0,0.23796372631343127,0.0,0.24717437749671592,0.29735135592920653,0.0,0.28376554404984705,0.28031225881440003,0.23756897823077316,0.2554611347422896,0.0,0.29943137649729806,0.2905180232755871,0.28958590809074114,0.2971342922837941,0.24610419308550788,0.0,0.26473251523917507,0.29752346790425754,0.29514347795288526,0.2930003681487925,0.0,0.2702621093661514,0.28560449613800176,0.24579182085224596,0.2534975936132095,0.2738990771969722,0.31816693471201435,0.0,0.2308265682005772,0.3057533387175023,0.2926285864905642,0.2909548057153522,0.3010949174666379,0.0,0.0,0.2900213400332598,0.3116621822457815,0.3009080911069736,0.0,0.0,0.0,0.0,0.0,0.0,0.0,0.30755654270141747,0.0,0.3108028354948482,0.3723209839118501,0.0,0.28769701882339277,0.30043231999437015,0.29828394490797794,0.30351995124529213,0.0,0.301334589699601,0.30034036926735797,0.29499495183390373,0.38915990488398455,0.3121226057992412,0.29903179239222705,0.31550106767041336,0.0,0.31274810659869556,0.3115976469152493,0.0,0.2894483500775865
0.2629408558648244,0.28996756224191556,0.0,0.0,0.0,0.280385844774684,0.305911024017167,0.33595419473287746,0.0,0.24815101722788105,0.0,0.21424971057132872,0.3032566127414083,0.0,0.2931553824608779,0.30029955043018597,0.25256399478458985,0.28358381591813775,0.0,0.32387311086854054,0.29212730776895607,0.29101147060386895,0.3214078427767151,0.23086572698485977,0.26473251523917507,0.0,0.3256183207227987,0.2938406118700465,0.3012539119153404,0.0,0.271167329147778,0.2950686386085048,0.2648690934220145,0.2656258882895372,0.3052306604743671,0.3305833602519326,0.3066878062955074,0.23427397696717042,0.3121636946539851,0.30263471227448946,0.3039673758970095,0.3109582997955405,0.0,0.0,0.28813554067904795,0.31098375006739665,0.31804281448895944,0.0,0.0,0.0,0.3411720442521955,0.0,0.34824300780747997,0.0,0.3203262788633437,0.0,0.323230305919715,0.0,0.0,0.34308988885158664,0.3093506995403424,0.30778402346682526,0.31279368858224266,0.0,0.3174309327815779,0.3364524176788759,0.33923354023870733,0.33159366981772215,0.32290080596391174,0.3089720541622058,0.327043675975062,0.3314454834240554,0.3295978551132912,0.3258054260184165,0.0,0.29874504226790455
0.3284525635778814,0.300510431208936,0.2222042098624688,0.28315244179917953,0.2750539365937894,0.26549833536968187,0.3022344469843317,0.2920204072231376,0.24673886690332528,0.31453838674947315,0.26927308849402526,0.0,0.3056677744294411,0.29149785240345466,0.3075346309536248,0.3176375650376819,0.0,0.30737691550428853,0.24308168971977048,0.2639812730955013,0.3110292581408121,0.29988587055151467,0.24184093069072696,0.0,0.29752346790425754,0.3256183207227987,0.0,0.30371327038414414,0.2627900934564634,0.2938953188815301,0.30436577918806357,0.29864399517845486,0.28171673230916666,0.3162807100352992,0.3211475928460798,0.2993969779327463,0.3096714165956268,0.0,0.34138192146687996,0.0,0.3520882757784661,0.0,0.3240804924847998,0.0,0.0,0.0,0.0,0.37446749371056764,0.0,0.0,0.3519621286854892,0.0,0.3520097917288198,0.37594767603669704,0.0,0.3586135113041067,0.0,0.35756067135987574,0.34436087185650727,0.31986520935352336,0.0,0.0,0.0,0.3891236771244172,0.33426259385053564,0.3363139201434212,0.3375032798321655,0.3703318289997639,0.0,0.0,0.3447814308904787,0.3545040518269603,0.3501557297277832,0.3415351639854606,0.3745886098642361,0.3522061907204156
0.3445468383518602,0.3032125703838033,0.3167458888332081,0.1912266642572948,0.26034074321839307,0.2670277782467872,0.23374275271747091,0.29786830587812946,0.3272463731200089,0.2705765831696002,0.32182204230614436,0.24343617365640596,0.2447200795135698,0.192724608972288,0.26752680761245395,0.31312912820580874,0.296629578185088,0.30609956985633113,0.328829891439439,0.27464419748713176,0.29338636234997334,0.2933675999368021,0.3046573075005863,0.27526362856505154,0.29514347795288526,0.2938406118700465,0.30371327038414414,0.0,0.2458873298509459,0.22490266177972243,0.25942408544078155,0.2517533358754333,0.25076810981627856,0.24873898854157872,0.2406310087663458,0.1889598422114132,0.17979750894738408,0.21952345397208456,0.3131944448621495,0.0,0.35674004173226237,0.0,0.3278897056817784,0.0,0.0,0.0,0.0,0.0,0.0,0.0,0.3432439599573911,0.0,0.3272959273069591,0.0,0.30830842662289687,0.0,0.35426660050421394,0.3931768057736409,0.0,0.0,0.0,0.0,0.0,0.0,0.3348248964193832,0.31923107932680994,0.0,0.35316056854679,0.0,0.0,0.3665412950688787,0.34392604541298805,0.35347320789773506,0.33995635065960544,0.0,0.3720340146160278
0.3196690226042938,0.292769996153219,0.0,0.0,0.27636160924229014,0.2541845329457347,0.3029496297351984,0.26932625580238856,0.2766596874929944,0.0,0.0,0.0,0.2860392767340639,0.0,0.27393618224008454,0.30270178474407494,0.0,0.3126308609027606,0.0,0.24972825294830725,0.2744204728644301,0.2782100356553811,0.2934924700630201,0.40750923767266495,0.2930003681487925,0.3012539119153404,0.2627900934564634,0.2458873298509459,0.0,0.24136137205911096,0.24180409925668658,0.2708515400686783,0.24676000834902775,0.28640263455690085,0.29934286359398493,0.0,0.0,0.0,0.3273732131354515,0.0,0.3382958130341519,0.3443695929255153,0.3653963662448011,0.0,0.0,0.0,0.0,0.0,0.0,0.0,0.33295394477916657,0.0,0.3130441517349915,0.0,0.0,0.0,0.0,0.3561524784313733,0.0,0.29742567728659725,0.0,0.0,0.0,0.0,0.3196992421979662,0.2950187894873054,0.0,0.33713965430649345,0.0,0.0,0.0,0.3346458814528164,0.33810332718163477,0.32784580194493246,0.34675101059499025,0.3319634350300618
0.0,0.0,0.34862687822207017,0.0,0.0,0.28921990914170137,0.293753706737866,0.28434376707392645,0.3347029139894335,0.0,0.0,0.0,0.2723757373117326,0.0,0.25134047444320956,0.293236756877712,0.0,0.3282966872006542,0.0,0.23250171080488863,0.28844777969606444,0.254151424515257,0.2980018146793194,0.0,0.0,0.0,0.2938953188815301,0.22490266177972243,0.24136137205911096,0.0,0.22465118858960648,0.26768423067210534,0.0,0.26047914028329755,0.29658823089495656,0.0,0.0,0.0,0.33416073211677805,0.0,0.0,0.0,0.0,0.0,0.0,0.0,0.0,0.0,0.0,0.0,0.3686452048957606,0.0,0.3910347924059234,0.0,0.0,0.0,0.0,0.0,0.0,0.0,0.0,0.0,0.0,0.0,0.33925051427521824,0.0,0.0,0.3496008259693069,0.0,0.0,0.0,0.3470808602805963,0.397355123370876,0.35379183925993735,0.0,0.0
0.24902711256240878,0.2494799795947017,0.3217940790495106,0.0,0.3346105494999522,0.3139757655890737,0.2886208622490735,0.3012177963009322,0.3447318409659029,0.23644085133323972,0.3476155779601429,0.23149135377835559,0.2687315307761774,0.0,0.2760025823752836,0.2652212427261877,0.24303595539569292,0.2664104618750875,0.32780767256803417,0.2834380827911437,0.25087993067374337,0.26556628381668324,0.30483378683046564,0.22786243584401272,0.2702621093661514,0.271167329147778,0.30436577918806357,0.25942408544078155,0.24180409925668658,0.22465118858960648,0.0,0.26726405817051696,0.2435285393105351,0.2026296650041857,0.2483377863886414,0.2664851243931015,0.21456220556759154,0.21324013176465342,0.31843428549886604,0.0,0.29683956359059477,0.3201446548673055,0.0,0.0,0.0,0.27639657093854125,0.2962113570358715,0.45090829008049466,0.0,0.0,0.34810969860043073,0.0,0.3303293936771991,0.0,0.2939151210377714,0.0,0.2961061785398905,0.4195666431377765,0.0,0.28160815375831666,0.2982757406235549,0.0,0.0,0.0,0.30265822575173035,0.28577077831940767,0.3111430591004372,0.3462116274010788,0.2822489451552868,0.2992550023114696,0.315434620939731,0.33665279706283746,0.36066766566659164,0.3266023013831624,0.0,0.3658864450189918
0.2869279691671908,0.26906546232493067,0.29469946093663385,0.15265303412373812,0.2517196109952998,0.29232572361925563,0.26568449197176364,0.2252471926126986,0.3095810922871362,0.21417925461071308,0.23195025282592152,0.1760936666273935,0.2678441151096369,0.16383987863920196,0.2818361278177237,0.3026270099523555,0.2795701880102772,0.3001986474023928,0.2928060347574604,0.2992715167526808,0.2673251821002028,0.2859222593269013,0.2896990401622408,0.19003558440497828,0.28560449613800176,0.2950686386085048,0.29864399517845486,0.2517533358754333,0.2708515400686783,0.26768423067210534,0.26726405817051696,0.0,0.22519298769774995,0.23963047695634407,0.24847049428639364,0.1761416085312219,0.19567571907666137,0.16868667383767652,0.1771404324978199,0.17806790054493085,0.22430526416694918,0.2169815109780312,0.19126685791464906,0.19676195268947022,0.15658958639934695,0.30878160706619806,0.31537206923408734,0.3506821798739792,0.0,0.0,0.3173672990055833,0.0,0.29661367038598857,0.3509311832586653,0.0,0.2723933118909625,0.14607835862307858,0.3374114481440941,0.2621654749716705,0.30200133633275705,0.3045967089752618,0.0,0.29200452298006974,0.37277031081541173,0.2980218433030908,0.27402520894811205,0.3039702632655783,0.33209560434166374,0.0,0.3002421529442166,0.3100717959420939,0.3250836571382221,0.3294107924778973,0.30816179291526063,0.0,0.3103209499301588
0.25543487890581945,0.2510814193776023,0.0,0.1689543594200984,0.0,0.2760729275044162,0.282926286261844,0.21702343364423224,0.3250195033627856,0.21456341196135378,0.0,0.18908563788636093,0.26109776556422376,0.0,0.2650033413069143,0.28556804155235455,0.24655926935939465,0.2841852152731628,0.0,0.2848088398888942,0.24458811485766127,0.27409163324055946,0.26433862320318624,0.1561761329841929,0.24579182085224596,0.2648690934220145,0.28171673230916666,0.25076810981627856,0.24676000834902775,0.0,0.2435285393105351,0.22519298769774995,0.0,0.17979347467031462,0.30163817884295957,0.20686411202342153,0.18800847905944315,0.14324353580983523,0.19434033285293667,0.15058927655622115,0.18539052990693206,0.20267698497852052,0.30634281310532707,0.0,0.16826554142606787,0.2991901885415773,0.30879567035811606,0.0,0.0,0.0,0.27194942988608667,0.0,0.0,0.0,0.21272573458651114,0.0,0.2201212345019872,0.3036091232238712,0.0,0.30159895442331686,0.3072911812962076,0.1794960436869827,0.0,0.0,0.3072477579834575,0.2496230399420529,0.3170652258687126,0.2807237935640124,0.183649507194409,0.1950912060824717,0.22247674157434405,0.266849855232332,0.2589825290222849,0.3097048560809172,0.0,0.23208170302512376
0.2450056741226733,0.2529032158087308,0.3167713597137323,0.15275727670008293,0.3124197533194979,0.31450443795649186,0.2686648313330497,0.29926909394601947,0.3311791955536657,0.21156799052469347,0.3259850282402208,0.1815243584669229,0.26338804508593955,0.0,0.28971682953996,0.27070768108706883,0.2517262008844927,0.26662740981519734,0.3212284673192018,0.31105604360326095,0.27380689562385085,0.2884822934666524,0.3113860609675758,0.1646522417408486,0.2534975936132095,0.2656258882895372,0.3162807100352992,0.24873898854157872,0.28640263455690085,0.26047914028329755,0.2026296650041857,0.23963047695634407,0.17979347467031462,0.0,0.20955408031763428,0.23416445120340443,0.179182656037181,0.15810681451138275,0.24230779423992332,0.0,0.2975396967273139,0.2309472505289351,0.35822581845930035,0.0,0.0,0.2733977230458741,0.29741984246467223,0.0,0.0,0.0,0.3415580943638717,0.0,0.32599465511145126,0.0,0.2572997558774334,0.0,0.27983389723282714,0.382106447402915,0.0,0.30912671804273095,0.29528573011000137,0.0,0.0,0.0,0.3001480269143419,0.29761903270738577,0.3182888278711683,0.3427477696696977,0.0,0.27410138676475004,0.315772048559904,0.3373682246984957,0.34071308785266746,0.32239486765284275,0.0,0.3357510743057593
0.28734053262815906,0.2932174440557613,0.32240499817839213,0.17793645091816002,0.287453426340641,0.32528157949148595,0.2127111926766599,0.29923419329003387,0.3265520864215301,0.21144326616844963,0.31741971395871865,0.2045120408429156,0.2478877322739714,0.14660241865962162,0.31812305604189023,0.31528559461596123,0.2582505624340923,0.287394227895542,0.3169548354554502,0.3302815983443925,0.3065265489495504,0.3223898545546906,0.3162058434779327,0.15472576688895506,0.2738990771969722,0.3052306604743671,0.3211475928460798,0.2406310087663458,0.29934286359398493,0.29658823089495656,0.2483377863886414,0.24847049428639364,0.30163817884295957,0.20955408031763428,0.0,0.27571363034216984,0.19834303730188949,0.19865226159030075,0.23975449574086027,0.0,0.21169982638536516,0.23535482724037282,0.21407155866420885,0.0,0.0,0.0,0.3131332780930185,0.0,0.0,0.0,0.37538088528451313,0.0,0.3372207660792705,0.0,0.0,0.0,0.0,0.0,0.0,0.3246429135494268,0.30395644728444204,0.0,0.0,0.0,0.3287279982043883,0.0,0.333640488265159,0.35425640427555655,0.0,0.0,0.33521412302953363,0.3377279458883504,0.0,0.34727210001078895,0.0,0.0
0.0,0.0,0.27949627610404804,0.11986457885289153,0.14213170652039464,0.2850596148867729,0.1929738307254298,0.18757957770451697,0.28971146999212705,0.18969423774549118,0.22084351927927767,0.1844551834701798,0.22975376614846993,0.14037766640136773,0.2969855373428464,0.0,0.2819062386148821,0.0,0.28586133211592846,0.3351748587024069,0.27059081541118646,0.3367148639260351,0.26748501156356747,0.18847063950465864,0.31816693471201435,0.3305833602519326,0.2993969779327463,0.1889598422114132,0.0,0.0,0.2664851243931015,0.1761416085312219,0.20686411202342153,0.23416445120340443,0.27571363034216984,0.0,0.13719404040170255,0.19043651993346752,0.2053023665066572,0.1485197412003036,0.1968587670044379,0.20736391334625895,0.19254837678886427,0.18653397120710208,0.0,0.0,0.0,0.3240178229458206,0.0,0.30785833682505176,0.32726450205203655,0.0,0.2539601323396744,0.32695086801925266,0.0,0.2549702375155744,0.0,0.0,0.22574649072898112,0.0,0.0,0.0,0.0,0.31437782521885077,0.0,0.0,0.0,0.30400718206320354,0.0,0.0,0.0,0.3383657189942112,0.0,0.0,0.0,0.0
0.0,0.0,0.30353995580459137,0.11563802621057595,0.12519950832353247,0.293557264960509,0.18413037842391136,0.18961870133063477,0.30680011177031924,0.16603253492680156,0.24610421171397545,0.18297323852897665,0.2321560832653231,0.10785975506488725,0.0,0.0,0.0,0.0,0.3013806183148345,0.0,0.0,0.3033957091481592,0.2857507907790211,0.14001036293037492,0.0,0.3066878062955074,0.3096714165956268,0.17979750894738408,0.0,0.0,0.21456220556759154,0.19567571907666137,0.18800847905944315,0.179182656037181,0.19834303730188949,0.13719404040170255,0.0,0.18121308577123416,0.17841877842997725,0.0,0.19137280270337395,0.20641634122290872,0.2130703453790117,0.0,0.0,0.0,0.0,0.0,0.0,0.0,0.0,0.0,0.0,0.0,0.0,0.0,0.0,0.0,0.0,0.0,0.0,0.0,0.0,0.0,0.0,0.0,0.0,0.0,0.0,0.0,0.0,0.0,0.0,0.0,0.0,0.0
0.0,0.0,0.0,0.1580502599962484,0.0,0.3215311734809841,0.26959060744905555,0.0,0.309385923312068,0.19209456488313978,0.3202011672073941,0.16075021228326644,0.25062112067099684,0.0,0.0,0.0,0.23336871726320668,0.0,0.0,0.0,0.0,0.0,0.31337221761246586,0.15879499315133033,0.2308265682005772,0.23427397696717042,0.0,0.21952345397208456,0.0,0.0,0.21324013176465342,0.16868667383767652,0.14324353580983523,0.15810681451138275,0.19865226159030075,0.19043651993346752,0.18121308577123416,0.0,0.16979942788327534,0.14329439270905817,0.16786956047950768,0.17708779273342812,0.0,0.0,0.1454128167868669,0.0,0.0,0.0,0.0,0.0,0.0,0.0,0.0,0.0,0.2004018814900041,0.0,0.20321764908105278,0.25675245380694106,0.0,0.0,0.0,0.0,0.0,0.0,0.0,0.0,0.0,0.0,0.1792390636432715,0.18567906152243685,0.17513678801917512,0.0,0.2141789701394163,0.0,0.0,0.17675168140277223
0.3056151518666197,0.30042870041256686,0.3520090076945489,0.18344382010553795,0.0,0.3476869941967083,0.0,0.31120961111736295,0.3520734602711967,0.20781798555986516,0.2689929931393503,0.17781206860206722,0.35581785587675074,0.0,0.3128365354837205,0.30497713260742776,0.2804473493147832,0.3161199010949789,0.0,0.31289812213960605,0.3116089420624775,0.31835321691393653,0.34589889020697656,0.21530923816939163,0.3057533387175023,0.3121636946539851,0.34138192146687996,0.3131944448621495,0.3273732131354515,0.33416073211677805,0.31843428549886604,0.1771404324978199,0.19434033285293667,0.24230779423992332,0.23975449574086027,0.2053023665066572,0.17841877842997725,0.16979942788327534,0.0,0.22734722141623928,0.24913398730117403,0.25740883893677585,0.16730702680914944,0.20906104425669098,0.18823796695465503,0.2787830018435861,0.2740698036975759,0.31975632422450695,0.19749487912774186,0.26947543629177906,0.2798497736142653,0.26992023046228325,0.21742748763461986,0.31921241731309535,0.2197602458291959,0.2381444262372952,0.1777926655863359,0.2815358234927622,0.16116870745534223,0.2828969217305007,0.29324876786973747,0.28991578933340734,0.2951492929203468,0.3075139042907407,0.2950616802501638,0.28524228373568333,0.28443702454332176,0.28664758441739807,0.21114797388510587,0.2795165709034788,0.28191725702600645,0.29001438291011195,0.25172777362288984,0.28225303212066094,0.26036105620293504,0.2501020189674854
0.2956762708042052,0.28796322463334884,0.0,0.0,0.0,0.0,0.0,0.0,0.0,0.24887302508788856,0.0,0.25990318405791857,0.0,0.0,0.31209293909924196,0.2918877218858223,0.27800862981727315,0.3054922585871498,0.0,0.0,0.0,0.3151059245434006,0.2948867140485171,0.2264967183991589,0.2926285864905642,0.30263471227448946,0.0,0.0,0.0,0.0,0.0,0.17806790054493085,0.15058927655622115,0.0,0.0,0.1485197412003036,0.0,0.14329439270905817,0.22734722141623928,0.0,0.18231675797513344,0.2368366785052387,0.2617397426242338,0.16829366052781486,0.1491305343779548,0.23795664575720546,0.22374489703050465,0.0,0.22142166845846964,0.0,0.2687374302566918,0.277355206088825,0.3441013647841855,0.3051097233960741,0.21945641363555907,0.30383263540095584,0.1916343972360527,0.2746869901873722,0.0,0.25706806785790043,0.24619362139105988,0.24565226416307814,0.2521999525582299,0.0,0.2483928266026697,0.2815895340062323,0.25194078814996235,0.2637380529052733,0.18406078267074055,0.2310016731374642,0.24630404038754034,0.2632785755599827,0.2246154153263797,0.25008590733206026,0.0,0.21236653962439056
