0.0,0.4039020590712786,0.0,0.0,0.0,0.0,0.0,0.4925019939518666,0.0,0.4228975519730341,0.0,0.3863608649951648,0.0,0.0,0.36514586251708353,0.38767833158281156,0.0,0.37325370678880565,0.0,0.40946357597291194,0.4038970167660882,0.40772136720293195,0.43614356363933693,0.37899781695802703,0.3700713097875684,0.3548323971357055,0.4268601046290451,0.0,0.0,0.0,0.3651942725012395,0.4004060062823492,0.32430913928488153,0.3468584062422914,0.40207747062335947,0.0,0.0,0.0,0.4077094860519653,0.36477389623281714,0.39364012097181555,0.40540582500103395,0.0,0.0,0.3689361534373128,0.3441662478458479,0.4363129644519482,0.0,0.0,0.0,0.0,0.0,0.3169202405325396,0.0,0.4920555056263236,0.0,0.5154872642863735,0.0,0.0,0.4595525148376757,0.4283483535178708,0.0,0.40296703627390074,0.0,0.0,0.3263221963308291,0.43454580010695326,0.41286004342557764,0.3136447579819596,0.4125830941719968,0.4280158170449907,0.0,0.0,0.42181288402911127,0.0,0.4086591109346485
0.4039020590712786,0.0,0.0,0.0,0.3893197904217372,0.3752666812184462,0.39974555639400994,0.4685621158496742,0.36950344910188776,0.3907671156979716,0.0,0.0,0.418974290506653,0.0,0.400663582857849,0.39284291146175515,0.0,0.38731547307102504,0.0,0.3928968499831572,0.41146234095086076,0.379360810841617,0.4180167007608018,0.0,0.3727081872077747,0.3725026218684627,0.3983274536612608,0.43841830069869064,0.4098048944836594,0.40070203746830374,0.3542983054989343,0.42612844607699824,0.34370706029432474,0.3574179669809251,0.417203068786004,0.0,0.0,0.0,0.4367489436342816,0.43762603097431657,0.4536066108359796,0.46613053745306415,0.0,0.0,0.0,0.44086518043911826,0.46883352450631666,0.0,0.0,0.0,0.46378646142991864,0.0,0.0,0.0,0.0,0.0,0.0,0.0,0.0,0.4730878489372736,0.45013200924278896,0.0,0.42222438181709787,0.0,0.43538569826732076,0.45824521363091514,0.47998462403344017,0.4700985130828229,0.43578410770542714,0.42986280519670034,0.46684317438300665,0.44893074730098737,0.0,0.4485660841741379,0.0,0.4214265750592524
0.0,0.0,0.0,0.440439014053508,0.3746405354048919,0.35255909820980985,0.4020704192876047,0.43358248037475694,0.2429038765516174,0.4766521744005152,0.32651821544666204,0.6289825319332302,0.4118838278914799,0.44008501475955564,0.0,0.0,0.0,0.0,0.2538074589176278,0.0,0.0,0.0,0.30568029689800363,0.0,0.0,0.0,0.27970533723643637,0.4203143463511965,0.0,0.0,0.435848445712387,0.4061037720348999,0.0,0.4310414577306249,0.43389369238314784,0.3991517212094185,0.4286742028971327,0.7328028616576472,0.4928446062641396,0.0,0.0,0.0,0.4683066077174379,0.0,0.0,0.0,0.0,0.36232903527239174,0.0,0.5252239371604549,0.5235553573945361,0.5469308501480195,0.5117407760693198,0.5234520717067028,0.0,0.48011008832611585,0.0,0.0,0.49941530851832905,0.0,0.0,0.0,0.0,0.47101340067673747,0.0,0.0,0.0,0.5472366216255004,0.0,0.0,0.0,0.5321668475998784,0.5654897528906393,0.0,0.0,0.6339585843543006
0.0,0.0,0.440439014053508,0.0,0.2530921196467264,0.39480045849096435,0.2763124449105226,0.366536451927485,0.39839727539000425,0.23456472864458025,0.3578043917184386,0.0,0.28892631477578923,0.2687526254071272,0.0,0.0,0.0,0.0,0.405633775492082,0.45468302645556996,0.0,0.0,0.38835800505591767,0.0,0.0,0.0,0.41165085560073705,0.25589717570730813,0.4736048278477776,0.0,0.27872137972542815,0.30724797296364187,0.0,0.2530087898861751,0.3202806844232054,0.18549747920422618,0.19564844342755203,0.0,0.35083055440640676,0.0,0.0,0.0,0.0,0.0,0.0,0.0,0.0,0.0,0.0,0.0,0.0,0.0,0.0,0.0,0.0,0.0,0.0,0.0,0.0,0.0,0.0,0.0,0.0,0.0,0.0,0.0,0.0,0.0,0.0,0.0,0.0,0.0,0.0,0.0,0.0,0.0
0.0,0.3893197904217372,0.3746405354048919,0.2530921196467264,0.0,0.3632383623852809,0.31297611503431366,0.3827839806337206,0.32848608112469396,0.3991925015215282,0.3318239520060446,0.4156207101353602,0.3602926773340563,0.288644279792763,0.0,0.42255596378204674,0.4878661323403826,0.46933371477881314,0.3709953113179903,0.35340083541514977,0.0,0.38458746407340016,0.382013198907856,0.4582876645948331,0.4157606135514074,0.4163008476730205,0.37991473119849517,0.3513389736570015,0.39336613234752554,0.0,0.38124715689247207,0.37547035522389305,0.41735433681140605,0.4169449308188666,0.3913017616396726,0.22879640801978032,0.2503583028197566,0.4373374474218886,0.4678375104729525,0.0,0.0,0.0,0.39468600797407183,0.0,0.0,0.0,0.0,0.47429858616437914,0.0,0.0,0.4675924127184174,0.0,0.4586364604754886,0.0,0.0,0.46296324362265073,0.0,0.0,0.48644062045896974,0.0,0.0,0.0,0.0,0.5217459127971704,0.0,0.0,0.0,0.49096748633600823,0.0,0.0,0.0,0.5112903978551867,0.0,0.0,0.0,0.0
0.0,0.3752666812184462,0.35255909820980985,0.39480045849096435,0.3632383623852809,0.0,0.38368239387466235,0.41949813111354284,0.34317018655348625,0.42166871418133267,0.38020814397200575,0.46053881400884433,0.38879122113461073,0.4640313255657445,0.38484507159894155,0.40032467697780566,0.0,0.38918295553217575,0.3733656148778942,0.38574036288471186,0.0,0.3913188194304953,0.372117248658617,0.5331399181998218,0.3823656912567689,0.380591893991404,0.37348918981408086,0.39691099237877603,0.34385377883966106,0.40031561204926436,0.41158147701665526,0.4055706938584878,0.36866728165786833,0.4244858758368072,0.418029700762037,0.41110662677762694,0.41649010996691155,0.45384161471995177,0.46708505210806883,0.0,0.48641401989144006,0.5291824144628257,0.45638102512940854,1.0,0.0,0.0,0.4994887192059122,0.5387601470994507,0.0,0.5591918496033114,0.49218491429718436,0.5121433194597373,0.47997753102392565,0.5287021873851733,0.0,0.5087092795589737,0.5252168200609554,0.49367472432197307,0.5793828270192553,0.46801956769393716,0.0,0.0,0.0,0.5182224909390453,0.4642183270120759,0.49173823433927166,0.45746062908450397,0.5043188203236476,0.0,0.0,0.48003225427219864,0.4908076705345122,0.47540057241057987,0.4674998022793931,0.5374382722984695,0.5002152483430286
0.0,0.39974555639400994,0.4020704192876047,0.2763124449105226,0.31297611503431366,0.38368239387466235,0.0,0.40799531359346203,0.35216596370066255,0.3808009218384195,0.407525323801251,0.3733254009209935,0.32478041293501,0.2986476372609594,0.0,0.428470947604489,0.0,0.42488176461472205,0.41790781285516826,0.39677845297658887,0.0,0.4268571310029638,0.39732412959049185,0.40625064765409136,0.4099941890025159,0.3943751132505665,0.39963825157692223,0.33676939941431017,0.40922884919175934,0.0,0.39179718961137294,0.37270382463185564,0.3720200939814904,0.37882754878951286,0.3579613826310933,0.28624025236622586,0.2926513242013944,0.3873967507640811,0.0,0.0,0.0,0.0,0.0,0.0,0.0,0.0,0.0,0.0,0.0,0.0,0.0,0.0,0.474709231192587,0.0,0.0,0.0,0.0,0.0,0.0,0.0,0.0,0.0,0.0,0.0,0.0,0.0,0.0,0.47704036621393103,0.0,0.0,0.0,0.4771362681180967,0.0,0.6459269897429221,0.0,0.0
0.4925019939518666,0.4685621158496742,0.43358248037475694,0.366536451927485,0.3827839806337206,0.41949813111354284,0.40799531359346203,0.0,0.43139180295597057,0.4997239632646361,0.3514359974474747,0.0,0.4094740258745953,0.3810179866400909,0.40604943638210517,0.0,0.0,0.0,0.3831008884977079,0.0,0.402582243751966,0.0,0.3636908669594438,0.49992836868182383,0.4980380642494218,0.4704025031476848,0.4248175292561101,0.4130326150345009,0.39565578290389825,0.3790739222104937,0.4346360549742195,0.35531958230003435,0.0,0.4368898825740218,0.42922181161062617,0.2820842413513072,0.34455665962615356,0.0,0.4705046767071758,0.0,0.4832323557555343,0.0,0.42775812928367357,0.0,0.0,0.0,0.0,0.530876768678745,0.0,0.4960760901002981,0.46454313145731585,0.48816092976244113,0.43510626010952214,0.5073762434345478,0.0,0.4599485679574379,0.0,0.4750930100004433,0.46475551924043856,0.4774339793221584,0.0,0.0,0.0,0.48981705880418164,0.4620732422605903,0.4033127769580509,0.0,0.47824903686889564,0.0,0.0,0.0,0.476790265546673,0.4515119577419478,0.46106398091324363,0.0,0.5008707041185944
0.0,0.36950344910188776,0.2429038765516174,0.39839727539000425,0.32848608112469396,0.34317018655348625,0.35216596370066255,0.43139180295597057,0.0,0.4325030197615945,0.3160066882497016,0.4490448477518839,0.3927334710482465,0.41157276742842325,0.0,0.0,0.0,0.0,0.24704743672204618,0.36340597250343093,0.0,0.37989835446768977,0.3814569742027724,0.501598724140687,0.0,0.41250053405742776,0.3213473385629994,0.4250479548423313,0.4061675581804522,0.42009865838938637,0.4493878335412445,0.41503773640178887,0.43349269051828304,0.4378965063521445,0.4189318893216362,0.398670310157779,0.4138286539055435,0.4315662374756434,0.4595049520563513,0.0,0.0,0.0,0.4295940552575495,0.0,0.0,0.0,0.0,0.5086229681824126,0.0,0.5208789227949402,0.5176216041422276,0.0,0.5021721017205216,0.5357554454407675,0.0,0.47931606479481426,0.47919684957878045,0.0,0.47852078622864685,0.0,0.0,0.0,0.0,0.5264538565652263,0.0,0.0,0.0,0.5208516078551891,0.0,0.0,0.0,0.5202043185289258,0.0,0.0,0.0,0.641468730264011
0.4228975519730341,0.3907671156979716,0.4766521744005152,0.23456472864458025,0.3991925015215282,0.42166871418133267,0.3808009218384195,0.4997239632646361,0.4325030197615945,0.0,0.43873182939189403,0.29342890866622134,0.3715561276838171,0.14621721063193124,0.0,0.37916111762817123,0.32755428922884805,0.3453671702955418,0.4502085072676239,0.0,0.47625330964836143,0.43078294741607426,0.43437736272452276,0.3248537089172065,0.3234629989792432,0.34125939120826027,0.4389782897912908,0.3700116779794537,0.4937728339299511,0.566396815110106,0.3090832460737254,0.36379453860721994,0.31538099457562935,0.30154898463706703,0.35125205935987586,0.29898703687079453,0.2434880459792285,0.29065304359445726,0.3722077326355914,0.34717058119099364,0.3648540024601067,0.33654835470844024,0.0,0.0,0.35900494078820216,0.46199285758164327,0.0,0.0,0.0,0.0,0.0,0.421095453949306,0.0,0.0,0.43442733432655867,0.0,0.44080801187835983,0.43592350355790815,0.0,0.0,0.40713377066748213,0.40019464419841216,0.360517162342152,0.0,0.0,0.6098955252221274,0.0,0.0,0.42487089661636457,0.39508055978798695,0.4217258499163122,0.0,0.4004974557398365,0.0,0.0,0.3955285276318386
0.0,0.0,0.32651821544666204,0.3578043917184386,0.3318239520060446,0.38020814397200575,0.407525323801251,0.3514359974474747,0.3160066882497016,0.43873182939189403,0.0,0.4409229108153559,0.4176414252480794,0.32983295318499034,0.0,0.0,0.0,0.0,0.25499084974184916,0.0,0.0,0.0,0.30913374515517344,0.45936419217339836,0.0,0.0,0.3587081604477822,0.42615124297947005,0.0,0.0,0.4702433101223176,0.3961032698702242,0.4483063804277998,0.44245489362083545,0.42617246999804514,0.313445504646648,0.41646454106953956,0.4296424498044119,0.4396115165189417,0.0,0.0,0.0,0.4169270520472472,0.0,0.0,0.0,0.0,0.46730330576643647,0.0,0.4575993914432287,0.5150200458902997,0.48083399961975193,0.45142460595510836,0.4725357776901947,0.0,0.3034490797801784,0.0,0.5063919552783743,0.45394939795108175,0.0,0.0,0.0,0.0,0.229921830928042,0.0,0.0,0.0,0.4924236424056705,0.0,0.0,0.0,0.5074071560562168,0.5444763868793009,0.0,0.0,0.8264109189475767
0.3863608649951648,0.0,0.6289825319332302,0.0,0.4156207101353602,0.46053881400884433,0.3733254009209935,0.0,0.4490448477518839,0.29342890866622134,0.4409229108153559,0.0,0.3678849151245231,0.0,0.0,0.0,0.35000837271081,0.35681562883740553,0.5108011286313808,0.0,0.4879732917250951,0.0,0.4786092041360238,0.2885383548836431,0.3374266197921099,0.28947700092692485,0.48699569480157207,0.359240380786368,0.0,0.0,0.32080488200724444,0.2688215659504564,0.20019717648903973,0.2268257954921355,0.2818769989614,0.33184617676579065,0.30967402508198805,0.1794918748210458,0.3118592551720209,0.34291683991815886,0.33494565784369923,0.3431905157513979,0.0,0.0,0.3365874463534745,0.5150417136425379,0.0,0.0,0.0,0.0,0.0,0.0,0.0,0.0,0.4323536846528495,0.0,0.43448101483173457,0.43760264179457464,0.0,0.0,0.0,0.41252231741537965,0.3814799918635929,0.0,0.0,0.0,0.0,0.0,0.4134396811403273,0.41396578578410453,0.42769814980855597,0.0,0.425196296340305,0.0,0.0,0.39728956376797797
0.0,0.418974290506653,0.4118838278914799,0.28892631477578923,0.3602926773340563,0.38879122113461073,0.32478041293501,0.4094740258745953,0.3927334710482465,0.3715561276838171,0.4176414252480794,0.3678849151245231,0.0,0.33770824872609195,0.4170596601282993,0.44917177260889873,0.39708229718569743,0.4202407838929501,0.4242495114575228,0.41108565944206377,0.0,0.44538235943286364,0.4088760477668344,0.38147882289934637,0.4271235376115569,0.39957998080588314,0.41229450579067267,0.35254638072455213,0.4068402351816297,0.36501491705990946,0.3859410015644743,0.3778688364288918,0.35909434146345226,0.3712686064350877,0.3853065259297625,0.3315354006510851,0.31013106315149513,0.3563618679252948,0.4077278385167636,0.42523355743141594,0.4329065948847071,0.5038872229133747,0.44674504315162555,0.0,0.4054453253922104,0.0,0.0,0.5522732840915892,0.0,0.0,0.0,0.0,0.46325339197316295,0.0,0.4271274478646402,0.5323633546586543,0.4176679821985406,0.0,0.0,0.0,0.0,0.0,0.0,0.6866244458582366,0.5257475924114976,0.0,0.0,0.4889717209097668,0.0,0.0,0.0,0.4813040562456491,0.0,0.5023627192038824,0.0,0.0
0.0,0.0,0.44008501475955564,0.2687526254071272,0.288644279792763,0.4640313255657445,0.2986476372609594,0.3810179866400909,0.41157276742842325,0.14621721063193124,0.32983295318499034,0.0,0.33770824872609195,0.0,0.0,0.0,0.0,0.0,0.38243171449954105,0.0,0.0,0.0,0.41762207283984015,0.0,0.0,0.0,0.44014989686708555,0.2297349347584437,0.0,0.0,0.3598515595958115,0.25569523266401567,0.19776542558115037,0.23296355932787813,0.32409036020862214,0.20099026588129348,0.17841754271613472,0.3434455915921948,0.36141745880687665,0.0,0.0,0.0,0.3895163447911587,0.0,0.0,0.0,0.0,0.517228382283182,0.0,0.4781763381392549,0.0,0.0,0.46775576835506666,0.48258438251751945,0.0,0.46895436387922507,0.0,0.0,0.43624074916947536,0.0,0.0,0.0,0.0,0.4716873314190175,0.0,0.0,0.0,0.4884494203005263,0.0,0.0,0.0,0.5884290384035873,0.0,0.0,0.0,0.0
0.36514586251708353,0.400663582857849,0.0,0.0,0.0,0.38484507159894155,0.0,0.40604943638210517,0.0,0.0,0.0,0.0,0.4170596601282993,0.0,0.0,0.42247488601124134,0.0,0.4024811129130945,0.0,0.3259830863240801,0.3590687648758458,0.33054885748453094,0.3673739929256597,0.4515606620059787,0.3956155528327319,0.3406587962168491,0.39952449535368,0.4020126830724624,0.4016342332093227,0.39166208905866845,0.3873525765061885,0.4161656476962036,0.37797801659581093,0.40215759925091926,0.454194489497689,0.46393545964204874,0.0,0.0,0.46291551939628967,0.47428484511754454,0.46374032152120137,0.4957064984985094,0.0,0.0,0.0,0.3481671949781233,0.4604053381962511,0.0,0.0,0.0,0.4537147346564193,0.0,0.4118915975071636,0.0,0.0,0.0,0.0,0.5688945621017959,0.0,0.4792616746278688,0.481995751745695,0.0,0.0,0.0,0.46258846435310724,0.43473390342650964,0.475887745911594,0.46659244557455587,0.0,0.0,0.48079097050737574,0.46721820060975394,0.4979892019948795,0.4602676945060607,0.0,0.47133355589171466
0.38767833158281156,0.39284291146175515,0.0,0.0,0.42255596378204674,0.40032467697780566,0.428470947604489,0.0,0.0,0.37916111762817123,0.0,0.0,0.44917177260889873,0.0,0.42247488601124134,0.0,0.3668279582949114,0.3515193977762937,0.0,0.3910175303707791,0.40785099132667263,0.38364303890494195,0.4373853676163719,0.3754448740139658,0.38140809638811873,0.39563313632784053,0.40862381138152004,0.42565649584337956,0.4170571139537023,0.4103835713906347,0.3527396365573621,0.42353654766571247,0.3559098784639398,0.3684107437710091,0.446095304929683,0.0,0.0,0.0,0.4351363072391824,0.42076985061810895,0.42827537968531687,0.4398649327264786,0.0,0.0,0.0,0.4514131137124114,0.4376113876463603,0.0,0.0,0.0,0.0,0.0,0.0,0.0,0.0,0.0,0.0,0.0,0.0,0.4683735906239369,0.43934627161538503,0.0,0.41323509333881253,0.0,0.4775990050210099,0.4634399270116809,0.4417061381239841,0.0,0.49618409942428343,0.4311072913139404,0.45506671219889155,0.5441042303523533,0.0,0.5031334492243463,0.0,0.41800686516853747
0.0,0.0,0.0,0.0,0.4878661323403826,0.0,0.0,0.0,0.0,0.32755428922884805,0.0,0.35000837271081,0.39708229718569743,0.0,0.0,0.3668279582949114,0.0,0.35091238052113144,0.0,0.0,0.0,0.37238351308337786,0.0,0.3556827722952647,0.3284546033252919,0.35813221915684934,0.0,0.3837121712912525,0.0,0.0,0.328493779464997,0.38398141828371507,0.3193857629320838,0.34935994958224476,0.35787064688950604,0.3710589189517133,0.0,0.3147488090365605,0.35859251863134667,0.3707636225083438,0.39475382737607506,0.0,0.0,0.0,0.0,0.0,0.0,0.0,0.0,0.0,0.0,0.0,0.0,0.0,0.453890020642911,0.0,0.44176842440172875,0.0,0.0,0.0,0.0,0.42229446007309235,0.3746369662562967,0.0,0.0,0.0,0.0,0.0,0.4369420080553538,0.41224160651455616,0.4297089388592303,0.0,0.0,0.0,0.0,0.4291782326373181
0.37325370678880565,0.38731547307102504,0.0,0.0,0.46933371477881314,0.38918295553217575,0.42488176461472205,0.0,0.0,0.3453671702955418,0.0,0.35681562883740553,0.4202407838929501,0.0,0.4024811129130945,0.3515193977762937,0.35091238052113144,0.0,0.0,0.3900966723242782,0.434611642607659,0.3989502219467019,0.4019475102669363,0.3596698996365049,0.3373948807580032,0.3652786531394316,0.40075427337269104,0.40218141647648775,0.42461997874172397,0.4352648851995275,0.3534762719310633,0.3930378787509879,0.32755920032477104,0.35499909627765647,0.3746958545777836,0.0,0.0,0.0,0.4417934718605694,0.4214357206154519,0.44091388057469755,0.43723814450247495,0.0,0.0,0.0,0.4154111764297564,0.4301743489641845,0.0,0.0,0.0,0.0,0.0,0.0,0.0,0.437460008200369,0.0,0.42965425208432406,0.0,0.0,0.0,0.4234506989427293,0.40804982738320156,0.4132866430456018,0.0,0.0,0.0,0.43217080575945016,0.0,0.41687183953225887,0.4257593332781312,0.44085106953393927,0.0,0.0,0.0,0.0,0.4151646754365957
0.0,0.0,0.2538074589176278,0.405633775492082,0.3709953113179903,0.3733656148778942,0.41790781285516826,0.3831008884977079,0.24704743672204618,0.4502085072676239,0.25499084974184916,0.5108011286313808,0.4242495114575228,0.38243171449954105,0.0,0.0,0.0,0.0,0.0,0.0,0.0,0.0,0.3188864654766862,0.7420065698249858,0.0,0.0,0.32156056135003397,0.4386434365946095,0.0,0.0,0.44801458139098066,0.4102985919888997,0.5134961565745129,0.4381335414996419,0.4256832640340691,0.38170061762243923,0.42720921913285315,0.46921458047252246,0.45338307447675463,0.0,0.0,0.0,0.4279762148754619,0.0,0.0,0.0,0.0,0.4947155536033379,0.0,0.5151721082154912,0.5155843173352782,0.0,0.4695471173313841,0.5134191027783743,0.0,0.42831376793666476,0.0,0.0,0.46332310065704724,0.0,0.0,0.0,0.0,0.4888452243040386,0.0,0.0,0.0,0.517858029521991,0.0,0.0,0.0,0.5214888714726373,0.0,0.0,0.0,0.925342562379803
0.40946357597291194,0.3928968499831572,0.0,0.45468302645556996,0.35340083541514977,0.38574036288471186,0.39677845297658887,0.0,0.36340597250343093,0.0,0.0,0.0,0.41108565944206377,0.0,0.3259830863240801,0.3910175303707791,0.0,0.3900966723242782,0.0,0.0,0.39257682904497915,0.33290110707818105,0.2954072512588699,0.5988009598968764,0.3906039390995045,0.3925033359958369,0.35797615855984816,0.3367520148416902,0.3380265827168068,0.3294035117051304,0.3482325782628349,0.41090507848654484,0.3586168278132462,0.37840657833933317,0.4269027139605744,0.4658118704093461,0.4484399997635509,0.0,0.45446495961512706,0.4589253590982657,0.455036196457695,0.473251942546481,0.6746984231825285,0.0,0.0,0.0,0.43807097257936006,0.0,0.0,0.0,0.4749345654150277,0.0,0.4810745557998374,0.0,0.0,0.0,0.0,0.5470910447599799,0.0,0.4605276644503806,0.5518098606502175,0.0,0.0,0.0,0.45319270216044777,0.4446256428117435,0.44852076358478377,0.47333438905423897,0.0,0.0,0.4548716183253909,0.4695459192791547,0.4772142339023287,0.45426668917725227,0.0,0.47219951733408894
0.4038970167660882,0.41146234095086076,0.0,0.0,0.0,0.0,0.0,0.402582243751966,0.0,0.47625330964836143,0.0,0.4879732917250951,0.0,0.0,0.3590687648758458,0.40785099132667263,0.0,0.434611642607659,0.0,0.39257682904497915,0.0,0.41050544243644504,0.37123660008558157,0.4777870515739081,0.43468819937125236,0.3688875970779516,0.41742499344582523,0.4329279366869097,0.40644003177582344,0.0,0.3702628198530766,0.4111664078975456,0.35664565440585255,0.37635809897442773,0.4598773496916347,0.0,0.0,0.0,0.439819577432828,0.4208661129954241,0.4356432157484589,0.47087627874404997,0.0,0.0,0.0,0.3491264446005095,0.4597510736219396,0.0,0.0,0.0,0.4155775101552307,0.0,0.4158083433235612,0.0,0.5798833271649645,0.0,0.0,0.5123936756611112,0.0,0.44403338999329195,0.44796411291944804,0.0,0.0,0.0,0.4445896884429152,0.3804775073243138,0.44563635456506373,0.4485842265836213,0.0,0.0,0.46303813634135704,0.4457702652360045,0.4643213307016846,0.4653502916674583,0.0,0.4476236081305584
0.40772136720293195,0.379360810841617,0.0,0.0,0.38458746407340016,0.3913188194304953,0.4268571310029638,0.0,0.37989835446768977,0.43078294741607426,0.0,0.0,0.44538235943286364,0.0,0.33054885748453094,0.38364303890494195,0.37238351308337786,0.3989502219467019,0.0,0.33290110707818105,0.41050544243644504,0.0,0.4112184484722177,0.0,0.382587693195292,0.37210293280512635,0.40220498375484887,0.4033484312144256,0.3925380888292138,0.3927471290420387,0.3558815764105933,0.41122170516868556,0.3638269780476707,0.3867008059062286,0.44730098057300544,0.4780313068931928,0.44914138681872845,0.0,0.44506210624809267,0.44979240706666346,0.45448744010320236,0.4790622709666034,0.5899813874362703,0.0,0.0,0.44324394593971733,0.4582797256487856,0.0,0.0,0.0,0.45427870109645263,0.0,0.0,0.0,0.0,0.0,0.0,0.0,0.0,0.4833667610741276,0.43714440209049427,0.0,0.4616491053148339,0.0,0.4537095319678348,0.45599236736928805,0.45806384311935977,0.46680046571859024,0.0,0.40447789661507033,0.4816413382246329,0.45685506444905566,0.0,0.44875183205795577,0.0,0.4424133716927837
0.43614356363933693,0.4180167007608018,0.30568029689800363,0.38835800505591767,0.382013198907856,0.372117248658617,0.39732412959049185,0.3636908669594438,0.3814569742027724,0.43437736272452276,0.30913374515517344,0.4786092041360238,0.4088760477668344,0.41762207283984015,0.3673739929256597,0.4373853676163719,0.0,0.4019475102669363,0.3188864654766862,0.2954072512588699,0.37123660008558157,0.4112184484722177,0.0,0.47024230975888953,0.45744163646003666,0.41346389222190755,0.3301376135282375,0.4122141336689932,0.40151469986217403,0.38676036290423216,0.40829122867523865,0.4074207338656554,0.3780890262066403,0.4236433895081706,0.4270777663127595,0.400959563822131,0.4075620398273748,0.0,0.47986125694307913,0.46857972001505505,0.5044509017526001,0.5032989488911982,0.47420413588460636,0.5679514669158376,0.0,0.0,0.0,0.53477489476328,0.0,0.5121665778291857,0.49065045920447925,0.49414587648077274,0.479129799949528,0.5300360311544835,0.0,0.48674890235912227,0.0,0.49612554929860364,0.49551823710809983,0.4734113742531681,0.0,0.0,0.0,0.5135055446781093,0.4779221898173636,0.4548914827814341,0.4622605955194367,0.5025437095442122,0.0,0.0,0.45646635346533876,0.49184408679015046,0.48783807687530356,0.4823287082232635,0.4923412214543526,0.5035737944282898
0.37899781695802703,0.0,0.0,0.0,0.4582876645948331,0.5331399181998218,0.40625064765409136,0.49992836868182383,0.501598724140687,0.3248537089172065,0.45936419217339836,0.2885383548836431,0.38147882289934637,0.0,0.4515606620059787,0.3754448740139658,0.3556827722952647,0.3596698996365049,0.7420065698249858,0.5988009598968764,0.4777870515739081,0.0,0.47024230975888953,0.0,0.34513151582622403,0.34447204220566413,0.5121206038717321,0.3740519622886958,0.0,0.0,0.3459245946061434,0.3675302117246678,0.23148075578405372,0.28236354537735875,0.3898532396338308,0.41506838985772765,0.24820667320875553,0.22293228089384365,0.35113461631033843,0.3377752193907363,0.373003166423411,0.3762640517098062,0.0,0.0,0.30650857751189803,0.3998918798670067,0.45782875724191857,0.0,0.0,0.0,0.0,0.0,0.0,0.0,0.4249135553374479,0.0,0.4209967840798754,0.0,0.0,0.0,0.4424584061774514,0.41428197823328566,0.4215368718206293,0.0,0.0,0.0,0.0,0.0,0.3922178370093576,0.42481498379126464,0.4323704305300629,0.0,0.311471812542348,0.0,0.0,0.39470019426278025
0.3700713097875684,0.3727081872077747,0.0,0.0,0.4157606135514074,0.3823656912567689,0.4099941890025159,0.4980380642494218,0.0,0.3234629989792432,0.0,0.3374266197921099,0.4271235376115569,0.0,0.3956155528327319,0.38140809638811873,0.3284546033252919,0.3373948807580032,0.0,0.3906039390995045,0.43468819937125236,0.382587693195292,0.45744163646003666,0.34513151582622403,0.0,0.35341637756169975,0.3968924779201948,0.39674822770275253,0.42637013717162586,0.48536580855238526,0.3536408327379203,0.3779370437991994,0.29677259744142076,0.3383666877974348,0.36168784319396274,0.0,0.0,0.29932825084541903,0.415268746821256,0.38760261380452976,0.41304480554672046,0.43595579687815567,0.0,0.0,0.0,0.40871950691068104,0.4406833338959319,0.0,0.0,0.0,0.0,0.0,0.0,0.0,0.44499118962285533,0.0,0.44460379679005696,0.0,0.0,0.49706930783883724,0.4292626074916946,0.41350851197402516,0.4016686001202247,0.0,0.4313829460556859,0.4341263717042413,0.4184176317357109,0.0,0.41815793709434435,0.41476587540289567,0.4361823217179197,0.0,0.0,0.45916300554722184,0.0,0.4093735748298658
0.3548323971357055,0.3725026218684627,0.0,0.0,0.4163008476730205,0.380591893991404,0.3943751132505665,0.4704025031476848,0.41250053405742776,0.34125939120826027,0.0,0.28947700092692485,0.39957998080588314,0.0,0.3406587962168491,0.39563313632784053,0.35813221915684934,0.3652786531394316,0.0,0.3925033359958369,0.3688875970779516,0.37210293280512635,0.41346389222190755,0.34447204220566413,0.35341637756169975,0.0,0.40980842381732896,0.3893476856208885,0.39337062604849454,0.493668859603649,0.36762395218902394,0.4046183627456014,0.3452471613468038,0.36494304744791084,0.4095099015968194,0.37935491188874176,0.0,0.31725453415107013,0.4320534766521086,0.4250499563514128,0.4332794247275686,0.47726108763963515,0.0,0.0,0.4022407483896254,0.43090476902804187,0.47115379655224304,0.0,0.0,0.0,0.46776634403943806,0.0,0.4680814716562631,0.0,0.45561081321771274,0.0,0.45093058360893423,0.0,0.0,0.4776365652574933,0.454895433436347,0.44041706088975063,0.4325758018884073,0.0,0.4456735854336531,0.4512599719501563,0.46083363468381905,0.4539997871714672,0.43723927264127355,0.4406138408908407,0.45702898175713563,0.45333541943687505,0.4797070993871356,0.4560346064875963,0.0,0.432600431305381
0.4268601046290451,0.3983274536612608,0.27970533723643637,0.41165085560073705,0.37991473119849517,0.37348918981408086,0.39963825157692223,0.4248175292561101,0.3213473385629994,0.4389782897912908,0.3587081604477822,0.48699569480157207,0.41229450579067267,0.44014989686708555,0.39952449535368,0.40862381138152004,0.0,0.40075427337269104,0.32156056135003397,0.35797615855984816,0.41742499344582523,0.40220498375484887,0.3301376135282375,0.5121206038717321,0.3968924779201948,0.40980842381732896,0.0,0.41049770196987956,0.3872582567111048,0.3802526922967838,0.38186465258209973,0.4113797132230639,0.3780688754693936,0.4085351327049356,0.4208751429009194,0.429674873595775,0.41475333837813816,0.4955133460879013,0.47080592673585586,0.4839685651857774,0.4969097764300886,0.5025808899008788,0.4712075887052069,0.7899818448508366,0.0,0.0,0.0,0.5389230261670157,0.0,0.5458758738083876,0.48602380999182415,0.4999249613128076,0.48927015156934217,0.526470303375528,0.0,0.5114602841650088,0.5396737185678793,0.49004152560349123,0.5162961757443708,0.47368746499487946,0.0,0.0,0.0,0.5217004641214811,0.4693195252645015,0.4752889605359164,0.45831795059870883,0.49976493945143186,0.0,0.0,0.4648199176002916,0.4837722231453804,0.47925246382907305,0.47347717616466783,0.5043205642942734,0.5010882149584125
0.0,0.43841830069869064,0.4203143463511965,0.25589717570730813,0.3513389736570015,0.39691099237877603,0.33676939941431017,0.4130326150345009,0.4250479548423313,0.3700116779794537,0.42615124297947005,0.359240380786368,0.35254638072455213,0.2297349347584437,0.4020126830724624,0.42565649584337956,0.3837121712912525,0.40218141647648775,0.4386434365946095,0.3367520148416902,0.4329279366869097,0.4033484312144256,0.4122141336689932,0.3740519622886958,0.39674822770275253,0.3893476856208885,0.41049770196987956,0.0,0.35635550789256,0.30890493462927765,0.3539132718168358,0.3856255796780273,0.3493971956750415,0.36283705631209134,0.36369241210798414,0.25696845020658754,0.2460478907642298,0.35009871036375717,0.37916484892982033,0.3809762683462087,0.3846744458664753,0.43282446118725565,0.0,0.0,0.0,0.0,0.0,0.0,0.0,0.0,0.4653485511135116,0.0,0.45483261811106634,0.0,0.4281713218695517,0.0,0.3255464921911496,0.0,0.0,0.49854166612354545,0.0,0.0,0.0,0.0,0.47292746381105827,0.46139317442070094,0.5209584313538665,0.48043024716088806,0.0,0.58137856239025,0.5046811178845054,0.4728646112799639,0.492340967566098,0.470126023410636,0.0,0.0
0.0,0.4098048944836594,0.0,0.4736048278477776,0.39336613234752554,0.34385377883966106,0.40922884919175934,0.39565578290389825,0.4061675581804522,0.4937728339299511,0.0,0.0,0.4068402351816297,0.0,0.4016342332093227,0.4170571139537023,0.0,0.42461997874172397,0.0,0.3380265827168068,0.40644003177582344,0.3925380888292138,0.40151469986217403,0.0,0.42637013717162586,0.39337062604849454,0.3872582567111048,0.35635550789256,0.0,0.33716676663730616,0.35043907963558446,0.41113413610120697,0.358407826425167,0.3930553606859461,0.42395931697337763,0.46688179852822803,0.4365758632988255,0.0,0.45382543981506174,0.5068594236827404,0.47096663016229795,0.5078987151952394,0.513367504562753,0.0,0.0,0.0,0.461082526789541,0.0,0.0,0.0,0.46091677432602685,0.5561232492907847,0.46896591410189775,0.0,0.0,0.0,0.0,0.4963900269634942,0.0,0.46198073882604906,0.0,0.0,0.0,0.0,0.4536399146928616,0.45259663256032634,0.4424627777621894,0.47587677126879824,0.0,0.0,0.4589316448076754,0.46104631470435964,0.46609396259460906,0.45278120532230004,0.5002205245175324,0.48028316975731744
0.0,0.40070203746830374,0.0,0.0,0.0,0.40031561204926436,0.0,0.3790739222104937,0.42009865838938637,0.566396815110106,0.0,0.0,0.36501491705990946,0.0,0.39166208905866845,0.4103835713906347,0.0,0.4352648851995275,0.0,0.3294035117051304,0.0,0.3927471290420387,0.38676036290423216,0.0,0.48536580855238526,0.493668859603649,0.3802526922967838,0.30890493462927765,0.33716676663730616,0.0,0.2980002471344457,0.37688843754277057,0.38087577020043273,0.34051531812448665,0.3726730464359991,0.4313315615844867,0.3927934458303056,0.0,0.0,0.0,0.0,0.0,0.0,0.0,0.0,0.0,0.0,0.0,0.0,0.0,0.0,0.0,0.0,0.0,0.0,0.0,0.0,0.0,0.0,0.0,0.0,0.0,0.0,0.0,0.0,0.0,0.0,0.4715744338908405,0.0,0.0,0.0,0.46829412404105686,0.0,0.0,0.0,0.0
0.3651942725012395,0.3542983054989343,0.435848445712387,0.27872137972542815,0.38124715689247207,0.41158147701665526,0.39179718961137294,0.4346360549742195,0.4493878335412445,0.3090832460737254,0.4702433101223176,0.32080488200724444,0.3859410015644743,0.3598515595958115,0.3873525765061885,0.3527396365573621,0.328493779464997,0.3534762719310633,0.44801458139098066,0.3482325782628349,0.3702628198530766,0.3558815764105933,0.40829122867523865,0.3459245946061434,0.3536408327379203,0.36762395218902394,0.38186465258209973,0.3539132718168358,0.35043907963558446,0.2980002471344457,0.0,0.40074850650820787,0.29814789125698526,0.24409264546122258,0.2233740568372352,0.355122798807204,0.30689082504926213,0.3082623964024827,0.3972010705410847,0.3703860661236532,0.3687771163960962,0.4640715352162766,0.0,0.0,0.3015037430703128,0.4154003112316261,0.4233885292715443,0.0,0.0,0.0,0.0,0.0,0.0,0.0,0.39872893224599004,0.0,0.393991839895622,0.0,0.0,0.4973888023144278,0.4468046645085186,0.0,0.42222315208498773,0.0,0.44275855964581845,0.4085752774284667,0.4294552630053619,0.49100541577119344,0.3943127959183412,0.4130570309313155,0.45622090987048214,0.47525419433799604,0.0,0.45823472634395745,0.0,0.42887859810961904
0.4004060062823492,0.42612844607699824,0.4061037720348999,0.30724797296364187,0.37547035522389305,0.4055706938584878,0.37270382463185564,0.35531958230003435,0.41503773640178887,0.36379453860721994,0.3961032698702242,0.2688215659504564,0.3778688364288918,0.25569523266401567,0.4161656476962036,0.42353654766571247,0.38398141828371507,0.3930378787509879,0.4102985919888997,0.41090507848654484,0.4111664078975456,0.41122170516868556,0.4074207338656554,0.3675302117246678,0.3779370437991994,0.4046183627456014,0.4113797132230639,0.3856255796780273,0.41113413610120697,0.37688843754277057,0.40074850650820787,0.0,0.3105598769444358,0.34830712591436447,0.3421310807627832,0.26261111812945875,0.31690221114399136,0.25365381844577617,0.2975910245842273,0.2548247834787229,0.3168012492853274,0.30213331980977004,0.34366020439984946,0.33859214461626347,0.24153106775470298,0.4109205854875881,0.44286302596460053,0.0,0.0,0.6848974985150261,0.4731608158462938,0.5329161242147944,0.4803484420000728,0.4628230619049829,0.33414693947046625,0.46963975550702525,0.24331466025960233,0.46269286402966936,0.0,0.4811040016445852,0.4269854980620193,0.4309197984696182,0.39756184992255295,0.0,0.4644936183711472,0.4717712613816267,0.4546224133923142,0.49087147588671387,0.3869747872133688,0.4073618024266625,0.44149474981546094,0.4755617341263648,0.4460340912744995,0.4918079801599147,0.0,0.47025291053436247
0.32430913928488153,0.34370706029432474,0.0,0.0,0.41735433681140605,0.36866728165786833,0.3720200939814904,0.0,0.43349269051828304,0.31538099457562935,0.4483063804277998,0.20019717648903973,0.35909434146345226,0.19776542558115037,0.37797801659581093,0.3559098784639398,0.3193857629320838,0.32755920032477104,0.5134961565745129,0.3586168278132462,0.35664565440585255,0.3638269780476707,0.3780890262066403,0.23148075578405372,0.29677259744142076,0.3452471613468038,0.3780688754693936,0.3493971956750415,0.358407826425167,0.38087577020043273,0.29814789125698526,0.3105598769444358,0.0,0.20800592265565906,0.3352874937980093,0.24715584313399536,0.25754663119511245,0.1431883506597727,0.27406826073241936,0.2617602900080748,0.3052703076555416,0.3455285844367394,0.0,0.0,0.22006421697971548,0.3765180275194877,0.42207148406407174,0.0,0.0,0.0,0.4256774649666312,0.0,0.0,0.0,0.35694617921801,0.0,0.37225209912055307,0.0,0.0,0.4815463363944375,0.4048511098027384,0.3673025544173,0.3810445997114832,0.0,0.4556496659078698,0.4186013833783481,0.4515854892823579,0.45580837557033693,0.3476943555188501,0.3854950135777228,0.41138574244026344,0.43029516648853244,0.34081454999250443,0.4507772447774382,0.0,0.37136918409868197
0.3468584062422914,0.3574179669809251,0.4310414577306249,0.2530087898861751,0.4169449308188666,0.4244858758368072,0.37882754878951286,0.4368898825740218,0.4378965063521445,0.30154898463706703,0.44245489362083545,0.2268257954921355,0.3712686064350877,0.23296355932787813,0.40215759925091926,0.3684107437710091,0.34935994958224476,0.35499909627765647,0.4381335414996419,0.37840657833933317,0.37635809897442773,0.3867008059062286,0.4236433895081706,0.28236354537735875,0.3383666877974348,0.36494304744791084,0.4085351327049356,0.36283705631209134,0.3930553606859461,0.34051531812448665,0.24409264546122258,0.34830712591436447,0.20800592265565906,0.0,0.18733204697722972,0.3223029350980755,0.239388068108828,0.19933304092010343,0.3162632547169655,0.2931850523216796,0.2788227768681445,0.3261018619062827,0.3577440681866431,0.34297361179087194,0.26440349660792123,0.40527017566456774,0.4266093501855579,0.0,0.0,0.0,0.47522001782314827,0.5271081877566514,0.4784623651158327,0.0,0.36155493450290394,0.0,0.31443269306554233,0.4383050026302721,0.0,0.4783933690081755,0.4138770341403049,0.40348370691608904,0.39695136342731857,0.0,0.4714553441419247,0.4373728353568194,0.445094349630568,0.4981994390842723,0.3684747587017431,0.4097801059813157,0.43663867686504876,0.49398641132498045,0.3881090393053821,0.46807955135611845,0.0,0.4118620189350561
0.40207747062335947,0.417203068786004,0.43389369238314784,0.3202806844232054,0.3913017616396726,0.418029700762037,0.3579613826310933,0.42922181161062617,0.4189318893216362,0.35125205935987586,0.42617246999804514,0.2818769989614,0.3853065259297625,0.32409036020862214,0.454194489497689,0.446095304929683,0.35787064688950604,0.3746958545777836,0.4256832640340691,0.4269027139605744,0.4598773496916347,0.44730098057300544,0.4270777663127595,0.3898532396338308,0.36168784319396274,0.4095099015968194,0.4208751429009194,0.36369241210798414,0.42395931697337763,0.3726730464359991,0.2233740568372352,0.3421310807627832,0.3352874937980093,0.18733204697722972,0.0,0.37912922866266874,0.30539358067119166,0.266367562535721,0.2918380484791007,0.30789296636690555,0.3219771178847782,0.3462088989469529,0.3504210167023556,0.37078895345032126,0.3164087093496341,0.0,0.4770199796123739,0.0,0.0,0.0,0.0,0.0,0.0,0.0,0.35879020968804787,0.0,0.31639247409427085,0.4798879249874956,0.0,0.5077674108905565,0.4372888644944477,0.0,0.40620070728739616,0.0,0.4768595030502393,0.4824589599085497,0.4823757217663033,0.47935736137876356,0.0,0.42070086446694277,0.4585433535776881,0.4757249116756314,0.0,0.4922969011338363,0.0,0.0
0.0,0.0,0.3991517212094185,0.18549747920422618,0.22879640801978032,0.41110662677762694,0.28624025236622586,0.2820842413513072,0.398670310157779,0.29898703687079453,0.313445504646648,0.33184617676579065,0.3315354006510851,0.20099026588129348,0.46393545964204874,0.0,0.3710589189517133,0.0,0.38170061762243923,0.4658118704093461,0.0,0.4780313068931928,0.400959563822131,0.41506838985772765,0.0,0.37935491188874176,0.429674873595775,0.25696845020658754,0.46688179852822803,0.4313315615844867,0.355122798807204,0.26261111812945875,0.24715584313399536,0.3223029350980755,0.37912922866266874,0.0,0.23054304272429885,0.2796507181536769,0.28836865193610073,0.0,0.3317295619483252,0.31932208388837857,0.32770571600833137,0.0,0.0,0.0,0.0,0.4750895814352737,0.0,0.44450101167490264,0.4714634173152707,0.46603032933969274,0.3962585463510821,0.4049910021864753,0.0,0.422750052213919,0.29541535416416353,0.487994280382987,0.36107491236222305,0.0,0.0,0.0,0.0,0.43400366656340794,0.0,0.0,0.5253897134505067,0.45743550225273666,0.0,0.0,0.0,0.46330742650122275,0.462581389717639,0.0,0.4563707481262346,0.0
0.0,0.0,0.4286742028971327,0.19564844342755203,0.2503583028197566,0.41649010996691155,0.2926513242013944,0.34455665962615356,0.4138286539055435,0.2434880459792285,0.41646454106953956,0.30967402508198805,0.31013106315149513,0.17841754271613472,0.0,0.0,0.0,0.0,0.42720921913285315,0.4484399997635509,0.0,0.44914138681872845,0.4075620398273748,0.24820667320875553,0.0,0.0,0.41475333837813816,0.2460478907642298,0.4365758632988255,0.3927934458303056,0.30689082504926213,0.31690221114399136,0.25754663119511245,0.239388068108828,0.30539358067119166,0.23054304272429885,0.0,0.30679346896937393,0.25025445127845236,0.0,0.3079885113728257,0.32066580700382724,0.324001125865046,0.31086184773423203,0.0,0.0,0.0,0.0,0.0,0.0,0.0,0.0,0.0,0.0,0.29148010869375224,0.0,0.2580964222988093,0.0,0.0,0.0,0.0,0.0,0.0,0.0,0.0,0.0,0.0,0.544785517827406,0.0,0.0,0.0,0.0,0.0,0.0,0.0,0.0
0.0,0.0,0.7328028616576472,0.0,0.4373374474218886,0.45384161471995177,0.3873967507640811,0.0,0.4315662374756434,0.29065304359445726,0.4296424498044119,0.1794918748210458,0.3563618679252948,0.3434455915921948,0.0,0.0,0.3147488090365605,0.0,0.46921458047252246,0.0,0.0,0.0,0.0,0.22293228089384365,0.29932825084541903,0.31725453415107013,0.4955133460879013,0.35009871036375717,0.0,0.0,0.3082623964024827,0.25365381844577617,0.1431883506597727,0.19933304092010343,0.266367562535721,0.2796507181536769,0.30679346896937393,0.0,0.25026687944015874,0.22841586333812647,0.26974176797710847,0.30114285079633,0.0,0.0,0.23511902647552937,0.0,0.0,0.0,0.0,0.0,0.0,0.0,0.0,0.0,0.3323305059094664,0.0,0.3360903907545316,0.42927153109383215,0.0,0.0,0.0,0.2851523020371673,0.0,0.0,0.0,0.0,0.0,0.0,0.3013801203666126,0.331134237702616,0.3149900339605612,0.0,0.40257899164977257,0.0,0.0,0.3003197019150075
