0.0,0.27054965668488345,0.0,0.0,0.0,0.2714007027837926,0.23374795535440582,0.3440630427099641,0.0,0.2718587745470908,0.0,0.2795969533037019,0.2766176811302544,0.3244094205286275,0.2822216522030994,0.26208615014851033,0.2530307428632348,0.2657802074393492,0.0,0.29546593405330257,0.30209877363549775,0.2577502499657153,0.3278917446500964,0.2906539650032551,0.258529285356354,0.25422288316594854,0.328717417930213,0.2881966639250441,0.28334669801265505,0.2778135183100493,0.2684339805577851,0.29973187451363564,0.24818459189278302,0.26401566012068567,0.2833925764558249,0.0,0.0,0.26055426741641813,0.31740691321853776,0.2892005967093821,0.2972759115315636,0.327487047268506,0.0,0.0,0.0,0.31337031937303217,0.31421560976669866,0.0,0.0,0.0,0.2620230520436637,0.0,0.34097146664199574,0.0,0.300625694171886,0.0,0.30878466246453407,0.0,0.0,0.0,0.31528673247571765,0.22652826122969974,0.2929804290355841,0.0,0.3342117339990534,0.3111255689883524,0.3137425144687412,0.3133136992122876,0.0,0.3048095362501955,0.3371311958915483,0.27580102482236407,0.0,0.31110687359479544,0.0,0.2783954642150316
0.27054965668488345,0.0,0.0,0.0,0.29481589904174915,0.2823256308747607,0.32235005742484707,0.29928156600164324,0.25924292390793235,0.20771852862056095,0.0,0.18782032519181807,0.31273314170231525,0.0,0.2973344282667371,0.2733162646385022,0.2241612108992513,0.27618895020386847,0.0,0.28802894165237686,0.2818201620042964,0.2667235047470806,0.29033128088109433,0.2155884663478651,0.2559393923865255,0.2582926796347189,0.29042223811031803,0.3100375073277268,0.29615810699997447,0.0,0.26909294922695937,0.29427644069345477,0.2592314955767143,0.2567833558658872,0.2768172436081583,0.0,0.0,0.0,0.3198829749130276,0.29059485798734297,0.30548162720661326,0.32374738001983083,0.0,0.0,0.0,0.3108056256222782,0.31282875576229446,0.0,0.0,0.0,0.0,0.0,0.0,0.0,0.0,0.0,0.0,0.0,0.0,0.3462085651705138,0.3087387294483919,0.0,0.27288657085528084,0.0,0.3291162792667761,0.3429666027161676,0.32751397219212647,0.3214857582451957,0.0,0.29341378293730674,0.33568234037237643,0.0,0.0,0.0,0.0,0.2955363383925194
0.0,0.0,0.0,0.0,0.27529472614933514,0.2586212328157121,0.30505860448643796,0.29436571952243434,0.20663556683910853,0.0,0.226428332928031,0.0,0.29570379564487137,0.2673653606755911,0.0,0.0,0.0,0.0,0.2099726139663511,0.0,0.23849352865941142,0.0,0.18589298159603498,0.0,0.0,0.0,0.2346892521716693,0.30277980996374176,0.0,0.0,0.30216543673389257,0.3177592308417053,0.0,0.3004854429703973,0.0,0.2572613933597724,0.2138565987658313,0.0,0.0,0.0,0.0,0.0,0.29216762465946017,0.0,0.0,0.0,0.0,0.28797420742669727,0.0,0.30287169117859897,0.3279682503344206,0.28930795482374266,0.30842387050349307,0.338207804832376,0.0,0.20104173206224493,0.0,0.25069714079767813,0.0,0.0,0.0,0.0,0.0,0.2616723459642546,0.0,0.0,0.0,0.37101233248170584,0.0,0.0,0.0,0.33581602020461987,0.29605643343984733,0.0,0.0,0.0
0.0,0.0,0.0,0.0,0.2015974472474406,0.2699906083912995,0.24523464764784667,0.19301573603915465,0.2659371327594238,0.0,0.2529888814491947,0.203734948546673,0.19571321776528486,0.09559904511495294,0.3486777751511086,0.0,0.0,0.0,0.29785339196516275,0.33407128765293403,0.0,0.36988554616897024,0.2841420171850593,0.0,0.0,0.0,0.29010209445417035,0.17779276660088394,0.0,0.0,0.17975703664687295,0.2058728382015085,0.24074734035302,0.16376845259612427,0.18349290892133718,0.09699430466879498,0.1333035015052857,0.14092929119266337,0.19030925164242035,0.0,0.0,0.0,0.0,0.0,0.0,0.0,0.0,0.0,0.0,0.0,0.0,0.0,0.0,0.0,0.0,0.0,0.0,0.0,0.0,0.0,0.0,0.0,0.0,0.0,0.0,0.0,0.0,0.0,0.0,0.0,0.0,0.0,0.0,0.0,0.0,0.0
0.0,0.29481589904174915,0.27529472614933514,0.2015974472474406,0.0,0.26975098010598586,0.2638831201204304,0.25440971426570186,0.2559253352926219,0.30438535385430326,0.2493354742153624,0.2620267348282003,0.2713889205204,0.17786914001977439,0.0,0.31248242928859904,0.0,0.0,0.294770520024873,0.31016706610521344,0.0,0.3309382654132726,0.282895449860754,0.2742259353883966,0.0,0.28161047654456417,0.28253108488917444,0.25418888937532624,0.30709066197855495,0.0,0.30092850583573916,0.2625839889455832,0.22169337994582838,0.2824854364400522,0.26832646581067093,0.17113001626202065,0.20634286112164427,0.22536626139702512,0.0,0.0,0.0,0.0,0.22352123335443308,0.0,0.0,0.0,0.0,0.28011314674170507,0.0,0.2799273858696402,0.2901649252599177,0.25397096784255285,0.3059737388397026,0.2983830882613408,0.0,0.2613417055876454,0.0,0.0,0.2548663279455037,0.0,0.0,0.0,0.0,0.29859302553603595,0.0,0.0,0.0,0.3257754028065799,0.0,0.0,0.0,0.31462785966464923,0.0,0.0,0.0,0.0
0.2714007027837926,0.2823256308747607,0.2586212328157121,0.2699906083912995,0.26975098010598586,0.0,0.2824781117623171,0.2527572890563468,0.21853269236817363,0.3069298482012767,0.2486945206075125,0.0,0.250914893786672,0.2755198394838608,0.28278749916892826,0.2973450256192128,0.0,0.2954917769157273,0.2611141115051643,0.28468492010459023,0.26705786231433687,0.29605928055146913,0.27087786825626076,0.0,0.2775887326541713,0.28761157332016685,0.2429303947563942,0.2386098060871724,0.22241043864803817,0.2825532764758378,0.2811429550218363,0.29693479360886205,0.28474327454800785,0.29484790093197877,0.3100504239406863,0.3172157914194024,0.29202416319542934,0.0,0.30304460236500586,0.0,0.308402259628666,0.0,0.2046630510942368,0.0,0.0,0.0,0.0,0.34444075301630106,0.0,0.28070922969716644,0.30420789888094524,0.3218541642312572,0.28604445445218873,0.3355860234628284,0.0,0.0,0.0,0.30303127478515524,0.0,0.0,0.0,0.0,0.0,0.3816728522299,0.0,0.0,0.0,0.3109006862740425,0.0,0.0,0.0,0.30258498480388246,0.27935719940886833,0.2913577314869835,0.0,0.2963630519094246
0.23374795535440582,0.32235005742484707,0.30505860448643796,0.24523464764784667,0.2638831201204304,0.2824781117623171,0.0,0.30042342612340306,0.26682539164624186,0.2921107311161784,0.306905545157807,0.25271330384838314,0.25831116874713733,0.2329915032745743,0.27878270234970903,0.35905559456648034,0.0,0.33700545754262423,0.31833801755890856,0.3158474347068624,0.28708262089600256,0.3377399113554265,0.30311113726004657,0.2905429880599932,0.32601096947663094,0.32085571535369994,0.2988098712772605,0.2538040069984281,0.3243592568862075,0.30745346147699265,0.2882043757353206,0.2556997273028868,0.23646093174730284,0.2733306771412824,0.29067161691086374,0.22257042586233378,0.2333212451312705,0.2487272728716454,0.0,0.0,0.0,0.0,0.22980997710173726,0.0,0.0,0.0,0.0,0.30992549592448376,0.0,0.24935618221025752,0.288911038133155,0.2715835098355065,0.29904579757448735,0.2935833535890364,0.0,0.2412339684929641,0.0,0.0,0.24277680853847225,0.0,0.0,0.0,0.0,0.28006920394902773,0.0,0.0,0.0,0.34769191205152017,0.0,0.0,0.0,0.30607801329818574,0.0,0.0,0.0,0.0
0.3440630427099641,0.29928156600164324,0.29436571952243434,0.19301573603915465,0.25440971426570186,0.2527572890563468,0.30042342612340306,0.0,0.3036711583371974,0.27999670246921887,0.23566464269158863,0.0,0.3037667429398825,0.21408255058679282,0.291666583228721,0.2983442513495602,0.0,0.30186568475444686,0.3049325945970457,0.28237957125979785,0.2512874564712103,0.29168607429012977,0.24811965558356272,0.34213029869573763,0.3162666067049565,0.315964939079532,0.29583501977635746,0.3105376217061087,0.27959020325034545,0.3078981935644864,0.30650537030364233,0.28011857141958196,0.3005893719295666,0.3152656757842776,0.31485362642336867,0.15370239614367404,0.2881729906017483,0.0,0.2987477512072524,0.0,0.30085695142188557,0.0,0.0,0.0,0.0,0.0,0.0,0.35806695831330615,0.0,0.33686390669832583,0.2856138532440126,0.3346608965684675,0.21286352183764884,0.3494578030635553,0.0,0.31704571622919553,0.0,0.3026466591205293,0.33405460290768846,0.2427666290327713,0.0,0.0,0.0,0.3666365231127554,0.0,0.1791775459924181,0.0,0.29269352668455856,0.0,0.0,0.0,0.2942560421258223,0.2797739745289573,0.2654956911405564,0.24442666159027301,0.28906495867095067
0.0,0.25924292390793235,0.20663556683910853,0.2659371327594238,0.2559253352926219,0.21853269236817363,0.26682539164624186,0.3036711583371974,0.0,0.2997768203658126,0.24556424692007994,0.22758482994581414,0.24404726667034674,0.2793299760582196,0.1993326955658137,0.28570674918508027,0.0,0.0,0.2214991362343297,0.2785231869911981,0.0,0.2827460075080332,0.26874543591152183,0.0,0.0,0.23336559209510677,0.23204740866154333,0.2903880733266013,0.2650445098897747,0.0,0.29971158016699134,0.292910706336234,0.0,0.3007684506450774,0.29568229361876797,0.3043157691176628,0.2651101470895994,0.2228313151814786,0.0,0.0,0.0,0.0,0.0,0.0,0.0,0.0,0.0,0.36424842696122484,0.0,0.312118460711284,0.33058291367007653,0.3160029045599332,0.34609154255512076,0.3334067727277527,0.0,0.32754551648055197,0.0,0.28454068412095673,0.0,0.0,0.0,0.0,0.0,0.39800353645756453,0.0,0.0,0.0,0.3599914205387113,0.0,0.0,0.0,0.3543668748708091,0.23715811907175957,0.0,0.0,0.0
0.2718587745470908,0.20771852862056095,0.0,0.0,0.30438535385430326,0.3069298482012767,0.2921107311161784,0.27999670246921887,0.2997768203658126,0.0,0.29904038839370123,0.23466277729889873,0.2922192730605927,0.2748570699413074,0.0,0.25490911391243487,0.2360318402800936,0.25693716681262,0.325449331605977,0.0,0.0,0.22616311540769374,0.2993651750567492,0.24334094301636497,0.24779503701160033,0.2680453837850345,0.28873272608655787,0.26556378777820094,0.0,0.0,0.2377104899716247,0.26793123694459,0.21814464940098663,0.22606053793950828,0.17663919834364555,0.21360032097180853,0.18496652560058868,0.19572250842833636,0.2415573543712494,0.22727725137511512,0.24845080685700702,0.0,0.0,0.0,0.2400662983819826,0.0,0.0,0.0,0.0,0.0,0.0,0.25623477981691173,0.0,0.0,0.28797021596493494,0.0,0.3026382824646034,0.2530670887197488,0.0,0.0,0.0,0.24276017539318948,0.2542033378614994,0.0,0.0,0.0,0.0,0.0,0.29762194088245975,0.2771859937460593,0.30522260361292397,0.0,0.2649097584968366,0.0,0.0,0.26778161159780617
0.0,0.0,0.226428332928031,0.2529888814491947,0.2493354742153624,0.2486945206075125,0.306905545157807,0.23566464269158863,0.24556424692007994,0.29904038839370123,0.0,0.2680789963066539,0.2999172213653237,0.18886045890621977,0.0,0.0,0.0,0.0,0.21952548717089096,0.0,0.2909634567976051,0.0,0.20654735452424547,0.3007919671458406,0.0,0.0,0.2541665527885951,0.2893308587354384,0.0,0.0,0.31861927528735307,0.28312337706471047,0.2706471734741744,0.3056563025751427,0.2903597466399261,0.19270078906159646,0.27136214481682563,0.26963156039669234,0.0,0.0,0.0,0.0,0.22509077298581184,0.0,0.0,0.0,0.0,0.26461781830415054,0.0,0.2640389877780555,0.26887516908673603,0.2785514181879906,0.30655774421712345,0.30463506021407283,0.0,0.23526460192978996,0.0,0.24676070381495094,0.2844223902992974,0.0,0.0,0.0,0.0,0.2296994780849646,0.0,0.0,0.0,0.31447906156721617,0.0,0.0,0.0,0.30909362627773324,0.19911965215859373,0.0,0.0,0.0
0.2795969533037019,0.18782032519181807,0.0,0.203734948546673,0.2620267348282003,0.0,0.25271330384838314,0.0,0.22758482994581414,0.23466277729889873,0.2680789963066539,0.0,0.2683695579763308,0.0,0.0,0.21164438085803788,0.2741271118272563,0.26368993983133,0.24811095048544277,0.0,0.0,0.0,0.0,0.23054098612468854,0.2696536477311435,0.2454517000314919,0.0,0.25574914826251793,0.0,0.0,0.2633928719509097,0.16635572042669824,0.18628675746436843,0.20191921882617556,0.13877906329112244,0.20139501111441388,0.19861145541560712,0.16024421884353654,0.2384678768464248,0.22336390267217976,0.24471519037597136,0.23553711994950402,0.0,0.0,0.21079193267687432,0.0,0.0,0.0,0.0,0.0,0.0,0.2521601300435633,0.0,0.0,0.30506413398925136,0.0,0.31267754335916004,0.27015180626310437,0.0,0.0,0.0,0.2705345459502878,0.2820234661435449,0.0,0.0,0.0,0.0,0.0,0.29780656800971944,0.2988504310398544,0.32507555358764895,0.0,0.2770392247758815,0.0,0.0,0.28054011107810134
0.2766176811302544,0.31273314170231525,0.29570379564487137,0.19571321776528486,0.2713889205204,0.250914893786672,0.25831116874713733,0.3037667429398825,0.24404726667034674,0.2922192730605927,0.2999172213653237,0.2683695579763308,0.0,0.2464063226600587,0.2853932263657659,0.3374961883104552,0.29665509344766583,0.32919829401486206,0.3061361708811231,0.31445955208030046,0.30557305559573433,0.33594828806263904,0.2990661483498142,0.33276659092817373,0.30532142577522714,0.3143444143813157,0.2920844425125287,0.24000460238927632,0.3062500333786791,0.27446608532146555,0.2786911973065869,0.2636184192806134,0.2561228370476212,0.27993516639436883,0.2710809152870837,0.22349367149840688,0.21456694593585748,0.24347215721878093,0.1986511259802266,0.0,0.15726491101471318,0.0,0.2332500630305342,0.0,0.0,0.0,0.0,0.3240361140980527,0.0,0.262667752088817,0.3009260297282783,0.27632883384331997,0.32582059648904604,0.2821908443321136,0.28677990796264213,0.25076274067849313,0.0,0.26781199456095417,0.0,0.0,0.0,0.0,0.0,0.31480983230470677,0.0,0.0,0.0,0.3438331846045304,0.0,0.0,0.0,0.3281103778448971,0.0,0.27857665734452874,0.0,0.24987790469347854
0.3244094205286275,0.0,0.2673653606755911,0.09559904511495294,0.17786914001977439,0.2755198394838608,0.2329915032745743,0.21408255058679282,0.2793299760582196,0.2748570699413074,0.18886045890621977,0.0,0.2464063226600587,0.0,0.0,0.0,0.0,0.0,0.2613276287842329,0.0,0.30284809823786524,0.0,0.27013523982693965,0.0,0.0,0.0,0.29216954294142733,0.1709539242085389,0.0,0.0,0.2943844663649445,0.11392528127457183,0.0,0.23084963802687586,0.0,0.09880978621978392,0.09819522221815923,0.0,0.0,0.0,0.0,0.0,0.23738079195427034,0.0,0.0,0.0,0.0,0.3083423164249538,0.0,0.2790576620652053,0.0,0.24675103652942104,0.2991856329050936,0.3240529993489477,0.0,0.27961202867921786,0.0,0.0,0.2912378412648172,0.0,0.0,0.0,0.0,0.30790834737448,0.0,0.0,0.0,0.3331777135711562,0.0,0.0,0.0,0.3088582496995896,0.0,0.0,0.0,0.0
0.2822216522030994,0.2973344282667371,0.0,0.3486777751511086,0.0,0.28278749916892826,0.27878270234970903,0.291666583228721,0.1993326955658137,0.0,0.0,0.0,0.2853932263657659,0.0,0.0,0.29362457459959956,0.0,0.28226641539606745,0.0,0.24808944264374774,0.25488498914635865,0.26369607173531723,0.2527122475094342,0.30562468109770097,0.28076514447402956,0.297137696064994,0.27215369853718385,0.3010158768950201,0.28807943669858904,0.0,0.30748639657267546,0.3318822198162872,0.2824955749848954,0.3289877842900613,0.3661563573704834,0.3863736374654827,0.3449314529288926,0.0,0.33662075240470396,0.33539418289860473,0.3453372697940697,0.3618567228395878,0.34041557206326184,0.0,0.0,0.0,0.3479240458935987,0.0,0.0,0.0,0.3087784564961751,0.0,0.29325273374031846,0.0,0.0,0.0,0.0,0.0,0.0,0.34028999962704964,0.0,0.0,0.0,0.0,0.3312976841295305,0.3294909735776485,0.3540141633076155,0.3071020423418984,0.0,0.0,0.38861767633216315,0.3168809856847404,0.0,0.2940655197883049,0.0,0.30418356732427276
0.26208615014851033,0.2733162646385022,0.0,0.0,0.31248242928859904,0.2973450256192128,0.35905559456648034,0.2983442513495602,0.28570674918508027,0.25490911391243487,0.0,0.21164438085803788,0.3374961883104552,0.0,0.29362457459959956,0.0,0.2624620855810671,0.2409757191543448,0.0,0.26432577620722464,0.26935986930519884,0.23297176191712995,0.2906055762156969,0.24990023088923635,0.24846665411739297,0.2730607209189539,0.29693939570294603,0.3208219179440585,0.2881952243053232,0.2868031992831534,0.25990803539137497,0.3110462565098773,0.2617739417049475,0.2763634529599393,0.30280133038703194,0.0,0.0,0.0,0.30407364318650154,0.27688193313048926,0.29408194706211815,0.31299703873112356,0.0,0.0,0.0,0.30507518370015196,0.30119662674221354,0.0,0.0,0.0,0.0,0.0,0.0,0.0,0.18921547931174376,0.0,0.0,0.0,0.0,0.33550054241630906,0.2976392365584082,0.19608361492218102,0.27314449557171483,0.0,0.0,0.31010278582423606,0.30839301474119696,0.0,0.0,0.2894985019522228,0.32072991919874505,0.0,0.0,0.0,0.0,0.2868941394193049
0.2530307428632348,0.2241612108992513,0.0,0.0,0.0,0.0,0.0,0.0,0.0,0.2360318402800936,0.0,0.2741271118272563,0.29665509344766583,0.0,0.0,0.2624620855810671,0.0,0.2156342215219894,0.0,0.0,0.0,0.2573985713007294,0.0,0.2574557504369154,0.22840575042993386,0.2607702623350143,0.0,0.2064143406061138,0.0,0.0,0.2327067100931867,0.30469943710251923,0.24691086324606026,0.26490501445983905,0.27122408253631575,0.0,0.0,0.2226501360713251,0.261095325038224,0.24430000415738373,0.23066756627223667,0.0,0.0,0.0,0.0,0.0,0.0,0.0,0.0,0.0,0.0,0.0,0.0,0.0,0.27501284086277233,0.0,0.27889532368297865,0.0,0.0,0.0,0.0,0.23100549523092406,0.25232370361507045,0.0,0.0,0.0,0.0,0.0,0.28901222999002013,0.27313237346089164,0.29060412258225987,0.0,0.0,0.0,0.0,0.23637658190921856
0.2657802074393492,0.27618895020386847,0.0,0.0,0.0,0.2954917769157273,0.33700545754262423,0.30186568475444686,0.0,0.25693716681262,0.0,0.26368993983133,0.32919829401486206,0.0,0.28226641539606745,0.2409757191543448,0.2156342215219894,0.0,0.0,0.2863996056536238,0.265523018541767,0.28081814243605974,0.2851534870088971,0.24606627030268174,0.2432616561835602,0.25742447569324595,0.28756352090105397,0.2952520169683836,0.2919779731319062,0.0,0.2654183915395917,0.3215566297401092,0.2561541939159519,0.2786953539831538,0.28544222984317585,0.0,0.0,0.21061118437431312,0.28668768528842775,0.25441588970188306,0.26687847713555557,0.2750866485282639,0.0,0.0,0.0,0.3007401702591919,0.29245807580518396,0.0,0.0,0.0,0.0,0.0,0.0,0.0,0.2537604404224039,0.0,0.27680789250251625,0.0,0.0,0.0,0.2823848104473709,0.2585936571107355,0.2673978567406952,0.0,0.0,0.0,0.2857885609260302,0.0,0.29061385228888553,0.2762562752014692,0.2857269551670462,0.0,0.0,0.0,0.0,0.26080544189212934
0.0,0.0,0.2099726139663511,0.29785339196516275,0.294770520024873,0.2611141115051643,0.31833801755890856,0.3049325945970457,0.2214991362343297,0.325449331605977,0.21952548717089096,0.24811095048544277,0.3061361708811231,0.2613276287842329,0.0,0.0,0.0,0.0,0.0,0.0,0.0,0.0,0.21493613017238575,0.0,0.0,0.0,0.2620025375778057,0.30235332534412696,0.0,0.0,0.3114498014705966,0.3012588198944222,0.0,0.31201260704688477,0.3199463732544513,0.27470501915511464,0.28749900757087626,0.26320958567881875,0.0,0.0,0.0,0.0,0.2660786069835803,0.0,0.0,0.0,0.0,0.364282118717739,0.0,0.31819714513597014,0.32412493265127035,0.31317808893988525,0.33725070464381524,0.33437474418975627,0.0,0.334244589739743,0.0,0.22688452131175751,0.31326015739453494,0.0,0.0,0.0,0.0,0.3428406646812752,0.0,0.0,0.0,0.3328529802156047,0.0,0.0,0.0,0.3464380505818643,0.0,0.0,0.0,0.0
0.29546593405330257,0.28802894165237686,0.0,0.33407128765293403,0.31016706610521344,0.28468492010459023,0.3158474347068624,0.28237957125979785,0.2785231869911981,0.0,0.0,0.0,0.31445955208030046,0.0,0.24808944264374774,0.26432577620722464,0.0,0.2863996056536238,0.0,0.0,0.28869283572662724,0.2613511351122115,0.25017668529321097,0.0,0.2791733500566434,0.30040527724564303,0.23056096798403913,0.2879996955229119,0.2281656742487569,0.2772534150884667,0.27301749722005486,0.3557636863079306,0.29455137349981386,0.32741798575780834,0.3611488463306725,0.37989229206137654,0.3461087453412919,0.0,0.32300917047325517,0.3290941564195131,0.33381420120072824,0.32388882151619236,0.0,0.0,0.0,0.0,0.0,0.0,0.0,0.0,0.0,0.0,0.2804739251930701,0.0,0.0,0.0,0.0,0.0,0.0,0.3363406381871006,0.0,0.0,0.0,0.0,0.30844915953596086,0.3330790690185496,0.33958680568906596,0.2959885495016471,0.0,0.0,0.36940059063489905,0.3123475195942839,0.0,0.28790031817358713,0.0,0.34886246078830235
0.30209877363549775,0.2818201620042964,0.23849352865941142,0.0,0.0,0.26705786231433687,0.28708262089600256,0.2512874564712103,0.0,0.0,0.2909634567976051,0.0,0.30557305559573433,0.30284809823786524,0.25488498914635865,0.26935986930519884,0.0,0.265523018541767,0.0,0.28869283572662724,0.0,0.30828434895327167,0.25363919898218457,0.3261655926833181,0.2748027271256483,0.27015919824988843,0.28522426348101365,0.31309620051444015,0.2922620145314647,0.29325365170501033,0.28072459755751317,0.3153777511649448,0.2649870137613733,0.28405796802123523,0.32192082679672207,0.3594470516566025,0.0,0.0,0.32722158400015494,0.320271460912416,0.31933884684512276,0.36662285333014255,0.0,0.0,0.0,0.351812838212843,0.34098070179683826,0.0,0.0,0.0,0.32055169816280166,0.0,0.17814618343040642,0.0,0.0,0.0,0.0,0.3086517621729404,0.0,0.320617240879669,0.3125058193198679,0.0,0.0,0.0,0.3158350109520042,0.25987368006671074,0.3459220594877005,0.2746414915413247,0.0,0.2560938450535645,0.3774486649326201,0.28256730134652663,0.28199594719308757,0.29087593590756605,0.0,0.2844943202369864
0.2577502499657153,0.2667235047470806,0.0,0.36988554616897024,0.3309382654132726,0.29605928055146913,0.3377399113554265,0.29168607429012977,0.2827460075080332,0.22616311540769374,0.0,0.0,0.33594828806263904,0.0,0.26369607173531723,0.23297176191712995,0.2573985713007294,0.28081814243605974,0.0,0.2613511351122115,0.30828434895327167,0.0,0.2837089293394361,0.20357693891258258,0.269083076681096,0.27518473758020257,0.30260094575878516,0.3155302481710492,0.2828926506021883,0.2991769102611693,0.27393867887827555,0.35002020314533855,0.3020467005001123,0.31526870393025824,0.3587609104587613,0.39250180976212584,0.37086068405824185,0.26278077549403334,0.34044440830525596,0.3169234200375739,0.33025896222195406,0.34074853881987016,0.3466040279620406,0.0,0.0,0.2955569143417661,0.31766011817350276,0.0,0.0,0.0,0.3429404467309811,0.0,0.30061369761494444,0.0,0.0,0.0,0.0,0.0,0.0,0.3501343765767336,0.29542791556798614,0.0,0.23032543800429015,0.0,0.34258240814314755,0.3540664041271944,0.3468505465076242,0.3307399283878282,0.0,0.2734856309051451,0.35254314789457747,0.33943533872050596,0.0,0.3208840513611725,0.0,0.32074343495082563
0.3278917446500964,0.29033128088109433,0.18589298159603498,0.2841420171850593,0.282895449860754,0.27087786825626076,0.30311113726004657,0.24811965558356272,0.26874543591152183,0.2993651750567492,0.20654735452424547,0.0,0.2990661483498142,0.27013523982693965,0.2527122475094342,0.2906055762156969,0.0,0.2851534870088971,0.21493613017238575,0.25017668529321097,0.25363919898218457,0.2837089293394361,0.0,0.3354944082021919,0.29127163974286163,0.3123315811867222,0.23660619465312913,0.31064477453687767,0.2830242082005388,0.3049120653710817,0.30433955505027294,0.3011267060976103,0.23801599655840852,0.31555090049369644,0.3345589944751779,0.31992580537009135,0.3105538894333736,0.2485606603851241,0.3154485406854512,0.33543569469158796,0.32665587798638657,0.32395402236950366,0.3029199834403132,0.0,0.0,0.0,0.0,0.29734841030736203,0.0,0.3384858777466605,0.3046308907966823,0.35773186685331276,0.31200395262352054,0.37014936548441596,0.0,0.3653490997135559,0.0,0.3429209912278116,0.0,0.31069088327787797,0.0,0.0,0.0,0.3707584499298049,0.3105091513589126,0.27798830246804374,0.33109576614084607,0.269778142735964,0.0,0.0,0.3479309327415938,0.3125229232523262,0.31462709754961354,0.3031007455742007,0.31873787685648963,0.32227717577314535
0.2906539650032551,0.2155884663478651,0.0,0.0,0.2742259353883966,0.0,0.2905429880599932,0.34213029869573763,0.0,0.24334094301636497,0.3007919671458406,0.23054098612468854,0.33276659092817373,0.0,0.30562468109770097,0.24990023088923635,0.2574557504369154,0.24606627030268174,0.0,0.0,0.3261655926833181,0.20357693891258258,0.3354944082021919,0.0,0.2338962342471523,0.25570005675600405,0.0,0.2907299553318232,0.0,0.0,0.2577043102729667,0.2597079913651921,0.192795906963922,0.2375062953022578,0.219544147164826,0.0,0.0,0.18838599014776472,0.3101750666352626,0.22117781438007167,0.25392323349322427,0.34046244241826923,0.0,0.0,0.19331819881672724,0.3394765295185816,0.2978971371328909,0.0,0.0,0.0,0.0,0.0,0.0,0.0,0.2962039939755873,0.0,0.304464748831316,0.0,0.0,0.0,0.2825300561921272,0.294779765140195,0.3099478528453833,0.0,0.0,0.0,0.0,0.0,0.3136663347353458,0.31268171883523277,0.3317893532107268,0.0,0.33133834502432463,0.0,0.0,0.300398841435858
0.258529285356354,0.2559393923865255,0.0,0.0,0.0,0.2775887326541713,0.32601096947663094,0.3162666067049565,0.0,0.24779503701160033,0.0,0.2696536477311435,0.30532142577522714,0.0,0.28076514447402956,0.24846665411739297,0.22840575042993386,0.2432616561835602,0.0,0.2791733500566434,0.2748027271256483,0.269083076681096,0.29127163974286163,0.2338962342471523,0.0,0.2506856587705672,0.2792053076191304,0.2905258070052324,0.2871970022812914,0.24425781891133702,0.26179595337481176,0.29583646251808055,0.2354561294787742,0.25573429046748397,0.26540101886920914,0.0,0.0,0.21849975055945886,0.2924567119303185,0.25797239094556923,0.2720224144809667,0.2892350597005979,0.0,0.0,0.0,0.309751517484553,0.30082808375095543,0.0,0.0,0.0,0.0,0.0,0.0,0.0,0.2656298754819552,0.0,0.28887845231447346,0.0,0.0,0.0,0.28558094048090316,0.2624145528914244,0.27324262742562555,0.0,0.27644232817415687,0.2734189317599953,0.25198881661900685,0.0,0.30141189353028247,0.281496846683244,0.29362832396658406,0.0,0.22999087212160005,0.0,0.0,0.272966082651914
0.25422288316594854,0.2582926796347189,0.0,0.0,0.28161047654456417,0.28761157332016685,0.32085571535369994,0.315964939079532,0.23336559209510677,0.2680453837850345,0.0,0.2454517000314919,0.3143444143813157,0.0,0.297137696064994,0.2730607209189539,0.2607702623350143,0.25742447569324595,0.0,0.30040527724564303,0.27015919824988843,0.27518473758020257,0.3123315811867222,0.25570005675600405,0.2506856587705672,0.0,0.3195523025285828,0.3118128724156466,0.28739914814609613,0.21652360233861498,0.2695698676668913,0.3077629598568589,0.2538082354188971,0.26974438115836424,0.2983342260392689,0.35254900941650186,0.0,0.23344120245667074,0.31445758291359355,0.2829336857043398,0.2922946102968066,0.307816369570866,0.0,0.0,0.0,0.3247317280754939,0.32030628743424117,0.0,0.0,0.0,0.0,0.0,0.0,0.0,0.29327580840426665,0.0,0.31399618697666454,0.22022932913913373,0.0,0.37081714362808127,0.30765404013041153,0.2846368477897233,0.2925532372614259,0.0,0.3347940822775244,0.3638517957160197,0.34932945005747307,0.33779421862606596,0.3350916340940325,0.2973348061781407,0.3192427744960932,0.0,0.2419900314135783,0.3500799112839481,0.0,0.29424021630620856
0.328717417930213,0.29042223811031803,0.2346892521716693,0.29010209445417035,0.28253108488917444,0.2429303947563942,0.2988098712772605,0.29583501977635746,0.23204740866154333,0.28873272608655787,0.2541665527885951,0.0,0.2920844425125287,0.29216954294142733,0.27215369853718385,0.29693939570294603,0.0,0.28756352090105397,0.2620025375778057,0.23056096798403913,0.28522426348101365,0.30260094575878516,0.23660619465312913,0.0,0.2792053076191304,0.3195523025285828,0.0,0.3052324279424974,0.24842758845213123,0.2953044144820684,0.3012342496737603,0.3170730515377624,0.28566312506947317,0.32104582256995495,0.3366124551506413,0.3664428557795977,0.3142607750131211,0.0,0.31822174586457835,0.0,0.31489467145268957,0.3166102544257813,0.30589103014727403,0.0,0.0,0.0,0.0,0.3858108757460089,0.0,0.32977586191356206,0.3245053029347767,0.34849305917235424,0.3215890301344108,0.36234605492727934,0.0,0.3376912645956516,0.0,0.3276409916064201,0.0,0.31698906147166533,0.0,0.0,0.0,0.36026697331790786,0.0,0.2931527068344072,0.3628417219491729,0.32668092156387296,0.0,0.0,0.3455439928216421,0.3147144770455219,0.29561139931651514,0.29795096977399377,0.0,0.3101663426527418
0.2881966639250441,0.3100375073277268,0.30277980996374176,0.17779276660088394,0.25418888937532624,0.2386098060871724,0.2538040069984281,0.3105376217061087,0.2903880733266013,0.26556378777820094,0.2893308587354384,0.25574914826251793,0.24000460238927632,0.1709539242085389,0.3010158768950201,0.3208219179440585,0.2064143406061138,0.2952520169683836,0.30235332534412696,0.2879996955229119,0.31309620051444015,0.3155302481710492,0.31064477453687767,0.2907299553318232,0.2905258070052324,0.3118128724156466,0.3052324279424974,0.0,0.23791484164736626,0.2461090163737252,0.27076306693797253,0.26228219712449125,0.23628250019930905,0.2567477638867498,0.21774010567007612,0.17558168260173623,0.18466667780767976,0.22735040876527923,0.28142172472472604,0.0,0.32498072844538883,0.21596806528184187,0.22749599582949404,0.15650494229619194,0.0,0.0,0.0,0.29639699902336925,0.0,0.0,0.31416097876818244,0.2716096969397162,0.3291826602832282,0.2647830218827311,0.28521947618191024,0.21679172575868969,0.0,0.2651523344212418,0.0,0.0,0.0,0.0,0.0,0.0,0.0,0.0,0.0,0.33651796870307665,0.0,0.0,0.2542995860499649,0.3212894605936398,0.3134926188334168,0.3138677744553311,0.0,0.3096004281090395
0.28334669801265505,0.29615810699997447,0.0,0.0,0.30709066197855495,0.22241043864803817,0.3243592568862075,0.27959020325034545,0.2650445098897747,0.0,0.0,0.0,0.3062500333786791,0.0,0.28807943669858904,0.2881952243053232,0.0,0.2919779731319062,0.0,0.2281656742487569,0.2922620145314647,0.2828926506021883,0.2830242082005388,0.0,0.2871970022812914,0.28739914814609613,0.24842758845213123,0.23791484164736626,0.0,0.26586003475968756,0.2573152391409495,0.31867297223817365,0.0,0.2928662897486778,0.32063649554636336,0.335229176263326,0.2838610876093068,0.0,0.3202112513888343,0.0,0.31271527790207687,0.0,0.0,0.0,0.0,0.0,0.0,0.29924164080744015,0.0,0.0,0.27665356086509324,0.0,0.27275022226129103,0.0,0.0,0.0,0.0,0.0,0.0,0.2768191034864743,0.0,0.0,0.0,0.0,0.0,0.27272811497962807,0.0,0.30653827295343933,0.0,0.0,0.0,0.3061605343122317,0.29772125669679056,0.3079618865333769,0.2910001430563243,0.31031751662713886
0.2778135183100493,0.0,0.0,0.0,0.0,0.2825532764758378,0.30745346147699265,0.3078981935644864,0.0,0.0,0.0,0.0,0.27446608532146555,0.0,0.0,0.2868031992831534,0.0,0.0,0.0,0.2772534150884667,0.29325365170501033,0.2991769102611693,0.3049120653710817,0.0,0.24425781891133702,0.21652360233861498,0.2953044144820684,0.2461090163737252,0.26586003475968756,0.0,0.24772705070196438,0.286870569409166,0.0,0.262007451530366,0.27662435812540387,0.28546081447938476,0.22954445741783713,0.2523136487522081,0.0,0.0,0.0,0.0,0.24371256717274978,0.0,0.0,0.0,0.0,0.0,0.0,0.0,0.2779909713515871,0.0,0.0,0.0,0.0,0.0,0.0,0.0,0.0,0.0,0.0,0.0,0.0,0.0,0.0,0.0,0.0,0.3276824133051767,0.0,0.0,0.0,0.3067692197093528,0.2722176608821471,0.29679272583767474,0.0,0.0
0.2684339805577851,0.26909294922695937,0.30216543673389257,0.17975703664687295,0.30092850583573916,0.2811429550218363,0.2882043757353206,0.30650537030364233,0.29971158016699134,0.2377104899716247,0.31861927528735307,0.2633928719509097,0.2786911973065869,0.2943844663649445,0.30748639657267546,0.25990803539137497,0.2327067100931867,0.2654183915395917,0.3114498014705966,0.27301749722005486,0.28072459755751317,0.27393867887827555,0.30433955505027294,0.2577043102729667,0.26179595337481176,0.2695698676668913,0.3012342496737603,0.27076306693797253,0.2573152391409495,0.24772705070196438,0.0,0.29179562115052593,0.2587407852460038,0.2419108983615761,0.24084278253970656,0.2867323547435116,0.2494098767334139,0.214554632833074,0.3184597234772294,0.27572227253299375,0.29678736987911,0.2806936751426397,0.0,0.0,0.0,0.3200309029107814,0.30060234801805064,0.0,0.0,0.0,0.28553291437107065,0.0,0.30495338764040436,0.0,0.26585292851479025,0.0,0.28803645563823616,0.2192440549094375,0.0,0.32613656978738564,0.2954042682815855,0.2596415859607768,0.28395788744400124,0.0,0.0,0.32164386634997544,0.32384663172689165,0.3331928328063191,0.30399376546179036,0.2875327292423382,0.3080476263609353,0.31434304458616674,0.283698941097654,0.3017861044756424,0.0,0.2639170292179828
0.29973187451363564,0.29427644069345477,0.3177592308417053,0.2058728382015085,0.2625839889455832,0.29693479360886205,0.2556997273028868,0.28011857141958196,0.292910706336234,0.26793123694459,0.28312337706471047,0.16635572042669824,0.2636184192806134,0.11392528127457183,0.3318822198162872,0.3110462565098773,0.30469943710251923,0.3215566297401092,0.3012588198944222,0.3557636863079306,0.3153777511649448,0.35002020314533855,0.3011267060976103,0.2597079913651921,0.29583646251808055,0.3077629598568589,0.3170730515377624,0.26228219712449125,0.31867297223817365,0.286870569409166,0.29179562115052593,0.0,0.24493090141101365,0.22721646918415173,0.24827165107535915,0.16568963072821047,0.22343764322283083,0.18012217352367335,0.22581168062738569,0.2557025199622565,0.2785768756301414,0.23576678986970218,0.2002750713304075,0.2100529377355393,0.18869102770633828,0.32655919391890764,0.32110941548213934,0.3176855692298831,0.0,0.2459660427688934,0.3172149093307118,0.307142281659101,0.31833601557568186,0.3436393685140212,0.22561636477772418,0.2549440933341317,0.20374084109004836,0.2614299228746586,0.0,0.3403184311692649,0.32185202810495567,0.2704253245422951,0.29754433952252374,0.0,0.3313260616521475,0.3356670212724142,0.3448197395704654,0.32572125662122975,0.0,0.30989565563727683,0.3404354873431409,0.3183300043119797,0.2813390069976268,0.3153962411038665,0.31709098966062516,0.32035508357862924
0.24818459189278302,0.2592314955767143,0.0,0.24074734035302,0.22169337994582838,0.28474327454800785,0.23646093174730284,0.3005893719295666,0.0,0.21814464940098663,0.2706471734741744,0.18628675746436843,0.2561228370476212,0.0,0.2824955749848954,0.2617739417049475,0.24691086324606026,0.2561541939159519,0.0,0.29455137349981386,0.2649870137613733,0.3020467005001123,0.23801599655840852,0.192795906963922,0.2354561294787742,0.2538082354188971,0.28566312506947317,0.23628250019930905,0.0,0.0,0.2587407852460038,0.24493090141101365,0.0,0.16989719074447657,0.2033965545591857,0.21235846914708817,0.19927038982580655,0.13336771082568424,0.26453110267629465,0.2120951788003124,0.24009321738532424,0.23696351271602167,0.17074114490984066,0.1995029246141953,0.14078328806289456,0.30075988896512296,0.2938197798674918,0.0,0.0,0.0,0.2933296544369405,0.23341664501275103,0.0,0.0,0.2418296403839699,0.0,0.24324780536084575,0.20896045680908712,0.0,0.3373123921580928,0.2865127790116277,0.26028399370979455,0.25604598367596204,0.0,0.31480370608407754,0.3334160211038198,0.32765558257978533,0.32294689629247114,0.24260741292984214,0.2725265799753243,0.3076570891612145,0.3268532975685025,0.19614399269589503,0.29447036872862087,0.0,0.2645780923878197
0.26401566012068567,0.2567833558658872,0.3004854429703973,0.16376845259612427,0.2824854364400522,0.29484790093197877,0.2733306771412824,0.3152656757842776,0.3007684506450774,0.22606053793950828,0.3056563025751427,0.20191921882617556,0.27993516639436883,0.23084963802687586,0.3289877842900613,0.2763634529599393,0.26490501445983905,0.2786953539831538,0.31201260704688477,0.32741798575780834,0.28405796802123523,0.31526870393025824,0.31555090049369644,0.2375062953022578,0.25573429046748397,0.26974438115836424,0.32104582256995495,0.2567477638867498,0.2928662897486778,0.262007451530366,0.2419108983615761,0.22721646918415173,0.16989719074447657,0.0,0.15855183531180922,0.1788250256894416,0.1604430119274997,0.14648594951692087,0.26260147788357086,0.2264825548600909,0.22035432694569462,0.22314610612084476,0.1874978660901226,0.1895526056269932,0.15711344245061687,0.301242458174474,0.2958039777568061,0.2704714841986444,0.0,0.151519405818356,0.31403662404219324,0.12345889237112335,0.31785138126634843,0.0,0.24050271362685077,0.0,0.24844574549721785,0.0,0.0,0.34188178595424434,0.2922198413185345,0.2535763970771417,0.2753575952167486,0.0,0.33361227459366455,0.33933449365350454,0.33198054019610657,0.33902518181593366,0.2739658118926431,0.28341132488808196,0.317134403151383,0.33057446456153045,0.2092896553083869,0.3218997006220372,0.27766068649352743,0.27471926055706325
0.2833925764558249,0.2768172436081583,0.0,0.18349290892133718,0.26832646581067093,0.3100504239406863,0.29067161691086374,0.31485362642336867,0.29568229361876797,0.17663919834364555,0.2903597466399261,0.13877906329112244,0.2710809152870837,0.0,0.3661563573704834,0.30280133038703194,0.27122408253631575,0.28544222984317585,0.3199463732544513,0.3611488463306725,0.32192082679672207,0.3587609104587613,0.3345589944751779,0.219544147164826,0.26540101886920914,0.2983342260392689,0.3366124551506413,0.21774010567007612,0.32063649554636336,0.27662435812540387,0.24084278253970656,0.24827165107535915,0.2033965545591857,0.15855183531180922,0.0,0.2077043976234149,0.19443756040894744,0.15376563757839126,0.23684092116761335,0.2513079820503609,0.25906507764636094,0.25295648310371416,0.21943274018559486,0.22042031321492,0.18749341700074257,0.34329776382238936,0.32133479031122497,0.0,0.0,0.0,0.0,0.0,0.0,0.0,0.24703957306507796,0.0,0.0,0.0,0.0,0.3721642460772661,0.3003608922132561,0.24389441863075725,0.2769175385874139,0.0,0.34411059304973574,0.38918354533802324,0.36310780017839883,0.3242222921903103,0.0,0.28956397388166527,0.33151711771031905,0.3115212675122045,0.18850306649342685,0.0,0.0,0.2403645183818208
0.0,0.0,0.2572613933597724,0.09699430466879498,0.17113001626202065,0.3172157914194024,0.22257042586233378,0.15370239614367404,0.3043157691176628,0.21360032097180853,0.19270078906159646,0.20139501111441388,0.22349367149840688,0.09880978621978392,0.3863736374654827,0.0,0.0,0.0,0.27470501915511464,0.37989229206137654,0.3594470516566025,0.39250180976212584,0.31992580537009135,0.0,0.0,0.35254900941650186,0.3664428557795977,0.17558168260173623,0.335229176263326,0.28546081447938476,0.2867323547435116,0.16568963072821047,0.21235846914708817,0.1788250256894416,0.2077043976234149,0.0,0.12518488662593577,0.1783158996951564,0.1931055654065602,0.21585757150813623,0.20302032553518864,0.23456733192445317,0.20649607944322632,0.19869157568796608,0.0,0.0,0.0,0.2895929229598904,0.0,0.24276266160359078,0.0,0.22213233295506407,0.0,0.30813868672780925,0.0,0.2494112495751577,0.0,0.0,0.25630647052700495,0.32728835288590014,0.0,0.0,0.0,0.28026916824635034,0.0,0.0,0.3649334644018911,0.32727830642569383,0.0,0.0,0.0,0.3304525528960186,0.17031702956588074,0.0,0.0,0.18679736436898992
0.0,0.0,0.2138565987658313,0.1333035015052857,0.20634286112164427,0.29202416319542934,0.2333212451312705,0.2881729906017483,0.2651101470895994,0.18496652560058868,0.27136214481682563,0.19861145541560712,0.21456694593585748,0.09819522221815923,0.3449314529288926,0.0,0.0,0.0,0.28749900757087626,0.3461087453412919,0.0,0.37086068405824185,0.3105538894333736,0.0,0.0,0.0,0.3142607750131211,0.18466667780767976,0.2838610876093068,0.22954445741783713,0.2494098767334139,0.22343764322283083,0.19927038982580655,0.1604430119274997,0.19443756040894744,0.12518488662593577,0.0,0.19041403581936514,0.19821328075740527,0.22612609669400785,0.21309337609824186,0.21985617024164072,0.1886536297322679,0.18899690236386563,0.0,0.0,0.0,0.0,0.0,0.0,0.0,0.0,0.0,0.0,0.0,0.0,0.0,0.0,0.0,0.0,0.0,0.0,0.0,0.0,0.0,0.0,0.0,0.22136230472288687,0.0,0.0,0.0,0.0,0.0,0.0,0.0,0.0
0.26055426741641813,0.0,0.0,0.14092929119266337,0.22536626139702512,0.0,0.2487272728716454,0.0,0.2228313151814786,0.19572250842833636,0.26963156039669234,0.16024421884353654,0.24347215721878093,0.0,0.0,0.0,0.2226501360713251,0.21061118437431312,0.26320958567881875,0.0,0.0,0.26278077549403334,0.2485606603851241,0.18838599014776472,0.21849975055945886,0.23344120245667074,0.0,0.22735040876527923,0.0,0.2523136487522081,0.214554632833074,0.18012217352367335,0.13336771082568424,0.14648594951692087,0.15376563757839126,0.1783158996951564,0.19041403581936514,0.0,0.20893562723455597,0.13307727338583747,0.1546919055208823,0.19136443805942277,0.2077152188588768,0.22746940401909554,0.13561227513538351,0.0,0.0,0.0,0.0,0.0,0.0,0.0,0.0,0.0,0.18873409847632502,0.0,0.18841733222529392,0.0,0.0,0.0,0.0,0.0,0.0,0.0,0.0,0.0,0.0,0.0,0.1862762374786711,0.0,0.24414427232694827,0.0,0.19377206489050788,0.0,0.0,0.0
