0.0,0.41803116458186423,0.0,0.0,0.0,0.4350861460224847,0.649136055889267,0.4906501398221405,0.0,0.39548630673491647,0.0,0.34794811669595876,0.4960001215325662,0.4914887259707943,0.40418529529022335,0.4145838899258855,0.0,0.3941183339623791,0.0,0.4308150378688524,0.4023516004777403,0.42939780097217933,0.45531905365574327,0.3333963303623839,0.38091878063510953,0.35974739309862597,0.4358049609720727,0.48187737852650897,0.46078545206060645,0.0,0.36345859046386525,0.41850860067365003,0.3530297041289609,0.3715206643233263,0.43682404352829896,0.5199603963369664,0.0,0.4233585010156079,0.4694961924322251,0.440399730694466,0.4424894179804468,0.0,0.0,0.0,0.0,0.34772198362059337,0.48458820809196057,0.0,0.0,0.0,0.5185414739153195,0.0,0.0,0.0,0.0,0.0,0.0,0.0,0.0,0.0,0.46497762867059206,0.0,0.4526000393078018,0.0,0.43068523664838587,0.3484118182162576,0.4800363956986043,0.0,0.308970922593772,0.456570497745055,0.46310129534457545,0.5190007500732011,0.0,0.4535846285056826,0.0,0.4519148036293286
0.41803116458186423,0.0,0.0,0.0,0.4421131785373137,0.40915321070953764,0.43955848717417284,0.454750993880302,0.40875508857312925,0.0,0.0,0.0,0.4370824299532999,0.0,0.4265012854128514,0.39993028076743947,0.41401896863830945,0.38261942093686074,0.0,0.4252757792533558,0.4171468190165873,0.401600362474916,0.4381818992837349,0.0,0.36438712074261365,0.3740516147929669,0.42761634127526904,0.41810421604705483,0.41106250786031684,0.0,0.3501755334572135,0.4035759892514531,0.34842098107822694,0.3608132403866529,0.42728604162667694,0.0,0.0,0.0,0.4783288770687304,0.4798837375069842,0.48785006583605145,0.5071951723962923,0.0,0.0,0.0,0.4502376777564675,0.5077780879965704,0.0,0.0,0.0,0.48030338227379865,0.7536892033939669,0.0,0.0,0.0,0.0,0.0,0.0,0.0,0.4931390856075351,0.47191977251892997,0.0,0.4484138990578311,0.0,0.4776774571484971,0.4715825489150729,0.5052683313417896,0.4955402194477781,0.0,0.46507186175369436,0.494212811198503,0.48511672862871247,0.681321588894991,0.46565812113790284,0.0,0.44382255165251616
0.0,0.0,0.0,0.45358489044750666,0.38297650295737545,0.4044518735574191,0.44879007660108433,0.4439343195618706,0.3009744725544591,0.5031851753289386,0.33399243109068644,0.552694019439327,0.4647006349295331,0.41033459486060747,0.0,0.0,0.0,0.5686500811328628,0.26054332160118254,0.5445425186040425,0.0,0.0,0.3348568699607512,0.6183410604832643,0.0,0.5830961830111208,0.33796646842964667,0.46809221243309507,0.47158065194812776,0.0,0.4815614164716608,0.4439382897524587,0.5029016341871104,0.47351041721251813,0.46318755236391895,0.42541811453250555,0.4667425527287374,0.5619628072236966,0.5361142484958024,0.0,0.5021784614101019,0.0,0.4972013999508202,0.0,0.0,0.0,0.0,0.5073654071078998,0.0,0.5406395226130175,0.5678425866116081,0.5744983974273964,0.5430352848489818,0.551945603610054,0.0,0.48506941899235384,0.0,0.5754097733237181,0.4986504248161678,0.0,0.0,0.0,0.0,0.48116812392538966,0.0,0.0,0.0,0.5575980521362599,0.0,0.0,0.0,0.5628061988314985,0.590240101580209,0.0,0.0,0.0
0.0,0.0,0.45358489044750666,0.0,0.2712542392095694,0.43375690779043025,0.3044441047495375,0.38874057434845893,0.4149637942280841,0.2654505027986524,0.36325280013613137,0.2835412855284029,0.3358839898589436,0.3142935738989803,0.0,0.0,0.0,0.0,0.39731328266748267,0.42368336767127035,0.0,0.40862060278615414,0.4025248900819217,0.2466448123463745,0.0,0.0,0.43335311872776433,0.2822095326161846,0.4332690344307185,0.0,0.4036856203346094,0.3129138792100248,0.249903924404159,0.32705485996442313,0.3006793889476424,0.2609684675692979,0.19637718067244414,0.28268074597574194,0.27836778896277986,0.0,0.0,0.25277061763319386,0.0,0.0,0.0,0.0,0.0,0.0,0.0,0.0,0.0,0.0,0.0,0.0,0.0,0.0,0.27137857845070756,0.0,0.0,0.0,0.0,0.0,0.0,0.0,0.0,0.0,0.0,0.0,0.0,0.0,0.0,0.8286832393090715,0.0,0.0,0.0,0.0
0.0,0.4421131785373137,0.38297650295737545,0.2712542392095694,0.0,0.39997026825044724,0.31222173631835054,0.4089338733576106,0.34995870382148003,0.44249689202517534,0.33140720670503504,0.38791332442858123,0.401589186377929,0.3203161108216261,0.0,0.4672106434991201,0.0,0.48449858299077975,0.36005482380055964,0.4237408490496978,0.0,0.4473077129393522,0.4203739514231399,0.0,0.4291379205245824,0.4534801568793152,0.40749709285594615,0.3495073559256931,0.4471136196881476,0.0,0.4907722545018423,0.40493328400419676,0.43061127225378826,0.47401604414918236,0.4411770916765831,0.272300904862613,0.22198710065252242,0.44681757601675065,0.5650839754663276,0.2835645088892082,0.502802854559217,0.0,0.4628261987536106,0.0,0.0,0.0,0.0,0.5506133106836012,0.0,0.5572282307863335,0.5677620323547978,0.6516575083111913,0.5204949989222901,0.5833846753182288,0.0,0.5077486517357974,0.0,0.7259622739472971,0.5028272701889218,0.0,0.0,0.0,0.0,0.5294211888301602,0.487633600693729,0.0,0.0,0.5341754244886179,0.0,0.0,0.0,0.5582421099105853,0.6773836777307687,0.0,0.0,0.0
0.4350861460224847,0.40915321070953764,0.4044518735574191,0.43375690779043025,0.39997026825044724,0.0,0.4207204532129792,0.43236797480761086,0.34963870018410514,0.45688552613198136,0.4172896318726821,0.48115957220941274,0.3786437109141005,0.4365836132372185,0.43283773067995757,0.4310216119188115,0.5860150081059096,0.41074268632125055,0.43715480636521314,0.4126738442358718,0.4228749738495342,0.4185966990677182,0.40644820750908245,0.52595451607643,0.39107447564834535,0.4050394900129994,0.38520059414363517,0.4049735081681922,0.3639603899551548,0.4222809694643488,0.4285471058197088,0.43453432181412827,0.40552550542635757,0.4433502835755469,0.44393909829318506,0.43945105056257083,0.4462065109133015,0.47907365100354843,0.5029827002724647,0.0,0.5069479691375166,0.0,0.5057520376105613,0.795793252207765,0.0,0.0,0.5267566314693489,0.5652012838420165,0.0,0.5876755065208698,0.5468386907737205,0.5501853613190885,0.5092836118291654,0.5725442450894825,0.0,0.5562846393323669,0.46266096989950733,0.5344533829778627,0.0,0.5100344128107854,0.6292400656700884,0.0,0.8341318583499857,0.5557448790378424,0.5003958326268467,0.0,0.5001525716765278,0.5302283752428208,0.0,0.6116803013913586,0.49772745757793135,0.5408023644793076,0.521182205635051,0.5070311483933926,0.0,0.542971650944952
0.649136055889267,0.43955848717417284,0.44879007660108433,0.3044441047495375,0.31222173631835054,0.4207204532129792,0.0,0.4698390338327815,0.4177546413088376,0.39698801197732014,0.4512574780596882,0.37625591495849114,0.35292102811575077,0.35582223214689207,0.0,0.4605646577130849,0.4441304415049556,0.4459007775869921,0.45963471984725596,0.4482485027735237,0.4883283070701131,0.45926512019550564,0.43986230065120907,0.34162369343781596,0.42102051253042305,0.43296001799841494,0.4407271486478944,0.38900347084678477,0.44780531978122584,0.4347065676954034,0.4333901494569381,0.39750477213875873,0.3725016471669177,0.38743799545984536,0.3317043931264257,0.3107989802241851,0.2856286368324649,0.3502535205842202,0.5473441033714083,0.30715593600216984,0.5606280363241385,0.5045184429858875,0.5415997569511579,0.0,0.0,0.0,0.6606333142709692,0.6001137314470785,0.0,0.721608138163426,0.5606267496032673,0.6651729986814393,0.5554447116958873,0.6318261330627958,0.0,0.6112592654662127,0.35234762216102,0.6773428496643947,0.6278534048885119,0.8093719906730739,0.0,0.0,0.0,0.6378680788090837,0.6943356020235302,0.0,0.6951064953681697,0.5318270747274751,0.0,0.8278050203859308,0.6643217698532842,0.5391784895429615,0.6550645915500961,0.6070315545669839,0.0,0.7432410993625974
0.4906501398221405,0.454750993880302,0.4439343195618706,0.38874057434845893,0.4089338733576106,0.43236797480761086,0.4698390338327815,0.0,0.46962440387782606,0.5136143146758482,0.32248662298660447,0.5408679121101493,0.4623162165195807,0.32472055132514194,0.38355324190791873,0.48124994204894095,0.0,0.47963890973034823,0.38598091173600646,0.4266198852717087,0.38490602928306844,0.438244054094613,0.348322420549096,0.48572354229657533,0.4649221282235837,0.4711216038853065,0.46040966086163265,0.4428705232887873,0.39953630022691927,0.4477096535409704,0.4661524008710067,0.3902588578975729,0.0,0.4775269478436505,0.4469160901984667,0.31996580466373603,0.3475309404208049,0.7215227195340466,0.5234534593034947,0.0,0.5103489823363394,0.0,0.40027090205834925,0.0,0.0,0.0,0.0,0.5306126519257252,0.0,0.49051671473816955,0.5059534210896101,0.5183531366070933,0.3915672880157884,0.5553843080010162,0.0,0.48960097124845864,0.0,0.504912481867145,0.4484304161930379,0.5116184576388482,0.0,0.0,0.0,0.4930468000012131,0.4957495206875589,0.3945418774610115,0.0,0.4774756239297189,0.0,0.0,0.0,0.5152228347608915,0.4985597594610534,0.4838672643272332,0.0,0.5272306459675826
0.0,0.40875508857312925,0.3009744725544591,0.4149637942280841,0.34995870382148003,0.34963870018410514,0.4177546413088376,0.46962440387782606,0.0,0.4749327514877333,0.3161207689665166,0.4800635633407838,0.41654301532870336,0.4041803454642742,0.0,0.4463664462298849,0.6191707320257203,0.5813134141599732,0.24256063823009197,0.4212815385676752,0.0,0.4184349053059065,0.4172442585882097,0.5058713962013232,0.4630829770805069,0.4844675798618316,0.3742909867717038,0.478362680040304,0.4095868052357158,0.4789483234838951,0.5113162636031409,0.46006606014579104,0.44416898767384655,0.4858178115256204,0.46814966392464424,0.41869216855750874,0.44867064414359437,0.462759155202084,0.5269824049017369,0.0,0.605012378399965,0.7516564682657401,0.502350149567061,0.7923650151952772,0.0,0.0,0.0,0.5639082644192049,0.0,0.5824057376262102,0.577618259289579,0.5940632533325136,0.5942133294251994,0.5775374450633963,0.0,0.5354208463931814,0.45817803769972865,0.6125328502568534,0.48681244736430546,0.0,0.0,0.0,0.0,0.5490620335818776,0.636448009277336,0.0,0.0,0.5733670263032079,0.0,0.0,0.0,0.5890227218407695,0.6111721108344782,0.5840015204125653,0.0,0.673498802749351
0.39548630673491647,0.0,0.5031851753289386,0.2654505027986524,0.44249689202517534,0.45688552613198136,0.39698801197732014,0.5136143146758482,0.4749327514877333,0.0,0.46738060396826636,0.2931733130356338,0.4010896720409983,0.0,0.0,0.4112751420927016,0.3370661594840587,0.34549996412451345,0.4807093448993249,0.4560377623197762,0.0,0.4273916723960906,0.47190546246955756,0.3332026780878525,0.3244742204431849,0.31076250575574504,0.47045673402498567,0.391941998594241,0.0,0.0,0.33829492951290857,0.36449658536746593,0.3271923150814389,0.36984140152878325,0.3692896090085654,0.3348291472439413,0.2018232550718122,0.3399516919161976,0.37767443199559914,0.39978114585758917,0.43531498376316985,0.0,0.0,0.0,0.43515788115512694,0.0,0.0,0.0,0.0,0.0,0.0,0.0,0.0,0.0,0.46728285209251974,0.0,0.45502856108267414,0.0,0.0,0.0,0.0,0.46885025540497405,0.4649260721094365,0.0,0.0,0.0,0.0,0.0,0.4262877459900537,0.4677366067552509,0.4669079397234928,0.0,0.43292478013072827,0.0,0.0,0.44734726889120746
0.0,0.0,0.33399243109068644,0.36325280013613137,0.33140720670503504,0.4172896318726821,0.4512574780596882,0.32248662298660447,0.3161207689665166,0.46738060396826636,0.0,0.47218498664557784,0.4740717065988015,0.3065892955808547,0.0,0.0,0.0,0.6024045417626904,0.2600307579672689,0.0,0.0,0.0,0.334221421957922,0.4685122998594733,0.5471658164368138,0.6174371426647516,0.3848728666012997,0.46814515676816315,0.0,0.0,0.4980191891670212,0.42094703827857366,0.4596465551901723,0.47274196330761514,0.46583736398947195,0.34526609313066997,0.43679870090156436,0.4581822968517838,0.5171506576212015,0.0,0.5707825595182121,0.0,0.47657998494961323,0.0,0.0,0.0,0.0,0.5006791589769901,0.0,0.4687492266422717,0.5678231498671611,0.545132495944835,0.5043773527669024,0.5045709201561119,0.0,0.30537338234948846,0.0,0.5592056465881731,0.4943337578260252,0.0,0.0,0.0,0.0,0.30050707110503727,0.3853393080770019,0.0,0.0,0.5349857587001218,0.0,0.0,0.0,0.5519743274693781,0.5658138994803823,0.45428112302028867,0.0,0.6732025060682093
0.34794811669595876,0.0,0.552694019439327,0.2835412855284029,0.38791332442858123,0.48115957220941274,0.37625591495849114,0.5408679121101493,0.4800635633407838,0.2931733130356338,0.47218498664557784,0.0,0.3848789406682391,0.46406303575000335,0.0,0.0,0.3620385764240914,0.377731609570283,0.5164955799078815,0.5963165161796088,0.506647932531456,0.5577503693368618,0.5106262473636507,0.2843327687857096,0.3323671880294937,0.30284085467583644,0.5034149279086536,0.3659834250389355,0.0,0.0,0.35814764566355567,0.302830416709061,0.32507935119700504,0.28906502638920994,0.32156891821451744,0.3225275868599808,0.2773777960989853,0.2920925512146642,0.26769994337338804,0.4035902332593235,0.34798793304298264,0.0,0.0,0.0,0.4041307557028111,0.4741522988617283,0.0,0.0,0.0,0.0,0.0,0.44739419746824166,0.0,0.0,0.4642062621295953,0.0,0.44214536970686735,0.4790630188343126,0.0,0.0,0.5722100354976568,0.46812877365467104,0.4625767725854494,0.0,0.0,0.0,0.0,0.5970478126161357,0.4196062191721218,0.4590781488389226,0.459733202362237,0.4999605813753397,0.3679898267887543,0.0,0.0,0.44389811262143414
0.4960001215325662,0.4370824299532999,0.4647006349295331,0.3358839898589436,0.401589186377929,0.3786437109141005,0.35292102811575077,0.4623162165195807,0.41654301532870336,0.4010896720409983,0.4740717065988015,0.3848789406682391,0.0,0.3786457101656015,0.44442577220758006,0.46227385192156956,0.42627339095809824,0.4389806711592505,0.4752605598291242,0.42795355472712104,0.4590448146043746,0.4492417309755544,0.4492102530009735,0.3910834360402934,0.415709305845308,0.424280396187538,0.45628306941211344,0.33260486431492564,0.39512767452205405,0.39691421617774564,0.41102450225225545,0.4104534653945394,0.3761154370664757,0.3960588227775404,0.37663534233696655,0.34974918073802974,0.3260591056990613,0.3685551239360578,0.45383679692101864,0.37047531667263717,0.49256158859740357,0.48791755460388386,0.5426538877765568,0.6594026362356845,0.3063192338462086,0.0,0.6511197718399102,0.5910894689338853,0.0,0.8489341026004926,0.5414466106816409,0.6389786231753208,0.5119650683877106,0.6398038419752331,0.0,0.5826137609277571,0.3747172582994485,0.6193942623983172,0.0,0.6216671361804332,0.7621596281403121,0.0,0.0,0.6334887060988432,0.5560618214306015,0.5992104329425288,0.6110368456508961,0.5291685446883352,0.28818781450588604,0.5914190274367932,0.5617776156525544,0.5271356027980402,0.5807170447809953,0.5332390389762138,0.6867948718854654,0.6221667104995341
0.4914887259707943,0.0,0.41033459486060747,0.3142935738989803,0.3203161108216261,0.4365836132372185,0.35582223214689207,0.32472055132514194,0.4041803454642742,0.0,0.3065892955808547,0.46406303575000335,0.3786457101656015,0.0,0.0,0.0,0.0,0.0,0.35241440357081116,0.0,0.4383733650509955,0.0,0.39188833338115014,0.0,0.0,0.5177666341572508,0.4422662170226414,0.3212933531503816,0.0,0.0,0.44209073850600006,0.28798426560786394,0.0,0.43016218400465595,0.0,0.28565626220474133,0.2313356289482986,0.0,0.4055424177527969,0.0,0.0,0.28145510240658567,0.4294157779369612,0.0,0.0,0.0,0.0,0.5370675212248667,0.0,0.47348613128364303,0.6374558407090428,0.5695548263450616,0.45906223369552923,0.5248739444934812,0.0,0.47608578207785146,0.0,0.0,0.40901457459980395,0.0,0.0,0.0,0.0,0.5270552165144706,0.0,0.0,0.0,0.5091179452109665,0.0,0.0,0.0,0.5781731722122156,0.0,0.0,0.0,0.31272021908658504
0.40418529529022335,0.4265012854128514,0.0,0.0,0.0,0.43283773067995757,0.0,0.38355324190791873,0.0,0.0,0.0,0.0,0.44442577220758006,0.0,0.0,0.45776072188317957,0.0,0.4158546695412372,0.0,0.36366699838119837,0.3934868913851195,0.32881297783543256,0.33201954719015664,0.4616483850148815,0.42785795684320815,0.371166509686323,0.39904961766215113,0.43263772665301825,0.42329404964223966,0.4293889864248531,0.4330348463519495,0.4383340148826285,0.4207155375080948,0.44509462336937383,0.47635326773610337,0.4593053962303019,0.0,0.0,0.47090268684831443,0.4434981202206195,0.48128322836337534,0.5177318545309462,0.5340570535601438,0.0,0.0,0.0,0.5115531937000868,0.0,0.0,0.0,0.5139473174920387,0.0,0.4818494324656806,0.0,0.0,0.0,0.6897482746477385,0.5929055564652882,0.35091087973103335,0.43373825452635656,0.5055970662498008,0.0,0.7136590812433351,0.0,0.4544356902434317,0.4705016337668965,0.48262519528768894,0.502520542532129,0.0,0.5201266268169746,0.5001172813907452,0.5202560915311916,0.5304303290302521,0.4976552241733674,0.544487764376473,0.48197080876505854
0.4145838899258855,0.39993028076743947,0.0,0.0,0.4672106434991201,0.4310216119188115,0.4605646577130849,0.48124994204894095,0.4463664462298849,0.4112751420927016,0.0,0.0,0.46227385192156956,0.0,0.45776072188317957,0.0,0.3885419979220299,0.3678803920310187,0.0,0.4260911115592068,0.43903361703617455,0.3851013396006062,0.4731263584781788,0.3939464459478616,0.3818677133105312,0.422752015970216,0.4442456893773333,0.44673243546455554,0.4373979339271247,0.4160454567641274,0.35029428435705207,0.43856348911558984,0.3924874582584557,0.3969705015595106,0.4707789438751495,0.0,0.0,0.0,0.5085217023142378,0.4778750871669648,0.4647095825623532,0.502086212304457,0.0,0.0,0.0,0.4623731634060967,0.4902818948686034,0.0,0.0,0.0,0.6102051318813514,0.0,0.0,0.0,0.0,0.0,0.0,0.0,0.0,0.4954639296408582,0.47147326717792704,0.0,0.47820504876030884,0.0,0.5065081887334538,0.0,0.47751362134266695,0.6055859013790793,0.44828210758995074,0.46903933906582,0.4824928919783792,0.5558375529315288,0.8535123846754848,0.519403154866006,0.0,0.4475395792961785
0.0,0.41401896863830945,0.0,0.0,0.0,0.5860150081059096,0.4441304415049556,0.0,0.6191707320257203,0.3370661594840587,0.0,0.3620385764240914,0.42627339095809824,0.0,0.0,0.3885419979220299,0.0,0.3369240031782925,0.6332654124459043,0.3881395545115251,0.0,0.3913530493693695,0.6403231485995337,0.370628385721218,0.3420136069662341,0.37591188727130515,0.0,0.40408696109023307,0.0,0.0,0.35320486276986157,0.4096532234055913,0.3351612841251935,0.3856717645569144,0.3992172691899079,0.0,0.0,0.3669754168959172,0.4244143131722013,0.44167346885708975,0.4632744557669012,0.0,0.0,0.0,0.6256065828951145,0.0,0.0,0.0,0.0,0.0,0.0,0.0,0.0,0.0,0.4781273626050521,0.0,0.46472713699851964,0.0,0.0,0.0,0.5384063064568385,0.4822255205456515,0.47473653899902013,0.0,0.0,0.0,0.0,0.0,0.47126761105378817,0.5038215279321779,0.4841640950035111,0.0,0.0,0.0,0.0,0.4981020682714188
0.3941183339623791,0.38261942093686074,0.5686500811328628,0.0,0.48449858299077975,0.41074268632125055,0.4459007775869921,0.47963890973034823,0.5813134141599732,0.34549996412451345,0.6024045417626904,0.377731609570283,0.4389806711592505,0.0,0.4158546695412372,0.3678803920310187,0.3369240031782925,0.0,0.6272862353857285,0.40182912086143713,0.40917440441953795,0.39836721655282925,0.43874626900237323,0.36270813433221705,0.35028827555230774,0.3774466379272016,0.4242348516636043,0.4176826517626233,0.4238071516191355,0.46116522752364547,0.360933213615773,0.42200907358841144,0.3553701442124888,0.38844249151768384,0.4143108543313936,0.0,0.0,0.39865482625082116,0.5161548696636631,0.46258154689725406,0.5081933784085275,0.4915666035791955,0.0,0.0,0.0,0.42907199119904965,0.4709780112400811,0.0,0.0,0.0,0.0,0.0,0.0,0.0,0.46890407131226175,0.0,0.45725165950030655,0.0,0.0,0.5452482609792279,0.45954417862817204,0.5021786057295218,0.46812003577527356,0.0,0.6376097759584975,0.0,0.4630135290308844,0.0,0.4463552205497617,0.4698351582652444,0.4725809037664927,0.7171719727617645,0.0,0.6115178565551529,0.0,0.46598422959427516
0.0,0.0,0.26054332160118254,0.39731328266748267,0.36005482380055964,0.43715480636521314,0.45963471984725596,0.38598091173600646,0.24256063823009197,0.4807093448993249,0.2600307579672689,0.5164955799078815,0.4752605598291242,0.35241440357081116,0.0,0.0,0.6332654124459043,0.6272862353857285,0.0,0.0,0.0,0.0,0.3346118089381273,0.0,0.0,0.6837470846288138,0.35392531247856784,0.47672881226257924,0.0,0.0,0.4812494730183748,0.44480906352621413,0.4927272992677664,0.4644428894218821,0.44581806394871226,0.3952164963917067,0.47875534578402884,0.4782819163918882,0.5253415085038957,0.0,0.637899997409512,0.0,0.49530036873913796,0.0,0.0,0.0,0.0,0.5071484589026806,0.0,0.5171221420821518,0.5576785512383797,0.5801849379724238,0.523142688129164,0.5497085190870293,0.0,0.3002907762918984,0.5968502508908063,0.6307746928472195,0.49895810776574695,0.0,0.0,0.0,0.0,0.5088259333174731,0.0,0.0,0.0,0.5481450184219789,0.0,0.0,0.0,0.5667709498049479,0.6741474428962848,0.5427146916531805,0.0,0.0
0.4308150378688524,0.4252757792533558,0.5445425186040425,0.42368336767127035,0.4237408490496978,0.4126738442358718,0.4482485027735237,0.4266198852717087,0.4212815385676752,0.4560377623197762,0.0,0.5963165161796088,0.42795355472712104,0.0,0.36366699838119837,0.4260911115592068,0.3881395545115251,0.40182912086143713,0.0,0.0,0.43434214039267743,0.36431599015561583,0.3199441377743351,0.5773842046483453,0.3972516532242223,0.428313033401248,0.3985588691598112,0.3604914270751917,0.3377989365602513,0.33737804189148657,0.401013769685254,0.4366325892408704,0.3885680413488278,0.44313980903435685,0.46628720511296284,0.4960734365938391,0.4456329161909119,0.0,0.5090282212154864,0.4901263535166407,0.5094316773276342,0.5133508157545988,0.628572773484916,0.9921040560951885,0.3327562481315272,0.0,0.4835536375506263,0.0,0.0,0.3403590380920865,0.5143759253425527,0.7536445524286489,0.5234412700826298,0.0,0.0,0.0,0.42881142127871247,0.5848957948484653,0.3533828602974563,0.4927176813961694,0.5678250596702725,0.0,0.6934148206475478,0.0,0.5014254438115102,0.4818757107902063,0.4868134870311697,0.5141494607749287,0.0,0.5685949098778906,0.4827947751426393,0.5349215992647934,0.522881913339429,0.4984828662051902,0.6127169515707104,0.5086329273058678
0.4023516004777403,0.4171468190165873,0.0,0.0,0.0,0.4228749738495342,0.4883283070701131,0.38490602928306844,0.0,0.0,0.0,0.506647932531456,0.4590448146043746,0.4383733650509955,0.3934868913851195,0.43903361703617455,0.0,0.40917440441953795,0.0,0.43434214039267743,0.0,0.4315932529039402,0.3916112095755535,0.43198889230177373,0.4027532646392348,0.4031290682381257,0.4153158032905423,0.43883147880454465,0.41445117503657875,0.4593126852279721,0.37909285948406557,0.42651164390360846,0.3795129421827147,0.4099127655256252,0.47121514890714955,0.4533720079215371,0.5308099664881982,0.5660109743023942,0.4937625413768161,0.4703522363245917,0.4958930663068542,0.5271880503313352,0.0,0.0,0.0,0.341843085967052,0.49650629153743553,0.0,0.0,0.0,0.0,0.0,0.45316452938651014,0.0,0.0,0.0,0.0,0.5241363655577289,0.0,0.4686889457581745,0.4797112271707998,0.0,0.554909023497673,0.0,0.4723562653109481,0.40328666249517126,0.4937437670726773,0.4689413339870752,0.0,0.485055752662873,0.5064747166665441,0.49891981596041424,0.4956212054358417,0.48449965274569,0.5177054409116204,0.5035318492954807
0.42939780097217933,0.401600362474916,0.0,0.40862060278615414,0.4473077129393522,0.4185966990677182,0.45926512019550564,0.438244054094613,0.4184349053059065,0.4273916723960906,0.0,0.5577503693368618,0.4492417309755544,0.0,0.32881297783543256,0.3851013396006062,0.3913530493693695,0.39836721655282925,0.0,0.36431599015561583,0.4315932529039402,0.0,0.3889358253652695,0.4372042537561826,0.39269680537526924,0.40929736728266264,0.4326358623807596,0.40868855102969687,0.386346343780206,0.37040830075024794,0.3906066560145678,0.4412039550007137,0.39891568442755254,0.4320456804656046,0.47504776745325167,0.5034513220177859,0.4559213028180466,0.0,0.49236582232506887,0.4998641625919893,0.488239317086584,0.5110441607608261,0.580179207718118,0.0,0.0,0.45452742787087347,0.4898226986168382,0.0,0.0,0.0,0.4706639324025302,0.0,0.5060501499674371,0.0,0.0,0.0,0.6046941964513637,0.6684886015392173,0.0,0.5119980920881492,0.468695211456095,0.0,0.48986755203243354,0.0,0.48777323337335776,0.4814422747099378,0.49874825567156184,0.49519869308309855,0.0,0.4580518139473594,0.5116467466590524,0.4953701330586344,0.5665874293541734,0.4850502262981983,0.5353607640526704,0.4688373034416218
0.45531905365574327,0.4381818992837349,0.3348568699607512,0.4025248900819217,0.4203739514231399,0.40644820750908245,0.43986230065120907,0.348322420549096,0.4172442585882097,0.47190546246955756,0.334221421957922,0.5106262473636507,0.4492102530009735,0.39188833338115014,0.33201954719015664,0.4731263584781788,0.6403231485995337,0.43874626900237323,0.3346118089381273,0.3199441377743351,0.3916112095755535,0.3889358253652695,0.0,0.469797681355889,0.43402717502561294,0.4505654585060416,0.3674417334292066,0.4387082486432012,0.4086082574338203,0.43105106637297164,0.44388219230006537,0.4245223654878648,0.41567303660898813,0.45835984287607906,0.45541660957515234,0.41623090066741303,0.4298916346823746,0.529713933313748,0.5160946822194714,0.388189839329299,0.5471271164230169,0.45941596373511595,0.5257727649097615,0.576122683696254,0.5192755659481967,0.0,0.5007871437089526,0.5493755217453923,0.5962297497441224,0.5389024037760071,0.5403557920532901,0.5364912874864908,0.4914903463720167,0.5601471229520459,0.0,0.5184927001801257,0.5418014782303777,0.527750484962314,0.5150880876610577,0.5031479408721121,0.5894815505612263,0.0,0.0,0.5228912586894243,0.5154632337148062,0.4692984040193403,0.4922110020712739,0.5176031197974356,0.0,0.6008227939578353,0.48421058912808046,0.5341962629900965,0.5223517331952305,0.5126851182418123,0.5296906533846546,0.5363538195506312
0.3333963303623839,0.0,0.6183410604832643,0.2466448123463745,0.0,0.52595451607643,0.34162369343781596,0.48572354229657533,0.5058713962013232,0.3332026780878525,0.4685122998594733,0.2843327687857096,0.3910834360402934,0.0,0.4616483850148815,0.3939464459478616,0.370628385721218,0.36270813433221705,0.0,0.5773842046483453,0.43198889230177373,0.4372042537561826,0.469797681355889,0.0,0.34239089240694676,0.3164371881764665,0.4756773546627781,0.37062025200879484,0.5724053988693126,0.0,0.36164410985786904,0.36845414854060715,0.27849623413368285,0.3076425493918456,0.35050347388179076,0.29573243742122685,0.2773376597667601,0.2791552363786214,0.30956754752701116,0.4096742268105319,0.4247666126256314,0.41412251507189207,0.0,0.0,0.4202882168098823,0.33672233888029884,0.44704862024328945,0.0,0.0,0.0,0.0,0.0,0.0,0.0,0.4503609399632858,0.0,0.43466389149421925,0.0,0.0,0.0,0.4756993083052997,0.4681619391979737,0.46364239807584173,0.0,0.0,0.0,0.0,0.0,0.3718037046514125,0.45665713110065903,0.45215138330450866,0.0,0.0,0.0,0.0,0.4382425715455758
0.38091878063510953,0.36438712074261365,0.0,0.0,0.4291379205245824,0.39107447564834535,0.42102051253042305,0.4649221282235837,0.4630829770805069,0.3244742204431849,0.5471658164368138,0.3323671880294937,0.415709305845308,0.0,0.42785795684320815,0.3818677133105312,0.3420136069662341,0.35028827555230774,0.0,0.3972516532242223,0.4027532646392348,0.39269680537526924,0.43402717502561294,0.34239089240694676,0.0,0.3412110307005872,0.4066504183238736,0.403713969627021,0.3942973787709034,0.0,0.36322540779123486,0.39868891693490993,0.3287126440726382,0.3679499007436537,0.39946902896522885,0.0,0.0,0.36294783527540975,0.49425765173916825,0.44851104937162534,0.48948048673141187,0.5077337871469313,0.0,0.0,0.421818772785109,0.42618053895511726,0.48707999679333636,0.0,0.0,0.0,0.6142769532845891,0.0,0.0,0.0,0.4657929656476125,0.0,0.4583874050735988,0.5570182849992747,0.0,0.4816934581789298,0.4642611141721555,0.47237733985533126,0.4628004674398691,0.0,0.4811738761462533,0.4617779655311221,0.45832571813774214,0.543359373636799,0.43884830160528177,0.4659989561763184,0.47018697811148413,0.5852947847290013,0.5116342102694844,0.47866554319070603,0.0,0.44722029235715727
0.35974739309862597,0.3740516147929669,0.5830961830111208,0.0,0.4534801568793152,0.4050394900129994,0.43296001799841494,0.4711216038853065,0.4844675798618316,0.31076250575574504,0.6174371426647516,0.30284085467583644,0.424280396187538,0.5177666341572508,0.371166509686323,0.422752015970216,0.37591188727130515,0.3774466379272016,0.6837470846288138,0.428313033401248,0.4031290682381257,0.40929736728266264,0.4505654585060416,0.3164371881764665,0.3412110307005872,0.0,0.45079884363595163,0.4055478075982153,0.3951813432685307,0.5364196545199839,0.37331386027735647,0.4256057344747041,0.36368591513834025,0.39145807207488026,0.44851989800731024,0.454125472516217,0.0,0.3384346714363296,0.476273307157148,0.4471192379140272,0.46888439328270787,0.4952466205634121,0.7040690149679597,0.0,0.39404718565776586,0.43694685399128846,0.5118619316663665,0.0,0.0,0.0,0.4880216026573745,0.7455105518649153,0.0,0.0,0.4637509444614891,0.0,0.4557931236774318,0.0,0.0,0.5146498490514847,0.4781938885975411,0.4740221960853627,0.46711309500794074,0.0,0.4859924875124731,0.4906320907117621,0.50224568790949,0.4830903178124637,0.4316433708275015,0.46704129363809654,0.4800301710322784,0.4876749950106699,0.4884198052674222,0.46991931447879853,0.0,0.45396499723300404
0.4358049609720727,0.42761634127526904,0.33796646842964667,0.43335311872776433,0.40749709285594615,0.38520059414363517,0.4407271486478944,0.46040966086163265,0.3742909867717038,0.47045673402498567,0.3848728666012997,0.5034149279086536,0.45628306941211344,0.4422662170226414,0.39904961766215113,0.4442456893773333,0.0,0.4242348516636043,0.35392531247856784,0.3985588691598112,0.4153158032905423,0.4326358623807596,0.3674417334292066,0.4756773546627781,0.4066504183238736,0.45079884363595163,0.0,0.4467461280516164,0.3959347883772625,0.41770149804497414,0.4298059195049537,0.4372485936354222,0.41466787310601383,0.4564862880659707,0.4576591584062556,0.4567707342615798,0.43998350201557235,0.49497428560901174,0.5082760504376952,0.4044282770026033,0.512500782049587,0.4579490675100904,0.5191443697950276,0.6475652435704852,0.4735183102929938,0.0,0.5279971724520686,0.5671017406110486,0.0,0.5732852441005576,0.5529852689980308,0.5452976041300912,0.528227531698467,0.5753799365402972,0.9736175737646579,0.5523357056006702,0.5229674665206605,0.5264725487298828,0.5342113950240159,0.5097799716357103,0.6808308635401752,0.0,0.0,0.5623480002170945,0.5146400096089979,0.4885307606670966,0.49673298175124825,0.5340676629858087,0.0,0.7019762604271202,0.49689635094539814,0.5426144530971981,0.5176227977793104,0.5103424454462597,0.5414691218351922,0.5367606927465698
0.48187737852650897,0.41810421604705483,0.46809221243309507,0.2822095326161846,0.3495073559256931,0.4049735081681922,0.38900347084678477,0.4428705232887873,0.478362680040304,0.391941998594241,0.46814515676816315,0.3659834250389355,0.33260486431492564,0.3212933531503816,0.43263772665301825,0.44673243546455554,0.40408696109023307,0.4176826517626233,0.47672881226257924,0.3604914270751917,0.43883147880454465,0.40868855102969687,0.4387082486432012,0.37062025200879484,0.403713969627021,0.4055478075982153,0.4467461280516164,0.0,0.3248199687847484,0.3184827440493925,0.3688429293232847,0.39822580641569205,0.3420475900366946,0.3785305986175651,0.3568838164762202,0.2724076594062301,0.2493439132514033,0.3450851428112032,0.4283819253961296,0.3161915363590526,0.4360234404581053,0.4069120156464693,0.49022424614525845,0.5817631487598716,0.2875884300648205,0.0,0.7019867082439136,0.618331968271471,0.0,0.9948234338416788,0.5147952958359373,0.6353058173940545,0.49277422856763214,0.6597746943347951,0.0,0.6857923105273945,0.363234375073018,0.5700580208384369,0.0,0.525945469453686,0.0,0.0,0.9451168334474986,0.8211563145583722,0.5152383044991917,0.48964469311361586,0.5415986236700722,0.5215223237980747,0.0,0.5589229743193385,0.5093450410390351,0.5252468222058542,0.5249976238992519,0.501723908226768,0.6170171403454361,0.5372106477292509
0.46078545206060645,0.41106250786031684,0.47158065194812776,0.4332690344307185,0.4471136196881476,0.3639603899551548,0.44780531978122584,0.39953630022691927,0.4095868052357158,0.0,0.0,0.0,0.39512767452205405,0.0,0.42329404964223966,0.4373979339271247,0.0,0.4238071516191355,0.0,0.3377989365602513,0.41445117503657875,0.386346343780206,0.4086082574338203,0.5724053988693126,0.3942973787709034,0.3951813432685307,0.3959347883772625,0.3248199687847484,0.0,0.36765931378336886,0.3738257966996134,0.4033472432512414,0.33979650846458004,0.42851622593231875,0.4441596330723859,0.4594727731450211,0.4365953346769518,0.0,0.5056888132905741,0.4426584603731648,0.47897944820611993,0.4848515465291749,0.5422623566975759,0.6872838835109201,0.34639020772533335,0.0,0.49939320094676193,0.5836581517470464,0.0,0.7155816773654677,0.5101617503610738,0.5998330156423383,0.4979452795284762,0.6486752297070502,0.0,0.5411363718674269,0.3980823166347335,0.533187488645471,0.0,0.4944860873775241,0.6132294042530081,0.0,0.6869043639784085,0.5555221552182175,0.4970539091804498,0.46860904569417705,0.4789781153878419,0.5183531268554818,0.2809725202559214,0.6184510711284865,0.4668078103104598,0.5216797269928481,0.509972948621348,0.4950795624615729,0.5348105595241238,0.5101089659835212
0.0,0.0,0.0,0.0,0.0,0.4222809694643488,0.4347065676954034,0.4477096535409704,0.4789483234838951,0.0,0.0,0.0,0.39691421617774564,0.0,0.4293889864248531,0.4160454567641274,0.0,0.46116522752364547,0.0,0.33737804189148657,0.4593126852279721,0.37040830075024794,0.43105106637297164,0.0,0.0,0.5364196545199839,0.41770149804497414,0.3184827440493925,0.36765931378336886,0.0,0.3465775579579693,0.4362052771027941,0.0,0.389879234513701,0.41830804914889586,0.48476048124416227,0.0,0.0,0.5131994252004386,0.0,0.0,0.0,0.5402454523974292,0.4202644283958144,0.0,0.0,0.0,0.0,0.0,0.0,0.0,0.0,0.5762812692365195,0.0,0.0,0.0,0.0,0.0,0.0,0.5926118136464427,0.0,0.0,0.0,0.0,0.5382989080222254,0.4724470427919551,0.0,0.5179610836596812,0.0,0.0,0.0,0.5344396913833086,0.597261117774694,0.5339219313884022,0.0,0.620198802332595
0.36345859046386525,0.3501755334572135,0.4815614164716608,0.4036856203346094,0.4907722545018423,0.4285471058197088,0.4333901494569381,0.4661524008710067,0.5113162636031409,0.33829492951290857,0.4980191891670212,0.35814764566355567,0.41102450225225545,0.44209073850600006,0.4330348463519495,0.35029428435705207,0.35320486276986157,0.360933213615773,0.4812494730183748,0.401013769685254,0.37909285948406557,0.3906066560145678,0.44388219230006537,0.36164410985786904,0.36322540779123486,0.37331386027735647,0.4298059195049537,0.3688429293232847,0.3738257966996134,0.3465775579579693,0.0,0.39285427070419426,0.31995261078964954,0.296223470543159,0.36970193176109795,0.47812306073267535,0.3235770331627774,0.3146074186030599,0.4436141556734521,0.45687677080253597,0.3933551631816133,0.0,0.5214724263421169,0.0,0.0,0.40520782713900394,0.46445540522674833,0.7012573972921093,0.0,0.0,0.5396389879207083,0.7986093324863656,0.0,0.7604685735548451,0.454234788933447,0.0,0.4436069953702759,0.0,0.0,0.5278013713075047,0.47640778483176754,0.4886673676830343,0.45365177512654764,0.0,0.499790728462798,0.39598358637130476,0.464221363152812,0.5490831766650267,0.3761915389309377,0.45388793090500906,0.46160835096881087,0.5383063622230496,0.5489759159637984,0.5096196205400599,0.0,0.5180909377206766
0.41850860067365003,0.4035759892514531,0.4439382897524587,0.3129138792100248,0.40493328400419676,0.43453432181412827,0.39750477213875873,0.3902588578975729,0.46006606014579104,0.36449658536746593,0.42094703827857366,0.302830416709061,0.4104534653945394,0.28798426560786394,0.4383340148826285,0.43856348911558984,0.4096532234055913,0.42200907358841144,0.44480906352621413,0.4366325892408704,0.42651164390360846,0.4412039550007137,0.4245223654878648,0.36845414854060715,0.39868891693490993,0.4256057344747041,0.4372485936354222,0.39822580641569205,0.4033472432512414,0.4362052771027941,0.39285427070419426,0.0,0.3430404131881125,0.40158722045898837,0.4078248902661017,0.3193572385409037,0.3173835307372777,0.24416238042044594,0.2813038264283534,0.2574917777078152,0.3033836954240531,0.33130161264967817,0.3123944006279038,0.271843547819613,0.25679693184264724,0.4419889579877929,0.48461274995582243,0.5394088481403289,0.0,0.5694729691773016,0.4854283100199022,0.49771295919343633,0.5262584844135513,0.5254580602530406,0.2611016955170362,0.5106335652692342,0.2162279845832081,0.45399263177076715,0.44111494602599177,0.49940014888406636,0.4613015603436695,0.48703048485669403,0.4525877887854071,0.5552440504369116,0.5016900621982822,0.45836780046544195,0.49409693419136796,0.5344293706812472,0.2385768189154842,0.4632743335230194,0.47498665135949103,0.5343894054266471,0.4156835628300414,0.505056757933743,0.5160136285830421,0.49791547736633496
0.3530297041289609,0.34842098107822694,0.5029016341871104,0.249903924404159,0.43061127225378826,0.40552550542635757,0.3725016471669177,0.0,0.44416898767384655,0.3271923150814389,0.4596465551901723,0.32507935119700504,0.3761154370664757,0.0,0.4207155375080948,0.3924874582584557,0.3351612841251935,0.3553701442124888,0.4927272992677664,0.3885680413488278,0.3795129421827147,0.39891568442755254,0.41567303660898813,0.27849623413368285,0.3287126440726382,0.36368591513834025,0.41466787310601383,0.3420475900366946,0.33979650846458004,0.0,0.31995261078964954,0.3430404131881125,0.0,0.2604523003807417,0.4278773212627743,0.3922304961793218,0.2419251101893852,0.20809485460297542,0.25991585291998826,0.27793636578728637,0.23675789743552966,0.2914995148934588,0.0,0.28254347709154337,0.32379087562331965,0.4128747091363879,0.4874379322627676,0.0,0.0,0.0,0.0,0.0,0.0,0.0,0.42573202664092014,0.0,0.4297288892886972,0.4218366589613955,0.0,0.5054695479578253,0.479537928105187,0.45951417327602595,0.4486154189527023,0.0,0.48682680868944583,0.0,0.49947033109256106,0.482123248472905,0.3608945137674797,0.461747107432757,0.45352220581731817,0.0,0.41253651973521627,0.0,0.0,0.46756969960963857
0.3715206643233263,0.3608132403866529,0.47351041721251813,0.32705485996442313,0.47401604414918236,0.4433502835755469,0.38743799545984536,0.4775269478436505,0.4858178115256204,0.36984140152878325,0.47274196330761514,0.28906502638920994,0.3960588227775404,0.43016218400465595,0.44509462336937383,0.3969705015595106,0.3856717645569144,0.38844249151768384,0.4644428894218821,0.44313980903435685,0.4099127655256252,0.4320456804656046,0.45835984287607906,0.3076425493918456,0.3679499007436537,0.39145807207488026,0.4564862880659707,0.3785305986175651,0.42851622593231875,0.389879234513701,0.296223470543159,0.40158722045898837,0.2604523003807417,0.0,0.3469866626809381,0.37507206553524797,0.30998874130426113,0.23124463448647065,0.3124297880023423,0.24830378336708384,0.24808797542161803,0.29643512744875605,0.3516206379312292,0.2648180708431703,0.22827910277463795,0.4133339407633647,0.4768252113442621,0.7036195882152249,0.0,0.0,0.4989150001884785,0.5572079035877416,0.5273754424845072,0.6621610685869246,0.45074969629523165,0.5760787210377624,0.29827410263297915,0.4715752271864186,0.0,0.5050884548473773,0.4614805045842066,0.498296507554672,0.46048626775746926,0.0,0.527450308300785,0.44380031182276747,0.4903093201016568,0.5439465223717104,0.4201032702251896,0.46650761297739224,0.4736475902940933,0.5233915437429051,0.4470082188335476,0.5176376716215546,0.0,0.4303698251659874
0.43682404352829896,0.42728604162667694,0.46318755236391895,0.3006793889476424,0.4411770916765831,0.44393909829318506,0.3317043931264257,0.4469160901984667,0.46814966392464424,0.3692896090085654,0.46583736398947195,0.32156891821451744,0.37663534233696655,0.0,0.47635326773610337,0.4707789438751495,0.3992172691899079,0.4143108543313936,0.44581806394871226,0.46628720511296284,0.47121514890714955,0.47504776745325167,0.45541660957515234,0.35050347388179076,0.39946902896522885,0.44851989800731024,0.4576591584062556,0.3568838164762202,0.4441596330723859,0.41830804914889586,0.36970193176109795,0.4078248902661017,0.4278773212627743,0.3469866626809381,0.0,0.454194791467071,0.3618574318571061,0.25207437298553975,0.31380489803012973,0.2714508672230206,0.2895555813762999,0.3571962524158027,0.3304266705052667,0.33412180835470723,0.2614832706088707,0.0,0.524835315004706,0.6765057600790475,0.3156816747068323,0.4659178012584999,0.4840449874764058,0.49609062472992455,0.0,0.6746490700350969,0.0,0.5472214106902494,0.28336994206966026,0.4692928010042264,0.0,0.5291420110366938,0.49096736771403954,0.0,0.4984992669491025,0.6292743987898848,0.4887937575792871,0.4851758451552201,0.5166031162906202,0.4618969810839203,0.0,0.4767703631562872,0.502515913285287,0.44451434394506584,0.4160878581264829,0.0,0.0,0.0
