0.0,0.33721531314665976,0.0,0.0,0.0,0.3841435778952667,0.0,0.40303695844500675,0.0,0.384919028944733,0.0,0.3572830298555845,0.0,0.0,0.3085275304775209,0.33911888732617396,0.0,0.33744254258890816,0.0,0.37948836547085246,0.295987703740808,0.3143556696631361,0.3712144481529441,0.31893109829164784,0.3100370108839428,0.3156771410707924,0.38987090476096264,0.3767329085868769,0.3795420690300019,0.0,0.2631697701399738,0.34633130363999154,0.2946464092643253,0.28859263979662414,0.33894292480683824,0.0,0.0,0.39939758930891917,0.3363158118749435,0.3216352242023536,0.3204134351876785,0.0,0.0,0.0,0.0,0.3324802189315726,0.37755300262455305,0.0,0.0,0.0,0.0,0.0,0.2600829205060325,0.0,0.0,0.0,0.0,0.0,0.0,0.3211107314273471,0.35509632593959345,0.0,0.36670076985018674,0.0,0.2846987390678584,0.34196261694433194,0.3068566985594478,0.0,0.35081750298753933,0.3650634499553173,0.37867868383784475,0.323957507379281,0.0,0.33081220692397734,0.0,0.34492044944896016
0.33721531314665976,0.0,0.0,0.0,0.0,0.31846620548752713,0.36743102660938914,0.4049367908190614,0.0,0.0,0.0,0.0,0.351907421504731,0.0,0.3580245806980677,0.34980781449971177,0.0,0.34347687559261386,0.0,0.37574152412618667,0.3501986888517941,0.3506006107446053,0.38992774775770045,0.0,0.34411817225970703,0.3304768199070276,0.38086355227600815,0.3553813687203495,0.32462192947271773,0.0,0.2933522901740886,0.3198423102785472,0.3067065484025661,0.300996453208162,0.33497534258592493,0.0,0.0,0.0,0.3593304125017153,0.3554461804899274,0.33110429407244407,0.35677448451814414,0.0,0.0,0.0,0.382003285450668,0.35432166244399654,0.0,0.0,0.0,0.3839879472813784,0.0,0.36756827401258435,0.0,0.0,0.0,0.0,0.0,0.0,0.39286224223193167,0.36557300931358844,0.0,0.3668141172061255,0.0,0.3773620444723378,0.39499631798263085,0.3474344693355657,0.3804388030608765,0.0,0.3721493530415482,0.38343634873942717,0.38988802634745223,0.0,0.37046229193401325,0.0,0.3528788114311333
0.0,0.0,0.0,0.36015032078190934,0.3352246965717229,0.3265790876891916,0.3636401783483058,0.40034866893429194,0.28708201236252723,0.0,0.27848983914622555,0.0,0.3751419321680354,0.30903362082073643,0.0,0.0,0.0,0.0,0.22348116589556366,0.0,0.0,0.0,0.2434481884716932,0.0,0.0,0.0,0.2908721150494357,0.37631961189663315,0.0,0.4138093100972643,0.3824491048459963,0.3688628297942767,0.0,0.38321029355198244,0.39113117105018985,0.34195215312977517,0.3872826822819471,0.0,0.4136811738496526,0.0,0.0,0.0,0.4118340571088383,0.0,0.0,0.0,0.0,0.37869957257645387,0.0,0.4976260507411035,0.44845996004045824,0.0,0.4633987283191127,0.45686565137539625,0.0,0.38257498074829044,0.0,0.4698536020397877,0.41035342849531115,0.0,0.0,0.0,0.0,0.372394610812728,0.0,0.0,0.0,0.4509076609463283,0.0,0.0,0.0,0.4615961744571685,0.0,0.0,0.0,0.5658084134182427
0.0,0.0,0.36015032078190934,0.0,0.1620066674066556,0.330207681293672,0.17883969756276763,0.27097379636941454,0.0,0.14733136106191966,0.24393830446723666,0.2689012225156401,0.2067176390562618,0.1948328292903874,0.0,0.0,0.0,0.0,0.0,0.36558371438163295,0.0,0.36713983091986147,0.28894334292981405,0.0,0.0,0.0,0.3542294637130595,0.15272660444248595,0.0,0.0,0.30364080739734445,0.2361273090391473,0.21433651010109134,0.25075019166342294,0.2477517156358469,0.15307592899842964,0.1345271084122474,0.2533508840342069,0.28804512896540735,0.0,0.0,0.296495022795015,0.0,0.0,0.0,0.0,0.0,0.0,0.0,0.0,0.0,0.0,0.0,0.0,0.0,0.0,0.0,0.0,0.0,0.0,0.0,0.0,0.0,0.0,0.0,0.0,0.0,0.0,0.0,0.0,0.0,0.0,0.0,0.0,0.0,0.0
0.0,0.0,0.3352246965717229,0.1620066674066556,0.0,0.32450904247178086,0.2455419248248023,0.26087599860406135,0.28141999670900253,0.3230749216988905,0.2503942464469767,0.3335549474541785,0.24003645437784368,0.22025974951623994,0.0,0.0,0.0,0.0,0.28129859074731245,0.28884343076796465,0.0,0.3350213241211102,0.3543270742994507,0.3440649114153243,0.0,0.0,0.3475419748804565,0.24338097793838215,0.32912248165465346,0.0,0.2990032329674877,0.2924783877444798,0.0,0.2814814718815457,0.20055589775244498,0.16519844687769222,0.1879681750014369,0.32927193373231073,0.0,0.0,0.0,0.0,0.0,0.0,0.0,0.0,0.0,0.0,0.0,0.0,0.0,0.0,0.0,0.0,0.0,0.0,0.0,0.0,0.0,0.0,0.0,0.0,0.0,0.0,0.0,0.0,0.0,0.0,0.0,0.0,0.0,0.0,0.0,0.0,0.0,0.0
0.3841435778952667,0.31846620548752713,0.3265790876891916,0.330207681293672,0.32450904247178086,0.0,0.328045550035927,0.34414692868082547,0.30893762040468287,0.3526036386688647,0.32217471382503915,0.41928580596193216,0.3225734197611424,0.3276504487187614,0.32946876068055087,0.3393829511330302,0.0,0.35506474608251115,0.0,0.3170727815241128,0.3334553748724547,0.33717533891973334,0.32843087609404487,0.0,0.3412798709876887,0.3301384043099688,0.3040817670126409,0.32391683333580734,0.2908429575122187,0.3344224477088476,0.34740537635439284,0.335327699776708,0.3014309355872428,0.3459615621264801,0.32448863158029423,0.34446167394048927,0.35302524552011155,0.3853264220101036,0.3724322830637834,0.0,0.41562471888127256,0.4602889236101798,0.4034544202365346,0.0,0.0,0.0,0.0,0.4639805329938211,0.0,0.0,0.4237395125464621,0.44619633501978606,0.3907397716813655,0.4472477241235626,0.0,0.0,0.0,0.4367175402140536,0.0,0.0,0.0,0.0,0.0,0.4694777522007701,0.0,0.0,0.0,0.4295872337521951,0.0,0.0,0.0,0.428098728415042,0.42631134930646974,0.3888350334459246,0.0,0.42689398372575205
0.0,0.36743102660938914,0.3636401783483058,0.17883969756276763,0.2455419248248023,0.328045550035927,0.0,0.327641043650868,0.30643242263454346,0.3078981790259806,0.3244784774491189,0.0,0.26744824277855817,0.2612542413351063,0.0,0.37403986985733556,0.0,0.3534261909510675,0.34585823452537656,0.35226979870266617,0.3951800561027621,0.3703158634401415,0.3599858378034216,0.0,0.37340670267221626,0.0,0.35570752197797867,0.2581127742096702,0.35458342290761863,0.0,0.2980155210298191,0.3345749286205675,0.0,0.3138521990462412,0.20396717842414397,0.21219525334893521,0.20329208812063768,0.290217858816269,0.0,0.0,0.0,0.0,0.0,0.0,0.0,0.0,0.0,0.0,0.0,0.0,0.0,0.0,0.0,0.0,0.0,0.0,0.0,0.0,0.0,0.0,0.0,0.0,0.0,0.0,0.0,0.0,0.0,0.41640696260224136,0.0,0.0,0.0,0.0,0.0,0.0,0.0,0.0
0.40303695844500675,0.4049367908190614,0.40034866893429194,0.27097379636941454,0.26087599860406135,0.34414692868082547,0.327641043650868,0.0,0.40338503383819274,0.0,0.22771214913879192,0.4959313874675939,0.349039795467032,0.2568611703426593,0.30620424660972884,0.3874282328530104,0.0,0.41256445673580633,0.2752839931682657,0.0,0.3134122341078372,0.3587424619024582,0.28629421833509766,0.42361914712818827,0.3736682556631604,0.3977550817589557,0.38172475405835643,0.34247982597118976,0.31121521131454166,0.3384271885866111,0.3248208802842946,0.29074593984227676,0.38135456599279793,0.30442958544247584,0.3512529801458759,0.21360420610937714,0.26121688837284446,0.0,0.32162289246332004,0.0,0.0,0.0,0.33764328542600774,0.0,0.0,0.0,0.0,0.4496381648153802,0.0,0.0,0.41633407472868345,0.42467303029352954,0.317204797164724,0.4275227171759993,0.0,0.4476509493676019,0.0,0.406175241104498,0.0,0.0,0.0,0.0,0.0,0.43857218350241894,0.35331594135949146,0.15895013880749664,0.0,0.3961745143628012,0.0,0.0,0.0,0.4137849665399152,0.41163466845613644,0.4131434833653854,0.0,0.0
0.0,0.0,0.28708201236252723,0.0,0.28141999670900253,0.30893762040468287,0.30643242263454346,0.40338503383819274,0.0,0.3638774386551586,0.2718988552290653,0.0,0.30234759965530217,0.3396996970145244,0.0,0.0,0.0,0.0,0.23784081766672488,0.0,0.0,0.0,0.35254877598640944,0.0,0.0,0.0,0.3328941883778827,0.3612173749582589,0.0,0.4079397070965318,0.363236386068562,0.3641965849918346,0.0,0.3672183253627573,0.3697915045195565,0.34745576631870184,0.3646850658077063,0.0,0.0,0.0,0.0,0.0,0.4196870653632353,0.0,0.0,0.0,0.0,0.4994846842460668,0.0,0.0,0.0,0.0,0.44466515650986366,0.0,0.0,0.0,0.0,0.0,0.0,0.0,0.0,0.0,0.0,0.0,0.0,0.0,0.0,0.4489558538635079,0.0,0.0,0.0,0.38384818272346943,0.0,0.0,0.0,0.0
0.384919028944733,0.0,0.0,0.14733136106191966,0.3230749216988905,0.3526036386688647,0.3078981790259806,0.0,0.3638774386551586,0.0,0.34947476773478,0.24982825024731717,0.28656339982428103,0.14451479299615516,0.0,0.0,0.27062356623145567,0.30282657066510693,0.0,0.0,0.40385859796659673,0.0,0.3789904052468266,0.2632856724652391,0.3158888825366444,0.3006661690710174,0.3900609390007697,0.29559540006680357,0.0,0.0,0.2641005565442375,0.2795328374922473,0.256592375895045,0.25546882772770124,0.25506630486915605,0.2256561756974129,0.20926975484195134,0.25557455702238063,0.3086510043805743,0.32510812031274516,0.2959139322698981,0.0,0.0,0.0,0.2776708624065231,0.45971302650721363,0.0,0.0,0.0,0.0,0.0,0.0,0.0,0.0,0.3758265310812779,0.0,0.38188672561976283,0.0,0.0,0.0,0.4050459064918798,0.40454197952921506,0.3941090327754387,0.0,0.0,0.0,0.0,0.0,0.3702400519435298,0.40377462837368344,0.4085452948375572,0.0,0.0,0.0,0.0,0.3361078312423217
0.0,0.0,0.27848983914622555,0.24393830446723666,0.2503942464469767,0.32217471382503915,0.3244784774491189,0.22771214913879192,0.2718988552290653,0.34947476773478,0.0,0.0,0.3370358404882014,0.2030374663403844,0.0,0.0,0.0,0.0,0.20444668483893907,0.0,0.0,0.0,0.23891918326703948,0.0,0.0,0.0,0.3322559079762134,0.3377881278550872,0.0,0.0,0.3337517981536119,0.24257351538062374,0.0,0.3456321887778711,0.3067661827454626,0.20213155636609131,0.25799462385970123,0.0,0.0,0.0,0.0,0.0,0.3229031898523928,0.0,0.0,0.0,0.0,0.29793996311010734,0.0,0.0,0.0,0.0,0.0,0.4140362094107782,0.0,0.18529241350997344,0.0,0.0,0.0,0.0,0.0,0.0,0.0,0.2555789058218995,0.0,0.0,0.0,0.0,0.0,0.0,0.0,0.4125622150539135,0.45000066096548874,0.0,0.0,0.0
0.3572830298555845,0.0,0.0,0.2689012225156401,0.3335549474541785,0.41928580596193216,0.0,0.4959313874675939,0.0,0.24982825024731717,0.0,0.0,0.3052615944886635,0.0,0.0,0.0,0.30734278189172726,0.33944348743121255,0.0,0.5744416932477994,0.42773627826640953,0.0,0.0,0.2516701083982276,0.32623448505443126,0.26435127039853373,0.3981827563464922,0.30164021070250435,0.0,0.0,0.28211591430106175,0.2278968982812846,0.24024604513210288,0.26023308970797865,0.2860336236115447,0.30195612245883097,0.25346948797701213,0.21535409858082757,0.29954296364627414,0.3485664332390457,0.31781343905242304,0.0,0.0,0.0,0.3186258484544479,0.4809408754966154,0.0,0.0,0.0,0.0,0.0,0.0,0.0,0.0,0.389736609380784,0.0,0.3911132572420917,0.0,0.0,0.0,0.48289429881305695,0.4126750230675353,0.4063425218516852,0.0,0.0,0.0,0.0,0.0,0.37752757303936435,0.4071831241896076,0.4104763515328169,0.0,0.0,0.0,0.0,0.36396663717047834
0.0,0.351907421504731,0.3751419321680354,0.2067176390562618,0.24003645437784368,0.3225734197611424,0.26744824277855817,0.349039795467032,0.30234759965530217,0.28656339982428103,0.3370358404882014,0.3052615944886635,0.0,0.2739055889167323,0.32215682900560016,0.3754194803760238,0.3420993706155296,0.3550278607421594,0.3490650582046446,0.3560052284268396,0.3544040089126091,0.379287730405951,0.36313421444098065,0.32150487016369234,0.34733564210407525,0.3313807642726975,0.36447140587650695,0.2598403645109811,0.346540957634411,0.3192431781957604,0.3107478980287836,0.331511783551988,0.31982225252761276,0.29725797327064696,0.2585214160950986,0.2332492898684925,0.21575126650693702,0.28978949285018396,0.4119022162625594,0.0,0.0,0.0,0.0,0.0,0.0,0.0,0.0,0.0,0.0,0.0,0.43789890010556815,0.0,0.4098614470084653,0.0,0.0,0.0,0.0,0.0,0.0,0.0,0.0,0.0,0.0,0.0,0.0,0.0,0.0,0.40884272380391745,0.0,0.0,0.0,0.41373192310436613,0.0,0.4484806119182194,0.0,0.0
0.0,0.0,0.30903362082073643,0.1948328292903874,0.22025974951623994,0.3276504487187614,0.2612542413351063,0.2568611703426593,0.3396996970145244,0.14451479299615516,0.2030374663403844,0.0,0.2739055889167323,0.0,0.0,0.0,0.0,0.0,0.28411517084119137,0.0,0.0,0.0,0.2695182491580757,0.0,0.0,0.0,0.34236228764247945,0.1873685137668904,0.0,0.0,0.0,0.20477217712051915,0.0,0.0,0.0,0.1769842612801134,0.14769625576149298,0.0,0.0,0.0,0.0,0.0,0.0,0.0,0.0,0.0,0.0,0.0,0.0,0.0,0.0,0.0,0.0,0.0,0.0,0.0,0.0,0.0,0.0,0.0,0.0,0.0,0.0,0.0,0.0,0.0,0.0,0.0,0.0,0.0,0.0,0.0,0.0,0.0,0.0,0.0
0.3085275304775209,0.3580245806980677,0.0,0.0,0.0,0.32946876068055087,0.0,0.30620424660972884,0.0,0.0,0.0,0.0,0.32215682900560016,0.0,0.0,0.3233745249411811,0.0,0.3376910018194977,0.0,0.30635894750392567,0.30214520829016156,0.32822127391268135,0.32723135645874074,0.39892093770078746,0.3403759558889695,0.32599924959216076,0.35777309942913044,0.0,0.31510710350827664,0.0,0.294135532742351,0.3530203727200262,0.3194071800753023,0.33210345970524463,0.37215497494662103,0.38289983252899595,0.0,0.0,0.37278735493667264,0.33096825399334834,0.3927879120491523,0.39186516967948776,0.43116243257188525,0.0,0.0,0.2762185161689394,0.3937935973514918,0.0,0.0,0.0,0.37342324216598943,0.0,0.3078312905889045,0.0,0.0,0.0,0.0,0.4845865934502045,0.0,0.37765402204139603,0.419119121700293,0.0,0.0,0.0,0.353927555508685,0.38326703603798873,0.39313161821571196,0.3653380474839713,0.0,0.0,0.4195445613737819,0.373018520684489,0.4179687118170588,0.36464783605930023,0.0,0.39999409950159137
0.33911888732617396,0.34980781449971177,0.0,0.0,0.0,0.3393829511330302,0.37403986985733556,0.3874282328530104,0.0,0.0,0.0,0.0,0.3754194803760238,0.0,0.3233745249411811,0.0,0.27906186031151936,0.31723365812780385,0.0,0.3645129260362646,0.32987599376399973,0.33157218443936504,0.35064825050887977,0.33173800277433385,0.33394942848847897,0.34981922733051646,0.3664197090625185,0.37353217099926095,0.3602704383480949,0.0,0.3091183026922057,0.35188077601110024,0.32820187928578765,0.3130497740015381,0.3459752278134549,0.5408928973045413,0.0,0.0,0.32563127848181667,0.3446964589788057,0.35341292148138925,0.3483089588600509,0.0,0.0,0.0,0.3652239128870255,0.3726333301892525,0.0,0.0,0.0,0.0,0.0,0.43687731489424037,0.0,0.0,0.0,0.0,0.0,0.0,0.3879743886419535,0.3586968191737411,0.0,0.3586129200054357,0.0,0.39954703917534734,0.38775136526692044,0.3667876625078005,0.4812696888434586,0.0,0.35865627799621524,0.37515746024508984,0.4310418074951141,0.0,0.4035271525571983,0.0,0.3447712144505813
0.0,0.0,0.0,0.0,0.0,0.0,0.0,0.0,0.0,0.27062356623145567,0.0,0.30734278189172726,0.3420993706155296,0.0,0.0,0.27906186031151936,0.0,0.2883475600316495,0.0,0.0,0.0,0.0,0.0,0.2981365197034995,0.2829172082535052,0.3213242296596389,0.0,0.3443366284645203,0.0,0.0,0.2851925265870428,0.3311113792069978,0.2684999915955397,0.2643713496353245,0.2718853981488003,0.3111296439704784,0.0,0.2778536184156191,0.0,0.3214117124754092,0.0,0.0,0.0,0.0,0.0,0.0,0.0,0.0,0.0,0.0,0.0,0.0,0.0,0.0,0.36265164377828796,0.0,0.3757944861686265,0.0,0.0,0.0,0.0,0.3933976386344926,0.3709270558725995,0.0,0.0,0.0,0.0,0.0,0.3992652156852459,0.36632160003219466,0.3889575747252289,0.0,0.0,0.0,0.0,0.37732737385419446
0.33744254258890816,0.34347687559261386,0.0,0.0,0.0,0.35506474608251115,0.3534261909510675,0.41256445673580633,0.0,0.30282657066510693,0.0,0.33944348743121255,0.3550278607421594,0.0,0.3376910018194977,0.31723365812780385,0.2883475600316495,0.0,0.0,0.3607750564728178,0.3476508603240829,0.35156184212231556,0.37485732656172366,0.3292875732972392,0.31225146206677123,0.32847148236007734,0.37163221425040815,0.35363960225394125,0.3667263016580999,0.0,0.3197823081616489,0.37201705886010406,0.3120124117825816,0.3152847010665756,0.3433129757563805,0.3103403646157762,0.0,0.3403097259039547,0.29166788711731195,0.31708616549167673,0.31252372960822217,0.29849904844256914,0.0,0.0,0.0,0.3743038192788303,0.3671905653527516,0.0,0.0,0.0,0.0,0.0,0.44783750649941817,0.0,0.35295772152673716,0.0,0.37770401346664545,0.0,0.0,0.4492551105302411,0.35062839794028555,0.38343514262923445,0.35790822868276084,0.0,0.567507591453573,0.4042961307581778,0.36161010673373256,0.0,0.40530012145681843,0.367552104636654,0.3782940803878731,0.0,0.0,0.0,0.0,0.35050687764855226
0.0,0.0,0.22348116589556366,0.0,0.28129859074731245,0.0,0.34585823452537656,0.2752839931682657,0.23784081766672488,0.0,0.20444668483893907,0.0,0.3490650582046446,0.28411517084119137,0.0,0.0,0.0,0.0,0.0,0.0,0.0,0.0,0.2083220481709127,0.0,0.0,0.0,0.3117868273440704,0.33760323047200536,0.0,0.0,0.36959130077411256,0.34992159340824613,0.0,0.3694766254004206,0.0,0.29519538120579775,0.0,0.0,0.0,0.0,0.0,0.0,0.3595861059074686,0.0,0.0,0.0,0.0,0.15231257225558525,0.0,0.0,0.0,0.0,0.0,0.0,0.0,0.0,0.0,0.0,0.0,0.0,0.0,0.0,0.0,0.0,0.0,0.0,0.0,0.4520010904582026,0.0,0.0,0.0,0.0,0.0,0.0,0.0,0.0
0.37948836547085246,0.37574152412618667,0.0,0.36558371438163295,0.28884343076796465,0.3170727815241128,0.35226979870266617,0.0,0.0,0.0,0.0,0.5744416932477994,0.3560052284268396,0.0,0.30635894750392567,0.3645129260362646,0.0,0.3607750564728178,0.0,0.0,0.36315390240421946,0.3161198393610668,0.2500165682699161,0.0,0.38009630578215686,0.377736357575219,0.3042804116919416,0.3085694251819811,0.28003660493065163,0.29113173635575273,0.2989376321201914,0.36532882532643435,0.32204680227533333,0.3286725733658131,0.37798784251266315,0.4427542557778063,0.39897387791942257,0.4753299440140744,0.37742168203856946,0.0,0.40421321717366676,0.4062812836032577,0.0,0.0,0.0,0.0,0.0,0.0,0.0,0.0,0.41034549889175204,0.0,0.3883476161902547,0.0,0.0,0.0,0.0,0.0,0.0,0.38657659271993816,0.0,0.0,0.0,0.0,0.3912498921837625,0.38892931788906304,0.3833913241038325,0.40314588437733084,0.0,0.0,0.3866659026381762,0.3912575977623041,0.44030207692350015,0.39272934078722505,0.0,0.0
0.295987703740808,0.3501986888517941,0.0,0.0,0.0,0.3334553748724547,0.3951800561027621,0.3134122341078372,0.0,0.40385859796659673,0.0,0.42773627826640953,0.3544040089126091,0.0,0.30214520829016156,0.32987599376399973,0.0,0.3476508603240829,0.0,0.36315390240421946,0.0,0.3518865219073588,0.3268098296593077,0.38904155779763644,0.3321155749144067,0.33801585430258996,0.3742089302059598,0.3535086744680959,0.3253503726363082,0.3523359341663686,0.2981312680404398,0.3414718179850511,0.2906377808323647,0.31147445196433077,0.3772703566100191,0.0,0.0,0.0,0.34279428745225904,0.35152193999328557,0.38721431701523,0.3677499333862496,0.0,0.0,0.0,0.35510591665277574,0.38125649009934975,0.0,0.0,0.0,0.3572122492835894,0.0,0.3058376984791346,0.0,0.0,0.0,0.0,0.4595434842850577,0.0,0.3794164142494186,0.389361732131934,0.0,0.0,0.0,0.3621366862930237,0.3473876019161956,0.394720153119184,0.3558892515632963,0.0,0.0,0.3971883675876028,0.38340085582020633,0.4232614481618793,0.3078997319134012,0.0,0.44233814000476135
0.3143556696631361,0.3506006107446053,0.0,0.36713983091986147,0.3350213241211102,0.33717533891973334,0.3703158634401415,0.3587424619024582,0.0,0.0,0.0,0.0,0.379287730405951,0.0,0.32822127391268135,0.33157218443936504,0.0,0.35156184212231556,0.0,0.3161198393610668,0.3518865219073588,0.0,0.3661403809508513,0.0,0.37166723079323705,0.3502384593436351,0.36983522540076974,0.35508391036458997,0.3459054370369352,0.3435094588696723,0.3126362137570656,0.3623126096512849,0.33327461425986854,0.32943195452520824,0.37943096071353893,0.4322839573335396,0.4113446246054733,0.0,0.35801103595775585,0.36077779472513966,0.3704119829573595,0.38563593406263863,0.46226224646769243,0.0,0.0,0.38762942108953324,0.3638967955761541,0.0,0.0,0.0,0.37568609070151276,0.0,0.34654416630836266,0.0,0.0,0.0,0.0,0.0,0.0,0.3899552433486622,0.37099895752182055,0.0,0.0,0.0,0.36624767578742207,0.39167966008948096,0.3916840979230868,0.3725795570463246,0.0,0.0,0.3885344119416408,0.3844636768465332,0.0,0.36986477985929506,0.0,0.3651166072323087
0.3712144481529441,0.38992774775770045,0.2434481884716932,0.28894334292981405,0.3543270742994507,0.32843087609404487,0.3599858378034216,0.28629421833509766,0.35254877598640944,0.3789904052468266,0.23891918326703948,0.0,0.36313421444098065,0.2695182491580757,0.32723135645874074,0.35064825050887977,0.0,0.37485732656172366,0.2083220481709127,0.2500165682699161,0.3268098296593077,0.3661403809508513,0.0,0.4037869605689854,0.3653762909264102,0.37542799553569145,0.30691642083917625,0.354284675639365,0.3308395228830271,0.3513733061143252,0.35834845642115154,0.34763245807174775,0.3296526072196236,0.362066721096106,0.38779674494003025,0.30434785332233777,0.34722650553733275,0.0,0.40821949262449014,0.3696640113165386,0.4059256257241465,0.4133308225185938,0.40534753406682233,0.0,0.0,0.0,0.0,0.449134941437261,0.0,0.4608250953684169,0.4275248659618459,0.4264064109476428,0.4092912102655949,0.44320157058821275,0.0,0.4160208223288062,0.0,0.424442972125776,0.4175824816208251,0.39438279621321914,0.0,0.0,0.0,0.4385113920794605,0.40668333469178364,0.3910631765093984,0.40973478941339264,0.4283910393055179,0.0,0.0,0.4165716711502439,0.4311365260177357,0.42218517288091734,0.40579682119664173,0.4211094412198203,0.42626740712362265
0.31893109829164784,0.0,0.0,0.0,0.3440649114153243,0.0,0.0,0.42361914712818827,0.0,0.2632856724652391,0.0,0.2516701083982276,0.32150487016369234,0.0,0.39892093770078746,0.33173800277433385,0.2981365197034995,0.3292875732972392,0.0,0.0,0.38904155779763644,0.0,0.4037869605689854,0.0,0.3151590202493951,0.2820436789731795,0.4557863584333308,0.31435371399041745,0.0,0.0,0.2634992686400665,0.2592349972285583,0.21822512680412046,0.2385180435090791,0.23915643871158757,0.3182494507102468,0.23445006591077477,0.21625617918147208,0.33384349369839106,0.30979953849460135,0.3113238373999848,0.0,0.0,0.0,0.2596702507042556,0.3782872711114434,0.3096439561411974,0.0,0.0,0.0,0.0,0.0,0.0,0.0,0.368767143858538,0.0,0.3802413468711077,0.0,0.0,0.0,0.3634633599019391,0.4034592547247095,0.3859805843792967,0.0,0.0,0.0,0.42699975478854946,0.0,0.3551239281236739,0.3983665707838097,0.40576838015010375,0.0,0.0,0.0,0.0,0.3186733701750592
0.3100370108839428,0.34411817225970703,0.0,0.0,0.0,0.3412798709876887,0.37340670267221626,0.3736682556631604,0.0,0.3158888825366444,0.0,0.32623448505443126,0.34733564210407525,0.0,0.3403759558889695,0.33394942848847897,0.2829172082535052,0.31225146206677123,0.0,0.38009630578215686,0.3321155749144067,0.37166723079323705,0.3653762909264102,0.3151590202493951,0.0,0.3124334723833216,0.36409267254785826,0.3436092365003773,0.3475245909783003,0.0,0.3106762069578398,0.3480828033473655,0.28189331662672024,0.29051481924226336,0.3216599731612035,0.34906996417377784,0.0,0.29222973799176916,0.3095346333090233,0.3243069031158595,0.3145465332767371,0.30500383133995795,0.0,0.0,0.0,0.3631627392473028,0.35881776134034526,0.0,0.0,0.0,0.0,0.0,0.4097900869404749,0.0,0.3682737454423698,0.0,0.3860422535231803,0.0,0.0,0.3830686070195724,0.34570143229531647,0.39547461779192733,0.356592138025488,0.0,0.374190989701304,0.4072152923862804,0.36800153777383726,0.4473004511437262,0.39354298316524716,0.3643078017794657,0.3739876324925106,0.4968458406310185,0.0,0.37560593979210916,0.0,0.3309589531872168
0.3156771410707924,0.3304768199070276,0.0,0.0,0.0,0.3301384043099688,0.0,0.3977550817589557,0.0,0.3006661690710174,0.0,0.26435127039853373,0.3313807642726975,0.0,0.32599924959216076,0.34981922733051646,0.3213242296596389,0.32847148236007734,0.0,0.377736357575219,0.33801585430258996,0.3502384593436351,0.37542799553569145,0.2820436789731795,0.3124334723833216,0.0,0.3923704623223821,0.34182317973405085,0.33121841248131556,0.0,0.30378577061809203,0.35161797493603947,0.2906506322379667,0.3035566378006391,0.35109489993882825,0.41379675082906164,0.0,0.27187917671664125,0.352706249528865,0.3367944742864234,0.3572575658152996,0.33373902568456754,0.0,0.0,0.0,0.3723613978367844,0.3545119980273857,0.0,0.0,0.0,0.410720845768982,0.0,0.0,0.0,0.3882178476131449,0.0,0.40169530704360207,0.0,0.0,0.40841657804718157,0.3559078696122058,0.4123829889139105,0.37456751560654183,0.0,0.38758381881554776,0.411305462170756,0.3884775712208237,0.3899617463311224,0.4072054905076059,0.3806140030688924,0.3909607620351493,0.38848346180515525,0.0,0.38194211925468036,0.0,0.3516510088926124
0.38987090476096264,0.38086355227600815,0.2908721150494357,0.3542294637130595,0.3475419748804565,0.3040817670126409,0.35570752197797867,0.38172475405835643,0.3328941883778827,0.3900609390007697,0.3322559079762134,0.3981827563464922,0.36447140587650695,0.34236228764247945,0.35777309942913044,0.3664197090625185,0.0,0.37163221425040815,0.3117868273440704,0.3042804116919416,0.3742089302059598,0.36983522540076974,0.30691642083917625,0.4557863584333308,0.36409267254785826,0.3923704623223821,0.0,0.3575241012026696,0.3047969359308665,0.3416048848112828,0.34311535426479006,0.3553866781460279,0.31851202216059005,0.35384292359870984,0.37300166440353727,0.37994895319242034,0.36722951119729363,0.39795230160059214,0.4073629182668318,0.4266164099743521,0.4232583083265914,0.4245674786410021,0.41720298895851726,0.0,0.0,0.0,0.0,0.46773732006984564,0.0,0.0,0.4224725301716641,0.45961250018082744,0.4284647917943052,0.4566021750943363,0.0,0.42733376116113037,0.0,0.435083466335702,0.3956710652749546,0.39330296811660587,0.0,0.0,0.0,0.4740684308944601,0.4133846270081159,0.40130403987081065,0.4108913983174924,0.4267227250302369,0.0,0.0,0.40978295739980886,0.41737336133097447,0.42921020960843165,0.41100221117988583,0.44920563326228524,0.42996027048654645
0.3767329085868769,0.3553813687203495,0.37631961189663315,0.15272660444248595,0.24338097793838215,0.32391683333580734,0.2581127742096702,0.34247982597118976,0.3612173749582589,0.29559540006680357,0.3377881278550872,0.30164021070250435,0.2598403645109811,0.1873685137668904,0.0,0.37353217099926095,0.3443366284645203,0.35363960225394125,0.33760323047200536,0.3085694251819811,0.3535086744680959,0.35508391036458997,0.354284675639365,0.31435371399041745,0.3436092365003773,0.34182317973405085,0.3575241012026696,0.0,0.2941418784325357,0.25458070505842073,0.3040251162648038,0.3282874442325285,0.29398935545940524,0.29231307594917394,0.2842955948226588,0.223760541929391,0.21095752532893347,0.2870810805654933,0.3654790593963488,0.0,0.0,0.0,0.0,0.0,0.0,0.0,0.0,0.0,0.0,0.0,0.4097170331155173,0.0,0.3919069614335443,0.0,0.0,0.0,0.0,0.47469772927664294,0.0,0.4352139351969711,0.0,0.0,0.0,0.0,0.3962842185908714,0.3504442235391786,0.0,0.4022461427848314,0.0,0.0,0.0,0.40108382542676874,0.4279538612641238,0.41403439852107904,0.0,0.0
0.3795420690300019,0.32462192947271773,0.0,0.0,0.32912248165465346,0.2908429575122187,0.35458342290761863,0.31121521131454166,0.0,0.0,0.0,0.0,0.346540957634411,0.0,0.31510710350827664,0.3602704383480949,0.0,0.3667263016580999,0.0,0.28003660493065163,0.3253503726363082,0.3459054370369352,0.3308395228830271,0.0,0.3475245909783003,0.33121841248131556,0.3047969359308665,0.2941418784325357,0.0,0.29439092465548844,0.29334065379673824,0.3274987212561751,0.26951660692295437,0.31948247793512846,0.3575580219362002,0.4031114727182212,0.3697784767438001,0.44891258627892633,0.38089694282305553,0.0,0.41777989021912687,0.4435925282306327,0.43981539256415,0.0,0.0,0.0,0.0,0.5149902070461054,0.0,0.0,0.4129920666769392,0.0,0.3872900095363496,0.7141428920428419,0.0,0.0,0.0,0.44383670709224676,0.0,0.369417313726553,0.0,0.0,0.0,0.0,0.3882156714730493,0.358420317993282,0.0,0.38987538580430436,0.0,0.0,0.0,0.3894302210873002,0.4183468239842261,0.3850693095205091,0.4359379764710146,0.41957844938292715
0.0,0.0,0.4138093100972643,0.0,0.0,0.3344224477088476,0.0,0.3384271885866111,0.4079397070965318,0.0,0.0,0.0,0.3192431781957604,0.0,0.0,0.0,0.0,0.0,0.0,0.29113173635575273,0.3523359341663686,0.3435094588696723,0.3513733061143252,0.0,0.0,0.0,0.3416048848112828,0.25458070505842073,0.29439092465548844,0.0,0.2936224048957826,0.34493118796359284,0.29811496354813016,0.31243813242127066,0.38042219405154054,0.0,0.0,0.0,0.0,0.0,0.0,0.0,0.0,0.0,0.0,0.0,0.0,0.0,0.0,0.0,0.43858121294891106,0.0,0.43963893409617427,0.0,0.0,0.0,0.0,0.0,0.0,0.0,0.0,0.0,0.0,0.0,0.0,0.38023249344645993,0.0,0.4075745742101951,0.0,0.0,0.0,0.40867426901154946,0.0,0.0,0.0,0.0
0.2631697701399738,0.2933522901740886,0.3824491048459963,0.30364080739734445,0.2990032329674877,0.34740537635439284,0.2980155210298191,0.3248208802842946,0.363236386068562,0.2641005565442375,0.3337517981536119,0.28211591430106175,0.3107478980287836,0.0,0.294135532742351,0.3091183026922057,0.2851925265870428,0.3197823081616489,0.36959130077411256,0.2989376321201914,0.2981312680404398,0.3126362137570656,0.35834845642115154,0.2634992686400665,0.3106762069578398,0.30378577061809203,0.34311535426479006,0.3040251162648038,0.29334065379673824,0.2936224048957826,0.0,0.2900618154164743,0.2547562826565941,0.21734429784990525,0.2003312288855305,0.29587180813000796,0.2652449566693711,0.2600231658051522,0.33867010191934743,0.21416535510096343,0.3074428366794454,0.0,0.0,0.0,0.25645610617690673,0.3127442666566178,0.31116307223058376,0.6679399088290606,0.0,0.0,0.4207476772584612,0.0,0.371887147556597,0.0,0.3321175326752446,0.0,0.3265752547475855,0.0,0.0,0.2863633850989226,0.27121682743752906,0.331979807474381,0.34330408304812143,0.0,0.3607927569705878,0.3284744836433767,0.35718097848390484,0.37898470619649527,0.282461617335311,0.33892600154955915,0.3228610756525477,0.39593727594100897,0.0,0.38710401195998684,0.0,0.3240303512331799
0.34633130363999154,0.3198423102785472,0.3688628297942767,0.2361273090391473,0.2924783877444798,0.335327699776708,0.3345749286205675,0.29074593984227676,0.3641965849918346,0.2795328374922473,0.24257351538062374,0.2278968982812846,0.331511783551988,0.20477217712051915,0.3530203727200262,0.35188077601110024,0.3311113792069978,0.37201705886010406,0.34992159340824613,0.36532882532643435,0.3414718179850511,0.3623126096512849,0.34763245807174775,0.2592349972285583,0.3480828033473655,0.35161797493603947,0.3553866781460279,0.3282874442325285,0.3274987212561751,0.34493118796359284,0.2900618154164743,0.0,0.29401532747059245,0.29507017715526396,0.31148345866129756,0.25316391765813706,0.272526192668413,0.21816764375024203,0.24575160008322686,0.22835448223113905,0.26495873103247597,0.28542990810524865,0.2606675861442431,0.2654765271559634,0.20172797295937067,0.3889075960729747,0.36910424806129594,0.4624932895610325,0.0,0.0,0.3785119057415339,0.0,0.31788312140384134,0.0,0.0,0.0,0.22624194187377858,0.4128222933370616,0.0,0.3766757675723559,0.375401974785505,0.0,0.3659167208804319,0.0,0.3625989892371156,0.34697528989686705,0.3725498435037685,0.37238305473529687,0.2253208203250348,0.36810032530106174,0.37274355519178104,0.3654541680887098,0.28838986392270893,0.34496602300001805,0.0,0.36246513837862854
0.2946464092643253,0.3067065484025661,0.0,0.21433651010109134,0.0,0.3014309355872428,0.0,0.38135456599279793,0.0,0.256592375895045,0.0,0.24024604513210288,0.31982225252761276,0.0,0.3194071800753023,0.32820187928578765,0.2684999915955397,0.3120124117825816,0.0,0.32204680227533333,0.2906377808323647,0.33327461425986854,0.3296526072196236,0.21822512680412046,0.28189331662672024,0.2906506322379667,0.31851202216059005,0.29398935545940524,0.26951660692295437,0.29811496354813016,0.2547562826565941,0.29401532747059245,0.0,0.20656918276051614,0.29790943732487074,0.3450331073990683,0.2128738013178971,0.1701276166199001,0.21956077209401947,0.2121010054266783,0.22347631168435866,0.2663526606679362,0.0,0.0,0.20803242086956023,0.3378763864841888,0.34618337099017465,0.0,0.0,0.0,0.0,0.0,0.22587355563669684,0.0,0.27208071341567136,0.0,0.30652426838322006,0.0,0.0,0.39194015505718466,0.3320791267155381,0.3103369519573091,0.3389682632371537,0.0,0.3561206547743786,0.3581090534043192,0.35641049540820097,0.33429492200008715,0.23004789782485116,0.3213067345667093,0.3411396424243416,0.26394049826941435,0.3306420798890078,0.0,0.0,0.25495072424956605
0.28859263979662414,0.300996453208162,0.38321029355198244,0.25075019166342294,0.2814814718815457,0.3459615621264801,0.3138521990462412,0.30442958544247584,0.3672183253627573,0.25546882772770124,0.3456321887778711,0.26023308970797865,0.29725797327064696,0.0,0.33210345970524463,0.3130497740015381,0.2643713496353245,0.3152847010665756,0.3694766254004206,0.3286725733658131,0.31147445196433077,0.32943195452520824,0.362066721096106,0.2385180435090791,0.29051481924226336,0.3035566378006391,0.35384292359870984,0.29231307594917394,0.31948247793512846,0.31243813242127066,0.21734429784990525,0.29507017715526396,0.20656918276051614,0.0,0.21844519491366746,0.34065177817622616,0.2646768347078386,0.21207504869611332,0.2587315103877347,0.22984397820206992,0.26196795379916993,0.22610022208301517,0.0,0.0,0.24217395212172926,0.32578681017696337,0.34726177322159707,0.0,0.0,0.0,0.41369176645955197,0.0,0.3752779527596506,0.0,0.2923436450542016,0.0,0.2847263056269018,0.0,0.0,0.37334718319242466,0.3308055481013086,0.0,0.33344576768562456,0.0,0.3155950209974813,0.35853851507515033,0.3639164545775719,0.36755841571022746,0.2688438262259966,0.33582731233289315,0.3584207581427462,0.3461836311461791,0.0,0.369948615038232,0.0,0.0
0.33894292480683824,0.33497534258592493,0.39113117105018985,0.2477517156358469,0.20055589775244498,0.32448863158029423,0.20396717842414397,0.3512529801458759,0.3697915045195565,0.25506630486915605,0.3067661827454626,0.2860336236115447,0.2585214160950986,0.0,0.37215497494662103,0.3459752278134549,0.2718853981488003,0.3433129757563805,0.0,0.37798784251266315,0.3772703566100191,0.37943096071353893,0.38779674494003025,0.23915643871158757,0.3216599731612035,0.35109489993882825,0.37300166440353727,0.2842955948226588,0.3575580219362002,0.38042219405154054,0.2003312288855305,0.31148345866129756,0.29790943732487074,0.21844519491366746,0.0,0.33120219367752773,0.29718996342351434,0.25123036255165654,0.28734316893094614,0.21242116340650954,0.2666265677321964,0.33265802599412064,0.0,0.0,0.21772718879914468,0.0,0.32717262006328346,0.0,0.0,0.0,0.47040793238491924,0.0,0.0,0.0,0.0,0.0,0.0,0.0,0.0,0.3893846538112016,0.37119912074111294,0.0,0.0,0.0,0.3925758338210903,0.0,0.38349266914950036,0.40341118197935033,0.0,0.0,0.37573783138581274,0.3932434699783051,0.0,0.4548772204152623,0.0,0.0
0.0,0.0,0.34195215312977517,0.15307592899842964,0.16519844687769222,0.34446167394048927,0.21219525334893521,0.21360420610937714,0.34745576631870184,0.2256561756974129,0.20213155636609131,0.30195612245883097,0.2332492898684925,0.1769842612801134,0.38289983252899595,0.5408928973045413,0.3111296439704784,0.3103403646157762,0.29519538120579775,0.4427542557778063,0.0,0.4322839573335396,0.30434785332233777,0.3182494507102468,0.34906996417377784,0.41379675082906164,0.37994895319242034,0.223760541929391,0.4031114727182212,0.0,0.29587180813000796,0.25316391765813706,0.3450331073990683,0.34065177817622616,0.33120219367752773,0.0,0.1722013449964396,0.2253493815935518,0.26479475384757145,0.0,0.26258671537611256,0.26159233001875143,0.24477544270192808,0.23339425255096424,0.0,0.0,0.0,0.4135905368051852,0.0,0.0,0.3999099053176946,0.0,0.39752463200400867,0.40938408259741366,0.0,0.0,0.0,0.0,0.0,0.0,0.0,0.0,0.0,0.0,0.0,0.0,0.0,0.3891809725779202,0.0,0.0,0.0,0.3929396334019275,0.0,0.0,0.0,0.0
0.0,0.0,0.3872826822819471,0.1345271084122474,0.1879681750014369,0.35302524552011155,0.20329208812063768,0.26121688837284446,0.3646850658077063,0.20926975484195134,0.25799462385970123,0.25346948797701213,0.21575126650693702,0.14769625576149298,0.0,0.0,0.0,0.0,0.0,0.39897387791942257,0.0,0.4113446246054733,0.34722650553733275,0.23445006591077477,0.0,0.0,0.36722951119729363,0.21095752532893347,0.3697784767438001,0.0,0.2652449566693711,0.272526192668413,0.2128738013178971,0.2646768347078386,0.29718996342351434,0.1722013449964396,0.0,0.24507923181529076,0.24932651877705186,0.1853605495661462,0.22500262759898232,0.27678185469926725,0.31593804377617046,0.0,0.0,0.0,0.0,0.0,0.0,0.0,0.0,0.0,0.0,0.0,0.0,0.0,0.0,0.0,0.0,0.0,0.0,0.0,0.0,0.0,0.0,0.0,0.0,0.0,0.0,0.0,0.0,0.0,0.0,0.0,0.0,0.0
0.39939758930891917,0.0,0.0,0.2533508840342069,0.32927193373231073,0.3853264220101036,0.290217858816269,0.0,0.0,0.25557455702238063,0.0,0.21535409858082757,0.28978949285018396,0.0,0.0,0.0,0.2778536184156191,0.3403097259039547,0.0,0.4753299440140744,0.0,0.0,0.0,0.21625617918147208,0.29222973799176916,0.27187917671664125,0.39795230160059214,0.2870810805654933,0.44891258627892633,0.0,0.2600231658051522,0.21816764375024203,0.1701276166199001,0.21207504869611332,0.25123036255165654,0.2253493815935518,0.24507923181529076,0.0,0.21610657054699994,0.2063875902075047,0.2131366888963836,0.0,0.0,0.0,0.19853785230466867,0.0,0.0,0.0,0.0,0.0,0.0,0.0,0.0,0.0,0.25029188539119607,0.0,0.2752988272817913,0.0,0.0,0.0,0.0,0.0,0.0,0.0,0.0,0.0,0.0,0.0,0.2476454779556154,0.0,0.28061661335533156,0.443441109552977,0.0,0.0,0.0,0.24773963920109895
0.3363158118749435,0.3593304125017153,0.4136811738496526,0.28804512896540735,0.0,0.3724322830637834,0.0,0.32162289246332004,0.0,0.3086510043805743,0.0,0.29954296364627414,0.4119022162625594,0.0,0.37278735493667264,0.32563127848181667,0.0,0.29166788711731195,0.0,0.37742168203856946,0.34279428745225904,0.35801103595775585,0.40821949262449014,0.33384349369839106,0.3095346333090233,0.352706249528865,0.4073629182668318,0.3654790593963488,0.38089694282305553,0.0,0.33867010191934743,0.24575160008322686,0.21956077209401947,0.2587315103877347,0.28734316893094614,0.26479475384757145,0.24932651877705186,0.21610657054699994,0.0,0.2719169726100367,0.3007993979052158,0.265501820582839,0.2392005517940147,0.2752221658586826,0.20464460061523718,0.3244277458120096,0.3301847792086839,0.3374078691430339,0.2664552270617765,0.32477881171276984,0.31660106609071004,0.3378719626825593,0.3047576122132784,0.3419741353060141,0.24144191736196768,0.2465457358980161,0.222000352409735,0.3493384340944557,0.19930971449123078,0.34920302911755413,0.35238503692247425,0.31213631552601595,0.3561786023176297,0.3320205963108203,0.36564497847430477,0.3268661429472565,0.3497726836676386,0.3202270147476359,0.22796436295378397,0.3445907634003784,0.33903324713248884,0.3371240851104683,0.326063132033128,0.3447567964996309,0.31243763772902267,0.31722652040283883
0.3216352242023536,0.3554461804899274,0.0,0.0,0.0,0.0,0.0,0.0,0.0,0.32510812031274516,0.0,0.3485664332390457,0.0,0.0,0.33096825399334834,0.3446964589788057,0.3214117124754092,0.31708616549167673,0.0,0.0,0.35152193999328557,0.36077779472513966,0.3696640113165386,0.30979953849460135,0.3243069031158595,0.3367944742864234,0.4266164099743521,0.0,0.0,0.0,0.21416535510096343,0.22835448223113905,0.2121010054266783,0.22984397820206992,0.21242116340650954,0.0,0.1853605495661462,0.2063875902075047,0.2719169726100367,0.0,0.22274390215771875,0.29127995484064534,0.3356460252231122,0.2410468496951511,0.16391154430082713,0.26829633799216157,0.2863981659890471,0.0,0.0,0.0,0.29612563943551373,0.287859607855212,0.0,0.0,0.22434347375688785,0.0,0.2153248244806026,0.3128918705488743,0.0,0.31159800933548004,0.29991303568164457,0.2591741055619656,0.2920367879485873,0.0,0.3145120033986155,0.27737550749652357,0.3077999688607871,0.2715669475326224,0.20735316871453793,0.27386428599598417,0.2869471709306343,0.3003218616840762,0.28279375896620346,0.26316850466885494,0.0,0.2445753503833121
0.3204134351876785,0.33110429407244407,0.0,0.0,0.0,0.41562471888127256,0.0,0.0,0.0,0.2959139322698981,0.0,0.31781343905242304,0.0,0.0,0.3927879120491523,0.35341292148138925,0.0,0.31252372960822217,0.0,0.40421321717366676,0.38721431701523,0.3704119829573595,0.4059256257241465,0.3113238373999848,0.3145465332767371,0.3572575658152996,0.4232583083265914,0.0,0.41777989021912687,0.0,0.3074428366794454,0.26495873103247597,0.22347631168435866,0.26196795379916993,0.2666265677321964,0.26258671537611256,0.22500262759898232,0.2131366888963836,0.3007993979052158,0.22274390215771875,0.0,0.27560073162875265,0.3532334130823347,0.2915997981332317,0.19086217968742522,0.26346050190007747,0.3014757637315366,0.3503958341113285,0.29496340637996793,0.3148320389643322,0.3466705180966443,0.2934048195101886,0.3418657905610593,0.36809132209814216,0.2705077105385722,0.37580651188655784,0.23308120385116246,0.30686971457936174,0.19125303349937403,0.3538554309264859,0.30010710783257455,0.27658555764074816,0.3101773302935078,0.3445521987564952,0.35695244802361875,0.3315843041515831,0.3352921246109558,0.34279680450290767,0.20699639955646898,0.29076845889621483,0.30546832530556217,0.34840422758483364,0.29596758484643654,0.33028416349192063,0.2563785110624539,0.2186563207166614
