0.0,0.41238034558698416,0.0,0.0,0.0,0.42162932112867674,0.0,0.4721317492380963,0.0,0.4019406628125201,0.0,0.38485222703799055,0.48711546626131874,0.468645877873648,0.3670483336915249,0.40326396730881386,0.38645052326227836,0.38263664804260805,0.0,0.4221851224379698,0.3721092841837535,0.3872983169814766,0.43083684292475277,0.3439990131846319,0.3830046791586849,0.36269969159825777,0.42910109900672516,0.0,0.0,0.0,0.38123898931478495,0.4143991071774821,0.3732223082730001,0.36557063946393853,0.435591730416184,0.0,0.0,0.4519519752162295,0.426748006138725,0.38461198668892216,0.40903886846014004,0.0,0.0,0.0,0.0,0.44298449936754425,0.4570762517214017,0.0,0.0,0.0,0.0,0.0,0.0,0.0,0.4792799298142332,0.0,0.0,0.0,0.0,0.0,0.4408991191048416,0.0,0.4081037364412465,0.0,0.0,0.4070047617823404,0.46746091791364,0.0,0.0,0.4289792692934224,0.4593759931392145,0.0,0.0,0.0,0.0,0.0
0.41238034558698416,0.0,0.0,0.0,0.3634137124112175,0.37387807227508835,0.39232087598598914,0.45868427433134684,0.36492884551164145,0.0,0.0,0.0,0.4107987431873325,0.0,0.39032166176148514,0.3941178366480917,0.0,0.3988283335682573,0.0,0.3984070712775493,0.410308324652142,0.3523747421301303,0.4028159361133091,0.0,0.3765978514500012,0.38065067055061086,0.3917539752330202,0.4062972546644814,0.4066583158750436,0.4067249670485784,0.36533076719955593,0.38835571056434304,0.3790853766688534,0.37613613415664976,0.430851944425698,0.0,0.0,0.0,0.45488776151444205,0.4600563491257602,0.4632453315624399,0.4676403673383539,0.0,0.0,0.0,0.46745583896732384,0.4539588126017482,0.0,0.0,0.0,0.0,0.0,0.0,0.0,0.0,0.0,0.0,0.0,0.0,0.4463696619476079,0.45496584186936506,0.0,0.44053739923358853,0.0,0.43771870168224025,0.46619054518957115,0.42492133103567853,0.0,0.0,0.4559711145820349,0.4725007181475866,0.0,0.0,0.4300422218107954,0.0,0.4396320022589655
0.0,0.0,0.0,0.0,0.3649236818817095,0.3864486163270535,0.40084277791650397,0.4072209283262579,0.34122419269325277,0.4693685356122673,0.30887949733442627,0.0,0.4133326517977813,0.40059252214369206,0.0,0.0,0.0,0.0,0.26687343622675613,0.0,0.0,0.0,0.26279003948218843,0.0,0.0,0.0,0.309567373833691,0.4150124886123173,0.0,0.4297796350612325,0.42937312558344937,0.4006615038062332,0.0,0.42936895426034655,0.408909789229656,0.391108657694254,0.42449058462158823,0.0,0.48859363401457606,0.0,0.5921664719696008,0.0,0.4544629397925604,0.0,0.0,0.0,0.0,0.2618059684069792,0.0,0.4874860021201176,0.5418286770549104,0.5719592956243249,0.5179300560772342,0.5563371219653903,0.0,0.22241629800546664,0.0,0.5759281072333374,0.4812050231082316,0.0,0.0,0.0,0.0,0.2697466962048981,0.0,0.0,0.0,0.4517091940130322,0.0,0.0,0.0,0.5201145160765248,0.5832263626004174,0.0,0.0,0.0
0.0,0.0,0.0,0.0,0.22369037262033029,0.3782679412880181,0.2570555065623412,0.0,0.3891438170875148,0.31497571130231306,0.35994310652381567,0.2793274059055339,0.2564847464448432,0.21346674305485766,0.0,0.0,0.0,0.0,0.4023772057732902,0.4148254092017465,0.0,0.4272035706558077,0.37943161574582673,0.0,0.0,0.0,0.37811942302191576,0.1860166578872629,0.0,0.0,0.31312961958249963,0.26093042499163177,0.0,0.289338506311643,0.27652474098699553,0.1787036844014863,0.16740246566074396,0.0,0.25250519105890196,0.0,0.0,0.2751192667768616,0.0,0.31712707433649456,0.0,0.0,0.0,0.0,0.0,0.0,0.0,0.0,0.0,0.0,0.0,0.0,0.0,0.0,0.0,0.0,0.0,0.0,0.0,0.0,0.0,0.0,0.0,0.0,0.0,0.0,0.0,0.0,0.0,0.0,0.0,0.0
0.0,0.3634137124112175,0.3649236818817095,0.22369037262033029,0.0,0.35395748864413984,0.31421319329148184,0.30771325717529935,0.321019099808566,0.4131446667939535,0.2791106329055212,0.4161125810799206,0.3415962332012254,0.23968499296162432,0.0,0.3991808207794544,0.0,0.0,0.32883041813543906,0.35203508197460837,0.0,0.37089743229501404,0.3753319658368792,0.4507653978634145,0.37125807062311905,0.40825600418679847,0.3660028947491625,0.29095535111693144,0.385812393345873,0.0,0.40222835613824787,0.2924340821099164,0.0,0.3806432074224671,0.2362874991639487,0.2186823572854456,0.21018223834748692,0.0,0.3905384342560707,0.0,0.0,0.0,0.33708786757038567,0.0,0.0,0.0,0.0,0.4967405631705551,0.0,0.0,0.5225093192204209,0.0,0.3153668447276497,0.603050029551897,0.0,0.3801675570129138,0.0,0.0,0.38631715204424155,0.0,0.0,0.0,0.0,0.45341765626406416,0.0,0.0,0.0,0.48384961077733796,0.0,0.0,0.0,0.489013160405689,0.0,0.0,0.0,0.0
0.42162932112867674,0.37387807227508835,0.3864486163270535,0.3782679412880181,0.35395748864413984,0.0,0.38546838487770313,0.38569085297449973,0.3362556057881096,0.4267651579083465,0.36779319969238844,0.4461916434766869,0.37794416423822846,0.35438259227814534,0.3868816172861965,0.392618349597733,0.0,0.4065761948485021,0.3895891560375823,0.40242736087454467,0.3977605618051703,0.40438920769855535,0.3924924146899344,0.0,0.3611314289890842,0.40418553472741847,0.3534976669401253,0.35423322786130246,0.2993031695597849,0.3936275267730785,0.3980709629470463,0.371416759936038,0.36009321679716744,0.4039945506712316,0.3945550294740749,0.3882618044385028,0.39474525901021656,0.0,0.46712295023441236,0.0,0.48718104466448975,0.0,0.4741048253672502,0.0,0.0,0.0,0.0,0.5165755923899424,0.0,0.5562720903481911,0.4933819340709678,0.5261833591980797,0.45888283887255954,0.548635822382268,0.0,0.5248694586295488,0.0,0.5116906000312833,0.0,0.0,0.0,0.0,0.0,0.5462800969425231,0.45165321439526634,0.0,0.0,0.48806395079753384,0.0,0.0,0.0,0.48252775769419254,0.4805802571125183,0.4588224804255664,0.4343992987376562,0.4931892571881813
0.0,0.39232087598598914,0.40084277791650397,0.2570555065623412,0.31421319329148184,0.38546838487770313,0.0,0.40885473188632593,0.37275770586669166,0.41038330435048015,0.3825676227257612,0.41729021257206533,0.31947568423561257,0.3114324486130945,0.0,0.43552687168596543,0.4589025722131404,0.4394980999283475,0.39853761175145047,0.3946053743707081,0.0,0.4219521974765208,0.402357389578782,0.4197631338452453,0.41555595046858246,0.4218710503692572,0.3941906758939862,0.31580572685914665,0.40935105566937646,0.0,0.4073909010214102,0.36267560794826603,0.36576765736692796,0.3862819783375299,0.31379178676228786,0.31004491983577104,0.31095105790853295,0.4229279186070281,0.0,0.0,0.0,0.0,0.0,0.0,0.0,0.0,0.0,0.5686588688937174,0.0,0.0,0.5390515005669011,0.0,0.5907478631886027,0.6178486071686985,0.0,0.0,0.0,0.0,0.0,0.0,0.0,0.0,0.0,0.0,0.0,0.0,0.0,0.48692489822131074,0.0,0.0,0.0,0.5027983126425432,0.0,0.0,0.0,0.0
0.4721317492380963,0.45868427433134684,0.4072209283262579,0.0,0.30771325717529935,0.38569085297449973,0.40885473188632593,0.0,0.463507687514081,0.45540057411484136,0.26771869117894787,0.52910713315754,0.4181389044766327,0.32686460828143615,0.3804941918823163,0.45942168435766645,0.0,0.47022580650953094,0.3808632239054771,0.38863466696421956,0.3536198848209746,0.4326932024256049,0.32578577616806065,0.48208489002871713,0.47225728266513284,0.46147353915863915,0.4106979059671468,0.40208814424297445,0.3801997636990594,0.3890068233103997,0.4188629585711639,0.3393029203848683,0.4719244545411562,0.40067144138365884,0.40619655643952335,0.26593000429829616,0.0,0.0,0.37585532109757397,0.0,0.46267623367656974,0.5042131633179103,0.3863303299479276,0.0,0.0,0.0,0.0,0.43736112229239316,0.0,0.4404482324608546,0.45520461568019327,0.4788366209940789,0.35725417601379994,0.49616774182669254,0.0,0.3903321561688302,0.0,0.4801429603236516,0.32913522588696403,0.0,0.0,0.0,0.0,0.4629605054709828,0.0,0.0,0.0,0.4221073722254237,0.0,0.0,0.0,0.44767100091523043,0.45986045335584513,0.44209050541360867,0.0,0.46879227387011885
0.0,0.36492884551164145,0.34122419269325277,0.3891438170875148,0.321019099808566,0.3362556057881096,0.37275770586669166,0.463507687514081,0.0,0.43860354526764955,0.3228507628668221,0.44468132446456954,0.37301043042911003,0.44066062077851487,0.0,0.39553734582751554,0.0,0.0,0.29660749730967234,0.3723336631096956,0.0,0.39286918923142905,0.376372137391393,0.5001291382106908,0.39404311797388886,0.428437331123026,0.33362268447055343,0.4151052148707449,0.4072095434717382,0.44656322881237526,0.4278983044119784,0.40118589313918984,0.40108785577630496,0.42885207528385033,0.42002182220454076,0.4011961410784831,0.41310916730162933,0.42639065367763246,0.48267733013020436,0.0,0.0,0.0,0.45736653431386526,0.6672453436616089,0.0,0.0,0.0,0.5473276873694413,0.0,0.5513820593517449,0.5328185649664662,0.5806916975008207,0.5340072696301096,0.5733105882908696,0.0,0.5040271857962559,0.4315749565594116,0.5908158608187858,0.47925257704899343,0.0,0.0,0.0,0.0,0.5474984440174188,0.0,0.0,0.0,0.534717461627624,0.0,0.0,0.0,0.5243971834729138,0.5709445366713529,0.5196335516922245,0.0,0.637912857222568
0.4019406628125201,0.0,0.4693685356122673,0.31497571130231306,0.4131446667939535,0.4267651579083465,0.41038330435048015,0.45540057411484136,0.43860354526764955,0.0,0.432911976741314,0.2639228965710321,0.4292037525435059,0.4200870929821444,0.0,0.41975106811175084,0.31737565246726773,0.34412642906038166,0.44904286430041823,0.0,0.456228159212838,0.3439879898974246,0.443910599138297,0.3024955543911479,0.3165072043691543,0.3332039595157528,0.43685069823544537,0.40806877608126413,0.0,0.0,0.3059943712689149,0.36608579934574215,0.3000642510597906,0.30946278757722545,0.3418236102179323,0.33350404989180205,0.291366400433574,0.3019226012264942,0.42259931530282946,0.34015758635669074,0.3711145171288373,0.29939873039958215,0.0,0.3486346440294901,0.3112662082360593,0.0,0.0,0.0,0.0,0.0,0.0,0.0,0.0,0.0,0.42262485479009715,0.0,0.43950472932837126,0.46213315113705733,0.0,0.0,0.0,0.41465569970994137,0.39827886346419866,0.0,0.0,0.0,0.0,0.0,0.4223697310952925,0.4171253887132096,0.4411147091920282,0.0,0.42028350964349304,0.0,0.0,0.42236292356205024
0.0,0.0,0.30887949733442627,0.35994310652381567,0.2791106329055212,0.36779319969238844,0.3825676227257612,0.26771869117894787,0.3228507628668221,0.432911976741314,0.0,0.45651149972682614,0.4049886034216492,0.28718466249596153,0.0,0.0,0.0,0.0,0.24485047296698514,0.0,0.0,0.0,0.2968902405320068,0.46287917777272536,0.5114607353139573,0.0,0.37733709721884356,0.39399271946918407,0.0,0.0,0.4243813572953757,0.27808196766916615,0.0,0.42055008645243347,0.3910850310468291,0.2700566803106337,0.39785071935982225,0.0,0.39626828765754074,0.0,0.0,0.0,0.3886001012869433,0.0,0.0,0.0,0.0,0.3919267568741728,0.0,0.3887512588440899,0.4920156437808128,0.45400842864286556,0.395115926840421,0.5101620331411277,0.0,0.1738811651311784,0.0,0.4942812663099183,0.4110855463953784,0.0,0.0,0.0,0.0,0.19460149373117766,0.0,0.0,0.0,0.4953143819535486,0.0,0.0,0.0,0.4964965255645609,0.0,0.0,0.0,0.0
0.38485222703799055,0.0,0.0,0.2793274059055339,0.4161125810799206,0.4461916434766869,0.41729021257206533,0.52910713315754,0.44468132446456954,0.2639228965710321,0.45651149972682614,0.0,0.4170058322792122,0.0,0.0,0.5230986992993416,0.3482243960946794,0.3609362341805226,0.0,0.0,0.5379763765727291,0.0,0.5190470789660039,0.28003703852315776,0.33471032050035243,0.2975860280984178,0.0,0.3970133803782256,0.0,0.0,0.3182995973420693,0.2758103893713735,0.2707163468979758,0.2927025515134507,0.33436138647318003,0.31355279609680786,0.30186207651928354,0.25889083337146207,0.2465591634258373,0.34906991466642223,0.3412669866215604,0.3155145884526205,0.2675538614576063,0.27277770821519826,0.3330554253239909,0.0,0.0,0.0,0.0,0.0,0.0,0.0,0.0,0.40320611159140923,0.42859378200790177,0.0,0.44034243968999154,0.4671826140632156,0.0,0.0,0.0,0.42024142675800963,0.4029545318063846,0.0,0.0,0.0,0.0,0.0,0.4209155081061003,0.41685717647748366,0.43849121472725916,0.0,0.39350475293680226,0.0,0.0,0.4228430528746445
0.48711546626131874,0.4107987431873325,0.4133326517977813,0.2564847464448432,0.3415962332012254,0.37794416423822846,0.31947568423561257,0.4181389044766327,0.37301043042911003,0.4292037525435059,0.4049886034216492,0.4170058322792122,0.0,0.3087226362012323,0.0,0.4535456043700371,0.4415758407158079,0.444857198597873,0.41242430035893424,0.41602135727502276,0.4266452784882559,0.4459813287173305,0.4095501014370313,0.4316048345674012,0.43288984292928184,0.4284282116940024,0.3997632107440073,0.3179362842225217,0.40418130617576925,0.37710440497111475,0.4109238699084497,0.3756242703745822,0.3765781318630756,0.40806908512247725,0.3687366279079477,0.31975636726924045,0.34642924582813767,0.4073960116876225,0.4793883373335514,0.45878632519693235,0.5897293585046068,0.0,0.0,0.0,0.0,0.0,0.0,0.549678507117372,0.0,0.0,0.5117654086084777,0.6326673269593165,0.4778763046651445,0.6186273566933749,0.5037850072086203,0.0,0.4763171402702422,0.5809776992746113,0.0,0.0,0.0,0.0,0.0,0.6424903452505348,0.0,0.0,0.0,0.4899637936237646,0.0,0.0,0.0,0.4905993077362962,0.5473149346711701,0.5008613852098937,0.0,0.5892763037630355
0.468645877873648,0.0,0.40059252214369206,0.21346674305485766,0.23968499296162432,0.35438259227814534,0.3114324486130945,0.32686460828143615,0.44066062077851487,0.4200870929821444,0.28718466249596153,0.0,0.3087226362012323,0.0,0.0,0.0,0.0,0.0,0.39063075903154737,0.0,0.39874087337811936,0.0,0.3267376889011193,0.0,0.0,0.0,0.4243544964821273,0.21380761176866156,0.0,0.0,0.0,0.2158858015189097,0.0,0.0,0.0,0.18835565427004253,0.16364063612215868,0.0,0.20642893738198154,0.0,0.0,0.0,0.26148709021821076,0.0,0.0,0.0,0.0,0.0,0.0,0.0,0.0,0.0,0.0,0.0,0.0,0.0,0.0,0.0,0.0,0.0,0.0,0.0,0.0,0.0,0.0,0.0,0.0,0.0,0.0,0.0,0.0,0.0,0.0,0.0,0.0,0.0
0.3670483336915249,0.39032166176148514,0.0,0.0,0.0,0.3868816172861965,0.0,0.3804941918823163,0.0,0.0,0.0,0.0,0.0,0.0,0.0,0.3998763570746976,0.0,0.3984185307736406,0.0,0.2886046632499501,0.34076210473339585,0.31437408626476854,0.31952458409149637,0.44169102689194717,0.3721581527658965,0.3627935068364316,0.34447800583279864,0.38706323763534284,0.3461438391262526,0.0,0.3787518381688133,0.39120871799996904,0.3738492156401923,0.4037804400890716,0.45469799240043035,0.41072952910731114,0.0,0.0,0.4417187135334654,0.4278939142615673,0.47257905745881434,0.4974077058030949,0.0,0.0,0.0,0.3842750648583487,0.47292158468735607,0.0,0.0,0.0,0.0,0.0,0.4101483160543656,0.0,0.0,0.0,0.0,0.0,0.0,0.39303157431674135,0.4876117501719001,0.0,0.0,0.0,0.35630864017866054,0.4366176635814517,0.47246972675530613,0.4174973061425875,0.0,0.0,0.4940141367659232,0.4235407649704219,0.46444051849277945,0.43760308752200244,0.0,0.47032102130436865
0.40326396730881386,0.3941178366480917,0.0,0.0,0.3991808207794544,0.392618349597733,0.43552687168596543,0.45942168435766645,0.39553734582751554,0.41975106811175084,0.0,0.5230986992993416,0.4535456043700371,0.0,0.3998763570746976,0.0,0.3747154115854696,0.3381606391184157,0.0,0.400270422921376,0.4365856672468531,0.3738151865649405,0.42115323478082556,0.3676762489355019,0.3907631233385086,0.4037202727369928,0.4117378962239142,0.4346711315968601,0.41961173250638645,0.42739946529159517,0.3648602742974591,0.41625104212855907,0.39394224441561,0.38591486148693827,0.47214125388691364,0.0,0.0,0.0,0.4382962881961163,0.4050111385384822,0.4332916518330711,0.43949393603606995,0.0,0.0,0.0,0.4800584811998007,0.44195854824416964,0.0,0.0,0.0,0.0,0.0,0.0,0.0,0.0,0.0,0.0,0.0,0.0,0.4706918701266296,0.43499669953120457,0.0,0.39654648300683937,0.0,0.0,0.4829717778325939,0.4328596311563155,0.0,0.0,0.43355801303167874,0.46334754359361763,0.0,0.0,0.0,0.0,0.4122382839128259
0.38645052326227836,0.0,0.0,0.0,0.0,0.0,0.4589025722131404,0.0,0.0,0.31737565246726773,0.0,0.3482243960946794,0.4415758407158079,0.0,0.0,0.3747154115854696,0.0,0.3051613768546549,0.0,0.0,0.0,0.3651329433680658,0.0,0.3669210776392472,0.3526995873931294,0.36694975986549927,0.0,0.42653203922087946,0.0,0.0,0.3522053206001811,0.4137690280541778,0.3468170187701725,0.35351840367820037,0.4180570272937403,0.40552091066322965,0.0,0.3339879113321412,0.4173605304338964,0.36290854500154046,0.0,0.0,0.0,0.0,0.4956164808129611,0.0,0.43543328714478163,0.0,0.0,0.0,0.0,0.0,0.0,0.0,0.43327158459968296,0.0,0.4509668634256448,0.0,0.0,0.0,0.0,0.44100063429088127,0.4056789213405404,0.0,0.0,0.0,0.0,0.0,0.4755378349958206,0.4133100844208395,0.44386552608251173,0.0,0.0,0.0,0.0,0.0
0.38263664804260805,0.3988283335682573,0.0,0.0,0.0,0.4065761948485021,0.4394980999283475,0.47022580650953094,0.0,0.34412642906038166,0.0,0.3609362341805226,0.444857198597873,0.0,0.3984185307736406,0.3381606391184157,0.3051613768546549,0.0,0.0,0.41831996423785706,0.4397461557405481,0.39609188991897026,0.43383991678415307,0.36384063350329143,0.36100286152704314,0.3806945277021829,0.42234975120397195,0.4256546003290584,0.4332800753170952,0.43951203121428284,0.3753650242423483,0.4189599419308951,0.36928039190282436,0.3842357555649863,0.42832916943697996,0.4334607194820507,0.0,0.0,0.3727572933113638,0.3792850893637874,0.3983402503711295,0.4255688305567218,0.0,0.0,0.0,0.4494149569257387,0.42268597646469197,0.0,0.0,0.0,0.0,0.0,0.0,0.0,0.40835041980461356,0.0,0.4260067786290084,0.0,0.0,0.0,0.41761141518819334,0.4122601699623875,0.41255238654593185,0.0,0.0,0.0,0.4034474862025134,0.0,0.43917649604455034,0.42176336338624326,0.434270671371914,0.0,0.0,0.0,0.0,0.39402451703702723
0.0,0.0,0.26687343622675613,0.4023772057732902,0.32883041813543906,0.3895891560375823,0.39853761175145047,0.3808632239054771,0.29660749730967234,0.44904286430041823,0.24485047296698514,0.0,0.41242430035893424,0.39063075903154737,0.0,0.0,0.0,0.0,0.0,0.0,0.0,0.0,0.22987614770453324,0.0,0.0,0.0,0.36064480674247357,0.3987986656892493,0.0,0.0,0.43402401477370484,0.38954405590774904,0.0,0.43027512531329026,0.39781184036650447,0.369802912055816,0.4137882869696163,0.0,0.4602034549310733,0.0,0.0,0.0,0.43466688467567494,0.0,0.0,0.0,0.0,0.5053047138128326,0.0,0.5077785727616693,0.5247440514326156,0.5879395144164872,0.5027811462374335,0.5423330207460335,0.0,0.44003284264838655,0.0,0.6420710606977826,0.4570191477262098,0.0,0.0,0.0,0.0,0.5196426778610368,0.0,0.0,0.0,0.5261395074379633,0.0,0.0,0.0,0.5299058112377825,0.0,0.0,0.0,0.0
0.4221851224379698,0.3984070712775493,0.0,0.4148254092017465,0.35203508197460837,0.40242736087454467,0.3946053743707081,0.38863466696421956,0.3723336631096956,0.0,0.0,0.0,0.41602135727502276,0.0,0.2886046632499501,0.400270422921376,0.0,0.41831996423785706,0.0,0.0,0.3712462062462319,0.33941116352552564,0.24368284500544127,0.0,0.38785972974270677,0.40305482911890383,0.30422800209562345,0.3405602548127012,0.2984042796206614,0.2957191943984535,0.35456309592569585,0.3995192621408701,0.37690039029253763,0.4092222437272563,0.4657169520623026,0.46691789802445993,0.401919594519527,0.0,0.4318677280862327,0.0,0.4651700382621371,0.49555055054814295,0.0,0.0,0.0,0.0,0.4461155641862643,0.0,0.0,0.0,0.46270798732504037,0.0,0.0,0.0,0.0,0.0,0.0,0.0,0.0,0.44665034619232724,0.0,0.0,0.0,0.0,0.44174291341932476,0.4406060921469959,0.4562956911064224,0.4566919887459018,0.0,0.0,0.4611517448765422,0.44289264633173314,0.4723457033090811,0.44952843850236174,0.5338911805314536,0.45241752970492766
0.3721092841837535,0.410308324652142,0.0,0.0,0.0,0.3977605618051703,0.0,0.3536198848209746,0.0,0.456228159212838,0.0,0.5379763765727291,0.4266452784882559,0.39874087337811936,0.34076210473339585,0.4365856672468531,0.0,0.4397461557405481,0.0,0.3712462062462319,0.0,0.4013618687302584,0.36141927031575394,0.45573087532441103,0.42333788079501206,0.3902347960840629,0.3826361013085067,0.4093841984360378,0.3900317018630899,0.4062575440337877,0.39075316470134636,0.39743009794006834,0.40700003072405116,0.4122267202732686,0.46041661058184424,0.3949364263154049,0.0,0.0,0.45888657876816685,0.48101122750262043,0.4949538556075044,0.553185694645142,0.0,0.0,0.0,0.4664471333907105,0.47904066334652,0.0,0.0,0.0,0.4697139510995216,0.0,0.44668979179303897,0.758690028034593,0.0,0.0,0.0,0.5285859969966894,0.0,0.4442834790368906,0.48491573410496747,0.0,0.0,0.0,0.455712741656674,0.43347457675384604,0.4788085486689891,0.46046696031502204,0.0,0.0,0.49584014422529904,0.4668485783372321,0.4810342978294423,0.45866606228843676,0.4985587600549744,0.0
0.3872983169814766,0.3523747421301303,0.0,0.4272035706558077,0.37089743229501404,0.40438920769855535,0.4219521974765208,0.4326932024256049,0.39286918923142905,0.3439879898974246,0.0,0.0,0.4459813287173305,0.0,0.31437408626476854,0.3738151865649405,0.3651329433680658,0.39609188991897026,0.0,0.33941116352552564,0.4013618687302584,0.0,0.39881431916018406,0.37664370998397917,0.39222995143040623,0.38105055167369717,0.4010853287685758,0.4078942958317753,0.3799541670320777,0.37267164317702983,0.3693303150150769,0.40351861511412407,0.38289552623325157,0.4000312787243288,0.46689917599856545,0.47614896086301484,0.4435823106512194,0.0,0.46188783762401786,0.4721704215382337,0.47485159296482027,0.49394103630169933,0.0,0.0,0.0,0.46371555532670966,0.4579192471416456,0.0,0.0,0.0,0.0,0.0,0.437069300423042,0.0,0.0,0.0,0.0,0.0,0.0,0.4694346748262915,0.45258580678096055,0.0,0.0,0.0,0.4514753036045936,0.46354629363914884,0.4762006476239962,0.44782462395638145,0.0,0.44659817178670597,0.48594197811570133,0.45413430317441333,0.5343130377483283,0.4410022587464405,0.0,0.461754579823793
0.43083684292475277,0.4028159361133091,0.26279003948218843,0.37943161574582673,0.3753319658368792,0.3924924146899344,0.402357389578782,0.32578577616806065,0.376372137391393,0.443910599138297,0.2968902405320068,0.5190470789660039,0.4095501014370313,0.3267376889011193,0.31952458409149637,0.42115323478082556,0.0,0.43383991678415307,0.22987614770453324,0.24368284500544127,0.36141927031575394,0.39881431916018406,0.0,0.467756861106574,0.42249689240701793,0.4185210958487689,0.3064318897506871,0.4007375687713659,0.3724626390702565,0.3914515466383552,0.40345582963548027,0.37012292330079277,0.3477577814843021,0.41092364525391095,0.41487223148295804,0.3674134700566284,0.4127664428790952,0.0,0.4663554819139873,0.4167572378984337,0.48911718671752075,0.4885352774679422,0.45420598874963813,0.5131149176823431,0.0,0.0,0.4756366744330464,0.465336919370015,0.0,0.512114295560825,0.49650070219188336,0.5160862817793317,0.4511553898401228,0.5414598840147634,0.0,0.43030538604108026,0.0,0.5082400768306857,0.42232088464351686,0.4472028720946962,0.0,0.0,0.0,0.47382147553282494,0.45691078725518036,0.45897045647086127,0.463339088471659,0.48156848185424495,0.0,0.0,0.4736951833895914,0.4854862195813727,0.481390548589149,0.4626630577820336,0.4759270320434997,0.49093795549116975
0.3439990131846319,0.0,0.0,0.0,0.4507653978634145,0.0,0.4197631338452453,0.48208489002871713,0.5001291382106908,0.3024955543911479,0.46287917777272536,0.28003703852315776,0.4316048345674012,0.0,0.44169102689194717,0.3676762489355019,0.3669210776392472,0.36384063350329143,0.0,0.0,0.45573087532441103,0.37664370998397917,0.467756861106574,0.0,0.3730592033785329,0.3242101646398629,0.0,0.4196515050994507,0.0,0.0,0.35319047911700746,0.3495097124287062,0.24255840502484768,0.30532639004893636,0.4273916513367783,0.40427677218464686,0.2651770313734941,0.2665557847506145,0.27585808710131016,0.3764611211023538,0.37473095802047096,0.0,0.0,0.0,0.3604504702112596,0.44146788188332853,0.0,0.0,0.0,0.0,0.0,0.0,0.0,0.0,0.41921380288779464,0.0,0.4336845725831349,0.4335472780530598,0.0,0.0,0.4522198978739454,0.3983153838538243,0.43385989913187917,0.0,0.0,0.0,0.0,0.0,0.3910960562308941,0.42216189122742936,0.45683668027570973,0.0,0.3481945827741043,0.0,0.0,0.430851907310317
0.3830046791586849,0.3765978514500012,0.0,0.0,0.37125807062311905,0.3611314289890842,0.41555595046858246,0.47225728266513284,0.39404311797388886,0.3165072043691543,0.5114607353139573,0.33471032050035243,0.43288984292928184,0.0,0.3721581527658965,0.3907631233385086,0.3526995873931294,0.36100286152704314,0.0,0.38785972974270677,0.42333788079501206,0.39222995143040623,0.42249689240701793,0.3730592033785329,0.0,0.3745520802087613,0.38700711368433194,0.4187067788881702,0.4236928577391199,0.47987395479417283,0.37743064025018924,0.39863871472487755,0.3417661262875751,0.36135788090685855,0.4190779841802913,0.4461545364813441,0.6812629956450271,0.32466055752340545,0.4386285029510294,0.4217238681900383,0.4383304793571494,0.4513470636588332,0.0,0.0,0.0,0.45785689816376823,0.4405941942770488,0.0,0.0,0.0,0.0,0.0,0.0,0.0,0.42061675406167615,0.0,0.44320406534839424,0.0,0.0,0.4393266119454855,0.43668268201237187,0.43204825339984276,0.4335125548688013,0.0,0.0,0.0,0.40592668128707504,0.0,0.47095437592154493,0.4380423306117411,0.44869825470649954,0.0,0.0,0.439854255694763,0.0,0.4244731674413027
0.36269969159825777,0.38065067055061086,0.0,0.0,0.40825600418679847,0.40418553472741847,0.4218710503692572,0.46147353915863915,0.428437331123026,0.3332039595157528,0.0,0.2975860280984178,0.4284282116940024,0.0,0.3627935068364316,0.4037202727369928,0.36694975986549927,0.3806945277021829,0.0,0.40305482911890383,0.3902347960840629,0.38105055167369717,0.4185210958487689,0.3242101646398629,0.3745520802087613,0.0,0.4065011646845774,0.41197057096657336,0.39744672538799053,0.0,0.38076486729019726,0.405366236247698,0.3687345326543644,0.37677206159741594,0.4374469465813214,0.38198297027555983,0.0,0.32201842721523555,0.4524512202528072,0.42397438464336207,0.46357209680927713,0.4740428004312606,0.0,0.0,0.30587019154440925,0.45689011775922467,0.4688456699302301,0.0,0.0,0.0,0.0,0.0,0.0,0.0,0.4406631508437489,0.0,0.45147409022608026,0.0,0.0,0.4895530635211127,0.4520383965207688,0.4441609585024342,0.43416538932942383,0.0,0.4670164621029869,0.4826874737862223,0.4856826420343661,0.4699830624184447,0.4742666636424638,0.4447756185967478,0.46773786207230295,0.47934119860082447,0.0,0.4839129572287249,0.0,0.4657230281405927
0.42910109900672516,0.3917539752330202,0.309567373833691,0.37811942302191576,0.3660028947491625,0.3534976669401253,0.3941906758939862,0.4106979059671468,0.33362268447055343,0.43685069823544537,0.37733709721884356,0.0,0.3997632107440073,0.4243544964821273,0.34447800583279864,0.4117378962239142,0.0,0.42234975120397195,0.36064480674247357,0.30422800209562345,0.3826361013085067,0.4010853287685758,0.3064318897506871,0.0,0.38700711368433194,0.4065011646845774,0.0,0.39131869074374126,0.36586979882788995,0.37442875357356975,0.3769191706986062,0.36823812266424977,0.34177952418013124,0.39749660731804576,0.40847034876867316,0.40169711925168394,0.3889456049944596,0.0,0.4615185635432458,0.4537238235583985,0.48048398671733167,0.4831392690803044,0.47083200626901395,0.0,0.0,0.0,0.0,0.5215813800607376,0.0,0.5455655275437198,0.49544685278239314,0.5277533169534049,0.4705139737235952,0.556233103549176,0.0,0.5060657766092737,0.0,0.5064007187434211,0.5130635494580482,0.4455857787649125,0.0,0.0,0.0,0.5496582132243389,0.4537207587140318,0.46269611685521883,0.46657234618122573,0.48324634082746337,0.0,0.0,0.4891424510589917,0.47749144112819336,0.479435433102209,0.46244934385710745,0.47440372110359574,0.48894639213437185
0.0,0.4062972546644814,0.4150124886123173,0.1860166578872629,0.29095535111693144,0.35423322786130246,0.31580572685914665,0.40208814424297445,0.4151052148707449,0.40806877608126413,0.39399271946918407,0.3970133803782256,0.3179362842225217,0.21380761176866156,0.38706323763534284,0.4346711315968601,0.42653203922087946,0.4256546003290584,0.3987986656892493,0.3405602548127012,0.4093841984360378,0.4078942958317753,0.4007375687713659,0.4196515050994507,0.4187067788881702,0.41197057096657336,0.39131869074374126,0.0,0.3224497269248634,0.33571160905495295,0.380870322438232,0.3701400177966139,0.34813928874356087,0.37301526284028136,0.3195691599497258,0.2319222761592946,0.23147947175833186,0.3640126693285263,0.45140494972011375,0.0,0.4871077159844709,0.34102301649828254,0.0,0.4382538365989369,0.0,0.0,0.0,0.5733591597776341,0.0,0.0,0.4793302152619659,0.0,0.45078491897154443,0.0,0.4660158994597992,0.0,0.4920453855708895,0.0,0.0,0.0,0.0,0.0,0.0,0.0,0.45605074971998255,0.44735200951303344,0.0,0.47114471043110867,0.0,0.0,0.0,0.46764650035744393,0.48244373039935107,0.46090248818804,0.0,0.49855026244435663
0.0,0.4066583158750436,0.0,0.0,0.385812393345873,0.2993031695597849,0.40935105566937646,0.3801997636990594,0.4072095434717382,0.0,0.0,0.0,0.40418130617576925,0.0,0.3461438391262526,0.41961173250638645,0.0,0.4332800753170952,0.0,0.2984042796206614,0.3900317018630899,0.3799541670320777,0.3724626390702565,0.0,0.4236928577391199,0.39744672538799053,0.36586979882788995,0.3224497269248634,0.0,0.32750023502891207,0.34067993559229354,0.35957124119245587,0.3317626283062811,0.3841709039280828,0.4075845767065277,0.41798438639738833,0.4030672674041194,0.0,0.4360202982247242,0.4662273265679293,0.4663802078916837,0.0,0.4986614484942455,0.0,0.0,0.0,0.0,0.5217414526209452,0.0,0.0,0.4556819273178822,0.0,0.44295392469642375,0.0,0.0,0.0,0.0,0.49976226056630096,0.0,0.42623185834691163,0.0,0.0,0.0,0.0,0.43772172376456314,0.4376799528722424,0.4345045451254678,0.4550083649496726,0.0,0.0,0.0,0.44970603523104874,0.4604631211907098,0.4410146750046579,0.4721648367474679,0.46186293834183295
0.0,0.4067249670485784,0.4297796350612325,0.0,0.0,0.3936275267730785,0.0,0.3890068233103997,0.44656322881237526,0.0,0.0,0.0,0.37710440497111475,0.0,0.0,0.42739946529159517,0.0,0.43951203121428284,0.0,0.2957191943984535,0.4062575440337877,0.37267164317702983,0.3914515466383552,0.0,0.47987395479417283,0.0,0.37442875357356975,0.33571160905495295,0.32750023502891207,0.0,0.3160699732251939,0.36228220393659566,0.34474177898072145,0.3613393424149245,0.4237880824999972,0.0,0.0,0.0,0.0,0.0,0.0,0.0,0.0,0.0,0.0,0.0,0.0,0.0,0.0,0.0,0.5144037899439127,0.0,0.5463581699123049,0.0,0.0,0.0,0.0,0.0,0.0,0.0,0.0,0.0,0.0,0.0,0.45014200431783885,0.0,0.0,0.4663710377563464,0.0,0.0,0.0,0.46726478750896583,0.0,0.4791835323572254,0.0,0.5436496214823497
0.38123898931478495,0.36533076719955593,0.42937312558344937,0.31312961958249963,0.40222835613824787,0.3980709629470463,0.4073909010214102,0.4188629585711639,0.4278983044119784,0.3059943712689149,0.4243813572953757,0.3182995973420693,0.4109238699084497,0.0,0.3787518381688133,0.3648602742974591,0.3522053206001811,0.3753650242423483,0.43402401477370484,0.35456309592569585,0.39075316470134636,0.3693303150150769,0.40345582963548027,0.35319047911700746,0.37743064025018924,0.38076486729019726,0.3769191706986062,0.380870322438232,0.34067993559229354,0.3160699732251939,0.0,0.3735517612377078,0.3348609145868626,0.3042818268091093,0.4455026481299875,0.43736360762762405,0.38244226125419006,0.3268306313147734,0.42404074808648606,0.3827860347817633,0.4187220330769224,0.0,0.0,0.0,0.33355940018813524,0.4421071231726563,0.4365791717328178,0.6633542188977696,0.0,0.0,0.501728514614341,0.0,0.0,0.0,0.4211543762938055,0.0,0.4314879895908021,0.0,0.0,0.42988181182019936,0.437394907986639,0.0,0.42388173710608795,0.0,0.4265678053836768,0.42547506095715865,0.45810114608042013,0.47332617182311504,0.36141285788824246,0.43033821872485295,0.44957388876002224,0.47234453329045567,0.506819787544463,0.4572276345163043,0.0,0.0
0.4143991071774821,0.38835571056434304,0.4006615038062332,0.26093042499163177,0.2924340821099164,0.371416759936038,0.36267560794826603,0.3393029203848683,0.40118589313918984,0.36608579934574215,0.27808196766916615,0.2758103893713735,0.3756242703745822,0.2158858015189097,0.39120871799996904,0.41625104212855907,0.4137690280541778,0.4189599419308951,0.38954405590774904,0.3995192621408701,0.39743009794006834,0.40351861511412407,0.37012292330079277,0.3495097124287062,0.39863871472487755,0.405366236247698,0.36823812266424977,0.3701400177966139,0.35957124119245587,0.36228220393659566,0.3735517612377078,0.0,0.3226988953642992,0.36081836835454545,0.3722634300314131,0.23925813315145325,0.2970598179670245,0.27364937314663607,0.2947790491351922,0.3028716365450464,0.32650346289393484,0.3190341362914509,0.302445451413902,0.2849300821386114,0.2851563101173869,0.46617952927818407,0.4559125968160582,0.49352592115139166,0.0,0.0,0.4625544802804118,0.0,0.25731571999693315,0.4965053687038754,0.3066330002003571,0.37169853506037126,0.2488318525971898,0.47260582696379977,0.0,0.45244279984689456,0.4477005290230247,0.0,0.42019567270059127,0.4784795941770807,0.4384224036777595,0.44741672523422654,0.4574900391372693,0.44700685158667836,0.0,0.42996448419387634,0.46634595620319264,0.44881485461816933,0.4562070667128564,0.42930597056403197,0.4404128829275592,0.4390911911214858
0.3732223082730001,0.3790853766688534,0.0,0.0,0.0,0.36009321679716744,0.36576765736692796,0.4719244545411562,0.40108785577630496,0.3000642510597906,0.0,0.2707163468979758,0.3765781318630756,0.0,0.3738492156401923,0.39394224441561,0.3468170187701725,0.36928039190282436,0.0,0.37690039029253763,0.40700003072405116,0.38289552623325157,0.3477577814843021,0.24255840502484768,0.3417661262875751,0.3687345326543644,0.34177952418013124,0.34813928874356087,0.3317626283062811,0.34474177898072145,0.3348609145868626,0.3226988953642992,0.0,0.2899643465815907,0.446861837191063,0.3294332145772256,0.27774151281382664,0.21320227500123348,0.29987383858376465,0.2777198663618653,0.2802653826094465,0.32744499720293685,0.3455253728130971,0.32829191635809263,0.2550122285590206,0.4580966937620103,0.44734245573864156,0.0,0.0,0.0,0.0,0.0,0.0,0.0,0.36914301597959215,0.0,0.3849601405766991,0.48087246803359246,0.0,0.4690413282180271,0.4242454845532759,0.34658500516346896,0.40433907763218585,0.0,0.4531653032253999,0.0,0.473750196617528,0.42982322743079004,0.30287923591563104,0.4076586210531839,0.43107396132056575,0.3765103650032973,0.4240081149355537,0.0,0.0,0.3936015391827911
0.36557063946393853,0.37613613415664976,0.42936895426034655,0.289338506311643,0.3806432074224671,0.4039945506712316,0.3862819783375299,0.40067144138365884,0.42885207528385033,0.30946278757722545,0.42055008645243347,0.2927025515134507,0.40806908512247725,0.0,0.4037804400890716,0.38591486148693827,0.35351840367820037,0.3842357555649863,0.43027512531329026,0.4092222437272563,0.4122267202732686,0.4000312787243288,0.41092364525391095,0.30532639004893636,0.36135788090685855,0.37677206159741594,0.39749660731804576,0.37301526284028136,0.3841709039280828,0.3613393424149245,0.3042818268091093,0.36081836835454545,0.2899643465815907,0.0,0.3131887087646073,0.326606142147869,0.2741683734928162,0.2395733906899219,0.3287820450526412,0.33749711646907643,0.35629308931623305,0.29542672415370064,0.35340680802882557,0.3226437726417204,0.2764046836618098,0.4435201851683985,0.4390002230093256,0.6486182704928422,0.0,0.0,0.49244050245392296,0.0,0.460746502924717,0.0,0.3907688228733398,0.0,0.3796627884512746,0.0,0.0,0.46626490206765103,0.4249053712754655,0.0,0.4186865649589583,0.0,0.43293572721299006,0.4629947285118668,0.4786930204498731,0.47798929920558025,0.3506868300527657,0.4202718275705923,0.45450202007815266,0.46544534096047896,0.0,0.4610993522525687,0.0,0.4887005496641366
0.435591730416184,0.430851944425698,0.408909789229656,0.27652474098699553,0.2362874991639487,0.3945550294740749,0.31379178676228786,0.40619655643952335,0.42002182220454076,0.3418236102179323,0.3910850310468291,0.33436138647318003,0.3687366279079477,0.0,0.45469799240043035,0.47214125388691364,0.4180570272937403,0.42832916943697996,0.39781184036650447,0.4657169520623026,0.46041661058184424,0.46689917599856545,0.41487223148295804,0.4273916513367783,0.4190779841802913,0.4374469465813214,0.40847034876867316,0.3195691599497258,0.4075845767065277,0.4237880824999972,0.4455026481299875,0.3722634300314131,0.446861837191063,0.3131887087646073,0.0,0.38257245603687484,0.38166638240016976,0.33051820939120474,0.32313826035790766,0.35658977392237573,0.3671834537935902,0.38286576605312517,0.35289399901216434,0.3417625045288306,0.329556729853943,0.46493487580986637,0.47678730183178647,0.0,0.0,0.0,0.0,0.0,0.43258095576254707,0.0,0.0,0.0,0.31481727045448477,0.0,0.0,0.49755235792489266,0.4610457218940601,0.0,0.4595018575973183,0.0,0.4789201473251386,0.5008815910358978,0.5076867555150023,0.4671965559229957,0.0,0.45694433669466766,0.4872653685162589,0.46181256271288107,0.4000541479943747,0.48665873390431674,0.0,0.0
0.0,0.0,0.391108657694254,0.1787036844014863,0.2186823572854456,0.3882618044385028,0.31004491983577104,0.26593000429829616,0.4011961410784831,0.33350404989180205,0.2700566803106337,0.31355279609680786,0.31975636726924045,0.18835565427004253,0.41072952910731114,0.0,0.40552091066322965,0.4334607194820507,0.369802912055816,0.46691789802445993,0.3949364263154049,0.47614896086301484,0.3674134700566284,0.40427677218464686,0.4461545364813441,0.38198297027555983,0.40169711925168394,0.2319222761592946,0.41798438639738833,0.0,0.43736360762762405,0.23925813315145325,0.3294332145772256,0.326606142147869,0.38257245603687484,0.0,0.20577820187838453,0.30834344957405657,0.27811868886184127,0.0,0.2885260301208672,0.3274905763506177,0.26102528726326885,0.30332374701278764,0.0,0.0,0.0,0.41966996322945754,0.0,0.0,0.4294481943775096,0.0,0.25434245765990315,0.5054557529905703,0.0,0.3648009911245097,0.2899398461045058,0.4426958653577081,0.27443617284410043,0.0,0.0,0.0,0.0,0.41458862964102094,0.0,0.0,0.0,0.4482762360145378,0.0,0.0,0.0,0.441187470326021,0.4449286034432739,0.45446662282869743,0.0,0.42957868607689975
0.0,0.0,0.42449058462158823,0.16740246566074396,0.21018223834748692,0.39474525901021656,0.31095105790853295,0.0,0.41310916730162933,0.291366400433574,0.39785071935982225,0.30186207651928354,0.34642924582813767,0.16364063612215868,0.0,0.0,0.0,0.0,0.4137882869696163,0.401919594519527,0.0,0.4435823106512194,0.4127664428790952,0.2651770313734941,0.6812629956450271,0.0,0.3889456049944596,0.23147947175833186,0.4030672674041194,0.0,0.38244226125419006,0.2970598179670245,0.27774151281382664,0.2741683734928162,0.38166638240016976,0.20577820187838453,0.0,0.29613968977920013,0.25042188965283246,0.0,0.2888583181497378,0.315064651225835,0.31006793116511344,0.27139640760777006,0.0,0.0,0.0,0.0,0.0,0.0,0.0,0.0,0.0,0.0,0.0,0.0,0.2530724075184233,0.0,0.0,0.0,0.0,0.0,0.0,0.0,0.0,0.0,0.0,0.5538985628323586,0.0,0.0,0.0,0.5922577301244962,0.40086726081783514,0.0,0.0,0.0
0.4519519752162295,0.0,0.0,0.0,0.0,0.0,0.4229279186070281,0.0,0.42639065367763246,0.3019226012264942,0.0,0.25889083337146207,0.4073960116876225,0.0,0.0,0.0,0.3339879113321412,0.0,0.0,0.0,0.0,0.0,0.0,0.2665557847506145,0.32466055752340545,0.32201842721523555,0.0,0.3640126693285263,0.0,0.0,0.3268306313147734,0.27364937314663607,0.21320227500123348,0.2395733906899219,0.33051820939120474,0.30834344957405657,0.29613968977920013,0.0,0.23260916854448543,0.26431741717095714,0.27127688972910374,0.2356945966722999,0.25729172401047745,0.0,0.24874547448116377,0.0,0.0,0.0,0.0,0.0,0.0,0.0,0.0,0.0,0.3592278968101233,0.0,0.3643265670978116,0.0,0.0,0.0,0.0,0.0,0.0,0.0,0.0,0.0,0.0,0.0,0.2913878099963683,0.0,0.4392517200151236,0.0,0.4034900180975382,0.0,0.0,0.3713802106598525
0.426748006138725,0.45488776151444205,0.48859363401457606,0.25250519105890196,0.3905384342560707,0.46712295023441236,0.0,0.37585532109757397,0.48267733013020436,0.42259931530282946,0.39626828765754074,0.2465591634258373,0.4793883373335514,0.20642893738198154,0.4417187135334654,0.4382962881961163,0.4173605304338964,0.3727572933113638,0.4602034549310733,0.4318677280862327,0.45888657876816685,0.46188783762401786,0.4663554819139873,0.27585808710131016,0.4386285029510294,0.4524512202528072,0.4615185635432458,0.45140494972011375,0.4360202982247242,0.0,0.42404074808648606,0.2947790491351922,0.29987383858376465,0.3287820450526412,0.32313826035790766,0.27811868886184127,0.25042188965283246,0.23260916854448543,0.0,0.32679537056919983,0.37623857194652816,0.34540464552533157,0.26945811898952504,0.32120484530056864,0.26911398675897374,0.41525279481324934,0.39539954473168687,0.3827918445158671,0.294411077374625,0.3273603448884545,0.37314952939974366,0.36577324440178305,0.37093171473688064,0.407523951080101,0.3292136674763687,0.3391476740593145,0.24958752758342456,0.3921457135013179,0.23172437619194167,0.3868733365574425,0.40729563743773645,0.4065610839619845,0.41411007067597794,0.37932533962366494,0.39743421718863564,0.3876471273877019,0.4034381871672002,0.37444900680432924,0.3090650961547318,0.39711176580986834,0.4028986751762866,0.3805533970877201,0.37544741764213596,0.3769987679748762,0.34198598752085485,0.38340684400475805
