0.0,0.37045255799043264,0.0,0.0,0.0,0.40822195636628283,0.5808734844097876,0.46216997435445506,0.0,0.39297959686154865,0.0,0.3476329084175842,0.451652606184506,0.4756373500646911,0.36840289918562025,0.3661455199320351,0.42525053067490093,0.36597399830670824,0.0,0.4300737200554156,0.3553638342501326,0.3763350198707664,0.4199886869905179,0.335442107970899,0.3571928623146899,0.349365134722736,0.4201684734690048,0.42516443018089906,0.4542816972051729,0.0,0.3189593803175955,0.3805148018420551,0.3390845542674842,0.34822866245363576,0.0,0.5126815089472748,0.0,0.42374777738718183,0.4424392388207881,0.4250567510828267,0.0,0.0,0.0,0.0,0.0,0.3394920764055319,0.455974920816396,0.0,0.0,0.0,0.5101803354521178,0.0,0.0,0.0,0.4498420057266058,0.0,0.0,0.0,0.0,0.0,0.4501765650319985,0.0,0.41591926385994893,0.0,0.0,0.2908955574094758,0.4545738463602702,0.0,0.2229457647656287,0.44025226309213833,0.4418381044771688,0.0,0.0,0.4357266105116131,0.0,0.0
0.37045255799043264,0.0,0.4441778486889618,0.5793176174866688,0.39804737314462657,0.3782350336320297,0.4028660778616416,0.45676138193213295,0.39216284820882225,0.38343975170086586,0.0,0.0,0.4017307163485008,0.40695156544413486,0.40094742105592435,0.3591581238319888,0.36374638907207485,0.3432672322683779,0.0,0.40049395191644327,0.36961283793404226,0.3857585419118873,0.4053186550775277,0.4345794354546783,0.32715295402888983,0.36454250510872677,0.3972788422567033,0.4098179108157138,0.3880539666903635,0.0,0.3217476765267317,0.3815926245820462,0.31446407399455073,0.32661236975498426,0.40330250460819156,0.6625365980269446,0.0,0.0,0.4476000125756791,0.4115483959638416,0.43990353902091245,0.4562539684420947,0.0,0.0,0.0,0.4145639989985211,0.4524724244363414,0.2914612724962622,0.0,0.0,0.4622625636801006,0.7034636090103165,0.0,0.0,0.5285760599139375,0.0,0.44078860745380866,0.6494249421025322,0.0,0.4602430069237328,0.4372465888648276,0.5777206195826998,0.4195646287711016,0.0,0.4390192200551236,0.4365359192015281,0.4583830436087763,0.46967715020707007,0.3709974344853794,0.4338417062505206,0.46023760842261047,0.45641975719480127,0.5993199279807917,0.4378781905989549,0.0,0.41661566704198594
0.0,0.4441778486889618,0.0,0.4371986706627733,0.3850789623954476,0.39627915733622493,0.43527412977487717,0.431625744465803,0.27613996471406077,0.4861871200364968,0.3164663707843489,0.5537188685868837,0.44542278717402495,0.39931933717747814,0.0,0.0,0.0,0.0,0.24914584753500885,0.0,0.0,0.0,0.28846133378799244,0.0,0.5133235454734284,0.5213199072006257,0.2810491899388036,0.4441104686101383,0.4066813194628871,0.4491888736628599,0.457681311934017,0.42667489517438134,0.4871763905184851,0.455900564575649,0.44155413179180186,0.41444324618044637,0.4486225566251413,0.5427462390683324,0.5254352123336908,0.0,0.6385703887794675,0.0,0.502023880486284,0.8162590312180799,0.0,0.0,0.0,0.29019850196454655,0.45757125751763594,0.5437843996113086,0.554387350518757,0.5590551411739528,0.5422742443397874,0.4515044279376668,0.0,0.42144288556761295,0.562881433586189,0.5798801134109773,0.4763231114296914,0.0,0.0,0.0,0.0,0.27469212635718426,0.5096053655283479,0.0,0.0,0.5148157496790164,0.0,0.0,0.0,0.5468144539331434,0.5890337077594525,0.6438869990722432,0.0,0.6503586814103429
0.0,0.5793176174866688,0.4371986706627733,0.0,0.24160757015496426,0.40098707623324825,0.2852164687538987,0.3710565480793599,0.41094629039664354,0.2598426972429438,0.35951552256751496,0.30868316177080596,0.30848262536371,0.28201018971021957,0.0,0.0,0.0,0.0,0.3975804141021189,0.40592551394945525,0.0,0.42538514486605133,0.3955004777624183,0.0,0.0,0.41341451211095126,0.41466221532535946,0.2505071648433634,0.4315293635710744,0.0,0.3000749169871668,0.2982080343625336,0.0,0.32787124479902496,0.32440844308365935,0.23955678049030907,0.2035008078806248,0.231777710840904,0.2781246272005459,0.0,0.33270668511155427,0.0,0.0,0.0,0.0,0.0,0.0,0.0,0.0,0.0,0.0,0.0,0.0,0.0,0.0,0.5816041436008148,0.0,0.0,0.0,0.0,0.0,0.0,0.0,0.0,0.0,0.0,0.0,0.840916945858328,0.0,0.0,0.0,0.7496109880891652,0.0,0.7145626566315068,0.0,0.0
0.0,0.39804737314462657,0.3850789623954476,0.24160757015496426,0.0,0.3721471499210331,0.3261632805052358,0.3978232164280736,0.330274931471448,0.44209237564411824,0.3177128268007807,0.4203209373195084,0.39091924009992807,0.2931004647722586,0.0,0.0,0.0,0.0,0.3623042069654622,0.3818447764916146,0.5680653620036327,0.4031611427040555,0.4001532597996625,0.0,0.3785621206674952,0.43712528258069144,0.4006854601175841,0.3693762917945378,0.4008786569961111,0.0,0.45896987543000384,0.3442320114034048,0.0,0.4486372306417771,0.3922296235858421,0.23464517897841683,0.21949873494366975,0.4327969995482731,0.5380527790888779,0.31154016661260264,0.6538404489586864,0.0,0.45510090387061325,0.0,0.0,0.0,0.0,0.5522855668684802,0.0,0.5766076354954419,0.5539184464221956,0.6513081945926589,0.5059044086598768,0.5684873308293877,0.0,0.4985328071362076,0.32489768463347296,0.7264272928738925,0.48553584630176067,0.7164673711934177,0.0,0.0,0.0,0.5114902119113648,0.47904495131924574,0.0,0.7050669615372238,0.5245242264157506,0.0,0.0,0.0,0.5438436002393006,0.6852459854355554,0.0,0.0,0.0
0.40822195636628283,0.3782350336320297,0.39627915733622493,0.40098707623324825,0.3721471499210331,0.0,0.3913459932661025,0.3945187521905697,0.32573787046105585,0.4217788749147321,0.38285994085509123,0.465359118239179,0.3702984018081965,0.41972327669858017,0.40148826712698577,0.40675002529591525,0.5335305855881121,0.38239226670627335,0.39777613727167127,0.3814558871792481,0.40777598406710164,0.4064018881369928,0.36221136588666,0.0,0.35497107707342496,0.3871916700712754,0.3561978194089819,0.3635767326812719,0.3464324319648225,0.3866471393167128,0.41471614055325273,0.403623776886486,0.3754507996625727,0.41609400387637957,0.4170764292860647,0.4248518866951043,0.4144733010996487,0.45197600636534047,0.4293888927024427,0.479585619739266,0.48051767057329015,0.45314560417253374,0.49269521348459855,0.7228890124898079,0.0,0.5166640974812655,0.5000825223730827,0.5245399048110176,0.0,0.5772916953139461,0.4995692952184975,0.5258710843892481,0.46364931043260055,0.525427257692581,0.0,0.5256207148731213,0.44664308622378707,0.5169820360564794,0.0,0.4820112204590738,0.5927582151621255,0.0,0.7277756251419231,0.5091927446783996,0.4700115654141019,0.44996679560936936,0.4766808910953793,0.5027848226035295,0.0,0.5684700009830527,0.4795440073826115,0.501558651937822,0.5000266518421772,0.4817285807135875,0.5122440859798432,0.5218306377341329
0.5808734844097876,0.4028660778616416,0.43527412977487717,0.2852164687538987,0.3261632805052358,0.3913459932661025,0.0,0.4773277477769195,0.4100845836193992,0.4070053694805348,0.4424321323412114,0.3922662908388083,0.32127409612464786,0.34417301964206465,0.43224795816142053,0.44424562934322215,0.4239667653089937,0.4181165774876989,0.45517795212657447,0.4241829465766416,0.0,0.4435885773608232,0.43662513917913726,0.38141917636706485,0.3919634772110099,0.3954674545760464,0.4285249464838121,0.37968040191116115,0.42105131601878354,0.3919045077668105,0.4059816463936186,0.385804783446434,0.38629926210317567,0.40588554766640866,0.37904263194260673,0.30079934587225127,0.32418008088336914,0.38098810755735174,0.5152428299290367,0.3491582790366299,0.5631658687087607,0.5197713273879172,0.5337530927393693,0.0,0.3521316620377838,0.0,0.5942210008723599,0.5836138237213828,0.0,0.7160628078010247,0.5441617151370125,0.6228191032465742,0.5456273818581467,0.6070623549364295,0.0,0.5955802151766119,0.3887566860866697,0.6593764869295128,0.0,0.7077642509021419,0.8855294384582144,0.0,0.0,0.6111591589228241,0.652637658761113,0.0,0.6511008261361455,0.5208975188581966,0.0,0.7522463225073989,0.6170408797280018,0.5235535367921405,0.6186057448416845,0.6003006443643132,0.0,0.7531311986503315
0.46216997435445506,0.45676138193213295,0.431625744465803,0.3710565480793599,0.3978232164280736,0.3945187521905697,0.4773277477769195,0.0,0.46763218896389486,0.49160997019023533,0.2955591716195941,0.5304848795183554,0.4626813673056012,0.34953792517199145,0.35862162510230744,0.44401799045319423,0.0,0.43307535467567326,0.3812381905308015,0.41320504064197044,0.386908890047118,0.4384536758179365,0.3705844221840254,0.4914052595338761,0.41793250879515903,0.45655418492887184,0.4215532801695963,0.4281045055320714,0.3934186437653576,0.38310820440453286,0.45831866413698635,0.38971439677456343,0.44375919427321264,0.45831897339238165,0.450826861784479,0.3358813011509793,0.36888401820107625,0.6416784426397387,0.47710043107234995,0.0,0.5078223827209726,0.0,0.4768282407974779,0.0,0.0,0.37941116029851146,0.0,0.541938549799334,0.0,0.5069754180988122,0.48046155695615284,0.509681221285749,0.42589879934836455,0.5323262293281764,0.0,0.5026493110503842,0.0,0.5000992105724922,0.44004550811562665,0.5042925970918464,0.0,0.0,0.0,0.5056786729359037,0.4753312691089044,0.4852677110997925,0.4505632919254833,0.4843479352211603,0.0,0.0,0.5229098658308364,0.4968302197245093,0.48758398701645383,0.46622460110481273,0.0,0.5382522450015904
0.0,0.39216284820882225,0.27613996471406077,0.41094629039664354,0.330274931471448,0.32573787046105585,0.4100845836193992,0.46763218896389486,0.0,0.45885643420958977,0.30041478784920544,0.46611852488014893,0.41024711373680456,0.41587300976854147,0.0,0.428465461616147,0.0,0.4930700193676832,0.23296786958131344,0.3713222592248234,0.0,0.41391457837333145,0.3830669584580527,0.4939323243824986,0.40143415241362473,0.4272624414744185,0.35315574850976134,0.4468101907218298,0.38612064351155256,0.4084191818403666,0.4689491841285972,0.4333189309697703,0.44145347345172564,0.4574365885448599,0.4390643058847003,0.41422971912744727,0.4334645691278477,0.4524267652739802,0.520018404207128,0.0,0.6628535233049488,0.0,0.48886614690394753,0.0,0.0,0.0,0.0,0.5567752464818313,0.0,0.5911785880810079,0.5452641535513673,0.5853301798076271,0.582103596281131,0.5596096290298258,0.0,0.5283254193239297,0.4721216811509185,0.597706578921546,0.5112109630042608,0.0,0.0,0.0,0.0,0.5245329021124499,0.0,0.0,0.0,0.5410425441286657,0.0,0.0,0.7015078159550103,0.5467913904611014,0.5984696112266513,0.5956166066954834,0.0,0.6820781510611338
0.39297959686154865,0.38343975170086586,0.4861871200364968,0.2598426972429438,0.44209237564411824,0.4217788749147321,0.4070053694805348,0.49160997019023533,0.45885643420958977,0.0,0.4660468953123368,0.29974793788450094,0.4084697049510365,0.0,0.5099442749379958,0.3617130507365337,0.3050882005000656,0.3294894884537632,0.4719212946246647,0.4801750499257562,0.4210342752780932,0.3943398992841476,0.4495345516827515,0.30649101041005944,0.31946826503531983,0.3323146332149861,0.45319308434843936,0.39641470466181367,0.4634801079056163,0.0,0.33281750892443684,0.3472992150181117,0.3258141703396863,0.34822463994981545,0.32342240707449516,0.3226119689995992,0.3165537702439161,0.3093366169757763,0.3067170574566898,0.3580238324280617,0.32931583059878666,0.28948361245728277,0.0,0.0,0.3526009146602892,0.41905523228329533,0.0,0.0,0.0,0.0,0.0,0.38269279400926787,0.0,0.0,0.44667966479728866,0.0,0.4305917656627938,0.4172750080024574,0.0,0.0,0.47740677731029474,0.45283953399727395,0.44095872794100255,0.0,0.0,0.0,0.0,0.7980081280458587,0.413717494171266,0.4549173314767831,0.4566080483432243,0.9470505919737136,0.40552661134278656,0.7380272701508377,0.0,0.4330743605877167
0.0,0.0,0.3164663707843489,0.35951552256751496,0.3177128268007807,0.38285994085509123,0.4424321323412114,0.2955591716195941,0.30041478784920544,0.4660468953123368,0.0,0.4698389307703404,0.4670495943048074,0.29193014070596784,0.0,0.0,0.0,0.0,0.2363625829556552,0.0,0.0,0.0,0.34920020598767315,0.48949906731140563,0.0,0.6000116826574897,0.37098751070189484,0.4626463222867202,0.0,0.0,0.48627880829431314,0.3975563025716416,0.0,0.4676983193054404,0.45093854834180214,0.35606504309493964,0.4378355196710503,0.4497910148126893,0.465094924024404,0.0,0.6018311466979077,0.0,0.43173660714449646,0.626669085510226,0.0,0.0,0.0,0.3430140077178377,0.37613836654600796,0.4106939022773238,0.5351500038470282,0.4817793909538031,0.4810751944279418,0.4026541031536795,0.6282139456756204,0.24089092250173152,0.4952460950815452,0.5190096182989726,0.3416692063918582,0.0,0.0,0.0,0.0,0.19144190622571736,0.34248091415491894,0.0,0.0,0.5170133427563355,0.0,0.0,0.0,0.5308436531497992,0.5384892903761374,0.47693922563292046,0.0,0.6154070101881729
0.3476329084175842,0.0,0.5537188685868837,0.30868316177080596,0.4203209373195084,0.465359118239179,0.3922662908388083,0.5304848795183554,0.46611852488014893,0.29974793788450094,0.4698389307703404,0.0,0.3943408534394478,0.0,0.0,0.0,0.3584508917365022,0.36450140170574835,0.5181768133728667,0.0,0.0,0.0,0.4926256802263018,0.26100749692749203,0.3361157130981985,0.28248266933268884,0.4898853822981849,0.3847422331119332,0.0,0.0,0.3532627146952605,0.2529202473310774,0.3008888034176191,0.28235564214752173,0.3006289593029482,0.31881717670085075,0.29305688935856317,0.23262134561831754,0.25016969565937913,0.3581678126382499,0.31737368473681177,0.2579557355540956,0.0,0.0,0.33404935408218145,0.4625320605086411,0.0,0.0,0.0,0.0,0.0,0.3933555359224771,0.0,0.0,0.4392924077432365,0.0,0.40259214965366535,0.4117665231677191,0.0,0.0,0.4979830321687027,0.45090109755747754,0.43709148504895723,0.0,0.0,0.0,0.0,0.0,0.40184639455067034,0.4466364605184788,0.44851721953820617,0.0,0.39919848507905764,0.0,0.0,0.4299729379946373
0.451652606184506,0.4017307163485008,0.44542278717402495,0.30848262536371,0.39091924009992807,0.3702984018081965,0.32127409612464786,0.4626813673056012,0.41024711373680456,0.4084697049510365,0.4670495943048074,0.3943408534394478,0.0,0.4497872124703629,0.42156972630023876,0.44077038452394807,0.4158569372230352,0.41809429922975355,0.4646198928492566,0.4061213391104397,0.4381859713738877,0.43811099128140146,0.4393703061170287,0.4039968196062592,0.39477087044230014,0.3896598286716882,0.4347003384166668,0.3166351227840383,0.375826331401655,0.36638820355241325,0.391471048198611,0.3958176884447495,0.3858378047767823,0.40392179930625743,0.39279308108493594,0.3508982546044306,0.369471155251129,0.3800158562276296,0.4155708128303286,0.39331165357204273,0.46259242048451493,0.5107790237771083,0.5315446593250065,0.6450315715198239,0.3237677414907142,0.7342253013635256,0.6017054663477373,0.5752565197232882,0.0,0.8164961136625861,0.5216288224792804,0.5853180990684048,0.5016717996796439,0.6094141760489593,0.48888521518934475,0.5696690849145315,0.40818014772198835,0.588565500492666,0.7322727192055162,0.577306099119924,0.7157673335882502,0.0,0.7730920196271651,0.5921403809461873,0.5255911933731402,0.0,0.5811115696268211,0.5183310080963669,0.3004780668841315,0.5502293899151697,0.534495681368101,0.5091321568783748,0.5519153150707297,0.5216108234212004,0.6471535134068248,0.5852674923752936
0.4756373500646911,0.40695156544413486,0.39931933717747814,0.28201018971021957,0.2931004647722586,0.41972327669858017,0.34417301964206465,0.34953792517199145,0.41587300976854147,0.0,0.29193014070596784,0.0,0.4497872124703629,0.0,0.0,0.0,0.0,0.0,0.3401623653542202,0.0,0.4384828424170919,0.0,0.407270551037157,0.6238639552940101,0.5158802510877565,0.5088163407976685,0.44569028517338216,0.2860922579460239,0.4534992024842032,0.0,0.4205472522895367,0.3175012514175446,0.0,0.0,0.0,0.2631752459253597,0.18314928754359144,0.0,0.38305847630099416,0.0,0.0,0.0,0.42524833710812604,0.0,0.0,0.0,0.0,0.5314334503802284,0.0,0.43048964357894925,0.0,0.0,0.5029313447906641,0.4916178606962488,0.0,0.49097164197468685,0.0,0.0,0.46159630652261724,0.0,0.0,0.0,0.0,0.5061912274216992,0.0,0.0,0.0,0.5071052170475877,0.0,0.0,0.0,0.527177932247089,0.0,0.0,0.0,0.0
0.36840289918562025,0.40094742105592435,0.0,0.0,0.0,0.40148826712698577,0.43224795816142053,0.35862162510230744,0.0,0.5099442749379958,0.0,0.0,0.42156972630023876,0.0,0.0,0.3973534192689977,0.0,0.3788569366226835,0.0,0.3657647033903548,0.37887097099975026,0.34314997216846904,0.3487481990799075,0.4643833153452541,0.36426924167202557,0.3471985074031355,0.3909570466999542,0.38916330005912847,0.3712422959384307,0.3692348591029778,0.3836852741675,0.41063937408866175,0.3805490909368706,0.4050773345682001,0.44769847876193325,0.4522245754253678,0.4376060245774263,0.0,0.46360441893600823,0.4723014723413556,0.480098367402545,0.5040176471910913,0.4109025392313887,0.0,0.0,0.0,0.4805865888036857,0.0,0.0,0.0,0.45070240415462265,0.8254272306933595,0.442322646507741,0.0,0.0,0.0,0.0,0.5373028805899458,0.3617509629419847,0.48502692736440944,0.48981614327106476,0.0,0.0,0.0,0.46668854497080764,0.4555150540315327,0.48157703843941896,0.48236494432395416,0.0,0.49706926834807347,0.49988038616238845,0.47346710705704664,0.49544268636006517,0.4700322749244177,0.49761654296191316,0.47954463990543644
0.3661455199320351,0.3591581238319888,0.0,0.0,0.0,0.40675002529591525,0.44424562934322215,0.44401799045319423,0.428465461616147,0.3617130507365337,0.0,0.0,0.44077038452394807,0.0,0.3973534192689977,0.0,0.3566590281473877,0.30995603272319056,0.0,0.39289299647294107,0.36531185946674066,0.3560603519139937,0.38699614770143975,0.3746223130638652,0.34263465501433465,0.36932348984719615,0.41699715151442024,0.4184011631971891,0.4142858556656451,0.38967384980423475,0.33565539578538417,0.4007708738560097,0.3425156478778591,0.35714907079139413,0.42979819949547643,0.0,0.0,0.0,0.42066861102319153,0.39563517230791156,0.42250644635482554,0.0,0.0,0.0,0.0,0.4128043878161541,0.4359809596798183,0.0,0.0,0.0,0.5659707113828191,0.0,0.0,0.0,0.5311946106264117,0.0,0.5644104447708278,0.6925621858578006,0.0,0.4745858392635225,0.4247660923128849,0.6028856634619002,0.410962146735117,0.0,0.47298698408088685,0.4531740484187273,0.44428958164076116,0.579000302565552,0.37912809265574327,0.4244639145602689,0.4459938842807174,0.5266005364320707,0.7338725781120101,0.49518726139144703,0.0,0.3939686058704788
0.42525053067490093,0.36374638907207485,0.0,0.0,0.0,0.5335305855881121,0.4239667653089937,0.0,0.0,0.3050882005000656,0.0,0.3584508917365022,0.4158569372230352,0.0,0.0,0.3566590281473877,0.0,0.2894705921624722,0.0,0.39324514384962483,0.5192984949039002,0.383720450302999,0.620163079085217,0.3735509305879718,0.30789681955350506,0.35274284261736105,0.0,0.39880712323908457,0.4378717634771682,0.0,0.3277948095950241,0.39677740060491723,0.32553171102264056,0.34708705067601336,0.3528555051679095,0.0,0.0,0.312853638894556,0.0,0.380972210451575,0.0,0.0,0.0,0.0,0.0,0.0,0.0,0.0,0.0,0.0,0.0,0.0,0.0,0.0,0.46169680687033776,0.0,0.4501758660055586,0.0,0.0,0.0,0.0,0.46466152595663124,0.44801461957185434,0.0,0.0,0.0,0.0,0.0,0.4365278514854522,0.48070517479226565,0.46797323630864,0.0,0.0,0.0,0.0,0.0
0.36597399830670824,0.3432672322683779,0.0,0.0,0.0,0.38239226670627335,0.4181165774876989,0.43307535467567326,0.4930700193676832,0.3294894884537632,0.0,0.36450140170574835,0.41809429922975355,0.0,0.3788569366226835,0.30995603272319056,0.2894705921624722,0.0,0.0,0.38287338909845964,0.3614771232182713,0.3829495780163707,0.3913329377075688,0.34863360080591344,0.3152674294976047,0.3549150146025901,0.3992280397942279,0.4058434178705722,0.3934520817002173,0.0,0.33626741343656796,0.3960769190153205,0.3320441864176371,0.35018974690534765,0.3803346873447403,0.0,0.0,0.33852394708723116,0.3850638775984364,0.4181701426367149,0.45289348225398474,0.42762378854365835,0.0,0.0,0.0,0.41132414355703933,0.4380756772872914,0.0,0.0,0.0,0.7407030644051181,0.0,0.0,0.0,0.4394050070881259,0.0,0.43749449217089226,0.0,0.0,0.0,0.4383103151376821,0.4375922217784306,0.43507731577056274,0.0,0.5808596252406514,0.0,0.4386159234700081,0.0,0.42591291877804854,0.44165593603365566,0.4546529384612467,0.6979565429959604,0.0,0.5880450971189491,0.0,0.4272174906311392
0.0,0.0,0.24914584753500885,0.3975804141021189,0.3623042069654622,0.39777613727167127,0.45517795212657447,0.3812381905308015,0.23296786958131344,0.4719212946246647,0.2363625829556552,0.5181768133728667,0.4646198928492566,0.3401623653542202,0.0,0.0,0.0,0.0,0.0,0.0,0.0,0.0,0.2837481905534511,0.0,0.0,0.0,0.32473275679675473,0.462218007450937,0.0,0.0,0.4630235634786771,0.41652078190312697,0.0,0.4572005291542442,0.44822828376033885,0.38924316482457016,0.4388104805073821,0.49274735573237083,0.4903038583739714,0.0,0.702435154816042,0.0,0.4713032210232119,0.0,0.0,0.0,0.0,0.4850754814126324,0.0,0.542015003258512,0.5348054023049907,0.5717839512095217,0.5208691895493951,0.524317549688467,0.0,0.4723395848034122,0.5612906710526712,0.6087249484722296,0.46416587442126533,0.0,0.0,0.0,0.0,0.4996921568226783,0.0,0.0,0.0,0.5180932214832308,0.0,0.0,0.0,0.5389408656118226,0.6792146021568176,0.5194042770516525,0.0,0.7448960167172599
0.4300737200554156,0.40049395191644327,0.0,0.40592551394945525,0.3818447764916146,0.3814558871792481,0.4241829465766416,0.41320504064197044,0.3713222592248234,0.4801750499257562,0.0,0.0,0.4061213391104397,0.0,0.3657647033903548,0.39289299647294107,0.39324514384962483,0.38287338909845964,0.0,0.0,0.4060127188846863,0.34849454174916406,0.3340702746479017,0.5632372928867704,0.37868043909259674,0.4049006943612139,0.35475981751539026,0.3486976026927393,0.32016359129833244,0.35663157447582083,0.39067323227770245,0.42119782529152944,0.37108809511877355,0.41891448949553267,0.4520050077153073,0.5284092930992321,0.4434293335175788,0.0,0.4280980115550413,0.4534944445301152,0.477095779905474,0.4851883304039085,0.49394225282866855,0.0,0.0,0.0,0.45707222093141875,0.8398839052168416,0.0,0.0,0.46866787771158885,0.6153912710912869,0.4915817648798159,0.0,0.0,0.0,0.0,0.5349647800273685,0.0,0.4694130951001243,0.5383022224439314,0.0,0.6394091560966467,0.0,0.4600024588257939,0.44900280877892723,0.4649035173936095,0.48430226414829936,0.0,0.5325712444511601,0.4683706120896628,0.4782413710480538,0.4883501190754743,0.4727852625791181,0.5803724059635497,0.4801085535179741
0.3553638342501326,0.36961283793404226,0.0,0.0,0.5680653620036327,0.40777598406710164,0.0,0.386908890047118,0.0,0.4210342752780932,0.0,0.0,0.4381859713738877,0.4384828424170919,0.37887097099975026,0.36531185946674066,0.5192984949039002,0.3614771232182713,0.0,0.4060127188846863,0.0,0.4088077872736402,0.37657765651527886,0.43239226312700085,0.3486429416359529,0.37615975430318777,0.4137107829463159,0.41614358409751306,0.38936333241744736,0.4560735336203397,0.35563994168887403,0.404631753515568,0.3394823554314171,0.39069979808412947,0.46095756836352664,0.4941855294921122,0.0,0.523460357409984,0.4584273762287808,0.44771264031301555,0.4868130010535096,0.0,0.6380964894862522,0.0,0.0,0.36170652567160677,0.4712115844207543,0.3671644852578458,0.0,0.0,0.42836804932040534,0.0,0.43280598226475026,0.0,0.4598435972643727,0.0,0.0,0.5235190607322413,0.0,0.46217285655879586,0.46144502694785916,0.0,0.0,0.0,0.45025765743860674,0.34911012330182767,0.46947146390800715,0.4678188322663754,0.0,0.46439287481500596,0.47908474063523276,0.46672451359390954,0.4781388396764438,0.4649213716447637,0.4922737035506236,0.4677263057927075
0.3763350198707664,0.3857585419118873,0.0,0.42538514486605133,0.4031611427040555,0.4064018881369928,0.4435885773608232,0.4384536758179365,0.41391457837333145,0.3943398992841476,0.0,0.0,0.43811099128140146,0.0,0.34314997216846904,0.3560603519139937,0.383720450302999,0.3829495780163707,0.0,0.34849454174916406,0.4088077872736402,0.0,0.3819921791464028,0.4268524982769553,0.3581794408489472,0.37908036493265057,0.40795068957986635,0.39280491264581896,0.3840754920683694,0.3930301005926966,0.3860209623602065,0.42605798653534976,0.3747803943393923,0.40497041851169996,0.4589739490047649,0.5014571298701843,0.45330686035299944,0.0,0.4493436206143813,0.42936981869129476,0.4588399579656584,0.4755247006270281,0.4526366076051426,0.0,0.0,0.43947394503014353,0.45336983518358515,0.6394468711260166,0.0,0.0,0.45331254047909936,0.798341150672208,0.48775519369560316,0.0,0.0,0.0,0.0,0.6132320218404148,0.0,0.4858691024823686,0.4397803149471994,1.0,0.46222651628295974,0.0,0.4708402812157076,0.46146383990834916,0.46867999330707877,0.480176726257422,0.0,0.4272865765068859,0.4744098561567079,0.4607660686330954,0.5281383519450142,0.4585451787294767,0.4549025519871676,0.44696426251209914
0.4199886869905179,0.4053186550775277,0.28846133378799244,0.3955004777624183,0.4001532597996625,0.36221136588666,0.43662513917913726,0.3705844221840254,0.3830669584580527,0.4495345516827515,0.34920020598767315,0.4926256802263018,0.4393703061170287,0.407270551037157,0.3487481990799075,0.38699614770143975,0.620163079085217,0.3913329377075688,0.2837481905534511,0.3340702746479017,0.37657765651527886,0.3819921791464028,0.0,0.4674391498418658,0.3664016091934424,0.4033019743076881,0.3497936154594155,0.410625502525789,0.3792458891932937,0.38654300425794874,0.4226793715396592,0.40433767258060543,0.3596455263333769,0.42897795300986546,0.4398765510457318,0.4112657217107604,0.41572517784821017,0.47424786248054734,0.4799153681842737,0.3755304208974543,0.48360490859003963,0.0,0.5004239474075244,0.5719975557910597,0.0,0.4019496614764554,0.4648563889105658,0.5321621570832348,0.5644905815377559,0.5404067211257871,0.4993429890199838,0.5156839941816103,0.4845564999807121,0.539495284844563,0.6390213816987551,0.5187244667609183,0.5177205639309012,0.5092562738461487,0.5117156188813975,0.48141508980335773,0.5582240504534112,0.0,0.0,0.5077633682106011,0.48241106539497486,0.45674937751024997,0.47335401346306943,0.45068073573162887,0.0,0.5696579261686737,0.4597067560597023,0.5037971944176755,0.5011835551374287,0.4894261643765921,0.49925740216957826,0.5150827898507312
0.335442107970899,0.4345794354546783,0.0,0.0,0.0,0.0,0.38141917636706485,0.4914052595338761,0.4939323243824986,0.30649101041005944,0.48949906731140563,0.26100749692749203,0.4039968196062592,0.6238639552940101,0.4643833153452541,0.3746223130638652,0.3735509305879718,0.34863360080591344,0.0,0.5632372928867704,0.43239226312700085,0.4268524982769553,0.4674391498418658,0.0,0.3342761578234123,0.3186169209046298,0.4958237975087714,0.396576520577832,0.0,0.0,0.3489154202661166,0.30890887949495127,0.2690730018213192,0.24200538010456857,0.2523063055682537,0.0,0.21455177135039222,0.2473082062276091,0.26084907600222623,0.3308984210678307,0.2864853559181875,0.0,0.0,0.0,0.28554562152786517,0.373958329290515,0.40034448884225,0.0,0.0,0.0,0.0,0.0,0.0,0.0,0.4164862548835135,0.0,0.37798898623617216,0.0,0.0,0.0,0.4700875665675275,0.446301584534762,0.43752488563639286,0.0,0.0,0.3106699416903614,0.0,0.0,0.3465588313679298,0.4424072723378834,0.4392642383375228,0.0,0.0,0.0,0.0,0.4392221612901346
0.3571928623146899,0.32715295402888983,0.5133235454734284,0.0,0.3785621206674952,0.35497107707342496,0.3919634772110099,0.41793250879515903,0.40143415241362473,0.31946826503531983,0.0,0.3361157130981985,0.39477087044230014,0.5158802510877565,0.36426924167202557,0.34263465501433465,0.30789681955350506,0.3152674294976047,0.0,0.37868043909259674,0.3486429416359529,0.3581794408489472,0.3664016091934424,0.3342761578234123,0.0,0.3297483112491135,0.3717104602921975,0.39717889132481443,0.37447215341579543,0.0,0.33985115676736216,0.3726257572664174,0.31823749639924953,0.343638924516373,0.357038926367726,0.0,0.0,0.33859160906259234,0.41091962025808215,0.4132346616683439,0.4507300368128386,0.44769758634905626,0.0,0.0,0.3300479762106402,0.4065850219792294,0.44172891121165786,0.0,0.0,0.0,0.583331552109268,0.0,0.0,0.0,0.44442982211465687,0.0,0.44573242408509944,0.5262291159903187,0.0,0.4800397825808877,0.4408149501704922,0.4375224769800751,0.43389114484531655,0.0,0.4526501670874009,0.4174003796596617,0.4354110769639934,0.5432826978280758,0.4291811757414092,0.4418872259690216,0.45605186316257146,0.5764731857392015,0.0,0.45983330698610914,0.0,0.42768164337531595
0.349365134722736,0.36454250510872677,0.5213199072006257,0.41341451211095126,0.43712528258069144,0.3871916700712754,0.3954674545760464,0.45655418492887184,0.4272624414744185,0.3323146332149861,0.6000116826574897,0.28248266933268884,0.3896598286716882,0.5088163407976685,0.3471985074031355,0.36932348984719615,0.35274284261736105,0.3549150146025901,0.0,0.4049006943612139,0.37615975430318777,0.37908036493265057,0.4033019743076881,0.3186169209046298,0.3297483112491135,0.0,0.4175603666412674,0.39710463227005666,0.36180092406028147,0.0,0.34499460573152907,0.39067712806661925,0.34589545277678907,0.35403479938221466,0.40752752238892476,0.5434326211520148,0.4115233147984314,0.32333158737757245,0.43013698925550037,0.4186310294198162,0.4510412041869603,0.45582923540203313,0.0,0.0,0.34807493940415596,0.40665610938311675,0.4557876231341593,0.0,0.0,0.0,0.4698210456157931,0.7141243186626093,0.4515244757793601,0.0,0.45896275656588953,0.0,0.4517639389970511,0.5352692802397531,0.0,0.48910767633638563,0.4513954054979867,0.4588786451347479,0.44807094959913707,0.0,0.446014744035262,0.44045862854974416,0.46929062374388414,0.45161149880425416,0.4256846040606301,0.4526589120023601,0.4609003030330128,0.4548761238906234,0.4720356157929456,0.4596332030608513,0.0,0.4414123305466864
0.4201684734690048,0.3972788422567033,0.2810491899388036,0.41466221532535946,0.4006854601175841,0.3561978194089819,0.4285249464838121,0.4215532801695963,0.35315574850976134,0.45319308434843936,0.37098751070189484,0.4898853822981849,0.4347003384166668,0.44569028517338216,0.3909570466999542,0.41699715151442024,0.0,0.3992280397942279,0.32473275679675473,0.35475981751539026,0.4137107829463159,0.40795068957986635,0.3497936154594155,0.4958237975087714,0.3717104602921975,0.4175603666412674,0.0,0.4139335630181179,0.35900839110478405,0.37884045738681266,0.4062413059830076,0.412894568033829,0.3602408080819165,0.4275168247560538,0.440642899792981,0.4426236378649923,0.4286913528844545,0.4666149677461509,0.4566927039798111,0.42513439046414736,0.48118290715061085,0.4370506575731766,0.4940474583835671,0.6453959855878266,0.3970257537536582,0.0,0.4938412923567148,0.5547477911238258,0.9985866615144988,0.5626413930038336,0.5029368135414728,0.5260438041597174,0.490800839589646,0.5532334709031076,0.0,0.5501884254546011,0.5017269600025411,0.5138293754982248,0.529652565463028,0.47866571786475487,0.6307484170721207,0.0,0.0,0.5372569171821131,0.4795766509691115,0.4701860639460845,0.4734983750776688,0.507325611405169,0.0,0.654910908581674,0.47570471513811996,0.5020181321247389,0.5002215895957377,0.487114414487841,0.5091378239130525,0.5180604332958112
0.42516443018089906,0.4098179108157138,0.4441104686101383,0.2505071648433634,0.3693762917945378,0.3635767326812719,0.37968040191116115,0.4281045055320714,0.4468101907218298,0.39641470466181367,0.4626463222867202,0.3847422331119332,0.3166351227840383,0.2860922579460239,0.38916330005912847,0.4184011631971891,0.39880712323908457,0.4058434178705722,0.462218007450937,0.3486976026927393,0.41614358409751306,0.39280491264581896,0.410625502525789,0.396576520577832,0.39717889132481443,0.39710463227005666,0.4139335630181179,0.0,0.31235102596538417,0.272390245679057,0.35306226901520754,0.38676208231749515,0.3504727595887136,0.3786307739524621,0.3636321768415216,0.26265888755469446,0.2815690894753071,0.3700634007769489,0.36790235351508704,0.3328664288464889,0.4109809258748777,0.4154460658286034,0.51225784767201,0.5312422627731016,0.2912632134603076,0.0,0.6242443767355198,0.5990589610698901,0.0,0.0,0.4956254577122207,0.5887593531351707,0.47301099087628756,0.6370430225386636,0.47442201864407446,0.6446489618716773,0.37076646767795335,0.5417368267330609,0.0,0.48638048849391574,0.7783343293071002,0.0,0.0,0.7802646869169183,0.4742439482305874,0.0,0.5090041712746705,0.5005008679731535,0.0,0.5310706943965989,0.5049510609485172,0.4956041709123375,0.48312068752431675,0.48494414615572207,0.5730560366705726,0.5340055691057708
0.4542816972051729,0.3880539666903635,0.4066813194628871,0.4315293635710744,0.4008786569961111,0.3464324319648225,0.42105131601878354,0.3934186437653576,0.38612064351155256,0.4634801079056163,0.0,0.0,0.375826331401655,0.4534992024842032,0.3712422959384307,0.4142858556656451,0.4378717634771682,0.3934520817002173,0.0,0.32016359129833244,0.38936333241744736,0.3840754920683694,0.3792458891932937,0.0,0.37447215341579543,0.36180092406028147,0.35900839110478405,0.31235102596538417,0.0,0.32550519502506964,0.35868609959224984,0.3933304935052108,0.3176358998200806,0.4003874055441249,0.4322125906359306,0.47160413521749434,0.4303143121495609,0.0,0.45379625878087054,0.4822469055484692,0.4898883265132069,0.5133121081461218,0.4801430382634387,0.7423926055830614,0.2776411847079349,0.0,0.4740064068299178,0.5446790176044815,0.0,0.6177136035873656,0.4789337095758477,0.5625893746960067,0.47910325394045006,0.5936730292216237,0.0,0.4854865127399177,0.3723207336883115,0.5154328583622194,0.4236673325625627,0.4604957142845609,0.6014335082958888,0.0,0.6961914751252648,0.5055721278691027,0.45926116637403586,0.44006868601088406,0.46240913057284366,0.4879574138684844,0.0,0.5925638960150448,0.44884084186217105,0.48107587715971434,0.4872740365778516,0.4667628603091483,0.5055049645358287,0.4890056122760966
0.0,0.0,0.4491888736628599,0.0,0.0,0.3866471393167128,0.3919045077668105,0.38310820440453286,0.4084191818403666,0.0,0.0,0.0,0.36638820355241325,0.0,0.3692348591029778,0.38967384980423475,0.0,0.0,0.0,0.35663157447582083,0.4560735336203397,0.3930301005926966,0.38654300425794874,0.0,0.0,0.0,0.37884045738681266,0.272390245679057,0.32550519502506964,0.0,0.3170613952982902,0.3722395305228987,0.33102216793047184,0.3321980074149985,0.3499753338898174,0.4420120509243767,0.0,0.3446595357756845,0.0,0.0,0.0,0.0,0.5040254192118312,0.0,0.0,0.0,0.0,0.6837411859457513,0.0,0.0,0.0,0.0,0.0,1.0,0.0,0.0,0.0,0.0,0.0,0.5289278924943223,0.0,0.0,0.0,0.0,0.48305012221466403,0.0,0.5387689990215531,0.4825625812899777,0.0,0.0,0.0,0.4876452629486284,0.5738142600475128,0.5029978272292389,0.0,0.0
0.3189593803175955,0.3217476765267317,0.457681311934017,0.3000749169871668,0.45896987543000384,0.41471614055325273,0.4059816463936186,0.45831866413698635,0.4689491841285972,0.33281750892443684,0.48627880829431314,0.3532627146952605,0.391471048198611,0.4205472522895367,0.3836852741675,0.33565539578538417,0.3277948095950241,0.33626741343656796,0.4630235634786771,0.39067323227770245,0.35563994168887403,0.3860209623602065,0.4226793715396592,0.3489154202661166,0.33985115676736216,0.34499460573152907,0.4062413059830076,0.35306226901520754,0.35868609959224984,0.3170613952982902,0.0,0.40389246811400886,0.30663786533059595,0.2664892645491729,0.20168036398088982,0.4291323449575873,0.3049229130920487,0.28858475976526415,0.38238313864523454,0.2595780910226269,0.4310325248466061,0.3425604681888636,0.5508818785811379,0.0,0.2564013977609424,0.0,0.41727520364452503,0.6619853937053878,0.0,0.0,0.4969818078825457,0.7651924573670034,0.503403381095104,0.7352033179635299,0.44678458101621266,0.0,0.3775490017014733,0.6020821252477503,0.0,0.4782729662679771,0.4094357879686994,0.48445453752599577,0.4393383802178614,0.9966208163271465,0.46889622107245976,0.4111359097341665,0.45712615470355683,0.5172261229574716,0.0,0.4361712557863813,0.4528113186697317,0.5062681132614039,0.5123124710416155,0.49438533741187857,0.0,0.0
0.3805148018420551,0.3815926245820462,0.42667489517438134,0.2982080343625336,0.3442320114034048,0.403623776886486,0.385804783446434,0.38971439677456343,0.4333189309697703,0.3472992150181117,0.3975563025716416,0.2529202473310774,0.3958176884447495,0.3175012514175446,0.41063937408866175,0.4007708738560097,0.39677740060491723,0.3960769190153205,0.41652078190312697,0.42119782529152944,0.404631753515568,0.42605798653534976,0.40433767258060543,0.30890887949495127,0.3726257572664174,0.39067712806661925,0.412894568033829,0.38676208231749515,0.3933304935052108,0.3722395305228987,0.40389246811400886,0.0,0.3366536267576831,0.3725292223037804,0.36738569075176564,0.31702049026587753,0.30346692008339343,0.24195293574022206,0.25467304229878673,0.23429378881323729,0.27928273657233277,0.30336568959570176,0.33979965656865413,0.2676650842192826,0.21629449676598655,0.43743054712363366,0.4553229178323689,0.5336494893175577,0.4098587697823172,0.6011626721142728,0.45654906240928994,0.48578591744568317,0.4919287061424624,0.5328095557707352,0.2974173708684742,0.4966094353817454,0.26172462761150583,0.4496138851185423,0.4568838321117846,0.47640462727823085,0.4402662585658507,0.3959837384596547,0.38585815792733863,0.5232574283578105,0.4697969753580897,0.4298737894438325,0.46022166130467657,0.5076865620995027,0.20775918261624782,0.42771228678227113,0.45141363171045346,0.500932651752514,0.3686989716030826,0.48857912799154607,0.4935508241256255,0.4492306496046351
0.3390845542674842,0.31446407399455073,0.4871763905184851,0.0,0.0,0.3754507996625727,0.38629926210317567,0.44375919427321264,0.44145347345172564,0.3258141703396863,0.0,0.3008888034176191,0.3858378047767823,0.0,0.3805490909368706,0.3425156478778591,0.32553171102264056,0.3320441864176371,0.0,0.37108809511877355,0.3394823554314171,0.3747803943393923,0.3596455263333769,0.2690730018213192,0.31823749639924953,0.34589545277678907,0.3602408080819165,0.3504727595887136,0.3176358998200806,0.33102216793047184,0.30663786533059595,0.3366536267576831,0.0,0.24243723738025164,0.38284298457197735,0.4917065900213503,0.2556190140427981,0.1672426195576809,0.2640157617611743,0.23074929221012536,0.25133284339529877,0.30782435095105176,0.0,0.24750816151528596,0.24108707662547904,0.3821325333187919,0.44578496181155103,0.0,0.0,0.0,0.0,0.5552549921924617,0.0,0.0,0.38785977321767207,0.0,0.36183762455177004,0.4361387051469546,0.0,0.47894832970762097,0.4348389154826932,0.3666763133186769,0.41715932565550234,0.0,0.47056364876156637,0.4466154955097555,0.4734115934425156,0.5019145730716248,0.30143509319297784,0.426070787397272,0.4320909752993758,0.3975204774554509,0.35008125584717115,0.46204060950417547,0.0,0.38228895177443256
0.34822866245363576,0.32661236975498426,0.455900564575649,0.32787124479902496,0.4486372306417771,0.41609400387637957,0.40588554766640866,0.45831897339238165,0.4574365885448599,0.34822463994981545,0.4676983193054404,0.28235564214752173,0.40392179930625743,0.0,0.4050773345682001,0.35714907079139413,0.34708705067601336,0.35018974690534765,0.4572005291542442,0.41891448949553267,0.39069979808412947,0.40497041851169996,0.42897795300986546,0.24200538010456857,0.343638924516373,0.35403479938221466,0.4275168247560538,0.3786307739524621,0.4003874055441249,0.3321980074149985,0.2664892645491729,0.3725292223037804,0.24243723738025164,0.0,0.26662234338279617,0.42556590272856265,0.3242034479826118,0.19862414362156913,0.28710493111204866,0.2404108636589623,0.27713040822168933,0.30830778686808635,0.39264077805718856,0.2914133916403833,0.23124795112629526,0.4059486731881888,0.44044051694244946,0.6664934819652271,0.0,0.0,0.4688063283141246,0.5364741178570478,0.5060275660362706,0.6316943833006899,0.3858960561774705,0.5758210846259407,0.25689934702553097,0.48337234923521905,0.0,0.4812080261366841,0.42791179168034815,0.4757202407476386,0.4371399732903573,0.0,0.494962760580051,0.4595964538004175,0.46674510216491716,0.5086790944533723,0.0,0.44351338704410914,0.4535939856679554,0.46509814562172824,0.40566625867976897,0.4899184578347956,0.0,0.38378829670306147
