0.0,0.345848064472759,0.0,0.0,0.0,0.41547731583778524,0.0,0.50044930954717,0.0,0.35649940159350924,0.0,0.3444989052232114,0.45340761981194555,0.485223997312648,0.34247552501314316,0.3332114155472211,0.28500601592951036,0.3202061819510113,0.0,0.4137162250739782,0.36533755634334475,0.331148647464682,0.4471973431519156,0.33101795651705146,0.3127625315277683,0.312781461582591,0.41729822058896027,0.4408744607110358,0.40568143162584847,0.0,0.3199661994377015,0.37442564036124804,0.2882888694581335,0.33015048701154964,0.36148523645568703,0.0,0.0,0.0,0.40127520305335385,0.36715308907660493,0.37859325640635244,0.39613488701702815,0.0,0.0,0.0,0.3466047801202583,0.3995476361532948,0.0,0.0,0.0,0.0,0.0,0.0,0.0,0.38413003857280653,0.0,0.0,0.0,0.0,0.0,0.38764397215862306,0.0,0.37381861313130343,0.0,0.0,0.35689256728552377,0.3788706259786922,0.0,0.31268501268861504,0.3852499066543442,0.4040557367327548,0.0,0.0,0.0,0.0,0.0
0.345848064472759,0.0,0.428731617800081,0.0,0.3541460128875457,0.33558902318656403,0.35278243343810256,0.39935863059889254,0.3511446862046909,0.0,0.0,0.0,0.3404173283306787,0.0,0.3610578496962707,0.334940503472909,0.4202072508319134,0.33709239582052836,0.0,0.3598113243686049,0.35759069661224635,0.3503791835356088,0.36292699385212007,0.33341080680261725,0.3206879756582758,0.33951152243839683,0.3566832301159728,0.3412443823118989,0.3488548133068207,0.0,0.3238550173152029,0.37911615374671337,0.3160749296370984,0.33558520850770823,0.3771819105039962,0.0,0.0,0.0,0.40191312957554315,0.38157440241354906,0.3833028550322399,0.4151463080480365,0.0,0.0,0.0,0.3924464027950341,0.39965865160153846,0.0,0.0,0.0,0.0,0.0,0.0,0.0,0.0,0.0,0.0,0.0,0.0,0.4110685009001658,0.3892683701409061,0.0,0.391599125944263,0.0,0.3926447393244605,0.42984010017678725,0.37090198561652477,0.4441790674465179,0.3786960842311909,0.4069455149437038,0.41550972888115,0.0,0.0,0.39111791756572273,0.0,0.3858525153352406
0.0,0.428731617800081,0.0,0.0,0.34416310395527605,0.34210089695432216,0.3437768530414744,0.3864611145669263,0.26860637968974027,0.0,0.2627847552929382,0.0,0.34878139494828814,0.338585089055949,0.0,0.0,0.0,0.0,0.24210195305335758,0.0,0.4695713175556537,0.3706835134575791,0.2849487550114267,0.0,0.0,0.0,0.3053764090302569,0.35402167504844323,0.35749981657341384,0.38230972103838395,0.37683241572028653,0.37169365208356364,0.48250206572214055,0.391665370349479,0.39440468221034414,0.3502964307819598,0.0,0.0,0.4714042875606291,0.0,0.0,0.0,0.4484959712848062,0.0,0.0,0.0,0.0,0.38551999707414425,0.0,0.5017224828813214,0.4737692056128994,0.5093862893515286,0.4730195452403223,0.4884931384154073,0.0,0.2671643500275293,0.0,0.4863322609562468,0.4664914782730799,0.0,0.0,0.0,0.0,0.24680464564907378,0.0,0.0,0.0,0.4667866090489128,0.0,0.0,0.0,0.47251225789376483,0.5556304017560049,0.0,0.0,0.0
0.0,0.0,0.0,0.0,0.23171273740881423,0.3474291773222298,0.2598610007909518,0.22695148508891566,0.3543339401365456,0.16895669938212288,0.3362298798233695,0.0,0.28196843065579974,0.24005635086247906,0.0,0.0,0.0,0.0,0.0,0.0,0.0,0.0,0.3248772526843845,0.0,0.0,0.0,0.0,0.20617119471434298,0.0,0.0,0.2845398917492295,0.2433013758360292,0.0,0.24718393717250445,0.2410379440321743,0.16239466856359352,0.14399946273870431,0.0,0.0,0.0,0.0,0.0,0.0,0.0,0.0,0.0,0.0,0.0,0.0,0.0,0.0,0.0,0.0,0.0,0.0,0.0,0.0,0.0,0.0,0.0,0.0,0.0,0.0,0.0,0.0,0.0,0.0,0.0,0.0,0.0,0.0,0.0,0.0,0.0,0.0,0.0
0.0,0.3541460128875457,0.34416310395527605,0.23171273740881423,0.0,0.32736714224382574,0.3040595991216289,0.3460073598225494,0.30378671103315597,0.39073801186316115,0.3015585904235728,0.36885853354972925,0.31460715384926863,0.2614375988952908,0.0,0.3685134119555358,0.43661278735363623,0.4723334285332489,0.33502120666216034,0.3020587509116922,0.0,0.32246947056345554,0.3436252961439617,0.4092319398303111,0.4120326924636679,0.4213814246132925,0.33685050088734914,0.3171962821161144,0.30897752450270616,0.2965840813157043,0.37834153547432176,0.3098053616891438,0.3888293311814795,0.38135824425604686,0.34921202570985704,0.2104974946520381,0.1893266949823724,0.37603766873719363,0.4532674972623898,0.0,0.0,0.0,0.3794559115406689,0.0,0.0,0.0,0.0,0.48583098499632454,0.0,0.543691626598908,0.4886214657192568,0.6447345527238503,0.4704862750220569,0.5005691450081767,0.0,0.4169235442843305,0.0,0.0,0.42414424663511,0.0,0.0,0.0,0.0,0.481670690107797,0.0,0.0,0.0,0.4573712392500476,0.0,0.0,0.0,0.4751304275005384,0.0,0.0,0.0,0.0
0.41547731583778524,0.33558902318656403,0.34210089695432216,0.3474291773222298,0.32736714224382574,0.0,0.33171045337291516,0.3431628033966008,0.2869903603697309,0.3800977524220187,0.3376436604943827,0.0,0.3138913009293244,0.31398315079929545,0.358029776795327,0.3505708653122232,0.0,0.3539898254884856,0.3334343207685384,0.3528994166194363,0.3625108519682893,0.3543793519716691,0.338141078716675,0.0,0.31743384460623625,0.34738034636601367,0.3207881302005447,0.31171749955370365,0.2765164401491896,0.32787955726239,0.34941610091026887,0.3576426054534583,0.33827389934107405,0.36742079082297124,0.36666308090469396,0.35884244848571945,0.3560930975601404,0.0,0.42629076775450714,0.0,0.44829459524225623,0.0,0.4068852138836389,0.0,0.0,0.0,0.0,0.47168327718587666,0.0,0.5268473169417109,0.4347522052886965,0.4772004995648431,0.4112843902466843,0.4572192181568669,0.0,0.46319820929086863,0.0,0.45846954303141807,0.0,0.4377661298388882,0.0,0.0,0.0,0.4763748350980855,0.4310127147412753,0.43183739131884685,0.43705303760775394,0.4381874052216353,0.0,0.0,0.46154338074446993,0.4386639052582025,0.438274735787387,0.42266132357522074,0.0,0.45485352700099085
0.0,0.35278243343810256,0.3437768530414744,0.2598610007909518,0.3040595991216289,0.33171045337291516,0.0,0.3184386924415836,0.3189233723028943,0.38891576678994927,0.3630358230432445,0.3679344149692984,0.29782946915087033,0.29812082911568316,0.3361798420873767,0.3613212184082262,0.42134898449889596,0.37213161220048685,0.3687488688643222,0.3302713064547478,0.3820748273703532,0.3420480097961811,0.3316099024490529,0.38600236098541363,0.3568455474265384,0.3912601008883292,0.328778183704816,0.32973420682879273,0.3288200374932809,0.28761875302279044,0.3680946133519121,0.3431420221910434,0.4024394159798066,0.36990359018288826,0.3433612164765529,0.2591182212152237,0.3009443571207425,0.3554077484026174,0.0,0.0,0.0,0.0,0.42563615660083665,0.0,0.0,0.0,0.0,0.0,0.0,0.0,0.0,0.0,0.4215602861154735,0.0,0.0,0.5477916184804651,0.0,0.0,0.0,0.0,0.0,0.0,0.0,0.0,0.0,0.0,0.0,0.42338002353640514,0.0,0.0,0.0,0.44562336269987846,0.0,0.0,0.0,0.0
0.50044930954717,0.39935863059889254,0.3864611145669263,0.22695148508891566,0.3460073598225494,0.3431628033966008,0.3184386924415836,0.0,0.4013535669051102,0.0,0.31608754273595857,0.0,0.35264038582451035,0.3118405438420836,0.4152367890003042,0.42114475523951855,0.0,0.4711289329984233,0.37791242833104005,0.3540668107003194,0.41761714644857917,0.4106662202670472,0.33605801492352283,0.5007245574724669,0.4663367510969041,0.4756124712269906,0.37976436494111404,0.3553962001870621,0.31783027073077585,0.3486644092859894,0.3759626256469574,0.3311990803586319,0.4318721509044185,0.3863045105985054,0.39035313353806794,0.2399357684914428,0.2867841423982993,0.0,0.41961834059017733,0.0,0.46026532871758874,0.0,0.34083262011133714,0.0,0.0,0.0,0.0,0.4532260232326425,0.0,0.4707181482349476,0.42550754065942176,0.44846218083962314,0.32220126312060315,0.4680596802511242,0.0,0.41456240507059755,0.0,0.42165212957213377,0.4162159492006578,0.444958813161528,0.0,0.0,0.0,0.43280418299708945,0.45781751402384646,0.4079689739583811,0.0,0.4235554996646625,0.0,0.0,0.0,0.4429825934759496,0.41568150337883,0.4125335923350057,0.0,0.4662688444396512
0.0,0.3511446862046909,0.26860637968974027,0.3543339401365456,0.30378671103315597,0.2869903603697309,0.3189233723028943,0.4013535669051102,0.0,0.39905330308512826,0.2886371281465393,0.3843442378852527,0.32010179485718954,0.34315989953470566,0.0,0.38219599045711516,0.6921470738009183,0.0,0.261557514220308,0.33271802380706805,0.0,0.3503014995220567,0.35222742749144226,0.0,0.35119303099652344,0.3930070602071452,0.2821564344254497,0.35485331573549167,0.3260173060384144,0.36611954477104885,0.3750920699944954,0.3630015965394583,0.0,0.39187022747223993,0.391611028415933,0.3507582459216922,0.36938957484620116,0.4014952218726418,0.46527905101031825,0.0,0.0,0.0,0.4340677241696118,0.0,0.0,0.0,0.0,0.48824660407460574,0.0,0.5280934996806173,0.4700803583657737,0.5274444054575532,0.4431698777273624,0.5009255605570055,0.0,0.4618367590419267,0.0,0.0,0.4646499962715688,0.0,0.0,0.0,0.0,0.47935728776285813,0.0,0.0,0.0,0.4585810867287843,0.0,0.0,0.0,0.45753315380603965,0.0,0.0,0.0,0.0
0.35649940159350924,0.0,0.0,0.16895669938212288,0.39073801186316115,0.3800977524220187,0.38891576678994927,0.0,0.39905330308512826,0.0,0.4004902526944504,0.24423747703731788,0.37632378118862936,0.38962908984292116,0.0,0.3285429932755204,0.26951447622193064,0.3010814349865561,0.4183184730100615,0.0,0.4372922721300076,0.0,0.4081006012048918,0.24443591936696388,0.28448824224984376,0.28612471908097975,0.0,0.35962001080894873,0.0,0.0,0.2933869654244906,0.3273115864003573,0.25780063046169804,0.29526598746209537,0.3052447116629784,0.24845123021720045,0.22452298134594648,0.23526461508640814,0.3068430840363375,0.30371573292151804,0.2984883765302658,0.0,0.0,0.0,0.23377941749524678,0.0,0.0,0.0,0.0,0.0,0.0,0.0,0.0,0.0,0.35357604431557277,0.0,0.3640646774984976,0.3627611567921572,0.0,0.0,0.38503711533425306,0.35994718510179,0.349242485976161,0.0,0.0,0.0,0.0,0.0,0.3390845017586799,0.361645729978749,0.3823034192773411,0.0,0.3320557581876285,0.0,0.0,0.30893008680888334
0.0,0.0,0.2627847552929382,0.3362298798233695,0.3015585904235728,0.3376436604943827,0.3630358230432445,0.31608754273595857,0.2886371281465393,0.4004902526944504,0.0,0.39652313153143565,0.3754083420350797,0.2758442686031268,0.0,0.0,0.5154023332160739,0.5866426354682152,0.2729762237277642,0.0,0.0,0.0,0.21675783800314155,0.4181628322505465,0.5255666018134895,0.0,0.34165954819186417,0.3822536512877244,0.7202533679672227,0.0,0.4064228264317479,0.3483743040728152,0.42945364654857726,0.4101150978367515,0.379230229826455,0.26859597768763865,0.36373046003835985,0.39009071670991724,0.3972228092611547,0.0,0.0,0.0,0.382714719216561,0.0,0.0,0.0,0.0,0.4203994611394296,0.0,0.4175132225194588,0.46840251784905473,0.4482523485540004,0.41773820749385365,0.44276216688522435,0.0,0.28172926979823953,0.0,0.45025859203629065,0.4036306788127211,0.0,0.0,0.0,0.0,0.2516498331777756,0.0,0.0,0.0,0.44370829496277786,0.0,0.0,0.0,0.4567225150761186,0.4712066674005246,0.0,0.0,0.0
0.3444989052232114,0.0,0.0,0.0,0.36885853354972925,0.0,0.3679344149692984,0.0,0.3843442378852527,0.24423747703731788,0.39652313153143565,0.0,0.3573216276628427,0.0,0.0,0.0,0.29589515747577355,0.3112197579162293,0.4325878376916018,0.0,0.45015272880407886,0.0,0.0,0.22394158324265573,0.2937131563772615,0.2693976319080614,0.0,0.3188382926108336,0.0,0.0,0.30063247947759064,0.27006181496712467,0.2458882027122831,0.24453499777048227,0.2804581313440626,0.2917413170306228,0.2921863607948911,0.2006680769615412,0.0,0.330825584713581,0.31015216248307614,0.0,0.0,0.0,0.27870646447648934,0.0,0.0,0.0,0.0,0.0,0.0,0.0,0.0,0.0,0.362098092686199,0.0,0.3667773162674225,0.0,0.0,0.0,0.0,0.36696597893934474,0.35951689066976655,0.0,0.0,0.0,0.0,0.0,0.34186887730941273,0.3654171957330375,0.3828087105388039,0.0,0.3547215901115615,0.0,0.0,0.3426637211342853
0.45340761981194555,0.3404173283306787,0.34878139494828814,0.28196843065579974,0.31460715384926863,0.3138913009293244,0.29782946915087033,0.35264038582451035,0.32010179485718954,0.37632378118862936,0.3754083420350797,0.3573216276628427,0.0,0.3227047668601792,0.32269717005906157,0.35697221989500677,0.3909733198964412,0.37139954885235593,0.370519932610539,0.3383751821874814,0.36609851490545015,0.3522361443472918,0.3362996656273922,0.37244974450079976,0.34102409193848704,0.3593495216780245,0.3353519847561158,0.29481001492619524,0.33312209141517823,0.31020230710513613,0.3549515106024162,0.3463296378823276,0.3720753097788331,0.36961763396295616,0.35978238653392847,0.2705754040093682,0.3031909887098367,0.340959981475842,0.43062846148102474,0.0,0.0,0.0,0.42975626209748824,0.0,0.0,0.0,0.0,0.0,0.0,0.0,0.40208487185234554,0.0,0.40937025866276167,0.5431915014184754,0.0,0.0,0.0,0.0,0.0,0.5373174208954146,0.0,0.0,0.0,0.0,0.48240841807104673,0.4950590878250993,0.0,0.42155557722227543,0.0,0.0,0.0,0.4294181913729628,0.0,0.0,0.0,0.0
0.485223997312648,0.0,0.338585089055949,0.24005635086247906,0.2614375988952908,0.31398315079929545,0.29812082911568316,0.3118405438420836,0.34315989953470566,0.38962908984292116,0.2758442686031268,0.0,0.3227047668601792,0.0,0.0,0.0,0.0,0.0,0.33034143657751447,0.0,0.4355642553479494,0.0,0.33924204924448564,0.0,0.0,0.0,0.3614925823505034,0.2613378028524253,0.0,0.0,0.34260344654127434,0.24561175129229998,0.0,0.34616363785070675,0.25715495345515205,0.2178738154222856,0.15779433898997028,0.0,0.3132052845467927,0.0,0.0,0.0,0.3508366777130444,0.0,0.0,0.0,0.0,0.4661671288347073,0.0,0.4263758819519505,0.0,0.520183372996225,0.46182483124684204,0.44255943442901524,0.0,0.4104987804879685,0.0,0.0,0.0,0.0,0.0,0.0,0.0,0.42364495135484964,0.0,0.0,0.0,0.4409655403156194,0.0,0.0,0.0,0.44842946201914674,0.0,0.0,0.0,0.0
0.34247552501314316,0.3610578496962707,0.0,0.0,0.0,0.358029776795327,0.3361798420873767,0.4152367890003042,0.0,0.0,0.0,0.0,0.32269717005906157,0.0,0.0,0.3405241204889871,0.0,0.3354766237511847,0.0,0.30776939889505095,0.3550488787302591,0.34255825954646885,0.32572154299514594,0.3766738125896399,0.3086871736280414,0.3543442231573796,0.35185107357361806,0.3330058022100288,0.3519684997089934,0.3347437868719438,0.3650652690577607,0.4077516015761435,0.3495911726200311,0.39752198478575335,0.44122459656779794,0.4835970055370345,0.0,0.0,0.4527818877753429,0.4301721324785457,0.4552272566007841,0.48374669136942144,0.0,0.0,0.0,0.0,0.45091905080226774,0.0,0.0,0.0,0.45931523807695573,0.0,0.0,0.0,0.0,0.0,0.0,0.0,0.0,0.40511204757191155,0.4344381903796096,0.0,0.0,0.0,0.3915527310216179,0.4358469576625168,0.44723942886758716,0.4332063303312764,0.0,0.0,0.46874052330395205,0.42916340933693253,0.0,0.41900918291753564,0.0,0.4466393842620643
0.3332114155472211,0.334940503472909,0.0,0.0,0.3685134119555358,0.3505708653122232,0.3613212184082262,0.42114475523951855,0.38219599045711516,0.3285429932755204,0.0,0.0,0.35697221989500677,0.0,0.3405241204889871,0.0,0.3349077566298569,0.3139517241169613,0.0,0.34459921394137605,0.33990742838114,0.32727570689438207,0.36486275232342374,0.3258874346760061,0.3311087139111666,0.34699149807970364,0.3642607871111589,0.3647053729105015,0.3607599902030045,0.3589916733910706,0.29671684881040916,0.36855031091628343,0.34443270428276196,0.3162960087005654,0.3487097506621901,0.0,0.0,0.0,0.39547469016886966,0.3808725857357151,0.3806189418891481,0.4042296559703359,0.0,0.0,0.0,0.3739093003174242,0.3983501048594969,0.0,0.0,0.0,0.0,0.0,0.0,0.0,0.0,0.0,0.0,0.0,0.0,0.4240965462583055,0.385021759394361,0.0,0.38240320160457336,0.0,0.4162927239137117,0.42696490812063764,0.3888537265438134,0.0,0.0,0.39486309686767757,0.4049460445491702,0.0,0.0,0.0,0.0,0.38293272710762455
0.28500601592951036,0.4202072508319134,0.0,0.0,0.43661278735363623,0.0,0.42134898449889596,0.0,0.6921470738009183,0.26951447622193064,0.5154023332160739,0.29589515747577355,0.3909733198964412,0.0,0.0,0.3349077566298569,0.0,0.2983085495447204,0.0,0.0,0.0,0.3535880962013477,0.0,0.29741243797198524,0.2832290294206177,0.3057937798456819,0.0,0.3678877042578426,0.4169204313499546,0.0,0.3073727393536958,0.36772227583145606,0.2982316179745059,0.32814612106486135,0.3384186422352648,0.0,0.0,0.0,0.35292194934525656,0.3612334546513546,0.3848147594756006,0.4394694752966824,0.0,0.0,0.0,0.0,0.36618015617533306,0.0,0.0,0.0,0.0,0.0,0.0,0.0,0.38201691690756073,0.0,0.38632537117945015,0.0,0.0,0.0,0.410213303788227,0.37401252750654373,0.3559625403347385,0.0,0.0,0.0,0.0,0.0,0.39274945953959006,0.3463968411522161,0.38213486891092585,0.0,0.0,0.0,0.0,0.4038476498723428
0.3202061819510113,0.33709239582052836,0.0,0.0,0.4723334285332489,0.3539898254884856,0.37213161220048685,0.4711289329984233,0.0,0.3010814349865561,0.5866426354682152,0.3112197579162293,0.37139954885235593,0.0,0.3354766237511847,0.3139517241169613,0.2983085495447204,0.0,0.0,0.35295216934046497,0.3445696346800795,0.34275395693644334,0.3970984295123989,0.29933651537347267,0.3088475741912365,0.3256399727398276,0.36384522476296194,0.36331551181243865,0.3596816140560159,0.0,0.31785790566892685,0.3751462176664222,0.305947311342895,0.336661261930361,0.34848772804056216,0.0,0.0,0.0,0.37508904843911633,0.37290206672280796,0.37199062957483153,0.3959990999422791,0.0,0.0,0.0,0.37400997015244025,0.3816943950488833,0.0,0.0,0.0,0.0,0.0,0.0,0.0,0.36854891332015344,0.0,0.3883327565310812,0.0,0.0,0.43143255901940253,0.37209662077189753,0.3617491140642408,0.3603441274914493,0.0,0.0,0.0,0.3569236438590145,0.0,0.3802115432212609,0.376135436320879,0.38792571485973426,0.0,0.0,0.0,0.0,0.37333778032725723
0.0,0.0,0.24210195305335758,0.0,0.33502120666216034,0.3334343207685384,0.3687488688643222,0.37791242833104005,0.261557514220308,0.4183184730100615,0.2729762237277642,0.4325878376916018,0.370519932610539,0.33034143657751447,0.0,0.0,0.0,0.0,0.0,0.0,0.0,0.0,0.25661284191057143,0.0,0.0,0.0,0.30572262027431873,0.3713770631013604,0.0,0.0,0.40116712816706795,0.361389078706688,0.0,0.406587356831621,0.39010171456660986,0.33370912898617944,0.37271912590912576,0.43518235554928036,0.4563394321709984,0.0,0.0,0.0,0.41509733290415074,0.0,0.0,0.0,0.0,0.45298219172318144,0.0,0.5102073347058587,0.49589511558394633,0.5744460629965,0.46499132338452825,0.488402238923166,0.0,0.40316954021470297,0.0,0.0,0.4632866264063209,0.0,0.0,0.0,0.0,0.44425326458542136,0.0,0.0,0.0,0.48260589176544805,0.0,0.0,0.0,0.4848291684794738,0.0,0.0,0.0,0.0
0.4137162250739782,0.3598113243686049,0.0,0.0,0.3020587509116922,0.3528994166194363,0.3302713064547478,0.3540668107003194,0.33271802380706805,0.0,0.0,0.0,0.3383751821874814,0.0,0.30776939889505095,0.34459921394137605,0.0,0.35295216934046497,0.0,0.0,0.3743205291953958,0.32911874292215665,0.23653676831189197,0.0,0.3389785051906192,0.36779610676117663,0.33753851193665885,0.32287578125841704,0.3121417486079366,0.2978990277960953,0.32015519357988237,0.4155873055244685,0.3553655291319478,0.3958249521820151,0.4360335655463244,0.4777586224747485,0.0,0.0,0.4483562138205104,0.42934586598447144,0.45739418941156335,0.4727134176511746,0.0,0.0,0.0,0.0,0.41255421303995077,0.0,0.0,0.0,0.0,0.0,0.0,0.0,0.0,0.0,0.0,0.0,0.0,0.4362383756492779,0.4539706816322799,0.0,0.0,0.0,0.4445880962027485,0.4310812835001933,0.43242756107983427,0.4421541685794542,0.0,0.0,0.4271861429319805,0.4436060557716029,0.45698144030954374,0.44015483610345624,0.0,0.0
0.36533755634334475,0.35759069661224635,0.4695713175556537,0.0,0.0,0.3625108519682893,0.3820748273703532,0.41761714644857917,0.0,0.4372922721300076,0.0,0.45015272880407886,0.36609851490545015,0.4355642553479494,0.3550488787302591,0.33990742838114,0.0,0.3445696346800795,0.0,0.3743205291953958,0.0,0.36209182120960914,0.3593185458235047,0.4457451736421647,0.33784230182666675,0.3581158569081747,0.39220384676564995,0.3722743613168898,0.3508662888279328,0.378624308907112,0.3559279582074092,0.39495632708095807,0.31571284050248455,0.3746122502763676,0.4287729734090615,0.4089443929027025,0.0,0.0,0.4459689420867875,0.4054011080136548,0.45365884551294916,0.48650813326661063,0.0,0.0,0.0,0.38419919020322163,0.4422225950713481,0.0,0.0,0.0,0.0,0.0,0.37168396936502873,0.0,0.0,0.0,0.0,0.0,0.0,0.40684689872997126,0.4211590979469168,0.0,0.0,0.0,0.4108755024879838,0.36095474595322835,0.42397736842162254,0.41849435432824367,0.0,0.4146611183230606,0.4480492607944926,0.43046972714923815,0.4345644943004912,0.39359601318498844,0.0,0.0
0.331148647464682,0.3503791835356088,0.3706835134575791,0.0,0.32246947056345554,0.3543793519716691,0.3420480097961811,0.4106662202670472,0.3503014995220567,0.0,0.0,0.0,0.3522361443472918,0.0,0.34255825954646885,0.32727570689438207,0.3535880962013477,0.34275395693644334,0.0,0.32911874292215665,0.36209182120960914,0.0,0.3575518752880446,0.0,0.32987562342201043,0.35061159693367966,0.3806539192869323,0.3334211796733217,0.3416432364273888,0.30442940234432286,0.3238773585603,0.409544111917553,0.33825362579113244,0.3800018760079934,0.4301026267780405,0.5005231445559807,0.0,0.0,0.42877239477210455,0.3965675343240087,0.4140826198800356,0.44884900891157287,0.0,0.0,0.0,0.40358275475829025,0.411080590202433,0.0,0.0,0.0,0.4176557040042533,0.0,0.0,0.0,0.0,0.0,0.0,0.0,0.0,0.4488693598963947,0.39032812645563986,0.0,0.41903256701750236,0.0,0.42443305200451226,0.4246096864676785,0.4245929322575533,0.42946980275256535,0.0,0.3918104274962548,0.4345105570226999,0.42848525299949475,0.0,0.40150000227505617,0.0,0.3989519643022902
0.4471973431519156,0.36292699385212007,0.2849487550114267,0.3248772526843845,0.3436252961439617,0.338141078716675,0.3316099024490529,0.33605801492352283,0.35222742749144226,0.4081006012048918,0.21675783800314155,0.0,0.3362996656273922,0.33924204924448564,0.32572154299514594,0.36486275232342374,0.0,0.3970984295123989,0.25661284191057143,0.23653676831189197,0.3593185458235047,0.3575518752880446,0.0,0.47321082416259325,0.38679054804882057,0.4084379311827685,0.29275235134209854,0.343792837460602,0.32113991993109914,0.3370415744435572,0.3671829232668648,0.37045394199212106,0.3575733209387042,0.3873225081412237,0.40117624813352304,0.35559799609535764,0.36535067879075106,0.0,0.4563241282323323,0.4102418349380623,0.4749835957284521,0.47044609900938905,0.4314085838211642,0.5337571244459007,0.0,0.0,0.45918695878146837,0.38034078176788005,0.0,0.4837984105981589,0.4452993214781051,0.4642458616122961,0.42872537105884656,0.48388573360954573,0.0,0.3942539446349378,0.0,0.4429197395269742,0.4828715567572677,0.4453706738235893,0.0,0.0,0.0,0.3708930800541526,0.45766553052650344,0.4377177215872018,0.43772533967355653,0.446576506896744,0.0,0.0,0.45169151080224373,0.45380830185764154,0.44704499516476154,0.43880897401138175,0.45219735910523917,0.4612852515301205
0.33101795651705146,0.33341080680261725,0.0,0.0,0.4092319398303111,0.0,0.38600236098541363,0.5007245574724669,0.0,0.24443591936696388,0.4181628322505465,0.22394158324265573,0.37244974450079976,0.0,0.3766738125896399,0.3258874346760061,0.29741243797198524,0.29933651537347267,0.0,0.0,0.4457451736421647,0.0,0.47321082416259325,0.0,0.29504316264060965,0.2739030826153861,0.5002434485720555,0.328664592534829,0.0,0.0,0.29384823745159916,0.2897733587812085,0.22202517297593358,0.23940172792751027,0.29120967046303436,0.0,0.0,0.2256330155082167,0.3767064929182494,0.33991134810644474,0.3281992372604736,0.33860938715477945,0.0,0.0,0.2545431014794647,0.3551633629882761,0.3683269865425934,0.0,0.0,0.0,0.0,0.0,0.0,0.0,0.34858501438621514,0.0,0.3478163918415242,0.0,0.0,0.0,0.3914065759685552,0.3785195155988584,0.3777686779325751,0.0,0.0,0.0,0.0,0.0,0.3227517846287571,0.38759640338343393,0.3941172594591946,0.0,0.2905004004049128,0.0,0.0,0.3048950048461259
0.3127625315277683,0.3206879756582758,0.0,0.0,0.4120326924636679,0.31743384460623625,0.3568455474265384,0.4663367510969041,0.35119303099652344,0.28448824224984376,0.5255666018134895,0.2937131563772615,0.34102409193848704,0.0,0.3086871736280414,0.3311087139111666,0.2832290294206177,0.3088475741912365,0.0,0.3389785051906192,0.33784230182666675,0.32987562342201043,0.38679054804882057,0.29504316264060965,0.0,0.3013006653821081,0.33587484161458225,0.34500813972512284,0.3358453934129978,0.0,0.3168047145152289,0.36443240174001673,0.28547825875882327,0.323771995701179,0.3363444360055749,0.0,0.0,0.0,0.3944459115124187,0.3722991566372961,0.36995663495575776,0.40611995600860334,0.0,0.0,0.0,0.36981203963177933,0.3752740881493659,0.0,0.0,0.0,0.0,0.0,0.0,0.0,0.3797825183693833,0.0,0.3788478159668267,0.0,0.0,0.43004023941422737,0.37498031223194284,0.3651681759912106,0.36303436645242804,0.0,0.397852515421463,0.0,0.3762361161577944,0.0,0.3813962896767808,0.3783183327682397,0.38918535153546735,0.0,0.0,0.0,0.0,0.372184448083251
0.312781461582591,0.33951152243839683,0.0,0.0,0.4213814246132925,0.34738034636601367,0.3912601008883292,0.4756124712269906,0.3930070602071452,0.28612471908097975,0.0,0.2693976319080614,0.3593495216780245,0.0,0.3543442231573796,0.34699149807970364,0.3057937798456819,0.3256399727398276,0.0,0.36779610676117663,0.3581158569081747,0.35061159693367966,0.4084379311827685,0.2739030826153861,0.3013006653821081,0.0,0.40078818845006114,0.3609708587414737,0.3527363767279218,0.0,0.3337156356824948,0.38865408331313056,0.3090140289240495,0.34180414814966165,0.3743395041510144,0.44622063222690866,0.0,0.27418079017743474,0.40908655382176534,0.3863389136003909,0.397014086502365,0.4145473723614505,0.0,0.0,0.3800487125858466,0.39205953826049245,0.4237735386357861,0.0,0.0,0.0,0.0,0.0,0.0,0.0,0.3941446846605555,0.0,0.38713586723647303,0.0,0.0,0.4513535020403434,0.39228365354379785,0.3740995469099931,0.37558448104919817,0.0,0.42121922104161197,0.44965530779760915,0.427713323676449,0.43822067841162865,0.37909529849370993,0.3868073161878246,0.408640506097417,0.43439779432333303,0.40846006567307197,0.0,0.0,0.385245184265983
0.41729822058896027,0.3566832301159728,0.3053764090302569,0.0,0.33685050088734914,0.3207881302005447,0.328778183704816,0.37976436494111404,0.2821564344254497,0.0,0.34165954819186417,0.0,0.3353519847561158,0.3614925823505034,0.35185107357361806,0.3642607871111589,0.0,0.36384522476296194,0.30572262027431873,0.33753851193665885,0.39220384676564995,0.3806539192869323,0.29275235134209854,0.5002434485720555,0.33587484161458225,0.40078818845006114,0.0,0.33866097139525136,0.33313251133453065,0.33186718097898465,0.35375133562192523,0.3785580822715989,0.3625936790166271,0.3881390498409162,0.411945780884659,0.3675879755378264,0.36357635546249706,0.0,0.45614227385522105,0.45390832211718474,0.46827955399176924,0.4801351300273008,0.4304127106493132,0.0,0.0,0.0,0.47943253085282267,0.48318318676695515,0.0,0.5232779401750257,0.4483090774474891,0.47780752892555495,0.43617164061456437,0.48665177118376934,0.0,0.4597433664204744,0.0,0.4481703648033138,0.4603749595007126,0.4519888181740318,0.0,0.0,0.0,0.48993959504072626,0.45671164292130806,0.44575722578450383,0.4414398512960962,0.45094960488537505,0.0,0.0,0.457280140927766,0.450086151721229,0.4501670543140363,0.44466547333938927,0.4798678397039031,0.4696040931097162
0.4408744607110358,0.3412443823118989,0.35402167504844323,0.20617119471434298,0.3171962821161144,0.31171749955370365,0.32973420682879273,0.3553962001870621,0.35485331573549167,0.35962001080894873,0.3822536512877244,0.3188382926108336,0.29481001492619524,0.2613378028524253,0.3330058022100288,0.3647053729105015,0.3678877042578426,0.36331551181243865,0.3713770631013604,0.32287578125841704,0.3722743613168898,0.3334211796733217,0.343792837460602,0.328664592534829,0.34500813972512284,0.3609708587414737,0.33866097139525136,0.0,0.29405797821576823,0.2655822081382761,0.3286358545648453,0.34367806880558827,0.3186472698849302,0.3579472233319157,0.3242818826365162,0.23742754042052833,0.22329532610764413,0.31030057709043196,0.435171275618675,0.0,0.4743053981511676,0.5260388537417466,0.0,0.0,0.0,0.0,0.0,0.0,0.0,0.0,0.0,0.0,0.404300999866566,0.0,0.0,0.0,0.0,0.0,0.0,0.44819942243176975,0.0,0.0,0.0,0.0,0.43941429465498966,0.4211442754940396,0.0,0.42681221555967774,0.0,0.0,0.0,0.42813204656692,0.4695406326610947,0.4374396711840796,0.0,0.4238859013281992
0.40568143162584847,0.3488548133068207,0.35749981657341384,0.0,0.30897752450270616,0.2765164401491896,0.3288200374932809,0.31783027073077585,0.3260173060384144,0.0,0.7202533679672227,0.0,0.33312209141517823,0.0,0.3519684997089934,0.3607599902030045,0.4169204313499546,0.3596816140560159,0.0,0.3121417486079366,0.3508662888279328,0.3416432364273888,0.32113991993109914,0.0,0.3358453934129978,0.3527363767279218,0.33313251133453065,0.29405797821576823,0.0,0.2907346453032942,0.3168779531359909,0.3826814851479329,0.30591088786949455,0.362976320639265,0.404048171934569,0.44141027486173584,0.0,0.0,0.4367843947253777,0.46060042133134227,0.46445514129804205,0.48946817015145294,0.0,0.0,0.0,0.0,0.43031322926736704,0.0,0.0,0.0,0.41761347063491916,0.0,0.39547187172849546,0.0,0.0,0.0,0.0,0.0,0.0,0.41700037969940673,0.0,0.0,0.0,0.0,0.42828097020476774,0.3999179922684096,0.425997613035792,0.4173781195943754,0.0,0.0,0.427585784134841,0.41880789480074987,0.441851007832845,0.42079669092339383,0.0,0.4596309506714171
0.0,0.0,0.38230972103838395,0.0,0.2965840813157043,0.32787955726239,0.28761875302279044,0.3486644092859894,0.36611954477104885,0.0,0.0,0.0,0.31020230710513613,0.0,0.3347437868719438,0.3589916733910706,0.0,0.0,0.0,0.2978990277960953,0.378624308907112,0.30442940234432286,0.3370415744435572,0.0,0.0,0.0,0.33186718097898465,0.2655822081382761,0.2907346453032942,0.0,0.2880963440964659,0.3588996449142535,0.0,0.3308894841107327,0.3723238480694667,0.42905601888604966,0.0,0.0,0.45216918626885627,0.0,0.0,0.0,0.0,0.0,0.0,0.0,0.0,0.0,0.0,0.0,0.0,0.0,0.0,0.0,0.0,0.0,0.0,0.0,0.0,0.5083290606408488,0.0,0.0,0.0,0.0,0.4634793659946934,0.0,0.0,0.43953674016524596,0.0,0.0,0.0,0.4418714649406977,0.0,0.0,0.0,0.0
0.3199661994377015,0.3238550173152029,0.37683241572028653,0.2845398917492295,0.37834153547432176,0.34941610091026887,0.3680946133519121,0.3759626256469574,0.3750920699944954,0.2933869654244906,0.4064228264317479,0.30063247947759064,0.3549515106024162,0.34260344654127434,0.3650652690577607,0.29671684881040916,0.3073727393536958,0.31785790566892685,0.40116712816706795,0.32015519357988237,0.3559279582074092,0.3238773585603,0.3671829232668648,0.29384823745159916,0.3168047145152289,0.3337156356824948,0.35375133562192523,0.3286358545648453,0.3168779531359909,0.2880963440964659,0.0,0.39138935895650473,0.3038122959412187,0.2924955362323843,0.295574792381854,0.34912081815453727,0.35015968641099837,0.28957619219321423,0.4213926442528336,0.3833727193674875,0.38896664802598263,0.40772349815046915,0.0,0.0,0.2068964866053438,0.360451429713659,0.39193269973033573,0.0,0.0,0.0,0.0,0.0,0.4258650509488783,0.0,0.356160130798921,0.0,0.3445587215858558,0.43271461821738105,0.0,0.43276536618941364,0.36512360767232904,0.3942941140969118,0.377231922928506,0.0,0.4426954655133969,0.4254666760559231,0.40644792148368203,0.44179324723760127,0.36597022047011546,0.3817785597475105,0.3944354283098737,0.4413106338578231,0.4848959273899469,0.4503359945194085,0.0,0.40075694652706045
0.37442564036124804,0.37911615374671337,0.37169365208356364,0.2433013758360292,0.3098053616891438,0.3576426054534583,0.3431420221910434,0.3311990803586319,0.3630015965394583,0.3273115864003573,0.3483743040728152,0.27006181496712467,0.3463296378823276,0.24561175129229998,0.4077516015761435,0.36855031091628343,0.36772227583145606,0.3751462176664222,0.361389078706688,0.4155873055244685,0.39495632708095807,0.409544111917553,0.37045394199212106,0.2897733587812085,0.36443240174001673,0.38865408331313056,0.3785580822715989,0.34367806880558827,0.3826814851479329,0.3588996449142535,0.39138935895650473,0.0,0.33341820670280475,0.3508720957440013,0.3756984406799703,0.24152560788207145,0.2827189732857062,0.2766043326827576,0.2820367741221933,0.3363505697814772,0.3288024913926505,0.37149182221762844,0.3089822467047697,0.31348246643282834,0.28714058721030794,0.4139778717804573,0.42493769409017007,0.4526604191719108,0.0,0.5290402798921855,0.4278559882070869,0.0,0.41850057552478104,0.46041791673985705,0.0,0.42726908059048785,0.29610054186798207,0.0,0.4280608158709577,0.4480676487734397,0.4046372691043506,0.0,0.3941507878476926,0.49274594554368156,0.44267872740216496,0.4412298753293796,0.44306692656358365,0.44308711671268924,0.0,0.4059369916154634,0.4367100399298397,0.44307226370472913,0.4315646880689406,0.44037335890957724,0.5167927809468241,0.4449389339474889
0.2882888694581335,0.3160749296370984,0.48250206572214055,0.0,0.3888293311814795,0.33827389934107405,0.4024394159798066,0.4318721509044185,0.0,0.25780063046169804,0.42945364654857726,0.2458882027122831,0.3720753097788331,0.0,0.3495911726200311,0.34443270428276196,0.2982316179745059,0.305947311342895,0.0,0.3553655291319478,0.31571284050248455,0.33825362579113244,0.3575733209387042,0.22202517297593358,0.28547825875882327,0.3090140289240495,0.3625936790166271,0.3186472698849302,0.30591088786949455,0.0,0.3038122959412187,0.33341820670280475,0.0,0.25461107098508085,0.3659272447043197,0.46149773501225466,0.340047566733243,0.19878009365351676,0.34568668705905825,0.3217968497651903,0.28774765095894,0.38804914302642324,0.0,0.0,0.18255074430497067,0.3819584632277883,0.40960111431746726,0.0,0.0,0.0,0.0,0.0,0.0,0.0,0.28756406303068827,0.0,0.3119615187370345,0.0,0.0,0.4435618380163087,0.3755208615734573,0.34695613780435125,0.3583801088663159,0.0,0.41507242150928786,0.43082465745165394,0.42753476350898106,0.41693647802772404,0.2621930820780229,0.37428535566983345,0.3966111458552782,0.3869047888469257,0.0,0.4237347130861782,0.0,0.33705691143032007
0.33015048701154964,0.33558520850770823,0.391665370349479,0.24718393717250445,0.38135824425604686,0.36742079082297124,0.36990359018288826,0.3863045105985054,0.39187022747223993,0.29526598746209537,0.4101150978367515,0.24453499777048227,0.36961763396295616,0.34616363785070675,0.39752198478575335,0.3162960087005654,0.32814612106486135,0.336661261930361,0.406587356831621,0.3958249521820151,0.3746122502763676,0.3800018760079934,0.3873225081412237,0.23940172792751027,0.323771995701179,0.34180414814966165,0.3881390498409162,0.3579472233319157,0.362976320639265,0.3308894841107327,0.2924955362323843,0.3508720957440013,0.25461107098508085,0.0,0.3097014193401757,0.3967082700877029,0.27102814772242817,0.24268812556842675,0.4349687417399678,0.3409222265282091,0.2746381311406749,0.37990690854776593,0.0,0.0,0.26493392812107786,0.3830722266541616,0.4088535342882956,0.0,0.0,0.0,0.4517649119774446,0.0,0.4442582804371364,0.0,0.3208056277453382,0.0,0.3088115876144843,0.0,0.0,0.4572666961818785,0.37872495343722157,0.3732246575432778,0.3772247852134472,0.0,0.48543208105075536,0.4353844799054308,0.4298184905484202,0.4562898310801427,0.2890011027822212,0.38989477985911863,0.4104602140539061,0.45983660110335867,0.4606522219867578,0.45616957053465657,0.0,0.4030824015511793
0.36148523645568703,0.3771819105039962,0.39440468221034414,0.2410379440321743,0.34921202570985704,0.36666308090469396,0.3433612164765529,0.39035313353806794,0.391611028415933,0.3052447116629784,0.379230229826455,0.2804581313440626,0.35978238653392847,0.25715495345515205,0.44122459656779794,0.3487097506621901,0.3384186422352648,0.34848772804056216,0.39010171456660986,0.4360335655463244,0.4287729734090615,0.4301026267780405,0.40117624813352304,0.29120967046303436,0.3363444360055749,0.3743395041510144,0.411945780884659,0.3242818826365162,0.404048171934569,0.3723238480694667,0.295574792381854,0.3756984406799703,0.3659272447043197,0.3097014193401757,0.0,0.4314061344992559,0.2883789522892518,0.2972611203823094,0.3159085100830035,0.3247339872633306,0.2712506302633414,0.34844612676453396,0.338665721339896,0.35372446747291125,0.307446086563135,0.36491822606455404,0.4449097123329997,0.0,0.0,0.0,0.0,0.0,0.0,0.0,0.29411492312506665,0.0,0.30560449241429555,0.0,0.0,0.47408554957369714,0.40347906340852785,0.0,0.3825466076234503,0.0,0.4641540473019289,0.454422765968305,0.45781623734828414,0.4611517156618047,0.2834052224034958,0.3941470472107018,0.4337703344103756,0.46047326701309466,0.3834664866084625,0.4830258946156702,0.0,0.4585607336873959
0.0,0.0,0.3502964307819598,0.16239466856359352,0.2104974946520381,0.35884244848571945,0.2591182212152237,0.2399357684914428,0.3507582459216922,0.24845123021720045,0.26859597768763865,0.2917413170306228,0.2705754040093682,0.2178738154222856,0.4835970055370345,0.0,0.0,0.0,0.33370912898617944,0.4777586224747485,0.4089443929027025,0.5005231445559807,0.35559799609535764,0.0,0.0,0.44622063222690866,0.3675879755378264,0.23742754042052833,0.44141027486173584,0.42905601888604966,0.34912081815453727,0.24152560788207145,0.46149773501225466,0.3967082700877029,0.4314061344992559,0.0,0.1730248487682946,0.2911379551996584,0.29227660924393867,0.0,0.30036232688658077,0.30524357474725455,0.308231193826741,0.0,0.0,0.0,0.0,0.42722812387733017,0.0,0.4065061009013044,0.41783210032347573,0.4366347164411438,0.38817425338358896,0.43319965634359525,0.0,0.3816798955915398,0.0,0.44107385786248243,0.35450252106927105,0.0,0.0,0.0,0.0,0.4044019893973858,0.0,0.0,0.0,0.4059062671007985,0.0,0.0,0.0,0.43108651188239827,0.4317196509390377,0.5359594342138058,0.0,0.0
0.0,0.0,0.0,0.14399946273870431,0.1893266949823724,0.3560930975601404,0.3009443571207425,0.2867841423982993,0.36938957484620116,0.22452298134594648,0.36373046003835985,0.2921863607948911,0.3031909887098367,0.15779433898997028,0.0,0.0,0.0,0.0,0.37271912590912576,0.0,0.0,0.0,0.36535067879075106,0.0,0.0,0.0,0.36357635546249706,0.22329532610764413,0.0,0.0,0.35015968641099837,0.2827189732857062,0.340047566733243,0.27102814772242817,0.2883789522892518,0.1730248487682946,0.0,0.2891965499281465,0.24788444392078282,0.0,0.28344593957858866,0.3121393325984958,0.3203152993923193,0.29602775726552355,0.0,0.0,0.0,0.0,0.0,0.0,0.0,0.0,0.0,0.0,0.0,0.0,0.0,0.0,0.0,0.0,0.0,0.0,0.0,0.0,0.0,0.0,0.0,0.0,0.0,0.0,0.0,0.0,0.0,0.0,0.0,0.0
0.0,0.0,0.0,0.0,0.37603766873719363,0.0,0.3554077484026174,0.0,0.4014952218726418,0.23526461508640814,0.39009071670991724,0.2006680769615412,0.340959981475842,0.0,0.0,0.0,0.0,0.0,0.43518235554928036,0.0,0.0,0.0,0.0,0.2256330155082167,0.0,0.27418079017743474,0.0,0.31030057709043196,0.0,0.0,0.28957619219321423,0.2766043326827576,0.19878009365351676,0.24268812556842675,0.2972611203823094,0.2911379551996584,0.2891965499281465,0.0,0.0,0.17551766594696894,0.25050395418049204,0.0,0.0,0.0,0.18303447647576312,0.0,0.0,0.0,0.0,0.0,0.0,0.0,0.0,0.0,0.27487093173044896,0.0,0.26628145434288014,0.0,0.0,0.0,0.0,0.0,0.0,0.0,0.0,0.0,0.0,0.0,0.2599914032939374,0.0,0.29590628814758335,0.0,0.0,0.0,0.0,0.0
0.40127520305335385,0.40191312957554315,0.4714042875606291,0.0,0.4532674972623898,0.42629076775450714,0.0,0.41961834059017733,0.46527905101031825,0.3068430840363375,0.3972228092611547,0.0,0.43062846148102474,0.3132052845467927,0.4527818877753429,0.39547469016886966,0.35292194934525656,0.37508904843911633,0.4563394321709984,0.4483562138205104,0.4459689420867875,0.42877239477210455,0.4563241282323323,0.3767064929182494,0.3944459115124187,0.40908655382176534,0.45614227385522105,0.435171275618675,0.4367843947253777,0.45216918626885627,0.4213926442528336,0.2820367741221933,0.34568668705905825,0.4349687417399678,0.3159085100830035,0.29227660924393867,0.24788444392078282,0.0,0.0,0.3083139682671125,0.3458131322111491,0.37803737890547184,0.24616393547215973,0.27523002091060556,0.23506082761036914,0.3778534169825181,0.36086356066182523,0.37097629592145537,0.24196535441544498,0.32495445324708233,0.3649418508352211,0.33646910292671073,0.39478475324605744,0.3693796085018698,0.2965106796080994,0.35791732502574675,0.26311694741016933,0.3553224192411163,0.2945301611138702,0.39948648983719315,0.3585457733794217,0.3307565725613413,0.3609802455606001,0.3612109060986385,0.4156818693189876,0.3906561739640191,0.40041881050162653,0.3805391958281377,0.21145928613177048,0.35282675815956954,0.3719875936974784,0.39091536227986007,0.3297873126763672,0.3805078828356324,0.39450581502053117,0.36692418794261444
