0.0,0.3333884241431212,0.0,0.0,0.0,0.39745665819413795,0.0,0.4315581484588703,0.0,0.34388434950011304,0.0,0.33240929783308865,0.0,0.4237723425952898,0.3785139104970763,0.32317907121056566,0.3145167622268068,0.30549868252832685,0.0,0.38736874799288973,0.3583443640440852,0.34262942966184634,0.40339400464022296,0.3280252467732239,0.2985916773539184,0.3334012166666994,0.4139859097329627,0.40853840171467026,0.3729146579690724,0.0,0.2834435584634578,0.3303814242228728,0.26085551824354863,0.29264784472743427,0.3470101629422859,0.0,0.0,0.0,0.4138897787598989,0.38520641015418794,0.36344810243343884,0.0,0.0,0.0,0.0,0.30874334965812505,0.4041972200908556,0.0,0.0,0.0,0.0,0.0,0.0,0.0,0.0,0.0,0.0,0.0,0.0,0.4189058992509604,0.3963257297992272,0.0,0.0,0.0,0.0,0.38145848776733565,0.4012370521737681,0.3591950398236151,0.29504214404536394,0.39298748168517234,0.3850053718218785,0.37800832039863114,0.0,0.0,0.0,0.0
0.3333884241431212,0.0,0.0,0.0,0.0,0.37047189885462495,0.3787390249423679,0.4137409722892455,0.3684661734450313,0.0,0.0,0.0,0.38068619473927817,0.0,0.39702541689388104,0.3665704715843437,0.40526041115734246,0.34261923955115925,0.0,0.3978707451032297,0.380524166834561,0.3676517429990742,0.3859980503659487,0.0,0.31336209173405727,0.3497006576234,0.39493815594943044,0.3706457766879701,0.3857060189285172,0.3420265978509184,0.32157577628902273,0.37214694858908315,0.33530598886605334,0.32755780925257205,0.4002920983210754,0.0,0.0,0.0,0.4259604969004432,0.42579254718623355,0.4184178399903976,0.420386656480794,0.0,0.0,0.0,0.3943797950774203,0.42758622816232605,0.0,0.0,0.0,0.42936041295084393,0.0,0.5101389819576604,0.0,0.0,0.0,0.0,0.0,0.0,0.46838168436407684,0.4042882337306314,0.0,0.39877620537117237,0.0,0.4210021859398099,0.44875939170848866,0.4589811229114441,0.4540112545343983,0.0,0.38656187955715676,0.44602070699664653,0.4510241537426159,0.0,0.39854059111279894,0.0,0.40775921701691115
0.0,0.0,0.0,0.0,0.31289581409212375,0.307638378156149,0.3367617228800784,0.3503125438562974,0.23959601424601565,0.0,0.2424643778603006,0.0,0.34801326932558685,0.2695580648409086,0.0,0.0,0.0,0.0,0.20681756153317138,0.0,0.0,0.0,0.2287890608461096,0.0,0.0,0.0,0.2416523184133543,0.3507344281971942,0.0,0.0,0.3508282326933405,0.32549036664168834,0.0,0.35236657000230814,0.0,0.2961350243189161,0.3407856807178116,0.0,0.3851845505190654,0.0,0.0,0.0,0.34514365822205995,0.0,0.0,0.0,0.0,0.2737519249463774,0.0,0.4766568205660322,0.46341460351788916,0.4953003222281391,0.45466825882779904,0.43444780497830926,0.0,0.25905320379807445,0.0,0.5041913016253006,0.38677467899828905,0.0,0.0,0.0,0.0,0.19570287444586784,0.0,0.0,0.0,0.4568575203286366,0.0,0.0,0.0,0.46767714996155063,0.0,0.0,0.0,0.0
0.0,0.0,0.0,0.0,0.22995622141049202,0.3164522369521632,0.28001548773228163,0.34315742834616547,0.32268555810921523,0.2042511830507723,0.2872239498689725,0.2584928775153052,0.284875101226432,0.2525921881694538,0.0,0.0,0.0,0.0,0.33336944668742907,0.0,0.0,0.0,0.0,0.0,0.0,0.0,0.3362486118688849,0.2265536256938159,0.0,0.0,0.2523144825453183,0.23106081834305595,0.0,0.21501638662742562,0.22646368232236339,0.19156774958554504,0.17519087063845343,0.2274963151860863,0.24415826612845373,0.0,0.23551403207704766,0.0,0.2542685967526446,0.0,0.0,0.0,0.0,0.0,0.0,0.0,0.0,0.0,0.0,0.0,0.0,0.0,0.0,0.0,0.0,0.0,0.0,0.0,0.0,0.0,0.0,0.0,0.0,0.0,0.0,0.0,0.0,0.0,0.0,0.0,0.0,0.0
0.0,0.0,0.31289581409212375,0.22995622141049202,0.0,0.3204426807314182,0.29749428213490525,0.3453360971516202,0.2793458527627296,0.3936854549486389,0.2803294654711966,0.0,0.3443481379314236,0.25130680404104344,0.0,0.0,0.472785524669022,0.0,0.29087495437987604,0.3217524864249489,0.0,0.3484983024725909,0.3316920261385389,0.0,0.0,0.43347514378772045,0.3253763017696947,0.35119929308295844,0.31591964897857033,0.26186458202716695,0.36209508191975254,0.29512146908305975,0.4530074511382256,0.3581711974885059,0.2887269758503467,0.2066126662776116,0.2004827134058235,0.3770135022212486,0.4904102652281528,0.0,0.0,0.0,0.33072353353029144,0.0,0.0,0.0,0.0,0.4373022725567701,0.0,0.5089168558286808,0.48008997523851693,0.5838155636150848,0.43781118714274636,0.4489205641364298,0.0,0.3693516682983455,0.0,0.7203281157374369,0.3548505214438401,0.0,0.0,0.0,0.0,0.42563161445314357,0.0,0.0,0.0,0.45288206457458446,0.0,0.0,0.0,0.47179835226964595,0.0,0.0,0.0,0.0
0.39745665819413795,0.37047189885462495,0.307638378156149,0.3164522369521632,0.3204426807314182,0.0,0.337381116262812,0.35385508363510243,0.28206159920961393,0.3838211019267774,0.3128226218266862,0.0,0.32260040559645026,0.2829349829470206,0.37183938547066603,0.3839458294615608,0.0,0.36016718645761137,0.3033486299835618,0.3589421269074329,0.3585566100438992,0.37241787419374606,0.35564835751385265,0.0,0.37456596035419387,0.3523236964516429,0.3350167543860524,0.3068831573638182,0.2913791756333446,0.3290278719852496,0.3461528742014229,0.3385042434386903,0.31753020958062655,0.3505259094925529,0.34903298660265364,0.33607050116929804,0.33579041260597503,0.40439202497419113,0.409424136761814,0.0,0.43184280106515555,0.0,0.0,0.0,0.0,0.0,0.0,0.4510931399538814,0.0,0.0,0.4434175762569009,0.47181314073426067,0.4174789524071568,0.421328773721062,0.0,0.0,0.0,0.4452154638051071,0.0,0.45064072487616125,0.0,0.0,0.0,0.44801135151696947,0.4319582811527841,0.43085761157681934,0.45486892063934037,0.45605760325054223,0.0,0.0,0.46564425458725645,0.4445672558096889,0.42636285079593045,0.41980999387797513,0.4689185466645588,0.431963435806104
0.0,0.3787390249423679,0.3367617228800784,0.28001548773228163,0.29749428213490525,0.337381116262812,0.0,0.3469946263565368,0.32116635221622103,0.3680050127356763,0.34398026747378796,0.37632056916975326,0.31323023046504955,0.29269883368238153,0.0,0.39289540403577705,0.42805197107560855,0.4093454759450368,0.33640559101092465,0.3630403295642027,0.4075849222316843,0.378808434365545,0.35427407721636966,0.0,0.3879507354245589,0.3834787672649975,0.3507895888683036,0.3501306225801816,0.3396819487283643,0.33841041185672643,0.36392617190404386,0.3526703227582841,0.3722173394662022,0.35975346775076456,0.317753199238466,0.29066216697172764,0.2817816068026992,0.36219053266913925,0.49424676099827913,0.0,0.0,0.0,0.0,0.0,0.0,0.0,0.0,0.0,0.0,0.0,0.46883489981916704,0.0,0.4709876185111251,0.0,0.0,0.0,0.0,0.0,0.0,1.0,0.0,0.0,0.0,0.0,0.0,0.0,0.0,0.44735738689945426,0.0,0.0,0.0,0.45321602172454717,0.0,0.5289252268268324,0.0,0.8151983166374697
0.4315581484588703,0.4137409722892455,0.3503125438562974,0.34315742834616547,0.3453360971516202,0.35385508363510243,0.3469946263565368,0.0,0.36652456388904936,0.0,0.2768782834663848,0.0,0.37247742017450086,0.3209874497618902,0.35482688202666085,0.40333181096748755,0.0,0.3870933629330829,0.3094689222351628,0.3907029802654346,0.39280771323419456,0.39709070714433353,0.33717826806872064,0.4324655631760144,0.36016619627294005,0.4103239053826317,0.3843158868215407,0.3710734522748959,0.3300783679077011,0.3796993511071329,0.36513707663015293,0.3050082167341176,0.32654343603971164,0.3510034266486227,0.3941427527766626,0.23655729849886345,0.0,0.0,0.4461836000316497,0.0,0.3680184938594441,0.0,0.35317857864231106,0.0,0.0,0.0,0.0,0.4260902426526723,0.0,0.0,0.430700610198422,0.0,0.3431109754399264,0.4071816608798294,0.0,0.40673953361883713,0.0,0.4258549963636055,0.0,0.44426904693943003,0.0,0.0,0.0,0.4043785802817935,0.44835628545343764,0.38410241474517515,0.0,0.4458745220651119,0.0,0.0,0.0,0.44385437293751345,0.41913409889864145,0.427706777022486,0.0,0.0
0.0,0.3684661734450313,0.23959601424601565,0.32268555810921523,0.2793458527627296,0.28206159920961393,0.32116635221622103,0.36652456388904936,0.0,0.38216896269177475,0.2654277037220065,0.38092402322094476,0.3233169390289566,0.3201667184857257,0.0,0.0,0.0,0.0,0.23244932423970538,0.3304676066119177,0.4349475222596486,0.3578712462495655,0.31912110534891724,0.0,0.0,0.0,0.2776867714398327,0.34353559874951856,0.3113719335248957,0.3463898972371443,0.32512095556277926,0.3236044476697235,0.35191356488274655,0.34189486396820035,0.34874881567849364,0.31947719189413926,0.3376179591222124,0.35540123687631336,0.4016754959133397,0.0,0.0,0.0,0.3726998462356664,0.0,0.0,0.0,0.0,0.4494913886521436,0.0,0.0,0.449871550498367,0.5021373908920959,0.41621278137189643,0.4634931058255005,0.0,0.3943318375625056,0.0,0.5134953318138801,0.0,0.0,0.0,0.0,0.0,0.4383796515658993,0.0,0.0,0.0,0.45240662953878047,0.0,0.0,0.0,0.44394125764891007,0.5019857477379908,0.5485632334443487,0.0,0.5781504307876827
0.34388434950011304,0.0,0.0,0.2042511830507723,0.3936854549486389,0.3838211019267774,0.3680050127356763,0.0,0.38216896269177475,0.0,0.386202172249995,0.2698921988710694,0.37931148476836757,0.22130585513908718,0.0,0.36350500721937484,0.28716259283311857,0.319078662385256,0.39499630697989485,0.0,0.0,0.0,0.0,0.2785399092774863,0.3154573121943539,0.3040187967312268,0.0,0.3551570618706488,0.0,0.0,0.30346357173359434,0.29449169030619937,0.28489571892071924,0.2725570329134287,0.2671190763537681,0.25991798641278957,0.1895441143960615,0.24565673806315977,0.3160355326615872,0.31376328631600403,0.3252568035762315,0.2998814219339879,0.3096984112514497,0.0,0.30450610010044155,0.42018520078634747,0.4116052901691701,0.0,0.0,0.0,0.0,0.0,0.0,0.0,0.3735035217602338,0.0,0.39200751813555956,0.3747929077744274,0.0,0.0,0.43849219763553404,0.39413034343695236,0.38383453718873334,0.0,0.0,0.0,0.36567462910705806,0.0,0.35556401751263395,0.3815848463803094,0.3980103765600056,0.0,0.36035829518332196,0.0,0.0,0.3561191729738295
0.0,0.0,0.2424643778603006,0.2872239498689725,0.2803294654711966,0.3128226218266862,0.34398026747378796,0.2768782834663848,0.2654277037220065,0.386202172249995,0.0,0.0,0.3545536230360589,0.2394767081704391,0.0,0.0,0.0,0.0,0.22572273014179067,0.0,0.0,0.0,0.2202152091238048,0.0,0.0,0.0,0.2968537071096231,0.3546484650804144,0.0,0.0,0.3209537943791934,0.26758264308838176,0.0,0.35024374768741745,0.3225755937964094,0.25119425023582226,0.2558912629349975,0.0,0.32450483086808196,0.0,0.0,0.0,0.33801865183071594,0.0,0.0,0.0,0.0,0.3689327007049925,0.0,0.39640685360421773,0.44936676662462804,0.4406426995951032,0.4188919186706672,0.4001975334465072,0.0,0.13751748004772005,0.0,0.45903167152926205,0.3355121572223934,0.0,0.0,0.0,0.0,0.1419473194017404,0.0,0.0,0.0,0.44831722914396743,0.0,0.0,0.0,0.449090390268933,0.4654499888640929,0.0,0.0,0.0
0.33240929783308865,0.0,0.0,0.2584928775153052,0.0,0.0,0.37632056916975326,0.0,0.38092402322094476,0.2698921988710694,0.0,0.0,0.3673060681837119,0.0,0.0,0.0,0.3422752520128284,0.0,0.0,0.0,0.43302339425695563,0.0,0.0,0.2534361365250605,0.31726659524101963,0.2729304087891188,0.0,0.32434174525065007,0.0,0.2790037356327104,0.31590738676047,0.2253696512124282,0.22551581984039937,0.23769140492860708,0.25940223156406017,0.2302813480885797,0.2471885211373316,0.17104541587667244,0.2298680780826051,0.29875119904976155,0.3252106992826976,0.3520860005223964,0.0,0.0,0.32905505581330313,0.0,0.0,0.0,0.0,0.0,0.0,0.0,0.0,0.0,0.3721242211409157,0.0,0.3877625827962483,0.0,0.0,0.0,0.0,0.3997261145302119,0.38963319317255585,0.0,0.0,0.0,0.0,0.0,0.3234754316933801,0.39331070453951233,0.40384301750325363,0.0,0.0,0.0,0.0,0.35756023552858707
0.0,0.38068619473927817,0.34801326932558685,0.284875101226432,0.3443481379314236,0.32260040559645026,0.31323023046504955,0.37247742017450086,0.3233169390289566,0.37931148476836757,0.3545536230360589,0.3673060681837119,0.0,0.33591425676552245,0.0,0.39222224763342917,0.39900201793753665,0.3829278582495199,0.3433302829398191,0.36207312827964644,0.3772384426578784,0.3838109593816121,0.3652909745291426,0.36505090649060384,0.3859377239622156,0.3727846853153931,0.3639894444680154,0.3174078991916964,0.3216155983981142,0.3369644117649945,0.3592173877072875,0.3577247729758096,0.3710105118955474,0.36132273633891143,0.3459000435114375,0.3278263360246904,0.31975672032091007,0.3399790320677961,0.417634741466672,0.0,0.4799590460937622,0.0,0.0,0.0,0.0,0.0,0.0,0.0,0.0,0.0,0.4521076345318147,0.0,0.425976096536306,0.0,0.0,0.0,0.0,0.5111603964897171,0.0,0.5599138205221271,0.0,0.0,0.0,0.0,0.4885258643274181,0.5195026755777004,0.0,0.4483899779324537,0.0,0.0,0.0,0.44383320382330954,0.0,0.453812659076227,0.0,0.5314535734122823
0.4237723425952898,0.0,0.2695580648409086,0.2525921881694538,0.25130680404104344,0.2829349829470206,0.29269883368238153,0.3209874497618902,0.3201667184857257,0.22130585513908718,0.2394767081704391,0.0,0.33591425676552245,0.0,0.0,0.0,0.0,0.0,0.2602330516245366,0.0,0.3981897321207091,0.0,0.3264886329489602,0.0,0.0,0.0,0.3544834355535291,0.2378008624736769,0.0,0.0,0.31713958900249584,0.2174602401345593,0.0,0.3073934471167024,0.0,0.17305022090374997,0.16044713534031974,0.0,0.2557949497489311,0.0,0.0,0.0,0.30533844743480604,0.0,0.0,0.0,0.0,0.4424864136716,0.0,0.42325070344916715,0.5197378885403198,0.45694462901371397,0.4108863658213434,0.4021715607469716,0.0,0.3738373882364349,0.0,0.6923666445345525,0.33243279608721743,0.0,0.0,0.0,0.0,0.3986342050363605,0.0,0.0,0.0,0.44258741196998586,0.0,0.0,0.0,0.4765421328750057,0.6470406456664091,0.0,0.0,0.0
0.3785139104970763,0.39702541689388104,0.0,0.0,0.0,0.37183938547066603,0.0,0.35482688202666085,0.0,0.0,0.0,0.0,0.0,0.0,0.0,0.3769309928228967,0.0,0.33466389375193545,0.0,0.329568434409688,0.373757440586176,0.3224974316996011,0.3149570028055524,0.4065297702403234,0.3735248220410209,0.3576653547283875,0.3723428141409366,0.33502360689302857,0.36934522700928174,0.0,0.34919701616918924,0.3871750574016592,0.3590973177061798,0.3833623832029566,0.4240574602367362,0.0,0.0,0.0,0.4510435879716458,0.49496610370629307,0.4514474018827289,0.47658495148010716,0.0,0.0,0.0,0.0,0.45866512145337096,0.0,0.0,0.0,0.42939204042457846,0.0,0.40691458214626575,0.0,0.0,0.0,0.0,0.0,0.0,0.46805542172085923,0.43992258310166865,0.0,0.0,0.0,0.4521942670566189,0.4489431673802334,0.47358059671678754,0.4508467140755846,0.0,0.0,0.4799475519908889,0.4622414112188316,0.0,0.4326057020965905,0.0,0.44657431726426233
0.32317907121056566,0.3665704715843437,0.0,0.0,0.0,0.3839458294615608,0.39289540403577705,0.40333181096748755,0.0,0.36350500721937484,0.0,0.0,0.39222224763342917,0.0,0.3769309928228967,0.0,0.36150124097302266,0.3230068368387095,0.0,0.3809675040355522,0.3518985207598917,0.3619896488436601,0.356329699170755,0.352546269596676,0.34223026935348266,0.37042784105519105,0.3932556301638334,0.38390933074952865,0.3982074756994292,0.0,0.32727137885749397,0.3751515824338853,0.32856756123455316,0.3476352602228737,0.4062292967868794,0.0,0.0,0.0,0.41516004839061854,0.38599666162114893,0.39193961631282564,0.39021140888768957,0.0,0.0,0.0,0.37991362727824934,0.40935270878646096,0.0,0.0,0.0,0.0,0.0,0.0,0.0,0.0,0.0,0.0,0.0,0.0,0.44987852980676,0.39459540025258233,0.0,0.0,0.0,0.40318012053637997,0.4427758033908404,0.425075851911211,0.5368738974585917,0.0,0.37623613123880134,0.4264834646017552,0.5076866625337719,0.0,0.0,0.0,0.0
0.3145167622268068,0.40526041115734246,0.0,0.0,0.472785524669022,0.0,0.42805197107560855,0.0,0.0,0.28716259283311857,0.0,0.3422752520128284,0.39900201793753665,0.0,0.0,0.36150124097302266,0.0,0.2913488440453663,0.0,0.38237683156534885,0.0,0.36388567823715584,0.0,0.33134337879520825,0.294375956642798,0.32912662110750884,0.0,0.38226576695261383,0.4258440343748,0.0,0.33376615616120114,0.373426876026139,0.3177405866871534,0.3450122018072153,0.36501904941269636,0.0,0.0,0.30292690812553713,0.35931498040055776,0.31562585108375907,0.33052459751419133,0.0,0.0,0.0,0.0,0.0,0.39703211226647867,0.0,0.0,0.0,0.0,0.0,0.0,0.0,0.34489855735484315,0.0,0.37625166185353837,0.0,0.0,0.0,0.0,0.3904502168793884,0.35128284266353693,0.0,0.0,0.0,0.0,0.0,0.3258432157597666,0.34282782410716967,0.3810415599370471,0.0,0.0,0.0,0.0,0.0
0.30549868252832685,0.34261923955115925,0.0,0.0,0.0,0.36016718645761137,0.4093454759450368,0.3870933629330829,0.0,0.319078662385256,0.0,0.0,0.3829278582495199,0.0,0.33466389375193545,0.3230068368387095,0.2913488440453663,0.0,0.0,0.35330836331530546,0.32142070440434956,0.36422574406534314,0.35682005222437124,0.30748644425949023,0.29905990791844816,0.32456059244634133,0.3694903599940243,0.366309178865271,0.36288661954945817,0.0,0.32490660965562224,0.3640276948808929,0.3003735213030093,0.32853517735152454,0.3619272720197045,0.0,0.0,0.0,0.3704197368054039,0.34681450089990246,0.3557630109900818,0.39060679724659714,0.0,0.0,0.0,0.34992911989842856,0.3783442146683683,0.0,0.0,0.0,0.0,0.0,0.0,0.0,0.34266578828264205,0.0,0.0,0.0,0.0,0.4859739699461009,0.3684863589666047,0.0,0.33909686816465573,0.0,0.0,0.40779771008359517,0.3856559478594417,0.0,0.3865483310927832,0.36866738908088625,0.3829774101980953,0.0,0.0,0.0,0.0,0.0
0.0,0.0,0.20681756153317138,0.33336944668742907,0.29087495437987604,0.3033486299835618,0.33640559101092465,0.3094689222351628,0.23244932423970538,0.39499630697989485,0.22572273014179067,0.0,0.3433302829398191,0.2602330516245366,0.0,0.0,0.0,0.0,0.0,0.0,0.0,0.0,0.16908041703291768,0.0,0.0,0.0,0.254698749925193,0.3257456792710671,0.0,0.0,0.3459418034366835,0.29923629528514495,0.0,0.3596318122593475,0.3097903438866145,0.2863749306528986,0.0,0.0,0.0,0.0,0.0,0.0,0.32821522591433827,0.0,0.0,0.0,0.0,0.3817712042745719,0.0,0.0,0.4515895810349108,0.0,0.40166478861946786,0.40813543332723906,0.0,0.18242696715665163,0.0,0.49793473512021286,0.0,0.0,0.0,0.0,0.0,0.38114716243260344,0.0,0.0,0.0,0.4469890028240393,0.0,0.0,0.0,0.4448001136372051,0.0,0.0,0.0,0.0
0.38736874799288973,0.3978707451032297,0.0,0.0,0.3217524864249489,0.3589421269074329,0.3630403295642027,0.3907029802654346,0.3304676066119177,0.0,0.0,0.0,0.36207312827964644,0.0,0.329568434409688,0.3809675040355522,0.38237683156534885,0.35330836331530546,0.0,0.0,0.3920399693052811,0.3322090617747581,0.27100494953057364,0.5474148879972422,0.39421847629012247,0.3952599372153797,0.326285717664481,0.3108064984626038,0.30049922616406827,0.24225640940558454,0.3387907040701241,0.39278368372482,0.34621506492814974,0.37986916029155343,0.4261388808538373,0.44505330341024707,0.4116492799505771,0.0,0.43589941951140243,0.4329884361648635,0.4402823104204665,0.4508472989974976,0.0,0.0,0.0,0.0,0.41892940246627897,0.0,0.0,0.0,0.4352240909465904,0.0,0.4481830923329329,0.0,0.0,0.0,0.0,0.47893137562571736,0.0,0.4454180105767796,0.0,0.0,0.0,0.0,0.43815946298831726,0.4307301176464699,0.448199408217666,0.4519590108822379,0.0,0.0,0.4414990291098572,0.45261740156106217,0.44521222310654085,0.4291292898872547,0.0,0.44421304570191517
0.3583443640440852,0.380524166834561,0.0,0.0,0.0,0.3585566100438992,0.4075849222316843,0.39280771323419456,0.4349475222596486,0.0,0.0,0.43302339425695563,0.3772384426578784,0.3981897321207091,0.373757440586176,0.3518985207598917,0.0,0.32142070440434956,0.0,0.3920399693052811,0.0,0.40985130572723777,0.3601773314799554,0.40209913437752165,0.32507154815004635,0.37195338876417156,0.3944685178449889,0.3789329449375426,0.3526213131543483,0.3879895708310622,0.338213023241258,0.37170820603306115,0.3255455441512926,0.35918746340061514,0.4203429962899985,0.3613401487176768,0.0,0.0,0.3870680040435779,0.0,0.0,0.0,0.0,0.0,0.0,0.35819077163840085,0.4260031045885888,0.0,0.0,0.0,0.3940483728645346,0.0,0.33891406123174667,0.0,0.0,0.0,0.0,0.0,0.0,0.43349027033233134,0.0,0.0,0.0,0.0,0.41816303992699927,0.37422080484667947,0.4530917209822206,0.40697711435680667,0.0,0.0,0.448160895704223,0.42370490933217037,0.0,0.3414114492032945,0.0,0.0
0.34262942966184634,0.3676517429990742,0.0,0.0,0.3484983024725909,0.37241787419374606,0.378808434365545,0.39709070714433353,0.3578712462495655,0.0,0.0,0.0,0.3838109593816121,0.0,0.3224974316996011,0.3619896488436601,0.36388567823715584,0.36422574406534314,0.0,0.3322090617747581,0.40985130572723777,0.0,0.3663468853537279,0.49587240941353383,0.3507351454714061,0.36734937084047325,0.39157595352935654,0.3640198716376166,0.3627476526547509,0.2701574973480045,0.3262944409175335,0.3862856296429261,0.3545091771070527,0.3667465140903804,0.42818639338726944,0.4539285797626632,0.4026255786189513,0.597894671960745,0.43725145870512333,0.4377642599965858,0.43337408044075787,0.4395684528861312,0.0,0.0,0.0,0.41304520930130895,0.4329792544014931,0.0,0.0,0.0,0.42679135709983207,0.0,0.44693733171232514,0.0,0.0,0.0,0.0,0.6712405484260487,0.0,0.4704880117289767,0.4147760247485332,0.0,0.44608875164652184,0.0,0.4468252735430041,0.4573031598582297,0.45461220906041727,0.45085005449506194,0.0,0.4118004213778197,0.46664365946179587,0.4501994809998322,0.0,0.42021508960901466,0.0,0.4223460060479037
0.40339400464022296,0.3859980503659487,0.2287890608461096,0.0,0.3316920261385389,0.35564835751385265,0.35427407721636966,0.33717826806872064,0.31912110534891724,0.0,0.2202152091238048,0.0,0.3652909745291426,0.3264886329489602,0.3149570028055524,0.356329699170755,0.0,0.35682005222437124,0.16908041703291768,0.27100494953057364,0.3601773314799554,0.3663468853537279,0.0,0.4214050990994472,0.3542966871239699,0.40965721365309304,0.3139566917910639,0.365553198215228,0.3471165909790264,0.36799246805228497,0.36935466646022647,0.3645538693149291,0.33371601017037233,0.377238282498049,0.40068574598343876,0.3378304557154249,0.36640596426892097,0.0,0.44205884373806503,0.41757219541858553,0.43758505757305194,0.44505712591319935,0.4105255335930485,0.0,0.0,0.3716738764640546,0.44695237188747783,0.4171739542437355,0.0,0.48421000975744316,0.46406572822153647,0.4476798999714137,0.4406174773905384,0.41636418435590844,0.0,0.3528654244134917,0.0,0.44195497256932714,0.4445597335097598,0.450916156468833,0.0,0.0,0.0,0.4144273159724462,0.448458716145896,0.4265616997743657,0.4513492504727806,0.47674241232546766,0.0,0.0,0.4443151004620053,0.47047438005479175,0.44015322837178344,0.440430514493189,0.4437988205835314,0.449027250083232
0.3280252467732239,0.0,0.0,0.0,0.0,0.0,0.0,0.4324655631760144,0.0,0.2785399092774863,0.0,0.2534361365250605,0.36505090649060384,0.0,0.4065297702403234,0.352546269596676,0.33134337879520825,0.30748644425949023,0.0,0.5474148879972422,0.40209913437752165,0.49587240941353383,0.4214050990994472,0.0,0.32431423796475856,0.2867831587837136,0.4643167604398182,0.35417501219407826,0.0,0.0,0.3131210264331755,0.30082146208493277,0.23237126650149972,0.25198103156883467,0.3310183779520986,0.0,0.0,0.22496509963575148,0.37499513627943054,0.31705547729318967,0.33604530356792317,0.30072735743237006,0.0,0.0,0.0,0.34473524473023714,0.39084326345391446,0.0,0.0,0.0,0.0,0.0,0.0,0.0,0.37784965124045994,0.0,0.3715690991195773,0.0,0.0,0.0,0.3904371099071878,0.40640674928688547,0.4002764110312767,0.0,0.0,0.4150198811572928,0.0,0.0,0.35915574458170196,0.3893784806499574,0.3989334898500412,0.0,0.0,0.0,0.0,0.33097505498081836
0.2985916773539184,0.31336209173405727,0.0,0.0,0.0,0.37456596035419387,0.3879507354245589,0.36016619627294005,0.0,0.3154573121943539,0.0,0.31726659524101963,0.3859377239622156,0.0,0.3735248220410209,0.34223026935348266,0.294375956642798,0.29905990791844816,0.0,0.39421847629012247,0.32507154815004635,0.3507351454714061,0.3542966871239699,0.32431423796475856,0.0,0.30602484501311783,0.40278115434786316,0.36702365300582174,0.38163732371956427,0.0,0.32507794067344087,0.33881903832427684,0.2802845833322594,0.3090023207830858,0.3456033076274993,0.0,0.0,0.29334015279097764,0.3674112247695852,0.3506359944243017,0.3544934167221951,0.36168118447771286,0.0,0.0,0.40275484445092685,0.34685961400732584,0.37224606514326686,0.0,0.0,0.0,0.0,0.0,0.0,0.0,0.36157211130121486,0.0,0.3852784857490838,0.0,0.0,0.457055365531965,0.3698130977445245,0.3797157067497725,0.36841232497501814,0.0,0.3914483110824494,0.43274703151972915,0.41950288647159517,0.5066190504386769,0.37705106185601955,0.3679327918478687,0.3891700527037343,0.6273400514074651,0.0,0.0,0.0,0.3618465580214958
0.3334012166666994,0.3497006576234,0.0,0.0,0.43347514378772045,0.3523236964516429,0.3834787672649975,0.4103239053826317,0.0,0.3040187967312268,0.0,0.2729304087891188,0.3727846853153931,0.0,0.3576653547283875,0.37042784105519105,0.32912662110750884,0.32456059244634133,0.0,0.3952599372153797,0.37195338876417156,0.36734937084047325,0.40965721365309304,0.2867831587837136,0.30602484501311783,0.0,0.4249088935846444,0.36138219341276623,0.3581453045449775,0.41090865545768435,0.3273603136267416,0.3623064591695374,0.3021255533641736,0.3217693355751608,0.36618560023306457,0.0,0.0,0.2837324475751988,0.42186324521868745,0.3668279215294407,0.40125526067182954,0.40513383928580543,0.0,0.0,0.0,0.3963128671872992,0.4254324936540328,0.0,0.0,0.0,0.44742825782376694,0.0,0.4667996740711983,0.0,0.3792290612477244,0.0,0.3951241052555379,0.0,0.0,0.4808988801237317,0.39952541426953747,0.40269574405242853,0.3824690496459059,0.0,0.4422772610827262,0.46819438318266454,0.4603857652880883,0.45492526260802246,0.3863218638440592,0.38484704951932974,0.42316455626246186,0.45823873625956874,0.0,0.42933749834574786,0.0,0.37948822402744176
0.4139859097329627,0.39493815594943044,0.2416523184133543,0.3362486118688849,0.3253763017696947,0.3350167543860524,0.3507895888683036,0.3843158868215407,0.2776867714398327,0.0,0.2968537071096231,0.0,0.3639894444680154,0.3544834355535291,0.3723428141409366,0.3932556301638334,0.0,0.3694903599940243,0.254698749925193,0.326285717664481,0.3944685178449889,0.39157595352935654,0.3139566917910639,0.4643167604398182,0.40278115434786316,0.4249088935846444,0.0,0.36305599003976813,0.33454198629633614,0.37306904429682175,0.37265133040937926,0.3788069775472114,0.3496195421526832,0.38688357098680193,0.41427185749692214,0.37396382326944383,0.36879996073754534,0.0,0.4416629544777772,0.45603884681761875,0.44804272461850636,0.45822420883250875,0.4265690947341053,0.0,0.0,0.0,0.4760280434924382,0.46203097641754687,0.0,0.5040465736447416,0.45654847140425114,0.4637977706403865,0.4515813855123321,0.44685125782510315,0.0,0.43803321982066695,0.0,0.4437009040395346,0.4071805108554097,0.45019967865497484,0.0,0.0,0.0,0.46366160286463204,0.44955985341353677,0.4389032443624027,0.4524206791825896,0.4721995765876949,0.0,0.0,0.4597944918773417,0.4635715559759048,0.4423984901183953,0.44513020259350417,0.4683074290133888,0.4489230815066486
0.40853840171467026,0.3706457766879701,0.3507344281971942,0.2265536256938159,0.35119929308295844,0.3068831573638182,0.3501306225801816,0.3710734522748959,0.34353559874951856,0.3551570618706488,0.3546484650804144,0.32434174525065007,0.3174078991916964,0.2378008624736769,0.33502360689302857,0.38390933074952865,0.38226576695261383,0.366309178865271,0.3257456792710671,0.3108064984626038,0.3789329449375426,0.3640198716376166,0.365553198215228,0.35417501219407826,0.36702365300582174,0.36138219341276623,0.36305599003976813,0.0,0.2620466028742467,0.2818838040603693,0.32963936997943916,0.3440114351738312,0.3218590757223033,0.3108100982711284,0.30280993001883694,0.25580941409992075,0.238893005158092,0.29425164684093374,0.3787724197358916,0.0,0.4491882496585803,0.0,0.0,0.0,0.0,0.0,0.0,0.0,0.0,0.0,0.4292367809783795,0.0,0.4230424073354058,0.0,0.0,0.0,0.0,0.48391520090428125,0.0,0.4619452202029374,0.0,0.0,0.0,0.0,0.4388090316380759,0.43740279258717685,0.5212062095402271,0.44655632366086323,0.0,0.0,0.0,0.44218075262425055,0.4489556623511914,0.4297534384892665,0.5572084896913888,0.4621668121847253
0.3729146579690724,0.3857060189285172,0.0,0.0,0.31591964897857033,0.2913791756333446,0.3396819487283643,0.3300783679077011,0.3113719335248957,0.0,0.0,0.0,0.3216155983981142,0.0,0.36934522700928174,0.3982074756994292,0.4258440343748,0.36288661954945817,0.0,0.30049922616406827,0.3526213131543483,0.3627476526547509,0.3471165909790264,0.0,0.38163732371956427,0.3581453045449775,0.33454198629633614,0.2620466028742467,0.0,0.30914814733084023,0.3203006975963986,0.36324390223897113,0.3286544095731195,0.34689655865139035,0.3852616258440654,0.40989554546505774,0.38207121861587967,0.0,0.43151487955656376,0.0,0.4438843955294265,0.0,0.0,0.0,0.0,0.0,0.4399268431312536,0.0,0.0,0.0,0.4248796455229929,0.0,0.41315136758616383,0.0,0.0,0.0,0.0,0.46550189913859175,0.0,0.4298599059389386,0.0,0.0,0.0,0.0,0.42405003264038704,0.4070957097578087,0.43436466042692606,0.4339179405226133,0.0,0.0,0.441788000096755,0.43268601197535755,0.4343157735450843,0.4233243917616523,0.0,0.43441288049310056
0.0,0.3420265978509184,0.0,0.0,0.26186458202716695,0.3290278719852496,0.33841041185672643,0.3796993511071329,0.3463898972371443,0.0,0.0,0.2790037356327104,0.3369644117649945,0.0,0.0,0.0,0.0,0.0,0.0,0.24225640940558454,0.3879895708310622,0.2701574973480045,0.36799246805228497,0.0,0.0,0.41090865545768435,0.37306904429682175,0.2818838040603693,0.30914814733084023,0.0,0.2970580754676393,0.34374879436772865,0.0,0.3022033377959221,0.35270253094955484,0.3647431355603082,0.32148416259748763,0.0,0.0,0.0,0.0,0.0,0.0,0.0,0.0,0.0,0.0,0.0,0.0,0.0,0.4642221665074234,0.0,0.0,0.0,0.0,0.0,0.0,0.0,0.0,0.5072544374566086,0.0,0.0,0.0,0.0,0.48516191928758795,0.0,0.0,0.45411994744889855,0.0,0.0,0.0,0.45591687167343503,0.0,0.0,0.0,0.0
0.2834435584634578,0.32157577628902273,0.3508282326933405,0.2523144825453183,0.36209508191975254,0.3461528742014229,0.36392617190404386,0.36513707663015293,0.32512095556277926,0.30346357173359434,0.3209537943791934,0.31590738676047,0.3592173877072875,0.31713958900249584,0.34919701616918924,0.32727137885749397,0.33376615616120114,0.32490660965562224,0.3459418034366835,0.3387907040701241,0.338213023241258,0.3262944409175335,0.36935466646022647,0.3131210264331755,0.32507794067344087,0.3273603136267416,0.37265133040937926,0.32963936997943916,0.3203006975963986,0.2970580754676393,0.0,0.32807083444504687,0.2775453934086877,0.2553587919229517,0.271367107122694,0.3008165756916843,0.2934080695560133,0.25384990398366203,0.406793790820534,0.22334168533798035,0.3794153184279688,0.4044859259463052,0.0,0.0,0.0,0.3299283320302893,0.37870970717393493,0.0,0.0,0.0,0.44386665975349865,0.0,0.4135880665605352,0.0,0.34270064159964353,0.0,0.34804129987513543,0.0,0.0,0.4436323316566613,0.35409148438371313,0.0,0.0,0.0,0.42970074239440426,0.3912341113242203,0.4112095496059557,0.44470479314806644,0.28468907481931527,0.37263009479218245,0.40593195226800194,0.43802819345530475,0.0,0.4325342112695335,0.0,0.46477641128465563
0.3303814242228728,0.37214694858908315,0.32549036664168834,0.23106081834305595,0.29512146908305975,0.3385042434386903,0.3526703227582841,0.3050082167341176,0.3236044476697235,0.29449169030619937,0.26758264308838176,0.2253696512124282,0.3577247729758096,0.2174602401345593,0.3871750574016592,0.3751515824338853,0.373426876026139,0.3640276948808929,0.29923629528514495,0.39278368372482,0.37170820603306115,0.3862856296429261,0.3645538693149291,0.30082146208493277,0.33881903832427684,0.3623064591695374,0.3788069775472114,0.3440114351738312,0.36324390223897113,0.34374879436772865,0.32807083444504687,0.0,0.29091124068452495,0.32245398050915614,0.2882537647876626,0.23958407113974495,0.25631094311404234,0.21273467727938805,0.21666071314569196,0.23132802799268318,0.22042258412634602,0.2620158829977937,0.24272288345358708,0.22248174621603917,0.18481487901379653,0.39317650222982525,0.4093400872912268,0.43416599639473036,0.2996789615475237,0.0,0.38012539510846566,0.41104633078879543,0.3814962618391958,0.4287069047166098,0.0,0.3718222495502845,0.20713381882768653,0.39852449648649313,0.3095908036531739,0.4485981353983218,0.39467130986187277,0.0,0.0,0.45017540364381947,0.428898527427502,0.42472331359873167,0.4412661227978225,0.42945230140528357,0.19677621381281973,0.3866964314473791,0.42891570130560397,0.4248851146232079,0.3390186572324023,0.4035669900180778,0.40563094411190753,0.38680841152760764
0.26085551824354863,0.33530598886605334,0.0,0.0,0.4530074511382256,0.31753020958062655,0.3722173394662022,0.32654343603971164,0.35191356488274655,0.28489571892071924,0.0,0.22551581984039937,0.3710105118955474,0.0,0.3590973177061798,0.32856756123455316,0.3177405866871534,0.3003735213030093,0.0,0.34621506492814974,0.3255455441512926,0.3545091771070527,0.33371601017037233,0.23237126650149972,0.2802845833322594,0.3021255533641736,0.3496195421526832,0.3218590757223033,0.3286544095731195,0.0,0.2775453934086877,0.29091124068452495,0.0,0.2118824194806261,0.33848189916882987,0.23792818844480967,0.22172650860777673,0.1683309016172559,0.22102419762771747,0.18583301016121898,0.20102483017931225,0.22889318990291815,0.0,0.0,0.18228681508269487,0.3315849354732248,0.3888947755665711,0.0,0.0,0.0,0.3643558365457395,0.0,0.0,0.0,0.2647168869204163,0.0,0.23702810772752253,0.0,0.0,0.44383428554718346,0.36898053239008244,0.0,0.3448392286983008,0.0,0.42181361715661886,0.41200632287502464,0.42307995334301185,0.4053746657531449,0.19922106361912986,0.36085473603524126,0.3923159516829681,0.3991274323274314,0.0,0.0,0.0,0.28629604475659864
0.29264784472743427,0.32755780925257205,0.35236657000230814,0.21501638662742562,0.3581711974885059,0.3505259094925529,0.35975346775076456,0.3510034266486227,0.34189486396820035,0.2725570329134287,0.35024374768741745,0.23769140492860708,0.36132273633891143,0.3073934471167024,0.3833623832029566,0.3476352602228737,0.3450122018072153,0.32853517735152454,0.3596318122593475,0.37986916029155343,0.35918746340061514,0.3667465140903804,0.377238282498049,0.25198103156883467,0.3090023207830858,0.3217693355751608,0.38688357098680193,0.3108100982711284,0.34689655865139035,0.3022033377959221,0.2553587919229517,0.32245398050915614,0.2118824194806261,0.0,0.25525053692525873,0.2811414006229048,0.22841746452577558,0.15623014546682318,0.2925167907804292,0.2085086911144216,0.22964030853076273,0.20403447229193677,0.0,0.0,0.19057729636868034,0.3383445977565483,0.3926393291109881,0.0,0.0,0.0,0.4261002744414741,0.0,0.41792702254779124,0.0,0.30548560648964396,0.0,0.31492395742653656,0.0,0.0,0.4573580912029145,0.3805729463960744,0.0,0.3555622294699191,0.0,0.4276834663500204,0.4272569082953382,0.4330853299054022,0.43428949378268605,0.3027670996062077,0.3666379365801208,0.4186889493500477,0.4328480985651522,0.0,0.42964084040136585,0.0,0.0
0.3470101629422859,0.4002920983210754,0.0,0.22646368232236339,0.2887269758503467,0.34903298660265364,0.317753199238466,0.3941427527766626,0.34874881567849364,0.2671190763537681,0.3225755937964094,0.25940223156406017,0.3459000435114375,0.0,0.4240574602367362,0.4062292967868794,0.36501904941269636,0.3619272720197045,0.3097903438866145,0.4261388808538373,0.4203429962899985,0.42818639338726944,0.40068574598343876,0.3310183779520986,0.3456033076274993,0.36618560023306457,0.41427185749692214,0.30280993001883694,0.3852616258440654,0.35270253094955484,0.271367107122694,0.2882537647876626,0.33848189916882987,0.25525053692525873,0.0,0.31606148206232,0.24728360888869233,0.1766440148595912,0.2801646067223675,0.2571437409077443,0.284882555978038,0.3052086178418469,0.2846315734146021,0.27953117796318844,0.2686282913662749,0.0,0.41734922047494105,0.0,0.0,0.0,0.4837221153494848,0.0,0.0,0.0,0.0,0.0,0.22970904654343982,0.0,0.0,0.47536762835853824,0.0,0.0,0.0,0.0,0.44879110093422314,0.46152528474514465,0.46950828563601926,0.45359615640631223,0.22195138257648675,0.3939569194124449,0.46018473418512634,0.454096505516978,0.3251370601039416,0.0,0.0,0.0
0.0,0.0,0.2961350243189161,0.19156774958554504,0.2066126662776116,0.33607050116929804,0.29066216697172764,0.23655729849886345,0.31947719189413926,0.25991798641278957,0.25119425023582226,0.2302813480885797,0.3278263360246904,0.17305022090374997,0.0,0.0,0.0,0.0,0.2863749306528986,0.44505330341024707,0.3613401487176768,0.4539285797626632,0.3378304557154249,0.0,0.0,0.0,0.37396382326944383,0.25580941409992075,0.40989554546505774,0.3647431355603082,0.3008165756916843,0.23958407113974495,0.23792818844480967,0.2811414006229048,0.31606148206232,0.0,0.16462297332442852,0.23643727062662756,0.23596583352727685,0.18963521777239187,0.23569888614235865,0.2338510067996746,0.2599788895870046,0.0,0.22899558959412167,0.0,0.0,0.40454359176665317,0.0,0.39666985985863895,0.39168763625469727,0.0,0.37917734708973977,0.3733576091663557,0.0,0.33408609404903883,0.0,0.4686018111815056,0.27272635618437363,0.0,0.0,0.0,0.0,0.36947976463739285,0.4386511194877899,0.0,0.34232911454940396,0.3975629681010578,0.20404289150202248,0.0,0.0,0.40095740622422676,0.38405591792655763,0.4012090455664662,0.0,0.46118529512784
0.0,0.0,0.3407856807178116,0.17519087063845343,0.2004827134058235,0.33579041260597503,0.2817816068026992,0.0,0.3376179591222124,0.1895441143960615,0.2558912629349975,0.2471885211373316,0.31975672032091007,0.16044713534031974,0.0,0.0,0.0,0.0,0.0,0.4116492799505771,0.0,0.4026255786189513,0.36640596426892097,0.0,0.0,0.0,0.36879996073754534,0.238893005158092,0.38207121861587967,0.32148416259748763,0.2934080695560133,0.25631094311404234,0.22172650860777673,0.22841746452577558,0.24728360888869233,0.16462297332442852,0.0,0.21796847902438776,0.23603404386652255,0.1563829603054037,0.20450264977611332,0.27241858542401975,0.2377630894584411,0.22378696629577485,0.0,0.0,0.0,0.0,0.0,0.0,0.0,0.0,0.0,0.0,0.0,0.0,0.0,0.0,0.0,0.0,0.0,0.0,0.0,0.0,0.0,0.0,0.0,0.5151014373884155,0.0,0.0,0.0,0.0,0.0,0.0,0.0,0.0
0.0,0.0,0.0,0.2274963151860863,0.3770135022212486,0.40439202497419113,0.36219053266913925,0.0,0.35540123687631336,0.24565673806315977,0.0,0.17104541587667244,0.3399790320677961,0.0,0.0,0.0,0.30292690812553713,0.0,0.0,0.0,0.0,0.597894671960745,0.0,0.22496509963575148,0.29334015279097764,0.2837324475751988,0.0,0.29425164684093374,0.0,0.0,0.25384990398366203,0.21273467727938805,0.1683309016172559,0.15623014546682318,0.1766440148595912,0.23643727062662756,0.21796847902438776,0.0,0.2175346106461629,0.2045401192949407,0.1859866354011473,0.2149728049070274,0.0,0.0,0.186832052533942,0.0,0.0,0.0,0.0,0.0,0.0,0.0,0.0,0.0,0.287138697672637,0.0,0.23262591769259786,0.0,0.0,0.0,0.0,0.0,0.0,0.0,0.0,0.0,0.0,0.0,0.2193959698982724,0.0,0.279757533023263,0.0,0.0,0.0,0.0,0.3000585284748492
0.4138897787598989,0.4259604969004432,0.3851845505190654,0.24415826612845373,0.4904102652281528,0.409424136761814,0.49424676099827913,0.4461836000316497,0.4016754959133397,0.3160355326615872,0.32450483086808196,0.2298680780826051,0.417634741466672,0.2557949497489311,0.4510435879716458,0.41516004839061854,0.35931498040055776,0.3704197368054039,0.0,0.43589941951140243,0.3870680040435779,0.43725145870512333,0.44205884373806503,0.37499513627943054,0.3674112247695852,0.42186324521868745,0.4416629544777772,0.3787724197358916,0.43151487955656376,0.0,0.406793790820534,0.21666071314569196,0.22102419762771747,0.2925167907804292,0.2801646067223675,0.23596583352727685,0.23603404386652255,0.2175346106461629,0.0,0.2859605856597954,0.3250338021791981,0.30673766894038845,0.21210060410353507,0.23205048117911994,0.20616742067107538,0.3665572912928345,0.3610497517976144,0.3054237468765338,0.20776662494060572,0.26730445652162416,0.29005799141751903,0.3007066679856698,0.31786474091991423,0.2820224101424531,0.2870854317406985,0.25081612810714127,0.21887499531991247,0.3220766632587129,0.22218176754129149,0.36856802461929483,0.3880870441062453,0.3587412134073183,0.36727999547502854,0.28143198073718523,0.3797724032862174,0.33681367470605966,0.37816096306318286,0.3420760512232802,0.21984611441772275,0.3459660023338338,0.3618118034634705,0.35753193532663374,0.3092768823142053,0.3347808457776957,0.32027556200465673,0.32965452310400906
