0.0,0.2998034328660699,0.0,0.0,0.0,0.3507537593021174,0.0,0.37419363544281514,0.0,0.33055249083324717,0.0,0.3066794412879492,0.0,0.0,0.3141827786738027,0.29396199375587884,0.0,0.29729229406646257,0.0,0.33209578038639265,0.3015895962736899,0.2944891253174357,0.359604545238781,0.29120943244733444,0.30591472550866644,0.2860921014868975,0.34510732713381964,0.36160573614282443,0.35291715004777596,0.0,0.30333008321859956,0.31675585634833453,0.25596596622988066,0.27567536340050275,0.3016766684380011,0.0,0.0,0.0,0.31442256222498627,0.3017235725506811,0.2990007161603531,0.0,0.0,0.0,0.0,0.29431158201126634,0.33739371035325405,0.0,0.0,0.0,0.0,0.0,0.0,0.0,0.0,0.0,0.0,0.0,0.0,0.0,0.32537682812187313,0.0,0.3313407553097049,0.0,0.0,0.25371661166813203,0.3170523776680678,0.0,0.2929594260733728,0.33182339273796974,0.33453884558344177,0.0,0.0,0.0,0.0,0.0
0.2998034328660699,0.0,0.0,0.0,0.3215590101152974,0.328620143610277,0.3344183082962096,0.3492916430492635,0.30124377350622367,0.0,0.0,0.0,0.35814458812891764,0.0,0.3201164227594712,0.307499183349595,0.0,0.308177236920919,0.0,0.3233860074356142,0.3004645365166249,0.3000419112519942,0.3246010539127759,0.0,0.2873440491221423,0.2871723633305312,0.31733740240980474,0.3446690473435302,0.3323529890664561,0.0,0.2627597453240976,0.30342782481385405,0.2592038302850922,0.2660886233800623,0.29886911655123183,0.5194277048917999,0.0,0.0,0.31271510670516345,0.307487389801841,0.3036067224809853,0.33351619072378136,0.0,0.0,0.0,0.3200744455253565,0.3286246274611287,0.0,0.0,0.0,0.33362876842680433,0.0,0.0,0.0,0.0,0.0,0.0,0.0,0.0,0.3362287470015448,0.30201401520941284,0.0,0.30934867182889236,0.0,0.31124891991092274,0.328844440956344,0.3103861182848835,0.0,0.2884107172551503,0.31715564271443564,0.33816935898802597,0.3250796732082224,0.0,0.31365532364653725,0.0,0.3049688159083228
0.0,0.0,0.0,0.0,0.2910330757070798,0.3134763981603123,0.3159120775078795,0.35180090767981353,0.2534721291671349,0.0,0.25491055973506255,0.0,0.3183686449217102,0.30994041688007,0.0,0.0,0.0,0.0,0.2224428425667811,0.0,0.0,0.0,0.2732805553742995,0.0,0.0,0.0,0.29334428023513276,0.319580028300127,0.0,0.0,0.32266221661048866,0.2983616645414856,0.0,0.3285740706894619,0.0,0.2870340206915443,0.0,0.0,0.36941065386971195,0.0,0.0,0.0,0.36389044961578737,0.0,0.0,0.0,0.0,0.30619614550229635,0.0,0.0,0.4309951444352611,0.0,0.398347152677569,0.40286324588977035,0.0,0.3464068376660985,0.0,0.0,0.34929897427898243,0.0,0.0,0.0,0.0,0.35603339333819806,0.0,0.0,0.0,0.4099774137944666,0.0,0.0,0.0,0.4058289837170666,0.0,0.0,0.0,0.0
0.0,0.0,0.0,0.0,0.23092860560561845,0.30660438449661037,0.22410126103458516,0.29094142875523327,0.303698678373436,0.28115723778484525,0.27326774195967085,0.2669579023338293,0.27967471715953873,0.21028791272905964,0.3315601875642211,0.0,0.0,0.0,0.3137197708869566,0.3225172874944511,0.0,0.3095387487937166,0.3005034519061798,0.0,0.0,0.29026325219262444,0.29728056676155223,0.23115939983061728,0.3098989772374481,0.0,0.2869819157380323,0.2387924071770013,0.0,0.23898192986359784,0.21371929992743424,0.15830732842202624,0.16657495503997793,0.2397418737135265,0.0,0.0,0.0,0.0,0.0,0.0,0.0,0.0,0.0,0.0,0.0,0.0,0.0,0.0,0.0,0.0,0.0,0.0,0.0,0.0,0.0,0.0,0.0,0.0,0.0,0.0,0.0,0.0,0.0,0.0,0.0,0.0,0.0,0.0,0.0,0.0,0.0,0.0
0.0,0.3215590101152974,0.2910330757070798,0.23092860560561845,0.0,0.29023036732125207,0.24722088989349233,0.2804613350236483,0.26819241563749247,0.3127162625083508,0.2486862818584754,0.29325906267584634,0.28856482723394083,0.2090253789899237,0.0,0.35509849267820254,0.0,0.0,0.2793644110572189,0.30217318833236195,0.0,0.3407191683875437,0.2931195947245756,0.3214493046413888,0.0,0.0,0.2947361763877027,0.2978024508110079,0.3180118110490874,0.0,0.32832538682862633,0.2859964692076221,0.3289465596992897,0.3205916400272581,0.3034149750978194,0.2153175136398796,0.23665423176928305,0.28220960481114876,0.0,0.0,0.0,0.37885654249467604,0.31122511298710787,0.0,0.0,0.0,0.0,0.0,0.0,0.0,0.0,0.0,0.371770996741434,0.0,0.0,0.330917361934684,0.0,0.0,0.0,0.0,0.0,0.0,0.0,0.0,0.0,0.0,0.0,0.3644975441061954,0.0,0.0,0.0,0.4049782115601708,0.0,0.0,0.0,0.0
0.3507537593021174,0.328620143610277,0.3134763981603123,0.30660438449661037,0.29023036732125207,0.0,0.3136362352270044,0.3161861538548451,0.262592132637398,0.32284965138546207,0.2720602114536227,0.33517076430249826,0.3062717413834601,0.29314319911111014,0.3181683599822442,0.34139108452818717,0.0,0.32214261294529223,0.29702522549266464,0.313073975923424,0.31762905597143554,0.3477981382943728,0.31341992251426215,0.37285595643600444,0.313284267594244,0.32204591463572524,0.29692378434839223,0.3047750755116272,0.27801676719836066,0.30385015492294154,0.31687703653345445,0.30512651242230826,0.2858646731787734,0.3239422440897554,0.3380676723985383,0.3102914462650992,0.3108930351437591,0.3313197272717591,0.3515515390686034,0.0,0.3567357278839465,0.39549951829590724,0.3282809906929357,0.0,0.0,0.0,0.0,0.3985530662301206,0.0,0.0,0.35946500362496125,0.37555682632232756,0.3631997549890828,0.405719042417121,0.0,0.3603199540670757,0.0,0.3632269239100612,0.0,0.34771047531749055,0.0,0.0,0.0,0.3623818577056925,0.34324631823789475,0.3772256130921615,0.3509576556246386,0.37161120936843406,0.0,0.0,0.3775507224557812,0.3665488546353958,0.35458033249866316,0.34369824275356503,0.3776511136257086,0.3518064893771256
0.0,0.3344183082962096,0.3159120775078795,0.22410126103458516,0.24722088989349233,0.3136362352270044,0.0,0.334024232257466,0.2989780087043593,0.29384775395097906,0.3236808900880811,0.2807366809467846,0.2675260555525273,0.26496461021527684,0.0,0.34170229623186177,0.0,0.3450095151185064,0.3313818887300629,0.3312999104745411,0.3805197752160061,0.36522134472365714,0.3178989036682189,0.27116727270473023,0.0,0.0,0.313730649005171,0.27839550318397654,0.3327438609610357,0.31070667734645263,0.3193179720030601,0.2909572991877546,0.30752753273946914,0.3122892092296997,0.33303786598791263,0.23125936743327352,0.22816636183708705,0.2697085766802296,0.0,0.0,0.0,0.0,0.0,0.0,0.0,0.0,0.0,0.0,0.0,0.0,0.0,0.0,0.0,0.0,0.0,0.0,0.0,0.0,0.0,0.0,0.0,0.0,0.0,0.0,0.0,0.0,0.0,0.3721771969420876,0.0,0.0,0.0,0.3756852266546971,0.0,0.0,0.0,0.0
0.37419363544281514,0.3492916430492635,0.35180090767981353,0.29094142875523327,0.2804613350236483,0.3161861538548451,0.334024232257466,0.0,0.3436906652160996,0.0,0.2268288652338505,0.0,0.3276203098665775,0.232712099579928,0.0,0.0,0.0,0.37436848993897154,0.304650024670662,0.31865375518424793,0.30200056715511464,0.0,0.2851604303922085,0.39596498733427943,0.3853146976070855,0.3736839155308504,0.3426191892507775,0.3321109789309652,0.32699181919786124,0.0,0.3463408351018399,0.28054718848486615,0.34679633246445557,0.3782596280000456,0.0,0.16999916317102598,0.0,0.0,0.34043735806120723,0.30169949892596076,0.36539547836061287,0.3430409606947261,0.29837235929819833,0.0,0.0,0.0,0.0,0.40183326855549156,0.0,0.0,0.3443275720822063,0.35846554468501524,0.29115879156563296,0.40652543219088827,0.0,0.303014709998377,0.0,0.343195512571604,0.27499675271611257,0.3513006508250675,0.0,0.0,0.0,0.37662350568362524,0.32682710007543,0.3070811052240765,0.0,0.34066042607340663,0.0,0.0,0.0,0.36791188555102095,0.34537058134605897,0.33724282071202777,0.0,0.0
0.0,0.30124377350622367,0.2534721291671349,0.303698678373436,0.26819241563749247,0.262592132637398,0.2989780087043593,0.3436906652160996,0.0,0.33152981547635424,0.25666711741550763,0.3251375270506956,0.29631853330046176,0.29560799051527803,0.0,0.0,0.0,0.0,0.2423984276365162,0.2820987876697499,0.4254480185669137,0.3129637834567223,0.3075021753296257,0.3659952100663597,0.0,0.0,0.2815654263178483,0.32419781630587985,0.299338382278215,0.31255814768410745,0.3435008714302149,0.2979536472721827,0.3161540142488203,0.333138040024748,0.32018672035854706,0.2991407691314881,0.30496847674406663,0.3147402606612598,0.3612202447663601,0.0,0.0,0.0,0.3490057542066098,0.0,0.0,0.0,0.0,0.3871423568552289,0.0,0.0,0.3604312353928946,0.0,0.39779322984656207,0.0,0.0,0.3504719546530059,0.0,0.0,0.3415449560954554,0.0,0.0,0.0,0.0,0.3793280969935905,0.41593199130504055,0.0,0.0,0.39065920060790366,0.0,0.0,0.0,0.3786579688164101,0.0,0.0,0.0,0.0
0.33055249083324717,0.0,0.0,0.28115723778484525,0.3127162625083508,0.32284965138546207,0.29384775395097906,0.0,0.33152981547635424,0.0,0.32553142616331143,0.21170507813675699,0.30134895365494374,0.30205190625835077,0.0,0.2922762981192351,0.24096574343715102,0.2673869767773226,0.3299160117570536,0.32208686363261224,0.0,0.0,0.32275484492753476,0.2515172814093818,0.2581033017667006,0.26705929008227847,0.3242048768917409,0.2856336857837335,0.3398163439862638,0.0,0.24320094480181656,0.22059956111506362,0.22960165454856085,0.21966088171153378,0.21064070629075454,0.2581282992073018,0.22245024493352888,0.20152774794286757,0.21956011923856317,0.259276864580656,0.2491901878910023,0.1737689883082231,0.3012336154966254,0.0,0.23062133105399482,0.0,0.0,0.0,0.0,0.0,0.0,0.0,0.0,0.0,0.3394850257804429,0.0,0.33278455532741863,0.0,0.0,0.0,0.0,0.3242530400161164,0.30697326479077186,0.0,0.0,0.0,0.0,0.0,0.3147477192060262,0.3166660795016397,0.3362725979736972,0.0,0.30458683618550864,0.0,0.0,0.2867218209068682
0.0,0.0,0.25491055973506255,0.27326774195967085,0.2486862818584754,0.2720602114536227,0.3236808900880811,0.2268288652338505,0.25666711741550763,0.32553142616331143,0.0,0.31849334232910964,0.32104961055115766,0.21656327941302694,0.0,0.0,0.0,0.0,0.2227398336539275,0.0,0.3170163830646067,0.0,0.22936537341101035,0.33384191619638104,0.0,0.0,0.2943970419349816,0.32337067399338637,0.0,0.0,0.3371777553204054,0.23978182815276033,0.35353412593359607,0.32549537637198134,0.32922816580464276,0.2158812472948537,0.30609595602020895,0.3134649928873566,0.23349204138164625,0.0,0.0,0.0,0.2797088748437216,0.0,0.0,0.0,0.0,0.3538986282277918,0.0,0.0,0.0,0.0,0.335014583000855,0.3679866063051551,0.0,0.152741990556339,0.0,0.0,0.29063364860250507,0.0,0.0,0.0,0.0,0.10629610061195646,0.0,0.0,0.0,0.35202844215922746,0.0,0.0,0.0,0.36642967450649194,0.0,0.0,0.0,0.0
0.3066794412879492,0.0,0.0,0.2669579023338293,0.29325906267584634,0.33517076430249826,0.2807366809467846,0.0,0.3251375270506956,0.21170507813675699,0.31849334232910964,0.0,0.27757491673478246,0.0,0.0,0.0,0.2240005825149305,0.23898236723902197,0.35887937720033286,0.3710266127419473,0.0,0.40078013422815384,0.3585831867928936,0.20791769126998863,0.2557092816080228,0.23331106504034804,0.3464101555403091,0.24985898866844533,0.0,0.0,0.22096245587266258,0.1965535873878378,0.20050349845377752,0.1597831671219803,0.19206117497408481,0.22281952715813969,0.22481208794077287,0.154244886443288,0.19589209477764502,0.25378230294363496,0.20339979666933694,0.18086792299777193,0.0,0.0,0.20390935943602384,0.0,0.0,0.0,0.0,0.0,0.0,0.0,0.0,0.0,0.333131387820007,0.0,0.3310843474953602,0.0,0.0,0.0,0.0,0.3247218418106223,0.31175884275386023,0.0,0.0,0.0,0.0,0.0,0.30052814216107215,0.31519808194047944,0.33838338250285543,0.0,0.0,0.0,0.0,0.2871145674951905
0.0,0.35814458812891764,0.3183686449217102,0.27967471715953873,0.28856482723394083,0.3062717413834601,0.2675260555525273,0.3276203098665775,0.29631853330046176,0.30134895365494374,0.32104961055115766,0.27757491673478246,0.0,0.27819760789506853,0.32904263169754394,0.35866077256870604,0.3083620141200282,0.3223131221142052,0.32750068637227553,0.32828574016599765,0.3467383012347874,0.3677972599536754,0.32331626480773595,0.2828600399972582,0.3189664535911219,0.30598244858778945,0.31866991225007024,0.2733157249435012,0.31705849317539375,0.30371814899294675,0.3066640212034913,0.30078035596255553,0.28503778506547767,0.3074110890179132,0.32221465260555104,0.27267388812304927,0.26582907986534465,0.27493654861211275,0.3201486775230604,0.2797505217957272,0.29503907410347086,0.32710075945984535,0.0,0.0,0.22096888029568673,0.0,0.0,0.0,0.0,0.0,0.370467013281897,0.0,0.3799488126340171,0.0,0.0,0.0,0.0,0.0,0.0,0.0,0.0,0.0,0.0,0.0,0.370668079588241,0.0,0.0,0.3719312905832426,0.0,0.0,0.0,0.36739558114325865,0.0,0.3740605391141236,0.0,0.0
0.0,0.0,0.30994041688007,0.21028791272905964,0.2090253789899237,0.29314319911111014,0.26496461021527684,0.232712099579928,0.29560799051527803,0.30205190625835077,0.21656327941302694,0.0,0.27819760789506853,0.0,0.0,0.0,0.0,0.0,0.2664462676518135,0.0,0.3157774018642112,0.0,0.27987651629865246,0.0,0.0,0.3927039210993079,0.3201633134914815,0.2081400231617073,0.0,0.0,0.276030443278639,0.1610271667345923,0.0,0.0,0.0,0.1508806838325262,0.14806337621210483,0.0,0.0,0.0,0.0,0.0,0.0,0.0,0.0,0.0,0.0,0.37113808893593675,0.0,0.0,0.0,0.0,0.35426217496456525,0.0,0.0,0.2960625470867458,0.0,0.0,0.0,0.0,0.0,0.0,0.0,0.0,0.0,0.0,0.0,0.34987661400260395,0.0,0.0,0.0,0.37835289865613325,0.0,0.0,0.0,0.0
0.3141827786738027,0.3201164227594712,0.0,0.3315601875642211,0.0,0.3181683599822442,0.0,0.0,0.0,0.0,0.0,0.0,0.32904263169754394,0.0,0.0,0.3388137604997937,0.0,0.3040953136484316,0.0,0.2637220572129,0.3011441119428916,0.28702704642979665,0.28507228539992296,0.36111254087334516,0.2920423325741087,0.30583034234587275,0.30502992196141704,0.3089743818100999,0.3010078847262911,0.0,0.3290618759135443,0.32692553598423363,0.30835691606066334,0.3330940829968012,0.3539257126558665,0.3584405956382526,0.351935709786987,0.0,0.3415803378106264,0.3444106931016414,0.3409076398647243,0.35646899570565854,0.0,0.0,0.0,0.2940112175145756,0.3514148735077202,0.0,0.0,0.0,0.340909946753318,0.0,0.0,0.0,0.0,0.0,0.0,0.0,0.0,0.3348999525644603,0.0,0.0,0.0,0.0,0.3268440167122562,0.3422852026804606,0.3540805268217459,0.3325088989493089,0.0,0.3654754131048377,0.36239594455674834,0.3428142380092095,0.36179463825481806,0.3340328500833834,0.0,0.3500448306117268
0.29396199375587884,0.307499183349595,0.0,0.0,0.35509849267820254,0.34139108452818717,0.34170229623186177,0.0,0.0,0.2922762981192351,0.0,0.0,0.35866077256870604,0.0,0.3388137604997937,0.0,0.276992213144495,0.2605988801884991,0.0,0.31202569470619385,0.3046669578718925,0.29513807542434106,0.3248954770408254,0.27811759595511415,0.30356929247140396,0.3124864799126006,0.321391317450312,0.33228606106229447,0.3340007257779189,0.0,0.2761385791577543,0.32998290294899185,0.29173097894157396,0.2905328976848754,0.3270487787565974,0.0,0.0,0.0,0.30935387503298695,0.3112069425855707,0.2954482134857944,0.31108646209986607,0.0,0.0,0.0,0.32590219210116456,0.3219419619478535,0.0,0.0,0.0,0.0,0.0,0.0,0.0,0.0,0.0,0.0,0.0,0.0,0.32986292842140374,0.3059028648732358,0.0,0.30712847038367425,0.0,0.0,0.0,0.30797408143988875,0.0,0.0,0.3122861179757459,0.3319534532155117,0.0,0.0,0.0,0.0,0.0
0.0,0.0,0.0,0.0,0.0,0.0,0.0,0.0,0.0,0.24096574343715102,0.0,0.2240005825149305,0.3083620141200282,0.0,0.0,0.276992213144495,0.0,0.24447405496948343,0.0,0.30054579730098696,0.0,0.300701395045809,0.0,0.2887969215900541,0.24758560310918573,0.2782417836356144,0.0,0.2962917057809356,0.38290910771603925,0.0,0.25658290150777274,0.2851233451455068,0.25132519423577154,0.25013440297819084,0.259324587667044,0.2811290660214305,0.0,0.2310851056556693,0.0,0.25792899522264123,0.0,0.0,0.0,0.0,0.0,0.0,0.0,0.0,0.0,0.0,0.0,0.0,0.0,0.0,0.3185790860854137,0.0,0.3174151391003625,0.0,0.0,0.0,0.0,0.3159277372945593,0.29736427217724326,0.0,0.0,0.0,0.0,0.0,0.32844758107631955,0.3063003358368611,0.33156225574095616,0.0,0.0,0.0,0.0,0.0
0.29729229406646257,0.308177236920919,0.0,0.0,0.0,0.32214261294529223,0.3450095151185064,0.37436848993897154,0.0,0.2673869767773226,0.0,0.23898236723902197,0.3223131221142052,0.0,0.3040953136484316,0.2605988801884991,0.24447405496948343,0.0,0.0,0.31092689355903286,0.3167903905518345,0.31615437950337716,0.3111725241180264,0.2888944722116245,0.2782932907901852,0.3008253508631218,0.31032910722334334,0.31169915631261824,0.3375528946527871,0.0,0.2881461788715318,0.31037553810501595,0.27341623561774814,0.29037049170282064,0.29497917880722163,0.0,0.0,0.26292223406982745,0.32119320712362454,0.2949326814990991,0.3144849785598154,0.31166927869546385,0.0,0.0,0.0,0.31681556415958434,0.32192713004729273,0.0,0.0,0.0,0.0,0.0,0.0,0.0,0.31123798456483104,0.0,0.3152819373452998,0.0,0.0,0.0,0.30393742297251625,0.2964580235630525,0.29838995566235366,0.0,0.0,0.36500270100291493,0.29333668446748684,0.0,0.3234484749810145,0.3103246923815859,0.3268633816479723,0.0,0.0,0.0,0.0,0.2815142388264988
0.0,0.0,0.2224428425667811,0.3137197708869566,0.2793644110572189,0.29702522549266464,0.3313818887300629,0.304650024670662,0.2423984276365162,0.3299160117570536,0.2227398336539275,0.35887937720033286,0.32750068637227553,0.2664462676518135,0.0,0.0,0.0,0.0,0.0,0.0,0.0,0.0,0.219067508437988,0.0,0.0,0.0,0.2977174296252653,0.33116864630522735,0.0,0.0,0.33193615290558365,0.30043431342964544,0.0,0.33376714194802626,0.3313649142823248,0.2880052899742235,0.31249642127285726,0.0,0.0,0.0,0.0,0.0,0.3157037557459833,0.0,0.0,0.0,0.0,0.3556709035176893,0.0,0.0,0.0,0.0,0.38189036953992767,0.40463536048157356,0.0,0.3154560625548801,0.0,0.0,0.3451814241744383,0.0,0.0,0.0,0.0,0.0,0.0,0.0,0.0,0.3802022249049654,0.0,0.0,0.0,0.40100902099970137,0.0,0.0,0.0,0.0
0.33209578038639265,0.3233860074356142,0.0,0.3225172874944511,0.30217318833236195,0.313073975923424,0.3312999104745411,0.31865375518424793,0.2820987876697499,0.32208686363261224,0.0,0.3710266127419473,0.32828574016599765,0.0,0.2637220572129,0.31202569470619385,0.30054579730098696,0.31092689355903286,0.0,0.0,0.3162048509189106,0.27614476008119737,0.20904710657209388,0.0,0.30927440296541925,0.3296497705738917,0.25575286219550186,0.2925304793924025,0.2597030959821678,0.2771146278548308,0.27724241279712647,0.3244045676194742,0.31162899380984344,0.31182642288068535,0.3414679935544248,0.3537379341777268,0.3297988546750231,0.0,0.33081192104051993,0.0,0.0,0.0,0.0,0.0,0.0,0.0,0.0,0.0,0.0,0.0,0.35779646937779175,0.0,0.0,0.0,0.0,0.0,0.0,0.0,0.0,0.3193178912255586,0.0,0.0,0.0,0.0,0.3163907999896748,0.3246665993103155,0.3249663794233193,0.34552965792695883,0.0,0.0,0.3386546772006105,0.354855004724189,0.3585661844009857,0.33061868769267033,0.0,0.0
0.3015895962736899,0.3004645365166249,0.0,0.0,0.0,0.31762905597143554,0.3805197752160061,0.30200056715511464,0.4254480185669137,0.0,0.3170163830646067,0.0,0.3467383012347874,0.3157774018642112,0.3011441119428916,0.3046669578718925,0.0,0.3167903905518345,0.0,0.3162048509189106,0.0,0.3258534808826088,0.3129787801492748,0.3778420839414341,0.3385459880153246,0.3095907444415057,0.3385291197460847,0.3445172371222336,0.312642928001012,0.0,0.32366930771718266,0.31324369797272694,0.2811576197532537,0.290174447489988,0.3243452577576335,0.0,0.0,0.0,0.34866693728823994,0.34119210164535363,0.34654515377769746,0.3612353024623496,0.0,0.0,0.0,0.3410364359970176,0.35004805879771794,0.0,0.0,0.0,0.34582778611909676,0.0,0.3357435417572547,0.0,0.0,0.0,0.0,0.3761225996042171,0.0,0.3276542663868062,0.3221580537630272,0.0,0.0,0.0,0.32248580955401807,0.3412052432426289,0.34560050236587886,0.34425276130857996,0.0,0.36917498000092697,0.37407197656052527,0.35183907469229886,0.3460165278320606,0.35711033799170677,0.0,0.3408840258331153
0.2944891253174357,0.3000419112519942,0.0,0.3095387487937166,0.3407191683875437,0.3477981382943728,0.36522134472365714,0.0,0.3129637834567223,0.0,0.0,0.40078013422815384,0.3677972599536754,0.0,0.28702704642979665,0.29513807542434106,0.300701395045809,0.31615437950337716,0.0,0.27614476008119737,0.3258534808826088,0.0,0.30108610948963155,0.0,0.30373520034522106,0.3072061463065534,0.3232159013709871,0.342633626378455,0.32730531930751144,0.0,0.28233704412640764,0.33616033346647173,0.30807455198379646,0.3143428558004718,0.3457999966679142,0.37284717806487466,0.341123061674575,0.0,0.33411432080173076,0.3308208604090935,0.3258600520747547,0.34711001130074093,0.0,0.0,0.0,0.3309004613218212,0.3362231361334852,0.0,0.0,0.0,0.3366813309411816,0.0,0.0,0.0,0.0,0.0,0.0,0.0,0.0,0.33944304635323913,0.3072520564235377,0.0,0.32009221924446823,0.0,0.32837141716289386,0.3362438469548902,0.34270746213426584,0.3289892522634997,0.250649387635537,0.309443553976283,0.35739863966816937,0.33300484349818193,0.0,0.3298085782235367,0.0,0.3216741970111284
0.359604545238781,0.3246010539127759,0.2732805553742995,0.3005034519061798,0.2931195947245756,0.31341992251426215,0.3178989036682189,0.2851604303922085,0.3075021753296257,0.32275484492753476,0.22936537341101035,0.3585831867928936,0.32331626480773595,0.27987651629865246,0.28507228539992296,0.3248954770408254,0.0,0.3111725241180264,0.219067508437988,0.20904710657209388,0.3129787801492748,0.30108610948963155,0.0,0.3761007016946254,0.334210762553433,0.3555998977709904,0.293578161464758,0.3239442912784075,0.3089073936604041,0.30815714291631086,0.3095511132423976,0.3097970896984071,0.2855389625785796,0.3230305991319781,0.3289713631182469,0.28440614436862904,0.3104342838011211,0.35183957541639815,0.3624544815073573,0.3201860761312328,0.38075183782931815,0.3742390737517306,0.3514221596060067,0.0,0.0,0.0,0.3407007937949981,0.40883147846492224,0.0,0.0,0.3755285824538287,0.380664764647111,0.3757821461594633,0.41936162393819665,0.0,0.35271470068923205,0.0,0.3711976392133329,0.3370692543212605,0.34175902690174764,0.0,0.0,0.0,0.3930055381686104,0.3493806198490037,0.361347884811663,0.3427541969868151,0.38797559496852324,0.0,0.0,0.3537848157825565,0.3848324048554556,0.3707655205151328,0.36055564946144536,0.374543733043993,0.3786364676082723
0.29120943244733444,0.0,0.0,0.0,0.3214493046413888,0.37285595643600444,0.27116727270473023,0.39596498733427943,0.3659952100663597,0.2515172814093818,0.33384191619638104,0.20791769126998863,0.2828600399972582,0.0,0.36111254087334516,0.27811759595511415,0.2887969215900541,0.2888944722116245,0.0,0.0,0.3778420839414341,0.0,0.3761007016946254,0.0,0.3070558254186297,0.2723095776326044,0.3916386670468817,0.25500013535542737,0.3969370505238571,0.0,0.21352787658955671,0.20326296780131864,0.16479286208518734,0.1605840113348981,0.16630698706475103,0.22963020449380062,0.16684578617047413,0.16701361886337376,0.17562176326251394,0.25489537682927405,0.22508102316552359,0.14189483181830356,0.0,0.0,0.19499760270316013,0.30680166677257015,0.33585280109061794,0.0,0.0,0.0,0.0,0.0,0.0,0.0,0.34862441602725214,0.0,0.3298482721316718,0.0,0.0,0.0,0.0,0.3411910540263983,0.3284232802621076,0.0,0.0,0.0,0.0,0.0,0.3224773326158945,0.33636554740019076,0.3421284654898205,0.0,0.0,0.0,0.0,0.3214553453476458
0.30591472550866644,0.2873440491221423,0.0,0.0,0.0,0.313284267594244,0.0,0.3853146976070855,0.0,0.2581033017667006,0.0,0.2557092816080228,0.3189664535911219,0.0,0.2920423325741087,0.30356929247140396,0.24758560310918573,0.2782932907901852,0.0,0.30927440296541925,0.3385459880153246,0.30373520034522106,0.334210762553433,0.3070558254186297,0.0,0.2818436408563341,0.3068487733153953,0.2945823417341129,0.321273299466398,0.0,0.29165502904382823,0.30780499029141856,0.25265050902956354,0.28144345197828335,0.2989845532051886,0.3357111516792012,0.0,0.23253172241010422,0.31673989524683493,0.2959457391800719,0.3032723441577552,0.33242812420093515,0.0,0.0,0.27057560027770966,0.32038639188556084,0.3387872371635981,0.0,0.0,0.0,0.0,0.0,0.0,0.0,0.3329792099539491,0.0,0.3402685402592545,0.0,0.0,0.0,0.31106611831852116,0.32587532778594325,0.3125277242348546,0.0,0.0,0.331613008041211,0.291186453287444,0.0,0.33710552747061834,0.3219002114197313,0.33592351581306795,0.0,0.0,0.3193492950828531,0.0,0.30899293793824845
0.2860921014868975,0.2871723633305312,0.0,0.29026325219262444,0.0,0.32204591463572524,0.0,0.3736839155308504,0.0,0.26705929008227847,0.0,0.23331106504034804,0.30598244858778945,0.3927039210993079,0.30583034234587275,0.3124864799126006,0.2782417836356144,0.3008253508631218,0.0,0.3296497705738917,0.3095907444415057,0.3072061463065534,0.3555998977709904,0.2723095776326044,0.2818436408563341,0.0,0.33938271720783203,0.2988675337076724,0.3121740271812204,0.0,0.2918850922842999,0.31726260772116405,0.2787212083037257,0.2950896125498114,0.31772989335722607,0.34617494720403025,0.3319036116014779,0.2483666217433732,0.33549215741718763,0.30645030895010855,0.32590110311604825,0.35755287523307644,0.0,0.0,0.28409641185986617,0.33703576342662944,0.35149078135209616,0.0,0.0,0.0,0.34548629643995626,0.0,0.36242677421742403,0.0,0.34092713455557744,0.0,0.33807124397864624,0.0,0.0,0.360326017730779,0.32591737836755125,0.3374276443655242,0.32418511270620515,0.0,0.3349081264163577,0.34828352969850374,0.34763331918700596,0.35155192808752783,0.3479657176225102,0.33278606973414065,0.3508816477693147,0.3433461405831048,0.0,0.3332310275224747,0.0,0.31617997454053415
0.34510732713381964,0.31733740240980474,0.29334428023513276,0.29728056676155223,0.2947361763877027,0.29692378434839223,0.313730649005171,0.3426191892507775,0.2815654263178483,0.3242048768917409,0.2943970419349816,0.3464101555403091,0.31866991225007024,0.3201633134914815,0.30502992196141704,0.321391317450312,0.0,0.31032910722334334,0.2977174296252653,0.25575286219550186,0.3385291197460847,0.3232159013709871,0.293578161464758,0.3916386670468817,0.3068487733153953,0.33938271720783203,0.0,0.31668434014774843,0.27229037729760436,0.2966936291859833,0.2970661459742166,0.30946327294628456,0.2830332397784633,0.31574274672764197,0.32408511357194186,0.3100005998181436,0.3088564408670626,0.3471500626627286,0.35577914883481215,0.3505957461186449,0.3691032508832196,0.36801064470719275,0.3607250150098065,0.0,0.0,0.0,0.0,0.39987474628301706,0.0,0.0,0.370154141589359,0.38109931106981726,0.3801110472777774,0.40835084475879624,0.0,0.3760958408781633,0.0,0.3685126325813243,0.3658242162983315,0.3405658018884166,0.0,0.0,0.0,0.39771799726042856,0.342305742574138,0.35864479674074645,0.3440173826069893,0.3850660726702233,0.0,0.0,0.350220420327417,0.37602735671180887,0.35849667748572933,0.3511036048724804,0.3485808733389684,0.36804896504764023
0.36160573614282443,0.3446690473435302,0.319580028300127,0.23115939983061728,0.2978024508110079,0.3047750755116272,0.27839550318397654,0.3321109789309652,0.32419781630587985,0.2856336857837335,0.32337067399338637,0.24985898866844533,0.2733157249435012,0.2081400231617073,0.3089743818100999,0.33228606106229447,0.2962917057809356,0.31169915631261824,0.33116864630522735,0.2925304793924025,0.3445172371222336,0.342633626378455,0.3239442912784075,0.25500013535542737,0.2945823417341129,0.2988675337076724,0.31668434014774843,0.0,0.2788241648233576,0.26359481869338564,0.2896340686432121,0.280068592009042,0.25210279910365063,0.28038010382643247,0.26243492078486746,0.22414607843370102,0.22979310770028313,0.23923965503068156,0.2811421154767226,0.21116434299215686,0.23835858784384617,0.2544159514621866,0.0,0.0,0.16848835790320416,0.0,0.0,0.0,0.0,0.0,0.36289233871669285,0.0,0.3636305773125011,0.0,0.3022846940519598,0.0,0.0,0.0,0.0,0.3571825210568587,0.0,0.0,0.0,0.0,0.34374789187820465,0.37750582983651554,0.3802436363060031,0.36747183116290505,0.0,0.0,0.0,0.36981859810621814,0.36236185878437344,0.35059853203952934,0.0,0.0
0.35291715004777596,0.3323529890664561,0.0,0.3098989772374481,0.3180118110490874,0.27801676719836066,0.3327438609610357,0.32699181919786124,0.299338382278215,0.3398163439862638,0.0,0.0,0.31705849317539375,0.0,0.3010078847262911,0.3340007257779189,0.38290910771603925,0.3375528946527871,0.0,0.2597030959821678,0.312642928001012,0.32730531930751144,0.3089073936604041,0.3969370505238571,0.321273299466398,0.3121740271812204,0.27229037729760436,0.2788241648233576,0.0,0.26204482173565313,0.2715239535437635,0.31339551463594933,0.28403776566174577,0.3030487240838925,0.320665526751313,0.33142448511321854,0.32624867883209424,0.3913239593614894,0.33214331661956825,0.0,0.0,0.0,0.0,0.0,0.0,0.0,0.0,0.0,0.0,0.0,0.34428178027222495,0.0,0.0,0.0,0.0,0.0,0.0,0.0,0.0,0.3137361517372326,0.0,0.0,0.0,0.0,0.3183409280780592,0.32396994925051503,0.32102557212800265,0.3468146339025265,0.0,0.0,0.3343532011030259,0.3527950703521579,0.3511494525361713,0.3316128601326099,0.0,0.0
0.0,0.0,0.0,0.0,0.0,0.30385015492294154,0.31070667734645263,0.0,0.31255814768410745,0.0,0.0,0.0,0.30371814899294675,0.0,0.0,0.0,0.0,0.0,0.0,0.2771146278548308,0.0,0.0,0.30815714291631086,0.0,0.0,0.0,0.2966936291859833,0.26359481869338564,0.26204482173565313,0.0,0.24298895511240245,0.2986848166008834,0.0,0.2850676618191351,0.29923500261753067,0.32675116687886735,0.3398334856558377,0.0,0.0,0.0,0.0,0.0,0.0,0.0,0.0,0.0,0.0,0.0,0.0,0.0,0.0,0.0,0.0,0.0,0.0,0.0,0.0,0.0,0.0,0.0,0.0,0.0,0.0,0.0,0.0,0.0,0.0,0.0,0.0,0.0,0.0,0.0,0.0,0.0,0.0,0.0
0.30333008321859956,0.2627597453240976,0.32266221661048866,0.2869819157380323,0.32832538682862633,0.31687703653345445,0.3193179720030601,0.3463408351018399,0.3435008714302149,0.24320094480181656,0.3371777553204054,0.22096245587266258,0.3066640212034913,0.276030443278639,0.3290618759135443,0.2761385791577543,0.25658290150777274,0.2881461788715318,0.33193615290558365,0.27724241279712647,0.32366930771718266,0.28233704412640764,0.3095511132423976,0.21352787658955671,0.29165502904382823,0.2918850922842999,0.2970661459742166,0.2896340686432121,0.2715239535437635,0.24298895511240245,0.0,0.2861741338440634,0.2292640908433517,0.21537270103597822,0.21101340007569178,0.32298160140572146,0.2817509441978419,0.199571861558218,0.29421691121045185,0.1632158251329536,0.0,0.20557446821150052,0.0,0.0,0.19449487704741716,0.0,0.30509633485400145,0.0,0.0,0.0,0.0,0.0,0.0,0.0,0.28009414251612486,0.0,0.27073559451998713,0.0,0.0,0.3103266254315318,0.2993421544521891,0.2919982325756835,0.30447440105317364,0.0,0.3049293768618926,0.0,0.30511867866371706,0.3737765422143964,0.24428779056245012,0.3172145697892703,0.3299743947365341,0.36402152149693384,0.0,0.0,0.0,0.0
0.31675585634833453,0.30342782481385405,0.2983616645414856,0.2387924071770013,0.2859964692076221,0.30512651242230826,0.2909572991877546,0.28054718848486615,0.2979536472721827,0.22059956111506362,0.23978182815276033,0.1965535873878378,0.30078035596255553,0.1610271667345923,0.32692553598423363,0.32998290294899185,0.2851233451455068,0.31037553810501595,0.30043431342964544,0.3244045676194742,0.31324369797272694,0.33616033346647173,0.3097970896984071,0.20326296780131864,0.30780499029141856,0.31726260772116405,0.30946327294628456,0.280068592009042,0.31339551463594933,0.2986848166008834,0.2861741338440634,0.0,0.24785205583782494,0.23675492527483738,0.21416074305401525,0.19076737337286248,0.22499602185885012,0.19859113484820226,0.17640522422276472,0.23561776613739616,0.22973612630524193,0.24846052324448584,0.3014175249269721,0.0,0.2107003109038062,0.0,0.3240834019694721,0.4072117432702223,0.0,0.0,0.36277006719629995,0.0,0.383550550017485,0.0,0.25003436110387894,0.34720786761174144,0.18594643408320113,0.0,0.0,0.33321680268450665,0.3076785228831321,0.0,0.32258400709676655,0.0,0.33220664174656117,0.3711032922859565,0.3255802056507835,0.36916916446312414,0.0,0.31916140524681913,0.34245648453838273,0.3727942533609756,0.3439506056750491,0.3470363069381145,0.0,0.3516429582458701
0.25596596622988066,0.2592038302850922,0.0,0.0,0.3289465596992897,0.2858646731787734,0.30752753273946914,0.34679633246445557,0.3161540142488203,0.22960165454856085,0.35353412593359607,0.20050349845377752,0.28503778506547767,0.0,0.30835691606066334,0.29173097894157396,0.25132519423577154,0.27341623561774814,0.0,0.31162899380984344,0.2811576197532537,0.30807455198379646,0.2855389625785796,0.16479286208518734,0.25265050902956354,0.2787212083037257,0.2830332397784633,0.25210279910365063,0.28403776566174577,0.0,0.2292640908433517,0.24785205583782494,0.0,0.19005466703672702,0.28268082543796647,0.34676948701588284,0.26201815931947164,0.1463528458072066,0.23348105405556163,0.1818427063251389,0.20505210392223638,0.23980667550809612,0.0,0.0,0.17413271473206973,0.29739559002888344,0.3234438743284344,0.0,0.0,0.0,0.3112303383786488,0.0,0.0,0.0,0.2685777880857819,0.0,0.2527454555628411,0.0,0.0,0.32696980303900225,0.30926640005621386,0.23492480199131868,0.28614002849657694,0.0,0.3338486057141405,0.32886071703557196,0.32393636854648883,0.0,0.22679937580634676,0.309242856221513,0.32905942348523537,0.30020412027605364,0.0,0.0,0.0,0.0
0.27567536340050275,0.2660886233800623,0.3285740706894619,0.23898192986359784,0.3205916400272581,0.3239422440897554,0.3122892092296997,0.3782596280000456,0.333138040024748,0.21966088171153378,0.32549537637198134,0.1597831671219803,0.3074110890179132,0.0,0.3330940829968012,0.2905328976848754,0.25013440297819084,0.29037049170282064,0.33376714194802626,0.31182642288068535,0.290174447489988,0.3143428558004718,0.3230305991319781,0.1605840113348981,0.28144345197828335,0.2950896125498114,0.31574274672764197,0.28038010382643247,0.3030487240838925,0.2850676618191351,0.21537270103597822,0.23675492527483738,0.19005466703672702,0.0,0.18897389337721962,0.2947866135607218,0.2362459566199634,0.14946237569994264,0.2201565655880567,0.1726615532023384,0.15266089418989065,0.1826977167701914,0.0,0.0,0.17414799623155613,0.29039553883031627,0.3098418894840986,0.0,0.0,0.0,0.0,0.0,0.0,0.0,0.24576444743202436,0.0,0.23237757474153412,0.0,0.0,0.32682519924132303,0.29262080325318524,0.28401238329905476,0.3001449966041,0.0,0.36348789735818393,0.0,0.3148459427876304,0.3886399894431462,0.18866294824796706,0.3139267875864028,0.3323279620181502,0.3933169126416259,0.0,0.0,0.0,0.0
0.3016766684380011,0.29886911655123183,0.0,0.21371929992743424,0.3034149750978194,0.3380676723985383,0.33303786598791263,0.0,0.32018672035854706,0.21064070629075454,0.32922816580464276,0.19206117497408481,0.32221465260555104,0.0,0.3539257126558665,0.3270487787565974,0.259324587667044,0.29497917880722163,0.3313649142823248,0.3414679935544248,0.3243452577576335,0.3457999966679142,0.3289713631182469,0.16630698706475103,0.2989845532051886,0.31772989335722607,0.32408511357194186,0.26243492078486746,0.320665526751313,0.29923500261753067,0.21101340007569178,0.21416074305401525,0.28268082543796647,0.18897389337721962,0.0,0.2589211378192925,0.23700792295377218,0.17050754869307397,0.23070254207842125,0.21329656866809169,0.2003570939236136,0.24511440051378025,0.0,0.0,0.1925347111712461,0.0,0.3314048239245019,0.0,0.0,0.0,0.0,0.0,0.0,0.0,0.24777633189168324,0.0,0.0,0.0,0.0,0.34036653084507645,0.30816748947889966,0.0,0.31407813710732424,0.0,0.0,0.0,0.3246825708964034,0.3831111191264619,0.0,0.3282786154949032,0.3521396187512586,0.3714502874507954,0.0,0.0,0.0,0.0
0.0,0.5194277048917999,0.2870340206915443,0.15830732842202624,0.2153175136398796,0.3102914462650992,0.23125936743327352,0.16999916317102598,0.2991407691314881,0.2581282992073018,0.2158812472948537,0.22281952715813969,0.27267388812304927,0.1508806838325262,0.3584405956382526,0.0,0.2811290660214305,0.0,0.2880052899742235,0.3537379341777268,0.0,0.37284717806487466,0.28440614436862904,0.22963020449380062,0.3357111516792012,0.34617494720403025,0.3100005998181436,0.22414607843370102,0.33142448511321854,0.32675116687886735,0.32298160140572146,0.19076737337286248,0.34676948701588284,0.2947866135607218,0.2589211378192925,0.0,0.15194643187136786,0.22074268360977148,0.21606732092385506,0.1591347974269323,0.19334148232356935,0.2075051437272714,0.19602748523791677,0.0,0.0,0.0,0.0,0.3430619146215982,0.0,0.0,0.4062635058289538,0.0,0.2844047722113031,0.0,0.0,0.2605949769414635,0.0,0.0,0.0,0.0,0.0,0.0,0.0,0.3575724436291043,0.0,0.0,0.0,0.2941571984975647,0.0,0.0,0.0,0.3494674739858409,0.0,0.0,0.0,0.0
0.0,0.0,0.0,0.16657495503997793,0.23665423176928305,0.3108930351437591,0.22816636183708705,0.0,0.30496847674406663,0.22245024493352888,0.30609595602020895,0.22481208794077287,0.26582907986534465,0.14806337621210483,0.351935709786987,0.0,0.0,0.0,0.31249642127285726,0.3297988546750231,0.0,0.341123061674575,0.3104342838011211,0.16684578617047413,0.0,0.3319036116014779,0.3088564408670626,0.22979310770028313,0.32624867883209424,0.3398334856558377,0.2817509441978419,0.22499602185885012,0.26201815931947164,0.2362459566199634,0.23700792295377218,0.15194643187136786,0.0,0.2109210711523617,0.2278541736903864,0.0,0.0,0.2107062355514434,0.0,0.0,0.0,0.0,0.0,0.0,0.0,0.0,0.0,0.0,0.0,0.0,0.0,0.0,0.0,0.0,0.0,0.0,0.0,0.0,0.0,0.0,0.0,0.0,0.0,0.0,0.0,0.0,0.0,0.0,0.0,0.0,0.0,0.0
0.0,0.0,0.0,0.2397418737135265,0.28220960481114876,0.3313197272717591,0.2697085766802296,0.0,0.3147402606612598,0.20152774794286757,0.3134649928873566,0.154244886443288,0.27493654861211275,0.0,0.0,0.0,0.2310851056556693,0.26292223406982745,0.0,0.0,0.0,0.0,0.35183957541639815,0.16701361886337376,0.23253172241010422,0.2483666217433732,0.3471500626627286,0.23923965503068156,0.3913239593614894,0.0,0.199571861558218,0.19859113484820226,0.1463528458072066,0.14946237569994264,0.17050754869307397,0.22074268360977148,0.2109210711523617,0.0,0.20912438765525845,0.17155580272978124,0.1615666604352964,0.18093762375002564,0.0,0.0,0.16494212806150269,0.0,0.0,0.0,0.0,0.0,0.0,0.0,0.0,0.0,0.2446868772985833,0.0,0.21543111958410815,0.0,0.0,0.0,0.0,0.0,0.17474558343809257,0.0,0.0,0.0,0.0,0.0,0.2012139591582964,0.0,0.24775888091817774,0.0,0.0,0.0,0.0,0.0
0.31442256222498627,0.31271510670516345,0.36941065386971195,0.0,0.0,0.3515515390686034,0.0,0.34043735806120723,0.3612202447663601,0.21956011923856317,0.23349204138164625,0.19589209477764502,0.3201486775230604,0.0,0.3415803378106264,0.30935387503298695,0.0,0.32119320712362454,0.0,0.33081192104051993,0.34866693728823994,0.33411432080173076,0.3624544815073573,0.17562176326251394,0.31673989524683493,0.33549215741718763,0.35577914883481215,0.2811421154767226,0.33214331661956825,0.0,0.29421691121045185,0.17640522422276472,0.23348105405556163,0.2201565655880567,0.23070254207842125,0.21606732092385506,0.2278541736903864,0.20912438765525845,0.0,0.23702311730365125,0.24687736349559958,0.24036898070194054,0.1935194419018664,0.22864490300466714,0.18300768279935592,0.27876114725814066,0.29146257281885524,0.3334948288212228,0.17255866918993376,0.31219381494008924,0.32691048832511305,0.31126166222911,0.2710942259610679,0.3247790355589018,0.2205319594066594,0.2697083484390687,0.16768632331776245,0.29370873062199465,0.2214767267921821,0.3116069210139436,0.3027674675325521,0.291450625078708,0.3015636318836025,0.2987195738430944,0.31748713500076803,0.2973485550677983,0.32230370268175484,0.29313632962658165,0.16639743373516405,0.28278925879526656,0.3058465585039071,0.3065460424395971,0.2815400240531912,0.31318491986995256,0.3346136843347905,0.31063786623224243
0.3017235725506811,0.307487389801841,0.0,0.0,0.0,0.0,0.0,0.30169949892596076,0.0,0.259276864580656,0.0,0.25378230294363496,0.2797505217957272,0.0,0.3444106931016414,0.3112069425855707,0.25792899522264123,0.2949326814990991,0.0,0.0,0.34119210164535363,0.3308208604090935,0.3201860761312328,0.25489537682927405,0.2959457391800719,0.30645030895010855,0.3505957461186449,0.21116434299215686,0.0,0.0,0.1632158251329536,0.23561776613739616,0.1818427063251389,0.1726615532023384,0.21329656866809169,0.1591347974269323,0.0,0.17155580272978124,0.23702311730365125,0.0,0.17419780759215497,0.26809910118112534,0.35499737315912294,0.23665588470506535,0.13538131503818945,0.2401518882044374,0.2579101650795761,0.0,0.0,0.0,0.2731721516456109,0.2986160120704053,0.0,0.0,0.22651865786086622,0.31654880840149613,0.2189548820416118,0.26836564470036883,0.0,0.28118456111623336,0.2652281009565164,0.23609733683429096,0.2553137012479411,0.0,0.27188553799488396,0.25313824833207454,0.2803517439406321,0.2552931603935336,0.19630137733765307,0.22953784322116144,0.2681719206988603,0.2647549864543232,0.254844466519915,0.30999381328179965,0.0,0.22802987163714802
