0.0,0.28153095606984135,0.0,0.0,0.0,0.3087320707621462,0.4813983755939896,0.3656245608356065,0.0,0.29685515304037197,0.0,0.2814347135577618,0.36328639175365374,0.3584556647114682,0.26904206049257856,0.2957527497666643,0.24494755832812032,0.26129147570196715,0.0,0.297484214530156,0.3036374103121472,0.30765271878958433,0.32240202360728387,0.2698716469434295,0.2571559868278043,0.2615739656404878,0.3038518324286327,0.33989354945699757,0.3256895373042243,0.0,0.285726224578145,0.3219944305333568,0.25193362176557443,0.28589688860982926,0.32742571828574557,0.34774383986613455,0.0,0.0,0.3048005911888678,0.2511670663751707,0.29687376192727444,0.3319718752677941,0.0,0.0,0.0,0.22824613904939167,0.28236709358966494,0.0,0.0,0.0,0.0,0.0,0.0,0.0,0.2762045520636189,0.0,0.0,0.0,0.0,0.0,0.2931210546384855,0.0,0.2578039996070474,0.0,0.0,0.1734462069194894,0.3134606567432722,0.0,0.2552472846045382,0.2681137023281968,0.2851834753804825,0.0,0.0,0.0,0.0,0.29785152540400495
0.28153095606984135,0.0,0.0,0.0,0.3153702517575723,0.3004867460160849,0.319194382019933,0.3386009008949847,0.2906372449633944,0.2838843063347419,0.0,0.0,0.3322077422812078,0.0,0.29343038731259624,0.2894599420926271,0.2913038422881912,0.28338696762749893,0.0,0.29741429351621146,0.2975297934968466,0.2767659638392639,0.2932842225098472,0.277808383084277,0.25925012756409593,0.28340539839407997,0.28606711582616,0.3209762292757407,0.3082510681829604,0.0,0.28134367353941925,0.35293299433140096,0.2753614589852232,0.30058758363008947,0.32581783592858243,0.0,0.0,0.0,0.33281815145804755,0.3070332517766118,0.34881510129063453,0.35520755252288877,0.0,0.0,0.0,0.2964243785784206,0.3323554853943198,0.0,0.0,0.0,0.34260832489433085,0.0,0.0,0.0,0.0,0.0,0.0,0.0,0.0,0.3449717577267595,0.3207844328615693,0.0,0.299407594093709,0.0,0.32932646655444725,0.3044389179227319,0.35683643988628566,0.0,0.0,0.2987384661735574,0.3185657678834438,0.327632294113116,0.0,0.3313588576425431,0.0,0.306218040037195
0.0,0.0,0.0,0.0,0.2658120043162695,0.26985473685182004,0.2770767419701501,0.30913455265764156,0.2394164801852831,0.0,0.2683350476828256,0.0,0.2837606774819627,0.26729599130943965,0.0,0.0,0.0,0.0,0.2503667298208348,0.0,0.0,0.0,0.2531989976415555,0.0,0.0,0.0,0.2574804040671438,0.2985940197939654,0.0,0.0,0.0,0.0,0.0,0.0,0.0,0.2353242472181576,0.0,0.0,0.0,0.0,0.0,0.0,0.29853883788116786,0.0,0.0,0.0,0.0,0.3204737605773282,0.0,0.0,0.3354464115808553,0.3644760699637378,0.0,0.33881230395355033,0.0,0.29354289205803424,0.0,0.39139029435456074,0.35528225236365224,0.0,0.0,0.0,0.0,0.3000776930418638,0.0,0.0,0.0,0.32034026638274543,0.0,0.0,0.0,0.3448289554136296,0.0,0.0,0.0,0.0
0.0,0.0,0.0,0.0,0.19806819209347085,0.26613813981957835,0.2536009024883439,0.0,0.0,0.15652220145532114,0.0,0.0,0.22666701514227475,0.1699881220222365,0.0,0.0,0.0,0.0,0.0,0.0,0.0,0.0,0.2721561267625116,0.0,0.0,0.0,0.0,0.1816564075985143,0.0,0.0,0.24974400444641656,0.18911267549989078,0.0,0.15424730229224923,0.16664768994983198,0.12845069990135916,0.1205089277518155,0.0,0.0,0.0,0.0,0.0,0.0,0.0,0.0,0.0,0.0,0.0,0.0,0.0,0.0,0.0,0.0,0.0,0.0,0.0,0.0,0.0,0.0,0.0,0.0,0.0,0.0,0.0,0.0,0.0,0.0,0.0,0.0,0.0,0.0,0.0,0.0,0.0,0.0,0.0
0.0,0.3153702517575723,0.2658120043162695,0.19806819209347085,0.0,0.26946039095032015,0.26564007998512656,0.28519960692152774,0.26518035469797163,0.0,0.2761293756268841,0.0,0.2783919692718521,0.21882091037597348,0.0,0.3428190844530023,0.0,0.3529337409166803,0.27316545147836907,0.29270609535108777,0.38495321697476365,0.3224924476301414,0.27411581091890974,0.0,0.319521998707336,0.32558099076463115,0.27723908165665284,0.2834659212878264,0.30510647488473835,0.0,0.30247155058699543,0.2599065275403547,0.0,0.29024074930468813,0.32298860482595987,0.17234726942003115,0.2658132045938504,0.0,0.0,0.0,0.0,0.0,0.25785734375316344,0.0,0.0,0.0,0.0,0.3528070405107392,0.0,0.0,0.35303005175038504,0.0,0.0,0.36530236971394603,0.0,0.30131848572596237,0.0,0.0,0.0,0.0,0.0,0.0,0.0,0.33715692598954733,0.0,0.0,0.0,0.3300005818826603,0.0,0.0,0.0,0.34285020048462916,0.0,0.0,0.0,0.0
0.3087320707621462,0.3004867460160849,0.26985473685182004,0.26613813981957835,0.26946039095032015,0.0,0.2864894534459688,0.279250261919498,0.2528710823076144,0.0,0.25603475406736553,0.0,0.2855060992611115,0.26326644942252636,0.2900141249503318,0.30844263116684273,0.0,0.299869214949035,0.24410630505129946,0.2910169574467366,0.2821138286367453,0.30202431708137845,0.2807706528998748,0.0,0.2871813860318167,0.2952515368728889,0.26347439484246526,0.2710111306619915,0.2576845726982716,0.28524316388596727,0.2949203357612752,0.285653807635375,0.0,0.3044380909027112,0.32751030820842864,0.27580939215760486,0.27240574658713307,0.0,0.3320440716973904,0.0,0.3435179047082646,0.0,0.2957182850405183,0.0,0.0,0.0,0.0,0.3419307936785761,0.0,0.3774924653744125,0.3264514289141877,0.34685242861496896,0.3146118753313702,0.33403532103544065,0.0,0.3168697186289085,0.0,0.3390810609973564,0.0,0.3343772190251846,0.0,0.0,0.0,0.3414998435132911,0.3137642159157544,0.0,0.3416013400965808,0.33057145753801526,0.0,0.0,0.0,0.3324157361471894,0.3342334562509574,0.3230500894632345,0.0,0.34565310333953997
0.4813983755939896,0.319194382019933,0.2770767419701501,0.2536009024883439,0.26564007998512656,0.2864894534459688,0.0,0.29167658952441283,0.26612746705254176,0.0,0.2823034824031563,0.0,0.26064546339794364,0.2611931630717497,0.3184341898835784,0.33138505692170594,0.0,0.3314871438670148,0.27037432752335444,0.31831791183494884,0.33830469682865427,0.3398903586628818,0.2870284739884965,0.0,0.3134396598157035,0.32114975774529225,0.2937096607560037,0.28405443034803146,0.3180856315339861,0.0,0.2948943648434887,0.25462939427692094,0.0,0.29222288168732474,0.404044920184804,0.24525708571560872,0.24461063545681125,0.0,0.0,0.0,0.0,0.0,0.0,0.0,0.0,0.0,0.0,0.39740492257456045,0.0,0.0,0.35346167394776185,0.0,0.0,0.4097561931099905,0.0,0.0,0.0,0.0,0.0,0.0,0.0,0.0,0.0,0.0,0.0,0.0,0.0,0.3314172335660999,0.0,0.0,0.0,0.34303211672037887,0.0,0.0,0.0,0.0
0.3656245608356065,0.3386009008949847,0.30913455265764156,0.0,0.28519960692152774,0.279250261919498,0.29167658952441283,0.0,0.2929089669665621,0.0,0.26748252463427613,0.0,0.2999105183217848,0.2433781815891883,0.23629007884228534,0.3473860153611423,0.0,0.3371612700853293,0.2822878899730938,0.27302035721762624,0.2914296832579891,0.3273431513338333,0.26646120651653393,0.36948761999241053,0.34299790563447874,0.3393606353264102,0.2896877828065257,0.29959290180626885,0.28528615203740343,0.3068274787440811,0.313683045782197,0.27740307135136344,0.33530749380806313,0.326283340045036,0.3224397523293513,0.18410385644447064,0.2983924776990495,0.0,0.33821833328644435,0.0,0.3557925216523851,0.0,0.25253573375968386,0.0,0.0,0.0,0.0,0.33568960179098245,0.0,0.34132181863501915,0.3219809252325697,0.34044343390831183,0.2797681415282863,0.3360768061269779,0.0,0.2963534469337532,0.0,0.3261153198964942,0.28834408777359555,0.0,0.0,0.0,0.0,0.33484526925666697,0.0,0.0,0.0,0.32113465315690326,0.0,0.0,0.0,0.3366296456443882,0.3312355108449971,0.3171917158427778,0.0,0.0
0.0,0.2906372449633944,0.2394164801852831,0.0,0.26518035469797163,0.2528710823076144,0.26612746705254176,0.2929089669665621,0.0,0.0,0.2597233395181216,0.0,0.2673473286692675,0.28096896984304354,0.5389865865067566,0.0,0.0,0.0,0.21579862175613854,0.27281178504306813,0.3258377727503996,0.29265162556856633,0.2627103840945908,0.0,0.0,0.31462382897108127,0.24352842054299145,0.276462450265969,0.28100903039884184,0.0,0.26886023589557684,0.25752945142868455,0.0,0.27985558134356103,0.274915507600078,0.0,0.2609523719679768,0.0,0.0,0.0,0.0,0.0,0.0,0.0,0.0,0.0,0.0,0.33982628803070436,0.0,0.359897494681917,0.3273066861580846,0.36869172837196834,0.30151388306871024,0.3563046228130474,0.0,0.29970035195222505,0.0,0.366742414837603,0.28715479560093393,0.0,0.0,0.0,0.0,0.330037338264744,0.0,0.0,0.0,0.31597932726089223,0.0,0.0,0.0,0.3141813500512252,0.3802144939056463,0.0,0.0,0.0
0.29685515304037197,0.2838843063347419,0.0,0.15652220145532114,0.0,0.0,0.0,0.0,0.0,0.0,0.0,0.2160295457765285,0.2905511637592725,0.0,0.0,0.2677530378890824,0.22253688248083528,0.2399248306275976,0.0,0.0,0.3469230520094305,0.2954599034119117,0.2808068006279637,0.2277167454344081,0.2379152570011698,0.24169724698017286,0.0,0.2840902153704408,0.0,0.0,0.24015179467933473,0.22054223192731437,0.2188498048124891,0.2234746073019106,0.22408365417591108,0.18233907540992136,0.17881403360317297,0.21352514368803244,0.2577036121195483,0.23746227004335366,0.25713935877393723,0.23412992455622017,0.0,0.0,0.2449000123989667,0.2713681805513961,0.0,0.0,0.0,0.0,0.0,0.0,0.0,0.0,0.2818980645345639,0.0,0.28383553481595925,0.0,0.0,0.0,0.34018812501694384,0.26484704506627377,0.2568999448142334,0.0,0.0,0.0,0.0,0.0,0.28811423623953897,0.26324032360620936,0.2848293229460895,0.0,0.0,0.0,0.0,0.2707431063632967
0.0,0.0,0.2683350476828256,0.0,0.2761293756268841,0.25603475406736553,0.2823034824031563,0.26748252463427613,0.2597233395181216,0.0,0.0,0.0,0.2818094369578428,0.2046560430546817,0.0,0.0,0.0,0.0,0.23461841932498628,0.0,0.0,0.0,0.268680207638671,0.0,0.0,0.0,0.26002081758405565,0.28585752764255173,0.0,0.0,0.2887302868380512,0.1966176466985509,0.0,0.28457044499314843,0.0,0.19069601720196172,0.27661850769730145,0.0,0.0,0.0,0.0,0.0,0.2648752963152731,0.0,0.0,0.0,0.0,0.30692551618593206,0.0,0.2735341126032467,0.32136633457626973,0.0,0.31731489207567404,0.3209423849206799,0.0,0.2612928053152506,0.0,0.0,0.27502371228352507,0.0,0.0,0.0,0.0,0.2724497169641863,0.0,0.0,0.0,0.3191681857723124,0.0,0.0,0.0,0.30924511034598534,0.0,0.0,0.0,0.0
0.2814347135577618,0.0,0.0,0.0,0.0,0.0,0.0,0.0,0.0,0.2160295457765285,0.0,0.0,0.0,0.0,0.0,0.0,0.24459699234404306,0.2388201935016949,0.0,0.0,0.0,0.0,0.0,0.20458508611532844,0.24275255049227912,0.23183006886673238,0.0,0.24884433227077563,0.0,0.0,0.24969642172978668,0.2000385961010513,0.20274388800607338,0.1781495980390906,0.20841590432592674,0.17576625226542145,0.19252591049105053,0.18339008455779499,0.23548108162182976,0.2308783563972424,0.2586697164843904,0.0,0.0,0.0,0.0,0.0,0.0,0.0,0.0,0.0,0.0,0.0,0.0,0.0,0.2771655091216069,0.0,0.2716519036460966,0.0,0.0,0.0,0.0,0.27005007827968736,0.2429141758416747,0.0,0.0,0.0,0.0,0.0,0.2961889892933673,0.2691736552841464,0.28582209353751176,0.0,0.0,0.0,0.0,0.279340604071573
0.36328639175365374,0.3322077422812078,0.2837606774819627,0.22666701514227475,0.2783919692718521,0.2855060992611115,0.26064546339794364,0.2999105183217848,0.2673473286692675,0.2905511637592725,0.2818094369578428,0.0,0.0,0.2553639771186481,0.3110763100483818,0.3425183518251969,0.0,0.32856010594825275,0.27501165663847144,0.3193362894833661,0.3197025347131167,0.34240153697777215,0.29586250584042195,0.0,0.3209192089335088,0.3314421611248319,0.29991069816735655,0.2523178074940545,0.2950501397091753,0.24920972511102601,0.28006406550226953,0.2530508300295259,0.0,0.289348468034028,0.32379327765689736,0.23932066974282543,0.24745658266444256,0.0,0.3532826600067505,0.0,0.0,0.0,0.0,0.0,0.0,0.0,0.0,0.0,0.0,0.0,0.34540998130507133,0.0,0.0,0.0,0.0,0.0,0.0,0.0,0.0,0.0,0.0,0.0,0.0,0.0,0.0,0.0,0.0,0.34191499232607253,0.0,0.0,0.0,0.3396040963490561,0.36880734157372674,0.36325916056735175,0.0,0.0
0.3584556647114682,0.0,0.26729599130943965,0.1699881220222365,0.21882091037597348,0.26326644942252636,0.2611931630717497,0.2433781815891883,0.28096896984304354,0.0,0.2046560430546817,0.0,0.2553639771186481,0.0,0.0,0.0,0.0,0.0,0.2411025806869529,0.0,0.31928038162114136,0.0,0.27584039109116726,0.0,0.0,0.0,0.0,0.2653884655989056,0.0,0.0,0.0,0.1264210541476873,0.0,0.0,0.0,0.13629787896463433,0.1164860874387794,0.0,0.0,0.0,0.0,0.0,0.23350828995878087,0.0,0.0,0.0,0.0,0.30437171274275515,0.0,0.0,0.3266312955012569,0.0,0.2951324224458875,0.0,0.0,0.28071150417472635,0.0,0.0,0.25556545363265987,0.0,0.0,0.0,0.0,0.2911259128595935,0.0,0.0,0.0,0.29709905400289083,0.0,0.0,0.0,0.0,0.0,0.0,0.0,0.0
0.26904206049257856,0.29343038731259624,0.0,0.0,0.0,0.2900141249503318,0.3184341898835784,0.23629007884228534,0.5389865865067566,0.0,0.0,0.0,0.3110763100483818,0.0,0.0,0.31273419375223543,0.0,0.3024024787649908,0.0,0.23823335510902358,0.25635542934712063,0.22396387054805797,0.26666878755810314,0.33450118655182187,0.28762825148935967,0.26248180898325824,0.2848147710877107,0.2843490706900131,0.3123415703243422,0.0,0.31383355957769193,0.3313882217059127,0.2872170638623842,0.333516883076227,0.3656477658720367,0.3496329048889937,0.0,0.0,0.3460027859194748,0.32420477688560057,0.3416265909201161,0.36676724761232293,0.0,0.0,0.0,0.0,0.0,0.0,0.0,0.0,0.3189798859207901,0.0,0.0,0.0,0.0,0.0,0.0,0.0,0.0,0.23328654409642377,0.0,0.0,0.0,0.0,0.29251490931381935,0.30028515528313976,0.2649559879456223,0.31743819787129357,0.0,0.0,0.35526856384639555,0.31120940265797375,0.3474590593142546,0.32186220454377634,0.0,0.33170927944836803
0.2957527497666643,0.2894599420926271,0.0,0.0,0.3428190844530023,0.30844263116684273,0.33138505692170594,0.3473860153611423,0.0,0.2677530378890824,0.0,0.0,0.3425183518251969,0.0,0.31273419375223543,0.0,0.25835303585189645,0.26794936217945925,0.0,0.30018417303159267,0.3192993147911539,0.2720081613282212,0.3167480572713112,0.2597331835655115,0.2746317708318895,0.3106617138116485,0.29723186212001745,0.32359437146043624,0.31616527775019887,0.2856925689008232,0.2591835844486359,0.3534142653607536,0.2963007876126638,0.2943694596491732,0.36332263157141703,0.0,0.0,0.0,0.3463620483469967,0.30032871739689315,0.31918870922938003,0.34085133963123215,0.0,0.0,0.0,0.3035050830995576,0.32604884730169853,0.0,0.0,0.0,0.0,0.0,0.0,0.0,0.0,0.0,0.0,0.0,0.0,0.0,0.3206101962883012,0.0,0.28669682069274366,0.0,0.0,0.0,0.3370721885053209,0.0,0.0,0.2916616348450632,0.31778981809502227,0.0,0.0,0.0,0.0,0.2847857092516962
0.24494755832812032,0.2913038422881912,0.0,0.0,0.0,0.0,0.0,0.0,0.0,0.22253688248083528,0.0,0.24459699234404306,0.0,0.0,0.0,0.25835303585189645,0.0,0.2483115060271411,0.0,0.2915717499887946,0.33806734753450046,0.27802077032222827,0.0,0.2265489531129717,0.2375469848281401,0.2366221902549554,0.0,0.28538368122526464,0.33443617208535875,0.0,0.23199575017466548,0.2804742693619938,0.22866260701336186,0.25820598698398667,0.27456264573337913,0.0,0.0,0.0,0.274595877657912,0.2498541876393915,0.2875990025767782,0.28343077050527843,0.0,0.0,0.0,0.28468766890868025,0.0,0.0,0.0,0.0,0.0,0.0,0.0,0.0,0.26910716154962155,0.0,0.28579136161377616,0.0,0.0,0.0,0.0,0.26656967928774516,0.26279965522664006,0.0,0.0,0.0,0.0,0.0,0.28096044429595723,0.24263721382944586,0.2745507814987381,0.0,0.0,0.0,0.0,0.299181492770998
0.26129147570196715,0.28338696762749893,0.0,0.0,0.3529337409166803,0.299869214949035,0.3314871438670148,0.3371612700853293,0.0,0.2399248306275976,0.0,0.2388201935016949,0.32856010594825275,0.0,0.3024024787649908,0.26794936217945925,0.2483115060271411,0.0,0.0,0.29830438207216264,0.3049916506295878,0.2952714267438083,0.30958833476093595,0.22641598457182818,0.2528061593823026,0.26531518893195977,0.2953796325415981,0.3189201841610894,0.31554738144584693,0.33004271929586043,0.25220516542627874,0.303516416733348,0.23844912892272846,0.2743827304144394,0.3058881097554045,0.0,0.0,0.0,0.28767986956803654,0.25777958398322925,0.2842585552207316,0.29640788931847784,0.0,0.0,0.0,0.2783696062608476,0.2915270177935454,0.0,0.0,0.0,0.0,0.0,0.0,0.0,0.26240178070348275,0.0,0.2760435914422049,0.0,0.0,0.0,0.2927748417875638,0.23430826187954362,0.2649325937824664,0.0,0.0,0.0,0.3236523092690329,0.0,0.2785978276829208,0.26557412809877384,0.2718478654530281,0.0,0.0,0.0,0.0,0.2754519841809801
0.0,0.0,0.2503667298208348,0.0,0.27316545147836907,0.24410630505129946,0.27037432752335444,0.2822878899730938,0.21579862175613854,0.0,0.23461841932498628,0.0,0.27501165663847144,0.2411025806869529,0.0,0.0,0.0,0.0,0.0,0.0,0.0,0.0,0.22724782703715998,0.0,0.0,0.0,0.2557371504819849,0.270966747997291,0.0,0.0,0.0,0.0,0.0,0.0,0.0,0.2155109135781359,0.2732706487518205,0.0,0.0,0.0,0.0,0.0,0.0,0.0,0.0,0.0,0.0,0.31466001999831444,0.0,0.0,0.3268047295684114,0.0,0.30812346819722736,0.3307340829667881,0.0,0.2758650811954515,0.0,0.0,0.29597331436731017,0.0,0.0,0.0,0.0,0.3199217427259719,0.0,0.0,0.0,0.3300694482057349,0.0,0.0,0.0,0.32762808833233625,0.0,0.0,0.0,0.0
0.297484214530156,0.29741429351621146,0.0,0.0,0.29270609535108777,0.2910169574467366,0.31831791183494884,0.27302035721762624,0.27281178504306813,0.0,0.0,0.0,0.3193362894833661,0.0,0.23823335510902358,0.30018417303159267,0.2915717499887946,0.29830438207216264,0.0,0.0,0.2839318850101468,0.2804463084939915,0.21733761670377558,0.0,0.28491208795539846,0.3040832541312637,0.24822490503662986,0.28323223505577527,0.2743556429072566,0.25826008931919214,0.2755384820419434,0.3283019413411001,0.29374538356836166,0.3136016809772694,0.3570779071306594,0.0,0.0,0.0,0.33380657839730576,0.3336282789025714,0.3439775230387173,0.35808510635106877,0.0,0.0,0.0,0.3526248619955219,0.334516056530801,0.0,0.0,0.0,0.32523187051616875,0.0,0.0,0.0,0.0,0.0,0.0,0.38585168310325413,0.0,0.330330859157039,0.0,0.0,0.0,0.0,0.31497722751364116,0.31031070243976194,0.3454947393079475,0.321345683718892,0.0,0.0,0.347884150935952,0.3204986647680225,0.3398483857699826,0.32648109572647543,0.0,0.34193040363290506
0.3036374103121472,0.2975297934968466,0.0,0.0,0.38495321697476365,0.2821138286367453,0.33830469682865427,0.2914296832579891,0.3258377727503996,0.3469230520094305,0.0,0.0,0.3197025347131167,0.31928038162114136,0.25635542934712063,0.3192993147911539,0.33806734753450046,0.3049916506295878,0.0,0.2839318850101468,0.0,0.30052149582726323,0.27051275542911707,0.35435493218890635,0.29460064313691064,0.2693729649515064,0.27970911286964556,0.31335306357761245,0.30379439444230166,0.3264332650927166,0.3412311584625573,0.32801050159435746,0.28091078212314574,0.32864531215073434,0.35410039510623614,0.37519077651833377,0.0,0.0,0.32797425342147896,0.27788980708030253,0.326764962432034,0.35964350056645356,0.0,0.0,0.0,0.28819824899656576,0.3067814527053272,0.0,0.0,0.0,0.29122255573562206,0.0,0.1661319747196773,0.0,0.0,0.0,0.0,0.36400748740741157,0.0,0.30957409124223095,0.31221117302419915,0.0,0.0,0.0,0.28539370503036426,0.14865043412567752,0.3130887811229399,0.2955403647215605,0.0,0.0,0.32324751130026685,0.29888866738151076,0.33825993051313485,0.2770038485182425,0.0,0.31390422261515555
0.30765271878958433,0.2767659638392639,0.0,0.0,0.3224924476301414,0.30202431708137845,0.3398903586628818,0.3273431513338333,0.29265162556856633,0.2954599034119117,0.0,0.0,0.34240153697777215,0.0,0.22396387054805797,0.2720081613282212,0.27802077032222827,0.2952714267438083,0.0,0.2804463084939915,0.30052149582726323,0.0,0.29699798172445196,0.0,0.28473031138738975,0.29488184073369506,0.29730809681993997,0.3238455477986707,0.3065226182799372,0.3029081894959521,0.2745596598691309,0.34216401581559214,0.3092719163518384,0.32253184130095514,0.36145164852511474,0.3805565880356946,0.3238036508950483,0.0,0.3519650204001429,0.33310987731611047,0.3551204204707564,0.37428180354893326,0.41965298687170377,0.0,0.0,0.31374609006259424,0.3429819022899928,0.0,0.0,0.0,0.3299168806328207,0.0,0.29399543398113864,0.0,0.0,0.0,0.0,0.0,0.0,0.3524503374270547,0.3281771749575475,0.0,0.34835649979905914,0.0,0.33585802289247396,0.3191105836677808,0.35040110350551057,0.32368186371578056,0.25772068146624544,0.31402591620295045,0.3559913217357036,0.32753261117340937,0.0,0.3318835414671814,0.0,0.33937523969897304
0.32240202360728387,0.2932842225098472,0.2531989976415555,0.2721561267625116,0.27411581091890974,0.2807706528998748,0.2870284739884965,0.26646120651653393,0.2627103840945908,0.2808068006279637,0.268680207638671,0.0,0.29586250584042195,0.27584039109116726,0.26666878755810314,0.3167480572713112,0.0,0.30958833476093595,0.22724782703715998,0.21733761670377558,0.27051275542911707,0.29699798172445196,0.0,0.35254495647574063,0.3098014166107687,0.3077594245575869,0.2521157204129548,0.2960534907457611,0.28419477023572354,0.2924042333249986,0.29931343711364744,0.2915678421840767,0.2668021088187506,0.3147904107465195,0.32031088414173964,0.2903438762557304,0.28316234739097357,0.0,0.33325083950243756,0.26018119943269763,0.34408376049617145,0.347451396955417,0.280435536014092,0.0,0.0,0.0,0.0,0.3411739669797103,0.0,0.35831709453189514,0.33325144651515853,0.34031506162970315,0.3394577116035768,0.34524232597500704,0.0,0.3460958794531613,0.0,0.33445801967297634,0.34891888576603036,0.31391694502175665,0.0,0.0,0.0,0.3404293785051095,0.3095578588103088,0.3028448277369228,0.3267045518817601,0.33603742009388327,0.0,0.0,0.0,0.3370973200520439,0.3352633242511561,0.3221798063850019,0.35088552899308784,0.34499759025805216
0.2698716469434295,0.277808383084277,0.0,0.0,0.0,0.0,0.0,0.36948761999241053,0.0,0.2277167454344081,0.0,0.20458508611532844,0.0,0.0,0.33450118655182187,0.2597331835655115,0.2265489531129717,0.22641598457182818,0.0,0.0,0.35435493218890635,0.0,0.35254495647574063,0.0,0.22797724393435065,0.24335809230968605,0.36739568850207294,0.2612927820358857,0.435360748835426,0.0,0.2600997911497432,0.2590196999907242,0.1754575629671311,0.19428744873569384,0.2150277846592827,0.0,0.18888159093276946,0.17383024692737822,0.2842480844065969,0.2279354127845606,0.2619216205601392,0.24237064018079213,0.0,0.0,0.2160406481258461,0.276161694365216,0.0,0.0,0.0,0.0,0.0,0.0,0.0,0.0,0.2715770036132926,0.0,0.26662328897270154,0.0,0.0,0.0,0.0,0.26658400851827246,0.2614007731648321,0.0,0.0,0.0,0.0,0.0,0.28770266994566934,0.26575881892131703,0.2721397411403704,0.0,0.0,0.0,0.0,0.27281288585964797
0.2571559868278043,0.25925012756409593,0.0,0.0,0.319521998707336,0.2871813860318167,0.3134396598157035,0.34299790563447874,0.0,0.2379152570011698,0.0,0.24275255049227912,0.3209192089335088,0.0,0.28762825148935967,0.2746317708318895,0.2375469848281401,0.2528061593823026,0.0,0.28491208795539846,0.29460064313691064,0.28473031138738975,0.3098014166107687,0.22797724393435065,0.0,0.2635507450939461,0.2822517316961072,0.3151374094722579,0.30037578303839074,0.0,0.2558322217857625,0.29949044684236353,0.22943127459275706,0.2665942588699665,0.29272752970241006,0.0,0.0,0.2094453043796694,0.29395119616315474,0.26063051227761364,0.28102134923076805,0.29280841954318665,0.0,0.0,0.0,0.2724277999680783,0.27775629048745437,0.0,0.0,0.0,0.0,0.0,0.0,0.0,0.27248279254176394,0.0,0.2783941865527951,0.0,0.0,0.0,0.2897500516373393,0.25423894805350666,0.26650573721440585,0.0,0.0,0.0,0.30132415346161784,0.0,0.27614855252338294,0.266453843178237,0.2783776335289931,0.0,0.0,0.3151609957279405,0.0,0.27695190533340114
0.2615739656404878,0.28340539839407997,0.0,0.0,0.32558099076463115,0.2952515368728889,0.32114975774529225,0.3393606353264102,0.31462382897108127,0.24169724698017286,0.0,0.23183006886673238,0.3314421611248319,0.0,0.26248180898325824,0.3106617138116485,0.2366221902549554,0.26531518893195977,0.0,0.3040832541312637,0.2693729649515064,0.29488184073369506,0.3077594245575869,0.24335809230968605,0.2635507450939461,0.0,0.3075896728440791,0.30004671307973885,0.3109221560813698,0.0,0.285459679610518,0.32962835461550805,0.25733447776068413,0.30456276322833986,0.34139922956241264,0.3624792457414316,0.0,0.2191539190123938,0.2991072492573867,0.263928616806824,0.2751041084705985,0.2939693393687309,0.0,0.0,0.0,0.2869398011929446,0.3257150014586253,0.0,0.0,0.0,0.0,0.0,0.0,0.0,0.28405560632418064,0.0,0.2835539216019719,0.0,0.0,0.34851991890678913,0.3006145658033649,0.25878222703054027,0.26212023579266786,0.0,0.3380416880535219,0.29499158494221894,0.34672491090759777,0.33512934393469107,0.2813677645418699,0.2649718922342844,0.2852540691487579,0.0,0.0,0.0,0.0,0.27712637838038595
0.3038518324286327,0.28606711582616,0.2574804040671438,0.0,0.27723908165665284,0.26347439484246526,0.2937096607560037,0.2896877828065257,0.24352842054299145,0.0,0.26002081758405565,0.0,0.29991069816735655,0.0,0.2848147710877107,0.29723186212001745,0.0,0.2953796325415981,0.2557371504819849,0.24822490503662986,0.27970911286964556,0.29730809681993997,0.2521157204129548,0.36739568850207294,0.2822517316961072,0.3075896728440791,0.0,0.2933851053146375,0.2705035773478983,0.2873206667123585,0.289462079069528,0.3060088302679909,0.265522742657056,0.31060355202525125,0.3231960404248335,0.32823894002126386,0.2868553281486711,0.0,0.33540135855327224,0.301471979766675,0.34770352185382236,0.35299902199516736,0.30352622634670345,0.0,0.0,0.0,0.0,0.0,0.0,0.36262664221630575,0.32866293813568276,0.3479031704403761,0.31703733196189127,0.33930435026783196,0.0,0.311333929552863,0.0,0.33794087211314294,0.0,0.3169525075458358,0.0,0.0,0.0,0.3500868772673975,0.0,0.3060744612217052,0.32470199187077975,0.3313010504578294,0.0,0.0,0.0,0.3321008067298839,0.34060561562722963,0.3275014340531859,0.36026222457846047,0.3424748213418799
0.33989354945699757,0.3209762292757407,0.2985940197939654,0.1816564075985143,0.2834659212878264,0.2710111306619915,0.28405443034803146,0.29959290180626885,0.276462450265969,0.2840902153704408,0.28585752764255173,0.24884433227077563,0.2523178074940545,0.2653884655989056,0.2843490706900131,0.32359437146043624,0.28538368122526464,0.3189201841610894,0.270966747997291,0.28323223505577527,0.31335306357761245,0.3238455477986707,0.2960534907457611,0.2612927820358857,0.3151374094722579,0.30004671307973885,0.2933851053146375,0.0,0.2485827040430021,0.21172416851128817,0.2674378698465344,0.23899976938560236,0.21672869249284804,0.2640402695281312,0.2437014529907076,0.18731471010804515,0.21908819106247723,0.20719453567171425,0.2911456345721377,0.18560546315159002,0.3696924120859341,0.0,0.36281575225979884,0.0,0.0,0.0,0.0,0.0,0.0,0.0,0.33483149693047826,0.0,0.33201259057335675,0.0,0.0,0.0,0.0,0.3840172324481513,0.0,0.35751026452292023,0.0,0.0,0.0,0.0,0.33141438152163544,0.0,0.0,0.33940321445387384,0.0,0.0,0.0,0.34126685875622104,0.3537448055637157,0.3390870789881119,0.0,0.37010822384985603
0.3256895373042243,0.3082510681829604,0.0,0.0,0.30510647488473835,0.2576845726982716,0.3180856315339861,0.28528615203740343,0.28100903039884184,0.0,0.0,0.0,0.2950501397091753,0.0,0.3123415703243422,0.31616527775019887,0.33443617208535875,0.31554738144584693,0.0,0.2743556429072566,0.30379439444230166,0.3065226182799372,0.28419477023572354,0.435360748835426,0.30037578303839074,0.3109221560813698,0.2705035773478983,0.2485827040430021,0.0,0.2440712408038465,0.26364921052157736,0.34763798326217726,0.31683329825288103,0.3074887850354942,0.3596902093055035,0.0,0.27383528563668924,0.0,0.34417887755731713,0.0,0.354844906833175,0.3740211626936235,0.0,0.0,0.0,0.3980580910406244,0.3618924941975496,0.0,0.0,0.0,0.32764935058762484,0.0,0.3247408401561169,0.0,0.0,0.0,0.0,0.35753648534987786,0.0,0.3282655968068951,0.0,0.0,0.0,0.0,0.3239779301232078,0.31649408904482157,0.33681940455000503,0.3344121996855843,0.0,0.0,0.0,0.33321679466021425,0.34241078471134556,0.3311991679665449,0.0,0.3517985641131515
0.0,0.0,0.0,0.0,0.0,0.28524316388596727,0.0,0.3068274787440811,0.0,0.0,0.0,0.0,0.24920972511102601,0.0,0.0,0.2856925689008232,0.0,0.33004271929586043,0.0,0.25826008931919214,0.3264332650927166,0.3029081894959521,0.2924042333249986,0.0,0.0,0.0,0.2873206667123585,0.21172416851128817,0.2440712408038465,0.0,0.20927793783798648,0.0,0.0,0.2713663125618942,0.2968759125650086,0.0,0.0,0.0,0.35317410105319386,0.0,0.0,0.0,0.0,0.0,0.0,0.0,0.0,0.0,0.0,0.0,0.36278872912976623,0.0,0.0,0.0,0.0,0.0,0.0,0.0,0.0,0.0,0.0,0.0,0.0,0.0,0.0,0.0,0.0,0.3408309797213528,0.0,0.0,0.0,0.3439406418824156,0.0,0.35784062432917907,0.0,0.0
0.285726224578145,0.28134367353941925,0.0,0.24974400444641656,0.30247155058699543,0.2949203357612752,0.2948943648434887,0.313683045782197,0.26886023589557684,0.24015179467933473,0.2887302868380512,0.24969642172978668,0.28006406550226953,0.0,0.31383355957769193,0.2591835844486359,0.23199575017466548,0.25220516542627874,0.0,0.2755384820419434,0.3412311584625573,0.2745596598691309,0.29931343711364744,0.2600997911497432,0.2558322217857625,0.285459679610518,0.289462079069528,0.2674378698465344,0.26364921052157736,0.20927793783798648,0.0,0.2957098552282582,0.24374227692696263,0.23027534490131332,0.22627603656663545,0.2290133945796266,0.23515095016248216,0.22474670428500035,0.3295764482504674,0.27734193972612675,0.3129994113726518,0.3438732161446651,0.0,0.0,0.21261861929767656,0.2968648882735557,0.34510835782831445,0.0,0.0,0.0,0.3436651660495685,0.0,0.3105609297315646,0.0,0.28185342201421154,0.0,0.27579815564105425,0.41980730300558416,0.0,0.3493224309924802,0.3310111725175333,0.2754582178148126,0.2743292504883225,0.0,0.3188931678121455,0.30961333313837286,0.34338766819135524,0.33639212153989323,0.28007885567567775,0.27277105502608484,0.2658964853162083,0.33891419832492065,0.3659103862146967,0.33777989930205005,0.0,0.30096831326790247
0.3219944305333568,0.35293299433140096,0.0,0.18911267549989078,0.2599065275403547,0.285653807635375,0.25462939427692094,0.27740307135136344,0.25752945142868455,0.22054223192731437,0.1966176466985509,0.2000385961010513,0.2530508300295259,0.1264210541476873,0.3313882217059127,0.3534142653607536,0.2804742693619938,0.303516416733348,0.0,0.3283019413411001,0.32801050159435746,0.34216401581559214,0.2915678421840767,0.2590196999907242,0.29949044684236353,0.32962835461550805,0.3060088302679909,0.23899976938560236,0.34763798326217726,0.0,0.2957098552282582,0.0,0.2306432940921308,0.22985312703141475,0.28233533544041006,0.13860543513200485,0.2049412512865753,0.19726723623533945,0.28838916014556415,0.32470427756385617,0.3360966831274747,0.32061088937183285,0.0,0.22187736845115055,0.2458022970569333,0.32078859546330896,0.3443102927987655,0.0,0.0,0.0,0.3310068140456216,0.0,0.3389989125034983,0.0,0.26374595069305734,0.0,0.0,0.35079574500647664,0.0,0.3511372221219644,0.3265711787387429,0.2961884345810238,0.29821656197839225,0.0,0.3325812840798545,0.350904220867265,0.3631832959462165,0.34030231015266665,0.2931939505273418,0.3022248373709494,0.32535754630479197,0.34373598437264374,0.3488802234546611,0.34774247142810877,0.3547178508379349,0.3441534597440417
0.25193362176557443,0.2753614589852232,0.0,0.0,0.0,0.0,0.0,0.33530749380806313,0.0,0.2188498048124891,0.0,0.20274388800607338,0.0,0.0,0.2872170638623842,0.2963007876126638,0.22866260701336186,0.23844912892272846,0.0,0.29374538356836166,0.28091078212314574,0.3092719163518384,0.2668021088187506,0.1754575629671311,0.22943127459275706,0.25733447776068413,0.265522742657056,0.21672869249284804,0.31683329825288103,0.0,0.24374227692696263,0.2306432940921308,0.0,0.1591176699753105,0.21826161823443088,0.1754663205294187,0.18302011817771455,0.13613481361773935,0.29819046532569166,0.19386108214341982,0.2718941406952434,0.31036552556677355,0.0,0.0,0.15958207967206736,0.2588996281155323,0.31151297812459244,0.0,0.0,0.0,0.32658619952541135,0.0,0.0,0.0,0.23425734161590675,0.0,0.21358443103279767,0.0,0.0,0.3411745613109584,0.30390669668337145,0.22079856082546018,0.26121683969338405,0.0,0.3292908898357814,0.3062289269559306,0.3487913004478217,0.0,0.23852620382030534,0.25380770873508274,0.2537036466631814,0.298505031077828,0.0,0.0,0.0,0.25247095147349696
0.28589688860982926,0.30058758363008947,0.0,0.15424730229224923,0.29024074930468813,0.3044380909027112,0.29222288168732474,0.326283340045036,0.27985558134356103,0.2234746073019106,0.28457044499314843,0.1781495980390906,0.289348468034028,0.0,0.333516883076227,0.2943694596491732,0.25820598698398667,0.2743827304144394,0.0,0.3136016809772694,0.32864531215073434,0.32253184130095514,0.3147904107465195,0.19428744873569384,0.2665942588699665,0.30456276322833986,0.31060355202525125,0.2640402695281312,0.3074887850354942,0.2713663125618942,0.23027534490131332,0.22985312703141475,0.1591176699753105,0.0,0.17592785257793353,0.2430734435387214,0.16611243036171267,0.1505318393081549,0.3303941044477863,0.2889999809917193,0.339991259070689,0.39077291376566764,0.0,0.0,0.20302641681282965,0.30633467787796487,0.34138741745410117,0.0,0.0,0.0,0.3449859142719851,0.0,0.0,0.0,0.26002329601080076,0.0,0.25437038517703053,0.4032594428555976,0.0,0.35874719303665303,0.326441272428324,0.26399988371183153,0.2858885893801885,0.0,0.3435935273673893,0.3330109171487811,0.35996872828860466,0.35158303186235734,0.27865714162660943,0.2789783510911738,0.2977285684319942,0.35371967823305966,0.35971793032154686,0.34605817430384456,0.0,0.3206455061003531
0.32742571828574557,0.32581783592858243,0.0,0.16664768994983198,0.32298860482595987,0.32751030820842864,0.404044920184804,0.3224397523293513,0.274915507600078,0.22408365417591108,0.0,0.20841590432592674,0.32379327765689736,0.0,0.3656477658720367,0.36332263157141703,0.27456264573337913,0.3058881097554045,0.0,0.3570779071306594,0.35410039510623614,0.36145164852511474,0.32031088414173964,0.2150277846592827,0.29272752970241006,0.34139922956241264,0.3231960404248335,0.2437014529907076,0.3596902093055035,0.2968759125650086,0.22627603656663545,0.28233533544041006,0.21826161823443088,0.17592785257793353,0.0,0.2718964528924583,0.20587486982158332,0.18585005120739642,0.27938307251029243,0.272751813872664,0.3545829979092621,0.3038022947495639,0.26096064036313027,0.23945872228406198,0.0,0.3116814463098348,0.3913115970071464,0.0,0.0,0.0,0.3742764097260293,0.0,0.0,0.0,0.2718928268270731,0.0,0.2450810549828494,0.0,0.0,0.38365231991126464,0.3521785060165141,0.33837765556742316,0.3039190186243713,0.0,0.35940955081073905,0.36426799324388887,0.3789747066187667,0.34789544225704083,0.2825843305000197,0.3006111595945784,0.33091015367082516,0.3498300203903525,0.0,0.3715294565137542,0.0,0.3595073871430603
0.34774383986613455,0.0,0.2353242472181576,0.12845069990135916,0.17234726942003115,0.27580939215760486,0.24525708571560872,0.18410385644447064,0.0,0.18233907540992136,0.19069601720196172,0.17576625226542145,0.23932066974282543,0.13629787896463433,0.3496329048889937,0.0,0.0,0.0,0.2155109135781359,0.0,0.37519077651833377,0.3805565880356946,0.2903438762557304,0.0,0.0,0.3624792457414316,0.32823894002126386,0.18731471010804515,0.0,0.0,0.2290133945796266,0.13860543513200485,0.1754663205294187,0.2430734435387214,0.2718964528924583,0.0,0.1339662525041918,0.0,0.0,0.0,0.0,0.0,0.2876009833118484,0.0,0.0,0.0,0.0,0.0,0.0,0.0,0.2917125151456351,0.0,0.26392498307183854,0.0,0.0,0.25207487930932254,0.0,0.0,0.21738282113767665,0.0,0.0,0.0,0.0,0.24674819816702423,0.0,0.0,0.0,0.3214198735090573,0.0,0.0,0.0,0.0,0.0,0.0,0.0,0.0
0.0,0.0,0.0,0.1205089277518155,0.2658132045938504,0.27240574658713307,0.24461063545681125,0.2983924776990495,0.2609523719679768,0.17881403360317297,0.27661850769730145,0.19252591049105053,0.24745658266444256,0.1164860874387794,0.0,0.0,0.0,0.0,0.2732706487518205,0.0,0.0,0.3238036508950483,0.28316234739097357,0.18888159093276946,0.0,0.0,0.2868553281486711,0.21908819106247723,0.27383528563668924,0.0,0.23515095016248216,0.2049412512865753,0.18302011817771455,0.16611243036171267,0.20587486982158332,0.1339662525041918,0.0,0.19693524708033078,0.1886757619736677,0.14422038407217697,0.18069123462443243,0.18529109670223906,0.0,0.20241070907706188,0.0,0.0,0.0,0.0,0.0,0.0,0.0,0.0,0.0,0.0,0.0,0.0,0.0,0.0,0.0,0.0,0.0,0.0,0.0,0.0,0.0,0.0,0.0,0.0,0.0,0.0,0.0,0.0,0.0,0.0,0.0,0.0
0.0,0.0,0.0,0.0,0.0,0.0,0.0,0.0,0.0,0.21352514368803244,0.0,0.18339008455779499,0.0,0.0,0.0,0.0,0.0,0.0,0.0,0.0,0.0,0.0,0.0,0.17383024692737822,0.2094453043796694,0.2191539190123938,0.0,0.20719453567171425,0.0,0.0,0.22474670428500035,0.19726723623533945,0.13613481361773935,0.1505318393081549,0.18585005120739642,0.0,0.19693524708033078,0.0,0.22407363468359295,0.1543847962585478,0.1887429049483141,0.21006333072140207,0.0,0.0,0.0,0.0,0.0,0.0,0.0,0.0,0.0,0.0,0.0,0.0,0.2246827248616898,0.0,0.19223204651176518,0.0,0.0,0.0,0.0,0.0,0.0,0.0,0.0,0.0,0.0,0.0,0.0,0.23149979206095825,0.23434938100037608,0.0,0.0,0.0,0.0,0.0
0.3048005911888678,0.33281815145804755,0.0,0.0,0.0,0.3320440716973904,0.0,0.33821833328644435,0.0,0.2577036121195483,0.0,0.23548108162182976,0.3532826600067505,0.0,0.3460027859194748,0.3463620483469967,0.274595877657912,0.28767986956803654,0.0,0.33380657839730576,0.32797425342147896,0.3519650204001429,0.33325083950243756,0.2842480844065969,0.29395119616315474,0.2991072492573867,0.33540135855327224,0.2911456345721377,0.34417887755731713,0.35317410105319386,0.3295764482504674,0.28838916014556415,0.29819046532569166,0.3303941044477863,0.27938307251029243,0.0,0.1886757619736677,0.22407363468359295,0.0,0.22281538122312608,0.2577728809066481,0.2824931192875026,0.14218528706729963,0.21723006869441436,0.18125813563429452,0.3031056703592329,0.30727895705813596,0.28218209188376936,0.18523222550672064,0.2680902853129992,0.2945142644304879,0.28422514281589273,0.3098725551535084,0.27958880818493675,0.23551054465002236,0.28030670983294725,0.18700976310004944,0.2692379052314451,0.1308151758097819,0.3236398776819875,0.30896180181475325,0.2745448439687662,0.29399627151102603,0.27631695340219875,0.32088329384965486,0.30781721822408975,0.32756657925552396,0.2886094522419433,0.2573070135965478,0.289280901954537,0.3076358494375415,0.2971917805879594,0.2566232905607732,0.31969957383120257,0.328378757896656,0.2711474358655577
0.2511670663751707,0.3070332517766118,0.0,0.0,0.0,0.0,0.0,0.0,0.0,0.23746227004335366,0.0,0.2308783563972424,0.0,0.0,0.32420477688560057,0.30032871739689315,0.2498541876393915,0.25777958398322925,0.0,0.3336282789025714,0.27788980708030253,0.33310987731611047,0.26018119943269763,0.2279354127845606,0.26063051227761364,0.263928616806824,0.301471979766675,0.18560546315159002,0.0,0.0,0.27734193972612675,0.32470427756385617,0.19386108214341982,0.2889999809917193,0.272751813872664,0.0,0.14422038407217697,0.1543847962585478,0.22281538122312608,0.0,0.1575547098472668,0.22706540344890586,0.447513639401668,0.0,0.15056461882603953,0.22945558287866016,0.22940102973726895,0.0,0.0,0.24611051663868153,0.2606375433681152,0.0,0.3147208657884861,0.0,0.21988884398263572,0.0,0.1760942430899654,0.28818476869873544,0.0,0.2668265334889506,0.2629947334466909,0.24324488470544697,0.24749272328319885,0.0,0.25746928424396404,0.24515859181029642,0.276408572338797,0.25555977775340644,0.18146056178507208,0.22777400562282066,0.23490632724269098,0.24849088638469807,0.2664278003247384,0.2827804253234485,0.0,0.24144045102514763
0.29687376192727444,0.34881510129063453,0.0,0.0,0.0,0.3435179047082646,0.0,0.3557925216523851,0.0,0.25713935877393723,0.0,0.2586697164843904,0.0,0.0,0.3416265909201161,0.31918870922938003,0.2875990025767782,0.2842585552207316,0.0,0.3439775230387173,0.326764962432034,0.3551204204707564,0.34408376049617145,0.2619216205601392,0.28102134923076805,0.2751041084705985,0.34770352185382236,0.3696924120859341,0.354844906833175,0.0,0.3129994113726518,0.3360966831274747,0.2718941406952434,0.339991259070689,0.3545829979092621,0.0,0.18069123462443243,0.1887429049483141,0.2577728809066481,0.1575547098472668,0.0,0.23970575725565993,0.3017999864044786,0.20144122341828355,0.14572437987830733,0.2942381241054867,0.2855942231618829,0.30636482051077457,0.15721712178142713,0.2738560055373295,0.29702959217387914,0.2856316273241587,0.31914518213181436,0.29171159987205836,0.20955921254952092,0.2849075212037844,0.18666783346535357,0.28947658224421546,0.23373805782269555,0.3157290670635979,0.2612378987501752,0.2568392946030732,0.2733047450774892,0.28024842584516557,0.2915985152562361,0.3008259272527767,0.3029216503370003,0.3079215044539881,0.211431669895141,0.26848120562510414,0.28701463357642176,0.2989876390412756,0.2461140344210483,0.2891819574114013,0.29064018183332624,0.23797504052950383
