0.0,0.255972744507001,0.0,0.0,0.0,0.0,0.0,0.37221004386358275,0.0,0.0,0.0,0.25258119370100945,0.0,0.3451869315969186,0.2560736712625831,0.2618383408712153,0.0,0.26782402192907917,0.0,0.28936992174283105,0.30296469065320686,0.2692462854617059,0.34078009857423863,0.2336511433043227,0.2610427415844583,0.2500928507222297,0.3044518646256076,0.0,0.0,0.0,0.24761380185008022,0.29002222742851064,0.24406361563299203,0.24848681092597216,0.29488888377149924,0.0,0.0,0.0,0.30378669352731735,0.2869398597280438,0.30848939879898674,0.0,0.0,0.0,0.0,0.28835156180546584,0.3210589575015497,0.0,0.0,0.0,0.0,0.0,0.0,0.0,0.0,0.0,0.0,0.0,0.0,0.33518655128275876,0.31172043466788046,0.0,0.32576197611681323,0.0,0.2754694056047437,0.28819780003540957,0.30275835951014424,0.0,0.0,0.30729170626227226,0.32945194486925533,0.0,0.0,0.3206933092060195,0.0,0.30474205127082626
0.255972744507001,0.0,0.0,0.0,0.28870632654495443,0.27518621983864133,0.2912584775328627,0.32656477076193763,0.2843057799166078,0.0,0.0,0.0,0.2970370790842787,0.0,0.26875151914114276,0.274071677480634,0.0,0.2712640126644357,0.0,0.2866438081703663,0.2810278268985075,0.2729375004540683,0.2783896458854635,0.0,0.27454629090935323,0.27699469004392846,0.277519157468636,0.29762216093926613,0.2914801719399343,0.0,0.24987704582258874,0.29376755291470663,0.23393906878754972,0.25555899186920855,0.2900908252157004,0.0,0.0,0.0,0.3035564365723991,0.28283453774600914,0.2950367339201991,0.315463117500626,0.0,0.0,0.0,0.29782645193999724,0.30126995195277667,0.0,0.0,0.0,0.0,0.0,0.0,0.0,0.34889751009066533,0.0,0.27216391332492973,0.0,0.0,0.32375932818423847,0.30332473046220926,0.0,0.2947357405850465,0.0,0.30774759605578167,0.3169272077631465,0.30136910898905167,0.32894937630508986,0.0,0.29792442488267706,0.31693520192125857,0.0,0.0,0.31363812776556155,0.0,0.2908749855583284
0.0,0.0,0.0,0.30430527171442895,0.26590731514645255,0.24927512009689648,0.2930397222979568,0.29882991591324365,0.20958660196423784,0.324885250024365,0.2697132385784798,0.0,0.2970121983590938,0.27252025967938176,0.0,0.0,0.0,0.0,0.20150663470605604,0.0,0.0,0.30411552558330013,0.2275326325010331,0.0,0.0,0.0,0.23834800650122323,0.3099043327262109,0.296676506485186,0.3292634604706619,0.31855016509953377,0.3005277978774604,0.0,0.3149610919896099,0.32704654980672054,0.2822843437418848,0.3119180903598152,0.0,0.0,0.0,0.0,0.0,0.3332531725172631,0.0,0.0,0.0,0.0,0.16633794852782055,0.0,0.0,0.3863108496487404,0.0,0.35888886578634466,0.363378872825754,0.0,0.30828550341677613,0.0,0.0,0.0,0.0,0.0,0.0,0.0,0.28406504808265765,0.0,0.0,0.0,0.35697496010401586,0.0,0.0,0.0,0.36625018754180055,0.0,0.0,0.0,0.0
0.0,0.0,0.30430527171442895,0.0,0.19354085535408147,0.27754334110168644,0.17744872143668294,0.2322322492713855,0.2859075424432219,0.17904495529644812,0.2586486390724821,0.1759928345180791,0.21109292774754704,0.19190521355793302,0.0,0.0,0.22721560488041131,0.0,0.28143392877804974,0.3345434566069905,0.0,0.31004604204670094,0.2627551616319287,0.0,0.0,0.0,0.28190468535034563,0.17788808956357574,0.0,0.0,0.22093167510465803,0.19758656053998452,0.16544767321999568,0.1598308183045965,0.24990806760543688,0.13296388998415307,0.13057426976754083,0.15914774761769657,0.0,0.0,0.0,0.0,0.0,0.0,0.0,0.0,0.0,0.0,0.0,0.0,0.0,0.0,0.0,0.0,0.0,0.0,0.0,0.0,0.0,0.0,0.0,0.0,0.0,0.0,0.0,0.0,0.0,0.0,0.0,0.0,0.0,0.0,0.0,0.0,0.0,0.0
0.0,0.28870632654495443,0.26590731514645255,0.19354085535408147,0.0,0.26305080987154944,0.2212095574863429,0.22599585161813449,0.2579212229512912,0.2924094438114625,0.2360531876049064,0.2741649615664202,0.2498504240774823,0.2149463042089963,0.0,0.0,0.0,0.0,0.2627596264163417,0.2697090873511327,0.0,0.2808858382946791,0.28135113720636173,0.0,0.0,0.0,0.2725585802282171,0.2460835038790566,0.28157971409240234,0.28368144548655966,0.28897937284531233,0.26213003841921534,0.0,0.28336561257628334,0.3091851271375726,0.18084926172205915,0.25485494967577144,0.0,0.0,0.0,0.0,0.0,0.0,0.0,0.0,0.0,0.0,0.0,0.0,0.0,0.0,0.0,0.0,0.0,0.0,0.0,0.0,0.0,0.0,0.0,0.0,0.0,0.0,0.0,0.0,0.0,0.0,0.36019291290443484,0.0,0.0,0.0,0.0,0.0,0.0,0.0,0.0
0.0,0.27518621983864133,0.24927512009689648,0.27754334110168644,0.26305080987154944,0.0,0.2834174025436256,0.2946707067370402,0.2550160916495536,0.3026088766215089,0.2766507804598179,0.33363177385705156,0.2765301747235103,0.2681804352981854,0.2681281507987071,0.2861898221606003,0.0,0.2793551644242722,0.2742367421292176,0.2909954127061777,0.289139404100298,0.28840752554569776,0.28098291075898363,0.0,0.2826311873234832,0.2724851030687722,0.27070613293887263,0.2750664486980943,0.2632118870705722,0.2915839887343139,0.29900022241201957,0.2910932261116067,0.27335659597586465,0.30329120222378403,0.3253133792770693,0.2898583910817513,0.2978596752726563,0.3234965435396935,0.3275575098389032,0.0,0.3471976362550388,0.3728419062509171,0.0,0.0,0.0,0.0,0.0,0.36189244534607157,0.0,0.0,0.3374260546145935,0.0,0.3291527448219055,0.3666690669870398,0.0,0.3524122330590259,0.0,0.0,0.0,0.30977077009593496,0.0,0.0,0.0,0.3788384202203379,0.33077520608613975,0.32871755718449397,0.0,0.3522396171529315,0.0,0.0,0.0,0.345062645898507,0.0,0.3325070248814876,0.3504240609663793,0.3525989219320944
0.0,0.2912584775328627,0.2930397222979568,0.17744872143668294,0.2212095574863429,0.2834174025436256,0.0,0.2554199583538027,0.2670251684182915,0.27177041851742195,0.2885631125639995,0.2749406384516552,0.22803503631092287,0.23795822730179228,0.0,0.31177781934983073,0.3039218947042505,0.0,0.2994097244359096,0.2915954365096873,0.0,0.30741817981994113,0.2700224530090745,0.2719388757596168,0.29316327510456974,0.29164891434244206,0.28090962409668035,0.24060462724855497,0.2842334525337481,0.2698510825071548,0.23356079183607564,0.25670005241508814,0.26088688021456,0.2545293904059223,0.2798332091126582,0.20196854253170554,0.18925493269573213,0.21722411671154213,0.0,0.0,0.0,0.0,0.0,0.0,0.0,0.0,0.0,0.0,0.0,0.0,0.0,0.0,0.0,0.0,0.0,0.0,0.0,0.0,0.0,0.0,0.0,0.0,0.0,0.0,0.0,0.0,0.0,0.0,0.0,0.0,0.0,0.0,0.0,0.0,0.0,0.0
0.37221004386358275,0.32656477076193763,0.29882991591324365,0.2322322492713855,0.22599585161813449,0.2946707067370402,0.2554199583538027,0.0,0.3306791149055751,0.0,0.24067375917155673,0.0,0.27747367254729216,0.23837982993450552,0.30460327591273795,0.33513224656450114,0.0,0.3396976720266845,0.27495679611189205,0.3011806804839881,0.28788119950382096,0.3273763918626845,0.2621345056019719,0.3588364622639881,0.3482681333362933,0.3455807806342052,0.2986443200212114,0.2815011778586969,0.27914250840478605,0.27763948243435294,0.2955492784788197,0.2649400013776288,0.2748271917848564,0.29265438150761885,0.3126787773338718,0.13993487907903024,0.0,0.0,0.33015004550883487,0.0,0.3331253895990627,0.0,0.3287843279299092,0.45505908849341714,0.0,0.0,0.0,0.36054626543951407,0.0,0.0,0.32572964948713024,0.33817897405723224,0.28118319694896443,0.36309621134431347,0.0,0.324154071842449,0.0,0.31896759286573745,0.20511132499497173,0.31707677702738224,0.0,0.0,0.0,0.35439000843360763,0.3111331321418748,0.28265665660783906,0.27746804384606544,0.34286036986372026,0.0,0.0,0.0,0.34528624027386706,0.32323266145465446,0.31827557954645375,0.0,0.3433774949070258
0.0,0.2843057799166078,0.20958660196423784,0.2859075424432219,0.2579212229512912,0.2550160916495536,0.2670251684182915,0.3306791149055751,0.0,0.3124346066506019,0.21846804778507328,0.3155086079208174,0.2662732805874588,0.3038265294453833,0.0,0.3041366640341354,0.0,0.0,0.20841517638459348,0.2808289596112226,0.0,0.29538311253501176,0.293296468494955,0.351385754032466,0.31048633090898253,0.29347619781314577,0.2590543763363864,0.3041634227686409,0.28995219617073525,0.31777424693960865,0.32099144361007914,0.3040556058653678,0.0,0.3168697372577078,0.31821552674939146,0.2982608982780289,0.3045772216865133,0.298853979763955,0.3155254117989236,0.0,0.0,0.0,0.33058693434815506,0.0,0.0,0.0,0.0,0.285079982824183,0.0,0.0,0.3206526971870593,0.0,0.36063179973986476,0.0,0.0,0.34176354946848325,0.0,0.0,0.3132297457703312,0.0,0.0,0.0,0.0,0.3324179026332561,0.0,0.0,0.0,0.36987358242965174,0.0,0.0,0.0,0.3498921182139353,0.0,0.0,0.0,0.0
0.0,0.0,0.324885250024365,0.17904495529644812,0.2924094438114625,0.3026088766215089,0.27177041851742195,0.0,0.3124346066506019,0.0,0.311639304385287,0.21588504912281778,0.29056791522180025,0.16893682374795851,0.0,0.27647388763106834,0.23713630228170293,0.2608317683213446,0.3149837411580341,0.27191812149213124,0.0,0.2761062512773946,0.29802679436053336,0.22547360983381934,0.2375476528570213,0.2554403420960721,0.3035042991568266,0.27820589276227986,0.33820922066016634,0.0,0.24864830783341196,0.2453215237260132,0.23613366165814634,0.2210824416337538,0.19792059379213126,0.2235684924682525,0.16610301559758656,0.1936195542202254,0.0,0.2545534928526036,0.27473526861320646,0.0,0.0,0.0,0.24379794748326306,0.0,0.0,0.0,0.0,0.0,0.0,0.0,0.0,0.0,0.3013683057212825,0.0,0.2986959681079781,0.0,0.0,0.0,0.0,0.0,0.0,0.0,0.0,0.0,0.0,0.0,0.29609678557187497,0.29324198342887764,0.31232476249736085,0.0,0.28727533794380705,0.0,0.0,0.29561698725010743
0.0,0.0,0.2697132385784798,0.2586486390724821,0.2360531876049064,0.2766507804598179,0.2885631125639995,0.24067375917155673,0.21846804778507328,0.311639304385287,0.0,0.0,0.29158237209128846,0.22009077977453928,0.0,0.0,0.0,0.0,0.20435704000221758,0.0,0.0,0.47997522828042877,0.24393152417400127,0.0,0.0,0.0,0.2870542892336548,0.2899779406960785,0.0,0.0,0.31294780901397623,0.2215083524875791,0.0,0.3063369053423178,0.29994538638903406,0.19699490027131636,0.2881463475416454,0.292324660359748,0.0,0.0,0.0,0.0,0.2676468197630353,0.0,0.0,0.0,0.0,0.36686597927404274,0.0,0.0,0.0,0.0,0.2962247733361229,0.0,0.0,0.21688156335563832,0.0,0.0,0.2533881077149131,0.0,0.0,0.0,0.0,0.2580261851940292,0.0,0.0,0.0,0.3235656236599385,0.0,0.0,0.0,0.3208550481885741,0.0,0.0,0.0,0.0
0.25258119370100945,0.0,0.0,0.1759928345180791,0.2741649615664202,0.33363177385705156,0.2749406384516552,0.0,0.3155086079208174,0.21588504912281778,0.0,0.0,0.27860412074445257,0.0,0.0,0.3973433589422164,0.26237842128906474,0.2550596776210323,0.36475499890083557,0.0,0.0,0.0,0.0,0.21099062972552932,0.25291555504667973,0.22676022649314356,0.3483850013250762,0.2623624542017205,0.0,0.0,0.24486125777386872,0.205167293470607,0.19727859394755246,0.1724146003518758,0.24023231146653204,0.21124640585250434,0.2113254190351496,0.15894004594649513,0.1838891087167954,0.255490265006038,0.23995158356561397,0.21556607045448795,0.1922364857076529,0.21802867993202266,0.2575414355126365,0.0,0.0,0.0,0.0,0.0,0.0,0.0,0.0,0.0,0.3014485837924146,0.0,0.3009280352455638,0.0,0.0,0.0,0.0,0.30310251167839053,0.0,0.0,0.0,0.0,0.0,0.0,0.29083095181029717,0.3013610227800306,0.3165758292402037,0.0,0.2617561173853999,0.0,0.0,0.29845429939222884
0.0,0.2970370790842787,0.2970121983590938,0.21109292774754704,0.2498504240774823,0.2765301747235103,0.22803503631092287,0.27747367254729216,0.2662732805874588,0.29056791522180025,0.29158237209128846,0.27860412074445257,0.0,0.24551737209078608,0.0,0.31407856661812894,0.3059248797135391,0.30349160491141874,0.3017399957235207,0.29498057857851057,0.0,0.3128537185317855,0.2766179704510214,0.28847177049567,0.29884742508258527,0.29950572240469536,0.28455307735761337,0.24363017406568552,0.28008186814068287,0.2745132305445892,0.27487267045218416,0.26454932272688414,0.2485613865463903,0.2754021200853867,0.29826536903226475,0.22740578631400996,0.2507734781327803,0.25142956409022166,0.0,0.0,0.0,0.0,0.0,0.0,0.0,0.0,0.0,0.0,0.0,0.0,0.0,0.0,0.0,0.0,0.0,0.0,0.0,0.0,0.0,0.0,0.0,0.0,0.0,0.0,0.0,0.0,0.0,0.33493999857884965,0.0,0.0,0.0,0.33440700014614694,0.0,0.0,0.0,0.0
0.3451869315969186,0.0,0.27252025967938176,0.19190521355793302,0.2149463042089963,0.2681804352981854,0.23795822730179228,0.23837982993450552,0.3038265294453833,0.16893682374795851,0.22009077977453928,0.0,0.24551737209078608,0.0,0.0,0.0,0.0,0.0,0.24662868909978375,0.0,0.0,0.0,0.26103866370737444,0.0,0.0,0.0,0.2836385272742538,0.19773684039125067,0.0,0.0,0.2339691802333637,0.13238625633395085,0.0,0.24331427765863733,0.19903092199812875,0.14065822859943933,0.11540681270932604,0.0,0.0,0.0,0.0,0.0,0.0,0.0,0.0,0.0,0.0,0.0,0.0,0.0,0.0,0.0,0.0,0.0,0.0,0.0,0.0,0.0,0.0,0.0,0.0,0.0,0.0,0.0,0.0,0.0,0.0,0.0,0.0,0.0,0.0,0.0,0.0,0.0,0.0,0.0
0.2560736712625831,0.26875151914114276,0.0,0.0,0.0,0.2681281507987071,0.0,0.30460327591273795,0.0,0.0,0.0,0.0,0.0,0.0,0.0,0.2552306851216113,0.0,0.2570037273934384,0.0,0.23682330154690606,0.25206672704772826,0.24325221246303327,0.24608890389071428,0.32518478862724814,0.2572471619758234,0.24645446703202714,0.2624175479977251,0.25052971123911544,0.24488426863685223,0.2591133775104434,0.25624974599450034,0.2739907416521925,0.24843462423702437,0.2704320653038194,0.30358104247642154,0.30693441279828265,0.3452321578965353,0.0,0.30935535351218807,0.2951475528462098,0.32108056970181853,0.32864368325993515,0.36017788847038557,0.0,0.0,0.0,0.3162044074252433,0.0,0.0,0.0,0.2969810566308713,0.0,0.27444419828503647,0.0,0.0,0.0,0.0,0.0,0.0,0.3193126628707999,0.3107245613684599,0.0,0.0,0.0,0.2940286726905555,0.3060969927738843,0.31884236226843105,0.3133006560278995,0.0,0.298523597671586,0.33197197222464403,0.3067884792159188,0.3413510802577002,0.30912002826925045,0.35979429993451306,0.3227124310205341
0.2618383408712153,0.274071677480634,0.0,0.0,0.0,0.2861898221606003,0.31177781934983073,0.33513224656450114,0.3041366640341354,0.27647388763106834,0.0,0.3973433589422164,0.31407856661812894,0.0,0.2552306851216113,0.0,0.26514268816882014,0.24555675828579207,0.0,0.26712526996842484,0.26516934607237413,0.2512205399559351,0.2788807141299128,0.0,0.27441399109448383,0.2763376949946446,0.2863972511710788,0.3044555252338827,0.2941665241341848,0.29953578699669703,0.24803350597295287,0.30793891605268103,0.24870426531150042,0.26138696829957603,0.290908879865875,0.0,0.0,0.0,0.2867864578708914,0.28016718557231346,0.29113443907160513,0.3146014684871376,0.0,0.0,0.0,0.28277479259730315,0.2990281849027953,0.0,0.0,0.0,0.0,0.0,0.0,0.0,0.349589981410857,0.0,0.3614928935444751,0.0,0.0,0.32297709192257956,0.2961411314086649,0.0,0.2827852439001924,0.0,0.0,0.30133260190928124,0.30152477794641697,0.0,0.0,0.28479848295047633,0.3082403520030295,0.0,0.0,0.0,0.0,0.28538906799150227
0.0,0.0,0.0,0.22721560488041131,0.0,0.0,0.3039218947042505,0.0,0.0,0.23713630228170293,0.0,0.26237842128906474,0.3059248797135391,0.0,0.0,0.26514268816882014,0.0,0.24763756135624518,0.0,0.0,0.0,0.2745706665032787,0.0,0.2604171610149822,0.24583970323920554,0.2591336331996528,0.0,0.2966743032765625,0.0,0.0,0.25276482866799177,0.3050740250476451,0.2615302557521958,0.26548949253599546,0.2772951555633243,0.0,0.0,0.24693961825011412,0.0,0.2725826365334999,0.0,0.0,0.0,0.0,0.0,0.0,0.0,0.0,0.0,0.0,0.0,0.0,0.0,0.0,0.31726577244950616,0.0,0.30646351000198935,0.0,0.0,0.0,0.0,0.0,0.0,0.0,0.0,0.0,0.0,0.0,0.0,0.30512908580228437,0.3219886529371373,0.0,0.0,0.0,0.0,0.0
0.26782402192907917,0.2712640126644357,0.0,0.0,0.0,0.2793551644242722,0.0,0.3396976720266845,0.0,0.2608317683213446,0.0,0.2550596776210323,0.30349160491141874,0.0,0.2570037273934384,0.24555675828579207,0.24763756135624518,0.0,0.0,0.2781761852359339,0.31288795951426057,0.27052623079306837,0.32097094172235807,0.24750540896422488,0.2508241112477936,0.26322896066875245,0.2855110613053752,0.2955891763744779,0.2913556752870003,0.31126580802796483,0.2581836532503826,0.3061423663247506,0.24385796202784984,0.26782631237371013,0.28843241895885474,0.0,0.0,0.1945624044799512,0.33393935369135785,0.27290330371203175,0.3170250465294511,0.0,0.0,0.0,0.0,0.29797606262209775,0.2970689401018022,0.0,0.0,0.0,0.0,0.0,0.0,0.0,0.2812900724983786,0.0,0.2827540873499551,0.0,0.0,0.0,0.2987792462438129,0.2602715828468149,0.29740159225527635,0.0,0.0,0.0,0.0,0.0,0.0,0.2928160681709061,0.30749589412883727,0.0,0.0,0.0,0.0,0.0
0.0,0.0,0.20150663470605604,0.28143392877804974,0.2627596264163417,0.2742367421292176,0.2994097244359096,0.27495679611189205,0.20841517638459348,0.3149837411580341,0.20435704000221758,0.36475499890083557,0.3017399957235207,0.24662868909978375,0.0,0.0,0.0,0.0,0.0,0.0,0.0,0.0,0.2307220305914652,0.0,0.0,0.0,0.2666777593545445,0.3024157431396286,0.0,0.0,0.3223710124104671,0.2991076849639471,0.0,0.31815744202021407,0.30952868953422336,0.26938456743363415,0.307084155325628,0.3269454957319608,0.0,0.0,0.0,0.0,0.34781855971975145,0.0,0.0,0.0,0.0,0.2853958996066942,0.0,0.0,0.0,0.0,0.3517234595916245,0.3423422889707415,0.0,0.32536623434125167,0.0,0.0,0.2800302907261578,0.0,0.0,0.0,0.0,0.29608508263083344,0.0,0.0,0.0,0.3528945312256092,0.0,0.0,0.0,0.3532186193809356,0.0,0.0,0.0,0.0
0.28936992174283105,0.2866438081703663,0.0,0.3345434566069905,0.2697090873511327,0.2909954127061777,0.2915954365096873,0.3011806804839881,0.2808289596112226,0.27191812149213124,0.0,0.0,0.29498057857851057,0.0,0.23682330154690606,0.26712526996842484,0.0,0.2781761852359339,0.0,0.0,0.27574372862579377,0.24581519408453698,0.21214223854670067,0.0,0.28959629584893715,0.2891695527251068,0.25558756795238435,0.2725227232264823,0.22665008831498917,0.25201224399292843,0.24839742816954943,0.28621200852005196,0.25515839342089336,0.2764102761961636,0.3126370262472002,0.345944432872199,0.3111260934165187,0.0,0.31735757768318656,0.3205556981944288,0.3348078162396039,0.3332829203760501,0.0,0.0,0.0,0.0,0.0,0.0,0.0,0.0,0.312956896095578,0.0,0.32328146226999216,0.0,0.0,0.0,0.0,0.0,0.0,0.3152775225868598,0.0,0.0,0.0,0.0,0.3170491236152913,0.3173555642887807,0.31066253749488093,0.3313648362660693,0.0,0.0,0.3081093464472444,0.3260874941675576,0.3293055732581381,0.32133001920926696,0.39479825694919235,0.3341296419912846
0.30296469065320686,0.2810278268985075,0.0,0.0,0.0,0.289139404100298,0.0,0.28788119950382096,0.0,0.0,0.0,0.0,0.0,0.0,0.25206672704772826,0.26516934607237413,0.0,0.31288795951426057,0.0,0.27574372862579377,0.0,0.2849368527840828,0.28046754582769173,0.33352325057320803,0.2945773445217872,0.2769675038292388,0.2836478473617567,0.2988272957850534,0.2759196759388839,0.2987445103173727,0.23525214010066384,0.2851445974669323,0.2664411268647216,0.2671835050483212,0.3038513539292957,0.0,0.0,0.0,0.28527454163041793,0.2934155159092313,0.31433311923694274,0.33190123941233735,0.0,0.0,0.0,0.1973435675045876,0.3140806600161437,0.0,0.0,0.0,0.2697636597353677,0.0,0.16887772529603204,0.0,0.0,0.0,0.0,0.0,0.0,0.3187819075391323,0.3084775565742212,0.0,0.0,0.0,0.29017926057002824,0.25214554597468053,0.3125225499785705,0.3015962054819939,0.0,0.2877705393270863,0.32777534438774003,0.29830896918308775,0.0,0.2660822074277068,0.0,0.0
0.2692462854617059,0.2729375004540683,0.30411552558330013,0.31004604204670094,0.2808858382946791,0.28840752554569776,0.30741817981994113,0.3273763918626845,0.29538311253501176,0.2761062512773946,0.47997522828042877,0.0,0.3128537185317855,0.0,0.24325221246303327,0.2512205399559351,0.2745706665032787,0.27052623079306837,0.0,0.24581519408453698,0.2849368527840828,0.0,0.27518088566353377,0.0,0.28946506565587765,0.28080366557414566,0.2858213856238925,0.30084060906923915,0.27666563170048764,0.2794350651444597,0.25489959219649383,0.28782054852434646,0.26121104893314673,0.26943454021590263,0.3077393390482733,0.34082297126946526,0.3190393594470743,0.0,0.30331859273311146,0.30188192448155177,0.3004046794680574,0.32026403148977933,0.36892077502706805,0.0,0.0,0.2953520735970718,0.3050582596788061,0.0,0.0,0.0,0.30533583056503766,0.0,0.2916715482919156,0.0,0.6280601915459811,0.0,0.0,0.0,0.0,0.3206129274532748,0.3019002788318584,0.0,0.290994822121821,0.0,0.3093327231905629,0.3128985719923662,0.3096232857787683,0.325584039950005,0.0,0.269910900454833,0.31634300573272983,0.3155999432822308,0.0,0.314572846012684,0.0,0.29896432782441623
0.34078009857423863,0.2783896458854635,0.2275326325010331,0.2627551616319287,0.28135113720636173,0.28098291075898363,0.2700224530090745,0.2621345056019719,0.293296468494955,0.29802679436053336,0.24393152417400127,0.0,0.2766179704510214,0.26103866370737444,0.24608890389071428,0.2788807141299128,0.0,0.32097094172235807,0.2307220305914652,0.21214223854670067,0.28046754582769173,0.27518088566353377,0.0,0.34731987639259043,0.29121922974304426,0.2970027762473881,0.2491131180699891,0.28310023808026524,0.27110652529765883,0.27878484979730617,0.2830763845125065,0.2800573423445357,0.2593469014374969,0.29370593871133005,0.311363310878744,0.2726987330912176,0.28662487168595213,0.0,0.3372324648458162,0.29480009325612194,0.3438399826034906,0.34915842963062454,0.33383582997427286,0.0,0.0,0.0,0.0,0.3591835344969071,0.0,0.0,0.3445958304325754,0.35166095393858443,0.3268318384284856,0.3691971593099672,0.0,0.33430407635708814,0.0,0.34073478716604355,0.30700694061984096,0.321225360904272,0.0,0.0,0.0,0.342878837494957,0.3309853900328985,0.3172485449597519,0.31959318161452877,0.3543350385484683,0.0,0.0,0.3156150609099633,0.35010578459033553,0.3389722059940531,0.33294232520963235,0.3385312679512192,0.3468348607070255
0.2336511433043227,0.0,0.0,0.0,0.0,0.0,0.2719388757596168,0.3588364622639881,0.351385754032466,0.22547360983381934,0.0,0.21099062972552932,0.28847177049567,0.0,0.32518478862724814,0.0,0.2604171610149822,0.24750540896422488,0.0,0.0,0.33352325057320803,0.0,0.34731987639259043,0.0,0.24324828822338135,0.24398496959316515,0.0,0.2781398851715533,0.0,0.0,0.25837805738362246,0.21401967240435985,0.15672141438203724,0.18570465029726124,0.2576586455451359,0.2184645889665094,0.18472659162114635,0.1682652421543475,0.33639309158004616,0.2212000088252663,0.25880404036210664,0.0,0.0,0.17020955906027188,0.21100671923613662,0.2959284885604151,0.3032768052310788,0.0,0.0,0.0,0.0,0.0,0.0,0.0,0.2919170813893065,0.0,0.2855081535477473,0.0,0.0,0.0,0.3323054761523938,0.31490878854482374,0.32477188400034285,0.0,0.0,0.307434188890662,0.38000083661977047,0.0,0.2745859422664531,0.31790403101192355,0.3223471198756188,0.0,0.23608341075550524,0.0,0.0,0.2901141228092474
0.2610427415844583,0.27454629090935323,0.0,0.0,0.0,0.2826311873234832,0.29316327510456974,0.3482681333362933,0.31048633090898253,0.2375476528570213,0.0,0.25291555504667973,0.29884742508258527,0.0,0.2572471619758234,0.27441399109448383,0.24583970323920554,0.2508241112477936,0.0,0.28959629584893715,0.2945773445217872,0.28946506565587765,0.29121922974304426,0.24324828822338135,0.0,0.26427291463523117,0.27925775633623634,0.2958217012841194,0.29410874693411104,0.3706030119707023,0.2627053448599215,0.2942101619408655,0.23335393521183329,0.25922815541288563,0.2839216362245846,0.31675206292097136,0.0,0.23383426751318337,0.3112905525070635,0.2702442589523317,0.29961524839790493,0.3241559862264211,0.0,0.0,0.27406076661261924,0.2969173280932168,0.30369030676777736,0.0,0.0,0.0,0.0,0.0,0.0,0.0,0.29296896866633365,0.0,0.30006334891072906,0.0,0.0,0.0,0.3054565567542935,0.2816239714435709,0.29985691339646575,0.0,0.0,0.0,0.30311055446889124,0.0,0.29927164734193057,0.2965150839774097,0.31149396572350985,0.0,0.3183433355184557,0.0,0.0,0.2908497869121451
0.2500928507222297,0.27699469004392846,0.0,0.0,0.0,0.2724851030687722,0.29164891434244206,0.3455807806342052,0.29347619781314577,0.2554403420960721,0.0,0.22676022649314356,0.29950572240469536,0.0,0.24645446703202714,0.2763376949946446,0.2591336331996528,0.26322896066875245,0.0,0.2891695527251068,0.2769675038292388,0.28080366557414566,0.2970027762473881,0.24398496959316515,0.26427291463523117,0.0,0.29304135014904936,0.29197282194394514,0.2785405678124321,0.0,0.2653233131784814,0.29154048615451134,0.24477476528802133,0.26432466938789695,0.29383059681897467,0.32664089119372913,0.3157204432922409,0.23593328020771703,0.30710399553503365,0.29379693123278233,0.3042712363438185,0.3253601373864361,0.0,0.0,0.256895962776073,0.31006030368044296,0.31463612651273803,0.0,0.0,0.0,0.313933540707959,0.0,0.3004668693632316,0.0,0.31548865738886955,0.0,0.31637770080003896,0.0,0.0,0.33190990067122894,0.31224409942518255,0.30867888345231986,0.31532470012668634,0.0,0.3115074705599804,0.32171389464483846,0.31449583937285297,0.3263693940424198,0.32372410976463734,0.3145290644320509,0.327276748093341,0.31398343239099064,0.33548606003864306,0.31906251436275274,0.0,0.3050726626187638
0.3044518646256076,0.277519157468636,0.23834800650122323,0.28190468535034563,0.2725585802282171,0.27070613293887263,0.28090962409668035,0.2986443200212114,0.2590543763363864,0.3035042991568266,0.2870542892336548,0.3483850013250762,0.28455307735761337,0.2836385272742538,0.2624175479977251,0.2863972511710788,0.0,0.2855110613053752,0.2666777593545445,0.25558756795238435,0.2836478473617567,0.2858213856238925,0.2491131180699891,0.0,0.27925775633623634,0.29304135014904936,0.0,0.2849710006641025,0.27663040137665884,0.2744558193112302,0.2772539126748584,0.2853931017200893,0.2604572440614321,0.2931589938157228,0.30792491131604716,0.29590764031782896,0.29047879867420834,0.0,0.3338040571987654,0.31242909558120635,0.34380834730999293,0.35008128941708616,0.3221678090626008,0.0,0.0,0.0,0.0,0.3606985575113243,0.0,0.0,0.3379941607033662,0.3280215386749423,0.34012750780015194,0.3732658536531627,0.0,0.35686216446540375,0.0,0.3487472594319891,0.0,0.32209331892349596,0.0,0.0,0.0,0.3699488690808562,0.32903886339131105,0.32874459686163404,0.3283755588744321,0.3523128212281844,0.0,0.0,0.31427342057644336,0.3434891570565704,0.3381038970615306,0.3300335825224807,0.34658278163757655,0.3425287975972178
0.0,0.29762216093926613,0.3099043327262109,0.17788808956357574,0.2460835038790566,0.2750664486980943,0.24060462724855497,0.2815011778586969,0.3041634227686409,0.27820589276227986,0.2899779406960785,0.2623624542017205,0.24363017406568552,0.19773684039125067,0.25052971123911544,0.3044555252338827,0.2966743032765625,0.2955891763744779,0.3024157431396286,0.2725227232264823,0.2988272957850534,0.30084060906923915,0.28310023808026524,0.2781398851715533,0.2958217012841194,0.29197282194394514,0.2849710006641025,0.0,0.23985036783129918,0.23942463594125146,0.251440886660628,0.258177954173891,0.2370025767875033,0.24427784228569316,0.22645938022516462,0.18664321116370425,0.1751704381425073,0.2202863528982756,0.33050407794215075,0.0,0.0,0.0,0.0,0.0,0.0,0.0,0.0,0.0,0.0,0.0,0.0,0.0,0.3144853040685023,0.0,0.0,0.0,0.0,0.0,0.0,0.0,0.0,0.0,0.0,0.0,0.338585195912216,0.3103318257352674,0.0,0.33460477724786036,0.0,0.0,0.0,0.33290257077422447,0.0,0.3389732105084246,0.0,0.0
0.0,0.2914801719399343,0.296676506485186,0.0,0.28157971409240234,0.2632118870705722,0.2842334525337481,0.27914250840478605,0.28995219617073525,0.33820922066016634,0.0,0.0,0.28008186814068287,0.0,0.24488426863685223,0.2941665241341848,0.0,0.2913556752870003,0.0,0.22665008831498917,0.2759196759388839,0.27666563170048764,0.27110652529765883,0.0,0.29410874693411104,0.2785405678124321,0.27663040137665884,0.23985036783129918,0.0,0.2502741973920063,0.2483947883952021,0.28753316149201075,0.25814638486744534,0.27589220582559115,0.3072076090631343,0.3391793131411238,0.3079622100481459,0.0,0.3203092383664097,0.0,0.0,0.0,0.0,0.0,0.0,0.0,0.0,0.0,0.0,0.0,0.0,0.0,0.30985016255025477,0.0,0.0,0.0,0.0,0.0,0.0,0.3073746158533293,0.0,0.0,0.0,0.0,0.318502120565624,0.29684984553157345,0.32950349846348403,0.3311437519218602,0.0,0.0,0.0,0.33001161086881,0.0,0.3296997436736607,0.0,0.0
0.0,0.0,0.3292634604706619,0.0,0.28368144548655966,0.2915839887343139,0.2698510825071548,0.27763948243435294,0.31777424693960865,0.0,0.0,0.0,0.2745132305445892,0.0,0.2591133775104434,0.29953578699669703,0.0,0.31126580802796483,0.0,0.25201224399292843,0.2987445103173727,0.2794350651444597,0.27878484979730617,0.0,0.3706030119707023,0.0,0.2744558193112302,0.23942463594125146,0.2502741973920063,0.0,0.2283429538426575,0.27603103297970905,0.0,0.247759073432319,0.2851679468761856,0.0,0.25752497421225057,0.0,0.0,0.0,0.0,0.0,0.0,0.0,0.0,0.0,0.0,0.0,0.0,0.0,0.0,0.0,0.0,0.0,0.0,0.0,0.0,0.0,0.0,0.0,0.0,0.0,0.0,0.0,0.0,0.2520799049115635,0.0,0.33361913541234706,0.0,0.0,0.0,0.3346912056407911,0.0,0.0,0.0,0.0
0.24761380185008022,0.24987704582258874,0.31855016509953377,0.22093167510465803,0.28897937284531233,0.29900022241201957,0.23356079183607564,0.2955492784788197,0.32099144361007914,0.24864830783341196,0.31294780901397623,0.24486125777386872,0.27487267045218416,0.2339691802333637,0.25624974599450034,0.24803350597295287,0.25276482866799177,0.2581836532503826,0.3223710124104671,0.24839742816954943,0.23525214010066384,0.25489959219649383,0.2830763845125065,0.25837805738362246,0.2627053448599215,0.2653233131784814,0.2772539126748584,0.251440886660628,0.2483947883952021,0.2283429538426575,0.0,0.264126674593599,0.23185213028884383,0.19858394239785085,0.1753634000740517,0.24102356934366234,0.1949246127153932,0.21106685941981673,0.30376065919156486,0.26549669944510806,0.26931820616031954,0.0,0.0,0.0,0.0,0.0,0.28425564057925345,0.0,0.0,0.0,0.0,0.0,0.3112016473149753,0.0,0.0,0.0,0.0,0.0,0.0,0.2854242246470084,0.2762957965756588,0.0,0.30163606289641337,0.0,0.33175793037484025,0.0,0.28927955415152046,0.33327436580948744,0.0,0.29867592554220157,0.29908006164940265,0.3377670380694024,0.0,0.0,0.0,0.0
0.29002222742851064,0.29376755291470663,0.3005277978774604,0.19758656053998452,0.26213003841921534,0.2910932261116067,0.25670005241508814,0.2649400013776288,0.3040556058653678,0.2453215237260132,0.2215083524875791,0.205167293470607,0.26454932272688414,0.13238625633395085,0.2739907416521925,0.30793891605268103,0.3050740250476451,0.3061423663247506,0.2991076849639471,0.28621200852005196,0.2851445974669323,0.28782054852434646,0.2800573423445357,0.21401967240435985,0.2942101619408655,0.29154048615451134,0.2853931017200893,0.258177954173891,0.28753316149201075,0.27603103297970905,0.264126674593599,0.0,0.24974046632582733,0.2565092122749125,0.29724761257603927,0.1938907586035194,0.22248256294237115,0.20129541400959766,0.2351745483060245,0.23565676618858383,0.2560954969512975,0.2528193085698032,0.22376683632648459,0.20689339581732083,0.1767622386156357,0.3170960402162581,0.3092907519722187,0.0,0.0,0.0,0.3234222764272092,0.0,0.31189036555436406,0.0,0.0,0.0,0.16923873997355113,0.0,0.0,0.31321961489269046,0.31002062248753,0.0,0.3213382172629584,0.0,0.32225532973563287,0.3076524719344813,0.30409528511960277,0.3347991434684626,0.0,0.30594270093943143,0.320552832477326,0.3300685572977709,0.24685925851060114,0.320223500888439,0.3398513565165408,0.3220480588426957
0.24406361563299203,0.23393906878754972,0.0,0.16544767321999568,0.0,0.27335659597586465,0.26088688021456,0.2748271917848564,0.0,0.23613366165814634,0.0,0.19727859394755246,0.2485613865463903,0.0,0.24843462423702437,0.24870426531150042,0.2615302557521958,0.24385796202784984,0.0,0.25515839342089336,0.2664411268647216,0.26121104893314673,0.2593469014374969,0.15672141438203724,0.23335393521183329,0.24477476528802133,0.2604572440614321,0.2370025767875033,0.25814638486744534,0.0,0.23185213028884383,0.24974046632582733,0.0,0.1818851308906992,0.2784997683774545,0.20129715276353108,0.20097532877380553,0.14352783653100123,0.24110689962312884,0.16468343356855375,0.20727684109032493,0.0,0.0,0.1967153311757028,0.1777723853960517,0.28244218394231335,0.29751953686054017,0.0,0.0,0.0,0.0,0.0,0.0,0.0,0.2365471940199964,0.0,0.244403976849806,0.0,0.0,0.30739080050749945,0.2951432330836985,0.22044985249121687,0.2919088436179463,0.0,0.32229209636824324,0.28126770598465695,0.2989296089784273,0.3048862713776471,0.23185990569711667,0.28889347413028654,0.3009126505794881,0.30183599174688713,0.0,0.0,0.0,0.0
0.24848681092597216,0.25555899186920855,0.3149610919896099,0.1598308183045965,0.28336561257628334,0.30329120222378403,0.2545293904059223,0.29265438150761885,0.3168697372577078,0.2210824416337538,0.3063369053423178,0.1724146003518758,0.2754021200853867,0.24331427765863733,0.2704320653038194,0.26138696829957603,0.26548949253599546,0.26782631237371013,0.31815744202021407,0.2764102761961636,0.2671835050483212,0.26943454021590263,0.29370593871133005,0.18570465029726124,0.25922815541288563,0.26432466938789695,0.2931589938157228,0.24427784228569316,0.27589220582559115,0.247759073432319,0.19858394239785085,0.2565092122749125,0.1818851308906992,0.0,0.21259050955438827,0.23165707841660846,0.168389149334319,0.14089950604266577,0.23837118907149973,0.20863805504688077,0.2515059186589341,0.24603745134971133,0.24291507871511137,0.23026199018516866,0.21360344356048458,0.2866869335988229,0.2940482222502672,0.0,0.0,0.0,0.0,0.0,0.3316253707521924,0.0,0.2499588196010854,0.0,0.27780975986065853,0.0,0.0,0.3121478707053167,0.29235709959467,0.0,0.3015217461544457,0.0,0.3106578849423759,0.30867790948543905,0.2970254410771073,0.34517977255604704,0.0,0.29585392755293394,0.30684334451062295,0.3448708703449483,0.2394825256166824,0.34385184181514394,0.0,0.28047263524872584
0.29488888377149924,0.2900908252157004,0.32704654980672054,0.24990806760543688,0.3091851271375726,0.3253133792770693,0.2798332091126582,0.3126787773338718,0.31821552674939146,0.19792059379213126,0.29994538638903406,0.24023231146653204,0.29826536903226475,0.19903092199812875,0.30358104247642154,0.290908879865875,0.2772951555633243,0.28843241895885474,0.30952868953422336,0.3126370262472002,0.3038513539292957,0.3077393390482733,0.311363310878744,0.2576586455451359,0.2839216362245846,0.29383059681897467,0.30792491131604716,0.22645938022516462,0.3072076090631343,0.2851679468761856,0.1753634000740517,0.29724761257603927,0.2784997683774545,0.21259050955438827,0.0,0.3335919423521069,0.2726849639583948,0.1923743705905525,0.25142168848799656,0.20384427779282394,0.22928586789241537,0.26193960858063986,0.2523418687671601,0.2537571433377495,0.0,0.3026055702720076,0.3082276456852817,0.0,0.0,0.0,0.0,0.0,0.0,0.0,0.0,0.0,0.0,0.0,0.0,0.33099116632095194,0.3174011881399566,0.0,0.33223643813708736,0.0,0.34776565970464396,0.0,0.31213507278298636,0.3515223069159394,0.0,0.3160996432739675,0.32842554172048405,0.3468640204319733,0.28210313527203146,0.0,0.0,0.3305318848127176
0.0,0.0,0.2822843437418848,0.13296388998415307,0.18084926172205915,0.2898583910817513,0.20196854253170554,0.13993487907903024,0.2982608982780289,0.2235684924682525,0.19699490027131636,0.21124640585250434,0.22740578631400996,0.14065822859943933,0.30693441279828265,0.0,0.0,0.0,0.26938456743363415,0.345944432872199,0.0,0.34082297126946526,0.2726987330912176,0.2184645889665094,0.31675206292097136,0.32664089119372913,0.29590764031782896,0.18664321116370425,0.3391793131411238,0.0,0.24102356934366234,0.1938907586035194,0.20129715276353108,0.23165707841660846,0.3335919423521069,0.0,0.1611940375088699,0.1864708897800544,0.19215005729773463,0.0,0.19695429471822332,0.21382010062802206,0.2110201786689842,0.2095028539760159,0.0,0.0,0.0,0.2709767280240241,0.0,0.0,0.0,0.0,0.0,0.0,0.0,0.0,0.0,0.0,0.0,0.0,0.0,0.0,0.0,0.0,0.0,0.0,0.0,0.32819309105040506,0.0,0.0,0.0,0.328580007733799,0.0,0.0,0.0,0.0
0.0,0.0,0.3119180903598152,0.13057426976754083,0.25485494967577144,0.2978596752726563,0.18925493269573213,0.0,0.3045772216865133,0.16610301559758656,0.2881463475416454,0.2113254190351496,0.2507734781327803,0.11540681270932604,0.3452321578965353,0.0,0.0,0.0,0.307084155325628,0.3111260934165187,0.0,0.3190393594470743,0.28662487168595213,0.18472659162114635,0.0,0.3157204432922409,0.29047879867420834,0.1751704381425073,0.3079622100481459,0.25752497421225057,0.1949246127153932,0.22248256294237115,0.20097532877380553,0.168389149334319,0.2726849639583948,0.1611940375088699,0.0,0.18713345109628465,0.2595323398136441,0.1633065885143707,0.19289153502886466,0.23485498385554487,0.224874888545983,0.21325857578013563,0.14204226259365943,0.0,0.0,0.0,0.23710057552033206,0.0,0.0,0.0,0.0,0.0,0.22558563345149146,0.0,0.18971342575236244,0.4061282726181038,0.0,0.0,0.0,0.0,0.0,0.0,0.0,0.0,0.0,0.0,0.18503070533401209,0.0,0.0,0.0,0.30243784224413955,0.0,0.0,0.5980180402087042
0.0,0.0,0.0,0.15914774761769657,0.0,0.3234965435396935,0.21722411671154213,0.0,0.298853979763955,0.1936195542202254,0.292324660359748,0.15894004594649513,0.25142956409022166,0.0,0.0,0.0,0.24693961825011412,0.1945624044799512,0.3269454957319608,0.0,0.0,0.0,0.0,0.1682652421543475,0.23383426751318337,0.23593328020771703,0.0,0.2202863528982756,0.0,0.0,0.21106685941981673,0.20129541400959766,0.14352783653100123,0.14089950604266577,0.1923743705905525,0.1864708897800544,0.18713345109628465,0.0,0.2091343226810877,0.15651720254087317,0.1624296040426803,0.16127040806772075,0.0,0.0,0.15959232989260436,0.0,0.0,0.0,0.0,0.0,0.0,0.0,0.0,0.0,0.21487732740443194,0.0,0.23674039839271924,0.0,0.0,0.0,0.0,0.0,0.0,0.0,0.0,0.0,0.0,0.0,0.21607290192503725,0.0,0.2501459988421544,0.0,0.0,0.0,0.0,0.0
0.30378669352731735,0.3035564365723991,0.0,0.0,0.0,0.3275575098389032,0.0,0.33015004550883487,0.3155254117989236,0.0,0.0,0.1838891087167954,0.0,0.0,0.30935535351218807,0.2867864578708914,0.0,0.33393935369135785,0.0,0.31735757768318656,0.28527454163041793,0.30331859273311146,0.3372324648458162,0.33639309158004616,0.3112905525070635,0.30710399553503365,0.3338040571987654,0.33050407794215075,0.3203092383664097,0.0,0.30376065919156486,0.2351745483060245,0.24110689962312884,0.23837118907149973,0.25142168848799656,0.19215005729773463,0.2595323398136441,0.2091343226810877,0.0,0.22569194794152464,0.256682526596004,0.27040715883222927,0.19175540536236874,0.21904761082442148,0.1915324094795488,0.28908472539229585,0.27255831550999887,0.2929279621410409,0.18609286946791198,0.2634281173021179,0.28601426355467935,0.2671204966116804,0.2509884063687552,0.30229293429089693,0.23928687571975715,0.2123546347800523,0.20061361564751845,0.2741354652468257,0.14544608738963197,0.2810279226334091,0.28441314304428594,0.2882009927548313,0.28608931351690137,0.27495008128727455,0.2847737551303293,0.27880433108574637,0.27536044162438844,0.28255082410806137,0.2183372208509514,0.2767819368461337,0.2847911569846981,0.28684246298391125,0.2521957340414404,0.2866598780715933,0.2537984083285968,0.27012891746018763
0.2869398597280438,0.28283453774600914,0.0,0.0,0.0,0.0,0.0,0.0,0.0,0.2545534928526036,0.0,0.255490265006038,0.0,0.0,0.2951475528462098,0.28016718557231346,0.2725826365334999,0.27290330371203175,0.0,0.3205556981944288,0.2934155159092313,0.30188192448155177,0.29480009325612194,0.2212000088252663,0.2702442589523317,0.29379693123278233,0.31242909558120635,0.0,0.0,0.0,0.26549669944510806,0.23565676618858383,0.16468343356855375,0.20863805504688077,0.20384427779282394,0.0,0.1633065885143707,0.15651720254087317,0.22569194794152464,0.0,0.1809185636560747,0.25921372907357737,0.3613785518833223,0.19128427415320676,0.1500280196519592,0.2515864106813367,0.24660172160254423,0.0,0.0,0.0,0.2611048298055757,0.257687566342125,0.0,0.2848519439028883,0.21660343918144773,0.0,0.18685676730227685,0.2568610672586863,0.13167728880773594,0.2592067654798981,0.2544483476064409,0.22151225280284068,0.2283004629239132,0.0,0.25193653836182467,0.25336556659467974,0.24776038364467545,0.25679374390907994,0.19457864304661857,0.22112886267549897,0.24161021501889055,0.26030825762609644,0.22719829524670476,0.26526351713716523,0.254307173178872,0.22942976884324653
0.30848939879898674,0.2950367339201991,0.0,0.0,0.0,0.3471976362550388,0.0,0.3331253895990627,0.0,0.27473526861320646,0.0,0.23995158356561397,0.0,0.0,0.32108056970181853,0.29113443907160513,0.0,0.3170250465294511,0.0,0.3348078162396039,0.31433311923694274,0.3004046794680574,0.3438399826034906,0.25880404036210664,0.29961524839790493,0.3042712363438185,0.34380834730999293,0.0,0.0,0.0,0.26931820616031954,0.2560954969512975,0.20727684109032493,0.2515059186589341,0.22928586789241537,0.19695429471822332,0.19289153502886466,0.1624296040426803,0.256682526596004,0.1809185636560747,0.0,0.24911480725699137,0.2983416703663925,0.20075279281782668,0.15975653009037266,0.28686775353760824,0.2672661253792781,0.3138776629624596,0.19681258097120297,0.29289754285747255,0.30570778338743543,0.277363117847109,0.2995349101225464,0.31601257211447953,0.2354687567120826,0.3089855659962213,0.19019821362317535,0.2833378210851788,0.23549100284521285,0.28575506062432876,0.269600089625435,0.2581050809980041,0.2655619148465664,0.3120225617247129,0.28114719362217855,0.2861991097801968,0.27591190888413486,0.30041142237471585,0.21953198302030527,0.2581482165668863,0.27450390559961624,0.300322551710727,0.21932870825586312,0.2829255222684616,0.25562408160782946,0.17958502702480417
