0.0,0.3512391839186308,0.0,0.0,0.0,0.40248957012256,0.0,0.4490387307091244,0.0,0.3768934990958151,0.0,0.3247173771944792,0.0,0.44310312045829003,0.32735523128396155,0.35743979797112746,0.33257104125265824,0.35140387794489225,0.0,0.384595582685365,0.3630109091060187,0.34562365253193567,0.4131243728305273,0.31831599713645525,0.3461160837535432,0.31758056136040097,0.3945451791742193,0.43874653921865037,0.41800044380218393,0.0,0.3354640131827896,0.3863355888394828,0.28080981464566185,0.3302063911493426,0.36055655514444807,0.0,0.0,0.4119355167219422,0.3859614919432725,0.3705303404547061,0.35915604459225836,0.3627467660954134,0.0,0.0,0.0,0.3774513464570611,0.3977510300972043,0.0,0.0,0.0,0.46049720660352406,0.0,0.0,0.0,0.433541141656116,0.0,0.4466585199781961,0.0,0.0,0.0,0.38893564898983335,0.0,0.38117975600539594,0.0,0.0,0.0,0.41321055797680073,0.3563301077171279,0.0,0.38500403899795127,0.40460305304195876,0.3849844436518409,0.0,0.0,0.0,0.3945285366678858
0.3512391839186308,0.0,0.46200011705127697,0.0,0.3925686305148139,0.3604417170651689,0.39949047965338347,0.37926879856825807,0.3767291716349197,0.0,0.0,0.0,0.40038217840515233,0.0,0.36414346307035445,0.35358678464939725,0.37386500797790934,0.3471751188218872,0.0,0.3775226344692023,0.3726313086751229,0.34244870457900445,0.36130343752613225,0.30272961067568677,0.3218559501541244,0.35738805019557884,0.37506785071465754,0.40255134779642865,0.3670148703754267,0.3541549808437249,0.32469857699213844,0.4006712113156621,0.31983912424318284,0.3291171657506052,0.3550615174249602,0.644388409092197,0.43878400888128555,0.0,0.4125385042605916,0.39546022148637944,0.38462759054012297,0.416531945795989,0.0,0.0,0.0,0.3959436194311131,0.40261570200247204,0.0,0.0,0.0,0.42916808908752474,0.0,0.3912157775014723,0.0,0.0,0.0,0.0,0.0,0.0,0.428305161729054,0.39711827125940036,0.0,0.3875298464603615,0.0,0.39653161788061875,0.4304664415646961,0.4226858561706852,0.4175879204871096,0.0,0.3881430769255089,0.4233343607112497,0.4256027677936119,0.0,0.4166701117914396,0.0,0.39197030838058844
0.0,0.46200011705127697,0.0,0.0,0.3582477966541659,0.3230506529230409,0.38483752961627843,0.40229460047048293,0.2906943802866205,0.0,0.2836081436131302,0.0,0.3914226708562469,0.3571660340620427,0.0,0.5624905278315409,0.0,0.0,0.24909576675692616,0.4232885197295957,0.0,0.4167317023781979,0.27987095065555895,0.0,0.0,0.0,0.2699229917579201,0.3949475628984858,0.3908432872361969,0.4202466871908296,0.39881062990969984,0.36996646770913477,0.0,0.39687906869636275,0.38882756249860817,0.36566922658436335,0.3954906505841416,0.0,0.0,0.0,0.0,0.0,0.4571955592120509,0.0,0.0,0.0,0.0,0.21988094360735005,0.0,0.5202712784679722,0.47581379027282195,0.5243970485458569,0.49014863268573067,0.4957942158594637,0.0,0.23581895147414206,0.0,0.5294580698050944,0.4713217691301463,0.0,0.0,0.0,0.0,0.14129299059066416,0.0,0.0,0.0,0.4983214359145195,0.0,0.0,0.0,0.4715849931659074,0.0,0.0,0.0,0.6114450827673403
0.0,0.0,0.0,0.0,0.2649958053198527,0.36309123975687113,0.2526631057229354,0.31077838226331217,0.3728959770901582,0.0,0.3384819169300621,0.0,0.27396601951169886,0.21199158424087491,0.0,0.0,0.0,0.0,0.39283877051930377,0.0,0.0,0.39393101464553076,0.347506228562889,0.0,0.0,0.0,0.3702353587256336,0.22351257331605717,0.0,0.0,0.28365724759781014,0.312457866948103,0.3777094383796763,0.2503142960263918,0.2902960934700031,0.15956010830636588,0.1646962007412542,0.0,0.24956195196765069,0.0,0.0,0.0,0.0,0.0,0.0,0.0,0.0,0.0,0.0,0.0,0.0,0.0,0.0,0.0,0.0,0.0,0.0,0.0,0.0,0.0,0.0,0.0,0.0,0.0,0.0,0.0,0.0,0.0,0.0,0.0,0.0,0.0,0.0,0.0,0.0,0.0
0.0,0.3925686305148139,0.3582477966541659,0.2649958053198527,0.0,0.3485034499506527,0.2937856537475396,0.3661045668651453,0.2996730815821898,0.3740089033407971,0.2914635159872083,0.0,0.3207920660814209,0.2785973045870322,0.0,0.42237676859014645,0.4667572018078064,0.0,0.34835199830289165,0.34434804034440114,0.0,0.3755720256717843,0.3546947133135727,0.0,0.4001399667194917,0.0,0.3552473589162952,0.32404633481842676,0.36249277879559544,0.0,0.3764208326152831,0.37051674406489554,0.0,0.37815709308028284,0.2595107878339887,0.2057714709419878,0.26485177092389806,0.40153856764299994,0.0,0.0,0.0,0.0,0.40316854710619027,0.0,0.0,0.0,0.0,0.4889322762853348,0.0,0.0,0.47132659735664495,0.0,0.0,0.5702305351259336,0.0,0.415110552658677,0.0,0.0,0.0,0.0,0.0,0.0,0.0,0.0,0.0,0.0,0.0,0.4600649091192728,0.0,0.0,0.0,0.0,0.0,0.0,0.0,0.0
0.40248957012256,0.3604417170651689,0.3230506529230409,0.36309123975687113,0.3485034499506527,0.0,0.3695166135674608,0.36988294787518394,0.305072215270249,0.40595529864011654,0.34914831429997967,0.0,0.34450959947839976,0.3689595053881711,0.3770548842909693,0.38211567100875166,0.0,0.3746591204979805,0.3519807093712609,0.35576307418445663,0.3700741065660173,0.3676192327767728,0.34268548336575916,0.0,0.34753979873872687,0.3531713393298845,0.32997474152989964,0.34620401146840046,0.28362028816718354,0.3762537399821116,0.37798325051771675,0.37062651120151474,0.3493329414631905,0.37719791527584434,0.3759141469284886,0.37697227769657876,0.3736157077407006,0.4064064492593592,0.4066186864124602,0.0,0.4334844970046686,0.4716118097430617,0.4476248294398604,0.0,0.0,0.0,0.0,0.4721717107504124,0.0,0.5256745357415915,0.4354506558668618,0.4691627226870097,0.4088476118830271,0.4591847147459975,0.0,0.480410260506193,0.0,0.45549713278108306,0.5615053019901775,0.4341224692459048,0.0,0.0,0.0,0.4892940489752334,0.4242527626012056,0.41974853920473765,0.0,0.4479100037643065,0.0,0.0,0.0,0.42726299840247045,0.4416276356138943,0.42168087304177626,0.45842446829073963,0.4485506223989371
0.0,0.39949047965338347,0.38483752961627843,0.2526631057229354,0.2937856537475396,0.3695166135674608,0.0,0.3750808821120862,0.3486333017027971,0.37004673574449004,0.3897456275706424,0.37930391636106625,0.28658735370928323,0.307295050908598,0.0,0.4266349327506582,0.4266144292377687,0.41855372252627043,0.4025970125949583,0.3975236977516076,0.0,0.4204131786221306,0.37031282439001284,0.0,0.38985988987204667,0.39441073600947396,0.3773494362850468,0.32316556038887206,0.38797417674400164,0.36718425951804373,0.3535768093466024,0.36003175267609694,0.0,0.35717850680227886,0.3706366642376167,0.2521989632624226,0.2628736339515964,0.367778466117351,0.0,0.0,0.0,0.0,0.0,0.0,0.0,0.0,0.0,0.5233062958868051,0.0,0.0,0.469758552936211,0.0,0.46885130565063515,0.0,0.0,0.5697656698549688,0.0,0.0,0.0,0.0,0.0,0.0,0.0,0.0,0.0,0.0,0.0,0.4475437137048826,0.0,0.0,0.0,0.448626989947104,0.0,0.0,0.0,0.0
0.4490387307091244,0.37926879856825807,0.40229460047048293,0.31077838226331217,0.3661045668651453,0.36988294787518394,0.3750808821120862,0.0,0.4336007866052845,0.48857765080718074,0.27242053382944564,0.512857518246261,0.3809047520535452,0.3223728656951528,0.3097630890127901,0.39593032664154093,0.0,0.45464388836661485,0.414516395776379,0.36527659585990063,0.335588404742748,0.37501593356063356,0.3145133281614141,0.4593272788944837,0.4611856618901444,0.4391702742458382,0.37200393914455726,0.3806009735329234,0.32722410989246853,0.37837208294858443,0.37171696705882185,0.3755062318156174,0.34748416881560934,0.36597140827149666,0.4015417824567144,0.2194916908030348,0.31657414890754965,0.0,0.40161079755796436,0.0,0.44114473859144393,0.0,0.42601099310033164,0.0,0.0,0.0,0.0,0.5001939582756929,0.0,0.48941667720760174,0.4303889098342594,0.46151370403792846,0.38418357577545276,0.5055320929148132,0.0,0.43606010515222454,0.0,0.44955840711745537,0.42916607397433887,0.0,0.0,0.0,0.0,0.5025685128818781,0.0,0.4659882293949418,0.36795822530262445,0.4603198294729718,0.0,0.0,0.0,0.43233476381983194,0.4376244487193056,0.43272801202346567,0.47569129274640504,0.4573616975979567
0.0,0.3767291716349197,0.2906943802866205,0.3728959770901582,0.2996730815821898,0.305072215270249,0.3486333017027971,0.4336007866052845,0.0,0.41364815643622355,0.296823450908771,0.4281426633618694,0.3387104342173212,0.3776048942446613,0.0,0.42315934644527925,0.0,0.0,0.2890262253213277,0.3481756594475607,0.0,0.37668061218583215,0.3739695857792035,0.0,0.3974510579267764,0.0,0.2938584377804395,0.3936741432092515,0.3656717364157374,0.4029782060634958,0.41177896970109584,0.3795895891064633,0.0,0.40505668603081524,0.3882272261265726,0.3799207698975767,0.38672566813112647,0.39804043514742365,0.4091988007336892,0.0,0.0,0.0,0.5104014945117744,0.0,0.0,0.0,0.0,0.49465342891885034,0.0,0.4965021751501139,0.4810387282510698,0.0,0.482807169405978,0.5234985407578355,0.0,0.46558578151677926,0.0,0.0,0.47235883198439144,0.0,0.0,0.0,0.0,0.5142695051572974,0.0,0.0,0.0,0.5099294442807715,0.0,0.0,0.0,0.48118380364950275,0.0,0.0,0.0,0.0
0.3768934990958151,0.0,0.0,0.0,0.3740089033407971,0.40595529864011654,0.37004673574449004,0.48857765080718074,0.41364815643622355,0.0,0.41677146703264983,0.27041686010631694,0.37785988813769655,0.0,0.0,0.361299656367508,0.2903005043556086,0.3190539867152841,0.4320406266038613,0.0,0.4367659755401258,0.0,0.4006901182779808,0.28758056224240364,0.29614524012025734,0.289963959943481,0.0,0.33978411071920045,0.0,0.0,0.3013795937668712,0.304957366124332,0.3046230196908267,0.29978944107459393,0.293173515207003,0.35494276764233573,0.2988198240611306,0.28280002725067505,0.2955479682556708,0.3212479672058542,0.32885182020736914,0.350261941015827,0.0,0.0,0.28835085451190734,0.41798351648830745,0.0,0.0,0.0,0.0,0.0,0.0,0.0,0.0,0.38822822564019793,0.0,0.39484914714971486,0.0,0.0,0.0,0.0,0.4052578582192963,0.38693906848257126,0.0,0.0,0.0,0.0,0.0,0.37452151925304833,0.4010361907903224,0.41515877829379494,0.0,0.3556038747745709,0.0,0.0,0.373871953552
0.0,0.0,0.2836081436131302,0.3384819169300621,0.2914635159872083,0.34914831429997967,0.3897456275706424,0.27242053382944564,0.296823450908771,0.41677146703264983,0.0,0.4171119062734654,0.3982205515670584,0.2554406725090531,0.0,0.0,0.5281519352742904,0.0,0.25613525215584676,0.0,0.0,0.0,0.21439334996371845,0.4441618186618247,0.0,0.0,0.33950583635719594,0.4024855175902007,0.0,0.4754965790970325,0.43008455035839077,0.42015123384987435,0.40758529458905873,0.4239687124240324,0.3995636333425874,0.2687111457549952,0.3907934672570659,0.41158130497046563,0.4273193524810917,0.0,0.0,0.0,0.4022582962854621,0.0,0.0,0.0,0.0,0.44041447802925615,0.0,0.4268122046821449,0.47799715915608976,0.48946673275786223,0.4435434592032216,0.4561804830417676,0.0,0.27556205294524844,0.0,0.49021256064735574,0.4141717792154434,0.0,0.0,0.0,0.0,0.2021116817773298,0.0,0.0,0.0,0.47906982984052526,0.0,0.0,0.0,0.45676989567180576,0.0,0.0,0.0,0.0
0.3247173771944792,0.0,0.0,0.0,0.0,0.0,0.37930391636106625,0.512857518246261,0.4281426633618694,0.27041686010631694,0.4171119062734654,0.0,0.35555160834748817,0.0,0.0,0.435295746738398,0.3289970670543654,0.3292113941720134,0.0,0.0,0.45282979536796814,0.0,0.48763075546763546,0.26420428480456243,0.3117638370292587,0.27693734307720835,0.0,0.30531096812549574,0.0,0.0,0.31182585583305195,0.2578834713575344,0.25045686061930045,0.2302073867535319,0.24988675097316346,0.286752178171137,0.265186175105717,0.21727987501286278,0.2340800907684396,0.35756907042664104,0.35393090106844627,0.24735788555807842,0.0,0.0,0.32030491201800076,0.4557711879872241,0.0,0.0,0.0,0.0,0.0,0.0,0.0,0.0,0.4010867102185036,0.0,0.39995713403304506,0.0,0.0,0.0,0.0,0.40666826902098413,0.39347712128814966,0.0,0.0,0.0,0.0,0.0,0.3784879897644972,0.4014863532523253,0.41800673238146774,0.0,0.0,0.0,0.0,0.40057134385554477
0.0,0.40038217840515233,0.3914226708562469,0.27396601951169886,0.3207920660814209,0.34450959947839976,0.28658735370928323,0.3809047520535452,0.3387104342173212,0.37785988813769655,0.3982205515670584,0.35555160834748817,0.0,0.338833666445892,0.35612391725458625,0.431223824833576,0.39594914621074645,0.41203268241246815,0.3987411344069695,0.39245449041450065,0.3868104401644455,0.41872266140796405,0.3729090767957767,0.3703211701352845,0.38946011505631983,0.39885721232205096,0.37984870950597166,0.29437623909585037,0.36896551232794395,0.3567915527222124,0.3645767255100214,0.35796173634142253,0.3592723705529145,0.3642796065898662,0.3367440046643317,0.2682663563146309,0.2786676958899095,0.34298655683240026,0.3685104207680571,0.0,0.0,0.0,0.0,0.0,0.0,0.0,0.0,0.5116983555446389,0.0,0.0,0.4530660985540383,0.0,0.436049125336755,0.0,0.0,0.5408586256143176,0.0,0.0,0.0,0.0,0.0,0.0,0.0,0.0,0.0,0.0,0.0,0.44418206115290687,0.0,0.0,0.0,0.4377458499398648,0.0,0.4683334161379168,0.0,0.0
0.44310312045829003,0.0,0.3571660340620427,0.21199158424087491,0.2785973045870322,0.3689595053881711,0.307295050908598,0.3223728656951528,0.3776048942446613,0.0,0.2554406725090531,0.0,0.338833666445892,0.0,0.0,0.0,0.0,0.0,0.3418065442219565,0.0,0.3811571663132026,0.0,0.3153608447437175,0.0,0.0,0.5013138060118943,0.3699659648332884,0.23133272995309664,0.0,0.0,0.3665029789595832,0.24096391531093,0.0,0.0,0.0,0.17962920428127904,0.153325815900705,0.0,0.0,0.0,0.0,0.0,0.3670408941773416,0.0,0.0,0.0,0.0,0.5021685154286588,0.0,0.0,0.5185052167858372,0.0,0.37982963374894574,0.4705947489779364,0.0,0.4021661260356783,0.0,0.0,0.3742330683016935,0.0,0.0,0.0,0.0,0.5294329889192091,0.0,0.0,0.0,0.5008815166339238,0.0,0.0,0.0,0.0,0.0,0.0,0.0,0.0
0.32735523128396155,0.36414346307035445,0.0,0.0,0.0,0.3770548842909693,0.0,0.3097630890127901,0.0,0.0,0.0,0.0,0.35612391725458625,0.0,0.0,0.36210782102335487,0.0,0.3288899597481716,0.0,0.2990422398490239,0.3459610980655012,0.3091658496629566,0.290935674970646,0.3992135819349075,0.3215054485811559,0.3409683288167504,0.3393166117701508,0.3438555056265508,0.32734431283438925,0.3383298485513457,0.35637651003482035,0.39776683010855723,0.34917333717040244,0.37396708404109524,0.4120351183051978,0.4200771168573858,0.41850846590702967,0.0,0.40968119987408913,0.37391418378299796,0.41722477017341636,0.43152585589100856,0.0,0.0,0.0,0.0,0.4065579737876487,0.0,0.0,0.0,0.41096348573369795,0.0,0.3323837276740878,0.0,0.0,0.0,0.0,0.0,0.0,0.39421822970668974,0.4209944884943665,0.0,0.0,0.0,0.3611940347505415,0.4117368041785365,0.41066133591369547,0.383514706261849,0.0,0.42345444988261843,0.44031627440846044,0.39527520725946774,0.0,0.3713834418686865,0.0,0.42827312122376093
0.35743979797112746,0.35358678464939725,0.5624905278315409,0.0,0.42237676859014645,0.38211567100875166,0.4266349327506582,0.39593032664154093,0.42315934644527925,0.361299656367508,0.0,0.435295746738398,0.431223824833576,0.0,0.36210782102335487,0.0,0.3459660729069132,0.3154974810324646,0.0,0.3496103167705336,0.352461899383449,0.31823248228587553,0.3689585940711678,0.38204211940253907,0.3449586174303464,0.36431995555412416,0.39560296158772656,0.41450011866694136,0.39436929609249816,0.4085297012247352,0.3448139905616284,0.4287345163775648,0.3603082157084778,0.3550171482737532,0.37947272609859967,0.593840739550109,0.0,0.0,0.4009285641708397,0.3797582367349975,0.37370185523661964,0.3968356565864677,0.0,0.0,0.0,0.41322889709226646,0.40106164119487125,0.0,0.0,0.0,0.0,0.0,0.0,0.0,0.0,0.0,0.0,0.0,0.0,0.4049638947830881,0.3876576328697658,0.0,0.38496048433602575,0.0,0.4219433480604217,0.4506151255194048,0.412991774005339,0.0,0.0,0.39216602100825454,0.4066851461391373,0.492760864900156,0.0,0.0,0.0,0.3796629986499926
0.33257104125265824,0.37386500797790934,0.0,0.0,0.4667572018078064,0.0,0.4266144292377687,0.0,0.0,0.2903005043556086,0.5281519352742904,0.3289970670543654,0.39594914621074645,0.0,0.0,0.3459660729069132,0.0,0.2970725932625011,0.0,0.0,0.46174650389360905,0.36130336540278696,0.0,0.32158832105805685,0.2829682646348652,0.3238475287427192,0.0,0.3770969533188076,0.0,0.0,0.32277083007656493,0.3668279647404016,0.3160542183408677,0.33168039589848947,0.33062343078931244,0.37349494132164174,0.25799288987707847,0.3281601518119951,0.3880168620307023,0.3978531245729508,0.430326816128615,0.0,0.0,0.0,0.0,0.45493920599710397,0.0,0.0,0.0,0.0,0.0,0.0,0.0,0.0,0.399451097873206,0.0,0.4067140996237297,0.0,0.0,0.0,0.0,0.41895073618805895,0.39590615251625366,0.0,0.0,0.0,0.0,0.0,0.4079731796858509,0.41808526661948175,0.42337187797327575,0.0,0.0,0.0,0.0,0.45768994455688483
0.35140387794489225,0.3471751188218872,0.0,0.0,0.0,0.3746591204979805,0.41855372252627043,0.45464388836661485,0.0,0.3190539867152841,0.0,0.3292113941720134,0.41203268241246815,0.0,0.3288899597481716,0.3154974810324646,0.2970725932625011,0.0,0.0,0.36931149209230246,0.3604307518657336,0.35596476372102076,0.36658744159155987,0.31638883738049356,0.30783492975558846,0.33656171955834646,0.3777111918994747,0.39456019399545555,0.4124169020726228,0.45059091083987235,0.3368820910559353,0.3918655350417829,0.3284897748764437,0.3472703160964175,0.3572435573381441,0.0,0.0,0.0,0.3898868902369327,0.3911400640766846,0.3909797572696619,0.3950092588327813,0.0,0.0,0.0,0.40655865457874696,0.38947185107913224,0.0,0.0,0.0,0.0,0.0,0.0,0.0,0.38612099880859646,0.0,0.39912813921570517,0.0,0.0,0.444085740461104,0.37639996271466125,0.38898667951398846,0.38244082516885525,0.0,0.0,0.0,0.39093583972228185,0.0,0.3951189673357475,0.3929156242478588,0.40262224199122,0.0,0.0,0.0,0.0,0.39329641540032606
0.0,0.0,0.24909576675692616,0.39283877051930377,0.34835199830289165,0.3519807093712609,0.4025970125949583,0.414516395776379,0.2890262253213277,0.4320406266038613,0.25613525215584676,0.0,0.3987411344069695,0.3418065442219565,0.0,0.0,0.0,0.0,0.0,0.0,0.0,0.0,0.29094337940071047,0.0,0.0,0.0,0.315335615450354,0.40032291907991036,0.0,0.4587715834380586,0.4139888896627519,0.37970575758624037,0.0,0.410385765088564,0.4049200819506048,0.36334619068265994,0.4084381441676003,0.4206557605853299,0.0,0.0,0.0,0.0,0.4533815071505595,0.0,0.0,0.0,0.0,0.4856920745272452,0.0,0.481470065491765,0.48764058067906546,0.5494139250183211,0.48025631702367294,0.5110788113322254,0.0,0.4225203290570769,0.0,0.5736288230697397,0.46290526206194,0.0,0.0,0.0,0.0,0.49031107686557995,0.0,0.0,0.0,0.5103294005896961,0.0,0.0,0.0,0.48745767760324293,0.0,0.0,0.0,0.0
0.384595582685365,0.3775226344692023,0.4232885197295957,0.0,0.34434804034440114,0.35576307418445663,0.3975236977516076,0.36527659585990063,0.3481756594475607,0.0,0.0,0.0,0.39245449041450065,0.0,0.2990422398490239,0.3496103167705336,0.0,0.36931149209230246,0.0,0.0,0.3514200310952831,0.2922136698448993,0.28723332354699566,0.5678973935537679,0.35229237337509645,0.38679524387812425,0.30963927490583654,0.35059993802475475,0.29439334253701754,0.2669493838290303,0.3452040710473626,0.4076956027833882,0.37060698875026993,0.3836244935728129,0.4271580052354133,0.4530714978574146,0.0,0.0,0.3902892016544404,0.0,0.42440215074939486,0.3977407417432717,0.0,0.0,0.0,0.0,0.42136687450472055,0.0,0.0,0.0,0.4059516089870901,0.0,0.42960011885168736,0.0,0.0,0.0,0.0,0.0,0.0,0.39279232725834284,0.0,0.0,0.0,0.0,0.3862416260120278,0.39334471788204783,0.38689272620387943,0.4125492439027382,0.0,0.0,0.41869587588971,0.4058573054477748,0.0,0.407894020664044,0.0,0.0
0.3630109091060187,0.3726313086751229,0.0,0.0,0.0,0.3700741065660173,0.0,0.335588404742748,0.0,0.4367659755401258,0.0,0.45282979536796814,0.3868104401644455,0.3811571663132026,0.3459610980655012,0.352461899383449,0.46174650389360905,0.3604307518657336,0.0,0.3514200310952831,0.0,0.38510751325473136,0.3488208135696874,0.4428304191745432,0.3779768911486342,0.37097367730749875,0.3628661252659007,0.3693361299318405,0.3396499231039556,0.3531815383153176,0.35203979254095047,0.39299010489159847,0.32650386026735045,0.35954321199849426,0.40491536765951575,0.4232852033798711,0.0,0.599525944165641,0.42001348613843753,0.3982928074565606,0.4204090689895386,0.44270810066694294,0.0,0.0,0.0,0.41521877456730694,0.428272893525936,0.0,0.0,0.0,0.3793106028681318,0.0,0.3623841044975993,0.0,0.0,0.0,0.6487106643309644,0.0,0.0,0.41197165136001634,0.42091428885419313,0.0,0.0,0.0,0.3800672933610344,0.4133694625077006,0.4308607444126976,0.4058326054566778,0.0,0.4208278207035199,0.4501042120346901,0.41211515345368455,0.0,0.3671968861620362,0.0,0.0
0.34562365253193567,0.34244870457900445,0.4167317023781979,0.39393101464553076,0.3755720256717843,0.3676192327767728,0.4204131786221306,0.37501593356063356,0.37668061218583215,0.0,0.0,0.0,0.41872266140796405,0.0,0.3091658496629566,0.31823248228587553,0.36130336540278696,0.35596476372102076,0.0,0.2922136698448993,0.38510751325473136,0.0,0.34191889364689015,0.0,0.3366047319763781,0.3455127343863111,0.3782599283886891,0.3974999877964568,0.35149603406885754,0.38901349813488606,0.3518198925323063,0.4166518364565906,0.3649658251823678,0.37535019568156125,0.42005620628291335,0.451918023113752,0.42791037227753254,0.0,0.4181336215432231,0.4028844889327782,0.4160851348098529,0.4380022888096147,0.0,0.0,0.0,0.39573003203023804,0.4121559262408563,0.0,0.0,0.0,0.4070537928593375,0.0,0.3728151779224694,0.0,0.0,0.0,0.0,0.0,0.0,0.41924369685210855,0.4027684005432802,0.0,0.0,0.0,0.3870977417534831,0.4210812647938933,0.4211285539506353,0.39074251896106243,0.0,0.38052393985717897,0.43526351814418746,0.41041089514911755,0.0,0.39071787886905823,0.0,0.4097486952964559
0.4131243728305273,0.36130343752613225,0.27987095065555895,0.347506228562889,0.3546947133135727,0.34268548336575916,0.37031282439001284,0.3145133281614141,0.3739695857792035,0.4006901182779808,0.21439334996371845,0.48763075546763546,0.3729090767957767,0.3153608447437175,0.290935674970646,0.3689585940711678,0.0,0.36658744159155987,0.29094337940071047,0.28723332354699566,0.3488208135696874,0.34191889364689015,0.0,0.44353550723775953,0.38024512876587874,0.3947672535839247,0.303281808448732,0.37449362019118754,0.33260089757401823,0.36231457663598005,0.3693202009093687,0.36212895136583084,0.33097053967843265,0.3734498201522331,0.3893735304671759,0.3477819809003187,0.3669757127030147,0.42899989847554615,0.42824133710587564,0.34325128565937285,0.4259620493814791,0.4276827707741194,0.4504238781848032,0.0,0.0,0.0,0.4119052726293798,0.4858593586155229,0.0,0.4825607369499022,0.45993144731600677,0.46247100152628917,0.434031495381533,0.4976537382172449,0.0,0.4331914562898176,0.0,0.4550379259812448,0.45150226807901,0.39238871772481715,0.5062479478388532,0.0,0.0,0.48897453348868675,0.4104353500810123,0.42394707810392446,0.403532287452249,0.46313055200063125,0.0,0.0,0.42280091621012655,0.442692149787158,0.44994267814445676,0.42964377737401066,0.42868734573085054,0.44937485652742515
0.31831599713645525,0.30272961067568677,0.0,0.0,0.0,0.0,0.0,0.4593272788944837,0.0,0.28758056224240364,0.4441618186618247,0.26420428480456243,0.3703211701352845,0.0,0.3992135819349075,0.38204211940253907,0.32158832105805685,0.31638883738049356,0.0,0.5678973935537679,0.4428304191745432,0.0,0.44353550723775953,0.0,0.30272244865355236,0.2910688155060916,0.47302983712896807,0.3357599662144469,0.5420081688975443,0.0,0.3157975066976244,0.28236261184966605,0.20464984075459094,0.2446607752641252,0.1873649672390696,0.38877090878068643,0.0,0.23619932469075344,0.3728271760068142,0.3495231639526874,0.34849319752930075,0.0,0.0,0.0,0.31555283006580437,0.39563283403858773,0.3911614674334892,0.0,0.0,0.0,0.0,0.0,0.0,0.0,0.38817620557832916,0.0,0.39097856538614983,0.0,0.0,0.0,0.401260006406065,0.41952590651739463,0.4027340750830007,0.0,0.0,0.0,0.0,0.0,0.353382506814938,0.4097580996381768,0.41674018065943663,0.0,0.0,0.0,0.0,0.3914328306920366
0.3461160837535432,0.3218559501541244,0.0,0.0,0.4001399667194917,0.34753979873872687,0.38985988987204667,0.4611856618901444,0.3974510579267764,0.29614524012025734,0.0,0.3117638370292587,0.38946011505631983,0.0,0.3215054485811559,0.3449586174303464,0.2829682646348652,0.30783492975558846,0.0,0.35229237337509645,0.3779768911486342,0.3366047319763781,0.38024512876587874,0.30272244865355236,0.0,0.32106827956028194,0.35358746888469883,0.38768882947733796,0.3690817746502078,0.4782296559686794,0.3297589904386444,0.37270836634613363,0.3005614379009472,0.32512202463201373,0.3392203706626804,0.37183832653359855,0.0,0.3156046634471383,0.38755315848034816,0.38408773846824484,0.3801278960163831,0.37709956263395794,0.0,0.0,0.0,0.4025476156712228,0.3783191628558549,0.0,0.0,0.0,0.0,0.0,0.0,0.0,0.4035976574489634,0.0,0.4064124011254931,0.0,0.0,0.37350987102438304,0.377214397389799,0.3978608888400576,0.383418727167422,0.0,0.3717444127901395,0.38797547739534055,0.3815557106276198,0.5123416610021426,0.39283106051608774,0.3947168620451904,0.40530267076625226,0.0,0.0,0.0,0.0,0.40362334532438443
0.31758056136040097,0.35738805019557884,0.0,0.0,0.0,0.3531713393298845,0.39441073600947396,0.4391702742458382,0.0,0.289963959943481,0.0,0.27693734307720835,0.39885721232205096,0.5013138060118943,0.3409683288167504,0.36431995555412416,0.3238475287427192,0.33656171955834646,0.0,0.38679524387812425,0.37097367730749875,0.3455127343863111,0.3947672535839247,0.2910688155060916,0.32106827956028194,0.0,0.38606911158485224,0.38266020631253217,0.3706903892751705,0.0,0.34466881832613183,0.39552427274676816,0.32475830915068843,0.3466370894057551,0.37395665776263787,0.44058757442157626,0.39999443148370983,0.30249438447740556,0.4152234725811945,0.3915627487188618,0.40080733585587713,0.41532870924958365,0.0,0.0,0.35933806555420955,0.4136980799215216,0.4156545299334427,0.0,0.0,0.0,0.44128996383145164,0.0,0.0,0.0,0.40263332235988797,0.0,0.40614132325066016,0.0,0.0,0.4426850528626225,0.397624240638178,0.4082200852900123,0.39303257399064073,0.0,0.40952247046179674,0.4547868591156279,0.43898575588145894,0.41454892700502577,0.38653536894940976,0.4011376578597334,0.4158450681203747,0.42871506514584246,0.0,0.44380815527392115,0.0,0.4099909725661153
0.3945451791742193,0.37506785071465754,0.2699229917579201,0.3702353587256336,0.3552473589162952,0.32997474152989964,0.3773494362850468,0.37200393914455726,0.2938584377804395,0.0,0.33950583635719594,0.0,0.37984870950597166,0.3699659648332884,0.3393166117701508,0.39560296158772656,0.0,0.3777111918994747,0.315335615450354,0.30963927490583654,0.3628661252659007,0.3782599283886891,0.303281808448732,0.47302983712896807,0.35358746888469883,0.38606911158485224,0.0,0.3755044530369305,0.3223992638127765,0.35459939817392483,0.3579903369709958,0.37373790620309477,0.3411476008552008,0.37834498818378626,0.38753998391177996,0.39655622096678744,0.37661805483500826,0.0,0.41722871653727595,0.0,0.43478409390878464,0.4381893051089779,0.4640574962043494,0.0,0.0,0.0,0.4462713490878635,0.4742033896329198,0.0,0.0,0.44394292497264587,0.0,0.42246602761453944,0.47950061115313186,0.0,0.4758200172484149,0.0,0.4552836973190719,0.45934969732229136,0.3959466788574755,0.0,0.0,0.0,0.5231828126112672,0.41983967990470067,0.4190699596613855,0.4072952748756717,0.44574663129250364,0.0,0.0,0.4299449647907624,0.4283648385367075,0.43898543973706894,0.4285000166908466,0.4442793218884865,0.4412623682643871
0.43874653921865037,0.40255134779642865,0.3949475628984858,0.22351257331605717,0.32404633481842676,0.34620401146840046,0.32316556038887206,0.3806009735329234,0.3936741432092515,0.33978411071920045,0.4024855175902007,0.30531096812549574,0.29437623909585037,0.23133272995309664,0.3438555056265508,0.41450011866694136,0.3770969533188076,0.39456019399545555,0.40032291907991036,0.35059993802475475,0.3693361299318405,0.3974999877964568,0.37449362019118754,0.3357599662144469,0.38768882947733796,0.38266020631253217,0.3755044530369305,0.0,0.3064413310250271,0.2791044550397304,0.330134049881523,0.34535588801965983,0.2959394982599343,0.322315529578722,0.2909477807174913,0.2264270892153226,0.22392693707318312,0.2988522076492821,0.3308964591540185,0.0,0.0,0.34807543392654355,0.0,0.4585288782509989,0.0,0.0,0.0,0.5465426442313854,0.0,0.0,0.43840423080630225,0.0,0.41989641392306465,0.0,0.0,0.0,0.0,0.0,0.0,0.0,0.0,0.0,0.0,0.0,0.4323166963811198,0.4328325554947372,0.0,0.4393605898657586,0.0,0.0,0.0,0.4295120065379044,0.0,0.4323556674359257,0.0,0.4889624503814124
0.41800044380218393,0.3670148703754267,0.3908432872361969,0.0,0.36249277879559544,0.28362028816718354,0.38797417674400164,0.32722410989246853,0.3656717364157374,0.0,0.0,0.0,0.36896551232794395,0.0,0.32734431283438925,0.39436929609249816,0.0,0.4124169020726228,0.0,0.29439334253701754,0.3396499231039556,0.35149603406885754,0.33260089757401823,0.5420081688975443,0.3690817746502078,0.3706903892751705,0.3223992638127765,0.3064413310250271,0.0,0.3037278917429766,0.32706300689665957,0.36644325748039625,0.35134080264818757,0.37066039860032507,0.37826777476123785,0.4123496359654067,0.387653136807884,0.0,0.39935496806844095,0.0,0.43091409492648347,0.44892105007901567,0.4809984447489526,0.0,0.0,0.0,0.44302007701135376,0.4916797984313603,0.0,0.0,0.41070761797843774,0.0,0.3988292132741886,0.0,0.0,0.0,0.0,0.4506591693913906,0.0,0.392055294956815,0.0,0.0,0.0,0.0,0.4073598633425555,0.39583855954133984,0.3934487562796719,0.40875717792669747,0.0,0.0,0.4365443437701109,0.4055334973842637,0.42480187710929046,0.4041191338511788,0.4371248367329914,0.4292746565212488
0.0,0.3541549808437249,0.4202466871908296,0.0,0.0,0.3762537399821116,0.36718425951804373,0.37837208294858443,0.4029782060634958,0.0,0.4754965790970325,0.0,0.3567915527222124,0.0,0.3383298485513457,0.4085297012247352,0.0,0.45059091083987235,0.4587715834380586,0.2669493838290303,0.3531815383153176,0.38901349813488606,0.36231457663598005,0.0,0.4782296559686794,0.0,0.35459939817392483,0.2791044550397304,0.3037278917429766,0.0,0.28447008887120856,0.36216054188250313,0.0,0.2965987827968923,0.3208090064270664,0.3900255681142116,0.34015751089230073,0.0,0.0,0.0,0.0,0.0,0.0,0.0,0.0,0.0,0.0,0.0,0.0,0.0,0.46709680912933443,0.0,0.5111408249029944,0.0,0.0,0.0,0.0,0.0,0.0,0.0,0.0,0.0,0.0,0.0,0.41881012406035206,0.38220011906261514,0.0,0.4386555690131117,0.0,0.0,0.0,0.4280390118552286,0.0,0.4459756161855622,0.0,0.0
0.3354640131827896,0.32469857699213844,0.39881062990969984,0.28365724759781014,0.3764208326152831,0.37798325051771675,0.3535768093466024,0.37171696705882185,0.41177896970109584,0.3013795937668712,0.43008455035839077,0.31182585583305195,0.3645767255100214,0.3665029789595832,0.35637651003482035,0.3448139905616284,0.32277083007656493,0.3368820910559353,0.4139888896627519,0.3452040710473626,0.35203979254095047,0.3518198925323063,0.3693202009093687,0.3157975066976244,0.3297589904386444,0.34466881832613183,0.3579903369709958,0.330134049881523,0.32706300689665957,0.28447008887120856,0.0,0.3393720277443179,0.3046117888654589,0.23981744492868307,0.18336022616768827,0.33834682308764147,0.2550143855459143,0.28421990495410043,0.3763059943352818,0.3264500150329743,0.38713346112571456,0.0,0.0,0.0,0.0,0.3836809645890454,0.38051814557109886,0.0,0.0,0.0,0.441541197262165,0.0,0.428221685086022,0.0,0.39039806148282225,0.0,0.3984845787825286,0.0,0.0,0.34257776160277503,0.3708559736149989,0.35449958968623346,0.39619180814020405,0.0,0.3942704049787673,0.391353760753304,0.40175947094138204,0.42069687865004646,0.3699329147536832,0.39765595441870905,0.4060015073906881,0.42636507223043457,0.0,0.42865512958405144,0.0,0.0
0.3863355888394828,0.4006712113156621,0.36996646770913477,0.312457866948103,0.37051674406489554,0.37062651120151474,0.36003175267609694,0.3755062318156174,0.3795895891064633,0.304957366124332,0.42015123384987435,0.2578834713575344,0.35796173634142253,0.24096391531093,0.39776683010855723,0.4287345163775648,0.3668279647404016,0.3918655350417829,0.37970575758624037,0.4076956027833882,0.39299010489159847,0.4166518364565906,0.36212895136583084,0.28236261184966605,0.37270836634613363,0.39552427274676816,0.37373790620309477,0.34535588801965983,0.36644325748039625,0.36216054188250313,0.3393720277443179,0.0,0.35606014312757656,0.29047731582934505,0.31334229782533823,0.29858546202190456,0.30995912422884153,0.2259976717182349,0.27480708983994756,0.24532273367425844,0.2603366225789037,0.2913136257942383,0.2855973515799671,0.2787382387323717,0.264799092358452,0.4306629322417155,0.42344025258471246,0.4641033296135449,0.0,0.0,0.408352175319902,0.0,0.408530988538578,0.0,0.27746569783173775,0.0,0.25985423523343615,0.33124421213730915,0.0,0.41481694298611965,0.40534787010411666,0.0,0.399015958715214,0.0,0.39876896374018034,0.42603577030325007,0.4271280030170382,0.41685596417495435,0.2594399538692049,0.4063939888709482,0.42793155352229717,0.4141137615413835,0.3214189039906712,0.41179943524553236,0.0,0.3181579334751394
0.28080981464566185,0.31983912424318284,0.0,0.3777094383796763,0.0,0.3493329414631905,0.0,0.34748416881560934,0.0,0.3046230196908267,0.40758529458905873,0.25045686061930045,0.3592723705529145,0.0,0.34917333717040244,0.3603082157084778,0.3160542183408677,0.3284897748764437,0.0,0.37060698875026993,0.32650386026735045,0.3649658251823678,0.33097053967843265,0.20464984075459094,0.3005614379009472,0.32475830915068843,0.3411476008552008,0.2959394982599343,0.35134080264818757,0.0,0.3046117888654589,0.35606014312757656,0.0,0.21015934992756807,0.30248819019722806,0.4494679363694428,0.2876626562246892,0.15677062167070877,0.23003983115360135,0.23897831682926665,0.26572423746196233,0.2625030211943766,0.22974179289310623,0.2527678897785545,0.2443268914434524,0.4193471822350819,0.39005428524261765,0.0,0.0,0.0,0.32822681016043415,0.0,0.29762635284339445,0.0,0.340727441010279,0.0,0.35026924414492905,0.0,0.0,0.40008124246906873,0.3858464788075623,0.3819648841050276,0.3865514174393343,0.0,0.3793522688422213,0.3922734504391897,0.41157370705552826,0.34841784530130304,0.3156948045026751,0.40572699110254457,0.40441141684740695,0.3521486900804376,0.29329252053272853,0.0,0.0,0.34958389138215373
0.3302063911493426,0.3291171657506052,0.39687906869636275,0.2503142960263918,0.37815709308028284,0.37719791527584434,0.35717850680227886,0.36597140827149666,0.40505668603081524,0.29978944107459393,0.4239687124240324,0.2302073867535319,0.3642796065898662,0.0,0.37396708404109524,0.3550171482737532,0.33168039589848947,0.3472703160964175,0.410385765088564,0.3836244935728129,0.35954321199849426,0.37535019568156125,0.3734498201522331,0.2446607752641252,0.32512202463201373,0.3466370894057551,0.37834498818378626,0.322315529578722,0.37066039860032507,0.2965987827968923,0.23981744492868307,0.29047731582934505,0.21015934992756807,0.0,0.2045561542937429,0.35418959086905605,0.27624651500088593,0.18872692395571966,0.24701056476013836,0.29932987419666524,0.2782211321706468,0.2680804685312553,0.309640596944809,0.2938987699496633,0.2569001042064317,0.38786121892947856,0.38894135477060193,0.0,0.0,0.0,0.4268533687375387,0.0,0.4353826050095615,0.0,0.3443175540785333,0.0,0.35151512844562255,0.0,0.0,0.40655596554987733,0.37819821861913283,0.420453643981169,0.3895473074402334,0.0,0.3693678761812038,0.4131428064896241,0.414397507816118,0.4088557782938991,0.3234181029286149,0.39309491453276496,0.40927012559839976,0.40954923234324875,0.32222805126578574,0.41950556099571973,0.0,0.3969198549296962
0.36055655514444807,0.3550615174249602,0.38882756249860817,0.2902960934700031,0.2595107878339887,0.3759141469284886,0.3706366642376167,0.4015417824567144,0.3882272261265726,0.293173515207003,0.3995636333425874,0.24988675097316346,0.3367440046643317,0.0,0.4120351183051978,0.37947272609859967,0.33062343078931244,0.3572435573381441,0.4049200819506048,0.4271580052354133,0.40491536765951575,0.42005620628291335,0.3893735304671759,0.1873649672390696,0.3392203706626804,0.37395665776263787,0.38753998391177996,0.2909477807174913,0.37826777476123785,0.3208090064270664,0.18336022616768827,0.31334229782533823,0.30248819019722806,0.2045561542937429,0.0,0.39226580276239875,0.30254945376592884,0.19801533033904803,0.2592372329787201,0.2579473938680289,0.2439655041693609,0.2929700331943583,0.3166562560947145,0.3098757976633384,0.0,0.3362111576803421,0.38702850048035686,0.0,0.0,0.0,0.0,0.0,0.0,0.0,0.0,0.0,0.322300572461354,0.0,0.0,0.43285407506331414,0.3969682098610911,0.0,0.3992086423797391,0.0,0.4106138927995205,0.4695102992459266,0.43127777837201736,0.0,0.0,0.3978005179165938,0.41220033796735095,0.4196492081921654,0.0,0.0,0.0,0.0
0.0,0.644388409092197,0.36566922658436335,0.15956010830636588,0.2057714709419878,0.37697227769657876,0.2521989632624226,0.2194916908030348,0.3799207698975767,0.35494276764233573,0.2687111457549952,0.286752178171137,0.2682663563146309,0.17962920428127904,0.4200771168573858,0.593840739550109,0.37349494132164174,0.0,0.36334619068265994,0.4530714978574146,0.4232852033798711,0.451918023113752,0.3477819809003187,0.38877090878068643,0.37183832653359855,0.44058757442157626,0.39655622096678744,0.2264270892153226,0.4123496359654067,0.3900255681142116,0.33834682308764147,0.29858546202190456,0.4494679363694428,0.35418959086905605,0.39226580276239875,0.0,0.17401432575130343,0.2756301305929312,0.2676248086842839,0.0,0.2561846254188708,0.25973801771214994,0.3228643045746999,0.0,0.0,0.0,0.0,0.0,0.0,0.39873672456686227,0.43478645518491266,0.0,0.3389706061385207,0.5111849805629998,0.0,0.37371722082783093,0.0,0.0,0.33897967233229087,0.5216564011711404,0.0,0.0,0.0,0.46249727649608857,0.0,0.0,0.0,0.43030173277362227,0.0,0.0,0.0,0.4384366914086941,0.3427378842662806,0.0,0.0,0.0
0.0,0.43878400888128555,0.3954906505841416,0.1646962007412542,0.26485177092389806,0.3736157077407006,0.2628736339515964,0.31657414890754965,0.38672566813112647,0.2988198240611306,0.3907934672570659,0.265186175105717,0.2786676958899095,0.153325815900705,0.41850846590702967,0.0,0.25799288987707847,0.0,0.4084381441676003,0.0,0.0,0.42791037227753254,0.3669757127030147,0.0,0.0,0.39999443148370983,0.37661805483500826,0.22392693707318312,0.387653136807884,0.34015751089230073,0.2550143855459143,0.30995912422884153,0.2876626562246892,0.27624651500088593,0.30254945376592884,0.17401432575130343,0.0,0.2542597463404171,0.23617608083832212,0.0,0.24361465367210508,0.2773591030152161,0.28466518556158665,0.2480555234756494,0.0,0.0,0.0,0.0,0.0,0.0,0.0,0.0,0.0,0.0,0.0,0.0,0.0,0.0,0.0,0.0,0.0,0.0,0.0,0.0,0.0,0.0,0.0,0.0,0.0,0.0,0.0,0.5648948694387975,0.0,0.0,0.0,0.0
0.4119355167219422,0.0,0.0,0.0,0.40153856764299994,0.4064064492593592,0.367778466117351,0.0,0.39804043514742365,0.28280002725067505,0.41158130497046563,0.21727987501286278,0.34298655683240026,0.0,0.0,0.0,0.3281601518119951,0.0,0.4206557605853299,0.0,0.599525944165641,0.0,0.42899989847554615,0.23619932469075344,0.3156046634471383,0.30249438447740556,0.0,0.2988522076492821,0.0,0.0,0.28421990495410043,0.2259976717182349,0.15677062167070877,0.18872692395571966,0.19801533033904803,0.2756301305929312,0.2542597463404171,0.0,0.23438851461300117,0.23312734986881561,0.2346649109781665,0.23191826799156187,0.0,0.0,0.23214566843837114,0.0,0.0,0.0,0.0,0.0,0.0,0.0,0.0,0.0,0.29832949349148113,0.0,0.29035025245947577,0.0,0.0,0.0,0.0,0.0,0.0,0.0,0.0,0.0,0.0,0.0,0.2977068627306742,0.0,0.36316452551750805,0.0,0.0,0.0,0.0,0.24509808828018517
0.3859614919432725,0.4125385042605916,0.0,0.24956195196765069,0.0,0.4066186864124602,0.0,0.40161079755796436,0.4091988007336892,0.2955479682556708,0.4273193524810917,0.2340800907684396,0.3685104207680571,0.0,0.40968119987408913,0.4009285641708397,0.3880168620307023,0.3898868902369327,0.0,0.3902892016544404,0.42001348613843753,0.4181336215432231,0.42824133710587564,0.3728271760068142,0.38755315848034816,0.4152234725811945,0.41722871653727595,0.3308964591540185,0.39935496806844095,0.0,0.3763059943352818,0.27480708983994756,0.23003983115360135,0.24701056476013836,0.2592372329787201,0.2676248086842839,0.23617608083832212,0.23438851461300117,0.0,0.3025983799702774,0.30376452815321564,0.31191556843256707,0.24941265178658936,0.2829568800891609,0.24806081604644084,0.3561363460415427,0.3665189207246645,0.36211518527917763,0.24650145553492406,0.34657338015455946,0.3368184144189868,0.36896157913570965,0.37195791174378967,0.35584163760648785,0.2815092680946516,0.36072248720812095,0.2514563228255022,0.35397454388746097,0.0,0.39307858700900733,0.3763094297683779,0.3518453409810098,0.35615496206927616,0.3525229961673201,0.39929789711051167,0.3809029811147267,0.3940044604347106,0.3581879944216544,0.3038212341697564,0.34833311446672927,0.3747450872162276,0.3743779767625767,0.31290873788455803,0.37488224688982424,0.3061402564864511,0.33905972188499406
