0.0,0.402080173048557,0.0,0.0,0.0,0.41866854253644276,0.0,0.4665682796244233,0.0,0.39560323129319946,0.0,0.3744627929659864,0.0,0.4729682684287604,0.35838782035017175,0.3755235242443286,0.3458247053178211,0.35056935442009246,0.0,0.401273448201736,0.38715445972620943,0.38745184283625156,0.4297853713927954,0.34565032110764815,0.3644411928567709,0.3546078573349681,0.4260768833690506,0.46068850229204983,0.43949221563500945,0.0,0.34559402981714954,0.39381030191121874,0.2990604198210243,0.32721707382127835,0.3723577438652056,0.0,0.0,0.4341971472010956,0.3944419967331899,0.36264244683892133,0.365181697771023,0.0,0.0,0.0,0.0,0.38437523319177613,0.432658452308741,0.0,0.0,0.0,0.4958547260114863,0.0,0.0,0.0,0.4372314769437334,0.0,0.0,0.0,0.0,0.0,0.40853731943571653,0.0,0.3862011654687828,0.0,0.31919032664212926,0.0,0.40785531475438846,0.0,0.31979067628588626,0.38076130876760805,0.428502170451637,0.0,0.0,0.42168046255175856,0.0,0.3944357836098067
0.402080173048557,0.0,0.0,0.0,0.3969782986026908,0.37875066015828407,0.40061068065895844,0.42762020684978386,0.37004656713190054,0.3832619225255824,0.0,0.0,0.40756428086110497,0.0,0.37476862433337355,0.3748156090670762,0.39638622635662235,0.3697903702846405,0.0,0.39281415691760835,0.36184973701482237,0.38155375426310933,0.3935520255966339,0.0,0.3454068191500489,0.3789013685653946,0.38255941345098227,0.40512650110696286,0.3957129441447183,0.0,0.3490036526448428,0.4037572609746955,0.3119431413168687,0.3399919806639407,0.3794299063458716,0.0,0.0,0.0,0.4171407936240106,0.4030987821210114,0.39093709044395386,0.4112973762318137,0.0,0.0,0.0,0.4319965724010725,0.43063593513960885,0.0,0.0,0.0,0.4311624633124908,0.0,0.0,0.0,0.0,0.0,0.0,0.0,0.0,0.4185393125755298,0.41989407626635444,0.0,0.40043502033872724,0.0,0.4089772237783957,0.4309923614956269,0.41658347661473,0.4571216296123363,0.0,0.4125989071747159,0.4460700984182531,0.4417278067499053,0.0,0.41820838911354097,0.0,0.39566004310628106
0.0,0.0,0.0,0.453164959773579,0.37296776319557956,0.35909539076158836,0.4069899575860045,0.4305279155227574,0.31902084914522166,0.4907737662765793,0.3264675225709756,0.0,0.41825998493258165,0.4066461932559128,0.0,0.0,0.0,0.0,0.26376429907523646,0.0,0.0,0.0,0.28003537566888154,0.0,0.0,0.0,0.3127694746948187,0.4311997675353339,0.4584119527965956,0.0,0.4462583458027571,0.4031136709392983,0.0,0.4337525255267844,0.439538732506642,0.3927910049310168,0.4292946263710709,0.0,0.48200759874780813,0.0,0.0,0.0,0.4478110494174575,0.0,0.0,0.0,0.0,0.4501641863628613,0.0,0.5176587995587458,0.5130967060265601,0.0,0.5127423162099176,0.5106567760137828,0.0,0.4652673549728684,0.0,0.0,0.4672940176934547,0.0,0.0,0.0,0.0,0.4417779621416413,0.0,0.0,0.0,0.5288386999023972,0.0,0.0,0.0,0.5242930103447255,0.0,0.0,0.0,0.0
0.0,0.0,0.453164959773579,0.0,0.2595529781815923,0.3909007825141382,0.27479354947591283,0.2820660738587311,0.39090786781164727,0.35620945582512653,0.36176915357728034,0.0,0.3087481864517569,0.23913399353252665,0.0,0.0,0.0,0.0,0.39802112565449826,0.0,0.0,0.0,0.3794735112855239,0.0,0.0,0.0,0.3944232238516639,0.2514514316051992,0.4699237922437659,0.0,0.3283185757843018,0.2647278767788922,0.24874404787378307,0.23339584572515779,0.22402367677573332,0.1825218150595724,0.17017595183630208,0.25410012294262546,0.0,0.0,0.0,0.0,0.0,0.0,0.0,0.0,0.0,0.0,0.0,0.0,0.0,0.0,0.0,0.0,0.0,0.0,0.0,0.0,0.0,0.0,0.0,0.0,0.0,0.0,0.0,0.0,0.0,0.0,0.0,0.0,0.0,0.0,0.0,0.0,0.0,0.0
0.0,0.3969782986026908,0.37296776319557956,0.2595529781815923,0.0,0.36768573788133957,0.3096829281424072,0.3698761048212984,0.30808184822199847,0.41487538093872073,0.3217578993726962,0.42202933992015434,0.34728712320502364,0.271743540729622,0.0,0.42518490716032376,0.47815584101297703,0.47524883675973484,0.3650744234703368,0.3681362254767354,0.0,0.3773554490260314,0.3866780139839429,0.4255679432379784,0.40075382575414265,0.4363004608599315,0.37577415838237854,0.34062240712821523,0.3961752274181092,0.0,0.4294227003592359,0.3481586702581143,0.4336219624955266,0.39116414923394266,0.3287455355689507,0.23874134443170375,0.31938451803347695,0.4019881535725287,0.48362062719762794,0.0,0.0,0.0,0.40278035829818054,0.0,0.0,0.0,0.0,0.48922034387343927,0.0,0.0,0.5177643934475838,0.0,0.46726623627201014,0.5240992002792068,0.0,0.4507404629313683,0.0,0.0,0.43224992045223887,0.0,0.0,0.0,0.0,0.0,0.0,0.0,0.0,0.4750342544392599,0.0,0.0,0.0,0.49878921855075564,0.0,0.0,0.0,0.0
0.41866854253644276,0.37875066015828407,0.35909539076158836,0.3909007825141382,0.36768573788133957,0.0,0.3933056796352049,0.42400908936371046,0.34283280717838005,0.43063772726282157,0.3788909222294857,0.0,0.3764054340896282,0.44482907102273067,0.38163843368639017,0.41492865601400003,0.0,0.3931492223154198,0.38460682136920493,0.3819787603672106,0.38627314976909294,0.39227714591627316,0.39219507405645104,0.0,0.3694072486987454,0.3722677512611344,0.3651001519251549,0.382682376769711,0.3302415944999013,0.3973717046536751,0.42224893142805203,0.396600535713891,0.36478472685998364,0.41577727668602127,0.418651126834349,0.41258423572558045,0.4131883360862607,0.4347139728135984,0.46611267576495685,0.0,0.4660728837410437,0.5240031895847498,0.4535922227206638,0.0,0.0,0.0,0.0,0.5107660957316335,0.0,0.5510850140481924,0.4782326636957152,0.4972240273258188,0.4844860881491481,0.51845122165188,0.0,0.524416711294825,0.0,0.47647734435760136,0.5103694880517259,0.42254155641685126,0.0,0.0,0.0,0.5000015216193726,0.44092233474723197,0.42874753558544587,0.0,0.4884549505725401,0.0,0.0,0.0,0.4870005508259808,0.46804437065687765,0.4754883957410921,0.0,0.4738341700470601
0.0,0.40061068065895844,0.4069899575860045,0.27479354947591283,0.3096829281424072,0.3933056796352049,0.0,0.4153069373128235,0.3765630147832118,0.3780684409785032,0.4052013042435661,0.374568425765962,0.31981958579995323,0.3163768791440095,0.0,0.41574319711939967,0.41929030278765167,0.40116352074221756,0.4206835994096454,0.40685243898835644,0.0,0.41143767624054695,0.40823120319665485,0.3712724290688334,0.380219561409818,0.3953847220738314,0.4055943703683246,0.3369606299466518,0.4034937247073746,0.0,0.36742055876388835,0.3615024739148495,0.3647212752987717,0.34395213716425493,0.2607420409429765,0.2822269103600992,0.29084541822913984,0.33794742092224295,0.5605810923565954,0.0,0.0,0.0,0.49352586275191135,0.0,0.0,0.0,0.0,0.5570586506199353,0.0,0.0,0.5041202449908778,0.0,0.0,0.5815303017499454,0.46222194674291567,0.0,0.0,0.0,0.0,0.0,0.0,0.0,0.0,0.0,0.0,0.0,0.0,0.4795222258125063,0.0,0.0,0.0,0.48540253588842286,0.0,0.0,0.0,0.0
0.4665682796244233,0.42762020684978386,0.4305279155227574,0.2820660738587311,0.3698761048212984,0.42400908936371046,0.4153069373128235,0.0,0.43992221657647995,0.0,0.32672241929811685,0.0,0.41866339729826163,0.3395334639316455,0.0,0.4396262731996832,0.0,0.43143393261026536,0.37514618503380937,0.0,0.39771093578923744,0.0,0.37481693672386024,0.47899219726700587,0.42733997096670434,0.4540245218727152,0.439875064171445,0.4152555009072859,0.38174883910127394,0.40889060828891516,0.4286820109178759,0.2821416545825542,0.0,0.4263866564871723,0.4265386443998808,0.2342991448131889,0.3569889628448037,0.0,0.3996719247190556,0.0,0.43451312782433593,0.0,0.42438114534086707,0.0,0.0,0.0,0.0,0.4525584452486911,0.0,0.49596176437984274,0.4294706298173391,0.4482085639298178,0.3276515978859646,0.4541374248870769,0.0,0.464598841624441,0.0,0.4352917488055498,0.0,0.0,0.0,0.0,0.0,0.49118578303432164,0.0,0.300453692575151,0.0,0.4248134629612647,0.0,0.0,0.0,0.4466197207847296,0.425868858790074,0.41594560689064225,0.0,0.44881660759117153
0.0,0.37004656713190054,0.31902084914522166,0.39090786781164727,0.30808184822199847,0.34283280717838005,0.3765630147832118,0.43992221657647995,0.0,0.4526866020808401,0.2923537990943413,0.4389800384114785,0.37675520736057305,0.4031395173733683,0.0,0.0,0.0,0.0,0.3086437687508946,0.3559805288406148,0.0,0.37843582048396945,0.39513368588341397,0.4926586621483153,0.3975310310425269,0.0,0.35449301479809453,0.42783324696676367,0.3776622566592372,0.4205261731808433,0.46068177987279957,0.4089786855600132,0.42646210996194095,0.4397627240244187,0.4170355201585994,0.4107356302118935,0.418362347281557,0.4199620415983921,0.4776644525900612,0.0,0.0,0.0,0.4471890529816422,0.0,0.0,0.0,0.0,0.508392734125902,0.0,0.5469839568473138,0.49451045964498686,0.5393059123657445,0.5358862365129405,0.5176735617245282,0.0,0.47820600807289526,0.0,0.5496200702951765,0.4833408363389916,0.0,0.0,0.0,0.0,0.497088626256828,0.0,0.0,0.0,0.51124365046263,0.0,0.0,0.0,0.5148748566558903,0.0,0.0,0.0,0.0
0.39560323129319946,0.3832619225255824,0.4907737662765793,0.35620945582512653,0.41487538093872073,0.43063772726282157,0.3780684409785032,0.0,0.4526866020808401,0.0,0.4525605861583552,0.27796810847435877,0.3855489431147233,0.41106407552973817,0.0,0.3586513083846411,0.30237514833285206,0.322755199687424,0.4604433350264241,0.43745867791330356,0.44582184449043377,0.0,0.4426475208137859,0.3109041906907077,0.30759630702360674,0.33405579370162075,0.4551025111580382,0.3632122460257205,0.0,0.0,0.3132501176278075,0.350970566771885,0.2617065274490122,0.2462181051215435,0.24485678305594197,0.3663513452038613,0.3173572014136213,0.23707384166364712,0.3935314226109798,0.30051469918317314,0.32969834063199305,0.0,0.0,0.0,0.2989524966598994,0.0,0.0,0.0,0.0,0.0,0.0,0.0,0.0,0.0,0.4198281476224816,0.0,0.42586165935650355,0.0,0.0,0.0,0.0,0.39187107602807747,0.37679141442106134,0.0,0.0,0.0,0.0,0.0,0.4064268780042559,0.4007863349135222,0.4225635754010091,0.0,0.0,0.0,0.0,0.38041115830275024
0.0,0.0,0.3264675225709756,0.36176915357728034,0.3217578993726962,0.3788909222294857,0.4052013042435661,0.32672241929811685,0.2923537990943413,0.4525605861583552,0.0,0.4451759292936771,0.42360241885217603,0.27401394638747295,0.0,0.0,0.5533944138901403,0.6450470136398206,0.25383742430334993,0.0,0.0,0.0,0.3389703217608663,0.4660884118497191,0.5659930379011993,0.0,0.3711450955168684,0.4267537973467166,0.0,0.0,0.4716100296889517,0.331859153136498,0.460902865266078,0.4365446163349758,0.42084116940149247,0.29385541874880483,0.41518991384967013,0.42984601566688896,0.42970257912522236,0.0,0.0,0.0,0.3944791293322268,0.0,0.0,0.0,0.0,0.3588334474060917,0.0,0.4340666992929634,0.4926595258165595,0.4408219789199967,0.454432914704045,0.41829577178288646,0.0,0.34055109394050354,0.0,0.48491619563888017,0.4043699080667069,0.0,0.0,0.0,0.0,0.1897584966103338,0.0,0.0,0.0,0.47730161230253154,0.0,0.0,0.0,0.4868860890392085,0.0,0.0,0.0,0.0
0.3744627929659864,0.0,0.0,0.0,0.42202933992015434,0.0,0.374568425765962,0.0,0.4389800384114785,0.27796810847435877,0.4451759292936771,0.0,0.38198932641927646,0.0,0.0,0.0,0.3341035056586466,0.3417671037784627,0.0,0.0,0.47350129836446914,0.0,0.0,0.28234430419107875,0.319465716916895,0.27682079082965,0.0,0.33264190565688945,0.0,0.0,0.32331862802379946,0.23880686194505577,0.2109118506180362,0.19048266026086988,0.23637647949289836,0.3077834260080078,0.29023126233035373,0.1736594634341317,0.0,0.3135553512420923,0.39984358391148306,0.0,0.0,0.0,0.2861328274060473,0.0,0.0,0.0,0.0,0.0,0.0,0.0,0.0,0.0,0.44314709067114394,0.0,0.4434761641806032,0.0,0.0,0.0,0.0,0.40941426164430716,0.3896116262714071,0.0,0.0,0.0,0.0,0.0,0.4294576764790513,0.4080345121833153,0.4195970838230018,0.0,0.0,0.0,0.0,0.0
0.0,0.40756428086110497,0.41825998493258165,0.3087481864517569,0.34728712320502364,0.3764054340896282,0.31981958579995323,0.41866339729826163,0.37675520736057305,0.3855489431147233,0.42360241885217603,0.38198932641927646,0.0,0.3573005425108813,0.386456412281452,0.4251184465594761,0.40727050582862667,0.4071134766137897,0.43080751441022475,0.41088565901639035,0.41457881562837645,0.4184085415127857,0.41434327485700717,0.389256314364343,0.38594852669010743,0.395838496376536,0.40972697442306927,0.33724303995566474,0.3858976820361949,0.3455293667299412,0.373843152827794,0.37740218306001233,0.36661625422290467,0.3824154414897397,0.365833247398558,0.3191506919380685,0.3402335442924145,0.35717273434637853,0.4637471025843692,0.0,0.0,0.0,0.4597418158163597,0.0,0.0,0.0,0.0,0.5514766617939197,0.0,0.0,0.4863916132133888,0.0,0.0,0.5786530724215694,0.45099533045092727,0.0,0.0,0.0,0.0,0.0,0.0,0.0,0.0,0.0,0.5211720690556834,0.0,0.0,0.4748854799283121,0.0,0.0,0.0,0.47018771589212593,0.5215270281114434,0.5198841526203647,0.0,0.0
0.4729682684287604,0.0,0.4066461932559128,0.23913399353252665,0.271743540729622,0.44482907102273067,0.3163768791440095,0.3395334639316455,0.4031395173733683,0.41106407552973817,0.27401394638747295,0.0,0.3573005425108813,0.0,0.0,0.0,0.3369719732994174,0.3961429616606077,0.3574388763540546,0.0,0.4446471632487549,0.0,0.4058214401208912,0.6513825412244589,0.0,0.5165550020216265,0.436578437808858,0.26220136244420883,0.0,0.0,0.34277063402065566,0.20950815324052247,0.0,0.3613374677268447,0.18838525681094798,0.1804781117166664,0.16285742423273547,0.0,0.0,0.0,0.0,0.0,0.0,0.0,0.0,0.0,0.0,0.0,0.0,0.0,0.0,0.0,0.0,0.0,0.0,0.0,0.0,0.0,0.0,0.0,0.0,0.0,0.0,0.0,0.0,0.0,0.0,0.3890501265938699,0.0,0.0,0.0,0.0,0.0,0.0,0.0,0.0
0.35838782035017175,0.37476862433337355,0.0,0.0,0.0,0.38163843368639017,0.0,0.0,0.0,0.0,0.0,0.0,0.386456412281452,0.0,0.0,0.3754309136357017,0.0,0.36363086888146057,0.0,0.31162603712759523,0.3535454469616848,0.3321229710531662,0.34943432131469765,0.41303666747890927,0.3510784554311507,0.35519002625628493,0.3751888723156145,0.39115692373502187,0.3788576234147938,0.0,0.3736495876415265,0.3965970060612215,0.35917055421787303,0.3949931586158143,0.4291345035472551,0.43680807707218283,0.4047630078273199,0.0,0.42833039536606604,0.39896828848348803,0.4390645050616082,0.4558907680323937,0.5025393812375619,0.0,0.0,0.3390104078212959,0.4567286492306229,0.0,0.0,0.0,0.4091891300144494,0.0,0.3684639301993321,0.0,0.0,0.0,0.0,0.5212376401951457,0.0,0.3885011527380672,0.47457466276778465,0.0,0.0,0.0,0.39374862611855715,0.41684407066939727,0.4336900464340854,0.4125463799565091,0.0,0.0,0.471581718467501,0.40941592024321893,0.47139714613044587,0.4061195435372128,0.5080636940179434,0.4407492611989075
0.3755235242443286,0.3748156090670762,0.0,0.0,0.42518490716032376,0.41492865601400003,0.41574319711939967,0.4396262731996832,0.0,0.3586513083846411,0.0,0.0,0.4251184465594761,0.0,0.3754309136357017,0.0,0.34457118111875235,0.3101875486556081,0.0,0.3884081585655374,0.3649987771965152,0.3706683740101739,0.39964331848727735,0.37842393587187,0.3689269621941056,0.37886901461746025,0.39891521939208874,0.4176139947243049,0.40848573804153593,0.409512749449326,0.3455717987266779,0.42599038427536934,0.3198340504245429,0.3554709644080525,0.40033079151492723,0.0,0.0,0.0,0.408405453768661,0.395237688957547,0.38494306734426753,0.391793735405573,0.0,0.0,0.0,0.433926402737823,0.4195770414600629,0.0,0.0,0.0,0.0,0.0,0.0,0.0,0.0,0.0,0.0,0.0,0.0,0.4602753870663129,0.408474965329239,0.0,0.38652359700037187,0.0,0.42601887080934087,0.4377469853409928,0.4074032420775697,0.0,0.0,0.4019323755768325,0.43447401993987933,0.0,0.0,0.4509139928353042,0.0,0.39318047172437487
0.3458247053178211,0.39638622635662235,0.0,0.0,0.47815584101297703,0.0,0.41929030278765167,0.0,0.0,0.30237514833285206,0.5533944138901403,0.3341035056586466,0.40727050582862667,0.3369719732994174,0.0,0.34457118111875235,0.0,0.304157007905917,0.0,0.3992857224407009,0.0,0.3652689083428944,0.0,0.35107740370734025,0.30019914898841515,0.3413272091047077,0.0,0.381312268332038,0.44061418200794955,0.6931121774032823,0.3273444021115813,0.38125369678716703,0.3011831227446046,0.32048143220878716,0.3285770092627342,0.37884200779047644,0.0,0.2969065637426475,0.0,0.34423751608945613,0.3721266974642473,0.0,0.0,0.0,0.0,0.0,0.0,0.0,0.0,0.0,0.0,0.0,0.0,0.0,0.4234900211928156,0.0,0.4185547055084195,0.0,0.0,0.0,0.0,0.40457218010480267,0.3755144921855934,0.0,0.0,0.0,0.0,0.0,0.42521685349121796,0.393655121520325,0.41976497027324944,0.0,0.0,0.0,0.0,0.4495838573901259
0.35056935442009246,0.3697903702846405,0.0,0.0,0.47524883675973484,0.3931492223154198,0.40116352074221756,0.43143393261026536,0.0,0.322755199687424,0.6450470136398206,0.3417671037784627,0.4071134766137897,0.3961429616606077,0.36363086888146057,0.3101875486556081,0.304157007905917,0.0,0.0,0.3859428357203453,0.36158058719626873,0.37688071230885034,0.3876723070292046,0.33397178394907134,0.3316823836324344,0.34780603267945565,0.38662093663006186,0.4010377343617187,0.40190256679691866,0.4229343077702702,0.34322275197738555,0.38410690468103514,0.2862413296924202,0.3288146199073812,0.3493218597949609,0.3537593813639686,0.0,0.32827737850623173,0.3746777092253953,0.3555483742961978,0.3538484897142794,0.0,0.0,0.0,0.0,0.41204418849962393,0.39666084689911574,0.0,0.0,0.0,0.0,0.0,0.0,0.0,0.4037740618722415,0.0,0.4113416999623437,0.0,0.0,0.0,0.38335462033486667,0.38558127345995435,0.37164202399003465,0.0,0.0,0.0,0.39531253109574355,0.0,0.4069278609494033,0.38040280515673863,0.412713180255105,0.0,0.0,0.0,0.0,0.3814897340789093
0.0,0.0,0.26376429907523646,0.39802112565449826,0.3650744234703368,0.38460682136920493,0.4206835994096454,0.37514618503380937,0.3086437687508946,0.4604433350264241,0.25383742430334993,0.0,0.43080751441022475,0.3574388763540546,0.0,0.0,0.0,0.0,0.0,0.0,0.0,0.0,0.2526837561527862,0.0,0.0,0.0,0.3696272722876626,0.43824875661914214,0.5650912184053024,0.0,0.45700655813100677,0.39508503202617434,0.0,0.4343444695063151,0.42176108364839215,0.3935156282176984,0.42773591696044994,0.4701894308724035,0.523878731443443,0.0,0.0,0.0,0.41462964836522725,0.0,0.0,0.0,0.0,0.41973390874678174,0.0,0.5322577337415023,0.4915697147260535,0.0,0.4791917710117985,0.48334392425501,0.0,0.3940919809957647,0.0,0.0,0.4380390979474271,0.0,0.0,0.0,0.0,0.36130932338088384,0.0,0.0,0.0,0.48588749141751264,0.0,0.0,0.0,0.49102354864446174,0.0,0.0,0.0,0.0
0.401273448201736,0.39281415691760835,0.0,0.0,0.3681362254767354,0.3819787603672106,0.40685243898835644,0.0,0.3559805288406148,0.43745867791330356,0.0,0.0,0.41088565901639035,0.0,0.31162603712759523,0.3884081585655374,0.3992857224407009,0.3859428357203453,0.0,0.0,0.38470135959539153,0.35534892666421225,0.3453239955762773,0.0,0.3839327667535495,0.4095850303577215,0.3283829040448088,0.3768806655907239,0.317621734024531,0.35483899995697343,0.35425136836488824,0.40361065977095484,0.3769491911553696,0.3931314108639339,0.4196502801059446,0.46461840791044773,0.0,0.0,0.45033066844797776,0.42415514181944264,0.45623067546501805,0.46416086570281395,0.6454376839197086,0.0,0.0,0.0,0.43158841304833234,0.0,0.0,0.0,0.4598846413832345,0.0,0.48511043914360186,0.0,0.0,0.0,0.0,0.544807793722018,0.0,0.4197358485343818,0.0,0.0,0.0,0.0,0.43844739907036534,0.4155312446146617,0.42425152772845154,0.4577147312666298,0.0,0.0,0.4438139684202489,0.4583471071001909,0.4750597267249126,0.4463822444696228,0.5897774053953511,0.47777099675139745
0.38715445972620943,0.36184973701482237,0.0,0.0,0.0,0.38627314976909294,0.0,0.39771093578923744,0.0,0.44582184449043377,0.0,0.47350129836446914,0.41457881562837645,0.4446471632487549,0.3535454469616848,0.3649987771965152,0.0,0.36158058719626873,0.0,0.38470135959539153,0.0,0.38310829523687817,0.37621055635739414,0.44757891698445235,0.3569892320749544,0.38259416820314235,0.40327111290226947,0.41203604189673904,0.4002979199536652,0.42288275168471956,0.3657254784080558,0.39678651680295035,0.336761963021206,0.3713155200861826,0.43675979189136327,0.0,0.4019901883576145,0.0,0.41113780673513034,0.3875171703165733,0.43325773853864613,0.4325494919636513,0.0,0.0,0.0,0.4675612508340265,0.453287608043593,0.0,0.0,0.0,0.3720079935064696,0.0,0.38720090935046775,0.0,0.0,0.0,0.0,0.474392816138624,0.0,0.3868057358867957,0.4550926274620271,0.0,0.0,0.0,0.3887316069409333,0.37560322756150755,0.4160175142825404,0.40592054369239383,0.0,0.45657248754870283,0.4725464178300626,0.4119720341339117,0.4424701559922603,0.38440186321671344,0.0,0.4846465204258989
0.38745184283625156,0.38155375426310933,0.0,0.0,0.3773554490260314,0.39227714591627316,0.41143767624054695,0.0,0.37843582048396945,0.0,0.0,0.0,0.4184085415127857,0.0,0.3321229710531662,0.3706683740101739,0.3652689083428944,0.37688071230885034,0.0,0.35534892666421225,0.38310829523687817,0.0,0.4041581786580859,0.0,0.38859801602127003,0.37675807649796594,0.39081817280089354,0.39520606764616106,0.3739759115130155,0.3666360385408258,0.3495125808407042,0.40059464851419324,0.3609629574528795,0.3781190848852223,0.42747580981905653,0.4684216477921419,0.4107151969985733,0.0,0.4316466687412767,0.423166423042447,0.4260217549535767,0.44934030397042185,0.5398797233392126,0.0,0.0,0.43878288095496476,0.4270448126203264,0.0,0.0,0.0,0.425551355188644,0.0,0.38834696622708864,0.0,0.0,0.0,0.0,0.733342528033868,0.0,0.42960647619124187,0.42220970934678465,0.0,0.4617738046018831,0.0,0.4207129604806546,0.4336642094767296,0.43856260991967017,0.4223207836517764,0.0,0.4147919918982896,0.45970625218179234,0.42174615506377866,0.5484095590562643,0.418603416614465,0.0,0.41667089517436484
0.4297853713927954,0.3935520255966339,0.28003537566888154,0.3794735112855239,0.3866780139839429,0.39219507405645104,0.40823120319665485,0.37481693672386024,0.39513368588341397,0.4426475208137859,0.3389703217608663,0.0,0.41434327485700717,0.4058214401208912,0.34943432131469765,0.39964331848727735,0.0,0.3876723070292046,0.2526837561527862,0.3453239955762773,0.37621055635739414,0.4041581786580859,0.0,0.4579421684425495,0.3704203817741649,0.4210983974313965,0.3499507997763163,0.41662774303166855,0.3990849390892211,0.4150809063124081,0.4148529879651267,0.4039994584114452,0.372611032262229,0.4217192961582167,0.42994314605799844,0.3910044916119634,0.40431809083458936,0.0,0.4781465118105421,0.44726885285702167,0.5014645728183016,0.48375787005233745,0.4693842585391554,0.5447706748485946,0.0,0.43229640611516523,0.46056739798523033,0.4967734631068664,0.0,0.5118007673027335,0.4813182795829395,0.48611297082331706,0.4773613816440876,0.5080786161875936,0.0,0.4924074039229845,0.0,0.4791642906160363,0.47057270299275017,0.4369422871607343,0.0,0.0,0.0,0.4651926716522449,0.46380217654403566,0.43232277727220675,0.43927094171312003,0.48435471739049923,0.0,0.0,0.4537764721143827,0.4929392682722026,0.4788213425638823,0.47874792098358676,0.4931225672571708,0.48732296105325784
0.34565032110764815,0.0,0.0,0.0,0.4255679432379784,0.0,0.3712724290688334,0.47899219726700587,0.4926586621483153,0.3109041906907077,0.4660884118497191,0.28234430419107875,0.389256314364343,0.6513825412244589,0.41303666747890927,0.37842393587187,0.35107740370734025,0.33397178394907134,0.0,0.0,0.44757891698445235,0.0,0.4579421684425495,0.0,0.34931708902678327,0.3421414715550296,0.49494753323813606,0.35389394941618596,0.0,0.0,0.3300738121036138,0.2982747228510458,0.18521332483094843,0.23118000777388334,0.20339174999299475,0.404162211290604,0.23957572134660884,0.17769900392333035,0.35147707665743383,0.288170552739544,0.3345672036621653,0.0,0.0,0.0,0.19878851861270788,0.3889259878823877,0.0,0.0,0.0,0.0,0.0,0.0,0.0,0.0,0.4023021314617048,0.0,0.39009923551953035,0.0,0.0,0.0,0.41747085451065985,0.40728398815077893,0.39935881653218847,0.0,0.0,0.0,0.0,0.0,0.40333590234294125,0.4007473194075511,0.4284849394163082,0.0,0.24792872916900996,0.0,0.0,0.3743243869847332
0.3644411928567709,0.3454068191500489,0.0,0.0,0.40075382575414265,0.3694072486987454,0.380219561409818,0.42733997096670434,0.3975310310425269,0.30759630702360674,0.5659930379011993,0.319465716916895,0.38594852669010743,0.0,0.3510784554311507,0.3689269621941056,0.30019914898841515,0.3316823836324344,0.0,0.3839327667535495,0.3569892320749544,0.38859801602127003,0.3704203817741649,0.34931708902678327,0.0,0.33765515521256373,0.37332207858691907,0.385074837387926,0.38502105868512615,0.0,0.3514930679684459,0.38405492279473674,0.2830986806825169,0.3197083203610768,0.3441601261696351,0.40340797021565167,0.0,0.2709496018391163,0.3787422634007826,0.35873125461611965,0.3637941654166248,0.3793376060702158,0.0,0.0,0.0,0.4045899645194957,0.4129278683404775,0.0,0.0,0.0,0.0,0.0,0.0,0.0,0.42239532472943847,0.0,0.4252408852417846,0.0,0.0,0.42385779680144603,0.3919290678498511,0.39555133803072834,0.36795973743562893,0.0,0.40930636344076693,0.4145191591250351,0.39389620588468716,0.5435163472237203,0.41285291159806375,0.3825556352883721,0.416878730294577,0.5971365957901632,0.0,0.425268180781602,0.0,0.3831186882259742
0.3546078573349681,0.3789013685653946,0.0,0.0,0.4363004608599315,0.3722677512611344,0.3953847220738314,0.4540245218727152,0.0,0.33405579370162075,0.0,0.27682079082965,0.395838496376536,0.5165550020216265,0.35519002625628493,0.37886901461746025,0.3413272091047077,0.34780603267945565,0.0,0.4095850303577215,0.38259416820314235,0.37675807649796594,0.4210983974313965,0.3421414715550296,0.33765515521256373,0.0,0.4258829259512757,0.38270724300508907,0.38713721188845657,0.0,0.35541345351894216,0.39065485857927695,0.3124892869090942,0.3380996197567986,0.3801257246777195,0.41870122943056265,0.0,0.29178978920641846,0.41864789789028933,0.3956120480387889,0.4020471154648553,0.4241112694454804,0.0,0.0,0.0,0.42944785956906234,0.44810468960196376,0.0,0.0,0.0,0.4568786867217009,0.0,0.0,0.0,0.4363831743119187,0.0,0.441315292426153,0.0,0.0,0.45125186450444077,0.4177306120436585,0.42902365630424943,0.4011230146477802,0.0,0.42303643620276077,0.4676638486416634,0.44990872774215934,0.439262521975383,0.4425765308464326,0.40871177074028187,0.44139313465921565,0.44800033342351714,0.0,0.432180047688662,0.0,0.40664828183294427
0.4260768833690506,0.38255941345098227,0.3127694746948187,0.3944232238516639,0.37577415838237854,0.3651001519251549,0.4055943703683246,0.439875064171445,0.35449301479809453,0.4551025111580382,0.3711450955168684,0.0,0.40972697442306927,0.436578437808858,0.3751888723156145,0.39891521939208874,0.0,0.38662093663006186,0.3696272722876626,0.3283829040448088,0.40327111290226947,0.39081817280089354,0.3499507997763163,0.49494753323813606,0.37332207858691907,0.4258829259512757,0.0,0.40930416284250154,0.3495401374437565,0.3883987929072391,0.38992542208697734,0.39905105550320347,0.36845830664540125,0.40612544327731676,0.4094330350911945,0.42380321530648607,0.41203102833069216,0.0,0.46957174709177235,0.0,0.47644831822620604,0.4820435728036218,0.4490146088785975,0.0,0.0,0.0,0.4780583980489778,0.5148186242448435,0.0,0.5358729205907053,0.4832207971744489,0.49253587488983147,0.4960901775648163,0.5147053953903484,0.0,0.49926308478432285,0.0,0.47613512465414154,0.47481702780795865,0.4369947190785065,0.0,0.0,0.0,0.48822502941414186,0.4569546152844857,0.44344927054127253,0.4429385694748209,0.4905012055350455,0.0,0.0,0.4614397418517407,0.48748350054565714,0.474068597091065,0.470386651078311,0.49888013611854287,0.48257979347433383
0.46068850229204983,0.40512650110696286,0.4311997675353339,0.2514514316051992,0.34062240712821523,0.382682376769711,0.3369606299466518,0.4152555009072859,0.42783324696676367,0.3632122460257205,0.4267537973467166,0.33264190565688945,0.33724303995566474,0.26220136244420883,0.39115692373502187,0.4176139947243049,0.381312268332038,0.4010377343617187,0.43824875661914214,0.3768806655907239,0.41203604189673904,0.39520606764616106,0.41662774303166855,0.35389394941618596,0.385074837387926,0.38270724300508907,0.40930416284250154,0.0,0.32893363400101816,0.3085019365959911,0.3542519046767429,0.3684513232036289,0.3659924179970213,0.31853965039152077,0.2867292932723289,0.2381267273674738,0.25633760228068625,0.3053608678771641,0.4630727280999435,0.0,0.4881819333672732,0.0,0.44544614218210826,0.0,0.0,0.0,0.0,0.5780210000204837,0.0,0.0,0.4721877594160619,0.0,0.44447663010995636,0.0,0.4066789885128024,0.0,0.0,0.0,0.0,0.45009032342114697,0.0,0.0,0.0,0.0,0.4570890529398044,0.44393136940507427,0.0,0.47268778566943986,0.0,0.0,0.4575952022405862,0.4723315855861194,0.4880092405628662,0.474353289594104,0.0,0.5077170502067099
0.43949221563500945,0.3957129441447183,0.4584119527965956,0.4699237922437659,0.3961752274181092,0.3302415944999013,0.4034937247073746,0.38174883910127394,0.3776622566592372,0.0,0.0,0.0,0.3858976820361949,0.0,0.3788576234147938,0.40848573804153593,0.44061418200794955,0.40190256679691866,0.5650912184053024,0.317621734024531,0.4002979199536652,0.3739759115130155,0.3990849390892211,0.0,0.38502105868512615,0.38713721188845657,0.3495401374437565,0.32893363400101816,0.0,0.3411723393181621,0.3508772926100782,0.38801969955471444,0.35645668489446913,0.38824726643302593,0.40933318016822773,0.41839798543904866,0.44817819803788433,0.0,0.4634087519135701,0.0,0.47687480714449276,0.5063703931013748,0.5182704376525307,0.0,0.0,0.0,0.45544632795106765,0.5717497841593359,0.0,0.0,0.4576334071727965,0.5517134158069025,0.44783905003000984,0.0,0.0,0.0,0.0,0.4873675564636137,0.0,0.42319006004979964,0.0,0.0,0.0,0.0,0.44697563544439917,0.41847831263659974,0.41609934792276876,0.46466923568370216,0.0,0.0,0.4506711945851375,0.46459486490876045,0.47083799229669576,0.46240668627405274,0.5033189629360773,0.4773302996833614
0.0,0.0,0.0,0.0,0.0,0.3973717046536751,0.0,0.40889060828891516,0.4205261731808433,0.0,0.0,0.0,0.3455293667299412,0.0,0.0,0.409512749449326,0.6931121774032823,0.4229343077702702,0.0,0.35483899995697343,0.42288275168471956,0.3666360385408258,0.4150809063124081,0.0,0.0,0.0,0.3883987929072391,0.3085019365959911,0.3411723393181621,0.0,0.3322584001526208,0.3728026637237361,0.38661566949294546,0.37990524984020074,0.4037571410420677,0.5187212067668459,0.0,0.0,0.4840542981009865,0.0,0.0,0.0,0.0,0.0,0.0,0.0,0.0,0.0,0.0,0.0,0.5146895975800555,0.0,0.46320697163958435,0.0,0.0,0.0,0.0,0.0,0.0,0.0,0.0,0.0,0.0,0.0,0.0,0.0,0.0,0.475603397571587,0.0,0.0,0.0,0.4804265100973557,0.0,0.0,0.0,0.6063639462480491
0.34559402981714954,0.3490036526448428,0.4462583458027571,0.3283185757843018,0.4294227003592359,0.42224893142805203,0.36742055876388835,0.4286820109178759,0.46068177987279957,0.3132501176278075,0.4716100296889517,0.32331862802379946,0.373843152827794,0.34277063402065566,0.3736495876415265,0.3455717987266779,0.3273444021115813,0.34322275197738555,0.45700655813100677,0.35425136836488824,0.3657254784080558,0.3495125808407042,0.4148529879651267,0.3300738121036138,0.3514930679684459,0.35541345351894216,0.38992542208697734,0.3542519046767429,0.3508772926100782,0.3322584001526208,0.0,0.3882314478261634,0.3067314235577847,0.24482371646409318,0.21572602136741187,0.3862523803624161,0.32392663496249513,0.25208634672122165,0.42633800450599696,0.3690585434073044,0.3726111264024792,0.0,0.5102338339433605,0.0,0.0,0.399791052998782,0.40047655610204513,0.0,0.0,0.0,0.48246501582594165,0.0,0.0,0.0,0.3938754487676823,0.7593927128330987,0.4051168240426997,0.0,0.0,0.41619582147841977,0.38940693654227293,0.3899024108712386,0.3737858213753205,0.0,0.4310440599713888,0.40132133732073644,0.425571216712481,0.4915867755290733,0.0,0.3768418301789348,0.4270217546234048,0.477921486933879,0.5074863737165654,0.4858784106456278,0.0,0.39691684035436525
0.39381030191121874,0.4037572609746955,0.4031136709392983,0.2647278767788922,0.3481586702581143,0.396600535713891,0.3615024739148495,0.2821416545825542,0.4089786855600132,0.350970566771885,0.331859153136498,0.23880686194505577,0.37740218306001233,0.20950815324052247,0.3965970060612215,0.42599038427536934,0.38125369678716703,0.38410690468103514,0.39508503202617434,0.40361065977095484,0.39678651680295035,0.40059464851419324,0.4039994584114452,0.2982747228510458,0.38405492279473674,0.39065485857927695,0.39905105550320347,0.3684513232036289,0.38801969955471444,0.3728026637237361,0.3882314478261634,0.0,0.3275356802553136,0.33452070763157415,0.32819115315631264,0.2612747194569842,0.2974666513870245,0.24420427272885167,0.3476015694232929,0.30542567741875687,0.35023240183717275,0.29536842771968913,0.35015383554750085,0.0,0.0,0.43603347167958384,0.4303137147561351,0.48204102742702154,0.0,0.0,0.4388372583914621,0.5107130149543291,0.45301973207565394,0.0,0.4006234533401746,0.0,0.0,0.4606231809079519,0.3167707994770897,0.4176013203373742,0.4145586975486754,0.0,0.3929820942698469,0.0,0.4230004162430839,0.4144779235193688,0.4377272695443737,0.4629631913567391,0.0,0.402115258657519,0.4473330333146117,0.45462199966253763,0.447901548415962,0.45610434255513804,0.47929970622062607,0.4339533210993639
0.2990604198210243,0.3119431413168687,0.0,0.24874404787378307,0.4336219624955266,0.36478472685998364,0.3647212752987717,0.0,0.42646210996194095,0.2617065274490122,0.460902865266078,0.2109118506180362,0.36661625422290467,0.0,0.35917055421787303,0.3198340504245429,0.3011831227446046,0.2862413296924202,0.0,0.3769491911553696,0.336761963021206,0.3609629574528795,0.372611032262229,0.18521332483094843,0.2830986806825169,0.3124892869090942,0.36845830664540125,0.3659924179970213,0.35645668489446913,0.38661566949294546,0.3067314235577847,0.3275356802553136,0.0,0.20602370793647984,0.33126785912613554,0.39146204463137435,0.2737770416656962,0.1583844634976826,0.3067609689144754,0.19387941404330533,0.2488298877823443,0.2427209985697452,0.0,0.0,0.23473374829312782,0.4036616413689125,0.41045351607404656,0.0,0.0,0.0,0.37218852327864166,0.0,0.0,0.0,0.34782256724103205,0.0,0.35675498965281943,0.0,0.0,0.40801053932744147,0.3871904664063293,0.31131012793911517,0.3530046838546127,0.0,0.40551627107918337,0.4046215061989299,0.4359246467468095,0.3609636324455929,0.33113352279569563,0.3481985955946769,0.3986718610867229,0.37001135282203534,0.0,0.4131812854530549,0.0,0.3436428335984502
0.32721707382127835,0.3399919806639407,0.4337525255267844,0.23339584572515779,0.39116414923394266,0.41577727668602127,0.34395213716425493,0.4263866564871723,0.4397627240244187,0.2462181051215435,0.4365446163349758,0.19048266026086988,0.3824154414897397,0.3613374677268447,0.3949931586158143,0.3554709644080525,0.32048143220878716,0.3288146199073812,0.4343444695063151,0.3931314108639339,0.3713155200861826,0.3781190848852223,0.4217192961582167,0.23118000777388334,0.3197083203610768,0.3380996197567986,0.40612544327731676,0.31853965039152077,0.38824726643302593,0.37990524984020074,0.24482371646409318,0.33452070763157415,0.20602370793647984,0.0,0.24143587709436584,0.34763523420368536,0.22729208807824722,0.1607377001960073,0.32352748618634813,0.23025982561020153,0.24166871311034044,0.24915100393753745,0.31894519581909053,0.0,0.2567840194655299,0.4009453217580957,0.4058261711332318,0.731171516645577,0.0,0.0,0.46545810002026006,0.0,0.44588357789339683,0.0,0.36045106096310975,0.0,0.3694545704536053,0.5308124496300352,0.0,0.4287191838059118,0.38595844023750536,0.35761418921618504,0.3730103839337454,0.0,0.4135335943510137,0.4081770399142273,0.4368745943096692,0.48818841227770576,0.3367280672623632,0.3647636572702503,0.4138256666726207,0.48089784593368023,0.4764419485646891,0.46385123469307527,0.0,0.3888257107851717
0.3723577438652056,0.3794299063458716,0.439538732506642,0.22402367677573332,0.3287455355689507,0.418651126834349,0.2607420409429765,0.4265386443998808,0.4170355201585994,0.24485678305594197,0.42084116940149247,0.23637647949289836,0.365833247398558,0.18838525681094798,0.4291345035472551,0.40033079151492723,0.3285770092627342,0.3493218597949609,0.42176108364839215,0.4196502801059446,0.43675979189136327,0.42747580981905653,0.42994314605799844,0.20339174999299475,0.3441601261696351,0.3801257246777195,0.4094330350911945,0.2867292932723289,0.40933318016822773,0.4037571410420677,0.21572602136741187,0.32819115315631264,0.33126785912613554,0.24143587709436584,0.0,0.3715430567239968,0.23763817835007547,0.20636974156465634,0.29312944265478325,0.32113960396701335,0.25584794329950067,0.2867305386519782,0.3071348329184748,0.0,0.0,0.0,0.4334563103228291,0.0,0.0,0.0,0.4988624080042147,0.0,0.0,0.0,0.3570239859565051,0.0,0.33977706807129804,0.0,0.0,0.4471727930038815,0.4145035589948535,0.0,0.3703979240235543,0.0,0.444515495614667,0.43278244529272036,0.45923638230329594,0.47495590239590296,0.0,0.3854927775959037,0.4425333186767943,0.45677650451826285,0.5074412066327235,0.49359493595491827,0.0,0.0
0.0,0.0,0.3927910049310168,0.1825218150595724,0.23874134443170375,0.41258423572558045,0.2822269103600992,0.2342991448131889,0.4107356302118935,0.3663513452038613,0.29385541874880483,0.3077834260080078,0.3191506919380685,0.1804781117166664,0.43680807707218283,0.0,0.37884200779047644,0.3537593813639686,0.3935156282176984,0.46461840791044773,0.0,0.4684216477921419,0.3910044916119634,0.404162211290604,0.40340797021565167,0.41870122943056265,0.42380321530648607,0.2381267273674738,0.41839798543904866,0.5187212067668459,0.3862523803624161,0.2612747194569842,0.39146204463137435,0.34763523420368536,0.3715430567239968,0.0,0.2114786953660682,0.27766456470432677,0.32114383818207143,0.0,0.0,0.3342941859144565,0.30736773931517797,0.0,0.0,0.0,0.0,0.4462675238348118,0.0,0.0,0.46775963393380793,0.0,0.5297349140410623,0.44746700886077156,0.0,0.3585339286601507,0.0,0.0,0.35512594292280386,0.0,0.0,0.0,0.0,0.0,0.0,0.0,0.0,0.46253769362183794,0.0,0.0,0.0,0.470305835154085,0.0,0.0,0.0,0.0
0.0,0.0,0.4292946263710709,0.17017595183630208,0.31938451803347695,0.4131883360862607,0.29084541822913984,0.3569889628448037,0.418362347281557,0.3173572014136213,0.41518991384967013,0.29023126233035373,0.3402335442924145,0.16285742423273547,0.4047630078273199,0.0,0.0,0.0,0.42773591696044994,0.0,0.4019901883576145,0.4107151969985733,0.40431809083458936,0.23957572134660884,0.0,0.0,0.41203102833069216,0.25633760228068625,0.44817819803788433,0.0,0.32392663496249513,0.2974666513870245,0.2737770416656962,0.22729208807824722,0.23763817835007547,0.2114786953660682,0.0,0.24654332069488405,0.0,0.0,0.0,0.0,0.0,0.0,0.0,0.0,0.0,0.0,0.0,0.0,0.0,0.0,0.0,0.0,0.0,0.0,0.0,0.0,0.0,0.0,0.0,0.0,0.0,0.0,0.0,0.0,0.0,0.5401015722402783,0.0,0.0,0.0,0.0,0.0,0.0,0.0,0.0
0.4341971472010956,0.0,0.0,0.25410012294262546,0.4019881535725287,0.4347139728135984,0.33794742092224295,0.0,0.4199620415983921,0.23707384166364712,0.42984601566688896,0.1736594634341317,0.35717273434637853,0.0,0.0,0.0,0.2969065637426475,0.32827737850623173,0.4701894308724035,0.0,0.0,0.0,0.0,0.17769900392333035,0.2709496018391163,0.29178978920641846,0.0,0.3053608678771641,0.0,0.0,0.25208634672122165,0.24420427272885167,0.1583844634976826,0.1607377001960073,0.20636974156465634,0.27766456470432677,0.24654332069488405,0.0,0.0,0.16123269187290995,0.23534813987500994,0.23426777176820504,0.0,0.0,0.17770132649846687,0.0,0.0,0.0,0.0,0.0,0.0,0.0,0.0,0.0,0.30696650631130473,0.0,0.3058413058112203,0.0,0.0,0.0,0.0,0.24342345057180595,0.0,0.0,0.0,0.0,0.0,0.0,0.26994086391030025,0.30338608834385733,0.293243595518089,0.0,0.0,0.0,0.0,0.0
0.3944419967331899,0.4171407936240106,0.48200759874780813,0.0,0.48362062719762794,0.46611267576495685,0.5605810923565954,0.3996719247190556,0.4776644525900612,0.3935314226109798,0.42970257912522236,0.0,0.4637471025843692,0.0,0.42833039536606604,0.408405453768661,0.0,0.3746777092253953,0.523878731443443,0.45033066844797776,0.41113780673513034,0.4316466687412767,0.4781465118105421,0.35147707665743383,0.3787422634007826,0.41864789789028933,0.46957174709177235,0.4630727280999435,0.4634087519135701,0.4840542981009865,0.42633800450599696,0.3476015694232929,0.3067609689144754,0.32352748618634813,0.29312944265478325,0.32114383818207143,0.0,0.0,0.0,0.29380205971141354,0.3259532893659126,0.2971804990625676,0.2562494352113813,0.2896673934709436,0.24020954204609268,0.36135652326390105,0.37477171770731316,0.38754019640422344,0.2355263936261107,0.35959477865224504,0.39920480783208384,0.3593372729350938,0.31842148428513656,0.40311140162252485,0.2983306717840084,0.3400037063115964,0.2327809289440426,0.38755011566831254,0.2520360500679249,0.38675093958272827,0.3865914330221694,0.35694416112325833,0.3538596003482397,0.38267777135667086,0.4022318351054858,0.3779940390536643,0.4042405216285073,0.3951630837590671,0.3231688268407402,0.34044041682311643,0.38525828305653675,0.3980404302205433,0.3544164035386468,0.405898656965988,0.36216846269035385,0.360825480932788
