0.0,0.2974391493797747,0.0,0.0,0.0,0.4017071617866578,0.0,0.4797123564606058,0.0,0.3029509813272839,0.4319411489967176,0.0,0.44601624518580746,0.4830796309335446,0.34745113911540876,0.31229389648570166,0.28632795852834547,0.2808883808634805,0.0,0.3587314189535878,0.39242102067319384,0.2988082735733559,0.44470129538312486,0.3859232291129426,0.26794200293135645,0.3150240162254762,0.4137068022090047,0.4205490784506109,0.4033443526491739,0.0,0.2825469755432038,0.38923372631533304,0.2630549514544603,0.3193029601838407,0.36638188257798854,0.46835893316332194,0.0,0.0,0.35060548934622937,0.28401077158523874,0.3560350636076309,0.4112754692869703,0.0,0.0,0.0,0.3079568909194097,0.33697373349629284,0.0,0.0,0.0,0.0,0.0,0.24925908566969202,0.0,0.0,0.0,0.0,0.0,0.0,0.0,0.342871165412296,0.0,0.26251110546632633,0.0,0.0,0.22906882547809304,0.26220085166675244,0.30999471632430775,0.2525622094706759,0.3126245919116388,0.32788130276566996,0.0,0.0,0.0,0.0,0.38266479644792817
0.2974391493797747,0.0,0.0,0.0,0.0,0.35495959207588074,0.0,0.4087229562749106,0.3731807137736029,0.30858910899554626,0.0,0.0,0.374226931675981,0.0,0.36637574535705436,0.33290029031346063,0.0,0.29885187909732674,0.0,0.3637109802052766,0.3178133072929693,0.3372196545082243,0.3718233712729124,0.29165293722976937,0.29620255325572337,0.3262698871698549,0.3825843771602363,0.37092209051982894,0.3767927006692096,0.0,0.3234358728097289,0.38415049615629376,0.28156056440569455,0.32870886226275037,0.3778168915121854,0.0,0.0,0.0,0.388837202598181,0.31854127758567996,0.3185965749839937,0.3956474573629074,0.0,0.0,0.0,0.3284769263812174,0.28479933473441243,0.0,0.0,0.0,0.4228366622777157,0.0,0.0,0.0,0.0,0.0,0.0,0.0,0.0,0.4003430458884523,0.3549743327246776,0.0,0.32637789549714463,0.0,0.39478235138662815,0.37217561333254595,0.3462141769509598,0.4197419036719843,0.0,0.34234806796168515,0.3628060932357452,0.41843689909387805,0.0,0.4062514512500632,0.0,0.3545516855021698
0.0,0.0,0.0,0.0,0.35930911069544696,0.40206770932325614,0.3867796120311589,0.4035381499249666,0.3426844631350333,0.0,0.3045972227848997,0.0,0.4010577041341733,0.39408022625997935,0.0,0.0,0.0,0.0,0.31834034345016116,0.0,0.0,0.4093467837995626,0.37103454902993205,0.0,0.0,0.0,0.38097978479629785,0.4151808598394953,0.32249541197915776,0.0,0.41178791471147025,0.3954541065329517,0.0,0.42366646518201206,0.4036814715603594,0.376400470588194,0.4116651618989115,0.0,0.0,0.0,0.0,0.0,0.33974240391485416,0.0,0.0,0.0,0.0,0.3552522017183096,0.0,0.4565538685135658,0.41467775720999694,0.4680956313504761,0.4659950405647507,0.4318010759541421,0.0,0.3074558465698101,0.0,0.0,0.40061246546552026,0.0,0.0,0.0,0.0,0.38304329858709885,0.0,0.0,0.0,0.4259281851602478,0.0,0.0,0.0,0.4769116138752872,0.0,0.0,0.0,0.0
0.0,0.0,0.0,0.0,0.3095354436789772,0.3595074415103474,0.0,0.0,0.35587472425144234,0.0,0.2932995132900717,0.0,0.38146070131267634,0.3107726759671693,0.0,0.0,0.0,0.0,0.0,0.0,0.0,0.0,0.3780465667993583,0.0,0.0,0.0,0.39171544807135256,0.32138793561490436,0.0,0.0,0.3212682884911697,0.2564763905578287,0.0,0.3147667716701512,0.3030183426714054,0.2197300003890316,0.24162850993206053,0.0,0.0,0.0,0.0,0.0,0.0,0.0,0.0,0.0,0.0,0.0,0.0,0.0,0.0,0.0,0.0,0.0,0.0,0.0,0.0,0.0,0.0,0.0,0.0,0.0,0.0,0.0,0.0,0.0,0.0,0.0,0.0,0.0,0.0,0.0,0.0,0.0,0.0,0.0
0.0,0.0,0.35930911069544696,0.3095354436789772,0.0,0.3502540557614609,0.328417826925866,0.31044055415158367,0.31604488560201444,0.0,0.27606929288047877,0.0,0.37424267241476034,0.30137699009377356,0.0,0.42280088289645357,0.0,0.0,0.2829281902953361,0.3504912888963331,0.0,0.38175248200095985,0.33608910270950126,0.0,0.0,0.0,0.3572200748552297,0.371837081674652,0.3551468310680034,0.0,0.34273510805027024,0.3404138993425923,0.0,0.3577106381896024,0.31755757419092273,0.21753092924981796,0.35567277466266695,0.0,0.0,0.0,0.0,0.0,0.21043338197247627,0.0,0.0,0.0,0.0,0.4501866929447826,0.0,0.0,0.44799710773924534,0.0,0.34214971971236713,0.4625523317458084,0.0,0.3096830793049867,0.0,0.0,0.30421561768530925,0.0,0.0,0.0,0.0,0.41280538186753307,0.0,0.0,0.0,0.4235037891013959,0.0,0.0,0.0,0.4513345126014029,0.0,0.0,0.0,0.0
0.4017071617866578,0.35495959207588074,0.40206770932325614,0.3595074415103474,0.3502540557614609,0.0,0.3760471962345991,0.3285944040978631,0.33641704283479,0.39315987023886145,0.33525032732015014,0.0,0.3492109779573262,0.3186654225114174,0.38073741816933804,0.41059302251132024,0.5126132756593387,0.37752578780346213,0.3511473019781713,0.3832131415910526,0.36881520727020645,0.40522336923980656,0.36420991123112517,0.0,0.3334522723531743,0.3580521767514994,0.35070052215568803,0.3547516984491625,0.3383305765242594,0.3379507177861582,0.37486170326758544,0.39006945759187783,0.0,0.39050638763943035,0.4075893437659668,0.3577686475971502,0.3745496832548746,0.0,0.369532569885886,0.48454776877746786,0.41050047626816266,0.0,0.0,0.0,0.0,0.0,0.0,0.44459238860165934,0.0,0.47070706407012325,0.3882807286233042,0.4348534289587273,0.3930443569772341,0.39565893580974754,0.0,0.3953444707646785,0.0,0.42099493643055563,0.43031971222060333,0.4413241972501635,0.0,0.0,0.0,0.4343183985279109,0.4235299787120814,0.0,0.44983093073313635,0.40907959879423345,0.0,0.0,0.45416371485812523,0.4008143412720559,0.416073342110678,0.3743415621913939,0.0,0.4145217116363599
0.0,0.0,0.3867796120311589,0.0,0.328417826925866,0.3760471962345991,0.0,0.33613168504754976,0.35163400436641423,0.0,0.3155724952153966,0.0,0.31708797840663344,0.31804064842806923,0.3805471724823739,0.4153655901924181,0.0,0.3957021451837134,0.32789762461718164,0.3894819013626623,0.4272804491954286,0.42483325923181103,0.3616052304970004,0.0,0.37169033138714785,0.38232355907029236,0.37844007495496257,0.39502419609947576,0.37627709881440724,0.0,0.36867709266363924,0.36675247083093526,0.0,0.3869321672697749,0.42143843120321134,0.30506259291595805,0.35523028717164307,0.0,0.0,0.0,0.0,0.0,0.0,0.0,0.0,0.0,0.0,0.4908877528206367,0.0,0.0,0.0,0.0,0.0,0.5053313449698686,0.0,0.0,0.0,0.0,0.0,0.0,0.0,0.0,0.0,0.0,0.0,0.0,0.0,0.4107688118790089,0.0,0.0,0.0,0.43130330381766874,0.0,0.0,0.0,0.0
0.4797123564606058,0.4087229562749106,0.4035381499249666,0.0,0.31044055415158367,0.3285944040978631,0.33613168504754976,0.0,0.4041436859075329,0.0,0.2701321474007054,0.0,0.3739559266233475,0.3685334180823617,0.3310529826876839,0.4283413678614882,0.0,0.4151824547974072,0.391606539683595,0.38167515761383736,0.30345392271886235,0.38040661426745453,0.302036367637333,0.4878364786781046,0.3841072697068582,0.41914172565931335,0.3826911003695037,0.3773412788323291,0.32687839403991625,0.32744629272482473,0.370469712066634,0.3797857944487872,0.3946505404491147,0.3783727269595254,0.4156161281667165,0.27250668558704766,0.4044163796215322,0.0,0.33839805712215926,0.0,0.0,0.0,0.17399356397039614,0.0,0.0,0.36215948433115447,0.0,0.396168178791979,0.0,0.0,0.3253972699629824,0.0,0.2310128772285747,0.3632589524392813,0.0,0.3244701092484194,0.0,0.0,0.311570309973961,0.37271125631444574,0.0,0.0,0.0,0.2737668332150325,0.34898117518232624,0.18675559350186888,0.36078063932384163,0.3343453413703637,0.0,0.0,0.47383912592658767,0.38521659114727475,0.3972838819195094,0.37386559050530843,0.0,0.4047654958442429
0.0,0.3731807137736029,0.3426844631350333,0.35587472425144234,0.31604488560201444,0.33641704283479,0.35163400436641423,0.4041436859075329,0.0,0.0,0.2989001004048381,0.0,0.35780931912210456,0.3376949395905517,0.0,0.41371024183058613,0.0,0.4787313895633659,0.3195404447819349,0.3552151278383126,0.0,0.39065906036654297,0.3822384970567402,0.0,0.0,0.4063970911035829,0.37467781052662663,0.3851928356652354,0.3580078185338749,0.0,0.3564709069720683,0.3637016653034586,0.0,0.3807435646027404,0.39145960117757844,0.35172587023238383,0.37545854787750804,0.0,0.0,0.0,0.0,0.0,0.3995731643113075,0.0,0.0,0.0,0.0,0.47153565855414775,0.0,0.4868293794329973,0.39972479071499506,0.0,0.4249780413896651,0.47663203916186375,0.0,0.43190071069945146,0.0,0.0,0.4278586255458625,0.0,0.0,0.0,0.0,0.4461241349499607,0.0,0.0,0.0,0.4246638509216339,0.0,0.0,0.0,0.433118002370091,0.0,0.0,0.0,0.0
0.3029509813272839,0.30858910899554626,0.0,0.0,0.0,0.39315987023886145,0.0,0.0,0.0,0.0,0.3775104780075087,0.2831023505597812,0.39035174040222625,0.0,0.5470796797107765,0.29963589654175693,0.2577942901327201,0.2830048002703669,0.0,0.39201119113967814,0.0,0.3158875072530281,0.41199371501353427,0.3167274386711286,0.28817153918667465,0.280441483587358,0.42028374666622437,0.3791557202754798,0.3905281674871626,0.0,0.32922289267739574,0.31708701764814357,0.2721929338197992,0.3095925984149908,0.3016500513512094,0.32199141284525234,0.3152297350321177,0.2597419407223788,0.3408623016122763,0.3017316220630561,0.30154136872889237,0.2869728315840056,0.0,0.0,0.0,0.2489872950695168,0.0,0.0,0.0,0.0,0.0,0.0,0.0,0.0,0.3439935905353844,0.0,0.3515097629207849,0.0,0.0,0.0,0.0,0.3813670821994909,0.35760483598529696,0.0,0.0,0.0,0.0,0.0,0.3645048397558791,0.3654391761204112,0.3769313222228248,0.0,0.30395705783965343,0.0,0.0,0.3550134190580608
0.4319411489967176,0.0,0.3045972227848997,0.2932995132900717,0.27606929288047877,0.33525032732015014,0.3155724952153966,0.2701321474007054,0.2989001004048381,0.3775104780075087,0.0,0.0,0.3433071006526979,0.27173726923216435,0.0,0.0,0.0,0.0,0.2679518593426956,0.0,0.3967847954826683,0.0,0.2858939847234926,0.0,0.0,0.0,0.34626347569937316,0.35134475712846314,0.0,0.0,0.2937599691324045,0.31555125884340834,0.0,0.34380449045230316,0.30741741444478426,0.234637071897166,0.33756202737998436,0.0,0.0,0.0,0.0,0.0,0.24046280583540072,0.0,0.0,0.0,0.0,0.3279745810028309,0.0,0.0,0.0,0.0,0.31239691231089073,0.36163887201255923,0.0,0.1843422906886265,0.0,0.0,0.2751065714910424,0.0,0.0,0.0,0.0,0.15133410886753587,0.0,0.0,0.0,0.39869326948906636,0.0,0.0,0.0,0.40926601757380415,0.0,0.0,0.0,0.0
0.0,0.0,0.0,0.0,0.0,0.0,0.0,0.0,0.0,0.2831023505597812,0.0,0.0,0.0,0.0,0.0,0.0,0.27598955034841344,0.25643577278238905,0.0,0.0,0.0,0.0,0.0,0.2906511864867077,0.2911891605683732,0.3157217565943624,0.0,0.0,0.0,0.0,0.33676626113252656,0.3013503851647715,0.26086043935985775,0.27880725764842057,0.30024396695880434,0.2212176711808038,0.3294491835743979,0.25918273784334395,0.0,0.3110186158099624,0.3237968637717399,0.0,0.0,0.0,0.0,0.0,0.0,0.0,0.0,0.0,0.0,0.0,0.0,0.0,0.3478344686110293,0.0,0.3424245444865277,0.0,0.0,0.0,0.0,0.0,0.0,0.0,0.0,0.0,0.0,0.0,0.3718984499209323,0.39311875553626074,0.3887809788345745,0.0,0.0,0.0,0.0,0.3691611200259547
0.44601624518580746,0.374226931675981,0.4010577041341733,0.38146070131267634,0.37424267241476034,0.3492109779573262,0.31708797840663344,0.3739559266233475,0.35780931912210456,0.39035174040222625,0.3433071006526979,0.0,0.0,0.0,0.3792435200988635,0.4197469428187953,0.0,0.39344669848629676,0.3478025211075763,0.3862617993359371,0.39950567122266095,0.4268553165192573,0.3805259014091328,0.0,0.3435100169133702,0.36913740557496033,0.3937763669415395,0.350963603262644,0.3410472152593976,0.32279660534913024,0.38801297049949457,0.37894570146168693,0.0,0.3926285951285329,0.3971743031315198,0.3533040536238799,0.3715645807926625,0.0,0.43030553619451467,0.0,0.0,0.0,0.0,0.0,0.0,0.0,0.0,0.0,0.0,0.0,0.4295904184390062,0.0,0.0,0.0,0.0,0.0,0.0,0.0,0.0,0.0,0.0,0.0,0.0,0.0,0.0,0.0,0.0,0.41547172046561714,0.0,0.0,0.0,0.42246369147796037,0.48013058041703827,0.0,0.0,0.0
0.4830796309335446,0.0,0.39408022625997935,0.3107726759671693,0.30137699009377356,0.3186654225114174,0.31804064842806923,0.3685334180823617,0.3376949395905517,0.0,0.27173726923216435,0.0,0.0,0.0,0.0,0.0,0.0,0.0,0.35033848934653633,0.0,0.39263953096535187,0.0,0.33736852094053316,0.0,0.0,0.5336280421851745,0.3862522186165887,0.0,0.0,0.0,0.0,0.25619580209803927,0.0,0.0,0.0,0.22219242002162554,0.23558817978768684,0.0,0.0,0.0,0.0,0.0,0.21194766099860712,0.0,0.0,0.0,0.0,0.3930321709123514,0.0,0.0,0.0,0.0,0.31031651659547355,0.36194676617630134,0.0,0.3106894363964376,0.0,0.0,0.2815445675726877,0.0,0.0,0.0,0.0,0.32365167283282614,0.0,0.0,0.0,0.34365316544931673,0.0,0.0,0.0,0.3641837976622919,0.0,0.0,0.0,0.0
0.34745113911540876,0.36637574535705436,0.0,0.0,0.0,0.38073741816933804,0.3805471724823739,0.3310529826876839,0.0,0.5470796797107765,0.0,0.0,0.3792435200988635,0.0,0.0,0.3875662923522412,0.44062301373033713,0.3350066436287047,0.0,0.35851838173487405,0.3371781363168,0.3709532457311901,0.3429322582429502,0.0,0.29901921633533396,0.3889552249154394,0.41062154131172224,0.3574723564650882,0.3726346831115357,0.0,0.40417472919811526,0.4508573251812865,0.3605685212712853,0.4358555866020488,0.4950511721290961,0.4781806271068903,0.4622495981566053,0.0,0.44271269356638693,0.42477293520886794,0.4494973680762176,0.4697965302811123,0.0,0.0,0.0,0.32400751541410067,0.4223522405848574,0.0,0.0,0.0,0.3902356523963039,0.0,0.3403340040302825,0.0,0.0,0.0,0.0,0.0,0.0,0.3198545824438383,0.4432834593703469,0.0,0.0,0.0,0.3907115858475149,0.41887334259119424,0.4523270925254801,0.3856050680320131,0.0,0.0,0.4656785311054479,0.4029390416121531,0.414587061301945,0.3880890417625089,0.0,0.43345502599898633
0.31229389648570166,0.33290029031346063,0.0,0.0,0.42280088289645357,0.41059302251132024,0.4153655901924181,0.4283413678614882,0.41371024183058613,0.29963589654175693,0.0,0.0,0.4197469428187953,0.0,0.3875662923522412,0.0,0.3072421997130392,0.3261056559060479,0.0,0.3922765172872327,0.31372177185850836,0.3650981433767188,0.3636229403965971,0.27273899314614364,0.2901123937027744,0.3358248955360682,0.41571272195775366,0.4182112230665044,0.4237100644335351,0.0,0.3370502109699194,0.415601330218756,0.30897246992121763,0.3532017259764105,0.4141672011620354,0.0,0.0,0.0,0.3509269006826419,0.33358185584673217,0.3655096518293845,0.3977616774570814,0.0,0.0,0.0,0.27792281778244154,0.356574284866502,0.0,0.0,0.0,0.0,0.0,0.5068148204413533,0.0,0.0,0.0,0.0,0.0,0.0,0.4305026172388575,0.3621658925528821,0.0,0.2587404401020887,0.0,0.4262978428408166,0.40400574222050795,0.38178711348963823,0.0,0.0,0.3195709785164086,0.3533345374666946,0.0,0.0,0.0,0.0,0.3622823659043825
0.28632795852834547,0.0,0.0,0.0,0.0,0.5126132756593387,0.0,0.0,0.0,0.2577942901327201,0.0,0.27598955034841344,0.0,0.0,0.44062301373033713,0.3072421997130392,0.0,0.2875828197842258,0.0,0.39651451519028885,0.0,0.34628066182993456,0.0,0.26629199375351026,0.2650879585815151,0.258516626016908,0.0,0.0,0.0,0.0,0.2643036829684523,0.4058186175563439,0.261002335302098,0.3019794570379062,0.3163414957717375,0.36428072321678906,0.0,0.0,0.32879551238217525,0.29345100260207274,0.3496120158935235,0.3392031721286649,0.0,0.0,0.0,0.2865490483679001,0.0,0.0,0.0,0.0,0.0,0.0,0.0,0.0,0.3461959637739362,0.0,0.3765543811317247,0.0,0.0,0.0,0.39834312834375696,0.347830861627863,0.3345096442429844,0.0,0.0,0.0,0.0,0.0,0.3683587873693518,0.30658917038998107,0.3465489135612338,0.0,0.0,0.0,0.0,0.3782135009319671
0.2808883808634805,0.29885187909732674,0.0,0.0,0.0,0.37752578780346213,0.3957021451837134,0.4151824547974072,0.4787313895633659,0.2830048002703669,0.0,0.25643577278238905,0.39344669848629676,0.0,0.3350066436287047,0.3261056559060479,0.2875828197842258,0.0,0.0,0.3597990136345655,0.3002418698959096,0.34418401117463354,0.3729669194671008,0.2534220264763615,0.28457355307984955,0.28047720476921423,0.3791062974720797,0.38032771886632805,0.3754956292031337,0.0,0.2879529985858104,0.39229636511277505,0.24825370698213453,0.3000942796706114,0.34981837153942547,0.0,0.0,0.0,0.19599882802274454,0.23425799866528507,0.2244669982171748,0.3281778907702986,0.0,0.0,0.0,0.2941530465454506,0.311961930493367,0.0,0.0,0.0,0.0,0.0,0.0,0.0,0.3228258473947951,0.0,0.36032406448527576,0.0,0.0,0.0,0.3113240124954709,0.25883987290408533,0.291193860159222,0.0,0.0,0.43809876250254676,0.3404588894028209,0.0,0.33314954005561304,0.2957010620694414,0.3176550399737987,0.0,0.6606838190621138,0.0,0.0,0.2932153508858632
0.0,0.0,0.31834034345016116,0.0,0.2829281902953361,0.3511473019781713,0.32789762461718164,0.391606539683595,0.3195404447819349,0.0,0.2679518593426956,0.0,0.3478025211075763,0.35033848934653633,0.0,0.0,0.0,0.0,0.0,0.0,0.0,0.0,0.40525391403046174,0.0,0.0,0.0,0.42464980725943247,0.35332241886330945,0.0,0.0,0.3661036574236951,0.3480430608879312,0.0,0.386034965672366,0.3524625395263954,0.32511498702733077,0.3573636097492173,0.0,0.0,0.0,0.0,0.0,0.3581181559791221,0.0,0.0,0.0,0.0,0.31355944784669315,0.0,0.45403619684860136,0.0,0.0,0.43061246367864825,0.43887042044663177,0.0,0.2488171503821917,0.0,0.0,0.39251640654378017,0.0,0.0,0.0,0.0,0.4464749513238612,0.0,0.0,0.0,0.45852164783506105,0.0,0.0,0.0,0.49012445150315176,0.0,0.0,0.0,0.0
0.3587314189535878,0.3637109802052766,0.0,0.0,0.3504912888963331,0.3832131415910526,0.3894819013626623,0.38167515761383736,0.3552151278383126,0.39201119113967814,0.0,0.0,0.3862617993359371,0.0,0.35851838173487405,0.3922765172872327,0.39651451519028885,0.3597990136345655,0.0,0.0,0.3651621110590711,0.33897091745782315,0.34039811064137665,0.0,0.33194637788297415,0.36971250054984683,0.3394730056144189,0.3222632223109248,0.3146614887660126,0.2524951557698401,0.35123707162931816,0.45198708956264144,0.35430795362649115,0.4223670363804127,0.48303564765963564,0.4870415160211435,0.4670702307820315,0.0,0.4323016883441289,0.42856887832796997,0.4472017503220814,0.460023508960866,0.0,0.0,0.0,0.48508605067146693,0.4284419755634957,0.0,0.0,0.0,0.4271970045275003,0.0,0.40411388022013744,0.0,0.0,0.0,0.0,0.48734507329723004,0.0,0.4240407781284596,0.0,0.0,0.0,0.0,0.42527339730589936,0.4242961009646031,0.4328649905576094,0.42468790323831274,0.0,0.0,0.4457909363955679,0.4083867711377975,0.4301719658934623,0.4272265704517669,0.0,0.439745276984534
0.39242102067319384,0.3178133072929693,0.0,0.0,0.0,0.36881520727020645,0.4272804491954286,0.30345392271886235,0.0,0.0,0.3967847954826683,0.0,0.39950567122266095,0.39263953096535187,0.3371781363168,0.31372177185850836,0.0,0.3002418698959096,0.0,0.3651621110590711,0.0,0.3780426480122122,0.3361726738120682,0.4810876548191152,0.2982808213932355,0.34583579871155773,0.3890815591795047,0.3744497608908574,0.3609660840355351,0.0,0.30081736974709194,0.4206103992068146,0.2929507926789402,0.3686469731307622,0.44064862732397525,0.3923428041960912,0.0,0.0,0.3970222780533013,0.3690441574766493,0.41081997008808646,0.4390852778118734,0.0,0.0,0.0,0.3369752206123634,0.37190882249888135,0.0,0.0,0.0,0.32672513168780465,0.0,0.20533513964154312,0.0,0.0,0.0,0.0,0.0,0.0,0.39069328679640764,0.38927840603308983,0.0,0.0,0.0,0.4028761729794761,0.30270439954244166,0.4092519767013206,0.32368024972944587,0.3080581477394637,0.0,0.3973418413216881,0.3686972439701641,0.3616484527501063,0.2699322785115839,0.0,0.0
0.2988082735733559,0.3372196545082243,0.4093467837995626,0.0,0.38175248200095985,0.40522336923980656,0.42483325923181103,0.38040661426745453,0.39065906036654297,0.3158875072530281,0.0,0.0,0.4268553165192573,0.0,0.3709532457311901,0.3650981433767188,0.34628066182993456,0.34418401117463354,0.0,0.33897091745782315,0.3780426480122122,0.0,0.38332648096060407,0.0,0.3256773586437713,0.3607261573323215,0.40812004292558984,0.39721019986065975,0.39947694355206953,0.3342686570649551,0.3803705949474375,0.4786286313878866,0.3554132480745829,0.4352010501901371,0.5002654909059049,0.5005925337354242,0.476474892462124,0.0,0.44585315315987967,0.40382498140258866,0.4125613509153705,0.43946839544915123,0.0,0.0,0.0,0.3675396670820136,0.3940242467486283,0.0,0.0,0.0,0.4107872130685149,0.0,0.0,0.0,0.0,0.0,0.0,0.0,0.0,0.37566867800908094,0.402783749408413,0.0,0.0,0.0,0.43067033730349974,0.4296491131444672,0.4320297338829156,0.4221283092038827,0.0,0.0,0.432226967613169,0.42826314474645516,0.0,0.4172821811865037,0.0,0.4135497607073695
0.44470129538312486,0.3718233712729124,0.37103454902993205,0.3780465667993583,0.33608910270950126,0.36420991123112517,0.3616052304970004,0.302036367637333,0.3822384970567402,0.41199371501353427,0.2858939847234926,0.0,0.3805259014091328,0.33736852094053316,0.3429322582429502,0.3636229403965971,0.0,0.3729669194671008,0.40525391403046174,0.34039811064137665,0.3361726738120682,0.38332648096060407,0.0,0.4784225614729006,0.3692854237980544,0.37821469956222264,0.3456304778324278,0.39107195652712384,0.3612776007733847,0.3739846758105916,0.39852375178834465,0.39774522636624565,0.35236394949825955,0.4234065372873743,0.4509189003368454,0.34342452025981357,0.418188522768837,0.0,0.41926390933976865,0.3493362011530605,0.4046529176552738,0.4303120247983657,0.27716822640984623,0.46595744768311576,0.0,0.40976166604208886,0.0,0.4096955408943062,0.0,0.45150483420779525,0.40079990885675715,0.4113794762480793,0.38140972609566803,0.36823667149418093,0.0,0.32923342219117335,0.0,0.4094953431552696,0.3343945281923831,0.372389477922491,0.0,0.0,0.0,0.3707457285072605,0.4138743426271603,0.3910845984653602,0.4338091541641358,0.40379338558282835,0.0,0.0,0.4404245702340449,0.4228899532988436,0.4142413118529395,0.40468721433686594,0.4029691771066004,0.4200753163380359
0.3859232291129426,0.29165293722976937,0.0,0.0,0.0,0.0,0.0,0.4878364786781046,0.0,0.3167274386711286,0.0,0.2906511864867077,0.0,0.0,0.0,0.27273899314614364,0.26629199375351026,0.2534220264763615,0.0,0.0,0.4810876548191152,0.0,0.4784225614729006,0.0,0.26821274426824987,0.2924684956107723,0.0,0.0,0.0,0.0,0.3049176420592804,0.3097493883665005,0.24225841288269384,0.2796177295781043,0.29416607909250625,0.0,0.31153385272342615,0.25615072200477446,0.3307652410997483,0.27226956160689014,0.2942082435073369,0.2698017882006213,0.0,0.0,0.0,0.29022952575330113,0.29107046806802694,0.0,0.0,0.0,0.0,0.0,0.0,0.0,0.3260459829507209,0.0,0.3360195886306903,0.0,0.0,0.0,0.3535203640462395,0.0,0.3232999030565725,0.0,0.0,0.0,0.0,0.0,0.3444157382774334,0.328467562830722,0.34528466881029984,0.0,0.0,0.0,0.0,0.31260677329339054
0.26794200293135645,0.29620255325572337,0.0,0.0,0.0,0.3334522723531743,0.37169033138714785,0.3841072697068582,0.0,0.28817153918667465,0.0,0.2911891605683732,0.3435100169133702,0.0,0.29901921633533396,0.2901123937027744,0.2650879585815151,0.28457355307984955,0.0,0.33194637788297415,0.2982808213932355,0.3256773586437713,0.3692854237980544,0.26821274426824987,0.0,0.28369674757960534,0.3502830009546418,0.32816943216032607,0.3446008037661346,0.0,0.2735624950301199,0.3635628381208411,0.21669258475380362,0.27678093045996505,0.2998176469113306,0.0,0.0,0.24645529004927533,0.2743320391499673,0.28236700775594126,0.2628207747711674,0.2776821108419328,0.0,0.0,0.0,0.2812888243344667,0.25504680154317805,0.0,0.0,0.0,0.0,0.0,0.0,0.0,0.33597668168496353,0.0,0.3566161408091203,0.0,0.0,0.0,0.3131674134677231,0.34157050052863674,0.29349353422298213,0.0,0.34139134160929846,0.3514564211684986,0.3470989307995291,0.44402159542114467,0.3247521065309869,0.2985721265841292,0.31910007464865686,0.0,0.0,0.37671355018176883,0.0,0.3199776452916903
0.3150240162254762,0.3262698871698549,0.0,0.0,0.0,0.3580521767514994,0.38232355907029236,0.41914172565931335,0.4063970911035829,0.280441483587358,0.0,0.3157217565943624,0.36913740557496033,0.5336280421851745,0.3889552249154394,0.3358248955360682,0.258516626016908,0.28047720476921423,0.0,0.36971250054984683,0.34583579871155773,0.3607261573323215,0.37821469956222264,0.2924684956107723,0.28369674757960534,0.0,0.3865358609258278,0.3707356669550315,0.36765235065358337,0.0,0.30660060853773186,0.3970348838613125,0.25077406257657114,0.3055120999483644,0.36163921911891095,0.0,0.0,0.26659726709190723,0.37686485184574053,0.32166500970445455,0.34240178984455427,0.3355768130122162,0.0,0.0,0.0,0.3067793995781944,0.3331316723972032,0.0,0.0,0.0,0.4181304431292992,0.0,0.0,0.0,0.37018871699821104,0.0,0.37949857055843156,0.0,0.0,0.43612215396047266,0.3451837021523099,0.34055208298254136,0.32341397420138207,0.0,0.4144545999118799,0.39150838949253547,0.4001855446768183,0.418877939513912,0.36182988443856173,0.334477091828964,0.36038995209165753,0.4079700705835601,0.0,0.4117678156684353,0.0,0.33627346816438725
0.4137068022090047,0.3825843771602363,0.38097978479629785,0.39171544807135256,0.3572200748552297,0.35070052215568803,0.37844007495496257,0.3826911003695037,0.37467781052662663,0.42028374666622437,0.34626347569937316,0.0,0.3937763669415395,0.3862522186165887,0.41062154131172224,0.41571272195775366,0.0,0.3791062974720797,0.42464980725943247,0.3394730056144189,0.3890815591795047,0.40812004292558984,0.3456304778324278,0.0,0.3502830009546418,0.3865358609258278,0.0,0.39120056925606894,0.3375729058167631,0.3669231767220643,0.39529161139750685,0.40991376415616837,0.37868939414086117,0.4197271976686197,0.45650538480948216,0.3912760030280763,0.41766661048846176,0.0,0.4325809917851769,0.0,0.4434720012266852,0.0,0.34834411277396954,0.0,0.0,0.0,0.0,0.45862468969989506,0.0,0.47055397174666336,0.41298958505926214,0.44553266171919226,0.45135252747067384,0.4324868444662718,0.0,0.4142228640808428,0.0,0.4355052615082565,0.4416807487010196,0.43863936235608914,0.0,0.0,0.0,0.4640373035647763,0.4360318148855349,0.0,0.44616638718856116,0.4411392567523253,0.0,0.0,0.4333721593736283,0.4324636575671583,0.43450902493916876,0.42587546666854703,0.0,0.4443996873178449
0.4205490784506109,0.37092209051982894,0.4151808598394953,0.32138793561490436,0.371837081674652,0.3547516984491625,0.39502419609947576,0.3773412788323291,0.3851928356652354,0.3791557202754798,0.35134475712846314,0.0,0.350963603262644,0.0,0.3574723564650882,0.4182112230665044,0.0,0.38032771886632805,0.35332241886330945,0.3222632223109248,0.3744497608908574,0.39721019986065975,0.39107195652712384,0.0,0.32816943216032607,0.3707356669550315,0.39120056925606894,0.0,0.30746528760353653,0.28971854113505063,0.3625021872667748,0.3751646073586297,0.0,0.38782151786305363,0.3809846846463393,0.2852075428154696,0.3377469411547472,0.0,0.41772609283641043,0.0,0.438264468474293,0.0,0.0,0.0,0.0,0.0,0.0,0.0,0.0,0.0,0.41895480333748586,0.0,0.4102332858891173,0.0,0.0,0.0,0.0,0.0,0.0,0.0,0.0,0.0,0.0,0.0,0.42383948874220306,0.0,0.0,0.42037278376539233,0.0,0.0,0.0,0.4100033553164492,0.43366079003746716,0.4015603879374096,0.0,0.4507302914991814
0.4033443526491739,0.3767927006692096,0.32249541197915776,0.0,0.3551468310680034,0.3383305765242594,0.37627709881440724,0.32687839403991625,0.3580078185338749,0.3905281674871626,0.0,0.0,0.3410472152593976,0.0,0.3726346831115357,0.4237100644335351,0.0,0.3754956292031337,0.0,0.3146614887660126,0.3609660840355351,0.39947694355206953,0.3612776007733847,0.0,0.3446008037661346,0.36765235065358337,0.3375729058167631,0.30746528760353653,0.0,0.27729563500184395,0.33410676412450546,0.4241643959324498,0.3450190161515706,0.3846085356478528,0.43852076098704573,0.37123528727437577,0.4076196859180594,0.0,0.4103229806285799,0.0,0.43695721979783425,0.0,0.0,0.0,0.0,0.47828782677168175,0.0,0.0,0.0,0.0,0.40579320842471184,0.0,0.0,0.0,0.0,0.0,0.0,0.0,0.0,0.390022203737178,0.0,0.0,0.0,0.0,0.4170724256476863,0.0,0.42128740209205295,0.39557128028181104,0.0,0.0,0.0,0.3910669071334436,0.4183977155199848,0.39169719372004447,0.0,0.4292289183823779
0.0,0.0,0.0,0.0,0.0,0.3379507177861582,0.0,0.32744629272482473,0.0,0.0,0.0,0.0,0.32279660534913024,0.0,0.0,0.0,0.0,0.0,0.0,0.2524951557698401,0.0,0.3342686570649551,0.3739846758105916,0.0,0.0,0.0,0.3669231767220643,0.28971854113505063,0.27729563500184395,0.0,0.30293588938621535,0.5036106541750069,0.0,0.3468414194182661,0.36570314086464095,0.0,0.4191102959708059,0.0,0.0,0.0,0.0,0.0,0.0,0.0,0.0,0.0,0.0,0.0,0.0,0.0,0.0,0.0,0.0,0.0,0.0,0.0,0.0,0.0,0.0,0.0,0.0,0.0,0.0,0.0,0.0,0.0,0.0,0.3965494055884495,0.0,0.0,0.0,0.4134347675013306,0.0,0.0,0.0,0.0
0.2825469755432038,0.3234358728097289,0.41178791471147025,0.3212682884911697,0.34273510805027024,0.37486170326758544,0.36867709266363924,0.370469712066634,0.3564709069720683,0.32922289267739574,0.2937599691324045,0.33676626113252656,0.38801297049949457,0.0,0.40417472919811526,0.3370502109699194,0.2643036829684523,0.2879529985858104,0.3661036574236951,0.35123707162931816,0.30081736974709194,0.3803705949474375,0.39852375178834465,0.3049176420592804,0.2735624950301199,0.30660060853773186,0.39529161139750685,0.3625021872667748,0.33410676412450546,0.30293588938621535,0.0,0.42279611043360765,0.33971299992194637,0.3384172209759175,0.2980429408273432,0.32770872292782177,0.3675192281640591,0.3274201272176693,0.40652382508817847,0.28821760083615267,0.36952376580192237,0.3964448432234881,0.0,0.0,0.0,0.3393046125712805,0.30181314573439266,0.0,0.0,0.0,0.4295754008914832,0.0,0.3858443229205147,0.0,0.3736299920329753,0.0,0.3597918325411037,0.5234891424085681,0.0,0.37726489159044974,0.29412687207841876,0.0,0.3152129208346921,0.0,0.40985091556992737,0.40196806981012473,0.41399141580213944,0.39528419861118996,0.32834691782199116,0.3231282057133115,0.30947680871015687,0.4211002219722337,0.4564815361422735,0.42716956689616775,0.0,0.37627051158791736
0.38923372631533304,0.38415049615629376,0.3954541065329517,0.2564763905578287,0.3404138993425923,0.39006945759187783,0.36675247083093526,0.3797857944487872,0.3637016653034586,0.31708701764814357,0.31555125884340834,0.3013503851647715,0.37894570146168693,0.25619580209803927,0.4508573251812865,0.415601330218756,0.4058186175563439,0.39229636511277505,0.3480430608879312,0.45198708956264144,0.4206103992068146,0.4786286313878866,0.39774522636624565,0.3097493883665005,0.3635628381208411,0.3970348838613125,0.40991376415616837,0.3751646073586297,0.4241643959324498,0.5036106541750069,0.42279611043360765,0.0,0.3731806783762141,0.3646915776404276,0.40289985351735397,0.2302371675421212,0.29725074825664977,0.277406777534972,0.37027241784878073,0.38247157977508983,0.4473933958613041,0.42465934400183736,0.0,0.0,0.32694883898325655,0.4204638642674884,0.4074261002841612,0.4659204429258469,0.0,0.0,0.3756637345002881,0.0,0.39556264482890924,0.46572845172122757,0.0,0.0,0.0,0.42938436995478624,0.0,0.4485174605090154,0.4171453815624321,0.0,0.3647005806318518,0.0,0.43846205748239364,0.43496381477168816,0.4571280120973432,0.40173266350118253,0.0,0.38204676732807324,0.4241139414139454,0.38753997818669983,0.42095267867019587,0.3875787825649259,0.41721650598481996,0.38808588925724524
0.2630549514544603,0.28156056440569455,0.0,0.0,0.0,0.0,0.0,0.3946505404491147,0.0,0.2721929338197992,0.0,0.26086043935985775,0.0,0.0,0.3605685212712853,0.30897246992121763,0.261002335302098,0.24825370698213453,0.0,0.35430795362649115,0.2929507926789402,0.3554132480745829,0.35236394949825955,0.24225841288269384,0.21669258475380362,0.25077406257657114,0.37868939414086117,0.0,0.3450190161515706,0.0,0.33971299992194637,0.3731806783762141,0.0,0.26394374878903,0.34672074196658803,0.0,0.27182671593708446,0.23583787036460005,0.372784496011336,0.292734638904078,0.3125767370665279,0.3639514550499726,0.0,0.0,0.0,0.2844229474608967,0.3461582847227211,0.0,0.0,0.0,0.37176671575366527,0.0,0.0,0.0,0.3018736440343883,0.0,0.30412778670247076,0.0,0.0,0.42399996470175705,0.3421373407184607,0.3074775579130976,0.32447308347726744,0.0,0.4250658943103661,0.3973154851240779,0.4042708532694667,0.3747948157461269,0.2885640499188721,0.31459234213160103,0.3474061571549726,0.35402737577230897,0.0,0.4017314679295881,0.0,0.32675977298789805
0.3193029601838407,0.32870886226275037,0.42366646518201206,0.3147667716701512,0.3577106381896024,0.39050638763943035,0.3869321672697749,0.3783727269595254,0.3807435646027404,0.3095925984149908,0.34380449045230316,0.27880725764842057,0.3926285951285329,0.0,0.4358555866020488,0.3532017259764105,0.3019794570379062,0.3000942796706114,0.386034965672366,0.4223670363804127,0.3686469731307622,0.4352010501901371,0.4234065372873743,0.2796177295781043,0.27678093045996505,0.3055120999483644,0.4197271976686197,0.38782151786305363,0.3846085356478528,0.3468414194182661,0.3384172209759175,0.3646915776404276,0.26394374878903,0.0,0.29843447168934606,0.35438337636458944,0.37348340574545047,0.2709567462490123,0.42268628478450576,0.3236918131306707,0.3344150434539739,0.39227241848721695,0.0,0.0,0.0,0.346661332952294,0.35767467714596973,0.0,0.0,0.0,0.44105047963720634,0.0,0.4215257643573231,0.0,0.32017171422581076,0.0,0.3333410785552586,0.0,0.0,0.4483625391101413,0.35903051336223485,0.3560488517301877,0.336663132547388,0.0,0.4191201918033419,0.43712067966828466,0.4297606146969595,0.411959378017721,0.34273451755802664,0.3292024698609033,0.3657875486626865,0.41267925006886136,0.4440563880909422,0.4379310483403749,0.0,0.3669866520311724
0.36638188257798854,0.3778168915121854,0.4036814715603594,0.3030183426714054,0.31755757419092273,0.4075893437659668,0.42143843120321134,0.4156161281667165,0.39145960117757844,0.3016500513512094,0.30741741444478426,0.30024396695880434,0.3971743031315198,0.0,0.4950511721290961,0.4141672011620354,0.3163414957717375,0.34981837153942547,0.3524625395263954,0.48303564765963564,0.44064862732397525,0.5002654909059049,0.4509189003368454,0.29416607909250625,0.2998176469113306,0.36163921911891095,0.45650538480948216,0.3809846846463393,0.43852076098704573,0.36570314086464095,0.2980429408273432,0.40289985351735397,0.34672074196658803,0.29843447168934606,0.0,0.33552118215874605,0.34257043354310646,0.2709107628086473,0.49561084981146414,0.3799108266500842,0.41242903916297247,0.44994480814438764,0.0,0.0,0.0,0.3196478625159157,0.337072789812679,0.0,0.0,0.0,0.48602709753939743,0.0,0.4710971984372141,0.0,0.3454921369548393,0.0,0.0,0.0,0.0,0.48467548743983047,0.4022536950587302,0.0,0.3425625271760394,0.0,0.49042274104551814,0.47054542975966185,0.46773299745592417,0.44599263937834727,0.31320924301796116,0.34603268446744445,0.4177612562788755,0.43960511260883006,0.0,0.0,0.0,0.40126865534745426
0.46835893316332194,0.0,0.376400470588194,0.2197300003890316,0.21753092924981796,0.3577686475971502,0.30506259291595805,0.27250668558704766,0.35172587023238383,0.32199141284525234,0.234637071897166,0.2212176711808038,0.3533040536238799,0.22219242002162554,0.4781806271068903,0.0,0.36428072321678906,0.0,0.32511498702733077,0.4870415160211435,0.3923428041960912,0.5005925337354242,0.34342452025981357,0.0,0.0,0.0,0.3912760030280763,0.2852075428154696,0.37123528727437577,0.0,0.32770872292782177,0.2302371675421212,0.0,0.35438337636458944,0.33552118215874605,0.0,0.21883318485571202,0.0,0.0,0.0,0.0,0.0,0.12320592705520685,0.0,0.0,0.0,0.0,0.32934910615856855,0.0,0.0,0.4145475919300884,0.0,0.23580574994410905,0.3373606896701853,0.3765968137927516,0.2513365335418562,0.0,0.0,0.2230500868169379,0.0,0.0,0.0,0.0,0.2706261303080797,0.0,0.0,0.0,0.39500175516384345,0.0,0.0,0.0,0.4195707551136729,0.0,0.0,0.0,0.0
0.0,0.0,0.4116651618989115,0.24162850993206053,0.35567277466266695,0.3745496832548746,0.35523028717164307,0.4044163796215322,0.37545854787750804,0.3152297350321177,0.33756202737998436,0.3294491835743979,0.3715645807926625,0.23558817978768684,0.4622495981566053,0.0,0.0,0.0,0.3573636097492173,0.4670702307820315,0.0,0.476474892462124,0.418188522768837,0.31153385272342615,0.0,0.0,0.41766661048846176,0.3377469411547472,0.4076196859180594,0.4191102959708059,0.3675192281640591,0.29725074825664977,0.27182671593708446,0.37348340574545047,0.34257043354310646,0.21883318485571202,0.0,0.3202140887984795,0.5071344381297659,0.0,0.0,0.0,0.0,0.0,0.0,0.0,0.0,0.0,0.0,0.0,0.0,0.0,0.0,0.0,0.0,0.0,0.0,0.0,0.0,0.0,0.0,0.0,0.0,0.0,0.0,0.0,0.0,0.5223659896368923,0.0,0.0,0.0,0.5418715046461574,0.0,0.0,0.0,0.0
0.0,0.0,0.0,0.0,0.0,0.0,0.0,0.0,0.0,0.2597419407223788,0.0,0.25918273784334395,0.0,0.0,0.0,0.0,0.0,0.0,0.0,0.0,0.0,0.0,0.0,0.25615072200477446,0.24645529004927533,0.26659726709190723,0.0,0.0,0.0,0.0,0.3274201272176693,0.277406777534972,0.23583787036460005,0.2709567462490123,0.2709107628086473,0.0,0.3202140887984795,0.0,0.0,0.0,0.0,0.0,0.0,0.0,0.0,0.0,0.0,0.0,0.0,0.0,0.0,0.0,0.0,0.0,0.0,0.0,0.0,0.0,0.0,0.0,0.0,0.0,0.0,0.0,0.0,0.0,0.0,0.0,0.0,0.0,0.0,0.0,0.0,0.0,0.0,0.0
0.35060548934622937,0.388837202598181,0.0,0.0,0.0,0.369532569885886,0.0,0.33839805712215926,0.0,0.3408623016122763,0.0,0.0,0.43030553619451467,0.0,0.44271269356638693,0.3509269006826419,0.32879551238217525,0.19599882802274454,0.0,0.4323016883441289,0.3970222780533013,0.44585315315987967,0.41926390933976865,0.3307652410997483,0.2743320391499673,0.37686485184574053,0.4325809917851769,0.41772609283641043,0.4103229806285799,0.0,0.40652382508817847,0.37027241784878073,0.372784496011336,0.42268628478450576,0.49561084981146414,0.0,0.5071344381297659,0.0,0.0,0.3325459011105415,0.3742773249941595,0.36737444763457955,0.25863088251393895,0.304546976862773,0.31093138473567383,0.3876962473237714,0.39863667439826517,0.30702772754107327,0.3065017089105895,0.3474124937580143,0.34067137000679387,0.370742102125759,0.3543562014084952,0.29121816236530296,0.32285516985546203,0.32279591537496166,0.2972911514042902,0.3582267454826398,0.0,0.43754588058614574,0.4017719960897913,0.28975088980886216,0.35198300218780143,0.27680987990727696,0.4564278572635805,0.4077937199383046,0.449912062503023,0.3625748554520037,0.3253898066886296,0.34222106845614136,0.38087374347083447,0.39223413162593607,0.34333043259904567,0.4276640204403188,0.2966812049845471,0.3499380710833862
0.28401077158523874,0.31854127758567996,0.0,0.0,0.0,0.48454776877746786,0.0,0.0,0.0,0.3017316220630561,0.0,0.3110186158099624,0.0,0.0,0.42477293520886794,0.33358185584673217,0.29345100260207274,0.23425799866528507,0.0,0.42856887832796997,0.3690441574766493,0.40382498140258866,0.3493362011530605,0.27226956160689014,0.28236700775594126,0.32166500970445455,0.0,0.0,0.0,0.0,0.28821760083615267,0.38247157977508983,0.292734638904078,0.3236918131306707,0.3799108266500842,0.0,0.0,0.0,0.3325459011105415,0.0,0.20893650332623664,0.24851154413431623,0.0,0.26158534930800104,0.2536854643067691,0.24485006203570636,0.27660171516649523,0.0,0.0,0.0,0.3297737636406848,0.0,0.0,0.0,0.24417975171395168,0.0,0.2426567922278635,0.34740246371237726,0.0,0.34828282096048563,0.3001566967614263,0.24588224949131263,0.24943522056304773,0.0,0.3554153865006788,0.32143366330467044,0.33905621848813416,0.35054570845688116,0.2193301575002307,0.22731958426835386,0.2736299374913125,0.34704468006698164,0.3012032363951144,0.3297065925613159,0.0,0.2821762245629595
0.3560350636076309,0.3185965749839937,0.0,0.0,0.0,0.41050047626816266,0.0,0.0,0.0,0.30154136872889237,0.0,0.3237968637717399,0.0,0.0,0.4494973680762176,0.3655096518293845,0.3496120158935235,0.2244669982171748,0.0,0.4472017503220814,0.41081997008808646,0.4125613509153705,0.4046529176552738,0.2942082435073369,0.2628207747711674,0.34240178984455427,0.4434720012266852,0.438264468474293,0.43695721979783425,0.0,0.36952376580192237,0.4473933958613041,0.3125767370665279,0.3344150434539739,0.41242903916297247,0.0,0.0,0.0,0.3742773249941595,0.20893650332623664,0.0,0.276569213557849,0.35865418684705686,0.28337072387662116,0.24080746134085532,0.32887224331135706,0.3474040460230596,0.33677373234444397,0.21261317993856052,0.37590400696547893,0.3608563091934024,0.3759364541128863,0.35568426406904996,0.3467495396412467,0.2904301132078479,0.36096683635353766,0.2665143752187497,0.36416804012433035,0.0,0.4173293615263304,0.3457432921132308,0.30390910006281296,0.3230872365276168,0.3120829529278615,0.4066409187090798,0.3908030678706696,0.3832480540289837,0.3720381657452714,0.25677629531138024,0.30297494913819856,0.3336497315629287,0.39729603142069453,0.34591200932186666,0.36814128974354604,0.28650187372279334,0.3162740234069903
0.4112754692869703,0.3956474573629074,0.0,0.0,0.0,0.0,0.0,0.0,0.0,0.2869728315840056,0.0,0.0,0.0,0.0,0.4697965302811123,0.3977616774570814,0.3392031721286649,0.3281778907702986,0.0,0.460023508960866,0.4390852778118734,0.43946839544915123,0.4303120247983657,0.2698017882006213,0.2776821108419328,0.3355768130122162,0.0,0.0,0.0,0.0,0.3964448432234881,0.42465934400183736,0.3639514550499726,0.39227241848721695,0.44994480814438764,0.0,0.0,0.0,0.36737444763457955,0.24851154413431623,0.276569213557849,0.0,0.19771597317000156,0.18883119351218478,0.26803961577598145,0.38785791731275937,0.3652814428542967,0.0,0.19311837315595762,0.0,0.3643373069672359,0.3924403277023498,0.0,0.34724930336909504,0.28517999194902166,0.0,0.2619125910833655,0.37185180684890157,0.0,0.4419854849589402,0.3773169412049771,0.25436133684037454,0.33102328598825465,0.0,0.4520109864665092,0.443819791455984,0.4355003002541941,0.3694469869090163,0.21087897527944577,0.31816397321490003,0.37675602455273477,0.41027485977143985,0.30747515622589994,0.4083868353210686,0.26725966451117045,0.32941986371952064
