0.0,0.4022695929635825,0.0,0.0,0.0,0.441136300512129,0.6878530563988262,0.5224279607402781,0.0,0.4241657942335411,0.0,0.40213207545325075,0.5190870339093265,0.5121845794577597,0.3844246532434053,0.42259060931467174,0.34999687409732694,0.37335011766666565,0.0,0.4250646378739602,0.4338567209798506,0.43959405277948815,0.4606688110523934,0.3856100198850372,0.3674410643627645,0.37375375751562356,0.43416310113329853,0.48566183164985394,0.46536622271607686,0.0,0.4082640632654188,0.46008641577255516,0.3599790122416853,0.4085079190442559,0.46784699011195224,0.4968788330468372,0.0,0.0,0.4355187488589637,0.3588837084456607,0.42419238381169716,0.47434283250259696,0.0,0.0,0.0,0.3261328087421068,0.4034643201952038,0.0,0.0,0.0,0.0,0.0,0.0,0.0,0.39465888328726845,0.0,0.0,0.0,0.0,0.0,0.4188302735320798,0.0,0.3683669868282027,0.0,0.0,0.24783113030480192,0.44789280922603747,0.0,0.3647137874865,0.38309815520523705,0.4074885481964086,0.0,0.0,0.0,0.0,0.4255894753475262
0.4022695929635825,0.0,0.0,0.0,0.4506213617797296,0.4293548485689622,0.4560855258118297,0.4838148119894054,0.4152812460256693,0.4056322116481417,0.0,0.0,0.4746798545082904,0.0,0.4192722680134043,0.41359903973038387,0.4162337232887739,0.4049215820174946,0.0,0.4249647302182917,0.4251297640420886,0.3954610646517136,0.41906341831343424,0.3969505405205229,0.37043330774998023,0.40494791708584393,0.4087511506731348,0.4586315441265589,0.44044901299517286,0.0,0.4020019916016087,0.5042934317243981,0.3934542175048224,0.42949893185737675,0.46554954406772786,0.0,0.0,0.0,0.4755520465206233,0.4387089183465237,0.49840952048244663,0.5075434672112054,0.0,0.0,0.0,0.4235502758909497,0.47489095939993153,0.0,0.0,0.0,0.4895408779380805,0.0,0.0,0.0,0.0,0.0,0.0,0.0,0.0,0.49291790324559936,0.4583574930362715,0.0,0.4278128866809333,0.0,0.47056290186478683,0.43500196676300756,0.5098709265634715,0.0,0.0,0.4268567935399248,0.4551873213786592,0.46814215898131023,0.0,0.4734669133708903,0.0,0.4375440912199715
0.0,0.0,0.0,0.0,0.379809340592064,0.38558585765519326,0.39590512449493237,0.4417113926104769,0.3420937128100939,0.0,0.3834144277279959,0.0,0.4054555627673924,0.38192975694712267,0.0,0.0,0.0,0.0,0.35774013594322257,0.0,0.0,0.0,0.36178706292883805,0.0,0.0,0.0,0.3679046126440665,0.4266503992338253,0.0,0.0,0.0,0.0,0.0,0.0,0.0,0.3362464663368167,0.0,0.0,0.0,0.0,0.0,0.0,0.4265715517567667,0.0,0.0,0.0,0.0,0.45791358443356794,0.0,0.0,0.47930747414593217,0.5207869228878212,0.0,0.4841168783181233,0.0,0.4194330220519143,0.0,0.5592437030649218,0.5076502031629382,0.0,0.0,0.0,0.0,0.42877036728939866,0.0,0.0,0.0,0.45772283931598845,0.0,0.0,0.0,0.49271385808772783,0.0,0.0,0.0,0.0
0.0,0.0,0.0,0.0,0.28301261120538096,0.3802753440397789,0.3623613305027653,0.0,0.0,0.22364901944770846,0.0,0.0,0.323876454626656,0.24288999550573442,0.0,0.0,0.0,0.0,0.0,0.0,0.0,0.0,0.3888742320334436,0.0,0.0,0.0,0.0,0.25956239471496273,0.0,0.0,0.3568503457532117,0.27021639133254977,0.0,0.220398496758704,0.23811697065316612,0.18353864699833736,0.1721909305887291,0.0,0.0,0.0,0.0,0.0,0.0,0.0,0.0,0.0,0.0,0.0,0.0,0.0,0.0,0.0,0.0,0.0,0.0,0.0,0.0,0.0,0.0,0.0,0.0,0.0,0.0,0.0,0.0,0.0,0.0,0.0,0.0,0.0,0.0,0.0,0.0,0.0,0.0,0.0
0.0,0.4506213617797296,0.379809340592064,0.28301261120538096,0.0,0.38502239078995854,0.37956368401605234,0.40751159798297826,0.3789067988666515,0.0,0.3945514663444643,0.0,0.39778440611531307,0.31266543394619256,0.0,0.48984202479263433,0.0,0.504294498493611,0.3903164203039063,0.4182373529312044,0.550045991617504,0.4607980147299457,0.3916743551848597,0.0,0.4565536456709367,0.46521112441744106,0.39613708591233004,0.405034396101055,0.4359558152176682,0.0,0.43219086538927365,0.3713712143836132,0.0,0.4147147074486468,0.4615069561408445,0.246260897507774,0.3798110556261073,0.0,0.0,0.0,0.0,0.0,0.36844320838566347,0.0,0.0,0.0,0.0,0.5041134607795431,0.0,0.0,0.5044321136262886,0.0,0.0,0.5219675932795337,0.0,0.4305432919260083,0.0,0.0,0.0,0.0,0.0,0.0,0.0,0.48175156748667364,0.0,0.0,0.0,0.4715261213361955,0.0,0.0,0.0,0.48988648538606927,0.0,0.0,0.0,0.0
0.441136300512129,0.4293548485689622,0.38558585765519326,0.3802753440397789,0.38502239078995854,0.0,0.4093546139113712,0.3990107900229018,0.3613185163442902,0.0,0.36583897465847204,0.0,0.40794953401108675,0.3761720875337592,0.4143908919505033,0.44072273054520356,0.0,0.42847248034042923,0.3487948371420656,0.41582380371896743,0.4031024388911185,0.4315518293032398,0.4011832227434796,0.0,0.41034329182996643,0.42187444399636437,0.37646921336533806,0.3872381877357542,0.36819634195613316,0.407573834983841,0.4214012024806964,0.40816058926561993,0.0,0.43500078506344686,0.46796785765078897,0.39409425331986847,0.3892309049430515,0.0,0.4744459914189469,0.0,0.4908405442576459,0.0,0.42254136389046715,0.0,0.0,0.0,0.0,0.48857277762617674,0.0,0.5393855884015567,0.46645486260172525,0.49560512714189725,0.449537744615421,0.4772912169383308,0.0,0.45276389678339424,0.0,0.4845008957211372,0.0,0.4777797428435788,0.0,0.0,0.0,0.48795700822732674,0.4483265541557583,0.0,0.48810203309356914,0.47234182530253127,0.0,0.0,0.0,0.4749770495627006,0.4775743253169274,0.4615948093572554,0.0,0.49389145381405886
0.6878530563988262,0.4560855258118297,0.39590512449493237,0.3623613305027653,0.37956368401605234,0.4093546139113712,0.0,0.41676632858762425,0.38026009410168493,0.0,0.40337342842805324,0.0,0.3724270536092817,0.3732096422379851,0.45499931424371487,0.4735043485912011,0.0,0.4736502170047836,0.3863282823280025,0.45483316866617063,0.4833915765098678,0.48565727243736767,0.41012480123737105,0.0,0.44786280746131335,0.4588794927990196,0.41967131192663265,0.4058752958138573,0.4545012715866233,0.0,0.4213640935578529,0.3638309059232908,0.0,0.4175469060739566,0.577325448862622,0.35043914679768734,0.34951545696226777,0.0,0.0,0.0,0.0,0.0,0.0,0.0,0.0,0.0,0.0,0.5678377918985715,0.0,0.0,0.5050488432679474,0.0,0.0,0.5854860840801175,0.0,0.0,0.0,0.0,0.0,0.0,0.0,0.0,0.0,0.0,0.0,0.0,0.0,0.473550324656583,0.0,0.0,0.0,0.49014641904000944,0.0,0.0,0.0,0.0
0.5224279607402781,0.4838148119894054,0.4417113926104769,0.0,0.40751159798297826,0.3990107900229018,0.41676632858762425,0.0,0.4185272289836286,0.0,0.3821962877958209,0.0,0.42853149726409556,0.34775444736461597,0.33762650887186507,0.49636755030910545,0.0,0.4817577746109857,0.40335114895803653,0.39010910026342066,0.4164135329850341,0.46772901312426435,0.38073696257899264,0.5279477488882511,0.49009753603335177,0.4849003695591887,0.4139245932415146,0.42807766629574046,0.4076352592279877,0.43841489656222493,0.44821057303225154,0.39637140496790524,0.47910897946990566,0.46621468638125096,0.46072272028454664,0.26305946752289155,0.42636242288614895,0.0,0.48326817470902617,0.0,0.5083793088426328,0.0,0.3608393487040415,0.0,0.0,0.0,0.0,0.4796549600075449,0.0,0.4877026347960012,0.460067118527498,0.48644754202961166,0.3997507698188704,0.48020822254324974,0.0,0.42344892418090363,0.0,0.46597460835321763,0.4120046350901634,0.0,0.0,0.0,0.0,0.4784485232105173,0.0,0.0,0.0,0.4588579103886589,0.0,0.0,0.0,0.48099815531209117,0.4732906675088549,0.45322398717617673,0.0,0.0
0.0,0.4152812460256693,0.3420937128100939,0.0,0.3789067988666515,0.3613185163442902,0.38026009410168493,0.4185272289836286,0.0,0.0,0.37110946351909646,0.0,0.38200311107886753,0.4014665907862695,0.7701388074465112,0.0,0.0,0.0,0.3083469929836369,0.38981107888440686,0.4655780310849616,0.41815952299182724,0.3753775455187265,0.0,0.0,0.4495548247470277,0.3479691184744554,0.39502738487705336,0.4015238318928954,0.0,0.3841648505288203,0.36797469467851973,0.0,0.39987570946810264,0.39281701339523456,0.0,0.37286558437430944,0.0,0.0,0.0,0.0,0.0,0.0,0.0,0.0,0.0,0.0,0.48556572418460453,0.0,0.5142447591389997,0.4676769093286089,0.5268105275941246,0.4308224882553593,0.5091110320191232,0.0,0.4282311979964141,0.0,0.5240252226565283,0.41030529770684315,0.0,0.0,0.0,0.0,0.47157864122624965,0.0,0.0,0.0,0.4514916481532957,0.0,0.0,0.0,0.44892258231987053,0.5432749983782807,0.0,0.0,0.0
0.4241657942335411,0.4056322116481417,0.0,0.22364901944770846,0.0,0.0,0.0,0.0,0.0,0.0,0.0,0.3086769521220015,0.41515824764770287,0.0,0.0,0.3825828145864136,0.3179750546250495,0.3428200767182318,0.0,0.0,0.4957060384041626,0.42217217155005876,0.4012348729494388,0.3253763769912619,0.33994866827342507,0.3453526195499891,0.0,0.4059264277625416,0.0,0.0,0.3431443775979085,0.31512496922957206,0.3127067201812067,0.31931493634659003,0.3201851818127374,0.2605378345261213,0.2555010273750508,0.30509850084680135,0.36822354670957896,0.339301411283706,0.3674173051266427,0.33453994106587787,0.0,0.0,0.3499289374063332,0.3877483636527601,0.0,0.0,0.0,0.0,0.0,0.0,0.0,0.0,0.40279414122193036,0.0,0.40556252375561735,0.0,0.0,0.0,0.486082740214407,0.3784305445614565,0.36707521501525914,0.0,0.0,0.0,0.0,0.0,0.41167620838946317,0.376134757281902,0.40698251235005223,0.0,0.0,0.0,0.0,0.3868552173262282
0.0,0.0,0.3834144277279959,0.0,0.3945514663444643,0.36583897465847204,0.40337342842805324,0.3821962877958209,0.37110946351909646,0.0,0.0,0.0,0.40266750442251525,0.29242575767305967,0.0,0.0,0.0,0.0,0.33523793390666384,0.0,0.0,0.0,0.383907614540855,0.0,0.0,0.0,0.3715345193714596,0.40845167755484235,0.0,0.0,0.4125564612290372,0.28093997836338225,0.0,0.4066126108294144,0.0,0.27247877210554133,0.39525036980296496,0.0,0.0,0.0,0.0,0.0,0.3784709117686523,0.0,0.0,0.0,0.0,0.43855497878401367,0.0,0.3908431871032534,0.4591889517475447,0.0,0.4533999893244367,0.4585831851285841,0.0,0.3733520175039049,0.0,0.0,0.39297162322775403,0.0,0.0,0.0,0.0,0.38929373265452805,0.0,0.0,0.0,0.45604809492318205,0.0,0.0,0.0,0.4418693645681967,0.0,0.0,0.0,0.0
0.40213207545325075,0.0,0.0,0.0,0.0,0.0,0.0,0.0,0.0,0.3086769521220015,0.0,0.0,0.0,0.0,0.0,0.0,0.349495962802561,0.34124169992722947,0.0,0.0,0.0,0.0,0.0,0.2923243698203345,0.3468605052908478,0.33125375888186354,0.0,0.35556483610642897,0.0,0.0,0.35678235649789847,0.285828051571756,0.28969354717718754,0.25455163897512073,0.2977980900243485,0.2511461607724767,0.2750934416923059,0.26203958420231405,0.3364705614509335,0.3298938907058569,0.36960397895415587,0.0,0.0,0.0,0.0,0.0,0.0,0.0,0.0,0.0,0.0,0.0,0.0,0.0,0.39603196072773444,0.0,0.3881537655148247,0.0,0.0,0.0,0.0,0.38586497408975556,0.3470914460173014,0.0,0.0,0.0,0.0,0.0,0.4232139364943581,0.3846126843714173,0.4084010470195348,0.0,0.0,0.0,0.0,0.39913987671819817
0.5190870339093265,0.4746798545082904,0.4054555627673924,0.323876454626656,0.39778440611531307,0.40794953401108675,0.3724270536092817,0.42853149726409556,0.38200311107886753,0.41515824764770287,0.40266750442251525,0.0,0.0,0.36488052527906173,0.4444859008425782,0.4894123186123017,0.0,0.46946787638900683,0.39295439734433313,0.45628829235072343,0.45681160716325186,0.4892454060220074,0.4227474358737547,0.0,0.45855006978291835,0.47358594276069726,0.4285317542390512,0.3605279615962272,0.42158667473573996,0.35608693296984767,0.40017360508439226,0.361575351485757,0.0,0.4134397584037238,0.4626567245950452,0.3419568126687128,0.3535819299384249,0.0,0.5047930565999706,0.0,0.0,0.0,0.0,0.0,0.0,0.0,0.0,0.0,0.0,0.0,0.49354406536622536,0.0,0.0,0.0,0.0,0.0,0.0,0.0,0.0,0.0,0.0,0.0,0.0,0.0,0.0,0.0,0.0,0.4885501996342976,0.0,0.0,0.0,0.48524824237519965,0.5269757231955668,0.5190481242335221,0.0,0.0
0.5121845794577597,0.0,0.38192975694712267,0.24288999550573442,0.31266543394619256,0.3761720875337592,0.3732096422379851,0.34775444736461597,0.4014665907862695,0.0,0.29242575767305967,0.0,0.36488052527906173,0.0,0.0,0.0,0.0,0.0,0.3445029219854221,0.0,0.45620840759028863,0.0,0.39413854659603437,0.0,0.0,0.0,0.0,0.37920416114815225,0.0,0.0,0.0,0.18063855820317382,0.0,0.0,0.0,0.19475120270362528,0.16644283681647243,0.0,0.0,0.0,0.0,0.0,0.33365170944838585,0.0,0.0,0.0,0.0,0.4349059396661238,0.0,0.0,0.46671186758539784,0.0,0.42170424561841385,0.0,0.0,0.40109870722901564,0.0,0.0,0.3651684079205114,0.0,0.0,0.0,0.0,0.41597948624210085,0.0,0.0,0.0,0.4245142956640252,0.0,0.0,0.0,0.0,0.0,0.0,0.0,0.0
0.3844246532434053,0.4192722680134043,0.0,0.0,0.0,0.4143908919505033,0.45499931424371487,0.33762650887186507,0.7701388074465112,0.0,0.0,0.0,0.4444859008425782,0.0,0.0,0.44685479203678397,0.0,0.43209217111383436,0.0,0.34040318737198233,0.3662971761865078,0.3200140272374366,0.38103356776324915,0.4779568756433861,0.41098180202516743,0.37505094265316263,0.40696171971598943,0.4062962969431619,0.44629378635296346,0.0,0.44842563685363157,0.4735088706390513,0.4103942706160317,0.4765504393352526,0.5224611175933993,0.49957805102426905,0.0,0.0,0.4943911028439934,0.46324470124083267,0.48813811309928984,0.5240607053271312,0.0,0.0,0.0,0.0,0.0,0.0,0.0,0.0,0.4557790399471879,0.0,0.0,0.0,0.0,0.0,0.0,0.0,0.0,0.33333486465434614,0.0,0.0,0.0,0.0,0.4179641739868144,0.42906680272413167,0.3785862091759046,0.4535761766002744,0.0,0.0,0.507630644126369,0.44467607214961463,0.4964719202217329,0.45989748274810105,0.0,0.4739676186544677
0.42259060931467174,0.41359903973038387,0.0,0.0,0.48984202479263433,0.44072273054520356,0.4735043485912011,0.49636755030910545,0.0,0.3825828145864136,0.0,0.0,0.4894123186123017,0.0,0.44685479203678397,0.0,0.36915148523584096,0.3828633353983387,0.0,0.42892251276826515,0.45623546052507347,0.3886628094749598,0.4525900591866935,0.37112352932909454,0.3924115919956082,0.4438934989919144,0.4247040604698732,0.4623725145891356,0.4517573462089873,0.40821597386237,0.37033822665359095,0.5049811028202715,0.42337368114562224,0.4206140751520283,0.5191388156989536,0.0,0.0,0.0,0.49490444017820284,0.42912904708266636,0.45607742016270825,0.487030384042502,0.0,0.0,0.0,0.43366764332143065,0.46587962802130317,0.0,0.0,0.0,0.0,0.0,0.0,0.0,0.0,0.0,0.0,0.0,0.0,0.0,0.4581085325795374,0.0,0.40965091361183253,0.0,0.0,0.0,0.4816304891023837,0.0,0.0,0.4167449603769704,0.45407859426066843,0.0,0.0,0.0,0.0,0.4069201942897716
0.34999687409732694,0.4162337232887739,0.0,0.0,0.0,0.0,0.0,0.0,0.0,0.3179750546250495,0.0,0.349495962802561,0.0,0.0,0.0,0.36915148523584096,0.0,0.354803499594312,0.0,0.4166165270954246,0.48305243652582375,0.3972540131082412,0.0,0.32370775998243223,0.33942245723357156,0.33810105108441024,0.0,0.40777461522368597,0.47786397877930425,0.0,0.3314904950235452,0.40075973082341204,0.32672788503740097,0.36894137232653396,0.3923128215952603,0.0,0.0,0.0,0.3923603055129859,0.3570077826077878,0.4109400092918815,0.4049841703952026,0.0,0.0,0.0,0.4067801079226111,0.0,0.0,0.0,0.0,0.0,0.0,0.0,0.0,0.3845176738336941,0.0,0.40835713526423556,0.0,0.0,0.0,0.0,0.38089195547260524,0.37550510187151337,0.0,0.0,0.0,0.0,0.0,0.4014544089345681,0.34669570482606266,0.3922958692113857,0.0,0.0,0.0,0.0,0.427489818524148
0.37335011766666565,0.4049215820174946,0.0,0.0,0.504294498493611,0.42847248034042923,0.4736502170047836,0.4817577746109857,0.0,0.3428200767182318,0.0,0.34124169992722947,0.46946787638900683,0.0,0.43209217111383436,0.3828633353983387,0.354803499594312,0.0,0.0,0.4262365461709757,0.43579174691403794,0.4219028639271263,0.4423597857553541,0.32351776595239917,0.3612257502801111,0.3790994587189859,0.42205747535189053,0.45569373422127674,0.450874456105834,0.4715863299906653,0.3603670113427016,0.4336838375485782,0.3407114989176218,0.3920557469803471,0.43707266554794233,0.0,0.0,0.0,0.4110555572661143,0.3683321002097207,0.40616696260105944,0.4235267149725412,0.0,0.0,0.0,0.3977524524024432,0.41655261084896106,0.0,0.0,0.0,0.0,0.0,0.0,0.0,0.3749365930840059,0.0,0.39442889236703976,0.0,0.0,0.0,0.4183355822748083,0.33479476093885036,0.37855278208631626,0.0,0.0,0.0,0.46245529986790823,0.0,0.3980785498939751,0.37946944770595464,0.38843376838701754,0.0,0.0,0.0,0.0,0.39358356574474046
0.0,0.0,0.35774013594322257,0.0,0.3903164203039063,0.3487948371420656,0.3863282823280025,0.40335114895803653,0.3083469929836369,0.0,0.33523793390666384,0.0,0.39295439734433313,0.3445029219854221,0.0,0.0,0.0,0.0,0.0,0.0,0.0,0.0,0.3247063561330677,0.0,0.0,0.0,0.3654137394558257,0.3871747709210886,0.0,0.0,0.0,0.0,0.0,0.0,0.0,0.3079358969774531,0.39046673295500134,0.0,0.0,0.0,0.0,0.0,0.0,0.0,0.0,0.0,0.0,0.44960653682159757,0.0,0.0,0.4669596813696233,0.0,0.44026668990346196,0.47257419500691905,0.0,0.3941738254099144,0.0,0.0,0.4229057662457694,0.0,0.0,0.0,0.0,0.4571248257141942,0.0,0.0,0.0,0.47162452198150595,0.0,0.0,0.0,0.4681361494903967,0.0,0.0,0.0,0.0
0.4250646378739602,0.4249647302182917,0.0,0.0,0.4182373529312044,0.41582380371896743,0.45483316866617063,0.39010910026342066,0.38981107888440686,0.0,0.0,0.0,0.45628829235072343,0.0,0.34040318737198233,0.42892251276826515,0.4166165270954246,0.4262365461709757,0.0,0.0,0.4057001951290921,0.40071977853131874,0.31054600825286854,0.0,0.4071007723349261,0.4344937713921571,0.35467975851201855,0.4047004901364652,0.3920170426025375,0.36901867723348025,0.3937071594688825,0.46909899414285294,0.41972235498558214,0.44809431374973174,0.5102159505404589,0.0,0.0,0.0,0.47696437469966374,0.4767096088786199,0.49149727658041026,0.5116551017658992,0.0,0.0,0.0,0.5038531523637787,0.4779781228286862,0.0,0.0,0.0,0.4647122788829931,0.0,0.0,0.0,0.0,0.0,0.0,0.5513297779863102,0.0,0.4719980428136209,0.0,0.0,0.0,0.0,0.4500597833840957,0.4433919512983123,0.4936651730688858,0.4591594444702361,0.0,0.0,0.49707931855554177,0.45794916914792244,0.4855972988601179,0.4664972524570723,0.0,0.4885722203037582
0.4338567209798506,0.4251297640420886,0.0,0.0,0.550045991617504,0.4031024388911185,0.4833915765098678,0.4164135329850341,0.4655780310849616,0.4957060384041626,0.0,0.0,0.45681160716325186,0.45620840759028863,0.3662971761865078,0.45623546052507347,0.48305243652582375,0.43579174691403794,0.0,0.4057001951290921,0.0,0.42940450134105307,0.38652607705041353,0.5063251882713276,0.4209444050340786,0.38489747088257714,0.39966642586317874,0.4477390731695844,0.434081030032825,0.46642890896177086,0.4875730936926591,0.46868256623051174,0.4013834484181068,0.4695896245081789,0.5059614892661833,0.5360967868708507,0.0,0.0,0.4686307725025571,0.3970668843791021,0.46690285951959587,0.51388183596043,0.0,0.0,0.0,0.41179625123677455,0.4383491315886897,0.0,0.0,0.0,0.41611757581827236,0.0,0.23738008346102382,0.0,0.0,0.0,0.0,0.5201173819008029,0.0,0.44233943369690976,0.4461074662779552,0.0,0.0,0.0,0.4077889378830967,0.2124013304411247,0.447361449348202,0.42228713986023536,0.0,0.0,0.46187689841464996,0.4270714107160589,0.48332761151016096,0.3958009696281357,0.0,0.4485266047603757
0.43959405277948815,0.3954610646517136,0.0,0.0,0.4607980147299457,0.4315518293032398,0.48565727243736767,0.46772901312426435,0.41815952299182724,0.42217217155005876,0.0,0.0,0.4892454060220074,0.0,0.3200140272374366,0.3886628094749598,0.3972540131082412,0.4219028639271263,0.0,0.40071977853131874,0.42940450134105307,0.0,0.4243698770719276,0.0,0.4068410382472649,0.4213461983017885,0.42481298952739366,0.462731411545812,0.43797929226302507,0.4328147632320902,0.39230855519978974,0.4889060204618394,0.4419076667187454,0.4608543029482816,0.5164654344161825,0.5437638045414496,0.4626715465469433,0.0,0.5029103281227112,0.4759688832472773,0.5074189673138063,0.5347979876499049,0.5996272614971447,0.0,0.0,0.4483006547673761,0.49007466942229677,0.0,0.0,0.0,0.4714065235904501,0.0,0.42007964314732593,0.0,0.0,0.0,0.0,0.0,0.0,0.5036037804009242,0.4689207198847469,0.0,0.49775424108467137,0.0,0.47989561094302013,0.4559657893200354,0.5006757027677767,0.46249752916812237,0.3682479364933664,0.4487004884096622,0.5086633672272384,0.4679997255660262,0.0,0.47421661546943844,0.0,0.4849212372289056
0.4606688110523934,0.41906341831343424,0.36178706292883805,0.3888742320334436,0.3916743551848597,0.4011832227434796,0.41012480123737105,0.38073696257899264,0.3753775455187265,0.4012348729494388,0.383907614540855,0.0,0.4227474358737547,0.39413854659603437,0.38103356776324915,0.4525900591866935,0.0,0.4423597857553541,0.3247063561330677,0.31054600825286854,0.38652607705041353,0.4243698770719276,0.0,0.5037389782020215,0.44266425084934147,0.4397465208649183,0.36023920653713165,0.42302032742786816,0.40607582249940033,0.4178060329937411,0.4276783491132968,0.4166109433719323,0.38122406578166507,0.44979284753477417,0.45768085607444814,0.4148620618895171,0.40460063013220343,0.0,0.4761702991132576,0.3717636833038122,0.4916490755135157,0.49646097174908976,0.4007043861170533,0.0,0.0,0.0,0.0,0.4874913748122667,0.0,0.5119865814453497,0.4761711664521946,0.48626411543601566,0.4850390784068671,0.4933045086143689,0.0,0.49452412089084113,0.0,0.4778951960219864,0.49855781443653335,0.4485447833557117,0.0,0.0,0.0,0.4864274587627338,0.4423162397509463,0.4327242278630139,0.46681654102798614,0.4801519452381796,0.0,0.0,0.0,0.4816663986776999,0.479045867157404,0.46035129274888326,0.501367881157071,0.4929548144328926
0.3856100198850372,0.3969505405205229,0.0,0.0,0.0,0.0,0.0,0.5279477488882511,0.0,0.3253763769912619,0.0,0.2923243698203345,0.0,0.0,0.4779568756433861,0.37112352932909454,0.32370775998243223,0.32351776595239917,0.0,0.0,0.5063251882713276,0.0,0.5037389782020215,0.0,0.32574859405400475,0.3477257425060061,0.5249586622141837,0.37335198424084637,0.6220715251750184,0.0,0.3716473618970827,0.3701040579671435,0.2507050855880318,0.27761044118165035,0.30724557120919976,0.0,0.2698862027946577,0.24837987144436185,0.4061520012263006,0.32568882300845386,0.3742505092937309,0.34631480719890384,0.0,0.0,0.3086928158749731,0.3945976454428318,0.0,0.0,0.0,0.0,0.0,0.0,0.0,0.0,0.3880467435157891,0.0,0.38096855644909233,0.0,0.0,0.0,0.0,0.380912430001631,0.37350628893291793,0.0,0.0,0.0,0.0,0.0,0.4110881359166393,0.37973334586850743,0.38885081919941206,0.0,0.0,0.0,0.0,0.3898126518021551
0.3674410643627645,0.37043330774998023,0.0,0.0,0.4565536456709367,0.41034329182996643,0.44786280746131335,0.49009753603335177,0.0,0.33994866827342507,0.0,0.3468605052908478,0.45855006978291835,0.0,0.41098180202516743,0.3924115919956082,0.33942245723357156,0.3612257502801111,0.0,0.4071007723349261,0.4209444050340786,0.4068410382472649,0.44266425084934147,0.32574859405400475,0.0,0.3765783075303799,0.40329948367913176,0.4502886617006843,0.42919629750767146,0.0,0.36554958346817523,0.4279312720334446,0.3278262068653242,0.38092707636543144,0.41826797971520796,0.0,0.0,0.29926896323273916,0.42001643329899374,0.37240569048398475,0.40154143383469937,0.4183835603383066,0.0,0.0,0.0,0.389262416236517,0.396876107257436,0.0,0.0,0.0,0.0,0.0,0.0,0.0,0.38934099317363735,0.0,0.3977875743093719,0.0,0.0,0.0,0.4140135669642461,0.3632730111696919,0.3808005909130039,0.0,0.0,0.0,0.43055139035236606,0.0,0.39457886753137666,0.3807264413661892,0.39776392228104757,0.0,0.0,0.4503223632644677,0.0,0.39572674985452694
0.37375375751562356,0.40494791708584393,0.0,0.0,0.46521112441744106,0.42187444399636437,0.4588794927990196,0.4849003695591887,0.4495548247470277,0.3453526195499891,0.0,0.33125375888186354,0.47358594276069726,0.0,0.37505094265316263,0.4438934989919144,0.33810105108441024,0.3790994587189859,0.0,0.4344937713921571,0.38489747088257714,0.4213461983017885,0.4397465208649183,0.3477257425060061,0.3765783075303799,0.0,0.4395039686651498,0.42872610112084647,0.4442656357092894,0.0,0.40788320661956134,0.47099425900269737,0.36769610372298134,0.4351789249255231,0.4878132445232164,0.5179337316141495,0.0,0.31314125816991645,0.4273837346020901,0.3771182350120815,0.39308649848659355,0.4200423574816274,0.0,0.0,0.0,0.4099980998263732,0.4654026075427014,0.0,0.0,0.0,0.0,0.0,0.0,0.0,0.40587697612444723,0.0,0.4051601366272343,0.0,0.0,0.49798774484875724,0.4295374857273038,0.3697647412810972,0.3745343035516023,0.0,0.48301577260398365,0.42150300790705997,0.495422921614818,0.478854427437517,0.4020364143801379,0.378608934249608,0.4075894171268678,0.0,0.0,0.0,0.0,0.39597604820016347
0.43416310113329853,0.4087511506731348,0.3679046126440665,0.0,0.39613708591233004,0.37646921336533806,0.41967131192663265,0.4139245932415146,0.3479691184744554,0.0,0.3715345193714596,0.0,0.4285317542390512,0.0,0.40696171971598943,0.4247040604698732,0.0,0.42205747535189053,0.3654137394558257,0.35467975851201855,0.39966642586317874,0.42481298952739366,0.36023920653713165,0.5249586622141837,0.40329948367913176,0.4395039686651498,0.0,0.41920756617335897,0.3865129628158455,0.41054230505199857,0.4136020931808467,0.43724515880459314,0.3793960248717035,0.4438103936792103,0.4618033535071943,0.46900897379254936,0.40987739929094846,0.0,0.47924309947353155,0.4307626141140255,0.49682122406973456,0.5043877763101532,0.43369785415700635,0.0,0.0,0.0,0.0,0.0,0.0,0.5181443412067129,0.46961480965261126,0.49710649485050373,0.45300339352711116,0.48481994583626925,0.0,0.44485400421086796,0.0,0.48287172028424363,0.0,0.4528821909290156,0.0,0.0,0.0,0.5002267160464982,0.0,0.43733893654543204,0.4639551540894132,0.47338431473594883,0.0,0.0,0.0,0.47452705809362644,0.4866792777327328,0.46795517768526323,0.5147659087456802,0.4893501194493753
0.48566183164985394,0.4586315441265589,0.4266503992338253,0.25956239471496273,0.405034396101055,0.3872381877357542,0.4058752958138573,0.42807766629574046,0.39502738487705336,0.4059264277625416,0.40845167755484235,0.35556483610642897,0.3605279615962272,0.37920416114815225,0.4062962969431619,0.4623725145891356,0.40777461522368597,0.45569373422127674,0.3871747709210886,0.4047004901364652,0.4477390731695844,0.462731411545812,0.42302032742786816,0.37335198424084637,0.4502886617006843,0.42872610112084647,0.41920756617335897,0.0,0.35519100481567695,0.3025251513246028,0.382132482154198,0.34149828953546996,0.30967593805563337,0.37727777162354525,0.34821635839891685,0.2676473423851902,0.31304734183464594,0.29605291969477854,0.41600766589732757,0.26520506006197436,0.5282403690436114,0.0,0.5184145538372644,0.0,0.0,0.0,0.0,0.0,0.0,0.0,0.47842884442233913,0.0,0.47440100915792716,0.0,0.0,0.0,0.0,0.5487085965409669,0.0,0.510833730675999,0.0,0.0,0.0,0.0,0.47354624947145285,0.0,0.0,0.48496120936349535,0.0,0.0,0.0,0.4876241045754454,0.5054533999870195,0.48450949461457854,0.0,0.5288345077179419
0.46536622271607686,0.44044901299517286,0.0,0.0,0.4359558152176682,0.36819634195613316,0.4545012715866233,0.4076352592279877,0.4015238318928954,0.0,0.0,0.0,0.42158667473573996,0.0,0.44629378635296346,0.4517573462089873,0.47786397877930425,0.450874456105834,0.0,0.3920170426025375,0.434081030032825,0.43797929226302507,0.40607582249940033,0.6220715251750184,0.42919629750767146,0.4442656357092894,0.3865129628158455,0.35519100481567695,0.0,0.34874473508313975,0.376719001285863,0.49672757830177877,0.4527118570004707,0.4393598136554806,0.5139485764201924,0.0,0.39127352256357295,0.0,0.4917849849069448,0.0,0.5070252956537055,0.5344255671806294,0.0,0.0,0.0,0.5687710811419576,0.5170953431540555,0.0,0.0,0.0,0.4681665303724845,0.0,0.46401066302579463,0.0,0.0,0.0,0.0,0.5108711966851891,0.0,0.46904706272761815,0.0,0.0,0.0,0.0,0.4629205679517381,0.45222717299995974,0.48126929507870625,0.47782972546793046,0.0,0.0,0.0,0.4761216536462906,0.48925861978035334,0.47323873845946657,0.0,0.5026724846409535
0.0,0.0,0.0,0.0,0.0,0.407573834983841,0.0,0.43841489656222493,0.0,0.0,0.0,0.0,0.35608693296984767,0.0,0.0,0.40821597386237,0.0,0.4715863299906653,0.0,0.36901867723348025,0.46642890896177086,0.4328147632320902,0.4178060329937411,0.0,0.0,0.0,0.41054230505199857,0.3025251513246028,0.34874473508313975,0.0,0.29902981912035315,0.0,0.0,0.3877456945488468,0.4241954567816399,0.0,0.0,0.0,0.5046379405634628,0.0,0.0,0.0,0.0,0.0,0.0,0.0,0.0,0.0,0.0,0.0,0.5183759414456802,0.0,0.0,0.0,0.0,0.0,0.0,0.0,0.0,0.0,0.0,0.0,0.0,0.0,0.0,0.0,0.0,0.4870012924897496,0.0,0.0,0.0,0.4914445784049036,0.0,0.5113057700802992,0.0,0.0
0.4082640632654188,0.4020019916016087,0.0,0.3568503457532117,0.43219086538927365,0.4214012024806964,0.4213640935578529,0.44821057303225154,0.3841648505288203,0.3431443775979085,0.4125564612290372,0.35678235649789847,0.40017360508439226,0.0,0.44842563685363157,0.37033822665359095,0.3314904950235452,0.3603670113427016,0.0,0.3937071594688825,0.4875730936926591,0.39230855519978974,0.4276783491132968,0.3716473618970827,0.36554958346817523,0.40788320661956134,0.4136020931808467,0.382132482154198,0.376719001285863,0.29902981912035315,0.0,0.42252931883086187,0.3482746902727887,0.3290322689772695,0.32331779921385345,0.3272291129430917,0.33599884832343185,0.32113259058519095,0.4709200918395952,0.3962840561578686,0.44723375208331323,0.4913482361608435,0.0,0.0,0.3038032003135642,0.42417970456278126,0.49311308628343786,0.0,0.0,0.0,0.49105096076264615,0.0,0.44374949219621934,0.0,0.40273035310874483,0.0,0.3940781978600986,0.5998477583449172,0.0,0.49913442589074986,0.4729701184334182,0.3935924727629224,0.3919793314116612,0.0,0.45565513151894965,0.4423955050498029,0.4906544539200948,0.4806587655477538,0.40019473823834395,0.3897528812084496,0.3799300524950567,0.4842624715696386,0.5228363664819073,0.48264171194661526,0.0,0.43004294292660433
0.46008641577255516,0.5042934317243981,0.0,0.27021639133254977,0.3713712143836132,0.40816058926561993,0.3638309059232908,0.39637140496790524,0.36797469467851973,0.31512496922957206,0.28093997836338225,0.285828051571756,0.361575351485757,0.18063855820317382,0.4735088706390513,0.5049811028202715,0.40075973082341204,0.4336838375485782,0.0,0.46909899414285294,0.46868256623051174,0.4889060204618394,0.4166109433719323,0.3701040579671435,0.4279312720334446,0.47099425900269737,0.43724515880459314,0.34149828953546996,0.49672757830177877,0.0,0.42252931883086187,0.0,0.3295580185193011,0.32842897684543054,0.4034189421026758,0.1980483878272337,0.2928332815949592,0.2818681538017256,0.41206903740306994,0.4639584200351419,0.4802366240839215,0.4581095229020016,0.0,0.3170326984309788,0.35121817993640675,0.45836344083018676,0.4919727594821625,0.0,0.0,0.0,0.47296389076756457,0.0,0.4843835166533139,0.0,0.37685722988405246,0.0,0.0,0.5012395920045993,0.0,0.5017275165375575,0.46662596887669316,0.4232131438855745,0.4261110631552953,0.0,0.4752135951291947,0.501394589312799,0.5189397239684485,0.4862458953029662,0.418934431880946,0.43183834562951784,0.46489185255773413,0.4911521505514905,0.4985025712317552,0.49687687773430145,0.5068437498507062,0.4917486662955102
0.3599790122416853,0.3934542175048224,0.0,0.0,0.0,0.0,0.0,0.47910897946990566,0.0,0.3127067201812067,0.0,0.28969354717718754,0.0,0.0,0.4103942706160317,0.42337368114562224,0.32672788503740097,0.3407114989176218,0.0,0.41972235498558214,0.4013834484181068,0.4419076667187454,0.38122406578166507,0.2507050855880318,0.3278262068653242,0.36769610372298134,0.3793960248717035,0.30967593805563337,0.4527118570004707,0.0,0.3482746902727887,0.3295580185193011,0.0,0.2273575923153646,0.31186628125170074,0.2507175989580212,0.2615109523701249,0.19451820441584322,0.42607377457429474,0.27700122108762704,0.38849988943853564,0.4434702861190931,0.0,0.0,0.22802117085141865,0.36993249152544877,0.44510984036144896,0.0,0.0,0.0,0.466647431545749,0.0,0.0,0.0,0.33472200278105213,0.0,0.3051832144299168,0.0,0.0,0.48749222403109715,0.4342414947200291,0.3154912284962665,0.37324347292247023,0.0,0.47051206755393,0.43755964715182905,0.49837551230272753,0.0,0.34082162850375614,0.3626568286101824,0.3625081380082995,0.42652324641511347,0.0,0.0,0.0,0.3607467835941174
0.4085079190442559,0.42949893185737675,0.0,0.220398496758704,0.4147147074486468,0.43500078506344686,0.4175469060739566,0.46621468638125096,0.39987570946810264,0.31931493634659003,0.4066126108294144,0.25455163897512073,0.4134397584037238,0.0,0.4765504393352526,0.4206140751520283,0.36894137232653396,0.3920557469803471,0.0,0.44809431374973174,0.4695896245081789,0.4608543029482816,0.44979284753477417,0.27761044118165035,0.38092707636543144,0.4351789249255231,0.4438103936792103,0.37727777162354525,0.4393598136554806,0.3877456945488468,0.3290322689772695,0.32842897684543054,0.2273575923153646,0.0,0.25137706572461593,0.3473190179779753,0.23735215722146236,0.2150896035444455,0.4720884117653018,0.41294181763507953,0.4858014454496186,0.5583615498492874,0.0,0.0,0.2900972425635881,0.4377107508917378,0.4877963666208044,0.0,0.0,0.0,0.49293813103072526,0.0,0.0,0.0,0.3715380607074884,0.0,0.36346081701143085,0.57620310817969,0.0,0.5126011339366937,0.4664403503594789,0.3772200657637309,0.40849606056952154,0.0,0.4909485987917887,0.47582748257579555,0.5143465423118613,0.502364518255985,0.39816330148334833,0.39862226628910247,0.42541378649336503,0.505417496435892,0.5139881859963328,0.4944702453409549,0.0,0.4581589855170048
0.46784699011195224,0.46554954406772786,0.0,0.23811697065316612,0.4615069561408445,0.46796785765078897,0.577325448862622,0.46072272028454664,0.39281701339523456,0.3201851818127374,0.0,0.2977980900243485,0.4626567245950452,0.0,0.5224611175933993,0.5191388156989536,0.3923128215952603,0.43707266554794233,0.0,0.5102159505404589,0.5059614892661833,0.5164654344161825,0.45768085607444814,0.30724557120919976,0.41826797971520796,0.4878132445232164,0.4618033535071943,0.34821635839891685,0.5139485764201924,0.4241954567816399,0.32331779921385345,0.4034189421026758,0.31186628125170074,0.25137706572461593,0.0,0.3885031932550874,0.29416729599005026,0.2655545432556754,0.399200558363286,0.38972538820710156,0.5066510632862005,0.43409231850152846,0.372877398790739,0.3421540710460723,0.0,0.44535055857322514,0.5591312552177877,0.0,0.0,0.0,0.534790280607758,0.0,0.0,0.0,0.3884980120989299,0.0,0.35018762273012227,0.0,0.0,0.5481871859659811,0.5032153701443777,0.4834958246627438,0.4342591011042781,0.0,0.5135475534562287,0.5204896094464599,0.5415035103180804,0.49709545232357155,0.40377472230772815,0.42953261871643866,0.47282577618802457,0.49985970236949007,0.0,0.5308652566387498,0.0,0.5136873483197468
0.4968788330468372,0.0,0.3362464663368167,0.18353864699833736,0.246260897507774,0.39409425331986847,0.35043914679768734,0.26305946752289155,0.0,0.2605378345261213,0.27247877210554133,0.2511461607724767,0.3419568126687128,0.19475120270362528,0.49957805102426905,0.0,0.0,0.0,0.3079358969774531,0.0,0.5360967868708507,0.5437638045414496,0.4148620618895171,0.0,0.0,0.5179337316141495,0.46900897379254936,0.2676473423851902,0.0,0.0,0.3272291129430917,0.1980483878272337,0.2507175989580212,0.3473190179779753,0.3885031932550874,0.0,0.19141962439238386,0.0,0.0,0.0,0.0,0.0,0.41094283949393673,0.0,0.0,0.0,0.0,0.0,0.0,0.0,0.4168176614329631,0.0,0.37711304289710446,0.0,0.0,0.3601808501334036,0.0,0.0,0.3106105992643842,0.0,0.0,0.0,0.0,0.3525697444671849,0.0,0.0,0.0,0.45926545162876853,0.0,0.0,0.0,0.0,0.0,0.0,0.0,0.0
0.0,0.0,0.0,0.1721909305887291,0.3798110556261073,0.3892309049430515,0.34951545696226777,0.42636242288614895,0.37286558437430944,0.2555010273750508,0.39525036980296496,0.2750934416923059,0.3535819299384249,0.16644283681647243,0.0,0.0,0.0,0.0,0.39046673295500134,0.0,0.0,0.4626715465469433,0.40460063013220343,0.2698862027946577,0.0,0.0,0.40987739929094846,0.31304734183464594,0.39127352256357295,0.0,0.33599884832343185,0.2928332815949592,0.2615109523701249,0.23735215722146236,0.29416729599005026,0.19141962439238386,0.0,0.2813937862788144,0.26959210109886605,0.2060713891206119,0.25818329330159256,0.2647558729978333,0.0,0.28921747962842304,0.0,0.0,0.0,0.0,0.0,0.0,0.0,0.0,0.0,0.0,0.0,0.0,0.0,0.0,0.0,0.0,0.0,0.0,0.0,0.0,0.0,0.0,0.0,0.0,0.0,0.0,0.0,0.0,0.0,0.0,0.0,0.0
0.0,0.0,0.0,0.0,0.0,0.0,0.0,0.0,0.0,0.30509850084680135,0.0,0.26203958420231405,0.0,0.0,0.0,0.0,0.0,0.0,0.0,0.0,0.0,0.0,0.0,0.24837987144436185,0.29926896323273916,0.31314125816991645,0.0,0.29605291969477854,0.0,0.0,0.32113259058519095,0.2818681538017256,0.19451820441584322,0.2150896035444455,0.2655545432556754,0.0,0.2813937862788144,0.0,0.3201708653157071,0.22059495700815582,0.26968803931276064,0.3001520391416915,0.0,0.0,0.0,0.0,0.0,0.0,0.0,0.0,0.0,0.0,0.0,0.0,0.3210411726575411,0.0,0.2746735498801086,0.0,0.0,0.0,0.0,0.0,0.0,0.0,0.0,0.0,0.0,0.0,0.0,0.3307818380740107,0.3348535145914902,0.0,0.0,0.0,0.0,0.0
0.4355187488589637,0.4755520465206233,0.0,0.0,0.0,0.4744459914189469,0.0,0.48326817470902617,0.0,0.36822354670957896,0.0,0.3364705614509335,0.5047930565999706,0.0,0.4943911028439934,0.49490444017820284,0.3923603055129859,0.4110555572661143,0.0,0.47696437469966374,0.4686307725025571,0.5029103281227112,0.4761702991132576,0.4061520012263006,0.42001643329899374,0.4273837346020901,0.47924309947353155,0.41600766589732757,0.4917849849069448,0.5046379405634628,0.4709200918395952,0.41206903740306994,0.42607377457429474,0.4720884117653018,0.399200558363286,0.0,0.26959210109886605,0.3201708653157071,0.0,0.3183729915953427,0.36832252242145347,0.4036443938428048,0.20316351122603918,0.3103923367186482,0.2589933180380244,0.4330969366299966,0.439059997904408,0.40319997782246053,0.26467175403560955,0.3830646954631773,0.4208209815656313,0.40611922080142887,0.44276589818870127,0.3994945267682266,0.3365126601264183,0.40052031095823026,0.2672116144265516,0.38470448884119424,0.18691716272013048,0.46243753681431565,0.4414645550611612,0.39228738528550294,0.42008083986406214,0.39481948957138824,0.45849875199405116,0.439829100184168,0.4680482613531977,0.4123838049624909,0.3676568611534165,0.4133432156303308,0.4395699487609655,0.4246467893910141,0.36667991356960405,0.456807376464152,0.4692087545932407,0.3874329494043211
0.3588837084456607,0.4387089183465237,0.0,0.0,0.0,0.0,0.0,0.0,0.0,0.339301411283706,0.0,0.3298938907058569,0.0,0.0,0.46324470124083267,0.42912904708266636,0.3570077826077878,0.3683321002097207,0.0,0.4767096088786199,0.3970668843791021,0.4759688832472773,0.3717636833038122,0.32568882300845386,0.37240569048398475,0.3771182350120815,0.4307626141140255,0.26520506006197436,0.0,0.0,0.3962840561578686,0.4639584200351419,0.27700122108762704,0.41294181763507953,0.38972538820710156,0.0,0.2060713891206119,0.22059495700815582,0.3183729915953427,0.0,0.22512433405025759,0.3244456975411375,0.6394363592581319,0.0,0.2151364410343652,0.3278609401124683,0.3277829910645601,0.0,0.0,0.35165858395955263,0.37241573695970315,0.0,0.44969347721205266,0.0,0.31419136638098166,0.0,0.25161481522286816,0.411776989717555,0.0,0.38125896532620107,0.3757838422177665,0.34756398417749623,0.35363356998611095,0.0,0.3678887239233134,0.3502984123514563,0.39495040061878295,0.3651602978580556,0.25928255758175073,0.3254581940425989,0.33564931531382014,0.3550598098218885,0.38068922965695934,0.40405491524247383,0.0,0.34498569292229325
0.42419238381169716,0.49840952048244663,0.0,0.0,0.0,0.4908405442576459,0.0,0.5083793088426328,0.0,0.3674173051266427,0.0,0.36960397895415587,0.0,0.0,0.48813811309928984,0.45607742016270825,0.4109400092918815,0.40616696260105944,0.0,0.49149727658041026,0.46690285951959587,0.5074189673138063,0.4916490755135157,0.3742505092937309,0.40154143383469937,0.39308649848659355,0.49682122406973456,0.5282403690436114,0.5070252956537055,0.0,0.44723375208331323,0.4802366240839215,0.38849988943853564,0.4858014454496186,0.5066510632862005,0.0,0.25818329330159256,0.26968803931276064,0.36832252242145347,0.22512433405025759,0.0,0.3425070505509188,0.4312312911594225,0.28783221597292635,0.20822039535849396,0.42042641445411455,0.4080754511258103,0.4377538206301441,0.22464196644233816,0.39130312849434934,0.42441504412141295,0.40812889660599433,0.45601522583756177,0.4168163536310279,0.29943172257459294,0.40709424706559655,0.26672304330495467,0.41362281625251046,0.33398001659578935,0.45113406023789926,0.37327356346143564,0.3669885540807134,0.3905154519848366,0.4004370310363043,0.4166547710363026,0.42983949260217835,0.4328339969502042,0.43997811107745854,0.30210721043134364,0.38362326762528304,0.41010502516368635,0.4272128278086739,0.3516636103939475,0.4132018372837049,0.4152854424148997,0.34003409083563485
