0.0,0.3572672831693786,0.0,0.0,0.0,0.3883772796624696,0.0,0.45672191310786364,0.0,0.38293840301818005,0.0,0.3551998921415589,0.4640751145301417,0.0,0.33875784883283894,0.3731346746811926,0.35429996450148865,0.3641553424045786,0.0,0.3756882295615054,0.37583581812793393,0.3450167772512062,0.41537154804941584,0.34556809102307423,0.3471321602107857,0.3493541825533532,0.4033247914904823,0.41402283688262903,0.0,0.0,0.3518073107518248,0.3713320689905021,0.3305839976810384,0.3434774698614891,0.3720285806763009,0.0,0.0,0.4051977860549396,0.39985192954910515,0.3771688202607292,0.39694902359094714,0.44629463211075143,0.0,0.0,0.2558046523033777,0.36600805920012597,0.4186977214791393,0.0,0.0,0.0,0.4630040067258592,0.0,0.28339477191117207,0.0,0.4368000066991589,0.0,0.42544496522927794,0.0,0.0,0.0,0.3909956172881895,0.0,0.38641829974391306,0.0,0.0,0.3523256349148426,0.40260006839073126,0.3883862545914064,0.29930657332903243,0.39215261598565365,0.4075397389537955,0.0,0.0,0.3767635311842411,0.0,0.4287880406282893
0.3572672831693786,0.0,0.0,0.0,0.3972827791427617,0.3842644362268734,0.41543259238126645,0.42388336914856894,0.3904953561621106,0.0,0.0,0.0,0.41638015991314364,0.0,0.3684977577988343,0.35906340019391136,0.0,0.3504132280190629,0.0,0.3788704461870661,0.35137696882776415,0.3549978547324028,0.3832878333954526,0.0,0.32760679518856217,0.3459580931168042,0.3833292607945937,0.39966582150295593,0.38248020474386973,0.0,0.3443306789487859,0.3584158395107816,0.32026854564625146,0.35460458272612105,0.37955555990514533,0.0,0.0,0.0,0.41594111043532644,0.4183220625686723,0.42306353956824444,0.4316818218040933,0.0,0.0,0.0,0.39588148119863464,0.4243335611662129,0.0,0.0,0.0,0.4466520556770172,0.0,0.0,0.0,0.0,0.0,0.0,0.0,0.0,0.42969947397421676,0.4027702596035369,0.0,0.384284614375956,0.0,0.4079885689951815,0.40908004450165325,0.4181819574483065,0.44577695134536155,0.0,0.39373085695647797,0.4331206335939392,0.42612781804605215,0.0,0.4249432629618007,0.0,0.0
0.0,0.0,0.0,0.39103116925128,0.33854572952524326,0.36905486047190444,0.4023532380363391,0.37699655494445855,0.2537648086083568,0.0,0.24703289643327467,0.0,0.4128692092751195,0.30660603791470314,0.0,0.0,0.0,0.0,0.2067894716237924,0.0,0.0,0.0,0.26872741803004857,0.0,0.0,0.0,0.2953454048851108,0.41284772508378675,0.0,0.0,0.42257988056432766,0.3868123023227393,0.0,0.4177090156471055,0.0,0.34454827707325547,0.3976349778973648,0.0,0.4367781978395974,0.0,0.0,0.0,0.3741205678858345,0.0,0.0,0.0,0.0,0.44324024583751154,0.0,0.0,0.4626734854350521,0.0,0.47993160336576424,0.4467285890272618,0.0,0.3422437141002323,0.0,0.0,0.44671535646096744,0.0,0.0,0.0,0.0,0.2634933904820754,0.0,0.0,0.0,0.4683644134011415,0.0,0.0,0.0,0.47345224056342455,0.0,0.0,0.0,0.556647713276714
0.0,0.0,0.39103116925128,0.0,0.27130496245556424,0.3865610912204669,0.27759872159448984,0.33646716310617114,0.3775755826746989,0.0,0.3148397196697125,0.0,0.2989069502751362,0.2550394797129115,0.0,0.0,0.0,0.0,0.37106374928054275,0.0,0.0,0.0,0.3537478817107547,0.0,0.0,0.0,0.39031728023392204,0.2253578626119484,0.0,0.0,0.4003736984504741,0.2644302383667902,0.0,0.24097025635772396,0.22975815128229662,0.20106942766952512,0.18232269507355833,0.0,0.0,0.0,0.0,0.0,0.0,0.0,0.0,0.0,0.0,0.0,0.0,0.0,0.0,0.0,0.0,0.0,0.0,0.0,0.0,0.0,0.0,0.0,0.0,0.0,0.0,0.0,0.0,0.0,0.0,0.0,0.0,0.0,0.0,0.0,0.0,0.0,0.0,0.0
0.0,0.3972827791427617,0.33854572952524326,0.27130496245556424,0.0,0.3359905107967445,0.31459991804062876,0.32443027383055373,0.30844673926890387,0.3915067436496282,0.2866111777628306,0.0,0.3539188779111642,0.29257072537352596,0.0,0.46249103904007516,0.0,0.0,0.3231068720705625,0.37064444654842826,0.0,0.40372935850238423,0.36251600574598725,0.0,0.0,0.0,0.3485902175664614,0.35965275024773574,0.41167791044367946,0.0,0.40405589654345353,0.37651283657652906,0.0,0.3920186927765141,0.3875906700095973,0.21930750143120106,0.21224985905117993,0.0,0.0,0.0,0.0,0.0,0.0,0.0,0.0,0.0,0.0,0.0,0.0,0.0,0.0,0.0,0.0,0.0,0.0,0.0,0.0,0.0,0.0,0.0,0.0,0.0,0.0,0.0,0.0,0.0,0.0,0.45881563566512,0.0,0.0,0.0,0.0,0.0,0.0,0.0,0.0
0.3883772796624696,0.3842644362268734,0.36905486047190444,0.3865610912204669,0.3359905107967445,0.0,0.38420635119721935,0.39380631140543354,0.3001978149842548,0.3872284044240381,0.3189394072419023,0.0,0.3626175998069992,0.3629466752754687,0.3891841290857194,0.38562229386100194,0.0,0.3767412975925893,0.3445629202832074,0.3815145310283756,0.3860864658823168,0.396074918487737,0.36462443247649645,0.0,0.36503960050436923,0.39243563643779444,0.33814995415457216,0.3365543184672478,0.3205330677781574,0.3846589824037476,0.39653988012364566,0.3846032476752852,0.3765889515006724,0.40872649969102764,0.41836874305358474,0.3837508239605396,0.39370528350883655,0.0,0.4230432651519767,0.0,0.45071289209902343,0.0,0.0,0.0,0.0,0.0,0.0,0.4512290152916502,0.0,0.0,0.45314849527817824,0.0,0.44033491235723954,0.43419735619842653,0.0,0.0,0.0,0.0,0.0,0.4517429421175642,0.0,0.0,0.0,0.0,0.4542703144212927,0.0,0.4582392343357117,0.46266452928598284,0.0,0.0,0.47673412867026127,0.456449978483953,0.44561059360351546,0.0,0.0,0.4553183682145374
0.0,0.41543259238126645,0.4023532380363391,0.27759872159448984,0.31459991804062876,0.38420635119721935,0.0,0.43208468953252127,0.3599784651194379,0.3708904435340208,0.3871457176185173,0.3949148215041404,0.33847367376335685,0.31361119284278416,0.4556570681021546,0.4301314458455313,0.4170991968575322,0.4142251071124591,0.39428604277372603,0.41624980634409864,0.4666116999709061,0.4417342685421006,0.4087637762732356,0.0,0.3959199355892077,0.4102574376170656,0.4035980265478016,0.32907395851414306,0.40535869825134846,0.0,0.3932689678543875,0.35244924468608596,0.3686742349458683,0.3633857331192632,0.4613123732327264,0.26739344983421254,0.25456667353597223,0.0,0.0,0.0,0.0,0.0,0.0,0.0,0.0,0.0,0.0,0.0,0.0,0.0,0.0,0.0,0.4969150523317317,0.0,0.0,0.0,0.0,0.0,0.0,0.0,0.0,0.0,0.0,0.0,0.0,0.0,0.0,0.4687487993549919,0.0,0.0,0.0,0.0,0.0,0.0,0.0,0.0
0.45672191310786364,0.42388336914856894,0.37699655494445855,0.33646716310617114,0.32443027383055373,0.39380631140543354,0.43208468953252127,0.0,0.42982390852494157,0.0,0.2386475028363022,0.0,0.42085614779345587,0.29694665140448434,0.3173077495285572,0.4426280408092377,0.0,0.4326880144182862,0.3554774760246092,0.3889440247152805,0.3699962314353998,0.4329788414196767,0.3228441856069585,0.46797957992858363,0.42797872021948546,0.4397331597376255,0.4079219440133368,0.41247492231767496,0.3826477877514044,0.4011023210088199,0.4200992413951486,0.3712164392716798,0.3965906306731597,0.4343706733247299,0.44450420677304975,0.22682915579269905,0.28865572976771475,0.0,0.39676913341079667,0.0,0.47022659497730673,0.4181596452521797,0.29803416894912743,0.0,0.0,0.0,0.0,0.4250460056528556,0.0,0.0,0.4488450328394481,0.4362269710922664,0.33140733087240926,0.43669780172974687,0.0,0.3731718539858001,0.0,0.44200456550102074,0.3527192728775426,0.43837356112755477,0.0,0.0,0.0,0.442035497777075,0.4433973002053834,0.45959198206023855,0.0,0.4353088073006238,0.0,0.0,0.0,0.454451910403883,0.43654805093965954,0.0,0.0,0.46259945894935833
0.0,0.3904953561621106,0.2537648086083568,0.3775755826746989,0.30844673926890387,0.3001978149842548,0.3599784651194379,0.42982390852494157,0.0,0.4051762848263138,0.28098721909396696,0.4232777011281713,0.36125969545226533,0.3460214575663342,0.6118382289008323,0.4194589241705333,0.0,0.0,0.24092370001878996,0.39033600495390813,0.0,0.4063211054852784,0.3727676910930962,0.0,0.40684094802473253,0.43282206354998237,0.33892628904486943,0.405012067995518,0.3861402566915921,0.4151568092085357,0.41448533236481383,0.38282217184473116,0.39635775632384357,0.4116677222667117,0.40740132723074024,0.3765975595396642,0.3902730960513593,0.3946926672043573,0.0,0.0,0.0,0.0,0.42496289439214374,0.0,0.0,0.0,0.0,0.48902962138455375,0.0,0.0,0.48148476779661575,0.0,0.4920889040694419,0.49479760256835786,0.0,0.43592040088461914,0.0,0.0,0.5026165895403686,0.0,0.0,0.0,0.0,0.0,0.0,0.0,0.0,0.4913329695155482,0.0,0.0,0.0,0.4724851475805595,0.4911022363610822,0.0,0.0,0.0
0.38293840301818005,0.0,0.0,0.0,0.3915067436496282,0.3872284044240381,0.3708904435340208,0.0,0.4051762848263138,0.0,0.40301756445540754,0.25567815862533455,0.3715295722408819,0.0,0.0,0.37581860060799976,0.2989020646994825,0.3218922977953032,0.4147551665651618,0.0,0.44723519542002627,0.0,0.0,0.28734824950095667,0.32130300124112443,0.3256607501826551,0.0,0.3662619942342038,0.0,0.0,0.30635171658490584,0.30039566176759724,0.318768354027631,0.31888838289584276,0.2873298619705438,0.3527989556134071,0.2579290753682679,0.2652227950583943,0.33927040388327956,0.3091102450519446,0.33165461916913497,0.3070790075959893,0.33398979149544555,0.0,0.2756086110400446,0.3871190141073442,0.0,0.0,0.0,0.0,0.0,0.3445267791505544,0.0,0.0,0.3756916484509787,0.0,0.3747395854647165,0.3838433972948327,0.0,0.0,0.4196671606058663,0.3855294258108881,0.38686765908680376,0.0,0.0,0.0,0.0,0.0,0.3741080199639183,0.3920408476607646,0.3996527428699595,0.0,0.36473346748906094,0.0,0.0,0.37258048210113637
0.0,0.0,0.24703289643327467,0.3148397196697125,0.2866111777628306,0.3189394072419023,0.3871457176185173,0.2386475028363022,0.28098721909396696,0.40301756445540754,0.0,0.0,0.3930550322034465,0.2576738344379588,0.0,0.0,0.0,0.0,0.23503927084432782,0.0,0.0,0.0,0.21764671018147805,0.0,0.0,0.0,0.3497452477223581,0.3922851395748167,0.0,0.0,0.3917839769951602,0.3274936526249598,0.0,0.38730968118408726,0.37785343630707596,0.2371502582876427,0.37304205110266925,0.4018149177921333,0.35814990053930645,0.0,0.0,0.0,0.31034289765743617,0.0,0.0,0.0,0.0,0.36224512099873285,0.0,0.0,0.4280032381738169,0.0,0.3609640129658554,0.38744191591188737,0.0,0.2182753795117684,0.0,0.0,0.3178753496169746,0.0,0.0,0.0,0.0,0.27047740441298795,0.0,0.0,0.0,0.4207877184177968,0.0,0.0,0.0,0.42523790341842155,0.0,0.0,0.0,0.0
0.3551998921415589,0.0,0.0,0.0,0.0,0.0,0.3949148215041404,0.0,0.4232777011281713,0.25567815862533455,0.0,0.0,0.3534981341747284,0.0,0.0,0.0,0.3527804608080594,0.0,0.0,0.0,0.4641524077205358,0.0,0.0,0.26154907383148196,0.34141471854662486,0.28706735496519425,0.0,0.33749834241565785,0.0,0.0,0.3019154416925662,0.220053356040975,0.2754685617191961,0.25180904633063467,0.26653621233529023,0.2991345046339204,0.2708463588473212,0.22126176615765258,0.36754360111088036,0.30713638636672397,0.3250250292556264,0.0,0.0,0.0,0.287935342458503,0.3889606569815791,0.0,0.0,0.0,0.0,0.0,0.0,0.0,0.0,0.3751927959947444,0.0,0.36931823760913135,0.41852928363270875,0.0,0.0,0.0,0.40444375348351663,0.3816729432101166,0.0,0.0,0.0,0.0,0.0,0.36835031241180954,0.38645081334718395,0.39867940568265225,0.0,0.38533828636803463,0.0,0.0,0.3776435423552489
0.4640751145301417,0.41638015991314364,0.4128692092751195,0.2989069502751362,0.3539188779111642,0.3626175998069992,0.33847367376335685,0.42085614779345587,0.36125969545226533,0.3715295722408819,0.3930550322034465,0.3534981341747284,0.0,0.34058253296165797,0.4044861613357312,0.4307508851457064,0.3937948695626075,0.40551377508606584,0.3980274690095408,0.4066047633405291,0.4314226717134399,0.4342038355480746,0.41228374792216843,0.3644024695614563,0.39419276257498986,0.4073551588745847,0.410312293413925,0.3241138293958978,0.3877856872257783,0.3849964204457741,0.3698332740632042,0.35222370203029,0.33749988762944444,0.3617453023864841,0.3912731586468089,0.30572621851605497,0.2555525372862779,0.33512206578288994,0.0,0.0,0.0,0.0,0.0,0.0,0.0,0.0,0.0,0.0,0.0,0.0,0.480692667899579,0.0,0.4623302284789936,0.555484779361282,0.0,0.0,0.0,0.0,0.0,0.0,0.0,0.0,0.0,0.0,0.0,0.0,0.0,0.46573649385581517,0.0,0.0,0.0,0.46269026076454894,0.0,0.0,0.0,0.0
0.0,0.0,0.30660603791470314,0.2550394797129115,0.29257072537352596,0.3629466752754687,0.31361119284278416,0.29694665140448434,0.3460214575663342,0.0,0.2576738344379588,0.0,0.34058253296165797,0.0,0.0,0.0,0.0,0.0,0.3092273808439591,0.0,0.0,0.0,0.32749836919863273,0.0,0.0,0.0,0.3766341123515442,0.21642922198454956,0.0,0.0,0.31073908350416196,0.2739894576168572,0.0,0.0,0.0,0.19789266215475926,0.16524115159564162,0.0,0.0,0.0,0.0,0.0,0.28040605637222527,0.0,0.0,0.0,0.0,0.0,0.0,0.0,0.0,0.0,0.3653800551179815,0.0,0.0,0.0,0.0,0.0,0.0,0.0,0.0,0.0,0.0,0.0,0.0,0.0,0.0,0.3660667523060317,0.0,0.0,0.0,0.0,0.0,0.0,0.0,0.0
0.33875784883283894,0.3684977577988343,0.0,0.0,0.0,0.3891841290857194,0.4556570681021546,0.3173077495285572,0.6118382289008323,0.0,0.0,0.0,0.4044861613357312,0.0,0.0,0.39447646998889513,0.0,0.3762080207857131,0.0,0.32835296685396625,0.3294331924320599,0.34624845817296523,0.3463044000421271,0.0,0.36420255564818305,0.35897261920985934,0.3759803987752964,0.36535751760472285,0.3501535210510375,0.32963144098887975,0.36263418597012936,0.38211993482657547,0.3466277440694637,0.4019681896039445,0.4325954169481526,0.0,0.0,0.0,0.42568142449997615,0.40796453478758987,0.4406047642084641,0.4605696815599728,0.0,0.0,0.0,0.26973571861714896,0.43437969862045156,0.0,0.0,0.0,0.42830592655951594,0.0,0.3830469818473528,0.0,0.0,0.0,0.0,0.0,0.0,0.3966368402803199,0.4385034148740722,0.0,0.0,0.0,0.39872062000188563,0.3942113363888411,0.4296794538386315,0.4104201521136713,0.0,0.0,0.45005947649533506,0.41709377221421634,0.4506826122622306,0.4040750403801753,0.0,0.4113709302415326
0.3731346746811926,0.35906340019391136,0.0,0.0,0.46249103904007516,0.38562229386100194,0.4301314458455313,0.4426280408092377,0.4194589241705333,0.37581860060799976,0.0,0.0,0.4307508851457064,0.0,0.39447646998889513,0.0,0.34227107956760233,0.32386987174737,0.0,0.3718181238155571,0.385047874712987,0.35119215959971717,0.3979365816023289,0.0,0.3579323305839382,0.39220767293600933,0.38806404620990725,0.402585807931073,0.38631557937615013,0.39140967039460145,0.34440802580033963,0.3989429054687462,0.37690584291569557,0.37094610492162583,0.41157430650445187,0.0,0.0,0.0,0.42978592344258043,0.41247811461272255,0.41950850841065923,0.4285420496689374,0.0,0.0,0.0,0.409089671761279,0.42829358153386415,0.0,0.0,0.0,0.0,0.0,0.0,0.0,0.0,0.0,0.0,0.0,0.0,0.43502380833477033,0.40505330636917236,0.0,0.37641268714947973,0.0,0.4497551169051702,0.43321114484594087,0.4306576959199705,0.5515095537714461,0.0,0.3983511896783985,0.43108828107395014,0.0,0.0,0.484132274686146,0.0,0.4007430019388151
0.35429996450148865,0.0,0.0,0.0,0.0,0.0,0.4170991968575322,0.0,0.0,0.2989020646994825,0.0,0.3527804608080594,0.3937948695626075,0.0,0.0,0.34227107956760233,0.0,0.2944760641540704,0.0,0.0,0.44672215871810533,0.35709577995964775,0.0,0.3325910630832422,0.31268757735882896,0.3373215790605929,0.0,0.39035417488711377,0.0,0.0,0.32287255266586085,0.3737853029279356,0.3364849403578051,0.34796358558551255,0.3308343387267311,0.3406970256692715,0.0,0.0,0.37414660353147167,0.3560894350052607,0.3901746104827704,0.0,0.0,0.0,0.0,0.42242704922960206,0.40986550834584373,0.0,0.0,0.0,0.0,0.0,0.0,0.0,0.3914236280957388,0.0,0.4005420339452548,0.0,0.0,0.0,0.4494049499215667,0.0,0.3803222445738059,0.0,0.0,0.0,0.0,0.0,0.4380577172564546,0.3817137502674223,0.39320179161459345,0.0,0.0,0.0,0.0,0.0
0.3641553424045786,0.3504132280190629,0.0,0.0,0.0,0.3767412975925893,0.4142251071124591,0.4326880144182862,0.0,0.3218922977953032,0.0,0.0,0.40551377508606584,0.0,0.3762080207857131,0.32386987174737,0.2944760641540704,0.0,0.0,0.37400174731048913,0.3853076309932171,0.3711109346835213,0.3952777809381851,0.32834141151915536,0.3280250253221433,0.360329853448819,0.38103461679926853,0.39361082276030745,0.38825116444486185,0.41879217788468776,0.3360568417668429,0.3856310679869105,0.34084528630660116,0.3601256575296573,0.3658362554460473,0.37558732161705743,0.0,0.0,0.39409101896540594,0.3573829617884506,0.4052034937240607,0.40204288886649936,0.0,0.0,0.0,0.4005886636061224,0.4116683307104847,0.0,0.0,0.0,0.0,0.0,0.0,0.0,0.37874225256042154,0.0,0.3879572744026252,0.0,0.0,0.0,0.38837235066369613,0.35799289536539997,0.3634547031330218,0.0,0.0,0.4134307904370962,0.401779150146776,0.0,0.3855329837822245,0.3847929364822863,0.3978168214355677,0.0,0.0,0.0,0.0,0.3741992092429895
0.0,0.0,0.2067894716237924,0.37106374928054275,0.3231068720705625,0.3445629202832074,0.39428604277372603,0.3554774760246092,0.24092370001878996,0.4147551665651618,0.23503927084432782,0.0,0.3980274690095408,0.3092273808439591,0.0,0.0,0.0,0.0,0.0,0.0,0.0,0.0,0.21564629156926332,0.0,0.0,0.0,0.31022232344987305,0.3911100111254381,0.0,0.0,0.40668736361540864,0.3659771548853242,0.0,0.402749808819232,0.37119934775608104,0.3179717801860846,0.3925889528731929,0.4153286849788673,0.0,0.0,0.0,0.0,0.4068522338505783,0.0,0.0,0.0,0.0,0.44154605741180397,0.0,0.0,0.47806499202184455,0.0,0.4627700045317295,0.44910422173682085,0.0,0.3410159422937758,0.0,0.0,0.34337825662826144,0.0,0.0,0.0,0.0,0.4375225960432575,0.0,0.0,0.0,0.48591061490111553,0.0,0.0,0.0,0.49611270314155553,0.0,0.0,0.0,0.0
0.3756882295615054,0.3788704461870661,0.0,0.0,0.37064444654842826,0.3815145310283756,0.41624980634409864,0.3889440247152805,0.39033600495390813,0.0,0.0,0.0,0.4066047633405291,0.0,0.32835296685396625,0.3718181238155571,0.0,0.37400174731048913,0.0,0.0,0.37006252217146596,0.34825068778183815,0.3296270167692359,0.0,0.355794637419989,0.4025647662846944,0.31199952347305415,0.34241386920265854,0.3027531759718984,0.29875132831999385,0.3413515383346127,0.4019555183636103,0.37095356571557364,0.40182729913840576,0.430557563921922,0.0,0.0,0.0,0.41221722985659326,0.40790756335314954,0.43771603631298334,0.0,0.0,0.0,0.0,0.0,0.4344283165337163,0.0,0.0,0.0,0.4533657930217486,0.0,0.0,0.0,0.0,0.0,0.0,0.0,0.0,0.40851149086559724,0.0,0.0,0.0,0.0,0.40716043511565425,0.4011112724408123,0.4214932112836042,0.42862245856392234,0.0,0.0,0.4255786269338336,0.4238347185876277,0.0,0.4182048015127641,0.0,0.0
0.37583581812793393,0.35137696882776415,0.0,0.0,0.0,0.3860864658823168,0.4666116999709061,0.3699962314353998,0.0,0.44723519542002627,0.0,0.4641524077205358,0.4314226717134399,0.0,0.3294331924320599,0.385047874712987,0.44672215871810533,0.3853076309932171,0.0,0.37006252217146596,0.0,0.3842331757668246,0.3612354893612589,0.44368738560488874,0.39064634732262854,0.3718982023621123,0.38779790860625135,0.40542664244041565,0.377501205197905,0.0,0.3584229637983074,0.3783808834547098,0.3396332383198381,0.3739578700111572,0.4184537857006205,0.3784759751123356,0.0,0.0,0.42426717336767245,0.4166363039127516,0.4481384002787341,0.46611426381423926,0.0,0.0,0.0,0.36688732825890596,0.437390711894363,0.0,0.0,0.0,0.4179786523224232,0.6129966941581539,0.3267798955166656,0.0,0.0,0.0,0.0,0.4740808266748828,0.0,0.3890610095081086,0.42105583927863266,0.0,0.0,0.0,0.40851304761490975,0.3470179329943108,0.43045983276497485,0.4052160426208706,0.0,0.4365728996736916,0.44551901117593806,0.41826392790738753,0.4407704319861878,0.4024945398586265,0.0,0.0
0.3450167772512062,0.3549978547324028,0.0,0.0,0.40372935850238423,0.396074918487737,0.4417342685421006,0.4329788414196767,0.4063211054852784,0.0,0.0,0.0,0.4342038355480746,0.0,0.34624845817296523,0.35119215959971717,0.35709577995964775,0.3711109346835213,0.0,0.34825068778183815,0.3842331757668246,0.0,0.3913769866770718,0.0,0.35991634685904567,0.38862696007367664,0.3899191821000616,0.38334078623552464,0.36083578105040043,0.3471602464784351,0.34635575541849417,0.40315931266984273,0.37077148444647556,0.4051019063509192,0.4402274570276034,0.5368748691086082,0.0,0.0,0.4321118454605866,0.4284490973525899,0.44219335456637576,0.45242743526890544,0.0,0.0,0.0,0.425746905677538,0.439015853898435,0.0,0.0,0.0,0.43797851669725923,0.0,0.0,0.0,0.0,0.0,0.0,0.0,0.0,0.43416589027119606,0.41462962872431003,0.0,0.0,0.0,0.4190454091202992,0.4243689130463736,0.434986368223535,0.41907263231109615,0.0,0.3977129175149093,0.45193559493817415,0.4244247528984542,0.0,0.4239167045647935,0.0,0.4179741115225228
0.41537154804941584,0.3832878333954526,0.26872741803004857,0.3537478817107547,0.36251600574598725,0.36462443247649645,0.4087637762732356,0.3228441856069585,0.3727676910930962,0.0,0.21764671018147805,0.0,0.41228374792216843,0.32749836919863273,0.3463044000421271,0.3979365816023289,0.0,0.3952777809381851,0.21564629156926332,0.3296270167692359,0.3612354893612589,0.3913769866770718,0.0,0.45646385721714805,0.39154108719085806,0.40272520893975133,0.31865145479928253,0.39672775489926493,0.3752369283523239,0.38688049248697615,0.3946968187301784,0.37580292670355303,0.35670756171779333,0.4125940259414759,0.4232085182383322,0.3270614415924235,0.38415439090856857,0.4476228952034948,0.44120303063245275,0.3941104445551713,0.4570585293118831,0.4546374153824916,0.33718381307805784,0.0,0.0,0.0,0.4269960746382497,0.4446734584925332,0.0,0.4716575200887208,0.4615809215879101,0.4456412086910735,0.4362855915376201,0.43829357884262915,0.0,0.41409351283163737,0.0,0.44304492296582093,0.3867518068651167,0.4166127714173944,0.0,0.0,0.0,0.448670513416584,0.43748947448929454,0.4152514635186436,0.42095224763215466,0.45884303422121925,0.0,0.0,0.4354375365844458,0.45893997375273615,0.4461561622583391,0.43690145615926085,0.44115965718683825,0.451801324053864
0.34556809102307423,0.0,0.0,0.0,0.0,0.0,0.0,0.46797957992858363,0.0,0.28734824950095667,0.0,0.26154907383148196,0.3644024695614563,0.0,0.0,0.0,0.3325910630832422,0.32834141151915536,0.0,0.0,0.44368738560488874,0.0,0.45646385721714805,0.0,0.33859196521277846,0.30710739520914854,0.0,0.3634649295076395,0.0,0.0,0.2971418050355298,0.24561630621360372,0.24511642480887028,0.24491760565416545,0.2350437582371019,0.0,0.0,0.2459013138141099,0.375589144772514,0.31770910695835913,0.34166026729205146,0.0,0.0,0.0,0.2763091404658896,0.38257808001697463,0.0,0.0,0.0,0.0,0.0,0.0,0.0,0.0,0.3669756783381585,0.0,0.36517450169799714,0.0,0.0,0.0,0.4068897476559877,0.4070269000062037,0.39183985024395707,0.0,0.0,0.0,0.0,0.0,0.37587749655766783,0.39312880155890206,0.3970273688592862,0.0,0.2724018655117098,0.0,0.0,0.3601058104502184
0.3471321602107857,0.32760679518856217,0.0,0.0,0.0,0.36503960050436923,0.3959199355892077,0.42797872021948546,0.40684094802473253,0.32130300124112443,0.0,0.34141471854662486,0.39419276257498986,0.0,0.36420255564818305,0.3579323305839382,0.31268757735882896,0.3280250253221433,0.0,0.355794637419989,0.39064634732262854,0.35991634685904567,0.39154108719085806,0.33859196521277846,0.0,0.3328488022993415,0.3696846724415798,0.39023378107403783,0.3702633624037276,0.0,0.34856797852451965,0.36666616582971573,0.3253535717808391,0.34587144082552906,0.34034053944309706,0.3879287573395715,0.0,0.31947501272660306,0.39456603668355966,0.3733675685503986,0.40802825136297005,0.40460277975207154,0.0,0.0,0.0,0.3978280619095723,0.4063626765037922,0.0,0.0,0.0,0.0,0.0,0.0,0.0,0.3991192606566947,0.0,0.4034270151278562,0.0,0.0,0.0,0.38671482340122315,0.374473105849048,0.38610384025894745,0.0,0.4105990409465493,0.41709407359942924,0.38881488327587793,0.0,0.4022255071904892,0.3890293911723647,0.4009531063936878,0.0,0.0,0.4268580136735459,0.0,0.37857666722281713
0.3493541825533532,0.3459580931168042,0.0,0.0,0.0,0.39243563643779444,0.4102574376170656,0.4397331597376255,0.43282206354998237,0.3256607501826551,0.0,0.28706735496519425,0.4073551588745847,0.0,0.35897261920985934,0.39220767293600933,0.3373215790605929,0.360329853448819,0.0,0.4025647662846944,0.3718982023621123,0.38862696007367664,0.40272520893975133,0.30710739520914854,0.3328488022993415,0.0,0.40761113534368487,0.38820871908673016,0.38696328017801096,0.482052645441126,0.363151033327791,0.38681786364865817,0.33065978551868697,0.36791794645618764,0.3957540593786462,0.0,0.0,0.3127681146480031,0.42558467326643296,0.3917734254608313,0.427876282238231,0.444535756589764,0.0,0.0,0.29541794680396155,0.4104173294417933,0.4406499159968939,0.0,0.0,0.0,0.4587442551603003,0.0,0.0,0.0,0.40972185743084827,0.0,0.40993181394051176,0.0,0.0,0.45269751259818497,0.40716005833914276,0.39692915156729336,0.4004617781705716,0.0,0.4315989992832255,0.4324089280071418,0.44921647799053177,0.43682917234576235,0.4129663848088701,0.4019348218878028,0.43005037977994937,0.4379452826993064,0.0,0.444576348921447,0.0,0.39225085296411716
0.4033247914904823,0.3833292607945937,0.2953454048851108,0.39031728023392204,0.3485902175664614,0.33814995415457216,0.4035980265478016,0.4079219440133368,0.33892628904486943,0.0,0.3497452477223581,0.0,0.410312293413925,0.3766341123515442,0.3759803987752964,0.38806404620990725,0.0,0.38103461679926853,0.31022232344987305,0.31199952347305415,0.38779790860625135,0.3899191821000616,0.31865145479928253,0.0,0.3696846724415798,0.40761113534368487,0.0,0.4001776020987063,0.3292256704951027,0.38117417819377836,0.38469850120344384,0.3864724401940118,0.3736371315474147,0.41155386531634625,0.4202090617083966,0.39312416208716494,0.3967997772078339,0.0,0.4299102386241625,0.0,0.45615942772170365,0.46946247027351495,0.409558607636102,0.0,0.0,0.0,0.0,0.46374550612186205,0.0,0.0,0.4676356672803216,0.4559281061948614,0.4634053112275935,0.46379277062825636,0.0,0.44801146564387284,0.0,0.45081248886589487,0.4413223357959012,0.4245305834824968,0.0,0.0,0.0,0.48478508962972244,0.4341234630502298,0.4469725075756263,0.43735414251583793,0.4757683499415216,0.0,0.0,0.44911312889290655,0.4643556235893517,0.44742118487702864,0.0,0.0,0.45418167386909297
0.41402283688262903,0.39966582150295593,0.41284772508378675,0.2253578626119484,0.35965275024773574,0.3365543184672478,0.32907395851414306,0.41247492231767496,0.405012067995518,0.3662619942342038,0.3922851395748167,0.33749834241565785,0.3241138293958978,0.21642922198454956,0.36535751760472285,0.402585807931073,0.39035417488711377,0.39361082276030745,0.3911100111254381,0.34241386920265854,0.40542664244041565,0.38334078623552464,0.39672775489926493,0.3634649295076395,0.39023378107403783,0.38820871908673016,0.4001776020987063,0.0,0.31434315831545034,0.26884345048999564,0.32887561371944074,0.337627094703726,0.31496634694539977,0.32306051429516836,0.26558966728615674,0.23850777586555255,0.23022261333618455,0.3144557591881993,0.4336114353745738,0.0,0.0,0.0,0.0,0.0,0.0,0.0,0.0,0.0,0.0,0.0,0.4466716439132882,0.0,0.44086629252144355,0.0,0.0,0.0,0.40936354700013033,0.0,0.0,0.4642116082974102,0.0,0.0,0.0,0.0,0.4378580629570994,0.0,0.0,0.45050315200304086,0.0,0.0,0.492405487293391,0.4524014395284601,0.0,0.0,0.0,0.0
0.0,0.38248020474386973,0.0,0.0,0.41167791044367946,0.3205330677781574,0.40535869825134846,0.3826477877514044,0.3861402566915921,0.0,0.0,0.0,0.3877856872257783,0.0,0.3501535210510375,0.38631557937615013,0.0,0.38825116444486185,0.0,0.3027531759718984,0.377501205197905,0.36083578105040043,0.3752369283523239,0.0,0.3702633624037276,0.38696328017801096,0.3292256704951027,0.31434315831545034,0.0,0.2872763856173389,0.3064108905028812,0.37510453892041007,0.3650733679177547,0.3709311430773438,0.4114279438678544,0.3703880475888408,0.0,0.0,0.4114874750569954,0.0,0.0,0.0,0.0,0.0,0.0,0.0,0.0,0.0,0.0,0.0,0.0,0.0,0.0,0.0,0.0,0.0,0.0,0.0,0.0,0.3992432387461465,0.0,0.0,0.0,0.0,0.4138904280691207,0.0,0.42570639536813637,0.4411521143005367,0.0,0.0,0.44766633194574845,0.43136680435329344,0.0,0.0,0.0,0.0
0.0,0.0,0.0,0.0,0.0,0.3846589824037476,0.0,0.4011023210088199,0.4151568092085357,0.0,0.0,0.0,0.3849964204457741,0.0,0.32963144098887975,0.39140967039460145,0.0,0.41879217788468776,0.0,0.29875132831999385,0.0,0.3471602464784351,0.38688049248697615,0.0,0.0,0.482052645441126,0.38117417819377836,0.26884345048999564,0.2872763856173389,0.0,0.2843214638096538,0.0,0.0,0.32051893278822186,0.0,0.0,0.0,0.0,0.0,0.0,0.0,0.0,0.0,0.0,0.0,0.0,0.0,0.0,0.0,0.0,0.0,0.0,0.0,0.0,0.0,0.0,0.0,0.0,0.0,0.0,0.0,0.0,0.0,0.0,0.0,0.0,0.0,0.0,0.0,0.0,0.0,0.4641216741772444,0.0,0.0,0.0,0.0
0.3518073107518248,0.3443306789487859,0.42257988056432766,0.4003736984504741,0.40405589654345353,0.39653988012364566,0.3932689678543875,0.4200992413951486,0.41448533236481383,0.30635171658490584,0.3917839769951602,0.3019154416925662,0.3698332740632042,0.31073908350416196,0.36263418597012936,0.34440802580033963,0.32287255266586085,0.3360568417668429,0.40668736361540864,0.3413515383346127,0.3584229637983074,0.34635575541849417,0.3946968187301784,0.2971418050355298,0.34856797852451965,0.363151033327791,0.38469850120344384,0.32887561371944074,0.3064108905028812,0.2843214638096538,0.0,0.3390284976694665,0.3133719289238624,0.2883677968777148,0.3026747470884646,0.36627621084319584,0.31423224051712945,0.2830731762133338,0.40855971344999364,0.3596183416742706,0.40877441837877765,0.4445796958892532,0.0,0.0,0.3327589577942846,0.3696133800836951,0.4165205907909697,0.0,0.0,0.0,0.45258800452859405,0.0,0.4552165136086571,0.0,0.35387833111633915,0.0,0.3412489807229738,0.0,0.0,0.38496775192610894,0.39191230256907916,0.0,0.3868239442362544,0.0,0.4224318678464372,0.38192545919435056,0.41477524358191403,0.44480220667349185,0.0,0.3907514150555606,0.4234869121345782,0.4458316067744915,0.46789612720246704,0.4222695018280941,0.0,0.0
0.3713320689905021,0.3584158395107816,0.3868123023227393,0.2644302383667902,0.37651283657652906,0.3846032476752852,0.35244924468608596,0.3712164392716798,0.38282217184473116,0.30039566176759724,0.3274936526249598,0.220053356040975,0.35222370203029,0.2739894576168572,0.38211993482657547,0.3989429054687462,0.3737853029279356,0.3856310679869105,0.3659771548853242,0.4019555183636103,0.3783808834547098,0.40315931266984273,0.37580292670355303,0.24561630621360372,0.36666616582971573,0.38681786364865817,0.3864724401940118,0.337627094703726,0.37510453892041007,0.0,0.3390284976694665,0.0,0.30170495496409083,0.3068604083949549,0.30107338805452094,0.2700473212955964,0.2819362583984295,0.1974651904351493,0.3020803391386387,0.2932116297924767,0.34465652820513326,0.28956225101233857,0.2967781038510015,0.2977866209559702,0.0,0.4043829105946078,0.4222822333129998,0.0,0.0,0.0,0.4180634210551096,0.46539565965699087,0.41974015286064714,0.0,0.0,0.0,0.24755105484866055,0.41951521104299877,0.0,0.4088401143354083,0.4022668433441036,0.0,0.3878642168788995,0.0,0.40914983604253014,0.3940619520632158,0.4229739668702532,0.42862356504785987,0.22773803894188557,0.39842437567203165,0.42155235649838696,0.4222427433427385,0.4117375716691945,0.40022776038321445,0.0,0.41962842510092857
0.3305839976810384,0.32026854564625146,0.0,0.0,0.0,0.3765889515006724,0.3686742349458683,0.3965906306731597,0.39635775632384357,0.318768354027631,0.0,0.2754685617191961,0.33749988762944444,0.0,0.3466277440694637,0.37690584291569557,0.3364849403578051,0.34084528630660116,0.0,0.37095356571557364,0.3396332383198381,0.37077148444647556,0.35670756171779333,0.24511642480887028,0.3253535717808391,0.33065978551868697,0.3736371315474147,0.31496634694539977,0.3650733679177547,0.0,0.3133719289238624,0.30170495496409083,0.0,0.21452960081312084,0.34393418998798675,0.27909505114138744,0.22307499619706936,0.17741094176569933,0.2941472996858285,0.3012568970927411,0.37342404942165086,0.2515460134160583,0.0,0.0,0.19299804240324828,0.38279661088179895,0.4051335727816775,0.0,0.0,0.0,0.39374090480309837,0.0,0.0,0.0,0.3403742764093413,0.0,0.3339398765288054,0.0,0.0,0.40901964854690565,0.3739403727456746,0.0,0.3578790293878568,0.0,0.4009277757644907,0.37158774525687854,0.4263685235318555,0.3912692381429112,0.31392552314432076,0.371375613789831,0.3849865205527085,0.3709300888393583,0.0,0.4140361472089512,0.0,0.3501380213905541
0.3434774698614891,0.35460458272612105,0.4177090156471055,0.24097025635772396,0.3920186927765141,0.40872649969102764,0.3633857331192632,0.4343706733247299,0.4116677222667117,0.31888838289584276,0.38730968118408726,0.25180904633063467,0.3617453023864841,0.0,0.4019681896039445,0.37094610492162583,0.34796358558551255,0.3601256575296573,0.402749808819232,0.40182729913840576,0.3739578700111572,0.4051019063509192,0.4125940259414759,0.24491760565416545,0.34587144082552906,0.36791794645618764,0.41155386531634625,0.32306051429516836,0.3709311430773438,0.32051893278822186,0.2883677968777148,0.3068604083949549,0.21452960081312084,0.0,0.28168997294625886,0.3134853994720297,0.23591169479441784,0.20823934917917156,0.3306573197548452,0.3628756263540112,0.39145510526301264,0.3097480789550749,0.0,0.0,0.2342533635320737,0.38102598319653586,0.41463588001315577,0.0,0.0,0.0,0.451890254142765,0.0,0.46559043943303857,0.0,0.33248527960659957,0.0,0.32306554579839136,0.0,0.0,0.431212647155038,0.38763743244810384,0.0,0.3787678378269992,0.0,0.4284586708730377,0.4147312004451424,0.4312989125261642,0.46427271570713796,0.2764320304669483,0.39169162717180295,0.4206889836500663,0.45288245573505037,0.4501578914114031,0.4329052603835593,0.0,0.4715636379524152
0.3720285806763009,0.37955555990514533,0.0,0.22975815128229662,0.3875906700095973,0.41836874305358474,0.4613123732327264,0.44450420677304975,0.40740132723074024,0.2873298619705438,0.37785343630707596,0.26653621233529023,0.3912731586468089,0.0,0.4325954169481526,0.41157430650445187,0.3308343387267311,0.3658362554460473,0.37119934775608104,0.430557563921922,0.4184537857006205,0.4402274570276034,0.4232085182383322,0.2350437582371019,0.34034053944309706,0.3957540593786462,0.4202090617083966,0.26558966728615674,0.4114279438678544,0.0,0.3026747470884646,0.30107338805452094,0.34393418998798675,0.28168997294625886,0.0,0.32371662537668044,0.2805818663140656,0.2031321584783822,0.3202819323533016,0.3099604444574991,0.3306860862139888,0.33174613213237186,0.0,0.0,0.0,0.35880666005896344,0.4312648353001674,0.0,0.0,0.0,0.0,0.0,0.0,0.0,0.31686372759347814,0.0,0.31960091538573276,0.0,0.0,0.4478406170418638,0.4131902361771996,0.0,0.3924624267432956,0.0,0.44312831046511136,0.42813821247680595,0.45067521531926696,0.44742359777203955,0.0,0.40348329110742837,0.4470978767723932,0.4475414715524125,0.0,0.46122644053925804,0.0,0.5098067127516295
0.0,0.0,0.34454827707325547,0.20106942766952512,0.21930750143120106,0.3837508239605396,0.26739344983421254,0.22682915579269905,0.3765975595396642,0.3527989556134071,0.2371502582876427,0.2991345046339204,0.30572621851605497,0.19789266215475926,0.0,0.0,0.3406970256692715,0.37558732161705743,0.3179717801860846,0.0,0.3784759751123356,0.5368748691086082,0.3270614415924235,0.0,0.3879287573395715,0.0,0.39312416208716494,0.23850777586555255,0.3703880475888408,0.0,0.36627621084319584,0.2700473212955964,0.27909505114138744,0.3134853994720297,0.32371662537668044,0.0,0.2308569153973981,0.28829112892577496,0.27566303627185,0.22782310282002205,0.2724809513517021,0.25932048715774103,0.0,0.29759970603812,0.0,0.0,0.0,0.0,0.0,0.0,0.3670541471969774,0.0,0.2915032775873221,0.0,0.0,0.29226877611870855,0.0,0.0,0.0,0.0,0.0,0.0,0.0,0.0,0.0,0.0,0.0,0.0,0.0,0.0,0.0,0.3933360019775608,0.0,0.0,0.0,0.0
0.0,0.0,0.3976349778973648,0.18232269507355833,0.21224985905117993,0.39370528350883655,0.25456667353597223,0.28865572976771475,0.3902730960513593,0.2579290753682679,0.37304205110266925,0.2708463588473212,0.2555525372862779,0.16524115159564162,0.0,0.0,0.0,0.0,0.3925889528731929,0.0,0.0,0.0,0.38415439090856857,0.0,0.0,0.0,0.3967997772078339,0.23022261333618455,0.0,0.0,0.31423224051712945,0.2819362583984295,0.22307499619706936,0.23591169479441784,0.2805818663140656,0.2308569153973981,0.0,0.2568476721071526,0.23768481498954058,0.0,0.23525925106665474,0.2684832400605537,0.32335522367365643,0.0,0.0,0.0,0.0,0.0,0.0,0.0,0.0,0.0,0.0,0.0,0.0,0.0,0.0,0.0,0.0,0.0,0.0,0.0,0.0,0.0,0.0,0.0,0.0,0.0,0.0,0.0,0.0,0.0,0.0,0.0,0.0,0.0
0.4051977860549396,0.0,0.0,0.0,0.0,0.0,0.0,0.0,0.3946926672043573,0.2652227950583943,0.4018149177921333,0.22126176615765258,0.33512206578288994,0.0,0.0,0.0,0.0,0.0,0.4153286849788673,0.0,0.0,0.0,0.4476228952034948,0.2459013138141099,0.31947501272660306,0.3127681146480031,0.0,0.3144557591881993,0.0,0.0,0.2830731762133338,0.1974651904351493,0.17741094176569933,0.20823934917917156,0.2031321584783822,0.28829112892577496,0.2568476721071526,0.0,0.22977804534915997,0.20507212948208714,0.22055363763187807,0.0,0.0,0.0,0.21341023872096385,0.0,0.0,0.0,0.0,0.0,0.0,0.0,0.0,0.0,0.27940992906720646,0.0,0.2763529749350632,0.0,0.0,0.0,0.0,0.0,0.0,0.0,0.0,0.0,0.0,0.0,0.2721527053132575,0.0,0.32387854571422015,0.0,0.0,0.0,0.0,0.0
0.39985192954910515,0.41594111043532644,0.4367781978395974,0.0,0.0,0.4230432651519767,0.0,0.39676913341079667,0.0,0.33927040388327956,0.35814990053930645,0.36754360111088036,0.0,0.0,0.42568142449997615,0.42978592344258043,0.37414660353147167,0.39409101896540594,0.0,0.41221722985659326,0.42426717336767245,0.4321118454605866,0.44120303063245275,0.375589144772514,0.39456603668355966,0.42558467326643296,0.4299102386241625,0.4336114353745738,0.4114874750569954,0.0,0.40855971344999364,0.3020803391386387,0.2941472996858285,0.3306573197548452,0.3202819323533016,0.27566303627185,0.23768481498954058,0.22977804534915997,0.0,0.30130751322781574,0.3478453297869254,0.31296979198274055,0.20258851526649874,0.2695709988289147,0.23356453388932044,0.3617387101893014,0.3649870463076758,0.33807369339565574,0.22926640921252173,0.31099025243024925,0.342609820405528,0.3300761591528695,0.28575629863354174,0.37995054726429794,0.29407803325866455,0.2883952248547781,0.24410256418139695,0.3458830294498882,0.24193156241987288,0.38390709553756064,0.3750421649173642,0.37153061213653643,0.3889220849224551,0.35684361235811973,0.40812018783652926,0.37819358024405925,0.40810279248536174,0.35958243548564023,0.31170200862296016,0.3669046899419294,0.3757862594195714,0.37977799245560406,0.3136902581812849,0.39303951186660746,0.0,0.3315139338432672
0.3771688202607292,0.4183220625686723,0.0,0.0,0.0,0.0,0.0,0.0,0.0,0.3091102450519446,0.0,0.30713638636672397,0.0,0.0,0.40796453478758987,0.41247811461272255,0.3560894350052607,0.3573829617884506,0.0,0.40790756335314954,0.4166363039127516,0.4284490973525899,0.3941104445551713,0.31770910695835913,0.3733675685503986,0.3917734254608313,0.0,0.0,0.0,0.0,0.3596183416742706,0.2932116297924767,0.3012568970927411,0.3628756263540112,0.3099604444574991,0.22782310282002205,0.0,0.20507212948208714,0.30130751322781574,0.0,0.23377957554928663,0.3154207281008317,0.27661089449956144,0.22697741083798037,0.18216825918871518,0.3089690771128334,0.3132014736896634,0.0,0.0,0.3855424867295883,0.35768099376505597,0.3375713095724534,0.0,0.3658079617144596,0.28690198810358547,0.0,0.24519867229367293,0.35285649701394317,0.0,0.3310482484432028,0.31618701945372757,0.31407839440239826,0.31705190920677584,0.0,0.32926491214894577,0.32629062670702497,0.3428513436258181,0.3403066233699334,0.25199473521356164,0.2983262815865618,0.3141007673321908,0.34313649755024206,0.31157292252172514,0.34784341730364093,0.3115403426119671,0.2972123029140504
0.39694902359094714,0.42306353956824444,0.0,0.0,0.0,0.45071289209902343,0.0,0.47022659497730673,0.0,0.33165461916913497,0.0,0.3250250292556264,0.0,0.0,0.4406047642084641,0.41950850841065923,0.3901746104827704,0.4052034937240607,0.0,0.43771603631298334,0.4481384002787341,0.44219335456637576,0.4570585293118831,0.34166026729205146,0.40802825136297005,0.427876282238231,0.45615942772170365,0.0,0.0,0.0,0.40877441837877765,0.34465652820513326,0.37342404942165086,0.39145510526301264,0.3306860862139888,0.2724809513517021,0.23525925106665474,0.22055363763187807,0.3478453297869254,0.23377957554928663,0.0,0.3314175828417261,0.2644154350164468,0.25664263493156786,0.2002784726435066,0.3299377469723267,0.351134261029756,0.3627867648717314,0.1931505655775401,0.3618751538885907,0.38390827960621765,0.3506035118830456,0.39528678575452897,0.39817574393994587,0.31508804383692335,0.39398158495298546,0.2539452632395071,0.3677404022021961,0.0,0.40293873240716077,0.3337085723460171,0.33614267657420166,0.35042364467096515,0.42080017334386427,0.4084859866668194,0.37931265991099095,0.37832251845300807,0.38904387007579344,0.29394249681125245,0.33948562649439723,0.35564074257690065,0.3940830371094426,0.33583383891984514,0.37620306656265357,0.35295039247274707,0.26486343852435523
