0.0,0.39461211507585037,0.0,0.0,0.0,0.4505364092013472,0.0,0.45025516216036576,0.0,0.0,0.0,0.39060604251311515,0.49827961311727653,0.0,0.3869877599577875,0.41532379995941976,0.0,0.4017545747638978,0.0,0.4292424872550402,0.3509560582497218,0.40725104009326024,0.44775192964594845,0.373585630542717,0.38329669745953393,0.3914419034376482,0.45467177319655483,0.46681139400499344,0.46761344958302803,0.0,0.38550081104029243,0.3891084334940358,0.3542952365440697,0.3577395519759961,0.3822076480179809,0.0,0.0,0.0,0.46784468384680583,0.3756910310833821,0.4317213162119331,0.0,0.0,0.0,0.0,0.37271466240745155,0.46422217169153956,0.0,0.0,0.0,0.0,0.0,0.0,0.0,0.5064113185328069,0.0,0.5143304613544596,0.0,0.0,0.0,0.46014069513472794,0.0,0.4293084167252686,0.0,0.39550111423401674,0.0,0.49387277157114684,0.0,0.37200158842246533,0.44003745266803945,0.4569276819474427,0.0,0.0,0.0,0.0,0.0
0.39461211507585037,0.0,0.5172833553897949,0.0,0.4388354150690513,0.45567237942199196,0.44895230318272245,0.44541582605521957,0.43326156759692,0.0,0.0,0.0,0.4659075361561247,0.0,0.42774969655877315,0.39570482169930526,0.39485056313784994,0.41254573662276556,0.0,0.4465331505931729,0.4230181679436346,0.40079385547993585,0.44691893583178444,0.0,0.36975798495563456,0.40384203765622606,0.45420463163667385,0.45367888565963965,0.4553589440749151,0.0,0.3820166749007787,0.3978838528899405,0.34594568889102323,0.3804990196090693,0.4214322293909702,0.0,0.0,0.0,0.4720583578864836,0.4230671160161073,0.4801023023255084,0.48157345154915565,0.0,0.0,0.0,0.4512871442430959,0.4809684806760347,0.0,0.0,0.0,0.5029863145262514,0.0,0.0,0.0,0.0,0.0,0.0,0.0,0.0,0.49504423290154065,0.4552240289311806,0.0,0.4330434196286905,0.0,0.45160207620954634,0.4778736132492964,0.5028881122023933,0.5079054967134979,0.0,0.4357977973519262,0.49328630697743203,0.4966263005908658,0.0,0.4557437043014599,0.0,0.4538891930421705
0.0,0.5172833553897949,0.0,0.4631817503259608,0.4369949021049813,0.4191123985997263,0.4620024172105483,0.5039586117301407,0.38880691685375035,0.5148656190505586,0.3717841661093483,0.5489664507875358,0.4724849781623463,0.444129246597817,0.0,0.0,0.0,0.0,0.3127927640050803,0.0,0.0,0.469206128290355,0.36896556126282976,0.0,0.0,0.6051994005141226,0.36717923276505327,0.47091110878763465,0.47831692467893344,0.519747420225035,0.5022661609920603,0.4538839688367398,0.0,0.49098965513291565,0.50347024646072,0.43567090503273376,0.47332286923105954,0.0,0.535704732943942,0.0,0.6884132211298489,0.0,0.5086022285245635,0.0,0.0,0.0,0.0,0.4538886811935053,0.0,0.0,0.5753149156434638,0.0,0.5868149313746507,0.5921268164468811,0.0,0.5154028111388815,0.0,0.0,0.5273667225740941,0.0,0.0,0.0,0.0,0.3687823570643349,0.0,0.0,0.0,0.6068809344417734,0.0,0.0,0.0,0.5639567100530386,0.0,0.0,0.0,0.0
0.0,0.0,0.4631817503259608,0.0,0.2666841106300049,0.4179770723705397,0.3049768548358984,0.3015143041733092,0.43717605120233555,0.20760957537482425,0.3612912688044357,0.28385964746972003,0.3097391297771098,0.2857159732412277,0.0,0.0,0.0,0.0,0.40527231792815005,0.0,0.0,0.0,0.39098883743980195,0.21100414344865437,0.0,0.0,0.41063362062076253,0.26083401441858817,0.0,0.0,0.36976350678170605,0.292631535589356,0.0,0.2771980716904435,0.31471358406718647,0.19618448795338086,0.18511422584976844,0.27849665164028353,0.0,0.0,0.0,0.0,0.0,0.0,0.0,0.0,0.0,0.0,0.0,0.0,0.0,0.0,0.0,0.0,0.0,0.0,0.0,0.0,0.0,0.0,0.0,0.0,0.0,0.0,0.0,0.0,0.0,0.0,0.0,0.0,0.0,0.0,0.0,0.0,0.0,0.0
0.0,0.4388354150690513,0.4369949021049813,0.2666841106300049,0.0,0.4126712618617657,0.3566147995162728,0.4436012060235719,0.3891905652917981,0.39654967069508706,0.3684522080270608,0.0,0.4026458725004524,0.32460619338332397,0.0,0.4653428085559993,0.0,0.0,0.4294869612683536,0.43353086953865544,0.0,0.43739542048339036,0.42197369133693113,0.0,0.4356389825212617,0.48524070519371537,0.42568903610580516,0.3896800082070348,0.448123054132851,0.0,0.4815612897976549,0.376621376228827,0.0,0.4858307146122213,0.4947867876823877,0.2384803660269178,0.23482210361179998,0.45504100969569994,0.5348523876581929,0.0,0.0,0.0,0.4224203055401652,0.0,0.0,0.0,0.0,0.5609874309464509,0.0,0.0,0.5577365269231338,0.0,0.44872594166979163,0.5539147523426946,0.0,0.437630302652105,0.0,0.0,0.0,0.0,0.0,0.0,0.0,0.5277849809709181,0.0,0.0,0.0,0.5443693756170972,0.0,0.0,0.0,0.5458084015063163,0.0,0.0,0.0,0.0
0.4505364092013472,0.45567237942199196,0.4191123985997263,0.4179770723705397,0.4126712618617657,0.0,0.4285883628545933,0.4413589179536293,0.36300352082293313,0.45622488513866327,0.4306114719583987,0.4588847285366271,0.39932486762768715,0.45696256018060183,0.4474837752249151,0.46895965445355364,0.0,0.4416046794509809,0.4377817658894947,0.45759227064962643,0.44408113099763485,0.4653463734712615,0.4058405057681232,0.0,0.4406216503930591,0.46334178804498805,0.3946768022211104,0.4156461396900812,0.3804921431662986,0.4444587037476934,0.46047796156614484,0.4304043379583029,0.41519200679404394,0.46247471084876945,0.492523089253134,0.4449302272480515,0.44654288188027996,0.49175440279127136,0.4991239041052425,0.0,0.5208374826866284,0.5522489771934369,0.49063790828319676,0.0,0.396574985805988,0.0,0.5500673114253591,0.5764110910479191,0.0,0.0,0.5181259952862637,0.5467706738133499,0.4878683924125323,0.5504647556802611,0.0,0.5145562385054671,0.4795062204786952,0.5286544872017594,0.0,0.5181069706894249,0.0,0.0,0.0,0.5420519691302819,0.5084594772291228,0.5139727970369872,0.5217002916555215,0.5212843264021711,0.0,0.0,0.5325540523134589,0.5218903328015465,0.5129741260422367,0.49978155975748184,0.0,0.5090277620579791
0.0,0.44895230318272245,0.4620024172105483,0.3049768548358984,0.3566147995162728,0.4285883628545933,0.0,0.49767804592337656,0.422836906845631,0.4024740851149581,0.46795921010146757,0.3835732741625451,0.3658855237055654,0.3769637877888254,0.0,0.4680356290355034,0.0,0.46425561678960414,0.4890596752218742,0.45919139960844635,0.49499355847192694,0.47551917232769225,0.4709089843177095,0.0,0.4360996767555936,0.45482360186297044,0.45245709407124796,0.3745691187082315,0.46793218425400207,0.0,0.4473964163750813,0.4222222509639046,0.42075899179542814,0.4367372158453867,0.4980855079888336,0.3103808114658674,0.311246014695828,0.3881503191865776,0.5802798107907882,0.0,0.0,0.0,0.4944821144927031,0.0,0.0,0.0,0.0,0.0,0.0,0.0,0.5617866161533228,0.0,0.0,0.0,0.0,0.0,0.0,0.0,0.0,0.0,0.0,0.0,0.0,0.0,0.0,0.0,0.0,0.5373956198536732,0.0,0.0,0.0,0.5375298883108807,0.0,0.0,0.0,0.0
0.45025516216036576,0.44541582605521957,0.5039586117301407,0.3015143041733092,0.4436012060235719,0.4413589179536293,0.49767804592337656,0.0,0.5355853243847506,0.5028344026153361,0.356975159418797,0.5244273102679231,0.4653779455943146,0.3322261257621464,0.3724522156667461,0.4674460812081846,0.0,0.45135134321062853,0.5002146775333699,0.4339600385532611,0.38751062898991223,0.4574628856213792,0.36955519805233655,0.4771387922872132,0.44346112277755145,0.4589568048088732,0.44788284602165473,0.437127564478006,0.42543393951434916,0.41636700628975065,0.45977092361954697,0.2649476305760177,0.3563669083395689,0.4819172060615897,0.46389543502140385,0.23089808472782267,0.31721959077603634,0.0,0.42355342101966875,0.0,0.506820325450771,0.5528793334871014,0.45989766875914456,0.0,0.0,0.0,0.4399854022539756,0.5954525009173567,0.0,0.0,0.5073519695275966,0.0,0.3973112493336051,0.5654348995834352,0.0,0.46606725161669144,0.0,0.5153120115179749,0.40175935450148936,0.5027392341239086,0.0,0.0,0.0,0.5209837444373587,0.5046521553434101,0.43036507168061106,0.4463891924797446,0.4965401753712146,0.0,0.0,0.5761421663583808,0.5004919558546065,0.5043921162524945,0.5066654636973493,0.0,0.5265876143272755
0.0,0.43326156759692,0.38880691685375035,0.43717605120233555,0.3891905652917981,0.36300352082293313,0.422836906845631,0.5355853243847506,0.0,0.47417830075714074,0.3779706449248813,0.4788728283503195,0.4375842600869,0.4249618169981538,0.0,0.0,0.0,0.0,0.3350049062422062,0.4554163534734234,0.0,0.45122044494523167,0.4312866525904191,0.0,0.4456372981893384,0.4963095580928443,0.38942501770630855,0.4841939462086496,0.4452903242768412,0.49009730815457353,0.5323915600327872,0.4710508955974096,0.0,0.5112440983172665,0.4987015660826217,0.4468271427318434,0.4634481378749599,0.4799730660595822,0.5310725584467175,0.0,0.0,0.0,0.5027071024711806,0.0,0.0,0.0,0.0,0.6050657396722299,0.0,0.0,0.57303290176102,0.0,0.6364413338094411,0.6008425914852813,0.0,0.5751062581017626,0.0,0.0,0.5372084410433937,0.0,0.0,0.0,0.0,0.574521887869278,0.0,0.0,0.0,0.6130564214451066,0.0,0.0,0.0,0.5854748453682733,0.0,0.0,0.0,0.0
0.0,0.0,0.5148656190505586,0.20760957537482425,0.39654967069508706,0.45622488513866327,0.4024740851149581,0.5028344026153361,0.47417830075714074,0.0,0.46975361654188674,0.27346194359391834,0.3992831442165502,0.4469820044941486,0.0,0.33901016450793164,0.3530278945786357,0.36042878715288235,0.4941921823453474,0.0,0.0,0.37370207673809736,0.4761069681399148,0.3238592942662762,0.3674475940851271,0.3808670769649325,0.46730506778659003,0.3751729131975954,0.44081902320670446,0.0,0.3601830744668692,0.29918003324242187,0.3017490542420017,0.31064416601497036,0.3094774449152004,0.2922000756515546,0.21206512120144266,0.28612100574944505,0.30631665692316945,0.37818443042466415,0.3675430721162012,0.27552619178585813,0.28909300753824935,0.0,0.2815185668645804,0.4830800688379793,0.0,0.0,0.0,0.0,0.0,0.0,0.0,0.0,0.46008359211395655,0.0,0.45766781077632157,0.42469187594241725,0.0,0.0,0.4686807671831121,0.4546693082398047,0.4540384562706693,0.0,0.0,0.0,0.4656486516552195,0.0,0.45617218454559044,0.46416358867350155,0.4797275128901125,0.7349533525399695,0.39165503259709966,0.0,0.0,0.41547179760610076
0.0,0.0,0.3717841661093483,0.3612912688044357,0.3684522080270608,0.4306114719583987,0.46795921010146757,0.356975159418797,0.3779706449248813,0.46975361654188674,0.0,0.46856835843682076,0.4753424203655518,0.30742267493067166,0.0,0.0,0.0,0.0,0.32481522353153125,0.0,0.0,0.0,0.28870031622562936,0.0,0.0,0.0,0.4229741480102279,0.4758704699180197,0.0,0.0,0.5409112046969249,0.39583706891566317,0.0,0.5034961267536208,0.5031078926255383,0.3021899536428578,0.451604228683049,0.4655799328177463,0.46903484422952996,0.0,0.0,0.0,0.44291349830191507,0.0,0.0,0.0,0.0,0.5442062915000224,0.0,0.5369076647188952,0.5367646926091761,0.0,0.5146961942845774,0.5285727466740094,0.0,0.4357549442038724,0.0,0.0,0.4722292469571884,0.0,0.0,0.0,0.0,0.45603654294490703,0.0,0.0,0.0,0.5448393784954753,0.0,0.0,0.0,0.5334072430751018,0.0,0.0,0.0,0.0
0.39060604251311515,0.0,0.5489664507875358,0.28385964746972003,0.0,0.4588847285366271,0.3835732741625451,0.5244273102679231,0.4788728283503195,0.27346194359391834,0.46856835843682076,0.0,0.3805664214014163,0.0,0.7511048963634076,0.0,0.37547670449793663,0.338261517037827,0.0,0.5989218255759652,0.0,0.0,0.4734999423973369,0.28470082675202213,0.3598041129121601,0.32721300764861977,0.4830131479275876,0.3647281246421806,0.5616435960017113,0.3753792215381355,0.33744319266398876,0.260137711771929,0.24473398563798432,0.25586660178520887,0.28853356051587936,0.342832739505233,0.28164177197924695,0.22138270931773482,0.26534900900698716,0.38159488976817085,0.3229389091177771,0.27935175300507126,0.30444652594177607,0.0,0.2815000638177569,0.524417711925423,0.0,0.0,0.0,0.0,0.0,0.0,0.0,0.0,0.4667785861262615,0.0,0.4475871788897763,0.0,0.0,0.0,0.0,0.45912525108273017,0.45885634999836905,0.0,0.0,0.0,0.0,0.4875229386759675,0.434557320587586,0.4646330299966116,0.4753137220472918,0.4268811853376561,0.39348589626706565,0.0,0.0,0.40571263897156273
0.49827961311727653,0.4659075361561247,0.4724849781623463,0.3097391297771098,0.4026458725004524,0.39932486762768715,0.3658855237055654,0.4653779455943146,0.4375842600869,0.3992831442165502,0.4753424203655518,0.3805664214014163,0.0,0.40258150114950925,0.45243607435562755,0.47180534264856816,0.42957292636421696,0.45357312925559834,0.4906705954847763,0.44618405523879107,0.45089290514924335,0.476884785694501,0.4661648296057844,0.38886953464336327,0.4500816436960504,0.45585940698514654,0.455006925777902,0.3518373282742754,0.4420223602383392,0.4029132091492139,0.4161841302431219,0.4081375092374018,0.39319792322814406,0.4045771093721701,0.4212697469718453,0.34495816638687476,0.3278901330769972,0.37649146029899017,0.43194818947593033,0.39139370437881066,0.43478023709972335,0.0,0.5226915696449798,0.0,0.3296640697982916,0.0,0.0,0.6136727090046207,0.0,0.0,0.5375120491030848,0.0,0.5027880913094172,0.0,0.4862845335691368,0.6112224063805389,0.4505491624674123,0.0,0.7029414569691121,0.0,0.0,0.0,0.0,0.0,0.543017241219921,0.0,0.6363995261634391,0.5282603700693025,0.3837549001712237,0.6034107642821843,0.5551808034271989,0.5258955185888099,0.0,0.5274886974782308,0.0,0.0
0.0,0.0,0.444129246597817,0.2857159732412277,0.32460619338332397,0.45696256018060183,0.3769637877888254,0.3322261257621464,0.4249618169981538,0.4469820044941486,0.30742267493067166,0.0,0.40258150114950925,0.0,0.0,0.0,0.0,0.0,0.42572382430730404,0.3890325683809964,0.43584850223781585,0.0,0.40077751752659646,0.0,0.0,0.5062296230545614,0.4412221163049414,0.3109944262958363,0.0,0.0,0.4106070134328518,0.26446299731066286,0.0,0.44379606387466214,0.0,0.21833365783510733,0.1915281292481933,0.0,0.0,0.0,0.0,0.0,0.0,0.0,0.0,0.0,0.0,0.0,0.0,0.0,0.0,0.0,0.0,0.0,0.0,0.0,0.0,0.0,0.0,0.0,0.0,0.0,0.0,0.0,0.0,0.0,0.0,0.0,0.0,0.0,0.0,0.0,0.0,0.0,0.0,0.0
0.3869877599577875,0.42774969655877315,0.0,0.0,0.0,0.4474837752249151,0.0,0.3724522156667461,0.0,0.0,0.0,0.7511048963634076,0.45243607435562755,0.0,0.0,0.4471972314200635,0.0,0.42467707846723723,0.0,0.4109176874739322,0.40501855373025597,0.3926209555130944,0.36405737833706364,0.47375932122428455,0.422787195268093,0.41496847817617,0.41228545988298265,0.43145074276380885,0.45713591643029533,0.40789035966866727,0.4390515283299479,0.43017503706536053,0.41326878126040695,0.430705413220929,0.4782381011935399,0.0,0.0,0.0,0.5017459883913573,0.5321827280719763,0.5003521732954057,0.538825547206176,0.0,0.0,0.0,0.0,0.49951063870978607,0.0,0.0,0.0,0.5020449837843837,0.0,0.4689843013275683,0.0,0.0,0.0,0.0,0.5694838740250466,0.0,0.5105684400753733,0.0,0.0,0.0,0.0,0.5135177072062608,0.48419262715322064,0.5269057768212881,0.5084142187149645,0.0,0.0,0.5181327153490396,0.5207210261596783,0.5222127399597619,0.4955959853607691,0.5060235088693357,0.497868238177158
0.41532379995941976,0.39570482169930526,0.0,0.0,0.4653428085559993,0.46895965445355364,0.4680356290355034,0.4674460812081846,0.0,0.33901016450793164,0.0,0.0,0.47180534264856816,0.0,0.4471972314200635,0.0,0.40983202890541987,0.388302300464473,0.0,0.43130668510050973,0.42428043426102785,0.40230731933002467,0.4558803912547769,0.42360218870916977,0.3872613946846364,0.4232825123851783,0.4513211472393929,0.45577790135463697,0.4532176597419246,0.45666857876944367,0.4018683890096987,0.40605469717712916,0.3631831758457405,0.4025479445840783,0.4097666949786107,0.0,0.0,0.6949631563110541,0.4413287491583107,0.3794809979450923,0.43057152159945183,0.4198850783589225,0.0,0.0,0.0,0.4593971551345559,0.45555340643382475,0.0,0.0,0.0,0.0,0.0,0.0,0.0,0.0,0.0,0.0,0.0,0.0,0.49885644442645316,0.43668171104348147,0.0,0.4281847408788562,0.0,0.4571256136012668,0.4456576268800602,0.45962792455482965,0.0,0.0,0.43001016768223715,0.46746955317557454,0.5162711463540773,0.0,0.478265793969606,0.0,0.4081566608873322
0.0,0.39485056313784994,0.0,0.0,0.0,0.0,0.0,0.0,0.0,0.3530278945786357,0.0,0.37547670449793663,0.42957292636421696,0.0,0.0,0.40983202890541987,0.0,0.3492012989357611,0.0,0.43240869120009573,0.0,0.4063895378381917,0.0,0.417333930991126,0.35347643117391025,0.37786303147965017,0.0,0.4204197039889065,0.0,0.0,0.38667731904589864,0.41308690457781533,0.3687634086228084,0.3732110421661113,0.3661723788684777,0.0,0.0,0.34037428983692897,0.42052506332241296,0.40277476008807056,0.4579203231078277,0.0,0.0,0.0,0.0,0.0,0.4377514835228802,0.0,0.0,0.0,0.0,0.0,0.0,0.0,0.4463845227493539,0.0,0.46080235899186267,0.0,0.0,0.0,0.434041432379745,0.4354164767024079,0.4384232489262833,0.0,0.0,0.0,0.0,0.0,0.48993692271223266,0.4532270996495319,0.47561580257365454,0.0,0.0,0.0,0.0,0.5273847700683852
0.4017545747638978,0.41254573662276556,0.0,0.0,0.0,0.4416046794509809,0.46425561678960414,0.45135134321062853,0.0,0.36042878715288235,0.0,0.338261517037827,0.45357312925559834,0.0,0.42467707846723723,0.388302300464473,0.3492012989357611,0.0,0.0,0.41892674207868785,0.4155907038979334,0.4246197450446278,0.43951599968902794,0.40380525213413065,0.383500204944354,0.3978688964264864,0.428446596519104,0.43486093894562916,0.44197954704430215,0.48411811921000314,0.40210444478868335,0.41647592001893524,0.3674375154072644,0.3949221332643434,0.39033921272983685,0.0,0.0,0.3559022709993425,0.39886643630223995,0.3600096321647149,0.38528180779920584,0.4226181149775571,0.0,0.0,0.0,0.4447566986846232,0.4290712648889185,0.0,0.0,0.0,0.0,0.0,0.0,0.0,0.4042747854636913,0.0,0.4492785226445134,0.0,0.0,0.0,0.41783096824352434,0.37443921214355697,0.41904284262346925,0.0,0.0,0.0,0.39576892229537153,0.0,0.4536491732118084,0.4196341311281371,0.44899010358493613,0.0,0.0,0.0,0.0,0.41156000667798887
0.0,0.0,0.3127927640050803,0.40527231792815005,0.4294869612683536,0.4377817658894947,0.4890596752218742,0.5002146775333699,0.3350049062422062,0.4941921823453474,0.32481522353153125,0.0,0.4906705954847763,0.42572382430730404,0.0,0.0,0.0,0.0,0.0,0.0,0.0,0.0,0.37450713135843927,0.0,0.0,0.0,0.4246168448579914,0.5078374920734243,0.0,0.614147362472908,0.5077934156501005,0.45134727402702235,0.0,0.4958669775933617,0.5021873495281273,0.42111757683292705,0.46691577187242556,0.5184538860576509,0.5172127567222017,0.0,0.0,0.0,0.49154835921399653,0.0,0.0,0.0,0.0,0.5644717810744506,0.0,0.0,0.5580081212169665,0.0,0.5853674690203045,0.5675309033322545,0.0,0.481979032105359,0.0,0.0,0.5200953651892709,0.0,0.0,0.0,0.0,0.5466629257146685,0.0,0.0,0.0,0.5810250060423514,0.0,0.0,0.0,0.5587037456488911,0.0,0.0,0.0,0.0
0.4292424872550402,0.4465331505931729,0.0,0.0,0.43353086953865544,0.45759227064962643,0.45919139960844635,0.4339600385532611,0.4554163534734234,0.0,0.0,0.5989218255759652,0.44618405523879107,0.3890325683809964,0.4109176874739322,0.43130668510050973,0.43240869120009573,0.41892674207868785,0.0,0.0,0.44783112306114436,0.4062416161158334,0.40091010257704507,0.5680665833601268,0.4257318376326756,0.43135604348804113,0.38848501410246034,0.40574116658316967,0.3659272304531206,0.35940387282424113,0.3958996765369671,0.44300554861698,0.385936835568747,0.43952875638292954,0.4886101011047689,0.5131789041890771,0.5115245885883999,0.0,0.4894558083901692,0.5075165637901347,0.49793139962987354,0.5221246717842003,0.0,0.0,0.0,0.0,0.45702135483280515,0.0,0.0,0.0,0.5072025402294988,0.0,0.5239536066142273,0.0,0.0,0.0,0.44634463208197755,0.5739055717337969,0.0,0.4986780604443827,0.0,0.0,0.0,0.0,0.505220981764854,0.48502153239183227,0.501443365876369,0.5116618246669438,0.0,0.0,0.4882100399497965,0.5251296639704334,0.515358933876919,0.4961393826248654,0.5870439378295357,0.5107211249785409
0.3509560582497218,0.4230181679436346,0.0,0.0,0.0,0.44408113099763485,0.49499355847192694,0.38751062898991223,0.0,0.0,0.0,0.0,0.45089290514924335,0.43584850223781585,0.40501855373025597,0.42428043426102785,0.0,0.4155907038979334,0.0,0.44783112306114436,0.0,0.43849945457475875,0.40627417869351445,0.4387721284266475,0.3995598056279163,0.4219772064430267,0.44404456903003514,0.4372124069343538,0.4431052404874222,0.46796582404843956,0.42906963727772757,0.416282882249207,0.3818637732440708,0.4118409208614844,0.4666545204622556,0.4524382938752791,0.0,0.0,0.5152357464331908,0.4718562526681936,0.4980708699073176,0.537486380787227,0.0,0.0,0.0,0.3203595876480295,0.48416707366632383,0.4066907596707437,0.0,0.0,0.5015046579826365,0.0,0.44181280243167553,0.0,0.0,0.0,0.0,0.5454483992335251,0.0,0.4751147061200492,0.0,0.0,0.0,0.0,0.5149282337445915,0.43254972431477456,0.5147018883688647,0.49815080888872243,0.0,0.469128680189137,0.4988018631310879,0.51578770660408,0.5335230504727324,0.5507058890885068,0.0,0.524993297781195
0.40725104009326024,0.40079385547993585,0.469206128290355,0.0,0.43739542048339036,0.4653463734712615,0.47551917232769225,0.4574628856213792,0.45122044494523167,0.37370207673809736,0.0,0.0,0.476884785694501,0.0,0.3926209555130944,0.40230731933002467,0.4063895378381917,0.4246197450446278,0.0,0.4062416161158334,0.43849945457475875,0.0,0.4314462557714993,0.49822446188685005,0.40602202773289475,0.41229530226948097,0.45055875555652364,0.4594711116353595,0.4286320710302639,0.4368676525412212,0.40286263368443703,0.4316754055474227,0.3909662012374115,0.42361748484403894,0.4826829230025008,0.5016622892364132,0.0,0.49012899016174566,0.47902339334859745,0.46791444146940164,0.4818530962394814,0.5091818361540851,0.0,0.0,0.0,0.4534845831354964,0.4668959523623131,0.0,0.0,0.0,0.49853141997850137,0.0,0.0,0.0,0.0,0.0,0.0,0.0,0.0,0.5099834255736612,0.4478545670648932,0.0,0.0,0.0,0.4934119403680141,0.5030891423930525,0.4948135328762956,0.516754647451171,0.0,0.43623461572969985,0.5007991875478206,0.49857035553965773,0.5546478110523454,0.482870486808046,0.0,0.4712282214219324
0.44775192964594845,0.44691893583178444,0.36896556126282976,0.39098883743980195,0.42197369133693113,0.4058405057681232,0.4709089843177095,0.36955519805233655,0.4312866525904191,0.4761069681399148,0.28870031622562936,0.4734999423973369,0.4661648296057844,0.40077751752659646,0.36405737833706364,0.4558803912547769,0.0,0.43951599968902794,0.37450713135843927,0.40091010257704507,0.40627417869351445,0.4314462557714993,0.0,0.47668885861647625,0.4426555947241537,0.45009581904675094,0.3415246097044956,0.4466981331968303,0.43823108666732397,0.43547222147042747,0.4507780819357413,0.41812921386084273,0.38399468010222865,0.46028328551456005,0.4658770322502297,0.40268045126420127,0.4421124459919719,0.5245638566048852,0.5110381647421527,0.49775207492458,0.54074461447692,0.5313580395555472,0.5266003434156789,0.0,0.0,0.4511993032699456,0.48617767339821155,0.578114587474637,0.0,0.0,0.5315757564402943,0.5328100797070535,0.4866375190682288,0.5800841873975332,0.0,0.5023789880912712,0.0,0.5272119083790995,0.5439942860660975,0.5078417935796182,0.0,0.0,0.0,0.5443779738707621,0.520824548384235,0.47965246900245423,0.5071620104689049,0.5267185287767794,0.0,0.0,0.49485238562606115,0.5299500543003172,0.5247260389736116,0.5183100695256875,0.5352892482459193,0.5258390031304854
0.373585630542717,0.0,0.0,0.21100414344865437,0.0,0.0,0.0,0.4771387922872132,0.0,0.3238592942662762,0.0,0.28470082675202213,0.38886953464336327,0.0,0.47375932122428455,0.42360218870916977,0.417333930991126,0.40380525213413065,0.0,0.5680665833601268,0.4387721284266475,0.49822446188685005,0.47668885861647625,0.0,0.39448455093562695,0.3533380228535492,0.492285666756485,0.37685523389002046,0.5253894086521397,0.0,0.3540629668594423,0.27293030276780034,0.2366050138229716,0.23847653240866698,0.2500011776142203,0.3152543360407442,0.2212217975620712,0.2193988353253038,0.2086986139770322,0.35232130205166384,0.30944456562637784,0.0,0.27928895232022066,0.0,0.26854696397235794,0.4232687558776813,0.4028740924251012,0.0,0.0,0.0,0.0,0.0,0.0,0.0,0.4442388553666989,0.0,0.42386719657616745,0.0,0.0,0.0,0.4478915327220573,0.4705179885831237,0.4541552958500177,0.0,0.0,0.0,0.0,0.0,0.4206961219458437,0.44946239482331324,0.4704423921018893,0.32351889105939174,0.0,0.0,0.0,0.41703654666144013
0.38329669745953393,0.36975798495563456,0.0,0.0,0.4356389825212617,0.4406216503930591,0.4360996767555936,0.44346112277755145,0.4456372981893384,0.3674475940851271,0.0,0.3598041129121601,0.4500816436960504,0.0,0.422787195268093,0.3872613946846364,0.35347643117391025,0.383500204944354,0.0,0.4257318376326756,0.3995598056279163,0.40602202773289475,0.4426555947241537,0.39448455093562695,0.0,0.3739771901988885,0.43736874977770174,0.41595766739376877,0.4387907953488353,0.0,0.38721213735427135,0.38214305889972244,0.3305436981616758,0.36405631353173273,0.36197517516112715,0.0,0.0,0.31231840539869665,0.42512321965702504,0.3826885639595779,0.4174925910750386,0.4415135895677416,0.0,0.0,0.0,0.43521927052952175,0.45352033348094484,0.0,0.0,0.0,0.0,0.0,0.0,0.0,0.4187040822356277,0.0,0.4548028072764139,0.0,0.0,0.44844801753836966,0.4308560832561194,0.4169995655436181,0.432809678453347,0.0,0.4501704272322183,0.47145343876738377,0.4215224699929519,0.0,0.4763735901474689,0.43178974342536147,0.4584785711842635,0.0,0.0,0.482152344612818,0.0,0.42377033954650817
0.3914419034376482,0.40384203765622606,0.6051994005141226,0.0,0.48524070519371537,0.46334178804498805,0.45482360186297044,0.4589568048088732,0.4963095580928443,0.3808670769649325,0.0,0.32721300764861977,0.45585940698514654,0.5062296230545614,0.41496847817617,0.4232825123851783,0.37786303147965017,0.3978688964264864,0.0,0.43135604348804113,0.4219772064430267,0.41229530226948097,0.45009581904675094,0.3533380228535492,0.3739771901988885,0.0,0.4491473789386419,0.414488463106301,0.4358770145773238,0.5611272188558578,0.3980362227882406,0.40736654153618285,0.3614996142352751,0.3878563562163113,0.424590534607738,0.0,0.0,0.31642576501242986,0.46283589994115315,0.41055068363884806,0.4488350704963133,0.4746560378770827,0.0,0.0,0.0,0.44944713621293575,0.47921073275126,0.0,0.0,0.0,0.5185128551023801,0.0,0.0,0.0,0.4545870255582905,0.0,0.4680599485968567,0.0,0.0,0.5194166994869478,0.44892169936572013,0.45102560095141303,0.44975862083368895,0.0,0.4840896690015945,0.4979053825309642,0.5119825190220806,0.50227453130543,0.48639740304742574,0.4454074141486417,0.478817520291125,0.5113220445389882,0.0,0.4804623431952374,0.0,0.4424014302260696
0.45467177319655483,0.45420463163667385,0.36717923276505327,0.41063362062076253,0.42568903610580516,0.3946768022211104,0.45245709407124796,0.44788284602165473,0.38942501770630855,0.46730506778659003,0.4229741480102279,0.4830131479275876,0.455006925777902,0.4412221163049414,0.41228545988298265,0.4513211472393929,0.0,0.428446596519104,0.4246168448579914,0.38848501410246034,0.44404456903003514,0.45055875555652364,0.3415246097044956,0.492285666756485,0.43736874977770174,0.4491473789386419,0.0,0.44043460127453316,0.4049222390524099,0.43604565398395073,0.4416546463280682,0.4351648050058056,0.3649925323258801,0.4547948136751501,0.4762983182331292,0.44032762858239766,0.4473682879376568,0.4840560069404983,0.5033701567521293,0.5146304745913947,0.5173949582736713,0.5339428241381744,0.4919469532661703,0.0,0.5140999127486864,0.0,0.5087471706422432,0.5882197132642896,0.0,0.0,0.5232369541791424,0.5159699016848952,0.5013580304804709,0.5701227577180779,0.0,0.5512525838125791,0.5210188731137341,0.5149498621617604,0.0,0.5095149131984613,0.0,0.0,0.0,0.5673927770208119,0.5130196610328329,0.49872941103163576,0.5030465828099575,0.5222194355134963,0.0,0.0,0.5107359742626462,0.5247488615295548,0.5117546901272204,0.5093897213164227,0.5350712315741929,0.5116646204549469
0.46681139400499344,0.45367888565963965,0.47091110878763465,0.26083401441858817,0.3896800082070348,0.4156461396900812,0.3745691187082315,0.437127564478006,0.4841939462086496,0.3751729131975954,0.4758704699180197,0.3647281246421806,0.3518373282742754,0.3109944262958363,0.43145074276380885,0.45577790135463697,0.4204197039889065,0.43486093894562916,0.5078374920734243,0.40574116658316967,0.4372124069343538,0.4594711116353595,0.4466981331968303,0.37685523389002046,0.41595766739376877,0.414488463106301,0.44043460127453316,0.0,0.372381857309192,0.35116329731401535,0.37688080226844595,0.39693646089680984,0.33911015753451157,0.382003064025229,0.36859770384988333,0.2884085842376318,0.2794310026195272,0.3552050090739537,0.4431558285746324,0.35394990245534147,0.4521974675577689,0.5425270326698275,0.5045033035676963,0.0,0.0,0.0,0.0,0.0,0.0,0.0,0.4982522899920011,0.0,0.47847465520241667,0.0,0.45148479783756557,0.0,0.4474837585414837,0.5769277977638038,0.0,0.5185987136765834,0.0,0.39121513283554255,0.8564229611182013,0.0,0.5014186773151579,0.48631795022835067,0.5610283009882461,0.5084930088849738,0.3226936744720414,0.5667502822776666,0.0,0.5123742315456326,0.5087738116855826,0.49151110951774607,0.0,0.5253737195517685
0.46761344958302803,0.4553589440749151,0.47831692467893344,0.0,0.448123054132851,0.3804921431662986,0.46793218425400207,0.42543393951434916,0.4452903242768412,0.44081902320670446,0.0,0.5616435960017113,0.4420223602383392,0.0,0.45713591643029533,0.4532176597419246,0.0,0.44197954704430215,0.0,0.3659272304531206,0.4431052404874222,0.4286320710302639,0.43823108666732397,0.5253894086521397,0.4387907953488353,0.4358770145773238,0.4049222390524099,0.372381857309192,0.0,0.3692422314089026,0.4000992153333796,0.4248109934973916,0.34679903699270626,0.4354670545481419,0.4733282954353404,0.4445991313705066,0.45367926167118094,0.5042241613089727,0.49239989818744034,0.5155786528990521,0.5042622902399789,0.5315174087058085,0.5150741034303175,0.0,0.3629380229400957,0.0,0.4601756791653046,0.5806418679511264,0.0,0.0,0.4947276127127401,0.0,0.5007758170674197,0.0,0.0,0.0,0.4095855330113455,0.525586691687587,0.0,0.4891220906076121,0.0,0.0,0.0,0.0,0.49474576238161677,0.4810121335934042,0.48980139995313243,0.5119667150536948,0.2617035903295484,0.0,0.49638664238665425,0.5093921923446824,0.5058546879762137,0.4942546416296909,0.533095296435832,0.5063016116541423
0.0,0.0,0.519747420225035,0.0,0.0,0.4444587037476934,0.0,0.41636700628975065,0.49009730815457353,0.0,0.0,0.3753792215381355,0.4029132091492139,0.0,0.40789035966866727,0.45666857876944367,0.0,0.48411811921000314,0.614147362472908,0.35940387282424113,0.46796582404843956,0.4368676525412212,0.43547222147042747,0.0,0.0,0.5611272188558578,0.43604565398395073,0.35116329731401535,0.3692422314089026,0.0,0.370941939644823,0.3904800471009874,0.3144785497511388,0.42578313861911365,0.4552864686476925,0.0,0.0,0.0,0.5312600880538524,0.0,0.0,0.0,0.0,0.0,0.0,0.0,0.0,0.0,0.0,0.0,0.5569446178406711,0.0,0.5583880956177132,0.0,0.0,0.0,0.0,0.0,0.0,0.5964560044326602,0.0,0.0,0.0,0.0,0.5261939188966622,0.42339904532304007,0.0,0.5170730764253392,0.0,0.0,0.0,0.519315616711986,0.0,0.5142406411961629,0.0,0.0
0.38550081104029243,0.3820166749007787,0.5022661609920603,0.36976350678170605,0.4815612897976549,0.46047796156614484,0.4473964163750813,0.45977092361954697,0.5323915600327872,0.3601830744668692,0.5409112046969249,0.33744319266398876,0.4161841302431219,0.4106070134328518,0.4390515283299479,0.4018683890096987,0.38667731904589864,0.40210444478868335,0.5077934156501005,0.3958996765369671,0.42906963727772757,0.40286263368443703,0.4507780819357413,0.3540629668594423,0.38721213735427135,0.3980362227882406,0.4416546463280682,0.37688080226844595,0.4000992153333796,0.370941939644823,0.0,0.3891689096512877,0.3379690728208024,0.3073047894025027,0.31631007419829316,0.45987521619973115,0.4015678426065429,0.2964998052542033,0.4453429214603141,0.3351896291242852,0.4176006189957939,0.42494588782504567,0.46696913873942725,0.0,0.0,0.431615949972193,0.43574365545767124,0.0,0.0,0.0,0.5251207825848988,0.0,0.49106162746504767,0.0,0.4563930750942858,0.0,0.4610264802517632,0.0,0.0,0.5316396683761057,0.43349709724414337,0.4975536647427193,0.45170756460618405,0.0,0.4786405592746648,0.46370707314006193,0.46487309648385716,0.5373749552306682,0.4646593640925182,0.4386614746225698,0.4736543429711371,0.5258122847384424,0.0,0.49555780900983665,0.0,0.0
0.3891084334940358,0.3978838528899405,0.4538839688367398,0.292631535589356,0.376621376228827,0.4304043379583029,0.4222222509639046,0.2649476305760177,0.4710508955974096,0.29918003324242187,0.39583706891566317,0.260137711771929,0.4081375092374018,0.26446299731066286,0.43017503706536053,0.40605469717712916,0.41308690457781533,0.41647592001893524,0.45134727402702235,0.44300554861698,0.416282882249207,0.4316754055474227,0.41812921386084273,0.27293030276780034,0.38214305889972244,0.40736654153618285,0.4351648050058056,0.39693646089680984,0.4248109934973916,0.3904800471009874,0.3891689096512877,0.0,0.3050203986611762,0.3270915352906856,0.30599530569979094,0.2838177141226213,0.31313257246837045,0.24592362841588744,0.2567425224291277,0.2691611292792513,0.30036667743918516,0.3190905009051946,0.2937908516316787,0.36518231807992185,0.25732839770752003,0.42718481235615,0.4430621978334749,0.536016618463103,0.0,0.6331891357348769,0.4848377259254626,0.0,0.43916406055369017,0.5323605810498451,0.28151578680599615,0.46362860456413096,0.2426120491582162,0.45846620746213507,0.0,0.4946975969088202,0.42786611846479644,0.0,0.42840207577116873,0.5229825960288005,0.49115172633456533,0.46210395716389346,0.47338553200297684,0.5080488028208999,0.24256681762823612,0.4248767686853171,0.4609556924020194,0.4952032772267229,0.41156106810047605,0.48235880938303977,0.5055139340135631,0.5112752798921899
0.3542952365440697,0.34594568889102323,0.0,0.0,0.0,0.41519200679404394,0.42075899179542814,0.3563669083395689,0.0,0.3017490542420017,0.0,0.24473398563798432,0.39319792322814406,0.0,0.41326878126040695,0.3631831758457405,0.3687634086228084,0.3674375154072644,0.0,0.385936835568747,0.3818637732440708,0.3909662012374115,0.38399468010222865,0.2366050138229716,0.3305436981616758,0.3614996142352751,0.3649925323258801,0.33911015753451157,0.34679903699270626,0.3144785497511388,0.3379690728208024,0.3050203986611762,0.0,0.26094556248242934,0.3498832405769191,0.35672134030175656,0.3065344521484229,0.16528569911837876,0.2996503481371401,0.28047537714385534,0.29224344494440546,0.36695221273362044,0.3562376235289504,0.0,0.24656298221259546,0.4116570951054677,0.40208735188310396,0.0,0.0,0.0,0.44396036971660424,0.0,0.0,0.0,0.3524112813194923,0.0,0.36431216784230025,0.0,0.0,0.5123760336503039,0.39093738471429124,0.4350971563679321,0.41463098214109245,0.0,0.4463398451274638,0.5086503059417945,0.4590596830736234,0.4003338902062243,0.37911705288654984,0.4038254266853931,0.437293410910663,0.4446975965990059,0.0,0.4364510882070735,0.0,0.38576803082442124
0.3577395519759961,0.3804990196090693,0.49098965513291565,0.2771980716904435,0.4858307146122213,0.46247471084876945,0.4367372158453867,0.4819172060615897,0.5112440983172665,0.31064416601497036,0.5034961267536208,0.25586660178520887,0.4045771093721701,0.44379606387466214,0.430705413220929,0.4025479445840783,0.3732110421661113,0.3949221332643434,0.4958669775933617,0.43952875638292954,0.4118409208614844,0.42361748484403894,0.46028328551456005,0.23847653240866698,0.36405631353173273,0.3878563562163113,0.4547948136751501,0.382003064025229,0.4354670545481419,0.42578313861911365,0.3073047894025027,0.3270915352906856,0.26094556248242934,0.0,0.2302820813362559,0.3393971773402955,0.2623034864968347,0.22213271552626304,0.3146773922507748,0.29509415093802727,0.2828047658688037,0.31343452904065766,0.40740646928143254,0.0,0.28404406752917416,0.4157710853065694,0.4332026561702653,0.0,0.0,0.0,0.5160776726015421,0.0,0.5068369135463405,0.0,0.41350255296885885,0.0,0.37466464195645766,0.0,0.0,0.4990672857735196,0.4160304764428703,0.44563188557083494,0.4306928802258364,0.0,0.5036744395406291,0.4926835075284393,0.48107805758823535,0.5354399985585411,0.40586329409380023,0.4256046138212342,0.46229399971064944,0.5490941836124231,0.5180646429146166,0.5044310713915925,0.0,0.5385851777046137
0.3822076480179809,0.4214322293909702,0.50347024646072,0.31471358406718647,0.4947867876823877,0.492523089253134,0.4980855079888336,0.46389543502140385,0.4987015660826217,0.3094774449152004,0.5031078926255383,0.28853356051587936,0.4212697469718453,0.0,0.4782381011935399,0.4097666949786107,0.3661723788684777,0.39033921272983685,0.5021873495281273,0.4886101011047689,0.4666545204622556,0.4826829230025008,0.4658770322502297,0.2500011776142203,0.36197517516112715,0.424590534607738,0.4762983182331292,0.36859770384988333,0.4733282954353404,0.4552864686476925,0.31631007419829316,0.30599530569979094,0.3498832405769191,0.2302820813362559,0.0,0.4456488061039593,0.3404852685243943,0.28229073367287105,0.2973653587306774,0.3067223278165269,0.2894646380458261,0.34824715761074515,0.35970612402491914,0.0,0.29986427261297943,0.0,0.42817516929920846,0.0,0.0,0.0,0.5646929423735874,0.0,0.0,0.0,0.41384139522610575,0.0,0.2848032573083556,0.0,0.0,0.5267207883769581,0.0,0.0,0.0,0.0,0.5200853811965795,0.520601896563968,0.516076505833496,0.5353900778607947,0.263019647359769,0.4349407136320796,0.47867783039199097,0.5314147912248091,0.0,0.5327094780834795,0.0,0.0
0.0,0.0,0.43567090503273376,0.19618448795338086,0.2384803660269178,0.4449302272480515,0.3103808114658674,0.23089808472782267,0.4468271427318434,0.2922000756515546,0.3021899536428578,0.342832739505233,0.34495816638687476,0.21833365783510733,0.0,0.0,0.0,0.0,0.42111757683292705,0.5131789041890771,0.4524382938752791,0.5016622892364132,0.40268045126420127,0.3152543360407442,0.0,0.0,0.44032762858239766,0.2884085842376318,0.4445991313705066,0.0,0.45987521619973115,0.2838177141226213,0.35672134030175656,0.3393971773402955,0.4456488061039593,0.0,0.23251782101463073,0.3336955638068132,0.30667559862273036,0.0,0.3540155933106285,0.3201226916468496,0.3126112781506786,0.0,0.3324201246475627,0.0,0.0,0.48438603947344694,0.0,0.0,0.45891559085376193,0.48265420817489785,0.44555188456216216,0.4687844730993306,0.31649222946560734,0.4082161625076004,0.3046687271863082,0.48147906733485707,0.0,0.0,0.0,0.0,0.0,0.44041206298944147,0.5338272995072416,0.0,0.439192052371913,0.4963098464183941,0.39595013545147567,0.0,0.0,0.4904122370663883,0.49066442705548285,0.4768036482833549,0.39257871352306994,0.541093615559416
0.0,0.0,0.47332286923105954,0.18511422584976844,0.23482210361179998,0.44654288188027996,0.311246014695828,0.31721959077603634,0.4634481378749599,0.21206512120144266,0.451604228683049,0.28164177197924695,0.3278901330769972,0.1915281292481933,0.0,0.0,0.0,0.0,0.46691577187242556,0.5115245885883999,0.0,0.0,0.4421124459919719,0.2212217975620712,0.0,0.0,0.4473682879376568,0.2794310026195272,0.45367926167118094,0.0,0.4015678426065429,0.31313257246837045,0.3065344521484229,0.2623034864968347,0.3404852685243943,0.23251782101463073,0.0,0.2794532852553718,0.2669143340966208,0.0,0.2880851123789051,0.3170836449833258,0.0,0.0,0.23924926599631555,0.0,0.0,0.0,0.0,0.0,0.0,0.0,0.0,0.0,0.0,0.0,0.23521211432885814,0.0,0.0,0.0,0.0,0.0,0.0,0.0,0.0,0.0,0.0,0.0,0.0,0.0,0.0,0.0,0.0,0.0,0.0,0.0
0.0,0.0,0.0,0.27849665164028353,0.45504100969569994,0.49175440279127136,0.3881503191865776,0.0,0.4799730660595822,0.28612100574944505,0.4655799328177463,0.22138270931773482,0.37649146029899017,0.0,0.0,0.6949631563110541,0.34037428983692897,0.3559022709993425,0.5184538860576509,0.0,0.0,0.49012899016174566,0.5245638566048852,0.2193988353253038,0.31231840539869665,0.31642576501242986,0.4840560069404983,0.3552050090739537,0.5042241613089727,0.0,0.2964998052542033,0.24592362841588744,0.16528569911837876,0.22213271552626304,0.28229073367287105,0.3336955638068132,0.2794532852553718,0.0,0.2582348153478325,0.2660320013283854,0.2622492532954907,0.2665547857181864,0.3013453981694162,0.0,0.28258954858488067,0.0,0.0,0.0,0.0,0.0,0.0,0.0,0.0,0.0,0.34724485564614516,0.0,0.296064073225473,0.0,0.0,0.0,0.0,0.35667832758263274,0.40995224007046577,0.0,0.0,0.0,0.3357585853237657,0.4832899470228446,0.3191551878244962,0.421005098171296,0.44621568345569956,0.0,0.0,0.0,0.0,0.0
