0.0,0.2658472239480245,0.0,0.0,0.0,0.0,0.0,0.3433835137035262,0.0,0.26151357008942194,0.0,0.25775200380248153,0.0,0.0,0.28174772496258704,0.25688101611659486,0.23396052622784483,0.22809049267782672,0.0,0.3395478529283655,0.29166837286951247,0.31110284138312755,0.32479783387118083,0.2553286475799999,0.2392934698688026,0.25138050146010793,0.3182913060548814,0.0,0.0,0.0,0.23969332101459687,0.27495979665763426,0.24125414493083341,0.25270646890776743,0.2751621209332221,0.0,0.0,0.0,0.3182487055745032,0.2845541260475715,0.28940543097957977,0.0,0.0,0.0,0.0,0.2330073590886274,0.3264108524519001,0.0,0.0,0.0,0.3793733744367637,0.0,0.3037665978764712,0.0,0.32440414136441814,0.0,0.0,0.0,0.0,0.29877967041801096,0.3086943032739633,0.0,0.28665159777963745,0.0,0.2885179125549986,0.21204075360681504,0.3244339829473255,0.30896446952296835,0.2558226100232259,0.30066048231434184,0.31154746111997816,0.3334234718199256,0.0,0.0,0.0,0.31128835890775497
0.2658472239480245,0.0,0.0,0.0,0.3054664536102252,0.2936659634158691,0.3031844987419845,0.0,0.28783971202023756,0.0,0.0,0.0,0.308370097355358,0.0,0.30292374044248455,0.2609797511202819,0.3171751568169747,0.261232679522141,0.0,0.28098263178095106,0.28369096287921325,0.25922433648476834,0.2952044528601769,0.0,0.2446862880583586,0.2688201779021323,0.2909766998670734,0.3014604367924965,0.2950388149290514,0.0,0.2623873880762646,0.2890105436071342,0.2532167104487388,0.2703770536668223,0.2923369219250852,0.4601480555540799,0.0,0.0,0.3183434825440197,0.2878587621464437,0.2990400658299039,0.3234800693240512,0.0,0.0,0.0,0.30228717666447436,0.32580045991581696,0.0,0.0,0.0,0.337634137678969,0.0,0.0,0.0,0.3468678844057506,0.0,0.0,0.0,0.0,0.34994734941441374,0.3070055933350667,0.0,0.28444892263453175,0.0,0.3216558931717759,0.3287670154845434,0.33642090630882926,0.3509708830803532,0.25719961127279284,0.304140786346244,0.32682952504447665,0.334866893220739,0.0,0.33987550851124687,0.0,0.30160209122295034
0.0,0.0,0.0,0.31713853843946,0.2960250903052005,0.30458222764356313,0.31410492849562954,0.3665137906284458,0.237858943158459,0.32090202625574926,0.2781706869691914,0.0,0.31774743588063425,0.3380906942802383,0.0,0.0,0.0,0.0,0.23670331224283478,0.31929176942055504,0.0,0.28736478184437475,0.28339730072672087,0.0,0.0,0.0,0.2579379725200579,0.3230023114395285,0.3168902697692293,0.3521403894923817,0.3303817389586188,0.30793887327814784,0.2998210478022845,0.33147090676601365,0.324728067887665,0.3083207817940876,0.3236876978896543,0.0,0.40123930787962536,0.0,0.4552361417647813,0.0,0.38847627466596024,0.0,0.0,0.0,0.0,0.35229289172291206,0.0,0.0,0.4034407556186374,0.4241620922084645,0.4116469996115965,0.41637491292756146,0.0,0.38029050686052146,0.0,0.4149478504001872,0.3822998376664307,0.0,0.0,0.0,0.0,0.36834402717539966,0.0,0.0,0.0,0.4297006947197689,0.0,0.0,0.0,0.402517208112107,0.4271690720550208,0.47557996412996567,0.0,0.47719391203632955
0.0,0.0,0.31713853843946,0.0,0.1796251557798273,0.28724919026171786,0.18439065844782548,0.20867715826007743,0.2930326615130516,0.0,0.268518268127819,0.0,0.19520207578089938,0.16108750861660948,0.0,0.0,0.0,0.0,0.3065267859526573,0.2920907187013775,0.0,0.0,0.2832068837840799,0.0,0.0,0.0,0.28944669372698784,0.1954018087746933,0.31905165817837194,0.2607096934310877,0.26911465323889366,0.19996458113007282,0.21216713918893182,0.1848366060690148,0.16225934782429216,0.13853255233438916,0.12162374325599824,0.0,0.18421855273447982,0.0,0.0,0.0,0.0,0.0,0.0,0.0,0.0,0.0,0.0,0.0,0.0,0.0,0.0,0.0,0.0,0.0,0.0,0.0,0.0,0.0,0.0,0.0,0.0,0.0,0.0,0.0,0.0,0.0,0.0,0.0,0.0,0.0,0.0,0.0,0.0,0.0
0.0,0.3054664536102252,0.2960250903052005,0.1796251557798273,0.0,0.28344508538939334,0.25248064974954804,0.327597724711704,0.25219919854171374,0.29983038740285917,0.25898764446883543,0.2877823580488449,0.2683085988763293,0.26227437162367667,0.0,0.31612205271426724,0.35428496429561496,0.3279351456303921,0.296041667164202,0.2856365211519083,0.0,0.3090454562463883,0.30503086422573455,0.0,0.2876415879439482,0.0,0.29896120259122194,0.2879756292243367,0.2925673674483618,0.0,0.3282643212323118,0.31864393823558146,0.2901936163955135,0.32320935964672287,0.24368488209430939,0.21057274159904468,0.21692546932618798,0.2592402368982972,0.0,0.0,0.0,0.0,0.3419649926366833,0.0,0.0,0.0,0.0,0.0,0.0,0.0,0.0,0.0,0.0,0.0,0.0,0.0,0.0,0.0,0.0,0.0,0.0,0.0,0.0,0.0,0.0,0.0,0.0,0.38873077435743153,0.0,0.0,0.0,0.3922535582558975,0.0,0.0,0.0,0.0
0.0,0.2936659634158691,0.30458222764356313,0.28724919026171786,0.28344508538939334,0.0,0.2907729584094779,0.31217105206099677,0.23328685738233365,0.31029265033659925,0.29301457040429446,0.0,0.2716931330778883,0.28595230207504146,0.2975235755979143,0.2967431543256964,0.0,0.29299443062359515,0.2800217836212696,0.29366652122046094,0.0,0.2995321307821506,0.29510287034999083,0.0,0.2782684699088355,0.2961586498230692,0.27939763722286537,0.2730917694934329,0.24505030965206515,0.3023863282186919,0.3060484628161257,0.2924645041296825,0.27447621068252887,0.3140952611940341,0.3100522259231629,0.3230070940017324,0.3027901117276704,0.0,0.3774819590481069,0.0,0.3922836674223548,0.0,0.3598705403715889,0.0,0.0,0.0,0.3790611659328795,0.40462552463568296,0.0,0.0,0.3803457087044996,0.0,0.3606826725369178,0.4054783150848285,0.0,0.0,0.0,0.0,0.0,0.35451377513823473,0.0,0.0,0.0,0.39937860932049685,0.0,0.0,0.3479305128763833,0.38825986589156786,0.0,0.0,0.35269226999187564,0.3824592983109496,0.3716985944329028,0.35402923493137417,0.0,0.0
0.0,0.3031844987419845,0.31410492849562954,0.18439065844782548,0.25248064974954804,0.2907729584094779,0.0,0.25775093233237,0.28246569800844445,0.27357160779015455,0.3288450881474156,0.2615111224365831,0.23528086489277006,0.2372290337176983,0.0,0.32030036822950214,0.0,0.3152875710674636,0.3343538787624687,0.31514909085403336,0.0,0.3228380343983873,0.30293135604804095,0.24559920052106313,0.30106777313304794,0.3024004081521351,0.306271351007023,0.25847669087894487,0.30309627910048753,0.0,0.28985254185141746,0.28389845654305673,0.2867720944524944,0.2860822221595902,0.2436972015677935,0.21095526671478118,0.21070414543382576,0.23563159914955276,0.0,0.0,0.0,0.0,0.0,0.0,0.0,0.0,0.0,0.0,0.0,0.0,0.0,0.0,0.0,0.0,0.0,0.0,0.0,0.0,0.0,0.0,0.0,0.0,0.0,0.0,0.0,0.0,0.0,0.0,0.0,0.0,0.0,0.0,0.0,0.0,0.0,0.0
0.3433835137035262,0.0,0.3665137906284458,0.20867715826007743,0.327597724711704,0.31217105206099677,0.25775093233237,0.0,0.3509051077655438,0.32756839794763504,0.24027153518479696,0.0,0.29877421127378356,0.25789057621040823,0.0,0.0,0.0,0.31113703988426183,0.3323903655514849,0.3123594013443471,0.2906966641905676,0.0,0.27032228117991147,0.33811227633294344,0.2891190835381643,0.3138015461332046,0.326146100698942,0.3018802063894326,0.2721382273422931,0.304839753735208,0.3302090965149721,0.26520788874840273,0.31251155946369474,0.32623440630661465,0.2693536896701373,0.1884734095942428,0.2543317627603264,0.0,0.346949978412412,0.0,0.36393003008120633,0.0,0.3401440272096674,0.0,0.0,0.0,0.0,0.40116329850205196,0.0,0.0,0.3523848902369421,0.37306184818012383,0.28736693006512837,0.39804156350094666,0.0,0.3505689650181022,0.0,0.3556029980259989,0.31877501222985644,0.3503276474799045,0.0,0.0,0.0,0.39432185743628073,0.3399699392942388,0.2897363619620695,0.32013218359944406,0.3672690552977141,0.0,0.0,0.39786110343045394,0.3705722332257935,0.3508223696782937,0.333675919871095,0.0,0.38246907354449267
0.0,0.28783971202023756,0.237858943158459,0.2930326615130516,0.25219919854171374,0.23328685738233365,0.28246569800844445,0.3509051077655438,0.0,0.3304490828809249,0.22608469416432295,0.0,0.29311325299997687,0.29185431144610213,0.0,0.30462930326232585,0.0,0.0,0.20119606925431252,0.28155273689174387,0.0,0.2951308475881222,0.3025114817136263,0.0,0.3025435291778788,0.0,0.26957529643293876,0.3164634712660916,0.29046729588440817,0.33022840400592157,0.33600344372119617,0.3077946289495629,0.29481834637136356,0.3294811037405071,0.30416687290988553,0.31151847997141263,0.308771848159228,0.3123069859727187,0.3704064717950212,0.0,0.0,0.0,0.35947608064174724,0.0,0.0,0.0,0.0,0.3999786998292121,0.0,0.0,0.38483385838616535,0.0,0.39588217919675056,0.422967963286445,0.0,0.3857872938553171,0.0,0.427817673049195,0.4124832697475396,0.0,0.0,0.0,0.0,0.4058391835501573,0.0,0.0,0.0,0.4040742418051929,0.0,0.0,0.0,0.4014277108639296,0.42681725322226516,0.42641730233156655,0.0,0.0
0.26151357008942194,0.0,0.32090202625574926,0.0,0.29983038740285917,0.31029265033659925,0.27357160779015455,0.32756839794763504,0.3304490828809249,0.0,0.3317514306608768,0.18891971358762613,0.27331565921514084,0.30377135321804205,0.0,0.23368948133529213,0.20325912353090098,0.21823623898325506,0.33857689534419255,0.3452125064339623,0.26727659729551867,0.2956128187728781,0.3100460937153491,0.2090444470470011,0.22652266378528307,0.23132420288893568,0.313324184606796,0.2584466668933321,0.3276615751732491,0.0,0.21978856148393147,0.24369480199658905,0.18383779619959478,0.19541719106232786,0.204352187619945,0.2639242258378743,0.1642981796514308,0.15086314977262147,0.20902262072340036,0.2352982028535377,0.25462783339334444,0.0,0.0,0.0,0.2178389878488791,0.0,0.0,0.0,0.0,0.0,0.0,0.0,0.0,0.0,0.3213765177630718,0.0,0.32403941410602305,0.28991863261702566,0.0,0.0,0.0,0.2824417231800524,0.2644992055998977,0.0,0.0,0.0,0.0,0.0,0.31399032119325826,0.2874810662806922,0.3129370812621359,0.0,0.2913100676990044,0.0,0.0,0.28573378017652196
0.0,0.0,0.2781706869691914,0.268518268127819,0.25898764446883543,0.29301457040429446,0.3288450881474156,0.24027153518479696,0.22608469416432295,0.3317514306608768,0.0,0.0,0.3288033619081839,0.2620631160076482,0.0,0.0,0.39241152351506775,0.0,0.24046702360525024,0.0,0.0,0.0,0.2625483761892079,0.3348537072698363,0.0,0.0,0.29270880980146524,0.3295535093531421,0.0,0.0,0.3500093651736439,0.3178348149986968,0.33945259492962276,0.33889612982215006,0.30773176146965175,0.25054549612918214,0.3022792959554648,0.31738841681377267,0.31848201613248334,0.0,0.0,0.0,0.3046998688779662,0.0,0.0,0.0,0.0,0.3695313354830578,0.0,0.0,0.3646160830425063,0.0,0.35448302425043776,0.0,0.0,0.30534317459939603,0.0,0.0,0.32462417555431283,0.0,0.0,0.0,0.0,0.3402341034232257,0.0,0.0,0.0,0.3795751990343298,0.0,0.0,0.0,0.35286597910334977,0.38449960855014303,0.3215313044665704,0.0,0.0
0.25775200380248153,0.0,0.0,0.0,0.2877823580488449,0.0,0.2615111224365831,0.0,0.0,0.18891971358762613,0.0,0.0,0.2688134666705769,0.0,0.0,0.0,0.24271254287762895,0.2450453566350646,0.0,0.0,0.0,0.0,0.0,0.206201927963285,0.23694461704492834,0.234371658120394,0.0,0.23906663466941913,0.0,0.0,0.21463157418013623,0.2102210176781034,0.2107281956866925,0.15058264333445043,0.171355285061807,0.27067019342383875,0.18399274837822566,0.13267061784771544,0.19919223446028486,0.25524262044953416,0.2338628449413865,0.0,0.0,0.0,0.25453418154795227,0.0,0.0,0.0,0.0,0.0,0.0,0.0,0.0,0.0,0.3250291564723703,0.0,0.32817225896662455,0.0,0.0,0.0,0.0,0.29276167897234917,0.27802388321071586,0.0,0.0,0.0,0.0,0.0,0.3113515094276133,0.2996850042340423,0.3161712571423993,0.0,0.0,0.0,0.0,0.2874889639138011
0.0,0.308370097355358,0.31774743588063425,0.19520207578089938,0.2683085988763293,0.2716931330778883,0.23528086489277006,0.29877421127378356,0.29311325299997687,0.27331565921514084,0.3288033619081839,0.2688134666705769,0.0,0.25071867403229353,0.32039473143135155,0.3232112828380573,0.2921223761525118,0.3032649980272887,0.32832931965390894,0.31630852268427556,0.0,0.3252140686102949,0.30475733289525153,0.27711284734757125,0.3053676846303677,0.29201186710544946,0.3055284790752958,0.2328582156670655,0.2889494468576077,0.0,0.27809776107814965,0.28488830823435746,0.27938146201761205,0.28056855239552825,0.2651119597958533,0.22930597657537266,0.22949046281658106,0.23949564132767295,0.24895581307771023,0.0,0.0,0.0,0.35595779506397723,0.0,0.0,0.0,0.0,0.0,0.0,0.0,0.0,0.0,0.34445303562959256,0.0,0.0,0.0,0.0,0.0,0.0,0.0,0.0,0.0,0.0,0.0,0.0,0.0,0.0,0.37015715590179027,0.0,0.0,0.0,0.3653067458764822,0.0,0.0,0.0,0.0
0.0,0.0,0.3380906942802383,0.16108750861660948,0.26227437162367667,0.28595230207504146,0.2372290337176983,0.25789057621040823,0.29185431144610213,0.30377135321804205,0.2620631160076482,0.0,0.25071867403229353,0.0,0.0,0.0,0.0,0.0,0.2954785704211416,0.0,0.0,0.0,0.3004921733313058,0.0,0.0,0.0,0.313595049233633,0.1842411123543055,0.0,0.0,0.2715102042727545,0.19399150513920888,0.0,0.29428798294746,0.0,0.16993834480928896,0.12380346771616861,0.0,0.25966448598015274,0.0,0.0,0.0,0.3010137607457801,0.0,0.0,0.0,0.0,0.3784487957985186,0.0,0.0,0.0,0.0,0.0,0.36165538357190713,0.0,0.3568625383705554,0.0,0.0,0.0,0.0,0.0,0.0,0.0,0.0,0.0,0.0,0.0,0.35804714206853117,0.0,0.0,0.0,0.3655773139427221,0.0,0.0,0.0,0.0
0.28174772496258704,0.30292374044248455,0.0,0.0,0.0,0.2975235755979143,0.0,0.0,0.0,0.0,0.0,0.0,0.32039473143135155,0.0,0.0,0.2916677751278221,0.0,0.2779170911818466,0.0,0.2284232949534883,0.2797453133719104,0.2529870918461243,0.26460902634394345,0.32608350801432817,0.2650239258914602,0.28194511483037277,0.27810739348891284,0.3171693341977761,0.2884162308434612,0.0,0.30560143168094156,0.3229474152787836,0.3013757883851718,0.3136471142360242,0.3450299894839423,0.3632039628496261,0.0,0.0,0.3381476945930922,0.31000124499369225,0.3493636173320985,0.3853067046248552,0.29907155708128697,0.0,0.0,0.23924830688622487,0.35479006630725946,0.0,0.0,0.0,0.32381162954349924,0.0,0.32581882767652715,0.0,0.0,0.0,0.0,0.0,0.0,0.3580047678095312,0.34621383381199267,0.0,0.0,0.0,0.3506152628096404,0.3308770734451115,0.37029053930060224,0.34936519207955036,0.0,0.35273062243459274,0.3664021885904768,0.35216468393312167,0.3718007899611628,0.3425490076488695,0.0,0.0
0.25688101611659486,0.2609797511202819,0.0,0.0,0.31612205271426724,0.2967431543256964,0.32030036822950214,0.0,0.30462930326232585,0.23368948133529213,0.0,0.0,0.3232112828380573,0.0,0.2916677751278221,0.0,0.23700972444981902,0.149928489224047,0.0,0.2818972125255694,0.28039579939272385,0.21798488621818984,0.2918866125693618,0.20022651818087098,0.17497550104873888,0.28322289435192166,0.2887361663548669,0.30846625019801954,0.3028493381352182,0.29601606703945016,0.23445593746976687,0.2588849832756291,0.2332933801947285,0.25440243118001477,0.2679536134120788,0.0,0.0,0.0,0.32056185718819424,0.24889913123856303,0.29040004367932853,0.3255024054768712,0.0,0.0,0.0,0.29349473116006264,0.31224305832074234,0.0,0.0,0.0,0.0,0.0,0.0,0.0,0.36069610751036996,0.0,0.0,0.0,0.0,0.34961188239200663,0.2868017833799785,0.3915113406044954,0.24506107196735677,0.0,0.0,0.0,0.31357207500889006,0.0,0.28508550872763017,0.2707101141709092,0.3092210783517893,0.0,0.0,0.0,0.0,0.30205022207104315
0.23396052622784483,0.3171751568169747,0.0,0.0,0.35428496429561496,0.0,0.0,0.0,0.0,0.20325912353090098,0.39241152351506775,0.24271254287762895,0.2921223761525118,0.0,0.0,0.23700972444981902,0.0,0.16246017882433506,0.0,0.30115536736822346,0.2974473759603506,0.2931568266553825,0.0,0.2542066192144932,0.20213019020901982,0.23782144629961427,0.0,0.22366079673988618,0.34017079531693595,0.0,0.22223950071449466,0.28187819672486814,0.22316842764401595,0.23738966145047272,0.24652534106973578,0.2769945772405019,0.0,0.20910202218085547,0.0,0.247577971535512,0.31440443994892076,0.0,0.0,0.0,0.0,0.0,0.0,0.0,0.0,0.0,0.0,0.0,0.0,0.0,0.323131973069152,0.0,0.321994590181287,0.0,0.0,0.0,0.0,0.29756645822567096,0.27806755110200937,0.0,0.0,0.0,0.0,0.0,0.3090853558722571,0.28842490300595347,0.3078656052954674,0.0,0.0,0.0,0.0,0.0
0.22809049267782672,0.261232679522141,0.0,0.0,0.3279351456303921,0.29299443062359515,0.3152875710674636,0.31113703988426183,0.0,0.21823623898325506,0.0,0.2450453566350646,0.3032649980272887,0.0,0.2779170911818466,0.149928489224047,0.16246017882433506,0.0,0.0,0.2817941025410878,0.24902153321471385,0.2735476902133004,0.2922086654513479,0.234215673528733,0.16370790002977795,0.23881244868456958,0.28849717101753736,0.2828986472695993,0.2969666646807037,0.0,0.22128483723635647,0.27661844086237075,0.21413490925766485,0.2407328137863826,0.25636985627725933,0.0,0.0,0.22437717174055935,0.2855277647857154,0.21495912467023076,0.2676318459958224,0.2757032304429909,0.0,0.0,0.0,0.2739492367989696,0.30225062199748026,0.0,0.0,0.0,0.0,0.0,0.0,0.0,0.3110313310163596,0.0,0.31289358847486554,0.0,0.0,0.0,0.26932040974619953,0.2747149042268966,0.27004397207766134,0.0,0.0,0.0,0.29127882721445614,0.0,0.2963143716135906,0.2782150230941412,0.29895611959760515,0.0,0.0,0.0,0.0,0.29219048654978885
0.0,0.0,0.23670331224283478,0.3065267859526573,0.296041667164202,0.2800217836212696,0.3343538787624687,0.3323903655514849,0.20119606925431252,0.33857689534419255,0.24046702360525024,0.0,0.32832931965390894,0.2954785704211416,0.0,0.0,0.0,0.0,0.0,0.0,0.0,0.0,0.25426879207259373,0.0,0.0,0.0,0.26610940615395845,0.3333229244293654,0.0,0.0,0.33216384701596247,0.31027780718148584,0.0,0.3265861111764036,0.3049632644443808,0.2970694171397529,0.3166124389900484,0.0,0.381399444996973,0.0,0.0,0.0,0.3639620849022136,0.0,0.0,0.0,0.0,0.3980103816534951,0.0,0.0,0.39103363199325053,0.0,0.39619400739808724,0.40091275256181974,0.0,0.36969185320505377,0.0,0.0,0.37113377320317403,0.0,0.0,0.0,0.0,0.40432161723414217,0.0,0.0,0.0,0.39923626593638045,0.0,0.0,0.0,0.39354382360677465,0.4688391374018419,0.38867896176598205,0.0,0.0
0.3395478529283655,0.28098263178095106,0.31929176942055504,0.2920907187013775,0.2856365211519083,0.29366652122046094,0.31514909085403336,0.3123594013443471,0.28155273689174387,0.3452125064339623,0.0,0.0,0.31630852268427556,0.0,0.2284232949534883,0.2818972125255694,0.30115536736822346,0.2817941025410878,0.0,0.0,0.3132814254678389,0.24789388199244355,0.20120384613233414,0.0,0.2784511555248285,0.3228310227397086,0.25422011244710796,0.28000707998165464,0.2482887848267952,0.2454150082514923,0.2713423357780775,0.31839839959053434,0.27335675434704426,0.3167650404537189,0.3294518411892069,0.3649446401510289,0.32018787119492087,0.3329190980054997,0.32516708275615014,0.34346955864726086,0.3656930158250818,0.3755254638657201,0.39108173496470083,0.0,0.0,0.0,0.3221035672459162,0.0,0.0,0.0,0.3688797863222232,0.0,0.3571768957672854,0.0,0.0,0.0,0.0,0.40373070588355586,0.0,0.34520308982393233,0.0,0.0,0.0,0.0,0.3501823546695654,0.3401012976436097,0.3497253642659246,0.35350826221469706,0.0,0.0,0.33621487712671333,0.3568621034669921,0.35946044558190315,0.3441081865699715,0.44313877289845544,0.376800023136571
0.29166837286951247,0.28369096287921325,0.0,0.0,0.0,0.0,0.0,0.2906966641905676,0.0,0.26727659729551867,0.0,0.0,0.0,0.0,0.2797453133719104,0.28039579939272385,0.2974473759603506,0.24902153321471385,0.0,0.3132814254678389,0.0,0.3037332745075222,0.28428278545271324,0.31054250271971906,0.2568512750168738,0.28039496730998886,0.3013994616433181,0.31223106601041845,0.29094520832301535,0.0,0.26813456638456085,0.2979701061492503,0.27245276369235377,0.28289946764772006,0.3035746198173425,0.0,0.0,0.0,0.33605879593122223,0.30165833150730503,0.0,0.3604194043845056,0.0,0.0,0.0,0.2950817792337072,0.34058217578567046,0.0,0.0,0.0,0.31389035100957435,0.0,0.29758847366495556,0.0,0.0,0.0,0.0,0.0,0.0,0.3363854958705697,0.3295773929572627,0.0,0.3518041015126177,0.0,0.3337052556587801,0.2484001685589057,0.35403297515321214,0.3283616088408744,0.0,0.33302742751118336,0.34667653584582014,0.3388160366544208,0.3489982857763979,0.32355768194179896,0.0,0.0
0.31110284138312755,0.25922433648476834,0.28736478184437475,0.0,0.3090454562463883,0.2995321307821506,0.3228380343983873,0.0,0.2951308475881222,0.2956128187728781,0.0,0.0,0.3252140686102949,0.0,0.2529870918461243,0.21798488621818984,0.2931568266553825,0.2735476902133004,0.0,0.24789388199244355,0.3037332745075222,0.0,0.3152535450595089,0.0,0.2575987300277822,0.29198523470611726,0.2947857612778405,0.2993100155179049,0.2798066231926363,0.278101509413713,0.2734585107371714,0.32237665089848294,0.2708233363159926,0.3017427674825004,0.33621603708405573,0.3827388612760484,0.3330377597651467,0.45279625736930496,0.3131382681790006,0.2887009602681611,0.3307323565665213,0.3605762526742532,0.3330476503797529,0.0,0.0,0.0,0.319221186162954,0.0,0.0,0.0,0.3146341832040829,0.0,0.3551521080665409,0.0,0.0,0.0,0.0,0.0,0.0,0.3595234146511461,0.29818324987173583,0.0,0.0,0.0,0.3490343396754738,0.3448203749429006,0.35568246546174953,0.35307120698163824,0.0,0.296148804583908,0.34151364665678924,0.34563105196740684,0.4029174716372627,0.3396339358680679,0.0,0.0
0.32479783387118083,0.2952044528601769,0.28339730072672087,0.2832068837840799,0.30503086422573455,0.29510287034999083,0.30293135604804095,0.27032228117991147,0.3025114817136263,0.3100460937153491,0.2625483761892079,0.0,0.30475733289525153,0.3004921733313058,0.26460902634394345,0.2918866125693618,0.0,0.2922086654513479,0.25426879207259373,0.20120384613233414,0.28428278545271324,0.3152535450595089,0.0,0.32953609946822593,0.286246296190517,0.3159699559452954,0.22836517573805928,0.3036462923241648,0.27665495835462434,0.29392412064603135,0.30977310397759444,0.2959037331503453,0.27835111851570715,0.3206984449060483,0.3143630186729817,0.3120279197501234,0.2998518250872625,0.0,0.3696368812475391,0.3051712559122737,0.3966199614082371,0.3790573111414294,0.3763402435272619,0.42244660585881444,0.0,0.0,0.34850294250164526,0.4061403564432995,0.0,0.0,0.37966939798364896,0.37998114227364344,0.35620084108308603,0.4150357831847372,0.0,0.392783550010324,0.0,0.37683314584256833,0.35815133398409216,0.34789833517408414,0.0,0.0,0.0,0.39280664962948086,0.35683977772355546,0.3294307212975821,0.3506070995465413,0.38057341520999505,0.0,0.4176705423014399,0.3472861471974671,0.37536302638717634,0.37263277868001654,0.35591027624904675,0.378776991667922,0.3869206377419765
0.2553286475799999,0.0,0.0,0.0,0.0,0.0,0.24559920052106313,0.33811227633294344,0.0,0.2090444470470011,0.3348537072698363,0.206201927963285,0.27711284734757125,0.0,0.32608350801432817,0.20022651818087098,0.2542066192144932,0.234215673528733,0.0,0.0,0.31054250271971906,0.0,0.32953609946822593,0.0,0.2509920571012222,0.24681956243938463,0.0,0.26228666524010713,0.0,0.0,0.2128908725172144,0.23076712169311592,0.17123302849796543,0.15801362675135364,0.19887278943141937,0.0,0.0,0.16151993817882743,0.0,0.21991636522734867,0.2547704234496526,0.0,0.0,0.0,0.17286426400793306,0.24276637330968398,0.0,0.0,0.0,0.0,0.0,0.0,0.0,0.0,0.3213103493734184,0.0,0.31088306395391613,0.2636328831749937,0.0,0.0,0.0,0.324423095174787,0.3097191267673335,0.0,0.0,0.0,0.0,0.0,0.34437910504875885,0.32523830717841895,0.3346982648610975,0.0,0.23154336268914733,0.0,0.0,0.26605031708420673
0.2392934698688026,0.2446862880583586,0.0,0.0,0.2876415879439482,0.2782684699088355,0.30106777313304794,0.2891190835381643,0.3025435291778788,0.22652266378528307,0.0,0.23694461704492834,0.3053676846303677,0.0,0.2650239258914602,0.17497550104873888,0.20213019020901982,0.16370790002977795,0.0,0.2784511555248285,0.2568512750168738,0.2575987300277822,0.286246296190517,0.2509920571012222,0.0,0.2377891395868075,0.27699987891002553,0.28400174518725024,0.29191658858189107,0.0,0.24192427556429522,0.27043800033946896,0.22299776049339048,0.24769140395119493,0.2567158607577024,0.0,0.0,0.20781652994170333,0.31241927668413827,0.2556512578835131,0.289586065567342,0.3079495151002831,0.0,0.0,0.3309510164891338,0.277244912496713,0.3172927618554957,0.0,0.0,0.0,0.0,0.0,0.0,0.0,0.32388059058482105,0.0,0.3286371261598834,0.0,0.0,0.0,0.28192654161971564,0.29624120461454123,0.27966359774229577,0.0,0.0,0.3321453569189175,0.29543307273360986,0.0,0.30800949759475543,0.2889553552436944,0.30689168808936856,0.0,0.0,0.0,0.0,0.295171014095239
0.25138050146010793,0.2688201779021323,0.0,0.0,0.0,0.2961586498230692,0.3024004081521351,0.3138015461332046,0.0,0.23132420288893568,0.0,0.234371658120394,0.29201186710544946,0.0,0.28194511483037277,0.28322289435192166,0.23782144629961427,0.23881244868456958,0.0,0.3228310227397086,0.28039496730998886,0.29198523470611726,0.3159699559452954,0.24681956243938463,0.2377891395868075,0.0,0.3183287069657647,0.28003948331537876,0.30306321213107773,0.0,0.2590703730984342,0.2954557325698904,0.24384359461628072,0.2645564561763725,0.2873278462550172,0.31124467246219145,0.0,0.2191076178836829,0.3235499320544797,0.2743117247462861,0.3023677016817615,0.3285380922809435,0.0,0.0,0.2955312773849623,0.29556844726838155,0.3399844540265772,0.0,0.0,0.0,0.33996972271162174,0.0,0.0,0.0,0.3284522965121305,0.0,0.33033654511061317,0.0,0.0,0.3727990361957092,0.3117756609201775,0.3078641792062064,0.29426656187332045,0.0,0.34041500926736756,0.3510842658667059,0.3579027803553863,0.34849827708052666,0.3161813041436801,0.30364193959536917,0.3305838199174526,0.34359234812440237,0.0,0.33134770746084014,0.0,0.3072041945921124
0.3182913060548814,0.2909766998670734,0.2579379725200579,0.28944669372698784,0.29896120259122194,0.27939763722286537,0.306271351007023,0.326146100698942,0.26957529643293876,0.313324184606796,0.29270880980146524,0.0,0.3055284790752958,0.313595049233633,0.27810739348891284,0.2887361663548669,0.0,0.28849717101753736,0.26610940615395845,0.25422011244710796,0.3013994616433181,0.2947857612778405,0.22836517573805928,0.0,0.27699987891002553,0.3183287069657647,0.0,0.2987371141754212,0.2585026086141513,0.27997625258500947,0.2921382022843839,0.2961973138972743,0.26256285207437924,0.3129924512658346,0.31210229148906626,0.3251605441280101,0.3051596284843034,0.0,0.35981893335044235,0.32388970354878777,0.3734955004327141,0.37535394286495094,0.3523720714200889,0.0,0.0,0.0,0.3646373955381859,0.4029322738242602,0.0,0.0,0.3747688439762552,0.37654380556879224,0.3576464119911621,0.40123631863985226,0.0,0.38712236292636354,0.0,0.37039861294631343,0.4003248435492973,0.34231237009166393,0.0,0.0,0.0,0.399590901265889,0.34798872694554206,0.33482414048939757,0.34278680099134,0.37395360749269346,0.0,0.0,0.34938181650334144,0.3656190561496141,0.36196272120660694,0.3493790209517666,0.3734916104066623,0.3751013345003124
0.0,0.3014604367924965,0.3230023114395285,0.1954018087746933,0.2879756292243367,0.2730917694934329,0.25847669087894487,0.3018802063894326,0.3164634712660916,0.2584466668933321,0.3295535093531421,0.23906663466941913,0.2328582156670655,0.1842411123543055,0.3171693341977761,0.30846625019801954,0.22366079673988618,0.2828986472695993,0.3333229244293654,0.28000707998165464,0.31223106601041845,0.2993100155179049,0.3036462923241648,0.26228666524010713,0.28400174518725024,0.28003948331537876,0.2987371141754212,0.0,0.245110696609167,0.1934224060774981,0.2625630228925953,0.2702996989732351,0.2479833953604909,0.2667473553520528,0.23819668193646576,0.21565591246016086,0.1922649365070248,0.2242137770086092,0.23896209920635383,0.0,0.23492508823086447,0.0,0.3490610872014817,0.0,0.0,0.0,0.0,0.0,0.0,0.0,0.36922043528726745,0.0,0.3425838860187715,0.0,0.0,0.0,0.0,0.0,0.0,0.0,0.0,0.0,0.0,0.0,0.3532153075638399,0.0,0.0,0.37065758039804286,0.0,0.0,0.0,0.36769659498856866,0.3761380433265848,0.3546830685035961,0.0,0.0
0.0,0.2950388149290514,0.3168902697692293,0.31905165817837194,0.2925673674483618,0.24505030965206515,0.30309627910048753,0.2721382273422931,0.29046729588440817,0.3276615751732491,0.0,0.0,0.2889494468576077,0.0,0.2884162308434612,0.3028493381352182,0.34017079531693595,0.2969666646807037,0.0,0.2482887848267952,0.29094520832301535,0.2798066231926363,0.27665495835462434,0.0,0.29191658858189107,0.30306321213107773,0.2585026086141513,0.245110696609167,0.0,0.2489547980925998,0.26604524383745815,0.2926097797960726,0.25032659482289615,0.3096052181650522,0.31517373594493464,0.34657678514267226,0.3122910183825282,0.0,0.34396698166059336,0.0,0.0,0.0,0.32651024399854117,0.0,0.0,0.0,0.34141875121717674,0.0,0.0,0.0,0.0,0.0,0.327728299600126,0.0,0.0,0.0,0.0,0.0,0.0,0.3317407272232414,0.0,0.0,0.0,0.0,0.3401991137610659,0.31592072806126287,0.3316697478063012,0.3486191437869407,0.0,0.0,0.3371446920451167,0.34354620231761107,0.347416384752306,0.33656140903369547,0.0,0.0
0.0,0.0,0.3521403894923817,0.2607096934310877,0.0,0.3023863282186919,0.0,0.304839753735208,0.33022840400592157,0.0,0.0,0.0,0.0,0.0,0.0,0.29601606703945016,0.0,0.0,0.0,0.2454150082514923,0.0,0.278101509413713,0.29392412064603135,0.0,0.0,0.0,0.27997625258500947,0.1934224060774981,0.2489547980925998,0.0,0.24847427228377364,0.3632618421429592,0.0,0.2956242213546167,0.0,0.0,0.0,0.0,0.0,0.0,0.0,0.0,0.0,0.0,0.0,0.0,0.0,0.0,0.0,0.0,0.0,0.0,0.0,0.0,0.0,0.0,0.0,0.0,0.0,0.0,0.0,0.0,0.0,0.0,0.0,0.0,0.0,0.3872290610233811,0.0,0.0,0.0,0.36876046836642373,0.0,0.0,0.0,0.0
0.23969332101459687,0.2623873880762646,0.3303817389586188,0.26911465323889366,0.3282643212323118,0.3060484628161257,0.28985254185141746,0.3302090965149721,0.33600344372119617,0.21978856148393147,0.3500093651736439,0.21463157418013623,0.27809776107814965,0.2715102042727545,0.30560143168094156,0.23445593746976687,0.22223950071449466,0.22128483723635647,0.33216384701596247,0.2713423357780775,0.26813456638456085,0.2734585107371714,0.30977310397759444,0.2128908725172144,0.24192427556429522,0.2590703730984342,0.2921382022843839,0.2625630228925953,0.26604524383745815,0.24847427228377364,0.0,0.29349883314135533,0.2205402405530047,0.22695929581544924,0.20566050200217334,0.3114460346134612,0.2979297914896815,0.16528368723554554,0.0,0.23775108691563898,0.0,0.0,0.3747999671301458,0.0,0.0,0.0,0.31029055358347574,0.0,0.0,0.0,0.38511194015068606,0.0,0.3766079204413343,0.0,0.3092497501854808,0.0,0.32442021010365285,0.0,0.0,0.3575243511586235,0.3068513821295994,0.31710365952537567,0.2826046766280334,0.0,0.34864511568971107,0.0,0.3268710581320114,0.3828009992768652,0.3044718221798547,0.2899445722459176,0.31210361035252915,0.37058734495754003,0.0,0.35688472048550013,0.0,0.0
0.27495979665763426,0.2890105436071342,0.30793887327814784,0.19996458113007282,0.31864393823558146,0.2924645041296825,0.28389845654305673,0.26520788874840273,0.3077946289495629,0.24369480199658905,0.3178348149986968,0.2102210176781034,0.28488830823435746,0.19399150513920888,0.3229474152787836,0.2588849832756291,0.28187819672486814,0.27661844086237075,0.31027780718148584,0.31839839959053434,0.2979701061492503,0.32237665089848294,0.2959037331503453,0.23076712169311592,0.27043800033946896,0.2954557325698904,0.2961973138972743,0.2702996989732351,0.2926097797960726,0.3632618421429592,0.29349883314135533,0.0,0.2659791414666164,0.24358653088357174,0.25058245518898553,0.22613731617539662,0.2200426792481364,0.1965377686971585,0.1973217767709283,0.224345101421328,0.21036211738074673,0.23919103784347603,0.24123746906163415,0.2190587269656128,0.19563208652699784,0.0,0.30761165649559963,0.3671392388358773,0.0,0.0,0.3744974207711057,0.0,0.36379467744912175,0.3788921246456558,0.2881503468147108,0.3257374070971827,0.18277522297178317,0.0,0.28555313245586816,0.3415571619479114,0.3055076693871469,0.0,0.29184776662156625,0.0,0.3428786903672497,0.33428421447366874,0.3243477644374199,0.3753680816053718,0.0,0.2941102962495551,0.3195093158196469,0.36919213442866644,0.32421932150008703,0.3585232018366729,0.0,0.4079331496856002
0.24125414493083341,0.2532167104487388,0.2998210478022845,0.21216713918893182,0.2901936163955135,0.27447621068252887,0.2867720944524944,0.31251155946369474,0.29481834637136356,0.18383779619959478,0.33945259492962276,0.2107281956866925,0.27938146201761205,0.0,0.3013757883851718,0.2332933801947285,0.22316842764401595,0.21413490925766485,0.0,0.27335675434704426,0.27245276369235377,0.2708233363159926,0.27835111851570715,0.17123302849796543,0.22299776049339048,0.24384359461628072,0.26256285207437924,0.2479833953604909,0.25032659482289615,0.0,0.2205402405530047,0.2659791414666164,0.0,0.18621231148832773,0.26513979701825596,0.30471953468060886,0.2063098507145726,0.1143886629598077,0.2278437192359032,0.136026427307691,0.17178528946243343,0.0,0.0,0.0,0.15693590111639372,0.28424850191789053,0.3080277025301115,0.0,0.0,0.0,0.0,0.0,0.0,0.0,0.26273787617422617,0.0,0.23978553256134671,0.0,0.0,0.3529275078708163,0.2895650791967924,0.26074087553384456,0.27544885654457474,0.0,0.0,0.0,0.3351219165493001,0.0,0.2657284519989953,0.2831623294925106,0.30401365277692355,0.31409977403051703,0.2757237407940247,0.0,0.0,0.22789657849645936
0.25270646890776743,0.2703770536668223,0.33147090676601365,0.1848366060690148,0.32320935964672287,0.3140952611940341,0.2860822221595902,0.32623440630661465,0.3294811037405071,0.19541719106232786,0.33889612982215006,0.15058264333445043,0.28056855239552825,0.29428798294746,0.3136471142360242,0.25440243118001477,0.23738966145047272,0.2407328137863826,0.3265861111764036,0.3167650404537189,0.28289946764772006,0.3017427674825004,0.3206984449060483,0.15801362675135364,0.24769140395119493,0.2645564561763725,0.3129924512658346,0.2667473553520528,0.3096052181650522,0.2956242213546167,0.22695929581544924,0.24358653088357174,0.18621231148832773,0.0,0.17127885342253316,0.2777908848253209,0.18206835069908514,0.12006227809372946,0.2056843563814009,0.18958229586226988,0.19032698199415918,0.19210045176572785,0.32676472694965747,0.0,0.16265172373845593,0.2707153794742262,0.31375409957321904,0.0,0.0,0.0,0.3701582550562708,0.0,0.36168748809224693,0.0,0.26244675219178826,0.0,0.30344249870581896,0.0,0.0,0.3491940412668772,0.3040217687453365,0.28292415158656964,0.28547811629559916,0.0,0.361099329621874,0.0,0.33024466157274096,0.38968290098587033,0.28575917223089126,0.2907543892897229,0.3149462059366042,0.38730687032630495,0.37256475748379986,0.3619060075813928,0.0,0.0
0.2751621209332221,0.2923369219250852,0.324728067887665,0.16225934782429216,0.24368488209430939,0.3100522259231629,0.2436972015677935,0.2693536896701373,0.30416687290988553,0.204352187619945,0.30773176146965175,0.171355285061807,0.2651119597958533,0.0,0.3450299894839423,0.2679536134120788,0.24652534106973578,0.25636985627725933,0.3049632644443808,0.3294518411892069,0.3035746198173425,0.33621603708405573,0.3143630186729817,0.19887278943141937,0.2567158607577024,0.2873278462550172,0.31210229148906626,0.23819668193646576,0.31517373594493464,0.0,0.20566050200217334,0.25058245518898553,0.26513979701825596,0.17127885342253316,0.0,0.3011206545074006,0.1977220930817389,0.1551956560674887,0.220059903308171,0.15279287411760414,0.20406133138238403,0.21406185906118214,0.0,0.0,0.0,0.0,0.3278155168349273,0.0,0.0,0.0,0.0,0.0,0.0,0.0,0.33648007442342287,0.0,0.0,0.0,0.0,0.35670592734301504,0.0,0.0,0.0,0.0,0.0,0.0,0.350527679838018,0.3794018783351606,0.2964689152277632,0.30503114659034375,0.3226073100067296,0.3711311838600539,0.0,0.0,0.0,0.0
0.0,0.4601480555540799,0.3083207817940876,0.13853255233438916,0.21057274159904468,0.3230070940017324,0.21095526671478118,0.1884734095942428,0.31151847997141263,0.2639242258378743,0.25054549612918214,0.27067019342383875,0.22930597657537266,0.16993834480928896,0.3632039628496261,0.0,0.2769945772405019,0.0,0.2970694171397529,0.3649446401510289,0.0,0.3827388612760484,0.3120279197501234,0.0,0.0,0.31124467246219145,0.3251605441280101,0.21565591246016086,0.34657678514267226,0.0,0.3114460346134612,0.22613731617539662,0.30471953468060886,0.2777908848253209,0.3011206545074006,0.0,0.16823520196148783,0.0,0.2393082788521945,0.2388741140774197,0.2756008716638644,0.33217373977954207,0.2662903702295608,0.32160054008487804,0.0,0.0,0.0,0.35438520474578633,0.0,0.0,0.33910506645520433,0.36592348265443053,0.3343759993170067,0.36161833342383376,0.0,0.30495075959726226,0.0,0.3642005176637976,0.2815589290821859,0.358187354385828,0.0,0.0,0.0,0.34809920639928,0.36198523068562444,0.0,0.3315222837426258,0.3311181468445998,0.0,0.0,0.354520010657934,0.32922508655497773,0.3562280202757651,0.34428271596372606,0.0,0.39381658639964967
0.0,0.0,0.3236876978896543,0.12162374325599824,0.21692546932618798,0.3027901117276704,0.21070414543382576,0.2543317627603264,0.308771848159228,0.1642981796514308,0.3022792959554648,0.18399274837822566,0.22949046281658106,0.12380346771616861,0.0,0.0,0.0,0.0,0.3166124389900484,0.32018787119492087,0.0,0.3330377597651467,0.2998518250872625,0.0,0.0,0.0,0.3051596284843034,0.1922649365070248,0.3122910183825282,0.0,0.2979297914896815,0.2200426792481364,0.2063098507145726,0.18206835069908514,0.1977220930817389,0.16823520196148783,0.0,0.1952938708054199,0.2001772217822559,0.16776424394828676,0.21691148629972812,0.2160721683991675,0.0,0.0,0.18000594911520199,0.0,0.0,0.0,0.0,0.0,0.0,0.0,0.0,0.0,0.0,0.0,0.0,0.0,0.0,0.0,0.0,0.0,0.0,0.0,0.0,0.0,0.0,0.40922118404876673,0.0,0.0,0.0,0.0,0.0,0.0,0.0,0.0
0.0,0.0,0.0,0.0,0.2592402368982972,0.0,0.23563159914955276,0.0,0.3123069859727187,0.15086314977262147,0.31738841681377267,0.13267061784771544,0.23949564132767295,0.0,0.0,0.0,0.20910202218085547,0.22437717174055935,0.0,0.3329190980054997,0.0,0.45279625736930496,0.0,0.16151993817882743,0.20781652994170333,0.2191076178836829,0.0,0.2242137770086092,0.0,0.0,0.16528368723554554,0.1965377686971585,0.1143886629598077,0.12006227809372946,0.1551956560674887,0.0,0.1952938708054199,0.0,0.18200286018950382,0.1344293282076533,0.17776671298375213,0.0,0.0,0.0,0.12313901067026085,0.0,0.0,0.0,0.0,0.0,0.0,0.0,0.0,0.0,0.23484059136202562,0.0,0.20979946623316595,0.0,0.0,0.0,0.0,0.0,0.0,0.0,0.0,0.0,0.0,0.0,0.19600522037240392,0.21786574790802604,0.24716645922997005,0.0,0.0,0.0,0.0,0.21132904627138918
0.3182487055745032,0.3183434825440197,0.40123930787962536,0.18421855273447982,0.0,0.3774819590481069,0.0,0.346949978412412,0.3704064717950212,0.20902262072340036,0.31848201613248334,0.19919223446028486,0.24895581307771023,0.25966448598015274,0.3381476945930922,0.32056185718819424,0.0,0.2855277647857154,0.381399444996973,0.32516708275615014,0.33605879593122223,0.3131382681790006,0.3696368812475391,0.0,0.31241927668413827,0.3235499320544797,0.35981893335044235,0.23896209920635383,0.34396698166059336,0.0,0.0,0.1973217767709283,0.2278437192359032,0.2056843563814009,0.220059903308171,0.2393082788521945,0.2001772217822559,0.18200286018950382,0.0,0.24711092334413562,0.27145298569694526,0.31095369163579456,0.24144371587681873,0.26101727177607414,0.20466816079148117,0.29029583978052315,0.28556760963161315,0.3245211926176348,0.22382779379417259,0.30638933747834357,0.2874872387437256,0.2833070029098624,0.27125314044372323,0.3232756833541686,0.2800713034749076,0.2827106433752227,0.19394479745168242,0.2896527313042818,0.25591557901983464,0.316358628270624,0.2927070813830549,0.2971772460790587,0.2913054574293751,0.33089816199651206,0.32167854498479903,0.28901614913856327,0.31174295562640786,0.28760175618119466,0.2140017655963455,0.2746793614310879,0.2859881973286652,0.2990933586151893,0.27074813941709636,0.2877079625474149,0.30239051947656587,0.2928679015543025
0.2845541260475715,0.2878587621464437,0.0,0.0,0.0,0.0,0.0,0.0,0.0,0.2352982028535377,0.0,0.25524262044953416,0.0,0.0,0.31000124499369225,0.24889913123856303,0.247577971535512,0.21495912467023076,0.0,0.34346955864726086,0.30165833150730503,0.2887009602681611,0.3051712559122737,0.21991636522734867,0.2556512578835131,0.2743117247462861,0.32388970354878777,0.0,0.0,0.0,0.23775108691563898,0.224345101421328,0.136026427307691,0.18958229586226988,0.15279287411760414,0.2388741140774197,0.16776424394828676,0.1344293282076533,0.24711092334413562,0.0,0.18882382587049515,0.275435531572365,0.2595713728682271,0.2186612432127175,0.13255173064330494,0.2434443632861214,0.2522526546980281,0.0,0.0,0.26578222634704585,0.2662814957477944,0.2688609137883738,0.34483744894562884,0.3329006426008124,0.20755220516610487,0.31789566439675726,0.16880199350190037,0.2772556446077357,0.0,0.2882041988546847,0.23799904108857145,0.22898346787213558,0.2396744849086392,0.3732361979528889,0.2714126542674696,0.24932069726431777,0.266499722242099,0.27520555875029773,0.19362058750268368,0.2231393572764792,0.24978710649594948,0.27245559385722,0.26057647965763314,0.23894231875493807,0.24748094779369814,0.23077577446562983
