0.0,0.4219479438442786,0.0,0.0,0.0,0.0,0.0,0.5040353615719079,0.0,0.44674849858511284,0.0,0.4102443136967034,0.0,0.0,0.39689779254479474,0.4311318184285615,0.41588573972478166,0.4326443105227921,0.0,0.4533037137183849,0.4036374506387173,0.45057227581860265,0.4658665532294773,0.3720800291129143,0.40786714886829717,0.40979562732808794,0.4594352043526544,0.0,0.0,0.0,0.39194703952506993,0.4041256201979115,0.37616154038246896,0.3734806844146387,0.41943050244263724,0.0,0.0,0.44349746953239993,0.4441923802847452,0.4455682647611054,0.4391944259760426,0.47938380117140456,0.0,0.0,0.0,0.4112081885140047,0.5079311918359283,0.0,0.0,0.0,0.0,0.0,0.0,0.0,0.5031376873283855,0.0,0.0,0.0,0.0,0.0,0.4846081550722936,0.7501694228214608,0.5052949432266585,0.0,0.39420479436407657,0.44859657367579225,0.5353646218101017,0.0,0.395691285165652,0.48136039246004386,0.4993076644903456,0.0,0.0,0.0,0.0,0.46371694865485946
0.4219479438442786,0.0,0.0,0.0,0.0,0.42657580905652454,0.4606363863353584,0.5007992737496891,0.4300638556044138,0.0,0.0,0.0,0.4777826365359125,0.0,0.45030609183730025,0.427436292262284,0.43771253795376125,0.4372753918130137,0.0,0.4581253930372245,0.41302102870397295,0.41379356858159244,0.4694515881669882,0.0,0.41298509352152524,0.42921735427107605,0.4679519921667447,0.47646965944393294,0.44579043380657235,0.0,0.34925990760065795,0.3768664076557775,0.340356211533162,0.3562062077354531,0.41189601178712903,0.0,0.0,0.0,0.4516842569865539,0.4069266076093934,0.45751384688603836,0.4808735226238896,0.0,0.0,0.0,0.4906773668384623,0.5047330955072797,0.0,0.0,0.0,0.48754267032468745,0.0,0.0,0.0,0.0,0.0,0.0,0.0,0.0,0.5246257979386524,0.4595883759472677,0.0,0.4635875107391849,0.0,0.45225978650627763,0.4735736597042686,0.5084475342402495,0.5143858098040052,0.0,0.47721217574147096,0.5249526143993064,0.4930152450995279,0.0,0.4569559927240337,0.0,0.44120520564680094
0.0,0.0,0.0,0.48071363021206787,0.43626135587323706,0.3893060135727147,0.47972946576697245,0.5239630897891222,0.3132755306376902,0.0,0.39910673344948006,0.0,0.4908259793581068,0.5239617742499685,0.0,0.0,0.0,0.0,0.30293046343037777,0.0,0.0,0.485964889136517,0.40557135039590153,0.0,0.5773936588008471,0.0,0.36185431169512183,0.49477484041996156,0.49286497177316974,0.0,0.49855150347931615,0.4722086358697878,0.0,0.4963560033968006,0.5040218574669953,0.4611993765945188,0.48936261720623514,0.0,0.5569165323871249,0.0,0.0,0.0,0.5362607003481697,0.0,0.0,0.0,0.0,0.5886839897494482,0.0,0.5896359951213263,0.6019567409874125,0.6036301835235732,0.5680226082792592,0.6158881869808747,0.0,0.5242519302358281,0.0,0.6089012647808362,0.5242263032705772,0.0,0.0,0.0,0.0,0.5406010961409068,0.0,0.0,0.0,0.6234386898823492,0.0,0.0,0.0,0.5867634809127963,0.0,0.0,0.0,0.6423029942774242
0.0,0.0,0.48071363021206787,0.0,0.2541141840062897,0.4633165536310083,0.28358104822497476,0.0,0.46004953290391215,0.19288239289274617,0.4473983890303325,0.0,0.3357258577654387,0.24562893610917666,0.0,0.0,0.0,0.0,0.4889679760521441,0.4635077969513699,0.0,0.43790475010496,0.43914250085993817,0.0,0.0,0.0,0.4550401775747612,0.2789082996292824,0.4505443949347063,0.0,0.0,0.29356900393472124,0.0,0.3312895015122677,0.31190885047669875,0.2014338408804296,0.1932476457199812,0.22076759109663976,0.0,0.0,0.0,0.0,0.0,0.0,0.0,0.0,0.0,0.0,0.0,0.0,0.0,0.0,0.0,0.0,0.0,0.0,0.0,0.0,0.0,0.0,0.0,0.0,0.0,0.0,0.0,0.0,0.0,0.0,0.0,0.0,0.0,0.0,0.0,0.0,0.0,0.0
0.0,0.0,0.43626135587323706,0.2541141840062897,0.0,0.4598196723686454,0.37326565431904235,0.4632219805008798,0.38926568493432034,0.4463357024730548,0.3718041951409029,0.4289200884131708,0.40149963670652866,0.30354444475190173,0.0,0.0,0.5470508363469929,0.0,0.4508727926014663,0.44110582928139236,0.0,0.45823699170121474,0.4627187033452038,0.4921103562347384,0.45669705739567645,0.492189872112503,0.4673020824061079,0.3466508087556434,0.4737768522557204,0.0,0.4937178744693632,0.3730615412877828,0.4807173718942522,0.4761130949749071,0.5011335188010059,0.2488772232695837,0.24959838938344497,0.42437473455414854,0.4846516097702309,0.0,0.0,0.0,0.4174575196836587,0.0,0.0,0.0,0.0,0.5730473845756536,0.0,0.0,0.5358914400355547,0.0,0.5829580347736969,0.5793069111333935,0.0,0.4573063455926988,0.0,0.0,0.4688222020953007,0.0,0.0,0.0,0.0,0.5265247853077284,0.0,0.0,0.0,0.5508536744571889,0.0,0.0,0.0,0.5478894105477499,0.0,0.0,0.0,0.0
0.0,0.42657580905652454,0.3893060135727147,0.4633165536310083,0.4598196723686454,0.0,0.4720982572747347,0.4766052084648025,0.4036547382944835,0.47414191185882937,0.4574713516911872,0.0,0.4407440504065306,0.4977142537670907,0.44071944246065176,0.45494690245143554,0.5242083053710259,0.4250492807286604,0.4491548863123339,0.43633651751810937,0.46668061355103624,0.4461113765876219,0.466050177749716,0.0,0.3974612396873122,0.45879946492768114,0.42290870423921273,0.4571250620328825,0.42583602102408535,0.45753410631210917,0.4673562186050749,0.45936285007805694,0.41440565173742533,0.46365748496586234,0.4901255999646614,0.48699243635272627,0.48195123755070735,0.0,0.5401461044942847,0.0,0.5359028915676198,0.5965631548462054,0.5098184398153365,0.0,0.0,0.0,0.0,0.5916239249767028,0.0,0.6054142624043066,0.5612060382015825,0.5673627449901295,0.5137746715104688,0.6122103765612904,0.0,0.5573028953961277,0.0,0.5498885022391631,0.0,0.5061209533203271,0.0,0.0,0.0,0.578805245184256,0.5182431038874281,0.0,0.4966036351421545,0.5625901924399904,0.0,0.0,0.5245278231149968,0.5593177027335675,0.5376270056016688,0.5325964968180237,0.5690385616257715,0.5502010162347066
0.0,0.4606363863353584,0.47972946576697245,0.28358104822497476,0.37326565431904235,0.4720982572747347,0.0,0.5086595156938032,0.4604865830598458,0.4136859070489539,0.494051897436998,0.3843328030613617,0.3779667288840979,0.4120961954895493,0.0,0.48188105208206966,0.47072443800912056,0.46967062397064335,0.5074524500019852,0.4793097741562026,0.0,0.49604303834659064,0.48603224472268264,0.40690570117024283,0.43251006072455445,0.4388890539176308,0.48460438615069273,0.37458244649522465,0.4888360173479105,0.0,0.4612913441630178,0.43400371418184025,0.4154718131690261,0.42059623048967426,0.43101551234058993,0.32957434770754795,0.2990133139237089,0.38820180564107953,0.517946522282108,0.0,0.0,0.0,0.5025154403215694,0.0,0.0,0.0,0.0,0.6195064204396704,0.0,0.0,0.5738492610929584,0.0,0.5632391266385508,0.657838470062306,0.0,0.5582519891722464,0.0,0.0,0.0,0.0,0.0,0.0,0.0,0.0,0.0,0.0,0.0,0.5623167202507966,0.0,0.0,0.6885988079957334,0.5552229738334022,0.0,0.0,0.0,0.0
0.5040353615719079,0.5007992737496891,0.5239630897891222,0.0,0.4632219805008798,0.4766052084648025,0.5086595156938032,0.0,0.5504845533481517,0.5388592139225088,0.40088901773964863,0.0,0.48698202784160055,0.3720412864975941,0.4463989702847622,0.5066836148783943,0.0,0.515236442935773,0.4992525171227743,0.45856869186191135,0.44610942361474426,0.0,0.43403570967843186,0.5143187286933998,0.5192605208963577,0.5057465707586476,0.5009450024957085,0.4794938304963606,0.4523493149653763,0.472475187144531,0.4922798792463618,0.2936805326848585,0.5071462026417,0.49551067079805133,0.5029482778232869,0.27515013752802375,0.0,0.0,0.44554920824937133,0.0,0.5301618312202254,0.5662564134923415,0.38286964528611345,0.0,0.0,0.0,0.0,0.5627430278874442,0.0,0.5023175575218881,0.5329788377756199,0.5448357623128897,0.4215917164465031,0.5779183158515827,0.0,0.4412324867120643,0.0,0.5311172786001196,0.38755680896915057,0.5571801634735,0.0,0.0,0.0,0.5227095225583526,0.5279964333124895,0.4679762926714663,0.0,0.526469256245233,0.0,0.0,0.0,0.5438642745427376,0.5192828226859183,0.49186527292025567,0.0,0.5576566762203213
0.0,0.4300638556044138,0.3132755306376902,0.46004953290391215,0.38926568493432034,0.4036547382944835,0.4604865830598458,0.5504845533481517,0.0,0.4865914791574069,0.33816922646372033,0.49828551247545505,0.41867931183714346,0.5114399380982055,0.0,0.4780328376283676,0.0,0.5675345947542799,0.3294089675946448,0.4354245966453012,0.0,0.4490535288083281,0.48173551651936114,0.5470865282066502,0.44260306462573257,0.0,0.38864884437540237,0.5121768755841904,0.45247505871764626,0.5321908918987138,0.5400825081490089,0.49455507164027696,0.4931614129881797,0.5161074610222713,0.5054008276378829,0.47544677210190867,0.47966595446454585,0.4826514010104817,0.53401010072465,0.0,0.0,0.0,0.5488971140600644,0.0,0.0,0.0,0.0,0.6197193661036517,0.0,0.6168971314080293,0.5953839818336267,0.6307340235246197,0.6197596032317187,0.6287927666063563,0.0,0.56190355851487,0.0,0.6551769641085087,0.5403698141888885,0.0,0.0,0.0,0.0,0.6101127329321492,0.0,0.0,0.0,0.6339661659240149,0.0,0.0,0.0,0.6282059708041514,0.0,0.0,0.0,0.0
0.44674849858511284,0.0,0.0,0.19288239289274617,0.4463357024730548,0.47414191185882937,0.4136859070489539,0.5388592139225088,0.4865914791574069,0.0,0.4898996809455397,0.32172278407468924,0.4385907035561667,0.18015065149805812,0.0,0.0,0.37219562430538766,0.38257061118398084,0.5122920272758592,0.0,0.5068965884053872,0.4003033649195708,0.49429000897456343,0.3759065823489872,0.3909340986570383,0.40780624206566707,0.5156735788865823,0.4108231580415496,0.0,0.0,0.34057203766827254,0.3566893380317723,0.34362698218097815,0.29730322621306127,0.32363899307557814,0.33376591391042576,0.24262346958299472,0.2775520452973204,0.33003169339554284,0.3420883158833788,0.37328899118543785,0.3674399560266833,0.0,0.0,0.31798934630658804,0.4874539730400205,0.0,0.0,0.0,0.0,0.0,0.0,0.0,0.0,0.47490104038663233,0.0,0.48191843171738935,0.4825640593955945,0.0,0.0,0.4612011080191751,0.47729666432550133,0.4587184895259922,0.0,0.0,0.0,0.46428811213192217,0.0,0.5149692103480656,0.47746729025245976,0.5014711166662938,0.0,0.4239936213587337,0.0,0.0,0.44239537489505015
0.0,0.0,0.39910673344948006,0.4473983890303325,0.3718041951409029,0.4574713516911872,0.494051897436998,0.40088901773964863,0.33816922646372033,0.4898996809455397,0.0,0.0,0.5135994563685604,0.3208671367602577,0.0,0.0,0.0,0.0,0.317837138165377,0.0,0.0,0.0,0.35003249723985785,0.5229677509111106,0.5896456026658867,0.6336044851451118,0.43523051288373354,0.5127264165241678,0.7152336224692448,0.0,0.5533697925478266,0.4624458431281397,0.5035409273333804,0.5057533252197318,0.5153932256293673,0.3445861713283818,0.47145428700247005,0.4871136505996146,0.4512584287228934,0.0,0.0,0.0,0.4353963550575189,0.0,0.0,0.0,0.0,0.5084724287239332,0.0,0.47571628523780807,0.561185551242618,0.5645326963805788,0.48058249752641263,0.5409768435346118,0.0,0.35382836675987467,0.0,0.5718921287939603,0.4449710753321915,0.0,0.0,0.0,0.0,0.24023717389069893,0.0,0.0,0.0,0.5410509044914651,0.0,0.0,0.0,0.5490212393862545,0.6336900079021228,0.0,0.0,0.0
0.4102443136967034,0.0,0.0,0.0,0.4289200884131708,0.0,0.3843328030613617,0.0,0.49828551247545505,0.32172278407468924,0.0,0.0,0.4131266537997002,0.0,0.0,0.0,0.40796651556215324,0.0,0.0,0.0,0.5088147181490995,0.0,0.0,0.32614114423483037,0.3980447209013361,0.3535170471286742,0.0,0.3732389578506592,0.0,0.0,0.31878763150226724,0.28266121322317656,0.28422816984469246,0.1958703460432832,0.22450867911762212,0.3330167511681565,0.2983732046120734,0.20950059373730467,0.2803631025663721,0.34458897804242605,0.37889180467037586,0.2789757456694431,0.0,0.0,0.38055808635807215,0.0,0.0,0.0,0.0,0.0,0.0,0.0,0.0,0.0,0.4749026907385796,0.0,0.48038659161772673,0.0,0.0,0.0,0.0,0.4792478389848257,0.4672142281053437,0.0,0.0,0.0,0.4234008499180499,0.0,0.5063280136226913,0.480773106627223,0.5031225859689287,0.0,0.0,0.0,0.0,0.43007817231388934
0.0,0.4777826365359125,0.4908259793581068,0.3357258577654387,0.40149963670652866,0.4407440504065306,0.3779667288840979,0.48698202784160055,0.41867931183714346,0.4385907035561667,0.5135994563685604,0.4131266537997002,0.0,0.4221758475924943,0.4895197881568432,0.4981386129387689,0.4654693190669571,0.4687225723023113,0.5199132659263404,0.47712994569206585,0.483265869779607,0.4973759885418058,0.48554595844415216,0.43324221696359905,0.4400732913960024,0.45231115889607776,0.4886504606692206,0.4052875464961994,0.4675130415787146,0.4011238181721529,0.4470557013132348,0.4413398280210961,0.4270726814408329,0.4327170742049844,0.44925922609256,0.3648019335673088,0.3476504742864409,0.39521344195642183,0.4284257766883053,0.0,0.0,0.0,0.0,0.0,0.0,0.0,0.0,0.6184889056954325,0.0,0.0,0.5487126281159554,0.6519904869941464,0.5123033903360444,0.0,0.5051104331423433,0.5367614123479436,0.0,0.0,0.0,0.6689684541115071,0.0,0.0,0.0,0.0,0.5845823060179101,0.0,0.0,0.5503048781463459,0.4241030595746161,0.0,0.5873595527903681,0.5361716615959777,0.0,0.5481506092294937,0.0,0.6373039442407153
0.0,0.0,0.5239617742499685,0.24562893610917666,0.30354444475190173,0.4977142537670907,0.4120961954895493,0.3720412864975941,0.5114399380982055,0.18015065149805812,0.3208671367602577,0.0,0.4221758475924943,0.0,0.0,0.0,0.0,0.0,0.4753533338244203,0.0,0.0,0.0,0.4574645671237111,0.0,0.0,0.0,0.4969548271651422,0.2764455692558151,0.0,0.0,0.0,0.260356429287782,0.4150984079118481,0.41178073675698945,0.0,0.21984506044457838,0.1736290472644621,0.0,0.33128027219789774,0.0,0.0,0.0,0.38785574708846426,0.0,0.0,0.0,0.0,0.5577695295630675,0.0,0.3823588032376641,0.5834503290641886,0.5867697007264838,0.0,0.5483971222418882,0.0,0.4575668227178752,0.0,0.0,0.3938083234151357,0.0,0.0,0.0,0.0,0.5174980135500323,0.0,0.0,0.0,0.5114568685167451,0.0,0.0,0.0,0.5598643396503922,0.0,0.0,0.0,0.0
0.39689779254479474,0.45030609183730025,0.0,0.0,0.0,0.44071944246065176,0.0,0.4463989702847622,0.0,0.0,0.0,0.0,0.4895197881568432,0.0,0.0,0.4771749927983429,0.0,0.44691582720652023,0.0,0.39561363581816233,0.4424427447601217,0.40624313500587794,0.4213655358179828,0.4626232696120111,0.45787760361785923,0.42131382321924526,0.4546603217748272,0.473253882448073,0.4823478019767221,0.46254516386964134,0.46602180925408626,0.45112944064640526,0.44369914412671785,0.4665698663931211,0.49723173457863645,0.5068688128237893,0.5174632973588982,0.0,0.5102263119057507,0.5444881910209478,0.519135940506412,0.550298407790105,0.4302588044426072,0.0,0.0,0.0,0.524046464484702,0.0,0.0,0.0,0.4983678985889002,0.0,0.0,0.0,0.0,0.0,0.0,0.0,0.0,0.5554709711595479,0.0,0.0,0.0,0.0,0.525655805712539,0.5163359834144085,0.5537236184677392,0.5352313774193288,0.0,0.0,0.557100783973183,0.5399926504336716,0.5526940750436148,0.5023608565241467,0.0,0.5310648111257127
0.4311318184285615,0.427436292262284,0.0,0.0,0.0,0.45494690245143554,0.48188105208206966,0.5066836148783943,0.4780328376283676,0.0,0.0,0.0,0.4981386129387689,0.0,0.4771749927983429,0.0,0.43007137698422715,0.3836545280325369,0.0,0.4610062292716372,0.4476585522280572,0.41907612135052075,0.49169940283113767,0.0,0.43824804318145133,0.43895580564268183,0.4837370276428502,0.48092018101880624,0.4757805888852783,0.4903634482356102,0.40666628295728807,0.43812608547299464,0.3850076689705763,0.4152704479617665,0.4608637812438359,0.0,0.0,0.0,0.4411101893701519,0.4093586322673016,0.4421255633860459,0.46243860080332716,0.0,0.0,0.0,0.5202794132973884,0.48521498288805526,0.0,0.0,0.0,0.0,0.0,0.0,0.0,0.0,0.0,0.0,0.0,0.0,0.511137316907568,0.45959233978104264,0.0,0.47591715861180117,0.0,0.5193767234306804,0.4904354755646781,0.4759855418245732,0.6191173753848016,0.0,0.4810092379843799,0.5094895331151382,0.5787775826565428,0.0,0.4968983097406511,0.0,0.43691907540391417
0.41588573972478166,0.43771253795376125,0.0,0.0,0.5470508363469929,0.5242083053710259,0.47072443800912056,0.0,0.0,0.37219562430538766,0.0,0.40796651556215324,0.4654693190669571,0.0,0.0,0.43007137698422715,0.0,0.33675195853145073,0.0,0.4459274892761886,0.0,0.42017965404231566,0.0,0.4103457191195823,0.3946424958027109,0.4050516245845975,0.0,0.4443209401401701,0.0,0.0,0.38501996290417306,0.41435454222082,0.3878427154028162,0.3781637289349621,0.38946005934986344,0.4532857995479254,0.0,0.3541578800283985,0.4121384116869542,0.3694811086001246,0.0,0.0,0.0,0.0,0.0,0.0,0.49489405796183683,0.0,0.0,0.0,0.0,0.0,0.0,0.0,0.4848757933195789,0.0,0.5047466182958663,0.0,0.0,0.0,0.477293439189547,0.4584723139996378,0.44491152906887554,0.0,0.0,0.0,0.0,0.0,0.5085568576053469,0.47459229816468923,0.4970557590021008,0.0,0.0,0.0,0.0,0.485552048322293
0.4326443105227921,0.4372753918130137,0.0,0.0,0.0,0.4250492807286604,0.46967062397064335,0.515236442935773,0.5675345947542799,0.38257061118398084,0.0,0.0,0.4687225723023113,0.0,0.44691582720652023,0.3836545280325369,0.33675195853145073,0.0,0.0,0.4474386634192791,0.4420861468934938,0.4360993143030612,0.4478545624612215,0.4274852819994539,0.4056514286631037,0.4292024499170667,0.4544644494589072,0.46640141970104404,0.45249651199147434,0.0,0.40221621742167535,0.4174383122491956,0.3833912046152295,0.3945871790214088,0.4133640241102055,0.0,0.0,0.0,0.40633009707345374,0.38913215433340753,0.4332838388075257,0.4611217499160499,0.0,0.0,0.0,0.47474590340848194,0.48053250858488095,0.0,0.0,0.0,0.0,0.0,0.0,0.0,0.41156266036697847,0.0,0.0,0.0,0.0,0.5707278479099206,0.4508391324145225,0.41660632194902314,0.43189011888562295,0.0,0.0,0.5313155285303786,0.44888543003632897,0.0,0.4719881425795394,0.4559035067663125,0.4815053752078934,0.0,0.0,0.0,0.0,0.43185549819831787
0.0,0.0,0.30293046343037777,0.4889679760521441,0.4508727926014663,0.4491548863123339,0.5074524500019852,0.4992525171227743,0.3294089675946448,0.5122920272758592,0.317837138165377,0.0,0.5199132659263404,0.4753533338244203,0.0,0.0,0.0,0.0,0.0,0.0,0.0,0.0,0.4048075517014045,0.0,0.0,0.0,0.4031394940370873,0.5350458674518326,0.0,0.0,0.5111615785222772,0.4851708919731462,0.570599442093056,0.4959119968885923,0.5055152408258616,0.46147691072120783,0.4908270744793073,0.5265107680933355,0.5072131115448437,0.0,0.0,0.0,0.4929064325300555,0.0,0.0,0.0,0.0,0.586029452982237,0.0,0.6032849163374252,0.5895783814885075,0.6373825193351061,0.597479457287089,0.6149393412102094,0.0,0.48762275322067616,0.0,0.6729646805644657,0.5099472839742577,0.0,0.0,0.0,0.0,0.5724724966768817,0.0,0.0,0.0,0.594419245914706,0.0,0.0,0.0,0.596360931059026,0.0,0.0,0.0,0.0
0.4533037137183849,0.4581253930372245,0.0,0.4635077969513699,0.44110582928139236,0.43633651751810937,0.4793097741562026,0.45856869186191135,0.4354245966453012,0.0,0.0,0.0,0.47712994569206585,0.0,0.39561363581816233,0.4610062292716372,0.4459274892761886,0.4474386634192791,0.0,0.0,0.47054835818801455,0.41710114877872195,0.3728686396421755,0.0,0.4449151595920849,0.4899786403441189,0.42266289062877543,0.4412127593641658,0.3715556889218873,0.40044412744362085,0.43085265694872354,0.45804933161798495,0.41946587361571214,0.4727966269091473,0.4971679230764597,0.0,0.0,0.0,0.50941589688379,0.5078196160294389,0.5096947764108627,0.5461972156518569,0.6101594355074891,0.0,0.0,0.0,0.4927163433007132,0.0,0.0,0.0,0.5241747660853747,0.0,0.5414649245265684,0.0,0.0,0.0,0.0,0.5927665145342272,0.0,0.5135358473068643,0.0,0.0,0.0,0.0,0.5192890594028383,0.5009694454926733,0.5160811319404214,0.5289198647777772,0.0,0.0,0.5252259494955277,0.5421148778092998,0.5355870201439251,0.49968125261575,0.6247087268483719,0.5259360596693297
0.4036374506387173,0.41302102870397295,0.0,0.0,0.0,0.46668061355103624,0.0,0.44610942361474426,0.0,0.5068965884053872,0.0,0.5088147181490995,0.483265869779607,0.0,0.4424427447601217,0.4476585522280572,0.0,0.4420861468934938,0.0,0.47054835818801455,0.0,0.47686323927885477,0.4440363127554879,0.47386056684273,0.44282117618308103,0.43384524432594945,0.4761993331004595,0.48136441046392936,0.44451078646363285,0.4963805114224863,0.45854909308036135,0.42945198272521484,0.42980482768323636,0.42805944399700974,0.4997263267947426,0.0,0.0,0.5619094753835427,0.49906490343329135,0.4752851672336422,0.5149739400142392,0.5507949265568802,0.0,0.0,0.0,0.406152928244011,0.5245522619393418,0.0,0.0,0.0,0.5195726708808242,0.0,0.4317399929972772,0.0,0.0,0.0,0.0,0.5747615023005666,0.0,0.5337433892164026,0.499159593390692,0.0,0.0,0.0,0.5157153201036262,0.419182099209069,0.5220312303088666,0.5127537165499757,0.0,0.5106722674631154,0.5380393800988508,0.5401942103435151,0.5342820662504159,0.5281575368461812,0.0,0.5476600005389698
0.45057227581860265,0.41379356858159244,0.485964889136517,0.43790475010496,0.45823699170121474,0.4461113765876219,0.49604303834659064,0.0,0.4490535288083281,0.4003033649195708,0.0,0.0,0.4973759885418058,0.0,0.40624313500587794,0.41907612135052075,0.42017965404231566,0.4360993143030612,0.0,0.41710114877872195,0.47686323927885477,0.0,0.4892340964868728,0.0,0.4306995284550563,0.4336168564626922,0.4853687974247169,0.47951186660962547,0.4557910209570435,0.44495969563157334,0.4222871385816655,0.4436934681126396,0.40853567796907553,0.4539699632429247,0.4917063720936297,0.536515104965396,0.0,0.0,0.47875584585593256,0.48242581456727895,0.48735535851896183,0.5147207851625132,0.0,0.0,0.0,0.0,0.4909880780200961,0.0,0.0,0.0,0.4880847579128721,0.0,0.0,0.0,0.0,0.0,0.0,0.0,0.0,0.5525474770265992,0.463828795299811,0.0,0.4679027047157212,0.0,0.5107207711504412,0.5340921598394213,0.5190561700837463,0.5203039495107465,0.0,0.45750706228738175,0.5459692594270467,0.5060078626283049,0.5808852921505414,0.48230444514764037,0.0,0.4700719902255027
0.4658665532294773,0.4694515881669882,0.40557135039590153,0.43914250085993817,0.4627187033452038,0.466050177749716,0.48603224472268264,0.43403570967843186,0.48173551651936114,0.49429000897456343,0.35003249723985785,0.0,0.48554595844415216,0.4574645671237111,0.4213655358179828,0.49169940283113767,0.0,0.4478545624612215,0.4048075517014045,0.3728686396421755,0.4440363127554879,0.4892340964868728,0.0,0.48904962042954786,0.4401611290973705,0.4811682474177313,0.4177775967511684,0.4783736275010461,0.45643569083248786,0.4628682658080808,0.4698264812610674,0.46069319493624145,0.4234930385142989,0.47771932804572637,0.4876924149842836,0.4627766664985709,0.4602828603057615,0.0,0.538556907599654,0.5070558153573846,0.5614877642433689,0.5686511134871303,0.5354383963620368,0.5886289008362818,0.0,0.0,0.516725887251559,0.5952625668963732,0.0,0.5852435720681561,0.5724797314714519,0.5820979141634245,0.526146212227203,0.6343352104615392,0.0,0.5276951661474913,0.0,0.5600311283715305,0.49863622741532426,0.5295435901821631,0.0,0.0,0.0,0.5793928205796807,0.5434031276895112,0.5001503093172758,0.5120519421470545,0.5737156039631841,0.0,0.0,0.5215108055213317,0.5694519201872963,0.555676373440429,0.5410373595699333,0.558960259558794,0.5593642725414183
0.3720800291129143,0.0,0.0,0.0,0.4921103562347384,0.0,0.40690570117024283,0.5143187286933998,0.5470865282066502,0.3759065823489872,0.5229677509111106,0.32614114423483037,0.43324221696359905,0.0,0.4626232696120111,0.0,0.4103457191195823,0.4274852819994539,0.0,0.0,0.47386056684273,0.0,0.48904962042954786,0.0,0.3990065177316697,0.3940264122444426,0.0,0.41390406777242417,0.0,0.0,0.37016652679825673,0.26444577376269723,0.24408458265596095,0.2946283930651241,0.3790038521562685,0.40624139598775466,0.0,0.2396829923533439,0.22512610962187593,0.2973144732374535,0.33411422453414524,0.3174440195856345,0.0,0.0,0.2698304668296999,0.42713899871848704,0.0,0.0,0.0,0.0,0.0,0.0,0.0,0.0,0.4924184422932624,0.0,0.5022978142868538,0.4941048229082879,0.0,0.0,0.5050258706220799,0.5059294917465349,0.4919033716810126,0.0,0.0,0.0,0.5631290566606346,0.0,0.4704117696290652,0.48942378699729205,0.5164799098107353,0.0,0.370876191050496,0.0,0.0,0.44569228553159707
0.40786714886829717,0.41298509352152524,0.5773936588008471,0.0,0.45669705739567645,0.3974612396873122,0.43251006072455445,0.5192605208963577,0.44260306462573257,0.3909340986570383,0.5896456026658867,0.3980447209013361,0.4400732913960024,0.0,0.45787760361785923,0.43824804318145133,0.3946424958027109,0.4056514286631037,0.0,0.4449151595920849,0.44282117618308103,0.4306995284550563,0.4401611290973705,0.3990065177316697,0.0,0.4131966357516632,0.4431987051103136,0.4375846651493855,0.4062148155655447,0.0,0.39969961950126975,0.40393970995815337,0.36050353992579376,0.3688145463306369,0.3931555977600785,0.49560986646367,0.0,0.3350085517943257,0.42504075965167154,0.39211008005684256,0.4530685777946601,0.5066133494893031,0.0,0.0,0.0,0.47410556373862034,0.5133218145491659,0.0,0.0,0.0,0.0,0.0,0.0,0.0,0.4492719456060611,0.0,0.46256871507334923,0.0,0.0,0.5161507650053986,0.46211927189740803,0.4403740962442489,0.459238004686727,0.0,0.466812548893426,0.4801290270645741,0.45588469097468964,0.5983555242450921,0.48159536302123335,0.4705039906420211,0.4914390245168983,0.6300398214223638,0.0,0.4765248883513598,0.0,0.44480343668635636
0.40979562732808794,0.42921735427107605,0.0,0.0,0.492189872112503,0.45879946492768114,0.4388890539176308,0.5057465707586476,0.0,0.40780624206566707,0.6336044851451118,0.3535170471286742,0.45231115889607776,0.0,0.42131382321924526,0.43895580564268183,0.4050516245845975,0.4292024499170667,0.0,0.4899786403441189,0.43384524432594945,0.4336168564626922,0.4811682474177313,0.3940264122444426,0.4131966357516632,0.0,0.5051846029356968,0.43309313099385216,0.44503104691826384,0.0,0.3998577331669408,0.4108186259215471,0.38740882306908414,0.3932393003624273,0.42814847249660715,0.4632241019663981,0.0,0.35409032445825905,0.45322630004265635,0.4326498792247776,0.4795137296486274,0.5343428179429714,0.5083126401147646,0.0,0.3237052653795504,0.4855923666316697,0.5505185695308448,0.0,0.0,0.0,0.5111155270592217,0.0,0.0,0.0,0.49574795209133726,0.0,0.5031479432869772,0.0,0.0,0.5578103058626752,0.4938074935111072,0.4896798387432912,0.4852237259614359,0.0,0.4881204140413501,0.5191593629627512,0.53171766269128,0.5261014257511332,0.5333280358817084,0.4956206656752386,0.5258202825647298,0.5105937537996638,0.47895149263167786,0.4912115721065751,0.0,0.47954797708684943
0.4594352043526544,0.4679519921667447,0.36185431169512183,0.4550401775747612,0.4673020824061079,0.42290870423921273,0.48460438615069273,0.5009450024957085,0.38864884437540237,0.5156735788865823,0.43523051288373354,0.0,0.4886504606692206,0.4969548271651422,0.4546603217748272,0.4837370276428502,0.0,0.4544644494589072,0.4031394940370873,0.42266289062877543,0.4761993331004595,0.4853687974247169,0.4177775967511684,0.0,0.4431987051103136,0.5051846029356968,0.0,0.48198250576105506,0.4261435453882562,0.45706156084942823,0.4613082079655685,0.4665921960877888,0.41181851658942115,0.475939312035587,0.4984741469047413,0.4926114259234485,0.4763227486700716,0.0,0.536059093510136,0.0,0.5385559776258109,0.5688739455067411,0.5250341892572207,0.6998816483383485,0.0,0.0,0.5626871033156763,0.606058010545614,0.0,0.6116518322199497,0.5614317613906962,0.5689357141927592,0.5400758587544926,0.611999203816185,0.0,0.5544179007331382,0.0,0.5454026541475572,0.0,0.5312795524555781,0.0,0.0,0.0,0.595399467726953,0.5333665159035594,0.5218630177735276,0.5133549312412502,0.5665498203381004,0.0,0.0,0.5470811578442655,0.5605561886411395,0.5430790503726056,0.5332342915969139,0.5606377829770427,0.5503371898213988
0.0,0.47646965944393294,0.49477484041996156,0.2789082996292824,0.3466508087556434,0.4571250620328825,0.37458244649522465,0.4794938304963606,0.5121768755841904,0.4108231580415496,0.5127264165241678,0.3732389578506592,0.4052875464961994,0.2764455692558151,0.473253882448073,0.48092018101880624,0.4443209401401701,0.46640141970104404,0.5350458674518326,0.4412127593641658,0.48136441046392936,0.47951186660962547,0.4783736275010461,0.41390406777242417,0.4375846651493855,0.43309313099385216,0.48198250576105506,0.0,0.40873230921664727,0.32792009680184947,0.40394227203523836,0.42199777961290447,0.38143241228758323,0.38351573191202465,0.3486881172766196,0.3049266631747498,0.2750794550309848,0.36522569553895184,0.3886289822053468,0.3125973976138897,0.5391140152708191,0.5888079117943087,0.5160243491629855,0.0,0.0,0.0,0.0,0.6545368384575753,0.0,0.0,0.5329283180399527,0.0,0.5048175608958617,0.0,0.41475101133257436,0.0,0.5002788035441114,0.5982685499165536,0.0,0.5635028415306752,0.0,0.0,0.0,0.0,0.5314573717587,0.5177056438646345,0.0,0.5469008810374207,0.3649860103923666,0.5664063336789622,0.5543827708538835,0.5426565352062932,0.5451827547046912,0.5206201009229383,0.0,0.5631639815098309
0.0,0.44579043380657235,0.49286497177316974,0.4505443949347063,0.4737768522557204,0.42583602102408535,0.4888360173479105,0.4523493149653763,0.45247505871764626,0.0,0.7152336224692448,0.0,0.4675130415787146,0.0,0.4823478019767221,0.4757805888852783,0.0,0.45249651199147434,0.0,0.3715556889218873,0.44451078646363285,0.4557910209570435,0.45643569083248786,0.0,0.4062148155655447,0.44503104691826384,0.4261435453882562,0.40873230921664727,0.0,0.4063262490792614,0.41355572054598505,0.4332931400001145,0.3758002934732112,0.45199888396226934,0.482254131181915,0.514060250194226,0.48166718868524944,0.0,0.499317712305834,0.0,0.5162764215326799,0.555433400844974,0.5367072817753813,0.0,0.0,0.0,0.0,0.6267843307702106,0.0,0.0,0.5226220074414721,0.6259205853694433,0.5007684541096117,0.0,0.0,0.0,0.0,0.5462950642732509,0.0,0.4979179468173506,0.0,0.0,0.0,0.0,0.4997383620790733,0.4782604097892903,0.4830485766323823,0.5321520663116036,0.0,0.0,0.0,0.523714205779724,0.5199667114228089,0.49695577524480117,0.5430548159756641,0.5275223731403615
0.0,0.0,0.0,0.0,0.0,0.45753410631210917,0.0,0.472475187144531,0.5321908918987138,0.0,0.0,0.0,0.4011238181721529,0.0,0.46254516386964134,0.4903634482356102,0.0,0.0,0.0,0.40044412744362085,0.4963805114224863,0.44495969563157334,0.4628682658080808,0.0,0.0,0.0,0.45706156084942823,0.32792009680184947,0.4063262490792614,0.0,0.3631612607821261,0.44332710544451487,0.4511558259944252,0.40897641070643,0.4624092758134293,0.5900232755529184,0.0,0.0,0.48618825360524176,0.0,0.0,0.0,0.5808080640005091,0.0,0.0,0.0,0.0,0.0,0.0,0.0,0.0,0.0,0.0,0.0,0.0,0.0,0.0,0.0,0.0,0.0,0.0,0.0,0.0,0.0,0.5663470602424439,0.5070215556050172,0.0,0.5529924583882049,0.0,0.0,0.0,0.5427107081641539,0.6095630009656569,0.0,0.0,0.0
0.39194703952506993,0.34925990760065795,0.49855150347931615,0.0,0.4937178744693632,0.4673562186050749,0.4612913441630178,0.4922798792463618,0.5400825081490089,0.34057203766827254,0.5533697925478266,0.31878763150226724,0.4470557013132348,0.0,0.46602180925408626,0.40666628295728807,0.38501996290417306,0.40221621742167535,0.5111615785222772,0.43085265694872354,0.45854909308036135,0.4222871385816655,0.4698264812610674,0.37016652679825673,0.39969961950126975,0.3998577331669408,0.4613082079655685,0.40394227203523836,0.41355572054598505,0.3631612607821261,0.0,0.4283360592385615,0.33500543143521316,0.27608604997853065,0.22624508035479282,0.4891957044123625,0.40735754993364226,0.26950734811348337,0.4666451479232078,0.33290259517380555,0.43721903676749585,0.0,0.0,0.0,0.3130324529748687,0.49575589773397527,0.48996633950487706,0.0,0.0,0.0,0.5349642459775886,0.0,0.5134289390953122,0.0,0.4433894030754677,0.0,0.4173638876754947,0.0,0.0,0.5690116546694289,0.4637867413429623,0.4934471185809504,0.44472047547966376,0.0,0.5164159180589172,0.44132398409455653,0.47492342311362185,0.5640524680354129,0.524282135339669,0.45486962379931856,0.5283261818515955,0.5322879250671002,0.5542858827332918,0.5103454024993911,0.0,0.542500157135348
0.4041256201979115,0.3768664076557775,0.4722086358697878,0.29356900393472124,0.3730615412877828,0.45936285007805694,0.43400371418184025,0.2936805326848585,0.49455507164027696,0.3566893380317723,0.4624458431281397,0.28266121322317656,0.4413398280210961,0.260356429287782,0.45112944064640526,0.43812608547299464,0.41435454222082,0.4174383122491956,0.4851708919731462,0.45804933161798495,0.42945198272521484,0.4436934681126396,0.46069319493624145,0.26444577376269723,0.40393970995815337,0.4108186259215471,0.4665921960877888,0.42199777961290447,0.4332931400001145,0.44332710544451487,0.4283360592385615,0.0,0.34107559617775385,0.3704635248008663,0.37876603539581705,0.3210000903321889,0.35109371421258656,0.2704359367555234,0.2416885799669463,0.259979811900328,0.34395504019758694,0.3338447487939061,0.34214560114464204,0.38538941793450004,0.2192601130113236,0.4435712149678954,0.47008626285460275,0.5464549691351078,0.0,0.0,0.5343852584877951,0.529216061916762,0.5381712090746322,0.5628108116346245,0.37349154739988194,0.44453644502127115,0.2626790213228958,0.49000943676109376,0.0,0.503160533501641,0.4430135162910834,0.4029503989441238,0.40968761502050066,0.5492597382323868,0.4929782879772458,0.47581737637605376,0.4556907452973204,0.5612340774229206,0.0,0.4235657543559754,0.463975631225251,0.5539620737456403,0.44900146507960353,0.4633984837014947,0.5329194182815948,0.518001045335769
0.37616154038246896,0.340356211533162,0.0,0.0,0.4807173718942522,0.41440565173742533,0.4154718131690261,0.5071462026417,0.4931614129881797,0.34362698218097815,0.5035409273333804,0.28422816984469246,0.4270726814408329,0.4150984079118481,0.44369914412671785,0.3850076689705763,0.3878427154028162,0.3833912046152295,0.570599442093056,0.41946587361571214,0.42980482768323636,0.40853567796907553,0.4234930385142989,0.24408458265596095,0.36050353992579376,0.38740882306908414,0.41181851658942115,0.38143241228758323,0.3758002934732112,0.4511558259944252,0.33500543143521316,0.34107559617775385,0.0,0.2605863503786525,0.4212576840610133,0.42489901166004745,0.3416779729534777,0.19985440126312223,0.28562886759428496,0.22699036353418206,0.26881771468776916,0.38921756960485704,0.39693970665623424,0.0,0.2290128888491163,0.4346106029289041,0.45785402754622945,0.0,0.0,0.0,0.0,0.0,0.0,0.0,0.36691454751749697,0.0,0.3831077017888965,0.47872145883740225,0.0,0.5397762092031886,0.4086483715791054,0.3952956552122379,0.4154296950559545,0.0,0.4777642887378477,0.5207527035006918,0.46457871423862934,0.4992112336866896,0.3321691877097107,0.4270336391266775,0.4550288986519499,0.507847069257571,0.4254255478852221,0.44322156455465617,0.0,0.3709303202262403
0.3734806844146387,0.3562062077354531,0.4963560033968006,0.3312895015122677,0.4761130949749071,0.46365748496586234,0.42059623048967426,0.49551067079805133,0.5161074610222713,0.29730322621306127,0.5057533252197318,0.1958703460432832,0.4327170742049844,0.41178073675698945,0.4665698663931211,0.4152704479617665,0.3781637289349621,0.3945871790214088,0.4959119968885923,0.4727966269091473,0.42805944399700974,0.4539699632429247,0.47771932804572637,0.2946283930651241,0.3688145463306369,0.3932393003624273,0.475939312035587,0.38351573191202465,0.45199888396226934,0.40897641070643,0.27608604997853065,0.3704635248008663,0.2605863503786525,0.0,0.3392960105774156,0.4388530106511772,0.3242201705323074,0.20016444210101333,0.29697242719364747,0.3323188411484623,0.38267783760921864,0.3406812385162435,0.38885182105377913,0.0,0.32744461017442056,0.4419806560648511,0.47733643560788,0.7134092993373846,0.0,0.0,0.5351897058254976,0.0,0.518006715087293,0.0,0.39656371385988753,0.0,0.328792869706023,0.6062801201785293,0.0,0.5155060004858621,0.4455881765510539,0.4427610915771048,0.41223329075857285,0.0,0.5501570565407283,0.48618032933586636,0.4901101604075663,0.5654984551807988,0.46622487014035846,0.4439282905832319,0.5005408150752818,0.5598171839596829,0.4798568883099135,0.5149993160200582,0.0,0.5450741180790092
0.41943050244263724,0.41189601178712903,0.5040218574669953,0.31190885047669875,0.5011335188010059,0.4901255999646614,0.43101551234058993,0.5029482778232869,0.5054008276378829,0.32363899307557814,0.5153932256293673,0.22450867911762212,0.44925922609256,0.0,0.49723173457863645,0.4608637812438359,0.38946005934986344,0.4133640241102055,0.5055152408258616,0.4971679230764597,0.4997263267947426,0.4917063720936297,0.4876924149842836,0.3790038521562685,0.3931555977600785,0.42814847249660715,0.4984741469047413,0.3486881172766196,0.482254131181915,0.4624092758134293,0.22624508035479282,0.37876603539581705,0.4212576840610133,0.3392960105774156,0.0,0.4382694353309378,0.3173201075851101,0.25338575659950974,0.31633089833963446,0.34289069566984715,0.42551862466958107,0.366136525665861,0.0,0.0,0.0,0.0,0.511722595426012,0.0,0.0,0.0,0.0,0.0,0.0,0.0,0.0,0.0,0.3216154386976518,0.0,0.0,0.5528975835966394,0.46878554490288826,0.0,0.44569133006204104,0.0,0.5324294822855158,0.0,0.49804491743597373,0.5530466971940603,0.0,0.4522961602436347,0.4832267379698432,0.5409325181989203,0.0,0.5366497707485595,0.0,0.0
0.0,0.0,0.4611993765945188,0.2014338408804296,0.2488772232695837,0.48699243635272627,0.32957434770754795,0.27515013752802375,0.47544677210190867,0.33376591391042576,0.3445861713283818,0.3330167511681565,0.3648019335673088,0.21984506044457838,0.5068688128237893,0.0,0.4532857995479254,0.0,0.46147691072120783,0.0,0.0,0.536515104965396,0.4627766664985709,0.40624139598775466,0.49560986646367,0.4632241019663981,0.4926114259234485,0.3049266631747498,0.514060250194226,0.5900232755529184,0.4891957044123625,0.3210000903321889,0.42489901166004745,0.4388530106511772,0.4382694353309378,0.0,0.2198895796772678,0.3421837236526816,0.33253856141915156,0.31513747492416266,0.36193975473012857,0.3309046540261272,0.32673211908078026,0.0,0.33006302133285675,0.0,0.0,0.5195371200073361,0.0,0.0,0.5196622511156919,0.5373453713068889,0.4505277803195629,0.5494367013049278,0.0,0.40124447026358506,0.3300516959112527,0.5287369128674368,0.3398739680845782,0.0,0.0,0.0,0.0,0.5022497252169965,0.0,0.0,0.4140558088417591,0.5233055316658256,0.0,0.0,0.0,0.524980532437247,0.512223837861416,0.0,0.0,0.0
0.0,0.0,0.48936261720623514,0.1932476457199812,0.24959838938344497,0.48195123755070735,0.2990133139237089,0.0,0.47966595446454585,0.24262346958299472,0.47145428700247005,0.2983732046120734,0.3476504742864409,0.1736290472644621,0.5174632973588982,0.0,0.0,0.0,0.4908270744793073,0.0,0.0,0.0,0.4602828603057615,0.0,0.0,0.0,0.4763227486700716,0.2750794550309848,0.48166718868524944,0.0,0.40735754993364226,0.35109371421258656,0.3416779729534777,0.3242201705323074,0.3173201075851101,0.2198895796772678,0.0,0.3025441746387311,0.2802148700882649,0.0,0.0,0.3039051128996475,0.0,0.0,0.0,0.0,0.0,0.0,0.0,0.0,0.0,0.0,0.0,0.0,0.0,0.0,0.0,0.0,0.0,0.0,0.0,0.0,0.0,0.0,0.0,0.0,0.0,0.5816555047060731,0.0,0.0,0.0,0.0,0.0,0.0,0.0,0.0
0.44349746953239993,0.0,0.0,0.22076759109663976,0.42437473455414854,0.0,0.38820180564107953,0.0,0.4826514010104817,0.2775520452973204,0.4871136505996146,0.20950059373730467,0.39521344195642183,0.0,0.0,0.0,0.3541578800283985,0.0,0.5265107680933355,0.0,0.5619094753835427,0.0,0.0,0.2396829923533439,0.3350085517943257,0.35409032445825905,0.0,0.36522569553895184,0.0,0.0,0.26950734811348337,0.2704359367555234,0.19985440126312223,0.20016444210101333,0.25338575659950974,0.3421837236526816,0.3025441746387311,0.0,0.28257947892696084,0.2148618676912359,0.3497292003494648,0.34069047093894944,0.31720913293330494,0.4234700457784842,0.2857388725916766,0.0,0.0,0.0,0.0,0.0,0.0,0.0,0.0,0.0,0.33863158011742056,0.0,0.3376673003675224,0.4431423156684683,0.0,0.42857658612106714,0.0,0.31811071060095303,0.3532736932328228,0.0,0.32046948853874213,0.0,0.33901751153176274,0.0,0.25806140995277554,0.34081309551890665,0.39672771117453964,0.4679683018745468,0.4046124211618744,0.0,0.0,0.3255343284493161
0.4441923802847452,0.4516842569865539,0.5569165323871249,0.0,0.4846516097702309,0.5401461044942847,0.517946522282108,0.44554920824937133,0.53401010072465,0.33003169339554284,0.4512584287228934,0.2803631025663721,0.4284257766883053,0.33128027219789774,0.5102263119057507,0.4411101893701519,0.4121384116869542,0.40633009707345374,0.5072131115448437,0.50941589688379,0.49906490343329135,0.47875584585593256,0.538556907599654,0.22512610962187593,0.42504075965167154,0.45322630004265635,0.536059093510136,0.3886289822053468,0.499317712305834,0.48618825360524176,0.4666451479232078,0.2416885799669463,0.28562886759428496,0.29697242719364747,0.31633089833963446,0.33253856141915156,0.2802148700882649,0.28257947892696084,0.0,0.3178644243121341,0.37263081125748754,0.39804241837103443,0.284195713633029,0.3426194130169201,0.2712307684412457,0.3976251478998832,0.37947211692485366,0.494316270507305,0.3249334686571792,0.34502466732575326,0.47607091023063963,0.4125254588922105,0.3661744851402606,0.5027004802645348,0.3953309342101572,0.365399801818487,0.26057810739824516,0.42417636038833756,0.27375483195266337,0.45445093260923486,0.41849807369737907,0.3978637902955473,0.4131099612970674,0.45592030158151015,0.44227294263251093,0.40553211993552074,0.42697821027946625,0.45332318262115034,0.40288413267661105,0.39367225550106455,0.4177552586954428,0.45751250395016935,0.39274284524739134,0.4262260732254727,0.4327987757567939,0.39269467191863494
