0.0,0.3977187426564803,0.0,0.0,0.0,0.43170129125376755,0.0,0.4440519354510313,0.0,0.38756303681833515,0.0,0.39010846460692655,0.0,0.0,0.3539599159276099,0.39773543679886997,0.0,0.37532756187616234,0.0,0.4065279815375713,0.3469781259340005,0.3762430939533348,0.4258528205041123,0.3459992382597808,0.3850897854465954,0.3571478322919243,0.42151436205919707,0.0,0.44003608709551545,0.0,0.3741874306304495,0.3761744366074785,0.34117465020237336,0.0,0.0,0.0,0.0,0.4024637321057477,0.39348644286968765,0.39177898803544436,0.3646175864292264,0.0,0.0,0.0,0.0,0.33750388447017865,0.4362307134654045,0.0,0.0,0.0,0.0,0.0,0.0,0.0,0.4702878440661457,0.0,0.4770122493701718,0.0,0.0,0.0,0.4197775177947154,0.0,0.40498232372889836,0.0,0.0,0.2581637777175392,0.44751194020199025,0.0,0.3178598578437261,0.4267184629762953,0.43902206611114597,0.4229632122006368,0.0,0.0,0.0,0.4262663295901363
0.3977187426564803,0.0,0.0,0.0,0.0,0.3992239405580882,0.40252118635587836,0.4611938239142045,0.38678717482144753,0.0,0.0,0.0,0.4049880186455553,0.0,0.4122110561454934,0.42088880861036043,0.0,0.40472916866665276,0.0,0.41553105529620826,0.4012499771553893,0.39304817454301444,0.4273555745246764,0.0,0.40448872093196225,0.3994826676780917,0.4171644671985603,0.3868387643666605,0.4050457383401638,0.357446025986434,0.34323156913809655,0.37058998772696294,0.3453808295118003,0.3421985791045373,0.37714730488457915,0.0,0.0,0.0,0.43099893424053437,0.4335729131327468,0.4246801464221971,0.43101437715003366,0.0,0.0,0.0,0.43349012919614194,0.4739394914959163,0.0,0.0,0.0,0.45089331816513606,0.0,0.0,0.0,0.0,0.0,0.0,0.0,0.0,0.4547516783931071,0.43148841102439417,0.0,0.42377691816637764,0.0,0.42672047937314034,0.4418215451050781,0.4473047374575242,0.46119778175359044,0.0,0.4425072014721362,0.4677129513427308,0.45202416318131944,0.9011541799691343,0.4340611380613804,0.0,0.4080456891355082
0.0,0.0,0.0,0.45219716277140626,0.3887871180500136,0.4071627498601605,0.43618841188295465,0.47060908195469714,0.315372515404272,0.0,0.35524124718898303,0.0,0.44856311821655326,0.44890067840877323,0.0,0.0,0.0,0.0,0.31193229735672906,0.0,0.0,0.0,0.37519573962841646,0.9091618666807574,0.0,0.0,0.33857528304124435,0.443195675497716,0.0,0.0,0.4600794596166682,0.41705684975549223,0.5341648412429352,0.44985477043430017,0.4622046975233622,0.42017751696544287,0.43895814891920676,0.0,0.5215673601431932,0.0,0.0,0.0,0.4877813094967147,0.0,0.0,0.0,0.0,0.40777326632599353,0.0,0.5308486476756351,0.5626399482568208,0.5694530305447713,0.5286221547016531,0.4935254381782963,0.0,0.48045248350905573,0.0,0.5853091404290471,0.508992630543983,0.0,0.0,0.0,0.0,0.26895597876288224,0.0,0.0,0.0,0.5732473128148476,0.0,0.0,0.0,0.5483949822331211,0.0,0.0,0.0,0.5768740154753305
0.0,0.0,0.45219716277140626,0.0,0.20513653622217257,0.4022408554207284,0.26055502949451853,0.36296782607474376,0.4033036033778019,0.40236985073415954,0.3566427941533422,0.28389868183139344,0.3034028843772992,0.2604952175930239,0.0,0.0,0.0,0.0,0.43074629629123834,0.4340135796671398,0.0,0.4081210595761688,0.39950387437602913,0.0,0.0,0.0,0.40359329120869414,0.23607526206181173,0.460298893072831,0.0,0.2284826299988183,0.2560664567505013,0.28816548102279155,0.2824212808261917,0.28159181838074315,0.2001012978705041,0.17694255089841684,0.3317290127196193,0.0,0.0,0.0,0.0,0.0,0.0,0.0,0.0,0.0,0.0,0.0,0.0,0.0,0.0,0.0,0.0,0.0,0.0,0.0,0.0,0.0,0.0,0.0,0.0,0.0,0.0,0.0,0.0,0.0,0.0,0.0,0.0,0.0,0.0,0.0,0.0,0.0,0.0
0.0,0.0,0.3887871180500136,0.20513653622217257,0.0,0.3863657696577795,0.33159981440519914,0.370497374085374,0.34323314235085833,0.43455878925897407,0.32111678339167177,0.4215920551081153,0.3704892552545888,0.23158620344221656,0.0,0.0,0.0,0.5334471210941074,0.3833269335100814,0.0,0.0,0.40496204634614125,0.3982860639227671,0.48701491898414345,0.4638093370135215,0.0,0.41061009085843553,0.33420522682997594,0.0,0.0,0.4740947698277823,0.30643082032158914,0.33869039167752724,0.4562579642041926,0.4256251531769677,0.19558931762459492,0.20138760509750855,0.41491167786508876,0.5040427095328741,0.0,0.7255292329167629,0.0,0.4273790218851193,0.0,0.0,0.0,0.0,0.5095008905849396,0.0,0.5373714672407032,0.5440234933754264,0.0,0.46253875037421716,0.5388046427151191,0.0,0.45362441511106555,0.0,0.0,0.5025351396315326,0.0,0.0,0.0,0.0,0.5035184863319113,0.0,0.0,0.0,0.4951635856291636,0.0,0.0,0.0,0.5120310959651792,0.0,0.0,0.0,0.0
0.43170129125376755,0.3992239405580882,0.4071627498601605,0.4022408554207284,0.3863657696577795,0.0,0.4001976350026532,0.43703120692822506,0.34990653478145156,0.4436119847956282,0.4131816030298333,0.4661184758753839,0.3846856337841874,0.47231899026184354,0.4020257276297593,0.4378203316834855,0.7597574969230786,0.3913193179710194,0.4098794045451061,0.4332067196281526,0.41467484350464945,0.4289175957789152,0.4294029153097837,0.5182954463517214,0.37865133480254853,0.39749739011828905,0.40505508504730686,0.4147060346476242,0.36460313456130494,0.4145122239583362,0.4244376523104387,0.4016670186476329,0.3751263907110381,0.4330969244403762,0.4598070162187496,0.44568015745492223,0.42261441834376706,0.46190082944727434,0.4770958092696936,0.6121386481570658,0.4914437371358966,0.5353958441534644,0.4648036866025702,0.0,0.0,0.0,0.5023835043302927,0.5585684748615587,0.0,0.5361996963658068,0.5109921025071451,0.5303204705631592,0.48777847874778224,0.5705885647875695,0.0,0.5181039695286423,0.0,0.5108995401445385,0.0,0.4758401837758102,0.0,0.0,0.0,0.537115070878701,0.4619588221627386,0.48465861885764666,0.4678239844391717,0.5199526388317156,0.0,0.0,0.48979298360902723,0.5143613991503757,0.49026598950411393,0.4598678117112157,0.5266244523870327,0.5068457328575704
0.0,0.40252118635587836,0.43618841188295465,0.26055502949451853,0.33159981440519914,0.4001976350026532,0.0,0.4576614162736734,0.3980058101053872,0.4126962102235137,0.43997042492748684,0.3968820581172428,0.3460400942160789,0.3347659749917572,0.4407808956331438,0.4258889065819265,0.4616500806595115,0.4035973696285861,0.44276359647285,0.4346813303966503,0.0,0.4412816773987397,0.4375377696885768,0.4238880425676554,0.3897574443407524,0.39824392697695576,0.43534826511880687,0.3704682133778453,0.42938308799757297,0.38159751250810064,0.4262084325796739,0.3674226257211045,0.3824436576720982,0.39619503344696977,0.4157664626260717,0.2734512297901957,0.27838048486496914,0.3766839176086695,0.5551485638485151,0.0,0.666876213969283,0.0,0.5399253183963386,0.0,0.5131733954583045,0.0,0.0,0.0,0.0,0.0,0.5191610817385477,0.0,0.5268232582415786,0.6255254334086456,0.0,0.0,0.0,0.0,0.0,0.0,0.0,0.0,0.0,0.7692721044528993,0.0,0.0,0.0,0.5213649625799779,0.0,0.0,0.0,0.51996983980551,0.0,0.0,0.0,0.0
0.4440519354510313,0.4611938239142045,0.47060908195469714,0.36296782607474376,0.370497374085374,0.43703120692822506,0.4576614162736734,0.0,0.48246715331651047,0.0,0.3509599884607433,0.0,0.4346119360706224,0.37611587033029265,0.37989183115495695,0.0,0.0,0.0,0.4490630009405796,0.0,0.3819205578466706,0.0,0.3661803650057256,0.45553635137961274,0.44796934707424146,0.4455930377048872,0.4485772462117906,0.4201028660154996,0.40388284729690704,0.40028565621969686,0.4387549194518693,0.32751827867296307,0.36792606484670043,0.4479116093985416,0.44196913115884273,0.2904006962314244,0.33819351742619796,0.0,0.4171584833762632,0.0,0.4863906765955607,0.0,0.4426954623457368,0.0,0.0,0.0,0.0,0.5044983889899233,0.0,0.4642839121306197,0.5034272839592783,0.4962607100609576,0.38682483815828755,0.5190756478879579,0.0,0.45384848054198007,0.0,0.48959509283108305,0.4289793786869905,0.0,0.0,0.0,0.0,0.47923914737693774,0.0,0.4878149595581971,0.0,0.48988428401809847,0.0,0.0,0.0,0.5147885680489794,0.47765217253847775,0.45440167571564444,0.0,0.5041589588151506
0.0,0.38678717482144753,0.315372515404272,0.4033036033778019,0.34323314235085833,0.34990653478145156,0.3980058101053872,0.48246715331651047,0.0,0.4606416989137075,0.3592234794604721,0.4508156297302687,0.4203574846046304,0.4062800026226808,0.0,0.40721678475948897,0.8044317260266579,0.0,0.3257589467714325,0.429467056027251,0.520617771832536,0.41340490438316163,0.44495053488210207,0.5094296412462577,0.40483454108343836,0.44423704731539226,0.3783894782510511,0.45341852930096893,0.4146658928174044,0.46074223857064006,0.4856207466109862,0.42213521213457217,0.40428470455489757,0.46167556371481855,0.45261068120936077,0.4232506959251892,0.422958673067147,0.4374717187577248,0.5161051484560428,0.0,0.7671199123308517,0.0,0.4816973265748021,0.0,0.7114851828990754,0.0,0.0,0.5615416954222173,0.0,0.5760947256512982,0.5482604095452732,0.5859619970503029,0.5468595908277674,0.5666996776236884,0.0,0.5191622053140283,0.0,0.5974702155465349,0.5153228090586324,0.0,0.0,0.0,0.0,0.5416497217988964,0.0,0.0,0.0,0.5728471605064,0.0,0.0,0.0,0.5747873471917951,0.5866161256456953,0.0,0.0,0.6744499083884821
0.38756303681833515,0.0,0.0,0.40236985073415954,0.43455878925897407,0.4436119847956282,0.4126962102235137,0.0,0.4606416989137075,0.0,0.45367907824000664,0.29047067563131984,0.4218193964233207,0.0,0.0,0.3858661624134841,0.3485690082242457,0.372931484999062,0.47110723441809244,0.0,0.3982204090314433,0.40924610869076333,0.0,0.3157445151316676,0.3385067773011811,0.339493457701349,0.46034158578852524,0.4076759076268549,0.0,0.0,0.35343166219578365,0.3758756490168256,0.30444098367808925,0.3163922278207944,0.31696726590720076,0.4014828066308082,0.34340395117742334,0.26985715312982417,0.0,0.3336807240099147,0.3173030470716386,0.0,0.0,0.0,0.3164682395824112,0.0,0.0,0.0,0.0,0.0,0.0,0.0,0.0,0.0,0.44614271432542696,0.0,0.4488827000447158,0.0,0.0,0.0,0.0,0.43001321758726324,0.43125785677667805,0.0,0.0,0.0,0.0,0.0,0.4167347242440524,0.4335647640370103,0.4512648521656684,0.0,0.0,0.0,0.0,0.3934481166377999
0.0,0.0,0.35524124718898303,0.3566427941533422,0.32111678339167177,0.4131816030298333,0.43997042492748684,0.3509599884607433,0.3592234794604721,0.45367907824000664,0.0,0.4596717442072922,0.45015474909440184,0.3308619093807757,0.0,0.0,0.585760355754441,0.0,0.30040296049388354,0.0,0.0,0.0,0.35882778173156543,0.49286165399328286,0.0,0.0,0.40069875038407926,0.4468547381412207,0.0,0.0,0.5048843142295834,0.3866824978871629,0.4849460505699334,0.46286609863207834,0.46490887558995053,0.30816256772530404,0.4076461960174885,0.4421727655664926,0.45587044861496506,0.0,0.7435673593147967,0.0,0.4252227557419488,0.0,0.0,0.0,0.0,0.38743758718415866,0.0,0.4611643614374954,0.5331881793152722,0.4875020658022704,0.48570162840367825,0.4877195444436705,0.0,0.255865839176261,0.0,0.5239463630363427,0.4450204268136118,0.0,0.0,0.0,0.0,0.28070524249597895,0.0,0.0,0.0,0.521188191210942,0.0,0.0,0.0,0.5306279290740484,0.5241254254124541,0.0,0.0,0.7932816087921243
0.39010846460692655,0.0,0.0,0.28389868183139344,0.4215920551081153,0.4661184758753839,0.3968820581172428,0.0,0.4508156297302687,0.29047067563131984,0.4596717442072922,0.0,0.39931541414463395,0.0,0.0,0.0,0.3683786688090352,0.0,0.0,0.0,0.4596991859685736,0.5016234211696037,0.5082357708085936,0.27748883546696074,0.33586823175714137,0.32066791317976745,0.5005609852510393,0.35756681174030674,0.8009602030856166,0.0,0.3550495024012193,0.2510595278341029,0.27167272019004957,0.2301479613908179,0.27931984313614155,0.3123447927202247,0.2768824425980077,0.1962578262237268,0.22856080122138353,0.34974457905397277,0.3017511303766801,0.3841768839238452,0.3574021833570352,0.0,0.2962705102167457,0.4934380734742754,0.0,0.0,0.0,0.0,0.5284578531876177,0.0,0.0,0.0,0.4575074563829178,0.0,0.45555691777551294,0.3902578360510666,0.27649308428335606,0.0,0.0,0.44610401531223876,0.4453252611395128,0.0,0.0,0.0,0.0,0.0,0.43242416607773676,0.45178332827741696,0.4548525642689384,0.481523849861961,0.41324236478214676,0.0,0.0,0.4109041954551725
0.0,0.4049880186455553,0.44856311821655326,0.3034028843772992,0.3704892552545888,0.3846856337841874,0.3460400942160789,0.4346119360706224,0.4203574846046304,0.4218193964233207,0.45015474909440184,0.39931541414463395,0.0,0.37639054116380166,0.40144501972823887,0.4350842430987881,0.42046737798231587,0.4039871230950629,0.456569203907121,0.42481033066534535,0.4409710046381228,0.44542131663833473,0.432431836041452,0.4130416757872833,0.3949332883187623,0.3941027108284026,0.43798865850139374,0.3419167284702291,0.4060697658467353,0.36649158677306093,0.3982515996221136,0.3842552886768377,0.3826819544004683,0.400721083531132,0.42240002832559737,0.3293625909376785,0.3191616713881457,0.37450100283382975,0.44705019666293694,0.45900590608642816,0.450338923968319,0.5616553425952032,0.48622480500070064,0.0,0.43051775934699477,0.0,0.0,0.5833913057681982,0.0,0.0,0.499999875354913,0.0,0.477327957357629,0.0,0.5059553053988038,0.0,0.4709527311635831,0.0,0.0,0.5978115789464855,0.0,0.0,0.0,0.0,0.5179687925405249,0.5983180480519587,0.0,0.4986527205154018,0.0,0.0,0.5624667031418139,0.4879440216516877,0.0,0.48275361712183074,0.0,0.0
0.0,0.0,0.44890067840877323,0.2604952175930239,0.23158620344221656,0.47231899026184354,0.3347659749917572,0.37611587033029265,0.4062800026226808,0.0,0.3308619093807757,0.0,0.37639054116380166,0.0,0.34883242901977046,0.0,0.0,0.0,0.4054002178115653,0.0,0.0,0.0,0.42897611759971355,0.0,0.0,0.0,0.4543226845764389,0.24547749963467402,0.0,0.0,0.0,0.260305392322856,0.2204847629020713,0.41523693302840897,0.0,0.21135386750105614,0.16923565887760375,0.0,0.3860372232390437,0.0,0.0,0.0,0.3843149238218619,0.0,0.0,0.0,0.0,0.5242660936407799,0.0,0.0,0.0,0.0,0.0,0.4896820581513718,0.0,0.0,0.0,0.0,0.0,0.0,0.0,0.0,0.0,0.4833928017529854,0.0,0.0,0.0,0.5347738478012749,0.0,0.0,0.0,0.0,0.0,0.0,0.0,0.0
0.3539599159276099,0.4122110561454934,0.0,0.0,0.0,0.4020257276297593,0.4407808956331438,0.37989183115495695,0.0,0.0,0.0,0.0,0.40144501972823887,0.34883242901977046,0.0,0.42831191542023683,0.5372101211408028,0.37085389949032077,0.0,0.35106131527589846,0.38220730688967197,0.3839153588258162,0.3595189780559181,0.42438432539204,0.39801222899858807,0.37079833732138595,0.4040454485405462,0.3965256525482582,0.4009206045439629,0.36550980854046755,0.3868177527437273,0.39978501383557286,0.3814344537725883,0.3958573090227132,0.4343265207095638,0.44200666174841174,0.0,0.0,0.4387773103144402,0.4672924483756605,0.44437102942948425,0.4674666835651023,0.41747326688859304,0.0,0.0,0.33092985605981085,0.4655006648283473,0.0,0.0,0.0,0.463209034980754,0.0,0.44472756018042603,0.0,0.0,0.0,0.0,0.0,0.0,0.4747606933410481,0.48266697693303406,0.0,0.0,0.0,0.44783141600423015,0.4521130253215797,0.4776817950560867,0.47175353918544727,0.0,0.0,0.4880599337046128,0.4677948528011253,0.49030365728649816,0.44136927642521717,0.5825875049878158,0.45766265662586375
0.39773543679886997,0.42088880861036043,0.0,0.0,0.0,0.4378203316834855,0.4258889065819265,0.0,0.40721678475948897,0.3858661624134841,0.0,0.0,0.4350842430987881,0.0,0.42831191542023683,0.0,0.37619216713164483,0.36304561099435145,0.0,0.4177491437009277,0.42467711030808375,0.3886061519767257,0.4227595363454384,0.0,0.37636211376946394,0.3981673228870829,0.42405773806942837,0.4228237715538376,0.4420666545766668,0.3970429944547852,0.3697345506026392,0.41410122441731734,0.36632199383931396,0.3704226378538145,0.40427639810868937,0.43905587700300774,0.0,0.0,0.41086195744603965,0.3844814133375307,0.4011211523939773,0.4072634293596538,0.0,0.0,0.0,0.463360688439793,0.44497177285305406,0.0,0.0,0.0,0.0,0.0,0.0,0.0,0.0,0.0,0.0,0.0,0.0,0.4502516059591559,0.4187139329351934,0.0,0.37899885399570543,0.0,0.4518979520855801,0.43340745646178386,0.4354705055306648,0.0,0.0,0.40293109291444984,0.4503951809684905,0.47598707227404347,0.0,0.48681601869783353,0.0,0.38836436638369987
0.0,0.0,0.0,0.0,0.0,0.7597574969230786,0.4616500806595115,0.0,0.8044317260266579,0.3485690082242457,0.585760355754441,0.3683786688090352,0.42046737798231587,0.0,0.5372101211408028,0.37619216713164483,0.0,0.3389536139512382,0.0,0.41091384772980016,0.0,0.38542557906126307,0.0,0.36611265806939153,0.3646339424421341,0.3729519097057722,0.764976480074298,0.4059443160302468,0.45578967255885666,0.6900239688616435,0.3579675897897931,0.394785747539421,0.3500465326490676,0.3534109284399384,0.3479652990715455,0.4043813095507547,0.0,0.3244831251232199,0.3778840241973037,0.33520549612110384,0.0,0.0,0.0,0.0,0.0,0.0,0.0,0.0,0.0,0.0,0.0,0.0,0.0,0.0,0.43098156501207807,0.0,0.4288909020191655,0.0,0.0,0.0,0.0,0.43993383668942987,0.4261532343318547,0.0,0.0,0.0,0.0,0.0,0.43108332380618053,0.4596687182720347,0.4425379178239395,0.0,0.0,0.0,0.0,0.0
0.37532756187616234,0.40472916866665276,0.0,0.0,0.5334471210941074,0.3913193179710194,0.4035973696285861,0.0,0.0,0.372931484999062,0.0,0.0,0.4039871230950629,0.0,0.37085389949032077,0.36304561099435145,0.3389536139512382,0.0,0.0,0.39931122590519175,0.0,0.4015246588999283,0.4063361375766633,0.3621230736387181,0.3568183785034014,0.37765792346870936,0.3856961511859502,0.40083685560023247,0.4152234745882407,0.0,0.37165958943195193,0.3914206237965145,0.36240415043717256,0.36296110264187786,0.3591597176254024,0.0,0.0,0.0,0.4094701067368449,0.32822745548290755,0.3359831636950798,0.0,0.0,0.0,0.0,0.4182799113600387,0.4146668588820693,0.0,0.0,0.0,0.0,0.0,0.0,0.0,0.389610235770994,0.0,0.4056825435665349,0.0,0.0,0.0,0.39267824060336104,0.38694823441357024,0.3702547455374281,0.0,0.0,0.0,0.3980886600863501,0.0,0.403181996970875,0.39866105042401856,0.4096440521378194,0.0,0.0,0.0,0.0,0.38018336517163476
0.0,0.0,0.31193229735672906,0.43074629629123834,0.3833269335100814,0.4098794045451061,0.44276359647285,0.4490630009405796,0.3257589467714325,0.47110723441809244,0.30040296049388354,0.0,0.456569203907121,0.4054002178115653,0.0,0.0,0.0,0.0,0.0,0.0,0.0,0.0,0.397171080275637,0.7251567594755087,0.0,0.0,0.39603541642899526,0.4617738897305012,0.0,0.0,0.4660593606166446,0.40647508245886327,0.4791037560433223,0.45092338258098774,0.4529012681849582,0.40331387076286634,0.43225890520845517,0.42529219203772756,0.5022751217698168,0.0,0.0,0.0,0.46544701851699155,0.0,0.0,0.0,0.0,0.5179680638515348,0.0,0.5256976604599279,0.5389151926978561,0.0,0.5178460698705329,0.5542629529748323,0.0,0.47178126626517086,0.0,0.0,0.4956850880383447,0.0,0.0,0.0,0.0,0.5102752456079627,0.0,0.0,0.0,0.5524842852056167,0.0,0.0,0.0,0.5481922802153029,0.0,0.0,0.0,0.0
0.4065279815375713,0.41553105529620826,0.0,0.4340135796671398,0.0,0.4332067196281526,0.4346813303966503,0.0,0.429467056027251,0.0,0.0,0.0,0.42481033066534535,0.0,0.35106131527589846,0.4177491437009277,0.41091384772980016,0.39931122590519175,0.0,0.0,0.4143548804317112,0.378806737534047,0.3101172476295667,0.5136399232923388,0.39747397692482034,0.39630300802879337,0.3859103877815852,0.38419217123471516,0.32983442146116454,0.33516948505121,0.3662350870146487,0.39218841533765075,0.35502940570673114,0.38687620117466626,0.42583526739749816,0.466937447643507,0.43888313405248486,0.0,0.41763857599851384,0.4323121532803047,0.4436476332729849,0.45213870501136333,0.5318305512563957,0.0,0.0,0.0,0.43406344902530064,0.0,0.0,0.0,0.4588481542630016,0.0,0.48700530860395175,0.0,0.0,0.0,0.0,0.0,0.0,0.44939397925913244,0.49054689320303935,0.0,0.0,0.0,0.4392258946880259,0.440509285280207,0.4364339258697219,0.4648591074013024,0.0,0.5465405121012724,0.44610139523189474,0.46582735861681895,0.47101751618262366,0.43927745255368145,0.0,0.45540935886300815
0.3469781259340005,0.4012499771553893,0.0,0.0,0.0,0.41467484350464945,0.0,0.3819205578466706,0.520617771832536,0.3982204090314433,0.0,0.4596991859685736,0.4409710046381228,0.0,0.38220730688967197,0.42467711030808375,0.0,0.0,0.0,0.4143548804317112,0.0,0.4176971130446393,0.391545221178372,0.4226004691648171,0.40997952555320505,0.3941414521480702,0.42498167109172946,0.42867190147011874,0.4216587229267327,0.0,0.3615090968312859,0.3739714156841756,0.371220714773749,0.38594388556210435,0.4638522468573937,0.0,0.0,0.0,0.421385502510228,0.40083398681467947,0.4373988527076428,0.4560014092702375,0.0,0.0,0.0,0.3256852341873329,0.4557310557498717,0.0,0.0,0.0,0.4445753663951985,0.0,0.3909126510005442,0.0,0.0,0.0,0.0,0.0,0.0,0.45334332917059716,0.43507896503259064,0.0,0.0,0.0,0.4347761965426759,0.3686571991911549,0.46097959256429927,0.4561860437512339,0.0,0.0,0.472244238562988,0.4643762847311461,0.46588992637004467,0.4273003046165748,0.0,0.4600911045383993
0.3762430939533348,0.39304817454301444,0.0,0.4081210595761688,0.40496204634614125,0.4289175957789152,0.4412816773987397,0.0,0.41340490438316163,0.40924610869076333,0.0,0.5016234211696037,0.44542131663833473,0.0,0.3839153588258162,0.3886061519767257,0.38542557906126307,0.4015246588999283,0.0,0.378806737534047,0.4176971130446393,0.0,0.41009462593789836,0.4639655762920591,0.39136040677304473,0.3831116072199313,0.4345125970978801,0.4150215697561923,0.4040521405114557,0.3596410028719548,0.3672638031155808,0.3951281972004471,0.35998247049313803,0.3882067984399958,0.4320220037738202,0.47134064559746863,0.4372432427196275,0.0,0.40504625683741297,0.4243419095097237,0.4297204189986562,0.4511078971120124,0.521439397764977,0.0,0.0,0.41595369581566544,0.43255464901835006,0.0,0.0,0.0,0.4456510581386532,0.0,0.4512360365803052,0.0,0.0,0.0,0.0,0.0,0.0,0.46895918262815905,0.417659465726381,0.0,0.43190485037727866,0.0,0.4397129193887981,0.44951172916209936,0.44599248140222375,0.4594785488836898,0.0,0.41325943399386716,0.46635107061201303,0.44811917610051155,0.5093647204339726,0.42747647682255485,0.0,0.4313065409580259
0.4258528205041123,0.4273555745246764,0.37519573962841646,0.39950387437602913,0.3982860639227671,0.4294029153097837,0.4375377696885768,0.3661803650057256,0.44495053488210207,0.0,0.35882778173156543,0.5082357708085936,0.432431836041452,0.42897611759971355,0.3595189780559181,0.4227595363454384,0.0,0.4063361375766633,0.397171080275637,0.3101172476295667,0.391545221178372,0.41009462593789836,0.0,0.44587936909294773,0.403718961317237,0.4235944851275045,0.35624871390663954,0.42330689949396305,0.4142255874833652,0.4089094006777001,0.42264242136510505,0.3940100774087563,0.3597856568854828,0.42222346805381095,0.4366899318880155,0.4055405135007662,0.4132193451307662,0.4897979516861135,0.4817795825758359,0.45444308301624375,0.5241572221623756,0.5098866465403563,0.48124374297727485,0.0,0.0,0.0,0.0,0.5195154941886102,0.0,0.5163551639630256,0.5158151918390818,0.5231712449284812,0.485775862514205,0.5613025422746493,0.0,0.49091001177715343,0.0,0.5138822667891506,0.49574949448535377,0.4682975680148692,0.0,0.0,0.0,0.4627099379924921,0.4690219776378979,0.46315297633687946,0.46034354127524174,0.5234490145150427,0.0,0.0,0.46712114056962895,0.5214236835806308,0.5071905428346117,0.4740301152836265,0.5087252325730934,0.5172120088557806
0.3459992382597808,0.0,0.9091618666807574,0.0,0.48701491898414345,0.5182954463517214,0.4238880425676554,0.45553635137961274,0.5094296412462577,0.3157445151316676,0.49286165399328286,0.27748883546696074,0.4130416757872833,0.0,0.42438432539204,0.0,0.36611265806939153,0.3621230736387181,0.7251567594755087,0.5136399232923388,0.4226004691648171,0.4639655762920591,0.44587936909294773,0.0,0.35597757656692075,0.3472096450860882,0.46602423495586026,0.3808348743538947,0.506023934785583,0.0,0.3700887807945754,0.28177525939362547,0.23305003292963827,0.22910239648195152,0.25261257673876036,0.34879445592131847,0.2620637835544978,0.21045779408789136,0.24815782954508112,0.3136512154221187,0.22828455359248132,0.0,0.3370138430067628,0.0,0.2703934828484952,0.37848154836892706,0.0,0.0,0.0,0.0,0.6239633526048319,0.0,0.0,0.0,0.4306465560083269,0.0,0.4274080000729587,0.0,0.0,0.0,0.0,0.4557757289408785,0.4469353721763092,0.0,0.3705322964330641,0.0,0.0,0.3889602292698775,0.3923092384427508,0.44525438433833225,0.44876348860170384,0.36133798800221795,0.34549360723233175,0.0,0.0,0.4163022123664623
0.3850897854465954,0.40448872093196225,0.0,0.0,0.4638093370135215,0.37865133480254853,0.3897574443407524,0.44796934707424146,0.40483454108343836,0.3385067773011811,0.0,0.33586823175714137,0.3949332883187623,0.0,0.39801222899858807,0.37636211376946394,0.3646339424421341,0.3568183785034014,0.0,0.39747397692482034,0.40997952555320505,0.39136040677304473,0.403718961317237,0.35597757656692075,0.0,0.3660495265133335,0.39159436458306845,0.39177176518099865,0.3977637487459663,0.0,0.3572209203986427,0.36834141341065785,0.3282937450776384,0.33690655126903607,0.34383837752353563,0.4288565469583617,0.0,0.31153305328706926,0.4353223727778369,0.36714521802081057,0.38362043047560507,0.3776539017524463,0.0,0.0,0.32003114882464084,0.42369104835581245,0.44639375091580363,0.0,0.0,0.0,0.0,0.0,0.0,0.0,0.4256142124473254,0.0,0.4365704413308534,0.5498192194026525,0.0,0.405601050575442,0.412486643988819,0.4261133345881457,0.4064506771456087,0.0,0.4066888464694362,0.4487068176462775,0.38314320107241767,0.0,0.4333665228894186,0.4316361706181544,0.4452790506390228,0.0,0.0,0.4382131640260976,0.0,0.4038620169120245
0.3571478322919243,0.3994826676780917,0.0,0.0,0.0,0.39749739011828905,0.39824392697695576,0.4455930377048872,0.44423704731539226,0.339493457701349,0.0,0.32066791317976745,0.3941027108284026,0.0,0.37079833732138595,0.3981673228870829,0.3729519097057722,0.37765792346870936,0.0,0.39630300802879337,0.3941414521480702,0.3831116072199313,0.4235944851275045,0.3472096450860882,0.3660495265133335,0.0,0.43010320839254434,0.37914257736411194,0.3950847851316526,0.0,0.35574214792201786,0.3773795969108658,0.3525720711578097,0.3499788736913251,0.3830508310023625,0.40721258018097806,0.43138213227481104,0.3134685017431014,0.4180475987390794,0.39753223581017,0.419838544341865,0.4512552830885229,0.0,0.0,0.39791741719518475,0.42416674927660847,0.4744219439721727,0.0,0.0,0.0,0.4678457084097771,0.0,0.0,0.0,0.446087866936413,0.0,0.45033370177206655,0.5191611597895671,0.0,0.49181831339935517,0.44194834556855156,0.4530533466837418,0.4303564087210233,0.0,0.4494506390299711,0.46567934075489326,0.46712183303088234,0.46847006611760156,0.4349310334575538,0.44518041828917776,0.46333393875559803,0.47519089465659214,0.4810674859086144,0.44645582812146417,0.0,0.4240239452588361
0.42151436205919707,0.4171644671985603,0.33857528304124435,0.40359329120869414,0.41061009085843553,0.40505508504730686,0.43534826511880687,0.4485772462117906,0.3783894782510511,0.46034158578852524,0.40069875038407926,0.5005609852510393,0.43798865850139374,0.4543226845764389,0.4040454485405462,0.42405773806942837,0.764976480074298,0.3856961511859502,0.39603541642899526,0.3859103877815852,0.42498167109172946,0.4345125970978801,0.35624871390663954,0.46602423495586026,0.39159436458306845,0.43010320839254434,0.0,0.4231176627974443,0.38099351669288783,0.39439871501247187,0.4026242918597436,0.3987362484900391,0.36129021875494166,0.41575275728333716,0.43599167208384915,0.4355795310810107,0.41679779064032607,0.5051165872106796,0.4790020381363744,0.4801335972261301,0.497655098494632,0.49169516159483134,0.47603718435816705,0.0,0.0,0.0,0.46238762309821113,0.5492000086847486,0.0,0.5462197477634745,0.5167451629254455,0.5262815807476979,0.5031692217950413,0.5612716716809921,0.0,0.5248058366068628,0.0,0.5076782239318922,0.4098036142411357,0.4660188539699771,0.0,0.0,0.0,0.5364220993979404,0.4677905039666683,0.4696329579661376,0.45828475898055765,0.5224872035230771,0.0,0.0,0.46811224611255087,0.5158483922654248,0.49253352106312676,0.46790625038699185,0.5237666922589858,0.5089379294861359
0.0,0.3868387643666605,0.443195675497716,0.23607526206181173,0.33420522682997594,0.4147060346476242,0.3704682133778453,0.4201028660154996,0.45341852930096893,0.4076759076268549,0.4468547381412207,0.35756681174030674,0.3419167284702291,0.24547749963467402,0.3965256525482582,0.4228237715538376,0.4059443160302468,0.40083685560023247,0.4617738897305012,0.38419217123471516,0.42867190147011874,0.4150215697561923,0.42330689949396305,0.3808348743538947,0.39177176518099865,0.37914257736411194,0.4231176627974443,0.0,0.34746798984895166,0.2916454697841316,0.3645665782366803,0.36045817866025176,0.34984662694472507,0.3561584520677172,0.3178944828599445,0.2616496568685052,0.23572013167887343,0.3353638485824283,0.31528246482807254,0.362697616630051,0.4050259378869077,0.4372621183856118,0.48265168822206106,0.0,0.3273045219256339,0.0,1.0,0.617618803837128,0.0,0.0,0.4786670887624786,0.0,0.45605569484532704,0.6703489731239214,0.0,0.0,0.3716408972910905,0.0,0.0,0.4750725829825921,0.0,0.0,0.0,0.0,0.44839138937239664,0.4864410192321101,0.4890721413047925,0.4982048220125525,0.0,0.0,0.4943212688346732,0.4896416552907438,0.48098888232944575,0.4556551834203711,0.0,0.47541612450664494
0.44003608709551545,0.4050457383401638,0.0,0.460298893072831,0.0,0.36460313456130494,0.42938308799757297,0.40388284729690704,0.4146658928174044,0.0,0.0,0.8009602030856166,0.4060697658467353,0.0,0.4009206045439629,0.4420666545766668,0.45578967255885666,0.4152234745882407,0.0,0.32983442146116454,0.4216587229267327,0.4040521405114557,0.4142255874833652,0.506023934785583,0.3977637487459663,0.3950847851316526,0.38099351669288783,0.34746798984895166,0.0,0.3291875993205902,0.35723280157856535,0.37908750088939447,0.3314123347937344,0.3813038780256754,0.4232445119656823,0.4643364223276865,0.4447620926056026,0.639967822960176,0.44972239833017963,0.48143978301942164,0.4774328049885941,0.4937585353593176,0.4882847849905155,0.0,0.0,0.0,0.4463541882610202,0.582797588339978,0.0,0.0,0.46658676413590916,0.5743100869385267,0.46442372314652064,0.7236942846279476,0.0,0.0,0.0,0.5095798211980456,0.0,0.43601718753896557,0.0,0.0,0.0,0.7950254600005582,0.44805085922808846,0.4520216931198941,0.4103751908355855,0.4948005818033589,0.0,0.0,0.4488097128590742,0.48419623423446717,0.47841346722442496,0.4529126968103491,0.5090577091948428,0.47506793377697715
0.0,0.357446025986434,0.0,0.0,0.0,0.4145122239583362,0.38159751250810064,0.40028565621969686,0.46074223857064006,0.0,0.0,0.0,0.36649158677306093,0.0,0.36550980854046755,0.3970429944547852,0.6900239688616435,0.0,0.0,0.33516948505121,0.0,0.3596410028719548,0.4089094006777001,0.0,0.0,0.0,0.39439871501247187,0.2916454697841316,0.3291875993205902,0.0,0.3243452878327658,0.3665530529641546,0.0,0.33608792132976345,0.38792413195652126,0.0,0.0,0.0,0.0,0.0,0.0,0.0,0.0,0.0,0.0,0.0,0.0,0.0,0.0,0.0,0.0,0.0,0.0,0.0,0.0,0.0,0.0,0.0,0.0,0.0,0.0,0.0,0.0,0.0,0.0,0.0,0.0,0.4926372434941433,0.0,0.0,0.0,0.49177442713403174,0.0,0.0,0.0,0.0
0.3741874306304495,0.34323156913809655,0.4600794596166682,0.2284826299988183,0.4740947698277823,0.4244376523104387,0.4262084325796739,0.4387549194518693,0.4856207466109862,0.35343166219578365,0.5048843142295834,0.3550495024012193,0.3982515996221136,0.0,0.3868177527437273,0.3697345506026392,0.3579675897897931,0.37165958943195193,0.4660593606166446,0.3662350870146487,0.3615090968312859,0.3672638031155808,0.42264242136510505,0.3700887807945754,0.3572209203986427,0.35574214792201786,0.4026242918597436,0.3645665782366803,0.35723280157856535,0.3243452878327658,0.0,0.36548936566884616,0.3027733894610777,0.2633501070498486,0.21290521172344853,0.4585587023659192,0.28353491075061976,0.2683163801109586,0.37837558097525953,0.3270850947067991,0.3835791651324554,0.0,0.5821400052826032,0.0,0.0,0.37280746155027084,0.42965889989751527,0.0,0.0,0.0,0.5227290929179129,0.0,0.48187096702586957,1.0,0.4322940064631702,0.0,0.4375665968100557,0.0,0.0,0.45475315345138895,0.40943183552626916,0.0,0.4062192273059777,0.0,0.43044973297490846,0.38158838936003875,0.4140442079143086,0.526113107270628,0.39738454556031955,0.42045764607235137,0.44836089681850816,0.4974514385342752,0.0,0.0,0.0,0.42880741144054463
0.3761744366074785,0.37058998772696294,0.41705684975549223,0.2560664567505013,0.30643082032158914,0.4016670186476329,0.3674226257211045,0.32751827867296307,0.42213521213457217,0.3758756490168256,0.3866824978871629,0.2510595278341029,0.3842552886768377,0.260305392322856,0.39978501383557286,0.41410122441731734,0.394785747539421,0.3914206237965145,0.40647508245886327,0.39218841533765075,0.3739714156841756,0.3951281972004471,0.3940100774087563,0.28177525939362547,0.36834141341065785,0.3773795969108658,0.3987362484900391,0.36045817866025176,0.37908750088939447,0.3665530529641546,0.36548936566884616,0.0,0.3132162187551976,0.3376044247448973,0.3416700760652028,0.27209835711089236,0.2972745318390995,0.22239827161764444,0.2397444858121469,0.24923570351102164,0.2632875545269237,0.27635646328130486,0.3355702862383579,0.25393405673039493,0.2639851592867667,0.39724034143722003,0.431121003117581,0.5139477485095663,0.0,0.0,0.4731362318062203,0.4698375384769249,0.4777819537829976,0.5251855500616314,0.3852485116083998,0.4691369056703092,0.2532815613783081,0.419419076292043,0.0,0.43599312380970306,0.41103991134309475,0.41022996518435456,0.38230919977222116,0.5464830679395282,0.4108466325361504,0.38902614930639723,0.4188775394690199,0.4972970128871387,0.22362107867658312,0.40176874531871026,0.4340796748939343,0.4878567144886315,0.37020601485311255,0.42261317117207886,0.0,0.38992368619225
0.34117465020237336,0.3453808295118003,0.5341648412429352,0.28816548102279155,0.33869039167752724,0.3751263907110381,0.3824436576720982,0.36792606484670043,0.40428470455489757,0.30444098367808925,0.4849460505699334,0.27167272019004957,0.3826819544004683,0.2204847629020713,0.3814344537725883,0.36632199383931396,0.3500465326490676,0.36240415043717256,0.4791037560433223,0.35502940570673114,0.371220714773749,0.35998247049313803,0.3597856568854828,0.23305003292963827,0.3282937450776384,0.3525720711578097,0.36129021875494166,0.34984662694472507,0.3314123347937344,0.0,0.3027733894610777,0.3132162187551976,0.0,0.2264075557872921,0.3465121623351206,0.39766676804743484,0.24409332880148032,0.1758460692636352,0.2335669790246575,0.2092285686617513,0.21239671324823192,0.3099752620416295,0.0,0.0,0.22028460732335076,0.39641973484922904,0.4300931193766444,0.0,0.0,0.0,0.0,0.0,0.0,0.0,0.3720491343936644,0.0,0.38886674326827436,0.4428130143399057,0.0,0.45744266824127644,0.40812721995604917,0.3961228847782219,0.39158936697592533,0.0,0.0,0.0,0.4247975360483485,0.4448853854682902,0.35357879495962125,0.4065536157079958,0.42172570283645655,0.4170702289117358,0.3482699098956116,0.0,0.0,0.31439669778346147
0.0,0.3421985791045373,0.44985477043430017,0.2824212808261917,0.4562579642041926,0.4330969244403762,0.39619503344696977,0.4479116093985416,0.46167556371481855,0.3163922278207944,0.46286609863207834,0.2301479613908179,0.400721083531132,0.41523693302840897,0.3958573090227132,0.3704226378538145,0.3534109284399384,0.36296110264187786,0.45092338258098774,0.38687620117466626,0.38594388556210435,0.3882067984399958,0.42222346805381095,0.22910239648195152,0.33690655126903607,0.3499788736913251,0.41575275728333716,0.3561584520677172,0.3813038780256754,0.33608792132976345,0.2633501070498486,0.3376044247448973,0.2264075557872921,0.0,0.25825328467633096,0.40024238997320344,0.2674763232557504,0.21825258362086913,0.28635466315374436,0.25531280805798967,0.3208484981552787,0.3657963603829539,0.40896731424842114,0.3873202856273412,0.2978454695386201,0.3753565963374091,0.4210342257071773,0.801091563542732,0.0,0.7862616347251338,0.48575720584365795,0.5756593346761243,0.47283866135511277,0.929547084021505,0.3851230887788979,0.8295828289622698,0.3394101642068132,0.4611667362124531,0.0,0.43829982548908175,0.40822989636775303,0.42431252891437354,0.3958113582837268,0.0,0.4217901244446596,0.4062475009634511,0.42502323141247494,0.5222364991628291,0.34252172472410947,0.41424687736293486,0.4412985649587415,0.5144229820974405,0.38288871871018354,0.4459512487082538,0.0,0.0
0.0,0.37714730488457915,0.4622046975233622,0.28159181838074315,0.4256251531769677,0.4598070162187496,0.4157664626260717,0.44196913115884273,0.45261068120936077,0.31696726590720076,0.46490887558995053,0.27931984313614155,0.42240002832559737,0.0,0.4343265207095638,0.40427639810868937,0.3479652990715455,0.3591597176254024,0.4529012681849582,0.42583526739749816,0.4638522468573937,0.4320220037738202,0.4366899318880155,0.25261257673876036,0.34383837752353563,0.3830508310023625,0.43599167208384915,0.3178944828599445,0.4232445119656823,0.38792413195652126,0.21290521172344853,0.3416700760652028,0.3465121623351206,0.25825328467633096,0.0,0.3971016255996856,0.32023921122135107,0.25174085897703985,0.28330683365317244,0.24693080672906134,0.32595894084136384,0.32923023070768254,0.35236103767123916,0.3242292467568223,0.31173506781725885,0.3206811193726713,0.4430362117994239,0.0,0.0,0.734191002400191,0.5684941823051018,0.5809669962500249,0.46056086310242383,0.0,0.36264116313143346,0.9452491052924226,0.3051908024836923,0.4890397905035643,0.0,0.4645845078496917,0.46472517279642134,0.0,0.0,0.0,0.4445705482591113,0.43040415894416395,0.4384379236525948,0.5141902579118808,0.2421816663232931,0.4143870985504733,0.4443191721265409,0.5063738374470249,0.3931157156227491,0.50146675083287,0.0,0.47617635134467645
0.0,0.0,0.42017751696544287,0.2001012978705041,0.19558931762459492,0.44568015745492223,0.2734512297901957,0.2904006962314244,0.4232506959251892,0.4014828066308082,0.30816256772530404,0.3123447927202247,0.3293625909376785,0.21135386750105614,0.44200666174841174,0.43905587700300774,0.4043813095507547,0.0,0.40331387076286634,0.466937447643507,0.0,0.47134064559746863,0.4055405135007662,0.34879445592131847,0.4288565469583617,0.40721258018097806,0.4355795310810107,0.2616496568685052,0.4643364223276865,0.0,0.4585587023659192,0.27209835711089236,0.39766676804743484,0.40024238997320344,0.3971016255996856,0.0,0.21738466439084778,0.30181158950608,0.2865501085948901,0.23809128021145198,0.36234511224284377,0.28317639590916277,0.37568859891439366,0.35440578581349047,0.3238785345169431,0.0,0.0,0.4803307351156518,0.0,0.433538348922666,0.44221904417832275,0.49274696393383516,0.4487885242627697,0.48006452093708546,0.0,0.42150138932769676,0.3022546981963121,0.5138465227432598,0.0,0.45430936657393556,0.0,0.0,0.0,0.4432514279557595,0.47813936663110423,0.0,0.3990233934235582,0.4776935885778964,0.0,0.0,0.0,0.4665788394871882,0.4696847039010117,0.48294589680436373,0.0,0.5678964250331933
0.0,0.0,0.43895814891920676,0.17694255089841684,0.20138760509750855,0.42261441834376706,0.27838048486496914,0.33819351742619796,0.422958673067147,0.34340395117742334,0.4076461960174885,0.2768824425980077,0.3191616713881457,0.16923565887760375,0.0,0.0,0.0,0.0,0.43225890520845517,0.43888313405248486,0.0,0.4372432427196275,0.4132193451307662,0.2620637835544978,0.0,0.43138213227481104,0.41679779064032607,0.23572013167887343,0.4447620926056026,0.0,0.28353491075061976,0.2972745318390995,0.24409332880148032,0.2674763232557504,0.32023921122135107,0.21738466439084778,0.0,0.26143932563645605,0.20826239512570405,0.22506498722418966,0.3001586136785704,0.3436425468651156,0.0,0.0,0.28841068184848706,0.0,0.0,0.0,0.0,0.0,0.0,0.0,0.0,0.0,0.0,0.0,0.29302625494090084,0.7568423672376408,0.0,0.0,0.0,0.0,0.0,0.0,0.0,0.0,0.0,0.0,0.0,0.0,0.0,0.5702783178198328,0.0,0.0,0.0,0.0
0.4024637321057477,0.0,0.0,0.3317290127196193,0.41491167786508876,0.46190082944727434,0.3766839176086695,0.0,0.4374717187577248,0.26985715312982417,0.4421727655664926,0.1962578262237268,0.37450100283382975,0.0,0.0,0.0,0.3244831251232199,0.0,0.42529219203772756,0.0,0.0,0.0,0.4897979516861135,0.21045779408789136,0.31153305328706926,0.3134685017431014,0.5051165872106796,0.3353638485824283,0.639967822960176,0.0,0.2683163801109586,0.22239827161764444,0.1758460692636352,0.21825258362086913,0.25174085897703985,0.30181158950608,0.26143932563645605,0.0,0.22347035307854246,0.213035611888722,0.26157868767642234,0.2960634791593045,0.43259045202272217,0.0,0.23674565452653418,0.0,0.0,0.0,0.0,0.4573589059723448,0.0,0.6085393198062122,0.0,0.6846118872071368,0.3499643217979738,0.0,0.3030649818946955,0.4373318238770382,0.0,0.0,0.0,0.0,0.0,0.0,0.0,0.0,0.0,0.0,0.30628878383139807,0.0,0.3882055546110274,0.0,0.35126042914628486,0.0,0.0,0.2912932324170987
