0.0,0.28149741128178246,0.0,0.0,0.0,0.0,0.0,0.34987422261107537,0.0,0.29167402192883535,0.0,0.2702275582183447,0.0,0.35522801586461655,0.2805609501535249,0.2762361570376541,0.25154793993797536,0.2575033545011316,0.0,0.3011220512349516,0.28034610453220166,0.27152689377069555,0.3169383933405809,0.2503755613586845,0.2515071067389447,0.26674019123261405,0.313614106119778,0.335657184048204,0.3208544294804673,0.0,0.25516612181930315,0.29945753698255523,0.21673155591549248,0.24677243227870851,0.2785998342144137,0.0,0.0,0.0,0.3300233721965718,0.2792874005278156,0.28625646749992656,0.3316984935859385,0.0,0.0,0.0,0.30172952321306196,0.3240603283267388,0.0,0.0,0.0,0.0,0.0,0.0,0.0,0.0,0.0,0.0,0.0,0.0,0.0,0.3159537206624654,0.0,0.3068364072282187,0.0,0.0,0.31161019257901335,0.3663701522707886,0.33537459979476697,0.2726551595746092,0.31174564425903306,0.3267274019245004,0.0,0.0,0.31727946290798126,0.0,0.3130045568066658
0.28149741128178246,0.0,0.0,0.0,0.282519628853006,0.26692715090686253,0.29379671050421446,0.3186309329025862,0.28083352650473536,0.0,0.0,0.0,0.29988074920964675,0.0,0.28604948163233695,0.29058157274634394,0.0,0.2809192757161907,0.0,0.2844505522478351,0.27668488025160454,0.27959074626941527,0.2912737204359673,0.0,0.2656659190776496,0.26925418079905244,0.2794265034179461,0.29730811761190795,0.2802474108076104,0.3087923019256651,0.2540752182841879,0.29877642271631816,0.23516389794994075,0.2470819465181905,0.2915750287766914,0.0,0.0,0.0,0.3272341161894922,0.3050472851102384,0.29715723181176307,0.3104032769251606,0.0,0.0,0.0,0.3227693149905671,0.3203340209055546,0.0,0.0,0.0,0.0,0.0,0.0,0.0,0.0,0.0,0.0,0.0,0.0,0.335836937251609,0.3159499914809367,0.0,0.31265169282570004,0.0,0.30923395382517443,0.330376450975935,0.30987307402166875,0.3484279310699247,0.0,0.32275752293931237,0.337377856942671,0.3297525696513069,0.0,0.3150586443195731,0.0,0.29900365939225493
0.0,0.0,0.0,0.3334348828142798,0.2858498226498214,0.2557095621377069,0.317289014705227,0.3466376321133423,0.20062797317652825,0.0,0.2321810516502079,0.0,0.328815150722614,0.3460909136882568,0.0,0.0,0.0,0.0,0.19795330506209652,0.0,0.0,0.0,0.2186963461471759,0.0,0.0,0.0,0.20462529171769517,0.33006875246517176,0.0,0.355618422199361,0.3467237894596481,0.32532893737576274,0.0,0.34136908739890726,0.3370396557322645,0.30779886728838546,0.3274411310871178,0.0,0.39047144236253545,0.0,0.47396280802886537,0.0,0.38818365142476796,0.0,0.0,0.0,0.0,0.2922184586911042,0.0,0.4328297838961781,0.4050152182090502,0.0,0.41566171164540483,0.3970505753176464,0.0,0.3534959911519803,0.0,0.0,0.3976279610895184,0.0,0.0,0.0,0.0,0.26925579231431346,0.0,0.0,0.0,0.44639137050191374,0.0,0.0,0.0,0.39550626966219676,0.0,0.5120019237335695,0.0,0.0
0.0,0.0,0.3334348828142798,0.0,0.21010603134715025,0.28453243502993086,0.20202791687175725,0.27503353500182465,0.300837671358329,0.0,0.2633306417510714,0.0,0.21964906602392792,0.18730295446735942,0.0,0.0,0.0,0.0,0.3089407560901809,0.3047450787599707,0.0,0.29703619948309057,0.2893605646816885,0.0,0.0,0.0,0.3044708807341642,0.1871426791426653,0.0,0.0,0.0,0.2071724390232231,0.0,0.20137543643715713,0.17645994988511962,0.12956207056794353,0.13123705273663255,0.0,0.0,0.0,0.0,0.0,0.0,0.0,0.0,0.0,0.0,0.0,0.0,0.0,0.0,0.0,0.0,0.0,0.0,0.0,0.0,0.0,0.0,0.0,0.0,0.0,0.0,0.0,0.0,0.0,0.0,0.0,0.0,0.0,0.0,0.0,0.0,0.0,0.0,0.0
0.0,0.282519628853006,0.2858498226498214,0.21010603134715025,0.0,0.2706860413876857,0.24192002765497528,0.2850762744197421,0.24376678619755016,0.31449652340890766,0.25004106930812536,0.0,0.24347885170864916,0.2355327508636982,0.0,0.0,0.0,0.0,0.28034974562754567,0.2681919263235018,0.0,0.28393799811403186,0.2851593221140018,0.0,0.0,0.28976278870510563,0.28445723076676627,0.23591173850053,0.28041366780052485,0.0,0.318565978948783,0.2776546439480004,0.0,0.30369786144577776,0.24359017041019398,0.16144935827547324,0.20977214950526119,0.28582724328662423,0.3396567809622614,0.0,0.0,0.0,0.3075983425994823,0.0,0.0,0.0,0.0,0.40373417057091904,0.0,0.0,0.0,0.0,0.34136256259938264,0.41198902274636906,0.0,0.3718217530322022,0.0,0.0,0.0,0.0,0.0,0.0,0.0,0.382194284788376,0.0,0.0,0.0,0.3632587080623823,0.0,0.0,0.0,0.3454940567096937,0.0,0.0,0.0,0.0
0.0,0.26692715090686253,0.2557095621377069,0.28453243502993086,0.2706860413876857,0.0,0.29124394950873217,0.30244058696348763,0.2553822610907898,0.0,0.2705151701309446,0.0,0.2815671381871261,0.29909411447823503,0.294761445804379,0.2876320915908059,0.0,0.0,0.26989171677741575,0.2745280188310335,0.29323197539700024,0.28345287021531135,0.2806141954486706,0.0,0.26356090728444564,0.26678036920500425,0.2763574380051538,0.2748706145078195,0.24135634145657453,0.300053442419855,0.30656088903846473,0.2941752022078525,0.26950629113858365,0.31059651421608564,0.3054677065332496,0.3017000275292644,0.29871148505525774,0.0,0.385190684614181,0.0,0.3728670175203628,0.344705644128456,0.343273764423678,0.0,0.0,0.0,0.0,0.3990083403412291,0.0,0.0,0.37373547307424143,0.3869439283047931,0.35172854934497627,0.4061143221374319,0.0,0.3714353924148464,0.0,0.3763335951361634,0.0,0.3423210460166032,0.0,0.0,0.0,0.39334276206335855,0.36122384749979175,0.0,0.0,0.3830506525432384,0.0,0.0,0.0,0.3715574738080795,0.37220964160456804,0.3607100832428116,0.0,0.38405064112416704
0.0,0.29379671050421446,0.317289014705227,0.20202791687175725,0.24192002765497528,0.29124394950873217,0.0,0.31835305345576265,0.2900279121335469,0.2941606263449395,0.3115467291422294,0.29842107546738866,0.2505925689879676,0.2578013565972498,0.3147874600902336,0.3168674284759742,0.31532736783014464,0.3080972379856476,0.32188617384294915,0.2953188759803347,0.3288287516888596,0.3138281382748335,0.3023578206849697,0.2951385631288947,0.2916562578482303,0.2905475507435571,0.303013002454873,0.25931471628848873,0.2954330279079856,0.0,0.2912213673395264,0.2765758334994578,0.27937993020885193,0.28607306144115474,0.21989956101141767,0.2134824664444849,0.21366601698229484,0.25206584482259753,0.0,0.0,0.3699476953514526,0.40045786349210116,0.3356668628208408,0.0,0.0,0.0,0.0,0.0,0.0,0.0,0.0,0.0,0.0,0.0,0.0,0.0,0.0,0.0,0.0,0.0,0.0,0.0,0.0,0.0,0.0,0.0,0.0,0.3790470547262068,0.0,0.0,0.0,0.3665881163453952,0.0,0.0,0.0,0.0
0.34987422261107537,0.3186309329025862,0.3466376321133423,0.27503353500182465,0.2850762744197421,0.30244058696348763,0.31835305345576265,0.0,0.34886234296025104,0.0,0.2876141981308225,0.0,0.3204445660220205,0.27914351518675423,0.23378006721416908,0.3294447949555806,0.0,0.3210242747179615,0.3211423201640198,0.31155552237427586,0.2977328208158473,0.34383651199849424,0.26776798054590645,0.3375920794702982,0.31302917415159154,0.330883868810466,0.3321323589440538,0.315045639884809,0.2862023246350661,0.30970069045325116,0.32899102582200174,0.2974143303442356,0.31149998100746557,0.3471546418798297,0.31783651449494693,0.24558524654300218,0.32329364975601427,0.0,0.376445298068199,0.0,0.36186621108881273,0.0,0.38108818777166714,0.0,0.0,0.0,0.0,0.42435466235701685,0.0,0.3492272774313576,0.35482036714117887,0.3578163111521666,0.3330525406333263,0.41774132034646505,0.0,0.3662618149215052,0.0,0.3623400368754473,0.0,0.38487054161889306,0.0,0.0,0.0,0.41687913276139366,0.32618470366882274,0.274712150544583,0.33292960181421993,0.37057008860580937,0.0,0.0,0.0,0.35362573099459643,0.34815892129486625,0.33485316255045194,0.0,0.3684086542569757
0.0,0.28083352650473536,0.20062797317652825,0.300837671358329,0.24376678619755016,0.2553822610907898,0.2900279121335469,0.34886234296025104,0.0,0.3219135391612326,0.24800467112713842,0.0,0.2923736374170399,0.2863723940437161,0.0,0.0,0.0,0.0,0.19759557957192392,0.26685133652429927,0.0,0.3008683139865669,0.2749567138308594,0.0,0.0,0.2805329731568239,0.25218932586851667,0.3278169523913206,0.2765754366677145,0.0,0.3485555932079695,0.3285391387941641,0.0,0.3389080116243745,0.3181957253928884,0.30265631015696387,0.31393716418767964,0.31673838626759343,0.358026298162441,0.0,0.0,0.0,0.3681887793977601,0.0,0.0,0.0,0.0,0.41694140173204436,0.0,0.0,0.3973282099196426,0.0,0.44752707193413277,0.41823925166227627,0.0,0.4023696858944081,0.0,0.0,0.3909117259542413,0.0,0.0,0.0,0.0,0.4248872443465763,0.0,0.0,0.0,0.43588856717668356,0.0,0.0,0.0,0.4032344854590904,0.0,0.0,0.0,0.0
0.29167402192883535,0.0,0.0,0.0,0.31449652340890766,0.0,0.2941606263449395,0.0,0.3219135391612326,0.0,0.3224200139822207,0.22967855271525642,0.29939225523266705,0.0,0.0,0.2668306455359601,0.2211525208272782,0.24223449471385547,0.33736042547843675,0.0,0.0,0.0,0.0,0.2358569074003953,0.22489006143304485,0.24096288353290524,0.0,0.2883950340528534,0.0,0.0,0.2501182556543324,0.2876792752586859,0.23745617643925074,0.24890959200516471,0.24953430396627094,0.300878692751572,0.0,0.2282049440088588,0.31318893030387246,0.2867107476836904,0.2619268410547098,0.0,0.0,0.0,0.256828044170865,0.0,0.0,0.0,0.0,0.0,0.0,0.0,0.0,0.0,0.3233735011454152,0.0,0.3323898363642731,0.32808365391025607,0.0,0.0,0.0,0.3136139712909048,0.29647024921577086,0.0,0.0,0.0,0.0,0.0,0.3002955846895504,0.3072344942467876,0.3249803581234125,0.0,0.3109669674251188,0.0,0.0,0.3029594122083796
0.0,0.0,0.2321810516502079,0.2633306417510714,0.25004106930812536,0.2705151701309446,0.3115467291422294,0.2876141981308225,0.24800467112713842,0.3224200139822207,0.0,0.3357952802981695,0.31205420109404286,0.23812031436238462,0.0,0.0,0.0,0.0,0.19808021411965787,0.0,0.0,0.0,0.2296555752328818,0.0,0.0,0.0,0.2753798820142126,0.31068099506683106,0.0,0.0,0.34037386289257915,0.3228305862804094,0.0,0.33222898457495903,0.3061206851436381,0.23340715721907376,0.3051545844282688,0.31383463899383895,0.3324134139345846,0.0,0.439106416536496,0.5423085989926205,0.3289362351454752,0.0,0.0,0.0,0.0,0.3244679084068221,0.0,0.3010966777091451,0.3790499219649301,0.34744373772674425,0.373052545440386,0.3789442406841313,0.0,0.20738955526761632,0.0,0.36243805954056457,0.3412916495171917,0.0,0.0,0.0,0.0,0.18193782038470385,0.0,0.0,0.0,0.3936431926472648,0.0,0.0,0.0,0.38198457016938864,0.37780038618876965,0.0,0.0,0.0
0.2702275582183447,0.0,0.0,0.0,0.0,0.0,0.29842107546738866,0.0,0.0,0.22967855271525642,0.3357952802981695,0.0,0.292302557960818,0.0,0.0,0.0,0.2551855837756264,0.2577646539783464,0.0,0.0,0.0,0.0,0.0,0.23147057534411125,0.2519434435878163,0.2153922838290255,0.0,0.28656247105377636,0.0,0.0,0.26768700446639226,0.2372838587890081,0.23991849144124439,0.20620571550931358,0.23260921247920463,0.30695532360520744,0.0,0.1921290669643495,0.0,0.29166374882096574,0.27508260739033036,0.0,0.0,0.0,0.26507583469125046,0.0,0.0,0.0,0.0,0.0,0.0,0.0,0.0,0.0,0.33148432550406626,0.0,0.33919301397765883,0.0,0.0,0.0,0.0,0.3215104985799662,0.30712844695928754,0.0,0.0,0.0,0.0,0.0,0.31210305337152117,0.3149427697181818,0.3300085315359848,0.0,0.31828901285246836,0.0,0.0,0.29720046562818553
0.0,0.29988074920964675,0.328815150722614,0.21964906602392792,0.24347885170864916,0.2815671381871261,0.2505925689879676,0.3204445660220205,0.2923736374170399,0.29939225523266705,0.31205420109404286,0.292302557960818,0.0,0.26447936507879444,0.3057981204000682,0.3282073723393814,0.3084185964976453,0.3136693157309213,0.3206583461383692,0.29958673384082063,0.312327186194253,0.3198588049972235,0.3133950936193452,0.2908886310667429,0.3008283449783325,0.2971799602355136,0.3155560414307714,0.26068043778665556,0.2878123843241981,0.30537753469120965,0.28805519092856796,0.282049362999418,0.26958832325226095,0.2931321702761201,0.24089331857806323,0.23587178649343682,0.2345082604698888,0.26370444832520135,0.33430650628423214,0.29302640084159887,0.32735571458175894,0.37377919887633826,0.3404806714468606,0.0,0.0,0.0,0.0,0.41545175923292416,0.0,0.0,0.3756856665428336,0.0,0.3506984958639444,0.0,0.0,0.0,0.0,0.0,0.0,0.0,0.0,0.0,0.0,0.0,0.38249223964962087,0.40501137912350876,0.0,0.3764847707522911,0.0,0.0,0.0,0.364727527429268,0.0,0.3841796115252829,0.0,0.0
0.35522801586461655,0.0,0.3460909136882568,0.18730295446735942,0.2355327508636982,0.29909411447823503,0.2578013565972498,0.27914351518675423,0.2863723940437161,0.0,0.23812031436238462,0.0,0.26447936507879444,0.0,0.0,0.0,0.0,0.0,0.3031986671748223,0.0,0.33096416358117536,0.0,0.3130102012026384,0.4322905308107432,0.0,0.36775240833032236,0.333510693444623,0.2245732560307046,0.0,0.0,0.3122818760471458,0.21153981025947455,0.0,0.3115640036659576,0.30185537237917953,0.14548091886721218,0.1175438841617493,0.0,0.24013407704922474,0.0,0.0,0.0,0.3022897266338431,0.0,0.0,0.0,0.0,0.4018380146953111,0.0,0.3230862074148735,0.0,0.0,0.361767408309811,0.39314804373139756,0.0,0.362081253509414,0.0,0.518351276819762,0.32104187517118743,0.0,0.0,0.0,0.0,0.4173557559076005,0.0,0.0,0.0,0.4053575266255457,0.0,0.0,0.0,0.0,0.0,0.0,0.0,0.0
0.2805609501535249,0.28604948163233695,0.0,0.0,0.0,0.294761445804379,0.3147874600902336,0.23378006721416908,0.0,0.0,0.0,0.0,0.3057981204000682,0.0,0.0,0.2924993258569288,0.0,0.27665118571783587,0.0,0.25061259014666476,0.2715455402263713,0.2500552760567025,0.2862639071895309,0.316520543037232,0.2701443813149654,0.255310199028145,0.29342587051133856,0.2876989343981764,0.2753897255069958,0.2713395811529111,0.27893580330149004,0.3009538112635228,0.2728426095612563,0.2878231997696275,0.3218081986360949,0.3238798010887802,0.29326005668074967,0.0,0.3483802388327002,0.35938493518232684,0.3404444810085199,0.36534240543727586,0.2820225837407065,0.0,0.0,0.0,0.34944780167318884,0.0,0.0,0.0,0.3471038719983824,0.0,0.32957552151148023,0.0,0.0,0.0,0.0,0.4034797451401331,0.0,0.35264063876635815,0.0,0.0,0.0,0.0,0.34304853855442524,0.33332986423277394,0.35446953297861683,0.3527031246460469,0.0,0.0,0.3639718404123884,0.3498934323122333,0.36923410447832083,0.3357009831144434,0.0,0.3446440231663343
0.2762361570376541,0.29058157274634394,0.0,0.0,0.0,0.2876320915908059,0.3168674284759742,0.3294447949555806,0.0,0.2668306455359601,0.0,0.0,0.3282073723393814,0.0,0.2924993258569288,0.0,0.2600370613581776,0.24096017048629303,0.0,0.28307445259014746,0.2909247090021283,0.2749910022309528,0.313087689640828,0.0,0.2752177325946814,0.2848679226691386,0.2977147885857982,0.31591930118268696,0.29872848911859395,0.3006348935552758,0.26042221741400884,0.30150622265267035,0.24522717305670327,0.26399537872140244,0.29776569709571815,0.0,0.0,0.0,0.32718416610710355,0.27914166429467935,0.2954605121160529,0.34975923928075425,0.0,0.0,0.0,0.3256417018465032,0.3165980382895372,0.0,0.0,0.0,0.0,0.0,0.0,0.0,0.0,0.0,0.0,0.0,0.0,0.34420454329249367,0.3072216732761232,0.0,0.2992161432015964,0.0,0.3391526409607297,0.33361846019377966,0.3236516349798698,0.0,0.0,0.30930766208058386,0.33095870930184623,0.3799473730868125,0.0,0.0,0.0,0.2988536609740514
0.25154793993797536,0.0,0.0,0.0,0.0,0.0,0.31532736783014464,0.0,0.0,0.2211525208272782,0.0,0.2551855837756264,0.3084185964976453,0.0,0.0,0.2600370613581776,0.0,0.23235422973557335,0.0,0.2961696403525029,0.0,0.27259017010921816,0.0,0.2437245936165465,0.20691432155701864,0.24204854584690763,0.0,0.29421883709875285,0.33532986848468205,0.0,0.25039387510303135,0.29167142946762314,0.24742676164727542,0.26274564702802455,0.2592898258149236,0.2943403637946256,0.0,0.24856205637302012,0.0,0.23547680945455945,0.0,0.0,0.0,0.0,0.0,0.0,0.3280373002421931,0.0,0.0,0.0,0.0,0.0,0.0,0.0,0.3167589306014876,0.0,0.32087695966009777,0.0,0.0,0.0,0.0,0.30211624995105124,0.2859152917395583,0.0,0.0,0.0,0.0,0.0,0.0,0.2870373239481222,0.30735807905390444,0.0,0.0,0.0,0.0,0.0
0.2575033545011316,0.2809192757161907,0.0,0.0,0.0,0.0,0.3080972379856476,0.3210242747179615,0.0,0.24223449471385547,0.0,0.2577646539783464,0.3136693157309213,0.0,0.27665118571783587,0.24096017048629303,0.23235422973557335,0.0,0.0,0.28163955785458034,0.2814353515674708,0.27940298753262965,0.30072904378556786,0.2385027203192484,0.24208859633320334,0.2623576141850714,0.3007993135518438,0.30290858469383225,0.29618239149221126,0.3071360232507758,0.26500442845764566,0.2998314263071964,0.23515336741241052,0.26301188497539607,0.26774823065625075,0.32812330802639955,0.0,0.28073211428555356,0.29250708203503484,0.23901101440486017,0.2676153780525416,0.2903286897970857,0.0,0.0,0.0,0.2941823513698803,0.3001021754203874,0.0,0.0,0.0,0.0,0.0,0.0,0.0,0.28676258613824773,0.0,0.28840911820446496,0.0,0.0,0.0,0.2856851814487293,0.28032918225798614,0.2782066484428213,0.0,0.0,0.0,0.2851709653032476,0.0,0.3007295812810824,0.28601284721414655,0.29894375494804876,0.0,0.0,0.0,0.0,0.28066396575064995
0.0,0.0,0.19795330506209652,0.3089407560901809,0.28034974562754567,0.26989171677741575,0.32188617384294915,0.3211423201640198,0.19759557957192392,0.33736042547843675,0.19808021411965787,0.0,0.3206583461383692,0.3031986671748223,0.0,0.0,0.0,0.0,0.0,0.0,0.0,0.0,0.18908734446562497,0.0,0.0,0.0,0.24339378134936435,0.3241120160290479,0.0,0.0,0.3335001600976205,0.31951366315078844,0.0,0.3303289106017569,0.30939920219920897,0.28885829111945166,0.3148619006980029,0.3509953955290454,0.34964555404868347,0.0,0.0,0.0,0.34575156413968416,0.0,0.0,0.0,0.0,0.40417616814770374,0.0,0.0,0.4032406378489767,0.0,0.4234200026776189,0.4121369317500954,0.0,0.4024135917608266,0.0,0.0,0.4022726746898378,0.0,0.0,0.0,0.0,0.39811031520827184,0.0,0.0,0.0,0.4307352379893442,0.0,0.0,0.0,0.39786303290781744,0.0,0.0,0.0,0.0
0.3011220512349516,0.2844505522478351,0.0,0.3047450787599707,0.2681919263235018,0.2745280188310335,0.2953188759803347,0.31155552237427586,0.26685133652429927,0.0,0.0,0.0,0.29958673384082063,0.0,0.25061259014666476,0.28307445259014746,0.2961696403525029,0.28163955785458034,0.0,0.0,0.288449154032751,0.24954896307933638,0.24032967173609526,0.3811020218079696,0.27279622350757926,0.2874072350327064,0.24243123902491703,0.28211517499849326,0.2384743362557757,0.25354701339274516,0.2526639563431876,0.2981403242934132,0.2651227419876565,0.2784547259375053,0.3170019806877141,0.34073695463885406,0.3067258962561138,0.0,0.33265171639030555,0.35130648566027173,0.3383446488699086,0.3511289012928609,0.0,0.0,0.0,0.0,0.3212055113433272,0.0,0.0,0.0,0.3594407071179029,0.0,0.34340564124196604,0.0,0.0,0.0,0.0,0.40594581052727774,0.0,0.3354562486883952,0.0,0.0,0.0,0.0,0.3317815955519381,0.3124420240389453,0.33163692199452566,0.34540575813014845,0.0,0.0,0.33273032654705603,0.344683045834027,0.3539613715554207,0.3348099909304975,0.0,0.33824040075363365
0.28034610453220166,0.27668488025160454,0.0,0.0,0.0,0.29323197539700024,0.3288287516888596,0.2977328208158473,0.0,0.0,0.0,0.0,0.312327186194253,0.33096416358117536,0.2715455402263713,0.2909247090021283,0.0,0.2814353515674708,0.0,0.288449154032751,0.0,0.2877048500964092,0.2934254515518745,0.3076201070223137,0.2751589776134064,0.291656817060632,0.29827054437451406,0.3084537382615111,0.28901315503593605,0.32653915866758193,0.28223877458752994,0.3081583295122426,0.24082069757415,0.27855778720641927,0.3179427390526337,0.32809705746812096,0.0,0.0,0.3635347561568816,0.0,0.0,0.0,0.0,0.0,0.0,0.3308191965771758,0.3571123415199259,0.0,0.0,0.0,0.3314469451094694,0.0,0.29336157204255925,0.0,0.0,0.0,0.0,0.0,0.0,0.33555216870618537,0.3467904757557086,0.0,0.0,0.0,0.32999719451552795,0.29915228211988565,0.34715627966108137,0.3385540667084069,0.0,0.0,0.3626387637309376,0.34332927710985356,0.35443624098512044,0.35650043197552755,0.0,0.3973935329939891
0.27152689377069555,0.27959074626941527,0.0,0.29703619948309057,0.28393799811403186,0.28345287021531135,0.3138281382748335,0.34383651199849424,0.3008683139865669,0.0,0.0,0.0,0.3198588049972235,0.0,0.2500552760567025,0.2749910022309528,0.27259017010921816,0.27940298753262965,0.0,0.24954896307933638,0.2877048500964092,0.0,0.2988373666295249,0.0,0.2846098748532192,0.27851655329468233,0.28632504352405624,0.30382382348682097,0.27469821446320347,0.2770929032772685,0.26073468632671876,0.29315293711626633,0.2519922260173069,0.26825242058289805,0.30740566471791825,0.3267581380637115,0.30918384496106804,0.0,0.3286237179106359,0.32260738233770675,0.3121325526734237,0.325610188133391,0.2784291879772529,0.0,0.0,0.0,0.32056545106085993,0.0,0.0,0.0,0.3344077265803164,0.0,0.3353510347086805,0.0,0.0,0.0,0.0,0.0,0.0,0.3398938795730165,0.3059720056536812,0.0,0.0,0.0,0.3259185868782508,0.32976811391606226,0.3308279925697201,0.34164945790312673,0.0,0.3003903428096588,0.3433281616798489,0.3302414277066692,0.0,0.32234066980814646,0.0,0.3208715657606972
0.3169383933405809,0.2912737204359673,0.2186963461471759,0.2893605646816885,0.2851593221140018,0.2806141954486706,0.3023578206849697,0.26776798054590645,0.2749567138308594,0.0,0.2296555752328818,0.0,0.3133950936193452,0.3130102012026384,0.2862639071895309,0.313087689640828,0.0,0.30072904378556786,0.18908734446562497,0.24032967173609526,0.2934254515518745,0.2988373666295249,0.0,0.3301260927477458,0.29793059548028294,0.31201553105167834,0.23615735196131765,0.31095681584665397,0.28888017210158023,0.30475577940941,0.30524589031949795,0.3046900709237222,0.282104591632867,0.31499120032001465,0.31735242527287105,0.29031272223264265,0.30353422246940526,0.0,0.38039109044555036,0.0,0.3939377850769486,0.3855938362862568,0.3772986574269882,0.0,0.0,0.0,0.3520351076219631,0.41451146258016,0.0,0.0,0.38238591311595316,0.37895211806637996,0.38415458107147776,0.4315344852180318,0.0,0.4054686008632529,0.0,0.38566684141576235,0.3959504264432096,0.35081844844289056,0.0,0.0,0.0,0.40640689185879014,0.3591830192182365,0.3357125151644409,0.3454539579316438,0.38968515469104975,0.0,0.0,0.3462554195342559,0.37853050656865744,0.37865371134865417,0.3694380297711186,0.3959769976487363,0.3876773706546813
0.2503755613586845,0.0,0.0,0.0,0.0,0.0,0.2951385631288947,0.3375920794702982,0.0,0.2358569074003953,0.0,0.23147057534411125,0.2908886310667429,0.4322905308107432,0.316520543037232,0.0,0.2437245936165465,0.2385027203192484,0.0,0.3811020218079696,0.3076201070223137,0.0,0.3301260927477458,0.0,0.2511186978832311,0.24140108596706605,0.35216361836947147,0.2874194002921008,0.0,0.0,0.26605892380755086,0.28752381727956045,0.2036679191652333,0.18224877456596297,0.1774315908637144,0.3439652847612221,0.0,0.2116264159204695,0.3321614173448188,0.2672377231299244,0.26236637102162114,0.0,0.0,0.0,0.23788205950708388,0.3138368104008863,0.3005009651674368,0.0,0.0,0.0,0.0,0.0,0.0,0.0,0.306213558540727,0.0,0.3137875070958089,0.0,0.0,0.0,0.3133405125092551,0.31903637321846323,0.3110366462026831,0.0,0.0,0.0,0.0,0.0,0.3012396091072986,0.31990619335875214,0.3287111681838136,0.0,0.24768763107705927,0.0,0.0,0.2940300977273931
0.2515071067389447,0.2656659190776496,0.0,0.0,0.0,0.26356090728444564,0.2916562578482303,0.31302917415159154,0.0,0.22489006143304485,0.0,0.2519434435878163,0.3008283449783325,0.0,0.2701443813149654,0.2752177325946814,0.20691432155701864,0.24208859633320334,0.0,0.27279622350757926,0.2751589776134064,0.2846098748532192,0.29793059548028294,0.2511186978832311,0.0,0.25567477659235116,0.2775379681489248,0.29932744907009706,0.27826869929359527,0.3441483383209838,0.2626391896720996,0.2806189420986689,0.22125903966049568,0.24646644650371807,0.2519198147120601,0.0,0.0,0.24270632265795614,0.31006586766561156,0.2527580724006227,0.2763018126769356,0.29334599490068913,0.0,0.0,0.21535747508886702,0.2991525023726747,0.31072475919860526,0.0,0.0,0.0,0.0,0.0,0.0,0.0,0.30505667316955437,0.0,0.31316039677654844,0.0,0.0,0.0,0.29628873352463164,0.2985725828369936,0.2875770273599832,0.0,0.30687735102066555,0.0,0.2953614225589381,0.0,0.30980318455989514,0.29596149361828983,0.30953289151863445,0.0,0.0,0.0,0.0,0.28639278552069436
0.26674019123261405,0.26925418079905244,0.0,0.0,0.28976278870510563,0.26678036920500425,0.2905475507435571,0.330883868810466,0.2805329731568239,0.24096288353290524,0.0,0.2153922838290255,0.2971799602355136,0.36775240833032236,0.255310199028145,0.2848679226691386,0.24204854584690763,0.2623576141850714,0.0,0.2874072350327064,0.291656817060632,0.27851655329468233,0.31201553105167834,0.24140108596706605,0.25567477659235116,0.0,0.2848820316439783,0.2903848540041483,0.27233976497241813,0.3320017165795799,0.2671595317983107,0.30046344872983244,0.23872698710682624,0.2597596339577167,0.28773440265183037,0.32017764487085526,0.0,0.2450666528917234,0.3281891952968926,0.2717451719857051,0.30194967031189585,0.31549432355340734,0.0,0.0,0.2174441942659852,0.32187176100760323,0.3398647339550398,0.0,0.0,0.0,0.0,0.0,0.37118749912416893,0.0,0.3271866497590292,0.0,0.33202963843894007,0.0,0.0,0.35547326563508086,0.3224185354437523,0.31801063575344013,0.30464187056304787,0.0,0.33089233739696755,0.3546284109928188,0.34570935389300184,0.34316023814061253,0.32765652073318896,0.3129146562444794,0.33233446764362945,0.34502328025355966,0.0,0.3322948370708771,0.0,0.30439719791099
0.313614106119778,0.2794265034179461,0.20462529171769517,0.3044708807341642,0.28445723076676627,0.2763574380051538,0.303013002454873,0.3321323589440538,0.25218932586851667,0.0,0.2753798820142126,0.0,0.3155560414307714,0.333510693444623,0.29342587051133856,0.2977147885857982,0.0,0.3007993135518438,0.24339378134936435,0.24243123902491703,0.29827054437451406,0.28632504352405624,0.23615735196131765,0.35216361836947147,0.2775379681489248,0.2848820316439783,0.0,0.31106256753328293,0.2694855489993947,0.2933729408680204,0.2915782090994438,0.30390610688089753,0.2740874204906661,0.3070507435616733,0.3097511042835475,0.3153247505246312,0.30822361005618804,0.0,0.3722949647784439,0.0,0.3784884885464947,0.3839304047738588,0.36081447630608443,0.0,0.0,0.0,0.35336482901236166,0.4203118303424777,0.0,0.0,0.3818734311984738,0.3923216804497305,0.40760329497694897,0.4203741425994998,0.0,0.4043094068501312,0.0,0.37347485782314666,0.0,0.3417602485526475,0.0,0.0,0.0,0.4175128977249294,0.3507916624868226,0.3317021864293627,0.3348493418624095,0.3926509715666587,0.0,0.0,0.3408301196383218,0.37676367384479464,0.36853257901888814,0.3567215062220427,0.0,0.38204807856229944
0.335657184048204,0.29730811761190795,0.33006875246517176,0.1871426791426653,0.23591173850053,0.2748706145078195,0.25931471628848873,0.315045639884809,0.3278169523913206,0.2883950340528534,0.31068099506683106,0.28656247105377636,0.26068043778665556,0.2245732560307046,0.2876989343981764,0.31591930118268696,0.29421883709875285,0.30290858469383225,0.3241120160290479,0.28211517499849326,0.3084537382615111,0.30382382348682097,0.31095681584665397,0.2874194002921008,0.29932744907009706,0.2903848540041483,0.31106256753328293,0.0,0.24611864009598328,0.25232702699519577,0.2703160731413994,0.2845989662638303,0.26972929187539874,0.27174473623252154,0.2483377908391951,0.20100258707300575,0.19953534336787074,0.25279685239354754,0.3352015586981503,0.2514655704442516,0.293997623124151,0.31754502907904913,0.3433359542379744,0.0,0.20123162801838004,0.0,0.0,0.4336675351788179,0.0,0.0,0.3609839492692095,0.0,0.3457953191756254,0.0,0.0,0.0,0.0,0.0,0.0,0.3524082345989531,0.0,0.0,0.0,0.0,0.3492207795287483,0.34018141947467867,0.0,0.37348315568198726,0.0,0.0,0.0,0.36273985596853014,0.37046189405892915,0.3542506102324012,0.0,0.0
0.3208544294804673,0.2802474108076104,0.0,0.0,0.28041366780052485,0.24135634145657453,0.2954330279079856,0.2862023246350661,0.2765754366677145,0.0,0.0,0.0,0.2878123843241981,0.0,0.2753897255069958,0.29872848911859395,0.33532986848468205,0.29618239149221126,0.0,0.2384743362557757,0.28901315503593605,0.27469821446320347,0.28888017210158023,0.0,0.27826869929359527,0.27233976497241813,0.2694855489993947,0.24611864009598328,0.0,0.255325985596956,0.2560166743922448,0.2838046559165867,0.24953502322452323,0.2818614897684405,0.30277398099831454,0.31741681049854903,0.3096402962437206,0.0,0.35325393634512453,0.0,0.36542555249843733,0.370421285031387,0.3235741095485525,0.0,0.0,0.0,0.3336197807717361,0.4108730029705219,0.0,0.0,0.35486527192193124,0.0,0.3360401554744218,0.0,0.0,0.0,0.0,0.37538092257718814,0.0,0.3332964791172395,0.0,0.0,0.0,0.0,0.33732444453854843,0.3222249449525341,0.32677546642572075,0.3603401101534159,0.0,0.0,0.3360427358446187,0.3531308878473145,0.35684391290353223,0.341671707906476,0.37226928218021194,0.36106743203542574
0.0,0.3087923019256651,0.355618422199361,0.0,0.0,0.300053442419855,0.0,0.30970069045325116,0.0,0.0,0.0,0.0,0.30537753469120965,0.0,0.2713395811529111,0.3006348935552758,0.0,0.3071360232507758,0.0,0.25354701339274516,0.32653915866758193,0.2770929032772685,0.30475577940941,0.0,0.3441483383209838,0.3320017165795799,0.2933729408680204,0.25232702699519577,0.255325985596956,0.0,0.24440339212599418,0.3002803718454277,0.26449864346237273,0.2703659914876429,0.0,0.3597138288760869,0.0,0.0,0.3681739704416635,0.0,0.0,0.0,0.0,0.0,0.0,0.0,0.0,0.0,0.0,0.0,0.39624033087615274,0.0,0.0,0.0,0.0,0.0,0.0,0.0,0.0,0.0,0.0,0.0,0.0,0.0,0.3537584602083768,0.0,0.0,0.3672065492487104,0.0,0.0,0.0,0.35912260719197203,0.0,0.36484700692799615,0.0,0.0
0.25516612181930315,0.2540752182841879,0.3467237894596481,0.0,0.318565978948783,0.30656088903846473,0.2912213673395264,0.32899102582200174,0.3485555932079695,0.2501182556543324,0.34037386289257915,0.26768700446639226,0.28805519092856796,0.3122818760471458,0.27893580330149004,0.26042221741400884,0.25039387510303135,0.26500442845764566,0.3335001600976205,0.2526639563431876,0.28223877458752994,0.26073468632671876,0.30524589031949795,0.26605892380755086,0.2626391896720996,0.2671595317983107,0.2915782090994438,0.2703160731413994,0.2560166743922448,0.24440339212599418,0.0,0.3043777228979665,0.2402221452064065,0.20949262854762057,0.18317756195108217,0.3148932577256951,0.26939951153724495,0.21752844270408467,0.3347842214538961,0.2587961800189622,0.3014442317396037,0.31253418360000834,0.3205585197470047,0.0,0.0,0.2998715767305646,0.3139467349603929,0.4795665177980201,0.0,0.0,0.37080458031093794,0.0,0.3679112840160454,0.0,0.0,0.0,0.0,0.45051877395887024,0.0,0.3522650752825329,0.3020235811916477,0.0,0.3059168061090411,0.0,0.33196037614777846,0.31861519957045753,0.3333105455333536,0.382736399633238,0.0,0.3027424801276255,0.32852902730532163,0.3615309019929788,0.37403610164864143,0.3444034348940534,0.0,0.3169605721959952
0.29945753698255523,0.29877642271631816,0.32532893737576274,0.2071724390232231,0.2776546439480004,0.2941752022078525,0.2765758334994578,0.2974143303442356,0.3285391387941641,0.2876792752586859,0.3228305862804094,0.2372838587890081,0.282049362999418,0.21153981025947455,0.3009538112635228,0.30150622265267035,0.29167142946762314,0.2998314263071964,0.31951366315078844,0.2981403242934132,0.3081583295122426,0.29315293711626633,0.3046900709237222,0.28752381727956045,0.2806189420986689,0.30046344872983244,0.30390610688089753,0.2845989662638303,0.2838046559165867,0.3002803718454277,0.3043777228979665,0.0,0.25820835785208085,0.26237595318740176,0.3000837271543325,0.20180049220669238,0.23624960550744054,0.19116383060251627,0.23453796405734526,0.24807297180269577,0.2585870765103633,0.26425229683374796,0.24205738338094301,0.2139037189025991,0.0,0.3241061591649471,0.32448330081900595,0.3814355998678499,0.0,0.0,0.3719956119682404,0.0,0.37013390894833764,0.3845057289218,0.2828334825241785,0.3357182799553162,0.0,0.36593515443870367,0.0,0.34946738218241147,0.3098784984382701,0.31758500822606606,0.30837168316695085,0.39020951142187105,0.34155774104522574,0.34466894842349827,0.3267574330493513,0.3869646282194864,0.0,0.3055500808190499,0.329793129459316,0.369133339308426,0.3084699087476079,0.3561962331844903,0.0,0.321338490967935
0.21673155591549248,0.23516389794994075,0.0,0.0,0.0,0.26950629113858365,0.27937993020885193,0.31149998100746557,0.0,0.23745617643925074,0.0,0.23991849144124439,0.26958832325226095,0.0,0.2728426095612563,0.24522717305670327,0.24742676164727542,0.23515336741241052,0.0,0.2651227419876565,0.24082069757415,0.2519922260173069,0.282104591632867,0.2036679191652333,0.22125903966049568,0.23872698710682624,0.2740874204906661,0.26972929187539874,0.24953502322452323,0.26449864346237273,0.2402221452064065,0.25820835785208085,0.0,0.19247158114271803,0.24582307153194805,0.2064686436178611,0.21016081990726848,0.14334873879575247,0.242720248634649,0.1927142258250243,0.18473950567345498,0.24739262520394822,0.0,0.21821762831315253,0.15760548013245337,0.2959296433741051,0.2890936648633987,0.0,0.0,0.0,0.0,0.0,0.0,0.0,0.25245178760413406,0.0,0.2570207868894941,0.0,0.0,0.3478815568901374,0.2870196928015751,0.2674496744067748,0.2844832696892592,0.0,0.33750324767450274,0.3221014321917723,0.3234663403505433,0.35256224169929334,0.2295790294111381,0.29067132104831056,0.30952706703620436,0.34124192403517656,0.26698591588526654,0.3720417200631112,0.0,0.26326701091599813
0.24677243227870851,0.2470819465181905,0.34136908739890726,0.20137543643715713,0.30369786144577776,0.31059651421608564,0.28607306144115474,0.3471546418798297,0.3389080116243745,0.24890959200516471,0.33222898457495903,0.20620571550931358,0.2931321702761201,0.3115640036659576,0.2878231997696275,0.26399537872140244,0.26274564702802455,0.26301188497539607,0.3303289106017569,0.2784547259375053,0.27855778720641927,0.26825242058289805,0.31499120032001465,0.18224877456596297,0.24646644650371807,0.2597596339577167,0.3070507435616733,0.27174473623252154,0.2818614897684405,0.2703659914876429,0.20949262854762057,0.26237595318740176,0.19247158114271803,0.0,0.17859681426062723,0.27050173323615895,0.22633136959266054,0.1455662540998352,0.2629052671521275,0.2243118179603103,0.2293773485652375,0.2743651515841368,0.2842555220074649,0.23816575555424546,0.20601263786588206,0.2919119915439615,0.3084071223443741,0.0,0.0,0.4285837018095393,0.37175037731169086,0.37895992747333485,0.3662359884345451,0.0,0.2682115482803967,0.0,0.22008230712206403,0.3539380439492179,0.0,0.34553049176356665,0.3006673746142036,0.0,0.2981454173532713,0.0,0.34156899008458824,0.3277084494552043,0.33914840309333805,0.3938034347579565,0.0,0.3005604530776721,0.32479735881323524,0.37878929696930386,0.3269145795392244,0.3462646191607322,0.0,0.0
0.2785998342144137,0.2915750287766914,0.3370396557322645,0.17645994988511962,0.24359017041019398,0.3054677065332496,0.21989956101141767,0.31783651449494693,0.3181957253928884,0.24953430396627094,0.3061206851436381,0.23260921247920463,0.24089331857806323,0.30185537237917953,0.3218081986360949,0.29776569709571815,0.2592898258149236,0.26774823065625075,0.30939920219920897,0.3170019806877141,0.3179427390526337,0.30740566471791825,0.31735242527287105,0.1774315908637144,0.2519198147120601,0.28773440265183037,0.3097511042835475,0.2483377908391951,0.30277398099831454,0.0,0.18317756195108217,0.3000837271543325,0.24582307153194805,0.17859681426062723,0.0,0.2534609434103749,0.2213965547102805,0.19747246633881688,0.2854464224626378,0.2280288690171161,0.2325385289134744,0.2830209059724922,0.2736417281362281,0.25016916432622954,0.21922244724628556,0.0,0.33282620182401246,0.0,0.0,0.0,0.0,0.4012753496650416,0.0,0.0,0.0,0.0,0.23476930442558103,0.374490220975864,0.0,0.3656706017351936,0.31483789545991986,0.0,0.3069503408013782,0.0,0.3542926126667046,0.3467210211338286,0.3590222689846226,0.37986272969216367,0.0,0.30671854534904003,0.3416041747666315,0.36122495319969133,0.31167102539736774,0.3863976144260274,0.0,0.0
0.0,0.0,0.30779886728838546,0.12956207056794353,0.16144935827547324,0.3017000275292644,0.2134824664444849,0.24558524654300218,0.30265631015696387,0.300878692751572,0.23340715721907376,0.30695532360520744,0.23587178649343682,0.14548091886721218,0.3238798010887802,0.0,0.2943403637946256,0.32812330802639955,0.28885829111945166,0.34073695463885406,0.32809705746812096,0.3267581380637115,0.29031272223264265,0.3439652847612221,0.0,0.32017764487085526,0.3153247505246312,0.20100258707300575,0.31741681049854903,0.3597138288760869,0.3148932577256951,0.20180049220669238,0.2064686436178611,0.27050173323615895,0.2534609434103749,0.0,0.14340467423239026,0.2583583821947211,0.22844410412304103,0.17057376625939086,0.2504742681253733,0.2262688532472839,0.23477171157260449,0.21556990747177082,0.19818652813591597,0.0,0.0,0.3696748787481578,0.0,0.30257472276125186,0.31259524002059064,0.0,0.33211993332154194,0.36249281290885044,0.0,0.3231649494716249,0.0,0.3523602776827799,0.2870410412837705,0.0,0.0,0.0,0.0,0.34932728228140814,0.3233302208032621,0.0,0.29248676314415717,0.34696157620492574,0.0,0.0,0.0,0.3344983718751989,0.0,0.32045714896433825,0.0,0.0
0.0,0.0,0.3274411310871178,0.13123705273663255,0.20977214950526119,0.29871148505525774,0.21366601698229484,0.32329364975601427,0.31393716418767964,0.0,0.3051545844282688,0.0,0.2345082604698888,0.1175438841617493,0.29326005668074967,0.0,0.0,0.0,0.3148619006980029,0.3067258962561138,0.0,0.30918384496106804,0.30353422246940526,0.0,0.0,0.0,0.30822361005618804,0.19953534336787074,0.3096402962437206,0.0,0.26939951153724495,0.23624960550744054,0.21016081990726848,0.22633136959266054,0.2213965547102805,0.14340467423239026,0.0,0.21936681431689473,0.23073054762067854,0.2567256901460513,0.24797834315714706,0.24828135908491297,0.2530269462317876,0.20340450139329927,0.0,0.0,0.0,0.0,0.0,0.0,0.0,0.0,0.49754078047722705,0.0,0.0,0.0,0.0,0.0,0.0,0.0,0.0,0.0,0.0,0.0,0.0,0.0,0.0,0.42335740401816035,0.0,0.0,0.0,0.0,0.0,0.0,0.0,0.0
0.0,0.0,0.0,0.0,0.28582724328662423,0.0,0.25206584482259753,0.0,0.31673838626759343,0.2282049440088588,0.31383463899383895,0.1921290669643495,0.26370444832520135,0.0,0.0,0.0,0.24856205637302012,0.28073211428555356,0.3509953955290454,0.0,0.0,0.0,0.0,0.2116264159204695,0.24270632265795614,0.2450666528917234,0.0,0.25279685239354754,0.0,0.0,0.21752844270408467,0.19116383060251627,0.14334873879575247,0.1455662540998352,0.19747246633881688,0.2583583821947211,0.21936681431689473,0.0,0.21999941527016,0.20674203232516958,0.20607900486267006,0.2473695892033258,0.0,0.0,0.18308288709208898,0.0,0.0,0.0,0.0,0.0,0.0,0.0,0.0,0.0,0.27459118051320963,0.0,0.25597473826457245,0.31566475451031417,0.0,0.0,0.0,0.0,0.0,0.0,0.0,0.0,0.0,0.0,0.25611220158194165,0.0,0.2573995568417851,0.0,0.26320015824069104,0.0,0.0,0.26900699386263804
0.3300233721965718,0.3272341161894922,0.39047144236253545,0.0,0.3396567809622614,0.385190684614181,0.0,0.376445298068199,0.358026298162441,0.31318893030387246,0.3324134139345846,0.0,0.33430650628423214,0.24013407704922474,0.3483802388327002,0.32718416610710355,0.0,0.29250708203503484,0.34964555404868347,0.33265171639030555,0.3635347561568816,0.3286237179106359,0.38039109044555036,0.3321614173448188,0.31006586766561156,0.3281891952968926,0.3722949647784439,0.3352015586981503,0.35325393634512453,0.3681739704416635,0.3347842214538961,0.23453796405734526,0.242720248634649,0.2629052671521275,0.2854464224626378,0.22844410412304103,0.23073054762067854,0.21999941527016,0.0,0.25430100923686866,0.28361268170108656,0.31274123508196366,0.21235627622534456,0.2581003730084295,0.2253224751534657,0.2877494322228423,0.28513807427992804,0.34747505874096407,0.2509635370979242,0.3030836923563867,0.31516219651490296,0.2946248229032327,0.3182070559384365,0.3464987990703656,0.28472390130120406,0.3218394706304627,0.23825185521810058,0.3084676326879118,0.22705619724746245,0.3014249242078334,0.3063724634422319,0.30530515341233966,0.2992042237244319,0.3455254318756386,0.3147323102737736,0.3123560794356004,0.29931365981526775,0.3100410165534727,0.2803451696636722,0.2838666033695183,0.2902661582822164,0.31294746688725206,0.29338824049143014,0.3078335240713744,0.2822583843850377,0.28970308284723145
