0.0,0.42975987795640536,0.0,0.0,0.0,0.4637280489564846,0.0,0.4799920906154279,0.0,0.4202186730996881,0.0,0.42476607186780896,0.0,0.0,0.385410919993837,0.42930858444242165,0.0,0.4047768735618611,0.0,0.4378009996080598,0.3769816980816825,0.40404793585770954,0.462206664183643,0.3778069247541739,0.4161425884118555,0.38784930865360523,0.45709472210283136,0.0,0.4734717060106657,0.0,0.40616713951588834,0.4060941240291203,0.36493253490479854,0.0,0.0,0.0,0.0,0.4248088742348068,0.423047123823223,0.4160688941541245,0.40032945149005733,0.0,0.0,0.0,0.0,0.3666517296281059,0.4676750839868927,0.0,0.0,0.0,0.0,0.0,0.0,0.0,0.5004458263888056,0.0,0.4947525836709775,0.0,0.0,0.0,0.4497875624170172,0.0,0.4407391631016691,0.0,0.0,0.27601591211051363,0.47806637389507944,0.0,0.34945735360724217,0.4569841171460923,0.4743335327223899,0.5055955901417509,0.0,0.0,0.0,0.4666142450858604
0.42975987795640536,0.0,0.0,0.0,0.0,0.43206579198886547,0.43478688012104133,0.49661273190595984,0.4166715673110665,0.0,0.0,0.0,0.4389690518354768,0.0,0.4432325702004448,0.4578348355445546,0.0,0.44008482984402997,0.0,0.4509512019658171,0.43127418764327236,0.42684263795411037,0.46005386306641327,0.0,0.4387298938853559,0.4355035262307664,0.45206176959292615,0.4184583706398861,0.438738046941623,0.4079992908160923,0.3739405928557047,0.40334103842347585,0.37511457260359227,0.37125785694831426,0.4142784052119624,0.0,0.0,0.0,0.4635694745734829,0.4648548152121624,0.45276723536380264,0.4622413251653919,0.0,0.0,0.0,0.4675947175272422,0.5083586582553935,0.0,0.0,0.0,0.48130412675352313,0.0,0.0,0.0,0.0,0.0,0.0,0.0,0.0,0.48875307252202194,0.4646532852359279,0.0,0.4558463192576495,0.0,0.45838677004926753,0.475016909904583,0.48154815643828586,0.49510288921257223,0.0,0.47500841102751773,0.5038460593846703,0.481678739582881,0.6065528336490699,0.4633877154011193,0.0,0.43889315074517943
0.0,0.0,0.0,0.4725603880626391,0.42111451742446615,0.4410257813187893,0.46998651498007676,0.5116567082266557,0.3433551363751464,0.0,0.38615687383826747,0.0,0.48266448329408224,0.4864799171406891,0.0,0.0,0.0,0.0,0.34021542765406504,0.0,0.0,0.0,0.40831519732448296,0.6341476055108666,0.0,0.0,0.3672062591325884,0.4777264248050407,0.0,0.0,0.49396154187561625,0.44860511661309616,0.47207637555495635,0.4827982464856136,0.4944132411055507,0.4519904572970679,0.4704492662312426,0.0,0.5495280781253186,0.0,0.0,0.0,0.5200939020576572,0.0,0.0,0.0,0.0,0.44084562559489554,0.0,0.5635700046924957,0.602715104908209,0.6101136241175795,0.5704029653230182,0.5303121425793316,0.0,0.5115008535669971,0.0,0.6225268668234277,0.5426302877337187,0.0,0.0,0.0,0.0,0.28899231530557856,0.0,0.0,0.0,0.6209806865568043,0.0,0.0,0.0,0.590138474309782,0.0,0.0,0.0,0.589888677595233
0.0,0.0,0.4725603880626391,0.0,0.22194068659691835,0.4314193636928358,0.2831092973338426,0.38795986864997056,0.43338445715410234,0.42428479313856365,0.38361147349401764,0.2899844467443303,0.3277142143493155,0.2741145918874419,0.0,0.0,0.0,0.0,0.4624992092397745,0.4389727726230533,0.0,0.4198495649259536,0.4335906122208141,0.0,0.0,0.0,0.4314596376836802,0.2541176966128793,0.4560412720122873,0.0,0.24235019152366222,0.27363549462645576,0.32099852165955983,0.29886168443164673,0.29384908556706546,0.20773884046425586,0.19051212356225888,0.3417340252711189,0.0,0.0,0.0,0.0,0.0,0.0,0.0,0.0,0.0,0.0,0.0,0.0,0.0,0.0,0.0,0.0,0.0,0.0,0.0,0.0,0.0,0.0,0.0,0.0,0.0,0.0,0.0,0.0,0.0,0.0,0.0,0.0,0.0,0.0,0.0,0.0,0.0,0.0
0.0,0.0,0.42111451742446615,0.22194068659691835,0.0,0.4208273397674591,0.36033229020131935,0.3952004315081967,0.3715204383535049,0.46636203938958765,0.3490693926275746,0.4468202944781935,0.39671812170904475,0.24853116328957903,0.0,0.0,0.0,0.5376757652388647,0.41550631068599886,0.0,0.0,0.436060593922626,0.43110970707439106,0.5156756533214389,0.4912198589224428,0.0,0.44716742520998864,0.36023095104682173,0.0,0.0,0.5087923803698355,0.3295449029228915,0.3509262810457681,0.4885314051317214,0.4524470742406436,0.20798007452732614,0.21725974440079146,0.43592161994514556,0.5094202427780059,0.0,0.5749598900272289,0.0,0.4328730021524709,0.0,0.0,0.0,0.0,0.5400849163685127,0.0,0.5103290058583417,0.5801383770117848,0.0,0.48092278366015084,0.5661611919828936,0.0,0.4697251520445683,0.0,0.0,0.5125099557374881,0.0,0.0,0.0,0.0,0.5085663821095995,0.0,0.0,0.0,0.5304752892728918,0.0,0.0,0.0,0.5447685949301906,0.0,0.0,0.0,0.0
0.4637280489564846,0.43206579198886547,0.4410257813187893,0.4314193636928358,0.4208273397674591,0.0,0.4349079520008725,0.474757934316778,0.38013477214187497,0.4778621180595643,0.4481114131314052,0.49090637649903407,0.4196580214642862,0.5081701201400727,0.4330491818619822,0.47180648219019944,0.620726640547012,0.4216643351033351,0.4467053011473852,0.47214471519816803,0.4452733621191333,0.4642212649940218,0.4690509948547867,0.537577747803599,0.4109676736926086,0.428624805353649,0.4420866511939108,0.45157309344761476,0.3950323381169779,0.4488381921342328,0.4575365407064447,0.43308463671224084,0.4043301483588662,0.4667501980326535,0.4971132654615836,0.48311260407877843,0.4541935945212437,0.4903574365591069,0.5131919323968701,0.5411144822615578,0.5285192643711817,0.5732165756016278,0.4963880699898315,0.0,0.0,0.0,0.5397107983257897,0.5988230546734037,0.0,0.5662714922016474,0.5487420243529685,0.5687751382912252,0.526202333177759,0.6121550361927764,0.0,0.5541857333616513,0.0,0.5484417429657794,0.0,0.5069157387434133,0.0,0.0,0.0,0.5773150792584733,0.49343591234927275,0.5159248387863408,0.49877028391322664,0.5608905443712651,0.0,0.0,0.5216916032337333,0.5535300101032081,0.5254580287442897,0.49329928244182375,0.5516064314930769,0.5453513710296606
0.0,0.43478688012104133,0.46998651498007676,0.2831092973338426,0.36033229020131935,0.4349079520008725,0.0,0.4920100442732789,0.4289327448598194,0.4454025337898529,0.47448310817316863,0.42925797341076094,0.3765325094967293,0.36104027366340474,0.4790662925741319,0.45965178102450377,0.4902193563213917,0.4365661037767258,0.4760644485400264,0.46933428215623585,0.0,0.47722066412183983,0.472760615034177,0.4417487543812872,0.4225307096758517,0.4300196955319394,0.471720215900748,0.397780331188928,0.4655641050543316,0.41592682751671706,0.4585781536723719,0.39716663614606856,0.40765739673690227,0.4278050565211897,0.46112118365720395,0.2963611731164341,0.3004023862028791,0.4053448427590601,0.6000516499430194,0.0,0.6464153194248711,0.0,0.5378767578353109,0.0,0.43727743534380364,0.0,0.0,0.0,0.0,0.0,0.5544976673630403,0.0,0.5671963919184196,0.6442424895664913,0.0,0.0,0.0,0.0,0.0,0.0,0.0,0.0,0.0,0.6948291769112013,0.0,0.0,0.0,0.5590231111776555,0.0,0.0,0.0,0.557343637421442,0.0,0.0,0.0,0.0
0.4799920906154279,0.49661273190595984,0.5116567082266557,0.38795986864997056,0.3952004315081967,0.474757934316778,0.4920100442732789,0.0,0.5214385833919735,0.0,0.3769270872869736,0.0,0.46777303328673875,0.4056670144691864,0.41473930160704775,0.0,0.0,0.0,0.48624966769611516,0.0,0.4142738664049225,0.0,0.3976350078172765,0.49281455762232174,0.4840053075140332,0.48205164218781016,0.4882385477057142,0.45578008966994576,0.43695277939532756,0.4360571720900865,0.4730682736719157,0.3493633983479582,0.39735132116851046,0.48119258801789805,0.47623243382227126,0.30292863577741647,0.36287966606813077,0.0,0.4436935674464049,0.0,0.5162491433842252,0.0,0.47692385333939336,0.0,0.0,0.0,0.0,0.5400595498238022,0.0,0.47542653338993895,0.537942018109911,0.5280454362261865,0.4103494825618872,0.5540064984450069,0.0,0.4855048283070413,0.0,0.5239678061230433,0.4378714889569028,0.0,0.0,0.0,0.0,0.5159593806439198,0.0,0.5150436864233279,0.0,0.5281821027413891,0.0,0.0,0.0,0.5524130732104342,0.5122889688093141,0.4849905761416581,0.0,0.536605292059741
0.0,0.4166715673110665,0.3433551363751464,0.43338445715410234,0.3715204383535049,0.38013477214187497,0.4289327448598194,0.5214385833919735,0.0,0.4943959310445693,0.3913539333722572,0.48141965543193693,0.45186350017084825,0.43830917012919757,0.0,0.4223775499129007,0.6603947765063648,0.0,0.3566535222127105,0.4630128732518136,0.5485921498114619,0.4454121392755417,0.48604864162290695,0.5234315278770386,0.4312941967717359,0.4722791196652996,0.4137100696408213,0.4874958293987751,0.44663774205061013,0.49695593333717075,0.5217866652944256,0.45249596925445446,0.42420807477262523,0.4956025729434578,0.4860145560164112,0.45535649033721354,0.45339542567503954,0.4687296978239323,0.5487211073808201,0.0,0.7107183069508086,0.0,0.5160062897898624,0.0,0.539874351728706,0.0,0.0,0.6039040682187091,0.0,0.6079931635845166,0.5860226343774892,0.6226792993939287,0.5875008151329453,0.6081750280071235,0.0,0.557362811456193,0.0,0.635561505030019,0.5447917021176901,0.0,0.0,0.0,0.0,0.5849519732030194,0.0,0.0,0.0,0.6181246052141409,0.0,0.0,0.0,0.6178106906291209,0.6260562750592658,0.0,0.0,0.6934236473862718
0.4202186730996881,0.0,0.0,0.42428479313856365,0.46636203938958765,0.4778621180595643,0.4454025337898529,0.0,0.4943959310445693,0.0,0.4868548195092264,0.31545456067760036,0.4557548449752453,0.0,0.0,0.41700336411222366,0.3788728652263317,0.4056906416114718,0.505489237063121,0.0,0.43923085061426365,0.42515230026756634,0.0,0.34188835487853386,0.3683004124899441,0.3704713488459076,0.49022604126644176,0.44020577627614754,0.0,0.0,0.3841023898284949,0.40787630308687606,0.3269433789863657,0.3374798118357612,0.340979702903181,0.43972247409114495,0.38433676716875537,0.28940339234908014,0.0,0.34973872087153046,0.3466254251395247,0.0,0.0,0.0,0.33561755588472786,0.0,0.0,0.0,0.0,0.0,0.0,0.0,0.0,0.0,0.47186593193041426,0.0,0.48039830528840666,0.0,0.0,0.0,0.0,0.45731203468559095,0.4582704885523628,0.0,0.0,0.0,0.0,0.0,0.4503895978729427,0.4607535567398078,0.483401461349848,0.0,0.0,0.0,0.0,0.41312480687076913
0.0,0.0,0.38615687383826747,0.38361147349401764,0.3490693926275746,0.4481114131314052,0.47448310817316863,0.3769270872869736,0.3913539333722572,0.4868548195092264,0.0,0.4894036789239764,0.4818385685665868,0.35510707287436344,0.0,0.0,0.5988200729219543,0.0,0.3284292907200028,0.0,0.0,0.0,0.39375914827025843,0.5120259246641518,0.0,0.0,0.4363223960485832,0.4802348293730844,0.0,0.0,0.5426339526094598,0.41220037024931344,0.5182356440594243,0.49662688781533854,0.49746676908903786,0.3246822585551227,0.4345788228031646,0.47319057838469486,0.47327655906581284,0.0,0.637437530570604,0.0,0.4501549175968941,0.0,0.0,0.0,0.0,0.4259386136187472,0.0,0.4860507985992943,0.5686701085636335,0.5165453970688276,0.524060329521418,0.5262264861035817,0.0,0.2810676688628827,0.0,0.5529948979579072,0.47213784402196174,0.0,0.0,0.0,0.0,0.3098293048898667,0.0,0.0,0.0,0.5602424362466191,0.0,0.0,0.0,0.5692072697681752,0.555364872709313,0.0,0.0,0.6359577851102755
0.42476607186780896,0.0,0.0,0.2899844467443303,0.4468202944781935,0.49090637649903407,0.42925797341076094,0.0,0.48141965543193693,0.31545456067760036,0.4894036789239764,0.0,0.4322654676944432,0.0,0.0,0.0,0.3984346699075239,0.0,0.0,0.0,0.49642599526737263,0.48510195871556455,0.5368559460814657,0.3023495666004253,0.36455106138856563,0.3481413767428825,0.5148954994392178,0.38701323940451393,0.5885705752606304,0.0,0.38418988653537645,0.2699212191040967,0.28744723001336375,0.24885365158377934,0.30080141770554697,0.3348707519973261,0.3010486015596831,0.21100968929645872,0.24647718842456703,0.36923972852614073,0.3361899254308177,0.42663930785120735,0.3366024201667688,0.0,0.3162312821345639,0.5224003435318011,0.0,0.0,0.0,0.0,0.4424442779699775,0.0,0.0,0.0,0.48777212840404094,0.0,0.49220356976588014,0.40352135077872137,0.29886720216244933,0.0,0.0,0.47658521620396754,0.47474689906348216,0.0,0.0,0.0,0.0,0.0,0.4687254096111826,0.4817165159778172,0.4894679665953424,0.43547077256987665,0.44508346901273316,0.0,0.0,0.4393461464299031
0.0,0.4389690518354768,0.48266448329408224,0.3277142143493155,0.39671812170904475,0.4196580214642862,0.3765325094967293,0.46777303328673875,0.45186350017084825,0.4557548449752453,0.4818385685665868,0.4322654676944432,0.0,0.40565984975264613,0.44671230954917185,0.4709382757808258,0.45452526581272346,0.4369011882009907,0.4889743406313373,0.46143140879509403,0.4740582032640786,0.4827610908235867,0.46705120998277244,0.44649042790960397,0.427950286944624,0.42787813873029806,0.4736479221454743,0.3731700555586109,0.44407823207763203,0.39767752574903625,0.4304585823196542,0.4141935636319352,0.4156904186950155,0.4326465232779384,0.45825184087575077,0.3534243071683298,0.3422225643135428,0.4046357774430732,0.48326576209881605,0.4412551247323661,0.47469117582170084,0.5638693407795238,0.5107043651279092,0.0,0.3677885106782244,0.0,0.0,0.6179547051986446,0.0,0.0,0.5368727369437,0.0,0.511388688547774,0.0,0.5307545721699135,0.0,0.4709240039838775,0.0,0.0,0.6017065915190686,0.0,0.0,0.0,0.0,0.5371529796664578,0.6035534936316985,0.0,0.5366129670763449,0.0,0.0,0.5822011113030903,0.5239565207719257,0.0,0.5162993735969635,0.0,0.0
0.0,0.0,0.4864799171406891,0.2741145918874419,0.24853116328957903,0.5081701201400727,0.36104027366340474,0.4056670144691864,0.43830917012919757,0.0,0.35510707287436344,0.0,0.40565984975264613,0.0,0.3770603245100614,0.0,0.0,0.0,0.4414879755490607,0.0,0.0,0.0,0.4674509776255618,0.0,0.0,0.0,0.49125817306424324,0.2549206680111687,0.0,0.0,0.0,0.27142284559918584,0.23832662715159172,0.432306156615271,0.0,0.21653743772894363,0.17686065799081055,0.0,0.37694689584386815,0.0,0.0,0.0,0.4037958901277906,0.0,0.0,0.0,0.0,0.5469520439093866,0.0,0.0,0.0,0.0,0.0,0.5146153005066904,0.0,0.0,0.0,0.0,0.0,0.0,0.0,0.0,0.0,0.5160407767696295,0.0,0.0,0.0,0.5643563766288562,0.0,0.0,0.0,0.0,0.0,0.0,0.0,0.0
0.385410919993837,0.4432325702004448,0.0,0.0,0.0,0.4330491818619822,0.4790662925741319,0.41473930160704775,0.0,0.0,0.0,0.0,0.44671230954917185,0.3770603245100614,0.0,0.4607903406762763,0.5004568819129219,0.3986186380026283,0.0,0.3838341645674794,0.4125397505522358,0.4189542087027048,0.3946292362720126,0.4578588766321312,0.42735984455976306,0.4049015043162857,0.4413164205199982,0.42732274298857215,0.4327712841764607,0.3847476722118563,0.4179021045691569,0.4320450777648807,0.40794426565263814,0.4277122638454487,0.4689224488917707,0.46709875691237895,0.0,0.0,0.47391257183123287,0.5034960981705636,0.47810425560340036,0.5028328061826502,0.42977617658476924,0.0,0.0,0.3878059713392236,0.4999055222623058,0.0,0.0,0.0,0.49490686878561735,0.0,0.4774381677744743,0.0,0.0,0.0,0.0,0.0,0.0,0.5083498150672447,0.5148265277837456,0.0,0.0,0.0,0.4820536035221391,0.4853023988297242,0.5145290127561949,0.5055005271057937,0.0,0.0,0.5252489003802809,0.5010991063731753,0.5179168436225953,0.47165015631238255,0.5410866233508885,0.49051833564488684
0.42930858444242165,0.4578348355445546,0.0,0.0,0.0,0.47180648219019944,0.45965178102450377,0.0,0.4223775499129007,0.41700336411222366,0.0,0.0,0.4709382757808258,0.0,0.4607903406762763,0.0,0.40764495573281734,0.3935911406463626,0.0,0.4540411984852871,0.4572014488430346,0.4250607437877578,0.4536458222332779,0.0,0.40915570075990076,0.43123031992375715,0.45862848720756466,0.45880900464066426,0.4804068879083173,0.42870354022860835,0.4032697640845978,0.45105601825312913,0.3995317692440368,0.4017312847103044,0.4388744661796985,0.47366286031994237,0.0,0.0,0.4408844938517432,0.41223579179216985,0.43038180061974557,0.4404097184725537,0.0,0.0,0.0,0.5032500811874007,0.4782898263635608,0.0,0.0,0.0,0.0,0.0,0.0,0.0,0.0,0.0,0.0,0.0,0.0,0.4847169792916535,0.45034659755653816,0.0,0.40075170836621754,0.0,0.4729558366261726,0.4711568685154126,0.469502588616988,0.0,0.0,0.43216467599196695,0.48633331153594256,0.48689817609719455,0.0,0.5078948419851625,0.0,0.4154582141396198
0.0,0.0,0.0,0.0,0.0,0.620726640547012,0.4902193563213917,0.0,0.6603947765063648,0.3788728652263317,0.5988200729219543,0.3984346699075239,0.45452526581272346,0.0,0.5004568819129219,0.40764495573281734,0.0,0.36757000473405144,0.0,0.4336720020975845,0.0,0.4136863866893148,0.0,0.3944946792544139,0.3974120980075434,0.40288215925318804,0.5835119590203579,0.4386888644588334,0.4782062830659202,0.7833768032819661,0.39107321426108876,0.4268983678279424,0.37820502241098003,0.38280971819127924,0.3767626167775373,0.4487331715964532,0.0,0.3472645481371165,0.4180315646572963,0.35598037885371103,0.0,0.0,0.0,0.0,0.0,0.0,0.0,0.0,0.0,0.0,0.0,0.0,0.0,0.0,0.4575225918323395,0.0,0.45890067040636956,0.0,0.0,0.0,0.0,0.4692382974142281,0.4529594675927355,0.0,0.0,0.0,0.0,0.0,0.4640745857948649,0.4756215546312247,0.4715952945668684,0.0,0.0,0.0,0.0,0.0
0.4047768735618611,0.44008482984402997,0.0,0.0,0.5376757652388647,0.4216643351033351,0.4365661037767258,0.0,0.0,0.4056906416114718,0.0,0.0,0.4369011882009907,0.0,0.3986186380026283,0.3935911406463626,0.36757000473405144,0.0,0.0,0.4333671214931886,0.0,0.43654667161936667,0.43676103510618286,0.389339827020735,0.38857462027670064,0.4088114903002041,0.4164742101967724,0.43417450523819945,0.4504789042592265,0.0,0.404043283427121,0.4232506799163515,0.39146495649857,0.393057693894196,0.3881617677875011,0.0,0.0,0.0,0.43166611158327983,0.3460464057899283,0.352277877945685,0.0,0.0,0.0,0.0,0.45280762670049507,0.44350461644059497,0.0,0.0,0.0,0.0,0.0,0.0,0.0,0.41346379271855344,0.0,0.4343960221558174,0.0,0.0,0.0,0.4197440560004167,0.40544787234086443,0.3929256207377125,0.0,0.0,0.0,0.4259907724950337,0.0,0.43464206655298115,0.424088850129224,0.43787456969110283,0.0,0.0,0.0,0.0,0.4026874064359308
0.0,0.0,0.34021542765406504,0.4624992092397745,0.41550631068599886,0.4467053011473852,0.4760644485400264,0.48624966769611516,0.3566535222127105,0.505489237063121,0.3284292907200028,0.0,0.4889743406313373,0.4414879755490607,0.0,0.0,0.0,0.0,0.0,0.0,0.0,0.0,0.42901806258551245,0.6068736003191135,0.0,0.0,0.4329747020942185,0.49568023183739235,0.0,0.0,0.49876263937492465,0.43557685819874414,0.4799836248207677,0.4830259780844089,0.48478268237899796,0.4365354761066264,0.4623085681743397,0.44674308011741193,0.5152338240072675,0.0,0.0,0.0,0.4971045026304903,0.0,0.0,0.0,0.0,0.563056789047134,0.0,0.5424644654402817,0.5777681081000329,0.0,0.557992467073926,0.5939185414239307,0.0,0.5126999819597469,0.0,0.0,0.5187588236085087,0.0,0.0,0.0,0.0,0.5523429228420211,0.0,0.0,0.0,0.5949110868472914,0.0,0.0,0.0,0.5887369153793565,0.0,0.0,0.0,0.0
0.4378009996080598,0.4509512019658171,0.0,0.4389727726230533,0.0,0.47214471519816803,0.46933428215623585,0.0,0.4630128732518136,0.0,0.0,0.0,0.46143140879509403,0.0,0.3838341645674794,0.4540411984852871,0.4336720020975845,0.4333671214931886,0.0,0.0,0.448275749276363,0.4125601598285231,0.3468529032269227,0.5314476220038561,0.4330845043326799,0.431489062650153,0.42183127676497795,0.41947744641876106,0.3603605700239762,0.36393398853924486,0.39597898784570007,0.4269088763740442,0.3872296664933489,0.4197372829077317,0.46178274465459457,0.499575226883439,0.45649318350882817,0.0,0.45054699473135673,0.46041803941270476,0.47766442400274706,0.48135143495092886,0.5201570619041992,0.0,0.0,0.0,0.46473636962040266,0.0,0.0,0.0,0.48568667530280557,0.0,0.514370441769395,0.0,0.0,0.0,0.0,0.0,0.0,0.4825202077939502,0.5124339423333187,0.0,0.0,0.0,0.47139025748750985,0.4739052735109869,0.4702086646815125,0.499230794487074,0.0,0.5473489110833158,0.4807427835050222,0.49919739302189986,0.4998653199919574,0.4716310232371174,0.0,0.48242754015716155
0.3769816980816825,0.43127418764327236,0.0,0.0,0.0,0.4452733621191333,0.0,0.4142738664049225,0.5485921498114619,0.43923085061426365,0.0,0.49642599526737263,0.4740582032640786,0.0,0.4125397505522358,0.4572014488430346,0.0,0.0,0.0,0.448275749276363,0.0,0.4506470670804839,0.4267267254391918,0.4590839063574266,0.44170144314960547,0.42648132651779586,0.46154628341603054,0.4626653789806367,0.45595090505437746,0.0,0.39334558243446577,0.4022217929441886,0.39712873965741796,0.41565926692060773,0.4988817685807394,0.0,0.0,0.0,0.4517645668358924,0.4257952129482536,0.4656884513280215,0.4982502411033595,0.0,0.0,0.0,0.35195311219943587,0.48996335726186707,0.0,0.0,0.0,0.4755081865513999,0.0,0.4081550015169779,0.0,0.0,0.0,0.0,0.0,0.0,0.4859985018868589,0.46481185297295163,0.0,0.0,0.0,0.46520611554637936,0.3936590640365748,0.4950407896212753,0.48737918386497264,0.0,0.0,0.5086004950043946,0.49591513236071477,0.49188848892483367,0.4500844798378775,0.0,0.47951790065371036
0.40404793585770954,0.42684263795411037,0.0,0.4198495649259536,0.436060593922626,0.4642212649940218,0.47722066412183983,0.0,0.4454121392755417,0.42515230026756634,0.0,0.48510195871556455,0.4827610908235867,0.0,0.4189542087027048,0.4250607437877578,0.4136863866893148,0.43654667161936667,0.0,0.4125601598285231,0.4506470670804839,0.0,0.4470652684793137,0.4916189404584031,0.42562967247348665,0.4152586176225567,0.47186110455840485,0.4522343918559826,0.43886863507833,0.3913583211646238,0.39753028368918475,0.4289555751708947,0.391380038190519,0.4203487362914768,0.46767126006689197,0.508532660647483,0.46430641467021183,0.0,0.43787682084673385,0.4570165648554869,0.46194422239441174,0.4866162039262652,0.5290826740482051,0.0,0.0,0.4450737212051035,0.46637836185183335,0.0,0.0,0.0,0.48133683735931576,0.0,0.4866153668060838,0.0,0.0,0.0,0.0,0.0,0.0,0.5026116941542368,0.4502796186832346,0.0,0.4597569544422075,0.0,0.4716350397397135,0.48352951292659235,0.480425317547753,0.49361254448655817,0.0,0.44332517223395296,0.5027376122097725,0.4817590022301056,0.529665667288243,0.4583892401910788,0.0,0.46412887076881104
0.462206664183643,0.46005386306641327,0.40831519732448296,0.4335906122208141,0.43110970707439106,0.4690509948547867,0.472760615034177,0.3976350078172765,0.48604864162290695,0.0,0.39375914827025843,0.5368559460814657,0.46705120998277244,0.4674509776255618,0.3946292362720126,0.4536458222332779,0.0,0.43676103510618286,0.42901806258551245,0.3468529032269227,0.4267267254391918,0.4470652684793137,0.0,0.48341032414834184,0.43463522365614216,0.459168822507313,0.3893027091229914,0.45969018603944867,0.4499731083730439,0.44571117503304003,0.4564086270030256,0.4262866079362818,0.38818460189335496,0.4553423701602528,0.47190396262956097,0.43836287956014247,0.44587683150051705,0.5019115853842689,0.519439143164376,0.48024009863280476,0.5635207699601659,0.5413236837814825,0.51703590677981,0.0,0.0,0.0,0.0,0.5571688457784947,0.0,0.5558795989764341,0.5563814046677634,0.5625173217713083,0.5251058321999307,0.6034913581101826,0.0,0.5245143103853598,0.0,0.5531842953116011,0.5288415701577942,0.502688693092975,0.0,0.0,0.0,0.4958220807079482,0.5045059209161309,0.4977702051367305,0.49538728718089264,0.5706364932074455,0.0,0.0,0.5029046988105382,0.5637204959770531,0.5469579437898731,0.5098195610210983,0.5459977319907656,0.5573250863602323
0.3778069247541739,0.0,0.6341476055108666,0.0,0.5156756533214389,0.537577747803599,0.4417487543812872,0.49281455762232174,0.5234315278770386,0.34188835487853386,0.5120259246641518,0.3023495666004253,0.44649042790960397,0.0,0.4578588766321312,0.0,0.3944946792544139,0.389339827020735,0.6068736003191135,0.5314476220038561,0.4590839063574266,0.4916189404584031,0.48341032414834184,0.0,0.3852261256578378,0.3787121210791188,0.5010577318171289,0.41363268943113124,0.529070386503758,0.0,0.39900936678180987,0.3055315681001742,0.2466353980319346,0.24743737404342184,0.2713799709414066,0.3612037975567882,0.26502729822147825,0.22576371304864795,0.2938183520199601,0.33361335067432035,0.2600302358567897,0.0,0.3184792341171885,0.0,0.28013577746836016,0.4150224381417532,0.0,0.0,0.0,0.0,0.5513225796858058,0.0,0.0,0.0,0.4578926322180937,0.0,0.4599397487843361,0.0,0.0,0.0,0.0,0.48702182879527844,0.4770868356211672,0.0,0.40051616854289385,0.0,0.0,0.4204353095328062,0.43314243903907174,0.4758356668551141,0.4854797503462666,0.35599937016700306,0.3844425640651199,0.0,0.0,0.44121166883405066
0.4161425884118555,0.4387298938853559,0.0,0.0,0.4912198589224428,0.4109676736926086,0.4225307096758517,0.4840053075140332,0.4312941967717359,0.3683004124899441,0.0,0.36455106138856563,0.427950286944624,0.0,0.42735984455976306,0.40915570075990076,0.3974120980075434,0.38857462027670064,0.0,0.4330845043326799,0.44170144314960547,0.42562967247348665,0.43463522365614216,0.3852261256578378,0.0,0.3982775486648038,0.42360323397246047,0.4243196379148026,0.43096221496079723,0.0,0.3879598665040026,0.39906478514212684,0.3540412564585962,0.36359421825736665,0.37043570093577344,0.5036154264509513,0.0,0.33444643494627097,0.4592914239282627,0.3888526222019986,0.4032266487458814,0.39827443605324536,0.0,0.0,0.3427117892307257,0.4599474375860573,0.4749288651085047,0.0,0.0,0.0,0.0,0.0,0.0,0.0,0.45288570886540636,0.0,0.4680605068310799,0.524895196165844,0.0,0.41474247836391875,0.440726653492618,0.4510435173807185,0.43226028068983,0.0,0.4317418311408025,0.48223755120845174,0.41025699865606097,0.0,0.46799539370804283,0.4596652963917756,0.47708544460904084,0.0,0.0,0.46157423082381055,0.0,0.4312351809725078
0.38784930865360523,0.4355035262307664,0.0,0.0,0.0,0.428624805353649,0.4300196955319394,0.48205164218781016,0.4722791196652996,0.3704713488459076,0.0,0.3481413767428825,0.42787813873029806,0.0,0.4049015043162857,0.43123031992375715,0.40288215925318804,0.4088114903002041,0.0,0.431489062650153,0.42648132651779586,0.4152586176225567,0.459168822507313,0.3787121210791188,0.3982775486648038,0.0,0.46753308896999984,0.4103553201647191,0.4280219624147488,0.0,0.38565507202514104,0.40852414341552984,0.37832712165696597,0.37761004423433986,0.41296995516075613,0.43672554463628815,0.45374784637975174,0.33614719611994615,0.45008027379012233,0.4242455844861602,0.448533627602143,0.4808230163078804,0.0,0.0,0.40024729489770916,0.4609495020661663,0.5084267218907719,0.0,0.0,0.0,0.5013115193177775,0.0,0.0,0.0,0.4771744533428979,0.0,0.4845377056721488,0.539202282643244,0.0,0.5284421449324924,0.47421500751422535,0.4821211113468956,0.45852331050805095,0.0,0.4833757734304751,0.5013529089094594,0.5031537297086983,0.5019374977949963,0.47428339320014884,0.4751476437249917,0.49858649745456834,0.5116033913517941,0.5003377905922792,0.48092801094039006,0.0,0.4545065616770557
0.45709472210283136,0.45206176959292615,0.3672062591325884,0.4314596376836802,0.44716742520998864,0.4420866511939108,0.471720215900748,0.4882385477057142,0.4137100696408213,0.49022604126644176,0.4363223960485832,0.5148954994392178,0.4736479221454743,0.49125817306424324,0.4413164205199982,0.45862848720756466,0.5835119590203579,0.4164742101967724,0.4329747020942185,0.42183127676497795,0.46154628341603054,0.47186110455840485,0.3893027091229914,0.5010577318171289,0.42360323397246047,0.46753308896999984,0.0,0.4590267376598704,0.4141053568587612,0.42960095649021207,0.43653296223750626,0.43173057723862307,0.3920614614658033,0.4493119984406519,0.4714026226890206,0.46980751351958355,0.44955692112314644,0.511894924632026,0.5172618606577686,0.4911461101913445,0.5346292331377255,0.5296160850108439,0.512815875002031,0.0,0.0,0.0,0.49041622181275946,0.5908642457999451,0.0,0.576780148474186,0.5575367976785044,0.565319249871368,0.5443284543575919,0.6013137710238051,0.0,0.5630206791895189,0.0,0.5456876518631162,0.44282106079611805,0.4999456623044754,0.0,0.0,0.0,0.5771709506943987,0.5028560929345937,0.5041335999864178,0.4943588442903365,0.565834315466897,0.0,0.0,0.5021166458960403,0.5568138569761467,0.5294119041703009,0.5028272780198875,0.5573151148144715,0.5483946158050419
0.0,0.4184583706398861,0.4777264248050407,0.2541176966128793,0.36023095104682173,0.45157309344761476,0.397780331188928,0.45578008966994576,0.4874958293987751,0.44020577627614754,0.4802348293730844,0.38701323940451393,0.3731700555586109,0.2549206680111687,0.42732274298857215,0.45880900464066426,0.4386888644588334,0.43417450523819945,0.49568023183739235,0.41947744641876106,0.4626653789806367,0.4522343918559826,0.45969018603944867,0.41363268943113124,0.4243196379148026,0.4103553201647191,0.4590267376598704,0.0,0.37854930673396175,0.3197050834997954,0.39588826756918966,0.38890497112965683,0.3799912661216268,0.38336559597124026,0.3405968803224926,0.2815726889593661,0.25432484039873365,0.36220872022345185,0.34764980050912414,0.34522783135117735,0.42846116503714116,0.45219703178065207,0.5053116728751722,0.0,0.27810680539981336,0.0,0.6531260205239579,0.6593543365164944,0.0,0.0,0.5147048763188975,0.0,0.4917145409009756,0.7006841237939757,0.0,0.0,0.384958912269429,0.0,0.0,0.5010431945041868,0.0,0.0,0.0,0.0,0.4775567016875257,0.5129602942195721,0.49905143942055114,0.537317215710406,0.0,0.0,0.5203461962488072,0.5273136769842881,0.5158671061024594,0.48842930995470146,0.0,0.5090188265424176
0.4734717060106657,0.438738046941623,0.0,0.4560412720122873,0.0,0.3950323381169779,0.4655641050543316,0.43695277939532756,0.44663774205061013,0.0,0.0,0.5885705752606304,0.44407823207763203,0.0,0.4327712841764607,0.4804068879083173,0.4782062830659202,0.4504789042592265,0.0,0.3603605700239762,0.45595090505437746,0.43886863507833,0.4499731083730439,0.529070386503758,0.43096221496079723,0.4280219624147488,0.4141053568587612,0.37854930673396175,0.0,0.3567564553995993,0.38640010893985194,0.41177891375357845,0.3609127199360245,0.41091386280368913,0.45685886006747334,0.49840907165812287,0.47535355049744304,0.5335064801467354,0.48310990504844903,0.48458406781645363,0.5105557696322759,0.5201662370249533,0.5139898798454506,0.0,0.0,0.0,0.47198533616639055,0.595383636073155,0.0,0.0,0.49964846190840706,0.6155035711832835,0.49724835391619915,0.6525054298475503,0.0,0.0,0.0,0.5452899913826251,0.0,0.46669531041245155,0.0,0.0,0.0,0.5828973009122969,0.48184576567990844,0.4856771854702725,0.4335236856491231,0.5321582359629868,0.0,0.0,0.48127076747285474,0.5202179427197117,0.5136613887828031,0.4863777097940386,0.5409576230548246,0.508995194848607
0.0,0.4079992908160923,0.0,0.0,0.0,0.4488381921342328,0.41592682751671706,0.4360571720900865,0.49695593333717075,0.0,0.0,0.0,0.39767752574903625,0.0,0.3847476722118563,0.42870354022860835,0.7833768032819661,0.0,0.0,0.36393398853924486,0.0,0.3913583211646238,0.44571117503304003,0.0,0.0,0.0,0.42960095649021207,0.3197050834997954,0.3567564553995993,0.0,0.3508179543643528,0.39165745601388285,0.0,0.36203264644347233,0.4166312059187052,0.0,0.0,0.0,0.0,0.0,0.0,0.0,0.0,0.0,0.0,0.0,0.0,0.0,0.0,0.0,0.0,0.0,0.0,0.0,0.0,0.0,0.0,0.0,0.0,0.0,0.0,0.0,0.0,0.0,0.0,0.0,0.0,0.5318304482503142,0.0,0.0,0.0,0.5277370603520797,0.0,0.0,0.0,0.0
0.40616713951588834,0.3739405928557047,0.49396154187561625,0.24235019152366222,0.5087923803698355,0.4575365407064447,0.4585781536723719,0.4730682736719157,0.5217866652944256,0.3841023898284949,0.5426339526094598,0.38418988653537645,0.4304585823196542,0.0,0.4179021045691569,0.4032697640845978,0.39107321426108876,0.404043283427121,0.49876263937492465,0.39597898784570007,0.39334558243446577,0.39753028368918475,0.4564086270030256,0.39900936678180987,0.3879598665040026,0.38565507202514104,0.43653296223750626,0.39588826756918966,0.38640010893985194,0.3508179543643528,0.0,0.39515794519894015,0.32980881815982266,0.28507862593195976,0.23279523860565643,0.48620703696091117,0.3053986945368112,0.2904622650154539,0.41069999679806296,0.3541254208478019,0.41591161040503427,0.0,0.5410411374146875,0.0,0.0,0.4207703499177464,0.4622876463348509,0.0,0.0,0.0,0.5605945982556738,0.0,0.5187367643965175,0.787272719893331,0.4599645468152853,0.0,0.46936356506451155,0.0,0.0,0.4825147900820347,0.43830224135342355,0.0,0.43370343376836534,0.0,0.4554213914553597,0.4176342008094622,0.44636190946494053,0.5651518867545497,0.4333358176118541,0.45008243551898136,0.4833189121659018,0.5337018838191945,0.0,0.0,0.0,0.4629759905935591
0.4060941240291203,0.40334103842347585,0.44860511661309616,0.27363549462645576,0.3295449029228915,0.43308463671224084,0.39716663614606856,0.3493633983479582,0.45249596925445446,0.40787630308687606,0.41220037024931344,0.2699212191040967,0.4141935636319352,0.27142284559918584,0.4320450777648807,0.45105601825312913,0.4268983678279424,0.4232506799163515,0.43557685819874414,0.4269088763740442,0.4022217929441886,0.4289555751708947,0.4262866079362818,0.3055315681001742,0.39906478514212684,0.40852414341552984,0.43173057723862307,0.38890497112965683,0.41177891375357845,0.39165745601388285,0.39515794519894015,0.0,0.3387307440187336,0.3601534236668441,0.3666885652062408,0.28938597127261156,0.32275926968047086,0.2387887660808896,0.260765574532857,0.2766923915995884,0.2883226725815315,0.30107844879786977,0.3641523931086872,0.2703906421924273,0.2833370532019902,0.4300223873713313,0.4625580482618985,0.5481330632599142,0.0,0.0,0.5068549087534384,0.5019966287562451,0.5140027434789343,0.5620436068563691,0.4180313411659438,0.4783575806669414,0.27146101964873615,0.45119933834215675,0.0,0.4667982074832251,0.4422210577219087,0.4233242741137725,0.4025332113112636,0.5535327392134135,0.44040107297664166,0.41723179622431233,0.45175089793139855,0.5337020119699936,0.2387556992313986,0.430652350814795,0.46800553658408417,0.5230475504287566,0.40708203289708494,0.44769882405182065,0.0,0.4144134822835994
0.36493253490479854,0.37511457260359227,0.47207637555495635,0.32099852165955983,0.3509262810457681,0.4043301483588662,0.40765739673690227,0.39735132116851046,0.42420807477262523,0.3269433789863657,0.5182356440594243,0.28744723001336375,0.4156904186950155,0.23832662715159172,0.40794426565263814,0.3995317692440368,0.37820502241098003,0.39146495649857,0.4799836248207677,0.3872296664933489,0.39712873965741796,0.391380038190519,0.38818460189335496,0.2466353980319346,0.3540412564585962,0.37832712165696597,0.3920614614658033,0.3799912661216268,0.3609127199360245,0.0,0.32980881815982266,0.3387307440187336,0.0,0.24486081269530344,0.37093108675381853,0.4157017087233669,0.26632741468396837,0.19015951532112962,0.25919919160430044,0.2225224451146782,0.2436836218324223,0.33893391810186513,0.0,0.0,0.2328402173899321,0.4275613454538542,0.45783973038001224,0.0,0.0,0.0,0.0,0.0,0.0,0.0,0.3896143714355709,0.0,0.41187467658377497,0.4583745349767503,0.0,0.4864135814843237,0.4340288642007363,0.4315900819324522,0.41660522480297124,0.0,0.0,0.0,0.45545069252724923,0.47647062809097046,0.38270431678529754,0.4315748090483646,0.4515460746775145,0.4520322131137199,0.37412599980585876,0.0,0.0,0.3475846488635187
0.0,0.37125785694831426,0.4827982464856136,0.29886168443164673,0.4885314051317214,0.4667501980326535,0.4278050565211897,0.48119258801789805,0.4956025729434578,0.3374798118357612,0.49662688781533854,0.24885365158377934,0.4326465232779384,0.432306156615271,0.4277122638454487,0.4017312847103044,0.38280971819127924,0.393057693894196,0.4830259780844089,0.4197372829077317,0.41565926692060773,0.4203487362914768,0.4553423701602528,0.24743737404342184,0.36359421825736665,0.37761004423433986,0.4493119984406519,0.38336559597124026,0.41091386280368913,0.36203264644347233,0.28507862593195976,0.3601534236668441,0.24486081269530344,0.0,0.27425591745792094,0.42659778962218736,0.285360328588618,0.23836487985650845,0.32086282503672436,0.2838902115613854,0.35994061159395596,0.3984035161043965,0.43339769602415157,0.40897333769452177,0.32284046246045944,0.4130922981917635,0.4511855532608861,0.7347752824626537,0.0,0.7545621282520875,0.5218113241799485,0.5690138625024848,0.5042739116326419,0.7317318925670203,0.4121976937481878,0.6144346989985221,0.373942318982359,0.49008514478192344,0.0,0.46933731757492647,0.4375537991914012,0.45009245897095196,0.42125500729402476,0.0,0.4489081591834046,0.44234912810291555,0.4573720104484101,0.5615714233226187,0.38035277306184534,0.44153064179575174,0.4733939145246058,0.5534605754295309,0.40961396089019236,0.4751600830529591,0.0,0.0
0.0,0.4142784052119624,0.4944132411055507,0.29384908556706546,0.4524470742406436,0.4971132654615836,0.46112118365720395,0.47623243382227126,0.4860145560164112,0.340979702903181,0.49746676908903786,0.30080141770554697,0.45825184087575077,0.0,0.4689224488917707,0.4388744661796985,0.3767626167775373,0.3881617677875011,0.48478268237899796,0.46178274465459457,0.4988817685807394,0.46767126006689197,0.47190396262956097,0.2713799709414066,0.37043570093577344,0.41296995516075613,0.4714026226890206,0.3405968803224926,0.45685886006747334,0.4166312059187052,0.23279523860565643,0.3666885652062408,0.37093108675381853,0.27425591745792094,0.0,0.4202396791602269,0.3407256289314947,0.2731556913642416,0.3118553189615335,0.27465965602062326,0.35954697826876086,0.3572689059972936,0.3774673089146619,0.3435927759957236,0.3210933977113982,0.3691895224892746,0.47356595485767555,0.0,0.0,0.5606910683938742,0.607626965663332,0.561254290066679,0.5254225538617993,0.0,0.40728804560418574,0.6073561674747372,0.3305400861851309,0.5068696934630937,0.0,0.49777130522055024,0.4991621970709346,0.0,0.0,0.0,0.4823557492047117,0.47650825804906577,0.4722623279820712,0.5620551845924825,0.2543316958684922,0.44218927140748804,0.47824796431456046,0.5461158627290712,0.4270434618812744,0.5349076107265237,0.0,0.5008718137594317
0.0,0.0,0.4519904572970679,0.20773884046425586,0.20798007452732614,0.48311260407877843,0.2963611731164341,0.30292863577741647,0.45535649033721354,0.43972247409114495,0.3246822585551227,0.3348707519973261,0.3534243071683298,0.21653743772894363,0.46709875691237895,0.47366286031994237,0.4487331715964532,0.0,0.4365354761066264,0.499575226883439,0.0,0.508532660647483,0.43836287956014247,0.3612037975567882,0.5036154264509513,0.43672554463628815,0.46980751351958355,0.2815726889593661,0.49840907165812287,0.0,0.48620703696091117,0.28938597127261156,0.4157017087233669,0.42659778962218736,0.4202396791602269,0.0,0.23546442401993864,0.3249058837147449,0.30905149628847123,0.25419738203663106,0.3868485443866604,0.3034421676086617,0.3959490333744862,0.3749762496289836,0.30014975964634294,0.0,0.0,0.5070530091973238,0.0,0.42717268915338347,0.46983822556876104,0.5051150803845756,0.47120811240883836,0.5107936970220985,0.0,0.44096947205621784,0.2966087815203132,0.5193162046645645,0.0,0.48420675543277164,0.0,0.0,0.0,0.4635000174547114,0.4747168384418005,0.0,0.42414372572639736,0.5177383129417996,0.0,0.0,0.0,0.5009495160273656,0.4927888982260469,0.49631647785853017,0.0,0.5505989562535354
0.0,0.0,0.4704492662312426,0.19051212356225888,0.21725974440079146,0.4541935945212437,0.3004023862028791,0.36287966606813077,0.45339542567503954,0.38433676716875537,0.4345788228031646,0.3010486015596831,0.3422225643135428,0.17686065799081055,0.0,0.0,0.0,0.0,0.4623085681743397,0.45649318350882817,0.0,0.46430641467021183,0.44587683150051705,0.26502729822147825,0.0,0.45374784637975174,0.44955692112314644,0.25432484039873365,0.47535355049744304,0.0,0.3053986945368112,0.32275926968047086,0.26632741468396837,0.285360328588618,0.3407256289314947,0.23546442401993864,0.0,0.2838416750342081,0.2188228235458722,0.2375101440694117,0.3212407701514375,0.3706344970152887,0.0,0.0,0.26722855903849757,0.0,0.0,0.0,0.0,0.0,0.0,0.0,0.0,0.0,0.0,0.0,0.30701636236873747,0.5923955568231466,0.0,0.0,0.0,0.0,0.0,0.0,0.0,0.0,0.0,0.0,0.0,0.0,0.0,0.5513181598740611,0.0,0.0,0.0,0.0
0.4248088742348068,0.0,0.0,0.3417340252711189,0.43592161994514556,0.4903574365591069,0.4053448427590601,0.0,0.4687296978239323,0.28940339234908014,0.47319057838469486,0.21100968929645872,0.4046357774430732,0.0,0.0,0.0,0.3472645481371165,0.0,0.44674308011741193,0.0,0.0,0.0,0.5019115853842689,0.22576371304864795,0.33444643494627097,0.33614719611994615,0.511894924632026,0.36220872022345185,0.5335064801467354,0.0,0.2904622650154539,0.2387887660808896,0.19015951532112962,0.23836487985650845,0.2731556913642416,0.3249058837147449,0.2838416750342081,0.0,0.23675254497694787,0.22336860015066923,0.2864115628002576,0.30899584339983516,0.41029965542188124,0.0,0.24711728625874776,0.0,0.0,0.0,0.0,0.49436888074911495,0.0,0.4042101559981882,0.0,0.5146826211249218,0.3693951688032341,0.0,0.320472908659499,0.4040061607816412,0.0,0.0,0.0,0.0,0.0,0.0,0.0,0.0,0.0,0.0,0.31768753710465003,0.0,0.40978553392069067,0.0,0.34537063082611597,0.0,0.0,0.31509282004670996
