0.0,0.32212448714601605,0.47667480302124293,0.0,0.0,0.3274778415380226,0.0,0.3534363452803423,0.0,0.0,0.0,0.2703857092770721,0.0,0.3388985575003446,0.27339135568015915,0.29819896530616846,0.0,0.27975600885807456,0.0,0.2987108312364587,0.28293844325463297,0.33772359980674455,0.3284986465051225,0.2829509264399714,0.28514966635527894,0.2671348808984279,0.3179469241433628,0.0,0.0,0.0,0.2829895739163216,0.2995290983698794,0.27649713886769867,0.2639822399044853,0.0,0.0,0.0,0.0,0.3220976474172965,0.31760813516937164,0.2978314241595393,0.276380831413737,0.0,0.0,0.0,0.2894048128561724,0.34207192253403496,0.0,0.0,0.0,0.0,0.0,0.0,0.0,0.36004259394743154,0.0,0.0,0.0,0.0,0.29800753247058587,0.34082711634657903,0.0,0.34444308392461864,0.0,0.0,0.22143290622441766,0.34929683418199764,0.28857366290346503,0.2714414596309812,0.32937206233614025,0.3384867207188502,0.0,0.0,0.0,0.0,0.0
0.32212448714601605,0.0,0.34216816289688107,0.0,0.29672599496049695,0.2984316512850949,0.3062899645799317,0.0,0.29437461949229576,0.0,0.0,0.0,0.31487331619671577,0.0,0.29274783844679053,0.2931036020730671,0.3197649565315268,0.28917521640242055,0.33800870622394547,0.30014501150154466,0.32301726094710964,0.2857508709331585,0.31541462183744134,0.0,0.2806790169923952,0.2868403786462897,0.3032530226363421,0.32214985901843707,0.3040999231321698,0.3336820578855762,0.27224678788195306,0.2953626803742683,0.26478324939275066,0.2599936576729971,0.29749537505263735,0.0,0.0,0.0,0.33006667318670024,0.31790432160087395,0.34559455526721555,0.3380525371745752,0.0,0.0,0.0,0.34328380842813483,0.3571381849610203,0.0,0.0,0.0,0.0,0.0,0.0,0.0,0.0,0.0,0.0,0.0,0.0,0.3400276023176238,0.3418132459236924,0.0,0.3339902416898268,0.0,0.3261056290677014,0.34396039215453206,0.34572339145136716,0.354306461272941,0.0,0.3370950377597818,0.3581080734180614,0.33904696230059705,0.0,0.3365739970677772,0.0,0.3223934554226296
0.47667480302124293,0.34216816289688107,0.0,0.32068610362770056,0.27322754464780163,0.29421694581201824,0.3079923017694794,0.3157811751895202,0.24134184883467819,0.34758726167465936,0.23628801255669546,0.0,0.31571314366651554,0.29486700593455256,0.5178370261478343,0.0,0.0,0.0,0.18415447875473404,0.0,0.38411219276411157,0.3136865434589229,0.23432743133586614,0.49105855162395756,0.0,0.4190648301829707,0.25188303899249515,0.32324215314933374,0.32476217854468636,0.3406490188491406,0.33112382723465345,0.3108759945332063,0.31473656998064975,0.32692485155791345,0.326546948814899,0.28971125730825165,0.31402525987767166,0.0,0.38057530080932767,0.0,0.0,0.0,0.35780513467920927,0.0,0.0,0.0,0.0,0.30328371475003857,0.0,0.0,0.3787629509289457,0.0,0.3910846546849662,0.39154045498573825,0.0,0.2957441278338261,0.0,0.0,0.0,0.0,0.0,0.0,0.0,0.1549291700035316,0.0,0.0,0.0,0.3924188857193136,0.0,0.0,0.0,0.3845080223941894,0.0,0.0,0.0,0.0
0.0,0.0,0.32068610362770056,0.0,0.21484727064462,0.28345092926235255,0.2362050253144213,0.27687954967237915,0.2968170100588412,0.3244324504986537,0.28057616603715996,0.0,0.25976432342693256,0.18606352918551905,0.0,0.0,0.0,0.0,0.3012653205787542,0.0,0.0,0.0,0.2854851622835122,0.0,0.0,0.0,0.29018712576420297,0.18955799202938692,0.3003064547234718,0.2342350276394627,0.0,0.20032129357340062,0.0,0.19389948566986245,0.19934516443725742,0.13691014890187472,0.1278632097466861,0.0,0.0,0.0,0.0,0.0,0.0,0.0,0.0,0.0,0.0,0.0,0.0,0.0,0.0,0.0,0.0,0.0,0.0,0.0,0.0,0.0,0.0,0.0,0.0,0.0,0.0,0.0,0.0,0.0,0.0,0.0,0.0,0.0,0.0,0.0,0.0,0.0,0.0,0.0
0.0,0.29672599496049695,0.27322754464780163,0.21484727064462,0.0,0.2765173708305092,0.2491266838112766,0.2866140909765423,0.25797347251361996,0.3207133888678195,0.2438911577979462,0.33865517346926516,0.27943693336169245,0.21233742541963888,0.0,0.32581210588226817,0.0,0.0,0.2772204931516648,0.2942229296244255,0.0,0.3013971844884564,0.2752857343767699,0.0,0.0,0.0,0.2767663787191917,0.2783615719637333,0.296878698492041,0.2761788996670132,0.3318758978921708,0.30324646042081377,0.28862729267182097,0.3098700267297764,0.29873644379069175,0.17767934826182674,0.19398100082103753,0.0,0.0,0.0,0.0,0.0,0.0,0.0,0.0,0.0,0.0,0.0,0.0,0.0,0.0,0.0,0.0,0.0,0.0,0.0,0.0,0.0,0.0,0.0,0.0,0.0,0.0,0.0,0.0,0.0,0.0,0.36135769892196196,0.0,0.0,0.0,0.0,0.0,0.0,0.0,0.0
0.3274778415380226,0.2984316512850949,0.29421694581201824,0.28345092926235255,0.2765173708305092,0.0,0.2930239952353092,0.3073130288885857,0.2442017792602224,0.31824118927708317,0.26850984040850184,0.3259435574274118,0.2862008411896185,0.28991180553805335,0.3046153326056019,0.3061097348235649,0.0,0.29420242650030437,0.2767932540531263,0.31166503775387755,0.3084376127949486,0.3115369935651282,0.2981164956649371,0.0,0.2809797378482908,0.30500033276118826,0.2745398075179661,0.27790093177411684,0.25864080972113096,0.3006493864811684,0.3117737504952663,0.29107593957506367,0.26896111345046253,0.308745079261827,0.3251132793320655,0.3036268747908083,0.3018599474573492,0.0,0.3505543512694719,0.0,0.3594902341826337,0.3943260375393681,0.3332762978671524,0.0,0.0,0.0,0.0,0.37779411117690986,0.0,0.0,0.35779922192761965,0.3735772242716495,0.3496677786564916,0.38600157888352943,0.0,0.3632916639150739,0.0,0.363367604162551,0.39406463005566555,0.35582883644808166,0.0,0.0,0.0,0.3846858941177759,0.34729372361490224,0.3596103230933825,0.0,0.3652892874359474,0.0,0.0,0.0,0.35879292827737025,0.3539476156103841,0.34148934026791755,0.36917845665680316,0.35983026673571933
0.0,0.3062899645799317,0.3079923017694794,0.2362050253144213,0.2491266838112766,0.2930239952353092,0.0,0.3195489481828716,0.2971061695254734,0.3098563846618981,0.3241105531673181,0.3159784262953972,0.25597745413594897,0.26914585393072493,0.0,0.32195465247869415,0.0,0.3232629368078357,0.32087512787949346,0.31237759321163855,0.0,0.32461121372813656,0.30847870407707084,0.0,0.2972011399855536,0.30421190946198795,0.3056665252155471,0.27531845626936,0.3061143426871127,0.2982713644857769,0.3159008853512226,0.2851421649299898,0.2869094982217594,0.29481087889142676,0.3091846166236327,0.24013123510343803,0.2468698592394282,0.0,0.0,0.0,0.0,0.0,0.33814584587026264,0.0,0.0,0.0,0.0,0.0,0.0,0.0,0.3863174215868568,0.0,0.0,0.0,0.0,0.0,0.0,0.0,0.0,0.0,0.0,0.0,0.0,0.0,0.0,0.0,0.0,0.3687295528188041,0.0,0.0,0.0,0.3642263291940402,0.0,0.0,0.0,0.0
0.3534363452803423,0.0,0.3157811751895202,0.27687954967237915,0.2866140909765423,0.3073130288885857,0.3195489481828716,0.0,0.3417336287777107,0.0,0.22108402633352897,0.39308457119222673,0.3193405608286396,0.24784355770861363,0.2638585600495127,0.0,0.0,0.0,0.30294263756904805,0.0,0.2913383119792855,0.0,0.26455036252129577,0.3767028302843499,0.363204828336415,0.354104773392459,0.32254363416353476,0.31176603986596174,0.3100438875076877,0.3051608092243499,0.33188259000094034,0.13803754609511296,0.0,0.3316408391378513,0.0,0.18637318074346,0.23085467212386165,0.0,0.34108687959037776,0.0,0.3601673203396806,0.0,0.3200258327083441,0.0,0.0,0.0,0.0,0.3826539783619577,0.0,0.34481153352430344,0.3509211284803208,0.35856554315501116,0.3099979785123536,0.3869114920063808,0.0,0.3427627762439563,0.0,0.35317484324789566,0.29152977452674106,0.0,0.0,0.0,0.0,0.36915801623530164,0.33134708588637174,0.0,0.0,0.3558331937514611,0.0,0.0,0.0,0.3638480928422225,0.3463247348053343,0.326478315588382,0.0,0.35546120708910267
0.0,0.29437461949229576,0.24134184883467819,0.2968170100588412,0.25797347251361996,0.2442017792602224,0.2971061695254734,0.3417336287777107,0.0,0.3332523491809324,0.24173157944937057,0.3302681496120407,0.27481846569198315,0.3076109542554071,0.0,0.2981938598960418,0.0,0.0,0.21198468249638358,0.30044720588851853,0.0,0.30360313666171657,0.293592084927986,0.0,0.3036392853369898,0.3248672335516704,0.25977994179380315,0.3230225742347347,0.29564131366917235,0.3247612467951042,0.3475458047835668,0.31170878258176915,0.2945729831483892,0.3310351972452929,0.3200800916253143,0.30446500451612557,0.3162259126157732,0.32370438174154403,0.36615226239276133,0.0,0.0,0.0,0.35637556495705314,0.0,0.0,0.0,0.0,0.3869349719176827,0.0,0.0,0.3766637230513505,0.0,0.39614255006047555,0.0,0.0,0.36769940466319684,0.0,0.0,0.0,0.0,0.0,0.0,0.0,0.3849437357779255,0.0,0.0,0.0,0.3927985640195266,0.0,0.0,0.0,0.3794808772183429,0.0,0.0,0.0,0.0
0.0,0.0,0.34758726167465936,0.3244324504986537,0.3207133888678195,0.31824118927708317,0.3098563846618981,0.0,0.3332523491809324,0.0,0.34516059187622755,0.22205436938787254,0.31713413162356147,0.0,0.0,0.28510209790710106,0.25193886210782085,0.25745915843873146,0.3436026812868142,0.32708599088404927,0.0,0.30186409934472325,0.33193444228539404,0.2259995815976517,0.24874635187654992,0.25742012146515714,0.33044657910488767,0.28711919275020964,0.34470732892659545,0.0,0.2575484918208606,0.24101821842187238,0.22519275914349096,0.22198707067516654,0.21229780081968105,0.27529722895991005,0.23876697954396425,0.18612286889931043,0.2023169293555497,0.25595308555692575,0.2723126538244127,0.0,0.0,0.0,0.25648816165052624,0.3484664954451677,0.0,0.0,0.0,0.0,0.0,0.0,0.0,0.0,0.32353001954195987,0.0,0.3374782778602707,0.33516341225764185,0.0,0.0,0.0,0.3113863311066056,0.3027368979133683,0.0,0.0,0.0,0.0,0.0,0.30911157765347047,0.31727715432629366,0.33342356406494783,0.0,0.31453321233777504,0.0,0.0,0.3079113155617484
0.0,0.0,0.23628801255669546,0.28057616603715996,0.2438911577979462,0.26850984040850184,0.3241105531673181,0.22108402633352897,0.24173157944937057,0.34516059187622755,0.0,0.3273093381259333,0.32616447468383625,0.23211477832852578,0.0,0.0,0.0,0.0,0.18882616404744623,0.0,0.0,0.0,0.2232387838007289,0.0,0.0,0.0,0.27609558563761155,0.3288535031867176,0.0,0.0,0.36308281715341867,0.2814111544772168,0.34824739945119965,0.33161002395294087,0.3224112799318564,0.22185587707183582,0.30856070201018426,0.3240148769425182,0.29874177954931663,0.0,0.4260196105077082,0.0,0.3025504183950952,0.0,0.0,0.0,0.0,0.2725367358633173,0.0,0.30864209678946775,0.331945356319223,0.35271350648076116,0.3287942908621597,0.2814685514351479,0.0,0.15984739088859054,0.0,0.36496404813910494,0.2572170992842945,0.0,0.0,0.0,0.0,0.10726768047180328,0.0,0.0,0.0,0.34715756446709606,0.0,0.0,0.0,0.3368987169970125,0.3790624080148384,0.0,0.0,0.44545206536243237
0.2703857092770721,0.0,0.0,0.0,0.33865517346926516,0.3259435574274118,0.3159784262953972,0.39308457119222673,0.3302681496120407,0.22205436938787254,0.3273093381259333,0.0,0.2963250073708337,0.0,0.0,0.0,0.26005428807056274,0.2657436760196552,0.0,0.0,0.35545864206590816,0.38376332581980904,0.3861121081938348,0.22923220681831066,0.259498848174586,0.24353624922268977,0.0,0.2570272959531686,0.0,0.0,0.2617566331429777,0.19176375635882761,0.20763353194951117,0.18586929704775387,0.206461876841056,0.21756050058701656,0.2166419669407895,0.17211637933259488,0.17815829765509242,0.2251400209531371,0.21004599530470408,0.1927506605540371,0.17572968449191648,0.20233952594285226,0.18848556874272307,0.40078258718326226,0.0,0.0,0.0,0.0,0.0,0.33685576980236615,0.0,0.0,0.336924827050935,0.3609680838514369,0.33212355949556555,0.3087449190055168,0.0,0.0,0.0,0.31929118423322234,0.3181161867994715,0.0,0.0,0.0,0.0,0.0,0.2928373117933569,0.3293469105713998,0.33700774799504096,0.0,0.2771153379770404,0.0,0.0,0.294774626375437
0.0,0.31487331619671577,0.31571314366651554,0.25976432342693256,0.27943693336169245,0.2862008411896185,0.25597745413594897,0.3193405608286396,0.27481846569198315,0.31713413162356147,0.32616447468383625,0.2963250073708337,0.0,0.27551059189353366,0.30208299784024256,0.33190159906198796,0.32016712859971114,0.3148272468974685,0.3262819668512782,0.3163652707481585,0.3210630923264295,0.32980952181212675,0.3137817562979226,0.32529771261737045,0.30062039052905654,0.3116928778330695,0.3126235372211233,0.2658812914277575,0.29609366400216947,0.3041772698842093,0.30766652276067513,0.29046201964903323,0.2860539743579162,0.3015323847606323,0.3087422040640844,0.2679121721614983,0.26959240509727717,0.2840874777428292,0.347602874063153,0.0,0.0,0.0,0.3453432463603594,0.0,0.0,0.0,0.0,0.3977973786579113,0.0,0.0,0.3611459613753733,0.0,0.35537827000065675,0.0,0.0,0.0,0.0,0.0,0.0,0.0,0.0,0.0,0.0,0.0,0.0,0.0,0.0,0.3686841733702151,0.0,0.0,0.0,0.35659319166766623,0.0,0.3622518600090667,0.0,0.0
0.3388985575003446,0.0,0.29486700593455256,0.18606352918551905,0.21233742541963888,0.28991180553805335,0.26914585393072493,0.24784355770861363,0.3076109542554071,0.0,0.23211477832852578,0.0,0.27551059189353366,0.0,0.0,0.0,0.0,0.0,0.25285742079281426,0.0,0.30748957771674057,0.0,0.2653055235863614,0.0,0.0,0.0,0.30730782160153747,0.16091084854330526,0.0,0.0,0.26437139126061404,0.19611902295606123,0.0,0.18496151029719335,0.0,0.16160045277322718,0.13006429679881787,0.0,0.0,0.0,0.0,0.0,0.30025533941279725,0.0,0.0,0.0,0.0,0.0,0.0,0.0,0.0,0.0,0.0,0.0,0.0,0.0,0.0,0.0,0.0,0.0,0.0,0.0,0.0,0.0,0.0,0.0,0.0,0.35460829852424564,0.0,0.0,0.0,0.3459633090188774,0.0,0.0,0.0,0.0
0.27339135568015915,0.29274783844679053,0.5178370261478343,0.0,0.0,0.3046153326056019,0.0,0.2638585600495127,0.0,0.0,0.0,0.0,0.30208299784024256,0.0,0.0,0.3210601506379031,0.35275833691063885,0.297834558623041,0.0,0.24624741468462577,0.27069282350323054,0.26222839948176424,0.2883640509930479,0.3637536930306549,0.2792105348550504,0.27594164025465906,0.30923679508882546,0.28286384772064477,0.29245892149182573,0.0,0.30308071186435903,0.2955799330277126,0.2876298486864921,0.3052924802815558,0.324081574894901,0.3214346564316075,0.0,0.0,0.3309947414495458,0.35314260342556514,0.3427588122822253,0.3553911279087837,0.2782290006215625,0.0,0.0,0.0,0.34457402108083685,0.0,0.0,0.0,0.35196644405103633,0.0,0.32119385058086125,0.0,0.0,0.0,0.0,0.0,0.0,0.3465496580040375,0.3471540978086047,0.0,0.0,0.0,0.3325443807081023,0.3330220899388367,0.3541964342612741,0.3449792680341464,0.0,0.3739900264446313,0.3662945553576853,0.3433284755324769,0.3485140812567984,0.329059772186435,0.0,0.34092941662014564
0.29819896530616846,0.2931036020730671,0.0,0.0,0.32581210588226817,0.3061097348235649,0.32195465247869415,0.0,0.2981938598960418,0.28510209790710106,0.0,0.0,0.33190159906198796,0.0,0.3210601506379031,0.0,0.2727323341198006,0.2542099975077483,0.0,0.294520003436548,0.3256607872722248,0.28527331209282736,0.33026083043072013,0.0,0.28481050154568116,0.3004807073904334,0.3081686090187274,0.32051252202258335,0.31340243951187413,0.31511576113597967,0.2822883195142451,0.30369336281541864,0.2779723135797186,0.27545073632741246,0.3117864687670844,0.0,0.0,0.0,0.28688300827861996,0.27970202531074284,0.28627381342623226,0.0,0.0,0.0,0.0,0.3342885156198931,0.32099518102831454,0.0,0.0,0.0,0.0,0.0,0.0,0.0,0.0,0.0,0.0,0.0,0.0,0.0,0.31335506060660817,0.0,0.31466052231786035,0.0,0.0,0.0,0.3099477384932372,0.0,0.0,0.31496262061595115,0.33320860035415567,0.0,0.0,0.0,0.0,0.0
0.0,0.3197649565315268,0.0,0.0,0.0,0.0,0.0,0.0,0.0,0.25193886210782085,0.0,0.26005428807056274,0.32016712859971114,0.0,0.35275833691063885,0.2727323341198006,0.0,0.24935392864883218,0.0,0.3009866677214211,0.0,0.2864699496593588,0.0,0.2642238002196676,0.25564651397921045,0.26211158181068356,0.0,0.2985024890484685,0.3344823977611859,0.0,0.261269034361027,0.2883223042118536,0.26159738203257765,0.2635687157425419,0.2608480473518991,0.0,0.0,0.23654095344701542,0.0,0.25815849634152177,0.0,0.0,0.0,0.0,0.0,0.0,0.0,0.0,0.0,0.0,0.0,0.0,0.0,0.0,0.332113249719458,0.0,0.3351842748738544,0.0,0.0,0.0,0.0,0.30276568906049345,0.30644261129945266,0.0,0.0,0.0,0.0,0.0,0.0,0.32088715341584584,0.3290859606429038,0.0,0.0,0.0,0.0,0.0
0.27975600885807456,0.28917521640242055,0.0,0.0,0.0,0.29420242650030437,0.3232629368078357,0.0,0.0,0.25745915843873146,0.0,0.2657436760196552,0.3148272468974685,0.0,0.297834558623041,0.2542099975077483,0.24935392864883218,0.0,0.0,0.2935310642429322,0.3090302754299082,0.2928998231506348,0.31540618527188996,0.25770956616563545,0.25229226358717544,0.2719499077256341,0.294837093676454,0.307242957937809,0.3000100507697497,0.3358375135435542,0.27066737953318404,0.2928644055114247,0.2637017162062407,0.2666472080620597,0.27424333869207096,0.0,0.0,0.0,0.2913746862849662,0.24838738838263866,0.29264163660212295,0.0,0.0,0.0,0.0,0.31770231140621186,0.29357273050540567,0.0,0.0,0.0,0.0,0.0,0.0,0.0,0.30100510970766464,0.0,0.3230406389383073,0.0,0.0,0.0,0.29963643067496093,0.3149944163946838,0.30428071038199667,0.0,0.0,0.0,0.0,0.0,0.3286743545850305,0.3054439386010404,0.3238953166081088,0.0,0.0,0.0,0.0,0.28665221429775184
0.0,0.33800870622394547,0.18415447875473404,0.3012653205787542,0.2772204931516648,0.2767932540531263,0.32087512787949346,0.30294263756904805,0.21198468249638358,0.3436026812868142,0.18882616404744623,0.0,0.3262819668512782,0.25285742079281426,0.0,0.0,0.0,0.0,0.0,0.0,0.0,0.0,0.19283956567020574,0.0,0.0,0.0,0.2619735562640057,0.335314524736535,0.0,0.0,0.34264505367963327,0.28790733210216624,0.0,0.3268584489106505,0.3202761588874403,0.25804114733975514,0.3180754021051367,0.0,0.3429131191656833,0.0,0.0,0.0,0.3395118078652273,0.0,0.0,0.0,0.0,0.3676588228437038,0.0,0.0,0.36402584268437177,0.0,0.37958030330173986,0.37686540731214035,0.0,0.3289679672413337,0.0,0.0,0.32995735025471595,0.0,0.0,0.0,0.0,0.37102382698317316,0.0,0.0,0.0,0.3816281499489593,0.0,0.0,0.0,0.3691380057082081,0.0,0.0,0.0,0.0
0.2987108312364587,0.30014501150154466,0.0,0.0,0.2942229296244255,0.31166503775387755,0.31237759321163855,0.0,0.30044720588851853,0.32708599088404927,0.0,0.0,0.3163652707481585,0.0,0.24624741468462577,0.294520003436548,0.3009866677214211,0.2935310642429322,0.0,0.0,0.30819016538206667,0.25364559548098853,0.234765252133324,0.0,0.28077076593491834,0.2995982417989647,0.27249756936503267,0.2884534412616995,0.2545030497508717,0.2373032427386434,0.27303875520205806,0.2966321123387626,0.28708036928249336,0.2965717329408792,0.31898237809416863,0.3463997444909968,0.29178900918863604,0.0,0.3046015857575414,0.0,0.3385918432874119,0.34760050546327664,0.0,0.0,0.0,0.0,0.33327826496901997,0.0,0.0,0.0,0.0,0.0,0.38375623412193904,0.0,0.0,0.0,0.0,0.0,0.0,0.336298121806206,0.0,0.0,0.0,0.0,0.32905197067912895,0.32620106714872715,0.33445223176774164,0.3509754308209726,0.0,0.0,0.3374802904048586,0.3442428746523379,0.34868278008457865,0.32876424570558344,0.0,0.3480808125845379
0.28293844325463297,0.32301726094710964,0.38411219276411157,0.0,0.0,0.3084376127949486,0.0,0.2913383119792855,0.0,0.0,0.0,0.35545864206590816,0.3210630923264295,0.30748957771674057,0.27069282350323054,0.3256607872722248,0.0,0.3090302754299082,0.0,0.30819016538206667,0.0,0.3043467390492012,0.2988004668249488,0.3564590542632497,0.3178922541271737,0.29565258089301044,0.3183839339449162,0.32072396357768607,0.3039468917989465,0.31931466907415545,0.31701529237602705,0.2993435321637206,0.29457570219875456,0.2933957080296305,0.0,0.0,0.0,0.0,0.3275423360659572,0.32801190027982047,0.3500654711586183,0.0,0.0,0.0,0.0,0.0,0.35694015029880033,0.31605977113751366,0.0,0.0,0.323032731195884,0.0,0.2799801309990896,0.0,0.0,0.0,0.0,0.0,0.0,0.33216642935498103,0.32515661826036274,0.0,0.0,0.0,0.3337543749411168,0.29422851329726946,0.34880242678790546,0.3352939269113604,0.0,0.0,0.3607661323397866,0.34064352052849906,0.336898296634262,0.3335239688048105,0.3113389548902845,0.3522984794105277
0.33772359980674455,0.2857508709331585,0.3136865434589229,0.0,0.3013971844884564,0.3115369935651282,0.32461121372813656,0.0,0.30360313666171657,0.30186409934472325,0.0,0.38376332581980904,0.32980952181212675,0.0,0.26222839948176424,0.28527331209282736,0.2864699496593588,0.2928998231506348,0.0,0.25364559548098853,0.3043467390492012,0.0,0.313955356496609,0.0,0.2874190942203105,0.2899674030285951,0.3118716553715958,0.3212685073166089,0.2912118948653415,0.30475893406588367,0.2772448769660493,0.295554245176746,0.2790418213366546,0.291638291572351,0.3179846959076392,0.3389638669171262,0.30069727254127654,0.0,0.32146273687824456,0.3106193469301981,0.3275464380222742,0.33381618871686175,0.28393460881443855,0.0,0.0,0.3468489691353325,0.33542898504813495,0.0,0.0,0.0,0.0,0.0,0.0,0.0,0.0,0.0,0.0,0.0,0.0,0.34789843467116405,0.3208744916164552,0.0,0.3544716587171175,0.0,0.3296024572909987,0.3486626109552557,0.3358275768231905,0.3420937662612477,0.0,0.3257841931734994,0.357270306617216,0.3362048511362432,0.0,0.31968030759029165,0.0,0.31986537480898586
0.3284986465051225,0.31541462183744134,0.23432743133586614,0.2854851622835122,0.2752857343767699,0.2981164956649371,0.30847870407707084,0.26455036252129577,0.293592084927986,0.33193444228539404,0.2232387838007289,0.3861121081938348,0.3137817562979226,0.2653055235863614,0.2883640509930479,0.33026083043072013,0.0,0.31540618527188996,0.19283956567020574,0.234765252133324,0.2988004668249488,0.313955356496609,0.0,0.3579509134116177,0.31790899682053636,0.3197810199108839,0.2688589755870103,0.3131622809622166,0.3050677598070296,0.3083716861245612,0.3146810461857328,0.3008660006587514,0.2884568848162046,0.3183163346860596,0.3273601091622466,0.28419665860255344,0.29678914128022554,0.0,0.3575982817074972,0.32454376830249326,0.38196701022193214,0.36900571821888134,0.3495998651551543,0.0,0.0,0.0,0.35019697462611493,0.37446810715944817,0.0,0.39986365367338184,0.36520376666976284,0.36467084416389944,0.35198953366025465,0.39570252622238866,0.0,0.3705150951123503,0.0,0.36792750856489237,0.3568161946004911,0.35141180542818856,0.0,0.0,0.0,0.3798342147237268,0.3523538548762138,0.3405255658408041,0.3414289102554283,0.37204911413354647,0.0,0.0,0.35027387079163624,0.3683412411922778,0.3627918568523006,0.35475832696163023,0.3614851241229487,0.3681498230599016
0.2829509264399714,0.0,0.49105855162395756,0.0,0.0,0.0,0.0,0.3767028302843499,0.0,0.2259995815976517,0.0,0.22923220681831066,0.32529771261737045,0.0,0.3637536930306549,0.0,0.2642238002196676,0.25770956616563545,0.0,0.0,0.3564590542632497,0.0,0.3579509134116177,0.0,0.26713375900974085,0.2472306770445757,0.36076925952577343,0.27940341790672835,0.0,0.0,0.25869715091495277,0.2094619619236049,0.20016046470362825,0.18311076686646072,0.1548535212252278,0.0,0.2165550840256705,0.18123298265581744,0.0,0.2740632750751728,0.2733024727096538,0.0,0.0,0.0,0.272008381896717,0.30395411570370184,0.0,0.0,0.0,0.0,0.0,0.0,0.0,0.0,0.3261481535199302,0.0,0.32831005574495675,0.0,0.0,0.0,0.0,0.33054439682646325,0.3322587097559519,0.0,0.0,0.0,0.0,0.0,0.323970855553859,0.3329616342956099,0.34002321454747575,0.0,0.22658851807370947,0.0,0.0,0.3224965984106171
0.28514966635527894,0.2806790169923952,0.0,0.0,0.0,0.2809797378482908,0.2972011399855536,0.363204828336415,0.3036392853369898,0.24874635187654992,0.0,0.259498848174586,0.30062039052905654,0.0,0.2792105348550504,0.28481050154568116,0.25564651397921045,0.25229226358717544,0.0,0.28077076593491834,0.3178922541271737,0.2874190942203105,0.31790899682053636,0.26713375900974085,0.0,0.25936853554397177,0.2866886210945171,0.30418264768916353,0.2820279203099902,0.0,0.2711511382595562,0.28247875001930056,0.2464196303972255,0.2540865933042558,0.2666605238262067,0.0,0.0,0.2305338779194468,0.3151708285056451,0.27303013690097827,0.31825609059231386,0.3395463047527227,0.0,0.0,0.26560680254464336,0.3262655249137464,0.32643796808153375,0.0,0.0,0.0,0.0,0.0,0.0,0.0,0.3348763682512836,0.0,0.3399897580305079,0.0,0.0,0.0,0.32256485569336896,0.31378572270991806,0.31657399220746624,0.0,0.0,0.32078973127303506,0.3040764010677953,0.0,0.3354833806575411,0.31964005609932045,0.3346674131095535,0.0,0.0,0.0,0.0,0.3086535805832796
0.2671348808984279,0.2868403786462897,0.4190648301829707,0.0,0.0,0.30500033276118826,0.30421190946198795,0.354104773392459,0.3248672335516704,0.25742012146515714,0.0,0.24353624922268977,0.3116928778330695,0.0,0.27594164025465906,0.3004807073904334,0.26211158181068356,0.2719499077256341,0.0,0.2995982417989647,0.29565258089301044,0.2899674030285951,0.3197810199108839,0.2472306770445757,0.25936853554397177,0.0,0.316514118057313,0.3006061175993244,0.29605258151872954,0.0,0.28417896426451994,0.296349941188675,0.26856573510535076,0.27477846619657603,0.30016208400388056,0.3442921797269124,0.0,0.23294096683818905,0.32242951119180807,0.30333271688878616,0.33869554598268337,0.3591344084550821,0.0,0.0,0.2804762439026645,0.3335945041143157,0.3629295438847672,0.0,0.0,0.0,0.0,0.0,0.0,0.0,0.34087902445559826,0.0,0.3432392852457151,0.0,0.0,0.35961450743685724,0.3471250574757247,0.3258306639202663,0.3301571241140702,0.0,0.33669139007419013,0.3470679430082698,0.35176082484451704,0.34821826854932264,0.33742004315463464,0.3343043846203891,0.348647445509446,0.35324164660265334,0.3697286985217841,0.3521415938975206,0.0,0.32608481061816036
0.3179469241433628,0.3032530226363421,0.25188303899249515,0.29018712576420297,0.2767663787191917,0.2745398075179661,0.3056665252155471,0.32254363416353476,0.25977994179380315,0.33044657910488767,0.27609558563761155,0.0,0.3126235372211233,0.30730782160153747,0.30923679508882546,0.3081686090187274,0.0,0.294837093676454,0.2619735562640057,0.27249756936503267,0.3183839339449162,0.3118716553715958,0.2688589755870103,0.36076925952577343,0.2866886210945171,0.316514118057313,0.0,0.3126187788119698,0.2710662775907997,0.30250860505010624,0.3002052281407633,0.3047084367466241,0.2921089305093948,0.31320367153522627,0.32767918707386445,0.31317656826142964,0.30630776618959327,0.0,0.35400859560287357,0.35840331739742987,0.36514826685147295,0.37005317477732613,0.3477897557994212,0.0,0.0,0.0,0.0,0.37823350781542164,0.0,0.39560352131956733,0.36009148141806757,0.37126584302064974,0.3626839795790316,0.3850586954713392,0.0,0.37201845779770515,0.0,0.3642138592286303,0.3683192917659875,0.352606917640667,0.0,0.0,0.0,0.4058433375596932,0.3505798110164259,0.353165188905977,0.3439773886366022,0.37172631871507905,0.0,0.0,0.3595704780312138,0.3642595428336792,0.3600460684555965,0.35149645725627093,0.3694227838400932,0.3654487963114588
0.0,0.32214985901843707,0.32324215314933374,0.18955799202938692,0.2783615719637333,0.27790093177411684,0.27531845626936,0.31176603986596174,0.3230225742347347,0.28711919275020964,0.3288535031867176,0.2570272959531686,0.2658812914277575,0.16091084854330526,0.28286384772064477,0.32051252202258335,0.2985024890484685,0.307242957937809,0.335314524736535,0.2884534412616995,0.32072396357768607,0.3212685073166089,0.3131622809622166,0.27940341790672835,0.30418264768916353,0.3006061175993244,0.3126187788119698,0.0,0.2605415792308478,0.24258563970766694,0.2813836422560429,0.27158293039159337,0.25672427675750503,0.25958691308902015,0.25606087258254107,0.19359629407578952,0.2022322371780518,0.23885425154223958,0.2224079863131252,0.0,0.0,0.23780660833472245,0.3411536914176561,0.33930475133961474,0.0,0.0,0.0,0.4317942063317122,0.0,0.0,0.3648250779049425,0.0,0.34577159202405483,0.0,0.0,0.0,0.21686128303687,0.0,0.0,0.35730744347046756,0.0,0.0,0.0,0.0,0.33852400042975095,0.0,0.0,0.362002588452036,0.0,0.0,0.0,0.353384526290294,0.3654818941806996,0.3432370331205887,0.0,0.0
0.0,0.3040999231321698,0.32476217854468636,0.3003064547234718,0.296878698492041,0.25864080972113096,0.3061143426871127,0.3100438875076877,0.29564131366917235,0.34470732892659545,0.0,0.0,0.29609366400216947,0.0,0.29245892149182573,0.31340243951187413,0.3344823977611859,0.3000100507697497,0.0,0.2545030497508717,0.3039468917989465,0.2912118948653415,0.3050677598070296,0.0,0.2820279203099902,0.29605258151872954,0.2710662775907997,0.2605415792308478,0.0,0.27523986907686737,0.27083991579083766,0.28934727931568055,0.25855829020103926,0.2942455796186654,0.3192487643117287,0.3324836534025769,0.30811959315116016,0.0,0.3310070906507947,0.0,0.34836890579313623,0.0,0.32249669282006804,0.0,0.0,0.0,0.3062016319749257,0.4099063664310657,0.0,0.0,0.3412401630653738,0.0,0.3395767291061685,0.0,0.0,0.0,0.0,0.3626941205914461,0.0,0.3298413664893026,0.0,0.0,0.0,0.0,0.32768700295057407,0.32434603040087284,0.32157887258622075,0.3526675428219422,0.0,0.0,0.32868129158522663,0.3427356258221943,0.3458804886862114,0.32990706932035346,0.35972764380003974,0.3477590223495107
0.0,0.3336820578855762,0.3406490188491406,0.2342350276394627,0.2761788996670132,0.3006493864811684,0.2982713644857769,0.3051608092243499,0.3247612467951042,0.0,0.0,0.0,0.3041772698842093,0.0,0.0,0.31511576113597967,0.0,0.3358375135435542,0.0,0.2373032427386434,0.31931466907415545,0.30475893406588367,0.3083716861245612,0.0,0.0,0.0,0.30250860505010624,0.24258563970766694,0.27523986907686737,0.0,0.26251984122011335,0.29405315214530936,0.278056392924338,0.299820447428294,0.30712667871545174,0.3552305880412703,0.3150918275460472,0.0,0.0,0.0,0.0,0.0,0.0,0.0,0.0,0.0,0.0,0.0,0.0,0.0,0.0,0.0,0.0,0.0,0.0,0.0,0.0,0.0,0.0,0.0,0.0,0.0,0.0,0.0,0.3535974372936103,0.0,0.0,0.36700235223831107,0.0,0.0,0.0,0.3531673547252402,0.0,0.37483155675138113,0.0,0.0
0.2829895739163216,0.27224678788195306,0.33112382723465345,0.0,0.3318758978921708,0.3117737504952663,0.3159008853512226,0.33188259000094034,0.3475458047835668,0.2575484918208606,0.36308281715341867,0.2617566331429777,0.30766652276067513,0.26437139126061404,0.30308071186435903,0.2822883195142451,0.261269034361027,0.27066737953318404,0.34264505367963327,0.27303875520205806,0.31701529237602705,0.2772448769660493,0.3146810461857328,0.25869715091495277,0.2711511382595562,0.28417896426451994,0.3002052281407633,0.2813836422560429,0.27083991579083766,0.26251984122011335,0.0,0.28434233140355486,0.24535121487989256,0.21230014704899985,0.21627744656571563,0.30642331697911024,0.2438883216958638,0.22641359532228056,0.0,0.24678369017339943,0.0,0.0,0.0,0.0,0.0,0.0,0.3092203215690945,0.0,0.0,0.0,0.36373526540597506,0.0,0.0,0.0,0.29526599899141537,0.0,0.2949371750698885,0.0,0.0,0.34227955305048,0.3180921085158472,0.25642084505559537,0.0,0.0,0.3272278171934659,0.0,0.3234804216618533,0.37446821101017486,0.3401882192952591,0.3160804509079762,0.34455459858748333,0.353884678366277,0.0,0.334391912278528,0.0,0.0
0.2995290983698794,0.2953626803742683,0.3108759945332063,0.20032129357340062,0.30324646042081377,0.29107593957506367,0.2851421649299898,0.13803754609511296,0.31170878258176915,0.24101821842187238,0.2814111544772168,0.19176375635882761,0.29046201964903323,0.19611902295606123,0.2955799330277126,0.30369336281541864,0.2883223042118536,0.2928644055114247,0.28790733210216624,0.2966321123387626,0.2993435321637206,0.295554245176746,0.3008660006587514,0.2094619619236049,0.28247875001930056,0.296349941188675,0.3047084367466241,0.27158293039159337,0.28934727931568055,0.29405315214530936,0.28434233140355486,0.0,0.23722119184973936,0.22993934887789486,0.23189180350530764,0.1943159728022664,0.21913632338684752,0.1781172064116105,0.1812092980435122,0.19469635917573347,0.212475953953012,0.1979938783057656,0.2214483505752631,0.19472375554555546,0.16065643568430063,0.0,0.2954520054185162,0.37522257042121054,0.0,0.28287199681731273,0.34779690101368754,0.2667858888437981,0.3410618559123229,0.35696962710329216,0.27087397131530344,0.0,0.16375421470976792,0.3537026364045405,0.19869091306334524,0.3338690978918446,0.2969612130871645,0.30118436614195865,0.2898918605039646,0.40295608804198585,0.32380964368560516,0.3273580616955218,0.31054415058238155,0.3606361400699442,0.18005138704068313,0.2959145486592936,0.3093875308868457,0.34795931512057826,0.296616219344325,0.32550034407088474,0.35109498094231334,0.34285430656383636
0.27649713886769867,0.26478324939275066,0.31473656998064975,0.0,0.28862729267182097,0.26896111345046253,0.2869094982217594,0.0,0.2945729831483892,0.22519275914349096,0.34824739945119965,0.20763353194951117,0.2860539743579162,0.0,0.2876298486864921,0.2779723135797186,0.26159738203257765,0.2637017162062407,0.0,0.28708036928249336,0.29457570219875456,0.2790418213366546,0.2884568848162046,0.20016046470362825,0.2464196303972255,0.26856573510535076,0.2921089305093948,0.25672427675750503,0.25855829020103926,0.278056392924338,0.24535121487989256,0.23722119184973936,0.0,0.15947971649724782,0.245059024966646,0.28081585708002704,0.21645728332445108,0.12388150951819499,0.20123886623240334,0.1762757412874596,0.2361805354129031,0.21923324886867937,0.0,0.18589282993515976,0.19511143313156917,0.30946181113748455,0.2819366260101236,0.0,0.0,0.0,0.0,0.0,0.0,0.0,0.2791013828398945,0.0,0.28489059639088066,0.0,0.0,0.34439249954235296,0.2785454407462758,0.26894437150920814,0.27419486364695045,0.0,0.3273228383668656,0.0,0.3043952295024256,0.33206301401932614,0.2989408440634799,0.27294012762108116,0.2988968547457839,0.3163501406724374,0.0,0.3282764612859372,0.0,0.23875017053978181
0.2639822399044853,0.2599936576729971,0.32692485155791345,0.19389948566986245,0.3098700267297764,0.308745079261827,0.29481087889142676,0.3316408391378513,0.3310351972452929,0.22198707067516654,0.33161002395294087,0.18586929704775387,0.3015323847606323,0.18496151029719335,0.3052924802815558,0.27545073632741246,0.2635687157425419,0.2666472080620597,0.3268584489106505,0.2965717329408792,0.2933957080296305,0.291638291572351,0.3183163346860596,0.18311076686646072,0.2540865933042558,0.27477846619657603,0.31320367153522627,0.25958691308902015,0.2942455796186654,0.299820447428294,0.21230014704899985,0.22993934887789486,0.15947971649724782,0.0,0.18610537095955618,0.2464474883933432,0.19670153328961937,0.14109728145605746,0.20360343388689622,0.20168463735983794,0.17202773038673588,0.18814399414919533,0.0,0.21281591289357496,0.21781516699101908,0.0,0.3027788448896378,0.0,0.0,0.0,0.3575020028619354,0.0,0.0,0.0,0.25664614891615967,0.0,0.19121897712000274,0.0,0.0,0.34573074194756226,0.3058194563442101,0.0,0.32389914436840544,0.0,0.3327470654464624,0.34083901693388485,0.3303778943630247,0.367693482999682,0.2968975108646835,0.3096914580928365,0.3263725740909817,0.35169524852613854,0.3482844517033215,0.3386579963239034,0.0,0.0
0.0,0.29749537505263735,0.326546948814899,0.19934516443725742,0.29873644379069175,0.3251132793320655,0.3091846166236327,0.0,0.3200800916253143,0.21229780081968105,0.3224112799318564,0.206461876841056,0.3087422040640844,0.0,0.324081574894901,0.3117864687670844,0.2608480473518991,0.27424333869207096,0.3202761588874403,0.31898237809416863,0.0,0.3179846959076392,0.3273601091622466,0.1548535212252278,0.2666605238262067,0.30016208400388056,0.32767918707386445,0.25606087258254107,0.3192487643117287,0.30712667871545174,0.21627744656571563,0.23189180350530764,0.245059024966646,0.18610537095955618,0.0,0.29291608680315395,0.2340554691524496,0.14002301026704872,0.19923753043488496,0.2011936300676908,0.18902118081258687,0.21909724122632107,0.23183926582994518,0.22260246301853506,0.0,0.0,0.2897274932714673,0.0,0.0,0.0,0.0,0.0,0.0,0.0,0.0,0.0,0.18592747976072596,0.0,0.0,0.35567382610492265,0.0,0.0,0.0,0.0,0.34341512693521875,0.0,0.33972253862859403,0.36439752878463694,0.0,0.0,0.350371171423339,0.3543193350315091,0.0,0.35905734951518375,0.0,0.0
0.0,0.0,0.28971125730825165,0.13691014890187472,0.17767934826182674,0.3036268747908083,0.24013123510343803,0.18637318074346,0.30446500451612557,0.27529722895991005,0.22185587707183582,0.21756050058701656,0.2679121721614983,0.16160045277322718,0.3214346564316075,0.0,0.0,0.0,0.25804114733975514,0.3463997444909968,0.0,0.3389638669171262,0.28419665860255344,0.0,0.0,0.3442921797269124,0.31317656826142964,0.19359629407578952,0.3324836534025769,0.3552305880412703,0.30642331697911024,0.1943159728022664,0.28081585708002704,0.2464474883933432,0.29291608680315395,0.0,0.1450280404787445,0.21330377197034045,0.20229571448210448,0.0,0.21020012265062668,0.19782497232104798,0.20905419933052835,0.22173314527657054,0.0,0.0,0.0,0.33582485772546566,0.0,0.23695527087180474,0.33260781763245145,0.0,0.0,0.33655538248191164,0.0,0.2771912263386883,0.17837782803583585,0.0,0.0,0.35200059712908943,0.0,0.0,0.0,0.3354652648139271,0.31716967236418175,0.0,0.0,0.3428717120676761,0.0,0.0,0.0,0.3293256150554049,0.30899342779443967,0.3854952973738394,0.0,0.0
0.0,0.0,0.31402525987767166,0.1278632097466861,0.19398100082103753,0.3018599474573492,0.2468698592394282,0.23085467212386165,0.3162259126157732,0.23876697954396425,0.30856070201018426,0.2166419669407895,0.26959240509727717,0.13006429679881787,0.0,0.0,0.0,0.0,0.3180754021051367,0.29178900918863604,0.0,0.30069727254127654,0.29678914128022554,0.2165550840256705,0.0,0.0,0.30630776618959327,0.2022322371780518,0.30811959315116016,0.3150918275460472,0.2438883216958638,0.21913632338684752,0.21645728332445108,0.19670153328961937,0.2340554691524496,0.1450280404787445,0.0,0.21011479329043134,0.18051823918853677,0.15945933040723048,0.19554820543176152,0.21192949296031569,0.2117294586775143,0.21035559626000125,0.1823244072061428,0.0,0.0,0.0,0.0,0.0,0.0,0.0,0.0,0.0,0.0,0.0,0.1814257652077179,0.0,0.0,0.0,0.0,0.0,0.0,0.0,0.0,0.0,0.0,0.0,0.0,0.0,0.0,0.0,0.0,0.0,0.0,0.0
0.0,0.0,0.0,0.0,0.0,0.0,0.0,0.0,0.32370438174154403,0.18612286889931043,0.3240148769425182,0.17211637933259488,0.2840874777428292,0.0,0.0,0.0,0.23654095344701542,0.0,0.0,0.0,0.0,0.0,0.0,0.18123298265581744,0.2305338779194468,0.23294096683818905,0.0,0.23885425154223958,0.0,0.0,0.22641359532228056,0.1781172064116105,0.12388150951819499,0.14109728145605746,0.14002301026704872,0.21330377197034045,0.21011479329043134,0.0,0.17352847834432317,0.17605552422834272,0.2431930711361476,0.0,0.0,0.0,0.20262416187685678,0.0,0.0,0.0,0.0,0.0,0.0,0.0,0.0,0.0,0.25271083469455746,0.0,0.27336406987719947,0.0,0.0,0.0,0.0,0.0,0.0,0.0,0.0,0.0,0.0,0.0,0.2504817289896529,0.26730147392990183,0.27611677693429126,0.0,0.0,0.0,0.0,0.26278758849454786
0.3220976474172965,0.33006667318670024,0.38057530080932767,0.0,0.0,0.3505543512694719,0.0,0.34108687959037776,0.36615226239276133,0.2023169293555497,0.29874177954931663,0.17815829765509242,0.347602874063153,0.0,0.3309947414495458,0.28688300827861996,0.0,0.2913746862849662,0.3429131191656833,0.3046015857575414,0.3275423360659572,0.32146273687824456,0.3575982817074972,0.0,0.3151708285056451,0.32242951119180807,0.35400859560287357,0.2224079863131252,0.3310070906507947,0.0,0.0,0.1812092980435122,0.20123886623240334,0.20360343388689622,0.19923753043488496,0.20229571448210448,0.18051823918853677,0.17352847834432317,0.0,0.2266852424725011,0.2488424528196357,0.23579653377453433,0.21225273437671988,0.2215785234767853,0.18106795674794374,0.28669313337110924,0.27829880067616347,0.3187654420645076,0.21077579570411725,0.2747738122891866,0.29617376435075354,0.2809603757140406,0.23401764557728086,0.32278309570395824,0.24100754736000632,0.283564492249821,0.1833521370187176,0.2834869962743302,0.2132298389942154,0.29808098734847255,0.2978674971621042,0.30433658604594266,0.29974354371766926,0.3087848312053926,0.2960743088952539,0.29134570681123817,0.2907068442135829,0.2876205253924078,0.19954874499433503,0.2808002240169547,0.28975725963576954,0.2939674216019548,0.2650068230470612,0.29221045290462216,0.26036674638388574,0.27568144789411236
0.31760813516937164,0.31790432160087395,0.0,0.0,0.0,0.0,0.0,0.0,0.0,0.25595308555692575,0.0,0.2251400209531371,0.0,0.0,0.35314260342556514,0.27970202531074284,0.25815849634152177,0.24838738838263866,0.0,0.0,0.32801190027982047,0.3106193469301981,0.32454376830249326,0.2740632750751728,0.27303013690097827,0.30333271688878616,0.35840331739742987,0.0,0.0,0.0,0.24678369017339943,0.19469635917573347,0.1762757412874596,0.20168463735983794,0.2011936300676908,0.0,0.15945933040723048,0.17605552422834272,0.2266852424725011,0.0,0.18062851617841721,0.2518711614354184,0.28078508416413595,0.2153276044175612,0.13913797469102512,0.266195236229969,0.2413763789124215,0.0,0.0,0.3083504090974308,0.27893782750844603,0.2797128103529811,0.24059611225167435,0.31875858191985185,0.22669269583629129,0.32070903185208144,0.18449668795018245,0.26954989245504524,0.0,0.2853827487925672,0.26635113166695074,0.2690093789173662,0.2701934990996473,0.3674317596623103,0.27430740256639485,0.26422174636422946,0.26224982750841447,0.2921505305530972,0.18590126722670983,0.2462054506309467,0.2623464283963374,0.27977424018861075,0.25335919757125047,0.2844304908565274,0.21698572547847408,0.22924065581840744
