0.0,0.29118020621961177,0.0,0.0,0.0,0.3006561396570967,0.0,0.33761921107603565,0.0,0.2869610024261798,0.0,0.2791816965995616,0.0,0.0,0.2730674346735662,0.27029690007416235,0.2592533302604889,0.26391061022062334,0.0,0.2901533196447467,0.25624037691218454,0.2718627909219149,0.3183874574805274,0.256277458337953,0.26701290700712577,0.26574690010926366,0.31089461078396535,0.3188363102929543,0.30858445168910564,0.0,0.23729502603785385,0.2721359605679616,0.24400013818586502,0.23119496462229344,0.2729018101186509,0.0,0.0,0.32512542860985194,0.30124246798112686,0.30773007907333777,0.2986353355765066,0.35709002756668795,0.0,0.0,0.0,0.259943442291526,0.3360506125385869,0.0,0.0,0.0,0.33803826537576676,0.0,0.0,0.0,0.34732743638435903,0.0,0.0,0.4160998093406627,0.0,0.30156778280008206,0.31903471441034137,0.0,0.3086805810892854,0.0,0.2500258797301456,0.23465336402136205,0.31046826278121054,0.2944171285038773,0.26131048529723355,0.311681836786913,0.3212393002963995,0.0,0.0,0.3063812265933117,0.0,0.30045520614065546
0.29118020621961177,0.0,0.0,0.0,0.2858334348765044,0.2800680588849844,0.2972568922963492,0.3329556942169152,0.27752677056632147,0.29554802132868335,0.0,0.0,0.29964534544968724,0.0,0.2958372572551378,0.28436795830438594,0.0,0.2836464383515321,0.0,0.2902436565421054,0.28146591375947805,0.28605343247307485,0.31014330921026695,0.0,0.27578030064304404,0.29317750173018137,0.30139972388039793,0.3022853813539688,0.2879697375835042,0.0,0.25183931397134596,0.27625348296381924,0.24315415679273805,0.24660973644086945,0.2994161958616085,0.0,0.0,0.0,0.3129159953779309,0.30512912809897097,0.3106025006861764,0.3496594937071638,0.5120808258574256,0.0,0.0,0.32214482057091715,0.334347523268755,0.0,0.0,0.0,0.0,0.0,0.0,0.0,0.38662508854307825,0.0,0.0,0.0,0.0,0.3333036699092802,0.31865278056071106,0.0,0.3146467711669578,0.0,0.3181903521795216,0.32020103231285724,0.32045503923352736,0.339405425293275,0.0,0.3275656526203278,0.3360466532163899,0.3332817950568961,0.0,0.31750102935736274,0.0,0.29189165668833655
0.0,0.0,0.0,0.3009113593159433,0.27476064425454705,0.2583395435472571,0.30223810155103775,0.34094134949239296,0.20927287354166052,0.33493678207013833,0.24472564308325423,0.0,0.3087922041157554,0.30760280889227537,0.0,0.0,0.0,0.0,0.18423529691153143,0.0,0.0,0.0,0.22526881527787945,0.0,0.0,0.0,0.22504358710189576,0.31247479995652994,0.0,0.34263464711196906,0.32039738160166287,0.31194443823338275,0.0,0.31601891327167153,0.3103341288776406,0.28771281516957553,0.3028039310372565,0.0,0.3928248322271689,0.0,0.0,0.0,0.3726174973957772,0.0,0.0,0.0,0.0,0.3481263976187957,0.0,0.4049625838538043,0.39707572751885684,0.0,0.3935299755829184,0.40545242759644234,0.0,0.3786391553648389,0.0,0.0,0.3835242225359302,0.0,0.0,0.0,0.0,0.38538549445496656,0.0,0.0,0.0,0.4279754133981876,0.0,0.0,0.0,0.4003256951320651,0.0,0.0,0.0,0.0
0.0,0.0,0.3009113593159433,0.0,0.17226898672629073,0.2831293723136297,0.1639602895856448,0.23576310221563393,0.2882405850843546,0.16031724364577518,0.23890138691124466,0.23021260039255423,0.2061831672664379,0.1571881370708176,0.0,0.0,0.0,0.0,0.2978155559449506,0.0,0.0,0.0,0.2606601351673567,0.23544191311895607,0.0,0.2885798184512142,0.29015812788841444,0.17484244788485806,0.3107583122023721,0.0,0.2375309167317914,0.1961747319260582,0.0,0.158169558612929,0.1768847726022722,0.1142182147778284,0.09972366373069494,0.16857748255962024,0.0,0.0,0.0,0.0,0.0,0.0,0.0,0.0,0.0,0.0,0.0,0.0,0.0,0.0,0.0,0.0,0.0,0.0,0.0,0.0,0.0,0.0,0.0,0.0,0.0,0.0,0.0,0.0,0.0,0.0,0.0,0.0,0.0,0.0,0.0,0.0,0.0,0.0
0.0,0.2858334348765044,0.27476064425454705,0.17226898672629073,0.0,0.27590279624120917,0.23670759606820546,0.30916333442822325,0.24681797872417666,0.29401534521452605,0.23902836577771053,0.0,0.24468292681692572,0.20919355204559192,0.0,0.2996045677131901,0.0,0.0,0.2680168303167749,0.2769545778929157,0.0,0.28880128586999276,0.28240936919149984,0.3348774662838797,0.2860431483498064,0.0,0.2791498205647512,0.2269370589470354,0.295532977889898,0.0,0.29665038062307414,0.2787765015694487,0.0,0.2929190301016886,0.28901702427663006,0.1631427766114781,0.1589345825973782,0.0,0.4098350847149428,0.0,0.0,0.0,0.0,0.0,0.0,0.0,0.0,0.4057584546737763,0.0,0.0,0.3704998744040049,0.0,0.37255683697046993,0.0,0.0,0.39370168476618395,0.0,0.0,0.0,0.0,0.0,0.0,0.0,0.0,0.0,0.0,0.0,0.3892684859460133,0.0,0.0,0.0,0.41232509241727183,0.0,0.0,0.0,0.0
0.3006561396570967,0.2800680588849844,0.2583395435472571,0.2831293723136297,0.27590279624120917,0.0,0.2991876360132399,0.3045178010863214,0.267304762645999,0.3081964030551437,0.2794085721997798,0.32650680777221897,0.29236077614962863,0.3104398123701303,0.29472084150272865,0.27825345743618896,0.0,0.2737624854351814,0.2954483586910516,0.2883030889375974,0.29332395828849245,0.2914715548584073,0.29646838552253346,0.35121407489019973,0.2640564614645406,0.2852470337673391,0.27276593868134513,0.28739684298896295,0.25581799281652007,0.30469372423175795,0.2964107812758961,0.2896531816725338,0.27633036004629685,0.299471294290514,0.3040010477426037,0.3054898265015467,0.29689605607149505,0.0,0.35271007381425495,0.0,0.0,0.0,0.33679021462165926,0.0,0.0,0.0,0.0,0.393717012691145,0.0,0.409467802713006,0.3654727872168828,0.3786396413950614,0.34937704926068486,0.405360464278213,0.0,0.38195580054919964,0.0,0.37354038784628285,0.0,0.34752231493506,0.0,0.0,0.0,0.4058839659882058,0.335402819266199,0.0,0.3412117860574515,0.37323142309749424,0.0,0.0,0.0,0.37054770762015027,0.35854973183655797,0.3467896707526479,0.0,0.0
0.0,0.2972568922963492,0.30223810155103775,0.1639602895856448,0.23670759606820546,0.2991876360132399,0.0,0.30584430798002604,0.28447654759885144,0.2833737359512164,0.2934480750023834,0.27944188178180346,0.2324708044941888,0.22788404311840196,0.0,0.3157612053585074,0.340542803586119,0.3063481624264109,0.3153492544125171,0.31651824187669886,0.0,0.3247738621852992,0.2957352698590205,0.2985490364774856,0.2904475246375162,0.28960864998553965,0.3033754650728724,0.25213034215685265,0.31327029136642487,0.29566358743974275,0.2653589923968014,0.26381955015696856,0.29350526669556876,0.27454789749012676,0.22883063313300392,0.2030204298765674,0.19192201953245935,0.0,0.0,0.0,0.0,0.0,0.0,0.0,0.0,0.0,0.0,0.4208457175741022,0.0,0.0,0.0,0.0,0.38705298388969495,0.0,0.0,0.0,0.0,0.0,0.0,0.0,0.0,0.0,0.0,0.0,0.0,0.0,0.0,0.37573368344464775,0.0,0.0,0.0,0.0,0.0,0.0,0.0,0.0
0.33761921107603565,0.3329556942169152,0.34094134949239296,0.23576310221563393,0.30916333442822325,0.3045178010863214,0.30584430798002604,0.0,0.3470379038171179,0.353695763043453,0.17417374647962083,0.38874285261878877,0.3035032065310145,0.24080537993737688,0.24325026397682645,0.3287118093803408,0.0,0.3304282923341426,0.2877775419258993,0.29533112098775877,0.27167967892431544,0.3105169207281062,0.26680005526219186,0.35748906532750047,0.3336514986049669,0.3407154255063937,0.32067507355942937,0.3042020095863079,0.2817469325841943,0.28875375786560475,0.2994698920556236,0.2595463630655344,0.32829501372257397,0.3013122598770208,0.31395201460071104,0.20285426099101744,0.0,0.0,0.30120799820526045,0.0,0.2891280719076793,0.3484591500138675,0.24182358249335906,0.0,0.0,0.0,0.0,0.391223360608875,0.0,0.0,0.32858759213128147,0.34596972487036165,0.3004824245879048,0.4046632877957219,0.0,0.3513200279881933,0.0,0.3384518886511363,0.0,0.0,0.0,0.0,0.0,0.4024159559887963,0.0,0.19999977149933873,0.0,0.3421430102933872,0.0,0.0,0.0,0.3630987182994835,0.32504316681403583,0.3118436729003579,0.0,0.0
0.0,0.27752677056632147,0.20927287354166052,0.2882405850843546,0.24681797872417666,0.267304762645999,0.28447654759885144,0.3470379038171179,0.0,0.31724133012615485,0.24435546229211041,0.32547911864720325,0.2679066657563978,0.28864923663055314,0.0,0.0,0.0,0.0,0.20652766331351935,0.2770257154275602,0.0,0.2771638826276045,0.2885526092516263,0.3543510163252441,0.2869453317510728,0.2808961026995794,0.25452768754534294,0.3149008990122761,0.2934844247345019,0.3318199624728095,0.32985772692745574,0.30542454141389447,0.33122521368305313,0.32322118153683344,0.31516856944443855,0.29771161344780456,0.3015444374988472,0.0,0.38708700484057695,0.0,0.0,0.0,0.37272478836667067,0.0,0.0,0.0,0.0,0.4086447942402864,0.0,0.0,0.39441679496345766,0.0,0.4112291380521098,0.0,0.0,0.3916134781829226,0.0,0.0,0.4140940223500818,0.0,0.0,0.0,0.0,0.43502151524101884,0.0,0.0,0.0,0.42765851056781856,0.0,0.0,0.0,0.416490681602449,0.0,0.0,0.0,0.0
0.2869610024261798,0.29554802132868335,0.33493678207013833,0.16031724364577518,0.29401534521452605,0.3081964030551437,0.2833737359512164,0.353695763043453,0.31724133012615485,0.0,0.3098076407624354,0.2095927423754775,0.28351409355993995,0.21427436001760314,0.0,0.2770275253573316,0.23392581478518865,0.2491177255623209,0.32980648150641523,0.3003184354895956,0.3285652151839974,0.28004411725381123,0.30763814822829455,0.21539697874379998,0.23282870773093875,0.24100781320902825,0.3178626297225643,0.27080753329511165,0.3390709371534667,0.38951141642269865,0.2382492323097406,0.2189557386691367,0.22213705163961925,0.21107740252981075,0.20227435291672602,0.20961816791102267,0.14803063095444147,0.19530917754758145,0.21033926588105883,0.2920205559802956,0.25270908546064985,0.18757038014837663,0.0,0.0,0.27388658926010306,0.34139484775140283,0.0,0.0,0.0,0.0,0.0,0.27170643412636064,0.0,0.0,0.32412454402741486,0.0,0.3210092694287511,0.3101704094786471,0.0,0.0,0.2860408376272062,0.31038241287852897,0.2893285478760955,0.0,0.0,0.0,0.0,0.0,0.3080754920533708,0.30364228453887915,0.3190620137934869,0.0,0.2876313345750528,0.0,0.0,0.2919982750961473
0.0,0.0,0.24472564308325423,0.23890138691124466,0.23902836577771053,0.2794085721997798,0.2934480750023834,0.17417374647962083,0.24435546229211041,0.3098076407624354,0.0,0.302638974917892,0.2968290323351497,0.21459705842856164,0.0,0.0,0.0,0.0,0.19435891635460462,0.0,0.0,0.0,0.19184098739025082,0.3221212991989552,0.0,0.0,0.2707499817241176,0.2991085193525653,0.0,0.0,0.3135112593980221,0.2787903474381416,0.33071969434896176,0.3133037367501815,0.29438251288319367,0.20896881780302248,0.27962040072653543,0.0,0.3312559177390751,0.0,0.0,0.0,0.31521794469890657,0.0,0.0,0.0,0.0,0.3596966472194084,0.0,0.37147948213788384,0.36785859779263685,0.3808165396117688,0.34847509110644503,0.3804670522340917,0.0,0.17549162143942293,0.0,0.0,0.3021332120681783,0.0,0.0,0.0,0.0,0.22810092375533508,0.0,0.0,0.0,0.37972384524105357,0.0,0.0,0.0,0.3825880620326319,0.0,0.0,0.0,0.0
0.2791816965995616,0.0,0.0,0.23021260039255423,0.0,0.32650680777221897,0.27944188178180346,0.38874285261878877,0.32547911864720325,0.2095927423754775,0.302638974917892,0.0,0.29048569237394317,0.0,0.0,0.0,0.25096775205532945,0.2524835780875602,0.0,0.0,0.3400220188323013,0.0,0.37854593604420156,0.20452808486132165,0.24602069309468122,0.23031556565710892,0.0,0.2746131875389559,0.0,0.0,0.24701625885587,0.17374362449256456,0.21224067869839836,0.17667102348847954,0.20699413332888109,0.22099728810665048,0.21737871702509165,0.16788983126186366,0.19324744049313075,0.2986675780270918,0.2690043379632731,0.0,0.0,0.0,0.28949656854645583,0.0,0.0,0.0,0.0,0.0,0.0,0.0,0.0,0.0,0.3280766276310066,0.0,0.32268678302534964,0.32819484057442916,0.0,0.0,0.0,0.3169556055230735,0.30318248379248136,0.0,0.0,0.0,0.0,0.0,0.32188934219335463,0.3108906030057289,0.32381351384041424,0.0,0.3074129689115083,0.0,0.0,0.2913110825941421
0.0,0.29964534544968724,0.3087922041157554,0.2061831672664379,0.24468292681692572,0.29236077614962863,0.2324708044941888,0.3035032065310145,0.2679066657563978,0.28351409355993995,0.2968290323351497,0.29048569237394317,0.0,0.2354195012276765,0.0,0.320764798153079,0.30676909841621974,0.3066301025072088,0.3113955784622103,0.3114856788038926,0.31009197078897976,0.3283384218280689,0.29907822247210486,0.2895618177044217,0.2884792685873801,0.2871762453937212,0.3085262100376654,0.2452514684152756,0.30073457241279294,0.30419606099053403,0.2779817335006639,0.2669491711029064,0.2753894969461461,0.2847025172773512,0.2755291576367739,0.2174847591145107,0.21233382132871656,0.27520773325066294,0.0,0.0,0.0,0.0,0.0,0.0,0.0,0.0,0.0,0.0,0.0,0.0,0.3728133465714182,0.0,0.3245779521008665,0.0,0.3507770818726921,0.0,0.0,0.0,0.0,0.0,0.0,0.0,0.0,0.0,0.0,0.0,0.0,0.3694203917873527,0.0,0.0,0.0,0.35949511486107016,0.0,0.0,0.0,0.0
0.0,0.0,0.30760280889227537,0.1571881370708176,0.20919355204559192,0.3104398123701303,0.22788404311840196,0.24080537993737688,0.28864923663055314,0.21427436001760314,0.21459705842856164,0.0,0.2354195012276765,0.0,0.0,0.0,0.0,0.0,0.2646245954633198,0.0,0.0,0.0,0.25446551671479706,0.0,0.0,0.0,0.30887808046227333,0.1881427033678872,0.0,0.0,0.0,0.2049576078580597,0.0,0.1549103118401435,0.0,0.14924694434059801,0.1102842002825988,0.0,0.2595679942978501,0.0,0.0,0.0,0.0,0.0,0.0,0.0,0.0,0.0,0.0,0.0,0.0,0.0,0.0,0.4086165119735355,0.0,0.0,0.0,0.0,0.0,0.0,0.0,0.0,0.0,0.0,0.0,0.0,0.0,0.0,0.0,0.0,0.0,0.0,0.0,0.0,0.0,0.0
0.2730674346735662,0.2958372572551378,0.0,0.0,0.0,0.29472084150272865,0.0,0.24325026397682645,0.0,0.0,0.0,0.0,0.0,0.0,0.0,0.2778497124118443,0.0,0.26395988927811476,0.0,0.25881442214835004,0.2732589849471848,0.26037637804012614,0.2590591131187957,0.34083974053702887,0.2755460572361091,0.2737491955755122,0.3032876389183193,0.0,0.2763853694720824,0.0,0.26351335641280726,0.28924342310743556,0.2704386588393981,0.2730577561432976,0.3125270994692524,0.3100775795008858,0.0,0.0,0.33838653146059167,0.3343019192231664,0.3376254122106799,0.36550094749227807,0.2583058350111247,0.0,0.0,0.0,0.34332305372403915,0.3967800734534528,0.0,0.0,0.3348458254238107,0.0,0.3227468244670114,0.0,0.0,0.0,0.0,0.0,0.0,0.3513193122717665,0.34234739208061415,0.0,0.0,0.0,0.3545013399534107,0.33542060108044436,0.35052301776819794,0.34843338248534383,0.0,0.36337900159092423,0.35883686664891606,0.35648928328264357,0.3603647845272841,0.3491043285761646,0.0,0.34385903736497303
0.27029690007416235,0.28436795830438594,0.0,0.0,0.2996045677131901,0.27825345743618896,0.3157612053585074,0.3287118093803408,0.0,0.2770275253573316,0.0,0.0,0.320764798153079,0.0,0.2778497124118443,0.0,0.2631970621504296,0.23373125071415868,0.0,0.28839436727793927,0.2796182470844089,0.273277654500115,0.29880843742571983,0.27045070290282086,0.27135754598268635,0.27918953941147306,0.2990393454485103,0.3127622237767091,0.2991904427790212,0.2996567499248404,0.25918700179566845,0.29766193848591355,0.2628226509396247,0.25568809515723556,0.28555597088040247,0.0,0.0,0.0,0.2765154920832079,0.2862589231530082,0.28551096003837384,0.0,0.0,0.0,0.0,0.30104745926966786,0.31773610503920746,0.0,0.0,0.0,0.0,0.0,0.0,0.0,0.32797951743746334,0.0,0.0,0.0,0.0,0.32830227364064996,0.30197910899786923,0.33183367132986175,0.29679013348400574,0.0,0.3163885991096297,0.31069629824422196,0.30558014591425214,0.0,0.0,0.3050858585994826,0.316050022635383,0.0,0.0,0.0,0.0,0.2791961108822369
0.2592533302604889,0.0,0.0,0.0,0.0,0.0,0.340542803586119,0.0,0.0,0.23392581478518865,0.0,0.25096775205532945,0.30676909841621974,0.0,0.0,0.2631970621504296,0.0,0.22589079270276913,0.0,0.29193888236482163,0.0,0.2782140538187776,0.0,0.24663020096041816,0.2382473943274407,0.24460600703759316,0.0,0.2980801082173759,0.32713162360568876,0.0,0.24892382580575603,0.27187590221058877,0.24439686763037036,0.2483024794874447,0.25243135729385124,0.0,0.0,0.22907519319747086,0.0,0.29575529371751835,0.32248049653172145,0.0,0.0,0.0,0.0,0.0,0.0,0.0,0.0,0.0,0.0,0.0,0.0,0.0,0.32488045705697827,0.0,0.3160487642052519,0.0,0.0,0.0,0.0,0.320365426452469,0.30243851671459937,0.0,0.0,0.0,0.0,0.0,0.3274701281543582,0.300155039954516,0.3170505486177017,0.0,0.0,0.0,0.0,0.3200318218737522
0.26391061022062334,0.2836464383515321,0.0,0.0,0.0,0.2737624854351814,0.3063481624264109,0.3304282923341426,0.0,0.2491177255623209,0.0,0.2524835780875602,0.3066301025072088,0.0,0.26395988927811476,0.23373125071415868,0.22589079270276913,0.0,0.0,0.2884853810492432,0.280002791020951,0.280663471356018,0.29703929430336096,0.24559949805996603,0.2567570370131995,0.2594104586044506,0.28876751649774884,0.3016982595677561,0.2913720235585205,0.3073756286195515,0.2578152089156768,0.2896110418259474,0.24333349931055556,0.25246304940335623,0.274652509331009,0.24897415666982267,0.0,0.0,0.2539502927390964,0.27900143744312067,0.2709615144186298,0.318800601818313,0.0,0.0,0.0,0.3010728129859243,0.31483425955498817,0.0,0.0,0.0,0.0,0.0,0.0,0.0,0.2986928544557727,0.0,0.3037565647984012,0.0,0.0,0.0,0.2982526139679329,0.29688162517999583,0.29393061522037794,0.0,0.0,0.3728561896038677,0.29382368252189583,0.0,0.31378714897626253,0.3022830288541741,0.3096072377553824,0.0,0.0,0.0,0.0,0.27489668731563965
0.0,0.0,0.18423529691153143,0.2978155559449506,0.2680168303167749,0.2954483586910516,0.3153492544125171,0.2877775419258993,0.20652766331351935,0.32980648150641523,0.19435891635460462,0.0,0.3113955784622103,0.2646245954633198,0.0,0.0,0.0,0.0,0.0,0.0,0.0,0.0,0.19910926268992538,0.0,0.0,0.0,0.24611571698261286,0.3182097323776067,0.0,0.0,0.32168526836954664,0.29451785186243773,0.0,0.320518184585136,0.30498169512345225,0.2758870060971446,0.3006915674554816,0.0,0.3793137698959542,0.0,0.0,0.0,0.3518010113864138,0.0,0.0,0.0,0.0,0.375746862382361,0.0,0.4757396307622249,0.3967755805981446,0.4307423758230778,0.4216423938275613,0.41950138272327125,0.0,0.3476520978701288,0.0,0.47544880164122216,0.0,0.0,0.0,0.0,0.0,0.42063997636238,0.0,0.0,0.0,0.40873215058036755,0.0,0.0,0.0,0.4063407273439223,0.0,0.0,0.0,0.0
0.2901533196447467,0.2902436565421054,0.0,0.0,0.2769545778929157,0.2883030889375974,0.31651824187669886,0.29533112098775877,0.2770257154275602,0.3003184354895956,0.0,0.0,0.3114856788038926,0.0,0.25881442214835004,0.28839436727793927,0.29193888236482163,0.2884853810492432,0.0,0.0,0.29826784244966853,0.25984530752900925,0.24854349973279305,0.34678748867766135,0.2859096512925217,0.3089942546042817,0.25269942705051907,0.2915604745069349,0.23440750527963594,0.2661051531213363,0.2626186978116636,0.2934023840852792,0.2561097307551634,0.2803121840513881,0.32145738935805435,0.34519676014224343,0.0,0.3740735271919296,0.3125404049530727,0.30766658195242624,0.33186092670251,0.34869036611394644,0.36246024535899346,0.0,0.0,0.0,0.3157793605082453,0.0,0.0,0.0,0.34222189667327396,0.0,0.35701369922005705,0.0,0.0,0.0,0.0,0.0,0.0,0.3393285890929732,0.0,0.0,0.0,0.0,0.33860410750719266,0.3378584156582562,0.32961404002487066,0.3455195288924751,0.0,0.34740661892174374,0.3352621415144211,0.35286139381856313,0.3510691813560091,0.3359536705937048,0.0,0.33616929218056835
0.25624037691218454,0.28146591375947805,0.0,0.0,0.0,0.29332395828849245,0.0,0.27167967892431544,0.0,0.3285652151839974,0.0,0.3400220188323013,0.31009197078897976,0.0,0.2732589849471848,0.2796182470844089,0.0,0.280002791020951,0.0,0.29826784244966853,0.0,0.2986217244866069,0.2910462498895503,0.3237150308189642,0.27990923477500684,0.2840911412690894,0.3088103513988472,0.3056670344791065,0.28341798620168085,0.0,0.22482542286458673,0.28278861333553224,0.26060845195523674,0.2588051887777038,0.3210090167774522,0.0,0.0,0.0,0.2925563373994593,0.32357571570549537,0.3170521909658763,0.0,0.0,0.0,0.0,0.0,0.3395371941423408,0.0,0.0,0.0,0.30998119414853464,0.0,0.27717001245994577,0.0,0.0,0.0,0.0,0.38446238907200975,0.0,0.32384778437275014,0.3260371449840597,0.0,0.0,0.0,0.32883047473751775,0.2688718895260879,0.33136304737662764,0.3225137255088667,0.0,0.33716302876629733,0.3488726324951524,0.33420322884382364,0.3298116557483705,0.33472310937270533,0.0,0.35166748294183775
0.2718627909219149,0.28605343247307485,0.0,0.0,0.28880128586999276,0.2914715548584073,0.3247738621852992,0.3105169207281062,0.2771638826276045,0.28004411725381123,0.0,0.0,0.3283384218280689,0.0,0.26037637804012614,0.273277654500115,0.2782140538187776,0.280663471356018,0.0,0.25984530752900925,0.2986217244866069,0.0,0.28691158659905036,0.34653514287519815,0.2865260160528655,0.2818797014043718,0.3024093753624246,0.3148581751785736,0.2785473335847417,0.28657183723567947,0.26091104408208565,0.2919762298223944,0.26150428218551525,0.27180317449619285,0.3136520685869133,0.3575480032563236,0.0,0.0,0.3099993882564122,0.30389090700210336,0.3205820257551258,0.3473498344990899,0.36542906756899235,0.0,0.0,0.31199101093674403,0.31887550708330953,0.0,0.0,0.0,0.3300701581366081,0.0,0.35271821469598613,0.0,0.0,0.0,0.0,0.0,0.0,0.34976838094175894,0.3091734527750754,0.0,0.3004365436816743,0.0,0.3441814094830231,0.33305629488824473,0.3350807710071572,0.34718811976240693,0.0,0.2987231572382924,0.3379843703061638,0.34550764031065734,0.40016905259114227,0.3319562257509454,0.0,0.31911679621647276
0.3183874574805274,0.31014330921026695,0.22526881527787945,0.2606601351673567,0.28240936919149984,0.29646838552253346,0.2957352698590205,0.26680005526219186,0.2885526092516263,0.30763814822829455,0.19184098739025082,0.37854593604420156,0.29907822247210486,0.25446551671479706,0.2590591131187957,0.29880843742571983,0.0,0.29703929430336096,0.19910926268992538,0.24854349973279305,0.2910462498895503,0.28691158659905036,0.0,0.34624183860508756,0.30110958537672233,0.30949905731667404,0.2582190869203045,0.3007770232356805,0.28527351816525237,0.29295957051533106,0.2923549637829718,0.28725110489580036,0.2652088827025983,0.29808235342937506,0.315424659762522,0.2653860422043332,0.2875787048242169,0.0,0.3633089587089629,0.27989726412772703,0.35337814113001803,0.3651946455053843,0.3632489381422187,0.0,0.0,0.3015019940766786,0.3442891573865528,0.3979890189514498,0.0,0.383228684472155,0.36394409094097463,0.3723848798305893,0.36004457324050726,0.41116282792794523,0.0,0.37842068570342535,0.0,0.36769567203551023,0.38218371854338223,0.35040422006615013,0.0,0.0,0.0,0.4013881829054381,0.34934096714602775,0.33651112711053854,0.34193631485722864,0.37884533097481526,0.0,0.0,0.341794402475295,0.3678331292849146,0.357217133019432,0.35321236687624435,0.3436673956041298,0.35625471847752577
0.256277458337953,0.0,0.0,0.23544191311895607,0.3348774662838797,0.35121407489019973,0.2985490364774856,0.35748906532750047,0.3543510163252441,0.21539697874379998,0.3221212991989552,0.20452808486132165,0.2895618177044217,0.0,0.34083974053702887,0.27045070290282086,0.24663020096041816,0.24559949805996603,0.0,0.34678748867766135,0.3237150308189642,0.34653514287519815,0.34624183860508756,0.0,0.2577337182067884,0.2494842741570865,0.3287595499829043,0.28450873583501934,0.4041686728531901,0.0,0.2532714986053182,0.19706568734561355,0.15121049815044532,0.17228347733674487,0.15073621093079495,0.2464015586608757,0.18536999322295114,0.1628404264153149,0.21698836507566838,0.23634798160187204,0.1970890084036803,0.13800657242066433,0.20704838293755773,0.0,0.19697724691632748,0.2832170987829714,0.0,0.0,0.0,0.0,0.0,0.0,0.0,0.0,0.31510030179323356,0.0,0.30368788691820187,0.3041546240382266,0.0,0.3864024643969256,0.26539327916579375,0.31595023451035265,0.3037339826959411,0.0,0.2571884441591467,0.2646124764895952,0.3318328844743505,0.2731236106815346,0.3251880415198018,0.314120916347804,0.32991531494092724,0.23732007494490487,0.21298537773230022,0.0,0.0,0.27411064108073574
0.26701290700712577,0.27578030064304404,0.0,0.0,0.2860431483498064,0.2640564614645406,0.2904475246375162,0.3336514986049669,0.2869453317510728,0.23282870773093875,0.0,0.24602069309468122,0.2884792685873801,0.0,0.2755460572361091,0.27135754598268635,0.2382473943274407,0.2567570370131995,0.0,0.2859096512925217,0.27990923477500684,0.2865260160528655,0.30110958537672233,0.2577337182067884,0.0,0.2580526918973487,0.2866843245257599,0.29669227271143317,0.28018542616119513,0.33349848992191167,0.25632761029056694,0.27619331187394636,0.22811878069995198,0.2351834657392806,0.2603485245365811,0.0,0.0,0.22037905151110598,0.2833677508615094,0.29308278541545874,0.2886770863641763,0.3228556899666338,0.0,0.0,0.29032384373967246,0.310584117187794,0.33810118293195324,0.0,0.0,0.0,0.0,0.0,0.0,0.0,0.33125732173988687,0.0,0.3309890079215769,0.39151535411316607,0.0,0.3310183109404561,0.3129062232690083,0.32202063047133095,0.30796376456773666,0.0,0.30684617545478654,0.3381731166109155,0.301307797920571,0.0,0.32719399287253303,0.31513072908993145,0.32372571663343297,0.0,0.34486097944210514,0.0,0.0,0.2912703782026549
0.26574690010926366,0.29317750173018137,0.0,0.2885798184512142,0.0,0.2852470337673391,0.28960864998553965,0.3407154255063937,0.2808961026995794,0.24100781320902825,0.0,0.23031556565710892,0.2871762453937212,0.0,0.2737491955755122,0.27918953941147306,0.24460600703759316,0.2594104586044506,0.0,0.3089942546042817,0.2840911412690894,0.2818797014043718,0.30949905731667404,0.2494842741570865,0.2580526918973487,0.0,0.32466558949040203,0.2973802205506266,0.2808979904089363,0.0,0.252044589578704,0.2751434776315272,0.23415296194607024,0.24040336327145675,0.2699425831188711,0.0,0.0,0.2229525275846683,0.30879192018479806,0.30767378048323457,0.3046379189479156,0.32357913745612144,0.0,0.0,0.306321288062054,0.31514285150830473,0.34386194037592793,0.0,0.0,0.0,0.0,0.0,0.0,0.0,0.3366664030763721,0.0,0.3303980911314924,0.38937843461692806,0.0,0.35610062586928337,0.3208837072405107,0.3327732580540257,0.3140743114606663,0.0,0.3359377703813415,0.3405946347343026,0.34122500502195025,0.33836911898975597,0.3378525972287045,0.319777598729396,0.33345091000556415,0.3457508259253681,0.34195640120164367,0.3296436600549456,0.0,0.30453431008166154
0.31089461078396535,0.30139972388039793,0.22504358710189576,0.29015812788841444,0.2791498205647512,0.27276593868134513,0.3033754650728724,0.32067507355942937,0.25452768754534294,0.3178626297225643,0.2707499817241176,0.0,0.3085262100376654,0.30887808046227333,0.3032876389183193,0.2990393454485103,0.0,0.28876751649774884,0.24611571698261286,0.25269942705051907,0.3088103513988472,0.3024093753624246,0.2582190869203045,0.3287595499829043,0.2866843245257599,0.32466558949040203,0.0,0.3060168711802779,0.2701641509419039,0.28872701848843,0.28259339577930603,0.29450954568831766,0.2703703701334665,0.29676794043569377,0.31938819113635464,0.322103961895145,0.2966959384385634,0.3126498093245174,0.37290935072476444,0.0,0.35290672958738084,0.3570878011262612,0.3600586168606673,0.0,0.0,0.0,0.0,0.40953908979175824,0.0,0.4169205801344431,0.3626580282112503,0.37665577131694095,0.385260575033723,0.4122339605561221,0.0,0.40436683167405446,0.0,0.3622005051458687,0.40242417385035584,0.34856452812195254,0.0,0.0,0.0,0.4235336552781373,0.3433344907288591,0.3504339724590186,0.34050486396406376,0.38006683076532216,0.0,0.0,0.35215942609188444,0.36405096941637394,0.3563171587780343,0.3506941315710394,0.0,0.3593425304194159
0.3188363102929543,0.3022853813539688,0.31247479995652994,0.17484244788485806,0.2269370589470354,0.28739684298896295,0.25213034215685265,0.3042020095863079,0.3149008990122761,0.27080753329511165,0.2991085193525653,0.2746131875389559,0.2452514684152756,0.1881427033678872,0.0,0.3127622237767091,0.2980801082173759,0.3016982595677561,0.3182097323776067,0.2915604745069349,0.3056670344791065,0.3148581751785736,0.3007770232356805,0.28450873583501934,0.29669227271143317,0.2973802205506266,0.3060168711802779,0.0,0.2701759754699904,0.23883445469675238,0.2632887397267799,0.26816575513583124,0.26297694285479756,0.2654371544115062,0.24536112350082817,0.1806781854757711,0.1662346038751196,0.23998922189526706,0.2725710585929862,0.0,0.0,0.0,0.0,0.0,0.0,0.0,0.0,0.0,0.0,0.0,0.35299540090565884,0.0,0.3406375234253729,0.0,0.3395676725156821,0.0,0.0,0.0,0.0,0.0,0.0,0.0,0.0,0.0,0.0,0.0,0.0,0.3579118791781503,0.0,0.0,0.0,0.3587002300593386,0.0,0.34913182133809084,0.0,0.0
0.30858445168910564,0.2879697375835042,0.0,0.3107583122023721,0.295532977889898,0.25581799281652007,0.31327029136642487,0.2817469325841943,0.2934844247345019,0.3390709371534667,0.0,0.0,0.30073457241279294,0.0,0.2763853694720824,0.2991904427790212,0.32713162360568876,0.2913720235585205,0.0,0.23440750527963594,0.28341798620168085,0.2785473335847417,0.28527351816525237,0.4041686728531901,0.28018542616119513,0.2808979904089363,0.2701641509419039,0.2701759754699904,0.0,0.25739761691106117,0.26311842905247906,0.2841830154635026,0.24326199837144286,0.2792778156241556,0.3140282198707034,0.3394329134514632,0.23817338034047683,0.0,0.3419620492191023,0.29669535033130046,0.3487010699684791,0.36770701861497235,0.3377146416059224,0.0,0.0,0.0,0.3089443974029441,0.4123524720969185,0.0,0.5194078876628923,0.34830828318742146,0.42131372035985476,0.3279663081895724,0.459454028096472,0.0,0.0,0.0,0.37472287003885313,0.0,0.323471930989957,0.0,0.0,0.0,0.0,0.32350205288914025,0.32979642765385503,0.31007894544245324,0.3499412396330629,0.0,0.0,0.3099814912672209,0.3500083203673128,0.34802700120704605,0.340690623421234,0.0,0.34525711299799283
0.0,0.0,0.34263464711196906,0.0,0.0,0.30469372423175795,0.29566358743974275,0.28875375786560475,0.3318199624728095,0.38951141642269865,0.0,0.0,0.30419606099053403,0.0,0.0,0.2996567499248404,0.0,0.3073756286195515,0.0,0.2661051531213363,0.0,0.28657183723567947,0.29295957051533106,0.0,0.33349848992191167,0.0,0.28872701848843,0.23883445469675238,0.25739761691106117,0.0,0.24267291464673857,0.2831975711601669,0.2179429819923273,0.26679326815258997,0.30077662407749034,0.3662040144288478,0.0,0.0,0.0,0.0,0.0,0.0,0.0,0.0,0.0,0.0,0.0,0.0,0.0,0.0,0.3904577601702351,0.0,0.0,0.0,0.0,0.0,0.0,0.0,0.0,0.0,0.0,0.0,0.0,0.0,0.0,0.0,0.0,0.3539692896937703,0.0,0.0,0.0,0.35547173696103046,0.0,0.37060980075259026,0.0,0.0
0.23729502603785385,0.25183931397134596,0.32039738160166287,0.2375309167317914,0.29665038062307414,0.2964107812758961,0.2653589923968014,0.2994698920556236,0.32985772692745574,0.2382492323097406,0.3135112593980221,0.24701625885587,0.2779817335006639,0.0,0.26351335641280726,0.25918700179566845,0.24892382580575603,0.2578152089156768,0.32168526836954664,0.2626186978116636,0.22482542286458673,0.26091104408208565,0.2923549637829718,0.2532714986053182,0.25632761029056694,0.252044589578704,0.28259339577930603,0.2632887397267799,0.26311842905247906,0.24267291464673857,0.0,0.2628458494289568,0.2171359303641126,0.18658872214036917,0.17258478576765757,0.3008872368291434,0.22675937431138257,0.21570275055283594,0.3106042433944075,0.23369156967193352,0.26430748417094396,0.0,0.0,0.0,0.0,0.0,0.2946671603378371,0.0,0.0,0.0,0.35727237996673183,0.0,0.0,0.0,0.29923843710548836,0.0,0.3110998557794712,0.0,0.0,0.3251183014431995,0.2713678300749477,0.2823602651776712,0.2727724026397988,0.0,0.32647095966690853,0.0,0.30656935856060524,0.35857140109565944,0.0,0.2818461756098621,0.2938560951937149,0.35263547949810176,0.0,0.0,0.0,0.30030830473168
0.2721359605679616,0.27625348296381924,0.31194443823338275,0.1961747319260582,0.2787765015694487,0.2896531816725338,0.26381955015696856,0.2595463630655344,0.30542454141389447,0.2189557386691367,0.2787903474381416,0.17374362449256456,0.2669491711029064,0.2049576078580597,0.28924342310743556,0.29766193848591355,0.27187590221058877,0.2896110418259474,0.29451785186243773,0.2934023840852792,0.28278861333553224,0.2919762298223944,0.28725110489580036,0.19706568734561355,0.27619331187394636,0.2751434776315272,0.29450954568831766,0.26816575513583124,0.2841830154635026,0.2831975711601669,0.2628458494289568,0.0,0.2413529421249905,0.2193660460894552,0.2454057281053504,0.20284352633881048,0.20983447542590666,0.1619462735806406,0.18476776008015333,0.19234066121343707,0.1996112947468389,0.20504214475205867,0.22166705664578734,0.0,0.1641808227937945,0.2799432779514309,0.31438051196381267,0.40256424596248697,0.0,0.28412613409821535,0.34923242384035874,0.38179793537378864,0.3063995295686916,0.4054610874428958,0.20429321466094916,0.357172853595961,0.20283523927282318,0.35089060084302576,0.12825374926879132,0.3403324933547984,0.2978727755416186,0.2850450974857263,0.2761639066991215,0.4311429364709977,0.32980512440590726,0.31734031188118034,0.3128388871744643,0.3577691834886216,0.13295623562328782,0.2793774385476102,0.2900619975494487,0.35342605581119374,0.24276057500278078,0.3376432018029777,0.0,0.19632100217896944
0.24400013818586502,0.24315415679273805,0.0,0.0,0.0,0.27633036004629685,0.29350526669556876,0.32829501372257397,0.33122521368305313,0.22213705163961925,0.33071969434896176,0.21224067869839836,0.2753894969461461,0.0,0.2704386588393981,0.2628226509396247,0.24439686763037036,0.24333349931055556,0.0,0.2561097307551634,0.26060845195523674,0.26150428218551525,0.2652088827025983,0.15121049815044532,0.22811878069995198,0.23415296194607024,0.2703703701334665,0.26297694285479756,0.24326199837144286,0.2179429819923273,0.2171359303641126,0.2413529421249905,0.0,0.15822821721260688,0.25749818868771124,0.26073174998224113,0.21621194150994666,0.12423681284733214,0.1895569337051204,0.21329061508848712,0.1840017892598164,0.217351783043961,0.0,0.0,0.1894008971328604,0.2954799647446491,0.3030343216316108,0.0,0.0,0.0,0.0,0.0,0.0,0.0,0.2524288273522588,0.0,0.24722534925200337,0.33017274215403086,0.0,0.34552825312094376,0.27414663736453665,0.2450528710060199,0.25776574225694465,0.0,0.3276046521075842,0.3135925483575819,0.3037273398499548,0.3130530541044202,0.22492781390004057,0.26852890807713525,0.2774073585494958,0.30910558896435447,0.23260176177499609,0.34155781294050896,0.0,0.2278232352660641
0.23119496462229344,0.24660973644086945,0.31601891327167153,0.158169558612929,0.2929190301016886,0.299471294290514,0.27454789749012676,0.3013122598770208,0.32322118153683344,0.21107740252981075,0.3133037367501815,0.17667102348847954,0.2847025172773512,0.1549103118401435,0.2730577561432976,0.25568809515723556,0.2483024794874447,0.25246304940335623,0.320518184585136,0.2803121840513881,0.2588051887777038,0.27180317449619285,0.29808235342937506,0.17228347733674487,0.2351834657392806,0.24040336327145675,0.29676794043569377,0.2654371544115062,0.2792778156241556,0.26679326815258997,0.18658872214036917,0.2193660460894552,0.15822821721260688,0.0,0.13915239639104074,0.21657777099323766,0.1606721002271759,0.1320362761842286,0.1705554235955829,0.19949849918398996,0.1994127027457252,0.18894243633846555,0.20602905771795665,0.0,0.0,0.0,0.3022190224718538,0.0,0.0,0.0,0.35637769447330153,0.0,0.0,0.0,0.24198832897082126,0.0,0.2671565756386709,0.0,0.0,0.33696591924553326,0.2749357491805009,0.28105143297782886,0.2611577627730957,0.0,0.33188158604302515,0.3032810417127882,0.32418387924251646,0.3555548608244639,0.2802787010349422,0.2661995170549883,0.3049426087269621,0.3369424657155171,0.0,0.3445213714906798,0.0,0.23376566959015685
0.2729018101186509,0.2994161958616085,0.3103341288776406,0.1768847726022722,0.28901702427663006,0.3040010477426037,0.22883063313300392,0.31395201460071104,0.31516856944443855,0.20227435291672602,0.29438251288319367,0.20699413332888109,0.2755291576367739,0.0,0.3125270994692524,0.28555597088040247,0.25243135729385124,0.274652509331009,0.30498169512345225,0.32145738935805435,0.3210090167774522,0.3136520685869133,0.315424659762522,0.15073621093079495,0.2603485245365811,0.2699425831188711,0.31938819113635464,0.24536112350082817,0.3140282198707034,0.30077662407749034,0.17258478576765757,0.2454057281053504,0.25749818868771124,0.13915239639104074,0.0,0.2728756366922338,0.20100971763446104,0.1564525628868421,0.196909296581107,0.1811065056830716,0.183297690076437,0.21912524081285617,0.22706475161615627,0.18243879134508226,0.19616738980650883,0.0,0.3197936941198407,0.0,0.0,0.0,0.0,0.0,0.0,0.0,0.23530982226401354,0.0,0.0,0.0,0.0,0.355435274748673,0.3045128117729491,0.0,0.0,0.0,0.35293407306613883,0.0,0.34250594875684226,0.3600220949690786,0.0,0.2836816184547265,0.3104352232961125,0.35930902415134175,0.0,0.0,0.0,0.0
0.0,0.0,0.28771281516957553,0.1142182147778284,0.1631427766114781,0.3054898265015467,0.2030204298765674,0.20285426099101744,0.29771161344780456,0.20961816791102267,0.20896881780302248,0.22099728810665048,0.2174847591145107,0.14924694434059801,0.3100775795008858,0.0,0.0,0.24897415666982267,0.2758870060971446,0.34519676014224343,0.0,0.3575480032563236,0.2653860422043332,0.2464015586608757,0.0,0.0,0.322103961895145,0.1806781854757711,0.3394329134514632,0.3662040144288478,0.3008872368291434,0.20284352633881048,0.26073174998224113,0.21657777099323766,0.2728756366922338,0.0,0.1289671018017147,0.221086866976405,0.2500156716598433,0.1993631722715975,0.2357505314607734,0.21035274180883295,0.26643966620429277,0.0,0.0,0.0,0.21995154467966307,0.3715544673327398,0.0,0.3197464277878649,0.3281342187623043,0.35056109759743787,0.26469189003490634,0.36454078818386154,0.0,0.3155252436311775,0.0,0.3574692723149498,0.0,0.3425314706687731,0.0,0.0,0.0,0.36830944893569334,0.0,0.22014542571733836,0.28094036468799816,0.3367762911889895,0.0,0.0,0.31502149139087854,0.3283226704802835,0.0,0.33202454133065357,0.0,0.0
0.0,0.0,0.3028039310372565,0.09972366373069494,0.1589345825973782,0.29689605607149505,0.19192201953245935,0.0,0.3015444374988472,0.14803063095444147,0.27962040072653543,0.21737871702509165,0.21233382132871656,0.1102842002825988,0.0,0.0,0.0,0.0,0.3006915674554816,0.0,0.0,0.0,0.2875787048242169,0.18536999322295114,0.0,0.0,0.2966959384385634,0.1662346038751196,0.23817338034047683,0.0,0.22675937431138257,0.20983447542590666,0.21621194150994666,0.1606721002271759,0.20100971763446104,0.1289671018017147,0.0,0.1787955004640875,0.18613373981416198,0.0,0.0,0.21428928352828386,0.0,0.0,0.0,0.0,0.0,0.0,0.0,0.0,0.0,0.0,0.0,0.0,0.18359492296817742,0.0,0.0,0.0,0.0,0.0,0.0,0.0,0.0,0.0,0.0,0.0,0.0,0.0,0.0,0.0,0.0,0.0,0.0,0.0,0.0,0.0
0.32512542860985194,0.0,0.0,0.16857748255962024,0.0,0.0,0.0,0.0,0.0,0.19530917754758145,0.0,0.16788983126186366,0.27520773325066294,0.0,0.0,0.0,0.22907519319747086,0.0,0.0,0.3740735271919296,0.0,0.0,0.0,0.1628404264153149,0.22037905151110598,0.2229525275846683,0.3126498093245174,0.23998922189526706,0.0,0.0,0.21570275055283594,0.1619462735806406,0.12423681284733214,0.1320362761842286,0.1564525628868421,0.221086866976405,0.1787955004640875,0.0,0.1739568555778674,0.14673598892886128,0.14765771220941193,0.1834304548174543,0.0,0.0,0.15557382081984655,0.0,0.0,0.0,0.0,0.0,0.0,0.0,0.0,0.0,0.23021695835310244,0.0,0.20570258985319417,0.0,0.0,0.0,0.0,0.0,0.0,0.0,0.0,0.0,0.16996427252893953,0.0,0.0,0.20312721841128178,0.21669667681461277,0.0,0.0,0.0,0.0,0.0
0.30124246798112686,0.3129159953779309,0.3928248322271689,0.0,0.4098350847149428,0.35271007381425495,0.0,0.30120799820526045,0.38708700484057695,0.21033926588105883,0.3312559177390751,0.19324744049313075,0.0,0.2595679942978501,0.33838653146059167,0.2765154920832079,0.0,0.2539502927390964,0.3793137698959542,0.3125404049530727,0.2925563373994593,0.3099993882564122,0.3633089587089629,0.21698836507566838,0.2833677508615094,0.30879192018479806,0.37290935072476444,0.2725710585929862,0.3419620492191023,0.0,0.3106042433944075,0.18476776008015333,0.1895569337051204,0.1705554235955829,0.196909296581107,0.2500156716598433,0.18613373981416198,0.1739568555778674,0.0,0.22294736099442977,0.2503292896395461,0.22949044942401262,0.21702270666575185,0.20569299789805137,0.15997301693403201,0.27024766782974735,0.26563050332517996,0.3308458898320461,0.18765750155100935,0.2598483365318494,0.28210308721047833,0.26837426273024473,0.25753823939378573,0.32139020560985154,0.20575776369654433,0.26769915442913056,0.17931496981215803,0.28462340139677184,0.2111952707709728,0.27877626146286094,0.2861162972737948,0.27416884519191176,0.2889620151302808,0.3263977703120974,0.28759872980894,0.26601508612748187,0.2750722242444026,0.2848099596153707,0.1665236434620947,0.2718175989677617,0.2694048745177745,0.2955851817308309,0.2567994316594093,0.2884615768760286,0.2546530900006693,0.2647135076332631
