0.0,0.2953029762131131,0.0,0.0,0.0,0.0,0.0,0.35275238227909944,0.0,0.3126598035979798,0.0,0.2871121155500926,0.0,0.0,0.27777146707497063,0.3017303697754516,0.29106030375785985,0.302788897073525,0.0,0.31724751297496134,0.2824882600415662,0.31533589863268435,0.32603969682473594,0.2604025960772441,0.28544844149025034,0.2867980995157182,0.32153867604220177,0.0,0.0,0.0,0.2743066508042689,0.2828299086402376,0.263259067931013,0.26138285367840575,0.29354112869331295,0.0,0.0,0.31038455005301707,0.3108708878024096,0.31183380938248145,0.3073730374067179,0.335499829539436,0.0,0.0,0.0,0.28778668952633407,0.3554789040895977,0.0,0.0,0.0,0.0,0.0,0.0,0.0,0.35212413919923774,0.0,0.0,0.0,0.0,0.0,0.3391561271425652,0.5250108845298842,0.35363390858313226,0.0,0.27588675501675514,0.3139531908096126,0.3746783661021374,0.0,0.27692708514330894,0.33688315963692195,0.3494436731381097,0.0,0.0,0.0,0.0,0.3245352822688014
0.2953029762131131,0.0,0.0,0.0,0.0,0.2985418173797232,0.32237933096099186,0.3504875854501786,0.3009829491396678,0.0,0.0,0.0,0.3343792441943336,0.0,0.31514960806522074,0.2991440320731451,0.3063359285647899,0.30602998903294454,0.0,0.32062199618781,0.2890554173665956,0.28959608435747103,0.32854870653154866,0.0,0.28903026789855724,0.30039051974938435,0.3274992046476087,0.3334603487509083,0.3119892958146491,0.0,0.2444317875961837,0.26375237381549443,0.23820047876677297,0.24929320032114197,0.28826806705791225,0.0,0.0,0.0,0.31611412578885256,0.2847901976545889,0.3201940016895039,0.3365424206577606,0.0,0.0,0.0,0.3434037039443109,0.35324069585125,0.0,0.0,0.0,0.34120986647325025,0.0,0.0,0.0,0.0,0.0,0.0,0.0,0.0,0.3671627313027941,0.3216458741656208,0.0,0.32444469431289086,0.0,0.3165169138165047,0.3314335647489678,0.3558402696347214,0.35999620989496783,0.0,0.3339800035465971,0.36739145590002115,0.345039883047891,0.0,0.31980358387437724,0.0,0.3087802944628226
0.0,0.0,0.0,0.3364305189272896,0.305320309473246,0.27245831184358804,0.33574174512483435,0.36669893075163146,0.21924789046061519,0.0,0.2793174085422745,0.0,0.34350771136985664,0.3666980100631126,0.0,0.0,0.0,0.0,0.2120078287894734,0.0,0.0,0.3401056461838115,0.28384171219680426,0.0,0.4040926573477859,0.0,0.2532460621221863,0.34627134712452723,0.3449347132961091,0.0,0.3489144690021234,0.3304782440588099,0.0,0.3473779341804672,0.3527429313446182,0.3227733433066722,0.34248356797721863,0.0,0.38976160902184365,0.0,0.0,0.0,0.3753054924172969,0.0,0.0,0.0,0.0,0.4119942679141912,0.0,0.41266053498288485,0.4212832880416446,0.42245445753934996,0.3975342675045837,0.4310332999206927,0.0,0.36690107759179813,0.0,0.426143457582695,0.36688314239571457,0.0,0.0,0.0,0.0,0.37834314626592225,0.0,0.0,0.0,0.4363175678291863,0.0,0.0,0.0,0.41065018748061943,0.0,0.0,0.0,0.44951987231561763
0.0,0.0,0.3364305189272896,0.0,0.17784344237192928,0.32425506324195436,0.19846601638939326,0.0,0.3219686178210532,0.13498998042601146,0.31311463359652736,0.0,0.2349598959686425,0.17190498717981606,0.0,0.0,0.0,0.0,0.3422073758330467,0.3243889061069512,0.0,0.30647044947226526,0.30733669728099966,0.0,0.0,0.0,0.3184627883480383,0.1951957632988536,0.31531638601717304,0.0,0.0,0.20545615128731662,0.0,0.23185508357598744,0.21829141057971987,0.14097476617632787,0.13524560496104313,0.15450561533319643,0.0,0.0,0.0,0.0,0.0,0.0,0.0,0.0,0.0,0.0,0.0,0.0,0.0,0.0,0.0,0.0,0.0,0.0,0.0,0.0,0.0,0.0,0.0,0.0,0.0,0.0,0.0,0.0,0.0,0.0,0.0,0.0,0.0,0.0,0.0,0.0,0.0,0.0
0.0,0.0,0.305320309473246,0.17784344237192928,0.0,0.3218077484503915,0.26123236348611695,0.32418887562994164,0.2724300875872118,0.31237090558997116,0.26020955190185713,0.3001824763311224,0.2809920972423983,0.21243752755736742,0.0,0.0,0.3828570383382617,0.0,0.3155462172316402,0.30871074527577597,0.0,0.3207000992289517,0.3238366538829243,0.3444065907690381,0.31962236632319324,0.3444622404663589,0.32704436113104246,0.24260579302645705,0.33157577036002345,0.0,0.34553162272126575,0.26108951367136096,0.3364331375675773,0.3332108048191241,0.3507215089942515,0.17417832179385329,0.1746830345264881,0.2970013812645556,0.33918653919177305,0.0,0.0,0.0,0.29216032404846665,0.0,0.0,0.0,0.0,0.40105088944048295,0.0,0.0,0.37504706321790526,0.0,0.40798692157995786,0.40543165927039304,0.0,0.32004878057778813,0.0,0.0,0.32810822665039774,0.0,0.0,0.0,0.0,0.36849174979917576,0.0,0.0,0.0,0.3855184789931591,0.0,0.0,0.0,0.3834439198739386,0.0,0.0,0.0,0.0
0.0,0.2985418173797232,0.27245831184358804,0.32425506324195436,0.3218077484503915,0.0,0.3304009948907432,0.3335552136030056,0.28250035891839204,0.3318312596659105,0.3201642611546882,0.0,0.3084575520086057,0.3483285144182447,0.3084403299797689,0.3183975091544161,0.366870546450218,0.2974734667334684,0.314343929491086,0.3053729118327353,0.3266094221647463,0.3122139096795125,0.3261682076235757,0.0,0.2781657991734003,0.32109374972598326,0.2959753705408751,0.3199219081151224,0.2980240719778715,0.32020818037884785,0.32708224869729097,0.3214880384388147,0.2900244546819252,0.3244936662244679,0.3430175463568969,0.3408247816970257,0.337296666365179,0.0,0.3780247174422729,0.0,0.37505507764610757,0.417508552169136,0.3567997066987867,0.0,0.0,0.0,0.0,0.41405180044906337,0.0,0.4237030565927771,0.3927636471926002,0.39707245794722823,0.3595685008384552,0.4284593606973945,0.0,0.3900320076530532,0.0,0.3848429970226949,0.0,0.3542119970478374,0.0,0.0,0.0,0.40508056513661117,0.36269576191218167,0.0,0.3475512408465493,0.3937323564187097,0.0,0.0,0.36709416299373715,0.39144208349753123,0.37626170991677776,0.37274107606288975,0.39824528897369055,0.385061711947933
0.0,0.32237933096099186,0.33574174512483435,0.19846601638939326,0.26123236348611695,0.3304009948907432,0.0,0.35598862621531296,0.3222744901773105,0.2895207367429711,0.3457653908386487,0.26897777855325666,0.26452244068808806,0.2884081669066649,0.0,0.3372475466145605,0.3294395186616649,0.3287020001443277,0.3551438535449427,0.3354480212578026,0.0,0.3471589035817263,0.34015278542302213,0.28477556614898913,0.30269494149072396,0.3071593208120125,0.339153489438597,0.26215392894070366,0.34211502368708674,0.0,0.3228377073996581,0.3037402844478407,0.2907706146015753,0.2943569709477124,0.30164897221342823,0.23065472217931263,0.20926638657019828,0.2716855248367379,0.3624881973724824,0.0,0.0,0.0,0.3516886556384497,0.0,0.0,0.0,0.0,0.4335655438256673,0.0,0.0,0.40161208786690045,0.0,0.39418651718189635,0.46039247473753014,0.0,0.3906962370227705,0.0,0.0,0.0,0.0,0.0,0.0,0.0,0.0,0.0,0.0,0.0,0.3935409651521835,0.0,0.0,0.4819202946347035,0.3885763612001596,0.0,0.0,0.0,0.0
0.35275238227909944,0.3504875854501786,0.36669893075163146,0.0,0.32418887562994164,0.3335552136030056,0.35598862621531296,0.0,0.3852601472162847,0.3771240788174138,0.28056475163997874,0.0,0.3408174972337211,0.2603754818092941,0.3124151839739952,0.3546057793499483,0.0,0.360591530950897,0.34940507789902464,0.3209322417149931,0.31221254287891154,0.0,0.303762676701451,0.35994926274923944,0.36340780773482373,0.35394998300956765,0.3505895746482471,0.3355768342685839,0.31657957088312466,0.3306647916789451,0.34452523253658157,0.20553420539879966,0.35492952436460423,0.34678632273658544,0.35199157974162065,0.1925655894355048,0.0,0.0,0.3118204725604554,0.0,0.37103715972059603,0.39629818474897877,0.26795377819491006,0.0,0.0,0.0,0.0,0.393839319287382,0.0,0.35155016609124434,0.37300865983561227,0.3813068045609773,0.29505366818280643,0.40445984195155915,0.0,0.3087993872914146,0.0,0.37170583570068777,0.2712341197768321,0.38994611292940995,0.0,0.0,0.0,0.3658216136808173,0.3695216920991302,0.3275162115117786,0.0,0.36845288742844867,0.0,0.0,0.0,0.38062690261082954,0.3634234157853622,0.3442350676386549,0.0,0.3902796034331385
0.0,0.3009829491396678,0.21924789046061519,0.3219686178210532,0.2724300875872118,0.28250035891839204,0.3222744901773105,0.3852601472162847,0.0,0.340544169230869,0.23666990323165885,0.34872831349116046,0.2930154031275367,0.35793452267749043,0.0,0.3345543490344725,0.0,0.39719272810745887,0.23053897984602426,0.3047346981579449,0.0,0.3142729937914787,0.33714569261707183,0.3828820175152837,0.30975859503953335,0.0,0.2719983877636794,0.3584502731061136,0.31666757345507046,0.3724572108572731,0.37798020913192276,0.3461175405337703,0.3451421795827489,0.3612011185482082,0.3537080124678064,0.3327444744805458,0.33569729633226797,0.3377866802555734,0.37373039582828554,0.0,0.0,0.0,0.3841491676436415,0.0,0.0,0.0,0.0,0.4337145752151143,0.0,0.4317394161526096,0.41668330036932355,0.44142325389416026,0.43374273542740066,0.44006465278252876,0.0,0.39325181125996417,0.0,0.4585298027164163,0.3781812821076256,0.0,0.0,0.0,0.0,0.42699131134259427,0.0,0.0,0.0,0.4436852894935996,0.0,0.0,0.0,0.4396539799747844,0.0,0.0,0.0,0.0
0.3126598035979798,0.0,0.0,0.13498998042601146,0.31237090558997116,0.3318312596659105,0.2895207367429711,0.3771240788174138,0.340544169230869,0.0,0.34285943548160275,0.2251597549860005,0.30695051839697546,0.1260795895091295,0.0,0.0,0.2604834961144911,0.26774449725957844,0.3585308627564765,0.0,0.35475483023950255,0.2801548787556108,0.34593203472621725,0.26308063391517056,0.27359773763755846,0.28540581547358007,0.36089746335124867,0.2875172234793785,0.0,0.0,0.23835152607242416,0.2496313221593525,0.240489548593754,0.20806957071196983,0.2265008261519206,0.2335882166844095,0.1698015921448637,0.19424658000130895,0.23097479849392305,0.23941270311148855,0.26124869594182054,0.2571552111516854,0.0,0.0,0.22254688460587227,0.34114779110939014,0.0,0.0,0.0,0.0,0.0,0.0,0.0,0.0,0.3323625406375538,0.0,0.33727370699221065,0.3377255536659082,0.0,0.0,0.3227745550553287,0.33403913342430874,0.3210370785714779,0.0,0.0,0.0,0.32493501469347963,0.0,0.3604045065095118,0.33415854707422704,0.35095777902669784,0.0,0.29673465674907457,0.0,0.0,0.30961324204873397
0.0,0.0,0.2793174085422745,0.31311463359652736,0.26020955190185713,0.3201642611546882,0.3457653908386487,0.28056475163997874,0.23666990323165885,0.34285943548160275,0.0,0.0,0.35944587539700446,0.2245609247221572,0.0,0.0,0.0,0.0,0.22244036076149948,0.0,0.0,0.0,0.2449724894130205,0.36600233645059144,0.41266725888459876,0.44343216487951553,0.30459886739194236,0.35883487285945703,0.5005608404642495,0.0,0.3872794003852614,0.3236456909090203,0.35240634930439513,0.353954710162502,0.3607012563251109,0.24116084327384885,0.32995030816322907,0.3409096142655635,0.31581610714591535,0.0,0.0,0.0,0.30471493310150427,0.0,0.0,0.0,0.0,0.35585769219887964,0.0,0.3329330949782178,0.3927493092629006,0.3950918302669177,0.3363387448757324,0.3786061154906434,0.0,0.2476290530553623,0.0,0.40024237626818665,0.3114158625283871,0.0,0.0,0.0,0.0,0.16813152779133403,0.0,0.0,0.0,0.37865794752655924,0.0,0.0,0.0,0.38423603754970953,0.4434920185298241,0.0,0.0,0.0
0.2871121155500926,0.0,0.0,0.0,0.3001824763311224,0.0,0.26897777855325666,0.0,0.34872831349116046,0.2251597549860005,0.0,0.0,0.28912933976765504,0.0,0.0,0.0,0.28551798390859895,0.0,0.0,0.0,0.35609724564961337,0.0,0.0,0.22825197269746456,0.27857415224533577,0.24741117401367424,0.0,0.2612136797914031,0.0,0.0,0.22310556962280395,0.19782226396064284,0.19891890860764522,0.13708111861263234,0.15712383979189656,0.2330639103317241,0.20881840196075685,0.14662033492897472,0.19621391647010056,0.24116280757068387,0.2651698609134877,0.19524296584287315,0.0,0.0,0.2663360188454427,0.0,0.0,0.0,0.0,0.0,0.0,0.0,0.0,0.0,0.3323636956469547,0.0,0.3362016388683762,0.0,0.0,0.0,0.0,0.3354046755306657,0.3269828757348762,0.0,0.0,0.0,0.2963198018523941,0.0,0.35435690952918913,0.3364721438781065,0.35211357041591385,0.0,0.0,0.0,0.0,0.30099296878066706
0.0,0.3343792441943336,0.34350771136985664,0.2349598959686425,0.2809920972423983,0.3084575520086057,0.26452244068808806,0.3408174972337211,0.2930154031275367,0.30695051839697546,0.35944587539700446,0.28912933976765504,0.0,0.2954624761138,0.34259356507559513,0.34862550490773064,0.32576168994697513,0.32803850010043234,0.36386463553283604,0.3339224543188363,0.3382167201667992,0.348091777329622,0.33981245485040856,0.30320734573299385,0.30798811701070977,0.31655286711317193,0.341985160654756,0.2836430902163785,0.32719200226175316,0.2807290782294223,0.31287480139862955,0.3088745107953685,0.29888955670639833,0.3028398212034445,0.3144169523558439,0.25530897420484105,0.24330541536321407,0.2765926635069258,0.29983652909839054,0.0,0.0,0.0,0.0,0.0,0.0,0.0,0.0,0.43285342960234247,0.0,0.0,0.3840200539717783,0.45629972625974935,0.3585388152670659,0.0,0.35350477801659086,0.37565591892349504,0.0,0.0,0.0,0.46818186549741625,0.0,0.0,0.0,0.0,0.40912367823345286,0.0,0.0,0.3851344003732937,0.296811247786744,0.0,0.41106735220923546,0.3752431780751981,0.0,0.3836267214475146,0.0,0.44602125506764917
0.0,0.0,0.3666980100631126,0.17190498717981606,0.21243752755736742,0.3483285144182447,0.2884081669066649,0.2603754818092941,0.35793452267749043,0.1260795895091295,0.2245609247221572,0.0,0.2954624761138,0.0,0.0,0.0,0.0,0.0,0.33267908110243577,0.0,0.0,0.0,0.3201595129316023,0.0,0.0,0.0,0.34779702483749786,0.19347220564321133,0.0,0.0,0.0,0.1822121177897605,0.29050928453613245,0.288187391088329,0.0,0.15385997633631088,0.12151540293597325,0.0,0.2318486243810995,0.0,0.0,0.0,0.2714433335379719,0.0,0.0,0.0,0.0,0.390358584569259,0.0,0.26759626210914006,0.4083314568982969,0.4106545404571423,0.0,0.38379924516115593,0.0,0.3202310771653701,0.0,0.0,0.27560928227891546,0.0,0.0,0.0,0.0,0.3621743056581803,0.0,0.0,0.0,0.3579463715395508,0.0,0.0,0.0,0.39182465085163565,0.0,0.0,0.0,0.0
0.27777146707497063,0.31514960806522074,0.0,0.0,0.0,0.3084403299797689,0.0,0.3124151839739952,0.0,0.0,0.0,0.0,0.34259356507559513,0.0,0.0,0.3339539808252395,0.0,0.31277690960744875,0.0,0.2768727417491788,0.309646394152785,0.2843118649670555,0.2948953742184959,0.3237698639723345,0.32044857917255926,0.2948591828244206,0.31819694382885344,0.33120976658415274,0.3375742045235487,0.3237152011673188,0.32614835374986356,0.3157258340128461,0.3105256933120316,0.32653191505559553,0.34799082026779504,0.35473539132048054,0.3621500093090352,0.0,0.3570851585986496,0.38106355456188606,0.36332061934946613,0.3851298720529571,0.3011193853350982,0.0,0.0,0.0,0.36675728106736294,0.0,0.0,0.0,0.3487859719413411,0.0,0.0,0.0,0.0,0.0,0.0,0.0,0.0,0.38874992372030487,0.0,0.0,0.0,0.0,0.36788358885308853,0.3613610514108135,0.38752702772587494,0.37458511416020246,0.0,0.0,0.389890558676721,0.37791732163321123,0.3868064951537414,0.35158046917583224,0.0,0.3716691160020312
0.3017303697754516,0.2991440320731451,0.0,0.0,0.0,0.3183975091544161,0.3372475466145605,0.3546057793499483,0.3345543490344725,0.0,0.0,0.0,0.34862550490773064,0.0,0.3339539808252395,0.0,0.30098821302559614,0.26850308342172424,0.0,0.3226381679132933,0.3132967104799677,0.2932931128118698,0.3441189823923683,0.0,0.3067107053348194,0.30720603743514696,0.3385464630208923,0.3365750748348581,0.33297809829854763,0.34318400599563437,0.2846080077762642,0.3066253524499321,0.269450087790553,0.29062968786907895,0.3225384747469227,0.0,0.0,0.0,0.30871379671187377,0.2864922657181532,0.3094244127327297,0.323640622321525,0.0,0.0,0.0,0.3641208861200957,0.3395808194835462,0.0,0.0,0.0,0.0,0.0,0.0,0.0,0.0,0.0,0.0,0.0,0.0,0.35772273129524973,0.3216486482801248,0.0,0.3330736774980465,0.0,0.3634891328241615,0.3432344147840945,0.333121535928332,0.4332932681474473,0.0,0.33663740192370895,0.35656951923400115,0.40506120533907575,0.0,0.3477574707552855,0.0,0.30578061870749157
0.29106030375785985,0.3063359285647899,0.0,0.0,0.3828570383382617,0.366870546450218,0.3294395186616649,0.0,0.0,0.2604834961144911,0.0,0.28551798390859895,0.32576168994697513,0.0,0.0,0.30098821302559614,0.0,0.235678019174404,0.0,0.3120852149645689,0.0,0.2940654272477846,0.0,0.2871830847860307,0.27619308317738994,0.28347797875259173,0.0,0.31096086124221983,0.0,0.0,0.269458691778873,0.28998868535875033,0.2714342132291445,0.2646603124378692,0.27256612176926426,0.3172349756278069,0.0,0.24785966503088297,0.2884377121833274,0.2585837248786411,0.0,0.0,0.0,0.0,0.0,0.0,0.34635478228624844,0.0,0.0,0.0,0.0,0.0,0.0,0.0,0.33934343548740925,0.0,0.35325015986162045,0.0,0.0,0.0,0.33403687629221485,0.3208647910496074,0.3113741886938867,0.0,0.0,0.0,0.0,0.0,0.3559167802933319,0.33214646541227416,0.34786766263129054,0.0,0.0,0.0,0.0,0.33981671689070525
0.302788897073525,0.30602998903294454,0.0,0.0,0.0,0.2974734667334684,0.3287020001443277,0.360591530950897,0.39719272810745887,0.26774449725957844,0.0,0.0,0.32803850010043234,0.0,0.31277690960744875,0.26850308342172424,0.235678019174404,0.0,0.0,0.3131428198860794,0.3093968268474746,0.3052069036405094,0.3134338894994796,0.2991783178550791,0.28389775548598195,0.30038008884158707,0.3180598613316099,0.32641402655719354,0.31668258766642843,0.0,0.2814936008543174,0.29214688160220015,0.26831879483832927,0.2761543693730182,0.28929546490270897,0.0,0.0,0.0,0.2843727259280992,0.27233663533927377,0.30323647504756057,0.3227190157776017,0.0,0.0,0.0,0.3322539670278542,0.33630375979421373,0.0,0.0,0.0,0.0,0.0,0.0,0.0,0.28803476892734553,0.0,0.0,0.0,0.0,0.39942754682009757,0.3155226599338043,0.2915646078515973,0.3022610712164726,0.0,0.0,0.37184458218658395,0.314155348787176,0.0,0.33032393041468555,0.3190669948228798,0.3369846267433841,0.0,0.0,0.0,0.0,0.30223684170629517
0.0,0.0,0.2120078287894734,0.3422073758330467,0.3155462172316402,0.314343929491086,0.3551438535449427,0.34940507789902464,0.23053897984602426,0.3585308627564765,0.22244036076149948,0.0,0.36386463553283604,0.33267908110243577,0.0,0.0,0.0,0.0,0.0,0.0,0.0,0.0,0.2833071627790308,0.0,0.0,0.0,0.28213976191844087,0.37445528381900034,0.0,0.0,0.3577397109419949,0.33954996217380795,0.3993376811851623,0.3470671933764302,0.3537880852716228,0.32296757734622045,0.3435084777974564,0.368481939761732,0.3549763509898355,0.0,0.0,0.0,0.34496372987287655,0.0,0.0,0.0,0.0,0.41013647332303205,0.0,0.4222128200834844,0.41262021371223984,0.44607624635168863,0.4181498323124613,0.43036924411918354,0.0,0.3412659130019139,0.0,0.4709786502250028,0.3568898791102232,0.0,0.0,0.0,0.0,0.40064855045537134,0.0,0.0,0.0,0.4160081237455879,0.0,0.0,0.0,0.4173670245539731,0.0,0.0,0.0,0.0
0.31724751297496134,0.32062199618781,0.0,0.3243889061069512,0.30871074527577597,0.3053729118327353,0.3354480212578026,0.3209322417149931,0.3047346981579449,0.0,0.0,0.0,0.3339224543188363,0.0,0.2768727417491788,0.3226381679132933,0.3120852149645689,0.3131428198860794,0.0,0.0,0.3293162880689289,0.29191091558375226,0.2609545102167991,0.0,0.3113767295388524,0.3429146957233947,0.2958033363081816,0.308785580980394,0.2600356332297712,0.28025339231136487,0.301534996822359,0.3205687641154558,0.2935658834357724,0.3308897533609469,0.34794616137850704,0.0,0.0,0.0,0.35651798444495547,0.3554008170454247,0.356713160071596,0.3822596264169375,0.4270239964396445,0.0,0.0,0.0,0.3448306947058855,0.0,0.0,0.0,0.3668470737659275,0.0,0.37894770210496515,0.0,0.0,0.0,0.0,0.41485144908309374,0.0,0.35940135818698593,0.0,0.0,0.0,0.0,0.36342778059172076,0.3506066812365279,0.3611826919713172,0.3701679615359329,0.0,0.0,0.3675827512211507,0.37940257608074857,0.3748340130032327,0.3497051311850543,0.43720641134990645,0.36807972638318714
0.2824882600415662,0.2890554173665956,0.0,0.0,0.0,0.3266094221647463,0.0,0.31221254287891154,0.0,0.35475483023950255,0.0,0.35609724564961337,0.3382167201667992,0.0,0.309646394152785,0.3132967104799677,0.0,0.3093968268474746,0.0,0.3293162880689289,0.0,0.3337357981240489,0.3107616629405463,0.33163435855095325,0.30991124181260365,0.3036293783022668,0.333271159124697,0.33688597166272544,0.31109372640997224,0.3473950862795156,0.3209185253819566,0.30055472597866517,0.30080166678680426,0.2995801488135664,0.34973667663847113,0.0,0.0,0.3932559522184744,0.34927377525449016,0.33263137427644285,0.36040781659673454,0.3854773638981325,0.0,0.0,0.0,0.2842487331858904,0.36711126666178323,0.0,0.0,0.0,0.3636262679045736,0.0,0.3021560046501298,0.0,0.0,0.0,0.0,0.4022505257300563,0.0,0.37354373606770425,0.349340044628819,0.0,0.0,0.0,0.36092667620985763,0.29336728209625323,0.36534690649729457,0.3588539789577077,0.0,0.35739726345724604,0.37655031285490975,0.3780583846295604,0.3739207326467431,0.3696344414410139,0.0,0.3832833658071298
0.31533589863268435,0.28959608435747103,0.3401056461838115,0.30647044947226526,0.3207000992289517,0.3122139096795125,0.3471589035817263,0.0,0.3142729937914787,0.2801548787556108,0.0,0.0,0.348091777329622,0.0,0.2843118649670555,0.2932931128118698,0.2940654272477846,0.3052069036405094,0.0,0.29191091558375226,0.3337357981240489,0.0,0.34239362192703293,0.0,0.3014278288634137,0.30346953959056133,0.33968846757408355,0.3355894569581932,0.31898827090742177,0.311407898371884,0.2955403638267452,0.31052172091715496,0.2859163158714982,0.31771379198015015,0.3441238598754464,0.37548353912122157,0.0,0.0,0.33506035098220394,0.3376288021356703,0.3410787751040006,0.36023064454921516,0.0,0.0,0.0,0.0,0.3436211571586653,0.0,0.0,0.0,0.34158924995051204,0.0,0.0,0.0,0.0,0.0,0.0,0.0,0.0,0.38670389759078794,0.3246135588610103,0.0,0.32746471050872367,0.0,0.3574312090740776,0.3737878254263458,0.3632647915072628,0.3641380579464676,0.0,0.3201892534445961,0.3821000897901692,0.3541328498013029,0.4065362993539909,0.33754386096848743,0.0,0.32898289889342847
0.32603969682473594,0.32854870653154866,0.28384171219680426,0.30733669728099966,0.3238366538829243,0.3261682076235757,0.34015278542302213,0.303762676701451,0.33714569261707183,0.34593203472621725,0.2449724894130205,0.0,0.33981245485040856,0.3201595129316023,0.2948953742184959,0.3441189823923683,0.0,0.3134338894994796,0.2833071627790308,0.2609545102167991,0.3107616629405463,0.34239362192703293,0.0,0.342264515174499,0.3080495907896821,0.33674868569603117,0.2923843320381537,0.3347928530137747,0.31943944725671075,0.3239413261323373,0.3288110778691945,0.3224190888248706,0.2963843206330693,0.3343349373412152,0.34131466623420625,0.323877219767768,0.32213191350054016,0.0,0.37691250779741137,0.35486626624364515,0.3929608149708297,0.3979741309075401,0.3747299976957334,0.4119557135847965,0.0,0.0,0.36163392811332434,0.4165983273463458,0.0,0.40958646952217737,0.4006536137727782,0.4073849606513144,0.3682268029994005,0.4439435676814093,0.0,0.36931084834042227,0.0,0.3919413790084366,0.348973763592427,0.37060447976274735,0.0,0.0,0.0,0.40549178354767307,0.38030416602633915,0.3500334035276359,0.3583628376384143,0.4015185470669268,0.0,0.0,0.3649826838700815,0.3985345806155678,0.38889367582468176,0.3786484680263051,0.3911919245978907,0.3914746756764022
0.2604025960772441,0.0,0.0,0.0,0.3444065907690381,0.0,0.28477556614898913,0.35994926274923944,0.3828820175152837,0.26308063391517056,0.36600233645059144,0.22825197269746456,0.30320734573299385,0.0,0.3237698639723345,0.0,0.2871830847860307,0.2991783178550791,0.0,0.0,0.33163435855095325,0.0,0.342264515174499,0.0,0.2792472719290631,0.27576191314562004,0.0,0.28967341792526724,0.0,0.0,0.2590634192030522,0.18507407176256807,0.17082416150519705,0.20619757156851426,0.265248278065518,0.28431064790406235,0.0,0.16774368028613632,0.15755595249245802,0.20807744201416487,0.23383198410958972,0.22216523420075607,0.0,0.0,0.18884258376002633,0.29893596927873417,0.0,0.0,0.0,0.0,0.0,0.0,0.0,0.0,0.34462220677413824,0.0,0.3515363486615098,0.3458024310693629,0.0,0.0,0.353445596394132,0.3540780014367765,0.34426173130085713,0.0,0.0,0.0,0.3941094840015134,0.0,0.3292206956894355,0.342526378048027,0.36146177922288364,0.0,0.25956008228402144,0.0,0.0,0.31192060611457306
0.28544844149025034,0.28903026789855724,0.4040926573477859,0.0,0.31962236632319324,0.2781657991734003,0.30269494149072396,0.36340780773482373,0.30975859503953335,0.27359773763755846,0.41266725888459876,0.27857415224533577,0.30798811701070977,0.0,0.32044857917255926,0.3067107053348194,0.27619308317738994,0.28389775548598195,0.0,0.3113767295388524,0.30991124181260365,0.3014278288634137,0.3080495907896821,0.2792472719290631,0.0,0.2891783170858228,0.31017545785499645,0.30624643596206536,0.28429204542500747,0.0,0.27973234365027294,0.28269979816592433,0.25230071583128355,0.2581172269968936,0.2751524680405691,0.34685574545972464,0.0,0.23445788478168134,0.29746750320305654,0.2744207557666896,0.3170829515898342,0.3545566036664875,0.0,0.0,0.0,0.33180582120073,0.3592515659880251,0.0,0.0,0.0,0.0,0.0,0.0,0.0,0.31442585418899094,0.0,0.32373168362836596,0.0,0.0,0.36123142511868905,0.32341713793752813,0.3081986372140723,0.32140066459053773,0.0,0.32670175796076995,0.3360213806630155,0.3190538264703683,0.4187629533948945,0.3370476052920176,0.329285237157151,0.3439367549582548,0.44093741209808024,0.0,0.3334990010561845,0.0,0.31129853954633296
0.2867980995157182,0.30039051974938435,0.0,0.0,0.3444622404663589,0.32109374972598326,0.3071593208120125,0.35394998300956765,0.0,0.28540581547358007,0.44343216487951553,0.24741117401367424,0.31655286711317193,0.0,0.2948591828244206,0.30720603743514696,0.28347797875259173,0.30038008884158707,0.0,0.3429146957233947,0.3036293783022668,0.30346953959056133,0.33674868569603117,0.27576191314562004,0.2891783170858228,0.0,0.3535566862224298,0.3031030069603558,0.311457834027748,0.0,0.2798430005138358,0.2875140516461114,0.2711305508950192,0.2752110478439571,0.29964245598032113,0.32419036035119847,0.0,0.24781238583160498,0.3171933345172256,0.30279279436534484,0.33559076081799416,0.37396325010863235,0.35574586311536166,0.0,0.22654720724913655,0.33984493391825216,0.38528395366003027,0.0,0.0,0.0,0.3577074815300552,0.0,0.0,0.0,0.34695238557236713,0.0,0.3521313168976725,0.0,0.0,0.39038712212420806,0.3455943431827313,0.34270557750559333,0.33958693837955745,0.0,0.34161420412083904,0.36333701170584115,0.37212601835965603,0.36819545889672034,0.3732530483710235,0.34686330335724136,0.3679986990335709,0.3573423151660434,0.3351972756337088,0.34377757092928823,0.0,0.33561472910740564
0.32153867604220177,0.3274992046476087,0.2532460621221863,0.3184627883480383,0.32704436113104246,0.2959753705408751,0.339153489438597,0.3505895746482471,0.2719983877636794,0.36089746335124867,0.30459886739194236,0.0,0.341985160654756,0.34779702483749786,0.31819694382885344,0.3385464630208923,0.0,0.3180598613316099,0.28213976191844087,0.2958033363081816,0.333271159124697,0.33968846757408355,0.2923843320381537,0.0,0.31017545785499645,0.3535566862224298,0.0,0.3373185496228444,0.2982392948775741,0.31987746640438375,0.3228495096400912,0.32654754263570224,0.28821383154649616,0.33308918171384533,0.34886033050699655,0.3447572676061336,0.3333575323030693,0.0,0.3751643965779527,0.0,0.37691185694924945,0.39813008132641664,0.3674485465878126,0.4898166628524409,0.0,0.0,0.3938001801169524,0.42415358786051555,0.0,0.42806845985583053,0.3929216210150066,0.39817331053770694,0.37797555551050016,0.4283115700966001,0.0,0.38801292562464507,0.0,0.38170354744931334,0.0,0.3718194040997701,0.0,0.0,0.0,0.4166941382711436,0.37327997886124903,0.3652291818749884,0.35927474291749595,0.3965035274128262,0.0,0.0,0.38287825903270617,0.39230884580752606,0.380077358436442,0.37318744083173666,0.392365950127113,0.38515701390642915
0.0,0.3334603487509083,0.34627134712452723,0.1951957632988536,0.24260579302645705,0.3199219081151224,0.26215392894070366,0.3355768342685839,0.3584502731061136,0.2875172234793785,0.35883487285945703,0.2612136797914031,0.2836430902163785,0.19347220564321133,0.33120976658415274,0.3365750748348581,0.31096086124221983,0.32641402655719354,0.37445528381900034,0.308785580980394,0.33688597166272544,0.3355894569581932,0.3347928530137747,0.28967341792526724,0.30624643596206536,0.3031030069603558,0.3373185496228444,0.0,0.2860539295119283,0.2294969840673424,0.2827015912520136,0.2953378540955907,0.2669479214579134,0.2684059460661048,0.24403161646862703,0.2134048819905348,0.19251612183637012,0.25560554674005004,0.271984487096507,0.21877329471221027,0.3773024031761336,0.41208099555251615,0.36114295218014364,0.0,0.0,0.0,0.0,0.45808180667181236,0.0,0.0,0.3729733032744115,0.0,0.3532998094954783,0.0,0.2902661568108232,0.0,0.3501233310368567,0.41870208385293745,0.0,0.3943710797414541,0.0,0.0,0.0,0.0,0.37194385208015757,0.3623196170662546,0.0,0.38275209115256814,0.2554378015521109,0.3964031073536493,0.3879883397532142,0.37978165848594464,0.3815496494130905,0.36435931854108883,0.0,0.3941339263813423
0.0,0.3119892958146491,0.3449347132961091,0.31531638601717304,0.33157577036002345,0.2980240719778715,0.34211502368708674,0.31657957088312466,0.31666757345507046,0.0,0.5005608404642495,0.0,0.32719200226175316,0.0,0.3375742045235487,0.33297809829854763,0.0,0.31668258766642843,0.0,0.2600356332297712,0.31109372640997224,0.31898827090742177,0.31943944725671075,0.0,0.28429204542500747,0.311457834027748,0.2982392948775741,0.2860539295119283,0.0,0.28437003288467044,0.28942962488343876,0.3032429845468812,0.2630062469633844,0.3163343194968233,0.3375086484167011,0.359768364912891,0.3370978729438971,0.0,0.3494507051662578,0.0,0.3613193666456668,0.388723629894555,0.375618035294922,0.0,0.0,0.0,0.0,0.4386590360741184,0.0,0.0,0.36576036566466874,0.4380545383125862,0.3504660161272954,0.0,0.0,0.0,0.0,0.3823281064025319,0.0,0.34847107030660296,0.0,0.0,0.0,0.0,0.3497450996094425,0.33471361687166457,0.3380646461633059,0.3724300385209835,0.0,0.0,0.0,0.36652474768052196,0.3639020397065087,0.34779768835713115,0.38006039783822615,0.3691899180455396
0.0,0.0,0.0,0.0,0.0,0.32020818037884785,0.0,0.3306647916789451,0.3724572108572731,0.0,0.0,0.0,0.2807290782294223,0.0,0.3237152011673188,0.34318400599563437,0.0,0.0,0.0,0.28025339231136487,0.3473950862795156,0.311407898371884,0.3239413261323373,0.0,0.0,0.0,0.31987746640438375,0.2294969840673424,0.28437003288467044,0.0,0.25416073882764695,0.3102653196528546,0.31574429996797726,0.2862247655059946,0.3236200990391614,0.41293157567818084,0.0,0.0,0.3402619692406174,0.0,0.0,0.0,0.4064822507376042,0.0,0.0,0.0,0.0,0.0,0.0,0.0,0.0,0.0,0.0,0.0,0.0,0.0,0.0,0.0,0.0,0.0,0.0,0.0,0.0,0.0,0.39636162445873396,0.35484228933609996,0.0,0.3870153206522309,0.0,0.0,0.0,0.3798195717781408,0.4266065778981185,0.0,0.0,0.0
0.2743066508042689,0.2444317875961837,0.3489144690021234,0.0,0.34553162272126575,0.32708224869729097,0.3228377073996581,0.34452523253658157,0.37798020913192276,0.23835152607242416,0.3872794003852614,0.22310556962280395,0.31287480139862955,0.0,0.32614835374986356,0.2846080077762642,0.269458691778873,0.2814936008543174,0.3577397109419949,0.301534996822359,0.3209185253819566,0.2955403638267452,0.3288110778691945,0.2590634192030522,0.27973234365027294,0.2798430005138358,0.3228495096400912,0.2827015912520136,0.28942962488343876,0.25416073882764695,0.0,0.2997737397654548,0.23445570097833254,0.1932205937699058,0.15833907134052067,0.3423667529873182,0.28509179540564666,0.1886164470529729,0.3265846013175215,0.23298401752651862,0.3059905485926987,0.0,0.0,0.0,0.21907777099841771,0.34695794638135596,0.34290608690211466,0.0,0.0,0.0,0.37439816050647146,0.0,0.3593265377890825,0.0,0.31030891904965174,0.0,0.2920947950867001,0.0,0.0,0.3982264579676275,0.32458412712944207,0.3453421324752722,0.31124047861345255,0.0,0.36141699418472745,0.30886342232170644,0.3323782053326713,0.39475573937784414,0.36692221682755266,0.3183434251938214,0.3697524687302776,0.3725251201428471,0.38792053198027,0.357168504914834,0.0,0.3796722162894882
0.2828299086402376,0.26375237381549443,0.3304782440588099,0.20545615128731662,0.26108951367136096,0.3214880384388147,0.3037402844478407,0.20553420539879966,0.3461175405337703,0.2496313221593525,0.3236456909090203,0.19782226396064284,0.3088745107953685,0.1822121177897605,0.3157258340128461,0.3066253524499321,0.28998868535875033,0.29214688160220015,0.33954996217380795,0.3205687641154558,0.30055472597866517,0.31052172091715496,0.3224190888248706,0.18507407176256807,0.28269979816592433,0.2875140516461114,0.32654754263570224,0.2953378540955907,0.3032429845468812,0.3102653196528546,0.2997737397654548,0.0,0.23870394472670758,0.2592712751610666,0.2650818404796043,0.2246539731326596,0.24571518892139946,0.18926632577302022,0.16914730364772218,0.18194853969433122,0.24071914210188328,0.2336433897835104,0.23945279456919316,0.26971725725270485,0.1534505971214376,0.3104361612692859,0.3289928876844941,0.3824400168462399,0.0,0.0,0.3739929523962755,0.37037525700440027,0.37664257420958,0.3938867581778263,0.2613904562083379,0.3111116837161909,0.18383759873001385,0.34293624879344053,0.0,0.3521401282401986,0.31004585227146914,0.28200742250417415,0.2867225064091194,0.384402952497664,0.3450140183687016,0.3330038442600386,0.3189180923434781,0.3927832706215863,0.0,0.2964352112814968,0.3247163229257012,0.3876939121823232,0.3142365566568288,0.32431240252754384,0.37296707472141355,0.36252635568147096
0.263259067931013,0.23820047876677297,0.0,0.0,0.3364331375675773,0.2900244546819252,0.2907706146015753,0.35492952436460423,0.3451421795827489,0.240489548593754,0.35240634930439513,0.19891890860764522,0.29888955670639833,0.29050928453613245,0.3105256933120316,0.269450087790553,0.2714342132291445,0.26831879483832927,0.3993376811851623,0.2935658834357724,0.30080166678680426,0.2859163158714982,0.2963843206330693,0.17082416150519705,0.25230071583128355,0.2711305508950192,0.28821383154649616,0.2669479214579134,0.2630062469633844,0.31574429996797726,0.23445570097833254,0.23870394472670758,0.0,0.18237302954065007,0.2948198934742772,0.2973682999614968,0.23912552197875497,0.13986938522461528,0.1998991959162198,0.15886066255622863,0.1881338026744886,0.27239641376512247,0.2778008009348318,0.0,0.16027613987678377,0.3041650194319845,0.32043207930753737,0.0,0.0,0.0,0.0,0.0,0.0,0.0,0.25678750063489314,0.0,0.26812038356603296,0.33503628500661803,0.0,0.37776584384911654,0.28599518521765216,0.2766502009815855,0.29074113796986284,0.0,0.33436640337011697,0.3644521213060635,0.32513839444270315,0.34937618542135773,0.23247073760636797,0.29886223269229534,0.31845489472153,0.35542003036330505,0.29773679971756023,0.3101914561838126,0.0,0.2595979649350224
0.26138285367840575,0.24929320032114197,0.3473779341804672,0.23185508357598744,0.3332108048191241,0.3244936662244679,0.2943569709477124,0.34678632273658544,0.3612011185482082,0.20806957071196983,0.353954710162502,0.13708111861263234,0.3028398212034445,0.288187391088329,0.32653191505559553,0.29062968786907895,0.2646603124378692,0.2761543693730182,0.3470671933764302,0.3308897533609469,0.2995801488135664,0.31771379198015015,0.3343349373412152,0.20619757156851426,0.2581172269968936,0.2752110478439571,0.33308918171384533,0.2684059460661048,0.3163343194968233,0.2862247655059946,0.1932205937699058,0.2592712751610666,0.18237302954065007,0.0,0.23745849032439906,0.30713409570068906,0.2269075669245299,0.1400863692945996,0.20783805889543797,0.23257547352583055,0.26781954036137184,0.23842795098663755,0.27214044229457823,0.0,0.22916421169985549,0.30932299841409594,0.3340669676115008,0.49928407621341686,0.0,0.0,0.3745559500278458,0.0,0.3625303236934589,0.0,0.27753765996349705,0.0,0.23010779978506446,0.4243090327124276,0.0,0.36078018253212485,0.3118477447764544,0.30986919121553774,0.28850411391045533,0.0,0.3850309464740052,0.34025642338984363,0.3430067408837855,0.3957677227606946,0.32629046721419835,0.3106860629300958,0.3503067014883201,0.39179164863888644,0.3358309226092044,0.3604255761572492,0.0,0.3814736193734667
0.29354112869331295,0.28826806705791225,0.3527429313446182,0.21829141057971987,0.3507215089942515,0.3430175463568969,0.30164897221342823,0.35199157974162065,0.3537080124678064,0.2265008261519206,0.3607012563251109,0.15712383979189656,0.3144169523558439,0.0,0.34799082026779504,0.3225384747469227,0.27256612176926426,0.28929546490270897,0.3537880852716228,0.34794616137850704,0.34973667663847113,0.3441238598754464,0.34131466623420625,0.265248278065518,0.2751524680405691,0.29964245598032113,0.34886033050699655,0.24403161646862703,0.3375086484167011,0.3236200990391614,0.15833907134052067,0.2650818404796043,0.2948198934742772,0.23745849032439906,0.0,0.3067256767679147,0.2220785135920241,0.17733364777684835,0.22138620915364937,0.23997425375405973,0.2978019401023838,0.2562429970493235,0.0,0.0,0.0,0.0,0.3581323422222173,0.0,0.0,0.0,0.0,0.0,0.0,0.0,0.0,0.0,0.2250846286350268,0.0,0.0,0.3869489219205256,0.3280825718790523,0.0,0.3119199374230728,0.0,0.3726241898705526,0.0,0.348559931508839,0.38705328002856865,0.0,0.3165423702100107,0.33818933351862035,0.3785750941200163,0.0,0.3755777858337424,0.0,0.0
0.0,0.0,0.3227733433066722,0.14097476617632787,0.17417832179385329,0.3408247816970257,0.23065472217931263,0.1925655894355048,0.3327444744805458,0.2335882166844095,0.24116084327384885,0.2330639103317241,0.25530897420484105,0.15385997633631088,0.35473539132048054,0.0,0.3172349756278069,0.0,0.32296757734622045,0.0,0.0,0.37548353912122157,0.323877219767768,0.28431064790406235,0.34685574545972464,0.32419036035119847,0.3447572676061336,0.2134048819905348,0.359768364912891,0.41293157567818084,0.3423667529873182,0.2246539731326596,0.2973682999614968,0.30713409570068906,0.3067256767679147,0.0,0.15389113340699626,0.23947947485108345,0.23272924616725582,0.22055098411792481,0.25330585997853866,0.23158574559317843,0.22866557023579145,0.0,0.23099672355188905,0.0,0.0,0.3636013873976268,0.0,0.0,0.3636889612067978,0.3760646063482796,0.31530475817214604,0.38452680123958477,0.0,0.2808135173698566,0.23098879738290223,0.37003992146744685,0.23786297759464115,0.0,0.0,0.0,0.0,0.35150269321737415,0.0,0.0,0.2897796148863902,0.36623873447937694,0.0,0.0,0.0,0.36741099451802883,0.35848313995719505,0.0,0.0,0.0
0.0,0.0,0.34248356797721863,0.13524560496104313,0.1746830345264881,0.337296666365179,0.20926638657019828,0.0,0.33569729633226797,0.1698015921448637,0.32995030816322907,0.20881840196075685,0.24330541536321407,0.12151540293597325,0.3621500093090352,0.0,0.0,0.0,0.3435084777974564,0.0,0.0,0.0,0.32213191350054016,0.0,0.0,0.0,0.3333575323030693,0.19251612183637012,0.3370978729438971,0.0,0.28509179540564666,0.24571518892139946,0.23912552197875497,0.2269075669245299,0.2220785135920241,0.15389113340699626,0.0,0.21173748209975682,0.1961101750190635,0.0,0.0,0.2126899434750378,0.0,0.0,0.0,0.0,0.0,0.0,0.0,0.0,0.0,0.0,0.0,0.0,0.0,0.0,0.0,0.0,0.0,0.0,0.0,0.0,0.0,0.0,0.0,0.0,0.0,0.40707533755356823,0.0,0.0,0.0,0.0,0.0,0.0,0.0,0.0
0.31038455005301707,0.0,0.0,0.15450561533319643,0.2970013812645556,0.0,0.2716855248367379,0.0,0.3377866802555734,0.19424658000130895,0.3409096142655635,0.14662033492897472,0.2765926635069258,0.0,0.0,0.0,0.24785966503088297,0.0,0.368481939761732,0.0,0.3932559522184744,0.0,0.0,0.16774368028613632,0.23445788478168134,0.24781238583160498,0.0,0.25560554674005004,0.0,0.0,0.1886164470529729,0.18926632577302022,0.13986938522461528,0.1400863692945996,0.17733364777684835,0.23947947485108345,0.21173748209975682,0.0,0.197765061688933,0.1503724569098654,0.24476022513796977,0.23843441235691437,0.2220008472698145,0.29636822901936094,0.1999761836195656,0.0,0.0,0.0,0.0,0.0,0.0,0.0,0.0,0.0,0.23699348440320517,0.0,0.23631862703228726,0.3101359933422601,0.0,0.2999420740476794,0.0,0.22263182218609948,0.2472408612280181,0.0,0.22428262806255142,0.0,0.23726358098012187,0.0,0.1806059337806161,0.23852023195610078,0.27765243453655575,0.32751061910127616,0.2831705994187539,0.0,0.0,0.22782728877592948
