0.0,0.3883926208737782,0.0,0.0,0.0,0.336113657193457,0.0,0.4879726023170593,0.0,0.3393312095238461,0.0,0.3338783425331783,0.0,0.0,0.3290210591172087,0.3310898399265472,0.3037277272663268,0.3001408573969217,0.0,0.4269760583374482,0.4431508703110044,0.3931827815610602,0.456461282671487,0.3752826674954991,0.3188367350038507,0.3405774621849645,0.4244265930674132,0.0,0.3772770136320889,0.0,0.3653579026014238,0.4491542650308019,0.3405696893908566,0.3854817239229784,0.469992643711585,0.0,0.0,0.0,0.4547026383896668,0.3925786097399681,0.4261964396954417,0.0,0.0,0.0,0.0,0.4066324376217151,0.4373760608827542,0.0,0.0,0.0,0.0,0.0,0.0,0.0,0.4301408830582569,0.0,0.0,0.0,0.0,0.0,0.4190533680746146,0.0,0.3936715539538634,0.0,0.0,0.0,0.427987609980598,0.0,0.0,0.3944833667033585,0.4393485333549138,0.0,0.0,0.0,0.0,0.0
0.3883926208737782,0.0,0.0,0.0,0.3791381413899807,0.3893688295496318,0.3956846824056716,0.413943186852844,0.3652033913449339,0.0,0.0,0.0,0.4099090124542121,0.0,0.3853017771077761,0.3445125976354402,0.0,0.3248198609819424,0.0,0.3959972995322949,0.3960639449817892,0.3686980689050211,0.3986278385227026,0.0,0.3203649672514826,0.3717599458810179,0.3957828883505243,0.4055549956283473,0.3849598573561973,0.0,0.3719733981188521,0.4353728250437247,0.337148102285644,0.3713605537949626,0.4384863191502374,0.0,0.0,0.0,0.4459169045980798,0.4051731498012126,0.4350166495579973,0.4741117182527959,0.0,0.0,0.0,0.4202371887266057,0.4386450336277855,0.0,0.0,0.0,0.0,0.0,0.0,0.0,0.0,0.0,0.0,0.0,0.0,0.4520295995063095,0.4212498499767358,0.0,0.3725245571915081,0.0,0.4139483550366709,0.4433897871160082,0.4539421448369106,0.4012601884906698,0.0,0.3797681037448217,0.4480941472994325,0.4322683365530945,0.0,0.3907939384490456,0.0,0.4171585172945749
0.0,0.0,0.0,0.0,0.3253575768461701,0.3359563388958845,0.35599918848996,0.4138050270783952,0.2808905777769475,0.3333664539399066,0.2809948097156189,0.0,0.3609259884393399,0.401972966261731,0.0,0.0,0.0,0.0,0.2831701052420455,0.0,0.0,0.0,0.3314060650616274,0.0,0.0,0.0,0.3021975200909353,0.377407620452945,0.0,0.3846843117298821,0.3757141329293547,0.3422876518029796,0.0,0.3693253350537409,0.4112390298164476,0.3569982598665895,0.3382435879549645,0.0,0.451841078219342,0.0,0.0,0.0,0.4523542316206598,0.0,0.0,0.0,0.0,0.3584416358683171,0.0,0.4521095583882474,0.5111439337019488,0.0,0.5049529683314208,0.512430349810086,0.0,0.4895954218348867,0.0,0.0,0.4834516498721721,0.0,0.0,0.0,0.0,0.2193852186316676,0.0,0.0,0.0,0.5197879027858632,0.0,0.0,0.0,0.4692390304792523,0.0,0.0,0.0,0.0
0.0,0.0,0.0,0.0,0.2342357697870262,0.3731482499711074,0.259793557559682,0.3230373795124568,0.3481008263886743,0.0,0.3232402384073756,0.0,0.2618023141802341,0.223322670169249,0.0,0.0,0.0,0.0,0.3057069974764546,0.0,0.0,0.0,0.3839982470626636,0.0,0.0,0.0,0.3912597188382687,0.2380739999796329,0.0,0.0,0.0,0.2870795363100024,0.0,0.2447111052444117,0.2461484627457693,0.1689732287059643,0.1820743597708257,0.0,0.0,0.0,0.0,0.0,0.0,0.0,0.0,0.0,0.0,0.0,0.0,0.0,0.0,0.0,0.0,0.0,0.0,0.0,0.0,0.0,0.0,0.0,0.0,0.0,0.0,0.0,0.0,0.0,0.0,0.0,0.0,0.0,0.0,0.0,0.0,0.0,0.0,0.0
0.0,0.3791381413899807,0.3253575768461701,0.2342357697870262,0.0,0.3722784733454889,0.3390683221701956,0.4045056367469394,0.3319288954886074,0.3157852670475781,0.3114781406691463,0.3512990456025948,0.3582671916995833,0.237450247819796,0.0,0.0,0.0,0.0,0.3327572068541515,0.3970598103590672,0.0,0.4110244647272612,0.3701747474080681,0.0,0.3512263215757285,0.0,0.371259566893087,0.357504034577707,0.3772380355939284,0.0,0.3968706727417579,0.3705127460381983,0.0,0.3954826631962543,0.3898619921948507,0.189827362272499,0.2907119078122985,0.0,0.0,0.0,0.0,0.0,0.3420232958572727,0.0,0.0,0.0,0.0,0.4211319543125036,0.0,0.0,0.0,0.0,0.4728890710704393,0.4371253084932011,0.0,0.0,0.0,0.0,0.0,0.0,0.0,0.0,0.0,0.0,0.0,0.0,0.0,0.471053182126376,0.0,0.0,0.0,0.4363634774843627,0.0,0.0,0.0,0.0
0.336113657193457,0.3893688295496318,0.3359563388958845,0.3731482499711074,0.3722784733454889,0.0,0.3809279857976161,0.3942570187609729,0.3232759105717362,0.3881274795371381,0.3379998772352658,0.0,0.3414519391613113,0.4168601414554341,0.3744779901934629,0.376893271134238,0.0,0.3173537793827449,0.3194571877454986,0.3646634891850286,0.3950566765060538,0.385495662517815,0.3778043607183809,0.0,0.3613284503365757,0.3783195930742995,0.3386823748370663,0.3294699141410262,0.299602187571546,0.3913109061233851,0.3904871880025527,0.4135759999069977,0.3553405031991986,0.4033518497734893,0.4293242342112601,0.3737886243518636,0.3919312351023826,0.0,0.4660455662815702,0.0,0.4754087034268518,0.0,0.4057408306799837,0.0,0.0,0.0,0.0,0.5011451259464849,0.0,0.0,0.4795987902151665,0.452373749354295,0.4797845464865481,0.4942971309451752,0.0,0.4465547638928182,0.0,0.4359652308002822,0.0,0.4314546070245645,0.0,0.0,0.0,0.4903508913655992,0.43939165069673,0.3841642982400932,0.4231739288871293,0.4872324365250333,0.0,0.0,0.0,0.4814670735698515,0.4703622883511582,0.4602411028624374,0.0,0.4810529363020674
0.0,0.3956846824056716,0.35599918848996,0.259793557559682,0.3390683221701956,0.3809279857976161,0.0,0.4231728707845373,0.3604525281772157,0.3383618087152135,0.3700944006329789,0.3534972017728816,0.3203207870933922,0.292731629080707,0.0,0.3663513204696795,0.3590433553202218,0.3359826777581368,0.3634217341231992,0.3956515898656628,0.0,0.4180676468636184,0.3911407899577668,0.3999540088482314,0.3593716893739334,0.3708940083672257,0.3968894806733368,0.3373118275866635,0.3884758248151632,0.0,0.3764711865204262,0.3679060718090368,0.0,0.3880103211417116,0.3850865347507539,0.2459746397839086,0.2907006380160838,0.3451175785227297,0.0,0.0,0.0,0.0,0.0,0.0,0.0,0.0,0.0,0.0,0.0,0.0,0.399211355472,0.0,0.0,0.0,0.0,0.0,0.0,0.0,0.0,0.0,0.0,0.0,0.0,0.0,0.0,0.0,0.0,0.4713990371820535,0.0,0.0,0.0,0.4423257986123317,0.0,0.0,0.0,0.0
0.4879726023170593,0.413943186852844,0.4138050270783952,0.3230373795124568,0.4045056367469394,0.3942570187609729,0.4231728707845373,0.0,0.4264131402294066,0.0,0.3146956220107614,0.0,0.4381840998396344,0.3348006333899486,0.3483815825244281,0.389486171320171,0.0,0.3964637991754154,0.4216585752851465,0.3852117632034854,0.3838284308661272,0.3963948444528935,0.3280716309256438,0.4717299225512309,0.4202948967898387,0.4515804468264651,0.4108622074992156,0.4393642099715607,0.3854865837155892,0.4393949521027707,0.4437343008986249,0.4357991091762597,0.407448130318689,0.4606559875406473,0.4746871249574604,0.2709785116546435,0.4353320177092059,0.0,0.4694309491917978,0.0,0.509273579218379,0.0,0.3985091453467837,0.0,0.0,0.0,0.0,0.4785505161544856,0.0,0.4386663816421783,0.4459740608998924,0.4408025407891465,0.4349641916113548,0.4723971958611844,0.0,0.3935895403495302,0.0,0.4307874105353014,0.4473188385322723,0.465634611229455,0.0,0.0,0.0,0.441724088077338,0.4768867400548894,0.0,0.0,0.4580894376957588,0.0,0.0,0.0,0.4594431325792683,0.464847636493207,0.453756573310576,0.0,0.5123728778240686
0.0,0.3652033913449339,0.2808905777769475,0.3481008263886743,0.3319288954886074,0.3232759105717362,0.3604525281772157,0.4264131402294066,0.0,0.3299806920720743,0.2988617569689212,0.3078148864787705,0.3318902002431919,0.4094593609011943,0.0,0.3456794122882867,0.0,0.0,0.2846028118676313,0.3750745213496173,0.0,0.3660643211204428,0.3703656666025031,0.0,0.0,0.0,0.3183250628509445,0.3870107220389799,0.3286481337456794,0.3784044906473503,0.3996032480761087,0.3685521616199546,0.0,0.395071659305812,0.3773841544702794,0.3488555104108405,0.3309596015984612,0.2820539331231636,0.4424478332146287,0.0,0.0,0.0,0.4498319575774561,0.0,0.0,0.0,0.0,0.5010218442623262,0.0,0.0,0.4929080114715889,0.0,0.504616594920206,0.4622792355301027,0.0,0.460724863190775,0.0,0.0,0.4765283125810803,0.0,0.0,0.0,0.0,0.4705288103085334,0.0,0.0,0.0,0.5105807769235585,0.0,0.0,0.0,0.5006736380987545,0.0,0.0,0.0,0.0
0.3393312095238461,0.0,0.3333664539399066,0.0,0.3157852670475781,0.3881274795371381,0.3383618087152135,0.0,0.3299806920720743,0.0,0.3414302920520628,0.2856723443478818,0.3893695912746445,0.3196285760874617,0.0,0.298625459545618,0.3247160423775001,0.3177573472563723,0.3397106340146286,0.0,0.0,0.32261214488855,0.4091077772767472,0.2933046071898413,0.3243193588760602,0.3082408500800089,0.3954750003593387,0.3468698886435938,0.0,0.0,0.3028470771305339,0.3293420904220541,0.3118110296402095,0.307807120605231,0.302149368893169,0.2959957932007526,0.2563719723407612,0.2655532828589641,0.3853945813630835,0.3321872412687288,0.3546173285238149,0.0,0.0,0.0,0.0,0.0,0.0,0.0,0.0,0.0,0.0,0.0,0.0,0.0,0.4119268539866282,0.0,0.4112541969739742,0.0,0.0,0.0,0.0,0.3415905880398013,0.287629694001164,0.0,0.0,0.0,0.0,0.0,0.3909085749993778,0.3596061223600379,0.3864348589995694,0.0,0.0,0.0,0.0,0.3875201520015648
0.0,0.0,0.2809948097156189,0.3232402384073756,0.3114781406691463,0.3379998772352658,0.3700944006329789,0.3146956220107614,0.2988617569689212,0.3414302920520628,0.0,0.3382791418440324,0.3621042830749119,0.2417553092842093,0.0,0.0,0.0,0.0,0.2322468869062506,0.0,0.0,0.0,0.1993888556446324,0.0,0.0,0.0,0.3129380098345272,0.3661266351119681,0.0,0.0,0.3915805649933622,0.3455743960166215,0.0,0.3766588493376818,0.3770827598611547,0.2647359845108518,0.3252918796233452,0.3079847019416405,0.4176269683541287,0.0,0.0,0.0,0.3361768173911468,0.0,0.0,0.0,0.0,0.4624698057601957,0.0,0.4114017540942425,0.424440080002017,0.4081375176210648,0.4502374080252058,0.4711152857852385,0.0,0.2588951159399452,0.0,0.0,0.0,0.0,0.0,0.0,0.0,0.4051120058581438,0.0,0.0,0.0,0.4511914268659146,0.0,0.0,0.0,0.43680333033425,0.0,0.0,0.0,0.0
0.3338783425331783,0.0,0.0,0.0,0.3512990456025948,0.0,0.3534972017728816,0.0,0.3078148864787705,0.2856723443478818,0.3382791418440324,0.0,0.3911040026345588,0.0,0.0,0.0,0.3471028571151798,0.2980287222931017,0.0,0.0,0.0,0.0,0.0,0.271078431855793,0.3249979194421212,0.2718386176513212,0.0,0.3229910452736335,0.0,0.0,0.3280769245097453,0.2768514442723188,0.2752013584552038,0.2893764412929975,0.267034188004165,0.3119257393236196,0.2986530837809017,0.2266668505956954,0.3863716893252162,0.3360673424225476,0.3593399167907299,0.0,0.0,0.0,0.3162899127702887,0.0,0.0,0.0,0.0,0.0,0.0,0.0,0.0,0.0,0.4171455696271634,0.0,0.4201499217828102,0.0,0.0,0.0,0.0,0.298219653865559,0.0,0.0,0.0,0.0,0.0,0.0,0.4196102056788116,0.3588883627085136,0.3927419756060614,0.0,0.0,0.0,0.0,0.3901617401862378
0.0,0.4099090124542121,0.3609259884393399,0.2618023141802341,0.3582671916995833,0.3414519391613113,0.3203207870933922,0.4381840998396344,0.3318902002431919,0.3893695912746445,0.3621042830749119,0.3911040026345588,0.0,0.3937238872060032,0.0,0.4149565642093804,0.3592835424537143,0.344030731848586,0.3571093616069962,0.3961902025398217,0.4262938302316286,0.4271536571274621,0.4063228071158029,0.3656023455453167,0.3869497755963022,0.3988711883228703,0.4064114588340007,0.3279363004419156,0.3771929976987369,0.3557808746895527,0.376139039968327,0.3864502225308617,0.3451076946099584,0.3958887642065182,0.390766990767006,0.2999402664189793,0.35447842411697,0.3310722376147299,0.4948252848987896,0.0,0.0,0.0,0.3315388916961899,0.0,0.0,0.0,0.0,0.4259514257461525,0.0,0.0,0.4208834287062779,0.0,0.4837324819129461,0.0,0.0,0.0,0.0,0.0,0.0,0.0,0.0,0.0,0.0,0.0,0.0,0.0,0.0,0.4848288146098957,0.0,0.0,0.0,0.4764409925852372,0.0,0.4409764215155776,0.0,0.0
0.0,0.0,0.401972966261731,0.223322670169249,0.237450247819796,0.4168601414554341,0.292731629080707,0.3348006333899486,0.4094593609011943,0.3196285760874617,0.2417553092842093,0.0,0.3937238872060032,0.0,0.0,0.0,0.0,0.0,0.3747099728316136,0.0,0.0,0.0,0.367679586422564,0.0,0.0,0.0,0.4220684241989688,0.2479485882708325,0.0,0.0,0.3892552676722541,0.2369716764124926,0.0,0.3694065832075961,0.0,0.1849409580745709,0.1509488494516166,0.0,0.0,0.0,0.0,0.0,0.3668328032509587,0.0,0.0,0.0,0.0,0.4525620238668162,0.0,0.0,0.0,0.0,0.0,0.4308304706534678,0.0,0.3779278115227248,0.0,0.0,0.0,0.0,0.0,0.0,0.0,0.0,0.0,0.0,0.0,0.4334013550320749,0.0,0.0,0.0,0.0,0.0,0.0,0.0,0.0
0.3290210591172087,0.3853017771077761,0.0,0.0,0.0,0.3744779901934629,0.0,0.3483815825244281,0.0,0.0,0.0,0.0,0.0,0.0,0.0,0.3841087740142378,0.0,0.3632420912049006,0.0,0.2663911762178156,0.3146209871300778,0.3222570337645006,0.3215180179096063,0.362093402445176,0.3624176663319156,0.3581463495937968,0.366158280990065,0.0,0.3792128922397638,0.0,0.3898464794939934,0.4289491126015757,0.3618535270616647,0.3996934864762649,0.450074362781768,0.0,0.0,0.0,0.4935344127258694,0.4745247810443795,0.5097314500074741,0.5174572082650837,0.0,0.0,0.0,0.0,0.4835487891143957,0.0,0.0,0.0,0.0,0.0,0.5135451206599171,0.0,0.0,0.0,0.0,0.0,0.0,0.3812153220322284,0.4411081293826341,0.0,0.0,0.0,0.4379638838477575,0.4540356396314781,0.4805358432600966,0.4453023547603535,0.0,0.0,0.4427381721959064,0.4472914231269616,0.5356863619138942,0.0,0.0,0.4653846424082208
0.3310898399265472,0.3445125976354402,0.0,0.0,0.0,0.376893271134238,0.3663513204696795,0.389486171320171,0.3456794122882867,0.298625459545618,0.0,0.0,0.4149565642093804,0.0,0.3841087740142378,0.0,0.2961590973197992,0.2730328301950976,0.0,0.3707842225520353,0.3803760285627,0.340275632075438,0.399719114365782,0.2855799025079862,0.3161864000487907,0.3523887571040164,0.3914591308330379,0.3707955417761046,0.3684766186150064,0.3615259172397654,0.3192890666621207,0.4296433891683511,0.3351238058355122,0.3482744317239947,0.4240027774133174,0.0,0.0,0.0,0.4251219905154857,0.3643052492343304,0.3971596271245965,0.4313342798284656,0.0,0.0,0.0,0.386870404193971,0.4085592337926346,0.0,0.0,0.0,0.0,0.0,0.0,0.0,0.0,0.0,0.0,0.0,0.0,0.4374984263405324,0.3914893056674984,0.0,0.3756724988661157,0.0,0.4315575032655114,0.3878413953207935,0.4452259175769953,0.0,0.0,0.3714632123736736,0.3976225462219233,0.0,0.0,0.0,0.0,0.3821952978754881
0.3037277272663268,0.0,0.0,0.0,0.0,0.0,0.3590433553202218,0.0,0.0,0.3247160423775001,0.0,0.3471028571151798,0.3592835424537143,0.0,0.0,0.2961590973197992,0.0,0.2995544566213726,0.0,0.324782393707794,0.0,0.33646831022861,0.0,0.2950643904035319,0.3040738823772663,0.2958434954446961,0.0,0.3664909883748996,0.0,0.0,0.3256471865281688,0.4172303697435203,0.3194718974155018,0.3489222321171618,0.3432184257595709,0.0,0.0,0.3232842489135826,0.0,0.3506223866950758,0.3498891341957342,0.0,0.0,0.0,0.0,0.0,0.0,0.0,0.0,0.0,0.0,0.0,0.0,0.0,0.4223244992915502,0.0,0.4078050155693021,0.0,0.0,0.0,0.0,0.3544229085754453,0.3263823740821875,0.0,0.0,0.0,0.0,0.0,0.3571667748532344,0.3915629169858725,0.3982439535558187,0.0,0.0,0.0,0.0,0.0
0.3001408573969217,0.3248198609819424,0.0,0.0,0.0,0.3173537793827449,0.3359826777581368,0.3964637991754154,0.0,0.3177573472563723,0.0,0.2980287222931017,0.344030731848586,0.0,0.3632420912049006,0.2730328301950976,0.2995544566213726,0.0,0.0,0.357607019089775,0.3657028076977237,0.3378224600912081,0.3830891722651555,0.2843810303282403,0.282204847744867,0.3173529185263438,0.3408129598831764,0.3547423272281586,0.3498730152312171,0.0,0.3288447334147597,0.4178038725727599,0.3178565768143457,0.3465681908885884,0.3294135691015115,0.0,0.0,0.0,0.4099670698126932,0.3565822607078569,0.3782485993057037,0.4030268205021247,0.0,0.0,0.0,0.3398307901858214,0.3735630832457546,0.0,0.0,0.0,0.0,0.0,0.0,0.0,0.4027461913271122,0.0,0.3955283076429094,0.0,0.0,0.0,0.3624873826522748,0.3800429982181632,0.3642978428947963,0.0,0.0,0.0,0.3984265445322056,0.0,0.3032595197940553,0.3753212012017856,0.3835638870185551,0.0,0.0,0.0,0.0,0.3757005305064087
0.0,0.0,0.2831701052420455,0.3057069974764546,0.3327572068541515,0.3194571877454986,0.3634217341231992,0.4216585752851465,0.2846028118676313,0.3397106340146286,0.2322468869062506,0.0,0.3571093616069962,0.3747099728316136,0.0,0.0,0.0,0.0,0.0,0.0,0.0,0.0,0.3064281389302911,0.0,0.0,0.0,0.3306722682026773,0.3822807144106011,0.0,0.0,0.3628496871043311,0.3471245602254987,0.0,0.328762247026814,0.375808570975229,0.3492693196188683,0.3223248914289151,0.0,0.4412180587569862,0.0,0.0,0.0,0.4112331482338147,0.0,0.0,0.0,0.0,0.4773972055285242,0.0,0.0,0.4717005530717639,0.0,0.5062043734780249,0.4943720611126094,0.0,0.4591701866363215,0.0,0.0,0.4683584774285682,0.0,0.0,0.0,0.0,0.4540007891885926,0.0,0.0,0.0,0.4992060029888375,0.0,0.0,0.0,0.478621719350753,0.0,0.0,0.0,0.0
0.4269760583374482,0.3959972995322949,0.0,0.0,0.3970598103590672,0.3646634891850286,0.3956515898656628,0.3852117632034854,0.3750745213496173,0.0,0.0,0.0,0.3961902025398217,0.0,0.2663911762178156,0.3707842225520353,0.324782393707794,0.357607019089775,0.0,0.0,0.4113147795725874,0.3283828343239647,0.2850404900323091,0.0,0.3669934139130071,0.4199971762718832,0.3265654576350211,0.3599513480192884,0.3016474241998551,0.3407088611518771,0.3481434082591751,0.4612581923592011,0.4323256795362061,0.4198276019798899,0.4653037432337606,0.5253711155237015,0.0,0.0,0.5098885563718166,0.4504302274511741,0.5932710603137507,0.5232756866147915,0.0,0.0,0.0,0.0,0.4518429311609296,0.0,0.0,0.0,0.0,0.0,0.4941779624415641,0.0,0.0,0.0,0.0,0.0,0.0,0.4867223975700095,0.0,0.0,0.0,0.0,0.4977991659911043,0.4673286924110471,0.4816774962281903,0.4843636806048857,0.0,0.0,0.4553680202809309,0.4906018813666887,0.5056828332080922,0.5357012487187246,0.0,0.4968510336429653
0.4431508703110044,0.3960639449817892,0.0,0.0,0.0,0.3950566765060538,0.0,0.3838284308661272,0.0,0.0,0.0,0.0,0.4262938302316286,0.0,0.3146209871300778,0.3803760285627,0.0,0.3657028076977237,0.0,0.4113147795725874,0.0,0.3862377089028673,0.3627079134885407,0.4434587747318996,0.3689139559538759,0.3794524682933907,0.4052761043005545,0.4504479196505627,0.4027923198317734,0.0,0.3863893273701088,0.4475808661414361,0.3739866485693882,0.4063989166789641,0.4736511537568632,0.0,0.0,0.0,0.4922088084374522,0.4570434246723961,0.504500686127185,0.5358642873135768,0.0,0.0,0.0,0.4507286077752392,0.4727056042958909,0.0,0.0,0.0,0.0,0.0,0.3851370393691911,0.0,0.0,0.0,0.0,0.0,0.0,0.4612546313840857,0.4549504114608586,0.0,0.0,0.0,0.4655935769392502,0.3971065740449486,0.4836319008960951,0.424155095755899,0.0,0.3569990813897979,0.4964449221480119,0.449543684103895,0.4661677010111794,0.4649515033201672,0.0,0.4367626641511426
0.3931827815610602,0.3686980689050211,0.0,0.0,0.4110244647272612,0.385495662517815,0.4180676468636184,0.3963948444528935,0.3660643211204428,0.32261214488855,0.0,0.0,0.4271536571274621,0.0,0.3222570337645006,0.340275632075438,0.33646831022861,0.3378224600912081,0.0,0.3283828343239647,0.3862377089028673,0.0,0.3750874600270467,0.0,0.3530930959583815,0.3881239450578274,0.3916058952171961,0.4081281031557605,0.3649251766102045,0.3915077656382892,0.3600296894156705,0.4458695494385054,0.4012535804336125,0.4077608324693453,0.4652539863547043,0.4742299904005719,0.0,0.0,0.4807540275074786,0.4551725708281828,0.4803872968052413,0.5096877105870082,0.0,0.0,0.0,0.4244680625757338,0.467566914446015,0.0,0.0,0.0,0.4302713745885948,0.0,0.0,0.0,0.0,0.0,0.0,0.0,0.0,0.4824612437045772,0.4582038270735816,0.0,0.3558815435211725,0.0,0.463877927440639,0.4600765709556172,0.4792689683606386,0.4548869517221739,0.0,0.3814785346247601,0.4777776222776451,0.4740151278181064,0.0,0.4726571781776791,0.0,0.4517087769075596
0.456461282671487,0.3986278385227026,0.3314060650616274,0.3839982470626636,0.3701747474080681,0.3778043607183809,0.3911407899577668,0.3280716309256438,0.3703656666025031,0.4091077772767472,0.1993888556446324,0.0,0.4063228071158029,0.367679586422564,0.3215180179096063,0.399719114365782,0.0,0.3830891722651555,0.3064281389302911,0.2850404900323091,0.3627079134885407,0.3750874600270467,0.0,0.4423956865696662,0.3779934601898476,0.4127262362069788,0.3115797831133131,0.4116000482540756,0.3755029358523349,0.4076615741992431,0.4170823326881905,0.4283031485298604,0.3899235292645486,0.4428741790238338,0.4583402991551397,0.3628044409939208,0.4010928784429992,0.0,0.4968160226416263,0.4789344491344433,0.5161908053977065,0.5218631804605689,0.4384098577942538,0.0,0.0,0.0,0.4307653183228824,0.5162743375066241,0.0,0.4636615594365152,0.4864480479777834,0.4812891877939207,0.4777414849016412,0.508506826128276,0.0,0.4622314141236567,0.0,0.4765757783076131,0.4740669757190733,0.4740127910888528,0.0,0.0,0.0,0.4800507246941868,0.4831693588332266,0.4388837431118308,0.484551308921277,0.4928748884269002,0.0,0.0,0.4487138027771261,0.4914412529848218,0.4912325780428095,0.4855195523332385,0.5164267635312727,0.5015382804125497
0.3752826674954991,0.0,0.0,0.0,0.0,0.0,0.3999540088482314,0.4717299225512309,0.0,0.2933046071898413,0.0,0.271078431855793,0.3656023455453167,0.0,0.362093402445176,0.2855799025079862,0.2950643904035319,0.2843810303282403,0.0,0.0,0.4434587747318996,0.0,0.4423956865696662,0.0,0.2947151959965807,0.3001691050333472,0.3759403621178779,0.3084771005564878,0.0,0.0,0.3266847537253628,0.3518306461049216,0.2493701589455746,0.2935732800913552,0.3028891801355042,0.0,0.0,0.2498347563589883,0.4181474606989794,0.327081649666504,0.3698382558387629,0.0,0.0,0.0,0.3487095571329763,0.3989390333671957,0.0,0.0,0.0,0.0,0.0,0.0,0.0,0.0,0.4254467182891863,0.0,0.4072475238409619,0.0,0.0,0.0,0.3680247178173356,0.3786452480470619,0.3740489424797412,0.0,0.0,0.0,0.0,0.0,0.3954058028880172,0.3991501078275713,0.4031164291785336,0.0,0.0,0.0,0.0,0.4207484261237886
0.3188367350038507,0.3203649672514826,0.0,0.0,0.3512263215757285,0.3613284503365757,0.3593716893739334,0.4202948967898387,0.0,0.3243193588760602,0.0,0.3249979194421212,0.3869497755963022,0.0,0.3624176663319156,0.3161864000487907,0.3040738823772663,0.282204847744867,0.0,0.3669934139130071,0.3689139559538759,0.3530930959583815,0.3779934601898476,0.2947151959965807,0.0,0.3198337922152215,0.3621572525799391,0.3813211899881784,0.3591831937021263,0.0,0.3428257865444153,0.4110404681699677,0.2982704517766867,0.3337116889522092,0.347076424286148,0.0,0.0,0.3208020599350361,0.4166850232049425,0.3610994496429905,0.3879064849753741,0.4262679016724221,0.0,0.0,0.0,0.3735504249449357,0.3897353205271469,0.0,0.0,0.0,0.0,0.0,0.0,0.0,0.4269252628466045,0.0,0.4222516749265658,0.0,0.0,0.0,0.376423550221827,0.3882428586308036,0.3736545248175641,0.0,0.3449901975120564,0.0,0.3510682839550654,0.0,0.3827369695033583,0.380812238022842,0.399716721786417,0.0,0.0,0.0,0.0,0.3826886089328701
0.3405774621849645,0.3717599458810179,0.0,0.0,0.0,0.3783195930742995,0.3708940083672257,0.4515804468264651,0.0,0.3082408500800089,0.0,0.2718386176513212,0.3988711883228703,0.0,0.3581463495937968,0.3523887571040164,0.2958434954446961,0.3173529185263438,0.0,0.4199971762718832,0.3794524682933907,0.3881239450578274,0.4127262362069788,0.3001691050333472,0.3198337922152215,0.0,0.4209820614945934,0.3737867201260872,0.3716061124193033,0.0,0.3637879906935,0.4413859598964026,0.340571225389444,0.3744625093690939,0.4311556229858485,0.0,0.0,0.2814472048564958,0.4546878279610216,0.3965045725282534,0.4386398760909735,0.4789560431376677,0.0,0.0,0.0,0.4240978144050638,0.4651935027712639,0.0,0.0,0.0,0.0,0.0,0.0,0.0,0.4298234642115021,0.0,0.4150834211500648,0.0,0.0,0.4747850879135576,0.4290059688711302,0.3958121119739065,0.3900023085624098,0.0,0.4618930264261238,0.4832675524057582,0.4880287260403452,0.4740317805869452,0.3874581777420325,0.4030828750714527,0.4249072531176968,0.4794013090028555,0.0,0.3588250261101249,0.0,0.426222282538898
0.4244265930674132,0.3957828883505243,0.3021975200909353,0.3912597188382687,0.371259566893087,0.3386823748370663,0.3968894806733368,0.4108622074992156,0.3183250628509445,0.3954750003593387,0.3129380098345272,0.0,0.4064114588340007,0.4220684241989688,0.366158280990065,0.3914591308330379,0.0,0.3408129598831764,0.3306722682026773,0.3265654576350211,0.4052761043005545,0.3916058952171961,0.3115797831133131,0.3759403621178779,0.3621572525799391,0.4209820614945934,0.0,0.409922948858027,0.3309898791278245,0.4046331958723556,0.3976115620581011,0.4434697469804273,0.4284466851398574,0.4347993150876846,0.4597460813847788,0.4100711182288799,0.4196994860787624,0.0,0.5124587540243308,0.0,0.5414134784428275,0.5406400005958418,0.4641823596845877,0.0,0.0,0.0,0.4158104744649176,0.5065237024302969,0.0,0.0,0.4900147719277276,0.4626477522615302,0.4980427116463411,0.5049883111530531,0.0,0.4642692959567303,0.0,0.458300555025861,0.4780172561958321,0.4902982917415939,0.0,0.0,0.0,0.4392417751604333,0.4993266674439499,0.4570649842377009,0.5290120927307154,0.4997967970841288,0.0,0.0,0.4716619050221838,0.4968834185984119,0.5082051761422529,0.4984200041623901,0.5036944033438477,0.5279803827433297
0.0,0.4055549956283473,0.377407620452945,0.2380739999796329,0.357504034577707,0.3294699141410262,0.3373118275866635,0.4393642099715607,0.3870107220389799,0.3468698886435938,0.3661266351119681,0.3229910452736335,0.3279363004419156,0.2479485882708325,0.0,0.3707955417761046,0.3664909883748996,0.3547423272281586,0.3822807144106011,0.3599513480192884,0.4504479196505627,0.4081281031557605,0.4116000482540756,0.3084771005564878,0.3813211899881784,0.3737867201260872,0.409922948858027,0.0,0.3150169182144645,0.3284135966985486,0.3718521867102771,0.3698212280835545,0.3264193049633499,0.3795466776855707,0.3600380932145958,0.2185156305967155,0.2436032532214027,0.3004199740820013,0.4962673125719664,0.0,0.5163181106438285,0.0,0.0,0.0,0.0,0.0,0.0,0.0,0.0,0.0,0.4635061234289223,0.0,0.4998289406667035,0.0,0.0,0.0,0.0,0.0,0.0,0.4689203375868024,0.0,0.0,0.0,0.0,0.486173819588504,0.0,0.0,0.4875238012233754,0.0,0.0,0.0,0.4881113890765597,0.4967834654344962,0.4855275645221606,0.0,0.493711433402737
0.3772770136320889,0.3849598573561973,0.0,0.0,0.3772380355939284,0.299602187571546,0.3884758248151632,0.3854865837155892,0.3286481337456794,0.0,0.0,0.0,0.3771929976987369,0.0,0.3792128922397638,0.3684766186150064,0.0,0.3498730152312171,0.0,0.3016474241998551,0.4027923198317734,0.3649251766102045,0.3755029358523349,0.0,0.3591831937021263,0.3716061124193033,0.3309898791278245,0.3150169182144645,0.0,0.3319454658867657,0.3338247977386847,0.4291084586128272,0.3686673786895732,0.3889603884442361,0.4296746838583469,0.3890032813579385,0.3733996155889229,0.0,0.4882625250510127,0.0,0.5161916609056626,0.4946545624960299,0.0,0.0,0.0,0.0,0.3792146417024988,0.0,0.0,0.0,0.4431941065164663,0.0,0.4466308972138081,0.0,0.0,0.0,0.0,0.410457441911696,0.0,0.470981728903029,0.0,0.0,0.0,0.0,0.4779750676695048,0.441359890694234,0.4799860496991703,0.4695901475764971,0.0,0.0,0.4203181690606463,0.470881035801493,0.4786826664763936,0.473552130532955,0.0,0.4920935922972065
0.0,0.0,0.3846843117298821,0.0,0.0,0.3913109061233851,0.0,0.4393949521027707,0.3784044906473503,0.0,0.0,0.0,0.3557808746895527,0.0,0.0,0.3615259172397654,0.0,0.0,0.0,0.3407088611518771,0.0,0.3915077656382892,0.4076615741992431,0.0,0.0,0.0,0.4046331958723556,0.3284135966985486,0.3319454658867657,0.0,0.3080997650396646,0.4307625021144917,0.0,0.3717279384578681,0.3610957212620412,0.0,0.0,0.0,0.0,0.0,0.0,0.0,0.0,0.0,0.0,0.0,0.0,0.0,0.0,0.0,0.0,0.0,0.0,0.0,0.0,0.0,0.0,0.0,0.0,0.0,0.0,0.0,0.0,0.0,0.0,0.0,0.0,0.4920887333762251,0.0,0.0,0.0,0.4820979771933202,0.0,0.0,0.0,0.0
0.3653579026014238,0.3719733981188521,0.3757141329293547,0.0,0.3968706727417579,0.3904871880025527,0.3764711865204262,0.4437343008986249,0.3996032480761087,0.3028470771305339,0.3915805649933622,0.3280769245097453,0.376139039968327,0.3892552676722541,0.3898464794939934,0.3192890666621207,0.3256471865281688,0.3288447334147597,0.3628496871043311,0.3481434082591751,0.3863893273701088,0.3600296894156705,0.4170823326881905,0.3266847537253628,0.3428257865444153,0.3637879906935,0.3976115620581011,0.3718521867102771,0.3338247977386847,0.3080997650396646,0.0,0.4021313431715558,0.3399492295597263,0.3196410117583845,0.3576205750704929,0.3430860810773249,0.3436274107832499,0.3089352542422921,0.4800543101357287,0.3755023781470815,0.4180704715584986,0.0,0.0,0.0,0.0,0.0,0.429179010572888,0.0,0.0,0.0,0.477581147937469,0.0,0.5182717174082535,0.0,0.3915774919409398,0.0,0.3884645279233699,0.0,0.0,0.4805460432716684,0.4115544836031383,0.0,0.383097240048981,0.0,0.4992960491047128,0.0,0.4649428243920488,0.4900938342617666,0.4036589735874663,0.3910770517146868,0.4145004023278215,0.4999523470710647,0.4756720098157138,0.5022954894064189,0.0,0.4957181848626092
0.4491542650308019,0.4353728250437247,0.3422876518029796,0.2870795363100024,0.3705127460381983,0.4135759999069977,0.3679060718090368,0.4357991091762597,0.3685521616199546,0.3293420904220541,0.3455743960166215,0.2768514442723188,0.3864502225308617,0.2369716764124926,0.4289491126015757,0.4296433891683511,0.4172303697435203,0.4178038725727599,0.3471245602254987,0.4612581923592011,0.4475808661414361,0.4458695494385054,0.4283031485298604,0.3518306461049216,0.4110404681699677,0.4413859598964026,0.4434697469804273,0.3698212280835545,0.4291084586128272,0.4307625021144917,0.4021313431715558,0.0,0.3845471019780862,0.3753333908375893,0.4115621004757105,0.2841049539922861,0.3079819454906652,0.2643514557230926,0.3996022827049174,0.3761465312111924,0.4682500041744921,0.4159936500543472,0.3463285471779795,0.2560959080310812,0.2834835782147299,0.4773765989059463,0.469719239550652,0.4494408116204944,0.0,0.0,0.4768689702909895,0.0,0.4958390888259496,0.3342651302980954,0.4305457449465746,0.0,0.4269439901570964,0.4984466904243768,0.0,0.502856655233738,0.4753345898034667,0.0,0.4273584174013848,0.0,0.5080327813209763,0.492026255103988,0.4964153449225107,0.4982544164525296,0.429369832232425,0.4393587291820726,0.4696827557516361,0.4986765544763656,0.5172858329638981,0.4978879191025042,0.0,0.5042943321716434
0.3405696893908566,0.337148102285644,0.0,0.0,0.0,0.3553405031991986,0.0,0.407448130318689,0.0,0.3118110296402095,0.0,0.2752013584552038,0.3451076946099584,0.0,0.3618535270616647,0.3351238058355122,0.3194718974155018,0.3178565768143457,0.0,0.4323256795362061,0.3739866485693882,0.4012535804336125,0.3899235292645486,0.2493701589455746,0.2982704517766867,0.340571225389444,0.4284466851398574,0.3264193049633499,0.3686673786895732,0.0,0.3399492295597263,0.3845471019780862,0.0,0.2533345372558505,0.4115065283148707,0.2690741960688586,0.2976073271463565,0.2258144786106877,0.4484523267530741,0.3482084989737919,0.4055660665666152,0.485639031840987,0.0,0.0,0.2782386937587211,0.4124262325527534,0.4325278155611254,0.0,0.0,0.0,0.0,0.0,0.0,0.0,0.3833929215696512,0.0,0.3745097097242382,0.0,0.0,0.4900143492380778,0.4104267426302663,0.3719342962739689,0.3511240495323218,0.0,0.4752942350106882,0.4575941931793139,0.4786890023843942,0.4573838930322064,0.3575389521524679,0.3811049491968817,0.4063118884463447,0.4641499168635431,0.0,0.0,0.0,0.4032508133684158
0.3854817239229784,0.3713605537949626,0.3693253350537409,0.2447111052444117,0.3954826631962543,0.4033518497734893,0.3880103211417116,0.4606559875406473,0.395071659305812,0.307807120605231,0.3766588493376818,0.2893764412929975,0.3958887642065182,0.3694065832075961,0.3996934864762649,0.3482744317239947,0.3489222321171618,0.3465681908885884,0.328762247026814,0.4198276019798899,0.4063989166789641,0.4077608324693453,0.4428741790238338,0.2935732800913552,0.3337116889522092,0.3744625093690939,0.4347993150876846,0.3795466776855707,0.3889603884442361,0.3717279384578681,0.3196410117583845,0.3753333908375893,0.2533345372558505,0.0,0.2937933443045403,0.2935045585160785,0.2786763768498131,0.2184106197775049,0.4755356203535846,0.3669526315045722,0.4400256435564584,0.4808076520645343,0.0,0.0,0.0,0.4078827084068216,0.4386575527703283,0.0,0.0,0.0,0.4874384239713712,0.0,0.5076278317906192,0.0,0.3945852588772811,0.0,0.3827294495488409,0.0,0.0,0.495795344163198,0.424932760785714,0.0,0.3746587601246747,0.0,0.5073265539522388,0.4630492597559515,0.4783713389422077,0.5118861840632327,0.3711212053871412,0.3912689165729305,0.4186094179601674,0.5086194210185557,0.53485349027072,0.5099203430013219,0.0,0.4374733610043214
0.469992643711585,0.4384863191502374,0.4112390298164476,0.2461484627457693,0.3898619921948507,0.4293242342112601,0.3850865347507539,0.4746871249574604,0.3773841544702794,0.302149368893169,0.3770827598611547,0.267034188004165,0.390766990767006,0.0,0.450074362781768,0.4240027774133174,0.3432184257595709,0.3294135691015115,0.375808570975229,0.4653037432337606,0.4736511537568632,0.4652539863547043,0.4583402991551397,0.3028891801355042,0.347076424286148,0.4311556229858485,0.4597460813847788,0.3600380932145958,0.4296746838583469,0.3610957212620412,0.3576205750704929,0.4115621004757105,0.4115065283148707,0.2937933443045403,0.0,0.3111828364901471,0.3302145246715864,0.2539941297676062,0.3339949084237842,0.3217439855895103,0.4495807396266045,0.412465523583462,0.2664361540117002,0.2636088112776738,0.0,0.0,0.4763781429558419,0.0,0.0,0.0,0.0,0.0,0.0,0.0,0.0,0.0,0.424948139831842,0.0,0.0,0.5209072323462526,0.4548481317345256,0.0,0.39368100654096,0.0,0.5407058514509752,0.5117158536621618,0.5079931487675927,0.5176609554909687,0.0,0.4038263704674766,0.4661902319713057,0.5207659757333191,0.0,0.4891060678822456,0.0,0.0
0.0,0.0,0.3569982598665895,0.1689732287059643,0.189827362272499,0.3737886243518636,0.2459746397839086,0.2709785116546435,0.3488555104108405,0.2959957932007526,0.2647359845108518,0.3119257393236196,0.2999402664189793,0.1849409580745709,0.0,0.0,0.0,0.0,0.3492693196188683,0.5253711155237015,0.0,0.4742299904005719,0.3628044409939208,0.0,0.0,0.0,0.4100711182288799,0.2185156305967155,0.3890032813579385,0.0,0.3430860810773249,0.2841049539922861,0.2690741960688586,0.2935045585160785,0.3111828364901471,0.0,0.1733263376492339,0.271940063304672,0.2270782099461941,0.0,0.0,0.0,0.3236054856089121,0.0,0.0,0.0,0.0,0.4253181623054057,0.0,0.0,0.3537717784121755,0.3576293450681485,0.3900847929988632,0.0,0.0,0.4118591014571372,0.0,0.3489610864153355,0.4305840993323134,0.0,0.0,0.0,0.0,0.0,0.0,0.0,0.0,0.4314988266216087,0.0,0.0,0.0,0.417815121574884,0.3598603208859807,0.0,0.0,0.0
0.0,0.0,0.3382435879549645,0.1820743597708257,0.2907119078122985,0.3919312351023826,0.2907006380160838,0.4353320177092059,0.3309596015984612,0.2563719723407612,0.3252918796233452,0.2986530837809017,0.35447842411697,0.1509488494516166,0.0,0.0,0.0,0.0,0.3223248914289151,0.0,0.0,0.0,0.4010928784429992,0.0,0.0,0.0,0.4196994860787624,0.2436032532214027,0.3733996155889229,0.0,0.3436274107832499,0.3079819454906652,0.2976073271463565,0.2786763768498131,0.3302145246715864,0.1733263376492339,0.0,0.2833979760717457,0.2533624431530842,0.0,0.0,0.3030423156109132,0.0,0.0,0.0,0.0,0.0,0.0,0.0,0.0,0.0,0.0,0.0,0.0,0.0,0.0,0.0,0.0,0.0,0.0,0.0,0.0,0.0,0.0,0.0,0.0,0.0,0.0,0.0,0.0,0.0,0.0,0.0,0.0,0.0,0.0
0.0,0.0,0.0,0.0,0.0,0.0,0.3451175785227297,0.0,0.2820539331231636,0.2655532828589641,0.3079847019416405,0.2266668505956954,0.3310722376147299,0.0,0.0,0.0,0.3232842489135826,0.0,0.0,0.0,0.0,0.0,0.0,0.2498347563589883,0.3208020599350361,0.2814472048564958,0.0,0.3004199740820013,0.0,0.0,0.3089352542422921,0.2643514557230926,0.2258144786106877,0.2184106197775049,0.2539941297676062,0.271940063304672,0.2833979760717457,0.0,0.0,0.2620664388043784,0.2984873656069115,0.0,0.0,0.0,0.0,0.0,0.0,0.0,0.0,0.0,0.0,0.0,0.0,0.0,0.3723032789806981,0.0,0.3197624388311351,0.0,0.0,0.0,0.0,0.0,0.0,0.0,0.0,0.0,0.0,0.0,0.2953822246608419,0.0,0.0,0.0,0.0,0.0,0.0,0.0
0.4547026383896668,0.4459169045980798,0.451841078219342,0.0,0.0,0.4660455662815702,0.0,0.4694309491917978,0.4424478332146287,0.3853945813630835,0.4176269683541287,0.3863716893252162,0.4948252848987896,0.0,0.4935344127258694,0.4251219905154857,0.0,0.4099670698126932,0.4412180587569862,0.5098885563718166,0.4922088084374522,0.4807540275074786,0.4968160226416263,0.4181474606989794,0.4166850232049425,0.4546878279610216,0.5124587540243308,0.4962673125719664,0.4882625250510127,0.0,0.4800543101357287,0.3996022827049174,0.4484523267530741,0.4755356203535846,0.3339949084237842,0.2270782099461941,0.2533624431530842,0.0,0.0,0.3268533787153956,0.4366755460006825,0.4009242062098422,0.2527975066861944,0.2939510547008813,0.2626852653397845,0.4166828965846003,0.4194273095614107,0.3526821699745668,0.2834888600943134,0.357530039641074,0.3989046664816029,0.3386592948022378,0.408505537887034,0.3577355791843973,0.3835501983520019,0.3444294430297343,0.3037317449697125,0.3607021066167166,0.2290388397149299,0.4515534857952252,0.435397303019431,0.3943694432683333,0.4026799439052158,0.3529529528155148,0.4633474566576862,0.4435128040855585,0.470809388680042,0.4076750922602421,0.3748159137840124,0.3962225752395527,0.4178693394669651,0.4090649620806559,0.3504160517469074,0.4161006655947207,0.0,0.4192885820173415
0.3925786097399681,0.4051731498012126,0.0,0.0,0.0,0.0,0.0,0.0,0.0,0.3321872412687288,0.0,0.3360673424225476,0.0,0.0,0.4745247810443795,0.3643052492343304,0.3506223866950758,0.3565822607078569,0.0,0.4504302274511741,0.4570434246723961,0.4551725708281828,0.4789344491344433,0.327081649666504,0.3610994496429905,0.3965045725282534,0.0,0.0,0.0,0.0,0.3755023781470815,0.3761465312111924,0.3482084989737919,0.3669526315045722,0.3217439855895103,0.0,0.0,0.2620664388043784,0.3268533787153956,0.0,0.2456460522761629,0.3826699232046228,0.257806913298741,0.268094492658206,0.214802844349309,0.3045135858334132,0.3490408151503285,0.0,0.0,0.0,0.3779260845177474,0.3340348746548501,0.3893246152236365,0.3120022985233627,0.2983640737216202,0.3626833050226571,0.2668390498486545,0.3585111286325226,0.0,0.3902946499169736,0.3800251607870373,0.2926463845524994,0.3103216970856826,0.0,0.409553021648889,0.375589731811812,0.4333067106184721,0.3910099634043869,0.2631856700144,0.2774252887176446,0.2951399555436175,0.3885350115990105,0.3331019290846138,0.0,0.0,0.3420329662981429
0.4261964396954417,0.4350166495579973,0.0,0.0,0.0,0.4754087034268518,0.0,0.509273579218379,0.0,0.3546173285238149,0.0,0.3593399167907299,0.0,0.0,0.5097314500074741,0.3971596271245965,0.3498891341957342,0.3782485993057037,0.0,0.5932710603137507,0.504500686127185,0.4803872968052413,0.5161908053977065,0.3698382558387629,0.3879064849753741,0.4386398760909735,0.5414134784428275,0.5163181106438285,0.5161916609056626,0.0,0.4180704715584986,0.4682500041744921,0.4055660665666152,0.4400256435564584,0.4495807396266045,0.0,0.0,0.2984873656069115,0.4366755460006825,0.2456460522761629,0.0,0.4738377601401256,0.4050509275758027,0.3292942553599706,0.2248442038374216,0.3657427098075457,0.3692936009472949,0.3869509792325589,0.2814996707339779,0.3730423537486346,0.4079739863321933,0.3519501359109861,0.4610705029172142,0.3743691471463182,0.317447804737287,0.3559935391822302,0.2948592453289655,0.3820095563993855,0.3685496558114685,0.4580332487030737,0.3889240869740202,0.3221512546647629,0.3237531936315102,0.3849060527884245,0.4358814041576015,0.4622631366674017,0.4562322928546087,0.4341077171480105,0.2980881236603147,0.3245102904285397,0.367450064294327,0.4266034506094049,0.3707550911559859,0.3914023898058241,0.0,0.3081732752424848
0.0,0.4741117182527959,0.0,0.0,0.0,0.0,0.0,0.0,0.0,0.0,0.0,0.0,0.0,0.0,0.5174572082650837,0.4313342798284656,0.0,0.4030268205021247,0.0,0.5232756866147915,0.5358642873135768,0.5096877105870082,0.5218631804605689,0.0,0.4262679016724221,0.4789560431376677,0.5406400005958418,0.0,0.4946545624960299,0.0,0.0,0.4159936500543472,0.485639031840987,0.4808076520645343,0.412465523583462,0.0,0.3030423156109132,0.0,0.4009242062098422,0.3826699232046228,0.4738377601401256,0.0,0.4025837494082045,0.3519025763614529,0.2368254650544399,0.4601819857226794,0.4454753740204493,0.362352012893723,0.2734964429672646,0.3651468455648298,0.4458399021720397,0.3342174947045283,0.4672410081444456,0.3774676646126535,0.3197305247047234,0.3609712556259939,0.2736414899111767,0.3899674673192321,0.0,0.4977308936371049,0.4716578983432464,0.3777077749609447,0.4085608632227394,0.3713248027551018,0.480299006262758,0.5189478973595619,0.5154845117164591,0.4490779240174057,0.328895550409987,0.3991886004341287,0.4625742854286548,0.4592385407363022,0.3420643520993157,0.4323666090394139,0.0,0.3880359409331404
