0.0,0.2718190681018367,0.0,0.0,0.0,0.2352312998869178,0.0,0.3415107571370604,0.0,0.2374831245329363,0.0,0.2336669005775169,0.0,0.0,0.2302674996088141,0.2317153491339576,0.2125657990012437,0.2100555051055697,0.0,0.2988219344074472,0.3101419803637356,0.2751714927981293,0.3194573578694616,0.2626439831011862,0.2231399350234928,0.2383553224552411,0.2970376747778491,0.0,0.2640397390429463,0.0,0.2556980727011169,0.314343494683219,0.2383498826154053,0.2697818581910851,0.3289273677264827,0.0,0.0,0.2825220453844092,0.3182265593833021,0.2747486592720618,0.2982763132978899,0.0,0.0,0.0,0.0,0.284584320900972,0.3061004429274134,0.0,0.0,0.0,0.0,0.0,0.0,0.0,0.3010368572975384,0.0,0.0,0.0,0.0,0.0,0.2932771887857151,0.0,0.2755135632937704,0.0,0.0,0.0,0.2995298753162092,0.0,0.0,0.2760817156560489,0.3074808904447549,0.0,0.0,0.0,0.0,0.2577068984103262
0.2718190681018367,0.0,0.0,0.0,0.265342261247489,0.2725022740081346,0.2769224641593655,0.289700795664733,0.2555899370067367,0.0,0.0,0.0,0.2868774528238483,0.0,0.2696559212577156,0.2411093522527083,0.0,0.2273272641340253,0.0,0.2771412512615516,0.2771878935070557,0.2580357095231204,0.2789822508546169,0.0,0.2242094781689314,0.2601785837733714,0.2769911942200754,0.28383026620778,0.2694166265254144,0.0,0.2603279696917799,0.3046984654703542,0.2359552629228999,0.2598990666589767,0.3068774643006329,0.0,0.0,0.0,0.3120778072096707,0.2835630289552884,0.3044491937710276,0.3318101284769704,0.0,0.0,0.0,0.2941056932657951,0.3069885416462434,0.0,0.0,0.0,0.2461417510162449,0.0,0.0,0.0,0.0,0.0,0.0,0.0,0.0,0.3163558159674268,0.2948144107401229,0.0,0.2607137019056623,0.0,0.2897044126513494,0.3103091878228884,0.3176943230901856,0.2808245178719484,0.0,0.2657831444441029,0.3136015644859593,0.3025257692781414,0.0,0.2734996456165621,0.0,0.2919510653077158
0.0,0.0,0.0,0.2529206198735174,0.2277035880322218,0.2351211996668227,0.2491483165737049,0.2896041036599896,0.1965830733811223,0.2333086520606372,0.196656020772276,0.0,0.2525963691344147,0.2813233599690452,0.0,0.0,0.0,0.0,0.1981784153056972,0.0,0.0,0.0,0.2319366613240155,0.0,0.0,0.0,0.2114948736899391,0.2641311450646492,0.2107629260166388,0.2692237841506132,0.2629459469538592,0.2395522096339946,0.0,0.2584747057625784,0.2878082740097627,0.2498475230878548,0.2367219455984968,0.0,0.3162238781349685,0.0,0.0,0.0,0.3165830118358758,0.0,0.0,0.0,0.0,0.2508576790450598,0.0,0.3164117757040612,0.3577273621012581,0.3102018229869732,0.3533945752581875,0.358627668669695,0.0,0.3426464977905283,0.0,0.3056250139635028,0.3383467395567642,0.0,0.0,0.0,0.0,0.15353815309266,0.0,0.0,0.0,0.3637768993344959,0.0,0.0,0.0,0.3283999466697668,0.0,0.0,0.0,0.0
0.0,0.0,0.2529206198735174,0.0,0.1639314066173197,0.2611501972998105,0.1818181883988034,0.2260797830391108,0.2436205971719502,0.0,0.2262217551385006,0.0,0.1832240296102391,0.1562938038185509,0.0,0.0,0.0,0.0,0.2139510039591245,0.0,0.0,0.0,0.2687436373906635,0.0,0.0,0.0,0.2738256250109541,0.1666176166482094,0.0,0.0,0.2118080338921477,0.2009144557261093,0.0,0.1712626373592293,0.1722685812303286,0.1182569984406073,0.1274259090885981,0.0,0.0,0.0,0.0,0.0,0.0,0.0,0.0,0.0,0.0,0.0,0.0,0.0,0.0,0.0,0.0,0.0,0.0,0.0,0.0,0.0,0.0,0.0,0.0,0.0,0.0,0.0,0.0,0.0,0.0,0.0,0.0,0.0,0.0,0.0,0.0,0.0,0.0,0.0
0.0,0.265342261247489,0.2277035880322218,0.1639314066173197,0.0,0.2605414785468627,0.2372991411314898,0.2830958656607074,0.2323025675534317,0.2210043455924923,0.2179899755569642,0.2458588914123441,0.2507355931741328,0.1661810796964209,0.0,0.2595772741294442,0.0,0.0,0.2328822665780264,0.2778848562819858,0.0,0.2876581092551939,0.2590691724495818,0.0,0.2458079950354589,0.2409433116749733,0.2598283903276485,0.250201492765075,0.2640124600128107,0.0,0.2777524871067828,0.2593057229598747,0.0,0.2767810797192623,0.2728474170501019,0.1328518976417661,0.203456594231554,0.0,0.2732766242185218,0.0,0.0,0.0,0.2393671984289733,0.0,0.0,0.0,0.0,0.2947319007029529,0.0,0.0,0.3049761863899825,0.0,0.3309544510004575,0.3059249522584628,0.0,0.0,0.0,0.0,0.0,0.0,0.0,0.0,0.0,0.0,0.0,0.0,0.0,0.3296695923417345,0.0,0.0,0.0,0.3053917799381245,0.0,0.0,0.0,0.0
0.2352312998869178,0.2725022740081346,0.2351211996668227,0.2611501972998105,0.2605414785468627,0.0,0.2665948953419169,0.2759233045960561,0.226246720531643,0.2716335072359309,0.2365513830873813,0.234990179316046,0.2389673307788089,0.2917422450619631,0.2620808245276013,0.2637711743932826,0.0,0.2221020790156766,0.2235741628562888,0.2552120830154804,0.2764829502004944,0.2697916132061279,0.2644088062853661,0.0,0.2528780346758635,0.2647693949559919,0.2370290334137079,0.2305816336776139,0.2096785135715421,0.2738614487609206,0.2732849643481129,0.2894438175243797,0.2486873314460669,0.2822883804432857,0.3004653203613894,0.261598367419577,0.2742955899776315,0.0,0.3261649802580011,0.0,0.3327178318740139,0.0,0.2839603240612037,0.0,0.0,0.0,0.0,0.3507296323295,0.0,0.2954594613974575,0.3356502910013351,0.3165966714470092,0.335780293719892,0.3459370190830528,0.0,0.312524217130348,0.0,0.3051130644406522,0.0,0.3019562754457551,0.0,0.0,0.0,0.3431752179895775,0.3075110663931164,0.2688598493727671,0.2961609897127124,0.3409927473577377,0.0,0.0,0.2589149503083741,0.3369578210962122,0.3291860658995622,0.322102689285865,0.0,0.3366679844717622
0.0,0.2769224641593655,0.2491483165737049,0.1818181883988034,0.2372991411314898,0.2665948953419169,0.0,0.2961602491928234,0.2522650149316898,0.2368046831562003,0.2590129412434363,0.2473972851140716,0.2241785584017801,0.2048701091221539,0.0,0.2563933225711517,0.2512787962648142,0.2351396330885911,0.2543430327668999,0.2768993041328798,0.0,0.2925873254706542,0.2737423918707475,0.2799103796672049,0.2515085829592813,0.2595725518474715,0.2777656499583921,0.2360698471254722,0.2718772989141493,0.0,0.2634757757677158,0.257481425273112,0.0,0.2715515131810657,0.2695052825129058,0.1721469301150181,0.2034487069923528,0.241532752008946,0.0,0.0,0.0,0.0,0.2356218821587763,0.0,0.0,0.0,0.0,0.0,0.0,0.0,0.2793906289361129,0.0,0.0,0.0,0.0,0.0,0.0,0.0,0.0,0.0,0.0,0.0,0.0,0.0,0.0,0.0,0.0,0.3299116412218628,0.0,0.0,0.0,0.3095645486407903,0.0,0.0,0.0,0.0
0.3415107571370604,0.289700795664733,0.2896041036599896,0.2260797830391108,0.2830958656607074,0.2759233045960561,0.2961602491928234,0.0,0.2984279725571904,0.0,0.2202417505210336,0.0,0.3066659541767133,0.2343123717521293,0.2438170861552187,0.2725843963992491,0.0,0.2774677340303992,0.2951004597700759,0.2695929244491628,0.2686247904357773,0.2774194756253478,0.2296030361963008,0.3301432134708308,0.2941460806241714,0.3160414735821464,0.2875445524929133,0.3074918618255148,0.2697852593481299,0.3075133769033198,0.3105502980044579,0.3049968031560485,0.2851551886693918,0.3223930489902977,0.3322128305517151,0.1896460502979673,0.3046699061954234,0.0,0.3285342622123177,0.0,0.3564183825135403,0.0,0.2788991826737751,0.0,0.0,0.0,0.0,0.3349166496730097,0.0,0.3070034821911102,0.3121178084142763,0.3084984868782224,0.304412480740438,0.3306102089788112,0.0,0.2754561655464823,0.0,0.3014893337012279,0.3130589596699704,0.325877370727608,0.0,0.0,0.0,0.3091434376615932,0.3337522452929653,0.0,0.3781784208512417,0.3205968326113536,0.0,0.0,0.0,0.3215442246624743,0.3253266014082904,0.3175644496666354,0.0,0.3585874465314729
0.0,0.2555899370067367,0.1965830733811223,0.2436205971719502,0.2323025675534317,0.226246720531643,0.2522650149316898,0.2984279725571904,0.0,0.2309391048904092,0.2091603184628226,0.2154262236040873,0.2322754864376134,0.2865627612989763,0.0,0.2419259549751565,0.0,0.0,0.1991811042315423,0.2624983106852806,0.0,0.2561924642348634,0.2592027884729689,0.0,0.2059639405421323,0.2069820826660073,0.2227818379837918,0.2708519373344168,0.2300065053944221,0.264828811067294,0.2796648974899417,0.257933595373354,0.0,0.2764934360090524,0.2641147222460954,0.2441487676278025,0.2316242010042845,0.1973972550856262,0.3096499553403252,0.0,0.0,0.0,0.3148177821608664,0.0,0.0,0.0,0.0,0.3506433528517215,0.0,0.3009428451303156,0.3449648349052411,0.2939982646827411,0.3531591621677818,0.323529089512384,0.0,0.3224412520560266,0.0,0.2675065978813485,0.3335013975253283,0.0,0.0,0.0,0.0,0.3293026073600318,0.0,0.0,0.0,0.3573332332160263,0.0,0.0,0.0,0.3503996585336461,0.0,0.0,0.0,0.0
0.2374831245329363,0.0,0.2333086520606372,0.0,0.2210043455924923,0.2716335072359309,0.2368046831562003,0.0,0.2309391048904092,0.0,0.2389521809104881,0.1999296234012225,0.2725028071062728,0.2236941100872407,0.0,0.208994944194762,0.2272546060174843,0.2223845185818003,0.2377486671976436,0.0,0.0,0.2257821798587647,0.2863167032432334,0.2052711115287323,0.2269769845234142,0.2157243369638969,0.2767757168336732,0.242759117491913,0.0,0.0,0.2119494703524232,0.2304921754276241,0.2182229500395695,0.2154207886076558,0.2114611747651877,0.2071545553282794,0.1794235700264314,0.1858491691106698,0.2697208709113336,0.2324833725054996,0.2481812130087614,0.2925979820946096,0.0,0.0,0.0,0.0,0.0,0.0,0.0,0.0,0.0,0.0,0.0,0.0,0.2882896521691515,0.0,0.287818888842288,0.0,0.0,0.0,0.0,0.2390643650861542,0.2012994871167268,0.0,0.0,0.0,0.0,0.0,0.273579874741955,0.251672652389004,0.2704489158908716,0.0,0.0,0.0,0.0,0.271208465162833
0.0,0.0,0.196656020772276,0.2262217551385006,0.2179899755569642,0.2365513830873813,0.2590129412434363,0.2202417505210336,0.2091603184628226,0.2389521809104881,0.0,0.2367468282159164,0.2534210061964423,0.1691940045886224,0.0,0.0,0.0,0.0,0.1625394741701999,0.0,0.0,0.0,0.1395435701360276,0.2341788477826413,0.0,0.0,0.2190116743605915,0.2562360750817122,0.0,0.0,0.2740501712515221,0.2418524586635238,0.0,0.2636071127946371,0.2639037892947976,0.1852771776169971,0.2276576094092373,0.2155450700455124,0.2922789137878768,0.0,0.0,0.0,0.235275502956581,0.0,0.0,0.0,0.0,0.3236624613108371,0.0,0.2879221576398076,0.2970471136955795,0.2856376607968783,0.3151015392585705,0.3297130559859195,0.0,0.1811894082657737,0.0,0.0,0.0,0.0,0.0,0.0,0.0,0.2835202369743603,0.0,0.0,0.0,0.3157692154663461,0.0,0.0,0.0,0.3056996137777307,0.0,0.0,0.0,0.0
0.2336669005775169,0.0,0.0,0.0,0.2458588914123441,0.234990179316046,0.2473972851140716,0.0,0.2154262236040873,0.1999296234012225,0.2367468282159164,0.0,0.2737166460265297,0.0,0.0,0.0,0.2429221619717519,0.2085773137992212,0.0,0.0,0.0,0.0,0.2454083207937876,0.1897159800919472,0.2274518794900138,0.1902480009991927,0.0,0.2260473557247354,0.0,0.0,0.2296067409451041,0.1937562598780824,0.1926014367300854,0.202521959418099,0.1868855900797658,0.2183032303476161,0.2090142771930948,0.1586342499501897,0.2704047061889047,0.2351988861972869,0.2514863467130361,0.0,0.0,0.0,0.2213575251399311,0.0,0.0,0.0,0.0,0.0,0.0,0.0,0.0,0.0,0.2919420037995904,0.0,0.2940446189351726,0.0,0.0,0.0,0.0,0.2087109384854467,0.0,0.0,0.0,0.0,0.0,0.0,0.2936668951563366,0.2511703236908956,0.2748629919217945,0.0,0.0,0.0,0.0,0.2730571976054095
0.0,0.2868774528238483,0.2525963691344147,0.1832240296102391,0.2507355931741328,0.2389673307788089,0.2241785584017801,0.3066659541767133,0.2322754864376134,0.2725028071062728,0.2534210061964423,0.2737166460265297,0.0,0.2755501890561122,0.0,0.2904100143107246,0.2514468927715118,0.2407721153895615,0.2499252783538376,0.2772762556692615,0.2983444726896124,0.2989462280603209,0.2843676240044563,0.2558691476640334,0.2708092835754049,0.2791525607738824,0.2844296674783306,0.2295083242888242,0.263980939952845,0.2489955282595321,0.2632433208717867,0.2704596681568371,0.2415258346891662,0.2770652921173166,0.2734807861083588,0.2099151202224294,0.2480839998682571,0.2317030300430752,0.346306651016746,0.0,0.3226159109885969,0.0,0.2320296208965857,0.0,0.0,0.0,0.0,0.2981048387131825,0.0,0.0,0.2945579684626035,0.0,0.3385432816626482,0.0,0.0,0.0,0.0,0.0,0.0,0.0,0.0,0.0,0.0,0.0,0.3175767907558534,0.0,0.0,0.3393105571359669,0.0,0.0,0.0,0.3334402860658898,0.0,0.3086201784204382,0.0,0.0
0.0,0.0,0.2813233599690452,0.1562938038185509,0.1661810796964209,0.2917422450619631,0.2048701091221539,0.2343123717521293,0.2865627612989763,0.2236941100872407,0.1691940045886224,0.0,0.2755501890561122,0.0,0.0,0.0,0.0,0.0,0.2622431790655842,0.0,0.0,0.0,0.2573229180219927,0.0,0.0,0.0,0.2953872951624864,0.1735284106307642,0.0,0.0,0.2724227969995054,0.1658461484259434,0.0,0.2585315678044375,0.0,0.1294321163069365,0.1056425209538604,0.0,0.0,0.0,0.0,0.0,0.2567302913853891,0.0,0.0,0.0,0.0,0.3167284365727875,0.0,0.0,0.0,0.0,0.0,0.301519469601251,0.0,0.2644952041229916,0.0,0.0,0.0,0.0,0.0,0.0,0.0,0.0,0.0,0.0,0.0,0.3033187195314334,0.0,0.0,0.0,0.2875738803222816,0.0,0.0,0.0,0.0
0.2302674996088141,0.2696559212577156,0.0,0.0,0.0,0.2620808245276013,0.0,0.2438170861552187,0.0,0.0,0.0,0.0,0.0,0.0,0.0,0.2688209903869935,0.0,0.2542173085177286,0.0,0.1864355741547702,0.220189516820842,0.2255336530597886,0.2250164480713469,0.2534133913178988,0.2536403294798915,0.2506510210509332,0.2562582226525755,0.0,0.2653945761093989,0.0,0.2728365603868592,0.3002027890956308,0.2532455129914261,0.2797280514133666,0.3149874309986607,0.0,0.0,0.0,0.3454032258427755,0.3320992131223563,0.3567388263235254,0.3621457478176544,0.0,0.0,0.0,0.3593174000242217,0.3384147230787939,0.0,0.0,0.0,0.0,0.0,0.3594078482026287,0.0,0.0,0.0,0.0,0.0,0.0,0.2667959894495972,0.3087123550163901,0.0,0.0,0.0,0.3065118346016336,0.3177597560221361,0.3363060935880625,0.3116477105620643,0.0,0.2397861698522935,0.3098531509395283,0.3130397728226343,0.374903537978439,0.0,0.0,0.3257024284439737
0.2317153491339576,0.2411093522527083,0.0,0.0,0.2595772741294442,0.2637711743932826,0.2563933225711517,0.2725843963992491,0.2419259549751565,0.208994944194762,0.0,0.0,0.2904100143107246,0.0,0.2688209903869935,0.0,0.2072688447639453,0.1910837783114252,0.0,0.2594957175401958,0.2662086045290548,0.2381440847161923,0.2797459872563038,0.1998649273863561,0.2212850810975315,0.2466215329994832,0.273965184775155,0.259503639371798,0.2578807261165683,0.2530162331552405,0.2234565022372244,0.3006886830061827,0.234538546062011,0.24374209597993,0.296741064672631,0.0,0.0,0.0,0.2975243531443696,0.2549613664870959,0.2779547136858831,0.3018720636854047,0.0,0.0,0.0,0.2707537349901432,0.2859328015657778,0.0,0.0,0.0,0.0,0.0,0.0,0.0,0.0,0.0,0.0,0.0,0.0,0.30618608117828,0.2739863028266894,0.0,0.2629168090875283,0.0,0.302028288040285,0.2714332893612697,0.3115942155087803,0.0,0.0,0.2599709129240656,0.27827869058678,0.282210927211783,0.0,0.0,0.0,0.2674818318321787
0.2125657990012437,0.0,0.0,0.0,0.0,0.0,0.2512787962648142,0.0,0.0,0.2272546060174843,0.0,0.2429221619717519,0.2514468927715118,0.0,0.0,0.2072688447639453,0.0,0.2096451087597654,0.0,0.2273010424217785,0.0,0.2354795060894402,0.0,0.20650270710367,0.2128080578769726,0.207047968766382,0.0,0.2564910700508933,0.2018947645511529,0.0,0.2279062732266445,0.2920013517052,0.2235844575132351,0.2441954632421363,0.2402036177604542,0.0,0.0,0.2262525561736928,0.2745254718895899,0.2453853273336785,0.2448721558666048,0.0,0.0,0.0,0.0,0.0,0.0,0.0,0.0,0.0,0.0,0.0,0.0,0.0,0.2955665109593082,0.0,0.2854049571022284,0.0,0.0,0.0,0.0,0.2480451469602681,0.2284207989541515,0.0,0.0,0.0,0.0,0.0,0.2499654593826483,0.2740378201802302,0.2787135864970862,0.0,0.0,0.0,0.0,0.2478778361850475
0.2100555051055697,0.2273272641340253,0.0,0.0,0.0,0.2221020790156766,0.2351396330885911,0.2774677340303992,0.0,0.2223845185818003,0.0,0.2085773137992212,0.2407721153895615,0.0,0.2542173085177286,0.1910837783114252,0.2096451087597654,0.0,0.0,0.2502735671367154,0.2559394567460786,0.2364272165605958,0.2681074155599356,0.1990258889979886,0.1975028736520709,0.2221014765398,0.2385201370305645,0.2482686941541349,0.2448608749058493,0.0,0.2301440969344423,0.2924027213405111,0.2224539650247214,0.2425479723820253,0.2305422002401336,0.0,0.0,0.0,0.2869180846387456,0.2495563834070764,0.2647197095114607,0.2820609066219515,0.0,0.0,0.0,0.237832759265116,0.2614405210291299,0.0,0.0,0.0,0.0,0.0,0.0,0.0,0.2818645064929725,0.0,0.2768130242781623,0.0,0.0,0.0,0.2536891208940768,0.2659755311053168,0.2549561831128452,0.0,0.0,0.0,0.2788413739636288,0.0,0.2122381209972053,0.2626709511628083,0.2684396477264298,0.0,0.0,0.0,0.0,0.2629364272108713
0.0,0.0,0.1981784153056972,0.2139510039591245,0.2328822665780264,0.2235741628562888,0.2543430327668999,0.2951004597700759,0.1991811042315423,0.2377486671976436,0.1625394741701999,0.0,0.2499252783538376,0.2622431790655842,0.0,0.0,0.0,0.0,0.0,0.0,0.0,0.0,0.2144556994332827,0.0,0.0,0.0,0.2314231088833765,0.2675416111424104,0.0,0.0,0.2539426819898193,0.2429373510327812,0.0,0.230086368306509,0.2630120400262897,0.2444383746575268,0.2255811436816835,0.0,0.3087892897944665,0.0,0.0,0.0,0.2878041577464139,0.0,0.0,0.0,0.0,0.3341094978304348,0.0,0.3155543846232652,0.3301226590521567,0.2989499397553115,0.3542703791805239,0.3459894594415716,0.0,0.3213532016927612,0.0,0.0,0.3277836859665828,0.0,0.0,0.0,0.0,0.3177353657160413,0.0,0.0,0.0,0.3493725246838997,0.0,0.0,0.0,0.3349664816868408,0.0,0.0,0.0,0.0
0.2988219344074472,0.2771412512615516,0.0,0.0,0.2778848562819858,0.2552120830154804,0.2768993041328798,0.2695929244491628,0.2624983106852806,0.0,0.0,0.0,0.2772762556692615,0.0,0.1864355741547702,0.2594957175401958,0.2273010424217785,0.2502735671367154,0.0,0.0,0.2878612879626966,0.2298208338916622,0.1994874161037493,0.0,0.2568426957878903,0.2939377190091558,0.2285489311534813,0.2519142607820038,0.2111098855505051,0.238447282865445,0.2436503983672756,0.3228145058970161,0.302565901132852,0.2938190413527163,0.3256458106375835,0.3676843465975239,0.0,0.0,0.3568487782207895,0.3152364851711903,0.4152045586846516,0.3662178472288898,0.0,0.0,0.0,0.0,0.3162251749280292,0.0,0.0,0.0,0.0,0.0,0.3458536182410755,0.0,0.0,0.0,0.0,0.2842379636434611,0.0,0.3406357933220553,0.0,0.0,0.0,0.0,0.3483879407831172,0.3270629843137602,0.3371050867439695,0.3389850301177144,0.0,0.0,0.3186922311697751,0.3433508749524867,0.3539053758757964,0.3749139566043308,0.0,0.3477243842749411
0.3101419803637356,0.2771878935070557,0.0,0.0,0.0,0.2764829502004944,0.0,0.2686247904357773,0.0,0.0,0.0,0.0,0.2983444726896124,0.0,0.220189516820842,0.2662086045290548,0.0,0.2559394567460786,0.0,0.2878612879626966,0.0,0.270310939130548,0.2538434608150224,0.3103574692485756,0.2581867994596463,0.2655622449479311,0.2836350823223298,0.3152488671704663,0.2818967898229744,0.0,0.2704170502878092,0.3132423413737207,0.2617369559389676,0.2844208897706431,0.331487799458969,0.0,0.0,0.0,0.3444754931748924,0.3198647736845048,0.3530780426551791,0.3750280602111853,0.0,0.0,0.0,0.315445308555746,0.3308260506009514,0.0,0.0,0.0,0.0,0.0,0.269540628494216,0.0,0.0,0.0,0.0,0.0,0.0,0.3228120137257302,0.3183999649571787,0.0,0.0,0.0,0.3258486526162839,0.2779175841476408,0.338472889392559,0.2968476656421401,0.0,0.249848098036144,0.3474401645391096,0.3146160321204934,0.3262504570322781,0.3253992932736701,0.0,0.305671153288521
0.2751714927981293,0.2580357095231204,0.0,0.0,0.2876581092551939,0.2697916132061279,0.2925873254706542,0.2774194756253478,0.2561924642348634,0.2257821798587647,0.0,0.0,0.2989462280603209,0.0,0.2255336530597886,0.2381440847161923,0.2354795060894402,0.2364272165605958,0.0,0.2298208338916622,0.270310939130548,0.0,0.2625073659017093,0.0,0.2471144690665761,0.2716310336079039,0.2740678987712208,0.2856310720229208,0.2553952266392837,0.2739992221557082,0.2519690885109922,0.3120446653973563,0.2808198931808118,0.285374035276193,0.3256109879664773,0.3318929019985644,0.0,0.0,0.3364587912337193,0.318555444616036,0.3362021323983836,0.3567082150094288,0.0,0.0,0.0,0.2970666974793643,0.327229705533645,0.0,0.0,0.0,0.3011281826324324,0.0,0.0,0.0,0.0,0.0,0.0,0.0,0.0,0.3376535974447635,0.3206768887514795,0.0,0.2490659819873507,0.0,0.3246479443050583,0.3219875405750469,0.3354194630599192,0.318355552251828,0.0,0.2669802004715617,0.3343757349335078,0.3317425290414152,0.0,0.330792159271362,0.0,0.316131286212917
0.3194573578694616,0.2789822508546169,0.2319366613240155,0.2687436373906635,0.2590691724495818,0.2644088062853661,0.2737423918707475,0.2296030361963008,0.2592027884729689,0.2863167032432334,0.1395435701360276,0.2454083207937876,0.2843676240044563,0.2573229180219927,0.2250164480713469,0.2797459872563038,0.0,0.2681074155599356,0.2144556994332827,0.1994874161037493,0.2538434608150224,0.2625073659017093,0.0,0.309613460176214,0.2645411487639565,0.2888491049458393,0.2180611106737716,0.2880609350800551,0.2627981393242183,0.2853045687389043,0.2918977470220477,0.2997507069947766,0.2728904841632241,0.309948336190833,0.3207723996135231,0.2539110162090965,0.2807074248614283,0.0,0.3476998816009823,0.3351853476327981,0.3612594476441918,0.3652292957325582,0.3068239523299818,0.0,0.0,0.0,0.3014738723245968,0.361317908126658,0.0,0.3244965177689009,0.3404437879993865,0.3368333265944029,0.3343504439590116,0.3558817654430432,0.0,0.3234956213942045,0.0,0.3335346167186381,0.3317788151276239,0.3317408936664519,0.0,0.0,0.0,0.33596658024662,0.3381491763616473,0.3071556040104931,0.3391163429989846,0.3449416535298593,0.0,0.0,0.3140352343484607,0.3439383145658315,0.3437922720685606,0.339793974364233,0.3614245844581528,0.3510047840055164
0.2626439831011862,0.0,0.0,0.0,0.0,0.0,0.2799103796672049,0.3301432134708308,0.0,0.2052711115287323,0.2341788477826413,0.1897159800919472,0.2558691476640334,0.0,0.2534133913178988,0.1998649273863561,0.20650270710367,0.1990258889979886,0.0,0.0,0.3103574692485756,0.0,0.309613460176214,0.0,0.2062583211571237,0.2100752743951922,0.2631042749031994,0.2158896783759212,0.0,0.0,0.2286324212878508,0.2462309354352708,0.1745233059899499,0.2054591439829777,0.211978936410634,0.0,0.2138408964174986,0.1748484574711303,0.2926431836955109,0.228910191459209,0.2588336766654783,0.0,0.0,0.0,0.2440466212896815,0.2792000425635271,0.0,0.0,0.0,0.0,0.0,0.0,0.0,0.0,0.2977516159606287,0.0,0.2850147929386277,0.0,0.0,0.0,0.257564460443392,0.2649973066784645,0.261780552731879,0.0,0.0,0.0,0.0,0.0,0.2767272885393165,0.2793477643791226,0.2821236198291709,0.0,0.0,0.0,0.0,0.2944634860389133
0.2231399350234928,0.2242094781689314,0.0,0.0,0.2458079950354589,0.2528780346758635,0.2515085829592813,0.2941460806241714,0.2059639405421323,0.2269769845234142,0.0,0.2274518794900138,0.2708092835754049,0.0,0.2536403294798915,0.2212850810975315,0.2128080578769726,0.1975028736520709,0.0,0.2568426957878903,0.2581867994596463,0.2471144690665761,0.2645411487639565,0.2062583211571237,0.0,0.2238377319111611,0.2534580772444502,0.2668700818179419,0.2513766630537574,0.0,0.2399288266860931,0.287669309367269,0.2087464897295285,0.2335502669994306,0.2429036627867299,0.0,0.0,0.2245153802884165,0.2916196874305922,0.2527177670709205,0.2714788427737196,0.2983263264210636,0.0,0.0,0.0,0.2614316620360712,0.2727587650705851,0.0,0.0,0.0,0.0,0.0,0.0,0.0,0.2987863848572167,0.0,0.2955155443601471,0.0,0.0,0.0,0.2634424371984506,0.2717142560350405,0.2615045169999573,0.0,0.2414436035912001,0.0,0.2456973913924829,0.0,0.2678609241969452,0.2665138885189675,0.2797443127942816,0.0,0.0,0.2273736070922049,0.0,0.2678270787413508
0.2383553224552411,0.2601785837733714,0.0,0.0,0.2409433116749733,0.2647693949559919,0.2595725518474715,0.3160414735821464,0.2069820826660073,0.2157243369638969,0.0,0.1902480009991927,0.2791525607738824,0.0,0.2506510210509332,0.2466215329994832,0.207047968766382,0.2221014765398,0.0,0.2939377190091558,0.2655622449479311,0.2716310336079039,0.2888491049458393,0.2100752743951922,0.2238377319111611,0.0,0.29462699725245,0.2615970347349476,0.2600709224380141,0.0,0.2545993597779574,0.308906796484338,0.2383509575938734,0.2620699901733235,0.3017470295476269,0.0,0.0,0.1969726324147174,0.3182161942097736,0.2774962695230327,0.3069849321110087,0.3352004603345273,0.0,0.0,0.0,0.2968075769211737,0.3255686581424729,0.0,0.0,0.0,0.2587535462662205,0.0,0.0,0.0,0.3008147096807049,0.0,0.2904987959547258,0.0,0.0,0.3322813905551852,0.3002425803207352,0.2770116465604325,0.2729456183603728,0.0,0.3232587985925931,0.3382178977635088,0.3415500356849578,0.3317541835885507,0.2711650920795997,0.2821001367720077,0.2973740677985195,0.3355120825076277,0.0,0.2511259971660712,0.0,0.2982943995777208
0.2970376747778491,0.2769911942200754,0.2114948736899391,0.2738256250109541,0.2598283903276485,0.2370290334137079,0.2777656499583921,0.2875445524929133,0.2227818379837918,0.2767757168336732,0.2190116743605915,0.0,0.2844296674783306,0.2953872951624864,0.2562582226525755,0.273965184775155,0.0,0.2385201370305645,0.2314231088833765,0.2285489311534813,0.2836350823223298,0.2740678987712208,0.2180611106737716,0.2631042749031994,0.2534580772444502,0.29462699725245,0.0,0.2868872063054906,0.2316453909275056,0.2831851387331991,0.2782710032492418,0.3103651482471186,0.2998511620123825,0.3042970908473059,0.3217562453280863,0.2869909035905107,0.2937293786171701,0.0,0.358647547541309,0.3150162118796388,0.3789116972331206,0.3783703737983652,0.3248610031645806,0.0,0.0,0.0,0.2910076288827536,0.3544938635969611,0.0,0.3105889691490884,0.3429399826440459,0.3237869983117099,0.3485583877728097,0.3534193101587078,0.0,0.3249218460725249,0.0,0.3207445844296024,0.3345434442689237,0.3431384058051764,0.0,0.0,0.0,0.3074061750372617,0.349456972477135,0.3198798622846349,0.3702325078606396,0.3497859957227182,0.0,0.0,0.3300956109666468,0.3477470490938303,0.3556706537645842,0.3488224383613186,0.352513760475203,0.3695104590053045
0.0,0.28383026620778,0.2641311450646492,0.1666176166482094,0.250201492765075,0.2305816336776139,0.2360698471254722,0.3074918618255148,0.2708519373344168,0.242759117491913,0.2562360750817122,0.2260473557247354,0.2295083242888242,0.1735284106307642,0.0,0.259503639371798,0.2564910700508933,0.2482686941541349,0.2675416111424104,0.2519142607820038,0.3152488671704663,0.2856310720229208,0.2880609350800551,0.2158896783759212,0.2668700818179419,0.2615970347349476,0.2868872063054906,0.0,0.220466611731009,0.2298423631369223,0.2602431391096539,0.2588217596817256,0.2284466452683249,0.2656281779956064,0.2519749699635988,0.1529295663261003,0.1704873000116464,0.2102508467087632,0.3473158633375624,0.0,0.3613485430376304,0.0,0.0,0.0,0.0,0.0,0.0,0.2597931113376249,0.0,0.0,0.324387734881527,0.0,0.3498084916152541,0.0,0.0,0.0,0.2777013368148981,0.0,0.0,0.3281769074038778,0.0,0.0,0.0,0.0,0.3402518675013779,0.0,0.0,0.3411966608116107,0.0,0.0,0.0,0.3416078879413157,0.3476770962306471,0.3397995817460658,0.0,0.345527114899454
0.2640397390429463,0.2694166265254144,0.2107629260166388,0.0,0.2640124600128107,0.2096785135715421,0.2718772989141493,0.2697852593481299,0.2300065053944221,0.0,0.0,0.0,0.263980939952845,0.0,0.2653945761093989,0.2578807261165683,0.2018947645511529,0.2448608749058493,0.0,0.2111098855505051,0.2818967898229744,0.2553952266392837,0.2627981393242183,0.0,0.2513766630537574,0.2600709224380141,0.2316453909275056,0.220466611731009,0.0,0.2323141644529179,0.2336294269094843,0.3003143084241564,0.2580142307788946,0.2722164238794854,0.3007105847957997,0.2722464427603914,0.2613261171404957,0.0,0.3417136614229026,0.0,0.3612600463769249,0.3461871698476192,0.3186360805798377,0.0,0.0,0.0,0.2653958004821206,0.0,0.0,0.0,0.3101722394995824,0.0,0.3125774995236036,0.0,0.0,0.0,0.0,0.2872612746990362,0.0,0.3296195853448473,0.0,0.0,0.0,0.0,0.3345139183580424,0.3088885517859097,0.335921317036327,0.3286456782234535,0.0,0.0,0.2941623678722384,0.3295491146315721,0.3350091359238288,0.3314184974202675,0.3260312049104482,0.3443948584197793
0.0,0.0,0.2692237841506132,0.0,0.0,0.2738614487609206,0.0,0.3075133769033198,0.264828811067294,0.0,0.0,0.0,0.2489955282595321,0.0,0.0,0.2530162331552405,0.0,0.0,0.0,0.238447282865445,0.0,0.2739992221557082,0.2853045687389043,0.0,0.0,0.0,0.2831851387331991,0.2298423631369223,0.2323141644529179,0.0,0.2156255976930446,0.3014719013830825,0.0,0.2601561831728828,0.2527151577395874,0.0,0.0,0.0,0.0,0.0,0.0,0.0,0.0,0.0,0.0,0.0,0.0,0.0,0.0,0.0,0.305197939576244,0.0,0.0,0.0,0.0,0.0,0.0,0.0,0.0,0.0,0.0,0.0,0.0,0.0,0.0,0.0,0.0,0.3443914578727499,0.0,0.0,0.0,0.3373993630457155,0.0,0.331384432964239,0.0,0.0
0.2556980727011169,0.2603279696917799,0.2629459469538592,0.2118080338921477,0.2777524871067828,0.2732849643481129,0.2634757757677158,0.3105502980044579,0.2796648974899417,0.2119494703524232,0.2740501712515221,0.2296067409451041,0.2632433208717867,0.2724227969995054,0.2728365603868592,0.2234565022372244,0.2279062732266445,0.2301440969344423,0.2539426819898193,0.2436503983672756,0.2704170502878092,0.2519690885109922,0.2918977470220477,0.2286324212878508,0.2399288266860931,0.2545993597779574,0.2782710032492418,0.2602431391096539,0.2336294269094843,0.2156255976930446,0.0,0.2814342010657183,0.2379156498209896,0.2237028132713378,0.250283054376812,0.2401109954853054,0.2404898485538042,0.2162103201729837,0.3359690895408915,0.2627977490106178,0.2925893023514926,0.0,0.0,0.0,0.0,0.0,0.3003636846661492,0.0,0.0,0.0,0.3342382311057253,0.0,0.3627157872683493,0.0,0.274048020556064,0.0,0.2718693927119336,0.0,0.0,0.3363132321316163,0.2880290463667003,0.2627468524565601,0.2681130618502182,0.0,0.3494355440359366,0.0,0.3253932192701322,0.34299531492588,0.2825033230153647,0.2736977842523084,0.2900907664906451,0.3498948583792667,0.332902108539942,0.3515347215790182,0.0,0.3469315527863203
0.314343494683219,0.3046984654703542,0.2395522096339946,0.2009144557261093,0.2593057229598747,0.2894438175243797,0.257481425273112,0.3049968031560485,0.257933595373354,0.2304921754276241,0.2418524586635238,0.1937562598780824,0.2704596681568371,0.1658461484259434,0.3002027890956308,0.3006886830061827,0.2920013517052,0.2924027213405111,0.2429373510327812,0.3228145058970161,0.3132423413737207,0.3120446653973563,0.2997507069947766,0.2462309354352708,0.287669309367269,0.308906796484338,0.3103651482471186,0.2588217596817256,0.3003143084241564,0.3014719013830825,0.2814342010657183,0.0,0.2691277570253199,0.2626794821576486,0.2880343770838488,0.1988326752026409,0.2155431409256087,0.1850080626772954,0.2796642218687185,0.2632485636661786,0.3277077702636258,0.2911358254944857,0.2423802561933201,0.179230364647749,0.1983978013772413,0.3340950761533874,0.3287360240699715,0.3145440361528348,0.0,0.0,0.3337398090096683,0.2901498395904351,0.347016168200926,0.2339375964768789,0.3013202024881471,0.0,0.2987994912856409,0.3488411149130204,0.0,0.3519274570843667,0.3326659629790877,0.2842608480675893,0.2990895308520082,0.0,0.355550002142626,0.3443477320529908,0.3474194647280403,0.3487065507399675,0.3004972324291122,0.3074880260598204,0.3287104906491073,0.3490019867448826,0.3620258097133744,0.3484500552176746,0.3630380298049205,0.3529336245151839
0.2383498826154053,0.2359552629228999,0.0,0.0,0.0,0.2486873314460669,0.0,0.2851551886693918,0.0,0.2182229500395695,0.0,0.1926014367300854,0.2415258346891662,0.0,0.2532455129914261,0.234538546062011,0.2235844575132351,0.2224539650247214,0.0,0.302565901132852,0.2617369559389676,0.2808198931808118,0.2728904841632241,0.1745233059899499,0.2087464897295285,0.2383509575938734,0.2998511620123825,0.2284466452683249,0.2580142307788946,0.0,0.2379156498209896,0.2691277570253199,0.0,0.1772978015905049,0.2879954845504687,0.1883133028149299,0.2082823977016053,0.158037711946662,0.3138522386750906,0.2436959525215986,0.2838380142749709,0.3398775928644517,0.0,0.0,0.1947271353333634,0.2886391454632538,0.302707367327034,0.0,0.0,0.0,0.0,0.0,0.0,0.0,0.2683199964598993,0.0,0.2621030236447642,0.0,0.0,0.342939686821982,0.2872397896099249,0.260300604014715,0.2457364192895832,0.0,0.3326377204183979,0.320250232558449,0.3350135701497015,0.320103052650963,0.2502259300538436,0.2667187443124981,0.284359982503569,0.3248382978480814,0.0,0.0,0.0,0.2822176694668267
0.2697818581910851,0.2598990666589767,0.2584747057625784,0.1712626373592293,0.2767810797192623,0.2822883804432857,0.2715515131810657,0.3223930489902977,0.2764934360090524,0.2154207886076558,0.2636071127946371,0.202521959418099,0.2770652921173166,0.2585315678044375,0.2797280514133666,0.24374209597993,0.2441954632421363,0.2425479723820253,0.230086368306509,0.2938190413527163,0.2844208897706431,0.285374035276193,0.309948336190833,0.2054591439829777,0.2335502669994306,0.2620699901733235,0.3042970908473059,0.2656281779956064,0.2722164238794854,0.2601561831728828,0.2237028132713378,0.2626794821576486,0.1772978015905049,0.0,0.2056131573347658,0.2054110487475219,0.1950334506533531,0.152856073830403,0.3328066554996359,0.2568141539576393,0.3079547703644404,0.3364963207240929,0.0,0.0,0.0,0.285459330933135,0.3069973032484896,0.0,0.0,0.0,0.3411369089939148,0.0,0.3552665956151737,0.0,0.2761530255478285,0.0,0.2678556613085194,0.297211716013569,0.0,0.3469855532179821,0.2973919195036685,0.2620637815770539,0.2622073375239921,0.0,0.3550557443866307,0.3240679959082244,0.3347912513511855,0.358246830779753,0.2597315571398224,0.2738320621045806,0.2929664874492138,0.3559605656995465,0.3743206474142807,0.3568710242974292,0.0,0.3061685390418841
0.3289273677264827,0.3068774643006329,0.2878082740097627,0.1722685812303286,0.2728474170501019,0.3004653203613894,0.2695052825129058,0.3322128305517151,0.2641147222460954,0.2114611747651877,0.2639037892947976,0.1868855900797658,0.2734807861083588,0.0,0.3149874309986607,0.296741064672631,0.2402036177604542,0.2305422002401336,0.2630120400262897,0.3256458106375835,0.331487799458969,0.3256109879664773,0.3207723996135231,0.211978936410634,0.2429036627867299,0.3017470295476269,0.3217562453280863,0.2519749699635988,0.3007105847957997,0.2527151577395874,0.250283054376812,0.2880343770838488,0.2879954845504687,0.2056131573347658,0.0,0.2177833050322731,0.2311027541357224,0.1777594216425776,0.2337484799640811,0.2251745930022018,0.3146419656658535,0.2886666435432326,0.1864670521524507,0.1844883181964899,0.0,0.3580832134405607,0.3333963003494404,0.0,0.0,0.0,0.0,0.0,0.0,0.0,0.272323801132539,0.0,0.2974026826277913,0.0,0.0,0.3645602693102678,0.3183283838343577,0.0,0.275520178747509,0.0,0.3784164599419067,0.3581276239555236,0.3555222650458115,0.3622883416211714,0.0,0.2826204767960549,0.3262662254693076,0.3644614099632379,0.3308433458061026,0.3423040202865027,0.0,0.0
0.0,0.0,0.2498475230878548,0.1182569984406073,0.1328518976417661,0.261598367419577,0.1721469301150181,0.1896460502979673,0.2441487676278025,0.2071545553282794,0.1852771776169971,0.2183032303476161,0.2099151202224294,0.1294321163069365,0.0,0.0,0.0,0.0,0.2444383746575268,0.3676843465975239,0.0,0.3318929019985644,0.2539110162090965,0.0,0.0,0.0,0.2869909035905107,0.1529295663261003,0.2722464427603914,0.0,0.2401109954853054,0.1988326752026409,0.1883133028149299,0.2054110487475219,0.2177833050322731,0.0,0.1213035496692153,0.1903189983906848,0.158922142431401,0.0,0.0,0.0,0.2264773757363511,0.0,0.0,0.0,0.0,0.2976616452304137,0.0,0.0,0.2475894493370877,0.2502891921159498,0.2730033456225417,0.0,0.0,0.2882422351266074,0.0,0.244222655672048,0.3013470450511333,0.0,0.0,0.0,0.0,0.0,0.0,0.0,0.0,0.3019872228145114,0.0,0.0,0.0,0.2924105940268345,0.2518505548586214,0.0,0.0,0.0
0.0,0.0,0.2367219455984968,0.1274259090885981,0.203456594231554,0.2742955899776315,0.2034487069923528,0.3046699061954234,0.2316242010042845,0.1794235700264314,0.2276576094092373,0.2090142771930948,0.2480839998682571,0.1056425209538604,0.0,0.0,0.0,0.0,0.2255811436816835,0.0,0.0,0.0,0.2807074248614283,0.2138408964174986,0.0,0.0,0.2937293786171701,0.1704873000116464,0.2613261171404957,0.0,0.2404898485538042,0.2155431409256087,0.2082823977016053,0.1950334506533531,0.2311027541357224,0.1213035496692153,0.0,0.1983378921681499,0.1773173317117609,0.176789102981079,0.0,0.2120861092557961,0.0,0.0,0.0,0.0,0.0,0.0,0.0,0.0,0.0,0.0,0.0,0.0,0.0,0.0,0.0,0.0,0.0,0.0,0.0,0.0,0.0,0.0,0.0,0.0,0.0,0.0,0.0,0.0,0.0,0.0,0.0,0.0,0.0,0.0
0.2825220453844092,0.0,0.0,0.0,0.0,0.0,0.241532752008946,0.0,0.1973972550856262,0.1858491691106698,0.2155450700455124,0.1586342499501897,0.2317030300430752,0.0,0.0,0.0,0.2262525561736928,0.0,0.0,0.0,0.0,0.0,0.0,0.1748484574711303,0.2245153802884165,0.1969726324147174,0.0,0.2102508467087632,0.0,0.0,0.2162103201729837,0.1850080626772954,0.158037711946662,0.152856073830403,0.1777594216425776,0.1903189983906848,0.1983378921681499,0.0,0.0,0.1834088789233804,0.2088982982655853,0.0,0.0,0.0,0.0,0.0,0.0,0.0,0.0,0.0,0.0,0.0,0.0,0.0,0.260558838929846,0.0,0.2237877947874211,0.0,0.0,0.0,0.0,0.0,0.0,0.0,0.0,0.0,0.0,0.0,0.2067251454482465,0.0,0.0,0.0,0.0,0.0,0.0,0.0
0.3182265593833021,0.3120778072096707,0.3162238781349685,0.0,0.2732766242185218,0.3261649802580011,0.0,0.3285342622123177,0.3096499553403252,0.2697208709113336,0.2922789137878768,0.2704047061889047,0.346306651016746,0.0,0.3454032258427755,0.2975243531443696,0.2745254718895899,0.2869180846387456,0.3087892897944665,0.3568487782207895,0.3444754931748924,0.3364587912337193,0.3476998816009823,0.2926431836955109,0.2916196874305922,0.3182161942097736,0.358647547541309,0.3473158633375624,0.3417136614229026,0.0,0.3359690895408915,0.2796642218687185,0.3138522386750906,0.3328066554996359,0.2337484799640811,0.158922142431401,0.1773173317117609,0.0,0.0,0.2287504345692212,0.3056101830918691,0.2805893785166543,0.1769219573001121,0.2057235319677002,0.1838419686453023,0.2916181991016988,0.2935388941348972,0.2468268798798195,0.1984014979345625,0.2502196925755515,0.2791759906781066,0.2370128807032245,0.2858952221416672,0.2503635407439295,0.2684300676253001,0.2410511559682874,0.2125686108167405,0.252439684004163,0.1602943017567546,0.3160226047314196,0.3047155965387317,0.27600198560898,0.2818181428096371,0.2470163889887178,0.324276690923485,0.3103952820384495,0.3294989719338525,0.2853140294406422,0.2623173225209621,0.2772989119109095,0.2924485387665332,0.2862867387534963,0.2452409224961154,0.2912107210071536,0.0,0.2934418047729415
0.2747486592720618,0.2835630289552884,0.0,0.0,0.0,0.0,0.0,0.0,0.0,0.2324833725054996,0.0,0.2351988861972869,0.0,0.0,0.3320992131223563,0.2549613664870959,0.2453853273336785,0.2495563834070764,0.0,0.3152364851711903,0.3198647736845048,0.318555444616036,0.3351853476327981,0.228910191459209,0.2527177670709205,0.2774962695230327,0.3150162118796388,0.0,0.0,0.0,0.2627977490106178,0.2632485636661786,0.2436959525215986,0.2568141539576393,0.2251745930022018,0.0,0.176789102981079,0.1834088789233804,0.2287504345692212,0.0,0.1719169660391188,0.2678140014145274,0.1804278226641405,0.1876276510960566,0.1503311490452547,0.2131157871624109,0.244278454338866,0.0,0.0,0.0,0.2644939954674757,0.233776450587363,0.2724713303283557,0.2183568107948501,0.2088120116484787,0.253826238422257,0.1867490213893961,0.2509063140020363,0.0,0.2731502153333698,0.2659630474646775,0.2048104501920588,0.2171806310939765,0.0,0.2866283103742878,0.2628588840334432,0.3032524820312238,0.2736508320678277,0.1841921800680163,0.1941578685956037,0.2065555918518737,0.2719187211646368,0.2331235226431583,0.0,0.0,0.2393739663490733
0.2982763132978899,0.3044491937710276,0.0,0.0,0.0,0.3327178318740139,0.0,0.3564183825135403,0.0,0.2481812130087614,0.0,0.2514863467130361,0.3226159109885969,0.0,0.3567388263235254,0.2779547136858831,0.2448721558666048,0.2647197095114607,0.0,0.4152045586846516,0.3530780426551791,0.3362021323983836,0.3612594476441918,0.2588336766654783,0.2714788427737196,0.3069849321110087,0.3789116972331206,0.3613485430376304,0.3612600463769249,0.0,0.2925893023514926,0.3277077702636258,0.2838380142749709,0.3079547703644404,0.3146419656658535,0.0,0.0,0.2088982982655853,0.3056101830918691,0.1719169660391188,0.0,0.3316183971337809,0.2834774909465139,0.230458697752459,0.1573586589201689,0.2559673824936964,0.2584524964445389,0.2708101259479631,0.197009350995756,0.2610760851489583,0.2855232123749527,0.2463145611428321,0.3226831502366056,0.2620046500225922,0.22216788326343,0.2491443628694376,0.206359135006783,0.2673518394681928,0.2579318416672048,0.3205575083842483,0.272191018062602,0.2254596228780342,0.2265807501438346,0.2693789710533853,0.3050543978268419,0.3235178226200135,0.3192970978766516,0.3038130715911201,0.2086188862272542,0.2271106091956581,0.2571622854876624,0.2985611624978873,0.2594753297457293,0.2739254742031423,0.0,0.2156770442802161
