0.0,0.3715009905441508,0.0,0.0,0.0,0.3565204131664085,0.0,0.4747958199895319,0.0,0.2798528229691731,0.0,0.3344566058812017,0.0,0.0,0.4071667438477471,0.3988680606332996,0.0,0.3713272209236396,0.0,0.4163888374237501,0.3770788304131612,0.3924964404995451,0.44938488626059,0.3660745308508384,0.3691793193408945,0.3505940365591117,0.4523476568616392,0.4013092128139835,0.4141404495497222,0.0,0.3485922838465217,0.4022361145045797,0.3666259297402555,0.3506274414012041,0.4090022969377018,0.0,0.0,0.0,0.4226927184761866,0.3856049495530928,0.3928915348123817,0.0,0.0,0.0,0.0,0.2613920939992176,0.4458767185776053,0.0,0.0,0.0,0.0,0.0,0.0,0.0,0.0,0.0,0.0,0.0,0.0,0.0,0.4437437214549262,0.0,0.4306672187584102,0.0,0.0,0.274530297808513,0.4447091628522099,0.0,0.4129479416280129,0.4163099762990303,0.4195368317393765,0.0,0.0,0.0,0.0,0.0
0.3715009905441508,0.0,0.0,0.0,0.0,0.3830176674997346,0.3670320099438912,0.4359527646841239,0.3489696501757856,0.0,0.0,0.0,0.3822630303001051,0.0,0.4202203387003857,0.4122509336134659,0.0,0.3829505835449516,0.0,0.4108762310368951,0.3801482644267816,0.4058047062992748,0.4228738760219676,0.0,0.3730267545125972,0.3944037595668922,0.4192544926770725,0.3856097203252735,0.3953492451602363,0.0,0.3663309561032163,0.4024771533891823,0.3222428706117077,0.3665984216124616,0.4306997248986247,0.0,0.0,0.0,0.4540262511330186,0.4333405934878561,0.4424690115510227,0.4750987193882596,0.0,0.0,0.0,0.3976898953327027,0.4626726009608581,0.0,0.0,0.0,0.0,0.0,0.0,0.0,0.0,0.0,0.0,0.0,0.0,0.4959799728020534,0.452907035453685,0.0,0.4502667627183301,0.0,0.4500994708096526,0.4542914531910417,0.4782275838636777,0.413857288952017,0.0,0.4427256783007948,0.4760879852914048,0.4752841733686225,0.0,0.4498642136320446,0.0,0.4303371292076812
0.0,0.0,0.0,0.0,0.3895939149915143,0.3248295601565037,0.4227088792345466,0.4861810513962486,0.2777818133573407,0.3918615593794547,0.3401214902179182,0.0,0.4278579488251754,0.4395315398919618,0.0,0.0,0.0,0.0,0.2453909198705431,0.0,0.0,0.0,0.3009817544816929,0.0,0.0,0.0,0.2994494851735657,0.4347544955579813,0.0,0.4147755196123418,0.448962453116257,0.4704795135070734,0.0,0.4333752324152787,0.4499147754081509,0.4328083254391126,0.4011085547128374,0.0,0.5652266701166404,0.0,0.0,0.0,0.526300959704302,0.0,0.0,0.0,0.0,0.3180451547391363,0.0,0.5383922216262282,0.5631907654815093,0.0,0.6108002457132546,0.5888126415322473,0.0,0.4188048635001738,0.0,0.0,0.5411303103856554,0.0,0.0,0.0,0.0,0.3615783835850643,0.0,0.0,0.0,0.452386504925766,0.0,0.0,0.0,0.5416615658426815,0.0,0.0,0.0,0.0
0.0,0.0,0.0,0.0,0.2067961901411247,0.3826816807272596,0.2263168613191249,0.311129552974525,0.3897526030746705,0.276430049964284,0.3540234044539687,0.0,0.269471125769367,0.2644154443360383,0.0,0.0,0.0,0.0,0.3988756722891719,0.0,0.0,0.0,0.3855641257469044,0.0,0.0,0.0,0.3877510739309264,0.2258603938901498,0.0,0.0,0.0,0.2730916960232545,0.0,0.2643846322715245,0.3142108381983728,0.2000141888547373,0.1655057275472188,0.0,0.0,0.0,0.0,0.0,0.0,0.0,0.0,0.0,0.0,0.0,0.0,0.0,0.0,0.0,0.0,0.0,0.0,0.0,0.0,0.0,0.0,0.0,0.0,0.0,0.0,0.0,0.0,0.0,0.0,0.0,0.0,0.0,0.0,0.0,0.0,0.0,0.0,0.0
0.0,0.0,0.3895939149915143,0.2067961901411247,0.0,0.3971761638715173,0.331949207267357,0.4048076099731851,0.3630900244027861,0.3781020268323246,0.3546723195103607,0.3655385190622332,0.3699040403647697,0.2755959741442202,0.0,0.0,0.0,0.0,0.4066544540386178,0.0,0.0,0.0,0.3717888950217459,0.0,0.3476780994635332,0.0,0.4021086978806057,0.3510364751324574,0.0,0.0,0.4403609609464297,0.3659944251727345,0.3901976173564021,0.4259356568159114,0.3527273722705621,0.2309552400265201,0.2648913814920164,0.3543791929761634,0.0,0.0,0.0,0.0,0.4452188325476199,0.0,0.0,0.0,0.0,0.5367296761671383,0.0,0.0,0.0,0.0,0.5101391968890127,0.4915629158023507,0.0,0.5076044750500665,0.0,0.0,0.0,0.0,0.0,0.0,0.0,0.0,0.0,0.0,0.0,0.5339657137400513,0.0,0.0,0.0,0.5054690806075494,0.0,0.0,0.0,0.0
0.3565204131664085,0.3830176674997346,0.3248295601565037,0.3826816807272596,0.3971761638715173,0.0,0.3909297167816947,0.414262621446425,0.3590867699990958,0.3600739422407464,0.3961102476681742,0.0,0.3661418136720819,0.4036717570736401,0.4124599341905716,0.437838951857063,0.0,0.3896992748194463,0.3595381028929539,0.3972618665747823,0.3937103846668549,0.4192767772864298,0.3814359510079727,0.0,0.3757319049810777,0.3910354845936607,0.3341812290903457,0.3725999600784392,0.3697042827820429,0.4008058923639708,0.4099658598284166,0.3949735120311712,0.3794983643306797,0.4127668981311927,0.4309577804421327,0.3755803862867959,0.4035359597477282,0.0,0.5142198197352394,0.0,0.5085432639271867,0.3958060570021729,0.451158244945926,0.0,0.0,0.0,0.0,0.5596863621742306,0.0,0.0,0.5266516933267603,0.5385457114370429,0.5248664719913754,0.5569437124418962,0.0,0.5288349800280621,0.0,0.5429960952731759,0.0,0.4680464246688274,0.0,0.0,0.0,0.5574323093005993,0.4669121724685479,0.4151795952217925,0.4490195772068548,0.5275885838510128,0.0,0.0,0.0,0.5221767632546983,0.5290556893266433,0.4965134205065899,0.0,0.527561564722283
0.0,0.3670320099438912,0.4227088792345466,0.2263168613191249,0.331949207267357,0.3909297167816947,0.0,0.4220735551461442,0.4082119572550815,0.3329728120738884,0.4410319492494476,0.3725891256434729,0.350508420794074,0.3373767885086874,0.0,0.4948117430635372,0.4119762723795259,0.4273793717456142,0.4442300071925386,0.4291538102652972,0.0,0.4654446784872392,0.4068427461798338,0.402466113193878,0.4093430461211013,0.399363641050027,0.4083872259668435,0.3681646917003517,0.4115410714503627,0.0,0.4286281087523039,0.3752226790467816,0.4317032805402404,0.4273308259506018,0.4349574875581584,0.264217481529699,0.2352446488417627,0.3542099960364693,0.0,0.0,0.0,0.0,0.0,0.0,0.0,0.0,0.0,0.0,0.0,0.0,0.4989513294326641,0.0,0.0,0.0,0.0,0.0,0.0,0.0,0.0,0.0,0.0,0.0,0.0,0.0,0.0,0.0,0.0,0.5178433312233357,0.0,0.0,0.0,0.5151097552125598,0.0,0.0,0.0,0.0
0.4747958199895319,0.4359527646841239,0.4861810513962486,0.311129552974525,0.4048076099731851,0.414262621446425,0.4220735551461442,0.0,0.4987642146342699,0.3950282436748585,0.4071305390296326,0.0,0.4199955002824374,0.3593609329615692,0.0,0.4411299023806038,0.0,0.4488842801771566,0.5161779617156091,0.0,0.3564980218273505,0.4497091606307633,0.3459948816696593,0.4999575420866496,0.455517497867787,0.4572443791998181,0.4415109047718285,0.4217389162914624,0.3717447770680416,0.4154755304774097,0.4412826222022409,0.3822921032809926,0.4343795008697419,0.4442994699667321,0.4530968648549583,0.3008855555737017,0.3897457516263456,0.0,0.4968582885127715,0.0,0.5045825235372051,0.0,0.4542315796843947,0.0,0.0,0.0,0.0,0.5727462365157874,0.0,0.0,0.5188024591179946,0.5353348134152472,0.5122612949855766,0.5727865713204812,0.0,0.5339783899842,0.0,0.5275143783119615,0.5379963815417921,0.0,0.0,0.0,0.0,0.5506557340815095,0.4809156883211742,0.4764152879758628,0.0,0.5044122293169967,0.0,0.0,0.0,0.5405416269263599,0.5029960235328257,0.5061497648581825,0.0,0.5141376188813936
0.0,0.3489696501757856,0.2777818133573407,0.3897526030746705,0.3630900244027861,0.3590867699990958,0.4082119572550815,0.4987642146342699,0.0,0.4347052348621442,0.3494768569859531,0.3814108947946931,0.3854826708703723,0.4183701181040489,0.0,0.4164791813268786,0.0,0.0,0.2658047250659631,0.3943209983093655,0.0,0.4090336430336235,0.3885882175223814,0.0,0.0,0.0,0.3343206422397196,0.4347996391793398,0.3790394015545494,0.4061293062000791,0.4498741974456464,0.4307521608085205,0.3835174781363273,0.4467396528770993,0.4389300433666737,0.4080089177707524,0.4271972118082376,0.3826347881646521,0.558027056783894,0.0,0.0,0.0,0.5044116173246062,0.0,0.0,0.0,0.0,0.5575296010721436,0.0,0.0,0.551431950630821,0.0,0.5594287298395992,0.5711652063595698,0.0,0.5523712962682775,0.0,0.0,0.4806651179174475,0.0,0.0,0.0,0.0,0.5670852189866543,0.0,0.0,0.0,0.5536727111682774,0.0,0.0,0.0,0.5512987190753268,0.0,0.0,0.0,0.0
0.2798528229691731,0.0,0.3918615593794547,0.276430049964284,0.3781020268323246,0.3600739422407464,0.3329728120738884,0.3950282436748585,0.4347052348621442,0.0,0.4433026773576012,0.2938723434718328,0.3745600535743074,0.0,0.0,0.348234143578871,0.323984154427517,0.3802365331545243,0.4363292152602288,0.0,0.0,0.3396903386080323,0.4101848174929379,0.3014602607056903,0.2882080791350463,0.3029490856484251,0.3934228835567719,0.3507026199957854,0.0,0.0,0.3026356310270938,0.3079611516564887,0.2674146185406656,0.2963636285732696,0.2584299885938688,0.3262616848050833,0.2457222247901895,0.2430042096828774,0.2644752888614647,0.3360803068509561,0.3457882964506051,0.0,0.0,0.0,0.3050149212234761,0.0,0.0,0.0,0.0,0.0,0.0,0.0,0.0,0.0,0.444314676391484,0.0,0.4569094924869271,0.0,0.0,0.0,0.0,0.4428845829658187,0.3693328537045431,0.0,0.0,0.0,0.0,0.0,0.4736538626840366,0.4373476443217096,0.4566041528923568,0.0,0.0,0.0,0.0,0.4055103559508831
0.0,0.0,0.3401214902179182,0.3540234044539687,0.3546723195103607,0.3961102476681742,0.4410319492494476,0.4071305390296326,0.3494768569859531,0.4433026773576012,0.0,0.4063116880541051,0.4568867670463863,0.2793227905261237,0.0,0.0,0.0,0.0,0.3009860424591107,0.0,0.0,0.0,0.3010482901800707,0.0,0.0,0.0,0.3878585764726759,0.4465000835483378,0.0,0.0,0.4716576583819624,0.4157921419200184,0.359140383501632,0.4649067393223851,0.4369687839753868,0.3860998554081393,0.4467427776657975,0.4116419245770215,0.5243981127366114,0.0,0.0,0.0,0.4739187344125415,0.0,0.0,0.0,0.0,0.5819613234329039,0.0,0.3691225505477105,0.5535147650400403,0.4956479213195238,0.5528946155222092,0.5859119346996313,0.0,0.3117540497096013,0.0,0.4902814692223173,0.4664057021457999,0.0,0.0,0.0,0.0,0.2912539853045716,0.0,0.0,0.0,0.5697977253981931,0.0,0.0,0.0,0.5846756821903112,0.0,0.0,0.0,0.0
0.3344566058812017,0.0,0.0,0.0,0.3655385190622332,0.0,0.3725891256434729,0.0,0.3814108947946931,0.2938723434718328,0.4063116880541051,0.0,0.3365792677458304,0.0,0.0,0.0,0.3740888602455786,0.3648866178567963,0.0,0.0,0.0,0.0,0.0,0.3060892931482867,0.3045417427924271,0.2780545956428598,0.0,0.3481897271412097,0.0,0.0,0.3189757780315946,0.2595137339964524,0.2528493991838761,0.2503184636142639,0.2529575075249728,0.3228194469810537,0.249812806469456,0.228347199309614,0.2705079845411404,0.3666183769916606,0.3610204422539385,0.0,0.0,0.0,0.3251989197473216,0.0,0.0,0.0,0.0,0.0,0.0,0.0,0.0,0.0,0.4528727797728786,0.0,0.4069321494019883,0.0,0.0,0.0,0.0,0.4680567760655841,0.406377007469055,0.0,0.0,0.0,0.0,0.0,0.4509325665393823,0.4484791375008415,0.4464389694327789,0.0,0.0,0.0,0.0,0.4226919897560546
0.0,0.3822630303001051,0.4278579488251754,0.269471125769367,0.3699040403647697,0.3661418136720819,0.350508420794074,0.4199955002824374,0.3854826708703723,0.3745600535743074,0.4568867670463863,0.3365792677458304,0.0,0.4029670338072203,0.4305470258314897,0.4721311217404629,0.3927355499025101,0.4388831041772056,0.4512190486998478,0.4144486013081884,0.4250753053040976,0.4623159590746627,0.4110330983339962,0.3004688453697732,0.4159496320390135,0.4035950306399963,0.4091172256270211,0.3264612809736074,0.3816450004103583,0.3297017861269224,0.4088611535191229,0.3740068361434586,0.3551568320190407,0.3994541338757424,0.4056536551126273,0.2993320257772083,0.2829347676357758,0.3440120396743339,0.4632562195331995,0.0,0.0,0.0,0.4074157828386296,0.0,0.0,0.0,0.0,0.5106393308477588,0.0,0.0,0.5540540761132022,0.0,0.4925249778408788,0.0,0.0,0.0,0.0,0.0,0.0,0.0,0.0,0.0,0.0,0.0,0.0,0.0,0.0,0.5178217036158569,0.0,0.0,0.0,0.5231805812052919,0.0,0.4847046179583525,0.0,0.0
0.0,0.0,0.4395315398919618,0.2644154443360383,0.2755959741442202,0.4036717570736401,0.3373767885086874,0.3593609329615692,0.4183701181040489,0.0,0.2793227905261237,0.0,0.4029670338072203,0.0,0.0,0.0,0.0,0.0,0.414518174235913,0.0,0.4317415562003496,0.0,0.3776102715010032,0.0,0.0,0.0,0.4158269495333954,0.403506383983497,0.0,0.0,0.0,0.3367273490506595,0.0,0.0,0.0,0.2596483050105887,0.1665239728620905,0.0,0.0,0.0,0.0,0.0,0.0,0.0,0.0,0.0,0.0,0.5120928872745905,0.0,0.0,0.0,0.0,0.0,0.5297419369796552,0.0,0.5087390968308325,0.0,0.0,0.0,0.0,0.0,0.0,0.0,0.0,0.0,0.0,0.0,0.0,0.0,0.0,0.0,0.0,0.0,0.0,0.0,0.0
0.4071667438477471,0.4202203387003857,0.0,0.0,0.0,0.4124599341905716,0.0,0.0,0.0,0.0,0.0,0.0,0.4305470258314897,0.0,0.0,0.4333282347244969,0.0,0.4243904732855099,0.0,0.3760464544086032,0.4052153985838036,0.4240282651085738,0.3665309980545439,0.4765376700290015,0.4021983336595781,0.4398293832762962,0.3976169020456902,0.4289203543688554,0.4147290220073856,0.0,0.42509080126929,0.4547353802381286,0.4252631403706148,0.4600230573815727,0.5011467940981329,0.0,0.0,0.0,0.5094514754379915,0.4824182825683906,0.526113648818104,0.5347473394807788,0.0,0.0,0.0,0.0,0.5098999901335511,0.0,0.0,0.0,0.4762790200110359,0.0,0.5209733708990687,0.0,0.0,0.0,0.0,0.0,0.0,0.5269472069516896,0.4844881333894029,0.0,0.0,0.0,0.5133701906015555,0.4764107847836036,0.5247654384326071,0.4995175842037802,0.0,0.0,0.5419748673151484,0.5089057252773835,0.4951324817406077,0.5079226302595304,0.0,0.5286777120983355
0.3988680606332996,0.4122509336134659,0.0,0.0,0.0,0.437838951857063,0.4948117430635372,0.4411299023806038,0.4164791813268786,0.348234143578871,0.0,0.0,0.4721311217404629,0.0,0.4333282347244969,0.0,0.3818392774070582,0.3619803468780735,0.0,0.454416749601942,0.4084973966117809,0.433775287205285,0.4295334287982093,0.3168247557181108,0.3537638137453859,0.4143403431818459,0.4525370421315897,0.4919919526907224,0.4602765657121794,0.4450369801912693,0.3596583326615815,0.4269001844757135,0.3863841929507253,0.3926320706840079,0.4153774888488377,0.0,0.0,0.0,0.4491920751980412,0.4125338799867016,0.4381857992371252,0.46305167475088,0.0,0.0,0.0,0.4235741500768455,0.4674284080132255,0.0,0.0,0.0,0.0,0.0,0.0,0.0,0.0,0.0,0.0,0.0,0.0,0.4909626786684257,0.4525769292676751,0.0,0.4226686831109772,0.0,0.4553207140242702,0.4420694334521006,0.4785488175115149,0.0,0.0,0.4339175934525086,0.4660576398124377,0.0,0.0,0.0,0.0,0.4239366746402964
0.0,0.0,0.0,0.0,0.0,0.0,0.4119762723795259,0.0,0.0,0.323984154427517,0.0,0.3740888602455786,0.3927355499025101,0.0,0.0,0.3818392774070582,0.0,0.3451697845391161,0.0,0.3900952667205975,0.0,0.4018828877602096,0.0,0.3741259920713679,0.3488111055651477,0.3513597363526358,0.0,0.4193544692549701,0.0,0.0,0.3555462127657816,0.4087937619605218,0.3394373684173287,0.3688829639397595,0.364240201882845,0.0,0.0,0.3426459496982539,0.0,0.3764274515045063,0.3961461465542554,0.0,0.0,0.0,0.0,0.0,0.0,0.0,0.0,0.0,0.0,0.0,0.0,0.0,0.456451889836068,0.0,0.4713375621957174,0.0,0.0,0.0,0.0,0.4302311382468803,0.4151031140881802,0.0,0.0,0.0,0.0,0.0,0.4567979999893124,0.4425187418513507,0.4599517293647107,0.0,0.0,0.0,0.0,0.0
0.3713272209236396,0.3829505835449516,0.0,0.0,0.0,0.3896992748194463,0.4273793717456142,0.4488842801771566,0.0,0.3802365331545243,0.0,0.3648866178567963,0.4388831041772056,0.0,0.4243904732855099,0.3619803468780735,0.3451697845391161,0.0,0.0,0.4283058132943957,0.409582030915026,0.4121165323314383,0.4305707617258471,0.3460083354574883,0.3489605077815145,0.3522695443783351,0.4201013792601606,0.4480553792835325,0.4248241496584351,0.0,0.3710264710164963,0.3899935783702737,0.3204319127420202,0.3748545159174928,0.3715906291649865,0.0,0.0,0.0,0.4235152634800027,0.3828158172196964,0.4133343683868793,0.4329748353637705,0.0,0.0,0.0,0.4091110454229191,0.4493576064697431,0.0,0.0,0.0,0.0,0.0,0.0,0.0,0.4400567999242222,0.0,0.4530077461954616,0.0,0.0,0.0,0.4252034551596813,0.4305107036001252,0.4230623097723368,0.0,0.0,0.0,0.4376928939508063,0.0,0.4420194300523487,0.4344117446267238,0.4441315533225868,0.0,0.0,0.0,0.0,0.4175178585940793
0.0,0.0,0.2453909198705431,0.3988756722891719,0.4066544540386178,0.3595381028929539,0.4442300071925386,0.5161779617156091,0.2658047250659631,0.4363292152602288,0.3009860424591107,0.0,0.4512190486998478,0.414518174235913,0.0,0.0,0.0,0.0,0.0,0.0,0.0,0.0,0.267952241769009,0.0,0.0,0.0,0.3273980386155251,0.4407712750482325,0.0,0.0,0.4603172096511616,0.4607112381670458,0.0,0.46292475597348,0.4813542489304924,0.4260204441725262,0.4219132800468482,0.0,0.5408089709039946,0.0,0.0,0.0,0.5097189874543004,0.0,0.0,0.0,0.0,0.4284646302553477,0.0,0.0,0.5618658896332565,0.0,0.5917437092152436,0.5827528391411083,0.0,0.5799650510525814,0.0,0.0,0.5437891590823734,0.0,0.0,0.0,0.0,0.5785900022213648,0.0,0.0,0.0,0.5713934942894583,0.0,0.0,0.0,0.5780528801720878,0.0,0.0,0.0,0.0
0.4163888374237501,0.4108762310368951,0.0,0.0,0.0,0.3972618665747823,0.4291538102652972,0.0,0.3943209983093655,0.0,0.0,0.0,0.4144486013081884,0.0,0.3760464544086032,0.454416749601942,0.3900952667205975,0.4283058132943957,0.0,0.0,0.4333053185811456,0.394404311371877,0.3008244465188704,0.0,0.426686565951596,0.4410895985165804,0.3361823307973325,0.369143618195406,0.327763197381653,0.3330340558254266,0.3977365381273356,0.4553715665630806,0.4257716620509154,0.4512568235319775,0.4938711999648476,0.0,0.4444208211761271,0.0,0.5077228968738849,0.481856931485243,0.5525071029687781,0.4957850686654481,0.0,0.0,0.0,0.0,0.438365124909873,0.0,0.0,0.0,0.4734148793193024,0.0,0.5068266879783893,0.0,0.0,0.0,0.0,0.0,0.0,0.5453626316034764,0.0,0.0,0.0,0.0,0.5081362152700032,0.4931208554784147,0.5146550730745559,0.5139512876483181,0.0,0.0,0.471008770250846,0.5047659432707005,0.5095458776610436,0.5395237611051144,0.0,0.506786092632244
0.3770788304131612,0.3801482644267816,0.0,0.0,0.0,0.3937103846668549,0.0,0.3564980218273505,0.0,0.0,0.0,0.0,0.4250753053040976,0.4317415562003496,0.4052153985838036,0.4084973966117809,0.0,0.409582030915026,0.0,0.4333053185811456,0.0,0.4249272030387426,0.3653933222361716,0.4595439756130529,0.3960530736164659,0.395929078464213,0.4034861566657182,0.4387120719681621,0.4040200003057803,0.4237461175534593,0.4031528322584728,0.4204044525684045,0.329020476059107,0.413386767422541,0.4726550267694023,0.3751608013183084,0.0,0.0,0.4558416028915142,0.36256532849082,0.4532786745824286,0.4967024599011113,0.0,0.0,0.0,0.3240805241200784,0.492177788706339,0.0,0.0,0.0,0.4596675874726346,0.0,0.4167240235612328,0.0,0.0,0.0,0.0,0.0,0.0,0.4504917387206753,0.4609985187867376,0.0,0.0,0.0,0.4924241344299181,0.2913350889285148,0.4884220332583747,0.445513329059973,0.0,0.3837878371764906,0.475517891616103,0.4825148335759225,0.4835062598408534,0.4805677500171962,0.0,0.4754981212478236
0.3924964404995451,0.4058047062992748,0.0,0.0,0.0,0.4192767772864298,0.4654446784872392,0.4497091606307633,0.4090336430336235,0.3396903386080323,0.0,0.0,0.4623159590746627,0.0,0.4240282651085738,0.433775287205285,0.4018828877602096,0.4121165323314383,0.0,0.394404311371877,0.4249272030387426,0.0,0.4381865824050792,0.0,0.4119509310256444,0.4244813413730179,0.4480691921666256,0.4286537458645101,0.4362413379400336,0.2776765273992909,0.3915469780460504,0.457252004325549,0.392041825392596,0.4344854057243602,0.4898390185936086,0.525540234594369,0.0,0.0,0.4863007021234869,0.4710167382815879,0.4745083065914621,0.5176030306495211,0.0,0.0,0.0,0.4084065770516375,0.4849198277697764,0.0,0.0,0.0,0.4453978602067359,0.0,0.0,0.0,0.0,0.0,0.0,0.0,0.0,0.5254190028724217,0.4685984127945666,0.0,0.3972859571787266,0.0,0.5148062652680753,0.4861791400106419,0.5041585933957078,0.4922195618338379,0.0,0.4356826507939977,0.502863161159791,0.5318169483650971,0.0,0.5151075238490158,0.0,0.4637374986832621
0.44938488626059,0.4228738760219676,0.3009817544816929,0.3855641257469044,0.3717888950217459,0.3814359510079727,0.4068427461798338,0.3459948816696593,0.3885882175223814,0.4101848174929379,0.3010482901800707,0.0,0.4110330983339962,0.3776102715010032,0.3665309980545439,0.4295334287982093,0.0,0.4305707617258471,0.267952241769009,0.3008244465188704,0.3653933222361716,0.4381865824050792,0.0,0.4974889903732737,0.4102655996939512,0.4293880397331321,0.3311296593970738,0.4219912570865557,0.3936126743595876,0.4240843618251648,0.4249072531162467,0.4090340788949737,0.3938749641912868,0.4367510791612591,0.4686333202689279,0.3662990361470324,0.4069761504880587,0.0,0.5288960747677157,0.0,0.5346287730088287,0.5396174122661077,0.4780042050639875,0.0,0.0,0.0,0.4362603896803132,0.5185745559542883,0.0,0.574494093682437,0.5303204089293055,0.5447143716363007,0.5251786547551541,0.5624771879580633,0.0,0.5587688301171869,0.0,0.5374397904372543,0.5060656200684184,0.5086916910511592,0.0,0.0,0.0,0.5452984289422476,0.5097964408592864,0.4994478689078511,0.5238662080144902,0.5297970263965807,0.0,0.0,0.4729340750641448,0.5303952785697469,0.5260480778189662,0.5227521362943373,0.5303671051646444,0.538123454885497
0.3660745308508384,0.0,0.0,0.0,0.0,0.0,0.402466113193878,0.4999575420866496,0.0,0.3014602607056903,0.0,0.3060892931482867,0.3004688453697732,0.0,0.4765376700290015,0.3168247557181108,0.3741259920713679,0.3460083354574883,0.0,0.0,0.4595439756130529,0.0,0.4974889903732737,0.0,0.3334083794675038,0.3101562414903031,0.348276016018793,0.3095528958891186,0.0,0.0,0.3222621357511824,0.2428669413031839,0.232730676504571,0.235247085173744,0.2538418774515814,0.380503807031591,0.0,0.2464272874824949,0.2853361521019114,0.3212838702065198,0.3765509482803998,0.0,0.0,0.0,0.2929195200125937,0.2962416813402732,0.0,0.0,0.0,0.0,0.0,0.0,0.0,0.0,0.429699538201771,0.0,0.4406422862649872,0.0,0.0,0.0,0.4332819876928485,0.4405529157067436,0.4447903749717654,0.0,0.0,0.0,0.0,0.0,0.3816948324741332,0.4391513331461188,0.4398244510996723,0.0,0.0,0.0,0.0,0.4256594075478678
0.3691793193408945,0.3730267545125972,0.0,0.0,0.3476780994635332,0.3757319049810777,0.4093430461211013,0.455517497867787,0.0,0.2882080791350463,0.0,0.3045417427924271,0.4159496320390135,0.0,0.4021983336595781,0.3537638137453859,0.3488111055651477,0.3489605077815145,0.0,0.426686565951596,0.3960530736164659,0.4119509310256444,0.4102655996939512,0.3334083794675038,0.0,0.3440931426915728,0.4007630081411333,0.4265730726203297,0.4287200280154749,0.0,0.3557538278534103,0.3759186008056138,0.3004147703659283,0.3465575579203316,0.3612989937046552,0.0,0.0,0.3285458967681485,0.4303543258769732,0.3953766743700468,0.418890260735115,0.4294238890822852,0.0,0.0,0.0,0.4009325080055033,0.4501622394655361,0.0,0.0,0.0,0.0,0.0,0.0,0.0,0.4594478261467626,0.0,0.4614171033954954,0.0,0.0,0.0,0.4372651626374419,0.4421797851848872,0.4272353323774546,0.0,0.4048180670438638,0.3795011993426435,0.4896278186245293,0.0,0.4228855785993648,0.4341019794222896,0.4423642525363908,0.0,0.0,0.0,0.0,0.4244685097466268
0.3505940365591117,0.3944037595668922,0.0,0.0,0.0,0.3910354845936607,0.399363641050027,0.4572443791998181,0.0,0.3029490856484251,0.0,0.2780545956428598,0.4035950306399963,0.0,0.4398293832762962,0.4143403431818459,0.3513597363526358,0.3522695443783351,0.0,0.4410895985165804,0.395929078464213,0.4244813413730179,0.4293880397331321,0.3101562414903031,0.3440931426915728,0.0,0.4449178459799703,0.3975920998498274,0.4094415650495032,0.0,0.359541596432577,0.4136279087396275,0.3409094161703366,0.3791239093640794,0.4392227642060203,0.4346227683044181,0.0,0.3072891456595978,0.4647922613725531,0.4225003327383188,0.4498017368346199,0.4692698245556787,0.0,0.0,0.0,0.4064278024014026,0.4805929298012176,0.0,0.0,0.0,0.0,0.0,0.0,0.0,0.4635235233742728,0.0,0.4638263964081881,0.0,0.0,0.5371467341485267,0.4554214864583883,0.4465176187153197,0.4359814751515644,0.0,0.5255883774700446,0.4872932564538397,0.518935905234006,0.4705012869268459,0.4039962616029312,0.4379299525096112,0.4612566496186543,0.5178125564655676,0.0,0.4636154324302566,0.0,0.4342604432630021
0.4523476568616392,0.4192544926770725,0.2994494851735657,0.3877510739309264,0.4021086978806057,0.3341812290903457,0.4083872259668435,0.4415109047718285,0.3343206422397196,0.3934228835567719,0.3878585764726759,0.0,0.4091172256270211,0.4158269495333954,0.3976169020456902,0.4525370421315897,0.0,0.4201013792601606,0.3273980386155251,0.3361823307973325,0.4034861566657182,0.4480691921666256,0.3311296593970738,0.348276016018793,0.4007630081411333,0.4449178459799703,0.0,0.4134814111996491,0.375001278612099,0.4131074074065063,0.4135357963895471,0.4173752132851713,0.4010432094222186,0.4373493721018986,0.4652418297309715,0.3539198360996344,0.4128117319553228,0.0,0.5250441871418772,0.0,0.5226573120991277,0.4886414822639064,0.4691164976185247,0.0,0.0,0.0,0.4105819355638377,0.557361786066178,0.0,0.0,0.525872501963167,0.5501762122101616,0.5378395419729243,0.5672386273549751,0.0,0.5592093276767313,0.0,0.5649105010280594,0.5158532200105161,0.5055832369844588,0.0,0.0,0.0,0.5817902907964053,0.5051919871378755,0.4891228298209251,0.5579751694821117,0.522924708806631,0.0,0.0,0.4842438707775954,0.5159779079757122,0.5373505087592186,0.5180521803791193,0.5091269490256801,0.5291984808642758
0.4013092128139835,0.3856097203252735,0.4347544955579813,0.2258603938901498,0.3510364751324574,0.3725999600784392,0.3681646917003517,0.4217389162914624,0.4347996391793398,0.3507026199957854,0.4465000835483378,0.3481897271412097,0.3264612809736074,0.403506383983497,0.4289203543688554,0.4919919526907224,0.4193544692549701,0.4480553792835325,0.4407712750482325,0.369143618195406,0.4387120719681621,0.4286537458645101,0.4219912570865557,0.3095528958891186,0.4265730726203297,0.3975920998498274,0.4134814111996491,0.0,0.3335462767488772,0.3027481180690112,0.3668033978898475,0.3674337623991298,0.3137687391114963,0.3717014216908101,0.3179379738510489,0.2541746939102003,0.2443481583569338,0.3166526387209084,0.5002088339368416,0.0,0.5080714593144874,0.3793736595421564,0.4148817266094698,0.0,0.0,0.0,0.0,0.0,0.0,0.0,0.5259039999457971,0.0,0.5160609989629532,0.0,0.0,0.0,0.0,0.0,0.0,0.4829932251510025,0.0,0.0,0.0,0.0,0.4985518124727126,0.4760550119871476,0.0,0.5158867257795187,0.0,0.0,0.0,0.5150272406977213,0.5153330555862778,0.5209767254709151,0.0,0.498509314609859
0.4141404495497222,0.3953492451602363,0.0,0.0,0.0,0.3697042827820429,0.4115410714503627,0.3717447770680416,0.3790394015545494,0.0,0.0,0.0,0.3816450004103583,0.0,0.4147290220073856,0.4602765657121794,0.0,0.4248241496584351,0.0,0.327763197381653,0.4040200003057803,0.4362413379400336,0.3936126743595876,0.0,0.4287200280154749,0.4094415650495032,0.375001278612099,0.3335462767488772,0.0,0.3500620543451012,0.3697219158765407,0.3919797747845567,0.3783487991543305,0.4199240648532069,0.4528799549641771,0.0,0.389761778726192,0.0,0.4934431446454271,0.0,0.5044777358048677,0.5040279929016986,0.0,0.0,0.0,0.0,0.4194949811571973,0.0,0.0,0.0,0.490888647168118,0.0,0.4665346124105911,0.0,0.0,0.0,0.0,0.4748396191669302,0.0,0.5012580682978858,0.0,0.0,0.0,0.0,0.5004355005654153,0.4637166368476205,0.5219695827941908,0.4938459299741348,0.0,0.0,0.4420973632627307,0.497796256025466,0.5087009030266475,0.4933619248108781,0.0,0.5069758609739521
0.0,0.0,0.4147755196123418,0.0,0.0,0.4008058923639708,0.0,0.4154755304774097,0.4061293062000791,0.0,0.0,0.0,0.3297017861269224,0.0,0.0,0.4450369801912693,0.0,0.0,0.0,0.3330340558254266,0.4237461175534593,0.2776765273992909,0.4240843618251648,0.0,0.0,0.0,0.4131074074065063,0.3027481180690112,0.3500620543451012,0.0,0.3477053293035796,0.4037548900411182,0.0,0.3872396167742777,0.3881872531075976,0.0,0.0,0.0,0.5019230812413832,0.0,0.0,0.0,0.0,0.0,0.0,0.0,0.0,0.0,0.0,0.0,0.0,0.0,0.0,0.0,0.0,0.0,0.0,0.0,0.0,0.0,0.0,0.0,0.0,0.0,0.4914901032819359,0.0,0.0,0.5108450669749521,0.0,0.0,0.0,0.5191333704596712,0.0,0.0,0.0,0.0
0.3485922838465217,0.3663309561032163,0.448962453116257,0.0,0.4403609609464297,0.4099658598284166,0.4286281087523039,0.4412826222022409,0.4498741974456464,0.3026356310270938,0.4716576583819624,0.3189757780315946,0.4088611535191229,0.0,0.42509080126929,0.3596583326615815,0.3555462127657816,0.3710264710164963,0.4603172096511616,0.3977365381273356,0.4031528322584728,0.3915469780460504,0.4249072531162467,0.3222621357511824,0.3557538278534103,0.359541596432577,0.4135357963895471,0.3668033978898475,0.3697219158765407,0.3477053293035796,0.0,0.3624656736445248,0.319822597369454,0.3009605137767436,0.2411298304211835,0.3691357310318804,0.3108083232516489,0.283123465695587,0.4085512653951696,0.3900248126202882,0.4299476452259158,0.0,0.0,0.0,0.0,0.3640270735683406,0.4395458155901043,0.0,0.0,0.0,0.5220301337935115,0.0,0.5081194113170852,0.0,0.4343427967408028,0.0,0.4458801048618753,0.0,0.0,0.4866460794035727,0.4338606151600875,0.0,0.4227608525477639,0.0,0.5036775080288989,0.4963747343370847,0.4827717897497613,0.5186515426631192,0.3894149436854145,0.425255991113955,0.4332222284161816,0.5202300621869579,0.5073725919444593,0.5276154253140838,0.0,0.5006096539608869
0.4022361145045797,0.4024771533891823,0.4704795135070734,0.2730916960232545,0.3659944251727345,0.3949735120311712,0.3752226790467816,0.3822921032809926,0.4307521608085205,0.3079611516564887,0.4157921419200184,0.2595137339964524,0.3740068361434586,0.3367273490506595,0.4547353802381286,0.4269001844757135,0.4087937619605218,0.3899935783702737,0.4607112381670458,0.4553715665630806,0.4204044525684045,0.457252004325549,0.4090340788949737,0.2428669413031839,0.3759186008056138,0.4136279087396275,0.4173752132851713,0.3674337623991298,0.3919797747845567,0.4037548900411182,0.3624656736445248,0.0,0.3225392592216104,0.3461417303424717,0.3604170097018506,0.2672735027170581,0.3043009697924848,0.243753742345066,0.2623333154178723,0.3034841811908765,0.3571715808170094,0.3345251494597229,0.3510207118527692,0.2796403592630747,0.2734356916504982,0.3966015939022101,0.4603824424064159,0.5740235017473108,0.0,0.0,0.4793651296768132,0.0,0.4679095266618094,0.5617996749745373,0.0,0.4962520937077709,0.2755118620104093,0.4744844408654097,0.0,0.5167374172149745,0.4634474146369433,0.0,0.4351461175128561,0.5109586816523161,0.5132686323675315,0.4617945297808571,0.5008344240489047,0.50321936549587,0.4410766471105842,0.4416342623066511,0.4641099196675596,0.507988208222816,0.4080487964057389,0.4922732026370923,0.0,0.4433037557144275
0.3666259297402555,0.3222428706117077,0.0,0.0,0.3901976173564021,0.3794983643306797,0.4317032805402404,0.4343795008697419,0.3835174781363273,0.2674146185406656,0.359140383501632,0.2528493991838761,0.3551568320190407,0.0,0.4252631403706148,0.3863841929507253,0.3394373684173287,0.3204319127420202,0.0,0.4257716620509154,0.329020476059107,0.392041825392596,0.3938749641912868,0.232730676504571,0.3004147703659283,0.3409094161703366,0.4010432094222186,0.3137687391114963,0.3783487991543305,0.0,0.319822597369454,0.3225392592216104,0.0,0.2371057825062327,0.3934875121395924,0.269498577673915,0.2358740464544178,0.1798197260490675,0.2821952757818396,0.2499370537128158,0.2685988459346485,0.3568541667610398,0.0,0.0,0.2293316059428523,0.3752425558973616,0.4563672871183169,0.0,0.0,0.0,0.0,0.0,0.0,0.0,0.3418472384423307,0.0,0.3542287197641744,0.0,0.0,0.5089627772542442,0.4330399054219732,0.3671421868490652,0.3666974803161453,0.0,0.5237333323536112,0.3983154839501277,0.491604594361561,0.0,0.3355957936581234,0.3961007748874156,0.410419753578046,0.495906081088754,0.0,0.0,0.0,0.3418403576631793
0.3506274414012041,0.3665984216124616,0.4333752324152787,0.2643846322715245,0.4259356568159114,0.4127668981311927,0.4273308259506018,0.4442994699667321,0.4467396528770993,0.2963636285732696,0.4649067393223851,0.2503184636142639,0.3994541338757424,0.0,0.4600230573815727,0.3926320706840079,0.3688829639397595,0.3748545159174928,0.46292475597348,0.4512568235319775,0.413386767422541,0.4344854057243602,0.4367510791612591,0.235247085173744,0.3465575579203316,0.3791239093640794,0.4373493721018986,0.3717014216908101,0.4199240648532069,0.3872396167742777,0.3009605137767436,0.3461417303424717,0.2371057825062327,0.0,0.2875227533066731,0.3681342627336688,0.2672960134064553,0.205920712399345,0.3322480800989958,0.2600891910767148,0.3213115455736928,0.3466776291851978,0.0,0.0,0.2253549662812396,0.362506357671348,0.4565859031296582,0.0,0.0,0.0,0.5236113631905629,0.0,0.5096160467361831,0.0,0.4129529835841477,0.0,0.2951477556012035,0.0,0.0,0.5122317562934321,0.4415278719704466,0.0,0.4303909346323729,0.0,0.5077988414928889,0.4677500315653566,0.4978401302200291,0.5185657691327402,0.3612557357599386,0.4289040303822498,0.4525768446552313,0.5153981610601912,0.5408279616087125,0.5163512702940358,0.0,0.4478577920513268
0.4090022969377018,0.4306997248986247,0.4499147754081509,0.3142108381983728,0.3527273722705621,0.4309577804421327,0.4349574875581584,0.4530968648549583,0.4389300433666737,0.2584299885938688,0.4369687839753868,0.2529575075249728,0.4056536551126273,0.0,0.5011467940981329,0.4153774888488377,0.364240201882845,0.3715906291649865,0.4813542489304924,0.4938711999648476,0.4726550267694023,0.4898390185936086,0.4686333202689279,0.2538418774515814,0.3612989937046552,0.4392227642060203,0.4652418297309715,0.3179379738510489,0.4528799549641771,0.3881872531075976,0.2411298304211835,0.3604170097018506,0.3934875121395924,0.2875227533066731,0.0,0.4261757047886708,0.3094608887065321,0.2378187770428507,0.3271135163260288,0.2663687969072645,0.3583732512647664,0.3696713841648675,0.2608206401667864,0.2855373936396665,0.2917456705384181,0.0,0.481131950587768,0.0,0.0,0.0,0.0,0.0,0.0,0.0,0.0,0.0,0.2879789012047719,0.0,0.0,0.536557922596564,0.4621354192419235,0.0,0.429619983994934,0.0,0.5451688698781422,0.5010778326157732,0.527210615948826,0.5362046035527687,0.0,0.4420930043120951,0.4706369367140621,0.5400705530571331,0.0,0.5060778311546863,0.0,0.0
0.0,0.0,0.4328083254391126,0.2000141888547373,0.2309552400265201,0.3755803862867959,0.264217481529699,0.3008855555737017,0.4080089177707524,0.3262616848050833,0.3860998554081393,0.3228194469810537,0.2993320257772083,0.2596483050105887,0.0,0.0,0.0,0.0,0.4260204441725262,0.0,0.3751608013183084,0.525540234594369,0.3662990361470324,0.380503807031591,0.0,0.4346227683044181,0.3539198360996344,0.2541746939102003,0.0,0.0,0.3691357310318804,0.2672735027170581,0.269498577673915,0.3681342627336688,0.4261757047886708,0.0,0.22909650479884,0.2554977675050034,0.3738901452761166,0.0,0.4163490906252376,0.0,0.326794571266054,0.2953796542395626,0.0,0.0,0.0,0.4970022264016198,0.0,0.0,0.4165987217172219,0.3971575093023387,0.4260541013552445,0.4913595577949345,0.0,0.4295302319936653,0.3075130314098729,0.3980659981885666,0.0,0.0,0.0,0.0,0.0,0.4783711187662638,0.0,0.0,0.0,0.4408308764331841,0.0,0.0,0.0,0.4136755122030938,0.3888917135915244,0.356022554265019,0.0,0.0
0.0,0.0,0.4011085547128374,0.1655057275472188,0.2648913814920164,0.4035359597477282,0.2352446488417627,0.3897457516263456,0.4271972118082376,0.2457222247901895,0.4467427776657975,0.249812806469456,0.2829347676357758,0.1665239728620905,0.0,0.0,0.0,0.0,0.4219132800468482,0.4444208211761271,0.0,0.0,0.4069761504880587,0.0,0.0,0.0,0.4128117319553228,0.2443481583569338,0.389761778726192,0.0,0.3108083232516489,0.3043009697924848,0.2358740464544178,0.2672960134064553,0.3094608887065321,0.22909650479884,0.0,0.2385861436146889,0.2732181812473687,0.0,0.0,0.2832329957839907,0.0,0.0,0.0,0.0,0.0,0.0,0.0,0.0,0.0,0.0,0.0,0.0,0.0,0.0,0.0,0.0,0.0,0.0,0.0,0.0,0.0,0.0,0.0,0.0,0.0,0.0,0.0,0.0,0.0,0.0,0.0,0.0,0.0,0.0
0.0,0.0,0.0,0.0,0.3543791929761634,0.0,0.3542099960364693,0.0,0.3826347881646521,0.2430042096828774,0.4116419245770215,0.228347199309614,0.3440120396743339,0.0,0.0,0.0,0.3426459496982539,0.0,0.0,0.0,0.0,0.0,0.0,0.2464272874824949,0.3285458967681485,0.3072891456595978,0.0,0.3166526387209084,0.0,0.0,0.283123465695587,0.243753742345066,0.1798197260490675,0.205920712399345,0.2378187770428507,0.2554977675050034,0.2385861436146889,0.0,0.2463048385212464,0.2176324612624069,0.202418872805837,0.3242082622386978,0.0,0.0,0.1817643872379192,0.0,0.0,0.0,0.0,0.0,0.0,0.0,0.0,0.0,0.3293216334947971,0.0,0.3352257683014688,0.0,0.0,0.0,0.0,0.0,0.0,0.0,0.0,0.0,0.0,0.0,0.3167482117198927,0.0,0.370857817826814,0.0,0.0,0.0,0.0,0.0
0.4226927184761866,0.4540262511330186,0.5652266701166404,0.0,0.0,0.5142198197352394,0.0,0.4968582885127715,0.558027056783894,0.2644752888614647,0.5243981127366114,0.2705079845411404,0.4632562195331995,0.0,0.5094514754379915,0.4491920751980412,0.0,0.4235152634800027,0.5408089709039946,0.5077228968738849,0.4558416028915142,0.4863007021234869,0.5288960747677157,0.2853361521019114,0.4303543258769732,0.4647922613725531,0.5250441871418772,0.5002088339368416,0.4934431446454271,0.5019230812413832,0.4085512653951696,0.2623333154178723,0.2821952757818396,0.3322480800989958,0.3271135163260288,0.3738901452761166,0.2732181812473687,0.2463048385212464,0.0,0.2871389265954521,0.3838472300446267,0.3680081820546098,0.2700471058239915,0.3324580698478199,0.2472578137462334,0.3923383109170504,0.4094809549617836,0.4675091174477096,0.2787113713439488,0.3840260595504653,0.415142791692006,0.3887838256539908,0.3851939364559705,0.462090326742247,0.3577064514141381,0.4356389816468,0.2429636428205633,0.4118919983441345,0.3940843478440997,0.4395768758542897,0.4189656688561183,0.3822050565208125,0.4004693043619884,0.4591491764436972,0.4439242596066317,0.4137146171261914,0.4414567230976671,0.4066643192139752,0.2611317779147444,0.37254643657422,0.3917377613253338,0.430372766609894,0.3887068119169523,0.4250002066433038,0.4317099317815727,0.3936079906933562
0.3856049495530928,0.4333405934878561,0.0,0.0,0.0,0.0,0.0,0.0,0.0,0.3360803068509561,0.0,0.3666183769916606,0.0,0.0,0.4824182825683906,0.4125338799867016,0.3764274515045063,0.3828158172196964,0.0,0.481856931485243,0.36256532849082,0.4710167382815879,0.0,0.3212838702065198,0.3953766743700468,0.4225003327383188,0.0,0.0,0.0,0.0,0.3900248126202882,0.3034841811908765,0.2499370537128158,0.2600891910767148,0.2663687969072645,0.0,0.0,0.2176324612624069,0.2871389265954521,0.0,0.2406067912569078,0.3548071793230901,0.3840254509201738,0.26204511501169,0.1915032237619593,0.3309434804202755,0.3398495377075707,0.0,0.0,0.0,0.3785028633694192,0.3864976674625331,0.3414831770426835,0.4030705164829533,0.2974970936096373,0.4422808755467283,0.2192231055459988,0.4059423578694202,0.0,0.3818583201895049,0.3791079853938568,0.3225438874132874,0.3263189997867446,0.0,0.3770366977326927,0.3319869068558271,0.3681378453119941,0.3810030028913372,0.2247439538851393,0.2980066029636548,0.3189745437345824,0.3857605104448825,0.3379134695970067,0.3931104214414369,0.0,0.3193781968861066
0.3928915348123817,0.4424690115510227,0.0,0.0,0.0,0.5085432639271867,0.0,0.5045825235372051,0.0,0.3457882964506051,0.0,0.3610204422539385,0.0,0.0,0.526113648818104,0.4381857992371252,0.3961461465542554,0.4133343683868793,0.0,0.5525071029687781,0.4532786745824286,0.4745083065914621,0.5346287730088287,0.3765509482803998,0.418890260735115,0.4498017368346199,0.5226573120991277,0.5080714593144874,0.5044777358048677,0.0,0.4299476452259158,0.3571715808170094,0.2685988459346485,0.3213115455736928,0.3583732512647664,0.4163490906252376,0.0,0.202418872805837,0.3838472300446267,0.2406067912569078,0.0,0.3569696459330383,0.465568993921124,0.3414278251741565,0.2227645802237699,0.351109721709912,0.377305426710971,0.4721979149737237,0.3906754522091774,0.4011057225912787,0.4360492552974579,0.4064112132091588,0.4426936037138343,0.4781837348073571,0.2965533890187845,0.4919619706408211,0.2473559277498597,0.4321271394411918,0.0,0.4391057611623621,0.3777228336066506,0.3529471497647025,0.3680315044070245,0.4753914503547312,0.429955697242383,0.4209724366455316,0.4163664395422757,0.4394888298408675,0.2500050894829446,0.3410758122755332,0.3589844808835269,0.4369704002972738,0.3925385200353549,0.4289765945775968,0.409999500864303,0.2814444479664896
