0.0,0.2429616896556298,0.0,0.0,0.0,0.2446818234485251,0.0,0.3134324042588108,0.0,0.2456975421172698,0.0,0.2408386329625607,0.0,0.0,0.2559297182990682,0.250483101654822,0.2602224011223212,0.2374928044406266,0.0,0.2688444675238541,0.2492477987464373,0.2555384677550382,0.2998212656793267,0.2429760921959858,0.2412014699056749,0.2210499720960929,0.2846745452719595,0.2452024593865396,0.2376896213171214,0.0,0.2380374092956773,0.2773837125998512,0.2401339800877184,0.2417306467869398,0.2638406721947073,0.0,0.0,0.0,0.3037019955512004,0.2748248169250733,0.2878912960099512,0.0,0.0,0.0,0.0,0.2679536560655253,0.2934249362455948,0.0,0.0,0.0,0.0,0.0,0.0,0.0,0.2696548418498474,0.0,0.0,0.0,0.0,0.0,0.2831875782086146,0.0,0.2876546025536345,0.0,0.0,0.2609697296576668,0.296679016901047,0.0,0.2821401858839949,0.2861619573178559,0.283544137806296,0.0,0.0,0.0,0.0,0.0
0.2429616896556298,0.0,0.0,0.0,0.0,0.2635441879512178,0.2735246886096006,0.2839478678512987,0.2364012014513069,0.0,0.0,0.0,0.2827818835531663,0.0,0.2607013110482671,0.2416554689960252,0.0,0.2418422166859956,0.0,0.2787594872266505,0.249997012826086,0.2532187039424026,0.2779542764750009,0.0,0.2382950313516402,0.2364427301000184,0.2759267522010233,0.2701092216149482,0.2647025999267229,0.0,0.2206048407923788,0.2671798186191489,0.2219401154602127,0.2254596473578731,0.2459423428958379,0.0,0.0,0.0,0.2879258891706844,0.2654503424314945,0.2796229485649675,0.2949532287436962,0.0,0.0,0.0,0.2852284657275341,0.2994034867132806,0.0,0.0,0.0,0.0,0.0,0.0,0.0,0.0,0.0,0.0,0.0,0.0,0.2818264275406982,0.276983657303422,0.0,0.2642365163577768,0.0,0.27124998835498,0.2976185299548753,0.2993322214105515,0.2435315004837295,0.0,0.2666968930141395,0.292292424802055,0.2673115314465535,0.0,0.2687197680665636,0.0,0.2611950883159593
0.0,0.0,0.0,0.0,0.2596891934978249,0.2743957667637517,0.2971803143402342,0.2907134096467721,0.19721446183407,0.2630643652027131,0.1946439273422929,0.0,0.2978702964092184,0.2730371743462256,0.0,0.0,0.0,0.0,0.1799308614150107,0.0,0.0,0.0,0.2218798481585171,0.0,0.0,0.0,0.2137453583182907,0.3005688147659281,0.0,0.2924693700080252,0.3098121044563233,0.2813502814356318,0.0,0.3054834786685843,0.3041055113670717,0.2644182424647713,0.2683429201717128,0.0,0.3094858252832309,0.0,0.0,0.0,0.2972840159666211,0.0,0.0,0.0,0.0,0.3226501658297512,0.0,0.2988671015802149,0.3489363931129454,0.0,0.3093086915244752,0.3462494042848794,0.0,0.3391726433392101,0.0,0.0,0.3185388131052639,0.0,0.0,0.0,0.0,0.3659290063078897,0.0,0.0,0.0,0.3644444976487742,0.0,0.0,0.0,0.3510627453427911,0.0,0.0,0.0,0.0
0.0,0.0,0.0,0.0,0.1537979126872093,0.268640440646782,0.1501505568380016,0.196890517036287,0.2723285158694555,0.1330049381204167,0.2420693557937846,0.0,0.1788768927024639,0.1868727276004977,0.0,0.0,0.0,0.0,0.2739239560221176,0.0,0.0,0.0,0.2478602023248936,0.0,0.0,0.0,0.2460489301564863,0.159950621291538,0.0,0.0,0.0,0.1940523253822541,0.0,0.166914933671509,0.1965961917886953,0.1198445561440204,0.1141859307563354,0.0,0.0,0.0,0.0,0.0,0.0,0.0,0.0,0.0,0.0,0.0,0.0,0.0,0.0,0.0,0.0,0.0,0.0,0.0,0.0,0.0,0.0,0.0,0.0,0.0,0.0,0.0,0.0,0.0,0.0,0.0,0.0,0.0,0.0,0.0,0.0,0.0,0.0,0.0
0.0,0.0,0.2596891934978249,0.1537979126872093,0.0,0.2566423555357882,0.2353938551204749,0.227919496044648,0.234318489384088,0.2534708563174044,0.2214910458984943,0.2512302029272941,0.2526401352474222,0.1760198739809387,0.0,0.0,0.0,0.0,0.2501066452881472,0.0,0.0,0.3148235928680408,0.2739504220813368,0.0,0.0,0.0,0.2785751916516819,0.2380384125343288,0.0,0.0,0.3083868096855746,0.2267196428658451,0.2334749715927361,0.2862786964294552,0.2813927943555112,0.1521644630363289,0.1526140386589693,0.2271979892928145,0.0,0.0,0.0,0.0,0.2404267777786901,0.0,0.0,0.0,0.0,0.322566029106874,0.0,0.0,0.0,0.0,0.3314546654411952,0.2857212346559604,0.0,0.2658877501251702,0.0,0.0,0.0,0.0,0.0,0.0,0.0,0.0,0.0,0.0,0.0,0.3412060652695172,0.0,0.0,0.0,0.3149359431233308,0.0,0.0,0.0,0.0
0.2446818234485251,0.2635441879512178,0.2743957667637517,0.268640440646782,0.2566423555357882,0.0,0.277519826929992,0.2809778385498047,0.2255750374451892,0.2663090954521663,0.230654363283948,0.0,0.2636223510142825,0.278555175022036,0.2820412375565891,0.274710824492985,0.0,0.2439608305549668,0.2586591992874592,0.2708374009087224,0.2719949821955922,0.2823827706088348,0.2727400933045637,0.0,0.2475612279767674,0.2521070032715838,0.2614065037378746,0.2549657672661102,0.2231797370511848,0.2720463361662401,0.291709553465867,0.2660722707352008,0.2436389106360059,0.2890643115887881,0.2970658044557872,0.2935197799528565,0.2825752871725253,0.0,0.3224042479659456,0.0,0.3378059380515632,0.3124503740440847,0.3095196738507783,0.0,0.0,0.0,0.0,0.3561755833420599,0.0,0.0,0.3285144563987165,0.3454862545597598,0.3149667775554527,0.3519657251825384,0.0,0.3373431579520012,0.0,0.33416965135297,0.0,0.2984304863029364,0.0,0.0,0.0,0.3368605580626654,0.3060357839970943,0.2752809304734456,0.2592504596263133,0.3427235326590551,0.0,0.0,0.0,0.3330925356151836,0.3148565560837107,0.3145027442907538,0.0,0.3351137193101045
0.0,0.2735246886096006,0.2971803143402342,0.1501505568380016,0.2353938551204749,0.277519826929992,0.0,0.2892714148147908,0.2702483770433824,0.2061242016767915,0.3160693717766381,0.2440788830248657,0.2343452586504211,0.2013142654518631,0.0,0.279817445830416,0.0,0.2612463497705435,0.3215822547376145,0.2927436677326314,0.0,0.3028272407381808,0.2861998002061742,0.0,0.2520620648015655,0.2543391075471846,0.28474228470538,0.2595544959170866,0.2797510977399943,0.0,0.2894640423621072,0.2615137969629986,0.2546873766316482,0.2826420786169948,0.2864570801100984,0.1713875715915094,0.1548268603851905,0.2444044649198631,0.0,0.0,0.0,0.0,0.0,0.0,0.0,0.0,0.0,0.0,0.0,0.0,0.2970190686659169,0.0,0.0,0.0,0.0,0.0,0.0,0.0,0.0,0.0,0.0,0.0,0.0,0.0,0.0,0.0,0.0,0.3449203121932193,0.0,0.0,0.0,0.3241096795641639,0.0,0.0,0.0,0.0
0.3134324042588108,0.2839478678512987,0.2907134096467721,0.196890517036287,0.227919496044648,0.2809778385498047,0.2892714148147908,0.0,0.2882136109022362,0.2432022945166476,0.1972989495974662,0.0,0.29114263087551,0.2229675403700055,0.2220396480900105,0.3022166113712279,0.0,0.3063426615310555,0.2557272660719958,0.0,0.2411215460464876,0.267454666165573,0.237181512857636,0.3333789295941339,0.3184639774690702,0.3053387791730381,0.2904622099890182,0.2784528172678263,0.2633862065015698,0.2662070071459368,0.2954022898423886,0.2102361425980821,0.0,0.3028293898351626,0.3017017588526238,0.1565830334512638,0.198850005621065,0.0,0.2925371444847686,0.0,0.3104047675294177,0.0,0.2394514972947156,0.0,0.0,0.0,0.0,0.3238004373667243,0.0,0.2561020985946778,0.2764604482878712,0.3138070390105383,0.1999464993346191,0.3066792603974678,0.0,0.267585019586878,0.0,0.3051363452025575,0.2857114747100034,0.3145950261838481,0.0,0.0,0.0,0.3137349348682376,0.2852320853595681,0.3088037510672693,0.0,0.2924897984323208,0.0,0.0,0.0,0.2981028363893573,0.2784536324454917,0.2667523331934286,0.0,0.3001847390421781
0.0,0.2364012014513069,0.19721446183407,0.2723285158694555,0.234318489384088,0.2255750374451892,0.2702483770433824,0.2882136109022362,0.0,0.2967753857997293,0.2058925229561145,0.2610072838503625,0.2947552481995432,0.2590706943323513,0.0,0.0,0.0,0.0,0.177104225193906,0.0,0.0,0.2936036676333733,0.2792544034528409,0.0,0.0,0.0,0.2235656831311732,0.308345346598901,0.2859830661127513,0.2907507230410349,0.3178583815369872,0.2937726098765828,0.2679212330493151,0.3123398560423163,0.3024956040139538,0.2859674245209517,0.2943373710792537,0.2617874970367792,0.283098812561472,0.0,0.0,0.0,0.2895409245139058,0.0,0.0,0.0,0.0,0.348140486302128,0.0,0.0,0.3354146463991656,0.0,0.3337040997959259,0.2963632135228937,0.0,0.315759508988006,0.0,0.0,0.3024376565906325,0.0,0.0,0.0,0.0,0.3262477219104833,0.0,0.0,0.0,0.353054646235187,0.0,0.0,0.0,0.3469667952750541,0.0,0.0,0.0,0.0
0.2456975421172698,0.0,0.2630643652027131,0.1330049381204167,0.2534708563174044,0.2663090954521663,0.2061242016767915,0.2432022945166476,0.2967753857997293,0.0,0.3038054035245097,0.1653917772122829,0.2546334509294958,0.1634324348478887,0.0,0.2305265345642006,0.1896936826777666,0.2145046473054951,0.2883414018973584,0.0,0.0,0.2255526772289807,0.2665269466768081,0.1931287125402782,0.2076444612555624,0.192758570202045,0.2591066154291808,0.2389695981342248,0.0,0.0,0.2010603915212717,0.2099336832488358,0.1752591347560469,0.1978476824268896,0.1914949779671343,0.1904190014985651,0.1822996753486937,0.1594001162222464,0.1474906518259622,0.2025440309041175,0.2040566292817813,0.0,0.0,0.0,0.1966217841327069,0.0,0.0,0.0,0.0,0.0,0.0,0.0,0.0,0.0,0.2565679182829034,0.0,0.2624790539987361,0.0,0.0,0.0,0.0,0.2285131692037522,0.2357962265660115,0.0,0.0,0.0,0.0,0.0,0.2481479502607466,0.2549990222198603,0.2711645536492911,0.0,0.0,0.0,0.0,0.0
0.0,0.0,0.1946439273422929,0.2420693557937846,0.2214910458984943,0.230654363283948,0.3160693717766381,0.1972989495974662,0.2058925229561145,0.3038054035245097,0.0,0.2645997529603287,0.3125865162470929,0.2136316021752073,0.0,0.0,0.0,0.0,0.1589741739503646,0.0,0.0,0.0,0.1946050481166882,0.0,0.0,0.0,0.2350904497207014,0.3076039724614632,0.0,0.0,0.3222377650792336,0.2537507540193595,0.2547371359467373,0.3106230522084645,0.3005199799563022,0.2171318563221377,0.2910495108543049,0.2540501854210266,0.2511543647965859,0.0,0.0,0.0,0.2461608650860808,0.0,0.0,0.0,0.0,0.3073927660508096,0.0,0.2458042093854466,0.2832336661674716,0.2678493353072665,0.2693321531618614,0.2156490800490462,0.0,0.236177063895599,0.0,0.2519930541495757,0.2824357650266386,0.0,0.0,0.0,0.0,0.2340501589728764,0.0,0.0,0.0,0.2911967262244999,0.0,0.0,0.0,0.3077766456449452,0.0,0.0,0.0,0.0
0.2408386329625607,0.0,0.0,0.0,0.2512302029272941,0.0,0.2440788830248657,0.0,0.2610072838503625,0.1653917772122829,0.2645997529603287,0.0,0.2030232773208097,0.0,0.0,0.0,0.1815935061253761,0.2069694447755483,0.0,0.0,0.0,0.0,0.0,0.1864039362273742,0.2000499172642341,0.1755588362035607,0.0,0.2199819557975395,0.0,0.0,0.2068988585085583,0.1635415812881575,0.1589932828482945,0.158764028159356,0.176983271757825,0.2054701133829859,0.1905185533134191,0.1447183124521288,0.1792446201325371,0.180248402246071,0.1771622387645703,0.0,0.0,0.0,0.1838810076348974,0.0,0.0,0.0,0.0,0.0,0.0,0.0,0.0,0.0,0.2513241393444662,0.0,0.2636139746512627,0.0,0.0,0.0,0.0,0.1767617468367308,0.2188359542767912,0.0,0.0,0.0,0.0,0.0,0.240610946861305,0.2394791701976151,0.2584693071493494,0.0,0.0,0.0,0.0,0.2227494003424298
0.0,0.2827818835531663,0.2978702964092184,0.1788768927024639,0.2526401352474222,0.2636223510142825,0.2343452586504211,0.29114263087551,0.2947552481995432,0.2546334509294958,0.3125865162470929,0.2030232773208097,0.0,0.2212644306185172,0.2819501019084373,0.2994806018692256,0.2393084661047667,0.2650697031225476,0.3162616214358767,0.2855279020183422,0.2755647170693573,0.3033296668050027,0.2844701220517409,0.2083940016850227,0.2744723495789052,0.2753985027864776,0.2869187578461935,0.2286458285926422,0.2612713229982105,0.2643295400248326,0.2695824055533468,0.2593753668202592,0.2539670529790593,0.2621555086264021,0.2663042721007872,0.203449911498808,0.1915606131180717,0.1970997792875401,0.3214810176402718,0.0,0.0,0.0,0.2670745156038338,0.0,0.0,0.0,0.0,0.3057800134875684,0.0,0.0,0.2889724041997797,0.0,0.3096209966604327,0.0,0.0,0.0,0.0,0.0,0.0,0.0,0.0,0.0,0.0,0.0,0.0,0.0,0.0,0.3392466117679997,0.0,0.0,0.0,0.328294848977936,0.0,0.2867778415195233,0.0,0.0
0.0,0.0,0.2730371743462256,0.1868727276004977,0.1760198739809387,0.278555175022036,0.2013142654518631,0.2229675403700055,0.2590706943323513,0.1634324348478887,0.2136316021752073,0.0,0.2212644306185172,0.0,0.0,0.0,0.0,0.0,0.2559393388044332,0.0,0.3104730031788805,0.0,0.2464782812211148,0.0,0.0,0.0,0.2863769640091345,0.2028610090278322,0.0,0.0,0.2780560172871258,0.1313324304637003,0.0,0.2720701737732087,0.0,0.1347490879875742,0.1318736533149952,0.0,0.0,0.0,0.0,0.0,0.0,0.0,0.0,0.0,0.0,0.2799066453244122,0.0,0.0,0.0,0.0,0.0,0.2704790779523503,0.0,0.2499990834996541,0.0,0.0,0.0,0.0,0.0,0.0,0.0,0.0,0.0,0.0,0.0,0.2901595123481673,0.0,0.0,0.0,0.0,0.0,0.0,0.0,0.0
0.2559297182990682,0.2607013110482671,0.0,0.0,0.0,0.2820412375565891,0.0,0.2220396480900105,0.0,0.0,0.0,0.0,0.2819501019084373,0.0,0.0,0.2745733546176899,0.0,0.2608826658035983,0.0,0.2116983806043938,0.2412813298627605,0.233950161130626,0.2565413839112975,0.2803199550296507,0.2477000524821768,0.2236878218235149,0.2730354877675605,0.2767174849563628,0.2694244932184353,0.0,0.2675192196443483,0.2796645857599485,0.2536804090909245,0.2737278194039251,0.3075981376026687,0.3406484927024282,0.0,0.0,0.3083353019016839,0.2919234408814103,0.2912626899320549,0.3319059590894704,0.0,0.0,0.0,0.0,0.3090938176358984,0.0,0.0,0.0,0.291502270932718,0.0,0.0,0.0,0.0,0.0,0.0,0.0,0.0,0.3158552813003721,0.2608078478061134,0.0,0.0,0.0,0.2615322593588336,0.3043338266749822,0.3125326022544315,0.3161503544687913,0.0,0.0,0.3017063981697959,0.3191756453802755,0.3016878142701628,0.3098071741811229,0.0,0.2834635153411609
0.250483101654822,0.2416554689960252,0.0,0.0,0.0,0.274710824492985,0.279817445830416,0.3022166113712279,0.0,0.2305265345642006,0.0,0.0,0.2994806018692256,0.0,0.2745733546176899,0.0,0.2320476586528822,0.2327728981873749,0.0,0.2608570357668165,0.2598119831495951,0.2435120436971948,0.2810456964942542,0.2300900172571693,0.2419970385984848,0.2438850313355061,0.2779825544268769,0.2731749411820132,0.2705832671937017,0.243465547388131,0.238957591135914,0.2910901507107148,0.2413311211952771,0.25003191619318,0.2898318438013477,0.0,0.0,0.0,0.28700775567478,0.2633421073721134,0.2735801923952384,0.2841450849696285,0.0,0.0,0.0,0.2882746574452261,0.2852233695958785,0.0,0.0,0.0,0.0,0.0,0.0,0.0,0.0,0.0,0.0,0.0,0.0,0.296283308714089,0.274572038998881,0.0,0.2805519394358807,0.0,0.2653996183643521,0.2906915369809164,0.2848934909778304,0.0,0.0,0.2800440953865549,0.2844919871845263,0.0,0.0,0.0,0.0,0.2626535835735836
0.2602224011223212,0.0,0.0,0.0,0.0,0.0,0.0,0.0,0.0,0.1896936826777666,0.0,0.1815935061253761,0.2393084661047667,0.0,0.0,0.2320476586528822,0.0,0.2108651073048867,0.0,0.2459510125559602,0.0,0.2278457121977607,0.0,0.2303144719583789,0.2225813336000625,0.2153951119913801,0.0,0.2443400489492152,0.0,0.0,0.2190912822271127,0.2774545604858652,0.2161688242930192,0.2327205195700311,0.2387192165949046,0.0,0.0,0.172674269495407,0.0,0.2611760263882038,0.2900534871807856,0.0,0.0,0.0,0.0,0.0,0.0,0.0,0.0,0.0,0.0,0.0,0.0,0.0,0.2878514767085282,0.0,0.2819501826912213,0.0,0.0,0.0,0.0,0.2686033298051687,0.2756121007404801,0.0,0.0,0.0,0.0,0.0,0.2942898781012661,0.2925071388398877,0.2985182503163691,0.0,0.0,0.0,0.0,0.0
0.2374928044406266,0.2418422166859956,0.0,0.0,0.0,0.2439608305549668,0.2612463497705435,0.3063426615310555,0.0,0.2145046473054951,0.0,0.2069694447755483,0.2650697031225476,0.0,0.2608826658035983,0.2327728981873749,0.2108651073048867,0.0,0.0,0.2684130921946548,0.2789642594958898,0.2592463468415494,0.2829711763829208,0.2276103158777848,0.2169585763908254,0.2254590520776335,0.2455564335319184,0.2624054469776614,0.2712225232027249,0.0,0.2418773386309981,0.2854804255353372,0.2341292731529019,0.2512816554749296,0.2675788770578136,0.0,0.0,0.0,0.2883097137602401,0.2747281514506677,0.2846242884110403,0.2882599318003903,0.0,0.0,0.0,0.2787499954663938,0.2779298708385624,0.0,0.0,0.0,0.0,0.0,0.0,0.0,0.2942205669972005,0.0,0.2913279828856897,0.0,0.0,0.0,0.2775681894713805,0.288179828045484,0.2805515920720947,0.0,0.0,0.0,0.270849847849934,0.0,0.3009531345130428,0.286823385345719,0.292769170723976,0.0,0.0,0.0,0.0,0.2968492868763277
0.0,0.0,0.1799308614150107,0.2739239560221176,0.2501066452881472,0.2586591992874592,0.3215822547376145,0.2557272660719958,0.177104225193906,0.2883414018973584,0.1589741739503646,0.0,0.3162616214358767,0.2559393388044332,0.0,0.0,0.0,0.0,0.0,0.0,0.0,0.0,0.1889836866496144,0.0,0.0,0.0,0.2455120101089231,0.3105915918793647,0.0,0.0,0.3234099922840468,0.2970611668989932,0.0,0.311117427122503,0.3044753677682778,0.2790473416843233,0.2952659135285904,0.0,0.2721782321519035,0.0,0.0,0.0,0.2628077208038604,0.0,0.0,0.0,0.0,0.2874046533152909,0.0,0.0,0.3205338486441595,0.0,0.3007229547461842,0.3145622883373046,0.0,0.3012506419839827,0.0,0.0,0.2817244186563632,0.0,0.0,0.0,0.0,0.3054626385806027,0.0,0.0,0.0,0.3330558197957926,0.0,0.0,0.0,0.3214244865194096,0.0,0.0,0.0,0.0
0.2688444675238541,0.2787594872266505,0.0,0.0,0.0,0.2708374009087224,0.2927436677326314,0.0,0.0,0.0,0.0,0.0,0.2855279020183422,0.0,0.2116983806043938,0.2608570357668165,0.2459510125559602,0.2684130921946548,0.0,0.0,0.2781496226009232,0.2462384758329847,0.1968607733675853,0.0,0.2583320600029555,0.2677085056480821,0.234761637843369,0.255875278689048,0.2166343725685255,0.2217438327462722,0.2539269660036647,0.2886612360418347,0.2520515691778692,0.2800566629144155,0.3147557328674352,0.3289380067667498,0.2980160120513453,0.0,0.30347421000882,0.2566612796681277,0.2590559204260664,0.312747687850512,0.0,0.0,0.0,0.0,0.2713651254603842,0.0,0.0,0.0,0.2781549535147536,0.0,0.0,0.0,0.0,0.0,0.0,0.0,0.0,0.3050933115305257,0.0,0.0,0.0,0.0,0.3116199820359619,0.295042968209801,0.3069686168715456,0.307316611363386,0.0,0.0,0.2883268933054213,0.3203831263196066,0.2969934688604763,0.2935203612495804,0.0,0.2943277824280622
0.2492477987464373,0.249997012826086,0.0,0.0,0.0,0.2719949821955922,0.0,0.2411215460464876,0.0,0.0,0.0,0.0,0.2755647170693573,0.3104730031788805,0.2412813298627605,0.2598119831495951,0.0,0.2789642594958898,0.0,0.2781496226009232,0.0,0.2645150604460711,0.2495922269761067,0.313252463832734,0.278954629265074,0.2418966886381187,0.2827623692555688,0.2672884465850602,0.2711226702380644,0.2604047829077126,0.2569921425149226,0.264843296268663,0.2366581640971673,0.2499240849761372,0.2701969172015486,0.2604397091542261,0.0,0.0,0.3128284353552704,0.2637855259135437,0.2949355862754234,0.3374000560208334,0.0,0.0,0.0,0.2857747140714359,0.3090420212563811,0.0,0.0,0.0,0.2908190195073634,0.0,0.2500966038017945,0.0,0.0,0.0,0.0,0.0,0.0,0.2964461043197716,0.2717876067154522,0.0,0.0,0.0,0.3112214536137559,0.2638200542299213,0.3077390418501789,0.3005006641895597,0.0,0.2491789880301555,0.303322374368,0.311467609883575,0.2962520164399713,0.3019556303613898,0.0,0.2996230284090563
0.2555384677550382,0.2532187039424026,0.0,0.0,0.3148235928680408,0.2823827706088348,0.3028272407381808,0.267454666165573,0.2936036676333733,0.2255526772289807,0.0,0.0,0.3033296668050027,0.0,0.233950161130626,0.2435120436971948,0.2278457121977607,0.2592463468415494,0.0,0.2462384758329847,0.2645150604460711,0.0,0.2867060055467717,0.0,0.2493253337196758,0.2520168634621744,0.2851838335680127,0.2826494710541931,0.26443219081484,0.2669318200605346,0.2393422097070524,0.281295747823658,0.2401880886327624,0.2624052247932918,0.3036225234633676,0.3257904429240676,0.2936239953372055,0.0,0.2961048942616926,0.27043445626356,0.2923803079492517,0.309760597589845,0.0,0.0,0.0,0.2782754749081969,0.3011715060602307,0.0,0.0,0.0,0.2536984204375218,0.0,0.0,0.0,0.0,0.0,0.0,0.0,0.0,0.3179239691666611,0.2613944023453231,0.0,0.2276866865531872,0.0,0.3046749814973599,0.310169963189649,0.3109761794559261,0.3034669805054539,0.0,0.2550040191110608,0.3111807571362538,0.2869247638240203,0.0,0.2810554807621179,0.0,0.2485215381234225
0.2998212656793267,0.2779542764750009,0.2218798481585171,0.2478602023248936,0.2739504220813368,0.2727400933045637,0.2861998002061742,0.237181512857636,0.2792544034528409,0.2665269466768081,0.1946050481166882,0.0,0.2844701220517409,0.2464782812211148,0.2565413839112975,0.2810456964942542,0.0,0.2829711763829208,0.1889836866496144,0.1968607733675853,0.2495922269761067,0.2867060055467717,0.0,0.3129150643594236,0.2840959217351061,0.2884510046464314,0.2007764567983439,0.2769911235977376,0.262218889024457,0.2651903702639299,0.2833048800685273,0.266915391535247,0.2337583978483737,0.293123641385498,0.2900630961896527,0.2578248707220943,0.2605452064533364,0.0,0.3211825393840799,0.3222604663467209,0.3425002767472163,0.3460959611935741,0.2965417969090347,0.0,0.0,0.0,0.2657599977112032,0.3577648817908878,0.0,0.2975997470257913,0.3315864316181983,0.3561277115457374,0.3049525516723576,0.3506370922006388,0.0,0.3215303807750268,0.0,0.3434741738584996,0.3046833811701619,0.3245962870944227,0.0,0.0,0.0,0.3437437163674108,0.3242145013430256,0.3086733844336197,0.3059593400778833,0.3430410987988989,0.0,0.0,0.2791445631987819,0.3377654871931091,0.3275100530079706,0.3202588478058664,0.3300029735435454,0.3379176718308472
0.2429760921959858,0.0,0.0,0.0,0.0,0.0,0.0,0.3333789295941339,0.0,0.1931287125402782,0.0,0.1864039362273742,0.2083940016850227,0.0,0.2803199550296507,0.2300900172571693,0.2303144719583789,0.2276103158777848,0.0,0.0,0.313252463832734,0.0,0.3129150643594236,0.0,0.2219888871945544,0.2146302719268736,0.2716119416550582,0.2378545762788964,0.0,0.0,0.2303724568456079,0.231109446047088,0.1763846415552142,0.1745468754468919,0.1998840359171232,0.0,0.0,0.1684134087658572,0.119781811938249,0.2368348464953126,0.2187322694089727,0.0,0.0,0.0,0.193816625893034,0.2762059141276934,0.0,0.0,0.0,0.0,0.0,0.0,0.0,0.0,0.2788518106190836,0.0,0.2836872968067083,0.0,0.0,0.0,0.284753356957604,0.2857875392375742,0.2913769317395665,0.0,0.0,0.0,0.0,0.0,0.3022157984590081,0.2980988637980796,0.2992939947242189,0.0,0.0,0.0,0.0,0.3024408796622461
0.2412014699056749,0.2382950313516402,0.0,0.0,0.0,0.2475612279767674,0.2520620648015655,0.3184639774690702,0.0,0.2076444612555624,0.0,0.2000499172642341,0.2744723495789052,0.0,0.2477000524821768,0.2419970385984848,0.2225813336000625,0.2169585763908254,0.0,0.2583320600029555,0.278954629265074,0.2493253337196758,0.2840959217351061,0.2219888871945544,0.0,0.2196223727312848,0.2535177015464404,0.2637082138042763,0.2508181782164477,0.0,0.233320073257548,0.2714272483410868,0.2042200641714272,0.2310029124600914,0.2516088606336801,0.0,0.0,0.1888261097869546,0.2871352346480898,0.2691772002853371,0.2825977659776565,0.2907094399905194,0.0,0.0,0.0,0.2815439734582591,0.2876026591962409,0.0,0.0,0.0,0.0,0.0,0.0,0.0,0.3004865537879198,0.0,0.2993331632226294,0.0,0.0,0.0,0.278388295640005,0.295946029980915,0.2832328244096097,0.0,0.2621948718318138,0.0,0.2509374246391357,0.0,0.2979962461115075,0.2872102943632583,0.2925018192931148,0.0,0.0,0.0,0.0,0.2871800830096014
0.2210499720960929,0.2364427301000184,0.0,0.0,0.0,0.2521070032715838,0.2543391075471846,0.3053387791730381,0.0,0.192758570202045,0.0,0.1755588362035607,0.2753985027864776,0.0,0.2236878218235149,0.2438850313355061,0.2153951119913801,0.2254590520776335,0.0,0.2677085056480821,0.2418966886381187,0.2520168634621744,0.2884510046464314,0.2146302719268736,0.2196223727312848,0.0,0.2796830630277024,0.2377638637632382,0.2492260468610761,0.0,0.2306087573848235,0.267889025866575,0.2085342485936656,0.2350132854369816,0.2610378963069295,0.2911117543597343,0.0,0.1886426231830696,0.2850584362900545,0.2699088848840309,0.2789660471752643,0.2993839264431201,0.0,0.0,0.0,0.2782832315355437,0.3009845615365283,0.0,0.0,0.0,0.0,0.0,0.0,0.0,0.2924867967615977,0.0,0.2900521371999723,0.0,0.0,0.3169314633415533,0.2793038574446552,0.2914317578282768,0.2845728585713312,0.0,0.2670321112821811,0.3055333785641455,0.3046653934702741,0.278102921206988,0.3014844322035477,0.2864990959421926,0.2920443709664317,0.2747736892669834,0.0,0.2445873193403889,0.0,0.2798028980514209
0.2846745452719595,0.2759267522010233,0.2137453583182907,0.2460489301564863,0.2785751916516819,0.2614065037378746,0.28474228470538,0.2904622099890182,0.2235656831311732,0.2591066154291808,0.2350904497207014,0.0,0.2869187578461935,0.2863769640091345,0.2730354877675605,0.2779825544268769,0.0,0.2455564335319184,0.2455120101089231,0.234761637843369,0.2827623692555688,0.2851838335680127,0.2007764567983439,0.2716119416550582,0.2535177015464404,0.2796830630277024,0.0,0.2753749182293794,0.2495549534217391,0.263412273477011,0.2692595427577435,0.2748929210953066,0.2509968267986353,0.2895876509110333,0.3036395024017708,0.3089668468374753,0.2784787742153638,0.0,0.3184780469549914,0.0,0.3316656193728226,0.3408479052256129,0.3223157551839161,0.0,0.0,0.0,0.2399426345326807,0.3607510949389542,0.0,0.0,0.3346815221325663,0.3554337593833359,0.312402732578834,0.3557268109986032,0.0,0.3400645730380985,0.0,0.3317831913223482,0.3209411434062359,0.3244009559421304,0.0,0.0,0.0,0.3328632816555119,0.3204062189415798,0.3242187404345049,0.2820026536329104,0.3446733754681323,0.0,0.0,0.2830831480814372,0.3335998988923855,0.314898578610401,0.3132614689773288,0.3191193284836844,0.3303770082796034
0.2452024593865396,0.2701092216149482,0.3005688147659281,0.159950621291538,0.2380384125343288,0.2549657672661102,0.2595544959170866,0.2784528172678263,0.308345346598901,0.2389695981342248,0.3076039724614632,0.2199819557975395,0.2286458285926422,0.2028610090278322,0.2767174849563628,0.2731749411820132,0.2443400489492152,0.2624054469776614,0.3105915918793647,0.255875278689048,0.2672884465850602,0.2826494710541931,0.2769911235977376,0.2378545762788964,0.2637082138042763,0.2377638637632382,0.2753749182293794,0.0,0.2246744439420218,0.2057896632883611,0.2468208236269455,0.2505448764996973,0.2266689526729008,0.2436668703832583,0.2047484365898999,0.180823959086004,0.1676629925894673,0.1979753246821479,0.2915581625798867,0.0,0.2855823832570291,0.2848711309078727,0.2669592455723922,0.0,0.0,0.0,0.0,0.0,0.0,0.0,0.30365999980711,0.0,0.277239513635808,0.0,0.0,0.0,0.0,0.0,0.0,0.3032841751175433,0.0,0.0,0.0,0.0,0.3130266408855007,0.2998380461821385,0.0,0.3287400628629411,0.0,0.0,0.0,0.3254720443184795,0.3038447381774868,0.3050363153025573,0.0,0.2988590944980651
0.2376896213171214,0.2647025999267229,0.0,0.0,0.0,0.2231797370511848,0.2797510977399943,0.2633862065015698,0.2859830661127513,0.0,0.0,0.0,0.2612713229982105,0.0,0.2694244932184353,0.2705832671937017,0.0,0.2712225232027249,0.0,0.2166343725685255,0.2711226702380644,0.26443219081484,0.262218889024457,0.0,0.2508181782164477,0.2492260468610761,0.2495549534217391,0.2246744439420218,0.0,0.2316499315916822,0.2431569165083959,0.2600134619621317,0.2351425732205579,0.2778490846016208,0.3015307237058546,0.3143169558191811,0.2482919381609171,0.0,0.3071132209803231,0.0,0.3091821892989898,0.3085246832218649,0.0,0.0,0.0,0.0,0.2417726785203449,0.0,0.0,0.0,0.2908147434840438,0.0,0.2916782852664329,0.0,0.0,0.0,0.0,0.27246563954203,0.0,0.3119417998444339,0.0,0.0,0.0,0.0,0.3049661711071006,0.3038845800422277,0.288915390202151,0.3211046166247898,0.0,0.0,0.2498523321702471,0.3209412335056127,0.295729632476485,0.3041238639653398,0.0,0.305027491120438
0.0,0.0,0.2924693700080252,0.0,0.0,0.2720463361662401,0.0,0.2662070071459368,0.2907507230410349,0.0,0.0,0.0,0.2643295400248326,0.0,0.0,0.243465547388131,0.0,0.0,0.0,0.2217438327462722,0.2604047829077126,0.2669318200605346,0.2651903702639299,0.0,0.0,0.0,0.263412273477011,0.2057896632883611,0.2316499315916822,0.0,0.2308856836611761,0.2742986220694368,0.0,0.268112889645369,0.2601852764104043,0.0,0.0,0.0,0.3153393490425463,0.0,0.0,0.0,0.0,0.0,0.0,0.0,0.0,0.0,0.0,0.0,0.0,0.0,0.0,0.0,0.0,0.0,0.0,0.0,0.0,0.0,0.0,0.0,0.0,0.0,0.3077948144804152,0.0,0.0,0.3224471816889608,0.0,0.0,0.0,0.3156614186008714,0.0,0.0,0.0,0.0
0.2380374092956773,0.2206048407923788,0.3098121044563233,0.0,0.3083868096855746,0.291709553465867,0.2894640423621072,0.2954022898423886,0.3178583815369872,0.2010603915212717,0.3222377650792336,0.2068988585085583,0.2695824055533468,0.2780560172871258,0.2675192196443483,0.238957591135914,0.2190912822271127,0.2418773386309981,0.3234099922840468,0.2539269660036647,0.2569921425149226,0.2393422097070524,0.2833048800685273,0.2303724568456079,0.233320073257548,0.2306087573848235,0.2692595427577435,0.2468208236269455,0.2431569165083959,0.2308856836611761,0.0,0.270033550444785,0.2134386653925535,0.2023331466764381,0.2201538882758524,0.2854987599323094,0.2394912636648859,0.189104575366218,0.3097639428754763,0.2634350258701724,0.3259993671348741,0.0,0.0,0.0,0.0,0.2659154627478854,0.2805385540021551,0.0,0.0,0.0,0.3099808838550271,0.0,0.3188688398239459,0.0,0.2657766512300465,0.0,0.2770010142454857,0.0,0.0,0.3180189949937556,0.2725438908429027,0.0,0.2817727728957249,0.0,0.312035631504576,0.3041949546569714,0.2910952053888354,0.3422246999344243,0.3065999723133171,0.289569796385647,0.2959311097524601,0.3336606783356735,0.2907757054848505,0.3112852626527099,0.0,0.3148976350091857
0.2773837125998512,0.2671798186191489,0.2813502814356318,0.1940523253822541,0.2267196428658451,0.2660722707352008,0.2615137969629986,0.2102361425980821,0.2937726098765828,0.2099336832488358,0.2537507540193595,0.1635415812881575,0.2593753668202592,0.1313324304637003,0.2796645857599485,0.2910901507107148,0.2774545604858652,0.2854804255353372,0.2970611668989932,0.2886612360418347,0.264843296268663,0.281295747823658,0.266915391535247,0.231109446047088,0.2714272483410868,0.267889025866575,0.2748929210953066,0.2505448764996973,0.2600134619621317,0.2742986220694368,0.270033550444785,0.0,0.2219099426308441,0.2443033976728367,0.2588858235335292,0.1768510704843899,0.2079649922714392,0.1653717902785305,0.1855859512997435,0.1862979827963231,0.2056790731418733,0.2309249154143169,0.1688783342938006,0.1705097696676946,0.1645569497252414,0.2856658124636165,0.2966432213776662,0.2866633679269854,0.0,0.0,0.3157701895423073,0.0,0.3005773810572894,0.2873824926104805,0.2420519580224727,0.2371124894341098,0.1759183310682792,0.2793981229618761,0.0,0.3160672538673061,0.2498848344270792,0.0,0.2798328813933362,0.2803093905441368,0.3158966459941667,0.3073037358187175,0.3063518847744284,0.3229480664056141,0.2820425239628455,0.2824012263191428,0.2995154512105012,0.3212991809013648,0.2608147854611292,0.3099174150315567,0.0,0.3219309212986531
0.2401339800877184,0.2219401154602127,0.0,0.0,0.2334749715927361,0.2436389106360059,0.2546873766316482,0.0,0.2679212330493151,0.1752591347560469,0.2547371359467373,0.1589932828482945,0.2539670529790593,0.0,0.2536804090909245,0.2413311211952771,0.2161688242930192,0.2341292731529019,0.0,0.2520515691778692,0.2366581640971673,0.2401880886327624,0.2337583978483737,0.1763846415552142,0.2042200641714272,0.2085342485936656,0.2509968267986353,0.2266689526729008,0.2351425732205579,0.0,0.2134386653925535,0.2219099426308441,0.0,0.1815969497719433,0.2516447295878991,0.2999119844736778,0.2209507448217965,0.1351954490095323,0.16627051567516,0.1540490946088981,0.1643551984554216,0.2145217294757491,0.0,0.0,0.1461754167543732,0.2659007211265731,0.2810767856766268,0.0,0.0,0.0,0.0,0.0,0.0,0.0,0.2276284955914629,0.0,0.2285777560136368,0.0,0.0,0.3010261054386464,0.2671411995175228,0.2396413226423201,0.2538129295723055,0.0,0.265356403163915,0.288941094657506,0.2992600146740727,0.3122641162325011,0.2394966428112788,0.2680468190369562,0.273355919628285,0.3112008736066602,0.0,0.2779778022318344,0.0,0.0
0.2417306467869398,0.2254596473578731,0.3054834786685843,0.166914933671509,0.2862786964294552,0.2890643115887881,0.2826420786169948,0.3028293898351626,0.3123398560423163,0.1978476824268896,0.3106230522084645,0.158764028159356,0.2621555086264021,0.2720701737732087,0.2737278194039251,0.25003191619318,0.2327205195700311,0.2512816554749296,0.311117427122503,0.2800566629144155,0.2499240849761372,0.2624052247932918,0.293123641385498,0.1745468754468919,0.2310029124600914,0.2350132854369816,0.2895876509110333,0.2436668703832583,0.2778490846016208,0.268112889645369,0.2023331466764381,0.2443033976728367,0.1815969497719433,0.0,0.2193439087331335,0.2516213433453975,0.1981176289795458,0.1415848331013059,0.1928149424855154,0.1766950166032711,0.1627225586469698,0.2130591881797983,0.1631527100285286,0.0,0.1440667197067255,0.266455974385946,0.2850706117796558,0.0,0.0,0.0,0.3011232996789809,0.0,0.3174549002943553,0.0,0.254704891622288,0.0,0.2505341516432015,0.0,0.0,0.3169794046785075,0.2684772485362043,0.0,0.2798356756745119,0.0,0.3227052688817293,0.2830366636810394,0.2976014011453367,0.3414471013491695,0.2688630357332616,0.2816836668621398,0.2892333250063169,0.3394513823548116,0.2872044870843931,0.3234203393168311,0.0,0.3135637800487269
0.2638406721947073,0.2459423428958379,0.3041055113670717,0.1965961917886953,0.2813927943555112,0.2970658044557872,0.2864570801100984,0.3017017588526238,0.3024956040139538,0.1914949779671343,0.3005199799563022,0.176983271757825,0.2663042721007872,0.0,0.3075981376026687,0.2898318438013477,0.2387192165949046,0.2675788770578136,0.3044753677682778,0.3147557328674352,0.2701969172015486,0.3036225234633676,0.2900630961896527,0.1998840359171232,0.2516088606336801,0.2610378963069295,0.3036395024017708,0.2047484365898999,0.3015307237058546,0.2601852764104043,0.2201538882758524,0.2588858235335292,0.2516447295878991,0.2193439087331335,0.0,0.2613450521233421,0.2260269389332724,0.1806520329014076,0.2166789513031734,0.2222678497474176,0.2243151638499645,0.2574250752156521,0.1847157102404607,0.1879152227797998,0.2046619198740576,0.0,0.3039159878391438,0.0,0.0,0.0,0.0,0.0,0.0,0.0,0.0,0.0,0.2737389700325745,0.0,0.0,0.3296984622622609,0.2742311637145084,0.0,0.2858959993033138,0.0,0.3134087640333095,0.3278845131313546,0.3225070434783073,0.3429915750135525,0.0,0.2884724909372386,0.308364422675078,0.3415094503936522,0.0,0.3083476956841268,0.0,0.0
0.0,0.0,0.2644182424647713,0.1198445561440204,0.1521644630363289,0.2935197799528565,0.1713875715915094,0.1565830334512638,0.2859674245209517,0.1904190014985651,0.2171318563221377,0.2054701133829859,0.203449911498808,0.1347490879875742,0.3406484927024282,0.0,0.0,0.0,0.2790473416843233,0.3289380067667498,0.2604397091542261,0.3257904429240676,0.2578248707220943,0.0,0.0,0.2911117543597343,0.3089668468374753,0.180823959086004,0.3143169558191811,0.0,0.2854987599323094,0.1768510704843899,0.2999119844736778,0.2516213433453975,0.2613450521233421,0.0,0.1425431827620251,0.2023595066105205,0.1858056293375513,0.19766179341686,0.2383127498286745,0.2268801469941424,0.2021926755533013,0.185904213955497,0.0,0.0,0.0,0.2709832828036038,0.0,0.0,0.2907341494211943,0.2452377028478526,0.2109153227285168,0.0,0.0,0.2261388301282814,0.0,0.2577798203918526,0.2459031396095578,0.0,0.0,0.0,0.0,0.2457648268685344,0.0,0.0,0.0,0.299204077639346,0.0,0.0,0.0,0.299754291649091,0.2176159077129859,0.2884923517153236,0.0,0.0
0.0,0.0,0.2683429201717128,0.1141859307563354,0.1526140386589693,0.2825752871725253,0.1548268603851905,0.198850005621065,0.2943373710792537,0.1822996753486937,0.2910495108543049,0.1905185533134191,0.1915606131180717,0.1318736533149952,0.0,0.0,0.0,0.0,0.2952659135285904,0.2980160120513453,0.0,0.2936239953372055,0.2605452064533364,0.0,0.0,0.0,0.2784787742153638,0.1676629925894673,0.2482919381609171,0.0,0.2394912636648859,0.2079649922714392,0.2209507448217965,0.1981176289795458,0.2260269389332724,0.1425431827620251,0.0,0.1915685473782742,0.1885180682840666,0.0,0.1837129510617408,0.2156704835732303,0.0,0.0,0.0,0.0,0.0,0.0,0.0,0.0,0.0,0.0,0.0,0.0,0.0,0.0,0.0,0.0,0.0,0.0,0.0,0.0,0.0,0.0,0.0,0.0,0.0,0.0,0.0,0.0,0.0,0.0,0.0,0.0,0.0,0.0
0.0,0.0,0.0,0.0,0.2271979892928145,0.0,0.2444044649198631,0.0,0.2617874970367792,0.1594001162222464,0.2540501854210266,0.1447183124521288,0.1970997792875401,0.0,0.0,0.0,0.172674269495407,0.0,0.0,0.0,0.0,0.0,0.0,0.1684134087658572,0.1888261097869546,0.1886426231830696,0.0,0.1979753246821479,0.0,0.0,0.189104575366218,0.1653717902785305,0.1351954490095323,0.1415848331013059,0.1806520329014076,0.2023595066105205,0.1915685473782742,0.0,0.1737928946160706,0.1270834969679517,0.1486256515303642,0.0,0.0,0.0,0.1365322694536264,0.0,0.0,0.0,0.0,0.0,0.0,0.0,0.0,0.0,0.2305452597983417,0.0,0.1939921243372444,0.0,0.0,0.0,0.0,0.0,0.0,0.0,0.0,0.0,0.0,0.0,0.201618355077719,0.0,0.0,0.0,0.0,0.0,0.0,0.0
0.3037019955512004,0.2879258891706844,0.3094858252832309,0.0,0.0,0.3224042479659456,0.0,0.2925371444847686,0.283098812561472,0.1474906518259622,0.2511543647965859,0.1792446201325371,0.3214810176402718,0.0,0.3083353019016839,0.28700775567478,0.0,0.2883097137602401,0.2721782321519035,0.30347421000882,0.3128284353552704,0.2961048942616926,0.3211825393840799,0.119781811938249,0.2871352346480898,0.2850584362900545,0.3184780469549914,0.2915581625798867,0.3071132209803231,0.3153393490425463,0.3097639428754763,0.1855859512997435,0.16627051567516,0.1928149424855154,0.2166789513031734,0.1858056293375513,0.1885180682840666,0.1737928946160706,0.0,0.2092458945899174,0.2496621371189648,0.2586364537137526,0.1827730680064497,0.2044901831738328,0.1708402115200555,0.2687063570296717,0.2634664357218713,0.2784469091459602,0.197673096997073,0.2362489570730601,0.2732492199473579,0.2484335257193334,0.2400236265816332,0.284479299185466,0.2074932120080578,0.2471100304316931,0.1694805645055787,0.2519447692119639,0.1767043062436833,0.2870636523881545,0.2773130214575987,0.2817962629497723,0.2869340136475447,0.2740342378999958,0.2987499930258773,0.2709617325257647,0.2842929363735734,0.2690481158137016,0.1739676042693483,0.2648306808864644,0.261757969151567,0.2755107843900208,0.2300633316851892,0.2711278773375505,0.277287120585337,0.2621670035720189
0.2748248169250733,0.2654503424314945,0.0,0.0,0.0,0.0,0.0,0.0,0.0,0.2025440309041175,0.0,0.180248402246071,0.0,0.0,0.2919234408814103,0.2633421073721134,0.2611760263882038,0.2747281514506677,0.0,0.2566612796681277,0.2637855259135437,0.27043445626356,0.3222604663467209,0.2368348464953126,0.2691772002853371,0.2699088848840309,0.0,0.0,0.0,0.0,0.2634350258701724,0.1862979827963231,0.1540490946088981,0.1766950166032711,0.2222678497474176,0.19766179341686,0.0,0.1270834969679517,0.2092458945899174,0.0,0.1843822193905001,0.2393384527246588,0.2316377074962165,0.1595619043152699,0.1308882305832806,0.2203426048233067,0.2214228687783176,0.0,0.0,0.2527139330090503,0.2472104917328662,0.2461091204367273,0.2143919806951437,0.2411793521579518,0.2039455315249168,0.2607255069193623,0.1645990764447474,0.223561390030511,0.0,0.2502492178253844,0.2269228580878579,0.225900751116178,0.2346715469131568,0.0,0.2426002225279141,0.2174310406838725,0.2331049420146948,0.2435166626059274,0.1548980384750813,0.2107534656483227,0.2178037900795181,0.2498943263422386,0.207459433090635,0.2355451242709541,0.240547933884249,0.2106377655134557
0.2878912960099512,0.2796229485649675,0.0,0.0,0.0,0.3378059380515632,0.0,0.3104047675294177,0.0,0.2040566292817813,0.0,0.1771622387645703,0.0,0.0,0.2912626899320549,0.2735801923952384,0.2900534871807856,0.2846242884110403,0.0,0.2590559204260664,0.2949355862754234,0.2923803079492517,0.3425002767472163,0.2187322694089727,0.2825977659776565,0.2789660471752643,0.3316656193728226,0.2855823832570291,0.3091821892989898,0.0,0.3259993671348741,0.2056790731418733,0.1643551984554216,0.1627225586469698,0.2243151638499645,0.2383127498286745,0.1837129510617408,0.1486256515303642,0.2496621371189648,0.1843822193905001,0.0,0.250853618701192,0.2488151288368266,0.1967477945118229,0.16633639096495,0.2435593993429904,0.2373258628107936,0.2905855745145269,0.1873809134271858,0.2510225589239049,0.2889238998346836,0.2389190646589454,0.3036633885271519,0.2907130042392583,0.2104817503945997,0.273779071756917,0.1784987225543714,0.2421137957353993,0.2519574378070571,0.2781996334589054,0.2428167637021582,0.2352421781896625,0.2453963766736955,0.2870403917089197,0.2790244030978095,0.2673383780879494,0.2557489822948178,0.2919627797527818,0.1789088905860076,0.2356842256554761,0.2392162846603634,0.2922747370905593,0.2214084926308913,0.2640700535954526,0.2664362360864268,0.1978438595909638
