0.0,0.3196990967713382,0.0,0.0,0.0,0.2970488012143384,0.0,0.4132897338561284,0.0,0.3258787836097003,0.0,0.320999802802309,0.2843276061998967,0.0,0.3397571319226266,0.3298145420219325,0.3521681539568658,0.3121014347826479,0.0,0.3465068647263422,0.3309913261437741,0.3366758267392583,0.3965363108501319,0.3240108822881085,0.3173367271633963,0.2918878181653219,0.3762656630811976,0.3302754038955679,0.306100536216966,0.0,0.3144967534708881,0.3662384379441012,0.3142553622299047,0.3179312448385232,0.3550624682556934,0.0,0.0,0.0,0.4002473065889583,0.3587153114395588,0.3821309234905656,0.0,0.0,0.0,0.0,0.3573496382331184,0.3846175605464399,0.0,0.0,0.0,0.0,0.0,0.0,0.0,0.3492532145195642,0.0,0.0,0.0,0.0,0.0,0.3700917818118018,0.0,0.3669181509786834,0.0,0.0,0.3443369016674037,0.3896848825729528,0.0,0.3789378462023507,0.3736045176095327,0.3698848975420483,0.0,0.0,0.0,0.0,0.0
0.3196990967713382,0.0,0.0,0.0,0.0,0.3489206810335019,0.3471080658895805,0.3736862250388545,0.301561846873882,0.0,0.0,0.0,0.3738748346172413,0.0,0.3447179851838017,0.3196669885411066,0.0,0.3200429987818898,0.0,0.3694746758580145,0.3282572054699871,0.3366261856971292,0.3660632418681705,0.0,0.3166337735076856,0.3126144055298406,0.3650050659569624,0.3566391417283113,0.349807604525124,0.0,0.2931856943837482,0.3541807927069638,0.2940594324695609,0.2991174397575805,0.3550943857064669,0.0,0.0,0.0,0.3796636333737204,0.349251584447711,0.3677840689697177,0.3878700523080481,0.0,0.0,0.0,0.375903026264926,0.3941709908915981,0.0,0.0,0.0,0.2956332815663257,0.0,0.0,0.0,0.0,0.0,0.0,0.0,0.0,0.3700767412365534,0.3638056546802986,0.0,0.3467345769747271,0.0,0.3557794043940609,0.391191732588821,0.394736869976156,0.2919811232583623,0.0,0.3486645753938797,0.3848445942880689,0.3187122471423287,0.0,0.3301767054327737,0.0,0.3334663277744765
0.0,0.0,0.0,0.2959505771788493,0.343165314743389,0.3630615323921869,0.3905255426539312,0.3822010764141183,0.2608266510671955,0.3142924520643351,0.2580638777417134,0.2580893167582329,0.3906409073054694,0.3589923833315451,0.0,0.0,0.0,0.0,0.2413829637815952,0.0,0.0,0.0,0.2940075020657142,0.0,0.0,0.0,0.2835634405135471,0.3949971146544505,0.0,0.0,0.4058211454869731,0.3677419693614468,0.2726591616824749,0.3981393844890264,0.3904546503357917,0.3446522331295531,0.3446098265261487,0.0,0.3767149675643104,0.0,0.3473683472635123,0.0,0.3881685632016208,0.0,0.0,0.0,0.0,0.4258089725287293,0.0,0.3505502370440532,0.4572288453437835,0.3992546713763706,0.4060029340427099,0.4553930021164706,0.0,0.4419825130886846,0.0,0.4000081262461213,0.4139692508118315,0.0,0.0,0.0,0.0,0.4785111813391082,0.0,0.0,0.0,0.4803199110526897,0.0,0.0,0.0,0.4594365098518397,0.328899897494199,0.0,0.0,0.0
0.0,0.0,0.2959505771788493,0.0,0.2030344847281762,0.3500301604465466,0.1873645107303187,0.2569715791496035,0.3524094230952609,0.1646261890480551,0.31785298199307,0.2212182103967897,0.2231420419746592,0.2405424562969572,0.0,0.0,0.0,0.0,0.3563631383556673,0.0,0.0,0.0,0.3204429933755512,0.0,0.0,0.0,0.3136476255706653,0.2104822147366118,0.0,0.0,0.2567777613738483,0.2550653011884979,0.0,0.2179030340351093,0.2547345492675569,0.1537863489098066,0.1502051437494047,0.2329210541394343,0.0,0.0,0.0,0.0,0.0,0.0,0.0,0.0,0.0,0.0,0.0,0.0,0.0,0.0,0.0,0.0,0.0,0.0,0.0,0.0,0.0,0.0,0.0,0.0,0.0,0.0,0.0,0.0,0.0,0.0,0.0,0.0,0.0,0.0,0.0,0.0,0.0,0.0
0.0,0.0,0.343165314743389,0.2030344847281762,0.0,0.3396744410609341,0.3125505276205631,0.2991234516310213,0.3098130770797594,0.3235573257805653,0.2937152579707195,0.3113149122969979,0.3322684087054402,0.2311870952175812,0.0,0.0,0.0,0.0,0.3298604924915566,0.0,0.0,0.4150786906284245,0.3613501594799576,0.0,0.0,0.3540644249882665,0.3693341626040896,0.3139002139946645,0.0,0.0,0.4052844406963983,0.2989192565734166,0.2961951353944521,0.3748188322614055,0.3687723605857364,0.1986826991163391,0.2013835736821047,0.2845820109173665,0.2922336119362467,0.0,0.0,0.0,0.2928612489884633,0.0,0.0,0.0,0.0,0.3977793506332435,0.0,0.2633500607510941,0.3937514833452558,0.0,0.4226481914793085,0.3493530769821541,0.0,0.3262264297563341,0.0,0.0,0.0,0.0,0.0,0.0,0.0,0.3892880047986646,0.0,0.0,0.0,0.4461628687914595,0.0,0.0,0.0,0.3897151566382179,0.0,0.0,0.0,0.0
0.2970488012143384,0.3489206810335019,0.3630615323921869,0.3500301604465466,0.3396744410609341,0.0,0.3667033711964765,0.3694542041827601,0.2978890683809746,0.3493587806493044,0.3038439417026901,0.2481504802423324,0.3490306868119028,0.3662023147644264,0.371233565250184,0.3623711002138724,0.0,0.3203146459688004,0.3328164984887882,0.3596402698829031,0.3543823145872292,0.3733063648978876,0.3618250736487668,0.0,0.3282164952755118,0.3333639142515993,0.3468146218968192,0.3353158611945071,0.292348766171996,0.3584020233267431,0.3829683545004003,0.3491047458477438,0.3206256477454542,0.3792418406391761,0.3915280103350912,0.3859199196978678,0.3706167290950115,0.2903313183657253,0.4232793382113701,0.0,0.4396888257791492,0.4007199875560741,0.3906977692701264,0.0,0.0,0.0,0.2269752258770985,0.4661041772295414,0.0,0.3693674298850293,0.4284072595155706,0.4363956580712224,0.4112781610419928,0.4600163138794484,0.0,0.4215958684723714,0.0,0.4199111444408957,0.0,0.3749354986390116,0.0,0.0,0.0,0.4342146537363875,0.3910983831597071,0.3533324891100897,0.2239887735629486,0.4488295715215415,0.0,0.0,0.2470054524566052,0.4349917188581016,0.4069089103466266,0.4024915473267653,0.3844398483266455,0.429591082295722
0.0,0.3471080658895805,0.3905255426539312,0.1873645107303187,0.3125505276205631,0.3667033711964765,0.0,0.3801472199020125,0.3559583126181009,0.2705376580155696,0.4164384399025477,0.3177349556380374,0.3106376586225095,0.2655693477206821,0.0,0.3681509175663559,0.0,0.3455978538328464,0.4227679925075275,0.3860284302796308,0.0,0.3994264874860079,0.3763067446950709,0.0,0.3349055438977815,0.3255066438656978,0.3752747765396223,0.3418056539186562,0.367809009307695,0.0,0.3812454118589042,0.345075205364201,0.3285032281546088,0.3726768709870101,0.3803600227177288,0.2268746693389914,0.1775999603955419,0.3165066987529479,0.3121570392539896,0.0,0.3062205848827888,0.0,0.3177462790554037,0.0,0.0,0.0,0.0,0.3509119700976362,0.0,0.0,0.3740202114839493,0.0,0.3736291887907745,0.3212355990403332,0.0,0.2953588506811072,0.0,0.0,0.0,0.0,0.0,0.0,0.0,0.330296836951768,0.0,0.0,0.0,0.4521215847119031,0.0,0.0,0.0,0.4117596672789684,0.0,0.0,0.0,0.0
0.4132897338561284,0.3736862250388545,0.3822010764141183,0.2569715791496035,0.2991234516310213,0.3694542041827601,0.3801472199020125,0.0,0.3769357693637414,0.2979946967356499,0.2573310399174593,0.359109912657817,0.3821548624898898,0.2930833370464216,0.2987140157474213,0.3975716936317007,0.0,0.4034000818478211,0.3377684101717286,0.0,0.313564128953933,0.3446375120438354,0.3118869644897518,0.4403827177109632,0.4202577896518631,0.4018601958574372,0.3838599818547483,0.3672418992641451,0.3463111229097401,0.3466025068786074,0.3887655424169937,0.2740297264060191,0.0,0.3984212203362043,0.3977516983048506,0.2042526076125161,0.2605627372624431,0.0,0.3843294340243846,0.0,0.4009941788791556,0.0,0.3070813902020993,0.0,0.0,0.0,0.0,0.424836964774089,0.0,0.3128755660767687,0.3608429053632594,0.4048554885172231,0.2588693099360504,0.4012301495637589,0.0,0.3499595646752527,0.0,0.3977776407493683,0.3621620224781413,0.3989042489382505,0.0,0.0,0.0,0.4131694876236244,0.3626069949632856,0.400528987395814,0.0,0.3820272246552307,0.0,0.0,0.0,0.3896038050475204,0.3630688860692601,0.3324403759335474,0.0,0.3822095016952862
0.0,0.301561846873882,0.2608266510671955,0.3524094230952609,0.3098130770797594,0.2978890683809746,0.3559583126181009,0.3769357693637414,0.0,0.3850975547938061,0.2718857842894642,0.3161908814788728,0.3874969771560009,0.3405650103583073,0.0,0.0,0.0,0.2592942485252947,0.2349321940009615,0.0,0.0,0.3863787515174701,0.3703922287795801,0.3215569302841042,0.2859686389170982,0.321358030693029,0.2939693142606253,0.4044382059786321,0.37615179513835,0.3834394639179412,0.4164159943290059,0.3843540693339985,0.3376066595889802,0.4084493175149224,0.3948168623624554,0.3743526409995965,0.3827941855014588,0.3194219926217717,0.3366848519479103,0.0,0.2856185981166112,0.0,0.3752914211947822,0.0,0.0,0.0,0.0,0.4570022880693001,0.0,0.29395063154442,0.4387346940370657,0.3412763683182756,0.4385084662308982,0.3863382678662349,0.0,0.4148853993382815,0.0,0.3309408491888265,0.3862588979786152,0.0,0.0,0.0,0.0,0.4130626596080544,0.0,0.0,0.0,0.463975114647269,0.0,0.0,0.0,0.4553064791867836,0.2946654466859185,0.0,0.0,0.0
0.3258787836097003,0.0,0.3142924520643351,0.1646261890480551,0.3235573257805653,0.3493587806493044,0.2705376580155696,0.2979946967356499,0.3850975547938061,0.0,0.3960147981516577,0.2195367080697385,0.3363832031959913,0.0,0.0,0.2944742734117381,0.2497080505737034,0.2835808364113857,0.3729753723640431,0.2558599397263306,0.0,0.2723918627662944,0.3170742880538446,0.2562272083997207,0.2749570276634103,0.2553958338498562,0.2993202550329606,0.3160273674548965,0.2582640041828756,0.0,0.2665659210843915,0.2804231422815902,0.2303922357521931,0.260036912542077,0.2508565568797932,0.2499571646424258,0.2404085883397567,0.2107384958387442,0.2020210661239928,0.2651917646016587,0.2737063497016706,0.0,0.0,0.0,0.2539491687074285,0.3591733637471304,0.0,0.0,0.0,0.0,0.0,0.0,0.0,0.0,0.3372036613291404,0.0,0.3450579030206778,0.0,0.0,0.0,0.0,0.3002255671869773,0.3087582478362424,0.0,0.0,0.0,0.0,0.0,0.3284826432279905,0.3334014733179552,0.3564308326850119,0.0,0.0,0.0,0.0,0.0
0.0,0.0,0.2580638777417134,0.31785298199307,0.2937152579707195,0.3038439417026901,0.4164384399025477,0.2573310399174593,0.2718857842894642,0.3960147981516577,0.0,0.3293160648944033,0.4089682809842238,0.2798033486629336,0.0,0.0,0.30677961996631,0.0,0.2134375959382374,0.0,0.0,0.0,0.2527027499662143,0.3651364506058515,0.0,0.249692954938701,0.31105316297519,0.4032440406735079,0.0,0.0,0.4223485527311721,0.3320631322818388,0.3260835214920509,0.4061131986800682,0.3943523148475475,0.2796957341241153,0.3764541876551677,0.3195916188064141,0.3095285197026745,0.0,0.0,0.0,0.3184410593190496,0.0,0.0,0.0,0.0,0.4111734495422527,0.0,0.2913129976010299,0.3677121802029902,0.327697045438272,0.3549262327963502,0.2830084394700938,0.0,0.3222233300780855,0.0,0.303023678441336,0.3665912329809768,0.0,0.0,0.0,0.0,0.3161687112775974,0.0,0.0,0.0,0.3781262246347938,0.0,0.0,0.0,0.4018704693554597,0.251979701176782,0.0,0.0,0.0
0.320999802802309,0.0,0.2580893167582329,0.2212182103967897,0.3113149122969979,0.2481504802423324,0.3177349556380374,0.359109912657817,0.3161908814788728,0.2195367080697385,0.3293160648944033,0.0,0.2697034435116958,0.0,0.0,0.0,0.2366705536119099,0.2090787525431523,0.2821422881310843,0.0,0.3534511020035261,0.0,0.2654959225351214,0.2477631767691887,0.263949305607054,0.2334741582545591,0.2610678149570296,0.2925472620257311,0.0,0.0,0.2740788450639612,0.2144517697582394,0.2071719040827764,0.208540395582381,0.2307262361005626,0.2638169252164253,0.2518624098913451,0.1906349986127025,0.2373092700112208,0.2345365239478983,0.2425341209600762,0.0,0.0,0.0,0.2368896278355476,0.0,0.0,0.0,0.0,0.0,0.0,0.0,0.0,0.0,0.3301605985973811,0.0,0.3452281700319448,0.0,0.0,0.0,0.0,0.2380574494253089,0.2855079023083718,0.0,0.0,0.0,0.0,0.0,0.3165337626320114,0.3153494293003148,0.341554945474632,0.0,0.0,0.0,0.0,0.2701084984301589
0.2843276061998967,0.3738748346172413,0.3906409073054694,0.2231420419746592,0.3322684087054402,0.3490306868119028,0.3106376586225095,0.3821548624898898,0.3874969771560009,0.3363832031959913,0.4089682809842238,0.2697034435116958,0.0,0.2782759100232792,0.3836242651120188,0.395255868416131,0.3158327233559759,0.3489207904350924,0.4141325332833438,0.3777201119845848,0.3674574701222197,0.4006770647975198,0.3743719635503892,0.2751914868915324,0.362893145643373,0.3645266528668144,0.3780577330626974,0.3041169287014024,0.3449508001197975,0.3506208378812158,0.355843536058306,0.3416246937406644,0.3284806345003589,0.3448359712180426,0.3518927295577238,0.2676165595547828,0.2508657190104383,0.2568590657444664,0.4293074113605118,0.3151542461030562,0.3742245110353491,0.3423016881421873,0.3272749522229078,0.0,0.0,0.0,0.0,0.3448980975405676,0.0,0.0,0.3696786281638838,0.3067271120238332,0.3995103798181888,0.0,0.0,0.3164944058870866,0.0,0.0,0.0,0.298669239762486,0.0,0.0,0.0,0.0,0.3315365355640855,0.0,0.2340916521150539,0.4446851979706201,0.0,0.2416476629417116,0.2448919060907813,0.4283765539635889,0.0,0.3578168995040268,0.0,0.0
0.0,0.0,0.3589923833315451,0.2405424562969572,0.2311870952175812,0.3662023147644264,0.2655693477206821,0.2930833370464216,0.3405650103583073,0.0,0.2798033486629336,0.0,0.2782759100232792,0.0,0.0,0.0,0.0,0.0,0.3381919978379384,0.0,0.4026592969191961,0.0,0.3247807176346797,0.0,0.0,0.0,0.3781557351942088,0.261528050404876,0.0,0.0,0.3649540195397354,0.1624247836968849,0.0,0.3485679800264255,0.0,0.1740934274962393,0.16986747672877,0.0,0.3153962373061046,0.0,0.0,0.0,0.0,0.0,0.0,0.0,0.0,0.347614687121263,0.0,0.0,0.0,0.0,0.0,0.3474324453969582,0.0,0.3176160191637172,0.0,0.0,0.0,0.0,0.0,0.0,0.0,0.0,0.0,0.0,0.0,0.3685334854309173,0.0,0.0,0.0,0.3493187123872244,0.0,0.0,0.0,0.0
0.3397571319226266,0.3447179851838017,0.0,0.0,0.0,0.371233565250184,0.0,0.2987140157474213,0.0,0.0,0.0,0.0,0.3836242651120188,0.0,0.0,0.3625362956826538,0.0,0.3438355643173231,0.0,0.284678993831397,0.3169546360025328,0.3130128328865795,0.34306238003076,0.3683485879731549,0.3264462380286659,0.297021397295992,0.3644461779583393,0.365049956144437,0.3560646767779243,0.0,0.3537133469988749,0.3703902514871834,0.3339815226701234,0.3623203185845635,0.4065675047742298,0.443789087538775,0.0,0.0,0.4061152526696729,0.3840193524650843,0.38155059476391,0.4367096115039351,0.0,0.0,0.0,0.0,0.4057460606219437,0.0,0.0,0.0,0.3760698613751292,0.0,0.0,0.0,0.0,0.0,0.0,0.3122905583636168,0.0,0.4145966057293943,0.3040244921655142,0.0,0.0,0.0,0.3442517027827385,0.4001222733668752,0.4116234336180057,0.4139276143083565,0.0,0.2532492735230608,0.3964696226582297,0.4184287309916568,0.3748281306058745,0.4051467427899617,0.0,0.3531731310078022
0.3298145420219325,0.3196669885411066,0.0,0.0,0.0,0.3623711002138724,0.3681509175663559,0.3975716936317007,0.0,0.2944742734117381,0.0,0.0,0.395255868416131,0.0,0.3625362956826538,0.0,0.3064103742239794,0.309546146149398,0.0,0.346018508252439,0.3421666314076504,0.3224342379609491,0.3700423236910526,0.2994353958782876,0.3203891515195985,0.3225857891774992,0.3672816633587755,0.361786441478609,0.3580165404585396,0.3152951550413223,0.3165461357459445,0.3856902027889314,0.3192807366122823,0.331104278861276,0.3839784147273277,0.0,0.0,0.0,0.3784656405245684,0.3471714115789727,0.3597876991283064,0.3773996942911375,0.0,0.0,0.0,0.38040923696798,0.3756241846912541,0.0,0.0,0.0,0.0,0.0,0.0,0.0,0.0,0.0,0.0,0.0,0.0,0.3895272067751915,0.3610862236875535,0.0,0.3565507521298249,0.0,0.3265352305037029,0.3870335100021906,0.3752512386253825,0.0,0.0,0.3671734816893697,0.3744307957262596,0.2765177995477211,0.0,0.2787562585520169,0.0,0.3390766656583603
0.3521681539568658,0.0,0.0,0.0,0.0,0.0,0.0,0.0,0.0,0.2497080505737034,0.30677961996631,0.2366705536119099,0.3158327233559759,0.0,0.0,0.3064103742239794,0.0,0.2792809559137025,0.0,0.3051021525092133,0.0,0.2878288583952672,0.0,0.3021149256825237,0.2949842501550004,0.2834157186531993,0.0,0.3221293682687522,0.3028964894020208,0.0,0.289495864778967,0.3667018209719861,0.2848632310353018,0.3074784943865973,0.3158880560925461,0.0,0.0,0.2091528861325655,0.0,0.3409081203219756,0.0,0.0,0.0,0.0,0.0,0.0,0.0,0.0,0.0,0.0,0.0,0.0,0.0,0.0,0.373774169212009,0.0,0.3653957988610734,0.0,0.0,0.0,0.0,0.3351427847761327,0.3557112449224442,0.0,0.0,0.0,0.0,0.0,0.3862919177470305,0.3809765649503538,0.3904675320477496,0.0,0.0,0.0,0.0,0.0
0.3121014347826479,0.3200429987818898,0.0,0.0,0.0,0.3203146459688004,0.3455978538328464,0.4034000818478211,0.2592942485252947,0.2835808364113857,0.0,0.2090787525431523,0.3489207904350924,0.0,0.3438355643173231,0.309546146149398,0.2792809559137025,0.0,0.0,0.3557142345337281,0.3669429823743066,0.3434662943535856,0.3715795913686042,0.298609218371021,0.2882027458899359,0.2978837162535831,0.3240500320113575,0.3453440640571344,0.3581460168393648,0.0,0.3201275356980249,0.3774725392653051,0.3086869872351687,0.3319966442427982,0.3536047349658394,0.0,0.0,0.0,0.3789522873375025,0.3587764025338202,0.3720593981325266,0.3801051938742827,0.0,0.0,0.0,0.3663977113738087,0.3650569325718403,0.0,0.0,0.0,0.0,0.0,0.0,0.0,0.3826873257165438,0.0,0.3726010488105046,0.0,0.0,0.0,0.3634390688715787,0.3663650637771484,0.3653554942714093,0.0,0.0,0.0,0.3538784753737828,0.0,0.3957451469161546,0.3741306925265239,0.3826062833852824,0.0,0.0,0.0,0.0,0.3898340724465789
0.0,0.0,0.2413829637815952,0.3563631383556673,0.3298604924915566,0.3328164984887882,0.4227679925075275,0.3377684101717286,0.2349321940009615,0.3729753723640431,0.2134375959382374,0.2821422881310843,0.4141325332833438,0.3381919978379384,0.0,0.0,0.0,0.0,0.0,0.0,0.0,0.0,0.2490905745808333,0.0,0.0,0.0,0.3268099115681361,0.4074991405462129,0.0,0.0,0.4222494421331008,0.3894949481067421,0.0,0.4033823957167616,0.3973504316107905,0.367627376340242,0.3828864339195299,0.3014591162099798,0.3266763668653197,0.0,0.0,0.0,0.3336154994558472,0.0,0.0,0.0,0.0,0.3856999702040399,0.0,0.2831141805122187,0.4196983986356356,0.3440305442373191,0.3961044818700926,0.412450537880641,0.0,0.4010264558132212,0.0,0.3142038162489832,0.3585896721102679,0.0,0.0,0.0,0.0,0.4071435244923324,0.0,0.0,0.0,0.437623529502431,0.0,0.0,0.0,0.4214810156392972,0.0,0.0,0.0,0.0
0.3465068647263422,0.3694746758580145,0.0,0.0,0.0,0.3596402698829031,0.3860284302796308,0.0,0.0,0.2558599397263306,0.0,0.0,0.3777201119845848,0.0,0.284678993831397,0.346018508252439,0.3051021525092133,0.3557142345337281,0.0,0.0,0.3667572787083189,0.3296371353408059,0.2688153837430696,0.0,0.3418114516984671,0.3555403792802775,0.3117045615357814,0.3405197375167183,0.2871106654296351,0.2929534376114125,0.3359084409052692,0.3838254621193873,0.33550677596334,0.3715989593804502,0.4172305511166235,0.4271000379761904,0.3770050791505818,0.0,0.4004390623471048,0.2890307708375608,0.3363125578767929,0.4011240204140792,0.0,0.0,0.0,0.0,0.3287793557915044,0.0,0.0,0.0,0.342633158256544,0.0,0.0,0.0,0.0,0.0,0.0,0.288927127579253,0.0,0.3984047918567981,0.215283495068807,0.0,0.0,0.0,0.4090368235645597,0.3852820469318573,0.403923451481964,0.4003853968288594,0.0,0.2133397005391258,0.3796041991894647,0.4206144902313122,0.2975550675072676,0.3816460343288806,0.3387593278963799,0.3556931608000038
0.3309913261437741,0.3282572054699871,0.0,0.0,0.0,0.3543823145872292,0.0,0.313564128953933,0.0,0.0,0.0,0.3534511020035261,0.3674574701222197,0.4026592969191961,0.3169546360025328,0.3421666314076504,0.0,0.3669429823743066,0.0,0.3667572787083189,0.0,0.3485995812232946,0.3275343639622554,0.415754569609908,0.367277798935521,0.3194606399486225,0.3730071721692515,0.3517128888213734,0.3555709909056687,0.0,0.334095792226471,0.3475174600003853,0.3105434744117555,0.3285388922064498,0.354685232095217,0.0,0.0,0.0,0.4118834284997729,0.3361482962428345,0.3755319020312772,0.4501813083879339,0.0,0.0,0.0,0.380777103381016,0.4056879972584482,0.0,0.0,0.0,0.3836721176693753,0.0,0.3212487035667353,0.0,0.0,0.0,0.0,0.0,0.0,0.3864839895658932,0.3255176496122364,0.0,0.0,0.0,0.4070894169492356,0.3445454026997275,0.4046100373452071,0.3909665877755355,0.0,0.3098893821366277,0.3991260301338427,0.4059020477480058,0.3699934904854047,0.3945157341988261,0.0,0.3720713462064458
0.3366758267392583,0.3366261856971292,0.0,0.0,0.4150786906284245,0.3733063648978876,0.3994264874860079,0.3446375120438354,0.3863787515174701,0.2723918627662944,0.0,0.0,0.4006770647975198,0.0,0.3130128328865795,0.3224342379609491,0.2878288583952672,0.3434662943535856,0.0,0.3296371353408059,0.3485995812232946,0.0,0.3804790087527064,0.0,0.3299719731603146,0.334280134149172,0.3782191831653827,0.3762071914731645,0.3507155310661711,0.3549079155469425,0.317346364662982,0.3733186544571292,0.3197007813151239,0.3485216400478659,0.4027097540722752,0.4275455827494142,0.3810299402951542,0.0,0.3912980905514303,0.3567304321888432,0.3834339111181887,0.407899898748105,0.336064404049907,0.0,0.0,0.3584197024318336,0.3970068315513028,0.0,0.0,0.0,0.3347579853953016,0.0,0.0,0.0,0.0,0.0,0.0,0.0,0.0,0.4175653824552499,0.3435896148329028,0.0,0.2683600482383867,0.0,0.4002397530883352,0.4078825751106066,0.4094882181324438,0.3964663801542628,0.0,0.3180261975842792,0.4099402631311878,0.3765889992557903,0.2365986050368597,0.3676622587691825,0.0,0.3251369382239173
0.3965363108501319,0.3660632418681705,0.2940075020657142,0.3204429933755512,0.3613501594799576,0.3618250736487668,0.3763067446950709,0.3118869644897518,0.3703922287795801,0.3170742880538446,0.2527027499662143,0.2654959225351214,0.3743719635503892,0.3247807176346797,0.34306238003076,0.3700423236910526,0.0,0.3715795913686042,0.2490905745808333,0.2688153837430696,0.3275343639622554,0.3804790087527064,0.0,0.4142022369792989,0.3744986734560857,0.381647841327089,0.2659108476241957,0.3661128598032231,0.3463260247199169,0.3512025834898012,0.3735934530422665,0.3516419424773286,0.307031870690344,0.3862860165644096,0.3825229625273422,0.3378340346430833,0.3412833966837213,0.2661842628595321,0.4197800918283689,0.4171664860613388,0.4487297522134739,0.4587645181050712,0.3877747113101175,0.3220866588316248,0.0,0.0,0.3164507789036223,0.4710293281692757,0.0,0.3896574600754574,0.433761635859469,0.4669927964808909,0.3989027636061368,0.4596912694965951,0.0,0.4215553819404494,0.0,0.4500601635938882,0.398779440856611,0.425101757486184,0.0,0.0,0.0,0.4515276377114607,0.4245641431322281,0.4027113440773906,0.4010494205278054,0.4517339250581411,0.0,0.2194276620079669,0.3161543004226942,0.4421606535113419,0.4278253562617783,0.418025108498107,0.4332692237371712,0.44192029858413
0.3240108822881085,0.0,0.0,0.0,0.0,0.0,0.0,0.4403827177109632,0.3215569302841042,0.2562272083997207,0.3651364506058515,0.2477631767691887,0.2751914868915324,0.0,0.3683485879731549,0.2994353958782876,0.3021149256825237,0.298609218371021,0.0,0.0,0.415754569609908,0.0,0.4142022369792989,0.0,0.2923313308548016,0.2841947072073441,0.321392841562363,0.3174264676057669,0.0,0.0,0.3039764175240527,0.3061989005076277,0.2294860145485232,0.2306241840271065,0.2636037143593888,0.0,0.2603290499379289,0.2211281117208729,0.174354413440885,0.308931538323432,0.2934743963802105,0.0,0.0,0.0,0.2487965724157671,0.3692832485334049,0.0,0.0,0.0,0.0,0.0,0.0,0.0,0.0,0.3654897167844488,0.0,0.3746181134361614,0.0,0.0,0.0,0.3723838243141069,0.3731477821229833,0.3816694064984993,0.0,0.0,0.0,0.0,0.0,0.4114395296387123,0.3901873827391393,0.3947627127765851,0.0,0.0,0.0,0.0,0.3994786900017654
0.3173367271633963,0.3166337735076856,0.0,0.0,0.0,0.3282164952755118,0.3349055438977815,0.4202577896518631,0.2859686389170982,0.2749570276634103,0.0,0.263949305607054,0.362893145643373,0.0,0.3264462380286659,0.3203891515195985,0.2949842501550004,0.2882027458899359,0.0,0.3418114516984671,0.367277798935521,0.3299719731603146,0.3744986734560857,0.2923313308548016,0.0,0.291516255472231,0.335203269447528,0.3478493083337745,0.3311246954270919,0.0,0.3079592605559363,0.3591304559707884,0.2687008110800157,0.3043130675087345,0.3315535796698552,0.0,0.0,0.2464582766056755,0.3764946791805618,0.3496440384386714,0.3694693425961527,0.3800251094626802,0.0,0.0,0.0,0.3701014799045867,0.3773065929495965,0.0,0.0,0.0,0.0,0.0,0.0,0.0,0.3908286827877945,0.0,0.3912043989248628,0.2344794157328786,0.0,0.3512259916231962,0.3635201179667986,0.384865979287448,0.36924799437214,0.0,0.337590041516614,0.0,0.3230474678753917,0.0,0.3937101958354939,0.3744137813072826,0.3824653913812927,0.0,0.0,0.2972724560316634,0.0,0.3752409717959006
0.2918878181653219,0.3126144055298406,0.0,0.0,0.3540644249882665,0.3333639142515993,0.3255066438656978,0.4018601958574372,0.321358030693029,0.2553958338498562,0.249692954938701,0.2334741582545591,0.3645266528668144,0.0,0.297021397295992,0.3225857891774992,0.2834157186531993,0.2978837162535831,0.0,0.3555403792802775,0.3194606399486225,0.334280134149172,0.381647841327089,0.2841947072073441,0.291516255472231,0.0,0.3700692494286364,0.3136614824294809,0.3301513057631776,0.0,0.3045291171525798,0.3548552583562652,0.2743402118655497,0.3103550734812845,0.3448121861721753,0.3816629039664001,0.0,0.2452110877717508,0.3763155433085433,0.3519021059618962,0.3645337347733589,0.3928247519906598,0.0,0.0,0.0,0.3659562690690718,0.3957798868624181,0.0,0.0,0.0,0.2418200351975701,0.0,0.0,0.0,0.3800332375139917,0.0,0.3790537869160422,0.2418846503215008,0.0,0.4164932155765781,0.3649142582813938,0.3809370863033405,0.3722775290539913,0.0,0.3511358383961303,0.4025409189442958,0.4017021019689265,0.3283077685700334,0.4008309163853644,0.3746895851283131,0.3827057304181209,0.3512452938134358,0.2816399391815837,0.2975768501935819,0.0,0.3662096486636666
0.3762656630811976,0.3650050659569624,0.2835634405135471,0.3136476255706653,0.3693341626040896,0.3468146218968192,0.3752747765396223,0.3838599818547483,0.2939693142606253,0.2993202550329606,0.31105316297519,0.2610678149570296,0.3780577330626974,0.3781557351942088,0.3644461779583393,0.3672816633587755,0.0,0.3240500320113575,0.3268099115681361,0.3117045615357814,0.3730071721692515,0.3782191831653827,0.2659108476241957,0.321392841562363,0.335203269447528,0.3700692494286364,0.0,0.3640272304073885,0.3304481616687874,0.3494900382763802,0.356931800323517,0.3638222388594621,0.3330415382897459,0.3829774278224695,0.4017970706361087,0.4066436521917484,0.366940891578113,0.2731740566604238,0.4168192459302913,0.3533227181553706,0.4338317576408832,0.4470080329488646,0.4249164166801707,0.2668042005253163,0.0,0.0,0.2676390292543679,0.4743504881808831,0.0,0.3442305387651544,0.438791517303751,0.461741408303147,0.4098461631417278,0.4662306672285173,0.0,0.4461213104153409,0.0,0.4302271781044975,0.4236724228717412,0.4251861573718752,0.0,0.0,0.0,0.4369008800628519,0.4134917853071791,0.4239495818762092,0.3693136735414301,0.4531930008680221,0.0,0.0,0.3494751456867873,0.4367610003689546,0.4087302245854644,0.383033456223599,0.4047239278618983,0.4227585091349372
0.3302754038955679,0.3566391417283113,0.3949971146544505,0.2104822147366118,0.3139002139946645,0.3353158611945071,0.3418056539186562,0.3672418992641451,0.4044382059786321,0.3160273674548965,0.4032440406735079,0.2925472620257311,0.3041169287014024,0.261528050404876,0.365049956144437,0.361786441478609,0.3221293682687522,0.3453440640571344,0.4074991405462129,0.3405197375167183,0.3517128888213734,0.3762071914731645,0.3661128598032231,0.3174264676057669,0.3478493083337745,0.3136614824294809,0.3640272304073885,0.0,0.2978643580348984,0.2750279830239712,0.3271223302645997,0.3302027166233308,0.3007594457201666,0.3196502153870154,0.265032945611619,0.2380352066931057,0.2212140860658117,0.260342619746016,0.3903011731153261,0.3419686977539969,0.3635339136580096,0.3564527153022992,0.3317971735524145,0.0,0.0,0.0,0.0,0.3029328806700935,0.0,0.0,0.3949379976808428,0.0,0.3629226177994792,0.2660566022624396,0.0,0.0,0.0,0.2913457235588896,0.0,0.3816570332198988,0.0,0.0,0.0,0.0,0.4037092277932442,0.383306084979221,0.292977359455754,0.4309671936701282,0.0,0.2451649147088847,0.2833704348984511,0.4262439297757114,0.3527648216164247,0.3672451721895072,0.0,0.3811612616052234
0.306100536216966,0.349807604525124,0.0,0.0,0.0,0.292348766171996,0.367809009307695,0.3463111229097401,0.37615179513835,0.2582640041828756,0.0,0.0,0.3449508001197975,0.0,0.3560646767779243,0.3580165404585396,0.3028964894020208,0.3581460168393648,0.0,0.2871106654296351,0.3555709909056687,0.3507155310661711,0.3463260247199169,0.0,0.3311246954270919,0.3301513057631776,0.3304481616687874,0.2978643580348984,0.0,0.3064193597592828,0.3192551248595481,0.3454759694104108,0.309476096785577,0.3660501299027538,0.3972072066530103,0.4112277777493212,0.3205680837360393,0.0,0.4029862039947667,0.2910870485077043,0.3597076518241747,0.3811686665480013,0.0,0.0,0.0,0.0,0.2629400876966538,0.0,0.0,0.0,0.3395231495701166,0.2843606948015821,0.3673829477848717,0.0,0.0,0.0,0.0,0.2616653748917902,0.0,0.4075199993055522,0.0,0.0,0.0,0.0,0.3812859611339284,0.3908698487754408,0.3238318431686544,0.4192371691102206,0.0,0.0,0.300314459202151,0.4197508392048533,0.3422242089213425,0.3881232820956054,0.3593710860848501,0.3854897210566946
0.0,0.0,0.0,0.0,0.0,0.3584020233267431,0.0,0.3466025068786074,0.3834394639179412,0.0,0.0,0.0,0.3506208378812158,0.0,0.0,0.3152951550413223,0.0,0.0,0.0,0.2929534376114125,0.0,0.3549079155469425,0.3512025834898012,0.0,0.0,0.0,0.3494900382763802,0.2750279830239712,0.3064193597592828,0.0,0.3046846713391163,0.3576458114539687,0.0,0.3538695880799481,0.3399444393935784,0.0,0.0,0.0,0.0,0.0,0.0,0.0,0.0,0.0,0.0,0.0,0.0,0.0,0.0,0.0,0.0,0.0,0.0,0.0,0.0,0.0,0.0,0.0,0.0,0.0,0.0,0.0,0.0,0.0,0.3919606353192865,0.0,0.0,0.408498068634977,0.0,0.0,0.0,0.4069619029849834,0.0,0.3471950357506416,0.0,0.0
0.3144967534708881,0.2931856943837482,0.4058211454869731,0.2567777613738483,0.4052844406963983,0.3829683545004003,0.3812454118589042,0.3887655424169937,0.4164159943290059,0.2665659210843915,0.4223485527311721,0.2740788450639612,0.355843536058306,0.3649540195397354,0.3537133469988749,0.3165461357459445,0.289495864778967,0.3201275356980249,0.4222494421331008,0.3359084409052692,0.334095792226471,0.317346364662982,0.3735934530422665,0.3039764175240527,0.3079592605559363,0.3045291171525798,0.356931800323517,0.3271223302645997,0.3192551248595481,0.3046846713391163,0.0,0.3569504098904468,0.2827547842129935,0.2678627539596689,0.2915741912322571,0.3738507764021799,0.3158415691346452,0.2505627280331911,0.4102555340914858,0.3482063939295119,0.4276868806592416,0.0,0.0,0.0,0.0,0.0,0.3695962872894787,0.0,0.0,0.0,0.4025058248729232,0.0,0.4216067358862521,0.0,0.3510171824740108,0.0,0.3670019838440502,0.0,0.0,0.4177435527396938,0.3586373686391156,0.3661368600358043,0.3635827106796864,0.0,0.4017785777309214,0.4055039381595375,0.3831479666107816,0.4488952564977047,0.407738018073399,0.3787513523579672,0.389537611315855,0.4359096954265105,0.3540671547939223,0.4041763656509413,0.0,0.4151535328857654
0.3662384379441012,0.3541807927069638,0.3677419693614468,0.2550653011884979,0.2989192565734166,0.3491047458477438,0.345075205364201,0.2740297264060191,0.3843540693339985,0.2804231422815902,0.3320631322818388,0.2144517697582394,0.3416246937406644,0.1624247836968849,0.3703902514871834,0.3856902027889314,0.3667018209719861,0.3774725392653051,0.3894949481067421,0.3838254621193873,0.3475174600003853,0.3733186544571292,0.3516419424773286,0.3061989005076277,0.3591304559707884,0.3548552583562652,0.3638222388594621,0.3302027166233308,0.3454759694104108,0.3576458114539687,0.3569504098904468,0.0,0.2926902288278833,0.3199809334180863,0.3412436515908615,0.2320782998873927,0.2744274368581654,0.2166706329377501,0.2466695665357756,0.2511235152893143,0.2744371902666783,0.3063208459548414,0.216848571035762,0.2186484438884957,0.2091147021616979,0.3782524395126437,0.3910321647874241,0.3402639272020401,0.0,0.0,0.4138823705820663,0.3583300326795703,0.3948019077936922,0.3488883826815596,0.3188742666488651,0.2863562024098109,0.2296678258869109,0.3584926788288173,0.0,0.4140101585528843,0.3268703561826354,0.3597827251917271,0.3288079217798049,0.3353727588921445,0.4145437724285561,0.4050861175955123,0.4042707605483565,0.4227910937682188,0.3712769040570322,0.3680919051105278,0.3959430824545612,0.4206964499736232,0.3520660727593455,0.4053834046272293,0.0,0.4226536520487727
0.3142553622299047,0.2940594324695609,0.2726591616824749,0.0,0.2961951353944521,0.3206256477454542,0.3285032281546088,0.0,0.3376066595889802,0.2303922357521931,0.3260835214920509,0.2071719040827764,0.3284806345003589,0.0,0.3339815226701234,0.3192807366122823,0.2848632310353018,0.3086869872351687,0.0,0.33550677596334,0.3105434744117555,0.3197007813151239,0.307031870690344,0.2294860145485232,0.2687008110800157,0.2743402118655497,0.3330415382897459,0.3007594457201666,0.309476096785577,0.0,0.2827547842129935,0.2926902288278833,0.0,0.2406330020492724,0.3305305715106472,0.3872506151321175,0.2941236715577454,0.1787538326563223,0.2243240768566463,0.2008898663201431,0.2237620333517833,0.2870797777646794,0.0,0.0,0.190436235534531,0.3547904497845574,0.3686821867844917,0.0,0.0,0.0,0.0,0.0,0.0,0.0,0.2974798187443306,0.0,0.2986002230082474,0.0,0.0,0.3946900045727178,0.3493878674376056,0.2913679100255607,0.3249028166491135,0.0,0.3693422254605952,0.3855516789826117,0.393456960784195,0.4111200095562975,0.3160344421268985,0.3476953542327329,0.3586907964946823,0.4134708890647161,0.0,0.0,0.0,0.0
0.3179312448385232,0.2991174397575805,0.3981393844890264,0.2179030340351093,0.3748188322614055,0.3792418406391761,0.3726768709870101,0.3984212203362043,0.4084493175149224,0.260036912542077,0.4061131986800682,0.208540395582381,0.3448359712180426,0.3485679800264255,0.3623203185845635,0.331104278861276,0.3074784943865973,0.3319966442427982,0.4033823957167616,0.3715989593804502,0.3285388922064498,0.3485216400478659,0.3862860165644096,0.2306241840271065,0.3043130675087345,0.3103550734812845,0.3829774278224695,0.3196502153870154,0.3660501299027538,0.3538695880799481,0.2678627539596689,0.3199809334180863,0.2406330020492724,0.0,0.287684726227923,0.327436238340143,0.2597749351165642,0.1869460058553036,0.2631397050788653,0.2383618195800424,0.2249572430282888,0.2895641151452248,0.2018208442240675,0.1975108039971525,0.1825341085030621,0.3622128108201861,0.3743675125526607,0.3049384003819784,0.0,0.0,0.3929647978656274,0.3028907822699891,0.4132645589448018,0.2752033873904364,0.3348899233945989,0.0,0.3355473183972396,0.3768605442045028,0.0,0.4153593458380235,0.3517493329277268,0.3625141511054437,0.3634100999995686,0.0,0.423697049601185,0.3805887640879714,0.3912542956156937,0.4478301095817987,0.3616490585944623,0.3671652899069102,0.3807798480475353,0.4459374380532287,0.3773773850110885,0.4159864245461181,0.0,0.4163150559282645
0.3550624682556934,0.3550943857064669,0.3904546503357917,0.2547345492675569,0.3687723605857364,0.3915280103350912,0.3803600227177288,0.3977516983048506,0.3948168623624554,0.2508565568797932,0.3943523148475475,0.2307262361005626,0.3518927295577238,0.0,0.4065675047742298,0.3839784147273277,0.3158880560925461,0.3536047349658394,0.3973504316107905,0.4172305511166235,0.354685232095217,0.4027097540722752,0.3825229625273422,0.2636037143593888,0.3315535796698552,0.3448121861721753,0.4017970706361087,0.265032945611619,0.3972072066530103,0.3399444393935784,0.2915741912322571,0.3412436515908615,0.3305305715106472,0.287684726227923,0.0,0.3398766600141765,0.2953764897545475,0.2384923713726398,0.2891808334862158,0.2993947322046017,0.2982278319596219,0.3411068491528169,0.2346670233535294,0.2388418132762365,0.2565211908235703,0.0,0.3996943523086508,0.0,0.0,0.0,0.3677939573954834,0.0,0.0,0.0,0.0,0.0,0.3642497967455546,0.3436983376026244,0.0,0.432205891745502,0.3601386845494021,0.0,0.0,0.0,0.4180250497752606,0.0,0.4251188666118409,0.4492536042231399,0.0,0.3717640581706831,0.4065393259290795,0.450445185567991,0.3024799551700904,0.3987121613358322,0.0,0.0
0.0,0.0,0.3446522331295531,0.1537863489098066,0.1986826991163391,0.3859199196978678,0.2268746693389914,0.2042526076125161,0.3743526409995965,0.2499571646424258,0.2796957341241153,0.2638169252164253,0.2676165595547828,0.1740934274962393,0.443789087538775,0.0,0.0,0.0,0.367627376340242,0.4271000379761904,0.0,0.4275455827494142,0.3378340346430833,0.0,0.0,0.3816629039664001,0.4066436521917484,0.2380352066931057,0.4112277777493212,0.0,0.3738507764021799,0.2320782998873927,0.3872506151321175,0.327436238340143,0.3398766600141765,0.0,0.1876204061908842,0.263146472472646,0.244806246197304,0.2582286739616211,0.3106718753088648,0.2984911265459251,0.2608307042480671,0.2375840625346368,0.0,0.0,0.0,0.3227027762893227,0.0,0.2788579881017229,0.3756960615553302,0.2918171734579074,0.2597438272056809,0.0,0.0,0.2948853314648159,0.0,0.3018374896261146,0.0,0.0,0.0,0.0,0.0,0.3059483134590063,0.0,0.0,0.0,0.3846224916072923,0.0,0.0,0.0,0.3921742002898332,0.2659942361394032,0.3587700870729504,0.0,0.0
0.0,0.0,0.3446098265261487,0.1502051437494047,0.2013835736821047,0.3706167290950115,0.1775999603955419,0.2605627372624431,0.3827941855014588,0.2404085883397567,0.3764541876551677,0.2518624098913451,0.2508657190104383,0.16986747672877,0.0,0.0,0.0,0.0,0.3828864339195299,0.3770050791505818,0.0,0.3810299402951542,0.3412833966837213,0.2603290499379289,0.0,0.0,0.366940891578113,0.2212140860658117,0.3205680837360393,0.0,0.3158415691346452,0.2744274368581654,0.2941236715577454,0.2597749351165642,0.2953764897545475,0.1876204061908842,0.0,0.2542719628090447,0.2491603004800322,0.0,0.2396514252598947,0.2833735127066092,0.2088601906704497,0.0,0.0,0.0,0.0,0.0,0.0,0.0,0.0,0.0,0.0,0.0,0.0,0.0,0.0,0.0,0.0,0.0,0.0,0.0,0.0,0.0,0.0,0.0,0.0,0.2965545843109703,0.0,0.0,0.0,0.0,0.0,0.0,0.0,0.0
0.0,0.0,0.0,0.2329210541394343,0.2845820109173665,0.2903313183657253,0.3165066987529479,0.0,0.3194219926217717,0.2107384958387442,0.3195916188064141,0.1906349986127025,0.2568590657444664,0.0,0.0,0.0,0.2091528861325655,0.0,0.3014591162099798,0.0,0.0,0.0,0.2661842628595321,0.2211281117208729,0.2464582766056755,0.2452110877717508,0.2731740566604238,0.260342619746016,0.0,0.0,0.2505627280331911,0.2166706329377501,0.1787538326563223,0.1869460058553036,0.2384923713726398,0.263146472472646,0.2542719628090447,0.0,0.2266491754287128,0.1645896785120082,0.1979450338740219,0.0,0.0,0.0,0.1730431138332849,0.0,0.0,0.0,0.0,0.0,0.0,0.0,0.0,0.0,0.2989556290695474,0.0,0.2540032903702325,0.0,0.0,0.0,0.0,0.0,0.0,0.0,0.0,0.0,0.0,0.0,0.256579665859778,0.0,0.0,0.0,0.0,0.0,0.0,0.0
0.4002473065889583,0.3796636333737204,0.3767149675643104,0.0,0.2922336119362467,0.4232793382113701,0.3121570392539896,0.3843294340243846,0.3366848519479103,0.2020210661239928,0.3095285197026745,0.2373092700112208,0.4293074113605118,0.3153962373061046,0.4061152526696729,0.3784656405245684,0.0,0.3789522873375025,0.3266763668653197,0.4004390623471048,0.4118834284997729,0.3912980905514303,0.4197800918283689,0.174354413440885,0.3764946791805618,0.3763155433085433,0.4168192459302913,0.3903011731153261,0.4029862039947667,0.0,0.4102555340914858,0.2466695665357756,0.2243240768566463,0.2631397050788653,0.2891808334862158,0.244806246197304,0.2491603004800322,0.2266491754287128,0.0,0.2769006390198752,0.3279689107113774,0.3419119056556181,0.2383757408708624,0.2703255179550437,0.2270566875617773,0.3538130449390312,0.3493865080750072,0.3650257341715782,0.2601572765400863,0.3120343252839523,0.3596067032630824,0.327832216564089,0.3133928819688768,0.3722225673676563,0.273917406030066,0.3199576089149618,0.2237845414964252,0.3308075831890136,0.2194517203806988,0.3791134180732446,0.3658907956100095,0.3710291009982061,0.3779234423741008,0.3586728532126437,0.3968037881115001,0.3577510178448805,0.3771835420108694,0.3536737754442325,0.2346535705496441,0.3490200832800745,0.3460073103587478,0.3642741132701673,0.3022934934112548,0.3603967159917231,0.3645455510298838,0.3449783145115109
0.3587153114395588,0.349251584447711,0.0,0.0,0.0,0.0,0.0,0.0,0.0,0.2651917646016587,0.0,0.2345365239478983,0.3151542461030562,0.0,0.3840193524650843,0.3471714115789727,0.3409081203219756,0.3587764025338202,0.0,0.2890307708375608,0.3361482962428345,0.3567304321888432,0.4171664860613388,0.308931538323432,0.3496440384386714,0.3519021059618962,0.3533227181553706,0.3419686977539969,0.2910870485077043,0.0,0.3482063939295119,0.2511235152893143,0.2008898663201431,0.2383618195800424,0.2993947322046017,0.2582286739616211,0.0,0.1645896785120082,0.2769006390198752,0.0,0.2425555204694843,0.3107123039958012,0.2983799655220719,0.2094882256452877,0.1731585263721533,0.2863526789577028,0.2908046226653431,0.2525315490722248,0.0,0.3283243035752856,0.3233559352823772,0.3252371548012734,0.2644874571938921,0.2878454932965707,0.2660342242370466,0.3187690109766526,0.2152805685487261,0.2940676905843825,0.0,0.3267904581299348,0.2969464101996646,0.2951854111822145,0.3074320723197716,0.2714607153903507,0.3202365671691977,0.2810385818196553,0.3075913615914424,0.3168794037474373,0.2044095061074705,0.2754212125173847,0.2853231737148045,0.3287018149778909,0.2663982477770011,0.3115044553285002,0.3134028326618096,0.2780842993557559
