0.0,0.2363107113007934,0.0,0.0,0.0,0.2351370386499036,0.0,0.3243333244570056,0.0,0.2482361612172195,0.0,0.2487102365533838,0.0,0.0,0.25943145045632,0.2302346485226404,0.2270092586895902,0.2417862233883125,0.0,0.2941398589629638,0.2600632737467672,0.2513382406052866,0.286294405233422,0.2368693327243515,0.2422191381380328,0.2276471226371873,0.2664650175228824,0.2380798745808918,0.2691509904496285,0.0,0.2395682691674374,0.2549426209220161,0.2169404098973569,0.2185093051373744,0.2194854837356718,0.0,0.0,0.0,0.2934801880669353,0.281665866927454,0.2742793773654289,0.0,0.0,0.0,0.0,0.2569102307245977,0.2902350201666834,0.0,0.0,0.0,0.0,0.0,0.0,0.0,0.2894503132193903,0.0,0.0,0.0,0.0,0.0,0.2883320899534704,0.0,0.2903919673405422,0.0,0.0,0.0,0.0,0.0,0.0,0.2930443200000339,0.2950767560050892,0.0,0.0,0.0,0.0,0.0
0.2363107113007934,0.0,0.0,0.0,0.2638105693583095,0.265673413028377,0.2882924848230609,0.2816638543235332,0.2510896453542237,0.0,0.0,0.0,0.286122017245898,0.0,0.2624834474476636,0.2365746700750243,0.0,0.2455444422716707,0.0,0.2672119906500324,0.2383624897023813,0.2418487534392644,0.2659898692907463,0.0,0.2453581177475791,0.2357914191312235,0.2642336167154114,0.268649590081311,0.2582777184728212,0.0,0.207704456165228,0.2384682270486703,0.1939545451552083,0.1995674132205078,0.2010942823780321,0.0,0.0,0.0,0.2897130993867309,0.2716849075696262,0.2830808286782324,0.3092862572348378,0.0,0.0,0.0,0.2668585703410621,0.2880386314467866,0.0,0.0,0.0,0.0,0.0,0.0,0.0,0.0,0.0,0.0,0.0,0.0,0.3016031782989155,0.282630883618184,0.0,0.2826986518788627,0.0,0.2776261662790674,0.2831435249417446,0.2965904095352365,0.2483846607882998,0.0,0.2841339825372612,0.2915879776531636,0.2587845100093927,0.0,0.2853162690590126,0.0,0.272204694762888
0.0,0.0,0.0,0.0,0.2643327579971292,0.2725950327841626,0.2873187180612868,0.3178181030160386,0.2079569429538717,0.2916811456888756,0.2331863283669354,0.0,0.3025770255059082,0.2680089728440475,0.0,0.0,0.0,0.0,0.172858071242648,0.0,0.0,0.0,0.2022821322156273,0.0,0.0,0.0,0.2176781430254528,0.3109581815576888,0.0,0.2998194912226731,0.3202964992421833,0.2949748434603381,0.0,0.317657063409057,0.3118231854229146,0.2659658089230753,0.2815930445704356,0.0,0.3715368223740163,0.0,0.0,0.0,0.3536358290816426,0.0,0.0,0.0,0.0,0.272132092781931,0.0,0.3569151509022402,0.380162023304834,0.0,0.3910131808615521,0.3890405493164791,0.0,0.3619771871688087,0.0,0.0,0.3535843371448234,0.0,0.0,0.0,0.0,0.3650471172261675,0.0,0.0,0.0,0.3887547735633767,0.0,0.0,0.0,0.3895887979162306,0.0,0.0,0.0,0.0
0.0,0.0,0.0,0.0,0.1595869910897471,0.2694409762033836,0.1839818628873855,0.2014539621576961,0.2692022914781721,0.0,0.2397601079028601,0.0,0.2092336140691496,0.1958218533087511,0.0,0.0,0.0,0.0,0.2549059590890388,0.0,0.0,0.0,0.2590109450272047,0.0,0.0,0.0,0.2719520769286396,0.1563661270487662,0.0,0.0,0.0,0.1968582157882389,0.0,0.1920642425299009,0.2466160319164806,0.141097745463697,0.1182890568544577,0.0,0.0,0.0,0.0,0.0,0.0,0.0,0.0,0.0,0.0,0.0,0.0,0.0,0.0,0.0,0.0,0.0,0.0,0.0,0.0,0.0,0.0,0.0,0.0,0.0,0.0,0.0,0.0,0.0,0.0,0.0,0.0,0.0,0.0,0.0,0.0,0.0,0.0,0.0
0.0,0.2638105693583095,0.2643327579971292,0.1595869910897471,0.0,0.2568489621389461,0.2371157349195923,0.265504515323273,0.2362645599665103,0.3207956484333236,0.2332664667889679,0.2743611312900742,0.2540924028205359,0.176099473878274,0.0,0.0,0.0,0.0,0.2581064079211829,0.284181699519489,0.0,0.290898582729785,0.2660369521781166,0.0,0.254455452963131,0.0,0.2680655013200941,0.2680413349794063,0.2613044559071052,0.0,0.3024472027485496,0.2519262295531654,0.2526668723460165,0.2869908408166598,0.2903715483694239,0.1474535504918457,0.1758644868404913,0.2368795535521493,0.0,0.0,0.0,0.0,0.3112406618836286,0.0,0.0,0.0,0.0,0.3505009699818781,0.0,0.0,0.0,0.0,0.3309661345607753,0.3312262867869116,0.0,0.323903625910003,0.0,0.0,0.0,0.0,0.0,0.0,0.0,0.0,0.0,0.0,0.0,0.3624394333242376,0.0,0.0,0.0,0.3450336227339816,0.0,0.0,0.0,0.0
0.2351370386499036,0.265673413028377,0.2725950327841626,0.2694409762033836,0.2568489621389461,0.0,0.2727500082787537,0.2599280226877061,0.2245549289223333,0.2298751783591938,0.2602953578586644,0.0,0.2406888759363641,0.2738913875838115,0.2564931627727256,0.2610776533561458,0.0,0.23403302394259,0.2849283362045239,0.2502271133512809,0.2505138088204643,0.2700852965822898,0.2426305576371753,0.0,0.2588679166492217,0.2632407462439947,0.2357202583410493,0.2269439281235205,0.2134004825749425,0.2685430091658975,0.2722124963690495,0.2768905587125747,0.2319044822895865,0.2729806931028419,0.2971439946193063,0.2830326478832891,0.2933648990655435,0.0,0.3334482675610861,0.0,0.2712446983777315,0.3280917156507532,0.3249272498923875,0.0,0.0,0.0,0.0,0.3548259839126679,0.0,0.0,0.3431150027886889,0.3359901192417751,0.3067593649570369,0.3584818837663647,0.0,0.3211122907293218,0.0,0.3404138290636203,0.0,0.2741477395544525,0.0,0.0,0.0,0.3463091174695668,0.2978901545573209,0.2552916437237904,0.2623905673719005,0.3460698909059257,0.0,0.0,0.0,0.3438471676917838,0.349155297809603,0.3177623750031805,0.0,0.3379556177647363
0.0,0.2882924848230609,0.2873187180612868,0.1839818628873855,0.2371157349195923,0.2727500082787537,0.0,0.2907322795408742,0.2704875359780463,0.3672021574480588,0.2874830301621206,0.264870193160833,0.2294273361358698,0.1827241831564327,0.0,0.2799478208620458,0.2615574580145017,0.2653036341684305,0.290417516239037,0.2905094271427524,0.0,0.3094227037732906,0.2788763077555954,0.284799204940701,0.2687572097113197,0.257787292733793,0.2822992751030926,0.2349390695859021,0.2790192573674449,0.0,0.2878589945818334,0.2354125888641493,0.2636358211920331,0.2814663652168903,0.2748334470610916,0.1854283822070655,0.2220738051728155,0.2668681477636005,0.0,0.0,0.0,0.0,0.0,0.0,0.0,0.0,0.0,0.0,0.0,0.0,0.3090881812683958,0.0,0.0,0.0,0.0,0.0,0.0,0.0,0.0,0.0,0.0,0.0,0.0,0.0,0.0,0.0,0.0,0.3425800048495648,0.0,0.0,0.0,0.3309791561315472,0.0,0.0,0.0,0.0
0.3243333244570056,0.2816638543235332,0.3178181030160386,0.2014539621576961,0.265504515323273,0.2599280226877061,0.2907322795408742,0.0,0.3029482852753758,0.294905884460427,0.2062172490076528,0.0,0.2935944086924301,0.2459843938017413,0.0,0.2709634317189309,0.0,0.2795422742149663,0.3022285390349871,0.2572997557297373,0.2729793066337361,0.2678531579498808,0.2434154332373777,0.3348189559364112,0.3180680141295794,0.3101238850202788,0.2760922306607505,0.2937898118506989,0.2495725041763323,0.2805967254239379,0.3024542057805829,0.2803513118605445,0.2895450037529029,0.305175574592567,0.3109886483699851,0.2156757337134172,0.2816709953577125,0.0,0.3255933507889008,0.0,0.3432390017231372,0.0,0.3021334906059068,0.0,0.0,0.0,0.0,0.3707897673168538,0.0,0.349853476770727,0.3286375000101185,0.335672946521119,0.2710385931723669,0.377092118278051,0.0,0.3409304463555752,0.0,0.3353317185329061,0.336031144275083,0.3088525833016079,0.0,0.0,0.0,0.367605152558224,0.3144439862925383,0.2613991835674925,0.0,0.3335089579051756,0.0,0.0,0.0,0.3435534511464149,0.3334667963008892,0.2974402123333157,0.0,0.3267167050244662
0.0,0.2510896453542237,0.2079569429538717,0.2692022914781721,0.2362645599665103,0.2245549289223333,0.2704875359780463,0.3029482852753758,0.0,0.3241772229239323,0.2101420396460877,0.2692675596692131,0.271068454036266,0.2594774397674333,0.0,0.2465580055678726,0.0,0.0,0.2078285489583264,0.26023671175573,0.0,0.2724470597496007,0.2654305949923067,0.0,0.0,0.0,0.2416957154424425,0.3050331476019097,0.2488514350043449,0.2787416869880997,0.3139717737098919,0.2908950159307326,0.2782194201686631,0.3102426404355006,0.3013964864765865,0.2739307896806047,0.290108974026476,0.2635182550705184,0.353991837640191,0.0,0.0,0.0,0.0,0.0,0.0,0.0,0.0,0.3748498168460527,0.0,0.0,0.3663058887436805,0.0,0.3670006627286853,0.3607318890063308,0.0,0.3528132260063149,0.0,0.0,0.3747125828460358,0.0,0.0,0.0,0.0,0.3675814713523674,0.0,0.0,0.0,0.3733352471570775,0.0,0.0,0.0,0.3682855302411452,0.0,0.0,0.0,0.0
0.2482361612172195,0.0,0.2916811456888756,0.0,0.3207956484333236,0.2298751783591938,0.3672021574480588,0.294905884460427,0.3241772229239323,0.0,0.3207004052566394,0.21071738302686,0.3169558984086461,0.0,0.0,0.2472669712008362,0.2329475437273195,0.2622121234892962,0.3012693616738848,0.0,0.0,0.2083698687097557,0.2825367787631786,0.219984119210222,0.2251802367023167,0.2321138630026989,0.2548312072743372,0.3083419742598517,0.0,0.0,0.2617245263847669,0.2323209291484136,0.2029978258706845,0.222352579053501,0.2209870127874877,0.2512850640390031,0.2276412334131111,0.2046705659605546,0.2789654168912937,0.2830879550024051,0.2536517116956028,0.0,0.0,0.0,0.0,0.0,0.0,0.0,0.0,0.0,0.0,0.0,0.0,0.0,0.3043625354913309,0.0,0.3087095800140012,0.0,0.0,0.0,0.0,0.2764299995247831,0.2526302733890207,0.0,0.0,0.0,0.0,0.0,0.2862145113921215,0.2743364552964657,0.2918329247209988,0.0,0.2968109165490452,0.0,0.0,0.2922476809587366
0.0,0.0,0.2331863283669354,0.2397601079028601,0.2332664667889679,0.2602953578586644,0.2874830301621206,0.2062172490076528,0.2101420396460877,0.3207004052566394,0.0,0.2734514480978045,0.2927420445287563,0.1950461476470875,0.0,0.0,0.0,0.0,0.2006726594994965,0.0,0.0,0.0,0.2312570632739178,0.0,0.0,0.0,0.2617098421652518,0.2955482003573064,0.0,0.0,0.3141229408482363,0.2555202891138042,0.2640074418638134,0.3043409129112331,0.2912606052842251,0.2012469047657493,0.2763493727185965,0.2586524904232418,0.2896668289438977,0.0,0.0,0.0,0.2960644307281049,0.0,0.0,0.0,0.0,0.3664981111165084,0.0,0.3160067860556708,0.3382421904869447,0.3288807368413655,0.3239778218514418,0.3646373222536345,0.0,0.2287324447420574,0.0,0.3176758496125433,0.3095428589950904,0.0,0.0,0.0,0.0,0.3794866434015515,0.0,0.0,0.0,0.3685995268739409,0.0,0.0,0.0,0.3574441346120166,0.0,0.0,0.0,0.0
0.2487102365533838,0.0,0.0,0.0,0.2743611312900742,0.0,0.264870193160833,0.0,0.2692675596692131,0.21071738302686,0.2734514480978045,0.0,0.32535984843924,0.0,0.0,0.0,0.2191339261076546,0.2271378373168497,0.0,0.0,0.0,0.0,0.0,0.1871813075575326,0.2222619251672197,0.2130352072293472,0.0,0.2475592626097021,0.0,0.0,0.2544447513949049,0.1971741300144256,0.160940371881236,0.182105289888486,0.2169521001010071,0.2196040885313728,0.2176868139043935,0.152168611516258,0.0,0.287810632999092,0.2618122569277421,0.0,0.0,0.0,0.2392692542874962,0.0,0.0,0.0,0.0,0.0,0.0,0.0,0.0,0.0,0.3031905922830041,0.0,0.3113972081415348,0.0,0.0,0.0,0.0,0.2814696696989269,0.2462092980930984,0.0,0.0,0.0,0.0,0.0,0.2918028537767896,0.2680329176070225,0.2954420150000355,0.0,0.0,0.0,0.0,0.2976354228385424
0.0,0.286122017245898,0.3025770255059082,0.2092336140691496,0.2540924028205359,0.2406888759363641,0.2294273361358698,0.2935944086924301,0.271068454036266,0.3169558984086461,0.2927420445287563,0.32535984843924,0.0,0.1912616763268453,0.2805361498736052,0.2956643443433221,0.2741888401176812,0.2642407203719623,0.2969933890542203,0.2823848682551185,0.2788983703160634,0.3016176055548642,0.2892004862402315,0.3272559463744235,0.280157316702008,0.2788650815252422,0.2835816343192768,0.2336226115262803,0.2514219211039737,0.255270715347049,0.2914536275116392,0.2499890921527063,0.2696964276091973,0.2898624250968162,0.2746521164322659,0.2115636764070336,0.2325999717616578,0.2856779200681568,0.32513274813305,0.0,0.0,0.0,0.3002310285343511,0.0,0.0,0.0,0.0,0.3138404993085819,0.0,0.0,0.3326988078770526,0.0,0.3171175368890668,0.0,0.0,0.0,0.0,0.0,0.0,0.0,0.0,0.0,0.0,0.0,0.0,0.0,0.0,0.3431431863583692,0.0,0.0,0.0,0.3370773132536957,0.0,0.2979847858689369,0.0,0.0
0.0,0.0,0.2680089728440475,0.1958218533087511,0.176099473878274,0.2738913875838115,0.1827241831564327,0.2459843938017413,0.2594774397674333,0.0,0.1950461476470875,0.0,0.1912616763268453,0.0,0.0,0.0,0.0,0.0,0.2488975794464631,0.0,0.2933617901276992,0.0,0.263910423560369,0.0,0.0,0.0,0.0,0.1615456346208906,0.0,0.0,0.0,0.1658989551497232,0.0,0.0,0.0,0.1514039131200588,0.1304049807568331,0.0,0.0,0.0,0.0,0.0,0.0,0.0,0.0,0.0,0.0,0.3202547487566639,0.0,0.0,0.0,0.0,0.0,0.3389405115972635,0.0,0.2838659361460963,0.0,0.0,0.0,0.0,0.0,0.0,0.0,0.0,0.0,0.0,0.0,0.3312151111959142,0.0,0.0,0.0,0.0,0.0,0.0,0.0,0.0
0.25943145045632,0.2624834474476636,0.0,0.0,0.0,0.2564931627727256,0.0,0.0,0.0,0.0,0.0,0.0,0.2805361498736052,0.0,0.0,0.2747120408970387,0.0,0.2652866236488773,0.0,0.2173386603192142,0.2534107172577946,0.2108184945607099,0.2493768555796396,0.3045336064491019,0.259623665556148,0.2363787984653437,0.2498226075346803,0.2785968515597037,0.2633668986125768,0.0,0.2788354906955472,0.2894445333188614,0.2478641107538026,0.2920837417020331,0.3186228168320001,0.3483911905780722,0.0,0.0,0.3275682439735866,0.3109853023655414,0.3288090724899663,0.3498298668814646,0.0,0.0,0.0,0.0,0.3202973313775827,0.0,0.0,0.0,0.3037168560834181,0.0,0.0,0.0,0.0,0.0,0.0,0.0,0.0,0.2496529228578708,0.2981267929140389,0.0,0.0,0.0,0.3251815430601004,0.3052194202530083,0.3306542693290132,0.3235047919003242,0.0,0.0,0.3162087875292343,0.3262797752598516,0.3151034002216569,0.3192015935064705,0.0,0.3063593839756593
0.2302346485226404,0.2365746700750243,0.0,0.0,0.0,0.2610776533561458,0.2799478208620458,0.2709634317189309,0.2465580055678726,0.2472669712008362,0.0,0.0,0.2956643443433221,0.0,0.2747120408970387,0.0,0.2596202789366479,0.2449185799686889,0.0,0.257362117376866,0.242596597159163,0.2513464778714853,0.2688400488012019,0.2183527767087126,0.2497461191981359,0.2367187108838058,0.2627612857567737,0.2761010087770064,0.2665301564398072,0.2671256600362516,0.2488217389721472,0.2614186845644319,0.2209483852540104,0.2410122983819123,0.2836173155387216,0.0,0.0,0.0,0.288379219715494,0.2671210166017422,0.2700235579381452,0.2966522870202978,0.0,0.0,0.0,0.2731787299115825,0.2756383852496569,0.0,0.0,0.0,0.0,0.0,0.0,0.0,0.0,0.0,0.0,0.0,0.0,0.3002161314961967,0.2773206068299187,0.0,0.2842817203736494,0.0,0.2853687231797687,0.2666626748521755,0.2883192960877684,0.0,0.0,0.2848440980089917,0.2850006418681216,0.0,0.0,0.0,0.0,0.2681548443490666
0.2270092586895902,0.0,0.0,0.0,0.0,0.0,0.2615574580145017,0.0,0.0,0.2329475437273195,0.0,0.2191339261076546,0.2741888401176812,0.0,0.0,0.2596202789366479,0.0,0.2400003611637578,0.0,0.2317278869540704,0.0,0.2375243502580323,0.0,0.2176843606852085,0.218791624106787,0.2156019532852532,0.0,0.2509774249132894,0.0,0.0,0.2439620066814512,0.2593151251246394,0.1983554398973165,0.2370241224072511,0.2553991604349565,0.0,0.0,0.0,0.0,0.2759012754124466,0.2486160027571797,0.0,0.0,0.0,0.0,0.0,0.0,0.0,0.0,0.0,0.0,0.0,0.0,0.0,0.2990946598588903,0.0,0.3005262531496315,0.0,0.0,0.0,0.0,0.2680892507651819,0.2690724693290684,0.0,0.0,0.0,0.0,0.0,0.2598035280318481,0.2866878014439299,0.2922767949923425,0.0,0.0,0.0,0.0,0.0
0.2417862233883125,0.2455444422716707,0.0,0.0,0.0,0.23403302394259,0.2653036341684305,0.2795422742149663,0.0,0.2622121234892962,0.0,0.2271378373168497,0.2642407203719623,0.0,0.2652866236488773,0.2449185799686889,0.2400003611637578,0.0,0.0,0.259079338430392,0.2469474114318585,0.2497733853698982,0.2598755952697509,0.2103996073789934,0.2387574609697696,0.2434027191876461,0.241845932278832,0.2666559711826778,0.2648887165934508,0.0,0.2514688105082405,0.2317923343760039,0.2154128309464944,0.2402694048278656,0.2427453234295015,0.0,0.0,0.0,0.2906963309515207,0.271294188637196,0.2796611207135122,0.2963005323927078,0.0,0.0,0.0,0.2738406862767212,0.2711857632859622,0.0,0.0,0.0,0.0,0.0,0.0,0.0,0.2868305077308938,0.0,0.2982712264607276,0.0,0.0,0.0,0.2803960231452692,0.280435838947483,0.2883491578444546,0.0,0.0,0.0,0.2700636901943981,0.0,0.2521875374834754,0.2894370048847614,0.293412419478488,0.0,0.0,0.0,0.0,0.2834663634054792
0.0,0.0,0.172858071242648,0.2549059590890388,0.2581064079211829,0.2849283362045239,0.290417516239037,0.3022285390349871,0.2078285489583264,0.3012693616738848,0.2006726594994965,0.0,0.2969933890542203,0.2488975794464631,0.0,0.0,0.0,0.0,0.0,0.0,0.0,0.0,0.1976723128357453,0.0,0.0,0.0,0.2635419986982635,0.2993889162409723,0.0,0.0,0.3109374371025439,0.2750579734616935,0.0,0.298388713908622,0.2944556207208368,0.2546763033911987,0.2740911624429195,0.0,0.3446802002360666,0.0,0.0,0.0,0.2950114140069493,0.0,0.0,0.0,0.0,0.2314247207925669,0.0,0.0,0.3671593204198655,0.0,0.3694756816578627,0.3779036303159012,0.0,0.3067239844355574,0.0,0.0,0.335132754767971,0.0,0.0,0.0,0.0,0.3792081178654408,0.0,0.0,0.0,0.3839893657161329,0.0,0.0,0.0,0.3799362309871105,0.0,0.0,0.0,0.0
0.2941398589629638,0.2672119906500324,0.0,0.0,0.284181699519489,0.2502271133512809,0.2905094271427524,0.2572997557297373,0.26023671175573,0.0,0.0,0.0,0.2823848682551185,0.0,0.2173386603192142,0.257362117376866,0.2317278869540704,0.259079338430392,0.0,0.0,0.2722563399483056,0.2431823024435722,0.2146951941398822,0.0,0.2634999265235426,0.2696851689091087,0.2168322799939915,0.2581485610458658,0.2215756304724417,0.2582679680249144,0.2489642389850146,0.2954803722899681,0.2625404003436284,0.2829734883818371,0.3165674879949897,0.3378141888635712,0.301626015775643,0.0,0.3262577426150173,0.2905621406136867,0.3288620881140938,0.3465877830334052,0.0,0.0,0.0,0.0,0.2892466384517058,0.0,0.0,0.0,0.2926377729823387,0.0,0.0,0.0,0.0,0.0,0.0,0.0,0.0,0.3199346203177041,0.0,0.0,0.0,0.0,0.3176565932001184,0.2843935055554409,0.3236100531692092,0.3250585404571141,0.0,0.0,0.3135803314937063,0.3242731870886401,0.3303187535354437,0.3148708421737438,0.0,0.3169180450384938
0.2600632737467672,0.2383624897023813,0.0,0.0,0.0,0.2505138088204643,0.0,0.2729793066337361,0.0,0.0,0.0,0.0,0.2788983703160634,0.2933617901276992,0.2534107172577946,0.242596597159163,0.0,0.2469474114318585,0.0,0.2722563399483056,0.0,0.2742449877087724,0.257188826370759,0.3215155207195754,0.2760631112739987,0.2482477287353926,0.2761336187811739,0.2993005535437014,0.2781066840103098,0.2887150034929388,0.2672709104061942,0.2834372054552693,0.2286350237770772,0.2616498028055424,0.3149667745962822,0.2836080284675191,0.0,0.0,0.3108690152417099,0.2801726245148848,0.3041336010177564,0.3406156361682911,0.0,0.0,0.0,0.2918201862494046,0.3031677643614657,0.0,0.0,0.0,0.0,0.0,0.1783666042808608,0.0,0.0,0.0,0.0,0.0,0.0,0.2872120226245091,0.2838627508678826,0.0,0.0,0.0,0.2913507096391064,0.1871236173369944,0.3155676839071399,0.2979114175089077,0.0,0.2581750404311763,0.3143012513610139,0.3081102099838096,0.3133329396304704,0.2987872987315934,0.0,0.279620107329102
0.2513382406052866,0.2418487534392644,0.0,0.0,0.290898582729785,0.2700852965822898,0.3094227037732906,0.2678531579498808,0.2724470597496007,0.2083698687097557,0.0,0.0,0.3016176055548642,0.0,0.2108184945607099,0.2513464778714853,0.2375243502580323,0.2497733853698982,0.0,0.2431823024435722,0.2742449877087724,0.0,0.280913253790686,0.0,0.250100306968257,0.2536596248990765,0.2706805810553045,0.2875369516740659,0.2589798879646348,0.2782770273495146,0.2557276524129101,0.2898136049792175,0.2511940193094818,0.2839945842605896,0.3224583504323698,0.3461927495719853,0.3090846334325416,0.0,0.3143650297448904,0.3041647061165985,0.3150397723686758,0.3399317172733159,0.0,0.0,0.0,0.2576162221369807,0.3049940632645063,0.0,0.0,0.0,0.289678873175899,0.0,0.0,0.0,0.0,0.0,0.0,0.0,0.0,0.2304656774622954,0.2958985289423533,0.0,0.2505377714042318,0.0,0.3239587927878162,0.3112915966295197,0.3227338121782793,0.3231737739461924,0.0,0.2587587215119948,0.3180988724741238,0.3202395806202734,0.0,0.3114683366813984,0.0,0.2943326899922853
0.286294405233422,0.2659898692907463,0.2022821322156273,0.2590109450272047,0.2660369521781166,0.2426305576371753,0.2788763077555954,0.2434154332373777,0.2654305949923067,0.2825367787631786,0.2312570632739178,0.0,0.2892004862402315,0.263910423560369,0.2493768555796396,0.2688400488012019,0.0,0.2598755952697509,0.1976723128357453,0.2146951941398822,0.257188826370759,0.280913253790686,0.0,0.3108157135590528,0.2757989509159965,0.2794981499607771,0.2243344915377046,0.2882488778454269,0.2585319653615485,0.2783867460565415,0.2928872558518159,0.2837528659664876,0.2542449898632137,0.2982424643833085,0.3024471859860053,0.2693839055663491,0.2817537062199575,0.0,0.3445463363229941,0.3180252925305646,0.3553445184124404,0.3620245606663649,0.3404885463296587,0.0,0.0,0.0,0.2792178584561207,0.376910346975983,0.0,0.3533320078459622,0.3549750959433981,0.3552104867100918,0.3378615779342711,0.3837563289963797,0.0,0.367103132327538,0.0,0.3548831059442624,0.3420272060699386,0.3172386541667239,0.0,0.0,0.0,0.388900447307347,0.330413205523536,0.296152719882283,0.3246680175299244,0.3566817490152471,0.0,0.0,0.2996636684134252,0.3541322778149108,0.3539595874792279,0.3347070703060611,0.3487171370290908,0.3495439235760534
0.2368693327243515,0.0,0.0,0.0,0.0,0.0,0.284799204940701,0.3348189559364112,0.0,0.219984119210222,0.0,0.1871813075575326,0.3272559463744235,0.0,0.3045336064491019,0.2183527767087126,0.2176843606852085,0.2103996073789934,0.0,0.0,0.3215155207195754,0.0,0.3108157135590528,0.0,0.2080034730027262,0.2178279353284253,0.2392484918168257,0.2405426263165166,0.0,0.0,0.2462776716978173,0.1906526451567795,0.1585962233614339,0.1789987365125019,0.2134678812402747,0.0,0.0,0.1676962933076156,0.2231395394282183,0.2383628301178306,0.2227776067157869,0.0,0.0,0.0,0.2189502040731959,0.2727791427361148,0.0,0.0,0.0,0.0,0.0,0.0,0.0,0.0,0.2950142759332389,0.0,0.2933848707267566,0.0,0.0,0.0,0.2681196072307666,0.2847466664287042,0.2871914394756651,0.0,0.0,0.0,0.0,0.0,0.2869884190616332,0.2970086522215216,0.2991010918050069,0.0,0.0,0.0,0.0,0.2964689867275427
0.2422191381380328,0.2453581177475791,0.0,0.0,0.254455452963131,0.2588679166492217,0.2687572097113197,0.3180680141295794,0.0,0.2251802367023167,0.0,0.2222619251672197,0.280157316702008,0.0,0.259623665556148,0.2497461191981359,0.218791624106787,0.2387574609697696,0.0,0.2634999265235426,0.2760631112739987,0.250100306968257,0.2757989509159965,0.2080034730027262,0.0,0.236390000757908,0.2582751675890473,0.2690266988867603,0.2538080070458942,0.0,0.242019964485151,0.255343601056913,0.1922541906469686,0.2221104392698653,0.2426281492521538,0.0,0.0,0.0,0.2988268371388097,0.2752715556749363,0.2802932376127504,0.3020138298435459,0.0,0.0,0.0,0.2766135460626961,0.2928745087641135,0.0,0.0,0.0,0.0,0.0,0.0,0.0,0.2972746067675831,0.0,0.3082372526887381,0.0,0.0,0.0,0.292881543451065,0.2857043754021781,0.2930792136667345,0.0,0.2640149921039696,0.2816192005935656,0.2659179530794848,0.0,0.2714570260898162,0.2939850961891337,0.2975425478954144,0.0,0.0,0.0,0.0,0.288599128550315
0.2276471226371873,0.2357914191312235,0.0,0.0,0.0,0.2632407462439947,0.257787292733793,0.3101238850202788,0.0,0.2321138630026989,0.0,0.2130352072293472,0.2788650815252422,0.0,0.2363787984653437,0.2367187108838058,0.2156019532852532,0.2434027191876461,0.0,0.2696851689091087,0.2482477287353926,0.2536596248990765,0.2794981499607771,0.2178279353284253,0.236390000757908,0.0,0.2805079638624542,0.2434332841056669,0.2458322458886694,0.0,0.2432917545358725,0.2542555913944911,0.2152176642803319,0.2320364327600735,0.2621301199254922,0.299239222838949,0.0,0.1935451129302897,0.29979208392535,0.2810142751141302,0.2871078415659171,0.3163144858778406,0.0,0.0,0.2895967360213546,0.2752588875639726,0.299790337446259,0.0,0.0,0.0,0.0,0.0,0.0,0.0,0.3056831753299368,0.0,0.3150184359708664,0.0,0.0,0.3094882685004682,0.29163617154827,0.2934641865239425,0.2963385459017651,0.0,0.2795711056547923,0.3074488866045047,0.3170093140119127,0.2966641255522642,0.2856110024845114,0.2967826792202119,0.3007613493095652,0.2805564689775441,0.0,0.240796206994557,0.0,0.2886904835558371
0.2664650175228824,0.2642336167154114,0.2176781430254528,0.2719520769286396,0.2680655013200941,0.2357202583410493,0.2822992751030926,0.2760922306607505,0.2416957154424425,0.2548312072743372,0.2617098421652518,0.0,0.2835816343192768,0.0,0.2498226075346803,0.2627612857567737,0.0,0.241845932278832,0.2635419986982635,0.2168322799939915,0.2761336187811739,0.2706805810553045,0.2243344915377046,0.2392484918168257,0.2582751675890473,0.2805079638624542,0.0,0.2851517242857381,0.2242002652370561,0.2710708956534108,0.2726391135113198,0.284306423193954,0.2568399955643193,0.283659384249526,0.3010506124746319,0.3010413215294434,0.2874190491811322,0.0,0.3354019077556924,0.0,0.3013331595742467,0.3512261656597689,0.3296753372690875,0.0,0.0,0.0,0.2532029775486454,0.3761494345475124,0.0,0.0,0.3414497203205996,0.3365834186646094,0.3388655090425948,0.377342462099724,0.0,0.3653719797667715,0.0,0.3390029236294558,0.0,0.3157823311441632,0.0,0.0,0.0,0.3672135664406256,0.3239322583819585,0.2975256808821139,0.2932122257845326,0.3432856972772457,0.0,0.0,0.2969732240741066,0.3382272039887313,0.3474664392528568,0.3256653373777624,0.3386100447347652,0.3365951951721048
0.2380798745808918,0.268649590081311,0.3109581815576888,0.1563661270487662,0.2680413349794063,0.2269439281235205,0.2349390695859021,0.2937898118506989,0.3050331476019097,0.3083419742598517,0.2955482003573064,0.2475592626097021,0.2336226115262803,0.1615456346208906,0.2785968515597037,0.2761010087770064,0.2509774249132894,0.2666559711826778,0.2993889162409723,0.2581485610458658,0.2993005535437014,0.2875369516740659,0.2882488778454269,0.2405426263165166,0.2690266988867603,0.2434332841056669,0.2851517242857381,0.0,0.218989930539354,0.2151554968384832,0.2630310760533093,0.2520642817543454,0.2453192171368693,0.2446767777774197,0.2169104459164229,0.1693362342805146,0.1716539103965774,0.2315622525104079,0.3395876480250148,0.0,0.2960453852393973,0.3292712936869471,0.3080547258917843,0.0,0.0,0.0,0.0,0.0,0.0,0.0,0.349910413726173,0.0,0.3401880668634205,0.0,0.0,0.0,0.0,0.0,0.0,0.3081757302842904,0.0,0.0,0.0,0.0,0.3327467351924978,0.3153664815231325,0.0,0.3478253136029256,0.0,0.0,0.0,0.3404033119524936,0.3473670282851656,0.3334316098529241,0.0,0.3250560121057559
0.2691509904496285,0.2582777184728212,0.0,0.0,0.2613044559071052,0.2134004825749425,0.2790192573674449,0.2495725041763323,0.2488514350043449,0.0,0.0,0.0,0.2514219211039737,0.0,0.2633668986125768,0.2665301564398072,0.0,0.2648887165934508,0.0,0.2215756304724417,0.2781066840103098,0.2589798879646348,0.2585319653615485,0.0,0.2538080070458942,0.2458322458886694,0.2242002652370561,0.218989930539354,0.0,0.2454052330536729,0.2421779603356844,0.2798815292309647,0.2338775436751574,0.2626326664021524,0.2942815038238048,0.2966070477711435,0.2638229850287309,0.0,0.3291132417200998,0.0,0.3313218981749022,0.3338538443345953,0.0,0.0,0.0,0.0,0.2505281584848745,0.0,0.0,0.0,0.3125259039190384,0.0,0.2923913540465713,0.0,0.0,0.0,0.0,0.3078669594040432,0.0,0.3169382093979085,0.0,0.0,0.0,0.0,0.3229781844511354,0.2989059566537038,0.3187271200846251,0.3320230972895618,0.0,0.0,0.2634628065697914,0.3279528523702547,0.3416510853887352,0.3236256471337585,0.0,0.3245765327922831
0.0,0.0,0.2998194912226731,0.0,0.0,0.2685430091658975,0.0,0.2805967254239379,0.2787416869880997,0.0,0.0,0.0,0.255270715347049,0.0,0.0,0.2671256600362516,0.0,0.0,0.0,0.2582679680249144,0.2887150034929388,0.2782770273495146,0.2783867460565415,0.0,0.0,0.0,0.2710708956534108,0.2151554968384832,0.2454052330536729,0.0,0.2514865375552752,0.291286188863065,0.0,0.2608550454711615,0.27863889388762,0.0,0.0,0.0,0.337707831071504,0.0,0.0,0.0,0.0,0.0,0.0,0.0,0.0,0.0,0.0,0.0,0.0,0.0,0.0,0.0,0.0,0.0,0.0,0.0,0.0,0.0,0.0,0.0,0.0,0.0,0.3261557180090114,0.0,0.0,0.3494401563157541,0.0,0.0,0.0,0.3416257805777613,0.0,0.0,0.0,0.0
0.2395682691674374,0.207704456165228,0.3202964992421833,0.0,0.3024472027485496,0.2722124963690495,0.2878589945818334,0.3024542057805829,0.3139717737098919,0.2617245263847669,0.3141229408482363,0.2544447513949049,0.2914536275116392,0.0,0.2788354906955472,0.2488217389721472,0.2439620066814512,0.2514688105082405,0.3109374371025439,0.2489642389850146,0.2672709104061942,0.2557276524129101,0.2928872558518159,0.2462776716978173,0.242019964485151,0.2432917545358725,0.2726391135113198,0.2630310760533093,0.2421779603356844,0.2514865375552752,0.0,0.2680097779512173,0.2192715232766295,0.2127715262661562,0.2314252910775948,0.2965017713768322,0.2558139177123001,0.2328419666787151,0.3417153583955138,0.2829502092677984,0.3040230800311264,0.0,0.0,0.0,0.0,0.25310734421617,0.2808467412456512,0.0,0.0,0.0,0.347398773759316,0.0,0.3368763987136447,0.0,0.3068814957554297,0.0,0.3050409015879864,0.0,0.0,0.33006338628066,0.28376363499625,0.0,0.2856205625446072,0.0,0.3352839084616656,0.2992428453726351,0.3234440037544996,0.354668242885707,0.2835871032608217,0.2899189388487591,0.29642898754066,0.3470310036095878,0.3331749394113312,0.3411025900050238,0.0,0.2829239269684588
0.2549426209220161,0.2384682270486703,0.2949748434603381,0.1968582157882389,0.2519262295531654,0.2768905587125747,0.2354125888641493,0.2803513118605445,0.2908950159307326,0.2323209291484136,0.2555202891138042,0.1971741300144256,0.2499890921527063,0.1658989551497232,0.2894445333188614,0.2614186845644319,0.2593151251246394,0.2317923343760039,0.2750579734616935,0.2954803722899681,0.2834372054552693,0.2898136049792175,0.2837528659664876,0.1906526451567795,0.255343601056913,0.2542555913944911,0.284306423193954,0.2520642817543454,0.2798815292309647,0.291286188863065,0.2680097779512173,0.0,0.2187245568504907,0.2587756983995822,0.2667449364253245,0.1725108632820914,0.2158030861349719,0.1900830283023514,0.2490611603099805,0.2058919215200615,0.2594834035275731,0.2647063906759368,0.2646739135085044,0.1831172510222635,0.1869129730770468,0.265899106248147,0.2873570337814704,0.3295678806724191,0.0,0.0,0.3349756470369701,0.0,0.329413409282052,0.3050787669056396,0.2060798223231474,0.2971033080381352,0.1989053871758613,0.3610339703304088,0.0,0.3303721353450838,0.2725876827492391,0.0,0.2912389766567488,0.3188827085249385,0.3325455731844534,0.3108947945504637,0.3281540575112977,0.342096771982209,0.2626441092845091,0.2875727732445178,0.3018740875601307,0.3370734540797873,0.3530764205202564,0.3313380310653577,0.0,0.3327659555021471
0.2169404098973569,0.1939545451552083,0.0,0.0,0.2526668723460165,0.2319044822895865,0.2636358211920331,0.2895450037529029,0.2782194201686631,0.2029978258706845,0.2640074418638134,0.160940371881236,0.2696964276091973,0.0,0.2478641107538026,0.2209483852540104,0.1983554398973165,0.2154128309464944,0.0,0.2625404003436284,0.2286350237770772,0.2511940193094818,0.2542449898632137,0.1585962233614339,0.1922541906469686,0.2152176642803319,0.2568399955643193,0.2453192171368693,0.2338775436751574,0.0,0.2192715232766295,0.2187245568504907,0.0,0.1707430093061844,0.2694415987613877,0.2848169842960607,0.2021686708190673,0.1385126708272724,0.2444697273673612,0.2313771059271211,0.2118010659198567,0.2367109289850772,0.0,0.0,0.1812190108275541,0.2820129891591341,0.2851357499560266,0.0,0.0,0.0,0.0,0.0,0.0,0.0,0.2778954034671698,0.0,0.2789348712967285,0.0,0.0,0.3236527814242631,0.2803576327034174,0.2680765596254988,0.279820864665635,0.0,0.3012660901446811,0.274394232010235,0.3132399687500228,0.3161603062632474,0.2562489642716263,0.2793550246256628,0.2914943397460324,0.3142908026409181,0.0,0.2722323382130868,0.0,0.2782414120503689
0.2185093051373744,0.1995674132205078,0.317657063409057,0.1920642425299009,0.2869908408166598,0.2729806931028419,0.2814663652168903,0.305175574592567,0.3102426404355006,0.222352579053501,0.3043409129112331,0.182105289888486,0.2898624250968162,0.0,0.2920837417020331,0.2410122983819123,0.2370241224072511,0.2402694048278656,0.298388713908622,0.2829734883818371,0.2616498028055424,0.2839945842605896,0.2982424643833085,0.1789987365125019,0.2221104392698653,0.2320364327600735,0.283659384249526,0.2446767777774197,0.2626326664021524,0.2608550454711615,0.2127715262661562,0.2587756983995822,0.1707430093061844,0.0,0.2177076885414105,0.2861008241839003,0.2050927726287411,0.1645732531105566,0.3094136676916573,0.227910187337091,0.2739913158939531,0.3093923655155919,0.3135900646465202,0.0,0.1798558579453867,0.2415544660771413,0.2865576910145268,0.0,0.0,0.0,0.3298698232244323,0.0,0.3436483314422319,0.0,0.2895437480056909,0.0,0.2755906882799089,0.0,0.0,0.3345861761879642,0.2849711146815218,0.0,0.2822937479439835,0.0,0.3355202826185979,0.2943304301393944,0.326367923255464,0.3561002785645222,0.2499613195076078,0.2856297185426479,0.295959624076498,0.3474210702637389,0.3579306587439168,0.3442285679338761,0.0,0.2911395231170217
0.2194854837356718,0.2010942823780321,0.3118231854229146,0.2466160319164806,0.2903715483694239,0.2971439946193063,0.2748334470610916,0.3109886483699851,0.3013964864765865,0.2209870127874877,0.2912606052842251,0.2169521001010071,0.2746521164322659,0.0,0.3186228168320001,0.2836173155387216,0.2553991604349565,0.2427453234295015,0.2944556207208368,0.3165674879949897,0.3149667745962822,0.3224583504323698,0.3024471859860053,0.2134678812402747,0.2426281492521538,0.2621301199254922,0.3010506124746319,0.2169104459164229,0.2942815038238048,0.27863889388762,0.2314252910775948,0.2667449364253245,0.2694415987613877,0.2177076885414105,0.0,0.3313478665390499,0.2391686877990666,0.2123711885765219,0.2387102158682702,0.1864407632188198,0.2052041491764331,0.2444646833333426,0.2253159739627491,0.1787416077877809,0.1920761003928825,0.0,0.3164589562419976,0.0,0.0,0.0,0.0,0.0,0.0,0.0,0.0,0.0,0.178883649598953,0.0,0.0,0.3494513420720861,0.3022875959563458,0.0,0.2857790333552447,0.0,0.341642694213965,0.3393718543276817,0.3417774379534805,0.3589738952720304,0.0,0.2840749643576178,0.3259395494757163,0.354701222765285,0.0,0.3328677169039389,0.0,0.0
0.0,0.0,0.2659658089230753,0.141097745463697,0.1474535504918457,0.2830326478832891,0.1854283822070655,0.2156757337134172,0.2739307896806047,0.2512850640390031,0.2012469047657493,0.2196040885313728,0.2115636764070336,0.1514039131200588,0.3483911905780722,0.0,0.0,0.0,0.2546763033911987,0.3378141888635712,0.2836080284675191,0.3461927495719853,0.2693839055663491,0.0,0.0,0.299239222838949,0.3010413215294434,0.1693362342805146,0.2966070477711435,0.0,0.2965017713768322,0.1725108632820914,0.2848169842960607,0.2861008241839003,0.3313478665390499,0.0,0.1617019473199764,0.2217613913213813,0.2393060930094006,0.0,0.0,0.0,0.0,0.2116264957587048,0.0,0.0,0.0,0.332812711212235,0.0,0.0,0.3151977848578383,0.318215799768801,0.3084577132609377,0.3435483767752167,0.0,0.2725240514761566,0.0,0.3194551174295671,0.0,0.0,0.0,0.0,0.0,0.3202468023612557,0.0,0.0,0.0,0.3392080940046941,0.0,0.0,0.0,0.3298939125584312,0.3214730044553622,0.301003611916498,0.0,0.0
0.0,0.0,0.2815930445704356,0.1182890568544577,0.1758644868404913,0.2933648990655435,0.2220738051728155,0.2816709953577125,0.290108974026476,0.2276412334131111,0.2763493727185965,0.2176868139043935,0.2325999717616578,0.1304049807568331,0.0,0.0,0.0,0.0,0.2740911624429195,0.301626015775643,0.0,0.3090846334325416,0.2817537062199575,0.0,0.0,0.0,0.2874190491811322,0.1716539103965774,0.2638229850287309,0.0,0.2558139177123001,0.2158030861349719,0.2021686708190673,0.2050927726287411,0.2391686877990666,0.1617019473199764,0.0,0.2186041586156353,0.1778464154185698,0.0,0.3348541725552736,0.211848465440425,0.0,0.0,0.0,0.0,0.0,0.0,0.0,0.0,0.0,0.0,0.0,0.0,0.0,0.0,0.0,0.0,0.0,0.0,0.0,0.0,0.0,0.0,0.0,0.0,0.0,0.0,0.0,0.0,0.0,0.0,0.0,0.0,0.0,0.0
0.0,0.0,0.0,0.0,0.2368795535521493,0.0,0.2668681477636005,0.0,0.2635182550705184,0.2046705659605546,0.2586524904232418,0.152168611516258,0.2856779200681568,0.0,0.0,0.0,0.0,0.0,0.0,0.0,0.0,0.0,0.0,0.1676962933076156,0.0,0.1935451129302897,0.0,0.2315622525104079,0.0,0.0,0.2328419666787151,0.1900830283023514,0.1385126708272724,0.1645732531105566,0.2123711885765219,0.2217613913213813,0.2186041586156353,0.0,0.1808522973316133,0.189016354278654,0.1837391766131003,0.2049295654713473,0.0,0.0,0.1608905843330198,0.0,0.0,0.0,0.0,0.0,0.0,0.0,0.0,0.0,0.2599199327417171,0.0,0.0,0.0,0.0,0.0,0.0,0.0,0.0,0.0,0.0,0.0,0.0,0.0,0.0,0.0,0.2792363809327,0.0,0.0,0.0,0.0,0.0
0.2934801880669353,0.2897130993867309,0.3715368223740163,0.0,0.0,0.3334482675610861,0.0,0.3255933507889008,0.353991837640191,0.2789654168912937,0.2896668289438977,0.0,0.32513274813305,0.0,0.3275682439735866,0.288379219715494,0.0,0.2906963309515207,0.3446802002360666,0.3262577426150173,0.3108690152417099,0.3143650297448904,0.3445463363229941,0.2231395394282183,0.2988268371388097,0.29979208392535,0.3354019077556924,0.3395876480250148,0.3291132417200998,0.337707831071504,0.3417153583955138,0.2490611603099805,0.2444697273673612,0.3094136676916573,0.2387102158682702,0.2393060930094006,0.1778464154185698,0.1808522973316133,0.0,0.2181292580377301,0.2734792638218226,0.2770051369169701,0.1799062788595858,0.2058200389382811,0.1862504481214343,0.2658716576324156,0.2538027880028177,0.2973412751632269,0.1845628831627148,0.2435529945565862,0.2913641276976165,0.2574769869934504,0.2812849059062325,0.3066603713858915,0.2098086218830834,0.2611911528148111,0.1861976199351771,0.2701276387289993,0.1882957511002832,0.2825505472249304,0.279124321707932,0.2678034464378052,0.2783691213794858,0.2939248844216048,0.2952820677562837,0.2785630717411572,0.2995045096604651,0.2832115028512401,0.1948444933196609,0.2540631102803903,0.2628989442509479,0.2874583750612259,0.2672996816165406,0.2842240721508696,0.2909637542669283,0.2748251121775162
0.281665866927454,0.2716849075696262,0.0,0.0,0.0,0.0,0.0,0.0,0.0,0.2830879550024051,0.0,0.287810632999092,0.0,0.0,0.3109853023655414,0.2671210166017422,0.2759012754124466,0.271294188637196,0.0,0.2905621406136867,0.2801726245148848,0.3041647061165985,0.3180252925305646,0.2383628301178306,0.2752715556749363,0.2810142751141302,0.0,0.0,0.0,0.0,0.2829502092677984,0.2058919215200615,0.2313771059271211,0.227910187337091,0.1864407632188198,0.0,0.0,0.189016354278654,0.2181292580377301,0.0,0.1702591709432622,0.2671234668316816,0.0,0.1817285056322177,0.1562504024723857,0.1950546848931568,0.1916252581342125,0.0,0.0,0.3059349346678501,0.2570459697581175,0.2692529809224996,0.2808735522522228,0.303310068316708,0.2033167576936207,0.2942513524219949,0.1946022750343354,0.309932712398283,0.0,0.2155925119166637,0.227559328373726,0.1907713202476424,0.2039698552090373,0.0,0.2427156363795427,0.2093638454871225,0.2456616162913378,0.2401953978870074,0.1932840769032413,0.1804237749625657,0.2083097133177814,0.2602032432309981,0.2985296145326458,0.243284805369388,0.2954178892809787,0.2116054114336001
0.2742793773654289,0.2830808286782324,0.0,0.0,0.0,0.2712446983777315,0.0,0.3432390017231372,0.0,0.2536517116956028,0.0,0.2618122569277421,0.0,0.0,0.3288090724899663,0.2700235579381452,0.2486160027571797,0.2796611207135122,0.0,0.3288620881140938,0.3041336010177564,0.3150397723686758,0.3553445184124404,0.2227776067157869,0.2802932376127504,0.2871078415659171,0.3013331595742467,0.2960453852393973,0.3313218981749022,0.0,0.3040230800311264,0.2594834035275731,0.2118010659198567,0.2739913158939531,0.2052041491764331,0.0,0.3348541725552736,0.1837391766131003,0.2734792638218226,0.1702591709432622,0.0,0.2639264189840354,0.2983749490628687,0.2027538090583563,0.1722710756397952,0.2241513545591932,0.2290624556544331,0.3083450946363626,0.2305122391332044,0.2839435928724806,0.2816799085264423,0.2604396006456614,0.3074213405559087,0.3163355859724049,0.1974479726790258,0.2929775978082031,0.1818627041086733,0.272191957210239,0.2644253241312985,0.2833439138688928,0.2646628981094715,0.2207117968852082,0.2349916359671095,0.3053404246122955,0.2859019386786557,0.261784450194556,0.2923209476571823,0.29685433488651,0.1968312111590069,0.211038585805133,0.2326564110411201,0.2900820918031387,0.2558046889792595,0.2653984827590757,0.2750384328719858,0.1935726892052739
