0.0,0.3660906210031775,0.0,0.0,0.0,0.3632383160131985,0.0,0.4942273767892786,0.0,0.0,0.0,0.2954261591589932,0.0,0.0,0.3476603626341648,0.3601765209332386,0.0,0.3435010451955195,0.0,0.3809285260735901,0.4024253314004269,0.3706679493880885,0.4280434967377012,0.3802158427255609,0.3459143215787693,0.3290258057205836,0.3633765710408586,0.0,0.4147180612576714,0.0,0.3605978036212512,0.4139839575016762,0.3086015435174029,0.3519363560885344,0.4056326784026641,0.0,0.0,0.0,0.4208208973110716,0.4192915866637859,0.3921337686828883,0.0,0.0,0.0,0.0,0.3939845519366051,0.4310686506998585,0.0,0.0,0.0,0.0,0.0,0.0,0.0,0.4008515259308099,0.0,0.0,0.0,0.0,0.0,0.42092354474378,0.0,0.4129187008026789,0.0,0.0,0.3726156785054059,0.4461579175526728,0.0,0.0,0.4170296959872552,0.4330907757563714,0.0,0.0,0.0,0.0,0.0
0.3660906210031775,0.0,0.0,0.0,0.3713743975757115,0.375561190669592,0.3883750645842385,0.0,0.3422075161852983,0.0,0.0,0.0,0.4116964895997453,0.0,0.3879235840803601,0.3547815929305526,0.0,0.3353880958919604,0.0,0.3924969085431298,0.3980063363057964,0.3389476137999934,0.399583537881867,0.0,0.3330761203321142,0.3362056644095038,0.3893094203230747,0.4195438541392933,0.3955316377610871,0.0,0.3144807101992317,0.3878087032385608,0.3143417687229337,0.3295096300138135,0.3715129264950923,0.0,0.0,0.0,0.41595046742864,0.413764748875772,0.41364919789832,0.4399445822808399,0.0,0.0,0.0,0.4405160341320436,0.422614595272624,0.0,0.0,0.0,0.0,0.0,0.0,0.0,0.0,0.0,0.0,0.0,0.0,0.4325572143070511,0.4139415438855574,0.0,0.4026265440193876,0.0,0.4009725365528908,0.4293755901122402,0.4249536749340924,0.3933667132286517,0.0,0.4079779134074304,0.4415846365721063,0.4017110570494684,0.0,0.395206180577494,0.0,0.3946121195626864
0.0,0.0,0.0,0.0,0.3757725731954121,0.3750374603690908,0.4130743705565221,0.4127706531971304,0.3003129241487476,0.3860104685180071,0.3082126118310592,0.0,0.4184349576815789,0.3907789983928286,0.0,0.0,0.0,0.0,0.2725396509918593,0.0,0.0,0.0,0.3066451035926049,0.0,0.0,0.0,0.3181062495422872,0.4195191830947667,0.0,0.0,0.4332467291167193,0.3843141110372417,0.0,0.4333572810901124,0.0,0.4024231757617261,0.3805894108224136,0.0,0.4663414943171376,0.0,0.0,0.0,0.4469125935888385,0.0,0.0,0.0,0.0,0.433846891224772,0.0,0.4550906189770248,0.5048819222776316,0.0,0.4843274869699216,0.5210068070385901,0.0,0.4994030651003311,0.0,0.0,0.4892962928957831,0.0,0.0,0.0,0.0,0.2780268629842028,0.0,0.0,0.0,0.5251427618393592,0.0,0.0,0.0,0.5098691212413174,0.0,0.0,0.0,0.0
0.0,0.0,0.0,0.0,0.2405246797703853,0.3957415533779395,0.2585754189777499,0.3808589708094193,0.3752914045723637,0.1915954902355825,0.3835742725961242,0.0,0.2845888579002013,0.3108769576041783,0.0,0.0,0.0,0.0,0.4080072296293172,0.0,0.0,0.0,0.3974278691616966,0.0,0.0,0.0,0.3851672931340887,0.2351890391273069,0.0,0.0,0.0,0.3224755808303368,0.0,0.2273345962497542,0.3470578267497849,0.2396148391344018,0.1773345820987115,0.0,0.0,0.0,0.0,0.0,0.0,0.0,0.0,0.0,0.0,0.0,0.0,0.0,0.0,0.0,0.0,0.0,0.0,0.0,0.0,0.0,0.0,0.0,0.0,0.0,0.0,0.0,0.0,0.0,0.0,0.0,0.0,0.0,0.0,0.0,0.0,0.0,0.0,0.0
0.0,0.3713743975757115,0.3757725731954121,0.2405246797703853,0.0,0.3515217815841198,0.3354531445394646,0.3539301779187896,0.3490284223157628,0.4261499799792026,0.350172916215479,0.3818818222425758,0.3876541813619937,0.3013474861654549,0.0,0.0,0.0,0.0,0.4022002643363385,0.0,0.0,0.3999296730542838,0.3726190017228914,0.0,0.3395405982498484,0.0,0.367566256766749,0.3759017748117233,0.0,0.0,0.4370808523138835,0.3736086470423305,0.375051290358241,0.4281132793319335,0.4061179685828026,0.2547093690538842,0.2907541623570762,0.3722906453957273,0.0,0.0,0.0,0.0,0.3566973801275244,0.0,0.0,0.0,0.0,0.4649400820747649,0.0,0.0,0.0,0.0,0.0,0.0,0.0,0.0,0.0,0.0,0.0,0.0,0.0,0.0,0.0,0.0,0.0,0.0,0.0,0.4598383980951808,0.0,0.0,0.0,0.440969442511308,0.0,0.0,0.0,0.0
0.3632383160131985,0.375561190669592,0.3750374603690908,0.3957415533779395,0.3515217815841198,0.0,0.3815167150119364,0.3711267987973746,0.3289610002255834,0.4037424032076247,0.4072899369079437,0.0,0.3713706217969146,0.4030968252123327,0.4089720305091651,0.3883449285036232,0.0,0.3396191435713135,0.377985818641622,0.3630353065440571,0.3940584958681649,0.3947209253017499,0.3691289643129604,0.0,0.3569962495377788,0.3927857799689771,0.3462126245117081,0.3655256117641443,0.3347201071954883,0.3817981869229258,0.4066532961309025,0.3927981935435002,0.3614086840912873,0.4216747671827925,0.4121036150223097,0.4225765432117112,0.3975889625014496,0.0,0.4544780638288799,0.0,0.433417839008679,0.0,0.4195460874740221,0.0,0.0,0.0,0.0,0.5121351171151524,0.0,0.0,0.4584120401402543,0.4359656978758193,0.428692305424443,0.4970810047706591,0.0,0.4690685621493671,0.0,0.4386899615574388,0.0,0.3920097254418142,0.0,0.0,0.0,0.5146334206333171,0.3959126956797004,0.0,0.3757393967977276,0.4709857186119408,0.0,0.0,0.0,0.4627923137058353,0.4494066487384406,0.431827925897058,0.0,0.4784060967724825
0.0,0.3883750645842385,0.4130743705565221,0.2585754189777499,0.3354531445394646,0.3815167150119364,0.0,0.4265815336337797,0.3794803538437956,0.3801279428459979,0.4574602933523997,0.3579886709214228,0.3417173153981661,0.3192064812849886,0.0,0.4135275875958635,0.3876971535945241,0.3667071251733361,0.4539214097379367,0.3980636783118307,0.0,0.425322162046429,0.4086150936738876,0.3646127624224847,0.3582989499836052,0.3286042905442462,0.3869821076569207,0.3802694580789609,0.3982689206735559,0.0,0.4174430955255642,0.3977691096522778,0.3053419930500312,0.4177977032260299,0.365162740797269,0.2459348758061862,0.352370786708386,0.3665770167059908,0.0,0.0,0.0,0.0,0.0,0.0,0.0,0.0,0.0,0.0,0.0,0.0,0.4094339793293353,0.0,0.0,0.0,0.0,0.0,0.0,0.0,0.0,0.0,0.0,0.0,0.0,0.0,0.0,0.0,0.0,0.4827901533030341,0.0,0.0,0.0,0.4586040362491293,0.0,0.0,0.0,0.0
0.4942273767892786,0.0,0.4127706531971304,0.3808589708094193,0.3539301779187896,0.3711267987973746,0.4265815336337797,0.0,0.4482191536467146,0.0,0.333754534637433,0.0,0.4229259896121476,0.3527502659660459,0.0,0.4339160508409679,0.0,0.4589073639963227,0.3681771451369428,0.0,0.4071930864895208,0.3656842862902521,0.3494841006893008,0.4884674870298692,0.4613610242232793,0.4599474047431717,0.4378529774471114,0.4130973758350192,0.3753246202092919,0.389266949347425,0.4287408457743701,0.3873185774144153,0.3947834481055791,0.4489744773160833,0.437856303434026,0.2592793341195412,0.2233211112678893,0.0,0.4460346121623619,0.0,0.4738168008469057,0.0,0.3865439390564189,0.0,0.0,0.0,0.0,0.5220954994258816,0.0,0.0,0.4368732191304758,0.0,0.3740280017318307,0.5108486271891941,0.0,0.6075143265967764,0.0,0.4335055960259051,0.4730173296751649,0.4460229805181306,0.0,0.0,0.0,0.5347312735569575,0.4578920801096895,0.0,0.0,0.4522332399047385,0.0,0.0,0.0,0.4633314780583093,0.4532370412136442,0.4012917867642964,0.0,0.4729601167821021
0.0,0.3422075161852983,0.3003129241487476,0.3752914045723637,0.3490284223157628,0.3289610002255834,0.3794803538437956,0.4482191536467146,0.0,0.4176848331816442,0.3429641029805902,0.3647616934982143,0.4059064109162817,0.3719493434498564,0.0,0.3603017299429274,0.0,0.0,0.2897017819351575,0.3825509746845963,0.0,0.3919764593398522,0.3810960047615608,0.0,0.0,0.0,0.3533980114871918,0.4176875755518968,0.3612981872933739,0.0,0.4330309424430996,0.3886571900906405,0.383323981163049,0.4269167575389589,0.3974835972143944,0.3899662339308766,0.396495045003322,0.3840192243407592,0.3752414242195133,0.0,0.0,0.0,0.4698774845223373,0.0,0.0,0.0,0.0,0.5125475843088735,0.0,0.0,0.487536601677474,0.0,0.5069441641567988,0.4894889242516838,0.0,0.4991388440883375,0.0,0.0,0.5061200261051334,0.0,0.0,0.0,0.0,0.525783480367339,0.0,0.0,0.0,0.513419602292718,0.0,0.0,0.0,0.5034590944306051,0.0,0.0,0.0,0.0
0.0,0.0,0.3860104685180071,0.1915954902355825,0.4261499799792026,0.4037424032076247,0.3801279428459979,0.0,0.4176848331816442,0.0,0.4465402394002691,0.2595925131749964,0.3901905722625944,0.0,0.0,0.2849616751927877,0.3298150252502703,0.2968160130423663,0.428701803169099,0.0,0.0,0.299844016215908,0.3934531628720028,0.3009436930032189,0.2973895589216729,0.3138758074351769,0.3928126167497427,0.3643556793048927,0.0,0.0,0.3314883659233483,0.2810683241734457,0.2999712080985082,0.3060448043051708,0.3012626059992931,0.3338378739838651,0.252481109938541,0.25582249391355,0.2161596669920223,0.3821593617101768,0.2577658509543021,0.0,0.0,0.0,0.2359751213917467,0.0,0.0,0.0,0.0,0.0,0.0,0.0,0.0,0.0,0.4137765567392328,0.0,0.4176479171647295,0.0,0.0,0.0,0.0,0.3879538542656635,0.3363748574458582,0.0,0.0,0.0,0.0,0.0,0.4109721675271205,0.3682529348643214,0.3934778065553017,0.0,0.2798315166548692,0.0,0.0,0.3327578623568792
0.0,0.0,0.3082126118310592,0.3835742725961242,0.350172916215479,0.4072899369079437,0.4574602933523997,0.333754534637433,0.3429641029805902,0.4465402394002691,0.0,0.4035516119260235,0.456131717260534,0.302965672728845,0.0,0.0,0.0,0.0,0.2873476807150763,0.0,0.0,0.0,0.2657839883227234,0.0,0.0,0.0,0.3845455675589528,0.4471094867029334,0.0,0.0,0.4712572042878092,0.4351809566309391,0.3749268770059462,0.4624119005022386,0.4366866685802718,0.3639418294390601,0.4188976976515901,0.4097509242830088,0.3845530831426697,0.0,0.0,0.0,0.3794084218920107,0.0,0.0,0.0,0.0,0.4948652044397631,0.0,0.3584560939017111,0.4170222562195299,0.375092169623378,0.3902753717687493,0.3803429284672955,0.0,0.2814807811482502,0.0,0.3770419196757797,0.4486482003831029,0.0,0.0,0.0,0.0,0.2402651749424871,0.0,0.0,0.0,0.4535610835109919,0.0,0.0,0.0,0.4736313299005212,0.0,0.0,0.0,0.0
0.2954261591589932,0.0,0.0,0.0,0.3818818222425758,0.0,0.3579886709214228,0.0,0.3647616934982143,0.2595925131749964,0.4035516119260235,0.0,0.3132082755737226,0.0,0.0,0.0,0.3299579673704498,0.2945983397600098,0.0,0.0,0.0,0.0,0.0,0.2610354707268597,0.2811918624227551,0.2629515728229731,0.0,0.2992395525195735,0.0,0.0,0.3242286926775463,0.2632512292956913,0.2782054100901757,0.2292115686085948,0.3173772319985388,0.3143260775101131,0.2524075465069883,0.2031165254684691,0.2357829312229554,0.3765419049375531,0.2353187327656568,0.0,0.0,0.0,0.1737993807618488,0.0,0.0,0.0,0.0,0.0,0.0,0.0,0.0,0.0,0.4109457723244651,0.0,0.4225860243896752,0.0,0.0,0.0,0.0,0.3847377439353597,0.3679662983450733,0.0,0.0,0.0,0.0,0.0,0.3944987969887597,0.3823875582091851,0.4004053104677351,0.0,0.0,0.0,0.0,0.3080010105305925
0.0,0.4116964895997453,0.4184349576815789,0.2845888579002013,0.3876541813619937,0.3713706217969146,0.3417173153981661,0.4229259896121476,0.4059064109162817,0.3901905722625944,0.456131717260534,0.3132082755737226,0.0,0.3315407009714112,0.0,0.4356347793472577,0.3933836387211522,0.3722981538877253,0.4467880771021422,0.3930587444753903,0.4353750970166895,0.4285290108865887,0.4116592873237566,0.2617895449370558,0.3901589958042423,0.3908942451996474,0.4056397269779768,0.3400826862778387,0.3665308623673969,0.0,0.3935028252710774,0.393184238899757,0.3466028348919262,0.3998031914922383,0.3736013810066186,0.2814282853149956,0.2944525844537682,0.3344185860260181,0.381516271898307,0.0,0.0,0.0,0.3231792402776103,0.0,0.0,0.0,0.0,0.4527889558477854,0.0,0.0,0.4015974670297438,0.0,0.4391449523736344,0.0,0.0,0.0,0.0,0.0,0.0,0.0,0.0,0.0,0.0,0.0,0.0,0.0,0.0,0.4779659639372359,0.0,0.0,0.0,0.460541167086963,0.0,0.3985068359035698,0.0,0.0
0.0,0.0,0.3907789983928286,0.3108769576041783,0.3013474861654549,0.4030968252123327,0.3192064812849886,0.3527502659660459,0.3719493434498564,0.0,0.302965672728845,0.0,0.3315407009714112,0.0,0.0,0.0,0.0,0.0,0.3543452593149923,0.0,0.0,0.0,0.3747782228079845,0.0,0.0,0.0,0.4211463598073114,0.3230001726970281,0.0,0.0,0.0,0.3404053305909668,0.0,0.4234900395031374,0.0,0.2828067962275898,0.2109236169315098,0.0,0.0,0.0,0.0,0.0,0.3800949714005548,0.0,0.0,0.0,0.0,0.4799453686254024,0.0,0.0,0.0,0.0,0.0,0.0,0.0,0.0,0.0,0.0,0.0,0.0,0.0,0.0,0.0,0.0,0.0,0.0,0.0,0.4492864176361694,0.0,0.0,0.0,0.0,0.0,0.0,0.0,0.0
0.3476603626341648,0.3879235840803601,0.0,0.0,0.0,0.4089720305091651,0.0,0.0,0.0,0.0,0.0,0.0,0.0,0.0,0.0,0.4057514894994599,0.0,0.375500225038461,0.0,0.2961853807820688,0.3543349648218489,0.3222263305570311,0.3530125779941046,0.3756024892644892,0.3551140793588942,0.3868027933033124,0.390605123780572,0.0,0.3752126425336483,0.0,0.4071296972313277,0.4219055459350196,0.3917592050983391,0.4286009808807389,0.4570123920081431,0.5060191982746233,0.0,0.0,0.4460578165943821,0.4357940214835841,0.4707339537651444,0.4804631286322259,0.0,0.0,0.0,0.0,0.4534767489712749,0.0,0.0,0.0,0.426930103205531,0.0,0.0,0.0,0.0,0.0,0.0,0.0,0.0,0.44993904836998,0.4190051983414023,0.0,0.0,0.0,0.4397822104906786,0.4500052333114341,0.4632656116238227,0.4400376784741821,0.0,0.0,0.5145727007947689,0.441855786040936,0.4262892569712838,0.4325979655288828,0.0,0.4315094797631093
0.3601765209332386,0.3547815929305526,0.0,0.0,0.0,0.3883449285036232,0.4135275875958635,0.4339160508409679,0.3603017299429274,0.2849616751927877,0.0,0.0,0.4356347793472577,0.0,0.4057514894994599,0.0,0.3195226248313171,0.3152407331788186,0.0,0.3915191759133676,0.3903635754330993,0.3357872543475836,0.4095914255255861,0.314423049718907,0.3241877586988922,0.3744193978430106,0.3997720011883693,0.4153726696470166,0.4088451401639615,0.3665385052038483,0.3318071328251583,0.4115213454390651,0.3557739881691804,0.3458164914997819,0.4248513979301795,0.0,0.0,0.0,0.4246550281969162,0.4014861424864397,0.4054674036894456,0.4292577942779166,0.0,0.0,0.0,0.4251925180970079,0.4137598704940757,0.0,0.0,0.0,0.0,0.0,0.0,0.0,0.0,0.0,0.0,0.0,0.0,0.4200178929151323,0.4082010758525919,0.0,0.4012963611707006,0.0,0.3969013902632228,0.3955738595474167,0.4236542512372143,0.0,0.0,0.4063136298707643,0.426599473932248,0.0,0.0,0.0,0.0,0.3889976497910715
0.0,0.0,0.0,0.0,0.0,0.0,0.3876971535945241,0.0,0.0,0.3298150252502703,0.0,0.3299579673704498,0.3933836387211522,0.0,0.0,0.3195226248313171,0.0,0.2993638624224855,0.0,0.3272432467997302,0.0,0.3398790959776712,0.0,0.345885663155703,0.2913113076064392,0.3026296887409517,0.0,0.3780988820262565,0.0,0.0,0.3391602948133591,0.3767737986065714,0.3149590522562599,0.3559994377508692,0.3522516798727669,0.0,0.0,0.0,0.0,0.3750671005067388,0.0,0.0,0.0,0.0,0.0,0.0,0.0,0.0,0.0,0.0,0.0,0.0,0.0,0.0,0.4178068197400014,0.0,0.416813469827719,0.0,0.0,0.0,0.0,0.3944578501652452,0.3589995725660019,0.0,0.0,0.0,0.0,0.0,0.3961371389251016,0.3983958611550213,0.4110896409201858,0.0,0.0,0.0,0.0,0.0
0.3435010451955195,0.3353880958919604,0.0,0.0,0.0,0.3396191435713135,0.3667071251733361,0.4589073639963227,0.0,0.2968160130423663,0.0,0.2945983397600098,0.3722981538877253,0.0,0.375500225038461,0.3152407331788186,0.2993638624224855,0.0,0.0,0.3756232241250296,0.4174735312887299,0.3614995216547058,0.4022007566565829,0.3235257915051393,0.2845509268635863,0.3337227416671638,0.3792412703184465,0.3780890821035889,0.3997679233688957,0.0,0.3482297572858112,0.3457882973497144,0.3000821027120835,0.3533038312768702,0.3551708684183067,0.0,0.0,0.0,0.4091666655100907,0.3845601628176676,0.3951247795079948,0.4154440184238346,0.0,0.0,0.0,0.3966541434733045,0.3982947804722387,0.0,0.0,0.0,0.0,0.0,0.0,0.0,0.3859050437296668,0.0,0.3888339819503932,0.0,0.0,0.0,0.3965392329342216,0.4001959327371156,0.3846352586881919,0.0,0.0,0.0,0.3842992727841841,0.0,0.3741094893001778,0.3933086857201853,0.4008996348692868,0.0,0.0,0.0,0.0,0.3899134670111964
0.0,0.0,0.2725396509918593,0.4080072296293172,0.4022002643363385,0.377985818641622,0.4539214097379367,0.3681771451369428,0.2897017819351575,0.428701803169099,0.2873476807150763,0.0,0.4467880771021422,0.3543452593149923,0.0,0.0,0.0,0.0,0.0,0.0,0.0,0.0,0.2724103131244602,0.0,0.0,0.0,0.3694269151541157,0.4374783024484527,0.0,0.0,0.4537992655608082,0.4162400695393813,0.0,0.4435140311847813,0.4255039930637547,0.3940443368377411,0.4247194049285221,0.0,0.393930713618286,0.0,0.0,0.0,0.3816547873224076,0.0,0.0,0.0,0.0,0.4532313610097697,0.0,0.0,0.4740206595970961,0.0,0.4625226732737612,0.4687477136790206,0.0,0.5263179692705895,0.0,0.0,0.4208994857942938,0.0,0.0,0.0,0.0,0.5137569800254022,0.0,0.0,0.0,0.5173337442601157,0.0,0.0,0.0,0.4897316838573028,0.0,0.0,0.0,0.0
0.3809285260735901,0.3924969085431298,0.0,0.0,0.0,0.3630353065440571,0.3980636783118307,0.0,0.3825509746845963,0.0,0.0,0.0,0.3930587444753903,0.0,0.2961853807820688,0.3915191759133676,0.3272432467997302,0.3756232241250296,0.0,0.0,0.3636489134669632,0.3263754332809679,0.2777639944697564,0.0,0.3692005748480584,0.4134689609783586,0.3211107614881403,0.3416148254911886,0.3137851210467381,0.3029515066207576,0.3627298347131003,0.423052019717056,0.3795612372781712,0.4210447533203887,0.456744843400606,0.477334249754794,0.4159815934214316,0.0,0.4324497256144415,0.3857204738002406,0.3926426127576909,0.4484843087655324,0.0,0.0,0.0,0.0,0.3917989241924014,0.0,0.0,0.0,0.3980651129802226,0.0,0.0,0.0,0.0,0.0,0.0,0.0,0.0,0.4100791525222625,0.0,0.0,0.0,0.0,0.4266890919869919,0.4082810333290325,0.4422457076199548,0.4106320046103638,0.0,0.0,0.453544717895225,0.4297967777007698,0.4255786767049953,0.3892015855116089,0.0,0.419424438157054
0.4024253314004269,0.3980063363057964,0.0,0.0,0.0,0.3940584958681649,0.0,0.4071930864895208,0.0,0.0,0.0,0.0,0.4353750970166895,0.0,0.3543349648218489,0.3903635754330993,0.0,0.4174735312887299,0.0,0.3636489134669632,0.0,0.3926973650757892,0.3815920496147899,0.4650058959378145,0.3967462132098198,0.4129435487771074,0.392246680722705,0.4240358936931424,0.3978515574590079,0.4188878302807516,0.3993167233260705,0.4321608169508535,0.4002728871601943,0.4206716456205248,0.4709808445710408,0.0,0.0,0.0,0.4585620892873815,0.4306056145346172,0.4601053384527547,0.0,0.0,0.0,0.0,0.0,0.459140994760119,0.0,0.0,0.0,0.4246302324695422,0.0,0.3743363303419688,0.0,0.0,0.0,0.0,0.0,0.0,0.4794365991083418,0.429892455002084,0.0,0.0,0.0,0.4415583606684131,0.4736759497449581,0.4736489772658728,0.4450514746658012,0.0,0.3721193398675023,0.500571727768209,0.4397561160734728,0.4549273376303906,0.4442460942293739,0.0,0.4656689703351242
0.3706679493880885,0.3389476137999934,0.0,0.0,0.3999296730542838,0.3947209253017499,0.425322162046429,0.3656842862902521,0.3919764593398522,0.299844016215908,0.0,0.0,0.4285290108865887,0.0,0.3222263305570311,0.3357872543475836,0.3398790959776712,0.3614995216547058,0.0,0.3263754332809679,0.3926973650757892,0.0,0.4042688963051385,0.0,0.3460435488616059,0.3807238883661171,0.390333923431687,0.4016134331614197,0.3588412902399884,0.3405546927152013,0.3675214969353666,0.4217273297471203,0.3659746717058401,0.4035674371968668,0.4491009971284481,0.4891405164430862,0.4432520524996687,0.0,0.433199846920003,0.4231321758589272,0.4436210409044659,0.4719617980212812,0.0,0.0,0.0,0.4246281438268044,0.4145989135947804,0.0,0.0,0.0,0.3703322442178067,0.0,0.0,0.0,0.0,0.0,0.0,0.0,0.0,0.4625160556649221,0.4008642157804792,0.0,0.3616679262839478,0.0,0.4373252645003898,0.4632504178181526,0.4443915613449373,0.4386376433080088,0.0,0.3834249943003391,0.4631993420798339,0.4150976207823739,0.0,0.4209290694551704,0.0,0.3940150888127533
0.4280434967377012,0.399583537881867,0.3066451035926049,0.3974278691616966,0.3726190017228914,0.3691289643129604,0.4086150936738876,0.3494841006893008,0.3810960047615608,0.3934531628720028,0.2657839883227234,0.0,0.4116592873237566,0.3747782228079845,0.3530125779941046,0.4095914255255861,0.0,0.4022007566565829,0.2724103131244602,0.2777639944697564,0.3815920496147899,0.4042688963051385,0.0,0.4291260455923575,0.3979363129494259,0.4171005362099231,0.3286523975460935,0.4042753830385563,0.3719980343835282,0.3815541580355447,0.4105625928107521,0.3975203463214596,0.3801526318757595,0.4303708897686111,0.431438647071693,0.3754021829681601,0.3827174633674208,0.0,0.4663404491571906,0.4567863689818177,0.4912367947188066,0.479884777373861,0.4545039797967755,0.0,0.0,0.0,0.39205771022368,0.5415673038070984,0.0,0.423327342896184,0.4740730440322578,0.4782874357979987,0.4668057051984678,0.52114197124029,0.0,0.4998804717820577,0.0,0.4744739886709181,0.4921453864779354,0.4350062297436534,0.0,0.0,0.0,0.5520580233433243,0.4423229448734335,0.4626379680475045,0.4317111134177547,0.4885669765145944,0.0,0.0,0.4204966029194764,0.4724642363464208,0.4768848403148599,0.4517583232236319,0.4744988357419999,0.4928212113282047
0.3802158427255609,0.0,0.0,0.0,0.0,0.0,0.3646127624224847,0.4884674870298692,0.0,0.3009436930032189,0.0,0.2610354707268597,0.2617895449370558,0.0,0.3756024892644892,0.314423049718907,0.345885663155703,0.3235257915051393,0.0,0.0,0.4650058959378145,0.0,0.4291260455923575,0.0,0.3072999152609173,0.3052204307914963,0.2988437707086065,0.2933076262413706,0.0,0.0,0.3425576365882319,0.2986128843603053,0.2277895628245672,0.260037644256334,0.3477729429487656,0.3412101946086224,0.0,0.2253979795152185,0.2857568442418555,0.3395447112449986,0.2727766415723231,0.0,0.0,0.0,0.2033022182179858,0.3840176298229291,0.0,0.0,0.0,0.0,0.0,0.0,0.0,0.0,0.3774424220726743,0.0,0.4025222608769375,0.0,0.0,0.0,0.3855105410650898,0.4236162262424272,0.4081938160645746,0.0,0.0,0.0,0.0,0.0,0.3770681278934625,0.4091093250702965,0.419947807164224,0.0,0.0,0.0,0.0,0.3956570774035645
0.3459143215787693,0.3330761203321142,0.0,0.0,0.3395405982498484,0.3569962495377788,0.3582989499836052,0.4613610242232793,0.0,0.2973895589216729,0.0,0.2811918624227551,0.3901589958042423,0.0,0.3551140793588942,0.3241877586988922,0.2913113076064392,0.2845509268635863,0.0,0.3692005748480584,0.3967462132098198,0.3460435488616059,0.3979363129494259,0.3072999152609173,0.0,0.3188648710158636,0.3668368380602873,0.387077958219792,0.3837359969490181,0.0,0.3422693606052169,0.3617147670565925,0.2804644439017552,0.3296361221885441,0.3490299247139865,0.0,0.0,0.2836302366648234,0.4223775506689929,0.3925226708323932,0.4007409923026078,0.42535406011255,0.0,0.0,0.0,0.4084948474624054,0.4138904516782922,0.0,0.0,0.0,0.0,0.0,0.0,0.0,0.4026019842278687,0.0,0.4088945511254094,0.0,0.0,0.0,0.4085240979097779,0.4101913640595643,0.3932291000744931,0.0,0.3736125158902488,0.3758756972806382,0.3571355420578674,0.0,0.3989237928686096,0.4016172037098757,0.409303020966869,0.0,0.0,0.0,0.0,0.3948548802583962
0.3290258057205836,0.3362056644095038,0.0,0.0,0.0,0.3927857799689771,0.3286042905442462,0.4599474047431717,0.0,0.3138758074351769,0.0,0.2629515728229731,0.3908942451996474,0.0,0.3868027933033124,0.3744193978430106,0.3026296887409517,0.3337227416671638,0.0,0.4134689609783586,0.4129435487771074,0.3807238883661171,0.4171005362099231,0.3052204307914963,0.3188648710158636,0.0,0.4184483493324759,0.3559242950423388,0.3762154426999099,0.0,0.359122948154122,0.4073094129208294,0.3283287363274812,0.361077135052593,0.4251870223452103,0.4555552053501215,0.0,0.2855553273046625,0.4277371668174682,0.4041377660293979,0.4229822166822013,0.4544236727622328,0.0,0.0,0.0,0.427841228890892,0.4473822544816243,0.0,0.0,0.0,0.0,0.0,0.0,0.0,0.3998693110764492,0.0,0.4022353656054894,0.0,0.0,0.5184248697429776,0.4300085880398583,0.4174737001225749,0.4049190696732176,0.0,0.4447245877079588,0.486243350187875,0.4745571279057915,0.4482900959023185,0.410506367738998,0.4113875107272888,0.4448974510247139,0.4363631543948145,0.0,0.3810407083213532,0.0,0.4145473829685117
0.3633765710408586,0.3893094203230747,0.3181062495422872,0.3851672931340887,0.367566256766749,0.3462126245117081,0.3869821076569207,0.4378529774471114,0.3533980114871918,0.3928126167497427,0.3845455675589528,0.0,0.4056397269779768,0.4211463598073114,0.390605123780572,0.3997720011883693,0.0,0.3792412703184465,0.3694269151541157,0.3211107614881403,0.392246680722705,0.390333923431687,0.3286523975460935,0.2988437707086065,0.3668368380602873,0.4184483493324759,0.0,0.3960864495494613,0.3469409483374296,0.3623451859161307,0.3801013594145899,0.397570620349396,0.376161913403048,0.4127925882744906,0.4425224198027134,0.4407316220502075,0.3904642263981291,0.0,0.4538023203367919,0.0,0.4702059295619246,0.4565685520364869,0.4529387569495036,0.0,0.0,0.0,0.3562058307342817,0.5230355241675226,0.0,0.0,0.4639119259658361,0.4548144134802938,0.4686024685561611,0.5085289474444397,0.0,0.5047343408245956,0.0,0.429365109293115,0.491158123890562,0.4241557764977918,0.0,0.0,0.0,0.5276889507931051,0.4170435557882493,0.4195680275456107,0.383676210461664,0.4780845171660058,0.0,0.0,0.4239514059983055,0.4621235156025604,0.4441689751743545,0.4209696510629868,0.4401896751145861,0.4734687705077746
0.0,0.4195438541392933,0.4195191830947667,0.2351890391273069,0.3759017748117233,0.3655256117641443,0.3802694580789609,0.4130973758350192,0.4176875755518968,0.3643556793048927,0.4471094867029334,0.2992395525195735,0.3400826862778387,0.3230001726970281,0.0,0.4153726696470166,0.3780988820262565,0.3780890821035889,0.4374783024484527,0.3416148254911886,0.4240358936931424,0.4016134331614197,0.4042753830385563,0.2933076262413706,0.387077958219792,0.3559242950423388,0.3960864495494613,0.0,0.3441811866980038,0.3070537766391302,0.3623107194882955,0.3858126347089398,0.3129182318001638,0.3826035286775359,0.2866007970480653,0.2820571732780308,0.2440457603651544,0.3006036984418746,0.4046973902470339,0.0,0.3179506603187222,0.0,0.3319512064330124,0.0,0.0,0.0,0.0,0.0,0.0,0.0,0.4413553349947152,0.0,0.4282300941209045,0.0,0.0,0.0,0.0,0.0,0.0,0.4040069753827318,0.0,0.0,0.0,0.0,0.4349009608128912,0.4468682203199081,0.0,0.4718698934103543,0.0,0.0,0.0,0.4623474377785084,0.4512491703151352,0.4358782031270343,0.0,0.4514145215957
0.4147180612576714,0.3955316377610871,0.0,0.0,0.0,0.3347201071954883,0.3982689206735559,0.3753246202092919,0.3612981872933739,0.0,0.0,0.0,0.3665308623673969,0.0,0.3752126425336483,0.4088451401639615,0.0,0.3997679233688957,0.0,0.3137851210467381,0.3978515574590079,0.3588412902399884,0.3719980343835282,0.0,0.3837359969490181,0.3762154426999099,0.3469409483374296,0.3441811866980038,0.0,0.3373083231107387,0.3452926217962128,0.4006135585738521,0.3541379348584298,0.4046645039998587,0.4379152193106123,0.4541744096787226,0.0,0.0,0.4446575970630608,0.0,0.4439790889801434,0.4232537338755871,0.0,0.0,0.0,0.0,0.3844039935782555,0.0,0.0,0.0,0.4092547704011893,0.0,0.4114860242597409,0.0,0.0,0.0,0.0,0.3954747842421831,0.0,0.4130640411913194,0.0,0.0,0.0,0.0,0.4133690389399785,0.4186869110682119,0.4123048486763947,0.4454816909574298,0.0,0.0,0.4014110047681336,0.4339434906609881,0.4416475118226693,0.4278235394527956,0.0,0.4512363320555099
0.0,0.0,0.0,0.0,0.0,0.3817981869229258,0.0,0.389266949347425,0.0,0.0,0.0,0.0,0.0,0.0,0.0,0.3665385052038483,0.0,0.0,0.0,0.3029515066207576,0.4188878302807516,0.3405546927152013,0.3815541580355447,0.0,0.0,0.0,0.3623451859161307,0.3070537766391302,0.3373083231107387,0.0,0.3312930747415953,0.4326908206528743,0.0,0.3882351252085518,0.0,0.0,0.0,0.0,0.455503822687786,0.0,0.0,0.0,0.0,0.0,0.0,0.0,0.0,0.0,0.0,0.0,0.0,0.0,0.0,0.0,0.0,0.0,0.0,0.0,0.0,0.0,0.0,0.0,0.0,0.0,0.0,0.0,0.0,0.4630866670257951,0.0,0.0,0.0,0.4524693852719152,0.0,0.0,0.0,0.0
0.3605978036212512,0.3144807101992317,0.4332467291167193,0.0,0.4370808523138835,0.4066532961309025,0.4174430955255642,0.4287408457743701,0.4330309424430996,0.3314883659233483,0.4712572042878092,0.3242286926775463,0.3935028252710774,0.0,0.4071296972313277,0.3318071328251583,0.3391602948133591,0.3482297572858112,0.4537992655608082,0.3627298347131003,0.3993167233260705,0.3675214969353666,0.4105625928107521,0.3425576365882319,0.3422693606052169,0.359122948154122,0.3801013594145899,0.3623107194882955,0.3452926217962128,0.3312930747415953,0.0,0.3808372587561499,0.3130431182597663,0.2787751445872057,0.397400510688313,0.4068159973912671,0.274284970619062,0.2697038381003219,0.3779727596633441,0.3681255430586609,0.3110664997876607,0.0,0.0,0.0,0.0,0.3830459328871198,0.4048023005101828,0.0,0.0,0.0,0.4405444187083507,0.0,0.4658509265593616,0.0,0.2553685295262212,0.0,0.3044743340224335,0.0,0.0,0.4568113261419501,0.4011503379548262,0.0,0.4004305903967967,0.0,0.4452296625482358,0.4091929351585655,0.4257792704778293,0.484563414485694,0.3564412888597255,0.4058607815225894,0.4222549831850712,0.470976880018902,0.4351320431488086,0.4301494233364471,0.0,0.4076812121415865
0.4139839575016762,0.3878087032385608,0.3843141110372417,0.3224755808303368,0.3736086470423305,0.3927981935435002,0.3977691096522778,0.3873185774144153,0.3886571900906405,0.2810683241734457,0.4351809566309391,0.2632512292956913,0.393184238899757,0.3404053305909668,0.4219055459350196,0.4115213454390651,0.3767737986065714,0.3457882973497144,0.4162400695393813,0.423052019717056,0.4321608169508535,0.4217273297471203,0.3975203463214596,0.2986128843603053,0.3617147670565925,0.4073094129208294,0.397570620349396,0.3858126347089398,0.4006135585738521,0.4326908206528743,0.3808372587561499,0.0,0.3682045708964002,0.3648229870984504,0.3848681092399122,0.3479854287908376,0.3115260694334966,0.2660464703761174,0.3076659009617359,0.2999420113324191,0.3169488214152717,0.3380550605874727,0.3369217091741717,0.282922410801344,0.2727153536996965,0.4130482598410029,0.4352286144744445,0.4317564930271726,0.0,0.0,0.4458590408114281,0.0,0.4484173335688867,0.3337973894292722,0.2684401228399659,0.3696193007764555,0.259261372357394,0.351515704285935,0.0,0.4506513253182224,0.4168396545212932,0.0,0.4089267604734324,0.3465247555799175,0.4410198064770783,0.4583817257528092,0.4440908195061217,0.4707000991394688,0.2825464737594411,0.4190765771898444,0.4414479761230933,0.4605697500123666,0.4045523832456456,0.4523201643849704,0.0,0.455963392366135
0.3086015435174029,0.3143417687229337,0.0,0.0,0.375051290358241,0.3614086840912873,0.3053419930500312,0.3947834481055791,0.383323981163049,0.2999712080985082,0.3749268770059462,0.2782054100901757,0.3466028348919262,0.0,0.3917592050983391,0.3557739881691804,0.3149590522562599,0.3000821027120835,0.0,0.3795612372781712,0.4002728871601943,0.3659746717058401,0.3801526318757595,0.2277895628245672,0.2804644439017552,0.3283287363274812,0.376161913403048,0.3129182318001638,0.3541379348584298,0.0,0.3130431182597663,0.3682045708964002,0.0,0.2384668946898815,0.4939856034165374,0.4833585826062578,0.2429797750577552,0.1863986084751511,0.3009709455744925,0.2546065875927483,0.2535291317172387,0.0,0.0,0.0,0.1970024778796069,0.4075388304893865,0.4185025198498989,0.0,0.0,0.0,0.0,0.0,0.0,0.0,0.3311417890071799,0.0,0.3446789436535891,0.0,0.0,0.4700761558467417,0.4090989299990661,0.3672068283251139,0.3947887989013544,0.0,0.3829461160687765,0.4779558793135925,0.4483433862260773,0.4432077934622135,0.3133279010492466,0.4006128926920049,0.4067878208423153,0.4374676869133838,0.0,0.0,0.0,0.3277192888827102
0.3519363560885344,0.3295096300138135,0.4333572810901124,0.2273345962497542,0.4281132793319335,0.4216747671827925,0.4177977032260299,0.4489744773160833,0.4269167575389589,0.3060448043051708,0.4624119005022386,0.2292115686085948,0.3998031914922383,0.4234900395031374,0.4286009808807389,0.3458164914997819,0.3559994377508692,0.3533038312768702,0.4435140311847813,0.4210447533203887,0.4206716456205248,0.4035674371968668,0.4303708897686111,0.260037644256334,0.3296361221885441,0.361077135052593,0.4127925882744906,0.3826035286775359,0.4046645039998587,0.3882351252085518,0.2787751445872057,0.3648229870984504,0.2384668946898815,0.0,0.3312416188727926,0.4057372953907781,0.2353819556870283,0.193464642668804,0.3131162047187565,0.2952461649373571,0.2909706541658829,0.4238814342833074,0.3116224459725381,0.0,0.2327842707538837,0.3974541600242984,0.4127855957787327,0.0,0.0,0.0,0.4634261574063453,0.0,0.4795530885776059,0.0,0.2698089997010968,0.0,0.2745088651370038,0.0,0.0,0.4744540021020487,0.405476771134741,0.0,0.400152607525224,0.0,0.4650586765393687,0.4352744222370587,0.4456846953512009,0.494731069323956,0.2660814977750033,0.4067559904353977,0.4261931455338604,0.4819733856989682,0.3934675685470904,0.4697098542533465,0.0,0.3463889967412638
0.4056326784026641,0.3715129264950923,0.0,0.3470578267497849,0.4061179685828026,0.4121036150223097,0.365162740797269,0.437856303434026,0.3974835972143944,0.3012626059992931,0.4366866685802718,0.3173772319985388,0.3736013810066186,0.0,0.4570123920081431,0.4248513979301795,0.3522516798727669,0.3551708684183067,0.4255039930637547,0.456744843400606,0.4709808445710408,0.4491009971284481,0.431438647071693,0.3477729429487656,0.3490299247139865,0.4251870223452103,0.4425224198027134,0.2866007970480653,0.4379152193106123,0.0,0.397400510688313,0.3848681092399122,0.4939856034165374,0.3312416188727926,0.0,0.4198065805662707,0.343904082455845,0.2907203668400421,0.3237360663667066,0.0,0.3299196412785838,0.3624353290329992,0.3099950570323033,0.2821712211632711,0.281415858338946,0.0,0.4494587706484319,0.0,0.0,0.0,0.0,0.0,0.0,0.0,0.0,0.0,0.2675525132494643,0.0,0.0,0.4921744610693218,0.4258861717006895,0.0,0.4132396999517217,0.0,0.4614503105132892,0.0,0.4622947256207122,0.3985634036993136,0.0,0.4277697720429724,0.466638229543266,0.3783751175517574,0.0,0.0,0.0,0.0
0.0,0.0,0.4024231757617261,0.2396148391344018,0.2547093690538842,0.4225765432117112,0.2459348758061862,0.2592793341195412,0.3899662339308766,0.3338378739838651,0.3639418294390601,0.3143260775101131,0.2814282853149956,0.2828067962275898,0.5060191982746233,0.0,0.0,0.0,0.3940443368377411,0.477334249754794,0.0,0.4891405164430862,0.3754021829681601,0.3412101946086224,0.0,0.4555552053501215,0.4407316220502075,0.2820571732780308,0.4541744096787226,0.0,0.4068159973912671,0.3479854287908376,0.4833585826062578,0.4057372953907781,0.4198065805662707,0.0,0.2265116130523939,0.3162411464180522,0.2774984575432232,0.2695083763906107,0.2864689269919243,0.3165091396813721,0.3041990358693414,0.2713140250729088,0.0,0.0,0.0,0.4643036422775924,0.0,0.0,0.3939262849367365,0.297491307927797,0.0,0.4355493696918466,0.0,0.3402432464540856,0.2767633685195517,0.3227061208249,0.390384724196574,0.0,0.0,0.0,0.0,0.4370766648410153,0.0,0.0,0.0,0.4490306743292863,0.0,0.0,0.0,0.4243729516935832,0.3049635815662455,0.4215791283654947,0.0,0.0
0.0,0.0,0.3805894108224136,0.1773345820987115,0.2907541623570762,0.3975889625014496,0.352370786708386,0.2233211112678893,0.396495045003322,0.252481109938541,0.4188976976515901,0.2524075465069883,0.2944525844537682,0.2109236169315098,0.0,0.0,0.0,0.0,0.4247194049285221,0.4159815934214316,0.0,0.4432520524996687,0.3827174633674208,0.0,0.0,0.0,0.3904642263981291,0.2440457603651544,0.0,0.0,0.274284970619062,0.3115260694334966,0.2429797750577552,0.2353819556870283,0.343904082455845,0.2265116130523939,0.0,0.2485996749929578,0.2788345326782171,0.0,0.2631742866957755,0.3024399277239195,0.0,0.0,0.0,0.0,0.0,0.0,0.0,0.0,0.0,0.0,0.0,0.0,0.0,0.0,0.0,0.0,0.0,0.0,0.0,0.0,0.0,0.0,0.0,0.0,0.0,0.0,0.0,0.0,0.0,0.0,0.0,0.0,0.0,0.0
0.0,0.0,0.0,0.0,0.3722906453957273,0.0,0.3665770167059908,0.0,0.3840192243407592,0.25582249391355,0.4097509242830088,0.2031165254684691,0.3344185860260181,0.0,0.0,0.0,0.0,0.0,0.0,0.0,0.0,0.0,0.0,0.2253979795152185,0.2836302366648234,0.2855553273046625,0.0,0.3006036984418746,0.0,0.0,0.2697038381003219,0.2660464703761174,0.1863986084751511,0.193464642668804,0.2907203668400421,0.3162411464180522,0.2485996749929578,0.0,0.2359475073248688,0.1658669857449621,0.2387906718404604,0.0,0.0,0.0,0.1713493391481849,0.0,0.0,0.0,0.0,0.0,0.0,0.0,0.0,0.0,0.2001076640138537,0.0,0.2317889842909366,0.0,0.0,0.0,0.0,0.0,0.0,0.0,0.0,0.0,0.0,0.0,0.1829213592471455,0.0,0.0,0.0,0.0,0.0,0.0,0.0
0.4208208973110716,0.41595046742864,0.4663414943171376,0.0,0.0,0.4544780638288799,0.0,0.4460346121623619,0.3752414242195133,0.2161596669920223,0.3845530831426697,0.2357829312229554,0.381516271898307,0.0,0.4460578165943821,0.4246550281969162,0.0,0.4091666655100907,0.393930713618286,0.4324497256144415,0.4585620892873815,0.433199846920003,0.4663404491571906,0.2857568442418555,0.4223775506689929,0.4277371668174682,0.4538023203367919,0.4046973902470339,0.4446575970630608,0.455503822687786,0.3779727596633441,0.3076659009617359,0.3009709455744925,0.3131162047187565,0.3237360663667066,0.2774984575432232,0.2788345326782171,0.2359475073248688,0.0,0.3153208084040262,0.3667840096059554,0.3974739609729218,0.3034777241972636,0.3360439099994447,0.2451639340358334,0.3841463887793604,0.3686113934994321,0.4231463220226438,0.2725191545362212,0.376746227654517,0.3989138864891218,0.3672528939728706,0.3907529328615007,0.4222793990258157,0.2929305667793548,0.4138845930763252,0.2452532619314125,0.3781448025351385,0.3419156938536793,0.4096830146063101,0.3947084015296503,0.3869505686988505,0.395169090371106,0.4269294670503952,0.4184545392342654,0.3806947685466344,0.4067012422738382,0.3958188221304953,0.2564202660840937,0.3748254976689097,0.3894674276599117,0.3913667362791714,0.3632506436785127,0.4009946355027937,0.3811575695990586,0.3787046380454308
0.4192915866637859,0.413764748875772,0.0,0.0,0.0,0.0,0.0,0.0,0.0,0.3821593617101768,0.0,0.3765419049375531,0.0,0.0,0.4357940214835841,0.4014861424864397,0.3750671005067388,0.3845601628176676,0.0,0.3857204738002406,0.4306056145346172,0.4231321758589272,0.4567863689818177,0.3395447112449986,0.3925226708323932,0.4041377660293979,0.0,0.0,0.0,0.0,0.3681255430586609,0.2999420113324191,0.2546065875927483,0.2952461649373571,0.0,0.2695083763906107,0.0,0.1658669857449621,0.3153208084040262,0.0,0.2750797522437603,0.4224470465095177,0.4492778425484655,0.2465347675728788,0.1967176465821747,0.3408908696833789,0.2981648762027301,0.0,0.0,0.0,0.3637032349106383,0.3091684597673732,0.4226214114171777,0.3814976948221219,0.2817859416023557,0.410633436623543,0.2760454771538584,0.3310746954694142,0.0,0.3733904870587856,0.3488678318721308,0.3074555554133616,0.3204638134657858,0.0,0.3566688647544181,0.3118759585555582,0.3375009498470228,0.3876742786046183,0.2304395451991048,0.2965909239305356,0.3190013933423724,0.3655132766780338,0.3304010975345545,0.3679693562330083,0.0,0.3068171826199532
0.3921337686828883,0.41364919789832,0.0,0.0,0.0,0.433417839008679,0.0,0.4738168008469057,0.0,0.2577658509543021,0.0,0.2353187327656568,0.0,0.0,0.4707339537651444,0.4054674036894456,0.0,0.3951247795079948,0.0,0.3926426127576909,0.4601053384527547,0.4436210409044659,0.4912367947188066,0.2727766415723231,0.4007409923026078,0.4229822166822013,0.4702059295619246,0.3179506603187222,0.4439790889801434,0.0,0.3110664997876607,0.3169488214152717,0.2535291317172387,0.2909706541658829,0.3299196412785838,0.2864689269919243,0.2631742866957755,0.2387906718404604,0.3667840096059554,0.2750797522437603,0.0,0.3998478987858497,0.407098232214846,0.2548726654680801,0.2250544911253506,0.3362986630795149,0.3417088643162674,0.4447447036120229,0.0,0.4088908411376438,0.4102261534543976,0.3722623806155249,0.4485646813820302,0.4351442817244401,0.2873235622373705,0.4385527418967498,0.2516143358918798,0.4009800196476907,0.4039398533840985,0.4226417735881683,0.3482913741751134,0.340051577678955,0.345525218193848,0.4417067872619781,0.4207606824236433,0.3816619986607045,0.3931628031287151,0.4262909703597926,0.2539111221148933,0.321634140442579,0.3521329975406816,0.4018672057734739,0.3720164985539418,0.3910814915958013,0.394486265335663,0.2592899411855235
0.0,0.4399445822808399,0.0,0.0,0.0,0.0,0.0,0.0,0.0,0.0,0.0,0.0,0.0,0.0,0.4804631286322259,0.4292577942779166,0.0,0.4154440184238346,0.0,0.4484843087655324,0.0,0.4719617980212812,0.479884777373861,0.0,0.42535406011255,0.4544236727622328,0.4565685520364869,0.0,0.4232537338755871,0.0,0.0,0.3380550605874727,0.0,0.4238814342833074,0.3624353290329992,0.3165091396813721,0.3024399277239195,0.0,0.3974739609729218,0.4224470465095177,0.3998478987858497,0.0,0.4229695893228991,0.3213610263665784,0.3236421389646501,0.3966143345921584,0.397928263824804,0.4108595463567546,0.0,0.0,0.422971579984993,0.3985179605280297,0.0,0.4161953110842591,0.3311710684182806,0.0,0.0,0.4488492228536376,0.0,0.4513168559726029,0.4066077288261501,0.3809805159850739,0.3897898067990505,0.0,0.4555788076825086,0.4184114194389756,0.4466956822500169,0.4337023139758219,0.3710509031650044,0.373553085592828,0.4156426169427558,0.4279342023554741,0.4197516618633919,0.432229020922511,0.0,0.256423510425696
