0.0,0.3652524232121771,0.0,0.0,0.0,0.3068923336962147,0.0,0.4555396094007335,0.0,0.378630366705828,0.0,0.4038661661330846,0.0,0.0,0.3410918737265873,0.3705430246244267,0.3730171451772377,0.3936108502533415,0.0,0.3700072311996399,0.3829815486483718,0.3668035886397727,0.4104966372648324,0.3880303858469136,0.3745901570981579,0.3658237877486791,0.3507218807675598,0.3337784510405472,0.3523083081109344,0.0,0.333066135157923,0.3875957910856918,0.3423784047733406,0.3303768356946455,0.3826352181640109,0.0,0.0,0.0,0.3894522737371393,0.3990097770193478,0.3702661603144733,0.0,0.0,0.0,0.0,0.3752750538736882,0.4293029616248375,0.0,0.0,0.0,0.0,0.0,0.0,0.0,0.4147308126140573,0.0,0.0,0.0,0.0,0.0,0.4193154123250803,0.0,0.4196903321063803,0.0,0.0,0.3766207154870952,0.4074142494154143,0.0,0.3677596000947938,0.4085315456540708,0.4242436693749306,0.0,0.0,0.0,0.0,0.0
0.3652524232121771,0.0,0.0,0.0,0.3115831133747998,0.3423656513943037,0.3354128220509809,0.4280636118631079,0.2580976872991517,0.0,0.0,0.0,0.3762625097312972,0.0,0.3806528932185926,0.3698913392988302,0.0,0.382980828521869,0.0,0.3839761963728216,0.3673693302241982,0.3735404338718404,0.3693722778578802,0.0,0.3601144433544961,0.389034770531653,0.3721398872064232,0.372389182852733,0.3750970728588153,0.0,0.32212145046753,0.3825951740535425,0.332946626384781,0.3278600359386818,0.3681739350313181,0.0,0.0,0.0,0.4046246771534287,0.4121674648994733,0.4026024902590435,0.4223734091773734,0.0,0.0,0.0,0.4180827134249482,0.4192276008474474,0.0,0.0,0.0,0.0,0.0,0.0,0.0,0.0,0.0,0.0,0.0,0.0,0.4092589010899758,0.403968226322576,0.0,0.428386260138635,0.0,0.3817491814249844,0.4110481530294093,0.4151939028798583,0.3563899794851463,0.0,0.4214492408700123,0.4298893330644602,0.3736624808544169,0.0,0.385224855388141,0.0,0.3910479314842601
0.0,0.0,0.0,0.0,0.3968119181381183,0.3700222758887576,0.3620731494088011,0.4452285768061131,0.3374565815243234,0.3626239183000967,0.3226792852947542,0.0,0.3585296909870356,0.4063094813585109,0.0,0.0,0.0,0.0,0.2876386153818125,0.0,0.0,0.0,0.298468902213902,0.0,0.0,0.0,0.3396643155090276,0.3592654710794095,0.0,0.3371599500626305,0.3769758810561748,0.3438901712823793,0.0,0.3799540992688023,0.4107540415716871,0.3547530179005417,0.3451065252047796,0.0,0.3869906060779319,0.0,0.0,0.0,0.5058746764327683,0.0,0.0,0.0,0.0,0.3871509496158213,0.0,0.4764103455673897,0.5217328202989183,0.0,0.5469756209520842,0.5587468908303919,0.0,0.4092933235021645,0.0,0.0,0.5091897086991432,0.0,0.0,0.0,0.0,0.2998068778080212,0.0,0.0,0.0,0.5359171619219332,0.0,0.0,0.0,0.5357439577068908,0.0,0.0,0.0,0.0
0.0,0.0,0.0,0.0,0.2246314200058113,0.3478462276118456,0.3077665959407871,0.3597456611348082,0.3306780181120762,0.2857948398366474,0.3372257383609355,0.0,0.3307531664424519,0.2530611168308058,0.0,0.0,0.0,0.0,0.3178572086789544,0.0,0.0,0.0,0.3545979624817812,0.0,0.0,0.0,0.351551256607327,0.3042836302784011,0.0,0.0,0.0,0.2815724929495606,0.0,0.3032713987834472,0.3003093061480053,0.1810870689941913,0.2034351280226929,0.0,0.0,0.0,0.0,0.0,0.0,0.0,0.0,0.0,0.0,0.0,0.0,0.0,0.0,0.0,0.0,0.0,0.0,0.0,0.0,0.0,0.0,0.0,0.0,0.0,0.0,0.0,0.0,0.0,0.0,0.0,0.0,0.0,0.0,0.0,0.0,0.0,0.0,0.0
0.0,0.3115831133747998,0.3968119181381183,0.2246314200058113,0.0,0.3853417707761133,0.3307330091296367,0.3353214783371575,0.3358420483533953,0.2678568853178806,0.3093517995482107,0.3538545194925521,0.3540220273346938,0.2421988495963653,0.0,0.0,0.0,0.0,0.3487764911431418,0.3823818956576663,0.0,0.4003902777791024,0.3364677730527812,0.0,0.318815426830999,0.0,0.3895161709664232,0.3423275716400893,0.3621854428128942,0.0,0.3740428294447285,0.2950916409465705,0.3417798424210589,0.3789076780367779,0.3736952723542805,0.2143650664855376,0.1959750780286378,0.3179318856390836,0.0,0.0,0.0,0.0,0.410611329995328,0.0,0.0,0.0,0.0,0.4807998277220845,0.0,0.0,0.0,0.0,0.4159213567295549,0.4388222906860599,0.0,0.3781784136132139,0.0,0.0,0.0,0.0,0.0,0.0,0.0,0.0,0.0,0.0,0.0,0.4559352548345872,0.0,0.0,0.0,0.4093967303042642,0.0,0.0,0.0,0.0
0.3068923336962147,0.3423656513943037,0.3700222758887576,0.3478462276118456,0.3853417707761133,0.0,0.3775441032233089,0.3598992734873659,0.3752765263691722,0.3273673064432253,0.3791393503209823,0.0,0.3373639685398032,0.3987264385908282,0.3792356043216367,0.3810726006832737,0.0,0.3671013657129556,0.3654144989541713,0.3589000536435845,0.339991223574681,0.3929887372190368,0.3545013965362338,0.0,0.3434022214319805,0.3603289464368071,0.3362628817558645,0.3165603950231634,0.3438755446894806,0.3544446618442141,0.3656353094066523,0.3651707403760216,0.337499993698046,0.3856261334912965,0.4088880452524725,0.3621581924058013,0.3696019565122239,0.0,0.4157436265452792,0.0,0.4467336744155956,0.3914392387523215,0.4310378474502107,0.0,0.0,0.0,0.0,0.5175049566911255,0.0,0.0,0.4604406985634607,0.4200701623566749,0.4139894002842673,0.5213273247029308,0.0,0.4888142727680014,0.0,0.4027430501593311,0.0,0.3497537921479053,0.0,0.0,0.0,0.5078927780460318,0.3598871903977521,0.3097101283716976,0.3482836269625114,0.4642339528936041,0.0,0.0,0.0,0.4530490510171733,0.4043318598867201,0.4232502703479226,0.0,0.4489791440927733
0.0,0.3354128220509809,0.3620731494088011,0.3077665959407871,0.3307330091296367,0.3775441032233089,0.0,0.3617098155399016,0.3685583592518909,0.3112026630665163,0.3783191928422177,0.3284174190532517,0.3267574978909341,0.2889672251896997,0.0,0.3675963876570431,0.0,0.380462934954966,0.3743494809595462,0.3821428559050445,0.0,0.4119098433234482,0.343570692294437,0.0,0.3462459480538846,0.3577371966391499,0.3632981869841326,0.3384149819424505,0.3706020886718624,0.0,0.3844986479369535,0.3768389722365526,0.372216482419097,0.3921754786925839,0.4043605734004822,0.3167599932614414,0.3156274089073225,0.3652847024889795,0.0,0.0,0.0,0.0,0.0,0.0,0.0,0.0,0.0,0.0,0.0,0.0,0.3396554855133195,0.0,0.0,0.0,0.0,0.0,0.0,0.0,0.0,0.0,0.0,0.0,0.0,0.0,0.0,0.0,0.0,0.4371038226635289,0.0,0.0,0.0,0.380940115803032,0.0,0.0,0.0,0.0
0.4555396094007335,0.4280636118631079,0.4452285768061131,0.3597456611348082,0.3353214783371575,0.3598992734873659,0.3617098155399016,0.0,0.4433285157898827,0.3551297806939781,0.3498763562202463,0.0,0.3512528673299802,0.3657910463727531,0.0,0.4035048408622417,0.0,0.4313968304679541,0.4130904737196484,0.3797607881743258,0.388172534052943,0.4006290366035312,0.3348078192075437,0.4802352159241014,0.4543871061898245,0.4508678522973753,0.3874591114134876,0.3549635634923051,0.353175450717557,0.3611055153048282,0.3826711490034092,0.3479274724793428,0.4103340785182929,0.3975414094499949,0.396019823855499,0.2733178872524086,0.3345721195058642,0.0,0.4142389300238118,0.0,0.4621917337650789,0.0,0.4509633217432788,0.0,0.0,0.0,0.0,0.5411285606204114,0.0,0.4360014709074676,0.4542471731471206,0.4255065757797803,0.4423871446662681,0.5388871618045559,0.0,0.4547604008224553,0.0,0.3944014266196046,0.4662468841558311,0.4516485608623058,0.0,0.0,0.0,0.5286599128922009,0.4554496787790391,0.4893931194006977,0.0,0.4885540791106126,0.0,0.0,0.0,0.4687751741573548,0.3927824003554342,0.3906127394211945,0.0,0.4285688092355146
0.0,0.2580976872991517,0.3374565815243234,0.3306780181120762,0.3358420483533953,0.3752765263691722,0.3685583592518909,0.4433285157898827,0.0,0.3106903631296916,0.2902081350284624,0.3189317499182307,0.3603986597173483,0.404690906778714,0.0,0.3272191136095101,0.0,0.0,0.2717558169964311,0.3429912859404799,0.0,0.3559530760959087,0.3797485312359817,0.0,0.0,0.0,0.375410570514711,0.3718859931480112,0.3360588432607273,0.3422600623587422,0.3879079099447443,0.3703491275279103,0.3354037778750484,0.3863500273124565,0.3816414964719457,0.3492740373537166,0.3385703697604451,0.2888358503800449,0.342991957509956,0.0,0.0,0.0,0.4827601967150896,0.0,0.0,0.0,0.0,0.5501178318781723,0.0,0.0,0.5026338052583049,0.0,0.523981759398167,0.5213996946860352,0.0,0.4699790940372637,0.0,0.0,0.489811971575526,0.0,0.0,0.0,0.0,0.5380443051778189,0.0,0.0,0.0,0.5248126390323796,0.0,0.0,0.0,0.5138388134840002,0.0,0.0,0.0,0.0
0.378630366705828,0.0,0.3626239183000967,0.2857948398366474,0.2678568853178806,0.3273673064432253,0.3112026630665163,0.3551297806939781,0.3106903631296916,0.0,0.3318847163309278,0.2861222697701058,0.3692760304112157,0.0,0.0,0.3483535874305877,0.3062466328004364,0.3268094897731513,0.332041809954048,0.0,0.0,0.3121626064895408,0.3595738284384348,0.3164341420921305,0.3530241252360604,0.345610971402756,0.361573006832752,0.3544160827950398,0.0,0.0,0.312256083797072,0.3448395244092483,0.3038739197188266,0.3078928241619809,0.3054964860526886,0.3328887434017475,0.2837009646540867,0.2654085574513246,0.2920532795593301,0.3724345043819375,0.3504616368340925,0.0,0.0,0.0,0.363170149945686,0.0,0.0,0.0,0.0,0.0,0.0,0.0,0.0,0.0,0.4323185076925094,0.0,0.4332907265210626,0.0,0.0,0.0,0.0,0.4140459335385658,0.3492417763910853,0.0,0.0,0.0,0.0,0.0,0.4319632317028545,0.4045773893427886,0.4385632451400657,0.0,0.0,0.0,0.0,0.3938103471347493
0.0,0.0,0.3226792852947542,0.3372257383609355,0.3093517995482107,0.3791393503209823,0.3783191928422177,0.3498763562202463,0.2902081350284624,0.3318847163309278,0.0,0.3400597476901706,0.375798992319533,0.2832596844605232,0.0,0.0,0.0,0.0,0.2631157416421023,0.0,0.0,0.0,0.2955089437402777,0.0,0.0,0.0,0.3730710949680664,0.3712440068765708,0.0,0.0,0.3878735746959379,0.3349915421584446,0.0,0.3742706915242504,0.3773943597616269,0.2987286755402701,0.3238456751967061,0.3204131845922279,0.3284143418479225,0.0,0.0,0.0,0.4767192509640625,0.0,0.0,0.0,0.0,0.5100921476978951,0.0,0.4203510185253164,0.4273559859491764,0.3953187877156503,0.4808458431189554,0.5179810539846471,0.0,0.2660326315687909,0.0,0.374739961754537,0.3866496128744582,0.0,0.0,0.0,0.0,0.4450750573002938,0.0,0.0,0.0,0.4925250065372503,0.0,0.0,0.0,0.4834744062877312,0.0,0.0,0.0,0.0
0.4038661661330846,0.0,0.0,0.0,0.3538545194925521,0.0,0.3284174190532517,0.0,0.3189317499182307,0.2861222697701058,0.3400597476901706,0.0,0.3499967420885005,0.0,0.0,0.0,0.3622740847465274,0.3620114129811035,0.0,0.0,0.0,0.0,0.0,0.3182851815174756,0.3676666271644371,0.3279426490412,0.0,0.3654371621697575,0.0,0.0,0.334482186525263,0.3084611993676363,0.3120604258776269,0.2683084489497459,0.2683297964139939,0.371950894940239,0.3856874483936979,0.2145648609535012,0.0,0.387397780820444,0.3544076190114836,0.0,0.0,0.0,0.3629598690111751,0.0,0.0,0.0,0.0,0.0,0.0,0.0,0.0,0.0,0.442567691784078,0.0,0.44532875359862,0.0,0.0,0.0,0.0,0.4097589101905721,0.3625407060828683,0.0,0.0,0.0,0.0,0.0,0.4392521085072048,0.4222774186656101,0.4489662646201683,0.0,0.0,0.0,0.0,0.4034949354482662
0.0,0.3762625097312972,0.3585296909870356,0.3307531664424519,0.3540220273346938,0.3373639685398032,0.3267574978909341,0.3512528673299802,0.3603986597173483,0.3692760304112157,0.375798992319533,0.3499967420885005,0.0,0.3002668197661445,0.3730253586405286,0.4043783813349378,0.3413844861626777,0.3664276669741421,0.3674392482068351,0.3767216837836102,0.3410556868918353,0.4118611467782591,0.3488788949239114,0.2732145524891487,0.3837875055059457,0.3841298193481554,0.3614651677451911,0.323557871792013,0.3527103849869529,0.3399293825093511,0.3517017080994706,0.3739561434577548,0.365145372231848,0.3766509180628674,0.3844628719094176,0.3383143939995441,0.3404292288805506,0.3441469703587712,0.3585896608434004,0.0,0.0,0.0,0.3570445552138561,0.0,0.0,0.0,0.0,0.3957402199956181,0.0,0.0,0.2580454474306283,0.0,0.3746328290172112,0.0,0.0,0.0,0.0,0.0,0.0,0.0,0.0,0.0,0.0,0.0,0.0,0.0,0.0,0.4298901972550055,0.0,0.0,0.0,0.3965493023761107,0.0,0.3413292585460453,0.0,0.0
0.0,0.0,0.4063094813585109,0.2530611168308058,0.2421988495963653,0.3987264385908282,0.2889672251896997,0.3657910463727531,0.404690906778714,0.0,0.2832596844605232,0.0,0.3002668197661445,0.0,0.0,0.0,0.0,0.0,0.3464051985981747,0.0,0.4264266101647314,0.0,0.3603175605097398,0.0,0.0,0.0,0.4117549745235372,0.2504357160993399,0.0,0.0,0.0,0.2232777803395782,0.0,0.0,0.0,0.2081321955921894,0.1641984954611995,0.0,0.0,0.0,0.0,0.0,0.4219629137906654,0.0,0.0,0.0,0.0,0.4942966675184041,0.0,0.0,0.0,0.0,0.0,0.4979996081315929,0.0,0.4119736356869257,0.0,0.0,0.0,0.0,0.0,0.0,0.0,0.0,0.0,0.0,0.0,0.4793892618211469,0.0,0.0,0.0,0.0,0.0,0.0,0.0,0.0
0.3410918737265873,0.3806528932185926,0.0,0.0,0.0,0.3792356043216367,0.0,0.0,0.0,0.0,0.0,0.0,0.3730253586405286,0.0,0.0,0.3736672381906747,0.0,0.3610900876240726,0.0,0.3545745796002825,0.3499791248071182,0.3146481619513162,0.2870268473970672,0.3751813841621617,0.3609643466279779,0.3641660585919835,0.3845656562917986,0.3673125573626665,0.3796989123160056,0.0,0.3754547065336674,0.3947394181524555,0.355538391111106,0.3991935589395154,0.4363307982128682,0.0,0.0,0.0,0.4068608845752056,0.4227651730679592,0.3905222936751089,0.456875058548973,0.0,0.0,0.0,0.0,0.4291114995818559,0.0,0.0,0.0,0.4014031135128752,0.0,0.4156210326738541,0.0,0.0,0.0,0.0,0.0,0.0,0.4453890022694854,0.3591876830226882,0.0,0.0,0.0,0.4171082963135311,0.3832783206067277,0.4530381483913555,0.4144983523151228,0.0,0.0,0.4624293303555024,0.4314556568888679,0.3908066522608596,0.3936616047075331,0.0,0.3564402394522802
0.3705430246244267,0.3698913392988302,0.0,0.0,0.0,0.3810726006832737,0.3675963876570431,0.4035048408622417,0.3272191136095101,0.3483535874305877,0.0,0.0,0.4043783813349378,0.0,0.3736672381906747,0.0,0.3712979484436033,0.3661596929827334,0.0,0.4037905262228098,0.3623829670469261,0.3777739666961479,0.3871184605697573,0.3433590986419484,0.3716027767983885,0.3782603552582335,0.3886644521820067,0.368652346719524,0.4113949331664072,0.3770684048509781,0.3631286554117184,0.408846310614368,0.3576239852107301,0.3653587282798777,0.4149848758740417,0.0,0.0,0.0,0.4111827376675107,0.4210764713642344,0.4129714137128317,0.4121505965798484,0.0,0.0,0.0,0.4329872770970283,0.4205092649417255,0.0,0.0,0.0,0.0,0.0,0.0,0.0,0.0,0.0,0.0,0.0,0.0,0.4095644186681207,0.4192150630580143,0.0,0.4294584176395493,0.0,0.3815399928843406,0.3781332919006231,0.4128248254337997,0.0,0.0,0.428898202725578,0.442973575740979,0.0,0.0,0.0,0.0,0.4136178300153524
0.3730171451772377,0.0,0.0,0.0,0.0,0.0,0.0,0.0,0.0,0.3062466328004364,0.0,0.3622740847465274,0.3413844861626777,0.0,0.0,0.3712979484436033,0.0,0.306312461414838,0.0,0.3259397527104447,0.0,0.3502585475513896,0.0,0.3729503826069536,0.3474091004644743,0.3562640329913285,0.0,0.3227661652869547,0.0,0.0,0.3335868324586307,0.3705698309386352,0.3152963071206766,0.3323089351129591,0.3407723182923062,0.0,0.0,0.2911811311582115,0.0,0.3677210410779661,0.3441179037014001,0.0,0.0,0.0,0.0,0.0,0.0,0.0,0.0,0.0,0.0,0.0,0.0,0.0,0.4311907516211595,0.0,0.4280571512477077,0.0,0.0,0.0,0.0,0.4145760159114657,0.3834803097817487,0.0,0.0,0.0,0.0,0.0,0.4125295872311142,0.4183007655460473,0.4342079778445988,0.0,0.0,0.0,0.0,0.0
0.3936108502533415,0.382980828521869,0.0,0.0,0.0,0.3671013657129556,0.380462934954966,0.4313968304679541,0.0,0.3268094897731513,0.0,0.3620114129811035,0.3664276669741421,0.0,0.3610900876240726,0.3661596929827334,0.306312461414838,0.0,0.0,0.395016485817217,0.3805232468884212,0.4006367990019016,0.4038087432821319,0.3659803962027731,0.3611985849144004,0.3733552331890498,0.3792883021106007,0.3630729173161895,0.4035759087585075,0.0,0.3411407526421506,0.3756081236611091,0.3357997327878517,0.3448559888783242,0.3553519816093445,0.0,0.0,0.0,0.3981849209256472,0.4081686942017623,0.4086198336584355,0.0,0.0,0.0,0.0,0.4230821268676797,0.418752542068516,0.0,0.0,0.0,0.0,0.0,0.0,0.0,0.4237092143704622,0.0,0.425404442128807,0.0,0.0,0.0,0.428875083884416,0.4221142872923263,0.4283184792995828,0.0,0.0,0.0,0.3829535758725653,0.0,0.4280280680224569,0.4290494861018469,0.4439547218002527,0.0,0.0,0.0,0.0,0.4065615917137413
0.0,0.0,0.2876386153818125,0.3178572086789544,0.3487764911431418,0.3654144989541713,0.3743494809595462,0.4130904737196484,0.2717558169964311,0.332041809954048,0.2631157416421023,0.0,0.3674392482068351,0.3464051985981747,0.0,0.0,0.0,0.0,0.0,0.0,0.0,0.0,0.2570328305636923,0.0,0.0,0.0,0.3655576145072511,0.3757479565946887,0.0,0.0,0.3447093107095637,0.3423398449142009,0.0,0.3169618663452179,0.3767119309385174,0.3340947720657676,0.316487540610071,0.0,0.3649618687306528,0.0,0.0,0.0,0.4786250869619793,0.0,0.0,0.0,0.0,0.5402254391405343,0.0,0.0,0.4855658151098002,0.0,0.5238782562116546,0.5279234763163845,0.0,0.323591658522547,0.0,0.0,0.4575237130654656,0.0,0.0,0.0,0.0,0.5235401554115477,0.0,0.0,0.0,0.5248198429846838,0.0,0.0,0.0,0.5011515281866459,0.0,0.0,0.0,0.0
0.3700072311996399,0.3839761963728216,0.0,0.0,0.3823818956576663,0.3589000536435845,0.3821428559050445,0.3797607881743258,0.3429912859404799,0.0,0.0,0.0,0.3767216837836102,0.0,0.3545745796002825,0.4037905262228098,0.3259397527104447,0.395016485817217,0.0,0.0,0.3674684629600665,0.3547678412935516,0.2633055568079924,0.0,0.3734196136542024,0.4012985268090483,0.310828580040344,0.358784665409638,0.3413848566979103,0.3431528345725184,0.3521894548550565,0.4060354582138904,0.3629576783987258,0.4027713788831436,0.4451628941369264,0.4563641535172421,0.4432464230641109,0.0,0.4005100969408589,0.3603366452724297,0.274382822400583,0.4263613887572123,0.0,0.0,0.0,0.0,0.378276982148643,0.0,0.0,0.0,0.3738351620350835,0.0,0.4168114063017292,0.0,0.0,0.0,0.0,0.0,0.0,0.3879936998901861,0.0,0.0,0.0,0.0,0.4023293090323088,0.3049060318820967,0.4223207000437906,0.3882781116424585,0.0,0.0,0.429215640387166,0.4342146515928535,0.4061850346138972,0.3439034750805309,0.0,0.3854071029778571
0.3829815486483718,0.3673693302241982,0.0,0.0,0.0,0.339991223574681,0.0,0.388172534052943,0.0,0.0,0.0,0.0,0.3410556868918353,0.4264266101647314,0.3499791248071182,0.3623829670469261,0.0,0.3805232468884212,0.0,0.3674684629600665,0.0,0.3974486101931606,0.3362431585841747,0.4730814402622196,0.4106937831925057,0.3902776303665741,0.3717159055689695,0.3419024510839339,0.3486923068135441,0.3506008980615098,0.3555762899324721,0.3827819710982342,0.3275689497497252,0.3756456506222216,0.426016814413475,0.4217135706522953,0.0,0.0,0.4176636888247048,0.3727568545753493,0.395756760744219,0.4523044608657917,0.0,0.0,0.0,0.4108767686375818,0.4142418781790335,0.0,0.0,0.0,0.388740222808618,0.0,0.4320219406860223,0.0,0.0,0.0,0.0,0.0,0.0,0.4503298481540643,0.3652637718102574,0.0,0.0,0.0,0.4096842030723283,0.3818752419303231,0.4319669605376371,0.4153692979533107,0.0,0.3611213813645977,0.4462599906555697,0.432930008687217,0.4166116279416294,0.4233446827649171,0.0,0.4126732032830554
0.3668035886397727,0.3735404338718404,0.0,0.0,0.4003902777791024,0.3929887372190368,0.4119098433234482,0.4006290366035312,0.3559530760959087,0.3121626064895408,0.0,0.0,0.4118611467782591,0.0,0.3146481619513162,0.3777739666961479,0.3502585475513896,0.4006367990019016,0.0,0.3547678412935516,0.3974486101931606,0.0,0.2997857649738469,0.0,0.3749160152147474,0.3910614992323242,0.3959550999422835,0.3967709278973424,0.4015674487830918,0.3937525176612496,0.3675700162224251,0.4156906706715127,0.3662760798706446,0.4062228547656322,0.4532211480616062,0.4852414732523448,0.4387424680327503,0.0,0.4145500263907135,0.4149402244099965,0.4259143122132382,0.4552153931519616,0.0,0.0,0.0,0.3942830810090714,0.4119976087056207,0.0,0.0,0.0,0.3322749936144949,0.0,0.0,0.0,0.0,0.0,0.0,0.0,0.0,0.4603536080476487,0.3628584995161479,0.0,0.3499651269827578,0.0,0.4210417033145213,0.4277555699677367,0.4413599643098692,0.4254089605732366,0.0,0.3879514006982572,0.4483520388649336,0.4006982854375402,0.0,0.3963598774134434,0.0,0.4036524105795319
0.4104966372648324,0.3693722778578802,0.298468902213902,0.3545979624817812,0.3364677730527812,0.3545013965362338,0.343570692294437,0.3348078192075437,0.3797485312359817,0.3595738284384348,0.2955089437402777,0.0,0.3488788949239114,0.3603175605097398,0.2870268473970672,0.3871184605697573,0.0,0.4038087432821319,0.2570328305636923,0.2633055568079924,0.3362431585841747,0.2997857649738469,0.0,0.4503962116250899,0.4185173566244098,0.4058298471905139,0.3387020254769978,0.3513197383829616,0.3529902249911898,0.3607312768389057,0.3636200303059601,0.3537700292069869,0.3270530102012853,0.3850736040569026,0.3851112801093013,0.3359597125606015,0.3391804773558933,0.0,0.4068806999800258,0.0,0.4757956556585569,0.4816235517820555,0.4734933455987832,0.0,0.0,0.0,0.2979695361206095,0.5476269959303808,0.0,0.4551373531067033,0.4740879982634523,0.4620115611174676,0.4549174883627794,0.5455338591300792,0.0,0.4234927317512883,0.0,0.452780329403814,0.4991398565344339,0.4168427868831769,0.0,0.0,0.0,0.5624751139463554,0.4336788359713746,0.3228192033952061,0.3665093170198438,0.4884294080778716,0.0,0.0,0.3527895474657083,0.4700066124394561,0.4517346761180051,0.4361022821404995,0.4621385055529799,0.4684568128405698
0.3880303858469136,0.0,0.0,0.0,0.0,0.0,0.0,0.4802352159241014,0.0,0.3164341420921305,0.0,0.3182851815174756,0.2732145524891487,0.0,0.3751813841621617,0.3433590986419484,0.3729503826069536,0.3659803962027731,0.0,0.0,0.4730814402622196,0.0,0.4503962116250899,0.0,0.3619046527387189,0.3512869919606957,0.3832180696126215,0.3487192987169242,0.0,0.0,0.3168629359902011,0.3451605212849432,0.2625266670695054,0.2473580310416198,0.2613037195883687,0.0,0.0,0.2383070455302113,0.0,0.3563476637543887,0.3280772557827491,0.0,0.0,0.0,0.329526638471498,0.3965149580766841,0.0,0.0,0.0,0.0,0.0,0.0,0.0,0.0,0.433477826477687,0.0,0.4320956836622672,0.0,0.0,0.0,0.3956658350764709,0.4383845704471044,0.4207968191059553,0.0,0.0,0.0,0.0,0.0,0.4138060372525558,0.4316139190683316,0.4365730961839707,0.0,0.0,0.0,0.0,0.3823673368427824
0.3745901570981579,0.3601144433544961,0.0,0.0,0.318815426830999,0.3434022214319805,0.3462459480538846,0.4543871061898245,0.0,0.3530241252360604,0.0,0.3676666271644371,0.3837875055059457,0.0,0.3609643466279779,0.3716027767983885,0.3474091004644743,0.3611985849144004,0.0,0.3734196136542024,0.4106937831925057,0.3749160152147474,0.4185173566244098,0.3619046527387189,0.0,0.3553139840846898,0.3684046715199687,0.3758256408718424,0.3761970762554802,0.0,0.3403770349487457,0.3769708055379726,0.3133926991833676,0.3334875475501869,0.3594042116356856,0.0,0.0,0.3175747741852725,0.4031444004815286,0.4080882551601826,0.4022734375785323,0.433333320975415,0.0,0.0,0.0,0.418653312648173,0.4299041863483526,0.0,0.0,0.0,0.0,0.0,0.0,0.0,0.438923642333798,0.0,0.4391792437317818,0.0,0.0,0.0,0.4273350993840039,0.4282303797530629,0.4276287024722491,0.0,0.3615038257182839,0.394638367616585,0.3450582783968025,0.0,0.4374210685355938,0.427785337723412,0.4405920819680814,0.0,0.0,0.0,0.0,0.4162015149943697
0.3658237877486791,0.389034770531653,0.0,0.0,0.0,0.3603289464368071,0.3577371966391499,0.4508678522973753,0.0,0.345610971402756,0.0,0.3279426490412,0.3841298193481554,0.0,0.3641660585919835,0.3782603552582335,0.3562640329913285,0.3733552331890498,0.0,0.4012985268090483,0.3902776303665741,0.3910614992323242,0.4058298471905139,0.3512869919606957,0.3553139840846898,0.0,0.4266633522804646,0.337672156991281,0.3820247896742438,0.0,0.3469214166996531,0.3939700113541253,0.3446103010042661,0.3541281498410903,0.4109285238855077,0.4367642941984313,0.0,0.331056831858768,0.4010071974668054,0.4208691230566694,0.4128914069101029,0.4466820932953695,0.0,0.0,0.3957505257375425,0.4280755956585826,0.4378120667722388,0.0,0.0,0.0,0.0,0.0,0.0,0.0,0.4580424974416293,0.0,0.4562806971493101,0.0,0.0,0.4730655016246878,0.4213351297716475,0.4443279340512807,0.4329592821964344,0.0,0.406617424450986,0.4639680249999886,0.4450190856844294,0.4195903768522179,0.4454320289384313,0.4328655051981092,0.4487299600229358,0.4085073888978386,0.0,0.3742400550771906,0.0,0.4179783627705343
0.3507218807675598,0.3721398872064232,0.3396643155090276,0.351551256607327,0.3895161709664232,0.3362628817558645,0.3632981869841326,0.3874591114134876,0.375410570514711,0.361573006832752,0.3730710949680664,0.0,0.3614651677451911,0.4117549745235372,0.3845656562917986,0.3886644521820067,0.0,0.3792883021106007,0.3655576145072511,0.310828580040344,0.3717159055689695,0.3959550999422835,0.3387020254769978,0.3832180696126215,0.3684046715199687,0.4266633522804646,0.0,0.3594068707522455,0.3472273177265243,0.3652228243434008,0.3681257675961736,0.375606250616989,0.3500585110755657,0.3978775668201441,0.4176217004219968,0.3565178161475713,0.3927219841120737,0.0,0.4192525273252538,0.0,0.446323912913395,0.4654562314970971,0.4649471077882764,0.0,0.0,0.0,0.3113713083496024,0.5507107244114855,0.0,0.0,0.4657072440425156,0.4293416225257206,0.442572338982443,0.5438607266520333,0.0,0.4832509168349449,0.0,0.3762876890811268,0.484633984235392,0.4205665899427248,0.0,0.0,0.0,0.5397280042733614,0.4213650669620847,0.356558302874957,0.3105521076100499,0.4670005983938904,0.0,0.0,0.4133684162649114,0.455861871104835,0.4102667081181462,0.419021463440027,0.4285038816612573,0.4496265728621393
0.3337784510405472,0.372389182852733,0.3592654710794095,0.3042836302784011,0.3423275716400893,0.3165603950231634,0.3384149819424505,0.3549635634923051,0.3718859931480112,0.3544160827950398,0.3712440068765708,0.3654371621697575,0.323557871792013,0.2504357160993399,0.3673125573626665,0.368652346719524,0.3227661652869547,0.3630729173161895,0.3757479565946887,0.358784665409638,0.3419024510839339,0.3967709278973424,0.3513197383829616,0.3487192987169242,0.3758256408718424,0.337672156991281,0.3594068707522455,0.0,0.3141325871049084,0.2874864959981453,0.3413083600998224,0.3619157873906369,0.3522148939223461,0.3617151598468869,0.3442508036571691,0.3109734035048035,0.3214317458752634,0.3353127520342273,0.3664378020816953,0.0,0.4230772864313374,0.3458993574103648,0.3783314342145779,0.0,0.0,0.0,0.0,0.0,0.0,0.0,0.3753480149110954,0.0,0.3311269693357677,0.0,0.0,0.0,0.0,0.0,0.0,0.3818549186660513,0.0,0.0,0.0,0.0,0.4088204081046858,0.3636295518601019,0.0,0.4323151442384843,0.0,0.0,0.0,0.4282472995351535,0.3882414179696965,0.3926372948125089,0.0,0.3747989750768101
0.3523083081109344,0.3750970728588153,0.0,0.0,0.3621854428128942,0.3438755446894806,0.3706020886718624,0.353175450717557,0.3360588432607273,0.0,0.0,0.0,0.3527103849869529,0.0,0.3796989123160056,0.4113949331664072,0.0,0.4035759087585075,0.0,0.3413848566979103,0.3486923068135441,0.4015674487830918,0.3529902249911898,0.0,0.3761970762554802,0.3820247896742438,0.3472273177265243,0.3141325871049084,0.0,0.3371444928776684,0.3507407247888204,0.3950120133092898,0.3574169559731231,0.3971973903814587,0.4366128030113924,0.4292654254685021,0.4091254028035234,0.0,0.392872305259829,0.0,0.3671518860415223,0.395083904964788,0.0,0.0,0.0,0.0,0.3581370948324797,0.0,0.0,0.0,0.3695875104842803,0.0,0.3952719977437351,0.0,0.0,0.0,0.0,0.3469957398530854,0.0,0.3864557249610534,0.0,0.0,0.0,0.0,0.3767467877444817,0.3352538884081222,0.3851758120971412,0.4202500185278455,0.0,0.0,0.4015809229729124,0.427068140952023,0.3883722664265074,0.3997765802492458,0.0,0.3727918328205982
0.0,0.0,0.3371599500626305,0.0,0.0,0.3544446618442141,0.0,0.3611055153048282,0.3422600623587422,0.0,0.0,0.0,0.3399293825093511,0.0,0.0,0.3770684048509781,0.0,0.0,0.0,0.3431528345725184,0.3506008980615098,0.3937525176612496,0.3607312768389057,0.0,0.0,0.0,0.3652228243434008,0.2874864959981453,0.3371444928776684,0.0,0.3224576783171441,0.3896326251888497,0.0,0.3688589819705077,0.3876881711199908,0.0,0.0,0.0,0.4203078441155359,0.0,0.0,0.0,0.0,0.0,0.0,0.0,0.0,0.0,0.0,0.0,0.0,0.0,0.0,0.0,0.0,0.0,0.0,0.0,0.0,0.0,0.0,0.0,0.0,0.0,0.4105524180778707,0.0,0.0,0.4475859438823323,0.0,0.0,0.0,0.4299803387981464,0.0,0.0,0.0,0.0
0.333066135157923,0.32212145046753,0.3769758810561748,0.0,0.3740428294447285,0.3656353094066523,0.3844986479369535,0.3826711490034092,0.3879079099447443,0.312256083797072,0.3878735746959379,0.334482186525263,0.3517017080994706,0.0,0.3754547065336674,0.3631286554117184,0.3335868324586307,0.3411407526421506,0.3447093107095637,0.3521894548550565,0.3555762899324721,0.3675700162224251,0.3636200303059601,0.3168629359902011,0.3403770349487457,0.3469214166996531,0.3681257675961736,0.3413083600998224,0.3507407247888204,0.3224576783171441,0.0,0.3802433658587181,0.2939234614062063,0.2759547442803931,0.2644503683432245,0.3700026771529524,0.3191584837539188,0.2891305813283137,0.3755883500539047,0.3577143798105331,0.4513397138717331,0.0,0.0,0.0,0.0,0.3816637481489485,0.3983551417688306,0.0,0.0,0.0,0.3745174288768482,0.0,0.4429310171157788,0.0,0.3592582250155032,0.0,0.3917808868338838,0.0,0.0,0.4324240629135348,0.3933047967519472,0.0,0.4067158241967041,0.0,0.419766947785415,0.3876297117443455,0.4052701431724803,0.4483178731291948,0.4222639301307946,0.4072519736547895,0.4245790058491807,0.4421972989249085,0.3623024237661958,0.3819711506849476,0.0,0.4231421297005744
0.3875957910856918,0.3825951740535425,0.3438901712823793,0.2815724929495606,0.2950916409465705,0.3651707403760216,0.3768389722365526,0.3479274724793428,0.3703491275279103,0.3448395244092483,0.3349915421584446,0.3084611993676363,0.3739561434577548,0.2232777803395782,0.3947394181524555,0.408846310614368,0.3705698309386352,0.3756081236611091,0.3423398449142009,0.4060354582138904,0.3827819710982342,0.4156906706715127,0.3537700292069869,0.3451605212849432,0.3769708055379726,0.3939700113541253,0.375606250616989,0.3619157873906369,0.3950120133092898,0.3896326251888497,0.3802433658587181,0.0,0.3336459997088295,0.3208865552575198,0.3439452386079048,0.2592196549537733,0.3009046510241865,0.2328753565824208,0.267423259965163,0.2879901366508421,0.2986705755786203,0.3209661324595794,0.3059421523841151,0.3082055643665839,0.255916790564622,0.3818773454511189,0.3964076776976389,0.3824210669101767,0.0,0.0,0.4310726298561031,0.0,0.4146834431713291,0.3529557487842629,0.3617023715987847,0.3374757268452355,0.2791597570206902,0.3530414690474665,0.0,0.4308587630173868,0.3069713836304634,0.0,0.3739448342272229,0.3961008127377093,0.4080557552725194,0.4060665476842273,0.4343006146021477,0.4401613958722843,0.0,0.3816000365757789,0.4314794385175938,0.4414766996196463,0.358260850319709,0.4258742616014012,0.0,0.3905781945839319
0.3423784047733406,0.332946626384781,0.0,0.0,0.3417798424210589,0.337499993698046,0.372216482419097,0.4103340785182929,0.3354037778750484,0.3038739197188266,0.0,0.3120604258776269,0.365145372231848,0.0,0.355538391111106,0.3576239852107301,0.3152963071206766,0.3357997327878517,0.0,0.3629576783987258,0.3275689497497252,0.3662760798706446,0.3270530102012853,0.2625266670695054,0.3133926991833676,0.3446103010042661,0.3500585110755657,0.3522148939223461,0.3574169559731231,0.0,0.2939234614062063,0.3336459997088295,0.0,0.2312030377843226,0.3698075278776679,0.4655013603479801,0.2728944357849842,0.1772518831827541,0.2761873707850315,0.3991973050522993,0.2438399638105789,0.4505272540777182,0.0,0.0,0.2733642303244189,0.4100667360902952,0.409581437117441,0.0,0.0,0.0,0.0,0.0,0.0,0.0,0.3592599469562266,0.0,0.3600627396454603,0.0,0.0,0.453150515297212,0.4036776850898189,0.3649260829123464,0.395421898070536,0.0,0.3712924526341989,0.4060584234002323,0.4279535443981882,0.443235193421618,0.3472420153432551,0.4002012143635277,0.4214310172697483,0.4211985820824474,0.0,0.3871719729380281,0.0,0.3347776249244552
0.3303768356946455,0.3278600359386818,0.3799540992688023,0.3032713987834472,0.3789076780367779,0.3856261334912965,0.3921754786925839,0.3975414094499949,0.3863500273124565,0.3078928241619809,0.3742706915242504,0.2683084489497459,0.3766509180628674,0.0,0.3991935589395154,0.3653587282798777,0.3323089351129591,0.3448559888783242,0.3169618663452179,0.4027713788831436,0.3756456506222216,0.4062228547656322,0.3850736040569026,0.2473580310416198,0.3334875475501869,0.3541281498410903,0.3978775668201441,0.3617151598468869,0.3971973903814587,0.3688589819705077,0.2759547442803931,0.3208865552575198,0.2312030377843226,0.0,0.2509359398905568,0.3789925200889534,0.3108855747070623,0.2202609121936845,0.2834696704791761,0.2362335453157109,0.2350516359466743,0.3184009815780771,0.0,0.0,0.2476036780966293,0.3767722655588867,0.3980377858001003,0.0,0.0,0.0,0.3902404286524765,0.0,0.4456386447021078,0.0,0.3467717580230705,0.0,0.3301566458670486,0.0,0.0,0.4489034138453261,0.3860138004287676,0.0,0.4085631589593106,0.0,0.4300354416849505,0.4098338942134738,0.4340689693654525,0.4544969483741667,0.3614242607304482,0.4021898694281869,0.4250184333621724,0.4619987949039693,0.4002325975095304,0.4215389625969598,0.0,0.4163816881953353
0.3826352181640109,0.3681739350313181,0.4107540415716871,0.3003093061480053,0.3736952723542805,0.4088880452524725,0.4043605734004822,0.396019823855499,0.3816414964719457,0.3054964860526886,0.3773943597616269,0.2683297964139939,0.3844628719094176,0.0,0.4363307982128682,0.4149848758740417,0.3407723182923062,0.3553519816093445,0.3767119309385174,0.4451628941369264,0.426016814413475,0.4532211480616062,0.3851112801093013,0.2613037195883687,0.3594042116356856,0.4109285238855077,0.4176217004219968,0.3442508036571691,0.4366128030113924,0.3876881711199908,0.2644503683432245,0.3439452386079048,0.3698075278776679,0.2509359398905568,0.0,0.4125221431841397,0.3249396181554743,0.2435414796241633,0.3292392790363223,0.2317219954388252,0.2576201533035048,0.3550156478458409,0.3190543633492426,0.3158034328607594,0.2229270149853244,0.0,0.4355554822675987,0.0,0.0,0.0,0.0,0.0,0.0,0.0,0.0,0.0,0.3239275924259052,0.0,0.0,0.4743420067370383,0.401712909681306,0.0,0.4154740455483606,0.0,0.4104153096361003,0.4581927282608059,0.4622658674507767,0.4765248122814901,0.0,0.4117933466584933,0.4651632360759722,0.4617444775659163,0.0,0.4264663174760382,0.0,0.0
0.0,0.0,0.3547530179005417,0.1810870689941913,0.2143650664855376,0.3621581924058013,0.3167599932614414,0.2733178872524086,0.3492740373537166,0.3328887434017475,0.2987286755402701,0.371950894940239,0.3383143939995441,0.2081321955921894,0.0,0.0,0.0,0.0,0.3340947720657676,0.4563641535172421,0.4217135706522953,0.4852414732523448,0.3359597125606015,0.0,0.0,0.4367642941984313,0.3565178161475713,0.3109734035048035,0.4292654254685021,0.0,0.3700026771529524,0.2592196549537733,0.4655013603479801,0.3789925200889534,0.4125221431841397,0.0,0.2032067224567835,0.3297544000258973,0.2880262125408674,0.0,0.3855867085596587,0.3396285364432208,0.3804710664074746,0.3086794208548539,0.0,0.0,0.0,0.4904320944730684,0.0,0.0,0.388893025309536,0.3586266029774862,0.400305638285629,0.4719217125918732,0.0,0.3822799421263526,0.3292156063253427,0.3734917343616627,0.4675426516653383,0.0,0.0,0.0,0.0,0.4716272335034603,0.0,0.0,0.0,0.4376088489667032,0.0,0.0,0.0,0.4057809597525491,0.3476636147191361,0.3721732280276779,0.0,0.0
0.0,0.0,0.3451065252047796,0.2034351280226929,0.1959750780286378,0.3696019565122239,0.3156274089073225,0.3345721195058642,0.3385703697604451,0.2837009646540867,0.3238456751967061,0.3856874483936979,0.3404292288805506,0.1641984954611995,0.0,0.0,0.0,0.0,0.316487540610071,0.4432464230641109,0.0,0.4387424680327503,0.3391804773558933,0.0,0.0,0.0,0.3927219841120737,0.3214317458752634,0.4091254028035234,0.0,0.3191584837539188,0.3009046510241865,0.2728944357849842,0.3108855747070623,0.3249396181554743,0.2032067224567835,0.0,0.3241026118948193,0.2949432644464043,0.0,0.3483835037770719,0.3352291522371867,0.0,0.0,0.0,0.0,0.0,0.0,0.0,0.0,0.0,0.0,0.0,0.0,0.0,0.0,0.0,0.0,0.0,0.0,0.0,0.0,0.0,0.0,0.0,0.0,0.0,0.0,0.0,0.0,0.0,0.0,0.0,0.0,0.0,0.0
0.0,0.0,0.0,0.0,0.3179318856390836,0.0,0.3652847024889795,0.0,0.2888358503800449,0.2654085574513246,0.3204131845922279,0.2145648609535012,0.3441469703587712,0.0,0.0,0.0,0.2911811311582115,0.0,0.0,0.0,0.0,0.0,0.0,0.2383070455302113,0.3175747741852725,0.331056831858768,0.0,0.3353127520342273,0.0,0.0,0.2891305813283137,0.2328753565824208,0.1772518831827541,0.2202609121936845,0.2435414796241633,0.3297544000258973,0.3241026118948193,0.0,0.2388181761928728,0.2729184267456533,0.2148381555121485,0.0,0.0,0.0,0.265509507532241,0.0,0.0,0.0,0.0,0.0,0.0,0.0,0.0,0.0,0.3342740108183449,0.0,0.3443399550786521,0.0,0.0,0.0,0.0,0.0,0.0,0.0,0.0,0.0,0.0,0.0,0.0,0.0,0.3972026312582629,0.0,0.0,0.0,0.0,0.0
0.3894522737371393,0.4046246771534287,0.3869906060779319,0.0,0.0,0.4157436265452792,0.0,0.4142389300238118,0.342991957509956,0.2920532795593301,0.3284143418479225,0.0,0.3585896608434004,0.0,0.4068608845752056,0.4111827376675107,0.0,0.3981849209256472,0.3649618687306528,0.4005100969408589,0.4176636888247048,0.4145500263907135,0.4068806999800258,0.0,0.4031444004815286,0.4010071974668054,0.4192525273252538,0.3664378020816953,0.392872305259829,0.4203078441155359,0.3755883500539047,0.267423259965163,0.2761873707850315,0.2834696704791761,0.3292392790363223,0.2880262125408674,0.2949432644464043,0.2388181761928728,0.0,0.3146513944182219,0.3261607004701924,0.3446642969796459,0.2848348894889949,0.3168911196193389,0.2387237076128341,0.349117081689291,0.3675359636185321,0.4003573437593715,0.2724213191701642,0.2787564626377286,0.3814671310909437,0.3798762710419359,0.3566359952506586,0.3992411995440985,0.3627622098809159,0.3593222361549303,0.2783966567275732,0.3758511666070475,0.2604963666702405,0.4122307587482439,0.3871832495085442,0.369874282791619,0.3829706805116191,0.392283887477568,0.4255010527832366,0.3822716597462264,0.3989371882261632,0.3709913131412032,0.305438599291165,0.3555863358194607,0.3788510612804596,0.393451238764828,0.3347824921834509,0.4028630611720054,0.3956403574009916,0.3590442902963919
0.3990097770193478,0.4121674648994733,0.0,0.0,0.0,0.0,0.0,0.0,0.0,0.3724345043819375,0.0,0.387397780820444,0.0,0.0,0.4227651730679592,0.4210764713642344,0.3677210410779661,0.4081686942017623,0.0,0.3603366452724297,0.3727568545753493,0.4149402244099965,0.0,0.3563476637543887,0.4080882551601826,0.4208691230566694,0.0,0.0,0.0,0.0,0.3577143798105331,0.2879901366508421,0.3991973050522993,0.2362335453157109,0.2317219954388252,0.0,0.0,0.2729184267456533,0.3146513944182219,0.0,0.2284153123048219,0.4020234824679211,0.5335515266262162,0.0,0.1819630686619582,0.2945084522401217,0.3111685470603104,0.0,0.0,0.0,0.3352786588587164,0.3503670354498341,0.3049944116026925,0.2891157561866017,0.3007971316214315,0.0,0.2625670636608815,0.3499033887205582,0.0,0.3663224275918439,0.3358770428753809,0.3095137594782466,0.3272059430114055,0.0,0.3596740665752012,0.300746668022478,0.3416276289257738,0.3442478479609364,0.2175884361082421,0.2963764074467653,0.3363867236817829,0.3638530862519198,0.2867712925768045,0.3557001000891834,0.0,0.2825899715082915
0.3702661603144733,0.4026024902590435,0.0,0.0,0.0,0.4467336744155956,0.0,0.4621917337650789,0.0,0.3504616368340925,0.0,0.3544076190114836,0.0,0.0,0.3905222936751089,0.4129714137128317,0.3441179037014001,0.4086198336584355,0.0,0.274382822400583,0.395756760744219,0.4259143122132382,0.4757956556585569,0.3280772557827491,0.4022734375785323,0.4128914069101029,0.446323912913395,0.4230772864313374,0.3671518860415223,0.0,0.4513397138717331,0.2986705755786203,0.2438399638105789,0.2350516359466743,0.2576201533035048,0.3855867085596587,0.3483835037770719,0.2148381555121485,0.3261607004701924,0.2284153123048219,0.0,0.3138009624871036,0.4064065638231208,0.2775769150085693,0.2021242842836099,0.3071258299477997,0.3138718845615156,0.442638313300352,0.265750405353536,0.3718577145685204,0.4009950479266665,0.3902661557845813,0.4185342159271774,0.4265674249403334,0.3005046388832023,0.3901942609057456,0.2623666618479064,0.3681410965862198,0.3658913340110573,0.4143592045377434,0.3526800878779749,0.3152379530536032,0.3439286301834207,0.4150170724279918,0.3965205304495554,0.3421930042989973,0.379126098522179,0.4090966298899403,0.2327817186805805,0.3236985167184872,0.3462173642073498,0.4129310929884134,0.3356709234015984,0.3771247642275283,0.370016733235755,0.2552573684614007
