0.0,0.3593308687972571,0.0,0.0,0.0,0.2970347114448933,0.0,0.4476692777201855,0.0,0.3357490201708877,0.0,0.2996802214329356,0.3036791283227457,0.0,0.341566375676698,0.3336508277405378,0.3498406660106,0.3295166924694155,0.0,0.3702584729286436,0.3485396077321741,0.3563759308964751,0.4067774019833429,0.3309114472190385,0.3371193880799553,0.3373120473736905,0.3612512542904891,0.3385871850459694,0.3489685534103129,0.0,0.3049165533254069,0.3455229244864241,0.2754246194848015,0.2869796286079446,0.338250097821228,0.0,0.0,0.0,0.343198647752927,0.3521788608934083,0.3858586629500078,0.0,0.0,0.0,0.0,0.3392860465579788,0.4192580489772405,0.0,0.0,0.0,0.0,0.0,0.0,0.0,0.0,0.0,0.0,0.0,0.0,0.0,0.4016094057180285,0.0,0.360862003498739,0.0,0.0,0.3148411104165752,0.4128039718825237,0.0,0.357973025746907,0.3746119759923222,0.3854037907021388,0.0,0.0,0.0,0.0,0.3398894872978496
0.3593308687972571,0.0,0.0,0.0,0.3678442893154828,0.3834392795322353,0.3940707944317136,0.4131348578745875,0.3747363866120675,0.0,0.0,0.0,0.4043873419182153,0.0,0.386967376108595,0.3806285477359267,0.0,0.3923176274641925,0.0,0.4104560776989195,0.3604209002827936,0.3972827795133429,0.3862859100832497,0.0,0.387309629975142,0.3827796216340538,0.4018090990003379,0.3942741839537989,0.4013996818359359,0.0,0.3363238076593223,0.369586563324216,0.3439909058955752,0.3428420699632404,0.383292075102814,0.0,0.0,0.0,0.4006661083446154,0.3990873724073066,0.4093738192174272,0.4257066347142595,0.0,0.0,0.0,0.4035032387714534,0.4248034645320058,0.0,0.0,0.0,0.3857974773601864,0.0,0.0,0.0,0.0,0.0,0.0,0.0,0.0,0.4060278139331075,0.4202775791836921,0.0,0.4039856906506027,0.0,0.4120021409984284,0.3922683804844226,0.4208662159104392,0.3826496336934998,0.0,0.4086138304804872,0.424407331403523,0.4154142557121111,0.0,0.4159812287737289,0.0,0.3896813671474693
0.0,0.0,0.0,0.3166774541614705,0.3671775464497753,0.3909094685774477,0.41544587782386,0.4097740401513303,0.286981520975681,0.3575122812806426,0.293094981077849,0.2777130889763462,0.4206933650174179,0.3743615041470326,0.0,0.0,0.0,0.0,0.2423904617483367,0.0,0.0,0.0,0.2738688206447646,0.0,0.0,0.0,0.341989632365761,0.4166307702309188,0.0,0.0,0.4270600104698774,0.3933341617931365,0.2912391096691204,0.4183197671532344,0.4113951735732568,0.3536308526264494,0.4049542791475121,0.0,0.3334393279607094,0.0,0.3100487655161564,0.0,0.4079642189489182,0.0,0.0,0.0,0.0,0.4298921605989363,0.0,0.3356685431574082,0.4893531741382991,0.3383661856296044,0.4320798771335781,0.4834041752817855,0.0,0.3191208346066566,0.0,0.3663805253781169,0.3867780120911261,0.0,0.0,0.0,0.0,0.295472235607197,0.0,0.0,0.0,0.5037261639511066,0.0,0.0,0.0,0.4837028191309171,0.3273035170926455,0.0,0.0,0.0
0.0,0.0,0.3166774541614705,0.0,0.2007107538250361,0.3633504018616362,0.2419355109112493,0.3071793746207776,0.3783650324148467,0.2554711305486173,0.316577240538002,0.2456907744010562,0.2914788124270441,0.2189758219307661,0.0,0.0,0.0,0.0,0.3586702590842116,0.3349678526862268,0.0,0.0,0.3578298578674795,0.0,0.0,0.0,0.3627202290135965,0.2268589880770519,0.3136279224914124,0.0,0.2748594733890288,0.2560577793836234,0.0,0.2796636405762187,0.2327912547003036,0.1754713970850856,0.1793555761759608,0.2397069387372508,0.0,0.0,0.0,0.0,0.0,0.0,0.0,0.0,0.0,0.0,0.0,0.0,0.0,0.0,0.0,0.0,0.0,0.0,0.0,0.0,0.0,0.0,0.0,0.0,0.0,0.0,0.0,0.0,0.0,0.0,0.0,0.0,0.0,0.0,0.0,0.0,0.0,0.0
0.0,0.3678442893154828,0.3671775464497753,0.2007107538250361,0.0,0.3699722119990387,0.3015027806636528,0.3255816390104769,0.327585428707839,0.3525104838784818,0.299680563736453,0.3542713449902995,0.3318451279795971,0.2509134768340108,0.0,0.3883682511616749,0.0,0.0,0.3591595884690363,0.0,0.0,0.4344332493338192,0.361361038024829,0.0,0.2922980090354519,0.3109482818297134,0.3742715749498749,0.313638011953527,0.3769060255734802,0.0,0.3975491060579815,0.3126810038131612,0.323351278037622,0.3882405937435639,0.3247502228308472,0.1964055633899291,0.1835268482473926,0.3104457816406836,0.3180731218927104,0.0,0.0,0.0,0.0,0.0,0.0,0.0,0.0,0.5248711028175624,0.0,0.0,0.3899564102367975,0.0,0.0,0.3909313751406158,0.0,0.3510046322257085,0.0,0.0,0.0,0.0,0.0,0.0,0.0,0.3413693254564801,0.0,0.0,0.0,0.4407426220010583,0.0,0.0,0.0,0.3570043847031765,0.0,0.0,0.0,0.0
0.2970347114448933,0.3834392795322353,0.3909094685774477,0.3633504018616362,0.3699722119990387,0.0,0.369989595920648,0.3946753113823986,0.3147303197842785,0.3693309574966374,0.3585745508398861,0.2797493889508757,0.3524187555997045,0.4013736681248614,0.3764022167252182,0.424139226474267,0.2604977435735007,0.390477997233062,0.4118701348418286,0.4206354841758992,0.3710207733425951,0.4249629963832833,0.3800080616751699,0.0,0.3490140674222365,0.3472034218931925,0.3605964341403045,0.3616327501327565,0.3677850359167869,0.3797707459690014,0.3921757811591194,0.3713739199469916,0.3580627731208811,0.3928285397762613,0.3997702382980635,0.3867463294523757,0.3975622261075111,0.31445591743063,0.4090982157735612,0.0,0.4033542210581307,0.3570606592462107,0.4193061615232855,0.0,0.0,0.0,0.2905857195553053,0.4936595503294078,0.0,0.4074123110979612,0.4457579173529339,0.4248142155232042,0.4387512718676147,0.4904416625842415,0.0,0.4200837896349716,0.0,0.4220820673494532,0.0,0.3315362438266221,0.0,0.0,0.0,0.4575732671768837,0.3524282646102151,0.3723918326431189,0.3491591140906253,0.4593269543796947,0.0,0.0,0.3095318996905545,0.4442824257303837,0.4362830770222328,0.4091423165449099,0.3867373911697001,0.4194961144044029
0.0,0.3940707944317136,0.41544587782386,0.2419355109112493,0.3015027806636528,0.369989595920648,0.0,0.3842870273732508,0.3651818036566804,0.3725626035525468,0.3962386320056893,0.3748382728881085,0.3152788431593809,0.3188060811091366,0.0,0.431508075754586,0.3663044571489104,0.3725181175171992,0.4268336098227096,0.3852470043184954,0.0,0.4329262491600351,0.3837253685291037,0.3716356969443165,0.3383667944456215,0.3204431866299367,0.384275021100621,0.3167312551543143,0.3786866237226319,0.0,0.3892612254793842,0.3668645933057854,0.343607299081571,0.3894183994395384,0.3860290336151307,0.2803307555477213,0.2538340892030811,0.3427642825025953,0.2557088801906391,0.0,0.0,0.0,0.0,0.0,0.0,0.0,0.0,0.3796325502525482,0.0,0.0,0.3647717687163201,0.0,0.3768760863822006,0.3440541179044942,0.0,0.0,0.0,0.0,0.0,0.0,0.0,0.0,0.0,0.0,0.0,0.0,0.0,0.4430806528439736,0.0,0.0,0.0,0.3888204889353301,0.0,0.0,0.0,0.0
0.4476692777201855,0.4131348578745875,0.4097740401513303,0.3071793746207776,0.3255816390104769,0.3946753113823986,0.3842870273732508,0.0,0.4432581030862585,0.3576782060085235,0.2952921215228921,0.3304648341252569,0.3981307846782272,0.3182311894629893,0.4245397624172649,0.4136750331118954,0.0,0.4061985401686457,0.3930297186350225,0.3764253776761253,0.3795643139604538,0.0,0.3559087428092738,0.4571363044441422,0.4209982078395928,0.4129225276036405,0.4178475692823171,0.3974666407693094,0.385395160234568,0.3745018282652478,0.4123982842859712,0.3511422660731063,0.37551250822799,0.4094042553049225,0.3894586842028465,0.2582123421613292,0.3602714076014036,0.0,0.4190880937284648,0.0,0.4579078094187694,0.0,0.3543364423490077,0.0,0.0,0.0,0.0,0.4834228007104866,0.0,0.4140627383549323,0.4364439743897194,0.4607915103304791,0.395488261181895,0.4855841744349763,0.0,0.3969898876008165,0.0,0.440632279488698,0.0,0.4471373486230536,0.0,0.0,0.0,0.4436259543486561,0.0,0.4893804588048681,0.0,0.4646393049852601,0.0,0.0,0.0,0.4630311357655593,0.4434891891595435,0.4375660764555435,0.0,0.4392934856199641
0.0,0.3747363866120675,0.286981520975681,0.3783650324148467,0.327585428707839,0.3147303197842785,0.3651818036566804,0.4432581030862585,0.0,0.4214791853039873,0.3218730308906608,0.3595460377385541,0.3733738875060961,0.3851244690643217,0.0,0.3714564483964344,0.0,0.2310194168954536,0.2746909567800935,0.4001274372316695,0.0,0.4198817070903396,0.3937114949833252,0.3197151088865675,0.2348047746554735,0.2134426737063532,0.3476631657928506,0.4084361517392199,0.3603694079074949,0.382408574741261,0.4216093620620192,0.3925005530514271,0.3481244677180937,0.4139434860189175,0.4133270673485244,0.3852102193049307,0.4194775608629973,0.3826536632878915,0.3590487293310329,0.0,0.2371299260248138,0.0,0.4386714424015394,0.0,0.0,0.0,0.0,0.4977901807299477,0.0,0.3942665324944837,0.4748366029358931,0.4134919226974312,0.4898500638660167,0.4817758437826246,0.0,0.4697960775068613,0.0,0.368075034721432,0.0,0.0,0.0,0.0,0.0,0.4675215331955488,0.0,0.0,0.0,0.490458797734875,0.0,0.0,0.0,0.4819595978940597,0.3164525658511286,0.0,0.0,0.0
0.3357490201708877,0.0,0.3575122812806426,0.2554711305486173,0.3525104838784818,0.3693309574966374,0.3725626035525468,0.3576782060085235,0.4214791853039873,0.0,0.4172992595321,0.2607858740327289,0.3889420291798963,0.0,0.0,0.3416941594142378,0.3083897080108156,0.3504712384752642,0.4310559601061599,0.3098384063956383,0.0,0.3133151926014985,0.3704668511474326,0.3197829905436035,0.3153809861238407,0.3072084887476298,0.3725738451865386,0.3615783170271312,0.2931417694388494,0.0,0.3157103988159443,0.2884752730273331,0.3095798602924531,0.2918985294770124,0.2755167725301856,0.3097543665773009,0.2608445849346514,0.274498180481742,0.2399146396265423,0.3164139261503503,0.327195746309794,0.3632009729409711,0.0,0.0,0.3510431985755679,0.409500197925588,0.0,0.0,0.0,0.0,0.0,0.0,0.0,0.0,0.4167842535929604,0.0,0.4325603590574574,0.3665488437313799,0.0,0.0,0.0,0.3770212658775075,0.3756860119132523,0.0,0.0,0.0,0.0,0.0,0.4146859067793201,0.386910509448031,0.4053746842961654,0.0,0.3522710548509913,0.0,0.0,0.3717783513752578
0.0,0.0,0.293094981077849,0.316577240538002,0.299680563736453,0.3585745508398861,0.3962386320056893,0.2952921215228921,0.3218730308906608,0.4172992595321,0.0,0.375924970365124,0.4100018573768769,0.2874926281535497,0.0,0.0,0.3244657450770572,0.0,0.2772344889772596,0.0,0.0,0.0,0.3127953246319407,0.3749642906330025,0.0,0.2519853148875508,0.3662563712289695,0.4121516371222678,0.0,0.0,0.4272730070334928,0.3248665005325757,0.3940255691477794,0.4258031154501982,0.41415990884124,0.267340905923588,0.3805066457884748,0.3801172661267442,0.3373554407001717,0.0,0.0,0.0,0.3602431805364725,0.0,0.0,0.0,0.0,0.4089135335287981,0.0,0.3556327429175687,0.4281014248102996,0.3775288506240469,0.3862617394816968,0.3514246191751892,0.0,0.2393703956522105,0.0,0.3433414422980111,0.3638101492673027,0.0,0.0,0.0,0.0,0.2356615294883881,0.0,0.0,0.0,0.4830925690510286,0.0,0.0,0.0,0.4732260473389489,0.3075735571465474,0.0,0.0,0.0
0.2996802214329356,0.0,0.2777130889763462,0.2456907744010562,0.3542713449902995,0.2797493889508757,0.3748382728881085,0.3304648341252569,0.3595460377385541,0.2607858740327289,0.375924970365124,0.0,0.4112482197859438,0.0,0.0,0.0,0.3512976418060429,0.3508570802889931,0.324777751043636,0.0,0.3174494058237498,0.0,0.2780098605268334,0.286848558516034,0.3473273149167307,0.286888110800169,0.2777976209254553,0.3574298886360095,0.0,0.0,0.3155767399512171,0.2219609424003003,0.3050970211069618,0.2457487024718969,0.2381081162491972,0.3222203801991682,0.2847832928331365,0.2391061728960789,0.2281755980810984,0.3058413307050194,0.3674816249691585,0.3198027145053302,0.0,0.0,0.3609518901248173,0.0,0.0,0.0,0.0,0.0,0.0,0.0,0.0,0.0,0.4197307522710308,0.0,0.4313684486716155,0.3706257478199876,0.0,0.0,0.0,0.3900995501397003,0.3804937162580881,0.0,0.0,0.0,0.0,0.0,0.3925950779538488,0.3962963957866858,0.4102528785738046,0.0,0.3939682914798403,0.0,0.0,0.3648150680066829
0.3036791283227457,0.4043873419182153,0.4206933650174179,0.2914788124270441,0.3318451279795971,0.3524187555997045,0.3152788431593809,0.3981307846782272,0.3733738875060961,0.3889420291798963,0.4100018573768769,0.4112482197859438,0.0,0.3402869076132641,0.3741067338504769,0.4312259251864812,0.4003149119292012,0.4107511660818825,0.4287034102586199,0.3894035540700978,0.3558871373965176,0.4362850561341689,0.390387859458157,0.430104357228287,0.3783322107017636,0.381113076379111,0.3921052106872195,0.3207221421172815,0.3705808538223794,0.3327676867071117,0.3796309755347775,0.3762357718776777,0.3863382504735562,0.3869725870396504,0.375744868252015,0.3206977621662407,0.3229206844634851,0.3738353877912044,0.3214123449898172,0.0,0.3466369124140384,0.2411863132650712,0.2879481407804141,0.0,0.0,0.0,0.0,0.3733757815885646,0.0,0.0,0.4008282667092427,0.3033665151860211,0.4236835570878887,0.0,0.0,0.0,0.4019585193215838,0.0,0.0,0.2590443357630319,0.0,0.0,0.0,0.0,0.2932273579472355,0.0,0.2276444847358296,0.4495935353975311,0.0,0.255436183159688,0.2572849201812964,0.4259308360625152,0.0,0.3450603063066133,0.0,0.0
0.0,0.0,0.3743615041470326,0.2189758219307661,0.2509134768340108,0.4013736681248614,0.3188060811091366,0.3182311894629893,0.3851244690643217,0.0,0.2874926281535497,0.0,0.3402869076132641,0.0,0.0,0.0,0.0,0.0,0.3533720895123546,0.0,0.0,0.0,0.3574900303301971,0.0,0.0,0.0,0.4098666497885141,0.2703237147367306,0.0,0.0,0.0,0.2437296521236639,0.0,0.0,0.0,0.2100073463705913,0.1639295483936066,0.0,0.0,0.0,0.0,0.0,0.3404922022168403,0.0,0.0,0.0,0.0,0.3832363984765978,0.0,0.0,0.0,0.0,0.0,0.0,0.0,0.3413306791938044,0.0,0.0,0.0,0.0,0.0,0.0,0.0,0.0,0.0,0.0,0.0,0.4253723565300445,0.0,0.0,0.0,0.3972060672433654,0.0,0.0,0.0,0.0
0.341566375676698,0.386967376108595,0.0,0.0,0.0,0.3764022167252182,0.0,0.4245397624172649,0.0,0.0,0.0,0.0,0.3741067338504769,0.0,0.0,0.3610642406691335,0.0,0.3679413227031299,0.0,0.3433327129117386,0.3565206265763542,0.3656271552640521,0.3662617765915619,0.376563220136736,0.3444425463503955,0.3415235751993764,0.3794308459520101,0.3535631934722751,0.3500200485518431,0.0,0.3535236859992696,0.3630043633147086,0.3407473923646043,0.3634217180890955,0.3864962240404326,0.4337065302769063,0.0,0.0,0.3826306854162025,0.4173056755049926,0.3995901713292378,0.4218051779023503,0.0,0.0,0.0,0.0,0.4273898114365238,0.0,0.0,0.0,0.3977773797130537,0.0,0.0,0.0,0.0,0.0,0.0,0.0,0.0,0.4188108354364633,0.3897675826152424,0.0,0.0,0.0,0.4104603268547259,0.3932872055007446,0.4327969682729552,0.4123096830174547,0.0,0.3219282595574418,0.4337491509648191,0.417370655851306,0.4673164884513314,0.3999495598216643,0.0,0.3657029473706307
0.3336508277405378,0.3806285477359267,0.0,0.0,0.3883682511616749,0.424139226474267,0.431508075754586,0.4136750331118954,0.3714564483964344,0.3416941594142378,0.0,0.0,0.4312259251864812,0.0,0.3610642406691335,0.0,0.339930175592438,0.3154552143912929,0.0,0.3784911208910637,0.3520391125523231,0.3502079590524869,0.3799803311564758,0.3086152386439108,0.3626748086039261,0.3614012299174002,0.3984820885831882,0.4260349851191948,0.4223603384856595,0.4064401228785541,0.3190282822218663,0.3903772757019256,0.3425693181248565,0.3468020488494921,0.3833962413811743,0.0,0.0,0.0,0.3785979306535913,0.3804879279815386,0.3905542587503871,0.4068732697233728,0.0,0.0,0.0,0.3925876484686867,0.4098316376620305,0.0,0.0,0.0,0.0,0.0,0.0,0.0,0.0,0.0,0.0,0.0,0.0,0.3793773560801426,0.4071173647635078,0.0,0.3778334108857467,0.0,0.0,0.3809626694139715,0.3956221257652025,0.2791399916207089,0.0,0.3884728323164375,0.3991946247443604,0.3241764986031719,0.0,0.3278441490876442,0.0,0.3707165540941506
0.3498406660106,0.0,0.0,0.0,0.0,0.2604977435735007,0.3663044571489104,0.0,0.0,0.3083897080108156,0.3244657450770572,0.3512976418060429,0.4003149119292012,0.0,0.0,0.339930175592438,0.0,0.2958926832432313,0.0,0.3463730215276961,0.0,0.3639007447405143,0.0,0.3524811980393827,0.3303059214473913,0.3576770703230827,0.0,0.3828223331637683,0.3302134610032515,0.0,0.3181783638672913,0.3654373390570926,0.3340041805083736,0.3404940652588931,0.3341916751505371,0.0,0.0,0.2994466717257951,0.0,0.3141109876932313,0.0,0.0,0.0,0.0,0.0,0.0,0.0,0.0,0.0,0.0,0.0,0.0,0.0,0.0,0.4316300864539066,0.0,0.4549896898668218,0.0,0.0,0.0,0.0,0.4325985808544472,0.3931678668493134,0.0,0.0,0.0,0.0,0.0,0.4210816331512299,0.414574734566402,0.4226562514189568,0.0,0.0,0.0,0.0,0.0
0.3295166924694155,0.3923176274641925,0.0,0.0,0.0,0.390477997233062,0.3725181175171992,0.4061985401686457,0.2310194168954536,0.3504712384752642,0.0,0.3508570802889931,0.4107511660818825,0.0,0.3679413227031299,0.3154552143912929,0.2958926832432313,0.0,0.0,0.4047893472859967,0.3622766392717946,0.4012208509910429,0.3885671358115947,0.3233849550786422,0.328992697738798,0.3462372029303386,0.3866245343897369,0.401830331183135,0.4132699814647377,0.3346522695211567,0.3348596098823437,0.3720040580473281,0.3408710856575815,0.3600992757782585,0.3578371329182374,0.0,0.0,0.0,0.3692382128867972,0.362706171677735,0.3814197275083635,0.3977931228714578,0.0,0.0,0.0,0.3727078327277863,0.4087474686907669,0.0,0.0,0.0,0.0,0.0,0.0,0.0,0.4115338473348286,0.0,0.4464082496891123,0.0,0.0,0.0,0.3908327399078991,0.4228681648028491,0.3757657152232859,0.0,0.0,0.0,0.3817091835086155,0.0,0.4026958025505883,0.3850183586127891,0.3939654367058603,0.0,0.0,0.0,0.0,0.384424195034151
0.0,0.0,0.2423904617483367,0.3586702590842116,0.3591595884690363,0.4118701348418286,0.4268336098227096,0.3930297186350225,0.2746909567800935,0.4310559601061599,0.2772344889772596,0.324777751043636,0.4287034102586199,0.3533720895123546,0.0,0.0,0.0,0.0,0.0,0.0,0.0,0.0,0.2821670355999839,0.0,0.0,0.0,0.3549300115963585,0.4269978492044165,0.0,0.0,0.4434958537830744,0.3963089962558923,0.0,0.4532606210380221,0.4197880644076814,0.3621933879488416,0.4150648803668071,0.3634533096893712,0.3548099847265353,0.0,0.0,0.0,0.3925075823409631,0.0,0.0,0.0,0.0,0.5019886672841228,0.0,0.4072029009933439,0.4651166219923958,0.3974055721105282,0.475519205007939,0.4790700999487765,0.0,0.462930053406301,0.0,0.3463119286223185,0.4053174502821231,0.0,0.0,0.0,0.0,0.4262852099984575,0.0,0.0,0.0,0.487384460725273,0.0,0.0,0.0,0.4817850168180318,0.0,0.0,0.0,0.0
0.3702584729286436,0.4104560776989195,0.0,0.3349678526862268,0.0,0.4206354841758992,0.3852470043184954,0.3764253776761253,0.4001274372316695,0.3098384063956383,0.0,0.0,0.3894035540700978,0.0,0.3433327129117386,0.3784911208910637,0.3463730215276961,0.4047893472859967,0.0,0.0,0.3840209240545697,0.3703582141990599,0.3178693588357431,0.0,0.3952954713768596,0.388811905903406,0.3421094836931147,0.3459768344834753,0.3432875080827822,0.3136180851813777,0.3378894016871471,0.387009660428186,0.3595259018016375,0.3747434682909287,0.4042017843607732,0.4281343255648024,0.3837672188560247,0.0,0.3719787144764582,0.3776217553220005,0.3681088947937289,0.4056429341551393,0.0,0.0,0.0,0.0,0.4315763671571507,0.0,0.0,0.0,0.3771011537601662,0.0,0.0,0.0,0.0,0.0,0.0,0.3142778821009378,0.0,0.3970614567695487,0.2889403876168805,0.0,0.0,0.0,0.4010185772859144,0.3974162353330834,0.4257942021072969,0.4067610522906721,0.0,0.2617127190307283,0.4509890186415174,0.4175984154951631,0.3817752778948313,0.3783189948055829,0.0,0.3636766490691503
0.3485396077321741,0.3604209002827936,0.0,0.0,0.0,0.3710207733425951,0.0,0.3795643139604538,0.0,0.0,0.0,0.3174494058237498,0.3558871373965176,0.0,0.3565206265763542,0.3520391125523231,0.0,0.3622766392717946,0.0,0.3840209240545697,0.0,0.3783327228447014,0.3802761290194289,0.4283616964780983,0.3643535823962622,0.3595685417203428,0.3885456375205645,0.3541815727041965,0.3500942131479655,0.0,0.3343017738866854,0.3531253097036188,0.3230128104428324,0.3359908715568728,0.3701887776450783,0.0,0.0,0.0,0.3808610089824759,0.3697540010175794,0.3740827227547463,0.4186183296403954,0.0,0.0,0.0,0.3166902804593712,0.4095885563313837,0.0,0.0,0.0,0.4181481782329064,0.0,0.4100470579430204,0.0,0.0,0.0,0.0,0.3873265659648696,0.0,0.3938022132383014,0.3873697555780394,0.0,0.0,0.0,0.3909154768931911,0.3627057291126007,0.4193294178799351,0.451893108439977,0.0,0.3258247593974858,0.4141506471570403,0.4387074631262943,0.4441406055459204,0.4256331419692227,0.0,0.3653249455821674
0.3563759308964751,0.3972827795133429,0.0,0.0,0.4344332493338192,0.4249629963832833,0.4329262491600351,0.0,0.4198817070903396,0.3133151926014985,0.0,0.0,0.4362850561341689,0.0,0.3656271552640521,0.3502079590524869,0.3639007447405143,0.4012208509910429,0.0,0.3703582141990599,0.3783327228447014,0.0,0.4033283453623147,0.0,0.3946982495426159,0.3851037404554876,0.4123307842525987,0.3591131359992504,0.4022549823973136,0.0,0.3447066330474367,0.387494477077777,0.3547978420119544,0.3654340822758049,0.4017196497119533,0.4411564310738592,0.4405988707845954,0.0,0.3871262624649103,0.4169523943285663,0.4194729822822554,0.4296002625371429,0.0,0.0,0.0,0.4015919521493289,0.4255131658399391,0.0,0.0,0.0,0.4106142240666495,0.0,0.0,0.0,0.0,0.0,0.0,0.0,0.0,0.4293257268461848,0.4195547174377972,0.0,0.3706828187673462,0.0,0.41985906056201,0.4167293981955451,0.4356481382095671,0.4299623380486357,0.0,0.4139872887508802,0.4418183171310592,0.4338093398992307,0.0,0.4088796051506934,0.0,0.3991940656867456
0.4067774019833429,0.3862859100832497,0.2738688206447646,0.3578298578674795,0.361361038024829,0.3800080616751699,0.3837253685291037,0.3559087428092738,0.3937114949833252,0.3704668511474326,0.3127953246319407,0.2780098605268334,0.390387859458157,0.3574900303301971,0.3662617765915619,0.3799803311564758,0.0,0.3885671358115947,0.2821670355999839,0.3178693588357431,0.3802761290194289,0.4033283453623147,0.0,0.4259501481766036,0.3716322534640706,0.3811460984075189,0.3469550553292627,0.3874886458386384,0.3736427338147147,0.3748192567461371,0.3953668890494657,0.3747086636940793,0.3325724419207769,0.3980187833033617,0.396964693416137,0.3493102572786112,0.3991634647210741,0.30248327050291,0.4178689587353311,0.0,0.4383536869591714,0.4312474266669238,0.4289797747237254,0.2923368100395013,0.0,0.0,0.3776554478691797,0.5060524118689674,0.0,0.4596086060469044,0.4528596921734165,0.4716812958849022,0.4486985385852385,0.5024021845578532,0.0,0.4673628970478419,0.0,0.4561215120200194,0.4540180432066135,0.4120097425799351,0.0,0.0,0.0,0.4876323801758908,0.4160538268118442,0.445987208617491,0.4180599333777074,0.4724400100360895,0.0,0.23465750615289,0.3904547359510991,0.4561231529922105,0.4567905239536901,0.4365728463189553,0.4501394017982651,0.4454210492305184
0.3309114472190385,0.0,0.0,0.0,0.0,0.0,0.3716356969443165,0.4571363044441422,0.3197151088865675,0.3197829905436035,0.3749642906330025,0.286848558516034,0.430104357228287,0.0,0.376563220136736,0.3086152386439108,0.3524811980393827,0.3233849550786422,0.0,0.0,0.4283616964780983,0.0,0.4259501481766036,0.0,0.3227877248943599,0.305853293778878,0.2271487601906268,0.36892456499721,0.0,0.0,0.3206099444639338,0.2853987330700905,0.2558102900886123,0.2428203595093003,0.2699866077173805,0.3311534920718077,0.2794829696245004,0.219543797604556,0.2862594381355515,0.2886753200778094,0.3163917215918826,0.0,0.0,0.0,0.2930050756188642,0.3696766494376777,0.0,0.0,0.0,0.0,0.0,0.0,0.0,0.0,0.3962301275575617,0.0,0.4003873857576029,0.0,0.0,0.0,0.3553386192029947,0.4322063191002235,0.4039245096193373,0.0,0.0,0.0,0.0,0.0,0.3697664383054885,0.4092353892255879,0.4151058806809155,0.0,0.4575154633747814,0.0,0.0,0.3724934955285169
0.3371193880799553,0.387309629975142,0.0,0.0,0.2922980090354519,0.3490140674222365,0.3383667944456215,0.4209982078395928,0.2348047746554735,0.3153809861238407,0.0,0.3473273149167307,0.3783322107017636,0.0,0.3444425463503955,0.3626748086039261,0.3303059214473913,0.328992697738798,0.0,0.3952954713768596,0.3643535823962622,0.3946982495426159,0.3716322534640706,0.3227877248943599,0.0,0.3482547862816902,0.3537527409156584,0.3768749872458463,0.3750929272776855,0.0,0.3480582614178575,0.3517350533606417,0.3136329236477483,0.3366155672690213,0.3453692638451742,0.0,0.0,0.3182429079181906,0.380214085660479,0.3673153450724423,0.3843986351024747,0.4015559058234413,0.0,0.0,0.0,0.3785688798724719,0.4201802588300142,0.0,0.0,0.0,0.0,0.0,0.0,0.0,0.4245034737548439,0.0,0.4338875671699969,0.2875469430780527,0.0,0.3570910583989671,0.404894989659122,0.4159634055486892,0.37964195289282,0.0,0.3589813746186971,0.3554268028116406,0.3960472430613224,0.2727246445174393,0.3957345820936487,0.3893308193516417,0.3973697247249892,0.0,0.0,0.3512646134429503,0.0,0.3825779897392918
0.3373120473736905,0.3827796216340538,0.0,0.0,0.3109482818297134,0.3472034218931925,0.3204431866299367,0.4129225276036405,0.2134426737063532,0.3072084887476298,0.2519853148875508,0.286888110800169,0.381113076379111,0.0,0.3415235751993764,0.3614012299174002,0.3576770703230827,0.3462372029303386,0.0,0.388811905903406,0.3595685417203428,0.3851037404554876,0.3811460984075189,0.305853293778878,0.3482547862816902,0.0,0.3886978154905344,0.3663018503820714,0.3658112300860992,0.0,0.3408799256041542,0.3631247549894585,0.3240386123382563,0.3393366102701254,0.3664674868919094,0.3305556663994783,0.0,0.3277007368637802,0.3766655959771195,0.3845137981223108,0.4069012666871411,0.4227904163184783,0.0,0.0,0.3718275866602715,0.3846271608308853,0.4278339226792379,0.0,0.0,0.0,0.383382389406513,0.0,0.0,0.0,0.4510352417233432,0.0,0.4593440384261335,0.3096814182287256,0.0,0.4167710847438055,0.4176097591267974,0.4318301365581634,0.3909954975780402,0.0,0.4197311793286919,0.4020136631724753,0.434636970341157,0.3938994950643748,0.3959490264554779,0.4010461235263073,0.4153260041356927,0.428103436857102,0.3714223417783243,0.4165407638126909,0.0,0.3982289174875937
0.3612512542904891,0.4018090990003379,0.341989632365761,0.3627202290135965,0.3742715749498749,0.3605964341403045,0.384275021100621,0.4178475692823171,0.3476631657928506,0.3725738451865386,0.3662563712289695,0.2777976209254553,0.3921052106872195,0.4098666497885141,0.3794308459520101,0.3984820885831882,0.0,0.3866245343897369,0.3549300115963585,0.3421094836931147,0.3885456375205645,0.4123307842525987,0.3469550553292627,0.2271487601906268,0.3537527409156584,0.3886978154905344,0.0,0.3888850062522486,0.381772352331901,0.373176460846065,0.374723180462805,0.375946257633808,0.3459254037384852,0.3827717694599872,0.3950287486269345,0.3856998599044959,0.4002059143747038,0.2972926047921271,0.3875004703911991,0.3679000802644743,0.3893711664403093,0.406700597175737,0.4498832144553007,0.2340798921927109,0.0,0.0,0.3320739602246657,0.5016053778006038,0.0,0.4142998603014344,0.4483714466233195,0.4665654557993678,0.4623529513030947,0.5024642136598132,0.0,0.4747887358872076,0.0,0.4403221941722158,0.0,0.3940317076527073,0.0,0.0,0.0,0.4617000395646707,0.371554747957228,0.3966389857558071,0.4007230164552907,0.4622846601643007,0.0,0.0,0.4152829029380693,0.4481060008395285,0.4443981402281631,0.3741505998369904,0.4163830541578268,0.3993417523014533
0.3385871850459694,0.3942741839537989,0.4166307702309188,0.2268589880770519,0.313638011953527,0.3616327501327565,0.3167312551543143,0.3974666407693094,0.4084361517392199,0.3615783170271312,0.4121516371222678,0.3574298886360095,0.3207221421172815,0.2703237147367306,0.3535631934722751,0.4260349851191948,0.3828223331637683,0.401830331183135,0.4269978492044165,0.3459768344834753,0.3541815727041965,0.3591131359992504,0.3874886458386384,0.36892456499721,0.3768749872458463,0.3663018503820714,0.3888850062522486,0.0,0.3357698550650995,0.2893141464939018,0.3396089660762472,0.3774487778117158,0.3622238521070052,0.3543464991787969,0.3384156235963212,0.2691857045972237,0.2638867920091506,0.3276926625686258,0.3468290702301255,0.0,0.2357229765020924,0.2870197610786068,0.2846730735886294,0.0,0.3249915537987655,0.0,0.0,0.3332069613774615,0.0,0.0,0.4324863582141271,0.0,0.4356327463957803,0.3051894591974655,0.3532394672886717,0.0,0.3990589242278601,0.2386151265037265,0.0,0.3462715528970791,0.0,0.0,0.0,0.0,0.3911076014233396,0.3894547564147466,0.2815107456286037,0.4518924236344264,0.0,0.2661801905710892,0.3089047708455195,0.4391819484970458,0.2032916078301664,0.3766744282352424,0.0,0.2335648892280007
0.3489685534103129,0.4013996818359359,0.0,0.3136279224914124,0.3769060255734802,0.3677850359167869,0.3786866237226319,0.385395160234568,0.3603694079074949,0.2931417694388494,0.0,0.0,0.3705808538223794,0.0,0.3500200485518431,0.4223603384856595,0.3302134610032515,0.4132699814647377,0.0,0.3432875080827822,0.3500942131479655,0.4022549823973136,0.3736427338147147,0.0,0.3750929272776855,0.3658112300860992,0.381772352331901,0.3357698550650995,0.0,0.3062651248158262,0.3391812068289291,0.382572663225934,0.3633678840608357,0.3748316222958566,0.4056871747037673,0.4304729493698235,0.3760333995738139,0.0,0.3616914049978265,0.3142395876179755,0.2646827479307612,0.3392150715225285,0.323352957279504,0.0,0.0,0.0,0.3692447328663014,0.3510218233806647,0.0,0.0,0.3748876810474166,0.302285091485609,0.4466966186631168,0.2842987391439157,0.0,0.0,0.0,0.3470267162177018,0.0,0.3780687551498642,0.0,0.0,0.0,0.0,0.3325224881746385,0.3744406867148741,0.3593703968544773,0.4274717370664211,0.0,0.0,0.3838834653463105,0.4181526412403326,0.4215423069782522,0.3754748589954123,0.3605034280725753,0.3405352633887015
0.0,0.0,0.0,0.0,0.0,0.3797707459690014,0.0,0.3745018282652478,0.382408574741261,0.0,0.0,0.0,0.3327676867071117,0.0,0.0,0.4064401228785541,0.0,0.3346522695211567,0.0,0.3136180851813777,0.0,0.0,0.3748192567461371,0.0,0.0,0.0,0.373176460846065,0.2893141464939018,0.3062651248158262,0.0,0.2599343793492677,0.3784435327041189,0.0,0.3256700771352783,0.3041530680648169,0.0,0.0,0.0,0.0,0.0,0.0,0.0,0.0,0.0,0.0,0.0,0.0,0.0,0.0,0.0,0.0,0.0,0.0,0.0,0.0,0.0,0.0,0.0,0.0,0.0,0.0,0.0,0.0,0.0,0.0,0.0,0.0,0.4361360504674867,0.0,0.0,0.0,0.4180011471378664,0.0,0.3271724332926343,0.0,0.0
0.3049165533254069,0.3363238076593223,0.4270600104698774,0.2748594733890288,0.3975491060579815,0.3921757811591194,0.3892612254793842,0.4123982842859712,0.4216093620620192,0.3157103988159443,0.4272730070334928,0.3155767399512171,0.3796309755347775,0.0,0.3535236859992696,0.3190282822218663,0.3181783638672913,0.3348596098823437,0.4434958537830744,0.3378894016871471,0.3343017738866854,0.3447066330474367,0.3953668890494657,0.3206099444639338,0.3480582614178575,0.3408799256041542,0.374723180462805,0.3396089660762472,0.3391812068289291,0.2599343793492677,0.0,0.3447533065051263,0.3068436527412886,0.2571141461603948,0.2195893757021488,0.3970185973313144,0.3117669466692642,0.2610294734002465,0.2943309485771931,0.3073040519688721,0.2606236888071497,0.0,0.2293958789404703,0.0,0.0,0.0,0.3951962644975738,0.0,0.0,0.0,0.429519592631961,0.0,0.4665864737435338,0.0,0.4113139761393538,0.0,0.4185089417195695,0.0,0.0,0.4065662337813698,0.3850396793642575,0.3965680967560375,0.3628258072959109,0.0,0.3915267578276448,0.408942581056238,0.4103539611319909,0.4569006353824154,0.4308703816041033,0.379699726044865,0.3995792195247028,0.4433760284180162,0.1534928290093314,0.3867200356497108,0.0,0.3535583154671508
0.3455229244864241,0.369586563324216,0.3933341617931365,0.2560577793836234,0.3126810038131612,0.3713739199469916,0.3668645933057854,0.3511422660731063,0.3925005530514271,0.2884752730273331,0.3248665005325757,0.2219609424003003,0.3762357718776777,0.2437296521236639,0.3630043633147086,0.3903772757019256,0.3654373390570926,0.3720040580473281,0.3963089962558923,0.387009660428186,0.3531253097036188,0.387494477077777,0.3747086636940793,0.2853987330700905,0.3517350533606417,0.3631247549894585,0.375946257633808,0.3774487778117158,0.382572663225934,0.3784435327041189,0.3447533065051263,0.0,0.3172431377565344,0.3422055626559944,0.3486396736695991,0.2364697445398633,0.2843051993570715,0.238441658012645,0.2324083418846532,0.2683515741266497,0.2973459410215916,0.3002303225643588,0.2799381940698829,0.2695331246214665,0.2483212458415069,0.369135279406188,0.4025050905554369,0.3928923380262562,0.0,0.3239538413390059,0.4381136527876322,0.2768447432259401,0.4287673784891327,0.3935158307559422,0.2640715315866462,0.3132197362156275,0.2538393434043434,0.3017583375914224,0.0,0.4034605461923265,0.3685898006427188,0.3304175316389519,0.3339191573767953,0.3719226050775984,0.3954379806757803,0.3885062016387592,0.4106780243957992,0.4491097378461706,0.2151427622295698,0.3543656441073131,0.3954810200795085,0.4352514404204488,0.3011037339792968,0.4152203158998532,0.0,0.3039223803220249
0.2754246194848015,0.3439909058955752,0.2912391096691204,0.0,0.323351278037622,0.3580627731208811,0.343607299081571,0.37551250822799,0.3481244677180937,0.3095798602924531,0.3940255691477794,0.3050970211069618,0.3863382504735562,0.0,0.3407473923646043,0.3425693181248565,0.3340041805083736,0.3408710856575815,0.0,0.3595259018016375,0.3230128104428324,0.3547978420119544,0.3325724419207769,0.2558102900886123,0.3136329236477483,0.3240386123382563,0.3459254037384852,0.3622238521070052,0.3633678840608357,0.0,0.3068436527412886,0.3172431377565344,0.0,0.2494543499517436,0.3351853178070107,0.3770194475008321,0.2657122275452387,0.1723000923388541,0.2816084031465654,0.1899868682451601,0.2874802427592927,0.3175868647025399,0.0,0.0,0.2187451185107803,0.369205389413679,0.3966272031383208,0.0,0.0,0.0,0.0,0.0,0.0,0.0,0.314318267754482,0.0,0.3385040404994942,0.0,0.0,0.4096074660125753,0.3903425199930344,0.2785459391165965,0.3359426520738074,0.0,0.400453553108639,0.3655931501917115,0.4127907487171595,0.423287077075301,0.3053120179230749,0.3377520412540006,0.3515445528715494,0.0,0.2983011332260198,0.0,0.0,0.2901902971273173
0.2869796286079446,0.3428420699632404,0.4183197671532344,0.2796636405762187,0.3882405937435639,0.3928285397762613,0.3894183994395384,0.4094042553049225,0.4139434860189175,0.2918985294770124,0.4258031154501982,0.2457487024718969,0.3869725870396504,0.0,0.3634217180890955,0.3468020488494921,0.3404940652588931,0.3600992757782585,0.4532606210380221,0.3747434682909287,0.3359908715568728,0.3654340822758049,0.3980187833033617,0.2428203595093003,0.3366155672690213,0.3393366102701254,0.3827717694599872,0.3543464991787969,0.3748316222958566,0.3256700771352783,0.2571141461603948,0.3422055626559944,0.2494543499517436,0.0,0.2878102645644431,0.3670947960802414,0.2887537149124466,0.2015915920925951,0.3006457041417639,0.2225651427604755,0.2519384738444338,0.3135474399507829,0.2515413072810145,0.2476081921181767,0.2211184884360018,0.3635246939668103,0.4018010983036665,0.3265757841115834,0.0,0.0,0.3901509538464302,0.1972510675972638,0.4460064168767212,0.2372471264807368,0.2939606711650431,0.0,0.3014363414544199,0.1203770481065151,0.0,0.4102526324042987,0.3894963803681724,0.2842072016299717,0.3607525704521145,0.0,0.4096376208801929,0.3595654463573743,0.4136047264885042,0.4372444223296064,0.2685433854018353,0.3619694353818012,0.3875334160568747,0.4176143663558639,0.1597367037545998,0.4001422166049433,0.0,0.2064413563188305
0.338250097821228,0.383292075102814,0.4113951735732568,0.2327912547003036,0.3247502228308472,0.3997702382980635,0.3860290336151307,0.3894586842028465,0.4133270673485244,0.2755167725301856,0.41415990884124,0.2381081162491972,0.375744868252015,0.0,0.3864962240404326,0.3833962413811743,0.3341916751505371,0.3578371329182374,0.4197880644076814,0.4042017843607732,0.3701887776450783,0.4017196497119533,0.396964693416137,0.2699866077173805,0.3453692638451742,0.3664674868919094,0.3950287486269345,0.3384156235963212,0.4056871747037673,0.3041530680648169,0.2195893757021488,0.3486396736695991,0.3351853178070107,0.2878102645644431,0.0,0.3509409081624207,0.2915443448435211,0.2321419493072792,0.3028389924309845,0.2774681463937,0.2772901708430614,0.3286992104361723,0.2744100415696332,0.2674994677460905,0.26646865456078,0.0,0.4229348697896902,0.0,0.0,0.0,0.3106394451941209,0.0,0.0,0.0,0.0,0.0,0.2780622714526864,0.219283731220886,0.0,0.4271970468160594,0.4022663027643036,0.0,0.0,0.0,0.4168167651845928,0.0,0.4340840071590997,0.3765153668405481,0.0,0.3537073804308717,0.4091324987720702,0.3706555597135367,0.2409472298314531,0.0,0.0,0.0
0.0,0.0,0.3536308526264494,0.1754713970850856,0.1964055633899291,0.3867463294523757,0.2803307555477213,0.2582123421613292,0.3852102193049307,0.3097543665773009,0.267340905923588,0.3222203801991682,0.3206977621662407,0.2100073463705913,0.4337065302769063,0.0,0.0,0.0,0.3621933879488416,0.4281343255648024,0.0,0.4411564310738592,0.3493102572786112,0.3311534920718077,0.0,0.3305556663994783,0.3856998599044959,0.2691857045972237,0.4304729493698235,0.0,0.3970185973313144,0.2364697445398633,0.3770194475008321,0.3670947960802414,0.3509409081624207,0.0,0.2115766384135383,0.3052006448344621,0.2667717073427763,0.0,0.2800943538689582,0.305926398763661,0.2904646020433266,0.2712207318600148,0.2600235977125754,0.0,0.0,0.3884667290555562,0.0,0.3855476330202141,0.3921820110714772,0.3457814683804855,0.3773027887166163,0.4080532010790944,0.0,0.3857781094517039,0.0,0.3186190337332622,0.0,0.0,0.0,0.0,0.0,0.3800528430846685,0.0,0.0,0.0,0.421160465568276,0.0,0.0,0.0,0.4051534360763121,0.266389682944761,0.3387631281151163,0.0,0.0
0.0,0.0,0.4049542791475121,0.1793555761759608,0.1835268482473926,0.3975622261075111,0.2538340892030811,0.3602714076014036,0.4194775608629973,0.2608445849346514,0.3805066457884748,0.2847832928331365,0.3229206844634851,0.1639295483936066,0.0,0.0,0.0,0.0,0.4150648803668071,0.3837672188560247,0.0,0.4405988707845954,0.3991634647210741,0.2794829696245004,0.0,0.0,0.4002059143747038,0.2638867920091506,0.3760333995738139,0.0,0.3117669466692642,0.2843051993570715,0.2657122275452387,0.2887537149124466,0.2915443448435211,0.2115766384135383,0.0,0.2758115366582048,0.249638589267005,0.0,0.2756712509156446,0.2762300084013577,0.2435444347332357,0.0,0.0,0.0,0.0,0.0,0.0,0.0,0.0,0.0,0.0,0.0,0.0,0.0,0.0,0.0,0.0,0.0,0.0,0.0,0.0,0.0,0.0,0.0,0.0,0.3264019534542859,0.0,0.0,0.0,0.0,0.0,0.0,0.0,0.0
0.0,0.0,0.0,0.2397069387372508,0.3104457816406836,0.31445591743063,0.3427642825025953,0.0,0.3826536632878915,0.274498180481742,0.3801172661267442,0.2391061728960789,0.3738353877912044,0.0,0.0,0.0,0.2994466717257951,0.0,0.3634533096893712,0.0,0.0,0.0,0.30248327050291,0.219543797604556,0.3182429079181906,0.3277007368637802,0.2972926047921271,0.3276926625686258,0.0,0.0,0.2610294734002465,0.238441658012645,0.1723000923388541,0.2015915920925951,0.2321419493072792,0.3052006448344621,0.2758115366582048,0.0,0.2090842814629116,0.1875701319048855,0.2257244656477021,0.2255116627323407,0.0,0.0,0.2230646384889845,0.0,0.0,0.0,0.0,0.0,0.0,0.0,0.0,0.0,0.3044206334257767,0.0,0.3194521146485118,0.0,0.0,0.0,0.0,0.0,0.0,0.0,0.0,0.0,0.0,0.0,0.3060556155452134,0.265262106494201,0.313556036489675,0.0,0.3074528302032507,0.0,0.0,0.0
0.343198647752927,0.4006661083446154,0.3334393279607094,0.0,0.3180731218927104,0.4090982157735612,0.2557088801906391,0.4190880937284648,0.3590487293310329,0.2399146396265423,0.3373554407001717,0.2281755980810984,0.3214123449898172,0.0,0.3826306854162025,0.3785979306535913,0.0,0.3692382128867972,0.3548099847265353,0.3719787144764582,0.3808610089824759,0.3871262624649103,0.4178689587353311,0.2862594381355515,0.380214085660479,0.3766655959771195,0.3875004703911991,0.3468290702301255,0.3616914049978265,0.0,0.2943309485771931,0.2324083418846532,0.2816084031465654,0.3006457041417639,0.3028389924309845,0.2667717073427763,0.249638589267005,0.2090842814629116,0.0,0.2959883236836698,0.3303248526021904,0.3332086218175262,0.2641408597678016,0.2952747301910642,0.2354229626023017,0.3561038518966163,0.3588257550276473,0.3839441388619108,0.2392157055777082,0.2731208043615355,0.3791116902070219,0.379004568487284,0.3518766011202597,0.3944653785477095,0.2929179367372714,0.328300011269271,0.2488923594731534,0.3712323904010037,0.2347934647057469,0.3708434527876369,0.380272500414849,0.3809924178324491,0.3811384184047862,0.3683094916396501,0.3809106640150806,0.3482134834417418,0.384452837748497,0.3759912716093006,0.2524962973746982,0.3626491668196122,0.3584783912432656,0.381018213401602,0.3472389343730568,0.391223097716565,0.3636102894246644,0.3231072394143786
