0.0,0.2723855810661637,0.0,0.0,0.0,0.2446744243371859,0.0,0.3385882008478632,0.0,0.2531114528710406,0.0,0.2249339285278186,0.0,0.0,0.2572214877914012,0.2533478652197714,0.2584048188124491,0.2504323430067448,0.0,0.2838856342795675,0.2625378927402629,0.2704843935739545,0.3071629708612871,0.2478398215845786,0.2558183642409419,0.2543597756373427,0.2746899554978047,0.2517083274013515,0.2681799805008603,0.0,0.2308822101489229,0.2618835030455046,0.2112722178566383,0.2185249489792478,0.2473073194473024,0.0,0.0,0.0,0.2604945753170605,0.2698312194103113,0.2912816555034562,0.0,0.0,0.0,0.0,0.2556216802173552,0.319530548819339,0.0,0.0,0.0,0.0,0.0,0.0,0.0,0.0,0.0,0.0,0.0,0.0,0.0,0.3065446690994539,0.0,0.2850443384607741,0.0,0.0,0.2391080921251159,0.3140627489567639,0.3107377543061011,0.2665306012534784,0.2869076022585536,0.2943710484898759,0.0,0.0,0.0,0.0,0.2493033327404436
0.2723855810661637,0.0,0.0,0.0,0.2817420797455322,0.2897461117663573,0.2955528147773093,0.3138691191641878,0.2811328808664953,0.0,0.0,0.0,0.3052931447891525,0.0,0.293621571630029,0.2867893332360063,0.0,0.2952726891376723,0.0,0.3094833966515118,0.2741624225690277,0.2993659353314842,0.2933059947742375,0.0,0.2920885639314521,0.287942864905627,0.303403383855734,0.2979559464517006,0.3030990948397328,0.0,0.252786490213908,0.2788550630361381,0.2591875014097801,0.2586881596865133,0.286152505218995,0.0,0.0,0.0,0.3039975517491671,0.3034957738934384,0.31117558876815,0.3236785066251313,0.0,0.0,0.0,0.3059696564039505,0.3225457761029188,0.0,0.0,0.0,0.2971054917119158,0.0,0.0,0.0,0.0,0.0,0.0,0.0,0.0,0.3092550913500417,0.3189768878138864,0.0,0.3076282508114061,0.0,0.3143094906297697,0.2984413976902287,0.319034596743769,0.2973716043105119,0.0,0.3121015431876832,0.3221479612699775,0.318710448165134,0.0,0.3178188738206198,0.0,0.2972433639698183
0.0,0.0,0.0,0.257035332601799,0.2769924703331687,0.2952927963168731,0.3156487581732746,0.3104443642462168,0.2163524073242613,0.2904077472839018,0.2206318969522893,0.0,0.3203524658052676,0.2844328854042515,0.0,0.0,0.0,0.0,0.180701589198972,0.0,0.0,0.0,0.2070785210132741,0.0,0.0,0.0,0.2580351355844114,0.3165299521175476,0.2653757086016952,0.2970720848830737,0.3257655381273483,0.3003043783273581,0.0,0.3206273408965093,0.317500184508121,0.2709120791881072,0.3094108428631842,0.0,0.2836762335877147,0.0,0.0,0.0,0.3122170479673016,0.0,0.0,0.0,0.0,0.3258510061157053,0.0,0.2909974697965571,0.3731389475327505,0.3121330173590757,0.3287852387460752,0.3674659257247814,0.0,0.2460335266482762,0.0,0.3064510228427225,0.2983592508103281,0.0,0.0,0.0,0.0,0.2248923956076159,0.0,0.0,0.0,0.3818646864742761,0.0,0.0,0.0,0.3690277194559947,0.0,0.0,0.0,0.0
0.0,0.0,0.257035332601799,0.0,0.1521205175268721,0.2781134847880501,0.1835916696965495,0.235368458838464,0.2879241683018901,0.2006526770164806,0.2411144961270101,0.1948747403378025,0.2215184704252949,0.170841792487853,0.0,0.0,0.0,0.0,0.2754930801364659,0.269783217852403,0.0,0.0,0.2726674600595545,0.0,0.0,0.0,0.2791510100252985,0.1723053254155951,0.0,0.0,0.2107537292554665,0.1948104893338985,0.0,0.2142567891755204,0.1793510486931194,0.1373437674029534,0.1360732157855618,0.0,0.0,0.0,0.0,0.0,0.0,0.0,0.0,0.0,0.0,0.0,0.0,0.0,0.0,0.0,0.0,0.0,0.0,0.0,0.0,0.0,0.0,0.0,0.0,0.0,0.0,0.0,0.0,0.0,0.0,0.0,0.0,0.0,0.0,0.0,0.0,0.0,0.0,0.0
0.0,0.2817420797455322,0.2769924703331687,0.1521205175268721,0.0,0.2783674894647702,0.2270634945336478,0.2482770350747386,0.2476484125782952,0.2743948125428073,0.225812834702197,0.2776010661314615,0.2523050907249539,0.1909578372516356,0.0,0.3008662285536922,0.0,0.0,0.2713487872939608,0.0,0.0,0.3294994213668179,0.2739583361552088,0.0,0.23881093908165,0.2438669344668252,0.2821325607556433,0.2378383291082831,0.2855250385347558,0.0,0.3025621571481732,0.2370475678336897,0.2534707772071157,0.2963193010132585,0.248202922205497,0.1504653154956227,0.1394562412722451,0.2458622818655295,0.2648500525759837,0.0,0.0,0.0,0.0,0.0,0.0,0.0,0.0,0.3924516239876953,0.0,0.0,0.305731308471125,0.0,0.0,0.3140953196353501,0.0,0.2830330367630589,0.0,0.0,0.0,0.0,0.0,0.0,0.0,0.2870007167081428,0.0,0.0,0.0,0.3370572356941848,0.0,0.0,0.0,0.2970234851305872,0.0,0.0,0.0,0.0
0.2446744243371859,0.2897461117663573,0.2952927963168731,0.2781134847880501,0.2783674894647702,0.0,0.2798301067861765,0.2986404651203467,0.2378870046833985,0.2814308197293909,0.2710123889511125,0.2455850878334819,0.2659653954634784,0.3050107110350804,0.2861038327732543,0.3216082556293325,0.0,0.2970779179405647,0.3022695134784088,0.3157742696188498,0.2847236119128826,0.321102162767485,0.2857773051977056,0.0,0.2632351064501996,0.2627181517463163,0.2712377523532536,0.2737131407275846,0.2771770079883144,0.2875369021589405,0.2983474248348921,0.2823075884288972,0.2720109548553357,0.2989592755238228,0.3032289334367959,0.2941044676452771,0.3026191923081062,0.2515729995644937,0.3119273289927333,0.0,0.3143185716941529,0.2835569104432244,0.324382069900303,0.0,0.0,0.0,0.0,0.3768736604057259,0.0,0.326076938137016,0.3411164924535385,0.3417971278801309,0.3343318655914676,0.3745142954715276,0.0,0.3366823452240798,0.0,0.3351536987512615,0.0,0.274950223119594,0.0,0.0,0.0,0.3525873299777528,0.2834617606209813,0.2891841866468063,0.2864625859269935,0.3502066836861994,0.0,0.0,0.2633129191847441,0.3397781378629622,0.3367235154856354,0.3183998176461489,0.0,0.3291363712008438
0.0,0.2955528147773093,0.3156487581732746,0.1835916696965495,0.2270634945336478,0.2798301067861765,0.0,0.2923757673212138,0.2771815246348694,0.2835673387586733,0.3013451330619505,0.2822723230682365,0.2377695741840433,0.2417538676761352,0.0,0.3272527785175763,0.2841293686540673,0.2814816906582872,0.3245867525524626,0.2921597472596944,0.0,0.3275128943950523,0.29161039215212,0.2917330888895387,0.2546535953464061,0.2513842039897292,0.2912646824406022,0.239722383773108,0.2875118742133174,0.0,0.2954925946731964,0.2774570121594999,0.2649062563752096,0.2949189867372326,0.2907176744817482,0.2113250823087176,0.19627356083877,0.2622785403125935,0.0,0.0,0.0,0.0,0.0,0.0,0.0,0.0,0.0,0.0,0.0,0.0,0.2908446740256675,0.0,0.0,0.0,0.0,0.0,0.0,0.0,0.0,0.0,0.0,0.0,0.0,0.0,0.0,0.0,0.0,0.3380791578189736,0.0,0.0,0.0,0.3102573066797854,0.0,0.0,0.0,0.0
0.3385882008478632,0.3138691191641878,0.3104443642462168,0.235368458838464,0.2482770350747386,0.2986404651203467,0.2923757673212138,0.0,0.3363424588190838,0.2859707910042102,0.2255344460073411,0.0,0.3029392305194254,0.24175059979973,0.3198259268054609,0.3144433839259237,0.0,0.3084662692940687,0.2971910267550881,0.2895033413093322,0.2857446742911699,0.0,0.2680088138120917,0.3455325002742941,0.3190165199838786,0.3133114630821472,0.31484810866133,0.3002470197114956,0.2914787026227571,0.2837835563545064,0.3129710249509238,0.2673699637164978,0.2842542653057766,0.3110662738780342,0.2954280210393473,0.1999427476903735,0.2743567683686173,0.0,0.3186290754511264,0.0,0.3522074204783209,0.0,0.2733707381864372,0.0,0.0,0.0,0.0,0.3679876366771368,0.0,0.3295755444090522,0.3339104187971832,0.3547369824287761,0.3029095990710904,0.3704395087232255,0.0,0.3033003071309604,0.0,0.3379420539077241,0.0,0.3506349185430596,0.0,0.0,0.0,0.3366740596022335,0.0,0.3766929900140047,0.0,0.3527763109653997,0.0,0.0,0.0,0.3530981665739117,0.3398509869677475,0.3353041193182242,0.0,0.3399835846781809
0.0,0.2811328808664953,0.2163524073242613,0.2879241683018901,0.2476484125782952,0.2378870046833985,0.2771815246348694,0.3363424588190838,0.0,0.3245623671312208,0.2425215415539491,0.2816937463530338,0.2841777339884381,0.2920975589528066,0.0,0.2930471926850879,0.0,0.0,0.2065669139974128,0.3032635381023621,0.0,0.3190626405923719,0.295840406719199,0.0,0.209817394453993,0.2013943139198175,0.2617592083285626,0.3112872618511827,0.2742377605479286,0.2899693709087928,0.3216967701268317,0.299745297374923,0.2748750735880405,0.3163341165426235,0.3160257870733428,0.2938231715568879,0.3212828564053829,0.2923727458422778,0.2958192427234212,0.0,0.0,0.0,0.3355738511429898,0.0,0.0,0.0,0.0,0.3787808232292339,0.0,0.3201340672325184,0.3627369865079676,0.3382266814996472,0.3722735973696268,0.3693070028234895,0.0,0.3577813797835951,0.0,0.3061234266422349,0.0,0.0,0.0,0.0,0.0,0.3609525415782914,0.0,0.0,0.0,0.3727791873753938,0.0,0.0,0.0,0.3669235883327862,0.0,0.0,0.0,0.0
0.2531114528710406,0.0,0.2904077472839018,0.2006526770164806,0.2743948125428073,0.2814308197293909,0.2835673387586733,0.2859707910042102,0.3245623671312208,0.0,0.3200703112602165,0.1964533692460199,0.2943945543554543,0.2621463440156013,0.0,0.25836353084871,0.2325877140223729,0.2620193240164856,0.3289346383090801,0.0,0.0,0.2530845987322486,0.2928718460651553,0.2415425397981697,0.2371189487927028,0.2307398151120759,0.2933088040865884,0.2737440898592521,0.0,0.0,0.2375662257125091,0.2161184105534344,0.2354727892682847,0.2229710689539938,0.2098577031818101,0.2326825813695563,0.1969847276315154,0.2091056526651723,0.1757664355994663,0.2446680307081208,0.2464520788450153,0.2712490975470267,0.0,0.0,0.2672016717256593,0.3127222414273378,0.0,0.0,0.0,0.0,0.0,0.0,0.0,0.0,0.3211206606292302,0.0,0.3301779841676225,0.2815142573904037,0.0,0.0,0.2769238290227616,0.2929238196346814,0.2933664051659963,0.0,0.0,0.0,0.0,0.0,0.3138842896536372,0.2997246480053969,0.3104957636152249,0.0,0.2678914951779711,0.0,0.0,0.2829734214420422
0.0,0.0,0.2206318969522893,0.2411144961270101,0.225812834702197,0.2710123889511125,0.3013451330619505,0.2255344460073411,0.2425215415539491,0.3200703112602165,0.0,0.2933340645868231,0.3133614294876375,0.219399964598141,0.0,0.0,0.0,0.0,0.2066714267638656,0.0,0.0,0.0,0.2360290740955447,0.3001965688705302,0.0,0.0,0.2742267682020973,0.314134044242446,0.0,0.0,0.325900117466587,0.2483180541576913,0.3034009514881701,0.3250394892847758,0.3154378828915886,0.2076902813867474,0.2939759491763112,0.2923202196617845,0.2711318095974807,0.0,0.0,0.0,0.2785268155558663,0.0,0.0,0.0,0.0,0.3056625441298825,0.0,0.2849912021250355,0.3297066806630323,0.2993273654816835,0.2929853494712412,0.2671076903438469,0.0,0.1792465414613979,0.0,0.278752644543004,0.2803512849277673,0.0,0.0,0.0,0.0,0.1747384862189187,0.0,0.0,0.0,0.3690128254728573,0.0,0.0,0.0,0.3621710105249313,0.0,0.0,0.0,0.0
0.2249339285278186,0.0,0.0,0.1948747403378025,0.2776010661314615,0.2455850878334819,0.2822723230682365,0.0,0.2816937463530338,0.1964533692460199,0.2933340645868231,0.0,0.3095320471174848,0.0,0.0,0.0,0.2652860732558198,0.2555334915125302,0.0,0.0,0.2421549388247571,0.0,0.2375149617068799,0.2147884657071044,0.2606527131528862,0.2160456975954023,0.0,0.2700681426519347,0.0,0.0,0.2383629348357092,0.1692045412678456,0.2355048377568432,0.1851658997764569,0.1823333464755028,0.2435779575247292,0.2131427554695893,0.1819319591140665,0.1729375695769336,0.2368769760915801,0.2735178860994815,0.2371145935889452,0.0,0.0,0.2731451565413462,0.0,0.0,0.0,0.0,0.0,0.0,0.0,0.0,0.0,0.3213267641434465,0.0,0.3269088691486225,0.0,0.0,0.0,0.0,0.3052788513775563,0.2947660613271495,0.0,0.0,0.0,0.0,0.0,0.2959093268546503,0.3057284072275987,0.3123707142269427,0.0,0.2990844455327282,0.0,0.0,0.2828825513805472
0.0,0.3052931447891525,0.3203524658052676,0.2215184704252949,0.2523050907249539,0.2659653954634784,0.2377695741840433,0.3029392305194254,0.2841777339884381,0.2943945543554543,0.3133614294876375,0.3095320471174848,0.0,0.2608500819758298,0.2742687784653654,0.3258875674741982,0.3026676106412101,0.3099077740490197,0.3271279626584151,0.2940924242513815,0.2656596346937137,0.3294181841890411,0.2962582762891133,0.3250582360297819,0.2858836144235182,0.2875613185979689,0.2972436516187898,0.2410731665334978,0.2790185815836422,0.2507492909913276,0.2873108106995916,0.2854209159961617,0.2871226294098615,0.2932030669715834,0.2842028612831004,0.2439811687079074,0.2460063153513765,0.2823407421667585,0.2563913311606584,0.0,0.277466070046473,0.0,0.2409292436261349,0.0,0.0,0.0,0.0,0.3188316490381249,0.0,0.0,0.3125716625089904,0.0,0.3260323074810589,0.0,0.0,0.0,0.0,0.0,0.0,0.0,0.0,0.0,0.0,0.0,0.2587255467805747,0.0,0.0,0.3428162640142924,0.0,0.0,0.0,0.326469262152715,0.0,0.2793284485483522,0.0,0.0
0.0,0.0,0.2844328854042515,0.170841792487853,0.1909578372516356,0.3050107110350804,0.2417538676761352,0.24175059979973,0.2920975589528066,0.2621463440156013,0.219399964598141,0.0,0.2608500819758298,0.0,0.0,0.0,0.0,0.0,0.267115692268718,0.0,0.0,0.0,0.2707258910993422,0.0,0.0,0.0,0.3102165223607985,0.2092831397109105,0.0,0.0,0.0,0.1902222230649876,0.0,0.0,0.0,0.1656526108714966,0.1271544657523653,0.0,0.0,0.0,0.0,0.0,0.2624779524409309,0.0,0.0,0.0,0.0,0.3056606165536367,0.0,0.0,0.0,0.0,0.0,0.0,0.0,0.2677859068835694,0.0,0.0,0.0,0.0,0.0,0.0,0.0,0.325043194432587,0.0,0.0,0.0,0.3317112679519388,0.0,0.0,0.0,0.3142253477205175,0.0,0.0,0.0,0.0
0.2572214877914012,0.293621571630029,0.0,0.0,0.0,0.2861038327732543,0.0,0.3198259268054609,0.0,0.0,0.0,0.0,0.2742687784653654,0.0,0.0,0.2734575174461155,0.0,0.2791516001729827,0.0,0.2567947750134254,0.2704417597165294,0.2742315478250052,0.2732400505169188,0.286179977442297,0.2613386105991381,0.2553320751482309,0.2843030488355871,0.2680094634348074,0.264842125310279,0.0,0.267375266793368,0.2739228393706924,0.2590607843934258,0.2745758090332257,0.2921977402383109,0.3334831864684565,0.0,0.0,0.2912321029833411,0.3168346240090279,0.3049659886096207,0.3206115507239203,0.0,0.0,0.0,0.0,0.3255766105565248,0.0,0.0,0.0,0.3069402801574584,0.0,0.0,0.0,0.0,0.0,0.0,0.0,0.0,0.3190873285339481,0.3070758705619624,0.0,0.0,0.0,0.3115016310461447,0.2990049848975275,0.3284685916183293,0.3149413754140816,0.0,0.2691695500509296,0.3308199354436616,0.3183778551744034,0.3584159263985935,0.3058364666650314,0.0,0.290760572848569
0.2533478652197714,0.2867893332360063,0.0,0.0,0.3008662285536922,0.3216082556293325,0.3272527785175763,0.3144433839259237,0.2930471926850879,0.25836353084871,0.0,0.0,0.3258875674741982,0.0,0.2734575174461155,0.0,0.2563956281237186,0.2373230926699847,0.0,0.2851040642994853,0.2672505031855652,0.2632862762342881,0.2885585564906172,0.2368209526443249,0.2728420647818078,0.2730421488017675,0.3014224268894577,0.3195858596084721,0.3180521860733414,0.3051525135223663,0.2407107002604127,0.2946260998407844,0.2579517790781075,0.2617928879375577,0.2893902685349075,0.0,0.0,0.0,0.2871084260108825,0.2897136262927126,0.297089848027869,0.30762919400211,0.0,0.0,0.0,0.2973480468873317,0.3113367004336955,0.0,0.0,0.0,0.0,0.0,0.0,0.0,0.0,0.0,0.0,0.0,0.0,0.2885671123463926,0.3093161923273503,0.0,0.2890093849553402,0.0,0.0,0.2860135389760971,0.3001848728120366,0.0,0.0,0.2960885834005496,0.3028978717312552,0.2709331744933094,0.0,0.0,0.0,0.2840090505869655
0.2584048188124491,0.0,0.0,0.0,0.0,0.0,0.2841293686540673,0.0,0.0,0.2325877140223729,0.0,0.2652860732558198,0.3026676106412101,0.0,0.0,0.2563956281237186,0.0,0.2232979930777892,0.0,0.2712130775879687,0.0,0.2766174268900867,0.0,0.2675824642031211,0.2483892508686078,0.2707394858998737,0.0,0.2896709446704972,0.2610687705848725,0.0,0.2394037928725763,0.2765058289413774,0.2529073075587849,0.2573319099044069,0.2524820299582014,0.0,0.0,0.2295356770685682,0.2783648469483481,0.2406853678897118,0.2599760397829131,0.0,0.0,0.0,0.0,0.0,0.0,0.0,0.0,0.0,0.0,0.0,0.0,0.0,0.3319455400958526,0.0,0.3505022318623113,0.0,0.0,0.0,0.0,0.3294132949782022,0.304983151792288,0.0,0.0,0.0,0.0,0.0,0.32052832572481,0.3189929879609498,0.3237968670046097,0.0,0.0,0.0,0.0,0.2871232484005886
0.2504323430067448,0.2952726891376723,0.0,0.0,0.0,0.2970779179405647,0.2814816906582872,0.3084662692940687,0.0,0.2620193240164856,0.0,0.2555334915125302,0.3099077740490197,0.0,0.2791516001729827,0.2373230926699847,0.2232979930777892,0.0,0.0,0.3048198214755959,0.2754362951814922,0.3017048298051009,0.2958615999866216,0.2462408346667703,0.2470323968999974,0.2616751413051577,0.2929854336603619,0.3022712782477482,0.3115372605373564,0.2593847303803874,0.2525350450214175,0.2814464171041113,0.2581876583920811,0.2720373623900722,0.270775094171905,0.0,0.0,0.0,0.2809355140855166,0.2777414924657038,0.2917835696795871,0.3020869874358803,0.0,0.0,0.0,0.2832377799424876,0.3120799087072703,0.0,0.0,0.0,0.0,0.0,0.0,0.0,0.3154877617982614,0.0,0.3244239281302362,0.0,0.0,0.0,0.2985048116539624,0.309292338937619,0.2885087546382643,0.0,0.0,0.0,0.2922497893506914,0.0,0.3062575187398798,0.2951992565439292,0.3013619646037992,0.0,0.0,0.0,0.0,0.2936553111937439
0.0,0.0,0.180701589198972,0.2754930801364659,0.2713487872939608,0.3022695134784088,0.3245867525524626,0.2971910267550881,0.2065669139974128,0.3289346383090801,0.2066714267638656,0.0,0.3271279626584151,0.267115692268718,0.0,0.0,0.0,0.0,0.0,0.0,0.0,0.0,0.2139098674326089,0.0,0.0,0.0,0.2664176354236325,0.3250931285185819,0.0,0.0,0.3393468364637362,0.3021974694420158,0.0,0.3485612635883024,0.3208609806200669,0.2751754401955219,0.3154351878216048,0.2842873152211544,0.291760510454853,0.0,0.0,0.0,0.3039530879426225,0.0,0.0,0.0,0.0,0.3776861859499957,0.0,0.3313055691366611,0.3552049091339156,0.3270468126139232,0.3607082916306534,0.3652535793584822,0.0,0.3486550905125065,0.0,0.0,0.316577889908359,0.0,0.0,0.0,0.0,0.3203606614227989,0.0,0.0,0.0,0.3704197081263742,0.0,0.0,0.0,0.3674191977907705,0.0,0.0,0.0,0.0
0.2838856342795675,0.3094833966515118,0.0,0.269783217852403,0.0,0.3157742696188498,0.2921597472596944,0.2895033413093322,0.3032635381023621,0.0,0.0,0.0,0.2940924242513815,0.0,0.2567947750134254,0.2851040642994853,0.2712130775879687,0.3048198214755959,0.0,0.0,0.290795078418847,0.2781278480318105,0.2341960462707358,0.0,0.2971176802944006,0.2924488078656923,0.2567540413885461,0.2599184619351385,0.2570971976432724,0.2366934740754235,0.2554341652233125,0.2910610475326912,0.26990083138743,0.2824798268560425,0.3048901073145068,0.3296156871597387,0.3027191513908294,0.0,0.2820437066487187,0.2967096230401158,0.2832237347552127,0.3156262555720346,0.0,0.0,0.0,0.0,0.3218826103392799,0.0,0.0,0.0,0.2993943925400616,0.0,0.0,0.0,0.0,0.0,0.0,0.2696309250479772,0.0,0.3040652175321977,0.0,0.0,0.0,0.0,0.3055498042567254,0.30413582712219,0.3231750942932383,0.3120219070881155,0.0,0.0,0.3427159658236492,0.3181046898196179,0.3183435895762899,0.2909644367019731,0.0,0.2981930533660948
0.2625378927402629,0.2741624225690277,0.0,0.0,0.0,0.2847236119128826,0.0,0.2857446742911699,0.0,0.0,0.0,0.2421549388247571,0.2656596346937137,0.0,0.2704417597165294,0.2672505031855652,0.0,0.2754362951814922,0.0,0.290795078418847,0.0,0.2869031052586355,0.2849463921309944,0.3223953126599716,0.2767677829120946,0.2719551718952207,0.2936490853383893,0.269129239306895,0.2671919862180818,0.2488436847651722,0.2571215056609125,0.2689362841443045,0.246268875363773,0.2554835023127876,0.2819533211726115,0.0,0.0,0.0,0.2895597905991195,0.2869247809090443,0.2939881028856292,0.3125072227171102,0.0,0.0,0.0,0.2400046895657537,0.3119421942377581,0.0,0.0,0.0,0.318236951519844,0.0,0.3183575641752717,0.0,0.0,0.0,0.0,0.0,0.0,0.3018410576152982,0.3030848063154518,0.0,0.0,0.0,0.298811023151854,0.2776275886291271,0.3190475225357399,0.3458579066865696,0.0,0.2601374662133808,0.3146531789339887,0.3361324862040494,0.3431447955302576,0.3253127944767069,0.0,0.295326699410278
0.2704843935739545,0.2993659353314842,0.0,0.0,0.3294994213668179,0.321102162767485,0.3275128943950523,0.0,0.3190626405923719,0.2530845987322486,0.0,0.0,0.3294181841890411,0.0,0.2742315478250052,0.2632862762342881,0.2766174268900867,0.3017048298051009,0.0,0.2781278480318105,0.2869031052586355,0.0,0.3037415218770044,0.0,0.2969840629352393,0.2906756705737403,0.3107069893959738,0.2697040822181122,0.3030216759256162,0.0,0.2602620435403473,0.292080613364977,0.2670308669207862,0.275562323526547,0.3028523896150749,0.3354504414818321,0.3377400688940193,0.0,0.2929832841219757,0.3162656859940989,0.3189213484736046,0.3258875798315111,0.0,0.0,0.0,0.3073202308529236,0.3225583452175002,0.0,0.0,0.0,0.3111751930520069,0.0,0.0,0.0,0.0,0.0,0.0,0.0,0.0,0.3269705071295776,0.3186788020843206,0.0,0.2856461375593896,0.0,0.3197113099253169,0.3168680298993375,0.3305831085261097,0.3279109227754858,0.0,0.3118073167407312,0.3351136628594173,0.3316875479379291,0.0,0.3128409031244332,0.0,0.3047269290628441
0.3071629708612871,0.2933059947742375,0.2070785210132741,0.2726674600595545,0.2739583361552088,0.2857773051977056,0.29161039215212,0.2680088138120917,0.295840406719199,0.2928718460651553,0.2360290740955447,0.2375149617068799,0.2962582762891133,0.2707258910993422,0.2732400505169188,0.2885585564906172,0.0,0.2958615999866216,0.2139098674326089,0.2341960462707358,0.2849463921309944,0.3037415218770044,0.0,0.3212271392640926,0.2819185049436838,0.2880769322088543,0.2599324546623732,0.2925744756274736,0.2821005257658399,0.2821402597425023,0.2995670037344023,0.2836752904288417,0.2526007385823281,0.3019119964981484,0.3007742541631558,0.2660253179707211,0.3027201682801713,0.2500483103313596,0.3198331302690549,0.0,0.3348475394505213,0.3215415352048316,0.3269936021495547,0.0,0.0,0.0,0.2974925145091271,0.3846786044124384,0.0,0.3506790349634626,0.3453153181517452,0.3595741783276657,0.3405206323804613,0.3823992751897775,0.0,0.357145248268144,0.0,0.3478801973376828,0.34674184609887,0.3149052001658023,0.0,0.0,0.0,0.3716935527469123,0.3180998301154197,0.340650207990451,0.3188622029110935,0.3576008839272385,0.0,0.0,0.3107404356087801,0.3476376567639782,0.3481169777440659,0.3333749588758966,0.3427771402379247,0.3404281980065672
0.2478398215845786,0.0,0.0,0.0,0.0,0.0,0.2917330888895387,0.3455325002742941,0.0,0.2415425397981697,0.3001965688705302,0.2147884657071044,0.3250582360297819,0.0,0.286179977442297,0.2368209526443249,0.2675824642031211,0.2462408346667703,0.0,0.0,0.3223953126599716,0.0,0.3212271392640926,0.0,0.2444131979699493,0.2304000569576282,0.2490670720288854,0.2770152165319258,0.0,0.0,0.2429535892815646,0.2153679611908247,0.1978877655364003,0.1831833225637977,0.2047073085444884,0.2588660286891849,0.2206944150997852,0.167217023592074,0.2058008141751686,0.2209003094800142,0.2367960399776436,0.2206055757638615,0.0,0.0,0.2261265557797054,0.2765008443411787,0.0,0.0,0.0,0.0,0.0,0.0,0.0,0.0,0.3038283411588404,0.0,0.3038794393259296,0.0,0.0,0.0,0.2712378729092404,0.3316636548185002,0.3086286112333274,0.0,0.0,0.0,0.0,0.0,0.273271224926035,0.3127233589369032,0.3142202759320844,0.0,0.3366713606827323,0.0,0.0,0.2799098038088676
0.2558183642409419,0.2920885639314521,0.0,0.0,0.23881093908165,0.2632351064501996,0.2546535953464061,0.3190165199838786,0.209817394453993,0.2371189487927028,0.0,0.2606527131528862,0.2858836144235182,0.0,0.2613386105991381,0.2728420647818078,0.2483892508686078,0.2470323968999974,0.0,0.2971176802944006,0.2767677829120946,0.2969840629352393,0.2819185049436838,0.2444131979699493,0.0,0.2621730678226703,0.2675158995297949,0.2849111593471796,0.2833738418011102,0.0,0.2623952129477749,0.2659712791824027,0.2378165429232138,0.2549448465528615,0.2618801395995242,0.0,0.0,0.2428744824599953,0.2899777637141815,0.2820955049587072,0.2939883745660456,0.3071647593591425,0.0,0.0,0.2486467409312921,0.2874655756488575,0.3202378078174672,0.0,0.0,0.0,0.0,0.0,0.0,0.0,0.3254365403481828,0.0,0.3304713366342822,0.0,0.0,0.2843346381126354,0.3093277661909261,0.3202776537314029,0.2911070169049016,0.0,0.2780741688184972,0.2707004203886951,0.3060389246863495,0.0,0.2995353749781111,0.2984960810936363,0.3036244017065006,0.0,0.0,0.2817812421547266,0.0,0.292631314331626
0.2543597756373427,0.287942864905627,0.0,0.0,0.2438669344668252,0.2627181517463163,0.2513842039897292,0.3133114630821472,0.2013943139198175,0.2307398151120759,0.0,0.2160456975954023,0.2875613185979689,0.0,0.2553320751482309,0.2730421488017675,0.2707394858998737,0.2616751413051577,0.0,0.2924488078656923,0.2719551718952207,0.2906756705737403,0.2880769322088543,0.2304000569576282,0.2621730678226703,0.0,0.2933207053866015,0.2763832201198909,0.2761278678061372,0.0,0.2574872032419679,0.2742363094335365,0.2464234550583622,0.2570123658200522,0.2776779603152678,0.2534540795730707,0.0,0.2500895486507531,0.2853283351571329,0.2942136023143263,0.3108360968409611,0.3220887988649982,0.0,0.0,0.296733471519085,0.2914068808943086,0.325207854011345,0.0,0.0,0.0,0.2954856523470694,0.0,0.0,0.0,0.3462608667584035,0.0,0.3492559563444031,0.0,0.0,0.3171450293098881,0.3183168165140734,0.3311732447699227,0.2991137764645801,0.0,0.3200527228144464,0.3051326265205561,0.3297039339490421,0.3111897826887001,0.2978934440123563,0.3067169687078456,0.3162037072665167,0.3265864742209489,0.0,0.314559679005458,0.0,0.3036985003316601
0.2746899554978047,0.303403383855734,0.2580351355844114,0.2791510100252985,0.2821325607556433,0.2712377523532536,0.2912646824406022,0.31484810866133,0.2617592083285626,0.2933088040865884,0.2742267682020973,0.0,0.2972436516187898,0.3102165223607985,0.2843030488355871,0.3014224268894577,0.0,0.2929854336603619,0.2664176354236325,0.2567540413885461,0.2936490853383893,0.3107069893959738,0.2599324546623732,0.2490670720288854,0.2675158995297949,0.2933207053866015,0.0,0.2936501242549127,0.2870367554018352,0.280430606794712,0.2826829505868048,0.2840185327811084,0.2607918709227153,0.2894307772489183,0.2984668799173304,0.293891141759357,0.3034412131399391,0.0,0.2978518885911995,0.2984804463400367,0.2983523838995124,0.3131356816357502,0.3411582057996314,0.0,0.0,0.0,0.2714373208614035,0.3812928322755817,0.0,0.3367462067051114,0.3416214004522436,0.3583109857667677,0.3503931118923739,0.3831279817917108,0.0,0.3617857562783083,0.0,0.3393268124010188,0.0,0.3006842533054283,0.0,0.0,0.0,0.3516777723292251,0.2957234452118013,0.3035579107800205,0.3056741663432558,0.3511215297555705,0.0,0.0,0.3206415727117789,0.3417105818248162,0.3410495955202148,0.3095909888571341,0.3268477196616389,0.3166987150932572
0.2517083274013515,0.2979559464517006,0.3165299521175476,0.1723053254155951,0.2378383291082831,0.2737131407275846,0.239722383773108,0.3002470197114956,0.3112872618511827,0.2737440898592521,0.314134044242446,0.2700681426519347,0.2410731665334978,0.2092831397109105,0.2680094634348074,0.3195858596084721,0.2896709446704972,0.3022712782477482,0.3250931285185819,0.2599184619351385,0.269129239306895,0.2697040822181122,0.2925744756274736,0.2770152165319258,0.2849111593471796,0.2763832201198909,0.2936501242549127,0.0,0.2521385752942857,0.2161812038357138,0.2560858470998598,0.2858960196339687,0.2722710136029724,0.2691198747676684,0.2577396225076016,0.2045612566141602,0.1999267772682534,0.2481073920486539,0.2584145238544948,0.0,0.2203750103577299,0.2364954562066089,0.2336688432289207,0.0,0.0,0.0,0.0,0.282240300110524,0.0,0.0,0.3313773877317278,0.0,0.3314475766632901,0.0,0.0,0.0,0.3107930917902734,0.0,0.0,0.2804138850316039,0.0,0.0,0.0,0.0,0.3047381226559543,0.3043201886822134,0.2465039082290076,0.3438564699486584,0.0,0.0,0.0,0.334841848768597,0.2533540305095804,0.3089500952986646,0.0,0.2023612002734853
0.2681799805008603,0.3030990948397328,0.2653757086016952,0.0,0.2855250385347558,0.2771770079883144,0.2875118742133174,0.2914787026227571,0.2742377605479286,0.0,0.0,0.0,0.2790185815836422,0.0,0.264842125310279,0.3180521860733414,0.2610687705848725,0.3115372605373564,0.0,0.2570971976432724,0.2671919862180818,0.3030216759256162,0.2821005257658399,0.0,0.2833738418011102,0.2761278678061372,0.2870367554018352,0.2521385752942857,0.0,0.2315368682902514,0.2570764531632656,0.2881915591439875,0.2693152518415937,0.2843517862722924,0.3077041290065121,0.3287895949703658,0.2888597308989678,0.0,0.2762732467150962,0.0,0.2789042561158035,0.2838497954355185,0.2652448357068478,0.0,0.0,0.0,0.2918335128027883,0.0,0.0,0.0,0.3061774711915181,0.0,0.3393392910055411,0.0,0.0,0.0,0.0,0.2973318911901362,0.0,0.2893372247131309,0.0,0.0,0.0,0.0,0.2842037762847432,0.2940573636059864,0.2999566804511924,0.327044290959505,0.0,0.0,0.2975712036562216,0.3197722685580086,0.3283562589695209,0.296754028754125,0.2913967582991818,0.2785253257194188
0.0,0.0,0.2970720848830737,0.0,0.0,0.2875369021589405,0.0,0.2837835563545064,0.2899693709087928,0.0,0.0,0.0,0.2507492909913276,0.0,0.0,0.3051525135223663,0.0,0.2593847303803874,0.0,0.2366934740754235,0.2488436847651722,0.0,0.2821402597425023,0.0,0.0,0.0,0.280430606794712,0.2161812038357138,0.2315368682902514,0.0,0.1990137240028311,0.2862476140397275,0.2362259475024852,0.2467886022192716,0.2344439757149051,0.0,0.0,0.0,0.0,0.0,0.0,0.0,0.0,0.0,0.0,0.0,0.0,0.0,0.0,0.0,0.2949182502765197,0.0,0.0,0.0,0.0,0.0,0.0,0.0,0.0,0.0,0.0,0.0,0.0,0.0,0.0,0.0,0.0,0.3379874427123175,0.0,0.0,0.0,0.3230900175215156,0.0,0.2729189525324451,0.0,0.0
0.2308822101489229,0.252786490213908,0.3257655381273483,0.2107537292554665,0.3025621571481732,0.2983474248348921,0.2954925946731964,0.3129710249509238,0.3216967701268317,0.2375662257125091,0.325900117466587,0.2383629348357092,0.2873108106995916,0.0,0.267375266793368,0.2407107002604127,0.2394037928725763,0.2525350450214175,0.3393468364637362,0.2554341652233125,0.2571215056609125,0.2602620435403473,0.2995670037344023,0.2429535892815646,0.2623952129477749,0.2574872032419679,0.2826829505868048,0.2560858470998598,0.2570764531632656,0.1990137240028311,0.0,0.2608270659285828,0.2305483913442066,0.1943643461533311,0.1651890011559037,0.3031552734563194,0.2364005811360871,0.1971485376270946,0.2203231960585997,0.2311238517416828,0.1866890361554853,0.0,0.0,0.0,0.0,0.2470095255495462,0.2998168845601428,0.0,0.0,0.0,0.3306497749876213,0.0,0.3538743234032955,0.0,0.3236325274408489,0.0,0.3187277563951085,0.0,0.0,0.309587488689164,0.2924554656201606,0.309054084317288,0.2812802996569506,0.0,0.3055286973387249,0.3068395424105307,0.311216174018417,0.3481796385027595,0.3246784861553577,0.2902760944175819,0.3034331723690607,0.339111817311989,0.1863801474524835,0.2979545702273121,0.0,0.2666233580464878
0.2618835030455046,0.2788550630361381,0.3003043783273581,0.1948104893338985,0.2370475678336897,0.2823075884288972,0.2774570121594999,0.2673699637164978,0.299745297374923,0.2161184105534344,0.2483180541576913,0.1692045412678456,0.2854209159961617,0.1902222230649876,0.2739228393706924,0.2946260998407844,0.2765058289413774,0.2814464171041113,0.3021974694420158,0.2910610475326912,0.2689362841443045,0.292080613364977,0.2836752904288417,0.2153679611908247,0.2659712791824027,0.2742363094335365,0.2840185327811084,0.2858960196339687,0.2881915591439875,0.2862476140397275,0.2608270659285828,0.0,0.2397909313907845,0.2606481854175754,0.2644606724798944,0.1804220249767709,0.2147337503261223,0.1810934599076036,0.1752330525862936,0.1993769924165807,0.2226572680433128,0.2263027058446861,0.2131897669058457,0.2044981611199111,0.1902495484777081,0.2788178175822857,0.305636483975759,0.3154269745410352,0.0,0.0,0.3337861131099178,0.2434789788871238,0.3259936742585199,0.310952567568338,0.2026726644751494,0.2569268690434139,0.1931854378095463,0.2458708490697277,0.0,0.3080418742262277,0.2819488967552424,0.2606831068896332,0.2811907328779314,0.3071265819622878,0.3012361819312076,0.2948105559568112,0.3112072135116565,0.342389005334721,0.1644408599288842,0.2716061901962842,0.2991579956167247,0.3320558573978344,0.2217847417106055,0.3172324996713573,0.3290409615134901,0.2321916635381361
0.2112722178566383,0.2591875014097801,0.0,0.0,0.2534707772071157,0.2720109548553357,0.2649062563752096,0.2842542653057766,0.2748750735880405,0.2354727892682847,0.3034009514881701,0.2355048377568432,0.2871226294098615,0.0,0.2590607843934258,0.2579517790781075,0.2529073075587849,0.2581876583920811,0.0,0.26990083138743,0.246268875363773,0.2670308669207862,0.2526007385823281,0.1978877655364003,0.2378165429232138,0.2464234550583622,0.2607918709227153,0.2722710136029724,0.2693152518415937,0.2362259475024852,0.2305483913442066,0.2397909313907845,0.0,0.1880555141568863,0.2551228042184508,0.2920614092039037,0.1994900147773549,0.1302941759115257,0.2094694164006918,0.1460549592099384,0.2136810273919875,0.2385412608265519,0.0,0.0,0.1679925124987004,0.2777155299292358,0.3028832151568675,0.0,0.0,0.0,0.0,0.0,0.0,0.0,0.2411163334544607,0.0,0.2591147781804782,0.0,0.0,0.3129897166831982,0.298977301703926,0.2326965354917992,0.2623229890306242,0.0,0.2999408142250671,0.2728771239894062,0.3141724020686123,0.3217227506652256,0.2315319208583733,0.2604177616349732,0.2678042384332574,0.0,0.2270019444935933,0.0,0.0,0.2119892003967091
0.2185249489792478,0.2586881596865133,0.3206273408965093,0.2142567891755204,0.2963193010132585,0.2989592755238228,0.2949189867372326,0.3110662738780342,0.3163341165426235,0.2229710689539938,0.3250394892847758,0.1851658997764569,0.2932030669715834,0.0,0.2745758090332257,0.2617928879375577,0.2573319099044069,0.2720373623900722,0.3485612635883024,0.2824798268560425,0.2554835023127876,0.275562323526547,0.3019119964981484,0.1831833225637977,0.2549448465528615,0.2570123658200522,0.2894307772489183,0.2691198747676684,0.2843517862722924,0.2467886022192716,0.1943643461533311,0.2606481854175754,0.1880555141568863,0.0,0.2194388552692198,0.2811993085121256,0.2203711093313252,0.1522258349898686,0.2223298074972348,0.164776511367474,0.183734980965037,0.232346803963316,0.1992961702221627,0.195767724092236,0.1707394955896728,0.2677201121548597,0.3060256834237869,0.0,0.0,0.0,0.2989771982688199,0.0,0.3414968767671414,0.0,0.2231181197352745,0.0,0.2243641696069005,0.1604436887836308,0.0,0.3131486660370383,0.2968874040695172,0.218244544753954,0.277811865439004,0.0,0.3121728586421112,0.2650109248956174,0.314197993110497,0.3336066914402766,0.1913736077323308,0.2778016277701571,0.2944731008691805,0.3183699015606775,0.1735523421753222,0.3141102621532002,0.0,0.1550562100849526
0.2473073194473024,0.286152505218995,0.317500184508121,0.1793510486931194,0.248202922205497,0.3032289334367959,0.2907176744817482,0.2954280210393473,0.3160257870733428,0.2098577031818101,0.3154378828915886,0.1823333464755028,0.2842028612831004,0.0,0.2921977402383109,0.2893902685349075,0.2524820299582014,0.270775094171905,0.3208609806200669,0.3048901073145068,0.2819533211726115,0.3028523896150749,0.3007742541631558,0.2047073085444884,0.2618801395995242,0.2776779603152678,0.2984668799173304,0.2577396225076016,0.3077041290065121,0.2344439757149051,0.1651890011559037,0.2644606724798944,0.2551228042184508,0.2194388552692198,0.0,0.2698014300507237,0.2231701168116682,0.1761119993076993,0.2271742555662083,0.2058406650921777,0.2094045245260189,0.2480033386529408,0.212621247457814,0.2082275045299086,0.2117999796129034,0.3250879579239183,0.3214708764005642,0.0,0.0,0.0,0.0,0.0,0.0,0.0,0.1961630316528138,0.0,0.2106853798583078,0.0,0.0,0.325901549906298,0.3063072981017304,0.0,0.2734561690874426,0.0,0.3123768072871903,0.3311003704737122,0.3293077529610304,0.2968622503449329,0.0,0.2767334638606416,0.3103497421355245,0.28107404235307,0.1912595176165963,0.0,0.0,0.0
0.0,0.0,0.2709120791881072,0.1373437674029534,0.1504653154956227,0.2941044676452771,0.2113250823087176,0.1999427476903735,0.2938231715568879,0.2326825813695563,0.2076902813867474,0.2435779575247292,0.2439811687079074,0.1656526108714966,0.3334831864684565,0.0,0.0,0.0,0.2751754401955219,0.3296156871597387,0.0,0.3354504414818321,0.2660253179707211,0.2588660286891849,0.0,0.2534540795730707,0.293891141759357,0.2045612566141602,0.3287895949703658,0.0,0.3031552734563194,0.1804220249767709,0.2920614092039037,0.2811993085121256,0.2698014300507237,0.0,0.1600383351550011,0.2310621806956162,0.2023469504007649,0.0,0.2156574076919005,0.2324015105368643,0.2243792568946579,0.2108141180032139,0.0,0.0,0.0,0.3109965696294599,0.0,0.312374920598767,0.3029307177589291,0.2835187827760729,0.295263115519303,0.3140639372501306,0.0,0.2999869564873134,0.0,0.2697014787653231,0.2528919669183724,0.0,0.0,0.0,0.0,0.2986769165608306,0.0,0.0,0.0,0.3229102330171474,0.0,0.0,0.0,0.3096038225822374,0.2178988117442054,0.2738513486212562,0.0,0.0
0.0,0.0,0.3094108428631842,0.1360732157855618,0.1394562412722451,0.3026191923081062,0.19627356083877,0.2743567683686173,0.3212828564053829,0.1969847276315154,0.2939759491763112,0.2131427554695893,0.2460063153513765,0.1271544657523653,0.0,0.0,0.0,0.0,0.3154351878216048,0.3027191513908294,0.0,0.3377400688940193,0.3027201682801713,0.2206944150997852,0.0,0.0,0.3034412131399391,0.1999267772682534,0.2888597308989678,0.0,0.2364005811360871,0.2147337503261223,0.1994900147773549,0.2203711093313252,0.2231701168116682,0.1600383351550011,0.0,0.2078749664216149,0.1888604439329352,0.0,0.2105143511213277,0.2103647448539321,0.1901606763171126,0.1918150100005603,0.0,0.0,0.0,0.0,0.0,0.0,0.0,0.0,0.0,0.0,0.0,0.0,0.0,0.0,0.0,0.0,0.0,0.0,0.0,0.0,0.0,0.0,0.0,0.0,0.0,0.0,0.0,0.0,0.0,0.0,0.0,0.0
0.0,0.0,0.0,0.0,0.2458622818655295,0.2515729995644937,0.2622785403125935,0.0,0.2923727458422778,0.2091056526651723,0.2923202196617845,0.1819319591140665,0.2823407421667585,0.0,0.0,0.0,0.2295356770685682,0.0,0.2842873152211544,0.0,0.0,0.0,0.2500483103313596,0.167217023592074,0.2428744824599953,0.2500895486507531,0.0,0.2481073920486539,0.0,0.0,0.1971485376270946,0.1810934599076036,0.1302941759115257,0.1522258349898686,0.1761119993076993,0.2310621806956162,0.2078749664216149,0.0,0.161923409736191,0.1448013124365568,0.1693452510660918,0.1779337449143433,0.0,0.0,0.1730100698629478,0.0,0.0,0.0,0.0,0.0,0.0,0.0,0.0,0.0,0.2348156588361235,0.0,0.244227003540362,0.0,0.0,0.0,0.0,0.0,0.0,0.0,0.0,0.0,0.0,0.0,0.2382010270368579,0.2214037326201239,0.2419357642038315,0.0,0.0,0.0,0.0,0.2257748444879995
0.2604945753170605,0.3039975517491671,0.2836762335877147,0.0,0.2648500525759837,0.3119273289927333,0.0,0.3186290754511264,0.2958192427234212,0.1757664355994663,0.2711318095974807,0.1729375695769336,0.2563913311606584,0.0,0.2912321029833411,0.2871084260108825,0.2783648469483481,0.2809355140855166,0.291760510454853,0.2820437066487187,0.2895597905991195,0.2929832841219757,0.3198331302690549,0.2058008141751686,0.2899777637141815,0.2853283351571329,0.2978518885911995,0.2584145238544948,0.2762732467150962,0.0,0.2203231960585997,0.1752330525862936,0.2094694164006918,0.2223298074972348,0.2271742555662083,0.2023469504007649,0.1888604439329352,0.161923409736191,0.0,0.2235543723073018,0.2514674768037928,0.2521163042672365,0.2020666990359748,0.2220233853461681,0.1769001194822787,0.2704861272743333,0.270759827212638,0.2924617151381263,0.1819801419843675,0.2072012180417749,0.2877705161448968,0.2838879273907343,0.2689904032492889,0.300858355265307,0.2227539147897659,0.2536670928199678,0.1870504514967124,0.280494838218431,0.186631235320774,0.2806655722717071,0.2880466853869229,0.2893458158245167,0.2893414238793131,0.2813262442299641,0.2866983309275716,0.2639672782030214,0.2897781613545919,0.2857821678224912,0.1875140851057963,0.2751776303723207,0.2714104771148146,0.2881773880054926,0.2619016672079914,0.2940568120327479,0.2766527844795262,0.2456012441105511
0.2698312194103113,0.3034957738934384,0.0,0.0,0.0,0.0,0.0,0.0,0.0,0.2446680307081208,0.0,0.2368769760915801,0.0,0.0,0.3168346240090279,0.2897136262927126,0.2406853678897118,0.2777414924657038,0.0,0.2967096230401158,0.2869247809090443,0.3162656859940989,0.0,0.2209003094800142,0.2820955049587072,0.2942136023143263,0.2984804463400367,0.0,0.0,0.0,0.2311238517416828,0.1993769924165807,0.1460549592099384,0.164776511367474,0.2058406650921777,0.0,0.0,0.1448013124365568,0.2235543723073018,0.0,0.1928876362550832,0.2581111950581918,0.3097009562920571,0.179411141129767,0.1341192432105201,0.2319631622412706,0.247737264415042,0.0,0.0,0.0,0.2895977808742722,0.2880549508888796,0.2785805325801068,0.3003694271747107,0.2165546403924508,0.2992608478753921,0.1788189420832211,0.3045374980157359,0.0,0.2672634584261173,0.2598516107709148,0.2564150312664018,0.2414228507465621,0.0,0.2744637099577308,0.2372239441841553,0.275524648358203,0.2698428325437865,0.1927339342629124,0.2203821832781813,0.2281496080273538,0.2867932576889092,0.2417789680169144,0.2696611164897348,0.0,0.2296372368004244
