0.0,0.3492082547471574,0.0,0.0,0.0,0.3519730161941861,0.0,0.4127154421310795,0.0,0.0,0.0,0.3767432745614887,0.3133943143349388,0.0,0.3535877197808703,0.3374028035330816,0.3913534349650694,0.3630619617940808,0.0,0.3827753823269511,0.3492760593118743,0.3477305502300811,0.3977607460317433,0.3153617880728202,0.3480441225790767,0.3284844408663603,0.4153903763525127,0.3524634664286439,0.3577260857042663,0.0,0.3048442937111632,0.3482997160686487,0.2726407261525033,0.269026985313386,0.314945810167207,0.0,0.0,0.3293320829009612,0.4019682827745535,0.3698356241613025,0.3924510534119845,0.0,0.0,0.0,0.0,0.2983283395267621,0.4281847663227936,0.0,0.0,0.0,0.0,0.0,0.0,0.0,0.0,0.0,0.0,0.0,0.0,0.0,0.4191478284670336,0.0,0.4319004596653331,0.0,0.0,0.3306964007058265,0.4110206037147657,0.0,0.0,0.4070895084525938,0.4046796097041963,0.0,0.0,0.0,0.0,0.3519278177862602
0.3492082547471574,0.0,0.0,0.0,0.0,0.3845604765278895,0.4202692096919158,0.0,0.396010831460014,0.0,0.0,0.0,0.4001663172569514,0.0,0.3707345759793742,0.3776267682119684,0.385591911080537,0.3757562828227309,0.0,0.3785793492948345,0.3884230830375988,0.3632395015068115,0.3859024829789586,0.0,0.3547827538278625,0.3677955432043119,0.3904572079835364,0.3871276707946934,0.3747124715479349,0.0,0.3121906917509828,0.3655607037459184,0.3114795009140561,0.3119582711198,0.3616898552333023,0.0,0.0,0.0,0.422806552350628,0.4116049262807885,0.4144518807275026,0.4293387428000075,0.0,0.0,0.0,0.3837787157184427,0.4390794242459009,0.0,0.0,0.0,0.3719208677791816,0.0,0.0,0.0,0.0,0.0,0.0,0.0,0.0,0.4444160686080134,0.426092462596831,0.0,0.4192630118846797,0.0,0.406214512128843,0.4235590099207244,0.4379808948841551,0.4055244874083,0.0,0.4171798325321205,0.4382210079916878,0.390114243370129,0.0,0.3998050341942378,0.0,0.396595661104011
0.0,0.0,0.0,0.3073813793801642,0.3651007706541592,0.310942416497278,0.4160985858848918,0.446790675798394,0.2886817353032627,0.3430688551458614,0.2973755482857257,0.2705803706548747,0.411468316209788,0.3933556045629551,0.0,0.0,0.0,0.0,0.2704364608359595,0.0,0.0,0.0,0.299210747937544,0.0,0.0,0.0,0.2962162127559751,0.4202321455849926,0.0,0.0,0.4192946152119349,0.3786907976311692,0.2753536873444048,0.4080196801978888,0.3902391186219618,0.373962168411288,0.3691891904651209,0.0,0.4781971000277492,0.0,0.0,0.0,0.4888569405950912,0.0,0.0,0.0,0.0,0.3589348051746076,0.0,0.4689173691581553,0.5039711010326349,0.5955437039971822,0.5310230099437376,0.3647363281453272,0.0,0.3181181492631054,0.0,0.4314827950635754,0.4888008230456886,0.0,0.0,0.0,0.0,0.2182631098910944,0.0,0.0,0.0,0.4356415728478677,0.0,0.0,0.0,0.391887579363216,0.3664689962032247,0.0,0.0,0.0
0.0,0.0,0.3073813793801642,0.0,0.1807375626641627,0.3737352483797113,0.217566088501901,0.2781480169971506,0.3833671865723029,0.1851560657405994,0.3276611579359552,0.2387569735879414,0.2837568782461656,0.2135573028208946,0.0,0.0,0.0,0.0,0.3472834129392598,0.3531520404653838,0.0,0.0,0.3488516723828428,0.0,0.0,0.0,0.3626931669926424,0.1913569542085407,0.0,0.0,0.0,0.2993623815374715,0.0,0.3357139031427922,0.2838483328547443,0.1631802152976417,0.1589645738789417,0.2361792487052396,0.0,0.0,0.0,0.0,0.0,0.0,0.0,0.0,0.0,0.0,0.0,0.0,0.0,0.0,0.0,0.0,0.0,0.0,0.0,0.0,0.0,0.0,0.0,0.0,0.0,0.0,0.0,0.0,0.0,0.0,0.0,0.0,0.0,0.0,0.0,0.0,0.0,0.0
0.0,0.0,0.3651007706541592,0.1807375626641627,0.0,0.3814760228063269,0.3455088068498483,0.3599931865873407,0.3168938411861959,0.3781636374565674,0.3042456106274288,0.3391147129541149,0.3762137813904136,0.2310633054761987,0.0,0.4050958815912588,0.0,0.0,0.3537732644577546,0.0,0.0,0.0,0.3982958735727211,0.0,0.3646833613144728,0.0,0.3696960561697757,0.3335590522347849,0.0,0.0,0.4199141488078369,0.3153894505640269,0.0,0.4051282305121163,0.3844609828081198,0.1992686580673687,0.1703408394676028,0.3353861620558723,0.0,0.0,0.0,0.0,0.4057304931299787,0.0,0.0,0.0,0.0,0.4637241297267322,0.0,0.3580368872138192,0.4523294687126152,0.0,0.0,0.3982361987005922,0.0,0.4146579012919781,0.0,0.0,0.0,0.0,0.0,0.0,0.0,0.4341637453132733,0.0,0.0,0.0,0.4966390344733574,0.0,0.0,0.0,0.4941143048030127,0.0,0.0,0.0,0.0
0.3519730161941861,0.3845604765278895,0.310942416497278,0.3737352483797113,0.3814760228063269,0.0,0.3996334530755056,0.4278122427182832,0.3166258309606104,0.3892214403175241,0.366012663767463,0.329464687230305,0.3751077171434378,0.425214644943639,0.4065563474988804,0.4217152755015204,0.2536325493939343,0.4089343678919951,0.3386208902221581,0.3889140914674884,0.4269147714630809,0.4008035906294439,0.3872319365856057,0.0,0.378535731572842,0.3841219136992506,0.3411328618265727,0.3739159650200834,0.338498398589606,0.3936290794171423,0.3947913988227739,0.3835712088619531,0.3319876284732747,0.395488767439386,0.3977381775474352,0.4114260690048982,0.3968701946662223,0.3291624874719734,0.4702328164362851,0.0,0.5095634107077495,0.4433346763876768,0.5219628666330844,0.0,0.0,0.0,0.3309269314692978,0.5326870843170863,0.0,0.4590313553453817,0.5016476339099668,0.5962811295956276,0.4944048539630626,0.5130691538307414,0.0,0.5187481757755494,0.0,0.5455488053076817,0.0,0.4249580532938058,0.0,0.0,0.0,0.5294222276732719,0.475237123406236,0.3989953968707868,0.5114639230978036,0.5206986018305226,0.0,0.0,0.3866197469596265,0.5143114213858403,0.5010969925415064,0.4883585528690959,0.4375299136841971,0.4903080127001059
0.0,0.4202692096919158,0.4160985858848918,0.217566088501901,0.3455088068498483,0.3996334530755056,0.0,0.4128742053892902,0.3880148690184868,0.3756708543454273,0.4123989019197527,0.3332581103338353,0.3437249116804192,0.2729333945278911,0.0,0.4691823013685916,0.3692930008565521,0.4243865615855742,0.4226882602304801,0.406632012637143,0.0,0.4348964212532276,0.4148338990839399,0.3588187558797436,0.4327343195864269,0.3826250912186086,0.4131127936404958,0.3630856636990264,0.4151482785267756,0.0,0.4015271363832459,0.3694395085000157,0.3379841120087373,0.3787202474329073,0.3476330211019493,0.2838558109785537,0.2335296672713974,0.3302124001733535,0.2975415735020776,0.0,0.3480056037226475,0.0,0.3723119413381542,0.0,0.0,0.0,0.0,0.4478189526671139,0.0,0.0,0.4791981142923727,0.0,0.4198624181619453,0.3937139938677842,0.0,0.3385490369833586,0.0,0.0,0.0,0.0,0.0,0.0,0.0,0.3566130993585589,0.0,0.0,0.0,0.4993115449538071,0.0,0.0,0.0,0.5227283183256825,0.0,0.0,0.0,0.0
0.4127154421310795,0.0,0.446790675798394,0.2781480169971506,0.3599931865873407,0.4278122427182832,0.4128742053892902,0.0,0.4484842983762755,0.3372091632654889,0.3228090278996118,0.3515036177130771,0.4110244391363422,0.3243224515853504,0.0,0.3859935398319844,0.0,0.3972796590306267,0.3998555712773564,0.3524872025408521,0.3590549281020976,0.3683759882179718,0.3416593328680014,0.4376545376143548,0.4133809083585831,0.4198655474684853,0.4355585153343427,0.3980232753414346,0.3795507029860922,0.3652580089383427,0.398349640638568,0.3468017818528145,0.3372546143130283,0.3957409623495245,0.3906696612556191,0.2616844023778456,0.3656948165267939,0.0,0.4386893519407253,0.0,0.4588679747428151,0.0,0.423820822765067,0.0,0.0,0.0,0.0,0.506738177633375,0.0,0.4630996301951018,0.4674570686065651,0.4606627061515311,0.408555116682042,0.4944010309432257,0.0,0.4437023502755484,0.0,0.4563631426478388,0.4465669190773346,0.4322981970696173,0.0,0.0,0.0,0.4852515421319928,0.4549495980018641,0.4356093287883902,0.0,0.487820474896491,0.0,0.0,0.0,0.4944169525382877,0.4590404223203886,0.4517649779669621,0.0,0.4531279861788228
0.0,0.396010831460014,0.2886817353032627,0.3833671865723029,0.3168938411861959,0.3166258309606104,0.3880148690184868,0.4484842983762755,0.0,0.4347203835449011,0.2848486370634472,0.3608334689992372,0.3792011042990422,0.3717859380296961,0.0,0.3996145026245842,0.0,0.2596844195653384,0.2832130521255797,0.4030301598384294,0.0,0.4106436993854001,0.3845120198681668,0.3137727269742201,0.3366599041073949,0.3163595737397057,0.3013047934448142,0.4208964411902268,0.3891923938032712,0.3955095022908628,0.4265676764950201,0.39007203935245,0.3391126382189234,0.4149830895694165,0.4106485961371831,0.3925193014832262,0.3966543466904143,0.3833587211354122,0.3787802573190866,0.0,0.2339275940919522,0.0,0.4725524076738656,0.0,0.0,0.0,0.0,0.4838776156709538,0.0,0.4331874096496886,0.5058973139351688,0.4854971983610804,0.4940201246332644,0.5052830493306724,0.0,0.4961288193212735,0.0,0.4175550384821624,0.4791874767793006,0.0,0.0,0.0,0.0,0.5241791956144772,0.0,0.0,0.0,0.5167638897544524,0.0,0.0,0.0,0.5135582670583256,0.3783872286196309,0.0,0.0,0.0
0.0,0.0,0.3430688551458614,0.1851560657405994,0.3781636374565674,0.3892214403175241,0.3756708543454273,0.3372091632654889,0.4347203835449011,0.0,0.3905304286806197,0.2678671037299826,0.3740746368599841,0.0,0.0,0.3987139867398197,0.3172301295661021,0.3593576682821322,0.386429751885553,0.2628519170002249,0.0,0.2738181251239562,0.0,0.2791845249271585,0.2955237364810775,0.2789296337127773,0.3358698057689173,0.3643789964198525,0.2880785130718012,0.0,0.3246925382253469,0.3147808536661161,0.3059957995303741,0.2948728756114864,0.3095905617619625,0.3083995886456291,0.2484856824553903,0.251331885717569,0.2556048832477893,0.3462505531577787,0.3140944005819773,0.0,0.0,0.0,0.3410020105597505,0.0,0.0,0.0,0.0,0.0,0.0,0.0,0.0,0.0,0.4118123338795136,0.0,0.4193841063497216,0.3345198950240498,0.0,0.0,0.0,0.4318465693047123,0.4020172626556914,0.0,0.0,0.0,0.0,0.0,0.3793989645129938,0.4221173651050116,0.4278383481194512,0.0,0.3708296026839985,0.0,0.0,0.369642599291589
0.0,0.0,0.2973755482857257,0.3276611579359552,0.3042456106274288,0.366012663767463,0.4123989019197527,0.3228090278996118,0.2848486370634472,0.3905304286806197,0.0,0.3499467270276332,0.4126847013543654,0.2924466025934595,0.0,0.0,0.3169254805366929,0.0,0.2530824663920448,0.0,0.0,0.0,0.3027933846722307,0.3438075036337002,0.0,0.2604475831362731,0.3267685987009975,0.4150223458063297,0.0,0.0,0.4257872740695398,0.3674081822050061,0.334923968623432,0.4080026290421192,0.3942180809129113,0.3129867820670762,0.3413099690205039,0.3613459595050685,0.3801518290780873,0.0,0.0,0.0,0.4174653846895473,0.0,0.0,0.0,0.0,0.478229693833353,0.0,0.4419634093137503,0.4589341603946045,0.4024645221787398,0.4511339079870345,0.4562342163037389,0.0,0.3695811812900278,0.0,0.3966052880384068,0.4413697047935171,0.0,0.0,0.0,0.0,0.2828292594199162,0.0,0.0,0.0,0.4919831368729112,0.0,0.0,0.0,0.4917119561655342,0.3561504409700422,0.0,0.0,0.0
0.3767432745614887,0.0,0.2705803706548747,0.2387569735879414,0.3391147129541149,0.329464687230305,0.3332581103338353,0.3515036177130771,0.3608334689992372,0.2678671037299826,0.3499467270276332,0.0,0.3306365787724472,0.0,0.0,0.0,0.3646433673219192,0.4140547982015956,0.2926381626867672,0.0,0.0,0.0,0.0,0.2373693116217409,0.2923641025107493,0.2644484896727047,0.2977456913385561,0.3217923186505199,0.0,0.0,0.3258102537484633,0.2233985716599929,0.2411453291907749,0.2249806052770818,0.2670588931714576,0.3023433011398721,0.2915760488202252,0.1884072044408446,0.245971318123751,0.3512801712373296,0.2853551294500753,0.2612703739072424,0.2347456345338853,0.0,0.3313870085278453,0.0,0.0,0.0,0.0,0.0,0.0,0.0,0.0,0.0,0.4151045843431663,0.0,0.3453283028297569,0.2439682276664351,0.0,0.0,0.0,0.4093403034778959,0.4067094266734972,0.0,0.0,0.0,0.0,0.0,0.398839757898124,0.4244638612745709,0.4348658218746601,0.0,0.3569693664051361,0.0,0.0,0.3594990824129374
0.3133943143349388,0.4001663172569514,0.411468316209788,0.2837568782461656,0.3762137813904136,0.3751077171434378,0.3437249116804192,0.4110244391363422,0.3792011042990422,0.3740746368599841,0.4126847013543654,0.3306365787724472,0.0,0.332602321632141,0.0,0.4416031698454548,0.3704357293873185,0.427258328444928,0.414916601900634,0.4040552283530362,0.4129718322978256,0.4315124167486343,0.409003563550658,0.3486131089500102,0.4084664097859522,0.3817737840103673,0.4062523678473403,0.3111970468629718,0.3690693921603952,0.3877567788228077,0.3711615501445103,0.3677951701582799,0.3574512582327428,0.3599007039226755,0.3486929847002873,0.3335367482040588,0.3212753245119297,0.3217411196105754,0.4673780837193052,0.295297267003337,0.2758985307796122,0.2624535020962731,0.3482337898790637,0.0,0.0,0.0,0.0,0.4582359964908855,0.0,0.0,0.5204759949469203,0.3672432192566146,0.4486163194930907,0.0,0.0,0.3506327661081635,0.0,0.0,0.0,0.3433040429351785,0.0,0.0,0.0,0.0,0.3881517566004677,0.0,0.2664417750619995,0.4921577342187889,0.0,0.2745464170650891,0.2897915456343212,0.503712668148995,0.0,0.4703221431683709,0.0,0.0
0.0,0.0,0.3933556045629551,0.2135573028208946,0.2310633054761987,0.425214644943639,0.2729333945278911,0.3243224515853504,0.3717859380296961,0.0,0.2924466025934595,0.0,0.332602321632141,0.0,0.0,0.0,0.0,0.0,0.3387907442312494,0.0,0.3742731416590696,0.0,0.339595269349565,0.0,0.0,0.0,0.3862802399214264,0.2199146307041176,0.0,0.0,0.4022974165830235,0.2223057250092185,0.0,0.3619922222659311,0.0,0.1925806580393108,0.164566234075305,0.0,0.0,0.0,0.0,0.0,0.4060217388546695,0.0,0.0,0.0,0.0,0.4433910086756754,0.0,0.0,0.0,0.0,0.0,0.0,0.0,0.4092959903912703,0.0,0.0,0.0,0.0,0.0,0.0,0.0,0.0,0.0,0.0,0.0,0.4437361420336496,0.0,0.0,0.0,0.4361383406583088,0.0,0.0,0.0,0.0
0.3535877197808703,0.3707345759793742,0.0,0.0,0.0,0.4065563474988804,0.0,0.0,0.0,0.0,0.0,0.0,0.0,0.0,0.0,0.3750824172187275,0.0,0.3561636619402166,0.0,0.3387177701573292,0.3507231756941171,0.338480475684429,0.3625792073769883,0.3965412337351371,0.3529448946451227,0.305236278035538,0.3968092588509889,0.364476008520841,0.3621355685792204,0.0,0.3466146289729513,0.3586409438109451,0.3458955200709366,0.3526693657942719,0.379888230200351,0.4186359391567073,0.0,0.0,0.4303680397349461,0.445953774011856,0.4316173776512732,0.4620771108347949,0.0,0.0,0.0,0.0,0.4617326378747931,0.0,0.0,0.0,0.4144684410043007,0.0,0.0,0.0,0.0,0.0,0.0,0.35053364943519,0.0,0.447604735735345,0.4383584651115754,0.0,0.0,0.0,0.4224994194755196,0.4133177634438021,0.4557326794879925,0.4418285994660458,0.0,0.3158537133853357,0.4858883200371294,0.4444385908635911,0.3711868980060588,0.4178526170576954,0.0,0.3810695689463462
0.3374028035330816,0.3776267682119684,0.0,0.0,0.4050958815912588,0.4217152755015204,0.4691823013685916,0.3859935398319844,0.3996145026245842,0.3987139867398197,0.0,0.0,0.4416031698454548,0.0,0.3750824172187275,0.0,0.3917965934587682,0.387194217867244,0.0,0.3975191585213833,0.3836994037749759,0.3373048243214769,0.3799863963884111,0.3418923636167044,0.3889714733373096,0.3647281587636088,0.4066938521269084,0.4387800879501269,0.4279010168424768,0.3694130743662465,0.3439284808947253,0.4004265495128182,0.3378717161064982,0.3613954638904351,0.396478081027715,0.0,0.0,0.0,0.4152654543062239,0.4016161105158411,0.410785034930073,0.4193991245017136,0.0,0.0,0.0,0.3940385509416439,0.432974176248917,0.0,0.0,0.0,0.0,0.0,0.0,0.0,0.0,0.0,0.0,0.0,0.0,0.4228895510822599,0.4166403164025916,0.0,0.4316972811997921,0.0,0.382008462027451,0.4133820363774078,0.4331450001126004,0.3172281272391786,0.0,0.4097211979962664,0.4298596643131435,0.3408480382039318,0.0,0.3414746453667129,0.0,0.3891170068843774
0.3913534349650694,0.385591911080537,0.0,0.0,0.0,0.2536325493939343,0.3692930008565521,0.0,0.0,0.3172301295661021,0.3169254805366929,0.3646433673219192,0.3704357293873185,0.0,0.0,0.3917965934587682,0.0,0.3256721144018372,0.0,0.2991469904310764,0.0,0.3320288313163859,0.0,0.3570528736994763,0.344684351933665,0.356725330346267,0.0,0.36523083568432,0.3170327173078859,0.0,0.3454769974930392,0.3858173709423668,0.3470712410949334,0.3445434898596426,0.3615672286975606,0.0,0.0,0.314273788193282,0.0,0.3841828710168118,0.0,0.0,0.0,0.0,0.0,0.0,0.0,0.0,0.0,0.0,0.0,0.0,0.0,0.0,0.4436582807372869,0.0,0.4498752812441354,0.0,0.0,0.0,0.0,0.4280134059930586,0.4147646587451175,0.0,0.0,0.0,0.0,0.0,0.4330540960748759,0.412509605223511,0.4296591762484416,0.0,0.0,0.0,0.0,0.0
0.3630619617940808,0.3757562828227309,0.0,0.0,0.0,0.4089343678919951,0.4243865615855742,0.3972796590306267,0.2596844195653384,0.3593576682821322,0.0,0.4140547982015956,0.427258328444928,0.0,0.3561636619402166,0.387194217867244,0.3256721144018372,0.0,0.0,0.3836750280752892,0.3760510371719568,0.3779314355264309,0.3865609649098237,0.3480027067020843,0.3520819319269024,0.3585586462582851,0.3992161391659024,0.4136729810302898,0.416783869110101,0.3386337938641606,0.3564676788146261,0.3745319643629829,0.3372057711852881,0.3581778434836387,0.3691509967821309,0.0,0.0,0.0,0.408642144427963,0.3880697881809731,0.4002581406533593,0.4136289718739849,0.0,0.0,0.0,0.4119992587691786,0.4227625658584998,0.0,0.0,0.0,0.0,0.0,0.0,0.0,0.4396074669573798,0.0,0.4830136972357758,0.0,0.0,0.0,0.4169039341269193,0.4494588096132847,0.4189360783235527,0.0,0.0,0.0,0.4107546972842621,0.0,0.4844079532653035,0.4219558017880999,0.4376786969382885,0.0,0.0,0.0,0.0,0.4088271580815092
0.0,0.0,0.2704364608359595,0.3472834129392598,0.3537732644577546,0.3386208902221581,0.4226882602304801,0.3998555712773564,0.2832130521255797,0.386429751885553,0.2530824663920448,0.2926381626867672,0.414916601900634,0.3387907442312494,0.0,0.0,0.0,0.0,0.0,0.0,0.0,0.0,0.3167941051675321,0.0,0.0,0.0,0.307759285056929,0.4150237560471233,0.0,0.0,0.4149850027543206,0.3721452432488283,0.0,0.3938018341218484,0.382855714541739,0.3576057057954589,0.3795404247351521,0.3255012647906611,0.3808898034375818,0.0,0.0,0.0,0.4595893949680585,0.0,0.0,0.0,0.0,0.5106935313730672,0.0,0.4316349043158756,0.5089971431611019,0.4304512643366362,0.5094035804833881,0.5008302892584151,0.0,0.4870248452800654,0.0,0.3930894536474286,0.4637856770124607,0.0,0.0,0.0,0.0,0.4995706097074959,0.0,0.0,0.0,0.5168623666089174,0.0,0.0,0.0,0.5253960693969901,0.0,0.0,0.0,0.0
0.3827753823269511,0.3785793492948345,0.0,0.3531520404653838,0.0,0.3889140914674884,0.406632012637143,0.3524872025408521,0.4030301598384294,0.2628519170002249,0.0,0.0,0.4040552283530362,0.0,0.3387177701573292,0.3975191585213833,0.2991469904310764,0.3836750280752892,0.0,0.0,0.3853104062281798,0.3309415243661484,0.2773501252748263,0.0,0.3735504079421004,0.3944128124926681,0.3416599853824105,0.3397084031394111,0.3079756586791174,0.3562446122616522,0.3378548563531304,0.3758170598753888,0.3305323834333337,0.3708249984545178,0.3845140052370656,0.3994790596501355,0.3514540129403894,0.0,0.4113717349732697,0.3908078480237379,0.4092520899825513,0.4102515545702523,0.3338796590742814,0.0,0.0,0.0,0.415164914242896,0.0,0.0,0.0,0.4295077453989283,0.0,0.0,0.0,0.0,0.0,0.0,0.3411548503828016,0.0,0.4265247699452651,0.2874449394782323,0.0,0.0,0.0,0.4238344385208781,0.4221583835471935,0.4304075586276897,0.4912820344085343,0.0,0.251644669585688,0.4426524141374192,0.4676345616982854,0.4624962883971117,0.4681053197526241,0.0,0.391357674010806
0.3492760593118743,0.3884230830375988,0.0,0.0,0.0,0.4269147714630809,0.0,0.3590549281020976,0.0,0.0,0.0,0.0,0.4129718322978256,0.3742731416590696,0.3507231756941171,0.3836994037749759,0.0,0.3760510371719568,0.0,0.3853104062281798,0.0,0.3921017683460815,0.3748686941539574,0.4191459920309144,0.3851029342837248,0.3689584873936307,0.4225293223744038,0.4038098128437928,0.3827723648647148,0.0,0.3373527848401534,0.3677153585106404,0.3232036282393223,0.3557859516475608,0.3817454319822601,0.0,0.0,0.0,0.4200518096589866,0.4441359251363718,0.4170946429539203,0.4532894327546411,0.0,0.0,0.0,0.3193778181204322,0.4452240239782074,0.0,0.0,0.0,0.4269542515992369,0.0,0.3220646412544126,0.0,0.0,0.0,0.0,0.3656783128940563,0.0,0.4167173883669863,0.4364239364772427,0.0,0.0,0.0,0.4121557603838697,0.3468516384244295,0.4497160373541922,0.4559205691952963,0.0,0.3508623768164111,0.4515908035688431,0.4704009263095583,0.3969773685485439,0.434006100145471,0.0,0.4043487906078323
0.3477305502300811,0.3632395015068115,0.0,0.0,0.0,0.4008035906294439,0.4348964212532276,0.3683759882179718,0.4106436993854001,0.2738181251239562,0.0,0.0,0.4315124167486343,0.0,0.338480475684429,0.3373048243214769,0.3320288313163859,0.3779314355264309,0.0,0.3309415243661484,0.3921017683460815,0.0,0.3955135110184659,0.0,0.369603831853105,0.3582053422085725,0.3859667671353918,0.3923178069656658,0.3729100326037405,0.3610983492920913,0.3377556120301047,0.3830457014312731,0.3583511362004714,0.3626723586603423,0.3962797910109876,0.4216450548450952,0.3858394560714231,0.0,0.4266152989965632,0.4364445752282841,0.4317363302791379,0.4625241552887669,0.4247030647791692,0.0,0.0,0.3793282586737422,0.4448117891485433,0.0,0.0,0.0,0.3994715851440786,0.0,0.0,0.0,0.0,0.0,0.0,0.0,0.0,0.4592218872880148,0.4467525460212749,0.0,0.373082150118655,0.0,0.433711853180332,0.4333055739423831,0.4572566447801551,0.445655419000238,0.0,0.4141276204706035,0.4626284187789946,0.4387717143608738,0.312685598952472,0.413556817825996,0.0,0.4007052625151825
0.3977607460317433,0.3859024829789586,0.299210747937544,0.3488516723828428,0.3982958735727211,0.3872319365856057,0.4148338990839399,0.3416593328680014,0.3845120198681668,0.0,0.3027933846722307,0.0,0.409003563550658,0.339595269349565,0.3625792073769883,0.3799863963884111,0.0,0.3865609649098237,0.3167941051675321,0.2773501252748263,0.3748686941539574,0.3955135110184659,0.0,0.4218725862266074,0.3776053647490049,0.3994428353067315,0.3099880864785532,0.4017166969297498,0.3888796340190928,0.3837348432261096,0.3856490215736526,0.3711956175071527,0.344654800145123,0.3950086701542405,0.3781690644766709,0.365214539714484,0.3811555687336022,0.3319475935899665,0.4668235939551738,0.4567977044704147,0.4784576008026828,0.4897709463037697,0.4669989675997274,0.0,0.0,0.0,0.4105141025844123,0.5300818866102281,0.0,0.4908831197112053,0.4883403597997715,0.5011379439924489,0.4700702732282297,0.5051957761409731,0.0,0.5009238669130153,0.0,0.4806790551710354,0.4939169986628813,0.4411601491879167,0.0,0.0,0.0,0.5297198894568278,0.4571009073418063,0.4432586906901917,0.4407829259371709,0.5076961211688538,0.0,0.2545155953936227,0.4571895612989408,0.5064657409296764,0.4756045671170562,0.4778294533658573,0.4728472946320812,0.4754365754920855
0.3153617880728202,0.0,0.0,0.0,0.0,0.0,0.3588187558797436,0.4376545376143548,0.3137727269742201,0.2791845249271585,0.3438075036337002,0.2373693116217409,0.3486131089500102,0.0,0.3965412337351371,0.3418923636167044,0.3570528736994763,0.3480027067020843,0.0,0.0,0.4191459920309144,0.0,0.4218725862266074,0.0,0.3340488682314729,0.30824792380603,0.4690745567692105,0.3525899299351032,0.0,0.0,0.3317994569184904,0.3272295456169481,0.2546473384253823,0.2493434426737827,0.2942730279014357,0.3063038550996713,0.0,0.2289948407742321,0.4357267842656293,0.3190099783830299,0.3318534634537264,0.0,0.0,0.0,0.2852871234601582,0.3982917430036229,0.0,0.0,0.0,0.0,0.0,0.0,0.0,0.0,0.3999612313032825,0.0,0.4095811706235444,0.0,0.0,0.0,0.4331466044747817,0.4428153799004304,0.4385682107747102,0.0,0.0,0.0,0.0,0.0,0.3750746625377812,0.4376922422403788,0.4506348086580702,0.0,0.0,0.0,0.0,0.3783854482213722
0.3480441225790767,0.3547827538278625,0.0,0.0,0.3646833613144728,0.378535731572842,0.4327343195864269,0.4133809083585831,0.3366599041073949,0.2955237364810775,0.0,0.2923641025107493,0.4084664097859522,0.0,0.3529448946451227,0.3889714733373096,0.344684351933665,0.3520819319269024,0.0,0.3735504079421004,0.3851029342837248,0.369603831853105,0.3776053647490049,0.3340488682314729,0.0,0.3339122337553941,0.3709035539486252,0.3963859196775973,0.3865757465948672,0.0,0.3445683355007012,0.3565247409424715,0.3040876275913327,0.3311303498251839,0.3394118378622408,0.0,0.0,0.3143792287962394,0.4099899952944775,0.3951293704384934,0.4048928362321427,0.4069279556968436,0.0,0.0,0.0,0.3908603533283042,0.4219760063005925,0.0,0.0,0.0,0.0,0.0,0.0,0.0,0.4368808960383274,0.0,0.4347161053955492,0.2687306157385318,0.0,0.3915340243989865,0.414696132738665,0.421519961754253,0.418479789955693,0.0,0.3726042712307775,0.3854692088187045,0.4255720445584979,0.3094719980870297,0.4257560231025238,0.4152028285722142,0.4265494304453575,0.0,0.0,0.355661397664522,0.0,0.3956007423925938
0.3284844408663603,0.3677955432043119,0.0,0.0,0.0,0.3841219136992506,0.3826250912186086,0.4198655474684853,0.3163595737397057,0.2789296337127773,0.2604475831362731,0.2644484896727047,0.3817737840103673,0.0,0.305236278035538,0.3647281587636088,0.356725330346267,0.3585586462582851,0.0,0.3944128124926681,0.3689584873936307,0.3582053422085725,0.3994428353067315,0.30824792380603,0.3339122337553941,0.0,0.410155023380605,0.3673211552165283,0.3751831320788082,0.0,0.3359763269069434,0.3655578724008366,0.3163737118823247,0.3310382378567602,0.3564886087295122,0.3736759220731567,0.0,0.2942535154600478,0.4277615783193005,0.4028838859592941,0.4208182080854399,0.4293440264987245,0.0,0.0,0.3543145279698684,0.3970409348634617,0.4490776718749044,0.0,0.0,0.0,0.3841443290734655,0.0,0.0,0.0,0.4514757040682319,0.0,0.4459336065096696,0.2958095591779396,0.0,0.4524784931930299,0.4332830402215436,0.4324358835644816,0.4260002867262577,0.0,0.412872034934178,0.4335534888570868,0.455988264103264,0.4215104414778328,0.4240368419982427,0.424568447817874,0.4391575138293395,0.4083423936159212,0.331505811396297,0.3975582237392501,0.0,0.4060421496153086
0.4153903763525127,0.3904572079835364,0.2962162127559751,0.3626931669926424,0.3696960561697757,0.3411328618265727,0.4131127936404958,0.4355585153343427,0.3013047934448142,0.3358698057689173,0.3267685987009975,0.2977456913385561,0.4062523678473403,0.3862802399214264,0.3968092588509889,0.4066938521269084,0.0,0.3992161391659024,0.307759285056929,0.3416599853824105,0.4225293223744038,0.3859667671353918,0.3099880864785532,0.4690745567692105,0.3709035539486252,0.410155023380605,0.0,0.4072858987257431,0.3384619643484702,0.3914274756436168,0.3858235349722106,0.3837206358990104,0.3474422957254148,0.401406229195541,0.3946515868658938,0.417742755506872,0.3845649957459965,0.298796424718548,0.4791835929130125,0.4481426641261555,0.4947955424885035,0.4774444400215237,0.4839144297363539,0.247207090134279,0.0,0.0,0.3934331984595495,0.5345888716182743,0.0,0.4661947593455783,0.5013156131513508,0.5304806936701107,0.5010108745170821,0.5146851751427169,0.0,0.5063706308312911,0.0,0.5257914696662767,0.4949182433120491,0.4465803946965808,0.0,0.0,0.0,0.5143863465457817,0.475275688679879,0.4398772772404983,0.4871940692099775,0.5228724398505014,0.0,0.0,0.4781868024146386,0.5160231576337503,0.5066361884128112,0.5376357641451437,0.4656970995661159,0.4782735619672192
0.3524634664286439,0.3871276707946934,0.4202321455849926,0.1913569542085407,0.3335590522347849,0.3739159650200834,0.3630856636990264,0.3980232753414346,0.4208964411902268,0.3643789964198525,0.4150223458063297,0.3217923186505199,0.3111970468629718,0.2199146307041176,0.364476008520841,0.4387800879501269,0.36523083568432,0.4136729810302898,0.4150237560471233,0.3397084031394111,0.4038098128437928,0.3923178069656658,0.4017166969297498,0.3525899299351032,0.3963859196775973,0.3673211552165283,0.4072858987257431,0.0,0.342793290658498,0.2737416914438118,0.3513462173571085,0.3607107771117606,0.3427929723571409,0.3414835573853306,0.3148960979292395,0.2387965844836712,0.2093123053909213,0.3124448860351809,0.3663747524816494,0.2588751871242453,0.2588128232019242,0.3129154363898754,0.3172193765456035,0.0,0.0,0.0,0.0,0.3829556759912373,0.0,0.0,0.493818651505688,0.0,0.455383449566119,0.3269667590454413,0.3104588252941311,0.0,0.0,0.4711154582738831,0.0,0.3985930639646139,0.0,0.0,0.0,0.0,0.4436730955418141,0.4116357236677932,0.3219757634851753,0.4865306374008727,0.0,0.2855182358868473,0.3324378924094189,0.4849053551789664,0.5022369868210557,0.5078171626590289,0.0,0.4564959815452929
0.3577260857042663,0.3747124715479349,0.0,0.0,0.0,0.338498398589606,0.4151482785267756,0.3795507029860922,0.3891923938032712,0.2880785130718012,0.0,0.0,0.3690693921603952,0.0,0.3621355685792204,0.4279010168424768,0.3170327173078859,0.416783869110101,0.0,0.3079756586791174,0.3827723648647148,0.3729100326037405,0.3888796340190928,0.0,0.3865757465948672,0.3751831320788082,0.3384619643484702,0.342793290658498,0.0,0.3086084544493008,0.3349087826769621,0.3650519003929769,0.3237954374929201,0.3761574922837444,0.3851972704807982,0.4023420056863404,0.0,0.0,0.4321278478174299,0.3439569308447346,0.4328962131127418,0.4124873875290363,0.3217780248882836,0.0,0.0,0.0,0.3750458233936977,0.3823311060662913,0.0,0.0,0.4801589442560239,0.3365613378716378,0.4495294411418017,0.3112420138759587,0.0,0.0,0.0,0.4695111721725286,0.0,0.4199531101845546,0.0,0.0,0.0,0.0,0.4421439489295016,0.4121693259461732,0.4071015600079597,0.4758990148549961,0.0,0.0,0.4124352242020541,0.473594592595161,0.4656396433847913,0.4536551505600971,0.410038300276507,0.4413636919423354
0.0,0.0,0.0,0.0,0.0,0.3936290794171423,0.0,0.3652580089383427,0.3955095022908628,0.0,0.0,0.0,0.3877567788228077,0.0,0.0,0.3694130743662465,0.0,0.3386337938641606,0.0,0.3562446122616522,0.0,0.3610983492920913,0.3837348432261096,0.0,0.0,0.0,0.3914274756436168,0.2737416914438118,0.3086084544493008,0.0,0.3099236597153482,0.3683025341957613,0.0,0.3305823127117528,0.2895483471959143,0.0,0.0,0.0,0.0,0.0,0.0,0.0,0.0,0.0,0.0,0.0,0.0,0.0,0.0,0.0,0.0,0.0,0.0,0.0,0.0,0.0,0.0,0.0,0.0,0.0,0.0,0.0,0.0,0.0,0.4163782191733471,0.0,0.0,0.4853722371831406,0.0,0.0,0.0,0.4818169578621707,0.0,0.4228085584617423,0.0,0.0
0.3048442937111632,0.3121906917509828,0.4192946152119349,0.0,0.4199141488078369,0.3947913988227739,0.4015271363832459,0.398349640638568,0.4265676764950201,0.3246925382253469,0.4257872740695398,0.3258102537484633,0.3711615501445103,0.4022974165830235,0.3466146289729513,0.3439284808947253,0.3454769974930392,0.3564676788146261,0.4149850027543206,0.3378548563531304,0.3373527848401534,0.3377556120301047,0.3856490215736526,0.3317994569184904,0.3445683355007012,0.3359763269069434,0.3858235349722106,0.3513462173571085,0.3349087826769621,0.3099236597153482,0.0,0.3557887861677216,0.2918069558949396,0.2426012853617753,0.2203249448233376,0.3767873465689803,0.3036227347333253,0.2702261765125449,0.375950591371681,0.3577667938745738,0.3859689156451199,0.0,0.3234750534511607,0.0,0.0,0.0,0.4042890783260857,0.0,0.0,0.0,0.4760075719812995,0.0,0.4425924990661308,0.0,0.405325892951653,0.0,0.3795895882953671,0.0,0.0,0.4168944879487083,0.3923220060401752,0.0,0.4023694034621504,0.0,0.4099868406283947,0.3912241368165439,0.4152169587312116,0.4776353283506211,0.0,0.3901257452396441,0.4075331420393359,0.4815210084037137,0.4067706581192999,0.440520652651111,0.0,0.4022431031283873
0.3482997160686487,0.3655607037459184,0.3786907976311692,0.2993623815374715,0.3153894505640269,0.3835712088619531,0.3694395085000157,0.3468017818528145,0.39007203935245,0.3147808536661161,0.3674081822050061,0.2233985716599929,0.3677951701582799,0.2223057250092185,0.3586409438109451,0.4004265495128182,0.3858173709423668,0.3745319643629829,0.3721452432488283,0.3758170598753888,0.3677153585106404,0.3830457014312731,0.3711956175071527,0.3272295456169481,0.3565247409424715,0.3655578724008366,0.3837206358990104,0.3607107771117606,0.3650519003929769,0.3683025341957613,0.3557887861677216,0.0,0.3061881176936404,0.3346909811185137,0.3340972723214547,0.289172408755228,0.2894368012455596,0.2212261650047121,0.2996638380954177,0.3219951308238061,0.3451512744187625,0.351304893505521,0.2883440674726634,0.2610446566502742,0.2601518663296464,0.3668515473377934,0.4286557572389406,0.4803806547738686,0.0,0.3438255027043861,0.4543447211150971,0.2320418391337363,0.4263260256168879,0.4004726469081018,0.2613459986875469,0.3682906098972964,0.2390915604662049,0.3323421224347246,0.0,0.4270663393136654,0.4232146941319816,0.4020317323596051,0.4210146575557313,0.3817954124967898,0.4166294468200335,0.4083174788078587,0.4295688904158364,0.4656600167996466,0.0,0.4015058960484382,0.4209038399864317,0.4637192714713383,0.4096389403289752,0.4384705198505468,0.0,0.3898528479267894
0.2726407261525033,0.3114795009140561,0.2753536873444048,0.0,0.0,0.3319876284732747,0.3379841120087373,0.3372546143130283,0.3391126382189234,0.3059957995303741,0.334923968623432,0.2411453291907749,0.3574512582327428,0.0,0.3458955200709366,0.3378717161064982,0.3470712410949334,0.3372057711852881,0.0,0.3305323834333337,0.3232036282393223,0.3583511362004714,0.344654800145123,0.2546473384253823,0.3040876275913327,0.3163737118823247,0.3474422957254148,0.3427929723571409,0.3237954374929201,0.0,0.2918069558949396,0.3061881176936404,0.0,0.221141550950889,0.3164980041911607,0.377836343635563,0.2530165639932076,0.1717636628159257,0.3116464886997183,0.2406154300121849,0.2509244864038691,0.2441189322382238,0.0,0.0,0.251622436551039,0.0,0.4259800017304263,0.0,0.0,0.0,0.0,0.0,0.0,0.0,0.370847997714277,0.0,0.384548074302565,0.0,0.0,0.4522796877523618,0.3991562963163034,0.3560612674468763,0.3336626315056045,0.0,0.3958163266080822,0.3707504950055514,0.4411273525523163,0.4490367495343936,0.317636247779604,0.3631906209353557,0.3782379363288652,0.4509429181331415,0.4079298706316575,0.0,0.0,0.3509694713745211
0.269026985313386,0.3119582711198,0.4080196801978888,0.3357139031427922,0.4051282305121163,0.395488767439386,0.3787202474329073,0.3957409623495245,0.4149830895694165,0.2948728756114864,0.4080026290421192,0.2249806052770818,0.3599007039226755,0.3619922222659311,0.3526693657942719,0.3613954638904351,0.3445434898596426,0.3581778434836387,0.3938018341218484,0.3708249984545178,0.3557859516475608,0.3626723586603423,0.3950086701542405,0.2493434426737827,0.3311303498251839,0.3310382378567602,0.401406229195541,0.3414835573853306,0.3761574922837444,0.3305823127117528,0.2426012853617753,0.3346909811185137,0.221141550950889,0.0,0.2183717418661516,0.3857479133451965,0.3131240246643536,0.1832998574197643,0.3302700023290058,0.2329558620483195,0.2635206989812171,0.3486649481258669,0.2627343364452812,0.2580684716993819,0.2276310141435784,0.3475996402668384,0.4153870763968868,0.3411344343704626,0.0,0.0,0.4612620661282705,0.192431950845905,0.4444629309641609,0.2959696150825797,0.4042835345871268,0.0,0.3500567718264636,0.2466920104738971,0.0,0.4257577732219473,0.400806580028102,0.0,0.3968279627914036,0.0,0.4228924918132238,0.3990400727661931,0.4300825937302562,0.478615947423237,0.3291392438684965,0.3871121023630496,0.4185110972014932,0.4788505055721514,0.3115693654165706,0.4511950216060161,0.0,0.2930447961843125
0.314945810167207,0.3616898552333023,0.3902391186219618,0.2838483328547443,0.3844609828081198,0.3977381775474352,0.3476330211019493,0.3906696612556191,0.4106485961371831,0.3095905617619625,0.3942180809129113,0.2670588931714576,0.3486929847002873,0.0,0.379888230200351,0.396478081027715,0.3615672286975606,0.3691509967821309,0.382855714541739,0.3845140052370656,0.3817454319822601,0.3962797910109876,0.3781690644766709,0.2942730279014357,0.3394118378622408,0.3564886087295122,0.3946515868658938,0.3148960979292395,0.3851972704807982,0.2895483471959143,0.2203249448233376,0.3340972723214547,0.3164980041911607,0.2183717418661516,0.0,0.3553054513468752,0.2936803642952448,0.2320438176362623,0.2922367977815834,0.2288164416814856,0.2528604894569888,0.3435498407667941,0.2749685090106245,0.2739773972794662,0.2252671706423774,0.0,0.4351007052200139,0.0,0.0,0.0,0.3310132194166839,0.0,0.0,0.0,0.0,0.0,0.2384722972806982,0.2039781275508124,0.0,0.4365435829729063,0.4176188719461753,0.0,0.0,0.0,0.4200298037725813,0.0,0.4492482705055952,0.4864068345986686,0.0,0.3878915516732504,0.4552089442474538,0.4507513678788059,0.2266408604019162,0.434665152002879,0.0,0.0
0.0,0.0,0.373962168411288,0.1631802152976417,0.1992686580673687,0.4114260690048982,0.2838558109785537,0.2616844023778456,0.3925193014832262,0.3083995886456291,0.3129867820670762,0.3023433011398721,0.3335367482040588,0.1925806580393108,0.4186359391567073,0.0,0.0,0.0,0.3576057057954589,0.3994790596501355,0.0,0.4216450548450952,0.365214539714484,0.3063038550996713,0.0,0.3736759220731567,0.417742755506872,0.2387965844836712,0.4023420056863404,0.0,0.3767873465689803,0.289172408755228,0.377836343635563,0.3857479133451965,0.3553054513468752,0.0,0.1993762460349901,0.2843606898828925,0.2817215679668713,0.2741094879901053,0.2871884020801788,0.3312592687731343,0.3633518093994302,0.2712263194347897,0.0,0.0,0.0,0.4677060105490651,0.0,0.3807538423106162,0.4260410231285984,0.384927268550426,0.0,0.438180153752633,0.0,0.4051940779623918,0.2642047326787128,0.284868790417802,0.0,0.0,0.0,0.0,0.0,0.4344404519237994,0.3566495669377924,0.0,0.3456072084710484,0.461344818331012,0.0,0.0,0.0,0.4637005663898742,0.3019795768265715,0.3636262099652319,0.0,0.0
0.0,0.0,0.3691891904651209,0.1589645738789417,0.1703408394676028,0.3968701946662223,0.2335296672713974,0.3656948165267939,0.3966543466904143,0.2484856824553903,0.3413099690205039,0.2915760488202252,0.3212753245119297,0.164566234075305,0.0,0.0,0.0,0.0,0.3795404247351521,0.3514540129403894,0.0,0.3858394560714231,0.3811555687336022,0.0,0.0,0.0,0.3845649957459965,0.2093123053909213,0.0,0.0,0.3036227347333253,0.2894368012455596,0.2530165639932076,0.3131240246643536,0.2936803642952448,0.1993762460349901,0.0,0.2622820248419078,0.2667873307005826,0.0,0.2858877571074106,0.2891920904944975,0.2725265967517801,0.0,0.0,0.0,0.0,0.0,0.0,0.0,0.0,0.0,0.0,0.0,0.0,0.0,0.0,0.0,0.0,0.0,0.0,0.0,0.0,0.0,0.0,0.0,0.0,0.393845414911256,0.0,0.0,0.0,0.0,0.0,0.0,0.0,0.0
0.3293320829009612,0.0,0.0,0.2361792487052396,0.3353861620558723,0.3291624874719734,0.3302124001733535,0.0,0.3833587211354122,0.251331885717569,0.3613459595050685,0.1884072044408446,0.3217411196105754,0.0,0.0,0.0,0.314273788193282,0.0,0.3255012647906611,0.0,0.0,0.0,0.3319475935899665,0.2289948407742321,0.3143792287962394,0.2942535154600478,0.298796424718548,0.3124448860351809,0.0,0.0,0.2702261765125449,0.2212261650047121,0.1717636628159257,0.1832998574197643,0.2320438176362623,0.2843606898828925,0.2622820248419078,0.0,0.2430069024382732,0.2232124812016781,0.2289616792864139,0.2278991940955634,0.0,0.0,0.2400176797111634,0.0,0.0,0.0,0.0,0.0,0.0,0.0,0.0,0.0,0.3230803140934143,0.0,0.3388101197199947,0.0,0.0,0.0,0.0,0.0,0.0,0.0,0.0,0.0,0.0,0.0,0.2945968984383131,0.3034010840872983,0.3534054476818929,0.0,0.2643020476891083,0.0,0.0,0.0
0.4019682827745535,0.422806552350628,0.4781971000277492,0.0,0.0,0.4702328164362851,0.2975415735020776,0.4386893519407253,0.3787802573190866,0.2556048832477893,0.3801518290780873,0.245971318123751,0.4673780837193052,0.0,0.4303680397349461,0.4152654543062239,0.0,0.408642144427963,0.3808898034375818,0.4113717349732697,0.4200518096589866,0.4266152989965632,0.4668235939551738,0.4357267842656293,0.4099899952944775,0.4277615783193005,0.4791835929130125,0.3663747524816494,0.4321278478174299,0.0,0.375950591371681,0.2996638380954177,0.3116464886997183,0.3302700023290058,0.2922367977815834,0.2817215679668713,0.2667873307005826,0.2430069024382732,0.0,0.289656497669848,0.3488248108634809,0.3526220916206291,0.2704880527866226,0.2596419433480113,0.2170815270119712,0.3652853886599573,0.3758048972574081,0.3786406967015267,0.2584573400490436,0.33461595608845,0.3770876145363477,0.3474401688795995,0.3552402985484335,0.3889113658602624,0.2769168321800053,0.3531263714520526,0.2043021928112769,0.3580355147216311,0.2718636732869328,0.3605095297083067,0.3748709386818556,0.3849346010100237,0.3850310602885854,0.3812671148160884,0.3820163670977328,0.3722773065093561,0.3679892647409206,0.3720778141649297,0.2937147758193554,0.3673061341221892,0.3619732024056246,0.380240642649411,0.3439612731440915,0.3692027438527664,0.3667700162719365,0.3239584625258192
