0.0,0.3784636720973876,0.0,0.0,0.0,0.3908298291518151,0.0,0.4472520113731029,0.0,0.0,0.0,0.4035456871162722,0.0,0.0,0.3797986529595575,0.3660031739129822,0.4155466332090267,0.3934471063092001,0.0,0.4169601119104898,0.3759280243976379,0.3771136124079675,0.4296581984161093,0.3384693489013242,0.3770635809542157,0.3541961517740477,0.4439374886513932,0.3751765103638462,0.3920931023416988,0.0,0.3298222830879879,0.3771648121346626,0.2989227872168926,0.2930102660925352,0.3206226072556511,0.0,0.0,0.0,0.4358114296080237,0.4048263363417247,0.4247691280223316,0.0,0.0,0.0,0.0,0.3252952100308548,0.4661782821264221,0.0,0.0,0.0,0.0,0.0,0.0,0.0,0.0,0.0,0.0,0.0,0.0,0.0,0.4565822949477042,0.0,0.4510391878186293,0.0,0.0,0.3584445059319197,0.4468370783657763,0.0,0.0,0.4442983189953455,0.4398316689327377,0.0,0.0,0.0,0.0,0.0
0.3784636720973876,0.0,0.0,0.0,0.0,0.415223991816408,0.4398635463214192,0.0,0.4202833123970517,0.0,0.0,0.0,0.431772839783682,0.0,0.4014725670395286,0.406607570963403,0.0,0.4044106407731664,0.0,0.4080626936702071,0.4218024929229678,0.3907458358568605,0.4186786246004642,0.0,0.3819803146323965,0.3957165879640733,0.4214127973123057,0.4181831135595207,0.4047081681898958,0.0,0.3354728696587562,0.3940866490769588,0.3356902355945517,0.3360946979829099,0.364857042593896,0.0,0.0,0.0,0.4585798046179822,0.4473087129039192,0.4501325168313165,0.4664327861374512,0.0,0.0,0.0,0.4160095326797177,0.4762848517970113,0.0,0.0,0.0,0.0,0.0,0.0,0.0,0.0,0.0,0.0,0.0,0.0,0.4837323496674896,0.461953195014974,0.0,0.4561038841434903,0.0,0.4427721052922734,0.4606036376508969,0.4742967447455334,0.4443125375650426,0.0,0.4552209488850715,0.4752007347056975,0.4361794982533267,0.0,0.4408940410914599,0.0,0.4310558487552464
0.0,0.0,0.0,0.0,0.3936463730474496,0.3361913844188348,0.4517104822153722,0.4814317819278081,0.310915891569815,0.4018967140838327,0.3197905285062577,0.0,0.4478793390793577,0.4265394950453819,0.0,0.0,0.0,0.0,0.2888543226456715,0.0,0.0,0.0,0.3225005477655846,0.0,0.0,0.0,0.3191179563012518,0.4560750035283759,0.0,0.4269293013060363,0.4571403572614561,0.4135979876193056,0.0,0.4470887044767159,0.4343285827672301,0.4081077345738464,0.4073272819787613,0.0,0.5286938299878282,0.0,0.0,0.0,0.5333082546697164,0.0,0.0,0.0,0.0,0.3861178119772909,0.0,0.5164790373630028,0.5489013502691815,0.0,0.5753817992136289,0.3966288696839737,0.0,0.3504624717561599,0.0,0.0,0.5345009515145449,0.0,0.0,0.0,0.0,0.2363350647949599,0.0,0.0,0.0,0.4732291851020115,0.0,0.0,0.0,0.4301661368634932,0.0,0.0,0.0,0.0
0.0,0.0,0.0,0.0,0.1967586208928687,0.407939311163804,0.2409895540603418,0.3045190129429024,0.415699204533148,0.211889923682433,0.3563738462604761,0.0,0.3096350083431057,0.2383547376648519,0.0,0.0,0.0,0.0,0.3825765203782366,0.0,0.0,0.0,0.3810927066430741,0.0,0.0,0.0,0.3988428889175501,0.2079318610678443,0.0,0.0,0.0,0.3256257990578525,0.0,0.3675346004933938,0.3136023143055754,0.1820732559941834,0.1725537561740724,0.0,0.0,0.0,0.0,0.0,0.0,0.0,0.0,0.0,0.0,0.0,0.0,0.0,0.0,0.0,0.0,0.0,0.0,0.0,0.0,0.0,0.0,0.0,0.0,0.0,0.0,0.0,0.0,0.0,0.0,0.0,0.0,0.0,0.0,0.0,0.0,0.0,0.0,0.0
0.0,0.0,0.3936463730474496,0.1967586208928687,0.0,0.4095359197970655,0.3718555169317695,0.3925863448026007,0.3423978395096992,0.4185628713132243,0.3273816571313079,0.3833592651110064,0.4106910240282311,0.2513746089525744,0.0,0.0,0.0,0.0,0.3821407379352986,0.0,0.0,0.0,0.4298427397149351,0.0,0.4091118398739868,0.0,0.3984187705482838,0.3615596635120707,0.0,0.0,0.4563834367788644,0.3416132207058995,0.0,0.4414515088398425,0.4189730970864918,0.2180471432448412,0.1853809958476197,0.3770205058795002,0.0,0.0,0.0,0.0,0.4612275679552013,0.0,0.0,0.0,0.0,0.512716514041799,0.0,0.0,0.0,0.0,0.0,0.4559225415862324,0.0,0.4673500628349205,0.0,0.0,0.0,0.0,0.0,0.0,0.0,0.0,0.0,0.0,0.0,0.5427429416455309,0.0,0.0,0.0,0.5316876903543485,0.0,0.0,0.0,0.0
0.3908298291518151,0.415223991816408,0.3361913844188348,0.407939311163804,0.4095359197970655,0.0,0.4296171431479592,0.4598752329004614,0.3418883237129693,0.4236450262584032,0.3950770506640169,0.0,0.4024484316109251,0.461442725347696,0.4426696348961201,0.4569049647055245,0.0,0.4444487258795167,0.3741642044653052,0.4178060403105301,0.4679291548422852,0.4329365224553644,0.4157378858489622,0.0,0.4079176828587453,0.4158347539472623,0.3677231741015575,0.4036018429694232,0.3660945744749559,0.4252058658519669,0.4289924100235824,0.4160853595027727,0.3604306230255109,0.4299405808109417,0.4311019401429563,0.4451848394696391,0.4316662740210318,0.0,0.5102377526917748,0.0,0.5472182063998803,0.4867462719138664,0.5397013238742491,0.0,0.0,0.0,0.0,0.5803890373314079,0.0,0.0,0.5454118874154217,0.5664244887720661,0.5337675452416872,0.5590915161128185,0.0,0.5426840551615261,0.0,0.5588565654744544,0.0,0.4650870378150881,0.0,0.0,0.0,0.5729195781865447,0.5074648289489367,0.4409343581085311,0.4597339764936143,0.562909746575544,0.0,0.0,0.0,0.5575016043147567,0.5500740088134953,0.5212743914839585,0.0,0.5302014986724644
0.0,0.4398635463214192,0.4517104822153722,0.2409895540603418,0.3718555169317695,0.4296171431479592,0.0,0.4483957980918352,0.4205787926974669,0.4085505013379622,0.4474129623185434,0.3635910279453863,0.3697292488595367,0.2956436860841811,0.0,0.5079032790783476,0.4091056603292089,0.4579082152687838,0.4594132804454716,0.4402898724221114,0.0,0.4700459798260398,0.4490901715763761,0.403791734576516,0.4648225961834018,0.411044264126335,0.4460388642854222,0.3949174466164856,0.4479860607031661,0.0,0.4354001233012827,0.3991405398347841,0.373079106857749,0.4101895819897138,0.37416363043428,0.3057179685413381,0.2646750394442698,0.3625518185453492,0.0,0.0,0.0,0.0,0.0,0.0,0.0,0.0,0.0,0.0,0.0,0.0,0.5247324369834488,0.0,0.0,0.0,0.0,0.0,0.0,0.0,0.0,0.0,0.0,0.0,0.0,0.0,0.0,0.0,0.0,0.5438663214848432,0.0,0.0,0.0,0.5588585754671658,0.0,0.0,0.0,0.0
0.4472520113731029,0.0,0.4814317819278081,0.3045190129429024,0.3925863448026007,0.4598752329004614,0.4483957980918352,0.0,0.4860068441818053,0.3876551111550003,0.3515028893980927,0.0,0.4464628459679685,0.3519296080594347,0.0,0.4192655329490162,0.0,0.4310858290021983,0.4319637641575071,0.3889507143018613,0.3884770455179993,0.406509736047165,0.3686903742995217,0.4735254476872159,0.447709053697692,0.4548294882146909,0.4680325887435886,0.4295858203339598,0.4104811582396706,0.3971671203773395,0.4322703397661733,0.3774403267303718,0.3648337665781775,0.429830011799468,0.4234356198146892,0.2896776259823627,0.3978870050629546,0.0,0.4763019173753716,0.0,0.5042643695956889,0.0,0.4618747190057599,0.0,0.0,0.0,0.0,0.5509312848346347,0.0,0.5217955004345629,0.5107870056230723,0.5067364163910794,0.446888031269455,0.5388303257853707,0.0,0.4840624450613205,0.0,0.5000800139468444,0.5002043549738489,0.4851667558753423,0.0,0.0,0.0,0.5258585985809264,0.5046255665667616,0.4795380520760857,0.0,0.5282410191293637,0.0,0.0,0.0,0.5381180912605253,0.5025654676833687,0.4923340306139908,0.0,0.4995724318934619
0.0,0.4202833123970517,0.310915891569815,0.415699204533148,0.3423978395096992,0.3418883237129693,0.4205787926974669,0.4860068441818053,0.0,0.4782059720611735,0.3077649529319921,0.4033799274812109,0.4122874803203926,0.4032415996730481,0.0,0.4467397288697162,0.0,0.0,0.3041796735416949,0.4364648805885002,0.0,0.4458666801399431,0.4133665189541655,0.0,0.0,0.0,0.3269007078906156,0.4578885635781626,0.4224979812505153,0.4285151646034885,0.4648974049153344,0.4257513363200791,0.3842458296186363,0.4530785180244481,0.4487605304648487,0.4273897899767294,0.435115312476471,0.4182483380019778,0.4387220033723197,0.0,0.0,0.0,0.5146507149039227,0.0,0.0,0.0,0.0,0.5262930143017948,0.0,0.0,0.5518904743239031,0.0,0.5364047182022601,0.5533617466241915,0.0,0.5400153634441993,0.0,0.0,0.5284773308686171,0.0,0.0,0.0,0.0,0.567342909377615,0.0,0.0,0.0,0.5606445946218894,0.0,0.0,0.0,0.558090778177135,0.0,0.0,0.0,0.0
0.0,0.0,0.4018967140838327,0.211889923682433,0.4185628713132243,0.4236450262584032,0.4085505013379622,0.3876551111550003,0.4782059720611735,0.0,0.428108417144644,0.2883244288208619,0.404579090321979,0.402653421585114,0.0,0.4171966801473137,0.3415696645859278,0.3834096117000442,0.4254370264424545,0.0,0.0,0.3236552753646651,0.0,0.3009424778674838,0.3181228963647708,0.3000758543509306,0.3946118625272405,0.3941982624979385,0.0,0.0,0.3489835820915265,0.3376740539424993,0.332564639827147,0.3219465910072502,0.3361118761758759,0.3311036995091959,0.2687748084171038,0.2729785061115827,0.267875416791357,0.3846575125968334,0.3373092061853319,0.0,0.0,0.0,0.371365460693848,0.0,0.0,0.0,0.0,0.0,0.0,0.0,0.0,0.0,0.4530752610623568,0.0,0.4572134635124902,0.0,0.0,0.0,0.0,0.4842526138851794,0.4515442207864114,0.0,0.0,0.0,0.0,0.0,0.4100489606219524,0.470314131108832,0.4694499100751028,0.0,0.4022109897656346,0.0,0.0,0.4013947713992617
0.0,0.0,0.3197905285062577,0.3563738462604761,0.3273816571313079,0.3950770506640169,0.4474129623185434,0.3515028893980927,0.3077649529319921,0.428108417144644,0.0,0.3962505945085945,0.4506250944489802,0.3188030340771259,0.0,0.0,0.0,0.0,0.2695043577045458,0.0,0.0,0.0,0.3274019680489884,0.0,0.0,0.0,0.3518320372175413,0.4518620175845584,0.0,0.0,0.4640882888446328,0.4007001170746103,0.3730324420037273,0.4458149351290038,0.4292578814165201,0.3466038322019222,0.3796071468316793,0.40072680444444,0.4313114742372674,0.0,0.0,0.0,0.4612832005026422,0.0,0.0,0.0,0.0,0.5125793156927073,0.0,0.4823681037297884,0.505009662400279,0.4502050143483827,0.4886048720670385,0.4943003616863126,0.0,0.3839615313325648,0.0,0.4488131615310733,0.4836474696465916,0.0,0.0,0.0,0.0,0.2993301742903416,0.0,0.0,0.0,0.5366869252107268,0.0,0.0,0.0,0.5376285929601596,0.0,0.0,0.0,0.0
0.4035456871162722,0.0,0.0,0.0,0.3833592651110064,0.0,0.3635910279453863,0.0,0.4033799274812109,0.2883244288208619,0.3962505945085945,0.0,0.3556070555882633,0.0,0.0,0.0,0.3929808578063385,0.3960539879952009,0.0,0.0,0.0,0.0,0.0,0.2555605894338429,0.315354740074499,0.2843966907251783,0.0,0.3465820856930859,0.0,0.0,0.3516751019176322,0.2433195000965969,0.2651081543472753,0.2435206590548022,0.2905105117573348,0.3295080210724054,0.3112223199973998,0.2043389535961453,0.2646628608141669,0.3900277412287999,0.3003251378816586,0.0,0.0,0.0,0.3598922522586776,0.0,0.0,0.0,0.0,0.0,0.0,0.0,0.0,0.0,0.4539663033360412,0.0,0.3767737847625517,0.0,0.0,0.0,0.0,0.4594407303557637,0.4511246363796624,0.0,0.0,0.0,0.0,0.0,0.4293014251070843,0.4697841332275591,0.4739291986475119,0.0,0.0,0.0,0.0,0.3993779346008113
0.0,0.431772839783682,0.4478793390793577,0.3096350083431057,0.4106910240282311,0.4024484316109251,0.3697292488595367,0.4464628459679685,0.4122874803203926,0.404579090321979,0.4506250944489802,0.3556070555882633,0.0,0.3657100297373283,0.0,0.4765347336666138,0.4004522927050267,0.4599206473758604,0.4527305011938089,0.4355647748134785,0.4494185599379364,0.4656976184188841,0.4428907924227087,0.3767737374680213,0.4403135914573451,0.4115784439416756,0.4395784653597631,0.3342751193989628,0.3971843069244738,0.4180536257077129,0.4015090439153669,0.3987520618577964,0.3866061627250429,0.3904453280504403,0.3770819050233231,0.3626238718821526,0.3497332498609095,0.349185206810738,0.4921693130803579,0.0,0.0,0.0,0.4015229044897508,0.0,0.0,0.0,0.0,0.5111391555583891,0.0,0.0,0.5761437541797773,0.0,0.4900423810616772,0.0,0.0,0.0,0.0,0.0,0.0,0.0,0.0,0.0,0.0,0.0,0.0,0.0,0.0,0.5340690206623733,0.0,0.0,0.0,0.5494396956422564,0.0,0.5036416909100314,0.0,0.0
0.0,0.0,0.4265394950453819,0.2383547376648519,0.2513746089525744,0.461442725347696,0.2956436860841811,0.3519296080594347,0.4032415996730481,0.402653421585114,0.3188030340771259,0.0,0.3657100297373283,0.0,0.0,0.0,0.0,0.0,0.3663325218966126,0.0,0.4132426010188045,0.0,0.367876025755233,0.0,0.0,0.0,0.4179211310872236,0.2464463827031929,0.0,0.0,0.4385014251448746,0.2496293384422106,0.0,0.403265025154672,0.0,0.2152686437522731,0.1824095208735114,0.0,0.0,0.0,0.0,0.0,0.4471334287367736,0.0,0.0,0.0,0.0,0.498890204852683,0.0,0.0,0.0,0.0,0.0,0.0,0.0,0.4554680881837331,0.0,0.0,0.0,0.0,0.0,0.0,0.0,0.0,0.0,0.0,0.0,0.4931526061480693,0.0,0.0,0.0,0.0,0.0,0.0,0.0,0.0
0.3797986529595575,0.4014725670395286,0.0,0.0,0.0,0.4426696348961201,0.0,0.0,0.0,0.0,0.0,0.0,0.0,0.0,0.0,0.4059168048215794,0.0,0.3861159304164456,0.0,0.3618549921079932,0.3803194322269557,0.362143027038454,0.3866355607729992,0.4292760124466837,0.382624399907819,0.3279661198972715,0.4249022421219554,0.3947700887534552,0.3915471295781527,0.0,0.3745500941768346,0.3865517781331959,0.3760124042239399,0.3805028434701772,0.4102663304677959,0.4611989807011908,0.0,0.0,0.4658069388356112,0.483348574853325,0.4705174105495335,0.5017159944680128,0.0,0.0,0.0,0.0,0.5025750606161116,0.0,0.0,0.0,0.4555372568112457,0.0,0.0,0.0,0.0,0.0,0.0,0.0,0.0,0.4874863153809679,0.4762349794434247,0.0,0.0,0.0,0.4580765992864531,0.4495514412376974,0.4940025583685238,0.4815259397421931,0.0,0.0,0.5308776711729793,0.4840808907561402,0.4278798365361194,0.4565430855560497,0.0,0.4282445780706483
0.3660031739129822,0.406607570963403,0.0,0.0,0.0,0.4569049647055245,0.5079032790783476,0.4192655329490162,0.4467397288697162,0.4171966801473137,0.0,0.0,0.4765347336666138,0.0,0.4059168048215794,0.0,0.4201863795727809,0.4180353157857235,0.0,0.4276764971560238,0.4159499867768862,0.3630738294940369,0.412317633385214,0.3732490407368941,0.4172627505985609,0.3937111123232777,0.439506807757804,0.4697999068878762,0.4602940714529352,0.4002143570178168,0.3690719895520475,0.4318133124281454,0.3637877363241142,0.3896891648325219,0.427677398223308,0.0,0.0,0.0,0.4501090854116898,0.4378577149243475,0.4465898808270439,0.4538211010941537,0.0,0.0,0.0,0.4264146448371898,0.4701011152766714,0.0,0.0,0.0,0.0,0.0,0.0,0.0,0.0,0.0,0.0,0.0,0.0,0.4595889598030723,0.452241455562469,0.0,0.4435397932828635,0.0,0.4324692284292229,0.4443695471442082,0.469169625476271,0.0,0.0,0.4459409923859406,0.4653666998136294,0.0,0.0,0.0,0.0,0.423556176979931
0.4155466332090267,0.0,0.0,0.0,0.0,0.0,0.4091056603292089,0.0,0.0,0.3415696645859278,0.0,0.3929808578063385,0.4004522927050267,0.0,0.0,0.4201863795727809,0.0,0.3509092903923976,0.0,0.3462222077750327,0.0,0.3660515029719679,0.0,0.3871725982092689,0.3699257461706587,0.3858365529522932,0.0,0.3951268366495828,0.0,0.0,0.3696990763330758,0.4169381187920586,0.3753290307184265,0.372005655545387,0.3901745898921918,0.0,0.0,0.3413169709245292,0.0,0.4204668706077453,0.0,0.0,0.0,0.0,0.0,0.0,0.0,0.0,0.0,0.0,0.0,0.0,0.0,0.0,0.4874037712619066,0.0,0.495228699061675,0.0,0.0,0.0,0.0,0.4665989382890196,0.4599771409246855,0.0,0.0,0.0,0.0,0.0,0.4708936924886969,0.4534716170161507,0.4705199997911414,0.0,0.0,0.0,0.0,0.0
0.3934471063092001,0.4044106407731664,0.0,0.0,0.0,0.4444487258795167,0.4579082152687838,0.4310858290021983,0.0,0.3834096117000442,0.0,0.3960539879952009,0.4599206473758604,0.0,0.3861159304164456,0.4180353157857235,0.3509092903923976,0.0,0.0,0.4131647622639038,0.4084414312825809,0.4066313033147771,0.4205709597293426,0.378295529627443,0.3772998817118841,0.387084728232532,0.4322734850900928,0.4438472759021014,0.4488165335838022,0.0,0.3831744397374383,0.4048133373660098,0.3650002224357895,0.3866768199417155,0.3991091275375028,0.0,0.0,0.0,0.4441597273120552,0.4246446382584692,0.4375071651410545,0.4493296373054012,0.0,0.0,0.0,0.4446369247388626,0.4615726692755599,0.0,0.0,0.0,0.0,0.0,0.0,0.0,0.4803630055549835,0.0,0.4870116175462706,0.0,0.0,0.0,0.4549943022579961,0.4561335516759411,0.459389198553373,0.0,0.0,0.0,0.4494976782532728,0.0,0.526702386615276,0.4624022708356153,0.477854423951092,0.0,0.0,0.0,0.0,0.4401799299210223
0.0,0.0,0.2888543226456715,0.3825765203782366,0.3821407379352986,0.3741642044653052,0.4594132804454716,0.4319637641575071,0.3041796735416949,0.4254370264424545,0.2695043577045458,0.0,0.4527305011938089,0.3663325218966126,0.0,0.0,0.0,0.0,0.0,0.0,0.0,0.0,0.3429340214156542,0.0,0.0,0.0,0.3305663767053807,0.4517895022183895,0.0,0.0,0.4543231425782191,0.4057736353465377,0.0,0.4342680063125665,0.4199293598887821,0.3885176359088763,0.4188982855227398,0.0,0.4428240471645559,0.0,0.0,0.0,0.5012746309806614,0.0,0.0,0.0,0.0,0.5493187714428236,0.0,0.0,0.5554026786668009,0.0,0.5519740909026879,0.545556274580337,0.0,0.5245452592882177,0.0,0.0,0.514660375049342,0.0,0.0,0.0,0.0,0.5392518613875326,0.0,0.0,0.0,0.5609060847377696,0.0,0.0,0.0,0.5725202372362042,0.0,0.0,0.0,0.0
0.4169601119104898,0.4080626936702071,0.0,0.0,0.0,0.4178060403105301,0.4402898724221114,0.3889507143018613,0.4364648805885002,0.0,0.0,0.0,0.4355647748134785,0.0,0.3618549921079932,0.4276764971560238,0.3462222077750327,0.4131647622639038,0.0,0.0,0.4168563789259205,0.3533009901522014,0.2905690525101095,0.0,0.4020089781410453,0.4238206102744759,0.366402172260617,0.3647521860134344,0.3310149315884627,0.3822658765268337,0.3649432589257645,0.4038336936805454,0.3548655944560033,0.3993108306844359,0.414345208668695,0.4441487270175659,0.4004321024844145,0.0,0.4453862986903021,0.4324751566613877,0.4493720675296128,0.4551818901959547,0.0,0.0,0.0,0.0,0.4484027443077935,0.0,0.0,0.0,0.4739368272991916,0.0,0.0,0.0,0.0,0.0,0.0,0.0,0.0,0.4666876703063231,0.0,0.0,0.0,0.0,0.4612695445517596,0.4610611001469056,0.4666580693543819,0.5349657508968332,0.0,0.0,0.4806188588333952,0.5085379507422312,0.4841088006782762,0.5143066301746587,0.0,0.4452271060738067
0.3759280243976379,0.4218024929229678,0.0,0.0,0.0,0.4679291548422852,0.0,0.3884770455179993,0.0,0.0,0.0,0.0,0.4494185599379364,0.4132426010188045,0.3803194322269557,0.4159499867768862,0.0,0.4084414312825809,0.0,0.4168563789259205,0.0,0.4247595951456326,0.4019705216626152,0.4511096258885699,0.4176356362150398,0.398642307188631,0.4536060098627291,0.4374253099105054,0.41529246898585,0.3891674932823085,0.3701296907209266,0.399489211466914,0.3520950036066678,0.3861524520199018,0.4153948920924417,0.4270822702258785,0.0,0.0,0.4557437715480124,0.4831570454043449,0.4602509665980119,0.485601529000374,0.0,0.0,0.0,0.345676756161426,0.4835822556123708,0.0,0.0,0.0,0.4647241765298721,0.0,0.3582503842958528,0.0,0.0,0.0,0.0,0.0,0.0,0.4554276961732617,0.4685336031129682,0.0,0.0,0.0,0.4502479412587377,0.3794685723919564,0.4892327741959306,0.4984682199840038,0.0,0.396303281327642,0.4899414203483765,0.5143359812156156,0.4476881161873607,0.4738081220081893,0.0,0.4574915009514649
0.3771136124079675,0.3907458358568605,0.0,0.0,0.0,0.4329365224553644,0.4700459798260398,0.406509736047165,0.4458666801399431,0.3236552753646651,0.0,0.0,0.4656976184188841,0.0,0.362143027038454,0.3630738294940369,0.3660515029719679,0.4066313033147771,0.0,0.3533009901522014,0.4247595951456326,0.0,0.4256803233748696,0.0,0.3979484035349987,0.3861013298909604,0.4157720971734929,0.4213008412422133,0.4015824167839827,0.3879500621647124,0.3642850772777109,0.4125074933201242,0.3854340333267828,0.3906713197592936,0.4266890917103451,0.4595266484063862,0.42463834126451,0.0,0.4608535755020993,0.4730970200944055,0.4685999952400251,0.5006105589803517,0.0,0.0,0.0,0.4177171225570427,0.4815803688604017,0.0,0.0,0.0,0.432563500999973,0.0,0.0,0.0,0.0,0.0,0.0,0.0,0.0,0.500056651702908,0.4846542229917767,0.0,0.4100915583403958,0.0,0.4719941783229296,0.4706938467355938,0.4954998377709324,0.484903853649856,0.0,0.4456491034098067,0.5011558602427963,0.4794834276659654,0.0,0.4521610482589965,0.0,0.4370522852439732
0.4296581984161093,0.4186786246004642,0.3225005477655846,0.3810927066430741,0.4298427397149351,0.4157378858489622,0.4490901715763761,0.3686903742995217,0.4133665189541655,0.0,0.3274019680489884,0.0,0.4428907924227087,0.367876025755233,0.3866355607729992,0.412317633385214,0.0,0.4205709597293426,0.3429340214156542,0.2905690525101095,0.4019705216626152,0.4256803233748696,0.0,0.4548677527436696,0.4093066072296237,0.4311141317118462,0.332853172960021,0.4328702093081547,0.4189291309423535,0.4122832137342339,0.417669860166835,0.4016863490244312,0.3736686410363617,0.4281696685595889,0.4098467707372884,0.3963525544637929,0.413797038153848,0.0,0.5063880456387281,0.5014168039133596,0.5207149225629536,0.5340581732695246,0.5073768599780624,0.0,0.0,0.0,0.4494187517087962,0.5760384628900725,0.0,0.5349815861792683,0.5298530514412683,0.5447223777978082,0.5083700124284523,0.549365175393798,0.0,0.5475959704809832,0.0,0.5225803253656104,0.5388544736946921,0.4807888638327862,0.0,0.0,0.0,0.577653973626099,0.4966621611529381,0.4838622318420246,0.4802386660110969,0.5463859763338693,0.0,0.0,0.4845552079752184,0.5475870730050186,0.5165373876089332,0.5180344621434961,0.5143507142446976,0.517182532380378
0.3384693489013242,0.0,0.0,0.0,0.0,0.0,0.403791734576516,0.4735254476872159,0.0,0.3009424778674838,0.0,0.2555605894338429,0.3767737374680213,0.0,0.4292760124466837,0.3732490407368941,0.3871725982092689,0.378295529627443,0.0,0.0,0.4511096258885699,0.0,0.4548677527436696,0.0,0.3610805029368088,0.3317017604959894,0.438575744087803,0.378068817943733,0.0,0.0,0.3592408613365183,0.3529657647428739,0.2813974373518078,0.2683443238575884,0.3187217918836121,0.3441665823583905,0.0,0.2491281312986551,0.45822709160568,0.349733226515685,0.3557632747360364,0.0,0.0,0.0,0.3150444286335216,0.4257350434632635,0.0,0.0,0.0,0.0,0.0,0.0,0.0,0.0,0.4384611599794207,0.0,0.4444961084906264,0.0,0.0,0.0,0.4757166934157554,0.485677726229446,0.4793607066690364,0.0,0.0,0.0,0.0,0.0,0.3957356287928034,0.478057612276045,0.4862264792970709,0.0,0.0,0.0,0.0,0.4069823986355189
0.3770635809542157,0.3819803146323965,0.0,0.0,0.4091118398739868,0.4079176828587453,0.4648225961834018,0.447709053697692,0.0,0.3181228963647708,0.0,0.315354740074499,0.4403135914573451,0.0,0.382624399907819,0.4172627505985609,0.3699257461706587,0.3772998817118841,0.0,0.4020089781410453,0.4176356362150398,0.3979484035349987,0.4093066072296237,0.3610805029368088,0.0,0.3592407770035762,0.4007373586302848,0.427464373856403,0.4170514521688339,0.0,0.3713114826081863,0.3850859571058099,0.3296095635936382,0.3584725559134754,0.367862723325762,0.0,0.0,0.3428780815350879,0.4468542062858117,0.432129308570208,0.4424119522678526,0.4447633010096695,0.0,0.0,0.0,0.4230317861751157,0.4595295705335688,0.0,0.0,0.0,0.0,0.0,0.0,0.0,0.4781082048347664,0.0,0.4730624206857732,0.0,0.0,0.0,0.4524598149350429,0.4638455454084915,0.4579933022378253,0.0,0.411779849354013,0.419523174293137,0.4691315966318403,0.0,0.4606094773533389,0.4544790402049165,0.4649527917269003,0.0,0.0,0.0,0.0,0.4319556198277341
0.3541961517740477,0.3957165879640733,0.0,0.0,0.0,0.4158347539472623,0.411044264126335,0.4548294882146909,0.0,0.3000758543509306,0.0,0.2843966907251783,0.4115784439416756,0.0,0.3279661198972715,0.3937111123232777,0.3858365529522932,0.387084728232532,0.0,0.4238206102744759,0.398642307188631,0.3861013298909604,0.4311141317118462,0.3317017604959894,0.3592407770035762,0.0,0.4415607810484449,0.3959826922748701,0.4046516069523965,0.0,0.3627335369964194,0.3945150050401683,0.3437560344756467,0.3582353400434847,0.3858078934099077,0.4075502461460817,0.0,0.3217439341074919,0.4639873768395236,0.4399536586207175,0.4591010439828968,0.4673164907833975,0.0,0.0,0.4052208637376816,0.4288485969484761,0.4876168669507452,0.0,0.0,0.0,0.0,0.0,0.0,0.0,0.4952365181847069,0.0,0.4849101401834476,0.0,0.0,0.4923712718947891,0.4714116724229073,0.4738775751766907,0.4662484827681281,0.0,0.449736481875216,0.4702466656912443,0.4942958602538438,0.464549219108326,0.4551706394620584,0.4640390976821819,0.4770319619088764,0.4476130393713088,0.0,0.4335096382899291,0.0,0.4422756091447145
0.4439374886513932,0.4214127973123057,0.3191179563012518,0.3988428889175501,0.3984187705482838,0.3677231741015575,0.4460388642854222,0.4680325887435886,0.3269007078906156,0.3946118625272405,0.3518320372175413,0.0,0.4395784653597631,0.4179211310872236,0.4249022421219554,0.439506807757804,0.0,0.4322734850900928,0.3305663767053807,0.366402172260617,0.4536060098627291,0.4157720971734929,0.332853172960021,0.438575744087803,0.4007373586302848,0.4415607810484449,0.0,0.4389161577035084,0.3649425618157199,0.4194341515387102,0.4158825200737244,0.4141852702650235,0.3742840555350202,0.4338674417043462,0.4260568746554697,0.4528874297682188,0.416805631323849,0.0,0.5177522224921415,0.0,0.5391738728934409,0.516925438891621,0.5241669095698187,0.0,0.0,0.0,0.4307007181316387,0.58033641080451,0.0,0.0,0.5429329880253081,0.5664479210874428,0.540630013502032,0.5606434733565746,0.0,0.5511347911655231,0.0,0.5761106668797502,0.5371286820148833,0.4867963916279716,0.0,0.0,0.0,0.5596141178278236,0.5097762949330794,0.4804817757345119,0.5298839656886584,0.5631050921868557,0.0,0.0,0.5094511837893907,0.5576363926963351,0.5525152067386928,0.5388885390264428,0.5137284092587818,0.5183987492812709
0.3751765103638462,0.4181831135595207,0.4560750035283759,0.2079318610678443,0.3615596635120707,0.4036018429694232,0.3949174466164856,0.4295858203339598,0.4578885635781626,0.3941982624979385,0.4518620175845584,0.3465820856930859,0.3342751193989628,0.2464463827031929,0.3947700887534552,0.4697999068878762,0.3951268366495828,0.4438472759021014,0.4517895022183895,0.3647521860134344,0.4374253099105054,0.4213008412422133,0.4328702093081547,0.378068817943733,0.427464373856403,0.3959826922748701,0.4389161577035084,0.0,0.3675430335412065,0.292708660094105,0.3783559375489295,0.3906116451028291,0.3684394772126916,0.3710528109957718,0.3440072406335249,0.2592019443115009,0.2267098574837518,0.3382946694705309,0.3905320769641224,0.0,0.3317182284597929,0.363699773579596,0.3667336383717831,0.0,0.0,0.0,0.0,0.0,0.0,0.0,0.5381840494000585,0.0,0.4946335284214151,0.0,0.0,0.0,0.0,0.0,0.0,0.4489924463993839,0.0,0.0,0.0,0.0,0.4848312132312382,0.4579357191725137,0.0,0.5270783280913796,0.0,0.0,0.0,0.5257579318949143,0.5062968388206804,0.5192253793297819,0.0,0.49740577130093
0.3920931023416988,0.4047081681898958,0.0,0.0,0.0,0.3660945744749559,0.4479860607031661,0.4104811582396706,0.4224979812505153,0.0,0.0,0.0,0.3971843069244738,0.0,0.3915471295781527,0.4602940714529352,0.0,0.4488165335838022,0.0,0.3310149315884627,0.41529246898585,0.4015824167839827,0.4189291309423535,0.0,0.4170514521688339,0.4046516069523965,0.3649425618157199,0.3675430335412065,0.0,0.333289316582356,0.3630629199602066,0.3927706332264114,0.348960777694847,0.4077030473474434,0.4183536782544552,0.4395683499825437,0.0,0.0,0.4699205596758199,0.0,0.4751008441955532,0.4671596802051257,0.0,0.0,0.0,0.0,0.4208939819399394,0.0,0.0,0.0,0.5028294608283358,0.0,0.4873022185891861,0.0,0.0,0.0,0.0,0.4758294877708676,0.0,0.4593578327858758,0.0,0.0,0.0,0.0,0.4727800322946045,0.4524142398840454,0.4497865876891507,0.5172137466700787,0.0,0.0,0.4484842623660928,0.5148541802358435,0.4950947142423899,0.4891106205392924,0.0,0.4829091634853726
0.0,0.0,0.4269293013060363,0.0,0.0,0.4252058658519669,0.0,0.3971671203773395,0.4285151646034885,0.0,0.0,0.0,0.4180536257077129,0.0,0.0,0.4002143570178168,0.0,0.0,0.0,0.3822658765268337,0.3891674932823085,0.3879500621647124,0.4122832137342339,0.0,0.0,0.0,0.4194341515387102,0.292708660094105,0.333289316582356,0.0,0.3352358845068904,0.4006839998202152,0.0,0.3579351375231105,0.3199802062495183,0.0,0.0,0.0,0.4774265672537094,0.0,0.0,0.0,0.0,0.0,0.0,0.0,0.0,0.0,0.0,0.0,0.0,0.0,0.0,0.0,0.0,0.0,0.0,0.0,0.0,0.0,0.0,0.0,0.0,0.0,0.4661396238153773,0.0,0.0,0.522495636413642,0.0,0.0,0.0,0.5230120819882591,0.0,0.0,0.0,0.0
0.3298222830879879,0.3354728696587562,0.4571403572614561,0.0,0.4563834367788644,0.4289924100235824,0.4354001233012827,0.4322703397661733,0.4648974049153344,0.3489835820915265,0.4640882888446328,0.3516751019176322,0.4015090439153669,0.4385014251448746,0.3745500941768346,0.3690719895520475,0.3696990763330758,0.3831744397374383,0.4543231425782191,0.3649432589257645,0.3701296907209266,0.3642850772777109,0.417669860166835,0.3592408613365183,0.3713114826081863,0.3627335369964194,0.4158825200737244,0.3783559375489295,0.3630629199602066,0.3352358845068904,0.0,0.3845885237223126,0.3141618667254288,0.2623463899891609,0.2368352277631116,0.4111368463591242,0.328957523365977,0.2917976242414504,0.4047919172774976,0.3872042085037301,0.4161020233442147,0.0,0.0,0.0,0.0,0.3471643728896367,0.4381817692594837,0.0,0.0,0.0,0.5232771327870329,0.0,0.4789568302897647,0.0,0.4542172427272021,0.0,0.4103676969919344,0.0,0.0,0.4534908919877914,0.425726620538451,0.0,0.4386743083693858,0.0,0.4533008364401114,0.4189611659124944,0.4498247565709357,0.5195401328662094,0.0,0.4258599748957937,0.4420557162403059,0.524337994396607,0.4546746781225481,0.4844421152049812,0.0,0.435488312321528
0.3771648121346626,0.3940866490769588,0.4135979876193056,0.3256257990578525,0.3416132207058995,0.4160853595027727,0.3991405398347841,0.3774403267303718,0.4257513363200791,0.3376740539424993,0.4007001170746103,0.2433195000965969,0.3987520618577964,0.2496293384422106,0.3865517781331959,0.4318133124281454,0.4169381187920586,0.4048133373660098,0.4057736353465377,0.4038336936805454,0.399489211466914,0.4125074933201242,0.4016863490244312,0.3529657647428739,0.3850859571058099,0.3945150050401683,0.4141852702650235,0.3906116451028291,0.3927706332264114,0.4006839998202152,0.3845885237223126,0.0,0.3311250100507789,0.3645343344045448,0.3622159344661408,0.3190337421292068,0.3118499541206379,0.2409944466356511,0.3201471023948536,0.3430725449428393,0.3687711919489287,0.3787407318901022,0.3130551993068838,0.2840986940146752,0.2829184892680685,0.3959419040783629,0.4660029601909083,0.5190249812356308,0.0,0.0,0.4941783495093872,0.0,0.4631904586056405,0.4495591039192667,0.2867933888745378,0.4251540804188559,0.260982456983756,0.3771407851741606,0.0,0.4658090443686931,0.4628544004444027,0.0,0.4348442435088686,0.449192729854462,0.4536602659858162,0.442574505913955,0.4651274480341276,0.5066957779707951,0.0,0.4410614750635064,0.4555581817651807,0.5045243984785882,0.4356716103569095,0.4779868954547299,0.0,0.4245720533705208
0.2989227872168926,0.3356902355945517,0.0,0.0,0.0,0.3604306230255109,0.373079106857749,0.3648337665781775,0.3842458296186363,0.332564639827147,0.3730324420037273,0.2651081543472753,0.3866061627250429,0.0,0.3760124042239399,0.3637877363241142,0.3753290307184265,0.3650002224357895,0.0,0.3548655944560033,0.3520950036066678,0.3854340333267828,0.3736686410363617,0.2813974373518078,0.3296095635936382,0.3437560344756467,0.3742840555350202,0.3684394772126916,0.348960777694847,0.0,0.3141618667254288,0.3311250100507789,0.0,0.239086543560986,0.344584180508159,0.4182118251998852,0.271341771680635,0.1855906197101166,0.3316702475145964,0.2617338097662433,0.2648862182584454,0.258191277702755,0.0,0.0,0.2762429635161055,0.0,0.4655071756653574,0.0,0.0,0.0,0.0,0.0,0.0,0.0,0.4092231585488759,0.0,0.4205872661256835,0.0,0.0,0.4961193159001028,0.4369877647387575,0.3924823654766301,0.372312703437242,0.0,0.4212091339440494,0.3958356261196862,0.4801395877366327,0.4883008068984327,0.3439083701561293,0.3999901040723583,0.4122866367828856,0.4868891559090154,0.0,0.4473462562635438,0.0,0.3788650035666531
0.2930102660925352,0.3360946979829099,0.4470887044767159,0.3675346004933938,0.4414515088398425,0.4299405808109417,0.4101895819897138,0.429830011799468,0.4530785180244481,0.3219465910072502,0.4458149351290038,0.2435206590548022,0.3904453280504403,0.403265025154672,0.3805028434701772,0.3896891648325219,0.372005655545387,0.3866768199417155,0.4342680063125665,0.3993108306844359,0.3861524520199018,0.3906713197592936,0.4281696685595889,0.2683443238575884,0.3584725559134754,0.3582353400434847,0.4338674417043462,0.3710528109957718,0.4077030473474434,0.3579351375231105,0.2623463899891609,0.3645343344045448,0.239086543560986,0.0,0.2385081423051108,0.4216737667244486,0.3416209843466606,0.198520236444942,0.3509895216306412,0.2466452365486016,0.2754207472798029,0.3723458534147718,0.2963933040233992,0.0,0.2503963642143051,0.3606091723862715,0.452097443071227,0.0,0.0,0.0,0.5046938123581166,0.0,0.4863333451576167,0.0,0.4404600168414946,0.0,0.3738850071682831,0.0,0.0,0.4640661282323287,0.4363751913835199,0.0,0.4362104095244026,0.0,0.4602408988082787,0.4270263331463489,0.4664297297227288,0.5204624464035781,0.3455079603800235,0.4237822974362147,0.4551036745102501,0.5200342360882981,0.3612733673235332,0.4916850774404909,0.0,0.3150126822623255
0.3206226072556511,0.364857042593896,0.4343285827672301,0.3136023143055754,0.4189730970864918,0.4311019401429563,0.37416363043428,0.4234356198146892,0.4487605304648487,0.3361118761758759,0.4292578814165201,0.2905105117573348,0.3770819050233231,0.0,0.4102663304677959,0.427677398223308,0.3901745898921918,0.3991091275375028,0.4199293598887821,0.414345208668695,0.4153948920924417,0.4266890917103451,0.4098467707372884,0.3187217918836121,0.367862723325762,0.3858078934099077,0.4260568746554697,0.3440072406335249,0.4183536782544552,0.3199802062495183,0.2368352277631116,0.3622159344661408,0.344584180508159,0.2385081423051108,0.0,0.3902761096128297,0.3211551547388465,0.2515399428370626,0.3129602483908668,0.242037191261736,0.2743520779528517,0.370476220218368,0.3043672527972201,0.3040895191409619,0.2603888245199757,0.0,0.472468949004188,0.0,0.0,0.0,0.0,0.0,0.0,0.0,0.0,0.0,0.2596559851999325,0.0,0.0,0.475792754175336,0.4543743501154045,0.0,0.0,0.0,0.4502651569347011,0.4360162939778659,0.4869726681641286,0.5237552994312504,0.0,0.4271694983592136,0.4938521923197927,0.4883021074388671,0.0,0.4779103937315628,0.0,0.0
0.0,0.0,0.4081077345738464,0.1820732559941834,0.2180471432448412,0.4451848394696391,0.3057179685413381,0.2896776259823627,0.4273897899767294,0.3311036995091959,0.3466038322019222,0.3295080210724054,0.3626238718821526,0.2152686437522731,0.4611989807011908,0.0,0.0,0.0,0.3885176359088763,0.4441487270175659,0.4270822702258785,0.4595266484063862,0.3963525544637929,0.3441665823583905,0.0,0.4075502461460817,0.4528874297682188,0.2592019443115009,0.4395683499825437,0.0,0.4111368463591242,0.3190337421292068,0.4182118251998852,0.4216737667244486,0.3902761096128297,0.0,0.2159420527856715,0.3098329293224527,0.3052127473782515,0.2998018558106082,0.315655452318052,0.3589500024353571,0.3985805090872526,0.3012307249783866,0.0,0.0,0.0,0.5132606481581858,0.0,0.0,0.4686392047673559,0.4447883050062474,0.0,0.4808334931281366,0.0,0.45118104412911,0.3102714585710481,0.3511080279510841,0.4768976123264146,0.0,0.0,0.0,0.0,0.4822571162525373,0.0,0.0,0.0,0.4986482685876894,0.0,0.0,0.0,0.5058657414052662,0.347728392072971,0.4172942243070842,0.0,0.0
0.0,0.0,0.4073272819787613,0.1725537561740724,0.1853809958476197,0.4316662740210318,0.2646750394442698,0.3978870050629546,0.435115312476471,0.2687748084171038,0.3796071468316793,0.3112223199973998,0.3497332498609095,0.1824095208735114,0.0,0.0,0.0,0.0,0.4188982855227398,0.4004321024844145,0.0,0.42463834126451,0.413797038153848,0.0,0.0,0.0,0.416805631323849,0.2267098574837518,0.0,0.0,0.328957523365977,0.3118499541206379,0.271341771680635,0.3416209843466606,0.3211551547388465,0.2159420527856715,0.0,0.2823900975947958,0.2873962443903956,0.0,0.3116584744313676,0.3143389788306026,0.0,0.0,0.0,0.0,0.0,0.0,0.0,0.0,0.0,0.0,0.0,0.0,0.0,0.0,0.0,0.0,0.0,0.0,0.0,0.0,0.0,0.0,0.0,0.0,0.0,0.0,0.0,0.0,0.0,0.0,0.0,0.0,0.0,0.0
0.0,0.0,0.0,0.0,0.3770205058795002,0.0,0.3625518185453492,0.0,0.4182483380019778,0.2729785061115827,0.40072680444444,0.2043389535961453,0.349185206810738,0.0,0.0,0.0,0.3413169709245292,0.0,0.0,0.0,0.0,0.0,0.0,0.2491281312986551,0.3428780815350879,0.3217439341074919,0.0,0.3382946694705309,0.0,0.0,0.2917976242414504,0.2409944466356511,0.1855906197101166,0.198520236444942,0.2515399428370626,0.3098329293224527,0.2823900975947958,0.0,0.2641207987155637,0.2461667601428944,0.2454214304664492,0.2567489188776349,0.0,0.0,0.264872817143175,0.0,0.0,0.0,0.0,0.0,0.0,0.0,0.0,0.0,0.356353788558636,0.0,0.3701975516118824,0.0,0.0,0.0,0.0,0.0,0.0,0.0,0.0,0.0,0.0,0.0,0.3282507813421426,0.0,0.388367348664708,0.0,0.0,0.0,0.0,0.0
0.4358114296080237,0.4585798046179822,0.5286938299878282,0.0,0.0,0.5102377526917748,0.0,0.4763019173753716,0.4387220033723197,0.267875416791357,0.4313114742372674,0.2646628608141669,0.4921693130803579,0.0,0.4658069388356112,0.4501090854116898,0.0,0.4441597273120552,0.4428240471645559,0.4453862986903021,0.4557437715480124,0.4608535755020993,0.5063880456387281,0.45822709160568,0.4468542062858117,0.4639873768395236,0.5177522224921415,0.3905320769641224,0.4699205596758199,0.4774265672537094,0.4047919172774976,0.3201471023948536,0.3316702475145964,0.3509895216306412,0.3129602483908668,0.3052127473782515,0.2873962443903956,0.2641207987155637,0.0,0.3126468719711846,0.3795690692456932,0.3810211449051682,0.2955172618271312,0.2814609324615275,0.233783591079571,0.3966805561660446,0.4056246931474712,0.4122744374195369,0.2806278733835874,0.3616533897194143,0.4090319129319408,0.3743893035834705,0.3879685300341747,0.4240420040343855,0.2999219029841242,0.3903378024673357,0.2226846117689819,0.387471661539788,0.3009440760601649,0.3896094958302344,0.4058193487023813,0.4177041724878226,0.4175946247772736,0.4159870789077298,0.4108511002912418,0.4023893144304409,0.3963029596728236,0.404151168022598,0.3126467107778652,0.3982432788117885,0.3916738116314384,0.4109259599300402,0.3709044307257931,0.396764067226026,0.3983614998968901,0.3518521486461552
0.4048263363417247,0.4473087129039192,0.0,0.0,0.0,0.0,0.0,0.0,0.0,0.3846575125968334,0.0,0.3900277412287999,0.0,0.0,0.483348574853325,0.4378577149243475,0.4204668706077453,0.4246446382584692,0.0,0.4324751566613877,0.4831570454043449,0.4730970200944055,0.5014168039133596,0.349733226515685,0.432129308570208,0.4399536586207175,0.0,0.0,0.0,0.0,0.3872042085037301,0.3430725449428393,0.2617338097662433,0.2466452365486016,0.242037191261736,0.2998018558106082,0.0,0.2461667601428944,0.3126468719711846,0.0,0.2740520458952446,0.3910946071259338,0.427718921527416,0.2344261823384476,0.1816756335345993,0.3377258170521479,0.3776114292544054,0.0,0.0,0.0,0.3547157326953755,0.3398472032617993,0.4123470161184553,0.3699551287409389,0.3379404705776592,0.4021226730183291,0.2497378950708793,0.3341615539695576,0.0,0.37989773083987,0.3741618378562825,0.3624824665244865,0.3359256610564099,0.0,0.3619228293160113,0.3639727947846861,0.3665556896220923,0.3874403766447781,0.2350576626190306,0.3313053178598202,0.3533612071830614,0.3686667973131547,0.3290282995227928,0.3469150265862785,0.3663039866578874,0.2913665310675537
0.4247691280223316,0.4501325168313165,0.0,0.0,0.0,0.5472182063998803,0.0,0.5042643695956889,0.0,0.3373092061853319,0.0,0.3003251378816586,0.0,0.0,0.4705174105495335,0.4465898808270439,0.0,0.4375071651410545,0.0,0.4493720675296128,0.4602509665980119,0.4685999952400251,0.5207149225629536,0.3557632747360364,0.4424119522678526,0.4591010439828968,0.5391738728934409,0.3317182284597929,0.4751008441955532,0.0,0.4161020233442147,0.3687711919489287,0.2648862182584454,0.2754207472798029,0.2743520779528517,0.315655452318052,0.3116584744313676,0.2454214304664492,0.3795690692456932,0.2740520458952446,0.0,0.3690223578477837,0.4607463015331741,0.3376002807134374,0.2231965216800566,0.3626740863381382,0.3568053888097931,0.4253413329976143,0.34139700381208,0.3966459343394969,0.4190591655425615,0.3608140516341577,0.4473687158779921,0.4345587370847438,0.3253180027359715,0.4467199448018028,0.2529784386793368,0.3740593852486617,0.3992432340533572,0.3888455154209863,0.3849991239708262,0.3852170221352474,0.3834798392359757,0.4353361489055646,0.405516533130881,0.401553137554454,0.3767856986759054,0.4369047096845218,0.2518354083121962,0.3817837454276206,0.3629145685265715,0.4242743399946315,0.3375798306406751,0.3766752108461421,0.3696194296796904,0.2640034769790966
