0.0,0.334829881660781,0.0,0.0,0.0,0.2487467778736213,0.0,0.481230021439914,0.0,0.3695503253434438,0.0,0.3726128027102028,0.2781112702269321,0.0,0.3224422836220484,0.3339514963269288,0.3367818031232208,0.3274441581981795,0.0,0.3503780662752878,0.3981065003526948,0.3422449916600389,0.4336472814278407,0.3734160655119014,0.312408824943221,0.3436604496936367,0.4062109387885663,0.3277627287024101,0.3435911333285603,0.0,0.3218809808423205,0.3922852028055457,0.2915951369997978,0.3270620796544267,0.3734377907347436,0.0,0.0,0.0,0.4110330228917817,0.3779339960781709,0.3848023064372864,0.0,0.0,0.0,0.0,0.378346463945515,0.4100838396460471,0.0,0.0,0.0,0.0,0.0,0.0,0.0,0.0,0.0,0.0,0.0,0.0,0.0,0.3997211808719353,0.0,0.3443562075205783,0.0,0.0,0.3835641014937522,0.4036931057802579,0.0,0.402830372656207,0.3829517114924248,0.3992815600004575,0.0,0.0,0.0,0.0,0.3429526041112454
0.334829881660781,0.0,0.0,0.0,0.3456951723863383,0.3365683240551204,0.2934782623454342,0.3783108048903514,0.2823588300628063,0.0,0.0,0.0,0.3571669650444107,0.0,0.3450244508767954,0.3453849366672269,0.0,0.3368137130178182,0.0,0.3750523010805525,0.3574821784430432,0.3460462467590716,0.3392203403258797,0.0,0.3192529374891506,0.3485007669823301,0.3590782273073855,0.3424347417770864,0.3621939285738184,0.0,0.3147205003815337,0.38081779645546,0.3035452163984336,0.3239241948635305,0.3877691663381047,0.0,0.0,0.0,0.42127157590597,0.3901382076568443,0.3939915368399108,0.4365311614281117,0.0,0.0,0.0,0.4068952847108465,0.4106305001514699,0.0,0.0,0.0,0.3165534096568817,0.0,0.0,0.0,0.0,0.0,0.0,0.0,0.0,0.4118804454595248,0.3993429739619198,0.0,0.3335080867660782,0.0,0.3930953411176771,0.4131734339792157,0.4096534269287027,0.3697089302120381,0.0,0.3729721081258024,0.418323068915685,0.3637281782724512,0.0,0.3753840021093217,0.0,0.3784271202579796
0.0,0.0,0.0,0.3415829554047865,0.3739078646245948,0.3560170932509712,0.3990881074128375,0.355626152736999,0.2857526375868581,0.3367061615010079,0.3248606886604739,0.2756286021875989,0.3882775784316575,0.3575373346735764,0.0,0.0,0.0,0.0,0.2814247107123611,0.0,0.0,0.0,0.2600030326566305,0.0,0.0,0.0,0.2660381719598635,0.3789052031796352,0.0,0.0,0.3962043163441533,0.3616729223207622,0.2857560205354624,0.3858439609421337,0.3643304508556117,0.3254671015740571,0.3766950876397217,0.0,0.4206285016791585,0.0,0.3897816301998444,0.0,0.4514749865480263,0.0,0.0,0.0,0.0,0.4953708221180216,0.0,0.4909613495996039,0.4966892574651916,0.4945262758934174,0.5062867373234214,0.5170411908835874,0.0,0.4774917836492368,0.0,0.4421346450616539,0.4620583582374512,0.0,0.0,0.0,0.0,0.3416643068676127,0.0,0.0,0.0,0.5098180630763732,0.0,0.0,0.0,0.5064135849744295,0.380353380156938,0.0,0.0,0.0
0.0,0.0,0.3415829554047865,0.0,0.1885719281421725,0.3398526194728468,0.1732492705082943,0.2630697587355129,0.3508410324392009,0.2737060753801248,0.3052350733035265,0.0,0.2634875943784852,0.2432319702169046,0.0,0.0,0.0,0.0,0.0,0.4069058773745818,0.0,0.0,0.3586537458975261,0.0,0.0,0.0,0.3840438872039316,0.2091911863218064,0.313408455471664,0.0,0.2380799288539491,0.2661147501870678,0.0,0.2699306937428468,0.2626690667286955,0.1796460548247662,0.1640777000984331,0.1899215121880907,0.0,0.0,0.0,0.0,0.0,0.0,0.0,0.0,0.0,0.0,0.0,0.0,0.0,0.0,0.0,0.0,0.0,0.0,0.0,0.0,0.0,0.0,0.0,0.0,0.0,0.0,0.0,0.0,0.0,0.0,0.0,0.0,0.0,0.0,0.0,0.0,0.0,0.0
0.0,0.3456951723863383,0.3739078646245948,0.1885719281421725,0.0,0.3675229810537784,0.3038975239006037,0.3368416897883444,0.327016295582802,0.3569961341541884,0.2814025131961173,0.3664008489317648,0.3694355826842468,0.2605496524380186,0.0,0.3399729632946863,0.0,0.0,0.3650000001829774,0.3774846460672496,0.0,0.3710521508233028,0.36884519061896,0.0,0.3392399768261774,0.0,0.3669781984880407,0.3430969460732231,0.3409055785907646,0.0,0.3949629842479669,0.325309652983422,0.3068279127822886,0.3806326664943534,0.3793067099457573,0.1781990286167928,0.1378620733386274,0.3126629691799733,0.0,0.0,0.0,0.0,0.0,0.0,0.0,0.0,0.0,0.4456747069382593,0.0,0.0,0.4208176276737377,0.0,0.0,0.402195642373803,0.0,0.3887264007287158,0.0,0.0,0.0,0.0,0.0,0.0,0.0,0.4209321888402565,0.0,0.0,0.0,0.4671514262039192,0.0,0.0,0.0,0.4252032143073717,0.0,0.0,0.0,0.0
0.2487467778736213,0.3365683240551204,0.3560170932509712,0.3398526194728468,0.3675229810537784,0.0,0.3696927100446657,0.3643129888249264,0.3217986933076155,0.3761503503447764,0.3672223378111303,0.2997529325574296,0.3381862612422645,0.0,0.3531502323612215,0.3598427021153654,0.2637964276505112,0.3494823487043576,0.3194041520024592,0.3664594678173572,0.3205305574237728,0.3666315832365671,0.3490596798632702,0.0,0.3103839356759827,0.3274695051991134,0.3248971440202973,0.3306202808186007,0.3202979638551916,0.3541081574676522,0.3756862117703997,0.363937027379788,0.3189351231952935,0.3803914885800374,0.3950101050985429,0.3841472236522246,0.3575069564247237,0.2791982294089679,0.445223529896675,0.0,0.4737466708001875,0.42514189678991,0.2741047353089214,0.0,0.0,0.0,0.2282303561410189,0.4673264498689106,0.0,0.3834184652178666,0.4427572322047245,0.4264111235243793,0.4331396200231376,0.4676474800694166,0.0,0.3921064922332429,0.0,0.4188763115739952,0.0,0.3211309132323819,0.0,0.0,0.0,0.4388185579074991,0.3849450330630043,0.3081750459571291,0.2474984971466238,0.4536470326574904,0.0,0.0,0.2609587037446612,0.4396870562207173,0.4411357713975404,0.4137295438558606,0.4077130137286299,0.4562172538932537
0.0,0.2934782623454342,0.3990881074128375,0.1732492705082943,0.3038975239006037,0.3696927100446657,0.0,0.3791776334753415,0.3533703693099922,0.2992504969415719,0.3907044032451875,0.3263362817526547,0.3024630549640921,0.2764924733198172,0.0,0.347700222017281,0.3751444893562691,0.3419090870006243,0.4022309403148436,0.371790585303875,0.0,0.3763245285880578,0.3814046540446825,0.3182545469378545,0.2995962390519814,0.2935255072846059,0.3753863903574017,0.304378885253417,0.3493983308395602,0.0,0.3730871949481489,0.3706641291305332,0.2940433505975338,0.3567162931073047,0.362616207300715,0.2423564881809674,0.1552471730456348,0.3067568149916906,0.27852063927188,0.0,0.2341293891326366,0.0,0.3186622958161756,0.0,0.0,0.0,0.0,0.3856564125379105,0.0,0.0,0.424027787662392,0.0,0.4083750773771592,0.3496510471753591,0.0,0.3288584078233508,0.0,0.0,0.0,0.0,0.0,0.0,0.0,0.3094333721750689,0.0,0.0,0.0,0.4646825848310991,0.0,0.0,0.0,0.4324202304077184,0.0,0.0,0.0,0.0
0.481230021439914,0.3783108048903514,0.355626152736999,0.2630697587355129,0.3368416897883444,0.3643129888249264,0.3791776334753415,0.0,0.4163083487458185,0.3565911593943683,0.2896451013109921,0.3951510821080952,0.386337580334663,0.3201540538243486,0.408702227788967,0.4120018271633264,0.0,0.4336489421162006,0.3165524702120196,0.3729037016830241,0.3849240063542762,0.3858943463985764,0.3165857066920923,0.4982375961603673,0.4283518001608375,0.4469079464078604,0.388140344396651,0.3677628479285614,0.3043107649811786,0.3696106370430564,0.4051324813798234,0.3496229966946287,0.4324824939138728,0.4075484747287567,0.371029665836104,0.2240321840321751,0.1702259922879883,0.0,0.4352803955831533,0.0,0.4474686880369617,0.0,0.3424042461177819,0.0,0.0,0.0,0.0,0.4824841184514751,0.0,0.0,0.4289431629505134,0.4262371435504647,0.3520353475423933,0.48979611139128,0.0,0.4413681715734016,0.0,0.4157651585788075,0.0,0.4302998032901386,0.0,0.0,0.0,0.464532169673281,0.4502088322081293,0.3627383255377236,0.0,0.4490280816551427,0.0,0.0,0.0,0.4403618562086429,0.4234154103634937,0.4021872334641274,0.0,0.442041151104597
0.0,0.2823588300628063,0.2857526375868581,0.3508410324392009,0.327016295582802,0.3217986933076155,0.3533703693099922,0.4163083487458185,0.0,0.3991734282061031,0.2861549623190622,0.3692708796952229,0.3372714966836107,0.3544653863376211,0.0,0.3146150271423831,0.0,0.2658823852708134,0.2501220342492823,0.3580948599786937,0.0,0.3494039023330684,0.369647014153689,0.298577200012018,0.2206960621610924,0.3093944807356014,0.3141539912916885,0.3802999756734147,0.3056069396879721,0.3431152921163716,0.4015996921351124,0.3733729286335284,0.3459940234679475,0.395807112807914,0.3757430010302041,0.3449287285509195,0.3435454843228659,0.3125965337120326,0.4222392664754766,0.0,0.2973383261432806,0.0,0.4415524984482965,0.0,0.0,0.0,0.0,0.5069478662845054,0.0,0.4332997634140348,0.4807818259285472,0.4278221077141341,0.4818316006655014,0.4861172977839958,0.0,0.480165292034574,0.0,0.3717046164206852,0.0,0.0,0.0,0.0,0.0,0.4863624105998048,0.0,0.0,0.0,0.4936897030453848,0.0,0.0,0.0,0.4851726208940815,0.347307152063002,0.0,0.0,0.0
0.3695503253434438,0.0,0.3367061615010079,0.2737060753801248,0.3569961341541884,0.3761503503447764,0.2992504969415719,0.3565911593943683,0.3991734282061031,0.0,0.3916346430654145,0.2755401974019322,0.3736857874821643,0.0,0.0,0.2515392579264492,0.2901969471184732,0.3022467414644211,0.3802734721167601,0.3423962044181972,0.0,0.2696888446178918,0.3460457260967615,0.2765426910139126,0.2877205785826656,0.2950930740815439,0.3420219199133132,0.3285826710122867,0.2745796553137842,0.0,0.2904957498571994,0.2738975275671078,0.2675559915507768,0.2669698983682302,0.2909831403672938,0.2391284932924719,0.2117714254851151,0.2472018146107597,0.2438931561295973,0.3288224498517301,0.2930854212087961,0.2882883635341975,0.0,0.0,0.3323007287198312,0.4081168002439918,0.0,0.0,0.0,0.0,0.0,0.0,0.0,0.0,0.4056957661026487,0.0,0.4083836856037998,0.3029991981587077,0.0,0.0,0.0,0.3991271483327371,0.4009969816104439,0.0,0.0,0.0,0.0,0.0,0.4043827452307441,0.386706257791984,0.4058467497708848,0.0,0.3445301692934173,0.0,0.0,0.3874345937666819
0.0,0.0,0.3248606886604739,0.3052350733035265,0.2814025131961173,0.3672223378111303,0.3907044032451875,0.2896451013109921,0.2861549623190622,0.3916346430654145,0.0,0.3694891589090334,0.4024504496552683,0.28238746846157,0.0,0.0,0.3261909340686249,0.0,0.2660244209550533,0.0,0.0,0.0,0.2634582006419499,0.3387945098321721,0.0,0.2651158869333972,0.3592600866787609,0.4001091777528046,0.0,0.0,0.4191472214265047,0.3226822030625281,0.3413899426841268,0.4080613572854866,0.3913166922630176,0.2602814627085796,0.1223419210451557,0.3412616088491036,0.3110546425011639,0.0,0.0,0.0,0.3304058124282943,0.0,0.0,0.0,0.0,0.3986870269548204,0.0,0.3264031766154305,0.4297601372261046,0.3617970939876859,0.3982209866535212,0.4139561789246563,0.0,0.240228803668926,0.0,0.335847203186479,0.3622125031830137,0.0,0.0,0.0,0.0,0.249791162181917,0.0,0.0,0.0,0.4496884061465255,0.0,0.0,0.0,0.44847268843987,0.3247434980923532,0.0,0.0,0.0
0.3726128027102028,0.0,0.2756286021875989,0.0,0.3664008489317648,0.2997529325574296,0.3263362817526547,0.3951510821080952,0.3692708796952229,0.2755401974019322,0.3694891589090334,0.0,0.3855934005633112,0.0,0.0,0.0,0.3121870837299966,0.2592393214931366,0.3064861757321844,0.0,0.0,0.0,0.331905774711537,0.2571841896815024,0.313809139427327,0.2907495291899248,0.2828024454196279,0.3419340656122839,0.0,0.0,0.3186572952703125,0.2645411869598092,0.2617789128660583,0.2636004062554763,0.2854713144192999,0.2434815012695537,0.1738495988135706,0.2286433400220544,0.2586789202605919,0.349286378129179,0.3006095092187496,0.3156249746476727,0.0,0.0,0.3518130779029931,0.0,0.0,0.0,0.0,0.0,0.0,0.0,0.0,0.0,0.4028524408023496,0.0,0.4071036865349627,0.3048351415385376,0.0,0.0,0.0,0.3947585977164967,0.3798360869977859,0.0,0.0,0.0,0.0,0.0,0.400763051357944,0.3916698944943735,0.4037630795315408,0.0,0.3428624151028226,0.0,0.0,0.3815387079130377
0.2781112702269321,0.3571669650444107,0.3882775784316575,0.2634875943784852,0.3694355826842468,0.3381862612422645,0.3024630549640921,0.386337580334663,0.3372714966836107,0.3736857874821643,0.4024504496552683,0.3855934005633112,0.0,0.3509970727198769,0.0,0.3845968308946705,0.3881370788403385,0.3772459222478577,0.3985406283109384,0.3704538735044065,0.3653145327208199,0.380625329813145,0.3729047136419086,0.3115099799295077,0.3627043599659485,0.3831445444224545,0.3769847422487269,0.2970065305805035,0.3238462495227632,0.3387787935455525,0.3615725636332641,0.3663503728859051,0.3203000411801752,0.3713620403453792,0.3608804328613127,0.3219400974934912,0.297860049271043,0.3064565396710773,0.4201833896525531,0.271949189357079,0.2975160739131725,0.238064141247645,0.3113577066844855,0.0,0.3010042865217436,0.0,0.0,0.3567324641720689,0.0,0.0,0.4159769425169181,0.3108529703023175,0.4287900432511962,0.0,0.0,0.349597629711625,0.3630129731124276,0.0,0.0,0.3221354581504283,0.0,0.0,0.0,0.0,0.3284086272307372,0.0,0.0,0.4536699943040383,0.0,0.290603853439809,0.2560939216526176,0.4407354849576362,0.0,0.365521367870704,0.0,0.0
0.0,0.0,0.3575373346735764,0.2432319702169046,0.2605496524380186,0.0,0.2764924733198172,0.3201540538243486,0.3544653863376211,0.0,0.28238746846157,0.0,0.3509970727198769,0.0,0.0,0.0,0.0,0.0,0.3225816927674588,0.0,0.0,0.0,0.3287118616907452,0.0,0.0,0.0,0.3922016322113497,0.2348328370165983,0.0,0.0,0.400812132332176,0.259734893180107,0.0,0.3563648578001666,0.0,0.2005448055944615,0.1738988916043974,0.0,0.0,0.0,0.0,0.0,0.3151388763507743,0.0,0.0,0.0,0.0,0.4092576050644241,0.0,0.0,0.0,0.0,0.0,0.4241803447465644,0.0,0.3442504063869494,0.0,0.0,0.0,0.0,0.0,0.0,0.0,0.0,0.0,0.0,0.0,0.4077947655150329,0.0,0.0,0.0,0.3861518664834656,0.0,0.0,0.0,0.0
0.3224422836220484,0.3450244508767954,0.0,0.0,0.0,0.3531502323612215,0.0,0.408702227788967,0.0,0.0,0.0,0.0,0.0,0.0,0.0,0.3603255333330268,0.0,0.3477610771572612,0.0,0.3182537902244604,0.3335406538184759,0.3560021907239144,0.3276135212246653,0.4129462557194233,0.3275204315676368,0.3494394380882491,0.3857920037870808,0.3383770503329984,0.3638619654243919,0.0,0.355850091934024,0.3948250454222692,0.3121296965055705,0.379836126940631,0.4282908667044856,0.4605442161425847,0.0,0.0,0.4294820644836465,0.4177359169984304,0.4518385317733299,0.4785279406877497,0.0,0.0,0.0,0.0,0.4199845543962292,0.0,0.0,0.0,0.3810299941704647,0.0,0.4787504323854064,0.0,0.0,0.0,0.0,0.0,0.0,0.4302266848392934,0.3761758885939226,0.0,0.0,0.0,0.4259646908410781,0.4286074511278864,0.4291557814928131,0.422502347255214,0.0,0.2380276953071213,0.4540958767187109,0.4279558146542838,0.4300955123293135,0.4190201292923864,0.0,0.4451053147456286
0.3339514963269288,0.3453849366672269,0.0,0.0,0.3399729632946863,0.3598427021153654,0.347700222017281,0.4120018271633264,0.3146150271423831,0.2515392579264492,0.0,0.0,0.3845968308946705,0.0,0.3603255333330268,0.0,0.3226057555738708,0.32421288002779,0.0,0.3763148544057775,0.3621238661908145,0.3351482761418495,0.3721246745564318,0.3181659429959933,0.3193317863114939,0.3534244569581163,0.3784871271734724,0.3683339460254831,0.3920806177346805,0.3813588567265036,0.3272775548754583,0.4030030130911083,0.3320586476809218,0.3568438117629758,0.4036258722560997,0.0,0.0,0.0,0.4199567993234902,0.380172930837329,0.3867499411308671,0.4276683598513736,0.0,0.0,0.0,0.4010862270398795,0.4060719123321538,0.0,0.0,0.0,0.0,0.0,0.0,0.0,0.0,0.0,0.0,0.0,0.0,0.3962957845519893,0.3895473541078132,0.0,0.3485301658906866,0.0,0.0,0.0,0.3989966608221854,0.291187699810583,0.0,0.3838293276139294,0.4038542823741946,0.0,0.0,0.3097499478777937,0.0,0.3791959436575091
0.3367818031232208,0.0,0.0,0.0,0.0,0.2637964276505112,0.3751444893562691,0.0,0.0,0.2901969471184732,0.3261909340686249,0.3121870837299966,0.3881370788403385,0.0,0.0,0.3226057555738708,0.0,0.2989753314432047,0.0,0.3048907679499312,0.0,0.3035195345319001,0.0,0.3223758881655309,0.299831040111219,0.2986898927361313,0.0,0.3461360828450079,0.282749340932563,0.0,0.3181727412228645,0.376715380800758,0.2850869003682596,0.3320582366138576,0.3437306676031882,0.0,0.0,0.2482756905785577,0.0,0.3322454147307268,0.0,0.0,0.0,0.0,0.0,0.0,0.0,0.0,0.0,0.0,0.0,0.0,0.0,0.0,0.3991484150630848,0.0,0.4036755543565193,0.0,0.0,0.0,0.0,0.3671781742511251,0.3760972136263676,0.0,0.0,0.0,0.0,0.0,0.3894764078122814,0.3896741314984511,0.3994674201044497,0.0,0.0,0.0,0.0,0.0
0.3274441581981795,0.3368137130178182,0.0,0.0,0.0,0.3494823487043576,0.3419090870006243,0.4336489421162006,0.2658823852708134,0.3022467414644211,0.0,0.2592393214931366,0.3772459222478577,0.0,0.3477610771572612,0.32421288002779,0.2989753314432047,0.0,0.0,0.3708772624907442,0.3987991974067399,0.3484649556748708,0.3985884748077947,0.3145489713226626,0.2990257867410245,0.3135332447560499,0.370849452992345,0.3797005322210446,0.3796816156208062,0.3477000953770575,0.3203731610252963,0.3849170258912974,0.3039676562620733,0.3496000425228609,0.3648205610020371,0.0,0.0,0.0,0.4035576749526578,0.3569894319037066,0.3770317332232494,0.3998647023933434,0.0,0.0,0.0,0.3852657781975051,0.389960706314001,0.0,0.0,0.0,0.0,0.0,0.0,0.0,0.3778261378424182,0.0,0.3798004792963443,0.0,0.0,0.0,0.3737743585124106,0.3415387075286623,0.3674662221799951,0.0,0.0,0.0,0.373582484840632,0.0,0.3860166136373479,0.3828740839841528,0.3896798253106512,0.0,0.0,0.0,0.0,0.3726627259408971
0.0,0.0,0.2814247107123611,0.0,0.3650000001829774,0.3194041520024592,0.4022309403148436,0.3165524702120196,0.2501220342492823,0.3802734721167601,0.2660244209550533,0.3064861757321844,0.3985406283109384,0.3225816927674588,0.0,0.0,0.0,0.0,0.0,0.0,0.0,0.0,0.2307111121140681,0.0,0.0,0.0,0.3477866974456381,0.3915013277870922,0.0,0.0,0.3997945079797595,0.3565886525880692,0.0,0.3848211142020203,0.3837110767211872,0.316629825515916,0.332881069719094,0.3361280393353485,0.3861075237406842,0.0,0.0,0.0,0.4382771795666821,0.0,0.0,0.0,0.0,0.5116633567503543,0.0,0.0,0.4677547850081276,0.410319745691314,0.4662892857908188,0.4843264080075689,0.0,0.4851783159007752,0.0,0.3676355500197872,0.0,0.0,0.0,0.0,0.0,0.4793510506702536,0.0,0.0,0.0,0.4750622317959438,0.0,0.0,0.0,0.4749451480272318,0.0,0.0,0.0,0.0
0.3503780662752878,0.3750523010805525,0.0,0.4069058773745818,0.3774846460672496,0.3664594678173572,0.371790585303875,0.3729037016830241,0.3580948599786937,0.3423962044181972,0.0,0.0,0.3704538735044065,0.0,0.3182537902244604,0.3763148544057775,0.3048907679499312,0.3708772624907442,0.0,0.0,0.3794235884484008,0.3394191656914017,0.3056878924213786,0.0,0.3514580682323355,0.3708407977447746,0.3251287504073363,0.3436898879725305,0.2955368041011558,0.258428425033601,0.3372997042705258,0.4272870961531143,0.3595719309595431,0.4010953883849289,0.4643509286272363,0.4716735109047651,0.4064845389923102,0.0,0.426873897704168,0.3332149369600228,0.4326854345369065,0.441793985775632,0.0,0.0,0.0,0.0,0.375020530794188,0.0,0.0,0.0,0.3646827776114368,0.0,0.4302135192485348,0.0,0.0,0.0,0.0,0.3127809203956545,0.0,0.4048913570963694,0.2650537502296554,0.0,0.0,0.0,0.4273535133493612,0.4081724510271492,0.4084851914743379,0.4230017662131687,0.0,0.2072864785011363,0.421947109940402,0.4311913502629427,0.3736564951383251,0.4076799038955666,0.3432590095767555,0.4114499507915916
0.3981065003526948,0.3574821784430432,0.0,0.0,0.0,0.3205305574237728,0.0,0.3849240063542762,0.0,0.0,0.0,0.0,0.3653145327208199,0.0,0.3335406538184759,0.3621238661908145,0.0,0.3987991974067399,0.0,0.3794235884484008,0.0,0.375621938862153,0.3574687575411112,0.4951931366300981,0.3759848578649767,0.3746037758344175,0.3908583613456678,0.3662636517472777,0.3527504822013217,0.0,0.3657960944795807,0.4050174879784875,0.3145305370275658,0.3757475440252641,0.4373471623935889,0.0,0.0,0.0,0.4391714177363282,0.4104387778455786,0.4689672486146074,0.0,0.0,0.0,0.0,0.4038464088823016,0.4397856139036734,0.0,0.0,0.0,0.3951062152123041,0.0,0.3775947151436241,0.0,0.0,0.0,0.0,0.0,0.0,0.4465412789446408,0.388725091202034,0.0,0.0,0.0,0.4384795018678638,0.4146149340501107,0.4372216899028179,0.4313491520323154,0.0,0.3468097665770453,0.4607005264398142,0.4352320359365928,0.4360259166455241,0.4196419036315705,0.0,0.0
0.3422449916600389,0.3460462467590716,0.0,0.0,0.3710521508233028,0.3666315832365671,0.3763245285880578,0.3858943463985764,0.3494039023330684,0.2696888446178918,0.0,0.0,0.380625329813145,0.0,0.3560021907239144,0.3351482761418495,0.3035195345319001,0.3484649556748708,0.0,0.3394191656914017,0.375621938862153,0.0,0.3988139838103779,0.0,0.3310426454836707,0.3623015449872905,0.3952958708363052,0.3776739843953109,0.3737153834383125,0.3799402792708399,0.3329700935111406,0.4109532843701435,0.3434393866808461,0.3821160792505704,0.442010855308774,0.4625795080226738,0.4149982446080355,0.0,0.4186845590432312,0.4019431604459302,0.4182733831798524,0.4563040608285342,0.0,0.0,0.0,0.3981712460248894,0.4115080663232189,0.0,0.0,0.0,0.3533016078415853,0.0,0.0,0.0,0.0,0.0,0.0,0.0,0.0,0.4236520078904069,0.3902902431823982,0.0,0.2571508036346412,0.0,0.4089201853961509,0.4237438698684508,0.4153844820791215,0.4118378833507864,0.0,0.34716389909675,0.430239538731538,0.4028350961221514,0.2880089167213289,0.3919625790277837,0.0,0.3601550858650841
0.4336472814278407,0.3392203403258797,0.2600030326566305,0.3586537458975261,0.36884519061896,0.3490596798632702,0.3814046540446825,0.3165857066920923,0.369647014153689,0.3460457260967615,0.2634582006419499,0.331905774711537,0.3729047136419086,0.3287118616907452,0.3276135212246653,0.3721246745564318,0.0,0.3985884748077947,0.2307111121140681,0.3056878924213786,0.3574687575411112,0.3988139838103779,0.0,0.4940060256919891,0.3203247697523095,0.389048214530995,0.302092034565373,0.3600777736682206,0.3233930667026012,0.3580356370076593,0.383553750052614,0.3759679855630571,0.3445851987444041,0.3886449219216541,0.3787329746166387,0.331689978537423,0.3559635215453226,0.2836377890672433,0.4597820681271838,0.0,0.474029421629968,0.4702373315807863,0.4173741578869487,0.3520109711090056,0.0,0.0,0.3578950398122121,0.4736707676160563,0.0,0.4803557897223147,0.4581150819292816,0.4583419959875531,0.4063201385602693,0.4992658659139695,0.0,0.475817224266114,0.0,0.4542246455398574,0.4617827515463723,0.4230429218202802,0.0,0.0,0.0,0.4812377531710546,0.4429112612223348,0.4435608295022032,0.4097533480227558,0.4552137988341407,0.0,0.2254035792040337,0.3768713960717546,0.4598686023366322,0.4544215077193909,0.4423931078521502,0.4655473663157927,0.4757614139908726
0.3734160655119014,0.0,0.0,0.0,0.0,0.0,0.3182545469378545,0.4982375961603673,0.298577200012018,0.2765426910139126,0.3387945098321721,0.2571841896815024,0.3115099799295077,0.0,0.4129462557194233,0.3181659429959933,0.3223758881655309,0.3145489713226626,0.0,0.0,0.4951931366300981,0.0,0.4940060256919891,0.0,0.3267164788780768,0.3096639563440895,0.4235141407825097,0.3200685358656069,0.0,0.0,0.305109440872081,0.2776072536343548,0.2421239379414774,0.2724227680049182,0.2909170950422586,0.2319539519649944,0.2132999001553764,0.2267719169662963,0.3017090269868856,0.3096725470502901,0.3189461158486651,0.0,0.0,0.0,0.3111148607873873,0.398809151599326,0.0,0.0,0.0,0.0,0.0,0.0,0.0,0.0,0.3926842544847655,0.0,0.4013695396370095,0.0,0.0,0.0,0.3885144603120785,0.404841861476157,0.3925063930009113,0.0,0.0,0.0,0.0,0.0,0.4155259718438206,0.4075155251175676,0.4153969321700442,0.0,0.356994177864506,0.0,0.0,0.3949313148093513
0.312408824943221,0.3192529374891506,0.0,0.0,0.3392399768261774,0.3103839356759827,0.2995962390519814,0.4283518001608375,0.2206960621610924,0.2877205785826656,0.0,0.313809139427327,0.3627043599659485,0.0,0.3275204315676368,0.3193317863114939,0.299831040111219,0.2990257867410245,0.0,0.3514580682323355,0.3759848578649767,0.3310426454836707,0.3203247697523095,0.3267164788780768,0.0,0.3120771448522801,0.3232427302904749,0.3584588611729403,0.33764465288403,0.0,0.3167379482545434,0.3740181132565527,0.2778681706068674,0.3236611746686076,0.3470686502528817,0.0,0.0,0.2372739476442349,0.4037532609329465,0.3584547925216767,0.3791214507913367,0.4010327770021071,0.0,0.0,0.0,0.3912283114150785,0.3943322144903887,0.0,0.0,0.0,0.0,0.0,0.0,0.0,0.392874324677506,0.0,0.3979495126320661,0.0,0.0,0.3558723260028434,0.3782655587743461,0.3786418455474116,0.368109143033128,0.0,0.3479976354397778,0.3911244119901363,0.3428392502180339,0.2757421631180615,0.4004746503313436,0.3803936177779794,0.3899252536638894,0.0,0.0,0.3257108271770977,0.0,0.3742357118212425
0.3436604496936367,0.3485007669823301,0.0,0.0,0.0,0.3274695051991134,0.2935255072846059,0.4469079464078604,0.3093944807356014,0.2950930740815439,0.2651158869333972,0.2907495291899248,0.3831445444224545,0.0,0.3494394380882491,0.3534244569581163,0.2986898927361313,0.3135332447560499,0.0,0.3708407977447746,0.3746037758344175,0.3623015449872905,0.389048214530995,0.3096639563440895,0.3120771448522801,0.0,0.3902495082797313,0.3703754541297772,0.3573559802586088,0.0,0.3317825784851754,0.3950873383052407,0.3128715783467414,0.3436359084880535,0.3922817241062798,0.4368573818877397,0.0,0.2638187975254818,0.4135902459028632,0.3673193479170652,0.3967028078045781,0.432357544598233,0.0,0.0,0.3482002169372767,0.4163358338725043,0.4261224654990592,0.0,0.0,0.0,0.3156881441816897,0.0,0.0,0.0,0.3997380220125641,0.0,0.4026873083338192,0.2567073721427286,0.0,0.4469859261962488,0.4039357851863023,0.391021995699873,0.3864000448546647,0.0,0.4105016517404415,0.4578445644569575,0.433435372858136,0.4203324624133269,0.4180248382042457,0.3999773275590725,0.4196674317632406,0.4096126455756989,0.3285030957413225,0.3761935549720945,0.0,0.390930144925405
0.4062109387885663,0.3590782273073855,0.2660381719598635,0.3840438872039316,0.3669781984880407,0.3248971440202973,0.3753863903574017,0.388140344396651,0.3141539912916885,0.3420219199133132,0.3592600866787609,0.2828024454196279,0.3769847422487269,0.3922016322113497,0.3857920037870808,0.3784871271734724,0.0,0.370849452992345,0.3477866974456381,0.3251287504073363,0.3908583613456678,0.3952958708363052,0.302092034565373,0.4235141407825097,0.3232427302904749,0.3902495082797313,0.0,0.3607102832868521,0.3277229513980595,0.3598702088696262,0.3732173370463201,0.395650314763655,0.3583791422436258,0.3973329280284697,0.4290860191589803,0.4369152956985914,0.3831798142849119,0.0,0.4544932619774712,0.0,0.4717366800757498,0.4729275159269027,0.4116978881441802,0.2814499910731289,0.0,0.0,0.3110056103265643,0.4931208364961459,0.0,0.4356189801280327,0.4509464169111169,0.4337596503225682,0.446230489534518,0.4955016486739264,0.0,0.4803864629909926,0.0,0.4335426298531628,0.0,0.4185012097135451,0.0,0.0,0.0,0.4772899502328481,0.4294311347882066,0.4157806434881516,0.3722724790185684,0.4603214072392473,0.0,0.0,0.3791771473558515,0.4477478321712581,0.4479765564900552,0.4218342845192579,0.4350745779589766,0.470803664151144
0.3277627287024101,0.3424347417770864,0.3789052031796352,0.2091911863218064,0.3430969460732231,0.3306202808186007,0.304378885253417,0.3677628479285614,0.3802999756734147,0.3285826710122867,0.4001091777528046,0.3419340656122839,0.2970065305805035,0.2348328370165983,0.3383770503329984,0.3683339460254831,0.3461360828450079,0.3797005322210446,0.3915013277870922,0.3436898879725305,0.3662636517472777,0.3776739843953109,0.3600777736682206,0.3200685358656069,0.3584588611729403,0.3703754541297772,0.3607102832868521,0.0,0.2940252378733263,0.2674593009912058,0.3313846957947665,0.3524875399135734,0.3154370079154598,0.3543791330337428,0.3217515046531505,0.2621603862003708,0.2364154029524143,0.3016719748755824,0.4076083120247708,0.2942819727068938,0.321158296144474,0.2854831345475152,0.3418394463307766,0.0,0.2908615421991907,0.0,0.0,0.3175631349946679,0.0,0.0,0.4296204531113891,0.0,0.4189136868720921,0.2805100683213509,0.3781437861403672,0.0,0.3680764166459134,0.2322307604039603,0.0,0.380613898048806,0.0,0.0,0.0,0.0,0.4152234541160305,0.391871122137738,0.3238340645320915,0.4477784977271763,0.0,0.2682987556616973,0.3242271529334732,0.4398967959292694,0.3552337070575374,0.3941143296428129,0.0,0.4403311863368287
0.3435911333285603,0.3621939285738184,0.0,0.313408455471664,0.3409055785907646,0.3202979638551916,0.3493983308395602,0.3043107649811786,0.3056069396879721,0.2745796553137842,0.0,0.0,0.3238462495227632,0.0,0.3638619654243919,0.3920806177346805,0.282749340932563,0.3796816156208062,0.0,0.2955368041011558,0.3527504822013217,0.3737153834383125,0.3233930667026012,0.0,0.33764465288403,0.3573559802586088,0.3277229513980595,0.2940252378733263,0.0,0.3064035839904884,0.3217645170991484,0.3773777853831522,0.3380435976605803,0.3769032610156457,0.4137610655771135,0.4032243012925132,0.3447812003590064,0.0,0.4116362828190442,0.0,0.3803492156650785,0.3956775923444337,0.2487075729366168,0.0,0.0,0.0,0.3451939683688716,0.3347976738925863,0.0,0.0,0.3125931372232868,0.2529994962118068,0.3787422040963811,0.0,0.0,0.0,0.0,0.2435749046526805,0.0,0.4023903651862689,0.0,0.0,0.0,0.0,0.3953438301437083,0.384455646624593,0.3748501748923843,0.4156547050396448,0.0,0.0,0.3655515042934023,0.4118696323660551,0.3595563014968075,0.3833171111199541,0.3758026830373863,0.4009969149269187
0.0,0.0,0.0,0.0,0.0,0.3541081574676522,0.0,0.3696106370430564,0.3431152921163716,0.0,0.0,0.0,0.3387787935455525,0.0,0.0,0.3813588567265036,0.0,0.3477000953770575,0.0,0.258428425033601,0.0,0.3799402792708399,0.3580356370076593,0.0,0.0,0.0,0.3598702088696262,0.2674593009912058,0.3064035839904884,0.0,0.3120388822846164,0.3193179260654888,0.0,0.3382172696489128,0.3205136794772343,0.0,0.0,0.0,0.0,0.0,0.0,0.0,0.0,0.0,0.0,0.0,0.0,0.0,0.0,0.0,0.0,0.0,0.0,0.0,0.0,0.0,0.0,0.0,0.0,0.0,0.0,0.0,0.0,0.0,0.0,0.0,0.0,0.4430533589560742,0.0,0.0,0.0,0.4341136690398352,0.0,0.3724481959021544,0.0,0.0
0.3218809808423205,0.3147205003815337,0.3962043163441533,0.2380799288539491,0.3949629842479669,0.3756862117703997,0.3730871949481489,0.4051324813798234,0.4015996921351124,0.2904957498571994,0.4191472214265047,0.3186572952703125,0.3615725636332641,0.400812132332176,0.355850091934024,0.3272775548754583,0.3181727412228645,0.3203731610252963,0.3997945079797595,0.3372997042705258,0.3657960944795807,0.3329700935111406,0.383553750052614,0.305109440872081,0.3167379482545434,0.3317825784851754,0.3732173370463201,0.3313846957947665,0.3217645170991484,0.3120388822846164,0.0,0.3626280426608247,0.2828436126906499,0.3129512657349351,0.3629728377230025,0.3378639954327656,0.2243267745095855,0.2463676978722373,0.4146248386157971,0.3237595065396504,0.3725118141898779,0.0,0.315805368848264,0.0,0.0,0.0,0.3908258075893933,0.0,0.0,0.0,0.4373145937834845,0.0,0.4645107194532551,0.0,0.3835189385964433,0.0,0.396618609393051,0.0,0.0,0.4298064872465534,0.3803890829988359,0.3704133557694008,0.379871430721951,0.0,0.4406814578268033,0.0,0.4061292460776116,0.4632111259389474,0.4046445623970131,0.3888640080279533,0.4004208771654026,0.4547190540867165,0.4299029735452468,0.4283674207883066,0.0,0.3828891297400373
0.3922852028055457,0.38081779645546,0.3616729223207622,0.2661147501870678,0.325309652983422,0.363937027379788,0.3706641291305332,0.3496229966946287,0.3733729286335284,0.2738975275671078,0.3226822030625281,0.2645411869598092,0.3663503728859051,0.259734893180107,0.3948250454222692,0.4030030130911083,0.376715380800758,0.3849170258912974,0.3565886525880692,0.4272870961531143,0.4050174879784875,0.4109532843701435,0.3759679855630571,0.2776072536343548,0.3740181132565527,0.3950873383052407,0.395650314763655,0.3524875399135734,0.3773777853831522,0.3193179260654888,0.3626280426608247,0.0,0.3333974551004163,0.3326878002273156,0.3614245790244861,0.2727394677441223,0.2685111710093295,0.2435554495734929,0.2675992523607771,0.2656266490837666,0.2988990724213763,0.3278282159121312,0.3712234221861332,0.2525905051374852,0.2525001051957186,0.4392158570590534,0.4300136452021688,0.4046778125002511,0.0,0.0,0.4305695063562358,0.2333282770423559,0.4390727652510983,0.3531864446774708,0.2880204397437375,0.3658578162385142,0.2781813384095153,0.3567955655748436,0.0,0.4441257860513696,0.4346475313721564,0.0,0.419800229085466,0.3760114158681764,0.4434402105019754,0.449773419725384,0.4352703943512779,0.4502221939998912,0.3371500324918325,0.4193107309800031,0.4369511640099437,0.445923949258494,0.4427502289753338,0.4283982002512821,0.0,0.4394986331693538
0.2915951369997978,0.3035452163984336,0.2857560205354624,0.0,0.3068279127822886,0.3189351231952935,0.2940433505975338,0.4324824939138728,0.3459940234679475,0.2675559915507768,0.3413899426841268,0.2617789128660583,0.3203000411801752,0.0,0.3121296965055705,0.3320586476809218,0.2850869003682596,0.3039676562620733,0.0,0.3595719309595431,0.3145305370275658,0.3434393866808461,0.3445851987444041,0.2421239379414774,0.2778681706068674,0.3128715783467414,0.3583791422436258,0.3154370079154598,0.3380435976605803,0.0,0.2828436126906499,0.3333974551004163,0.0,0.1945118384590612,0.3178324082024731,0.3562236359814441,0.2036245854194168,0.1614010904088119,0.2884489901410368,0.2463823325975076,0.3077634507535549,0.3123810521585397,0.0,0.0,0.2438795596335524,0.401477788090001,0.405029067304714,0.0,0.0,0.0,0.0,0.0,0.0,0.0,0.3595843859473647,0.0,0.3624249958142532,0.0,0.0,0.4253712608269903,0.3834685191127528,0.32287913280475,0.3474569883138571,0.0,0.3962902131938624,0.4208253482606507,0.4137780057461879,0.417463291630074,0.3686764890784296,0.3770722137804522,0.4012898801348351,0.4335063391360066,0.0,0.0,0.0,0.3687433474211007
0.3270620796544267,0.3239241948635305,0.3858439609421337,0.2699306937428468,0.3806326664943534,0.3803914885800374,0.3567162931073047,0.4075484747287567,0.395807112807914,0.2669698983682302,0.4080613572854866,0.2636004062554763,0.3713620403453792,0.3563648578001666,0.379836126940631,0.3568438117629758,0.3320582366138576,0.3496000425228609,0.3848211142020203,0.4010953883849289,0.3757475440252641,0.3821160792505704,0.3886449219216541,0.2724227680049182,0.3236611746686076,0.3436359084880535,0.3973329280284697,0.3543791330337428,0.3769032610156457,0.3382172696489128,0.3129512657349351,0.3326878002273156,0.1945118384590612,0.0,0.2301338893930042,0.3467221565160169,0.2567923961879398,0.1792851059318697,0.3132893532317283,0.2654648904853331,0.2757845294111742,0.2890348444541383,0.2700065570034118,0.2204491100372504,0.254064673635667,0.3915851817259479,0.3967768051242101,0.3149059671243959,0.0,0.0,0.4434250229666929,0.2111901109217795,0.4402081663593287,0.2718325889484746,0.3818152723365045,0.0,0.3617746478197861,0.2321881695775271,0.0,0.4429696438881673,0.3861434245448769,0.3834993256670597,0.380295644233074,0.0,0.4394147756523708,0.4320206111836784,0.4243165023436709,0.4637923261023897,0.4005869615340762,0.3927056425568961,0.408851997175943,0.4601888978788394,0.391420608872906,0.4308710632532281,0.0,0.3911011864788709
0.3734377907347436,0.3877691663381047,0.3643304508556117,0.2626690667286955,0.3793067099457573,0.3950101050985429,0.362616207300715,0.371029665836104,0.3757430010302041,0.2909831403672938,0.3913166922630176,0.2854713144192999,0.3608804328613127,0.0,0.4282908667044856,0.4036258722560997,0.3437306676031882,0.3648205610020371,0.3837110767211872,0.4643509286272363,0.4373471623935889,0.442010855308774,0.3787329746166387,0.2909170950422586,0.3470686502528817,0.3922817241062798,0.4290860191589803,0.3217515046531505,0.4137610655771135,0.3205136794772343,0.3629728377230025,0.3614245790244861,0.3178324082024731,0.2301338893930042,0.0,0.3537157958123164,0.2957787369365794,0.2477644549061649,0.3043035578058066,0.2221458043217467,0.2855366461148338,0.3105184133295314,0.2779422815564381,0.3102654221605207,0.2582696137174561,0.0,0.4317699752713289,0.0,0.0,0.0,0.375235476967499,0.0,0.0,0.0,0.0,0.0,0.2602188417505358,0.2354505051934683,0.0,0.4721423223060896,0.4041788794977666,0.0,0.0,0.0,0.4552251838104708,0.0,0.4586410149982662,0.4537923950533498,0.0,0.3952216405734552,0.4470193516814157,0.4477994153242052,0.2931828387178446,0.3995396772742316,0.0,0.0
0.0,0.0,0.3254671015740571,0.1796460548247662,0.1781990286167928,0.3841472236522246,0.2423564881809674,0.2240321840321751,0.3449287285509195,0.2391284932924719,0.2602814627085796,0.2434815012695537,0.3219400974934912,0.2005448055944615,0.4605442161425847,0.0,0.0,0.0,0.316629825515916,0.4716735109047651,0.0,0.4625795080226738,0.331689978537423,0.2319539519649944,0.0,0.4368573818877397,0.4369152956985914,0.2621603862003708,0.4032243012925132,0.0,0.3378639954327656,0.2727394677441223,0.3562236359814441,0.3467221565160169,0.3537157958123164,0.0,0.1743727406645007,0.2236706969042182,0.260997177889844,0.2562865213437527,0.2665956755383208,0.3078635087208833,0.297105269366979,0.0,0.2226801970288086,0.0,0.0,0.4246122424363574,0.0,0.0,0.3831283831790811,0.2841780533574905,0.0,0.427528125162475,0.0,0.3416291999521228,0.2266643017769392,0.2761175964727191,0.0,0.0,0.0,0.0,0.0,0.4022433624000283,0.4082046340885787,0.0,0.0,0.4273132118138348,0.0,0.0,0.0,0.418609480786527,0.28875221253176,0.3839999936638297,0.0,0.0
0.0,0.0,0.3766950876397217,0.1640777000984331,0.1378620733386274,0.3575069564247237,0.1552471730456348,0.1702259922879883,0.3435454843228659,0.2117714254851151,0.1223419210451557,0.1738495988135706,0.297860049271043,0.1738988916043974,0.0,0.0,0.0,0.0,0.332881069719094,0.4064845389923102,0.0,0.4149982446080355,0.3559635215453226,0.2132999001553764,0.0,0.0,0.3831798142849119,0.2364154029524143,0.3447812003590064,0.0,0.2243267745095855,0.2685111710093295,0.2036245854194168,0.2567923961879398,0.2957787369365794,0.1743727406645007,0.0,0.2055163098020281,0.2602882589792145,0.0,0.258241485171462,0.3039539024834172,0.3594522971177565,0.0,0.0,0.0,0.0,0.0,0.0,0.0,0.0,0.0,0.0,0.0,0.0,0.0,0.0,0.0,0.0,0.0,0.0,0.0,0.0,0.0,0.0,0.0,0.0,0.0,0.0,0.0,0.0,0.0,0.0,0.0,0.0,0.0
0.0,0.0,0.0,0.1899215121880907,0.3126629691799733,0.2791982294089679,0.3067568149916906,0.0,0.3125965337120326,0.2472018146107597,0.3412616088491036,0.2286433400220544,0.3064565396710773,0.0,0.0,0.0,0.2482756905785577,0.0,0.3361280393353485,0.0,0.0,0.0,0.2836377890672433,0.2267719169662963,0.2372739476442349,0.2638187975254818,0.0,0.3016719748755824,0.0,0.0,0.2463676978722373,0.2435554495734929,0.1614010904088119,0.1792851059318697,0.2477644549061649,0.2236706969042182,0.2055163098020281,0.0,0.2378691541008409,0.2438117424919277,0.2545255989075582,0.2653060839025309,0.0,0.0,0.248741361923684,0.0,0.0,0.0,0.0,0.0,0.0,0.0,0.0,0.0,0.3578836579892726,0.0,0.3415795794871984,0.0,0.0,0.0,0.0,0.0,0.0,0.0,0.0,0.0,0.0,0.0,0.3171828063769064,0.3051308067196169,0.3664109835064736,0.0,0.2687668020014219,0.0,0.0,0.0
0.4110330228917817,0.42127157590597,0.4206285016791585,0.0,0.0,0.445223529896675,0.27852063927188,0.4352803955831533,0.4222392664754766,0.2438931561295973,0.3110546425011639,0.2586789202605919,0.4201833896525531,0.0,0.4294820644836465,0.4199567993234902,0.0,0.4035576749526578,0.3861075237406842,0.426873897704168,0.4391714177363282,0.4186845590432312,0.4597820681271838,0.3017090269868856,0.4037532609329465,0.4135902459028632,0.4544932619774712,0.4076083120247708,0.4116362828190442,0.0,0.4146248386157971,0.2675992523607771,0.2884489901410368,0.3132893532317283,0.3043035578058066,0.260997177889844,0.2602882589792145,0.2378691541008409,0.0,0.3125404328482701,0.3721257643806792,0.3734103309552483,0.241631471056691,0.2833228641597844,0.2617089531996381,0.3996883230675724,0.3820298945707568,0.3774321561294551,0.2663424331513879,0.3266140225565704,0.3696627688986927,0.3187136466716498,0.3605040884507209,0.379712628931484,0.3383396149178769,0.3335305908397557,0.2969919459720278,0.339911265726132,0.2697035278548604,0.4005563475744206,0.397977312178518,0.3709416399116447,0.3743930105348451,0.3707243688420742,0.429701170253814,0.401066532339318,0.4030360572018964,0.3827642529389364,0.3434229424184274,0.3758771579671323,0.3830879544674226,0.4034417942812732,0.3410959357249792,0.3858160286160036,0.3554903768261843,0.373995844194803
