0.0,0.2871067240275711,0.0,0.0,0.0,0.3135726089437374,0.0,0.3478974681965099,0.0,0.2575885021852774,0.0,0.265681410211797,0.0,0.0,0.2508444689222201,0.2750030171533312,0.0,0.2773545766347515,0.0,0.278431740454228,0.2880599547068826,0.2689074216509668,0.303994216263889,0.2455296142353583,0.2684104047326374,0.2491422596848034,0.3039743199337674,0.2598794639995563,0.2941964868047649,0.0,0.2527689528641946,0.3020573791203955,0.2221917865672523,0.2472091812331024,0.2583311384410821,0.0,0.0,0.0,0.3176814304686412,0.2859874400283621,0.2770099501808815,0.0,0.0,0.0,0.0,0.3080179418110477,0.3050304661885127,0.0,0.0,0.0,0.0,0.0,0.0,0.0,0.0,0.0,0.0,0.0,0.0,0.0,0.2921638948571115,0.0,0.2501594535880705,0.0,0.0,0.2935846025346582,0.2925392928834331,0.0,0.0,0.2589007624681883,0.2957935068530974,0.0,0.0,0.0,0.0,0.0
0.2871067240275711,0.0,0.0,0.0,0.2089746256030513,0.2549492869600835,0.2190351835639042,0.3037662412871555,0.1789415844381728,0.0,0.0,0.0,0.2587765874386678,0.0,0.2914385027960475,0.2795044301227332,0.0,0.2922903832174785,0.0,0.263542768465751,0.2678310361264967,0.2561059213660396,0.2910440732073253,0.0,0.267731303965815,0.279141502025317,0.2805489544288467,0.2686206240127244,0.2656842659764833,0.0,0.2662565167210485,0.3060554702849342,0.2449141490925814,0.2774211579125599,0.3194505974971506,0.0,0.0,0.0,0.3040129958968439,0.2781933577230138,0.2903323266500061,0.2972847795799209,0.0,0.0,0.0,0.3081528998887583,0.3052116374440308,0.0,0.0,0.0,0.0,0.0,0.0,0.0,0.0,0.0,0.0,0.0,0.0,0.2679728624732369,0.3014759141180647,0.0,0.2625363021282325,0.0,0.268877358377081,0.2649486780883123,0.2838369159390465,0.2011564793022657,0.0,0.2718111029554056,0.3030729635285866,0.258449037203842,0.0,0.2817815994041368,0.0,0.2819273475107183
0.0,0.0,0.0,0.0,0.2344137406481233,0.2545535123610719,0.2056005212667564,0.2595230977722965,0.2112158004683388,0.0,0.2122467443209372,0.0,0.2120001523083308,0.0,0.0,0.0,0.0,0.0,0.1667330256013759,0.0,0.0,0.0,0.1636033485435923,0.0,0.0,0.0,0.227107538947196,0.2080897543344297,0.0,0.0,0.2165685843068748,0.1955843692958983,0.0,0.1901583905557109,0.0,0.2233003772164436,0.0,0.0,0.0,0.0,0.0,0.0,0.3044582826410749,0.0,0.0,0.0,0.0,0.1579451133318276,0.0,0.2287641852376654,0.3211094344897583,0.0,0.3101680852193537,0.279631461407412,0.0,0.2638033983739742,0.0,0.0,0.0,0.0,0.0,0.0,0.0,0.1534790817175091,0.0,0.0,0.0,0.3352098840174124,0.0,0.0,0.0,0.3086552236574152,0.0,0.0,0.0,0.0
0.0,0.0,0.0,0.0,0.1354448937631575,0.2360976357642661,0.0,0.0,0.1896635434235982,0.0,0.0,0.0,0.2150542558502231,0.1670672497070879,0.0,0.0,0.0,0.0,0.0,0.0,0.0,0.0,0.0,0.0,0.0,0.0,0.2078995697011178,0.2000862255323853,0.0,0.0,0.0,0.2029501636142182,0.0,0.2052742710555768,0.1664733070497007,0.1327983613555827,0.1454164707276148,0.0,0.0,0.0,0.0,0.0,0.0,0.0,0.0,0.0,0.0,0.0,0.0,0.0,0.0,0.0,0.0,0.0,0.0,0.0,0.0,0.0,0.0,0.0,0.0,0.0,0.0,0.0,0.0,0.0,0.0,0.0,0.0,0.0,0.0,0.0,0.0,0.0,0.0,0.0
0.0,0.2089746256030513,0.2344137406481233,0.1354448937631575,0.0,0.2319489868715096,0.1825727201860946,0.2031925132688528,0.230468467061275,0.1922010994844918,0.2185886939309712,0.2208646806876487,0.1990311423817863,0.1225310050774134,0.0,0.0,0.0,0.0,0.2240435759188377,0.2599021458642185,0.0,0.2556163347366558,0.2326062588484169,0.0,0.2153364778066575,0.0,0.2630985917070254,0.2170641221152698,0.2337848741342889,0.0,0.2413259466547095,0.2262447046043129,0.2818503780149544,0.2425769796265889,0.0,0.1092326460428586,0.1433354260378909,0.0,0.0,0.0,0.0,0.0,0.281674616259798,0.0,0.0,0.0,0.0,0.3053275550507051,0.0,0.0,0.0,0.0,0.3280192715209002,0.2788672991113515,0.0,0.0,0.0,0.0,0.0,0.0,0.0,0.0,0.0,0.0,0.0,0.0,0.0,0.3117342417450487,0.0,0.0,0.0,0.2793831179952429,0.0,0.0,0.0,0.0
0.3135726089437374,0.2549492869600835,0.2545535123610719,0.2360976357642661,0.2319489868715096,0.0,0.2314321908060078,0.2672182276788909,0.2334292977494079,0.223848487258718,0.2469103950756994,0.0,0.2432515674913718,0.0,0.2659343431177738,0.2791014576088815,0.0,0.2470601091232364,0.2319376624701001,0.2757874907774652,0.2715396833069905,0.2803504258899145,0.2588400677834901,0.0,0.2587263860539057,0.2803351825508752,0.2641764605387772,0.2319876768694975,0.2460289904625494,0.2450751779443662,0.258983366811127,0.2566628255923177,0.2368322069461783,0.2633609972603147,0.0,0.2474034778670756,0.2429543925591871,0.0,0.2963982805453137,0.0,0.0,0.0,0.3121506682562418,0.0,0.0,0.0,0.0,0.3487271200069515,0.0,0.0,0.3274716707675258,0.3150731937650462,0.3609933100425803,0.3461338457311611,0.0,0.3372478256498549,0.0,0.2996512615218502,0.0,0.2592005863612927,0.0,0.0,0.0,0.334350145676162,0.2642721804944609,0.2826659309906092,0.2337560232206569,0.3370611483256812,0.0,0.0,0.0,0.3317717975059239,0.269430666494923,0.3041395387405938,0.0,0.3009778565577831
0.0,0.2190351835639042,0.2056005212667564,0.0,0.1825727201860946,0.2314321908060078,0.0,0.2561179684273017,0.2148844669087399,0.2104914370996317,0.2141158898619329,0.232537290369796,0.1926669180062246,0.1492509840965415,0.0,0.2470359251044795,0.0,0.0,0.2191053534258708,0.2533331502261154,0.0,0.269816369651741,0.2346288178702759,0.2513663818640355,0.2234065358778922,0.2436026176762329,0.2476981431019458,0.2147186522801047,0.2350846386202195,0.0,0.2471922042490273,0.2187420190782503,0.2557534735289628,0.2369199898437868,0.0,0.1372935673051048,0.1833488130503166,0.0,0.0,0.0,0.0,0.0,0.0,0.0,0.0,0.0,0.0,0.0,0.0,0.0,0.2431178527349646,0.0,0.0,0.0,0.0,0.0,0.0,0.0,0.0,0.0,0.0,0.0,0.0,0.0,0.0,0.0,0.0,0.3120358777776953,0.0,0.0,0.0,0.2779310801003372,0.0,0.0,0.0,0.0
0.3478974681965099,0.3037662412871555,0.2595230977722965,0.0,0.2031925132688528,0.2672182276788909,0.2561179684273017,0.0,0.2595379952921474,0.0,0.1672891113379345,0.0,0.2589782984972438,0.116276177061917,0.2872137121774692,0.2857312273075297,0.0,0.3534754961010059,0.2176663451173192,0.2563443044009997,0.2819764109395645,0.2620268070342099,0.2322563082401995,0.3700604081472091,0.324163143712057,0.3271031683906658,0.2809349220651212,0.2519767279919946,0.2328539998442286,0.2428403396270824,0.2704296782968318,0.2648704000848246,0.288996259154271,0.2785464301565462,0.2588219029038262,0.11319818855828,0.0,0.0,0.0,0.0,0.0,0.0,0.2610257523694311,0.0,0.0,0.0,0.0,0.3696344692855327,0.0,0.3451007239393197,0.3191028670323897,0.3465457193561158,0.3727951827076562,0.3540378305894427,0.0,0.1834821340018246,0.0,0.2886965404752169,0.3101016844690634,0.0,0.0,0.0,0.0,0.0,0.0,0.0,0.0,0.3545828761284355,0.0,0.0,0.0,0.3392203033416838,0.2506714383307443,0.2829512677478932,0.0,0.0
0.0,0.1789415844381728,0.2112158004683388,0.1896635434235982,0.230468467061275,0.2334292977494079,0.2148844669087399,0.2595379952921474,0.0,0.1853769147553418,0.2338924179761571,0.1740863749288236,0.2086630264052351,0.2141424100572857,0.0,0.2145180733238512,0.0,0.0,0.1900532299532238,0.252015515636472,0.0,0.2231318863247295,0.2380181633977692,0.0,0.0,0.0,0.256952091117074,0.2317116416435497,0.2148618107208715,0.0,0.2435622385935255,0.2246954826818279,0.2075593075564468,0.2354848143276299,0.2025890353854901,0.2132472554146313,0.1839474433737013,0.1252345955966154,0.0,0.0,0.0,0.0,0.0,0.0,0.0,0.0,0.0,0.3360950510297726,0.0,0.0,0.319700146842208,0.0,0.0,0.2947620483744859,0.0,0.3233196378573685,0.0,0.0,0.3041694441455878,0.0,0.0,0.0,0.0,0.3216838957616428,0.0,0.0,0.0,0.3423235143879579,0.0,0.0,0.0,0.3364303399591418,0.0,0.0,0.0,0.0
0.2575885021852774,0.0,0.0,0.0,0.1922010994844918,0.223848487258718,0.2104914370996317,0.0,0.1853769147553418,0.0,0.2108531156533498,0.1719279315442753,0.2576845044600342,0.0,0.0,0.2457822185592227,0.2185187203296056,0.2189251978974003,0.0,0.0,0.0,0.2402185988214674,0.0,0.1953017023843886,0.220693455652073,0.2366427954187529,0.2515158060242005,0.2514655906809742,0.0,0.0,0.1793519519279659,0.2257862008783135,0.2160946767501794,0.2235787463221941,0.2033875422760447,0.2326581354939411,0.1711145239908555,0.1803972386736602,0.1611379545634406,0.2539803760416078,0.2401348832970987,0.0,0.0,0.0,0.2203101613254803,0.0,0.0,0.0,0.0,0.0,0.0,0.0,0.0,0.0,0.2890316304442499,0.0,0.2858416532692799,0.0,0.0,0.0,0.0,0.2837309648313624,0.2767738500581133,0.0,0.0,0.0,0.0,0.0,0.2649846244747993,0.2919862526164749,0.305922724316844,0.0,0.0,0.0,0.0,0.2725018774278356
0.0,0.0,0.2122467443209372,0.0,0.2185886939309712,0.2469103950756994,0.2141158898619329,0.1672891113379345,0.2338924179761571,0.2108531156533498,0.0,0.2076364052969651,0.2282872647360204,0.1058848366306781,0.0,0.0,0.0,0.0,0.1892793094012819,0.0,0.0,0.0,0.1776656396515753,0.0,0.0,0.0,0.2452415577280569,0.2360176409527767,0.0,0.0,0.0,0.0,0.0,0.2276817301664633,0.0,0.1075084288004645,0.2011834477648148,0.2365680314478398,0.2211521571057395,0.0,0.0,0.0,0.2169250803690275,0.0,0.0,0.0,0.0,0.1584963321324777,0.0,0.2012471428824984,0.2739092982801381,0.2068506227310774,0.0,0.1635715626295459,0.0,0.1490772592822227,0.0,0.1887909147391099,0.0,0.0,0.0,0.0,0.0,0.1240258306479188,0.0,0.0,0.0,0.3094083815223253,0.0,0.0,0.0,0.3107932270974118,0.0,0.0,0.0,0.0
0.265681410211797,0.0,0.0,0.0,0.2208646806876487,0.0,0.232537290369796,0.0,0.1740863749288236,0.1719279315442753,0.2076364052969651,0.0,0.2100370559827488,0.0,0.0,0.0,0.2260903378066248,0.2371237945953137,0.0,0.0,0.0,0.0,0.0,0.1943343579455239,0.234697722084583,0.2055345495550015,0.0,0.2212853798453359,0.0,0.0,0.2015480041891912,0.1953379423660401,0.1992723563321155,0.1723182182054438,0.1771138202602942,0.203897326892936,0.172599919674538,0.1620416835684923,0.1715946446819913,0.263962354564392,0.2440631333667417,0.0,0.0,0.0,0.2154533566552285,0.0,0.0,0.0,0.0,0.0,0.0,0.0,0.0,0.0,0.2975063465917513,0.0,0.2957660081813756,0.0,0.0,0.0,0.0,0.2884722060629306,0.2668762803281768,0.0,0.0,0.0,0.0,0.0,0.2882822773934751,0.2806115404819616,0.3036358367242701,0.0,0.0,0.0,0.0,0.2792737510370197
0.0,0.2587765874386678,0.2120001523083308,0.2150542558502231,0.1990311423817863,0.2432515674913718,0.1926669180062246,0.2589782984972438,0.2086630264052351,0.2576845044600342,0.2282872647360204,0.2100370559827488,0.0,0.1657298343490676,0.2449290253544767,0.2813370130060649,0.2432118042793748,0.2391173517478148,0.2239305740260744,0.2636189178840172,0.2505791573694795,0.2786447082753197,0.2513659106119364,0.1677504277339238,0.2683508653725717,0.2772246099734374,0.2566261320213955,0.1778272364302845,0.2344502237984186,0.2221109955031314,0.2375639505863693,0.2293264335479977,0.223784547754809,0.2467191975823863,0.237666128298169,0.1929126130322766,0.2155550676544546,0.1909669627012944,0.2308342104810858,0.0,0.0,0.0,0.2520053438660998,0.0,0.0,0.0,0.0,0.2840956267496475,0.0,0.0,0.2270841995767607,0.0,0.3192719196865812,0.0,0.0,0.0,0.0,0.0,0.0,0.0,0.0,0.0,0.0,0.0,0.0,0.0,0.0,0.3164282155152041,0.0,0.0,0.0,0.2990685722377123,0.0,0.2355641213310606,0.0,0.0
0.0,0.0,0.0,0.1670672497070879,0.1225310050774134,0.0,0.1492509840965415,0.116276177061917,0.2141424100572857,0.0,0.1058848366306781,0.0,0.1657298343490676,0.0,0.0,0.0,0.0,0.0,0.0,0.0,0.0,0.0,0.0,0.0,0.0,0.0,0.0,0.1651707100172293,0.0,0.0,0.0,0.0,0.0,0.0,0.0,0.1159418122552558,0.1232383469640512,0.0,0.0,0.0,0.0,0.0,0.0,0.0,0.0,0.0,0.0,0.0,0.0,0.0,0.0,0.0,0.0,0.0,0.0,0.0,0.0,0.0,0.0,0.0,0.0,0.0,0.0,0.0,0.0,0.0,0.0,0.0,0.0,0.0,0.0,0.0,0.0,0.0,0.0,0.0
0.2508444689222201,0.2914385027960475,0.0,0.0,0.0,0.2659343431177738,0.0,0.2872137121774692,0.0,0.0,0.0,0.0,0.2449290253544767,0.0,0.0,0.3015614924705321,0.0,0.2791882075354658,0.0,0.2114221237580182,0.2751294442339582,0.2519436027082621,0.2689085411799493,0.325157135808258,0.2608158819121916,0.2950548130927378,0.2780971090521157,0.2824112136618194,0.2564045103552025,0.0,0.2848858158527438,0.3261953840720171,0.2823399178399584,0.323141195347321,0.3401241101613628,0.3644444420107269,0.0,0.0,0.3222043730664252,0.3049972684514864,0.3132052936938044,0.3351535052114714,0.0,0.0,0.0,0.0,0.2873561911573956,0.0,0.0,0.0,0.2770111619007014,0.0,0.0,0.0,0.0,0.0,0.0,0.0,0.0,0.3120084748425427,0.2647858669232505,0.0,0.0,0.0,0.3043938931469425,0.3156808711724045,0.3188126550204576,0.2980109550771269,0.0,0.0,0.2737754015001934,0.3037990807280881,0.2568108837271898,0.2921172110245573,0.0,0.2863774889837137
0.2750030171533312,0.2795044301227332,0.0,0.0,0.0,0.2791014576088815,0.2470359251044795,0.2857312273075297,0.2145180733238512,0.2457822185592227,0.0,0.0,0.2813370130060649,0.0,0.3015614924705321,0.0,0.2663913575630335,0.2613782286403389,0.0,0.2790722842691489,0.2894921364670627,0.2627444519535174,0.2848233950550276,0.2368052699445716,0.2747501040738512,0.2943195899273443,0.2946709875187172,0.2624791680405404,0.2855981696651761,0.2770088870449403,0.2577975083349128,0.3184925503393278,0.2789292180730756,0.273960060791299,0.3039808238071754,0.0,0.0,0.0,0.303981081987255,0.2796275427188835,0.2782777827306881,0.2973495819258268,0.0,0.0,0.0,0.305673766689514,0.2957606387985075,0.0,0.0,0.0,0.0,0.0,0.0,0.0,0.0,0.0,0.0,0.0,0.0,0.3037483939609882,0.2804443012487818,0.0,0.2599572319772589,0.0,0.2715553956247101,0.2962643549502075,0.2927159622492127,0.0,0.0,0.2601522866470001,0.2882906574812283,0.0,0.0,0.0,0.0,0.2740053079067858
0.0,0.0,0.0,0.0,0.0,0.0,0.0,0.0,0.0,0.2185187203296056,0.0,0.2260903378066248,0.2432118042793748,0.0,0.0,0.2663913575630335,0.0,0.2230458419714157,0.0,0.0,0.0,0.2543604349244825,0.0,0.2385761161685892,0.2485980769598626,0.2590254839480317,0.0,0.2562402976667894,0.0,0.0,0.2308918491359017,0.301186099296718,0.2492022921096536,0.2555397432531689,0.2500670011727893,0.0,0.0,0.2290037791425198,0.0,0.0,0.0,0.0,0.0,0.0,0.0,0.0,0.0,0.0,0.0,0.0,0.0,0.0,0.0,0.0,0.2747922444528216,0.0,0.265306351574722,0.0,0.0,0.0,0.0,0.2452248484552237,0.2376294361654289,0.0,0.0,0.0,0.0,0.0,0.2777005791149916,0.270467881883299,0.2863600634143313,0.0,0.0,0.0,0.0,0.0
0.2773545766347515,0.2922903832174785,0.0,0.0,0.0,0.2470601091232364,0.0,0.3534754961010059,0.0,0.2189251978974003,0.0,0.2371237945953137,0.2391173517478148,0.0,0.2791882075354658,0.2613782286403389,0.2230458419714157,0.0,0.0,0.2855360840014284,0.3057341591519774,0.2879925590068066,0.2828874828064814,0.2284163405839224,0.2547803583500596,0.2591139265352787,0.2734252914696391,0.2636974473205595,0.2924659207875851,0.0,0.2311356220705892,0.3148716243117005,0.2388169171110561,0.2523578117918237,0.2495453374232834,0.0,0.0,0.0,0.0,0.2546893556361816,0.2425386332549738,0.0,0.0,0.0,0.0,0.3050929865911012,0.2843347015499474,0.0,0.0,0.0,0.0,0.0,0.0,0.0,0.257115251759099,0.0,0.2517298335273421,0.0,0.0,0.0,0.2676143098796807,0.2554456972420605,0.2440588948029874,0.0,0.0,0.0,0.2731332069467603,0.0,0.242461304327935,0.2541052820866866,0.2728357217834363,0.0,0.0,0.0,0.0,0.2616747564849072
0.0,0.0,0.1667330256013759,0.0,0.2240435759188377,0.2319376624701001,0.2191053534258708,0.2176663451173192,0.1900532299532238,0.0,0.1892793094012819,0.0,0.2239305740260744,0.0,0.0,0.0,0.0,0.0,0.0,0.0,0.0,0.0,0.1472425811207284,0.0,0.0,0.0,0.2432143740078941,0.2409987947762044,0.0,0.0,0.2154392907920396,0.0,0.0,0.1726331368350618,0.0,0.2165774483804733,0.0,0.0,0.0,0.0,0.0,0.0,0.0,0.0,0.0,0.0,0.0,0.1401853227672465,0.0,0.0,0.3091686554236426,0.0,0.3460633804435633,0.0,0.0,0.1857978544048583,0.0,0.0,0.0,0.0,0.0,0.0,0.0,0.0,0.0,0.0,0.0,0.3328532189269968,0.0,0.0,0.0,0.3238581852359113,0.0,0.0,0.0,0.0
0.278431740454228,0.263542768465751,0.0,0.0,0.2599021458642185,0.2757874907774652,0.2533331502261154,0.2563443044009997,0.252015515636472,0.0,0.0,0.0,0.2636189178840172,0.0,0.2114221237580182,0.2790722842691489,0.0,0.2855360840014284,0.0,0.0,0.2824456052938587,0.2454365719728548,0.2272891051766361,0.0,0.274074535318446,0.2861561667717991,0.2782504513588953,0.2473491272800821,0.2276848441394189,0.2340923764242187,0.2375355174010087,0.3205894684251455,0.2603237489953309,0.2848391977199512,0.2981528432644403,0.3243494613606412,0.2911502672614318,0.0,0.3110308527377849,0.2602672560733222,0.2639442255603529,0.3023699646363414,0.0,0.0,0.0,0.0,0.2538112011911076,0.0,0.0,0.0,0.2507175222798249,0.0,0.0,0.0,0.0,0.0,0.0,0.0,0.0,0.2740571932708388,0.0,0.0,0.0,0.0,0.2908362453239528,0.2653566392813768,0.2961506120661831,0.2675231640850268,0.0,0.0,0.2748431591818858,0.2955842016420323,0.2455170637827545,0.2385888320087305,0.0,0.0
0.2880599547068826,0.2678310361264967,0.0,0.0,0.0,0.2715396833069905,0.0,0.2819764109395645,0.0,0.0,0.0,0.0,0.2505791573694795,0.0,0.2751294442339582,0.2894921364670627,0.0,0.3057341591519774,0.0,0.2824456052938587,0.0,0.3063659952266302,0.2567014013308271,0.361065963688247,0.2979688342062918,0.2867799260335875,0.2970827811621448,0.2672899703990709,0.2638105627032684,0.2501448229179954,0.275806797218845,0.3079574800024829,0.2354414216114206,0.2991604291063924,0.3326579388106367,0.0,0.0,0.0,0.3178084255887872,0.2469725166855504,0.302387885084434,0.0,0.0,0.0,0.0,0.0,0.2834055074093156,0.0,0.0,0.0,0.270377618278825,0.0,0.3064922992645149,0.0,0.0,0.0,0.0,0.0,0.0,0.2844254068197308,0.2787103561204863,0.0,0.0,0.0,0.2834296042196902,0.2898278589636504,0.2722081414934903,0.2999947474048876,0.0,0.2439233477885611,0.2811877382508762,0.3047790385147476,0.2672235641400486,0.3007091549870048,0.0,0.284700298173191
0.2689074216509668,0.2561059213660396,0.0,0.0,0.2556163347366558,0.2803504258899145,0.269816369651741,0.2620268070342099,0.2231318863247295,0.2402185988214674,0.0,0.0,0.2786447082753197,0.0,0.2519436027082621,0.2627444519535174,0.2543604349244825,0.2879925590068066,0.0,0.2454365719728548,0.3063659952266302,0.0,0.3103511219894851,0.0,0.281358784827784,0.2672365082018571,0.310535024542424,0.2788266054846122,0.2667993247678561,0.2641582564310101,0.2682323893857393,0.3423419908557084,0.3174338227950548,0.3092826153747288,0.3337367468321533,0.3595391170791668,0.3474657085139731,0.0,0.316039062572463,0.2865267612754679,0.3014666398179627,0.3175705461340578,0.0,0.0,0.0,0.2903670272429562,0.2805851174292012,0.0,0.0,0.0,0.2480102020388983,0.0,0.0,0.0,0.0,0.0,0.0,0.0,0.0,0.3125690193924039,0.2667735154325705,0.0,0.2124056500247688,0.0,0.3067661289487394,0.3136586258344493,0.2993037398574162,0.3051952123032538,0.0,0.2507104430807343,0.2927386933426622,0.2809246922584398,0.0,0.2819249750079298,0.0,0.262823232990602
0.303994216263889,0.2910440732073253,0.1636033485435923,0.0,0.2326062588484169,0.2588400677834901,0.2346288178702759,0.2322563082401995,0.2380181633977692,0.0,0.1776656396515753,0.0,0.2513659106119364,0.0,0.2689085411799493,0.2848233950550276,0.0,0.2828874828064814,0.1472425811207284,0.2272891051766361,0.2567014013308271,0.3103511219894851,0.0,0.36455207549568,0.2692852917118543,0.2939224279894551,0.2373083554108415,0.2638887161098723,0.2614137887762709,0.2588470964308385,0.2753438112733323,0.2866125654958931,0.264564213468798,0.2858636777116033,0.2642481055362271,0.2699270665735541,0.3030055450599565,0.0,0.3075157726462318,0.2987859021109506,0.327094945167339,0.0,0.3134305796027744,0.0,0.0,0.0,0.2541358012853298,0.3421594274857261,0.0,0.2986669506396697,0.3229596614486069,0.3216354622626758,0.3628056771596284,0.3459014439707559,0.0,0.149083471245251,0.0,0.3156077520616518,0.0,0.303661895061142,0.0,0.0,0.0,0.3405077250179777,0.287627961647374,0.305728433836471,0.268426157778061,0.3406080946200979,0.0,0.0,0.2664376163210467,0.3257788184685741,0.302903883066726,0.3174567920682561,0.0,0.3106439841250798
0.2455296142353583,0.0,0.0,0.0,0.0,0.0,0.2513663818640355,0.3700604081472091,0.0,0.1953017023843886,0.0,0.1943343579455239,0.1677504277339238,0.0,0.325157135808258,0.2368052699445716,0.2385761161685892,0.2284163405839224,0.0,0.0,0.361065963688247,0.0,0.36455207549568,0.0,0.2397132804452487,0.2353775116503015,0.2416850069414716,0.2233082696741147,0.0,0.0,0.2273689182570845,0.2043745754973713,0.1596201697776091,0.176001116265028,0.1954064166131196,0.2029529557155747,0.0,0.1576700700169632,0.1858017696806425,0.2234060242736986,0.1951574442612711,0.0,0.0,0.0,0.1804445740908019,0.0,0.0,0.0,0.0,0.0,0.0,0.0,0.0,0.0,0.2629317337929214,0.0,0.2596723271330953,0.0,0.0,0.0,0.2430172503400698,0.2623144563709292,0.2394072954655882,0.0,0.0,0.0,0.0,0.0,0.2562517707268261,0.2504634211667356,0.2767931031414812,0.0,0.0,0.0,0.0,0.0
0.2684104047326374,0.267731303965815,0.0,0.0,0.2153364778066575,0.2587263860539057,0.2234065358778922,0.324163143712057,0.0,0.220693455652073,0.0,0.234697722084583,0.2683508653725717,0.0,0.2608158819121916,0.2747501040738512,0.2485980769598626,0.2547803583500596,0.0,0.274074535318446,0.2979688342062918,0.281358784827784,0.2692852917118543,0.2397132804452487,0.0,0.2508443669397938,0.285797852854731,0.2761309048458776,0.2802879943991362,0.0,0.2537013703610001,0.2948364111540084,0.2245708739602594,0.2541134505701423,0.2572310624263474,0.0,0.0,0.2493019742355464,0.2877180409635362,0.2555288795805374,0.2644988643015369,0.2822979989139761,0.0,0.0,0.0,0.307261330778738,0.2931507446628053,0.0,0.0,0.0,0.0,0.0,0.0,0.0,0.2665505448875321,0.0,0.2706091742901805,0.0,0.0,0.0,0.2729263774913193,0.2517786552551325,0.2421446792735777,0.0,0.2594406501053418,0.2770577942021471,0.2641872028406092,0.0,0.2807385944356752,0.2534780832173112,0.2774526865869919,0.0,0.0,0.0,0.0,0.2589786356709577
0.2491422596848034,0.279141502025317,0.0,0.0,0.0,0.2803351825508752,0.2436026176762329,0.3271031683906658,0.0,0.2366427954187529,0.0,0.2055345495550015,0.2772246099734374,0.0,0.2950548130927378,0.2943195899273443,0.2590254839480317,0.2591139265352787,0.0,0.2861561667717991,0.2867799260335875,0.2672365082018571,0.2939224279894551,0.2353775116503015,0.2508443669397938,0.0,0.3177095144412533,0.2661399725084887,0.2865460665191685,0.0,0.2735141237648559,0.3173945187805717,0.2451227814356474,0.2827310383598141,0.3140849085687076,0.0,0.0,0.2241065033358744,0.3118254562956857,0.2808323045810168,0.2933362942352318,0.3125341378441259,0.0,0.0,0.0,0.3182971882798556,0.3118637213242756,0.0,0.0,0.0,0.0,0.0,0.0,0.0,0.2776539224898255,0.0,0.2776914195730193,0.0,0.0,0.3085765060971929,0.2920616780708359,0.2709724958027318,0.2526464291635555,0.0,0.2833487715919769,0.3087372481802499,0.2957664041485371,0.270669343160214,0.2887097440753136,0.2634138261307818,0.2926179366135839,0.280661218216188,0.0,0.2767622821480726,0.0,0.2810392652128641
0.3039743199337674,0.2805489544288467,0.227107538947196,0.2078995697011178,0.2630985917070254,0.2641764605387772,0.2476981431019458,0.2809349220651212,0.256952091117074,0.2515158060242005,0.2452415577280569,0.0,0.2566261320213955,0.0,0.2780971090521157,0.2946709875187172,0.0,0.2734252914696391,0.2432143740078941,0.2782504513588953,0.2970827811621448,0.310535024542424,0.2373083554108415,0.2416850069414716,0.285797852854731,0.3177095144412533,0.0,0.2648972461408069,0.2578070984696888,0.2735094461969012,0.2769234828885274,0.3000902417635788,0.2745392189321222,0.2943554473995922,0.2931440572662191,0.3142299689112525,0.2719637176834369,0.0,0.3169505556644821,0.0,0.0,0.0,0.2973947616099178,0.0,0.0,0.0,0.2461071047165418,0.3523776838838869,0.0,0.0,0.3270607433268679,0.3099201105256136,0.3611185638572701,0.3457551403676378,0.0,0.3307894542381087,0.0,0.2829344517883888,0.0,0.3035047890830841,0.0,0.0,0.0,0.3565886572299947,0.283361759582464,0.3199860616650541,0.265198544328569,0.3402920198096391,0.0,0.0,0.2747105589146124,0.3309715284869588,0.2701468992141869,0.3096025000416789,0.0,0.3270200913907541
0.2598794639995563,0.2686206240127244,0.2080897543344297,0.2000862255323853,0.2170641221152698,0.2319876768694975,0.2147186522801047,0.2519767279919946,0.2317116416435497,0.2514655906809742,0.2360176409527767,0.2212853798453359,0.1778272364302845,0.1651707100172293,0.2824112136618194,0.2624791680405404,0.2562402976667894,0.2636974473205595,0.2409987947762044,0.2473491272800821,0.2672899703990709,0.2788266054846122,0.2638887161098723,0.2233082696741147,0.2761309048458776,0.2661399725084887,0.2648972461408069,0.0,0.1921729813419203,0.1433007368904898,0.2190430291961675,0.2222306831087047,0.2158888598176983,0.2385686403195585,0.1795907975148297,0.217947079566222,0.2054348835340975,0.1909119189957757,0.2551090832619452,0.0,0.0,0.0,0.0,0.0,0.0,0.0,0.0,0.0,0.0,0.0,0.2736300699588732,0.0,0.2960239966133415,0.0,0.0,0.0,0.0,0.0,0.0,0.2704661992914426,0.0,0.0,0.0,0.0,0.2753218678007459,0.0,0.0,0.3051118531382942,0.0,0.0,0.0,0.3029564544803922,0.2486157715113069,0.274272834120388,0.0,0.2552893653145414
0.2941964868047649,0.2656842659764833,0.0,0.0,0.2337848741342889,0.2460289904625494,0.2350846386202195,0.2328539998442286,0.2148618107208715,0.0,0.0,0.0,0.2344502237984186,0.0,0.2564045103552025,0.2855981696651761,0.0,0.2924659207875851,0.0,0.2276848441394189,0.2638105627032684,0.2667993247678561,0.2614137887762709,0.0,0.2802879943991362,0.2865460665191685,0.2578070984696888,0.1921729813419203,0.0,0.2133239759960032,0.2275046889599927,0.2953235254103753,0.2371025728602318,0.2698455178690357,0.2833840288887291,0.2993115202110715,0.0,0.0,0.3015520690828642,0.0,0.2759258252873454,0.0,0.0,0.0,0.0,0.0,0.2568885096246665,0.0,0.0,0.0,0.2620103540725371,0.0,0.29189770755793,0.0,0.0,0.0,0.0,0.2272830170418003,0.0,0.2770807134364035,0.0,0.0,0.0,0.0,0.2673472596750902,0.2853251433035028,0.2721293743610688,0.2977703997536601,0.0,0.0,0.2567402508624384,0.3002741317070349,0.249967199532552,0.2902339747532076,0.0,0.2676567127219083
0.0,0.0,0.0,0.0,0.0,0.2450751779443662,0.0,0.2428403396270824,0.0,0.0,0.0,0.0,0.2221109955031314,0.0,0.0,0.2770088870449403,0.0,0.0,0.0,0.2340923764242187,0.2501448229179954,0.2641582564310101,0.2588470964308385,0.0,0.0,0.0,0.2735094461969012,0.1433007368904898,0.2133239759960032,0.0,0.1972641130095368,0.2600255410201114,0.0,0.2602869111039728,0.3141041960926671,0.0,0.0,0.0,0.3016331482303018,0.0,0.0,0.0,0.0,0.0,0.0,0.0,0.0,0.0,0.0,0.0,0.0,0.0,0.0,0.0,0.0,0.0,0.0,0.0,0.0,0.0,0.0,0.0,0.0,0.0,0.0,0.0,0.0,0.2951610153366836,0.0,0.0,0.0,0.2874539018394278,0.0,0.0,0.0,0.0
0.2527689528641946,0.2662565167210485,0.2165685843068748,0.0,0.2413259466547095,0.258983366811127,0.2471922042490273,0.2704296782968318,0.2435622385935255,0.1793519519279659,0.0,0.2015480041891912,0.2375639505863693,0.0,0.2848858158527438,0.2577975083349128,0.2308918491359017,0.2311356220705892,0.2154392907920396,0.2375355174010087,0.275806797218845,0.2682323893857393,0.2753438112733323,0.2273689182570845,0.2537013703610001,0.2735141237648559,0.2769234828885274,0.2190430291961675,0.2275046889599927,0.1972641130095368,0.0,0.2598345075697692,0.2275099974876118,0.2289844877192209,0.2214043307775172,0.2628687062645913,0.2221218960365928,0.1933740572930319,0.2997346689325039,0.2800515801770093,0.3029844819810357,0.0,0.0,0.0,0.0,0.2741696304428349,0.2863974775879903,0.0,0.0,0.0,0.2494964789340926,0.0,0.3051080239062396,0.0,0.2417934598744221,0.0,0.2576596901409491,0.0,0.0,0.2979355636475007,0.2732776395906455,0.0,0.2415475039572939,0.0,0.2811740562666965,0.2908527018724932,0.2914785563110629,0.3072855824398783,0.2782393261910914,0.2490870987649128,0.2841108846853098,0.3031844593985354,0.2337113576243083,0.2572291868075729,0.0,0.2614073341082989
0.3020573791203955,0.3060554702849342,0.1955843692958983,0.2029501636142182,0.2262447046043129,0.2566628255923177,0.2187420190782503,0.2648704000848246,0.2246954826818279,0.2257862008783135,0.0,0.1953379423660401,0.2293264335479977,0.0,0.3261953840720171,0.3184925503393278,0.301186099296718,0.3148716243117005,0.0,0.3205894684251455,0.3079574800024829,0.3423419908557084,0.2866125654958931,0.2043745754973713,0.2948364111540084,0.3173945187805717,0.3000902417635788,0.2222306831087047,0.2953235254103753,0.2600255410201114,0.2598345075697692,0.0,0.2557027697524637,0.2199521130945209,0.2408860176829512,0.1941450067461882,0.2058307308096279,0.1953849865583651,0.1913519734304471,0.2348042542075073,0.2043492412449463,0.2374886472793137,0.2375150362710683,0.1966583406886938,0.1642417331054743,0.3354438451249703,0.3077791669438943,0.2748457370273268,0.0,0.0,0.3037012452965369,0.0,0.3258754892913122,0.2340372780163312,0.1547277541081105,0.0,0.1821776055603659,0.2351583296715502,0.0,0.3151164466494793,0.2891386513597826,0.0,0.274674036647463,0.2359519458420758,0.3039682643999772,0.323008792514971,0.3151327388451366,0.3152275397178025,0.0,0.2649058664789437,0.3105417028470223,0.3153637358119965,0.2926806112187355,0.309078721515443,0.0,0.2510099823904408
0.2221917865672523,0.2449141490925814,0.0,0.0,0.2818503780149544,0.2368322069461783,0.2557534735289628,0.288996259154271,0.2075593075564468,0.2160946767501794,0.0,0.1992723563321155,0.223784547754809,0.0,0.2823399178399584,0.2789292180730756,0.2492022921096536,0.2388169171110561,0.0,0.2603237489953309,0.2354414216114206,0.3174338227950548,0.264564213468798,0.1596201697776091,0.2245708739602594,0.2451227814356474,0.2745392189321222,0.2158888598176983,0.2371025728602318,0.0,0.2275099974876118,0.2557027697524637,0.0,0.1636116995016333,0.1966310169289423,0.1824457704641593,0.1822955367679222,0.1291763479282737,0.2302564343139796,0.1930675552075735,0.1723780378602379,0.0,0.0,0.0,0.1436356696796389,0.285515277691558,0.2813297092764555,0.0,0.0,0.0,0.0,0.0,0.0,0.0,0.2182765341283759,0.0,0.2159125423506367,0.0,0.0,0.2969832484798503,0.2637676887235359,0.2667126109690952,0.2075595161690734,0.0,0.2656381157175635,0.2994558010750425,0.293189822104287,0.0,0.2133072787766712,0.2371005039803548,0.2590260432543553,0.3076551410830772,0.0,0.2676867205583477,0.0,0.0
0.2472091812331024,0.2774211579125599,0.1901583905557109,0.2052742710555768,0.2425769796265889,0.2633609972603147,0.2369199898437868,0.2785464301565462,0.2354848143276299,0.2235787463221941,0.2276817301664633,0.1723182182054438,0.2467191975823863,0.0,0.323141195347321,0.273960060791299,0.2555397432531689,0.2523578117918237,0.1726331368350618,0.2848391977199512,0.2991604291063924,0.3092826153747288,0.2858636777116033,0.176001116265028,0.2541134505701423,0.2827310383598141,0.2943554473995922,0.2385686403195585,0.2698455178690357,0.2602869111039728,0.2289844877192209,0.2199521130945209,0.1636116995016333,0.0,0.1778199286166944,0.1844061987676111,0.1862452843009031,0.1383825807326773,0.21342486997675,0.2436914960097799,0.2390391926841832,0.3090919720856608,0.0,0.0,0.1559058287517129,0.2914750848014653,0.288968178669224,0.0,0.0,0.0,0.2680521978567695,0.0,0.0,0.0,0.2031937029285491,0.0,0.1965062164660108,0.0,0.0,0.3230417659843014,0.2709658361460508,0.0,0.2303499838994103,0.0,0.3073775918712325,0.3312120523838908,0.3103722874247839,0.3175009151050838,0.1739446876025088,0.2463596691491316,0.2780028961353679,0.3163953876203333,0.2674283407383042,0.2999165599825062,0.0,0.2665623270444275
0.2583311384410821,0.3194505974971506,0.0,0.1664733070497007,0.0,0.0,0.0,0.2588219029038262,0.2025890353854901,0.2033875422760447,0.0,0.1771138202602942,0.237666128298169,0.0,0.3401241101613628,0.3039808238071754,0.2500670011727893,0.2495453374232834,0.0,0.2981528432644403,0.3326579388106367,0.3337367468321533,0.2642481055362271,0.1954064166131196,0.2572310624263474,0.3140849085687076,0.2931440572662191,0.1795907975148297,0.2833840288887291,0.3141041960926671,0.2214043307775172,0.2408860176829512,0.1966310169289423,0.1778199286166944,0.0,0.2030488072889018,0.1865767474549899,0.1620513322862555,0.2149716286709461,0.2172387616129243,0.2271310510637188,0.2380965346355132,0.1946114267069333,0.191358354662227,0.2053872810345512,0.0,0.3062507304557669,0.0,0.0,0.0,0.0,0.0,0.0,0.0,0.0,0.0,0.1719614164968169,0.0,0.0,0.3261541260350838,0.2691903669020658,0.0,0.241775616974417,0.0,0.2966400248185643,0.0,0.3200964142430578,0.0,0.0,0.2467329529107749,0.2933876248675207,0.0,0.0,0.0,0.0,0.0
0.0,0.0,0.2233003772164436,0.1327983613555827,0.1092326460428586,0.2474034778670756,0.1372935673051048,0.11319818855828,0.2132472554146313,0.2326581354939411,0.1075084288004645,0.203897326892936,0.1929126130322766,0.1159418122552558,0.3644444420107269,0.0,0.0,0.0,0.2165774483804733,0.3243494613606412,0.0,0.3595391170791668,0.2699270665735541,0.2029529557155747,0.0,0.0,0.3142299689112525,0.217947079566222,0.2993115202110715,0.0,0.2628687062645913,0.1941450067461882,0.1824457704641593,0.1844061987676111,0.2030488072889018,0.0,0.134654507964076,0.1868871126922689,0.1961967830859321,0.0,0.0,0.0,0.0,0.0,0.0,0.0,0.0,0.3197777695353467,0.0,0.0,0.2944382669240326,0.0,0.0,0.3149911831120753,0.0,0.2711439930020185,0.0,0.0,0.0,0.0,0.0,0.0,0.0,0.0,0.0,0.0,0.0,0.3105330751313284,0.0,0.0,0.0,0.3049068715364834,0.0,0.0,0.0,0.0
0.0,0.0,0.0,0.1454164707276148,0.1433354260378909,0.2429543925591871,0.1833488130503166,0.0,0.1839474433737013,0.1711145239908555,0.2011834477648148,0.172599919674538,0.2155550676544546,0.1232383469640512,0.0,0.0,0.0,0.0,0.0,0.2911502672614318,0.0,0.3474657085139731,0.3030055450599565,0.0,0.0,0.0,0.2719637176834369,0.2054348835340975,0.0,0.0,0.2221218960365928,0.2058307308096279,0.1822955367679222,0.1862452843009031,0.1865767474549899,0.134654507964076,0.0,0.1846179685892477,0.1973498185356214,0.0,0.0,0.0,0.0,0.0,0.0,0.0,0.0,0.0,0.0,0.0,0.0,0.0,0.0,0.0,0.0,0.0,0.0,0.0,0.0,0.0,0.0,0.0,0.0,0.0,0.0,0.0,0.0,0.0,0.0,0.0,0.0,0.0,0.0,0.0,0.0,0.0
0.0,0.0,0.0,0.0,0.0,0.0,0.0,0.0,0.1252345955966154,0.1803972386736602,0.2365680314478398,0.1620416835684923,0.1909669627012944,0.0,0.0,0.0,0.2290037791425198,0.0,0.0,0.0,0.0,0.0,0.0,0.1576700700169632,0.2493019742355464,0.2241065033358744,0.0,0.1909119189957757,0.0,0.0,0.1933740572930319,0.1953849865583651,0.1291763479282737,0.1383825807326773,0.1620513322862555,0.1868871126922689,0.1846179685892477,0.0,0.1728229214645781,0.1458200195780012,0.1620985940114205,0.0,0.0,0.0,0.1516360753248974,0.0,0.0,0.0,0.0,0.0,0.0,0.0,0.0,0.0,0.1894579051888268,0.0,0.1957908284033254,0.0,0.0,0.0,0.0,0.0,0.0,0.0,0.0,0.0,0.0,0.0,0.1942798045654274,0.0,0.2466924135895212,0.0,0.0,0.0,0.0,0.0
0.3176814304686412,0.3040129958968439,0.0,0.0,0.0,0.2963982805453137,0.0,0.0,0.0,0.1611379545634406,0.2211521571057395,0.1715946446819913,0.2308342104810858,0.0,0.3222043730664252,0.303981081987255,0.0,0.0,0.0,0.3110308527377849,0.3178084255887872,0.316039062572463,0.3075157726462318,0.1858017696806425,0.2877180409635362,0.3118254562956857,0.3169505556644821,0.2551090832619452,0.3015520690828642,0.3016331482303018,0.2997346689325039,0.1913519734304471,0.2302564343139796,0.21342486997675,0.2149716286709461,0.1961967830859321,0.1973498185356214,0.1728229214645781,0.0,0.255628869053475,0.2276509765726758,0.2547625212058462,0.1965556852801738,0.1958058053405895,0.1794959453080483,0.2998412315642023,0.3138314845614022,0.2474706241034291,0.1932921154543861,0.2565308543115386,0.2798925987057995,0.2449043034904106,0.0,0.2431852726529541,0.1913776384735026,0.2397542690546971,0.1913326069129487,0.2534456358128525,0.0,0.3024142157861723,0.3019223496108985,0.2374665660161701,0.2189682092923218,0.2456989041801328,0.3335128065198757,0.2968313482600727,0.3158062570314714,0.2756550734523103,0.1956696675790522,0.2655615032063534,0.3008151387643776,0.2873503307118404,0.241666482474627,0.3105483977385228,0.240265787257904,0.2164731412467107
0.2859874400283621,0.2781933577230138,0.0,0.0,0.0,0.0,0.0,0.0,0.0,0.2539803760416078,0.0,0.263962354564392,0.0,0.0,0.3049972684514864,0.2796275427188835,0.0,0.2546893556361816,0.0,0.2602672560733222,0.2469725166855504,0.2865267612754679,0.2987859021109506,0.2234060242736986,0.2555288795805374,0.2808323045810168,0.0,0.0,0.0,0.0,0.2800515801770093,0.2348042542075073,0.1930675552075735,0.2436914960097799,0.2172387616129243,0.0,0.0,0.1458200195780012,0.255628869053475,0.0,0.160179733958562,0.2671353366212894,0.1689741434710904,0.1764209124909258,0.1412783578629189,0.1992255693194241,0.2383517497754503,0.0,0.0,0.0,0.2588523615251675,0.0,0.0,0.2017147732093628,0.2016269896847762,0.2280385686146193,0.184505104420714,0.2480553698635513,0.0,0.2459130746234298,0.2682176160938228,0.1774388871583259,0.1526341027098955,0.0,0.2723272344079371,0.206297264489685,0.2562434080538605,0.2536735693387013,0.1702764756816345,0.1856548838265433,0.2240135240345194,0.2594450096119091,0.264906809870333,0.2645687309878441,0.0,0.223197560873051
0.2770099501808815,0.2903323266500061,0.0,0.0,0.0,0.0,0.0,0.0,0.0,0.2401348832970987,0.0,0.2440631333667417,0.0,0.0,0.3132052936938044,0.2782777827306881,0.0,0.2425386332549738,0.0,0.2639442255603529,0.302387885084434,0.3014666398179627,0.327094945167339,0.1951574442612711,0.2644988643015369,0.2933362942352318,0.0,0.0,0.2759258252873454,0.0,0.3029844819810357,0.2043492412449463,0.1723780378602379,0.2390391926841832,0.2271310510637188,0.0,0.0,0.1620985940114205,0.2276509765726758,0.160179733958562,0.0,0.2185340365028444,0.2324770155560544,0.1940704568539137,0.1424799660483496,0.2431909312945543,0.2661807545289627,0.2605317924270249,0.1576605759934988,0.2415050067498531,0.2876565119520985,0.229262601424412,0.2419740351047136,0.2445085308232787,0.2137504798444915,0.232279093330269,0.1780692768036622,0.2484691169419843,0.2438586214917177,0.2924347318762243,0.2410515965410168,0.2118807386818733,0.1945930092589065,0.2562661934637635,0.3016374720640518,0.2850930497429001,0.2853710881705575,0.2532189685446313,0.1767267918799993,0.2075707232427003,0.2490855564021918,0.287409697621893,0.2529556048425185,0.2823773117208491,0.0,0.2003020220038906
0.0,0.2972847795799209,0.0,0.0,0.0,0.0,0.0,0.0,0.0,0.0,0.0,0.0,0.0,0.0,0.3351535052114714,0.2973495819258268,0.0,0.0,0.0,0.3023699646363414,0.0,0.3175705461340578,0.0,0.0,0.2822979989139761,0.3125341378441259,0.0,0.0,0.0,0.0,0.0,0.2374886472793137,0.0,0.3090919720856608,0.2380965346355132,0.0,0.0,0.0,0.2547625212058462,0.2671353366212894,0.2185340365028444,0.0,0.2185431716688841,0.2020409185833249,0.1671870930936213,0.2661268202908801,0.2916824484728713,0.2482156614690323,0.1699290011346745,0.0,0.3174710339535437,0.2337845585648403,0.2762192166496858,0.2486999955004006,0.1947822816758016,0.2387050451907434,0.187363212091376,0.2682912192207139,0.0,0.3172604731754543,0.2510143044714978,0.0,0.1684994760144797,0.2508671264677482,0.3517923929041065,0.293569133209441,0.3246375413417652,0.2973651795200482,0.184768818722092,0.2022140190358872,0.2710408703979287,0.3115102456992622,0.2575433243429392,0.3140037549438956,0.0,0.2038477896019304
0.0,0.0,0.3044582826410749,0.0,0.281674616259798,0.3121506682562418,0.0,0.2610257523694311,0.0,0.0,0.2169250803690275,0.0,0.2520053438660998,0.0,0.0,0.0,0.0,0.0,0.0,0.0,0.0,0.0,0.3134305796027744,0.0,0.0,0.0,0.2973947616099178,0.0,0.0,0.0,0.0,0.2375150362710683,0.0,0.0,0.1946114267069333,0.0,0.0,0.0,0.1965556852801738,0.1689741434710904,0.2324770155560544,0.2185431716688841,0.0,0.122952363756567,0.1886051201997161,0.0,0.0,0.2665579949639315,0.1214192723516589,0.1519786439706721,0.2562077495307135,0.1630851530141971,0.2074436847196232,0.2511438137418177,0.2534624817014128,0.2079660781310559,0.2040431720757843,0.1899602623599576,0.1338631114852718,0.3264244415147532,0.0,0.0,0.0,0.2349639790571326,0.3588987650287826,0.2939076043626651,0.0,0.2489444668283704,0.225695607534457,0.0,0.0,0.2410828126934432,0.1738657085708902,0.3169888538232709,0.0,0.2303153178711501
0.0,0.0,0.0,0.0,0.0,0.0,0.0,0.0,0.0,0.0,0.0,0.0,0.0,0.0,0.0,0.0,0.0,0.0,0.0,0.0,0.0,0.0,0.0,0.0,0.0,0.0,0.0,0.0,0.0,0.0,0.0,0.1966583406886938,0.0,0.0,0.191358354662227,0.0,0.0,0.0,0.1958058053405895,0.1764209124909258,0.1940704568539137,0.2020409185833249,0.122952363756567,0.0,0.1728129283518515,0.0,0.0,0.2129002879418335,0.1487958469327175,0.1479311297358344,0.2459391344600577,0.1720571337225322,0.0,0.2059708800993742,0.0,0.2212983489047416,0.1855774413481893,0.2063594730410499,0.1149729116022551,0.0,0.0,0.0,0.0,0.2236028134564836,0.0,0.0,0.0,0.2065174285827154,0.0,0.0,0.0,0.2635388678843571,0.168360832504683,0.0,0.0,0.2166347124276409
0.0,0.0,0.0,0.0,0.0,0.0,0.0,0.0,0.0,0.2203101613254803,0.0,0.2154533566552285,0.0,0.0,0.0,0.0,0.0,0.0,0.0,0.0,0.0,0.0,0.0,0.1804445740908019,0.0,0.0,0.0,0.0,0.0,0.0,0.0,0.1642417331054743,0.1436356696796389,0.1559058287517129,0.2053872810345512,0.0,0.0,0.1516360753248974,0.1794959453080483,0.1412783578629189,0.1424799660483496,0.1671870930936213,0.1886051201997161,0.1728129283518515,0.0,0.2378410028746848,0.0,0.0,0.0,0.0,0.0,0.1717862871433308,0.0,0.2136909083616984,0.1660179714238989,0.2174998515143911,0.1430406346318566,0.176519377872286,0.0,0.0,0.0,0.2056963683521208,0.0,0.0,0.0,0.0,0.0,0.0,0.1502968519988806,0.2302696585863425,0.1899506180899677,0.0,0.2215377429344535,0.0,0.0,0.1681128403901919
