0.0,0.3729095821124415,0.0,0.0,0.0,0.4618530334509627,0.0,0.4777468289650909,0.0,0.0,0.0,0.0,0.3750583767298369,0.0,0.3412945533114256,0.3927029357998997,0.0,0.3718305047934057,0.0,0.4090839021498991,0.3956570195179588,0.3848912113063202,0.4370196813120353,0.369725454380403,0.3553913480649386,0.3410017489473703,0.3938622269160673,0.4038099173252731,0.4200827670447088,0.0,0.3461771504256286,0.3992667119589991,0.3360168252011074,0.372095463366528,0.4031570025876558,0.0,0.0,0.0,0.4079547269659803,0.3828801276194384,0.3896907690571647,0.0,0.0,0.0,0.0,0.3521805879669525,0.4314794254380931,0.0,0.0,0.0,0.0,0.0,0.0,0.0,0.0,0.0,0.0,0.0,0.0,0.0,0.4187227335098151,0.0,0.4053919879868101,0.0,0.0,0.3829334316392283,0.4341666609457671,0.0,0.0,0.3965105487976282,0.4149232181053086,0.0,0.0,0.0,0.0,0.3577930545637436
0.3729095821124415,0.0,0.0,0.0,0.3999118426225009,0.3965875494185771,0.4627055969089351,0.4277430418300389,0.4057312493854071,0.0,0.0,0.0,0.4326680474326274,0.0,0.3884442805061505,0.3746320104942474,0.3463591325521502,0.3618516717248601,0.0,0.3886336448047776,0.4002127564159156,0.3644842380121428,0.4020809265587622,0.0,0.3360221519542972,0.3608956703675789,0.4030485704171969,0.4236949613233851,0.4046095933556143,0.0,0.3485230921009643,0.3909734412614108,0.3454021280068557,0.3597566435483685,0.4065292982051056,0.0,0.0,0.0,0.4259871856236619,0.4188541155996977,0.4201906181331502,0.4381895600319541,0.0,0.0,0.0,0.4230006052527993,0.43779641177489,0.0,0.0,0.0,0.3783786604301108,0.0,0.0,0.0,0.0,0.0,0.0,0.0,0.0,0.4530436457550452,0.4316188243008493,0.0,0.4202245344359964,0.0,0.4229020193211829,0.4249280803021537,0.4352694253687841,0.4624582514360524,0.0,0.4305654619554167,0.4544965034760487,0.4356755898617816,0.0,0.4483556711525261,0.0,0.4194432251632065
0.0,0.0,0.0,0.3475679945623753,0.3980116479321799,0.3349419922977777,0.422322809650475,0.4219671488183936,0.2779220809370787,0.3589716597051404,0.2997113785807423,0.2834555571435189,0.4283486246036297,0.3872815322287541,0.0,0.0,0.0,0.0,0.2503899056875804,0.0,0.0,0.0,0.2716735241647388,0.0,0.0,0.0,0.297649859061953,0.4432558628900789,0.0,0.0,0.4402783780827724,0.405295214731823,0.3040974498855326,0.4541893509858556,0.4514844729001371,0.4147736285715466,0.4026335263814922,0.0,0.4646217272370251,0.0,0.0,0.0,0.4820438270307709,0.0,0.0,0.0,0.0,0.3813832815493818,0.0,0.4403619761619018,0.5123540532799323,0.5163712882192457,0.522076262000536,0.5454342533771226,0.0,0.3294682136854816,0.0,0.4804928432109129,0.5095444120360604,0.0,0.0,0.0,0.0,0.3055696147306025,0.0,0.0,0.0,0.5292682713427217,0.0,0.0,0.0,0.5228308724090506,0.3982887481937221,0.0,0.0,0.0
0.0,0.0,0.3475679945623753,0.0,0.1763839676534382,0.3825400813452135,0.2607841999940001,0.3049930128237371,0.4149113733954335,0.3276119521722539,0.3767478921219713,0.2287263126284369,0.2745686912271149,0.1937388906443118,0.0,0.0,0.0,0.0,0.3768331586998189,0.0,0.0,0.0,0.3433880381554453,0.0,0.0,0.0,0.390329215045002,0.2511186534372528,0.0,0.0,0.0,0.2785584502006425,0.0,0.2940992264923758,0.3129234503526718,0.1740858702077801,0.1908290027260783,0.2222333869352541,0.0,0.0,0.0,0.0,0.0,0.0,0.0,0.0,0.0,0.0,0.0,0.0,0.0,0.0,0.0,0.0,0.0,0.0,0.0,0.0,0.0,0.0,0.0,0.0,0.0,0.0,0.0,0.0,0.0,0.0,0.0,0.0,0.0,0.0,0.0,0.0,0.0,0.0
0.0,0.3999118426225009,0.3980116479321799,0.1763839676534382,0.0,0.3717532741245415,0.3230828919974236,0.3486372709754206,0.3216353011489473,0.4143765913279971,0.3117520622917147,0.3589333005511086,0.3579493698845715,0.2293539737803188,0.0,0.3999825855763585,0.0,0.0,0.3475494085233067,0.4087543987377277,0.0,0.4217714387823718,0.3759416948549179,0.0,0.3728384010301793,0.3608716419338187,0.3944620684213757,0.33711527694553,0.3671776939290795,0.0,0.4091395687613789,0.3015218408341025,0.0,0.3978700916278831,0.362208573752644,0.1912841907429695,0.1999573191592039,0.3204025260473772,0.3168152545561058,0.0,0.0,0.0,0.4032861019160951,0.0,0.0,0.0,0.0,0.4671693364267349,0.0,0.3556117283293225,0.5044760260881437,0.0,0.0,0.4453065127547848,0.0,0.4020610505450511,0.0,0.0,0.0,0.0,0.0,0.0,0.0,0.4479751836341064,0.0,0.0,0.0,0.5628941087470563,0.0,0.0,0.0,0.4428895189274721,0.0,0.0,0.0,0.0
0.4618530334509627,0.3965875494185771,0.3349419922977777,0.3825400813452135,0.3717532741245415,0.0,0.3717835189481722,0.3913658698999528,0.3372595507376621,0.4316771763347035,0.3893327169041141,0.3385167887585868,0.3715161708215398,0.3917447941415673,0.4252491985411959,0.4190676011988076,0.2630039128133066,0.4237069100559643,0.4030791760839902,0.394887886725169,0.3982793422787119,0.4158210196831052,0.3759234485187321,0.0,0.3831738460227598,0.4017562596759306,0.3618401415784914,0.3768388032827059,0.3173063864912382,0.3877892329394361,0.4086417142828308,0.3856855226842368,0.3728368102296724,0.4096300029961834,0.4046047648487567,0.4150156419329188,0.4156173040909298,0.3286846561079828,0.4680742134843414,0.0,0.510284022932855,0.4493993667560323,0.4155798554525276,0.0,0.0,0.0,0.3344197521144481,0.5377438058516715,0.0,0.4223224566218294,0.4885173306725258,0.5312834721217164,0.4592549176099245,0.5207012183568862,0.0,0.5121914306914213,0.0,0.522973556843503,0.0,0.4314898894098519,0.0,0.0,0.0,0.5438462831789196,0.4625255450026836,0.4222918351438075,0.4333454067279872,0.5058117214736537,0.0,0.0,0.419593757950025,0.5006298706020288,0.5049093710087157,0.4814696485973527,0.4388560186956292,0.4959705159137239
0.0,0.4627055969089351,0.422322809650475,0.2607841999940001,0.3230828919974236,0.3717835189481722,0.0,0.4080071396824103,0.357239605804497,0.4402534358784294,0.4162574128798145,0.3536466955062364,0.3062119624924648,0.3344569128530141,0.0,0.479044422565679,0.3932380487626705,0.4560650673515801,0.428017553967297,0.4067771654400786,0.0,0.441886350592062,0.4036852009511914,0.3948681363268504,0.4445854658966699,0.4470148776643101,0.4108182855849428,0.3082145421747888,0.39386579852732,0.0,0.3971316059523487,0.3612929880455986,0.3997181713171454,0.3840546840486094,0.366402680001809,0.2702530800107932,0.325517612020446,0.3388866185855168,0.3244007305375532,0.0,0.3479456230015172,0.0,0.3397853224963161,0.0,0.0,0.0,0.0,0.4620650465540518,0.0,0.0,0.4534000129643138,0.0,0.4006019288723619,0.401604357561082,0.0,0.3341946298096332,0.0,0.0,0.0,0.0,0.0,0.0,0.0,0.3724447850346515,0.0,0.0,0.0,0.4937506054324785,0.0,0.0,0.0,0.4963082726101402,0.0,0.0,0.0,0.0
0.4777468289650909,0.4277430418300389,0.4219671488183936,0.3049930128237371,0.3486372709754206,0.3913658698999528,0.4080071396824103,0.0,0.4708931095001593,0.3726685448369933,0.2740202699166787,0.3947843943805411,0.4083785997200823,0.3522205879151289,0.4307235772828305,0.4337232704733258,0.0,0.4405722533373251,0.4106051441212933,0.3725961691544424,0.381050261413069,0.4064235629330077,0.3578089859850532,0.4814722636709947,0.4478324415245831,0.4524783524092952,0.43112125457643,0.4032900025393167,0.3688746057277896,0.3733553749320941,0.400594906286136,0.357151231341571,0.3769796617546827,0.4154092773534573,0.4189050670891847,0.3121628202451585,0.3750237503854627,0.0,0.4328977548457779,0.0,0.4748427253216243,0.0,0.4382495043012135,0.0,0.0,0.0,0.0,0.519695337385873,0.0,0.4285000293873688,0.4440187578179829,0.4608901139303952,0.3715022043995279,0.5129522951908141,0.0,0.4720907196817704,0.0,0.4504186670978132,0.4754873385226586,0.4288460954122439,0.0,0.0,0.0,0.5178024214769303,0.4576785884734459,0.4942530911608451,0.0,0.4577208209212936,0.0,0.0,0.0,0.4884313411036997,0.4596143293530364,0.45042440279224,0.0,0.4558300537717493
0.0,0.4057312493854071,0.2779220809370787,0.4149113733954335,0.3216353011489473,0.3372595507376621,0.357239605804497,0.4708931095001593,0.0,0.4580937078550444,0.3014217644762968,0.3988305761535552,0.4056603554714618,0.4066887533547381,0.0,0.4173789099650124,0.0,0.28744183196472,0.2763343935599747,0.3884976277317183,0.0,0.4264713764013408,0.3888808643554853,0.3502770974353015,0.4368503191753407,0.3950823142211441,0.3523532559687723,0.428654776546792,0.3699926504254238,0.3955678379009785,0.4393688415217203,0.4122099635963953,0.3825104827704172,0.4426856035033243,0.4305318667648232,0.4407511196871087,0.4411286043556583,0.424806163454287,0.4938698926741046,0.0,0.343912245793508,0.0,0.4743027988051049,0.0,0.0,0.0,0.0,0.5497622870099407,0.0,0.4309761086956916,0.516323898970145,0.4802975137922216,0.5037530039412449,0.5404019289195319,0.0,0.5104617103109139,0.0,0.4399961810068716,0.5014842476469757,0.0,0.0,0.0,0.0,0.5446102650813198,0.0,0.0,0.0,0.5257823068469143,0.0,0.0,0.0,0.5265750531803769,0.4404043796938204,0.0,0.0,0.0
0.0,0.0,0.3589716597051404,0.3276119521722539,0.4143765913279971,0.4316771763347035,0.4402534358784294,0.3726685448369933,0.4580937078550444,0.0,0.4405800112989013,0.2822641230165026,0.3903456682186803,0.0,0.0,0.3642958596735505,0.311490502453823,0.3395563877670541,0.4175618808484639,0.0,0.0,0.0,0.3848982971715405,0.3221449804700771,0.2984530586854864,0.2903738695297307,0.4196821326885975,0.3938942295797135,0.3209506764675399,0.0,0.3093170087772605,0.3165888512555346,0.2887506029820696,0.2952076871690668,0.2762264188165992,0.35795886682511,0.2919157172314076,0.2710944110402547,0.208961081006299,0.3016276757957893,0.3259854861542541,0.0,0.0,0.0,0.3097451394255824,0.0,0.0,0.0,0.0,0.0,0.0,0.0,0.0,0.0,0.3974884871800536,0.0,0.4094734673566973,0.3565040868736395,0.0,0.0,0.0,0.4275364749963708,0.4583247943893871,0.0,0.0,0.0,0.0,0.0,0.3784646097698695,0.4476280449191846,0.4403078421291958,0.0,0.3813524299129038,0.0,0.0,0.3799365437550535
0.0,0.0,0.2997113785807423,0.3767478921219713,0.3117520622917147,0.3893327169041141,0.4162574128798145,0.2740202699166787,0.3014217644762968,0.4405800112989013,0.0,0.3879777186216795,0.4249601301366886,0.2665500692255627,0.0,0.0,0.327815533030513,0.0,0.2546454915872365,0.0,0.0,0.0,0.2690150679533552,0.3815038444412782,0.0,0.272626520025203,0.3382440472669958,0.4243998363796608,0.0,0.0,0.4377293031332665,0.359097491669437,0.3724066176450766,0.4329541254145109,0.4006229004486245,0.3338724099059849,0.4207963876454152,0.3807723279826228,0.4214867328677388,0.0,0.0,0.0,0.4379506171193126,0.0,0.0,0.0,0.0,0.4589441063420305,0.0,0.37117368281053,0.4858031238196532,0.4255439745380561,0.4775060280452234,0.5500670028007136,0.0,0.2859409196922603,0.0,0.3777735797493794,0.4750538148914178,0.0,0.0,0.0,0.0,0.3303179320214058,0.0,0.0,0.0,0.5314005072225138,0.0,0.0,0.0,0.5410713974618205,0.3231144782750013,0.0,0.0,0.0
0.0,0.0,0.2834555571435189,0.2287263126284369,0.3589333005511086,0.3385167887585868,0.3536466955062364,0.3947843943805411,0.3988305761535552,0.2822641230165026,0.3879777186216795,0.0,0.4082171336959548,0.0,0.0,0.0,0.344112376455604,0.3776353722270218,0.3142056219606279,0.0,0.4054076947616529,0.0,0.3923616068146338,0.2914691043817758,0.3178713546706214,0.292815280097594,0.3172116344867932,0.3687592605783797,0.0,0.0,0.3294250842611747,0.2849394968893038,0.2921332246222782,0.2501314065493006,0.2411434752119661,0.3183434410165917,0.2686003612924287,0.2471356516127302,0.212261281996359,0.3219985628106093,0.3698928980954621,0.0,0.0,0.0,0.3322734459067226,0.0,0.0,0.0,0.0,0.0,0.0,0.0,0.0,0.0,0.4093094987047934,0.0,0.4142212645632287,0.3561982743222081,0.0,0.0,0.0,0.4527925530693164,0.4294557705136169,0.0,0.0,0.0,0.0,0.0,0.4180399521261154,0.450482186492684,0.4496189666407874,0.0,0.3870497754426487,0.0,0.0,0.3989551295806408
0.3750583767298369,0.4326680474326274,0.4283486246036297,0.2745686912271149,0.3579493698845715,0.3715161708215398,0.3062119624924648,0.4083785997200823,0.4056603554714618,0.3903456682186803,0.4249601301366886,0.4082171336959548,0.0,0.3455080444727272,0.0,0.4554555480279607,0.4094117684487687,0.471803394616469,0.4237650390124585,0.4124241262459957,0.4144555458962216,0.4511641746581201,0.4105343853579599,0.4500407155325753,0.4134017231122452,0.4020957243558876,0.423616603087158,0.3299184094570923,0.3698549759783043,0.3918840173202861,0.3741163387841478,0.357723350617837,0.3889719549046551,0.3753132464966007,0.3413726959817821,0.2923594183006992,0.3017585888273688,0.3428965663504753,0.3895433565973219,0.2750348251659767,0.2994023378464773,0.3783690734275444,0.3544569630862706,0.0,0.3440889017831658,0.0,0.0,0.479702921246183,0.0,0.0,0.5125439315120847,0.3574242696982435,0.4439916297568406,0.0,0.0,0.3537211706892224,0.3691961700569433,0.0,0.0,0.326591576006782,0.0,0.0,0.0,0.0,0.404105893663044,0.0,0.2826945914709711,0.494821536682467,0.0,0.2874357052621545,0.317913039687423,0.4974361007754474,0.0,0.4628153245555663,0.0,0.0
0.0,0.0,0.3872815322287541,0.1937388906443118,0.2293539737803188,0.3917447941415673,0.3344569128530141,0.3522205879151289,0.4066887533547381,0.0,0.2665500692255627,0.0,0.3455080444727272,0.0,0.0,0.0,0.0,0.0,0.3581350606723061,0.0,0.4110075719176715,0.0,0.3506421196948491,0.0,0.0,0.0,0.4119289100778119,0.2715634644999317,0.0,0.0,0.4129454238180186,0.2893033324495273,0.0,0.3957311572626269,0.0,0.1827726557094646,0.1607752675870584,0.0,0.4176159320881017,0.0,0.0,0.0,0.417291007382575,0.0,0.0,0.0,0.0,0.4951356644256988,0.0,0.0,0.0,0.0,0.0,0.4805787380490697,0.0,0.4319912004203002,0.0,0.0,0.0,0.0,0.0,0.0,0.0,0.0,0.0,0.0,0.0,0.4700260367494583,0.0,0.0,0.0,0.4698082536524178,0.0,0.0,0.0,0.0
0.3412945533114256,0.3884442805061505,0.0,0.0,0.0,0.4252491985411959,0.0,0.4307235772828305,0.0,0.0,0.0,0.0,0.0,0.0,0.0,0.3999927762910468,0.0,0.3862204884393437,0.0,0.305060528919205,0.3423167361400494,0.3174443189754463,0.3621563362537706,0.3625090684410728,0.3637683767562111,0.3112233347414122,0.3702027921229551,0.3724101765480655,0.3692811514749811,0.0,0.3768094564816486,0.3896744418731245,0.3666204385636609,0.400879218409918,0.4337735622496437,0.4914727450535682,0.0,0.0,0.4420747369307611,0.4400502552399504,0.4762249870261256,0.4710740242950076,0.0,0.0,0.0,0.0,0.4649100219180401,0.0,0.0,0.0,0.4360384502526362,0.0,0.0,0.0,0.0,0.0,0.0,0.2930564844931508,0.0,0.4496390594479194,0.4349758930025623,0.0,0.0,0.0,0.4241861785432178,0.4282695592211102,0.4621592271457023,0.440174209630348,0.0,0.3004836146858727,0.4988024880963097,0.4488048273977377,0.40586610599285,0.433823712941339,0.0,0.4466820484210858
0.3927029357998997,0.3746320104942474,0.0,0.0,0.3999825855763585,0.4190676011988076,0.479044422565679,0.4337232704733258,0.4173789099650124,0.3642958596735505,0.0,0.0,0.4554555480279607,0.0,0.3999927762910468,0.0,0.3834853094896396,0.3293709429768837,0.0,0.3953853039446408,0.4067816773669129,0.3323180489623401,0.4170354226995571,0.3605311501822505,0.3756044589840407,0.3844679943511495,0.4191024572422659,0.4645274999632628,0.4175540345527551,0.4089978774486699,0.3493121449837076,0.4082386032678472,0.3706190403237586,0.3663715921823723,0.4140826642734845,0.0,0.0,0.0,0.4154551558464969,0.3985106594573068,0.4092999992435742,0.4244491521881743,0.0,0.0,0.0,0.4181013709641749,0.4316638506392063,0.0,0.0,0.0,0.0,0.0,0.0,0.0,0.0,0.0,0.0,0.0,0.0,0.464443481958431,0.4203360931515162,0.0,0.3986188637436339,0.0,0.3908263577734939,0.0,0.4289198395471759,0.3517580128309559,0.0,0.4055264899795864,0.4358338367694651,0.3719543843836165,0.0,0.3777736100380078,0.0,0.396428078841027
0.0,0.3463591325521502,0.0,0.0,0.0,0.2630039128133066,0.3932380487626705,0.0,0.0,0.311490502453823,0.327815533030513,0.344112376455604,0.4094117684487687,0.0,0.0,0.3834853094896396,0.0,0.3386470157415918,0.0,0.3562046505987283,0.0,0.3854761082230092,0.0,0.3799343802073316,0.3138501882024823,0.3580247146622983,0.0,0.415794892207783,0.3462634451419454,0.0,0.3428635102349434,0.4018177130258409,0.3460855549437136,0.350765779014749,0.3466341629626353,0.0,0.0,0.3160773938716885,0.0,0.3795218338411518,0.0,0.0,0.0,0.0,0.0,0.0,0.0,0.0,0.0,0.0,0.0,0.0,0.0,0.0,0.421111319573038,0.0,0.4239532143312193,0.0,0.0,0.0,0.0,0.4301352166113353,0.4027448317591164,0.0,0.0,0.0,0.0,0.0,0.4375856061254677,0.4161672422807191,0.4314727329935528,0.0,0.0,0.0,0.0,0.0
0.3718305047934057,0.3618516717248601,0.0,0.0,0.0,0.4237069100559643,0.4560650673515801,0.4405722533373251,0.28744183196472,0.3395563877670541,0.0,0.3776353722270218,0.471803394616469,0.0,0.3862204884393437,0.3293709429768837,0.3386470157415918,0.0,0.0,0.4120887097280026,0.4210984532130664,0.3744599246126388,0.4430869032064051,0.3463221963511342,0.3333621350593112,0.3595308387303079,0.4275635294673487,0.4693223077978072,0.4276048657751675,0.391661073250475,0.3560945203579647,0.4115153787539966,0.3513855741592669,0.3688455548513845,0.3896173262754956,0.0,0.0,0.0,0.3916039365233781,0.3875885266611195,0.3932519874696921,0.4180569817311467,0.0,0.0,0.0,0.3968908147762216,0.4191600877293264,0.0,0.0,0.0,0.0,0.0,0.0,0.0,0.4011899329402105,0.0,0.4132637953622987,0.0,0.0,0.0,0.4034039215669284,0.397933374859701,0.3944705893537027,0.0,0.0,0.0,0.4104510042090316,0.0,0.4145538977930068,0.4027121711259054,0.4149032072096171,0.0,0.0,0.0,0.0,0.3940334644466507
0.0,0.0,0.2503899056875804,0.3768331586998189,0.3475494085233067,0.4030791760839902,0.428017553967297,0.4106051441212933,0.2763343935599747,0.4175618808484639,0.2546454915872365,0.3142056219606279,0.4237650390124585,0.3581350606723061,0.0,0.0,0.0,0.0,0.0,0.0,0.0,0.0,0.2587343354740347,0.0,0.0,0.0,0.3444603872537769,0.4231226543722478,0.0,0.0,0.4381738183064794,0.3924938344154869,0.0,0.4480649084396486,0.4166451472644678,0.3900606939333096,0.4000015917887093,0.3487602379408192,0.4363996370327546,0.0,0.0,0.0,0.4639709693367747,0.0,0.0,0.0,0.0,0.5602538930092812,0.0,0.4401816838949331,0.5109858142027084,0.4317406956378285,0.510091930619177,0.5331264702557745,0.0,0.5184354438395508,0.0,0.3921529502769389,0.4911224317293659,0.0,0.0,0.0,0.0,0.5345150536434649,0.0,0.0,0.0,0.5301711692154824,0.0,0.0,0.0,0.540877155233976,0.0,0.0,0.0,0.0
0.4090839021498991,0.3886336448047776,0.0,0.0,0.4087543987377277,0.394887886725169,0.4067771654400786,0.3725961691544424,0.3884976277317183,0.0,0.0,0.0,0.4124241262459957,0.0,0.305060528919205,0.3953853039446408,0.3562046505987283,0.4120887097280026,0.0,0.0,0.3727407932707266,0.3454512149204848,0.2689782242289327,0.0,0.3502993322859554,0.3885078923095502,0.3378771405475653,0.3908539710863978,0.3227775374013661,0.3495664294093402,0.3563725257794153,0.4068003902299768,0.3630041492707254,0.4096092216253561,0.4472508162507567,0.4735822918730629,0.4499066196273675,0.0,0.4295740300063601,0.434280069388651,0.4754179312509947,0.4518703220721785,0.2705984237776467,0.0,0.0,0.0,0.4435952125721894,0.0,0.0,0.0,0.4138051332896075,0.0,0.0,0.0,0.0,0.0,0.0,0.3159724359921787,0.0,0.4328084896552273,0.3116111631450824,0.0,0.0,0.0,0.4310802765775429,0.4152595638285225,0.4344922193521843,0.4474987002854186,0.0,0.2603346994108163,0.4668174120639283,0.4524575526505184,0.5173332457933075,0.460253254559316,0.3486972328437458,0.4438253846620817
0.3956570195179588,0.4002127564159156,0.0,0.0,0.0,0.3982793422787119,0.0,0.381050261413069,0.0,0.0,0.0,0.4054076947616529,0.4144555458962216,0.4110075719176715,0.3423167361400494,0.4067816773669129,0.0,0.4210984532130664,0.0,0.3727407932707266,0.0,0.4226449292729168,0.3538344906304486,0.4574705529919105,0.4134209793504264,0.3740933576602397,0.3915368427916406,0.3994086475362708,0.3766645751097694,0.0,0.3772758127820327,0.3918159710746141,0.3708470727276487,0.4073160663066579,0.460384882048085,0.0,0.0,0.0,0.4277711195164,0.4006870970292639,0.4341679122791291,0.4697532598456149,0.0,0.0,0.0,0.4028898421507398,0.4409875661667168,0.0,0.0,0.0,0.4341869429126404,0.0,0.4336495332059075,0.0,0.0,0.0,0.0,0.3865947434067388,0.0,0.4344588603600603,0.4356345163831795,0.0,0.0,0.0,0.4276134933646536,0.3614376566507556,0.4383416167343169,0.4624844624871405,0.0,0.3602994221454506,0.4526714283652771,0.4643862855197025,0.4586141848995396,0.4425420662674582,0.0,0.3908854457465507
0.3848912113063202,0.3644842380121428,0.0,0.0,0.4217714387823718,0.4158210196831052,0.441886350592062,0.4064235629330077,0.4264713764013408,0.0,0.0,0.0,0.4511641746581201,0.0,0.3174443189754463,0.3323180489623401,0.3854761082230092,0.3744599246126388,0.0,0.3454512149204848,0.4226449292729168,0.0,0.4142613022823193,0.0,0.3605599796735189,0.3804713411173588,0.4032670377570034,0.4329563432630894,0.3942171641754636,0.3862040582912538,0.3550058747654441,0.4071934994760757,0.3820157536416336,0.4008229478888993,0.4469924029204647,0.4796295367007584,0.4201426511640277,0.0,0.4392209816562228,0.4415551760269453,0.4501229930369511,0.4659881143586791,0.3294500686452581,0.0,0.0,0.4271904437689461,0.4445779589561908,0.0,0.0,0.0,0.4423003838365371,0.0,0.0,0.0,0.0,0.0,0.0,0.0,0.0,0.4684150500766066,0.448541210011589,0.0,0.356509053335738,0.0,0.4413226321072822,0.4468115610546688,0.4568827919071324,0.4523922706121072,0.0,0.3998245153842805,0.4700633657868879,0.4692160059053701,0.3355466170448073,0.4450790374323697,0.0,0.4485770181416691
0.4370196813120353,0.4020809265587622,0.2716735241647388,0.3433880381554453,0.3759416948549179,0.3759234485187321,0.4036852009511914,0.3578089859850532,0.3888808643554853,0.3848982971715405,0.2690150679533552,0.3923616068146338,0.4105343853579599,0.3506421196948491,0.3621563362537706,0.4170354226995571,0.0,0.4430869032064051,0.2587343354740347,0.2689782242289327,0.3538344906304486,0.4142613022823193,0.0,0.4634865276156946,0.3987544354072245,0.4113670134273083,0.3193102461348203,0.4057424642487488,0.378156062052107,0.3890066226071156,0.4077725122678354,0.3871446625850586,0.37188579200083,0.4249732902399231,0.4321536124723895,0.3895594511721846,0.4146388399563791,0.2402163983763069,0.4878001499508425,0.0,0.493091946649159,0.4987528680920761,0.4570894967925841,0.3900493334018551,0.0,0.0,0.427568434946588,0.5464169759500327,0.0,0.5010956023904766,0.4984109033972523,0.5070324998489446,0.4746486363305173,0.5323713927336655,0.0,0.509830799756153,0.0,0.4955904998758476,0.4896183386391292,0.4581160849329928,0.0,0.0,0.0,0.5481454991120768,0.4680291007157254,0.5041821879162345,0.4526661662819192,0.5181149400888974,0.0,0.2692379714344847,0.4561183060034031,0.5146561697622842,0.4968304318453452,0.489022843194748,0.4920135261392566,0.4980659999297196
0.369725454380403,0.0,0.0,0.0,0.0,0.0,0.3948681363268504,0.4814722636709947,0.3502770974353015,0.3221449804700771,0.3815038444412782,0.2914691043817758,0.4500407155325753,0.0,0.3625090684410728,0.3605311501822505,0.3799343802073316,0.3463221963511342,0.0,0.0,0.4574705529919105,0.0,0.4634865276156946,0.0,0.3433217352004025,0.3493942432585465,0.3312574838283675,0.414493508047921,0.0,0.0,0.3290326377990802,0.3395237664497877,0.2697136356873073,0.2377441925817075,0.2502135224041056,0.4161493405648515,0.0,0.2675697953867406,0.3455585784508044,0.3439106811686337,0.3955966591725797,0.0,0.0,0.0,0.3127108807405734,0.4075089517498112,0.0,0.0,0.0,0.0,0.0,0.0,0.0,0.0,0.3991044243908992,0.0,0.4083432520929097,0.0,0.0,0.0,0.4108538485836414,0.4225336458503692,0.427303024607274,0.0,0.0,0.0,0.0,0.0,0.398680392955144,0.4177555573835003,0.4283851048724105,0.0,0.0,0.0,0.0,0.4183481280874791
0.3553913480649386,0.3360221519542972,0.0,0.0,0.3728384010301793,0.3831738460227598,0.4445854658966699,0.4478324415245831,0.4368503191753407,0.2984530586854864,0.0,0.3178713546706214,0.4134017231122452,0.0,0.3637683767562111,0.3756044589840407,0.3138501882024823,0.3333621350593112,0.0,0.3502993322859554,0.4134209793504264,0.3605599796735189,0.3987544354072245,0.3433217352004025,0.0,0.3317183842841579,0.3903505128567113,0.4036181894816353,0.3884065779030197,0.0,0.3385728673669997,0.380941089553775,0.3220534970555789,0.3407151062302657,0.36149161342884,0.0,0.0,0.300354058932328,0.3999587927091764,0.3944444833945931,0.4011218480935841,0.4138401011067312,0.0,0.0,0.0,0.3986470639416519,0.416986880745165,0.0,0.0,0.0,0.0,0.0,0.0,0.0,0.4102760082298596,0.0,0.4097719273592006,0.2812958896073392,0.0,0.4035503957132018,0.4132925487330498,0.4069332805154397,0.4002546682974698,0.0,0.3790356900858513,0.3982688104610866,0.405075807164399,0.3118657027461772,0.4020422954256531,0.4075897028793154,0.4179330030532036,0.0,0.0,0.408144802919714,0.0,0.3998472627146675
0.3410017489473703,0.3608956703675789,0.0,0.0,0.3608716419338187,0.4017562596759306,0.4470148776643101,0.4524783524092952,0.3950823142211441,0.2903738695297307,0.272626520025203,0.292815280097594,0.4020957243558876,0.0,0.3112233347414122,0.3844679943511495,0.3580247146622983,0.3595308387303079,0.0,0.3885078923095502,0.3740933576602397,0.3804713411173588,0.4113670134273083,0.3493942432585465,0.3317183842841579,0.0,0.4104835998720508,0.4084871563382133,0.3834996682707776,0.0,0.348923278652978,0.3956044411435301,0.3515119578921417,0.3634770411036763,0.4131659749458762,0.4193322782503604,0.0,0.326303841221607,0.4239240305867045,0.4118255286332444,0.4303952079493902,0.4517384787090879,0.0,0.0,0.3623729215757896,0.4067790259157639,0.4454306570351418,0.0,0.0,0.0,0.421098327659929,0.0,0.0,0.0,0.4266508395988287,0.0,0.4241311150912554,0.3207205511873064,0.0,0.4839358953683435,0.4340234914866346,0.4235272002562827,0.4179231106284433,0.0,0.4363708285020197,0.4475005168285407,0.4634427273150162,0.4509516128488635,0.4257985726744852,0.4218607975796389,0.4415676841566024,0.4443912363960268,0.364960515981958,0.4579522450418123,0.0,0.4175808027394365
0.3938622269160673,0.4030485704171969,0.297649859061953,0.390329215045002,0.3944620684213757,0.3618401415784914,0.4108182855849428,0.43112125457643,0.3523532559687723,0.4196821326885975,0.3382440472669958,0.3172116344867932,0.423616603087158,0.4119289100778119,0.3702027921229551,0.4191024572422659,0.0,0.4275635294673487,0.3444603872537769,0.3378771405475653,0.3915368427916406,0.4032670377570034,0.3193102461348203,0.3312574838283675,0.3903505128567113,0.4104835998720508,0.0,0.4101654485471995,0.3594031683286945,0.3885686054512577,0.3822909933242288,0.4010128626430162,0.3768897659805059,0.4139689925122502,0.431246127426759,0.4648345591224372,0.4084753128692652,0.3314124259759461,0.4798725421161481,0.4180585955842727,0.5060394908529993,0.4931277239971658,0.437990225904851,0.2921521915407901,0.0,0.0,0.3891005974885918,0.5540406180848945,0.0,0.4590760446461137,0.4936848202272504,0.5244315237246756,0.4981042134967907,0.5384947220514054,0.0,0.5236677000437511,0.0,0.5239188095919028,0.5070419202790394,0.4444151335224456,0.0,0.0,0.0,0.5510478863488304,0.4652152142345616,0.464354573234394,0.4665537433724008,0.5140043160900548,0.0,0.0,0.4531522517942513,0.4954664257192779,0.5143257554236519,0.5173556962186653,0.4643217193792772,0.499310883844669
0.4038099173252731,0.4236949613233851,0.4432558628900789,0.2511186534372528,0.33711527694553,0.3768388032827059,0.3082145421747888,0.4032900025393167,0.428654776546792,0.3938942295797135,0.4243998363796608,0.3687592605783797,0.3299184094570923,0.2715634644999317,0.3724101765480655,0.4645274999632628,0.415794892207783,0.4693223077978072,0.4231226543722478,0.3908539710863978,0.3994086475362708,0.4329563432630894,0.4057424642487488,0.414493508047921,0.4036181894816353,0.4084871563382133,0.4101654485471995,0.0,0.3518732723646231,0.3195935237289298,0.3606506857677937,0.3455738053086394,0.3854995486248008,0.3723945910832929,0.3458040249670843,0.2813646398567775,0.2867880769136986,0.3327238714358319,0.4536928900556949,0.2751683140407627,0.4485069884064457,0.4351544562075132,0.3509567189538373,0.0,0.0,0.0,0.0,0.4276891088121427,0.0,0.0,0.5046590331078787,0.0,0.4901542336029703,0.3490804418319455,0.3872940522329504,0.0,0.2816809136578121,0.4764693505334383,0.0,0.4142622033587321,0.0,0.0,0.0,0.0,0.4492956214569157,0.4386666588011164,0.3343956688856458,0.4945298318022173,0.0,0.3041080432800949,0.3672521025894371,0.4846295245931138,0.5450455414655738,0.5140719359833107,0.0,0.4677253318668871
0.4200827670447088,0.4046095933556143,0.0,0.0,0.3671776939290795,0.3173063864912382,0.39386579852732,0.3688746057277896,0.3699926504254238,0.3209506764675399,0.0,0.0,0.3698549759783043,0.0,0.3692811514749811,0.4175540345527551,0.3462634451419454,0.4276048657751675,0.0,0.3227775374013661,0.3766645751097694,0.3942171641754636,0.378156062052107,0.0,0.3884065779030197,0.3834996682707776,0.3594031683286945,0.3518732723646231,0.0,0.3363354249289295,0.347772422272922,0.3925003896631745,0.3540299538806122,0.3924052106934565,0.4340029789542113,0.4628575413941647,0.3609968939912721,0.0,0.4512927320444482,0.355546852870048,0.5229195001148467,0.436938045002808,0.2931961245872389,0.0,0.0,0.0,0.4009970540132589,0.3996195088696941,0.0,0.0,0.4979083349454435,0.3338414520079541,0.4533878342582506,0.3164864616914857,0.0,0.0,0.0,0.4758025394150979,0.0,0.4286846761689545,0.0,0.0,0.0,0.0,0.4619651147243205,0.4422051362619588,0.4478567708728958,0.4779550237466989,0.0,0.0,0.4409751751197935,0.4707600413807427,0.5198956512163084,0.4693379027694377,0.4245617551883229,0.4772433884279433
0.0,0.0,0.0,0.0,0.0,0.3877892329394361,0.0,0.3733553749320941,0.3955678379009785,0.0,0.0,0.0,0.3918840173202861,0.0,0.0,0.4089978774486699,0.0,0.391661073250475,0.0,0.3495664294093402,0.0,0.3862040582912538,0.3890066226071156,0.0,0.0,0.0,0.3885686054512577,0.3195935237289298,0.3363354249289295,0.0,0.3217726103577109,0.3740762579027487,0.0,0.3547684439384289,0.3741387361103158,0.0,0.0,0.0,0.0,0.0,0.0,0.0,0.0,0.0,0.0,0.0,0.0,0.0,0.0,0.0,0.0,0.0,0.0,0.0,0.0,0.0,0.0,0.0,0.0,0.0,0.0,0.0,0.0,0.0,0.4161285252398845,0.0,0.0,0.4903355316594457,0.0,0.0,0.0,0.4792520912509087,0.0,0.4166482946474886,0.0,0.0
0.3461771504256286,0.3485230921009643,0.4402783780827724,0.0,0.4091395687613789,0.4086417142828308,0.3971316059523487,0.400594906286136,0.4393688415217203,0.3093170087772605,0.4377293031332665,0.3294250842611747,0.3741163387841478,0.4129454238180186,0.3768094564816486,0.3493121449837076,0.3428635102349434,0.3560945203579647,0.4381738183064794,0.3563725257794153,0.3772758127820327,0.3550058747654441,0.4077725122678354,0.3290326377990802,0.3385728673669997,0.348923278652978,0.3822909933242288,0.3606506857677937,0.347772422272922,0.3217726103577109,0.0,0.3697219507038755,0.3075723784341964,0.285573656761285,0.3732230849011115,0.3617169442171367,0.3759791215680516,0.2735502516406133,0.4356725832843982,0.3360495252627865,0.3762689107209194,0.0,0.3270037639074292,0.0,0.0,0.0,0.4089801026021242,0.0,0.0,0.0,0.4815941818896886,0.0,0.4731252082200813,0.0,0.3852904535711831,0.0,0.3971295587700791,0.0,0.0,0.4415558636342439,0.3973955412857345,0.3839171817116359,0.3952699471148345,0.0,0.4339836556445847,0.4517179071622516,0.4337141054148263,0.4893604718213573,0.3877654033811842,0.4037158849521385,0.4185068485646933,0.4746773948031575,0.4736745335693266,0.468536179332947,0.0,0.3391881955110927
0.3992667119589991,0.3909734412614108,0.405295214731823,0.2785584502006425,0.3015218408341025,0.3856855226842368,0.3612929880455986,0.357151231341571,0.4122099635963953,0.3165888512555346,0.359097491669437,0.2849394968893038,0.357723350617837,0.2893033324495273,0.3896744418731245,0.4082386032678472,0.4018177130258409,0.4115153787539966,0.3924938344154869,0.4068003902299768,0.3918159710746141,0.4071934994760757,0.3871446625850586,0.3395237664497877,0.380941089553775,0.3956044411435301,0.4010128626430162,0.3455738053086394,0.3925003896631745,0.3740762579027487,0.3697219507038755,0.0,0.3347746856585509,0.3797681991222451,0.3628035415021071,0.2647346082360621,0.2933719144249829,0.237596999271981,0.2721604977094771,0.2903243950875571,0.3093772875093653,0.2962539947800314,0.299924867443085,0.2211554153692606,0.22152136704623,0.4083198015964601,0.4398547422717632,0.5542260914541545,0.0,0.3400311042048114,0.4523971319476899,0.4694442904880088,0.4304603190820791,0.5023582949124753,0.4015264306668044,0.3935057528833514,0.2359179859276526,0.4604912403715504,0.0,0.456644836592408,0.4544316444107862,0.0,0.4204896159551546,0.432609324399939,0.4357783559070028,0.4366062362070286,0.4469419883227487,0.476501369453271,0.0,0.4320603906874765,0.4495896566655253,0.4643126557767265,0.4444183129008754,0.4570790917816301,0.0,0.4494653527596202
0.3360168252011074,0.3454021280068557,0.3040974498855326,0.0,0.0,0.3728368102296724,0.3997181713171454,0.3769796617546827,0.3825104827704172,0.2887506029820696,0.3724066176450766,0.2921332246222782,0.3889719549046551,0.0,0.3666204385636609,0.3706190403237586,0.3460855549437136,0.3513855741592669,0.0,0.3630041492707254,0.3708470727276487,0.3820157536416336,0.37188579200083,0.2697136356873073,0.3220534970555789,0.3515119578921417,0.3768897659805059,0.3854995486248008,0.3540299538806122,0.0,0.3075723784341964,0.3347746856585509,0.0,0.2418556783683889,0.4134585342534652,0.3942113221009027,0.2689492679822717,0.2042896503281512,0.280814751725267,0.24004621733196,0.2627763649814277,0.2499786912697036,0.0,0.0,0.238364298062664,0.3840014104061558,0.4280997525478985,0.0,0.0,0.0,0.0,0.0,0.0,0.0,0.3277699543213223,0.0,0.3476066707973307,0.0,0.0,0.4747409644659928,0.408868242278209,0.3527339158603745,0.4114051982968377,0.0,0.4264118329809073,0.436377631677305,0.4556244777245623,0.4675855766185182,0.3255117322181128,0.4018238715243682,0.4273744064928022,0.4718885339405411,0.3245271705847118,0.0,0.0,0.350273256788945
0.372095463366528,0.3597566435483685,0.4541893509858556,0.2940992264923758,0.3978700916278831,0.4096300029961834,0.3840546840486094,0.4154092773534573,0.4426856035033243,0.2952076871690668,0.4329541254145109,0.2501314065493006,0.3753132464966007,0.3957311572626269,0.400879218409918,0.3663715921823723,0.350765779014749,0.3688455548513845,0.4480649084396486,0.4096092216253561,0.4073160663066579,0.4008229478888993,0.4249732902399231,0.2377441925817075,0.3407151062302657,0.3634770411036763,0.4139689925122502,0.3723945910832929,0.3924052106934565,0.3547684439384289,0.285573656761285,0.3797681991222451,0.2418556783683889,0.0,0.3588945696032149,0.4261573566403484,0.3015093437247171,0.2032215481575321,0.3162983495746197,0.263937218591289,0.251153945280744,0.2829366778737313,0.3546252026719864,0.2330322287741912,0.2393414746721013,0.4069966376730784,0.4322943092269707,0.3613907397555793,0.0,0.0,0.4785468547335788,0.318719627575276,0.4611769634341536,0.3290626534913797,0.3557719948360429,0.0,0.3754879430285572,0.4080365843058809,0.0,0.4648662114183002,0.4141605122095003,0.3754384964045234,0.4016661656246356,0.0,0.4458556218450202,0.4434635512812085,0.4545213002246718,0.4975065198820156,0.3391076946794491,0.4090307222249831,0.4453589376238677,0.4833317288254281,0.5618681588398355,0.4805829416577034,0.0,0.3814632591596206
0.4031570025876558,0.4065292982051056,0.4514844729001371,0.3129234503526718,0.362208573752644,0.4046047648487567,0.366402680001809,0.4189050670891847,0.4305318667648232,0.2762264188165992,0.4006229004486245,0.2411434752119661,0.3413726959817821,0.0,0.4337735622496437,0.4140826642734845,0.3466341629626353,0.3896173262754956,0.4166451472644678,0.4472508162507567,0.460384882048085,0.4469924029204647,0.4321536124723895,0.2502135224041056,0.36149161342884,0.4131659749458762,0.431246127426759,0.3458040249670843,0.4340029789542113,0.3741387361103158,0.3732230849011115,0.3628035415021071,0.4134585342534652,0.3588945696032149,0.0,0.433692467161096,0.3301874291951925,0.2417601098499602,0.2703542724206645,0.0,0.261238557824809,0.0,0.2637616261658733,0.257227293329599,0.2243862215631175,0.0,0.4554786601910747,0.0,0.0,0.0,0.4435514568133002,0.0,0.0,0.0,0.0,0.0,0.0,0.2272902081133405,0.0,0.4859677479834802,0.4386433753356815,0.0,0.0,0.0,0.4549339082854269,0.0,0.4766744589956788,0.5156646638443884,0.0,0.4161699191746759,0.4716596760637202,0.4936585985460631,0.2913383520077613,0.4442311641360976,0.0,0.0
0.0,0.0,0.4147736285715466,0.1740858702077801,0.1912841907429695,0.4150156419329188,0.2702530800107932,0.3121628202451585,0.4407511196871087,0.35795886682511,0.3338724099059849,0.3183434410165917,0.2923594183006992,0.1827726557094646,0.4914727450535682,0.0,0.0,0.0,0.3900606939333096,0.4735822918730629,0.0,0.4796295367007584,0.3895594511721846,0.4161493405648515,0.0,0.4193322782503604,0.4648345591224372,0.2813646398567775,0.4628575413941647,0.0,0.3617169442171367,0.2647346082360621,0.3942113221009027,0.4261573566403484,0.433692467161096,0.0,0.2318825282241893,0.2954970346302319,0.272580092958045,0.0,0.4121439858718607,0.0,0.3486124443281441,0.0,0.0,0.0,0.0,0.4965812640753213,0.0,0.3639626676209482,0.4482211092748703,0.3836278138996587,0.430944449585199,0.4711280103805809,0.0,0.4128282851533522,0.0,0.377975067316233,0.0,0.0,0.0,0.0,0.0,0.4583850055113672,0.4003580234447607,0.0,0.0,0.4844053481350573,0.0,0.0,0.0,0.4747138873873543,0.4133108514307449,0.403142286212189,0.0,0.0
0.0,0.0,0.4026335263814922,0.1908290027260783,0.1999573191592039,0.4156173040909298,0.325517612020446,0.3750237503854627,0.4411286043556583,0.2919157172314076,0.4207963876454152,0.2686003612924287,0.3017585888273688,0.1607752675870584,0.0,0.0,0.0,0.0,0.4000015917887093,0.4499066196273675,0.0,0.4201426511640277,0.4146388399563791,0.0,0.0,0.0,0.4084753128692652,0.2867880769136986,0.3609968939912721,0.0,0.3759791215680516,0.2933719144249829,0.2689492679822717,0.3015093437247171,0.3301874291951925,0.2318825282241893,0.0,0.2549833031723174,0.2362977878763278,0.0,0.2474438659325178,0.2922233325820921,0.0,0.0,0.0,0.0,0.0,0.0,0.0,0.0,0.0,0.0,0.0,0.0,0.0,0.0,0.0,0.0,0.0,0.0,0.0,0.0,0.0,0.0,0.0,0.0,0.0,0.4009036897172663,0.0,0.0,0.0,0.0,0.0,0.0,0.0,0.0
0.0,0.0,0.0,0.2222333869352541,0.3204025260473772,0.3286846561079828,0.3388866185855168,0.0,0.424806163454287,0.2710944110402547,0.3807723279826228,0.2471356516127302,0.3428965663504753,0.0,0.0,0.0,0.3160773938716885,0.0,0.3487602379408192,0.0,0.0,0.0,0.2402163983763069,0.2675697953867406,0.300354058932328,0.326303841221607,0.3314124259759461,0.3327238714358319,0.0,0.0,0.2735502516406133,0.237596999271981,0.2042896503281512,0.2032215481575321,0.2417601098499602,0.2954970346302319,0.2549833031723174,0.0,0.2143590861303854,0.2329374012985056,0.2396048086679841,0.2259249733896668,0.0,0.0,0.2425573645639886,0.0,0.0,0.0,0.0,0.0,0.0,0.0,0.0,0.0,0.3275860368007944,0.0,0.3430566814604879,0.0,0.0,0.0,0.0,0.0,0.0,0.0,0.0,0.0,0.0,0.0,0.3175685828866904,0.0,0.3831675757946652,0.0,0.3333826766366541,0.0,0.0,0.0
0.4079547269659803,0.4259871856236619,0.4646217272370251,0.0,0.3168152545561058,0.4680742134843414,0.3244007305375532,0.4328977548457779,0.4938698926741046,0.208961081006299,0.4214867328677388,0.212261281996359,0.3895433565973219,0.4176159320881017,0.4420747369307611,0.4154551558464969,0.0,0.3916039365233781,0.4363996370327546,0.4295740300063601,0.4277711195164,0.4392209816562228,0.4878001499508425,0.3455585784508044,0.3999587927091764,0.4239240305867045,0.4798725421161481,0.4536928900556949,0.4512927320444482,0.0,0.4356725832843982,0.2721604977094771,0.280814751725267,0.3162983495746197,0.2703542724206645,0.272580092958045,0.2362977878763278,0.2143590861303854,0.0,0.3250938146503332,0.3779780867519884,0.3664242319401619,0.2879947693930858,0.2787718807369742,0.248281263442021,0.3689925263748509,0.3745541466522426,0.4202150845320483,0.2786842853356416,0.3458353006034824,0.3835806864545238,0.3639223964100446,0.3658066897749173,0.4052729092740023,0.3327216014444529,0.3575878852704566,0.2364495500967543,0.3590943239785596,0.2989138599402707,0.3873484796579574,0.3815949849845876,0.3743642039956989,0.3848090317814124,0.3929139447789508,0.4028122530360793,0.3776353045427597,0.3860256943130802,0.3945920888797352,0.2818445264479275,0.3675781859498721,0.3769644285891245,0.4033351647909926,0.3596042165922126,0.3910855981378818,0.3939782709709895,0.3715018952483552
