0.0,0.3513183131623272,0.0,0.0,0.0,0.2934199319434307,0.0,0.4517270007852857,0.0,0.3282010994560504,0.0,0.3394545325853346,0.2760986036218827,0.0,0.3680428786151458,0.3612998200575669,0.3257542279032508,0.3170233364862379,0.0,0.3845823384253373,0.4054467671681804,0.3630212977993484,0.4027432432872432,0.3564628711058474,0.3233957697039127,0.3229868516344905,0.3382325104617228,0.3319167573274127,0.3657227508383881,0.0,0.3263276750200035,0.3604078617673514,0.288743588465249,0.3318067234589784,0.3834830582185017,0.0,0.0,0.2866597225844954,0.370032209750218,0.3283079331940329,0.3674338461215336,0.0,0.0,0.0,0.0,0.3309606037109638,0.3699851779290953,0.0,0.0,0.0,0.0,0.0,0.0,0.0,0.0,0.0,0.0,0.0,0.0,0.0,0.3688496008961754,0.0,0.3390538370777085,0.0,0.0,0.2470793399496211,0.3717367941721465,0.0,0.0,0.3627718662371348,0.3825717136126792,0.0,0.0,0.0,0.0,0.3097093631774799
0.3513183131623272,0.0,0.0,0.0,0.3120705418640393,0.3435821471872978,0.2920454554608336,0.3678489949062707,0.2755085320150187,0.0,0.0,0.0,0.3536104674591804,0.0,0.3666923212552651,0.3530421452982441,0.3091712489053402,0.3313820167731603,0.0,0.379507224936055,0.3721345964925755,0.3705880323434988,0.3556376354441223,0.0,0.3311442772326762,0.340018809633997,0.372495800480233,0.3442519686276957,0.3650521366036415,0.0,0.3278082265165433,0.3612065338127895,0.3071752482952387,0.3326773393151163,0.3880861943471531,0.0,0.0,0.0,0.3771670581061502,0.3560584163216603,0.3806274722873869,0.4057358488633429,0.0,0.0,0.0,0.3848067197888458,0.3879781155169159,0.0,0.0,0.0,0.2710496787455382,0.0,0.0,0.0,0.0,0.0,0.0,0.0,0.0,0.3952819959164341,0.3817688792781846,0.0,0.3501278792999275,0.0,0.3485931658509326,0.399733387253118,0.4039305999552194,0.302039447020817,0.0,0.348418051827612,0.4010331320393167,0.3292256969178074,0.0,0.323976864353759,0.0,0.3524824609950174
0.0,0.0,0.0,0.301805251834468,0.3472529459424266,0.3397971310327172,0.3380012463591813,0.3694398880810347,0.3302507933443938,0.2890316761575726,0.3108203693874967,0.2377376972423669,0.3463648376837099,0.3491573675633818,0.0,0.0,0.0,0.0,0.2726078255779001,0.0,0.0,0.0,0.2737457906342126,0.0,0.0,0.0,0.3175441998359819,0.352803421632209,0.0,0.0,0.3710887821008868,0.3197541892546601,0.0,0.3513219681735445,0.34546660255143,0.3183674335850162,0.2929972683151735,0.0,0.2913065507620979,0.0,0.2946695956101386,0.0,0.4029018446522622,0.0,0.0,0.0,0.0,0.2984143492445941,0.0,0.3043851665578091,0.442665677746823,0.1931647104750675,0.3359714520837908,0.3917195713627606,0.0,0.3127816258407264,0.0,0.2670949252360477,0.4201876153828622,0.0,0.0,0.0,0.0,0.2654430741311365,0.0,0.0,0.0,0.4038442457851749,0.0,0.0,0.0,0.3979107580004246,0.2295207774546553,0.0,0.0,0.0
0.0,0.0,0.301805251834468,0.0,0.2526419796613661,0.306324542031251,0.1742671239422771,0.3373348819763644,0.3239508154147911,0.0,0.3058854107155239,0.0,0.2179301447599902,0.2553949879725611,0.0,0.0,0.0,0.0,0.2822960444758998,0.0,0.0,0.0,0.33921172118365,0.0,0.0,0.0,0.3138286635518681,0.2195835023111929,0.0,0.0,0.0,0.2477275982468403,0.0,0.2199824219854617,0.2233896408411934,0.1817917657999505,0.1817634028984074,0.2336555356751994,0.0,0.0,0.0,0.0,0.0,0.0,0.0,0.0,0.0,0.0,0.0,0.0,0.0,0.0,0.0,0.0,0.0,0.0,0.0,0.0,0.0,0.0,0.0,0.0,0.0,0.0,0.0,0.0,0.0,0.0,0.0,0.0,0.0,0.0,0.0,0.0,0.0,0.0
0.0,0.3120705418640393,0.3472529459424266,0.2526419796613661,0.0,0.3385013064275757,0.2903295881935337,0.305862523930428,0.3340276454025905,0.3065041731647605,0.3093596079124136,0.3124629336165159,0.3249507632293825,0.2646877336646346,0.0,0.3204992310476023,0.0,0.0,0.3376536807615546,0.3610391673055418,0.0,0.3674443290616423,0.3393942500154518,0.0,0.2834514817483767,0.3090840758742427,0.3468982712715777,0.2966513200969238,0.3354177253541955,0.0,0.3790785316270051,0.2976599188373813,0.2656260714667376,0.3730862341008504,0.3749979161116178,0.2070558852973874,0.2745449044754086,0.2981531541705836,0.2830348639553709,0.0,0.0,0.0,0.2549558833140727,0.0,0.0,0.0,0.0,0.3030078167772877,0.0,0.2506238406430098,0.3368007506912655,0.0,0.3217153186259307,0.3083905427987843,0.0,0.3220962318226849,0.0,0.0,0.0,0.0,0.0,0.0,0.0,0.3484379717706755,0.0,0.0,0.0,0.3820247806100346,0.0,0.0,0.0,0.3184965776715824,0.0,0.0,0.0,0.0
0.2934199319434307,0.3435821471872978,0.3397971310327172,0.306324542031251,0.3385013064275757,0.0,0.3269216591652446,0.310314799701211,0.3058982454680353,0.2821114233791572,0.33178531935545,0.2275445303811925,0.3161929175375856,0.3531111157579964,0.2914804653448186,0.3526019822171529,0.2126116102167633,0.3075220126849572,0.3401791221093156,0.3374331057622165,0.2916626570549629,0.3579054786441495,0.3119527428409764,0.0,0.3279327446229217,0.3563032950437937,0.3224724452631614,0.3177256484849452,0.3012432812841104,0.3328832917754549,0.3504215748073165,0.331660319948234,0.317394727147517,0.3608904266044987,0.3753669745862348,0.3087358178385376,0.3265128522826305,0.2559337582899035,0.406983597649005,0.0,0.4165647157466331,0.361262426305147,0.2702412726790751,0.0,0.0,0.0,0.1927063662470289,0.4190279574331376,0.0,0.2528212740232456,0.3935651354833789,0.1906018264767583,0.3534063942057197,0.4256787360793384,0.0,0.3403702383351527,0.0,0.288645439750928,0.0,0.3186181541924333,0.0,0.0,0.0,0.3882452851506316,0.3525853417913899,0.3095296182580323,0.1873451820363393,0.3933580437722651,0.0,0.0,0.2579816516876494,0.3903093627128733,0.3832081548021968,0.3920442344577353,0.3740172902916482,0.3941155710813652
0.0,0.2920454554608336,0.3380012463591813,0.1742671239422771,0.2903295881935337,0.3269216591652446,0.0,0.3451024038083482,0.3425732703346847,0.303299737004309,0.3579044731198545,0.3200991534447239,0.2828835539430606,0.2593644794681589,0.0,0.332510355229529,0.3131997785554907,0.3200767386679277,0.3567553518633385,0.3481301865672207,0.0,0.3780038360881484,0.3336447517701627,0.3304389469136434,0.3181808520796436,0.3324612767133068,0.3379445737215817,0.2658798851242478,0.339305515681798,0.0,0.3515365195985479,0.3152663713376655,0.323461826966998,0.3445030802090715,0.3694233712411126,0.2021750764308222,0.1989328888153332,0.3170738682862054,0.2626637130890538,0.0,0.2800456367022123,0.0,0.2589480441080661,0.0,0.0,0.0,0.0,0.2849100661592673,0.0,0.0,0.289660901093122,0.0,0.3108810812799141,0.2940624553517215,0.0,0.2872211101214698,0.0,0.0,0.0,0.0,0.0,0.0,0.0,0.3176757690842512,0.0,0.0,0.0,0.3927609566722591,0.0,0.0,0.0,0.3084263364779135,0.0,0.0,0.0,0.0
0.4517270007852857,0.3678489949062707,0.3694398880810347,0.3373348819763644,0.305862523930428,0.310314799701211,0.3451024038083482,0.0,0.4003361327798278,0.3704824512067357,0.2835096182972821,0.3624920229684503,0.3519582843899991,0.3213630681900534,0.0,0.3860047090882972,0.0,0.383802608036122,0.366123898390991,0.3095839016658916,0.3643400007352526,0.3247010600069676,0.2998572449968993,0.4595597338975418,0.4116649806783561,0.416151009509013,0.3425294196021285,0.3520052389967437,0.3280984729043782,0.3351409693634319,0.3856211079984435,0.3293775987300403,0.3985746749934421,0.3864976132075844,0.3868614697812029,0.2568109313364838,0.31774025118316,0.0,0.3883493842868462,0.0,0.4199717845264142,0.0,0.3119689783426166,0.0,0.0,0.0,0.0,0.4309378860355818,0.0,0.3444117049333712,0.3805011698878475,0.3478772240716081,0.2659016174043768,0.4340927272830632,0.0,0.3782747741901257,0.0,0.3595326005852972,0.3184897767559119,0.3673564923236785,0.0,0.0,0.0,0.4365108364138023,0.3903952401716675,0.3348965361125445,0.0,0.3652211784947231,0.0,0.0,0.0,0.3658208679975017,0.4008508815702035,0.3618464855912923,0.0,0.3771041412665186
0.0,0.2755085320150187,0.3302507933443938,0.3239508154147911,0.3340276454025905,0.3058982454680353,0.3425732703346847,0.4003361327798278,0.0,0.345575285928096,0.3228358535207709,0.2936562558660925,0.3405120337960519,0.3486413701819151,0.0,0.288228276922238,0.0,0.1873599527669516,0.2948610517647422,0.3336141529368166,0.0,0.331563912732621,0.359199003795093,0.2829284288510743,0.1858960305857215,0.2477122549251637,0.3393038382615885,0.374891677280915,0.3132453947125284,0.3404871848612691,0.3979895609081109,0.3660699130877713,0.2847367156476539,0.3914641721378653,0.3757121772629608,0.3408414304472832,0.3474615676141618,0.2820720431853569,0.3236728417082631,0.0,0.2255010127835205,0.0,0.0,0.0,0.0,0.0,0.0,0.4550881609505773,0.0,0.2949318703903941,0.4418557247686347,0.2620936943076879,0.4333516671957096,0.4108234491085871,0.0,0.4291888880751861,0.0,0.2601631257405326,0.0,0.0,0.0,0.0,0.0,0.4463557405481275,0.0,0.0,0.0,0.4493078313642223,0.0,0.0,0.0,0.4426580234065539,0.2385769125192643,0.0,0.0,0.0
0.3282010994560504,0.0,0.2890316761575726,0.0,0.3065041731647605,0.2821114233791572,0.303299737004309,0.3704824512067357,0.345575285928096,0.0,0.3462282348232448,0.2312395815245035,0.3391960956944272,0.0,0.0,0.299419450051974,0.2784803941321908,0.2915643076715575,0.3291710286713533,0.248417938967649,0.0,0.2524665968315558,0.331471867322016,0.2362614067246736,0.2853287254501539,0.2975857390231125,0.2430720079917069,0.3397854917972421,0.2394916465923733,0.0,0.2803636256975867,0.3229914276747241,0.2646705306421232,0.2858481383698901,0.3148186646357104,0.3427040542105173,0.2713992993958145,0.2473830882174003,0.3695479521203972,0.3255785725998395,0.3240003457695158,0.4047466490304311,0.0,0.0,0.2818195882444826,0.3476721530966354,0.0,0.0,0.0,0.0,0.0,0.0,0.0,0.0,0.3306014068128703,0.0,0.3397451813689666,0.0,0.0,0.0,0.0,0.3416393700813619,0.3204205305241777,0.0,0.0,0.0,0.0,0.0,0.3267706951935057,0.3531392314665031,0.3457739262544412,0.0,0.0,0.0,0.0,0.3355331442128929
0.0,0.0,0.3108203693874967,0.3058854107155239,0.3093596079124136,0.33178531935545,0.3579044731198545,0.2835096182972821,0.3228358535207709,0.3462282348232448,0.0,0.311586999649742,0.3633472224734193,0.2444465910005952,0.0,0.0,0.2793120981863635,0.0,0.2547276691701787,0.0,0.0,0.0,0.2687462014302502,0.3192494816006501,0.0,0.22971585816,0.3478343822714429,0.3622070958677646,0.0,0.0,0.3924081303026539,0.3426981487716267,0.325267115661334,0.3792456013749533,0.364689116691605,0.2684037817722021,0.3424793987074724,0.3074582053005112,0.2782424410756656,0.0,0.0,0.0,0.2743728441532501,0.0,0.0,0.0,0.0,0.3839634739902299,0.0,0.2785337608754295,0.3730034768672547,0.225076722610971,0.2416552948762034,0.4001921869352304,0.0,0.2198737108814427,0.0,0.2378325683030593,0.3368872338528508,0.0,0.0,0.0,0.0,0.2668695808965225,0.0,0.0,0.0,0.3589705018728791,0.0,0.0,0.0,0.3732935251357036,0.1801091494764822,0.0,0.0,0.0
0.3394545325853346,0.0,0.2377376972423669,0.0,0.3124629336165159,0.2275445303811925,0.3200991534447239,0.3624920229684503,0.2936562558660925,0.2312395815245035,0.311586999649742,0.0,0.2998886593224856,0.0,0.0,0.0,0.2757471616616677,0.2452067187266555,0.253372544321654,0.0,0.3810907464221659,0.0,0.3285448257704971,0.229817726874588,0.2787173762516767,0.2596518604335045,0.2426135663927152,0.3250717527994982,0.0,0.0,0.2926636212174105,0.2733121404739277,0.2472113372113758,0.2599598746414629,0.279889960698061,0.3046815198660897,0.2849751149014671,0.243238811065842,0.3815843153071308,0.3194363033063953,0.3208199143591132,0.0,0.0,0.0,0.2772998810248073,0.0,0.0,0.0,0.0,0.0,0.0,0.0,0.0,0.0,0.3424220741840824,0.0,0.3552792783708205,0.0,0.0,0.0,0.0,0.3354916149725234,0.3341610079919181,0.0,0.0,0.0,0.0,0.0,0.3231740660824299,0.3635054560753544,0.354153241164738,0.0,0.3374743824385376,0.0,0.0,0.3285491786020607
0.2760986036218827,0.3536104674591804,0.3463648376837099,0.2179301447599902,0.3249507632293825,0.3161929175375856,0.2828835539430606,0.3519582843899991,0.3405120337960519,0.3391960956944272,0.3633472224734193,0.2998886593224856,0.0,0.2619876650460169,0.3444993315360435,0.3743946368008469,0.3050301373885049,0.307373103611247,0.3614309728598951,0.3410750725843812,0.3463016146569602,0.3762323175402512,0.3437568378649318,0.2617885045824591,0.3490206753976,0.3540791108769777,0.3442416535781388,0.2988612558633012,0.3193606531993134,0.326717652060754,0.3326424529371353,0.3157807042164126,0.3220291337276159,0.3383509727440502,0.358746962421219,0.2449645335837794,0.2457065122098927,0.3018559290913483,0.3794429489568421,0.3194810713436324,0.2483496637749995,0.3016298640683664,0.2713119710856599,0.0,0.0,0.0,0.0,0.2545434608430364,0.0,0.0,0.2537554150115094,0.2102530479333556,0.3419365368692061,0.0,0.0,0.2985151115515675,0.3184597191794223,0.0,0.0,0.2785246641315578,0.0,0.0,0.0,0.0,0.3117580493473242,0.0,0.2281570000877807,0.3927205661230369,0.0,0.2287231136447804,0.2292517592537118,0.3629539061253444,0.0,0.3129946404341103,0.0,0.0
0.0,0.0,0.3491573675633818,0.2553949879725611,0.2646877336646346,0.3531111157579964,0.2593644794681589,0.3213630681900534,0.3486413701819151,0.0,0.2444465910005952,0.0,0.2619876650460169,0.0,0.0,0.0,0.0,0.0,0.327168628098365,0.0,0.3951946590304587,0.0,0.3232851028245124,0.0,0.0,0.0,0.3566534517764909,0.2050648874085554,0.0,0.0,0.0,0.2285660978567125,0.0,0.3252985918940435,0.0,0.210192676823786,0.1618863942749183,0.0,0.0,0.0,0.0,0.0,0.3035904658968582,0.0,0.0,0.0,0.0,0.3831903776066274,0.0,0.0,0.0,0.0,0.0,0.4024676378598812,0.0,0.338940002470666,0.0,0.0,0.0,0.0,0.0,0.0,0.0,0.0,0.0,0.0,0.0,0.3640985801069571,0.0,0.0,0.0,0.3483945880392013,0.0,0.0,0.0,0.0
0.3680428786151458,0.3666923212552651,0.0,0.0,0.0,0.2914804653448186,0.0,0.0,0.0,0.0,0.0,0.0,0.3444993315360435,0.0,0.0,0.3811394988087436,0.0,0.3625297495795747,0.0,0.3049190270040898,0.3370276865428863,0.3429917841729668,0.3014593965012361,0.4245651572869623,0.356737942282019,0.3460110370107905,0.3299243775191365,0.3413284127005566,0.3462164212076647,0.0,0.3610081325887816,0.3820930900117654,0.3504389247327164,0.3880834649005288,0.4346190183320194,0.0,0.0,0.0,0.4015974072392872,0.4049873084634051,0.3936539554874222,0.4434775900175021,0.0,0.0,0.0,0.0,0.4071599834064702,0.0,0.0,0.0,0.3860333441082426,0.0,0.0,0.0,0.0,0.0,0.0,0.0,0.0,0.3539890118739537,0.3345334249279613,0.0,0.0,0.0,0.3429518026310563,0.4000771411581427,0.4009449144703698,0.353069382927144,0.0,0.2811932759733437,0.4081846917088871,0.3591131599631014,0.3270341271354415,0.3869634709759521,0.0,0.324669073456084
0.3612998200575669,0.3530421452982441,0.0,0.0,0.3204992310476023,0.3526019822171529,0.332510355229529,0.3860047090882972,0.288228276922238,0.299419450051974,0.0,0.0,0.3743946368008469,0.0,0.3811394988087436,0.0,0.3390594071948308,0.3214812846939173,0.0,0.3656645438429493,0.3741174224874526,0.3548032877229433,0.375751637821365,0.3035844178338395,0.3205523198347055,0.3741241152004154,0.3704164796066583,0.3412244799897012,0.3661799334120681,0.0,0.3202752904275573,0.3727829503370889,0.3439458423879446,0.3297879166581601,0.3997171545247221,0.0,0.0,0.0,0.3875825198995894,0.3559391093947727,0.3795600982494634,0.4046643850836668,0.0,0.0,0.0,0.3892055941006986,0.3874163262519656,0.0,0.0,0.0,0.0,0.0,0.0,0.0,0.0,0.0,0.0,0.0,0.0,0.3828540112589818,0.3869805903996792,0.0,0.3378237413043999,0.0,0.3554861202014496,0.3882514006911147,0.3922592344396957,0.2589616161256796,0.0,0.3614926373090422,0.3972866003810497,0.2897683277983676,0.0,0.3340758661346362,0.0,0.3598706165639265
0.3257542279032508,0.3091712489053402,0.0,0.0,0.0,0.2126116102167633,0.3131997785554907,0.0,0.0,0.2784803941321908,0.2793120981863635,0.2757471616616677,0.3050301373885049,0.0,0.0,0.3390594071948308,0.0,0.2952436870520666,0.0,0.3084406883324547,0.0,0.3297247484332414,0.0,0.3037237038931065,0.314056524516613,0.2994026587861016,0.0,0.3220270289946527,0.2830521095513826,0.0,0.303345827869364,0.3325453423071404,0.289440521857181,0.3175481259884855,0.3476346401132535,0.0,0.0,0.2675437441250277,0.0,0.3265814236209841,0.0,0.0,0.0,0.0,0.0,0.0,0.0,0.0,0.0,0.0,0.0,0.0,0.0,0.0,0.327364363351929,0.0,0.2907459390467617,0.0,0.0,0.0,0.0,0.2993644743663767,0.3116073252242718,0.0,0.0,0.0,0.0,0.0,0.3186509906324853,0.359450765071413,0.3596574047931894,0.0,0.0,0.0,0.0,0.0
0.3170233364862379,0.3313820167731603,0.0,0.0,0.0,0.3075220126849572,0.3200767386679277,0.383802608036122,0.1873599527669516,0.2915643076715575,0.0,0.2452067187266555,0.307373103611247,0.0,0.3625297495795747,0.3214812846939173,0.2952436870520666,0.0,0.0,0.3586085621934502,0.3550456838711244,0.3508346896140302,0.3493636814635919,0.3013817562168376,0.3196748156318093,0.3330569366858091,0.3318766687766826,0.3144035944945303,0.3560216437736473,0.3442256763293919,0.2998199953580719,0.3098177872504815,0.2988965326464988,0.326374931352983,0.3749060763019926,0.0,0.0,0.0,0.362952026248383,0.3245356377226241,0.3466781319484215,0.3649829931890835,0.0,0.0,0.0,0.3477261133029384,0.3550586681423843,0.0,0.0,0.0,0.0,0.0,0.0,0.0,0.3077904144535102,0.0,0.270471884488401,0.0,0.0,0.0,0.3562914718227781,0.2962099194275132,0.3275161464902651,0.0,0.0,0.0,0.3756618938978422,0.0,0.3040753769590564,0.3411793019826003,0.3510871215550491,0.0,0.0,0.0,0.0,0.320753506786477
0.0,0.0,0.2726078255779001,0.2822960444758998,0.3376536807615546,0.3401791221093156,0.3567553518633385,0.366123898390991,0.2948610517647422,0.3291710286713533,0.2547276691701787,0.253372544321654,0.3614309728598951,0.327168628098365,0.0,0.0,0.0,0.0,0.0,0.0,0.0,0.0,0.2426737516327104,0.0,0.0,0.0,0.3575646617532137,0.3698041562655061,0.0,0.0,0.3708460084532231,0.3503493839861594,0.0,0.3401708972637088,0.3624121035306593,0.3119459642576555,0.3054309161203967,0.2975251923914548,0.0,0.0,0.0,0.0,0.375304835286564,0.0,0.0,0.0,0.0,0.3672468057190068,0.0,0.3268221425912612,0.427135865257543,0.3299611236680734,0.4234086194279478,0.445943497618095,0.0,0.3653379390260483,0.0,0.2975551525461292,0.4013210535903919,0.0,0.0,0.0,0.0,0.287804822212677,0.0,0.0,0.0,0.4315467489371741,0.0,0.0,0.0,0.4175536225765491,0.0,0.0,0.0,0.0
0.3845823384253373,0.379507224936055,0.0,0.0,0.3610391673055418,0.3374331057622165,0.3481301865672207,0.3095839016658916,0.3336141529368166,0.248417938967649,0.0,0.0,0.3410750725843812,0.0,0.3049190270040898,0.3656645438429493,0.3084406883324547,0.3586085621934502,0.0,0.0,0.3383393839877962,0.3295803174450253,0.2485508166331901,0.0,0.3462765695352249,0.3565816397848113,0.3075671373938592,0.3262874165313455,0.3088822923645344,0.3207646471654116,0.3422297802324922,0.3929188654624709,0.3738954603104498,0.3852382648067369,0.438735179014156,0.4561187386818056,0.3593053868986904,0.0,0.4083838736590798,0.3652866492695119,0.3760006110693917,0.4237201020661653,0.3687640042193229,0.0,0.0,0.0,0.3484017327361363,0.0,0.0,0.0,0.3319791315533035,0.0,0.0,0.0,0.0,0.0,0.0,0.276920003937054,0.0,0.3987053320336392,0.2569409892051345,0.0,0.0,0.0,0.4005383657648246,0.3829657541373119,0.414419712690177,0.3739742017994178,0.0,0.2261316953894759,0.4063319798240453,0.3977458290217915,0.3059988704042519,0.3625643662455103,0.3055204080581009,0.3637621207625989
0.4054467671681804,0.3721345964925755,0.0,0.0,0.0,0.2916626570549629,0.0,0.3643400007352526,0.0,0.0,0.0,0.3810907464221659,0.3463016146569602,0.3951946590304587,0.3370276865428863,0.3741174224874526,0.0,0.3550456838711244,0.0,0.3383393839877962,0.0,0.3891867005670542,0.323605456709474,0.4613345877117633,0.3691080677386938,0.3717308555810249,0.3330493225008499,0.3607103817361731,0.3501682320637143,0.0,0.3573000518736939,0.3886023202890451,0.3482014588531584,0.378131708157929,0.4591968729461049,0.0,0.0,0.0,0.3890150404181144,0.3391006349865899,0.3588195249327723,0.4225303350518574,0.0,0.0,0.0,0.3301186312007086,0.4096688964482571,0.0,0.0,0.0,0.3925091145073813,0.0,0.2374370547532558,0.0,0.0,0.0,0.0,0.3271778166669701,0.0,0.3861916594128719,0.3310415070787634,0.0,0.0,0.0,0.3735897766452944,0.3015694381558362,0.397274000124144,0.3546233013688489,0.0,0.3262551739196743,0.4220134518543998,0.3731979883045294,0.3837318553518222,0.3849979845273265,0.0,0.3269266723774798
0.3630212977993484,0.3705880323434988,0.0,0.0,0.3674443290616423,0.3579054786441495,0.3780038360881484,0.3247010600069676,0.331563912732621,0.2524665968315558,0.0,0.0,0.3762323175402512,0.0,0.3429917841729668,0.3548032877229433,0.3297247484332414,0.3508346896140302,0.0,0.3295803174450253,0.3891867005670542,0.0,0.3596339084140625,0.0,0.3470837761443656,0.3540672969434146,0.3742201691814054,0.3431564158823156,0.3565856482215103,0.3172245759737399,0.3382430575435429,0.3979484258431426,0.3634836661269906,0.3703142878017418,0.440462313582607,0.4894490282125798,0.3804417457540829,0.0,0.4120854206697878,0.4024569090369032,0.418083075364684,0.4402887580005415,0.0,0.0,0.0,0.4039407511614301,0.3996794396628684,0.0,0.0,0.0,0.3449897995908156,0.0,0.0,0.0,0.0,0.0,0.0,0.0,0.0,0.431683490016981,0.380852901666357,0.0,0.3208821573784642,0.0,0.4156877429962572,0.4216028412464446,0.4165405947800731,0.4164986754407491,0.0,0.3493900490556581,0.4256538276421918,0.3803089144056603,0.3076402088237108,0.3837374656333996,0.0,0.3851466735520051
0.4027432432872432,0.3556376354441223,0.2737457906342126,0.33921172118365,0.3393942500154518,0.3119527428409764,0.3336447517701627,0.2998572449968993,0.359199003795093,0.331471867322016,0.2687462014302502,0.3285448257704971,0.3437568378649318,0.3232851028245124,0.3014593965012361,0.375751637821365,0.0,0.3493636814635919,0.2426737516327104,0.2485508166331901,0.323605456709474,0.3596339084140625,0.0,0.4381888033210444,0.360462417927606,0.3757525602044432,0.3164057338266927,0.3463806008604039,0.3276868277831866,0.3387340155462718,0.3597668100587782,0.339708782353821,0.346640223358731,0.3655996265621679,0.3522136064753638,0.3009651416988119,0.3010320430237916,0.2533989491993739,0.4031239352791247,0.0,0.4397810982588688,0.4375725831747596,0.3722020022635824,0.0,0.0,0.0,0.2982690266183786,0.4490950827808478,0.0,0.3238007650395651,0.4108295447330024,0.3984309600130935,0.3504250847069901,0.4427399100840938,0.0,0.4325709800331091,0.0,0.4002813908360718,0.3836899544328696,0.3886899876602254,0.0,0.0,0.0,0.4438074969785499,0.401784022338452,0.3240109987095619,0.3733096955859519,0.4081195238417461,0.0,0.2139724068708148,0.3190245659699771,0.3992264258151887,0.4182390699229178,0.4040094568388807,0.4250747179314532,0.4130893043418138
0.3564628711058474,0.0,0.0,0.0,0.0,0.0,0.3304389469136434,0.4595597338975418,0.2829284288510743,0.2362614067246736,0.3192494816006501,0.229817726874588,0.2617885045824591,0.0,0.4245651572869623,0.3035844178338395,0.3037237038931065,0.3013817562168376,0.0,0.0,0.4613345877117633,0.0,0.4381888033210444,0.0,0.3056768336400292,0.2934023250681906,0.1982525478571402,0.316630035640597,0.0,0.0,0.3038857881072795,0.292718012356773,0.1980804205927119,0.2566937612482626,0.326034849910573,0.3246340652427665,0.2580942271317372,0.1836203536401464,0.3766512612767775,0.3213208712110578,0.3375340381659722,0.0,0.0,0.0,0.0,0.3413426960393745,0.0,0.0,0.0,0.0,0.0,0.0,0.0,0.0,0.3310232644703408,0.0,0.3422484099729887,0.0,0.0,0.0,0.3588248683536244,0.3464522814857634,0.3528600412326158,0.0,0.0,0.0,0.0,0.0,0.3240700131936685,0.3664029205623699,0.3619149286292912,0.0,0.0,0.0,0.0,0.3540974610514562
0.3233957697039127,0.3311442772326762,0.0,0.0,0.2834514817483767,0.3279327446229217,0.3181808520796436,0.4116649806783561,0.1858960305857215,0.2853287254501539,0.0,0.2787173762516767,0.3490206753976,0.0,0.356737942282019,0.3205523198347055,0.314056524516613,0.3196748156318093,0.0,0.3462765695352249,0.3691080677386938,0.3470837761443656,0.360462417927606,0.3056768336400292,0.0,0.3175072141648256,0.3470117484089185,0.3390941225562691,0.3449478118850637,0.0,0.3092523561320774,0.3385161737720853,0.2848629496593357,0.3099437234336158,0.3563840678421953,0.0,0.0,0.2840319897403348,0.3650854468124416,0.3214778490877472,0.3533516016359505,0.3752205489845278,0.0,0.0,0.0,0.3669021466395469,0.3646043433439303,0.0,0.0,0.0,0.0,0.0,0.0,0.0,0.3201645413025176,0.0,0.334136756927706,0.2215628522421231,0.0,0.3378252960519277,0.3582638908741949,0.3480024047094883,0.3329688555192365,0.0,0.3308847858853756,0.3323171441925073,0.3244701599058641,0.2387433060012756,0.3390929157666019,0.3475110609485827,0.3599727815673886,0.0,0.0,0.2703359933644438,0.0,0.3364981589063253
0.3229868516344905,0.340018809633997,0.0,0.0,0.3090840758742427,0.3563032950437937,0.3324612767133068,0.416151009509013,0.2477122549251637,0.2975857390231125,0.22971585816,0.2596518604335045,0.3540791108769777,0.0,0.3460110370107905,0.3741241152004154,0.2994026587861016,0.3330569366858091,0.0,0.3565816397848113,0.3717308555810249,0.3540672969434146,0.3757525602044432,0.2934023250681906,0.3175072141648256,0.0,0.37025694449092,0.3061614072498751,0.3502749722793644,0.0,0.3318091022519097,0.366776763184408,0.3165403773518982,0.3360449360443632,0.3938045809887043,0.3324299530789268,0.0,0.3211370961253155,0.3907267952976171,0.354372422033996,0.3777135381099832,0.4189491640751659,0.0,0.0,0.0,0.3867983947113279,0.4063689511054632,0.0,0.0,0.0,0.2402053914189451,0.0,0.0,0.0,0.3101789947454419,0.0,0.3106790085390509,0.2406449331994028,0.0,0.42666568780934,0.3891752511839398,0.3548072134774303,0.3566847656415441,0.0,0.3743482439819911,0.4246045450881658,0.4174951309408637,0.3456343797965543,0.3509778356811233,0.365921088294353,0.3936039779559644,0.3699221839440506,0.2932166618200471,0.2921644384533452,0.0,0.3694288996988755
0.3382325104617228,0.372495800480233,0.3175441998359819,0.3138286635518681,0.3468982712715777,0.3224724452631614,0.3379445737215817,0.3425294196021285,0.3393038382615885,0.2430720079917069,0.3478343822714429,0.2426135663927152,0.3442416535781388,0.3566534517764909,0.3299243775191365,0.3704164796066583,0.0,0.3318766687766826,0.3575646617532137,0.3075671373938592,0.3330493225008499,0.3742201691814054,0.3164057338266927,0.1982525478571402,0.3470117484089185,0.37025694449092,0.0,0.344375583835959,0.3247612513791543,0.3328465861493571,0.3504280206822212,0.3545484808439089,0.3532863050264409,0.3689501756210354,0.3881566741095647,0.282111996322081,0.3316457003755927,0.2573154051417017,0.4049470077150535,0.3703813289404234,0.4240272217640034,0.4244085527627986,0.3720475628115173,0.2590423316181067,0.0,0.0,0.2596896397376939,0.4345871864006644,0.0,0.2508619494474559,0.4040138237388353,0.3223252944111158,0.367937969024941,0.4336711723010293,0.0,0.4067195622496862,0.0,0.3348562553237413,0.3520341642001107,0.3985479495699355,0.0,0.0,0.0,0.4127678860690402,0.3797392299721833,0.3623762970443317,0.3450501750532708,0.4016260750539429,0.0,0.0,0.3638620859621675,0.3973802130367361,0.4022934744427709,0.3615761480568494,0.3957189494745078,0.3849536401772545
0.3319167573274127,0.3442519686276957,0.352803421632209,0.2195835023111929,0.2966513200969238,0.3177256484849452,0.2658798851242478,0.3520052389967437,0.374891677280915,0.3397854917972421,0.3622070958677646,0.3250717527994982,0.2988612558633012,0.2050648874085554,0.3413284127005566,0.3412244799897012,0.3220270289946527,0.3144035944945303,0.3698041562655061,0.3262874165313455,0.3607103817361731,0.3431564158823156,0.3463806008604039,0.316630035640597,0.3390941225562691,0.3061614072498751,0.344375583835959,0.0,0.2978279402897619,0.3076194751487004,0.3222062836077809,0.3195465186163171,0.3114452956583251,0.3308479377652303,0.3526235029779894,0.2248285125469176,0.2358574706980837,0.3166782784714989,0.4120637307984636,0.0,0.2892896290059065,0.3260138871267618,0.3085107242593414,0.0,0.0,0.0,0.0,0.2627010067858723,0.0,0.0,0.361434206047772,0.0,0.3476009647540143,0.2347442716909514,0.3543952402208057,0.0,0.3298482599545155,0.1596697163600385,0.0,0.3523961800427583,0.0,0.0,0.0,0.0,0.3939764139357367,0.369541586233466,0.3035386139390205,0.4047377701259818,0.0,0.2425325167498982,0.2779287028230374,0.3989009609627102,0.3589766191756314,0.3570143159178143,0.0,0.3500395195682402
0.3657227508383881,0.3650521366036415,0.0,0.0,0.3354177253541955,0.3012432812841104,0.339305515681798,0.3280984729043782,0.3132453947125284,0.2394916465923733,0.0,0.0,0.3193606531993134,0.0,0.3462164212076647,0.3661799334120681,0.2830521095513826,0.3560216437736473,0.0,0.3088822923645344,0.3501682320637143,0.3565856482215103,0.3276868277831866,0.0,0.3449478118850637,0.3502749722793644,0.3247612513791543,0.2978279402897619,0.0,0.3008545875054165,0.316134544294242,0.3536571794286023,0.3520723316995008,0.3501566279220904,0.3833654921103024,0.309703730942256,0.3743444566329562,0.0,0.4023160593030164,0.3215361576270715,0.341180582551069,0.3764119436337411,0.3594037105447946,0.0,0.0,0.0,0.287548294462123,0.3285889271491528,0.0,0.0,0.3080706391839066,0.2213066262663791,0.3153694304107435,0.254937168307711,0.0,0.0,0.0,0.2358755955368874,0.0,0.3893648189213753,0.0,0.0,0.0,0.0,0.37090025918291,0.3645740879610454,0.3641782688711509,0.4023214413556607,0.0,0.0,0.3259287326063356,0.4002545926794254,0.3942163194863004,0.3981908284191789,0.3679462517434561,0.3792169340280426
0.0,0.0,0.0,0.0,0.0,0.3328832917754549,0.0,0.3351409693634319,0.3404871848612691,0.0,0.0,0.0,0.326717652060754,0.0,0.0,0.0,0.0,0.3442256763293919,0.0,0.3207646471654116,0.0,0.3172245759737399,0.3387340155462718,0.0,0.0,0.0,0.3328465861493571,0.3076194751487004,0.3008545875054165,0.0,0.2820620698203045,0.3270099120113348,0.0,0.3375236098338124,0.3414955384040459,0.0,0.0,0.0,0.0,0.0,0.0,0.0,0.0,0.0,0.0,0.0,0.0,0.0,0.0,0.0,0.0,0.0,0.0,0.0,0.0,0.0,0.0,0.0,0.0,0.0,0.0,0.0,0.0,0.0,0.3832639816914353,0.0,0.0,0.3965602746560915,0.0,0.0,0.0,0.3879624370773099,0.0,0.354625273106334,0.0,0.0
0.3263276750200035,0.3278082265165433,0.3710887821008868,0.0,0.3790785316270051,0.3504215748073165,0.3515365195985479,0.3856211079984435,0.3979895609081109,0.2803636256975867,0.3924081303026539,0.2926636212174105,0.3326424529371353,0.0,0.3610081325887816,0.3202752904275573,0.303345827869364,0.2998199953580719,0.3708460084532231,0.3422297802324922,0.3573000518736939,0.3382430575435429,0.3597668100587782,0.3038857881072795,0.3092523561320774,0.3318091022519097,0.3504280206822212,0.3222062836077809,0.316134544294242,0.2820620698203045,0.0,0.3525927083180667,0.2903617033909685,0.2469738972867966,0.286538149951225,0.0,0.3118793251805324,0.3027006341839223,0.3858684975908517,0.3466513640853658,0.3807324820545221,0.0,0.0,0.0,0.0,0.0,0.3726305030172634,0.0,0.0,0.0,0.3771860657900868,0.0,0.0,0.0,0.3174046278025086,0.0,0.3428596535062662,0.0,0.0,0.4171343099910141,0.3695918167488852,0.3394999605641687,0.3222186052838419,0.0,0.400017901789471,0.3959324828180636,0.3903812588381679,0.4219062825799931,0.3593156577819019,0.3483659068886256,0.3776992514167528,0.4147349480356792,0.3671919708857088,0.3985350817569189,0.0,0.3612034594131602
0.3604078617673514,0.3612065338127895,0.3197541892546601,0.2477275982468403,0.2976599188373813,0.331660319948234,0.3152663713376655,0.3293775987300403,0.3660699130877713,0.3229914276747241,0.3426981487716267,0.2733121404739277,0.3157807042164126,0.2285660978567125,0.3820930900117654,0.3727829503370889,0.3325453423071404,0.3098177872504815,0.3503493839861594,0.3929188654624709,0.3886023202890451,0.3979484258431426,0.339708782353821,0.292718012356773,0.3385161737720853,0.366776763184408,0.3545484808439089,0.3195465186163171,0.3536571794286023,0.3270099120113348,0.3525927083180667,0.0,0.2936114316079241,0.3008567003419363,0.3083540076292586,0.2300614061641688,0.2643966637076537,0.2145154008316203,0.3469943333077283,0.321752523823144,0.3265168781122971,0.309746817116141,0.4235502796398588,0.0,0.0,0.3649748804942215,0.3845293741619345,0.3131953595282114,0.0,0.0,0.4055125556646537,0.2707524572510197,0.3962416177058512,0.2940669765344566,0.0,0.3113994414897496,0.3355872679378225,0.388420309482178,0.0,0.422357911267931,0.351940004353994,0.3206260256890691,0.2686652900542389,0.3242663496823014,0.4086651798517519,0.4173731554483322,0.4179057803503054,0.4129061146264695,0.3515433038307828,0.3292613405165526,0.3969311536872046,0.4071706887502668,0.4363983948550164,0.4108293406694973,0.0,0.421566025982832
0.288743588465249,0.3071752482952387,0.0,0.0,0.2656260714667376,0.317394727147517,0.323461826966998,0.3985746749934421,0.2847367156476539,0.2646705306421232,0.325267115661334,0.2472113372113758,0.3220291337276159,0.0,0.3504389247327164,0.3439458423879446,0.289440521857181,0.2988965326464988,0.0,0.3738954603104498,0.3482014588531584,0.3634836661269906,0.346640223358731,0.1980804205927119,0.2848629496593357,0.3165403773518982,0.3532863050264409,0.3114452956583251,0.3520723316995008,0.0,0.2903617033909685,0.2936114316079241,0.0,0.2234460233382605,0.3526031662445762,0.21040282247344,0.2503128892622626,0.1728983529082945,0.3573484440214519,0.3080918273415319,0.3201095173145115,0.3682304999100311,0.0,0.0,0.0,0.359145557501383,0.3606578766702901,0.0,0.0,0.0,0.0,0.0,0.0,0.0,0.2837926569100123,0.0,0.3032524802274892,0.0,0.0,0.4165839317035411,0.356361697542184,0.3271135429551378,0.290114982238926,0.0,0.3966575413972427,0.400544809111109,0.3997524923546899,0.3863915054797047,0.3070856150278273,0.3300921782374056,0.3687635058383683,0.4061990672914331,0.3995385539181115,0.0,0.0,0.3490337007744597
0.3318067234589784,0.3326773393151163,0.3513219681735445,0.2199824219854617,0.3730862341008504,0.3608904266044987,0.3445030802090715,0.3864976132075844,0.3914641721378653,0.2858481383698901,0.3792456013749533,0.2599598746414629,0.3383509727440502,0.3252985918940435,0.3880834649005288,0.3297879166581601,0.3175481259884855,0.326374931352983,0.3401708972637088,0.3852382648067369,0.378131708157929,0.3703142878017418,0.3655996265621679,0.2566937612482626,0.3099437234336158,0.3360449360443632,0.3689501756210354,0.3308479377652303,0.3501566279220904,0.3375236098338124,0.2469738972867966,0.3008567003419363,0.2234460233382605,0.0,0.2588859214013998,0.3368533481648189,0.2569884417526462,0.2299887524372412,0.368137393125295,0.2947745060734098,0.3154322227742154,0.0,0.0,0.0,0.2484221755985831,0.3665033712138031,0.3717297275482101,0.2779346205451034,0.0,0.0,0.3973098316651725,0.2608337794556242,0.4241925332844578,0.2130366365429891,0.3277544575117813,0.0,0.3315575908503432,0.1982886734475419,0.0,0.4287458896103354,0.368376449274762,0.3295689610013121,0.3270026684847835,0.0,0.4222324881971724,0.4189169417816805,0.4145211393597601,0.4293147681460872,0.3339250428602944,0.3465888176937598,0.3790899745622964,0.4263349499915567,0.3922873753106808,0.4159486788621428,0.0,0.3874921784273857
0.3834830582185017,0.3880861943471531,0.34546660255143,0.2233896408411934,0.3749979161116178,0.3753669745862348,0.3694233712411126,0.3868614697812029,0.3757121772629608,0.3148186646357104,0.364689116691605,0.279889960698061,0.358746962421219,0.0,0.4346190183320194,0.3997171545247221,0.3476346401132535,0.3749060763019926,0.3624121035306593,0.438735179014156,0.4591968729461049,0.440462313582607,0.3522136064753638,0.326034849910573,0.3563840678421953,0.3938045809887043,0.3881566741095647,0.3526235029779894,0.3833654921103024,0.3414955384040459,0.286538149951225,0.3083540076292586,0.3526031662445762,0.2588859214013998,0.0,0.4182662627585842,0.287397754271619,0.2809273170105261,0.3334861238765865,0.2935468827344785,0.2631214979714433,0.3114656865626447,0.2877031958549547,0.0,0.0,0.0,0.4135045957632198,0.0,0.0,0.0,0.3371745313802571,0.0,0.0,0.0,0.0,0.0,0.0,0.1905446937634921,0.0,0.4631669367730122,0.3923247453678387,0.0,0.0,0.0,0.4260516639575365,0.0,0.4529009042460385,0.4357103753499154,0.0,0.3626670990434091,0.4309583724675804,0.4339577047023459,0.2523328574614547,0.407850179067585,0.0,0.0
0.0,0.0,0.3183674335850162,0.1817917657999505,0.2070558852973874,0.3087358178385376,0.2021750764308222,0.2568109313364838,0.3408414304472832,0.3427040542105173,0.2684037817722021,0.3046815198660897,0.2449645335837794,0.210192676823786,0.0,0.0,0.0,0.0,0.3119459642576555,0.4561187386818056,0.0,0.4894490282125798,0.3009651416988119,0.3246340652427665,0.0,0.3324299530789268,0.282111996322081,0.2248285125469176,0.309703730942256,0.0,0.0,0.2300614061641688,0.21040282247344,0.3368533481648189,0.4182662627585842,0.0,0.2129595989067705,0.2954638586835795,0.3127360842662623,0.4547263937509757,0.0,0.0,0.2834881189088328,0.0,0.0,0.0,0.0,0.360355632752377,0.0,0.2529100245599081,0.2901685979443564,0.2557213195801187,0.2793020895596076,0.3708059266409967,0.0,0.31666320781321,0.0,0.2845894660737319,0.0,0.0,0.0,0.0,0.0,0.3553084935292617,0.0,0.0,0.0,0.3434897072535733,0.0,0.0,0.0,0.3238488356514038,0.3262777949493678,0.3188875825912803,0.0,0.0
0.0,0.0,0.2929972683151735,0.1817634028984074,0.2745449044754086,0.3265128522826305,0.1989328888153332,0.31774025118316,0.3474615676141618,0.2713992993958145,0.3424793987074724,0.2849751149014671,0.2457065122098927,0.1618863942749183,0.0,0.0,0.0,0.0,0.3054309161203967,0.3593053868986904,0.0,0.3804417457540829,0.3010320430237916,0.2580942271317372,0.0,0.0,0.3316457003755927,0.2358574706980837,0.3743444566329562,0.0,0.3118793251805324,0.2643966637076537,0.2503128892622626,0.2569884417526462,0.287397754271619,0.2129595989067705,0.0,0.2822505253883357,0.2614384232100277,0.0,0.3065302115464746,0.0,0.0,0.0,0.0,0.0,0.0,0.0,0.0,0.0,0.0,0.0,0.0,0.0,0.0,0.0,0.0,0.0,0.0,0.0,0.0,0.0,0.0,0.0,0.0,0.0,0.0,0.301546223206741,0.0,0.0,0.0,0.0,0.0,0.0,0.0,0.0
0.2866597225844954,0.0,0.0,0.2336555356751994,0.2981531541705836,0.2559337582899035,0.3170738682862054,0.0,0.2820720431853569,0.2473830882174003,0.3074582053005112,0.243238811065842,0.3018559290913483,0.0,0.0,0.0,0.2675437441250277,0.0,0.2975251923914548,0.0,0.0,0.0,0.2533989491993739,0.1836203536401464,0.2840319897403348,0.3211370961253155,0.2573154051417017,0.3166782784714989,0.0,0.0,0.3027006341839223,0.2145154008316203,0.1728983529082945,0.2299887524372412,0.2809273170105261,0.2954638586835795,0.2822505253883357,0.0,0.0,0.0,0.2355936677957881,0.0,0.0,0.0,0.0,0.0,0.0,0.0,0.0,0.0,0.0,0.0,0.0,0.0,0.3108546357077279,0.0,0.3148780162980223,0.0,0.0,0.0,0.0,0.0,0.0,0.0,0.0,0.0,0.0,0.0,0.3022504887655803,0.3225555659771337,0.3509399995972572,0.0,0.0,0.0,0.0,0.0
0.370032209750218,0.3771670581061502,0.2913065507620979,0.0,0.2830348639553709,0.406983597649005,0.2626637130890538,0.3883493842868462,0.3236728417082631,0.3695479521203972,0.2782424410756656,0.3815843153071308,0.3794429489568421,0.0,0.4015974072392872,0.3875825198995894,0.0,0.362952026248383,0.0,0.4083838736590798,0.3890150404181144,0.4120854206697878,0.4031239352791247,0.3766512612767775,0.3650854468124416,0.3907267952976171,0.4049470077150535,0.4120637307984636,0.4023160593030164,0.0,0.3858684975908517,0.3469943333077283,0.3573484440214519,0.368137393125295,0.3334861238765865,0.3127360842662623,0.2614384232100277,0.0,0.0,0.2608397502027084,0.2973395355812421,0.3107581734035492,0.2263714704373546,0.2769859741288075,0.2466434326351626,0.3330226056492682,0.3361425499301643,0.3514142342210208,0.2453932303099144,0.2654170429025686,0.3466778876450358,0.2820209211226699,0.3511806434308678,0.3552799955166315,0.3269381858026409,0.3344104187073792,0.2321062141566662,0.3013153108670185,0.216001029497233,0.3706860894251787,0.3548606031098909,0.3367764135955311,0.3399160635438036,0.3418942246551638,0.3806463439943547,0.3723619448356574,0.3771079696404859,0.3537706788283644,0.3113223159275202,0.3310304895116379,0.3492475319127031,0.3543675767966128,0.3082062351356592,0.3603408464671581,0.3446359675492303,0.3168749858032357
0.3283079331940329,0.3560584163216603,0.0,0.0,0.0,0.0,0.0,0.0,0.0,0.3255785725998395,0.0,0.3194363033063953,0.3194810713436324,0.0,0.4049873084634051,0.3559391093947727,0.3265814236209841,0.3245356377226241,0.0,0.3652866492695119,0.3391006349865899,0.4024569090369032,0.0,0.3213208712110578,0.3214778490877472,0.354372422033996,0.3703813289404234,0.0,0.3215361576270715,0.0,0.3466513640853658,0.321752523823144,0.3080918273415319,0.2947745060734098,0.2935468827344785,0.4547263937509757,0.0,0.0,0.2608397502027084,0.0,0.2490549717908788,0.3399051935709264,0.4677525813819893,0.2224668591369519,0.1695108758976134,0.2515927841838735,0.2733825584967812,0.2157738266991348,0.0,0.0,0.3072566943241038,0.2665821442669109,0.341096733084349,0.2629224135678425,0.2511209110883972,0.2823132260821916,0.2143378145123561,0.2166306605122955,0.0,0.3348764900392331,0.2971738746354489,0.2562393185600561,0.2588545273954726,0.2591597291968893,0.3507893168567079,0.3128413903360894,0.333406559341074,0.3338001687081132,0.2045958662876553,0.2523424589122466,0.2820429650466297,0.3280105859012211,0.2532458758905614,0.328544392382846,0.0,0.2835795287170784
