0.0,0.2664368042421335,0.0,0.0,0.0,0.2427761565122614,0.0,0.341557270374905,0.0,0.2474419220336146,0.0,0.2546061182399077,0.0,0.3237601596443118,0.2761252638484361,0.2739948742298789,0.2395952331894657,0.2411497780012668,0.0,0.2929565000368302,0.3056362151609658,0.2755260502056755,0.304270934903521,0.2658492472653129,0.2456783390670667,0.2438550414001618,0.2593824786966655,0.2464871935006861,0.2800965917850548,0.0,0.2468736129749372,0.2730210327779465,0.221171820303086,0.2521336629462467,0.2917895947440936,0.0,0.0,0.2241376580524162,0.2808177347611443,0.2515947462062318,0.274524381200854,0.0,0.0,0.0,0.0,0.2499379179866128,0.2823977443974699,0.0,0.0,0.0,0.0,0.0,0.0,0.0,0.0,0.0,0.0,0.0,0.0,0.0,0.2822670223749809,0.0,0.2756447863645854,0.0,0.0,0.1888845449107027,0.283183469758419,0.2999902248839275,0.0,0.2781444433161305,0.2923952216457653,0.0,0.0,0.0,0.0,0.2244262650700721
0.2664368042421335,0.0,0.0,0.0,0.2420947874765131,0.2594918838830816,0.247697268284999,0.2795204082104161,0.2204747804291946,0.0,0.0,0.0,0.2678314090353778,0.0,0.2778234719540062,0.2663652994852809,0.0,0.2502248137253353,0.0,0.2862809265949477,0.2829632232904988,0.279056705996049,0.2700398424735887,0.0,0.249339414736498,0.2565571198787835,0.2815190782669347,0.2609437688762115,0.276048074443628,0.0,0.2464337449001097,0.272504267921876,0.2317241218309908,0.2509634773719953,0.2929889629975681,0.0,0.0,0.0,0.2860154421706153,0.2706467859139027,0.2893667744223756,0.3085168208544833,0.0,0.0,0.0,0.2919194723659908,0.2947248794366613,0.0,0.0,0.0,0.2260174599743442,0.0,0.0,0.0,0.0,0.0,0.0,0.0,0.0,0.3010566313979978,0.2903413361479767,0.0,0.2668083663002876,0.0,0.2657462389186537,0.3041468035515585,0.306264592362941,0.249504259858456,0.0,0.2665101798303018,0.3045089071395705,0.2728996256074402,0.0,0.2651720920123854,0.0,0.2733893128482274
0.0,0.0,0.0,0.2469482969819446,0.2626347512078534,0.2569382115786809,0.2582545932624491,0.2815816227980764,0.2480132406180262,0.2470829265943144,0.2337815499419894,0.0,0.2647474780704072,0.2657448250120869,0.0,0.0,0.0,0.0,0.203817627772068,0.0,0.0,0.0,0.2069880976436006,0.0,0.0,0.0,0.2395043580753023,0.2694386468976457,0.2261297789787818,0.0,0.283723118252782,0.2458095579829349,0.0,0.2703505223542057,0.2753287616893317,0.2454076143156621,0.23321756136173,0.0,0.2585482450367649,0.0,0.0,0.0,0.3083982001182371,0.0,0.0,0.0,0.0,0.2227846109225192,0.0,0.2744544165216019,0.3379644640636339,0.2604016185135919,0.2570030412563976,0.298021195463872,0.0,0.2412278922773886,0.0,0.2490171594082556,0.3231536773460084,0.0,0.0,0.0,0.0,0.2017540894956591,0.0,0.0,0.0,0.3075272057055566,0.0,0.0,0.0,0.3055136457003884,0.0,0.0,0.0,0.0
0.0,0.0,0.2469482969819446,0.0,0.1896072965555988,0.237558027080276,0.142124477266823,0.258478851281597,0.2552289152154763,0.0,0.2331119365010416,0.0,0.1756247120873796,0.1979129282876926,0.0,0.0,0.0,0.0,0.2235492783346728,0.0,0.0,0.0,0.2603137919589676,0.0,0.0,0.0,0.2461710498993288,0.1668166694925132,0.0,0.0,0.0,0.1884469812189628,0.0,0.1685088636763388,0.1719623598235974,0.1424441234861765,0.1378811062828282,0.0,0.0,0.0,0.0,0.0,0.0,0.0,0.0,0.0,0.0,0.0,0.0,0.0,0.0,0.0,0.0,0.0,0.0,0.0,0.0,0.0,0.0,0.0,0.0,0.0,0.0,0.0,0.0,0.0,0.0,0.0,0.0,0.0,0.0,0.0,0.0,0.0,0.0,0.0
0.0,0.2420947874765131,0.2626347512078534,0.1896072965555988,0.0,0.2558011548059224,0.2186385439491401,0.2331046935562621,0.2524803141486985,0.2411468321943196,0.2328251801532046,0.2519349707879921,0.2468479106446263,0.201388505511933,0.0,0.2513247837832268,0.0,0.0,0.2557567858944164,0.2697545203379158,0.0,0.2787042614152401,0.2579776342240391,0.0,0.2330047064880372,0.2425088600209635,0.2624102977646554,0.2248759757676845,0.2541411970448546,0.0,0.2886539446072005,0.2257745342673247,0.2109661393132792,0.2849825675229862,0.2860864644611586,0.1584123465253964,0.20652324898093,0.2369914486817781,0.2390674396218279,0.0,0.0,0.0,0.212765349093073,0.0,0.0,0.0,0.0,0.2704527730736586,0.0,0.0,0.2682273615352746,0.0,0.2564719675676261,0.2577673626273247,0.0,0.2630298580915912,0.0,0.0,0.0,0.0,0.0,0.0,0.0,0.2919830956639361,0.0,0.0,0.0,0.2921127292200197,0.0,0.0,0.0,0.2759365637575335,0.0,0.0,0.0,0.0
0.2427761565122614,0.2594918838830816,0.2569382115786809,0.237558027080276,0.2558011548059224,0.0,0.2495525101259171,0.2395618448468477,0.2314302273915587,0.2153934640323008,0.2512581689835934,0.219804202426309,0.2409131447256783,0.2687081076311592,0.2193547585485173,0.2672936246157765,0.0,0.2342761816921933,0.2627208255980692,0.2544767662247955,0.2240136572146336,0.2708389874138769,0.2369816061185248,0.0,0.247347382186784,0.2696952861648891,0.2440420246623394,0.2424350198929419,0.2295464296777962,0.253547355119825,0.2682457404933136,0.2533544305853835,0.2411903299516036,0.275699286118078,0.284981384049757,0.2389117672067252,0.2497678046262345,0.2126297543071073,0.3103650631814464,0.0,0.322858081918465,0.2863376129477392,0.2469411079798928,0.0,0.0,0.0,0.0,0.3208145224817818,0.0,0.235023950785329,0.3032081131236663,0.2671916398721892,0.2741744600528065,0.3265177576311447,0.0,0.3018457163500697,0.0,0.2746688396586009,0.0,0.2679611596956254,0.0,0.0,0.0,0.3059105285726697,0.2835534558133598,0.2433279655914493,0.251284115230916,0.3031801697596208,0.0,0.0,0.2394358411799978,0.3009390660474586,0.2972130441840055,0.3083810547114047,0.0,0.3141082557796518
0.0,0.247697268284999,0.2582545932624491,0.142124477266823,0.2186385439491401,0.2495525101259171,0.0,0.2629920616242527,0.2601870593404585,0.2309926116608264,0.2734022283945463,0.2456601720204755,0.2138679837175698,0.1966009333592432,0.0,0.2531334533668946,0.245288035229483,0.2420627165322975,0.2727988058312995,0.2644242088297299,0.0,0.2870410940197263,0.2550853185339001,0.2623650348376075,0.2395398422404745,0.2583976526055012,0.2576894164565695,0.1995024733142618,0.2594149068895802,0.0,0.2671205074976641,0.2397027824950407,0.2512765430408658,0.2619816567349463,0.2782375447150758,0.1529342891602267,0.1664250711582806,0.2447905488449706,0.0,0.0,0.0,0.0,0.2251141390517064,0.0,0.0,0.0,0.0,0.0,0.0,0.0,0.2406995685058067,0.0,0.0,0.0,0.0,0.0,0.0,0.0,0.0,0.0,0.0,0.0,0.0,0.0,0.0,0.0,0.0,0.3000029047728736,0.0,0.0,0.0,0.2617093700065196,0.0,0.0,0.0,0.0
0.341557270374905,0.2795204082104161,0.2815816227980764,0.258478851281597,0.2331046935562621,0.2395618448468477,0.2629920616242527,0.0,0.3051948066599696,0.2951461615958071,0.2167706064786371,0.0,0.2688455178662418,0.2440898160191786,0.0,0.2934341542088602,0.0,0.2914711348721526,0.2770030051065988,0.2412149642267367,0.2754514231219763,0.2531406670299129,0.2287574146644153,0.3472905310541715,0.3120515306138026,0.3156382479163343,0.2608077690755533,0.2674660944078005,0.250295470880274,0.2589862480690577,0.2930646966984382,0.2512441997869342,0.3016892903647334,0.2938871102584399,0.2934632055783058,0.1988166344245285,0.242149038327346,0.0,0.2955547598252136,0.0,0.3243436826039238,0.0,0.2429597630141636,0.0,0.0,0.0,0.0,0.3284019356546617,0.0,0.2790009378181472,0.291398950239564,0.2721144576608268,0.2052464095493877,0.331518930101507,0.0,0.2890878668306704,0.0,0.2758593361330945,0.2524108599158583,0.2910224637735163,0.0,0.0,0.0,0.3313151130350482,0.3056749652778497,0.2586555982323369,0.0,0.2802255156731968,0.0,0.0,0.0,0.2802899802902192,0.307298519659178,0.2859278661983025,0.0,0.2966252914064142
0.0,0.2204747804291946,0.2480132406180262,0.2552289152154763,0.2524803141486985,0.2314302273915587,0.2601870593404585,0.3051948066599696,0.0,0.2665896978096774,0.2432270664712562,0.2502551212942323,0.2595657876482409,0.2650567823654265,0.0,0.2350953571452921,0.0,0.0,0.2215136877431439,0.2528706266478102,0.0,0.2519497456281926,0.2712931380969023,0.0,0.1861778894308442,0.2193623434261069,0.2558130491764878,0.2866033349176282,0.2391679117145698,0.2581954730832592,0.3042395092694434,0.2803673720810534,0.2329663113635249,0.2999916553596789,0.2885308809391589,0.2617211712991232,0.2683840740493926,0.2437212735074739,0.2756976645098862,0.0,0.0,0.0,0.0,0.0,0.0,0.0,0.0,0.346702571862004,0.0,0.2564644105302567,0.3377766783730683,0.2761946757197086,0.3298301426727116,0.3150774556270073,0.0,0.3267056377861803,0.0,0.2454051077929637,0.0,0.0,0.0,0.0,0.0,0.3474642894613094,0.0,0.0,0.0,0.3421307338935946,0.0,0.0,0.0,0.3374961356768958,0.0,0.0,0.0,0.0
0.2474419220336146,0.0,0.2470829265943144,0.0,0.2411468321943196,0.2153934640323008,0.2309926116608264,0.2951461615958071,0.2665896978096774,0.0,0.2657600969254598,0.1742043161421732,0.256761422920169,0.0,0.0,0.2334418076708152,0.2107251575944075,0.2201755962646042,0.2577260078646248,0.0,0.2950950160815782,0.2121475887414098,0.2736309843044994,0.1779196970777239,0.2152068200347899,0.2236858624683458,0.2328442417636703,0.2571070180146801,0.0,0.0,0.2113096960225908,0.2426297788903595,0.2013240838911417,0.2182002403191885,0.2391230533061552,0.2559708241292644,0.2045692138087714,0.1879673704693781,0.2724974423405621,0.2522048380893372,0.2439194190838258,0.3017001599889737,0.0,0.0,0.2168814342962149,0.266127576628389,0.0,0.0,0.0,0.0,0.0,0.0,0.0,0.0,0.2512124211375596,0.0,0.2583687056908583,0.0,0.0,0.0,0.2436254208984838,0.2632480570520289,0.245827933234942,0.0,0.0,0.0,0.0,0.0,0.2468424637584765,0.2714968634938353,0.2626006787066708,0.0,0.0,0.0,0.0,0.2481034727000108
0.0,0.0,0.2337815499419894,0.2331119365010416,0.2328251801532046,0.2512581689835934,0.2734022283945463,0.2167706064786371,0.2432270664712562,0.2657600969254598,0.0,0.2536698141333686,0.2783825981439168,0.1871075835665583,0.0,0.0,0.0,0.0,0.1898443773069333,0.0,0.0,0.0,0.2056643903720932,0.2606831089196563,0.0,0.0,0.2611664977991872,0.2775201898389304,0.0,0.0,0.2999708557269058,0.2617790726308857,0.2541523813783398,0.2909513069968008,0.2781794215330315,0.2085025324200137,0.2665149885747438,0.2463782947286291,0.2286935288002594,0.0,0.0,0.0,0.2120403557002164,0.0,0.0,0.0,0.0,0.2865604448991776,0.0,0.2380184220767579,0.2873056248113939,0.2030255624894134,0.1838310710291862,0.3037877750139698,0.0,0.1658498349062695,0.0,0.2087245978236096,0.2601719997415322,0.0,0.0,0.0,0.0,0.1977302453548229,0.0,0.0,0.0,0.2769957589344108,0.0,0.0,0.0,0.2859924379491699,0.0,0.0,0.0,0.0
0.2546061182399077,0.0,0.0,0.0,0.2519349707879921,0.219804202426309,0.2456601720204755,0.0,0.2502551212942323,0.1742043161421732,0.2536698141333686,0.0,0.2257368686427898,0.0,0.0,0.0,0.2101244728798975,0.2193445395177645,0.0,0.0,0.2891695768886632,0.0,0.269389979918484,0.1733716175241947,0.2107839990485708,0.1954010861993997,0.0,0.24508925812708,0.0,0.0,0.2209900025775246,0.2079304826546684,0.1902771799670427,0.1952497110141866,0.2126150613154761,0.2321339743529418,0.213274581255052,0.1851047837651075,0.2788704892851561,0.2476737785078184,0.2375338192928456,0.0,0.0,0.0,0.2129566249215037,0.0,0.0,0.0,0.0,0.0,0.0,0.0,0.0,0.0,0.2609069684429297,0.0,0.2709994144471085,0.0,0.0,0.0,0.0,0.2591202303136313,0.2577284516852962,0.0,0.0,0.0,0.0,0.0,0.2454386049410876,0.2788913949012917,0.2683541149425619,0.0,0.258549355418139,0.0,0.0,0.2598558256227558
0.0,0.2678314090353778,0.2647474780704072,0.1756247120873796,0.2468479106446263,0.2409131447256783,0.2138679837175698,0.2688455178662418,0.2595657876482409,0.256761422920169,0.2783825981439168,0.2257368686427898,0.0,0.2108665848822547,0.2503735027644821,0.2841655905736008,0.2312068459024548,0.234940205943354,0.2769590359090663,0.2586653342599245,0.2574537002059343,0.285420001310524,0.261936520081858,0.1983002717991502,0.2642189805164117,0.2677373256308962,0.2620639449170558,0.2247124842368749,0.2435516974403729,0.2461472475561023,0.2522910025921052,0.239927232399518,0.2502699903993784,0.2573771617049951,0.2714476724371676,0.1861534855369033,0.1876622469824917,0.2298891155491153,0.2913993620696805,0.0,0.2207716650153898,0.0,0.2298691763238946,0.0,0.0,0.0,0.0,0.2643694905499749,0.0,0.0,0.2011478906911256,0.0,0.2705337794017389,0.0,0.0,0.0,0.0,0.0,0.0,0.0,0.0,0.0,0.0,0.0,0.2701439016159121,0.0,0.0,0.3014546572488441,0.0,0.0,0.0,0.2794606298261126,0.0,0.2606032495653684,0.0,0.0
0.3237601596443118,0.0,0.2657448250120869,0.1979129282876926,0.201388505511933,0.2687081076311592,0.1966009333592432,0.2440898160191786,0.2650567823654265,0.0,0.1871075835665583,0.0,0.2108665848822547,0.0,0.0,0.0,0.0,0.0,0.2478233748682858,0.0,0.3048816510356413,0.0,0.2453695729831087,0.0,0.0,0.0,0.2702120268955655,0.1616345822496894,0.0,0.0,0.0,0.1792391345592443,0.0,0.2544634102877105,0.0,0.1658120856400796,0.1255306624726335,0.0,0.0,0.0,0.0,0.0,0.2340672736981379,0.0,0.0,0.0,0.0,0.3056273441443091,0.0,0.0,0.0,0.0,0.0,0.3125104530951694,0.0,0.2659928158340434,0.0,0.0,0.0,0.0,0.0,0.0,0.0,0.2954933256934928,0.0,0.0,0.0,0.2869173983057248,0.0,0.0,0.0,0.2770724888234864,0.0,0.0,0.0,0.0
0.2761252638484361,0.2778234719540062,0.0,0.0,0.0,0.2193547585485173,0.0,0.0,0.0,0.0,0.0,0.0,0.2503735027644821,0.0,0.0,0.2886748286575765,0.0,0.275050352966939,0.0,0.2272600966067053,0.2560753176725949,0.2569019673098494,0.2265960208955855,0.3204228287287916,0.2706567145672736,0.2585229836618248,0.2470771886052936,0.2587343754650839,0.2619586361650997,0.0,0.2730559677641158,0.2887623041755866,0.2667677139902693,0.293563383887293,0.3291216497886247,0.0,0.0,0.0,0.3050450726952337,0.3076156695201743,0.3004566954784702,0.3370346553676951,0.0,0.0,0.0,0.0,0.3101705901723575,0.0,0.0,0.0,0.298588126439085,0.0,0.0,0.0,0.0,0.0,0.0,0.0,0.0,0.269373096020915,0.2772708419425004,0.0,0.0,0.0,0.2605511908840504,0.304298640133442,0.3044955517415108,0.2706747972184271,0.0,0.243598637962278,0.3108553095151128,0.274451617929259,0.272373166988094,0.2959149455450633,0.0,0.2668634518504935
0.2739948742298789,0.2663652994852809,0.0,0.0,0.2513247837832268,0.2672936246157765,0.2531334533668946,0.2934341542088602,0.2350953571452921,0.2334418076708152,0.0,0.0,0.2841655905736008,0.0,0.2886748286575765,0.0,0.2557631231118881,0.2419633829357859,0.0,0.2755265663899954,0.2838856274675131,0.2665580415629053,0.2853617807682428,0.233132204298465,0.2421160607752415,0.2825992388060375,0.2803376406962302,0.2583216937265041,0.2766057192368705,0.0,0.2415914466164108,0.2813528607376586,0.258934180639656,0.2490456806522188,0.3017695909781772,0.0,0.0,0.0,0.2939455318918564,0.2702821339356847,0.2886888785817731,0.3058691873874291,0.0,0.0,0.0,0.2948282850617973,0.2942252702671825,0.0,0.0,0.0,0.0,0.0,0.0,0.0,0.0,0.0,0.0,0.0,0.0,0.2912101614777239,0.2941170215120275,0.0,0.2731100744125883,0.0,0.2848487370523541,0.2916300050777283,0.297660522499146,0.0,0.0,0.2757647987466987,0.3014797196305531,0.2472193132855626,0.0,0.0,0.0,0.2766885424370727
0.2395952331894657,0.0,0.0,0.0,0.0,0.0,0.245288035229483,0.0,0.0,0.2107251575944075,0.0,0.2101244728798975,0.2312068459024548,0.0,0.0,0.2557631231118881,0.0,0.2228122581899153,0.0,0.2479945437702083,0.0,0.2547062843996857,0.0,0.2315048704347782,0.2365165654517198,0.2273096162721696,0.0,0.2442636128915861,0.2264157651151948,0.0,0.2288996159377372,0.2518272040355435,0.2195908729930408,0.240226906021322,0.2625900319464985,0.0,0.0,0.2094451984474093,0.2679388757254232,0.2502209942368685,0.2431227948830583,0.0,0.0,0.0,0.0,0.0,0.0,0.0,0.0,0.0,0.0,0.0,0.0,0.0,0.2524809041043167,0.0,0.2248324394705665,0.0,0.0,0.0,0.0,0.2462785641419865,0.2410286703508155,0.0,0.0,0.0,0.0,0.0,0.2432750048065939,0.2755380868254743,0.2743222769381737,0.0,0.0,0.0,0.0,0.2356428821375363
0.2411497780012668,0.2502248137253353,0.0,0.0,0.0,0.2342761816921933,0.2420627165322975,0.2914711348721526,0.0,0.2201755962646042,0.0,0.2193445395177645,0.234940205943354,0.0,0.275050352966939,0.2419633829357859,0.2228122581899153,0.0,0.0,0.2705602702172458,0.2699693691428065,0.2646632507682501,0.2661133844649471,0.2296951708727836,0.2401624619942267,0.2518033051427435,0.2514887149251165,0.2405688555058154,0.269668869674224,0.2663851480789517,0.2271861417399867,0.2355726304526525,0.2268106736050929,0.2471296377197649,0.2836651979797724,0.0,0.0,0.0,0.2761635107722335,0.2484723849633272,0.265211336551361,0.2764385642316552,0.0,0.0,0.0,0.2654706774841023,0.2701148807007012,0.0,0.0,0.0,0.0,0.0,0.0,0.0,0.2390025679986992,0.0,0.2455321636425931,0.0,0.0,0.0,0.2721053751327816,0.2619662004333061,0.2516286861045592,0.0,0.0,0.0,0.2875998306330863,0.0,0.2309954632641175,0.261473911839547,0.2689260502705043,0.0,0.0,0.0,0.0,0.2560643244757701
0.0,0.0,0.203817627772068,0.2235492783346728,0.2557567858944164,0.2627208255980692,0.2727988058312995,0.2770030051065988,0.2215136877431439,0.2577260078646248,0.1898443773069333,0.0,0.2769590359090663,0.2478233748682858,0.0,0.0,0.0,0.0,0.0,0.0,0.0,0.0,0.184148015482594,0.0,0.0,0.0,0.2683763414367432,0.2825571612284198,0.0,0.0,0.2848524924881587,0.2675539699817422,0.0,0.263664234961206,0.2789608260698705,0.2393724423631683,0.2467172184709279,0.2357406565409012,0.0,0.0,0.0,0.0,0.2919342679472544,0.0,0.0,0.0,0.0,0.2730784116985171,0.0,0.2781010603449088,0.3262114123197169,0.2823277518732558,0.3213469376177846,0.340047315805294,0.0,0.2739211405837923,0.0,0.0,0.3135970441961029,0.0,0.0,0.0,0.0,0.2125810210265242,0.0,0.0,0.0,0.3284929600407587,0.0,0.0,0.0,0.3184290085007148,0.0,0.0,0.0,0.0
0.2929565000368302,0.2862809265949477,0.0,0.0,0.2697545203379158,0.2544767662247955,0.2644242088297299,0.2412149642267367,0.2528706266478102,0.0,0.0,0.0,0.2586653342599245,0.0,0.2272600966067053,0.2755265663899954,0.2479945437702083,0.2705602702172458,0.0,0.0,0.2573337853360075,0.2461939807685881,0.1814372905227759,0.0,0.2615700807428778,0.2684827742850829,0.2317689677455517,0.2453304996404841,0.232315950433246,0.2418635858828534,0.258736509831225,0.2955145949464685,0.2805792390608042,0.2905671349908921,0.3310394387981482,0.3479514849470273,0.2857056897934911,0.0,0.3094566142398048,0.2911334285142866,0.2892220840049004,0.327141490211813,0.0,0.0,0.0,0.0,0.2810081405385414,0.0,0.0,0.0,0.2715898618338723,0.0,0.0,0.0,0.0,0.0,0.0,0.2454477603385198,0.0,0.3053233237999881,0.0,0.0,0.0,0.0,0.3051862622547273,0.2933072341924804,0.3147464669873097,0.2878248926214676,0.0,0.0,0.3086911557682815,0.3031074296065422,0.2991340027100305,0.2788612916707377,0.0,0.2982344351833624
0.3056362151609658,0.2829632232904988,0.0,0.0,0.0,0.2240136572146336,0.0,0.2754514231219763,0.0,0.2950950160815782,0.0,0.2891695768886632,0.2574537002059343,0.3048816510356413,0.2560753176725949,0.2838856274675131,0.0,0.2699693691428065,0.0,0.2573337853360075,0.0,0.2950757814842671,0.2469585791309408,0.3463076729541311,0.2803233776472321,0.2810701016571834,0.254766698204106,0.273997494911403,0.2672451096023383,0.2638105910853178,0.271565168216381,0.2948298051683129,0.2656829665763572,0.286921927805414,0.3494485351988705,0.2786195002243284,0.0,0.0,0.2956757952099324,0.2658183628822297,0.2840089190498781,0.3155925113196119,0.0,0.0,0.0,0.2495950533017335,0.3120019293249391,0.0,0.0,0.0,0.2978468577968474,0.0,0.1856690175173734,0.0,0.0,0.0,0.0,0.0,0.0,0.2962306001765503,0.2745826816283004,0.0,0.0,0.0,0.2855168352554471,0.2311448646277017,0.3021029734689573,0.273444609835738,0.0,0.2604334546969877,0.3205829076737472,0.2868789384081745,0.304940555545193,0.2948114735368225,0.0,0.2708734207125048
0.2755260502056755,0.279056705996049,0.0,0.0,0.2787042614152401,0.2708389874138769,0.2870410940197263,0.2531406670299129,0.2519497456281926,0.2121475887414098,0.0,0.0,0.285420001310524,0.0,0.2569019673098494,0.2665580415629053,0.2547062843996857,0.2646632507682501,0.0,0.2461939807685881,0.2950757814842671,0.0,0.2711647645343312,0.0,0.2619249583294727,0.267067903034955,0.2821916709659032,0.2576200014815392,0.2688273636914204,0.2390668487057585,0.2553199529288664,0.300033903613268,0.2736739203941998,0.2793588979702578,0.3329876339544861,0.3697250441803942,0.293188385138627,0.0,0.3116592122080099,0.3052340640931636,0.3178977489569467,0.333830911021905,0.0,0.0,0.0,0.3089004193887563,0.3031766267198609,0.0,0.0,0.0,0.2614511335729194,0.0,0.0,0.0,0.0,0.0,0.0,0.0,0.0,0.3287841950049613,0.2894942132500606,0.0,0.2574371770423514,0.0,0.3165143927568529,0.3205577890758678,0.3162619543473872,0.318085707668392,0.0,0.2735695665457859,0.3229779408043103,0.289834808694485,0.2583714689507686,0.2934521361656773,0.0,0.2940657112481409
0.304270934903521,0.2700398424735887,0.2069880976436006,0.2603137919589676,0.2579776342240391,0.2369816061185248,0.2550853185339001,0.2287574146644153,0.2712931380969023,0.2736309843044994,0.2056643903720932,0.269389979918484,0.261936520081858,0.2453695729831087,0.2265960208955855,0.2853617807682428,0.0,0.2661133844649471,0.184148015482594,0.1814372905227759,0.2469585791309408,0.2711647645343312,0.0,0.3298864333789767,0.2734335698949905,0.2840558012589278,0.2376338148369315,0.2626059338817474,0.2486529158553924,0.2562415718322035,0.2729780497966747,0.2582449543599007,0.2629791255351182,0.2776286310964999,0.2675832214954232,0.2314798422831388,0.2312156054067305,0.2140990503731638,0.3094219929570872,0.0,0.3359003088214916,0.3271856850485014,0.2850330874528138,0.0,0.0,0.0,0.2563333841936648,0.3409093644024412,0.0,0.2476273494347582,0.3151013992213522,0.3057286240056835,0.2703259594293404,0.3380311300290882,0.0,0.3300948939451419,0.0,0.3072897432472639,0.2931943027259983,0.2976432451726741,0.0,0.0,0.0,0.3377673084059315,0.3078469605918721,0.2505211768594232,0.2849181246181286,0.3123729975673921,0.0,0.0,0.2803651286419023,0.3074088897377975,0.3206900033819946,0.3103476205900798,0.323798060782031,0.3172418302675406
0.2658492472653129,0.0,0.0,0.0,0.0,0.0,0.2623650348376075,0.3472905310541715,0.0,0.1779196970777239,0.2606831089196563,0.1733716175241947,0.1983002717991502,0.0,0.3204228287287916,0.233132204298465,0.2315048704347782,0.2296951708727836,0.0,0.0,0.3463076729541311,0.0,0.3298864333789767,0.0,0.2318148600763455,0.2213344099753706,0.2421545812892383,0.2372489464157782,0.0,0.0,0.2303039073011164,0.2209071629494676,0.1507308156975506,0.1930074596980221,0.2470605075124587,0.2541439434577077,0.204777840835944,0.1400896532634133,0.2752830778912049,0.2465809047722761,0.2534607228041566,0.3587951218850139,0.0,0.0,0.0,0.2552590555351978,0.0,0.0,0.0,0.0,0.0,0.0,0.0,0.0,0.2508478777772581,0.0,0.2583232253078998,0.0,0.0,0.0,0.2740021895881426,0.2650507256386233,0.2690445285470443,0.0,0.0,0.0,0.0,0.0,0.2415321939463825,0.2798378582838723,0.2751927699030145,0.0,0.0,0.0,0.0,0.264550179529898
0.2456783390670667,0.249339414736498,0.0,0.0,0.2330047064880372,0.247347382186784,0.2395398422404745,0.3120515306138026,0.1861778894308442,0.2152068200347899,0.0,0.2107839990485708,0.2642189805164117,0.0,0.2706567145672736,0.2421160607752415,0.2365165654517198,0.2401624619942267,0.0,0.2615700807428778,0.2803233776472321,0.2619249583294727,0.2734335698949905,0.2318148600763455,0.0,0.2391141245035567,0.2624288679194455,0.2573126449763844,0.2610533118608147,0.0,0.2342576760332027,0.2562190313130889,0.2163047607132385,0.2351762363221137,0.2700691024602713,0.0,0.0,0.2171162606602088,0.2784158126641558,0.2485867921698607,0.2703004063721048,0.2870374635448202,0.0,0.0,0.0,0.2793065476908962,0.2779337914847403,0.0,0.0,0.0,0.0,0.0,0.0,0.0,0.2481307906274198,0.0,0.2577012458706608,0.0,0.0,0.2700466443675618,0.2744577726754894,0.267102786839379,0.2557486928996739,0.0,0.2572174005806323,0.2530806666880293,0.2520112973296279,0.0,0.2564710519788277,0.2668564973472282,0.2757163716935354,0.0,0.0,0.2385564965081388,0.0,0.2583950866041856
0.2438550414001618,0.2565571198787835,0.0,0.0,0.2425088600209635,0.2696952861648891,0.2583976526055012,0.3156382479163343,0.2193623434261069,0.2236858624683458,0.0,0.1954010861993997,0.2677373256308962,0.0,0.2585229836618248,0.2825992388060375,0.2273096162721696,0.2518033051427435,0.0,0.2684827742850829,0.2810701016571834,0.267067903034955,0.2840558012589278,0.2213344099753706,0.2391141245035567,0.0,0.2798204712492184,0.2322614691689651,0.2644073262287555,0.0,0.2507800722388755,0.2770394222021139,0.2407069295602235,0.2545137472542036,0.29868394870859,0.2548351222901462,0.0,0.2452002619621513,0.2961698516117932,0.2717499526152166,0.2888802661053903,0.3191782963254735,0.0,0.0,0.0,0.2929330271805335,0.3089867364158398,0.0,0.0,0.0,0.2292904416489412,0.0,0.0,0.0,0.2395819952417116,0.0,0.2396344596247172,0.0,0.0,0.3247498690481838,0.2972654121866296,0.2710274001704378,0.2724597335696547,0.0,0.2849740869698199,0.3223033102343428,0.3166719511017484,0.2868430964735871,0.2648138339978229,0.2797728578202499,0.300115867534117,0.287364439623736,0.0,0.2414038394982929,0.0,0.2822053870901499
0.2593824786966655,0.2815190782669347,0.2395043580753023,0.2461710498993288,0.2624102977646554,0.2440420246623394,0.2576894164565695,0.2608077690755533,0.2558130491764878,0.2328442417636703,0.2611664977991872,0.0,0.2620639449170558,0.2702120268955655,0.2470771886052936,0.2803376406962302,0.0,0.2514887149251165,0.2683763414367432,0.2317689677455517,0.254766698204106,0.2821916709659032,0.2376338148369315,0.2421545812892383,0.2624288679194455,0.2798204712492184,0.0,0.2609272101128022,0.2454018310324602,0.2514542069930757,0.2643525099209445,0.2679126684172836,0.266388044927744,0.2788878359572997,0.2932149656149208,0.2193268002293205,0.2519928745930609,0.0,0.3101257654883371,0.3002459064269478,0.3243193200197722,0.325310279576192,0.2824156135196979,0.0,0.0,0.0,0.2360571096230958,0.3307818926342309,0.0,0.2605587555933649,0.3094879164671738,0.2722812362210013,0.2820807828539864,0.3311040961578934,0.0,0.3102100403131181,0.0,0.2605161325524472,0.2656665345777455,0.3041222972301911,0.0,0.0,0.0,0.3145541937853345,0.30054056464694,0.2776377305008505,0.2637165750468329,0.3081001292715707,0.0,0.0,0.2912941984889265,0.3054460807846156,0.3101792795206522,0.3043951066687275,0.3131502709608164,0.3082942713253908
0.2464871935006861,0.2609437688762115,0.2694386468976457,0.1668166694925132,0.2248759757676845,0.2424350198929419,0.1995024733142618,0.2674660944078005,0.2866033349176282,0.2571070180146801,0.2775201898389304,0.24508925812708,0.2247124842368749,0.1616345822496894,0.2587343754650839,0.2583216937265041,0.2442636128915861,0.2405688555058154,0.2825571612284198,0.2453304996404841,0.273997494911403,0.2576200014815392,0.2626059338817474,0.2372489464157782,0.2573126449763844,0.2322614691689651,0.2609272101128022,0.0,0.2246480577496661,0.2294962247193352,0.2431731407477123,0.2425715392195584,0.2345970660089771,0.2518814583921224,0.2679994331125949,0.1707601960836803,0.1787344959849069,0.2399088249443673,0.3081501906097974,0.0,0.2477039758008228,0.2636636384920451,0.2505087400621966,0.0,0.0,0.0,0.0,0.2408034569881169,0.0,0.0,0.2789282251983036,0.0,0.2658166603138841,0.0,0.0,0.0,0.2592272456572511,0.0,0.0,0.2843723447787102,0.0,0.0,0.0,0.0,0.3066250382101991,0.2898042615723248,0.261114799341606,0.3097919010222591,0.0,0.0,0.0,0.305670073369016,0.3059430275412427,0.3007898169123357,0.0,0.2785118290280573
0.2800965917850548,0.276048074443628,0.2261297789787818,0.0,0.2541411970448546,0.2295464296777962,0.2594149068895802,0.250295470880274,0.2391679117145698,0.0,0.0,0.0,0.2435516974403729,0.0,0.2619586361650997,0.2766057192368705,0.2264157651151948,0.269668869674224,0.0,0.232315950433246,0.2672451096023383,0.2688273636914204,0.2486529158553924,0.0,0.2610533118608147,0.2644073262287555,0.2454018310324602,0.2246480577496661,0.0,0.2275706256404381,0.2409770080030512,0.2662277874786904,0.2621527638224184,0.2660799345237074,0.2914539741925693,0.2379694478010486,0.2876244240024649,0.0,0.3066127403980326,0.0,0.303278880349995,0.3057270301466314,0.2886371597405869,0.0,0.0,0.0,0.2533611407075645,0.0,0.0,0.0,0.2771514392468591,0.0,0.2604224308515606,0.0,0.0,0.0,0.0,0.2649529278926234,0.0,0.2980072394962517,0.0,0.0,0.0,0.0,0.3005441717840747,0.2881555896088724,0.3014504134512924,0.3089031368955309,0.0,0.0,0.2644783792800142,0.3066811547769391,0.3171160148222949,0.3099899040873591,0.2959674622329814,0.3013294721033591
0.0,0.0,0.0,0.0,0.0,0.253547355119825,0.0,0.2589862480690577,0.2581954730832592,0.0,0.0,0.0,0.2461472475561023,0.0,0.0,0.0,0.0,0.2663851480789517,0.0,0.2418635858828534,0.2638105910853178,0.2390668487057585,0.2562415718322035,0.0,0.0,0.0,0.2514542069930757,0.2294962247193352,0.2275706256404381,0.0,0.2147734615747159,0.2566972650726926,0.0,0.2557521668276841,0.2613008331648574,0.0,0.0,0.0,0.3096205528528647,0.0,0.0,0.0,0.0,0.0,0.0,0.0,0.0,0.0,0.0,0.0,0.2561488947923326,0.0,0.0,0.0,0.0,0.0,0.0,0.0,0.0,0.0,0.0,0.0,0.0,0.0,0.3012285857160026,0.0,0.0,0.3157348089983934,0.0,0.0,0.0,0.3028761762437033,0.0,0.2904424664444242,0.0,0.0
0.2468736129749372,0.2464337449001097,0.283723118252782,0.0,0.2886539446072005,0.2682457404933136,0.2671205074976641,0.2930646966984382,0.3042395092694434,0.2113096960225908,0.2999708557269058,0.2209900025775246,0.2522910025921052,0.0,0.2730559677641158,0.2415914466164108,0.2288996159377372,0.2271861417399867,0.2848524924881587,0.258736509831225,0.271565168216381,0.2553199529288664,0.2729780497966747,0.2303039073011164,0.2342576760332027,0.2507800722388755,0.2643525099209445,0.2431731407477123,0.2409770080030512,0.2147734615747159,0.0,0.2667443176831252,0.2188416714456875,0.1868465706388294,0.2163085573056348,0.0,0.2364858224815958,0.2291738934522081,0.2909483072828159,0.26220661601243,0.286845124132305,0.2869826166747716,0.0,0.0,0.0,0.2644208717824977,0.2828235018874205,0.0,0.0,0.0,0.2906081199868114,0.0,0.0,0.0,0.233524790326852,0.0,0.2574428645420934,0.0,0.0,0.3175594184087378,0.28080530079872,0.2652803129459077,0.2548595427662998,0.0,0.3109181126107108,0.2968337501526917,0.2964447928072396,0.3221484881751873,0.2687567009315509,0.266940340685893,0.2870866980413294,0.3182010824474228,0.297606951181998,0.3069772425551142,0.0,0.2726151186366178
0.2730210327779465,0.272504267921876,0.2458095579829349,0.1884469812189628,0.2257745342673247,0.2533544305853835,0.2397027824950407,0.2512441997869342,0.2803673720810534,0.2426297788903595,0.2617790726308857,0.2079304826546684,0.239927232399518,0.1792391345592443,0.2887623041755866,0.2813528607376586,0.2518272040355435,0.2355726304526525,0.2675539699817422,0.2955145949464685,0.2948298051683129,0.300033903613268,0.2582449543599007,0.2209071629494676,0.2562190313130889,0.2770394222021139,0.2679126684172836,0.2425715392195584,0.2662277874786904,0.2566972650726926,0.2667443176831252,0.0,0.2225808210429867,0.2302387522263596,0.2340948216904184,0.1752110098046885,0.2010913833377618,0.1638154167485759,0.2584164531850613,0.2399173424006287,0.2442765113046419,0.2335249475744075,0.3140567073941025,0.0,0.0,0.2756928981862484,0.2915458900693357,0.271869274394951,0.0,0.0,0.3095472441551037,0.2407514087104618,0.3016547130801623,0.2584284585364573,0.0,0.2555842306935943,0.2515826872904125,0.2970839169267653,0.0,0.322417618449285,0.2691524630332238,0.2532322989060033,0.2638553823666627,0.2721604451221118,0.3113858203592911,0.3165621768304649,0.316684298898985,0.3156462739864812,0.2671789957375302,0.2518628774297558,0.3002798319699558,0.3113031428840488,0.3254015822952237,0.3139672109469676,0.3189492959910386,0.3211088737078284
0.221171820303086,0.2317241218309908,0.0,0.0,0.2109661393132792,0.2411903299516036,0.2512765430408658,0.3016892903647334,0.2329663113635249,0.2013240838911417,0.2541523813783398,0.1902771799670427,0.2502699903993784,0.0,0.2667677139902693,0.258934180639656,0.2195908729930408,0.2268106736050929,0.0,0.2805792390608042,0.2656829665763572,0.2736739203941998,0.2629791255351182,0.1507308156975506,0.2163047607132385,0.2407069295602235,0.266388044927744,0.2345970660089771,0.2621527638224184,0.0,0.2188416714456875,0.2225808210429867,0.0,0.1690134750223965,0.2681376009253777,0.16421321014073,0.187858045574786,0.1307485230482798,0.2665860261019695,0.2326501349415884,0.238940149234876,0.2784151559009226,0.0,0.0,0.0,0.2694702653850412,0.2748151485239635,0.0,0.0,0.0,0.0,0.0,0.0,0.0,0.2166648837104278,0.0,0.2321379688143544,0.0,0.0,0.3185847519862334,0.2725623068639832,0.2590022940576433,0.2269967201028559,0.0,0.295721038363842,0.3010085774429604,0.3041158352695652,0.2930402662979701,0.232849366197907,0.2545406928179781,0.2811810756116749,0.3054660850949592,0.3033215513125561,0.254682132444458,0.0,0.2634579376818176
0.2521336629462467,0.2509634773719953,0.2703505223542057,0.1685088636763388,0.2849825675229862,0.275699286118078,0.2619816567349463,0.2938871102584399,0.2999916553596789,0.2182002403191885,0.2909513069968008,0.1952497110141866,0.2573771617049951,0.2544634102877105,0.293563383887293,0.2490456806522188,0.240226906021322,0.2471296377197649,0.263664234961206,0.2905671349908921,0.286921927805414,0.2793588979702578,0.2776286310964999,0.1930074596980221,0.2351762363221137,0.2545137472542036,0.2788878359572997,0.2518814583921224,0.2660799345237074,0.2557521668276841,0.1868465706388294,0.2302387522263596,0.1690134750223965,0.0,0.1975629385729701,0.2586447693658523,0.1959778157865443,0.1728582789194795,0.2754415266763783,0.2192580763541521,0.2331825942396535,0.0,0.0,0.0,0.1896141057228764,0.2705903818271372,0.2830557467069028,0.0,0.0,0.0,0.3044372300535088,0.0,0.3254791884247209,0.0,0.2491981618173059,0.0,0.2474732279292007,0.1999094334931468,0.0,0.327021156809273,0.2809915772988722,0.2531371092530196,0.2521100262574581,0.0,0.321608114663426,0.3158998743351087,0.3148784869489561,0.3277335026946256,0.2457890591702566,0.2663101283766927,0.2879222316276755,0.3248608224040761,0.2949904964294249,0.3233981599039056,0.0,0.2917952388712002
0.2917895947440936,0.2929889629975681,0.2753287616893317,0.1719623598235974,0.2860864644611586,0.284981384049757,0.2782375447150758,0.2934632055783058,0.2885308809391589,0.2391230533061552,0.2781794215330315,0.2126150613154761,0.2714476724371676,0.0,0.3291216497886247,0.3017695909781772,0.2625900319464985,0.2836651979797724,0.2789608260698705,0.3310394387981482,0.3494485351988705,0.3329876339544861,0.2675832214954232,0.2470605075124587,0.2700691024602713,0.29868394870859,0.2932149656149208,0.2679994331125949,0.2914539741925693,0.2613008331648574,0.2163085573056348,0.2340948216904184,0.2681376009253777,0.1975629385729701,0.0,0.321258034686845,0.2200788788887597,0.2109895564172171,0.2507243526628611,0.2178866978476084,0.1993143826657816,0.2349170677119797,0.2219550280385437,0.0,0.0,0.3227343350022121,0.3143476524975937,0.0,0.0,0.0,0.0,0.0,0.0,0.0,0.0,0.0,0.0,0.0,0.0,0.3531682194766371,0.2987377571549675,0.0,0.2749209541568684,0.0,0.3202640353144876,0.3532252638711731,0.3435817344764342,0.3344026948834448,0.0,0.2825583659221857,0.3270595159965564,0.329021265081264,0.1987724228130859,0.3149867483214938,0.0,0.0
0.0,0.0,0.2454076143156621,0.1424441234861765,0.1584123465253964,0.2389117672067252,0.1529342891602267,0.1988166344245285,0.2617211712991232,0.2559708241292644,0.2085025324200137,0.2321339743529418,0.1861534855369033,0.1658120856400796,0.0,0.0,0.0,0.0,0.2393724423631683,0.3479514849470273,0.2786195002243284,0.3697250441803942,0.2314798422831388,0.2541439434577077,0.0,0.2548351222901462,0.2193268002293205,0.1707601960836803,0.2379694478010486,0.0,0.0,0.1752110098046885,0.16421321014073,0.2586447693658523,0.321258034686845,0.0,0.1610483063540482,0.2244166617416204,0.2369609068811945,0.3480770378533889,0.0,0.0,0.2191560388215764,0.0,0.0,0.0,0.0,0.2938927108731792,0.0,0.2103450787027514,0.2274595680170313,0.2196321006741295,0.2249482491781383,0.2863074372533205,0.0,0.2438328141832036,0.0,0.2455267736462018,0.2304157755360495,0.0,0.0,0.0,0.0,0.281008964956968,0.0,0.0,0.0,0.2725167693049514,0.0,0.0,0.0,0.2479043365673148,0.2607429770748688,0.2593065132905069,0.0,0.0
0.0,0.0,0.23321756136173,0.1378811062828282,0.20652324898093,0.2497678046262345,0.1664250711582806,0.242149038327346,0.2683840740493926,0.2045692138087714,0.2665149885747438,0.213274581255052,0.1876622469824917,0.1255306624726335,0.0,0.0,0.0,0.0,0.2467172184709279,0.2857056897934911,0.0,0.293188385138627,0.2312156054067305,0.204777840835944,0.0,0.0,0.2519928745930609,0.1787344959849069,0.2876244240024649,0.0,0.2364858224815958,0.2010913833377618,0.187858045574786,0.1959778157865443,0.2200788788887597,0.1610483063540482,0.0,0.2127495683605458,0.1973071730071304,0.0,0.2334756879471736,0.0,0.0,0.0,0.0,0.0,0.0,0.0,0.0,0.0,0.0,0.0,0.0,0.0,0.0,0.0,0.0,0.0,0.0,0.0,0.0,0.0,0.0,0.0,0.0,0.0,0.0,0.0,0.0,0.0,0.0,0.0,0.0,0.0,0.0,0.0
0.2241376580524162,0.0,0.0,0.0,0.2369914486817781,0.2126297543071073,0.2447905488449706,0.0,0.2437212735074739,0.1879673704693781,0.2463782947286291,0.1851047837651075,0.2298891155491153,0.0,0.0,0.0,0.2094451984474093,0.0,0.2357406565409012,0.0,0.0,0.0,0.2140990503731638,0.1400896532634133,0.2171162606602088,0.2452002619621513,0.0,0.2399088249443673,0.0,0.0,0.2291738934522081,0.1638154167485759,0.1307485230482798,0.1728582789194795,0.2109895564172171,0.2244166617416204,0.2127495683605458,0.0,0.0,0.0,0.1767063057453753,0.0,0.0,0.0,0.0,0.0,0.0,0.0,0.0,0.0,0.0,0.0,0.0,0.0,0.2398432407670716,0.0,0.2407161799215445,0.0,0.0,0.0,0.0,0.0,0.0,0.0,0.0,0.0,0.0,0.0,0.235387504393487,0.2667804695128685,0.2699536216821165,0.0,0.0,0.0,0.0,0.0
0.2808177347611443,0.2860154421706153,0.2585482450367649,0.0,0.2390674396218279,0.3103650631814464,0.0,0.2955547598252136,0.2756976645098862,0.2724974423405621,0.2286935288002594,0.2788704892851561,0.2913993620696805,0.0,0.3050450726952337,0.2939455318918564,0.2679388757254232,0.2761635107722335,0.0,0.3094566142398048,0.2956757952099324,0.3116592122080099,0.3094219929570872,0.2752830778912049,0.2784158126641558,0.2961698516117932,0.3101257654883371,0.3081501906097974,0.3066127403980326,0.3096205528528647,0.2909483072828159,0.2584164531850613,0.2665860261019695,0.2754415266763783,0.2507243526628611,0.2369609068811945,0.1973071730071304,0.0,0.0,0.197206358427749,0.2261910885928764,0.2352973332301478,0.173783939508764,0.2091708569983144,0.1850273942088048,0.2525538806724455,0.2532332707117483,0.2683634727150372,0.1866093848375684,0.2014505985369119,0.2636238271381943,0.2166934940689397,0.2684665544268959,0.2720032082705942,0.2500780415495204,0.2584698248254264,0.1753038840928546,0.2311158161996479,0.1744715246941172,0.2805438276977421,0.2690807304337846,0.255841806321451,0.2584736606603245,0.2613379157772883,0.2864978986175814,0.2816768143414901,0.2842359113922184,0.2691207756792123,0.2321757302020705,0.25117331225613,0.2642658724072558,0.2680166718532022,0.2342517844148275,0.2710863210922656,0.2637835536870988,0.2408807622061843
0.2515947462062318,0.2706467859139027,0.0,0.0,0.0,0.0,0.0,0.0,0.0,0.2522048380893372,0.0,0.2476737785078184,0.0,0.0,0.3076156695201743,0.2702821339356847,0.2502209942368685,0.2484723849633272,0.0,0.2911334285142866,0.2658183628822297,0.3052340640931636,0.0,0.2465809047722761,0.2485867921698607,0.2717499526152166,0.3002459064269478,0.0,0.0,0.0,0.26220661601243,0.2399173424006287,0.2326501349415884,0.2192580763541521,0.2178866978476084,0.3480770378533889,0.0,0.0,0.197206358427749,0.0,0.1891136378008588,0.260886639040829,0.3549409008369058,0.1689691641012903,0.1280986394820288,0.1944958701417397,0.208181506926936,0.0,0.0,0.0,0.235109611498728,0.2062706334708523,0.2669294695954309,0.2275275974390335,0.1921671434101219,0.2364338228137396,0.1637806552798624,0.1670205261036826,0.0,0.2565593621888224,0.2270870538796909,0.19727366143615,0.198734961385948,0.0,0.2658223299151682,0.2402400177404373,0.2525740731340425,0.2559733108019472,0.1550486545979413,0.19344905089877,0.2152675247934942,0.2493599824966602,0.1990697023495392,0.2483772237716515,0.0,0.2148164561551415
