0.0,0.3111261364283743,0.0,0.0,0.0,0.2450241952524518,0.0,0.401577455118759,0.0,0.2177878783366427,0.0,0.2403173699609851,0.257623650914875,0.0,0.3065359774540387,0.3040006098568646,0.0,0.2870986138095363,0.0,0.3515526782391606,0.3292741256189821,0.3302843504272306,0.3670180742389897,0.2847159656323953,0.2772008508365635,0.2681333884101985,0.3332878550223486,0.3160709936893968,0.3314921366160123,0.0,0.2782322189772472,0.3491219134618475,0.2477033556558096,0.2745900513174596,0.3308369625606193,0.0,0.0,0.0,0.3739700703567904,0.3411320009824293,0.3629003487023486,0.0,0.0,0.0,0.0,0.312089183159714,0.3669978147492416,0.0,0.0,0.0,0.0,0.0,0.0,0.0,0.3279234171087945,0.0,0.0,0.0,0.0,0.0,0.3519688867187001,0.0,0.3175025913794437,0.0,0.0,0.0,0.3779793887472584,0.0,0.0,0.3239725527262116,0.352068248957026,0.0,0.0,0.0,0.0,0.3005200755524189
0.3111261364283743,0.0,0.0,0.0,0.2975941623547313,0.3333865388504829,0.2734297199199827,0.3346295744602578,0.2729101125692292,0.0,0.0,0.0,0.3419482446671402,0.0,0.3593293591208228,0.3374536785943924,0.269945341717633,0.3351931958519629,0.0,0.3689149561568895,0.3454911588681823,0.3394319817063679,0.3500837935506866,0.0,0.3101938267636851,0.3432874132014582,0.3603368439746347,0.3459981398537567,0.3446372302369457,0.0,0.3154318145326257,0.3706718508841586,0.3019863869785787,0.3255235865791572,0.3734192321825746,0.0,0.0,0.0,0.3870800201783009,0.3617067924700342,0.3759626068051554,0.395476653014595,0.0,0.0,0.0,0.3639882736198629,0.3875685360857762,0.0,0.0,0.0,0.2864096084095735,0.0,0.0,0.0,0.0,0.0,0.0,0.0,0.0,0.4034286573312046,0.3700969202012356,0.0,0.3350842689544736,0.0,0.3658149657389093,0.3903588186248739,0.3952348767040674,0.2880127944557052,0.0,0.3268353251324131,0.3891390095164854,0.3018984761182014,0.0,0.3364735987184183,0.0,0.353909435919511
0.0,0.0,0.0,0.2911905676085141,0.3209497781490751,0.3307282743176624,0.3558857820901351,0.4011689412029623,0.246196672718525,0.3076600952509127,0.2734198418376209,0.2457824332795042,0.3575287438184256,0.3539812088550421,0.0,0.0,0.0,0.0,0.2265670345769368,0.0,0.0,0.0,0.2830425102917278,0.0,0.0,0.0,0.2869365905313242,0.3584399926495588,0.0,0.0,0.3756139127605304,0.3326401851582206,0.2424214363726405,0.3626379829822317,0.3619004868315469,0.3390176083893406,0.3306058753392229,0.0,0.4435188201146155,0.0,0.3859203109478564,0.0,0.4316758312635426,0.0,0.0,0.0,0.0,0.5000672579891989,0.0,0.42657693841864,0.4785976480454363,0.4062928151486678,0.4876072126142307,0.4802379715485806,0.0,0.460612566177667,0.0,0.4163337757169345,0.0,0.0,0.0,0.0,0.0,0.5270138362151039,0.0,0.0,0.0,0.4966879845380064,0.0,0.0,0.0,0.4797627007494693,0.375079904279515,0.0,0.0,0.0
0.0,0.0,0.2911905676085141,0.0,0.1985064966896859,0.3360667127210562,0.2729395432257507,0.2282154404765126,0.3240147460785346,0.2645671516914527,0.2838128831650815,0.0,0.2860458706138671,0.1794154569011967,0.0,0.0,0.0,0.0,0.3405666402128211,0.3666571476134428,0.0,0.0,0.3343913404340918,0.0,0.0,0.0,0.3351066979504666,0.2640115010569063,0.3029698180763069,0.0,0.2850625483787919,0.2526231526755061,0.0,0.2735547009188777,0.272575964034442,0.1506214227879531,0.2001957657545593,0.2687994413611285,0.0,0.0,0.0,0.0,0.0,0.0,0.0,0.0,0.0,0.0,0.0,0.0,0.0,0.0,0.0,0.0,0.0,0.0,0.0,0.0,0.0,0.0,0.0,0.0,0.0,0.0,0.0,0.0,0.0,0.0,0.0,0.0,0.0,0.0,0.0,0.0,0.0,0.0
0.0,0.2975941623547313,0.3209497781490751,0.1985064966896859,0.0,0.3163487736970296,0.2761589445700924,0.3434933611327819,0.285738030939545,0.311931529435515,0.273038990800621,0.0,0.3086323578713973,0.2228941061336135,0.0,0.3272162461887331,0.0,0.0,0.3284911868485246,0.357184328511425,0.0,0.3604625524074302,0.323427094013734,0.0,0.2656308901453973,0.291824439292477,0.3166315064242941,0.3172899262084392,0.3358742267238956,0.0,0.3821466618877251,0.2726678296826381,0.0,0.3636136256946181,0.0,0.1838080343923907,0.1804879049501152,0.3712421737150926,0.3231052257827397,0.0,0.0,0.0,0.378680733352788,0.0,0.0,0.0,0.0,0.3814450268873329,0.0,0.3382135086841067,0.3922301617987055,0.0,0.4155062499925154,0.3649850179668769,0.0,0.363236071329614,0.0,0.0,0.0,0.0,0.0,0.0,0.0,0.3816069717708648,0.0,0.0,0.0,0.4387998926418742,0.0,0.0,0.0,0.3699461206975061,0.0,0.0,0.0,0.0
0.2450241952524518,0.3333865388504829,0.3307282743176624,0.3360667127210562,0.3163487736970296,0.0,0.3427672452964705,0.3373738081558254,0.2891506795461154,0.3546534775380172,0.2840842010891557,0.2671348491320369,0.3292353747533553,0.35005367082082,0.3313367540844152,0.3460668636591537,0.0,0.2915955358976017,0.2820987843019668,0.3421071600366055,0.2880179800138813,0.3538746433894456,0.329907237214818,0.0,0.3251589778396107,0.3501059720074265,0.3015062613114445,0.3265337097056582,0.2912848862281992,0.3361738563873703,0.3582516383102896,0.3439535897415737,0.3165861029230691,0.3583921983448856,0.3728808714291656,0.3425771682247652,0.3600140579388954,0.3063037734745842,0.4425925775668774,0.0,0.4369961038143991,0.3542120879537396,0.4177866902614966,0.0,0.0,0.0,0.2204605243641903,0.468675981627027,0.0,0.3744896211618215,0.4496480450029778,0.4604631815716032,0.4326309607553681,0.4713029596947042,0.0,0.4109627656921078,0.0,0.4485654562814655,0.0,0.3224863784559116,0.0,0.0,0.0,0.4620121541667072,0.3464783263912203,0.326595812027977,0.2176584005060137,0.4496989142857483,0.0,0.0,0.2634453801284285,0.4364317210496523,0.4316870320110662,0.407908538573895,0.3846368108109295,0.4452770120087062
0.0,0.2734297199199827,0.3558857820901351,0.2729395432257507,0.2761589445700924,0.3427672452964705,0.0,0.3733122011632587,0.3296256424303219,0.3039715486518648,0.3769077719720892,0.3433542395746884,0.2919688345883764,0.3114472311408995,0.0,0.3394730006279764,0.0,0.3237590528204876,0.3845234656514074,0.3583028239953978,0.0,0.3753133661668335,0.3541764403396787,0.0,0.3063812734435898,0.3321288555982988,0.3460337317506068,0.3442848959222476,0.3572795846577087,0.0,0.366731649868759,0.3603267174628268,0.340965599995002,0.3633812070316574,0.3827813224886313,0.271223717120124,0.2820687862600826,0.3421210036076659,0.3254098013662748,0.0,0.3108546360701956,0.0,0.330909294687594,0.0,0.0,0.0,0.0,0.3435768898936087,0.0,0.0,0.3871929820559687,0.0,0.3821544006520804,0.3367623610313431,0.0,0.3005852601569183,0.0,0.0,0.0,0.0,0.0,0.0,0.0,0.3299293719205444,0.0,0.0,0.0,0.4457126437078477,0.0,0.0,0.0,0.399893775169375,0.0,0.0,0.0,0.0
0.401577455118759,0.3346295744602578,0.4011689412029623,0.2282154404765126,0.3434933611327819,0.3373738081558254,0.3733122011632587,0.0,0.3937070381425431,0.339020183108351,0.2599427678045525,0.2891312825304906,0.3658228731576324,0.313507541273866,0.3381139384486663,0.3350623087654949,0.0,0.3417328904832288,0.3852665530453745,0.3290936664968206,0.3502793514844367,0.3332120498468392,0.3122555048028626,0.4187406446241644,0.3643202988033559,0.3725531879422998,0.367718017962821,0.3555364743437805,0.3144616087959464,0.3538515358304261,0.3805884792576606,0.3260535981967616,0.3395625741900003,0.3913398856015095,0.3931453068996637,0.2259816648849859,0.2782861750153783,0.0,0.4348003564686004,0.0,0.4386345472307088,0.0,0.3991768295465804,0.0,0.0,0.0,0.0,0.4708170661491911,0.0,0.4106022103331983,0.4378493846831821,0.4535473077630845,0.3747854073027541,0.4679852814125194,0.0,0.4440991993247353,0.0,0.437344811636273,0.4200461348871627,0.4004212471971264,0.0,0.0,0.0,0.4670670765262485,0.4146701025825078,0.4138907243389085,0.0,0.4381588238987965,0.0,0.0,0.0,0.4321400746458878,0.4180769821143045,0.3912208814854626,0.0,0.4415036972733414
0.0,0.2729101125692292,0.246196672718525,0.3240147460785346,0.285738030939545,0.2891506795461154,0.3296256424303219,0.3937070381425431,0.0,0.3376693917016448,0.2560583508766947,0.2710164666640032,0.3416396348362465,0.3194574880033076,0.0,0.0,0.0,0.0,0.2113903354848448,0.3339769509162518,0.0,0.3317520559259082,0.3143253700874087,0.0,0.1954595461771866,0.2451658051966686,0.2943267427423747,0.3573962454753297,0.3094581866936275,0.3264755904823692,0.3841044765300739,0.3436266641459379,0.0,0.3727036458384745,0.356431530311944,0.3294594568338733,0.3409669760391984,0.2989496747765407,0.4308810751059157,0.0,0.2464222055585055,0.0,0.4018807737032625,0.0,0.0,0.0,0.0,0.4667347577899103,0.0,0.3583343293536238,0.4643055251949227,0.3572437336148459,0.4732855721719634,0.422223647221731,0.0,0.4432237539790118,0.0,0.3518687856926549,0.0,0.0,0.0,0.0,0.0,0.4579741673807515,0.0,0.0,0.0,0.4816551025740169,0.0,0.0,0.0,0.4604855862555441,0.330957289444878,0.0,0.0,0.0
0.2177878783366427,0.0,0.3076600952509127,0.2645671516914527,0.311931529435515,0.3546534775380172,0.3039715486518648,0.339020183108351,0.3376693917016448,0.0,0.3571785776703284,0.2589896042564643,0.3494794148411476,0.0,0.0,0.2873122166704702,0.2692904967804423,0.3062054478327433,0.3586477249446445,0.335487827587152,0.0,0.2185638011258135,0.315047149776347,0.2708678804341897,0.2790029956115927,0.2720546386163068,0.313901018602082,0.3274383022102536,0.2864102196075967,0.0,0.2453092397605335,0.3290252339496862,0.2435296086471605,0.2599290334163961,0.2757170937951808,0.3130268068598844,0.2895348933807392,0.2327162908715886,0.3620781375063546,0.3060977639405844,0.2989715108537324,0.3971108366271078,0.0,0.0,0.3076317035131641,0.0,0.0,0.0,0.0,0.0,0.0,0.0,0.0,0.0,0.3460103984763903,0.0,0.3501036341247935,0.335006789551981,0.0,0.0,0.0,0.2991183381512835,0.303393531429977,0.0,0.0,0.0,0.0,0.0,0.3125167819065449,0.3188738925290223,0.3192195494899222,0.0,0.4184363147136015,0.0,0.0,0.3398423925743023
0.0,0.0,0.2734198418376209,0.2838128831650815,0.273038990800621,0.2840842010891557,0.3769077719720892,0.2599427678045525,0.2560583508766947,0.3571785776703284,0.0,0.3152971679744095,0.378406628466134,0.2593554370231067,0.0,0.0,0.0,0.0,0.2317207666084665,0.0,0.0,0.0,0.2303759182772743,0.3394268104026258,0.0,0.0,0.295833474890583,0.3704474639012144,0.0,0.0,0.395644225053552,0.3036495168056572,0.0,0.3820873124110351,0.3668272514696885,0.2575764901934392,0.319645935661027,0.3285695041308861,0.354239639665398,0.0,0.0,0.0,0.3545288750325256,0.0,0.0,0.0,0.0,0.4719901165701056,0.0,0.4448599632838514,0.419494495529993,0.3958729313485203,0.432600656437218,0.457696708002635,0.0,0.2531418944335831,0.0,0.3772244097466479,0.3978521602022584,0.0,0.0,0.0,0.0,0.3415055514059296,0.0,0.0,0.0,0.4532123356539029,0.0,0.0,0.0,0.4406059569665632,0.3193527237094345,0.0,0.0,0.0
0.2403173699609851,0.0,0.2457824332795042,0.0,0.0,0.2671348491320369,0.3433542395746884,0.2891312825304906,0.2710164666640032,0.2589896042564643,0.3152971679744095,0.0,0.3083380142429625,0.0,0.0,0.0,0.2882301646149107,0.2773386356118872,0.2893100162343311,0.0,0.2773443120615878,0.0,0.245094913366457,0.2483428239928036,0.270063139901635,0.2410669938913265,0.2632543763169727,0.3291214766614856,0.0,0.0,0.2753973889385981,0.240146344622039,0.2395174716571763,0.2403738518502408,0.252606446718624,0.2858455367181862,0.2898557540895309,0.2155658797533991,0.2480143748174489,0.3070868459194225,0.2968944283004631,0.3587643454088743,0.0,0.0,0.3108130549089494,0.0,0.0,0.0,0.0,0.0,0.0,0.0,0.0,0.0,0.3475801974413551,0.0,0.3572761251380795,0.0,0.0,0.0,0.0,0.2499532815308404,0.3035671947656661,0.0,0.0,0.0,0.0,0.0,0.31138282504202,0.3213692471478561,0.3150402507895906,0.0,0.3494291093212107,0.0,0.0,0.3168687295175689
0.257623650914875,0.3419482446671402,0.3575287438184256,0.2860458706138671,0.3086323578713973,0.3292353747533553,0.2919688345883764,0.3658228731576324,0.3416396348362465,0.3494794148411476,0.378406628466134,0.3083380142429625,0.0,0.3194343317169312,0.3687798342171782,0.3729042694406278,0.2986047347552966,0.3068278472522496,0.3797096766614943,0.35647467639496,0.3675720998074758,0.3750838917834149,0.3540812578653988,0.3131506182829228,0.3335186910766493,0.363634545968753,0.3525181822339673,0.292522322665113,0.3473247602168095,0.317415579702399,0.3497974152769139,0.3502116579466345,0.3234929556844552,0.3498984664063904,0.3768050370335273,0.3032997530682629,0.3117754360098534,0.3290244616731401,0.4258957665479626,0.0,0.2284269067478221,0.3324467096900748,0.3414159750147785,0.0,0.0,0.0,0.0,0.3598520931753503,0.0,0.0,0.3956913121832368,0.3145600791325573,0.4134200847431158,0.0,0.0,0.3180154757821925,0.2784471118092222,0.0,0.0,0.2746435207958279,0.0,0.0,0.0,0.0,0.3254365127932229,0.0,0.2355235777048477,0.4430897303682551,0.0,0.2108486456700576,0.2395863823119672,0.4224789392731238,0.0,0.3654800075036871,0.0,0.0
0.0,0.0,0.3539812088550421,0.1794154569011967,0.2228941061336135,0.35005367082082,0.3114472311408995,0.313507541273866,0.3194574880033076,0.0,0.2593554370231067,0.0,0.3194343317169312,0.0,0.0,0.0,0.0,0.0,0.3188202475731322,0.0,0.0,0.0,0.3138601855450381,0.0,0.0,0.0,0.3602451041023744,0.2145681123684996,0.0,0.0,0.0,0.240075928730459,0.0,0.0,0.0,0.1859235430566546,0.1487959382184109,0.0,0.4025775448121952,0.0,0.0,0.0,0.358375357595683,0.0,0.0,0.0,0.0,0.397712628656152,0.0,0.0,0.0,0.0,0.0,0.4197899164859109,0.0,0.395381148589604,0.0,0.0,0.0,0.0,0.0,0.0,0.0,0.0,0.0,0.0,0.0,0.4415250136623136,0.0,0.0,0.0,0.4192100344255552,0.0,0.0,0.0,0.0
0.3065359774540387,0.3593293591208228,0.0,0.0,0.0,0.3313367540844152,0.0,0.3381139384486663,0.0,0.0,0.0,0.0,0.3687798342171782,0.0,0.0,0.3561196003665869,0.0,0.3396946977027056,0.0,0.2986721405471793,0.3365509995747052,0.3226048693439458,0.2816923991906305,0.3184289953230764,0.3338412925561799,0.3386083862322386,0.3195241824389137,0.3447871573249506,0.3462233753162692,0.0,0.3646656357431438,0.3869112755822234,0.3315347971308279,0.380952918714366,0.4132641920759803,0.4509828825784239,0.0,0.0,0.4136287022281741,0.4193682963069021,0.3930748438069582,0.4331504625913469,0.4222427335316743,0.0,0.0,0.0,0.402018920068364,0.0,0.0,0.0,0.3725808612383755,0.0,0.0,0.0,0.0,0.0,0.0,0.2925678255370296,0.0,0.3740453501826593,0.2952579581453614,0.0,0.0,0.0,0.3154140413980551,0.3797212525803898,0.4370084219527695,0.3074112801996298,0.0,0.2186060045339348,0.4021151067588405,0.3174500671979082,0.3267071620746288,0.3749257693589484,0.0,0.3408250574726678
0.3040006098568646,0.3374536785943924,0.0,0.0,0.3272162461887331,0.3460668636591537,0.3394730006279764,0.3350623087654949,0.0,0.2873122166704702,0.0,0.0,0.3729042694406278,0.0,0.3561196003665869,0.0,0.2950256239326265,0.2793327821683106,0.0,0.3739737460042819,0.3316390247372038,0.3614685504189561,0.3501518612414391,0.255460511909195,0.3222888603669578,0.3317089423590866,0.3667354355529562,0.3387969560692,0.3703236964302116,0.0,0.3098658557658187,0.3885784560342948,0.3197467749698132,0.3390186370837479,0.3789676851045683,0.0,0.0,0.0,0.3779532442284479,0.3400222001121608,0.3556297952749095,0.3803115804325174,0.0,0.0,0.0,0.3648754112352038,0.369435299691322,0.0,0.0,0.0,0.0,0.0,0.0,0.0,0.0,0.0,0.0,0.0,0.0,0.3705314627241864,0.3604053925807226,0.0,0.3196793752036471,0.0,0.3259624478732642,0.3579135667071939,0.3701539267878894,0.2460480334518937,0.0,0.342956189444586,0.3621442329137194,0.2703622693456607,0.0,0.2710366155673744,0.0,0.3400255593611834
0.0,0.269945341717633,0.0,0.0,0.0,0.0,0.0,0.0,0.0,0.2692904967804423,0.0,0.2882301646149107,0.2986047347552966,0.0,0.0,0.2950256239326265,0.0,0.2419457309578143,0.0,0.2612425449102276,0.0,0.3023856751402033,0.0,0.2896136322092374,0.2778147485475384,0.2722380074274256,0.0,0.0268783678574215,0.0,0.0,0.2465620152815294,0.3487465240557824,0.2786737839842523,0.2903283113866,0.3033334789164154,0.0,0.0,0.239333661728289,0.0,0.3128348067937532,0.0,0.0,0.0,0.0,0.0,0.0,0.0,0.0,0.0,0.0,0.0,0.0,0.0,0.0,0.3371111316822409,0.0,0.3051713540701549,0.0,0.0,0.0,0.0,0.2818741530169182,0.3198351361531976,0.0,0.0,0.0,0.0,0.0,0.301248570655861,0.3512874654655271,0.3406401607406845,0.0,0.0,0.0,0.0,0.0
0.2870986138095363,0.3351931958519629,0.0,0.0,0.0,0.2915955358976017,0.3237590528204876,0.3417328904832288,0.0,0.3062054478327433,0.0,0.2773386356118872,0.3068278472522496,0.0,0.3396946977027056,0.2793327821683106,0.2419457309578143,0.0,0.0,0.3523885477725402,0.3181687072934336,0.3519005964739707,0.3233828984827823,0.2801688225287985,0.2891099010311769,0.2953972590481234,0.3322068806191521,0.3384147969447755,0.3506489703438789,0.0,0.2883480713755093,0.3382713668528634,0.2936450744588547,0.318754103813636,0.3263674731728433,0.0,0.0,0.0,0.3715172965148741,0.3334173728831356,0.3508722576392724,0.3654361823702471,0.0,0.0,0.0,0.3344421725553844,0.3475305775477455,0.0,0.0,0.0,0.0,0.0,0.0,0.0,0.3430203786701128,0.0,0.3010046262897361,0.0,0.0,0.0,0.3438288435507703,0.3097434728895512,0.343573532570559,0.0,0.0,0.0,0.3380654646697975,0.0,0.3102800729269949,0.3451501440504259,0.3476371452787146,0.0,0.0,0.0,0.0,0.3344585145236715
0.0,0.0,0.2265670345769368,0.3405666402128211,0.3284911868485246,0.2820987843019668,0.3845234656514074,0.3852665530453745,0.2113903354848448,0.3586477249446445,0.2317207666084665,0.2893100162343311,0.3797096766614943,0.3188202475731322,0.0,0.0,0.0,0.0,0.0,0.0,0.0,0.0,0.2424680630693964,0.0,0.0,0.0,0.2949550370695422,0.3766238133722983,0.0,0.0,0.3845867499887069,0.3399184826372922,0.0,0.3609687473635031,0.0,0.335928572027573,0.3412938318921958,0.3219588819343774,0.4173288941126213,0.0,0.0,0.0,0.3953852497032705,0.0,0.0,0.0,0.0,0.4948231910776054,0.0,0.393290908579601,0.4496794029840062,0.3809968704943323,0.4725894097418805,0.4453804658999981,0.0,0.3708973617788163,0.0,0.3363703530949572,0.0,0.0,0.0,0.0,0.0,0.4801107519136572,0.0,0.0,0.0,0.4882792439760119,0.0,0.0,0.0,0.4506146881449564,0.0,0.0,0.0,0.0
0.3515526782391606,0.3689149561568895,0.0,0.3666571476134428,0.357184328511425,0.3421071600366055,0.3583028239953978,0.3290936664968206,0.3339769509162518,0.335487827587152,0.0,0.0,0.35647467639496,0.0,0.2986721405471793,0.3739737460042819,0.2612425449102276,0.3523885477725402,0.0,0.0,0.3871317509807577,0.3551560889911883,0.2737572535715813,0.0,0.3556733606336588,0.3760390397235325,0.2997534603078963,0.3384164236052761,0.3146512686150124,0.2966616542056489,0.3546234184335279,0.4031475633735085,0.3494380703271184,0.3899581585289969,0.4195282937107296,0.4333229336554664,0.3876202128853927,0.0,0.4309973902247961,0.3719135631030402,0.4023455609510172,0.423255036984681,0.3488292200276365,0.0,0.0,0.0,0.3450546972397009,0.0,0.0,0.0,0.3562497860684117,0.0,0.0,0.0,0.0,0.0,0.0,0.3083249950527288,0.0,0.4133020801741588,0.2326299057945785,0.0,0.0,0.0,0.4133680061366398,0.4128231622244276,0.4203754150759214,0.4156753009656749,0.0,0.2041814376100737,0.4000341145572585,0.4229371052235691,0.3288998996786602,0.4117031540642488,0.3285664422205769,0.4009300821150683
0.3292741256189821,0.3454911588681823,0.0,0.0,0.0,0.2880179800138813,0.0,0.3502793514844367,0.0,0.0,0.0,0.2773443120615878,0.3675720998074758,0.0,0.3365509995747052,0.3316390247372038,0.0,0.3181687072934336,0.0,0.3871317509807577,0.0,0.3879489343856377,0.3310393079616253,0.3941040366888936,0.3076484121499196,0.3159355171074446,0.36499212218832,0.3651271804635183,0.3549844080295239,0.0,0.3568641057838687,0.3856021841237873,0.2897867105781866,0.3556198402086126,0.3963140025904942,0.0,0.0,0.0,0.4233332798855807,0.3217525901358706,0.3984237065670569,0.4533330396985994,0.0,0.0,0.0,0.4214895492471872,0.4068344397592556,0.0,0.0,0.0,0.3632780880994366,0.0,0.3411933179928262,0.0,0.0,0.0,0.0,0.3218213143820371,0.0,0.4079801123661205,0.3212603728299619,0.0,0.0,0.0,0.3872243750615988,0.3602157208096293,0.4241362558184413,0.3657820959642678,0.0,0.2707712471908193,0.4128149837412413,0.3882504443268382,0.3594577798739077,0.3918363380655025,0.0,0.3497516277325063
0.3302843504272306,0.3394319817063679,0.0,0.0,0.3604625524074302,0.3538746433894456,0.3753133661668335,0.3332120498468392,0.3317520559259082,0.2185638011258135,0.0,0.0,0.3750838917834149,0.0,0.3226048693439458,0.3614685504189561,0.3023856751402033,0.3519005964739707,0.0,0.3551560889911883,0.3879489343856377,0.0,0.3731982472644855,0.0,0.3421180319304246,0.3562384969406375,0.3817785166416438,0.3698493473326168,0.3578967648179258,0.3482552359972153,0.3418561798275935,0.3958802428003517,0.3589780081914644,0.3687961613440552,0.4131296907412963,0.4453992140748171,0.4078303575601508,0.0,0.4193505119150886,0.3939844545068644,0.4092667275759355,0.433594707996232,0.4107436459536543,0.0,0.0,0.3588829867583436,0.4001297802809865,0.0,0.0,0.0,0.3354800102986725,0.0,0.0,0.0,0.0,0.0,0.0,0.0,0.0,0.4291072863616884,0.3600851696859693,0.0,0.2632379319368056,0.0,0.4059279930416988,0.4158500493238388,0.4271577822978804,0.4030842890860424,0.0,0.2986314745552613,0.417764102531056,0.3813623479745818,0.2907308401212933,0.3747785308915674,0.0,0.3890576597623498
0.3670180742389897,0.3500837935506866,0.2830425102917278,0.3343913404340918,0.323427094013734,0.329907237214818,0.3541764403396787,0.3122555048028626,0.3143253700874087,0.315047149776347,0.2303759182772743,0.245094913366457,0.3540812578653988,0.3138601855450381,0.2816923991906305,0.3501518612414391,0.0,0.3233828984827823,0.2424680630693964,0.2737572535715813,0.3310393079616253,0.3731982472644855,0.0,0.3659914972581123,0.3373758221542341,0.361860308807904,0.2764983540019378,0.3507822727224349,0.32700013812826,0.3535768397427917,0.3672312435831649,0.3569974880466199,0.3215599889419825,0.3738288156147608,0.3809297799557587,0.3275003549477138,0.3531682542853586,0.2828157933779939,0.4386799846865446,0.0,0.4220547896815665,0.4561327695849871,0.43223586475959,0.32656521362672,0.0,0.0,0.2881362052389091,0.4897176743391239,0.0,0.4603246467510554,0.4512580134466483,0.4786528587944297,0.4440482810198087,0.4801993372592586,0.0,0.4806298535106112,0.0,0.4654971973821514,0.4333811857496496,0.4122215930594393,0.0,0.0,0.0,0.4922608314843416,0.4127070522328404,0.4009531233635225,0.4131058226834538,0.4589947483209824,0.0,0.2012071611147338,0.3120862588376361,0.4388261857631739,0.4448873874713628,0.4255680889194103,0.4321867245437083,0.4520771138417777
0.2847159656323953,0.0,0.0,0.0,0.0,0.0,0.0,0.4187406446241644,0.0,0.2708678804341897,0.3394268104026258,0.2483428239928036,0.3131506182829228,0.0,0.3184289953230764,0.255460511909195,0.2896136322092374,0.2801688225287985,0.0,0.0,0.3941040366888936,0.0,0.3659914972581123,0.0,0.2550813228623563,0.2695385312682289,0.2505243491419077,0.3422508285955497,0.0,0.0,0.277198597495792,0.3213712742296023,0.2122977506812816,0.2329081082960286,0.2919700429774018,0.3437196058168882,0.0,0.2001116111520479,0.3845793252942049,0.3121028463131135,0.3285485248287219,0.0,0.0,0.0,0.2927316701389371,0.3337900280753778,0.0,0.0,0.0,0.0,0.0,0.0,0.0,0.0,0.3385831495029705,0.0,0.336239467622267,0.0,0.0,0.0,0.3417020270874248,0.3229822297337733,0.3534161494190572,0.0,0.0,0.0,0.0,0.0,0.3215469043452645,0.3512401530467329,0.3435898965001013,0.0,0.0,0.0,0.0,0.3537888268405652
0.2772008508365635,0.3101938267636851,0.0,0.0,0.2656308901453973,0.3251589778396107,0.3063812734435898,0.3643202988033559,0.1954595461771866,0.2790029956115927,0.0,0.270063139901635,0.3335186910766493,0.0,0.3338412925561799,0.3222888603669578,0.2778147485475384,0.2891099010311769,0.0,0.3556733606336588,0.3076484121499196,0.3421180319304246,0.3373758221542341,0.2550813228623563,0.0,0.3007707256924783,0.3452079389529498,0.3405992128854832,0.3332697739000767,0.0,0.2804797326399705,0.3485250509945725,0.2534752687627735,0.2928377161068075,0.320195224071213,0.0,0.0,0.250302758862076,0.3670461267487953,0.3242165173345975,0.3486891070682387,0.3667915711071131,0.0,0.0,0.0,0.3319360461156706,0.3656672960776711,0.0,0.0,0.0,0.0,0.0,0.0,0.0,0.341874284358454,0.0,0.3432436665878965,0.2263153688468043,0.0,0.3356571402241669,0.3448044682452275,0.3370887124244731,0.3423891249066741,0.0,0.3084408132337727,0.3184256364343752,0.3007957866574687,0.2333520916825651,0.3216513690253638,0.3392762781092884,0.3450767358044982,0.0,0.0,0.2632009775821078,0.0,0.3396722231010596
0.2681333884101985,0.3432874132014582,0.0,0.0,0.291824439292477,0.3501059720074265,0.3321288555982988,0.3725531879422998,0.2451658051966686,0.2720546386163068,0.0,0.2410669938913265,0.363634545968753,0.0,0.3386083862322386,0.3317089423590866,0.2722380074274256,0.2953972590481234,0.0,0.3760390397235325,0.3159355171074446,0.3562384969406375,0.361860308807904,0.2695385312682289,0.3007707256924783,0.0,0.3873957562531152,0.3443371987090161,0.3595821011659958,0.0,0.2942860375434979,0.3685613310251444,0.2910438511695525,0.3218640027368382,0.3651168982584555,0.3767131982884448,0.0,0.2313553405933349,0.3726199660892318,0.3217948264208578,0.359191268996637,0.38764012008579,0.0,0.0,0.0,0.3344541000695764,0.3937438719551566,0.0,0.0,0.0,0.262683439462114,0.0,0.0,0.0,0.3228378894964839,0.0,0.3304885922918592,0.2510893795181955,0.0,0.4209528112009832,0.3606411557376512,0.3396865342445804,0.3411116445758522,0.0,0.3662175856598248,0.42036017566637,0.4128181641192939,0.310261786894906,0.3300989104185415,0.3372525278921554,0.3717178677681911,0.3531094100173043,0.0,0.3055676847839029,0.0,0.3425171193487001
0.3332878550223486,0.3603368439746347,0.2869365905313242,0.3351066979504666,0.3166315064242941,0.3015062613114445,0.3460337317506068,0.367718017962821,0.2943267427423747,0.313901018602082,0.295833474890583,0.2632543763169727,0.3525181822339673,0.3602451041023744,0.3195241824389137,0.3667354355529562,0.0,0.3322068806191521,0.2949550370695422,0.2997534603078963,0.36499212218832,0.3817785166416438,0.2764983540019378,0.2505243491419077,0.3452079389529498,0.3873957562531152,0.0,0.3490633241338192,0.3199554155828927,0.3470138450823396,0.3663573354477674,0.3728400334624314,0.3467962866596714,0.3887735132721807,0.4127275825955651,0.352197719180541,0.3633251031625014,0.280384840764163,0.4259303526873725,0.0,0.3922679316981998,0.412405441016117,0.4341052532800157,0.2828193559317762,0.0,0.0,0.2727366106891075,0.4825508160938335,0.0,0.3884062911493398,0.440970892877551,0.4617041561397382,0.4351053934540062,0.4759315491088817,0.0,0.4802142888483539,0.0,0.435827741423229,0.0,0.4146971320166951,0.0,0.0,0.0,0.4674713441179171,0.4004324197457771,0.4071447619896037,0.3843053858174727,0.4420665802805962,0.0,0.0,0.3594489498888572,0.4246293249372232,0.4192986914038364,0.3930484723097165,0.398421275287863,0.4276824133414196
0.3160709936893968,0.3459981398537567,0.3584399926495588,0.2640115010569063,0.3172899262084392,0.3265337097056582,0.3442848959222476,0.3555364743437805,0.3573962454753297,0.3274383022102536,0.3704474639012144,0.3291214766614856,0.292522322665113,0.2145681123684996,0.3447871573249506,0.3387969560692,0.0268783678574215,0.3384147969447755,0.3766238133722983,0.3384164236052761,0.3651271804635183,0.3698493473326168,0.3507822727224349,0.3422508285955497,0.3405992128854832,0.3443371987090161,0.3490633241338192,0.0,0.3087987549389778,0.2579442138393308,0.3207927595197323,0.3463805338537676,0.3115802044224828,0.3298603326399395,0.3354529453932319,0.2691141886388616,0.2822300129750583,0.3225752507000664,0.4138146206652405,0.0,0.4483935549927165,0.3136004954186763,0.3587019640033393,0.0,0.0,0.0,0.0,0.2994694598798746,0.0,0.0,0.4097607811577759,0.0,0.4036079556837573,0.2647657293089532,0.3346875570091755,0.0,0.3055917051126871,0.3340218438980234,0.0,0.362406553587949,0.0,0.0,0.0,0.0,0.4018131650150415,0.3860412659092277,0.3020871770498516,0.4279772026337051,0.0,0.2262864944335845,0.2995456335606455,0.4245607462289426,0.3813231519480427,0.3891865789313194,0.0,0.3940127530661675
0.3314921366160123,0.3446372302369457,0.0,0.3029698180763069,0.3358742267238956,0.2912848862281992,0.3572795846577087,0.3144616087959464,0.3094581866936275,0.2864102196075967,0.0,0.0,0.3473247602168095,0.0,0.3462233753162692,0.3703236964302116,0.0,0.3506489703438789,0.0,0.3146512686150124,0.3549844080295239,0.3578967648179258,0.32700013812826,0.0,0.3332697739000767,0.3595821011659958,0.3199554155828927,0.3087987549389778,0.0,0.3150895997584809,0.335422586910482,0.3681884678003485,0.3101527209961261,0.3669353082202488,0.3933237672813817,0.3572577411617904,0.3490023993140719,0.0,0.4200440069966716,0.3301007638591469,0.3560754288161083,0.3665226655145807,0.3489051437988746,0.0,0.0,0.0,0.3028964728434304,0.3422132490859124,0.0,0.0,0.3523921234049007,0.286246702845482,0.3601636367996314,0.0,0.0,0.0,0.0,0.3488260846142867,0.0,0.3957599821359116,0.0,0.0,0.0,0.0,0.3672083670256422,0.3821873301583964,0.3541893067204228,0.4109895978228388,0.0,0.0,0.3548216584894336,0.4114136619924891,0.3772630913381569,0.3996561448208962,0.3540120011418767,0.391693413400595
0.0,0.0,0.0,0.0,0.0,0.3361738563873703,0.0,0.3538515358304261,0.3264755904823692,0.0,0.0,0.0,0.317415579702399,0.0,0.0,0.0,0.0,0.0,0.0,0.2966616542056489,0.0,0.3482552359972153,0.3535768397427917,0.0,0.0,0.0,0.3470138450823396,0.2579442138393308,0.3150895997584809,0.0,0.2802076440870751,0.3375769241916671,0.0,0.3171987262719669,0.3065193961602055,0.0,0.0,0.0,0.0,0.0,0.0,0.0,0.0,0.0,0.0,0.0,0.0,0.0,0.0,0.0,0.0,0.0,0.0,0.0,0.0,0.0,0.0,0.0,0.0,0.0,0.0,0.0,0.0,0.0,0.3911877757774772,0.0,0.0,0.417206304502396,0.0,0.0,0.0,0.4123210271254434,0.0,0.3678941339184948,0.0,0.0
0.2782322189772472,0.3154318145326257,0.3756139127605304,0.2850625483787919,0.3821466618877251,0.3582516383102896,0.366731649868759,0.3805884792576606,0.3841044765300739,0.2453092397605335,0.395644225053552,0.2753973889385981,0.3497974152769139,0.0,0.3646656357431438,0.3098658557658187,0.2465620152815294,0.2883480713755093,0.3845867499887069,0.3546234184335279,0.3568641057838687,0.3418561798275935,0.3672312435831649,0.277198597495792,0.2804797326399705,0.2942860375434979,0.3663573354477674,0.3207927595197323,0.335422586910482,0.2802076440870751,0.0,0.3887773795853571,0.2795931833965492,0.267618438843909,0.3089144573550948,0.3630136576175738,0.3339930023637817,0.2640066084936921,0.4050922492469292,0.3290761107207094,0.3642831187621232,0.0,0.3314555747820068,0.0,0.0,0.0,0.3744235258786164,0.0,0.0,0.0,0.4100159849802152,0.0,0.4394160124807916,0.0,0.3030005039726345,0.0,0.3319323849891362,0.0,0.0,0.4190460542144778,0.3571431779262595,0.3017501892607499,0.325229901708445,0.0,0.4090275602154564,0.409513032820852,0.4029108888582868,0.4442956191281516,0.3364426457830642,0.3377094691514539,0.3644692468402688,0.430915578623659,0.3638083678914012,0.4109956257402478,0.0,0.315813500349892
0.3491219134618475,0.3706718508841586,0.3326401851582206,0.2526231526755061,0.2726678296826381,0.3439535897415737,0.3603267174628268,0.3260535981967616,0.3436266641459379,0.3290252339496862,0.3036495168056572,0.240146344622039,0.3502116579466345,0.240075928730459,0.3869112755822234,0.3885784560342948,0.3487465240557824,0.3382713668528634,0.3399184826372922,0.4031475633735085,0.3856021841237873,0.3958802428003517,0.3569974880466199,0.3213712742296023,0.3485250509945725,0.3685613310251444,0.3728400334624314,0.3463805338537676,0.3681884678003485,0.3375769241916671,0.3887773795853571,0.0,0.3273505000946001,0.3823233910581075,0.3518849196120489,0.2341329197212583,0.294682495639297,0.2399419684982606,0.2964965345702008,0.2764782071721732,0.3216921985564566,0.3127664678989746,0.2786497517988823,0.2741949466001649,0.2623502986016772,0.3718693822518234,0.3931834384742704,0.3380346494458516,0.0,0.3290487204419093,0.4082664583651006,0.3719775531877938,0.4189958498978765,0.3598528883968193,0.3441401993835315,0.0,0.2726055429814086,0.4583506085603787,0.0,0.4281570139481579,0.3479490972803403,0.0,0.3217561415483267,0.0,0.4159254972359293,0.4191723472548695,0.4209021948660924,0.4289771317101425,0.3624524567924114,0.3380118147075726,0.4002703631588092,0.425974722121864,0.4422452649024371,0.4213288034627103,0.0,0.4195512810984459
0.2477033556558096,0.3019863869785787,0.2424214363726405,0.0,0.0,0.3165861029230691,0.340965599995002,0.3395625741900003,0.0,0.2435296086471605,0.0,0.2395174716571763,0.3234929556844552,0.0,0.3315347971308279,0.3197467749698132,0.2786737839842523,0.2936450744588547,0.0,0.3494380703271184,0.2897867105781866,0.3589780081914644,0.3215599889419825,0.2122977506812816,0.2534752687627735,0.2910438511695525,0.3467962866596714,0.3115802044224828,0.3101527209961261,0.0,0.2795931833965492,0.3273505000946001,0.0,0.2282770663839195,0.3753966234806234,0.2667858483121449,0.3692790136611761,0.1730471721844219,0.2927554606873577,0.2875484217804935,0.3280592924414702,0.3654357086860099,0.0,0.0,0.267685853601167,0.3343953386163515,0.3658963975410503,0.0,0.0,0.0,0.0,0.0,0.0,0.0,0.3081042135293138,0.0,0.3137329509957368,0.0,0.0,0.4189483055820227,0.3415885192591739,0.2863911480403318,0.3045789847130417,0.0,0.3745641703324351,0.3958976566338635,0.4042363536361481,0.4012476042934346,0.2900891891686216,0.3278495819263284,0.3436722403180602,0.4127209556773541,0.0,0.0,0.0,0.3232112628933231
0.2745900513174596,0.3255235865791572,0.3626379829822317,0.2735547009188777,0.3636136256946181,0.3583921983448856,0.3633812070316574,0.3913398856015095,0.3727036458384745,0.2599290334163961,0.3820873124110351,0.2403738518502408,0.3498984664063904,0.0,0.380952918714366,0.3390186370837479,0.2903283113866,0.318754103813636,0.3609687473635031,0.3899581585289969,0.3556198402086126,0.3687961613440552,0.3738288156147608,0.2329081082960286,0.2928377161068075,0.3218640027368382,0.3887735132721807,0.3298603326399395,0.3669353082202488,0.3171987262719669,0.267618438843909,0.3823233910581075,0.2282770663839195,0.0,0.3278148311956925,0.4034218462917375,0.3192574081053271,0.1959825965180468,0.3600077995620869,0.3125379614421891,0.3540015451212305,0.4052675293121696,0.3093847633273325,0.2669010847300008,0.0,0.3459324938302806,0.3727059391118288,0.0,0.0,0.0,0.384740641112725,0.313060914858451,0.4430945450315575,0.0,0.3295595857222789,0.0,0.3275163182857946,0.202339336363151,0.0,0.4236767288568824,0.353679241842266,0.3071492906777594,0.3344839351587397,0.0,0.421083909289615,0.4045693315811337,0.411431384414844,0.4478472886616921,0.3118616556431764,0.3387149456629348,0.3721137488000738,0.4312975751876209,0.2729111088294593,0.4098718675247818,0.0,0.3271560168161522
0.3308369625606193,0.3734192321825746,0.3619004868315469,0.272575964034442,0.0,0.3728808714291656,0.3827813224886313,0.3931453068996637,0.356431530311944,0.2757170937951808,0.3668272514696885,0.252606446718624,0.3768050370335273,0.0,0.4132641920759803,0.3789676851045683,0.3033334789164154,0.3263674731728433,0.0,0.4195282937107296,0.3963140025904942,0.4131296907412963,0.3809297799557587,0.2919700429774018,0.320195224071213,0.3651168982584555,0.4127275825955651,0.3354529453932319,0.3933237672813817,0.3065193961602055,0.3089144573550948,0.3518849196120489,0.3753966234806234,0.3278148311956925,0.0,0.3918495507834595,0.3197465824640764,0.2047932219945485,0.2972952554804547,0.3677936071098864,0.0,0.3587500549439411,0.2664536115495956,0.280122312602812,0.0,0.0,0.4022868938516922,0.0,0.0,0.0,0.0,0.0,0.0,0.0,0.0,0.0,0.3164948158067213,0.0,0.0,0.4402560128298526,0.3652156505017518,0.0,0.0,0.0,0.4138668784932856,0.0,0.4388271498683004,0.4528384697573673,0.0,0.3421355935582736,0.4089072491351519,0.4322870028784194,0.0,0.39158729324537,0.0,0.0
0.0,0.0,0.3390176083893406,0.1506214227879531,0.1838080343923907,0.3425771682247652,0.271223717120124,0.2259816648849859,0.3294594568338733,0.3130268068598844,0.2575764901934392,0.2858455367181862,0.3032997530682629,0.1859235430566546,0.4509828825784239,0.0,0.0,0.0,0.335928572027573,0.4333229336554664,0.0,0.4453992140748171,0.3275003549477138,0.3437196058168882,0.0,0.3767131982884448,0.352197719180541,0.2691141886388616,0.3572577411617904,0.0,0.3630136576175738,0.2341329197212583,0.2667858483121449,0.4034218462917375,0.3918495507834595,0.0,0.1982127345676872,0.2921797941565917,0.2958927368572263,0.0,0.3423283424577885,0.3195444479181833,0.0,0.27833421743021,0.0,0.0,0.0,0.412214238623856,0.0,0.3526745974030078,0.3836270996999471,0.3423273579886864,0.3908528429732011,0.4061968094740786,0.0,0.370358535579997,0.2692868620949664,0.3285842787884807,0.0,0.0,0.0,0.0,0.0,0.4007296673352149,0.3322455398144924,0.0,0.0,0.4016927082378001,0.0,0.0,0.0,0.3781294930732187,0.3508684882311381,0.3206761080992505,0.0,0.0
0.0,0.0,0.3306058753392229,0.2001957657545593,0.1804879049501152,0.3600140579388954,0.2820687862600826,0.2782861750153783,0.3409669760391984,0.2895348933807392,0.319645935661027,0.2898557540895309,0.3117754360098534,0.1487959382184109,0.0,0.0,0.0,0.0,0.3412938318921958,0.3876202128853927,0.0,0.4078303575601508,0.3531682542853586,0.0,0.0,0.0,0.3633251031625014,0.2822300129750583,0.3490023993140719,0.0,0.3339930023637817,0.294682495639297,0.3692790136611761,0.3192574081053271,0.3197465824640764,0.1982127345676872,0.0,0.2831570267405773,0.2814982488292045,0.0,0.2702603998335408,0.3167388667932007,0.252595701775975,0.0,0.0,0.0,0.0,0.0,0.0,0.0,0.0,0.0,0.0,0.0,0.0,0.0,0.0,0.0,0.0,0.0,0.0,0.0,0.0,0.0,0.0,0.0,0.0,0.3121886285565572,0.0,0.0,0.0,0.0,0.0,0.0,0.0,0.0
0.0,0.0,0.0,0.2687994413611285,0.3712421737150926,0.3063037734745842,0.3421210036076659,0.0,0.2989496747765407,0.2327162908715886,0.3285695041308861,0.2155658797533991,0.3290244616731401,0.0,0.0,0.0,0.239333661728289,0.0,0.3219588819343774,0.0,0.0,0.0,0.2828157933779939,0.2001116111520479,0.250302758862076,0.2313553405933349,0.280384840764163,0.3225752507000664,0.0,0.0,0.2640066084936921,0.2399419684982606,0.1730471721844219,0.1959825965180468,0.2047932219945485,0.2921797941565917,0.2831570267405773,0.0,0.2240043245467851,0.2577781520303719,0.2371770984896361,0.0,0.0,0.0,0.2736277067451322,0.0,0.0,0.0,0.0,0.0,0.0,0.0,0.0,0.0,0.3123801188584402,0.0,0.322555715607112,0.0,0.0,0.0,0.0,0.0,0.0,0.0,0.0,0.0,0.0,0.0,0.2771983223548559,0.0,0.3259745330837624,0.0,0.0,0.0,0.0,0.0
0.3739700703567904,0.3870800201783009,0.4435188201146155,0.0,0.3231052257827397,0.4425925775668774,0.3254098013662748,0.4348003564686004,0.4308810751059157,0.3620781375063546,0.354239639665398,0.2480143748174489,0.4258957665479626,0.4025775448121952,0.4136287022281741,0.3779532442284479,0.0,0.3715172965148741,0.4173288941126213,0.4309973902247961,0.4233332798855807,0.4193505119150886,0.4386799846865446,0.3845793252942049,0.3670461267487953,0.3726199660892318,0.4259303526873725,0.4138146206652405,0.4200440069966716,0.0,0.4050922492469292,0.2964965345702008,0.2927554606873577,0.3600077995620869,0.2972952554804547,0.2958927368572263,0.2814982488292045,0.2240043245467851,0.0,0.2962742342740834,0.3637880816193497,0.3602527513759009,0.2362314794179838,0.2988991172403169,0.2573283301921388,0.3532292090095509,0.3753930597456397,0.367635766297726,0.2510659943001089,0.2466517912036426,0.353154593244355,0.3165507821713166,0.3230212283424,0.3609254675764266,0.309445551506097,0.2852994185958589,0.2622435804935086,0.3448616328317058,0.2464644937277373,0.3869694750974671,0.3745704384987114,0.3353396947967195,0.3586778241389563,0.3404539410363144,0.3894894271169113,0.3724562810010617,0.3975567432622231,0.3445854558603646,0.335701434884362,0.3387625757792898,0.3560957816168345,0.3639422901224315,0.3276160918065394,0.3672113943700565,0.3659193774590327,0.3666949469371144
0.3411320009824293,0.3617067924700342,0.0,0.0,0.0,0.0,0.0,0.0,0.0,0.3060977639405844,0.0,0.3070868459194225,0.0,0.0,0.4193682963069021,0.3400222001121608,0.3128348067937532,0.3334173728831356,0.0,0.3719135631030402,0.3217525901358706,0.3939844545068644,0.0,0.3121028463131135,0.3242165173345975,0.3217948264208578,0.0,0.0,0.3301007638591469,0.0,0.3290761107207094,0.2764782071721732,0.2875484217804935,0.3125379614421891,0.3677936071098864,0.0,0.0,0.2577781520303719,0.2962742342740834,0.0,0.2321563662846688,0.3412348735429206,0.3881965383202251,0.2792294573832529,0.1909066169104393,0.2703195553615777,0.278442201638664,0.2347738812787418,0.0,0.0,0.2987331822052723,0.347837873685923,0.0,0.3291180505195725,0.2464316164980415,0.0,0.2507690338639842,0.2963672443206051,0.0,0.3228701733032053,0.3075614451195271,0.2574930979305019,0.2808582009509232,0.0,0.3010211027324715,0.2540696618330931,0.3302462134065175,0.3081897415206269,0.2157130792885699,0.2526048970241089,0.2700236251266937,0.3052327402606326,0.3110886470141116,0.3176514176919165,0.0,0.262656925419815
