0.0,0.2534785567028027,0.0,0.0,0.0,0.2469524214389322,0.0,0.3238023656879423,0.0,0.2422905578043385,0.0,0.2502621681624585,0.0,0.0,0.2804689297398025,0.2612093317992287,0.2560379839011387,0.260257572811244,0.0,0.2733942646917398,0.2836092418789979,0.2672632419979189,0.292773094708999,0.257220652776461,0.2526690090973824,0.246892833427554,0.2700119883244999,0.2592966422033915,0.268072181764742,0.0,0.2426516262548149,0.2780151407492783,0.2250917758226434,0.2264381811348542,0.25627186269155,0.0,0.0,0.0,0.3053646487319488,0.2670356316790416,0.2773377509451049,0.0,0.0,0.0,0.0,0.2750638122376657,0.2887475019490925,0.0,0.0,0.0,0.0,0.0,0.0,0.0,0.268080417023002,0.0,0.0,0.0,0.0,0.0,0.3030245453526834,0.0,0.2756412858981059,0.0,0.0,0.2498621683001523,0.3157865706652684,0.0,0.0,0.2647021770559017,0.2901307941928657,0.0,0.0,0.0,0.0,0.0
0.2534785567028027,0.0,0.0,0.0,0.2777887241364689,0.2770870140473862,0.3146096973179152,0.3011363321053741,0.2766895645228287,0.0,0.0,0.0,0.3050240239851107,0.0,0.2882426033752798,0.2745874009778046,0.0,0.2737457065546542,0.0,0.2923745869299085,0.2916532395486766,0.2700503620039988,0.2808899374198989,0.0,0.2488878734361921,0.2535574461755236,0.2860217067972997,0.3008874692804602,0.2849030013054957,0.0,0.2586247337768166,0.2915342042781239,0.2443399918219327,0.2545455842251653,0.303564953162071,0.0,0.0,0.0,0.3104233059245576,0.2961698116889742,0.3024088072633383,0.3254922483913969,0.0,0.0,0.0,0.2870507084317606,0.3014678792855652,0.0,0.0,0.0,0.0,0.0,0.0,0.0,0.0,0.0,0.0,0.0,0.0,0.3324039798140624,0.3099090506555167,0.0,0.2860044090086768,0.0,0.2988952918588419,0.3346526467923443,0.3207229974902151,0.2886197527463318,0.0,0.2717051291363825,0.3079689951276198,0.2964141078743618,0.0,0.3017916866674792,0.0,0.2989244422966778
0.0,0.0,0.0,0.0,0.2841482060277215,0.283032461951902,0.2979954469849037,0.3226375684917908,0.1896668837318866,0.0,0.2440247768722717,0.0,0.289439591846224,0.2888300370299384,0.0,0.0,0.0,0.0,0.1972886791237723,0.0,0.0,0.0,0.267517837297478,0.0,0.0,0.0,0.2063232795577127,0.2940713343818576,0.0,0.2783951076412176,0.2927338042200402,0.2912651129790581,0.0,0.2806390350389766,0.2907678676355663,0.3046431621126632,0.2782883527622636,0.0,0.3331979804125646,0.0,0.0,0.0,0.3394130863633609,0.0,0.0,0.0,0.0,0.4024458317723638,0.0,0.3381029611522843,0.3658865771926142,0.0,0.3780887527363598,0.3863271053364848,0.0,0.3852998812253425,0.0,0.0,0.3693274204038635,0.0,0.0,0.0,0.0,0.4269352986720807,0.0,0.0,0.0,0.3828647930976525,0.0,0.0,0.0,0.386592133954445,0.0,0.0,0.0,0.0
0.0,0.0,0.0,0.0,0.1604031169309408,0.2613357749046185,0.1841290882716242,0.2542171045620742,0.2431910955804814,0.0,0.2219206799452772,0.0,0.2100229974236974,0.1763706817930545,0.0,0.0,0.0,0.0,0.24948536983578,0.0,0.0,0.0,0.268503366633713,0.0,0.0,0.0,0.2535990101718131,0.1788076088936797,0.0,0.0,0.0,0.1990659513979362,0.0,0.1646786489776286,0.1573392564444016,0.13370803953891,0.1284996697431613,0.0,0.0,0.0,0.0,0.0,0.0,0.0,0.0,0.0,0.0,0.0,0.0,0.0,0.0,0.0,0.0,0.0,0.0,0.0,0.0,0.0,0.0,0.0,0.0,0.0,0.0,0.0,0.0,0.0,0.0,0.0,0.0,0.0,0.0,0.0,0.0,0.0,0.0,0.0
0.0,0.2777887241364689,0.2841482060277215,0.1604031169309408,0.0,0.2692237814478607,0.2440176573087448,0.2945211368788599,0.2438153978639035,0.3077586177612314,0.2313877922024993,0.259935631940266,0.2562594661631902,0.1938325038350578,0.0,0.0,0.0,0.0,0.265638821696087,0.2921346263112777,0.0,0.3056218721200395,0.2814818504816407,0.0,0.2723912003837369,0.0,0.2836887990967243,0.2402124464601983,0.2802207059429532,0.0,0.2915233421104429,0.2560897755138556,0.2485478623472849,0.2865958580899037,0.2818929940446966,0.15748236861716,0.1522817956489053,0.2331506714760973,0.0,0.0,0.0,0.0,0.2758050847284322,0.0,0.0,0.0,0.0,0.3446059908243005,0.0,0.0,0.0,0.0,0.3249705030582162,0.3182297005243008,0.0,0.3126449345763732,0.0,0.0,0.0,0.0,0.0,0.0,0.0,0.0,0.0,0.0,0.0,0.3434779198381848,0.0,0.0,0.0,0.3343359251955882,0.0,0.0,0.0,0.0
0.2469524214389322,0.2770870140473862,0.283032461951902,0.2613357749046185,0.2692237814478607,0.0,0.2897582965529007,0.2822505796222051,0.2249082740714148,0.2706944450171409,0.2590876403811095,0.0,0.2689019535263324,0.2761063821562713,0.2689983873591667,0.2804681503785789,0.0,0.2776824021378016,0.2611776454876133,0.2774947212671141,0.2509398616756347,0.2912661405400729,0.2580335734690227,0.0,0.2705864779528094,0.279625379037948,0.2433583341853213,0.2485318490426772,0.2229208563067998,0.2645184851307862,0.2820254077629386,0.2845501033007279,0.2510047206593071,0.2831316342232082,0.2977586153293141,0.2845458622713872,0.28078924138948,0.0,0.3263785767756507,0.0,0.3214447636240589,0.2927914370582494,0.3163082268622764,0.0,0.0,0.0,0.0,0.3720809299324084,0.0,0.0,0.3257660017330613,0.325529527526785,0.3127070780096647,0.3601544756773119,0.0,0.3422424093057847,0.0,0.3133287705676618,0.0,0.279193200905944,0.0,0.0,0.0,0.3602821225182526,0.2787181483464193,0.2669886292716225,0.280043832931492,0.3282580742698452,0.0,0.0,0.0,0.3316879040697311,0.3208332487878271,0.3109473673512544,0.0,0.3288877177724629
0.0,0.3146096973179152,0.2979954469849037,0.1841290882716242,0.2440176573087448,0.2897582965529007,0.0,0.3048731251677362,0.2769169227968732,0.3423463544419174,0.294088635818123,0.2488398470053854,0.2292539910335373,0.2328661844577872,0.0,0.3389156695930669,0.2733148239066225,0.3133464278609738,0.2965868192560863,0.3045341363428728,0.0,0.3184379907916579,0.2850091198468641,0.2923528421393412,0.3138308429105608,0.2869771277082602,0.2961611040194922,0.2455347770612222,0.2938893493894767,0.0,0.2837670762914016,0.2623387425255725,0.2433320780015542,0.2734974784035824,0.2684909396940617,0.2041009879755375,0.2037393326124588,0.2512036175529737,0.0,0.0,0.0,0.0,0.0,0.0,0.0,0.0,0.0,0.0,0.0,0.0,0.2981445632766458,0.0,0.0,0.0,0.0,0.0,0.0,0.0,0.0,0.0,0.0,0.0,0.0,0.0,0.0,0.0,0.0,0.3392257964620259,0.0,0.0,0.0,0.3324397413963308,0.0,0.0,0.0,0.0
0.3238023656879423,0.3011363321053741,0.3226375684917908,0.2542171045620742,0.2945211368788599,0.2822505796222051,0.3048731251677362,0.0,0.329351217067043,0.2857393545230398,0.234583357153459,0.0,0.2960680750924758,0.2749791983857756,0.2670801552167158,0.2951427017185463,0.0,0.3059506763855067,0.3136080747858773,0.2679953492105799,0.2602245664144511,0.2889735144206697,0.2434215551361472,0.3438979318586745,0.3213366723151077,0.3123203332759539,0.2830928050580109,0.2875130726041058,0.2715251806490906,0.2735598610346961,0.2882992819993378,0.2649258949106726,0.3186011587976362,0.2974686173802,0.3058301269830636,0.2241102661599227,0.2615564885191109,0.0,0.324378462307969,0.0,0.3305090630947991,0.0,0.3019182703323706,0.0,0.0,0.0,0.0,0.3572443902455482,0.0,0.3168508928400698,0.3211443267028315,0.323094520329631,0.2999093094076214,0.3582684016087603,0.0,0.3207028929221561,0.0,0.3186717607820024,0.3375604414445317,0.0,0.0,0.0,0.0,0.3516045377765238,0.3272335904212617,0.0,0.0,0.3273209045772295,0.0,0.0,0.0,0.3368212839337018,0.3225475663366665,0.3075431808987697,0.0,0.3280849422372611
0.0,0.2766895645228287,0.1896668837318866,0.2431910955804814,0.2438153978639035,0.2249082740714148,0.2769169227968732,0.329351217067043,0.0,0.2973372442427208,0.2221477426545686,0.2396189477676256,0.2751335696550028,0.2814744108270088,0.0,0.0,0.0,0.0,0.1897895604428549,0.2869882154161065,0.0,0.2900404084534592,0.2859437991721671,0.0,0.0,0.0,0.2353749613700863,0.2890037227708448,0.2641891483110643,0.2789209850454734,0.2937024948461932,0.2818486512717646,0.0,0.2873458109832472,0.2856904601432822,0.2846698464751687,0.2665762827658984,0.2404189753036018,0.3217305000284624,0.0,0.0,0.0,0.3385921813515242,0.0,0.0,0.0,0.0,0.3813553847723064,0.0,0.0,0.3585110577039563,0.0,0.3715139555937206,0.3618413654083111,0.0,0.3619312575377583,0.0,0.0,0.3564843669963895,0.0,0.0,0.0,0.0,0.3737386351948399,0.0,0.0,0.0,0.3679762031428561,0.0,0.0,0.0,0.370611402488665,0.0,0.0,0.0,0.0
0.2422905578043385,0.0,0.0,0.0,0.3077586177612314,0.2706944450171409,0.3423463544419174,0.2857393545230398,0.2973372442427208,0.0,0.28573898309576,0.1985000450379556,0.2987053556370603,0.0,0.0,0.2476448002121656,0.2163484282627113,0.236528404755348,0.2935111322727722,0.0,0.0,0.2597711069043334,0.2679647498787222,0.2231565421734105,0.2176981846213103,0.2120910977764987,0.276879758758619,0.3012939919829944,0.0,0.0,0.2374509301801237,0.2071221571090277,0.2092849858624837,0.2101103993825334,0.2193531422161264,0.2661550782761535,0.1970701273761038,0.1901653800486295,0.2929623316961873,0.2294535879622097,0.2388991375925655,0.0,0.0,0.0,0.2249485214047946,0.0,0.0,0.0,0.0,0.0,0.0,0.0,0.0,0.0,0.2797245247306314,0.0,0.2798544099394975,0.0,0.0,0.0,0.0,0.2881954755090457,0.2763569771257608,0.0,0.0,0.0,0.0,0.0,0.2841064154683695,0.298407788706174,0.2960795718871875,0.0,0.0,0.0,0.0,0.2690260327708979
0.0,0.0,0.2440247768722717,0.2219206799452772,0.2313877922024993,0.2590876403811095,0.294088635818123,0.234583357153459,0.2221477426545686,0.28573898309576,0.0,0.2547060063182191,0.2862636185840413,0.1952689707834851,0.0,0.0,0.0,0.0,0.2100637630204996,0.0,0.0,0.0,0.2086575886416657,0.0,0.0,0.0,0.266812065443609,0.2870809723481457,0.0,0.0,0.2999646145467868,0.2671257656172648,0.2645768426078014,0.2883619104239785,0.2893243208491159,0.2087783711172465,0.2672109622771186,0.2441656079262499,0.2568693119329267,0.0,0.0,0.0,0.2772769397563343,0.0,0.0,0.0,0.0,0.3525505285468649,0.0,0.2866511226753948,0.3139661336090096,0.3064157891276328,0.293519437796911,0.3366227756470473,0.0,0.2901704181624106,0.0,0.2789738076606954,0.3104801145406295,0.0,0.0,0.0,0.0,0.3547543624290865,0.0,0.0,0.0,0.313272344608686,0.0,0.0,0.0,0.3324582852729775,0.0,0.0,0.0,0.0
0.2502621681624585,0.0,0.0,0.0,0.259935631940266,0.0,0.2488398470053854,0.0,0.2396189477676256,0.1985000450379556,0.2547060063182191,0.0,0.2455007108429668,0.0,0.0,0.0,0.2413529043726174,0.2444839701730118,0.0,0.0,0.0,0.0,0.0,0.1934747099131395,0.2351435096234134,0.2066170715269208,0.0,0.243599981358412,0.0,0.0,0.2445915224173666,0.1914935313196702,0.1769605615086916,0.1808176957388303,0.1926436111185157,0.2139629592542122,0.1933638218357858,0.1502482680017333,0.1916272174456826,0.206710788211948,0.2252379713631418,0.0,0.0,0.0,0.1984422720741551,0.0,0.0,0.0,0.0,0.0,0.0,0.0,0.0,0.0,0.2794346929485817,0.0,0.2762098683804421,0.0,0.0,0.0,0.0,0.2665489446690482,0.2796855071752145,0.0,0.0,0.0,0.0,0.0,0.2768007868897989,0.3013929248033113,0.2976843206021629,0.0,0.0,0.0,0.0,0.2691833413586184
0.0,0.3050240239851107,0.289439591846224,0.2100229974236974,0.2562594661631902,0.2689019535263324,0.2292539910335373,0.2960680750924758,0.2751335696550028,0.2987053556370603,0.2862636185840413,0.2455007108429668,0.0,0.2718074048381564,0.2949955518460243,0.318476263934577,0.290809669795546,0.3136783690895592,0.2885425291379059,0.2988086821277185,0.2902907740737536,0.3143087905942052,0.2782514999345271,0.2776273337719471,0.3019033543662771,0.2897400335450567,0.290573205917628,0.2349376972504651,0.2719305178131532,0.2776477257132972,0.2707297114365868,0.2712246567979843,0.2741856326019135,0.2686284626467058,0.2659183411573009,0.2310709798240645,0.2245134947402952,0.2406572073453704,0.3333942937476221,0.0,0.0,0.0,0.2123773406955538,0.0,0.0,0.0,0.0,0.3297713555675086,0.0,0.0,0.2897163519147721,0.0,0.3139237860135177,0.0,0.0,0.0,0.0,0.0,0.0,0.0,0.0,0.0,0.0,0.0,0.0,0.0,0.0,0.3339990867574748,0.0,0.0,0.0,0.3340072157956765,0.0,0.2846933887208434,0.0,0.0
0.0,0.0,0.2888300370299384,0.1763706817930545,0.1938325038350578,0.2761063821562713,0.2328661844577872,0.2749791983857756,0.2814744108270088,0.0,0.1952689707834851,0.0,0.2718074048381564,0.0,0.0,0.0,0.0,0.0,0.2655157903230737,0.0,0.0,0.0,0.2637991593336421,0.0,0.0,0.0,0.3118236905761107,0.190518306797651,0.0,0.0,0.0,0.1847301209231786,0.0,0.0,0.0,0.1496186942801655,0.1052099716874925,0.0,0.0,0.0,0.0,0.0,0.2836161378086989,0.0,0.0,0.0,0.0,0.3300984863678126,0.0,0.0,0.0,0.0,0.0,0.32582277063461,0.0,0.3005493511790909,0.0,0.0,0.0,0.0,0.0,0.0,0.0,0.0,0.0,0.0,0.0,0.3112927038462809,0.0,0.0,0.0,0.0,0.0,0.0,0.0,0.0
0.2804689297398025,0.2882426033752798,0.0,0.0,0.0,0.2689983873591667,0.0,0.2670801552167158,0.0,0.0,0.0,0.0,0.2949955518460243,0.0,0.0,0.2889054068340185,0.0,0.2875200680431429,0.0,0.2057667085384901,0.26611616969744,0.2162127640922497,0.2229961132986788,0.2955477968315125,0.285252446157292,0.2480830495559531,0.2636916087275256,0.2812134026107449,0.2654385251306933,0.0,0.2711621925380589,0.3020396104515641,0.2587371031827158,0.2796404030843878,0.3223801736076285,0.0,0.0,0.0,0.3328997080415142,0.323659062066425,0.3187616664135643,0.3434436873862813,0.0,0.0,0.0,0.0,0.3261805220279128,0.0,0.0,0.0,0.2993961660947188,0.0,0.0,0.0,0.0,0.0,0.0,0.0,0.0,0.2356020234415307,0.3101049906670204,0.0,0.0,0.0,0.3143806059307054,0.3243917793471838,0.3262239616775228,0.3173133606325966,0.0,0.0,0.3619899499993368,0.3193833444837816,0.29567581553542,0.3146375212407716,0.0,0.3055455347937395
0.2612093317992287,0.2745874009778046,0.0,0.0,0.0,0.2804681503785789,0.3389156695930669,0.2951427017185463,0.0,0.2476448002121656,0.0,0.0,0.318476263934577,0.0,0.2889054068340185,0.0,0.2496759239891411,0.2152244902867509,0.0,0.2739758633442651,0.2880648066102575,0.2625048869646734,0.2906244319942401,0.2462066050370542,0.2533414097787879,0.28112798432178,0.2848873074742472,0.3035963795162896,0.2907235294929227,0.2798747717605931,0.2665127759158601,0.3074884427305412,0.256852940080092,0.2612295979844478,0.2954808449488105,0.0,0.0,0.0,0.3060769009475779,0.288586289905425,0.2971656296556628,0.313923861576445,0.0,0.0,0.0,0.2945159596234483,0.2936785086119759,0.0,0.0,0.0,0.0,0.0,0.0,0.0,0.0,0.0,0.0,0.0,0.0,0.3307945419500034,0.3045406679490856,0.0,0.2794702258549739,0.0,0.2867089967493075,0.2986557361449584,0.3176138598371598,0.0,0.0,0.2748365270156296,0.2989772019404481,0.0,0.0,0.0,0.0,0.2927780160133885
0.2560379839011387,0.0,0.0,0.0,0.0,0.0,0.2733148239066225,0.0,0.0,0.2163484282627113,0.0,0.2413529043726174,0.290809669795546,0.0,0.0,0.2496759239891411,0.0,0.2087496624970253,0.0,0.2510934037146711,0.0,0.2768903065920143,0.0,0.249732697591771,0.209627654467872,0.2381879458205117,0.0,0.2908468866731267,0.0,0.0,0.2379688203494716,0.2755406429018232,0.236035806117881,0.2397219288234281,0.2459484039190351,0.0,0.0,0.2166962688451892,0.0,0.2696913725449186,0.2681333963890123,0.0,0.0,0.0,0.0,0.0,0.0,0.0,0.0,0.0,0.0,0.0,0.0,0.0,0.293367249698972,0.0,0.2842128399421236,0.0,0.0,0.0,0.0,0.2851884363294673,0.2895197120025484,0.0,0.0,0.0,0.0,0.0,0.2918022115198861,0.2965045374946172,0.3013186659362839,0.0,0.0,0.0,0.0,0.0
0.260257572811244,0.2737457065546542,0.0,0.0,0.0,0.2776824021378016,0.3133464278609738,0.3059506763855067,0.0,0.236528404755348,0.0,0.2444839701730118,0.3136783690895592,0.0,0.2875200680431429,0.2152244902867509,0.2087496624970253,0.0,0.0,0.2834667292497941,0.2858857745539033,0.2806803354899292,0.2853780676671695,0.2529307886311713,0.2273903936919831,0.2561691411764061,0.2890756882284332,0.3033993209874502,0.2998784270461473,0.0,0.2575976367941231,0.2932629304677553,0.2437272946837671,0.258776213890376,0.259394723108409,0.0,0.0,0.0,0.2944939587139597,0.2716961264276981,0.2823092451071777,0.2849590909012913,0.0,0.0,0.0,0.286945733779195,0.2755651436253055,0.0,0.0,0.0,0.0,0.0,0.0,0.0,0.2865281910025382,0.0,0.2914903669293465,0.0,0.0,0.0,0.2832834511573971,0.2897849817070315,0.2812941477151634,0.0,0.0,0.0,0.3106351779683053,0.0,0.297110249873212,0.2824824370419911,0.2944849016837316,0.0,0.0,0.0,0.0,0.2811751550574231
0.0,0.0,0.1972886791237723,0.24948536983578,0.265638821696087,0.2611776454876133,0.2965868192560863,0.3136080747858773,0.1897895604428549,0.2935111322727722,0.2100637630204996,0.0,0.2885425291379059,0.2655157903230737,0.0,0.0,0.0,0.0,0.0,0.0,0.0,0.0,0.2806958315758749,0.0,0.0,0.0,0.237147281628553,0.291493463803892,0.0,0.0,0.2905256682512278,0.2828619215100031,0.0,0.2708367513183664,0.2909625289199146,0.2890061258549625,0.2801921009645794,0.0,0.3252691137179713,0.0,0.0,0.0,0.3290808101230588,0.0,0.0,0.0,0.0,0.4029028862359953,0.0,0.0,0.3698409750088259,0.0,0.37008373582081,0.3774443341894256,0.0,0.2644593432341457,0.0,0.0,0.353827930455847,0.0,0.0,0.0,0.0,0.3860337241936651,0.0,0.0,0.0,0.376896642627501,0.0,0.0,0.0,0.3931944388751156,0.0,0.0,0.0,0.0
0.2733942646917398,0.2923745869299085,0.0,0.0,0.2921346263112777,0.2774947212671141,0.3045341363428728,0.2679953492105799,0.2869882154161065,0.0,0.0,0.0,0.2988086821277185,0.0,0.2057667085384901,0.2739758633442651,0.2510934037146711,0.2834667292497941,0.0,0.0,0.2795362969095889,0.233160787404227,0.1986656254673033,0.0,0.2882298025824958,0.2860278098598338,0.2125651976992739,0.26439971573825,0.2199176367843967,0.1923399432630517,0.2532100547673165,0.3077653228043921,0.2580099724357245,0.2796006042355123,0.324257363764985,0.3229729796363246,0.0,0.0,0.3258939309413464,0.2866682028118537,0.2886288642170692,0.3283798901941803,0.0,0.0,0.0,0.0,0.2665702052838083,0.0,0.0,0.0,0.2864685703151813,0.0,0.2829468342235297,0.0,0.0,0.0,0.0,0.0,0.0,0.2622855221464383,0.0,0.0,0.0,0.0,0.3066868010965323,0.2943387513289217,0.3023022645825962,0.3039012468757655,0.0,0.0,0.2995510762417437,0.319113426947065,0.3079758579180474,0.3025556490915014,0.0,0.3039717613653178
0.2836092418789979,0.2916532395486766,0.0,0.0,0.0,0.2509398616756347,0.0,0.2602245664144511,0.0,0.0,0.0,0.0,0.2902907740737536,0.0,0.26611616969744,0.2880648066102575,0.0,0.2858857745539033,0.0,0.2795362969095889,0.0,0.2932644041132193,0.2536217798206041,0.3276859450782612,0.2795685951539587,0.2746130595621703,0.2709130856311412,0.2861241083962137,0.2696138725906115,0.2730466417211187,0.2725620583543918,0.3072461105092995,0.2635705313948624,0.2794918605748561,0.3400317248378459,0.2927603851173179,0.0,0.0,0.3280107557896441,0.3073600027343614,0.3098200501091586,0.3422879183427235,0.0,0.0,0.0,0.255362304232873,0.3056086859637977,0.0,0.0,0.0,0.2871606653652692,0.0,0.2645063344601546,0.0,0.0,0.0,0.0,0.0,0.0,0.3157706526833811,0.322582175060792,0.0,0.0,0.0,0.2925961015293536,0.2777919586502731,0.3074144998177299,0.2978053581838872,0.0,0.2511957258017399,0.3465816691205134,0.3036421210220283,0.3047250995562214,0.3068322510078268,0.0,0.2923872973934772
0.2672632419979189,0.2700503620039988,0.0,0.0,0.3056218721200395,0.2912661405400729,0.3184379907916579,0.2889735144206697,0.2900404084534592,0.2597711069043334,0.0,0.0,0.3143087905942052,0.0,0.2162127640922497,0.2625048869646734,0.2768903065920143,0.2806803354899292,0.0,0.233160787404227,0.2932644041132193,0.0,0.2584009977964738,0.0,0.2759826217690505,0.2797537255608923,0.2898874374390294,0.2901331671761738,0.2651749724227218,0.2281841692428967,0.2655275834063041,0.3118596765960153,0.2622199504232052,0.2773495104195322,0.3261325747693384,0.0,0.3104882800332411,0.0,0.3277332295272396,0.3183790975267327,0.3185992671511542,0.3445956405463264,0.0,0.0,0.0,0.2863083944304591,0.3097546406082136,0.0,0.0,0.0,0.2842636197700256,0.0,0.0,0.0,0.0,0.0,0.0,0.0,0.0,0.3048409119598226,0.3317349245775053,0.0,0.2520787122566231,0.0,0.3118376872451527,0.33038208476122,0.3224969673573959,0.3151781091729468,0.0,0.2592997020530018,0.3412358303599435,0.3069467534128628,0.0,0.309179816683152,0.0,0.304078359854828
0.292773094708999,0.2808899374198989,0.267517837297478,0.268503366633713,0.2814818504816407,0.2580335734690227,0.2850091198468641,0.2434215551361472,0.2859437991721671,0.2679647498787222,0.2086575886416657,0.0,0.2782514999345271,0.2637991593336421,0.2229961132986788,0.2906244319942401,0.0,0.2853780676671695,0.2806958315758749,0.1986656254673033,0.2536217798206041,0.2584009977964738,0.0,0.3191873980907919,0.2903069514247128,0.2915954752871879,0.2257846202111053,0.268748500208261,0.2598661903772533,0.2529399059060274,0.2673898666498782,0.274263636577408,0.2509285338573422,0.2805414909411028,0.2859239104310385,0.2725868359193466,0.2623933274475905,0.0,0.3278938806513213,0.3295598866780458,0.3381272713999524,0.3244936002315902,0.3182264454611402,0.0,0.0,0.0,0.2708392149808376,0.3867380589140321,0.0,0.323521274390196,0.3240789538982427,0.339803893678848,0.3290502919502731,0.3725675924595368,0.0,0.3644919212293952,0.0,0.3301659201177511,0.3497010013827829,0.3128394499811094,0.0,0.0,0.0,0.3786981621190336,0.3130939915807397,0.3050255077913609,0.3017743363688711,0.3358204928941325,0.0,0.0,0.2941143469885198,0.3356773596134478,0.3291196258239977,0.3176362507331555,0.3326037174969753,0.3316911431241283
0.257220652776461,0.0,0.0,0.0,0.0,0.0,0.2923528421393412,0.3438979318586745,0.0,0.2231565421734105,0.0,0.1934747099131395,0.2776273337719471,0.0,0.2955477968315125,0.2462066050370542,0.249732697591771,0.2529307886311713,0.0,0.0,0.3276859450782612,0.0,0.3191873980907919,0.0,0.2381001417250073,0.2281432018963668,0.2494552917742246,0.2820150794879005,0.0,0.0,0.2498823273091195,0.2413532902088554,0.162951417508352,0.1868052349623488,0.2139247529691642,0.2552302687269138,0.0,0.1658000108049552,0.0,0.2172161375307969,0.2601978893427972,0.0,0.0,0.0,0.2008402107766055,0.2603786502857729,0.0,0.0,0.0,0.0,0.0,0.0,0.0,0.0,0.2738419032454846,0.0,0.2619437090473074,0.0,0.0,0.0,0.0,0.3119649376820781,0.2948961315948464,0.0,0.0,0.0,0.0,0.0,0.3014027472310986,0.2945455897481634,0.3068634369982692,0.0,0.0,0.0,0.0,0.2951612762269674
0.2526690090973824,0.2488878734361921,0.0,0.0,0.2723912003837369,0.2705864779528094,0.3138308429105608,0.3213366723151077,0.0,0.2176981846213103,0.0,0.2351435096234134,0.3019033543662771,0.0,0.285252446157292,0.2533414097787879,0.209627654467872,0.2273903936919831,0.0,0.2882298025824958,0.2795685951539587,0.2759826217690505,0.2903069514247128,0.2381001417250073,0.0,0.2418468423359083,0.2794625518539517,0.2966141042064369,0.2904528425367669,0.0,0.2510395454147095,0.2723071396078848,0.2195080062430909,0.2402642556939781,0.2508672922371086,0.0,0.0,0.223141790239198,0.2954364277915076,0.2725417749436861,0.283239043954135,0.2932047957856839,0.0,0.0,0.0,0.2852992066662572,0.2817154831177397,0.0,0.0,0.0,0.0,0.0,0.0,0.0,0.2988653293864758,0.0,0.2978569484981366,0.0,0.0,0.0,0.2877644036044986,0.2982860498394898,0.282359679639198,0.0,0.0,0.2645785617170335,0.3038516837823915,0.0,0.2938715913824813,0.281942085666571,0.2931860833370491,0.0,0.0,0.0,0.0,0.2823547241384124
0.246892833427554,0.2535574461755236,0.0,0.0,0.0,0.279625379037948,0.2869771277082602,0.3123203332759539,0.0,0.2120910977764987,0.0,0.2066170715269208,0.2897400335450567,0.0,0.2480830495559531,0.28112798432178,0.2381879458205117,0.2561691411764061,0.0,0.2860278098598338,0.2746130595621703,0.2797537255608923,0.2915954752871879,0.2281432018963668,0.2418468423359083,0.0,0.2960438220031074,0.2782973848223065,0.2788690121290341,0.0,0.2535642602468629,0.2883793881860281,0.236068220896079,0.2523536978948786,0.2792278981942037,0.0,0.0,0.2276102342642523,0.3264879123865929,0.30363638194452,0.3141390666697569,0.3442559775341181,0.0,0.0,0.2630941404431139,0.3076658840316251,0.3165768296864756,0.0,0.0,0.0,0.0,0.0,0.0,0.0,0.2877580266089767,0.0,0.2870469857535178,0.0,0.0,0.3545511441566375,0.3258192988615732,0.3042165849241062,0.2903256143099166,0.0,0.3126186934352653,0.3436282650252251,0.3359433605308197,0.3252838386307891,0.3035763342003442,0.2913973517084907,0.3157919475966476,0.312919280139799,0.0,0.3117608538175807,0.0,0.3107796262569125
0.2700119883244999,0.2860217067972997,0.2063232795577127,0.2535990101718131,0.2836887990967243,0.2433583341853213,0.2961611040194922,0.2830928050580109,0.2353749613700863,0.276879758758619,0.266812065443609,0.0,0.290573205917628,0.3118236905761107,0.2636916087275256,0.2848873074742472,0.0,0.2890756882284332,0.237147281628553,0.2125651976992739,0.2709130856311412,0.2898874374390294,0.2257846202111053,0.2494552917742246,0.2794625518539517,0.2960438220031074,0.0,0.2773120168134759,0.2434320144035098,0.2599042222344021,0.267949902565395,0.2939602771689225,0.2674072656242451,0.285232947752586,0.314169447049597,0.3104131982303162,0.2770936990055586,0.0,0.3272587186411844,0.0,0.3239668542768984,0.327950695557986,0.3298309474022191,0.0,0.0,0.0,0.2476207587168276,0.3742752378559935,0.0,0.0,0.32239528374528,0.3230586373722358,0.3256254774304263,0.3643181627241897,0.0,0.3548202193625072,0.0,0.3025005412220392,0.3493605908560701,0.3111468560552035,0.0,0.0,0.0,0.361046431982663,0.3081409982792906,0.3050900368056669,0.293086926450389,0.3270377045382719,0.0,0.0,0.3027026158925466,0.3271938293945443,0.3160836546639149,0.3090295776128698,0.3204894111777151,0.3246473187637049
0.2592966422033915,0.3008874692804602,0.2940713343818576,0.1788076088936797,0.2402124464601983,0.2485318490426772,0.2455347770612222,0.2875130726041058,0.2890037227708448,0.3012939919829944,0.2870809723481457,0.243599981358412,0.2349376972504651,0.190518306797651,0.2812134026107449,0.3035963795162896,0.2908468866731267,0.3033993209874502,0.291493463803892,0.26439971573825,0.2861241083962137,0.2901331671761738,0.268748500208261,0.2820150794879005,0.2966141042064369,0.2782973848223065,0.2773120168134759,0.0,0.2311947377361795,0.2077289000034948,0.2483218186866994,0.2664118233516647,0.2524059683076274,0.255033907043429,0.2487705887112347,0.1800940177773514,0.1779291102964104,0.2334690091186526,0.3258312755158196,0.0,0.3005697488815333,0.248446697937568,0.2099710358861504,0.0,0.0,0.0,0.0,0.0,0.0,0.0,0.3031068840251553,0.0,0.2897105540949264,0.0,0.0,0.0,0.0,0.0,0.0,0.3030222434792967,0.0,0.0,0.0,0.0,0.3126339488242832,0.3003053197385419,0.0,0.3230527849629931,0.0,0.0,0.0,0.3214101686804194,0.3146441985733633,0.3129306413211387,0.0,0.2995239430033241
0.268072181764742,0.2849030013054957,0.0,0.0,0.2802207059429532,0.2229208563067998,0.2938893493894767,0.2715251806490906,0.2641891483110643,0.0,0.0,0.0,0.2719305178131532,0.0,0.2654385251306933,0.2907235294929227,0.0,0.2998784270461473,0.0,0.2199176367843967,0.2696138725906115,0.2651749724227218,0.2598661903772533,0.0,0.2904528425367669,0.2788690121290341,0.2434320144035098,0.2311947377361795,0.0,0.2409285999811744,0.2484184656798553,0.3042813118541035,0.2630888753100509,0.2706696247219894,0.3180526289572173,0.254181436050339,0.2688821689855981,0.0,0.3260772143885366,0.0,0.3155613494728228,0.3106934222084819,0.0,0.0,0.0,0.0,0.2640585936062373,0.0,0.0,0.0,0.2989325199036521,0.0,0.2954833836709578,0.0,0.0,0.0,0.0,0.2960476098008693,0.0,0.3113159427930502,0.0,0.0,0.0,0.0,0.3069052225827769,0.308443347294321,0.3098633526626005,0.3152046210657547,0.0,0.0,0.2790609609816671,0.3158863882439513,0.31861711618502,0.3105345911943563,0.0,0.3148173351068873
0.0,0.0,0.2783951076412176,0.0,0.0,0.2645184851307862,0.0,0.2735598610346961,0.2789209850454734,0.0,0.0,0.0,0.2776477257132972,0.0,0.0,0.2798747717605931,0.0,0.0,0.0,0.1923399432630517,0.2730466417211187,0.2281841692428967,0.2529399059060274,0.0,0.0,0.0,0.2599042222344021,0.2077289000034948,0.2409285999811744,0.0,0.1975413176314861,0.2766470727518577,0.0,0.2449589831837099,0.2581544066376869,0.0,0.0,0.0,0.3253391196982423,0.0,0.0,0.0,0.0,0.0,0.0,0.0,0.0,0.0,0.0,0.0,0.0,0.0,0.0,0.0,0.0,0.0,0.0,0.0,0.0,0.0,0.0,0.0,0.0,0.0,0.0,0.0,0.0,0.3182321460753597,0.0,0.0,0.0,0.3113857785407571,0.0,0.0,0.0,0.0
0.2426516262548149,0.2586247337768166,0.2927338042200402,0.0,0.2915233421104429,0.2820254077629386,0.2837670762914016,0.2882992819993378,0.2937024948461932,0.2374509301801237,0.2999646145467868,0.2445915224173666,0.2707297114365868,0.0,0.2711621925380589,0.2665127759158601,0.2379688203494716,0.2575976367941231,0.2905256682512278,0.2532100547673165,0.2725620583543918,0.2655275834063041,0.2673898666498782,0.2498823273091195,0.2510395454147095,0.2535642602468629,0.267949902565395,0.2483218186866994,0.2484184656798553,0.1975413176314861,0.0,0.2741581282950007,0.2131638604295622,0.1959239520766997,0.1989037450471071,0.2905270052198566,0.2156214077420886,0.2121001164482578,0.3070420351109921,0.2621169544999749,0.2948844233450233,0.0,0.0,0.0,0.0,0.2748013022033573,0.2844190171367194,0.0,0.0,0.0,0.3006543496355915,0.0,0.3136627796581231,0.0,0.2543589806059917,0.0,0.262105277546225,0.0,0.0,0.3139284713948921,0.2909038653754455,0.0,0.2853847926938989,0.0,0.3031648541870859,0.2961627944634492,0.3029801031245205,0.3273590903488724,0.2979884250427887,0.2856616902575657,0.2986750009002083,0.3199799596631515,0.2947229884918938,0.296554162843951,0.0,0.2713644047766493
0.2780151407492783,0.2915342042781239,0.2912651129790581,0.1990659513979362,0.2560897755138556,0.2845501033007279,0.2623387425255725,0.2649258949106726,0.2818486512717646,0.2071221571090277,0.2671257656172648,0.1914935313196702,0.2712246567979843,0.1847301209231786,0.3020396104515641,0.3074884427305412,0.2755406429018232,0.2932629304677553,0.2828619215100031,0.3077653228043921,0.3072461105092995,0.3118596765960153,0.274263636577408,0.2413532902088554,0.2723071396078848,0.2883793881860281,0.2939602771689225,0.2664118233516647,0.3042813118541035,0.2766470727518577,0.2741581282950007,0.0,0.2408441229066826,0.2439204493169051,0.2551166079870034,0.1883284599379316,0.2209235772887495,0.187477220753753,0.238198004624951,0.2645582160910859,0.2438873985939779,0.2390289229503577,0.20037155465922,0.1952313469871608,0.1866873595854174,0.2986208192958651,0.3026518680416038,0.3322926561441444,0.0,0.0,0.3202619704720168,0.0,0.3152180328582052,0.2832191655122118,0.2309716328921074,0.2753319598455631,0.2285531469535387,0.3065246222919849,0.0,0.3228621190862377,0.3197683211441527,0.0,0.2874923744764328,0.2869201288343203,0.3208351828670192,0.3286858497839381,0.3228051082875081,0.3278641306089139,0.0,0.277317903719193,0.3110379969693829,0.3264725507769342,0.3116847402138248,0.323906956528394,0.0,0.3213365068708096
0.2250917758226434,0.2443399918219327,0.0,0.0,0.2485478623472849,0.2510047206593071,0.2433320780015542,0.3186011587976362,0.0,0.2092849858624837,0.2645768426078014,0.1769605615086916,0.2741856326019135,0.0,0.2587371031827158,0.256852940080092,0.236035806117881,0.2437272946837671,0.0,0.2580099724357245,0.2635705313948624,0.2622199504232052,0.2509285338573422,0.162951417508352,0.2195080062430909,0.236068220896079,0.2674072656242451,0.2524059683076274,0.2630888753100509,0.0,0.2131638604295622,0.2408441229066826,0.0,0.1735504696935879,0.2235516800860281,0.1987458989213326,0.1967787031306017,0.145712523379533,0.247186357071533,0.1665468565064744,0.1857839538116372,0.1943518568011505,0.0,0.0,0.1584370379622895,0.2645997849736731,0.2796507241063761,0.0,0.0,0.0,0.0,0.0,0.0,0.0,0.2179582407077626,0.0,0.2123521996754104,0.0,0.0,0.3196728986213339,0.2959761697771044,0.27062122101279,0.2643637009161534,0.0,0.2808396573028996,0.3007019585797303,0.3089962537108316,0.0,0.2509726152422193,0.2721219465273665,0.2829208834002015,0.0,0.0,0.2960950207732743,0.0,0.2575482064485832
0.2264381811348542,0.2545455842251653,0.2806390350389766,0.1646786489776286,0.2865958580899037,0.2831316342232082,0.2734974784035824,0.2974686173802,0.2873458109832472,0.2101103993825334,0.2883619104239785,0.1808176957388303,0.2686284626467058,0.0,0.2796404030843878,0.2612295979844478,0.2397219288234281,0.258776213890376,0.2708367513183664,0.2796006042355123,0.2794918605748561,0.2773495104195322,0.2805414909411028,0.1868052349623488,0.2402642556939781,0.2523536978948786,0.285232947752586,0.255033907043429,0.2706696247219894,0.2449589831837099,0.1959239520766997,0.2439204493169051,0.1735504696935879,0.0,0.1860842370120827,0.2330246740321035,0.1707376946911479,0.1627953068963305,0.2438435359748755,0.2147195804252297,0.2255153362644056,0.2153864712278766,0.1745042820955152,0.0,0.1758877711262719,0.2600084904651838,0.2834312588355922,0.0,0.0,0.0,0.3043302131601405,0.0,0.3268824845180537,0.0,0.2353872399511342,0.0,0.2328285705497774,0.0,0.0,0.3192120001697551,0.2948440081062858,0.0,0.2779841761686102,0.0,0.3118928699075742,0.3084419281744003,0.3112527003570277,0.3300755063979221,0.2710501406130584,0.2769530167273116,0.2944251850583175,0.3294474986967518,0.3279408410590343,0.3191233347134195,0.0,0.2803912584895935
0.25627186269155,0.303564953162071,0.2907678676355663,0.1573392564444016,0.2818929940446966,0.2977586153293141,0.2684909396940617,0.3058301269830636,0.2856904601432822,0.2193531422161264,0.2893243208491159,0.1926436111185157,0.2659183411573009,0.0,0.3223801736076285,0.2954808449488105,0.2459484039190351,0.259394723108409,0.2909625289199146,0.324257363764985,0.3400317248378459,0.3261325747693384,0.2859239104310385,0.2139247529691642,0.2508672922371086,0.2792278981942037,0.314169447049597,0.2487705887112347,0.3180526289572173,0.2581544066376869,0.1989037450471071,0.2551166079870034,0.2235516800860281,0.1860842370120827,0.0,0.2044669677964,0.1881191450576524,0.181033399170575,0.2310035645515069,0.2157253079504997,0.2061551273601408,0.2161169024773027,0.1939612538638731,0.2021703815929272,0.1704308384192699,0.0,0.3065085329848354,0.0,0.0,0.0,0.0,0.0,0.0,0.0,0.0,0.0,0.0,0.0,0.0,0.3381182572997059,0.3099729209658414,0.0,0.2754496792931054,0.0,0.3261035879579178,0.3509735426572242,0.3345143222779392,0.3271283118595723,0.0,0.2742050406953205,0.3095315421732526,0.3362187913920135,0.0,0.3198346417882143,0.0,0.0
0.0,0.0,0.3046431621126632,0.13370803953891,0.15748236861716,0.2845458622713872,0.2041009879755375,0.2241102661599227,0.2846698464751687,0.2661550782761535,0.2087783711172465,0.2139629592542122,0.2310709798240645,0.1496186942801655,0.0,0.0,0.0,0.0,0.2890061258549625,0.3229729796363246,0.2927603851173179,0.0,0.2725868359193466,0.2552302687269138,0.0,0.0,0.3104131982303162,0.1800940177773514,0.254181436050339,0.0,0.2905270052198566,0.1883284599379316,0.1987458989213326,0.2330246740321035,0.2044669677964,0.0,0.136707026060393,0.2059417354860533,0.2085173408978019,0.0,0.0,0.2277416702107869,0.2444045367122903,0.1887997049653833,0.0,0.0,0.0,0.3141974379783006,0.0,0.0,0.2887077752397482,0.2792197887082403,0.26551880770576,0.3155543686822832,0.0,0.2746504065274871,0.0,0.2889994446715391,0.2906452527600684,0.0,0.0,0.0,0.0,0.3087403501218792,0.0,0.0,0.0,0.2951160789069916,0.0,0.0,0.0,0.3103552300393052,0.2826453834673924,0.0,0.0,0.0
0.0,0.0,0.2782883527622636,0.1284996697431613,0.1522817956489053,0.28078924138948,0.2037393326124588,0.2615564885191109,0.2665762827658984,0.1970701273761038,0.2672109622771186,0.1933638218357858,0.2245134947402952,0.1052099716874925,0.0,0.0,0.0,0.0,0.2801921009645794,0.0,0.0,0.3104882800332411,0.2623933274475905,0.0,0.0,0.0,0.2770936990055586,0.1779291102964104,0.2688821689855981,0.0,0.2156214077420886,0.2209235772887495,0.1967787031306017,0.1707376946911479,0.1881191450576524,0.136707026060393,0.0,0.192817684960063,0.1877820861702995,0.0,0.0,0.0,0.0,0.0,0.0,0.0,0.0,0.0,0.0,0.0,0.0,0.0,0.0,0.0,0.0,0.0,0.0,0.0,0.0,0.0,0.0,0.0,0.0,0.0,0.0,0.0,0.0,0.0,0.0,0.0,0.0,0.0,0.0,0.0,0.0,0.0
0.0,0.0,0.0,0.0,0.2331506714760973,0.0,0.2512036175529737,0.0,0.2404189753036018,0.1901653800486295,0.2441656079262499,0.1502482680017333,0.2406572073453704,0.0,0.0,0.0,0.2166962688451892,0.0,0.0,0.0,0.0,0.0,0.0,0.1658000108049552,0.223141790239198,0.2276102342642523,0.0,0.2334690091186526,0.0,0.0,0.2121001164482578,0.187477220753753,0.145712523379533,0.1627953068963305,0.181033399170575,0.2059417354860533,0.192817684960063,0.0,0.2061366062168475,0.1682952030875526,0.157645491335053,0.1995908902163467,0.0,0.0,0.1922698336316487,0.0,0.0,0.0,0.0,0.0,0.0,0.0,0.0,0.0,0.2154491462286664,0.0,0.2021242682983566,0.0,0.0,0.0,0.0,0.0,0.0,0.0,0.0,0.0,0.0,0.0,0.0,0.0,0.0,0.0,0.0,0.0,0.0,0.0
0.3053646487319488,0.3104233059245576,0.3331979804125646,0.0,0.0,0.3263785767756507,0.0,0.324378462307969,0.3217305000284624,0.2929623316961873,0.2568693119329267,0.1916272174456826,0.3333942937476221,0.0,0.3328997080415142,0.3060769009475779,0.0,0.2944939587139597,0.3252691137179713,0.3258939309413464,0.3280107557896441,0.3277332295272396,0.3278938806513213,0.0,0.2954364277915076,0.3264879123865929,0.3272587186411844,0.3258312755158196,0.3260772143885366,0.3253391196982423,0.3070420351109921,0.238198004624951,0.247186357071533,0.2438435359748755,0.2310035645515069,0.2085173408978019,0.1877820861702995,0.2061366062168475,0.0,0.2215298274860009,0.227997168653398,0.2358880800221752,0.1976317286864834,0.2043858360837834,0.1910355096547093,0.2864282243078538,0.2738743320382573,0.2979616919534455,0.1876022541076147,0.2295471572883069,0.2954242543885119,0.2748972187653958,0.2836854275408143,0.2917082635103432,0.2371638640940453,0.2708488931217136,0.1734916828201241,0.2781595996435348,0.2113522278922588,0.3081764027490614,0.2922142859593328,0.2850192633242451,0.2896503353173661,0.2819217840202034,0.3140750920784047,0.303387817411878,0.3007859766365798,0.2965936324893814,0.2534805550856461,0.2829672078482054,0.2878596045103332,0.3125813926880126,0.271091051864356,0.3043560054146564,0.2958720686607135,0.2882908027662221
0.2670356316790416,0.2961698116889742,0.0,0.0,0.0,0.0,0.0,0.0,0.0,0.2294535879622097,0.0,0.206710788211948,0.0,0.0,0.323659062066425,0.288586289905425,0.2696913725449186,0.2716961264276981,0.0,0.2866682028118537,0.3073600027343614,0.3183790975267327,0.3295598866780458,0.2172161375307969,0.2725417749436861,0.30363638194452,0.0,0.0,0.0,0.0,0.2621169544999749,0.2645582160910859,0.1665468565064744,0.2147195804252297,0.2157253079504997,0.0,0.0,0.1682952030875526,0.2215298274860009,0.0,0.1822292258604828,0.236329403624611,0.1928201563276176,0.1967109618639055,0.1333544948920735,0.2253614227347007,0.2229631685792062,0.0,0.0,0.0,0.2509690997395141,0.2465579962749922,0.2646987216373663,0.2825489517634854,0.2210330123406369,0.263460726476938,0.1635548551125382,0.2730285733758657,0.0,0.2697235623820581,0.2619330161159143,0.2444896467829958,0.2425712264697445,0.0,0.2567897545736475,0.2429111144175406,0.2577107494422846,0.2608120106452158,0.1862378202857663,0.2221037952329809,0.2321384619940141,0.2761333190189672,0.2532791602819317,0.2635432592682099,0.0,0.2351298988679996
0.2773377509451049,0.3024088072633383,0.0,0.0,0.0,0.3214447636240589,0.0,0.3305090630947991,0.0,0.2388991375925655,0.0,0.2252379713631418,0.0,0.0,0.3187616664135643,0.2971656296556628,0.2681333963890123,0.2823092451071777,0.0,0.2886288642170692,0.3098200501091586,0.3185992671511542,0.3381272713999524,0.2601978893427972,0.283239043954135,0.3141390666697569,0.3239668542768984,0.3005697488815333,0.3155613494728228,0.0,0.2948844233450233,0.2438873985939779,0.1857839538116372,0.2255153362644056,0.2061551273601408,0.0,0.0,0.157645491335053,0.227997168653398,0.1822292258604828,0.0,0.1970218928805552,0.2343259308897657,0.2061924921361774,0.171197522628544,0.2490501032102728,0.2477170854231339,0.3096084874160661,0.1617648495653852,0.2550457748429101,0.2912804971914249,0.2568293858644024,0.3006492702003277,0.2969789450272491,0.2121716402250504,0.2741502093962691,0.1792768656567685,0.2649936889417206,0.265578384323451,0.2953501827100297,0.2684989344439024,0.2494832360197882,0.2532806971471999,0.2911920810783214,0.285768518813385,0.2900586638203207,0.2769049048951096,0.2978783364889423,0.2011616390227875,0.2505672939944199,0.2578166900611519,0.3038649578977322,0.2515312479762737,0.2686983594086844,0.2740782884534104,0.2100371845737688
0.0,0.3254922483913969,0.0,0.0,0.0,0.2927914370582494,0.0,0.0,0.0,0.0,0.0,0.0,0.0,0.0,0.3434436873862813,0.313923861576445,0.0,0.2849590909012913,0.0,0.3283798901941803,0.3422879183427235,0.3445956405463264,0.3244936002315902,0.0,0.2932047957856839,0.3442559775341181,0.327950695557986,0.248446697937568,0.3106934222084819,0.0,0.0,0.2390289229503577,0.1943518568011505,0.2153864712278766,0.2161169024773027,0.2277416702107869,0.0,0.1995908902163467,0.2358880800221752,0.236329403624611,0.1970218928805552,0.0,0.2404993437116453,0.2185724933221786,0.1920674586916806,0.2864668438497359,0.2886322580937627,0.3078041408550538,0.1988416584045552,0.2578603753769273,0.3049699259243439,0.2497661473493875,0.306217537919223,0.2950319701987753,0.2292982830915381,0.2749582993781778,0.206407209727033,0.2672518718182607,0.0,0.3323715372221161,0.3101007773563182,0.2662433821753696,0.2716954088532105,0.283879029392,0.323165537617926,0.3319601875935386,0.3245628758500875,0.3113508588532946,0.2353812597435262,0.2747560419754605,0.2916515071977573,0.3206480420519048,0.2444094431938857,0.3028650322539182,0.2843309668469299,0.2061233353592709
