0.0,0.2815307581395805,0.0,0.0,0.0,0.3133712154574259,0.0,0.363996182643322,0.0,0.3022239448087445,0.0,0.2821542046911007,0.0,0.0,0.2906594057239918,0.2815837942053004,0.2555412198845792,0.2576573675434345,0.0,0.3155522342740948,0.3008152782710671,0.285995079700818,0.3452425058386957,0.2894140325297511,0.2707989905852442,0.270512580415939,0.3150031035444787,0.2938683708465978,0.3155975645553999,0.0,0.2539567647489305,0.2798862454378193,0.2245128689526143,0.2536320600771792,0.2949690797236313,0.0,0.0,0.2627660203930447,0.3083584526253977,0.2989554833608797,0.3062821593267058,0.0,0.0,0.0,0.0,0.2711807012661076,0.3268825084468849,0.0,0.0,0.0,0.0,0.0,0.0,0.0,0.307886025978755,0.0,0.0,0.0,0.0,0.0,0.3237003291700916,0.0,0.2982560762417067,0.0,0.0,0.1801932994571281,0.3157456220580331,0.3094441876691337,0.0,0.3068513172019391,0.3243358054682223,0.0,0.0,0.0,0.0,0.2777387422898804
0.2815307581395805,0.0,0.0,0.0,0.0,0.2883977116333842,0.3108470774884248,0.3102089262848356,0.2800204731423507,0.0,0.0,0.0,0.3062747616736538,0.0,0.3054234130050496,0.301899426077612,0.0,0.2971754277911264,0.0,0.2999464413683781,0.3004397844722539,0.2900913521818956,0.2910108629971656,0.0,0.2818874534950612,0.2915595127825939,0.2889224019492339,0.298738792568501,0.3013120353534128,0.0,0.2660056667862352,0.292402960190796,0.2612985744495799,0.2698670817445918,0.3214869084613461,0.0,0.0,0.0,0.311353415381635,0.3138593097831876,0.3135033441632162,0.3370725365641371,0.0,0.0,0.0,0.3253315487955365,0.3247264858471124,0.0,0.0,0.0,0.2616637766501568,0.0,0.0,0.0,0.0,0.0,0.0,0.0,0.0,0.347992811417971,0.3222946078522178,0.0,0.3036855741917232,0.0,0.3156286979678949,0.3319492493550667,0.3257810483517761,0.3064706982277713,0.0,0.310641646985727,0.3439951641127999,0.3086857378825888,0.0,0.3150984976649297,0.0,0.3064208893515397
0.0,0.0,0.0,0.2834743416402515,0.2818776610176811,0.3052104130754197,0.3091148658326175,0.3576847299461231,0.2304610782880241,0.2908118964138793,0.2463139609109143,0.0,0.316980538277516,0.3309319732426754,0.0,0.0,0.0,0.0,0.2464558020625758,0.0,0.0,0.0,0.2455627797937582,0.0,0.0,0.0,0.2543472633199282,0.3251812492006801,0.2986685139589556,0.0,0.3381931856812677,0.3079444620277916,0.0,0.3384580179310381,0.0,0.3244117061307844,0.2990325351088631,0.0,0.3727763500912894,0.0,0.0,0.0,0.364392700784776,0.0,0.0,0.0,0.0,0.2745170748947219,0.0,0.3704565356466619,0.4106587097034746,0.4002004982972109,0.416933789959231,0.4180264512283973,0.0,0.2755475376916992,0.0,0.3721511952194123,0.3737440382455034,0.0,0.0,0.0,0.0,0.3539020021926899,0.0,0.0,0.0,0.3951005118018458,0.0,0.0,0.0,0.4321933425965045,0.0,0.0,0.0,0.0
0.0,0.0,0.2834743416402515,0.0,0.1715981983985503,0.28542605953574,0.2134722665858412,0.2382904597026829,0.2968530221097527,0.1985791401770659,0.2725387053897726,0.0,0.2305468239175599,0.1741617082373607,0.0,0.0,0.0,0.0,0.2756395494427365,0.0,0.0,0.0,0.2769536843994635,0.0,0.0,0.0,0.2968858485094288,0.1798395669514153,0.0,0.0,0.2400282553354051,0.2034780036928295,0.0,0.2182242327924388,0.2254256581563765,0.1358575718201318,0.1408730032322506,0.0,0.0,0.0,0.0,0.0,0.0,0.0,0.0,0.0,0.0,0.0,0.0,0.0,0.0,0.0,0.0,0.0,0.0,0.0,0.0,0.0,0.0,0.0,0.0,0.0,0.0,0.0,0.0,0.0,0.0,0.0,0.0,0.0,0.0,0.0,0.0,0.0,0.0,0.0
0.0,0.0,0.2818776610176811,0.1715981983985503,0.0,0.2543164741009984,0.2348366954382359,0.2619165090131561,0.2356963057557269,0.3169264270766408,0.2440543444539829,0.2787808635275229,0.2502506286896647,0.1957973011911131,0.0,0.0,0.0,0.0,0.2728723138456434,0.0,0.0,0.0,0.2803708186425606,0.0,0.2864929312313641,0.2859593072728421,0.2758780460079065,0.2603134757866693,0.2959372041018654,0.0,0.3114348155237851,0.2237199296273911,0.0,0.3105329469021334,0.0,0.1545157275510647,0.1656448247318229,0.2567584400143909,0.2798156568869943,0.0,0.0,0.0,0.3079562437929085,0.0,0.0,0.0,0.0,0.3813339971667265,0.0,0.0,0.3703341957586245,0.0,0.344607449488515,0.3554040182951177,0.0,0.3363777600854332,0.0,0.0,0.0,0.0,0.0,0.0,0.0,0.344210666841705,0.0,0.0,0.0,0.3798439798993059,0.0,0.0,0.0,0.3864838911170313,0.0,0.0,0.0,0.0
0.3133712154574259,0.2883977116333842,0.3052104130754197,0.28542605953574,0.2543164741009984,0.0,0.28764651263744,0.2973869244112533,0.2569051095263543,0.3208468437916922,0.2638074009141855,0.2651408878490244,0.2728293621955743,0.3017452926561719,0.3010395770768264,0.2921632307600882,0.0,0.3082063159416078,0.278969519989981,0.2998177685048375,0.3032905287791571,0.3121233859475616,0.3006663554699491,0.0,0.2755767263516491,0.2883756420937395,0.2818701048341443,0.2894632758081013,0.2495392553137524,0.2850662164919187,0.3048941944775625,0.2840661942953148,0.2615576472664274,0.3043478177781324,0.3048440906362165,0.299704932279847,0.301339865688642,0.2615833381812069,0.3386314114369095,0.0,0.3566747640223677,0.3362197179956409,0.3404057245170204,0.0,0.0,0.0,0.0,0.3981874251861548,0.0,0.3265901398657032,0.360974784865836,0.3668104442692995,0.3391202396522545,0.3892854113903255,0.0,0.3609313400022849,0.0,0.3616925314073224,0.0,0.3400600494094189,0.0,0.0,0.0,0.3842619688638508,0.3322871492164473,0.3058634032025691,0.3025844784786732,0.3622404062485607,0.0,0.0,0.2857158904927383,0.3591000292975388,0.3610083386233975,0.342587002356039,0.0,0.3546465939265114
0.0,0.3108470774884248,0.3091148658326175,0.2134722665858412,0.2348366954382359,0.28764651263744,0.0,0.3080938167169633,0.2811377000533022,0.2709026107188589,0.3010750015843251,0.2587449573742297,0.2391645324066206,0.2252923391210474,0.0,0.3233972453405686,0.2709596206636949,0.2962007135024899,0.3061871010771041,0.3029097891196462,0.0,0.3255001084858519,0.3061765955661135,0.2655683706155755,0.2928568182758252,0.2750281517267305,0.3056296199009278,0.2455472071187944,0.2979962374689571,0.0,0.2810446580782108,0.2616985760368395,0.2745621716857503,0.2790466436744599,0.2946656629831102,0.1954913548745815,0.2158694952859828,0.2572196281686881,0.0,0.0,0.0,0.0,0.3021773824884842,0.0,0.0,0.0,0.0,0.0,0.0,0.0,0.3455157825735475,0.0,0.0,0.0,0.0,0.0,0.0,0.0,0.0,0.0,0.0,0.0,0.0,0.0,0.0,0.0,0.0,0.3593115538804506,0.0,0.0,0.0,0.3552299373371144,0.0,0.0,0.0,0.0
0.363996182643322,0.3102089262848356,0.3576847299461231,0.2382904597026829,0.2619165090131561,0.2973869244112533,0.3080938167169633,0.0,0.3560059727325581,0.3204394926606452,0.2256255468082499,0.0,0.3162432353215727,0.2458985776961675,0.219864083001454,0.3110527782041373,0.0,0.3141048284100524,0.2997533372227057,0.0,0.28380183249974,0.3233861664620329,0.268712580898611,0.3764561250515296,0.3271500137026292,0.3509882111149059,0.3260148543484759,0.3068836643230674,0.2980211243400585,0.2833268968557556,0.3105826437014814,0.2672081291132125,0.2750356516060384,0.3166930526156852,0.3083077310127896,0.1769348912906096,0.2556407999963898,0.0,0.3145502687306205,0.0,0.3403539344183377,0.0,0.2915463882299389,0.0,0.0,0.0,0.0,0.3895526467307847,0.0,0.3521998076282635,0.3511419690666875,0.34514056923756,0.2531798670453425,0.3912990499950112,0.0,0.3377720207239241,0.0,0.3343190418039014,0.3199887613315589,0.3254353268468092,0.0,0.0,0.0,0.3773867139804708,0.0,0.3349885538052696,0.0,0.3456314334913805,0.0,0.0,0.0,0.3618646641469719,0.3308171772307971,0.3135455372081403,0.0,0.3404906298943543
0.0,0.2800204731423507,0.2304610782880241,0.2968530221097527,0.2356963057557269,0.2569051095263543,0.2811377000533022,0.3560059727325581,0.0,0.3221924109161638,0.2396121088940782,0.2820448879500639,0.2889949397407642,0.3062692949356325,0.0,0.2635185816273275,0.0,0.0,0.2128751270954252,0.2952454434347823,0.0,0.3079968762977627,0.3086277335185687,0.0,0.2616791590988252,0.2683950520180228,0.2640980395050981,0.3103323305951532,0.2850762377197764,0.2756317145633779,0.3247833613694617,0.2945488690959035,0.2764705663257884,0.3230504103378079,0.296832453335643,0.3055569038617028,0.3079890707510467,0.2981815881274933,0.3543068524593242,0.0,0.0,0.0,0.3491063241119322,0.0,0.0,0.0,0.0,0.4079188816776387,0.0,0.3436483794993135,0.3965002399410429,0.3641416441644556,0.383342266633818,0.4078385614890799,0.0,0.3801644648104155,0.0,0.3339156393113169,0.3653728681482578,0.0,0.0,0.0,0.0,0.3907790312796561,0.0,0.0,0.0,0.3913786008699368,0.0,0.0,0.0,0.3961282666157391,0.0,0.0,0.0,0.0
0.3022239448087445,0.0,0.2908118964138793,0.1985791401770659,0.3169264270766408,0.3208468437916922,0.2709026107188589,0.3204394926606452,0.3221924109161638,0.0,0.3161914461722632,0.2078996548801136,0.2900796592454708,0.2616822831516219,0.0,0.2613408428019462,0.2416251891234285,0.2391032463271607,0.3026096447052651,0.0,0.0,0.2458964113972351,0.3344249739870485,0.1920149214811071,0.2622500497623687,0.2682239107183684,0.2934895317285677,0.2792352013515394,0.0,0.0,0.2416056491083482,0.2279902960793559,0.2390055236485965,0.2414016937923922,0.2680069368633762,0.2330616264917579,0.1960455253771683,0.2000274257501813,0.1791047718891832,0.2128772103605014,0.2537076241004323,0.3482881267029445,0.0,0.0,0.2100809070308995,0.3333221275600399,0.0,0.0,0.0,0.0,0.0,0.0,0.0,0.0,0.3092630794116494,0.0,0.3122185682037235,0.2986467284466606,0.0,0.0,0.0,0.3208253957670044,0.3026219129321243,0.0,0.0,0.0,0.0,0.0,0.2939313345098957,0.3337670952107586,0.3362816843896589,0.0,0.2730543817714368,0.0,0.0,0.2954378376857771
0.0,0.0,0.2463139609109143,0.2725387053897726,0.2440543444539829,0.2638074009141855,0.3010750015843251,0.2256255468082499,0.2396121088940782,0.3161914461722632,0.0,0.2851948731054652,0.3066546584487423,0.2192338952892246,0.0,0.0,0.0,0.0,0.2104656268059405,0.0,0.0,0.0,0.1987997478560285,0.288919249393881,0.0,0.0,0.2974756095473601,0.308044281754347,0.0,0.0,0.3233223706097406,0.2645330112992224,0.0,0.3250386271440467,0.2975483929764938,0.2377465908270831,0.3057341999099006,0.2890519985857832,0.2734510934459826,0.0,0.0,0.0,0.274377878954132,0.0,0.0,0.0,0.0,0.3256697924974784,0.0,0.2015269838282671,0.3718299941477482,0.3017951291227488,0.3127941916975387,0.315160698326238,0.0,0.1824721128291647,0.0,0.2807919173234044,0.2814089528075246,0.0,0.0,0.0,0.0,0.1633596511912253,0.0,0.0,0.0,0.3746939177657684,0.0,0.0,0.0,0.3924216861130765,0.0,0.0,0.0,0.0
0.2821542046911007,0.0,0.0,0.0,0.2787808635275229,0.2651408878490244,0.2587449573742297,0.0,0.2820448879500639,0.2078996548801136,0.2851948731054652,0.0,0.2724029258848995,0.0,0.0,0.0,0.2807949015482661,0.2685776561885349,0.0,0.0,0.3005194923930863,0.0,0.3057867022139868,0.1940287621826344,0.2845316590511902,0.2211290610414857,0.0,0.2656968454372508,0.0,0.0,0.2232764670445738,0.2034337240639742,0.179907138554011,0.1809260426808756,0.1644975868549376,0.2163469841071588,0.2198344899856218,0.1501238565220902,0.1931420172677805,0.2521874657487291,0.2557287232366918,0.1767322442591139,0.0,0.0,0.2172915192363458,0.0,0.0,0.0,0.0,0.0,0.0,0.0,0.0,0.0,0.311940698776826,0.0,0.3132670449825321,0.0,0.0,0.0,0.0,0.3113115331224005,0.3069337118463985,0.0,0.0,0.0,0.0,0.0,0.2894224889904822,0.3346801854429554,0.3298354347956412,0.0,0.3086421073295592,0.0,0.0,0.3067622900879872
0.0,0.3062747616736538,0.316980538277516,0.2305468239175599,0.2502506286896647,0.2728293621955743,0.2391645324066206,0.3162432353215727,0.2889949397407642,0.2900796592454708,0.3066546584487423,0.2724029258848995,0.0,0.2660804312205941,0.314022526025511,0.3237616189285769,0.2892578685650998,0.3071574194953217,0.307805852215224,0.3003953172641925,0.3091603628670374,0.3259732092703439,0.3107497254285289,0.2585632636521344,0.29888150013039,0.298626148886947,0.308101198884033,0.2522946325053719,0.2849733709017448,0.2899637378011233,0.2814375592802908,0.2733105795385047,0.2881895251043118,0.2953891116916891,0.299321198554288,0.234894178306661,0.2446192731649877,0.2713697452344597,0.2678636309474193,0.0,0.2511376244248054,0.0,0.3100371461056623,0.0,0.0,0.0,0.0,0.3719498757868033,0.0,0.0,0.4194000379700507,0.0,0.3351000226859512,0.0,0.0,0.0,0.0,0.0,0.0,0.0,0.0,0.0,0.0,0.0,0.3013201101861811,0.0,0.0,0.3668077915136227,0.0,0.0,0.0,0.3704983784914069,0.0,0.313717072002576,0.0,0.0
0.0,0.0,0.3309319732426754,0.1741617082373607,0.1957973011911131,0.3017452926561719,0.2252923391210474,0.2458985776961675,0.3062692949356325,0.2616822831516219,0.2192338952892246,0.0,0.2660804312205941,0.0,0.0,0.0,0.0,0.0,0.2807887277512669,0.0,0.0,0.0,0.2820438110260531,0.0,0.0,0.0,0.3223120691847644,0.1853337708850823,0.0,0.0,0.0,0.1726103793530244,0.0,0.2924825079439606,0.0,0.1468234088086522,0.1147081030683872,0.0,0.3004464959248926,0.0,0.0,0.0,0.2731949639487271,0.0,0.0,0.0,0.0,0.3412066838420328,0.0,0.0,0.0,0.0,0.0,0.0,0.0,0.2789799892218351,0.0,0.0,0.0,0.0,0.0,0.0,0.0,0.324918150289467,0.0,0.0,0.0,0.3463314299012784,0.0,0.0,0.0,0.3516685402278324,0.0,0.0,0.0,0.0
0.2906594057239918,0.3054234130050496,0.0,0.0,0.0,0.3010395770768264,0.0,0.219864083001454,0.0,0.0,0.0,0.0,0.314022526025511,0.0,0.0,0.2986702424988334,0.0,0.2923994431888975,0.0,0.2214869858953449,0.2563455234340305,0.2397395806710765,0.2492656465996192,0.3119498135044745,0.2808214367584914,0.260032798008281,0.2638374223444458,0.2801528933481919,0.277833667560741,0.2807773226776762,0.2798729777688572,0.2901585251466012,0.2811456141422804,0.299386907480302,0.3253333770611079,0.3526817095003879,0.0,0.0,0.3224954846052863,0.3210430312538995,0.3376816154030974,0.3438685505814923,0.0,0.0,0.0,0.0,0.3448113906704407,0.0,0.0,0.0,0.3251167112150938,0.0,0.0,0.0,0.0,0.0,0.0,0.0,0.0,0.2722048178525747,0.32354128703746,0.0,0.0,0.0,0.3188777662540051,0.3176726016653978,0.3422414592450049,0.3434888379660554,0.0,0.2634592546513551,0.3716975977323579,0.3328955199289316,0.3247828552741161,0.3303554277020708,0.0,0.3130704419598509
0.2815837942053004,0.301899426077612,0.0,0.0,0.0,0.2921632307600882,0.3233972453405686,0.3110527782041373,0.2635185816273275,0.2613408428019462,0.0,0.0,0.3237616189285769,0.0,0.2986702424988334,0.0,0.2905274113902619,0.2753833610174152,0.0,0.2995788923697912,0.2895215552695398,0.2744269041104585,0.296942577497656,0.2509252073374033,0.286892651403455,0.3039572820523472,0.2842797939990959,0.3249655712679334,0.3109979634000161,0.3015044213213553,0.2729394415271995,0.299193699795715,0.2712549972874544,0.2735539003732561,0.3130218120198357,0.0,0.0,0.0,0.2983419714977569,0.297096604802397,0.3031943891724673,0.3300542634460655,0.0,0.0,0.0,0.3194867068888074,0.3193841356813708,0.0,0.0,0.0,0.0,0.0,0.0,0.0,0.0,0.0,0.0,0.0,0.0,0.3310868434468735,0.3127920829599976,0.0,0.2877090918039152,0.0,0.3032744282784564,0.299335219411841,0.3221164020473828,0.0,0.0,0.2979874245503596,0.3288166408310367,0.2771333315458814,0.0,0.0,0.0,0.2908928241199762
0.2555412198845792,0.0,0.0,0.0,0.0,0.0,0.2709596206636949,0.0,0.0,0.2416251891234285,0.0,0.2807949015482661,0.2892578685650998,0.0,0.0,0.2905274113902619,0.0,0.2467116175625759,0.0,0.275309006673937,0.0,0.2767154516373811,0.0,0.2862965302183725,0.256005204564642,0.2854035379259187,0.0,0.287669424228718,0.2637175298153854,0.0,0.2579903635668711,0.2805107014859852,0.2420988052235613,0.2764363922489161,0.2873075562363963,0.0,0.0,0.2443676968663409,0.3037021841093655,0.2915752296311347,0.2854520971495417,0.0,0.0,0.0,0.0,0.0,0.0,0.0,0.0,0.0,0.0,0.0,0.0,0.0,0.3236322055539046,0.0,0.3299489489970974,0.0,0.0,0.0,0.0,0.2880668203044873,0.2785840332020363,0.0,0.0,0.0,0.0,0.0,0.3255850100954343,0.3065345122261128,0.3238820408123799,0.0,0.0,0.0,0.0,0.2813414052870662
0.2576573675434345,0.2971754277911264,0.0,0.0,0.0,0.3082063159416078,0.2962007135024899,0.3141048284100524,0.0,0.2391032463271607,0.0,0.2685776561885349,0.3071574194953217,0.0,0.2923994431888975,0.2753833610174152,0.2467116175625759,0.0,0.0,0.3140683787513685,0.2772397208026583,0.2988247159432559,0.2984209659305857,0.2523608996208411,0.2637974932484092,0.2835428193218635,0.2878057011627067,0.3032074058171523,0.3161933349440217,0.2506023390665883,0.2665822494134557,0.2911697405195506,0.2519118543550626,0.2838129167869921,0.3122249251993041,0.0,0.0,0.0,0.3037559715610951,0.280819566962772,0.2879270776867129,0.309888964113609,0.0,0.0,0.0,0.2913964202009588,0.3123207068444305,0.0,0.0,0.0,0.0,0.0,0.0,0.0,0.2886426377970583,0.0,0.3070790884982406,0.0,0.0,0.0,0.2964289742797502,0.2752063038136864,0.2765673362827868,0.0,0.0,0.0,0.315085303028932,0.0,0.3062301114950263,0.2851072899942761,0.3032396481836797,0.0,0.0,0.0,0.0,0.285745374252135
0.0,0.0,0.2464558020625758,0.2756395494427365,0.2728723138456434,0.278969519989981,0.3061871010771041,0.2997533372227057,0.2128751270954252,0.3026096447052651,0.2104656268059405,0.0,0.307805852215224,0.2807887277512669,0.0,0.0,0.0,0.0,0.0,0.0,0.0,0.0,0.2187255206521666,0.0,0.0,0.0,0.2892948018068004,0.3093451724840724,0.0,0.0,0.3223849227830411,0.2860439478401277,0.0,0.3276225041262102,0.2875456296808767,0.2917130023431065,0.2964456875769465,0.2683224214183225,0.3221418230039315,0.0,0.0,0.0,0.3227558451311614,0.0,0.0,0.0,0.0,0.3088341959044818,0.0,0.3415051964442717,0.3984321288112732,0.3572954607745152,0.3868796809136512,0.397052926201193,0.0,0.3598061646177896,0.0,0.0,0.3537015601872944,0.0,0.0,0.0,0.0,0.3780283427846054,0.0,0.0,0.0,0.3918429271145313,0.0,0.0,0.0,0.4137489006537285,0.0,0.0,0.0,0.0
0.3155522342740948,0.2999464413683781,0.0,0.0,0.0,0.2998177685048375,0.3029097891196462,0.0,0.2952454434347823,0.0,0.0,0.0,0.3003953172641925,0.0,0.2214869858953449,0.2995788923697912,0.275309006673937,0.3140683787513685,0.0,0.0,0.2776569430801155,0.2528609826808412,0.2041214134765904,0.0,0.294435473159941,0.3012372224979573,0.2292205432928139,0.2776939560592602,0.252185647592913,0.2641221275153287,0.2621069527522496,0.2966935612792091,0.2697688090080529,0.291181226982122,0.3244624391693348,0.34808631412075,0.3098519223061892,0.0,0.3178458118634535,0.2833881042156483,0.3525641646504461,0.3182325276175315,0.0,0.0,0.0,0.0,0.3201301821071636,0.0,0.0,0.0,0.3326263687318448,0.0,0.0,0.0,0.0,0.0,0.0,0.3021827628445965,0.0,0.3421903269997358,0.0,0.0,0.0,0.0,0.3252820167348762,0.3074643984139843,0.3263289933696641,0.356882003073884,0.0,0.0,0.3378024110513112,0.3487798129259142,0.3463953668115964,0.3548062065727521,0.0,0.3237964072225917
0.3008152782710671,0.3004397844722539,0.0,0.0,0.0,0.3032905287791571,0.0,0.28380183249974,0.0,0.0,0.0,0.3005194923930863,0.3091603628670374,0.0,0.2563455234340305,0.2895215552695398,0.0,0.2772397208026583,0.0,0.2776569430801155,0.0,0.3059228895955178,0.292666962284955,0.3468742630605655,0.2958587433996922,0.2861964225114868,0.2966822125177579,0.3248572764149823,0.3083755337937824,0.2987941064507112,0.276564952969026,0.2915645368493053,0.2557316088061407,0.2851291493877307,0.3181335041805089,0.3060977799026499,0.0,0.0,0.3166797117243062,0.323910874706795,0.3287074689174582,0.3464018754561702,0.0,0.0,0.0,0.2690036241971684,0.3418568233782687,0.0,0.0,0.0,0.30831277749478,0.0,0.2500604310215679,0.0,0.0,0.0,0.0,0.0,0.0,0.3235358413390987,0.3326913464824481,0.0,0.0,0.0,0.3094266989939517,0.2695504417164058,0.3397592342461003,0.3235333897518795,0.0,0.2752903004323335,0.3610602006267586,0.3377877711932471,0.3420399048325373,0.3293389293496654,0.0,0.3121317995085894
0.285995079700818,0.2900913521818956,0.0,0.0,0.0,0.3121233859475616,0.3255001084858519,0.3233861664620329,0.3079968762977627,0.2458964113972351,0.0,0.0,0.3259732092703439,0.0,0.2397395806710765,0.2744269041104585,0.2767154516373811,0.2988247159432559,0.0,0.2528609826808412,0.3059228895955178,0.0,0.2718984748741202,0.0,0.2922360945894991,0.2873017827207938,0.2827032787915088,0.2956186188671363,0.301423194128661,0.3214376545314407,0.2641973096424583,0.2945511155732583,0.2702377020050425,0.2886905355665816,0.3237168566797859,0.3490415646865926,0.2975244150109954,0.0,0.3099848483353714,0.3294634587440951,0.3340518403894716,0.323824421943958,0.0,0.0,0.0,0.2997816980854701,0.3266579437167453,0.0,0.0,0.0,0.3040566565401482,0.0,0.0,0.0,0.0,0.0,0.0,0.0,0.0,0.3561850043355203,0.3324148755016045,0.0,0.2780348789086641,0.0,0.3260966330103585,0.3355910023340553,0.3377806639007773,0.344212903881436,0.0,0.291376315959362,0.3558806879060068,0.3482946863150256,0.255843304644949,0.3347677238737708,0.0,0.3289857307734536
0.3452425058386957,0.2910108629971656,0.2455627797937582,0.2769536843994635,0.2803708186425606,0.3006663554699491,0.3061765955661135,0.268712580898611,0.3086277335185687,0.3344249739870485,0.1987997478560285,0.3057867022139868,0.3107497254285289,0.2820438110260531,0.2492656465996192,0.296942577497656,0.0,0.2984209659305857,0.2187255206521666,0.2041214134765904,0.292666962284955,0.2718984748741202,0.0,0.3776173657496828,0.2904774296917375,0.3194546296175217,0.2527946038736248,0.3101511692434683,0.300271754800724,0.2951689913468939,0.3066511556550216,0.2896767664637393,0.2715502037917163,0.3115129939493889,0.3183319945440312,0.2832641569732647,0.3151230230977825,0.258021733159232,0.3416248899994807,0.3360896178346259,0.3528224323755067,0.3575158657697495,0.340651371487787,0.0,0.0,0.0,0.3105315965861633,0.4067767628605267,0.0,0.3679663969614321,0.3731455262195067,0.3779173719792983,0.3383130621390953,0.3985170156791388,0.0,0.3728528056289509,0.0,0.3645007612256679,0.3422834350105379,0.3407073012610021,0.0,0.0,0.0,0.4003632727780827,0.3345886822677341,0.3472253428988921,0.3392374108453438,0.3685203639668163,0.0,0.0,0.3357501840386046,0.3695399725192276,0.3610319081114287,0.3519590299583841,0.35845557715153,0.3552375591149436
0.2894140325297511,0.0,0.0,0.0,0.0,0.0,0.2655683706155755,0.3764561250515296,0.0,0.1920149214811071,0.288919249393881,0.1940287621826344,0.2585632636521344,0.0,0.3119498135044745,0.2509252073374033,0.2862965302183725,0.2523608996208411,0.0,0.0,0.3468742630605655,0.0,0.3776173657496828,0.0,0.2752865051821039,0.2491845405317612,0.3151107750915186,0.2716121812297982,0.0,0.0,0.2418440284246895,0.2195936932057963,0.1456604645900096,0.1858111111190278,0.210155089370166,0.3506756392534583,0.204628387654736,0.152991629451584,0.0,0.1966337987741844,0.2815740534749116,0.0,0.0,0.0,0.1926742381950835,0.2825122262147584,0.0,0.0,0.0,0.0,0.0,0.0,0.0,0.0,0.3080236110176931,0.0,0.3151606024196045,0.0,0.0,0.0,0.0,0.3058322456833216,0.3014175309210022,0.0,0.0,0.0,0.0,0.0,0.2844907297039437,0.3168356809693088,0.3271299784233555,0.0,0.0,0.0,0.0,0.3077683747821147
0.2707989905852442,0.2818874534950612,0.0,0.0,0.2864929312313641,0.2755767263516491,0.2928568182758252,0.3271500137026292,0.2616791590988252,0.2622500497623687,0.0,0.2845316590511902,0.29888150013039,0.0,0.2808214367584914,0.286892651403455,0.256005204564642,0.2637974932484092,0.0,0.294435473159941,0.2958587433996922,0.2922360945894991,0.2904774296917375,0.2752865051821039,0.0,0.2763317247958966,0.2727643108013052,0.2964055462757636,0.2940243932723749,0.0,0.2757429559245158,0.2843724119118195,0.2388908660669872,0.2735282864804776,0.2898258364658765,0.0,0.0,0.2275969207503437,0.3071483190572467,0.2881442293208985,0.2973339477406142,0.3158512156134772,0.0,0.0,0.0,0.3097307434778702,0.3174115113186867,0.0,0.0,0.0,0.0,0.0,0.0,0.0,0.3140178132947235,0.0,0.3171939639893208,0.0,0.0,0.3163551924136525,0.3066645613785208,0.2872586262926723,0.2854383901141288,0.0,0.2964422391722442,0.2986944138531104,0.3184143354841368,0.0,0.3166996797404794,0.2987056655320205,0.3145893488891561,0.0,0.0,0.2934091001909871,0.0,0.2951390364733742
0.270512580415939,0.2915595127825939,0.0,0.0,0.2859593072728421,0.2883756420937395,0.2750281517267305,0.3509882111149059,0.2683950520180228,0.2682239107183684,0.0,0.2211290610414857,0.298626148886947,0.0,0.260032798008281,0.3039572820523472,0.2854035379259187,0.2835428193218635,0.0,0.3012372224979573,0.2861964225114868,0.2873017827207938,0.3194546296175217,0.2491845405317612,0.2763317247958966,0.0,0.3062134279127888,0.3036773408603116,0.2989176094656717,0.0,0.2766801442079212,0.2974671841355115,0.2592953613227383,0.279749536022482,0.3096270182541851,0.3185442729472477,0.0,0.2312082454186648,0.3099431077502594,0.3015505217752324,0.3210925786287264,0.3225404208200781,0.0,0.0,0.3091649315401905,0.3171145680438856,0.336182104201128,0.0,0.0,0.0,0.2746984313762283,0.0,0.0,0.0,0.3337892592291775,0.0,0.3286920071728375,0.0,0.0,0.3553866981908702,0.3298988039700418,0.3118103776900454,0.3006754539630866,0.0,0.3233311219892326,0.3401668733652542,0.3447440612099152,0.3289521761804274,0.3245641460062831,0.3132109130680027,0.3358027537023848,0.3229606638004821,0.0,0.3148405355715223,0.0,0.3114822253992858
0.3150031035444787,0.2889224019492339,0.2543472633199282,0.2968858485094288,0.2758780460079065,0.2818701048341443,0.3056296199009278,0.3260148543484759,0.2640980395050981,0.2934895317285677,0.2974756095473601,0.0,0.308101198884033,0.3223120691847644,0.2638374223444458,0.2842797939990959,0.0,0.2878057011627067,0.2892948018068004,0.2292205432928139,0.2966822125177579,0.2827032787915088,0.2527946038736248,0.3151107750915186,0.2727643108013052,0.3062134279127888,0.0,0.3084081328650507,0.2644413101592264,0.2779422211234382,0.2869876800083705,0.2860713867228577,0.2588468484006879,0.3008556776272074,0.3070081866483358,0.3125189652756093,0.3067265649431568,0.0,0.3379184122365838,0.0,0.3407894876594075,0.3470851957375611,0.3524482810355156,0.0,0.0,0.0,0.2831546872141114,0.41071980773977,0.0,0.3583140227964921,0.3811494561914952,0.3889321337244584,0.3658633615896038,0.4065292784722564,0.0,0.3861238622569082,0.0,0.3795492784509359,0.3694474262783679,0.338112754334193,0.0,0.0,0.0,0.3964113670133406,0.3308486105564319,0.3131580370146439,0.3366474743157809,0.376632101624621,0.0,0.0,0.3296143242211475,0.3758256088292146,0.3642530008307753,0.3469719729167371,0.339519836223037,0.3447311264431981
0.2938683708465978,0.298738792568501,0.3251812492006801,0.1798395669514153,0.2603134757866693,0.2894632758081013,0.2455472071187944,0.3068836643230674,0.3103323305951532,0.2792352013515394,0.308044281754347,0.2656968454372508,0.2522946325053719,0.1853337708850823,0.2801528933481919,0.3249655712679334,0.287669424228718,0.3032074058171523,0.3093451724840724,0.2776939560592602,0.3248572764149823,0.2956186188671363,0.3101511692434683,0.2716121812297982,0.2964055462757636,0.3036773408603116,0.3084081328650507,0.0,0.253033161773176,0.2271375940322763,0.2699116663667191,0.2752988430012881,0.2734528080513266,0.2725038188745202,0.2742261803449031,0.1926450469898621,0.2076656417445561,0.2572479021973632,0.3327003513928249,0.0,0.3056763384416847,0.2802950921834084,0.2886256871047259,0.0,0.0,0.0,0.0,0.3057462161442809,0.0,0.0,0.3569341466290894,0.0,0.3400756503129373,0.0,0.0,0.0,0.2804869316985726,0.0,0.0,0.332296507635239,0.0,0.0,0.0,0.0,0.3376321114484787,0.3303012245086338,0.3018191317689789,0.3561998495359391,0.0,0.0,0.0,0.3522306057745124,0.3579973929109109,0.3529925423798056,0.0,0.3330947908512001
0.3155975645553999,0.3013120353534128,0.2986685139589556,0.0,0.2959372041018654,0.2495392553137524,0.2979962374689571,0.2980211243400585,0.2850762377197764,0.0,0.0,0.0,0.2849733709017448,0.0,0.277833667560741,0.3109979634000161,0.2637175298153854,0.3161933349440217,0.0,0.252185647592913,0.3083755337937824,0.301423194128661,0.300271754800724,0.0,0.2940243932723749,0.2989176094656717,0.2644413101592264,0.253033161773176,0.0,0.2564079203046043,0.2695906088733207,0.2871094204038549,0.2619537648057889,0.2913070307352951,0.3155786138438531,0.3396575845489074,0.2926136924014573,0.0,0.3338056841339667,0.0,0.3437780329704522,0.3329175493275636,0.3013980697493442,0.0,0.0,0.0,0.2870295406551907,0.0,0.0,0.0,0.3495634433891392,0.0,0.3364734610767637,0.0,0.0,0.0,0.0,0.341341989461514,0.0,0.3407608881247063,0.0,0.0,0.0,0.0,0.330441187930344,0.3325479767651277,0.3264283656619428,0.3572893875938798,0.0,0.0,0.3182817806955044,0.3520726227895622,0.3646214537472734,0.3440179271289373,0.3278758776889557,0.338699930268858
0.0,0.0,0.0,0.0,0.0,0.2850662164919187,0.0,0.2833268968557556,0.2756317145633779,0.0,0.0,0.0,0.2899637378011233,0.0,0.2807773226776762,0.3015044213213553,0.0,0.2506023390665883,0.0,0.2641221275153287,0.2987941064507112,0.3214376545314407,0.2951689913468939,0.0,0.0,0.0,0.2779422211234382,0.2271375940322763,0.2564079203046043,0.0,0.2448985623568622,0.2967111395045099,0.2529757932362199,0.2578616497157225,0.267207403251655,0.0,0.0,0.0,0.3372657599467792,0.0,0.0,0.0,0.0,0.0,0.0,0.0,0.0,0.0,0.0,0.0,0.3034963167561662,0.0,0.0,0.0,0.0,0.0,0.0,0.0,0.0,0.0,0.0,0.0,0.0,0.0,0.3197548437368078,0.0,0.0,0.3479656085732512,0.0,0.0,0.0,0.3444009219655756,0.0,0.3267314259012131,0.0,0.0
0.2539567647489305,0.2660056667862352,0.3381931856812677,0.2400282553354051,0.3114348155237851,0.3048941944775625,0.2810446580782108,0.3105826437014814,0.3247833613694617,0.2416056491083482,0.3233223706097406,0.2232764670445738,0.2814375592802908,0.0,0.2798729777688572,0.2729394415271995,0.2579903635668711,0.2665822494134557,0.3223849227830411,0.2621069527522496,0.276564952969026,0.2641973096424583,0.3066511556550216,0.2418440284246895,0.2757429559245158,0.2766801442079212,0.2869876800083705,0.2699116663667191,0.2695906088733207,0.2448985623568622,0.0,0.2605130984049149,0.2398493322010165,0.1988762910257014,0.1667523204517496,0.2967444559009542,0.258128178457888,0.192235031769434,0.3047962320087709,0.2526228508150919,0.3050411648457081,0.340244380909224,0.0,0.0,0.0,0.0,0.3005596171633523,0.0,0.0,0.0,0.3541922146337591,0.0,0.3452749329257655,0.0,0.2892355729507005,0.0,0.2985911879621882,0.0,0.0,0.3315932020574307,0.2967623979287131,0.2892429062058195,0.282346090685214,0.0,0.325121056126457,0.2965563821948256,0.3122453820150573,0.3600366403457908,0.3034621215233811,0.299332917746526,0.3141730657497504,0.3571907412350542,0.3372636929715208,0.342599515507178,0.0,0.3074746518657492
0.2798862454378193,0.292402960190796,0.3079444620277916,0.2034780036928295,0.2237199296273911,0.2840661942953148,0.2616985760368395,0.2672081291132125,0.2945488690959035,0.2279902960793559,0.2645330112992224,0.2034337240639742,0.2733105795385047,0.1726103793530244,0.2901585251466012,0.299193699795715,0.2805107014859852,0.2911697405195506,0.2860439478401277,0.2966935612792091,0.2915645368493053,0.2945511155732583,0.2896767664637393,0.2195936932057963,0.2843724119118195,0.2974671841355115,0.2860713867228577,0.2752988430012881,0.2871094204038549,0.2967111395045099,0.2605130984049149,0.0,0.235153882265742,0.2426359942751546,0.2440960029803502,0.1675265227865487,0.20492969670899,0.1586346343203992,0.1778107961046274,0.2115410599180644,0.227732047618824,0.2259903198971338,0.2140825654260607,0.1770869705394143,0.1635339512972818,0.3056368411370836,0.3181394540307447,0.3504163282966546,0.0,0.0,0.3294749287913878,0.3126938070600424,0.3121822812963217,0.3110088551816059,0.253897804748263,0.304730110823448,0.2257747157888942,0.3336012192152695,0.0,0.3423018034132183,0.3138093805735907,0.270524822141409,0.2855965618827978,0.3134223457209439,0.3281589468593281,0.3137585068604147,0.3261365074647872,0.3460213005446167,0.0,0.2880335523766956,0.3205415569731178,0.3420099358394945,0.2544998661832315,0.3364914448843878,0.3341734285784644,0.3217666041127258
0.2245128689526143,0.2612985744495799,0.0,0.0,0.0,0.2615576472664274,0.2745621716857503,0.2750356516060384,0.2764705663257884,0.2390055236485965,0.0,0.179907138554011,0.2881895251043118,0.0,0.2811456141422804,0.2712549972874544,0.2420988052235613,0.2519118543550626,0.0,0.2697688090080529,0.2557316088061407,0.2702377020050425,0.2715502037917163,0.1456604645900096,0.2388908660669872,0.2592953613227383,0.2588468484006879,0.2734528080513266,0.2619537648057889,0.2529757932362199,0.2398493322010165,0.235153882265742,0.0,0.1938544102470084,0.2646022389449145,0.3010302749453857,0.1919947210227348,0.1268941954022376,0.2002899641023032,0.1696511871553423,0.2187121216722134,0.2718342568088051,0.0,0.0,0.1448871001747316,0.2756738225604495,0.3130043745433469,0.0,0.0,0.0,0.0,0.0,0.0,0.0,0.2625227454715281,0.0,0.2740114770989161,0.0,0.0,0.3481041192337267,0.299767111455313,0.2699322106340769,0.2599068354527922,0.0,0.3155782020067733,0.2971618966180895,0.3329304310802322,0.3331327088320086,0.2528638462893398,0.2844498562466777,0.3082998557468392,0.3316511988398119,0.3106843016916525,0.3164382254562227,0.0,0.2600570261853963
0.2536320600771792,0.2698670817445918,0.3384580179310381,0.2182242327924388,0.3105329469021334,0.3043478177781324,0.2790466436744599,0.3166930526156852,0.3230504103378079,0.2414016937923922,0.3250386271440467,0.1809260426808756,0.2953891116916891,0.2924825079439606,0.299386907480302,0.2735539003732561,0.2764363922489161,0.2838129167869921,0.3276225041262102,0.291181226982122,0.2851291493877307,0.2886905355665816,0.3115129939493889,0.1858111111190278,0.2735282864804776,0.279749536022482,0.3008556776272074,0.2725038188745202,0.2913070307352951,0.2578616497157225,0.1988762910257014,0.2426359942751546,0.1938544102470084,0.0,0.2172874638280886,0.2804613508317473,0.2038556627874288,0.1541769240390997,0.2159048581291064,0.1853680642417848,0.2014049151503806,0.2290344554086619,0.2266097683915392,0.1880963983230639,0.1792126480515301,0.2987802309883857,0.3102942406871546,0.0,0.0,0.0,0.3512000902904282,0.0,0.3471226267267775,0.0,0.268491225751408,0.0,0.2810632752598161,0.2693189111473764,0.0,0.3444168883216931,0.3037309936725857,0.2782653697994993,0.2813977321500313,0.0,0.3353389544632539,0.3047239464298717,0.3283439019163952,0.3618714650749104,0.286655000725453,0.296654740144457,0.3249965618798958,0.3551386130132886,0.261769162588712,0.343138458144664,0.0,0.3117022646576287
0.2949690797236313,0.3214869084613461,0.0,0.2254256581563765,0.0,0.3048440906362165,0.2946656629831102,0.3083077310127896,0.296832453335643,0.2680069368633762,0.2975483929764938,0.1644975868549376,0.299321198554288,0.0,0.3253333770611079,0.3130218120198357,0.2873075562363963,0.3122249251993041,0.2875456296808767,0.3244624391693348,0.3181335041805089,0.3237168566797859,0.3183319945440312,0.210155089370166,0.2898258364658765,0.3096270182541851,0.3070081866483358,0.2742261803449031,0.3155786138438531,0.267207403251655,0.1667523204517496,0.2440960029803502,0.2646022389449145,0.2172874638280886,0.0,0.2889967754465732,0.2310062235038956,0.1679901795083622,0.2139676229813332,0.1730699846140368,0.1971279020234386,0.2427115341278836,0.2048503895571063,0.2042447277082937,0.1767113728465531,0.0,0.3304328480110243,0.0,0.0,0.0,0.0,0.0,0.0,0.0,0.3050097108006297,0.0,0.0,0.0,0.0,0.3690533413392824,0.3124890144916815,0.0,0.2901742194351121,0.0,0.3351366450356094,0.337303309171694,0.350201981129736,0.3413986988401402,0.0,0.3089506210458633,0.3434661695253776,0.3495207885818009,0.173963903429995,0.3311351165537819,0.0,0.0
0.0,0.0,0.3244117061307844,0.1358575718201318,0.1545157275510647,0.299704932279847,0.1954913548745815,0.1769348912906096,0.3055569038617028,0.2330616264917579,0.2377465908270831,0.2163469841071588,0.234894178306661,0.1468234088086522,0.3526817095003879,0.0,0.0,0.0,0.2917130023431065,0.34808631412075,0.3060977799026499,0.3490415646865926,0.2832641569732647,0.3506756392534583,0.0,0.3185442729472477,0.3125189652756093,0.1926450469898621,0.3396575845489074,0.0,0.2967444559009542,0.1675265227865487,0.3010302749453857,0.2804613508317473,0.2889967754465732,0.0,0.1517395514786023,0.2257170305052402,0.1534664996521083,0.0,0.1890138630249936,0.2126253875308045,0.2385445523992829,0.181905221609386,0.0,0.0,0.0,0.3288817405229663,0.0,0.2537161884628381,0.3210286424697418,0.3318894239536758,0.2831080233153654,0.3326836915502037,0.0,0.2539709488035827,0.0,0.2903493712130705,0.0,0.0,0.0,0.0,0.0,0.3088998431090446,0.3106009007612909,0.0,0.3434673244420791,0.3338264189241305,0.0,0.0,0.0,0.3375086315049848,0.2157697606120601,0.30921107454784,0.0,0.0
0.0,0.0,0.2990325351088631,0.1408730032322506,0.1656448247318229,0.301339865688642,0.2158694952859828,0.2556407999963898,0.3079890707510467,0.1960455253771683,0.3057341999099006,0.2198344899856218,0.2446192731649877,0.1147081030683872,0.0,0.0,0.0,0.0,0.2964456875769465,0.3098519223061892,0.0,0.2975244150109954,0.3151230230977825,0.204628387654736,0.0,0.0,0.3067265649431568,0.2076656417445561,0.2926136924014573,0.0,0.258128178457888,0.20492969670899,0.1919947210227348,0.2038556627874288,0.2310062235038956,0.1517395514786023,0.0,0.1999049627284923,0.1670935446795452,0.0,0.1800542682896502,0.2041213469370116,0.1695165920545123,0.1778221728255297,0.0,0.0,0.0,0.0,0.0,0.0,0.0,0.0,0.0,0.0,0.0,0.0,0.0,0.0,0.0,0.0,0.0,0.0,0.0,0.0,0.0,0.0,0.0,0.0,0.0,0.0,0.0,0.0,0.0,0.0,0.0,0.0
0.2627660203930447,0.0,0.0,0.0,0.2567584400143909,0.2615833381812069,0.2572196281686881,0.0,0.2981815881274933,0.2000274257501813,0.2890519985857832,0.1501238565220902,0.2713697452344597,0.0,0.0,0.0,0.2443676968663409,0.0,0.2683224214183225,0.0,0.0,0.0,0.258021733159232,0.152991629451584,0.2275969207503437,0.2312082454186648,0.0,0.2572479021973632,0.0,0.0,0.192235031769434,0.1586346343203992,0.1268941954022376,0.1541769240390997,0.1679901795083622,0.2257170305052402,0.1999049627284923,0.0,0.1416101682657389,0.1613106217820896,0.1788988616553418,0.1873263004815437,0.0,0.0,0.156760978050083,0.0,0.0,0.0,0.0,0.0,0.0,0.0,0.0,0.0,0.2202102594819709,0.0,0.248787368526567,0.0,0.0,0.0,0.0,0.0,0.0,0.0,0.0,0.0,0.0,0.0,0.2128761970668301,0.2405811893146719,0.2692979486290169,0.0,0.0,0.0,0.0,0.0
0.3083584526253977,0.311353415381635,0.3727763500912894,0.0,0.2798156568869943,0.3386314114369095,0.0,0.3145502687306205,0.3543068524593242,0.1791047718891832,0.2734510934459826,0.1931420172677805,0.2678636309474193,0.3004464959248926,0.3224954846052863,0.2983419714977569,0.3037021841093655,0.3037559715610951,0.3221418230039315,0.3178458118634535,0.3166797117243062,0.3099848483353714,0.3416248899994807,0.0,0.3071483190572467,0.3099431077502594,0.3379184122365838,0.3327003513928249,0.3338056841339667,0.3372657599467792,0.3047962320087709,0.1778107961046274,0.2002899641023032,0.2159048581291064,0.2139676229813332,0.1534664996521083,0.1670935446795452,0.1416101682657389,0.0,0.2419373087013326,0.2491961180798351,0.2497196197808539,0.1773068133438583,0.1891758328125385,0.1620853693512588,0.2954049614780275,0.2861723269201696,0.2904643663871609,0.1833434675280841,0.2324935917512507,0.2822376850476393,0.2468115685044339,0.2656353421766228,0.2945370868096064,0.2506213503515806,0.2454649730350989,0.1826808588798334,0.2590620985330182,0.2091572398964608,0.2962677216456798,0.299321589127374,0.2957090189438467,0.299429721403399,0.2820696039147253,0.2909490173996928,0.2837867406683846,0.2967308225428783,0.2783598074538198,0.2399636426798884,0.2922811875592047,0.2985398600784963,0.2826187070948383,0.2421005921005253,0.2739501809951542,0.2793668444762194,0.2641832977135857
0.2989554833608797,0.3138593097831876,0.0,0.0,0.0,0.0,0.0,0.0,0.0,0.2128772103605014,0.0,0.2521874657487291,0.0,0.0,0.3210430312538995,0.297096604802397,0.2915752296311347,0.280819566962772,0.0,0.2833881042156483,0.323910874706795,0.3294634587440951,0.3360896178346259,0.1966337987741844,0.2881442293208985,0.3015505217752324,0.0,0.0,0.0,0.0,0.2526228508150919,0.2115410599180644,0.1696511871553423,0.1853680642417848,0.1730699846140368,0.0,0.0,0.1613106217820896,0.2419373087013326,0.0,0.2052364100942137,0.294681729667551,0.3021427732236474,0.1637721874272754,0.1426889957267729,0.2515408830241074,0.2493336107529211,0.0,0.0,0.0,0.2706437359028885,0.2771137205061504,0.2982616353837384,0.2793144179005623,0.2343590974566819,0.300819303015709,0.1797016125051933,0.2899293729884022,0.0,0.2895029344603035,0.2658461073345834,0.2496456959121415,0.2437701855746752,0.0,0.2652646494022942,0.2818451785749206,0.2668631554596755,0.285975540810756,0.1674189033671354,0.2355731270975366,0.2554251212646089,0.2728661638618103,0.2163648303646055,0.2608891697446847,0.2488151469236297,0.2469496879433015
