0.0,0.3947604134450592,0.0,0.0,0.0,0.3350037103127274,0.0,0.4836212254806161,0.0,0.0,0.0,0.3299082362397961,0.0,0.0,0.3674473642717037,0.393112249215289,0.0,0.3807837941826334,0.0,0.3884528389989418,0.388814421667275,0.4058110635863567,0.4246807000524324,0.3347443078424981,0.3788163102135201,0.3527833674118757,0.4011405786890628,0.3605788001486095,0.3698708579758845,0.0,0.3411025031174571,0.3876073422845827,0.3395567452673871,0.3329015674916235,0.3760408914876747,0.0,0.0,0.0,0.4688431357239017,0.4741002046601534,0.4884796184780378,0.0,0.0,0.0,0.0,0.4346151135701103,0.5120518932955337,0.0,0.0,0.0,0.0,0.0,0.0,0.0,0.407710195632462,0.0,0.0,0.0,0.0,0.0,0.4855905622040678,0.0,0.4364233541817081,0.0,0.0,0.4451303298819927,0.4846395310490299,0.0,0.3943810254378869,0.4548813281814449,0.5040697784322054,0.0,0.0,0.0,0.0,0.0
0.3947604134450592,0.0,0.0,0.0,0.3554863425412885,0.3881995629275598,0.3885143386044081,0.4747818803332418,0.3588315510071044,0.0,0.0,0.0,0.4104269034010508,0.0,0.3947905749805664,0.3950339408954561,0.0,0.37862739792778,0.0,0.4007123026604516,0.4169486292540159,0.3798989346478916,0.4077173171716164,0.0,0.3865814974000131,0.3943236296995934,0.3933481197449045,0.4054814764267987,0.3895999556477974,0.0,0.3404614269521715,0.3956616176477974,0.3441604028995038,0.3456374662074783,0.3744757712189241,0.0,0.0,0.0,0.4679204438147782,0.4578001160703467,0.4610741696440839,0.4856124165534082,0.0,0.0,0.0,0.4719006346324981,0.483241859708847,0.0,0.0,0.0,0.0,0.0,0.0,0.0,0.0,0.0,0.0,0.0,0.0,0.4873713691106874,0.4735913794750089,0.0,0.4700311501068363,0.0,0.4719452004459191,0.4824281675144401,0.4753844339439361,0.4715908928212565,0.0,0.4868601044785619,0.5037655425867836,0.4741679100465678,0.0,0.4759807282640124,0.0,0.4535415337115524
0.0,0.0,0.0,0.0,0.3755592354601011,0.3920976059124527,0.3906415053347877,0.4513105926493588,0.2737004232959732,0.3875640315130197,0.3182096279367312,0.0,0.4125083783483152,0.4049036290197912,0.0,0.0,0.0,0.0,0.2649996270653677,0.0,0.0,0.0,0.29830852602321,0.0,0.0,0.0,0.2983768824090455,0.4096696170009826,0.0,0.0,0.4180610970180255,0.3837486876262125,0.0,0.4012651944532215,0.4204168915913761,0.3961362092385699,0.3808476173249128,0.0,0.5066008152871292,0.0,0.0,0.0,0.4946617159268978,0.0,0.0,0.0,0.0,0.5747486727681402,0.0,0.5201329175633346,0.5306091672419584,0.0,0.5197715137870743,0.555794554552623,0.0,0.5610239838447986,0.0,0.0,0.5254145206062021,0.0,0.0,0.0,0.0,0.5809951909906907,0.0,0.0,0.0,0.5437117947747068,0.0,0.0,0.0,0.5464717924207101,0.0,0.0,0.0,0.0
0.0,0.0,0.0,0.0,0.2316992011101502,0.3698529145490679,0.2468812673099553,0.3308312566982392,0.3515266902892148,0.2060005982608214,0.3426876259527416,0.0,0.3015125691352878,0.2227249230956872,0.0,0.0,0.0,0.0,0.3336657329806015,0.0,0.0,0.0,0.3654424886244873,0.0,0.0,0.0,0.3604089781819903,0.2024233883051854,0.0,0.0,0.0,0.2567461831744143,0.0,0.2488679268951551,0.2545134493284587,0.1776731338581532,0.1494033132243619,0.0,0.0,0.0,0.0,0.0,0.0,0.0,0.0,0.0,0.0,0.0,0.0,0.0,0.0,0.0,0.0,0.0,0.0,0.0,0.0,0.0,0.0,0.0,0.0,0.0,0.0,0.0,0.0,0.0,0.0,0.0,0.0,0.0,0.0,0.0,0.0,0.0,0.0,0.0
0.0,0.3554863425412885,0.3755592354601011,0.2316992011101502,0.0,0.364930592555036,0.3227428837079386,0.3765113340379891,0.3288666977703995,0.4224798304257202,0.3152432464364785,0.3749848164330726,0.3504374741259434,0.2945162114294824,0.0,0.0,0.0,0.0,0.3478557539390136,0.3778311555432426,0.0,0.389012011421026,0.3766717198234693,0.0,0.4192037229983542,0.0,0.3881528745022919,0.3094914893106179,0.3560193338626325,0.0,0.414187924204954,0.3545966467106775,0.3633530764760009,0.4130255439444812,0.422589780939071,0.2332638570257852,0.2315789292720781,0.3753556087312203,0.0,0.0,0.0,0.0,0.434627684493539,0.0,0.0,0.0,0.0,0.4964812543631329,0.0,0.0,0.0,0.0,0.4489820256467948,0.4613431826196424,0.0,0.4774757309449833,0.0,0.0,0.0,0.0,0.0,0.0,0.0,0.0,0.0,0.0,0.0,0.5017059880656742,0.0,0.0,0.0,0.4797859454460791,0.0,0.0,0.0,0.0
0.3350037103127274,0.3881995629275598,0.3920976059124527,0.3698529145490679,0.364930592555036,0.0,0.3924029789939497,0.385743340741131,0.329249794902196,0.4177120411292487,0.358250693027939,0.0,0.3738416147215157,0.4056079000872554,0.3713463915297562,0.3847654637434747,0.0,0.3395077101815347,0.3544265718533194,0.3753400142476578,0.3631013666189288,0.3876352584430882,0.3765162056236448,0.0,0.3757859696217339,0.3883205547215627,0.3760939594626699,0.3616117434734541,0.3171302963558517,0.3701043780244681,0.4044583106232141,0.3832703308511787,0.3500250255788761,0.4052627618243455,0.4133141757753241,0.400101600501572,0.3980840643733204,0.0,0.4834459839490638,0.0,0.4642205787063758,0.4612206509935199,0.4063011343574656,0.0,0.0,0.0,0.0,0.5385602414754701,0.0,0.0,0.5011128991695506,0.4936595620049913,0.4522618283458901,0.536165138862218,0.0,0.5271802825898171,0.0,0.499978430963803,0.0,0.4545466562512286,0.0,0.0,0.0,0.5418391613980197,0.4522574907815735,0.4069287454520332,0.4249376005632652,0.5003242493230128,0.0,0.0,0.0,0.4971028018280601,0.4899959021882618,0.4788323622987043,0.0,0.4929141321250816
0.0,0.3885143386044081,0.3906415053347877,0.2468812673099553,0.3227428837079386,0.3924029789939497,0.0,0.3969724373580041,0.3557781474343389,0.4064186115737023,0.3824830510169458,0.3708859756529582,0.321949634027983,0.3113338016326939,0.0,0.3483615693100178,0.3947908270818779,0.3829568361135537,0.3881715226175846,0.3930087783937276,0.0,0.4129457506976541,0.3795346085605175,0.4087507660535639,0.3908917976135421,0.4011788552420928,0.3916408595359767,0.3183679769734857,0.398411146379327,0.0,0.3920628868778132,0.3757490724452147,0.3551790619589346,0.394118729801248,0.3995983019129002,0.279898748680642,0.2776373781494987,0.3828870544307133,0.0,0.0,0.0,0.0,0.0,0.0,0.0,0.0,0.0,0.0,0.0,0.0,0.4415073867597703,0.0,0.0,0.0,0.0,0.0,0.0,0.0,0.0,0.0,0.0,0.0,0.0,0.0,0.0,0.0,0.0,0.4895572518136975,0.0,0.0,0.0,0.4668906912307078,0.0,0.0,0.0,0.0
0.4836212254806161,0.4747818803332418,0.4513105926493588,0.3308312566982392,0.3765113340379891,0.385743340741131,0.3969724373580041,0.0,0.4473568463644086,0.3968366709935025,0.3526529307941672,0.0,0.407315843156178,0.3323952964166065,0.4457423754244182,0.4551235709794797,0.0,0.4565727364470274,0.4203168931423575,0.0,0.3942179149162695,0.4484000142408607,0.3671553424900724,0.4955296041283308,0.4683379984182529,0.479307241700679,0.4094963494831399,0.3922147793377402,0.3523946086962555,0.3751546770183344,0.4283899238221089,0.3349589023687578,0.4674795379704854,0.4175581532702115,0.397356197475927,0.27893553140029,0.0,0.0,0.4599536345098246,0.0,0.4679498174469494,0.0,0.4234092245078867,0.0,0.0,0.0,0.0,0.5205639341002919,0.0,0.4697078927377715,0.4837154804077549,0.4767076575878893,0.4118671759443976,0.5215217071593018,0.0,0.4856779505538545,0.0,0.4837264730085761,0.4687559969834665,0.5394550272841944,0.0,0.0,0.0,0.5141826098601918,0.5029640494399359,0.4327606278160899,0.0,0.4799018291951005,0.0,0.0,0.0,0.4816256613157418,0.4746849857941667,0.4734018350872022,0.0,0.490898012452267
0.0,0.3588315510071044,0.2737004232959732,0.3515266902892148,0.3288666977703995,0.329249794902196,0.3557781474343389,0.4473568463644086,0.0,0.4213715153476591,0.3016695237801052,0.3688556498501387,0.3552899156834727,0.3944294192327753,0.0,0.0,0.0,0.0,0.2632319993501898,0.379861470248557,0.0,0.3660299403313418,0.3738443180519612,0.0,0.0,0.0,0.3600913505797091,0.414304143329898,0.3557034631050176,0.0,0.4274395075708952,0.3982609941184801,0.3575534591574191,0.4187842700458085,0.4125021783493661,0.3822630810615088,0.3865233087971317,0.3945432382341755,0.4920418150431915,0.0,0.0,0.0,0.4797506850014058,0.0,0.0,0.0,0.0,0.5424580933887874,0.0,0.0,0.5168212515457573,0.0,0.512969564374516,0.5222439453171446,0.0,0.5270801917658475,0.0,0.0,0.5091662893045242,0.0,0.0,0.0,0.0,0.5432261101422732,0.0,0.0,0.0,0.534501972049728,0.0,0.0,0.0,0.5212806446825371,0.0,0.0,0.0,0.0
0.0,0.0,0.3875640315130197,0.2060005982608214,0.4224798304257202,0.4177120411292487,0.4064186115737023,0.3968366709935025,0.4213715153476591,0.0,0.429199852396544,0.2584524751828658,0.3948118075591673,0.412047172903876,0.0,0.361446361072463,0.3006303398309318,0.3162447757446084,0.4097809055613025,0.0,0.0,0.3523768254569345,0.3959355168124653,0.302191434880477,0.3138767949204137,0.3333065692842994,0.4040499353115981,0.3759402661269996,0.0,0.0,0.3243543882539378,0.2972312013778048,0.3014661754979664,0.3144874284187961,0.3231104416033656,0.273929395213405,0.2871357601888064,0.2733253330950774,0.2378152505516068,0.3341234355533799,0.326449486117646,0.0,0.0,0.0,0.3256013700313542,0.0,0.0,0.0,0.0,0.0,0.0,0.0,0.0,0.0,0.4140192787910927,0.0,0.4013869945523332,0.0,0.0,0.0,0.0,0.422839315609085,0.3571371274254811,0.0,0.0,0.0,0.0,0.0,0.3917256469645956,0.419017061707205,0.4338145819258424,0.0,0.4101644022791306,0.0,0.0,0.3960316357416886
0.0,0.0,0.3182096279367312,0.3426876259527416,0.3152432464364785,0.358250693027939,0.3824830510169458,0.3526529307941672,0.3016695237801052,0.429199852396544,0.0,0.390506134667062,0.4120260162026453,0.2908814671036899,0.0,0.0,0.0,0.0,0.2575361479273227,0.0,0.0,0.0,0.2888077027539358,0.0,0.0,0.0,0.3615865359037756,0.4122774810757316,0.0,0.0,0.4318676019723241,0.3784052220017904,0.3464032102907611,0.4266688357234866,0.4262512920652098,0.3389367274216653,0.3864855633442386,0.3919317499662804,0.4359059001452267,0.0,0.0,0.0,0.4472560206509988,0.0,0.0,0.0,0.0,0.3009143869167175,0.0,0.462345169200601,0.4726827436698955,0.4294844838367135,0.4615767599298945,0.3813652688678255,0.0,0.2986420135231911,0.0,0.4316977435108313,0.0,0.0,0.0,0.0,0.0,0.2879819035047713,0.0,0.0,0.0,0.5085418398186512,0.0,0.0,0.0,0.5032673945154202,0.0,0.0,0.0,0.0
0.3299082362397961,0.0,0.0,0.0,0.3749848164330726,0.0,0.3708859756529582,0.0,0.3688556498501387,0.2584524751828658,0.390506134667062,0.0,0.3753349498716237,0.0,0.0,0.0,0.3488922716575887,0.3616239331461216,0.0,0.0,0.0,0.0,0.0,0.2724054500429943,0.3483869846533501,0.3251347625871982,0.0,0.3559550571455633,0.0,0.0,0.3208682759694019,0.2066530716690689,0.2579428586231654,0.2405591828011991,0.2732503003879446,0.2961777455174056,0.279085824970942,0.2129718753634901,0.2900128841163494,0.3529062276056954,0.3095698584404608,0.0,0.0,0.0,0.3332919928772468,0.0,0.0,0.0,0.0,0.0,0.0,0.0,0.0,0.0,0.4265921407734541,0.0,0.4145389106489733,0.0,0.0,0.0,0.0,0.429058391880788,0.4242776641391751,0.0,0.0,0.0,0.0,0.0,0.3973607255007185,0.4328343846162494,0.4412061652060908,0.0,0.0,0.0,0.0,0.4162392822331786
0.0,0.4104269034010508,0.4125083783483152,0.3015125691352878,0.3504374741259434,0.3738416147215157,0.321949634027983,0.407315843156178,0.3552899156834727,0.3948118075591673,0.4120260162026453,0.3753349498716237,0.0,0.3381317154462608,0.3933272265850359,0.4122569547591701,0.4003349520336732,0.3822072273802822,0.413971153934295,0.3965631960008829,0.3874440825182405,0.4221517106136434,0.3942004179544489,0.3944875852755758,0.4067069977245123,0.4059705187718543,0.402587536645363,0.3144786260135221,0.3693773613150802,0.3488396741955446,0.3637435786354147,0.3855849801482938,0.3722514853364775,0.3924277227046511,0.3948756390776494,0.3065974704927641,0.3332194834117197,0.3968946399918426,0.3517677480430954,0.0,0.0,0.0,0.3736849733106507,0.0,0.0,0.0,0.0,0.4852089238543485,0.0,0.0,0.4944594915590754,0.0,0.4368973719597209,0.0,0.0,0.0,0.0,0.0,0.0,0.0,0.0,0.0,0.0,0.0,0.0,0.0,0.0,0.4962286556075803,0.0,0.0,0.0,0.4917339665427614,0.0,0.4490346441944274,0.0,0.0
0.0,0.0,0.4049036290197912,0.2227249230956872,0.2945162114294824,0.4056079000872554,0.3113338016326939,0.3323952964166065,0.3944294192327753,0.412047172903876,0.2908814671036899,0.0,0.3381317154462608,0.0,0.0,0.0,0.0,0.0,0.3581282068268868,0.0,0.4423871895114584,0.0,0.3709229150016122,0.0,0.0,0.0,0.4266553409739003,0.2626601883202329,0.0,0.0,0.4105354319640124,0.2902345352431946,0.0,0.4058795649927003,0.0,0.2026068865199586,0.1548554817422374,0.0,0.0,0.0,0.0,0.0,0.4241634973798719,0.0,0.0,0.0,0.0,0.4944152124142351,0.0,0.0,0.0,0.0,0.0,0.5011996842774057,0.0,0.4652431146240917,0.0,0.0,0.0,0.0,0.0,0.0,0.0,0.0,0.0,0.0,0.0,0.4931069320103565,0.0,0.0,0.0,0.0,0.0,0.0,0.0,0.0
0.3674473642717037,0.3947905749805664,0.0,0.0,0.0,0.3713463915297562,0.0,0.4457423754244182,0.0,0.0,0.0,0.0,0.3933272265850359,0.0,0.0,0.3945526878046399,0.0,0.3766134062928505,0.0,0.3194529400426903,0.3883053272100334,0.3509027443797181,0.3603600976815398,0.38010456340401,0.3757497620339211,0.3518565078411533,0.3374787217784389,0.3883113894155994,0.3728596247366333,0.0,0.3698596777797854,0.3863708975897114,0.3655947105438566,0.383258269265618,0.4207611945916223,0.4616651194876351,0.0,0.0,0.4835425959466174,0.4854489231654467,0.4958967832923868,0.5035967913042918,0.0,0.0,0.0,0.0,0.4933887431610143,0.0,0.0,0.0,0.4803825167092914,0.0,0.5103051746745487,0.0,0.0,0.0,0.0,0.0,0.0,0.504370146871395,0.4596817531385171,0.0,0.0,0.0,0.4827560462555957,0.471249853621923,0.5033913352785496,0.4949015796956802,0.0,0.0,0.5171374321529767,0.5018469329237459,0.478935088495117,0.4986244052721285,0.0,0.4839647167205002
0.393112249215289,0.3950339408954561,0.0,0.0,0.0,0.3847654637434747,0.3483615693100178,0.4551235709794797,0.0,0.361446361072463,0.0,0.0,0.4122569547591701,0.0,0.3945526878046399,0.0,0.3992778096526706,0.3577237006633414,0.0,0.3647763906937582,0.399296510254958,0.3563105360854351,0.4115616280194261,0.356546373297607,0.4152519733671799,0.4054093584367391,0.3962535242812798,0.3821015280762346,0.3916954649158251,0.3698930122275539,0.3621008093186619,0.4163747522235669,0.3682786776834382,0.3766788760718932,0.4201254838796227,0.0,0.0,0.0,0.4386610309025646,0.4352799985384737,0.4412357090833259,0.461816772892756,0.0,0.0,0.0,0.4520753619428647,0.4734049221079975,0.0,0.0,0.0,0.0,0.0,0.0,0.0,0.0,0.0,0.0,0.0,0.0,0.4703426888920438,0.4620933606484836,0.0,0.4347853374075096,0.0,0.4322081471145471,0.445803582525682,0.4654671007219709,0.0,0.0,0.4564910455242218,0.4831695050207358,0.0,0.0,0.0,0.0,0.4336571686448709
0.0,0.0,0.0,0.0,0.0,0.0,0.3947908270818779,0.0,0.0,0.3006303398309318,0.0,0.3488922716575887,0.4003349520336732,0.0,0.0,0.3992778096526706,0.0,0.2984343291433705,0.0,0.3398470119782733,0.0,0.3440186475886388,0.0,0.3722282023178325,0.34284076150126,0.4003489779855265,0.0,0.3922247276403017,0.0,0.0,0.3480599412505764,0.4233651957922634,0.3471938625799475,0.3660911637976605,0.3684736685649868,0.0,0.0,0.3268080361858477,0.0,0.3737995174259883,0.3967178091097304,0.0,0.0,0.0,0.0,0.0,0.0,0.0,0.0,0.0,0.0,0.0,0.0,0.0,0.4420909001090612,0.0,0.421242411224912,0.0,0.0,0.0,0.0,0.4303680281935481,0.4143409109303281,0.0,0.0,0.0,0.0,0.0,0.4345638089335493,0.4350774918932724,0.4616467138291218,0.0,0.0,0.0,0.0,0.0
0.3807837941826334,0.37862739792778,0.0,0.0,0.0,0.3395077101815347,0.3829568361135537,0.4565727364470274,0.0,0.3162447757446084,0.0,0.3616239331461216,0.3822072273802822,0.0,0.3766134062928505,0.3577237006633414,0.2984343291433705,0.0,0.0,0.372043127815436,0.3921304278977073,0.3829378885823412,0.4008968246524721,0.3555137440946412,0.3622023114789969,0.3853674035923686,0.3796857786752293,0.3699150865117277,0.3717435839885727,0.0,0.3602267444666558,0.4143612906917268,0.3339693890694499,0.3657164035003526,0.3707564567695395,0.0,0.0,0.0,0.4254650593663636,0.4023364844764601,0.4092789263966442,0.434975822927122,0.0,0.0,0.0,0.4275465232974245,0.4541369034885003,0.0,0.0,0.0,0.0,0.0,0.0,0.0,0.4113971347144869,0.0,0.4169176419452345,0.0,0.0,0.0,0.4442615153258341,0.4123691414829111,0.4285468499999393,0.0,0.0,0.0,0.3804039423195722,0.0,0.4334115589149746,0.4309650604840641,0.453695404975136,0.0,0.0,0.0,0.0,0.4091929805527793
0.0,0.0,0.2649996270653677,0.3336657329806015,0.3478557539390136,0.3544265718533194,0.3881715226175846,0.4203168931423575,0.2632319993501898,0.4097809055613025,0.2575361479273227,0.0,0.413971153934295,0.3581282068268868,0.0,0.0,0.0,0.0,0.0,0.0,0.0,0.0,0.3111918065658012,0.0,0.0,0.0,0.3256062612000139,0.416671041834727,0.0,0.0,0.4126326457436592,0.3928581494554867,0.0,0.397347531189259,0.4203047073521809,0.3757312960068391,0.3941092131961274,0.0,0.4755113759471089,0.0,0.0,0.0,0.4746087464000668,0.0,0.0,0.0,0.0,0.5527657214218454,0.0,0.0,0.5033600034788319,0.0,0.507013847151475,0.5358517020701149,0.0,0.5353423726999238,0.0,0.0,0.5077916240005983,0.0,0.0,0.0,0.0,0.5344574632213938,0.0,0.0,0.0,0.5275927500640507,0.0,0.0,0.0,0.5234576494259904,0.0,0.0,0.0,0.0
0.3884528389989418,0.4007123026604516,0.0,0.0,0.3778311555432426,0.3753400142476578,0.3930087783937276,0.0,0.379861470248557,0.0,0.0,0.0,0.3965631960008829,0.0,0.3194529400426903,0.3647763906937582,0.3398470119782733,0.372043127815436,0.0,0.0,0.3956172147556354,0.3273035942468482,0.2563314843162649,0.0,0.387966563343821,0.3947714079723923,0.3280651315938612,0.3552918187786524,0.3197231106986452,0.2830575013444739,0.3366943369706386,0.3782791709595981,0.3357825255824656,0.3665391278729894,0.4025894025288649,0.4303395127227378,0.0,0.0,0.4528960390774303,0.4625915192142684,0.4574279076491959,0.4801955896503059,0.0,0.0,0.0,0.0,0.4458630879576143,0.0,0.0,0.0,0.4724958923846704,0.0,0.505558108595608,0.0,0.0,0.0,0.0,0.0,0.0,0.4930345056943288,0.0,0.0,0.0,0.0,0.4745908556766643,0.4604623165033064,0.475110785664406,0.5003490518260755,0.0,0.0,0.4812027806084736,0.4920419443572611,0.4794309083809438,0.517031259083395,0.0,0.4655017218931654
0.388814421667275,0.4169486292540159,0.0,0.0,0.0,0.3631013666189288,0.0,0.3942179149162695,0.0,0.0,0.0,0.0,0.3874440825182405,0.4423871895114584,0.3883053272100334,0.399296510254958,0.0,0.3921304278977073,0.0,0.3956172147556354,0.0,0.416195032240595,0.3861738969095219,0.4619290087346805,0.395788590566648,0.3987241887303414,0.3998269607750421,0.3950617382814569,0.387910802248726,0.3909347799663123,0.3646543347196154,0.3929290416887055,0.3737506573328658,0.3838021549878415,0.4249643097202634,0.0,0.0,0.0,0.4685572646660756,0.4789137956229987,0.4797213059707712,0.5068038511644231,0.0,0.0,0.0,0.3802810992514293,0.4982469882235899,0.0,0.0,0.0,0.4562526284215153,0.0,0.4249289207354899,0.0,0.0,0.0,0.0,0.0,0.0,0.4926565595921238,0.4763679774309267,0.0,0.0,0.0,0.4770417523840944,0.4233988849831685,0.4994079065666901,0.4599765426266906,0.0,0.4139303036461041,0.5077229713700776,0.4575475892175852,0.4726688682412521,0.4738446101723441,0.0,0.4563677097245895
0.4058110635863567,0.3798989346478916,0.0,0.0,0.389012011421026,0.3876352584430882,0.4129457506976541,0.4484000142408607,0.3660299403313418,0.3523768254569345,0.0,0.0,0.4221517106136434,0.0,0.3509027443797181,0.3563105360854351,0.3440186475886388,0.3829378885823412,0.0,0.3273035942468482,0.416195032240595,0.0,0.3911893060262196,0.0,0.4125604361127168,0.3857896806663615,0.3816699257045904,0.4073499884026955,0.3780349941192589,0.34396406563381,0.3532527200900727,0.3946861167633937,0.3645995289497408,0.3723754490039732,0.4233625234740098,0.4488532347265185,0.0,0.0,0.4654623430292737,0.4696105944821348,0.4718420961576465,0.4924440320974835,0.0,0.0,0.0,0.4818883669860455,0.4837546647229074,0.0,0.0,0.0,0.4683070972058688,0.0,0.0,0.0,0.0,0.0,0.0,0.0,0.0,0.5035211894160464,0.4819611013208291,0.0,0.4128348140442928,0.0,0.4745643548650071,0.4866797912378864,0.488960618654713,0.4836133541701191,0.0,0.4580513090718559,0.5079868814357896,0.4922638244110083,0.0,0.4868274587859005,0.0,0.4725439397871266
0.4246807000524324,0.4077173171716164,0.29830852602321,0.3654424886244873,0.3766717198234693,0.3765162056236448,0.3795346085605175,0.3671553424900724,0.3738443180519612,0.3959355168124653,0.2888077027539358,0.0,0.3942004179544489,0.3709229150016122,0.3603600976815398,0.4115616280194261,0.0,0.4008968246524721,0.3111918065658012,0.2563314843162649,0.3861738969095219,0.3911893060262196,0.0,0.422380807898066,0.4016678023444682,0.4082970157574406,0.3222830704344774,0.38099679190873,0.3471668631740211,0.3619419702501318,0.381782423440801,0.3712485676676345,0.3083136970929231,0.3896517813399061,0.3595012187422468,0.3709507429604788,0.3592313680832508,0.0,0.5024938369671247,0.5065804825690516,0.4944749068285976,0.4630911961352711,0.4760877665672386,0.0,0.0,0.0,0.4537576448451121,0.5253947516625057,0.0,0.5110767760212288,0.5083991373688869,0.5152189899465608,0.4919256309912261,0.5440763376619409,0.0,0.5477315771520002,0.0,0.5040893306106832,0.4959652837400848,0.5002083000229751,0.0,0.0,0.0,0.5568531652236883,0.4891493129241122,0.4634868848734082,0.4790692585760875,0.5088708360912094,0.0,0.0,0.4734705187116694,0.505241134492479,0.4975954094567071,0.4901136202426174,0.5093811159002293,0.5045008249503562
0.3347443078424981,0.0,0.0,0.0,0.0,0.0,0.4087507660535639,0.4955296041283308,0.0,0.302191434880477,0.0,0.2724054500429943,0.3944875852755758,0.0,0.38010456340401,0.356546373297607,0.3722282023178325,0.3555137440946412,0.0,0.0,0.4619290087346805,0.0,0.422380807898066,0.0,0.3424178026032345,0.3337368764605279,0.3714758816715717,0.3596869853897756,0.0,0.0,0.3521116693763954,0.2514956565976267,0.2459401593145616,0.264932837178041,0.2877066794317258,0.0,0.0,0.2467816578346081,0.3245252182041636,0.3526758586932327,0.3193979930739513,0.0,0.0,0.0,0.3207276439184817,0.4219127213943398,0.0,0.0,0.0,0.0,0.0,0.0,0.0,0.0,0.4101690769129001,0.0,0.3698723951860894,0.0,0.0,0.0,0.4544547544535658,0.4425719099055057,0.4516409512052539,0.0,0.0,0.0,0.0,0.0,0.3694376055862359,0.4534966987402338,0.4669402917661858,0.0,0.0,0.0,0.0,0.4311595729468571
0.3788163102135201,0.3865814974000131,0.0,0.0,0.4192037229983542,0.3757859696217339,0.3908917976135421,0.4683379984182529,0.0,0.3138767949204137,0.0,0.3483869846533501,0.4067069977245123,0.0,0.3757497620339211,0.4152519733671799,0.34284076150126,0.3622023114789969,0.0,0.387966563343821,0.395788590566648,0.4125604361127168,0.4016678023444682,0.3424178026032345,0.0,0.3669394530586651,0.3823690386923,0.3969495722750713,0.3728189302838555,0.0,0.3598057981180797,0.3979389024537113,0.3158959699143106,0.3519561525418868,0.3584934947189075,0.0,0.0,0.2933015453795665,0.4500713002844218,0.4222737131848416,0.4257476835776602,0.435933733285463,0.0,0.0,0.0,0.4437011260885032,0.4825370739907955,0.0,0.0,0.0,0.0,0.0,0.0,0.0,0.4434425749785272,0.0,0.4385997435800541,0.0,0.0,0.0,0.47237024216238,0.438441550573345,0.4430238269430221,0.0,0.3947308294106055,0.4368951352235041,0.409209534108471,0.0,0.4310015311698201,0.4497868611537398,0.468671166085399,0.0,0.0,0.0,0.0,0.4301590903456763
0.3527833674118757,0.3943236296995934,0.0,0.0,0.0,0.3883205547215627,0.4011788552420928,0.479307241700679,0.0,0.3333065692842994,0.0,0.3251347625871982,0.4059705187718543,0.0,0.3518565078411533,0.4054093584367391,0.4003489779855265,0.3853674035923686,0.0,0.3947714079723923,0.3987241887303414,0.3857896806663615,0.4082970157574406,0.3337368764605279,0.3669394530586651,0.0,0.3985447231373698,0.3790882225047493,0.3747635514509412,0.0,0.3607595329119625,0.3993041893399431,0.3515403586264283,0.3620237421683631,0.3985771345531658,0.407871788910574,0.0,0.3367050803433077,0.4557368653740083,0.4478264638220279,0.4520006045087272,0.4424069402523891,0.0,0.0,0.3777733608506805,0.4506239511742376,0.4956150000865782,0.0,0.0,0.0,0.0,0.0,0.0,0.0,0.4669155692000311,0.0,0.4579204136925991,0.0,0.0,0.5031665933598426,0.4813035658313209,0.4580499956325078,0.4555158554089967,0.0,0.4742931493025589,0.4790724977530727,0.4931185081917554,0.4616744992598753,0.4377102833603533,0.4610269147048597,0.4832085767925357,0.4568181087181703,0.0,0.4479503664077993,0.0,0.4492634132498495
0.4011405786890628,0.3933481197449045,0.2983768824090455,0.3604089781819903,0.3881528745022919,0.3760939594626699,0.3916408595359767,0.4094963494831399,0.3600913505797091,0.4040499353115981,0.3615865359037756,0.0,0.402587536645363,0.4266553409739003,0.3374787217784389,0.3962535242812798,0.0,0.3796857786752293,0.3256062612000139,0.3280651315938612,0.3998269607750421,0.3816699257045904,0.3222830704344774,0.3714758816715717,0.3823690386923,0.3985447231373698,0.0,0.3805841231253073,0.3423856793561761,0.3592371678442073,0.3658175311667895,0.3750139136032014,0.3410925590807137,0.3858521209247232,0.391793812418333,0.3878927047675539,0.3851210619794341,0.0,0.4864915061274882,0.0,0.480534377033273,0.50335095040008,0.4515466522822754,0.0,0.0,0.0,0.4108512929145344,0.5556132005021217,0.0,0.0,0.4934571420896541,0.4929516641295012,0.5002602621487376,0.5534827311578043,0.0,0.5509802840333226,0.0,0.4946912832093191,0.4425483107828641,0.4986035480754989,0.0,0.0,0.0,0.5618330806261453,0.4878200900572569,0.4535484987994795,0.4735355593482883,0.5008000665053619,0.0,0.0,0.4656692505984204,0.4941691372789584,0.4917439074885549,0.4908999407900617,0.4917119375276363,0.4886708610744035
0.3605788001486095,0.4054814764267987,0.4096696170009826,0.2024233883051854,0.3094914893106179,0.3616117434734541,0.3183679769734857,0.3922147793377402,0.414304143329898,0.3759402661269996,0.4122774810757316,0.3559550571455633,0.3144786260135221,0.2626601883202329,0.3883113894155994,0.3821015280762346,0.3922247276403017,0.3699150865117277,0.416671041834727,0.3552918187786524,0.3950617382814569,0.4073499884026955,0.38099679190873,0.3596869853897756,0.3969495722750713,0.3790882225047493,0.3805841231253073,0.0,0.3010227081399646,0.3090914541251053,0.3489657729202265,0.3807129400191734,0.3440675604748213,0.3637363765075335,0.3876200296462693,0.2237222014371562,0.2347676517843606,0.3602782202588979,0.3626306783808217,0.0,0.3488682371304855,0.3718645137865988,0.3535055138496228,0.0,0.0,0.0,0.0,0.0,0.0,0.0,0.4843497914441989,0.0,0.4204123319397692,0.0,0.0,0.0,0.0,0.0,0.0,0.4712994825001181,0.0,0.0,0.0,0.0,0.479814762702679,0.445013031694063,0.0,0.4858712260416183,0.0,0.0,0.0,0.4850048953768315,0.4780365446013752,0.4844843023197215,0.0,0.4521347142982843
0.3698708579758845,0.3895999556477974,0.0,0.0,0.3560193338626325,0.3171302963558517,0.398411146379327,0.3523946086962555,0.3557034631050176,0.0,0.0,0.0,0.3693773613150802,0.0,0.3728596247366333,0.3916954649158251,0.0,0.3717435839885727,0.0,0.3197231106986452,0.387910802248726,0.3780349941192589,0.3471668631740211,0.0,0.3728189302838555,0.3747635514509412,0.3423856793561761,0.3010227081399646,0.0,0.3012743670944073,0.3376374043209502,0.3596169809022177,0.3142395570350466,0.3702175523923128,0.3988830186101833,0.4476319795222243,0.0,0.0,0.4503357228783531,0.0,0.4213081109062658,0.4648847980335737,0.0,0.0,0.0,0.0,0.4222832052703649,0.0,0.0,0.0,0.4753324630385701,0.0,0.475147537579855,0.0,0.0,0.0,0.0,0.4563003468626487,0.0,0.4922920884035145,0.0,0.0,0.0,0.0,0.4817207257730993,0.4563537475232495,0.4673465581645438,0.4848496347435677,0.0,0.0,0.4527211046915806,0.4814532988055813,0.4862501532101897,0.4802352714888265,0.0,0.4809257364783353
0.0,0.0,0.0,0.0,0.0,0.3701043780244681,0.0,0.3751546770183344,0.0,0.0,0.0,0.0,0.3488396741955446,0.0,0.0,0.3698930122275539,0.0,0.0,0.0,0.2830575013444739,0.3909347799663123,0.34396406563381,0.3619419702501318,0.0,0.0,0.0,0.3592371678442073,0.3090914541251053,0.3012743670944073,0.0,0.3125029031927863,0.3830230859825631,0.0,0.3575294297569246,0.3827507837118437,0.0,0.0,0.0,0.4425491822849284,0.0,0.0,0.0,0.0,0.0,0.0,0.0,0.0,0.0,0.0,0.0,0.0,0.0,0.0,0.0,0.0,0.0,0.0,0.0,0.0,0.0,0.0,0.0,0.0,0.0,0.4579343932799986,0.0,0.0,0.4962066627677156,0.0,0.0,0.0,0.4865786557663552,0.0,0.0,0.0,0.0
0.3411025031174571,0.3404614269521715,0.4180610970180255,0.0,0.414187924204954,0.4044583106232141,0.3920628868778132,0.4283899238221089,0.4274395075708952,0.3243543882539378,0.4318676019723241,0.3208682759694019,0.3637435786354147,0.4105354319640124,0.3698596777797854,0.3621008093186619,0.3480599412505764,0.3602267444666558,0.4126326457436592,0.3366943369706386,0.3646543347196154,0.3532527200900727,0.381782423440801,0.3521116693763954,0.3598057981180797,0.3607595329119625,0.3658175311667895,0.3489657729202265,0.3376374043209502,0.3125029031927863,0.0,0.3659628112917543,0.3026158710654936,0.265882681716929,0.2514060788218584,0.3701558294736216,0.0,0.3009843069184889,0.4235070465492195,0.3782447330444652,0.36109400190912,0.0,0.0,0.0,0.0,0.3837427337196858,0.448352587153407,0.0,0.0,0.0,0.4731708846773164,0.0,0.0,0.0,0.3566563351756491,0.0,0.376407923703331,0.0,0.0,0.4729764218914966,0.4291939150527571,0.0,0.4144877174767252,0.0,0.4661154098369923,0.4260301325109188,0.4553254974915915,0.4927784170250951,0.0,0.4226972383571434,0.4533287177150407,0.4918056115782927,0.4552852620495773,0.478122608678022,0.0,0.3900441577191366
0.3876073422845827,0.3956616176477974,0.3837486876262125,0.2567461831744143,0.3545966467106775,0.3832703308511787,0.3757490724452147,0.3349589023687578,0.3982609941184801,0.2972312013778048,0.3784052220017904,0.2066530716690689,0.3855849801482938,0.2902345352431946,0.3863708975897114,0.4163747522235669,0.4233651957922634,0.4143612906917268,0.3928581494554867,0.3782791709595981,0.3929290416887055,0.3946861167633937,0.3712485676676345,0.2514956565976267,0.3979389024537113,0.3993041893399431,0.3750139136032014,0.3807129400191734,0.3596169809022177,0.3830230859825631,0.3659628112917543,0.0,0.3336219675543243,0.3596520813526542,0.3727132192652947,0.2666129154404932,0.2925652389345451,0.2375360409075525,0.301956989669512,0.3166192967924162,0.3318047559260885,0.3309874133552749,0.2797157927501471,0.2670301097452066,0.2660993660561432,0.4357891062937383,0.4727014974919661,0.4786834074732838,0.0,0.0,0.4799575299898365,0.0,0.4414078822629388,0.4727901631500069,0.3016785854661064,0.4301459797158098,0.2522605459538675,0.3648304090011371,0.0,0.4768324527453415,0.4468433366201017,0.0,0.4278341510467882,0.4366731348465096,0.4466457018270616,0.4573748234707688,0.4586783765714851,0.4889155705194503,0.2480792693774029,0.445410462962801,0.4563818897485568,0.4762279043850532,0.3537760430446294,0.469152737148232,0.0,0.4562256159696434
0.3395567452673871,0.3441604028995038,0.0,0.0,0.3633530764760009,0.3500250255788761,0.3551790619589346,0.4674795379704854,0.3575534591574191,0.3014661754979664,0.3464032102907611,0.2579428586231654,0.3722514853364775,0.0,0.3655947105438566,0.3682786776834382,0.3471938625799475,0.3339693890694499,0.0,0.3357825255824656,0.3737506573328658,0.3645995289497408,0.3083136970929231,0.2459401593145616,0.3158959699143106,0.3515403586264283,0.3410925590807137,0.3440675604748213,0.3142395570350466,0.0,0.3026158710654936,0.3336219675543243,0.0,0.2710005692268402,0.3932752440612487,0.260997318511362,0.2711897440533529,0.1983588697488848,0.3215680484742654,0.2682321610664623,0.3047822668111973,0.328982518570342,0.0,0.0,0.2381702002046092,0.4054848037870346,0.4731158802478321,0.0,0.0,0.0,0.0,0.0,0.0,0.0,0.3567078016459239,0.0,0.3117575375184132,0.0,0.0,0.4904255717968754,0.4481451294056974,0.3754780838608695,0.3903443075961014,0.0,0.4336701018317053,0.4470155603090235,0.4635719736061384,0.4603916064879788,0.3402159331812855,0.4027005241705736,0.4371576389578847,0.4731385208603959,0.0,0.4195445310765837,0.0,0.3763293526137969
0.3329015674916235,0.3456374662074783,0.4012651944532215,0.2488679268951551,0.4130255439444812,0.4052627618243455,0.394118729801248,0.4175581532702115,0.4187842700458085,0.3144874284187961,0.4266688357234866,0.2405591828011991,0.3924277227046511,0.4058795649927003,0.383258269265618,0.3766788760718932,0.3660911637976605,0.3657164035003526,0.397347531189259,0.3665391278729894,0.3838021549878415,0.3723754490039732,0.3896517813399061,0.264932837178041,0.3519561525418868,0.3620237421683631,0.3858521209247232,0.3637363765075335,0.3702175523923128,0.3575294297569246,0.265882681716929,0.3596520813526542,0.2710005692268402,0.0,0.2873651317020859,0.3546558346830056,0.2938215615748283,0.2331524007656831,0.3384726486899166,0.3015434896318421,0.3022533258358103,0.3580027570055413,0.2945939643842411,0.0,0.2776244155213735,0.4060127270570879,0.4651824517759453,0.0,0.0,0.0,0.4958857798683826,0.0,0.4822992509064064,0.0,0.3433779541785763,0.0,0.2774851748997463,0.0,0.0,0.4900009410870392,0.4403738012703077,0.0,0.4230890884274335,0.0,0.4776251325332589,0.4461359117455256,0.477820137311692,0.4927485932191868,0.3631217528851609,0.4244217870262532,0.4647153295313517,0.4935368617282302,0.3403484633669465,0.4945415313538357,0.0,0.4276524319457627
0.3760408914876747,0.3744757712189241,0.4204168915913761,0.2545134493284587,0.422589780939071,0.4133141757753241,0.3995983019129002,0.397356197475927,0.4125021783493661,0.3231104416033656,0.4262512920652098,0.2732503003879446,0.3948756390776494,0.0,0.4207611945916223,0.4201254838796227,0.3684736685649868,0.3707564567695395,0.4203047073521809,0.4025894025288649,0.4249643097202634,0.4233625234740098,0.3595012187422468,0.2877066794317258,0.3584934947189075,0.3985771345531658,0.391793812418333,0.3876200296462693,0.3988830186101833,0.3827507837118437,0.2514060788218584,0.3727132192652947,0.3932752440612487,0.2873651317020859,0.0,0.4200021422524324,0.3169059703874724,0.2874360391083012,0.316492524363032,0.357580011233101,0.361494901577195,0.3934057605814921,0.2790174900925616,0.2778707902850557,0.3395814839023505,0.0,0.4813493161560011,0.0,0.0,0.0,0.0,0.0,0.0,0.0,0.0,0.0,0.2952364310413273,0.0,0.0,0.4899911963758414,0.4532844096283751,0.0,0.4324249883605396,0.0,0.4209332677212428,0.0,0.5052581408961936,0.44593658314848,0.0,0.4173115487439873,0.4441978782006066,0.5048895265555116,0.0,0.4774039694707983,0.0,0.0
0.0,0.0,0.3961362092385699,0.1776731338581532,0.2332638570257852,0.400101600501572,0.279898748680642,0.27893553140029,0.3822630810615088,0.273929395213405,0.3389367274216653,0.2961777455174056,0.3065974704927641,0.2026068865199586,0.4616651194876351,0.0,0.0,0.0,0.3757312960068391,0.4303395127227378,0.0,0.4488532347265185,0.3709507429604788,0.0,0.0,0.407871788910574,0.3878927047675539,0.2237222014371562,0.4476319795222243,0.0,0.3701558294736216,0.2666129154404932,0.260997318511362,0.3546558346830056,0.4200021422524324,0.0,0.1743532850287743,0.2809593095007572,0.2701558124287943,0.0,0.3073819606964914,0.3265913752604003,0.3003381909843537,0.2568196314672737,0.0,0.0,0.0,0.4866867317678112,0.0,0.0,0.3897667417497805,0.346437038312871,0.4115465688495053,0.4730109814657927,0.0,0.4477899401335125,0.2778911736421344,0.3885776583998301,0.0,0.0,0.0,0.0,0.0,0.4753482492638318,0.0,0.0,0.0,0.4484134852403323,0.0,0.0,0.0,0.4034031673653923,0.2885101011243972,0.3706145938062513,0.0,0.0
0.0,0.0,0.3808476173249128,0.1494033132243619,0.2315789292720781,0.3980840643733204,0.2776373781494987,0.0,0.3865233087971317,0.2871357601888064,0.3864855633442386,0.279085824970942,0.3332194834117197,0.1548554817422374,0.0,0.0,0.0,0.0,0.3941092131961274,0.0,0.0,0.0,0.3592313680832508,0.0,0.0,0.0,0.3851210619794341,0.2347676517843606,0.0,0.0,0.0,0.2925652389345451,0.2711897440533529,0.2938215615748283,0.3169059703874724,0.1743532850287743,0.0,0.3174842493304829,0.2506578237854812,0.0,0.305492743935661,0.3158297418245797,0.0,0.0,0.0,0.0,0.0,0.0,0.0,0.0,0.0,0.0,0.0,0.0,0.0,0.0,0.0,0.0,0.0,0.0,0.0,0.0,0.0,0.0,0.0,0.0,0.0,0.0,0.0,0.0,0.0,0.0,0.0,0.0,0.0,0.0
0.0,0.0,0.0,0.0,0.3753556087312203,0.0,0.3828870544307133,0.0,0.3945432382341755,0.2733253330950774,0.3919317499662804,0.2129718753634901,0.3968946399918426,0.0,0.0,0.0,0.3268080361858477,0.0,0.0,0.0,0.0,0.0,0.0,0.2467816578346081,0.2933015453795665,0.3367050803433077,0.0,0.3602782202588979,0.0,0.0,0.3009843069184889,0.2375360409075525,0.1983588697488848,0.2331524007656831,0.2874360391083012,0.2809593095007572,0.3174842493304829,0.0,0.2539979748499273,0.2410442659531097,0.2630025942838184,0.3513453701503967,0.0,0.0,0.2358699206408685,0.0,0.0,0.0,0.0,0.0,0.0,0.0,0.0,0.0,0.3313167029014424,0.0,0.2693007502510806,0.0,0.0,0.0,0.0,0.0,0.0,0.0,0.0,0.0,0.0,0.0,0.3574174331533407,0.0,0.392111436332064,0.0,0.0,0.0,0.0,0.0
0.4688431357239017,0.4679204438147782,0.5066008152871292,0.0,0.0,0.4834459839490638,0.0,0.4599536345098246,0.4920418150431915,0.2378152505516068,0.4359059001452267,0.2900128841163494,0.3517677480430954,0.0,0.4835425959466174,0.4386610309025646,0.0,0.4254650593663636,0.4755113759471089,0.4528960390774303,0.4685572646660756,0.4654623430292737,0.5024938369671247,0.3245252182041636,0.4500713002844218,0.4557368653740083,0.4864915061274882,0.3626306783808217,0.4503357228783531,0.4425491822849284,0.4235070465492195,0.301956989669512,0.3215680484742654,0.3384726486899166,0.316492524363032,0.2701558124287943,0.2506578237854812,0.2539979748499273,0.0,0.3315292926671227,0.3811017714767966,0.3684662120994063,0.2853652675607246,0.2840121196239766,0.2528461507349872,0.4016836429231684,0.3783561389144901,0.4266687036352709,0.27353668257364,0.3855747612650145,0.4029476152573826,0.39113850396641,0.3634081479044302,0.4257341763863652,0.3265398197356353,0.3757122278206657,0.2392622392115684,0.397106164621273,0.2988298775403405,0.3937202245285079,0.4169787755167746,0.3974358328785697,0.4087435844092128,0.4113382474143189,0.401672889793402,0.3968708341667146,0.3971149773906676,0.3830809154262523,0.2792648622127625,0.390658723213161,0.4001952577581628,0.3923141989580224,0.3726792642365453,0.3954763490855156,0.3939561088883841,0.3848988725043214
0.4741002046601534,0.4578001160703467,0.0,0.0,0.0,0.0,0.0,0.0,0.0,0.3341234355533799,0.0,0.3529062276056954,0.0,0.0,0.4854489231654467,0.4352799985384737,0.3737995174259883,0.4023364844764601,0.0,0.4625915192142684,0.4789137956229987,0.4696105944821348,0.5065804825690516,0.3526758586932327,0.4222737131848416,0.4478264638220279,0.0,0.0,0.0,0.0,0.3782447330444652,0.3166192967924162,0.2682321610664623,0.3015434896318421,0.357580011233101,0.0,0.0,0.2410442659531097,0.3315292926671227,0.0,0.2710253868998431,0.3762468580902366,0.4238194605529525,0.2800598461336053,0.2189042501706174,0.3398087233600624,0.3456332793414494,0.0,0.0,0.4367160372369464,0.3934591079763722,0.4219382524095598,0.4172393522632963,0.4229652095905566,0.3143457987091077,0.4189054391202645,0.2643526189342341,0.4300485794283027,0.0,0.3721840506073776,0.3646896760860624,0.3178092014765801,0.3261822721579301,0.0,0.3581514697118723,0.3578383745078188,0.3585996042443435,0.3827582377481193,0.2791880028854445,0.3066111499075174,0.3499492738385755,0.3768686086831096,0.3779837023378943,0.36064310248728,0.3444017735830112,0.3092637301917643
0.4884796184780378,0.4610741696440839,0.0,0.0,0.0,0.4642205787063758,0.0,0.4679498174469494,0.0,0.326449486117646,0.0,0.3095698584404608,0.0,0.0,0.4958967832923868,0.4412357090833259,0.3967178091097304,0.4092789263966442,0.0,0.4574279076491959,0.4797213059707712,0.4718420961576465,0.4944749068285976,0.3193979930739513,0.4257476835776602,0.4520006045087272,0.480534377033273,0.3488682371304855,0.4213081109062658,0.0,0.36109400190912,0.3318047559260885,0.3047822668111973,0.3022533258358103,0.361494901577195,0.3073819606964914,0.305492743935661,0.2630025942838184,0.3811017714767966,0.2710253868998431,0.0,0.3472996476309253,0.4141014241934623,0.337812992887905,0.2431838534889296,0.3504947894226455,0.3508776754022742,0.4410711035591459,0.3044414639093985,0.4345298228546768,0.4200913403679789,0.4119809583175594,0.4146600313795324,0.4371440986802243,0.3066551161712406,0.4203150248141718,0.2570606724702099,0.4011273544781824,0.4153955114401756,0.3863099434742759,0.3875473911393723,0.3493663093527004,0.3586530824982916,0.4272036774450305,0.382350437736913,0.3770454385589326,0.378890069639351,0.3956270510183556,0.2887862006971299,0.3363171853162739,0.3622552454528588,0.3974232875100921,0.3622984592998719,0.38883392008618,0.3668312452287077,0.267541091802225
