0.0,0.386644404307261,0.0,0.0,0.0,0.4249350195512814,0.0,0.4793318789035303,0.0,0.4014241201899553,0.0,0.3745262622857038,0.34609005717263,0.0,0.3453219857497568,0.3675230155060327,0.0,0.3661531854317973,0.0,0.3738881359628714,0.4081807007918283,0.3639791291980268,0.4360619663502552,0.3629405598903985,0.3627310320374379,0.3510252178461568,0.4270217047815165,0.3804090690973966,0.4063440718320148,0.0,0.3383693239967437,0.3813115789068311,0.3001578283808109,0.3267070674753013,0.3680882817745309,0.0,0.0,0.3748970087399745,0.4213563136394607,0.4116404173375662,0.4190790175917557,0.0,0.0,0.0,0.0,0.3653430269767154,0.4364251554007931,0.0,0.0,0.0,0.0,0.0,0.0,0.0,0.0,0.0,0.0,0.0,0.0,0.0,0.4217523508666033,0.0,0.4680564858783159,0.0,0.0,0.308358061412396,0.4312960368051121,0.0,0.0,0.4299458238838529,0.4430305073591342,0.0,0.0,0.0,0.0,0.4069954833474024
0.386644404307261,0.0,0.0,0.0,0.406366189684788,0.3998495384175862,0.4982142205071005,0.4283259634157708,0.4381233949356196,0.0,0.0,0.0,0.4391083131600981,0.0,0.3891016382565868,0.3640039808291203,0.3207244956583378,0.3694931958804006,0.0,0.3936509090852498,0.3999265623479142,0.3572371575489166,0.4018944346651893,0.0,0.3633923035347733,0.3500376075063008,0.3957340964439795,0.4456000110079209,0.4078210262828149,0.0,0.3292959913203429,0.3829431740156844,0.3141548973705314,0.3332833575330468,0.3806220412453558,0.0,0.0,0.0,0.4374312737138598,0.4162992860618613,0.4175577964089769,0.4401599040040133,0.0,0.0,0.0,0.4288275215827064,0.4307797279839407,0.0,0.0,0.0,0.4166901305325396,0.0,0.0,0.0,0.0,0.0,0.0,0.0,0.0,0.4548427774576413,0.4244167212879221,0.0,0.439738962169767,0.0,0.4398696629887483,0.4579918465927233,0.4316665087319206,0.4719436623786265,0.0,0.4318558020272314,0.4517360585880548,0.4533254013058206,0.0,0.4463853129240583,0.0,0.4136107697159776
0.0,0.0,0.0,0.3547055032467245,0.3912145995323379,0.3744862137877915,0.4301336166729068,0.4214429313536001,0.2879292215678447,0.4153250129886052,0.3048087292751991,0.3244320861553584,0.4394850169535048,0.4142670777986845,0.0,0.0,0.0,0.0,0.2523512595445899,0.0,0.0,0.0,0.2827633066097344,0.0,0.0,0.0,0.3276288229379836,0.4615063853062962,0.0,0.0,0.470443412228952,0.4512804711135463,0.0,0.4935812436532935,0.446882769002261,0.4243278723099727,0.4320933265044458,0.0,0.456412782671918,0.0,0.4177194882260163,0.0,0.4510200978019502,0.0,0.0,0.0,0.0,0.4198573550827795,0.0,0.4765866393616399,0.5171942764114769,0.6395666111238857,0.4989254164870013,0.4471941334739328,0.0,0.452581913310585,0.0,0.501040298416518,0.4764606897518599,0.0,0.0,0.0,0.0,0.3615378711727239,0.0,0.0,0.0,0.5326169840294853,0.0,0.0,0.0,0.5482590958213133,0.4503446429184101,0.0,0.0,0.0
0.0,0.0,0.3547055032467245,0.0,0.331655110632588,0.3998089895556768,0.3478124408047892,0.3561653518496436,0.4308399072065574,0.3153130951662999,0.390503023550322,0.0,0.3059529970217269,0.2747166932731593,0.0,0.0,0.0,0.0,0.4282717540452337,0.4178549846665675,0.0,0.0,0.4035587912386095,0.0,0.0,0.0,0.4068117552458476,0.2753730965426913,0.0,0.0,0.3316876325775884,0.2848326368543844,0.0,0.2483132172507332,0.3101296448334872,0.1824713399026693,0.160873216185287,0.2308579912701715,0.0,0.0,0.0,0.0,0.0,0.0,0.0,0.0,0.0,0.0,0.0,0.0,0.0,0.0,0.0,0.0,0.0,0.0,0.0,0.0,0.0,0.0,0.0,0.0,0.0,0.0,0.0,0.0,0.0,0.0,0.0,0.0,0.0,0.0,0.0,0.0,0.0,0.0
0.0,0.406366189684788,0.3912145995323379,0.331655110632588,0.0,0.3595321112482288,0.3142045120612474,0.3751854947692006,0.3176740449630232,0.5426219416674751,0.3322734849868995,0.4501075810944133,0.3571821735689809,0.3199817451291061,0.0,0.3807919652996719,0.0,0.0,0.3396102902017334,0.4248362110555092,0.0,0.4345751630704531,0.3776778533609183,0.0,0.3898356710605853,0.358084180967606,0.3644470453231795,0.3979030645121774,0.3906865123281369,0.0,0.4333436057681838,0.3760748936398809,0.3582022883248482,0.4319084642124754,0.4210353055509467,0.2698216026773244,0.2880014441377275,0.3737321847586677,0.3603947290792012,0.0,0.0,0.0,0.3355070481352371,0.0,0.0,0.0,0.0,0.4558103163997165,0.0,0.3368416079074933,0.4700731078946722,0.0,0.4578591478556321,0.4363357260847669,0.0,0.3761118591437956,0.0,0.0,0.0,0.0,0.0,0.0,0.0,0.4206697329649222,0.0,0.0,0.0,0.505011679569976,0.0,0.0,0.0,0.5227135009941063,0.0,0.0,0.0,0.0
0.4249350195512814,0.3998495384175862,0.3744862137877915,0.3998089895556768,0.3595321112482288,0.0,0.3844118913157313,0.3984737240083906,0.2953055014415424,0.4739626630985608,0.3644264464080186,0.3555408845266903,0.3586223104124926,0.4119619970014918,0.4065095785327053,0.4012082689529234,0.3062168402629066,0.4392821530664304,0.3245907625538549,0.3953956800870768,0.4248875608489098,0.4086758642378215,0.366116603206878,0.0,0.3756414643019773,0.3985138080176741,0.3325828992255911,0.3654979714759442,0.3040794644988175,0.4044186924484944,0.4306318652530081,0.4217961177882494,0.3622905302345215,0.4325093334692511,0.431298418198458,0.409255325230473,0.4188241608737989,0.3561425019041962,0.476527341356579,0.0,0.5044590923492137,0.402281571823966,0.4631059995074082,0.0,0.0,0.0,0.3038706214202446,0.515785786128792,0.0,0.4370535090769092,0.4846764829037478,0.5866895149967275,0.4677193318876137,0.5090131659933856,0.0,0.4706429095785137,0.0,0.5514968527213153,0.0,0.4342702393518242,0.0,0.0,0.0,0.5067222508279102,0.4507104533795655,0.4251389601596615,0.5086580167220913,0.4977307759541766,0.0,0.0,0.3875346081970807,0.4872595757105345,0.5232963571002877,0.4892980294217863,0.4541419239732494,0.5053550488072581
0.0,0.4982142205071005,0.4301336166729068,0.3478124408047892,0.3142045120612474,0.3844118913157313,0.0,0.4215226034276764,0.3186879935849728,0.528138797151423,0.4376769671192173,0.4362999041052184,0.2971194465095454,0.345134306708761,0.0,0.449882068338519,0.4159327371864731,0.4348395867725478,0.4308049768813308,0.429900427759695,0.0,0.4500449480652542,0.4033342261753174,0.3915528506466538,0.4406315674586991,0.4245004589614251,0.3918847422612551,0.3577333252810669,0.4091019120758463,0.0,0.3922898707763905,0.4021655121677242,0.373998256078666,0.4101951911860703,0.3990314186497168,0.2863663535730147,0.2955326580725134,0.3907754171363165,0.4162491380632849,0.0,0.3213269532330653,0.0,0.0,0.0,0.0,0.0,0.0,0.4517043761358764,0.0,0.0,0.5010482971812333,0.0,0.0,0.4052590860571922,0.0,0.3105121107552549,0.0,0.0,0.0,0.0,0.0,0.0,0.0,0.0,0.0,0.0,0.0,0.5133766729949,0.0,0.0,0.0,0.5273482681009176,0.0,0.0,0.0,0.0
0.4793318789035303,0.4283259634157708,0.4214429313536001,0.3561653518496436,0.3751854947692006,0.3984737240083906,0.4215226034276764,0.0,0.4373015040124313,0.4054423466604515,0.3051019464723015,0.3808761362064239,0.4327661884295789,0.3268557626709346,0.4217033901124513,0.425212553927439,0.0,0.4374018140495377,0.3949314134694437,0.3975934938720912,0.3566799912822054,0.4127933575586668,0.3519584003594294,0.4917304472291287,0.4524224656109438,0.4509458374502954,0.4188581465421627,0.4366760623131112,0.3955132777785749,0.4193349039473388,0.4379636440539431,0.3936645180478093,0.3670059579176706,0.4387616538718827,0.4647440976383257,0.2521197394765944,0.3781741524782331,0.0,0.4518929644787279,0.0,0.4799090624469523,0.0,0.3891539458625587,0.0,0.0,0.0,0.0,0.4823377687092643,0.0,0.4165219227145598,0.4509146836568113,0.4801732481734071,0.367013903758249,0.4916168617029411,0.0,0.4237175303167851,0.0,0.474064171600256,0.3609587964929338,0.4889493615679328,0.0,0.0,0.0,0.4932021805901901,0.478300554702153,0.5273210490274339,0.0,0.4706575831899395,0.0,0.0,0.0,0.4727460103961951,0.4936653990301146,0.4815188691621254,0.0,0.486017394713613
0.0,0.4381233949356196,0.2879292215678447,0.4308399072065574,0.3176740449630232,0.2953055014415424,0.3186879935849728,0.4373015040124313,0.0,0.5088584897275645,0.3022273035150735,0.505440558284727,0.3446595441961065,0.4339286699732501,0.0,0.3557157999445935,0.0,0.3236791375404663,0.2452439937050307,0.4124758066716397,0.0,0.417431440766709,0.381588967732779,0.3485775301357627,0.0,0.3676048757425215,0.3260189608682934,0.4359554908182996,0.3841296211615038,0.4059503320894921,0.4541414134375644,0.4197078351851098,0.3786302077989193,0.4567934410888486,0.4563651519293271,0.4399728625422199,0.4528332986472905,0.4777298527506733,0.445539208629912,0.0,0.335077086810752,0.0,0.4480695700005433,0.0,0.0,0.0,0.0,0.5201253814357449,0.0,0.4290819855327273,0.5099180627128194,0.5139166330284644,0.491121230226728,0.518439398711126,0.0,0.4117804672794355,0.0,0.4599533913431743,0.4610891090912752,0.0,0.0,0.0,0.0,0.5109597512425867,0.0,0.0,0.0,0.5274770026910056,0.0,0.0,0.0,0.5143053890818838,0.4607300782546207,0.0,0.0,0.0
0.4014241201899553,0.0,0.4153250129886052,0.3153130951662999,0.5426219416674751,0.4739626630985608,0.528138797151423,0.4054423466604515,0.5088584897275645,0.0,0.4879772808359811,0.3268436742044548,0.4248253487499301,0.0,0.0,0.3875943120944471,0.3574782054042398,0.35735993905391,0.4614275212706203,0.2749471918185068,0.0,0.3070481052181174,0.4548656967693727,0.3467632504473734,0.3195665306556174,0.3326093685452543,0.4574029121975272,0.4034563250985951,0.3455813217202777,0.0,0.3423992680376121,0.3155921341937505,0.2882933562603825,0.3283373390751467,0.2818857968483851,0.265450745358398,0.2004014379219496,0.310920868962614,0.311352001400331,0.3303962547495244,0.3217901752453274,0.0,0.0,0.0,0.3222859981101164,0.0,0.0,0.0,0.0,0.0,0.0,0.0,0.0,0.0,0.4114871133832543,0.0,0.4150418994688549,0.3857224304619617,0.0,0.0,0.0,0.371925865295834,0.3512209918801434,0.0,0.0,0.0,0.0,0.0,0.4224538503061956,0.3880185115469725,0.3971889196484676,0.0,0.4010482453826107,0.0,0.0,0.3779008451644584
0.0,0.0,0.3048087292751991,0.390503023550322,0.3322734849868995,0.3644264464080186,0.4376769671192173,0.3051019464723015,0.3022273035150735,0.4879772808359811,0.0,0.4522039940265983,0.4398316423023464,0.2862950818147862,0.0,0.0,0.3699898241930899,0.0,0.228589745661057,0.0,0.0,0.0,0.2890010468379471,0.399995100552656,0.0,0.2972138976659578,0.3809439951312798,0.4438312405118459,0.0,0.0,0.4568098171779931,0.3903301106487274,0.3700137326537629,0.4621219858458048,0.4336890995037619,0.3007438386637686,0.4121684920561111,0.42292057710415,0.4053589225680437,0.0,0.0,0.0,0.3977546807078918,0.0,0.0,0.0,0.0,0.4402176025017236,0.0,0.3694614982803875,0.4582738811270718,0.4491007452169169,0.4086909820264915,0.3228771365258407,0.0,0.2968927017411442,0.0,0.3958562941862685,0.4301624806862672,0.0,0.0,0.0,0.0,0.261574500621328,0.0,0.0,0.0,0.5188945616363309,0.0,0.0,0.0,0.5079162074804899,0.3772517636349125,0.0,0.0,0.0
0.3745262622857038,0.0,0.3244320861553584,0.0,0.4501075810944133,0.3555408845266903,0.4362999041052184,0.3808761362064239,0.505440558284727,0.3268436742044548,0.4522039940265983,0.0,0.5198814519064264,0.0,0.0,0.0,0.4011002005074833,0.3842505774908066,0.3633578027023563,0.0,0.4012075059458558,0.0,0.3375513756559076,0.2906509454994438,0.3641148687170734,0.331885051789591,0.3133324146924495,0.4257014523265869,0.0,0.0,0.3626323322850113,0.2464580996495479,0.2382299142990407,0.2739192081216379,0.3095057228001723,0.2776110221057295,0.2582728559241291,0.2029112759315032,0.2978436915746798,0.3507032591967541,0.3080977352631888,0.2449296839572621,0.0,0.0,0.3241000976753718,0.0,0.0,0.0,0.0,0.0,0.0,0.0,0.0,0.0,0.4174178980189972,0.0,0.4209506731341523,0.3777800377543178,0.0,0.0,0.0,0.4135146003129418,0.3766573922209639,0.0,0.0,0.0,0.0,0.0,0.4258505205215776,0.4049871891264502,0.4176657349161247,0.0,0.3958850744683352,0.0,0.0,0.3858786715489233
0.34609005717263,0.4391083131600981,0.4394850169535048,0.3059529970217269,0.3571821735689809,0.3586223104124926,0.2971194465095454,0.4327661884295789,0.3446595441961065,0.4248253487499301,0.4398316423023464,0.5198814519064264,0.0,0.3548229112469234,0.4189740103835142,0.4413549925869617,0.4432556923814273,0.4493399158385793,0.4305120066833618,0.4265086872787695,0.4235082769655585,0.4563767458331546,0.4182884097333864,0.4917855183949409,0.4168275877114639,0.4068657647533633,0.4050055768174537,0.327311947889469,0.388352293758244,0.3751940571222709,0.3794763643160438,0.3840547588551644,0.3839211461885375,0.4092940980484376,0.3932732501558656,0.2973963989102238,0.2882819225705468,0.3949124656323401,0.4774138753169724,0.0,0.4231273666294335,0.3352317344760332,0.4175163851962385,0.0,0.2507015340903649,0.0,0.0,0.471742565063938,0.0,0.0,0.5408275255759775,0.400797583193891,0.4903037370051726,0.0,0.0,0.3730866316919665,0.3778393865329069,0.0,0.0,0.3100228164188092,0.0,0.0,0.0,0.0,0.3726034856948377,0.0,0.2806108367192103,0.5023033602355498,0.0,0.2924278632854498,0.3086587959902828,0.5113484507487195,0.0,0.4800890565031087,0.0,0.0
0.0,0.0,0.4142670777986845,0.2747166932731593,0.3199817451291061,0.4119619970014918,0.345134306708761,0.3268557626709346,0.4339286699732501,0.0,0.2862950818147862,0.0,0.3548229112469234,0.0,0.0,0.0,0.0,0.0,0.3832693175154768,0.0,0.427250612757826,0.0,0.3786746822175834,0.0,0.0,0.0,0.4263892831279595,0.321736594657689,0.0,0.0,0.4643668064481835,0.2450814037403972,0.0,0.442184960052377,0.0,0.2218774303595409,0.1727744668063672,0.0,0.0,0.0,0.0,0.0,0.0,0.0,0.0,0.0,0.0,0.3969305135586855,0.0,0.0,0.0,0.0,0.0,0.4491246602063328,0.0,0.3875670818237781,0.0,0.0,0.0,0.0,0.0,0.0,0.0,0.0,0.0,0.0,0.0,0.4388465579068249,0.0,0.0,0.0,0.0,0.0,0.0,0.0,0.0
0.3453219857497568,0.3891016382565868,0.0,0.0,0.0,0.4065095785327053,0.0,0.4217033901124513,0.0,0.0,0.0,0.0,0.4189740103835142,0.0,0.0,0.3836409742118236,0.0,0.382444210551504,0.0,0.2863124066152427,0.3503057938280326,0.2695152384176921,0.2880850414303749,0.3754544045992776,0.3788038685365831,0.3651272184279216,0.3536151461144437,0.4029772328855713,0.3847988059743562,0.0,0.3622670224890466,0.3993166780525989,0.3397835557668553,0.3687263950799829,0.4213086283759567,0.0,0.0,0.0,0.4356523528438634,0.4027066210122641,0.4285509849731256,0.4541448101507147,0.4331835012789582,0.0,0.0,0.0,0.4466287600310222,0.0,0.0,0.0,0.4624163913592112,0.0,0.0,0.0,0.0,0.0,0.0,0.0,0.0,0.3588779678782399,0.4143407899223976,0.0,0.0,0.0,0.4184923850531137,0.4511552816837367,0.4517180376534769,0.4318252028720413,0.0,0.3237111671810131,0.5090151118460888,0.4636490848391355,0.4529637212945328,0.464110054251677,0.0,0.4203689815122641
0.3675230155060327,0.3640039808291203,0.0,0.0,0.3807919652996719,0.4012082689529234,0.449882068338519,0.425212553927439,0.3557157999445935,0.3875943120944471,0.0,0.0,0.4413549925869617,0.0,0.3836409742118236,0.0,0.3461792140291163,0.3300566044006007,0.0,0.3522982209771653,0.3889765428821554,0.3426552468923631,0.4012667964651133,0.3401683601244145,0.3548534709666157,0.3683580450840361,0.4069824846489793,0.4373943609365767,0.3970057381746141,0.3910677583467273,0.3453282355528079,0.4025407332318271,0.3028937528273118,0.3466726231313741,0.3848326598244017,0.0,0.0,0.0,0.4189099254192298,0.3942766609543536,0.4047585424249021,0.4184315597004514,0.0,0.0,0.0,0.3988580235588628,0.4149984545401168,0.0,0.0,0.0,0.0,0.0,0.0,0.0,0.0,0.0,0.0,0.0,0.0,0.433185967344152,0.4050297768181727,0.0,0.4269929014077624,0.0,0.41695609920414,0.4287981131155332,0.4251555009879913,0.3327490539168132,0.0,0.4087969233827904,0.4284627634599263,0.3704560466634414,0.0,0.3654098058701469,0.0,0.3869714756197706
0.0,0.3207244956583378,0.0,0.0,0.0,0.3062168402629066,0.4159327371864731,0.0,0.0,0.3574782054042398,0.3699898241930899,0.4011002005074833,0.4432556923814273,0.0,0.0,0.3461792140291163,0.0,0.3182977083585602,0.0,0.0,0.0,0.4126297797044377,0.0,0.3608657016841461,0.3378062449671588,0.3440037069573274,0.0,0.421208016069402,0.2991321162790112,0.0,0.3303457979948002,0.3834190971763075,0.3068808514578257,0.3528250333567136,0.333757726748049,0.0,0.0,0.3492079390051097,0.0,0.3725331514261373,0.0,0.0,0.0,0.0,0.0,0.0,0.0,0.0,0.0,0.0,0.0,0.0,0.0,0.0,0.4236278543075294,0.0,0.4212252322789989,0.0,0.0,0.0,0.0,0.4120277485310053,0.388970515480329,0.0,0.0,0.0,0.0,0.0,0.3978754927361201,0.407764276396619,0.4146281787883686,0.0,0.0,0.0,0.0,0.0
0.3661531854317973,0.3694931958804006,0.0,0.0,0.0,0.4392821530664304,0.4348395867725478,0.4374018140495377,0.3236791375404663,0.35735993905391,0.0,0.3842505774908066,0.4493399158385793,0.0,0.382444210551504,0.3300566044006007,0.3182977083585602,0.0,0.0,0.3855788655078755,0.4058282021324504,0.3754031083390639,0.4168843204924701,0.3439291933468416,0.3191980549541526,0.3401124119273175,0.4286205239695783,0.4255251891922753,0.4147521145831581,0.3565134148333436,0.3496109203673817,0.3947110823432843,0.3011986506291859,0.3533795025633199,0.3569858765630227,0.0,0.0,0.0,0.4207811302607598,0.3803419261237605,0.397226590476269,0.4323920522537899,0.0,0.0,0.0,0.4012728211099581,0.4047444496257341,0.0,0.0,0.0,0.0,0.0,0.0,0.0,0.4179570980311449,0.0,0.4234523843495676,0.0,0.0,0.0,0.3987125687209084,0.4266728997500394,0.4111835993725416,0.0,0.0,0.0,0.4153746394434197,0.0,0.3669139692672445,0.4118372371066504,0.4214127486826209,0.0,0.0,0.0,0.0,0.3994867887354494
0.0,0.0,0.2523512595445899,0.4282717540452337,0.3396102902017334,0.3245907625538549,0.4308049768813308,0.3949314134694437,0.2452439937050307,0.4614275212706203,0.228589745661057,0.3633578027023563,0.4305120066833618,0.3832693175154768,0.0,0.0,0.0,0.0,0.0,0.0,0.0,0.0,0.2420678234215977,0.0,0.0,0.0,0.3569835534926116,0.4338051940060718,0.0,0.0,0.4644070604962871,0.4161769979668007,0.0,0.4920031523479576,0.4391850292569265,0.3941301794925634,0.4218302452696496,0.3819568149450009,0.4253776764600435,0.0,0.0,0.0,0.418285153832748,0.0,0.0,0.0,0.0,0.5262904596433454,0.0,0.4139800082977067,0.5135334585743414,0.472255969322912,0.4713671281950687,0.5137252515515673,0.0,0.4203827634212789,0.0,0.4022489337393117,0.4413324332352747,0.0,0.0,0.0,0.0,0.5086074060038862,0.0,0.0,0.0,0.5242686632949912,0.0,0.0,0.0,0.5164886113091213,0.0,0.0,0.0,0.0
0.3738881359628714,0.3936509090852498,0.0,0.4178549846665675,0.4248362110555092,0.3953956800870768,0.429900427759695,0.3975934938720912,0.4124758066716397,0.2749471918185068,0.0,0.0,0.4265086872787695,0.0,0.2863124066152427,0.3522982209771653,0.0,0.3855788655078755,0.0,0.0,0.4109039919783064,0.329273748699473,0.2924066522831692,0.0,0.3721744337144047,0.3970236756584703,0.2798021922623264,0.3673725831654902,0.323311616540047,0.3518560780519437,0.3484342649711782,0.4221239941743794,0.3586233128854026,0.3939900840609263,0.4497691732219823,0.4881559973863818,0.4219963043268526,0.0,0.4469115119564835,0.3880594885764282,0.4182798018501567,0.4360159681985543,0.3708641715371781,0.0,0.0,0.0,0.4212734395439456,0.0,0.0,0.0,0.4443385532948339,0.0,0.4621074406038171,0.0,0.0,0.0,0.0,0.3810299824003257,0.0,0.4562768550230756,0.2906842839594039,0.0,0.0,0.0,0.4446733105610307,0.4884498634098668,0.4467261124649304,0.4661315956514487,0.0,0.2588309212884627,0.4580472637001692,0.4585082679208214,0.5010458805841949,0.5024560438234102,0.3757134810850578,0.4353445586353714
0.4081807007918283,0.3999265623479142,0.0,0.0,0.0,0.4248875608489098,0.0,0.3566799912822054,0.0,0.0,0.0,0.4012075059458558,0.4235082769655585,0.427250612757826,0.3503057938280326,0.3889765428821554,0.0,0.4058282021324504,0.0,0.4109039919783064,0.0,0.3953202536042566,0.3735195609411788,0.4764652740684945,0.4212352178304624,0.3849401510416647,0.4086100610875596,0.4292117699347915,0.3954182848415572,0.0,0.3717549079048605,0.4213468990771027,0.3619705767935126,0.3811671167833817,0.4561382447353736,0.0,0.0,0.0,0.4453006372259305,0.332757490272048,0.4199219783822196,0.4632055341709403,0.0,0.0,0.0,0.4217036996070881,0.4484633307416312,0.0,0.0,0.0,0.4520986705879031,0.0,0.4399431648452262,0.0,0.0,0.0,0.0,0.4188944104185556,0.0,0.4450601092910091,0.4399187101978281,0.0,0.0,0.0,0.4531774662608008,0.431198578656873,0.4546726379985175,0.4753112274385279,0.0,0.3816616934784062,0.4835855127153046,0.4744712315807935,0.4694019559076705,0.4660073186940869,0.0,0.4103214881424903
0.3639791291980268,0.3572371575489166,0.0,0.0,0.4345751630704531,0.4086758642378215,0.4500449480652542,0.4127933575586668,0.417431440766709,0.3070481052181174,0.0,0.0,0.4563767458331546,0.0,0.2695152384176921,0.3426552468923631,0.4126297797044377,0.3754031083390639,0.0,0.329273748699473,0.3953202536042566,0.0,0.3287818043458033,0.0,0.3804101138688386,0.3434528020736249,0.3865510884806384,0.4339678678908445,0.38572294460676,0.4007081226127511,0.3472280265728472,0.4024674270476525,0.3336216162101014,0.3683383434410837,0.4288882984254207,0.4786597936654843,0.0,0.0,0.4385255525444799,0.4182360131285277,0.4315879434162618,0.4562037310463639,0.425227072672408,0.0,0.0,0.4075649671037814,0.4256975986702688,0.0,0.0,0.0,0.4624802037876073,0.0,0.0,0.0,0.0,0.0,0.0,0.0,0.0,0.4517070793027809,0.4280855823319263,0.0,0.3710976971624648,0.0,0.4418597053156601,0.460733896410024,0.4523579627506912,0.4601061822760577,0.0,0.4095170875096233,0.4620667369418329,0.4802444441173169,0.3574921177547129,0.4546624409327736,0.0,0.4277123224659335
0.4360619663502552,0.4018944346651893,0.2827633066097344,0.4035587912386095,0.3776778533609183,0.366116603206878,0.4033342261753174,0.3519584003594294,0.381588967732779,0.4548656967693727,0.2890010468379471,0.3375513756559076,0.4182884097333864,0.3786746822175834,0.2880850414303749,0.4012667964651133,0.0,0.4168843204924701,0.2420678234215977,0.2924066522831692,0.3735195609411788,0.3287818043458033,0.0,0.4749261708588649,0.4085458806324684,0.4034343908969546,0.3137782764900139,0.4305998047170006,0.3920365746969668,0.4159055922190281,0.4309195911377538,0.4160207290313163,0.3411155459652873,0.4287280137215464,0.4648707643940232,0.3694545394111366,0.4119409456174246,0.0,0.4908244414335472,0.4330005400733747,0.4954650708786537,0.4894574909424447,0.4579120884606597,0.4060186384930249,0.0,0.0,0.4187611937730441,0.4605811251677384,0.0,0.4943390691097697,0.5046675592694179,0.5280747016746051,0.4736011108107747,0.5236784743529382,0.0,0.4388604689476555,0.0,0.5075699199514938,0.4672145050148688,0.4438252658266737,0.0,0.0,0.0,0.4616381155665374,0.4652174927953188,0.4825811256681312,0.463240772777489,0.5056424985082001,0.0,0.2751678581868293,0.4970057952940601,0.502756887092339,0.5054146209075487,0.4851136891103205,0.4975615050778405,0.5066157929017169
0.3629405598903985,0.0,0.0,0.0,0.0,0.0,0.3915528506466538,0.4917304472291287,0.3485775301357627,0.3467632504473734,0.399995100552656,0.2906509454994438,0.4917855183949409,0.0,0.3754544045992776,0.3401683601244145,0.3608657016841461,0.3439291933468416,0.0,0.0,0.4764652740684945,0.0,0.4749261708588649,0.0,0.3421749900145948,0.3439659784094034,0.3055437666075611,0.3848757998260965,0.0,0.0,0.3490139459559054,0.2733752860642897,0.2084162656960133,0.2615095332526768,0.2883365396891689,0.2676409871768141,0.2592266924955763,0.2543711982745043,0.3380390333964844,0.1862455893889265,0.254655872142245,0.0,0.0,0.0,0.2151914141451257,0.3780231728089449,0.0,0.0,0.0,0.0,0.0,0.0,0.0,0.0,0.4074310321018128,0.0,0.402770431051033,0.0,0.0,0.0,0.420162077214926,0.434664919697177,0.4280583566132881,0.0,0.0,0.0,0.0,0.0,0.3415775983927401,0.4240069953838997,0.4333558882144397,0.0,0.3940096541003886,0.0,0.0,0.4943633660114084
0.3627310320374379,0.3633923035347733,0.0,0.0,0.3898356710605853,0.3756414643019773,0.4406315674586991,0.4524224656109438,0.0,0.3195665306556174,0.0,0.3641148687170734,0.4168275877114639,0.0,0.3788038685365831,0.3548534709666157,0.3378062449671588,0.3191980549541526,0.0,0.3721744337144047,0.4212352178304624,0.3804101138688386,0.4085458806324684,0.3421749900145948,0.0,0.3186363657889658,0.388233669317754,0.4037597945170064,0.3960059060565552,0.0,0.3419079414939832,0.3678992530495282,0.2786395181904715,0.330539991163664,0.3436610793930257,0.0,0.0,0.3060475637436237,0.4247796238079555,0.3865915867527579,0.405054892397005,0.4265744881227886,0.0,0.0,0.0,0.4067326915939201,0.4133379809875904,0.0,0.0,0.0,0.0,0.0,0.0,0.0,0.4355676280251811,0.0,0.4249363622682142,0.3043394835700159,0.0,0.4047152663164281,0.4047032056722583,0.4259971390954042,0.4199940888782824,0.0,0.0,0.4039959487960208,0.4394882291151654,0.3221391314312466,0.3917633930079102,0.4192535537169347,0.4309883973326875,0.0,0.0,0.4162879178007699,0.0,0.408311489206101
0.3510252178461568,0.3500376075063008,0.0,0.0,0.358084180967606,0.3985138080176741,0.4245004589614251,0.4509458374502954,0.3676048757425215,0.3326093685452543,0.2972138976659578,0.331885051789591,0.4068657647533633,0.0,0.3651272184279216,0.3683580450840361,0.3440037069573274,0.3401124119273175,0.0,0.3970236756584703,0.3849401510416647,0.3434528020736249,0.4034343908969546,0.3439659784094034,0.3186363657889658,0.0,0.4109126465259237,0.4170222233481263,0.3917710286026846,0.0,0.3418426524184512,0.3857451889214304,0.3167334997472215,0.3405673903630109,0.3819075883343805,0.4434410308685863,0.0,0.3211532426624499,0.4474168926298573,0.4171356485071837,0.4351512315118448,0.4370142564272078,0.0,0.0,0.0,0.4193025533019189,0.4435364519349961,0.0,0.0,0.0,0.4904072166633773,0.0,0.0,0.0,0.4571232331544245,0.0,0.4401712970646181,0.3382838659358118,0.0,0.4777339109713294,0.4342043749112339,0.441120884355176,0.4332698336186643,0.0,0.4647753609249135,0.4795177479294303,0.4652197310937096,0.5049410305738101,0.4048352597523134,0.4300780728679693,0.4484652652437457,0.4840617287911081,0.3931412571551731,0.4990437092505331,0.0,0.4268526131519488
0.4270217047815165,0.3957340964439795,0.3276288229379836,0.4068117552458476,0.3644470453231795,0.3325828992255911,0.3918847422612551,0.4188581465421627,0.3260189608682934,0.4574029121975272,0.3809439951312798,0.3133324146924495,0.4050055768174537,0.4263892831279595,0.3536151461144437,0.4069824846489793,0.0,0.4286205239695783,0.3569835534926116,0.2798021922623264,0.4086100610875596,0.3865510884806384,0.3137782764900139,0.3055437666075611,0.388233669317754,0.4109126465259237,0.0,0.4211390663182613,0.3485869192241357,0.3962472315140619,0.4013039457935718,0.4253651504785393,0.363243347866079,0.4231778850062803,0.454392470613406,0.4462018091873566,0.4310081065317573,0.3205141869785337,0.4899688112933444,0.4310689979092897,0.5073390376974682,0.5068092331787157,0.4616751217529871,0.3191098767462476,0.0,0.0,0.3679657625069296,0.5275218273300506,0.0,0.4590871637564933,0.4913036760753846,0.5339807820523507,0.4832607163072525,0.518882947117331,0.0,0.5002311696756342,0.0,0.5409307366695922,0.453542805258181,0.4615415523753314,0.0,0.0,0.0,0.5301563396598697,0.4770597416387273,0.4941276855503299,0.4886692429513119,0.5045108935251149,0.0,0.0,0.4568549967553844,0.4920068261854567,0.5279127943861699,0.5359509732807954,0.4821075792330206,0.5124505906637961
0.3804090690973966,0.4456000110079209,0.4615063853062962,0.2753730965426913,0.3979030645121774,0.3654979714759442,0.3577333252810669,0.4366760623131112,0.4359554908182996,0.4034563250985951,0.4438312405118459,0.4257014523265869,0.327311947889469,0.321736594657689,0.4029772328855713,0.4373943609365767,0.421208016069402,0.4255251891922753,0.4338051940060718,0.3673725831654902,0.4292117699347915,0.4339678678908445,0.4305998047170006,0.3848757998260965,0.4037597945170064,0.4170222233481263,0.4211390663182613,0.0,0.3377026367760525,0.3171238130984114,0.3614026410859927,0.398236508492757,0.3461790395593321,0.3803794488687768,0.3558349745009947,0.2440376566994218,0.2168574812285495,0.3480007307488585,0.4257815259603757,0.2563829166009447,0.4553812822357347,0.382903665537754,0.4042194592484407,0.0,0.0,0.0,0.0,0.4192370489470615,0.0,0.0,0.5131260878638199,0.0,0.5063703399672806,0.3475734353013097,0.3867796705221119,0.0,0.3331017777839696,0.5634080269708065,0.0,0.4472415288982789,0.0,0.0,0.0,0.0,0.4587841517810748,0.4534822270742707,0.3645004327393241,0.49672472144895,0.0,0.2988990745228062,0.3654644757600607,0.4892129489643547,0.5997179583559351,0.544856836883076,0.0,0.5029192859154527
0.4063440718320148,0.4078210262828149,0.0,0.0,0.3906865123281369,0.3040794644988175,0.4091019120758463,0.3955132777785749,0.3841296211615038,0.3455813217202777,0.0,0.0,0.388352293758244,0.0,0.3847988059743562,0.3970057381746141,0.2991321162790112,0.4147521145831581,0.0,0.323311616540047,0.3954182848415572,0.38572294460676,0.3920365746969668,0.0,0.3960059060565552,0.3917710286026846,0.3485869192241357,0.3377026367760525,0.0,0.3349915438555659,0.3459266433528372,0.4186314119161725,0.3457300260354817,0.3916895227328262,0.450753804257041,0.4874123521788773,0.3857724199180447,0.0,0.4593991309228489,0.343166454448668,0.5058142819737915,0.4214812206016174,0.4279198095207597,0.0,0.0,0.0,0.3898076818883728,0.379467481152106,0.0,0.0,0.4957247307603086,0.3622880094829746,0.4852877965946522,0.3186858888913527,0.0,0.0,0.0,0.5477453591615742,0.0,0.4435097768457456,0.0,0.0,0.0,0.0,0.470784993923955,0.4659535556934945,0.4733874939490736,0.4674874965797052,0.0,0.0,0.4230336449100054,0.4641149757971146,0.520764678007667,0.4733715057086917,0.4400862966913743,0.475126874829935
0.0,0.0,0.0,0.0,0.0,0.4044186924484944,0.0,0.4193349039473388,0.4059503320894921,0.0,0.0,0.0,0.3751940571222709,0.0,0.0,0.3910677583467273,0.0,0.3565134148333436,0.0,0.3518560780519437,0.0,0.4007081226127511,0.4159055922190281,0.0,0.0,0.0,0.3962472315140619,0.3171238130984114,0.3349915438555659,0.0,0.3086497226351798,0.3994746386386342,0.0,0.3402702157205483,0.3633853259832477,0.0,0.0,0.0,0.0,0.0,0.0,0.0,0.0,0.0,0.0,0.0,0.0,0.0,0.0,0.0,0.0,0.0,0.0,0.0,0.0,0.0,0.0,0.0,0.0,0.0,0.0,0.0,0.0,0.0,0.0,0.0,0.0,0.497271436451938,0.0,0.0,0.0,0.4783486594728998,0.0,0.4213748628410846,0.0,0.0
0.3383693239967437,0.3292959913203429,0.470443412228952,0.3316876325775884,0.4333436057681838,0.4306318652530081,0.3922898707763905,0.4379636440539431,0.4541414134375644,0.3423992680376121,0.4568098171779931,0.3626323322850113,0.3794763643160438,0.4643668064481835,0.3622670224890466,0.3453282355528079,0.3303457979948002,0.3496109203673817,0.4644070604962871,0.3484342649711782,0.3717549079048605,0.3472280265728472,0.4309195911377538,0.3490139459559054,0.3419079414939832,0.3418426524184512,0.4013039457935718,0.3614026410859927,0.3459266433528372,0.3086497226351798,0.0,0.4205513774141417,0.2822078104052195,0.2835035219219465,0.3590991096057196,0.3953172273941868,0.327392567690592,0.324607591515596,0.4813644283085914,0.0,0.4108816697763299,0.0,0.429259831154218,0.0,0.0,0.0,0.3922656565721726,0.0,0.0,0.0,0.5184599474761081,0.0,0.5022538084546895,0.0,0.3883661275324334,0.0,0.3921653534052476,0.0,0.0,0.4337266406020483,0.3851710429728353,0.3930196070500602,0.4070710012063714,0.0,0.4407705406875866,0.4029930706313714,0.4256739149827281,0.4920252728361191,0.3802902321597528,0.4078937331991646,0.4157540590560606,0.4907485829633425,0.5297831607918976,0.488491390115679,0.0,0.4421588933381395
0.3813115789068311,0.3829431740156844,0.4512804711135463,0.2848326368543844,0.3760748936398809,0.4217961177882494,0.4021655121677242,0.3936645180478093,0.4197078351851098,0.3155921341937505,0.3903301106487274,0.2464580996495479,0.3840547588551644,0.2450814037403972,0.3993166780525989,0.4025407332318271,0.3834190971763075,0.3947110823432843,0.4161769979668007,0.4221239941743794,0.4213468990771027,0.4024674270476525,0.4160207290313163,0.2733752860642897,0.3678992530495282,0.3857451889214304,0.4253651504785393,0.398236508492757,0.4186314119161725,0.3994746386386342,0.4205513774141417,0.0,0.3137331906212228,0.3150033922997515,0.3756493758027512,0.2636942053071657,0.30960927268754,0.2337621000249157,0.2886055074438541,0.2980654238169714,0.3215087067675207,0.3295305312650712,0.2890380450825466,0.2700731003278318,0.2662339668303582,0.4012812731665356,0.4273913446919182,0.4657393085400517,0.0,0.3208029530932924,0.4678841892168253,0.3590449490380643,0.4495851356652887,0.4818404014662243,0.2719407813918407,0.3699602039511457,0.2350145364598162,0.4315079214548326,0.0,0.4629119943162609,0.4264756934190715,0.0,0.4654470054217565,0.4194014614006802,0.4655407994459142,0.4544325807624819,0.4503618800619894,0.4832226468602592,0.2581550076079963,0.4166710548187514,0.4418945801888898,0.4789393657602655,0.4325875115854128,0.4733459188969696,0.0,0.4621830466722573
0.3001578283808109,0.3141548973705314,0.0,0.0,0.3582022883248482,0.3622905302345215,0.373998256078666,0.3670059579176706,0.3786302077989193,0.2882933562603825,0.3700137326537629,0.2382299142990407,0.3839211461885375,0.0,0.3397835557668553,0.3028937528273118,0.3068808514578257,0.3011986506291859,0.0,0.3586233128854026,0.3619705767935126,0.3336216162101014,0.3411155459652873,0.2084162656960133,0.2786395181904715,0.3167334997472215,0.363243347866079,0.3461790395593321,0.3457300260354817,0.0,0.2822078104052195,0.3137331906212228,0.0,0.2088049867880909,0.3299167861455272,0.2522270905259722,0.2142431433149702,0.1586321947587652,0.3074828485940186,0.2220381095128275,0.2426536984794762,0.3024833534126636,0.0,0.0,0.2066359886545887,0.3642994844355141,0.4103901197882625,0.0,0.0,0.0,0.0,0.0,0.0,0.0,0.3415731552391887,0.0,0.34775410173996,0.0,0.0,0.449041274712509,0.3985524401935937,0.3205882620570905,0.3878308731161419,0.0,0.4172480580457601,0.4396141267709508,0.4369968798630188,0.4541835179649163,0.3318547534549952,0.3768373733258761,0.4031093688715154,0.4626151923580928,0.3397373924824404,0.0,0.0,0.3513932995246268
0.3267070674753013,0.3332833575330468,0.4935812436532935,0.2483132172507332,0.4319084642124754,0.4325093334692511,0.4101951911860703,0.4387616538718827,0.4567934410888486,0.3283373390751467,0.4621219858458048,0.2739192081216379,0.4092940980484376,0.442184960052377,0.3687263950799829,0.3466726231313741,0.3528250333567136,0.3533795025633199,0.4920031523479576,0.3939900840609263,0.3811671167833817,0.3683383434410837,0.4287280137215464,0.2615095332526768,0.330539991163664,0.3405673903630109,0.4231778850062803,0.3803794488687768,0.3916895227328262,0.3402702157205483,0.2835035219219465,0.3150033922997515,0.2088049867880909,0.0,0.2545403814190333,0.3280029161336251,0.2256738819121555,0.2054320032956558,0.3024022464926618,0.2219160247357456,0.26405887384312,0.2857019743551041,0.2843698977563466,0.0,0.2368340018871413,0.3678756664654976,0.4002665148095571,0.3510039944718656,0.0,0.0,0.5218403653096384,0.3135777449742614,0.482681198242964,0.3137478103972984,0.3369965651823707,0.0,0.3207689076081866,0.3325305998476342,0.0,0.4451070454663428,0.3866954466542941,0.3654433132484949,0.4033025186890318,0.0,0.4455453475373152,0.4250034843772753,0.4315167818222832,0.4942036695064826,0.3716068126359685,0.3973126291442841,0.4179446792448654,0.4830971894421168,0.4090896184832885,0.5025779083472567,0.0,0.4110672887371487
0.3680882817745309,0.3806220412453558,0.446882769002261,0.3101296448334872,0.4210353055509467,0.431298418198458,0.3990314186497168,0.4647440976383257,0.4563651519293271,0.2818857968483851,0.4336890995037619,0.3095057228001723,0.3932732501558656,0.0,0.4213086283759567,0.3848326598244017,0.333757726748049,0.3569858765630227,0.4391850292569265,0.4497691732219823,0.4561382447353736,0.4288882984254207,0.4648707643940232,0.2883365396891689,0.3436610793930257,0.3819075883343805,0.454392470613406,0.3558349745009947,0.450753804257041,0.3633853259832477,0.3590991096057196,0.3756493758027512,0.3299167861455272,0.2545403814190333,0.0,0.4293024727644995,0.343925240281012,0.2418112788733994,0.3025270625800182,0.278230405829027,0.3140993621894242,0.3349937045179465,0.3019185655189902,0.2898798874411916,0.2856197532735059,0.0,0.4327493950751414,0.0,0.0,0.0,0.3310224188373089,0.0,0.0,0.0,0.0,0.0,0.3089085510447845,0.2384142044128042,0.0,0.4793627158080855,0.4078349294232784,0.0,0.0,0.0,0.4669175994925981,0.0,0.467971107298718,0.461450334282402,0.0,0.405078105375782,0.4449261078936965,0.4543595750668908,0.2793819187133611,0.4764968877623227,0.0,0.0
0.0,0.0,0.4243278723099727,0.1824713399026693,0.2698216026773244,0.409255325230473,0.2863663535730147,0.2521197394765944,0.4399728625422199,0.265450745358398,0.3007438386637686,0.2776110221057295,0.2973963989102238,0.2218774303595409,0.0,0.0,0.0,0.0,0.3941301794925634,0.4881559973863818,0.0,0.4786597936654843,0.3694545394111366,0.2676409871768141,0.0,0.4434410308685863,0.4462018091873566,0.2440376566994218,0.4874123521788773,0.0,0.3953172273941868,0.2636942053071657,0.2522270905259722,0.3280029161336251,0.4293024727644995,0.0,0.1645069017843703,0.2516620459291572,0.230891923597322,0.2754369539100339,0.2938867831438695,0.3047102374316844,0.0,0.0,0.0,0.0,0.0,0.3828535576408843,0.0,0.3151227060566775,0.4081317384448495,0.4137516825735872,0.3931801318284725,0.4020254982127413,0.0,0.0,0.0,0.3855383387531998,0.0,0.0,0.0,0.0,0.0,0.3867166131756171,0.454320596436325,0.0,0.0,0.4650228891194897,0.0,0.0,0.0,0.4621970017609732,0.3622097063509587,0.3722965794574481,0.0,0.0
0.0,0.0,0.4320933265044458,0.160873216185287,0.2880014441377275,0.4188241608737989,0.2955326580725134,0.3781741524782331,0.4528332986472905,0.2004014379219496,0.4121684920561111,0.2582728559241291,0.2882819225705468,0.1727744668063672,0.0,0.0,0.0,0.0,0.4218302452696496,0.4219963043268526,0.0,0.0,0.4119409456174246,0.2592266924955763,0.0,0.0,0.4310081065317573,0.2168574812285495,0.3857724199180447,0.0,0.327392567690592,0.30960927268754,0.2142431433149702,0.2256738819121555,0.343925240281012,0.1645069017843703,0.0,0.2432172339332353,0.0,0.0,0.0,0.0,0.0,0.0,0.0,0.0,0.0,0.0,0.0,0.0,0.0,0.0,0.0,0.0,0.0,0.0,0.0,0.0,0.0,0.0,0.0,0.0,0.0,0.0,0.0,0.0,0.0,0.4183556049241032,0.0,0.0,0.0,0.0,0.0,0.0,0.0,0.0
0.3748970087399745,0.0,0.0,0.2308579912701715,0.3737321847586677,0.3561425019041962,0.3907754171363165,0.0,0.4777298527506733,0.310920868962614,0.42292057710415,0.2029112759315032,0.3949124656323401,0.0,0.0,0.0,0.3492079390051097,0.0,0.3819568149450009,0.0,0.0,0.0,0.0,0.2543711982745043,0.3060475637436237,0.3211532426624499,0.3205141869785337,0.3480007307488585,0.0,0.0,0.324607591515596,0.2337621000249157,0.1586321947587652,0.2054320032956558,0.2418112788733994,0.2516620459291572,0.2432172339332353,0.0,0.2886313371796641,0.1825941733408499,0.2316517510199205,0.2443091931057846,0.0,0.0,0.2170833126358995,0.0,0.0,0.0,0.0,0.0,0.0,0.0,0.0,0.0,0.3048523849083502,0.0,0.0,0.0,0.0,0.0,0.0,0.0,0.0,0.0,0.0,0.0,0.0,0.0,0.0,0.3012981637218314,0.0,0.0,0.315191855045811,0.0,0.0,0.0
0.4213563136394607,0.4374312737138598,0.456412782671918,0.0,0.3603947290792012,0.476527341356579,0.4162491380632849,0.4518929644787279,0.445539208629912,0.311352001400331,0.4053589225680437,0.2978436915746798,0.4774138753169724,0.0,0.4356523528438634,0.4189099254192298,0.0,0.4207811302607598,0.4253776764600435,0.4469115119564835,0.4453006372259305,0.4385255525444799,0.4908244414335472,0.3380390333964844,0.4247796238079555,0.4474168926298573,0.4899688112933444,0.4257815259603757,0.4593991309228489,0.0,0.4813644283085914,0.2886055074438541,0.3074828485940186,0.3024022464926618,0.3025270625800182,0.230891923597322,0.0,0.2886313371796641,0.0,0.3221607484954489,0.3550362051581264,0.388408271098598,0.3082687787183695,0.327173415228766,0.2573794631302707,0.3897732776555874,0.3741356458984564,0.4273524893942108,0.2774517016376909,0.3498549729451386,0.4109757143612581,0.390709553597329,0.3921498627132944,0.4261698433765998,0.33806867041347,0.3880895856232327,0.2463881520877765,0.386622634697131,0.3466829924274824,0.4074341569013047,0.3908908009217872,0.4116578912532143,0.4131931279992707,0.4232697486741393,0.4198698031347353,0.3957632080515149,0.4012465774581509,0.4172485138083649,0.2483262886533617,0.3798788067344351,0.3928827911177268,0.4252702903699705,0.3709878994053143,0.4087097635106131,0.3882395249347103,0.368660897395476
