0.0,0.2926640208583215,0.0,0.0,0.0,0.311840081212811,0.0,0.361755988006355,0.0,0.3024425228274593,0.0,0.2807701167366535,0.0,0.349307026373592,0.2599029299721793,0.2786420733401697,0.0,0.2776532617057692,0.0,0.2861841888237426,0.307706744668264,0.2762527304768776,0.3281566945932038,0.2704149206017616,0.274742142748698,0.2644157088326024,0.3184273398043152,0.2844435080859643,0.3089889630376691,0.0,0.2558672034193422,0.2886620641619232,0.2296556930081219,0.2483102414228341,0.2766503096321128,0.0,0.0,0.2897047472249005,0.3196895009012898,0.3152575679135206,0.3214953938729568,0.0,0.0,0.0,0.0,0.2734107256618637,0.33246794807688,0.0,0.0,0.0,0.0,0.0,0.0,0.0,0.0,0.0,0.0,0.0,0.0,0.0,0.3214722093875242,0.0,0.331246302536909,0.0,0.0,0.234302997519249,0.3279673235473433,0.0,0.0,0.3278615557265023,0.3345749024501422,0.0,0.0,0.0,0.0,0.3046178966618579
0.2926640208583215,0.0,0.0,0.0,0.3091257344664119,0.3022025952796278,0.3444018616777234,0.3253913660443546,0.319881431189626,0.0,0.0,0.0,0.330909291187198,0.0,0.2952845652146408,0.2744810695411361,0.0,0.2783992691672479,0.0,0.2968844992209082,0.3038440408198547,0.2688994276256377,0.3051549590108151,0.0,0.2738843631845619,0.2639107556211354,0.2988679948306845,0.335932685641512,0.3078780673533594,0.0,0.2475436387202615,0.2889773541100319,0.2369307313111853,0.2514240206340234,0.2823450125798772,0.0,0.0,0.0,0.3321312518619132,0.3166356219440837,0.3173844764440323,0.3346513310780935,0.0,0.0,0.0,0.3250005163441584,0.3270607369218504,0.0,0.0,0.0,0.3162439670089373,0.0,0.0,0.0,0.0,0.0,0.0,0.0,0.0,0.3464981865611658,0.3220548057355264,0.0,0.3347263518613043,0.0,0.3356524863465899,0.3486729728756248,0.3271783682492887,0.3503955235570753,0.0,0.3297046574532201,0.3427712515316864,0.338860927394021,0.0,0.3352167135256475,0.0,0.3125882558287069
0.0,0.0,0.0,0.2828277658435166,0.2943136335169649,0.2829688223457056,0.3265338316732216,0.3187945134986572,0.2170458553260029,0.3269834497082791,0.2293217897384486,0.0,0.3344104542103469,0.314021590730892,0.0,0.0,0.0,0.0,0.1883215188320041,0.0,0.0,0.0,0.2136157015666812,0.0,0.0,0.0,0.2471489725340059,0.3496388205390089,0.3122352370658685,0.3317946705245648,0.3583526948771996,0.3432205905396805,0.0,0.3771054290552917,0.3401999392345386,0.3220440937266412,0.3278805488652925,0.0,0.3570176026479016,0.0,0.0,0.0,0.3446966396988121,0.0,0.0,0.0,0.0,0.3179846504138478,0.0,0.3655167776944693,0.3941145077439565,0.4194426664317918,0.3787113477701878,0.3400393297795837,0.0,0.3472078483463265,0.0,0.384347827653663,0.3649158795546203,0.0,0.0,0.0,0.0,0.2757978096803594,0.0,0.0,0.0,0.4033667843655193,0.0,0.0,0.0,0.416820394734708,0.0,0.0,0.0,0.0
0.0,0.0,0.2828277658435166,0.0,0.2466432654430099,0.3040419796096749,0.2484730599944624,0.2729100310833008,0.3194541508428702,0.2452140310183371,0.2964460433247353,0.0,0.2305502415096312,0.2122751601816548,0.0,0.0,0.0,0.0,0.3228306046911259,0.3325027470413742,0.0,0.3436096755886832,0.3030099199444607,0.0,0.0,0.0,0.3088930885065258,0.2089045652948761,0.0,0.0,0.2542412551099851,0.2167918887794359,0.0,0.1902254965087813,0.2401309648784753,0.1429925202752199,0.1221959368756228,0.0,0.0,0.0,0.0,0.0,0.0,0.0,0.0,0.0,0.0,0.0,0.0,0.0,0.0,0.0,0.0,0.0,0.0,0.0,0.0,0.0,0.0,0.0,0.0,0.0,0.0,0.0,0.0,0.0,0.0,0.0,0.0,0.0,0.0,0.0,0.0,0.0,0.0,0.0
0.0,0.3091257344664119,0.2943136335169649,0.2466432654430099,0.0,0.2708813748094456,0.2366410131925816,0.2864433846877627,0.2402145069910364,0.4117851382292706,0.249425995145587,0.3364347288414931,0.2723604294681547,0.2432603464002707,0.0,0.2953358680598054,0.0,0.0,0.2571753476005572,0.3194186962100136,0.0,0.3296070291760252,0.2858287180353759,0.0,0.3028277373096417,0.2782054472872726,0.2750540597702449,0.3021400421640091,0.2959492933168499,0.0,0.329515163489566,0.284623455266012,0.2791325229242818,0.3289865348169523,0.3207957072998264,0.205246715285186,0.2164387524169083,0.2915321865482193,0.2959920579701582,0.0,0.0,0.0,0.2715475363006589,0.0,0.0,0.0,0.0,0.3544762710729843,0.0,0.0,0.3622576013122994,0.0,0.3576127686355891,0.3450804000543088,0.0,0.3004059919935756,0.0,0.0,0.0,0.0,0.0,0.0,0.0,0.3428960980858253,0.0,0.0,0.0,0.3862508198853823,0.0,0.0,0.0,0.3877659962052405,0.0,0.0,0.0,0.0
0.311840081212811,0.3022025952796278,0.2829688223457056,0.3040419796096749,0.2708813748094456,0.0,0.2899692607783319,0.301300536434531,0.2236862946935805,0.360651618486703,0.2753275419388717,0.2830140152516101,0.2702555104463026,0.3129751448469668,0.3097684239449199,0.3041979330834587,0.0,0.334025050075369,0.2541214329667272,0.2971794048289577,0.3259323802434665,0.3088940911502294,0.2758171222347668,0.0,0.2833025729704507,0.3020593002584497,0.2512543117522303,0.276466610113804,0.2315765692113388,0.3054046356644555,0.326071407770984,0.319067838140847,0.2752149965805993,0.3278581286259687,0.3268041415159118,0.310029658179892,0.3184352747970166,0.2793131053113283,0.3617435186678424,0.0,0.3796746467296631,0.3134838205021655,0.3471366005731398,0.0,0.0,0.0,0.0,0.3934936688536146,0.0,0.3435353864127823,0.369383614707379,0.3933605219551515,0.3547507048004834,0.3882778468462837,0.0,0.3587778267193789,0.0,0.3938155159644125,0.0,0.3305323123337027,0.0,0.0,0.0,0.3856781149983226,0.3408348566950305,0.3276617357292564,0.321137767483024,0.3775831832141879,0.0,0.0,0.2994422653614463,0.3707045393155387,0.4014986590295447,0.3653677220628222,0.0,0.3799744466401295
0.0,0.3444018616777234,0.3265338316732216,0.2484730599944624,0.2366410131925816,0.2899692607783319,0.0,0.3202979242465658,0.2422328868610138,0.401659129194263,0.331550763792018,0.3233808127305519,0.2243713773368315,0.2617532722742882,0.0,0.3410093369860116,0.3204280267626293,0.3283273007085344,0.3275215992742702,0.3255270135534308,0.0,0.3401274997269505,0.3059116331401172,0.305931491580415,0.3312219567699873,0.3121093547858722,0.2967793801499147,0.2721521804167436,0.3092120600515676,0.0,0.297770385483862,0.3032865649472593,0.2854677021170115,0.3101550366611548,0.3004897298718282,0.2158343305144076,0.2189440906960403,0.2949607036188493,0.0,0.0,0.0,0.0,0.0,0.0,0.0,0.0,0.0,0.0,0.0,0.0,0.3818248625921863,0.0,0.0,0.0,0.0,0.0,0.0,0.0,0.0,0.0,0.0,0.0,0.0,0.0,0.0,0.0,0.0,0.3912712327922917,0.0,0.0,0.0,0.3939106277839706,0.0,0.0,0.0,0.0
0.361755988006355,0.3253913660443546,0.3187945134986572,0.2729100310833008,0.2864433846877627,0.301300536434531,0.3202979242465658,0.0,0.3320198689035161,0.320198008984368,0.2328310051522975,0.0,0.3285139664716529,0.2481923375846281,0.317621622042088,0.3232034701819586,0.0,0.3321448476569447,0.2986179097171353,0.3047958518583587,0.2702724439396447,0.3163892866278987,0.2652424922271114,0.3706281628421332,0.342467103320049,0.3407150735993902,0.3155731920380675,0.328519819684947,0.2987513181792408,0.312028356648292,0.3319764808649283,0.2988753291001749,0.2778233033179434,0.3330832745053789,0.3523820957881384,0.1950469950779592,0.2879140478444076,0.0,0.3432543754558811,0.0,0.3683671828420658,0.0,0.2983624213032605,0.0,0.0,0.0,0.0,0.3671692729117338,0.0,0.3313611931699242,0.3449068482306387,0.3689191392490555,0.2814498522599248,0.3749994054070447,0.0,0.3235975406091818,0.0,0.3635345439236949,0.2847940003648885,0.3818769588784889,0.0,0.0,0.0,0.3740137565494396,0.3703439566319153,0.4056824682359429,0.0,0.3571681747577714,0.0,0.0,0.0,0.3603743773906303,0.3781583102135707,0.3639654498039947,0.0,0.3725594057347918
0.0,0.319881431189626,0.2170458553260029,0.3194541508428702,0.2402145069910364,0.2236862946935805,0.2422328868610138,0.3320198689035161,0.0,0.3912995382455609,0.2281257953919441,0.3513058015039059,0.2626720732617136,0.3282705687499639,0.0,0.2820869678692196,0.0,0.0,0.1847456437001314,0.3126191171328306,0.0,0.3172006775801841,0.2872181681454232,0.0,0.0,0.2822237520519643,0.2463632465457242,0.3315375524298012,0.2919201910238513,0.3078126102373917,0.3457410244957927,0.3196926267381433,0.2950439195523129,0.3474860338621076,0.3474848207978195,0.3334454022416078,0.3457840516784668,0.3383612335662943,0.3450144731723771,0.0,0.0,0.0,0.3423997137725465,0.0,0.0,0.0,0.0,0.3955592844420739,0.0,0.3424494191542463,0.3892870389781729,0.3793734391464187,0.373228539368387,0.397329284404262,0.0,0.313383376363941,0.0,0.3578202171576677,0.356727708192964,0.0,0.0,0.0,0.0,0.3886342658723384,0.0,0.0,0.0,0.4003496391202839,0.0,0.0,0.0,0.3911428276688494,0.0,0.0,0.0,0.0
0.3024425228274593,0.0,0.3269834497082791,0.2452140310183371,0.4117851382292706,0.360651618486703,0.401659129194263,0.320198008984368,0.3912995382455609,0.0,0.3740802049052706,0.2461964462677768,0.3215405256358583,0.3229663115877688,0.0,0.2854225199269505,0.2684695148748743,0.2669126176857417,0.3501616955836398,0.0,0.0,0.2488683006306963,0.3345158310618163,0.2620948420166682,0.2401707721379784,0.2493599193786358,0.3329155967019259,0.3057145857285504,0.0,0.0,0.2573914325217023,0.2369464866200855,0.219286696971643,0.2517036439513947,0.2146002668762531,0.2013695838818395,0.1535510360129943,0.2374999159017635,0.2290722394115384,0.256166795878568,0.2421676480988051,0.0,0.0,0.0,0.246297400071717,0.0,0.0,0.0,0.0,0.0,0.0,0.0,0.0,0.0,0.3168238224504449,0.0,0.3166242963504856,0.2957644335889476,0.0,0.0,0.2514382903224733,0.2886501679684041,0.2723219912044355,0.0,0.0,0.0,0.0,0.0,0.3198079188879694,0.300650773587745,0.3039176947160263,0.0,0.3036321172096471,0.0,0.0,0.2888636083472093
0.0,0.0,0.2293217897384486,0.2964460433247353,0.249425995145587,0.2753275419388717,0.331550763792018,0.2328310051522975,0.2281257953919441,0.3740802049052706,0.0,0.3403599540454465,0.3357260030843786,0.2185015863679472,0.0,0.0,0.0,0.0,0.1703025612991857,0.0,0.0,0.0,0.2196268016522459,0.3179486517094725,0.0,0.0,0.2846395602292061,0.3373580514498915,0.0,0.0,0.3478668574354275,0.2977361928110593,0.2862023591249129,0.3516312070585791,0.3301461089790667,0.2332168437483962,0.3168402051945391,0.3193845180087912,0.3199527267735578,0.0,0.0,0.0,0.3075706851308265,0.0,0.0,0.0,0.0,0.3296293579533643,0.0,0.2934164117295422,0.3529261299026128,0.344538295513929,0.3099157690846828,0.2456359596672363,0.0,0.2187716947942931,0.0,0.3136076511623422,0.3300837376678642,0.0,0.0,0.0,0.0,0.1938292260729584,0.0,0.0,0.0,0.3955543938565224,0.0,0.0,0.0,0.3886153233846876,0.0,0.0,0.0,0.0
0.2807701167366535,0.0,0.0,0.0,0.3364347288414931,0.2830140152516101,0.3233808127305519,0.0,0.3513058015039059,0.2461964462677768,0.3403599540454465,0.0,0.3912757342866335,0.0,0.0,0.0,0.30164836818151,0.2669719347824164,0.0,0.0,0.3040307058204515,0.0,0.2750708771000088,0.2175498296902681,0.27285464391203,0.2501526083569677,0.0,0.3227704217441055,0.0,0.0,0.2740409072444851,0.1876788030449113,0.183259750188079,0.2051548252538169,0.2340793139011231,0.2144706647114825,0.1949240009805841,0.1541433996966623,0.2210452957070373,0.2725052478166476,0.2277228685898259,0.1822111067404734,0.0,0.0,0.2466298905130129,0.0,0.0,0.0,0.0,0.0,0.0,0.0,0.0,0.0,0.3195191768860914,0.0,0.3192540064763158,0.0,0.0,0.0,0.0,0.3250709644620496,0.2916993665997356,0.0,0.0,0.0,0.0,0.0,0.3200868222368417,0.3128411929555432,0.3181869501643223,0.0,0.3004597614293843,0.0,0.0,0.2962567117885972
0.0,0.330909291187198,0.3344104542103469,0.2305502415096312,0.2723604294681547,0.2702555104463026,0.2243713773368315,0.3285139664716529,0.2626720732617136,0.3215405256358583,0.3357260030843786,0.3912757342866335,0.0,0.2701293581418949,0.310479856064093,0.3333236951445725,0.3348719268542319,0.3378915131166715,0.3284767370608382,0.3212922627920796,0.3235484589518426,0.3441385426341749,0.3167938736634976,0.371510060370526,0.3143361755526766,0.3064457517076475,0.306725418629385,0.2460049756734672,0.2913242264971168,0.2830215027822247,0.2871955813858784,0.2913048647429095,0.2857374965364248,0.309650244844908,0.2973561181356109,0.2261889277452202,0.2198328003979595,0.2976996659081016,0.3505021282609455,0.0,0.3215875695527343,0.0,0.327068873707212,0.0,0.0,0.0,0.0,0.3639142268923231,0.0,0.0,0.4186364140560472,0.0,0.3712611355887744,0.0,0.0,0.0,0.0,0.0,0.0,0.0,0.0,0.0,0.0,0.0,0.3076360149605611,0.0,0.0,0.3811501698299593,0.0,0.0,0.0,0.3902285665044054,0.0,0.3581803964825185,0.0,0.0
0.349307026373592,0.0,0.314021590730892,0.2122751601816548,0.2432603464002707,0.3129751448469668,0.2617532722742882,0.2481923375846281,0.3282705687499639,0.3229663115877688,0.2185015863679472,0.0,0.2701293581418949,0.0,0.0,0.0,0.0,0.0,0.2891275479894811,0.0,0.3288930134417831,0.0,0.2864302007298466,0.0,0.0,0.0,0.3226378696053711,0.2468221158687457,0.0,0.0,0.354810452929925,0.1912013080066177,0.0,0.3429053850888749,0.0,0.1758666845143638,0.1341839929898017,0.0,0.0,0.0,0.0,0.0,0.0,0.0,0.0,0.0,0.0,0.3155612595158945,0.0,0.0,0.0,0.0,0.0,0.3481432676912436,0.0,0.3024648239097269,0.0,0.0,0.0,0.0,0.0,0.0,0.0,0.3416935270981931,0.0,0.0,0.0,0.3415615114866415,0.0,0.0,0.0,0.0,0.0,0.0,0.0,0.0
0.2599029299721793,0.2952845652146408,0.0,0.0,0.0,0.3097684239449199,0.0,0.317621622042088,0.0,0.0,0.0,0.0,0.310479856064093,0.0,0.0,0.2905709801008985,0.0,0.2901428455853025,0.0,0.2129542434599473,0.2658613816751354,0.200648517321435,0.2169693094503895,0.2853889884154475,0.287379445265551,0.2721159653059641,0.2648912090433081,0.3054698455249497,0.2912075287623619,0.3230301873508117,0.2740114662091873,0.3021518210670068,0.2582943193474901,0.2786599865333543,0.3189087840967631,0.0,0.0,0.0,0.329846402970644,0.3059088236578627,0.326965323121179,0.3451181520996279,0.338915391918735,0.0,0.0,0.0,0.3402280269589016,0.0,0.0,0.0,0.3529104202046553,0.0,0.0,0.0,0.0,0.0,0.0,0.0,0.0,0.2731226155837007,0.3203358744749104,0.0,0.0,0.0,0.3175636344052987,0.3441208239768892,0.342709291875293,0.3295241051496658,0.0,0.270288749571666,0.3895990685793897,0.3532718584277008,0.3496125980274203,0.3548558217701792,0.0,0.3225967293637458
0.2786420733401697,0.2744810695411361,0.0,0.0,0.2953358680598054,0.3041979330834587,0.3410093369860116,0.3232034701819586,0.2820869678692196,0.2854225199269505,0.0,0.0,0.3333236951445725,0.0,0.2905709801008985,0.0,0.2609347778461717,0.248566686674829,0.0,0.2655460447882923,0.295081380911168,0.2579089238065097,0.3046505381315693,0.2599566454193339,0.2671368356131952,0.2782679216678774,0.3078085000993724,0.3277914785153413,0.2993471126662133,0.2947484884535182,0.2592860295593173,0.3038022675407271,0.2296360142573802,0.261695920520216,0.2904797839876137,0.0,0.0,0.0,0.3177851068183773,0.3006280276691926,0.3079437693566738,0.3168386685253088,0.0,0.0,0.0,0.3020197198011549,0.3152809519578048,0.0,0.0,0.0,0.0,0.0,0.0,0.0,0.0,0.0,0.0,0.0,0.0,0.3294739023338236,0.3077404878376505,0.0,0.3085447126426598,0.0,0.3261440799538664,0.3228740209709298,0.3223540652622644,0.0,0.0,0.3113984227106285,0.3246516151326731,0.3028287026131954,0.0,0.0,0.0,0.2949803737365383
0.0,0.0,0.0,0.0,0.0,0.0,0.3204280267626293,0.0,0.0,0.2684695148748743,0.0,0.30164836818151,0.3348719268542319,0.0,0.0,0.2609347778461717,0.0,0.2400668162394075,0.0,0.0,0.0,0.3078589105008232,0.0,0.2737864892815524,0.2538693915811789,0.2605492090238879,0.0,0.3183407813145853,0.2382309600561974,0.0,0.2480205851012426,0.2899974107126236,0.2326295151856144,0.2665240050594493,0.2521557365156956,0.0,0.0,0.2608722267716996,0.0,0.2853583790800905,0.2828635013912233,0.0,0.0,0.0,0.0,0.0,0.0,0.0,0.0,0.0,0.0,0.0,0.0,0.0,0.3258467528270041,0.0,0.3246676271720528,0.0,0.0,0.0,0.0,0.3165776130843968,0.3016918613608789,0.0,0.0,0.0,0.0,0.0,0.3030262250967329,0.3136242202693903,0.3174922182103019,0.0,0.0,0.0,0.0,0.2772168309693066
0.2776532617057692,0.2783992691672479,0.0,0.0,0.0,0.334025050075369,0.3283273007085344,0.3321448476569447,0.0,0.2669126176857417,0.0,0.2669719347824164,0.3378915131166715,0.0,0.2901428455853025,0.248566686674829,0.2400668162394075,0.0,0.0,0.2905683858653909,0.3083632266636463,0.2827248176577048,0.3173491379310083,0.2616894092774031,0.2398109534879455,0.2570877580012773,0.3248167342615574,0.3189941962138789,0.3126212139099079,0.2753703822616668,0.263206667635889,0.2981970145381514,0.2285315619943404,0.267074352317172,0.2701322434377309,0.0,0.0,0.0,0.3200630466633398,0.2912645622077532,0.303873505131297,0.3291337559735822,0.0,0.0,0.0,0.3035533181437467,0.3089510102133742,0.0,0.0,0.0,0.0,0.0,0.0,0.0,0.3202233249147523,0.0,0.3141302704210335,0.0,0.0,0.0,0.3045272610913765,0.3107139867154588,0.3155807892500358,0.0,0.0,0.0,0.3181362592209796,0.0,0.2789506570482716,0.3158309943438609,0.3221248760387787,0.0,0.0,0.0,0.0,0.3025482221288543
0.0,0.0,0.1883215188320041,0.3228306046911259,0.2571753476005572,0.2541214329667272,0.3275215992742702,0.2986179097171353,0.1847456437001314,0.3501616955836398,0.1703025612991857,0.0,0.3284767370608382,0.2891275479894811,0.0,0.0,0.0,0.0,0.0,0.0,0.0,0.0,0.1836913923836787,0.0,0.0,0.0,0.267944321936413,0.3301558719949536,0.0,0.0,0.3550322448276545,0.3171735989730705,0.0,0.3776454781387748,0.3350260736758521,0.2979314900467457,0.3196756815521314,0.2979125087023238,0.3408788352127698,0.0,0.0,0.0,0.3219627692276979,0.0,0.0,0.0,0.0,0.3965530501857353,0.0,0.3357913773366032,0.3921650309922581,0.3766763897949067,0.3575720504331881,0.3916229267505202,0.0,0.316073287571402,0.0,0.0,0.3434408656822604,0.0,0.0,0.0,0.0,0.3844322373619283,0.0,0.0,0.0,0.3981148736329412,0.0,0.0,0.0,0.3938881182188717,0.0,0.0,0.0,0.0
0.2861841888237426,0.2968844992209082,0.0,0.3325027470413742,0.3194186962100136,0.2971794048289577,0.3255270135534308,0.3047958518583587,0.3126191171328306,0.0,0.0,0.0,0.3212922627920796,0.0,0.2129542434599473,0.2655460447882923,0.0,0.2905683858653909,0.0,0.0,0.3104866696709624,0.2459539015490399,0.2148162285047506,0.0,0.2803507320935632,0.2985549799023098,0.2116861050240928,0.275770650953523,0.242709044677888,0.2643563837198376,0.2634571457176153,0.3175254110696714,0.269230093145673,0.297311301868499,0.3393945853171934,0.3689427665869215,0.3293078827129038,0.0,0.3384677382689969,0.3014280932979101,0.3213577238883687,0.3349740104556175,0.0,0.0,0.0,0.0,0.3168194476753663,0.0,0.0,0.0,0.3408265857027531,0.0,0.3566449311785536,0.0,0.0,0.0,0.0,0.3128420793100235,0.0,0.3493845098896307,0.0,0.0,0.0,0.0,0.3385984264461993,0.3723526628111307,0.3386858802930085,0.3558379453799505,0.0,0.0,0.3480937394916807,0.3490092625275151,0.3485791085039625,0.3863299797411811,0.0,0.3328916561192857
0.307706744668264,0.3038440408198547,0.0,0.0,0.0,0.3259323802434665,0.0,0.2702724439396447,0.0,0.0,0.0,0.3040307058204515,0.3235484589518426,0.3288930134417831,0.2658613816751354,0.295081380911168,0.0,0.3083632266636463,0.0,0.3104866696709624,0.0,0.2996941384007883,0.2804172903184223,0.3572806392340998,0.3193061501399594,0.2909696817624113,0.3077068238473516,0.3250760707100196,0.2997210776306324,0.0,0.2806432854093284,0.3187290127193336,0.2762954816766623,0.289186440700931,0.3471291645280133,0.0,0.0,0.0,0.3378933132948378,0.2614507817228117,0.3239581238560698,0.3476718964551497,0.0,0.0,0.0,0.3150039881531259,0.3408466585193032,0.0,0.0,0.0,0.3452369125352334,0.0,0.3413392622360831,0.0,0.0,0.0,0.0,0.0,0.0,0.3396280900442101,0.3296746062232534,0.0,0.0,0.0,0.3465852876037384,0.3297036006281065,0.3462007115665925,0.3632917153245382,0.0,0.2985355420121213,0.3670174349074802,0.3630216115363293,0.3591208037818136,0.355618219618213,0.0,0.3239819722606589
0.2762527304768776,0.2688994276256377,0.0,0.3436096755886832,0.3296070291760252,0.3088940911502294,0.3401274997269505,0.3163892866278987,0.3172006775801841,0.2488683006306963,0.0,0.0,0.3441385426341749,0.0,0.200648517321435,0.2579089238065097,0.3078589105008232,0.2827248176577048,0.0,0.2459539015490399,0.2996941384007883,0.0,0.2481627171814178,0.0,0.286463538240604,0.2589940228131392,0.2914179741808023,0.3263918361590083,0.2906435304527351,0.3007988146630808,0.2621899169383255,0.3034719277530954,0.2508349598308344,0.2778217045422353,0.3239850063624776,0.3620676235935275,0.0,0.0,0.331443292962004,0.3172425692774926,0.3278434339775514,0.3456583849841722,0.0,0.0,0.0,0.3113386631269307,0.3226967157016756,0.0,0.0,0.0,0.3504743881487313,0.0,0.0,0.0,0.0,0.0,0.0,0.0,0.0,0.3441871589494072,0.325111828012771,0.0,0.2858811402268418,0.0,0.3365727063118392,0.3501845167033678,0.3431071660762528,0.3499086333773288,0.0,0.3091612216569353,0.3503154541097938,0.3680131713447052,0.2918210293035011,0.3481470763750897,0.0,0.3263707576327491
0.3281566945932038,0.3051549590108151,0.2136157015666812,0.3030099199444607,0.2858287180353759,0.2758171222347668,0.3059116331401172,0.2652424922271114,0.2872181681454232,0.3345158310618163,0.2196268016522459,0.2750708771000088,0.3167938736634976,0.2864302007298466,0.2169693094503895,0.3046505381315693,0.0,0.3173491379310083,0.1836913923836787,0.2148162285047506,0.2804172903184223,0.2481627171814178,0.0,0.3558794584917962,0.3099591800201468,0.3046938800037498,0.235715974376796,0.3240033252659543,0.2954879239853926,0.3116282760175388,0.3261205728552608,0.3136919552002039,0.2589033414442594,0.3249145523450323,0.351138899454282,0.2804196120024377,0.3120306232834192,0.0,0.3713453947485193,0.3337108568955667,0.376969327148923,0.3734843329480458,0.348375469087388,0.0,0.0,0.0,0.3188044306493747,0.3497358904008606,0.0,0.3770326882670834,0.3825580782113977,0.4010283799870969,0.3583080189434575,0.398221493206699,0.0,0.3349849062884408,0.0,0.3852782938297797,0.356789582691277,0.3384559678414887,0.0,0.0,0.0,0.3515705607784011,0.3534239758363884,0.3676896961951832,0.3531329023666975,0.3809476971174161,0.0,0.0,0.3560507174692857,0.3806099860657692,0.3827100143508783,0.3677008206944082,0.3786853476141361,0.384313359025253
0.2704149206017616,0.0,0.0,0.0,0.0,0.0,0.305931491580415,0.3706281628421332,0.0,0.2620948420166682,0.3179486517094725,0.2175498296902681,0.371510060370526,0.0,0.2853889884154475,0.2599566454193339,0.2737864892815524,0.2616894092774031,0.0,0.0,0.3572806392340998,0.0,0.3558794584917962,0.0,0.2586875752181704,0.2581501985277283,0.2678205594976784,0.2891449960843138,0.0,0.0,0.2644375779613679,0.2062686638159229,0.1591737055452942,0.196417640234037,0.2185735475100392,0.2128632942090925,0.2056205724304205,0.193516723489844,0.2456026830611263,0.1403240481395359,0.1881349414410534,0.2477262805007132,0.0,0.0,0.1692561855052026,0.2827581810504027,0.3404322830048012,0.0,0.0,0.0,0.0,0.0,0.0,0.0,0.3129290567116424,0.0,0.3057467326508816,0.0,0.0,0.0,0.3226376892804062,0.3335734726183662,0.3273366527566788,0.0,0.0,0.0,0.0,0.0,0.2536923090462507,0.3240645605796334,0.3276107540411039,0.0,0.2895852936863789,0.0,0.0,0.381664093510709
0.274742142748698,0.2738843631845619,0.0,0.0,0.3028277373096417,0.2833025729704507,0.3312219567699873,0.342467103320049,0.0,0.2401707721379784,0.0,0.27285464391203,0.3143361755526766,0.0,0.287379445265551,0.2671368356131952,0.2538693915811789,0.2398109534879455,0.0,0.2803507320935632,0.3193061501399594,0.286463538240604,0.3099591800201468,0.2586875752181704,0.0,0.2399609244785524,0.2935366335033571,0.3045502212354022,0.2988585650438273,0.0,0.2579357150280638,0.2778964412900577,0.2116513987598759,0.2504417572015876,0.2606101888095026,0.0,0.0,0.233692314985269,0.3240366487040909,0.2961870697843634,0.3097484878897959,0.326285685263965,0.0,0.0,0.0,0.3071616913181141,0.315029511542592,0.0,0.0,0.0,0.0,0.0,0.0,0.0,0.333634081963681,0.0,0.3239412644317175,0.0,0.0,0.3196539975328107,0.3091843531778822,0.3281283686883381,0.321676745051646,0.0,0.0,0.3077315338205454,0.3388289365596761,0.0,0.2965161034670643,0.321134730766059,0.3287128406245626,0.0,0.0,0.3165108074091562,0.0,0.3117506976289134
0.2644157088326024,0.2639107556211354,0.0,0.0,0.2782054472872726,0.3020593002584497,0.3121093547858722,0.3407150735993902,0.2822237520519643,0.2493599193786358,0.0,0.2501526083569677,0.3064457517076475,0.0,0.2721159653059641,0.2782679216678774,0.2605492090238879,0.2570877580012773,0.0,0.2985549799023098,0.2909696817624113,0.2589940228131392,0.3046938800037498,0.2581501985277283,0.2399609244785524,0.0,0.3095837886382783,0.3135939812582353,0.2957119209056033,0.0,0.2581990608774803,0.291598709461324,0.2408541627556537,0.2579466168362956,0.289542227619754,0.3366321292139896,0.0,0.2452122895931907,0.3398792542761765,0.3185258904273647,0.3320865152946406,0.3328661496183431,0.0,0.0,0.0,0.315779990543957,0.3370742835907681,0.0,0.0,0.0,0.3449665821736193,0.0,0.0,0.0,0.3508716672703106,0.0,0.3351185051505003,0.0,0.0,0.3640001199470032,0.3306025915040536,0.3384282261554825,0.3319542873655655,0.0,0.3548695197241676,0.3640412663361568,0.3529542984077906,0.3672031871297961,0.3044299205186692,0.3289871260807604,0.3407474177447799,0.3643099324200449,0.0,0.3630863758497435,0.0,0.3250600264535468
0.3184273398043152,0.2988679948306845,0.2471489725340059,0.3088930885065258,0.2750540597702449,0.2512543117522303,0.2967793801499147,0.3155731920380675,0.2463632465457242,0.3329155967019259,0.2846395602292061,0.0,0.306725418629385,0.3226378696053711,0.2648912090433081,0.3078085000993724,0.0,0.3248167342615574,0.267944321936413,0.2116861050240928,0.3077068238473516,0.2914179741808023,0.235715974376796,0.2678205594976784,0.2935366335033571,0.3095837886382783,0.0,0.3173630097739199,0.2628015981339208,0.2970066036118386,0.3027378564260398,0.3212155739963137,0.2739579527591822,0.3202520637800261,0.3438350114410772,0.3374414946051899,0.3265555168686677,0.0,0.3699397636085106,0.3434264462780057,0.3867428296258423,0.381962508522125,0.3500575621737626,0.0,0.0,0.0,0.2889806166736314,0.4008258007212385,0.0,0.3576240463359537,0.3727223030216602,0.3985197846010889,0.3655205639975233,0.3955444456487339,0.0,0.3810633773865469,0.0,0.4145077449311313,0.3439885168709642,0.3520769412446835,0.0,0.0,0.0,0.4036138236136876,0.3578202467734214,0.3773094104108587,0.3719544519269699,0.381069997776072,0.0,0.0,0.3443679906536804,0.3730958317220179,0.4022809036510663,0.3764484306886683,0.3704140064376693,0.3827683191844143
0.2844435080859643,0.335932685641512,0.3496388205390089,0.2089045652948761,0.3021400421640091,0.276466610113804,0.2721521804167436,0.328519819684947,0.3315375524298012,0.3057145857285504,0.3373580514498915,0.3227704217441055,0.2460049756734672,0.2468221158687457,0.3054698455249497,0.3277914785153413,0.3183407813145853,0.3189941962138789,0.3301558719949536,0.275770650953523,0.3250760707100196,0.3263918361590083,0.3240033252659543,0.2891449960843138,0.3045502212354022,0.3135939812582353,0.3173630097739199,0.0,0.2535389571635057,0.2364095372673851,0.2722566487130539,0.3014501213782817,0.2603669448512853,0.2882175045476952,0.2703185047139401,0.185397945098567,0.164369070695069,0.2632237215924453,0.3186087977803773,0.218786600974891,0.3324416407348217,0.3033001690848634,0.3181213267857709,0.0,0.0,0.0,0.0,0.3328007848678457,0.0,0.0,0.390903892673416,0.0,0.3841850426087343,0.0,0.0,0.0,0.2616512998336721,0.0,0.0,0.3456726471015535,0.0,0.0,0.0,0.0,0.3492512914238002,0.3509937262788478,0.3015502370319602,0.3762433667956091,0.0,0.0,0.0,0.3710746523314338,0.3872632873539109,0.378757187551797,0.0,0.3784639842500539
0.3089889630376691,0.3078780673533594,0.3122352370658685,0.0,0.2959492933168499,0.2315765692113388,0.3092120600515676,0.2987513181792408,0.2919201910238513,0.0,0.0,0.0,0.2913242264971168,0.0,0.2912075287623619,0.2993471126662133,0.2382309600561974,0.3126212139099079,0.0,0.242709044677888,0.2997210776306324,0.2906435304527351,0.2954879239853926,0.0,0.2988585650438273,0.2957119209056033,0.2628015981339208,0.2535389571635057,0.0,0.2525950260729579,0.2617885361052064,0.315581248637677,0.2581311200037433,0.2968350741268258,0.3405125745220716,0.3716088249875973,0.2959829312779574,0.0,0.3492437860138782,0.0,0.3557363725081899,0.3322343974203751,0.333095337271003,0.0,0.0,0.0,0.301516987891854,0.0,0.0,0.0,0.3586703677227579,0.0,0.3625294211874787,0.0,0.0,0.0,0.0,0.3558023909313774,0.0,0.3395648648010652,0.0,0.0,0.0,0.0,0.3430728551112725,0.348796416446231,0.3353800652491159,0.3559080493290272,0.0,0.0,0.3199264101310966,0.3533903554281408,0.3691702890412887,0.3537953016695105,0.3402693027452019,0.3578716093371366
0.0,0.0,0.3317946705245648,0.0,0.0,0.3054046356644555,0.0,0.312028356648292,0.3078126102373917,0.0,0.0,0.0,0.2830215027822247,0.0,0.3230301873508117,0.2947484884535182,0.0,0.2753703822616668,0.0,0.2643563837198376,0.0,0.3007988146630808,0.3116282760175388,0.0,0.0,0.0,0.2970066036118386,0.2364095372673851,0.2525950260729579,0.0,0.2337096642282766,0.2983306933788182,0.2313301947117239,0.2578291323995299,0.2770440579511075,0.0,0.0,0.0,0.3670840787276318,0.0,0.0,0.0,0.0,0.0,0.0,0.0,0.0,0.0,0.0,0.0,0.0,0.0,0.0,0.0,0.0,0.0,0.0,0.0,0.0,0.0,0.0,0.0,0.0,0.0,0.0,0.0,0.0,0.3723625957795545,0.0,0.0,0.0,0.3636994522606244,0.0,0.3330496201040644,0.0,0.0
0.2558672034193422,0.2475436387202615,0.3583526948771996,0.2542412551099851,0.329515163489566,0.326071407770984,0.297770385483862,0.3319764808649283,0.3457410244957927,0.2573914325217023,0.3478668574354275,0.2740409072444851,0.2871955813858784,0.354810452929925,0.2740114662091873,0.2592860295593173,0.2480205851012426,0.263206667635889,0.3550322448276545,0.2634571457176153,0.2806432854093284,0.2621899169383255,0.3261205728552608,0.2644375779613679,0.2579357150280638,0.2581990608774803,0.3027378564260398,0.2722566487130539,0.2617885361052064,0.2337096642282766,0.0,0.3180401389129191,0.213050163460935,0.2139288958420193,0.2717133663247857,0.3018586361335377,0.2482529267957318,0.246009952021214,0.364627478301411,0.0,0.3119858704195141,0.0,0.0,0.0,0.0,0.2697425388282465,0.2976099596139801,0.0,0.0,0.0,0.3987002049744916,0.0,0.381632428697553,0.0,0.3016136470394299,0.0,0.2973863267664334,0.0,0.0,0.3300756882473665,0.2925545348396103,0.3063322365845898,0.3100680873883129,0.0,0.336784226227278,0.3022638993786902,0.3225464825133708,0.3743077033057055,0.2851488492184122,0.3112734839914987,0.3155173581343244,0.3736983243407326,0.3822329267898249,0.3756732329706447,0.0,0.3360626589280949
0.2886620641619232,0.2889773541100319,0.3432205905396805,0.2167918887794359,0.284623455266012,0.319067838140847,0.3032865649472593,0.2988753291001749,0.3196926267381433,0.2369464866200855,0.2977361928110593,0.1876788030449113,0.2913048647429095,0.1912013080066177,0.3021518210670068,0.3038022675407271,0.2899974107126236,0.2981970145381514,0.3171735989730705,0.3175254110696714,0.3187290127193336,0.3034719277530954,0.3136919552002039,0.2062686638159229,0.2778964412900577,0.291598709461324,0.3212155739963137,0.3014501213782817,0.315581248637677,0.2983306933788182,0.3180401389129191,0.0,0.2372347648095915,0.240642735791867,0.2848195908113476,0.2025599131145519,0.2320734211463983,0.1777141764590715,0.2160292378544074,0.2219348284225969,0.2405648419036738,0.2485391699982015,0.2195811101337045,0.2048588375635532,0.20198800613646,0.302963011716836,0.3251440292225211,0.3552408615664811,0.0,0.0,0.3559204642484601,0.2802807361932649,0.3415715599567807,0.3576013642638623,0.2083272271119256,0.2987782939172922,0.1797377942902484,0.3225466285130526,0.0,0.3532682223705711,0.3264379089634036,0.0,0.3161324373531866,0.3419625583401502,0.3550282397841549,0.3444869303235593,0.3412790459517972,0.3675873772140937,0.1968380766499378,0.320606362866904,0.3350639416186965,0.3643428507420878,0.322482977217409,0.3604568100142467,0.3714290014230624,0.3518079577494882
0.2296556930081219,0.2369307313111853,0.0,0.0,0.2791325229242818,0.2752149965805993,0.2854677021170115,0.2778233033179434,0.2950439195523129,0.219286696971643,0.2862023591249129,0.183259750188079,0.2857374965364248,0.0,0.2582943193474901,0.2296360142573802,0.2326295151856144,0.2285315619943404,0.0,0.269230093145673,0.2762954816766623,0.2508349598308344,0.2589033414442594,0.1591737055452942,0.2116513987598759,0.2408541627556537,0.2739579527591822,0.2603669448512853,0.2581311200037433,0.2313301947117239,0.213050163460935,0.2372347648095915,0.0,0.1582940160160146,0.2511861028075962,0.1963057900184738,0.1606125778609421,0.1199141334213934,0.2289816926655071,0.1695550974871671,0.1789796998511819,0.2266496218879234,0.0,0.0,0.1586602458149647,0.2736945398444801,0.3136228786292156,0.0,0.0,0.0,0.0,0.0,0.0,0.0,0.2629478871294075,0.0,0.2661935326181134,0.0,0.0,0.3446151215203459,0.3053592837777203,0.2554679944358421,0.302321035130926,0.0,0.3186101577157958,0.3324542004889095,0.3328428874500425,0.3457415324456927,0.2512481253623756,0.2904061812482041,0.3078632448720232,0.3499576246285117,0.258239395950569,0.0,0.0,0.2655218150349849
0.2483102414228341,0.2514240206340234,0.3771054290552917,0.1902254965087813,0.3289865348169523,0.3278581286259687,0.3101550366611548,0.3330832745053789,0.3474860338621076,0.2517036439513947,0.3516312070585791,0.2051548252538169,0.309650244844908,0.3429053850888749,0.2786599865333543,0.261695920520216,0.2665240050594493,0.267074352317172,0.3776454781387748,0.297311301868499,0.289186440700931,0.2778217045422353,0.3249145523450323,0.196417640234037,0.2504417572015876,0.2579466168362956,0.3202520637800261,0.2882175045476952,0.2968350741268258,0.2578291323995299,0.2139288958420193,0.240642735791867,0.1582940160160146,0.0,0.1942763411861733,0.2520439804000835,0.1719306355034741,0.1550161516219589,0.2237120959755975,0.1642867554102709,0.1931740968145595,0.2099532181666484,0.2231603657687586,0.0,0.1816033832275258,0.2719127330306206,0.3048534958958847,0.0,0.0,0.0,0.3994158969729159,0.0,0.368426754496902,0.0,0.2563306729393956,0.0,0.2391961373282523,0.2679090108788063,0.0,0.3392942778234268,0.2947792931616289,0.2807318976164946,0.3102152759089645,0.0,0.3390725937188431,0.3211185761756303,0.3274988138116202,0.3757942070289477,0.2771506151942238,0.3042079983023657,0.318067770026472,0.3671101968220476,0.3037646417997942,0.3743016076576018,0.0,0.3096003924172736
0.2766503096321128,0.2823450125798772,0.3401999392345386,0.2401309648784753,0.3207957072998264,0.3268041415159118,0.3004897298718282,0.3523820957881384,0.3474848207978195,0.2146002668762531,0.3301461089790667,0.2340793139011231,0.2973561181356109,0.0,0.3189087840967631,0.2904797839876137,0.2521557365156956,0.2701322434377309,0.3350260736758521,0.3393945853171934,0.3471291645280133,0.3239850063624776,0.351138899454282,0.2185735475100392,0.2606101888095026,0.289542227619754,0.3438350114410772,0.2703185047139401,0.3405125745220716,0.2770440579511075,0.2717133663247857,0.2848195908113476,0.2511861028075962,0.1942763411861733,0.0,0.3296929831302943,0.2622195015060433,0.183024780947565,0.2269345601059451,0.20641174244126,0.2356179861402968,0.2527830607570722,0.2319363416131993,0.2240905400414431,0.2255423455352462,0.3302967304134142,0.3288843471982736,0.0,0.0,0.0,0.0,0.0,0.0,0.0,0.2042207687577911,0.0,0.2332520873393723,0.0,0.0,0.3654452922147539,0.3105472723664602,0.0,0.3048051203489363,0.0,0.3551663076662085,0.358108991726563,0.3550135767623043,0.3507265290218533,0.0,0.3101306557340463,0.3377531406173724,0.3444743436872654,0.2166209806127567,0.3648607063050426,0.0,0.0
0.0,0.0,0.3220440937266412,0.1429925202752199,0.205246715285186,0.310029658179892,0.2158343305144076,0.1950469950779592,0.3334454022416078,0.2013695838818395,0.2332168437483962,0.2144706647114825,0.2261889277452202,0.1758666845143638,0.0,0.0,0.0,0.0,0.2979314900467457,0.3689427665869215,0.0,0.3620676235935275,0.2804196120024377,0.2128632942090925,0.0,0.3366321292139896,0.3374414946051899,0.185397945098567,0.3716088249875973,0.0,0.3018586361335377,0.2025599131145519,0.1963057900184738,0.2520439804000835,0.3296929831302943,0.0,0.1256634715382673,0.1945211939385707,0.175327302660086,0.2108344024300714,0.2258764244534281,0.2314984005169748,0.0,0.0,0.0,0.0,0.0,0.3075813029313595,0.0,0.2582014154591712,0.3147305804048168,0.331735352750672,0.3066550062748409,0.3095721204094447,0.0,0.0,0.0,0.3172411502010388,0.2694423873477984,0.0,0.0,0.0,0.0,0.303434979293598,0.3635848022317773,0.0,0.0,0.3513685550101058,0.0,0.0,0.0,0.3528923777784796,0.286448792489756,0.2983909783517203,0.0,0.0
0.0,0.0,0.3278805488652925,0.1221959368756228,0.2164387524169083,0.3184352747970166,0.2189440906960403,0.2879140478444076,0.3457840516784668,0.1535510360129943,0.3168402051945391,0.1949240009805841,0.2198328003979595,0.1341839929898017,0.0,0.0,0.0,0.0,0.3196756815521314,0.3293078827129038,0.0,0.0,0.3120306232834192,0.2056205724304205,0.0,0.0,0.3265555168686677,0.164369070695069,0.2959829312779574,0.0,0.2482529267957318,0.2320734211463983,0.1606125778609421,0.1719306355034741,0.2622195015060433,0.1256634715382673,0.0,0.1831996240782206,0.0,0.0,0.0,0.0,0.0,0.0,0.0,0.0,0.0,0.0,0.0,0.0,0.0,0.0,0.0,0.0,0.0,0.0,0.0,0.0,0.0,0.0,0.0,0.0,0.0,0.0,0.0,0.0,0.0,0.0,0.0,0.0,0.0,0.0,0.0,0.0,0.0,0.0
0.2897047472249005,0.0,0.0,0.0,0.2915321865482193,0.2793131053113283,0.2949607036188493,0.0,0.3383612335662943,0.2374999159017635,0.3193845180087912,0.1541433996966623,0.2976996659081016,0.0,0.0,0.0,0.2608722267716996,0.0,0.2979125087023238,0.0,0.0,0.0,0.0,0.193516723489844,0.233692314985269,0.2452122895931907,0.0,0.2632237215924453,0.0,0.0,0.246009952021214,0.1777141764590715,0.1199141334213934,0.1550161516219589,0.183024780947565,0.1945211939385707,0.1831996240782206,0.0,0.2156773678817537,0.1409648730891793,0.1737661830796364,0.1917404662445636,0.0,0.0,0.168648235389614,0.0,0.0,0.0,0.0,0.0,0.0,0.0,0.0,0.0,0.2351530329708104,0.0,0.0,0.0,0.0,0.0,0.0,0.0,0.0,0.0,0.0,0.0,0.0,0.0,0.0,0.2499444893177917,0.0,0.0,0.0,0.0,0.0,0.0
0.3196895009012898,0.3321312518619132,0.3570176026479016,0.0,0.2959920579701582,0.3617435186678424,0.0,0.3432543754558811,0.3450144731723771,0.2290722394115384,0.3199527267735578,0.2210452957070373,0.3505021282609455,0.0,0.329846402970644,0.3177851068183773,0.0,0.3200630466633398,0.3408788352127698,0.3384677382689969,0.3378933132948378,0.331443292962004,0.3713453947485193,0.2456026830611263,0.3240366487040909,0.3398792542761765,0.3699397636085106,0.3186087977803773,0.3492437860138782,0.3670840787276318,0.364627478301411,0.2160292378544074,0.2289816926655071,0.2237120959755975,0.2269345601059451,0.175327302660086,0.0,0.2156773678817537,0.0,0.2431737008861937,0.2704035913187445,0.2934696565654385,0.2351109007622935,0.2444403694379626,0.1928037769316825,0.2966445261399576,0.2825892695783232,0.3246187400621679,0.2106329955412123,0.2644809000382483,0.3114930099932184,0.2919976434395916,0.2993041722915824,0.324204739101871,0.2590177401337197,0.3006612262310484,0.1852980634236342,0.291364216874379,0.2590297437713027,0.3089740655182139,0.2959715643000051,0.3125821152286923,0.3133443511539149,0.3229144541880177,0.3162408159331936,0.29883838459008,0.3024502886011553,0.3167175752531422,0.1843481484311347,0.288258056018036,0.298039182904965,0.3216532698814837,0.2787248977923552,0.3070635483278921,0.2933574297417208,0.2801048493221568
0.3152575679135206,0.3166356219440837,0.0,0.0,0.0,0.0,0.0,0.0,0.0,0.256166795878568,0.0,0.2725052478166476,0.0,0.0,0.3059088236578627,0.3006280276691926,0.2853583790800905,0.2912645622077532,0.0,0.3014280932979101,0.2614507817228117,0.3172425692774926,0.3337108568955667,0.1403240481395359,0.2961870697843634,0.3185258904273647,0.3434264462780057,0.218786600974891,0.0,0.0,0.0,0.2219348284225969,0.1695550974871671,0.1642867554102709,0.20641174244126,0.2108344024300714,0.0,0.1409648730891793,0.2431737008861937,0.0,0.1903468381288246,0.2791019607385211,0.337499744034386,0.1940487766836436,0.1215437327978748,0.2353805484512273,0.2255067089304271,0.0,0.0,0.2800557841856932,0.3078079621216971,0.2873672670540988,0.291894841095199,0.3336730100164835,0.210326054483578,0.335149305835761,0.1746697053115633,0.3279232004775465,0.0,0.2708903419329985,0.2333446909256563,0.2488124011885893,0.2450384810216336,0.0,0.2581092642328015,0.2435388035300744,0.2608895109755013,0.288791738499748,0.1732680856394277,0.224317222605707,0.240624716164701,0.2982622827810088,0.2565980352987896,0.28227574452626,0.0,0.2270231249857701
