0.0,0.3620149004218432,0.0,0.0,0.0,0.3616222801143962,0.0,0.4445786005317038,0.0,0.3155050698140145,0.0,0.3233330785312744,0.3470849929139811,0.0,0.3481509474704201,0.3801732167518823,0.3527245697870967,0.364698510535394,0.0,0.3961984462615008,0.3758234938893594,0.3639229107334055,0.412946121737968,0.3506848966297777,0.3457906259233075,0.3394904979094261,0.4128867121223931,0.3889204867747614,0.3749102443469201,0.0,0.3207254702750812,0.3702375165584211,0.3125528376847222,0.2971278123102351,0.3654836649870469,0.0,0.0,0.0,0.4192938908665712,0.3777418293135206,0.4076925688866972,0.0,0.0,0.0,0.0,0.3750242495379899,0.4386606043700364,0.0,0.0,0.0,0.0,0.0,0.0,0.0,0.4023580581184991,0.0,0.0,0.0,0.0,0.0,0.4280596733006098,0.0,0.389039676580353,0.0,0.0,0.3349028327849551,0.4228120332836297,0.0,0.0,0.4077631223702382,0.4236872440202012,0.0,0.0,0.0,0.0,0.354845077876649
0.3620149004218432,0.0,0.0,0.0,0.3298281123768783,0.3639863499882365,0.3409053088801929,0.3996980990177299,0.33379361656634,0.0,0.0,0.0,0.370693859257803,0.0,0.3778433931760131,0.3780005443593767,0.0,0.3657754291957906,0.0,0.3848716793658652,0.3536999358344619,0.3605036732196535,0.3811444218520065,0.0,0.3382960604159281,0.3750162420358486,0.3876500285856054,0.3840553663841013,0.3714282694118882,0.0,0.3330639542779897,0.3732884597271758,0.3229460932307954,0.3261668588619095,0.3816482952214297,0.0,0.0,0.0,0.4287796493791079,0.421371313416177,0.4215568933713877,0.4432210221821744,0.0,0.0,0.0,0.4191975414317134,0.4374510446675433,0.0,0.0,0.0,0.3847056315406361,0.0,0.0,0.0,0.0,0.0,0.0,0.0,0.0,0.4214793325611892,0.4331839470343674,0.0,0.4222001105552879,0.0,0.4228098555286574,0.4380993856199352,0.4349987329584704,0.4025196755365293,0.0,0.42643745916251,0.4478580187673205,0.4139091440579018,0.0,0.4207919875960478,0.0,0.4081924779669656
0.0,0.0,0.0,0.4005193338253773,0.3616560657372248,0.3643391486453236,0.4068501696660638,0.415048236539257,0.3063905934947792,0.371211315924934,0.3396729326748299,0.2826096095329339,0.407006121563445,0.4100793681621201,0.0,0.0,0.0,0.0,0.2842936380021529,0.0,0.0,0.0,0.3341507149362781,0.0,0.0,0.0,0.3047792555621331,0.43275786738257,0.0,0.0,0.4337175694637694,0.429230176778786,0.0,0.4418766947024806,0.4150896214726977,0.4010743687515583,0.3870461223001488,0.0,0.4513463265885944,0.0,0.0,0.0,0.4471287912593292,0.0,0.0,0.0,0.0,0.4504348586247931,0.0,0.4957863800652272,0.5077576492969467,0.5395558324278351,0.4843302621763796,0.5364893912800747,0.0,0.413685783686373,0.0,0.4774635629532101,0.4692398080431962,0.0,0.0,0.0,0.0,0.443350581684522,0.0,0.0,0.0,0.5083355858031064,0.0,0.0,0.0,0.5215892378223997,0.3979139345775965,0.0,0.0,0.0
0.0,0.0,0.4005193338253773,0.0,0.2675950249014671,0.392170480685048,0.3065099718058342,0.4244308470366614,0.4416959199012589,0.2516380851795955,0.3651893172562988,0.2446526110716494,0.2871957149107264,0.3100642845353339,0.0,0.0,0.0,0.0,0.4054953027290964,0.3801097699440243,0.0,0.0,0.413859884844725,0.0,0.0,0.0,0.3855048199966662,0.1887107506829338,0.0,0.0,0.2720843643855445,0.2702740522127006,0.0,0.2777853547295963,0.2554901511015128,0.2077976181784482,0.1748386844412914,0.2545522606956673,0.0,0.0,0.0,0.0,0.0,0.0,0.0,0.0,0.0,0.0,0.0,0.0,0.0,0.0,0.0,0.0,0.0,0.0,0.0,0.0,0.0,0.0,0.0,0.0,0.0,0.0,0.0,0.0,0.0,0.0,0.0,0.0,0.0,0.0,0.0,0.0,0.0,0.0
0.0,0.3298281123768783,0.3616560657372248,0.2675950249014671,0.0,0.3559463292317532,0.2978322969166559,0.3770172403850266,0.3300565452997666,0.3937113169449694,0.2998097021718059,0.2845087630653693,0.3490606995519224,0.2712248364122817,0.0,0.0,0.0,0.0,0.3439823956803183,0.0,0.0,0.393559607963463,0.3774149361080227,0.0,0.3033180099463302,0.0,0.3603098543980592,0.3466584885483426,0.3761744893808683,0.0,0.4159323513889076,0.3281320095620185,0.2914230669896081,0.3988492808109789,0.3709599366774622,0.2053833473209069,0.2307017806983973,0.3128796966349394,0.376294142217277,0.0,0.0,0.0,0.4132660736889925,0.0,0.0,0.0,0.0,0.4582557825864404,0.0,0.3935492285816906,0.4448727395192529,0.0,0.4153866727948022,0.4408597063099317,0.0,0.3769681522630649,0.0,0.0,0.0,0.0,0.0,0.0,0.0,0.3960775554730567,0.0,0.0,0.0,0.4748730833124874,0.0,0.0,0.0,0.4676563316104474,0.0,0.0,0.0,0.0
0.3616222801143962,0.3639863499882365,0.3643391486453236,0.392170480685048,0.3559463292317532,0.0,0.380131160739392,0.3758355574021966,0.2932627185794255,0.4475387622634333,0.3544391123192436,0.3406085316491039,0.3404656592642217,0.3640895747824082,0.3986996817264745,0.3983565540391939,0.2746848350126277,0.4082224426177194,0.3310363486308311,0.3874225411677991,0.3858734760974277,0.3937933304089875,0.3772541166679858,0.0,0.3626817576048874,0.3752156718926903,0.3668173581239592,0.3544657933394737,0.3363075210784577,0.4172073888852308,0.4044457711777556,0.4034736445939449,0.3769548434201309,0.4193563785544994,0.4167524239234549,0.4124280615684375,0.4008587145301194,0.3462417211014125,0.4350496732052363,0.0,0.4556409877510619,0.433297841361246,0.4596200203924717,0.0,0.0,0.0,0.3019933483697515,0.5145688964038709,0.0,0.4367277003019754,0.4647543832076198,0.5491721552907404,0.4258078483708428,0.5155471143587659,0.0,0.4846387844625914,0.0,0.4983229227745827,0.0,0.3957789711642712,0.0,0.0,0.0,0.4949606682381459,0.4183717535174301,0.3744988236981392,0.4227490294652476,0.4689656190340733,0.0,0.0,0.3600412221577857,0.4726233273411644,0.4753126432424807,0.4468259617521545,0.4084382243998796,0.4721099721019741
0.0,0.3409053088801929,0.4068501696660638,0.3065099718058342,0.2978322969166559,0.380131160739392,0.0,0.4132378573123237,0.3546756574020365,0.4148149342807253,0.3928176963093359,0.3415747919188159,0.3014981535931317,0.3786440913276948,0.0,0.4210683406533163,0.383985816087446,0.411980314777282,0.405303796034936,0.4005479186928598,0.0,0.4095333154094709,0.4100077696027918,0.3088613477010802,0.3953446476106645,0.4093001077382667,0.4016926447503698,0.349432477532997,0.3840987121500972,0.0,0.3935888638015133,0.3776613785146698,0.3481976413987537,0.3840224542505831,0.3647532899660894,0.316032797365219,0.2989915043370955,0.3636045210466059,0.367496665715991,0.0,0.3378088811305031,0.0,0.3943855098694886,0.0,0.0,0.0,0.0,0.4446754603128252,0.0,0.0,0.4464940688249547,0.0,0.3957034398539538,0.4002498534772151,0.0,0.3494691818085619,0.0,0.0,0.0,0.0,0.0,0.0,0.0,0.3677347181820505,0.0,0.0,0.0,0.4798184035751735,0.0,0.0,0.0,0.4969016854477792,0.0,0.0,0.0,0.0
0.4445786005317038,0.3996980990177299,0.415048236539257,0.4244308470366614,0.3770172403850266,0.3758355574021966,0.4132378573123237,0.0,0.4186520910983468,0.3700164253933563,0.2490575692289944,0.3513452466894655,0.409836130177743,0.3550321734204587,0.3779916697094653,0.4158689895882696,0.0,0.4126707832919993,0.3714536287391516,0.3868075712480255,0.3616223218665973,0.3699366470088293,0.3261635142381147,0.4733300811340747,0.4148561261997148,0.4368111798131323,0.401784204841645,0.4197891747696746,0.3821493994414127,0.4280353408000105,0.4245446949916456,0.3869134648701472,0.3886208934470226,0.4219642921587698,0.4155478738319734,0.304905623314071,0.371915492748466,0.0,0.4232326190971826,0.0,0.4516902036421363,0.0,0.3633434204720549,0.0,0.0,0.0,0.0,0.4889255607970829,0.0,0.4254359879046457,0.4366562880854793,0.4516334428636663,0.3553753188975347,0.5034775578036405,0.0,0.38490636434144,0.0,0.4550198510165029,0.4107613142512162,0.393080312494671,0.0,0.0,0.0,0.4479401616460287,0.4415483275588204,0.3703630845475883,0.0,0.4259143830193055,0.0,0.0,0.0,0.4551525272454152,0.4581720994304353,0.4307541892958143,0.0,0.4531421499195434
0.0,0.33379361656634,0.3063905934947792,0.4416959199012589,0.3300565452997666,0.2932627185794255,0.3546756574020365,0.4186520910983468,0.0,0.4335407873272341,0.3205517020720926,0.3721464242341846,0.361806391204546,0.4120148942332627,0.0,0.0,0.0,0.2834302653784888,0.2797391389964439,0.0,0.0,0.3728417205876771,0.3812617254393279,0.3319509958597227,0.4129630594921295,0.3939289053021716,0.3122219614836745,0.4159261645733649,0.3481355320372737,0.4190993667889551,0.4277949597819407,0.4019185275096056,0.3876072225849475,0.4215995952545469,0.4175938758697027,0.3851418990212191,0.4077204039170738,0.4097402790784186,0.4569572185412419,0.0,0.3337113868009805,0.0,0.4278569272469767,0.0,0.0,0.0,0.0,0.5110939799415206,0.0,0.4466293756864202,0.5032249116417772,0.4772239327041716,0.4830331428251271,0.5234378283389592,0.0,0.451779869713927,0.0,0.4278058156729593,0.4648466882419605,0.0,0.0,0.0,0.0,0.4852950442216022,0.0,0.0,0.0,0.5036346632661742,0.0,0.0,0.0,0.5023155418322165,0.4009630341477367,0.0,0.0,0.0
0.3155050698140145,0.0,0.371211315924934,0.2516380851795955,0.3937113169449694,0.4475387622634333,0.4148149342807253,0.3700164253933563,0.4335407873272341,0.0,0.4055691465999554,0.2581571697206252,0.3849624194389386,0.0,0.0,0.3714684049050146,0.3210766803962024,0.3408150926743981,0.4174689253686133,0.3448988762599144,0.0,0.3299379356422809,0.4177180228033292,0.2645764455378687,0.3108289703725797,0.3024047481328331,0.4179101540134448,0.3695325437589822,0.0,0.0,0.3014544357117438,0.35949243237857,0.3084593357149262,0.2973339543866141,0.3000802823557549,0.3472639594071681,0.3044575095975194,0.2686393702986693,0.4397003036881808,0.3526932135533322,0.3771685124824057,0.4570335156114497,0.0,0.0,0.3343648642197855,0.3695262664799769,0.0,0.0,0.0,0.0,0.0,0.0,0.0,0.0,0.4138522014784827,0.0,0.4200376677627197,0.3941951903436238,0.0,0.0,0.0,0.4184107416786492,0.3952583376655433,0.0,0.0,0.0,0.0,0.0,0.4009229372719238,0.4084789945511618,0.4322475889693943,0.0,0.3931313258788252,0.0,0.0,0.3936662857230543
0.0,0.0,0.3396729326748299,0.3651893172562988,0.2998097021718059,0.3544391123192436,0.3928176963093359,0.2490575692289944,0.3205517020720926,0.4055691465999554,0.0,0.3281977660631379,0.3972571167515806,0.2729409413444454,0.0,0.0,0.3363160375470341,0.0,0.2836363944351774,0.0,0.0,0.0,0.320035532718443,0.0,0.0,0.0,0.3553691349446422,0.4011302909134004,0.0,0.0,0.4274723283978212,0.3853832127573073,0.3321648392903921,0.410770775225983,0.3895655028151495,0.2494642181705872,0.3265992705298528,0.3514356774324353,0.0,0.0,0.0,0.0,0.3534507144700688,0.0,0.0,0.0,0.0,0.4683716036767477,0.0,0.4387552460137152,0.4675623595540095,0.4741895156962625,0.3897812908395962,0.4870268251788261,0.0,0.3755520781878685,0.0,0.4258883903418031,0.4046624754214091,0.0,0.0,0.0,0.0,0.449591791497596,0.0,0.0,0.0,0.4665936472138677,0.0,0.0,0.0,0.4964072784721358,0.382073481682818,0.0,0.0,0.0
0.3233330785312744,0.0,0.2826096095329339,0.2446526110716494,0.2845087630653693,0.3406085316491039,0.3415747919188159,0.3513452466894655,0.3721464242341846,0.2581571697206252,0.3281977660631379,0.0,0.3567641755434071,0.0,0.0,0.0,0.3561082795962901,0.3753930805494976,0.3020312921207032,0.0,0.3385370873990343,0.0,0.3191257875288724,0.2541774014470053,0.3366620062873396,0.2783909057679751,0.3151743102247922,0.323564507180827,0.0,0.0,0.3117503002577029,0.2662897793643547,0.2712967144629412,0.2338154700995786,0.2695758136854252,0.2799633309445277,0.2744221994240076,0.2136181715521552,0.2597759055659797,0.3826805186307191,0.3981832462759591,0.3195558773709021,0.0,0.0,0.3766831773132213,0.0,0.0,0.0,0.0,0.0,0.0,0.0,0.0,0.0,0.4246340676046735,0.0,0.4314381589394352,0.0,0.0,0.0,0.0,0.4273654511098559,0.3899376220786517,0.0,0.0,0.0,0.0,0.0,0.4329913022585431,0.4128637795663968,0.4366151102560607,0.0,0.4091674674445657,0.0,0.0,0.389215212376868
0.3470849929139811,0.370693859257803,0.407006121563445,0.2871957149107264,0.3490606995519224,0.3404656592642217,0.3014981535931317,0.409836130177743,0.361806391204546,0.3849624194389386,0.3972571167515806,0.3567641755434071,0.0,0.3704924148311312,0.4180845829233897,0.4215245072236598,0.419426539630223,0.4082448824529039,0.4108611828015048,0.3931233074282358,0.3998665151264056,0.4101459022315252,0.4086488655535698,0.3746687407667752,0.4034693485663488,0.396889254760651,0.3991644161698391,0.2845798478535991,0.3634885489594978,0.319061669865739,0.3743501356744711,0.3772157192160785,0.3593362378803155,0.3742488834665761,0.3648325763741381,0.3041437949112081,0.2941101076601175,0.3638041147763087,0.4904028308315296,0.0,0.3514035090257726,0.3646238763237529,0.4173779694885861,0.0,0.0,0.0,0.0,0.4686666593934437,0.0,0.0,0.4861385842046009,0.3756552687961733,0.4316835244139017,0.0,0.0,0.3904131941703937,0.3731560331827169,0.0,0.0,0.3186421794749122,0.0,0.0,0.0,0.0,0.3806314629393206,0.0,0.2683979270016849,0.4751406839095344,0.0,0.2782569450697689,0.2895350093117116,0.4901420424931917,0.0,0.4233433369620318,0.0,0.0
0.0,0.0,0.4100793681621201,0.3100642845353339,0.2712248364122817,0.3640895747824082,0.3786440913276948,0.3550321734204587,0.4120148942332627,0.0,0.2729409413444454,0.0,0.3704924148311312,0.0,0.0,0.0,0.0,0.0,0.370604818159458,0.0,0.4171158844878648,0.0,0.3585709938053389,0.0,0.0,0.0,0.4167746525146515,0.3430358441981298,0.0,0.0,0.0,0.2421415358329923,0.0,0.3864971205468482,0.0,0.174413469080382,0.1663219325334524,0.0,0.0,0.0,0.0,0.0,0.0,0.0,0.0,0.0,0.0,0.4020592339095531,0.0,0.0,0.0,0.0,0.0,0.4391714025757335,0.0,0.0,0.0,0.0,0.0,0.0,0.0,0.0,0.0,0.0,0.0,0.0,0.0,0.4074449889636031,0.0,0.0,0.0,0.0,0.0,0.0,0.0,0.0
0.3481509474704201,0.3778433931760131,0.0,0.0,0.0,0.3986996817264745,0.0,0.3779916697094653,0.0,0.0,0.0,0.0,0.4180845829233897,0.0,0.0,0.3897468308484208,0.0,0.3724806323780109,0.0,0.361156871194806,0.3628135382295842,0.3563855369925899,0.3932481467481726,0.3183821967353601,0.3526897686166998,0.3557225741832137,0.4126742600132891,0.3873616818742183,0.3721118112550906,0.0,0.3896361324517839,0.4076742452093427,0.3616793987571329,0.4055803686575081,0.43091805198186,0.4747534324502785,0.0,0.0,0.4399229058094667,0.4432481313903631,0.4523403918639728,0.4743567062504492,0.4514540777688454,0.0,0.0,0.0,0.4644824196431057,0.0,0.0,0.0,0.4250222388687106,0.0,0.4594865553987516,0.0,0.0,0.0,0.0,0.3551658811704754,0.0,0.4262079685273654,0.4023711898317521,0.0,0.0,0.0,0.4248081786331686,0.4417279838651352,0.4436608996019372,0.444732944944635,0.0,0.3228492033472796,0.5025703848242827,0.4519338633711515,0.4270037791409954,0.4391518936054695,0.0,0.4609019765381357
0.3801732167518823,0.3780005443593767,0.0,0.0,0.0,0.3983565540391939,0.4210683406533163,0.4158689895882696,0.0,0.3714684049050146,0.0,0.0,0.4215245072236598,0.0,0.3897468308484208,0.0,0.3834188177605335,0.315171288991299,0.0,0.4090397382874386,0.3783527674232202,0.3591366100800088,0.3906652026502613,0.3387258129494144,0.3628467363466076,0.3860332409373693,0.4070505458640385,0.4186452131601331,0.4108577476848882,0.4163810011498808,0.3642872821594863,0.4078806049940379,0.3744564762415673,0.3634107684210626,0.3936397922219169,0.0,0.0,0.0,0.4132907258680597,0.4101148612044246,0.4145591473561408,0.4315002390713181,0.0,0.0,0.0,0.4225685887560133,0.4328605163976241,0.0,0.0,0.0,0.0,0.0,0.0,0.0,0.0,0.0,0.0,0.0,0.0,0.4414429881193904,0.4308103878017486,0.0,0.4193382817846159,0.0,0.383826258108553,0.4208652101528725,0.431270441924623,0.3410626725718028,0.0,0.4195678677288619,0.440308463486808,0.3332626060930914,0.0,0.3501670466717405,0.0,0.3988822307184161
0.3527245697870967,0.0,0.0,0.0,0.0,0.2746848350126277,0.383985816087446,0.0,0.0,0.3210766803962024,0.3363160375470341,0.3561082795962901,0.419426539630223,0.0,0.0,0.3834188177605335,0.0,0.3044965019390552,0.0,0.3478724555085724,0.0,0.3497832881791504,0.0,0.3627648881116727,0.3122479116291899,0.3570206590866754,0.0,0.4145389144077296,0.3116899525245682,0.0,0.3308571743466297,0.4117279385383821,0.3424854769468382,0.3439298047908451,0.3651185630664201,0.0,0.0,0.3122357344784959,0.0,0.3977913600290403,0.0,0.0,0.0,0.0,0.0,0.0,0.0,0.0,0.0,0.0,0.0,0.0,0.0,0.0,0.4420934431293756,0.0,0.4592772082389588,0.0,0.0,0.0,0.0,0.4528185264297928,0.4242665297980367,0.0,0.0,0.0,0.0,0.0,0.4345089801156667,0.4203104693811391,0.4372217923540373,0.0,0.0,0.0,0.0,0.0
0.364698510535394,0.3657754291957906,0.0,0.0,0.0,0.4082224426177194,0.411980314777282,0.4126707832919993,0.2834302653784888,0.3408150926743981,0.0,0.3753930805494976,0.4082448824529039,0.0,0.3724806323780109,0.315171288991299,0.3044965019390552,0.0,0.0,0.3933954226833108,0.3701935460333752,0.3653449400281703,0.398617184842541,0.3534343358220282,0.3250371676687133,0.3624644878326264,0.4120689013774701,0.3976886162504656,0.3916401382206043,0.0,0.3401432449230498,0.4159608050917885,0.3609826244801714,0.3618289973361845,0.4014667761044859,0.0,0.0,0.0,0.3987159814516368,0.3875531743341229,0.3980252383412405,0.421609959343674,0.0,0.0,0.0,0.4066375741252861,0.4120127208692931,0.0,0.0,0.0,0.0,0.0,0.0,0.0,0.4289991585165343,0.0,0.4648378151472586,0.0,0.0,0.0,0.4152439625911548,0.4401023423042358,0.4033576747903452,0.0,0.0,0.0,0.3990519951519962,0.0,0.4089842483083588,0.4071617034568001,0.4229739729786032,0.0,0.0,0.0,0.0,0.4031408386374553
0.0,0.0,0.2842936380021529,0.4054953027290964,0.3439823956803183,0.3310363486308311,0.405303796034936,0.3714536287391516,0.2797391389964439,0.4174689253686133,0.2836363944351774,0.3020312921207032,0.4108611828015048,0.370604818159458,0.0,0.0,0.0,0.0,0.0,0.0,0.0,0.0,0.350132374068531,0.0,0.0,0.0,0.3344631894813437,0.4184794582581201,0.0,0.0,0.4328567476271086,0.4065852683887975,0.0,0.43343345225768,0.4173027265719807,0.3659654841050926,0.3753163893084197,0.3518263633617386,0.0,0.0,0.0,0.0,0.3811546717769226,0.0,0.0,0.0,0.0,0.4428809625397621,0.0,0.4334072080735066,0.492456947148791,0.4333204353986809,0.4648715405421397,0.5027955749020591,0.0,0.3456042503941675,0.0,0.3666873264871521,0.4197826743122401,0.0,0.0,0.0,0.0,0.4607574094431468,0.0,0.0,0.0,0.4931337899264839,0.0,0.0,0.0,0.5138586874323837,0.0,0.0,0.0,0.0
0.3961984462615008,0.3848716793658652,0.0,0.3801097699440243,0.0,0.3874225411677991,0.4005479186928598,0.3868075712480255,0.0,0.3448988762599144,0.0,0.0,0.3931233074282358,0.0,0.361156871194806,0.4090397382874386,0.3478724555085724,0.3933954226833108,0.0,0.0,0.4077458459941194,0.3649065413243474,0.323711468085773,0.0,0.3840695921209253,0.3985450266208974,0.3441397673907628,0.3556275681100125,0.3289568855756471,0.3661579303450384,0.3764191831092175,0.4213546595330439,0.3744376285104617,0.414276872590533,0.4387731786470544,0.4645590832702118,0.4219606716943487,0.0,0.4475952376081452,0.4079146310227373,0.4768239195917977,0.4479876209050987,0.36756314634965,0.0,0.0,0.0,0.4391311877799718,0.0,0.0,0.0,0.4164079820684485,0.0,0.3936441742592352,0.0,0.0,0.0,0.0,0.347003646678545,0.0,0.4412691605250728,0.2892212867007532,0.0,0.0,0.0,0.4359954414616833,0.4299626840160626,0.4427450009333374,0.4511872368202657,0.0,0.2610822120400138,0.4429608297947976,0.4509536194372328,0.4915320452789651,0.4555347098118877,0.3582111038089083,0.4391091072050222
0.3758234938893594,0.3536999358344619,0.0,0.0,0.0,0.3858734760974277,0.0,0.3616223218665973,0.0,0.0,0.0,0.3385370873990343,0.3998665151264056,0.4171158844878648,0.3628135382295842,0.3783527674232202,0.0,0.3701935460333752,0.0,0.4077458459941194,0.0,0.3966986576811411,0.3705516751900603,0.4494422951838892,0.346926241454585,0.3696654950006218,0.4082482290986155,0.4018186805499525,0.3707314214201517,0.0,0.3606921482711918,0.3931616831394657,0.3319377520561712,0.361914116895246,0.4061871532678398,0.0,0.0,0.0,0.4271191053727877,0.3976211259122749,0.4237559803705662,0.462718826134265,0.0,0.0,0.0,0.410339030538781,0.4566440468005835,0.0,0.0,0.0,0.4179615124373022,0.0,0.3478428350831273,0.0,0.0,0.0,0.0,0.3660378562785902,0.0,0.4108895920631656,0.4258909892305257,0.0,0.0,0.0,0.4250630210608433,0.3718569427149442,0.4512880367756872,0.4060936319386296,0.0,0.3524906098156797,0.4596462757314199,0.424807403921581,0.414671195788783,0.4157933333390208,0.0,0.405457671094992
0.3639229107334055,0.3605036732196535,0.0,0.0,0.393559607963463,0.3937933304089875,0.4095333154094709,0.3699366470088293,0.3728417205876771,0.3299379356422809,0.0,0.0,0.4101459022315252,0.0,0.3563855369925899,0.3591366100800088,0.3497832881791504,0.3653449400281703,0.0,0.3649065413243474,0.3966986576811411,0.0,0.410470587289567,0.0,0.3684354877174224,0.3671741246136776,0.4156117762445355,0.3866997903784843,0.3855521941432056,0.3938020737321509,0.3803431821060213,0.4173465007830901,0.3721477760950795,0.4041507335787959,0.4396848448838353,0.4747876821047574,0.4270137139537231,0.0,0.4463365349040562,0.4369998927434432,0.4438984524844733,0.4642105757150358,0.0,0.0,0.0,0.4062640439934182,0.4456959512237357,0.0,0.0,0.0,0.4241789486370397,0.0,0.0,0.0,0.0,0.0,0.0,0.0,0.0,0.4558451099373551,0.4394237470383133,0.0,0.3567242928612466,0.0,0.4461007920991065,0.4515475375059087,0.4583603690343802,0.4407921463062995,0.0,0.4251286118417214,0.467593321129042,0.452933341641305,0.3574474714478781,0.4337538195362589,0.0,0.4471576951024024
0.412946121737968,0.3811444218520065,0.3341507149362781,0.413859884844725,0.3774149361080227,0.3772541166679858,0.4100077696027918,0.3261635142381147,0.3812617254393279,0.4177180228033292,0.320035532718443,0.3191257875288724,0.4086488655535698,0.3585709938053389,0.3932481467481726,0.3906652026502613,0.0,0.398617184842541,0.350132374068531,0.323711468085773,0.3705516751900603,0.410470587289567,0.0,0.4454124261014436,0.3711307183005051,0.397693090589669,0.335291504907029,0.4128402018901305,0.3824699481135852,0.4106961241668051,0.4118107826703023,0.400071052548596,0.35492416724095,0.4247359275511251,0.4297294454618081,0.3783773672451613,0.4117707148402245,0.3271875216571848,0.4569762181391431,0.0,0.4682536356316551,0.4758100289321257,0.4458575667026423,0.3633584917918639,0.0,0.0,0.3936269833815885,0.5130498617374117,0.0,0.4897330511256879,0.4697399218338451,0.4959244427962508,0.4248571904803791,0.5178508139221687,0.0,0.4682448253012634,0.0,0.476699405687208,0.4510344232507912,0.4478590744538726,0.0,0.0,0.0,0.4939984160170523,0.4547528616831301,0.4112431989157021,0.4701270769877942,0.4722704033067091,0.0,0.2478996769518985,0.4210625887271947,0.4773087746885495,0.4725482479129892,0.4623845787832511,0.4691786998248559,0.4795131348371549
0.3506848966297777,0.0,0.0,0.0,0.0,0.0,0.3088613477010802,0.4733300811340747,0.3319509958597227,0.2645764455378687,0.0,0.2541774014470053,0.3746687407667752,0.0,0.3183821967353601,0.3387258129494144,0.3627648881116727,0.3534343358220282,0.0,0.0,0.4494422951838892,0.0,0.4454124261014436,0.0,0.3309551812178688,0.3024604398110359,0.4785472540107002,0.3677033612761706,0.0,0.0,0.322286169647871,0.3187746771117503,0.2476394466757888,0.2431035950956074,0.2727257397010652,0.2441107976012723,0.0,0.2211221997684803,0.4340503997901808,0.3811620989079207,0.3926253384790253,0.0,0.0,0.0,0.3594445619047939,0.3863384161827894,0.0,0.0,0.0,0.0,0.0,0.0,0.0,0.0,0.4328871051541632,0.0,0.4286218651972894,0.0,0.0,0.0,0.4077406021570914,0.4370108691818704,0.4110011815132343,0.0,0.0,0.0,0.0,0.0,0.4162703767351395,0.4185372514510719,0.4302951302698173,0.0,0.0,0.0,0.0,0.4146886369966726
0.3457906259233075,0.3382960604159281,0.0,0.0,0.3033180099463302,0.3626817576048874,0.3953446476106645,0.4148561261997148,0.4129630594921295,0.3108289703725797,0.0,0.3366620062873396,0.4034693485663488,0.0,0.3526897686166998,0.3628467363466076,0.3122479116291899,0.3250371676687133,0.0,0.3840695921209253,0.346926241454585,0.3684354877174224,0.3711307183005051,0.3309551812178688,0.0,0.3444271035038718,0.3735959898966232,0.4008878361396769,0.3750576065407232,0.0,0.3581442785734881,0.3826314850887475,0.3245786240798158,0.3492866087632508,0.3772288279485573,0.0,0.0,0.3253810989557619,0.4077780188486248,0.393668633716043,0.4037155368210237,0.4241509317755385,0.0,0.0,0.0,0.4000538580566605,0.4117746060112884,0.0,0.0,0.0,0.0,0.0,0.0,0.0,0.4383717101103512,0.0,0.4384384112759967,0.2848021838640883,0.0,0.3840869332180055,0.4200910387200155,0.4267222758463126,0.4059760857232636,0.0,0.3820105763552435,0.3613824016014301,0.4198257983383838,0.2946715710481573,0.4083774219578067,0.4131993061421057,0.4242390146255315,0.0,0.0,0.3811388895954871,0.0,0.4057345029244088
0.3394904979094261,0.3750162420358486,0.0,0.0,0.0,0.3752156718926903,0.4093001077382667,0.4368111798131323,0.3939289053021716,0.3024047481328331,0.0,0.2783909057679751,0.396889254760651,0.0,0.3557225741832137,0.3860332409373693,0.3570206590866754,0.3624644878326264,0.0,0.3985450266208974,0.3696654950006218,0.3671741246136776,0.397693090589669,0.3024604398110359,0.3444271035038718,0.0,0.4115569947760417,0.3919510216529672,0.3867651946451098,0.0,0.3474790221383241,0.3812101864644176,0.327000971937947,0.3448194534030791,0.3826609803714035,0.4309422107574633,0.0,0.3117042157380765,0.4195014901756753,0.4002132915787935,0.4214067375758877,0.4396127666966229,0.0,0.0,0.3688791485458195,0.407734133508107,0.4467867032423315,0.0,0.0,0.0,0.4079237104612882,0.0,0.0,0.0,0.4454248656533394,0.0,0.4463607081690265,0.3152387425899073,0.0,0.457067622556716,0.4276812646225391,0.4365850014586946,0.4127312598997881,0.0,0.4420111088927124,0.4531837115548067,0.4614927194548791,0.4173652157471709,0.4079561848771537,0.418795446032946,0.4334418826344137,0.4219319001873165,0.35385609770757,0.4235225057724502,0.0,0.411193158511751
0.4128867121223931,0.3876500285856054,0.3047792555621331,0.3855048199966662,0.3603098543980592,0.3668173581239592,0.4016926447503698,0.401784204841645,0.3122219614836745,0.4179101540134448,0.3553691349446422,0.3151743102247922,0.3991644161698391,0.4167746525146515,0.4126742600132891,0.4070505458640385,0.0,0.4120689013774701,0.3344631894813437,0.3441397673907628,0.4082482290986155,0.4156117762445355,0.335291504907029,0.4785472540107002,0.3735959898966232,0.4115569947760417,0.0,0.4105058006780254,0.3528709512408848,0.4012586842564723,0.4022867049314416,0.4045324971185047,0.382467888385851,0.4236017425768452,0.4243669025151073,0.4318332706802049,0.4147127984713405,0.3195249700676027,0.4608568078661153,0.3810631578117056,0.461546828064318,0.4638877381406618,0.4569259575137011,0.2921792984537432,0.0,0.0,0.353990845328773,0.4656664332213253,0.0,0.4623717962779657,0.4621952366102299,0.4975198502877949,0.4248548441768018,0.5167732473251189,0.0,0.4393488594664336,0.0,0.4869770068167912,0.477953714155381,0.441064016381725,0.0,0.0,0.0,0.4934482369405455,0.4485891222925475,0.4251371400258205,0.4687846637960578,0.4689007496713845,0.0,0.0,0.436660143173988,0.4695410837202762,0.4822458791369034,0.4648337785223506,0.4121915031085782,0.4644252074823723
0.3889204867747614,0.3840553663841013,0.43275786738257,0.1887107506829338,0.3466584885483426,0.3544657933394737,0.349432477532997,0.4197891747696746,0.4159261645733649,0.3695325437589822,0.4011302909134004,0.323564507180827,0.2845798478535991,0.3430358441981298,0.3873616818742183,0.4186452131601331,0.4145389144077296,0.3976886162504656,0.4184794582581201,0.3556275681100125,0.4018186805499525,0.3866997903784843,0.4128402018901305,0.3677033612761706,0.4008878361396769,0.3919510216529672,0.4105058006780254,0.0,0.2985515720719626,0.3024245900665386,0.353076065150886,0.3800330219090049,0.3447337924835938,0.3562526857475024,0.3532486972980236,0.2282527956507452,0.2264926399330959,0.307768681212959,0.4631976849068182,0.0,0.3727189342237497,0.2927541895659883,0.4163205324842092,0.0,0.0,0.0,0.0,0.374422583381833,0.0,0.0,0.4761263029665694,0.0,0.4577919217105308,0.3443615539548849,0.399215929936361,0.0,0.3763382194761843,0.4612282167947975,0.0,0.4114229283008124,0.0,0.0,0.0,0.0,0.4420323981248575,0.4016754765702082,0.3364181640586526,0.4682243224423102,0.0,0.2853643461814336,0.3413472240315339,0.4720580439627626,0.5143908867449675,0.4746025366266201,0.0,0.4496143826222902
0.3749102443469201,0.3714282694118882,0.0,0.0,0.3761744893808683,0.3363075210784577,0.3840987121500972,0.3821493994414127,0.3481355320372737,0.0,0.0,0.0,0.3634885489594978,0.0,0.3721118112550906,0.4108577476848882,0.3116899525245682,0.3916401382206043,0.0,0.3289568855756471,0.3707314214201517,0.3855521941432056,0.3824699481135852,0.0,0.3750576065407232,0.3867651946451098,0.3528709512408848,0.2985515720719626,0.0,0.3455246724051852,0.3535976216943758,0.3979327790183287,0.3673195053920564,0.3947523479798122,0.4111207731938963,0.4429578270406045,0.0,0.0,0.4357963367034418,0.3389447006074,0.4161331616599519,0.41049576496809,0.3845172224811759,0.0,0.0,0.0,0.3837315489044846,0.0,0.0,0.0,0.4317457107755736,0.3220055292286442,0.4167841587395198,0.2872714351144335,0.0,0.0,0.0,0.4090859189440728,0.0,0.4209051136549506,0.0,0.0,0.0,0.0,0.4177561872064563,0.3916235330785977,0.4135180624896131,0.4412722867300731,0.0,0.0,0.4060324110098338,0.4429645041292237,0.4491508801051561,0.4258639294522583,0.3927020202198056,0.4281820882751586
0.0,0.0,0.0,0.0,0.0,0.4172073888852308,0.0,0.4280353408000105,0.4190993667889551,0.0,0.0,0.0,0.319061669865739,0.0,0.0,0.4163810011498808,0.0,0.0,0.0,0.3661579303450384,0.0,0.3938020737321509,0.4106961241668051,0.0,0.0,0.0,0.4012586842564723,0.3024245900665386,0.3455246724051852,0.0,0.3183888805057291,0.4130888938865433,0.0,0.3397959863928564,0.3256548124563609,0.0,0.0,0.0,0.0,0.0,0.0,0.0,0.0,0.0,0.0,0.0,0.0,0.0,0.0,0.0,0.0,0.0,0.0,0.0,0.0,0.0,0.0,0.0,0.0,0.0,0.0,0.0,0.0,0.0,0.4235350705043986,0.0,0.0,0.4741166766550482,0.0,0.0,0.0,0.4720818135152614,0.0,0.4101521162630336,0.0,0.0
0.3207254702750812,0.3330639542779897,0.4337175694637694,0.2720843643855445,0.4159323513889076,0.4044457711777556,0.3935888638015133,0.4245446949916456,0.4277949597819407,0.3014544357117438,0.4274723283978212,0.3117503002577029,0.3743501356744711,0.0,0.3896361324517839,0.3642872821594863,0.3308571743466297,0.3401432449230498,0.4328567476271086,0.3764191831092175,0.3606921482711918,0.3803431821060213,0.4118107826703023,0.322286169647871,0.3581442785734881,0.3474790221383241,0.4022867049314416,0.353076065150886,0.3535976216943758,0.3183888805057291,0.0,0.3787465192911524,0.3263086009689352,0.2932323212807111,0.3125564584808707,0.4072164102420712,0.0,0.2810188876810411,0.433730574085858,0.3752166543243904,0.4235670170737794,0.0,0.3823469007944013,0.0,0.0,0.0,0.4115791700296047,0.0,0.0,0.0,0.4528443487130754,0.0,0.452614985517888,0.0,0.4326192404739724,0.0,0.4292599232745145,0.0,0.0,0.4381164754224751,0.404492746988378,0.4023334497984272,0.4039009090310083,0.0,0.4451327354415695,0.426801760692252,0.4390744180588611,0.4691887776981681,0.4187844442963567,0.4094694032217323,0.4222410195374326,0.4706757184574035,0.4606216867306973,0.4676252233267032,0.0,0.387503070741389
0.3702375165584211,0.3732884597271758,0.429230176778786,0.2702740522127006,0.3281320095620185,0.4034736445939449,0.3776613785146698,0.3869134648701472,0.4019185275096056,0.35949243237857,0.3853832127573073,0.2662897793643547,0.3772157192160785,0.2421415358329923,0.4076742452093427,0.4078806049940379,0.4117279385383821,0.4159608050917885,0.4065852683887975,0.4213546595330439,0.3931616831394657,0.4173465007830901,0.400071052548596,0.3187746771117503,0.3826314850887475,0.3812101864644176,0.4045324971185047,0.3800330219090049,0.3979327790183287,0.4130888938865433,0.3787465192911524,0.0,0.3351732432692885,0.3392801432118327,0.3573059813332352,0.2592119501451673,0.2905610807878351,0.2636859009094038,0.2727641265231389,0.2822057121108067,0.344257030553699,0.3285920953845624,0.2780280369523575,0.231102201593302,0.253117272769599,0.4136365249531256,0.433362244444912,0.4973721765927797,0.0,0.3665325614042638,0.4490817451562823,0.4255190526466671,0.4319174475514313,0.4703049721408006,0.3017997336160663,0.4217598216497551,0.2670737358277626,0.472175263309908,0.0,0.4499182287530118,0.4476068990018733,0.3807070116690389,0.4350537992338178,0.3859033960106641,0.4473596662424812,0.4326480456039976,0.453921556784366,0.4598373912356677,0.393820772282383,0.4304263469396615,0.4384005391522027,0.4610430693727734,0.4041403929594557,0.445324017032585,0.0,0.4469541552260033
0.3125528376847222,0.3229460932307954,0.0,0.0,0.2914230669896081,0.3769548434201309,0.3481976413987537,0.3886208934470226,0.3876072225849475,0.3084593357149262,0.3321648392903921,0.2712967144629412,0.3593362378803155,0.0,0.3616793987571329,0.3744564762415673,0.3424854769468382,0.3609826244801714,0.0,0.3744376285104617,0.3319377520561712,0.3721477760950795,0.35492416724095,0.2476394466757888,0.3245786240798158,0.327000971937947,0.382467888385851,0.3447337924835938,0.3673195053920564,0.0,0.3263086009689352,0.3351732432692885,0.0,0.26547842690919,0.3513544044343883,0.407189572942802,0.2617921478407092,0.1901744858444446,0.274904810340586,0.3222415101784626,0.323383843169196,0.3024289176146282,0.0,0.0,0.2709803965453245,0.3782829735168616,0.4164277587597251,0.0,0.0,0.0,0.0,0.0,0.0,0.0,0.3553969587154863,0.0,0.3694105216550553,0.0,0.0,0.439450697877015,0.406328424652954,0.3755526548705393,0.4029309669379336,0.0,0.427596119030657,0.4145498837443582,0.4499504051591759,0.0,0.3537984601980212,0.3916740525625943,0.4098260688266054,0.4472118604893243,0.0,0.0,0.0,0.3848893099514067
0.2971278123102351,0.3261668588619095,0.4418766947024806,0.2777853547295963,0.3988492808109789,0.4193563785544994,0.3840224542505831,0.4219642921587698,0.4215995952545469,0.2973339543866141,0.410770775225983,0.2338154700995786,0.3742488834665761,0.3864971205468482,0.4055803686575081,0.3634107684210626,0.3439298047908451,0.3618289973361845,0.43343345225768,0.414276872590533,0.361914116895246,0.4041507335787959,0.4247359275511251,0.2431035950956074,0.3492866087632508,0.3448194534030791,0.4236017425768452,0.3562526857475024,0.3947523479798122,0.3397959863928564,0.2932323212807111,0.3392801432118327,0.26547842690919,0.0,0.2529160742654795,0.3549656211619303,0.256297176155781,0.2206178600401611,0.3576617702951667,0.3048629981885168,0.33968979717369,0.3356712237879418,0.4285267566350632,0.2388285326680594,0.3067946518424408,0.3790913675567124,0.4158408938118555,0.3391212707271807,0.0,0.0,0.4663961349661883,0.3475216526639592,0.4534871357054633,0.3209514636668747,0.377336678659885,0.0,0.3863757911825479,0.4145860650423504,0.0,0.4536495754106154,0.4106716004112614,0.3848616112627638,0.4015080989752116,0.0,0.4453329572502983,0.4325452258732704,0.4447432511586858,0.4763553420829,0.37291683178133,0.4022383726870175,0.4260905322493391,0.4803379246715985,0.4200393714267522,0.458339479162775,0.0,0.4235903480363537
0.3654836649870469,0.3816482952214297,0.4150896214726977,0.2554901511015128,0.3709599366774622,0.4167524239234549,0.3647532899660894,0.4155478738319734,0.4175938758697027,0.3000802823557549,0.3895655028151495,0.2695758136854252,0.3648325763741381,0.0,0.43091805198186,0.3936397922219169,0.3651185630664201,0.4014667761044859,0.4173027265719807,0.4387731786470544,0.4061871532678398,0.4396848448838353,0.4297294454618081,0.2727257397010652,0.3772288279485573,0.3826609803714035,0.4243669025151073,0.3532486972980236,0.4111207731938963,0.3256548124563609,0.3125564584808707,0.3573059813332352,0.3513544044343883,0.2529160742654795,0.0,0.3249209894689969,0.2944464978152364,0.2370716422767265,0.2918930710885797,0.2771809590281676,0.3341979838957847,0.349378826043881,0.4389829867495426,0.2508648817544984,0.2494016326764129,0.0,0.4362083192509903,0.0,0.0,0.0,0.3698822935201501,0.0,0.0,0.0,0.0,0.0,0.380140422651004,0.2562856847371914,0.0,0.4642345251758417,0.4206845068679631,0.0,0.0,0.0,0.4586708439993146,0.0,0.4679259496104344,0.4770090903272208,0.0,0.4177477794934861,0.446045963123617,0.4766488323603066,0.2708297520265167,0.432111484194177,0.0,0.0
0.0,0.0,0.4010743687515583,0.2077976181784482,0.2053833473209069,0.4124280615684375,0.316032797365219,0.304905623314071,0.3851418990212191,0.3472639594071681,0.2494642181705872,0.2799633309445277,0.3041437949112081,0.174413469080382,0.4747534324502785,0.0,0.0,0.0,0.3659654841050926,0.4645590832702118,0.0,0.4747876821047574,0.3783773672451613,0.2441107976012723,0.0,0.4309422107574633,0.4318332706802049,0.2282527956507452,0.4429578270406045,0.0,0.4072164102420712,0.2592119501451673,0.407189572942802,0.3549656211619303,0.3249209894689969,0.0,0.1696980447823273,0.2845279568665928,0.2219200716959373,0.0,0.4368750628236366,0.2977398996298685,0.0,0.0,0.0,0.0,0.0,0.4326178677250786,0.0,0.4214849196250724,0.4291335176630872,0.4176251433928118,0.4011630437650914,0.4192855630249844,0.0,0.0,0.0,0.3842361036112471,0.0,0.0,0.0,0.0,0.0,0.3709865707354238,0.3886673984138548,0.0,0.4502392313969033,0.4359922222353168,0.0,0.0,0.0,0.4680945626411213,0.3940861852350514,0.3840893208127155,0.0,0.0
0.0,0.0,0.3870461223001488,0.1748386844412914,0.2307017806983973,0.4008587145301194,0.2989915043370955,0.371915492748466,0.4077204039170738,0.3044575095975194,0.3265992705298528,0.2744221994240076,0.2941101076601175,0.1663219325334524,0.0,0.0,0.0,0.0,0.3753163893084197,0.4219606716943487,0.0,0.4270137139537231,0.4117707148402245,0.0,0.0,0.0,0.4147127984713405,0.2264926399330959,0.0,0.0,0.0,0.2905610807878351,0.2617921478407092,0.256297176155781,0.2944464978152364,0.1696980447823273,0.0,0.2785756218050211,0.2315856585907969,0.0,0.0,0.3581953264365824,0.0,0.0,0.0,0.0,0.0,0.0,0.0,0.0,0.0,0.0,0.0,0.0,0.0,0.0,0.0,0.0,0.0,0.0,0.0,0.0,0.0,0.0,0.0,0.0,0.0,0.0,0.0,0.0,0.0,0.0,0.0,0.0,0.0,0.0
0.0,0.0,0.0,0.2545522606956673,0.3128796966349394,0.3462417211014125,0.3636045210466059,0.0,0.4097402790784186,0.2686393702986693,0.3514356774324353,0.2136181715521552,0.3638041147763087,0.0,0.0,0.0,0.3122357344784959,0.0,0.3518263633617386,0.0,0.0,0.0,0.3271875216571848,0.2211221997684803,0.3253810989557619,0.3117042157380765,0.3195249700676027,0.307768681212959,0.0,0.0,0.2810188876810411,0.2636859009094038,0.1901744858444446,0.2206178600401611,0.2370716422767265,0.2845279568665928,0.2785756218050211,0.0,0.229353553829584,0.2840811359255846,0.3042058845054153,0.3346681443042315,0.0,0.0,0.3123660727859515,0.0,0.0,0.0,0.0,0.0,0.0,0.0,0.0,0.0,0.349585902176597,0.0,0.3564111910766329,0.0,0.0,0.0,0.0,0.0,0.0,0.0,0.0,0.0,0.0,0.0,0.3476159195812686,0.3137761295067646,0.3807063088665016,0.0,0.3622326626863288,0.0,0.0,0.0
0.4192938908665712,0.4287796493791079,0.4513463265885944,0.0,0.376294142217277,0.4350496732052363,0.367496665715991,0.4232326190971826,0.4569572185412419,0.4397003036881808,0.0,0.2597759055659797,0.4904028308315296,0.0,0.4399229058094667,0.4132907258680597,0.0,0.3987159814516368,0.0,0.4475952376081452,0.4271191053727877,0.4463365349040562,0.4569762181391431,0.4340503997901808,0.4077780188486248,0.4195014901756753,0.4608568078661153,0.4631976849068182,0.4357963367034418,0.0,0.433730574085858,0.2727641265231389,0.274904810340586,0.3576617702951667,0.2918930710885797,0.2219200716959373,0.2315856585907969,0.229353553829584,0.0,0.306292010115564,0.3526427309115901,0.3568795052035193,0.2317630163080933,0.2839081838420651,0.2526855945629052,0.3789648574054277,0.372623936519837,0.4032177088513687,0.2717095932199012,0.3778164572255035,0.3798874537208348,0.3899607595914348,0.3637190373654885,0.4050252915872229,0.3119718126474532,0.3411577412355759,0.2601231047019353,0.3643983574646792,0.2764836673167934,0.3854902217274688,0.3955023986928862,0.3881791273737311,0.3903586892436033,0.3989040333042521,0.3933627855420879,0.3730979643668456,0.386447921902716,0.3771703987467633,0.288583957132373,0.3820053674092104,0.3684119795003576,0.3971751945100128,0.3475595564108331,0.3799406738206278,0.3768510410477423,0.3506450447919197
0.3777418293135206,0.421371313416177,0.0,0.0,0.0,0.0,0.0,0.0,0.0,0.3526932135533322,0.0,0.3826805186307191,0.0,0.0,0.4432481313903631,0.4101148612044246,0.3977913600290403,0.3875531743341229,0.0,0.4079146310227373,0.3976211259122749,0.4369998927434432,0.0,0.3811620989079207,0.393668633716043,0.4002132915787935,0.3810631578117056,0.0,0.3389447006074,0.0,0.3752166543243904,0.2822057121108067,0.3222415101784626,0.3048629981885168,0.2771809590281676,0.0,0.0,0.2840811359255846,0.306292010115564,0.0,0.2515241127946591,0.3269956314349956,0.3650982678031012,0.2221378478088452,0.1855189773848849,0.3248891979502899,0.3306371563604953,0.0,0.0,0.0,0.3529445219331248,0.0,0.3360677444459557,0.3371679701979352,0.2658773249810265,0.0,0.2503033503937032,0.3552984654220703,0.0,0.340683484527287,0.3489563711911936,0.3049580672239281,0.3023136288855546,0.0,0.3400016128099188,0.3336543252309437,0.3350818565136804,0.3465602790648937,0.2530925062154728,0.2821400575952144,0.2960050828790639,0.361833725177571,0.3111291234434761,0.3503658608384798,0.3155472921701515,0.2772831557866091
