0.0,0.2837188814661016,0.0,0.0,0.0,0.2927495824248416,0.0,0.3564162071289206,0.0,0.2763483098036926,0.0,0.262609577655496,0.0,0.3579918990765205,0.2769945370658864,0.2824809802353981,0.2525814744136529,0.2803912277472782,0.0,0.2954793472266301,0.2769949538696596,0.2758251219563845,0.3215419598673521,0.2573245750374224,0.2725176067145702,0.256947752930978,0.3098892232326842,0.2743335000644999,0.2972742177200388,0.0,0.2595546623356256,0.2781924754897063,0.2191191798658666,0.2615900047737431,0.3090749473692885,0.0,0.0,0.0,0.3042568248504269,0.2779477920877416,0.2897504084982195,0.0,0.0,0.0,0.0,0.2832001960720647,0.3106964963648093,0.0,0.0,0.0,0.0,0.0,0.0,0.0,0.0,0.0,0.0,0.0,0.0,0.0,0.3057595573523159,0.0,0.2948907419834831,0.0,0.0,0.3219185756199749,0.3085603371875747,0.3243507744414529,0.0,0.3029399145357375,0.3138445259318637,0.0,0.0,0.0,0.0,0.2610750091739262
0.2837188814661016,0.0,0.0,0.0,0.2877431414144989,0.2996527172508859,0.3129516675922505,0.3466239049108702,0.2908937724252906,0.0,0.0,0.0,0.3162334497066176,0.0,0.2942623381053426,0.2839594268650992,0.0,0.2960030739411138,0.0,0.2846481638994302,0.2839926408997061,0.2640872124134737,0.3101326243363168,0.0,0.2755677655305582,0.265111294105724,0.3023758975298491,0.308102836504075,0.30509569035687,0.0,0.2558425000852071,0.2847678545834064,0.247413614659253,0.2671107055296015,0.320199132995764,0.0,0.0,0.0,0.311186199360182,0.3058912028522366,0.3019644615388041,0.3227756576151434,0.0,0.0,0.0,0.3250435378333097,0.3128468351166229,0.0,0.0,0.0,0.28727114553193,0.0,0.0,0.0,0.0,0.0,0.0,0.0,0.0,0.326653454015573,0.3100352799623926,0.0,0.3068254248584909,0.0,0.2932326901530036,0.3285281174039118,0.3137932959461204,0.3075255100120306,0.0,0.3042034584583236,0.3252620213954929,0.3110550266485903,0.0,0.3198388656964122,0.0,0.29482552479461
0.0,0.0,0.0,0.2469119000966612,0.2834617262234239,0.279487776944575,0.294028270711359,0.260927536959438,0.2180849871669115,0.2734006677789443,0.2055580587308965,0.0,0.2970150617406011,0.2987041033459104,0.0,0.0,0.0,0.0,0.1925524181424257,0.0,0.0,0.0,0.2134986256647464,0.0,0.0,0.0,0.2354386472938446,0.3049387458728191,0.0,0.0,0.3154906021068845,0.2786604636959618,0.0,0.3175942131562179,0.2910336917272256,0.2702015330609084,0.2769800367181836,0.0,0.3273993747914174,0.0,0.0,0.0,0.0,0.0,0.0,0.0,0.0,0.199042441900436,0.0,0.3300483308231927,0.3759305247432241,0.3503192215770675,0.3620994224232166,0.2637297487309644,0.0,0.2226904972635181,0.0,0.238749638894003,0.3511137304888226,0.0,0.0,0.0,0.0,0.155262775759582,0.0,0.0,0.0,0.3566882338412701,0.0,0.0,0.0,0.3690797718154345,0.0,0.0,0.0,0.0
0.0,0.0,0.2469119000966612,0.0,0.2336876360557316,0.2893059511003559,0.190241039263469,0.2560916321636359,0.2655778487040418,0.1454278918981391,0.2327695855973762,0.1866626633626557,0.2264211469760073,0.1873713430574503,0.0,0.0,0.0,0.0,0.2317414213078687,0.2678866458473653,0.0,0.0,0.2628257473474734,0.0,0.0,0.0,0.2885627491176955,0.1901338459632082,0.0,0.0,0.2047469206339428,0.2000046729389298,0.0,0.1844954859746746,0.2263714932824073,0.1522300622591293,0.1216710112187788,0.0,0.0,0.0,0.0,0.0,0.0,0.0,0.0,0.0,0.0,0.0,0.0,0.0,0.0,0.0,0.0,0.0,0.0,0.0,0.0,0.0,0.0,0.0,0.0,0.0,0.0,0.0,0.0,0.0,0.0,0.0,0.0,0.0,0.0,0.0,0.0,0.0,0.0,0.0
0.0,0.2877431414144989,0.2834617262234239,0.2336876360557316,0.0,0.285721464327397,0.2456051559454455,0.2928471433903526,0.2435480782774223,0.3584437356225234,0.2413974867335589,0.2949262780465047,0.2707296242885212,0.2316306527781347,0.0,0.3061942807613068,0.0,0.0,0.2441266538973512,0.0,0.0,0.3117220634359573,0.2858534391029709,0.0,0.2778709975490984,0.2774070590511341,0.284656411853797,0.2871846937384387,0.3156395324004945,0.0,0.3154368503638893,0.2777720713089915,0.2480286431764077,0.3077113074147289,0.2831802550517577,0.1894679393212321,0.2341570752679318,0.2797919599731702,0.3068010440155388,0.0,0.0,0.0,0.0,0.0,0.0,0.0,0.0,0.3887388708954697,0.0,0.0,0.3223921186717031,0.0,0.3282181910770977,0.3208256379127532,0.0,0.3204751382431192,0.0,0.0,0.0,0.0,0.0,0.0,0.0,0.3490744489286138,0.0,0.0,0.0,0.3585946615253451,0.0,0.0,0.0,0.3388603662842069,0.0,0.0,0.0,0.0
0.2927495824248416,0.2996527172508859,0.279487776944575,0.2893059511003559,0.285721464327397,0.0,0.3041806668196541,0.292456809687464,0.2505143214384682,0.310617836274916,0.2680904060752649,0.277038710541103,0.282383659880053,0.2985994396051594,0.2973670295241871,0.324844304445666,0.0,0.3378678761213156,0.2876664027444682,0.2921467704818694,0.3050400219173965,0.3105284461080553,0.2927969479192128,0.0,0.2920977685311965,0.3048530001917725,0.2596270445796879,0.287911764905096,0.241127348976213,0.3121910985583171,0.3127547175432082,0.2971774126391783,0.2766617357579687,0.3138793454062719,0.3196587475242856,0.2872221452147832,0.3116754074020942,0.2821271116627384,0.3360516941146205,0.0,0.3386639441684385,0.2893480065319787,0.3260366621598708,0.0,0.0,0.0,0.0,0.3657573525356642,0.0,0.3126514196365947,0.3572288215570471,0.3532283530228994,0.3404288858773053,0.3620816495329982,0.0,0.3297158829665074,0.0,0.3601134867535374,0.0,0.3051576250269353,0.0,0.0,0.0,0.3642344497499541,0.3327345966496607,0.2949328719975549,0.3117914325504934,0.3605019114862317,0.0,0.0,0.2961616884465147,0.3620661136620831,0.3693098616209364,0.3417380374791578,0.0,0.3436579488994195
0.0,0.3129516675922505,0.294028270711359,0.190241039263469,0.2456051559454455,0.3041806668196541,0.0,0.305547884775545,0.2822733727975138,0.3544199552960539,0.2810072411192226,0.2870051660306034,0.2500767365573003,0.2593194602706032,0.0,0.3503301079881938,0.3084406695851581,0.3283033543222169,0.2941077099986074,0.3203739056807644,0.0,0.3244350333117821,0.2966792015233219,0.311179168821592,0.3045733063922429,0.3099965912115299,0.3011430780395536,0.2691241647372354,0.3176256099398319,0.0,0.304047982426942,0.2781138633409764,0.2662493675173439,0.3003475807064499,0.2886692521461586,0.1900376900081941,0.1687539238724767,0.2908734426467104,0.0,0.0,0.0,0.0,0.2669940673573222,0.0,0.0,0.0,0.0,0.0,0.0,0.0,0.3276986163807599,0.0,0.0,0.0,0.0,0.0,0.0,0.0,0.0,0.0,0.0,0.0,0.0,0.0,0.0,0.0,0.0,0.3549036430038842,0.0,0.0,0.0,0.356191489303097,0.0,0.0,0.0,0.0
0.3564162071289206,0.3466239049108702,0.260927536959438,0.2560916321636359,0.2928471433903526,0.292456809687464,0.305547884775545,0.0,0.2905428406838667,0.3407163337948568,0.1785743945005327,0.0,0.3231851652590002,0.2518976372581805,0.2601424543061343,0.3545416982690063,0.0,0.3518368704317474,0.2128714984834363,0.2817195015472226,0.2943457592499259,0.0,0.2516314782440614,0.3663210856627087,0.3502079947874174,0.3436290428137458,0.3002115815298076,0.3075951556541328,0.2883309399802279,0.3176704196305226,0.3134645916946208,0.2799511759462647,0.3497112142456819,0.3249264326239712,0.0,0.2070901078528552,0.0,0.0,0.3332221202111489,0.0,0.0,0.0,0.2728674767731969,0.0,0.0,0.0,0.0,0.3583878867263992,0.0,0.3461875399488179,0.3505642502241169,0.3449437122295534,0.3104963256922832,0.3535318754254607,0.0,0.3096437391612759,0.0,0.3514711910490897,0.3560903314709241,0.3221141693657009,0.0,0.0,0.0,0.3415651806875959,0.0,0.3190202889258118,0.3772326859534107,0.3514266476817957,0.0,0.0,0.0,0.3597607273444639,0.364259212215039,0.3296245507117378,0.0,0.0
0.0,0.2908937724252906,0.2180849871669115,0.2655778487040418,0.2435480782774223,0.2505143214384682,0.2822733727975138,0.2905428406838667,0.0,0.3185148037371059,0.2351752788517186,0.2857946992653306,0.2721742231238774,0.2879841046199837,0.0,0.2825534878132628,0.0,0.0,0.2045107475085215,0.0,0.0,0.3028144102941501,0.286832752421706,0.0,0.2719834801766145,0.2775877624290614,0.2590825482156038,0.3049455867322509,0.2893659906621618,0.3163425646366392,0.3132182239213085,0.2806792907803869,0.2649398714787215,0.3088215077871352,0.3053752730470432,0.2671852106604852,0.2834269309743049,0.2863009666280212,0.0,0.0,0.0,0.0,0.0,0.0,0.0,0.0,0.0,0.3669208218429341,0.0,0.3253716173759853,0.3609609172771836,0.3319129275709779,0.3641886891268661,0.3453886264067243,0.0,0.3568052983197128,0.0,0.3039704669012417,0.0,0.0,0.0,0.0,0.0,0.3651788001601687,0.0,0.0,0.0,0.3686989379130856,0.0,0.0,0.0,0.3650509900714935,0.0,0.0,0.0,0.0
0.2763483098036926,0.0,0.2734006677789443,0.1454278918981391,0.3584437356225234,0.310617836274916,0.3544199552960539,0.3407163337948568,0.3185148037371059,0.0,0.3012766614869531,0.2164613592436746,0.3211437057339327,0.2467635241169414,0.0,0.2933616960695622,0.2373589917756381,0.2697685098447135,0.2951109037029525,0.0,0.32712883776375,0.2478386926383037,0.3219713258309743,0.2259392835460651,0.2456380907386625,0.2458504411342216,0.2989428578933242,0.2937970583384332,0.0,0.0,0.253004939639032,0.2647295145400195,0.2420478520923442,0.238209059760336,0.229720226139321,0.2278672069557439,0.17801061982187,0.2050454094450396,0.1898352448074327,0.232525962634116,0.227990872083752,0.0,0.0,0.0,0.238870082539196,0.0,0.0,0.0,0.0,0.0,0.0,0.0,0.0,0.0,0.3222256664169053,0.0,0.3219103238544363,0.2760991145198244,0.0,0.0,0.0,0.3262709587951175,0.307554814147895,0.0,0.0,0.0,0.0,0.0,0.3256450223711435,0.3250103998454446,0.3380368391553703,0.0,0.0,0.0,0.0,0.2799176020841056
0.0,0.0,0.2055580587308965,0.2327695855973762,0.2413974867335589,0.2680904060752649,0.2810072411192226,0.1785743945005327,0.2351752788517186,0.3012766614869531,0.0,0.2816577624947323,0.2911369404805969,0.2144664826465933,0.0,0.0,0.0,0.0,0.1728924558667546,0.0,0.0,0.0,0.165035185370053,0.2947048629493976,0.0,0.0,0.2669713781124513,0.2908398963185624,0.0,0.0,0.3142956367428132,0.2374001336910006,0.2664849540140135,0.2988425888578651,0.2907493980228167,0.1913525118619295,0.2475484619019159,0.2629295383055812,0.2193919709378979,0.0,0.0,0.0,0.2124092230294161,0.0,0.0,0.0,0.0,0.2516411437429545,0.0,0.2136598804477033,0.2778143720932655,0.2183500076478499,0.0,0.2000250474740185,0.0,0.1400856620063359,0.0,0.2198774323187159,0.210616798710523,0.0,0.0,0.0,0.0,0.141196605165886,0.0,0.0,0.0,0.280205289030705,0.0,0.0,0.0,0.296658785565852,0.0,0.0,0.0,0.0
0.262609577655496,0.0,0.0,0.1866626633626557,0.2949262780465047,0.277038710541103,0.2870051660306034,0.0,0.2857946992653306,0.2164613592436746,0.2816577624947323,0.0,0.3598537387743737,0.0,0.0,0.0,0.2695730115722126,0.2598980308203552,0.0,0.0,0.3013145506094898,0.0,0.3048195090837709,0.2106422700207786,0.247918628745927,0.2131967976477278,0.0,0.2905683160608059,0.0,0.0,0.2677878748728721,0.1932223585070367,0.2217384097798515,0.2046039530987549,0.2723308486848509,0.2529497975135016,0.2321218634848655,0.1694419798392495,0.1787133864723938,0.2366585686884008,0.2421992011775067,0.215632604368665,0.0,0.0,0.220078732543937,0.0,0.0,0.0,0.0,0.0,0.0,0.0,0.0,0.0,0.3187683868071065,0.0,0.3100972903030646,0.0,0.0,0.0,0.0,0.3212811425709004,0.3056398941127303,0.0,0.0,0.0,0.0,0.0,0.3188705654183014,0.3193646704431056,0.3317066536965647,0.0,0.2847899301124839,0.0,0.0,0.2889313839753963
0.0,0.3162334497066176,0.2970150617406011,0.2264211469760073,0.2707296242885212,0.282383659880053,0.2500767365573003,0.3231851652590002,0.2721742231238774,0.3211437057339327,0.2911369404805969,0.3598537387743737,0.0,0.2493109063217914,0.2974916516616672,0.3378634730815575,0.3523232671996718,0.3455188972534426,0.2964708899292111,0.3173949618100828,0.3131790911177493,0.3377732001653359,0.3095186985883592,0.3951301944893938,0.312633684718523,0.3101478782230047,0.3063277794592384,0.2500329240921891,0.2910641898842786,0.2533421205105933,0.3028783337301228,0.287133591481246,0.2860245953285726,0.3096906250527916,0.2902644252555701,0.2314382092050178,0.2200671642717174,0.3168757941423168,0.3146152458100459,0.0,0.2559671450764217,0.0,0.0,0.0,0.0,0.0,0.0,0.3280667521414815,0.0,0.0,0.3695303769470976,0.0,0.3369742298249753,0.0,0.0,0.0,0.0,0.0,0.0,0.0,0.0,0.0,0.0,0.0,0.3228422768638735,0.0,0.0,0.3578374402353258,0.0,0.0,0.0,0.3696755521702383,0.0,0.3281248503103393,0.0,0.0
0.3579918990765205,0.0,0.2987041033459104,0.1873713430574503,0.2316306527781347,0.2985994396051594,0.2593194602706032,0.2518976372581805,0.2879841046199837,0.2467635241169414,0.2144664826465933,0.0,0.2493109063217914,0.0,0.0,0.0,0.0,0.0,0.2394474651485541,0.0,0.3348726909193545,0.0,0.2810592981513191,0.0,0.0,0.0,0.3200587731560941,0.2438740773765181,0.0,0.0,0.0,0.1419184541975722,0.0,0.0,0.0,0.1541488703331449,0.1316681163740192,0.0,0.0,0.0,0.0,0.0,0.0,0.0,0.0,0.0,0.0,0.316926598031465,0.0,0.0,0.0,0.0,0.0,0.0,0.0,0.0,0.0,0.0,0.0,0.0,0.0,0.0,0.0,0.3311202258046984,0.0,0.0,0.0,0.3207588734302139,0.0,0.0,0.0,0.0,0.0,0.0,0.0,0.0
0.2769945370658864,0.2942623381053426,0.0,0.0,0.0,0.2973670295241871,0.0,0.2601424543061343,0.0,0.0,0.0,0.0,0.2974916516616672,0.0,0.0,0.3043643258601378,0.0,0.3119059048625125,0.0,0.2369437247478397,0.2495836341372717,0.2509865200645222,0.2259714079187548,0.3321361111364924,0.2955105170201682,0.2828271110342064,0.2645728798932381,0.2857114293258582,0.2880236132522865,0.0,0.2865049899565458,0.3065335151735626,0.2898191081861451,0.3077286701659093,0.3433898165426222,0.0,0.0,0.0,0.3308492549413138,0.3312397861232007,0.3354255226912586,0.3454190436577659,0.3079755629813023,0.0,0.0,0.0,0.3230789481855103,0.0,0.0,0.0,0.3259698558913143,0.0,0.3547488706006098,0.0,0.0,0.0,0.0,0.0,0.0,0.331294453594079,0.2990677370841004,0.0,0.0,0.0,0.3141757953415671,0.3330587904659435,0.3443406982725356,0.3246590353902534,0.0,0.2707732871810648,0.3533300653277063,0.338120367806493,0.3129310505544613,0.3129545088917725,0.0,0.2975427899257392
0.2824809802353981,0.2839594268650992,0.0,0.0,0.3061942807613068,0.324844304445666,0.3503301079881938,0.3545416982690063,0.2825534878132628,0.2933616960695622,0.0,0.0,0.3378634730815575,0.0,0.3043643258601378,0.0,0.2766210013819852,0.2602855261354688,0.0,0.2929680413961484,0.2919092087583808,0.2764935479906401,0.3062479729001253,0.272952679333858,0.2894124283057767,0.2932286299174356,0.316975961552538,0.3343531023552294,0.323076625230361,0.3056217679595195,0.2806915358834766,0.3015461963569452,0.2883314886562589,0.2860505305054309,0.319037489144806,0.0,0.0,0.0,0.3077574819412667,0.3017586777525237,0.3022467847622994,0.3121363752590798,0.0,0.0,0.0,0.3137287089327608,0.3105584663761442,0.0,0.0,0.0,0.0,0.0,0.0,0.0,0.0,0.0,0.0,0.0,0.0,0.0,0.3061800421630294,0.0,0.305505161043098,0.0,0.0,0.3175547789213137,0.3156603599535453,0.0,0.0,0.3087415840026519,0.3187928286757785,0.0,0.0,0.0,0.0,0.2968815196022688
0.2525814744136529,0.0,0.0,0.0,0.0,0.0,0.3084406695851581,0.0,0.0,0.2373589917756381,0.0,0.2695730115722126,0.3523232671996718,0.0,0.0,0.2766210013819852,0.0,0.2297858492462949,0.0,0.2776300814600292,0.0,0.2952434913821635,0.0,0.2862277082937824,0.2511031796327062,0.2653862155476966,0.0,0.3221506788055706,0.2805888452911114,0.0,0.2767605030098931,0.2971674569378178,0.2574014783518727,0.2665317524608734,0.2765999641367739,0.0,0.0,0.2530448584088897,0.0,0.2773068650254733,0.2898597517911014,0.0,0.0,0.0,0.0,0.0,0.0,0.0,0.0,0.0,0.0,0.0,0.0,0.0,0.3298130638898326,0.0,0.3460704515814494,0.0,0.0,0.0,0.0,0.3212341969716935,0.3119018727795592,0.0,0.0,0.0,0.0,0.0,0.3287684395514616,0.3168222643017789,0.3324622129803434,0.0,0.0,0.0,0.0,0.0
0.2803912277472782,0.2960030739411138,0.0,0.0,0.0,0.3378678761213156,0.3283033543222169,0.3518368704317474,0.0,0.2697685098447135,0.0,0.2598980308203552,0.3455188972534426,0.0,0.3119059048625125,0.2602855261354688,0.2297858492462949,0.0,0.0,0.2991301244608909,0.3191002678553047,0.2988088314450132,0.3372149608534786,0.2724547304368406,0.2612032441994206,0.2769363531191476,0.324117142030085,0.3240285063033055,0.321928346822839,0.2851943059376848,0.2865008416015417,0.2941120475573545,0.2561565549777529,0.2779539800126878,0.3119993024623886,0.0,0.0,0.0,0.3088428287337761,0.2913162220313414,0.3016302510185034,0.3212397195127397,0.0,0.0,0.0,0.3085293729712751,0.3051919392578572,0.0,0.0,0.0,0.0,0.0,0.0,0.0,0.3264065061115466,0.0,0.328736647946141,0.0,0.0,0.0,0.307351844553779,0.3129192027464771,0.3113091087477275,0.0,0.0,0.0,0.3009537436013242,0.0,0.3341291457862799,0.3172604249035786,0.3261237622027352,0.0,0.0,0.0,0.0,0.3024184262520192
0.0,0.0,0.1925524181424257,0.2317414213078687,0.2441266538973512,0.2876664027444682,0.2941077099986074,0.2128714984834363,0.2045107475085215,0.2951109037029525,0.1728924558667546,0.0,0.2964708899292111,0.2394474651485541,0.0,0.0,0.0,0.0,0.0,0.0,0.0,0.0,0.1910386533422733,0.0,0.0,0.0,0.268001465134162,0.2969956833589984,0.0,0.0,0.3061114272221386,0.2522918381664044,0.0,0.2894812591919115,0.262038800180532,0.2414441581178413,0.2666343618004374,0.2498032097886986,0.0,0.0,0.0,0.0,0.0,0.0,0.0,0.0,0.0,0.0,0.0,0.2916890049350209,0.0,0.0,0.0,0.2896918594843212,0.0,0.1681028191538034,0.0,0.0,0.0,0.0,0.0,0.0,0.0,0.0,0.0,0.0,0.0,0.3463837061474137,0.0,0.0,0.0,0.3209108722392284,0.0,0.0,0.0,0.0
0.2954793472266301,0.2846481638994302,0.0,0.2678866458473653,0.0,0.2921467704818694,0.3203739056807644,0.2817195015472226,0.0,0.0,0.0,0.0,0.3173949618100828,0.0,0.2369437247478397,0.2929680413961484,0.2776300814600292,0.2991301244608909,0.0,0.0,0.2779709079113527,0.2557629785764171,0.2210485538252737,0.0,0.2882891273196201,0.3035779058783592,0.2557343694297591,0.28389807946029,0.2373400179671037,0.2891292663871553,0.2612343385786166,0.3010227273265123,0.2623149415827204,0.2913736603112548,0.3292146313157612,0.3429702625036379,0.303390895452302,0.0,0.3240823414462569,0.3056926430986981,0.3241442499752722,0.3315258878109159,0.0,0.0,0.0,0.0,0.3050603528313056,0.0,0.0,0.0,0.3344095357803349,0.0,0.3257790098230163,0.0,0.0,0.0,0.0,0.3000318906680741,0.0,0.3119403274933094,0.0,0.0,0.0,0.0,0.3226938528758422,0.311393839124051,0.3243460587877735,0.3348462732157562,0.0,0.0,0.3463175849963026,0.3476502088685189,0.3415973411534673,0.3224290510592417,0.0,0.3206766723290676
0.2769949538696596,0.2839926408997061,0.0,0.0,0.0,0.3050400219173965,0.0,0.2943457592499259,0.0,0.32712883776375,0.0,0.3013145506094898,0.3131790911177493,0.3348726909193545,0.2495836341372717,0.2919092087583808,0.0,0.3191002678553047,0.0,0.2779709079113527,0.0,0.2979386867599219,0.2793396504130011,0.3313779986134653,0.3032911014637023,0.2890703615229195,0.2976530196791929,0.298242823445069,0.291017048145319,0.2798504494253938,0.2734224145112971,0.2858586264860756,0.2840605662630508,0.284070428254886,0.3261596005219836,0.2533115393585698,0.0,0.0,0.3294810244873229,0.2916812738939013,0.3183582962279654,0.3473353187499245,0.0,0.0,0.0,0.3051298204538862,0.3217019080651596,0.0,0.0,0.0,0.3396307665252175,0.0,0.2354079399071018,0.0,0.0,0.0,0.0,0.0,0.0,0.3450004453524007,0.3175414867768843,0.0,0.0,0.0,0.3226082404099995,0.3275549316321455,0.33660255750097,0.3363775413472716,0.0,0.2721848194093053,0.3572208482029024,0.3558573455468967,0.3343978835603369,0.3180073048681626,0.0,0.2908826111137449
0.2758251219563845,0.2640872124134737,0.0,0.0,0.3117220634359573,0.3105284461080553,0.3244350333117821,0.0,0.3028144102941501,0.2478386926383037,0.0,0.0,0.3377732001653359,0.0,0.2509865200645222,0.2764935479906401,0.2952434913821635,0.2988088314450132,0.0,0.2557629785764171,0.2979386867599219,0.0,0.3027575394534093,0.0,0.2883514403459152,0.2903706234967774,0.3037153029977916,0.3015831262428808,0.2798858143320267,0.0,0.2671593098414664,0.3052146544989362,0.2704129007751309,0.2957882958967014,0.3346897186696626,0.3552660770002002,0.3247351941123276,0.0,0.319149934437853,0.3262194280167292,0.3217511679588161,0.3364205793549095,0.0,0.0,0.0,0.3222259418950494,0.3135450628642761,0.0,0.0,0.0,0.3227268932070317,0.0,0.0,0.0,0.0,0.0,0.0,0.0,0.0,0.3425647895463828,0.3194065083350087,0.0,0.2702579092926002,0.0,0.3247979415838495,0.3430335516297658,0.3370766875751428,0.3347567551817987,0.0,0.2984017197857964,0.3459220255687033,0.3619717531025113,0.271662751696983,0.3213475127168398,0.0,0.308957887441266
0.3215419598673521,0.3101326243363168,0.2134986256647464,0.2628257473474734,0.2858534391029709,0.2927969479192128,0.2966792015233219,0.2516314782440614,0.286832752421706,0.3219713258309743,0.165035185370053,0.3048195090837709,0.3095186985883592,0.2810592981513191,0.2259714079187548,0.3062479729001253,0.0,0.3372149608534786,0.1910386533422733,0.2210485538252737,0.2793396504130011,0.3027575394534093,0.0,0.3594016114276969,0.3199733868304685,0.3169460311709817,0.2523153324651033,0.3078106707070095,0.2927302084064067,0.3036042145462786,0.3086783473072028,0.2897751613444932,0.2964547686096772,0.3164013028587775,0.3315715797790186,0.2658084433414618,0.3110765960541221,0.2652128087850561,0.3468175828942003,0.0,0.3600672702957979,0.3625111779804156,0.3233398872248313,0.0,0.0,0.0,0.3096429437208406,0.2708377033583816,0.0,0.354384538499726,0.3626004250794036,0.3670614815771297,0.3419607170218455,0.3506304124113877,0.0,0.2694273386911658,0.0,0.3625856356034714,0.3182677022832643,0.3219733464450853,0.0,0.0,0.0,0.1622811369418615,0.3418501351122106,0.3106076228560582,0.3248767285536287,0.3426801884335635,0.0,0.0,0.336068193974831,0.3662821652001772,0.3599183874182185,0.3408042242537835,0.3503945656376451,0.3471750888966416
0.2573245750374224,0.0,0.0,0.0,0.0,0.0,0.311179168821592,0.3663210856627087,0.0,0.2259392835460651,0.2947048629493976,0.2106422700207786,0.3951301944893938,0.0,0.3321361111364924,0.272952679333858,0.2862277082937824,0.2724547304368406,0.0,0.0,0.3313779986134653,0.0,0.3594016114276969,0.0,0.2637785492267813,0.2528417691031496,0.2878765672821683,0.3045892454968993,0.0,0.0,0.2631179494250853,0.2528616045056964,0.1950382497110422,0.1992032670974342,0.2466380629354621,0.2768926890126783,0.0,0.1706211655461678,0.3312215326873834,0.2427623750539503,0.2393477070047399,0.0,0.0,0.0,0.211453888331996,0.2716275095054288,0.3094472439554383,0.0,0.0,0.0,0.0,0.0,0.0,0.0,0.3268474888430901,0.0,0.3021188629396512,0.0,0.0,0.0,0.3027814451386581,0.3314794390973749,0.3181536419840867,0.0,0.0,0.0,0.0,0.0,0.3131762709617451,0.3240871357453968,0.3273479869332576,0.0,0.0,0.0,0.0,0.0
0.2725176067145702,0.2755677655305582,0.0,0.0,0.2778709975490984,0.2920977685311965,0.3045733063922429,0.3502079947874174,0.2719834801766145,0.2456380907386625,0.0,0.247918628745927,0.312633684718523,0.0,0.2955105170201682,0.2894124283057767,0.2511031796327062,0.2612032441994206,0.0,0.2882891273196201,0.3032911014637023,0.2883514403459152,0.3199733868304685,0.2637785492267813,0.0,0.2556804370578635,0.2935808342959873,0.3039368812835027,0.3037450202201964,0.0,0.280752710966844,0.2816444177594933,0.2409863357569598,0.2607015440533627,0.2849281251273505,0.0,0.0,0.2458305211088097,0.3078487402517078,0.2923916135962838,0.2992823128927441,0.3123928289429108,0.0,0.0,0.0,0.3115318098667681,0.3067474294270661,0.0,0.0,0.0,0.0,0.0,0.0,0.0,0.3253544663317469,0.0,0.3249463008107646,0.0,0.0,0.0,0.3045871484040447,0.322764977190741,0.3139153006097879,0.0,0.3001374313011006,0.3042219781089421,0.3158510055154354,0.0,0.3262542308354063,0.3163211404419975,0.3233901141235157,0.0,0.0,0.2986148323225354,0.0,0.2975522911782667
0.256947752930978,0.265111294105724,0.0,0.0,0.2774070590511341,0.3048530001917725,0.3099965912115299,0.3436290428137458,0.2775877624290614,0.2458504411342216,0.0,0.2131967976477278,0.3101478782230047,0.0,0.2828271110342064,0.2932286299174356,0.2653862155476966,0.2769363531191476,0.0,0.3035779058783592,0.2890703615229195,0.2903706234967774,0.3169460311709817,0.2528417691031496,0.2556804370578635,0.0,0.3118322008074601,0.3113616376395714,0.3013510303618759,0.0,0.2764908469664648,0.2927716211496251,0.2576570709042867,0.2758286271876832,0.3182082044383776,0.3437954564656517,0.0,0.2289303214418862,0.32405675994778,0.3018731087777861,0.3160573459671786,0.3384354219161533,0.0,0.0,0.0,0.3238017479236434,0.3239342864200176,0.0,0.0,0.0,0.3042891307048715,0.0,0.0,0.0,0.3304167446630199,0.0,0.3259299272627824,0.0,0.0,0.3591972687555095,0.3160117740579823,0.3259651764588589,0.3217166046874968,0.0,0.3362547324989403,0.3574932595952265,0.3429321805278889,0.347395444157858,0.3252085191734508,0.3223711060031126,0.3336876759368338,0.3377336313928496,0.0,0.3280501585692779,0.0,0.3070794700215029
0.3098892232326842,0.3023758975298491,0.2354386472938446,0.2885627491176955,0.284656411853797,0.2596270445796879,0.3011430780395536,0.3002115815298076,0.2590825482156038,0.2989428578933242,0.2669713781124513,0.0,0.3063277794592384,0.3200587731560941,0.2645728798932381,0.316975961552538,0.0,0.324117142030085,0.268001465134162,0.2557343694297591,0.2976530196791929,0.3037153029977916,0.2523153324651033,0.2878765672821683,0.2935808342959873,0.3118322008074601,0.0,0.3052907521004706,0.2799942552613155,0.3051736892197607,0.3011630987462126,0.2965491984042457,0.2772462235557383,0.3107249397866251,0.3241348681896386,0.2910148212790515,0.3085107770043707,0.0,0.3404275424096847,0.2639400400559117,0.3648680921296879,0.3602337624955816,0.3319121047953913,0.0,0.0,0.0,0.2756833936073323,0.3713359426533498,0.0,0.3366209268746676,0.3582244713530694,0.3590985852309644,0.3500786962235402,0.3659628698930935,0.0,0.3475074608204707,0.0,0.3675259902541042,0.332841907672807,0.3250865446477436,0.0,0.0,0.0,0.3686977640568301,0.3404068141838797,0.3198303531727077,0.3380437651002049,0.3606121291021362,0.0,0.0,0.3327435768827742,0.3632129836207455,0.3680622256959894,0.3424424919143913,0.3330944733309244,0.3477594016347875
0.2743335000644999,0.308102836504075,0.3049387458728191,0.1901338459632082,0.2871846937384387,0.287911764905096,0.2691241647372354,0.3075951556541328,0.3049455867322509,0.2937970583384332,0.2908398963185624,0.2905683160608059,0.2500329240921891,0.2438740773765181,0.2857114293258582,0.3343531023552294,0.3221506788055706,0.3240285063033055,0.2969956833589984,0.28389807946029,0.298242823445069,0.3015831262428808,0.3078106707070095,0.3045892454968993,0.3039368812835027,0.3113616376395714,0.3052907521004706,0.0,0.2480667940733807,0.2209356853209449,0.2700811531294522,0.2765922822762542,0.2764797952366145,0.280071552118285,0.2616151114411694,0.1953174957513289,0.1887401516738945,0.2694505887059399,0.3050252992039791,0.2427418448874217,0.2580092577388438,0.2447949630495818,0.0,0.0,0.0,0.0,0.0,0.0,0.0,0.0,0.3613282734712882,0.0,0.3267365456295583,0.0,0.0,0.0,0.0,0.0,0.0,0.3131807632527704,0.0,0.0,0.0,0.0,0.3387710183360977,0.3119598636806428,0.3195790176554623,0.3477495457595855,0.0,0.0,0.0,0.3540943259971624,0.3480002696296158,0.3419525544843671,0.0,0.3218463173174158
0.2972742177200388,0.30509569035687,0.0,0.0,0.3156395324004945,0.241127348976213,0.3176256099398319,0.2883309399802279,0.2893659906621618,0.0,0.0,0.0,0.2910641898842786,0.0,0.2880236132522865,0.323076625230361,0.2805888452911114,0.321928346822839,0.0,0.2373400179671037,0.291017048145319,0.2798858143320267,0.2927302084064067,0.0,0.3037450202201964,0.3013510303618759,0.2799942552613155,0.2480667940733807,0.0,0.2509937937323177,0.2715846170394915,0.2990290737992638,0.2771871365357125,0.2847806491395053,0.3162148921861765,0.3333772375400388,0.2845179461461178,0.0,0.3358148998336907,0.0,0.3385127227840631,0.3224099890942997,0.308011767106176,0.0,0.0,0.0,0.3017974854692433,0.0,0.0,0.0,0.349715482081587,0.0,0.3226824557195559,0.0,0.0,0.0,0.0,0.3426622130420405,0.0,0.3182608073640563,0.0,0.0,0.0,0.0,0.3296960713990319,0.3034233407956715,0.3067327330975388,0.3388778118683661,0.0,0.0,0.3151749761853649,0.3496895929808901,0.3517739044677792,0.3288792436651749,0.3104801418888439,0.3264202424441618
0.0,0.0,0.0,0.0,0.0,0.3121910985583171,0.0,0.3176704196305226,0.3163425646366392,0.0,0.0,0.0,0.2533421205105933,0.0,0.0,0.3056217679595195,0.0,0.2851943059376848,0.0,0.2891292663871553,0.2798504494253938,0.0,0.3036042145462786,0.0,0.0,0.0,0.3051736892197607,0.2209356853209449,0.2509937937323177,0.0,0.2532103355882237,0.2741566901066662,0.0,0.2706527416398823,0.2962142657858752,0.0,0.0,0.0,0.0,0.0,0.0,0.0,0.0,0.0,0.0,0.0,0.0,0.0,0.0,0.0,0.3193276580960567,0.0,0.0,0.0,0.0,0.0,0.0,0.0,0.0,0.0,0.0,0.0,0.0,0.0,0.0,0.0,0.0,0.3496722698895381,0.0,0.0,0.0,0.0,0.0,0.0,0.0,0.0
0.2595546623356256,0.2558425000852071,0.3154906021068845,0.2047469206339428,0.3154368503638893,0.3127547175432082,0.304047982426942,0.3134645916946208,0.3132182239213085,0.253004939639032,0.3142956367428132,0.2677878748728721,0.3028783337301228,0.0,0.2865049899565458,0.2806915358834766,0.2767605030098931,0.2865008416015417,0.3061114272221386,0.2612343385786166,0.2734224145112971,0.2671593098414664,0.3086783473072028,0.2631179494250853,0.280752710966844,0.2764908469664648,0.3011630987462126,0.2700811531294522,0.2715846170394915,0.2532103355882237,0.0,0.2768752785235862,0.2448622498532024,0.2186041757456882,0.1747448361282004,0.2732605992520905,0.2327653644326595,0.230905321052921,0.2957673524619151,0.2985632313893253,0.1947310458257483,0.0,0.0,0.0,0.0,0.2899258317040516,0.2936311936348734,0.0,0.0,0.0,0.3645309469734093,0.0,0.3360111685568091,0.0,0.2977379271188252,0.0,0.2927341564301852,0.0,0.0,0.3187058308677503,0.2965776101688104,0.3050237752538556,0.3159267380807402,0.0,0.3234574178476491,0.3155180487459405,0.3050542616807027,0.3499873302762768,0.326936789860422,0.3159066489942505,0.3205478997599766,0.358121379050576,0.3331440268225975,0.3137428083266399,0.0,0.2742706935624158
0.2781924754897063,0.2847678545834064,0.2786604636959618,0.2000046729389298,0.2777720713089915,0.2971774126391783,0.2781138633409764,0.2799511759462647,0.2806792907803869,0.2647295145400195,0.2374001336910006,0.1932223585070367,0.287133591481246,0.1419184541975722,0.3065335151735626,0.3015461963569452,0.2971674569378178,0.2941120475573545,0.2522918381664044,0.3010227273265123,0.2858586264860756,0.3052146544989362,0.2897751613444932,0.2528616045056964,0.2816444177594933,0.2927716211496251,0.2965491984042457,0.2765922822762542,0.2990290737992638,0.2741566901066662,0.2768752785235862,0.0,0.2342230659018258,0.2708880303165382,0.2648472843360291,0.1762829124813812,0.2311889886273497,0.1794476601755317,0.2001323370661349,0.1809041477264527,0.2355625209984432,0.2201129644901829,0.1906338610861917,0.1865538780318399,0.1773652418615962,0.3083956130136147,0.311938384952019,0.3280119262453662,0.0,0.0,0.3431546751545538,0.2726465394960909,0.3251232673780673,0.3026003038415934,0.2493269821853303,0.0,0.2004234029634637,0.3066035068737339,0.0,0.3174044098836625,0.3063550722533973,0.3018403317029058,0.3150716598274988,0.0,0.3235637883598072,0.3171921655098903,0.3228733078435659,0.3395953257826559,0.0,0.3198091338133989,0.3260908694291477,0.3453922861546755,0.3062338951686573,0.3254976627523981,0.0,0.3299210111753512
0.2191191798658666,0.247413614659253,0.0,0.0,0.2480286431764077,0.2766617357579687,0.2662493675173439,0.3497112142456819,0.2649398714787215,0.2420478520923442,0.2664849540140135,0.2217384097798515,0.2860245953285726,0.0,0.2898191081861451,0.2883314886562589,0.2574014783518727,0.2561565549777529,0.0,0.2623149415827204,0.2840605662630508,0.2704129007751309,0.2964547686096772,0.1950382497110422,0.2409863357569598,0.2576570709042867,0.2772462235557383,0.2764797952366145,0.2771871365357125,0.0,0.2448622498532024,0.2342230659018258,0.0,0.1735866488249873,0.3058277210096375,0.3243823348806606,0.2196837927203475,0.1304532127706317,0.1999841799503562,0.1566388821867395,0.1671790979625037,0.1876672926900756,0.0,0.0,0.1599440619625183,0.2858624961074339,0.306261143686302,0.0,0.0,0.0,0.0,0.0,0.0,0.0,0.2610145565658464,0.0,0.261131729301001,0.0,0.0,0.3250610503625582,0.3000820816546324,0.2817363331574551,0.3232273338087886,0.0,0.341178501375824,0.330479484764492,0.3181344872116702,0.3269181025105432,0.2385837549529896,0.3086900447456949,0.3200908289029114,0.0,0.1788888386067841,0.0,0.0,0.0
0.2615900047737431,0.2671107055296015,0.3175942131562179,0.1844954859746746,0.3077113074147289,0.3138793454062719,0.3003475807064499,0.3249264326239712,0.3088215077871352,0.238209059760336,0.2988425888578651,0.2046039530987549,0.3096906250527916,0.0,0.3077286701659093,0.2860505305054309,0.2665317524608734,0.2779539800126878,0.2894812591919115,0.2913736603112548,0.284070428254886,0.2957882958967014,0.3164013028587775,0.1992032670974342,0.2607015440533627,0.2758286271876832,0.3107249397866251,0.280071552118285,0.2847806491395053,0.2706527416398823,0.2186041757456882,0.2708880303165382,0.1735866488249873,0.0,0.2715478936310747,0.3187375771158845,0.2555269417905785,0.1480799101160498,0.213030362082332,0.1752586097642528,0.1841887586021448,0.1910073255943429,0.1914148778519084,0.1760204373040148,0.1794737162150179,0.3152121938369244,0.3066864377616282,0.0,0.0,0.0,0.3565862989189539,0.0,0.3474011738152974,0.0,0.2902843908605567,0.0,0.2768627130013394,0.2009515834194552,0.0,0.3262734970221966,0.3033290365789744,0.2926096471826313,0.3141850275283406,0.0,0.3279310296638993,0.326423805553502,0.3206021838327333,0.3504261314477225,0.3035544255796996,0.3115455394092077,0.3237589655590267,0.3464912500460233,0.220337252389433,0.3306831540070775,0.0,0.2748375298235676
0.3090749473692885,0.320199132995764,0.2910336917272256,0.2263714932824073,0.2831802550517577,0.3196587475242856,0.2886692521461586,0.0,0.3053752730470432,0.229720226139321,0.2907493980228167,0.2723308486848509,0.2902644252555701,0.0,0.3433898165426222,0.319037489144806,0.2765999641367739,0.3119993024623886,0.262038800180532,0.3292146313157612,0.3261596005219836,0.3346897186696626,0.3315715797790186,0.2466380629354621,0.2849281251273505,0.3182082044383776,0.3241348681896386,0.2616151114411694,0.3162148921861765,0.2962142657858752,0.1747448361282004,0.2648472843360291,0.3058277210096375,0.2715478936310747,0.0,0.3078512262839513,0.2660079112216965,0.1978727424901087,0.2200749813802648,0.1670801213254197,0.1783817411836583,0.2107670234062413,0.2082919828723676,0.2080984058962067,0.1659460248777709,0.3603444427220017,0.3288927587004844,0.0,0.0,0.0,0.0,0.0,0.0,0.0,0.1941372467591945,0.0,0.2104785267978419,0.0,0.0,0.3274978511692992,0.3200086877041086,0.0,0.324152983137609,0.0,0.2830772402332874,0.3539970304075938,0.347754670434617,0.3226605086494827,0.0,0.3260929825159757,0.3255332091100825,0.3016527734079327,0.1682346828633306,0.3129925189951043,0.0,0.0
0.0,0.0,0.2702015330609084,0.1522300622591293,0.1894679393212321,0.2872221452147832,0.1900376900081941,0.2070901078528552,0.2671852106604852,0.2278672069557439,0.1913525118619295,0.2529497975135016,0.2314382092050178,0.1541488703331449,0.0,0.0,0.0,0.0,0.2414441581178413,0.3429702625036379,0.2533115393585698,0.3552660770002002,0.2658084433414618,0.2768926890126783,0.0,0.3437954564656517,0.2910148212790515,0.1953174957513289,0.3333772375400388,0.0,0.2732605992520905,0.1762829124813812,0.3243823348806606,0.3187375771158845,0.3078512262839513,0.0,0.157057620443264,0.2316101486389039,0.2440740538594148,0.0,0.2210027465346529,0.2553384535750882,0.0,0.0,0.0,0.0,0.0,0.3334922225409099,0.0,0.0,0.3007181919872521,0.0,0.2615073225207898,0.0,0.0,0.239665184808154,0.0,0.2823023470681057,0.0,0.0,0.0,0.0,0.0,0.3567832550918108,0.0,0.0,0.0,0.3141856259131096,0.0,0.0,0.0,0.307874404655791,0.3002957732688717,0.0,0.0,0.0
0.0,0.0,0.2769800367181836,0.1216710112187788,0.2341570752679318,0.3116754074020942,0.1687539238724767,0.0,0.2834269309743049,0.17801061982187,0.2475484619019159,0.2321218634848655,0.2200671642717174,0.1316681163740192,0.0,0.0,0.0,0.0,0.2666343618004374,0.303390895452302,0.0,0.3247351941123276,0.3110765960541221,0.0,0.0,0.0,0.3085107770043707,0.1887401516738945,0.2845179461461178,0.0,0.2327653644326595,0.2311889886273497,0.2196837927203475,0.2555269417905785,0.2660079112216965,0.157057620443264,0.0,0.212076749666896,0.2014730916120656,0.0,0.0,0.2194426014046801,0.0,0.2107325393363294,0.0,0.0,0.0,0.0,0.0,0.0,0.0,0.0,0.0,0.0,0.0,0.0,0.0,0.0,0.0,0.0,0.0,0.0,0.0,0.0,0.0,0.0,0.0,0.0,0.0,0.0,0.0,0.0,0.0,0.0,0.0,0.0
0.0,0.0,0.0,0.0,0.2797919599731702,0.2821271116627384,0.2908734426467104,0.0,0.2863009666280212,0.2050454094450396,0.2629295383055812,0.1694419798392495,0.3168757941423168,0.0,0.0,0.0,0.2530448584088897,0.0,0.2498032097886986,0.0,0.0,0.0,0.2652128087850561,0.1706211655461678,0.2458305211088097,0.2289303214418862,0.0,0.2694505887059399,0.0,0.0,0.230905321052921,0.1794476601755317,0.1304532127706317,0.1480799101160498,0.1978727424901087,0.2316101486389039,0.212076749666896,0.0,0.2071123068073089,0.14096773757912,0.1471468479568524,0.1646025369639576,0.0,0.0,0.1478043468847595,0.0,0.0,0.0,0.0,0.0,0.0,0.0,0.0,0.0,0.2102393255925356,0.0,0.2227515360707956,0.0,0.0,0.0,0.0,0.0,0.0,0.0,0.0,0.0,0.0,0.0,0.2074575507336445,0.0,0.0,0.0,0.0,0.0,0.0,0.0
0.3042568248504269,0.311186199360182,0.3273993747914174,0.0,0.3068010440155388,0.3360516941146205,0.0,0.3332221202111489,0.0,0.1898352448074327,0.2193919709378979,0.1787133864723938,0.3146152458100459,0.0,0.3308492549413138,0.3077574819412667,0.0,0.3088428287337761,0.0,0.3240823414462569,0.3294810244873229,0.319149934437853,0.3468175828942003,0.3312215326873834,0.3078487402517078,0.32405675994778,0.3404275424096847,0.3050252992039791,0.3358148998336907,0.0,0.2957673524619151,0.2001323370661349,0.1999841799503562,0.213030362082332,0.2200749813802648,0.2440740538594148,0.2014730916120656,0.2071123068073089,0.0,0.2344037331387102,0.2490369373057148,0.2584417580970634,0.1849132699958363,0.2225464193162016,0.1717629422592049,0.2775254024284314,0.2689633716295046,0.2760355402743965,0.2007444596532371,0.2723777694987753,0.2984439033604382,0.270739819862169,0.2900672998797664,0.2799899608579289,0.242924447063537,0.2352079289896275,0.185451073463564,0.2840025936750731,0.19383858844859,0.3152301172544068,0.2912713681937474,0.2886353129421158,0.2899635217153082,0.2571869543995457,0.3142199591963844,0.2928910574376435,0.3155316598135619,0.293333834788865,0.2546669122059846,0.2753618322764453,0.2877014541015511,0.3090366288487121,0.2463189954541064,0.3041534033656001,0.2839851751679615,0.2676706605159334
0.2779477920877416,0.3058912028522366,0.0,0.0,0.0,0.0,0.0,0.0,0.0,0.232525962634116,0.0,0.2366585686884008,0.0,0.0,0.3312397861232007,0.3017586777525237,0.2773068650254733,0.2913162220313414,0.0,0.3056926430986981,0.2916812738939013,0.3262194280167292,0.0,0.2427623750539503,0.2923916135962838,0.3018731087777861,0.2639400400559117,0.2427418448874217,0.0,0.0,0.2985632313893253,0.1809041477264527,0.1566388821867395,0.1752586097642528,0.1670801213254197,0.0,0.0,0.14096773757912,0.2344037331387102,0.0,0.1750116206468801,0.2833354935055471,0.3511142079994717,0.1930952270064528,0.1331552002486177,0.2210987615114706,0.233211204370439,0.0,0.0,0.0,0.2866575588772385,0.2327957164409433,0.2472332183755721,0.2249809115274408,0.2341852577932227,0.0,0.2339826532383474,0.2631581232641682,0.0,0.2715926594450859,0.2628366773693713,0.2435626965817521,0.2378932856447516,0.0,0.2969048926300274,0.2339590277731041,0.2859479361463999,0.246233270538411,0.1999636353608022,0.2208978990802598,0.2445617382986675,0.301357889901147,0.2056552888886419,0.2959448953115969,0.0,0.2402202701074257
0.2897504084982195,0.3019644615388041,0.0,0.0,0.0,0.3386639441684385,0.0,0.0,0.0,0.227990872083752,0.0,0.2421992011775067,0.2559671450764217,0.0,0.3354255226912586,0.3022467847622994,0.2898597517911014,0.3016302510185034,0.0,0.3241442499752722,0.3183582962279654,0.3217511679588161,0.3600672702957979,0.2393477070047399,0.2992823128927441,0.3160573459671786,0.3648680921296879,0.2580092577388438,0.3385127227840631,0.0,0.1947310458257483,0.2355625209984432,0.1671790979625037,0.1841887586021448,0.1783817411836583,0.2210027465346529,0.0,0.1471468479568524,0.2490369373057148,0.1750116206468801,0.0,0.222125571274348,0.2790340693927576,0.2066900754616333,0.1423890586768476,0.2494600317074753,0.2505564213655779,0.2902272796414251,0.1691991613055325,0.3071652131768914,0.3087187472835518,0.2870805220991117,0.3248151459702135,0.2910628653302952,0.236401662706084,0.2726152412404247,0.1922797758809756,0.2987953598293227,0.2805368555681127,0.3128829026438678,0.264917767598517,0.2613597036858494,0.2667190384801676,0.2789377894356954,0.3066750289232247,0.2865177502831855,0.3076658963386924,0.3072707189046243,0.2017962333539231,0.2524764030213938,0.2679155952116734,0.3183761330367601,0.2458031205353946,0.2896121909103393,0.2528217496902471,0.212974140257155
