0.0,0.42507989573956,0.0,0.0,0.0,0.4190497319408322,0.0,0.4506979062450156,0.0,0.4386892818266503,0.0,0.4208907426478162,0.0,0.0,0.3648228442838566,0.4329631483926018,0.0,0.4397132712643316,0.0,0.4264712013919876,0.3555874182348139,0.4082149095248035,0.4117956162069171,0.3664012977491394,0.4148009498701174,0.3832737276111702,0.4018052456341563,0.4270828647919525,0.4113928148340864,0.0,0.3802191359838897,0.4095204045406909,0.3880679323315147,0.3955194976147799,0.3797536747640772,0.0,0.0,0.0,0.4439601265534378,0.433881759587195,0.3793767390572261,0.0,0.0,0.0,0.0,0.3823503228709005,0.4828171082909498,0.0,0.0,0.0,0.0,0.0,0.0,0.0,0.4727646401647932,0.0,0.0,0.0,0.0,0.0,0.4610164401458302,0.0,0.4265580365258515,0.0,0.0,0.3791983299198666,0.4600716217654589,0.0,0.4340034490858271,0.4417565583693462,0.4693553968622779,0.0,0.0,0.0,0.0,0.0
0.42507989573956,0.0,0.0,0.0,0.3462010049583102,0.3807912994565471,0.3798192304617817,0.4365122296923451,0.3545756487809099,0.0,0.0,0.0,0.4141718530839135,0.0,0.407034837245647,0.4379718859008638,0.0,0.4363334293245736,0.0,0.3925495320792115,0.3976935995929861,0.3715003188258559,0.4177967270558121,0.0,0.4020814729513409,0.413457795507452,0.4026577683271318,0.4187676971036858,0.3976012672079618,0.0,0.3600167556594639,0.3976717014468124,0.3619354144993377,0.3599831806831711,0.3947949688595348,0.0,0.0,0.0,0.4672414626397448,0.4499683330214699,0.4451122257536909,0.4685985257580355,0.0,0.0,0.0,0.4755815485640138,0.4742942400032627,0.0,0.0,0.0,0.0,0.0,0.0,0.0,0.0,0.0,0.0,0.0,0.0,0.4823306269617329,0.4685404377763513,0.0,0.4707940730057406,0.0,0.4458430397447233,0.4554264141000723,0.4620682758531733,0.4328630148163358,0.0,0.4798656654857994,0.4963502281572897,0.4431709251080007,0.0,0.4375982999859876,0.0,0.4351089762386406
0.0,0.0,0.0,0.0,0.3921254505178146,0.4275492936347928,0.4302709180677482,0.4768372749260351,0.2900206565854649,0.4123688127125687,0.3245929343065432,0.0,0.457410770698186,0.4374475640812792,0.0,0.0,0.0,0.0,0.2554675773542342,0.0,0.0,0.0,0.3024792152605999,0.0,0.0,0.0,0.3244088101172692,0.4751591848625081,0.0,0.4487046428179492,0.4858921063778025,0.4493310750193201,0.0,0.4808313556248971,0.4565172602144878,0.4283288554446798,0.4296967171199775,0.0,0.4882680651078694,0.0,0.0,0.0,0.5146997788346924,0.0,0.0,0.0,0.0,0.4991195373581116,0.0,0.5076870269638627,0.5328599096747831,0.0,0.5411901888191397,0.5627795018118961,0.0,0.5042701561887493,0.0,0.0,0.5354930542703785,0.0,0.0,0.0,0.0,0.3274494562549989,0.0,0.0,0.0,0.549016070501986,0.0,0.0,0.0,0.5546883321160858,0.0,0.0,0.0,0.0
0.0,0.0,0.0,0.0,0.2911255453894468,0.4066804473919442,0.3081013854258458,0.2845153451709779,0.4011698400981098,0.2283951243941734,0.3526507298198892,0.0,0.2870275946782372,0.2446596573760178,0.0,0.0,0.0,0.0,0.3879225924533356,0.0,0.0,0.0,0.379264710592895,0.0,0.0,0.0,0.3973094410146214,0.2331305509053697,0.0,0.0,0.0,0.2761169932219288,0.0,0.2434306801579191,0.2948580859604795,0.1935906733707792,0.1840389116693188,0.0,0.0,0.0,0.0,0.0,0.0,0.0,0.0,0.0,0.0,0.0,0.0,0.0,0.0,0.0,0.0,0.0,0.0,0.0,0.0,0.0,0.0,0.0,0.0,0.0,0.0,0.0,0.0,0.0,0.0,0.0,0.0,0.0,0.0,0.0,0.0,0.0,0.0,0.0
0.0,0.3462010049583102,0.3921254505178146,0.2911255453894468,0.0,0.4001689641890051,0.3363230828620965,0.400431463791896,0.3550923211425106,0.4124110619644495,0.3344261479844443,0.3613251117261068,0.3679133991715625,0.2917712722345612,0.0,0.0,0.0,0.0,0.357774548969728,0.4087008241194611,0.0,0.4004705012260214,0.4116158046207718,0.0,0.4081173109497251,0.0,0.4110217506007324,0.36232061487169,0.0,0.0,0.4462370230501915,0.3503191932816862,0.3624278163920206,0.4159737608543109,0.4058149429608019,0.2545310423758097,0.2558989678775339,0.3462737865579266,0.0,0.0,0.0,0.0,0.4233121677344397,0.0,0.0,0.0,0.0,0.504550445308225,0.0,0.0,0.0,0.0,0.4687072745903328,0.4602313468160129,0.0,0.4653553442748999,0.0,0.0,0.0,0.0,0.0,0.0,0.0,0.0,0.0,0.0,0.0,0.501150860329856,0.0,0.0,0.0,0.4577115589839098,0.0,0.0,0.0,0.0
0.4190497319408322,0.3807912994565471,0.4275492936347928,0.4066804473919442,0.4001689641890051,0.0,0.4307012823454687,0.4322517567322003,0.3369288226959261,0.4814841837368246,0.383867843349262,0.0,0.4173151985666612,0.4292455334107246,0.4275981979761555,0.4243172082293054,0.0,0.5146798956127662,0.4444372861558689,0.4003257790447515,0.4094588023015466,0.4082640187215401,0.4254662239391059,0.0,0.420580610408972,0.4293229549015507,0.412429249953678,0.4295212935966853,0.3575757328258181,0.4451811922940303,0.4704644809249472,0.4226635702120884,0.3735288135224775,0.459965176006319,0.4535002190239634,0.4237650130896045,0.4276753053099681,0.0,0.4582438042402653,0.0,0.4863825108409657,0.4183625633522835,0.4327995282623422,0.0,0.0,0.0,0.0,0.5337619246451517,0.0,0.0,0.4968956777928002,0.4837907377274005,0.4871160954899086,0.5361313680318607,0.0,0.5171243416964204,0.0,0.4781394831546004,0.0,0.4464471456676334,0.0,0.0,0.0,0.5476335059687131,0.455619213042797,0.4470866269028808,0.4326543651563752,0.5045278174784772,0.0,0.0,0.0,0.492409846362574,0.481383665372894,0.4666384033321605,0.0,0.4968417494666421
0.0,0.3798192304617817,0.4302709180677482,0.3081013854258458,0.3363230828620965,0.4307012823454687,0.0,0.4255093410778872,0.3886106150544439,0.4352541196512926,0.4107216723423791,0.3539903179204872,0.3521687499322904,0.3302174917164193,0.0,0.4339559523606734,0.4137246780201858,0.4295576217275941,0.4130953591318147,0.4158613280835088,0.0,0.4279761014783677,0.434800591376253,0.3970106105376985,0.418492668713679,0.4054781046420332,0.432619416560385,0.3637425549629616,0.4208224330488159,0.0,0.4181864805647796,0.3794932197571318,0.3550253204440506,0.3931766007264133,0.3795217427553892,0.3306618596414984,0.3128463213368873,0.3725123503287976,0.0,0.0,0.0,0.0,0.0,0.0,0.0,0.0,0.0,0.0,0.0,0.0,0.4621340818250345,0.0,0.0,0.0,0.0,0.0,0.0,0.0,0.0,0.0,0.0,0.0,0.0,0.0,0.0,0.0,0.0,0.5023851604620101,0.0,0.0,0.0,0.4798201445828037,0.0,0.0,0.0,0.0
0.4506979062450156,0.4365122296923451,0.4768372749260351,0.2845153451709779,0.400431463791896,0.4322517567322003,0.4255093410778872,0.0,0.51429604682424,0.4397353980860522,0.3751594704052174,0.0,0.427075197455559,0.3277956319413653,0.4125663073119719,0.4309211955161079,0.0,0.4650051952663571,0.4695801733684912,0.3974331278332487,0.3672881115178334,0.3928975203822699,0.3718170346685282,0.4876150809799097,0.4712860542871611,0.4811591190160139,0.4469989979901633,0.4243756839391598,0.3799937877944442,0.4029247842062852,0.4464704349939896,0.3433247525261224,0.4542232438970692,0.4435524329556694,0.0,0.2718323508761085,0.2297405172436764,0.0,0.440610596256222,0.0,0.4896734631919491,0.0,0.0,0.0,0.0,0.0,0.0,0.49557563745202,0.0,0.4406777365629194,0.4594783263327175,0.4425854665057291,0.3173549413177851,0.5054590065170569,0.0,0.4686236785092878,0.0,0.4479279949521469,0.0,0.4275887038096233,0.0,0.0,0.0,0.5090231529552061,0.0,0.0,0.0,0.4456013100423293,0.0,0.0,0.0,0.4548471457567736,0.4590284377579658,0.467730414660241,0.0,0.4761753531904666
0.0,0.3545756487809099,0.2900206565854649,0.4011698400981098,0.3550923211425106,0.3369288226959261,0.3886106150544439,0.51429604682424,0.0,0.4752623002254291,0.3418766015988125,0.3939497518179933,0.3597591732675081,0.4496029431425686,0.0,0.0,0.0,0.0,0.28147945024036,0.0,0.0,0.3963385856614725,0.4321631665645178,0.0,0.0,0.0,0.3859370248690086,0.4585226332557225,0.4363542641163173,0.4448194556526985,0.4768534947682704,0.4400482839085804,0.4095054773588758,0.4654882979110996,0.4583919738277803,0.4312976408769968,0.4403675899513332,0.4205190350157401,0.4163537767547652,0.0,0.0,0.0,0.5101535567592204,0.0,0.0,0.0,0.0,0.5643808985546553,0.0,0.0,0.5253610745235398,0.0,0.5430632627008062,0.5441400386525806,0.0,0.5385710506778059,0.0,0.0,0.5114200362107979,0.0,0.0,0.0,0.0,0.5576794030618127,0.0,0.0,0.0,0.5472720650454468,0.0,0.0,0.0,0.5332719073788057,0.0,0.0,0.0,0.0
0.4386892818266503,0.0,0.4123688127125687,0.2283951243941734,0.4124110619644495,0.4814841837368246,0.4352541196512926,0.4397353980860522,0.4752623002254291,0.0,0.4381095169241399,0.2966157126762819,0.4179755287550271,0.3887931313753305,0.0,0.0,0.3290892680960944,0.3623315019351139,0.4286336521005914,0.0,0.0,0.4276879894602765,0.4283237875058769,0.3472203485221846,0.3551212458044779,0.3488359778220713,0.4295273912059359,0.4084014283045138,0.0,0.0,0.3438890417574989,0.3340054898520551,0.3121686756152103,0.3394700929259006,0.3114530123067439,0.3013361240969661,0.2778646963723303,0.2819931388740352,0.27511738949541,0.3937556092738121,0.3752205700500188,0.0,0.0,0.0,0.3642172922508296,0.0,0.0,0.0,0.0,0.0,0.0,0.0,0.0,0.0,0.4856203154625139,0.0,0.4746060035261748,0.0,0.0,0.0,0.0,0.4887261331459295,0.4299813270479744,0.0,0.0,0.0,0.0,0.0,0.4619674561208203,0.4811174827442337,0.4988884084433116,0.0,0.4300709714588598,0.0,0.0,0.4358430925059061
0.0,0.0,0.3245929343065432,0.3526507298198892,0.3344261479844443,0.383867843349262,0.4107216723423791,0.3751594704052174,0.3418766015988125,0.4381095169241399,0.0,0.3848085367735876,0.4222387391540551,0.312755527199511,0.0,0.0,0.0,0.0,0.2683868808880278,0.0,0.0,0.0,0.2977066873415173,0.0,0.0,0.0,0.3785712782122163,0.4356985620278121,0.0,0.0,0.4633987535261299,0.374205657958753,0.3512997552199209,0.4423337897496601,0.4220297247393069,0.2832739498439614,0.4065253021014396,0.3773030547366415,0.4002949412175784,0.0,0.0,0.0,0.430935781734249,0.0,0.0,0.0,0.0,0.3192485853566172,0.0,0.4726845975495179,0.472259450207737,0.4374702753976363,0.4832421498320192,0.5261936071641508,0.0,0.2549534099504996,0.0,0.4125730738965992,0.0,0.0,0.0,0.0,0.0,0.2191295201600839,0.0,0.0,0.0,0.5169465057549959,0.0,0.0,0.0,0.4953165100077923,0.0,0.0,0.0,0.0
0.4208907426478162,0.0,0.0,0.0,0.3613251117261068,0.0,0.3539903179204872,0.0,0.3939497518179933,0.2966157126762819,0.3848085367735876,0.0,0.3558867801151438,0.0,0.0,0.0,0.3568175391599368,0.3916647338627631,0.0,0.0,0.0,0.0,0.0,0.2951638632161106,0.3574178751192526,0.3540683487754646,0.0,0.342975697524547,0.0,0.0,0.3379891517575806,0.2157761419593722,0.2869218394046812,0.215667563856599,0.2619909362009766,0.2565956502589346,0.2686594060553893,0.2038643638524592,0.2232615216234191,0.3338557599819147,0.2224318034837512,0.0,0.0,0.0,0.3937407096387675,0.0,0.0,0.0,0.0,0.0,0.0,0.0,0.0,0.0,0.4868520132010416,0.0,0.4717901113297326,0.0,0.0,0.0,0.0,0.4981066576307534,0.4505156037954593,0.0,0.0,0.0,0.0,0.0,0.4610451259370179,0.4815587862678043,0.4893179183500266,0.0,0.0,0.0,0.0,0.4239789675377673
0.0,0.4141718530839135,0.457410770698186,0.2870275946782372,0.3679133991715625,0.4173151985666612,0.3521687499322904,0.427075197455559,0.3597591732675081,0.4179755287550271,0.4222387391540551,0.3558867801151438,0.0,0.3348431094749188,0.414564916981006,0.448760878821683,0.4286453958300924,0.464525804841846,0.4391076276727187,0.4275417562968938,0.4245531302324392,0.4420035590315035,0.43702471913978,0.3845858625639877,0.4393404221443164,0.4375374702428093,0.4342341638353259,0.3432712244905865,0.3999586425712902,0.412142038967616,0.4065724844882667,0.387917824839425,0.3801991351803687,0.3918732939265492,0.3714719689966824,0.3215293243373147,0.3116139027165238,0.3625704880604855,0.3368266437149541,0.0,0.0,0.0,0.3360337946372558,0.0,0.0,0.0,0.0,0.4619166245346669,0.0,0.0,0.4581928716274991,0.0,0.4528142157821305,0.0,0.0,0.0,0.0,0.0,0.0,0.0,0.0,0.0,0.0,0.0,0.0,0.0,0.0,0.4931332937303806,0.0,0.0,0.0,0.483859122409663,0.0,0.426586276610875,0.0,0.0
0.0,0.0,0.4374475640812792,0.2446596573760178,0.2917712722345612,0.4292455334107246,0.3302174917164193,0.3277956319413653,0.4496029431425686,0.3887931313753305,0.312755527199511,0.0,0.3348431094749188,0.0,0.0,0.0,0.0,0.0,0.4052469083896685,0.0,0.4300361110636181,0.0,0.3838380260046861,0.0,0.0,0.0,0.4472306324500905,0.2706992904745817,0.0,0.0,0.4312020573278607,0.23278814379715,0.0,0.3897968149492622,0.0,0.1906894031216022,0.1879681757045826,0.0,0.0,0.0,0.0,0.0,0.0,0.0,0.0,0.0,0.0,0.4403718015199817,0.0,0.0,0.0,0.0,0.0,0.4721319259334207,0.0,0.4385891488012476,0.0,0.0,0.0,0.0,0.0,0.0,0.0,0.0,0.0,0.0,0.0,0.4784823414430001,0.0,0.0,0.0,0.0,0.0,0.0,0.0,0.0
0.3648228442838566,0.407034837245647,0.0,0.0,0.0,0.4275981979761555,0.0,0.4125663073119719,0.0,0.0,0.0,0.0,0.414564916981006,0.0,0.0,0.4221573624833362,0.0,0.4172224194753753,0.0,0.3523314830541248,0.3898711418990701,0.3548991561309088,0.3782819666434743,0.4388507493552169,0.3964112732731987,0.3203057903063677,0.4038790288256206,0.4190284060957016,0.396464325622622,0.0,0.4043554754706099,0.4185849863336232,0.4003688099525023,0.4090728384879129,0.4421225527631469,0.4839743425227138,0.0,0.0,0.4604762388201168,0.4965399386596793,0.4934638214288792,0.5095550177707828,0.0,0.0,0.0,0.0,0.5116126899324919,0.0,0.0,0.0,0.4693260470999054,0.0,0.5181800366544094,0.0,0.0,0.0,0.0,0.0,0.0,0.4830228095433648,0.444869550346628,0.0,0.0,0.0,0.4841036383152548,0.4636106980935051,0.500154024934522,0.4887096911451117,0.0,0.0,0.5337009585439785,0.5011686177531323,0.4566184120868286,0.476994039806516,0.0,0.4734913133751393
0.4329631483926018,0.4379718859008638,0.0,0.0,0.0,0.4243172082293054,0.4339559523606734,0.4309211955161079,0.0,0.0,0.0,0.0,0.448760878821683,0.0,0.4221573624833362,0.0,0.3841707710088484,0.3663498459815509,0.0,0.4104879211622925,0.41467404705649,0.4100481921263521,0.4179361445384531,0.0,0.4604141092861971,0.4330095532843016,0.4209473351678723,0.432327536855743,0.4189966436638443,0.4152003010682863,0.3819126501372137,0.4261850855784111,0.3923582053863484,0.3877980256414553,0.4198899453088314,0.0,0.0,0.0,0.4462425628757962,0.4192321972238202,0.4164503423399818,0.0,0.0,0.0,0.0,0.466123178818586,0.4651151082148052,0.0,0.0,0.0,0.0,0.0,0.0,0.0,0.0,0.0,0.0,0.0,0.0,0.459383502112594,0.4524368976043709,0.0,0.4310164720658251,0.0,0.4232564119624882,0.4503021344764357,0.448302202338285,0.0,0.0,0.4524039681759748,0.4845683740398669,0.0,0.0,0.0,0.0,0.4108266945737535
0.0,0.0,0.0,0.0,0.0,0.0,0.4137246780201858,0.0,0.0,0.3290892680960944,0.0,0.3568175391599368,0.4286453958300924,0.0,0.0,0.3841707710088484,0.0,0.3032099264017343,0.0,0.0,0.0,0.3236524286090007,0.0,0.3720049387350718,0.3573606545389983,0.3812146524803148,0.0,0.4336930780131621,0.0,0.0,0.3529035104318427,0.4274568019202704,0.3649367552901075,0.3691562296588966,0.3786790756360328,0.0,0.0,0.3306892961442498,0.0,0.3939292503657985,0.0,0.0,0.0,0.0,0.0,0.0,0.0,0.0,0.0,0.0,0.0,0.0,0.0,0.0,0.4819636853806515,0.0,0.514831411304971,0.0,0.0,0.0,0.0,0.4377480562442755,0.4315024090305915,0.0,0.0,0.0,0.0,0.0,0.0,0.4381546202615036,0.4661828439879034,0.0,0.0,0.0,0.0,0.0
0.4397132712643316,0.4363334293245736,0.0,0.0,0.0,0.5146798956127662,0.4295576217275941,0.4650051952663571,0.0,0.3623315019351139,0.0,0.3916647338627631,0.464525804841846,0.0,0.4172224194753753,0.3663498459815509,0.3032099264017343,0.0,0.0,0.4058425105259625,0.412895203909676,0.4145374707622716,0.4408038518997142,0.4128063439434178,0.401056013802663,0.4204533083047884,0.4465852362742208,0.4492298895500631,0.4157667384310807,0.0,0.3985958401285268,0.4465681439279413,0.3899533898150516,0.3957798819844956,0.4291194838057546,0.0,0.0,0.0,0.433969140840536,0.4157473087912784,0.4252771427056865,0.4566729983525175,0.0,0.0,0.0,0.4742676930422842,0.4598297312384395,0.0,0.0,0.0,0.0,0.0,0.0,0.0,0.4462963445376189,0.0,0.4507858948890451,0.0,0.0,0.0,0.450652485417351,0.4364158925947908,0.4309432043530201,0.0,0.0,0.0,0.4331579938948598,0.0,0.4664971445289989,0.4427135296058698,0.4703337173681673,0.0,0.0,0.0,0.0,0.4273533945663039
0.0,0.0,0.2554675773542342,0.3879225924533356,0.357774548969728,0.4444372861558689,0.4130953591318147,0.4695801733684912,0.28147945024036,0.4286336521005914,0.2683868808880278,0.0,0.4391076276727187,0.4052469083896685,0.0,0.0,0.0,0.0,0.0,0.0,0.0,0.0,0.2877452733199191,0.0,0.0,0.0,0.3707631115328622,0.4470402378929458,0.0,0.0,0.4750936160112706,0.4206098287294501,0.0,0.4685347584130789,0.4535050438090893,0.3886709363267622,0.4341459221866985,0.0,0.4466524335390507,0.0,0.0,0.0,0.5026409662543992,0.0,0.0,0.0,0.0,0.5408932330217956,0.0,0.0,0.5091533389676741,0.0,0.5357499610684605,0.5519694312330028,0.0,0.5442957692365313,0.0,0.0,0.521467155343587,0.0,0.0,0.0,0.0,0.3059018542790758,0.0,0.0,0.0,0.5408296247682393,0.0,0.0,0.0,0.5277339909805357,0.0,0.0,0.0,0.0
0.4264712013919876,0.3925495320792115,0.0,0.0,0.4087008241194611,0.4003257790447515,0.4158613280835088,0.3974331278332487,0.0,0.0,0.0,0.0,0.4275417562968938,0.0,0.3523314830541248,0.4104879211622925,0.0,0.4058425105259625,0.0,0.0,0.4235785743699727,0.36255221377653,0.3181090692063079,0.0,0.3871988908137011,0.4164252754017333,0.3415419738326107,0.4026043386970844,0.3447399073096904,0.3021422178100696,0.3824639917580342,0.4158070567745002,0.3714407327375263,0.4058864081074852,0.4352040995779118,0.4613575086944443,0.4248529679693947,0.0,0.4291010186314606,0.4269366267545802,0.4299214302687308,0.4696934229878675,0.0,0.0,0.0,0.0,0.4315675002478389,0.0,0.0,0.0,0.4508031208575427,0.0,0.4915552452385113,0.0,0.0,0.0,0.0,0.0,0.0,0.4754430642096711,0.0,0.0,0.0,0.0,0.46883435007672,0.4735224784548668,0.4628915352176895,0.4950726982994411,0.0,0.0,0.4598723224378355,0.4923493653698828,0.4679903935632034,0.4616366931777598,0.0,0.4486082137014663
0.3555874182348139,0.3976935995929861,0.0,0.0,0.0,0.4094588023015466,0.0,0.3672881115178334,0.0,0.0,0.0,0.0,0.4245531302324392,0.4300361110636181,0.3898711418990701,0.41467404705649,0.0,0.412895203909676,0.0,0.4235785743699727,0.0,0.4148106653022472,0.3590947415183385,0.4643267901311955,0.409990691141797,0.4262338776693852,0.4158468703140641,0.4477703557479092,0.3934841156104368,0.4541040439325508,0.3810168445629258,0.3897002121743755,0.3819915908326571,0.3768943224776423,0.4189229762881398,0.3708947068635564,0.0,0.0,0.4689034033657299,0.4863863828307281,0.4846042553403501,0.0,0.0,0.0,0.0,0.3974594647922456,0.4948212628049668,0.0,0.0,0.0,0.4692397887449993,0.0,0.4427057791602319,0.0,0.0,0.0,0.0,0.0,0.0,0.4489971491889086,0.4544654277052261,0.0,0.0,0.0,0.4796196407834851,0.4183910721327874,0.4854358956193949,0.4696927020605064,0.0,0.4027217098062032,0.4936398759373919,0.498966590519846,0.4808115029554645,0.4698136993751047,0.0,0.4815766408967354
0.4082149095248035,0.3715003188258559,0.0,0.0,0.4004705012260214,0.4082640187215401,0.4279761014783677,0.3928975203822699,0.3963385856614725,0.4276879894602765,0.0,0.0,0.4420035590315035,0.0,0.3548991561309088,0.4100481921263521,0.3236524286090007,0.4145374707622716,0.0,0.36255221377653,0.4148106653022472,0.0,0.4208923461829772,0.0,0.4212799738126721,0.3952148723569598,0.4093650221607934,0.4325599020126826,0.4038406760439027,0.3562699118091031,0.3847818226614423,0.4138047485060911,0.3891816549375088,0.396303701792666,0.4379642212614317,0.4660676868114218,0.0,0.0,0.4515901576486374,0.4442152290869753,0.4640386473546376,0.492969809467766,0.0,0.0,0.0,0.4756701665812547,0.4569875555388974,0.0,0.0,0.0,0.4179963585904929,0.0,0.0,0.0,0.0,0.0,0.0,0.0,0.0,0.4922622759472005,0.4262659885980744,0.0,0.3465585547192791,0.0,0.466133485112276,0.463693995396928,0.47655272187801,0.4819076785222633,0.0,0.423362481018289,0.4861450384064161,0.4836679383476192,0.0,0.4584833731191267,0.0,0.4168071115609661
0.4117956162069171,0.4177967270558121,0.3024792152605999,0.379264710592895,0.4116158046207718,0.4254662239391059,0.434800591376253,0.3718170346685282,0.4321631665645178,0.4283237875058769,0.2977066873415173,0.0,0.43702471913978,0.3838380260046861,0.3782819666434743,0.4179361445384531,0.0,0.4408038518997142,0.2877452733199191,0.3181090692063079,0.3590947415183385,0.4208923461829772,0.0,0.4562479064848714,0.4257318664932961,0.4385943489540595,0.3742763253506342,0.4316459100097413,0.3902731377432607,0.4164513065761692,0.4332025144023765,0.4069120430211925,0.3511998987845067,0.4303578014602189,0.434225843172326,0.3600996761074854,0.4219439842421779,0.0,0.4827011553853891,0.4828705805822318,0.5021676611658413,0.5017940333453075,0.4569911974418398,0.0,0.0,0.0,0.4441625510855166,0.5257479352445088,0.0,0.4732493065650898,0.4982448216504562,0.4965015773541996,0.450208890898985,0.532268366689306,0.0,0.5284166041959552,0.0,0.4906246781973435,0.4784326769219307,0.4792886790415517,0.0,0.0,0.0,0.5546259819572988,0.4918726733044648,0.4608365202043677,0.4812779472893805,0.4889090856472082,0.0,0.0,0.4716517846681034,0.4972460720817082,0.4925790766594221,0.4860548200292592,0.4925168235699678,0.503135997865691
0.3664012977491394,0.0,0.0,0.0,0.0,0.0,0.3970106105376985,0.4876150809799097,0.0,0.3472203485221846,0.0,0.2951638632161106,0.3845858625639877,0.0,0.4388507493552169,0.0,0.3720049387350718,0.4128063439434178,0.0,0.0,0.4643267901311955,0.0,0.4562479064848714,0.0,0.4110727409208454,0.3801517019613789,0.3413098022526568,0.3861596061503128,0.0,0.0,0.3653548874978599,0.2860853601154317,0.2120277240269825,0.2554056649669469,0.2895503461970709,0.3239412758480507,0.0,0.2360216853249887,0.3240537348237897,0.2605675545293618,0.2509964813171796,0.0,0.0,0.0,0.2255133238554929,0.4114164547530284,0.0,0.0,0.0,0.0,0.0,0.0,0.0,0.0,0.4280704832143309,0.0,0.28591749987112,0.0,0.0,0.0,0.4844239840153236,0.4416694856891686,0.4326911386403171,0.0,0.0,0.0,0.0,0.0,0.4037807279220893,0.4464937641069195,0.4611306085873534,0.0,0.0,0.0,0.0,0.3610577314804549
0.4148009498701174,0.4020814729513409,0.0,0.0,0.4081173109497251,0.420580610408972,0.418492668713679,0.4712860542871611,0.0,0.3551212458044779,0.0,0.3574178751192526,0.4393404221443164,0.0,0.3964112732731987,0.4604141092861971,0.3573606545389983,0.401056013802663,0.0,0.3871988908137011,0.409990691141797,0.4212799738126721,0.4257318664932961,0.4110727409208454,0.0,0.3881149919493648,0.4229360150004021,0.4354064727142649,0.3978876366461328,0.0,0.4101746599353204,0.4160564552297195,0.3611379597751858,0.3795631109001113,0.3926152813229401,0.0,0.0,0.3532463614309495,0.4589151525249181,0.4352024376763648,0.4365453586930022,0.4581060265440113,0.0,0.0,0.0,0.477981871035603,0.4712585606358216,0.0,0.0,0.0,0.0,0.0,0.0,0.0,0.4836524232513954,0.0,0.4818301430109316,0.0,0.0,0.0,0.4641108578709558,0.4635400864302319,0.4462367850584313,0.0,0.4037782019749548,0.4296396748134092,0.4918742724265913,0.0,0.4924061342608702,0.4587688943253943,0.4836576373147014,0.0,0.0,0.0,0.0,0.4436325183659356
0.3832737276111702,0.413457795507452,0.0,0.0,0.0,0.4293229549015507,0.4054781046420332,0.4811591190160139,0.0,0.3488359778220713,0.0,0.3540683487754646,0.4375374702428093,0.0,0.3203057903063677,0.4330095532843016,0.3812146524803148,0.4204533083047884,0.0,0.4164252754017333,0.4262338776693852,0.3952148723569598,0.4385943489540595,0.3801517019613789,0.3881149919493648,0.0,0.438020189030451,0.4605433065824135,0.3824868404887921,0.0,0.3955281597009937,0.4139873660458286,0.3876323380056028,0.3868598852681662,0.4080561972256106,0.4147843275091179,0.0,0.3762590291212316,0.4656626268500818,0.4605850636817113,0.4584410796312473,0.4775006760933732,0.0,0.0,0.4050584675473764,0.4715893992978179,0.4887777772045362,0.0,0.0,0.0,0.0,0.0,0.0,0.0,0.5252235973045012,0.0,0.5195891707830206,0.0,0.0,0.5084450386199304,0.479499729489975,0.4847213240137851,0.4679965304091598,0.0,0.4839930183655963,0.4763935619798962,0.4925151667829019,0.4545258512913522,0.4935181140262425,0.4782067858041173,0.4945743544600652,0.4556505475762635,0.0,0.4434521713008311,0.0,0.4666158588605105
0.4018052456341563,0.4026577683271318,0.3244088101172692,0.3973094410146214,0.4110217506007324,0.412429249953678,0.432619416560385,0.4469989979901633,0.3859370248690086,0.4295273912059359,0.3785712782122163,0.0,0.4342341638353259,0.4472306324500905,0.4038790288256206,0.4209473351678723,0.0,0.4465852362742208,0.3707631115328622,0.3415419738326107,0.4158468703140641,0.4093650221607934,0.3742763253506342,0.3413098022526568,0.4229360150004021,0.438020189030451,0.0,0.4264124532242495,0.3736638433749802,0.3932188678075357,0.4033076133388238,0.4068933490435009,0.3559841259256304,0.4185837777230132,0.4266538098165082,0.4222442431598984,0.4178033373585023,0.0,0.4679129050880276,0.0,0.5032087112647399,0.4886779066044682,0.4537575668532511,0.0,0.0,0.0,0.4131679129898897,0.5431059057242476,0.0,0.0,0.499233697682918,0.4954797848175379,0.5022073024864706,0.5466060781196278,0.0,0.5381801297853869,0.0,0.4818950263657939,0.4775275523425678,0.4767041223374615,0.0,0.0,0.0,0.5544055940852594,0.4859345561099782,0.4804912024148079,0.4931389495259786,0.5050279547163875,0.0,0.0,0.4752317268070912,0.4987516041824246,0.4902453651262417,0.4801335192320643,0.4778406032621791,0.5014647456115534
0.4270828647919525,0.4187676971036858,0.4751591848625081,0.2331305509053697,0.36232061487169,0.4295212935966853,0.3637425549629616,0.4243756839391598,0.4585226332557225,0.4084014283045138,0.4356985620278121,0.342975697524547,0.3432712244905865,0.2706992904745817,0.4190284060957016,0.432327536855743,0.4336930780131621,0.4492298895500631,0.4470402378929458,0.4026043386970844,0.4477703557479092,0.4325599020126826,0.4316459100097413,0.3861596061503128,0.4354064727142649,0.4605433065824135,0.4264124532242495,0.0,0.352844993697846,0.3458714588823794,0.3962212209203359,0.3967776291675445,0.3674498586980486,0.4009236586130194,0.4151801170419983,0.2696642918758749,0.2623696660701528,0.3581787515310076,0.3656528942053829,0.0,0.376324528052988,0.3490485253262387,0.0,0.0,0.0,0.0,0.0,0.0,0.0,0.0,0.4776693152739193,0.0,0.4666570679425092,0.0,0.0,0.0,0.0,0.0,0.0,0.4590685066445947,0.0,0.0,0.0,0.0,0.4892703375105238,0.495538536633209,0.0,0.4954218764881415,0.0,0.0,0.0,0.4958335774228076,0.4639908918678436,0.4758711122791374,0.0,0.4577637755855632
0.4113928148340864,0.3976012672079618,0.0,0.0,0.0,0.3575757328258181,0.4208224330488159,0.3799937877944442,0.4363542641163173,0.0,0.0,0.0,0.3999586425712902,0.0,0.396464325622622,0.4189966436638443,0.0,0.4157667384310807,0.0,0.3447399073096904,0.3934841156104368,0.4038406760439027,0.3902731377432607,0.0,0.3978876366461328,0.3824868404887921,0.3736638433749802,0.352844993697846,0.0,0.3647054803653384,0.3754848026563542,0.3786726136665959,0.3300869616171621,0.4043571214531774,0.4236250794924007,0.3857114892038544,0.3759058851565245,0.0,0.4456054981075993,0.0,0.4662953246252548,0.4477859125676581,0.0,0.0,0.0,0.0,0.3946098385736221,0.0,0.0,0.0,0.4607582661087583,0.0,0.4468819360895272,0.0,0.0,0.0,0.0,0.4021310970764823,0.0,0.4600850242753992,0.0,0.0,0.0,0.0,0.4697704488016099,0.4608621324267849,0.4303699464978311,0.4817274615130983,0.0,0.0,0.4008379789235365,0.484363143874905,0.4607571417739676,0.4571536174849235,0.0,0.4684463946310029
0.0,0.0,0.4487046428179492,0.0,0.0,0.4451811922940303,0.0,0.4029247842062852,0.4448194556526985,0.0,0.0,0.0,0.412142038967616,0.0,0.0,0.4152003010682863,0.0,0.0,0.0,0.3021422178100696,0.4541040439325508,0.3562699118091031,0.4164513065761692,0.0,0.0,0.0,0.3932188678075357,0.3458714588823794,0.3647054803653384,0.0,0.3179866723215871,0.4077145754241771,0.0,0.3797535270901841,0.4109531959589989,0.0,0.0,0.0,0.3493644342553961,0.0,0.0,0.0,0.0,0.0,0.0,0.0,0.0,0.0,0.0,0.0,0.0,0.0,0.0,0.0,0.0,0.0,0.0,0.0,0.0,0.0,0.0,0.0,0.0,0.0,0.0,0.0,0.0,0.5052459968316443,0.0,0.0,0.0,0.5008757370391506,0.0,0.0,0.0,0.0
0.3802191359838897,0.3600167556594639,0.4858921063778025,0.0,0.4462370230501915,0.4704644809249472,0.4181864805647796,0.4464704349939896,0.4768534947682704,0.3438890417574989,0.4633987535261299,0.3379891517575806,0.4065724844882667,0.4312020573278607,0.4043554754706099,0.3819126501372137,0.3529035104318427,0.3985958401285268,0.4750936160112706,0.3824639917580342,0.3810168445629258,0.3847818226614423,0.4332025144023765,0.3653548874978599,0.4101746599353204,0.3955281597009937,0.4033076133388238,0.3962212209203359,0.3754848026563542,0.3179866723215871,0.0,0.3902914087300986,0.342936705005271,0.2716809784431644,0.2169666627396023,0.4179798121858849,0.0,0.2985849558024347,0.4461531414058923,0.407163700849422,0.0,0.0,0.0,0.0,0.0,0.3987751771279182,0.4450022894825844,0.0,0.0,0.0,0.4846923408029652,0.0,0.0,0.0,0.4535144726916345,0.0,0.418596955548328,0.0,0.0,0.4691372247602661,0.4442680956648054,0.0,0.445983373409522,0.0,0.4528798188406758,0.4226983047698229,0.4541462671327942,0.5016519207101678,0.0,0.4609065124627253,0.4608597129369343,0.4972651847988771,0.4568066293373761,0.4454702625286516,0.0,0.4130722015302395
0.4095204045406909,0.3976717014468124,0.4493310750193201,0.2761169932219288,0.3503191932816862,0.4226635702120884,0.3794932197571318,0.3433247525261224,0.4400482839085804,0.3340054898520551,0.374205657958753,0.2157761419593722,0.387917824839425,0.23278814379715,0.4185849863336232,0.4261850855784111,0.4274568019202704,0.4465681439279413,0.4206098287294501,0.4158070567745002,0.3897002121743755,0.4138047485060911,0.4069120430211925,0.2860853601154317,0.4160564552297195,0.4139873660458286,0.4068933490435009,0.3967776291675445,0.3786726136665959,0.4077145754241771,0.3902914087300986,0.0,0.3272758414703562,0.3484451321795759,0.355394030842564,0.2857280658963038,0.2837842588859857,0.2572996602020986,0.2554512192292897,0.3102817361131853,0.3160434060939134,0.3221990665749548,0.2576678010762802,0.2464243156361553,0.2416598205588097,0.4356824297043014,0.462942915212784,0.4592026511696053,0.0,0.0,0.4794478831167744,0.0,0.4448462635250549,0.4027228012332252,0.4873647897130607,0.4368339698941413,0.2088108675029241,0.3201860295013086,0.0,0.4594917184879125,0.4848545626891245,0.0,0.4410256276837097,0.4452383570170619,0.420343076568565,0.4374056604458545,0.4554807369283707,0.4867477993075178,0.0,0.4727159327836037,0.4735986355195813,0.4794833572322672,0.3197447986147143,0.4447186701263019,0.0,0.462797110982901
0.3880679323315147,0.3619354144993377,0.0,0.0,0.3624278163920206,0.3735288135224775,0.3550253204440506,0.4542232438970692,0.4095054773588758,0.3121686756152103,0.3512997552199209,0.2869218394046812,0.3801991351803687,0.0,0.4003688099525023,0.3923582053863484,0.3649367552901075,0.3899533898150516,0.0,0.3714407327375263,0.3819915908326571,0.3891816549375088,0.3511998987845067,0.2120277240269825,0.3611379597751858,0.3876323380056028,0.3559841259256304,0.3674498586980486,0.3300869616171621,0.0,0.342936705005271,0.3272758414703562,0.0,0.2526255351611665,0.3712367510054341,0.2864883417452499,0.2520652174875746,0.1994871786834224,0.2899940767873762,0.2621041934565176,0.3025433916689546,0.3408441719457494,0.0,0.0,0.2546101812184789,0.434437626423571,0.440534681070123,0.0,0.0,0.0,0.0,0.0,0.0,0.0,0.385358799893702,0.0,0.379568882478129,0.0,0.0,0.4787078254976962,0.4195815162957086,0.4119116091315905,0.4449717874364007,0.0,0.4146358434879658,0.4244490751060393,0.4498563243955654,0.4688042634199674,0.3743756739449109,0.4325075535020932,0.4644370851286008,0.4518473378138283,0.0,0.4104068034179916,0.0,0.3811373681755929
0.3955194976147799,0.3599831806831711,0.4808313556248971,0.2434306801579191,0.4159737608543109,0.459965176006319,0.3931766007264133,0.4435524329556694,0.4654882979110996,0.3394700929259006,0.4423337897496601,0.215667563856599,0.3918732939265492,0.3897968149492622,0.4090728384879129,0.3877980256414553,0.3691562296588966,0.3957798819844956,0.4685347584130789,0.4058864081074852,0.3768943224776423,0.396303701792666,0.4303578014602189,0.2554056649669469,0.3795631109001113,0.3868598852681662,0.4185837777230132,0.4009236586130194,0.4043571214531774,0.3797535270901841,0.2716809784431644,0.3484451321795759,0.2526255351611665,0.0,0.2369288218947261,0.3318234280606104,0.2760446275675613,0.2197521527560776,0.2989188064786942,0.3036329070076821,0.2962527072858961,0.3442309686973774,0.2558686596743403,0.0,0.2849768337858126,0.4071021532414411,0.4496430395869287,0.0,0.0,0.0,0.4835183599693117,0.0,0.0,0.0,0.3891131857498929,0.0,0.3582472978247519,0.0,0.0,0.4741960594226602,0.4394146584766036,0.0,0.4404320701335624,0.0,0.4579691820510911,0.4101694939005855,0.4590482411565006,0.4962716512585394,0.3327621356666201,0.4452110444522216,0.4659817956593071,0.4967178567651504,0.3584530750780628,0.4663894918109983,0.0,0.4187202795258619
0.3797536747640772,0.3947949688595348,0.4565172602144878,0.2948580859604795,0.4058149429608019,0.4535002190239634,0.3795217427553892,0.0,0.4583919738277803,0.3114530123067439,0.4220297247393069,0.2619909362009766,0.3714719689966824,0.0,0.4421225527631469,0.4198899453088314,0.3786790756360328,0.4291194838057546,0.4535050438090893,0.4352040995779118,0.4189229762881398,0.4379642212614317,0.434225843172326,0.2895503461970709,0.3926152813229401,0.4080561972256106,0.4266538098165082,0.4151801170419983,0.4236250794924007,0.4109531959589989,0.2169666627396023,0.355394030842564,0.3712367510054341,0.2369288218947261,0.0,0.3454224545342176,0.3232391995605566,0.2778640314828307,0.3164688524032231,0.2944271101993354,0.3048815040667834,0.3745515409965184,0.2725923507243958,0.2724140517985032,0.274613524230529,0.0,0.4537986655905255,0.0,0.0,0.0,0.0,0.0,0.0,0.0,0.0,0.0,0.2564383912727306,0.0,0.0,0.489733341298348,0.4413423702601648,0.0,0.4406413230468161,0.0,0.4239619542946218,0.0,0.4809612506356725,0.4944246273767407,0.0,0.455256381090237,0.4674579811785269,0.4626952199195524,0.0,0.4088596361613645,0.0,0.0
0.0,0.0,0.4283288554446798,0.1935906733707792,0.2545310423758097,0.4237650130896045,0.3306618596414984,0.2718323508761085,0.4312976408769968,0.3013361240969661,0.2832739498439614,0.2565956502589346,0.3215293243373147,0.1906894031216022,0.4839743425227138,0.0,0.0,0.0,0.3886709363267622,0.4613575086944443,0.3708947068635564,0.4660676868114218,0.3600996761074854,0.3239412758480507,0.0,0.4147843275091179,0.4222442431598984,0.2696642918758749,0.3857114892038544,0.0,0.4179798121858849,0.2857280658963038,0.2864883417452499,0.3318234280606104,0.3454224545342176,0.0,0.2022172995762343,0.2767043012469786,0.2536854878453073,0.2758491182797123,0.2891304533706673,0.3207027385765187,0.2659215286943058,0.2417926961490907,0.0,0.0,0.0,0.4890853358746662,0.0,0.0,0.422132315265866,0.4106836268977765,0.0,0.470462135433065,0.0,0.4305350304532516,0.2664665776493696,0.3410381735035297,0.0,0.0,0.0,0.0,0.0,0.458476114060146,0.0,0.0,0.0,0.464652165264846,0.0,0.0,0.0,0.4291951875531182,0.2786109555312008,0.3563921712914412,0.0,0.0
0.0,0.0,0.4296967171199775,0.1840389116693188,0.2558989678775339,0.4276753053099681,0.3128463213368873,0.2297405172436764,0.4403675899513332,0.2778646963723303,0.4065253021014396,0.2686594060553893,0.3116139027165238,0.1879681757045826,0.0,0.0,0.0,0.0,0.4341459221866985,0.4248529679693947,0.0,0.0,0.4219439842421779,0.0,0.0,0.0,0.4178033373585023,0.2623696660701528,0.3759058851565245,0.0,0.0,0.2837842588859857,0.2520652174875746,0.2760446275675613,0.3232391995605566,0.2022172995762343,0.0,0.267057294066911,0.2640589132839548,0.0,0.2767443579537447,0.3124706802204208,0.0,0.0,0.0,0.0,0.0,0.0,0.0,0.0,0.0,0.0,0.0,0.0,0.0,0.0,0.0,0.0,0.0,0.0,0.0,0.0,0.0,0.0,0.0,0.0,0.0,0.0,0.0,0.0,0.0,0.0,0.0,0.0,0.0,0.0
0.0,0.0,0.0,0.0,0.3462737865579266,0.0,0.3725123503287976,0.0,0.4205190350157401,0.2819931388740352,0.3773030547366415,0.2038643638524592,0.3625704880604855,0.0,0.0,0.0,0.3306892961442498,0.0,0.0,0.0,0.0,0.0,0.0,0.2360216853249887,0.3532463614309495,0.3762590291212316,0.0,0.3581787515310076,0.0,0.0,0.2985849558024347,0.2572996602020986,0.1994871786834224,0.2197521527560776,0.2778640314828307,0.2767043012469786,0.267057294066911,0.0,0.2547589005224471,0.2461194084992942,0.2716921608928928,0.0,0.0,0.0,0.264168608520362,0.0,0.0,0.0,0.0,0.0,0.0,0.0,0.0,0.0,0.3780175224680541,0.0,0.358415967253533,0.0,0.0,0.0,0.0,0.0,0.0,0.0,0.0,0.0,0.0,0.0,0.3511526238195522,0.0,0.4160932672308607,0.0,0.0,0.0,0.0,0.0
0.4439601265534378,0.4672414626397448,0.4882680651078694,0.0,0.0,0.4582438042402653,0.0,0.440610596256222,0.4163537767547652,0.27511738949541,0.4002949412175784,0.2232615216234191,0.3368266437149541,0.0,0.4604762388201168,0.4462425628757962,0.0,0.433969140840536,0.4466524335390507,0.4291010186314606,0.4689034033657299,0.4515901576486374,0.4827011553853891,0.3240537348237897,0.4589151525249181,0.4656626268500818,0.4679129050880276,0.3656528942053829,0.4456054981075993,0.3493644342553961,0.4461531414058923,0.2554512192292897,0.2899940767873762,0.2989188064786942,0.3164688524032231,0.2536854878453073,0.2640589132839548,0.2547589005224471,0.0,0.3243973599123821,0.3627075272915232,0.3756363979735448,0.28276323092134,0.306846251199675,0.2584337737603727,0.3996256168122566,0.4049880881030304,0.4297396327004599,0.2922387262043597,0.3534511646159975,0.406289009737635,0.3908066477453254,0.3751524032602282,0.4267889047413034,0.3877783801348251,0.3763640184480729,0.2510216621023841,0.3885766421862447,0.2785280812779855,0.4126306440144707,0.4231883074024222,0.4154773930485097,0.4142372387687059,0.4113129514424025,0.4153522737656935,0.3855474482755017,0.405174243268821,0.4079502525209765,0.3249521084425942,0.4025554630018208,0.4010208064701031,0.4159626390232439,0.3710302890299156,0.3992570759738838,0.3883196595433152,0.3896837600653757
0.433881759587195,0.4499683330214699,0.0,0.0,0.0,0.0,0.0,0.0,0.0,0.3937556092738121,0.0,0.3338557599819147,0.0,0.0,0.4965399386596793,0.4192321972238202,0.3939292503657985,0.4157473087912784,0.0,0.4269366267545802,0.4863863828307281,0.4442152290869753,0.4828705805822318,0.2605675545293618,0.4352024376763648,0.4605850636817113,0.0,0.0,0.0,0.0,0.407163700849422,0.3102817361131853,0.2621041934565176,0.3036329070076821,0.2944271101993354,0.2758491182797123,0.0,0.2461194084992942,0.3243973599123821,0.0,0.2646788157977713,0.3756409642941348,0.3063279202984936,0.2582821817346128,0.1982417117284797,0.3659637866846899,0.3626268508528532,0.0,0.0,0.4128386314562961,0.3972021801387728,0.3981395479918276,0.4021311182495853,0.4031623754090122,0.3322656745753004,0.4286338301656356,0.2588257112210047,0.3779049200088872,0.0,0.3854822524921165,0.3716353080200153,0.3558784162568263,0.3487015281213801,0.0,0.369512494329998,0.3571514849653604,0.3733405639364366,0.4047325038055778,0.3011246134604257,0.342182931482204,0.3781386710774315,0.386942213324137,0.3540160597738344,0.3555201686435597,0.3446724384248384,0.329389956549463
0.3793767390572261,0.4451122257536909,0.0,0.0,0.0,0.4863825108409657,0.0,0.4896734631919491,0.0,0.3752205700500188,0.0,0.2224318034837512,0.0,0.0,0.4934638214288792,0.4164503423399818,0.0,0.4252771427056865,0.0,0.4299214302687308,0.4846042553403501,0.4640386473546376,0.5021676611658413,0.2509964813171796,0.4365453586930022,0.4584410796312473,0.5032087112647399,0.376324528052988,0.4662953246252548,0.0,0.0,0.3160434060939134,0.3025433916689546,0.2962527072858961,0.3048815040667834,0.2891304533706673,0.2767443579537447,0.2716921608928928,0.3627075272915232,0.2646788157977713,0.0,0.2977230139682278,0.3324788501416569,0.2510653831033808,0.2059245210935669,0.3604489223058124,0.3521021345988608,0.4658507524918067,0.2793132197951204,0.3904394772109429,0.4368893167927599,0.4072943842878679,0.443587954884922,0.4574883736898793,0.3106049803560999,0.4576932065907643,0.2307274555427311,0.4063241507929674,0.3883229564283437,0.4072748618906818,0.3568623699869609,0.3724235080456735,0.3720164563352086,0.4554382246182907,0.3932863788196362,0.3738324659012181,0.3913502113091114,0.4406217814187576,0.299384947243299,0.3626310518335393,0.3768625644673304,0.424474722643552,0.3462927476536362,0.3901548896401904,0.372539278833809,0.2534299059346574
