0.0,0.3628205421603458,0.0,0.0,0.0,0.3617309971342776,0.0,0.4779606676944216,0.0,0.3412666103166226,0.0,0.3622762257628447,0.0,0.0,0.3601741484479789,0.3666032320583451,0.0,0.3672936472351173,0.0,0.3922641813795166,0.3802193975434909,0.359975997213396,0.4430347214221136,0.3402650975337323,0.3672203112725639,0.3307501281160828,0.3966904361439933,0.4388142796890467,0.4116425264607166,0.0,0.3237438456077543,0.3776937311303215,0.3090422113063042,0.30367090974213,0.3586513356375833,0.0,0.0,0.0,0.4109872628223802,0.4060685363371301,0.4371803958339543,0.0,0.0,0.0,0.0,0.3090040184852896,0.4535920592519154,0.0,0.0,0.0,0.0,0.0,0.0,0.0,0.3790362746913959,0.0,0.0,0.0,0.0,0.0,0.4418509364333638,0.0,0.420135787396069,0.0,0.0,0.2748777221966818,0.4495501174014627,0.0,0.3869693260642055,0.4141437879763082,0.4150316921101233,0.0,0.0,0.0,0.0,0.0
0.3628205421603458,0.0,0.0,0.0,0.3921776420849253,0.4047835043693564,0.4250388550007016,0.4151529952918494,0.3954198021946317,0.0,0.0,0.0,0.4317085457400834,0.0,0.3914980865928629,0.3880101873813489,0.0,0.3743260268463505,0.0,0.3769508348427346,0.3839175905496344,0.3539609341757835,0.4090413117926892,0.0,0.3543432733041314,0.3660554652130927,0.3927009084932455,0.4330321467285847,0.3983107820567606,0.0,0.3369436843635032,0.3878938622480984,0.3383933783278901,0.3485229569569246,0.3846761165668535,0.0,0.0,0.0,0.4278972867195008,0.4258830349089971,0.4343002940393098,0.446984020304881,0.0,0.0,0.0,0.4107905269737364,0.452635216209303,0.0,0.0,0.0,0.0,0.0,0.0,0.0,0.0,0.0,0.0,0.0,0.0,0.4359257457875278,0.4428251549478648,0.0,0.4418098949697179,0.0,0.4328454385330567,0.4433984075194884,0.4516829241725228,0.4056279622350269,0.0,0.442051376792773,0.4464161344400507,0.4278237933856301,0.0,0.4323931242072176,0.0,0.4174432076839011
0.0,0.0,0.0,0.0,0.3159519134206461,0.3657527955497501,0.3740616256925399,0.3750174676794987,0.2392407129584385,0.3723195126800094,0.2256961004581093,0.0,0.4029029789951773,0.3578447609950497,0.0,0.0,0.0,0.0,0.1797160526122912,0.0,0.0,0.0,0.2461424557866651,0.0,0.0,0.0,0.3222187539174705,0.4098157502684614,0.0,0.0,0.4201031158151398,0.3991774891032117,0.0,0.4333207561271741,0.463104979070616,0.3296335458954376,0.3857727430760395,0.0,0.4401900732575093,0.0,0.0,0.0,0.4520222894429833,0.0,0.0,0.0,0.0,0.3367536485440737,0.0,0.4707936204711132,0.5049931646477056,0.0,0.4602791349133641,0.520325653564486,0.0,0.2956646461523463,0.0,0.0,0.4667321213847034,0.0,0.0,0.0,0.0,0.2254094578344212,0.0,0.0,0.0,0.515107403860603,0.0,0.0,0.0,0.4957173304093768,0.0,0.0,0.0,0.0
0.0,0.0,0.0,0.0,0.292999602278074,0.3997997305886749,0.3470408181783279,0.3343637940289261,0.3769277993350057,0.3188950012046783,0.3118121354728493,0.0,0.3250957762529635,0.2340045088453189,0.0,0.0,0.0,0.0,0.3466198659158766,0.0,0.0,0.0,0.3784168402495741,0.0,0.0,0.0,0.388109288645166,0.2481323098089085,0.0,0.0,0.0,0.3020351157800764,0.0,0.2997324509355732,0.3488353015734902,0.215588846923059,0.2003881395275692,0.0,0.0,0.0,0.0,0.0,0.0,0.0,0.0,0.0,0.0,0.0,0.0,0.0,0.0,0.0,0.0,0.0,0.0,0.0,0.0,0.0,0.0,0.0,0.0,0.0,0.0,0.0,0.0,0.0,0.0,0.0,0.0,0.0,0.0,0.0,0.0,0.0,0.0,0.0
0.0,0.3921776420849253,0.3159519134206461,0.292999602278074,0.0,0.3592138697977453,0.318350214895986,0.3581951631836916,0.2991932822686464,0.3507433936274677,0.280324843972189,0.3666707540676685,0.3391747152880563,0.3033053196050654,0.0,0.0,0.0,0.0,0.3214462656931505,0.3962107073964455,0.0,0.4144915333420464,0.3681224689121188,0.0,0.3579926332630008,0.0,0.3727633559735647,0.3604161609710548,0.4051385533706932,0.0,0.4143760765942739,0.3740483449208107,0.3600036505699706,0.4120197795898593,0.4322073699180138,0.2819498123598019,0.276327103732229,0.0,0.0,0.0,0.0,0.0,0.4308660025610436,0.0,0.0,0.0,0.0,0.4507623493915364,0.0,0.0,0.0,0.0,0.4336439701349843,0.4450318125591992,0.0,0.4305835654254772,0.0,0.0,0.0,0.0,0.0,0.0,0.0,0.0,0.0,0.0,0.0,0.4824018853105529,0.0,0.0,0.0,0.4551718721690003,0.0,0.0,0.0,0.0
0.3617309971342776,0.4047835043693564,0.3657527955497501,0.3997997305886749,0.3592138697977453,0.0,0.384950165853169,0.3946123249466001,0.3164646320612938,0.3838350790576479,0.3397491370290135,0.0,0.3661166767808702,0.4033062555470711,0.3638733401204068,0.4257051882944169,0.0,0.3926313470817332,0.3358763620369161,0.3851931110774566,0.4067023354987584,0.4003664777506289,0.3573971966266079,0.0,0.3847326960870249,0.4087867109240139,0.3506938596332103,0.3713563821423186,0.3362392786850911,0.3843207406939902,0.406545969373751,0.4062321279842896,0.3835235346839823,0.4181057809861486,0.4324441507685287,0.4078999157183766,0.4177705521633987,0.0,0.4632530924000377,0.0,0.466096377287036,0.4426422050056044,0.4489915418245221,0.0,0.0,0.0,0.0,0.5078367335425151,0.0,0.0,0.4827832658767207,0.4933724982257303,0.4551289660385751,0.5163628012424136,0.0,0.4741078135023724,0.0,0.4960917371582209,0.0,0.4247006267331213,0.0,0.0,0.0,0.4918410506940491,0.4341538398081381,0.3914043749941652,0.4044990220869962,0.4948714082608738,0.0,0.0,0.0,0.4942799180101844,0.4865539811633744,0.4737192430182684,0.0,0.4722551590861568
0.0,0.4250388550007016,0.3740616256925399,0.3470408181783279,0.318350214895986,0.384950165853169,0.0,0.3974813983358452,0.3441728259137084,0.3885835382277278,0.3758862628137198,0.3713370636681248,0.3246161938160197,0.3245519300242498,0.0,0.4654733221753402,0.3755599066998114,0.4034899621145648,0.3900231300448328,0.4011814151016012,0.0,0.433491063137128,0.3837242029853449,0.3913943022837488,0.3869955347912782,0.3906924973360942,0.3949595518559536,0.3727441846187984,0.4155868513418365,0.0,0.4010277132240152,0.395539656320566,0.4037974648538293,0.4056131410500041,0.4295097967066055,0.3243517482703539,0.2873842250208039,0.3600934302885053,0.0,0.0,0.0,0.0,0.0,0.0,0.0,0.0,0.0,0.0,0.0,0.0,0.419471559582281,0.0,0.0,0.0,0.0,0.0,0.0,0.0,0.0,0.0,0.0,0.0,0.0,0.0,0.0,0.0,0.0,0.4800984227828639,0.0,0.0,0.0,0.4652655587753719,0.0,0.0,0.0,0.0
0.4779606676944216,0.4151529952918494,0.3750174676794987,0.3343637940289261,0.3581951631836916,0.3946123249466001,0.3974813983358452,0.0,0.4229104349110341,0.3972547526584256,0.28249436809015,0.0,0.3903124566691073,0.3435765576989062,0.0,0.4073648750667166,0.0,0.4255457764137291,0.3799705174912253,0.3890289602585122,0.3859458697222151,0.0,0.3406293857296225,0.4852359455148812,0.4495059553945098,0.4474723439371064,0.392518193030989,0.3976763918949281,0.375349877618733,0.3895787796904755,0.4157129672432326,0.3726504617881858,0.4194715357047809,0.4315087410301812,0.4462165225584876,0.2598423102183291,0.4155795738283154,0.0,0.4507800893342812,0.0,0.4810474996684856,0.0,0.4186883323546454,0.0,0.0,0.0,0.0,0.4887695675038183,0.0,0.4558966671144262,0.4454819058370314,0.4828257602180758,0.318832280101157,0.5173281997119088,0.0,0.4214983456982608,0.0,0.4665224311238535,0.0,0.4507096354189377,0.0,0.0,0.0,0.499935268691869,0.0,0.3377916426668452,0.0,0.4432899790493851,0.0,0.0,0.0,0.4702358826025114,0.4446870445610245,0.4271180003557548,0.0,0.4594061533753308
0.0,0.3954198021946317,0.2392407129584385,0.3769277993350057,0.2991932822686464,0.3164646320612938,0.3441728259137084,0.4229104349110341,0.0,0.3918919357331462,0.2528435789457632,0.3722644350181912,0.3582610672069193,0.36668366920614,0.0,0.3877737807412013,0.0,0.0,0.213141681606937,0.3907363935308419,0.0,0.3916871040327204,0.3674246597279449,0.0,0.0,0.0,0.3340738577813019,0.4188061907995775,0.3787336028797956,0.3921740064071163,0.4361598598441741,0.4156805008770484,0.3861595305303343,0.4355818909062114,0.435094238476827,0.3663656596933907,0.399957455355857,0.3477486933744931,0.414699235761779,0.0,0.0,0.0,0.4728480464198104,0.0,0.0,0.0,0.0,0.5081118207649143,0.0,0.0,0.5073035146928362,0.0,0.50083873936027,0.5002524961043631,0.0,0.4948448683390641,0.0,0.0,0.4914338233391961,0.0,0.0,0.0,0.0,0.5108128235347568,0.0,0.0,0.0,0.5188656841300722,0.0,0.0,0.0,0.5131271241030861,0.0,0.0,0.0,0.0
0.3412666103166226,0.0,0.3723195126800094,0.3188950012046783,0.3507433936274677,0.3838350790576479,0.3885835382277278,0.3972547526584256,0.3918919357331462,0.0,0.3830159446124704,0.2927171119871087,0.3924180718009724,0.0,0.0,0.3451273201531848,0.296387796865068,0.3083179010192597,0.3857933270657459,0.0,0.0,0.2886030824703048,0.3569128971410067,0.3035271053296731,0.3055519578214892,0.2937248376439898,0.3919518849592183,0.3604512291973005,0.0,0.0,0.3140047051295016,0.3501811931452601,0.2831164868556708,0.2861139556901742,0.2623067619486977,0.3536033599010392,0.2641744355142251,0.2814809968058693,0.2974974693913764,0.3836996786074249,0.3804143818651581,0.0,0.0,0.0,0.3478779278935606,0.0,0.0,0.0,0.0,0.0,0.0,0.0,0.0,0.0,0.4394430017981541,0.0,0.4399712243073638,0.0,0.0,0.0,0.0,0.3924245203512603,0.3592992248836504,0.0,0.0,0.0,0.0,0.0,0.4051444624088646,0.3908915231442505,0.4148607718004873,0.0,0.4250501375121414,0.0,0.0,0.4138382702684375
0.0,0.0,0.2256961004581093,0.3118121354728493,0.280324843972189,0.3397491370290135,0.3758862628137198,0.28249436809015,0.2528435789457632,0.3830159446124704,0.0,0.3733813711359081,0.3888390294260404,0.2783599228658044,0.0,0.0,0.0,0.0,0.1838152726420818,0.0,0.0,0.0,0.2580891631357608,0.0,0.0,0.0,0.3525653782423932,0.397140843769875,0.0,0.0,0.4169042795268654,0.3616575063576741,0.3657704128175285,0.4117408244830194,0.420603625630792,0.2588437094697298,0.3505796228318361,0.3433890111745735,0.3689983414111303,0.0,0.0,0.0,0.3963705310256783,0.0,0.0,0.0,0.0,0.3787902745995292,0.0,0.3720157801872066,0.4494311638891315,0.4284310624423736,0.4308186960467892,0.4632726844382292,0.0,0.2124897023523201,0.0,0.3778549644840118,0.0,0.0,0.0,0.0,0.0,0.2023522642068267,0.0,0.0,0.0,0.4787316394813254,0.0,0.0,0.0,0.4428818088226982,0.0,0.0,0.0,0.0
0.3622762257628447,0.0,0.0,0.0,0.3666707540676685,0.0,0.3713370636681248,0.0,0.3722644350181912,0.2927171119871087,0.3733813711359081,0.0,0.3790904782552571,0.0,0.0,0.0,0.3073268017870834,0.3255440618121581,0.0,0.0,0.0,0.0,0.0,0.2780978215174005,0.3201587357232472,0.2889100725696815,0.0,0.3435273417453918,0.0,0.0,0.3121010955053131,0.2478172034496806,0.2865475660393972,0.2420454003842485,0.2533238844341257,0.3443062163736601,0.3080147756112999,0.2338633094639707,0.2304021173984334,0.3908261264714003,0.3570874001751867,0.0,0.0,0.0,0.3340227284285882,0.0,0.0,0.0,0.0,0.0,0.0,0.0,0.0,0.0,0.4470538543255374,0.0,0.4486614594383923,0.0,0.0,0.0,0.0,0.4144833716863358,0.3916391737132739,0.0,0.0,0.0,0.0,0.0,0.4206786939645244,0.4187695861322497,0.4327268522339301,0.0,0.0,0.0,0.0,0.4215046160262597
0.0,0.4317085457400834,0.4029029789951773,0.3250957762529635,0.3391747152880563,0.3661166767808702,0.3246161938160197,0.3903124566691073,0.3582610672069193,0.3924180718009724,0.3888390294260404,0.3790904782552571,0.0,0.3619696045935907,0.3871841209581048,0.4636521693031676,0.3617684731700015,0.4167606094500847,0.4073350410457584,0.405777289531491,0.4039921617605294,0.4354225226496404,0.388288527458927,0.3834866493614147,0.4101102921637947,0.4045527336313448,0.4079310802696224,0.340438647071228,0.4029615207650383,0.3606208603490211,0.3680101843624019,0.3956417221878026,0.3919390230776379,0.397654560699762,0.4132410734548863,0.3347096969809176,0.3219594890114687,0.353263193114858,0.3950160440390953,0.0,0.0,0.0,0.3754249838601617,0.0,0.0,0.0,0.0,0.4379089072412414,0.0,0.0,0.4449946820136684,0.0,0.4264690123181538,0.0,0.0,0.0,0.0,0.0,0.0,0.0,0.0,0.0,0.0,0.0,0.0,0.0,0.0,0.4837786968691941,0.0,0.0,0.0,0.480732756526953,0.0,0.4210352893382806,0.0,0.0
0.0,0.0,0.3578447609950497,0.2340045088453189,0.3033053196050654,0.4033062555470711,0.3245519300242498,0.3435765576989062,0.36668366920614,0.0,0.2783599228658044,0.0,0.3619696045935907,0.0,0.0,0.0,0.0,0.0,0.3310099596056522,0.0,0.4481165107131698,0.0,0.3716610560228551,0.0,0.0,0.0,0.3973271210106012,0.2832824923882392,0.0,0.0,0.0,0.3536011687772805,0.0,0.0,0.0,0.2178287172855356,0.192649698857047,0.0,0.0,0.0,0.0,0.0,0.4274455375460018,0.0,0.0,0.0,0.0,0.4437985847045876,0.0,0.0,0.0,0.0,0.0,0.4842485571572368,0.0,0.3000528883180489,0.0,0.0,0.0,0.0,0.0,0.0,0.0,0.0,0.0,0.0,0.0,0.0,0.0,0.0,0.0,0.0,0.0,0.0,0.0,0.0
0.3601741484479789,0.3914980865928629,0.0,0.0,0.0,0.3638733401204068,0.0,0.0,0.0,0.0,0.0,0.0,0.3871841209581048,0.0,0.0,0.3957036703815735,0.0,0.391731561214949,0.0,0.2994978958464837,0.3813195313997333,0.3215017936228717,0.2985915092210257,0.3747192608410877,0.3703716457926558,0.3069772109110729,0.3469058552299411,0.395634455758715,0.3981011969693307,0.0,0.3916458612377791,0.4194840017863745,0.3886644678507278,0.4191916263981424,0.4557344700544828,0.3688707944340921,0.0,0.0,0.4670492829721672,0.4407042972594434,0.4897022232891333,0.4978242914806284,0.0,0.0,0.0,0.0,0.4764441056013354,0.0,0.0,0.0,0.4626737465519292,0.0,0.0,0.0,0.0,0.0,0.0,0.0,0.0,0.4453687156496872,0.4436684304289116,0.0,0.0,0.0,0.4727972960203908,0.4615478374487112,0.4740747023508859,0.4677691313153544,0.0,0.0,0.4447934714100991,0.4693225089587278,0.4371136491486316,0.4535056433648594,0.0,0.4274124358500966
0.3666032320583451,0.3880101873813489,0.0,0.0,0.0,0.4257051882944169,0.4654733221753402,0.4073648750667166,0.3877737807412013,0.3451273201531848,0.0,0.0,0.4636521693031676,0.0,0.3957036703815735,0.0,0.3427707711794903,0.3300466367852264,0.0,0.3857371315634269,0.3937691156055645,0.3571971194030036,0.4141285864527651,0.3477044378408579,0.3697342104014075,0.369974319769899,0.4018045889832978,0.4404136859026889,0.4171777783082397,0.4167575142631498,0.3592398390446906,0.4111106782707062,0.3655939982110174,0.3772764925687074,0.4176568692422271,0.0,0.0,0.0,0.4106678033681938,0.4162166007934505,0.4176952489617348,0.426509988979643,0.0,0.0,0.0,0.4183733584531091,0.4393499965447783,0.0,0.0,0.0,0.0,0.0,0.0,0.0,0.0,0.0,0.0,0.0,0.0,0.4495476270925742,0.4327828062013986,0.0,0.4215698287923388,0.0,0.4020366240124691,0.3855571189236176,0.4264928948828687,0.0,0.0,0.4285693182026334,0.4339170248030528,0.0,0.0,0.0,0.0,0.4092965010356167
0.0,0.0,0.0,0.0,0.0,0.0,0.3755599066998114,0.0,0.0,0.296387796865068,0.0,0.3073268017870834,0.3617684731700015,0.0,0.0,0.3427707711794903,0.0,0.2791462613207691,0.0,0.335267656363594,0.0,0.3439997921149187,0.0,0.3340260383649832,0.2877916322793672,0.3188117170041343,0.0,0.3476829729713084,0.0,0.0,0.316361705166631,0.3933720254240193,0.308367972642734,0.32644010003741,0.3357000422451259,0.0,0.0,0.2709104703637153,0.0,0.3530189949219837,0.3564539543335266,0.0,0.0,0.0,0.0,0.0,0.0,0.0,0.0,0.0,0.0,0.0,0.0,0.0,0.4415931572376376,0.0,0.426220079835154,0.0,0.0,0.0,0.0,0.4100191543828806,0.3897076495310068,0.0,0.0,0.0,0.0,0.0,0.422257500393392,0.4149436939343969,0.4257779316765209,0.0,0.0,0.0,0.0,0.0
0.3672936472351173,0.3743260268463505,0.0,0.0,0.0,0.3926313470817332,0.4034899621145648,0.4255457764137291,0.0,0.3083179010192597,0.0,0.3255440618121581,0.4167606094500847,0.0,0.391731561214949,0.3300466367852264,0.2791462613207691,0.0,0.0,0.3874823715875685,0.3869582807609254,0.3764553712806234,0.3994941174413503,0.3630129697417159,0.3332644294134643,0.3490887968993796,0.3951838894401671,0.3970737679096163,0.4120484955297204,0.0,0.3512423602684433,0.3769449987043706,0.3353991715098101,0.365003195674164,0.3746671846813836,0.0,0.0,0.0,0.3937240854394444,0.3946383588996472,0.4067917752446203,0.413427609211121,0.0,0.0,0.0,0.41774660872235,0.4241480509376484,0.0,0.0,0.0,0.0,0.0,0.0,0.0,0.4478829049841904,0.0,0.4472415895283912,0.0,0.0,0.0,0.4198671873139462,0.4281797194520162,0.4140026496739638,0.0,0.0,0.0,0.4044540300485253,0.0,0.4439424723438993,0.420263920780254,0.4293861132549115,0.0,0.0,0.0,0.0,0.4079489445021759
0.0,0.0,0.1797160526122912,0.3466198659158766,0.3214462656931505,0.3358763620369161,0.3900231300448328,0.3799705174912253,0.213141681606937,0.3857933270657459,0.1838152726420818,0.0,0.4073350410457584,0.3310099596056522,0.0,0.0,0.0,0.0,0.0,0.0,0.0,0.0,0.2062921378131423,0.0,0.0,0.0,0.3435494573758192,0.4134392050485621,0.0,0.0,0.4197193666210232,0.3975516118316352,0.0,0.4049799918385877,0.4497916356236937,0.3460784118876106,0.3811718603884764,0.0,0.4721652395833772,0.0,0.0,0.0,0.4474841050077811,0.0,0.0,0.0,0.0,0.5152895917538448,0.0,0.0,0.489159213105416,0.0,0.4766451708869654,0.5130331487636313,0.0,0.3239970849745673,0.0,0.0,0.0,0.0,0.0,0.0,0.0,0.5005437873328368,0.0,0.0,0.0,0.5080260589803568,0.0,0.0,0.0,0.4984264994931903,0.0,0.0,0.0,0.0
0.3922641813795166,0.3769508348427346,0.0,0.0,0.3962107073964455,0.3851931110774566,0.4011814151016012,0.3890289602585122,0.3907363935308419,0.0,0.0,0.0,0.405777289531491,0.0,0.2994978958464837,0.3857371315634269,0.335267656363594,0.3874823715875685,0.0,0.0,0.3868145668538033,0.3097141149468343,0.2324660943965235,0.0,0.3817464144471563,0.3881714488389003,0.2898309222659432,0.3598054942473905,0.3030010050095563,0.3620857259919386,0.3410603514579348,0.4075661692259543,0.3539237017001974,0.3941099431802723,0.4406711159919186,0.4784509944288042,0.4176313255557312,0.0,0.4438542240592188,0.421722734077917,0.4273151093569347,0.477473552082056,0.0,0.0,0.0,0.0,0.4222278587946436,0.0,0.0,0.0,0.4412524740477177,0.0,0.4427888344888325,0.0,0.0,0.0,0.0,0.0,0.0,0.4571837493637201,0.0,0.0,0.0,0.0,0.4466691052492308,0.4251562291051837,0.4631248097147074,0.457165361518443,0.0,0.0,0.4685849385310435,0.4613608018393934,0.4523886394108767,0.4303099025989782,0.0,0.4313974430090016
0.3802193975434909,0.3839175905496344,0.0,0.0,0.0,0.4067023354987584,0.0,0.3859458697222151,0.0,0.0,0.0,0.0,0.4039921617605294,0.4481165107131698,0.3813195313997333,0.3937691156055645,0.0,0.3869582807609254,0.0,0.3868145668538033,0.0,0.4069412430728881,0.3834995464120438,0.4370940033678047,0.3890967264518123,0.3825714941053135,0.3888920682325814,0.4106583438903101,0.387079267272814,0.4026959981550657,0.3763084404717744,0.4144132890827399,0.3583374200142907,0.4001832746468155,0.4517342571986828,0.357299629084237,0.0,0.0,0.4523959118055881,0.4507505901087695,0.4469470144049924,0.5018220913787483,0.0,0.0,0.0,0.2868390518845202,0.4718804522389756,0.0,0.0,0.0,0.4572094234254434,0.0,0.3099404218908611,0.0,0.0,0.0,0.0,0.0,0.0,0.4516214266425281,0.4445066929467129,0.0,0.0,0.0,0.4450658879193591,0.3948125013938188,0.465649668873149,0.446749353718773,0.0,0.3831014461221275,0.4803505274505625,0.4571538195064822,0.4358192221256856,0.4422290503271816,0.0,0.4086231988140338
0.359975997213396,0.3539609341757835,0.0,0.0,0.4144915333420464,0.4003664777506289,0.433491063137128,0.0,0.3916871040327204,0.2886030824703048,0.0,0.0,0.4354225226496404,0.0,0.3215017936228717,0.3571971194030036,0.3439997921149187,0.3764553712806234,0.0,0.3097141149468343,0.4069412430728881,0.0,0.2498547537170143,0.0,0.3761194396000833,0.3758753715816845,0.3721119311109453,0.3937065360881577,0.3714620722543478,0.354233085257244,0.3538126187639746,0.4131429880762908,0.3669641180112634,0.3940322069916064,0.4437578044677652,0.4834812930046246,0.4255578785991989,0.0,0.4325671846126414,0.4493872294806381,0.4564297683695781,0.4858314112926123,0.0,0.0,0.0,0.4126245745009994,0.4502446407221162,0.0,0.0,0.0,0.4384332272135127,0.0,0.0,0.0,0.0,0.0,0.0,0.0,0.0,0.4851153771498842,0.4327554165862416,0.0,0.3816625032550638,0.0,0.4670529569817948,0.4647429742267357,0.4691445951546335,0.4571902645729274,0.0,0.4256184900286186,0.4689497860217739,0.4524142505404758,0.0,0.446636451633184,0.0,0.4283800885106791
0.4430347214221136,0.4090413117926892,0.2461424557866651,0.3784168402495741,0.3681224689121188,0.3573971966266079,0.3837242029853449,0.3406293857296225,0.3674246597279449,0.3569128971410067,0.2580891631357608,0.0,0.388288527458927,0.3716610560228551,0.2985915092210257,0.4141285864527651,0.0,0.3994941174413503,0.2062921378131423,0.2324660943965235,0.3834995464120438,0.2498547537170143,0.0,0.4466414378724972,0.405287563914543,0.4099240412678023,0.3193710936571159,0.4013350635326175,0.3843890565088683,0.3926935828952763,0.4100563784974017,0.3975993830351357,0.3974946932939976,0.4219220257528888,0.4527490920241271,0.367258010453978,0.4021122664737394,0.0,0.4829844712665253,0.4627865030772972,0.4896420485876984,0.509484039574742,0.4711309513309664,0.0,0.0,0.0,0.4254523506493137,0.5185879107084828,0.0,0.4857215980363222,0.4924600718659138,0.5118271703143991,0.4518586058076288,0.5314275282861629,0.0,0.3606947263632684,0.0,0.5005696461616381,0.4949554158343499,0.4685244661771618,0.0,0.0,0.0,0.5204233428667977,0.4784925978775272,0.4498204608542895,0.4685616794189508,0.4862344372314563,0.0,0.0,0.4500917659969189,0.500906013685558,0.4916547019246544,0.4836905618976468,0.4919206320627044,0.493179685931684
0.3402650975337323,0.0,0.0,0.0,0.0,0.0,0.3913943022837488,0.4852359455148812,0.0,0.3035271053296731,0.0,0.2780978215174005,0.3834866493614147,0.0,0.3747192608410877,0.3477044378408579,0.3340260383649832,0.3630129697417159,0.0,0.0,0.4370940033678047,0.0,0.4466414378724972,0.0,0.3511059372619721,0.318368035143586,0.3560744051108833,0.3701717305616835,0.0,0.0,0.3242289887562647,0.2993865692585807,0.2293736246485355,0.2450605672444779,0.2591770859714326,0.3676923896576604,0.0,0.2324405894008045,0.3700763435397375,0.3454341821908693,0.3851175220701896,0.0,0.0,0.0,0.3110264745960173,0.3965617174204606,0.0,0.0,0.0,0.0,0.0,0.0,0.0,0.0,0.4378699238131514,0.0,0.4274893372133992,0.0,0.0,0.0,0.4230609710571266,0.4549621708875317,0.4371881788070573,0.0,0.0,0.0,0.0,0.0,0.4046444415849269,0.433018831986979,0.4321527520811041,0.0,0.0,0.0,0.0,0.4306265832832973
0.3672203112725639,0.3543432733041314,0.0,0.0,0.3579926332630008,0.3847326960870249,0.3869955347912782,0.4495059553945098,0.0,0.3055519578214892,0.0,0.3201587357232472,0.4101102921637947,0.0,0.3703716457926558,0.3697342104014075,0.2877916322793672,0.3332644294134643,0.0,0.3817464144471563,0.3890967264518123,0.3761194396000833,0.405287563914543,0.3511059372619721,0.0,0.3439045643889458,0.3899845263317996,0.3958329127519578,0.4009677796069004,0.0,0.3423820479634568,0.3743414700578502,0.3118936149864599,0.3401297744242162,0.3667114798755812,0.0,0.0,0.2856083900112915,0.4067404357283053,0.4062066303086097,0.4166514679840411,0.4352355098659614,0.0,0.0,0.0,0.4126771168716622,0.4383368754879235,0.0,0.0,0.0,0.0,0.0,0.0,0.0,0.4483129274149513,0.0,0.4406878643779374,0.0,0.0,0.0,0.4359556662161524,0.4340910223393485,0.4258931217755041,0.0,0.3891254303572604,0.3794717112620716,0.4160644083492937,0.0,0.4265041972568053,0.4282082281172203,0.4327451604717734,0.0,0.0,0.0,0.0,0.4208104555004991
0.3307501281160828,0.3660554652130927,0.0,0.0,0.0,0.4087867109240139,0.3906924973360942,0.4474723439371064,0.0,0.2937248376439898,0.0,0.2889100725696815,0.4045527336313448,0.0,0.3069772109110729,0.369974319769899,0.3188117170041343,0.3490887968993796,0.0,0.3881714488389003,0.3825714941053135,0.3758753715816845,0.4099240412678023,0.318368035143586,0.3439045643889458,0.0,0.3953337364274979,0.3608392632888758,0.3967486620862956,0.0,0.3441575825798906,0.3879418453495111,0.3329263873709664,0.3517250359142351,0.3954404370887441,0.4300505157411311,0.0,0.2905313354399334,0.4121294160223583,0.4161031342483791,0.438609205474998,0.4614824993358279,0.0,0.0,0.3828026624871201,0.4004198625783195,0.4635275689601579,0.0,0.0,0.0,0.0,0.0,0.0,0.0,0.4618998999742207,0.0,0.4524247615467582,0.0,0.0,0.4884648369715654,0.434401398439457,0.4467295429313307,0.4283467228326457,0.0,0.4698954240072693,0.4689617359997269,0.477626194231728,0.4480101394445258,0.4377609658497463,0.4288264956681046,0.4509679682359443,0.4484812169479477,0.0,0.4415839060300808,0.0,0.4265522435955052
0.3966904361439933,0.3927009084932455,0.3222187539174705,0.388109288645166,0.3727633559735647,0.3506938596332103,0.3949595518559536,0.392518193030989,0.3340738577813019,0.3919518849592183,0.3525653782423932,0.0,0.4079310802696224,0.3973271210106012,0.3469058552299411,0.4018045889832978,0.0,0.3951838894401671,0.3435494573758192,0.2898309222659432,0.3888920682325814,0.3721119311109453,0.3193710936571159,0.3560744051108833,0.3899845263317996,0.3953337364274979,0.0,0.3969416318280923,0.3268078754068036,0.369781351188455,0.3713928766776141,0.3998924107716505,0.3800362417378111,0.4012573908557272,0.427004394766099,0.4044465670634983,0.423775655773311,0.0,0.4656141703540412,0.0,0.4762219537476276,0.50171389034624,0.4621607679395321,0.0,0.0,0.0,0.3802394088065235,0.5106618583087782,0.0,0.0,0.4854999159698093,0.4976603382291878,0.472865086235622,0.5233126506751717,0.0,0.4977327739634414,0.0,0.4902749433640233,0.4991216362510902,0.4487025902909357,0.0,0.0,0.0,0.5025729765497922,0.4583562175905937,0.4237052557102289,0.4158258560759395,0.4928621796754616,0.0,0.0,0.4461186675995164,0.4935718875317358,0.4795587239642073,0.4676802132632367,0.4657171807421235,0.4812828295399673
0.4388142796890467,0.4330321467285847,0.4098157502684614,0.2481323098089085,0.3604161609710548,0.3713563821423186,0.3727441846187984,0.3976763918949281,0.4188061907995775,0.3604512291973005,0.397140843769875,0.3435273417453918,0.340438647071228,0.2832824923882392,0.395634455758715,0.4404136859026889,0.3476829729713084,0.3970737679096163,0.4134392050485621,0.3598054942473905,0.4106583438903101,0.3937065360881577,0.4013350635326175,0.3701717305616835,0.3958329127519578,0.3608392632888758,0.3969416318280923,0.0,0.3296958817265057,0.2586606906309425,0.3276001685864682,0.3745440219556085,0.365167090315993,0.349589215256368,0.3725146091007714,0.2679340328865358,0.2591063436708078,0.3171976175061392,0.3743022223503168,0.0,0.4186836804703265,0.4231149508116421,0.3431780773131772,0.0,0.0,0.0,0.0,0.0,0.0,0.0,0.4616707944464734,0.0,0.4406041250466369,0.0,0.0,0.0,0.0,0.0,0.0,0.4330523187805697,0.0,0.0,0.0,0.0,0.4533154099930336,0.4290938686939387,0.0,0.4796001927717205,0.0,0.0,0.0,0.4774227123828102,0.4222979909634975,0.4543042707588482,0.0,0.4249817595846398
0.4116425264607166,0.3983107820567606,0.0,0.0,0.4051385533706932,0.3362392786850911,0.4155868513418365,0.375349877618733,0.3787336028797956,0.0,0.0,0.0,0.4029615207650383,0.0,0.3981011969693307,0.4171777783082397,0.0,0.4120484955297204,0.0,0.3030010050095563,0.387079267272814,0.3714620722543478,0.3843890565088683,0.0,0.4009677796069004,0.3967486620862956,0.3268078754068036,0.3296958817265057,0.0,0.3169088601414906,0.3298211506376547,0.4010507736331991,0.3553307027383443,0.3846385797994699,0.4370008182197179,0.3642682091157396,0.395952834336405,0.0,0.4544433557354859,0.0,0.454076077187256,0.4673634659375474,0.0,0.0,0.0,0.0,0.4085368911595447,0.0,0.0,0.0,0.4564768521474333,0.0,0.4246094112256999,0.0,0.0,0.0,0.0,0.4409776884986247,0.0,0.4495854185381964,0.0,0.0,0.0,0.0,0.4459460744032403,0.4295459637945539,0.4596385184058272,0.4729015077348064,0.0,0.0,0.4417906859965105,0.4709453192119003,0.4633912988612627,0.4570495771558489,0.0,0.4499914681628885
0.0,0.0,0.0,0.0,0.0,0.3843207406939902,0.0,0.3895787796904755,0.3921740064071163,0.0,0.0,0.0,0.3606208603490211,0.0,0.0,0.4167575142631498,0.0,0.0,0.0,0.3620857259919386,0.4026959981550657,0.354233085257244,0.3926935828952763,0.0,0.0,0.0,0.369781351188455,0.2586606906309425,0.3169088601414906,0.0,0.2788645223599335,0.3735880405107543,0.0,0.3427743824311128,0.3755179401567577,0.0,0.0,0.0,0.4138926637794569,0.0,0.0,0.0,0.0,0.0,0.0,0.0,0.0,0.0,0.0,0.0,0.0,0.0,0.0,0.0,0.0,0.0,0.0,0.0,0.0,0.0,0.0,0.0,0.0,0.0,0.0,0.0,0.0,0.4821308750509271,0.0,0.0,0.0,0.0,0.0,0.0,0.0,0.0
0.3237438456077543,0.3369436843635032,0.4201031158151398,0.0,0.4143760765942739,0.406545969373751,0.4010277132240152,0.4157129672432326,0.4361598598441741,0.3140047051295016,0.4169042795268654,0.3121010955053131,0.3680101843624019,0.0,0.3916458612377791,0.3592398390446906,0.316361705166631,0.3512423602684433,0.4197193666210232,0.3410603514579348,0.3763084404717744,0.3538126187639746,0.4100563784974017,0.3242289887562647,0.3423820479634568,0.3441575825798906,0.3713928766776141,0.3276001685864682,0.3298211506376547,0.2788645223599335,0.0,0.3734199220267887,0.3147977180744412,0.2720234560557095,0.2453467561810149,0.4083401002317298,0.3235047954192894,0.2771354667926154,0.3323026179180459,0.3862785681093103,0.4029722088149734,0.0,0.0,0.0,0.0,0.338964977007714,0.4164202488465029,0.0,0.0,0.0,0.4447594174327313,0.0,0.0,0.0,0.4513364324841267,0.0,0.4158987169743856,0.0,0.0,0.4630618112887836,0.4069633191594312,0.0,0.4121454389627771,0.0,0.4165853933507801,0.3820819513642879,0.4268662321028247,0.4897047383129341,0.0,0.4098280523255035,0.4228648493114487,0.4851701026183196,0.446565136244399,0.4542985418099175,0.0,0.3574561069607609
0.3776937311303215,0.3878938622480984,0.3991774891032117,0.3020351157800764,0.3740483449208107,0.4062321279842896,0.395539656320566,0.3726504617881858,0.4156805008770484,0.3501811931452601,0.3616575063576741,0.2478172034496806,0.3956417221878026,0.3536011687772805,0.4194840017863745,0.4111106782707062,0.3933720254240193,0.3769449987043706,0.3975516118316352,0.4075661692259543,0.4144132890827399,0.4131429880762908,0.3975993830351357,0.2993865692585807,0.3743414700578502,0.3879418453495111,0.3998924107716505,0.3745440219556085,0.4010507736331991,0.3735880405107543,0.3734199220267887,0.0,0.3513358854851313,0.3439037297863119,0.3561367149449761,0.2966087027857819,0.3253687828497434,0.2616094547446198,0.3049560333102901,0.3360438656002705,0.3231547922474586,0.3345831825655967,0.3115136842881761,0.3059747687871184,0.2330468367355294,0.3870306884535613,0.4398716330039284,0.3796715056435186,0.0,0.0,0.4828306575977331,0.0,0.4615449182501179,0.3609884909197649,0.3026028017577225,0.3627190491474231,0.0,0.4013883470567297,0.0,0.4680902377624618,0.3937236623617187,0.0,0.4012045977801336,0.4057279649793891,0.4405874868021553,0.4509617473931228,0.4449655183062118,0.4816648365230259,0.0,0.3929654878225127,0.4438153415461846,0.4695918213098336,0.3637611061018602,0.4699295589044937,0.0,0.4281293573248341
0.3090422113063042,0.3383933783278901,0.0,0.0,0.3600036505699706,0.3835235346839823,0.4037974648538293,0.4194715357047809,0.3861595305303343,0.2831164868556708,0.3657704128175285,0.2865475660393972,0.3919390230776379,0.0,0.3886644678507278,0.3655939982110174,0.308367972642734,0.3353991715098101,0.0,0.3539237017001974,0.3583374200142907,0.3669641180112634,0.3974946932939976,0.2293736246485355,0.3118936149864599,0.3329263873709664,0.3800362417378111,0.365167090315993,0.3553307027383443,0.0,0.3147977180744412,0.3513358854851313,0.0,0.2560990421635472,0.4345298952658878,0.2842973692950222,0.2619051408572419,0.18523566106404,0.3151238425596225,0.2608853228176217,0.3795352580339318,0.3951324339516303,0.0,0.0,0.2306219760119438,0.3944467314498404,0.4422374556089167,0.0,0.0,0.0,0.0,0.0,0.0,0.0,0.3725123388933666,0.0,0.3599704037844805,0.0,0.0,0.4835231303666046,0.4301781851063564,0.364867388238756,0.4083134106160885,0.0,0.4482537842893385,0.4065619967689108,0.459724010665775,0.0,0.3704581189135605,0.4084275538533805,0.432657116946218,0.0,0.0,0.44621885560733,0.0,0.3852661092151719
0.30367090974213,0.3485229569569246,0.4333207561271741,0.2997324509355732,0.4120197795898593,0.4181057809861486,0.4056131410500041,0.4315087410301812,0.4355818909062114,0.2861139556901742,0.4117408244830194,0.2420454003842485,0.397654560699762,0.0,0.4191916263981424,0.3772764925687074,0.32644010003741,0.365003195674164,0.4049799918385877,0.3941099431802723,0.4001832746468155,0.3940322069916064,0.4219220257528888,0.2450605672444779,0.3401297744242162,0.3517250359142351,0.4012573908557272,0.349589215256368,0.3846385797994699,0.3427743824311128,0.2720234560557095,0.3439037297863119,0.2560990421635472,0.0,0.299219848577461,0.4066666965592164,0.2814973261254995,0.2117104700797274,0.3127300323914166,0.3910069851332362,0.2944787343383707,0.3345186022076422,0.2966586385609923,0.0,0.2435326592615624,0.3658150129844091,0.430861929019968,0.0,0.0,0.0,0.4489168421502945,0.0,0.0,0.0,0.3697407849752825,0.0,0.3599076468744446,0.0,0.0,0.4689838404679983,0.4167688382332485,0.0,0.4167046220588927,0.0,0.4593745087736839,0.394181486193499,0.4592665303517609,0.4791819166389055,0.467060373303487,0.4168569440351725,0.4359206527678126,0.4574792021658905,0.3445577462570232,0.4698106935512165,0.0,0.3899735119297335
0.3586513356375833,0.3846761165668535,0.463104979070616,0.3488353015734902,0.4322073699180138,0.4324441507685287,0.4295097967066055,0.4462165225584876,0.435094238476827,0.2623067619486977,0.420603625630792,0.2533238844341257,0.4132410734548863,0.0,0.4557344700544828,0.4176568692422271,0.3357000422451259,0.3746671846813836,0.4497916356236937,0.4406711159919186,0.4517342571986828,0.4437578044677652,0.4527490920241271,0.2591770859714326,0.3667114798755812,0.3954404370887441,0.427004394766099,0.3725146091007714,0.4370008182197179,0.3755179401567577,0.2453467561810149,0.3561367149449761,0.4345298952658878,0.299219848577461,0.0,0.4351880650744608,0.3243511045229457,0.2451752723883426,0.3202462911451395,0.358139977929317,0.3500477212072347,0.3609353800365299,0.3242654573478172,0.293791079513908,0.0,0.0,0.4550859753112454,0.0,0.0,0.0,0.0,0.0,0.0,0.0,0.0,0.0,0.0,0.0,0.0,0.4740429786312886,0.4330163193413385,0.0,0.4231706524714199,0.0,0.4271494050327096,0.0,0.4487038016070912,0.5135923630009238,0.0,0.4240526307757042,0.4631707569052894,0.4362839356376627,0.0,0.4625330892059618,0.0,0.0
0.0,0.0,0.3296335458954376,0.215588846923059,0.2819498123598019,0.4078999157183766,0.3243517482703539,0.2598423102183291,0.3663656596933907,0.3536033599010392,0.2588437094697298,0.3443062163736601,0.3347096969809176,0.2178287172855356,0.3688707944340921,0.0,0.0,0.0,0.3460784118876106,0.4784509944288042,0.357299629084237,0.4834812930046246,0.367258010453978,0.3676923896576604,0.0,0.4300505157411311,0.4044465670634983,0.2679340328865358,0.3642682091157396,0.0,0.4083401002317298,0.2966087027857819,0.2842973692950222,0.4066666965592164,0.4351880650744608,0.0,0.2116911609005074,0.3143510582920097,0.274863379723625,0.3346251119340064,0.3408303784958212,0.3319676772141529,0.3348875541524597,0.3003052068594383,0.0,0.0,0.0,0.4574271946440142,0.0,0.0,0.4331146885946868,0.4134036548915578,0.0,0.4495175371795267,0.0,0.2814621417617374,0.0,0.3783907041334332,0.0,0.0,0.0,0.0,0.0,0.4091194643642212,0.0,0.0,0.0,0.4492428690486981,0.0,0.0,0.0,0.4250874911188488,0.3226815394037654,0.3885037795099496,0.0,0.0
0.0,0.0,0.3857727430760395,0.2003881395275692,0.276327103732229,0.4177705521633987,0.2873842250208039,0.4155795738283154,0.399957455355857,0.2641744355142251,0.3505796228318361,0.3080147756112999,0.3219594890114687,0.192649698857047,0.0,0.0,0.0,0.0,0.3811718603884764,0.4176313255557312,0.0,0.4255578785991989,0.4021122664737394,0.0,0.0,0.0,0.423775655773311,0.2591063436708078,0.395952834336405,0.0,0.3235047954192894,0.3253687828497434,0.2619051408572419,0.2814973261254995,0.3243511045229457,0.2116911609005074,0.0,0.2933698212425445,0.263580843196642,0.0,0.3008282245019892,0.2950855025546354,0.0,0.0,0.0,0.0,0.0,0.0,0.0,0.0,0.0,0.0,0.0,0.0,0.0,0.0,0.0,0.0,0.0,0.0,0.0,0.0,0.0,0.0,0.0,0.0,0.0,0.0,0.0,0.0,0.0,0.0,0.0,0.0,0.0,0.0
0.0,0.0,0.0,0.0,0.0,0.0,0.3600934302885053,0.0,0.3477486933744931,0.2814809968058693,0.3433890111745735,0.2338633094639707,0.353263193114858,0.0,0.0,0.0,0.2709104703637153,0.0,0.0,0.0,0.0,0.0,0.0,0.2324405894008045,0.2856083900112915,0.2905313354399334,0.0,0.3171976175061392,0.0,0.0,0.2771354667926154,0.2616094547446198,0.18523566106404,0.2117104700797274,0.2451752723883426,0.3143510582920097,0.2933698212425445,0.0,0.2262258333653303,0.2482340535237105,0.2816080033292459,0.0,0.0,0.0,0.2317214168147391,0.0,0.0,0.0,0.0,0.0,0.0,0.0,0.0,0.0,0.3342155959278947,0.0,0.0,0.0,0.0,0.0,0.0,0.0,0.0,0.0,0.0,0.0,0.0,0.0,0.3148418559242224,0.0,0.3626620649547556,0.0,0.0,0.0,0.0,0.0
0.4109872628223802,0.4278972867195008,0.4401900732575093,0.0,0.0,0.4632530924000377,0.0,0.4507800893342812,0.414699235761779,0.2974974693913764,0.3689983414111303,0.2304021173984334,0.3950160440390953,0.0,0.4670492829721672,0.4106678033681938,0.0,0.3937240854394444,0.4721652395833772,0.4438542240592188,0.4523959118055881,0.4325671846126414,0.4829844712665253,0.3700763435397375,0.4067404357283053,0.4121294160223583,0.4656141703540412,0.3743022223503168,0.4544433557354859,0.4138926637794569,0.3323026179180459,0.3049560333102901,0.3151238425596225,0.3127300323914166,0.3202462911451395,0.274863379723625,0.263580843196642,0.2262258333653303,0.0,0.2971046368473446,0.3370041944226215,0.3441796595768283,0.2942473565950085,0.3216951231972654,0.2264650585777075,0.376279322972451,0.3707785339490845,0.4062225617124276,0.2691806326745944,0.303122917239728,0.4026784449846807,0.3505598256522512,0.3738804969930532,0.4226201532481947,0.3045306125479846,0.3683210765263781,0.2419304988958931,0.3704457985678751,0.2756065632977527,0.4161661295126811,0.3861862981004464,0.3768089069579993,0.3712090892277032,0.3939373241873764,0.4065877353804088,0.3912777202278976,0.4021630085243289,0.4020322623324205,0.3204000684449097,0.3574422841990888,0.3789767194406603,0.4138000096128237,0.3692806627834686,0.3918634608008693,0.3992763307718631,0.3631074993400139
0.4060685363371301,0.4258830349089971,0.0,0.0,0.0,0.0,0.0,0.0,0.0,0.3836996786074249,0.0,0.3908261264714003,0.0,0.0,0.4407042972594434,0.4162166007934505,0.3530189949219837,0.3946383588996472,0.0,0.421722734077917,0.4507505901087695,0.4493872294806381,0.4627865030772972,0.3454341821908693,0.4062066303086097,0.4161031342483791,0.0,0.0,0.0,0.0,0.3862785681093103,0.3360438656002705,0.2608853228176217,0.3910069851332362,0.358139977929317,0.3346251119340064,0.0,0.2482340535237105,0.2971046368473446,0.0,0.2719315276160167,0.3823153157153967,0.4574810690207587,0.2805594608325883,0.1958994173046044,0.3310316135192222,0.324257120879749,0.0,0.0,0.4071094608147063,0.3796450976236675,0.3530940941587903,0.3665429373290361,0.3864685406429856,0.3126037247417268,0.3830173197262496,0.2713756707024248,0.3579250645122309,0.0,0.384616812061512,0.348106460831837,0.314091151417568,0.318655730931779,0.0,0.3585332080927388,0.3565865841081224,0.3626563003000101,0.3738129117257914,0.2851765336922988,0.304361852858625,0.3296893611025654,0.3943278890500021,0.350323474906581,0.3481096726638517,0.3308725485085871,0.3126629762730428
0.4371803958339543,0.4343002940393098,0.0,0.0,0.0,0.466096377287036,0.0,0.4810474996684856,0.0,0.3804143818651581,0.0,0.3570874001751867,0.0,0.0,0.4897022232891333,0.4176952489617348,0.3564539543335266,0.4067917752446203,0.0,0.4273151093569347,0.4469470144049924,0.4564297683695781,0.4896420485876984,0.3851175220701896,0.4166514679840411,0.438609205474998,0.4762219537476276,0.4186836804703265,0.454076077187256,0.0,0.4029722088149734,0.3231547922474586,0.3795352580339318,0.2944787343383707,0.3500477212072347,0.3408303784958212,0.3008282245019892,0.2816080033292459,0.3370041944226215,0.2719315276160167,0.0,0.3519383367276797,0.4248713609538624,0.3290218456863515,0.244304406232133,0.361286690216694,0.3583559523762773,0.4275516089182679,0.2022237715780165,0.3682824926533948,0.4161312535221059,0.3608716261729446,0.419362787452627,0.422813247116525,0.3112255492481221,0.4043486055644361,0.2606021601684476,0.3722245945126489,0.0,0.4209488551029399,0.377885418167491,0.3322212275382417,0.3563023879275435,0.4165505463025056,0.4041096901404995,0.3969102716344669,0.3888430884600447,0.4266542838511205,0.2920541447669006,0.338966348621209,0.3596581907357364,0.4214784220289702,0.3358482557938968,0.3846567443173173,0.3775110975859952,0.2726996279822166
