0.0,0.3802221509926226,0.0,0.0,0.0,0.3945835590848762,0.0,0.4892035219082199,0.0,0.347775969763659,0.0,0.3721622609784373,0.3210183497333596,0.0,0.3333573697913805,0.3754296482336082,0.3310549473526044,0.3367634712971394,0.0,0.3788457601901822,0.3451195002336215,0.3698513758661969,0.4400287071761279,0.3575864341866512,0.3430517563117283,0.313098643745503,0.4119026194183136,0.3849457018888371,0.4211432899263917,0.0,0.3409087026658501,0.3954766518262783,0.3293596511537086,0.353294542221285,0.4162246069392257,0.0,0.0,0.3766286209024969,0.4047808279145147,0.3799834402055094,0.3813223428873959,0.0,0.0,0.0,0.0,0.2729175653773658,0.4081898967389865,0.0,0.0,0.0,0.0,0.0,0.0,0.0,0.361754427588606,0.0,0.0,0.0,0.0,0.0,0.4103127044878412,0.0,0.3905934450528047,0.0,0.0,0.2887331595278664,0.4073339494410625,0.0,0.4029033797560816,0.3848062024582666,0.4135682207483629,0.0,0.0,0.0,0.0,0.3357098630240383
0.3802221509926226,0.0,0.0,0.0,0.3609415029375395,0.378754442098564,0.4044133195709924,0.425928385385546,0.357157905817598,0.0,0.0,0.0,0.4082427521632779,0.0,0.3883281240741018,0.3648223766103489,0.0,0.3613491905236707,0.0,0.4003685213001818,0.3805905739535873,0.3725939148876246,0.4128036668144694,0.0,0.3590719395442808,0.3785354445833347,0.4139202770934577,0.4325889048497034,0.4033499827504196,0.0,0.3460713743688204,0.3849757534930473,0.3252885898834935,0.3616434493506329,0.4055983140675108,0.0,0.0,0.0,0.4350807045560274,0.4185843239291137,0.4210700168225039,0.4465755878892479,0.0,0.0,0.0,0.4122424217853075,0.4300359315607045,0.0,0.0,0.0,0.365539332673614,0.0,0.0,0.0,0.0,0.0,0.0,0.0,0.0,0.4571276313608878,0.4332688625898403,0.0,0.4249507438922961,0.0,0.4234074371256368,0.4411870487344789,0.4269886458075518,0.4779867741289413,0.0,0.4346502988636335,0.4532896210839691,0.4338219981965395,0.0,0.4406436737127761,0.0,0.4095083959590225
0.0,0.0,0.0,0.3430019657005242,0.3402947813014656,0.3609683931201428,0.4390664666380102,0.4399656997893048,0.2489746934432719,0.3686243666852595,0.2746371450596707,0.2901331425365809,0.4348484931622299,0.4111009820273847,0.0,0.0,0.0,0.0,0.2299341988342044,0.0,0.0,0.0,0.2760000846839482,0.0,0.0,0.0,0.3007372980870959,0.4277776912330898,0.0,0.0,0.4385395066871683,0.4318986968383248,0.3180907102611523,0.4545215499292866,0.4222346129455838,0.4048110699289455,0.4127693622575807,0.0,0.3645298394212255,0.0,0.349820585858901,0.0,0.3934467337767388,0.0,0.0,0.0,0.0,0.3602511181102872,0.0,0.4292187054036069,0.4925333177356647,0.472840102921668,0.4594472119712469,0.513004223663868,0.0,0.4112335911109409,0.0,0.4137417111665291,0.441004157498273,0.0,0.0,0.0,0.0,0.3166575490659594,0.0,0.0,0.0,0.5137582365817903,0.0,0.0,0.0,0.4675296660216396,0.3783370457037531,0.0,0.0,0.0
0.0,0.0,0.3430019657005242,0.0,0.2650909181923152,0.3766844370214537,0.2747019051540081,0.2836861715889472,0.4142305190313734,0.0,0.3666344973525671,0.2450097884713878,0.3212357454247113,0.2623859403091384,0.0,0.0,0.0,0.0,0.396256818344822,0.0,0.0,0.0,0.3591060179164409,0.0,0.0,0.0,0.3753150670401027,0.2198593679190084,0.0,0.0,0.2319568581144858,0.2729122804758658,0.0,0.2730361461732267,0.292692418302278,0.1737875840242066,0.1666831545716117,0.0,0.0,0.0,0.0,0.0,0.0,0.0,0.0,0.0,0.0,0.0,0.0,0.0,0.0,0.0,0.0,0.0,0.0,0.0,0.0,0.0,0.0,0.0,0.0,0.0,0.0,0.0,0.0,0.0,0.0,0.0,0.0,0.0,0.0,0.0,0.0,0.0,0.0,0.0
0.0,0.3609415029375395,0.3402947813014656,0.2650909181923152,0.0,0.3490689160120789,0.3547297431543992,0.3641404113154858,0.32098160104133,0.446289437633229,0.297708209428331,0.3734991591552308,0.3621359862402023,0.320057392812054,0.0,0.3752194703391663,0.0,0.0,0.3256371527755642,0.0,0.0,0.4181017939756675,0.3750293571009405,0.0,0.32824893534257,0.3158306666777252,0.3594345900171477,0.3372900984493353,0.3725519888237695,0.0,0.4218521080145815,0.3690706275108949,0.3341311975274862,0.4068772450832842,0.4022336850327236,0.2671349881398371,0.3655086387881515,0.3684514353071765,0.3231978979927902,0.0,0.0,0.0,0.319139103012499,0.0,0.0,0.0,0.0,0.4595575714741438,0.0,0.3175432603209426,0.4234688691671023,0.0,0.3947894933008319,0.4235568125310956,0.0,0.379420737142343,0.0,0.0,0.0,0.0,0.0,0.0,0.0,0.4076500003837336,0.0,0.0,0.0,0.4699350374183894,0.0,0.0,0.0,0.4722272342234344,0.0,0.0,0.0,0.0
0.3945835590848762,0.378754442098564,0.3609683931201428,0.3766844370214537,0.3490689160120789,0.0,0.3737638741203117,0.406551548558028,0.2962794800659045,0.3553895013787494,0.3584921543025514,0.3580844062892607,0.3692936861464889,0.3943487184989782,0.4097683504018741,0.4050493220586424,0.2750469176029173,0.4264344424691045,0.2794488641495538,0.4029325462540717,0.4345435993530084,0.404128850903301,0.3746632335934635,0.0,0.3577253159475936,0.3841536477991553,0.3583741102817009,0.3706596949113445,0.3464893477219335,0.3931127479277007,0.4071135434211259,0.3974794123835509,0.3806875873699298,0.410097941072547,0.4128452573525259,0.4009462664806205,0.409810953546635,0.3521859369713233,0.4604575918038934,0.0,0.493951677651169,0.4531019662434686,0.4173722698476544,0.0,0.0,0.0,0.3079605227196977,0.5075233050005717,0.0,0.4313376094760042,0.4635692918566593,0.5062102091091596,0.4384569592799376,0.5039555832266847,0.0,0.4372499265856946,0.0,0.4809049882142981,0.0,0.4236356827519326,0.0,0.0,0.0,0.4953210637570971,0.4289892596304891,0.0,0.4376400578562707,0.4756233174671053,0.0,0.0,0.3856047000940407,0.4713815472957434,0.4800898861343437,0.4481906715641997,0.4220613185660817,0.4869264269971842
0.0,0.4044133195709924,0.4390664666380102,0.2747019051540081,0.3547297431543992,0.3737638741203117,0.0,0.4048664513883967,0.395438858050859,0.3383425699819412,0.4381103366740572,0.3265059161815389,0.3483472626606074,0.3242038330253274,0.0,0.4503268117808036,0.384060778048079,0.4272982091930503,0.4409969774832488,0.416606540535711,0.0,0.4490163370762292,0.3994841038440183,0.3466881671704034,0.3788181263614655,0.3656088122274413,0.4059112197461174,0.3417340003424168,0.401009667425268,0.0,0.3939394415907642,0.3799984326526854,0.3619220525155689,0.380623165301476,0.370420237046335,0.3023326190354941,0.3203884821889693,0.368690326162565,0.3311789913083033,0.0,0.2288189082536234,0.0,0.2977194098696938,0.0,0.0,0.0,0.0,0.4296842587831653,0.0,0.0,0.4209377001034514,0.0,0.3758926651947621,0.3728612100149059,0.0,0.2966966356336238,0.0,0.0,0.0,0.0,0.0,0.0,0.0,0.3233378410696509,0.0,0.0,0.0,0.4670862071132289,0.0,0.0,0.0,0.4503738400987375,0.0,0.0,0.0,0.0
0.4892035219082199,0.425928385385546,0.4399656997893048,0.2836861715889472,0.3641404113154858,0.406551548558028,0.4048664513883967,0.0,0.4551492437019437,0.3820646146556145,0.3445938799567549,0.3997971791842072,0.41418533112371,0.3435994955546855,0.0,0.4548996027223551,0.0,0.4574729871395167,0.4185073197126865,0.0,0.4093776791415045,0.4381779952215788,0.3775502924668931,0.5109043900442679,0.4607375324624178,0.4717141712470769,0.448964562826017,0.412831436401233,0.395579114581593,0.401370035248664,0.4222523134293303,0.3558192642341342,0.465602445151365,0.4372029628297482,0.4521722747531153,0.222406717968912,0.1889423510412657,0.0,0.4071841170343352,0.0,0.4418495796775439,0.0,0.3169648545395407,0.0,0.0,0.0,0.0,0.4889124563096413,0.0,0.3938572824525738,0.4036929265457814,0.4163457118092761,0.3169682788587627,0.4972714610469361,0.0,0.4185433943865232,0.0,0.4268055785508444,0.4124342371651408,0.0,0.0,0.0,0.0,0.4768126316963326,0.4026804309796321,0.1973076051124355,0.0,0.4254029632887128,0.0,0.0,0.0,0.4428011139368997,0.4146009584405801,0.3850077348982826,0.0,0.4161345335551173
0.0,0.357157905817598,0.2489746934432719,0.4142305190313734,0.32098160104133,0.2962794800659045,0.395438858050859,0.4551492437019437,0.0,0.4612452058780992,0.2642880025717674,0.421292946511096,0.377166255114186,0.4158306947156514,0.0,0.3661476698287405,0.0,0.2900426601402407,0.2314304923572712,0.3871251610471245,0.0,0.400107211196219,0.3792827595644892,0.347407830637924,0.2796013252850071,0.2853362939593954,0.2992308435043408,0.429184812522177,0.4002072614850587,0.4046075204023234,0.4422412779129192,0.4274504359949391,0.387052237291615,0.4439195937148253,0.4447837492792143,0.434766856923395,0.4477417490594193,0.439008792504351,0.4486189467309187,0.0,0.3088999343814898,0.0,0.4074054699941643,0.0,0.0,0.0,0.0,0.5091084622477519,0.0,0.4153470372917413,0.4923742563621981,0.4640638818127718,0.4820135999696497,0.5218626097667157,0.0,0.4782600140195359,0.0,0.4096408187506146,0.4482397142826734,0.0,0.0,0.0,0.0,0.5127679261284959,0.0,0.0,0.0,0.5131364566131557,0.0,0.0,0.0,0.5124920741673618,0.4201895579090215,0.0,0.0,0.0
0.347775969763659,0.0,0.3686243666852595,0.0,0.446289437633229,0.3553895013787494,0.3383425699819412,0.3820646146556145,0.4612452058780992,0.0,0.449017223227385,0.2747261687428571,0.3907951262844233,0.0,0.0,0.319985738669125,0.3230007127204652,0.36097285545766,0.4355946124484243,0.2781011637026965,0.0,0.2685004008344811,0.3978892906961424,0.3041033232816501,0.3204570094139365,0.3293120388038832,0.3751505484870794,0.3333583516400722,0.2919149744009952,0.0,0.3023726101069196,0.2823823435592,0.2862799469909455,0.275225051862353,0.2958522887236574,0.3537893909242158,0.265490397442011,0.2460864064794448,0.257888594842598,0.2835024863206843,0.273987928925041,0.0,0.0,0.0,0.2812863678987267,0.0,0.0,0.0,0.0,0.0,0.0,0.0,0.0,0.0,0.3681892390197919,0.0,0.382085216363383,0.3255634035862393,0.0,0.0,0.0,0.3744968321571655,0.3630625173155656,0.0,0.0,0.0,0.0,0.0,0.3360773219739466,0.3898170969895509,0.3879296819418797,0.0,0.3372861379130219,0.0,0.0,0.3601964423226387
0.0,0.0,0.2746371450596707,0.3666344973525671,0.297708209428331,0.3584921543025514,0.4381103366740572,0.3445938799567549,0.2642880025717674,0.449017223227385,0.0,0.3966071906499459,0.438588744314927,0.3278381043153333,0.0,0.0,0.347320174821168,0.0,0.2209805796172318,0.0,0.0,0.0,0.3264251198999827,0.3688493165716863,0.0,0.2768852354743334,0.3390462751150821,0.4353920209318467,0.0,0.0,0.4600007405459603,0.4013201923718058,0.388689269444581,0.4520883758579228,0.4247645533203962,0.3262168026386286,0.4220509430768982,0.4325428483513088,0.3330789667337444,0.0,0.0,0.0,0.3517361804947712,0.0,0.0,0.0,0.0,0.345151657223554,0.0,0.3596006821500528,0.4061444170261014,0.3929544515175175,0.3911873045214974,0.3937548389443966,0.0,0.3314984092777008,0.0,0.3673491796178187,0.4189474089194672,0.0,0.0,0.0,0.0,0.2801876221047664,0.0,0.0,0.0,0.4844759221629774,0.0,0.0,0.0,0.4133861303591752,0.3337903085563831,0.0,0.0,0.0
0.3721622609784373,0.0,0.2901331425365809,0.2450097884713878,0.3734991591552308,0.3580844062892607,0.3265059161815389,0.3997971791842072,0.421292946511096,0.2747261687428571,0.3966071906499459,0.0,0.3831827749191956,0.0,0.0,0.0,0.3390963772139937,0.3545470968066405,0.3414074252474729,0.0,0.3870469773141965,0.0,0.3722174847244175,0.2750172341230237,0.3492194447085384,0.3060216590547784,0.3122219935092551,0.2684910110282503,0.0,0.0,0.3141756136613434,0.2415373671899306,0.2339608093876782,0.2214731309622872,0.2493387680851617,0.3044444544927164,0.2751815159577492,0.2051130667524778,0.2496237714855848,0.2780656862653797,0.2563155631323834,0.2803277880267208,0.2453533085293883,0.0,0.2358956721008385,0.0,0.0,0.0,0.0,0.0,0.0,0.0,0.0,0.0,0.3781549660139119,0.0,0.3945900051687809,0.3141553284782579,0.0,0.0,0.0,0.3612914187317886,0.3781729842544688,0.0,0.0,0.0,0.0,0.0,0.3468546836781336,0.3954348998499077,0.3890725261474965,0.0,0.325926003054943,0.0,0.0,0.3588108613300917
0.3210183497333596,0.4082427521632779,0.4348484931622299,0.3212357454247113,0.3621359862402023,0.3692936861464889,0.3483472626606074,0.41418533112371,0.377166255114186,0.3907951262844233,0.438588744314927,0.3831827749191956,0.0,0.3726683879035457,0.0,0.4458577262140419,0.4256369084296476,0.4632819243114719,0.4412225373205695,0.4246677227925961,0.45064927413443,0.4531058476757681,0.4092306809299102,0.4329737000442905,0.3965922675905767,0.3957261111447451,0.4128937912884482,0.3370144453370078,0.3969671317937535,0.3742868124338793,0.4002502871075097,0.3880818259498605,0.3886753485484028,0.3955608036989473,0.3986813458928254,0.3324410452175831,0.3511667443430827,0.3549403332553316,0.4099495347192007,0.2702423679434994,0.3056267138504943,0.3715541162608007,0.2864457209045102,0.0,0.2841351091679407,0.0,0.0,0.3807232721258837,0.0,0.0,0.4521527594885494,0.329027809049515,0.4410238656928082,0.0,0.0,0.3231652065875022,0.3476500791003176,0.0,0.0,0.3147943936612322,0.0,0.0,0.0,0.0,0.3731060363003955,0.0,0.264888392857631,0.4702376414102828,0.0,0.27693115237293,0.3025833106163923,0.4656364075145132,0.0,0.4320482568730225,0.0,0.0
0.0,0.0,0.4111009820273847,0.2623859403091384,0.320057392812054,0.3943487184989782,0.3242038330253274,0.3435994955546855,0.4158306947156514,0.0,0.3278381043153333,0.0,0.3726683879035457,0.0,0.0,0.0,0.0,0.0,0.3932170772053839,0.0,0.4458068304410983,0.0,0.3803116554374187,0.0,0.0,0.0,0.4498726354850028,0.274750251021262,0.0,0.0,0.0,0.2091669552932819,0.0,0.0,0.0,0.2238629579540551,0.169501340583055,0.0,0.0,0.0,0.0,0.0,0.3311326466893295,0.0,0.0,0.0,0.0,0.3863763940454609,0.0,0.0,0.0,0.0,0.0,0.4527028424681839,0.0,0.3844589138109455,0.0,0.0,0.0,0.0,0.0,0.0,0.0,0.0,0.0,0.0,0.0,0.0,0.0,0.0,0.0,0.0,0.0,0.0,0.0,0.0
0.3333573697913805,0.3883281240741018,0.0,0.0,0.0,0.4097683504018741,0.0,0.0,0.0,0.0,0.0,0.0,0.0,0.0,0.0,0.3920818770104747,0.0,0.3775476534901178,0.0,0.2819885770200863,0.340565006239114,0.3293540788445241,0.3836847402575238,0.3883380295693569,0.3724037785176928,0.3474842641099802,0.4036277214332149,0.4011105695044312,0.3920799377248895,0.0,0.3705481298079582,0.3949497902808417,0.3647385956211646,0.4031946185829504,0.4410922345143971,0.4810392918767461,0.0,0.0,0.4376154973373747,0.4303461496225487,0.4549163011701684,0.4654146445782875,0.0,0.0,0.0,0.0,0.4462738507673371,0.0,0.0,0.0,0.4099680804974682,0.0,0.0,0.0,0.0,0.0,0.0,0.0,0.0,0.4594629923018095,0.4086588889982646,0.0,0.0,0.0,0.4387542932715083,0.4360557173740611,0.4509239556321297,0.470534507038799,0.0,0.3230213936745731,0.4878248769279269,0.4642334733612803,0.4334705672618079,0.4443316723031364,0.0,0.4300855251000547
0.3754296482336082,0.3648223766103489,0.0,0.0,0.3752194703391663,0.4050493220586424,0.4503268117808036,0.4548996027223551,0.3661476698287405,0.319985738669125,0.0,0.0,0.4458577262140419,0.0,0.3920818770104747,0.0,0.3768749841440587,0.3402681262040534,0.0,0.4015442368178695,0.3788872752452527,0.3599729686135435,0.4224044932196494,0.3083225788183448,0.3620187786285516,0.3806541788481667,0.4259422920861638,0.4668745542454068,0.4320055626475159,0.4250531936622663,0.3465061188402311,0.4204225166115414,0.3903396450961874,0.381705443990039,0.42543689772026,0.0,0.0,0.0,0.4141714076886248,0.4013729524715675,0.4105112804925747,0.4399092195568683,0.0,0.0,0.0,0.3913788523013835,0.425982816789091,0.0,0.0,0.0,0.0,0.0,0.0,0.0,0.0,0.0,0.0,0.0,0.0,0.4365463930301516,0.4256904865012227,0.0,0.404626327675744,0.0,0.3936477223890857,0.0,0.4217449061479505,0.3478774317806806,0.0,0.4188099032541631,0.435262927115384,0.3546677016999366,0.0,0.3617870882967431,0.0,0.3989501157850799
0.3310549473526044,0.0,0.0,0.0,0.0,0.2750469176029173,0.384060778048079,0.0,0.0,0.3230007127204652,0.347320174821168,0.3390963772139937,0.4256369084296476,0.0,0.0,0.3768749841440587,0.0,0.3385035249088377,0.0,0.3459933880206026,0.0,0.360831559624404,0.0,0.3417038264328086,0.3308686323223801,0.3465984363746343,0.0,0.4064241723183839,0.3470515993720752,0.0,0.3232902952879635,0.4032383362378931,0.3319978822144375,0.3403072823673327,0.357687129175778,0.0,0.0,0.2583806437947088,0.0,0.3607881712733922,0.0,0.0,0.0,0.0,0.0,0.0,0.0,0.0,0.0,0.0,0.0,0.0,0.0,0.0,0.397036993077028,0.0,0.4049920590633186,0.0,0.0,0.0,0.0,0.3801388358972455,0.3904633321377574,0.0,0.0,0.0,0.0,0.0,0.4059171178878084,0.3978881031440502,0.403067710965543,0.0,0.0,0.0,0.0,0.0
0.3367634712971394,0.3613491905236707,0.0,0.0,0.0,0.4264344424691045,0.4272982091930503,0.4574729871395167,0.2900426601402407,0.36097285545766,0.0,0.3545470968066405,0.4632819243114719,0.0,0.3775476534901178,0.3402681262040534,0.3385035249088377,0.0,0.0,0.3979548992905107,0.3723857949752189,0.3893049324169396,0.4181131622985816,0.3271453089483535,0.3343908915434318,0.3426085759579915,0.4307074730822986,0.4614430361964556,0.4370294007311236,0.3773499587913699,0.3529880027890866,0.4585981159725363,0.3590381805030265,0.3636641805922138,0.4256444937422476,0.0,0.0,0.0,0.4000699507736636,0.3677770602373614,0.377535422658279,0.4006946074783302,0.0,0.0,0.0,0.35879630154389,0.4148371028566736,0.0,0.0,0.0,0.0,0.0,0.0,0.0,0.3757470037008028,0.0,0.3755815422945824,0.0,0.0,0.0,0.4111442257044025,0.3595931679564738,0.3719516010173459,0.0,0.0,0.0,0.4188911978804613,0.0,0.3962800494199845,0.38128612880389,0.3872933764578971,0.0,0.0,0.0,0.0,0.3759726172777051
0.0,0.0,0.2299341988342044,0.396256818344822,0.3256371527755642,0.2794488641495538,0.4409969774832488,0.4185073197126865,0.2314304923572712,0.4355946124484243,0.2209805796172318,0.3414074252474729,0.4412225373205695,0.3932170772053839,0.0,0.0,0.0,0.0,0.0,0.0,0.0,0.0,0.2812129454814165,0.0,0.0,0.0,0.3361762134826196,0.4355955294530242,0.0,0.0,0.4615427618938716,0.4393778063599731,0.0,0.4711286425114027,0.4604954567402843,0.4079323615012903,0.4467149759086558,0.404631344170387,0.3747926704099937,0.0,0.0,0.0,0.3839104909250238,0.0,0.0,0.0,0.0,0.3724257227848327,0.0,0.389499287916077,0.4725634207616364,0.4154249156723414,0.4710750927829459,0.5190469215163037,0.0,0.4446302922965725,0.0,0.3607583114429695,0.4298517567996338,0.0,0.0,0.0,0.0,0.3680966059263184,0.0,0.0,0.0,0.5089308760845868,0.0,0.0,0.0,0.522146807531355,0.0,0.0,0.0,0.0
0.3788457601901822,0.4003685213001818,0.0,0.0,0.0,0.4029325462540717,0.416606540535711,0.0,0.3871251610471245,0.2781011637026965,0.0,0.0,0.4246677227925961,0.0,0.2819885770200863,0.4015442368178695,0.3459933880206026,0.3979548992905107,0.0,0.0,0.4139176680042264,0.3304476283985135,0.2652911761778327,0.0,0.3869238201882918,0.3930537322723558,0.3694296303869383,0.382536922530485,0.3323141752025811,0.2236700219619381,0.3708616097122514,0.4098416462845408,0.3736081165232301,0.4252807597799722,0.458901242779553,0.4784324967481169,0.0,0.0,0.4375554273752437,0.3939034153157352,0.4678286244718532,0.454130849075801,0.0,0.0,0.0,0.0,0.4094346595772474,0.0,0.0,0.0,0.42197240981126,0.0,0.0,0.0,0.0,0.0,0.0,0.336795205230829,0.0,0.4382052767195606,0.3098441696528263,0.0,0.0,0.0,0.4323990817656747,0.4357282800487189,0.4258067326230075,0.4711457865430937,0.0,0.2668760966448413,0.4376843172818444,0.4575767154117194,0.4468856261381063,0.4511085620846881,0.3764838416438872,0.4169504389403299
0.3451195002336215,0.3805905739535873,0.0,0.0,0.0,0.4345435993530084,0.0,0.4093776791415045,0.0,0.0,0.0,0.3870469773141965,0.45064927413443,0.4458068304410983,0.340565006239114,0.3788872752452527,0.0,0.3723857949752189,0.0,0.4139176680042264,0.0,0.387980848956922,0.3984705901409027,0.4543271586602714,0.3764488726304319,0.3701937433791709,0.4279969494396169,0.4240989263980565,0.4151801801892921,0.0,0.3585952488534559,0.3941721728661452,0.3647499937975594,0.3837574504384865,0.4356535534287504,0.0,0.0,0.0,0.4084292385417172,0.3632910963385223,0.3998976961452163,0.4462023284855979,0.0,0.0,0.0,0.0,0.42572131297487,0.0,0.0,0.0,0.3929136050281712,0.0,0.205630527405065,0.0,0.0,0.0,0.0,0.0,0.0,0.4375612954377011,0.4095474167039454,0.0,0.0,0.0,0.402627570888903,0.3716424223113829,0.4257433455820433,0.4194945945536354,0.0,0.3707927687836179,0.4578943591130587,0.4374968431586832,0.3960792117337738,0.4019879043657284,0.0,0.3248760754357964
0.3698513758661969,0.3725939148876246,0.0,0.0,0.4181017939756675,0.404128850903301,0.4490163370762292,0.4381779952215788,0.400107211196219,0.2685004008344811,0.0,0.0,0.4531058476757681,0.0,0.3293540788445241,0.3599729686135435,0.360831559624404,0.3893049324169396,0.0,0.3304476283985135,0.387980848956922,0.0,0.4114880216678257,0.0,0.3836238206626496,0.366571079438068,0.4037558627531082,0.4414408236550053,0.4172977328888109,0.359220253463532,0.3589500228329548,0.3985104993706307,0.3635020459950285,0.4008122198160962,0.4397287164679155,0.4718558130837145,0.2351435304695059,0.0,0.4247230681824564,0.4216028847097119,0.431361786532764,0.4613953572307707,0.0,0.0,0.0,0.4007870864685547,0.4230479679377965,0.0,0.0,0.0,0.3946861031004566,0.0,0.0,0.0,0.0,0.0,0.0,0.0,0.0,0.459358988765546,0.4257167917936777,0.0,0.3576111034787699,0.0,0.4280193745138642,0.4606344563642252,0.438008265600791,0.4749016321705164,0.0,0.4171381310487035,0.4563770644407101,0.4667564040729701,0.3344054016789064,0.4383737970815954,0.0,0.4013439219384906
0.4400287071761279,0.4128036668144694,0.2760000846839482,0.3591060179164409,0.3750293571009405,0.3746632335934635,0.3994841038440183,0.3775502924668931,0.3792827595644892,0.3978892906961424,0.3264251198999827,0.3722174847244175,0.4092306809299102,0.3803116554374187,0.3836847402575238,0.4224044932196494,0.0,0.4181131622985816,0.2812129454814165,0.2652911761778327,0.3984705901409027,0.4114880216678257,0.0,0.5070324821115344,0.4097720488900562,0.4180660126279275,0.3240473631783771,0.4106918094307959,0.4037057194937478,0.4079026180164854,0.4268232272867412,0.4067922665977564,0.4019663803214865,0.443321977408271,0.4967646359429772,0.3954436050700465,0.4172462805795346,0.3388195808331465,0.4686860888727254,0.4614837118502085,0.4823935526793794,0.4958579178202413,0.4582715170788652,0.0,0.0,0.0,0.4342681699599344,0.5264146698339044,0.0,0.4695385015391897,0.4711964532973304,0.4828641590455203,0.4518703058426196,0.5183678424490515,0.0,0.4855809374661735,0.0,0.4768501504420926,0.4574094229211937,0.4635330954261498,0.0,0.0,0.0,0.5242601882387435,0.4625231207444996,0.4719184879718171,0.4623088876560158,0.4808365776687674,0.0,0.2804131972324463,0.4643338991179884,0.4764345147446832,0.4756421341414704,0.4682170642343787,0.466331747275456,0.4773786291916885
0.3575864341866512,0.0,0.0,0.0,0.0,0.0,0.3466881671704034,0.5109043900442679,0.347407830637924,0.3041033232816501,0.3688493165716863,0.2750172341230237,0.4329737000442905,0.0,0.3883380295693569,0.3083225788183448,0.3417038264328086,0.3271453089483535,0.0,0.0,0.4543271586602714,0.0,0.5070324821115344,0.0,0.3169242291454276,0.3003035594582542,0.5183925360101749,0.2943926210860166,0.0,0.0,0.3301365926895226,0.2996552405282208,0.2631796256996925,0.2567195564250296,0.2995449036370294,0.3940512302463315,0.2809154954133415,0.2432457059957512,0.3274268526522674,0.3369086585433347,0.3017331437849457,0.0,0.0,0.0,0.2555584713849357,0.3691375645905082,0.0,0.0,0.0,0.0,0.0,0.0,0.0,0.0,0.3772735514604018,0.0,0.3876587337331995,0.0,0.0,0.0,0.4077965835413184,0.4064826163218518,0.4061479347706234,0.0,0.0,0.0,0.0,0.0,0.3537517448880219,0.4018328412742432,0.4047348127263214,0.0,0.4550753907915448,0.0,0.0,0.3859531097268334
0.3430517563117283,0.3590719395442808,0.0,0.0,0.32824893534257,0.3577253159475936,0.3788181263614655,0.4607375324624178,0.2796013252850071,0.3204570094139365,0.0,0.3492194447085384,0.3965922675905767,0.0,0.3724037785176928,0.3620187786285516,0.3308686323223801,0.3343908915434318,0.0,0.3869238201882918,0.3764488726304319,0.3836238206626496,0.4097720488900562,0.3169242291454276,0.0,0.3331246656291295,0.3971104139934009,0.4099654131069762,0.3983780336249963,0.0,0.3476309533135002,0.3935012609092702,0.3098702622861286,0.3391969621580984,0.3866065538769209,0.0,0.0,0.2545500747570335,0.4128689981871586,0.375930864963787,0.3891101152281459,0.4159730700206216,0.0,0.0,0.0,0.3752610492327534,0.4256311008225286,0.0,0.0,0.0,0.0,0.0,0.0,0.0,0.3932511435494105,0.0,0.3999437831671759,0.2812718997592201,0.0,0.3952396818927265,0.4180230241388581,0.3916562714960375,0.3866040811812761,0.0,0.3752901697103964,0.3787587861453392,0.4438006292871642,0.3166678158525831,0.4001572450510595,0.3961304756753598,0.4024574041656549,0.0,0.0,0.388556878784695,0.0,0.3898550565472867
0.313098643745503,0.3785354445833347,0.0,0.0,0.3158306666777252,0.3841536477991553,0.3656088122274413,0.4717141712470769,0.2853362939593954,0.3293120388038832,0.2768852354743334,0.3060216590547784,0.3957261111447451,0.0,0.3474842641099802,0.3806541788481667,0.3465984363746343,0.3426085759579915,0.0,0.3930537322723558,0.3701937433791709,0.366571079438068,0.4180660126279275,0.3003035594582542,0.3331246656291295,0.0,0.4027868688349882,0.4186287699975028,0.3914773404265902,0.0,0.3507560792489776,0.3946847520869422,0.3303476019308402,0.3568199309365356,0.4042315790594403,0.4454337793874104,0.0,0.2835255727046077,0.4194247307451719,0.391823928083053,0.4154073290854829,0.4343024916845335,0.0,0.0,0.3298563862213224,0.3902528196695911,0.4436968657888969,0.0,0.0,0.0,0.3932705961511024,0.0,0.0,0.0,0.4022115391569489,0.0,0.4000084595038513,0.3060963204535212,0.0,0.4839749501040981,0.4387031881375157,0.4108358702226021,0.4014713605948101,0.0,0.4362793304848141,0.4615344510572204,0.4503571352292058,0.4900338044927643,0.4075372249671888,0.4115037904560641,0.4303868793671426,0.4614409144385117,0.3349018939454287,0.4771629211250012,0.0,0.399690520357752
0.4119026194183136,0.4139202770934577,0.3007372980870959,0.3753150670401027,0.3594345900171477,0.3583741102817009,0.4059112197461174,0.448964562826017,0.2992308435043408,0.3751505484870794,0.3390462751150821,0.3122219935092551,0.4128937912884482,0.4498726354850028,0.4036277214332149,0.4259422920861638,0.0,0.4307074730822986,0.3361762134826196,0.3694296303869383,0.4279969494396169,0.4037558627531082,0.3240473631783771,0.5183925360101749,0.3971104139934009,0.4027868688349882,0.0,0.4098602813250127,0.3828497047344648,0.3922646019395299,0.3941211931458813,0.408444489131848,0.3709815530196302,0.4334077058804427,0.4528370444837599,0.4523170065361933,0.4059693431469129,0.0,0.464594054684574,0.4174846371182928,0.4861866445578069,0.4965026648625374,0.4550166998417899,0.0,0.0,0.0,0.3723125881934397,0.5372571724237544,0.0,0.5001945148295653,0.474022143905303,0.5057721734697423,0.4857193914927236,0.5304819377659712,0.0,0.509318323366055,0.0,0.4993576830184934,0.4778397546998764,0.4493677510437411,0.0,0.0,0.0,0.5305920774867819,0.4522339927738266,0.4657035414353383,0.452106079152395,0.4816841322109525,0.0,0.0,0.4430345302334543,0.4711217677230003,0.4855413764334872,0.4824359113729234,0.4500288676200035,0.4765218939740731
0.3849457018888371,0.4325889048497034,0.4277776912330898,0.2198593679190084,0.3372900984493353,0.3706596949113445,0.3417340003424168,0.412831436401233,0.429184812522177,0.3333583516400722,0.4353920209318467,0.2684910110282503,0.3370144453370078,0.274750251021262,0.4011105695044312,0.4668745542454068,0.4064241723183839,0.4614430361964556,0.4355955294530242,0.382536922530485,0.4240989263980565,0.4414408236550053,0.4106918094307959,0.2943926210860166,0.4099654131069762,0.4186287699975028,0.4098602813250127,0.0,0.3460434190461258,0.2969573030265084,0.3681433917494168,0.3689215861165255,0.3005662635420053,0.3247543042338257,0.3153840341514717,0.2493668182214199,0.255536445379781,0.2062353590057122,0.3623031094915163,0.2437573798649731,0.2406987165212533,0.3103500650067389,0.3186385650434092,0.0,0.245699688134504,0.0,0.0,0.3430865937447684,0.0,0.0,0.4664926622793293,0.0,0.4419917807983511,0.3207871275724447,0.3252332848729136,0.0,0.2824520617333397,0.368075431026775,0.0,0.4031830914735039,0.0,0.0,0.0,0.0,0.4428500713141393,0.0,0.0,0.4687651993695538,0.0,0.295596591356979,0.3516651487382655,0.4618295652993595,0.3356032104157569,0.481718803269666,0.0,0.3762589339076688
0.4211432899263917,0.4033499827504196,0.0,0.0,0.3725519888237695,0.3464893477219335,0.401009667425268,0.395579114581593,0.4002072614850587,0.2919149744009952,0.0,0.0,0.3969671317937535,0.0,0.3920799377248895,0.4320055626475159,0.3470515993720752,0.4370294007311236,0.0,0.3323141752025811,0.4151801801892921,0.4172977328888109,0.4037057194937478,0.0,0.3983780336249963,0.3914773404265902,0.3828497047344648,0.3460434190461258,0.0,0.3280663489455225,0.3685540369176696,0.4019232838238787,0.366502628455881,0.4218196007968408,0.4593039533292742,0.4754053786456302,0.3836839052055982,0.0,0.4525845678344306,0.0,0.5257305853965205,0.4546855111970869,0.4047612107394461,0.0,0.0,0.0,0.3967410693588127,0.3683102817905943,0.0,0.0,0.4719090086248974,0.3374480842862596,0.4010169798217406,0.3064266064478046,0.0,0.0,0.0,0.4770810004562651,0.0,0.4310295816704172,0.0,0.0,0.0,0.0,0.4487332089690539,0.4363281162676552,0.4320901922594484,0.4624406597427844,0.0,0.0,0.425457402677425,0.4559884910587739,0.4822083640745005,0.4564679485045438,0.4207209712497655,0.4769346351353891
0.0,0.0,0.0,0.0,0.0,0.3931127479277007,0.0,0.401370035248664,0.4046075204023234,0.0,0.0,0.0,0.3742868124338793,0.0,0.0,0.4250531936622663,0.0,0.3773499587913699,0.0,0.2236700219619381,0.0,0.359220253463532,0.4079026180164854,0.0,0.0,0.0,0.3922646019395299,0.2969573030265084,0.3280663489455225,0.0,0.3220712825293708,0.3703406964010841,0.0,0.3648960101853923,0.3929054365417606,0.0,0.0,0.0,0.0,0.0,0.0,0.0,0.0,0.0,0.0,0.0,0.0,0.0,0.0,0.0,0.0,0.0,0.0,0.0,0.0,0.0,0.0,0.0,0.0,0.0,0.0,0.0,0.0,0.0,0.4325551290641192,0.0,0.0,0.4651521512500842,0.0,0.0,0.0,0.4556701424954187,0.0,0.3961464864869529,0.0,0.0
0.3409087026658501,0.3460713743688204,0.4385395066871683,0.2319568581144858,0.4218521080145815,0.4071135434211259,0.3939394415907642,0.4222523134293303,0.4422412779129192,0.3023726101069196,0.4600007405459603,0.3141756136613434,0.4002502871075097,0.0,0.3705481298079582,0.3465061188402311,0.3232902952879635,0.3529880027890866,0.4615427618938716,0.3708616097122514,0.3585952488534559,0.3589500228329548,0.4268232272867412,0.3301365926895226,0.3476309533135002,0.3507560792489776,0.3941211931458813,0.3681433917494168,0.3685540369176696,0.3220712825293708,0.0,0.3968426774128821,0.3228113590865302,0.2656080826270465,0.2964838031898806,0.3983907304219051,0.2993593874819754,0.2622316115750767,0.3964339168665542,0.3533373594835873,0.3524664227416047,0.0,0.3275169226892748,0.0,0.0,0.0,0.3965184261017182,0.0,0.0,0.0,0.4746489500523422,0.0,0.4494146637094517,0.0,0.3550266067738838,0.0,0.3778401938958549,0.0,0.0,0.4360441236167899,0.3943313714980387,0.3639811238476459,0.3822849813849408,0.0,0.4358944161484842,0.0,0.4129484609333489,0.4770133640598568,0.3928561517113446,0.3912708357327772,0.4045761301647616,0.4720448928541106,0.3451697287849156,0.473668277962838,0.0,0.3853812409818389
0.3954766518262783,0.3849757534930473,0.4318986968383248,0.2729122804758658,0.3690706275108949,0.3974794123835509,0.3799984326526854,0.3558192642341342,0.4274504359949391,0.2823823435592,0.4013201923718058,0.2415373671899306,0.3880818259498605,0.2091669552932819,0.3949497902808417,0.4204225166115414,0.4032383362378931,0.4585981159725363,0.4393778063599731,0.4098416462845408,0.3941721728661452,0.3985104993706307,0.4067922665977564,0.2996552405282208,0.3935012609092702,0.3946847520869422,0.408444489131848,0.3689215861165255,0.4019232838238787,0.3703406964010841,0.3968426774128821,0.0,0.3379922416500601,0.3742152744417532,0.3724386083453959,0.2855072202266505,0.2963959723306531,0.2483448119277268,0.3049341849600797,0.2845712472800381,0.3433304057847055,0.340568444138598,0.2901648526921569,0.265818089137087,0.2556300908610374,0.4032607166630712,0.4297609464927401,0.4585097704442143,0.0,0.3474336419210492,0.4545682196372907,0.3021220971136925,0.4314351292211839,0.4655089444324168,0.2888171634012384,0.3778274215532871,0.2559267298125444,0.4766764729941664,0.0,0.4491156718646336,0.4615621030499308,0.3791452859919395,0.4610735318628653,0.3819466509312453,0.434422355148881,0.4345019804183486,0.438077982120439,0.463901990606846,0.2643259730256853,0.4341788367498223,0.4342737287091637,0.458527638959382,0.3767230701276784,0.4499086360980871,0.0,0.429809266483146
0.3293596511537086,0.3252885898834935,0.3180907102611523,0.0,0.3341311975274862,0.3806875873699298,0.3619220525155689,0.465602445151365,0.387052237291615,0.2862799469909455,0.388689269444581,0.2339608093876782,0.3886753485484028,0.0,0.3647385956211646,0.3903396450961874,0.3319978822144375,0.3590381805030265,0.0,0.3736081165232301,0.3647499937975594,0.3635020459950285,0.4019663803214865,0.2631796256996925,0.3098702622861286,0.3303476019308402,0.3709815530196302,0.3005662635420053,0.366502628455881,0.0,0.3228113590865302,0.3379922416500601,0.0,0.222647223453914,0.4375910531490066,0.4523072464472588,0.2409597751293864,0.1640031269333401,0.2983384405056839,0.2151744818813375,0.2370936800899223,0.3605299357790467,0.0,0.0,0.1835308947674878,0.3717323003304636,0.4222219218353212,0.0,0.0,0.0,0.0,0.0,0.0,0.0,0.302540814005346,0.0,0.3174688379899231,0.0,0.0,0.4670954879387168,0.4231702788975263,0.3786736750985642,0.3895548772538927,0.0,0.4189210799884739,0.4464519481273019,0.4332547556704079,0.4393324434430353,0.2891744251434964,0.3892547967182139,0.4020590827758243,0.0,0.3013764286009635,0.0,0.0,0.3379557708891565
0.353294542221285,0.3616434493506329,0.4545215499292866,0.2730361461732267,0.4068772450832842,0.410097941072547,0.380623165301476,0.4372029628297482,0.4439195937148253,0.275225051862353,0.4520883758579228,0.2214731309622872,0.3955608036989473,0.0,0.4031946185829504,0.381705443990039,0.3403072823673327,0.3636641805922138,0.4711286425114027,0.4252807597799722,0.3837574504384865,0.4008122198160962,0.443321977408271,0.2567195564250296,0.3391969621580984,0.3568199309365356,0.4334077058804427,0.3247543042338257,0.4218196007968408,0.3648960101853923,0.2656080826270465,0.3742152744417532,0.222647223453914,0.0,0.3379855909224135,0.427779782361908,0.3047860246463682,0.1653037674403291,0.3323207395924384,0.2788153069417227,0.2552472478923247,0.3526744061403158,0.270263976197015,0.2459689514673138,0.2139725559433584,0.3690430104661639,0.418525063394547,0.3420008003457159,0.0,0.0,0.5050586186111473,0.2393635603208773,0.4613311119729392,0.3191731563339399,0.337406325072818,0.0,0.3264308118125145,0.2856896950640809,0.0,0.474915895067267,0.4148246791115855,0.3656091824136638,0.3860419542089277,0.0,0.4512397681362353,0.4481427167071048,0.4422447024883765,0.486266792030726,0.2888528777549844,0.3904512792069096,0.4148417940463249,0.4790547182057392,0.2578893043381038,0.4935048860589853,0.0,0.3546176106760038
0.4162246069392257,0.4055983140675108,0.4222346129455838,0.292692418302278,0.4022336850327236,0.4128452573525259,0.370420237046335,0.4521722747531153,0.4447837492792143,0.2958522887236574,0.4247645533203962,0.2493387680851617,0.3986813458928254,0.0,0.4410922345143971,0.42543689772026,0.357687129175778,0.4256444937422476,0.4604954567402843,0.458901242779553,0.4356535534287504,0.4397287164679155,0.4967646359429772,0.2995449036370294,0.3866065538769209,0.4042315790594403,0.4528370444837599,0.3153840341514717,0.4593039533292742,0.3929054365417606,0.2964838031898806,0.3724386083453959,0.4375910531490066,0.3379855909224135,0.0,0.4326536187114878,0.3292952071755262,0.2020405978441666,0.3199653895621664,0.3140664852123363,0.2767260588397838,0.3452451239380093,0.2811933923231578,0.2760378880855637,0.2383064622351066,0.0,0.4436077687004977,0.0,0.0,0.0,0.4343235585700728,0.0,0.0,0.0,0.0,0.0,0.2506192679764403,0.2328876913305022,0.0,0.4948914108384493,0.4397053684927886,0.0,0.0,0.0,0.456026947885544,0.0,0.4665222343509058,0.508695440584273,0.0,0.4192077575109494,0.443810877354389,0.490943937282344,0.2529430926355328,0.4631469065341784,0.0,0.0
0.0,0.0,0.4048110699289455,0.1737875840242066,0.2671349881398371,0.4009462664806205,0.3023326190354941,0.222406717968912,0.434766856923395,0.3537893909242158,0.3262168026386286,0.3044444544927164,0.3324410452175831,0.2238629579540551,0.4810392918767461,0.0,0.0,0.0,0.4079323615012903,0.4784324967481169,0.0,0.4718558130837145,0.3954436050700465,0.3940512302463315,0.0,0.4454337793874104,0.4523170065361933,0.2493668182214199,0.4754053786456302,0.0,0.3983907304219051,0.2855072202266505,0.4523072464472588,0.427779782361908,0.4326536187114878,0.0,0.187108104821032,0.272233287519229,0.2674473058174899,0.0,0.2928634769283468,0.0,0.2772350676550769,0.2468217205312632,0.2316452468784102,0.0,0.0,0.3961364618301595,0.0,0.2895587480781457,0.4266222329146305,0.3320733172471858,0.2800191025763891,0.4155362663541802,0.0,0.3466579192276132,0.0,0.3548785217624225,0.0,0.0,0.0,0.0,0.0,0.3797428609723049,0.0,0.0,0.0,0.4555523550334663,0.0,0.0,0.0,0.4347938648373869,0.2932889227999619,0.3758157122681026,0.0,0.0
0.0,0.0,0.4127693622575807,0.1666831545716117,0.3655086387881515,0.409810953546635,0.3203884821889693,0.1889423510412657,0.4477417490594193,0.265490397442011,0.4220509430768982,0.2751815159577492,0.3511667443430827,0.169501340583055,0.0,0.0,0.0,0.0,0.4467149759086558,0.0,0.0,0.2351435304695059,0.4172462805795346,0.2809154954133415,0.0,0.0,0.4059693431469129,0.255536445379781,0.3836839052055982,0.0,0.2993593874819754,0.2963959723306531,0.2409597751293864,0.3047860246463682,0.3292952071755262,0.187108104821032,0.0,0.2556841386305652,0.2700780831299815,0.0,0.2580042286604886,0.2917531999199529,0.2423207411175731,0.0,0.0,0.0,0.0,0.0,0.0,0.0,0.0,0.0,0.0,0.0,0.0,0.0,0.0,0.0,0.0,0.0,0.0,0.0,0.0,0.0,0.0,0.0,0.0,0.3671462766577675,0.0,0.0,0.0,0.0,0.0,0.0,0.0,0.0
0.3766286209024969,0.0,0.0,0.0,0.3684514353071765,0.3521859369713233,0.368690326162565,0.0,0.439008792504351,0.2460864064794448,0.4325428483513088,0.2051130667524778,0.3549403332553316,0.0,0.0,0.0,0.2583806437947088,0.0,0.404631344170387,0.0,0.0,0.0,0.3388195808331465,0.2432457059957512,0.2545500747570335,0.2835255727046077,0.0,0.2062353590057122,0.0,0.0,0.2622316115750767,0.2483448119277268,0.1640031269333401,0.1653037674403291,0.2020405978441666,0.272233287519229,0.2556841386305652,0.0,0.2287097375395806,0.1883560024822467,0.2221336148687921,0.3165337834806476,0.0,0.0,0.1982023882748841,0.0,0.0,0.0,0.0,0.0,0.0,0.0,0.0,0.0,0.2730566024075452,0.0,0.2775584724028191,0.0,0.0,0.0,0.0,0.0,0.0,0.0,0.0,0.0,0.0,0.0,0.2685994355631391,0.2831425455029182,0.336979774481229,0.0,0.2686796296733961,0.0,0.0,0.0
0.4047808279145147,0.4350807045560274,0.3645298394212255,0.0,0.3231978979927902,0.4604575918038934,0.3311789913083033,0.4071841170343352,0.4486189467309187,0.257888594842598,0.3330789667337444,0.2496237714855848,0.4099495347192007,0.0,0.4376154973373747,0.4141714076886248,0.0,0.4000699507736636,0.3747926704099937,0.4375554273752437,0.4084292385417172,0.4247230681824564,0.4686860888727254,0.3274268526522674,0.4128689981871586,0.4194247307451719,0.464594054684574,0.3623031094915163,0.4525845678344306,0.0,0.3964339168665542,0.3049341849600797,0.2983384405056839,0.3323207395924384,0.3199653895621664,0.2674473058174899,0.2700780831299815,0.2287097375395806,0.0,0.3127974660425924,0.3728487638984554,0.3801471815364434,0.2593495302528886,0.3101881973713145,0.2489912679397816,0.3965885813968643,0.3761196262092766,0.4275533942723525,0.2734905450428787,0.3262265313596121,0.3983967230459873,0.3812817768576796,0.3665794612260533,0.4308828728407557,0.2912786797667279,0.392153356767512,0.2467868695806746,0.3897166763507483,0.2391005724146537,0.3972610767651248,0.4143063902072141,0.3890875577302254,0.4124262015995857,0.4201813712304896,0.4073081814210042,0.3799979188175943,0.3985557518661005,0.4132068618690511,0.2901060617716064,0.3847029296826809,0.3909653709094959,0.4103049322467828,0.3495333077858957,0.4055255308736071,0.3879542194071381,0.3777263884026782
