0.0,0.3608329047448249,0.0,0.0,0.0,0.4231023665162662,0.0,0.4425858972230818,0.0,0.3463219763929882,0.0,0.3626638871451995,0.3977787471749012,0.0,0.3676112128807294,0.3834027348548698,0.3479523396944434,0.3705798141433431,0.0,0.4236760710318031,0.3752672689715946,0.3550009287056896,0.4306892877865375,0.3460837274991296,0.3510710722221729,0.3777505515536791,0.496073084591757,0.4150129347434113,0.3990588725230405,0.0,0.3583040671766445,0.3760663517679061,0.2844272463613647,0.3637773163933557,0.4055267812497642,0.0,0.0,0.3039508377488989,0.4178615948667497,0.3313181081613619,0.4011884868405027,0.0,0.0,0.0,0.0,0.3492074455540445,0.4472656558263281,0.0,0.0,0.0,0.0,0.0,0.0,0.0,0.3753652980972488,0.0,0.0,0.0,0.0,0.0,0.4149896644700881,0.0,0.4052765550561708,0.0,0.0,0.3550776599507376,0.4357224137572822,0.0,0.3510370624649129,0.4187922908359025,0.4342660263981133,0.0,0.0,0.0,0.0,0.3795757385397689
0.3608329047448249,0.0,0.0,0.0,0.3608105004639811,0.3812919418898117,0.4128383505696082,0.4048749154477175,0.346531485300864,0.0,0.0,0.0,0.4202231618239713,0.0,0.4259457942847268,0.4061130705542915,0.3237582194096042,0.397498505459274,0.0,0.4150755216757779,0.3957098696937884,0.4104781610692249,0.4354386268428372,0.0,0.3849614335392669,0.3911843512292308,0.4169384213375033,0.4199612644059227,0.3944509256832858,0.0,0.3698375611940163,0.3914272518483606,0.3376583117544584,0.3723272038345484,0.4276412990489354,0.0,0.0,0.0,0.4200125897714006,0.4183406731834536,0.410863205938026,0.4520186144991412,0.0,0.0,0.0,0.4382202103958822,0.4443687216050945,0.0,0.0,0.0,0.3821179211067837,0.0,0.0,0.0,0.0,0.0,0.0,0.0,0.0,0.4814367317736769,0.4139614072240329,0.0,0.3971622675463635,0.0,0.4081005642723535,0.4774433283748577,0.4422061177911811,0.4663965749846405,0.0,0.4107857106470459,0.469162382690116,0.4269655630942189,0.0,0.3994322941906149,0.0,0.3986515475705659
0.0,0.0,0.0,0.0,0.4249718330988409,0.3904551721919403,0.4136151140955112,0.3877762129978284,0.319002834045419,0.0,0.2977543071842908,0.0,0.4281249059596809,0.4053708015799253,0.0,0.0,0.0,0.0,0.2316425080509028,0.0,0.0,0.0,0.2754643496844468,0.0,0.0,0.0,0.3168227998907887,0.4400056239079634,0.0,0.0,0.4233626769401572,0.3900852441137389,0.3050438410583874,0.4310606078293585,0.4205107931690132,0.3945522524438947,0.3927583380550574,0.0,0.2647812781511835,0.0,0.3004666900755862,0.0,0.4106802174223732,0.0,0.0,0.0,0.0,0.2219645834978133,0.0,0.231173520622488,0.4602304757098583,0.2032350054939311,0.3695716297359044,0.3464214008158479,0.0,0.2593312037855317,0.0,0.3188013394995498,0.3145885141741362,0.0,0.0,0.0,0.0,0.2153660306432867,0.0,0.0,0.0,0.3840265068928222,0.0,0.0,0.0,0.388765207687013,0.2800912003478131,0.0,0.0,0.0
0.0,0.0,0.0,0.0,0.2258241265928705,0.3717138349958426,0.2088983237043606,0.306659211750359,0.3626481278332147,0.0,0.3438355903914078,0.2047612057783618,0.2187910298666414,0.2649408729100781,0.0,0.0,0.0,0.0,0.3370135892208874,0.0,0.0,0.0,0.3627956562879485,0.0,0.0,0.0,0.3694228324008392,0.1991976330023066,0.2856709638158657,0.0,0.0,0.238631571210317,0.0,0.330512775637267,0.3100036550171128,0.1869670053598359,0.1639877052562936,0.0,0.0,0.0,0.0,0.0,0.0,0.0,0.0,0.0,0.0,0.0,0.0,0.0,0.0,0.0,0.0,0.0,0.0,0.0,0.0,0.0,0.0,0.0,0.0,0.0,0.0,0.0,0.0,0.0,0.0,0.0,0.0,0.0,0.0,0.0,0.0,0.0,0.0,0.0
0.0,0.3608105004639811,0.4249718330988409,0.2258241265928705,0.0,0.4056750115426877,0.3424073614213627,0.3964873045559899,0.3588379707774666,0.4472352128604593,0.3345342399306423,0.3122431127160838,0.373971512470975,0.2403543764083231,0.0,0.3690813836530274,0.0,0.0,0.3803104713895018,0.4157552392761902,0.0,0.4134680119919872,0.3952179324400638,0.0,0.3346221397738502,0.3756690202640259,0.4103726561309322,0.3690382999175988,0.4117752669090601,0.0,0.4236017013638657,0.3454082314701902,0.3682548508476652,0.403064103302967,0.3920577677934631,0.2623929875803276,0.261975521346892,0.3095424782674058,0.3303776435760525,0.0,0.0,0.0,0.323348063106776,0.0,0.0,0.0,0.0,0.4284220956827322,0.0,0.3684112037734795,0.419927130912813,0.0,0.4075573996204559,0.4094833901260667,0.0,0.37155425307803,0.0,0.0,0.0,0.0,0.0,0.0,0.0,0.3840326899867782,0.0,0.0,0.0,0.4603624268345194,0.0,0.0,0.0,0.4550248701212808,0.0,0.0,0.0,0.0
0.4231023665162662,0.3812919418898117,0.3904551721919403,0.3717138349958426,0.4056750115426877,0.0,0.4157368952824983,0.3870378766095743,0.3656257848370696,0.4056910200869731,0.3700335048051458,0.338987570330939,0.4211170765683613,0.3853156505455959,0.4196091735474866,0.3855047307458698,0.2707223972984646,0.3716989050428556,0.2832361083907426,0.3984467119166675,0.3950918718758151,0.4136902473269083,0.4060680244766823,0.0,0.3530519615400737,0.4156540353917188,0.3963269409966775,0.3955690441942865,0.3509149910917877,0.4070908896694561,0.4187199914409815,0.3911922546750735,0.3265204932314883,0.4192584324268468,0.4202327600882475,0.4151323669832305,0.3959914110633669,0.3309970938136413,0.4193270595179572,0.0,0.4448304549133852,0.4064338817504093,0.3741858162293978,0.0,0.0,0.0,0.3052645014599193,0.4875017887504162,0.0,0.372053178369599,0.4519871500280782,0.4297555557022708,0.4225505660285901,0.4857195085643704,0.0,0.4124486496153592,0.0,0.4502169530721883,0.0,0.415468266666761,0.0,0.0,0.0,0.4461413609171912,0.386508022693678,0.3577115046695217,0.4933320623986423,0.4527741695165433,0.0,0.0,0.3720476688324771,0.4534376389837923,0.4429843327419302,0.4195739456392956,0.0,0.4380317422211513
0.0,0.4128383505696082,0.4136151140955112,0.2088983237043606,0.3424073614213627,0.4157368952824983,0.0,0.4114445237947273,0.4142721639048271,0.4627477600485442,0.3997496727452818,0.3472402974178069,0.3387765640284347,0.3180597835367727,0.0,0.4440341457888572,0.3982173894714096,0.4364257727549115,0.4193472591779265,0.4148097007648827,0.0,0.443243645186863,0.4036115543595653,0.0,0.3950105644319446,0.455619227722424,0.4141000748844182,0.3701957618588382,0.4421405959346322,0.0,0.4077793633307552,0.3611797658175091,0.3576765998162302,0.398361705486307,0.3717597386182247,0.3266847636187206,0.2929659036216313,0.3373391394460121,0.313576944608942,0.0,0.315648443117947,0.0,0.3194748785703722,0.0,0.0,0.0,0.0,0.383681988463186,0.0,0.0,0.4224698918421667,0.0,0.3888999420329339,0.3668448835093323,0.0,0.315088444247603,0.0,0.0,0.0,0.0,0.0,0.0,0.0,0.3275287324329388,0.0,0.0,0.0,0.4632534244808649,0.0,0.0,0.0,0.4507911433200449,0.0,0.0,0.0,0.0
0.4425858972230818,0.4048749154477175,0.3877762129978284,0.306659211750359,0.3964873045559899,0.3870378766095743,0.4114445237947273,0.0,0.4375178751550116,0.398624373397945,0.2286174695714271,0.0,0.4144430311005535,0.2996943504775382,0.0,0.4297051626103383,0.0,0.4281962306247482,0.3843979034368131,0.0,0.2706398522512506,0.0,0.2808137120889444,0.4606695861401536,0.4394688096091829,0.4598298912772034,0.4179382563308962,0.402488724225621,0.362962262281649,0.3614482422963212,0.4066587245141217,0.3198732124143739,0.4181960961544632,0.4138876084774747,0.408831051659523,0.2356781008189623,0.1904758683082273,0.0,0.3732065190550621,0.0,0.4116515631942198,0.0,0.3198444622555281,0.0,0.0,0.0,0.0,0.4639766703967345,0.0,0.3955725221069052,0.4009877884430285,0.4184214208373523,0.2600155347859054,0.4654335085064047,0.0,0.3816312578800544,0.0,0.4141497220419849,0.0,0.3387242848340306,0.0,0.0,0.0,0.436779225319555,0.3763659399647031,0.1756004920994936,0.0,0.4023092951877582,0.0,0.0,0.0,0.4310668024067849,0.3996139271913248,0.3632759357227311,0.0,0.3846319690291781
0.0,0.346531485300864,0.319002834045419,0.3626481278332147,0.3588379707774666,0.3656257848370696,0.4142721639048271,0.4375178751550116,0.0,0.4422519849818121,0.3320148472010445,0.3560767839290651,0.3838748010321496,0.4063245665497205,0.0,0.3945552361918115,0.0,0.3016675838422624,0.2815103176786572,0.4012711030069513,0.0,0.3907335930836827,0.3932283717715273,0.0,0.4045504301224771,0.4036999011915225,0.3701649108248307,0.4361236517536268,0.4114040426466708,0.4252960533153124,0.4392036002251225,0.4030419056335269,0.3599306066077322,0.4335652699881719,0.4510850025465172,0.4050999990310631,0.4106175181674648,0.3928264145228718,0.3580114077777518,0.0,0.3126665772549594,0.0,0.3915219487314795,0.0,0.0,0.0,0.0,0.486201091351392,0.0,0.406262273210623,0.4766352899763999,0.403882574004214,0.4742771923465335,0.4733359279240161,0.0,0.4399856239973329,0.0,0.3774049010958802,0.4369173965847073,0.0,0.0,0.0,0.0,0.464098312489942,0.0,0.0,0.0,0.4850087952416156,0.0,0.0,0.0,0.4916268357314193,0.3406292245490383,0.0,0.0,0.0
0.3463219763929882,0.0,0.0,0.0,0.4472352128604593,0.4056910200869731,0.4627477600485442,0.398624373397945,0.4422519849818121,0.0,0.4074467597393504,0.2716496839601015,0.4016384331799967,0.0,0.0,0.3862380155437629,0.33149718855068,0.3920459451245965,0.3865419467921659,0.2869203256228093,0.0,0.3025046706066286,0.4052744742347203,0.2612059442756436,0.3712687731957578,0.3809320083191837,0.3716949801834975,0.3860029634307415,0.2645010449340535,0.0,0.2717756581368051,0.3100523082307109,0.3036923620313496,0.2845096094943684,0.3440885437960447,0.3376326804292823,0.2481674747679532,0.2224590538192047,0.4284484888331261,0.3030390085197977,0.3386383036648865,0.0,0.0,0.0,0.2851401372863233,0.381328898808654,0.0,0.0,0.0,0.0,0.0,0.0,0.0,0.0,0.4060867546478947,0.0,0.4103528868782929,0.3881461954264996,0.0,0.0,0.0,0.4140739395117119,0.4109038269338296,0.0,0.0,0.0,0.0,0.0,0.378591955752306,0.4239186290069238,0.4413251457679343,0.0,0.4024556171505326,0.0,0.0,0.3890671646407844
0.0,0.0,0.2977543071842908,0.3438355903914078,0.3345342399306423,0.3700335048051458,0.3997496727452818,0.2286174695714271,0.3320148472010445,0.4074467597393504,0.0,0.3216514368073871,0.4073165062047992,0.1632017533747732,0.0,0.0,0.3338333467409926,0.0,0.2420698963156162,0.0,0.0,0.0,0.2454557558665092,0.0,0.0,0.2986826996878075,0.3488765306589452,0.4053858596661133,0.0,0.0,0.4136292099953874,0.3485195147544952,0.3454869606034212,0.4066248261836897,0.3909487762645321,0.2620466802120041,0.3381813024755854,0.3248725673016345,0.2937231832911368,0.0,0.0,0.0,0.33778137089306,0.0,0.0,0.0,0.0,0.3125051986161004,0.0,0.3255263686002032,0.4122997983018204,0.3466252263505291,0.3849698949315096,0.4281697500693904,0.0,0.2643281761796701,0.0,0.3336491792411311,0.359598149205908,0.0,0.0,0.0,0.0,0.2197965135965585,0.0,0.0,0.0,0.3920790878005264,0.0,0.0,0.0,0.4467212413785429,0.2883915351150735,0.0,0.0,0.0
0.3626638871451995,0.0,0.0,0.2047612057783618,0.3122431127160838,0.338987570330939,0.3472402974178069,0.0,0.3560767839290651,0.2716496839601015,0.3216514368073871,0.0,0.3745110452000606,0.0,0.0,0.0,0.3595177227005519,0.4541545818519032,0.3089388596548926,0.0,0.0,0.0,0.3250553753021792,0.2564948376339181,0.3849200839203137,0.3085439375241847,0.2810469947086569,0.3050777503807819,0.0,0.0,0.2934856796116437,0.230434052707862,0.2648759371584758,0.2402473498153802,0.2268507411858058,0.2434942964483741,0.2453137759209685,0.2026896943214828,0.2538020989523442,0.2909854109579076,0.3657739518694193,0.0,0.0,0.0,0.2774097556075837,0.0,0.0,0.0,0.0,0.0,0.0,0.0,0.0,0.0,0.4088165943981638,0.0,0.4073257297063554,0.3631971231141456,0.0,0.0,0.0,0.4186799159405802,0.4163904286703934,0.0,0.0,0.0,0.0,0.0,0.3712674016304025,0.4353618202561384,0.4391988262093168,0.0,0.3833255460023609,0.0,0.0,0.3973832034979273
0.3977787471749012,0.4202231618239713,0.4281249059596809,0.2187910298666414,0.373971512470975,0.4211170765683613,0.3387765640284347,0.4144430311005535,0.3838748010321496,0.4016384331799967,0.4073165062047992,0.3745110452000606,0.0,0.3033849191765291,0.420537036983493,0.4446197593205748,0.4486851865236919,0.4622369771756261,0.4221644868679881,0.4279456772232271,0.4311846586365842,0.4504499483070517,0.4134794271022565,0.5106107690616604,0.4069213737454794,0.4249431127398458,0.4224267030622043,0.365179085076154,0.4295950895400509,0.3607193105595115,0.4101117870446856,0.3589053524030996,0.3872097764557161,0.4041968249025994,0.3600512183951366,0.3095010959224916,0.2800272606980077,0.3350022491267457,0.4440511782143588,0.0,0.4022346091796491,0.34197522782211,0.3448915478188131,0.0,0.0,0.0,0.0,0.3826813384488403,0.0,0.0,0.4403382322711827,0.3277962239477312,0.4364343869783931,0.0,0.0,0.3364340405192856,0.0,0.0,0.0,0.3051593826056589,0.0,0.0,0.0,0.0,0.3825803102365521,0.0,0.2790045196967274,0.4589159968319791,0.0,0.2820456146307245,0.3045578116264545,0.457042564322162,0.0,0.3958847466377245,0.0,0.0
0.0,0.0,0.4053708015799253,0.2649408729100781,0.2403543764083231,0.3853156505455959,0.3180597835367727,0.2996943504775382,0.4063245665497205,0.0,0.1632017533747732,0.0,0.3033849191765291,0.0,0.0,0.0,0.0,0.0,0.3619667874951033,0.0,0.387849647784946,0.0,0.3439540582914438,0.0,0.0,0.0,0.421179121900592,0.2349628401314584,0.0,0.0,0.0,0.2267066061275069,0.0,0.0,0.0,0.200332706957299,0.1627144851198618,0.0,0.2876847204761386,0.0,0.0,0.0,0.3287829930360911,0.0,0.0,0.0,0.0,0.3881190150345375,0.0,0.0,0.0,0.0,0.0,0.4238684944092907,0.0,0.3467772430072778,0.0,0.0,0.0,0.0,0.0,0.0,0.0,0.0,0.0,0.0,0.0,0.3762654263555308,0.0,0.0,0.0,0.4200713731975595,0.0,0.0,0.0,0.0
0.3676112128807294,0.4259457942847268,0.0,0.0,0.0,0.4196091735474866,0.0,0.0,0.0,0.0,0.0,0.0,0.420537036983493,0.0,0.0,0.4144220537297197,0.0,0.3886346203857443,0.0,0.3553776814747736,0.3280360407354555,0.3709279588529696,0.3540892184083958,0.3988265710134193,0.3840982399180884,0.4058348237611335,0.3971537158290878,0.3897771777252381,0.3707943790104387,0.0,0.4051330110666077,0.4264663926969817,0.4071961486492325,0.4381900531320763,0.484840946374061,0.4891130255150851,0.0,0.0,0.4345189340818098,0.4121574488768848,0.4644830206165152,0.482815967597489,0.0,0.0,0.0,0.0,0.4860605031885032,0.0,0.0,0.0,0.0,0.0,0.0,0.0,0.0,0.0,0.0,0.3502737233082922,0.0,0.4479477181850308,0.4481460609575079,0.0,0.0,0.0,0.4195764631413955,0.4200122271211892,0.4705950300527884,0.4362996278014875,0.0,0.3286695322828437,0.5215085159693277,0.4328452802414047,0.4070161137358712,0.4130737768754243,0.0,0.4017464963111996
0.3834027348548698,0.4061130705542915,0.0,0.0,0.3690813836530274,0.3855047307458698,0.4440341457888572,0.4297051626103383,0.3945552361918115,0.3862380155437629,0.0,0.0,0.4446197593205748,0.0,0.4144220537297197,0.0,0.4056584339130006,0.3860367449598328,0.0,0.4034107371451926,0.3905745899745456,0.3972017876919596,0.4149855787514049,0.3874224664065288,0.386479448161129,0.4204946897339369,0.417460214888147,0.4536659055299607,0.4177057959082641,0.3945705779109282,0.3832901511049223,0.4107077276548142,0.3659223195629311,0.4003185785175486,0.4542511875266243,0.0,0.0,0.0,0.4091857550350423,0.3915052872044124,0.3984065757123919,0.4248656736009009,0.0,0.0,0.0,0.4116177340817072,0.4390673290763504,0.0,0.0,0.0,0.0,0.0,0.0,0.0,0.0,0.0,0.0,0.0,0.0,0.4349859547677093,0.4057219164841746,0.0,0.3772979214009426,0.0,0.3848041172306725,0.4016924145912082,0.4319838475715806,0.3199832050014998,0.0,0.4010397852702566,0.4477849428895617,0.3516187846649475,0.0,0.3487645021960164,0.0,0.383583752759908
0.3479523396944434,0.3237582194096042,0.0,0.0,0.0,0.2707223972984646,0.3982173894714096,0.0,0.0,0.33149718855068,0.3338333467409926,0.3595177227005519,0.4486851865236919,0.0,0.0,0.4056584339130006,0.0,0.3609606620957989,0.0,0.3533815351748757,0.0,0.3645291274036368,0.0,0.3458229477338502,0.374018822684023,0.4071557810206637,0.0,0.4217172636897739,0.3257059062629249,0.0,0.3589630996780856,0.3910463008800711,0.3370642957921349,0.3599076949979135,0.3941042928326702,0.0,0.0,0.0,0.0,0.3740898850353222,0.0,0.0,0.0,0.0,0.0,0.0,0.0,0.0,0.0,0.0,0.0,0.0,0.0,0.0,0.408546061365871,0.0,0.4195278809173242,0.0,0.0,0.0,0.0,0.386913474431016,0.3845364730470454,0.0,0.0,0.0,0.0,0.0,0.4179854509368786,0.3931557427317964,0.4196949250761618,0.0,0.0,0.0,0.0,0.0
0.3705798141433431,0.397498505459274,0.0,0.0,0.0,0.3716989050428556,0.4364257727549115,0.4281962306247482,0.3016675838422624,0.3920459451245965,0.0,0.4541545818519032,0.4622369771756261,0.0,0.3886346203857443,0.3860367449598328,0.3609606620957989,0.0,0.0,0.4017735723328464,0.399827126086295,0.3990706470093145,0.4216962923526021,0.3711630420631445,0.3805435864303003,0.3980923882840193,0.4287333898468048,0.4337772350720206,0.4030114066637599,0.3522197771814179,0.3796258327028368,0.3887897055286536,0.3410766338509308,0.3777961867575068,0.4231163646637844,0.0,0.0,0.0,0.3825361904714542,0.3662707154839507,0.3736711746422029,0.3941555669903104,0.0,0.0,0.0,0.4015468979645472,0.4177080677743505,0.0,0.0,0.0,0.0,0.0,0.0,0.0,0.3832011279116414,0.0,0.412141757360732,0.0,0.0,0.0,0.3711538014122131,0.3814134127470734,0.3735243383103054,0.0,0.0,0.0,0.3985126223809918,0.0,0.4130060170619886,0.3828005201676548,0.4098599349056349,0.0,0.0,0.0,0.0,0.3682706270611364
0.0,0.0,0.2316425080509028,0.3370135892208874,0.3803104713895018,0.2832361083907426,0.4193472591779265,0.3843979034368131,0.2815103176786572,0.3865419467921659,0.2420698963156162,0.3089388596548926,0.4221644868679881,0.3619667874951033,0.0,0.0,0.0,0.0,0.0,0.0,0.0,0.0,0.2479913270165794,0.0,0.0,0.0,0.3318201646007105,0.4172774178643048,0.0,0.0,0.4250523784377994,0.3805292323912642,0.0,0.4179167202501133,0.4111744091209927,0.3636743365092373,0.3760683618561458,0.0,0.3428394812715414,0.0,0.0,0.0,0.3750016027457333,0.0,0.0,0.0,0.0,0.4066169811528244,0.0,0.4209160433215149,0.4566061495291629,0.4023879220393456,0.4512138044093238,0.480054284324984,0.0,0.3261944311931464,0.0,0.346775117752317,0.3999501029757329,0.0,0.0,0.0,0.0,0.3188785591914403,0.0,0.0,0.0,0.4671242673876286,0.0,0.0,0.0,0.4777400711086451,0.0,0.0,0.0,0.0
0.4236760710318031,0.4150755216757779,0.0,0.0,0.4157552392761902,0.3984467119166675,0.4148097007648827,0.0,0.4012711030069513,0.2869203256228093,0.0,0.0,0.4279456772232271,0.0,0.3553776814747736,0.4034107371451926,0.3533815351748757,0.4017735723328464,0.0,0.0,0.3750614555048004,0.3754050349180177,0.3358625653633115,0.0,0.3924232554263269,0.4416852528679148,0.3580065122769637,0.362045704488133,0.3249154554349102,0.2227961291521648,0.3675167934334278,0.4213615429658692,0.3619247485953543,0.4236125954091613,0.4683079422625416,0.4745606613564517,0.4036215848673859,0.0,0.4230590017983671,0.3532583349837714,0.4701554950953924,0.4387721882307874,0.352628495761439,0.0,0.0,0.0,0.4115629075938263,0.0,0.0,0.0,0.4199938358814781,0.0,0.0,0.0,0.0,0.0,0.0,0.3458497113166145,0.0,0.4214622557842425,0.299126969101422,0.0,0.0,0.0,0.4252436247205004,0.3820346309825895,0.4282684329055497,0.4458611123344744,0.0,0.2526330213273104,0.4377604391629038,0.4396489128001334,0.4541200235835557,0.4192387182338986,0.3435854864045419,0.4104758264234707
0.3752672689715946,0.3957098696937884,0.0,0.0,0.0,0.3950918718758151,0.0,0.2706398522512506,0.0,0.0,0.0,0.0,0.4311846586365842,0.387849647784946,0.3280360407354555,0.3905745899745456,0.0,0.399827126086295,0.0,0.3750614555048004,0.0,0.3858499023431803,0.360165737171531,0.4495080761373644,0.3987539306997574,0.395302900092878,0.4060440176968335,0.4461422186476616,0.378981998066221,0.0,0.394259971701264,0.3931243290416207,0.3538444854099818,0.3986335902834854,0.0,0.0,0.0,0.0,0.3815692622170564,0.3108100536506063,0.3814165564878966,0.471959113496343,0.0,0.0,0.0,0.4238441360559293,0.4735757053412941,0.0,0.0,0.0,0.34749688820705,0.0,0.1710752311681139,0.0,0.0,0.0,0.0,0.330313173809031,0.0,0.4075109145399613,0.4353080034609407,0.0,0.0,0.0,0.3942967804089391,0.2632317815689516,0.4571141713069364,0.3838333682288231,0.0,0.3711905726613633,0.4761063797176024,0.3978463892413137,0.3618075837904606,0.3791991105975696,0.0,0.3350000774575998
0.3550009287056896,0.4104781610692249,0.0,0.0,0.4134680119919872,0.4136902473269083,0.443243645186863,0.0,0.3907335930836827,0.3025046706066286,0.0,0.0,0.4504499483070517,0.0,0.3709279588529696,0.3972017876919596,0.3645291274036368,0.3990706470093145,0.0,0.3754050349180177,0.3858499023431803,0.0,0.4386684146440411,0.0,0.3889731830299059,0.4022565654408577,0.4378752947136937,0.4188564452408772,0.388119936725342,0.3792802585241686,0.3824797715304559,0.4424491242596767,0.3780618775315787,0.4324094407856178,0.4892200817319634,0.5068682704575669,0.4514274883199995,0.0,0.4389819918425928,0.4183163251351667,0.4484051489343838,0.4613661970543153,0.0,0.0,0.0,0.4359260406461628,0.4530857005096972,0.0,0.0,0.0,0.4096290866739021,0.0,0.0,0.0,0.0,0.0,0.0,0.0,0.0,0.4759001499311002,0.4423942218875599,0.0,0.4108001282770385,0.0,0.4342238049490461,0.4619375036595397,0.4673281564661548,0.4500314901188484,0.0,0.4009390559691624,0.4897945923287056,0.451101794607181,0.3397402242707918,0.4181819130423879,0.0,0.4173832068356152
0.4306892877865375,0.4354386268428372,0.2754643496844468,0.3627956562879485,0.3952179324400638,0.4060680244766823,0.4036115543595653,0.2808137120889444,0.3932283717715273,0.4052744742347203,0.2454557558665092,0.3250553753021792,0.4134794271022565,0.3439540582914438,0.3540892184083958,0.4149855787514049,0.0,0.4216962923526021,0.2479913270165794,0.3358625653633115,0.360165737171531,0.4386684146440411,0.0,0.4718175273131971,0.415506135956963,0.4388617053550484,0.3443078020204317,0.4074336319694872,0.3795027486477818,0.380602378275886,0.3937606138163835,0.3723695493916997,0.3515943175797664,0.4049728590533072,0.4044535961678542,0.3687210376246835,0.3692341447362164,0.2916128787294699,0.4234891162343008,0.4283490182511294,0.4570463595190889,0.46646579206866,0.4103752495777979,0.3231898838119281,0.0,0.0,0.4599673944627756,0.3050788607098247,0.0,0.4035697097566985,0.4421374711873721,0.4552721684006677,0.3932634546843201,0.4665247394514599,0.0,0.2760027194724,0.0,0.4537874375701871,0.3860913038840692,0.4283396538903106,0.0,0.0,0.0,0.2434561022454833,0.4411179785602341,0.4235216658917722,0.4648808941342346,0.4189437939953447,0.0,0.2737714305110704,0.5109152562898999,0.4551097201516196,0.44735001130775,0.4302435089017796,0.4454434199867118,0.4489661511922996
0.3460837274991296,0.0,0.0,0.0,0.0,0.0,0.0,0.4606695861401536,0.0,0.2612059442756436,0.0,0.2564948376339181,0.5106107690616604,0.0,0.3988265710134193,0.3874224664065288,0.3458229477338502,0.3711630420631445,0.0,0.0,0.4495080761373644,0.0,0.4718175273131971,0.0,0.3786948758538573,0.3462989460103409,0.591603465479381,0.3993747293671914,0.0,0.0,0.3107749886107701,0.3034142728166706,0.278011435779723,0.2524628409003482,0.3363356854434858,0.0,0.0,0.2302445799767505,0.3950425337349553,0.2876664265535606,0.3268027173578954,0.0,0.0,0.0,0.2643368161819441,0.2964379401902859,0.0,0.0,0.0,0.0,0.0,0.0,0.0,0.0,0.402989637755491,0.0,0.4051079613950482,0.0,0.0,0.0,0.4035246519956602,0.4133561543257641,0.4079039480383939,0.0,0.0,0.0,0.0,0.0,0.3200214649435752,0.4157013387541808,0.4127274846811098,0.0,0.0,0.0,0.0,0.4005629022463909
0.3510710722221729,0.3849614335392669,0.0,0.0,0.3346221397738502,0.3530519615400737,0.3950105644319446,0.4394688096091829,0.4045504301224771,0.3712687731957578,0.0,0.3849200839203137,0.4069213737454794,0.0,0.3840982399180884,0.386479448161129,0.374018822684023,0.3805435864303003,0.0,0.3924232554263269,0.3987539306997574,0.3889731830299059,0.415506135956963,0.3786948758538573,0.0,0.375948685857339,0.3949509798862863,0.4038905747387056,0.3748603891487823,0.0,0.3778918632236841,0.3753691632373724,0.3105763709850241,0.3535991347094001,0.3843027230968742,0.0,0.0,0.3541276349896316,0.3883691154863188,0.3800699673158607,0.3755651914606074,0.3974196562562929,0.0,0.0,0.0,0.4040999824822994,0.4039740440092639,0.0,0.0,0.0,0.0,0.0,0.0,0.0,0.4085801641889156,0.0,0.4254748167793928,0.2773137649995614,0.0,0.0,0.3703627407016185,0.4010032046440736,0.3826643100106574,0.0,0.3545471101794143,0.3974230370105059,0.4033117788348497,0.3127853608341838,0.4190166828229466,0.3933162449560014,0.4182344168805669,0.0,0.0,0.3480515827190254,0.0,0.3747456559577009
0.3777505515536791,0.3911843512292308,0.0,0.0,0.3756690202640259,0.4156540353917188,0.455619227722424,0.4598298912772034,0.4036999011915225,0.3809320083191837,0.2986826996878075,0.3085439375241847,0.4249431127398458,0.0,0.4058348237611335,0.4204946897339369,0.4071557810206637,0.3980923882840193,0.0,0.4416852528679148,0.395302900092878,0.4022565654408577,0.4388617053550484,0.3462989460103409,0.375948685857339,0.0,0.4567375545705677,0.4538333628002231,0.3966565739428478,0.0,0.391349276885767,0.4123693753919331,0.3561843826060367,0.3882466762869073,0.4490857262557854,0.4692103244393043,0.0,0.3359379294795452,0.4309104101402502,0.4199838561883104,0.4397217346716686,0.448829362799272,0.0,0.0,0.38997032450351,0.4337642018243983,0.4678010792770162,0.0,0.0,0.0,0.4069149155881322,0.0,0.0,0.0,0.4423647097288842,0.0,0.4547087764883947,0.3249452386389231,0.0,0.4999436530983013,0.4304462992032867,0.4311039494496179,0.4163816698695687,0.0,0.4609468549370233,0.4766443903822705,0.4877634937064409,0.5015545398616135,0.4355594025118725,0.4262154393431363,0.4632613685531229,0.4837394140852336,0.359700014773684,0.4361453709373759,0.0,0.4189404658807697
0.496073084591757,0.4169384213375033,0.3168227998907887,0.3694228324008392,0.4103726561309322,0.3963269409966775,0.4141000748844182,0.4179382563308962,0.3701649108248307,0.3716949801834975,0.3488765306589452,0.2810469947086569,0.4224267030622043,0.421179121900592,0.3971537158290878,0.417460214888147,0.0,0.4287333898468048,0.3318201646007105,0.3580065122769637,0.4060440176968335,0.4378752947136937,0.3443078020204317,0.591603465479381,0.3949509798862863,0.4567375545705677,0.0,0.4170133792865388,0.3525171667459119,0.3808524154024957,0.390437974503218,0.3909640906201116,0.3466876611532287,0.4130751121023397,0.4390698074289292,0.4268588476203339,0.3820387722390462,0.0,0.4259281689143143,0.3937766335648562,0.449715992491323,0.4475676654559853,0.429174399625489,0.2624687711690927,0.0,0.0,0.4060667249610979,0.5035549688101363,0.0,0.4078914674937676,0.4485455388453327,0.4400144608232366,0.4600138306195542,0.5058878588450005,0.0,0.4578469840264842,0.0,0.4486596800178077,0.0,0.429033802462027,0.0,0.0,0.0,0.4858656055669496,0.435684709896591,0.4214029842793237,0.471842809247458,0.4575096394929304,0.0,0.0,0.4790027461069885,0.4510318563490709,0.4481848002454726,0.4153047421456227,0.4209442991296572,0.4369010201005373
0.4150129347434113,0.4199612644059227,0.4400056239079634,0.1991976330023066,0.3690382999175988,0.3955690441942865,0.3701957618588382,0.402488724225621,0.4361236517536268,0.3860029634307415,0.4053858596661133,0.3050777503807819,0.365179085076154,0.2349628401314584,0.3897771777252381,0.4536659055299607,0.4217172636897739,0.4337772350720206,0.4172774178643048,0.362045704488133,0.4461422186476616,0.4188564452408772,0.4074336319694872,0.3993747293671914,0.4038905747387056,0.4538333628002231,0.4170133792865388,0.0,0.3674951799554132,0.3001405178612705,0.3621626593283494,0.3352554712096167,0.3563932566926432,0.3745735474206968,0.3195522508524038,0.2519931655669418,0.2422858797506052,0.2919530998083219,0.3809590688557801,0.0,0.4893928404498958,0.4088868194674097,0.3776674712732878,0.0,0.0,0.0,0.0,0.3298785215217614,0.0,0.0,0.4457200395841236,0.0,0.4487843113389519,0.2910051406119854,0.0,0.0,0.0,0.4004964711881248,0.0,0.4004529402250408,0.0,0.0,0.0,0.0,0.4358260566596633,0.4270146527362203,0.3376730788071331,0.4545912395150228,0.0,0.2815015473329828,0.3485552615868211,0.451553629566113,0.4670783594373737,0.430337300165325,0.0,0.420168610819501
0.3990588725230405,0.3944509256832858,0.0,0.2856709638158657,0.4117752669090601,0.3509149910917877,0.4421405959346322,0.362962262281649,0.4114040426466708,0.2645010449340535,0.0,0.0,0.4295950895400509,0.0,0.3707943790104387,0.4177057959082641,0.3257059062629249,0.4030114066637599,0.0,0.3249154554349102,0.378981998066221,0.388119936725342,0.3795027486477818,0.0,0.3748603891487823,0.3966565739428478,0.3525171667459119,0.3674951799554132,0.0,0.3237901353602764,0.3431211694180303,0.3590050667736932,0.2940541500084067,0.3927162034539534,0.4146268702196113,0.4066593315050403,0.3483215928023446,0.0,0.4018302520749793,0.3239207673883872,0.402616019337372,0.3898253284881146,0.3478682933503699,0.0,0.0,0.0,0.3552317918049856,0.0,0.0,0.0,0.3684803435224094,0.2888554742863387,0.3738973830909322,0.3280532544860145,0.0,0.0,0.0,0.3728433518173297,0.0,0.4002060705714169,0.0,0.0,0.0,0.0,0.3946883240544429,0.3772763632086534,0.3737777860298293,0.4232142425850025,0.0,0.0,0.3972216571950552,0.4227267606174522,0.4061030606697192,0.3945371328883618,0.3678272462755246,0.3935476713869827
0.0,0.0,0.0,0.0,0.0,0.4070908896694561,0.0,0.3614482422963212,0.4252960533153124,0.0,0.0,0.0,0.3607193105595115,0.0,0.0,0.3945705779109282,0.0,0.3522197771814179,0.0,0.2227961291521648,0.0,0.3792802585241686,0.380602378275886,0.0,0.0,0.0,0.3808524154024957,0.3001405178612705,0.3237901353602764,0.0,0.2890849631861338,0.3241217808305852,0.0,0.364811428706385,0.3887391945561443,0.0,0.0,0.0,0.0,0.0,0.0,0.0,0.0,0.0,0.0,0.0,0.0,0.0,0.0,0.0,0.0,0.0,0.0,0.0,0.0,0.0,0.0,0.0,0.0,0.0,0.0,0.0,0.0,0.0,0.4077352866519866,0.0,0.0,0.4319305922727305,0.0,0.0,0.0,0.4395850552136839,0.0,0.360949729578238,0.0,0.0
0.3583040671766445,0.3698375611940163,0.4233626769401572,0.0,0.4236017013638657,0.4187199914409815,0.4077793633307552,0.4066587245141217,0.4392036002251225,0.2717756581368051,0.4136292099953874,0.2934856796116437,0.4101117870446856,0.0,0.4051330110666077,0.3832901511049223,0.3589630996780856,0.3796258327028368,0.4250523784377994,0.3675167934334278,0.394259971701264,0.3824797715304559,0.3937606138163835,0.3107749886107701,0.3778918632236841,0.391349276885767,0.390437974503218,0.3621626593283494,0.3431211694180303,0.2890849631861338,0.0,0.3734574989031383,0.346279688249637,0.3187179882877571,0.3192009577029511,0.3891290812188906,0.3190157612824671,0.2484935674941972,0.4164937675951542,0.0,0.444901374138646,0.0,0.3348308746134774,0.0,0.0,0.0,0.4165674968498857,0.0,0.0,0.0,0.4362524063949392,0.0,0.4424863648651698,0.0,0.3623213776994413,0.0,0.3647027948278084,0.0,0.0,0.4284869583644616,0.3897893502931172,0.0,0.3995242718059517,0.0,0.4233280337672855,0.4201402852664492,0.4303008623858754,0.4496108242760784,0.0,0.4043908305330173,0.423783851376616,0.4442953982995103,0.4010579064990293,0.4039583665461588,0.0,0.4171463792120461
0.3760663517679061,0.3914272518483606,0.3900852441137389,0.238631571210317,0.3454082314701902,0.3911922546750735,0.3611797658175091,0.3198732124143739,0.4030419056335269,0.3100523082307109,0.3485195147544952,0.230434052707862,0.3589053524030996,0.2267066061275069,0.4264663926969817,0.4107077276548142,0.3910463008800711,0.3887897055286536,0.3805292323912642,0.4213615429658692,0.3931243290416207,0.4424491242596767,0.3723695493916997,0.3034142728166706,0.3753691632373724,0.4123693753919331,0.3909640906201116,0.3352554712096167,0.3590050667736932,0.3241217808305852,0.3734574989031383,0.0,0.3079842004320524,0.3231200723332663,0.3397443350940718,0.2270105776594168,0.2581619092706265,0.2169323984208949,0.2535896479420743,0.2764630604725174,0.3379160832412174,0.3282314842742456,0.2889483310018211,0.2241270697532976,0.2066117431630236,0.3844129766099121,0.4371659061703143,0.343212997827272,0.0,0.3276132956378242,0.4261600290679755,0.3463933472706536,0.4024736867987274,0.3702125731402185,0.0,0.3021084530036164,0.2086037695008828,0.4562784184837311,0.0,0.4363070006619596,0.4150295946460785,0.0,0.3333112101845655,0.3248701583417029,0.4202896919548459,0.4140541561256465,0.4505612651492364,0.4323841914412054,0.0,0.4111108390448005,0.4481537508232694,0.4326181014022842,0.441740109180199,0.4126738692035564,0.0,0.4313307258803378
0.2844272463613647,0.3376583117544584,0.3050438410583874,0.0,0.3682548508476652,0.3265204932314883,0.3576765998162302,0.4181960961544632,0.3599306066077322,0.3036923620313496,0.3454869606034212,0.2648759371584758,0.3872097764557161,0.0,0.4071961486492325,0.3659223195629311,0.3370642957921349,0.3410766338509308,0.0,0.3619247485953543,0.3538444854099818,0.3780618775315787,0.3515943175797664,0.278011435779723,0.3105763709850241,0.3561843826060367,0.3466876611532287,0.3563932566926432,0.2940541500084067,0.0,0.346279688249637,0.3079842004320524,0.0,0.2494237949013221,0.3687746670456189,0.3937449792067242,0.2573759159623506,0.1864512480287393,0.3210042091744328,0.2174965587967512,0.2717593422919223,0.4046327464528441,0.0,0.0,0.2165924987001105,0.3747054705300933,0.4211789438073707,0.0,0.0,0.0,0.0,0.0,0.0,0.0,0.3240461946322142,0.0,0.3282823800112282,0.0,0.0,0.4469233915431285,0.3718490961825122,0.3472864647708042,0.3811955299317721,0.0,0.3904793995232659,0.0,0.4426945436922225,0.0,0.3075497027931805,0.3771479638884504,0.4049915975509343,0.0,0.0,0.0,0.0,0.3350983457143506
0.3637773163933557,0.3723272038345484,0.4310606078293585,0.330512775637267,0.403064103302967,0.4192584324268468,0.398361705486307,0.4138876084774747,0.4335652699881719,0.2845096094943684,0.4066248261836897,0.2402473498153802,0.4041968249025994,0.0,0.4381900531320763,0.4003185785175486,0.3599076949979135,0.3777961867575068,0.4179167202501133,0.4236125954091613,0.3986335902834854,0.4324094407856178,0.4049728590533072,0.2524628409003482,0.3535991347094001,0.3882466762869073,0.4130751121023397,0.3745735474206968,0.3927162034539534,0.364811428706385,0.3187179882877571,0.3231200723332663,0.2494237949013221,0.0,0.3166017951636796,0.3460536973085696,0.2968411468013364,0.2113799161859339,0.3144019281272457,0.2404249510933437,0.3890800958041954,0.3827469101222105,0.3811116299039004,0.0,0.2344028937372696,0.3877002415945484,0.4321722658873684,0.2932999220159497,0.0,0.0,0.434673847717572,0.3060390483532648,0.428304395543443,0.2847300144596715,0.3339530544149927,0.0,0.3467425111248756,0.3912544995357699,0.0,0.4564027056202753,0.3936614346102285,0.381045969677551,0.3915500920841509,0.0,0.4344504552273545,0.0,0.4491104503502355,0.4502283376479213,0.3070913522221554,0.3998789462038227,0.4324931783840224,0.4472488352516097,0.476206651390241,0.4167670166672536,0.0,0.4467536321270773
0.4055267812497642,0.4276412990489354,0.4205107931690132,0.3100036550171128,0.3920577677934631,0.4202327600882475,0.3717597386182247,0.408831051659523,0.4510850025465172,0.3440885437960447,0.3909487762645321,0.2268507411858058,0.3600512183951366,0.0,0.484840946374061,0.4542511875266243,0.3941042928326702,0.4231163646637844,0.4111744091209927,0.4683079422625416,0.0,0.4892200817319634,0.4044535961678542,0.3363356854434858,0.3843027230968742,0.4490857262557854,0.4390698074289292,0.3195522508524038,0.4146268702196113,0.3887391945561443,0.3192009577029511,0.3397443350940718,0.3687746670456189,0.3166017951636796,0.0,0.3860726221087701,0.3235636834240578,0.2284425956287378,0.3064863119413948,0.35428847126141,0.0,0.3774169127876006,0.3019008637459658,0.29391366130332,0.0,0.0,0.4562295752211318,0.0,0.0,0.0,0.3977293456087244,0.0,0.0,0.0,0.0,0.0,0.2987302894576442,0.3697411596183621,0.0,0.4919752562290767,0.4134802979711439,0.0,0.0,0.0,0.4340330327914936,0.0,0.4854361985995245,0.4304256215644984,0.0,0.4080911283261292,0.4556610757650363,0.4501375480180563,0.4214423007721355,0.0,0.0,0.0
0.0,0.0,0.3945522524438947,0.1869670053598359,0.2623929875803276,0.4151323669832305,0.3266847636187206,0.2356781008189623,0.4050999990310631,0.3376326804292823,0.2620466802120041,0.2434942964483741,0.3095010959224916,0.200332706957299,0.4891130255150851,0.0,0.0,0.0,0.3636743365092373,0.4745606613564517,0.0,0.5068682704575669,0.3687210376246835,0.0,0.0,0.4692103244393043,0.4268588476203339,0.2519931655669418,0.4066593315050403,0.0,0.3891290812188906,0.2270105776594168,0.3937449792067242,0.3460536973085696,0.3860726221087701,0.0,0.1635446820253735,0.2509103332873923,0.241446457734551,0.0,0.3100975478291213,0.2740468618132942,0.2767596569066917,0.1945183188697808,0.0,0.0,0.0,0.3702342673631412,0.0,0.0,0.2925156921221986,0.2972756652245127,0.3363775327688601,0.3884588065273766,0.0,0.3240418912590171,0.0,0.274110008932203,0.0,0.0,0.0,0.0,0.0,0.353388212032884,0.3780564727225652,0.0,0.445013262392339,0.3862371998829569,0.0,0.0,0.0,0.370217026415602,0.3376019042281897,0.3391680740804838,0.0,0.0
0.0,0.0,0.3927583380550574,0.1639877052562936,0.261975521346892,0.3959914110633669,0.2929659036216313,0.1904758683082273,0.4106175181674648,0.2481674747679532,0.3381813024755854,0.2453137759209685,0.2800272606980077,0.1627144851198618,0.0,0.0,0.0,0.0,0.3760683618561458,0.4036215848673859,0.0,0.4514274883199995,0.3692341447362164,0.0,0.0,0.0,0.3820387722390462,0.2422858797506052,0.3483215928023446,0.0,0.3190157612824671,0.2581619092706265,0.2573759159623506,0.2968411468013364,0.3235636834240578,0.1635446820253735,0.0,0.2646050478804884,0.268759349142086,0.0,0.0,0.2641894823791589,0.1800767699614193,0.0,0.0,0.0,0.0,0.0,0.0,0.0,0.0,0.0,0.0,0.0,0.0,0.0,0.0,0.0,0.0,0.0,0.0,0.0,0.0,0.0,0.0,0.0,0.0,0.3411123025659409,0.0,0.0,0.0,0.0,0.0,0.0,0.0,0.0
0.3039508377488989,0.0,0.0,0.0,0.3095424782674058,0.3309970938136413,0.3373391394460121,0.0,0.3928264145228718,0.2224590538192047,0.3248725673016345,0.2026896943214828,0.3350022491267457,0.0,0.0,0.0,0.0,0.0,0.0,0.0,0.0,0.0,0.2916128787294699,0.2302445799767505,0.3541276349896316,0.3359379294795452,0.0,0.2919530998083219,0.0,0.0,0.2484935674941972,0.2169323984208949,0.1864512480287393,0.2113799161859339,0.2284425956287378,0.2509103332873923,0.2646050478804884,0.0,0.232520472617296,0.2061956348689656,0.0,0.0,0.0,0.0,0.2187843415864951,0.0,0.0,0.0,0.0,0.0,0.0,0.0,0.0,0.0,0.283638403009515,0.0,0.3029026445331438,0.0,0.0,0.0,0.0,0.0,0.0,0.0,0.0,0.0,0.0,0.0,0.2733314142559628,0.0,0.0,0.0,0.0,0.0,0.0,0.0
0.4178615948667497,0.4200125897714006,0.2647812781511835,0.0,0.3303776435760525,0.4193270595179572,0.313576944608942,0.3732065190550621,0.3580114077777518,0.4284484888331261,0.2937231832911368,0.2538020989523442,0.4440511782143588,0.2876847204761386,0.4345189340818098,0.4091857550350423,0.0,0.3825361904714542,0.3428394812715414,0.4230590017983671,0.3815692622170564,0.4389819918425928,0.4234891162343008,0.3950425337349553,0.3883691154863188,0.4309104101402502,0.4259281689143143,0.3809590688557801,0.4018302520749793,0.0,0.4164937675951542,0.2535896479420743,0.3210042091744328,0.3144019281272457,0.3064863119413948,0.241446457734551,0.268759349142086,0.232520472617296,0.0,0.2745422878777049,0.3499807826459287,0.3453999241970793,0.1859629770072864,0.2418736961222814,0.2238478000465075,0.3811095017920472,0.3925688222316655,0.3644521252769611,0.2174649675695874,0.2952526440099526,0.3704154812591861,0.3113841170066472,0.289412498380334,0.384887256500743,0.368823621691643,0.2930349077743728,0.2297268699768724,0.3334954012290627,0.2031573405069122,0.4079804240964545,0.3893214128001436,0.3747737178442115,0.3790456793217013,0.3446139235227167,0.411886509164617,0.35937531878826,0.4099662549573101,0.3734248178205427,0.394015820832277,0.3640447295086467,0.3911971820165323,0.3894361574707375,0.3409490792238585,0.3858625957271189,0.3588903059411292,0.3595451071311072
0.3313181081613619,0.4183406731834536,0.0,0.0,0.0,0.0,0.0,0.0,0.0,0.3030390085197977,0.0,0.2909854109579076,0.0,0.0,0.4121574488768848,0.3915052872044124,0.3740898850353222,0.3662707154839507,0.0,0.3532583349837714,0.3108100536506063,0.4183163251351667,0.4283490182511294,0.2876664265535606,0.3800699673158607,0.4199838561883104,0.3937766335648562,0.0,0.3239207673883872,0.0,0.0,0.2764630604725174,0.2174965587967512,0.2404249510933437,0.35428847126141,0.0,0.0,0.2061956348689656,0.2745422878777049,0.0,0.2547514825856136,0.4073199110898972,0.2299991336360188,0.2379138889424962,0.1666652362041487,0.2850120984912075,0.3178919903176044,0.3007627959437361,0.0,0.2976820323706625,0.3712028560426536,0.3451606330278723,0.3729970386513654,0.3987024626083114,0.3306040143996679,0.3580986576749081,0.2815233422210336,0.375016873513054,0.0,0.3610960049137026,0.3173031372056789,0.331247435807345,0.3038802787041624,0.3535693442277875,0.3167497146080468,0.3078325908712671,0.3570536960130975,0.3617642946308126,0.2429918605201926,0.3091788630240204,0.3365947896946052,0.3665983372449555,0.3620204019855719,0.3065140254631869,0.3567248118829386,0.3277602296225643
