0.0,0.4408000649162757,0.0,0.0,0.0,0.0,0.0,0.4647745202496992,0.0,0.3765552371121012,0.0,0.3816567426752488,0.0,0.0,0.3412175369649713,0.4221919573695548,0.3431946056092152,0.3991803575633079,0.0,0.3890265527448049,0.3786875574353845,0.3964824099162267,0.4313143414590698,0.3672274480553579,0.3617791509574519,0.3872558663276451,0.418287217637374,0.3404031543778416,0.4146640408103184,0.0,0.3676393919743403,0.4390447762005621,0.3535012465944538,0.3771002468973859,0.423127158724036,0.0,0.0,0.0,0.4582893503896704,0.4253479299309773,0.417039870346774,0.0,0.0,0.0,0.0,0.3312022730371202,0.4771266958495823,0.0,0.0,0.0,0.0,0.0,0.0,0.0,0.420629394560436,0.0,0.0,0.0,0.0,0.0,0.4720335246660986,0.0,0.43992250767415,0.0,0.0,0.2515298241438447,0.4609399805527562,0.0,0.368963647147677,0.4645387971868986,0.4546948841205937,0.0,0.0,0.0,0.0,0.0
0.4408000649162757,0.0,0.0,0.0,0.3638497892072764,0.3847540897337613,0.4128508731437172,0.4016115695881487,0.3369353552817539,0.0,0.0,0.0,0.4372313841092476,0.0,0.3949618443861807,0.393220065196677,0.0,0.3894319621030088,0.0,0.4097721820821114,0.422179301821558,0.3614910907086927,0.4119125685931198,0.0,0.3575943307324686,0.3758380752897367,0.4050505160961108,0.438998577864627,0.4314881335183156,0.0,0.3647991376631285,0.4244312643243979,0.3545566194158018,0.3656041586718545,0.421637039280468,0.0,0.0,0.0,0.4764017183233733,0.4591487971588392,0.4566543730823857,0.4972410839849904,0.0,0.0,0.0,0.455457184395685,0.4771277528164592,0.0,0.0,0.0,0.0,0.0,0.0,0.0,0.0,0.0,0.0,0.0,0.0,0.5009813985619536,0.4696605432744248,0.0,0.4386545489691147,0.0,0.4550088362099372,0.4606226096044579,0.4761833252613592,0.4763860105489284,0.0,0.4649603971259669,0.4989052313960492,0.4635095891413378,0.0,0.4619094377367524,0.0,0.4532806642301509
0.0,0.0,0.0,0.0,0.3768291307268268,0.3546239048326266,0.4153468222775694,0.4684951306822885,0.3237394638662793,0.3994866605949603,0.3196092548367215,0.0,0.4245379185214253,0.4183872091547957,0.0,0.0,0.0,0.0,0.2195711259603592,0.0,0.0,0.0,0.3111082912344182,0.0,0.0,0.0,0.3170486654458039,0.4510532712910379,0.0,0.41336068310327,0.4632425483801337,0.445465476660393,0.0,0.4649509910701865,0.4445769149159496,0.4262188661953928,0.4153545868648883,0.0,0.4341710105657867,0.0,0.0,0.0,0.4749445543197685,0.0,0.0,0.0,0.0,0.2884279931854546,0.0,0.5229153915604791,0.5408561611248695,0.0,0.5344364754239505,0.4387168814815498,0.0,0.4981845207834402,0.0,0.0,0.5193633611943703,0.0,0.0,0.0,0.0,0.3002336214585923,0.0,0.0,0.0,0.5541440373130107,0.0,0.0,0.0,0.5610191749397326,0.0,0.0,0.0,0.0
0.0,0.0,0.0,0.0,0.2404270374823862,0.3893422173400038,0.2271209377706856,0.359200267926507,0.4074517452382818,0.2564841142149098,0.3480895077712269,0.0,0.257540937709114,0.2872780078438613,0.0,0.0,0.0,0.0,0.371933457608611,0.0,0.0,0.0,0.3990721969054083,0.0,0.0,0.0,0.3797487939736048,0.2178412450763339,0.0,0.0,0.0,0.2566861901743302,0.0,0.2022189221161775,0.2518021817762422,0.1720724216043736,0.1672143974488564,0.0,0.0,0.0,0.0,0.0,0.0,0.0,0.0,0.0,0.0,0.0,0.0,0.0,0.0,0.0,0.0,0.0,0.0,0.0,0.0,0.0,0.0,0.0,0.0,0.0,0.0,0.0,0.0,0.0,0.0,0.0,0.0,0.0,0.0,0.0,0.0,0.0,0.0,0.0
0.0,0.3638497892072764,0.3768291307268268,0.2404270374823862,0.0,0.3681331006072206,0.3079792777506908,0.3695363347831809,0.3259388734290537,0.4360457311062423,0.3146289789497623,0.3499115973880892,0.3662242874158632,0.2966714771252853,0.0,0.0,0.0,0.0,0.3426145053427628,0.4166754452264014,0.0,0.4348836118154098,0.3960857119640101,0.0,0.3624701637366832,0.0,0.3943576501428382,0.4117531985579075,0.4339174435849339,0.0,0.4327593089313051,0.3605023650195151,0.381100306390643,0.4251681727930173,0.4132401754188633,0.2364305343761293,0.1610088015635307,0.3768171175512868,0.0,0.0,0.0,0.0,0.3993898444945407,0.0,0.0,0.0,0.0,0.4711089369922899,0.0,0.0,0.0,0.0,0.4692301059689687,0.4430963893395391,0.0,0.4176477195652337,0.0,0.0,0.0,0.0,0.0,0.0,0.0,0.0,0.0,0.0,0.0,0.5104842435776991,0.0,0.0,0.0,0.4971789183235018,0.0,0.0,0.0,0.0
0.0,0.3847540897337613,0.3546239048326266,0.3893422173400038,0.3681331006072206,0.0,0.3915949192880198,0.3944240670996988,0.2856174856031108,0.4314856184716801,0.3639635510868176,0.0,0.3917885638128418,0.4126238040119208,0.4115691041898627,0.4247378990494848,0.0,0.4212635096498496,0.3213924453513414,0.380999119942468,0.3831607767861263,0.3974810705371557,0.3754789157326421,0.0,0.385851908444626,0.3773184977424586,0.3563354808707368,0.3845289817260066,0.3404334229692741,0.4168206217572309,0.4340040789459569,0.419555538306309,0.3825337731404185,0.4365058778550762,0.4436875690675772,0.4204059601063252,0.4137887918914121,0.0,0.4975586027750597,0.0,0.5058280165949962,0.4019187476653598,0.4747648460558797,0.0,0.0,0.0,0.0,0.5160813934429939,0.0,0.0,0.5023330004298734,0.4854048930736511,0.4473688874624537,0.5167062172919621,0.0,0.4711216870972427,0.0,0.5140553554708459,0.0,0.4318218525946339,0.0,0.0,0.0,0.5058690904262152,0.4438233554431851,0.0,0.4009287143523161,0.5065839878474738,0.0,0.0,0.0,0.5068870916951012,0.5134180003754932,0.4962582094625481,0.0,0.5127629080604857
0.0,0.4128508731437172,0.4153468222775694,0.2271209377706856,0.3079792777506908,0.3915949192880198,0.0,0.4335551469319703,0.3814077628232261,0.4149709166733262,0.3989573107574658,0.3398653805011989,0.3274074254158734,0.2987833159120368,0.0,0.4757059435700156,0.3953037925776457,0.4315568427756897,0.426747046749913,0.4285061344371472,0.0,0.4556329012081248,0.4231078025895687,0.4024979405217688,0.429246865987037,0.4134960658437088,0.4182039529361173,0.339840259670096,0.4435974509203247,0.0,0.4115695246990589,0.3928581628966697,0.3242898510304259,0.361721106328823,0.3521402477995539,0.284181567367347,0.2630173483764631,0.3385106778367622,0.0,0.0,0.0,0.0,0.0,0.0,0.0,0.0,0.0,0.0,0.0,0.0,0.4883299573135732,0.0,0.0,0.0,0.0,0.0,0.0,0.0,0.0,0.0,0.0,0.0,0.0,0.0,0.0,0.0,0.0,0.5170939960713339,0.0,0.0,0.0,0.5208940278096942,0.0,0.0,0.0,0.0
0.4647745202496992,0.4016115695881487,0.4684951306822885,0.359200267926507,0.3695363347831809,0.3944240670996988,0.4335551469319703,0.0,0.4764616579307864,0.4115564180328799,0.212624090184445,0.0,0.451049670944965,0.3195808566152183,0.4351959794519757,0.4168805195727847,0.0,0.4218393228541168,0.3992936744493106,0.4002694762825775,0.3738206635872523,0.3571265486732262,0.3653558008404408,0.4869551089470012,0.4444297681327437,0.4556168731734293,0.4292884360896973,0.4374009327765952,0.4131291739862547,0.4330680029671523,0.4314199866515548,0.319640809768825,0.4268833594701492,0.4451409207448713,0.4473488959538097,0.2491794910200876,0.1942177856381127,0.0,0.4452466116973113,0.0,0.4835468709066292,0.0,0.4074295970722326,0.0,0.0,0.0,0.0,0.5081455762327184,0.0,0.0,0.4575940835476513,0.4632895147027564,0.3239601015722876,0.5060566103588918,0.0,0.4349079576269485,0.0,0.4701303415771634,0.4563855448021909,0.0,0.0,0.0,0.0,0.4994477041483116,0.0,0.4466854516528802,0.0,0.459137314760404,0.0,0.0,0.0,0.500214614866274,0.46440716082203,0.4411313595813659,0.0,0.4778352680299795
0.0,0.3369353552817539,0.3237394638662793,0.4074517452382818,0.3259388734290537,0.2856174856031108,0.3814077628232261,0.4764616579307864,0.0,0.4488417739681959,0.2508855508530733,0.3913388047924361,0.3733752842986364,0.4133692853764344,0.0,0.3522578416926789,0.0,0.0,0.2442241445328506,0.3922606792538434,0.0,0.3914445959809769,0.399680728201315,0.0,0.0,0.0,0.3499745664687089,0.4451381289477079,0.4309209126235254,0.0,0.4598181028422844,0.437984347494567,0.3913650744907987,0.4553583510627501,0.4325245949834766,0.424811528888477,0.430245716557299,0.3983096928463305,0.4729105490046473,0.0,0.0,0.0,0.4679542399051949,0.0,0.0,0.0,0.0,0.5380224545465107,0.0,0.0,0.5227747694630394,0.0,0.5205254713929899,0.5138117877059178,0.0,0.5030012701083222,0.0,0.0,0.0,0.0,0.0,0.0,0.0,0.534315202086898,0.0,0.0,0.0,0.5421824001714299,0.0,0.0,0.0,0.5340416634665307,0.0,0.0,0.0,0.0
0.3765552371121012,0.0,0.3994866605949603,0.2564841142149098,0.4360457311062423,0.4314856184716801,0.4149709166733262,0.4115564180328799,0.4488417739681959,0.0,0.4298350777074397,0.2808509942714515,0.3994233911376773,0.0,0.0,0.2927630862036126,0.3265339201363462,0.3092365335983557,0.4309890472036581,0.0,0.0,0.3161821183607174,0.3984821028406914,0.3235505507705909,0.3164437250786998,0.3390228516766332,0.3945475304976216,0.3783894372297944,0.0,0.0,0.3093107396077498,0.314485771701795,0.290691164931827,0.2940421408626845,0.2653854517622282,0.2836310810832553,0.2466797854287657,0.2779612677200535,0.3256232192430528,0.3751450317016414,0.3220366922101189,0.0,0.0,0.0,0.3427196276623241,0.0,0.0,0.0,0.0,0.0,0.0,0.0,0.0,0.0,0.4491308744248953,0.0,0.4530005378316641,0.0,0.0,0.0,0.0,0.4862352593612229,0.4729123152921304,0.0,0.0,0.0,0.0,0.0,0.4034857412491694,0.4681799845221988,0.4568571982994037,0.0,0.4202791519739705,0.0,0.0,0.4187695340569007
0.0,0.0,0.3196092548367215,0.3480895077712269,0.3146289789497623,0.3639635510868176,0.3989573107574658,0.212624090184445,0.2508855508530733,0.4298350777074397,0.0,0.3891448784272627,0.4263483199809652,0.2869027079425543,0.0,0.0,0.0,0.0,0.2473784453520541,0.0,0.0,0.0,0.2200128079628545,0.0,0.0,0.0,0.3666386035017042,0.4334141584228427,0.0,0.0,0.452713982661396,0.3595742807160283,0.3768115502104804,0.4378933468304291,0.4215555575405261,0.2595828404808595,0.3940985819076136,0.3889458120592088,0.3530959790950205,0.0,0.0,0.0,0.3686412953092629,0.0,0.0,0.0,0.0,0.4929397102523687,0.0,0.3412104470127584,0.4616476273822118,0.3474935780284836,0.3906698897069535,0.393645549888444,0.0,0.293072839009072,0.0,0.3762918369526208,0.4225022702387027,0.0,0.0,0.0,0.0,0.2111682044621551,0.0,0.0,0.0,0.4629059782870954,0.0,0.0,0.0,0.4886393761075062,0.0,0.0,0.0,0.0
0.3816567426752488,0.0,0.0,0.0,0.3499115973880892,0.0,0.3398653805011989,0.0,0.3913388047924361,0.2808509942714515,0.3891448784272627,0.0,0.3686218792759808,0.0,0.0,0.0,0.3705944668541644,0.3484576636077615,0.0,0.0,0.0,0.0,0.0,0.2589260825329728,0.3589777284807871,0.2928511931027814,0.0,0.3307307808570011,0.0,0.0,0.342370218993055,0.241222997208023,0.2676073793098239,0.2444180787866984,0.3245161645914178,0.2474374620777858,0.2234247503108289,0.2109166170724898,0.2235641103479189,0.376169332204632,0.234483801760988,0.0,0.0,0.0,0.3176361605885741,0.0,0.0,0.0,0.0,0.0,0.0,0.0,0.0,0.0,0.4578634259732312,0.0,0.4557581471587836,0.0,0.0,0.0,0.0,0.5157222963847145,0.4620316174417103,0.0,0.0,0.0,0.0,0.0,0.3846467241248898,0.4603831126154274,0.438850540080736,0.0,0.0,0.0,0.0,0.4375502448468417
0.0,0.4372313841092476,0.4245379185214253,0.257540937709114,0.3662242874158632,0.3917885638128418,0.3274074254158734,0.451049670944965,0.3733752842986364,0.3994233911376773,0.4263483199809652,0.3686218792759808,0.0,0.3152846771036006,0.4260433160974363,0.4592351482285547,0.3961275688669659,0.4316952545508846,0.443246348420047,0.4369249915317338,0.4267702883033307,0.4659621453019799,0.4286557274865499,0.3901728313766794,0.434869027257142,0.4145885633162791,0.4219379281926852,0.331494466790042,0.4148201327786585,0.3561456157506473,0.3861515300799056,0.3972173489743528,0.3610868613633063,0.3830679136748956,0.3495273427654881,0.3015854153247766,0.2556157117776241,0.3402316202065718,0.3555068015958936,0.0,0.0,0.0,0.4365595210773903,0.0,0.0,0.0,0.0,0.4799202347950075,0.0,0.0,0.5686652645803105,0.0,0.4827159752722632,0.0,0.0,0.0,0.0,0.0,0.0,0.0,0.0,0.0,0.0,0.0,0.0,0.0,0.0,0.52465748307756,0.0,0.0,0.0,0.5362636341476914,0.0,0.4845871326021299,0.0,0.0
0.0,0.0,0.4183872091547957,0.2872780078438613,0.2966714771252853,0.4126238040119208,0.2987833159120368,0.3195808566152183,0.4133692853764344,0.0,0.2869027079425543,0.0,0.3152846771036006,0.0,0.0,0.0,0.0,0.0,0.3757455932383424,0.0,0.0,0.0,0.3701462322455237,0.0,0.0,0.0,0.4354478974314054,0.2501875799788951,0.0,0.0,0.0,0.2277546922978545,0.0,0.4780295658208533,0.0,0.201168460433199,0.1726099427171895,0.0,0.0,0.0,0.0,0.0,0.3765699276488148,0.0,0.0,0.0,0.0,0.4592801457284149,0.0,0.0,0.0,0.0,0.0,0.4720562922429198,0.0,0.4014115284943595,0.0,0.0,0.0,0.0,0.0,0.0,0.0,0.0,0.0,0.0,0.0,0.4604542401309105,0.0,0.0,0.0,0.0,0.0,0.0,0.0,0.0
0.3412175369649713,0.3949618443861807,0.0,0.0,0.0,0.4115691041898627,0.0,0.4351959794519757,0.0,0.0,0.0,0.0,0.4260433160974363,0.0,0.0,0.4141526831482593,0.0,0.4037266158451259,0.0,0.2956320306972996,0.3807086617306225,0.3332546876315785,0.3677571419520689,0.4030399729809725,0.3877850932445466,0.3177167593283086,0.3527758684805074,0.4137485348147247,0.3880082052430961,0.0,0.3768853870307007,0.422399357649059,0.4088349265958022,0.391061980146722,0.4467656742341023,0.5067842805729017,0.0,0.0,0.4746548999443961,0.4831667847288498,0.483753882233039,0.514950213164555,0.0,0.0,0.0,0.0,0.4910272656379738,0.0,0.0,0.0,0.4752206277949648,0.0,0.536963571521577,0.0,0.0,0.0,0.0,0.0,0.0,0.4922413552274597,0.45927769074064,0.0,0.0,0.0,0.4722535080186435,0.4576687889095177,0.500416520051778,0.4922938378524629,0.0,0.0,0.5260335276930017,0.4973117590801551,0.4739609009345074,0.4820343936380935,0.0,0.4664932448391363
0.4221919573695548,0.393220065196677,0.0,0.0,0.0,0.4247378990494848,0.4757059435700156,0.4168805195727847,0.3522578416926789,0.2927630862036126,0.0,0.0,0.4592351482285547,0.0,0.4141526831482593,0.0,0.3723845449954117,0.3642145375274946,0.0,0.3741799307724865,0.4075764149687735,0.3576295267366255,0.4254022680262502,0.3589964308698815,0.3856279371581895,0.4188661174150892,0.4154894106260549,0.4252793462455386,0.4143520494928752,0.3828505521147081,0.3391513401222849,0.4485026051842521,0.3815181477513436,0.3711971830108542,0.4443034999125397,0.0,0.0,0.0,0.4501963810380099,0.4354012828427508,0.4460932836325882,0.4777497877528699,0.0,0.0,0.0,0.4493879513262225,0.4731910046364512,0.0,0.0,0.0,0.0,0.0,0.0,0.0,0.0,0.0,0.0,0.0,0.0,0.457445984746119,0.463366444211104,0.0,0.4199460892709581,0.0,0.4468429956565791,0.4667663645652812,0.4648519618669253,0.0,0.0,0.4475142356701935,0.4780952062252245,0.0,0.0,0.0,0.0,0.4406395234504083
0.3431946056092152,0.0,0.0,0.0,0.0,0.0,0.3953037925776457,0.0,0.0,0.3265339201363462,0.0,0.3705944668541644,0.3961275688669659,0.0,0.0,0.3723845449954117,0.0,0.3185439539927029,0.0,0.336345595649373,0.0,0.3460359309089669,0.0,0.36952156275247,0.3279899355453682,0.3673828237153082,0.0,0.3732467482603782,0.0,0.0,0.3513035948240273,0.4302235494426564,0.3520126216332317,0.3581055449178971,0.3402097227351429,0.0,0.0,0.3221922717724345,0.0,0.3693105401439257,0.3951667327940646,0.0,0.0,0.0,0.0,0.0,0.0,0.0,0.0,0.0,0.0,0.0,0.0,0.0,0.4421408103137973,0.0,0.4496670184382988,0.0,0.0,0.0,0.0,0.4441761494501285,0.4349402815693209,0.0,0.0,0.0,0.0,0.0,0.4376769164034566,0.4397723765636491,0.4514641357530901,0.0,0.0,0.0,0.0,0.0
0.3991803575633079,0.3894319621030088,0.0,0.0,0.0,0.4212635096498496,0.4315568427756897,0.4218393228541168,0.0,0.3092365335983557,0.0,0.3484576636077615,0.4316952545508846,0.0,0.4037266158451259,0.3642145375274946,0.3185439539927029,0.0,0.0,0.4132762253830795,0.3939981407835377,0.4016698538669751,0.4096716864471704,0.3708398113233842,0.3382618830944757,0.3947635840629699,0.4171917562801274,0.403086780072441,0.4335849318420057,0.0,0.3494001723131713,0.4302112359217238,0.3504594379714341,0.3623159027818711,0.3775747075360953,0.0,0.0,0.0,0.4427733626523433,0.3760035928834869,0.4149135263192799,0.4330848145706107,0.0,0.0,0.0,0.4428189014665002,0.4679216907842562,0.0,0.0,0.0,0.0,0.0,0.0,0.0,0.4039782831024822,0.0,0.4199865845373826,0.0,0.0,0.0,0.4524972977464443,0.4171029228166993,0.4190853685633557,0.0,0.0,0.0,0.4374102891743374,0.0,0.4021532881178712,0.4322237284053077,0.4511073671731109,0.0,0.0,0.0,0.0,0.4226106192807573
0.0,0.0,0.2195711259603592,0.371933457608611,0.3426145053427628,0.3213924453513414,0.426747046749913,0.3992936744493106,0.2442241445328506,0.4309890472036581,0.2473784453520541,0.0,0.443246348420047,0.3757455932383424,0.0,0.0,0.0,0.0,0.0,0.0,0.0,0.0,0.2096983952082622,0.0,0.0,0.0,0.3487934185233411,0.4457484115704762,0.0,0.0,0.4621938878599844,0.4102659484443864,0.0,0.4495130122414472,0.4306004001157203,0.3857236905824715,0.0,0.0,0.4819856698435791,0.0,0.0,0.0,0.4127209460140859,0.0,0.0,0.0,0.0,0.5300670812573566,0.0,0.0,0.491244574863492,0.0,0.5327862661546643,0.5052402851915441,0.0,0.4075231800524846,0.0,0.0,0.0,0.0,0.0,0.0,0.0,0.5136722867312616,0.0,0.0,0.0,0.5174815276244644,0.0,0.0,0.0,0.513775487485365,0.0,0.0,0.0,0.0
0.3890265527448049,0.4097721820821114,0.0,0.0,0.4166754452264014,0.380999119942468,0.4285061344371472,0.4002694762825775,0.3922606792538434,0.0,0.0,0.0,0.4369249915317338,0.0,0.2956320306972996,0.3741799307724865,0.336345595649373,0.4132762253830795,0.0,0.0,0.4175977409252912,0.2819466064502655,0.3312273029443026,0.0,0.4172543998144455,0.3591639118978222,0.3438266772806275,0.3546412023477566,0.3192457096781976,0.3666472759877705,0.3223251125056668,0.4050091357890439,0.3468697332541923,0.373572838720261,0.4301683467226407,0.4690871716356505,0.0,0.0,0.4527951798545288,0.4292017811052124,0.4721387968304567,0.4745761559660563,0.0,0.0,0.0,0.0,0.4380672194432914,0.0,0.0,0.0,0.4763386354831058,0.0,0.4722208465750238,0.0,0.0,0.0,0.0,0.0,0.0,0.4548774078320462,0.0,0.0,0.0,0.0,0.4575900221788235,0.460574823897161,0.4562186552409003,0.4893762766432561,0.0,0.0,0.4549891603408291,0.4838504139492111,0.4789066329312607,0.4750942344834984,0.0,0.4530826976574572
0.3786875574353845,0.422179301821558,0.0,0.0,0.0,0.3831607767861263,0.0,0.3738206635872523,0.0,0.0,0.0,0.0,0.4267702883033307,0.0,0.3807086617306225,0.4075764149687735,0.0,0.3939981407835377,0.0,0.4175977409252912,0.0,0.4160795040398157,0.3930396323395258,0.4644703383081141,0.3848100208409981,0.3975788874948334,0.4423702553652407,0.4377468280534548,0.4330550474981869,0.4352773051966571,0.3795340342765509,0.4190814451159333,0.3758738083557182,0.3825522582182039,0.4425791703884298,0.4921091801272068,0.0,0.0,0.4507086745318967,0.449582716323837,0.4419788079287793,0.4836118801974601,0.0,0.0,0.0,0.3792709947176667,0.4916414398693441,0.0,0.0,0.0,0.4805364447463552,0.0,0.3996393894219849,0.0,0.0,0.0,0.0,0.0,0.0,0.4603178278209774,0.4707824992645558,0.0,0.0,0.0,0.4344850762647841,0.3631830268595239,0.4911432922653453,0.4480391025912128,0.0,0.4062943396613258,0.4960665633562729,0.4659318091226723,0.4447859157745922,0.444982827960984,0.0,0.4394135327344502
0.3964824099162267,0.3614910907086927,0.0,0.0,0.4348836118154098,0.3974810705371557,0.4556329012081248,0.3571265486732262,0.3914445959809769,0.3161821183607174,0.0,0.0,0.4659621453019799,0.0,0.3332546876315785,0.3576295267366255,0.3460359309089669,0.4016698538669751,0.0,0.2819466064502655,0.4160795040398157,0.0,0.4287344554673848,0.0,0.3981309291225712,0.3893164255637717,0.4022200342240578,0.3438299113081897,0.3730446808019875,0.3595416146677364,0.344632333737025,0.4233419081995139,0.3732770365882399,0.3823810309112254,0.4406065527930547,0.4907331115525126,0.0,0.0,0.4463792079467599,0.4409758112728195,0.4667368630501551,0.46863670318027,0.0,0.0,0.0,0.4528560119257965,0.4792562507901653,0.0,0.0,0.0,0.4530567158313469,0.0,0.0,0.0,0.0,0.0,0.0,0.0,0.0,0.4854284731455565,0.4814274395969347,0.0,0.4074615811352525,0.0,0.4535423865483771,0.4671152271180263,0.4843081311204305,0.4702331359996834,0.0,0.4473849615142459,0.5068392609636312,0.4779153316787364,0.0,0.4517456606894039,0.0,0.458427699858762
0.4313143414590698,0.4119125685931198,0.3111082912344182,0.3990721969054083,0.3960857119640101,0.3754789157326421,0.4231078025895687,0.3653558008404408,0.399680728201315,0.3984821028406914,0.2200128079628545,0.0,0.4286557274865499,0.3701462322455237,0.3677571419520689,0.4254022680262502,0.0,0.4096716864471704,0.2096983952082622,0.3312273029443026,0.3930396323395258,0.4287344554673848,0.0,0.4552145819934582,0.4036235186789298,0.4220536557870706,0.2948904524583969,0.4272266988514737,0.4116320856842522,0.4210118966226495,0.4186003624067839,0.4166666468430414,0.3951111090688881,0.429660040827444,0.4472385576774472,0.4058216067247359,0.416020684745544,0.0,0.5046352774948798,0.4955039237673663,0.5191847086880402,0.528641426096731,0.4959843514902678,0.0,0.0,0.0,0.4617634178674026,0.3499298370273143,0.0,0.490969658634413,0.5144136989447351,0.5077053625298982,0.4601648712974742,0.5114561576665069,0.0,0.4428790865522159,0.0,0.5199265657362312,0.478664779127791,0.4871107278625569,0.0,0.0,0.0,0.3258026454552054,0.4967706088945414,0.5070107454842198,0.4966691692683204,0.4947235643745037,0.0,0.0,0.458120732853299,0.5072209976698183,0.5121640241281314,0.508269107046143,0.5153133223345571,0.5213449037257715
0.3672274480553579,0.0,0.0,0.0,0.0,0.0,0.4024979405217688,0.4869551089470012,0.0,0.3235505507705909,0.0,0.2589260825329728,0.3901728313766794,0.0,0.4030399729809725,0.3589964308698815,0.36952156275247,0.3708398113233842,0.0,0.0,0.4644703383081141,0.0,0.4552145819934582,0.0,0.3470762460618601,0.3403796860662791,0.4245212333160679,0.3835934852360729,0.0,0.0,0.350641983398925,0.4013454491138618,0.3153032545133414,0.2923769903731191,0.371938389124848,0.2645322341160622,0.0,0.2836919505206581,0.4113093006997904,0.3425538563288642,0.3200428060946835,0.0,0.0,0.0,0.2830139945138328,0.4100432005387233,0.0,0.0,0.0,0.0,0.0,0.0,0.0,0.0,0.4133292485801067,0.0,0.4106623708632916,0.0,0.0,0.0,0.0,0.4673941590720063,0.4448984135554031,0.0,0.0,0.0,0.0,0.0,0.3729681767931201,0.4468663323296503,0.4358555448089572,0.0,0.0,0.0,0.0,0.4365152922064801
0.3617791509574519,0.3575943307324686,0.0,0.0,0.3624701637366832,0.385851908444626,0.429246865987037,0.4444297681327437,0.0,0.3164437250786998,0.0,0.3589777284807871,0.434869027257142,0.0,0.3877850932445466,0.3856279371581895,0.3279899355453682,0.3382618830944757,0.0,0.4172543998144455,0.3848100208409981,0.3981309291225712,0.4036235186789298,0.3470762460618601,0.0,0.3446666605621116,0.3963439557188716,0.4133126409993737,0.4435166570718224,0.0,0.3534123543810317,0.4120478895019086,0.331817786000645,0.3550789163047881,0.3714511053555685,0.0,0.0,0.3342276365526656,0.4446262947281976,0.3974671133365782,0.4213069921818291,0.4410176794156294,0.0,0.0,0.0,0.413285187235778,0.4685212630863792,0.0,0.0,0.0,0.0,0.0,0.0,0.0,0.4468134668814147,0.0,0.449297441136151,0.0,0.0,0.0,0.4581892737108268,0.4514838113173314,0.4359413148435309,0.0,0.4479597045734323,0.4072908082513077,0.523061352128317,0.0,0.4221465662656966,0.4441667887038956,0.4528062766406343,0.0,0.0,0.0,0.0,0.4357663865657432
0.3872558663276451,0.3758380752897367,0.0,0.0,0.0,0.3773184977424586,0.4134960658437088,0.4556168731734293,0.0,0.3390228516766332,0.0,0.2928511931027814,0.4145885633162791,0.0,0.3177167593283086,0.4188661174150892,0.3673828237153082,0.3947635840629699,0.0,0.3591639118978222,0.3975788874948334,0.3893164255637717,0.4220536557870706,0.3403796860662791,0.3446666605621116,0.0,0.4195444428909141,0.3909891701204126,0.403620586615775,0.0,0.3719552191985691,0.4353536959824087,0.3659308308877819,0.3753048459861926,0.4264846955528211,0.4925780743781421,0.0,0.3121354396469446,0.4519036622406353,0.4197573332049318,0.4521683039980023,0.4474756536659067,0.0,0.0,0.3730852072313728,0.443123729815856,0.4909798121807275,0.0,0.0,0.0,0.0,0.0,0.0,0.0,0.4409086433615335,0.0,0.4325266148984105,0.0,0.0,0.5034174855999249,0.4803410695982184,0.4572562847980019,0.4488788922652917,0.0,0.4664187502709038,0.4556515637296937,0.4992883013333999,0.4717328001322153,0.4227259755580974,0.4588296009357915,0.4800654446307042,0.4734196632214527,0.0,0.4578434616170765,0.0,0.4537410764687448
0.418287217637374,0.4050505160961108,0.3170486654458039,0.3797487939736048,0.3943576501428382,0.3563354808707368,0.4182039529361173,0.4292884360896973,0.3499745664687089,0.3945475304976216,0.3666386035017042,0.0,0.4219379281926852,0.4354478974314054,0.3527758684805074,0.4154894106260549,0.0,0.4171917562801274,0.3487934185233411,0.3438266772806275,0.4423702553652407,0.4022200342240578,0.2948904524583969,0.4245212333160679,0.3963439557188716,0.4195444428909141,0.0,0.415689612427009,0.363031556260975,0.3984880329089704,0.3961649344641186,0.4008013003596081,0.3623101020325409,0.4078267768726135,0.4268387606244408,0.4152287017883421,0.4066952581754182,0.0,0.4948162111152727,0.0,0.5186721028507781,0.5092946448165987,0.4917615475660077,0.0,0.0,0.0,0.4042732892362791,0.5372715617001158,0.0,0.0,0.5124357265323201,0.496232541400293,0.4741405652323629,0.5378222720302875,0.0,0.5016177112436366,0.0,0.5354787295689992,0.0,0.4802617039846762,0.0,0.0,0.0,0.5252070977088209,0.4868505269598779,0.4956913907043762,0.4872064808956163,0.5117886902249764,0.0,0.0,0.4671458343266705,0.511173236394731,0.5154676310122066,0.5040310146253892,0.4824083088965775,0.5153746837385661
0.3404031543778416,0.438998577864627,0.4510532712910379,0.2178412450763339,0.4117531985579075,0.3845289817260066,0.339840259670096,0.4374009327765952,0.4451381289477079,0.3783894372297944,0.4334141584228427,0.3307307808570011,0.331494466790042,0.2501875799788951,0.4137485348147247,0.4252793462455386,0.3732467482603782,0.403086780072441,0.4457484115704762,0.3546412023477566,0.4377468280534548,0.3438299113081897,0.4272266988514737,0.3835934852360729,0.4133126409993737,0.3909891701204126,0.415689612427009,0.0,0.3500085716319389,0.3034890105611553,0.3539728108721154,0.3716497501251046,0.3167959565924415,0.3488465674666812,0.2854622831848954,0.242600792997755,0.2263565165202015,0.2972397598112028,0.3432265599523266,0.0,0.3012264819014665,0.2807912800054115,0.3819413009922405,0.0,0.0,0.0,0.0,0.0,0.0,0.0,0.5315755415086879,0.0,0.467924658228809,0.0,0.0,0.0,0.0,0.0,0.0,0.4486418977925958,0.0,0.0,0.0,0.0,0.4819710571011685,0.4570055513575175,0.0,0.5069532226225603,0.0,0.0,0.0,0.5086891448766527,0.5033505940698488,0.5094406980142936,0.0,0.4872449636728063
0.4146640408103184,0.4314881335183156,0.0,0.0,0.4339174435849339,0.3404334229692741,0.4435974509203247,0.4131291739862547,0.4309209126235254,0.0,0.0,0.0,0.4148201327786585,0.0,0.3880082052430961,0.4143520494928752,0.0,0.4335849318420057,0.0,0.3192457096781976,0.4330550474981869,0.3730446808019875,0.4116320856842522,0.0,0.4435166570718224,0.403620586615775,0.363031556260975,0.3500085716319389,0.0,0.365833970989568,0.3360326966477641,0.402868027456118,0.2977616548098948,0.3835270011326749,0.426942716607215,0.4272856292124488,0.3831782616275563,0.0,0.4879833715232593,0.0,0.5062610483637144,0.4881934063882415,0.0,0.0,0.0,0.0,0.4174238527240634,0.0,0.0,0.0,0.5081206891458496,0.0,0.4778653215192377,0.0,0.0,0.0,0.0,0.4885314514551059,0.0,0.4523982084882456,0.0,0.0,0.0,0.0,0.4636985704855605,0.4767784855117666,0.4522719767301583,0.5007619011706558,0.0,0.0,0.4304778169117287,0.5037363469977862,0.5075062864582345,0.496438797966424,0.0,0.4969294625227298
0.0,0.0,0.41336068310327,0.0,0.0,0.4168206217572309,0.0,0.4330680029671523,0.0,0.0,0.0,0.0,0.3561456157506473,0.0,0.0,0.3828505521147081,0.0,0.0,0.0,0.3666472759877705,0.4352773051966571,0.3595416146677364,0.4210118966226495,0.0,0.0,0.0,0.3984880329089704,0.3034890105611553,0.365833970989568,0.0,0.3051465646931361,0.3781109289627568,0.0,0.3503359618454632,0.3800005162828849,0.0,0.0,0.0,0.4882467245978133,0.0,0.0,0.0,0.0,0.0,0.0,0.0,0.0,0.0,0.0,0.0,0.0,0.0,0.0,0.0,0.0,0.0,0.0,0.0,0.0,0.0,0.0,0.0,0.0,0.0,0.4547881148226902,0.0,0.0,0.5029837917829557,0.0,0.0,0.0,0.511660673724221,0.0,0.0,0.0,0.0
0.3676393919743403,0.3647991376631285,0.4632425483801337,0.0,0.4327593089313051,0.4340040789459569,0.4115695246990589,0.4314199866515548,0.4598181028422844,0.3093107396077498,0.452713982661396,0.342370218993055,0.3861515300799056,0.0,0.3768853870307007,0.3391513401222849,0.3513035948240273,0.3494001723131713,0.4621938878599844,0.3223251125056668,0.3795340342765509,0.344632333737025,0.4186003624067839,0.350641983398925,0.3534123543810317,0.3719552191985691,0.3961649344641186,0.3539728108721154,0.3360326966477641,0.3051465646931361,0.0,0.4026702130187364,0.324188230263763,0.2566585191362298,0.2009455369098208,0.3921649638198572,0.0,0.3069590047233477,0.3975455765174608,0.3375219198387412,0.3547075990480066,0.0,0.0,0.0,0.0,0.3976318438763664,0.4446413124632281,0.0,0.0,0.0,0.5134197208231056,0.0,0.4708283841468457,0.0,0.4116607375849327,0.0,0.425515737368518,0.0,0.0,0.4616924265891772,0.4349209362523867,0.0,0.4095256103082784,0.0,0.4529448439853112,0.0,0.4477593373860133,0.5060919930872796,0.3991892523098355,0.4235030145138371,0.4483352314744317,0.5080837068026005,0.48514796057567,0.5001293142263056,0.0,0.3743979864617255
0.4390447762005621,0.4244312643243979,0.445465476660393,0.2566861901743302,0.3605023650195151,0.419555538306309,0.3928581628966697,0.319640809768825,0.437984347494567,0.314485771701795,0.3595742807160283,0.241222997208023,0.3972173489743528,0.2277546922978545,0.422399357649059,0.4485026051842521,0.4302235494426564,0.4302112359217238,0.4102659484443864,0.4050091357890439,0.4190814451159333,0.4233419081995139,0.4166666468430414,0.4013454491138618,0.4120478895019086,0.4353536959824087,0.4008013003596081,0.3716497501251046,0.402868027456118,0.3781109289627568,0.4026702130187364,0.0,0.347759756590825,0.3441427482662198,0.3592330502408341,0.2820185735190821,0.2575480156006736,0.2503722524476823,0.3143257767671989,0.3026102146750029,0.3583743105453196,0.3440428353796459,0.2922896077694841,0.2768685303926049,0.2627122908261884,0.4631584753460639,0.4894141820438053,0.44501810964322,0.0,0.0,0.4780933013652816,0.0,0.468576403176522,0.39050237221918,0.2855059635260811,0.3666329890091969,0.2389029193289596,0.4355777067747671,0.0,0.4520435016168067,0.4634104949683427,0.0,0.4271756854774146,0.3846594004191506,0.425062890361463,0.4531443621948323,0.4365322124132745,0.5027130663730403,0.3068481715978263,0.4538030278199761,0.4677493027644037,0.4985691111761962,0.3280890861953538,0.4911643689838573,0.0,0.4861127545720021
0.3535012465944538,0.3545566194158018,0.0,0.0,0.381100306390643,0.3825337731404185,0.3242898510304259,0.4268833594701492,0.3913650744907987,0.290691164931827,0.3768115502104804,0.2676073793098239,0.3610868613633063,0.0,0.4088349265958022,0.3815181477513436,0.3520126216332317,0.3504594379714341,0.0,0.3468697332541923,0.3758738083557182,0.3732770365882399,0.3951111090688881,0.3153032545133414,0.331817786000645,0.3659308308877819,0.3623101020325409,0.3167959565924415,0.2977616548098948,0.0,0.324188230263763,0.347759756590825,0.0,0.2549160488346183,0.3334203323726078,0.3427464260113891,0.2344252856853041,0.1996699326576458,0.2960139643376347,0.2207712205678084,0.3330617584232315,0.377798257177523,0.0,0.0,0.2256494196173264,0.4226521529607531,0.4718931939268662,0.0,0.0,0.0,0.0,0.0,0.0,0.0,0.3596504093285291,0.0,0.3616885453722211,0.0,0.0,0.4843271945325954,0.4588346402311189,0.403857158546444,0.4524929113794687,0.0,0.4283704205844735,0.0,0.4843584322928057,0.4720716454777108,0.367629117763175,0.4339082145890768,0.4576542808531231,0.4807343625963593,0.0,0.3997722615086252,0.0,0.3838511005171189
0.3771002468973859,0.3656041586718545,0.4649509910701865,0.2022189221161775,0.4251681727930173,0.4365058778550762,0.361721106328823,0.4451409207448713,0.4553583510627501,0.2940421408626845,0.4378933468304291,0.2444180787866984,0.3830679136748956,0.4780295658208533,0.391061980146722,0.3711971830108542,0.3581055449178971,0.3623159027818711,0.4495130122414472,0.373572838720261,0.3825522582182039,0.3823810309112254,0.429660040827444,0.2923769903731191,0.3550789163047881,0.3753048459861926,0.4078267768726135,0.3488465674666812,0.3835270011326749,0.3503359618454632,0.2566585191362298,0.3441427482662198,0.2549160488346183,0.0,0.250269628104329,0.3111499720252343,0.2445485122026518,0.2110569564229211,0.3045250900155402,0.2363117339312616,0.2541690596434858,0.3259569387768103,0.2796980236050079,0.0,0.2277009944462686,0.401020226511562,0.4539567582957735,0.0,0.0,0.0,0.5154383655135548,0.0,0.4842878345861963,0.0,0.3771477292428135,0.0,0.3032082991174259,0.0,0.0,0.4717354506483817,0.4400166240166209,0.0,0.4149335562600191,0.0,0.463206284835738,0.4397002614562368,0.4619295344892026,0.5118143162240253,0.2769338554956838,0.4277211813085977,0.4612879907937001,0.5112618664535087,0.2719588822087866,0.502096155017266,0.0,0.4284802789859449
0.423127158724036,0.421637039280468,0.4445769149159496,0.2518021817762422,0.4132401754188633,0.4436875690675772,0.3521402477995539,0.4473488959538097,0.4325245949834766,0.2653854517622282,0.4215555575405261,0.3245161645914178,0.3495273427654881,0.0,0.4467656742341023,0.4443034999125397,0.3402097227351429,0.3775747075360953,0.4306004001157203,0.4301683467226407,0.4425791703884298,0.4406065527930547,0.4472385576774472,0.371938389124848,0.3714511053555685,0.4264846955528211,0.4268387606244408,0.2854622831848954,0.426942716607215,0.3800005162828849,0.2009455369098208,0.3592330502408341,0.3334203323726078,0.250269628104329,0.0,0.3683889244587798,0.2913189639374846,0.2545414871554933,0.3286247404560714,0.290052059742409,0.3428247106746927,0.364079621848168,0.3183783918899293,0.2878419683377046,0.2803114122554657,0.0,0.4870701680581402,0.0,0.0,0.0,0.0,0.0,0.0,0.0,0.0,0.0,0.2756528069525487,0.0,0.0,0.5005808867382903,0.4776377755868928,0.0,0.4078239473001321,0.0,0.4260814810675055,0.0,0.4941620856704738,0.5250934835767629,0.0,0.429939012138044,0.5071373112303401,0.4596173006158651,0.0,0.4783988766205304,0.0,0.0
0.0,0.0,0.4262188661953928,0.1720724216043736,0.2364305343761293,0.4204059601063252,0.284181567367347,0.2491794910200876,0.424811528888477,0.2836310810832553,0.2595828404808595,0.2474374620777858,0.3015854153247766,0.201168460433199,0.5067842805729017,0.0,0.0,0.0,0.3857236905824715,0.4690871716356505,0.4921091801272068,0.4907331115525126,0.4058216067247359,0.2645322341160622,0.0,0.4925780743781421,0.4152287017883421,0.242600792997755,0.4272856292124488,0.0,0.3921649638198572,0.2820185735190821,0.3427464260113891,0.3111499720252343,0.3683889244587798,0.0,0.1562969369347012,0.2470338640470774,0.2405764293930841,0.2626613603258578,0.265805022079311,0.2954670404050695,0.2955147472474063,0.2240962824195968,0.0,0.0,0.0,0.4397179273161225,0.0,0.0,0.3743351458271784,0.3915384368634585,0.3745853690410166,0.4338702673838068,0.0,0.3525085593829678,0.2867584692401279,0.3510879841119628,0.3866627697181563,0.0,0.0,0.0,0.0,0.4293692766154969,0.0,0.0,0.0,0.4500259521649656,0.0,0.0,0.0,0.4136192865413519,0.189676403614744,0.0,0.0,0.0
0.0,0.0,0.4153545868648883,0.1672143974488564,0.1610088015635307,0.4137887918914121,0.2630173483764631,0.1942177856381127,0.430245716557299,0.2466797854287657,0.3940985819076136,0.2234247503108289,0.2556157117776241,0.1726099427171895,0.0,0.0,0.0,0.0,0.0,0.0,0.0,0.0,0.416020684745544,0.0,0.0,0.0,0.4066952581754182,0.2263565165202015,0.3831782616275563,0.0,0.0,0.2575480156006736,0.2344252856853041,0.2445485122026518,0.2913189639374846,0.1562969369347012,0.0,0.2327559741479054,0.2583937689518195,0.0,0.2600964016623012,0.2823101465027213,0.0,0.0,0.0,0.0,0.0,0.0,0.0,0.0,0.0,0.0,0.0,0.0,0.0,0.0,0.0,0.0,0.0,0.0,0.0,0.0,0.0,0.0,0.0,0.0,0.0,0.0,0.0,0.0,0.0,0.0,0.0,0.0,0.0,0.0
0.0,0.0,0.0,0.0,0.3768171175512868,0.0,0.3385106778367622,0.0,0.3983096928463305,0.2779612677200535,0.3889458120592088,0.2109166170724898,0.3402316202065718,0.0,0.0,0.0,0.3221922717724345,0.0,0.0,0.0,0.0,0.0,0.0,0.2836919505206581,0.3342276365526656,0.3121354396469446,0.0,0.2972397598112028,0.0,0.0,0.3069590047233477,0.2503722524476823,0.1996699326576458,0.2110569564229211,0.2545414871554933,0.2470338640470774,0.2327559741479054,0.0,0.224804758023145,0.2151217354496562,0.2335533525511872,0.2876311364653454,0.0,0.0,0.2488876458726787,0.0,0.0,0.0,0.0,0.0,0.0,0.0,0.0,0.0,0.3569880382765875,0.0,0.3446977314613468,0.0,0.0,0.0,0.0,0.0,0.0,0.0,0.0,0.0,0.0,0.0,0.3011752190314351,0.0,0.3715636512158583,0.0,0.0,0.0,0.0,0.0
0.4582893503896704,0.4764017183233733,0.4341710105657867,0.0,0.0,0.4975586027750597,0.0,0.4452466116973113,0.4729105490046473,0.3256232192430528,0.3530959790950205,0.2235641103479189,0.3555068015958936,0.0,0.4746548999443961,0.4501963810380099,0.0,0.4427733626523433,0.4819856698435791,0.4527951798545288,0.4507086745318967,0.4463792079467599,0.5046352774948798,0.4113093006997904,0.4446262947281976,0.4519036622406353,0.4948162111152727,0.3432265599523266,0.4879833715232593,0.4882467245978133,0.3975455765174608,0.3143257767671989,0.2960139643376347,0.3045250900155402,0.3286247404560714,0.2405764293930841,0.2583937689518195,0.224804758023145,0.0,0.3007673104944874,0.4014036201573684,0.3904108436755889,0.2768216319088634,0.3384038850276736,0.2286717299295828,0.4253971575264896,0.4109410010184797,0.4031556430799168,0.2837530985579199,0.3365622549971963,0.4044981949261478,0.3778190626426677,0.3709426532500292,0.4231561893956941,0.3065356222814533,0.3254463109465681,0.2284534892362185,0.3971599721997965,0.2803175068087569,0.4144672656663411,0.4402912456483728,0.41267306232332,0.4162223040299497,0.3823263648596863,0.4021594059966902,0.3971949566863806,0.4137751296940916,0.4081892345920125,0.308919658414468,0.4004596763379919,0.4213711529853901,0.4143101609088626,0.3568524845835633,0.3797237396392369,0.3892192448843141,0.3970965528485286
0.4253479299309773,0.4591487971588392,0.0,0.0,0.0,0.0,0.0,0.0,0.0,0.3751450317016414,0.0,0.376169332204632,0.0,0.0,0.4831667847288498,0.4354012828427508,0.3693105401439257,0.3760035928834869,0.0,0.4292017811052124,0.449582716323837,0.4409758112728195,0.4955039237673663,0.3425538563288642,0.3974671133365782,0.4197573332049318,0.0,0.0,0.0,0.0,0.3375219198387412,0.3026102146750029,0.2207712205678084,0.2363117339312616,0.290052059742409,0.2626613603258578,0.0,0.2151217354496562,0.3007673104944874,0.0,0.2340887967677247,0.3249669714146208,0.4308316171300894,0.241000938643259,0.1975148834805171,0.353360470057992,0.3673386286400407,0.0,0.0,0.3726211684507577,0.3931347912483278,0.3397427151483949,0.3584314360523338,0.3955203628531628,0.3131094396449876,0.4138958566744299,0.2597995010518359,0.3637018417348632,0.0,0.3853805476275888,0.3636313524877719,0.3527035676356873,0.3379669064464393,0.0,0.3555928814097678,0.3508468739043433,0.377626572379497,0.3526317967614807,0.2899312683618941,0.3245408233614296,0.3609597059863134,0.3819232164092934,0.2717522650594675,0.3615515036079877,0.3248006368223929,0.3107856854470407
0.417039870346774,0.4566543730823857,0.0,0.0,0.0,0.5058280165949962,0.0,0.4835468709066292,0.0,0.3220366922101189,0.0,0.234483801760988,0.0,0.0,0.483753882233039,0.4460932836325882,0.3951667327940646,0.4149135263192799,0.0,0.4721387968304567,0.4419788079287793,0.4667368630501551,0.5191847086880402,0.3200428060946835,0.4213069921818291,0.4521683039980023,0.5186721028507781,0.3012264819014665,0.5062610483637144,0.0,0.3547075990480066,0.3583743105453196,0.3330617584232315,0.2541690596434858,0.3428247106746927,0.265805022079311,0.2600964016623012,0.2335533525511872,0.4014036201573684,0.2340887967677247,0.0,0.3184651989627283,0.4194951595688921,0.2489943207095542,0.2086851007481325,0.3559769911873667,0.3568217927422176,0.4440530483322886,0.2645181970657407,0.3807629794597722,0.4233866114856469,0.3269355104683334,0.4421402883756046,0.454351429511786,0.30104336030264,0.441841593151478,0.2173230494482948,0.3675743771344944,0.3959433195591876,0.412248809701904,0.3715359756560875,0.3672900870625363,0.3650565947127751,0.4446411384569125,0.3926443468880125,0.3977660431890659,0.3904409570521257,0.4314855386815418,0.2816398039662643,0.3398548655838928,0.3692430484878116,0.430496785366062,0.3051654244679524,0.3881908954544748,0.3810873282211057,0.2693185431254998
