0.0,0.3084967541227057,0.0,0.0,0.0,0.0,0.0,0.3252754305360718,0.0,0.2635345991136668,0.0,0.2671049205192884,0.0,0.0,0.2388032828975006,0.295473750644655,0.2401869470753697,0.2793689348507957,0.0,0.2722627293898264,0.2650269171753888,0.2774807588767843,0.301858109689635,0.2570064860842525,0.2531934603976084,0.2710235031379729,0.292740993485691,0.2382333320178624,0.2902052899327173,0.0,0.2572947876794685,0.3072683040510191,0.2474001159084052,0.2639160277093214,0.2961282573139392,0.0,0.0,0.2644891796217485,0.3207367427930622,0.297682478294194,0.2918680294799191,0.0,0.0,0.0,0.0,0.2317940361678951,0.3339201798957194,0.0,0.0,0.0,0.0,0.0,0.0,0.0,0.2943801810354546,0.0,0.0,0.0,0.0,0.0,0.3303556913591888,0.0,0.3078825900553658,0.0,0.0,0.1760347615379082,0.3225918033222549,0.304986330192948,0.258221576160505,0.3251104582378947,0.3182211325083308,0.0,0.0,0.0,0.0,0.2746200962824896
0.3084967541227057,0.0,0.0,0.0,0.2546426098643956,0.2692726187344057,0.2889363329058327,0.2810704341878929,0.2358063705669927,0.0,0.0,0.0,0.3059991899590586,0.0,0.2764165813328469,0.2751975859897713,0.0,0.2725464577307481,0.0,0.2867816912098693,0.2954648935781766,0.2529918595839813,0.2882796544448328,0.0,0.2502646871084311,0.2630326888101323,0.283477202969811,0.3072359718491521,0.3019797391775523,0.0,0.2553070174733586,0.2970409439870261,0.2481387253499375,0.255870416592276,0.2950853876590013,0.0,0.0,0.0,0.3334127997216946,0.3213382321296852,0.319592493432624,0.3479973635098287,0.0,0.0,0.0,0.3187546332476675,0.333920919620771,0.0,0.0,0.0,0.3029819375557317,0.0,0.0,0.0,0.0,0.0,0.0,0.0,0.0,0.3506150466687686,0.3286949451043896,0.0,0.3069952010189343,0.0,0.3184408538927432,0.3223696892274634,0.3332599559357776,0.3334018065349498,0.0,0.3254055176607321,0.3491620277545829,0.3243901603826011,0.0,0.3232702841536508,0.0,0.3172313816427082
0.0,0.0,0.0,0.2652813986576649,0.2637262853175557,0.2481858154806846,0.2906831389241009,0.3278793236231268,0.2265711412795314,0.2795833029930977,0.2236805879859222,0.0,0.2971155866112343,0.2928109731908217,0.0,0.0,0.0,0.0,0.1536682615296446,0.0,0.0,0.0,0.2177311340566813,0.0,0.0,0.0,0.221888543068939,0.3156725264007002,0.2822303958931308,0.2892931266775653,0.3242032701922251,0.3117618724705887,0.0,0.3253989347722339,0.311140006831684,0.2982920086277954,0.2906885730203628,0.0,0.3038573678957157,0.0,0.0,0.0,0.3323929941428957,0.0,0.0,0.0,0.0,0.2018581819236779,0.0,0.3659656924230529,0.378521655131745,0.3548440151225096,0.3740287968977119,0.3070388248277606,0.0,0.3486576338074225,0.0,0.357478510369032,0.3634797811773321,0.0,0.0,0.0,0.0,0.2101204266294131,0.0,0.0,0.0,0.3878212605526394,0.0,0.0,0.0,0.3926328697396604,0.0,0.0,0.0,0.0
0.0,0.0,0.2652813986576649,0.0,0.1682644050443642,0.2724836492824512,0.1589520457735633,0.2513886125592586,0.2851577185940664,0.1795020532366883,0.2436126757648961,0.1360622137438378,0.1802416779409282,0.201053357302707,0.0,0.0,0.0,0.0,0.2603000170693824,0.0,0.0,0.0,0.2792932379202789,0.0,0.0,0.0,0.2657696303768026,0.1524575932920116,0.0,0.0,0.0,0.1796434773936454,0.0,0.1415242103171695,0.1762253727747081,0.1204259884786214,0.1170260690985927,0.0,0.0,0.0,0.0,0.0,0.0,0.0,0.0,0.0,0.0,0.0,0.0,0.0,0.0,0.0,0.0,0.0,0.0,0.0,0.0,0.0,0.0,0.0,0.0,0.0,0.0,0.0,0.0,0.0,0.0,0.0,0.0,0.0,0.0,0.0,0.0,0.0,0.0,0.0
0.0,0.2546426098643956,0.2637262853175557,0.1682644050443642,0.0,0.2576403128344044,0.2155412738906683,0.2586223752772491,0.2281104121760346,0.3051694030963629,0.2201951099471331,0.2448878768759247,0.2563044176732451,0.2076274370588455,0.0,0.2884001396302894,0.0,0.0,0.2397809601812882,0.2916129842208466,0.0,0.3043560864531512,0.2772031272692455,0.0,0.2536770701255032,0.2527839374422922,0.2759937321144237,0.2881681183029841,0.3036799074169822,0.0,0.3028693794476877,0.2522998935655849,0.2667154950147581,0.2975566741076598,0.2892087886013144,0.1654674266991914,0.1126830429958543,0.2637178778195634,0.301183952152086,0.0,0.0,0.0,0.2795155456239332,0.0,0.0,0.0,0.0,0.329708612742433,0.0,0.0,0.3293234631478615,0.0,0.3283937007939748,0.3101038515062417,0.0,0.2922934366561328,0.0,0.0,0.0,0.0,0.0,0.0,0.0,0.3229453964499779,0.0,0.0,0.0,0.3572656737344552,0.0,0.0,0.0,0.3479538564727079,0.0,0.0,0.0,0.0
0.0,0.2692726187344057,0.2481858154806846,0.2724836492824512,0.2576403128344044,0.0,0.2740602171967523,0.2760402144478918,0.1998912301566563,0.3019779790060249,0.2547222268458223,0.2568244789598024,0.2741957405600997,0.2887774171168027,0.2880392786781422,0.2972555442671067,0.0,0.2948239705500081,0.2249285653106242,0.2666446790296718,0.2681575284434358,0.2781796779209213,0.26278132868931,0.0,0.2700409342040989,0.2640687719637993,0.2493836729544385,0.2691150754506212,0.2382545156858153,0.2917145869475708,0.3037405397303485,0.2936286358448806,0.2677187159183952,0.3054914397513764,0.3105175924326128,0.2942238089989273,0.2895927413601955,0.2494514867289147,0.3482195810726322,0.0,0.3540069834007883,0.2812854147364446,0.3322672241611938,0.0,0.0,0.0,0.0,0.3611828749855706,0.0,0.3059538074381492,0.3515609739094976,0.3397137293456222,0.3130939867349306,0.3616201619658749,0.0,0.329717535985204,0.0,0.3597649393093231,0.0,0.3022132946146472,0.0,0.0,0.0,0.3540357291851449,0.3106126233989469,0.0,0.2805925335690941,0.3545360547330344,0.0,0.0,0.2768976962541885,0.3547481839058668,0.3593188822558215,0.3473094924680198,0.0,0.3588604116953217
0.0,0.2889363329058327,0.2906831389241009,0.1589520457735633,0.2155412738906683,0.2740602171967523,0.0,0.3034263517794847,0.2669306703721031,0.2904200589747194,0.2792128341123968,0.2378569675193051,0.2291381877079651,0.2091054209857921,0.0,0.332925857295649,0.2766558959689851,0.3020278257922448,0.2986616591783033,0.2998927679845872,0.0,0.3188776097864589,0.2961147107990206,0.2816907665737842,0.3004111737131815,0.2893878751572361,0.2926827201501924,0.237839386544453,0.3104545226689543,0.0,0.2880395729742017,0.274944306342721,0.2269563332682901,0.2531528374917799,0.2464476121680274,0.1988862935648187,0.1840743790895568,0.2369088701662353,0.0,0.0,0.0,0.0,0.2998236784355669,0.0,0.0,0.0,0.0,0.0,0.0,0.0,0.3417608543245802,0.0,0.0,0.0,0.0,0.0,0.0,0.0,0.0,0.0,0.0,0.0,0.0,0.0,0.0,0.0,0.0,0.3618915514330624,0.0,0.0,0.0,0.3645510280306216,0.0,0.0,0.0,0.0
0.3252754305360718,0.2810704341878929,0.3278793236231268,0.2513886125592586,0.2586223752772491,0.2760402144478918,0.3034263517794847,0.0,0.3334547488405855,0.2880304001897685,0.1488063339615284,0.0,0.3156700066753971,0.2236607133083669,0.3045746989481196,0.2917565068181609,0.0,0.2952269571161084,0.279448240400639,0.2801311615755417,0.2616207902840651,0.2499373068324311,0.2556966017702056,0.3407986578725925,0.3110370252111907,0.3188663924635226,0.3004402668162909,0.3061178496819254,0.2891311035363877,0.303085420949619,0.3019320461555393,0.2237026719076484,0.2987570585103032,0.3115347299303788,0.3130799955493171,0.1743898658187484,0.1359245636083048,0.0,0.3116086984216812,0.0,0.338413380608779,0.0,0.2851422180579282,0.0,0.0,0.0,0.0,0.3556289423854334,0.0,0.0,0.3202501558320264,0.3242361398745037,0.226725555993952,0.3541669662133769,0.0,0.3043731250255879,0.0,0.3290237364613391,0.3194043522356116,0.0,0.0,0.0,0.0,0.3495416807913961,0.0,0.3126156797978736,0.0,0.3213301960994557,0.0,0.0,0.0,0.3500784081787623,0.3250183316832079,0.3087286128200448,0.0,0.3344160786832019
0.0,0.2358063705669927,0.2265711412795314,0.2851577185940664,0.2281104121760346,0.1998912301566563,0.2669306703721031,0.3334547488405855,0.0,0.3141247958077444,0.1755838627409476,0.2738809738234866,0.2613090887308505,0.2892991470336417,0.0,0.2465299110087515,0.0,0.0,0.1709218347803312,0.274526153581132,0.0,0.2739550124656674,0.2797191224527708,0.0,0.2166087682671187,0.2872183290809125,0.24493194619108,0.3115327760732185,0.3015827659943776,0.0,0.3218066500072959,0.3065261562161722,0.2738993588404629,0.3186854641053822,0.3027051133850995,0.297307074582421,0.301110225694578,0.2787595945614114,0.3309694824705406,0.0,0.0,0.0,0.3275007777417871,0.0,0.0,0.0,0.0,0.3765384673984904,0.0,0.3150432073921022,0.3658672771457631,0.3311154597301579,0.3642930914573001,0.3595944768460213,0.0,0.3520286667323634,0.0,0.3230021858047681,0.0,0.0,0.0,0.0,0.0,0.3739439229745435,0.0,0.0,0.0,0.3794498320391882,0.0,0.0,0.0,0.3737524852157344,0.0,0.0,0.0,0.0
0.2635345991136668,0.0,0.2795833029930977,0.1795020532366883,0.3051694030963629,0.3019779790060249,0.2904200589747194,0.2880304001897685,0.3141247958077444,0.0,0.3008228374603627,0.1965553706107867,0.279539023457407,0.0,0.0,0.2048921245914853,0.228526859432652,0.216421172463687,0.3016304504175151,0.0,0.2707848949813436,0.2212820845306571,0.27888025680235,0.2264389292372255,0.2214651716710131,0.2372673183147781,0.2761266210992143,0.2648182758364171,0.0,0.0,0.2164731060155544,0.2200948854356573,0.2034420771935453,0.205787279202554,0.1857317114406177,0.1985010322063305,0.1726404308196142,0.1945329769399105,0.2278894995683538,0.2625476578076219,0.2253794456089843,0.1963294288850486,0.0,0.0,0.2398545307112214,0.0,0.0,0.0,0.0,0.0,0.0,0.0,0.0,0.0,0.3143271246175736,0.0,0.3170353333851072,0.2794819963500569,0.0,0.0,0.282395459305852,0.340294866520585,0.3309707186181702,0.0,0.0,0.0,0.0,0.0,0.2823820852517454,0.32765876656064,0.3197344419623189,0.0,0.2941350615137489,0.0,0.0,0.2930785457270056
0.0,0.0,0.2236805879859222,0.2436126757648961,0.2201951099471331,0.2547222268458223,0.2792128341123968,0.1488063339615284,0.1755838627409476,0.3008228374603627,0.0,0.272345540378011,0.2983826076903558,0.2007907012584122,0.0,0.0,0.0,0.0,0.1731293924503504,0.0,0.0,0.0,0.1539773755134415,0.0,0.0,0.0,0.2565943794446596,0.3033276800666239,0.0,0.0,0.3168347859103204,0.2516503678101105,0.2637139814803734,0.306462468817408,0.2950283621404204,0.1816707166989812,0.2758124215475157,0.2722062225028849,0.2471164868482545,0.0,0.0,0.0,0.2579959761578029,0.0,0.0,0.0,0.0,0.3449870195003863,0.0,0.2387983209489469,0.3230870544969427,0.2431956105102519,0.2734128293083665,0.2754953641817141,0.0,0.205108907080124,0.0,0.2633502568217696,0.2956909250974601,0.0,0.0,0.0,0.0,0.1477874229961107,0.0,0.0,0.0,0.3239677194527832,0.0,0.0,0.0,0.3419774030531086,0.0,0.0,0.0,0.0
0.2671049205192884,0.0,0.0,0.1360622137438378,0.2448878768759247,0.2568244789598024,0.2378569675193051,0.0,0.2738809738234866,0.1965553706107867,0.272345540378011,0.0,0.2579823877223143,0.0,0.0,0.0,0.2593629157973453,0.2438703319896152,0.0,0.0,0.2673937382091418,0.0,0.2443394949655573,0.1812110804346221,0.2512328669000969,0.2049537867702659,0.0,0.231464059339991,0.0,0.0,0.2396099948118169,0.1688214625661638,0.1872867416932999,0.1710575609123966,0.2271147202662439,0.1731706956845744,0.1563652452607017,0.1476113479469732,0.1564627772769569,0.2632645210877553,0.1641049933859614,0.1967419624707711,0.0,0.0,0.2222997053146657,0.0,0.0,0.0,0.0,0.0,0.0,0.0,0.0,0.0,0.3204386568569859,0.0,0.3189652639687527,0.0,0.0,0.0,0.0,0.3609315586049452,0.3233557924042141,0.0,0.0,0.0,0.0,0.0,0.2691974782240532,0.3222020757227964,0.3071323666561116,0.0,0.2074770178067675,0.0,0.0,0.306222346692449
0.0,0.3059991899590586,0.2971155866112343,0.1802416779409282,0.2563044176732451,0.2741957405600997,0.2291381877079651,0.3156700066753971,0.2613090887308505,0.279539023457407,0.2983826076903558,0.2579823877223143,0.0,0.2206540045078265,0.2981691487652049,0.3213986654799555,0.2772324210913822,0.3021246941613275,0.3102088013310488,0.3057847591475109,0.2986779249286078,0.3261065975501079,0.2999974616401765,0.2730649598462141,0.3043458793564559,0.2901524665241616,0.2952959666950732,0.2319985298409358,0.2903145318984296,0.2492507946317463,0.2702506263282738,0.2779951106928463,0.2527089570826023,0.2680925375991221,0.2446189538124683,0.2110664882413597,0.1788942962182638,0.2381132827273345,0.2488037164461598,0.0,0.2167161992693351,0.0,0.3055289823047509,0.0,0.0,0.0,0.0,0.3358752560533029,0.0,0.0,0.3979840346409122,0.0,0.3378318729670654,0.0,0.0,0.0,0.0,0.0,0.0,0.0,0.0,0.0,0.0,0.0,0.3113356087772173,0.0,0.0,0.3671849063505876,0.0,0.0,0.0,0.3753075456557188,0.0,0.3391414144319162,0.0,0.0
0.0,0.0,0.2928109731908217,0.201053357302707,0.2076274370588455,0.2887774171168027,0.2091054209857921,0.2236607133083669,0.2892991470336417,0.0,0.2007907012584122,0.0,0.2206540045078265,0.0,0.0,0.0,0.0,0.0,0.2629679646529905,0.0,0.0,0.0,0.2590492159300883,0.0,0.0,0.0,0.3047510053626251,0.1750953833456529,0.0,0.0,0.0,0.159395582946316,0.0,0.3345520592389878,0.0,0.1407890379673408,0.1208021760787926,0.0,0.2032147134051796,0.0,0.0,0.0,0.2635448803800576,0.0,0.0,0.0,0.0,0.3214301572689895,0.0,0.0,0.0,0.0,0.0,0.3303716253939306,0.0,0.280930434144706,0.0,0.0,0.0,0.0,0.0,0.0,0.0,0.315332157360303,0.0,0.0,0.0,0.322251854770945,0.0,0.0,0.0,0.3205054250074013,0.0,0.0,0.0,0.0
0.2388032828975006,0.2764165813328469,0.0,0.0,0.0,0.2880392786781422,0.0,0.3045746989481196,0.0,0.0,0.0,0.0,0.2981691487652049,0.0,0.0,0.2898474129914538,0.0,0.2825506628834599,0.0,0.2068999738059103,0.2664413999861906,0.2332304316925299,0.2573771957570041,0.2820701114686749,0.2713938859919081,0.2223561128598851,0.2468924553804817,0.2895645671867391,0.2715500323558416,0.3037203074177885,0.2637656566528284,0.2956189010611899,0.2861257469432436,0.2736872363187514,0.3126718240861442,0.3546762308822386,0.0,0.0,0.3321902776695286,0.3381473748581806,0.3385582588139948,0.3603912112087236,0.0,0.0,0.0,0.0,0.3436485828645108,0.0,0.0,0.0,0.3325862059361236,0.0,0.3757974013184531,0.0,0.0,0.0,0.0,0.0,0.0,0.3444982712547376,0.3214284391300411,0.0,0.0,0.0,0.3305096481201389,0.3203024388589259,0.350219712818498,0.3445350015566362,0.0,0.271083237778735,0.3681479400050234,0.3480468259287141,0.3317045780089451,0.3373548636865633,0.0,0.3264782909693454
0.295473750644655,0.2751975859897713,0.0,0.0,0.2884001396302894,0.2972555442671067,0.332925857295649,0.2917565068181609,0.2465299110087515,0.2048921245914853,0.0,0.0,0.3213986654799555,0.0,0.2898474129914538,0.0,0.2606157134717415,0.254897881316954,0.0,0.2618722257291316,0.2852449695049784,0.2502893192577993,0.2977205071588679,0.2512459558871212,0.2698841864620234,0.2931461402100261,0.2907829302948028,0.2976344795618263,0.2899869408071018,0.2679404157163778,0.2373572417780002,0.313887426357796,0.2670079239724055,0.2597847305673396,0.3109486555869957,0.0,0.0,0.0,0.3150728262583041,0.3047183818436212,0.3122012472088266,0.3343562547627249,0.0,0.0,0.0,0.3145070415366749,0.3311657611441913,0.0,0.0,0.0,0.0,0.0,0.0,0.0,0.0,0.0,0.0,0.0,0.0,0.3201465079353981,0.3242899794845909,0.0,0.2939019654437241,0.0,0.3127259379798497,0.3266694355623449,0.3253296285488438,0.0,0.0,0.3131957096108422,0.334597998097213,0.2967957728138074,0.0,0.0,0.0,0.3083843981475958
0.2401869470753697,0.0,0.0,0.0,0.0,0.0,0.2766558959689851,0.0,0.0,0.228526859432652,0.0,0.2593629157973453,0.2772324210913822,0.0,0.0,0.2606157134717415,0.0,0.2229350303540142,0.0,0.2353936235036803,0.0,0.2421754668196818,0.0,0.2586120369767614,0.2295458611601614,0.2571152267369415,0.0,0.2612191319596373,0.2324983670782398,0.0,0.2458620752141568,0.3010947118971451,0.2463582921765275,0.2506224636366541,0.2380979576414351,0.0,0.0,0.2254883289640521,0.2939385672603979,0.2584643514500027,0.2765599737999092,0.0,0.0,0.0,0.0,0.0,0.0,0.0,0.0,0.0,0.0,0.0,0.0,0.0,0.3094350833929588,0.0,0.3147023484458839,0.0,0.0,0.0,0.0,0.310859528548647,0.3043957471440857,0.0,0.0,0.0,0.0,0.0,0.3063109985942195,0.3077775198342642,0.3159600725310565,0.0,0.0,0.0,0.0,0.276665712757761
0.2793689348507957,0.2725464577307481,0.0,0.0,0.0,0.2948239705500081,0.3020278257922448,0.2952269571161084,0.0,0.216421172463687,0.0,0.2438703319896152,0.3021246941613275,0.0,0.2825506628834599,0.254897881316954,0.2229350303540142,0.0,0.0,0.28923401840011,0.2757421271822828,0.28111122481445,0.2867113586948578,0.2595346216985471,0.2367347495692867,0.2762778275733767,0.291974327825055,0.2821028697120084,0.303447196939908,0.2524778615203618,0.2445299527553394,0.3010860942005024,0.2452712866237674,0.2535691096063585,0.264248082032019,0.0,0.0,0.0,0.309877779206289,0.2631485273602736,0.2903798939671562,0.3030971866581823,0.0,0.0,0.0,0.3099096498376073,0.3274779980306248,0.0,0.0,0.0,0.0,0.0,0.0,0.0,0.2827267938285135,0.0,0.2939303063157965,0.0,0.0,0.0,0.3166831375820865,0.2919121571556151,0.2932995845331133,0.0,0.0,0.0,0.3061243978169268,0.0,0.2814495593772217,0.3024945499796546,0.3157103857509117,0.0,0.0,0.0,0.0,0.2957667538698367
0.0,0.0,0.1536682615296446,0.2603000170693824,0.2397809601812882,0.2249285653106242,0.2986616591783033,0.279448240400639,0.1709218347803312,0.3016304504175151,0.1731293924503504,0.0,0.3102088013310488,0.2629679646529905,0.0,0.0,0.0,0.0,0.0,0.0,0.0,0.0,0.146758767557751,0.0,0.0,0.0,0.2441053122218816,0.3119598862830531,0.0,0.0,0.3234693583977608,0.2871272567670925,0.0,0.3145945662207327,0.3013584532590055,0.2699512001104737,0.0,0.2621568559466766,0.3373207640263034,0.0,0.0,0.0,0.2888454025703951,0.0,0.0,0.0,0.0,0.3709708483510551,0.0,0.3377783064108492,0.343800668120501,0.3091073175188273,0.3728738873509207,0.3535956558065072,0.0,0.2852077127071959,0.0,0.0,0.0,0.0,0.0,0.0,0.0,0.359496846193706,0.0,0.0,0.0,0.3621627678773785,0.0,0.0,0.0,0.3595690719037225,0.0,0.0,0.0,0.0
0.2722627293898264,0.2867816912098693,0.0,0.0,0.2916129842208466,0.2666446790296718,0.2998927679845872,0.2801311615755417,0.274526153581132,0.0,0.0,0.0,0.3057847591475109,0.0,0.2068999738059103,0.2618722257291316,0.2353936235036803,0.28923401840011,0.0,0.0,0.2922584587842473,0.1973221418248645,0.231811553509058,0.0,0.2920181693045421,0.2513631685592805,0.2406293064907219,0.2481979212576495,0.2234261585737965,0.256600448939686,0.225581298403667,0.2834482426963656,0.2427590087416432,0.2614473484605658,0.3010560779192966,0.3282936672835674,0.0,0.0,0.316891612286991,0.3003796207693189,0.3304293667589647,0.3321351681909736,0.0,0.0,0.0,0.0,0.3065841546812907,0.0,0.0,0.0,0.3333686507911197,0.0,0.3304867897992276,0.0,0.0,0.0,0.0,0.2914150082346521,0.0,0.3183488728990774,0.0,0.0,0.0,0.0,0.3202473134569897,0.3223362460935625,0.3192875535051828,0.3424931276218727,0.0,0.0,0.3184270836094844,0.3386258171550187,0.3351658802844994,0.3324977487660058,0.0,0.3170928334664224
0.2650269171753888,0.2954648935781766,0.0,0.0,0.0,0.2681575284434358,0.0,0.2616207902840651,0.0,0.2707848949813436,0.0,0.2673937382091418,0.2986779249286078,0.0,0.2664413999861906,0.2852449695049784,0.0,0.2757421271822828,0.0,0.2922584587842473,0.0,0.2911959109571559,0.2750713088968249,0.3250625468522647,0.269311762478725,0.2782481357464605,0.3095956619846004,0.3063599267111059,0.303076353981526,0.3046316152924163,0.265619329424669,0.2932968386832573,0.2630576968256648,0.2677316528187053,0.3097418725042236,0.3444057676626349,0.0,0.0,0.3154313581474776,0.3146433490700964,0.3093217049842062,0.338458877778143,0.0,0.0,0.0,0.265435239501413,0.3440784166415987,0.0,0.0,0.0,0.3363065145420805,0.0,0.2796901912427784,0.0,0.0,0.0,0.0,0.0,0.0,0.3221563857404567,0.3294801532038705,0.0,0.0,0.0,0.3040771687905735,0.2541759719565905,0.3437297848442399,0.3135630410936803,0.0,0.2843477008737599,0.3471753677107166,0.3260853665803469,0.3112862774238001,0.3114240876810663,0.0,0.3075263806776358
0.2774807588767843,0.2529918595839813,0.0,0.0,0.3043560864531512,0.2781796779209213,0.3188776097864589,0.2499373068324311,0.2739550124656674,0.2212820845306571,0.0,0.0,0.3261065975501079,0.0,0.2332304316925299,0.2502893192577993,0.2421754668196818,0.28111122481445,0.0,0.1973221418248645,0.2911959109571559,0.0,0.300052559922775,0.0,0.2786344856221804,0.2724655987423449,0.2814962720679579,0.2406315698456646,0.2610777137521804,0.2516275062665896,0.24119315033177,0.2962785511124374,0.2612403294402569,0.2676118182891208,0.3083613234214684,0.3434427172401626,0.0,0.0,0.3124013531749259,0.308619751338128,0.3266487887376675,0.3279784040443345,0.0,0.0,0.0,0.3169341860024377,0.3354105625866126,0.0,0.0,0.0,0.3170746499186891,0.0,0.0,0.0,0.0,0.0,0.0,0.0,0.0,0.3397302320102627,0.3369300830059282,0.0,0.28516460230968,0.0,0.3174145496866367,0.3269135892585955,0.3389461534545477,0.3290956777975894,0.0,0.3131052362632274,0.3547147092615094,0.3344721117415669,0.278849028995423,0.3161570995643304,0.0,0.3208335675568188
0.301858109689635,0.2882796544448328,0.2177311340566813,0.2792932379202789,0.2772031272692455,0.26278132868931,0.2961147107990206,0.2556966017702056,0.2797191224527708,0.27888025680235,0.1539773755134415,0.2443394949655573,0.2999974616401765,0.2590492159300883,0.2573771957570041,0.2977205071588679,0.0,0.2867113586948578,0.146758767557751,0.231811553509058,0.2750713088968249,0.300052559922775,0.0,0.318584846399647,0.282478509670105,0.295376959394648,0.2063809755165771,0.2989973467795919,0.288083356681154,0.2946478775582773,0.2929601498620673,0.2916068266157914,0.2765210451788972,0.3007003367766555,0.3130027745985448,0.2840168556944776,0.2911547458966061,0.2484841721246194,0.3531722372875566,0.3467816007838637,0.3633547500743326,0.3699730944382131,0.3471178312087249,0.0,0.0,0.0,0.3231680912110513,0.2449006420044833,0.0,0.3436082662333946,0.3600157282890772,0.3553208560005864,0.3220493381359341,0.3579458740464499,0.0,0.3099517707560636,0.0,0.3638739434901353,0.334996617348123,0.3409075687692779,0.0,0.0,0.0,0.2280150721543382,0.347668098498657,0.3548347238036894,0.3475971053252904,0.3462354612550662,0.0,0.0,0.3206187347281845,0.3549818701450056,0.3584412789321207,0.3557153962179275,0.3606453354914846,0.3648665764338379
0.2570064860842525,0.0,0.0,0.0,0.0,0.0,0.2816907665737842,0.3407986578725925,0.0,0.2264389292372255,0.0,0.1812110804346221,0.2730649598462141,0.0,0.2820701114686749,0.2512459558871212,0.2586120369767614,0.2595346216985471,0.0,0.0,0.3250625468522647,0.0,0.318584846399647,0.0,0.2429035380553184,0.2382169075694152,0.297103909363193,0.2684603622288966,0.0,0.0,0.2453990422126228,0.2808841880662217,0.2206670060272481,0.20462191294687,0.2603034684226674,0.1851345815957017,0.0,0.1985436320727066,0.2878574535384107,0.2397385145797159,0.2239840116159812,0.0,0.0,0.0,0.1980691602107678,0.2869713652159019,0.0,0.0,0.0,0.0,0.0,0.0,0.0,0.0,0.2892711270248086,0.0,0.2874046955408753,0.0,0.0,0.0,0.0,0.3271088015765435,0.3113650097176185,0.0,0.0,0.0,0.0,0.0,0.261024171930635,0.312742270300254,0.3050362999957492,0.0,0.0,0.0,0.0,0.30549802844562
0.2531934603976084,0.2502646871084311,0.0,0.0,0.2536770701255032,0.2700409342040989,0.3004111737131815,0.3110370252111907,0.2166087682671187,0.2214651716710131,0.0,0.2512328669000969,0.3043458793564559,0.0,0.2713938859919081,0.2698841864620234,0.2295458611601614,0.2367347495692867,0.0,0.2920181693045421,0.269311762478725,0.2786344856221804,0.282478509670105,0.2429035380553184,0.0,0.2412171741805881,0.2773838608182807,0.2892595041028589,0.3103979785756117,0.0,0.2473379041224049,0.2883743596512266,0.2322248068652722,0.2485042581793649,0.259962439749752,0.0,0.0,0.2339113562385359,0.3111745656101646,0.2781699098845313,0.2948544020790489,0.3086490530265487,0.0,0.0,0.2656454453713827,0.2892402904102308,0.3278976125538258,0.0,0.0,0.0,0.0,0.0,0.0,0.0,0.3127052720770595,0.0,0.3144436973993337,0.0,0.0,0.3218276797459479,0.320666703487164,0.3159738426009523,0.305096326704847,0.0,0.3135074738814257,0.2850450858109719,0.3660678438631087,0.0,0.2954419833893372,0.3108529773703264,0.3168993784439569,0.0,0.0,0.294579572899281,0.0,0.3049739020270919
0.2710235031379729,0.2630326888101323,0.0,0.0,0.2527839374422922,0.2640687719637993,0.2893878751572361,0.3188663924635226,0.2872183290809125,0.2372673183147781,0.0,0.2049537867702659,0.2901524665241616,0.0,0.2223561128598851,0.2931461402100261,0.2571152267369415,0.2762778275733767,0.0,0.2513631685592805,0.2782481357464605,0.2724655987423449,0.295376959394648,0.2382169075694152,0.2412171741805881,0.0,0.2936208706472152,0.2736362797546041,0.2824764576468906,0.0,0.2603152470577625,0.3046850778740376,0.2560990402389055,0.2626595048602214,0.298478051009465,0.3447339263131282,0.0,0.2184499904645787,0.3162676779638833,0.2937698632996349,0.3164528891960289,0.3131687077475546,0.0,0.0,0.2611060764338509,0.3101229859140407,0.3436153722579398,0.0,0.0,0.0,0.302298520985095,0.0,0.0,0.0,0.3085727434443863,0.0,0.3027065270355281,0.0,0.0,0.352319957815089,0.3361697799909005,0.3200137452093706,0.3141507732861616,0.0,0.3264261554677232,0.3188906708719396,0.3494301217084645,0.3301452273643486,0.2958474867007946,0.3211148406046473,0.3359768820886521,0.3313257893222467,0.0,0.3204246846742163,0.0,0.3175536041024339
0.292740993485691,0.283477202969811,0.221888543068939,0.2657696303768026,0.2759937321144237,0.2493836729544385,0.2926827201501924,0.3004402668162909,0.24493194619108,0.2761266210992143,0.2565943794446596,0.0,0.2952959666950732,0.3047510053626251,0.2468924553804817,0.2907829302948028,0.0,0.291974327825055,0.2441053122218816,0.2406293064907219,0.3095956619846004,0.2814962720679579,0.2063809755165771,0.297103909363193,0.2773838608182807,0.2936208706472152,0.0,0.2909230428099305,0.2540699642861828,0.2788844069986894,0.2772585716443311,0.2805033620686596,0.2535650499147153,0.285420186889997,0.2987258457219355,0.2906004715417154,0.2846282862686116,0.0,0.3463003006711237,0.2833953834330391,0.3629959995896434,0.3564331254076359,0.3441624747838607,0.0,0.0,0.0,0.2829332557643572,0.3760129502213303,0.0,0.323305533628379,0.3586314316032539,0.3472915285099341,0.3318303172207364,0.3763983683799053,0.0,0.3510603741823741,0.0,0.3747582251494513,0.0,0.3361142354569599,0.0,0.0,0.0,0.3675695576772487,0.3407254654977834,0.3469128007227381,0.3409745821439285,0.3581785990914143,0.0,0.0,0.326935009909977,0.3577478697788424,0.3607533294097633,0.3527493400406832,0.3376165506796929,0.3606882796638472
0.2382333320178624,0.3072359718491521,0.3156725264007002,0.1524575932920116,0.2881681183029841,0.2691150754506212,0.237839386544453,0.3061178496819254,0.3115327760732185,0.2648182758364171,0.3033276800666239,0.231464059339991,0.2319985298409358,0.1750953833456529,0.2895645671867391,0.2976344795618263,0.2612191319596373,0.2821028697120084,0.3119598862830531,0.2481979212576495,0.3063599267111059,0.2406315698456646,0.2989973467795919,0.2684603622288966,0.2892595041028589,0.2736362797546041,0.2909230428099305,0.0,0.2449557449227836,0.2123987315832426,0.2477301431942371,0.26010146256645,0.2217116831562364,0.2441425088509441,0.1997826107483072,0.1697857217911641,0.1584170606559873,0.2080251533433542,0.2402093105274528,0.2073314499185432,0.2108152863817176,0.1965135791985017,0.2673040704834955,0.0,0.0,0.0,0.0,0.2854443185364717,0.0,0.0,0.3720265539380025,0.0,0.3274800748157377,0.0,0.0,0.0,0.2889582179817964,0.0,0.0,0.3139849111836104,0.0,0.0,0.0,0.0,0.3373105372047548,0.3198382678020474,0.2813154381378968,0.3547944660598228,0.0,0.0,0.0,0.3560093623890659,0.3522731433485107,0.3565353416752916,0.0,0.3410015145624956
0.2902052899327173,0.3019797391775523,0.2822303958931308,0.0,0.3036799074169822,0.2382545156858153,0.3104545226689543,0.2891311035363877,0.3015827659943776,0.0,0.0,0.0,0.2903145318984296,0.0,0.2715500323558416,0.2899869408071018,0.2324983670782398,0.303447196939908,0.0,0.2234261585737965,0.303076353981526,0.2610777137521804,0.288083356681154,0.0,0.3103979785756117,0.2824764576468906,0.2540699642861828,0.2449557449227836,0.0,0.2560312522175736,0.2351746391294767,0.2819497742897009,0.2083904049072802,0.2684138329024934,0.2987985999835837,0.2990385895708867,0.2681697653219138,0.0,0.3415182940351274,0.0,0.3543100434629663,0.3416652882832156,0.2985316943285747,0.0,0.0,0.0,0.2921367620107472,0.0,0.0,0.0,0.3556115249979836,0.0,0.3344371118105178,0.0,0.0,0.0,0.0,0.3419018712925549,0.0,0.316613789328863,0.0,0.0,0.0,0.0,0.3245224201890816,0.3336764826562725,0.3165254452229143,0.3504614300109157,0.0,0.0,0.3012726626170541,0.3525431150105716,0.3551815313343266,0.3474358784913253,0.3241138471505475,0.3477792732297362
0.0,0.0,0.2892931266775653,0.0,0.0,0.2917145869475708,0.0,0.303085420949619,0.0,0.0,0.0,0.0,0.2492507946317463,0.0,0.3037203074177885,0.2679404157163778,0.0,0.2524778615203618,0.0,0.256600448939686,0.3046316152924163,0.2516275062665896,0.2946478775582773,0.0,0.0,0.0,0.2788844069986894,0.2123987315832426,0.2560312522175736,0.0,0.2135587814793239,0.2646233600384946,0.212396993443698,0.2451848710646387,0.2659457998502983,0.0,0.0,0.0,0.3417026033743367,0.0,0.0,0.0,0.0,0.0,0.0,0.0,0.0,0.0,0.0,0.0,0.0,0.0,0.0,0.0,0.0,0.0,0.0,0.0,0.0,0.0,0.0,0.0,0.0,0.0,0.3182863806134707,0.0,0.0,0.3520164344141941,0.0,0.0,0.0,0.3580890059218564,0.0,0.3283436967158989,0.0,0.0
0.2572947876794685,0.2553070174733586,0.3242032701922251,0.0,0.3028693794476877,0.3037405397303485,0.2880395729742017,0.3019320461555393,0.3218066500072959,0.2164731060155544,0.3168347859103204,0.2396099948118169,0.2702506263282738,0.0,0.2637656566528284,0.2373572417780002,0.2458620752141568,0.2445299527553394,0.3234693583977608,0.225581298403667,0.265619329424669,0.24119315033177,0.2929601498620673,0.2453990422126228,0.2473379041224049,0.2603152470577625,0.2772585716443311,0.2477301431942371,0.2351746391294767,0.2135587814793239,0.0,0.2818113325862897,0.2268852133226228,0.1796241116400609,0.1406330235089654,0.274459166520434,0.0,0.2148272292652119,0.2782248228451839,0.2362168815362874,0.2482443894143987,0.1909702785500086,0.0,0.0,0.0,0.2782851976099068,0.3111850758683971,0.0,0.0,0.0,0.3593200863221235,0.0,0.3295122660331923,0.0,0.2881034088977095,0.0,0.2977999194062066,0.0,0.0,0.3231184075094218,0.304382208199887,0.28004481730577,0.2866091263716581,0.0,0.3169963556893399,0.0,0.3133672456195192,0.3541917290428961,0.2793751598962322,0.2963913024003639,0.3137702887929118,0.3555856426677385,0.3395339134881295,0.3500187099784912,0.0,0.2620248334025469
0.3072683040510191,0.2970409439870261,0.3117618724705887,0.1796434773936454,0.2522998935655849,0.2936286358448806,0.274944306342721,0.2237026719076484,0.3065261562161722,0.2200948854356573,0.2516503678101105,0.1688214625661638,0.2779951106928463,0.159395582946316,0.2956189010611899,0.313887426357796,0.3010947118971451,0.3010860942005024,0.2871272567670925,0.2834482426963656,0.2932968386832573,0.2962785511124374,0.2916068266157914,0.2808841880662217,0.2883743596512266,0.3046850778740376,0.2805033620686596,0.26010146256645,0.2819497742897009,0.2646233600384946,0.2818113325862897,0.0,0.2433818972852209,0.2408505107982714,0.2514115554723102,0.197372508439801,0.1802466314487562,0.1752246275580091,0.2199829119539648,0.211783700642932,0.2508105609857217,0.2407805861234442,0.2045607576709666,0.1937682177090092,0.1838608826053894,0.32414443113982,0.3425196559596926,0.3114487797927878,0.0,0.0,0.3345966649687581,0.2403768370693177,0.3279362026997559,0.2732955911195593,0.1998131807153904,0.2565904501060491,0.167197741174156,0.3048418532645861,0.0,0.3163655454486705,0.3243208086897258,0.2625496581298961,0.2989616447423949,0.2692063498099376,0.2974829915223207,0.3171359897886164,0.305509870160925,0.3518269654987725,0.2147496619910802,0.3175969611531458,0.3273573511686869,0.3489267918617766,0.2296152523788208,0.3437445355209435,0.3495616832674156,0.3402091307577142
0.2474001159084052,0.2481387253499375,0.0,0.0,0.2667154950147581,0.2677187159183952,0.2269563332682901,0.2987570585103032,0.2738993588404629,0.2034420771935453,0.2637139814803734,0.1872867416932999,0.2527089570826023,0.0,0.2861257469432436,0.2670079239724055,0.2463582921765275,0.2452712866237674,0.0,0.2427590087416432,0.2630576968256648,0.2612403294402569,0.2765210451788972,0.2206670060272481,0.2322248068652722,0.2560990402389055,0.2535650499147153,0.2217116831562364,0.2083904049072802,0.212396993443698,0.2268852133226228,0.2433818972852209,0.0,0.1784046326177417,0.2333463592275104,0.2398732857077842,0.1640640405348861,0.1397402836873053,0.2071672725150338,0.1545081554418848,0.2330954089480078,0.2644045346831293,0.0,0.0,0.1579221943509458,0.2957958214823107,0.3302574799908102,0.0,0.0,0.0,0.0,0.0,0.0,0.0,0.2517036469080998,0.0,0.2531300494973528,0.0,0.0,0.3389594951058846,0.3211183673878202,0.2826420240306928,0.3166800677550105,0.0,0.2997977877738941,0.0,0.3389813570528259,0.3303823704538235,0.257287597206853,0.3036734484450076,0.3202922853025574,0.3364450286194793,0.1957733745207904,0.2797831826252771,0.0,0.2686406559364989
0.2639160277093214,0.255870416592276,0.3253989347722339,0.1415242103171695,0.2975566741076598,0.3054914397513764,0.2531528374917799,0.3115347299303788,0.3186854641053822,0.205787279202554,0.306462468817408,0.1710575609123966,0.2680925375991221,0.3345520592389878,0.2736872363187514,0.2597847305673396,0.2506224636366541,0.2535691096063585,0.3145945662207327,0.2614473484605658,0.2677316528187053,0.2676118182891208,0.3007003367766555,0.20462191294687,0.2485042581793649,0.2626595048602214,0.285420186889997,0.2441425088509441,0.2684138329024934,0.2451848710646387,0.1796241116400609,0.2408505107982714,0.1784046326177417,0.0,0.175152805252755,0.2177603046256068,0.1711488455755656,0.1477095653419547,0.2131238384380968,0.1653842834454876,0.1778818474387675,0.2281230553255906,0.1957484566910619,0.1744963237506985,0.1593580021602951,0.280656578940992,0.3177045504131479,0.0,0.0,0.0,0.3607328477627301,0.0,0.3389319487948175,0.0,0.2639492585334714,0.0,0.2122022738779742,0.2641778025371764,0.0,0.3301470823450965,0.3079484579816051,0.2821195098417152,0.2903939120497181,0.0,0.3241778909179703,0.3077270496135665,0.3232843489948174,0.3581965336112952,0.1938139359016015,0.2993434135003905,0.322835360522622,0.3578098980942324,0.1903321689214936,0.351395216127606,0.0,0.2998746728811444
0.2961282573139392,0.2950853876590013,0.311140006831684,0.1762253727747081,0.2892087886013144,0.3105175924326128,0.2464476121680274,0.3130799955493171,0.3027051133850995,0.1857317114406177,0.2950283621404204,0.2271147202662439,0.2446189538124683,0.0,0.3126718240861442,0.3109486555869957,0.2380979576414351,0.264248082032019,0.3013584532590055,0.3010560779192966,0.3097418725042236,0.3083613234214684,0.3130027745985448,0.2603034684226674,0.259962439749752,0.298478051009465,0.2987258457219355,0.1997826107483072,0.2987985999835837,0.2659457998502983,0.1406330235089654,0.2514115554723102,0.2333463592275104,0.175152805252755,0.0,0.2578193527985844,0.2038814463563506,0.1781424932229784,0.229990133450571,0.2029947953254814,0.2399280737317636,0.2548034597129998,0.2228191606539471,0.2014480486733562,0.1961777406743069,0.0,0.3408791827298776,0.0,0.0,0.0,0.0,0.0,0.0,0.0,0.2138291325352268,0.0,0.1929173858579761,0.0,0.0,0.3503347458988234,0.3342778623295642,0.0,0.285418206595538,0.0,0.2981958587644192,0.0,0.3458425067809439,0.3674900440978462,0.0,0.3008955766385865,0.3549233016533063,0.3216661172805533,0.1789311415651268,0.3348105237720738,0.0,0.0
0.0,0.0,0.2982920086277954,0.1204259884786214,0.1654674266991914,0.2942238089989273,0.1988862935648187,0.1743898658187484,0.297307074582421,0.1985010322063305,0.1816707166989812,0.1731706956845744,0.2110664882413597,0.1407890379673408,0.3546762308822386,0.0,0.0,0.0,0.2699512001104737,0.3282936672835674,0.3444057676626349,0.3434427172401626,0.2840168556944776,0.1851345815957017,0.0,0.3447339263131282,0.2906004715417154,0.1697857217911641,0.2990385895708867,0.0,0.274459166520434,0.197372508439801,0.2398732857077842,0.2177603046256068,0.2578193527985844,0.0,0.1093854142985091,0.172888235012824,0.1683689579317401,0.1838252385679031,0.1860253504194842,0.2067845042911215,0.2068178922308741,0.1568352213163618,0.0,0.0,0.0,0.3077394131789724,0.0,0.0,0.2619808539811998,0.2740206876094655,0.2621559743031306,0.3036468908498855,0.0,0.2467053773931994,0.2006897548769141,0.2457111786737068,0.2706084206698175,0.0,0.0,0.0,0.0,0.3004968435770395,0.3265251002772359,0.0,0.2872995573358171,0.3149535505178321,0.0,0.0,0.0,0.2894741119532104,0.1327462482564082,0.0,0.0,0.0
0.0,0.0,0.2906885730203628,0.1170260690985927,0.1126830429958543,0.2895927413601955,0.1840743790895568,0.1359245636083048,0.301110225694578,0.1726404308196142,0.2758124215475157,0.1563652452607017,0.1788942962182638,0.1208021760787926,0.0,0.0,0.0,0.0,0.0,0.0,0.0,0.0,0.2911547458966061,0.0,0.0,0.0,0.2846282862686116,0.1584170606559873,0.2681697653219138,0.0,0.0,0.1802466314487562,0.1640640405348861,0.1711488455755656,0.2038814463563506,0.1093854142985091,0.0,0.1628957621431738,0.1808385373589028,0.1993534908937413,0.182030135787425,0.1975765676634757,0.1768131263379172,0.1434025521121732,0.0,0.0,0.0,0.0,0.0,0.0,0.0,0.0,0.0,0.0,0.0,0.0,0.1892980165653213,0.0,0.0,0.0,0.0,0.0,0.0,0.0,0.0,0.0,0.0,0.0,0.0,0.0,0.0,0.0,0.0,0.0,0.0,0.0
0.2644891796217485,0.0,0.0,0.0,0.2637178778195634,0.2494514867289147,0.2369088701662353,0.0,0.2787595945614114,0.1945329769399105,0.2722062225028849,0.1476113479469732,0.2381132827273345,0.0,0.0,0.0,0.2254883289640521,0.0,0.2621568559466766,0.0,0.0,0.0,0.2484841721246194,0.1985436320727066,0.2339113562385359,0.2184499904645787,0.0,0.2080251533433542,0.0,0.0,0.2148272292652119,0.1752246275580091,0.1397402836873053,0.1477095653419547,0.1781424932229784,0.172888235012824,0.1628957621431738,0.0,0.1573310525139168,0.1505543270282126,0.1634538125356272,0.2013004966345406,0.0,0.0,0.174185616119513,0.0,0.0,0.0,0.0,0.0,0.0,0.0,0.0,0.0,0.2498403694424981,0.0,0.2412389193488052,0.0,0.0,0.0,0.0,0.0,0.0,0.0,0.0,0.0,0.0,0.0,0.2107794097331633,0.2678667382631127,0.2600412056923022,0.0,0.0,0.0,0.0,0.0
0.3207367427930622,0.3334127997216946,0.3038573678957157,0.0,0.301183952152086,0.3482195810726322,0.0,0.3116086984216812,0.3309694824705406,0.2278894995683538,0.2471164868482545,0.1564627772769569,0.2488037164461598,0.2032147134051796,0.3321902776695286,0.3150728262583041,0.2939385672603979,0.309877779206289,0.3373207640263034,0.316891612286991,0.3154313581474776,0.3124013531749259,0.3531722372875566,0.2878574535384107,0.3111745656101646,0.3162676779638833,0.3463003006711237,0.2402093105274528,0.3415182940351274,0.3417026033743367,0.2782248228451839,0.2199829119539648,0.2071672725150338,0.2131238384380968,0.229990133450571,0.1683689579317401,0.1808385373589028,0.1573310525139168,0.0,0.2104939323259601,0.2809248994443136,0.2732315342809724,0.193735395504207,0.2368341305334865,0.1600373776176718,0.2977169305428154,0.287599696643002,0.2821510639296963,0.198586426918982,0.2355452539385953,0.2830906574546709,0.2644190955214231,0.2596065962808642,0.2961485746157941,0.214530922346333,0.2277656891618075,0.1598846404679322,0.2779549551889763,0.1961820059865376,0.2900675755854643,0.3081406536928817,0.2888118908621346,0.2912958504466237,0.2675735599021496,0.2814538410139727,0.2779794393064138,0.289583179783728,0.2856738552508729,0.2161994053327998,0.2802642743048705,0.2948993054291522,0.2899576248127743,0.2497455013205633,0.2657520959401172,0.272397586220201,0.2779105707490183
0.297682478294194,0.3213382321296852,0.0,0.0,0.0,0.0,0.0,0.0,0.0,0.2625476578076219,0.0,0.2632645210877553,0.0,0.0,0.3381473748581806,0.3047183818436212,0.2584643514500027,0.2631485273602736,0.0,0.3003796207693189,0.3146433490700964,0.308619751338128,0.3467816007838637,0.2397385145797159,0.2781699098845313,0.2937698632996349,0.2833953834330391,0.2073314499185432,0.0,0.0,0.2362168815362874,0.211783700642932,0.1545081554418848,0.1653842834454876,0.2029947953254814,0.1838252385679031,0.1993534908937413,0.1505543270282126,0.2104939323259601,0.0,0.16382854660661,0.2274302203143687,0.3015202719702717,0.1686660534546251,0.1382320586913646,0.2473015925459748,0.257084296529908,0.0,0.0,0.2607813159154195,0.2751379064698013,0.2377711193849802,0.2508505406383899,0.276807464066075,0.2191316506135373,0.289667671335644,0.1818223479899278,0.2545390678764225,0.0,0.2697110493114907,0.2544897355245038,0.2468418551702673,0.2365283082692418,0.0,0.2488639599562889,0.245542436147658,0.2642843799754994,0.2467916258633875,0.2029102587026886,0.2271319778646763,0.2526199665760355,0.267291413872068,0.1901875665836442,0.253034139939233,0.2273138099825999,0.2175053563261674
