0.0,0.2715965810904971,0.0,0.0,0.0,0.2732024380165941,0.0,0.3534764568903651,0.0,0.2367645166010091,0.0,0.2389163701582227,0.0,0.0,0.2651795979229383,0.2587573517047662,0.2503711355386262,0.2519173665974409,0.0,0.2963953206393757,0.272131032321329,0.2794000188686285,0.3213596552650077,0.2418363242276108,0.2605716671672566,0.2439557054068149,0.2883016006935651,0.2572233567226407,0.2940359180206802,0.0,0.2472780320137405,0.2689807048710448,0.2307206925455936,0.2354622092754009,0.2644691951303518,0.0,0.0,0.0,0.2947199844088861,0.2834601152695674,0.2794408749137371,0.0,0.0,0.0,0.0,0.2446690655704224,0.3009746449528272,0.0,0.0,0.0,0.0,0.0,0.0,0.0,0.2663756971726052,0.0,0.0,0.0,0.0,0.0,0.3020190770847948,0.0,0.2881866379207758,0.0,0.0,0.2345317875243685,0.3076687877314055,0.0,0.0,0.2926164818127273,0.3044290983074545,0.0,0.0,0.0,0.0,0.0
0.2715965810904971,0.0,0.0,0.0,0.2741932388979995,0.2793801622779656,0.3154823742137351,0.3089000622390016,0.2687570066557656,0.0,0.0,0.0,0.316736500898618,0.0,0.2809147369604364,0.2641528815722082,0.0,0.2642359538640232,0.0,0.2811115425464812,0.2806041907686966,0.2673482719175657,0.2929223288800198,0.0,0.2600187558370342,0.2616312075317556,0.2716799464525088,0.3149933094613211,0.2901351211223099,0.0,0.2525866386230803,0.2693469073638848,0.2414753204074517,0.2531857906258347,0.2765149242375843,0.0,0.0,0.0,0.297131491053711,0.2972878950873096,0.2994507606024466,0.3203754605017617,0.0,0.0,0.0,0.2949092501072946,0.3042787860445874,0.0,0.0,0.0,0.0,0.0,0.0,0.0,0.0,0.0,0.0,0.0,0.0,0.3097001656245375,0.3023510289483553,0.0,0.2899867909037635,0.0,0.3041053397610309,0.2994762379344517,0.3108731445277538,0.2969550805258596,0.0,0.2944103941595669,0.3176684086029436,0.2986310771356297,0.0,0.3061635916647545,0.0,0.2869616484297783
0.0,0.0,0.0,0.0,0.255938108183034,0.2794957011019917,0.2844306584035843,0.3235597397446165,0.2164222114433661,0.283611769742504,0.2071875717142716,0.0,0.3127356612088399,0.2918255583551689,0.0,0.0,0.0,0.0,0.1901199778880072,0.0,0.0,0.0,0.2309449782624846,0.0,0.0,0.0,0.2452891365956575,0.3185976933564047,0.0,0.2849350411187389,0.3225178261514739,0.3034655296091925,0.0,0.3270297916261538,0.3324213284752744,0.2780005934087823,0.312896028835032,0.0,0.3694927345189161,0.0,0.0,0.0,0.3502174378633481,0.0,0.0,0.0,0.0,0.2077538271256962,0.0,0.2679893038705041,0.3844292586265382,0.0,0.3904899414105082,0.3402271992168213,0.0,0.1993633203391009,0.0,0.0,0.3256268224982076,0.0,0.0,0.0,0.0,0.1713844371825366,0.0,0.0,0.0,0.3853492335054529,0.0,0.0,0.0,0.3999673813620071,0.0,0.0,0.0,0.0
0.0,0.0,0.0,0.0,0.1649514535654367,0.2900264352861054,0.1743961524121913,0.2118916441033341,0.2980806312815519,0.1602841155827523,0.2506041990964141,0.0,0.2232070825642598,0.158771734865513,0.0,0.0,0.0,0.0,0.275534988080324,0.0,0.0,0.0,0.266976874961747,0.0,0.0,0.0,0.2825525761241306,0.1829957183837581,0.0,0.0,0.0,0.2103020897798621,0.0,0.2650832406148831,0.2665613500039617,0.146033608319227,0.1283128671936824,0.0,0.0,0.0,0.0,0.0,0.0,0.0,0.0,0.0,0.0,0.0,0.0,0.0,0.0,0.0,0.0,0.0,0.0,0.0,0.0,0.0,0.0,0.0,0.0,0.0,0.0,0.0,0.0,0.0,0.0,0.0,0.0,0.0,0.0,0.0,0.0,0.0,0.0,0.0
0.0,0.2741932388979995,0.255938108183034,0.1649514535654367,0.0,0.2586673510912592,0.2380445636738106,0.2699796767638665,0.2287349915841193,0.3017760181652587,0.2032088330381907,0.2935302136959111,0.2518035253362775,0.1902913137839974,0.0,0.0,0.0,0.0,0.2441555045447375,0.0,0.0,0.3124401546892026,0.2519948026418971,0.0,0.2618183564344306,0.0,0.2562124743279663,0.2852736641500781,0.3025886462980438,0.0,0.3098896157897895,0.2802973583963273,0.2544005979129132,0.2914108052813073,0.3098227719828447,0.1625368418955887,0.1788882202440696,0.2807224234612221,0.0,0.0,0.0,0.0,0.0,0.0,0.0,0.0,0.0,0.3545527830962336,0.0,0.0,0.0,0.0,0.3378827381909116,0.3306653806885399,0.0,0.0,0.0,0.0,0.0,0.0,0.0,0.0,0.0,0.0,0.0,0.0,0.0,0.3610153086855751,0.0,0.0,0.0,0.3530808359207396,0.0,0.0,0.0,0.0
0.2732024380165941,0.2793801622779656,0.2794957011019917,0.2900264352861054,0.2586673510912592,0.0,0.2845528725058405,0.2839217555997662,0.2309214843758655,0.3062531623560642,0.2773403743637836,0.0,0.2695201303173907,0.2944913703439362,0.2758292729320597,0.2877871345464451,0.0,0.2841630756125787,0.2756118511778609,0.2666590155872028,0.2802548485487323,0.279654142170265,0.2661340844094917,0.0,0.2675744381023469,0.2793082319174234,0.2516547180663972,0.2756615771668759,0.2199238006286893,0.2895032384740807,0.3029801783252254,0.289415796610169,0.2571226258755979,0.2861393935527125,0.3073388222907142,0.301660410435289,0.3166483114798101,0.0,0.3435745816083339,0.0,0.3174773016570289,0.2682582577715245,0.3351993048657604,0.0,0.0,0.0,0.0,0.3776057701912806,0.0,0.0,0.3603171631437914,0.3568321407239846,0.3575644687383238,0.3709612443636483,0.0,0.3509413831889583,0.0,0.3554436237102458,0.0,0.2900809044941909,0.0,0.0,0.0,0.3627950177646294,0.2975200263753079,0.2698070537028941,0.2833087574217879,0.3636946683310104,0.0,0.0,0.0,0.3626668875500317,0.3610369642979866,0.330496545425743,0.0,0.3528086850386793
0.0,0.3154823742137351,0.2844306584035843,0.1743961524121913,0.2380445636738106,0.2845528725058405,0.0,0.2896592515267937,0.278387927779013,0.2800319728619945,0.2820302251432836,0.270108970555604,0.2380736178946744,0.2328221864997743,0.0,0.3284853254687109,0.2772061355314192,0.3111015728580917,0.2997140305339587,0.3185758953592292,0.0,0.3280928916587194,0.2849815395605796,0.2821732454213771,0.3062869245392245,0.2903772833699782,0.292949583576808,0.2559432064928694,0.3093651556974638,0.0,0.2933347863024221,0.2813432981150587,0.2828821063256017,0.2922819483123626,0.2883574692977562,0.2026542148199281,0.217142692820552,0.2732845763162659,0.0,0.0,0.0,0.0,0.0,0.0,0.0,0.0,0.0,0.0,0.0,0.0,0.3297410111886956,0.0,0.0,0.0,0.0,0.0,0.0,0.0,0.0,0.0,0.0,0.0,0.0,0.0,0.0,0.0,0.0,0.3573913875944975,0.0,0.0,0.0,0.3517570354835969,0.0,0.0,0.0,0.0
0.3534764568903651,0.3089000622390016,0.3235597397446165,0.2118916441033341,0.2699796767638665,0.2839217555997662,0.2896592515267937,0.0,0.3416360887806083,0.2770125758369834,0.2211450819934734,0.0,0.2998073889601749,0.2349469239749497,0.2721152977387538,0.3023819318816429,0.0,0.3254203211915781,0.2953361787249157,0.2612253528511198,0.2890598458895024,0.2765058433375413,0.2373607154540768,0.3593901076447599,0.3398298374183394,0.338616852619406,0.2931412796942534,0.2877507451471235,0.2654563664535813,0.260262248256066,0.2965850879909483,0.2655492627475326,0.2379206212800944,0.2984194621938369,0.3198843809448054,0.1860320641967403,0.2736983042826756,0.0,0.3304495942146374,0.0,0.3615664704639158,0.0,0.3067506489904121,0.0,0.0,0.0,0.0,0.3742763510039846,0.0,0.3660800980504166,0.3389680147544047,0.3387087658443998,0.2909138173843977,0.3595805969975758,0.0,0.3478715245836102,0.0,0.3428624196255886,0.0,0.3444147563166679,0.0,0.0,0.0,0.3627022885616162,0.3592227618609697,0.3286421985696179,0.0,0.3445897953484838,0.0,0.0,0.0,0.3562933653862286,0.352542036247626,0.3475979331115361,0.0,0.3476421077876001
0.0,0.2687570066557656,0.2164222114433661,0.2980806312815519,0.2287349915841193,0.2309214843758655,0.278387927779013,0.3416360887806083,0.0,0.340426423508739,0.2198858264631799,0.3045283611823601,0.2716202887211196,0.3106195462838099,0.0,0.3023972850778134,0.0,0.0,0.2029607629124211,0.0,0.0,0.3077790048134955,0.2676481595752369,0.0,0.0,0.0,0.2463037656565849,0.3217655120169505,0.3259245442176364,0.2858704526041077,0.3337755174272896,0.2998539728157711,0.2876972251847552,0.3256802998996462,0.3322877976486093,0.3092068324011683,0.3282254265789348,0.3261213303733973,0.3661572859682295,0.0,0.0,0.0,0.3478323431858591,0.0,0.0,0.0,0.0,0.3832031345007787,0.0,0.0,0.3759590691810063,0.0,0.3768092719555332,0.3665905736565032,0.0,0.3684994368830098,0.0,0.0,0.3528013108204368,0.0,0.0,0.0,0.0,0.3750133053497458,0.0,0.0,0.0,0.3798312833315848,0.0,0.0,0.0,0.3807400908737253,0.0,0.0,0.0,0.0
0.2367645166010091,0.0,0.283611769742504,0.1602841155827523,0.3017760181652587,0.3062531623560642,0.2800319728619945,0.2770125758369834,0.340426423508739,0.0,0.3126807216534774,0.1809401744200674,0.2851736153177626,0.1178264300985634,0.0,0.2449731573868552,0.2082449431683637,0.2271331972716898,0.3181488480967038,0.0,0.0,0.2343943509525309,0.2893314970820859,0.198510409957365,0.2301598307790306,0.2365019020959468,0.2868215457650674,0.2850920034711328,0.0,0.0,0.2311807217012285,0.229603933455484,0.1995044208668145,0.1961257050758075,0.1793781728864964,0.2027237830253428,0.2155903352774395,0.1683587249198903,0.2597668121552053,0.2412870410874,0.2301416057162638,0.0,0.0,0.0,0.2063282753062069,0.0,0.0,0.0,0.0,0.0,0.0,0.0,0.0,0.0,0.2848776272053971,0.0,0.276259692616502,0.0,0.0,0.0,0.0,0.3049004132052718,0.2798281778971788,0.0,0.0,0.0,0.0,0.0,0.2803167291104823,0.3092867019468447,0.3096794848798501,0.0,0.2668830047901873,0.0,0.0,0.2612067784957816
0.0,0.0,0.2071875717142716,0.2506041990964141,0.2032088330381907,0.2773403743637836,0.2820302251432836,0.2211450819934734,0.2198858264631799,0.3126807216534774,0.0,0.2815271981831025,0.3019928951016811,0.2028053368244614,0.0,0.0,0.0,0.0,0.1755924990707656,0.0,0.0,0.0,0.1943263531677022,0.0,0.0,0.0,0.2587394619947606,0.3098251618857982,0.0,0.0,0.3279012350675255,0.2642721816821557,0.2878823293634669,0.3144011684185729,0.2984125770995078,0.2189106445149658,0.3146986389958993,0.2974080643757548,0.0,0.0,0.0,0.0,0.2527527503449082,0.0,0.0,0.0,0.0,0.2165366698285941,0.0,0.3091924390026496,0.3210972918379305,0.3110066327600052,0.3033917729251208,0.2867473157036517,0.0,0.173843418566616,0.0,0.2497570333548197,0.0,0.0,0.0,0.0,0.0,0.1384611332114955,0.0,0.0,0.0,0.3272972942432631,0.0,0.0,0.0,0.3116747787328603,0.0,0.0,0.0,0.0
0.2389163701582227,0.0,0.0,0.0,0.2935302136959111,0.0,0.270108970555604,0.0,0.3045283611823601,0.1809401744200674,0.2815271981831025,0.0,0.2716528010327658,0.0,0.0,0.0,0.2202862680155652,0.2277301734558549,0.0,0.0,0.0,0.0,0.0,0.1914254938395035,0.240404229365723,0.2100939205610382,0.0,0.2717361496056941,0.0,0.0,0.2227819359199078,0.1670478263082153,0.1776881875735232,0.1658953180392586,0.2023812173860034,0.2418358420005689,0.235751851871522,0.1357181903771137,0.2866011483590439,0.2532580491752876,0.2337590424363525,0.0,0.0,0.0,0.2066615934251834,0.0,0.0,0.0,0.0,0.0,0.0,0.0,0.0,0.0,0.291032195951007,0.0,0.2887525774916448,0.0,0.0,0.0,0.0,0.2941305352922815,0.2861411892720369,0.0,0.0,0.0,0.0,0.0,0.2725483530368922,0.2983542358180171,0.3091488046941101,0.0,0.0,0.0,0.0,0.2690163211101477
0.0,0.316736500898618,0.3127356612088399,0.2232070825642598,0.2518035253362775,0.2695201303173907,0.2380736178946744,0.2998073889601749,0.2716202887211196,0.2851736153177626,0.3019928951016811,0.2716528010327658,0.0,0.2506358791191376,0.296908288372041,0.3287914081439422,0.2942336622458797,0.3293765308561275,0.313782402030713,0.3164060839587128,0.3013847900903341,0.3315462858356979,0.2931335862365861,0.2730312574143118,0.3080848246281548,0.2983929264001475,0.3051606757855445,0.2511387400413476,0.294174507093762,0.2788176880298367,0.2919099612426775,0.2829600980083984,0.2910139248411877,0.2966153842733902,0.2936297285597892,0.2409616201017446,0.2557965853624574,0.2907124373863229,0.2743995078340147,0.0,0.0,0.0,0.3147275633940091,0.0,0.0,0.0,0.0,0.3278065853360454,0.0,0.0,0.3637288429760802,0.0,0.3301637254752508,0.0,0.0,0.0,0.0,0.0,0.0,0.0,0.0,0.0,0.0,0.0,0.0,0.0,0.0,0.3577498619268231,0.0,0.0,0.0,0.3660630686225071,0.0,0.3175070671590732,0.0,0.0
0.0,0.0,0.2918255583551689,0.158771734865513,0.1902913137839974,0.2944913703439362,0.2328221864997743,0.2349469239749497,0.3106195462838099,0.1178264300985634,0.2028053368244614,0.0,0.2506358791191376,0.0,0.0,0.0,0.0,0.0,0.2490463507304834,0.0,0.0,0.0,0.2578117608510084,0.0,0.0,0.0,0.3018951716644394,0.1806888545830762,0.0,0.0,0.3226532803991204,0.2024470100503289,0.0,0.0,0.0,0.1610255645222779,0.1238701042312096,0.0,0.0,0.0,0.0,0.0,0.0,0.0,0.0,0.0,0.0,0.3312331924991964,0.0,0.0,0.0,0.0,0.0,0.3422951150849214,0.0,0.3396416707000986,0.0,0.0,0.0,0.0,0.0,0.0,0.0,0.0,0.0,0.0,0.0,0.3361883748857194,0.0,0.0,0.0,0.0,0.0,0.0,0.0,0.0
0.2651795979229383,0.2809147369604364,0.0,0.0,0.0,0.2758292729320597,0.0,0.2721152977387538,0.0,0.0,0.0,0.0,0.296908288372041,0.0,0.0,0.2838252957894075,0.0,0.2769462635082374,0.0,0.2290788646955557,0.2472907395998521,0.2450643283115756,0.2292872030002948,0.288268147845216,0.2700236693737581,0.2398543747095368,0.2637520280189778,0.2852523700061467,0.2751572472321183,0.0,0.2823242452757633,0.2860733485229704,0.2586490926577571,0.2958542105618943,0.3280599904989678,0.3536581595711722,0.0,0.0,0.3315160702097041,0.3237883281690519,0.3512272667144867,0.3562880604460611,0.0,0.0,0.0,0.0,0.3105744898550447,0.0,0.0,0.0,0.3229160041539099,0.0,0.3525773506300861,0.0,0.0,0.0,0.0,0.0,0.0,0.3351362478579193,0.3069725772374203,0.0,0.0,0.0,0.3302080940676216,0.3093778051017991,0.3427450863805107,0.3319962797081148,0.0,0.0,0.3413877570719054,0.3338011085337098,0.322105663051476,0.3294590767025794,0.0,0.3323329800172939
0.2587573517047662,0.2641528815722082,0.0,0.0,0.0,0.2877871345464451,0.3284853254687109,0.3023819318816429,0.3023972850778134,0.2449731573868552,0.0,0.0,0.3287914081439422,0.0,0.2838252957894075,0.0,0.2527811200113948,0.2434199737075516,0.0,0.2850017519665501,0.2818799522678781,0.259094423863844,0.2890295388060344,0.241613207623873,0.2620244553473428,0.270202328887742,0.2854702808124335,0.32467817498826,0.3060819368412446,0.289482551587896,0.2558498389235338,0.2834337548206311,0.2531310302118378,0.2637365088730701,0.301438166736066,0.0,0.0,0.0,0.2952392986975815,0.2873242177873458,0.290439144662762,0.3131224008491597,0.0,0.0,0.0,0.2934278175166921,0.3036455283353313,0.0,0.0,0.0,0.0,0.0,0.0,0.0,0.0,0.0,0.0,0.0,0.0,0.3101624005684542,0.29868155694312,0.0,0.2857325496538883,0.0,0.2947295877638236,0.2888022755655652,0.3116662459354085,0.0,0.0,0.2919759790070913,0.3111420394102451,0.0,0.0,0.0,0.0,0.2773558786080145
0.2503711355386262,0.0,0.0,0.0,0.0,0.0,0.2772061355314192,0.0,0.0,0.2082449431683637,0.0,0.2202862680155652,0.2942336622458797,0.0,0.0,0.2527811200113948,0.0,0.226072726001601,0.0,0.2473315830541714,0.0,0.2560758301547418,0.0,0.2284777408419205,0.2325610917609809,0.2466379307915398,0.0,0.288283845901894,0.0,0.0,0.2335438426443523,0.2583538578529892,0.2339687868714632,0.2326550599270348,0.2493947969336472,0.0,0.0,0.1959442522067489,0.0,0.2515111454160867,0.2249580584541518,0.0,0.0,0.0,0.0,0.0,0.0,0.0,0.0,0.0,0.0,0.0,0.0,0.0,0.2839931189630441,0.0,0.2607834407456344,0.0,0.0,0.0,0.0,0.2795919541022899,0.2736644644535853,0.0,0.0,0.0,0.0,0.0,0.2805500178601041,0.2899925452436828,0.3022573201655822,0.0,0.0,0.0,0.0,0.0
0.2519173665974409,0.2642359538640232,0.0,0.0,0.0,0.2841630756125787,0.3111015728580917,0.3254203211915781,0.0,0.2271331972716898,0.0,0.2277301734558549,0.3293765308561275,0.0,0.2769462635082374,0.2434199737075516,0.226072726001601,0.0,0.0,0.2790654268800752,0.2782232720270715,0.2708816302558607,0.3182614797964393,0.2399056300500396,0.2436108584557925,0.2520357462885257,0.2818686526968703,0.3164603387774648,0.3020317833560396,0.0,0.2474797726697377,0.2509782102828947,0.2405692931089776,0.2446083887974177,0.2674639603192171,0.0,0.0,0.0,0.2915619147006291,0.2788502828208063,0.2806024558732962,0.3001684623552652,0.0,0.0,0.0,0.2909962108875805,0.294326542476475,0.0,0.0,0.0,0.0,0.0,0.0,0.0,0.2705246857826791,0.0,0.2687855586942506,0.0,0.0,0.0,0.2884677095418366,0.2870889601219511,0.2783299445086061,0.0,0.0,0.0,0.293956514907246,0.0,0.2901340604000649,0.2835727163886399,0.2984816318080424,0.0,0.0,0.0,0.0,0.2736051877882283
0.0,0.0,0.1901199778880072,0.275534988080324,0.2441555045447375,0.2756118511778609,0.2997140305339587,0.2953361787249157,0.2029607629124211,0.3181488480967038,0.1755924990707656,0.0,0.313782402030713,0.2490463507304834,0.0,0.0,0.0,0.0,0.0,0.0,0.0,0.0,0.2124192859602232,0.0,0.0,0.0,0.2524746145759783,0.3172897325304932,0.0,0.0,0.3432077758059507,0.2786046374310415,0.0,0.3381966014957103,0.3245147629888255,0.2529061608655786,0.3165912535942662,0.0,0.3293214407431535,0.0,0.0,0.0,0.3107216332157146,0.0,0.0,0.0,0.0,0.3539064440388691,0.0,0.0,0.361859469983827,0.0,0.3817176266120808,0.3598099733453702,0.0,0.2252167366533829,0.0,0.0,0.3735557334910027,0.0,0.0,0.0,0.0,0.254260284605182,0.0,0.0,0.0,0.3702517421104703,0.0,0.0,0.0,0.3858035548824375,0.0,0.0,0.0,0.0
0.2963953206393757,0.2811115425464812,0.0,0.0,0.0,0.2666590155872028,0.3185758953592292,0.2612253528511198,0.0,0.0,0.0,0.0,0.3164060839587128,0.0,0.2290788646955557,0.2850017519665501,0.2473315830541714,0.2790654268800752,0.0,0.0,0.2802749281144799,0.2522250804863457,0.199371520469257,0.0,0.2743324146469256,0.2838321372289005,0.2274920868947933,0.2764400981138612,0.2236276781962203,0.2502243934841579,0.2529002780389938,0.2921534740549537,0.2583122049663831,0.2917418438735678,0.3289647028917452,0.343430138608001,0.3089434997584113,0.0,0.3226965185407719,0.3002908401476555,0.3486154366360961,0.3095484957314589,0.0,0.0,0.0,0.0,0.2861299948831031,0.0,0.0,0.0,0.3180337973348334,0.0,0.3280746452311145,0.0,0.0,0.0,0.0,0.0,0.0,0.3178503812058365,0.0,0.0,0.0,0.0,0.3207911370803774,0.3044661235353459,0.3203878776456446,0.3326182158429726,0.0,0.0,0.3138264174869228,0.3364503689033189,0.3301994920688588,0.3291806768376321,0.0,0.324826411369772
0.272131032321329,0.2806041907686966,0.0,0.0,0.0,0.2802548485487323,0.0,0.2890598458895024,0.0,0.0,0.0,0.0,0.3013847900903341,0.0,0.2472907395998521,0.2818799522678781,0.0,0.2782232720270715,0.0,0.2802749281144799,0.0,0.2869105328946753,0.276891024253838,0.3165260045183712,0.2831958048544047,0.2670069558116641,0.2819870873255648,0.2929680904532047,0.2741123114512186,0.0,0.2734684647180545,0.2851365905037604,0.2544702401408816,0.2782545494051405,0.3241231226352305,0.2995332151066341,0.0,0.0,0.3118600598563537,0.3063851766945673,0.3252826877564189,0.3430170786639042,0.0,0.0,0.0,0.2265359384161775,0.3082808745592378,0.0,0.0,0.0,0.3163641027317928,0.0,0.3043764267749963,0.0,0.0,0.0,0.0,0.0,0.0,0.315214603791194,0.2979232853136507,0.0,0.0,0.0,0.317248623172266,0.2494564725472847,0.3218240372445611,0.3142831822727684,0.0,0.2615220134826744,0.328851682530526,0.3263534156300324,0.3263079329717304,0.3205886294117964,0.0,0.3050946953426878
0.2794000188686285,0.2673482719175657,0.0,0.0,0.3124401546892026,0.279654142170265,0.3280928916587194,0.2765058433375413,0.3077790048134955,0.2343943509525309,0.0,0.0,0.3315462858356979,0.0,0.2450643283115756,0.259094423863844,0.2560758301547418,0.2708816302558607,0.0,0.2522250804863457,0.2869105328946753,0.0,0.284341117828029,0.0,0.2732355530194973,0.2746119292906049,0.2697938731426559,0.31076160260282,0.2761593739205075,0.2874946835980559,0.2755004141754657,0.2968666382291492,0.262189391272883,0.2970400661076974,0.3366753007046945,0.3579643949526192,0.3172922112837333,0.0,0.3215497215015769,0.3110669440551771,0.3298885299059977,0.3302221234022491,0.0,0.0,0.0,0.2873412408964824,0.3077216696601321,0.0,0.0,0.0,0.2997241155879169,0.0,0.0,0.0,0.0,0.0,0.0,0.0,0.0,0.3352110817053762,0.3082872493563819,0.0,0.2705339539682275,0.0,0.3294064487948114,0.3146524037321336,0.32796156635436,0.3352536984776543,0.0,0.2820888946428499,0.334861108011554,0.3220588713409342,0.0,0.3382239366583611,0.0,0.3284586478059609
0.3213596552650077,0.2929223288800198,0.2309449782624846,0.266976874961747,0.2519948026418971,0.2661340844094917,0.2849815395605796,0.2373607154540768,0.2676481595752369,0.2893314970820859,0.1943263531677022,0.0,0.2931335862365861,0.2578117608510084,0.2292872030002948,0.2890295388060344,0.0,0.3182614797964393,0.2124192859602232,0.199371520469257,0.276891024253838,0.284341117828029,0.0,0.3491422314764975,0.3158822044596155,0.2988855163387177,0.234309862845311,0.2810913509935834,0.2652410025333563,0.2622325068483394,0.2795103359075662,0.2685938500350694,0.2384333964478539,0.2876424187849828,0.3095550120010648,0.2450922504276581,0.3060320681472208,0.0,0.3519168034195136,0.0,0.3441715664342756,0.3193186760428098,0.3373313636989422,0.0,0.0,0.0,0.2833930357231329,0.2496131639341108,0.0,0.3638185254692389,0.3576358231772329,0.3553120386192522,0.3420962881802629,0.3699627970007244,0.0,0.2506476209535585,0.0,0.3569145505162641,0.3950878869337662,0.3339630441222898,0.0,0.0,0.0,0.2275692668489589,0.3371128667889807,0.3136436537073088,0.3192796249585019,0.3591007941397697,0.0,0.0,0.2944445880761395,0.3563776845116088,0.3556040680752248,0.3421650706269282,0.3514812208779532,0.3572320306332207
0.2418363242276108,0.0,0.0,0.0,0.0,0.0,0.2821732454213771,0.3593901076447599,0.0,0.198510409957365,0.0,0.1914254938395035,0.2730312574143118,0.0,0.288268147845216,0.241613207623873,0.2284777408419205,0.2399056300500396,0.0,0.0,0.3165260045183712,0.0,0.3491422314764975,0.0,0.243094072232697,0.2286171838864772,0.2985572117836604,0.2689572422599632,0.0,0.0,0.2332313079015177,0.2019443556329397,0.1558970001640691,0.1752437901180408,0.2102705879991793,0.0,0.0,0.1416672377260061,0.3025992121148667,0.2627553785657837,0.2510168583093721,0.0,0.0,0.0,0.0,0.2922709973604341,0.0,0.0,0.0,0.0,0.0,0.0,0.0,0.0,0.2750903722190723,0.0,0.2646021757091064,0.0,0.0,0.0,0.2913792054200605,0.2954343916177914,0.2963151109536437,0.0,0.0,0.0,0.0,0.0,0.2614617217026923,0.3011130323588774,0.3113464325649279,0.0,0.0,0.0,0.0,0.2821338742582265
0.2605716671672566,0.2600187558370342,0.0,0.0,0.2618183564344306,0.2675744381023469,0.3062869245392245,0.3398298374183394,0.0,0.2301598307790306,0.0,0.240404229365723,0.3080848246281548,0.0,0.2700236693737581,0.2620244553473428,0.2325610917609809,0.2436108584557925,0.0,0.2743324146469256,0.2831958048544047,0.2732355530194973,0.3158822044596155,0.243094072232697,0.0,0.2462052345550394,0.2804604628601907,0.3023261333338706,0.289306296402839,0.0,0.2532192767677164,0.2581348343426516,0.2232484133448299,0.2388755466727349,0.2617947697685623,0.0,0.0,0.2097553544531225,0.2955247681520886,0.286249315475245,0.2846987940357988,0.3068750191473249,0.0,0.0,0.0,0.2962299964682306,0.3020203498148044,0.0,0.0,0.0,0.0,0.0,0.0,0.0,0.2913351401939902,0.0,0.2908979195358999,0.0,0.0,0.0,0.2971514352794887,0.2969786528263533,0.2887189576327643,0.0,0.2761623619281723,0.2785261699542682,0.2977041791836673,0.0,0.2982062600727777,0.2936579038181168,0.3065685709652933,0.0,0.0,0.0,0.0,0.2804468435117674
0.2439557054068149,0.2616312075317556,0.0,0.0,0.0,0.2793082319174234,0.2903772833699782,0.338616852619406,0.0,0.2365019020959468,0.0,0.2100939205610382,0.2983929264001475,0.0,0.2398543747095368,0.270202328887742,0.2466379307915398,0.2520357462885257,0.0,0.2838321372289005,0.2670069558116641,0.2746119292906049,0.2988855163387177,0.2286171838864772,0.2462052345550394,0.0,0.294640929426999,0.3050237292554082,0.2830117707894271,0.0,0.2562118804496034,0.272642857647823,0.2362735967533358,0.256687959595908,0.2870160491765154,0.3221226522731948,0.0,0.2065734155367373,0.302867677091276,0.292025211060093,0.2958563793540474,0.3209922866885112,0.0,0.0,0.2547489967912095,0.29146112408175,0.3088856430515529,0.0,0.0,0.0,0.0,0.0,0.0,0.0,0.306582338818812,0.0,0.3017979017596407,0.0,0.0,0.3351584719792674,0.3001190270272518,0.3084378472316088,0.2964331689601696,0.0,0.3208970082620719,0.3108478298128577,0.3232257466534721,0.3170565574369083,0.3007145561836613,0.2992347553226527,0.3182889563041127,0.3122549672263346,0.0,0.3024522713582931,0.0,0.2906627855419597
0.2883016006935651,0.2716799464525088,0.2452891365956575,0.2825525761241306,0.2562124743279663,0.2516547180663972,0.292949583576808,0.2931412796942534,0.2463037656565849,0.2868215457650674,0.2587394619947606,0.0,0.3051606757855445,0.3018951716644394,0.2637520280189778,0.2854702808124335,0.0,0.2818686526968703,0.2524746145759783,0.2274920868947933,0.2819870873255648,0.2697938731426559,0.234309862845311,0.2985572117836604,0.2804604628601907,0.294640929426999,0.0,0.2895916369458738,0.2328325856777986,0.2575172389931696,0.2622402208554138,0.2777783642246601,0.2439033184782892,0.2792031191075921,0.3080618263330045,0.2998388937481126,0.3177740180054442,0.0,0.3546251699043541,0.0,0.3561767720859367,0.3084141959438576,0.334666789962066,0.0,0.0,0.0,0.2617930970102852,0.3880496092705738,0.0,0.0,0.3600215582479571,0.3525111328514173,0.3659556028401556,0.3804669607820754,0.0,0.3628990237870002,0.0,0.3542562350018952,0.0,0.320140093883553,0.0,0.0,0.0,0.3758348618028088,0.3254987467743591,0.2870009077605255,0.3100639550851918,0.3633975018758483,0.0,0.0,0.314419466515083,0.3554512916151551,0.3525511710618357,0.3327929721193464,0.0,0.3492657219107454
0.2572233567226407,0.3149933094613211,0.3185976933564047,0.1829957183837581,0.2852736641500781,0.2756615771668759,0.2559432064928694,0.2877507451471235,0.3217655120169505,0.2850920034711328,0.3098251618857982,0.2717361496056941,0.2511387400413476,0.1806888545830762,0.2852523700061467,0.32467817498826,0.288283845901894,0.3164603387774648,0.3172897325304932,0.2764400981138612,0.2929680904532047,0.31076160260282,0.2810913509935834,0.2689572422599632,0.3023261333338706,0.3050237292554082,0.2895916369458738,0.0,0.2529053283259094,0.2037875745568915,0.2705898735329031,0.270525258575907,0.2862791898679669,0.2774367047206547,0.2698819788973972,0.1795595648315278,0.2036124546151627,0.2780668276286615,0.2840808494049529,0.0,0.2633445426329819,0.2334834768956607,0.2668472020072067,0.0,0.0,0.0,0.0,0.0,0.0,0.0,0.3565987495078008,0.0,0.3372825664017239,0.0,0.0,0.0,0.0,0.0,0.0,0.0,0.0,0.0,0.0,0.0,0.0,0.0,0.0,0.3542190838573034,0.0,0.0,0.0,0.350165366910071,0.3265525928551356,0.3433729538288336,0.0,0.3295059380481454
0.2940359180206802,0.2901351211223099,0.0,0.0,0.3025886462980438,0.2199238006286893,0.3093651556974638,0.2654563664535813,0.3259245442176364,0.0,0.0,0.0,0.294174507093762,0.0,0.2751572472321183,0.3060819368412446,0.0,0.3020317833560396,0.0,0.2236276781962203,0.2741123114512186,0.2761593739205075,0.2652410025333563,0.0,0.289306296402839,0.2830117707894271,0.2328325856777986,0.2529053283259094,0.0,0.2384367836217172,0.2494197472778202,0.2811435191071621,0.2385270131289706,0.2804992732193097,0.3201517327356949,0.3214366907409353,0.2995883909911679,0.0,0.3360532506361388,0.0,0.336254572567341,0.3300305898027897,0.0,0.0,0.0,0.0,0.2792195815001664,0.0,0.0,0.0,0.3538767723055184,0.0,0.3195918061095813,0.0,0.0,0.0,0.0,0.3321695876049837,0.0,0.3178771884353099,0.0,0.0,0.0,0.0,0.319679119739792,0.3061466326905999,0.3081472978382833,0.3456847158617639,0.0,0.0,0.3114335014519828,0.3363702771818903,0.3424255444170074,0.3264243650126524,0.0,0.3336057592838316
0.0,0.0,0.2849350411187389,0.0,0.0,0.2895032384740807,0.0,0.260262248256066,0.2858704526041077,0.0,0.0,0.0,0.2788176880298367,0.0,0.0,0.289482551587896,0.0,0.0,0.0,0.2502243934841579,0.0,0.2874946835980559,0.2622325068483394,0.0,0.0,0.0,0.2575172389931696,0.2037875745568915,0.2384367836217172,0.0,0.2262169779849482,0.2543485975798856,0.0,0.2537812291999484,0.274916611586214,0.0,0.0,0.0,0.3316524196551714,0.0,0.0,0.0,0.0,0.0,0.0,0.0,0.0,0.0,0.0,0.0,0.0,0.0,0.0,0.0,0.0,0.0,0.0,0.0,0.0,0.0,0.0,0.0,0.0,0.0,0.0,0.0,0.0,0.3440120223033063,0.0,0.0,0.0,0.3392374811971334,0.0,0.0,0.0,0.0
0.2472780320137405,0.2525866386230803,0.3225178261514739,0.0,0.3098896157897895,0.3029801783252254,0.2933347863024221,0.2965850879909483,0.3337755174272896,0.2311807217012285,0.3279012350675255,0.2227819359199078,0.2919099612426775,0.3226532803991204,0.2823242452757633,0.2558498389235338,0.2335438426443523,0.2474797726697377,0.3432077758059507,0.2529002780389938,0.2734684647180545,0.2755004141754657,0.2795103359075662,0.2332313079015177,0.2532192767677164,0.2562118804496034,0.2622402208554138,0.2705898735329031,0.2494197472778202,0.2262169779849482,0.0,0.2603330490464957,0.223352776645285,0.2130269305641245,0.2068997300957366,0.2886223759529539,0.2768105439059263,0.1942300491790927,0.2880020666973116,0.2622194777089219,0.2603107714579548,0.0,0.0,0.0,0.0,0.273237540860454,0.2958013791340859,0.0,0.0,0.0,0.3529127890837433,0.0,0.3221834623145523,0.0,0.2453626353308012,0.0,0.2579243822425668,0.0,0.0,0.3220007794186824,0.2937487188015037,0.0,0.2869933787874472,0.0,0.3193273407421845,0.2821694510308876,0.3080248355954957,0.3525084143805532,0.2806240976657425,0.2937848807777432,0.3090769337857957,0.3383026075982359,0.3230801608021802,0.3250418136480498,0.0,0.2480310349422145
0.2689807048710448,0.2693469073638848,0.3034655296091925,0.2103020897798621,0.2802973583963273,0.289415796610169,0.2813432981150587,0.2655492627475326,0.2998539728157711,0.229603933455484,0.2642721816821557,0.1670478263082153,0.2829600980083984,0.2024470100503289,0.2860733485229704,0.2834337548206311,0.2583538578529892,0.2509782102828947,0.2786046374310415,0.2921534740549537,0.2851365905037604,0.2968666382291492,0.2685938500350694,0.2019443556329397,0.2581348343426516,0.272642857647823,0.2777783642246601,0.270525258575907,0.2811435191071621,0.2543485975798856,0.2603330490464957,0.0,0.216664299986915,0.2439998990343799,0.2422613470192169,0.1930976877178455,0.2245626716809063,0.172230511771096,0.1972793151572289,0.2257537275567919,0.2343753235485209,0.2289639655068547,0.2114076437896186,0.1770954949416609,0.0,0.2785482050970461,0.2990775326691657,0.3577789866235146,0.0,0.0,0.3503576354953182,0.0,0.3302330750270162,0.3346223833469678,0.2287504679127457,0.2869168174886281,0.2040564408955759,0.2969467958620692,0.0,0.3233558941028565,0.286017158912516,0.0,0.2835281214311684,0.3104141784523963,0.3253103317048669,0.3037281773310737,0.3161589970583683,0.3523278512413291,0.0,0.2854852544144647,0.3148966842765601,0.3506727879666039,0.2253004831912554,0.3343130161202658,0.0,0.3436487288922289
0.2307206925455936,0.2414753204074517,0.0,0.0,0.2544005979129132,0.2571226258755979,0.2828821063256017,0.2379206212800944,0.2876972251847552,0.1995044208668145,0.2878823293634669,0.1776881875735232,0.2910139248411877,0.0,0.2586490926577571,0.2531310302118378,0.2339687868714632,0.2405692931089776,0.0,0.2583122049663831,0.2544702401408816,0.262189391272883,0.2384333964478539,0.1558970001640691,0.2232484133448299,0.2362735967533358,0.2439033184782892,0.2862791898679669,0.2385270131289706,0.0,0.223352776645285,0.216664299986915,0.0,0.1849098031077963,0.2818452939602575,0.3132581693297257,0.2447707889715981,0.1287315727654724,0.2409718254990345,0.2287763213322058,0.2497060306599262,0.2585430817223901,0.0,0.0,0.1732251571280604,0.2820662707064217,0.2936816308396233,0.0,0.0,0.0,0.0,0.0,0.0,0.0,0.2536117630103931,0.0,0.237454418936077,0.0,0.0,0.31870185214222,0.2943931708547354,0.2784097743267438,0.2752149330876104,0.0,0.3058206196711963,0.2758769394143831,0.3167187010776295,0.3205634541962547,0.2488965300767137,0.284986297184191,0.303605196665978,0.3263254841974538,0.0,0.3047812907086134,0.0,0.2517965085978551
0.2354622092754009,0.2531857906258347,0.3270297916261538,0.2650832406148831,0.2914108052813073,0.2861393935527125,0.2922819483123626,0.2984194621938369,0.3256802998996462,0.1961257050758075,0.3144011684185729,0.1658953180392586,0.2966153842733902,0.0,0.2958542105618943,0.2637365088730701,0.2326550599270348,0.2446083887974177,0.3381966014957103,0.2917418438735678,0.2782545494051405,0.2970400661076974,0.2876424187849828,0.1752437901180408,0.2388755466727349,0.256687959595908,0.2792031191075921,0.2774367047206547,0.2804992732193097,0.2537812291999484,0.2130269305641245,0.2439998990343799,0.1849098031077963,0.0,0.2419534840943653,0.3179790346469867,0.2457002659896332,0.1439193483881762,0.2534580422303569,0.2510627595046213,0.2541785514108968,0.2660086941747733,0.2283041906895171,0.0,0.2173053270541991,0.2777138101685056,0.2967115290635936,0.0,0.0,0.0,0.317423701601816,0.0,0.3453603082102,0.0,0.2545323559588618,0.0,0.2418233874113653,0.0,0.0,0.3299557738158658,0.2942107366774607,0.0,0.2816392840087479,0.0,0.3246641979441553,0.2899645832030487,0.3173653837405911,0.3443885705700227,0.2404206986585439,0.2872724948017527,0.3107809060857751,0.3373899489183543,0.2450750369711528,0.3322208868457408,0.0,0.2691697197217612
0.2644691951303518,0.2765149242375843,0.3324213284752744,0.2665613500039617,0.3098227719828447,0.3073388222907142,0.2883574692977562,0.3198843809448054,0.3322877976486093,0.1793781728864964,0.2984125770995078,0.2023812173860034,0.2936297285597892,0.0,0.3280599904989678,0.301438166736066,0.2493947969336472,0.2674639603192171,0.3245147629888255,0.3289647028917452,0.3241231226352305,0.3366753007046945,0.3095550120010648,0.2102705879991793,0.2617947697685623,0.2870160491765154,0.3080618263330045,0.2698819788973972,0.3201517327356949,0.274916611586214,0.2068997300957366,0.2422613470192169,0.2818452939602575,0.2419534840943653,0.0,0.341936827619992,0.2542867724053853,0.1796964351635777,0.2191019345416902,0.2316204211899554,0.2418005659735138,0.2542605466526708,0.2273258011024825,0.2120947490888578,0.2005441287600155,0.0,0.3117821276338056,0.0,0.0,0.0,0.0,0.0,0.0,0.0,0.0,0.0,0.1817974529732638,0.0,0.0,0.3462257016082401,0.2966707717098559,0.0,0.2870400263954562,0.0,0.3168243458882087,0.3328645687932677,0.3397350333447809,0.3636282542776285,0.0,0.2964869511262752,0.3285074289754833,0.3346575891126355,0.0,0.3307806471182233,0.0,0.0
0.0,0.0,0.2780005934087823,0.146033608319227,0.1625368418955887,0.301660410435289,0.2026542148199281,0.1860320641967403,0.3092068324011683,0.2027237830253428,0.2189106445149658,0.2418358420005689,0.2409616201017446,0.1610255645222779,0.3536581595711722,0.0,0.0,0.0,0.2529061608655786,0.343430138608001,0.2995332151066341,0.3579643949526192,0.2450922504276581,0.0,0.0,0.3221226522731948,0.2998388937481126,0.1795595648315278,0.3214366907409353,0.0,0.2886223759529539,0.1930976877178455,0.3132581693297257,0.3179790346469867,0.341936827619992,0.0,0.1738019317354675,0.249472662649482,0.2319789974175937,0.0,0.2442425047023658,0.2328888454349451,0.0,0.1980607906883632,0.0,0.0,0.0,0.3414963351178068,0.0,0.0,0.3069285840257518,0.3023669494394351,0.2898937837578469,0.3308160561743928,0.0,0.2941565503980248,0.0,0.0,0.0,0.0,0.0,0.0,0.0,0.3238198815445788,0.0,0.0,0.0,0.3303944317328904,0.0,0.0,0.0,0.3374575852567896,0.250903993344561,0.2724451852440863,0.0,0.0
0.0,0.0,0.312896028835032,0.1283128671936824,0.1788882202440696,0.3166483114798101,0.217142692820552,0.2736983042826756,0.3282254265789348,0.2155903352774395,0.3146986389958993,0.235751851871522,0.2557965853624574,0.1238701042312096,0.0,0.0,0.0,0.0,0.3165912535942662,0.3089434997584113,0.0,0.3172922112837333,0.3060320681472208,0.0,0.0,0.0,0.3177740180054442,0.2036124546151627,0.2995883909911679,0.0,0.2768105439059263,0.2245626716809063,0.2447707889715981,0.2457002659896332,0.2542867724053853,0.1738019317354675,0.0,0.2492229651600842,0.1802649383217157,0.0,0.2257504477420256,0.2221429211294437,0.0,0.0,0.0,0.0,0.0,0.0,0.0,0.0,0.0,0.0,0.0,0.0,0.0,0.0,0.0,0.0,0.0,0.0,0.0,0.0,0.0,0.0,0.0,0.0,0.0,0.0,0.0,0.0,0.0,0.0,0.0,0.0,0.0,0.0
0.0,0.0,0.0,0.0,0.2807224234612221,0.0,0.2732845763162659,0.0,0.3261213303733973,0.1683587249198903,0.2974080643757548,0.1357181903771137,0.2907124373863229,0.0,0.0,0.0,0.1959442522067489,0.0,0.0,0.0,0.0,0.0,0.0,0.1416672377260061,0.2097553544531225,0.2065734155367373,0.0,0.2780668276286615,0.0,0.0,0.1942300491790927,0.172230511771096,0.1287315727654724,0.1439193483881762,0.1796964351635777,0.249472662649482,0.2492229651600842,0.0,0.2204414043159234,0.1687099272203846,0.2235948119873076,0.2388327505383352,0.0,0.0,0.0,0.0,0.0,0.0,0.0,0.0,0.0,0.0,0.0,0.0,0.2057962486219971,0.0,0.2133987129720397,0.0,0.0,0.0,0.0,0.0,0.0,0.0,0.0,0.0,0.0,0.0,0.0,0.0,0.2906946906650917,0.0,0.0,0.0,0.0,0.0
0.2947199844088861,0.297131491053711,0.3694927345189161,0.0,0.0,0.3435745816083339,0.0,0.3304495942146374,0.3661572859682295,0.2597668121552053,0.0,0.2866011483590439,0.2743995078340147,0.0,0.3315160702097041,0.2952392986975815,0.0,0.2915619147006291,0.3293214407431535,0.3226965185407719,0.3118600598563537,0.3215497215015769,0.3519168034195136,0.3025992121148667,0.2955247681520886,0.302867677091276,0.3546251699043541,0.2840808494049529,0.3360532506361388,0.3316524196551714,0.2880020666973116,0.1972793151572289,0.2409718254990345,0.2534580422303569,0.2191019345416902,0.2319789974175937,0.1802649383217157,0.2204414043159234,0.0,0.2167004402454035,0.2425885497744949,0.2485330732557602,0.2001325289464827,0.2318517346113394,0.1775171632236552,0.2651280540993669,0.2544081968470754,0.2940165489833236,0.1951711093737264,0.246025283676022,0.2870149002850574,0.2634906255610412,0.2659062908277317,0.3063784980494718,0.2406163925294928,0.2610564973577464,0.177374358134096,0.2798073237729608,0.2038843480411331,0.2877711649071308,0.273421648765637,0.2781955411575496,0.2724996622331647,0.2890090540213047,0.2937461233176219,0.2781959299103773,0.2811258765786602,0.2882365682705166,0.2270621657984922,0.2624691072927995,0.2673837067025797,0.2901225880248889,0.247680752150523,0.2831461891266184,0.2782737119246512,0.2658459209698566
0.2834601152695674,0.2972878950873096,0.0,0.0,0.0,0.0,0.0,0.0,0.0,0.2412870410874,0.0,0.2532580491752876,0.0,0.0,0.3237883281690519,0.2873242177873458,0.2515111454160867,0.2788502828208063,0.0,0.3002908401476555,0.3063851766945673,0.3110669440551771,0.0,0.2627553785657837,0.286249315475245,0.292025211060093,0.0,0.0,0.0,0.0,0.2622194777089219,0.2257537275567919,0.2287763213322058,0.2510627595046213,0.2316204211899554,0.0,0.0,0.1687099272203846,0.2167004402454035,0.0,0.1946384476442539,0.2872919815541622,0.3101039118855854,0.0,0.1282473694383482,0.2438241129685299,0.2247431832255955,0.0,0.0,0.0,0.2754231152173712,0.2829605457415115,0.2661677732067987,0.2834753479895152,0.2074174794711566,0.2773862556483327,0.1831864375201467,0.2711143465108043,0.0,0.2596740668620671,0.2475172986586919,0.2328494008560321,0.2246712778280472,0.0,0.2600067226798742,0.2509075506577545,0.2562536943917989,0.2746279374598117,0.184715122977804,0.2189972819166945,0.2375262941627634,0.2758835218038931,0.2182186676190946,0.2446471275558795,0.2462291085431123,0.2097365955879673
0.2794408749137371,0.2994507606024466,0.0,0.0,0.0,0.3174773016570289,0.0,0.3615664704639158,0.0,0.2301416057162638,0.0,0.2337590424363525,0.0,0.0,0.3512272667144867,0.290439144662762,0.2249580584541518,0.2806024558732962,0.0,0.3486154366360961,0.3252826877564189,0.3298885299059977,0.3441715664342756,0.2510168583093721,0.2846987940357988,0.2958563793540474,0.3561767720859367,0.2633445426329819,0.336254572567341,0.0,0.2603107714579548,0.2343753235485209,0.2497060306599262,0.2541785514108968,0.2418005659735138,0.2442425047023658,0.2257504477420256,0.2235948119873076,0.2425885497744949,0.1946384476442539,0.0,0.2841839995025045,0.2847088321515169,0.2236254716034636,0.1623005961340444,0.2463699467066154,0.2449428321581936,0.3248427189550628,0.20112868169411,0.2992094331453024,0.2952094637362953,0.2855878535060118,0.3106336417654524,0.3256692856671784,0.2085515714407731,0.3299754886963819,0.178526336312366,0.2940235563826266,0.0,0.3063246156781549,0.2659552292489665,0.2339981377574934,0.233606806288409,0.3251478330126208,0.3003145594454965,0.2987957085338267,0.2908796838205201,0.302995881643161,0.1720260761572113,0.2304255791363278,0.2499674495769595,0.2982142014429113,0.2511754855869932,0.2836235150263886,0.2640044861270771,0.182080335606189
