0.0,0.4128373255197526,0.0,0.0,0.0,0.4027471535554372,0.0,0.4662556135340938,0.0,0.0,0.0,0.3777853902910643,0.0,0.0,0.3824032488887402,0.4099471374641557,0.0,0.4262124606726957,0.0,0.4047666040173633,0.3718661684705601,0.3978072658548093,0.43189883474741,0.3378958470551665,0.4286024115523004,0.3526125473359913,0.4344461078267105,0.4421140772840702,0.4201254970355753,0.0,0.3684673325536041,0.4261335741891046,0.3472469971916841,0.3670612842199181,0.4471842679507985,0.0,0.0,0.0,0.4285967354748609,0.4031762619451132,0.3795206600619287,0.0,0.0,0.0,0.0,0.3322805151551549,0.4396071230069848,0.0,0.0,0.0,0.0,0.0,0.0,0.0,0.0,0.0,0.0,0.0,0.0,0.0,0.4492681958804079,0.0,0.4439695622866534,0.0,0.0,0.0,0.4513344153176624,0.0,0.0,0.450398506329827,0.4655050224236,0.0,0.0,0.0,0.0,0.0
0.4128373255197526,0.0,0.0,0.0,0.3745602249084564,0.4041386257432158,0.4179563577047017,0.4238724571814882,0.3852410777839759,0.0,0.0,0.0,0.4320536731982644,0.0,0.4156421932278903,0.4318232821502357,0.0,0.4352003657233953,0.0,0.4287218517203434,0.412384313172711,0.3932725140134421,0.4304628936421901,0.0,0.4057342300256229,0.4071279966728021,0.4142937446462284,0.4404923488679425,0.422607277521614,0.0,0.3750465098565011,0.4113263808994489,0.3724758729806334,0.3775614027341128,0.4620128406804241,0.0,0.0,0.0,0.4593973510731805,0.4582921524622661,0.4426207443605985,0.4865807036908516,0.0,0.0,0.0,0.4566380055541343,0.4695639085025593,0.0,0.0,0.0,0.0,0.0,0.0,0.0,0.0,0.0,0.0,0.0,0.0,0.4843366422008406,0.4675958442500553,0.0,0.4806602434890052,0.0,0.4681161723128954,0.4683913242867753,0.4609784911866956,0.4687487143662697,0.0,0.4875397347421561,0.4995736883783425,0.4561519777461191,0.0,0.4707099540401195,0.0,0.4408444706140323
0.0,0.0,0.0,0.0,0.3863746289704536,0.3996336411598929,0.4476840891063939,0.4858888216904024,0.319818588820954,0.4381015452540125,0.311245934016684,0.0,0.4571989923562274,0.4312267929314173,0.0,0.0,0.0,0.0,0.2646114678049762,0.0,0.0,0.0,0.3368234650872184,0.0,0.0,0.0,0.3198092550309855,0.4673850629100184,0.0,0.4257368952100668,0.4692427021996828,0.4745889132982826,0.0,0.4913526512399631,0.4769484539971597,0.4635044040446343,0.4592339299366406,0.0,0.460906377211674,0.0,0.0,0.0,0.4741913242140372,0.0,0.0,0.0,0.0,0.3702462205112929,0.0,0.517868214586067,0.5461161522866195,0.0,0.5499256124705492,0.4487564772198362,0.0,0.3701590172671181,0.0,0.0,0.5534774774998636,0.0,0.0,0.0,0.0,0.2789874307643493,0.0,0.0,0.0,0.5198122595922933,0.0,0.0,0.0,0.5703700462812091,0.0,0.0,0.0,0.0
0.0,0.0,0.0,0.0,0.244688489224167,0.4185276276165444,0.2940289125236909,0.3040139898137822,0.4292561425557609,0.0,0.3920435664513815,0.0,0.3060837176580732,0.2383733101419577,0.0,0.0,0.0,0.0,0.4147105247668923,0.0,0.0,0.0,0.4264400746664618,0.0,0.0,0.0,0.4264787260826439,0.2577922852872075,0.0,0.0,0.0,0.2674615261898522,0.0,0.3581077054643618,0.3918129368458007,0.1895284942883661,0.1965461540963136,0.0,0.0,0.0,0.0,0.0,0.0,0.0,0.0,0.0,0.0,0.0,0.0,0.0,0.0,0.0,0.0,0.0,0.0,0.0,0.0,0.0,0.0,0.0,0.0,0.0,0.0,0.0,0.0,0.0,0.0,0.0,0.0,0.0,0.0,0.0,0.0,0.0,0.0,0.0
0.0,0.3745602249084564,0.3863746289704536,0.244688489224167,0.0,0.3650630571307911,0.3337853135240563,0.4111263419231274,0.3521096324372928,0.5444947949337654,0.3397559192343676,0.4405053356655836,0.3664682645722482,0.3152280480670865,0.0,0.0,0.0,0.0,0.3778902454407203,0.4011837288151528,0.0,0.4108177991347658,0.3712981217750962,0.0,0.3695425650744851,0.0,0.3717692716671424,0.3658493958476576,0.3982757894675869,0.0,0.4549634681407447,0.3710041953426377,0.404357192240104,0.4382020265872875,0.4343604554586391,0.2466816045082613,0.2592111301200703,0.4192455678935621,0.0,0.0,0.0,0.0,0.3919109354319037,0.0,0.0,0.0,0.0,0.4889388722204945,0.0,0.0,0.0,0.0,0.4265994956061183,0.4422305629749883,0.0,0.4464882195839414,0.0,0.0,0.0,0.0,0.0,0.0,0.0,0.0,0.0,0.0,0.0,0.4954623974978878,0.0,0.0,0.0,0.463501839036129,0.0,0.0,0.0,0.0
0.4027471535554372,0.4041386257432158,0.3996336411598929,0.4185276276165444,0.3650630571307911,0.0,0.4117723852640945,0.4440737113554058,0.3528484622185049,0.4940796656201857,0.370416388979686,0.0,0.38235617362617,0.4407219519979091,0.4399662048646891,0.4326117498688556,0.0,0.4816218916788757,0.4129229843700633,0.405484563637267,0.4582110095566305,0.4156011287778588,0.3974217951624577,0.0,0.3974314571781516,0.4293711311171057,0.3755378384145682,0.4038380188209278,0.3427743885165491,0.4119756295408632,0.4443165857392598,0.4296897327693286,0.4103467976145984,0.4617583455292821,0.4606718612834229,0.4459575921784187,0.4512431969936165,0.0,0.4688300346545143,0.0,0.489455649883749,0.3882148435475507,0.4338865760671994,0.0,0.0,0.0,0.0,0.5468356722962182,0.0,0.0,0.4897466627651969,0.5199642015414998,0.4923938937216851,0.5407060735820255,0.0,0.505624515301391,0.0,0.522542341586631,0.0,0.4426584225515793,0.0,0.0,0.0,0.5332527658037778,0.4490319131686405,0.4354618743758825,0.4205150963891688,0.5096163949572571,0.0,0.0,0.0,0.5077559617550024,0.513805908097429,0.471186875901959,0.0,0.5009084451773899
0.0,0.4179563577047017,0.4476840891063939,0.2940289125236909,0.3337853135240563,0.4117723852640945,0.0,0.4491362338088902,0.3935397571579665,0.4972085666041043,0.4495754407330343,0.4106917747539895,0.3306102111222888,0.3794692830171241,0.0,0.4450112248645534,0.4309201913354151,0.443518389105704,0.4517402993031862,0.4391899117753667,0.0,0.4515661259847211,0.4401942902231321,0.4269177286857018,0.4137922544068656,0.4240968669882366,0.4289488592818888,0.3429122829295414,0.4307706704735422,0.0,0.4025665285203122,0.4054015592949476,0.4051702642472458,0.4091982820107221,0.3951172269533508,0.3274353553854682,0.3265055899006887,0.4094266086908437,0.0,0.0,0.0,0.0,0.0,0.0,0.0,0.0,0.0,0.0,0.0,0.0,0.4640444554321886,0.0,0.0,0.0,0.0,0.0,0.0,0.0,0.0,0.0,0.0,0.0,0.0,0.0,0.0,0.0,0.0,0.5147306743719835,0.0,0.0,0.0,0.4991992649433194,0.0,0.0,0.0,0.0
0.4662556135340938,0.4238724571814882,0.4858888216904024,0.3040139898137822,0.4111263419231274,0.4440737113554058,0.4491362338088902,0.0,0.4892925991984728,0.4381572949594802,0.403991711847306,0.0,0.4568804427824203,0.4001930494042597,0.4608538996052935,0.4356403498758022,0.0,0.4623004349645373,0.4707708133001216,0.3938330040761288,0.386070213026113,0.4232447618671527,0.3785518847343068,0.4817058962901129,0.4741575363313475,0.4688910888606988,0.4457042257505856,0.4500202934975297,0.4118672243572534,0.416503386369407,0.4569920418625833,0.3719590748161995,0.4338676074999749,0.4587640405526197,0.4759844402451848,0.2564382152129538,0.3714454019984295,0.0,0.458506567420422,0.0,0.4848434073547281,0.0,0.4199811710436864,0.0,0.0,0.0,0.0,0.5370608276651084,0.0,0.4936563736177505,0.4417841874575313,0.502043210478401,0.3900587138687065,0.5431115109155931,0.0,0.4863743385997662,0.0,0.5059232272986022,0.0,0.4908113334484307,0.0,0.0,0.0,0.5209509622104906,0.4957558343047233,0.5110569073285862,0.0,0.4728008057411493,0.0,0.0,0.0,0.4847175646188555,0.4951004682126999,0.4436242967231286,0.0,0.4810032827230822
0.0,0.3852410777839759,0.319818588820954,0.4292561425557609,0.3521096324372928,0.3528484622185049,0.3935397571579665,0.4892925991984728,0.0,0.5120077840002387,0.3413812922453699,0.4534378571976633,0.3951704449656671,0.4423188955771369,0.0,0.4098740113974621,0.0,0.0,0.2970252915384182,0.3916634849158544,0.0,0.4053691683914125,0.4020478957701516,0.0,0.0,0.0,0.3781093159672795,0.4582124426193765,0.4014891851825686,0.4255224704593978,0.4680235601706601,0.4567969035607844,0.4356391891338219,0.4752471515107264,0.4796174762977179,0.476271418365966,0.4776677065539115,0.4805552870037389,0.4539224629382408,0.0,0.0,0.0,0.4618651121847443,0.0,0.0,0.0,0.0,0.5456627395734442,0.0,0.0,0.5309375904996074,0.0,0.5344515111935957,0.5427303054930276,0.0,0.5224189676576553,0.0,0.0,0.4971733390586022,0.0,0.0,0.0,0.0,0.5393784274757923,0.0,0.0,0.0,0.5462168053084372,0.0,0.0,0.0,0.5427219430308451,0.0,0.0,0.0,0.0
0.0,0.0,0.4381015452540125,0.0,0.5444947949337654,0.4940796656201857,0.4972085666041043,0.4381572949594802,0.5120077840002387,0.0,0.5053798087597335,0.319932246723679,0.4455446011748803,0.446470135098883,0.0,0.3785038315229536,0.3340507275387073,0.3729305746147401,0.4795604945122566,0.0,0.0,0.344476217904636,0.4618369597207187,0.3700353657917221,0.3443090091716928,0.3536115436143248,0.451863661217505,0.416209878166446,0.0,0.0,0.3488554381642377,0.3905341117477529,0.3120020731516831,0.3254135283584305,0.3585712164139751,0.4448950673858564,0.3744290501904002,0.2936691891059038,0.4120842019821954,0.3955599047121654,0.3639954996510688,0.0,0.0,0.0,0.3724540241733748,0.0,0.0,0.0,0.0,0.0,0.0,0.0,0.0,0.0,0.4639759694065478,0.0,0.4619090333359459,0.0,0.0,0.0,0.0,0.479420320817885,0.439449755303363,0.0,0.0,0.0,0.0,0.0,0.4723135023777713,0.44989368430689,0.4670165809178735,0.0,0.4213097481116498,0.0,0.0,0.4361203568955843
0.0,0.0,0.311245934016684,0.3920435664513815,0.3397559192343676,0.370416388979686,0.4495754407330343,0.403991711847306,0.3413812922453699,0.5053798087597335,0.0,0.4527162783172508,0.4559128789974025,0.3773674403164466,0.0,0.0,0.0,0.0,0.2395776230154511,0.0,0.0,0.0,0.3278332020883333,0.0,0.0,0.0,0.3768499231722016,0.4636139753519839,0.0,0.0,0.4729550738484883,0.3986299358534705,0.4274405866963348,0.4737852229903726,0.4556984637995133,0.3258568804282519,0.4657767957170592,0.450823130600297,0.4116619552131143,0.0,0.0,0.0,0.4223541103079448,0.0,0.0,0.0,0.0,0.3759231149479627,0.0,0.4880229363648038,0.519231638558062,0.4701272887460929,0.4982818250005386,0.4282084232532971,0.0,0.3516825070969461,0.0,0.4417344970827455,0.4735282116135758,0.0,0.0,0.0,0.0,0.2758883217460319,0.0,0.0,0.0,0.5527997878197813,0.0,0.0,0.0,0.537576977672154,0.0,0.0,0.0,0.0
0.3777853902910643,0.0,0.0,0.0,0.4405053356655836,0.0,0.4106917747539895,0.0,0.4534378571976633,0.319932246723679,0.4527162783172508,0.0,0.4911765255431085,0.0,0.0,0.0,0.3780264521476829,0.3659584905852437,0.0,0.0,0.0,0.0,0.0,0.3248938892950862,0.3620815305257897,0.31618452041989,0.0,0.4004330072894008,0.0,0.0,0.3470041226933114,0.2753611167264217,0.312455415139581,0.2323183612234455,0.3674975444773141,0.3843202943187884,0.3137832919278571,0.2230307284701808,0.2355729033536343,0.4055170280206981,0.3805700398876065,0.0,0.0,0.0,0.3841573197429838,0.0,0.0,0.0,0.0,0.0,0.0,0.0,0.0,0.0,0.4747015340565195,0.0,0.4665278209838832,0.0,0.0,0.0,0.0,0.5117520831213698,0.4384597777559624,0.0,0.0,0.0,0.0,0.0,0.4838239819740542,0.4591797231316231,0.4700231130105457,0.0,0.0,0.0,0.0,0.4352807072953578
0.0,0.4320536731982644,0.4571989923562274,0.3060837176580732,0.3664682645722482,0.38235617362617,0.3306102111222888,0.4568804427824203,0.3951704449656671,0.4455446011748803,0.4559128789974025,0.4911765255431085,0.0,0.3884937962953708,0.0,0.4602639956196326,0.4586563939938974,0.476717692966686,0.4549990710416947,0.4364134811545917,0.0,0.4585009329232099,0.4408981724456083,0.522143861458475,0.4331239791602991,0.4380191196534918,0.4328709856280675,0.3445022001221184,0.4021879240771404,0.4046834055549043,0.4189803995469455,0.4058192109341619,0.4319743555110394,0.4219861793801883,0.4308683765578923,0.3435006631096546,0.3428548395714347,0.4546197401624446,0.4405141174314453,0.0,0.0,0.0,0.3759488694614128,0.0,0.0,0.0,0.0,0.4828152982391518,0.0,0.0,0.4902461232946323,0.0,0.4953194441457784,0.0,0.0,0.0,0.0,0.0,0.0,0.0,0.0,0.0,0.0,0.0,0.0,0.0,0.0,0.512646354642685,0.0,0.0,0.0,0.5152558563965888,0.0,0.4587379555737851,0.0,0.0
0.0,0.0,0.4312267929314173,0.2383733101419577,0.3152280480670865,0.4407219519979091,0.3794692830171241,0.4001930494042597,0.4423188955771369,0.446470135098883,0.3773674403164466,0.0,0.3884937962953708,0.0,0.0,0.0,0.0,0.0,0.386871821012844,0.0,0.4714362926809299,0.0,0.4147772587107806,0.0,0.0,0.0,0.4333083198051218,0.2657397654017994,0.0,0.0,0.4842249333887545,0.2614153267024041,0.0,0.4461472390856182,0.0,0.2306310440034271,0.2189612201361661,0.0,0.0,0.0,0.0,0.0,0.0,0.0,0.0,0.0,0.0,0.4313597275932072,0.0,0.0,0.0,0.0,0.0,0.4921616532720567,0.0,0.4542651362898251,0.0,0.0,0.0,0.0,0.0,0.0,0.0,0.0,0.0,0.0,0.0,0.4805948723936211,0.0,0.0,0.0,0.0,0.0,0.0,0.0,0.0
0.3824032488887402,0.4156421932278903,0.0,0.0,0.0,0.4399662048646891,0.0,0.4608538996052935,0.0,0.0,0.0,0.0,0.0,0.0,0.0,0.4109638063036025,0.0,0.4011946145967411,0.0,0.2833317971674246,0.3686408172080472,0.2999447631574449,0.3258729870504358,0.3591281365962911,0.3986961996463017,0.3900829994973501,0.3482010667015517,0.0,0.4213302848074819,0.0,0.3882287584443151,0.4307971323118231,0.388602495679587,0.4160866547692948,0.4865955368958928,0.542597493027231,0.0,0.0,0.4548623648172211,0.4547307252088152,0.4545672027572158,0.5003773407486877,0.0,0.0,0.0,0.0,0.4918440650361949,0.0,0.0,0.0,0.4705730221494165,0.0,0.5340441945331322,0.0,0.0,0.0,0.0,0.0,0.0,0.3934314030756798,0.4398110360992628,0.0,0.0,0.0,0.3820068592655217,0.4467440971992897,0.4575768398534779,0.4712840582789264,0.0,0.0,0.45759868484919,0.3648552897761294,0.5062525894964253,0.4549162917455945,0.0,0.4243463183880805
0.4099471374641557,0.4318232821502357,0.0,0.0,0.0,0.4326117498688556,0.4450112248645534,0.4356403498758022,0.4098740113974621,0.3785038315229536,0.0,0.0,0.4602639956196326,0.0,0.4109638063036025,0.0,0.3796022252490872,0.3294560784421657,0.0,0.4061214502059307,0.4094286404384142,0.3858752677510268,0.4252729790852461,0.3696610872477469,0.4325976967337667,0.4015770813614459,0.4278204866844139,0.455792799560746,0.4286409529589903,0.417194710491415,0.3701822123152025,0.4422540023623312,0.3797619416476011,0.3892778365349384,0.4583731986350451,0.0,0.0,0.0,0.4361698325637146,0.4214489137310473,0.4297039561850898,0.4674475802322447,0.0,0.0,0.0,0.4382222455297549,0.4545172764360705,0.0,0.0,0.0,0.0,0.0,0.0,0.0,0.0,0.0,0.0,0.0,0.0,0.4576947793720564,0.4547327543671635,0.0,0.434065952856285,0.0,0.4398409768581845,0.0,0.4463115262019065,0.0,0.0,0.4607464194962657,0.4804265908417693,0.0,0.0,0.0,0.0,0.4253942402842786
0.0,0.0,0.0,0.0,0.0,0.0,0.4309201913354151,0.0,0.0,0.3340507275387073,0.0,0.3780264521476829,0.4586563939938974,0.0,0.0,0.3796022252490872,0.0,0.3365052843662799,0.0,0.3615952749591604,0.0,0.3694158170085526,0.0,0.3921379369058048,0.3356156640276305,0.3596596111523448,0.0,0.4244912569330522,0.0,0.0,0.351830741669516,0.4113266344757045,0.3423207942639206,0.3445913104354443,0.3875351999350034,0.0,0.0,0.320243348885443,0.0,0.379139018122847,0.4037187286854578,0.0,0.0,0.0,0.0,0.0,0.0,0.0,0.0,0.0,0.0,0.0,0.0,0.0,0.4744970997868974,0.0,0.4846653517806512,0.0,0.0,0.0,0.0,0.478580106915648,0.4426052588779742,0.0,0.0,0.0,0.0,0.0,0.4917797115457964,0.4528994469405434,0.4667943214828508,0.0,0.0,0.0,0.0,0.0
0.4262124606726957,0.4352003657233953,0.0,0.0,0.0,0.4816218916788757,0.443518389105704,0.4623004349645373,0.0,0.3729305746147401,0.0,0.3659584905852437,0.476717692966686,0.0,0.4011946145967411,0.3294560784421657,0.3365052843662799,0.0,0.0,0.4082596584457688,0.4341189298913396,0.3947549817303453,0.449228391432935,0.3834030461182953,0.3707894752569884,0.3874181742792481,0.462808795056858,0.4492184465026143,0.4266426321269139,0.0,0.38480259562197,0.4519569132997823,0.3692186942878665,0.3793214784020819,0.4463155251562391,0.0,0.0,0.0,0.4342942233386205,0.3933275623909769,0.4272511538408227,0.4635300919483567,0.0,0.0,0.0,0.4662993451027112,0.4508894598973955,0.0,0.0,0.0,0.0,0.0,0.0,0.0,0.4593879748892059,0.0,0.4721106323703229,0.0,0.0,0.0,0.4474591085539494,0.4507678836347115,0.4493683328368917,0.0,0.0,0.0,0.4406192361909292,0.0,0.4989795317185485,0.4589242750332398,0.4747747731142998,0.0,0.0,0.0,0.0,0.4323745104789001
0.0,0.0,0.2646114678049762,0.4147105247668923,0.3778902454407203,0.4129229843700633,0.4517402993031862,0.4707708133001216,0.2970252915384182,0.4795604945122566,0.2395776230154511,0.0,0.4549990710416947,0.386871821012844,0.0,0.0,0.0,0.0,0.0,0.0,0.0,0.0,0.3211224731158949,0.0,0.0,0.0,0.3635784972404871,0.4581935367593712,0.0,0.0,0.4774952493884398,0.4512400439635331,0.0,0.4922845181875242,0.4689174594049455,0.4253431474509973,0.4545935307222369,0.0,0.4339911870115958,0.0,0.0,0.0,0.450187146958396,0.0,0.0,0.0,0.0,0.5265106238310052,0.0,0.0,0.5408371775391071,0.0,0.5302884172664395,0.5547975927264578,0.0,0.5420136420624684,0.0,0.0,0.504395103524313,0.0,0.0,0.0,0.0,0.5496711530738246,0.0,0.0,0.0,0.5634395492784243,0.0,0.0,0.0,0.566701489105262,0.0,0.0,0.0,0.0
0.4047666040173633,0.4287218517203434,0.0,0.0,0.4011837288151528,0.405484563637267,0.4391899117753667,0.3938330040761288,0.3916634849158544,0.0,0.0,0.0,0.4364134811545917,0.0,0.2833317971674246,0.4061214502059307,0.3615952749591604,0.4082596584457688,0.0,0.0,0.3992220585639187,0.3676094711862886,0.2448425129719227,0.0,0.4290641972388535,0.4123149549411792,0.348229407878761,0.3987461493218002,0.3317272162242401,0.3630212974053777,0.3629821093295926,0.4349734644124332,0.3926384258674459,0.4148705965919274,0.4852432859493829,0.5179937149453345,0.4747438566899253,0.0,0.464252921705209,0.4442814752594335,0.4653913311479665,0.4914087628435458,0.0,0.0,0.0,0.0,0.4505675359080522,0.0,0.0,0.0,0.4634144700214546,0.0,0.4898416354061285,0.0,0.0,0.0,0.0,0.0,0.0,0.4741329576940855,0.0,0.0,0.0,0.0,0.4687008819085003,0.4835254189414574,0.4665292297743696,0.4921166616624632,0.0,0.0,0.4848058320563604,0.4741801378811218,0.4990102438318177,0.4969121311328936,0.0,0.4620811706224139
0.3718661684705601,0.412384313172711,0.0,0.0,0.0,0.4582110095566305,0.0,0.386070213026113,0.0,0.0,0.0,0.0,0.0,0.4714362926809299,0.3686408172080472,0.4094286404384142,0.0,0.4341189298913396,0.0,0.3992220585639187,0.0,0.3961751384987348,0.3866010945733192,0.424278149615251,0.4326063468488925,0.3950165398923039,0.4369173903942036,0.4774537743767439,0.4147820542526813,0.4398853234508573,0.3799458701161838,0.4285340457667771,0.3643454470055582,0.4071769366113282,0.4946553478297901,0.4590819462112363,0.0,0.0,0.4591619460452952,0.4357381735025106,0.4525095359032257,0.5042885364065984,0.0,0.0,0.0,0.3079160473977045,0.4878763624516442,0.0,0.0,0.0,0.4720361487891046,0.0,0.4496961867652192,0.0,0.0,0.0,0.0,0.0,0.0,0.4458164837264521,0.4438012944587275,0.0,0.0,0.0,0.4627438470196061,0.3541186217316954,0.4800998023492733,0.4861704231975466,0.0,0.4337561194046639,0.5015079273432339,0.4726355095564808,0.5029742235348964,0.474093009454898,0.0,0.4406551481493511
0.3978072658548093,0.3932725140134421,0.0,0.0,0.4108177991347658,0.4156011287778588,0.4515661259847211,0.4232447618671527,0.4053691683914125,0.344476217904636,0.0,0.0,0.4585009329232099,0.0,0.2999447631574449,0.3858752677510268,0.3694158170085526,0.3947549817303453,0.0,0.3676094711862886,0.3961751384987348,0.0,0.4162724372942575,0.0,0.4260549142974341,0.3968463735965652,0.4136168398627869,0.4452583100695056,0.4036286091648835,0.4226591676606,0.3739489441832929,0.4206966506741788,0.3756226841235699,0.4008070660729371,0.4748616122119941,0.5129672038020183,0.4751198749964562,0.0,0.4487065478917333,0.4638606917606655,0.4567181658280319,0.4972154041022645,0.0,0.0,0.0,0.4417498520761819,0.4717348154962076,0.0,0.0,0.0,0.4459581370270363,0.0,0.0,0.0,0.0,0.0,0.0,0.0,0.0,0.4636532104355878,0.453662404743431,0.0,0.390902797951179,0.0,0.4686962967196466,0.467153834796179,0.4758128552274867,0.4879164902161442,0.0,0.4558409886933145,0.4977985983915275,0.4794427746943427,0.0,0.4739131678832623,0.0,0.4479145933887392
0.43189883474741,0.4304628936421901,0.3368234650872184,0.4264400746664618,0.3712981217750962,0.3974217951624577,0.4401942902231321,0.3785518847343068,0.4020478957701516,0.4618369597207187,0.3278332020883333,0.0,0.4408981724456083,0.4147772587107806,0.3258729870504358,0.4252729790852461,0.0,0.449228391432935,0.3211224731158949,0.2448425129719227,0.3866010945733192,0.4162724372942575,0.0,0.4219100935364204,0.423875075249694,0.430213535395934,0.3368272075765918,0.4404996209187485,0.4031866351016349,0.4109835597813691,0.4342218417704767,0.4281229747892055,0.4065714689792024,0.4500919259930911,0.4880161716564382,0.4043326281017967,0.4639731423550045,0.0,0.5017540361193095,0.5034241219837182,0.5114655513526583,0.5006827218390694,0.4848891468498519,0.0,0.0,0.0,0.470332683504799,0.4791844877179014,0.0,0.5247162949563906,0.4908317222469603,0.5350088558013281,0.4916732804391339,0.5482696289728557,0.0,0.3685796578646742,0.0,0.524007102741306,0.4995745109618189,0.4926228852244765,0.0,0.0,0.0,0.3671406578807462,0.4929750656742793,0.5100795004202849,0.5030705025916036,0.5117945797343293,0.0,0.0,0.5174292772490116,0.5078030380651891,0.5122375657523925,0.4953313560256888,0.4992324522199097,0.5092884441429906
0.3378958470551665,0.0,0.0,0.0,0.0,0.0,0.4269177286857018,0.4817058962901129,0.0,0.3700353657917221,0.0,0.3248938892950862,0.522143861458475,0.0,0.3591281365962911,0.3696610872477469,0.3921379369058048,0.3834030461182953,0.0,0.0,0.424278149615251,0.0,0.4219100935364204,0.0,0.3636688179773408,0.3392554500775102,0.3763565286799756,0.4109470646857124,0.0,0.0,0.3529930203355046,0.3698696815722041,0.2916453235952566,0.2813520845907653,0.3765017352486788,0.4235092370532412,0.0,0.2451495347366257,0.4520256207445841,0.3777207723158137,0.4295794079799853,0.0,0.0,0.0,0.331593015571884,0.4515780522165939,0.0,0.0,0.0,0.0,0.0,0.0,0.0,0.0,0.4418474612816648,0.0,0.428924817690249,0.0,0.0,0.0,0.4497765478637723,0.463920332736462,0.4565094766941555,0.0,0.0,0.0,0.0,0.0,0.4261689159819102,0.4568433551046019,0.4631502736788153,0.0,0.0,0.0,0.0,0.4486503467057966
0.4286024115523004,0.4057342300256229,0.0,0.0,0.3695425650744851,0.3974314571781516,0.4137922544068656,0.4741575363313475,0.0,0.3443090091716928,0.0,0.3620815305257897,0.4331239791602991,0.0,0.3986961996463017,0.4325976967337667,0.3356156640276305,0.3707894752569884,0.0,0.4290641972388535,0.4326063468488925,0.4260549142974341,0.423875075249694,0.3636688179773408,0.0,0.3721593131587252,0.4088182057432166,0.4276758237913956,0.4309007333779152,0.0,0.3758455093863023,0.4049948185415373,0.3400321106580515,0.3428189417586623,0.3822677542919301,0.0,0.0,0.2922014665985364,0.4602002369136591,0.4224378347602024,0.4416568672475884,0.4792172464528076,0.0,0.0,0.0,0.4814142401268803,0.4642453773289686,0.0,0.0,0.0,0.0,0.0,0.0,0.0,0.466616832775821,0.0,0.4672002715147819,0.0,0.0,0.0,0.4716353842873442,0.4651138788301305,0.4668136859970566,0.0,0.439547417628025,0.4500779783464361,0.465441169412724,0.0,0.4621900267040294,0.4757878149657146,0.4829566085881368,0.0,0.0,0.0,0.0,0.4476161948650329
0.3526125473359913,0.4071279966728021,0.0,0.0,0.0,0.4293711311171057,0.4240968669882366,0.4688910888606988,0.0,0.3536115436143248,0.0,0.31618452041989,0.4380191196534918,0.0,0.3900829994973501,0.4015770813614459,0.3596596111523448,0.3874181742792481,0.0,0.4123149549411792,0.3950165398923039,0.3968463735965652,0.430213535395934,0.3392554500775102,0.3721593131587252,0.0,0.4413480690386177,0.4330075637698651,0.4211858074804916,0.0,0.3719830958972534,0.413767265919978,0.353505696435884,0.3657542409478049,0.429217249774433,0.4310859209853526,0.0,0.3255797779271794,0.4513895025962173,0.4309801221056426,0.4455945194416562,0.4847341121312611,0.0,0.0,0.3812974628790162,0.456892042654385,0.476591202990076,0.0,0.0,0.0,0.0,0.0,0.0,0.0,0.4970952674224289,0.0,0.4924229435595262,0.0,0.0,0.4645868943268638,0.4635938168310001,0.4785362962981028,0.4663274460457167,0.0,0.4814901199339345,0.4760211808279501,0.485331670469224,0.4933077749359504,0.4781219364645962,0.4691640645557725,0.486240116667143,0.472621937924913,0.0,0.4714484222037828,0.0,0.447431560487306
0.4344461078267105,0.4142937446462284,0.3198092550309855,0.4264787260826439,0.3717692716671424,0.3755378384145682,0.4289488592818888,0.4457042257505856,0.3781093159672795,0.451863661217505,0.3768499231722016,0.0,0.4328709856280675,0.4333083198051218,0.3482010667015517,0.4278204866844139,0.0,0.462808795056858,0.3635784972404871,0.348229407878761,0.4369173903942036,0.4136168398627869,0.3368272075765918,0.3763565286799756,0.4088182057432166,0.4413480690386177,0.0,0.4338688134416171,0.3610928540465299,0.4023446844864507,0.3962383193270694,0.425187683476064,0.374631000301986,0.4314421256217488,0.462939791114298,0.4596158636910206,0.4415387227084834,0.0,0.4951348892191004,0.0,0.5084982909264667,0.4818976103542961,0.4701317942024861,0.0,0.0,0.0,0.4206831385724774,0.557854259790414,0.0,0.0,0.4910103263615619,0.5249816218844174,0.4972207520782062,0.5487092562235841,0.0,0.5306046171144367,0.0,0.5403574965108285,0.4808713356721241,0.4856734980467945,0.0,0.0,0.0,0.5400940762100226,0.4805552716939952,0.4929676223414921,0.5088265014381349,0.507317237832873,0.0,0.0,0.4857876635784481,0.4996037386149582,0.5167394880942482,0.4893676911638356,0.4824404660554244,0.4993782773445435
0.4421140772840702,0.4404923488679425,0.4673850629100184,0.2577922852872075,0.3658493958476576,0.4038380188209278,0.3429122829295414,0.4500202934975297,0.4582124426193765,0.416209878166446,0.4636139753519839,0.4004330072894008,0.3445022001221184,0.2657397654017994,0.0,0.455792799560746,0.4244912569330522,0.4492184465026143,0.4581935367593712,0.3987461493218002,0.4774537743767439,0.4452583100695056,0.4404996209187485,0.4109470646857124,0.4276758237913956,0.4330075637698651,0.4338688134416171,0.0,0.3738996982039712,0.3062999578458728,0.3786952717594125,0.3817885372525412,0.3697778241410988,0.3917983170199661,0.3945066666855348,0.2652007561718989,0.2559784004611876,0.3596718941350018,0.3975206035961051,0.0,0.4246513271798333,0.3234199608477477,0.3076619469295137,0.0,0.0,0.0,0.0,0.0,0.0,0.0,0.5034822688646318,0.0,0.5369999664830658,0.0,0.0,0.0,0.0,0.0,0.0,0.4615394354649714,0.0,0.0,0.0,0.0,0.4709152626720793,0.486760106601303,0.0,0.5104046489298678,0.0,0.0,0.0,0.5023113883961559,0.514908938861573,0.4924552438573024,0.0,0.4884451997568607
0.4201254970355753,0.422607277521614,0.0,0.0,0.3982757894675869,0.3427743885165491,0.4307706704735422,0.4118672243572534,0.4014891851825686,0.0,0.0,0.0,0.4021879240771404,0.0,0.4213302848074819,0.4286409529589903,0.0,0.4266426321269139,0.0,0.3317272162242401,0.4147820542526813,0.4036286091648835,0.4031866351016349,0.0,0.4309007333779152,0.4211858074804916,0.3610928540465299,0.3738996982039712,0.0,0.3414303251440481,0.3536828795155287,0.418973303504137,0.3348458303245187,0.4153862233495352,0.4704795997490085,0.4607545612600879,0.4345082371233707,0.0,0.4762680496492222,0.0,0.4733498325404321,0.4629781496189789,0.0,0.0,0.0,0.0,0.4265674620981259,0.0,0.0,0.0,0.4812347335189889,0.0,0.4882697852526095,0.0,0.0,0.0,0.0,0.4876018498103608,0.0,0.4652030075615231,0.0,0.0,0.0,0.0,0.4610223748920919,0.4704670210359473,0.4612836479373691,0.4849760140307163,0.0,0.0,0.4394367452967631,0.4697650492098871,0.4986964740115071,0.4646485579566365,0.0,0.4651486904208573
0.0,0.0,0.4257368952100668,0.0,0.0,0.4119756295408632,0.0,0.416503386369407,0.4255224704593978,0.0,0.0,0.0,0.4046834055549043,0.0,0.0,0.417194710491415,0.0,0.0,0.0,0.3630212974053777,0.4398853234508573,0.4226591676606,0.4109835597813691,0.0,0.0,0.0,0.4023446844864507,0.3062999578458728,0.3414303251440481,0.0,0.3215021384196799,0.4080650917456128,0.0,0.3948442659527082,0.4537026477534056,0.0,0.0,0.0,0.4882543689626067,0.0,0.0,0.0,0.0,0.0,0.0,0.0,0.0,0.0,0.0,0.0,0.0,0.0,0.0,0.0,0.0,0.0,0.0,0.0,0.0,0.0,0.0,0.0,0.0,0.0,0.0,0.0,0.0,0.4925215380951533,0.0,0.0,0.0,0.4839989257547322,0.0,0.0,0.0,0.0
0.3684673325536041,0.3750465098565011,0.4692427021996828,0.0,0.4549634681407447,0.4443165857392598,0.4025665285203122,0.4569920418625833,0.4680235601706601,0.3488554381642377,0.4729550738484883,0.3470041226933114,0.4189803995469455,0.4842249333887545,0.3882287584443151,0.3701822123152025,0.351830741669516,0.38480259562197,0.4774952493884398,0.3629821093295926,0.3799458701161838,0.3739489441832929,0.4342218417704767,0.3529930203355046,0.3758455093863023,0.3719830958972534,0.3962383193270694,0.3786952717594125,0.3536828795155287,0.3215021384196799,0.0,0.4079425174774733,0.3179948189955755,0.2705487197285409,0.2536254112776184,0.4427010399100876,0.31823034137071,0.2858285117461887,0.4345482520323229,0.3802273031779878,0.4124435926115192,0.0,0.0,0.0,0.0,0.3649363095961128,0.4328674641857655,0.0,0.0,0.0,0.49181472346125,0.0,0.0,0.0,0.4178567062830325,0.0,0.4269033387305477,0.0,0.0,0.4608508331754639,0.4264953166003061,0.0,0.4548167468799667,0.0,0.4492757453379015,0.3743842529339709,0.4376709070277127,0.5065037898770491,0.4709967593660563,0.4529638834110722,0.4596499817121592,0.5046484641470385,0.4860560937423733,0.4643137808166992,0.0,0.4798545583436545
0.4261335741891046,0.4113263808994489,0.4745889132982826,0.2674615261898522,0.3710041953426377,0.4296897327693286,0.4054015592949476,0.3719590748161995,0.4567969035607844,0.3905341117477529,0.3986299358534705,0.2753611167264217,0.4058192109341619,0.2614153267024041,0.4307971323118231,0.4422540023623312,0.4113266344757045,0.4519569132997823,0.4512400439635331,0.4349734644124332,0.4285340457667771,0.4206966506741788,0.4281229747892055,0.3698696815722041,0.4049948185415373,0.413767265919978,0.425187683476064,0.3817885372525412,0.418973303504137,0.4080650917456128,0.4079425174774733,0.0,0.3474766156296048,0.3942009553586104,0.409323496242324,0.2846001709763415,0.3429900959622607,0.2937048723044008,0.3293921353026907,0.3047648770852641,0.3443187195798961,0.3403237394054267,0.3218584557283737,0.2991708187860414,0.2596547486955324,0.4325169804548963,0.4616833533982115,0.4977409585951908,0.0,0.0,0.4887384489446487,0.0,0.4909032795243458,0.4908097064762231,0.3593298206726751,0.4393372144909674,0.2558358633343539,0.5211085573759081,0.0,0.4834397646376053,0.4772989972224019,0.0,0.4331008554438532,0.4595475253597547,0.4887703014496791,0.4394564261767277,0.4716950465835577,0.5034368335522144,0.3482968747020977,0.496089095005708,0.4738143630561512,0.497635610937938,0.483446311196242,0.4837151272379194,0.0,0.4942729586382129
0.3472469971916841,0.3724758729806334,0.0,0.0,0.404357192240104,0.4103467976145984,0.4051702642472458,0.4338676074999749,0.4356391891338219,0.3120020731516831,0.4274405866963348,0.312455415139581,0.4319743555110394,0.0,0.388602495679587,0.3797619416476011,0.3423207942639206,0.3692186942878665,0.0,0.3926384258674459,0.3643454470055582,0.3756226841235699,0.4065714689792024,0.2916453235952566,0.3400321106580515,0.353505696435884,0.374631000301986,0.3697778241410988,0.3348458303245187,0.0,0.3179948189955755,0.3474766156296048,0.0,0.252842657096236,0.4577434521239699,0.2926634840467564,0.3389346576329713,0.2027470091433219,0.3196236171470935,0.2901280457413696,0.3730980164832443,0.0,0.0,0.0,0.2745062829505472,0.4088920652348528,0.4392199050481991,0.0,0.0,0.0,0.0,0.0,0.0,0.0,0.3967235514361079,0.0,0.3942777756997378,0.0,0.0,0.4777177448403379,0.4297352155317204,0.3835569616704634,0.3906138149639653,0.0,0.4679975349146395,0.0,0.4653102642689122,0.4626775820161428,0.4010034232092745,0.4094743532494181,0.4298721785389987,0.0,0.0,0.4350864070593863,0.0,0.3753646263304803
0.3670612842199181,0.3775614027341128,0.4913526512399631,0.3581077054643618,0.4382020265872875,0.4617583455292821,0.4091982820107221,0.4587640405526197,0.4752471515107264,0.3254135283584305,0.4737852229903726,0.2323183612234455,0.4219861793801883,0.4461472390856182,0.4160866547692948,0.3892778365349384,0.3445913104354443,0.3793214784020819,0.4922845181875242,0.4148705965919274,0.4071769366113282,0.4008070660729371,0.4500919259930911,0.2813520845907653,0.3428189417586623,0.3657542409478049,0.4314421256217488,0.3917983170199661,0.4153862233495352,0.3948442659527082,0.2705487197285409,0.3942009553586104,0.252842657096236,0.0,0.3226693418707097,0.4208696912154415,0.3247221171654159,0.2030880234043031,0.3897271423400597,0.3630689281810514,0.3511138619280488,0.371816885417305,0.3455676113881771,0.0,0.3344294901756727,0.4027371717311995,0.4508865855309469,0.0,0.0,0.0,0.5200410970228266,0.0,0.51119173317558,0.0,0.3989410921818649,0.0,0.3589172665541461,0.0,0.0,0.4781021564898799,0.4407170164139935,0.0,0.4473895375964397,0.0,0.4713259937937676,0.4108808286063464,0.4628981171111155,0.5206496347153554,0.3939598139615219,0.4504474780934229,0.4721173861397174,0.5060831726821411,0.3805578385352671,0.489964873639952,0.0,0.4347816173563431
0.4471842679507985,0.4620128406804241,0.4769484539971597,0.3918129368458007,0.4343604554586391,0.4606718612834229,0.3951172269533508,0.4759844402451848,0.4796174762977179,0.3585712164139751,0.4556984637995133,0.3674975444773141,0.4308683765578923,0.0,0.4865955368958928,0.4583731986350451,0.3875351999350034,0.4463155251562391,0.4689174594049455,0.4852432859493829,0.4946553478297901,0.4748616122119941,0.4880161716564382,0.3765017352486788,0.3822677542919301,0.429217249774433,0.462939791114298,0.3945066666855348,0.4704795997490085,0.4537026477534056,0.2536254112776184,0.409323496242324,0.4577434521239699,0.3226693418707097,0.0,0.4756887675709316,0.3816635042333309,0.3114418434979293,0.3564803436215424,0.0,0.3492462649723405,0.3681474187558818,0.3397188784418811,0.3375878780185217,0.0,0.0,0.4774704794581444,0.0,0.0,0.0,0.0,0.0,0.0,0.0,0.0,0.0,0.3460899821752428,0.0,0.0,0.5169038509442778,0.4658107862213316,0.0,0.4688967528099743,0.0,0.4966823611068132,0.0,0.5086180733264004,0.5314450951222048,0.0,0.4816868509782993,0.4987745708495966,0.4909579050753551,0.0,0.4892090048894993,0.0,0.0
0.0,0.0,0.4635044040446343,0.1895284942883661,0.2466816045082613,0.4459575921784187,0.3274353553854682,0.2564382152129538,0.476271418365966,0.4448950673858564,0.3258568804282519,0.3843202943187884,0.3435006631096546,0.2306310440034271,0.542597493027231,0.0,0.0,0.0,0.4253431474509973,0.5179937149453345,0.4590819462112363,0.5129672038020183,0.4043326281017967,0.4235092370532412,0.0,0.4310859209853526,0.4596158636910206,0.2652007561718989,0.4607545612600879,0.0,0.4427010399100876,0.2846001709763415,0.2926634840467564,0.4208696912154415,0.4756887675709316,0.0,0.2504560903201555,0.3812420954209702,0.30938601981467,0.3814210710896822,0.3445616502036411,0.3581292738468923,0.3175966621623293,0.3094144372087495,0.0,0.0,0.0,0.4529494120938423,0.0,0.0,0.4650206186044387,0.4328595220925133,0.3827587180488449,0.436306969582625,0.0,0.0,0.3252106065282716,0.4473704663024277,0.0,0.0,0.0,0.0,0.0,0.4615402289940535,0.0,0.0,0.0,0.4881312778816276,0.0,0.0,0.0,0.4769020049782422,0.3602750718166427,0.4307753397627325,0.0,0.0
0.0,0.0,0.4592339299366406,0.1965461540963136,0.2592111301200703,0.4512431969936165,0.3265055899006887,0.3714454019984295,0.4776677065539115,0.3744290501904002,0.4657767957170592,0.3137832919278571,0.3428548395714347,0.2189612201361661,0.0,0.0,0.0,0.0,0.4545935307222369,0.4747438566899253,0.0,0.4751198749964562,0.4639731423550045,0.0,0.0,0.0,0.4415387227084834,0.2559784004611876,0.4345082371233707,0.0,0.31823034137071,0.3429900959622607,0.3389346576329713,0.3247221171654159,0.3816635042333309,0.2504560903201555,0.0,0.2958262876459935,0.3066277970999148,0.0,0.3627087950019804,0.3458769672488911,0.0,0.0,0.0,0.0,0.0,0.0,0.0,0.0,0.0,0.0,0.0,0.0,0.0,0.0,0.0,0.0,0.0,0.0,0.0,0.0,0.0,0.0,0.0,0.0,0.0,0.0,0.0,0.0,0.0,0.0,0.0,0.0,0.0,0.0
0.0,0.0,0.0,0.0,0.4192455678935621,0.0,0.4094266086908437,0.0,0.4805552870037389,0.2936691891059038,0.450823130600297,0.2230307284701808,0.4546197401624446,0.0,0.0,0.0,0.320243348885443,0.0,0.0,0.0,0.0,0.0,0.0,0.2451495347366257,0.2922014665985364,0.3255797779271794,0.0,0.3596718941350018,0.0,0.0,0.2858285117461887,0.2937048723044008,0.2027470091433219,0.2030880234043031,0.3114418434979293,0.3812420954209702,0.2958262876459935,0.0,0.2581839329075363,0.0,0.4349498572549033,0.3242911402904044,0.0,0.0,0.0,0.0,0.0,0.0,0.0,0.0,0.0,0.0,0.0,0.0,0.3807757561471842,0.0,0.3642111824602709,0.0,0.0,0.0,0.0,0.0,0.0,0.0,0.0,0.0,0.0,0.0,0.4454669273878542,0.0,0.3992315703429466,0.0,0.0,0.0,0.0,0.0
0.4285967354748609,0.4593973510731805,0.460906377211674,0.0,0.0,0.4688300346545143,0.0,0.458506567420422,0.4539224629382408,0.4120842019821954,0.4116619552131143,0.2355729033536343,0.4405141174314453,0.0,0.4548623648172211,0.4361698325637146,0.0,0.4342942233386205,0.4339911870115958,0.464252921705209,0.4591619460452952,0.4487065478917333,0.5017540361193095,0.4520256207445841,0.4602002369136591,0.4513895025962173,0.4951348892191004,0.3975206035961051,0.4762680496492222,0.4882543689626067,0.4345482520323229,0.3293921353026907,0.3196236171470935,0.3897271423400597,0.3564803436215424,0.30938601981467,0.3066277970999148,0.2581839329075363,0.0,0.3393294974527276,0.3809026970453569,0.3938033765113921,0.3114713010816515,0.331719197034775,0.259808342662775,0.4016896905316677,0.4098279748084099,0.4539529519842381,0.2824473195216634,0.3798470671624969,0.437829184182298,0.4072100839630404,0.3989467674141991,0.4589865744685811,0.3186958733339789,0.3686833139081508,0.2688618683379337,0.4152156124445731,0.2681190378541888,0.4262555469709715,0.4326310299631701,0.4059439103132407,0.4217303462767819,0.4484376985901296,0.4315648812864693,0.3991699955713525,0.4213195839744119,0.4336708227762484,0.315304779505637,0.3992933101881871,0.4195333762447974,0.4333697770752712,0.3822504767346092,0.3888084940093197,0.3943960055518225,0.3900661667280611
0.4031762619451132,0.4582921524622661,0.0,0.0,0.0,0.0,0.0,0.0,0.0,0.3955599047121654,0.0,0.4055170280206981,0.0,0.0,0.4547307252088152,0.4214489137310473,0.379139018122847,0.3933275623909769,0.0,0.4442814752594335,0.4357381735025106,0.4638606917606655,0.5034241219837182,0.3777207723158137,0.4224378347602024,0.4309801221056426,0.0,0.0,0.0,0.0,0.3802273031779878,0.3047648770852641,0.2901280457413696,0.3630689281810514,0.0,0.3814210710896822,0.0,0.0,0.3393294974527276,0.0,0.2632025981498709,0.4382317985791161,0.4609403995988128,0.3292387575680819,0.1948438794392974,0.344631806491227,0.341781356098524,0.0,0.0,0.4304209684459408,0.4094219743430002,0.3789502417998354,0.3973854362452784,0.456459743602756,0.2985621555734024,0.4469044603356653,0.2449357092675424,0.3937124810025011,0.0,0.3849711564630904,0.3666859067600464,0.3251359161321507,0.3414583096797818,0.0,0.3883389632935835,0.3607116973866097,0.3751240388044985,0.4097998893072181,0.2938267986701532,0.3188636272188441,0.3636339927007468,0.4083905591716415,0.3311840228649323,0.3768415866007562,0.3703739285244049,0.3177672768594854
0.3795206600619287,0.4426207443605985,0.0,0.0,0.0,0.489455649883749,0.0,0.4848434073547281,0.0,0.3639954996510688,0.0,0.3805700398876065,0.0,0.0,0.4545672027572158,0.4297039561850898,0.4037187286854578,0.4272511538408227,0.0,0.4653913311479665,0.4525095359032257,0.4567181658280319,0.5114655513526583,0.4295794079799853,0.4416568672475884,0.4455945194416562,0.5084982909264667,0.4246513271798333,0.4733498325404321,0.0,0.4124435926115192,0.3443187195798961,0.3730980164832443,0.3511138619280488,0.3492462649723405,0.3445616502036411,0.3627087950019804,0.4349498572549033,0.3809026970453569,0.2632025981498709,0.0,0.3698421869030508,0.418658281217021,0.3183042325691208,0.2192218251644739,0.3470729201423433,0.3784040546807827,0.4823177042074717,0.2967708313339846,0.4565952493253596,0.4645616594773675,0.3990699337189514,0.4450356213942393,0.4954163366184022,0.3166921474847576,0.5075330448182297,0.2412139376546119,0.4101271419501409,0.4076429398483247,0.4269637435191684,0.3772049573689142,0.3456524988584711,0.3625824576088466,0.4789500844080555,0.4145139736389535,0.4120909486449671,0.4112981658134137,0.4536329010237069,0.3059506751650865,0.3360958811947178,0.3734319562623531,0.4440820297688632,0.329485024111684,0.4106661360143655,0.388960336848174,0.2696653733717764
