0.0,0.2842619736335064,0.0,0.0,0.0,0.2537537189963935,0.0,0.3388937156989753,0.0,0.2577830706745036,0.0,0.2664749592817546,0.0,0.0,0.2567114250077789,0.273686105687294,0.0,0.2683802249582337,0.0,0.2973258290544907,0.2538512218919546,0.2783091599099005,0.3213667737836921,0.2509494914871564,0.2670494786942532,0.265683286399741,0.31863780501424,0.2722221278247904,0.2942080623357148,0.0,0.245539820194639,0.2791872511622725,0.2457988991852896,0.2505277837457048,0.2841507470953414,0.0,0.0,0.0,0.2909524204394607,0.2983333980691839,0.0,0.0,0.0,0.0,0.0,0.2800894609841804,0.3229118914754972,0.0,0.0,0.0,0.0,0.0,0.0,0.0,0.3151820999876051,0.0,0.0,0.0,0.0,0.0,0.3124857163777055,0.0,0.3119768564779818,0.0,0.0,0.1994721366277691,0.3179433501877929,0.0,0.3417150842976277,0.3144285719076941,0.3220358896871421,0.0,0.0,0.0,0.0,0.0
0.2842619736335064,0.0,0.0,0.0,0.2536776837136477,0.2704141344784973,0.2935807388694217,0.3187886238878448,0.2472348814251188,0.0,0.0,0.0,0.29988188934349,0.0,0.2824833835199167,0.2843682514545386,0.0,0.2811915445473205,0.0,0.2947841639218431,0.287025823660606,0.2791059844958802,0.283039630631092,0.0,0.2768447868701046,0.2781698352065776,0.2729208397846295,0.2956071751870052,0.2798268371396772,0.0,0.2438864424641613,0.2836197114311916,0.2534717867549207,0.2557524467391739,0.30934728126918,0.0,0.0,0.0,0.3033282921666151,0.3133855106860623,0.3161998340056812,0.3346088033182998,0.0,0.0,0.0,0.3196782575852186,0.3238738428538886,0.0,0.0,0.0,0.2937247297855718,0.0,0.0,0.0,0.0,0.0,0.0,0.0,0.0,0.3153168049983241,0.311070072002867,0.0,0.3203914393737893,0.0,0.3126059615189899,0.2989518081067221,0.3264686187216288,0.2962785724024055,0.0,0.3198615597921811,0.3353710720423118,0.3038880047328538,0.0,0.3157880432787421,0.0,0.3032707991054479
0.0,0.0,0.0,0.0,0.2836490806172436,0.2794880027625325,0.2990794140700379,0.3191806784498269,0.2355705997451202,0.2796376568429615,0.2389782759410154,0.0,0.2993551682535605,0.2937352888122851,0.0,0.0,0.0,0.0,0.2150180800608549,0.0,0.0,0.0,0.25001992771442,0.0,0.0,0.0,0.2397271811811561,0.3079189932903837,0.2826364536570811,0.2962813743394497,0.3153006169443669,0.287588794447252,0.0,0.3088312597002747,0.30771745225974,0.2885693759541143,0.2892940780982018,0.0,0.3389211810701216,0.0,0.0,0.0,0.3606148582148125,0.0,0.0,0.0,0.0,0.3603143083652581,0.0,0.2810781558857592,0.381695376908265,0.3340721295090227,0.3843739027399025,0.3933979182275889,0.0,0.2740320468143814,0.0,0.3295775135923905,0.0,0.0,0.0,0.0,0.0,0.1658319871516343,0.0,0.0,0.0,0.3902773023035364,0.0,0.0,0.0,0.3962377363517881,0.0,0.0,0.0,0.0
0.0,0.0,0.0,0.0,0.1626376952292731,0.2832072994605478,0.1724351083082898,0.226912299513626,0.2889502447755824,0.0,0.2762064171108431,0.0,0.2022049741117551,0.2099059134775053,0.0,0.0,0.0,0.0,0.2795484816315273,0.0,0.0,0.0,0.2782459022608182,0.0,0.0,0.0,0.2816244613978166,0.1738999149996017,0.0,0.0,0.2186539289462829,0.1985622182257571,0.0,0.1778802391163012,0.190884984693467,0.1833465949690332,0.1340403207668176,0.0,0.0,0.0,0.0,0.0,0.0,0.0,0.0,0.0,0.0,0.0,0.0,0.0,0.0,0.0,0.0,0.0,0.0,0.0,0.0,0.0,0.0,0.0,0.0,0.0,0.0,0.0,0.0,0.0,0.0,0.0,0.0,0.0,0.0,0.0,0.0,0.0,0.0,0.0
0.0,0.2536776837136477,0.2836490806172436,0.1626376952292731,0.0,0.2706317419932214,0.2470141675503836,0.2889836315419142,0.2438153178280992,0.3042660207032284,0.2465109799887473,0.2769987602073706,0.2634157688171457,0.2346450890879323,0.0,0.0,0.0,0.0,0.2847747534800992,0.0,0.0,0.3210572691554448,0.2843814213627759,0.0,0.0,0.2389104351171972,0.2730052170198499,0.2637260994391087,0.288812626737725,0.0,0.3118831141000667,0.2508797054336939,0.0,0.3014045721044564,0.2965742140604791,0.1861906078437526,0.2340818915810145,0.2670113629996858,0.2919449969787636,0.0,0.0,0.0,0.0,0.0,0.0,0.0,0.0,0.3525794033325451,0.0,0.0,0.3236804984316174,0.0,0.3498540302108429,0.3313136587953997,0.0,0.3135870055133785,0.0,0.0,0.0,0.0,0.0,0.0,0.0,0.3521083883497485,0.0,0.0,0.0,0.3671281080039132,0.0,0.0,0.0,0.3474858625994889,0.0,0.0,0.0,0.0
0.2537537189963935,0.2704141344784973,0.2794880027625325,0.2832072994605478,0.2706317419932214,0.0,0.2909093439997881,0.2914057375757071,0.2510419911174026,0.3187279883387034,0.2731352268684399,0.2633259679045409,0.2773896646296083,0.2949907030879289,0.2863531007066914,0.2939088806189207,0.0,0.2629968393096371,0.2827127223479724,0.2874668023373393,0.2883250356667718,0.3031634374594579,0.2878340839069337,0.0,0.253756196322171,0.2665206252909683,0.2759257972091182,0.2873139790083835,0.2657368883780971,0.2895472721907175,0.3101282193618369,0.2858370053188312,0.2604931798527212,0.3080702832970151,0.3139120040898773,0.2895437380104889,0.2990729009287881,0.2730172477441274,0.3315094998690759,0.0,0.3599114838249004,0.2909288452699113,0.3362395431103477,0.0,0.0,0.0,0.0,0.3773395244786566,0.0,0.3113611959466791,0.3456912810954629,0.3420630400592332,0.3326463908445699,0.3727747569791511,0.0,0.3480789469324823,0.0,0.3388266208036329,0.0,0.2835622815005552,0.0,0.0,0.0,0.3595626716853826,0.2869881700256581,0.2910976050945803,0.2773628678629714,0.3613076292913175,0.0,0.0,0.2714685683888514,0.3610365364207439,0.3433157762434503,0.3292729513623417,0.0,0.3481752736711903
0.0,0.2935807388694217,0.2990794140700379,0.1724351083082898,0.2470141675503836,0.2909093439997881,0.0,0.2949278214700882,0.2716043879444502,0.3374330076585043,0.3056047765190586,0.2792700568309793,0.2309417565252797,0.3068800805606473,0.0,0.3115453389353789,0.288080022214146,0.2949809062912507,0.3069946056454114,0.3056708179838652,0.0,0.322403621028316,0.2857771935492297,0.0,0.2821147148972353,0.2782908124140585,0.2903340079620331,0.2796642275843231,0.309525956931732,0.0,0.3002635311895613,0.2939465229565889,0.2832049658451601,0.2965082450628972,0.2937892079847281,0.2651899506522788,0.2462385859945279,0.2837198363420888,0.0,0.0,0.0,0.0,0.291959165248634,0.0,0.0,0.0,0.0,0.0,0.0,0.0,0.307926154034604,0.0,0.0,0.0,0.0,0.0,0.0,0.0,0.0,0.0,0.0,0.0,0.0,0.0,0.0,0.0,0.0,0.3519553388337574,0.0,0.0,0.0,0.3495191713472238,0.0,0.0,0.0,0.0
0.3388937156989753,0.3187886238878448,0.3191806784498269,0.226912299513626,0.2889836315419142,0.2914057375757071,0.2949278214700882,0.0,0.3380134275559815,0.2837542656907076,0.2421463607001018,0.0,0.2950569892815069,0.2307177932188773,0.2797407095600067,0.3117781024482401,0.0,0.3268180065345988,0.3041123961215671,0.2815167664494813,0.3098590619400176,0.2930617881933795,0.2727181758120943,0.3558602716320646,0.3350182870142718,0.3421710485429363,0.3151288090634465,0.2914204384474487,0.2696069516516083,0.2736832986000143,0.3045756546121029,0.2685199060893202,0.300747312880558,0.3068839583118655,0.3114297376564697,0.2120360805075764,0.2539451244346301,0.0,0.3176060512202257,0.0,0.3439942317588996,0.0,0.305097764300087,0.0,0.0,0.0,0.0,0.3705445901058399,0.0,0.3290939738661049,0.311983821511331,0.3201618514342683,0.2696308141923732,0.3742543778538336,0.0,0.3270584817126897,0.0,0.3136524892798483,0.0,0.3217868469894394,0.0,0.0,0.0,0.3534881309957792,0.3397824335751913,0.3316629525449024,0.0,0.3426772074912083,0.0,0.0,0.0,0.3552652514888954,0.3221713975739749,0.3148273444929627,0.0,0.3360315152862161
0.0,0.2472348814251188,0.2355705997451202,0.2889502447755824,0.2438153178280992,0.2510419911174026,0.2716043879444502,0.3380134275559815,0.0,0.3106176284776161,0.2201646472652978,0.2815341675675651,0.2587705297847998,0.2816915648315213,0.0,0.2653808820705873,0.0,0.0,0.2077333514559262,0.0,0.0,0.2939323816811007,0.2976419555919347,0.0,0.2340852671973493,0.2165389988764479,0.2576100595061618,0.3110801092263401,0.2849787521006263,0.2819837979862825,0.3187713492909135,0.2947201789843802,0.2836786368437017,0.3161505187438604,0.3126143058168155,0.2803887791980305,0.3095809228672588,0.2927130171622134,0.296712510837214,0.0,0.0,0.0,0.3612704339589052,0.0,0.0,0.0,0.0,0.3890208144920324,0.0,0.3351971549846162,0.3736804511557474,0.3420611672952282,0.36627190292905,0.383169088236679,0.0,0.3763038970309888,0.0,0.3223951544178269,0.0,0.0,0.0,0.0,0.0,0.369183401823416,0.0,0.0,0.0,0.3838881611295471,0.0,0.0,0.0,0.3796223024918357,0.0,0.0,0.0,0.0
0.2577830706745036,0.0,0.2796376568429615,0.0,0.3042660207032284,0.3187279883387034,0.3374330076585043,0.2837542656907076,0.3106176284776161,0.0,0.3098569391392806,0.2101681565699913,0.2872974167207761,0.3172697662703885,0.0,0.2489836095759525,0.2321077002023437,0.2493360399096844,0.3026859111674139,0.0,0.0,0.2399558838132295,0.2915090900064965,0.2157443003529818,0.2510764699886362,0.2426328560880704,0.2984440142675095,0.2790950764146236,0.0,0.0,0.2204401317351741,0.2415994499776172,0.2221374763955808,0.2188024787878454,0.2102603504260344,0.2317173226877359,0.2094988826095374,0.2000187254829523,0.1957474562051228,0.2366685540396624,0.2596255307696463,0.243949351512138,0.0,0.0,0.2306562293997389,0.2778639461140315,0.0,0.0,0.0,0.0,0.0,0.0,0.0,0.0,0.311068685610736,0.0,0.303468753140473,0.2582898341760914,0.0,0.0,0.2548013764783035,0.2758868664050128,0.2500024096426247,0.0,0.0,0.0,0.0,0.0,0.2922233740299771,0.2834020084422381,0.3167909760857456,0.0,0.332957575986885,0.0,0.0,0.2778306505702432
0.0,0.0,0.2389782759410154,0.2762064171108431,0.2465109799887473,0.2731352268684399,0.3056047765190586,0.2421463607001018,0.2201646472652978,0.3098569391392806,0.0,0.2830876698575832,0.3068871564641338,0.2165916184387702,0.0,0.0,0.0,0.0,0.1943007550494776,0.0,0.0,0.0,0.1981996927495442,0.2862451814937941,0.0,0.0,0.2782791212856915,0.3076698197563117,0.0,0.0,0.3218392535252126,0.2697508048538997,0.2418042882876043,0.3121369282217316,0.3044874483319104,0.2394222035803302,0.3117146123885965,0.2879488789987645,0.2885459249495147,0.0,0.0,0.0,0.2923315487054654,0.0,0.0,0.0,0.0,0.3665680129188233,0.0,0.2975170463037107,0.3258928951683875,0.3168175538441914,0.3129169876283714,0.3648531509664962,0.0,0.3001695037898616,0.0,0.2981875765082111,0.300255641820644,0.0,0.0,0.0,0.0,0.1334684382723962,0.0,0.0,0.0,0.337415207083201,0.0,0.0,0.0,0.3503018146719853,0.0,0.0,0.0,0.0
0.2664749592817546,0.0,0.0,0.0,0.2769987602073706,0.2633259679045409,0.2792700568309793,0.0,0.2815341675675651,0.2101681565699913,0.2830876698575832,0.0,0.2665766037674472,0.0,0.0,0.0,0.2540213876071722,0.2556273482040315,0.0,0.0,0.2836755077125963,0.0,0.2714328995615602,0.1956269392880799,0.2746858361166233,0.2305260640852641,0.0,0.2628617428013964,0.0,0.0,0.2257655026808457,0.1837936753170645,0.2062154830758162,0.1815555133998863,0.2222118387764063,0.2358861102066857,0.2389049431156726,0.1623693180371285,0.1725006293005933,0.2528323803716655,0.2634772330333276,0.2372130669696555,0.0,0.0,0.2381236120919327,0.0,0.0,0.0,0.0,0.0,0.0,0.0,0.0,0.0,0.3110678514513203,0.0,0.253159505247424,0.0,0.0,0.0,0.0,0.2628331148831008,0.2586418036237463,0.0,0.0,0.0,0.0,0.0,0.2835300733489699,0.2948101497023494,0.3242248637153313,0.0,0.2780592633506458,0.0,0.0,0.2909264726033803
0.0,0.29988188934349,0.2993551682535605,0.2022049741117551,0.2634157688171457,0.2773896646296083,0.2309417565252797,0.2950569892815069,0.2587705297847998,0.2872974167207761,0.3068871564641338,0.2665766037674472,0.0,0.2731011115430073,0.0,0.3129996611738103,0.28378455334837,0.2982280739338621,0.3048712896540997,0.3021862236782678,0.2978830119467167,0.3219628881193094,0.2889878595925815,0.2622527148978255,0.2930735100590099,0.2933465988088261,0.2955577296081021,0.2538998166605036,0.2965822321541947,0.2875857829756754,0.287237996792781,0.287839229528578,0.2858389112058294,0.285597547452329,0.2821944193911564,0.2443738118868505,0.2391560550772976,0.2823175766065472,0.2837929236824253,0.0,0.2823209897599794,0.0,0.2566583012518874,0.0,0.0,0.0,0.0,0.3296186649168893,0.0,0.0,0.3308861882375372,0.0,0.3258196266603095,0.0,0.0,0.0,0.0,0.0,0.0,0.0,0.0,0.0,0.0,0.0,0.2858350956840636,0.0,0.0,0.3545047555277936,0.0,0.0,0.0,0.3594592856191018,0.0,0.2929453797840656,0.0,0.0
0.0,0.0,0.2937352888122851,0.2099059134775053,0.2346450890879323,0.2949907030879289,0.3068800805606473,0.2307177932188773,0.2816915648315213,0.3172697662703885,0.2165916184387702,0.0,0.2731011115430073,0.0,0.0,0.0,0.0,0.0,0.2689864000386341,0.0,0.3285503686933871,0.0,0.2605010667832942,0.0,0.0,0.0,0.3096236886413813,0.2333649110380974,0.0,0.0,0.3444859585110849,0.1820382763701149,0.0,0.3069244068640249,0.0,0.1619896691777397,0.1331666824215041,0.0,0.0,0.0,0.0,0.0,0.2935264648385418,0.0,0.0,0.0,0.0,0.3409497757856364,0.0,0.0,0.0,0.0,0.0,0.3507346405145859,0.0,0.2890530301710787,0.0,0.0,0.0,0.0,0.0,0.0,0.0,0.3343968720614172,0.0,0.0,0.0,0.3281033487823841,0.0,0.0,0.0,0.3345136701600385,0.0,0.0,0.0,0.0
0.2567114250077789,0.2824833835199167,0.0,0.0,0.0,0.2863531007066914,0.0,0.2797407095600067,0.0,0.0,0.0,0.0,0.0,0.0,0.0,0.2877458263783342,0.0,0.2818918012345881,0.0,0.2477179224789351,0.2827813373467987,0.279953933539726,0.290660144379554,0.2957195034347119,0.2629112986784866,0.2789528105230007,0.3017665121842182,0.2897859024684327,0.281054878319477,0.0,0.2700625892861474,0.2855205375226091,0.2734814006765924,0.2924417318369999,0.3110983693054738,0.3485847598174371,0.0,0.0,0.2954984974693609,0.3209661547838055,0.3155078024736687,0.318855406952939,0.333414225982084,0.0,0.0,0.0,0.3435226451124054,0.0,0.0,0.0,0.307153642636413,0.0,0.0,0.0,0.0,0.0,0.0,0.0,0.0,0.3270984293358037,0.3008796168333862,0.0,0.0,0.0,0.3144696235508551,0.3120426812010289,0.3351444997774705,0.329015496301512,0.0,0.2515457927922196,0.3412988283245839,0.3230179659709336,0.3069587246969413,0.3035323614104286,0.0,0.295202270721863
0.273686105687294,0.2843682514545386,0.0,0.0,0.0,0.2939088806189207,0.3115453389353789,0.3117781024482401,0.2653808820705873,0.2489836095759525,0.0,0.0,0.3129996611738103,0.0,0.2877458263783342,0.0,0.2446609068715425,0.2407066539896972,0.0,0.2851386728025551,0.2840076015517273,0.2766859103745011,0.2953401626054411,0.2505395576150454,0.2828281046976313,0.2855210277139065,0.2879398186327331,0.3039730265968351,0.3010767343098897,0.2803761971783368,0.2494243944509895,0.2982159146298195,0.2641578483196561,0.26572299811499,0.3037400420166389,0.0,0.0,0.0,0.2914447576848302,0.3010151353403173,0.3071327257478601,0.0,0.0,0.0,0.0,0.3169272491919412,0.3181047449744941,0.0,0.0,0.0,0.0,0.0,0.0,0.0,0.0,0.0,0.0,0.0,0.0,0.3018628884062698,0.3056485337963591,0.0,0.3005603062414089,0.0,0.2865355792199047,0.2882641776659074,0.3202019961302573,0.0,0.0,0.3077777362237711,0.3283429196284742,0.2795474327653681,0.0,0.0,0.0,0.2950037671622555
0.0,0.0,0.0,0.0,0.0,0.0,0.288080022214146,0.0,0.0,0.2321077002023437,0.0,0.2540213876071722,0.28378455334837,0.0,0.0,0.2446609068715425,0.0,0.2390232414535702,0.0,0.0,0.0,0.0,0.0,0.2647041804237736,0.2499075002226472,0.2659876646444485,0.0,0.2732190753817218,0.0,0.0,0.2240188929099495,0.2854316996940675,0.2371235869977488,0.243030954086976,0.260967946017699,0.0,0.0,0.2164898876363265,0.2614585780427436,0.2407785974890325,0.0,0.0,0.0,0.0,0.0,0.0,0.0,0.0,0.0,0.0,0.0,0.0,0.0,0.0,0.3279010956074378,0.0,0.3444036264776624,0.0,0.0,0.0,0.0,0.3118508438448074,0.2990085585686798,0.0,0.0,0.0,0.0,0.0,0.3305365174426984,0.3074834967399739,0.3262497743823314,0.0,0.0,0.0,0.0,0.0
0.2683802249582337,0.2811915445473205,0.0,0.0,0.0,0.2629968393096371,0.2949809062912507,0.3268180065345988,0.0,0.2493360399096844,0.0,0.2556273482040315,0.2982280739338621,0.0,0.2818918012345881,0.2407066539896972,0.2390232414535702,0.0,0.0,0.2854314259168154,0.2831789039386287,0.2879634225535694,0.2878043129358898,0.2706580831579108,0.2591260239962619,0.2701403288655619,0.2747690870885957,0.2942370310226127,0.2955622663725931,0.3132459792449357,0.2449971602573093,0.2870626254765727,0.2491008067411369,0.2558749716478447,0.2815082048283378,0.0,0.0,0.0,0.2824518126458494,0.2741695528002572,0.280679985605056,0.2886166784501512,0.0,0.0,0.0,0.3059583433450453,0.3062565868137638,0.0,0.0,0.0,0.0,0.0,0.0,0.0,0.3225393944010422,0.0,0.3252186691186196,0.0,0.0,0.0,0.2961036751525045,0.3069512744853253,0.3010469262227697,0.0,0.0,0.0,0.3021165985956213,0.0,0.3422595948619579,0.3036561019292632,0.3195584172251303,0.0,0.0,0.0,0.0,0.288574528566784
0.0,0.0,0.2150180800608549,0.2795484816315273,0.2847747534800992,0.2827127223479724,0.3069946056454114,0.3041123961215671,0.2077333514559262,0.3026859111674139,0.1943007550494776,0.0,0.3048712896540997,0.2689864000386341,0.0,0.0,0.0,0.0,0.0,0.0,0.0,0.0,0.2082741526068934,0.0,0.0,0.0,0.2454592392926662,0.308232060652054,0.0,0.0,0.3178851222736877,0.2838451252736866,0.0,0.3003838508416199,0.3056006763399352,0.2723594080996691,0.2986633602200086,0.2681201058041943,0.3291996447215289,0.0,0.0,0.0,0.351849256317925,0.0,0.0,0.0,0.0,0.390453991540002,0.0,0.3502060096474537,0.384644756746382,0.3344617078892723,0.3806859248528314,0.3872929261673881,0.0,0.3706000986495793,0.0,0.0,0.0,0.0,0.0,0.0,0.0,0.3757053144599969,0.0,0.0,0.0,0.3855034903752608,0.0,0.0,0.0,0.3781872997974578,0.0,0.0,0.0,0.0
0.2973258290544907,0.2947841639218431,0.0,0.0,0.0,0.2874668023373393,0.3056708179838652,0.2815167664494813,0.0,0.0,0.0,0.0,0.3021862236782678,0.0,0.2477179224789351,0.2851386728025551,0.0,0.2854314259168154,0.0,0.0,0.2908831384799321,0.2646223495961893,0.2269434087695102,0.0,0.2695028854776559,0.2993170122203479,0.2511134059512273,0.2612257955122093,0.2401105383917167,0.1978023417128957,0.2331317178766768,0.2875227260768641,0.2663225826659213,0.2810974002525596,0.3064977959153796,0.3380151179535036,0.0,0.0,0.2849392214780408,0.281563451627603,0.2641684572837668,0.2992915002962998,0.0,0.0,0.0,0.0,0.3184657134729169,0.0,0.0,0.0,0.3022752625900118,0.0,0.3061409100174965,0.0,0.0,0.0,0.0,0.2675223002364337,0.0,0.300402690673273,0.0,0.0,0.0,0.0,0.3027179156508461,0.2749322790540692,0.3091465418308544,0.3227567522236041,0.0,0.0,0.3223109650726216,0.3251667886359489,0.3074288471866506,0.2823363989957653,0.0,0.2918599514770911
0.2538512218919546,0.287025823660606,0.0,0.0,0.0,0.2883250356667718,0.0,0.3098590619400176,0.0,0.0,0.0,0.2836755077125963,0.2978830119467167,0.3285503686933871,0.2827813373467987,0.2840076015517273,0.0,0.2831789039386287,0.0,0.2908831384799321,0.0,0.294057436486178,0.3017237043298289,0.3202714987850732,0.2878769906388054,0.2830509042403918,0.3097506047206726,0.3051633771560981,0.2805036136589031,0.2839395796319456,0.2539094357126887,0.2752436564967025,0.2636872493349009,0.2761234507233698,0.2995242388263894,0.0,0.0,0.0,0.2974844119734978,0.326034610889528,0.3132082046288788,0.0,0.0,0.0,0.0,0.0,0.3397481977999367,0.0,0.0,0.0,0.3023533046157013,0.0,0.1775165950659123,0.0,0.0,0.0,0.0,0.0,0.0,0.3097919458881732,0.3024820296947397,0.0,0.0,0.0,0.3011272346255108,0.2663582957914898,0.3337328827360558,0.3200652521634247,0.0,0.2828963242958457,0.3397282648935897,0.3263056210903703,0.3036989201091977,0.3041386422978684,0.0,0.283878869571313
0.2783091599099005,0.2791059844958802,0.0,0.0,0.3210572691554448,0.3031634374594579,0.322403621028316,0.2930617881933795,0.2939323816811007,0.2399558838132295,0.0,0.0,0.3219628881193094,0.0,0.279953933539726,0.2766859103745011,0.0,0.2879634225535694,0.0,0.2646223495961893,0.294057436486178,0.0,0.2950780439822987,0.0,0.2808225185194618,0.2795749801504819,0.2929802844612181,0.2958443592728274,0.2896251002745421,0.2317342349166109,0.2450157364495966,0.2830643488469023,0.2751551750985055,0.2767672186967908,0.30283060655488,0.338231981240573,0.0,0.0,0.298100330467672,0.3234297513241013,0.3254684976989807,0.3177063487661372,0.0,0.0,0.0,0.314034882506144,0.3338166291116893,0.0,0.0,0.0,0.2851684168545549,0.0,0.0,0.0,0.0,0.0,0.0,0.0,0.0,0.3282859324313382,0.3313791521477685,0.0,0.2946083880280886,0.0,0.3154790303677139,0.3181413883153494,0.331643333715043,0.3258127453038952,0.0,0.2926710751144364,0.3421273428180302,0.3080621529901032,0.2660252532567321,0.3037977334878033,0.0,0.3062292482821077
0.3213667737836921,0.283039630631092,0.25001992771442,0.2782459022608182,0.2843814213627759,0.2878340839069337,0.2857771935492297,0.2727181758120943,0.2976419555919347,0.2915090900064965,0.1981996927495442,0.2714328995615602,0.2889878595925815,0.2605010667832942,0.290660144379554,0.2953401626054411,0.0,0.2878043129358898,0.2082741526068934,0.2269434087695102,0.3017237043298289,0.2950780439822987,0.0,0.3458106164556961,0.2723077581024275,0.312118795007439,0.2570011847481662,0.2940460922725995,0.2800698058218081,0.2835229418244462,0.2958041106376511,0.2864128702017166,0.2553005254593103,0.3082618095393321,0.3181249655321849,0.2802719336551432,0.289110397063953,0.2515674855437775,0.3351555166591397,0.3270512577383589,0.3589465353442405,0.357847071042963,0.3383799464588504,0.0,0.0,0.0,0.285741200592689,0.2748607730332045,0.0,0.3129492976700143,0.3477440848750878,0.3534588683008915,0.3414612815324133,0.3718043056567049,0.0,0.3028866059473581,0.0,0.3461581778079178,0.3105765288529204,0.335674121547336,0.0,0.0,0.0,0.2177793627774529,0.3348785736060649,0.3332605879936338,0.3212727430107178,0.3639786775238284,0.0,0.0,0.313922899906661,0.3654069572380026,0.3461886040594206,0.3351735981650102,0.3392062888885007,0.3512164619203142
0.2509494914871564,0.0,0.0,0.0,0.0,0.0,0.0,0.3558602716320646,0.0,0.2157443003529818,0.2862451814937941,0.1956269392880799,0.2622527148978255,0.0,0.2957195034347119,0.2505395576150454,0.2647041804237736,0.2706580831579108,0.0,0.0,0.3202714987850732,0.0,0.3458106164556961,0.0,0.2742319643157723,0.2512906838847444,0.3029247759488204,0.2756800731060903,0.0,0.0,0.2300877905998173,0.2355362866322503,0.1639039146928665,0.1722389277356014,0.220153101637638,0.2620360637830278,0.0,0.1426236571398581,0.1442106323507688,0.228797060425614,0.2338482837515638,0.0,0.0,0.0,0.2190063704737695,0.3221825263293261,0.3243469524219296,0.0,0.0,0.0,0.0,0.0,0.0,0.0,0.3070667467060006,0.0,0.2729526035908904,0.0,0.0,0.0,0.3352341384547876,0.3339686906614279,0.3195633787324616,0.0,0.0,0.0,0.0,0.0,0.2801563298976232,0.3298276120798389,0.3379187681993287,0.0,0.0,0.0,0.0,0.2778963251647871
0.2670494786942532,0.2768447868701046,0.0,0.0,0.0,0.253756196322171,0.2821147148972353,0.3350182870142718,0.2340852671973493,0.2510764699886362,0.0,0.2746858361166233,0.2930735100590099,0.0,0.2629112986784866,0.2828281046976313,0.2499075002226472,0.2591260239962619,0.0,0.2695028854776559,0.2878769906388054,0.2808225185194618,0.2723077581024275,0.2742319643157723,0.0,0.2588664021811793,0.2539838099499488,0.288093698361186,0.2708045092490269,0.0,0.2552711406995785,0.2753330067355758,0.2323970862518509,0.2493741151003858,0.2754109794703203,0.0,0.0,0.2052943406025295,0.2925612899793701,0.296505562294606,0.2979323253808851,0.3179261657152801,0.0,0.0,0.2316373027025271,0.3165164769940649,0.3154907662887736,0.0,0.0,0.0,0.0,0.0,0.0,0.0,0.3309935664409063,0.0,0.3319283986374027,0.0,0.0,0.2957987344840418,0.3090809867810536,0.3226450376139975,0.3128482538543187,0.0,0.2906284420425437,0.2953392124166202,0.3202383145523528,0.0,0.3318259286633573,0.3140013814169675,0.3265555545441866,0.0,0.0,0.2939780773473425,0.0,0.2971110596267405
0.265683286399741,0.2781698352065776,0.0,0.0,0.2389104351171972,0.2665206252909683,0.2782908124140585,0.3421710485429363,0.2165389988764479,0.2426328560880704,0.0,0.2305260640852641,0.2933465988088261,0.0,0.2789528105230007,0.2855210277139065,0.2659876646444485,0.2701403288655619,0.0,0.2993170122203479,0.2830509042403918,0.2795749801504819,0.312118795007439,0.2512906838847444,0.2588664021811793,0.0,0.297645291067077,0.2917575038486218,0.2817515582122181,0.0,0.2606981451479835,0.2849425775442028,0.257403707782816,0.2665259212312223,0.292844731841802,0.234196517210634,0.0,0.2386259315004424,0.2995146492923854,0.312720273352772,0.3189613018023458,0.3385012161041354,0.0,0.0,0.2552770651540317,0.3253084913496225,0.3341986558737979,0.0,0.0,0.0,0.2990473437160156,0.0,0.0,0.0,0.3504429476179576,0.0,0.3544936726233682,0.0,0.0,0.3399904780690974,0.3206568056907398,0.3374631796891628,0.3299951458068073,0.0,0.3152638785243324,0.3145923325694031,0.3413370908949557,0.3076866708339657,0.3423935006496025,0.3286448518601174,0.3389500669212283,0.3123127347419429,0.0,0.3199222041467411,0.0,0.3089900330699876
0.31863780501424,0.2729208397846295,0.2397271811811561,0.2816244613978166,0.2730052170198499,0.2759257972091182,0.2903340079620331,0.3151288090634465,0.2576100595061618,0.2984440142675095,0.2782791212856915,0.0,0.2955577296081021,0.3096236886413813,0.3017665121842182,0.2879398186327331,0.0,0.2747690870885957,0.2454592392926662,0.2511134059512273,0.3097506047206726,0.2929802844612181,0.2570011847481662,0.3029247759488204,0.2539838099499488,0.297645291067077,0.0,0.2986623413286032,0.258347760030649,0.278378448197826,0.2857908720360967,0.2853833748450964,0.2488671091693136,0.2974645956212197,0.3112975382227811,0.2908095688237694,0.3002439470168644,0.0,0.3235077418677375,0.3086275643775783,0.3441386542498514,0.3269110570911926,0.3474430733684982,0.0,0.0,0.0,0.256678559538078,0.3898720764495938,0.0,0.3442411607866443,0.3481742128808944,0.3576242041712045,0.3511556501089036,0.387662276559426,0.0,0.3741156377819972,0.0,0.3401806776896323,0.0,0.3184961329221067,0.0,0.0,0.0,0.3709663793642508,0.3152572998315661,0.2993325591256013,0.2786851272227626,0.3625432985325433,0.0,0.0,0.303715668482314,0.3639333847853589,0.3371240966079729,0.3218512226247997,0.3164061160998569,0.3389001653165493
0.2722221278247904,0.2956071751870052,0.3079189932903837,0.1738999149996017,0.2637260994391087,0.2873139790083835,0.2796642275843231,0.2914204384474487,0.3110801092263401,0.2790950764146236,0.3076698197563117,0.2628617428013964,0.2538998166605036,0.2333649110380974,0.2897859024684327,0.3039730265968351,0.2732190753817218,0.2942370310226127,0.308232060652054,0.2612257955122093,0.3051633771560981,0.2958443592728274,0.2940460922725995,0.2756800731060903,0.288093698361186,0.2917575038486218,0.2986623413286032,0.0,0.267761002274225,0.2221558501672095,0.2724605790703621,0.2884385499411789,0.2603697778864217,0.2850687598236773,0.293316551758404,0.2193888810052284,0.2001004335247933,0.266486674990782,0.3253100173421159,0.0,0.2591784327962962,0.2313455731214119,0.2479887182629859,0.0,0.0,0.0,0.0,0.2997486659140779,0.0,0.0,0.3293797871786169,0.0,0.3186529767213057,0.0,0.0,0.0,0.0,0.0,0.0,0.3036482518208054,0.0,0.0,0.0,0.0,0.3195681630982848,0.3070536735907459,0.2727336186294621,0.3468980076598821,0.0,0.0,0.0,0.3471012680633664,0.327239389458161,0.3223174443463234,0.0,0.3148778774945879
0.2942080623357148,0.2798268371396772,0.2826364536570811,0.0,0.288812626737725,0.2657368883780971,0.309525956931732,0.2696069516516083,0.2849787521006263,0.0,0.0,0.0,0.2965822321541947,0.0,0.281054878319477,0.3010767343098897,0.0,0.2955622663725931,0.0,0.2401105383917167,0.2805036136589031,0.2896251002745421,0.2800698058218081,0.0,0.2708045092490269,0.2817515582122181,0.258347760030649,0.267761002274225,0.0,0.2365461227026975,0.2454682613800375,0.2854682465327544,0.2477214740609554,0.2876352992397803,0.3123324886147695,0.3256534974748987,0.2909007062165593,0.0,0.2943647544863202,0.0,0.3023175794545229,0.2875446064264255,0.2848442221414986,0.0,0.0,0.0,0.2952912120694281,0.0,0.0,0.0,0.3119215457223767,0.0,0.3029357681652563,0.0,0.0,0.0,0.0,0.2909468421701861,0.0,0.3000444025218491,0.0,0.0,0.0,0.0,0.2947275619700135,0.2824747255667965,0.2925338574194568,0.3324507859233215,0.0,0.0,0.2942958374082657,0.3325698341793411,0.3144203888828323,0.302106719736337,0.2822926465153295,0.297973942312786
0.0,0.0,0.2962813743394497,0.0,0.0,0.2895472721907175,0.0,0.2736832986000143,0.2819837979862825,0.0,0.0,0.0,0.2875857829756754,0.0,0.0,0.2803761971783368,0.0,0.3132459792449357,0.0,0.1978023417128957,0.2839395796319456,0.2317342349166109,0.2835229418244462,0.0,0.0,0.0,0.278378448197826,0.2221558501672095,0.2365461227026975,0.0,0.2232154621400279,0.288155663697826,0.2058872033019135,0.2676039139136628,0.2838295288493785,0.0,0.0,0.0,0.3210140492342627,0.0,0.0,0.0,0.0,0.0,0.0,0.0,0.0,0.0,0.0,0.0,0.2860618512503547,0.0,0.0,0.0,0.0,0.0,0.0,0.0,0.0,0.0,0.0,0.0,0.0,0.0,0.3046852273317006,0.0,0.0,0.3409066837610814,0.0,0.0,0.0,0.3415561315496269,0.0,0.2812627356014043,0.0,0.0
0.245539820194639,0.2438864424641613,0.3153006169443669,0.2186539289462829,0.3118831141000667,0.3101282193618369,0.3002635311895613,0.3045756546121029,0.3187713492909135,0.2204401317351741,0.3218392535252126,0.2257655026808457,0.287237996792781,0.3444859585110849,0.2700625892861474,0.2494243944509895,0.2240188929099495,0.2449971602573093,0.3178851222736877,0.2331317178766768,0.2539094357126887,0.2450157364495966,0.2958041106376511,0.2300877905998173,0.2552711406995785,0.2606981451479835,0.2857908720360967,0.2724605790703621,0.2454682613800375,0.2232154621400279,0.0,0.2708442561647072,0.2204108116488442,0.1844873221614535,0.1567351324055489,0.3086172208416006,0.2329420009106521,0.210242616271901,0.2540991019758402,0.2495909920567155,0.0,0.249713941878223,0.0,0.0,0.0,0.2634856657840566,0.3003461480176279,0.0,0.0,0.0,0.3384622060127863,0.0,0.3339555417962463,0.0,0.3201783488765677,0.0,0.303430983309028,0.0,0.0,0.3107638662499598,0.2948665199055677,0.3034878574962368,0.297052842473989,0.0,0.3010367163640675,0.3049707020482785,0.3060881317310948,0.3531523195272916,0.0,0.3041265992478014,0.314385727030151,0.3523959692036938,0.3167400252206339,0.3059729769672066,0.0,0.0
0.2791872511622725,0.2836197114311916,0.287588794447252,0.1985622182257571,0.2508797054336939,0.2858370053188312,0.2939465229565889,0.2685199060893202,0.2947201789843802,0.2415994499776172,0.2697508048538997,0.1837936753170645,0.287839229528578,0.1820382763701149,0.2855205375226091,0.2982159146298195,0.2854316996940675,0.2870626254765727,0.2838451252736866,0.2875227260768641,0.2752436564967025,0.2830643488469023,0.2864128702017166,0.2355362866322503,0.2753330067355758,0.2849425775442028,0.2853833748450964,0.2884385499411789,0.2854682465327544,0.288155663697826,0.2708442561647072,0.0,0.242176363174156,0.2684822002877185,0.2603239322872752,0.2070515843218121,0.2217514166555375,0.1834929063509828,0.222121850925642,0.2145524123770639,0.2381372722880623,0.2309863583797453,0.2255589908356463,0.2116100984019689,0.1715933729343987,0.2875824084095966,0.3095522152829593,0.3273854540758261,0.0,0.0,0.3304922914710673,0.2318105439902116,0.3178777546233119,0.2808100912331367,0.2249943903749892,0.2726543951251504,0.201964700857339,0.3044484848715957,0.0,0.3073419224717607,0.2737231447934422,0.2575124950490636,0.2859051025373732,0.2926370210632126,0.3008231344615006,0.281519738261128,0.3053703069441104,0.341451172579975,0.1535012849231868,0.2800037320791534,0.3060224096001381,0.3386229464293154,0.2900231707552865,0.3148244801585523,0.3315921568717443,0.2812421046893666
0.2457988991852896,0.2534717867549207,0.0,0.0,0.0,0.2604931798527212,0.2832049658451601,0.300747312880558,0.2836786368437017,0.2221374763955808,0.2418042882876043,0.2062154830758162,0.2858389112058294,0.0,0.2734814006765924,0.2641578483196561,0.2371235869977488,0.2491008067411369,0.0,0.2663225826659213,0.2636872493349009,0.2751551750985055,0.2553005254593103,0.1639039146928665,0.2323970862518509,0.257403707782816,0.2488671091693136,0.2603697778864217,0.2477214740609554,0.2058872033019135,0.2204108116488442,0.242176363174156,0.0,0.2012364883124159,0.2889406893816738,0.3395973552733002,0.0,0.1386019484459157,0.1893833190457601,0.1579468510908973,0.2524677906133346,0.2807826344806935,0.0,0.0,0.1600396961443884,0.2941578680640271,0.3107796257950588,0.0,0.0,0.0,0.0,0.0,0.0,0.0,0.2422909788888088,0.0,0.2571035415383393,0.0,0.0,0.3240061560234953,0.2902109214131016,0.2551035008907891,0.2813553392845674,0.0,0.2992381220237368,0.0,0.3240014336482575,0.0,0.2024055163691578,0.2790985556959768,0.2955368808482012,0.0,0.0,0.2722103541909937,0.0,0.2344446256999463
0.2505277837457048,0.2557524467391739,0.3088312597002747,0.1778802391163012,0.3014045721044564,0.3080702832970151,0.2965082450628972,0.3068839583118655,0.3161505187438604,0.2188024787878454,0.3121369282217316,0.1815555133998863,0.285597547452329,0.3069244068640249,0.2924417318369999,0.26572299811499,0.243030954086976,0.2558749716478447,0.3003838508416199,0.2810974002525596,0.2761234507233698,0.2767672186967908,0.3082618095393321,0.1722389277356014,0.2493741151003858,0.2665259212312223,0.2974645956212197,0.2850687598236773,0.2876352992397803,0.2676039139136628,0.1844873221614535,0.2684822002877185,0.2012364883124159,0.0,0.235093347187263,0.2859523781095622,0.2215645968367117,0.1633768431334158,0.2296859689493772,0.2044801854498711,0.2385019403713923,0.2505157939789001,0.1854416090635675,0.2030136561914672,0.1767559310402059,0.2843662816388134,0.31385998509802,0.0,0.0,0.0,0.3184756193166502,0.0,0.3366411610229253,0.0,0.2809162221843649,0.0,0.2774057046598927,0.2272068584597277,0.0,0.3207130086665656,0.3009006361841717,0.0,0.3067108120037201,0.0,0.3155019861020461,0.3001954900854969,0.3249925286711463,0.3462667069653382,0.2217938041137827,0.2958434250093869,0.3181229418468927,0.3473162776732493,0.257958897885383,0.3158965763130479,0.0,0.0
0.2841507470953414,0.30934728126918,0.30771745225974,0.190884984693467,0.2965742140604791,0.3139120040898773,0.2937892079847281,0.3114297376564697,0.3126143058168155,0.2102603504260344,0.3044874483319104,0.2222118387764063,0.2821944193911564,0.0,0.3110983693054738,0.3037400420166389,0.260967946017699,0.2815082048283378,0.3056006763399352,0.3064977959153796,0.2995242388263894,0.30283060655488,0.3181249655321849,0.220153101637638,0.2754109794703203,0.292844731841802,0.3112975382227811,0.293316551758404,0.3123324886147695,0.2838295288493785,0.1567351324055489,0.2603239322872752,0.2889406893816738,0.235093347187263,0.0,0.3031853505960132,0.2423911295546995,0.2216016715493977,0.229551453056644,0.2150815927987777,0.2344819884500319,0.2512788269923874,0.2151878847762209,0.2131218018954788,0.1940130466760874,0.0,0.3289686124257784,0.0,0.0,0.0,0.0,0.0,0.0,0.0,0.2210486341820065,0.0,0.0,0.0,0.0,0.328313100574591,0.3114286133968229,0.0,0.0,0.0,0.2932185702300768,0.0,0.331321749655642,0.356504101803399,0.0,0.2935875407421202,0.3202153154874081,0.3253046164828728,0.2272981268190759,0.3128188976252918,0.0,0.0
0.0,0.0,0.2885693759541143,0.1833465949690332,0.1861906078437526,0.2895437380104889,0.2651899506522788,0.2120360805075764,0.2803887791980305,0.2317173226877359,0.2394222035803302,0.2358861102066857,0.2443738118868505,0.1619896691777397,0.3485847598174371,0.0,0.0,0.0,0.2723594080996691,0.3380151179535036,0.0,0.338231981240573,0.2802719336551432,0.2620360637830278,0.0,0.234196517210634,0.2908095688237694,0.2193888810052284,0.3256534974748987,0.0,0.3086172208416006,0.2070515843218121,0.3395973552733002,0.2859523781095622,0.3031853505960132,0.0,0.1663790415166659,0.2383617317530927,0.2116970906540774,0.0,0.2207854811470077,0.2434390532084989,0.2240498342591191,0.2026274853961935,0.0,0.0,0.0,0.3479545519538729,0.0,0.3020840977096476,0.3087861898731471,0.2859677519175724,0.2984968558603253,0.3500485100890732,0.0,0.2886452025634364,0.2000210498391814,0.2586340267116896,0.0,0.0,0.0,0.0,0.0,0.3158111776486175,0.2734022426286245,0.0,0.0,0.3320645887021343,0.0,0.0,0.0,0.3388031955495056,0.294728749815341,0.2829835347646579,0.0,0.0
0.0,0.0,0.2892940780982018,0.1340403207668176,0.2340818915810145,0.2990729009287881,0.2462385859945279,0.2539451244346301,0.3095809228672588,0.2094988826095374,0.3117146123885965,0.2389049431156726,0.2391560550772976,0.1331666824215041,0.0,0.0,0.0,0.0,0.2986633602200086,0.0,0.0,0.0,0.289110397063953,0.0,0.0,0.0,0.3002439470168644,0.2001004335247933,0.2909007062165593,0.0,0.2329420009106521,0.2217514166555375,0.0,0.2215645968367117,0.2423911295546995,0.1663790415166659,0.0,0.2185673583962839,0.205626808223464,0.0,0.2436260229296134,0.2384341739531149,0.1974815852653503,0.2098122568871227,0.0,0.0,0.0,0.0,0.0,0.0,0.0,0.0,0.0,0.0,0.0,0.0,0.0,0.0,0.0,0.0,0.0,0.0,0.0,0.0,0.0,0.0,0.0,0.0,0.0,0.0,0.0,0.0,0.0,0.0,0.0,0.0
0.0,0.0,0.0,0.0,0.2670113629996858,0.2730172477441274,0.2837198363420888,0.0,0.2927130171622134,0.2000187254829523,0.2879488789987645,0.1623693180371285,0.2823175766065472,0.0,0.0,0.0,0.2164898876363265,0.0,0.2681201058041943,0.0,0.0,0.0,0.2515674855437775,0.1426236571398581,0.2052943406025295,0.2386259315004424,0.0,0.266486674990782,0.0,0.0,0.210242616271901,0.1834929063509828,0.1386019484459157,0.1633768431334158,0.2216016715493977,0.2383617317530927,0.2185673583962839,0.0,0.1399982386649263,0.1493237730128692,0.2092019627094324,0.2498703764011871,0.0,0.0,0.1650273473914805,0.0,0.0,0.0,0.0,0.0,0.0,0.0,0.0,0.0,0.2183135276907106,0.0,0.2307564174006047,0.0,0.0,0.0,0.0,0.0,0.0,0.0,0.0,0.0,0.0,0.0,0.1957858025536338,0.0,0.2366308228252262,0.0,0.0,0.0,0.0,0.0
0.2909524204394607,0.3033282921666151,0.3389211810701216,0.0,0.2919449969787636,0.3315094998690759,0.0,0.3176060512202257,0.296712510837214,0.1957474562051228,0.2885459249495147,0.1725006293005933,0.2837929236824253,0.0,0.2954984974693609,0.2914447576848302,0.2614585780427436,0.2824518126458494,0.3291996447215289,0.2849392214780408,0.2974844119734978,0.298100330467672,0.3351555166591397,0.1442106323507688,0.2925612899793701,0.2995146492923854,0.3235077418677375,0.3253100173421159,0.2943647544863202,0.3210140492342627,0.2540991019758402,0.222121850925642,0.1893833190457601,0.2296859689493772,0.229551453056644,0.2116970906540774,0.205626808223464,0.1399982386649263,0.0,0.2533093721054824,0.2805894143351601,0.2704260088799661,0.2030366703949344,0.2192986253260573,0.1758197779669482,0.2719740324777694,0.2862564747826714,0.2963008902215853,0.2017829232708552,0.2270817915558248,0.2890870519315783,0.2859063464372723,0.2644060893738468,0.3044698882080031,0.2447583287119183,0.2388188649640389,0.2144733206072613,0.2884172242481026,0.1973114092753922,0.2793324128428846,0.3075848050531534,0.2948212196495998,0.3092053998227982,0.2784662786083619,0.2843277928418454,0.2691067102039894,0.2886994520831624,0.2926849205840751,0.2156014779034592,0.2951734941268971,0.2872334234220833,0.2973051480199863,0.2878541818622392,0.2930103520806703,0.2914836636235938,0.2675320077894088
0.2983333980691839,0.3133855106860623,0.0,0.0,0.0,0.0,0.0,0.0,0.0,0.2366685540396624,0.0,0.2528323803716655,0.0,0.0,0.3209661547838055,0.3010151353403173,0.2407785974890325,0.2741695528002572,0.0,0.281563451627603,0.326034610889528,0.3234297513241013,0.3270512577383589,0.228797060425614,0.296505562294606,0.312720273352772,0.3086275643775783,0.0,0.0,0.0,0.2495909920567155,0.2145524123770639,0.1579468510908973,0.2044801854498711,0.2150815927987777,0.0,0.0,0.1493237730128692,0.2533093721054824,0.0,0.2212605823928989,0.2878757454650035,0.3473584504374381,0.0,0.156053096172717,0.2508273015642795,0.2665734991474829,0.0,0.0,0.0,0.2879226813158725,0.3080248441675943,0.2561611524073587,0.2688689950604256,0.2227530581367481,0.0,0.2147156454869818,0.3440390491735598,0.0,0.2702475900650505,0.2720361758373461,0.2409863452124883,0.2591208230605097,0.0,0.2722812447732407,0.2564760702018263,0.2792731786431401,0.2788765674482107,0.1816142900958115,0.2452772816048354,0.255912009873054,0.2876731715286743,0.2772933005727411,0.2761464873255617,0.0,0.2282534003178022
