0.0,0.4138105607559316,0.0,0.0,0.0,0.444403993031223,0.0,0.4903488759370699,0.0,0.4024596099397339,0.0,0.3727872760729136,0.0,0.0,0.3676812383582044,0.4052187578460476,0.0,0.3908944042809749,0.0,0.439532353755367,0.3710425004759234,0.4161092821571244,0.4567298327907136,0.3729769419241083,0.3729479190908935,0.3641789714714486,0.4575306065545343,0.4391051454769841,0.4467605481550846,0.0,0.3835488992200616,0.4089758832147764,0.3392910744084773,0.3937485430974704,0.4046798495800643,0.0,0.0,0.0,0.4512739987864677,0.409032166968702,0.4084100044051216,0.0,0.0,0.0,0.0,0.400545200477642,0.478804883315731,0.0,0.0,0.0,0.0,0.0,0.0,0.0,0.0,0.0,0.0,0.0,0.0,0.0,0.4605803147089274,0.0,0.4457973634698951,0.0,0.0,0.3194292307173505,0.4725737836452943,0.0,0.0,0.4574375290027092,0.460616672783018,0.0,0.0,0.0,0.0,0.0
0.4138105607559316,0.0,0.0,0.0,0.3761308361416027,0.4044222890844251,0.3939514098051935,0.4243742655928732,0.3694551173774871,0.0,0.0,0.0,0.4217626024940585,0.0,0.4401461747385617,0.403149015186784,0.0,0.406656276465221,0.0,0.4102920560279527,0.4260940634626496,0.4025677970162671,0.4230693360000159,0.0,0.3810061129915987,0.3794060570201229,0.4144198071561508,0.4206464606336288,0.4294099873290747,0.0,0.3790113043165526,0.4139195437057125,0.3675041324620541,0.3780956808414139,0.4135252604041901,0.0,0.0,0.0,0.4793598497081671,0.4604380581272502,0.4510633514568978,0.4877898118577304,0.0,0.0,0.0,0.5052380925358487,0.4821178410303661,0.0,0.0,0.0,0.0,0.0,0.0,0.0,0.0,0.0,0.0,0.0,0.0,0.548097895385577,0.4720584921638702,0.0,0.4617396543559606,0.0,0.5019015743371564,0.5140325804558642,0.4789751950747278,0.4947524820956532,0.0,0.4789400956493384,0.5014507310808631,0.5042674194319732,0.0,0.481357625211381,0.0,0.4587201990943906
0.0,0.0,0.0,0.0,0.3630365146879317,0.3909408874359741,0.4191799627010001,0.4794399681082463,0.3036979250811106,0.4167044622729119,0.3277906641987059,0.0,0.4444550869924468,0.4392547033429578,0.0,0.0,0.0,0.0,0.2747145141943338,0.0,0.0,0.0,0.3427426246026202,0.0,0.0,0.0,0.3165200200642423,0.449495688914912,0.0,0.4248984780565863,0.4611982668016112,0.4292031592477021,0.0,0.4696781254937771,0.4360745648548972,0.437135709358158,0.4132386869015758,0.0,0.5296286378241088,0.0,0.0,0.0,0.5204298012700459,0.0,0.0,0.0,0.0,0.5444480621971569,0.0,0.5558503134042296,0.5661130449366963,0.0,0.5784082259438277,0.5767719020534365,0.0,0.5576093119290844,0.0,0.0,0.5476700637197663,0.0,0.0,0.0,0.0,0.3091981047659872,0.0,0.0,0.0,0.5733699460300696,0.0,0.0,0.0,0.584858268095801,0.0,0.0,0.0,0.0
0.0,0.0,0.0,0.0,0.3031129431691646,0.4148124732235447,0.3018521117568152,0.3723882300206038,0.3957721539111298,0.2673687038075363,0.3764114835579415,0.0,0.2978333653432388,0.2875803715105681,0.0,0.0,0.0,0.0,0.3896211508225848,0.0,0.0,0.0,0.4098598142388711,0.0,0.0,0.0,0.4102982356590748,0.2779498423458866,0.0,0.0,0.0,0.2748838093145081,0.0,0.3227237549225725,0.2930831254748774,0.2088228989394044,0.2007744588970752,0.0,0.0,0.0,0.0,0.0,0.0,0.0,0.0,0.0,0.0,0.0,0.0,0.0,0.0,0.0,0.0,0.0,0.0,0.0,0.0,0.0,0.0,0.0,0.0,0.0,0.0,0.0,0.0,0.0,0.0,0.0,0.0,0.0,0.0,0.0,0.0,0.0,0.0,0.0
0.0,0.3761308361416027,0.3630365146879317,0.3031129431691646,0.0,0.3772911382258192,0.3275995156541978,0.3809031931909179,0.3223274030903615,0.4304872820144872,0.3194114238180172,0.3843679872159935,0.3695134797741434,0.3197800139371206,0.0,0.0,0.0,0.0,0.3609819245273105,0.0,0.0,0.0,0.3779315953354392,0.0,0.3606575332672127,0.0,0.3830307758006451,0.3809819438072523,0.0,0.0,0.4383556437192466,0.3623985968148592,0.0,0.4290330678505562,0.4114655214841062,0.2748779091571686,0.3639179212000665,0.382190738265728,0.0,0.0,0.0,0.0,0.414855109153348,0.0,0.0,0.0,0.0,0.5054632093237931,0.0,0.0,0.0,0.0,0.4491598939133694,0.4618418328685571,0.0,0.4186124579922393,0.0,0.0,0.0,0.0,0.0,0.0,0.0,0.0,0.0,0.0,0.0,0.5204352183592158,0.0,0.0,0.0,0.4967450998393606,0.0,0.0,0.0,0.0
0.444403993031223,0.4044222890844251,0.3909408874359741,0.4148124732235447,0.3772911382258192,0.0,0.407681155037195,0.4466022413499523,0.3429386102873285,0.4288534977732322,0.3996999288569338,0.0,0.383190499303484,0.4368094807110497,0.4613307897799691,0.44376542396799,0.0,0.4403084388438056,0.3626581418738476,0.412406119807896,0.4480714320456005,0.4375475604953603,0.3876203114387124,0.0,0.3866597347614077,0.4167336829808645,0.3693451538118732,0.401261820783839,0.3564079654335315,0.3939644134583803,0.4086197983050093,0.4107193059242289,0.3845258618815085,0.4282913083811257,0.4297043005945152,0.4375408441945989,0.429530602886194,0.0,0.508186309348091,0.0,0.5478456622546901,0.4646385451117901,0.4886853317946903,0.0,0.0,0.0,0.0,0.5725187150956744,0.0,0.0,0.539528841166523,0.5520425934310906,0.5073531171593519,0.5536542538767993,0.0,0.5152153303266167,0.0,0.5612926327702916,0.0,0.4692610555498658,0.0,0.0,0.0,0.5510119214617405,0.5032300812658177,0.4742481748787204,0.4453198664994848,0.5349694763240425,0.0,0.0,0.0,0.5310105691809217,0.5558076143723208,0.512869853063124,0.0,0.5465429308288078
0.0,0.3939514098051935,0.4191799627010001,0.3018521117568152,0.3275995156541978,0.407681155037195,0.0,0.4387506589081801,0.3653274498421011,0.36815649887724,0.4272555247188916,0.3555884672782998,0.3533288491381249,0.3615392998065547,0.0,0.4161128998133394,0.3780269800204474,0.3975497782110974,0.4317711364688449,0.4321191613237093,0.0,0.4503161991950331,0.4148245026661646,0.3795618563009912,0.3619767552632961,0.3857246182170243,0.4125367209368418,0.3711565035569077,0.4216568520873957,0.0,0.4093653671445242,0.3686005877090134,0.3480144395912529,0.3790773744716984,0.3642331232581576,0.3153105441483976,0.3253431238166976,0.3668115439118389,0.0,0.0,0.0,0.0,0.0,0.0,0.0,0.0,0.0,0.0,0.0,0.0,0.4791173358858503,0.0,0.0,0.0,0.0,0.0,0.0,0.0,0.0,0.0,0.0,0.0,0.0,0.0,0.0,0.0,0.0,0.5307300946119025,0.0,0.0,0.0,0.5228666499506494,0.0,0.0,0.0,0.0
0.4903488759370699,0.4243742655928732,0.4794399681082463,0.3723882300206038,0.3809031931909179,0.4466022413499523,0.4387506589081801,0.0,0.4540604195940611,0.4494243732785636,0.3444478776036045,0.0,0.4584848556821428,0.3613824314119664,0.0,0.4616004866392037,0.0,0.0,0.4392600431498404,0.4070588500497432,0.4126753366304828,0.444430641576113,0.3802463927381206,0.4964011873430776,0.469757973527749,0.468282766702968,0.4560722373023775,0.4524314175775099,0.4269110044193358,0.4331724447336769,0.4529131455041314,0.3817991697257936,0.4530956148567235,0.4611331585341497,0.443468233608973,0.2586843707424131,0.4252035051255125,0.0,0.4692968717749072,0.0,0.5030061239797706,0.0,0.4293845152737022,0.0,0.0,0.0,0.0,0.5512584761746632,0.0,0.5158167830320851,0.5033794569673075,0.5240669360913143,0.3488597657131859,0.5333488725948875,0.0,0.4454441782524685,0.0,0.5059279652490802,0.451767909066549,0.501795228910043,0.0,0.0,0.0,0.527358930194928,0.5117774170411092,0.4441397700355772,0.0,0.5030758072551347,0.0,0.0,0.0,0.5135454281510475,0.4730246389524498,0.4760037846038714,0.0,0.4955672716970959
0.0,0.3694551173774871,0.3036979250811106,0.3957721539111298,0.3223274030903615,0.3429386102873285,0.3653274498421011,0.4540604195940611,0.0,0.4534024450623712,0.311754328130404,0.396470711597377,0.4021604104186324,0.3959310887465256,0.0,0.3849222388172006,0.0,0.0,0.2783595630882097,0.0,0.0,0.4193069129171709,0.3959964585076953,0.0,0.0,0.0,0.383282799424651,0.4422403205946816,0.3963129622217701,0.4036872585747627,0.4589818438560146,0.4208274092948904,0.3902046208503283,0.4567809398835354,0.4371549452629504,0.4066762186601615,0.4355658642677619,0.4237689773864482,0.5301935079053695,0.0,0.0,0.0,0.5115222033031688,0.0,0.0,0.0,0.0,0.543733604547017,0.0,0.0,0.5543878518239912,0.0,0.5350193232907436,0.5522728231605136,0.0,0.495267302674498,0.0,0.0,0.5136782025662728,0.0,0.0,0.0,0.0,0.5700858130275298,0.0,0.0,0.0,0.5597875599066098,0.0,0.0,0.0,0.5507384857378188,0.0,0.0,0.0,0.0
0.4024596099397339,0.0,0.4167044622729119,0.2673687038075363,0.4304872820144872,0.4288534977732322,0.36815649887724,0.4494243732785636,0.4534024450623712,0.0,0.4589669141560452,0.2998314726300894,0.4084873049466606,0.4304557086900142,0.0,0.391194099127329,0.3315134170255706,0.3548689523052255,0.4483078271263098,0.0,0.0,0.3670255082582658,0.4479463864931099,0.3242977242325557,0.3304013152066885,0.3059530450430457,0.4137208813656495,0.3881994070619113,0.0,0.0,0.3224949043152348,0.3458339435630317,0.3201569552182547,0.3090830995293926,0.2735960570624942,0.3626335081978737,0.2901461914665474,0.2967504686396056,0.4323125922564687,0.3861080382090904,0.3812416512394301,0.0,0.0,0.0,0.3615829806437671,0.0,0.0,0.0,0.0,0.0,0.0,0.0,0.0,0.0,0.4496273234773827,0.0,0.4657776810490436,0.0,0.0,0.0,0.0,0.4822826780075459,0.4786684096494127,0.0,0.0,0.0,0.0,0.0,0.4308334705524972,0.4775455977044513,0.4654069733561626,0.0,0.4165238892849902,0.0,0.0,0.4181589916470927
0.0,0.0,0.3277906641987059,0.3764114835579415,0.3194114238180172,0.3996999288569338,0.4272555247188916,0.3444478776036045,0.311754328130404,0.4589669141560452,0.0,0.411526737540144,0.4512312642576171,0.2927746478156692,0.0,0.0,0.0,0.0,0.2688221125688841,0.0,0.0,0.0,0.2538882181467154,0.0,0.0,0.0,0.3916630603124825,0.4465266567299173,0.0,0.0,0.4721113452702934,0.399920937397913,0.3746442270451146,0.4576049110062398,0.4339275528460246,0.352452808421296,0.439354289750431,0.413589282908159,0.4237795776240083,0.0,0.0,0.0,0.4302631148832417,0.0,0.0,0.0,0.0,0.485013568894282,0.0,0.4535373775010455,0.5038892584472082,0.483824503229405,0.0,0.4434343804032894,0.0,0.3169294921834013,0.0,0.4405586464598308,0.4613300563615423,0.0,0.0,0.0,0.0,0.3583904805942658,0.0,0.0,0.0,0.5325756754532347,0.0,0.0,0.0,0.5216302296202072,0.0,0.0,0.0,0.0
0.3727872760729136,0.0,0.0,0.0,0.3843679872159935,0.0,0.3555884672782998,0.0,0.396470711597377,0.2998314726300894,0.411526737540144,0.0,0.3827116307291611,0.0,0.0,0.0,0.3509364153550435,0.3365823023809368,0.0,0.0,0.0,0.0,0.0,0.2672324713682041,0.3214895369983308,0.2726755428795702,0.0,0.359854157143957,0.0,0.0,0.3294815357491272,0.2656951384936678,0.2793531694128224,0.2478032602716738,0.3065958336563945,0.297450984878784,0.3373878210759352,0.2206093624751924,0.269594983852876,0.4158993482453275,0.3950002498796958,0.0,0.0,0.0,0.3749508996354628,0.0,0.0,0.0,0.0,0.0,0.0,0.0,0.0,0.0,0.4527755256613027,0.0,0.4650970945148657,0.0,0.0,0.0,0.0,0.4997028642463464,0.449583495882449,0.0,0.0,0.0,0.0,0.0,0.4428900725963747,0.4711348662052354,0.4533409505859701,0.0,0.0,0.0,0.0,0.431823862750462
0.0,0.4217626024940585,0.4444550869924468,0.2978333653432388,0.3695134797741434,0.383190499303484,0.3533288491381249,0.4584848556821428,0.4021604104186324,0.4084873049466606,0.4512312642576171,0.3827116307291611,0.0,0.3686517096734184,0.4466383572623263,0.4562691694633327,0.408413928085735,0.4466670488409814,0.4499535853508621,0.4359985769949664,0.4506825690114344,0.4658982039694167,0.4330053000350083,0.4150467861815594,0.4146254855609108,0.420163700419598,0.4356642583124475,0.3741809302814179,0.4037707261515034,0.420530848642802,0.4212484367923357,0.3900821081743514,0.3856586491323854,0.4182345116903178,0.3947291936747363,0.3337591782158429,0.3501639886984964,0.3984064143950277,0.4192223868605704,0.0,0.0,0.0,0.3882634842339249,0.0,0.0,0.0,0.0,0.5033290012572016,0.0,0.0,0.6163625823955382,0.0,0.5000937781986027,0.0,0.0,0.0,0.0,0.0,0.0,0.0,0.0,0.0,0.0,0.0,0.0,0.0,0.0,0.5326697440393551,0.0,0.0,0.0,0.5340381816947657,0.0,0.4719387570556602,0.0,0.0
0.0,0.0,0.4392547033429578,0.2875803715105681,0.3197800139371206,0.4368094807110497,0.3615392998065547,0.3613824314119664,0.3959310887465256,0.4304557086900142,0.2927746478156692,0.0,0.3686517096734184,0.0,0.0,0.0,0.0,0.0,0.4015987056301102,0.0,0.4696629526359573,0.0,0.3951620615967414,0.0,0.0,0.0,0.4520233706359959,0.3384121320932843,0.0,0.0,0.0,0.3079459977790986,0.0,0.4160556802986626,0.0,0.2235569539620525,0.1784848899848343,0.0,0.0,0.0,0.0,0.0,0.4380138931418639,0.0,0.0,0.0,0.0,0.502888974897591,0.0,0.0,0.0,0.0,0.0,0.5096383160354248,0.0,0.4376018860079503,0.0,0.0,0.0,0.0,0.0,0.0,0.0,0.0,0.0,0.0,0.0,0.5003830029779177,0.0,0.0,0.0,0.0,0.0,0.0,0.0,0.0
0.3676812383582044,0.4401461747385617,0.0,0.0,0.0,0.4613307897799691,0.0,0.0,0.0,0.0,0.0,0.0,0.4466383572623263,0.0,0.0,0.4302622661266618,0.0,0.4027750393020439,0.0,0.3404347628772045,0.3655014561962957,0.3762725549727145,0.3378553091770254,0.0,0.3837080056444197,0.3338185185554963,0.4017117171382648,0.4051507870240175,0.4177573290721929,0.0,0.4072793200234731,0.4300362751408572,0.4107671470854283,0.4265221733103316,0.4649228997343544,0.4831806515967179,0.0,0.0,0.4984948929312369,0.4826422081573333,0.5032356514541065,0.5306996059804496,0.0,0.0,0.0,0.0,0.5269143167637302,0.0,0.0,0.0,0.4801363290501946,0.0,0.0,0.0,0.0,0.0,0.0,0.0,0.0,0.4938743831730263,0.4988842236992143,0.0,0.0,0.0,0.4391724850145429,0.5096998631137991,0.5125608577610704,0.4175688547000125,0.0,0.0,0.5807773525759515,0.5016263969569454,0.0,0.4958023459808459,0.0,0.4932381843398764
0.4052187578460476,0.403149015186784,0.0,0.0,0.0,0.44376542396799,0.4161128998133394,0.4616004866392037,0.3849222388172006,0.391194099127329,0.0,0.0,0.4562691694633327,0.0,0.4302622661266618,0.0,0.3902500962617756,0.3483097927570667,0.0,0.4148191186118801,0.4176944593184546,0.3924723306093279,0.431693209268553,0.3490689525788261,0.3832402412391955,0.4194330056149227,0.429494788419531,0.4618335388278948,0.4392098235442285,0.4177678086821472,0.3697202989789196,0.4370775024345775,0.3812848836080335,0.3907942189881331,0.4353861191752068,0.0,0.0,0.0,0.4611345660186938,0.4554166227597829,0.4406277058655771,0.46973152486419,0.0,0.0,0.0,0.4807147789327483,0.4714195460130116,0.0,0.0,0.0,0.0,0.0,0.0,0.0,0.0,0.0,0.0,0.0,0.0,0.4872954773023454,0.4482417296577943,0.0,0.4243658003528812,0.0,0.4780027719333388,0.4712004904002529,0.460656469823799,0.0,0.0,0.4436521014346617,0.4789471116248717,0.0,0.0,0.0,0.0,0.4395618102951431
0.0,0.0,0.0,0.0,0.0,0.0,0.3780269800204474,0.0,0.0,0.3315134170255706,0.0,0.3509364153550435,0.408413928085735,0.0,0.0,0.3902500962617756,0.0,0.3349037397051284,0.0,0.3727418655622573,0.0,0.3856414388538236,0.0,0.3593330131276391,0.3422543523762892,0.32426513108651,0.0,0.4107860068275985,0.0,0.0,0.3473378472421822,0.415913430714863,0.3505862963343796,0.3635329010458006,0.3579378186651961,0.0,0.0,0.3467944454757345,0.0,0.4251765959362459,0.4116454867565518,0.0,0.0,0.0,0.0,0.0,0.0,0.0,0.0,0.0,0.0,0.0,0.0,0.0,0.4674315343118806,0.0,0.4913918395040333,0.0,0.0,0.0,0.0,0.4615757455279439,0.4670791030533786,0.0,0.0,0.0,0.0,0.0,0.4815738260619905,0.4504005410606809,0.4506106908873734,0.0,0.0,0.0,0.0,0.0
0.3908944042809749,0.406656276465221,0.0,0.0,0.0,0.4403084388438056,0.3975497782110974,0.0,0.0,0.3548689523052255,0.0,0.3365823023809368,0.4466670488409814,0.0,0.4027750393020439,0.3483097927570667,0.3349037397051284,0.0,0.0,0.4238183576555482,0.4051238059533248,0.4148309671100585,0.4288681480265319,0.3625696329031588,0.345300326406633,0.3783802067410402,0.4260515265136606,0.4472390570202548,0.4405723962792401,0.0,0.3674170029999914,0.4262837666837757,0.3500230754203751,0.3907427511396996,0.4055406592409035,0.0,0.0,0.0,0.4438227826291637,0.4127294541126734,0.4267010332646036,0.4378100936110093,0.0,0.0,0.0,0.4412923124711756,0.4590310553682915,0.0,0.0,0.0,0.0,0.0,0.0,0.0,0.446082889239442,0.0,0.4568190284716432,0.0,0.0,0.0,0.4302695701300629,0.4423576926339821,0.4319454730956205,0.0,0.0,0.0,0.443211507716678,0.0,0.5006977507661896,0.4409730573207052,0.4545087067503314,0.0,0.0,0.0,0.0,0.4442600386282303
0.0,0.0,0.2747145141943338,0.3896211508225848,0.3609819245273105,0.3626581418738476,0.4317711364688449,0.4392600431498404,0.2783595630882097,0.4483078271263098,0.2688221125688841,0.0,0.4499535853508621,0.4015987056301102,0.0,0.0,0.0,0.0,0.0,0.0,0.0,0.0,0.2887542493192616,0.0,0.0,0.0,0.3501399219048152,0.44397302134952,0.0,0.0,0.4611873122350817,0.4046595202489991,0.0,0.4597046503159981,0.4270378768636693,0.4055390517917099,0.4119816412141903,0.0,0.5181578598588483,0.0,0.0,0.0,0.5029919103509464,0.0,0.0,0.0,0.0,0.4762994132184152,0.0,0.0,0.5666069209930192,0.0,0.5546607651695428,0.5684129803972702,0.0,0.3065478568822657,0.0,0.0,0.6054752965074977,0.0,0.0,0.0,0.0,0.5706476533041833,0.0,0.0,0.0,0.5778013263938275,0.0,0.0,0.0,0.5703743378647762,0.0,0.0,0.0,0.0
0.439532353755367,0.4102920560279527,0.0,0.0,0.0,0.412406119807896,0.4321191613237093,0.4070588500497432,0.0,0.0,0.0,0.0,0.4359985769949664,0.0,0.3404347628772045,0.4148191186118801,0.3727418655622573,0.4238183576555482,0.0,0.0,0.4074542281379024,0.3468682288292089,0.2973359809427214,0.0,0.3949454018667047,0.4254767046555495,0.3144598374881966,0.3832781236584989,0.3402912006473127,0.3394380928223051,0.3820540765439575,0.426724058301081,0.3538750063448528,0.4329829566961605,0.4645618557900665,0.4885296274296878,0.449757266570129,0.0,0.461883298557611,0.4592319639669638,0.5220036865991075,0.5140753581654889,0.0,0.0,0.0,0.0,0.4624756489060562,0.0,0.0,0.0,0.4300295987577449,0.0,0.4599699572246408,0.0,0.0,0.0,0.0,0.0,0.0,0.5101450704997879,0.0,0.0,0.0,0.0,0.4850759205823846,0.4787219639946012,0.477266551183156,0.5049014989401098,0.0,0.0,0.5095297542800762,0.4959050126215114,0.464494226190935,0.4996328634948547,0.0,0.4765067534964822
0.3710425004759234,0.4260940634626496,0.0,0.0,0.0,0.4480714320456005,0.0,0.4126753366304828,0.0,0.0,0.0,0.0,0.4506825690114344,0.4696629526359573,0.3655014561962957,0.4176944593184546,0.0,0.4051238059533248,0.0,0.4074542281379024,0.0,0.4328540936478409,0.3843988252255528,0.4618525516064667,0.4272562702311249,0.38423785691548,0.4014782338170909,0.4596570919673734,0.4278064689562992,0.0,0.4117481414946009,0.4199505765467632,0.3941443540055963,0.4163964386261901,0.4854561377604384,0.4274662904652421,0.0,0.0,0.4747250263624498,0.4006989278133087,0.475075725430865,0.5235151897644711,0.0,0.0,0.0,0.4434803958099218,0.5018226869704432,0.0,0.0,0.0,0.4450275001600131,0.0,0.2820667365620539,0.0,0.0,0.0,0.0,0.0,0.0,0.4940242416493905,0.4749377589086778,0.0,0.0,0.0,0.4743550865850775,0.4259871905685222,0.4901163493621169,0.4535708913020658,0.0,0.4314290394802714,0.5113939029732281,0.4818946930449856,0.0,0.4497941444835783,0.0,0.0
0.4161092821571244,0.4025677970162671,0.0,0.0,0.0,0.4375475604953603,0.4503161991950331,0.444430641576113,0.4193069129171709,0.3670255082582658,0.0,0.0,0.4658982039694167,0.0,0.3762725549727145,0.3924723306093279,0.3856414388538236,0.4148309671100585,0.0,0.3468682288292089,0.4328540936478409,0.0,0.3699948052344933,0.0,0.3951603844463831,0.4108016532989406,0.4265426586997484,0.4378792339312658,0.4169417066698428,0.4138651145750047,0.3785481050928974,0.4287951943791054,0.3774994310160613,0.4060792889538242,0.455684230810588,0.383035932740471,0.4575195158118926,0.0,0.4772503495620416,0.4825381400347444,0.471005437187886,0.5172314538944119,0.0,0.0,0.0,0.506633802165871,0.4803375053903523,0.0,0.0,0.0,0.4554980553500329,0.0,0.0,0.0,0.0,0.0,0.0,0.0,0.0,0.5230473817981481,0.4725494384491821,0.0,0.4041519730219811,0.0,0.4979305076305871,0.5103082159888959,0.4920396659952962,0.4904252328018524,0.0,0.4344019081302389,0.5175074292416021,0.5095013707279124,0.0,0.4813780366124408,0.0,0.4616016463205225
0.4567298327907136,0.4230693360000159,0.3427426246026202,0.4098598142388711,0.3779315953354392,0.3876203114387124,0.4148245026661646,0.3802463927381206,0.3959964585076953,0.4479463864931099,0.2538882181467154,0.0,0.4330053000350083,0.3951620615967414,0.3378553091770254,0.431693209268553,0.0,0.4288681480265319,0.2887542493192616,0.2973359809427214,0.3843988252255528,0.3699948052344933,0.0,0.4944791463843734,0.4251622576249175,0.4483637820330109,0.3428667467005329,0.4369667441570051,0.4134639447586727,0.4195723705930983,0.4335967851386195,0.4162986516544446,0.3800371992912786,0.4514883888635612,0.4662898244821248,0.4356071744109789,0.4430219917811517,0.0,0.5105415289093634,0.4984089685863128,0.5221776032678437,0.5405765038415491,0.4944862698785183,0.0,0.0,0.0,0.4767840211527959,0.5562477105026628,0.0,0.5416301951855278,0.5346817273781108,0.5605732742541307,0.4952459217033277,0.5622113233503745,0.0,0.5189322987373771,0.0,0.537344083944869,0.5136520448491454,0.5031335261218998,0.0,0.0,0.0,0.5684528062723465,0.5040917575377238,0.438749284510768,0.5152231144463819,0.5111654225546595,0.0,0.0,0.4902990093724584,0.5312730300504009,0.5287579637885254,0.5080744418465314,0.526201929969765,0.5356230852006673
0.3729769419241083,0.0,0.0,0.0,0.0,0.0,0.3795618563009912,0.4964011873430776,0.0,0.3242977242325557,0.0,0.2672324713682041,0.4150467861815594,0.0,0.0,0.3490689525788261,0.3593330131276391,0.3625696329031588,0.0,0.0,0.4618525516064667,0.0,0.4944791463843734,0.0,0.3325167345010937,0.3132585597680971,0.4042367953727677,0.3797641588545077,0.0,0.0,0.3468670903207016,0.283429988044096,0.2542197020968181,0.2700649424900045,0.2887849006378399,0.2980637770780877,0.0,0.2450552924177461,0.3470723947842359,0.3968168045184571,0.3925602603504369,0.0,0.0,0.0,0.3555662249083273,0.3476677471191023,0.0,0.0,0.0,0.0,0.0,0.0,0.0,0.0,0.4461460948178866,0.0,0.4582880899738146,0.0,0.0,0.0,0.0,0.4709841310185917,0.4592763184702466,0.0,0.0,0.0,0.0,0.0,0.4011444868261609,0.4579497745763127,0.4514870405869465,0.0,0.0,0.0,0.0,0.4689022413325319
0.3729479190908935,0.3810061129915987,0.0,0.0,0.3606575332672127,0.3866597347614077,0.3619767552632961,0.469757973527749,0.0,0.3304013152066885,0.0,0.3214895369983308,0.4146254855609108,0.0,0.3837080056444197,0.3832402412391955,0.3422543523762892,0.345300326406633,0.0,0.3949454018667047,0.4272562702311249,0.3951603844463831,0.4251622576249175,0.3325167345010937,0.0,0.3424813199508685,0.3998906972821656,0.4219514469756986,0.427476791773082,0.0,0.3672469713798084,0.3869086715955106,0.3144623885583116,0.3533038992140992,0.3640637562962963,0.0,0.0,0.3238501418450154,0.4483622771608543,0.4191058852978019,0.4303324103301882,0.4526978974183104,0.0,0.0,0.0,0.4337563381339064,0.4622035837360636,0.0,0.0,0.0,0.0,0.0,0.0,0.0,0.4536532586472232,0.0,0.4541687343332749,0.0,0.0,0.0,0.442041574052117,0.4504907639344463,0.4409487725245092,0.0,0.4152133742309695,0.4074391538372782,0.4535524171551853,0.0,0.4542264859431486,0.4456837080082247,0.4528992359995967,0.0,0.0,0.0,0.0,0.4491542697568325
0.3641789714714486,0.3794060570201229,0.0,0.0,0.0,0.4167336829808645,0.3857246182170243,0.468282766702968,0.0,0.3059530450430457,0.0,0.2726755428795702,0.420163700419598,0.0,0.3338185185554963,0.4194330056149227,0.32426513108651,0.3783802067410402,0.0,0.4254767046555495,0.38423785691548,0.4108016532989406,0.4483637820330109,0.3132585597680971,0.3424813199508685,0.0,0.4543574483120914,0.410234999823802,0.4104298827023316,0.0,0.3790125041494077,0.4250147554020052,0.3583904640822944,0.385351201510665,0.4211018079869025,0.3968115979080373,0.0,0.3191400036348462,0.4846577325829312,0.4366259426585432,0.4575038104032998,0.4951708130096996,0.0,0.0,0.415702817664535,0.4788204700424444,0.4982267622436166,0.0,0.0,0.0,0.0,0.0,0.0,0.0,0.4572403501666034,0.0,0.4550336480830262,0.0,0.0,0.5663134098667992,0.4874897351868117,0.4572720189462267,0.4545417398843842,0.0,0.5135256686333517,0.5252329144265497,0.5106020280113186,0.4926304344727495,0.4441992221037913,0.4586622077156139,0.4837557007840045,0.5118269709185013,0.0,0.496663850502079,0.0,0.4639316440310213
0.4575306065545343,0.4144198071561508,0.3165200200642423,0.4102982356590748,0.3830307758006451,0.3693451538118732,0.4125367209368418,0.4560722373023775,0.383282799424651,0.4137208813656495,0.3916630603124825,0.0,0.4356642583124475,0.4520233706359959,0.4017117171382648,0.429494788419531,0.0,0.4260515265136606,0.3501399219048152,0.3144598374881966,0.4014782338170909,0.4265426586997484,0.3428667467005329,0.4042367953727677,0.3998906972821656,0.4543574483120914,0.0,0.4297283846290415,0.3519378287241578,0.3851026009535649,0.3917411788081823,0.4102476415258578,0.3585660201280692,0.4328541214900603,0.4418742453028885,0.463727766252641,0.4442326241122508,0.0,0.5014921128492742,0.0,0.5154679825443977,0.478395539845567,0.5172215927794088,0.0,0.0,0.0,0.4271415382571344,0.5474300259314853,0.0,0.0,0.5457367930993742,0.5852694047914161,0.5201366567901504,0.5702255075888182,0.0,0.535609777735017,0.0,0.6121675338282191,0.0,0.4920157808394331,0.0,0.0,0.0,0.5724391352399457,0.4968416637898808,0.4805382941053134,0.496816549666585,0.5404102338222017,0.0,0.0,0.499028737863497,0.5238304100861528,0.5515468256557541,0.5040250188307545,0.5034796518640322,0.5174406458071771
0.4391051454769841,0.4206464606336288,0.449495688914912,0.2779498423458866,0.3809819438072523,0.401261820783839,0.3711565035569077,0.4524314175775099,0.4422403205946816,0.3881994070619113,0.4465266567299173,0.359854157143957,0.3741809302814179,0.3384121320932843,0.4051507870240175,0.4618335388278948,0.4107860068275985,0.4472390570202548,0.44397302134952,0.3832781236584989,0.4596570919673734,0.4378792339312658,0.4369667441570051,0.3797641588545077,0.4219514469756986,0.410234999823802,0.4297283846290415,0.0,0.3498015307071989,0.3181037020382077,0.3892968951232909,0.3821859760621993,0.3446289685167236,0.4007901866077118,0.3695924975426915,0.2921670594605149,0.2912223718598865,0.3671320084658129,0.4341600680224746,0.0,0.3975441981974145,0.4019703797922495,0.4272335343862324,0.0,0.0,0.0,0.0,0.0,0.0,0.0,0.5514052564388893,0.0,0.5262440944285711,0.0,0.0,0.0,0.0,0.0,0.0,0.4783812092090428,0.0,0.0,0.0,0.0,0.4975311902504243,0.4865664199333274,0.0,0.5241627176163952,0.0,0.0,0.0,0.5230351470140476,0.5315906946646722,0.5083625324407878,0.0,0.5135656151589588
0.4467605481550846,0.4294099873290747,0.0,0.0,0.0,0.3564079654335315,0.4216568520873957,0.4269110044193358,0.3963129622217701,0.0,0.0,0.0,0.4037707261515034,0.0,0.4177573290721929,0.4392098235442285,0.0,0.4405723962792401,0.0,0.3402912006473127,0.4278064689562992,0.4169417066698428,0.4134639447586727,0.0,0.427476791773082,0.4104298827023316,0.3519378287241578,0.3498015307071989,0.0,0.3556523679972441,0.376868040602398,0.4084288008033399,0.3354188493002692,0.4426831870647307,0.46935730122068,0.4773811856643492,0.4354554777192559,0.0,0.493231359182412,0.0,0.5100389771971429,0.5015598102979231,0.0,0.0,0.0,0.0,0.4488696658121102,0.0,0.0,0.0,0.546917270488834,0.0,0.4915757512183105,0.0,0.0,0.0,0.0,0.4943509932027707,0.0,0.4929477770299019,0.0,0.0,0.0,0.0,0.5016712474578602,0.483383614954257,0.4812419367504761,0.5127786931976487,0.0,0.0,0.462803231842698,0.5126877248564442,0.5259113008195269,0.4928022034448097,0.0,0.5160556893719604
0.0,0.0,0.4248984780565863,0.0,0.0,0.3939644134583803,0.0,0.4331724447336769,0.4036872585747627,0.0,0.0,0.0,0.420530848642802,0.0,0.0,0.4177678086821472,0.0,0.0,0.0,0.3394380928223051,0.0,0.4138651145750047,0.4195723705930983,0.0,0.0,0.0,0.3851026009535649,0.3181037020382077,0.3556523679972441,0.0,0.3428552532710039,0.3995736184121123,0.0,0.3938848429964471,0.375274317527674,0.0,0.0,0.0,0.4877997938700231,0.0,0.0,0.0,0.0,0.0,0.0,0.0,0.0,0.0,0.0,0.0,0.0,0.0,0.0,0.0,0.0,0.0,0.0,0.0,0.0,0.0,0.0,0.0,0.0,0.0,0.4817107790155268,0.0,0.0,0.5212399098455734,0.0,0.0,0.0,0.5202431583725481,0.0,0.0,0.0,0.0
0.3835488992200616,0.3790113043165526,0.4611982668016112,0.0,0.4383556437192466,0.4086197983050093,0.4093653671445242,0.4529131455041314,0.4589818438560146,0.3224949043152348,0.4721113452702934,0.3294815357491272,0.4212484367923357,0.0,0.4072793200234731,0.3697202989789196,0.3473378472421822,0.3674170029999914,0.4611873122350817,0.3820540765439575,0.4117481414946009,0.3785481050928974,0.4335967851386195,0.3468670903207016,0.3672469713798084,0.3790125041494077,0.3917411788081823,0.3892968951232909,0.376868040602398,0.3428552532710039,0.0,0.377584691422957,0.3220263821766027,0.3068957531155965,0.2338202939721048,0.4100235642707267,0.3031617326699838,0.3022625078988156,0.4954074160155826,0.346412382998648,0.369551836294233,0.0,0.0,0.0,0.0,0.4340192641361617,0.4464601691573878,0.0,0.0,0.0,0.5537522948021332,0.0,0.5029675378216798,0.0,0.4043193494368392,0.0,0.4269877489535697,0.0,0.0,0.4881926560631775,0.4348611886851738,0.0,0.4295532308579317,0.0,0.5007311644415998,0.4315671050305634,0.4542233229893976,0.5228284973955534,0.454336989399103,0.4400778561064782,0.455347623021834,0.5265604738846581,0.5076552793115264,0.519512095333434,0.0,0.4482219813453369
0.4089758832147764,0.4139195437057125,0.4292031592477021,0.2748838093145081,0.3623985968148592,0.4107193059242289,0.3686005877090134,0.3817991697257936,0.4208274092948904,0.3458339435630317,0.399920937397913,0.2656951384936678,0.3900821081743514,0.3079459977790986,0.4300362751408572,0.4370775024345775,0.415913430714863,0.4262837666837757,0.4046595202489991,0.426724058301081,0.4199505765467632,0.4287951943791054,0.4162986516544446,0.283429988044096,0.3869086715955106,0.4250147554020052,0.4102476415258578,0.3821859760621993,0.4084288008033399,0.3995736184121123,0.377584691422957,0.0,0.3328905686349947,0.362453773780286,0.3718350512894214,0.2728914576591863,0.3093678499474995,0.27091365968463,0.3160964028689934,0.2762518005294785,0.3124727425432559,0.3351994058945021,0.3171667905521522,0.2776498176590632,0.2874312218976277,0.4769366935169783,0.4793827716585785,0.5258715911035717,0.0,0.0,0.4819075470215884,0.0,0.4749538142813628,0.4860282800793864,0.0,0.4494644804024096,0.2577237909350298,0.389487518011248,0.0,0.4989956418812425,0.5025337823355271,0.0,0.4276433196871758,0.4593487386007372,0.473169856203779,0.4679423877732876,0.4768323722110824,0.5057348233451953,0.0,0.4731021544499818,0.4856370820185864,0.499457694970369,0.3647233546286295,0.4798492986526965,0.0,0.4645641701994255
0.3392910744084773,0.3675041324620541,0.0,0.0,0.0,0.3845258618815085,0.3480144395912529,0.4530956148567235,0.3902046208503283,0.3201569552182547,0.3746442270451146,0.2793531694128224,0.3856586491323854,0.0,0.4107671470854283,0.3812848836080335,0.3505862963343796,0.3500230754203751,0.0,0.3538750063448528,0.3941443540055963,0.3774994310160613,0.3800371992912786,0.2542197020968181,0.3144623885583116,0.3583904640822944,0.3585660201280692,0.3446289685167236,0.3354188493002692,0.0,0.3220263821766027,0.3328905686349947,0.0,0.2446359885356518,0.3202522393040287,0.3429545765591355,0.2796072255791513,0.1938162084534079,0.2417317507948268,0.3288667699977776,0.2931877583201264,0.0,0.0,0.0,0.3039139094022794,0.393300242882472,0.4737160618853532,0.0,0.0,0.0,0.0,0.0,0.0,0.0,0.4079896454251709,0.0,0.4283955184408383,0.0,0.0,0.5067035912024763,0.4499311976611902,0.4321245240145399,0.4652931548581833,0.0,0.4292520486147104,0.4535637948148905,0.4840520799605081,0.4646528470527591,0.3912992006272926,0.4428835513792424,0.4540360136700593,0.4864377887095029,0.0,0.0,0.0,0.4198839425482955
0.3937485430974704,0.3780956808414139,0.4696781254937771,0.3227237549225725,0.4290330678505562,0.4282913083811257,0.3790773744716984,0.4611331585341497,0.4567809398835354,0.3090830995293926,0.4576049110062398,0.2478032602716738,0.4182345116903178,0.4160556802986626,0.4265221733103316,0.3907942189881331,0.3635329010458006,0.3907427511396996,0.4597046503159981,0.4329829566961605,0.4163964386261901,0.4060792889538242,0.4514883888635612,0.2700649424900045,0.3533038992140992,0.385351201510665,0.4328541214900603,0.4007901866077118,0.4426831870647307,0.3938848429964471,0.3068957531155965,0.362453773780286,0.2446359885356518,0.0,0.2596492651963634,0.3945104214077879,0.3040302803549711,0.2199149177505093,0.3398419988287241,0.2788855438828559,0.304257185946129,0.3562226956062079,0.2771286302308122,0.0,0.2871784618715912,0.4185104164641375,0.4635983917922634,0.0,0.0,0.0,0.5602624085908054,0.0,0.4954091424783178,0.0,0.3826470480173244,0.0,0.3906498129940426,0.0,0.0,0.5112766189679742,0.44748731577124,0.0,0.4437525094396755,0.0,0.4979332034956395,0.4766266228690797,0.4766850984721513,0.525060579925657,0.0,0.4448250183031101,0.4716163043032174,0.5201459752074936,0.4130168324035211,0.5124196975337115,0.0,0.4684863154341165
0.4046798495800643,0.4135252604041901,0.4360745648548972,0.2930831254748774,0.4114655214841062,0.4297043005945152,0.3642331232581576,0.443468233608973,0.4371549452629504,0.2735960570624942,0.4339275528460246,0.3065958336563945,0.3947291936747363,0.0,0.4649228997343544,0.4353861191752068,0.3579378186651961,0.4055406592409035,0.4270378768636693,0.4645618557900665,0.4854561377604384,0.455684230810588,0.4662898244821248,0.2887849006378399,0.3640637562962963,0.4211018079869025,0.4418742453028885,0.3695924975426915,0.46935730122068,0.375274317527674,0.2338202939721048,0.3718350512894214,0.3202522393040287,0.2596492651963634,0.0,0.4237833629825017,0.3488849288601916,0.2598739182337054,0.323961778762479,0.0,0.3026407522180046,0.3344131915399947,0.3123254533145899,0.3005768721002676,0.0,0.0,0.4887073612256092,0.0,0.0,0.0,0.0,0.0,0.0,0.0,0.0,0.0,0.0,0.0,0.0,0.5358453197066047,0.4546833153064364,0.0,0.0,0.0,0.4833920299478176,0.5117322594594278,0.5071035823465019,0.466735826093224,0.0,0.4523867817362884,0.5181547660659986,0.4761810322842794,0.0,0.47671961585016,0.0,0.0
0.0,0.0,0.437135709358158,0.2088228989394044,0.2748779091571686,0.4375408441945989,0.3153105441483976,0.2586843707424131,0.4066762186601615,0.3626335081978737,0.352452808421296,0.297450984878784,0.3337591782158429,0.2235569539620525,0.4831806515967179,0.0,0.0,0.0,0.4055390517917099,0.4885296274296878,0.4274662904652421,0.383035932740471,0.4356071744109789,0.2980637770780877,0.0,0.3968115979080373,0.463727766252641,0.2921670594605149,0.4773811856643492,0.0,0.4100235642707267,0.2728914576591863,0.3429545765591355,0.3945104214077879,0.4237833629825017,0.0,0.206317436341774,0.3003495014544891,0.2855647127463371,0.3058970478270508,0.307742911728034,0.3265269085976333,0.3432770627746495,0.289024067187519,0.0,0.0,0.0,0.4972888161923287,0.0,0.0,0.4160636545382154,0.4344456450172316,0.0,0.4692198369524564,0.0,0.4139141485062362,0.0,0.4065356912155232,0.4646987417972527,0.0,0.0,0.0,0.0,0.4724978661586195,0.0,0.0,0.0,0.451008395874681,0.0,0.0,0.0,0.3951960113772362,0.3387390605354458,0.3479695762375434,0.0,0.0
0.0,0.0,0.4132386869015758,0.2007744588970752,0.3639179212000665,0.429530602886194,0.3253431238166976,0.4252035051255125,0.4355658642677619,0.2901461914665474,0.439354289750431,0.3373878210759352,0.3501639886984964,0.1784848899848343,0.0,0.0,0.0,0.0,0.4119816412141903,0.449757266570129,0.0,0.4575195158118926,0.4430219917811517,0.0,0.0,0.0,0.4442326241122508,0.2912223718598865,0.4354554777192559,0.0,0.3031617326699838,0.3093678499474995,0.2796072255791513,0.3040302803549711,0.3488849288601916,0.206317436341774,0.0,0.3092148452121807,0.2759876613071451,0.0,0.3089768400142789,0.3252942609093131,0.0,0.0,0.0,0.0,0.0,0.0,0.0,0.0,0.0,0.0,0.0,0.0,0.0,0.0,0.0,0.0,0.0,0.0,0.0,0.0,0.0,0.0,0.0,0.0,0.0,0.0,0.0,0.0,0.0,0.0,0.0,0.0,0.0,0.0
0.0,0.0,0.0,0.0,0.382190738265728,0.0,0.3668115439118389,0.0,0.4237689773864482,0.2967504686396056,0.413589282908159,0.2206093624751924,0.3984064143950277,0.0,0.0,0.0,0.3467944454757345,0.0,0.0,0.0,0.0,0.0,0.0,0.2450552924177461,0.3238501418450154,0.3191400036348462,0.0,0.3671320084658129,0.0,0.0,0.3022625078988156,0.27091365968463,0.1938162084534079,0.2199149177505093,0.2598739182337054,0.3003495014544891,0.3092148452121807,0.0,0.2547411225718051,0.2913645930112566,0.2805518688342288,0.3692699708409903,0.0,0.0,0.3261299736369643,0.0,0.0,0.0,0.0,0.0,0.0,0.0,0.0,0.0,0.3902664141264219,0.0,0.3637116432430958,0.0,0.0,0.0,0.0,0.0,0.0,0.0,0.0,0.0,0.0,0.0,0.3672540771848337,0.0,0.3770388451212484,0.0,0.0,0.0,0.0,0.0
0.4512739987864677,0.4793598497081671,0.5296286378241088,0.0,0.0,0.508186309348091,0.0,0.4692968717749072,0.5301935079053695,0.4323125922564687,0.4237795776240083,0.269594983852876,0.4192223868605704,0.0,0.4984948929312369,0.4611345660186938,0.0,0.4438227826291637,0.5181578598588483,0.461883298557611,0.4747250263624498,0.4772503495620416,0.5105415289093634,0.3470723947842359,0.4483622771608543,0.4846577325829312,0.5014921128492742,0.4341600680224746,0.493231359182412,0.4877997938700231,0.4954074160155826,0.3160964028689934,0.2417317507948268,0.3398419988287241,0.323961778762479,0.2855647127463371,0.2759876613071451,0.2547411225718051,0.0,0.3069129857085107,0.3514066151435133,0.3693891134047181,0.2578370990809694,0.3126360369979434,0.2701623559920852,0.416164828514238,0.4104657255308848,0.4324555986348975,0.2920511518453812,0.3677426202829479,0.4086728475859288,0.3567338855740898,0.3569911058902367,0.4382164474485763,0.3007084823115262,0.3697229899214138,0.2752139295235368,0.3768244911248455,0.3350687140769098,0.4308989093662557,0.4222613581265848,0.3956164289992035,0.4047106045840833,0.4108716922959251,0.4327143859669743,0.4070465409474116,0.4148570602552045,0.4088677863501345,0.331219520475294,0.3864027255745008,0.4196262527161183,0.4199443327286896,0.3520718272183425,0.3970088635443508,0.3880518372698215,0.395979437361846
0.409032166968702,0.4604380581272502,0.0,0.0,0.0,0.0,0.0,0.0,0.0,0.3861080382090904,0.0,0.4158993482453275,0.0,0.0,0.4826422081573333,0.4554166227597829,0.4251765959362459,0.4127294541126734,0.0,0.4592319639669638,0.4006989278133087,0.4825381400347444,0.4984089685863128,0.3968168045184571,0.4191058852978019,0.4366259426585432,0.0,0.0,0.0,0.0,0.346412382998648,0.2762518005294785,0.3288667699977776,0.2788855438828559,0.0,0.3058970478270508,0.0,0.2913645930112566,0.3069129857085107,0.0,0.2443548100953572,0.3598563216459632,0.3550935596115858,0.2562381881133603,0.2038676430552868,0.3470956496224434,0.3429221201569334,0.0,0.0,0.390965453226189,0.4001439464839324,0.337322940648833,0.3771470991610092,0.4258148400073865,0.3131046152570113,0.4390433935467082,0.3208448329033693,0.3813669530014792,0.0,0.3885557171655266,0.3346424711817255,0.3323926464469973,0.3231472420448216,0.0,0.3763421455685147,0.3324898500990935,0.3602076496075252,0.3958593137235003,0.292045261267146,0.3072435518154044,0.3408697710011787,0.3511309275174605,0.316095927482397,0.3546596238812177,0.3463810780443591,0.3289450999730739
0.4084100044051216,0.4510633514568978,0.0,0.0,0.0,0.5478456622546901,0.0,0.5030061239797706,0.0,0.3812416512394301,0.0,0.3950002498796958,0.0,0.0,0.5032356514541065,0.4406277058655771,0.4116454867565518,0.4267010332646036,0.0,0.5220036865991075,0.475075725430865,0.471005437187886,0.5221776032678437,0.3925602603504369,0.4303324103301882,0.4575038104032998,0.5154679825443977,0.3975441981974145,0.5100389771971429,0.0,0.369551836294233,0.3124727425432559,0.2931877583201264,0.304257185946129,0.3026407522180046,0.307742911728034,0.3089768400142789,0.2805518688342288,0.3514066151435133,0.2443548100953572,0.0,0.3106678603284378,0.3922950023297434,0.2742726796751983,0.2287560474325391,0.3649138503724555,0.3532037530200703,0.4641914611241332,0.2482637515414533,0.4179006713785962,0.434052849706649,0.3666088369489583,0.4521246768325666,0.4739782560655524,0.3101604235608771,0.4637515554303172,0.2907532041933429,0.3926202114774739,0.3821941828996964,0.4219581898849493,0.3762376193359073,0.3499884000494708,0.3727086478850531,0.4522976632000318,0.4140384476831859,0.4115636668330186,0.392871051762781,0.4487849956826069,0.2863627070571187,0.3382708377819159,0.36103435562086,0.4280785910772323,0.3288479537564166,0.3974398875307552,0.3619788878535747,0.2469576562413312
