0.0,0.2545228834907234,0.0,0.0,0.0,0.2601176430375299,0.0,0.348350300456164,0.0,0.3257353937703262,0.0,0.2822986039918345,0.0,0.0,0.2511664672815076,0.254145870495929,0.2452100056132068,0.2476726684957857,0.0,0.2913275067175793,0.2658855151934895,0.2748168294682347,0.3123283266977313,0.2711500696718512,0.243176579335262,0.245356473266469,0.2873214038381028,0.2896760235982719,0.2922305458543565,0.0,0.2349603868254158,0.2610119249224353,0.2128366240710224,0.2031961751906155,0.2393303140559425,0.0,0.0,0.0,0.0,0.2728729230279788,0.0,0.0,0.0,0.0,0.0,0.2625834526208128,0.3029158667998871,0.0,0.0,0.0,0.0,0.0,0.0,0.0,0.2737236591457142,0.0,0.0,0.0,0.0,0.0,0.2906549046079504,0.0,0.2856403239744101,0.0,0.0,0.1141801518370303,0.3056745741796051,0.0,0.0,0.2824183286588203,0.3042893899432879,0.0,0.0,0.0,0.0,0.0
0.2545228834907234,0.0,0.0,0.0,0.2702919036458364,0.2819846148440909,0.3018645970791293,0.3043705652723925,0.2698262589211513,0.0,0.0,0.0,0.3045985035509055,0.0,0.2757216204669734,0.2791630834798415,0.0,0.280522615512888,0.0,0.2952063378801111,0.2703864080342622,0.2842077914500779,0.2805145034875193,0.0,0.2741328680772771,0.2798087320481727,0.2910149627361532,0.3151638027246684,0.2965164845404474,0.0,0.247480068594186,0.2733927080860186,0.2397487371861668,0.2412193269507555,0.2638428660732823,0.0,0.0,0.0,0.2882472104966768,0.2748500971618136,0.2856621506589162,0.304713813314686,0.0,0.0,0.0,0.2925506196188205,0.3060812111033245,0.0,0.0,0.0,0.2719087868722866,0.0,0.0,0.0,0.0,0.0,0.0,0.0,0.0,0.3025643089631298,0.2899706449220596,0.0,0.2669573223986798,0.0,0.302868049177325,0.3056798644949213,0.3070764055633037,0.2841448165601654,0.0,0.2710055603783353,0.3114854270257045,0.2997951978593755,0.0,0.3033592416532505,0.0,0.2726716170306792
0.0,0.0,0.0,0.2671442252357732,0.2520236239264288,0.2627321050291344,0.2823422211689783,0.3133760373985306,0.241537338029866,0.2721808955953219,0.2327915969987018,0.0,0.2961745332278837,0.2895237585911014,0.0,0.0,0.0,0.0,0.1933506365836363,0.0,0.0,0.0,0.2400948107496437,0.0,0.0,0.0,0.2340636887221041,0.3037473126828335,0.2116792521754428,0.2887098482447456,0.3110067988580784,0.2890566696782856,0.0,0.3218662547291261,0.3203264390614418,0.2784567424286205,0.2895566676994837,0.0,0.3436547847844612,0.0,0.0,0.0,0.3270699385413932,0.0,0.0,0.0,0.0,0.2254163749704234,0.0,0.332989426109591,0.3771235767121978,0.3358619909006159,0.3637307654881397,0.3859662467991234,0.0,0.274259741852666,0.0,0.3354046583125464,0.3507539544996258,0.0,0.0,0.0,0.0,0.2180435875618824,0.0,0.0,0.0,0.3800438834223813,0.0,0.0,0.0,0.3857808194858753,0.0,0.0,0.0,0.0
0.0,0.0,0.2671442252357732,0.0,0.1665084860013984,0.2963950855178864,0.1864301334019828,0.2012120813913677,0.2818555607461512,0.0,0.2623475930118495,0.0,0.216204014236952,0.1799201791773144,0.0,0.0,0.0,0.0,0.270368504829937,0.3172404064096186,0.0,0.334744873315842,0.2848671720722255,0.0,0.0,0.0,0.2952992513981746,0.230707620352666,0.0,0.0,0.2426324797838688,0.2139342784186234,0.0,0.241228976523325,0.272869881839001,0.149031404537568,0.1417884651020424,0.0,0.0,0.0,0.0,0.0,0.0,0.0,0.0,0.0,0.0,0.0,0.0,0.0,0.0,0.0,0.0,0.0,0.0,0.0,0.0,0.0,0.0,0.0,0.0,0.0,0.0,0.0,0.0,0.0,0.0,0.0,0.0,0.0,0.0,0.0,0.0,0.0,0.0,0.0
0.0,0.2702919036458364,0.2520236239264288,0.1665084860013984,0.0,0.2398476982508483,0.228834295162328,0.2690339498968634,0.226361429761789,0.2960223339135657,0.2226342350278059,0.2621539644413349,0.2380870616139406,0.1947445368158116,0.0,0.2759580261946469,0.0,0.0,0.2379251428529739,0.289310041436856,0.0,0.3038141813746126,0.259733392339056,0.0,0.2526157165449308,0.2405884466035331,0.2655444016061108,0.2784395862445801,0.2565357194273508,0.0,0.2990660341356057,0.2389966953873198,0.2546795945077847,0.2934714672088964,0.2930653840708749,0.1738937578844097,0.1884931859089557,0.2605395244050508,0.2841456099567081,0.0,0.0,0.0,0.2732561578416548,0.0,0.0,0.0,0.0,0.3377643258240007,0.0,0.0,0.3191155312039246,0.0,0.3012465532476288,0.3245830378436023,0.0,0.3007152177336534,0.0,0.0,0.0,0.0,0.0,0.0,0.0,0.3235437318501794,0.0,0.0,0.0,0.3459571799267672,0.0,0.0,0.0,0.3322449922100081,0.0,0.0,0.0,0.0
0.2601176430375299,0.2819846148440909,0.2627321050291344,0.2963950855178864,0.2398476982508483,0.0,0.2607672869243067,0.287006489909467,0.2313853197663173,0.2951309461472426,0.2513885174945734,0.253382860735702,0.2512210323980302,0.2954919967652232,0.2895353583771234,0.2799860708665957,0.0,0.2507633511088233,0.2475061151494666,0.2653147666280921,0.2727763399947731,0.2852416104720162,0.2596956587485948,0.0,0.2621824963959593,0.2765357759953329,0.2552260923728495,0.2522468149412112,0.2318775159293677,0.281198456992762,0.2924869763250423,0.2874108946606613,0.2466442621573623,0.2933875354157992,0.293256149219347,0.2926914405359194,0.3057024129346574,0.2653002552823504,0.3361445923252695,0.0,0.3233903366403779,0.3125357194764658,0.3341928187265276,0.0,0.0,0.0,0.0,0.3682014248903575,0.0,0.3011973062691351,0.3421527783608576,0.3276072887710737,0.306909666338749,0.3683422275214233,0.0,0.3373155254006545,0.0,0.3310929178119327,0.0,0.2873197343485091,0.0,0.0,0.0,0.3543875239132459,0.3060306134402881,0.2714070642814532,0.2654886370454651,0.344803708020415,0.0,0.0,0.2604330462947268,0.3435967865204063,0.3362636478916952,0.323674401979788,0.0,0.3393197802518486
0.0,0.3018645970791293,0.2823422211689783,0.1864301334019828,0.228834295162328,0.2607672869243067,0.0,0.2854849663122946,0.2554197171118416,0.2865751217319864,0.2830563851089496,0.2707298036146501,0.2202879705346517,0.2277166529249873,0.0,0.314932129276687,0.2692917269450307,0.2875670576016133,0.2831164745212161,0.2901975890666363,0.0,0.3203355450528656,0.2684148176513939,0.0,0.2798980019598025,0.286809409276744,0.2825499570585512,0.267579193534644,0.2758498684270905,0.0,0.2893688802487149,0.2833046962406395,0.270214435284442,0.2839315317229237,0.287501162508218,0.2251945929814576,0.2109132522946619,0.2764480788136302,0.0,0.0,0.0,0.0,0.2959563028302115,0.0,0.0,0.0,0.0,0.0,0.0,0.0,0.2987758378509497,0.0,0.0,0.0,0.0,0.0,0.0,0.0,0.0,0.0,0.0,0.0,0.0,0.0,0.0,0.0,0.0,0.3333837553300638,0.0,0.0,0.0,0.3207897379784829,0.0,0.0,0.0,0.0
0.348350300456164,0.3043705652723925,0.3133760373985306,0.2012120813913677,0.2690339498968634,0.287006489909467,0.2854849663122946,0.0,0.3162045731721255,0.0,0.2825376860755281,0.0,0.2951748755470719,0.2255625541996484,0.0,0.3059230903913633,0.0,0.3166671280984748,0.3031926419869145,0.2699674774897665,0.3028253238128202,0.2791638623525424,0.262982712079489,0.359853759262652,0.3301047496538609,0.3344656955728184,0.2913588073306181,0.297445317028883,0.2485436040914477,0.2742732017395732,0.3060710444359856,0.2807038482456769,0.3101698408586015,0.3061670828932766,0.3125386163603371,0.173705334042407,0.2695011133952426,0.0,0.3132129882463186,0.0,0.3268480101720948,0.0,0.2460270024336716,0.0,0.0,0.0,0.0,0.3555921362999051,0.0,0.2689011486886454,0.3224898977674496,0.2982917650210229,0.2629517312366907,0.3638752139181401,0.0,0.2940256707616668,0.0,0.3099304626741934,0.3290212190618481,0.3215974351688944,0.0,0.0,0.0,0.3347791394846914,0.3409596509760926,0.0,0.0,0.3422404538743218,0.0,0.0,0.0,0.3550823307168064,0.3120272004118053,0.3094376245431841,0.0,0.3108587500212068
0.0,0.2698262589211513,0.241537338029866,0.2818555607461512,0.226361429761789,0.2313853197663173,0.2554197171118416,0.3162045731721255,0.0,0.2941949368009968,0.2301988896392955,0.2676450786358665,0.2724199518750655,0.2627103883444266,0.0,0.2618203406597777,0.0,0.0,0.2178803100192919,0.2722834689308375,0.0,0.2806824427244823,0.2808202716350263,0.0,0.240736452825824,0.2317658055307932,0.2606121860185988,0.3034052742731519,0.2487670872839179,0.2808011301482561,0.3157080817782539,0.2933798485472538,0.2737056551145597,0.3124573293749113,0.3083535216355415,0.2715606814418237,0.3027939689062142,0.291056720415063,0.338821820578473,0.0,0.0,0.0,0.3144441475599695,0.0,0.0,0.0,0.0,0.3643674240684784,0.0,0.2965855647625002,0.362620571409739,0.3156867008653035,0.3604562201257897,0.3674825779398228,0.0,0.3440061531819957,0.0,0.3053148284349589,0.3366454517458112,0.0,0.0,0.0,0.0,0.364491173862872,0.0,0.0,0.0,0.3721668783587249,0.0,0.0,0.0,0.3702172355739674,0.0,0.0,0.0,0.0
0.3257353937703262,0.0,0.2721808955953219,0.0,0.2960223339135657,0.2951309461472426,0.2865751217319864,0.0,0.2941949368009968,0.0,0.2947205569408356,0.1956032279349188,0.286278462837593,0.0,0.0,0.234891568468538,0.2260322825306232,0.2187354118772748,0.2887116120157055,0.0,0.318209534326025,0.2274944490033235,0.3231385590657387,0.2013341368755807,0.2069799414148782,0.2185773103923851,0.2805624398738137,0.2728103876319948,0.0,0.0,0.2332008800003518,0.2241910724048095,0.2030967496798814,0.2030380460168851,0.2007528418358402,0.2713075522967799,0.2157873448148103,0.1882077571797877,0.2186265197726638,0.2145670617835796,0.2140233552668059,0.2141917766690239,0.0,0.0,0.2264343632555245,0.2787831172882664,0.0,0.0,0.0,0.0,0.0,0.0,0.0,0.0,0.2905744239676479,0.0,0.2926036323191355,0.0,0.0,0.0,0.0,0.2901765680856834,0.2709713122467688,0.0,0.0,0.0,0.0,0.0,0.2589958855358261,0.3011058566733972,0.3029292206511665,0.0,0.2439332303560761,0.0,0.0,0.2497393050968548
0.0,0.0,0.2327915969987018,0.2623475930118495,0.2226342350278059,0.2513885174945734,0.2830563851089496,0.2825376860755281,0.2301988896392955,0.2947205569408356,0.0,0.2726311174019591,0.296065977093824,0.2385365532437924,0.0,0.0,0.0,0.0,0.2016225918329685,0.0,0.0,0.0,0.2514093978487547,0.2801674678810343,0.0,0.0,0.2475373121605859,0.3015177025494761,0.0,0.0,0.3122592338106992,0.2737087104148454,0.2586062996978999,0.3046167117304729,0.3028162310681635,0.2463322548448225,0.2803900869787926,0.284903267588614,0.2903558290845546,0.0,0.0,0.0,0.2805216729622161,0.0,0.0,0.0,0.0,0.2795375070828038,0.0,0.2808915830441901,0.3474107853199918,0.2600013522056383,0.3218676597742209,0.3450522891612426,0.0,0.2027195751859283,0.0,0.2467981165202714,0.300237718603133,0.0,0.0,0.0,0.0,0.1999043498358995,0.0,0.0,0.0,0.3686761386401433,0.0,0.0,0.0,0.3683210867463742,0.0,0.0,0.0,0.0
0.2822986039918345,0.0,0.0,0.0,0.2621539644413349,0.253382860735702,0.2707298036146501,0.0,0.2676450786358665,0.1956032279349188,0.2726311174019591,0.0,0.2790181589837095,0.0,0.0,0.0,0.2448689918567097,0.226800777448236,0.0,0.0,0.295491227562232,0.0,0.2929958077633111,0.1853403185099368,0.1993585270041269,0.2040919136437496,0.0,0.2526289623434739,0.0,0.0,0.2262363654381878,0.194504882171166,0.1662758325020634,0.173848120026863,0.2286293896000906,0.2449345009605256,0.208233156120027,0.1493967952102654,0.1953300767741687,0.2181094007980623,0.1867559726967863,0.186334560835957,0.0,0.0,0.2007614848119631,0.0,0.0,0.0,0.0,0.0,0.0,0.0,0.0,0.0,0.299715517674532,0.0,0.3020457986387252,0.0,0.0,0.0,0.0,0.2893414582876573,0.2798622332027649,0.0,0.0,0.0,0.0,0.0,0.2705713950824908,0.2980257341181753,0.3091100232918137,0.0,0.2143584058007116,0.0,0.0,0.2471817630934671
0.0,0.3045985035509055,0.2961745332278837,0.216204014236952,0.2380870616139406,0.2512210323980302,0.2202879705346517,0.2951748755470719,0.2724199518750655,0.286278462837593,0.296065977093824,0.2790181589837095,0.0,0.2475479304036736,0.2728788408056969,0.319821802569134,0.2798082227664202,0.2983177259977322,0.2946399886977922,0.2929731385961657,0.3154092583690246,0.3229766138462186,0.2797691655004049,0.2646105489112187,0.2905826870179241,0.2941346272813652,0.2902089611886826,0.2364952107364665,0.2630341136951445,0.2855398325509963,0.2960813716437009,0.290401742344078,0.2749017438618089,0.2895522408133715,0.2906863524460029,0.2482653406940423,0.2444162171935274,0.2925240313912293,0.318051977088292,0.0,0.2296589200671326,0.0,0.303238484506983,0.0,0.0,0.0,0.0,0.3171728245835035,0.0,0.0,0.3101403803400228,0.0,0.2937593428290982,0.0,0.0,0.0,0.0,0.0,0.0,0.0,0.0,0.0,0.0,0.0,0.2963071347427465,0.0,0.0,0.3395007208902585,0.0,0.0,0.0,0.3375142152523036,0.0,0.3027043792082881,0.0,0.0
0.0,0.0,0.2895237585911014,0.1799201791773144,0.1947445368158116,0.2954919967652232,0.2277166529249873,0.2255625541996484,0.2627103883444266,0.0,0.2385365532437924,0.0,0.2475479304036736,0.0,0.0,0.0,0.0,0.0,0.2760871380604763,0.0,0.3176622073368984,0.0,0.2701317291909608,0.0,0.0,0.0,0.2969074577612156,0.226343402802467,0.0,0.0,0.3005946468939138,0.1849731576311627,0.0,0.2699388323594785,0.0,0.1710162300557018,0.1500620135487998,0.0,0.0,0.0,0.0,0.0,0.0,0.0,0.0,0.0,0.0,0.3091385797677089,0.0,0.0,0.0,0.0,0.0,0.3245721431777015,0.0,0.2846989922378375,0.0,0.0,0.0,0.0,0.0,0.0,0.0,0.2829761832217538,0.0,0.0,0.0,0.3367228247290975,0.0,0.0,0.0,0.3277205254084292,0.0,0.0,0.0,0.0
0.2511664672815076,0.2757216204669734,0.0,0.0,0.0,0.2895353583771234,0.0,0.0,0.0,0.0,0.0,0.0,0.2728788408056969,0.0,0.0,0.2835786300045611,0.0,0.2667779749935578,0.0,0.2528030906158677,0.2488934679399253,0.2408986695430278,0.2657079454814326,0.3094096570087624,0.2614762120663672,0.2506647836129723,0.2854138442335296,0.0,0.2712684071638749,0.0,0.2712671940370323,0.2847442917101345,0.2585302085300757,0.2806952053883046,0.3062174790147802,0.3245176630062331,0.0,0.0,0.3131357602182548,0.3096725464469537,0.3102337941677301,0.3304846554229541,0.0,0.0,0.0,0.0,0.307107539584942,0.0,0.0,0.0,0.3003816203966583,0.0,0.0,0.0,0.0,0.0,0.0,0.0,0.0,0.328721855900199,0.2847473467491449,0.0,0.0,0.0,0.3187167543790566,0.3075779273811064,0.3267780777002692,0.3208692204681052,0.0,0.2371448570282938,0.3097338463471968,0.3255828088657062,0.32266435478713,0.3198817449383983,0.0,0.2893705282851318
0.254145870495929,0.2791630834798415,0.0,0.0,0.2759580261946469,0.2799860708665957,0.314932129276687,0.3059230903913633,0.2618203406597777,0.234891568468538,0.0,0.0,0.319821802569134,0.0,0.2835786300045611,0.0,0.2545381077827514,0.2369762688718788,0.0,0.2814580660669647,0.2722635085626048,0.270304550407732,0.2874788828541924,0.2993511204527952,0.2597755098636835,0.2771897625331321,0.2924354307847328,0.3223676936257531,0.2935367042069757,0.2926824594579694,0.2610996789879292,0.2855093533050443,0.2486782940858885,0.2697078991558092,0.2941208674140936,0.0,0.0,0.0,0.2872874456568963,0.256665264744299,0.2700469220841441,0.284076681522635,0.0,0.0,0.0,0.2869168734448672,0.2931056632193439,0.0,0.0,0.0,0.0,0.0,0.0,0.0,0.0,0.0,0.0,0.0,0.0,0.3053667252209069,0.2792713536045981,0.0,0.2702590055779107,0.0,0.3001993980458845,0.2909095337983027,0.3034738903648092,0.0,0.0,0.2673053717655793,0.2979087192619616,0.2892830382636442,0.0,0.0,0.0,0.2613338116398085
0.2452100056132068,0.0,0.0,0.0,0.0,0.0,0.2692917269450307,0.0,0.0,0.2260322825306232,0.0,0.2448689918567097,0.2798082227664202,0.0,0.0,0.2545381077827514,0.0,0.1981461252549842,0.0,0.2416744345345128,0.0,0.255766692650533,0.0,0.2578042304360931,0.2373488909675241,0.2309520607755272,0.0,0.2763126824671967,0.2168871199649312,0.0,0.2425043509130127,0.2753781114617395,0.2354320816917161,0.2344246922583948,0.2561389141908816,0.0,0.0,0.2163818082641925,0.0,0.2524586035904138,0.0,0.0,0.0,0.0,0.0,0.0,0.0,0.0,0.0,0.0,0.0,0.0,0.0,0.0,0.3028363705055306,0.0,0.2995807040401161,0.0,0.0,0.0,0.0,0.2898533483153164,0.281625374783837,0.0,0.0,0.0,0.0,0.0,0.2845123399022449,0.2962466529144996,0.3028733280588108,0.0,0.0,0.0,0.0,0.0
0.2476726684957857,0.280522615512888,0.0,0.0,0.0,0.2507633511088233,0.2875670576016133,0.3166671280984748,0.0,0.2187354118772748,0.0,0.226800777448236,0.2983177259977322,0.0,0.2667779749935578,0.2369762688718788,0.1981461252549842,0.0,0.0,0.2707222267541016,0.2797607348995434,0.2795089876026637,0.3081708333617606,0.2478480299076651,0.2522819141071843,0.2620946247551221,0.2854509294247055,0.3004395705998074,0.2901433210797287,0.2544946515042572,0.2509860317538974,0.2573788201876556,0.2439358212195555,0.2444693159107548,0.2477131349156143,0.0,0.0,0.0,0.2764400594375486,0.2612849133788793,0.2757526719625209,0.0,0.0,0.0,0.0,0.2815834006961234,0.2849290931985129,0.0,0.0,0.0,0.0,0.0,0.0,0.0,0.2841483479154452,0.0,0.2838962431432026,0.0,0.0,0.0,0.2771946503631274,0.2832390770713072,0.2762075955788773,0.0,0.0,0.0,0.2803295258499592,0.0,0.2713741498505025,0.2776213902152922,0.2929910158559435,0.0,0.0,0.0,0.0,0.280132582663944
0.0,0.0,0.1933506365836363,0.270368504829937,0.2379251428529739,0.2475061151494666,0.2831164745212161,0.3031926419869145,0.2178803100192919,0.2887116120157055,0.2016225918329685,0.0,0.2946399886977922,0.2760871380604763,0.0,0.0,0.0,0.0,0.0,0.0,0.0,0.0,0.2548502899374626,0.0,0.0,0.0,0.2510608644607238,0.3026740328906724,0.0,0.0,0.3103597675753708,0.2761027065541593,0.0,0.3052008255318245,0.3064783244794513,0.2705917968388543,0.2892851735591282,0.264765338815935,0.3412557255252261,0.0,0.0,0.0,0.3064853682845728,0.0,0.0,0.0,0.0,0.2691023267598457,0.0,0.3033136034306946,0.3667292597967171,0.3178773617777855,0.3536749357353742,0.3762260136786046,0.0,0.3128244009745415,0.0,0.0,0.3313538371575477,0.0,0.0,0.0,0.0,0.3581419031449473,0.0,0.0,0.0,0.3742516770008338,0.0,0.0,0.0,0.3732121878606824,0.0,0.0,0.0,0.0
0.2913275067175793,0.2952063378801111,0.0,0.3172404064096186,0.289310041436856,0.2653147666280921,0.2901975890666363,0.2699674774897665,0.2722834689308375,0.0,0.0,0.0,0.2929731385961657,0.0,0.2528030906158677,0.2814580660669647,0.2416744345345128,0.2707222267541016,0.0,0.0,0.2807332573369696,0.2582690853169798,0.1915324380583401,0.0,0.2682563902243763,0.28697666380705,0.2416063180694673,0.2694063485167207,0.2263674586824458,0.2188309048683933,0.2523942869367185,0.2965617538472964,0.2633176116266993,0.2822980966552972,0.3106839656533668,0.3277250614507146,0.3172518020944774,0.0,0.3140266667804845,0.2857521087986228,0.3270250484618671,0.330029201840274,0.0,0.0,0.0,0.0,0.2892782440619963,0.0,0.0,0.0,0.3104792061926701,0.0,0.3275140978115428,0.0,0.0,0.0,0.0,0.2833187552966957,0.0,0.3062519325931414,0.0,0.0,0.0,0.0,0.317518881160105,0.2953588031689701,0.3136807282960536,0.3313730910028179,0.0,0.0,0.3113916509804162,0.3326349721691797,0.3322787473100554,0.3191054694624279,0.0,0.3156090835608551
0.2658855151934895,0.2703864080342622,0.0,0.0,0.0,0.2727763399947731,0.0,0.3028253238128202,0.0,0.318209534326025,0.0,0.295491227562232,0.3154092583690246,0.3176622073368984,0.2488934679399253,0.2722635085626048,0.0,0.2797607348995434,0.0,0.2807332573369696,0.0,0.284258682862279,0.2740486579540269,0.3361849559955278,0.2803954438849246,0.273151002916989,0.2914615846594513,0.3162674860428239,0.277574684884899,0.2901005618386534,0.2572502605664239,0.2839135281939425,0.2441577121361871,0.2620988098171972,0.291375460037059,0.0,0.0,0.0,0.3134625224192584,0.271729782684177,0.2833638771619565,0.3188203636274782,0.0,0.0,0.0,0.249707107756781,0.311815594324254,0.0,0.0,0.0,0.2992358014900532,0.0,0.3091892673269462,0.0,0.0,0.0,0.0,0.0,0.0,0.304559998771624,0.2944950869037416,0.0,0.0,0.0,0.3177826174485366,0.2687277995205285,0.3115849189905346,0.3099980392639757,0.0,0.2396953399282642,0.3258122754567987,0.3186287753142117,0.3125969518625622,0.3086787091175638,0.0,0.2873277338456971
0.2748168294682347,0.2842077914500779,0.0,0.334744873315842,0.3038141813746126,0.2852416104720162,0.3203355450528656,0.2791638623525424,0.2806824427244823,0.2274944490033235,0.0,0.0,0.3229766138462186,0.0,0.2408986695430278,0.270304550407732,0.255766692650533,0.2795089876026637,0.0,0.2582690853169798,0.284258682862279,0.0,0.2794463625363346,0.0,0.2791048073496649,0.2776866064800363,0.2817678011897161,0.313500151045776,0.2720979523208042,0.2739808800927201,0.2631466688237198,0.2898187839287294,0.2687974176374445,0.28098633699316,0.3119950088271702,0.3343774847658049,0.3180251937580944,0.0,0.302169081231396,0.3007119289942586,0.3114293130254749,0.3233602642883197,0.0,0.0,0.0,0.2810615343830606,0.307420822475178,0.0,0.0,0.0,0.2758953709603262,0.0,0.0,0.0,0.0,0.0,0.0,0.0,0.0,0.3280367362834783,0.2948113743376522,0.0,0.2437117532530472,0.0,0.3123775561688763,0.3200802164319603,0.3198047267977547,0.3216959526913137,0.0,0.265817216244374,0.3245432269227283,0.3097506788416528,0.2746821437383397,0.3105253955198521,0.0,0.278196734758831
0.3123283266977313,0.2805145034875193,0.2400948107496437,0.2848671720722255,0.259733392339056,0.2596956587485948,0.2684148176513939,0.262982712079489,0.2808202716350263,0.3231385590657387,0.2514093978487547,0.2929958077633111,0.2797691655004049,0.2701317291909608,0.2657079454814326,0.2874788828541924,0.0,0.3081708333617606,0.2548502899374626,0.1915324380583401,0.2740486579540269,0.2794463625363346,0.0,0.3518567701101571,0.298226770161993,0.3009354251446939,0.2405285080374251,0.2867205869528398,0.2465788239503912,0.2635548139634108,0.2862811744800311,0.2805086967420582,0.248395946611521,0.2949817026774111,0.3003296876749279,0.2633009608428561,0.3004128801541042,0.0,0.3390051911746936,0.3008544011785286,0.3541064188514556,0.356445307678838,0.3335561104188267,0.0,0.0,0.0,0.2806745561858361,0.3471866569580405,0.0,0.3355772902768182,0.3540840428257069,0.3477654026461299,0.3422822623011288,0.3826362733960718,0.0,0.3173470167253747,0.0,0.3464585845198346,0.3480312670320328,0.3206909894903791,0.0,0.0,0.0,0.3252725111130382,0.3288860630488248,0.3023783053599435,0.3182470546307022,0.3591255665459539,0.0,0.0,0.3081382304357614,0.361385864558327,0.3437577612184959,0.3324960964413085,0.331758887962944,0.3484100435226862
0.2711500696718512,0.0,0.0,0.0,0.0,0.0,0.0,0.359853759262652,0.0,0.2013341368755807,0.2801674678810343,0.1853403185099368,0.2646105489112187,0.0,0.3094096570087624,0.2993511204527952,0.2578042304360931,0.2478480299076651,0.0,0.0,0.3361849559955278,0.0,0.3518567701101571,0.0,0.250603111978286,0.2318502244341178,0.3200911860536071,0.2630009800219416,0.0,0.0,0.2294791394659398,0.1999337026441455,0.1495005803950805,0.1607022872035506,0.0,0.2597573240829936,0.0,0.1490458174864081,0.0,0.205697401504343,0.2024577939239788,0.0,0.0,0.0,0.1798755140587191,0.2737645484904326,0.0,0.0,0.0,0.0,0.0,0.0,0.0,0.0,0.2947264103918681,0.0,0.2967973967922242,0.0,0.0,0.0,0.0,0.3075400585799497,0.2942633816174761,0.0,0.0,0.0,0.0,0.0,0.2741707122434414,0.2967461747840165,0.3136977761976082,0.0,0.0,0.0,0.0,0.0
0.243176579335262,0.2741328680772771,0.0,0.0,0.2526157165449308,0.2621824963959593,0.2798980019598025,0.3301047496538609,0.240736452825824,0.2069799414148782,0.0,0.1993585270041269,0.2905826870179241,0.0,0.2614762120663672,0.2597755098636835,0.2373488909675241,0.2522819141071843,0.0,0.2682563902243763,0.2803954438849246,0.2791048073496649,0.298226770161993,0.250603111978286,0.0,0.2566415827686131,0.2737524701693682,0.2915016415265177,0.281593555417726,0.0,0.2535300838502738,0.2664497369311088,0.2213107748339778,0.2334610384027115,0.2578563656222983,0.0,0.0,0.2007926242256644,0.2802158454539293,0.2584965648093086,0.2769702700017572,0.2933516878110969,0.0,0.0,0.2071735982542666,0.2825250243452759,0.2877771120249716,0.0,0.0,0.0,0.0,0.0,0.0,0.0,0.2929722263797545,0.0,0.297752475217981,0.0,0.0,0.300156456653267,0.277562454739745,0.2899214089865581,0.2774837631369615,0.0,0.0,0.2748482986416419,0.2685868983082806,0.0,0.2953677085402028,0.2801728696370175,0.2948780707295333,0.0,0.0,0.2647264944056334,0.0,0.2751174049182514
0.245356473266469,0.2798087320481727,0.0,0.0,0.2405884466035331,0.2765357759953329,0.286809409276744,0.3344656955728184,0.2317658055307932,0.2185773103923851,0.0,0.2040919136437496,0.2941346272813652,0.0,0.2506647836129723,0.2771897625331321,0.2309520607755272,0.2620946247551221,0.0,0.28697666380705,0.273151002916989,0.2776866064800363,0.3009354251446939,0.2318502244341178,0.2566415827686131,0.0,0.2930721192721958,0.2955575107521008,0.2795955214939472,0.0,0.2561551138198714,0.2706293997964263,0.2313570596916533,0.2470451669705256,0.271013186837501,0.2675572509295418,0.0,0.1926852193175416,0.2887299880470128,0.2737945641620948,0.2909956146005557,0.3145257690573225,0.0,0.0,0.2393600964888819,0.2919010706845055,0.3127142279759695,0.0,0.0,0.0,0.2681382816879263,0.0,0.0,0.0,0.3028592825453759,0.0,0.3038262415501982,0.0,0.0,0.3210359659855935,0.2975912071747462,0.2980443053612833,0.2882766355720973,0.0,0.2999802975352988,0.3165875058569105,0.3161610884608471,0.3046242277872616,0.2981261094006635,0.2908292849275775,0.3114978005209582,0.3058673181057361,0.0,0.3009308772067715,0.0,0.2842326354767633
0.2873214038381028,0.2910149627361532,0.2340636887221041,0.2952992513981746,0.2655444016061108,0.2552260923728495,0.2825499570585512,0.2913588073306181,0.2606121860185988,0.2805624398738137,0.2475373121605859,0.0,0.2902089611886826,0.2969074577612156,0.2854138442335296,0.2924354307847328,0.0,0.2854509294247055,0.2510608644607238,0.2416063180694673,0.2914615846594513,0.2817678011897161,0.2405285080374251,0.3200911860536071,0.2737524701693682,0.2930721192721958,0.0,0.2900088909447938,0.2423511165587436,0.2608329720535951,0.2770413832741505,0.2869706301262767,0.2637232400038168,0.288692900587298,0.301345109265479,0.2733769013512575,0.3012569101506802,0.0,0.3355294218279051,0.3008058767079365,0.3491063949030971,0.3506136746158593,0.3313345077148134,0.0,0.0,0.0,0.2615384432856805,0.383548403930054,0.0,0.3214970266394285,0.343042751725169,0.3286528411001349,0.3394180978571456,0.3809614605603519,0.0,0.3653819880347124,0.0,0.3300077725522349,0.3327515765884723,0.3201854971090904,0.0,0.0,0.0,0.382251674885174,0.3258660103551216,0.3148361798904435,0.2987782034381476,0.350183025557034,0.0,0.0,0.3069846486437188,0.3490539683605912,0.3373077402571448,0.32751067098884,0.3178310040459594,0.3398673655048674
0.2896760235982719,0.3151638027246684,0.3037473126828335,0.230707620352666,0.2784395862445801,0.2522468149412112,0.267579193534644,0.297445317028883,0.3034052742731519,0.2728103876319948,0.3015177025494761,0.2526289623434739,0.2364952107364665,0.226343402802467,0.0,0.3223676936257531,0.2763126824671967,0.3004395705998074,0.3026740328906724,0.2694063485167207,0.3162674860428239,0.313500151045776,0.2867205869528398,0.2630009800219416,0.2915016415265177,0.2955575107521008,0.2900088909447938,0.0,0.2382012624145599,0.2217663529049054,0.270535834589369,0.2803947133523592,0.2646160787593042,0.2745482512283593,0.2750218736071462,0.2353613476359902,0.2240804300567358,0.2557957214777385,0.3113533440924361,0.0,0.239575108585209,0.2399458482265337,0.3157423520896988,0.0,0.0,0.0,0.0,0.2803356193348954,0.0,0.0,0.3413026337977184,0.0,0.2871521056108251,0.0,0.0,0.0,0.2233801753477427,0.0,0.0,0.307768428717973,0.0,0.0,0.0,0.0,0.3297077427844315,0.0,0.2810322481425711,0.3423668950408693,0.0,0.0,0.0,0.3435117990599377,0.3108962868169976,0.3318135373656393,0.0,0.2323124324978516
0.2922305458543565,0.2965164845404474,0.2116792521754428,0.0,0.2565357194273508,0.2318775159293677,0.2758498684270905,0.2485436040914477,0.2487670872839179,0.0,0.0,0.0,0.2630341136951445,0.0,0.2712684071638749,0.2935367042069757,0.2168871199649312,0.2901433210797287,0.0,0.2263674586824458,0.277574684884899,0.2720979523208042,0.2465788239503912,0.0,0.281593555417726,0.2795955214939472,0.2423511165587436,0.2382012624145599,0.0,0.2350046443730022,0.2393341220475755,0.2771991153357522,0.2421521754014281,0.2697943973326115,0.2910404616964283,0.2921624434234405,0.284996857814507,0.0,0.3284537527127468,0.0,0.3282028004684054,0.3179983802783784,0.2902226148292798,0.0,0.0,0.0,0.2760192817088148,0.0,0.0,0.0,0.3178305602636318,0.0,0.3062760470488558,0.0,0.0,0.0,0.0,0.3023939954541964,0.0,0.3037140611608484,0.0,0.0,0.0,0.0,0.3080155737685218,0.296044232974498,0.2994387306877458,0.3269862097870191,0.0,0.0,0.2920406538380599,0.3278305997069896,0.3225853661107663,0.3131401057573479,0.3022222644710882,0.3245621223058945
0.0,0.0,0.2887098482447456,0.0,0.0,0.281198456992762,0.0,0.2742732017395732,0.2808011301482561,0.0,0.0,0.0,0.2855398325509963,0.0,0.0,0.2926824594579694,0.0,0.2544946515042572,0.0,0.2188309048683933,0.2901005618386534,0.2739808800927201,0.2635548139634108,0.0,0.0,0.0,0.2608329720535951,0.2217663529049054,0.2350046443730022,0.0,0.2203606626064851,0.2814543503132714,0.0,0.2590002411155423,0.2933101582826891,0.0,0.0,0.0,0.3308082992050885,0.0,0.0,0.0,0.0,0.0,0.0,0.0,0.0,0.0,0.0,0.0,0.2941525683910014,0.0,0.0,0.0,0.0,0.0,0.0,0.0,0.0,0.0,0.0,0.0,0.0,0.0,0.3227869203149414,0.0,0.0,0.3360490412620329,0.0,0.0,0.0,0.3346675006081596,0.0,0.3066422712239359,0.0,0.0
0.2349603868254158,0.247480068594186,0.3110067988580784,0.2426324797838688,0.2990660341356057,0.2924869763250423,0.2893688802487149,0.3060710444359856,0.3157080817782539,0.2332008800003518,0.3122592338106992,0.2262363654381878,0.2960813716437009,0.3005946468939138,0.2712671940370323,0.2610996789879292,0.2425043509130127,0.2509860317538974,0.3103597675753708,0.2523942869367185,0.2572502605664239,0.2631466688237198,0.2862811744800311,0.2294791394659398,0.2535300838502738,0.2561551138198714,0.2770413832741505,0.270535834589369,0.2393341220475755,0.2203606626064851,0.0,0.2658652348463891,0.2178037747351196,0.2076890739498337,0.1543126754055718,0.2868843703934566,0.2780976350422326,0.2094793099936335,0.2808296144151179,0.2352396956271684,0.215845407430275,0.2045774224168859,0.0,0.0,0.0,0.2553350896334826,0.2859123250285614,0.0,0.0,0.0,0.3514640452650116,0.0,0.0,0.0,0.2178018616137586,0.0,0.237634106405423,0.0,0.0,0.3133256590704131,0.2813152706225955,0.27103241182682,0.2721015856587382,0.0,0.3212240775262768,0.2887943081735733,0.2986967816090911,0.3500063809335439,0.250053098762492,0.2726546389988281,0.2952418952825734,0.3508246283863072,0.2316251579300443,0.3273623183288842,0.0,0.1803778517936049
0.2610119249224353,0.2733927080860186,0.2890566696782856,0.2139342784186234,0.2389966953873198,0.2874108946606613,0.2833046962406395,0.2807038482456769,0.2933798485472538,0.2241910724048095,0.2737087104148454,0.194504882171166,0.290401742344078,0.1849731576311627,0.2847442917101345,0.2855093533050443,0.2753781114617395,0.2573788201876556,0.2761027065541593,0.2965617538472964,0.2839135281939425,0.2898187839287294,0.2805086967420582,0.1999337026441455,0.2664497369311088,0.2706293997964263,0.2869706301262767,0.2803947133523592,0.2771991153357522,0.2814543503132714,0.2658652348463891,0.0,0.2383171663284385,0.2519622033083046,0.2612402683997218,0.1969017118791741,0.2414509595825608,0.1950549509183028,0.1949956459087916,0.224501707728053,0.2406526312249923,0.2338322342226665,0.2369715528462011,0.1950868485079472,0.212071831447707,0.2683521271514141,0.295928218461063,0.3358617516533204,0.0,0.0,0.3389825978405579,0.2528266875419407,0.3123645825415777,0.3336565128014447,0.1992883210948066,0.306410309828227,0.1894650545478726,0.3162655584974445,0.0,0.323506967826501,0.2774513047762159,0.0,0.2757632429242982,0.320922966231792,0.3280357625674109,0.3096953829602362,0.3162553309466532,0.3416768200010281,0.0,0.2650248575049361,0.3007175314582768,0.3429233182524713,0.3068467611375319,0.3328860633943609,0.3239908748029779,0.2732999420834442
0.2128366240710224,0.2397487371861668,0.0,0.0,0.2546795945077847,0.2466442621573623,0.270214435284442,0.3101698408586015,0.2737056551145597,0.2030967496798814,0.2586062996978999,0.1662758325020634,0.2749017438618089,0.0,0.2585302085300757,0.2486782940858885,0.2354320816917161,0.2439358212195555,0.0,0.2633176116266993,0.2441577121361871,0.2687974176374445,0.248395946611521,0.1495005803950805,0.2213107748339778,0.2313570596916533,0.2637232400038168,0.2646160787593042,0.2421521754014281,0.0,0.2178037747351196,0.2383171663284385,0.0,0.181702041969744,0.2767277698041695,0.2887598582126597,0.1948213517767003,0.1128757755269668,0.217051015658723,0.1446637271765071,0.1845596542812418,0.0,0.0,0.0,0.1473919592015766,0.2709706130687976,0.2872777291565982,0.0,0.0,0.0,0.0,0.0,0.0,0.0,0.2416853032543689,0.0,0.2404910519316141,0.0,0.0,0.3134042560897406,0.2707208134415409,0.240919382958,0.2429985967274775,0.0,0.2938313462336852,0.2769897703566081,0.3032727363866736,0.0,0.2128336500559821,0.248846799521145,0.2738031334715033,0.0,0.0,0.2998462605550671,0.0,0.0
0.2031961751906155,0.2412193269507555,0.3218662547291261,0.241228976523325,0.2934714672088964,0.2933875354157992,0.2839315317229237,0.3061670828932766,0.3124573293749113,0.2030380460168851,0.3046167117304729,0.173848120026863,0.2895522408133715,0.2699388323594785,0.2806952053883046,0.2697078991558092,0.2344246922583948,0.2444693159107548,0.3052008255318245,0.2822980966552972,0.2620988098171972,0.28098633699316,0.2949817026774111,0.1607022872035506,0.2334610384027115,0.2470451669705256,0.288692900587298,0.2745482512283593,0.2697943973326115,0.2590002411155423,0.2076890739498337,0.2519622033083046,0.181702041969744,0.0,0.2162336781727334,0.2841244448958592,0.2539586867665205,0.1553368497694625,0.2488725403693408,0.2673991560165684,0.2205024770799731,0.223822396885542,0.2167802531877405,0.0,0.2062624254517706,0.2517754550378755,0.28772655432993,0.0,0.0,0.0,0.3055603026176571,0.0,0.0,0.0,0.2116549152892947,0.0,0.2240856283330134,0.2038666193241021,0.0,0.3194021455363606,0.2742904321753545,0.0,0.2632962828420693,0.0,0.3279400267971614,0.2706124266401156,0.30855995221562,0.3529124447316187,0.1869028299582124,0.2639868309416416,0.2980706652716041,0.342222218649595,0.2335126581360204,0.3363068169715698,0.0,0.1944281252705531
0.2393303140559425,0.2638428660732823,0.3203264390614418,0.272869881839001,0.2930653840708749,0.293256149219347,0.287501162508218,0.3125386163603371,0.3083535216355415,0.2007528418358402,0.3028162310681635,0.2286293896000906,0.2906863524460029,0.0,0.3062174790147802,0.2941208674140936,0.2561389141908816,0.2477131349156143,0.3064783244794513,0.3106839656533668,0.291375460037059,0.3119950088271702,0.3003296876749279,0.0,0.2578563656222983,0.271013186837501,0.301345109265479,0.2750218736071462,0.2910404616964283,0.2933101582826891,0.1543126754055718,0.2612402683997218,0.2767277698041695,0.2162336781727334,0.0,0.2934138254678645,0.2819901459736268,0.1782158399426951,0.236452594221101,0.2122657005379327,0.2159459766859035,0.2538015020891339,0.2292319481674622,0.23658137267153,0.1982274910845471,0.0,0.3034365489026157,0.0,0.0,0.0,0.0,0.0,0.0,0.0,0.1944538017348827,0.0,0.2396216154073053,0.0,0.0,0.3315648869561344,0.2805151181435926,0.0,0.266560412642382,0.0,0.321472585159604,0.3124649952814675,0.3265580534986527,0.3466780621872865,0.0,0.2713964593737243,0.3099487960371741,0.3422954635719126,0.199672233541709,0.3241161655445388,0.0,0.0
0.0,0.0,0.2784567424286205,0.149031404537568,0.1738937578844097,0.2926914405359194,0.2251945929814576,0.173705334042407,0.2715606814418237,0.2713075522967799,0.2463322548448225,0.2449345009605256,0.2482653406940423,0.1710162300557018,0.3245176630062331,0.0,0.0,0.0,0.2705917968388543,0.3277250614507146,0.0,0.3343774847658049,0.2633009608428561,0.2597573240829936,0.0,0.2675572509295418,0.2733769013512575,0.2353613476359902,0.2921624434234405,0.0,0.2868843703934566,0.1969017118791741,0.2887598582126597,0.2841244448958592,0.2934138254678645,0.0,0.170264689962857,0.253479188456066,0.237245718650037,0.0,0.2386099236935344,0.2498677077499889,0.2844674536234884,0.0,0.0,0.0,0.0,0.3079776027463277,0.0,0.2566902998334804,0.3189515317926158,0.3042287226201335,0.2623851757658352,0.3016302102345833,0.0,0.0,0.2260590287460741,0.3021966758105885,0.0,0.0,0.0,0.0,0.0,0.2861945730920583,0.2773149785306241,0.0,0.0,0.3267228092089395,0.0,0.0,0.0,0.3210086071012881,0.2997897734708477,0.2844584249313023,0.0,0.0
0.0,0.0,0.2895566676994837,0.1417884651020424,0.1884931859089557,0.3057024129346574,0.2109132522946619,0.2695011133952426,0.3027939689062142,0.2157873448148103,0.2803900869787926,0.208233156120027,0.2444162171935274,0.1500620135487998,0.0,0.0,0.0,0.0,0.2892851735591282,0.3172518020944774,0.0,0.3180251937580944,0.3004128801541042,0.0,0.0,0.0,0.3012569101506802,0.2240804300567358,0.284996857814507,0.0,0.2780976350422326,0.2414509595825608,0.1948213517767003,0.2539586867665205,0.2819901459736268,0.170264689962857,0.0,0.2017703133379301,0.2154828763295873,0.0,0.2206153386456309,0.2491296156065608,0.0,0.2288018378996991,0.0,0.0,0.0,0.0,0.0,0.0,0.0,0.0,0.0,0.0,0.0,0.0,0.2297024040452309,0.0,0.0,0.0,0.0,0.0,0.0,0.0,0.0,0.0,0.0,0.0,0.0,0.0,0.0,0.0,0.0,0.0,0.0,0.0
0.0,0.0,0.0,0.0,0.2605395244050508,0.2653002552823504,0.2764480788136302,0.0,0.291056720415063,0.1882077571797877,0.284903267588614,0.1493967952102654,0.2925240313912293,0.0,0.0,0.0,0.2163818082641925,0.0,0.264765338815935,0.0,0.0,0.0,0.0,0.1490458174864081,0.2007926242256644,0.1926852193175416,0.0,0.2557957214777385,0.0,0.0,0.2094793099936335,0.1950549509183028,0.1128757755269668,0.1553368497694625,0.1782158399426951,0.253479188456066,0.2017703133379301,0.0,0.1991184266661639,0.1369968504547268,0.18499843106767,0.2053562652670213,0.0,0.0,0.151650379700592,0.0,0.0,0.0,0.0,0.0,0.0,0.0,0.0,0.0,0.2100444329238474,0.0,0.2096129808738884,0.0,0.0,0.0,0.0,0.0,0.0,0.0,0.0,0.0,0.0,0.0,0.1760019502357692,0.0,0.0,0.0,0.0,0.0,0.0,0.2023080090526205
0.0,0.2882472104966768,0.3436547847844612,0.0,0.2841456099567081,0.3361445923252695,0.0,0.3132129882463186,0.338821820578473,0.2186265197726638,0.2903558290845546,0.1953300767741687,0.318051977088292,0.0,0.3131357602182548,0.2872874456568963,0.0,0.2764400594375486,0.3412557255252261,0.3140266667804845,0.3134625224192584,0.302169081231396,0.3390051911746936,0.0,0.2802158454539293,0.2887299880470128,0.3355294218279051,0.3113533440924361,0.3284537527127468,0.3308082992050885,0.2808296144151179,0.1949956459087916,0.217051015658723,0.2488725403693408,0.236452594221101,0.237245718650037,0.2154828763295873,0.1991184266661639,0.0,0.2460040265116053,0.2655583639560281,0.2600508464621553,0.2016450212631066,0.2362385754583707,0.1955289463835572,0.28900018408099,0.2634970100079207,0.2860910395480391,0.2004079307829318,0.2357079438353881,0.2860286525483071,0.2684509617940611,0.2682163301549722,0.2899217380899841,0.2244248423969862,0.2399400000057008,0.1952674226553195,0.2855935385174963,0.1531962024079346,0.2882541156570914,0.2855550156826584,0.2765997708092452,0.278789850370278,0.278268661567357,0.3047840604634772,0.2819413642838175,0.2869343095833728,0.2748477755960011,0.2141954542234835,0.2609686022345908,0.2724496855004776,0.2872788649778046,0.2745333553144899,0.2839883069898125,0.2747744876362554,0.2589666702973999
0.2728729230279788,0.2748500971618136,0.0,0.0,0.0,0.0,0.0,0.0,0.0,0.2145670617835796,0.0,0.2181094007980623,0.0,0.0,0.3096725464469537,0.256665264744299,0.2524586035904138,0.2612849133788793,0.0,0.2857521087986228,0.271729782684177,0.3007119289942586,0.3008544011785286,0.205697401504343,0.2584965648093086,0.2737945641620948,0.3008058767079365,0.0,0.0,0.0,0.2352396956271684,0.224501707728053,0.1446637271765071,0.2673991560165684,0.2122657005379327,0.0,0.0,0.1369968504547268,0.2460040265116053,0.0,0.1867503118828435,0.2867894491228467,0.1995407529558002,0.2218672037293379,0.1422883352484168,0.248597934843241,0.2306850584219222,0.0,0.0,0.2833470421836379,0.2694139509117174,0.2470131353871167,0.2720129700558626,0.2644095602133612,0.2043079879905881,0.2747733637046666,0.1806797941517696,0.241556912604744,0.0,0.2500499300354056,0.2505886143966973,0.2262560986861752,0.2386412410160639,0.0,0.2731717393530975,0.2361666586781095,0.2514642810775579,0.2659489102982186,0.1647301262627442,0.2118643381666431,0.2349282575525118,0.2701115224955812,0.2449366740135345,0.2633746777580104,0.0,0.2157153361738212
