0.0,0.2145868767726987,0.0,0.0,0.0,0.1577107415572075,0.0,0.2862779148322905,0.0,0.2018091585947949,0.0,0.2222400179607699,0.0,0.0,0.2140907104428365,0.2046431501589695,0.2093307360473681,0.2161608654595625,0.0,0.2414103090162823,0.2372396837547654,0.2077643815708271,0.2607298211496163,0.2209177353862513,0.2031221850492242,0.1902611320034189,0.1854596011920847,0.1702411386290705,0.2232639174506767,0.0,0.1860011186950218,0.2398078278280416,0.1653543205471548,0.1744537778012847,0.1923742729444556,0.0,0.0,0.0,0.2837987319671048,0.2618733544038906,0.2468745862882761,0.0,0.0,0.0,0.0,0.2726706174280618,0.2824525750182903,0.0,0.0,0.0,0.0,0.0,0.0,0.0,0.2684192224250964,0.0,0.0,0.0,0.0,0.0,0.2678383645228062,0.0,0.2590804012953089,0.0,0.0,0.2760079007806422,0.2718225079931943,0.0,0.3192213998497721,0.2609840138956318,0.2772969902053622,0.0,0.0,0.0,0.0,0.0
0.2145868767726987,0.0,0.0,0.0,0.1787958761695193,0.2105097899072957,0.1838069403202602,0.1907092391712177,0.1447312852513464,0.0,0.0,0.0,0.223316431423748,0.0,0.21593409305676,0.2102847695909991,0.0,0.2250989649439035,0.0,0.2455503364010553,0.2009237844078,0.2232921330688399,0.2047589081226309,0.0,0.2311524316084664,0.2221746834524788,0.227290698876255,0.2231012730159607,0.2367804069913988,0.0,0.1741976865243397,0.2545182425502583,0.1937759179850043,0.1921235291009211,0.1719331083937596,0.0,0.0,0.0,0.2648583045423366,0.2556303168734901,0.2572233830972053,0.2736805480420388,0.0,0.0,0.0,0.2511594809327984,0.2772679643153677,0.0,0.0,0.0,0.0,0.0,0.0,0.0,0.0,0.0,0.0,0.0,0.0,0.2506944872777659,0.2632678647503096,0.0,0.2354656977309648,0.0,0.2300790326516699,0.2018240413305281,0.2695865104469882,0.1837088137956542,0.0,0.2492742309567466,0.2663582761991567,0.2170249225284885,0.0,0.2226317211700683,0.0,0.2426199133908398
0.0,0.0,0.0,0.0,0.1992913131754215,0.2275257921383815,0.2059692697345543,0.2594088176559647,0.170341843017178,0.0,0.1649178506832129,0.0,0.1967426702161277,0.2581992555145951,0.0,0.0,0.0,0.0,0.1787648170375367,0.0,0.0,0.0,0.2140985346638983,0.0,0.0,0.0,0.230064081718134,0.2064345710699312,0.0,0.0,0.2148064583152714,0.1896461137203797,0.0,0.2024819649454162,0.2585475750258743,0.2020209489059235,0.1996997677410736,0.0,0.2606265357174552,0.0,0.0,0.0,0.318474939146957,0.0,0.0,0.0,0.0,0.24565738401518,0.0,0.250765359845212,0.3068444001827796,0.0,0.308032296813985,0.3234629451053608,0.0,0.3236360194485879,0.0,0.0,0.3095722759096174,0.0,0.0,0.0,0.0,0.3362670157692803,0.0,0.0,0.0,0.3322860424730038,0.0,0.0,0.0,0.3103752454477175,0.0,0.0,0.0,0.0
0.0,0.0,0.0,0.0,0.2086536925775497,0.2239063625551618,0.2068146805963651,0.2108946351732203,0.183421455551617,0.0,0.1949980609239515,0.0,0.2062620579700876,0.1635603449829087,0.0,0.0,0.0,0.0,0.1724238802972055,0.0,0.0,0.0,0.2343005276363598,0.0,0.0,0.0,0.2384782784175186,0.201383149639177,0.0,0.0,0.0,0.1750319064332149,0.0,0.1939167815291122,0.1834136099893296,0.1362858556745121,0.127164189925231,0.0,0.0,0.0,0.0,0.0,0.0,0.0,0.0,0.0,0.0,0.0,0.0,0.0,0.0,0.0,0.0,0.0,0.0,0.0,0.0,0.0,0.0,0.0,0.0,0.0,0.0,0.0,0.0,0.0,0.0,0.0,0.0,0.0,0.0,0.0,0.0,0.0,0.0,0.0
0.0,0.1787958761695193,0.1992913131754215,0.2086536925775497,0.0,0.225539696733416,0.2200493481366698,0.2511341620427474,0.2074624352213445,0.1827571678065435,0.1819788338003436,0.0,0.241642770565725,0.2001872508284227,0.0,0.0,0.0,0.0,0.1959853611535306,0.237487741714881,0.0,0.234155774614103,0.2285142036468505,0.0,0.1663610676278856,0.0,0.2285054811886362,0.2309396702306309,0.2270206391633222,0.0,0.2366223035908025,0.2254219374177983,0.0,0.2418399651503615,0.2525697599321284,0.1437519375908133,0.2084067134500174,0.0,0.0,0.0,0.0,0.0,0.0,0.0,0.0,0.0,0.0,0.2627191268944507,0.0,0.0,0.0,0.0,0.2999419459703828,0.2540159657386293,0.0,0.0,0.0,0.0,0.0,0.0,0.0,0.0,0.0,0.0,0.0,0.0,0.0,0.2977158118148024,0.0,0.0,0.0,0.2711610450065927,0.0,0.0,0.0,0.0
0.1577107415572075,0.2105097899072957,0.2275257921383815,0.2239063625551618,0.225539696733416,0.0,0.2289499631255172,0.1981254028664348,0.1860575673256131,0.2100611560218762,0.2080183733842556,0.0,0.2063304288556543,0.0,0.1749767574656061,0.209029964701837,0.0,0.1469576301270046,0.176646703442331,0.2218838483849597,0.1528524835669098,0.2293409580811176,0.2019762615532609,0.0,0.195628018929706,0.189965121641443,0.2011166889965805,0.2036665107316727,0.1746219035727807,0.2061122760020898,0.2156758809626384,0.2240594175884987,0.1601615757025094,0.2230717622517567,0.2421280355878754,0.2197905005517306,0.2399586216766245,0.0,0.2809061743884394,0.0,0.2754187108239729,0.2445589498655098,0.2426820466920622,0.0,0.0,0.0,0.0,0.290370019644395,0.0,0.0,0.2695647022645112,0.2448924088536883,0.2661460404242746,0.2994707099536606,0.0,0.2374891341846152,0.0,0.2190464416491241,0.0,0.2074638203205637,0.0,0.0,0.0,0.2623463897587546,0.2305183373492826,0.2003177778455539,0.1739950114266145,0.2840612038352342,0.0,0.0,0.0,0.2790595477920059,0.2090478619333092,0.2609112228674584,0.0,0.2662528857461325
0.0,0.1838069403202602,0.2059692697345543,0.2068146805963651,0.2200493481366698,0.2289499631255172,0.0,0.2414693558066221,0.2056248402771734,0.1985035382265294,0.2335180920644373,0.0,0.2233996250866964,0.2161070057691278,0.0,0.1529265588231517,0.0,0.1687514653524898,0.2277934924605495,0.2371446457846363,0.0,0.2400882700777888,0.2234112658640673,0.0,0.1475061466795917,0.1377356711524092,0.2325684021463671,0.2360678127095745,0.2348640767376708,0.0,0.2497206347832878,0.2405827051226224,0.1899456669416363,0.2411773894498966,0.2477430802700495,0.2144609865098258,0.2338984802789249,0.0,0.0,0.0,0.0,0.0,0.0,0.0,0.0,0.0,0.0,0.0,0.0,0.0,0.1873866117015435,0.0,0.0,0.0,0.0,0.0,0.0,0.0,0.0,0.0,0.0,0.0,0.0,0.0,0.0,0.0,0.0,0.2843770249019164,0.0,0.0,0.0,0.232464345959463,0.0,0.0,0.0,0.0
0.2862779148322905,0.1907092391712177,0.2594088176559647,0.2108946351732203,0.2511341620427474,0.1981254028664348,0.2414693558066221,0.0,0.2498650204867198,0.0,0.1998783544014385,0.0,0.217047318804283,0.2440145025338831,0.2477096143905195,0.1814315066753396,0.0,0.1854332510047463,0.2313722686657034,0.2167761601766446,0.2257735459697312,0.2108881208111431,0.1992586342716421,0.3047231007277975,0.2460185920976129,0.2476330837621083,0.2402945910075849,0.2257542836451668,0.1932812454262978,0.0,0.2364647485321379,0.2337234356215696,0.195260288618442,0.250660672174592,0.2491976967125965,0.1820917303514015,0.0,0.0,0.2922001807864145,0.0,0.0,0.0,0.2695188385986485,0.0,0.0,0.0,0.0,0.3242093979703545,0.0,0.0,0.2812100032648988,0.3097376613711742,0.2609822332605169,0.3402259480084034,0.0,0.2772096972348489,0.0,0.2704416148376768,0.3215787575779756,0.2722045279999743,0.0,0.0,0.0,0.2991721743301449,0.2864103121558023,0.2807607980185125,0.0,0.3383060533680782,0.0,0.0,0.0,0.3079939313911057,0.2446254975692608,0.2585881837952635,0.0,0.2585114959948092
0.0,0.1447312852513464,0.170341843017178,0.183421455551617,0.2074624352213445,0.1860575673256131,0.2056248402771734,0.2498650204867198,0.0,0.1590327415549926,0.181916765166521,0.1619980856562017,0.1930399929979381,0.2275760469163215,0.0,0.1761332330633601,0.0,0.0,0.173415073068507,0.2246832567315039,0.0,0.2005912553929968,0.2246197825638,0.0,0.0,0.0,0.2149069019497251,0.2220564259198558,0.1966207664337307,0.1852475730431886,0.239121443766555,0.21544483368977,0.1722945831304111,0.2318641445217665,0.2066932160405359,0.1857146372908855,0.1822398850259067,0.1272852737947916,0.2474728627143173,0.0,0.0,0.0,0.2712721659588598,0.0,0.0,0.0,0.0,0.2941574071417556,0.0,0.0,0.2926074582915289,0.0,0.3183111826612855,0.2545157062100606,0.0,0.2808495461790916,0.0,0.0,0.0,0.0,0.0,0.0,0.0,0.2783324152275012,0.0,0.0,0.0,0.3196098481610377,0.0,0.0,0.0,0.3152399697426183,0.0,0.0,0.0,0.0
0.2018091585947949,0.0,0.0,0.0,0.1827571678065435,0.2100611560218762,0.1985035382265294,0.0,0.1590327415549926,0.0,0.1791160178832636,0.1716193720017706,0.245295505159487,0.0,0.0,0.1809263039762633,0.1951647246501344,0.1922875676410392,0.2064499939272487,0.0,0.0,0.1512998912991924,0.2279174929176756,0.1876473505602389,0.2007735359131797,0.2040802585008931,0.2234986323780906,0.239872254874053,0.0,0.0,0.195778330451743,0.2132738119967772,0.1768245366268377,0.1931002628157196,0.1948796415925532,0.2340829425154677,0.0,0.1721948526024601,0.2781003640666678,0.2043849834125244,0.2142341912491011,0.0,0.0,0.0,0.1955669569283309,0.0,0.0,0.0,0.0,0.0,0.0,0.0,0.0,0.0,0.2374529488776075,0.0,0.2369425049537455,0.0,0.0,0.0,0.0,0.2385370612471474,0.2294267826716404,0.0,0.0,0.0,0.0,0.0,0.2475418084499134,0.2649759568828682,0.2598547568700703,0.0,0.2299680050222368,0.0,0.0,0.2386376476637145
0.0,0.0,0.1649178506832129,0.1949980609239515,0.1819788338003436,0.2080183733842556,0.2335180920644373,0.1998783544014385,0.181916765166521,0.1791160178832636,0.0,0.0,0.2267545963767778,0.1887491156886762,0.0,0.0,0.0,0.0,0.1679781756091856,0.0,0.0,0.0,0.1957567466256692,0.0,0.0,0.0,0.236279334058933,0.2215016270491355,0.0,0.0,0.2456581363502029,0.204471789791819,0.0,0.2321848420691921,0.0,0.1660051094941105,0.1948571230256896,0.0,0.2346266216323895,0.0,0.0,0.0,0.0,0.0,0.0,0.0,0.0,0.275257676832465,0.0,0.2400501098970446,0.2346119932111156,0.0,0.2614439247247975,0.0,0.0,0.1246659476658157,0.0,0.0,0.0,0.0,0.0,0.0,0.0,0.0,0.0,0.0,0.0,0.2262149918825833,0.0,0.0,0.0,0.2547369328293053,0.0,0.0,0.0,0.0
0.2222400179607699,0.0,0.0,0.0,0.0,0.0,0.0,0.0,0.1619980856562017,0.1716193720017706,0.0,0.0,0.1801478638126273,0.0,0.0,0.0,0.2016759664187883,0.2037136855848568,0.0,0.0,0.0,0.0,0.0,0.1787538293202962,0.212897935726819,0.1990580461673893,0.0,0.2205950091219152,0.0,0.0,0.2117263789282092,0.1939933335330176,0.181312035490787,0.1853527832635947,0.1914079867238166,0.2081930980667186,0.2025816785672824,0.1468873617776537,0.2123827718043506,0.2208734368616238,0.2291555598074793,0.0,0.0,0.0,0.0,0.0,0.0,0.0,0.0,0.0,0.0,0.0,0.0,0.0,0.2533249670779732,0.0,0.2608063568475668,0.0,0.0,0.0,0.0,0.2322815059588933,0.242738065920857,0.0,0.0,0.0,0.0,0.0,0.2727439423423578,0.2775198600863208,0.2836976487107776,0.0,0.0,0.0,0.0,0.2501943861546671
0.0,0.223316431423748,0.1967426702161277,0.2062620579700876,0.241642770565725,0.2063304288556543,0.2233996250866964,0.217047318804283,0.1930399929979381,0.245295505159487,0.2267545963767778,0.1801478638126273,0.0,0.2123287181591868,0.2196281476875903,0.2275005897918592,0.193713740269871,0.1481149570300191,0.2230843922445717,0.2319263453793467,0.1955190684527928,0.2373645005917231,0.2155014108974978,0.1580977246056097,0.2128318951139136,0.2101549098512569,0.2231180701569435,0.2032630889739673,0.2179643680777104,0.2300629608779558,0.2290272681009257,0.2425759672307922,0.2129692833746008,0.2387108358233992,0.2410101312295552,0.2221343202359274,0.2198182653621253,0.2166619739717274,0.239618477393819,0.0,0.0,0.0,0.0,0.0,0.0,0.0,0.0,0.2246554708135049,0.0,0.0,0.0915821811628734,0.0,0.2389507823668086,0.0,0.0,0.0,0.0,0.0,0.0,0.0,0.0,0.0,0.0,0.0,0.0,0.0,0.0,0.2765941900951253,0.0,0.0,0.0,0.2424919216199691,0.0,0.1981992009012551,0.0,0.0
0.0,0.0,0.2581992555145951,0.1635603449829087,0.2001872508284227,0.0,0.2161070057691278,0.2440145025338831,0.2275760469163215,0.0,0.1887491156886762,0.0,0.2123287181591868,0.0,0.0,0.0,0.0,0.0,0.2237937686813774,0.0,0.279324230812644,0.0,0.2407075895342815,0.0,0.0,0.0,0.0,0.1622412722083826,0.0,0.0,0.0,0.1554442178979646,0.0,0.0,0.0,0.1316240321924019,0.1069077662177749,0.0,0.0,0.0,0.0,0.0,0.0,0.0,0.0,0.0,0.0,0.0,0.0,0.0,0.0,0.0,0.0,0.0,0.0,0.0,0.0,0.0,0.0,0.0,0.0,0.0,0.0,0.0,0.0,0.0,0.0,0.0,0.0,0.0,0.0,0.0,0.0,0.0,0.0,0.0
0.2140907104428365,0.21593409305676,0.0,0.0,0.0,0.1749767574656061,0.0,0.2477096143905195,0.0,0.0,0.0,0.0,0.2196281476875903,0.0,0.0,0.2252763213451672,0.0,0.2237056388946996,0.0,0.2119713392661615,0.2271123534776951,0.2297132326565631,0.2012156998072372,0.2192971014831709,0.2082332436485457,0.1971372208628977,0.2415776947494239,0.2371271063211209,0.2333115175892252,0.0,0.2304612882997325,0.2518483216779252,0.2034108205151574,0.2342165770554558,0.2509916433588205,0.0,0.0,0.0,0.2810865402456009,0.2815047010654786,0.2390889386576155,0.2897503186642396,0.0,0.0,0.0,0.0,0.2470612469176455,0.0,0.0,0.0,0.2503957481990654,0.0,0.2961510480684788,0.0,0.0,0.0,0.0,0.0,0.0,0.2763529850954392,0.191221730852647,0.0,0.0,0.0,0.2769788141912292,0.2903747104966138,0.2969540532479515,0.2792221626456502,0.0,0.0,0.2515136531906272,0.2889160296593228,0.2504717914667582,0.257605574016557,0.0,0.2313622682141294
0.2046431501589695,0.2102847695909991,0.0,0.0,0.0,0.209029964701837,0.1529265588231517,0.1814315066753396,0.1761332330633601,0.1809263039762633,0.0,0.0,0.2275005897918592,0.0,0.2252763213451672,0.0,0.1885485820197092,0.2048259564484882,0.0,0.2245930313859142,0.2122370317912943,0.2134730847503772,0.2152474784155891,0.1866858119546219,0.2100911899537901,0.2061358145847153,0.2177328495933052,0.1922880480388061,0.2324098031404388,0.1893174760354467,0.2047916071043837,0.2654781669643444,0.2164478707849377,0.2176268335829445,0.2466558454186613,0.0,0.0,0.0,0.2744053042872721,0.2535386863191169,0.2472704025786946,0.2703805080152913,0.0,0.0,0.0,0.2610028425539193,0.2651080107929079,0.0,0.0,0.0,0.0,0.0,0.0,0.0,0.0,0.0,0.0,0.0,0.0,0.2182466931452053,0.2602085201419419,0.0,0.2600022295672171,0.0,0.2211527861437969,0.2188139695077641,0.252332266796037,0.0,0.0,0.2576875011094988,0.2645220597542381,0.0,0.0,0.0,0.0,0.2442382917497907
0.2093307360473681,0.0,0.0,0.0,0.0,0.0,0.0,0.0,0.0,0.1951647246501344,0.0,0.2016759664187883,0.193713740269871,0.0,0.0,0.1885485820197092,0.0,0.1699343395111156,0.0,0.0,0.0,0.1642978707330927,0.0,0.2035348536136428,0.2005906363734201,0.1933845759021741,0.0,0.2114983564355997,0.0,0.0,0.1935511783347824,0.2225381811666574,0.1864052318589021,0.2066266226799134,0.2050102340378101,0.0,0.0,0.1904221007746625,0.0,0.2397874144346844,0.2138819699961887,0.0,0.0,0.0,0.0,0.0,0.0,0.0,0.0,0.0,0.0,0.0,0.0,0.0,0.253987383799227,0.0,0.2230869898838492,0.0,0.0,0.0,0.0,0.2393497671920542,0.2389055231334962,0.0,0.0,0.0,0.0,0.0,0.2333516293122081,0.2722604022297062,0.2717900705786569,0.0,0.0,0.0,0.0,0.0
0.2161608654595625,0.2250989649439035,0.0,0.0,0.0,0.1469576301270046,0.1687514653524898,0.1854332510047463,0.0,0.1922875676410392,0.0,0.2037136855848568,0.1481149570300191,0.0,0.2237056388946996,0.2048259564484882,0.1699343395111156,0.0,0.0,0.2238873640732405,0.2150563256979838,0.2242233484240758,0.1818666066361066,0.1971303002354217,0.2104622514009708,0.2139081281031197,0.1729350111051122,0.1999908457973788,0.2350096465211289,0.0,0.1943751586536056,0.2171624409056259,0.1945446065721532,0.2114694207416465,0.2003938303403217,0.0,0.0,0.0,0.2831298319423492,0.2560731217444056,0.2608005094088365,0.2752639925264336,0.0,0.0,0.0,0.2609856042740112,0.2674858707972104,0.0,0.0,0.0,0.0,0.0,0.0,0.0,0.2548627425839774,0.0,0.2475891259436871,0.0,0.0,0.0,0.2658542348279584,0.2633327777434975,0.2549383340214474,0.0,0.0,0.0,0.2458162152171959,0.0,0.2184773601087366,0.2623893711926077,0.2700968478835927,0.0,0.0,0.0,0.0,0.2609306518128997
0.0,0.0,0.1787648170375367,0.1724238802972055,0.1959853611535306,0.176646703442331,0.2277934924605495,0.2313722686657034,0.173415073068507,0.2064499939272487,0.1679781756091856,0.0,0.2230843922445717,0.2237937686813774,0.0,0.0,0.0,0.0,0.0,0.0,0.0,0.0,0.2255482695378728,0.0,0.0,0.0,0.2667404058343312,0.2351970711807552,0.0,0.0,0.2099581117099776,0.2096096191763684,0.0,0.1772325702595323,0.0,0.2036423740045072,0.2003524645524641,0.0,0.2548351219464079,0.0,0.0,0.0,0.2487296228362517,0.0,0.0,0.0,0.0,0.1590325783214919,0.0,0.0,0.2318816944699969,0.0,0.2961975603891469,0.0,0.0,0.1445648877393744,0.0,0.0,0.0,0.0,0.0,0.0,0.0,0.259012955938001,0.0,0.0,0.0,0.2884047670971863,0.0,0.0,0.0,0.2866603902495313,0.0,0.0,0.0,0.0
0.2414103090162823,0.2455503364010553,0.0,0.0,0.237487741714881,0.2218838483849597,0.2371446457846363,0.2167761601766446,0.2246832567315039,0.0,0.0,0.0,0.2319263453793467,0.0,0.2119713392661615,0.2245930313859142,0.0,0.2238873640732405,0.0,0.0,0.2405798209516687,0.2242689440320544,0.1883985234204155,0.0,0.2151434261186381,0.227309116440235,0.2239464316206862,0.2152330343857949,0.2038864250055755,0.1772479383730166,0.212481051048596,0.2597092033383856,0.2169522280865194,0.2369051966946002,0.253524950446311,0.2745899315127047,0.259099167762718,0.0,0.2743914174470986,0.2184042176569108,0.1192086405539056,0.2755862623983041,0.0,0.0,0.0,0.0,0.219002795550051,0.0,0.0,0.0,0.2323753557329441,0.0,0.2634854385712691,0.0,0.0,0.0,0.0,0.0,0.0,0.2242862645573193,0.0,0.0,0.0,0.0,0.2566493814400731,0.2290130079742923,0.2789252694592082,0.2439495700996792,0.0,0.0,0.2719339165644767,0.2856980926822129,0.2448142311023935,0.177189771235799,0.0,0.2410559383410095
0.2372396837547654,0.2009237844078,0.0,0.0,0.0,0.1528524835669098,0.0,0.2257735459697312,0.0,0.0,0.0,0.0,0.1955190684527928,0.279324230812644,0.2271123534776951,0.2122370317912943,0.0,0.2150563256979838,0.0,0.2405798209516687,0.0,0.2285789385097333,0.2224593070788723,0.3089971204066266,0.2005916898940426,0.2082703280389297,0.2456356367483867,0.2155886880049786,0.2190354576978385,0.0,0.2191850988367147,0.2444920189986447,0.1948909489181075,0.2190820760433486,0.2219945647709149,0.0,0.0,0.0,0.2917185931759865,0.2376049045481338,0.2467698411614186,0.2994747155179029,0.0,0.0,0.0,0.2669595116233887,0.2653923155544851,0.0,0.0,0.0,0.242416317728337,0.0,0.2538612721013867,0.0,0.0,0.0,0.0,0.0,0.0,0.25908370883346,0.2181644820315302,0.0,0.0,0.0,0.2601375475452714,0.2801575245597222,0.2815390527117818,0.2574517386764179,0.0,0.2123142970145451,0.27771220708261,0.2659318158208615,0.2547085722441897,0.2663305209101991,0.0,0.2519412259514392
0.2077643815708271,0.2232921330688399,0.0,0.0,0.234155774614103,0.2293409580811176,0.2400882700777888,0.2108881208111431,0.2005912553929968,0.1512998912991924,0.0,0.0,0.2373645005917231,0.0,0.2297132326565631,0.2134730847503772,0.1642978707330927,0.2242233484240758,0.0,0.2242689440320544,0.2285789385097333,0.0,0.2457181418380626,0.0,0.2059288018416372,0.2058452276143231,0.2488633184435915,0.2398749779806116,0.2378587059131728,0.1911369858591994,0.2010572783074773,0.2394692619455143,0.2032969980627354,0.2201653233883692,0.2333289269206623,0.0,0.0,0.0,0.2750217926689005,0.2607769709193351,0.2622254186117139,0.2881940102888861,0.0,0.0,0.0,0.2121386429423562,0.2557360329231356,0.0,0.0,0.0,0.1751783606658168,0.0,0.0,0.0,0.0,0.0,0.0,0.0,0.0,0.2791721088243926,0.2103338494300558,0.0,0.1822811807174353,0.0,0.2669984848232373,0.2637398439259107,0.2791712408513675,0.267249616929945,0.0,0.2059973169267058,0.2762430457575581,0.2232843582369051,0.0,0.2219113579685894,0.0,0.2151515957316869
0.2607298211496163,0.2047589081226309,0.2140985346638983,0.2343005276363598,0.2285142036468505,0.2019762615532609,0.2234112658640673,0.1992586342716421,0.2246197825638,0.2279174929176756,0.1957567466256692,0.0,0.2155014108974978,0.2407075895342815,0.2012156998072372,0.2152474784155891,0.0,0.1818666066361066,0.2255482695378728,0.1883985234204155,0.2224593070788723,0.2457181418380626,0.0,0.2636972907088986,0.195843064813441,0.2242191293083892,0.2184079640267506,0.2233899426031477,0.2028605670358341,0.2097834893544471,0.2220180982926043,0.2365224275141101,0.1732596679854568,0.2345067467425433,0.2080840970384429,0.2129027728666005,0.2323614865001489,0.0,0.2794038684960905,0.2731442920221567,0.2938539874493924,0.2854323265404451,0.2811078858529182,0.0,0.0,0.0,0.1465585131301597,0.3204274204591808,0.0,0.2375445561298818,0.2795802339595624,0.2904308800267733,0.2947491102443957,0.3234239889576913,0.0,0.2982899429376744,0.0,0.2770957823292963,0.2934401519765073,0.2630079620476209,0.0,0.0,0.0,0.3033436754539156,0.2680736276016465,0.2266036632768595,0.2414202009566547,0.3034955305623422,0.0,0.0,0.2093822142885969,0.2921839169958714,0.2753083899083636,0.2675939271793713,0.0,0.2765355145964751
0.2209177353862513,0.0,0.0,0.0,0.0,0.0,0.0,0.3047231007277975,0.0,0.1876473505602389,0.0,0.1787538293202962,0.1580977246056097,0.0,0.2192971014831709,0.1866858119546219,0.2035348536136428,0.1971303002354217,0.0,0.0,0.3089971204066266,0.0,0.2636972907088986,0.0,0.2001108846286975,0.2071778523575832,0.2294983451821022,0.2322593561456537,0.0,0.0,0.2090467207205648,0.2010698836441774,0.1633979544361061,0.1822735092417014,0.1947078302162163,0.2225232846319684,0.0,0.1513810893772174,0.2874639236380452,0.2347419757073103,0.2368439837354349,0.0,0.0,0.0,0.1809376304584899,0.2579145867574529,0.0,0.0,0.0,0.0,0.0,0.0,0.0,0.0,0.2568121956647056,0.0,0.2575956955787225,0.0,0.0,0.0,0.2506319767543952,0.2694438309992906,0.2580234315951618,0.0,0.0,0.0,0.0,0.0,0.2693222372447544,0.2758622597043697,0.2858705403388538,0.0,0.0,0.0,0.0,0.2633780568168028
0.2031221850492242,0.2311524316084664,0.0,0.0,0.1663610676278856,0.195628018929706,0.1475061466795917,0.2460185920976129,0.0,0.2007735359131797,0.0,0.212897935726819,0.2128318951139136,0.0,0.2082332436485457,0.2100911899537901,0.2005906363734201,0.2104622514009708,0.0,0.2151434261186381,0.2005916898940426,0.2059288018416372,0.195843064813441,0.2001108846286975,0.0,0.2157813808447019,0.2041595262018964,0.2258809492939537,0.2193909703100196,0.0,0.2027820084506454,0.2427295670085439,0.1912286077217158,0.2082232125328045,0.2191431751624871,0.0,0.0,0.188832983111405,0.281729001299963,0.2563297141624332,0.261798336697376,0.2804689210489256,0.0,0.0,0.0,0.2533502156268762,0.2717321497305834,0.0,0.0,0.0,0.0,0.0,0.0,0.0,0.2654960791877288,0.0,0.2672675701027865,0.0,0.0,0.0,0.2630246943809229,0.2638901990717945,0.2575686746504444,0.0,0.2223379390520448,0.2038420915026536,0.2002576158921422,0.0,0.257282588228873,0.264919998133923,0.274735025039779,0.0,0.0,0.0,0.0,0.2610548031125846
0.1902611320034189,0.2221746834524788,0.0,0.0,0.0,0.189965121641443,0.1377356711524092,0.2476330837621083,0.0,0.2040802585008931,0.0,0.1990580461673893,0.2101549098512569,0.0,0.1971372208628977,0.2061358145847153,0.1933845759021741,0.2139081281031197,0.0,0.227309116440235,0.2082703280389297,0.2058452276143231,0.2242191293083892,0.2071778523575832,0.2157813808447019,0.0,0.2232608736435577,0.1112536677081271,0.2007095065813805,0.0,0.1919243895460411,0.2235957617471662,0.1895141321527832,0.2016741696458853,0.2092959498161616,0.0,0.0,0.2004654017975344,0.2786697405889438,0.2583203206065685,0.2532021057204444,0.2860891095816647,0.0,0.0,0.0,0.2505897305570643,0.273726745543938,0.0,0.0,0.0,0.0,0.0,0.0,0.0,0.266675015949328,0.0,0.2649241045878529,0.0,0.0,0.2710409435018303,0.257741942776436,0.2805707155972202,0.260573175959127,0.0,0.2148052686385002,0.2056736030828586,0.2616945479299938,0.2688363652270653,0.2767281546893392,0.2719670962666194,0.2823048451329313,0.237011250835081,0.0,0.1752782144154255,0.0,0.2627909574165417
0.1854596011920847,0.227290698876255,0.230064081718134,0.2384782784175186,0.2285054811886362,0.2011166889965805,0.2325684021463671,0.2402945910075849,0.2149069019497251,0.2234986323780906,0.236279334058933,0.0,0.2231180701569435,0.0,0.2415776947494239,0.2177328495933052,0.0,0.1729350111051122,0.2667404058343312,0.2239464316206862,0.2456356367483867,0.2488633184435915,0.2184079640267506,0.2294983451821022,0.2041595262018964,0.2232608736435577,0.0,0.2284739315035965,0.2215148862217536,0.2156259569803671,0.2264656131284232,0.2492877193477204,0.2158030730937742,0.2399948839116322,0.2507436958095013,0.2183541426392088,0.2554109539878694,0.0,0.2844109616441634,0.0,0.2660807631806691,0.2837441913016833,0.2898897831121748,0.0,0.0,0.0,0.1751407585490424,0.3039856362832372,0.0,0.0,0.2766118793991818,0.2441976162231307,0.2847142682975361,0.3016052872150962,0.0,0.0,0.0,0.1880600468969079,0.1970395926177059,0.2652076053787721,0.0,0.0,0.0,0.2575500174577089,0.2591343591671297,0.2349823027225706,0.1392048456455007,0.2904980427146815,0.0,0.0,0.2316884278733244,0.2891339980708788,0.2282593753571198,0.2563277172722387,0.2681839105013732,0.2626884464162803
0.1702411386290705,0.2231012730159607,0.2064345710699312,0.201383149639177,0.2309396702306309,0.2036665107316727,0.2360678127095745,0.2257542836451668,0.2220564259198558,0.239872254874053,0.2215016270491355,0.2205950091219152,0.2032630889739673,0.1622412722083826,0.2371271063211209,0.1922880480388061,0.2114983564355997,0.1999908457973788,0.2351970711807552,0.2152330343857949,0.2155886880049786,0.2398749779806116,0.2233899426031477,0.2322593561456537,0.2258809492939537,0.1112536677081271,0.2284739315035965,0.0,0.1962377382522324,0.1892589583489323,0.2260733375131836,0.2587622117219662,0.2068369183956662,0.2442481837032851,0.2392430756070261,0.2023333149878955,0.2200129281406107,0.2372325573365029,0.2521133529853535,0.0,0.2527652884588536,0.0,0.0,0.0,0.0,0.0,0.0,0.0,0.0,0.0,0.2258353626431474,0.0,0.2297738793157075,0.0,0.0,0.0,0.0,0.0,0.0,0.2427823794296075,0.0,0.0,0.0,0.0,0.2466391573561786,0.2279809446713173,0.0,0.2812037313517448,0.0,0.0,0.0,0.2868001204962183,0.2163693427438414,0.2323446033653882,0.0,0.2128471060059076
0.2232639174506767,0.2367804069913988,0.0,0.0,0.2270206391633222,0.1746219035727807,0.2348640767376708,0.1932812454262978,0.1966207664337307,0.0,0.0,0.0,0.2179643680777104,0.0,0.2333115175892252,0.2324098031404388,0.0,0.2350096465211289,0.0,0.2038864250055755,0.2190354576978385,0.2378587059131728,0.2028605670358341,0.0,0.2193909703100196,0.2007095065813805,0.2215148862217536,0.1962377382522324,0.0,0.1969338617289722,0.2131527115628955,0.2567950211515884,0.2192669692286031,0.2403752105031276,0.2516727296036064,0.2611145653430162,0.2516554992867305,0.0,0.2719492921387639,0.0,0.239680174274067,0.2595898406891833,0.0,0.0,0.0,0.0,0.202938590146219,0.0,0.0,0.0,0.2269224603647124,0.0,0.23713787701686,0.0,0.0,0.0,0.0,0.19703571670057,0.0,0.2439843463257956,0.0,0.0,0.0,0.0,0.2397262097846103,0.2415926295215816,0.2267229043002231,0.2745684974523017,0.0,0.0,0.2036321078148348,0.282077047615053,0.231856100014982,0.252783299654163,0.0,0.2249652304923213
0.0,0.0,0.0,0.0,0.0,0.2061122760020898,0.0,0.0,0.1852475730431886,0.0,0.0,0.0,0.2300629608779558,0.0,0.0,0.1893174760354467,0.0,0.0,0.0,0.1772479383730166,0.0,0.1911369858591994,0.2097834893544471,0.0,0.0,0.0,0.2156259569803671,0.1892589583489323,0.1969338617289722,0.0,0.1907766849857063,0.2730452412272561,0.0,0.2424968711482178,0.2483405212680594,0.0,0.0,0.0,0.0,0.0,0.0,0.0,0.0,0.0,0.0,0.0,0.0,0.0,0.0,0.0,0.0,0.0,0.0,0.0,0.0,0.0,0.0,0.0,0.0,0.0,0.0,0.0,0.0,0.0,0.0,0.0,0.0,0.0,0.0,0.0,0.0,0.2823638218028138,0.0,0.0,0.0,0.0
0.1860011186950218,0.1741976865243397,0.2148064583152714,0.0,0.2366223035908025,0.2156758809626384,0.2497206347832878,0.2364647485321379,0.239121443766555,0.195778330451743,0.2456581363502029,0.2117263789282092,0.2290272681009257,0.0,0.2304612882997325,0.2047916071043837,0.1935511783347824,0.1943751586536056,0.2099581117099776,0.212481051048596,0.2191850988367147,0.2010572783074773,0.2220180982926043,0.2090467207205648,0.2027820084506454,0.1919243895460411,0.2264656131284232,0.2260733375131836,0.2131527115628955,0.1907766849857063,0.0,0.26076445930928,0.1897663260045214,0.198067115298661,0.1966709929507333,0.2498217325939784,0.2432962223257135,0.2138094808445068,0.2653204991236849,0.2500278857050885,0.2411569330765707,0.0,0.0,0.0,0.0,0.2096514294492648,0.2597037028346227,0.0,0.0,0.0,0.1906668056423617,0.0,0.0,0.0,0.2228434415563318,0.0,0.2467280905324637,0.0,0.0,0.280499975065212,0.2559411790318932,0.0,0.2398326876532086,0.0,0.2581861989400882,0.242295465776959,0.2624472970791839,0.2886317903028783,0.2640117731961141,0.2534307320274591,0.2700427029685672,0.2700440467280912,0.2006157946096541,0.1906318602640332,0.0,0.2157311386057282
0.2398078278280416,0.2545182425502583,0.1896461137203797,0.1750319064332149,0.2254219374177983,0.2240594175884987,0.2405827051226224,0.2337234356215696,0.21544483368977,0.2132738119967772,0.204471789791819,0.1939933335330176,0.2425759672307922,0.1554442178979646,0.2518483216779252,0.2654781669643444,0.2225381811666574,0.2171624409056259,0.2096096191763684,0.2597092033383856,0.2444920189986447,0.2394692619455143,0.2365224275141101,0.2010698836441774,0.2427295670085439,0.2235957617471662,0.2492877193477204,0.2587622117219662,0.2567950211515884,0.2730452412272561,0.26076445930928,0.0,0.2181354819838406,0.2320742057717087,0.2451391148415855,0.1669999322341906,0.1993353331505436,0.1980752687429037,0.2309721625135214,0.2327198358653894,0.232501309220081,0.2529753449200229,0.24582560245399,0.0,0.1965880716657493,0.254677778612211,0.2749610908477702,0.2606100215090909,0.0,0.0,0.2911192742764425,0.0,0.2954293795849866,0.2496716590825507,0.2258272770250481,0.0,0.2240926584727707,0.2357969240023707,0.0,0.2718625756860693,0.2204934888193418,0.0,0.2575392018634649,0.0,0.2719416658650747,0.2869749630605743,0.278329404656052,0.3015108201892646,0.0,0.2326364668740488,0.2796550266118766,0.3043979365294303,0.286548746906115,0.2868489287975675,0.0,0.2837228496342426
0.1653543205471548,0.1937759179850043,0.0,0.0,0.0,0.1601615757025094,0.1899456669416363,0.195260288618442,0.1722945831304111,0.1768245366268377,0.0,0.181312035490787,0.2129692833746008,0.0,0.2034108205151574,0.2164478707849377,0.1864052318589021,0.1945446065721532,0.0,0.2169522280865194,0.1948909489181075,0.2032969980627354,0.1732596679854568,0.1633979544361061,0.1912286077217158,0.1895141321527832,0.2158030730937742,0.2068369183956662,0.2192669692286031,0.0,0.1897663260045214,0.2181354819838406,0.0,0.1794398364583384,0.199271956471395,0.1693619512562849,0.0,0.1476802216800154,0.2384424251472349,0.1938294317322278,0.1992181594694888,0.2558775321511972,0.0,0.0,0.1685993336908428,0.2434848407987068,0.2586752665227606,0.0,0.0,0.0,0.0,0.0,0.0,0.0,0.2174395040659387,0.0,0.2220176461498504,0.0,0.0,0.2570396725660152,0.2501238729883541,0.2389330891017327,0.2080380610284038,0.0,0.2162526371343596,0.2717495529953118,0.2689258689297445,0.2696082673370469,0.2223653888567563,0.2443017032737489,0.2494898657151394,0.0,0.0,0.224503735644682,0.0,0.2328339032883717
0.1744537778012847,0.1921235291009211,0.2024819649454162,0.1939167815291122,0.2418399651503615,0.2230717622517567,0.2411773894498966,0.250660672174592,0.2318641445217665,0.1931002628157196,0.2321848420691921,0.1853527832635947,0.2387108358233992,0.0,0.2342165770554558,0.2176268335829445,0.2066266226799134,0.2114694207416465,0.1772325702595323,0.2369051966946002,0.2190820760433486,0.2201653233883692,0.2345067467425433,0.1822735092417014,0.2082232125328045,0.2016741696458853,0.2399948839116322,0.2442481837032851,0.2403752105031276,0.2424968711482178,0.198067115298661,0.2320742057717087,0.1794398364583384,0.0,0.1612937209694337,0.2120420260743397,0.209673928514802,0.1732019752688703,0.2040855342530163,0.1834059379812829,0.208233481970986,0.2146515112795465,0.0,0.0,0.166873224933851,0.2141860035155562,0.2550374255100417,0.0,0.0,0.0,0.2161205782108281,0.0,0.2649432952745246,0.0,0.2284533776728007,0.0,0.232841411440761,0.0,0.0,0.264923161104435,0.250022812290765,0.0,0.2316888163335628,0.0,0.2745055049997416,0.2505465867916393,0.2737454434509972,0.2903278610464153,0.2270664221693203,0.2519920537500135,0.2622761600084897,0.295416672751051,0.2614430613133517,0.2487586100309782,0.0,0.2280637470048612
0.1923742729444556,0.1719331083937596,0.2585475750258743,0.1834136099893296,0.2525697599321284,0.2421280355878754,0.2477430802700495,0.2491976967125965,0.2066932160405359,0.1948796415925532,0.0,0.1914079867238166,0.2410101312295552,0.0,0.2509916433588205,0.2466558454186613,0.2050102340378101,0.2003938303403217,0.0,0.253524950446311,0.2219945647709149,0.2333289269206623,0.2080840970384429,0.1947078302162163,0.2191431751624871,0.2092959498161616,0.2507436958095013,0.2392430756070261,0.2516727296036064,0.2483405212680594,0.1966709929507333,0.2451391148415855,0.199271956471395,0.1612937209694337,0.0,0.1904774691575255,0.2145211263846852,0.1865068431193988,0.2151596293752602,0.2630296363053838,0.1939215427511918,0.2367882166109458,0.0,0.0,0.1629009427010364,0.0,0.2824145693079063,0.0,0.0,0.0,0.0,0.0,0.0,0.0,0.0,0.0,0.2341060822313635,0.0,0.0,0.2645306047594483,0.2486190081140718,0.0,0.2436039291362167,0.0,0.2258199082957143,0.2503528256352584,0.2714746726323889,0.2853416925576603,0.0,0.2495528249392766,0.2676268120143987,0.3046161235540918,0.0,0.2402544919981513,0.0,0.0
0.0,0.0,0.2020209489059235,0.1362858556745121,0.1437519375908133,0.2197905005517306,0.2144609865098258,0.1820917303514015,0.1857146372908855,0.2340829425154677,0.1660051094941105,0.2081930980667186,0.2221343202359274,0.1316240321924019,0.0,0.0,0.0,0.0,0.2036423740045072,0.2745899315127047,0.0,0.0,0.2129027728666005,0.2225232846319684,0.0,0.0,0.2183541426392088,0.2023333149878955,0.2611145653430162,0.0,0.2498217325939784,0.1669999322341906,0.1693619512562849,0.2120420260743397,0.1904774691575255,0.0,0.1432409254746943,0.2130363298928549,0.280335813035374,0.0,0.0,0.0,0.0,0.0,0.0,0.0,0.0,0.2740192129319251,0.0,0.0,0.2516887414861746,0.2384025164363697,0.2351239280548459,0.2714467254772436,0.0,0.2243285049971014,0.0,0.0,0.0,0.0,0.0,0.0,0.0,0.2375007139398796,0.0,0.0,0.0,0.2740340099718781,0.0,0.0,0.0,0.2642452069565892,0.0,0.0,0.0,0.0
0.0,0.0,0.1996997677410736,0.127164189925231,0.2084067134500174,0.2399586216766245,0.2338984802789249,0.0,0.1822398850259067,0.0,0.1948571230256896,0.2025816785672824,0.2198182653621253,0.1069077662177749,0.0,0.0,0.0,0.0,0.2003524645524641,0.259099167762718,0.0,0.0,0.2323614865001489,0.0,0.0,0.0,0.2554109539878694,0.2200129281406107,0.2516554992867305,0.0,0.2432962223257135,0.1993353331505436,0.0,0.209673928514802,0.2145211263846852,0.1432409254746943,0.0,0.2145386167981843,0.0,0.0,0.0,0.0,0.0,0.0,0.0,0.0,0.0,0.0,0.0,0.0,0.0,0.0,0.0,0.0,0.0,0.0,0.0,0.0,0.0,0.0,0.0,0.0,0.0,0.0,0.0,0.0,0.0,0.0,0.0,0.0,0.0,0.0,0.0,0.0,0.0,0.0
0.0,0.0,0.0,0.0,0.0,0.0,0.0,0.0,0.1272852737947916,0.1721948526024601,0.0,0.1468873617776537,0.2166619739717274,0.0,0.0,0.0,0.1904221007746625,0.0,0.0,0.0,0.0,0.0,0.0,0.1513810893772174,0.188832983111405,0.2004654017975344,0.0,0.2372325573365029,0.0,0.0,0.2138094808445068,0.1980752687429037,0.1476802216800154,0.1732019752688703,0.1865068431193988,0.2130363298928549,0.2145386167981843,0.0,0.1741683246415567,0.1408949100924453,0.1805607190399097,0.1843426433600084,0.0,0.0,0.1398991194467215,0.0,0.0,0.0,0.0,0.0,0.0,0.0,0.0,0.0,0.2252906203376246,0.0,0.2298813344661639,0.0,0.0,0.0,0.0,0.0,0.0,0.0,0.0,0.0,0.0,0.0,0.0,0.0,0.2704735653666427,0.0,0.0,0.0,0.0,0.0
0.2837987319671048,0.2648583045423366,0.2606265357174552,0.0,0.0,0.2809061743884394,0.0,0.2922001807864145,0.2474728627143173,0.2781003640666678,0.2346266216323895,0.2123827718043506,0.239618477393819,0.0,0.2810865402456009,0.2744053042872721,0.0,0.2831298319423492,0.2548351219464079,0.2743914174470986,0.2917185931759865,0.2750217926689005,0.2794038684960905,0.2874639236380452,0.281729001299963,0.2786697405889438,0.2844109616441634,0.2521133529853535,0.2719492921387639,0.0,0.2653204991236849,0.2309721625135214,0.2384424251472349,0.2040855342530163,0.2151596293752602,0.280335813035374,0.0,0.1741683246415567,0.0,0.2194872206431616,0.2464722189511693,0.2602979104284322,0.1534227754552798,0.2064309802478536,0.1921017481871556,0.2546162438218006,0.2543881726942384,0.2497695380172115,0.1820462018766038,0.242369522038791,0.2511616570946118,0.2469673522114904,0.2338466358613032,0.2446418837490622,0.2275282601875987,0.2156212948516563,0.1915774270257922,0.2454582219163081,0.158669070342565,0.2583582476235103,0.2615965367763821,0.2579202492151274,0.2451727814307596,0.2477859158432278,0.2726866923922827,0.2566805285600649,0.2550723589258269,0.2387896728786751,0.2333603490570895,0.2501189758525662,0.2428160173742994,0.2533199127984064,0.2543311860359708,0.2617420206254105,0.2832414272377828,0.2598499887926024
0.2618733544038906,0.2556303168734901,0.0,0.0,0.0,0.0,0.0,0.0,0.0,0.2043849834125244,0.0,0.2208734368616238,0.0,0.0,0.2815047010654786,0.2535386863191169,0.2397874144346844,0.2560731217444056,0.0,0.2184042176569108,0.2376049045481338,0.2607769709193351,0.2731442920221567,0.2347419757073103,0.2563297141624332,0.2583203206065685,0.0,0.0,0.0,0.0,0.2500278857050885,0.2327198358653894,0.1938294317322278,0.1834059379812829,0.2630296363053838,0.0,0.0,0.1408949100924453,0.2194872206431616,0.0,0.1795118504746303,0.2529226037034632,0.0,0.0,0.140053740606684,0.2109809549068995,0.2272676142330005,0.0,0.0,0.0,0.2008721623191315,0.2175625362847282,0.1784770626999646,0.1432165037704384,0.1824284389339873,0.0,0.1637037536610519,0.1839026507519734,0.0,0.206414774597197,0.2175534206026361,0.1934441519697948,0.1862087181622123,0.0,0.2257165148744067,0.1979412896947856,0.2149558972221268,0.2045064986016821,0.1401678049794867,0.1935405452018321,0.1993804298528705,0.2144376446292675,0.2233810390132615,0.2171964054113664,0.2379358547430262,0.1979643220789456
0.2468745862882761,0.2572233830972053,0.0,0.0,0.0,0.2754187108239729,0.0,0.0,0.0,0.2142341912491011,0.0,0.2291555598074793,0.0,0.0,0.2390889386576155,0.2472704025786946,0.2138819699961887,0.2608005094088365,0.0,0.1192086405539056,0.2467698411614186,0.2622254186117139,0.2938539874493924,0.2368439837354349,0.261798336697376,0.2532021057204444,0.2660807631806691,0.2527652884588536,0.239680174274067,0.0,0.2411569330765707,0.232501309220081,0.1992181594694888,0.208233481970986,0.1939215427511918,0.0,0.0,0.1805607190399097,0.2464722189511693,0.1795118504746303,0.0,0.2091124796822513,0.223814049307481,0.2004540310783552,0.1722692176262493,0.2219514569129893,0.2165321403816128,0.26448090901902,0.1852508058779993,0.2498544311570747,0.2421928983318266,0.2403853536200419,0.2648418777819597,0.2481366289378525,0.1970913318985102,0.2317409073243077,0.1747989463241187,0.2334148473267883,0.0,0.2400273244785236,0.2166201553523756,0.2132202592277337,0.2036287846563278,0.2608770113684229,0.2416427100182195,0.2081533945245513,0.2263866604493103,0.2491679777050785,0.1733164988382373,0.2085668954009971,0.2127110525165456,0.2616725229254666,0.239726006924188,0.2394802632408227,0.2599437085248104,0.1987387342646353
0.0,0.2736805480420388,0.0,0.0,0.0,0.2445589498655098,0.0,0.0,0.0,0.0,0.0,0.0,0.0,0.0,0.2897503186642396,0.2703805080152913,0.0,0.2752639925264336,0.0,0.2755862623983041,0.2994747155179029,0.2881940102888861,0.2854323265404451,0.0,0.2804689210489256,0.2860891095816647,0.2837441913016833,0.0,0.2595898406891833,0.0,0.0,0.2529753449200229,0.2558775321511972,0.2146515112795465,0.2367882166109458,0.0,0.0,0.1843426433600084,0.2602979104284322,0.2529226037034632,0.2091124796822513,0.0,0.2798146647223073,0.2573456321069209,0.2096786679205065,0.2614030634262065,0.2734789463125067,0.2525334504926652,0.1869214641043297,0.2590169973017939,0.2691220849037836,0.2433636674872201,0.2751919650267522,0.2602777881356177,0.2116647419475374,0.2458660797443601,0.2107067313655631,0.2527094783104344,0.0,0.2658304723241055,0.2583866489345192,0.2469719329918198,0.2333598443493912,0.2530788027836713,0.2788605651375382,0.2278563368505521,0.2685859007433149,0.2757100935625117,0.2182731966832901,0.2436303262092309,0.2433070164815532,0.284660192593555,0.2424389375437534,0.2655032999679277,0.2835640091694095,0.2108535893645684
0.0,0.0,0.318474939146957,0.0,0.0,0.2426820466920622,0.0,0.2695188385986485,0.2712721659588598,0.0,0.0,0.0,0.0,0.0,0.0,0.0,0.0,0.0,0.2487296228362517,0.0,0.0,0.0,0.2811078858529182,0.0,0.0,0.0,0.2898897831121748,0.0,0.0,0.0,0.0,0.24582560245399,0.0,0.0,0.0,0.0,0.0,0.0,0.1534227754552798,0.0,0.223814049307481,0.2798146647223073,0.0,0.1233992116822567,0.2199364180153606,0.0,0.0,0.2244431289119188,0.1373838287724188,0.1829221317816614,0.2671276552924209,0.1893818702370378,0.2192577863405195,0.2313292592745064,0.241491996269808,0.1764568074712041,0.2097975117131358,0.2086211906263395,0.1409564443339562,0.2914799170496637,0.0,0.0,0.0,0.2271813711380493,0.2866601575162551,0.2994044724384514,0.3003716070968248,0.2366907804557671,0.0,0.0,0.2915283985798519,0.2660279544139334,0.1761747740447547,0.3001777776690594,0.0,0.265895144266831
