0.0,0.3633126977112878,0.0,0.0,0.0,0.3814701778955472,0.0,0.4642996123585477,0.0,0.3264226020972305,0.0,0.3254935103718817,0.2934378616217782,0.0,0.3676240062594428,0.3756079631136189,0.3445695903675864,0.329076126927768,0.0,0.4100182464490199,0.3658049103803094,0.3659321856512803,0.4384982323692951,0.3002111217025874,0.3299082565708682,0.3283344246564254,0.4420845638714937,0.349136711143123,0.3746936579256107,0.0,0.3371891789286379,0.3738146410331971,0.3213338251401721,0.3301869341469058,0.3790582498687365,0.0,0.0,0.3311568725464727,0.4117459689305093,0.3912133271167428,0.394788842601101,0.0,0.0,0.0,0.0,0.3352840636949448,0.4187287981930146,0.0,0.0,0.0,0.0,0.0,0.0,0.0,0.4054647063617627,0.0,0.0,0.0,0.0,0.0,0.4303402730474716,0.0,0.4139454444690425,0.0,0.0,0.3640814314444719,0.4192973594135573,0.0,0.3404977598373678,0.412517939760164,0.4165390219003692,0.0,0.0,0.0,0.0,0.3747857710923591
0.3633126977112878,0.0,0.0,0.0,0.3370826521831808,0.3654841972512638,0.3488339497850578,0.3755937472877828,0.3030873358940537,0.0,0.0,0.0,0.381051337222946,0.0,0.3792491936128208,0.3815331667492128,0.3422956202988614,0.3769486816942798,0.0,0.3698290032978232,0.3581519567132455,0.3615019979773661,0.408551233908324,0.0,0.3413738014709616,0.3423852513825938,0.3781389053895129,0.3867743672342131,0.3749642214341601,0.0,0.3383704060736259,0.3715737704809332,0.3183028417950718,0.3390000910089835,0.3857323699512049,0.0,0.0,0.0,0.405275353257408,0.4026861318836492,0.4074635650264998,0.4305820119967098,0.0,0.0,0.0,0.4228855053165248,0.4203362127250082,0.0,0.0,0.0,0.3507990839904397,0.0,0.0,0.0,0.0,0.0,0.0,0.0,0.0,0.4270676419378649,0.4217237723446764,0.0,0.4080421566111515,0.0,0.3939535471965828,0.4156641204225593,0.4217357882355544,0.3989559488317094,0.0,0.4179083332122022,0.4373837942068062,0.4057631251770481,0.0,0.3802605598022137,0.0,0.386874513170491
0.0,0.0,0.0,0.3243922764398355,0.3963122947260263,0.3575169333713532,0.39781046934036,0.459897337293533,0.2748376275439536,0.3340454133418714,0.3111323749968168,0.2524968327349048,0.4064912905375433,0.3833861330523123,0.0,0.0,0.0,0.0,0.230711839579455,0.0,0.0,0.0,0.3430596568502659,0.0,0.0,0.0,0.29404099070485,0.4155681476242348,0.0,0.0,0.4208457836330353,0.3996972177449201,0.0,0.4263595083881246,0.4343312594527547,0.3735113364516523,0.3897773468214815,0.0,0.4156614985808976,0.0,0.3851893093204773,0.0,0.4576465864123827,0.0,0.0,0.0,0.0,0.4074163876004418,0.0,0.4882361989043636,0.4992096398506354,0.4818087249897602,0.5445012412667123,0.4918801100085506,0.0,0.3079218343199167,0.0,0.3949304960098554,0.4960140974892506,0.0,0.0,0.0,0.0,0.2405817444271416,0.0,0.0,0.0,0.5168389933308674,0.0,0.0,0.0,0.542493593275536,0.3559404521259721,0.0,0.0,0.0
0.0,0.0,0.3243922764398355,0.0,0.173389306182142,0.3700271580096492,0.2356045455923517,0.3175222711867855,0.3712483151164115,0.2132623575830024,0.3141192179571135,0.0,0.3106455473586887,0.2254221996298676,0.0,0.0,0.0,0.0,0.3669866922290914,0.0,0.0,0.0,0.3498208534222734,0.0,0.0,0.0,0.3632297582953031,0.1855362435568098,0.2949523974794641,0.0,0.2712680649564268,0.2666736471202514,0.0,0.2398082416045892,0.2227647116096397,0.1418561669644098,0.1521071785647018,0.0,0.0,0.0,0.0,0.0,0.0,0.0,0.0,0.0,0.0,0.0,0.0,0.0,0.0,0.0,0.0,0.0,0.0,0.0,0.0,0.0,0.0,0.0,0.0,0.0,0.0,0.0,0.0,0.0,0.0,0.0,0.0,0.0,0.0,0.0,0.0,0.0,0.0,0.0
0.0,0.3370826521831808,0.3963122947260263,0.173389306182142,0.0,0.3578240383690763,0.31870601013572,0.3524549872612743,0.3139680636844525,0.3469112917855698,0.2731760683366103,0.3363561320911368,0.3547722342026155,0.2411640461716711,0.0,0.3502648842245041,0.0,0.0,0.3355385207976911,0.4187823574268005,0.0,0.0,0.3834614317418788,0.0,0.3042157521917281,0.3200988365173796,0.3896565067047574,0.3637107460225154,0.3988914321803885,0.0,0.3973220263070645,0.3543123045773105,0.3070635226120032,0.3855134326859862,0.0,0.2298880170885912,0.2179226884244625,0.2949119494294408,0.3550608131736201,0.0,0.0,0.0,0.3486189875582732,0.0,0.0,0.0,0.0,0.4576978581736401,0.0,0.3563167013911062,0.4131662101199779,0.0,0.4011175393048484,0.4170368108346907,0.0,0.3865635308162156,0.0,0.0,0.0,0.0,0.0,0.0,0.0,0.4100635718814498,0.0,0.0,0.0,0.4793393978078219,0.0,0.0,0.0,0.46089936420649,0.0,0.0,0.0,0.0
0.3814701778955472,0.3654841972512638,0.3575169333713532,0.3700271580096492,0.3578240383690763,0.0,0.3711768378032462,0.4006736408533071,0.2855551481207684,0.3812179872406115,0.3644572114480987,0.2997502473932569,0.3665508508711518,0.3911976514735827,0.4233785199780406,0.3740069927060478,0.248344219322478,0.365611795591399,0.3422577346623539,0.3696245885165528,0.4236471988165113,0.377508515657632,0.3675065251043386,0.0,0.3516191441374173,0.3936325167714768,0.3439385366690742,0.3668603069182121,0.3092518997511687,0.4075146617951329,0.4090388273498445,0.3714445915275894,0.3323855869463961,0.3965164492741475,0.4060735880998856,0.3581281624437348,0.3970884882370549,0.3063634089071936,0.4308052938491576,0.0,0.4677813233187501,0.3971486280016363,0.3672149645257411,0.0,0.0,0.0,0.2734599810594325,0.5082253657664785,0.0,0.4266245755562626,0.4570774360712237,0.5035203924842138,0.4396700598098871,0.4969673762013362,0.0,0.4619697960857667,0.0,0.482296308172784,0.0,0.4100980312092674,0.0,0.0,0.0,0.4907098199196448,0.410665448707756,0.3941005193314055,0.4661800019839617,0.4828129416540783,0.0,0.0,0.3508473221105905,0.478303900372364,0.463534105467416,0.4281526382427103,0.4100696677683193,0.4685391057510902
0.0,0.3488339497850578,0.39781046934036,0.2356045455923517,0.31870601013572,0.3711768378032462,0.0,0.3834819805568073,0.3560135472680595,0.2906500663979464,0.3918560110526834,0.3332588396306061,0.3070042997066505,0.2925537608544963,0.0,0.3753313468275703,0.3462314202985194,0.3658787613813592,0.4062989481407087,0.387719493224374,0.0,0.4010218048027037,0.3797921382676825,0.3529246399928631,0.3373438707460198,0.3350956394901428,0.3819447629195564,0.3243968310578166,0.4075760783593921,0.0,0.3501391028263166,0.3524619891415623,0.3236653489990754,0.3507298829740771,0.3807321415866294,0.285438057586599,0.2086944999814489,0.304411706237212,0.3169051887556907,0.0,0.3252432468556308,0.0,0.3330636659805167,0.0,0.0,0.0,0.0,0.3994504864551483,0.0,0.0,0.4025609954292971,0.0,0.3683652800720549,0.3685305808826012,0.0,0.322962077055848,0.0,0.0,0.0,0.0,0.0,0.0,0.0,0.3473875678173601,0.0,0.0,0.0,0.4707410946687796,0.0,0.0,0.0,0.454756875147143,0.0,0.0,0.0,0.0
0.4642996123585477,0.3755937472877828,0.459897337293533,0.3175222711867855,0.3524549872612743,0.4006736408533071,0.3834819805568073,0.0,0.4304438576372359,0.0,0.3252660942407382,0.0,0.3828017178013444,0.3143821732731855,0.4407309268715474,0.416229936302334,0.0,0.4246395972566325,0.4121353673065197,0.4144108891337109,0.3814788458114461,0.3420626111183107,0.344737645915262,0.4627378434010885,0.4351733377536336,0.4406225350563674,0.430243189857396,0.3791945914514588,0.3507330440992275,0.3744620360087898,0.408429080972022,0.3481056228807103,0.0,0.4043635227414805,0.3984970096613067,0.2300646774671808,0.1906370010070826,0.0,0.4092806139548657,0.0,0.4329588375762205,0.0,0.3560486388918436,0.0,0.0,0.0,0.0,0.5067135822707515,0.0,0.4020907167638446,0.4084771001559916,0.4307189611037182,0.3556278769152993,0.4993762951626757,0.0,0.4167161884254385,0.0,0.4259728825993267,0.4145889756126946,0.4015922580399721,0.0,0.0,0.0,0.4751458587613366,0.0,0.0,0.0,0.445041805762957,0.0,0.0,0.0,0.4706661262653526,0.4309109037123706,0.3852729460223455,0.0,0.434754440984675
0.0,0.3030873358940537,0.2748376275439536,0.3712483151164115,0.3139680636844525,0.2855551481207684,0.3560135472680595,0.4304438576372359,0.0,0.3940160426823988,0.2832874486529316,0.3675557116314934,0.3642097962053187,0.3698483385873225,0.0,0.3341925254792094,0.0,0.2662227919126432,0.2722277652802914,0.0,0.0,0.0,0.3905144799179263,0.3078498373188993,0.2676690644795428,0.3419042444375276,0.3155067823591572,0.4021492744196617,0.3925909949814567,0.4000826863275802,0.4170127696271034,0.3861705716154833,0.3543734105282721,0.4054076923388454,0.413042575393079,0.372927160558307,0.4011027166065745,0.3399698453080105,0.3404109427268034,0.0,0.3228381378794901,0.0,0.4267512316565427,0.0,0.0,0.0,0.0,0.5156033200149407,0.0,0.4009254294774698,0.4842627759807628,0.4277867014417079,0.4854359077673092,0.4954387370234296,0.0,0.4572335512272297,0.0,0.4017618115334121,0.4494041441451658,0.0,0.0,0.0,0.0,0.4909280073474728,0.0,0.0,0.0,0.505156382001119,0.0,0.0,0.0,0.5012240113840275,0.3548562542455486,0.0,0.0,0.0
0.3264226020972305,0.0,0.3340454133418714,0.2132623575830024,0.3469112917855698,0.3812179872406115,0.2906500663979464,0.0,0.3940160426823988,0.0,0.3715299097962852,0.2856869258742479,0.3562236871759772,0.0,0.0,0.357982315929667,0.3043131803570886,0.3434429751968462,0.3729748671712178,0.2761135166075231,0.0,0.2929478617840087,0.3695061100920461,0.3052777438959069,0.32465350177727,0.2940815438515075,0.3604249924260341,0.3376240859512281,0.2875749118614213,0.0,0.3070225964856877,0.3116157460928087,0.298019898550842,0.268004903391676,0.2966734965078946,0.2941251597864116,0.2500548954408682,0.2628324982097887,0.3368847865071656,0.3419333694379816,0.3644248688652907,0.0,0.0,0.0,0.3420538008843131,0.0,0.0,0.0,0.0,0.0,0.0,0.0,0.0,0.0,0.4156391600220131,0.0,0.4211477878545677,0.0,0.0,0.0,0.0,0.3988650477106985,0.3669161257701726,0.0,0.0,0.0,0.0,0.0,0.4179776148132891,0.4022562830359992,0.4243122218898884,0.0,0.0,0.0,0.0,0.3838850481713416
0.0,0.0,0.3111323749968168,0.3141192179571135,0.2731760683366103,0.3644572114480987,0.3918560110526834,0.3252660942407382,0.2832874486529316,0.3715299097962852,0.0,0.3413151943554615,0.3873924430269754,0.2446491938162959,0.0,0.0,0.2947069414002627,0.0,0.2524733065693891,0.0,0.0,0.0,0.2253911382039183,0.3236381939806789,0.0,0.2397543934441175,0.347869665918879,0.3821487834742016,0.0,0.0,0.4112422997375102,0.3392121984113913,0.3188953282126583,0.382951368250293,0.3702882053336977,0.2415919753022382,0.3763555330704527,0.306700357666326,0.3633700596934641,0.0,0.0,0.0,0.3732983921569395,0.0,0.0,0.0,0.0,0.4662717972100753,0.0,0.3862959423124055,0.4242182009054357,0.3907343907908089,0.4151263787086311,0.41537412138564,0.0,0.2908152365424211,0.0,0.3438405027458857,0.4181844155956724,0.0,0.0,0.0,0.0,0.2528939031326672,0.0,0.0,0.0,0.4716246228512284,0.0,0.0,0.0,0.4808684040394862,0.3155124292102416,0.0,0.0,0.0
0.3254935103718817,0.0,0.2524968327349048,0.0,0.3363561320911368,0.2997502473932569,0.3332588396306061,0.0,0.3675557116314934,0.2856869258742479,0.3413151943554615,0.0,0.3666388146323364,0.0,0.0,0.0,0.3435984403612885,0.3453429830033344,0.2920844040865191,0.0,0.0,0.0,0.0,0.2697372407369159,0.3470234124969277,0.2697583172894274,0.2882812655619776,0.3499821973336642,0.0,0.0,0.3286262480421061,0.2389414397128572,0.2889665608424769,0.2450046071309617,0.2728388294683541,0.3512772755158197,0.0,0.2314942990937102,0.11478279981601,0.3519936418976281,0.3526770450450721,0.0,0.0,0.0,0.3547552922878849,0.0,0.0,0.0,0.0,0.0,0.0,0.0,0.0,0.0,0.414857155914282,0.0,0.3961360203264236,0.0,0.0,0.0,0.0,0.415165625884687,0.3681924021003899,0.0,0.0,0.0,0.0,0.0,0.3791880461463537,0.4113915626577356,0.4290634517284735,0.0,0.0,0.0,0.0,0.3673957131690311
0.2934378616217782,0.381051337222946,0.4064912905375433,0.3106455473586887,0.3547722342026155,0.3665508508711518,0.3070042997066505,0.3828017178013444,0.3642097962053187,0.3562236871759772,0.3873924430269754,0.3666388146323364,0.0,0.31871308052269,0.41360415462822,0.4068204581568233,0.3619340164574112,0.3756143329594087,0.4029643330058112,0.3886641546710038,0.3839346386802907,0.4062147767778242,0.3848357000712231,0.3330539548467405,0.364491311646247,0.368346062017466,0.389767597783148,0.3248694077112637,0.3861182849573366,0.3689810224036512,0.3727950692924794,0.3568291159741911,0.3480809892352621,0.3618663249974212,0.3761156070676648,0.3146450915681995,0.3208441661931843,0.3185130981937071,0.3862168898141602,0.32494305888214,0.3949820498277203,0.0,0.3504171836294875,0.0,0.0,0.0,0.0,0.4004487765930768,0.0,0.0,0.4071574335494475,0.3308078556108684,0.3994827360773623,0.0,0.0,0.3248580689874295,0.0,0.0,0.0,0.300790650424997,0.0,0.0,0.0,0.0,0.3575644623267101,0.0,0.2493572563146548,0.4615744741112682,0.0,0.2557770568971311,0.262814750152292,0.4623542332400109,0.0,0.3848536140847607,0.0,0.0
0.0,0.0,0.3833861330523123,0.2254221996298676,0.2411640461716711,0.3911976514735827,0.2925537608544963,0.3143821732731855,0.3698483385873225,0.0,0.2446491938162959,0.0,0.31871308052269,0.0,0.0,0.0,0.0,0.0,0.3273425457810184,0.0,0.4020373515092845,0.0,0.3413841195678009,0.0,0.0,0.0,0.4070633409456531,0.2375368799150361,0.0,0.0,0.3848264139044231,0.1881999746740336,0.0,0.4078880830559433,0.0,0.1750014376340928,0.133831840290589,0.0,0.0,0.0,0.0,0.0,0.3621516690576417,0.0,0.0,0.0,0.0,0.4361369091235745,0.0,0.0,0.0,0.0,0.0,0.4504725200877735,0.0,0.3767710153527315,0.0,0.0,0.0,0.0,0.0,0.0,0.0,0.0,0.0,0.0,0.0,0.4383048747346578,0.0,0.0,0.0,0.4405959263786542,0.0,0.0,0.0,0.0
0.3676240062594428,0.3792491936128208,0.0,0.0,0.0,0.4233785199780406,0.0,0.4407309268715474,0.0,0.0,0.0,0.0,0.41360415462822,0.0,0.0,0.3777504725359697,0.0,0.3779720016619157,0.0,0.335315847869185,0.3546394915346087,0.3419002692595655,0.2923299778638615,0.3943646310457679,0.3696460862185802,0.3595401842921959,0.3896716015742479,0.3963616869990435,0.3668236505129002,0.0,0.3644116421595769,0.3768613910256283,0.3514149882265,0.3725296801747002,0.4134683580264574,0.0,0.0,0.0,0.4232016031917096,0.4342250532281221,0.428757600864191,0.4548867619320941,0.0,0.0,0.0,0.0,0.4340293250425979,0.0,0.0,0.0,0.4144082539526031,0.0,0.4702816031913777,0.0,0.0,0.0,0.0,0.3509046172144692,0.0,0.4508767276004886,0.4018796680485975,0.0,0.0,0.0,0.4273661041372054,0.43580808988475,0.4520767402015589,0.4267956187902045,0.0,0.3218079638053874,0.4678340538539282,0.4391012029008372,0.3910634443945294,0.4157596225457778,0.0,0.3932763875148032
0.3756079631136189,0.3815331667492128,0.0,0.0,0.3502648842245041,0.3740069927060478,0.3753313468275703,0.416229936302334,0.3341925254792094,0.357982315929667,0.0,0.0,0.4068204581568233,0.0,0.3777504725359697,0.0,0.3652433491516897,0.3029558785536732,0.0,0.368493808969265,0.3713743550163261,0.332319040727463,0.3994748498134511,0.3310149028939076,0.3398769277809224,0.3841364712422657,0.3972953625330181,0.4156126613312017,0.4012615375723116,0.4005050717201989,0.350291797024035,0.3914634148170159,0.3495007023570007,0.3542048686220715,0.4014389877357169,0.0,0.0,0.0,0.3932007087638412,0.3967789802343814,0.3982941541020256,0.4260866384772647,0.0,0.0,0.0,0.4235615904420468,0.421413026980529,0.0,0.0,0.0,0.0,0.0,0.0,0.0,0.0,0.0,0.0,0.0,0.0,0.4034495951941291,0.4177904666762032,0.0,0.3986130512812591,0.0,0.366170887078014,0.4075468915117434,0.4095636086388836,0.3005277839238507,0.0,0.4088789630647322,0.4323414195642376,0.3524369314022628,0.0,0.3581675775388108,0.0,0.3834505629599448
0.3445695903675864,0.3422956202988614,0.0,0.0,0.0,0.248344219322478,0.3462314202985194,0.0,0.0,0.3043131803570886,0.2947069414002627,0.3435984403612885,0.3619340164574112,0.0,0.0,0.3652433491516897,0.0,0.2900044452988909,0.0,0.3504894428988199,0.0,0.3858761920304435,0.0,0.3428175242255962,0.315948595241976,0.3402296433471616,0.0,0.3552362389469912,0.3202951004897865,0.0,0.3310799321471794,0.3676761530545142,0.2995822460051027,0.3236799912271579,0.3501551161118825,0.0,0.0,0.2712391372445477,0.0,0.3582232547536195,0.0,0.0,0.0,0.0,0.0,0.0,0.0,0.0,0.0,0.0,0.0,0.0,0.0,0.0,0.4245701470828528,0.0,0.4416817285549961,0.0,0.0,0.0,0.0,0.3998201200217858,0.361220874490549,0.0,0.0,0.0,0.0,0.0,0.387389220043501,0.4024125381530781,0.4173840830446631,0.0,0.0,0.0,0.0,0.0
0.329076126927768,0.3769486816942798,0.0,0.0,0.0,0.365611795591399,0.3658787613813592,0.4246395972566325,0.2662227919126432,0.3434429751968462,0.0,0.3453429830033344,0.3756143329594087,0.0,0.3779720016619157,0.3029558785536732,0.2900044452988909,0.0,0.0,0.3890531678641512,0.3855079298258216,0.3794178299575859,0.4209200423356973,0.3272699982513509,0.3299527031957277,0.3425405665508549,0.4018060217080382,0.3835050482075241,0.3965053460146856,0.3543661905874182,0.3513319409603526,0.4009731194439396,0.3228091474054224,0.3478400464711575,0.4003721154874058,0.0,0.0,0.0,0.3822182967789986,0.3809876430888197,0.3905819479444808,0.4031437210735057,0.0,0.0,0.0,0.3796956302579022,0.4021630993462956,0.0,0.0,0.0,0.0,0.0,0.0,0.0,0.4242695167336875,0.0,0.4456477445498699,0.0,0.0,0.0,0.3859728775129019,0.4311026641684324,0.3995022986866173,0.0,0.0,0.0,0.3930951566679218,0.0,0.3674245449090452,0.4093459680398184,0.41304661696579,0.0,0.0,0.0,0.0,0.3981935995510108
0.0,0.0,0.230711839579455,0.3669866922290914,0.3355385207976911,0.3422577346623539,0.4062989481407087,0.4121353673065197,0.2722277652802914,0.3729748671712178,0.2524733065693891,0.2920844040865191,0.4029643330058112,0.3273425457810184,0.0,0.0,0.0,0.0,0.0,0.0,0.0,0.0,0.2974070248099856,0.0,0.0,0.0,0.3014771039113908,0.3997909089917721,0.0,0.0,0.4142802611457462,0.3805799746255551,0.0,0.398442362151191,0.4100166048691671,0.3558007242108182,0.3866703474984069,0.3399592935208832,0.4137088179653884,0.0,0.0,0.0,0.4138524894469266,0.0,0.0,0.0,0.0,0.5249227938927241,0.0,0.4246513641001113,0.4639469503928578,0.4397546144210172,0.491489834934867,0.5100323038657345,0.0,0.4637253481960011,0.0,0.3575205646377228,0.4351164844084106,0.0,0.0,0.0,0.0,0.5001728869625913,0.0,0.0,0.0,0.5144599776252475,0.0,0.0,0.0,0.5126367612715184,0.0,0.0,0.0,0.0
0.4100182464490199,0.3698290032978232,0.0,0.0,0.4187823574268005,0.3696245885165528,0.387719493224374,0.4144108891337109,0.0,0.2761135166075231,0.0,0.0,0.3886641546710038,0.0,0.335315847869185,0.368493808969265,0.3504894428988199,0.3890531678641512,0.0,0.0,0.4035191612050216,0.3367486682507042,0.2703111838206032,0.0,0.3571936897416462,0.4056301610447498,0.3461007202822014,0.3619506125195733,0.3062674146035851,0.3186573098751292,0.3431590211676745,0.3896546750028559,0.3176908688687678,0.3774402836048318,0.4155962615725818,0.4413795155770257,0.3765408139078833,0.0,0.3984488079520681,0.3538020668342825,0.3849802263494352,0.4000416730440071,0.0,0.0,0.0,0.0,0.3720652121730438,0.0,0.0,0.0,0.4198762040672401,0.0,0.4506597080288753,0.0,0.0,0.0,0.0,0.3575428353656973,0.0,0.4145638458456044,0.3130528683598409,0.0,0.0,0.0,0.4204332583516327,0.4101083192922031,0.4160635094254555,0.438650152993623,0.0,0.2428271367010407,0.4284572088084391,0.4497504676878603,0.4375682352093081,0.4259877246859255,0.347795562628145,0.3929954950367483
0.3658049103803094,0.3581519567132455,0.0,0.0,0.0,0.4236471988165113,0.0,0.3814788458114461,0.0,0.0,0.0,0.0,0.3839346386802907,0.4020373515092845,0.3546394915346087,0.3713743550163261,0.0,0.3855079298258216,0.0,0.4035191612050216,0.0,0.3859559992050382,0.3771602618275276,0.4145310313216535,0.3897796553060834,0.3521208596395861,0.4048387897101236,0.4047980220872665,0.3833407910400377,0.0,0.3570352474379568,0.3673406776184066,0.3429306416803707,0.3481182625907044,0.4065028938572461,0.0,0.0,0.0,0.4046791850278596,0.3917123875358676,0.3857233671891878,0.4380722937015784,0.0,0.0,0.0,0.3124583097181231,0.4265544374560057,0.0,0.0,0.0,0.386281122079554,0.0,0.3739733233219484,0.0,0.0,0.0,0.0,0.3697040281671077,0.0,0.4047051147764924,0.423043594807912,0.0,0.0,0.0,0.394663844286169,0.3647160951534677,0.4325900641503277,0.39665321892263,0.0,0.357073382529625,0.4464014641426523,0.4270553795824653,0.3903466009065552,0.3977236571798134,0.0,0.3369770527341015
0.3659321856512803,0.3615019979773661,0.0,0.0,0.0,0.377508515657632,0.4010218048027037,0.3420626111183107,0.0,0.2929478617840087,0.0,0.0,0.4062147767778242,0.0,0.3419002692595655,0.332319040727463,0.3858761920304435,0.3794178299575859,0.0,0.3367486682507042,0.3859559992050382,0.0,0.2858766375069206,0.0,0.3643155566141463,0.3643067826685749,0.390184412194251,0.3879483770021363,0.3480996418945434,0.33215813079951,0.3351948678110713,0.3842657426964919,0.3403832031660957,0.368239785781958,0.4211080866662594,0.4525370190630817,0.0,0.0,0.403394990083612,0.414563818591489,0.4232218022566953,0.4452002822082928,0.0,0.0,0.0,0.3497507310067599,0.4097253045862032,0.0,0.0,0.0,0.3980854129834478,0.0,0.0,0.0,0.0,0.0,0.0,0.0,0.0,0.450844840859217,0.4131900925595665,0.0,0.3494145683955517,0.0,0.4253149907791812,0.4320866588788533,0.4402023662018041,0.4238592810035296,0.0,0.3930592807290034,0.4442364948955057,0.432639713594823,0.314910371963758,0.4009518811265408,0.0,0.3946612420144903
0.4384982323692951,0.408551233908324,0.3430596568502659,0.3498208534222734,0.3834614317418788,0.3675065251043386,0.3797921382676825,0.344737645915262,0.3905144799179263,0.3695061100920461,0.2253911382039183,0.0,0.3848357000712231,0.3413841195678009,0.2923299778638615,0.3994748498134511,0.0,0.4209200423356973,0.2974070248099856,0.2703111838206032,0.3771602618275276,0.2858766375069206,0.0,0.4468190927655789,0.4120280218139436,0.4136296812793646,0.3233146462927035,0.3873287499295318,0.362530581004082,0.3848043923157443,0.4025310581669529,0.3745203547248927,0.3294282313075788,0.4003709437361655,0.4096033976412533,0.3136070738663539,0.3860450182222615,0.0,0.4433839698903425,0.4397561171073382,0.4579181546016621,0.450118133921129,0.4442439702390975,0.3683291712993919,0.0,0.0,0.3891297812311404,0.4781853940716267,0.0,0.4862359389593714,0.4612336157339209,0.4870225750417987,0.4373001584810675,0.5040299936078383,0.0,0.4148292238208416,0.0,0.4726633247869495,0.4682367832323235,0.4265673804706475,0.0,0.0,0.0,0.3391338514327877,0.4313730618419205,0.4241773298310411,0.4305403383920663,0.4756417354863597,0.0,0.2593749100791376,0.4316945020886177,0.48338020758174,0.4632093088140831,0.4354077026999423,0.4537023672303572,0.4596396805095138
0.3002111217025874,0.0,0.0,0.0,0.0,0.0,0.3529246399928631,0.4627378434010885,0.3078498373188993,0.3052777438959069,0.3236381939806789,0.2697372407369159,0.3330539548467405,0.0,0.3943646310457679,0.3310149028939076,0.3428175242255962,0.3272699982513509,0.0,0.0,0.4145310313216535,0.0,0.4468190927655789,0.0,0.3192439405470683,0.2876673715463046,0.4260770949966042,0.3306711042488153,0.0,0.0,0.3179706290814634,0.3560935454909116,0.2268895432213541,0.2267475212279632,0.3138870459799991,0.369297066998114,0.0,0.2274672101009562,0.4029284357797035,0.329751377721532,0.3767161733168543,0.0,0.0,0.0,0.3121071865953476,0.3000272452891688,0.0,0.0,0.0,0.0,0.0,0.0,0.0,0.0,0.41577788863163,0.0,0.4151485886004583,0.0,0.0,0.0,0.3977753525716903,0.4135718262701234,0.410932525144955,0.0,0.0,0.0,0.0,0.0,0.3337735749688512,0.411500576099566,0.4047498047213209,0.0,0.0,0.0,0.0,0.4049637434780673
0.3299082565708682,0.3413738014709616,0.0,0.0,0.3042157521917281,0.3516191441374173,0.3373438707460198,0.4351733377536336,0.2676690644795428,0.32465350177727,0.0,0.3470234124969277,0.364491311646247,0.0,0.3696460862185802,0.3398769277809224,0.315948595241976,0.3299527031957277,0.0,0.3571936897416462,0.3897796553060834,0.3643155566141463,0.4120280218139436,0.3192439405470683,0.0,0.3221125387568345,0.369228808418701,0.36785679967747,0.3668324390791363,0.0,0.3357591382951209,0.3521712509802656,0.2930237434852865,0.3177049860046282,0.3566403075438168,0.0,0.0,0.2972724548535065,0.3957227886652005,0.3847109040338226,0.3945623702363459,0.4101529270022465,0.0,0.0,0.0,0.3889877879593352,0.4152457160316841,0.0,0.0,0.0,0.0,0.0,0.0,0.0,0.4315781215042117,0.0,0.4346558534035051,0.2643898931632293,0.0,0.3733755465266752,0.4047283282529937,0.414445564909669,0.406084131707061,0.0,0.0,0.3908344023904982,0.4030213071921451,0.2908856567142804,0.3706446361065256,0.4124319744185669,0.4201009706635657,0.0,0.0,0.0,0.0,0.399956850514287
0.3283344246564254,0.3423852513825938,0.0,0.0,0.3200988365173796,0.3936325167714768,0.3350956394901428,0.4406225350563674,0.3419042444375276,0.2940815438515075,0.2397543934441175,0.2697583172894274,0.368346062017466,0.0,0.3595401842921959,0.3841364712422657,0.3402296433471616,0.3425405665508549,0.0,0.4056301610447498,0.3521208596395861,0.3643067826685749,0.4136296812793646,0.2876673715463046,0.3221125387568345,0.0,0.420812819502895,0.3520563669867999,0.3819357359016708,0.0,0.3443947542872356,0.3731842824524606,0.3250702744906995,0.3372424746691617,0.3783397585658724,0.3669689593739962,0.0,0.2947887731660515,0.3977931392130295,0.3988291698305966,0.4104585071179256,0.437186921587084,0.0,0.0,0.3303471985617006,0.4056728339928211,0.4288676675907618,0.0,0.0,0.0,0.3549148664013645,0.0,0.0,0.0,0.4311867164191625,0.0,0.439283441315034,0.2979047610875768,0.0,0.4472608926466296,0.4271338052942495,0.4231187340811195,0.4151816357509224,0.0,0.4130097690834142,0.4308741099172155,0.4416665947000189,0.4148978194789198,0.377918347806261,0.4226437760104949,0.4322388198348674,0.4295083809165354,0.3516759613749855,0.3821770740102767,0.0,0.4018304425058964
0.4420845638714937,0.3781389053895129,0.29404099070485,0.3632297582953031,0.3896565067047574,0.3439385366690742,0.3819447629195564,0.430243189857396,0.3155067823591572,0.3604249924260341,0.347869665918879,0.2882812655619776,0.389767597783148,0.4070633409456531,0.3896716015742479,0.3972953625330181,0.0,0.4018060217080382,0.3014771039113908,0.3461007202822014,0.4048387897101236,0.390184412194251,0.3233146462927035,0.4260770949966042,0.369228808418701,0.420812819502895,0.0,0.3974461644255492,0.3536965812093142,0.3911863559037432,0.3972228692370121,0.3803509480860809,0.3428651545436348,0.3969400198842029,0.4155742435801827,0.3646617417277104,0.3986153565810395,0.2763562452054027,0.4409702473139484,0.3931703835873887,0.4590116490129619,0.4539885974351441,0.4487201009049968,0.2402906821160389,0.0,0.0,0.3688479422575468,0.5333990447296781,0.0,0.4584737200710871,0.4598614416326262,0.4922639576255843,0.4779066859347446,0.5156816795221815,0.0,0.5048980193017566,0.0,0.4849888740377214,0.4809533055680887,0.4407454577255766,0.0,0.0,0.0,0.5164323240246489,0.4419811841581889,0.4344879642523382,0.456405476752982,0.4846015329591936,0.0,0.0,0.4348237754747247,0.4795622826769493,0.4702644121761484,0.4321878506633983,0.4333285505576797,0.4562853089882944
0.349136711143123,0.3867743672342131,0.4155681476242348,0.1855362435568098,0.3637107460225154,0.3668603069182121,0.3243968310578166,0.3791945914514588,0.4021492744196617,0.3376240859512281,0.3821487834742016,0.3499821973336642,0.3248694077112637,0.2375368799150361,0.3963616869990435,0.4156126613312017,0.3552362389469912,0.3835050482075241,0.3997909089917721,0.3619506125195733,0.4047980220872665,0.3879483770021363,0.3873287499295318,0.3306711042488153,0.36785679967747,0.3520563669867999,0.3974461644255492,0.0,0.3227728838549858,0.3137453358970677,0.3464707774560123,0.3660332613476807,0.3366196429374541,0.3541278831373152,0.3727649659204087,0.257675137137643,0.2471719285727962,0.3000104857581168,0.42638800436038,0.3600796748797045,0.47158892114718,0.3990234125261143,0.2911791169005345,0.0,0.0,0.0,0.0,0.3538708413832165,0.0,0.0,0.4365231889143661,0.0,0.4125968703555004,0.312596189311744,0.3754469372553091,0.0,0.356998127849183,0.4087399991678838,0.0,0.4023774838833929,0.0,0.0,0.0,0.0,0.4343085712170596,0.4158038229135993,0.3137502430436328,0.4606256477132556,0.0,0.2807622290138911,0.3414723466878274,0.4560748892266923,0.4606209840610897,0.4118241591754787,0.0,0.4120381222472862
0.3746936579256107,0.3749642214341601,0.0,0.2949523974794641,0.3988914321803885,0.3092518997511687,0.4075760783593921,0.3507330440992275,0.3925909949814567,0.2875749118614213,0.0,0.0,0.3861182849573366,0.0,0.3668236505129002,0.4012615375723116,0.3202951004897865,0.3965053460146856,0.0,0.3062674146035851,0.3833407910400377,0.3480996418945434,0.362530581004082,0.0,0.3668324390791363,0.3819357359016708,0.3536965812093142,0.3227728838549858,0.0,0.3263062939015926,0.3352214334208056,0.3728876854440683,0.302502826930054,0.3643472178170792,0.4002639601402853,0.4141823193945484,0.3551280933313551,0.0,0.4111792530383204,0.3218858170778245,0.3712095009108608,0.3838585664926641,0.3437635947179236,0.0,0.0,0.0,0.3449720214913636,0.3721394028286094,0.0,0.0,0.4302086748323313,0.3313167280768405,0.421536966216909,0.30485412240969,0.0,0.0,0.0,0.4446847146392886,0.0,0.4018584571506153,0.0,0.0,0.0,0.0,0.4036874121695159,0.4033415361946084,0.353534476853704,0.4426117842755974,0.0,0.0,0.386167999286566,0.442978647206034,0.4299458220954483,0.4020566429942177,0.3794140827503333,0.4004284590496176
0.0,0.0,0.0,0.0,0.0,0.4075146617951329,0.0,0.3744620360087898,0.4000826863275802,0.0,0.0,0.0,0.3689810224036512,0.0,0.0,0.4005050717201989,0.0,0.3543661905874182,0.0,0.3186573098751292,0.0,0.33215813079951,0.3848043923157443,0.0,0.0,0.0,0.3911863559037432,0.3137453358970677,0.3263062939015926,0.0,0.278532035241808,0.3635393322089941,0.0,0.3384517139218903,0.3506332949604994,0.0,0.0,0.0,0.0,0.0,0.0,0.0,0.0,0.0,0.0,0.0,0.0,0.0,0.0,0.0,0.0,0.0,0.0,0.0,0.0,0.0,0.0,0.0,0.0,0.0,0.0,0.0,0.0,0.0,0.0,0.0,0.0,0.446436410369612,0.0,0.0,0.0,0.4532308045932958,0.0,0.3896468964088713,0.0,0.0
0.3371891789286379,0.3383704060736259,0.4208457836330353,0.2712680649564268,0.3973220263070645,0.4090388273498445,0.3501391028263166,0.408429080972022,0.4170127696271034,0.3070225964856877,0.4112422997375102,0.3286262480421061,0.3727950692924794,0.3848264139044231,0.3644116421595769,0.350291797024035,0.3310799321471794,0.3513319409603526,0.4142802611457462,0.3431590211676745,0.3570352474379568,0.3351948678110713,0.4025310581669529,0.3179706290814634,0.3357591382951209,0.3443947542872356,0.3972228692370121,0.3464707774560123,0.3352214334208056,0.278532035241808,0.0,0.3755972886392149,0.2972182767920155,0.2731891663816436,0.2716923326963987,0.3436421310614064,0.3163532569416339,0.2607742169824208,0.3777486158025027,0.366360769058406,0.3971706658571908,0.0,0.0,0.0,0.0,0.0,0.3943788445277764,0.0,0.0,0.0,0.4449208974448752,0.0,0.4234881841680419,0.0,0.4125516396503252,0.0,0.4148913436042564,0.0,0.0,0.4240659242573528,0.390584457208957,0.3890458778800108,0.4048373664250691,0.0,0.0,0.0,0.4122513344258297,0.4649431705754054,0.3727741312126009,0.4086945763974619,0.412587116165099,0.4633968906843025,0.4228654985554548,0.4426003503278631,0.0,0.3687918309657944
0.3738146410331971,0.3715737704809332,0.3996972177449201,0.2666736471202514,0.3543123045773105,0.3714445915275894,0.3524619891415623,0.3481056228807103,0.3861705716154833,0.3116157460928087,0.3392121984113913,0.2389414397128572,0.3568291159741911,0.1881999746740336,0.3768613910256283,0.3914634148170159,0.3676761530545142,0.4009731194439396,0.3805799746255551,0.3896546750028559,0.3673406776184066,0.3842657426964919,0.3745203547248927,0.3560935454909116,0.3521712509802656,0.3731842824524606,0.3803509480860809,0.3660332613476807,0.3728876854440683,0.3635393322089941,0.3755972886392149,0.0,0.3053938559793147,0.3364793202674987,0.3305295784555428,0.2367895901531206,0.2939350650570649,0.2310527987042809,0.2532219165503502,0.2821101294212119,0.3152812303565908,0.2981692415063378,0.254537568335568,0.2435245954986499,0.2087022925306055,0.3808956459896073,0.411600484866534,0.3925251366690085,0.0,0.3350746262671096,0.4362641477607702,0.4213486429195135,0.4107957007606997,0.3557669093973507,0.3651897584705655,0.3549814333181942,0.2735913361935152,0.3874707020015687,0.0,0.4340533935722246,0.3852514043488213,0.3479600541803969,0.359252679283575,0.3550401267051297,0.4036213242298074,0.4066607801600143,0.4227475374916383,0.4475450649092182,0.3853627645123597,0.4031325558942801,0.4131301446441479,0.4481653604491518,0.3209873212026597,0.4194580848211086,0.0,0.3862961023371459
0.3213338251401721,0.3183028417950718,0.0,0.0,0.3070635226120032,0.3323855869463961,0.3236653489990754,0.0,0.3543734105282721,0.298019898550842,0.3188953282126583,0.2889665608424769,0.3480809892352621,0.0,0.3514149882265,0.3495007023570007,0.2995822460051027,0.3228091474054224,0.0,0.3176908688687678,0.3429306416803707,0.3403832031660957,0.3294282313075788,0.2268895432213541,0.2930237434852865,0.3250702744906995,0.3428651545436348,0.3366196429374541,0.302502826930054,0.0,0.2972182767920155,0.3053938559793147,0.0,0.2386061088148115,0.3738302149415498,0.4140999220693249,0.0,0.1763759478974256,0.2600836217690739,0.2809385897203192,0.3169306928255531,0.2979632539321991,0.0,0.0,0.2823311389212277,0.3622341286660887,0.4010614598878664,0.0,0.0,0.0,0.0,0.0,0.0,0.0,0.3649443016024147,0.0,0.3702303259461374,0.0,0.0,0.4359404819891644,0.4009787464166026,0.3493366500577153,0.3671591358809756,0.0,0.3839883154177687,0.384762270401528,0.4235533821645002,0.4264639191379222,0.3382685328018793,0.3861692423190906,0.3972636415808104,0.0,0.2885097482447686,0.0,0.0,0.3599804474891393
0.3301869341469058,0.3390000910089835,0.4263595083881246,0.2398082416045892,0.3855134326859862,0.3965164492741475,0.3507298829740771,0.4043635227414805,0.4054076923388454,0.268004903391676,0.382951368250293,0.2450046071309617,0.3618663249974212,0.4078880830559433,0.3725296801747002,0.3542048686220715,0.3236799912271579,0.3478400464711575,0.398442362151191,0.3774402836048318,0.3481182625907044,0.368239785781958,0.4003709437361655,0.2267475212279632,0.3177049860046282,0.3372424746691617,0.3969400198842029,0.3541278831373152,0.3643472178170792,0.3384517139218903,0.2731891663816436,0.3364793202674987,0.2386061088148115,0.0,0.2787967093008801,0.3503198698259109,0.2398522280675959,0.1842953380950656,0.3133975912277713,0.3464946682533814,0.4040554084310146,0.3404980424982716,0.0,0.2329403265507542,0.3059787576050254,0.3780296160016963,0.3980696806354349,0.3288316751690591,0.0,0.0,0.4483200256165138,0.3273181841977604,0.0,0.3060004391638424,0.3858555230620864,0.0,0.4022989802779189,0.413602212914252,0.0,0.4311550406518294,0.3993823019888873,0.3888887584043471,0.4027725361592763,0.0,0.4104596228929746,0.3943183284229104,0.4207674553637716,0.460148650385236,0.3523498663109794,0.407905587054822,0.4152700619668237,0.4626933897844195,0.2541715237522979,0.4246105210408009,0.0,0.385615736913437
0.3790582498687365,0.3857323699512049,0.4343312594527547,0.2227647116096397,0.0,0.4060735880998856,0.3807321415866294,0.3984970096613067,0.413042575393079,0.2966734965078946,0.3702882053336977,0.2728388294683541,0.3761156070676648,0.0,0.4134683580264574,0.4014389877357169,0.3501551161118825,0.4003721154874058,0.4100166048691671,0.4155962615725818,0.4065028938572461,0.4211080866662594,0.4096033976412533,0.3138870459799991,0.3566403075438168,0.3783397585658724,0.4155742435801827,0.3727649659204087,0.4002639601402853,0.3506332949604994,0.2716923326963987,0.3305295784555428,0.3738302149415498,0.2787967093008801,0.0,0.3729068198162522,0.2980244713569713,0.213618339619821,0.2905555515529366,0.4241753732004389,0.3476247492253169,0.3235107017593168,0.2654181361540972,0.2541348031184224,0.0,0.0,0.4270019321779587,0.0,0.0,0.0,0.4160674436254186,0.0,0.0,0.0,0.0,0.0,0.4400613414377604,0.2585789420242931,0.0,0.4577169481983645,0.4168679171324499,0.0,0.0,0.0,0.4233449538229614,0.0,0.4520083565233767,0.4678837232024685,0.0,0.4350953935314205,0.4419659522485286,0.4639799280499108,0.2372415519411662,0.4168070086690347,0.0,0.0
0.0,0.0,0.3735113364516523,0.1418561669644098,0.2298880170885912,0.3581281624437348,0.285438057586599,0.2300646774671808,0.372927160558307,0.2941251597864116,0.2415919753022382,0.3512772755158197,0.3146450915681995,0.1750014376340928,0.0,0.0,0.0,0.0,0.3558007242108182,0.4413795155770257,0.0,0.4525370190630817,0.3136070738663539,0.369297066998114,0.0,0.3669689593739962,0.3646617417277104,0.257675137137643,0.4141823193945484,0.0,0.3436421310614064,0.2367895901531206,0.4140999220693249,0.3503198698259109,0.3729068198162522,0.0,0.1823947065638666,0.3041437075803016,0.2355580371472881,0.0,0.0,0.0,0.3506868791849235,0.2892001785298678,0.0,0.0,0.0,0.4422319054451539,0.0,0.318305853514331,0.3905118965529287,0.3614468529936978,0.3378732505044545,0.4251960177368686,0.0,0.3624316405216646,0.0,0.3538286733347052,0.0,0.0,0.0,0.0,0.0,0.4367849678621575,0.0,0.0,0.0,0.4316190695087969,0.0,0.0,0.0,0.4329486843945047,0.3602009946055351,0.0,0.0,0.0
0.0,0.0,0.3897773468214815,0.1521071785647018,0.2179226884244625,0.3970884882370549,0.2086944999814489,0.1906370010070826,0.4011027166065745,0.2500548954408682,0.3763555330704527,0.0,0.3208441661931843,0.133831840290589,0.0,0.0,0.0,0.0,0.3866703474984069,0.3765408139078833,0.0,0.0,0.3860450182222615,0.0,0.0,0.0,0.3986153565810395,0.2471719285727962,0.3551280933313551,0.0,0.3163532569416339,0.2939350650570649,0.0,0.2398522280675959,0.2980244713569713,0.1823947065638666,0.0,0.2769686015807106,0.0,0.0,0.0,0.0,0.0,0.0,0.0,0.0,0.0,0.0,0.0,0.0,0.0,0.0,0.0,0.0,0.0,0.0,0.0,0.0,0.0,0.0,0.0,0.0,0.0,0.0,0.0,0.0,0.0,0.368793732093042,0.0,0.0,0.0,0.0,0.0,0.0,0.0,0.0
0.3311568725464727,0.0,0.0,0.0,0.2949119494294408,0.3063634089071936,0.304411706237212,0.0,0.3399698453080105,0.2628324982097887,0.306700357666326,0.2314942990937102,0.3185130981937071,0.0,0.0,0.0,0.2712391372445477,0.0,0.3399592935208832,0.0,0.0,0.0,0.0,0.2274672101009562,0.2972724548535065,0.2947887731660515,0.2763562452054027,0.3000104857581168,0.0,0.0,0.2607742169824208,0.2310527987042809,0.1763759478974256,0.1842953380950656,0.213618339619821,0.3041437075803016,0.2769686015807106,0.0,0.1965838068177256,0.2430228946582326,0.2581882449260373,0.0,0.0,0.0,0.2664788430360499,0.0,0.0,0.0,0.0,0.0,0.0,0.0,0.0,0.0,0.3349198604389381,0.0,0.0,0.0,0.0,0.0,0.0,0.0,0.0,0.0,0.0,0.0,0.0,0.0,0.2822069957414221,0.0,0.3575080859248996,0.0,0.0,0.0,0.0,0.0
0.4117459689305093,0.405275353257408,0.4156614985808976,0.0,0.3550608131736201,0.4308052938491576,0.3169051887556907,0.4092806139548657,0.3404109427268034,0.3368847865071656,0.3633700596934641,0.11478279981601,0.3862168898141602,0.0,0.4232016031917096,0.3932007087638412,0.0,0.3822182967789986,0.4137088179653884,0.3984488079520681,0.4046791850278596,0.403394990083612,0.4433839698903425,0.4029284357797035,0.3957227886652005,0.3977931392130295,0.4409702473139484,0.42638800436038,0.4111792530383204,0.0,0.3777486158025027,0.2532219165503502,0.2600836217690739,0.3133975912277713,0.2905555515529366,0.2355580371472881,0.0,0.1965838068177256,0.0,0.2942607669700403,0.3311147414668003,0.3297359062586089,0.2508496583547237,0.2872927463577298,0.2350988203204878,0.3738486619602919,0.3624064283611836,0.3838536601569552,0.2426044947230768,0.2936474198338568,0.3641740818329517,0.3468916282513277,0.3574790041292968,0.3904646040773333,0.3395669817751482,0.3454656368238146,0.2413147019865889,0.366287099846347,0.2148831467595777,0.3884499422746836,0.3860781072004148,0.3771796427468131,0.3899459099473043,0.3758007680633052,0.3951732974249451,0.3589708550196913,0.3831055092193065,0.3767085489436189,0.2476047488351573,0.3608319614779777,0.3814127753799029,0.3898275422026905,0.3460028774989533,0.3532010514909495,0.3455973885352619,0.3501553056753165
0.3912133271167428,0.4026861318836492,0.0,0.0,0.0,0.0,0.0,0.0,0.0,0.3419333694379816,0.0,0.3519936418976281,0.32494305888214,0.0,0.4342250532281221,0.3967789802343814,0.3582232547536195,0.3809876430888197,0.0,0.3538020668342825,0.3917123875358676,0.414563818591489,0.4397561171073382,0.329751377721532,0.3847109040338226,0.3988291698305966,0.3931703835873887,0.3600796748797045,0.3218858170778245,0.0,0.366360769058406,0.2821101294212119,0.2809385897203192,0.3464946682533814,0.4241753732004389,0.0,0.0,0.2430228946582326,0.2942607669700403,0.0,0.270276424793668,0.378010668681425,0.3591924346960763,0.2635263461754861,0.2030756108695347,0.3243381311982749,0.3262103963355983,0.2641382714201432,0.0,0.318367686793521,0.3636682154304983,0.3220865879054303,0.3546750325753059,0.3390087954524125,0.2919916682441669,0.3283721192875171,0.2854056294168795,0.3181406354659732,0.0,0.3681854710469454,0.3440945003341885,0.3046201371590024,0.3116771801694396,0.279187342093721,0.3598693642025001,0.3490033613581726,0.3678081618788342,0.3479645487117496,0.2208090576916483,0.2888271920893576,0.3223294028958198,0.3505284390902001,0.2728286534557829,0.2911929188639112,0.0,0.2695491571610913
