0.0,0.3046731031164328,0.0,0.0,0.0,0.3010049602255761,0.0,0.3606172111113769,0.0,0.3192707107456047,0.0,0.3124289541188161,0.0,0.3503180769646062,0.2821244029606782,0.3123521659343649,0.2763850682885028,0.300770035842097,0.0,0.2945395959157131,0.2889394237668774,0.295538330217215,0.3337525995968868,0.2743941555161661,0.2876384994965881,0.287624844517142,0.3371632957590652,0.3083786209690425,0.2897336447958341,0.0,0.2802965119765097,0.3012667577449819,0.2586538076669896,0.2939939764926361,0.3416603025956289,0.0,0.0,0.0,0.3195154934410767,0.3069720794499172,0.318024998786476,0.0,0.0,0.0,0.0,0.2871744626156391,0.3423027715003618,0.0,0.0,0.0,0.0,0.0,0.0,0.0,0.3192809296568878,0.0,0.0,0.0,0.0,0.0,0.3438552145957123,0.0,0.3295666472304788,0.0,0.0,0.2283934298842579,0.3259752065642333,0.3225089985810344,0.0,0.3346679003332561,0.3509273571695674,0.0,0.0,0.0,0.0,0.2862807355284066
0.3046731031164328,0.0,0.0,0.0,0.2615927737283298,0.2847049609799137,0.290004101794105,0.3326050785673088,0.267814947527608,0.0,0.0,0.0,0.300713138099336,0.0,0.2992868262602726,0.2995813923392814,0.0,0.3073679769006474,0.0,0.2850250437212704,0.3049144740509684,0.2954049235002333,0.3068288274515923,0.0,0.2848581091307132,0.287475247730271,0.2942549840930044,0.309692222473603,0.2857935294364688,0.0,0.2680610171902506,0.3018861339156405,0.2666976688451607,0.2764267655790106,0.3413044554982732,0.0,0.0,0.0,0.3302196776961365,0.3283395235952351,0.3304033277453645,0.3542121700841263,0.0,0.0,0.0,0.3410711137873748,0.3382703694445519,0.0,0.0,0.0,0.290786828242752,0.0,0.0,0.0,0.0,0.0,0.0,0.0,0.0,0.348452041085387,0.3402208674921658,0.0,0.3559179321139609,0.0,0.3284584272423119,0.3545615706555614,0.3328512728214131,0.3497473722997013,0.0,0.3500092466223954,0.360907106438775,0.329081479670294,0.0,0.3334944494846814,0.0,0.3230500846137655
0.0,0.0,0.0,0.2630476401390723,0.2715640365238886,0.3052875812301591,0.314134086335259,0.3241699989049117,0.2281864197181385,0.2970127223408386,0.2292865272679355,0.0,0.3248066876744651,0.3048908486838563,0.0,0.0,0.0,0.0,0.2121420908901149,0.0,0.0,0.0,0.2412330600362842,0.0,0.0,0.0,0.2855514693664188,0.3303569103954102,0.0,0.0,0.3417326305388931,0.3272257882816715,0.0,0.3376465595227143,0.3101365155478371,0.3011183394434273,0.3098761722366988,0.0,0.3664931322830888,0.0,0.0,0.0,0.3476358780646032,0.0,0.0,0.0,0.0,0.2576886013005767,0.0,0.353334969731616,0.3981756597777129,0.3579152100106211,0.4184847498642133,0.3984677195462532,0.0,0.2892166681225157,0.0,0.3687993456797306,0.3757611882486044,0.0,0.0,0.0,0.0,0.2285461872715951,0.0,0.0,0.0,0.4040167351956198,0.0,0.0,0.0,0.4149700154849381,0.0,0.0,0.0,0.0
0.0,0.0,0.2630476401390723,0.0,0.1598716431467993,0.2884279640946084,0.1831068262966255,0.2989898676304912,0.2836627748407744,0.0,0.2639500688547863,0.1987901962564949,0.2343475883705421,0.2069599320596649,0.0,0.0,0.0,0.0,0.2768010354041703,0.0,0.0,0.0,0.2897437234022942,0.0,0.0,0.0,0.2905986710550965,0.1785359015970514,0.0,0.0,0.0,0.1901024384172618,0.0,0.1536283242139491,0.1957377160444538,0.1415535551989377,0.125647816129491,0.0,0.0,0.0,0.0,0.0,0.0,0.0,0.0,0.0,0.0,0.0,0.0,0.0,0.0,0.0,0.0,0.0,0.0,0.0,0.0,0.0,0.0,0.0,0.0,0.0,0.0,0.0,0.0,0.0,0.0,0.0,0.0,0.0,0.0,0.0,0.0,0.0,0.0,0.0
0.0,0.2615927737283298,0.2715640365238886,0.1598716431467993,0.0,0.2641361868488909,0.2403469901047918,0.2561241464298268,0.2369752579000602,0.3088764180427649,0.2306917806431753,0.238013992984974,0.2631421876960494,0.20773936212042,0.0,0.2940932741276977,0.0,0.0,0.2467911478682238,0.0,0.0,0.3104968031148004,0.2848565365397293,0.0,0.2598537242193024,0.2532481474954174,0.2759645546450808,0.26301833717484,0.3217365065417612,0.0,0.3062365256918595,0.239773001797999,0.0,0.2945228679089418,0.2786597693618314,0.1686317492112206,0.1558260166069259,0.2549843704767201,0.2714260995579523,0.0,0.0,0.0,0.2713558502648925,0.0,0.0,0.0,0.0,0.3082017994117316,0.0,0.0,0.3344066078361827,0.0,0.0,0.2952301290959103,0.0,0.3000024026118204,0.0,0.0,0.0,0.0,0.0,0.0,0.0,0.2993538364625049,0.0,0.0,0.0,0.3593528795993868,0.0,0.0,0.0,0.3521743266851099,0.0,0.0,0.0,0.0
0.3010049602255761,0.2847049609799137,0.3052875812301591,0.2884279640946084,0.2641361868488909,0.0,0.3003663683137954,0.3137759341801677,0.2565382656614918,0.3322207349090126,0.2587220743099594,0.280383986609687,0.2974350773743276,0.3067999594658694,0.3092425693196843,0.3130492166917915,0.0,0.3090279560856918,0.2844218399883926,0.2852719759100761,0.3182237978024874,0.3050610673942199,0.3046930881893449,0.0,0.2843958803203627,0.3019546750366249,0.276678802134524,0.3013624436347015,0.2691287500753072,0.3000663302187553,0.319960746062649,0.2955226281363226,0.2643717187395003,0.3099128060686444,0.3119551736974911,0.3133217382610995,0.3151630639792975,0.2650567025074441,0.3589500981096837,0.0,0.3664888941654209,0.2835935876113669,0.3643336404258834,0.0,0.0,0.0,0.0,0.4036365405584552,0.0,0.3376173570080578,0.379870764418685,0.3797266755868379,0.3681402205060726,0.3920942828195542,0.0,0.3738008553851541,0.0,0.3929836690182388,0.0,0.3455012644805882,0.0,0.0,0.0,0.3841800585934598,0.3640349358712587,0.318767860501784,0.3146328299525195,0.381228424377699,0.0,0.0,0.3036350963535739,0.3823047335557187,0.3960591619241033,0.3541417341437067,0.0,0.3810689083581302
0.0,0.290004101794105,0.314134086335259,0.1831068262966255,0.2403469901047918,0.3003663683137954,0.0,0.3040956219219489,0.2706944120507762,0.2762253659257866,0.2926201377633605,0.24990617747777,0.2568737639672067,0.2334441391460511,0.0,0.3450740774917948,0.2900756727812968,0.3226959314718079,0.3009965542641732,0.3124134996222133,0.0,0.325729474917922,0.312830621824363,0.267500048298616,0.3057532942785933,0.293978660985453,0.3090338568673517,0.2844171596703768,0.3260591858901839,0.0,0.3014929436613074,0.270692249152386,0.2551120510559729,0.286380743694583,0.2511714254149596,0.2186060334224308,0.1850295838583286,0.2445326360354743,0.0,0.0,0.0,0.0,0.2625226208275137,0.0,0.0,0.0,0.0,0.0,0.0,0.0,0.3570748112865803,0.0,0.0,0.0,0.0,0.0,0.0,0.0,0.0,0.0,0.0,0.0,0.0,0.0,0.0,0.0,0.0,0.3687620389875326,0.0,0.0,0.0,0.3709224572622552,0.0,0.0,0.0,0.0
0.3606172111113769,0.3326050785673088,0.3241699989049117,0.2989898676304912,0.2561241464298268,0.3137759341801677,0.3040956219219489,0.0,0.3205096936031245,0.3239227981676702,0.2567805606285009,0.0,0.3137351756302677,0.2694576675881998,0.3133768205774986,0.3310658202523833,0.0,0.3519791201190728,0.2902190952551796,0.2922931055479874,0.3139510733464504,0.2969638057340031,0.2907717694976539,0.3769452064286967,0.3553414287910487,0.3616565369738589,0.3315288449390931,0.3196634003700943,0.2868772500609557,0.3031401954717063,0.3220959962689588,0.2858963343618755,0.3567000912052309,0.3178100053545615,0.3222965626698753,0.1787212309877519,0.3128108369150601,0.0,0.3380019329162936,0.0,0.0,0.0,0.3289436974037059,0.0,0.0,0.0,0.0,0.3738090464852185,0.0,0.3302463514717156,0.3621993731367188,0.3389749170858555,0.3254271191135105,0.3768032406943716,0.0,0.3442987326489661,0.0,0.3589341067540232,0.3745341108181923,0.3585764841008672,0.0,0.0,0.0,0.358370307802528,0.3677611966058196,0.2908955873210289,0.0,0.3631812563320351,0.0,0.0,0.0,0.383638585629156,0.3698297974491255,0.358947751713866,0.0,0.3701663647186778
0.0,0.267814947527608,0.2281864197181385,0.2836627748407744,0.2369752579000602,0.2565382656614918,0.2706944120507762,0.3205096936031245,0.0,0.3342610649492394,0.2276458979218298,0.2815687458156249,0.2676375355664445,0.2735797288727751,0.0,0.2861891150068772,0.0,0.0,0.2117751479094041,0.2858867251867755,0.0,0.302980783884453,0.2993221627964392,0.0,0.2451515437450813,0.2412484599720486,0.2715423371180653,0.316155306609743,0.2976498817725411,0.0,0.3295475267949901,0.3042509832771267,0.2585743875242473,0.3228837616357775,0.3137533113571333,0.2839623306280932,0.3143257943289215,0.3078735745370451,0.319788634770056,0.0,0.0,0.0,0.3300880952953117,0.0,0.0,0.0,0.0,0.3858558928961425,0.0,0.3044214679850567,0.3828776083456815,0.3339148236585558,0.3742167968842785,0.3800736510151373,0.0,0.2923566995740327,0.0,0.327437763041957,0.3554526774465676,0.0,0.0,0.0,0.0,0.3674226376377469,0.0,0.0,0.0,0.3851300756239605,0.0,0.0,0.0,0.3862741656109995,0.0,0.0,0.0,0.0
0.3192707107456047,0.0,0.2970127223408386,0.0,0.3088764180427649,0.3322207349090126,0.2762253659257866,0.3239227981676702,0.3342610649492394,0.0,0.2984875089415427,0.2268253259378636,0.3043117256680379,0.2757541824978448,0.0,0.2882156497364302,0.2464985624017385,0.2612250024883131,0.2992229959680512,0.0,0.3442973713182339,0.2601025271395849,0.3216925757252096,0.251964703389905,0.2845008171558427,0.2854006840162666,0.3019507433451335,0.2984310307133243,0.0,0.0,0.253168033570522,0.2382095934483767,0.257862263875896,0.2547285858327247,0.2635267091463357,0.2195378415064596,0.1994628797135871,0.238857157589491,0.2984573739917965,0.2956222783719127,0.2863088514936064,0.0,0.0,0.0,0.2649939280732132,0.304571405479509,0.0,0.0,0.0,0.0,0.0,0.0,0.0,0.0,0.3383905657962139,0.0,0.339509457075212,0.3046424495473991,0.0,0.0,0.2774324117388899,0.3324405661953948,0.3539189017823486,0.0,0.0,0.0,0.0,0.0,0.3420281133356156,0.3532614998092124,0.3706495414555737,0.0,0.307401014633066,0.0,0.0,0.3263040584429357
0.0,0.0,0.2292865272679355,0.2639500688547863,0.2306917806431753,0.2587220743099594,0.2926201377633605,0.2567805606285009,0.2276458979218298,0.2984875089415427,0.0,0.2668332167716811,0.290452845069699,0.2426928882441617,0.0,0.0,0.0,0.0,0.1786280674172798,0.0,0.0,0.0,0.1959884614537511,0.0,0.0,0.0,0.2965517190894405,0.2984728657968419,0.0,0.0,0.3167070334859858,0.2792380432698282,0.2269453569161679,0.3057695878669467,0.2874708401939414,0.2392244165806756,0.2804809275698555,0.2595758029100219,0.2781099646982539,0.0,0.0,0.0,0.301363169573058,0.0,0.0,0.0,0.0,0.3221370910691521,0.0,0.254194795503316,0.36120370078331,0.274886557778296,0.3309897422790921,0.2828747958132764,0.0,0.1783159428370028,0.0,0.2768869024918454,0.3298341197302842,0.0,0.0,0.0,0.0,0.1501214244526453,0.0,0.0,0.0,0.3932128038804874,0.0,0.0,0.0,0.3888196206611586,0.0,0.0,0.0,0.0
0.3124289541188161,0.0,0.0,0.1987901962564949,0.238013992984974,0.280383986609687,0.24990617747777,0.0,0.2815687458156249,0.2268253259378636,0.2668332167716811,0.0,0.2720022100792456,0.0,0.0,0.0,0.2862535269094542,0.2686937436239107,0.0,0.0,0.3197723050181312,0.0,0.3188171699031442,0.2336942168198489,0.30423509915691,0.2630033421690225,0.0,0.2704066297991452,0.0,0.0,0.239815846992806,0.1719654016444282,0.1982985205581023,0.1871014255913639,0.2374615907434275,0.2190948541437719,0.2130459319401519,0.1740608634069262,0.1683765469010461,0.3129347835169463,0.2967674417878927,0.231923472225569,0.0,0.0,0.2740157089834986,0.0,0.0,0.0,0.0,0.0,0.0,0.0,0.0,0.0,0.3458060080682539,0.0,0.3304131670108526,0.0,0.0,0.0,0.0,0.37980280067065,0.3606208791348779,0.0,0.0,0.0,0.0,0.0,0.3431226436139197,0.3692091889429023,0.3823614662616393,0.0,0.3143438141947218,0.0,0.0,0.3334611026648872
0.0,0.300713138099336,0.3248066876744651,0.2343475883705421,0.2631421876960494,0.2974350773743276,0.2568737639672067,0.3137351756302677,0.2676375355664445,0.3043117256680379,0.290452845069699,0.2720022100792456,0.0,0.2602619246746949,0.3128852677904295,0.3361337950691002,0.3057559288968303,0.3389002696010457,0.3037391253591228,0.3155122351379054,0.328057492636972,0.3315690702002357,0.3196492652078518,0.2580452557891076,0.3109766266219705,0.3038184598032661,0.3174922417509281,0.2614459458297626,0.3176140198804175,0.3072330387024001,0.3003948237853094,0.2835602416913282,0.2667507696450464,0.2898889880859713,0.2870153403816939,0.2579413163587017,0.2502202156056721,0.2638917922733676,0.3305777823295577,0.0,0.280569317564485,0.0,0.2909937943936794,0.0,0.0,0.0,0.0,0.3492719555399911,0.0,0.0,0.4017973355499475,0.0,0.3479235438365589,0.0,0.0,0.0,0.0,0.0,0.0,0.0,0.0,0.0,0.0,0.0,0.3390534170524096,0.0,0.0,0.3692460332352201,0.0,0.0,0.0,0.3807871732318269,0.0,0.352428631916919,0.0,0.0
0.3503180769646062,0.0,0.3048908486838563,0.2069599320596649,0.20773936212042,0.3067999594658694,0.2334441391460511,0.2694576675881998,0.2735797288727751,0.2757541824978448,0.2426928882441617,0.0,0.2602619246746949,0.0,0.0,0.0,0.0,0.0,0.2687620781947445,0.0,0.3326870443685806,0.0,0.2954512120914965,0.0,0.0,0.0,0.3267985546575008,0.1804055088347331,0.0,0.0,0.2997043957838681,0.1686072016375452,0.0,0.3095395225497705,0.0,0.1554547473152185,0.1279674478181043,0.0,0.0,0.0,0.0,0.0,0.2894679469860375,0.0,0.0,0.0,0.0,0.3698403214457285,0.0,0.0,0.0,0.0,0.0,0.3746483054698789,0.0,0.3024543700371382,0.0,0.0,0.0,0.0,0.0,0.0,0.0,0.3114647176326549,0.0,0.0,0.0,0.3485306288519545,0.0,0.0,0.0,0.2659820757751671,0.0,0.0,0.0,0.0
0.2821244029606782,0.2992868262602726,0.0,0.0,0.0,0.3092425693196843,0.0,0.3133768205774986,0.0,0.0,0.0,0.0,0.3128852677904295,0.0,0.0,0.2985885644383135,0.0,0.297011864548026,0.0,0.2421482826495196,0.2787918985150109,0.2413724300782469,0.2585192867022971,0.3338744266625004,0.2838034442152359,0.2668816506428053,0.2602814264899705,0.3016495625734416,0.2794901498493716,0.3037286632922126,0.2857073567655988,0.2995321777734509,0.2877210797310639,0.2942742142213814,0.3322704215017562,0.3628220740271255,0.0,0.0,0.3429270837185862,0.3369367316664759,0.3475262125336225,0.3454506585167318,0.3583967860190886,0.0,0.0,0.0,0.3362483607006671,0.0,0.0,0.0,0.3447316190979385,0.0,0.3712792152955605,0.0,0.0,0.0,0.0,0.0,0.0,0.3558130160695784,0.3295145659461793,0.0,0.0,0.0,0.3393476529925763,0.3442159506689136,0.3489325470695908,0.3626306498728103,0.0,0.2862510709411853,0.3734870037441667,0.3578332794700533,0.3171810594548004,0.3516124502465801,0.0,0.3389414634867175
0.3123521659343649,0.2995813923392814,0.0,0.0,0.2940932741276977,0.3130492166917915,0.3450740774917948,0.3310658202523833,0.2861891150068772,0.2882156497364302,0.0,0.0,0.3361337950691002,0.0,0.2985885644383135,0.0,0.2886449812023329,0.2425579182524591,0.0,0.2879506298895782,0.2973544495455249,0.2749432013251618,0.3095039949212012,0.2732819226792755,0.3041027124887074,0.3160618763925447,0.3109037906858107,0.3380548186426154,0.3132607017920695,0.3135515913485955,0.2762680780152569,0.3069051471689814,0.2762477188385167,0.2772063736692272,0.3197631739751577,0.0,0.0,0.0,0.3262985468461092,0.3272948691288419,0.3326480333693051,0.3460042213882605,0.0,0.0,0.0,0.3307827156900119,0.342497483671035,0.0,0.0,0.0,0.0,0.0,0.0,0.0,0.0,0.0,0.0,0.0,0.0,0.3421183019387492,0.3421467342846881,0.0,0.3260600809762106,0.0,0.316685908732626,0.3163683876593961,0.3320890828012035,0.0,0.0,0.3390474239511857,0.3549158326604436,0.3192385014240472,0.0,0.0,0.0,0.3203471682211078
0.2763850682885028,0.0,0.0,0.0,0.0,0.0,0.2900756727812968,0.0,0.0,0.2464985624017385,0.0,0.2862535269094542,0.3057559288968303,0.0,0.0,0.2886449812023329,0.0,0.2445274850436812,0.0,0.2661341775914894,0.0,0.2911085627948123,0.0,0.2879609765035543,0.2476242780096745,0.3044468595290456,0.0,0.3111724594441092,0.2634719900373075,0.0,0.2539932357140738,0.280550213924796,0.256853559387142,0.2714207363650806,0.295145073865577,0.0,0.0,0.2543011463554531,0.0,0.298237662243815,0.3080258393909228,0.0,0.0,0.0,0.0,0.0,0.0,0.0,0.0,0.0,0.0,0.0,0.0,0.0,0.3485631172097838,0.0,0.3705385509141955,0.0,0.0,0.0,0.0,0.342186274738704,0.345140274876162,0.0,0.0,0.0,0.0,0.0,0.3479398191292985,0.3349534144022567,0.3585464626481387,0.0,0.0,0.0,0.0,0.3038128421871983
0.300770035842097,0.3073679769006474,0.0,0.0,0.0,0.3090279560856918,0.3226959314718079,0.3519791201190728,0.0,0.2612250024883131,0.0,0.2686937436239107,0.3389002696010457,0.0,0.297011864548026,0.2425579182524591,0.2445274850436812,0.0,0.0,0.2965992848776792,0.3144942079978089,0.306088616674749,0.3515073325041407,0.2814852543574717,0.2745900439920436,0.2824581170551247,0.3184813595833641,0.3307904497424944,0.3110819594747953,0.285201947955481,0.2822135956318858,0.2962203990245481,0.2552274568050702,0.2791283596271852,0.3260481555770099,0.0,0.0,0.0,0.3114878442099865,0.3085231467590852,0.3177678027924164,0.3349344417083695,0.0,0.0,0.0,0.332670242988628,0.3366685181984777,0.0,0.0,0.0,0.0,0.0,0.0,0.0,0.3447652621236071,0.0,0.3569081168437211,0.0,0.0,0.0,0.3384142867922809,0.3278438775575886,0.3281787782813566,0.0,0.0,0.0,0.3237186040969309,0.0,0.3611328767456533,0.3342404523835087,0.3494987724063898,0.0,0.0,0.0,0.0,0.3167701472131817
0.0,0.0,0.2121420908901149,0.2768010354041703,0.2467911478682238,0.2844218399883926,0.3009965542641732,0.2902190952551796,0.2117751479094041,0.2992229959680512,0.1786280674172798,0.0,0.3037391253591228,0.2687620781947445,0.0,0.0,0.0,0.0,0.0,0.0,0.0,0.0,0.1713622664675354,0.0,0.0,0.0,0.2955665901473305,0.3088906877906404,0.0,0.0,0.3282254627928908,0.2945788294041134,0.0,0.3161734001076872,0.2989874269515811,0.2707721805783374,0.2936148071988341,0.2529363132260503,0.3277800756657104,0.0,0.0,0.0,0.3135065391199212,0.0,0.0,0.0,0.0,0.3692402833643372,0.0,0.3171412051829525,0.3905865859642846,0.3201945522062666,0.3723983867392652,0.3811869066286293,0.0,0.1939088896053633,0.0,0.0,0.3503146076648601,0.0,0.0,0.0,0.0,0.3661939846079554,0.0,0.0,0.0,0.3950329359524961,0.0,0.0,0.0,0.3957377065775203,0.0,0.0,0.0,0.0
0.2945395959157131,0.2850250437212704,0.0,0.0,0.0,0.2852719759100761,0.3124134996222133,0.2922931055479874,0.2858867251867755,0.0,0.0,0.0,0.3155122351379054,0.0,0.2421482826495196,0.2879506298895782,0.2661341775914894,0.2965992848776792,0.0,0.0,0.2878186439190132,0.2488378964666548,0.1866474147221813,0.0,0.2907953670857302,0.3005510760970108,0.2468256155970311,0.2676623902282127,0.2432832076350486,0.2918229459323972,0.2588466835614019,0.2961192649396232,0.2669141997007965,0.281096427240888,0.3166759633626078,0.3465094421059485,0.308895837208595,0.0,0.3342413763390399,0.3099908332495606,0.3386723766618179,0.3230023091607334,0.0,0.0,0.0,0.0,0.3171773328995834,0.0,0.0,0.0,0.340104511435362,0.0,0.3422889103930618,0.0,0.0,0.0,0.0,0.305952793238177,0.0,0.3538226707099783,0.0,0.0,0.0,0.0,0.3315168487643756,0.3063338083331035,0.3320108247069352,0.3809398244090464,0.0,0.0,0.3389391313317023,0.3580971881119445,0.3661530536826008,0.3725698601864994,0.0,0.3303202685738085
0.2889394237668774,0.3049144740509684,0.0,0.0,0.0,0.3182237978024874,0.0,0.3139510733464504,0.0,0.3442973713182339,0.0,0.3197723050181312,0.328057492636972,0.3326870443685806,0.2787918985150109,0.2973544495455249,0.0,0.3144942079978089,0.0,0.2878186439190132,0.0,0.2947542085357241,0.2957722932317333,0.3431820957248259,0.3173432526127415,0.2848769653214461,0.3044002502042152,0.3336226355580743,0.2925238050385148,0.3076072318755671,0.2763118609046367,0.2994820797350954,0.279046480837459,0.2813576459935462,0.3323460437436166,0.3545022543907319,0.0,0.0,0.3274898266742894,0.3159674417961078,0.3342925154677602,0.3581383623887284,0.0,0.0,0.0,0.2835454382270984,0.345172444795868,0.0,0.0,0.0,0.3374953256741326,0.0,0.2992859412202662,0.0,0.0,0.0,0.0,0.0,0.0,0.3489109232580864,0.3428377441454754,0.0,0.0,0.0,0.3389034875583312,0.3153588254286825,0.3368407022073238,0.3625114200478045,0.0,0.3183166220800658,0.3632988112016952,0.3642264197831289,0.3607009921365733,0.3462635398260209,0.0,0.3192721139127564
0.295538330217215,0.2954049235002333,0.0,0.0,0.3104968031148004,0.3050610673942199,0.325729474917922,0.2969638057340031,0.302980783884453,0.2601025271395849,0.0,0.0,0.3315690702002357,0.0,0.2413724300782469,0.2749432013251618,0.2911085627948123,0.306088616674749,0.0,0.2488378964666548,0.2947542085357241,0.0,0.2805534637091593,0.0,0.3022586340123614,0.2956067261311196,0.2910545710642563,0.305721164782792,0.2801239718128455,0.3084068800624859,0.2594262397016509,0.3002450123338866,0.275928469128589,0.2746358223429316,0.3210750943562568,0.3528827927407525,0.3170589502449543,0.0,0.3247937562447464,0.3100691378951063,0.3298153704424286,0.3336169057824619,0.0,0.0,0.0,0.3411201223775574,0.3341105287408615,0.0,0.0,0.0,0.3275928343520796,0.0,0.0,0.0,0.0,0.0,0.0,0.0,0.0,0.3523294474165669,0.3442787626581912,0.0,0.3087403044342462,0.0,0.3354429404952888,0.3459400576367982,0.3362726683313397,0.3535525159738562,0.0,0.3420582917331618,0.3536582052448103,0.3582853587929702,0.244427302547064,0.3528188051452062,0.0,0.3328864575417818
0.3337525995968868,0.3068288274515923,0.2412330600362842,0.2897437234022942,0.2848565365397293,0.3046930881893449,0.312830621824363,0.2907717694976539,0.2993221627964392,0.3216925757252096,0.1959884614537511,0.3188171699031442,0.3196492652078518,0.2954512120914965,0.2585192867022971,0.3095039949212012,0.0,0.3515073325041407,0.1713622664675354,0.1866474147221813,0.2957722932317333,0.2805534637091593,0.0,0.3670332918851334,0.3398043038062733,0.3314329161475343,0.258683454781479,0.3152174903058394,0.2875755451320693,0.301379675278444,0.314705675558443,0.2955449156875267,0.2849647568108855,0.3155060233941494,0.3265650625219498,0.3064566963515759,0.3212766372915827,0.3110627376602654,0.3698167726374102,0.365961336163898,0.3776314400342279,0.320415092497719,0.3687943349846622,0.0,0.0,0.0,0.3546576666749372,0.3835841474762341,0.0,0.3834103412277785,0.3846167779567848,0.3882900003877466,0.3759953505459403,0.3984986059650637,0.0,0.3691589722616134,0.0,0.3839337746026754,0.385779663943282,0.3739005794535947,0.0,0.0,0.0,0.395578518661603,0.3707191644003624,0.379392417764236,0.3771036305005504,0.3794345356336405,0.0,0.0,0.3695835811590818,0.3863548423173601,0.3798890335167605,0.3669325435992716,0.3788247748525301,0.3822864722867241
0.2743941555161661,0.0,0.0,0.0,0.0,0.0,0.267500048298616,0.3769452064286967,0.0,0.251964703389905,0.0,0.2336942168198489,0.2580452557891076,0.0,0.3338744266625004,0.2732819226792755,0.2879609765035543,0.2814852543574717,0.0,0.0,0.3431820957248259,0.0,0.3670332918851334,0.0,0.2853367975908921,0.2743057970884423,0.3295190433017911,0.2461937958994795,0.0,0.0,0.2542675965179576,0.2022617197925787,0.1689093383881483,0.205741184905805,0.2657997472136645,0.2397670316056277,0.2009302044978481,0.1800314172694448,0.3352350454299498,0.2945202175916389,0.2881506509785825,0.0,0.0,0.0,0.2445649037130038,0.3354664263945037,0.0,0.0,0.0,0.0,0.0,0.0,0.0,0.0,0.3215539458082134,0.0,0.3137194865716068,0.0,0.0,0.0,0.3451065066364407,0.3436412242453017,0.347625158965997,0.0,0.0,0.0,0.0,0.0,0.2847423101594983,0.3441726271052909,0.3576966870278957,0.0,0.3507694311443061,0.0,0.0,0.3173490378096157
0.2876384994965881,0.2848581091307132,0.0,0.0,0.2598537242193024,0.2843958803203627,0.3057532942785933,0.3553414287910487,0.2451515437450813,0.2845008171558427,0.0,0.30423509915691,0.3109766266219705,0.0,0.2838034442152359,0.3041027124887074,0.2476242780096745,0.2745900439920436,0.0,0.2907953670857302,0.3173432526127415,0.3022586340123614,0.3398043038062733,0.2853367975908921,0.0,0.2615074094075433,0.2891301070272704,0.3097609678608087,0.3024615918470339,0.0,0.2779323947115791,0.2913493750870184,0.2383248480475632,0.272139655473308,0.2999890214002954,0.0,0.0,0.2613282837684461,0.3260803135054761,0.318556987459877,0.3228393697562908,0.3383538658738259,0.0,0.0,0.2814972483806717,0.3335950257260543,0.3322547592580712,0.0,0.0,0.0,0.0,0.0,0.0,0.0,0.3593110312472199,0.0,0.3621181164468892,0.0,0.0,0.3165548562181764,0.339414977654974,0.347174007539277,0.3327157764346103,0.0,0.3078629849991621,0.3232391313970242,0.3454455827331851,0.0,0.3395669742446397,0.3394450742854661,0.3518422281153571,0.0,0.0,0.3175323886459169,0.0,0.323145898971987
0.287624844517142,0.287475247730271,0.0,0.0,0.2532481474954174,0.3019546750366249,0.293978660985453,0.3616565369738589,0.2412484599720486,0.2854006840162666,0.0,0.2630033421690225,0.3038184598032661,0.0,0.2668816506428053,0.3160618763925447,0.3044468595290456,0.2824581170551247,0.0,0.3005510760970108,0.2848769653214461,0.2956067261311196,0.3314329161475343,0.2743057970884423,0.2615074094075433,0.0,0.3243232768016279,0.3192590804939622,0.2817482930015893,0.0,0.2787447280872412,0.3054661487256423,0.2687525251747831,0.2827899859375746,0.3212417553251324,0.3499359127469195,0.0,0.284344214515688,0.338999795679637,0.330556970600858,0.3422963276917251,0.3397111999174891,0.0,0.0,0.3114449035812556,0.3445871308793028,0.3516004952444801,0.0,0.0,0.0,0.3186702759939336,0.0,0.0,0.0,0.3824342704265028,0.0,0.3847474075414126,0.0,0.0,0.3645350996554315,0.3535053878930251,0.3566453546926146,0.3427269798469827,0.0,0.3458209999440809,0.3622806021189392,0.3483087281476073,0.354495443062003,0.3428056465930363,0.3489384927816368,0.3634903993597871,0.3490194630406841,0.0,0.3493556563630501,0.0,0.3319463424134227
0.3371632957590652,0.2942549840930044,0.2855514693664188,0.2905986710550965,0.2759645546450808,0.276678802134524,0.3090338568673517,0.3315288449390931,0.2715423371180653,0.3019507433451335,0.2965517190894405,0.0,0.3174922417509281,0.3267985546575008,0.2602814264899705,0.3109037906858107,0.0,0.3184813595833641,0.2955665901473305,0.2468256155970311,0.3044002502042152,0.2910545710642563,0.258683454781479,0.3295190433017911,0.2891301070272704,0.3243232768016279,0.0,0.31001196956209,0.2516802424250398,0.2912970054278093,0.2936359117030702,0.2977831950602755,0.2741345262608304,0.3007644934398298,0.317965973530126,0.3373905367199299,0.3176029054701135,0.0,0.3642273087521389,0.3433606211827267,0.3772059913555016,0.3106200232523147,0.3684911657562557,0.0,0.0,0.0,0.2916959557238326,0.4037725602495112,0.0,0.3611534416296227,0.3812276173444942,0.3888334349575224,0.3829886434846955,0.3999344649666844,0.0,0.3811181182607626,0.0,0.4140951595192305,0.371432839308733,0.3640927713442297,0.0,0.0,0.0,0.3860746942508317,0.3682871802492899,0.3468708814510828,0.3685761194060383,0.3854649276851792,0.0,0.0,0.354051399838616,0.3846169167294423,0.3950367563660631,0.3647418962386756,0.3657158231658358,0.3793883562605352
0.3083786209690425,0.309692222473603,0.3303569103954102,0.1785359015970514,0.26301833717484,0.3013624436347015,0.2844171596703768,0.3196634003700943,0.316155306609743,0.2984310307133243,0.2984728657968419,0.2704066297991452,0.2614459458297626,0.1804055088347331,0.3016495625734416,0.3380548186426154,0.3111724594441092,0.3307904497424944,0.3088906877906404,0.2676623902282127,0.3336226355580743,0.305721164782792,0.3152174903058394,0.2461937958994795,0.3097609678608087,0.3192590804939622,0.31001196956209,0.0,0.2715577322050179,0.2355898763250791,0.2844843198736611,0.2815179346781437,0.2570345318432113,0.2859029339359267,0.2718514087111497,0.1836208827275917,0.1996146254500837,0.2545786374702868,0.3128128116999692,0.0,0.2986033651503991,0.2339466170524754,0.3135278600856547,0.0,0.0,0.0,0.0,0.3222025022436036,0.0,0.0,0.3854857432279917,0.0,0.3720304890680475,0.0,0.0,0.0,0.2207932629542175,0.0,0.0,0.3554529994681475,0.0,0.0,0.0,0.0,0.3623702126538511,0.3533943969744452,0.3239091813535536,0.3702151447135441,0.0,0.0,0.0,0.3694305941982794,0.3570320522910628,0.3693004376951042,0.0,0.3630694971441366
0.2897336447958341,0.2857935294364688,0.0,0.0,0.3217365065417612,0.2691287500753072,0.3260591858901839,0.2868772500609557,0.2976498817725411,0.0,0.0,0.0,0.3176140198804175,0.0,0.2794901498493716,0.3132607017920695,0.2634719900373075,0.3110819594747953,0.0,0.2432832076350486,0.2925238050385148,0.2801239718128455,0.2875755451320693,0.0,0.3024615918470339,0.2817482930015893,0.2516802424250398,0.2715577322050179,0.0,0.2583082146211043,0.261985416161718,0.2967475619342755,0.2559515490034967,0.2809576223458103,0.312313959188461,0.3465886623403825,0.3035298283002472,0.0,0.3451304329070275,0.0,0.3424897891523292,0.3145257870963752,0.3380407636813213,0.0,0.0,0.0,0.3089557028008597,0.0,0.0,0.0,0.3597604060523348,0.0,0.3372849402179662,0.0,0.0,0.0,0.0,0.3489510004835068,0.0,0.3515307470789903,0.0,0.0,0.0,0.0,0.3435694561462786,0.3347660298538363,0.3458346720922863,0.3621989064492795,0.0,0.0,0.3369594874965592,0.3583944965140069,0.373121112121192,0.3462845643103627,0.3485560263527306,0.3464104691626242
0.0,0.0,0.0,0.0,0.0,0.3000663302187553,0.0,0.3031401954717063,0.0,0.0,0.0,0.0,0.3072330387024001,0.0,0.3037286632922126,0.3135515913485955,0.0,0.285201947955481,0.0,0.2918229459323972,0.3076072318755671,0.3084068800624859,0.301379675278444,0.0,0.0,0.0,0.2912970054278093,0.2355898763250791,0.2583082146211043,0.0,0.2385830704760706,0.2823719115773817,0.0,0.2612683065866545,0.292545735951692,0.0,0.0,0.0,0.3561597530646685,0.0,0.0,0.0,0.0,0.0,0.0,0.0,0.0,0.0,0.0,0.0,0.3187106409320914,0.0,0.0,0.0,0.0,0.0,0.0,0.0,0.0,0.0,0.0,0.0,0.0,0.0,0.3608147376917378,0.0,0.0,0.3664940310325822,0.0,0.0,0.0,0.3673512835051868,0.0,0.3386895892219304,0.0,0.0
0.2802965119765097,0.2680610171902506,0.3417326305388931,0.0,0.3062365256918595,0.319960746062649,0.3014929436613074,0.3220959962689588,0.3295475267949901,0.253168033570522,0.3167070334859858,0.239815846992806,0.3003948237853094,0.2997043957838681,0.2857073567655988,0.2762680780152569,0.2539932357140738,0.2822135956318858,0.3282254627928908,0.2588466835614019,0.2763118609046367,0.2594262397016509,0.314705675558443,0.2542675965179576,0.2779323947115791,0.2787447280872412,0.2936359117030702,0.2844843198736611,0.261985416161718,0.2385830704760706,0.0,0.246988593224207,0.2349158600514169,0.203280468673141,0.2022030812761398,0.2922619372581954,0.2342693005871639,0.2124703350042562,0.2765032879560163,0.3194564176224774,0.2934762995830025,0.2406497580884106,0.0,0.0,0.0,0.3163246875374748,0.3120811784120816,0.0,0.0,0.0,0.3852942213496125,0.0,0.3621380063917149,0.0,0.3414233839214734,0.0,0.2476059051396616,0.0,0.0,0.3408493868953917,0.3137849706409323,0.3411981083510015,0.3322913489722627,0.0,0.3418624999573597,0.2799892885490372,0.3254297784451351,0.3700917115602669,0.0,0.3391012406335373,0.3346077752015751,0.3748577164719684,0.333731511479545,0.3619614150183661,0.0,0.3393792078913623
0.3012667577449819,0.3018861339156405,0.3272257882816715,0.1901024384172618,0.239773001797999,0.2955226281363226,0.270692249152386,0.2858963343618755,0.3042509832771267,0.2382095934483767,0.2792380432698282,0.1719654016444282,0.2835602416913282,0.1686072016375452,0.2995321777734509,0.3069051471689814,0.280550213924796,0.2962203990245481,0.2945788294041134,0.2961192649396232,0.2994820797350954,0.3002450123338866,0.2955449156875267,0.2022617197925787,0.2913493750870184,0.3054661487256423,0.2977831950602755,0.2815179346781437,0.2967475619342755,0.2823719115773817,0.246988593224207,0.0,0.2346946792672561,0.2433435596790887,0.2631301355745288,0.1997394202493249,0.2143350352901226,0.1775812865093985,0.2248115272151914,0.2493003708672941,0.2526683723379437,0.2511041354980111,0.2417750286816719,0.2068050966523238,0.2150715303423676,0.3230345006767085,0.337278805398146,0.36514532571555,0.0,0.0,0.351902096722907,0.2970613211635387,0.3301581644894989,0.3132885479799467,0.2516803611278516,0.0,0.2032011790849254,0.3686013794830741,0.0,0.3545337085999424,0.3653685215425798,0.2926466185911877,0.317724642134911,0.0,0.3468130957692508,0.3382349794694007,0.3328619833073299,0.3586045062137131,0.0,0.3426901811431797,0.3477330079343756,0.3546018937094519,0.2750345333257926,0.3469175343734264,0.367323044251274,0.3291981010500839
0.2586538076669896,0.2666976688451607,0.0,0.0,0.0,0.2643717187395003,0.2551120510559729,0.3567000912052309,0.2585743875242473,0.257862263875896,0.2269453569161679,0.1982985205581023,0.2667507696450464,0.0,0.2877210797310639,0.2762477188385167,0.256853559387142,0.2552274568050702,0.0,0.2669141997007965,0.279046480837459,0.275928469128589,0.2849647568108855,0.1689093383881483,0.2383248480475632,0.2687525251747831,0.2741345262608304,0.2570345318432113,0.2559515490034967,0.0,0.2349158600514169,0.2346946792672561,0.0,0.1853517386456782,0.3115024849033186,0.3338191632040782,0.1922952806503056,0.1353409295725286,0.1778230861372129,0.2194109394371733,0.2602452684316181,0.2517680880810718,0.0,0.0,0.2030097538262281,0.3121792684351994,0.3283446104144752,0.0,0.0,0.0,0.0,0.0,0.0,0.0,0.2734655671678844,0.0,0.2693169403389812,0.0,0.0,0.3506016380684374,0.3271042731920123,0.2899442313492275,0.3618440554079628,0.0,0.326403168362191,0.3225857572493247,0.3343490578023202,0.0,0.2407574327618344,0.3292767458718326,0.3378228412562809,0.0,0.2342472089310507,0.3278794105422357,0.0,0.2883883775414823
0.2939939764926361,0.2764267655790106,0.3376465595227143,0.1536283242139491,0.2945228679089418,0.3099128060686444,0.286380743694583,0.3178100053545615,0.3228837616357775,0.2547285858327247,0.3057695878669467,0.1871014255913639,0.2898889880859713,0.3095395225497705,0.2942742142213814,0.2772063736692272,0.2714207363650806,0.2791283596271852,0.3161734001076872,0.281096427240888,0.2813576459935462,0.2746358223429316,0.3155060233941494,0.205741184905805,0.272139655473308,0.2827899859375746,0.3007644934398298,0.2859029339359267,0.2809576223458103,0.2612683065866545,0.203280468673141,0.2433435596790887,0.1853517386456782,0.0,0.2448335932661408,0.2900049659219174,0.2361658447582031,0.1656252725003997,0.2576074976904155,0.2921447602401399,0.2824531709987779,0.2634331800984333,0.1927591375093277,0.2073190982257763,0.216921019917095,0.3154091375381758,0.3274863863715677,0.0,0.0,0.0,0.3822942613567228,0.0,0.3345359389710647,0.0,0.3172197048311704,0.0,0.2163420028889004,0.3020686180906866,0.0,0.3443856732665146,0.3285694023173387,0.3302648796879939,0.3383123560925244,0.0,0.3400824449558356,0.3260542576147051,0.3282032433728463,0.3687041013467966,0.3103523407796311,0.3340606966759974,0.3476574937351839,0.3625378993726484,0.3173856589162205,0.3565974224975086,0.0,0.3245526725026941
0.3416603025956289,0.3413044554982732,0.3101365155478371,0.1957377160444538,0.2786597693618314,0.3119551736974911,0.2511714254149596,0.3222965626698753,0.3137533113571333,0.2635267091463357,0.2874708401939414,0.2374615907434275,0.2870153403816939,0.0,0.3322704215017562,0.3197631739751577,0.295145073865577,0.3260481555770099,0.2989874269515811,0.3166759633626078,0.3323460437436166,0.3210750943562568,0.3265650625219498,0.2657997472136645,0.2999890214002954,0.3212417553251324,0.317965973530126,0.2718514087111497,0.312313959188461,0.292545735951692,0.2022030812761398,0.2631301355745288,0.3115024849033186,0.2448335932661408,0.0,0.2969877361385798,0.2461960407037073,0.1956906775785348,0.2307481177788595,0.2264248543251184,0.266095348338242,0.2646140133741229,0.2053250784289572,0.2069977413496391,0.2370375013872687,0.0,0.3470696811882925,0.0,0.0,0.0,0.0,0.0,0.0,0.0,0.2283945297887213,0.0,0.2102418995833924,0.0,0.0,0.3649030762043961,0.3455360314211951,0.0,0.3381914726078299,0.0,0.3435068760368684,0.0,0.3510398279739964,0.3495938197700676,0.0,0.3550322389320484,0.3640067062490967,0.0,0.1926628540150469,0.3474232761855418,0.0,0.0
0.0,0.0,0.3011183394434273,0.1415535551989377,0.1686317492112206,0.3133217382610995,0.2186060334224308,0.1787212309877519,0.2839623306280932,0.2195378415064596,0.2392244165806756,0.2190948541437719,0.2579413163587017,0.1554547473152185,0.3628220740271255,0.0,0.0,0.0,0.2707721805783374,0.3465094421059485,0.3545022543907319,0.3528827927407525,0.3064566963515759,0.2397670316056277,0.0,0.3499359127469195,0.3373905367199299,0.1836208827275917,0.3465886623403825,0.0,0.2922619372581954,0.1997394202493249,0.3338191632040782,0.2900049659219174,0.2969877361385798,0.0,0.1474899941589117,0.196474386097293,0.2192581002722613,0.0,0.2236474593611781,0.2414669690910768,0.266904622842221,0.1924455255736557,0.0,0.0,0.0,0.3330813065964389,0.0,0.2838344536848552,0.3152286648698328,0.2531281512805844,0.2987980389605463,0.0,0.0,0.2983510590052841,0.0,0.3017823977723451,0.3205661952753177,0.0,0.0,0.0,0.0,0.2971633109582932,0.3194209123154563,0.0,0.3437867860812588,0.3498200987144958,0.0,0.0,0.0,0.3550138743346813,0.2276678216285703,0.3343363120698015,0.0,0.0
0.0,0.0,0.3098761722366988,0.125647816129491,0.1558260166069259,0.3151630639792975,0.1850295838583286,0.3128108369150601,0.3143257943289215,0.1994628797135871,0.2804809275698555,0.2130459319401519,0.2502202156056721,0.1279674478181043,0.0,0.0,0.0,0.0,0.2936148071988341,0.308895837208595,0.0,0.3170589502449543,0.3212766372915827,0.2009302044978481,0.0,0.0,0.3176029054701135,0.1996146254500837,0.3035298283002472,0.0,0.2342693005871639,0.2143350352901226,0.1922952806503056,0.2361658447582031,0.2461960407037073,0.1474899941589117,0.0,0.2035850718163234,0.2047315505911832,0.0,0.279015200050413,0.2326231407839954,0.1806015838596051,0.0,0.0,0.0,0.0,0.0,0.0,0.0,0.0,0.0,0.0,0.0,0.0,0.0,0.2244758272147894,0.0,0.0,0.0,0.0,0.0,0.0,0.0,0.0,0.0,0.0,0.0,0.0,0.0,0.0,0.0,0.0,0.0,0.0,0.0
0.0,0.0,0.0,0.0,0.2549843704767201,0.2650567025074441,0.2445326360354743,0.0,0.3078735745370451,0.238857157589491,0.2595758029100219,0.1740608634069262,0.2638917922733676,0.0,0.0,0.0,0.2543011463554531,0.0,0.2529363132260503,0.0,0.0,0.0,0.3110627376602654,0.1800314172694448,0.2613282837684461,0.284344214515688,0.0,0.2545786374702868,0.0,0.0,0.2124703350042562,0.1775812865093985,0.1353409295725286,0.1656252725003997,0.1956906775785348,0.196474386097293,0.2035850718163234,0.0,0.1659535422178799,0.2022305839413641,0.2385439162903666,0.2253282513347888,0.0,0.0,0.2029311903760565,0.0,0.0,0.0,0.0,0.0,0.0,0.0,0.0,0.0,0.2590726363238279,0.0,0.2470754962572223,0.0,0.0,0.0,0.0,0.0,0.0,0.0,0.0,0.0,0.0,0.0,0.2341969770132047,0.3226042867278856,0.3068948197555196,0.0,0.0,0.0,0.0,0.0
0.3195154934410767,0.3302196776961365,0.3664931322830888,0.0,0.2714260995579523,0.3589500981096837,0.0,0.3380019329162936,0.319788634770056,0.2984573739917965,0.2781099646982539,0.1683765469010461,0.3305777823295577,0.0,0.3429270837185862,0.3262985468461092,0.0,0.3114878442099865,0.3277800756657104,0.3342413763390399,0.3274898266742894,0.3247937562447464,0.3698167726374102,0.3352350454299498,0.3260803135054761,0.338999795679637,0.3642273087521389,0.3128128116999692,0.3451304329070275,0.3561597530646685,0.2765032879560163,0.2248115272151914,0.1778230861372129,0.2576074976904155,0.2307481177788595,0.2192581002722613,0.2047315505911832,0.1659535422178799,0.0,0.2289820668656647,0.2622837012473056,0.2599502846519694,0.2085904907372709,0.2143173809214571,0.1798760222263855,0.2916184609032008,0.2769546966328015,0.3008612454549541,0.210696679811325,0.2651229132738338,0.3053768805207602,0.2898302798568343,0.2960269152996325,0.307735651214199,0.2433329365397939,0.2723628560604151,0.1816010428557825,0.3028627606466032,0.2073495667163153,0.306933560515323,0.3046907010201684,0.3039662691614762,0.3041241338734717,0.2854112575236002,0.3036123632035476,0.298875605557497,0.2976572192854369,0.3032507704379956,0.2599801262376358,0.2898478564205212,0.3018768504348661,0.3077066684532725,0.2481608093226364,0.3035455562763174,0.3073472887077718,0.2665301136372937
0.3069720794499172,0.3283395235952351,0.0,0.0,0.0,0.0,0.0,0.0,0.0,0.2956222783719127,0.0,0.3129347835169463,0.0,0.0,0.3369367316664759,0.3272948691288419,0.298237662243815,0.3085231467590852,0.0,0.3099908332495606,0.3159674417961078,0.3100691378951063,0.365961336163898,0.2945202175916389,0.318556987459877,0.330556970600858,0.3433606211827267,0.0,0.0,0.0,0.3194564176224774,0.2493003708672941,0.2194109394371733,0.2921447602401399,0.2264248543251184,0.0,0.0,0.2022305839413641,0.2289820668656647,0.0,0.197349324924696,0.2973807283761494,0.3360987232210751,0.174383745303319,0.1626704239643663,0.2373664864436157,0.2416306794899672,0.0,0.0,0.0,0.2885901199685435,0.253164592082008,0.2950734109748136,0.2815364849516009,0.2535608272655111,0.2812203927489988,0.1979742704976603,0.2891238107634143,0.0,0.2978295687162783,0.2671801477640562,0.2562545131657739,0.2539448671125842,0.0,0.2722726253814425,0.2884248986186661,0.2708285670459912,0.3025634445713506,0.2203645356719303,0.2379396779158793,0.2728838486065773,0.284279479937215,0.2377068267775528,0.2499221101267802,0.3349003201874689,0.2265599684346462
