0.0,0.435336585676193,0.0,0.0,0.0,0.4300953064640019,0.0,0.5152731364058186,0.0,0.4561945892194067,0.0,0.4464186459560613,0.0,0.0,0.403117548167355,0.4463089260441383,0.3949168165153621,0.4297596313487725,0.0,0.4208571768259784,0.4128552895653844,0.4222842328291706,0.4768872463071902,0.3920720719027831,0.4109964450390442,0.4109769339234626,0.4817606690243056,0.4406312686449775,0.4139901238106184,0.0,0.400505739603039,0.4304693796495598,0.3695812474094984,0.4200775605937238,0.4881862825161667,0.0,0.0,0.0,0.4565443505268191,0.4386215113796182,0.4544146356052675,0.0,0.0,0.0,0.0,0.4103333992062687,0.4891042835360422,0.0,0.0,0.0,0.0,0.0,0.0,0.0,0.4562091906591196,0.0,0.0,0.0,0.0,0.0,0.4913225143863323,0.0,0.4709060875099241,0.0,0.0,0.3263432673894118,0.4657744053846908,0.0,0.0,0.4781950870498161,0.5014276479541641,0.0,0.0,0.0,0.0,0.0
0.435336585676193,0.0,0.0,0.0,0.3737806317249335,0.406804815949585,0.414376570218244,0.4752475942279676,0.3826712750720308,0.0,0.0,0.0,0.4296783321831655,0.0,0.4276403258091991,0.4280612208267771,0.0,0.4391871951984912,0.0,0.4072621708205297,0.4356814720394702,0.4220936127052312,0.4384168236825285,0.0,0.4070236439077794,0.410763180383165,0.4204505050919995,0.4425082272215143,0.4083602327891555,0.0,0.3830228752811651,0.4313543842811655,0.3810748352094693,0.3949763962941345,0.4876778252260382,0.0,0.0,0.0,0.4718391795694266,0.4691526940921749,0.4721015906079213,0.5061212005657402,0.0,0.0,0.0,0.4873444115354982,0.4833425273288358,0.0,0.0,0.0,0.0,0.0,0.0,0.0,0.0,0.0,0.0,0.0,0.0,0.4978907566384096,0.4861295247753804,0.0,0.5085585034009711,0.0,0.4693225912941707,0.5066204466437365,0.4755993724614202,0.4997416094455374,0.0,0.5001157923725889,0.5156873575521623,0.4702128487994135,0.0,0.4765183847723521,0.0,0.4615948024280212
0.0,0.0,0.0,0.0,0.3880282153018786,0.4362145916480563,0.4488550488732859,0.4631950082183279,0.3260474779088279,0.4243909394156097,0.3276193825492653,0.0,0.4641047502081541,0.4356477145907532,0.0,0.0,0.0,0.0,0.3031223057816753,0.0,0.0,0.0,0.3446893592976041,0.0,0.0,0.0,0.408014361744596,0.4720352665036977,0.0,0.0,0.4882896293477298,0.4675613172236743,0.0,0.4824511874675028,0.4431430618294868,0.4302573100051123,0.4427710665105193,0.0,0.5236690316602085,0.0,0.0,0.0,0.4967245702596684,0.0,0.0,0.0,0.0,0.3682020982830115,0.0,0.5048678001096131,0.5689390709384408,0.0,0.5979580090921921,0.5693563847779269,0.0,0.4132514341871018,0.0,0.0,0.5369118279510959,0.0,0.0,0.0,0.0,0.326561536999561,0.0,0.0,0.0,0.5772851763317249,0.0,0.0,0.0,0.5929359298584777,0.0,0.0,0.0,0.0
0.0,0.0,0.0,0.0,0.2284349178252635,0.412124482988896,0.2616348465243873,0.4272160121607222,0.4053156731574872,0.0,0.3771488870821861,0.0,0.3348509531663322,0.2957177029184627,0.0,0.0,0.0,0.0,0.3955111771662892,0.0,0.0,0.0,0.4140045247737485,0.0,0.0,0.0,0.415226129136903,0.2551036144210561,0.0,0.0,0.0,0.2716306284433083,0.0,0.2195140609471431,0.279682676676203,0.2022608519764288,0.1795337058374302,0.0,0.0,0.0,0.0,0.0,0.0,0.0,0.0,0.0,0.0,0.0,0.0,0.0,0.0,0.0,0.0,0.0,0.0,0.0,0.0,0.0,0.0,0.0,0.0,0.0,0.0,0.0,0.0,0.0,0.0,0.0,0.0,0.0,0.0,0.0,0.0,0.0,0.0,0.0
0.0,0.3737806317249335,0.3880282153018786,0.2284349178252635,0.0,0.3774148244795396,0.3434232854148076,0.3659667042330926,0.3386055369138467,0.441342553219222,0.3296272992315367,0.340089748617023,0.3759945343622408,0.2968314028740929,0.0,0.0,0.0,0.0,0.3526311137711531,0.0,0.0,0.4436578639490667,0.407021396888326,0.0,0.3712957655918947,0.0,0.3943159594922608,0.3758175687473373,0.4597178773334325,0.0,0.4375705047159556,0.3426031338912854,0.0,0.4208332747706985,0.3981670561609616,0.2409519225271492,0.2226542656220513,0.3643381188188047,0.0,0.0,0.0,0.0,0.3877307453439171,0.0,0.0,0.0,0.0,0.4403786145962732,0.0,0.0,0.0,0.0,0.0,0.4218438551834975,0.0,0.4286627874656007,0.0,0.0,0.0,0.0,0.0,0.0,0.0,0.0,0.0,0.0,0.0,0.5134665779733132,0.0,0.0,0.0,0.5032093984460384,0.0,0.0,0.0,0.0
0.4300953064640019,0.406804815949585,0.4362145916480563,0.412124482988896,0.3774148244795396,0.0,0.42918284514178,0.4483432979679542,0.366558424508141,0.4746984192131156,0.3696787911931868,0.0,0.4249944275356359,0.4383755752421136,0.4418657337858838,0.4473049171364833,0.0,0.441559080551412,0.4064002744113878,0.4076150034626914,0.4546986924648358,0.4358909340657574,0.4353651416377041,0.0,0.4063631815629223,0.431452320256749,0.3953365223847558,0.4306061018219532,0.3845485209119744,0.4287541313546703,0.4571805561979334,0.4222617966829741,0.3777513676401498,0.4428234112930299,0.4457416779241933,0.4476943135364023,0.4503253185154396,0.0,0.512891057795433,0.0,0.5236629759642631,0.4052168139805051,0.5205834103753127,0.0,0.0,0.0,0.0,0.5767419297059395,0.0,0.0,0.5427838555116498,0.5425779720928354,0.5260224975748785,0.5602496072014237,0.0,0.5341107778851926,0.0,0.5615204195807327,0.0,0.4936744966565254,0.0,0.0,0.0,0.5489412530420902,0.5201566020367816,0.4554760843497212,0.4495676859300038,0.5447237676503349,0.0,0.0,0.0,0.5462616676418284,0.5659148822596348,0.5060205571499036,0.0,0.5444958408704208
0.0,0.414376570218244,0.4488550488732859,0.2616348465243873,0.3434232854148076,0.42918284514178,0.0,0.4345114432893945,0.3867856397509921,0.3946886234763371,0.4181145311843177,0.3570820690429804,0.3670378061319737,0.3335600466284766,0.0,0.4930641043270274,0.414478835462136,0.4610887655706509,0.43008329548404,0.4463965635742705,0.0,0.4654232881550978,0.4469925746872836,0.3822213267379666,0.4368800324970726,0.4200556768089828,0.4415675119689357,0.4063935868710567,0.4658944004635238,0.0,0.4307925686791591,0.386782549262233,0.3645205570677361,0.4091992824051964,0.3588899369229339,0.3123584038922137,0.2643822065749889,0.3494040063569395,0.0,0.0,0.0,0.0,0.0,0.0,0.0,0.0,0.0,0.0,0.0,0.0,0.5102115269987109,0.0,0.0,0.0,0.0,0.0,0.0,0.0,0.0,0.0,0.0,0.0,0.0,0.0,0.0,0.0,0.0,0.5269109919377226,0.0,0.0,0.0,0.5299979369477347,0.0,0.0,0.0,0.0
0.5152731364058186,0.4752475942279676,0.4631950082183279,0.4272160121607222,0.3659667042330926,0.4483432979679542,0.4345114432893945,0.0,0.4579649278590399,0.4628417918568355,0.3669046311886303,0.0,0.448285059522325,0.3850184994744636,0.4477730187037014,0.473048202642563,0.0,0.5029304747107597,0.414683766745701,0.4176472464565541,0.4485935481078183,0.4243210442119149,0.4154734633590511,0.5386036295135822,0.5077347582601613,0.5167581922500984,0.4737098021869081,0.4567556894891946,0.4099087227335098,0.4331462683380815,0.4602315394480828,0.4085071270990223,0.5096761027714641,0.4541074391194763,0.4605181216612261,0.2553684250109892,0.4469643047324509,0.0,0.4829589678991146,0.0,0.0,0.0,0.4700159766079084,0.0,0.0,0.0,0.0,0.5341224818574122,0.0,0.4718772927808291,0.5175338315805932,0.4843492304525248,0.4649912626753115,0.5384007797134787,0.0,0.4919562415943277,0.0,0.5128682083147851,0.5351585005537911,0.5123572139959793,0.0,0.0,0.0,0.5120626159994768,0.5254809237735222,0.4156503822531793,0.0,0.5189368096361205,0.0,0.0,0.0,0.548167561537639,0.528436674113937,0.5128877051137112,0.0,0.5289175831422647
0.0,0.3826712750720308,0.3260474779088279,0.4053156731574872,0.3386055369138467,0.366558424508141,0.3867856397509921,0.4579649278590399,0.0,0.4776137744062042,0.3252751454945724,0.4023235893903584,0.3824177774162121,0.390908366572083,0.0,0.4089254709733039,0.0,0.0,0.3025979939775596,0.4084933968897049,0.0,0.4329184907777973,0.4276908169318058,0.0,0.0,0.0,0.3879972097909041,0.4517430988002173,0.4253013539178794,0.0,0.4708787669981455,0.434733433616789,0.3694677667857685,0.461357149426768,0.4483109730188944,0.4057436977922087,0.4491289736226457,0.4399096257199384,0.4569346324793401,0.0,0.0,0.0,0.4716511661461077,0.0,0.0,0.0,0.0,0.5513357932099833,0.0,0.0,0.5470802281006656,0.0,0.5347051019335501,0.5430737529698617,0.0,0.4177381137037275,0.0,0.0,0.5078937175163585,0.0,0.0,0.0,0.0,0.5249971688778545,0.0,0.0,0.0,0.550298698665488,0.0,0.0,0.0,0.5519334482497779,0.0,0.0,0.0,0.0
0.4561945892194067,0.0,0.4243909394156097,0.0,0.441342553219222,0.4746984192131156,0.3946886234763371,0.4628417918568355,0.4776137744062042,0.0,0.4264982096563507,0.3241026593047927,0.43482022626371,0.3940153661961597,0.0,0.4118211145364992,0.3522130487805276,0.3732551364504864,0.4275491209696707,0.0,0.0,0.3716512712558806,0.459655106148553,0.3600234236717556,0.4065131220834417,0.4077989099084023,0.4314467024022936,0.4264175099201873,0.0,0.0,0.3617428194665026,0.3403692351782698,0.3684502385744448,0.3639726372175527,0.3765439634177583,0.3136898313981447,0.2850054308550835,0.3412945166006056,0.4264551508960013,0.4224041833685065,0.4090965581903256,0.0,0.0,0.0,0.3786404204779086,0.0,0.0,0.0,0.0,0.0,0.0,0.0,0.0,0.0,0.4835142716305417,0.0,0.4851130156750914,0.0,0.0,0.0,0.0,0.4750125283374836,0.505702159895996,0.0,0.0,0.0,0.0,0.0,0.488711834230719,0.504762821544581,0.5296079772360225,0.0,0.4392344016419958,0.0,0.0,0.4662442901648146
0.0,0.0,0.3276193825492653,0.3771488870821861,0.3296272992315367,0.3696787911931868,0.4181145311843177,0.3669046311886303,0.3252751454945724,0.4264982096563507,0.0,0.3812685148317375,0.4150177635610235,0.3467752560216359,0.0,0.0,0.0,0.0,0.2552353068910638,0.0,0.0,0.0,0.2800409578938126,0.0,0.0,0.0,0.4237322282284505,0.4264772865865019,0.0,0.0,0.4525314417555766,0.3989933312279692,0.3242741673103759,0.4369033138272905,0.4107568826109058,0.3418192799408736,0.4007692445003582,0.3708986536951397,0.3973814597870696,0.0,0.0,0.0,0.4306071390895108,0.0,0.0,0.0,0.0,0.4602902583498244,0.0,0.3632099231574838,0.5161111506863774,0.3927756480221788,0.4729394975261646,0.4041897578866392,0.0,0.2547893231540895,0.0,0.3956338696008628,0.4712882694735977,0.0,0.0,0.0,0.0,0.2145031763210354,0.0,0.0,0.0,0.5618478222545178,0.0,0.0,0.0,0.5555705586451283,0.0,0.0,0.0,0.0
0.4464186459560613,0.0,0.0,0.0,0.340089748617023,0.0,0.3570820690429804,0.0,0.4023235893903584,0.3241026593047927,0.3812685148317375,0.0,0.3886543059464795,0.0,0.0,0.0,0.4090175068552311,0.3839269556298377,0.0,0.0,0.0,0.0,0.0,0.3339173737425258,0.4347107373610615,0.3757961429156244,0.0,0.3863744379036293,0.0,0.0,0.3426643538697774,0.2457152601938454,0.2833417193752556,0.2673425877077347,0.3393004406561466,0.3130568624750676,0.3044137721851495,0.2487093911485306,0.2405872730020299,0.447141407633624,0.4240404667373193,0.0,0.0,0.0,0.3915313230814816,0.0,0.0,0.0,0.0,0.0,0.0,0.0,0.0,0.0,0.4941099339550728,0.0,0.4721156495852296,0.0,0.0,0.0,0.0,0.5426867445237855,0.5152783775144391,0.0,0.0,0.0,0.0,0.0,0.4902757697058307,0.5275499086417728,0.5463427309921504,0.0,0.0,0.0,0.0,0.4764707366848646
0.0,0.4296783321831655,0.4641047502081541,0.3348509531663322,0.3759945343622408,0.4249944275356359,0.3670378061319737,0.448285059522325,0.3824177774162121,0.43482022626371,0.4150177635610235,0.3886543059464795,0.0,0.3718790287375558,0.4470706563690764,0.4802896520203878,0.4368837970095816,0.4842425693103564,0.4340020580011016,0.4508242367935878,0.4687497100638201,0.4737672786351558,0.4567354922574545,0.3687117092257398,0.4443434667318592,0.4341154161731445,0.4536533979821297,0.3735708345508789,0.4538274024300434,0.4389943867953162,0.42922350415528,0.4051691671786464,0.3811507090581367,0.4142120883255175,0.4101060350926587,0.3685631938619378,0.3575307869802536,0.3770656177429493,0.4723508625727302,0.0,0.0,0.0,0.4157907068543982,0.0,0.0,0.0,0.0,0.4990623033078164,0.0,0.0,0.574113954933725,0.0,0.4971356056733566,0.0,0.0,0.0,0.0,0.0,0.0,0.0,0.0,0.0,0.0,0.0,0.0,0.0,0.0,0.527602554143641,0.0,0.0,0.0,0.5440932795458557,0.0,0.5035727661677143,0.0,0.0
0.0,0.0,0.4356477145907532,0.2957177029184627,0.2968314028740929,0.4383755752421136,0.3335600466284766,0.3850184994744636,0.390908366572083,0.3940153661961597,0.3467752560216359,0.0,0.3718790287375558,0.0,0.0,0.0,0.0,0.0,0.3840245964732404,0.0,0.475364712252837,0.0,0.4221597528307301,0.0,0.0,0.0,0.4669508582585406,0.2577750298597101,0.0,0.0,0.428236976083953,0.2409168473701984,0.0,0.4422900397189278,0.0,0.2221237721056725,0.182848145244841,0.0,0.0,0.0,0.0,0.0,0.4136104776385232,0.0,0.0,0.0,0.0,0.5284517114792376,0.0,0.0,0.0,0.0,0.0,0.5353216692393733,0.0,0.4321663167112368,0.0,0.0,0.0,0.0,0.0,0.0,0.0,0.0,0.0,0.0,0.0,0.4980030479093603,0.0,0.0,0.0,0.0,0.0,0.0,0.0,0.0
0.403117548167355,0.4276403258091991,0.0,0.0,0.0,0.4418657337858838,0.0,0.4477730187037014,0.0,0.0,0.0,0.0,0.4470706563690764,0.0,0.0,0.4266426042697184,0.0,0.4243897137458985,0.0,0.3459970884128561,0.3983558508193185,0.3448885002049994,0.3693890351765442,0.4770613206781953,0.4055166706349831,0.3813377202715042,0.3719068941893786,0.4310163558850641,0.3993535573734421,0.0,0.4082371037175985,0.4279908998800476,0.4111144410057158,0.4204779823400537,0.4747694146223513,0.5184235867862687,0.0,0.0,0.4899963411108584,0.4814369396320627,0.4965678730739465,0.4936021875905306,0.0,0.0,0.0,0.0,0.4804533507859566,0.0,0.0,0.0,0.4925747776802292,0.0,0.5305076958419169,0.0,0.0,0.0,0.0,0.0,0.0,0.5084085925881132,0.4708316704108999,0.0,0.0,0.0,0.4848818195630535,0.4918379573605606,0.4985773345884177,0.51815006760488,0.0,0.0,0.5336623264124543,0.5112952752717277,0.4532087606415392,0.5024065531412857,0.0,0.4843014297918222
0.4463089260441383,0.4280612208267771,0.0,0.0,0.0,0.4473049171364833,0.4930641043270274,0.473048202642563,0.4089254709733039,0.4118211145364992,0.0,0.0,0.4802896520203878,0.0,0.4266426042697184,0.0,0.4124345710332416,0.3465824021899206,0.0,0.411442437081598,0.4248792212921491,0.3928565839762912,0.4422392755511679,0.390482841869885,0.4345215747486259,0.4516095996782467,0.4442393940472736,0.4830345344367985,0.4476071006916928,0.448022742456757,0.3947496532653369,0.4385258742184902,0.394720562760141,0.396090350629745,0.4568982524529896,0.0,0.0,0.0,0.466236414839689,0.4676600243948529,0.4753089708202829,0.4943931539344035,0.0,0.0,0.0,0.4726436845793947,0.4893825008473291,0.0,0.0,0.0,0.0,0.0,0.0,0.0,0.0,0.0,0.0,0.0,0.0,0.4888407015253818,0.4888813274955682,0.0,0.465895679420185,0.0,0.4525012573451156,0.4520475627508563,0.4745103061879602,0.0,0.0,0.484452832939479,0.5071266390514769,0.0,0.0,0.0,0.0,0.4577327011079118
0.3949168165153621,0.0,0.0,0.0,0.0,0.0,0.414478835462136,0.0,0.0,0.3522130487805276,0.0,0.4090175068552311,0.4368837970095816,0.0,0.0,0.4124345710332416,0.0,0.3493966462875502,0.0,0.3802696825526628,0.0,0.4159546953502044,0.0,0.4114572209911574,0.3538215438665345,0.4350133142424602,0.0,0.4446232853022586,0.0,0.0,0.3629219215270124,0.4008682453142969,0.3670089365244816,0.3878234587899836,0.4217223227830708,0.0,0.0,0.363361884116228,0.0,0.4261412125758121,0.440127191566505,0.0,0.0,0.0,0.0,0.0,0.0,0.0,0.0,0.0,0.0,0.0,0.0,0.0,0.4980494693710086,0.0,0.5294493867899617,0.0,0.0,0.0,0.0,0.488937825447213,0.4931586914205265,0.0,0.0,0.0,0.0,0.0,0.4971588608616212,0.4786030479715052,0.512314317407491,0.0,0.0,0.0,0.0,0.0
0.4297596313487725,0.4391871951984912,0.0,0.0,0.0,0.441559080551412,0.4610887655706509,0.5029304747107597,0.0,0.3732551364504864,0.0,0.3839269556298377,0.4842425693103564,0.0,0.4243897137458985,0.3465824021899206,0.3493966462875502,0.0,0.0,0.4238001932953863,0.4493696139379368,0.4373591627699782,0.5022563541292315,0.4022042914085091,0.3923519699948349,0.4035943803950191,0.4550667133539154,0.472654735492543,0.4444939731075098,0.0,0.4032449924102293,0.4232588167446638,0.3646854562474324,0.3988366081631356,0.4658786396404416,0.0,0.0,0.0,0.445073927402749,0.4408377764178521,0.4540471373759908,0.4785759385624583,0.0,0.0,0.0,0.475340705357222,0.4810536989252318,0.0,0.0,0.0,0.0,0.0,0.0,0.0,0.4926228490057798,0.0,0.5099733432244844,0.0,0.0,0.0,0.483548165720079,0.4684444830570495,0.4689230108172435,0.0,0.0,0.0,0.4625500261950106,0.0,0.5160099527321704,0.4775843218424713,0.499386393879586,0.0,0.0,0.0,0.0,0.4526216227207676
0.0,0.0,0.3031223057816753,0.3955111771662892,0.3526311137711531,0.4064002744113878,0.43008329548404,0.414683766745701,0.3025979939775596,0.4275491209696707,0.2552353068910638,0.0,0.4340020580011016,0.3840245964732404,0.0,0.0,0.0,0.0,0.0,0.0,0.0,0.0,0.2448534617419178,0.0,0.0,0.0,0.4223246124405053,0.4413629427555972,0.0,0.0,0.4689897166591684,0.4209132361653479,0.0,0.4517689519573794,0.4272125247612355,0.3868967604403974,0.4195357790446846,0.0,0.4683533187977636,0.0,0.0,0.0,0.4479583689258888,0.0,0.0,0.0,0.0,0.5275943383571713,0.0,0.0,0.5580953126657587,0.0,0.5321068402038742,0.5446644444119522,0.0,0.2770695314735437,0.0,0.0,0.5005521119303882,0.0,0.0,0.0,0.0,0.5232415901625068,0.0,0.0,0.0,0.5644485443845746,0.0,0.0,0.0,0.5654555661217894,0.0,0.0,0.0,0.0
0.4208571768259784,0.4072621708205297,0.0,0.0,0.0,0.4076150034626914,0.4463965635742705,0.4176472464565541,0.4084933968897049,0.0,0.0,0.0,0.4508242367935878,0.0,0.3459970884128561,0.411442437081598,0.3802696825526628,0.4238001932953863,0.0,0.0,0.4112538470117979,0.3555556402142962,0.2666938676873978,0.0,0.4155071811152898,0.4294467675388356,0.3526803634857536,0.3824532913604416,0.3476187424517096,0.4169754520655159,0.3698568409307965,0.4231143098394714,0.3813842284654601,0.4016487101392063,0.4524870467588093,0.4951150458900813,0.4413703005761848,0.0,0.4775856420497431,0.4429349015630358,0.4839169411763059,0.4615265377785022,0.0,0.0,0.0,0.0,0.453203435899027,0.0,0.0,0.0,0.4859632677347242,0.0,0.4890844778916847,0.0,0.0,0.0,0.0,0.0,0.0,0.505564658731459,0.0,0.0,0.0,0.0,0.4736926612785402,0.4377095084299413,0.4743984859740595,0.5443113973961367,0.0,0.0,0.4842980974582777,0.5116723649652918,0.5231831054157072,0.5323518525278684,0.0,0.4719829103050511
0.4128552895653844,0.4356814720394702,0.0,0.0,0.0,0.4546986924648358,0.0,0.4485935481078183,0.0,0.0,0.0,0.0,0.4687497100638201,0.475364712252837,0.3983558508193185,0.4248792212921491,0.0,0.4493696139379368,0.0,0.4112538470117979,0.0,0.4211638291831539,0.4226185342784063,0.4903607187174382,0.4534405126894749,0.407050586849603,0.4349467158321484,0.4767015453039229,0.4179768847721656,0.4395290581421583,0.3948122130823298,0.4279193165707772,0.398719614465976,0.4020219563454963,0.47487746856028,0.5065356917377675,0.0,0.0,0.4679385923134476,0.4514746654344225,0.4776587129360924,0.5117311974283133,0.0,0.0,0.0,0.4051480150339113,0.4932046578772404,0.0,0.0,0.0,0.4822350947878183,0.0,0.4276390612069398,0.0,0.0,0.0,0.0,0.0,0.0,0.4985464370914829,0.4898686869650673,0.0,0.0,0.0,0.4842471673353319,0.4506050351038438,0.4812997265454987,0.5179797043388159,0.0,0.4548313257811853,0.5191047796179273,0.52043020660362,0.5153928481397406,0.4947636848481689,0.0,0.4561965941551582
0.4222842328291706,0.4220936127052312,0.0,0.0,0.4436578639490667,0.4358909340657574,0.4654232881550978,0.4243210442119149,0.4329184907777973,0.3716512712558806,0.0,0.0,0.4737672786351558,0.0,0.3448885002049994,0.3928565839762912,0.4159546953502044,0.4373591627699782,0.0,0.3555556402142962,0.4211638291831539,0.0,0.4008728888158545,0.0,0.431886636451153,0.4223819613235107,0.4158775484823169,0.4368341238006417,0.4002592030857906,0.4406716470608209,0.3706849481339693,0.4290094438884219,0.394264398178245,0.3924173810559679,0.4587728089318675,0.5042217004529309,0.4530342831246522,0.0,0.4640862729471028,0.443046788292405,0.4712614792815018,0.4766933582308721,0.0,0.0,0.0,0.4874144381709336,0.4773986785598509,0.0,0.0,0.0,0.4680857763290004,0.0,0.0,0.0,0.0,0.0,0.0,0.0,0.0,0.5034310449547369,0.4919277071831472,0.0,0.4411480653140197,0.0,0.4793025144349381,0.4943014726267985,0.480488083096865,0.5051786442154919,0.0,0.4887549550720883,0.50532965986436,0.5119412353741469,0.0,0.5041302708482633,0.0,0.4756496466598205
0.4768872463071902,0.4384168236825285,0.3446893592976041,0.4140045247737485,0.407021396888326,0.4353651416377041,0.4469925746872836,0.4154734633590511,0.4276908169318058,0.459655106148553,0.2800409578938126,0.0,0.4567354922574545,0.4221597528307301,0.3693890351765442,0.4422392755511679,0.0,0.5022563541292315,0.2448534617419178,0.2666938676873978,0.4226185342784063,0.4008728888158545,0.0,0.5244408465479324,0.4855343117064282,0.473572732940696,0.3696236091193604,0.4504030863621097,0.4109064917815276,0.4306307235062297,0.4496717724313714,0.4222936425740128,0.4071760289935701,0.4508153610533595,0.4666172296315523,0.4378850987588383,0.4590607864803758,0.0,0.5284180634226644,0.5229091670563552,0.5395841643614321,0.4578297556964593,0.5269571385419932,0.0,0.0,0.0,0.5067577548358422,0.5480897767926741,0.0,0.5478414312117946,0.5495652658432988,0.554813803030098,0.537246414148478,0.5694005172857565,0.0,0.527478155807825,0.0,0.5485893465870797,0.5512268723642357,0.5342532700678649,0.0,0.0,0.0,0.5652281081575402,0.5297074589912512,0.5421003629513041,0.5388299960481541,0.542160543680338,0.0,0.0,0.5280848643941125,0.5520487243326725,0.5428099595776085,0.5242968908973313,0.5412892781376543,0.5462355747625656
0.3920720719027831,0.0,0.0,0.0,0.0,0.0,0.3822213267379666,0.5386036295135822,0.0,0.3600234236717556,0.0,0.3339173737425258,0.3687117092257398,0.0,0.4770613206781953,0.390482841869885,0.4114572209911574,0.4022042914085091,0.0,0.0,0.4903607187174382,0.0,0.5244408465479324,0.0,0.4077076248622032,0.3919458196808195,0.4708380679454543,0.3517775787401309,0.0,0.0,0.3633139459439512,0.2890045941267302,0.2413485598517712,0.2939762783577223,0.3797918268530966,0.342594603295259,0.0,0.2572405036967602,0.4790054605532602,0.4208294878263512,0.4117282401179005,0.0,0.0,0.0,0.3494501124963385,0.4793360726029259,0.0,0.0,0.0,0.0,0.0,0.0,0.0,0.0,0.4594570227794587,0.0,0.4482626419831328,0.0,0.0,0.0,0.4931104411810594,0.4910167511681076,0.4967092541200387,0.0,0.0,0.0,0.0,0.0,0.4068581828669528,0.4917760538578427,0.5111001031781303,0.0,0.0,0.0,0.0,0.4534487789519999
0.4109964450390442,0.4070236439077794,0.0,0.0,0.3712957655918947,0.4063631815629223,0.4368800324970726,0.5077347582601613,0.0,0.4065131220834417,0.0,0.4347107373610615,0.4443434667318592,0.0,0.4055166706349831,0.4345215747486259,0.3538215438665345,0.3923519699948349,0.0,0.4155071811152898,0.4534405126894749,0.431886636451153,0.4855343117064282,0.4077076248622032,0.0,0.3736586576761262,0.4131277501097383,0.4426064550658531,0.4321766356991299,0.0,0.3971277363342054,0.4162987834892805,0.3405339183852221,0.3888506967927866,0.4286436675272869,0.0,0.0,0.3734027114067181,0.4659245889632985,0.455174775342999,0.4612937194454212,0.4834618324137432,0.0,0.0,0.0,0.4766620945946881,0.4747470353981267,0.0,0.0,0.0,0.0,0.0,0.0,0.0,0.5134067823478966,0.0,0.5174177267799004,0.0,0.0,0.0,0.4849780173841286,0.4960646198555688,0.4754057664824257,0.0,0.4398944947050285,0.4618649246682685,0.4935949349835355,0.0,0.485195199917482,0.4850210213914556,0.5027348745842818,0.0,0.0,0.0,0.0,0.4617317081644983
0.4109769339234626,0.410763180383165,0.0,0.0,0.0,0.431452320256749,0.4200556768089828,0.5167581922500984,0.0,0.4077989099084023,0.0,0.3757961429156244,0.4341154161731445,0.0,0.3813377202715042,0.4516095996782467,0.4350133142424602,0.4035943803950191,0.0,0.4294467675388356,0.407050586849603,0.4223819613235107,0.473572732940696,0.3919458196808195,0.3736586576761262,0.0,0.4634140215658583,0.4561779711655359,0.4025801379931263,0.0,0.3982884506689276,0.4364697404058602,0.3840109465020078,0.404068576064739,0.4590109448763063,0.5000110082001837,0.0,0.4062893581279907,0.4843847785923589,0.4723211254320982,0.4890950762065408,0.4854012788635488,0.0,0.0,0.4450125710621095,0.492368323591805,0.5023894710630098,0.0,0.0,0.0,0.0,0.0,0.0,0.0,0.5464467582798581,0.0,0.5497519178213647,0.0,0.0,0.5208712683196056,0.5051113045731387,0.5095978917109193,0.4897104197894375,0.0,0.4941313553144532,0.5176498967908663,0.4976859818670954,0.5065259592718477,0.4898228239113731,0.4985858302053758,0.5193785331384927,0.4987015257352876,0.0,0.4991819004437504,0.0,0.4743063495130225
0.4817606690243056,0.4204505050919995,0.408014361744596,0.415226129136903,0.3943159594922608,0.3953365223847558,0.4415675119689357,0.4737098021869081,0.3879972097909041,0.4314467024022936,0.4237322282284505,0.0,0.4536533979821297,0.4669508582585406,0.3719068941893786,0.4442393940472736,0.0,0.4550667133539154,0.4223246124405053,0.3526803634857536,0.4349467158321484,0.4158775484823169,0.3696236091193604,0.4708380679454543,0.4131277501097383,0.4634140215658583,0.0,0.442965102489984,0.359616967493196,0.4162239543415811,0.4195659345218913,0.4254918405440829,0.3917010968728137,0.4297517120068459,0.4543302965109884,0.4820853655696085,0.4538115214435564,0.0,0.5204314768198933,0.0,0.5389762558415048,0.4438339288310775,0.5265239507895249,0.0,0.0,0.0,0.416794000262763,0.5769362834158119,0.0,0.0,0.5447226145092262,0.5555902974030004,0.5472388822707056,0.5714521652615185,0.0,0.5445661551540721,0.0,0.5916858792134619,0.5307272037429698,0.5202392410918102,0.0,0.0,0.0,0.5516484307015026,0.526232483137075,0.495631493744619,0.5266453380451072,0.5507771568934919,0.0,0.0,0.5058914816668848,0.5495654641306247,0.5644540032379526,0.521166752619198,0.5225583622454865,0.5420945596127892
0.4406312686449775,0.4425082272215143,0.4720352665036977,0.2551036144210561,0.3758175687473373,0.4306061018219532,0.4063935868710567,0.4567556894891946,0.4517430988002173,0.4264175099201873,0.4264772865865019,0.3863744379036293,0.3735708345508789,0.2577750298597101,0.4310163558850641,0.4830345344367985,0.4446232853022586,0.472654735492543,0.4413629427555972,0.3824532913604416,0.4767015453039229,0.4368341238006417,0.4504030863621097,0.3517775787401309,0.4426064550658531,0.4561779711655359,0.442965102489984,0.0,0.3880192072843539,0.3366260143418115,0.4064895497023407,0.4022509871590516,0.3672675216451265,0.4085165569961974,0.3884388312228145,0.2623693635172319,0.2852222549532452,0.3637583813234036,0.446967126432532,0.0,0.4266637524820122,0.3342780194784689,0.447988833697248,0.0,0.0,0.0,0.0,0.0,0.0,0.0,0.5508068994839743,0.0,0.5315811642763707,0.0,0.0,0.0,0.0,0.0,0.0,0.5078941776415671,0.0,0.0,0.0,0.0,0.5177779381043598,0.5049527135881079,0.0,0.5289872831459642,0.0,0.0,0.0,0.5278662667545853,0.5101504301873245,0.5276802907458196,0.0,0.5187771208983226
0.4139901238106184,0.4083602327891555,0.0,0.0,0.4597178773334325,0.3845485209119744,0.4658944004635238,0.4099087227335098,0.4253013539178794,0.0,0.0,0.0,0.4538274024300434,0.0,0.3993535573734421,0.4476071006916928,0.0,0.4444939731075098,0.0,0.3476187424517096,0.4179768847721656,0.4002592030857906,0.4109064917815276,0.0,0.4321766356991299,0.4025801379931263,0.359616967493196,0.3880192072843539,0.0,0.3690874417696497,0.3743416645650312,0.424012061119925,0.365720085895253,0.4014503767501404,0.4462543337806878,0.4952282408719232,0.4337030008606092,0.0,0.4931446285800738,0.0,0.4893715064225915,0.4494147361912896,0.0,0.0,0.0,0.0,0.4414558403966332,0.0,0.0,0.0,0.5140488780607985,0.0,0.481934482475059,0.0,0.0,0.0,0.0,0.4986037020167402,0.0,0.5022898103843647,0.0,0.0,0.0,0.0,0.4909142042781144,0.4783353008396336,0.494150890961866,0.5175331647474715,0.0,0.0,0.4814694546301749,0.5120971783909692,0.5331395168561001,0.4947937259877883,0.0,0.4949736269634336
0.0,0.0,0.0,0.0,0.0,0.4287541313546703,0.0,0.4331462683380815,0.0,0.0,0.0,0.0,0.4389943867953162,0.0,0.0,0.448022742456757,0.0,0.0,0.0,0.4169754520655159,0.4395290581421583,0.4406716470608209,0.4306307235062297,0.0,0.0,0.0,0.4162239543415811,0.3366260143418115,0.3690874417696497,0.0,0.3409028832502581,0.4034712044468853,0.0,0.3733170121399546,0.4180082210757831,0.0,0.0,0.0,0.5089040327763876,0.0,0.0,0.0,0.0,0.0,0.0,0.0,0.0,0.0,0.0,0.0,0.0,0.0,0.0,0.0,0.0,0.0,0.0,0.0,0.0,0.0,0.0,0.0,0.0,0.0,0.5155553751272386,0.0,0.0,0.5236703158514675,0.0,0.0,0.0,0.5248952134898506,0.0,0.0,0.0,0.0
0.400505739603039,0.3830228752811651,0.4882896293477298,0.0,0.4375705047159556,0.4571805561979334,0.4307925686791591,0.4602315394480828,0.4708787669981455,0.3617428194665026,0.4525314417555766,0.3426643538697774,0.42922350415528,0.428236976083953,0.4082371037175985,0.3947496532653369,0.3629219215270124,0.4032449924102293,0.4689897166591684,0.3698568409307965,0.3948122130823298,0.3706849481339693,0.4496717724313714,0.3633139459439512,0.3971277363342054,0.3982884506689276,0.4195659345218913,0.4064895497023407,0.3743416645650312,0.3409028832502581,0.0,0.3529132364339418,0.3356629364059357,0.2904602482517219,0.2889208076313865,0.4176027111932815,0.3347390905307157,0.3035913221485844,0.3950857364032309,0.4564599391859361,0.4193378704273845,0.0,0.0,0.0,0.0,0.4519851211973477,0.4459217215895772,0.0,0.0,0.0,0.5505332406681385,0.0,0.5174461468162643,0.0,0.4878477578297576,0.0,0.3537952915245368,0.0,0.0,0.4870275938475527,0.4483562098460807,0.0,0.4747993171423438,0.0,0.4884751951513426,0.4000667589493891,0.4649950624999031,0.5288109138932888,0.0,0.4845297296871989,0.4781091763827057,0.5356208891892807,0.4768571142446353,0.5171938216692553,0.0,0.4849269072381988
0.4304693796495598,0.4313543842811655,0.4675613172236743,0.2716306284433083,0.3426031338912854,0.4222617966829741,0.386782549262233,0.4085071270990223,0.434733433616789,0.3403692351782698,0.3989933312279692,0.2457152601938454,0.4051691671786464,0.2409168473701984,0.4279908998800476,0.4385258742184902,0.4008682453142969,0.4232588167446638,0.4209132361653479,0.4231143098394714,0.4279193165707772,0.4290094438884219,0.4222936425740128,0.2890045941267302,0.4162987834892805,0.4364697404058602,0.4254918405440829,0.4022509871590516,0.424012061119925,0.4034712044468853,0.3529132364339418,0.0,0.3353468990320787,0.3477049773458379,0.3759773135134711,0.2854005698135203,0.3062557262179134,0.2537395987969564,0.3212252137698904,0.3562164534744022,0.3610288712618189,0.3587937887483981,0.3454637590631668,0.2954964640992686,0.3073080778634381,0.4615725350933586,0.4819257166487127,0.5217431986829534,0.0,0.0,0.5028204187131641,0.0,0.4717512855312668,0.4476468891214247,0.3596171371034316,0.0,0.2903469541727225,0.5266814312728264,0.0,0.5065806355411515,0.5220621152800619,0.0,0.4539854666440433,0.0,0.4955489258343821,0.4832919598491605,0.4756146762946837,0.5123972537986563,0.0,0.4896578394273805,0.4968633556839196,0.5066780628245715,0.392987085031064,0.4956981544498704,0.0,0.4703794849506696
0.3695812474094984,0.3810748352094693,0.0,0.0,0.0,0.3777513676401498,0.3645205570677361,0.5096761027714641,0.3694677667857685,0.3684502385744448,0.3242741673103759,0.2833417193752556,0.3811507090581367,0.0,0.4111144410057158,0.394720562760141,0.3670089365244816,0.3646854562474324,0.0,0.3813842284654601,0.398719614465976,0.394264398178245,0.4071760289935701,0.2413485598517712,0.3405339183852221,0.3840109465020078,0.3917010968728137,0.3672675216451265,0.365720085895253,0.0,0.3356629364059357,0.3353468990320787,0.0,0.2648425221189259,0.4450948469699243,0.4769823566834872,0.2747639028967971,0.1933838516747259,0.2540850977048474,0.3135085055344788,0.3718552292228725,0.359742487033885,0.0,0.0,0.2900734334133216,0.4460618789428721,0.4691599624676806,0.0,0.0,0.0,0.0,0.0,0.0,0.0,0.3907452449630083,0.0,0.3848174193017809,0.0,0.0,0.5009622394887464,0.46738768862404,0.4142910234640694,0.517026130686472,0.0,0.4663859048115094,0.4609313415336921,0.4777395042715329,0.0,0.3440097523628418,0.470491857745744,0.4827030701812146,0.0,0.0,0.468495254877919,0.0,0.4120679191678681
0.4200775605937238,0.3949763962941345,0.4824511874675028,0.2195140609471431,0.4208332747706985,0.4428234112930299,0.4091992824051964,0.4541074391194763,0.461357149426768,0.3639726372175527,0.4369033138272905,0.2673425877077347,0.4142120883255175,0.4422900397189278,0.4204779823400537,0.396090350629745,0.3878234587899836,0.3988366081631356,0.4517689519573794,0.4016487101392063,0.4020219563454963,0.3924173810559679,0.4508153610533595,0.2939762783577223,0.3888506967927866,0.404068576064739,0.4297517120068459,0.4085165569961974,0.4014503767501404,0.3733170121399546,0.2904602482517219,0.3477049773458379,0.2648425221189259,0.0,0.3498340334643304,0.4143778049398114,0.3374489951975836,0.2366560746402958,0.3680862122124248,0.4174352811102246,0.4035873131506167,0.3764103230801017,0.2754266915026295,0.0,0.3099507478873748,0.4506769242917668,0.4679336765869681,0.0,0.0,0.0,0.5462467042882905,0.0,0.4780065321420479,0.0,0.4532639796484978,0.0,0.3091234110022863,0.0,0.0,0.492080467957643,0.4694811596409108,0.0,0.4834025205602218,0.0,0.4859317377251609,0.4658873586255727,0.468957968118326,0.5268282068988,0.4434514468446092,0.4773274752906642,0.4967554561243262,0.518017539706463,0.4535011055517224,0.5095294030982129,0.0,0.4637417969429739
0.4881862825161667,0.4876778252260382,0.4431430618294868,0.279682676676203,0.3981670561609616,0.4457416779241933,0.3588899369229339,0.4605181216612261,0.4483109730188944,0.3765439634177583,0.4107568826109058,0.3393004406561466,0.4101060350926587,0.0,0.4747694146223513,0.4568982524529896,0.4217223227830708,0.4658786396404416,0.4272125247612355,0.4524870467588093,0.47487746856028,0.4587728089318675,0.4666172296315523,0.3797918268530966,0.4286436675272869,0.4590109448763063,0.4543302965109884,0.3884388312228145,0.4462543337806878,0.4180082210757831,0.2889208076313865,0.3759773135134711,0.4450948469699243,0.3498340334643304,0.0,0.424355237517841,0.3517807862612347,0.2796154650814177,0.3297077973655848,0.3235304396281311,0.380214200810559,0.3780975738457036,0.2933817185785499,0.2957717272712389,0.3386944744240003,0.0,0.4959155516346821,0.0,0.0,0.0,0.0,0.0,0.0,0.0,0.0,0.0,0.3004071898520489,0.0,0.0,0.5213970569527228,0.493724173904249,0.0,0.4832297944385088,0.0,0.4908247857804418,0.0,0.5015883534955707,0.4995222036847764,0.0,0.5072929678422804,0.5201162657314065,0.0,0.0,0.4964207909788845,0.0,0.0
0.0,0.0,0.4302573100051123,0.2022608519764288,0.2409519225271492,0.4476943135364023,0.3123584038922137,0.2553684250109892,0.4057436977922087,0.3136898313981447,0.3418192799408736,0.3130568624750676,0.3685631938619378,0.2221237721056725,0.5184235867862687,0.0,0.0,0.0,0.3868967604403974,0.4951150458900813,0.5065356917377675,0.5042217004529309,0.4378850987588383,0.342594603295259,0.0,0.5000110082001837,0.4820853655696085,0.2623693635172319,0.4952282408719232,0.0,0.4176027111932815,0.2854005698135203,0.4769823566834872,0.4143778049398114,0.424355237517841,0.0,0.2107432189509845,0.2807352783738669,0.3132901190752548,0.0,0.3195619185203984,0.3450235836457022,0.3813705444320777,0.2749785825363103,0.0,0.0,0.0,0.4759280595597746,0.0,0.0,0.4504190533000689,0.3616858330776393,0.4269419149813047,0.0,0.0,0.4263032411843756,0.0,0.4312061593871021,0.4580456610934673,0.0,0.0,0.0,0.0,0.4246061101474327,0.0,0.0,0.0,0.4998455256389305,0.0,0.0,0.0,0.5072667273207729,0.3253064715011682,0.4777212923466209,0.0,0.0
0.0,0.0,0.4427710665105193,0.1795337058374302,0.2226542656220513,0.4503253185154396,0.2643822065749889,0.4469643047324509,0.4491289736226457,0.2850054308550835,0.4007692445003582,0.3044137721851495,0.3575307869802536,0.182848145244841,0.0,0.0,0.0,0.0,0.4195357790446846,0.4413703005761848,0.0,0.4530342831246522,0.4590607864803758,0.0,0.0,0.0,0.4538115214435564,0.2852222549532452,0.4337030008606092,0.0,0.3347390905307157,0.3062557262179134,0.2747639028967971,0.3374489951975836,0.3517807862612347,0.2107432189509845,0.0,0.2908954848741308,0.2925336477125713,0.0,0.398674918459369,0.332386951202175,0.0,0.0,0.0,0.0,0.0,0.0,0.0,0.0,0.0,0.0,0.0,0.0,0.0,0.0,0.0,0.0,0.0,0.0,0.0,0.0,0.0,0.0,0.0,0.0,0.0,0.0,0.0,0.0,0.0,0.0,0.0,0.0,0.0,0.0
0.0,0.0,0.0,0.0,0.3643381188188047,0.0,0.3494040063569395,0.0,0.4399096257199384,0.3412945166006056,0.3708986536951397,0.2487093911485306,0.3770656177429493,0.0,0.0,0.0,0.363361884116228,0.0,0.0,0.0,0.0,0.0,0.0,0.2572405036967602,0.3734027114067181,0.4062893581279907,0.0,0.3637583813234036,0.0,0.0,0.3035913221485844,0.2537395987969564,0.1933838516747259,0.2366560746402958,0.2796154650814177,0.2807352783738669,0.2908954848741308,0.0,0.2371251275909073,0.2889601052137896,0.3408469372236972,0.3219635425283568,0.0,0.0,0.2899611768872062,0.0,0.0,0.0,0.0,0.0,0.0,0.0,0.0,0.0,0.3701796968150623,0.0,0.3530374090940514,0.0,0.0,0.0,0.0,0.0,0.0,0.0,0.0,0.0,0.0,0.0,0.3346357499422975,0.0,0.4385111177438643,0.0,0.0,0.0,0.0,0.0
0.4565443505268191,0.4718391795694266,0.5236690316602085,0.0,0.0,0.512891057795433,0.0,0.4829589678991146,0.4569346324793401,0.4264551508960013,0.3973814597870696,0.2405872730020299,0.4723508625727302,0.0,0.4899963411108584,0.466236414839689,0.0,0.445073927402749,0.4683533187977636,0.4775856420497431,0.4679385923134476,0.4640862729471028,0.5284180634226644,0.4790054605532602,0.4659245889632985,0.4843847785923589,0.5204314768198933,0.446967126432532,0.4931446285800738,0.5089040327763876,0.3950857364032309,0.3212252137698904,0.2540850977048474,0.3680862122124248,0.3297077973655848,0.3132901190752548,0.2925336477125713,0.2371251275909073,0.0,0.3271843498842799,0.3747678735391402,0.3714337373676724,0.2980475503522954,0.3062305005169949,0.2570184652339471,0.4166832706634764,0.3957307382431905,0.4298899575279984,0.3010570091818029,0.3788247228540179,0.4363421882355987,0.4141282022201731,0.4229823547159284,0.4397125519781517,0.3476897983190631,0.3891696201914005,0.2594832859986988,0.4327498515613046,0.2962744380531111,0.4385664730408262,0.4353617306963768,0.4343266157200554,0.4345521830051748,0.407814018017829,0.4338209320551728,0.4270527471392262,0.4253118382296836,0.4333042649836444,0.3714763769504982,0.4141533167483185,0.4313411194449126,0.439671139539521,0.3545881744207384,0.4337254740075065,0.4391576345738147,0.3808354215186676
0.4386215113796182,0.4691526940921749,0.0,0.0,0.0,0.0,0.0,0.0,0.0,0.4224041833685065,0.0,0.447141407633624,0.0,0.0,0.4814369396320627,0.4676600243948529,0.4261412125758121,0.4408377764178521,0.0,0.4429349015630358,0.4514746654344225,0.443046788292405,0.5229091670563552,0.4208294878263512,0.455174775342999,0.4723211254320982,0.0,0.0,0.0,0.0,0.4564599391859361,0.3562164534744022,0.3135085055344788,0.4174352811102246,0.3235304396281311,0.0,0.0,0.2889601052137896,0.3271843498842799,0.0,0.2819854474170187,0.4249167701807206,0.4802395391012742,0.2491707456327778,0.2324339964203636,0.3391645494969346,0.3452575036253908,0.0,0.0,0.0,0.4123561817630383,0.3617379020456866,0.4216199262214265,0.4022774929865356,0.3623040684389343,0.4018258400548127,0.282878409969948,0.413118753601738,0.0,0.4255581022155698,0.3817642322158484,0.366152980636006,0.3628528093487104,0.0,0.3890406927760645,0.4121201028391008,0.3869773290631463,0.4323221694426481,0.3148710653558298,0.339983562451874,0.3899140479531196,0.4061968611859261,0.3396508497230738,0.3571048346397787,0.4785271835320504,0.3237234993846928
0.4544146356052675,0.4721015906079213,0.0,0.0,0.0,0.5236629759642631,0.0,0.0,0.0,0.4090965581903256,0.0,0.4240404667373193,0.0,0.0,0.4965678730739465,0.4753089708202829,0.440127191566505,0.4540471373759908,0.0,0.4839169411763059,0.4776587129360924,0.4712614792815018,0.5395841643614321,0.4117282401179005,0.4612937194454212,0.4890950762065408,0.5389762558415048,0.4266637524820122,0.4893715064225915,0.0,0.4193378704273845,0.3610288712618189,0.3718552292228725,0.4035873131506167,0.380214200810559,0.3195619185203984,0.398674918459369,0.3408469372236972,0.3747678735391402,0.2819854474170187,0.0,0.4098417600534347,0.4449071666605179,0.3302672343063272,0.248731638620017,0.3840660092559954,0.375104977085389,0.463881520759967,0.3465694423854424,0.4151461389077073,0.4444825629990246,0.4123604507684221,0.4712807999695356,0.4690538914973329,0.3696507262920966,0.4425576199598479,0.2589949611644195,0.4303761712873952,0.4031655089441018,0.4458890605753281,0.4065262644979489,0.3967054929030971,0.4010588862917922,0.4489112721516063,0.4179713267268566,0.458770512073006,0.4130157294103324,0.4634235642236877,0.317868612291087,0.3824793423662997,0.414352437760809,0.442801710179368,0.3883874601345956,0.4128383399903177,0.410492436506919,0.26613530183806
