0.0,0.3902766874496826,0.0,0.0,0.0,0.4465728445783369,0.0,0.4803415302218578,0.0,0.3107806277714255,0.0,0.3448721028048775,0.0,0.0,0.4010075873405667,0.4062622304801688,0.0,0.3828216232806214,0.0,0.4254002620970646,0.399332641796657,0.3896005852110725,0.4626153882883046,0.3877102580451364,0.3642846361900679,0.3493703980394905,0.4566490150530135,0.0,0.4033864197604849,0.0,0.3397247971793486,0.3831403677599448,0.3451970620224945,0.3249735299663564,0.3616261207420375,0.0,0.0,0.0,0.4226703183976247,0.4226846756240861,0.4244592771036614,0.0,0.0,0.0,0.0,0.3831559014603865,0.4553470967533416,0.0,0.0,0.0,0.0,0.0,0.0,0.0,0.0,0.0,0.0,0.0,0.0,0.0,0.4416907704845707,0.0,0.4253706550762722,0.0,0.0,0.3561424701938356,0.4507728362242953,0.0,0.0,0.4364236415863518,0.4339707946882806,0.0,0.0,0.0,0.0,0.0
0.3902766874496826,0.0,0.0,0.0,0.3439147319031434,0.3811105739660317,0.3806458440298929,0.4373121896261737,0.3439859044232277,0.0,0.0,0.0,0.4085027907114651,0.0,0.3923141242403883,0.3727184639952428,0.0,0.3820664948707472,0.0,0.4145741245482552,0.3887492145241057,0.3788726462195592,0.3865943254219573,0.0,0.3764296786564554,0.382611827564516,0.3915749006835896,0.4143733666881642,0.3850842506362754,0.0,0.3290635918597274,0.3789799138905834,0.3561349909199097,0.3382544262404729,0.3738782635818954,0.0,0.0,0.0,0.4370233531720934,0.433916145998038,0.4435862997003077,0.4601464513169717,0.0,0.0,0.0,0.4360189068232178,0.4595508343151888,0.0,0.0,0.0,0.0,0.0,0.0,0.0,0.0,0.0,0.0,0.0,0.0,0.4720425575738994,0.4397356533414586,0.0,0.4311522985731053,0.0,0.4498555199002164,0.4352576023066212,0.4672795872326143,0.4633836720629777,0.0,0.4472767078316038,0.4649506372518643,0.4453171909173221,0.0,0.4506655545029889,0.0,0.4236006375258161
0.0,0.0,0.0,0.0,0.3814229171304808,0.4001713154935608,0.4301192090683556,0.4519399898331646,0.298793917635549,0.3957627602535867,0.3155881045367494,0.0,0.4511827356829426,0.3957489496658082,0.0,0.0,0.0,0.0,0.249082421473499,0.0,0.0,0.0,0.2621191714784356,0.0,0.0,0.0,0.3388753367703825,0.4416737219073971,0.0,0.0,0.4580984330520961,0.4334179853482038,0.0,0.4559610631673066,0.4428506105925067,0.3879905821500293,0.4006192686304456,0.0,0.490843735640304,0.0,0.0,0.0,0.502540331575354,0.0,0.0,0.0,0.0,0.2884849930409918,0.0,0.4409107205017814,0.5244182972428468,0.0,0.5265742476313887,0.5359120512499044,0.0,0.3754358999294357,0.0,0.0,0.5220179252279817,0.0,0.0,0.0,0.0,0.2643108344030316,0.0,0.0,0.0,0.5377030413743114,0.0,0.0,0.0,0.5506103710013791,0.0,0.0,0.0,0.0
0.0,0.0,0.0,0.0,0.2068426588696662,0.3909716069421972,0.2387477165571506,0.3465525189621167,0.4082099005155152,0.2412730517925616,0.3541222334858515,0.0,0.2947147903653918,0.2589131298603355,0.0,0.0,0.0,0.0,0.3987879737677394,0.0,0.0,0.0,0.4130007904798782,0.0,0.0,0.0,0.4162473687894575,0.2710131265530984,0.0,0.0,0.0,0.2897605529477453,0.0,0.2293433737630722,0.3464049369556156,0.180078033920403,0.1726465077574369,0.0,0.0,0.0,0.0,0.0,0.0,0.0,0.0,0.0,0.0,0.0,0.0,0.0,0.0,0.0,0.0,0.0,0.0,0.0,0.0,0.0,0.0,0.0,0.0,0.0,0.0,0.0,0.0,0.0,0.0,0.0,0.0,0.0,0.0,0.0,0.0,0.0,0.0,0.0
0.0,0.3439147319031434,0.3814229171304808,0.2068426588696662,0.0,0.3898042869758486,0.3176077487915357,0.3686628440033597,0.351047996989841,0.3423621154933726,0.3192868205729776,0.0,0.3624766800095444,0.2491997936534219,0.0,0.0,0.0,0.0,0.3737477350633781,0.4039098992755532,0.0,0.4028431443673719,0.3894177485787297,0.0,0.0,0.0,0.3936435758492123,0.3930866973406125,0.3738397618554573,0.0,0.4407357364523087,0.3667963830329284,0.3702244059345275,0.4258784000713462,0.4030547846080259,0.2518672019021211,0.2059058279228069,0.4048812052753474,0.0,0.0,0.0,0.0,0.0,0.0,0.0,0.0,0.0,0.4966608426895406,0.0,0.0,0.0,0.0,0.0,0.4742716886323749,0.0,0.4403823725884327,0.0,0.0,0.0,0.0,0.0,0.0,0.0,0.0,0.0,0.0,0.0,0.4842026556803395,0.0,0.0,0.0,0.4376040250618127,0.0,0.0,0.0,0.0
0.4465728445783369,0.3811105739660317,0.4001713154935608,0.3909716069421972,0.3898042869758486,0.0,0.3961666223614374,0.4040963223242325,0.3579060291003886,0.4247911542429258,0.3901062969679711,0.0,0.3973048941509536,0.4095140302138798,0.3920757614538698,0.3966471211829153,0.0,0.3832373418132512,0.3985477482371533,0.4036322638728922,0.4324694382417058,0.4029773994456265,0.4110393857400123,0.0,0.3790982289728871,0.4043607804066912,0.3844256598183294,0.3962035760932548,0.340691338174202,0.3844210558227128,0.4299726406290416,0.3919872718805542,0.3292477373518714,0.4353280453793219,0.4362040464058042,0.4021297881121291,0.4133815291638225,0.0,0.4870516396029931,0.0,0.5316323996990463,0.4347815226723721,0.3981327867979112,0.0,0.0,0.0,0.0,0.5200114679393467,0.0,0.0,0.4923432318257811,0.4955263334769915,0.4660517461439136,0.5236124842237724,0.0,0.4975863760179961,0.0,0.5043054792275474,0.0,0.4280828081707495,0.0,0.0,0.0,0.5223501203362092,0.4471343010460594,0.435719485855398,0.4042259410285831,0.5154119203127867,0.0,0.0,0.0,0.5044875051608982,0.5137005572684166,0.4814522303443995,0.0,0.5175216118832628
0.0,0.3806458440298929,0.4301192090683556,0.2387477165571506,0.3176077487915357,0.3961666223614374,0.0,0.4038828856397408,0.3762725083519335,0.4719545933001074,0.4398986492094896,0.0,0.3191695440428425,0.3645381195903023,0.0,0.4198029800277568,0.0,0.4420011019283573,0.4371850642003898,0.4326865450720779,0.0,0.4397673696978318,0.4068132278496329,0.0,0.0,0.0,0.4103535503095147,0.4072328198366917,0.4288972959815753,0.0,0.4131447315745473,0.3983781956404515,0.3762124882463761,0.4089229310104414,0.4145367487352036,0.2951616377251563,0.2432929826024653,0.0,0.0,0.0,0.0,0.0,0.0,0.0,0.0,0.0,0.0,0.0,0.0,0.0,0.4201561555320894,0.0,0.0,0.0,0.0,0.0,0.0,0.0,0.0,0.0,0.0,0.0,0.0,0.0,0.0,0.0,0.0,0.4904502756654215,0.0,0.0,0.0,0.4525241569503321,0.0,0.0,0.0,0.0
0.4803415302218578,0.4373121896261737,0.4519399898331646,0.3465525189621167,0.3686628440033597,0.4040963223242325,0.4038828856397408,0.0,0.4862027443923042,0.3714173496493941,0.3579997603281292,0.0,0.4241776637991556,0.3402287097875884,0.0,0.4359530357670141,0.0,0.4306241882684161,0.4390577996957782,0.4123990091303305,0.3899881887138408,0.4133078710613132,0.3826739494216798,0.4976916086683669,0.4633417079504789,0.4540488166826016,0.4449275535307827,0.4265865977313124,0.3920039819689435,0.4046497588441394,0.4390465576341326,0.3712965419622047,0.4130990027104886,0.4403097492100778,0.443311161247308,0.2410211135683917,0.3842127557206475,0.0,0.4668387245655319,0.0,0.5149061458480435,0.0,0.4315714676371227,0.0,0.0,0.0,0.0,0.5230202668322529,0.0,0.4972370261112129,0.4697484968158034,0.5002337353580426,0.3951192680059787,0.5359689757923366,0.0,0.4963365350529328,0.0,0.4999060301915879,0.0,0.0,0.0,0.0,0.0,0.4941230237917406,0.500339861981972,0.4166752080829924,0.0,0.496204235305869,0.0,0.0,0.0,0.508115403278835,0.5039900964295931,0.4845214177428751,0.0,0.5060427053947953
0.0,0.3439859044232277,0.298793917635549,0.4082099005155152,0.351047996989841,0.3579060291003886,0.3762725083519335,0.4862027443923042,0.0,0.465644123608796,0.3100585417432061,0.4054989442276869,0.4134773586772016,0.4190112383201053,0.0,0.3620043401603494,0.0,0.0,0.2954039701282175,0.4058893711651827,0.0,0.3871624432166726,0.3816937808492659,0.0,0.0,0.0,0.3653943154545094,0.453705842332323,0.3910192833608915,0.4169944179631654,0.4697460290966939,0.4422092453097851,0.4081490266022511,0.4654364577340831,0.4684986897518225,0.4218962735755609,0.4393553324980501,0.4462914153323661,0.4775156147150976,0.0,0.0,0.0,0.5080295687138785,0.0,0.0,0.0,0.0,0.5183831242375543,0.0,0.0,0.5103064543418393,0.0,0.5483324453411506,0.5359097730878652,0.0,0.5347721362467741,0.0,0.0,0.5208570525368843,0.0,0.0,0.0,0.0,0.5411981252614863,0.0,0.0,0.0,0.5472081857300979,0.0,0.0,0.0,0.5400692546068754,0.0,0.0,0.0,0.0
0.3107806277714255,0.0,0.3957627602535867,0.2412730517925616,0.3423621154933726,0.4247911542429258,0.4719545933001074,0.3714173496493941,0.465644123608796,0.0,0.4343387301179527,0.2678881910751175,0.3989832874178277,0.3973611444705242,0.0,0.3423183660023376,0.2925358823941559,0.3301301523455117,0.4247346626235229,0.0,0.0,0.0,0.407051635586977,0.2968961096235886,0.3170903421356077,0.328965053709878,0.4152306132882097,0.3620026961508637,0.0,0.0,0.3056176764650392,0.3231199617641273,0.2857840225603073,0.2877675649398338,0.3186320883503423,0.304509307161867,0.2276872629608667,0.2653729065301364,0.2848817855360332,0.3323374962387459,0.3625830689438478,0.0,0.0,0.0,0.3203967181294485,0.0,0.0,0.0,0.0,0.0,0.0,0.0,0.0,0.0,0.4026338363398768,0.0,0.409241369049599,0.0,0.0,0.0,0.0,0.4184755139019556,0.413148650300547,0.0,0.0,0.0,0.0,0.0,0.3914153759326035,0.4366505964012404,0.4346418492090438,0.0,0.0,0.0,0.0,0.3901014930207477
0.0,0.0,0.3155881045367494,0.3541222334858515,0.3192868205729776,0.3901062969679711,0.4398986492094896,0.3579997603281292,0.3100585417432061,0.4343387301179527,0.0,0.406171176299967,0.4570791523326558,0.3146221107962154,0.0,0.0,0.0,0.0,0.270045861761376,0.0,0.0,0.0,0.3137297919393252,0.0,0.0,0.0,0.3996613407539481,0.4502336791324604,0.0,0.0,0.4673177782381741,0.3991812870683763,0.3946925785629305,0.4594171330498731,0.4419808731543929,0.274880794581184,0.4169710228663754,0.4071031778512091,0.4125604015325842,0.0,0.0,0.0,0.4302512854906046,0.0,0.0,0.0,0.0,0.3852037618848182,0.0,0.3941445337339691,0.4611276576198415,0.4246144906592801,0.4837460652427059,0.4369143060398877,0.0,0.3104301573591863,0.0,0.4022065432035604,0.4787476970276421,0.0,0.0,0.0,0.0,0.2896133821772967,0.0,0.0,0.0,0.5250894941065581,0.0,0.0,0.0,0.5072666781165512,0.0,0.0,0.0,0.0
0.3448721028048775,0.0,0.0,0.0,0.0,0.0,0.0,0.0,0.4054989442276869,0.2678881910751175,0.406171176299967,0.0,0.4271204040111871,0.0,0.0,0.0,0.3254248371908206,0.3125434166810025,0.0,0.0,0.0,0.0,0.0,0.2881724971165302,0.3140401731081151,0.3027406976240925,0.0,0.3966313479800399,0.0,0.0,0.3350364584525873,0.3910691792265549,0.2775799873049948,0.2633651227875778,0.1903761803332352,0.0,0.0,0.2369415658040098,0.4175711984500101,0.3579101323946595,0.4078991646513067,0.0,0.0,0.0,0.3130177946090235,0.0,0.0,0.0,0.0,0.0,0.0,0.0,0.0,0.0,0.4370453064039487,0.0,0.4128797697513519,0.0,0.0,0.0,0.0,0.4332777817087778,0.4200237991673719,0.0,0.0,0.0,0.0,0.0,0.4041491139403188,0.4457457203042279,0.4447648266515483,0.0,0.0,0.0,0.0,0.4238438930981818
0.0,0.4085027907114651,0.4511827356829426,0.2947147903653918,0.3624766800095444,0.3973048941509536,0.3191695440428425,0.4241776637991556,0.4134773586772016,0.3989832874178277,0.4570791523326558,0.4271204040111871,0.0,0.3807168328344217,0.40626294368661,0.4532240737489817,0.3982301980096333,0.4694845201094165,0.452789786028051,0.4427441421363223,0.4122379096219384,0.4552621889084106,0.4277757674917443,0.4223631356808043,0.4065643801151393,0.4096303373273202,0.4348067574196382,0.3697837887393395,0.4296704247063573,0.4088563472691612,0.4254153109116176,0.4170238970176734,0.4005018914159189,0.4172900403690756,0.3936267522863422,0.3550202488839213,0.3164606537276534,0.3934375821060263,0.4865360296432399,0.0,0.0,0.0,0.3770251258335558,0.0,0.0,0.0,0.0,0.45674222490811,0.0,0.0,0.4512356500809029,0.0,0.4700483497399847,0.0,0.0,0.0,0.0,0.0,0.0,0.0,0.0,0.0,0.0,0.0,0.0,0.0,0.0,0.5057765553781304,0.0,0.0,0.0,0.4952731535403585,0.0,0.4420914554505943,0.0,0.0
0.0,0.0,0.3957489496658082,0.2589131298603355,0.2491997936534219,0.4095140302138798,0.3645381195903023,0.3402287097875884,0.4190112383201053,0.3973611444705242,0.3146221107962154,0.0,0.3807168328344217,0.0,0.0,0.0,0.0,0.0,0.3862120039620035,0.0,0.433751360804725,0.0,0.3701877484242619,0.0,0.0,0.0,0.4196313178852238,0.3518833370168997,0.0,0.0,0.4355414481693607,0.2221841081807782,0.0,0.4077063860187508,0.0,0.1904175169017502,0.183215872699437,0.0,0.0,0.0,0.0,0.0,0.0,0.0,0.0,0.0,0.0,0.347584297322756,0.0,0.0,0.0,0.0,0.0,0.0,0.0,0.0,0.0,0.0,0.0,0.0,0.0,0.0,0.0,0.0,0.0,0.0,0.0,0.502136761535177,0.0,0.0,0.0,0.0,0.0,0.0,0.0,0.0
0.4010075873405667,0.3923141242403883,0.0,0.0,0.0,0.3920757614538698,0.0,0.0,0.0,0.0,0.0,0.0,0.40626294368661,0.0,0.0,0.4084064894753346,0.0,0.4004789004209693,0.0,0.3600143114462676,0.3920132633833771,0.3696857327050153,0.3517611195417493,0.4744183953937622,0.3800133269946247,0.38452115476998,0.3795253642756713,0.0,0.3962700833611234,0.0,0.3965697345454363,0.4043595694335006,0.389248536051082,0.4180051366355718,0.458707297793885,0.4992520924724703,0.0,0.0,0.4535168168395641,0.4723972887273705,0.4915201605954494,0.5116583468345963,0.0,0.0,0.0,0.0,0.4880708656695962,0.0,0.0,0.0,0.4440214583328633,0.0,0.0,0.0,0.0,0.0,0.0,0.0,0.0,0.483456110167122,0.4224563510026269,0.0,0.0,0.0,0.4719199785780255,0.4597183947614241,0.4934299451293281,0.4949858420498733,0.0,0.0,0.5181020718226623,0.4900258944066341,0.4683611512005,0.4749487759894691,0.0,0.4573756312867723
0.4062622304801688,0.3727184639952428,0.0,0.0,0.0,0.3966471211829153,0.4198029800277568,0.4359530357670141,0.3620043401603494,0.3423183660023376,0.0,0.0,0.4532240737489817,0.0,0.4084064894753346,0.0,0.3596867085287744,0.3564348712492467,0.0,0.4111003273083647,0.3942432235553411,0.3858773773533757,0.4182779050945938,0.3395912439550658,0.3881598098064358,0.3988616230217427,0.415725237365539,0.4331574445642281,0.4194475109437394,0.3889361495960487,0.3523726782317958,0.4086768491891609,0.377341051059987,0.3687746805698596,0.4244414999543229,0.0,0.0,0.0,0.4287764854970303,0.421075651875692,0.4322724566224044,0.4468545919101045,0.0,0.0,0.0,0.431467070664119,0.4524864699556029,0.0,0.0,0.0,0.0,0.0,0.0,0.0,0.0,0.0,0.0,0.0,0.0,0.4550062417270703,0.4367887657736654,0.0,0.4229352449891853,0.0,0.4274215640457634,0.0,0.4519275800885902,0.0,0.0,0.4489525130868173,0.4513001087431801,0.0,0.0,0.0,0.0,0.4172605920330782
0.0,0.0,0.0,0.0,0.0,0.0,0.0,0.0,0.0,0.2925358823941559,0.0,0.3254248371908206,0.3982301980096333,0.0,0.0,0.3596867085287744,0.0,0.3144604203839272,0.0,0.3234724421603094,0.0,0.3357302428137022,0.0,0.3361903442958492,0.3237074933295847,0.3267166590276343,0.0,0.3892874621717445,0.0,0.0,0.324196094332468,0.3810825434482769,0.3230868860028812,0.325700180983999,0.3373772029598237,0.0,0.0,0.2922709231271125,0.0,0.3504538488848613,0.4114775532387636,0.0,0.0,0.0,0.0,0.0,0.0,0.0,0.0,0.0,0.0,0.0,0.0,0.0,0.4292485840342058,0.0,0.4227862042685177,0.0,0.0,0.0,0.0,0.4107860830037705,0.4227030043856011,0.0,0.0,0.0,0.0,0.0,0.4188799724486087,0.4364181907015431,0.444951539762952,0.0,0.0,0.0,0.0,0.0
0.3828216232806214,0.3820664948707472,0.0,0.0,0.0,0.3832373418132512,0.4420011019283573,0.4306241882684161,0.0,0.3301301523455117,0.0,0.3125434166810025,0.4694845201094165,0.0,0.4004789004209693,0.3564348712492467,0.3144604203839272,0.0,0.0,0.4199773550818101,0.3874096258112621,0.3896927036795185,0.4047694793049551,0.3496896341196236,0.3553683481485536,0.361306885324229,0.424900243845817,0.439274335179035,0.4176560881174765,0.0,0.3446214883285262,0.3865424030276462,0.3509237202804921,0.3513174873569622,0.3774103175876514,0.0,0.0,0.0,0.4134607989618958,0.3972650755675201,0.4156424326071536,0.445129636777444,0.0,0.0,0.0,0.4300610533894572,0.4405104917335541,0.0,0.0,0.0,0.0,0.0,0.0,0.0,0.4181830566245303,0.0,0.422364376061527,0.0,0.0,0.0,0.426551561393477,0.4235855313908525,0.4188949252579845,0.0,0.0,0.0,0.4370260712222464,0.0,0.4094798999562568,0.4333285131988986,0.4382638469266161,0.0,0.0,0.0,0.0,0.4183206879088094
0.0,0.0,0.249082421473499,0.3987879737677394,0.3737477350633781,0.3985477482371533,0.4371850642003898,0.4390577996957782,0.2954039701282175,0.4247346626235229,0.270045861761376,0.0,0.452789786028051,0.3862120039620035,0.0,0.0,0.0,0.0,0.0,0.0,0.0,0.0,0.2604856632370646,0.0,0.0,0.0,0.3719032157451903,0.4470367798097781,0.0,0.0,0.4668306672424614,0.4297286999332627,0.0,0.4648459602505538,0.4529849711343439,0.3888207977872949,0.4241621900660026,0.0,0.4744411126698297,0.0,0.0,0.0,0.4770527076449982,0.0,0.0,0.0,0.0,0.2887046359825185,0.0,0.0,0.4898213066046565,0.0,0.5348013438156967,0.5403231031590043,0.0,0.3237346744214058,0.0,0.0,0.5524343667688953,0.0,0.0,0.0,0.0,0.2575102997223547,0.0,0.0,0.0,0.5320502510624998,0.0,0.0,0.0,0.5563220607605226,0.0,0.0,0.0,0.0
0.4254002620970646,0.4145741245482552,0.0,0.0,0.4039098992755532,0.4036322638728922,0.4326865450720779,0.4123990091303305,0.4058893711651827,0.0,0.0,0.0,0.4427441421363223,0.0,0.3600143114462676,0.4111003273083647,0.3234724421603094,0.4199773550818101,0.0,0.0,0.4078633920263443,0.3363877577231374,0.3461081548660216,0.0,0.3981198196560088,0.4105701660896295,0.3218497565712304,0.3969813245844582,0.3641525479926969,0.3544604806303414,0.3670872827887144,0.4148740499745007,0.401174188585955,0.4150762743718731,0.4663097946233211,0.5047224867925469,0.4417384546242874,0.0,0.4322552093160962,0.4269124861866634,0.4601668263212884,0.4653869448657873,0.0,0.0,0.0,0.0,0.4413865339034986,0.0,0.0,0.0,0.4313517369770805,0.0,0.0,0.0,0.0,0.0,0.0,0.0,0.0,0.4586773159811245,0.0,0.0,0.0,0.0,0.4584501962539207,0.431040462842117,0.4641923767873502,0.4827256289016565,0.0,0.0,0.4702451546871911,0.4764617166320371,0.468148909364843,0.4581265330086658,0.0,0.4385675463628004
0.399332641796657,0.3887492145241057,0.0,0.0,0.0,0.4324694382417058,0.0,0.3899881887138408,0.0,0.0,0.0,0.0,0.4122379096219384,0.433751360804725,0.3920132633833771,0.3942432235553411,0.0,0.3874096258112621,0.0,0.4078633920263443,0.0,0.4052457122945575,0.4079016124202623,0.4830792748425122,0.4035919058697425,0.3876137875944433,0.415008157986718,0.411126432211518,0.3928295126638455,0.3693739258117597,0.3725464789149532,0.3969618322554725,0.3738337363519105,0.3895095430791129,0.4376918215198693,0.0,0.0,0.0,0.45388402549273,0.4402081917755889,0.4647608967141568,0.4926480800714263,0.0,0.0,0.0,0.4374530920925851,0.4884551340229193,0.0,0.0,0.0,0.449745090539964,0.0,0.4303835616209754,0.0,0.0,0.0,0.0,0.0,0.0,0.4528946611704113,0.4395189227760053,0.0,0.0,0.0,0.4702905170692334,0.3838004805504876,0.4688494448181293,0.4974768461001983,0.0,0.3857559258061168,0.4804258983653438,0.4930614559790269,0.482870870950179,0.4713266660465653,0.0,0.4678947725275224
0.3896005852110725,0.3788726462195592,0.0,0.0,0.4028431443673719,0.4029773994456265,0.4397673696978318,0.4133078710613132,0.3871624432166726,0.0,0.0,0.0,0.4552621889084106,0.0,0.3696857327050153,0.3858773773533757,0.3357302428137022,0.3896927036795185,0.0,0.3363877577231374,0.4052457122945575,0.0,0.4188553886075999,0.0,0.3794953036776359,0.3879775248186064,0.4119759423949761,0.4403552544779724,0.4138276352942069,0.4156433706680901,0.3668231161296518,0.4097370204842929,0.3889254173439109,0.3986227817136069,0.4487024816523602,0.4760016792627019,0.4231441078186028,0.0,0.4525147315271621,0.4516719869965805,0.4758585668620442,0.4931017055091083,0.0,0.0,0.0,0.446616232194873,0.466114036687833,0.0,0.0,0.0,0.4220493314721018,0.0,0.0,0.0,0.0,0.0,0.0,0.0,0.0,0.4819569846086364,0.43723557603565,0.0,0.3652963656707818,0.0,0.4650679832978759,0.455001123441671,0.482487919495093,0.4850880864637505,0.0,0.3972015777581549,0.4877316204845339,0.4758526949315204,0.0,0.4672689985117348,0.0,0.4499471768531733
0.4626153882883046,0.3865943254219573,0.2621191714784356,0.4130007904798782,0.3894177485787297,0.4110393857400123,0.4068132278496329,0.3826739494216798,0.3816937808492659,0.407051635586977,0.3137297919393252,0.0,0.4277757674917443,0.3701877484242619,0.3517611195417493,0.4182779050945938,0.0,0.4047694793049551,0.2604856632370646,0.3461081548660216,0.4079016124202623,0.4188553886075999,0.0,0.4902634709522625,0.4133588417738782,0.4291979439349533,0.3538193626152571,0.4139435843892173,0.3855368352140116,0.3873459708490139,0.4056439128372827,0.3963210921734653,0.3692559224634167,0.4278441557386404,0.4492546483148227,0.3279590651365646,0.4274264569777297,0.0,0.5048874864119981,0.4944637697271831,0.5306708954999311,0.5205873018107945,0.4768894413143048,0.0,0.0,0.0,0.4584480027914061,0.4668733358232958,0.0,0.4996407284589307,0.5101282694429207,0.5303507593223566,0.4909920349392011,0.5443791520765114,0.0,0.3952401805100686,0.0,0.5209175345286275,0.5053010844470819,0.4931743462459699,0.0,0.0,0.0,0.3425281860664929,0.4939682758213193,0.5142050241688415,0.4790658986236822,0.5297048833554431,0.0,0.0,0.4568444616084207,0.5190121608691886,0.5151148266611442,0.4958757717540329,0.5174474631572926,0.5245399656095739
0.3877102580451364,0.0,0.0,0.0,0.0,0.0,0.0,0.4976916086683669,0.0,0.2968961096235886,0.0,0.2881724971165302,0.4223631356808043,0.0,0.4744183953937622,0.3395912439550658,0.3361903442958492,0.3496896341196236,0.0,0.0,0.4830792748425122,0.0,0.4902634709522625,0.0,0.3158590300711476,0.3180905878770351,0.4364644562167156,0.3972462917058932,0.0,0.0,0.3340652463832339,0.3805132515865105,0.2602321360595832,0.2572107925082873,0.2301365172693895,0.0,0.0,0.2589692411991994,0.4386502361612257,0.3310894028213954,0.3948379006767593,0.0,0.0,0.0,0.3192379548315942,0.4079316485440308,0.0,0.0,0.0,0.0,0.0,0.0,0.0,0.0,0.3834360928997672,0.0,0.4063809489151957,0.0,0.0,0.0,0.4282487194106814,0.4355239429827557,0.4284903443000455,0.0,0.0,0.0,0.0,0.0,0.3613907497755004,0.4404044288243215,0.4342558486523685,0.0,0.0,0.0,0.0,0.416501019239169
0.3642846361900679,0.3764296786564554,0.0,0.0,0.0,0.3790982289728871,0.0,0.4633417079504789,0.0,0.3170903421356077,0.0,0.3140401731081151,0.4065643801151393,0.0,0.3800133269946247,0.3881598098064358,0.3237074933295847,0.3553683481485536,0.0,0.3981198196560088,0.4035919058697425,0.3794953036776359,0.4133588417738782,0.3158590300711476,0.0,0.3459650893397833,0.3964573311066244,0.4020949870718695,0.3925710824010691,0.0,0.3324103499788402,0.3794218554832608,0.3099504306654663,0.325853251824909,0.3754612539427662,0.0,0.0,0.2792883224312056,0.4291103323640863,0.400182903184936,0.4160296515579298,0.4376950048477255,0.0,0.0,0.0,0.4066692830308034,0.4446879438193968,0.0,0.0,0.0,0.0,0.0,0.0,0.0,0.4286548583212946,0.0,0.4287772282391719,0.0,0.0,0.0,0.4290356172486855,0.429908111356933,0.4193536560198237,0.0,0.3898263074668711,0.3579497294717102,0.4216917855158352,0.0,0.3991066807172693,0.4341344244997931,0.4347922370211416,0.0,0.0,0.0,0.0,0.4187421435790261
0.3493703980394905,0.382611827564516,0.0,0.0,0.0,0.4043607804066912,0.0,0.4540488166826016,0.0,0.328965053709878,0.0,0.3027406976240925,0.4096303373273202,0.0,0.38452115476998,0.3988616230217427,0.3267166590276343,0.361306885324229,0.0,0.4105701660896295,0.3876137875944433,0.3879775248186064,0.4291979439349533,0.3180905878770351,0.3459650893397833,0.0,0.4133802798678296,0.3845031237154677,0.3908824537993235,0.0,0.3483263203230504,0.3906189388935949,0.336937789441859,0.3533497209489837,0.3994485903648692,0.4019552974171201,0.0,0.3021936567719932,0.434177964728641,0.4210763124493178,0.4473871121516918,0.4695294539345413,0.0,0.0,0.0,0.4191643257712605,0.4737955857054669,0.0,0.0,0.0,0.0,0.0,0.0,0.0,0.447525427499733,0.0,0.4421562119148951,0.0,0.0,0.4823350389210621,0.4482059594042392,0.4458437198079154,0.428682876405044,0.0,0.4742953461252998,0.4529115255467414,0.4889292578956388,0.4260649644566357,0.4118917884931689,0.4404342772953326,0.4582747130621438,0.4525731270912736,0.0,0.4483665037293022,0.0,0.425588162430653
0.4566490150530135,0.3915749006835896,0.3388753367703825,0.4162473687894575,0.3936435758492123,0.3844256598183294,0.4103535503095147,0.4449275535307827,0.3653943154545094,0.4152306132882097,0.3996613407539481,0.0,0.4348067574196382,0.4196313178852238,0.3795253642756713,0.415725237365539,0.0,0.424900243845817,0.3719032157451903,0.3218497565712304,0.415008157986718,0.4119759423949761,0.3538193626152571,0.4364644562167156,0.3964573311066244,0.4133802798678296,0.0,0.429517331044227,0.3551040430586434,0.3905624781243686,0.4114086342221695,0.4038755416075165,0.3712878919612855,0.4316574675315941,0.4401559713929755,0.4161852090916179,0.4240316290343148,0.0,0.4968619664885451,0.0,0.5343615755214085,0.5114962470582586,0.4928895217243771,0.0,0.0,0.0,0.4046809103585569,0.5215916497443498,0.0,0.0,0.5017653813830733,0.52488041631265,0.5068143056298011,0.5380283632344397,0.0,0.5229324209060333,0.0,0.5342279213807195,0.5192541420379195,0.4660237103435282,0.0,0.0,0.0,0.5390060511803549,0.4797666572813666,0.4684168345738472,0.4207003616987528,0.5284878934413854,0.0,0.0,0.4249512770244251,0.5145428293724914,0.5172193580776439,0.4816882936002972,0.4944142501332863,0.5156470270085417
0.0,0.4143733666881642,0.4416737219073971,0.2710131265530984,0.3930866973406125,0.3962035760932548,0.4072328198366917,0.4265865977313124,0.453705842332323,0.3620026961508637,0.4502336791324604,0.3966313479800399,0.3697837887393395,0.3518833370168997,0.0,0.4331574445642281,0.3892874621717445,0.439274335179035,0.4470367798097781,0.3969813245844582,0.411126432211518,0.4403552544779724,0.4139435843892173,0.3972462917058932,0.4020949870718695,0.3845031237154677,0.429517331044227,0.0,0.3441765865034361,0.3230603537539185,0.3946984292269617,0.384239943877408,0.4110013805903093,0.4023403787544633,0.3615121151428356,0.333871691728097,0.2972448282503847,0.3694766283062727,0.4182081225023141,0.0,0.3709052793027897,0.0,0.3987311659519753,0.0,0.0,0.0,0.0,0.0,0.0,0.0,0.487695020432972,0.0,0.4871696443061272,0.0,0.0,0.0,0.0,0.0,0.0,0.4665007103101068,0.0,0.0,0.0,0.0,0.4594704527473855,0.4647153959271773,0.0,0.5090501197169558,0.0,0.0,0.0,0.4939334449029172,0.4832656811304004,0.4767267964406101,0.0,0.4970057266410129
0.4033864197604849,0.3850842506362754,0.0,0.0,0.3738397618554573,0.340691338174202,0.4288972959815753,0.3920039819689435,0.3910192833608915,0.0,0.0,0.0,0.4296704247063573,0.0,0.3962700833611234,0.4194475109437394,0.0,0.4176560881174765,0.0,0.3641525479926969,0.3928295126638455,0.4138276352942069,0.3855368352140116,0.0,0.3925710824010691,0.3908824537993235,0.3551040430586434,0.3441765865034361,0.0,0.3512013578930567,0.3795648659648899,0.394351151839754,0.3837080006088958,0.4257198098629161,0.4698836250257817,0.4988288241584047,0.4070112802771939,0.0,0.4529348660625386,0.0,0.487553859374572,0.4645922438923321,0.0,0.0,0.0,0.0,0.4206950499776151,0.0,0.0,0.0,0.4561771828055599,0.0,0.4638561340867642,0.0,0.0,0.0,0.0,0.4641023799534201,0.0,0.461384570384325,0.0,0.0,0.0,0.0,0.4634469732046282,0.4636604556731978,0.4406275370664084,0.4910100042373783,0.0,0.0,0.4224837299785135,0.4795840157256967,0.4874376261633806,0.4669516926492336,0.0,0.4737558494073102
0.0,0.0,0.0,0.0,0.0,0.3844210558227128,0.0,0.4046497588441394,0.4169944179631654,0.0,0.0,0.0,0.4088563472691612,0.0,0.0,0.3889361495960487,0.0,0.0,0.0,0.3544604806303414,0.3693739258117597,0.4156433706680901,0.3873459708490139,0.0,0.0,0.0,0.3905624781243686,0.3230603537539185,0.3512013578930567,0.0,0.3397492655289429,0.395909109114942,0.0,0.3851664973939837,0.416853304028219,0.0,0.0,0.0,0.47479664115213,0.0,0.0,0.0,0.0,0.0,0.0,0.0,0.0,0.0,0.0,0.0,0.0,0.0,0.0,0.0,0.0,0.0,0.0,0.0,0.0,0.0,0.0,0.0,0.0,0.0,0.0,0.0,0.0,0.4984108245534138,0.0,0.0,0.0,0.4853027601673681,0.0,0.0,0.0,0.0
0.3397247971793486,0.3290635918597274,0.4580984330520961,0.0,0.4407357364523087,0.4299726406290416,0.4131447315745473,0.4390465576341326,0.4697460290966939,0.3056176764650392,0.4673177782381741,0.3350364584525873,0.4254153109116176,0.4355414481693607,0.3965697345454363,0.3523726782317958,0.324196094332468,0.3446214883285262,0.4668306672424614,0.3670872827887144,0.3725464789149532,0.3668231161296518,0.4056439128372827,0.3340652463832339,0.3324103499788402,0.3483263203230504,0.4114086342221695,0.3946984292269617,0.3795648659648899,0.3397492655289429,0.0,0.3889656553890542,0.2908438588626969,0.2750874107968987,0.2902250136378419,0.4078623195082184,0.4019948386526539,0.3027178833725149,0.4558572005089276,0.3679677697329417,0.4168732245681114,0.0,0.0,0.0,0.0,0.3709266138129606,0.4264783080139082,0.0,0.0,0.0,0.5104243564804978,0.0,0.4945260020332882,0.0,0.3704691942828674,0.0,0.3871936886873304,0.0,0.0,0.4601582524548218,0.4099828800504267,0.0,0.4010168558121374,0.0,0.4554712960747027,0.3834520685868138,0.4550874825778689,0.5269791908659469,0.398320259142156,0.4219639463122821,0.4359242997669552,0.510497639317658,0.4998323221446594,0.473726591516621,0.0,0.4442212729193058
0.3831403677599448,0.3789799138905834,0.4334179853482038,0.2897605529477453,0.3667963830329284,0.3919872718805542,0.3983781956404515,0.3712965419622047,0.4422092453097851,0.3231199617641273,0.3991812870683763,0.3910691792265549,0.4170238970176734,0.2221841081807782,0.4043595694335006,0.4086768491891609,0.3810825434482769,0.3865424030276462,0.4297286999332627,0.4148740499745007,0.3969618322554725,0.4097370204842929,0.3963210921734653,0.3805132515865105,0.3794218554832608,0.3906189388935949,0.4038755416075165,0.384239943877408,0.394351151839754,0.395909109114942,0.3889656553890542,0.0,0.3342907607686149,0.3557912778638323,0.3734426598667144,0.301650063330644,0.3051841057103209,0.2585763913056311,0.3052388175615293,0.2933414800440619,0.332626686656145,0.3317343779341948,0.3003447089918299,0.2971498422981331,0.2552131729941996,0.3840718246078152,0.4427563410015376,0.4941588562869415,0.0,0.0,0.4889554238106106,0.0,0.4630866222700802,0.4642931530496336,0.0,0.432252157503755,0.0,0.3917052745191375,0.0,0.4599681309422138,0.389892384433802,0.0,0.3880292891006199,0.470468422953169,0.4547053316839332,0.4465420410830344,0.4589587697308753,0.5060163920276097,0.0,0.4050364352516656,0.4269990880780419,0.4960603200107303,0.3739816891770128,0.4751902480811648,0.0,0.4488267227865901
0.3451970620224945,0.3561349909199097,0.0,0.0,0.3702244059345275,0.3292477373518714,0.3762124882463761,0.4130990027104886,0.4081490266022511,0.2857840225603073,0.3946925785629305,0.2775799873049948,0.4005018914159189,0.0,0.389248536051082,0.377341051059987,0.3230868860028812,0.3509237202804921,0.0,0.401174188585955,0.3738337363519105,0.3889254173439109,0.3692559224634167,0.2602321360595832,0.3099504306654663,0.336937789441859,0.3712878919612855,0.4110013805903093,0.3837080006088958,0.0,0.2908438588626969,0.3342907607686149,0.0,0.2517521638748385,0.3983104209629238,0.2680830244358455,0.0,0.1938792984945019,0.2806292721888163,0.2533012798855123,0.3133369617602981,0.3646405947440669,0.0,0.0,0.2418831531834128,0.4021110301997417,0.4472040478659498,0.0,0.0,0.0,0.0,0.0,0.0,0.0,0.3383218882565246,0.0,0.3578371352237043,0.0,0.0,0.4680915490531637,0.4222779636054473,0.3618153452138767,0.3970706791377532,0.0,0.4582983569282842,0.0,0.4696311968574781,0.0,0.3468780832720455,0.4089670652978672,0.4046537339052042,0.4768082692041502,0.0,0.4444129516673599,0.0,0.3528762490125252
0.3249735299663564,0.3382544262404729,0.4559610631673066,0.2293433737630722,0.4258784000713462,0.4353280453793219,0.4089229310104414,0.4403097492100778,0.4654364577340831,0.2877675649398338,0.4594171330498731,0.2633651227875778,0.4172900403690756,0.4077063860187508,0.4180051366355718,0.3687746805698596,0.325700180983999,0.3513174873569622,0.4648459602505538,0.4150762743718731,0.3895095430791129,0.3986227817136069,0.4278441557386404,0.2572107925082873,0.325853251824909,0.3533497209489837,0.4316574675315941,0.4023403787544633,0.4257198098629161,0.3851664973939837,0.2750874107968987,0.3557912778638323,0.2517521638748385,0.0,0.275388092850851,0.3866383552829382,0.2482592455590789,0.2188748789830114,0.2932280494975128,0.2804713177903878,0.3108074188903106,0.4259531891214309,0.451571173443172,0.0,0.265807490458876,0.358300420293384,0.4431236796864943,0.0,0.0,0.0,0.5246804299622267,0.0,0.4891384765983755,0.0,0.3298256251441828,0.0,0.348703389363948,0.0,0.0,0.4711540824186775,0.4143042550013009,0.0,0.4021036459541894,0.0,0.4679338039305405,0.3872221459399762,0.470607526788827,0.5272516186120869,0.327015262012796,0.4138535572611257,0.444456510554132,0.5125643411641674,0.5316949568467771,0.4786923637391533,0.0,0.4989763876077822
0.3616261207420375,0.3738782635818954,0.4428506105925067,0.3464049369556156,0.4030547846080259,0.4362040464058042,0.4145367487352036,0.443311161247308,0.4684986897518225,0.3186320883503423,0.4419808731543929,0.1903761803332352,0.3936267522863422,0.0,0.458707297793885,0.4244414999543229,0.3373772029598237,0.3774103175876514,0.4529849711343439,0.4663097946233211,0.4376918215198693,0.4487024816523602,0.4492546483148227,0.2301365172693895,0.3754612539427662,0.3994485903648692,0.4401559713929755,0.3615121151428356,0.4698836250257817,0.416853304028219,0.2902250136378419,0.3734426598667144,0.3983104209629238,0.275388092850851,0.0,0.3954085123475786,0.3057489961362526,0.2481193194214487,0.3208849160739928,0.3051485429565185,0.3201114740787188,0.3509869968727168,0.3243140845437046,0.3248526626079496,0.0,0.0,0.4606620042736281,0.0,0.0,0.0,0.0,0.0,0.0,0.0,0.0,0.0,0.0,0.0,0.0,0.4895288204548755,0.413476780653626,0.0,0.4157863986395659,0.0,0.4757210019980208,0.0,0.4919629390531331,0.5295507487593433,0.0,0.4225176085139266,0.4604315555959306,0.5155404364557755,0.0,0.4717183616557296,0.0,0.0
0.0,0.0,0.3879905821500293,0.180078033920403,0.2518672019021211,0.4021297881121291,0.2951616377251563,0.2410211135683917,0.4218962735755609,0.304509307161867,0.274880794581184,0.0,0.3550202488839213,0.1904175169017502,0.4992520924724703,0.0,0.0,0.0,0.3888207977872949,0.5047224867925469,0.0,0.4760016792627019,0.3279590651365646,0.0,0.0,0.4019552974171201,0.4161852090916179,0.333871691728097,0.4988288241584047,0.0,0.4078623195082184,0.301650063330644,0.2680830244358455,0.3866383552829382,0.3954085123475786,0.0,0.1938112915793253,0.3302820806912128,0.2932747713771763,0.0,0.3150992659934127,0.3404770908399968,0.0,0.3053457877797204,0.0,0.0,0.0,0.4494681083436201,0.0,0.0,0.4361379292217223,0.0,0.0,0.4778088744838119,0.0,0.0,0.0,0.0,0.0,0.0,0.0,0.0,0.0,0.0,0.0,0.0,0.0,0.4761257012201579,0.0,0.0,0.0,0.4316732152141094,0.353026033230107,0.0,0.0,0.0
0.0,0.0,0.4006192686304456,0.1726465077574369,0.2059058279228069,0.4133815291638225,0.2432929826024653,0.3842127557206475,0.4393553324980501,0.2276872629608667,0.4169710228663754,0.0,0.3164606537276534,0.183215872699437,0.0,0.0,0.0,0.0,0.4241621900660026,0.4417384546242874,0.0,0.4231441078186028,0.4274264569777297,0.0,0.0,0.0,0.4240316290343148,0.2972448282503847,0.4070112802771939,0.0,0.4019948386526539,0.3051841057103209,0.0,0.2482592455590789,0.3057489961362526,0.1938112915793253,0.0,0.0,0.3067702623371425,0.0,0.3354332863200666,0.3186121801561585,0.0,0.0,0.0,0.0,0.0,0.0,0.0,0.0,0.0,0.0,0.0,0.0,0.0,0.0,0.0,0.0,0.0,0.0,0.0,0.0,0.0,0.0,0.0,0.0,0.0,0.0,0.0,0.0,0.0,0.0,0.0,0.0,0.0,0.0
0.0,0.0,0.0,0.0,0.4048812052753474,0.0,0.0,0.0,0.4462914153323661,0.2653729065301364,0.4071031778512091,0.2369415658040098,0.3934375821060263,0.0,0.0,0.0,0.2922709231271125,0.0,0.0,0.0,0.0,0.0,0.0,0.2589692411991994,0.2792883224312056,0.3021936567719932,0.0,0.3694766283062727,0.0,0.0,0.3027178833725149,0.2585763913056311,0.1938792984945019,0.2188748789830114,0.2481193194214487,0.3302820806912128,0.0,0.0,0.2421139878540807,0.2212026732101962,0.2797967321110759,0.0,0.0,0.0,0.2397758045769549,0.0,0.0,0.0,0.0,0.0,0.0,0.0,0.0,0.0,0.3134197403908795,0.0,0.3292873264460434,0.0,0.0,0.0,0.0,0.0,0.0,0.0,0.0,0.0,0.0,0.0,0.2959487097151731,0.0,0.3556551183590668,0.0,0.0,0.0,0.0,0.0
0.4226703183976247,0.4370233531720934,0.490843735640304,0.0,0.0,0.4870516396029931,0.0,0.4668387245655319,0.4775156147150976,0.2848817855360332,0.4125604015325842,0.4175711984500101,0.4865360296432399,0.0,0.4535168168395641,0.4287764854970303,0.0,0.4134607989618958,0.4744411126698297,0.4322552093160962,0.45388402549273,0.4525147315271621,0.5048874864119981,0.4386502361612257,0.4291103323640863,0.434177964728641,0.4968619664885451,0.4182081225023141,0.4529348660625386,0.47479664115213,0.4558572005089276,0.3052388175615293,0.2806292721888163,0.2932280494975128,0.3208849160739928,0.2932747713771763,0.3067702623371425,0.2421139878540807,0.0,0.3087477483969021,0.36214890365873,0.3695495860737798,0.2946544953023294,0.3058066271151022,0.2515410111274602,0.3756735022323693,0.3772361481879502,0.4436191293389233,0.2636631806788706,0.3692267846772161,0.3978394858788972,0.3953211930950529,0.3869223419725977,0.4519439592073292,0.3612372798054946,0.4089436692724496,0.2549214040048231,0.3980269539239474,0.2750985394561326,0.3957016111470125,0.3878928432444697,0.3910653405103421,0.394105139394276,0.4411912819078316,0.4087697535952992,0.3949633093971223,0.390991539871649,0.4078132186531802,0.340096222519998,0.3791141948114463,0.3701449977664056,0.4073269250138655,0.3844017814498287,0.3946752692946253,0.3850415485201705,0.3880483010573363
0.4226846756240861,0.433916145998038,0.0,0.0,0.0,0.0,0.0,0.0,0.0,0.3323374962387459,0.0,0.3579101323946595,0.0,0.0,0.4723972887273705,0.421075651875692,0.3504538488848613,0.3972650755675201,0.0,0.4269124861866634,0.4402081917755889,0.4516719869965805,0.4944637697271831,0.3310894028213954,0.400182903184936,0.4210763124493178,0.0,0.0,0.0,0.0,0.3679677697329417,0.2933414800440619,0.2533012798855123,0.2804713177903878,0.3051485429565185,0.0,0.0,0.2212026732101962,0.3087477483969021,0.0,0.270808498021834,0.4159812523279271,0.4346108817389603,0.2996023404058765,0.2158050726199979,0.3213300274407332,0.3549676235258351,0.0,0.0,0.4212855057393234,0.3903572597308107,0.4132963019390298,0.3695018693689707,0.4326587084771445,0.2954227320885869,0.4242384827552854,0.3222784619024773,0.4017661283995612,0.0,0.3695169461587947,0.3532127318228216,0.3138300918182747,0.3324688792321887,0.0,0.3695508664519755,0.3731467985773392,0.3675478034769018,0.373754952610241,0.2823527672223007,0.3098890290186782,0.325533382669155,0.3831538186930904,0.3965534616352547,0.375721146084755,0.3455796391838172,0.2972370280683318
0.4244592771036614,0.4435862997003077,0.0,0.0,0.0,0.5316323996990463,0.0,0.5149061458480435,0.0,0.3625830689438478,0.0,0.4078991646513067,0.0,0.0,0.4915201605954494,0.4322724566224044,0.4114775532387636,0.4156424326071536,0.0,0.4601668263212884,0.4647608967141568,0.4758585668620442,0.5306708954999311,0.3948379006767593,0.4160296515579298,0.4473871121516918,0.5343615755214085,0.3709052793027897,0.487553859374572,0.0,0.4168732245681114,0.332626686656145,0.3133369617602981,0.3108074188903106,0.3201114740787188,0.3150992659934127,0.3354332863200666,0.2797967321110759,0.36214890365873,0.270808498021834,0.0,0.3872205022630825,0.4119807091726759,0.3452215109554192,0.2491762357186855,0.3430198358606893,0.3798605496790272,0.4756572740643036,0.2880871187931202,0.4322577185304487,0.4421997878832522,0.4079707536698956,0.4665571373867052,0.4902357523970873,0.3148511028305512,0.4737990001776687,0.2868090239686701,0.3907770656542548,0.3922797027670064,0.4213474809438803,0.3754282019178149,0.334074088353864,0.3466419579536595,0.4809748930153377,0.4170258005808593,0.4491029573863623,0.4065946715701699,0.4592086715459087,0.2820736877535535,0.3393453294181418,0.3498535018731792,0.4442123658899137,0.3754786208653097,0.42593316982633,0.425336011236292,0.2631741178104654
0.0,0.4601464513169717,0.0,0.0,0.0,0.4347815226723721,0.0,0.0,0.0,0.0,0.0,0.0,0.0,0.0,0.5116583468345963,0.4468545919101045,0.0,0.445129636777444,0.0,0.4653869448657873,0.4926480800714263,0.4931017055091083,0.5205873018107945,0.0,0.4376950048477255,0.4695294539345413,0.5114962470582586,0.0,0.4645922438923321,0.0,0.0,0.3317343779341948,0.3646405947440669,0.4259531891214309,0.3509869968727168,0.3404770908399968,0.3186121801561585,0.0,0.3695495860737798,0.4159812523279271,0.3872205022630825,0.0,0.4648987198482618,0.3698505294348088,0.2855140195720156,0.4030435976176794,0.415239147898558,0.4702137454474739,0.3096698041113612,0.4001400779702882,0.4424198635782343,0.4207179105189002,0.4690296205489244,0.4687327989917967,0.3245605961493954,0.4530468007863187,0.3001569534078547,0.4177772469674841,0.0,0.4614084199119674,0.4217246725159272,0.3790895282411156,0.3987711747236362,0.4688736074047449,0.4730093254299402,0.4558873454772266,0.4533715370319181,0.4580401126455272,0.3773524118191201,0.3959004171220517,0.3925803264889375,0.4587935747621632,0.3806897643653226,0.4531220868776286,0.4659674875193332,0.3000310419180961
