0.0,0.3791459725590886,0.0,0.0,0.0,0.3661522392916675,0.0,0.4718384975440309,0.0,0.3283436407401748,0.0,0.3353764043088091,0.3390187394598833,0.0,0.3504999063491035,0.3651994916230582,0.0,0.3490831974565116,0.0,0.3779008254746796,0.3806302426887529,0.3761440975574243,0.4432332540865699,0.3217956006203588,0.3291003611163829,0.3412333545022518,0.3772972091648079,0.3767127610296842,0.3714933247122378,0.0,0.3238144556177745,0.3840983810508276,0.2959997652012754,0.3120024378587478,0.3786259092718524,0.0,0.0,0.3108164752329022,0.4070064187917429,0.3492258158900073,0.3776925657586495,0.0,0.0,0.0,0.0,0.4147991657712376,0.4147194677059883,0.0,0.0,0.0,0.0,0.0,0.0,0.0,0.3285510167799998,0.0,0.0,0.0,0.0,0.0,0.403027737479074,0.0,0.386997626811297,0.0,0.0,0.0,0.4102960205398483,0.0,0.0,0.378896223066783,0.4471726947553105,0.0,0.0,0.0,0.0,0.3389806780521723
0.3791459725590886,0.0,0.0,0.0,0.3797937018309801,0.3878523809375819,0.4388454086189532,0.4218580690693188,0.3837739233087665,0.0,0.0,0.0,0.4120873883421737,0.0,0.4104088710883535,0.3740349863938728,0.3426301686982047,0.3689722477450304,0.0,0.4015330427285685,0.3707809165067323,0.3802215260169055,0.4043974259725906,0.0,0.3611541353630766,0.3718639056331996,0.4138926887311696,0.4058485242071859,0.400448802134544,0.0,0.3339576394176776,0.3907687087678663,0.3144756830794236,0.3416077987867679,0.4025112984516119,0.0,0.0,0.0,0.4119912725202975,0.3849961144706176,0.3965815155081735,0.4351981453021695,0.0,0.0,0.0,0.4168318343603527,0.4155083670722491,0.0,0.0,0.0,0.3654160567159298,0.0,0.0,0.0,0.0,0.0,0.0,0.0,0.0,0.455677758490688,0.402616657149614,0.0,0.3963405400619648,0.0,0.4165083036267696,0.4288926226597947,0.4310546263157761,0.4204377014647329,0.0,0.3868106378929591,0.4349419604319713,0.4201825113384839,0.0,0.3952840339349289,0.0,0.3782768001003296
0.0,0.0,0.0,0.0,0.3059487992690487,0.3306664740325328,0.3436188051322248,0.3346295444866308,0.2717890644367168,0.2682802250839913,0.2658084292315957,0.0,0.3462241490270734,0.3351100885512824,0.0,0.0,0.0,0.0,0.2510036794351534,0.0,0.0,0.0,0.2783463964091632,0.0,0.0,0.0,0.2971734664485475,0.3481722206654847,0.0,0.0,0.3495771252029483,0.3225873150346599,0.0,0.3294016595017658,0.3266546928172839,0.32737987776159,0.0,0.0,0.4064971036227984,0.0,0.3622547067873756,0.0,0.4466378087465075,0.0,0.0,0.0,0.0,0.2779370595955366,0.0,0.3621142213815541,0.0,0.3015164557311214,0.3245701188111616,0.2916845415189014,0.0,0.0,0.0,0.3833529754595435,0.0,0.0,0.0,0.0,0.0,0.1940114899000938,0.0,0.0,0.0,0.4797120564056089,0.0,0.0,0.0,0.5162921885746731,0.3556273366050973,0.0,0.0,0.0
0.0,0.0,0.0,0.0,0.2036596024198191,0.0,0.2057885996859176,0.0,0.274267227371484,0.0,0.0,0.0,0.2446513148391882,0.2811513350822229,0.0,0.0,0.0,0.0,0.2737005281635147,0.0,0.0,0.0,0.0,0.0,0.0,0.0,0.0,0.2074256435305351,0.0,0.0,0.0,0.226100837544968,0.0,0.2149787880590118,0.2451109544975023,0.160680790945386,0.1347410639611091,0.0,0.0,0.0,0.0,0.0,0.0,0.0,0.0,0.0,0.0,0.0,0.0,0.0,0.0,0.0,0.0,0.0,0.0,0.0,0.0,0.0,0.0,0.0,0.0,0.0,0.0,0.0,0.0,0.0,0.0,0.0,0.0,0.0,0.0,0.0,0.0,0.0,0.0,0.0
0.0,0.3797937018309801,0.3059487992690487,0.2036596024198191,0.0,0.3482960956733868,0.2854002540221168,0.3269573234530416,0.3189665059005781,0.2397219335086661,0.2839341579365771,0.2719106634436068,0.3026623453385708,0.2444024366036096,0.0,0.3833114330345315,0.0,0.0,0.3147985666814371,0.3886762608423838,0.0,0.4022135019868165,0.349343853038222,0.0,0.3465131983705837,0.3240849893874159,0.3671121509121495,0.2817201858875512,0.3667801078719103,0.0,0.3481490939217309,0.3386275495558492,0.270380064286872,0.3414383042905724,0.322960201396166,0.2019484301676681,0.2160031112534902,0.2527741093072316,0.3322362794975126,0.0,0.0,0.0,0.0,0.0,0.0,0.0,0.0,0.3495145635265892,0.0,0.0,0.360675835799826,0.0,0.0,0.3444487719488444,0.0,0.0,0.0,0.0,0.0,0.0,0.0,0.0,0.0,0.0,0.0,0.0,0.0,0.4184906109944713,0.0,0.0,0.0,0.3515637815558411,0.0,0.0,0.0,0.0
0.3661522392916675,0.3878523809375819,0.3306664740325328,0.0,0.3482960956733868,0.0,0.3587080532818542,0.3723267259860165,0.3168397864648458,0.3239976340193583,0.3194972979694808,0.0,0.3168847473129663,0.3680056261984006,0.4002738498491108,0.3853873852715881,0.0,0.3814519474985317,0.3400262972162514,0.3655989066870299,0.3675745801788261,0.3925108673447008,0.3720732939530421,0.0,0.3660056710757042,0.3759418227669825,0.331408597207292,0.3182607294200372,0.295864603796997,0.3746874689802773,0.3735197129104958,0.3600820536897306,0.3676368702418758,0.381603413883564,0.3902107273815764,0.3572347610943965,0.3377929001656744,0.0,0.431868946645435,0.0,0.4413112427353993,0.3994020423418007,0.3261075155926161,0.0,0.0,0.0,0.25861173140328,0.4533403509139304,0.0,0.3208766401627509,0.4255387381996381,0.3559520293902358,0.3873207949670595,0.4526800514932323,0.0,0.35878836798215,0.0,0.395591567226542,0.0,0.4171826731807225,0.0,0.0,0.0,0.4259886421277901,0.4064404411637817,0.0,0.4788792423999125,0.4523718951149819,0.0,0.0,0.3198033448478442,0.4464326066483199,0.4317285511124932,0.4278367116668762,0.4036363297089403,0.4474044807836676
0.0,0.4388454086189532,0.3436188051322248,0.2057885996859176,0.2854002540221168,0.3587080532818542,0.0,0.3713463234057481,0.3358861683322958,0.281664784831848,0.328613132925349,0.3074964676675274,0.2847779658576025,0.3076279954404391,0.0,0.4296198551920902,0.0,0.3995474450249296,0.3410114776579649,0.3913223814434759,0.0,0.4202252078693809,0.3618173180233809,0.0,0.3975955883624654,0.373821380257153,0.3763314515456905,0.3206078408245596,0.3776307200869012,0.0,0.3471973212057188,0.3254390490779208,0.3262053715185817,0.326744403633373,0.3279696240766073,0.2518549552926473,0.2523413127984427,0.2986938955239462,0.3230620882600317,0.0,0.3118701604589211,0.0,0.3224888737595149,0.0,0.0,0.0,0.0,0.2967674108036576,0.0,0.0,0.3363833242940544,0.0,0.3403763637215045,0.3034956299822255,0.0,0.0,0.0,0.0,0.0,0.0,0.0,0.0,0.0,0.0,0.0,0.0,0.0,0.4305382053056437,0.0,0.0,0.0,0.3913780757451427,0.0,0.0,0.0,0.0
0.4718384975440309,0.4218580690693188,0.3346295444866308,0.0,0.3269573234530416,0.3723267259860165,0.3713463234057481,0.0,0.3762179205197988,0.3827777813999148,0.1977051771512429,0.38099555725808,0.3811414027629391,0.257758812571063,0.449177031205582,0.4087415276647152,0.0,0.4250986259178977,0.2627610567652261,0.3790067043239194,0.3564931456320713,0.4128419883908769,0.3016423070923465,0.4719707989341606,0.4170313178802572,0.4446430045359935,0.3751483121476445,0.3959704859837003,0.3835308195203061,0.4040171320733125,0.4051110628695988,0.3268967658052926,0.3754730117513447,0.4067368571812449,0.399772250614347,0.195150408486092,0.0,0.0,0.4321658252517249,0.0,0.4583850746942781,0.0,0.3030235058822725,0.0,0.0,0.0,0.0,0.0,0.0,0.0,0.4069436979094452,0.0,0.2632859057605794,0.4411149238151301,0.0,0.0,0.0,0.4214089788046762,0.0,0.0,0.0,0.0,0.0,0.0,0.4204075219197118,0.0,0.0,0.4318921157742866,0.0,0.0,0.0,0.4430436867601666,0.4373207691707981,0.4214578153301579,0.0,0.4492236708770961
0.0,0.3837739233087665,0.2717890644367168,0.274267227371484,0.3189665059005781,0.3168397864648458,0.3358861683322958,0.3762179205197988,0.0,0.2992054058764749,0.303773347351706,0.2294551007705347,0.3138407578966594,0.34483426351668,0.0,0.348349453610379,0.0,0.2332405432800418,0.2621538280262362,0.3736493607938885,0.0,0.3785763150096701,0.3758979212885799,0.2882972658672728,0.2950252523109465,0.2926248011809357,0.3340881462251309,0.3537893743073511,0.3442940026320363,0.3424892010833507,0.3653217965623422,0.3362735146093546,0.3004822474263954,0.3504325171391697,0.3208726616095753,0.334910004511679,0.3006379360933733,0.1758683737763494,0.3453409523566161,0.0,0.285035702769267,0.0,0.0,0.0,0.0,0.0,0.0,0.4568324377508022,0.0,0.3313201563493513,0.4271271488110731,0.2964416646153371,0.4245277806519677,0.4033169632047683,0.0,0.0,0.0,0.3079351154230777,0.0,0.0,0.0,0.0,0.0,0.0,0.0,0.0,0.0,0.4578027347952849,0.0,0.0,0.0,0.4517252458144344,0.2980339143737379,0.0,0.0,0.0
0.3283436407401748,0.0,0.2682802250839913,0.0,0.2397219335086661,0.3239976340193583,0.281664784831848,0.3827777813999148,0.2992054058764749,0.0,0.3092810689550253,0.2230013986767134,0.3354139376945944,0.0,0.0,0.3186504190988333,0.2805997090333132,0.2901115396180971,0.3242530186167098,0.0,0.0,0.2692509266852602,0.3577294020037274,0.2515245641698785,0.2606086210199643,0.280868490690944,0.0,0.34454438293626,0.2610945481980664,0.0,0.2597809265625778,0.3324098730064413,0.2598690106597315,0.2708964502278972,0.261515070406697,0.331868279130222,0.0,0.2311991941636524,0.4085232268293903,0.278990356512985,0.309191757358895,0.0,0.0,0.0,0.2880420424541904,0.0,0.0,0.0,0.0,0.0,0.0,0.0,0.0,0.0,0.339604752001566,0.0,0.3322118207425995,0.0,0.0,0.0,0.0,0.3408802089402697,0.3532177056460866,0.0,0.0,0.0,0.0,0.0,0.3173398697647951,0.3457897303733583,0.3426818328998708,0.0,0.0,0.0,0.0,0.3318479077915966
0.0,0.0,0.2658084292315957,0.0,0.2839341579365771,0.3194972979694808,0.328613132925349,0.1977051771512429,0.303773347351706,0.3092810689550253,0.0,0.2789262983968731,0.3339846211908648,0.2517501020959139,0.0,0.0,0.0,0.0,0.260055349539062,0.0,0.0,0.0,0.1813359163653622,0.2899576129628099,0.0,0.2159658526911251,0.3153877218785368,0.336201331272502,0.0,0.0,0.366805285817839,0.3298296534788017,0.2978110868019728,0.3502224861931017,0.3489170969230077,0.2461914095020761,0.3110256602317154,0.2571528729826299,0.0,0.0,0.0,0.0,0.2585741297900903,0.0,0.0,0.0,0.0,0.0,0.0,0.2845418443301825,0.0,0.2677756590027173,0.0,0.0,0.0,0.1436003450189015,0.0,0.2606482741891652,0.0,0.0,0.0,0.0,0.0,0.1926281985339796,0.0,0.0,0.0,0.4269728088976338,0.0,0.0,0.0,0.3554661483693253,0.2275978058614247,0.0,0.0,0.0
0.3353764043088091,0.0,0.0,0.0,0.2719106634436068,0.0,0.3074964676675274,0.38099555725808,0.2294551007705347,0.2230013986767134,0.2789262983968731,0.0,0.2840128587648832,0.0,0.0,0.0,0.2865542601177159,0.2284976847566484,0.2399437501666421,0.0,0.3796027292929677,0.0,0.3464280709594511,0.2616268233709961,0.2718366049235171,0.267868986333412,0.0,0.3428774634013753,0.0,0.0,0.296201782215816,0.2899519658808299,0.2369661315636796,0.2594845451392171,0.2650125679088015,0.2828747736818987,0.2057479477199282,0.2268808596018943,0.0,0.2779046601167023,0.3060812038225154,0.0,0.0,0.0,0.2879865173282084,0.0,0.0,0.0,0.0,0.0,0.0,0.0,0.0,0.0,0.3451509941126314,0.0,0.3423155087509588,0.0,0.0,0.0,0.0,0.3138610343646261,0.3579270034070932,0.0,0.0,0.0,0.0,0.0,0.3110943674012361,0.3486596096036405,0.3386389818807692,0.0,0.0,0.0,0.0,0.3014234036319163
0.3390187394598833,0.4120873883421737,0.3462241490270734,0.2446513148391882,0.3026623453385708,0.3168847473129663,0.2847779658576025,0.3811414027629391,0.3138407578966594,0.3354139376945944,0.3339846211908648,0.2840128587648832,0.0,0.2898802739508251,0.4188836453707796,0.4265406299191597,0.2984940782563028,0.4225910941390201,0.3447803752649866,0.3861344384239802,0.3861717101188218,0.418847804046048,0.3759568636976412,0.2679471084664216,0.3971124392067156,0.379236208302699,0.3728201522998724,0.3232143279479833,0.3607514494813418,0.3819143411548691,0.3373464004841781,0.3233628102617661,0.3000540946670456,0.3268938169468986,0.31045138300263,0.2649816867075348,0.2697742612466429,0.2483802741373221,0.4571949140828604,0.3880484391535821,0.3891288304419965,0.3501264669825367,0.3796433499679371,0.0,0.0,0.0,0.0,0.3006353666240384,0.0,0.0,0.3481570581082141,0.2813173131475107,0.3918137600783117,0.0,0.0,0.0,0.0,0.0,0.0,0.2635351756353749,0.0,0.0,0.0,0.0,0.3487590795572235,0.0,0.2645993831472259,0.4408258008414235,0.0,0.2599276335648902,0.2913293530609885,0.4350303856589664,0.0,0.3901670425675446,0.0,0.0
0.0,0.0,0.3351100885512824,0.2811513350822229,0.2444024366036096,0.3680056261984006,0.3076279954404391,0.257758812571063,0.34483426351668,0.0,0.2517501020959139,0.0,0.2898802739508251,0.0,0.0,0.0,0.0,0.0,0.2879938933792476,0.0,0.0,0.0,0.3135568123116298,0.0,0.0,0.0,0.3720999705746811,0.2245395236671632,0.0,0.0,0.0,0.1449201156186439,0.0,0.0,0.0,0.1752335756397477,0.1604166825000254,0.0,0.0,0.0,0.0,0.0,0.2941274202682031,0.0,0.0,0.0,0.0,0.0,0.0,0.0,0.0,0.0,0.0,0.3993008297139279,0.0,0.0,0.0,0.0,0.0,0.0,0.0,0.0,0.0,0.0,0.0,0.0,0.0,0.3706599548652425,0.0,0.0,0.0,0.3790157193131631,0.0,0.0,0.0,0.0
0.3504999063491035,0.4104088710883535,0.0,0.0,0.0,0.4002738498491108,0.0,0.449177031205582,0.0,0.0,0.0,0.0,0.4188836453707796,0.0,0.0,0.3918251945610131,0.0,0.3867188812756091,0.0,0.3898888409352805,0.3740051049554349,0.3287757961771905,0.3162842671539274,0.3273227503067986,0.3502564630547317,0.4190794104228534,0.3864476174603724,0.3881547234810468,0.4018409856225202,0.0,0.404056152125734,0.4244488758274388,0.3836341506577435,0.4340932818843001,0.4649523201168287,0.4882612100435638,0.0,0.0,0.4375943206921497,0.4221691858950072,0.4515705825238377,0.4741072584473744,0.0,0.0,0.0,0.0,0.4606430545695819,0.0,0.0,0.0,0.4065791830160887,0.0,0.0,0.0,0.0,0.0,0.0,0.333511001967987,0.0,0.4463212928382351,0.3591922010290269,0.0,0.0,0.0,0.4219505058387989,0.4569946951520466,0.4674318554258065,0.4234713609103852,0.0,0.3126249208972659,0.5044154894296229,0.4349267970682569,0.3823324528593276,0.404850986605768,0.0,0.4166269015172072
0.3651994916230582,0.3740349863938728,0.0,0.0,0.3833114330345315,0.3853873852715881,0.4296198551920902,0.4087415276647152,0.348349453610379,0.3186504190988333,0.0,0.0,0.4265406299191597,0.0,0.3918251945610131,0.0,0.3709078979641581,0.3394435716250604,0.0,0.3802045330461149,0.3799178875322752,0.3534845105908136,0.3867505611185484,0.3293261331620203,0.3655375429850404,0.3748035671618532,0.4029276418912494,0.4054650554219982,0.4024330062053404,0.3755292241664186,0.3396268096341551,0.4136456131641696,0.3374699214229618,0.3493462445437927,0.4189792369743335,0.0,0.0,0.0,0.4036993948992636,0.3632081958184072,0.3844840746978455,0.4168915723995379,0.0,0.0,0.0,0.4020370172429436,0.4095645179684344,0.0,0.0,0.0,0.0,0.0,0.0,0.0,0.0,0.0,0.0,0.0,0.0,0.4540391962613026,0.3993873363168416,0.0,0.3883828552851879,0.0,0.3589336694667234,0.4157374976701378,0.4293071381331502,0.3343632866891232,0.0,0.3836643089764064,0.4157986355412805,0.3576301253554746,0.0,0.0,0.0,0.3758490601479343
0.0,0.3426301686982047,0.0,0.0,0.0,0.0,0.0,0.0,0.0,0.2805997090333132,0.0,0.2865542601177159,0.2984940782563028,0.0,0.0,0.3709078979641581,0.0,0.3284947805902379,0.0,0.3178178887524105,0.0,0.3240343177934087,0.0,0.2884238040671353,0.2727318244715455,0.3038558153770723,0.0,0.3397635109626446,0.2985266709472565,0.0,0.3167682488680932,0.3662090423854814,0.3059241599697512,0.3257028174977702,0.3332271211632396,0.0,0.0,0.2247407942412838,0.0,0.3254328090394091,0.0,0.0,0.0,0.0,0.0,0.0,0.0,0.0,0.0,0.0,0.0,0.0,0.0,0.0,0.3539720595322113,0.0,0.3273495139748565,0.0,0.0,0.0,0.0,0.3107935366346441,0.3404165949721369,0.0,0.0,0.0,0.0,0.0,0.332805088441689,0.3559185271424616,0.3695287296352841,0.0,0.0,0.0,0.0,0.0
0.3490831974565116,0.3689722477450304,0.0,0.0,0.0,0.3814519474985317,0.3995474450249296,0.4250986259178977,0.2332405432800418,0.2901115396180971,0.0,0.2284976847566484,0.4225910941390201,0.0,0.3867188812756091,0.3394435716250604,0.3284947805902379,0.0,0.0,0.398139375797537,0.3672612549997059,0.3783256729714113,0.3825261913479264,0.3264797948508343,0.3336255720521252,0.3406968244358569,0.3981563208775103,0.4035122367954403,0.3971583761843422,0.3598661478300373,0.3403864536296279,0.3903403005422267,0.3264405078974393,0.3310215948415662,0.3420697262125129,0.0,0.0,0.0,0.387316883312327,0.3444729629054679,0.35795944382461,0.3939339197682225,0.0,0.0,0.0,0.3895609403215211,0.3950440824796408,0.0,0.0,0.0,0.0,0.0,0.0,0.0,0.360012650454744,0.0,0.3308301064861206,0.0,0.0,0.0,0.3850691146105928,0.3394658174907592,0.3641412350964096,0.0,0.0,0.0,0.3964798224926446,0.0,0.3640943609583628,0.360956436247826,0.3758603891507631,0.0,0.0,0.0,0.0,0.363179768329953
0.0,0.0,0.2510036794351534,0.2737005281635147,0.3147985666814371,0.3400262972162514,0.3410114776579649,0.2627610567652261,0.2621538280262362,0.3242530186167098,0.260055349539062,0.2399437501666421,0.3447803752649866,0.2879938933792476,0.0,0.0,0.0,0.0,0.0,0.0,0.0,0.0,0.2211012264334839,0.0,0.0,0.0,0.3431803012383625,0.3560405533385282,0.0,0.0,0.3463829598462018,0.3432483078876495,0.0,0.313822032076234,0.3471011530129847,0.3128571178667185,0.3021353966432042,0.2840240733158871,0.0,0.0,0.0,0.0,0.4018569964076293,0.0,0.0,0.0,0.0,0.4898981408760809,0.0,0.0,0.0,0.0,0.0,0.0,0.0,0.0,0.0,0.0,0.0,0.0,0.0,0.0,0.0,0.0,0.0,0.0,0.0,0.0,0.0,0.0,0.0,0.3617141230054599,0.0,0.0,0.0,0.0
0.3779008254746796,0.4015330427285685,0.0,0.0,0.3886762608423838,0.3655989066870299,0.3913223814434759,0.3790067043239194,0.3736493607938885,0.0,0.0,0.0,0.3861344384239802,0.0,0.3898888409352805,0.3802045330461149,0.3178178887524105,0.398139375797537,0.0,0.0,0.4115875903977677,0.3594854323648168,0.3773878766556339,0.0,0.380578248480565,0.4246215555590544,0.3650883607731488,0.3451098834315046,0.3119062215316626,0.2938628737588391,0.3711981554952159,0.4369671178541106,0.3999868571952893,0.4303173982343766,0.4534040920872705,0.4729450886175423,0.0,0.0,0.4370691038261903,0.0,0.4506585831571303,0.0,0.3409321121850581,0.0,0.0,0.0,0.3664776652420785,0.0,0.0,0.0,0.0,0.0,0.0,0.0,0.0,0.0,0.0,0.3200401989583952,0.0,0.4388333971549134,0.2556658870544341,0.0,0.0,0.0,0.4282754701390872,0.4801770692799591,0.4674739449484213,0.4313824976715097,0.0,0.2415285846638721,0.4218505083749093,0.4403943153484856,0.40737287257202,0.4133817316712707,0.0,0.4388252905953338
0.3806302426887529,0.3707809165067323,0.0,0.0,0.0,0.3675745801788261,0.0,0.3564931456320713,0.0,0.0,0.0,0.3796027292929677,0.3861717101188218,0.0,0.3740051049554349,0.3799178875322752,0.0,0.3672612549997059,0.0,0.4115875903977677,0.0,0.4049435810256802,0.3519239572947392,0.4520832309920852,0.3534817421531986,0.3915474704452358,0.3971323124284588,0.3777642288804592,0.3769468481258096,0.0,0.3709930663078388,0.4076446092793498,0.3271327350541466,0.4001083637682404,0.4439441865737319,0.0,0.0,0.0,0.4192388330059227,0.3379405985637309,0.4282483488553942,0.4779669258501748,0.0,0.0,0.0,0.4058435537423764,0.4395874209937249,0.0,0.0,0.0,0.0,0.0,0.0,0.0,0.0,0.0,0.0,0.0,0.0,0.4015239243824634,0.3608407999294895,0.0,0.0,0.0,0.3907270617245175,0.3811317131641286,0.4423493110540678,0.4045621553129891,0.0,0.328904836681134,0.4557244369597095,0.4201970835160461,0.38850325593476,0.3853756394968144,0.0,0.3848430257539388
0.3761440975574243,0.3802215260169055,0.0,0.0,0.4022135019868165,0.3925108673447008,0.4202252078693809,0.4128419883908769,0.3785763150096701,0.2692509266852602,0.0,0.0,0.418847804046048,0.0,0.3287757961771905,0.3534845105908136,0.3240343177934087,0.3783256729714113,0.0,0.3594854323648168,0.4049435810256802,0.0,0.4093273417915881,0.0,0.370111285923029,0.3821109814534044,0.4195775090166925,0.3912816452874366,0.3797568741307172,0.3512919096366749,0.3518512849208987,0.4274782460782942,0.3884585725114787,0.4081113453690177,0.4545321102202485,0.4835619070257335,0.0,0.0,0.446875706762898,0.4237971112008647,0.4487519394577123,0.4745721193005726,0.0,0.0,0.0,0.4139538155362683,0.4398965247890269,0.0,0.0,0.0,0.4187444354961414,0.0,0.0,0.0,0.0,0.0,0.0,0.0,0.0,0.4500533454289672,0.4108388676060361,0.0,0.3568582108725157,0.0,0.4255196641059349,0.4497958254712724,0.4582565953239497,0.4351420291658152,0.0,0.37422017918632,0.4687698087447607,0.4464265956869018,0.3570145559778401,0.4016367082996195,0.0,0.4210073091117019
0.4432332540865699,0.4043974259725906,0.2783463964091632,0.0,0.349343853038222,0.3720732939530421,0.3618173180233809,0.3016423070923465,0.3758979212885799,0.3577294020037274,0.1813359163653622,0.3464280709594511,0.3759568636976412,0.3135568123116298,0.3162842671539274,0.3867505611185484,0.0,0.3825261913479264,0.2211012264334839,0.3773878766556339,0.3519239572947392,0.4093273417915881,0.0,0.4765749093988224,0.3653493719887513,0.4111718380284671,0.3178772245745939,0.384784107962611,0.3764519762822826,0.3832011962784666,0.3911572401007204,0.3821320900975988,0.3598983190954753,0.4044479279772651,0.4193146942380759,0.3382618465117963,0.3494093845990843,0.0,0.4407285451076341,0.3916962332863511,0.4691756824070644,0.4617569677157734,0.3770906599291316,0.0,0.0,0.0,0.3879638712638035,0.4659661294671612,0.0,0.4021272419290914,0.4440970327712078,0.4456958934481149,0.3883404619941965,0.4595710067828898,0.0,0.3666096015981864,0.0,0.4543824668064076,0.0,0.4312729055442507,0.0,0.0,0.0,0.4683261047599796,0.4201407208604592,0.4468416935253859,0.4824046479627866,0.4699872831131255,0.0,0.2481792053205752,0.4464900427606903,0.4650172052890748,0.4614847592230334,0.4298324987135332,0.4715053309281736,0.4760576759239277
0.3217956006203588,0.0,0.0,0.0,0.0,0.0,0.0,0.4719707989341606,0.2882972658672728,0.2515245641698785,0.2899576129628099,0.2616268233709961,0.2679471084664216,0.0,0.3273227503067986,0.3293261331620203,0.2884238040671353,0.3264797948508343,0.0,0.0,0.4520832309920852,0.0,0.4765749093988224,0.0,0.2951757359926786,0.3137818873885904,0.4227420998763487,0.3474955636650875,0.0,0.0,0.2874487246719225,0.3194203140911943,0.2171738101753118,0.2270276886654918,0.2641864405489651,0.3049883979673808,0.0,0.2251885535156907,0.0,0.2580616309282525,0.3355352099034929,0.0,0.0,0.0,0.0,0.4239764189792758,0.0,0.0,0.0,0.0,0.0,0.0,0.0,0.0,0.3394260928774113,0.0,0.3270376956168153,0.0,0.0,0.0,0.0,0.3630552816081077,0.374882893825944,0.0,0.0,0.0,0.0,0.0,0.3324929832574301,0.3594309101353746,0.3727643510795058,0.0,0.0,0.0,0.0,0.0
0.3291003611163829,0.3611541353630766,0.0,0.0,0.3465131983705837,0.3660056710757042,0.3975955883624654,0.4170313178802572,0.2950252523109465,0.2606086210199643,0.0,0.2718366049235171,0.3971124392067156,0.0,0.3502564630547317,0.3655375429850404,0.2727318244715455,0.3336255720521252,0.0,0.380578248480565,0.3534817421531986,0.370111285923029,0.3653493719887513,0.2951757359926786,0.0,0.3183132898865018,0.3746212490410506,0.3803064531798428,0.3763750043996707,0.0,0.3156553857771907,0.3688459742039712,0.2748789414798175,0.3071848920188143,0.3323174050296361,0.0,0.0,0.252215194937617,0.3916229690056693,0.3486088297607208,0.3641510736235003,0.3958794490927971,0.0,0.0,0.0,0.3794332473068054,0.3944184593764456,0.0,0.0,0.0,0.0,0.0,0.0,0.0,0.3601608919533269,0.0,0.3581995075750868,0.2671962978646028,0.0,0.3626294557990622,0.3965372453894846,0.3579468052585331,0.3741638966997432,0.0,0.3615218301466483,0.3299457125274562,0.3890355706197033,0.3028034208305711,0.366268651252129,0.3683958695443415,0.3841658470291129,0.0,0.0,0.3513514521111644,0.0,0.3696608705441139
0.3412333545022518,0.3718639056331996,0.0,0.0,0.3240849893874159,0.3759418227669825,0.373821380257153,0.4446430045359935,0.2926248011809357,0.280868490690944,0.2159658526911251,0.267868986333412,0.379236208302699,0.0,0.4190794104228534,0.3748035671618532,0.3038558153770723,0.3406968244358569,0.0,0.4246215555590544,0.3915474704452358,0.3821109814534044,0.4111718380284671,0.3137818873885904,0.3183132898865018,0.0,0.4175789196299012,0.3628049332587689,0.3723235271882704,0.0,0.3366305521041878,0.3916456809583979,0.3050258757355372,0.342156650343431,0.3895328567591486,0.4558581289706062,0.0,0.2616781336682198,0.4290314198021152,0.3796878492196978,0.3982861715725234,0.458191702168476,0.0,0.0,0.0,0.4253258342407252,0.4391947785661407,0.0,0.0,0.0,0.3924169136498932,0.0,0.0,0.0,0.3522056283886456,0.0,0.3407600803320617,0.2847489907551601,0.0,0.4779982561168851,0.4106442730755202,0.3753690325751741,0.3787872127290913,0.0,0.4301240794436028,0.4684714175301588,0.4605264592148772,0.4484218134980471,0.3756454973861013,0.3743639823314769,0.4270553429114879,0.4663502189222412,0.355672174815367,0.4044941211028801,0.0,0.3809313978257745
0.3772972091648079,0.4138926887311696,0.2971734664485475,0.0,0.3671121509121495,0.331408597207292,0.3763314515456905,0.3751483121476445,0.3340881462251309,0.0,0.3153877218785368,0.0,0.3728201522998724,0.3720999705746811,0.3864476174603724,0.4029276418912494,0.0,0.3981563208775103,0.3431803012383625,0.3650883607731488,0.3971323124284588,0.4195775090166925,0.3178772245745939,0.4227420998763487,0.3746212490410506,0.4175789196299012,0.0,0.3850362419534449,0.3449458168921347,0.3975438894855482,0.4042995341620831,0.397507562581967,0.383084023424248,0.4209767364961662,0.4335758062898588,0.4428977710633455,0.4122193358305719,0.0,0.4434531972812355,0.0,0.4461921934051408,0.4788628282000358,0.0,0.0,0.0,0.0,0.3334420067812875,0.0,0.0,0.3356151799797661,0.4408069425431863,0.4139659393922749,0.4136586337804865,0.4536839568971001,0.0,0.3685402906975341,0.0,0.4351302424017522,0.0,0.4462121768666614,0.0,0.0,0.0,0.0,0.4226499534967316,0.4575846119945738,0.529518039379424,0.464475538469181,0.0,0.0,0.4344754766797293,0.4585668968841959,0.4629506407355538,0.4329385068520425,0.449057316537927,0.4611241629213445
0.3767127610296842,0.4058485242071859,0.3481722206654847,0.2074256435305351,0.2817201858875512,0.3182607294200372,0.3206078408245596,0.3959704859837003,0.3537893743073511,0.34454438293626,0.336201331272502,0.3428774634013753,0.3232143279479833,0.2245395236671632,0.3881547234810468,0.4054650554219982,0.3397635109626446,0.4035122367954403,0.3560405533385282,0.3451098834315046,0.3777642288804592,0.3912816452874366,0.384784107962611,0.3474955636650875,0.3803064531798428,0.3628049332587689,0.3850362419534449,0.0,0.2803211658028656,0.3256185551842715,0.3347041374008655,0.3389342795499536,0.3302777688741877,0.3342987524191656,0.2909418174779208,0.2220174735031015,0.1949459196273358,0.2763192204424837,0.4364466276566056,0.0,0.4695048621448764,0.3769112414211708,0.4064834743303279,0.0,0.0,0.0,0.0,0.2968800351177131,0.0,0.0,0.4201227537750533,0.0,0.3887064288544815,0.2635759837038363,0.0,0.0,0.0,0.3087406842493734,0.0,0.3770484628098641,0.0,0.0,0.0,0.0,0.4112171144097625,0.0,0.3539970118146401,0.4471363371341486,0.0,0.2641396720103961,0.3239497883605537,0.4450235616838711,0.4184437804142757,0.4124332830895231,0.0,0.4212018015475456
0.3714933247122378,0.400448802134544,0.0,0.0,0.3667801078719103,0.295864603796997,0.3776307200869012,0.3835308195203061,0.3442940026320363,0.2610945481980664,0.0,0.0,0.3607514494813418,0.0,0.4018409856225202,0.4024330062053404,0.2985266709472565,0.3971583761843422,0.0,0.3119062215316626,0.3769468481258096,0.3797568741307172,0.3764519762822826,0.0,0.3763750043996707,0.3723235271882704,0.3449458168921347,0.2803211658028656,0.0,0.2698722335280675,0.3404507365041294,0.3966716183656237,0.3696802636889404,0.3873700579186606,0.403256231830192,0.4188837919820546,0.0,0.0,0.4304540463111012,0.0,0.4621510494564583,0.4045356233246426,0.3898468644351454,0.0,0.0,0.0,0.3390570145831912,0.3523045269362972,0.0,0.0,0.4051354219736396,0.2977515868848042,0.3934328298392184,0.2945569587569568,0.0,0.0,0.0,0.3561539472148716,0.0,0.408857314308694,0.0,0.0,0.0,0.0,0.411473440387036,0.4100393782290999,0.4688123643731428,0.4434666683621363,0.0,0.0,0.3758484655980779,0.4386095267302606,0.4365217764748934,0.421874983153893,0.4079383864668767,0.4565615893227981
0.0,0.0,0.0,0.0,0.0,0.3746874689802773,0.0,0.4040171320733125,0.3424892010833507,0.0,0.0,0.0,0.3819143411548691,0.0,0.0,0.3755292241664186,0.0,0.3598661478300373,0.0,0.2938628737588391,0.0,0.3512919096366749,0.3832011962784666,0.0,0.0,0.0,0.3975438894855482,0.3256185551842715,0.2698722335280675,0.0,0.3221187849291909,0.3533496189789257,0.0,0.335681131821864,0.3017994621634897,0.0,0.0,0.0,0.0,0.0,0.0,0.0,0.0,0.0,0.0,0.0,0.0,0.0,0.0,0.0,0.0,0.0,0.0,0.0,0.0,0.0,0.0,0.0,0.0,0.0,0.0,0.0,0.0,0.0,0.3967262200223551,0.0,0.0,0.4490409260442785,0.0,0.0,0.0,0.4397922749207866,0.0,0.378919433629751,0.0,0.0
0.3238144556177745,0.3339576394176776,0.3495771252029483,0.0,0.3481490939217309,0.3735197129104958,0.3471973212057188,0.4051110628695988,0.3653217965623422,0.2597809265625778,0.366805285817839,0.296201782215816,0.3373464004841781,0.0,0.404056152125734,0.3396268096341551,0.3167682488680932,0.3403864536296279,0.3463829598462018,0.3711981554952159,0.3709930663078388,0.3518512849208987,0.3911572401007204,0.2874487246719225,0.3156553857771907,0.3366305521041878,0.4042995341620831,0.3347041374008655,0.3404507365041294,0.3221187849291909,0.0,0.3552394555363504,0.2780571265396934,0.2798801144437217,0.2936131435437706,0.3383147520812311,0.323435031214224,0.2279024024634091,0.4296627115190698,0.3618682759259152,0.4429767043218809,0.0,0.3771136681564252,0.0,0.0,0.0,0.395343004970061,0.0,0.0,0.0,0.4180400425709182,0.0,0.4393191901538931,0.0,0.3359971830345909,0.0,0.351450523648354,0.0,0.0,0.4204597309101437,0.3803956836414416,0.3408935065215491,0.3630335214807664,0.0,0.4102370240165416,0.4021227213126787,0.4271569177112823,0.451078165851891,0.3460480338151335,0.3610686719180947,0.3991944610884185,0.4380545055143115,0.3889711944792394,0.4009658751467895,0.0,0.4251344948432772
0.3840983810508276,0.3907687087678663,0.3225873150346599,0.226100837544968,0.3386275495558492,0.3600820536897306,0.3254390490779208,0.3268967658052926,0.3362735146093546,0.3324098730064413,0.3298296534788017,0.2899519658808299,0.3233628102617661,0.1449201156186439,0.4244488758274388,0.4136456131641696,0.3662090423854814,0.3903403005422267,0.3432483078876495,0.4369671178541106,0.4076446092793498,0.4274782460782942,0.3821320900975988,0.3194203140911943,0.3688459742039712,0.3916456809583979,0.397507562581967,0.3389342795499536,0.3966716183656237,0.3533496189789257,0.3552394555363504,0.0,0.304666184987907,0.3208696502184039,0.3177984144212328,0.2256316940142724,0.251140435455998,0.2338667617758166,0.3416048080922618,0.251832006712323,0.3613199638117512,0.3307182861247505,0.4045858615096519,0.0,0.2343580948636472,0.4112614784415386,0.4269618041487403,0.369837241539609,0.0,0.0,0.4269938632967605,0.3458589926260156,0.4198714848894259,0.3543387304893145,0.3135237182097307,0.0,0.0,0.4481765058392644,0.0,0.4255740031388704,0.4099793935562565,0.0,0.4244484801161032,0.0,0.4164671657828536,0.4386572055149142,0.4498893078844129,0.4375015662008615,0.0,0.3843491475689313,0.4382765431302339,0.4374823583542653,0.4514825715060995,0.4159825295096778,0.0,0.4477376206235045
0.2959997652012754,0.3144756830794236,0.0,0.0,0.270380064286872,0.3676368702418758,0.3262053715185817,0.3754730117513447,0.3004822474263954,0.2598690106597315,0.2978110868019728,0.2369661315636796,0.3000540946670456,0.0,0.3836341506577435,0.3374699214229618,0.3059241599697512,0.3264405078974393,0.0,0.3999868571952893,0.3271327350541466,0.3884585725114787,0.3598983190954753,0.2171738101753118,0.2748789414798175,0.3050258757355372,0.383084023424248,0.3302777688741877,0.3696802636889404,0.0,0.2780571265396934,0.304666184987907,0.0,0.1976833353654216,0.314696079598995,0.3921342216055486,0.2345474907587752,0.1627412476855927,0.2794090825131234,0.3564794345606347,0.2968240991894158,0.3896205300776565,0.0,0.0,0.0,0.3642710117195635,0.3996065698001266,0.0,0.0,0.0,0.0,0.0,0.0,0.0,0.2845577865622109,0.0,0.264897742270589,0.0,0.0,0.4312151733815078,0.3775356813815449,0.3471206554025692,0.3502746680331717,0.0,0.3926073083171025,0.3968153407723401,0.4345839792769885,0.4434888204345947,0.29198838253953,0.3427141118015562,0.4000369963073837,0.0,0.0,0.0,0.0,0.3545702031515816
0.3120024378587478,0.3416077987867679,0.3294016595017658,0.2149787880590118,0.3414383042905724,0.381603413883564,0.326744403633373,0.4067368571812449,0.3504325171391697,0.2708964502278972,0.3502224861931017,0.2594845451392171,0.3268938169468986,0.0,0.4340932818843001,0.3493462445437927,0.3257028174977702,0.3310215948415662,0.313822032076234,0.4303173982343766,0.4001083637682404,0.4081113453690177,0.4044479279772651,0.2270276886654918,0.3071848920188143,0.342156650343431,0.4209767364961662,0.3342987524191656,0.3873700579186606,0.335681131821864,0.2798801144437217,0.3208696502184039,0.1976833353654216,0.0,0.2801824032663628,0.3355612167845282,0.2130259971499095,0.1879217001642588,0.3718920123738936,0.3215912047183685,0.4422190086396507,0.4703708500004581,0.3492831697500037,0.0,0.1912188294489913,0.3697867379561753,0.4076159025499379,0.3037378373920242,0.0,0.0,0.4249058598307657,0.2943749819143288,0.4590785752229067,0.0,0.3389421379126025,0.0,0.3270494754558984,0.3689650405596096,0.0,0.4438158196732117,0.3773982012543723,0.3423092151180587,0.3603318168096812,0.0,0.4289157269169096,0.4400488736332122,0.4507868384420437,0.4581182874849648,0.349147698567225,0.3538087208088243,0.4103792305190346,0.4508907445808408,0.4895547664459518,0.4218690223534443,0.0,0.456332978748609
0.3786259092718524,0.4025112984516119,0.3266546928172839,0.2451109544975023,0.322960201396166,0.3902107273815764,0.3279696240766073,0.399772250614347,0.3208726616095753,0.261515070406697,0.3489170969230077,0.2650125679088015,0.31045138300263,0.0,0.4649523201168287,0.4189792369743335,0.3332271211632396,0.3420697262125129,0.3471011530129847,0.4534040920872705,0.4439441865737319,0.4545321102202485,0.4193146942380759,0.2641864405489651,0.3323174050296361,0.3895328567591486,0.4335758062898588,0.2909418174779208,0.403256231830192,0.3017994621634897,0.2936131435437706,0.3177984144212328,0.314696079598995,0.2801824032663628,0.0,0.3124262734498174,0.2691260262736547,0.2143749358293061,0.3214883356373168,0.2892980747783633,0.2324185769933066,0.2867199038051847,0.2522310045234918,0.281547916217879,0.2083347552518052,0.0,0.4415958793963163,0.0,0.0,0.0,0.0,0.0,0.0,0.0,0.0,0.0,0.0,0.1754176601101623,0.0,0.456452628894873,0.3961837014506569,0.0,0.0,0.0,0.4201644052457337,0.0,0.4730270189360914,0.4584852143635915,0.0,0.3599708870824808,0.4502741817308227,0.4438460254168937,0.2779307874736287,0.396179817091616,0.0,0.0
0.0,0.0,0.32737987776159,0.160680790945386,0.2019484301676681,0.3572347610943965,0.2518549552926473,0.195150408486092,0.334910004511679,0.331868279130222,0.2461914095020761,0.2828747736818987,0.2649816867075348,0.1752335756397477,0.4882612100435638,0.0,0.0,0.0,0.3128571178667185,0.4729450886175423,0.0,0.4835619070257335,0.3382618465117963,0.3049883979673808,0.0,0.4558581289706062,0.4428977710633455,0.2220174735031015,0.4188837919820546,0.0,0.3383147520812311,0.2256316940142724,0.3921342216055486,0.3355612167845282,0.3124262734498174,0.0,0.1430772655567896,0.2186169140414781,0.3559023800673783,0.0,0.0,0.0,0.2543218688168345,0.0,0.0,0.0,0.0,0.3187543383936717,0.0,0.0,0.0,0.0,0.0,0.0,0.0,0.2585289167572707,0.0,0.4144410671861283,0.0,0.0,0.0,0.0,0.0,0.0,0.3646473370091107,0.0,0.0,0.4248935394914033,0.0,0.0,0.0,0.4190452620510052,0.4016754377098386,0.0,0.0,0.0
0.0,0.0,0.0,0.1347410639611091,0.2160031112534902,0.3377929001656744,0.2523413127984427,0.0,0.3006379360933733,0.0,0.3110256602317154,0.2057479477199282,0.2697742612466429,0.1604166825000254,0.0,0.0,0.0,0.0,0.3021353966432042,0.0,0.0,0.0,0.3494093845990843,0.0,0.0,0.0,0.4122193358305719,0.1949459196273358,0.0,0.0,0.323435031214224,0.251140435455998,0.2345474907587752,0.2130259971499095,0.2691260262736547,0.1430772655567896,0.0,0.226422740074087,0.0,0.0,0.0,0.0,0.0,0.0,0.0,0.0,0.0,0.0,0.0,0.0,0.0,0.0,0.0,0.0,0.0,0.0,0.0,0.0,0.0,0.0,0.0,0.0,0.0,0.0,0.0,0.0,0.0,0.0,0.0,0.0,0.0,0.0,0.0,0.0,0.0,0.0
0.3108164752329022,0.0,0.0,0.0,0.2527741093072316,0.0,0.2986938955239462,0.0,0.1758683737763494,0.2311991941636524,0.2571528729826299,0.2268808596018943,0.2483802741373221,0.0,0.0,0.0,0.2247407942412838,0.0,0.2840240733158871,0.0,0.0,0.0,0.0,0.2251885535156907,0.252215194937617,0.2616781336682198,0.0,0.2763192204424837,0.0,0.0,0.2279024024634091,0.2338667617758166,0.1627412476855927,0.1879217001642588,0.2143749358293061,0.2186169140414781,0.226422740074087,0.0,0.2196755844077531,0.0,0.2069079605021239,0.0,0.0,0.0,0.0,0.0,0.0,0.0,0.0,0.0,0.0,0.0,0.0,0.0,0.0,0.0,0.0,0.0,0.0,0.0,0.0,0.0,0.0,0.0,0.0,0.0,0.0,0.0,0.0,0.0,0.0,0.0,0.0,0.0,0.0,0.0
0.4070064187917429,0.4119912725202975,0.4064971036227984,0.0,0.3322362794975126,0.431868946645435,0.3230620882600317,0.4321658252517249,0.3453409523566161,0.4085232268293903,0.0,0.0,0.4571949140828604,0.0,0.4375943206921497,0.4036993948992636,0.0,0.387316883312327,0.0,0.4370691038261903,0.4192388330059227,0.446875706762898,0.4407285451076341,0.0,0.3916229690056693,0.4290314198021152,0.4434531972812355,0.4364466276566056,0.4304540463111012,0.0,0.4296627115190698,0.3416048080922618,0.2794090825131234,0.3718920123738936,0.3214883356373168,0.3559023800673783,0.0,0.2196755844077531,0.0,0.2766770219684982,0.3426647974967364,0.3538340568783182,0.2572860704257754,0.2877457598756019,0.257456866460075,0.3685130682121869,0.3849204308048031,0.3834455525207649,0.2553361598088142,0.3104938951437407,0.3917303756083088,0.3363631317348142,0.3736485093763371,0.3806710335229912,0.3253299534196143,0.3334088447046693,0.2568136800781433,0.349131908014768,0.2283631366060585,0.4111577128441472,0.4045236006642986,0.3553119780049648,0.3694772680000919,0.3710732297561464,0.4337008565269529,0.4065915132250575,0.4140030614593587,0.3990272396482989,0.3203972564550051,0.348008888723035,0.3818998245936028,0.4191962665326639,0.3445801809613894,0.4133190543310928,0.3839136404270182,0.3635715706513037
0.3492258158900073,0.3849961144706176,0.0,0.0,0.0,0.0,0.0,0.0,0.0,0.278990356512985,0.0,0.2779046601167023,0.3880484391535821,0.0,0.4221691858950072,0.3632081958184072,0.3254328090394091,0.3444729629054679,0.0,0.0,0.3379405985637309,0.4237971112008647,0.3916962332863511,0.2580616309282525,0.3486088297607208,0.3796878492196978,0.0,0.0,0.0,0.0,0.3618682759259152,0.251832006712323,0.3564794345606347,0.3215912047183685,0.2892980747783633,0.0,0.0,0.0,0.2766770219684982,0.0,0.1947682520465354,0.2914396735914401,0.2199942925585856,0.2475724503233379,0.1724813129462962,0.2848543611697244,0.3022940151045769,0.2632584092059677,0.0,0.299034673785351,0.3677330289678584,0.3257900647110135,0.3859431657154555,0.302030435189364,0.2448715348828475,0.2921226605280821,0.21167569650586,0.3208620883615403,0.0,0.3576218902947343,0.307820594893384,0.2704351897338071,0.2974274078967545,0.2787609917464048,0.3649601133973578,0.3510584520465904,0.3275737012353026,0.3811068594542793,0.1860765906130349,0.2441074515519147,0.2982172197084008,0.3848085653267421,0.2875808210830122,0.3471108195204393,0.0,0.2697693782902888
0.3776925657586495,0.3965815155081735,0.3622547067873756,0.0,0.0,0.4413112427353993,0.3118701604589211,0.4583850746942781,0.285035702769267,0.309191757358895,0.0,0.3060812038225154,0.3891288304419965,0.0,0.4515705825238377,0.3844840746978455,0.0,0.35795944382461,0.0,0.4506585831571303,0.4282483488553942,0.4487519394577123,0.4691756824070644,0.3355352099034929,0.3641510736235003,0.3982861715725234,0.4461921934051408,0.4695048621448764,0.4621510494564583,0.0,0.4429767043218809,0.3613199638117512,0.2968240991894158,0.4422190086396507,0.2324185769933066,0.0,0.0,0.2069079605021239,0.3426647974967364,0.1947682520465354,0.0,0.3252870769225646,0.3808333968424256,0.2918518004566561,0.2154631946433317,0.3081246648718972,0.3392842112674865,0.3991511725275665,0.21729042280761,0.2800068825137005,0.4006260738785654,0.327994626328086,0.4346898411867371,0.3732333895479285,0.2698383403001876,0.3367791250361008,0.2465238544473119,0.343694971459673,0.2974636634542038,0.430422787758513,0.3320228777409113,0.3004292253685953,0.3195211852509791,0.368682295433072,0.4115542215846715,0.4409386247555018,0.3777396235074671,0.4277589431987466,0.2563139678615707,0.2908592974284184,0.3340705585450819,0.4353046502743181,0.3331876593291638,0.3884419743451197,0.3668590299842846,0.2830477260406628
