0.0,0.3113634681135234,0.0,0.0,0.0,0.2797975928906982,0.0,0.3583305250840233,0.0,0.283411405058246,0.0,0.2962597416233712,0.0,0.3455624671693814,0.2742786462922941,0.3071945605324879,0.3079364023169572,0.2881951291568936,0.0,0.3109849268181196,0.2773250153919239,0.289842761967643,0.3327176375042013,0.2795451501040059,0.2884631679425002,0.2722560862999966,0.3485041530462316,0.2963069227809775,0.32781737261811,0.0,0.2796791359218493,0.3066117038319234,0.2729653778827964,0.2779563757907482,0.302179583947144,0.0,0.0,0.2689550856893466,0.3131552019655128,0.2888108197957126,0.3085514164763374,0.0,0.0,0.0,0.0,0.2659485136945612,0.3292296093188102,0.0,0.0,0.0,0.0,0.0,0.0,0.0,0.3261362541762286,0.0,0.0,0.0,0.0,0.0,0.3282407589760973,0.0,0.3179037148313345,0.0,0.0,0.2527833399145805,0.3330890443047876,0.0,0.3224351150946225,0.3306458429517006,0.3287565626996208,0.0,0.0,0.0,0.0,0.3060911781423838
0.3113634681135234,0.0,0.0,0.0,0.2719209810904092,0.2939928288939912,0.3031151738404813,0.3569933476142674,0.2710294157914319,0.0,0.0,0.0,0.308907092672861,0.0,0.2959551120908726,0.2871667551129539,0.0,0.2834690901788311,0.0,0.2914724456182536,0.3064791284110403,0.2630993653806746,0.3218868449910003,0.0,0.2673709461887725,0.2770336782127787,0.3013456917034404,0.3091721672027295,0.3072988309745312,0.0,0.2588145655945643,0.2795989588776657,0.2408289734672463,0.2540047934629308,0.3022385285448669,0.0,0.0,0.0,0.3238774919817986,0.3078508587919453,0.3124243667994787,0.3293078988077149,0.0,0.0,0.0,0.3258925110412403,0.3277184691595698,0.0,0.0,0.0,0.290345983782599,0.0,0.0,0.0,0.0,0.0,0.0,0.0,0.0,0.3415021278190223,0.3232212569373099,0.0,0.3257427130973496,0.0,0.3215406353345282,0.3312037974514258,0.3191326727818586,0.3396141873937334,0.0,0.3439845819287403,0.3444116854086415,0.3323282204292223,0.0,0.323796759455574,0.0,0.3087714238384173
0.0,0.0,0.0,0.2753889458814826,0.2730329930107997,0.2702747327422431,0.3013350232927983,0.3371615987696437,0.2014276316667328,0.299376229528555,0.2192803177027478,0.0,0.3252831615018436,0.3103835579665427,0.0,0.0,0.0,0.0,0.2022702359182612,0.0,0.0,0.0,0.2221082562735774,0.0,0.0,0.0,0.2436240604514159,0.3313067336569624,0.2704289256116581,0.3139840896597809,0.3358455154221705,0.3145046299726893,0.0,0.342817131895806,0.3278954224366168,0.3205620740893806,0.3127802297767899,0.0,0.3241074851177762,0.0,0.0,0.0,0.3385903986819975,0.0,0.0,0.0,0.0,0.4093240346790006,0.0,0.3622699613588101,0.3965122368930189,0.3695365156772572,0.3769499794163806,0.4085590336244241,0.0,0.3715420246606234,0.0,0.3572014162074733,0.3633888827054622,0.0,0.0,0.0,0.0,0.4102045630186779,0.0,0.0,0.0,0.3990399678289734,0.0,0.0,0.0,0.4152705484764371,0.0,0.0,0.0,0.0
0.0,0.0,0.2753889458814826,0.0,0.1719409738764724,0.2910086813370782,0.1968362946274479,0.2051431513877785,0.3032881865606162,0.1869190474223407,0.293547143431814,0.0,0.2465871113730353,0.1721120918589384,0.0,0.0,0.0,0.0,0.2941412551022883,0.2721131705379884,0.0,0.0,0.2809764566829521,0.0,0.0,0.0,0.279475219453738,0.2039410372366529,0.0,0.0,0.1919195909801087,0.1978553032546467,0.0,0.1596398385908956,0.2031692804520166,0.1288338377984747,0.1280988852145252,0.0,0.0,0.0,0.0,0.0,0.0,0.0,0.0,0.0,0.0,0.0,0.0,0.0,0.0,0.0,0.0,0.0,0.0,0.0,0.0,0.0,0.0,0.0,0.0,0.0,0.0,0.0,0.0,0.0,0.0,0.0,0.0,0.0,0.0,0.0,0.0,0.0,0.0,0.0
0.0,0.2719209810904092,0.2730329930107997,0.1719409738764724,0.0,0.2649901423850015,0.2344242346903068,0.2510275669416855,0.2532732688801544,0.313626321149922,0.2099579418614634,0.2970267594408485,0.262280476149587,0.2014770226959549,0.0,0.2918748712510282,0.0,0.0,0.2469072734183929,0.291479962111591,0.0,0.3024864614784856,0.2874805726910573,0.0,0.2565994421784773,0.2386193759490941,0.2754414290671779,0.2776080802896469,0.3140984168295787,0.0,0.3246806933576324,0.2302765675526869,0.2736771843143283,0.3091866605951187,0.2870261096291757,0.1742830960821767,0.2459955813547865,0.271701549080923,0.2730491262676249,0.0,0.0,0.0,0.262729837694985,0.0,0.0,0.0,0.0,0.3338194002926864,0.0,0.0,0.3252052936815847,0.0,0.2961240703049111,0.3120138278257441,0.0,0.2807453272500677,0.0,0.0,0.0,0.0,0.0,0.0,0.0,0.2797246568352857,0.0,0.0,0.0,0.3602597618405205,0.0,0.0,0.0,0.3431725140648456,0.0,0.0,0.0,0.0
0.2797975928906982,0.2939928288939912,0.2702747327422431,0.2910086813370782,0.2649901423850015,0.0,0.2960504121895578,0.328471393089765,0.2491973224859945,0.3316524143849357,0.260107990322228,0.2893463571562373,0.2859856125787811,0.2945632712316653,0.300837739291835,0.3121004089623616,0.0,0.335383686981712,0.2478478170581355,0.2926868172397192,0.3101454019413829,0.3064323403762332,0.2826833215574825,0.0,0.2812042124061546,0.2905023536821049,0.2629432727152653,0.3010372185090266,0.2517837402015129,0.3072728139555022,0.3155940439507891,0.2925273585390981,0.2806430941581905,0.3130993789547773,0.301553961367872,0.301836364609016,0.3114423318790829,0.2726799462725777,0.3388235042331968,0.0,0.2939899588757491,0.3221360876459652,0.3338808649612236,0.0,0.0,0.0,0.0,0.4024274474914368,0.0,0.3529862749414145,0.3772951493490408,0.3762204010123247,0.3552078281536926,0.3910700371107475,0.0,0.3579833908681591,0.0,0.3886571679525606,0.0,0.3274958499158652,0.0,0.0,0.0,0.3829678926555887,0.3618372997905572,0.2877979214427893,0.3017243198414106,0.3850764175833004,0.0,0.0,0.2904477648431475,0.3812519479989603,0.3908606620520272,0.3555584703654918,0.0,0.3724239850043775
0.0,0.3031151738404813,0.3013350232927983,0.1968362946274479,0.2344242346903068,0.2960504121895578,0.0,0.3116997969086096,0.2900761100302961,0.2827489039412774,0.3150022553973575,0.0,0.2407959357480197,0.265375340168494,0.0,0.3245888769251538,0.2844968482673957,0.3162443815445113,0.3209901450434851,0.2975361362587575,0.0,0.3210727594777285,0.3058267412319088,0.0,0.2901785825102306,0.2497664624872538,0.292913687752651,0.2781026233550525,0.3216082559914134,0.0,0.3093911010887232,0.2597669608674642,0.2772737391393535,0.2703199376945154,0.2509758310984686,0.2201740506659507,0.2178970208160723,0.0,0.0,0.0,0.0,0.0,0.2505030430199307,0.0,0.0,0.0,0.0,0.0,0.0,0.0,0.3549255642763251,0.0,0.0,0.0,0.0,0.0,0.0,0.0,0.0,0.0,0.0,0.0,0.0,0.0,0.0,0.0,0.0,0.3735118984924716,0.0,0.0,0.0,0.3802171649444618,0.0,0.0,0.0,0.0
0.3583305250840233,0.3569933476142674,0.3371615987696437,0.2051431513877785,0.2510275669416855,0.328471393089765,0.3116997969086096,0.0,0.3357915640563051,0.3096466114052933,0.2395486826417463,0.0,0.326036431093535,0.2176644599474498,0.3675551295438671,0.3407636081476077,0.0,0.3380546903045166,0.2856113814809595,0.3183531397134771,0.276681825966638,0.3360819031930576,0.2739592994159715,0.3669156387324242,0.3463711599348182,0.3605806154159447,0.3233022369431952,0.3172348023054825,0.3122161846391781,0.294907277079941,0.3187305426522464,0.2720689178725895,0.3364500652643114,0.3175524921842735,0.3233068928263077,0.1771360603179276,0.2982128348752166,0.0,0.3183596555540018,0.0,0.35089996365786,0.0,0.2686127752679261,0.0,0.0,0.0,0.0,0.3644472452958319,0.0,0.2745294097279595,0.3361109237396682,0.3338772696851927,0.2452725919452675,0.3673924075414982,0.0,0.3043337828992694,0.0,0.3456412671912821,0.0,0.3305359017703784,0.0,0.0,0.0,0.3435037065270896,0.3485597316316093,0.3072499652745324,0.3833794984350253,0.3293352525964209,0.0,0.0,0.0,0.3530556329279052,0.3519492816964675,0.3297206270824303,0.0,0.3415220014598783
0.0,0.2710294157914319,0.2014276316667328,0.3032881865606162,0.2532732688801544,0.2491973224859945,0.2900761100302961,0.3357915640563051,0.0,0.3497658911963488,0.2325874861980858,0.3137993936678444,0.2818447621277618,0.2895941871351111,0.0,0.273228553028178,0.0,0.0,0.1870337535808322,0.2862687028076192,0.0,0.2913894228105838,0.2820144817033088,0.0,0.2612396775089167,0.2648217247323722,0.2542090954400192,0.3243746037289946,0.3072950520405387,0.3305393176459733,0.3334113167514793,0.3000107713990476,0.2904340666066959,0.3286828605995088,0.3200446841739631,0.320748587631135,0.326566905166719,0.3229232779707495,0.2923852942864486,0.0,0.0,0.0,0.3238076628044088,0.0,0.0,0.0,0.0,0.4020016228822952,0.0,0.3230255961859536,0.3864214459045932,0.3527062985396108,0.3671773857804641,0.3961074829739994,0.0,0.3525919022635018,0.0,0.3441593595232402,0.0,0.0,0.0,0.0,0.0,0.3756552531770706,0.0,0.0,0.0,0.3910861334372055,0.0,0.0,0.0,0.3867724615793702,0.0,0.0,0.0,0.0
0.283411405058246,0.0,0.299376229528555,0.1869190474223407,0.313626321149922,0.3316524143849357,0.2827489039412774,0.3096466114052933,0.3497658911963488,0.0,0.3247328079685782,0.2030639672492195,0.3003887122794995,0.2622305033766748,0.0,0.2876512551289965,0.2575784899839158,0.2908042545575847,0.3207334043346219,0.0,0.3183519301712913,0.2634947264217784,0.3169188269427392,0.2229294562659298,0.264965429039512,0.2815310046892276,0.3056754939465626,0.2890989725669138,0.0,0.0,0.2502066089181237,0.234151086262392,0.2286929693263814,0.217579292036102,0.2066420133386814,0.2325494817417051,0.1953378895188654,0.1776225017648234,0.1865845132726351,0.2679444747095227,0.2684456265426972,0.0,0.0,0.0,0.2352643920047445,0.3003429337610978,0.0,0.0,0.0,0.0,0.0,0.0,0.0,0.0,0.3516564398940401,0.0,0.331862352272233,0.0,0.0,0.0,0.2566974581709624,0.375254994868531,0.3652663101219165,0.0,0.0,0.0,0.0,0.0,0.3095159084870622,0.3703787517318505,0.3729083094496019,0.0,0.3561245044124146,0.0,0.0,0.3123124225356114
0.0,0.0,0.2192803177027478,0.293547143431814,0.2099579418614634,0.260107990322228,0.3150022553973575,0.2395486826417463,0.2325874861980858,0.3247328079685782,0.0,0.3038918069765798,0.3258105976877289,0.2069815618655338,0.0,0.0,0.0,0.0,0.1942728256964128,0.0,0.0,0.0,0.1930917438187393,0.3182449400552128,0.0,0.0,0.2345946150345159,0.3124145622642996,0.0,0.0,0.3337371045815059,0.265630975734449,0.2917756307548638,0.3219644057322138,0.3051424309849725,0.2080101661379977,0.3083109593386119,0.2988523028537814,0.2581476971966661,0.0,0.0,0.0,0.281314217065449,0.0,0.0,0.0,0.0,0.3733512903141863,0.0,0.2922338213978943,0.3382063309365261,0.0,0.2944966271019107,0.3700048421148088,0.0,0.3248232279225662,0.0,0.2898260662385336,0.3133561671043642,0.0,0.0,0.0,0.0,0.3239736911129954,0.0,0.0,0.0,0.3639819861588986,0.0,0.0,0.0,0.369883390392741,0.0,0.0,0.0,0.0
0.2962597416233712,0.0,0.0,0.0,0.2970267594408485,0.2893463571562373,0.0,0.0,0.3137993936678444,0.2030639672492195,0.3038918069765798,0.0,0.3206322255117379,0.0,0.0,0.0,0.2942850865778331,0.2660007182762034,0.0,0.0,0.306677840715599,0.0,0.3115346799022865,0.2113846976701371,0.2759922280482897,0.2449843052506749,0.0,0.295754976924689,0.0,0.0,0.2558143859632698,0.2197514262885909,0.198434721214785,0.1763581471811016,0.185562867086617,0.2340416971729078,0.1928573320852061,0.1486818587460329,0.2148774546839078,0.2840533697270789,0.2834750849784627,0.0,0.0,0.0,0.2354487144596922,0.0,0.0,0.0,0.0,0.0,0.0,0.0,0.0,0.0,0.3587744839157695,0.0,0.3421208634588326,0.0,0.0,0.0,0.0,0.4187000163432943,0.3652174609263673,0.0,0.0,0.0,0.0,0.0,0.322179185971385,0.3815986257262577,0.3790819367893814,0.0,0.0,0.0,0.0,0.3504256145914798
0.0,0.308907092672861,0.3252831615018436,0.2465871113730353,0.262280476149587,0.2859856125787811,0.2407959357480197,0.326036431093535,0.2818447621277618,0.3003887122794995,0.3258105976877289,0.3206322255117379,0.0,0.2745982295044333,0.0,0.3258402705343808,0.309391132540564,0.3348772826549825,0.3273789378962287,0.3033905418036883,0.3398197440071408,0.3251043165040034,0.3113224455923605,0.3264963796712865,0.2998466984392358,0.2745575229779466,0.3078884999415313,0.2782901449132787,0.3141603825900768,0.3028420505140269,0.2955929769947912,0.2734276098455536,0.2762177227718371,0.2909331814218419,0.2867981526515589,0.2640350327417071,0.2624404003293659,0.2862242575841064,0.352486397659625,0.0,0.2527498483727384,0.0,0.3063113648084379,0.0,0.0,0.0,0.0,0.3662645339606551,0.0,0.0,0.4027807439454223,0.0,0.3419688216062139,0.0,0.0,0.0,0.0,0.0,0.0,0.0,0.0,0.0,0.0,0.0,0.3370922401831637,0.0,0.0,0.3739590224994764,0.0,0.0,0.0,0.3823087528900639,0.0,0.3505826597311544,0.0,0.0
0.3455624671693814,0.0,0.3103835579665427,0.1721120918589384,0.2014770226959549,0.2945632712316653,0.265375340168494,0.2176644599474498,0.2895941871351111,0.2622305033766748,0.2069815618655338,0.0,0.2745982295044333,0.0,0.0,0.0,0.0,0.0,0.2602636078428248,0.0,0.0,0.0,0.2658209328297271,0.0,0.0,0.0,0.3012748757662435,0.2307254321099237,0.0,0.0,0.3195200637591368,0.1551889177767939,0.0,0.2833142899797758,0.0,0.157211648599815,0.1436880231887334,0.0,0.0,0.0,0.0,0.0,0.2722621776976708,0.0,0.0,0.0,0.0,0.329885941523853,0.0,0.0,0.0,0.0,0.0,0.3385759665960573,0.0,0.2818088323344227,0.0,0.0,0.0,0.0,0.0,0.0,0.0,0.2647363714769409,0.0,0.0,0.0,0.3467859663987134,0.0,0.0,0.0,0.0,0.0,0.0,0.0,0.0
0.2742786462922941,0.2959551120908726,0.0,0.0,0.0,0.300837739291835,0.0,0.3675551295438671,0.0,0.0,0.0,0.0,0.0,0.0,0.0,0.2989339748540561,0.0,0.2923932592733571,0.0,0.2307551783177085,0.2767292817479442,0.2513815672608168,0.2787786045318291,0.3420798319068622,0.2848120668922378,0.2820868022061372,0.3043620809095101,0.2906425100613916,0.2791575124005454,0.2983215097694475,0.2922916379293933,0.3053257221084565,0.2982991888320618,0.307576438857683,0.347914760750692,0.0,0.0,0.0,0.3442829788319483,0.3372825102125346,0.3787405304241421,0.3775496255144766,0.3557181038066659,0.0,0.0,0.0,0.3331105702426195,0.0,0.0,0.0,0.3369867278196666,0.0,0.3428447259984017,0.0,0.0,0.0,0.0,0.0,0.0,0.3644586522418453,0.3305087118604101,0.0,0.0,0.0,0.3359369015016205,0.3354255652010049,0.3639634828511814,0.3475977014287394,0.0,0.2819697301538453,0.407896402650533,0.3538858272344106,0.3279976565254048,0.3415391914068699,0.0,0.3488659606889507
0.3071945605324879,0.2871667551129539,0.0,0.0,0.2918748712510282,0.3121004089623616,0.3245888769251538,0.3407636081476077,0.273228553028178,0.2876512551289965,0.0,0.0,0.3258402705343808,0.0,0.2989339748540561,0.0,0.3010624572107417,0.26127934696173,0.0,0.2915866411586896,0.3074588759104324,0.2798561023731751,0.3197200316939736,0.2812744752519483,0.2865570387138226,0.2938737289364801,0.3120316835687141,0.3164824616820875,0.3124385288518594,0.2770717470932797,0.2685203515785163,0.3105042211334116,0.2536162351145368,0.267714105821815,0.2972724986401248,0.0,0.0,0.0,0.3232702774665707,0.2931914352568568,0.3107849223965606,0.3263022129944835,0.0,0.0,0.0,0.3186976116718913,0.3328161597882552,0.0,0.0,0.0,0.0,0.0,0.0,0.0,0.0,0.0,0.0,0.0,0.0,0.3388759274722298,0.3190949430702196,0.0,0.3059527924136769,0.0,0.3091126569436278,0.3063231989456147,0.3244393316492088,0.0,0.0,0.3245438497644527,0.3427764480015396,0.3124996774165799,0.0,0.0,0.0,0.3034871306826109
0.3079364023169572,0.0,0.0,0.0,0.0,0.0,0.2844968482673957,0.0,0.0,0.2575784899839158,0.0,0.2942850865778331,0.309391132540564,0.0,0.0,0.3010624572107417,0.0,0.2747831801351644,0.0,0.2699618964292686,0.0,0.2834038681206624,0.0,0.2899379736949293,0.2609579575464358,0.2879449707953068,0.0,0.2969394098543997,0.2680740825812138,0.0,0.2558115640313457,0.2967384276296122,0.2514267108679066,0.2592069186932068,0.2608438309928727,0.0,0.0,0.2410298217731957,0.2663811823219557,0.2599979288739014,0.0,0.0,0.0,0.0,0.0,0.0,0.0,0.0,0.0,0.0,0.0,0.0,0.0,0.0,0.3379176149463098,0.0,0.3483239121715216,0.0,0.0,0.0,0.0,0.3398937242180094,0.3203085335088201,0.0,0.0,0.0,0.0,0.0,0.3391317800403577,0.3314420626777577,0.3530579008963378,0.0,0.0,0.0,0.0,0.2605148675685316
0.2881951291568936,0.2834690901788311,0.0,0.0,0.0,0.335383686981712,0.3162443815445113,0.3380546903045166,0.0,0.2908042545575847,0.0,0.2660007182762034,0.3348772826549825,0.0,0.2923932592733571,0.26127934696173,0.2747831801351644,0.0,0.0,0.2958217686876844,0.3120206692773281,0.2994062625945082,0.3317842079979475,0.2812276581145091,0.2618472360342949,0.279138069995401,0.3279217524314461,0.3163374337050579,0.3167466406467171,0.2734681786250707,0.270428628472731,0.3200327710358384,0.2567764761783881,0.2635803917515794,0.2739812247611378,0.0,0.0,0.0,0.3010677108307492,0.2645715487578932,0.2995386996123848,0.3121036554699909,0.0,0.0,0.0,0.3175569629622143,0.3320258545115845,0.0,0.0,0.0,0.0,0.0,0.0,0.0,0.2944675137363639,0.0,0.3204933301037463,0.0,0.0,0.0,0.3097581984999912,0.294985493905269,0.3031791611246661,0.0,0.0,0.0,0.3101617042273514,0.0,0.3777160943696167,0.3133027317251392,0.3339593776541358,0.0,0.0,0.0,0.0,0.3047657126603353
0.0,0.0,0.2022702359182612,0.2941412551022883,0.2469072734183929,0.2478478170581355,0.3209901450434851,0.2856113814809595,0.1870337535808322,0.3207334043346219,0.1942728256964128,0.0,0.3273789378962287,0.2602636078428248,0.0,0.0,0.0,0.0,0.0,0.0,0.0,0.0,0.2123495370143604,0.0,0.0,0.0,0.2405345272869423,0.3190026832449734,0.0,0.0,0.3347922458264737,0.3001135016226349,0.0,0.3372797811486708,0.3239319185639664,0.2999092792786858,0.3025451827537503,0.2747901865146111,0.2954481523302916,0.0,0.0,0.0,0.296895191078132,0.0,0.0,0.0,0.0,0.376025464201559,0.0,0.279447582028714,0.3737461433177138,0.3157972528943135,0.3316462679734956,0.3833172080532852,0.0,0.3374169906910599,0.0,0.0,0.3244564183513111,0.0,0.0,0.0,0.0,0.3504344697907026,0.0,0.0,0.0,0.3843202631076708,0.0,0.0,0.0,0.3835443835398141,0.0,0.0,0.0,0.0
0.3109849268181196,0.2914724456182536,0.0,0.2721131705379884,0.291479962111591,0.2926868172397192,0.2975361362587575,0.3183531397134771,0.2862687028076192,0.0,0.0,0.0,0.3033905418036883,0.0,0.2307551783177085,0.2915866411586896,0.2699618964292686,0.2958217686876844,0.0,0.0,0.2979582576713229,0.2427152035375067,0.20621637026391,0.0,0.2917836553626897,0.3120330156257974,0.2579319122566543,0.2777869032753758,0.2420692937415874,0.2730343354461531,0.2625892886510227,0.294325692328986,0.2570144285401801,0.2826849498790588,0.3228830201614568,0.3434213885049748,0.3003191020398832,0.0,0.32251024565782,0.3003056119991549,0.3436743041414711,0.3420033007662834,0.0,0.0,0.0,0.0,0.3015073398898551,0.0,0.0,0.0,0.3472438455762558,0.0,0.3456297325181288,0.0,0.0,0.0,0.0,0.3005127036020691,0.0,0.3350478805416957,0.0,0.0,0.0,0.0,0.3254034789764635,0.3197955444026703,0.3278970516362986,0.3693093193678658,0.0,0.0,0.3235795472301194,0.3604934009163866,0.3495653198353702,0.3553214820171717,0.0,0.3279866606441967
0.2773250153919239,0.3064791284110403,0.0,0.0,0.0,0.3101454019413829,0.0,0.276681825966638,0.0,0.3183519301712913,0.0,0.306677840715599,0.3398197440071408,0.0,0.2767292817479442,0.3074588759104324,0.0,0.3120206692773281,0.0,0.2979582576713229,0.0,0.3125092021301283,0.293878276884265,0.3350704163103832,0.3246496860610395,0.3094796649494531,0.3177280720463632,0.3305710456202315,0.31171461165776,0.0,0.2944488876964722,0.3055080274382379,0.2941730741259505,0.2995052087556047,0.3314900831032931,0.0,0.0,0.0,0.3210226469283448,0.3246238630764645,0.3336002773810467,0.3625864933821656,0.0,0.0,0.0,0.2143763819036978,0.3215066661176284,0.0,0.0,0.0,0.3277943580235419,0.0,0.3379527007082106,0.0,0.0,0.0,0.0,0.0,0.0,0.3637299770167275,0.3259565036042758,0.0,0.0,0.0,0.330092581999867,0.2968812406765117,0.3562880594378775,0.3338085098126196,0.0,0.3133947594500601,0.3630902349822743,0.360958109272767,0.3296596456534543,0.3318060283574669,0.0,0.3181454308281956
0.289842761967643,0.2630993653806746,0.0,0.0,0.3024864614784856,0.3064323403762332,0.3210727594777285,0.3360819031930576,0.2913894228105838,0.2634947264217784,0.0,0.0,0.3251043165040034,0.0,0.2513815672608168,0.2798561023731751,0.2834038681206624,0.2994062625945082,0.0,0.2427152035375067,0.3125092021301283,0.0,0.3005140361598784,0.0,0.2887013198955677,0.2862419068341186,0.3053481397633036,0.3008948389258488,0.2844485308161175,0.272643512821777,0.2678539155126871,0.2973833049709712,0.2585980588517456,0.2829829422834212,0.3354214516713142,0.3600185249980816,0.305851127243774,0.0,0.3254339974022989,0.3320590812827199,0.3339298807255312,0.3600453537615763,0.0,0.0,0.0,0.3084603432952191,0.3191860977454756,0.0,0.0,0.0,0.3155970952557368,0.0,0.0,0.0,0.0,0.0,0.0,0.0,0.0,0.360342338092217,0.3191780623168407,0.0,0.2729741720687801,0.0,0.3308438974499105,0.3465513267055747,0.3455242572822505,0.3421728030784837,0.0,0.3187934638463492,0.3498119857128349,0.352115207913313,0.2832321830133744,0.3340511884161202,0.0,0.3362804339199985
0.3327176375042013,0.3218868449910003,0.2221082562735774,0.2809764566829521,0.2874805726910573,0.2826833215574825,0.3058267412319088,0.2739592994159715,0.2820144817033088,0.3169188269427392,0.1930917438187393,0.3115346799022865,0.3113224455923605,0.2658209328297271,0.2787786045318291,0.3197200316939736,0.0,0.3317842079979475,0.2123495370143604,0.20621637026391,0.293878276884265,0.3005140361598784,0.0,0.366667324485759,0.3252526673345571,0.3314139628722988,0.2444625967080936,0.3073251337734651,0.300728717220644,0.3033728473853113,0.3056984264347828,0.2940819909118422,0.2757031529351612,0.3146913601582718,0.3436466055650792,0.2807007763515874,0.3104676453451339,0.3005091820379678,0.3581008146888073,0.3561842926692898,0.3725906565325424,0.3889228018607069,0.3438773713201671,0.0,0.0,0.0,0.3449980166077033,0.4022428655102606,0.0,0.3491659041112503,0.3721686745646194,0.3752812355726036,0.3372297739286454,0.3921521256618871,0.0,0.3640890574474859,0.0,0.377418337394696,0.3421983333469001,0.3614359278826754,0.0,0.0,0.0,0.3897796665116105,0.3704033703512827,0.3524144330705669,0.358780025391133,0.3750253619030979,0.0,0.0,0.352002834544119,0.3805393594916537,0.3732297405022686,0.3673125432803341,0.3701436368675792,0.3769316519425988
0.2795451501040059,0.0,0.0,0.0,0.0,0.0,0.0,0.3669156387324242,0.0,0.2229294562659298,0.3182449400552128,0.2113846976701371,0.3264963796712865,0.0,0.3420798319068622,0.2812744752519483,0.2899379736949293,0.2812276581145091,0.0,0.0,0.3350704163103832,0.0,0.366667324485759,0.0,0.2850079713971188,0.2614031862132291,0.32879671750594,0.2986201424015649,0.0,0.0,0.2568034225605119,0.2545908291285413,0.1680989711723124,0.1764381992272441,0.1676190372327438,0.292889204326157,0.0,0.186765197714936,0.2800226839241096,0.2083882262317449,0.3074978390635133,0.0,0.0,0.0,0.2022977342964476,0.3310657812416454,0.3456874336213643,0.0,0.0,0.0,0.0,0.0,0.0,0.0,0.3296476227257862,0.0,0.2976598758196598,0.0,0.0,0.0,0.3336841490747562,0.350372373122065,0.3415101741432049,0.0,0.0,0.0,0.0,0.0,0.2573014485904527,0.3508064130602891,0.3472333927761674,0.0,0.0,0.0,0.0,0.3530521863027689
0.2884631679425002,0.2673709461887725,0.0,0.0,0.2565994421784773,0.2812042124061546,0.2901785825102306,0.3463711599348182,0.2612396775089167,0.264965429039512,0.0,0.2759922280482897,0.2998466984392358,0.0,0.2848120668922378,0.2865570387138226,0.2609579575464358,0.2618472360342949,0.0,0.2917836553626897,0.3246496860610395,0.2887013198955677,0.3252526673345571,0.2850079713971188,0.0,0.2674584109709521,0.2902633070872239,0.3009121896380028,0.3106020760244624,0.0,0.272930760921272,0.28624015856086,0.2408595792149034,0.2530524396651994,0.2658714873554415,0.0,0.0,0.2321990498918134,0.3127697101131784,0.2744192806528922,0.3041055029166319,0.3186966620785713,0.0,0.0,0.0,0.3222869993265395,0.3345330374053911,0.0,0.0,0.0,0.0,0.0,0.0,0.0,0.3201306663188126,0.0,0.3269911052635929,0.0,0.0,0.3276733178460147,0.3191799676184594,0.3178462136424632,0.3141447023010043,0.0,0.2954163001338672,0.3101592207833611,0.3347055334335204,0.0,0.3269269304222646,0.3252064093076372,0.3405663850374526,0.0,0.0,0.3002323585108228,0.0,0.3118098681852738
0.2722560862999966,0.2770336782127787,0.0,0.0,0.2386193759490941,0.2905023536821049,0.2497664624872538,0.3605806154159447,0.2648217247323722,0.2815310046892276,0.0,0.2449843052506749,0.2745575229779466,0.0,0.2820868022061372,0.2938737289364801,0.2879449707953068,0.279138069995401,0.0,0.3120330156257974,0.3094796649494531,0.2862419068341186,0.3314139628722988,0.2614031862132291,0.2674584109709521,0.0,0.328823476682282,0.2965947902766995,0.2951754286592286,0.0,0.2774228443624757,0.2950327114918318,0.2637358390338754,0.2684410755051183,0.3012349135083027,0.2858903851725301,0.0,0.2460803565279407,0.3295308301448824,0.2990031241059193,0.334682089547386,0.3531482884991476,0.0,0.0,0.296338108429065,0.3232356509213221,0.3407843056607525,0.0,0.0,0.0,0.3178103426160638,0.0,0.0,0.0,0.3597600311432282,0.0,0.3581387130025811,0.0,0.0,0.388610859772347,0.3333316569954818,0.3447606471206697,0.3338220250672711,0.0,0.3529282719034771,0.3674348212456593,0.3561930157910993,0.3467919026432846,0.3373662924477639,0.34240329495007,0.3531292929751615,0.3372136426561904,0.0,0.3519627935598684,0.0,0.3313672002462108
0.3485041530462316,0.3013456917034404,0.2436240604514159,0.279475219453738,0.2754414290671779,0.2629432727152653,0.292913687752651,0.3233022369431952,0.2542090954400192,0.3056754939465626,0.2345946150345159,0.0,0.3078884999415313,0.3012748757662435,0.3043620809095101,0.3120316835687141,0.0,0.3279217524314461,0.2405345272869423,0.2579319122566543,0.3177280720463632,0.3053481397633036,0.2444625967080936,0.32879671750594,0.2902633070872239,0.328823476682282,0.0,0.3024570277390269,0.2897749583162836,0.2830190372457632,0.2956362423701724,0.2857732082819334,0.2616659230198028,0.3042379176631487,0.3165030361966536,0.2942749557710261,0.3041757190229249,0.0,0.3445539065654253,0.3250112541804282,0.3423548921935474,0.3807497074911534,0.3391352367925695,0.0,0.0,0.0,0.2935716690379351,0.399925741921551,0.0,0.3269125671268301,0.3641687465375753,0.3674988970050269,0.3496269129500751,0.3879124721066619,0.0,0.3565261068759237,0.0,0.3985394802238369,0.3218288498683403,0.3610810564233222,0.0,0.0,0.0,0.3700898575074159,0.3720477162549635,0.363009859421759,0.3581793993437954,0.3779383569733446,0.0,0.0,0.3140725179413209,0.3731003517443834,0.3893068326102792,0.3673477902571765,0.3599307703274179,0.3755381494673438
0.2963069227809775,0.3091721672027295,0.3313067336569624,0.2039410372366529,0.2776080802896469,0.3010372185090266,0.2781026233550525,0.3172348023054825,0.3243746037289946,0.2890989725669138,0.3124145622642996,0.295754976924689,0.2782901449132787,0.2307254321099237,0.2906425100613916,0.3164824616820875,0.2969394098543997,0.3163374337050579,0.3190026832449734,0.2777869032753758,0.3305710456202315,0.3008948389258488,0.3073251337734651,0.2986201424015649,0.3009121896380028,0.2965947902766995,0.3024570277390269,0.0,0.2426522663522242,0.2313378017216289,0.2677828181182501,0.2603483399580807,0.2596790592850926,0.2693594782103882,0.2488874785632239,0.2130223509003224,0.217219733012719,0.2512646075049319,0.3360692350816069,0.2835526056663165,0.3634146730792131,0.3444725942917925,0.2922804979982559,0.0,0.0,0.0,0.0,0.2997014578752219,0.0,0.0,0.3688685719750477,0.0,0.3426194573478587,0.0,0.0,0.0,0.2967612104901869,0.0,0.0,0.3434128693131769,0.0,0.0,0.0,0.0,0.3617185263952099,0.3309603990575492,0.2848720102196493,0.3666000250917666,0.0,0.0,0.0,0.3668121155777175,0.3687018564790765,0.3647967264308733,0.0,0.3556302539703953
0.32781737261811,0.3072988309745312,0.2704289256116581,0.0,0.3140984168295787,0.2517837402015129,0.3216082559914134,0.3122161846391781,0.3072950520405387,0.0,0.0,0.0,0.3141603825900768,0.0,0.2791575124005454,0.3124385288518594,0.2680740825812138,0.3167466406467171,0.0,0.2420692937415874,0.31171461165776,0.2844485308161175,0.300728717220644,0.0,0.3106020760244624,0.2951754286592286,0.2897749583162836,0.2426522663522242,0.0,0.2625063773855507,0.2551827264154457,0.2800435758786674,0.2472004210857978,0.2820834932706878,0.3103045265375347,0.2803369696457105,0.2912110679139811,0.0,0.3346104363680153,0.0,0.3504739087574505,0.3491378269853687,0.2993012554277051,0.0,0.0,0.0,0.297345615015548,0.0,0.0,0.0,0.3545870830152523,0.0,0.3428054578704956,0.0,0.0,0.0,0.0,0.3509001935140254,0.0,0.3410531421902454,0.0,0.0,0.0,0.0,0.349109144598193,0.3293169256309381,0.3220847805001004,0.3627782477647084,0.0,0.0,0.3190798068428933,0.3637284251792699,0.3689715230085796,0.3465600060492539,0.3292110668916187,0.3508234084211
0.0,0.0,0.3139840896597809,0.0,0.0,0.3072728139555022,0.0,0.294907277079941,0.3305393176459733,0.0,0.0,0.0,0.3028420505140269,0.0,0.2983215097694475,0.2770717470932797,0.0,0.2734681786250707,0.0,0.2730343354461531,0.0,0.272643512821777,0.3033728473853113,0.0,0.0,0.0,0.2830190372457632,0.2313378017216289,0.2625063773855507,0.0,0.2347065000204557,0.2654198031369021,0.2083566971798291,0.2658268841837133,0.3057192324268094,0.0,0.0,0.0,0.3374050028857577,0.0,0.0,0.0,0.0,0.0,0.0,0.0,0.0,0.0,0.0,0.0,0.3167663875078758,0.0,0.0,0.0,0.0,0.0,0.0,0.0,0.0,0.0,0.0,0.0,0.0,0.0,0.3453831408681348,0.0,0.0,0.3621034994661174,0.0,0.0,0.0,0.3683858541961735,0.0,0.3359218201096585,0.0,0.0
0.2796791359218493,0.2588145655945643,0.3358455154221705,0.1919195909801087,0.3246806933576324,0.3155940439507891,0.3093911010887232,0.3187305426522464,0.3334113167514793,0.2502066089181237,0.3337371045815059,0.2558143859632698,0.2955929769947912,0.3195200637591368,0.2922916379293933,0.2685203515785163,0.2558115640313457,0.270428628472731,0.3347922458264737,0.2625892886510227,0.2944488876964722,0.2678539155126871,0.3056984264347828,0.2568034225605119,0.272930760921272,0.2774228443624757,0.2956362423701724,0.2677828181182501,0.2551827264154457,0.2347065000204557,0.0,0.2703330753312166,0.2230225876312076,0.2003289347476398,0.1933985489452023,0.2891677493194483,0.2525373680250459,0.2222779834871668,0.3209034318578564,0.2662441954646817,0.3186247665674601,0.3431718776085032,0.0,0.0,0.0,0.2987568175505249,0.3104648447038375,0.0,0.0,0.0,0.3623180069352872,0.0,0.3326127530157501,0.0,0.3345712095241471,0.0,0.3096721598106394,0.0,0.0,0.3416762992489154,0.3034927559342611,0.0,0.3234774093540567,0.0,0.3309684841962124,0.3206357412965114,0.3264542376521398,0.3629148094043705,0.3033730436949874,0.3275983001935728,0.3284389643305369,0.364625603619148,0.3427436584957363,0.3485332221014647,0.0,0.3376759809844281
0.3066117038319234,0.2795989588776657,0.3145046299726893,0.1978553032546467,0.2302765675526869,0.2925273585390981,0.2597669608674642,0.2720689178725895,0.3000107713990476,0.234151086262392,0.265630975734449,0.2197514262885909,0.2734276098455536,0.1551889177767939,0.3053257221084565,0.3105042211334116,0.2967384276296122,0.3200327710358384,0.3001135016226349,0.294325692328986,0.3055080274382379,0.2973833049709712,0.2940819909118422,0.2545908291285413,0.28624015856086,0.2950327114918318,0.2857732082819334,0.2603483399580807,0.2800435758786674,0.2654198031369021,0.2703330753312166,0.0,0.2332799557002323,0.2483549205848525,0.2487275603394771,0.1832803085398857,0.2172943884299749,0.1865590490866405,0.19529010131178,0.1953826511390191,0.2011143625152993,0.2328019962126277,0.1937650029194038,0.1813040514976094,0.1809826620344024,0.3254392933153636,0.325944839075401,0.336078382494036,0.0,0.0,0.3293017663247436,0.189866811368973,0.3207742845860002,0.3075689083897109,0.2025338112693172,0.2736172723526799,0.179897287947528,0.2585168401117292,0.0,0.3481893295772769,0.3414292265794509,0.251904232925228,0.2956890065281251,0.3330917846144598,0.3411959654846483,0.3241693859557519,0.3322486508340713,0.3546036676678364,0.0,0.3372036813111764,0.3394859952898922,0.3533955212892347,0.3081215654072798,0.3415716638847304,0.3451073760596293,0.3252469994174407
0.2729653778827964,0.2408289734672463,0.0,0.0,0.2736771843143283,0.2806430941581905,0.2772737391393535,0.3364500652643114,0.2904340666066959,0.2286929693263814,0.2917756307548638,0.198434721214785,0.2762177227718371,0.0,0.2982991888320618,0.2536162351145368,0.2514267108679066,0.2567764761783881,0.0,0.2570144285401801,0.2941730741259505,0.2585980588517456,0.2757031529351612,0.1680989711723124,0.2408595792149034,0.2637358390338754,0.2616659230198028,0.2596790592850926,0.2472004210857978,0.2083566971798291,0.2230225876312076,0.2332799557002323,0.0,0.1559589313500472,0.2662176365296482,0.1857519914260091,0.2138465072734221,0.1313470258409033,0.194717293765764,0.1728525719485665,0.2329429125790389,0.2908092373478811,0.0,0.0,0.1522373823864333,0.2976852502288753,0.3171993701648662,0.0,0.0,0.0,0.0,0.0,0.0,0.0,0.2869108654157157,0.0,0.277727799059123,0.0,0.0,0.3511846454777982,0.2973320219443561,0.2664716868946922,0.2692859636146966,0.0,0.3206340247198606,0.3197175494303244,0.3265058648595306,0.3335789000895912,0.2436474848492238,0.2919859686032182,0.3213077143477782,0.3505909636602098,0.0,0.3021605765286272,0.0,0.293292335689731
0.2779563757907482,0.2540047934629308,0.342817131895806,0.1596398385908956,0.3091866605951187,0.3130993789547773,0.2703199376945154,0.3175524921842735,0.3286828605995088,0.217579292036102,0.3219644057322138,0.1763581471811016,0.2909331814218419,0.2833142899797758,0.307576438857683,0.267714105821815,0.2592069186932068,0.2635803917515794,0.3372797811486708,0.2826849498790588,0.2995052087556047,0.2829829422834212,0.3146913601582718,0.1764381992272441,0.2530524396651994,0.2684410755051183,0.3042379176631487,0.2693594782103882,0.2820834932706878,0.2658268841837133,0.2003289347476398,0.2483549205848525,0.1559589313500472,0.0,0.197699129646046,0.2568438299776376,0.2173902371420699,0.1384917367800236,0.2100017791711955,0.1906085091321611,0.2763306151991237,0.2558227686067852,0.2338123796367893,0.19513331975345,0.1751704433543048,0.2954859094825025,0.3136749647986201,0.0,0.0,0.0,0.3605641396150065,0.0,0.3428555878575654,0.0,0.2809465704769545,0.0,0.2700807149890849,0.2491976884329124,0.0,0.349764581362144,0.3081880485853676,0.0,0.3088117599279414,0.0,0.3374731052616808,0.3360761212425041,0.3333728427434842,0.3667443772422542,0.2147172518146399,0.3177480038414046,0.3311284564914438,0.3654102087193765,0.284470416962906,0.3542458317393435,0.0,0.3303648642272835
0.302179583947144,0.3022385285448669,0.3278954224366168,0.2031692804520166,0.2870261096291757,0.301553961367872,0.2509758310984686,0.3233068928263077,0.3200446841739631,0.2066420133386814,0.3051424309849725,0.185562867086617,0.2867981526515589,0.0,0.347914760750692,0.2972724986401248,0.2608438309928727,0.2739812247611378,0.3239319185639664,0.3228830201614568,0.3314900831032931,0.3354214516713142,0.3436466055650792,0.1676190372327438,0.2658714873554415,0.3012349135083027,0.3165030361966536,0.2488874785632239,0.3103045265375347,0.3057192324268094,0.1933985489452023,0.2487275603394771,0.2662176365296482,0.197699129646046,0.0,0.3136020170284151,0.2492814049239756,0.1807782075960004,0.2136427906807148,0.2187364057562917,0.2409258723657759,0.268689743774064,0.2201682901494101,0.2159515244225701,0.0,0.0,0.3303622514746121,0.0,0.0,0.0,0.0,0.0,0.0,0.0,0.0,0.0,0.0,0.0,0.0,0.3716484604171832,0.315659036566947,0.0,0.3172944289679865,0.0,0.3505913894736621,0.3625363934130231,0.353919519562956,0.3761038549028139,0.0,0.3276758868862292,0.3449958504323145,0.3793767237264268,0.2105094369340862,0.3452383298367711,0.0,0.0
0.0,0.0,0.3205620740893806,0.1288338377984747,0.1742830960821767,0.301836364609016,0.2201740506659507,0.1771360603179276,0.320748587631135,0.2325494817417051,0.2080101661379977,0.2340416971729078,0.2640350327417071,0.157211648599815,0.0,0.0,0.0,0.0,0.2999092792786858,0.3434213885049748,0.0,0.3600185249980816,0.2807007763515874,0.292889204326157,0.0,0.2858903851725301,0.2942749557710261,0.2130223509003224,0.2803369696457105,0.0,0.2891677493194483,0.1832803085398857,0.1857519914260091,0.2568438299776376,0.3136020170284151,0.0,0.164116870059022,0.2178378836352446,0.1891882904897795,0.0,0.2075178877466942,0.2303437256434966,0.2427392716038471,0.2068686496925915,0.0,0.0,0.0,0.336824849429428,0.0,0.0,0.3196730311422756,0.2837049774347396,0.2270486055461557,0.3191476586452864,0.0,0.2654377044200142,0.0,0.2978013522853265,0.0,0.0,0.0,0.0,0.0,0.2726839223610612,0.3009844037248038,0.0,0.0,0.3469447163913503,0.0,0.0,0.0,0.3464803229206123,0.3284996549839226,0.3010509911205808,0.0,0.0
0.0,0.0,0.3127802297767899,0.1280988852145252,0.2459955813547865,0.3114423318790829,0.2178970208160723,0.2982128348752166,0.326566905166719,0.1953378895188654,0.3083109593386119,0.1928573320852061,0.2624404003293659,0.1436880231887334,0.0,0.0,0.0,0.0,0.3025451827537503,0.3003191020398832,0.0,0.305851127243774,0.3104676453451339,0.0,0.0,0.0,0.3041757190229249,0.217219733012719,0.2912110679139811,0.0,0.2525373680250459,0.2172943884299749,0.2138465072734221,0.2173902371420699,0.2492814049239756,0.164116870059022,0.0,0.2083431070450526,0.1791732900423785,0.1803754189428801,0.1935340601253517,0.2182704735090549,0.2034850672741,0.1906326413695523,0.0,0.0,0.0,0.0,0.0,0.0,0.0,0.0,0.0,0.0,0.0,0.0,0.0,0.0,0.0,0.0,0.0,0.0,0.0,0.0,0.0,0.0,0.0,0.0,0.0,0.0,0.0,0.0,0.0,0.0,0.0,0.0
0.2689550856893466,0.0,0.0,0.0,0.271701549080923,0.2726799462725777,0.0,0.0,0.3229232779707495,0.1776225017648234,0.2988523028537814,0.1486818587460329,0.2862242575841064,0.0,0.0,0.0,0.2410298217731957,0.0,0.2747901865146111,0.0,0.0,0.0,0.3005091820379678,0.186765197714936,0.2321990498918134,0.2460803565279407,0.0,0.2512646075049319,0.0,0.0,0.2222779834871668,0.1865590490866405,0.1313470258409033,0.1384917367800236,0.1807782075960004,0.2178378836352446,0.2083431070450526,0.0,0.1873100310410682,0.1708658272235488,0.1851141397837719,0.1877924631416984,0.0,0.0,0.1622186616617763,0.0,0.0,0.0,0.0,0.0,0.0,0.0,0.0,0.0,0.2822007288519136,0.0,0.2694215602339775,0.0,0.0,0.0,0.0,0.0,0.0,0.0,0.0,0.0,0.0,0.0,0.2193713824533668,0.2483805593616554,0.2836351602530354,0.0,0.0,0.0,0.0,0.0
0.3131552019655128,0.3238774919817986,0.3241074851177762,0.0,0.2730491262676249,0.3388235042331968,0.0,0.3183596555540018,0.2923852942864486,0.1865845132726351,0.2581476971966661,0.2148774546839078,0.352486397659625,0.0,0.3442829788319483,0.3232702774665707,0.2663811823219557,0.3010677108307492,0.2954481523302916,0.32251024565782,0.3210226469283448,0.3254339974022989,0.3581008146888073,0.2800226839241096,0.3127697101131784,0.3295308301448824,0.3445539065654253,0.3360692350816069,0.3346104363680153,0.3374050028857577,0.3209034318578564,0.19529010131178,0.194717293765764,0.2100017791711955,0.2136427906807148,0.1891882904897795,0.1791732900423785,0.1873100310410682,0.0,0.2134590038288672,0.2427926846420101,0.2630519123978606,0.1714564878847699,0.2040840404849981,0.1863200758633963,0.2891005195066586,0.2798502017931987,0.3096380853896333,0.1857360181589381,0.2253775717369589,0.2842734545541907,0.2467963262568001,0.2390978761297722,0.3042928781253221,0.250533836804801,0.2477931418717069,0.1827645507963549,0.2672187957846216,0.1886086438134533,0.3010784895793935,0.29476112776333,0.2857586940561667,0.2922985412755896,0.2998271338106211,0.2982218701183899,0.2854466297261959,0.30330510503495,0.293841645544667,0.1765629598329925,0.2808662367095099,0.290705935419409,0.2911527517804191,0.2505556881238055,0.2711584406253389,0.2595721582017777,0.2684506425757358
0.2888108197957126,0.3078508587919453,0.0,0.0,0.0,0.0,0.0,0.0,0.0,0.2679444747095227,0.0,0.2840533697270789,0.0,0.0,0.3372825102125346,0.2931914352568568,0.2599979288739014,0.2645715487578932,0.0,0.3003056119991549,0.3246238630764645,0.3320590812827199,0.3561842926692898,0.2083882262317449,0.2744192806528922,0.2990031241059193,0.3250112541804282,0.2835526056663165,0.0,0.0,0.2662441954646817,0.1953826511390191,0.1728525719485665,0.1906085091321611,0.2187364057562917,0.0,0.1803754189428801,0.1708658272235488,0.2134590038288672,0.0,0.1697521241672005,0.2586004792727192,0.296087140765777,0.1830962040730405,0.1278538062426758,0.2503713339627664,0.2472610384601835,0.0,0.0,0.2131258799277279,0.2762874189989548,0.2421991121936943,0.2956945420140831,0.2797622217813496,0.245397663954152,0.3009418761329488,0.1952716999909678,0.2588976926537157,0.0,0.298286252939008,0.2437521005323476,0.2451879342019316,0.2404195574494141,0.0,0.2501025724212192,0.2584657613634155,0.2715173553335652,0.2741154236480026,0.1418856068238246,0.2347023110283288,0.261321583371706,0.2822838968301246,0.2333367021217719,0.2436374315650002,0.2317450896896779,0.2205975548843382
