0.0,0.4176524439671856,0.0,0.0,0.0,0.4899192895309023,0.0,0.4779154341783696,0.0,0.4378949466874595,0.0,0.0,0.0,0.0,0.3529689336474718,0.3539123460160823,0.3511293251082565,0.3558222488399787,0.0,0.3923999784195814,0.402212816571662,0.3817972488127553,0.4574721559568169,0.4054946199505778,0.418978873645481,0.4377931983191628,0.3995110868900842,0.0,0.4121388691182013,0.0,0.4229792006446067,0.4436840059257217,0.3713196984357305,0.4261957637703888,0.4283319415305012,0.0,0.0,0.0,0.0,0.0,0.3394666337608675,0.0,0.0,0.0,0.0,0.3049501927816144,0.3524284185720984,0.0,0.0,0.0,0.0,0.0,0.0,0.0,0.0,0.0,0.0,0.0,0.0,0.0,0.3458187544319743,0.0,0.3832556693013183,0.0,0.0,0.3713306858387996,0.3830518975053396,0.0,0.0,0.3415327928034539,0.3899625578034379,0.0,0.0,0.0,0.0,0.0
0.4176524439671856,0.0,0.0,0.0,0.5256162470460202,0.5033675352286632,0.581482924031815,0.3975820629151264,0.615742218974251,0.0,0.0,0.0,0.5318494436957312,0.0,0.3616297751500189,0.4105796983039714,0.0,0.3764667435442156,0.0,0.4959998479687612,0.4251036058660346,0.470945445277337,0.419870129757217,0.0,0.4889350838800249,0.5092100788746607,0.4695179799965268,0.4786558638436389,0.51163852435444,0.0,0.4452774113650679,0.4666454369423201,0.3852764602130457,0.4297850734137463,0.4547410564515036,0.0,0.0,0.0,0.4417223945501177,0.3799594808396703,0.397189253724571,0.4365403113288597,0.0,0.0,0.0,0.4269432343354395,0.4183050125579232,0.0,0.0,0.0,0.0,0.0,0.0,0.0,0.0,0.0,0.0,0.0,0.0,0.4178278952598432,0.3877415083325759,0.0,0.3736519448652681,0.0,0.3635690899089772,0.4234982060853014,0.4055442017610212,0.426118651613707,0.0,0.3720510154836271,0.4276984612190709,0.4080966859336313,0.0,0.3889781631633882,0.0,0.3828328027524053
0.0,0.0,0.0,0.0,0.4712106286978262,0.4618434122229523,0.4625878764408772,0.5056366018952541,0.4101137300234438,0.4092285208488433,0.3725572882176923,0.0,0.4669919427054311,0.4594640460349171,0.0,0.0,0.0,0.0,0.3859447276991815,0.0,0.0,0.0,0.4551937448523942,0.0,0.0,0.0,0.4513761310338195,0.4549932736000989,0.0,0.4086012530685306,0.4461488965708459,0.4164906065203001,0.0,0.4398559001513135,0.4390147889279168,0.434965494960374,0.4228389614171771,0.0,0.4013836567462959,0.0,0.0,0.0,0.4950947881326604,0.0,0.0,0.0,0.0,0.4339445355169127,0.0,0.4797704452374107,0.5218036261513638,0.0,0.5496362797157325,0.5402305441390254,0.0,0.3441351326595627,0.0,0.0,0.531838436730565,0.0,0.0,0.0,0.0,0.3787906244309272,0.0,0.0,0.0,0.5176005908225293,0.0,0.0,0.0,0.531089361819177,0.0,0.0,0.0,0.0
0.0,0.0,0.0,0.0,0.4214034044332764,0.424669821412972,0.3737633963663832,0.3636755104937039,0.4521698754790519,0.284411289621876,0.4114373847110303,0.0,0.3920238894051924,0.3515785723433332,0.0,0.0,0.0,0.0,0.4487741945413622,0.0,0.0,0.0,0.3778106993810296,0.0,0.0,0.0,0.391772060850672,0.392611121772452,0.0,0.0,0.0,0.2928562116915951,0.0,0.2696084258684944,0.3556425340396345,0.306116266354799,0.2837287414192851,0.0,0.0,0.0,0.0,0.0,0.0,0.0,0.0,0.0,0.0,0.0,0.0,0.0,0.0,0.0,0.0,0.0,0.0,0.0,0.0,0.0,0.0,0.0,0.0,0.0,0.0,0.0,0.0,0.0,0.0,0.0,0.0,0.0,0.0,0.0,0.0,0.0,0.0,0.0
0.0,0.5256162470460202,0.4712106286978262,0.4214034044332764,0.0,0.4603969709192412,0.4504892267250153,0.4179900409621547,0.4861419868230426,0.5089166957160904,0.4672554606595519,0.4115545935275491,0.4426147338208688,0.4515648582284458,0.0,0.0,0.0,0.0,0.497152571707628,0.5099123535435849,0.0,0.4965413544708826,0.4028052761745204,0.0,0.4839947646835559,0.0,0.4160510510340984,0.4334941106259701,0.4757706716545797,0.0,0.4570780376507469,0.4672525621439528,0.4126169217585124,0.464834214657104,0.467616917598891,0.3981748594872697,0.3704381672957281,0.384783419170091,0.0,0.0,0.0,0.0,0.4127547995754806,0.0,0.0,0.0,0.0,0.0,0.0,0.0,0.0,0.0,0.0,0.0,0.0,0.0,0.0,0.0,0.0,0.0,0.0,0.0,0.0,0.0,0.0,0.0,0.0,0.4479192631777088,0.0,0.0,0.0,0.4149545310027119,0.0,0.0,0.0,0.0
0.4899192895309023,0.5033675352286632,0.4618434122229523,0.424669821412972,0.4603969709192412,0.0,0.4547544050648401,0.45328420618145,0.5035720945330381,0.4664086493427637,0.4511403087973526,0.0,0.4546387954770713,0.4196391426393561,0.3990620920243241,0.4799881516067436,0.0,0.5128441032337208,0.4907497294039172,0.4962845060596158,0.4888631800822617,0.4917560603663363,0.4568976135760029,0.0,0.4803143229783758,0.4142764914796735,0.4608517304315722,0.4625892500426974,0.4886491236197668,0.442568654211157,0.4531368213011273,0.4401783513680835,0.4298374864724739,0.4704249348010575,0.4589051076322044,0.4237627677738966,0.4389393801395564,0.0,0.4302544114127208,0.0,0.4014157376230838,0.351461616095556,0.4099806769649181,0.0,0.0,0.0,0.0,0.0,0.0,0.0,0.4786880735795227,0.4297355569590521,0.4971065297632985,0.5229218998101911,0.0,0.5415268456914202,0.0,0.45194224774765,0.0,0.4080754815458827,0.0,0.0,0.0,0.0,0.4112186339182525,0.433670052622061,0.3848514609942872,0.4713492391957949,0.0,0.0,0.0,0.4662534155554716,0.4009703061784035,0.4415333609036478,0.0,0.4119745955498629
0.0,0.581482924031815,0.4625878764408772,0.3737633963663832,0.4504892267250153,0.4547544050648401,0.0,0.0,0.4751392451530456,0.5295274440878306,0.4805904297109981,0.429068279444779,0.4055569393375205,0.528735313838185,0.0,0.5331203095621672,0.0,0.468418968113192,0.4707090708129938,0.5100172125417892,0.0,0.5241495017849163,0.3722339342888536,0.4414857730286325,0.5174382666118291,0.52298295087876,0.4301191249905454,0.401382274858919,0.4775847061724856,0.0,0.4430486915244118,0.3728884754021998,0.4778155465277932,0.4691735980638364,0.4616453764729159,0.3307377388424331,0.4033308876189379,0.3900808696757926,0.0,0.0,0.0,0.0,0.0,0.0,0.0,0.0,0.0,0.0,0.0,0.0,0.0,0.0,0.0,0.0,0.0,0.0,0.0,0.0,0.0,0.0,0.0,0.0,0.0,0.0,0.0,0.0,0.0,0.0,0.0,0.0,0.0,0.0,0.0,0.0,0.0,0.0
0.4779154341783696,0.3975820629151264,0.5056366018952541,0.3636755104937039,0.4179900409621547,0.45328420618145,0.0,0.0,0.5049839044907558,0.3535072301389414,0.4622307412768917,0.0,0.3982987250146936,0.3611547051080087,0.4248287162676413,0.0,0.0,0.0,0.5417146616613129,0.4187156081713006,0.3970766324559797,0.4182644294252794,0.416604321260433,0.4932593495396932,0.4815777752228013,0.4800097232381355,0.4542057270330049,0.4052402431908269,0.4317590457674439,0.3854148274540578,0.4013984004217332,0.3852727282458089,0.3435913632128431,0.4088832685316873,0.4235247885416465,0.320268313217026,0.3823656473222281,0.0,0.4193679250955265,0.0,0.3990113875756889,0.0,0.3950766092938618,0.0,0.0,0.0,0.0,0.0,0.0,0.3983219744833406,0.4162069206811984,0.406947564227072,0.4094241059718953,0.470055653078289,0.0,0.4839932412871423,0.0,0.4306850785721092,0.0,0.4257700970111825,0.0,0.0,0.0,0.4105080147278297,0.4296678079081062,0.4771670070344486,0.0,0.4360991715157812,0.0,0.0,0.0,0.4497143768552666,0.4026971954394194,0.4177778613717267,0.0,0.0
0.0,0.615742218974251,0.4101137300234438,0.4521698754790519,0.4861419868230426,0.5035720945330381,0.4751392451530456,0.5049839044907558,0.0,0.4939087892245981,0.4719393041910059,0.4322030131380547,0.4739776418823919,0.4634586956781434,0.0,0.492144880112529,0.0,0.0,0.4653118496787181,0.4954398879057083,0.0,0.5162487421484846,0.4739946556393379,0.0,0.0,0.0,0.4647046382090263,0.4789001452391381,0.5210917726704007,0.4628811348036126,0.4818280934473301,0.454178868252461,0.4250111169818937,0.4858404647339394,0.4965123864456908,0.4659934591845412,0.4733930970183211,0.4516822595489965,0.4030318520884013,0.0,0.0,0.0,0.4703424361931416,0.0,0.0,0.0,0.0,0.5043750725015396,0.0,0.0,0.5119931272378306,0.0,0.5409498596105676,0.5012232411115246,0.0,0.5609874824524832,0.0,0.0,0.52005673046336,0.0,0.0,0.0,0.0,0.0,0.0,0.0,0.0,0.5057240085781636,0.0,0.0,0.0,0.5155844599015779,0.0,0.0,0.0,0.0
0.4378949466874595,0.0,0.4092285208488433,0.284411289621876,0.5089166957160904,0.4664086493427637,0.5295274440878306,0.3535072301389414,0.4939087892245981,0.0,0.4603719937423855,0.3899735668130141,0.4386886275513825,0.0,0.0,0.348322245758753,0.3736442458120044,0.3747179274613836,0.4538404662449582,0.0,0.0,0.3681601535707808,0.3765650922154229,0.4144106039155219,0.4676282029959091,0.505113627453797,0.3840365998312064,0.427024811280675,0.0,0.0,0.4045962183711444,0.3645800101949507,0.3673147231387519,0.3642072417669875,0.3431701400030438,0.2997746242422296,0.3213098322880365,0.3378694283089245,0.1951267171765409,0.3543517331848858,0.3251022373486015,0.0,0.0,0.0,0.3580745946595723,0.0,0.0,0.0,0.0,0.0,0.0,0.0,0.0,0.0,0.4274395072241932,0.0,0.4028689989422718,0.0,0.0,0.0,0.0,0.4181243658544574,0.407584962332253,0.0,0.0,0.0,0.0,0.0,0.4037969355759996,0.3919428302582867,0.4677367594566241,0.0,0.3460438285592693,0.0,0.0,0.4046262156101558
0.0,0.0,0.3725572882176923,0.4114373847110303,0.4672554606595519,0.4511403087973526,0.4805904297109981,0.4622307412768917,0.4719393041910059,0.4603719937423855,0.0,0.418095671307355,0.4671103585172153,0.4334436327067113,0.0,0.0,0.0,0.0,0.4101939172167727,0.0,0.0,0.0,0.3333209491050593,0.0,0.0,0.0,0.4771673927905248,0.4671033265255123,0.0,0.0,0.4724167176726462,0.4199772092285259,0.3178818904886084,0.4549828803391725,0.4455559197438002,0.3819086657860536,0.4244730795608189,0.4027377872365221,0.3978015919529081,0.0,0.0,0.0,0.4559138626423575,0.0,0.0,0.0,0.0,0.4721204911550069,0.0,0.4618518629409305,0.4605383412036654,0.4369029754065363,0.5042337477531136,0.4715812465067583,0.0,0.3451112347906793,0.0,0.4403114592802599,0.4747247716975483,0.0,0.0,0.0,0.0,0.4678880910141505,0.0,0.0,0.0,0.4704776434667466,0.0,0.0,0.0,0.4794875349344302,0.0,0.0,0.0,0.0
0.0,0.0,0.0,0.0,0.4115545935275491,0.0,0.429068279444779,0.0,0.4322030131380547,0.3899735668130141,0.418095671307355,0.0,0.4680157640842104,0.0,0.0,0.0,0.4317713263932254,0.383640658457244,0.0,0.0,0.0,0.0,0.0,0.412345071333167,0.4347050512326337,0.5045995678249732,0.0,0.4255910672163935,0.0,0.0,0.370542929160636,0.2930545233951366,0.3330959392391377,0.311592195102381,0.3201191547480445,0.3319538916368378,0.3364897073377164,0.340744231255021,0.2271749264753906,0.3417402502831942,0.2852416969088326,0.0,0.0,0.0,0.2906328268905479,0.0,0.0,0.0,0.0,0.0,0.0,0.0,0.0,0.0,0.4068625746429378,0.0,0.3688615459552673,0.0,0.0,0.0,0.0,0.4045528549966812,0.4086187098022817,0.0,0.0,0.0,0.0,0.0,0.3686341602981858,0.4048913461188062,0.4623529558998536,0.0,0.0,0.0,0.0,0.3902964142075242
0.0,0.5318494436957312,0.4669919427054311,0.3920238894051924,0.4426147338208688,0.4546387954770713,0.4055569393375205,0.3982987250146936,0.4739776418823919,0.4386886275513825,0.4671103585172153,0.4680157640842104,0.0,0.4754892021945695,0.0,0.5035518189864869,0.4458120763413739,0.4604459210524386,0.4734020248074625,0.4979192828916722,0.4981376299551589,0.4874347009638887,0.4074999358364056,0.5358485457595498,0.4682649640006655,0.4707312344213448,0.4410306021003883,0.4172506060817519,0.4677349944929292,0.4316186424098424,0.425175907545724,0.3814090475198473,0.3937344538575882,0.458226933317426,0.4443200340606633,0.4143087177537216,0.4186319370475157,0.3989301207874772,0.261697292070188,0.0,0.0,0.0,0.2648064148441698,0.0,0.0,0.0,0.0,0.0,0.0,0.0,0.3241937991348991,0.0,0.0,0.0,0.0,0.0,0.0,0.0,0.0,0.0,0.0,0.0,0.0,0.0,0.0,0.0,0.0,0.4491722567887976,0.0,0.0,0.0,0.403587744819625,0.0,0.3531146062465959,0.0,0.0
0.0,0.0,0.4594640460349171,0.3515785723433332,0.4515648582284458,0.4196391426393561,0.528735313838185,0.3611547051080087,0.4634586956781434,0.0,0.4334436327067113,0.0,0.4754892021945695,0.0,0.0,0.0,0.0,0.0,0.4633151580666359,0.0,0.0,0.0,0.3979907325314414,0.0,0.0,0.0,0.4465259256735253,0.3281089163042747,0.0,0.0,0.3995376990120575,0.2731842994824768,0.0,0.3039216022187915,0.0,0.3166223773357983,0.288087806471442,0.0,0.0,0.0,0.0,0.0,0.0,0.0,0.0,0.0,0.0,0.0,0.0,0.0,0.0,0.0,0.0,0.0,0.0,0.0,0.0,0.0,0.0,0.0,0.0,0.0,0.0,0.0,0.0,0.0,0.0,0.0,0.0,0.0,0.0,0.0,0.0,0.0,0.0,0.0
0.3529689336474718,0.3616297751500189,0.0,0.0,0.0,0.3990620920243241,0.0,0.4248287162676413,0.0,0.0,0.0,0.0,0.0,0.0,0.0,0.0,0.0,0.0,0.0,0.4010042120294166,0.3852170161631166,0.3944261128543583,0.4147787484369994,0.4130154586504999,0.4063441593538102,0.385736752165035,0.4241813059436061,0.0,0.0,0.0,0.0,0.3999017645241592,0.3326930760905479,0.4081044916911959,0.4432223548012976,0.3637808662303744,0.0,0.0,0.4088509300095344,0.4182066487315809,0.3231412547856071,0.4044344300010512,0.0,0.0,0.0,0.0,0.3928361128214114,0.0,0.0,0.0,0.4018476805162403,0.0,0.5124609362892377,0.0,0.0,0.0,0.0,0.0,0.0,0.4324746359953694,0.3239192231071424,0.0,0.0,0.0,0.4097656431079288,0.4157635326648293,0.4157259818683321,0.4448965306474476,0.0,0.0,0.3615180719688966,0.4354558756646655,0.3776772664056932,0.3906906614703929,0.0,0.3240740594991522
0.3539123460160823,0.4105796983039714,0.0,0.0,0.0,0.4799881516067436,0.5331203095621672,0.0,0.492144880112529,0.348322245758753,0.0,0.0,0.5035518189864869,0.0,0.0,0.0,0.2950711299962838,0.3157504987384623,0.0,0.3347536944313656,0.3693258523128024,0.361585459175996,0.0,0.3693768466899161,0.3865453103289252,0.4077429438219663,0.4020343445835638,0.4592363236231195,0.4255374936774279,0.4057913038679633,0.330387603281976,0.4397822005521681,0.3402197301970567,0.3613748121090641,0.3705195027863847,0.0,0.0,0.0,0.383136377819802,0.3409059983142551,0.3497273917043509,0.3694501715563552,0.0,0.0,0.0,0.3668578478991074,0.362511220588271,0.0,0.0,0.0,0.0,0.0,0.0,0.0,0.0,0.0,0.0,0.0,0.0,0.3767116879797956,0.3489117900669393,0.0,0.3812467985785795,0.0,0.3124405638998653,0.3550518915688334,0.3551511365088901,0.0,0.0,0.353919355611111,0.3890859613402116,0.0,0.0,0.0,0.0,0.3432968546189218
0.3511293251082565,0.0,0.0,0.0,0.0,0.0,0.0,0.0,0.0,0.3736442458120044,0.0,0.4317713263932254,0.4458120763413739,0.0,0.0,0.2950711299962838,0.0,0.3112503322994105,0.0,0.4218993362921676,0.0,0.3843487753543353,0.0,0.3767069493254573,0.3941789290337058,0.4746761619107544,0.0,0.4571447045090287,0.0,0.0,0.3655382537331604,0.4394623237516846,0.3471844433171905,0.4156150544459734,0.4084236019799224,0.0,0.0,0.318454624199915,0.0,0.0,0.0,0.0,0.0,0.0,0.0,0.0,0.0,0.0,0.0,0.0,0.0,0.0,0.0,0.0,0.4094867348756446,0.0,0.3897394264270729,0.0,0.0,0.0,0.0,0.3684827779890628,0.3755035581696123,0.0,0.0,0.0,0.0,0.0,0.3688516624165622,0.0,0.4404900010492948,0.0,0.0,0.0,0.0,0.0
0.3558222488399787,0.3764667435442156,0.0,0.0,0.0,0.5128441032337208,0.468418968113192,0.0,0.0,0.3747179274613836,0.0,0.383640658457244,0.4604459210524386,0.0,0.0,0.3157504987384623,0.3112503322994105,0.0,0.0,0.3687040560521368,0.0,0.3614452979892789,0.0,0.3707796444180541,0.388735005053893,0.4398113831699717,0.3863145738379799,0.4613215825353965,0.4216123262441346,0.0,0.3639773350918951,0.5072788403209558,0.3440787262777425,0.4033113531181586,0.4009111161452728,0.0,0.0,0.0,0.0,0.0,0.0,0.0,0.0,0.0,0.0,0.363589219224511,0.3305590330517844,0.0,0.0,0.0,0.0,0.0,0.0,0.0,0.3908487708354706,0.0,0.3951726061207434,0.0,0.0,0.0,0.3634209407959556,0.3960193826762451,0.3854449339109022,0.0,0.0,0.0,0.3076909238273479,0.0,0.3276140362611874,0.3719526442100678,0.4252537749290286,0.0,0.0,0.0,0.0,0.3714409699931513
0.0,0.0,0.3859447276991815,0.4487741945413622,0.497152571707628,0.4907497294039172,0.4707090708129938,0.5417146616613129,0.4653118496787181,0.4538404662449582,0.4101939172167727,0.0,0.4734020248074625,0.4633151580666359,0.0,0.0,0.0,0.0,0.0,0.0,0.0,0.0,0.4573131379474642,0.0,0.0,0.0,0.470530665731123,0.4740779063047236,0.0,0.0,0.4879167258880195,0.4557736656158994,0.0,0.4898747060356301,0.4706798745421057,0.4448120929992419,0.4506921482787168,0.0,0.4305017604584873,0.0,0.0,0.0,0.5021189722882143,0.0,0.0,0.0,0.0,0.3475756075819528,0.0,0.0,0.5195194900159158,0.0,0.5722445528673324,0.5531979908266815,0.0,0.320150172033851,0.0,0.0,0.5343254545474698,0.0,0.0,0.0,0.0,0.5590284788446271,0.0,0.0,0.0,0.5246039664041976,0.0,0.0,0.0,0.5299189749566914,0.0,0.0,0.0,0.0
0.3923999784195814,0.4959998479687612,0.0,0.0,0.5099123535435849,0.4962845060596158,0.5100172125417892,0.4187156081713006,0.4954398879057083,0.0,0.0,0.0,0.4979192828916722,0.0,0.4010042120294166,0.3347536944313656,0.4218993362921676,0.3687040560521368,0.0,0.0,0.4139130795815797,0.4091918767814453,0.4244084641020751,0.0,0.4043489514565744,0.4315116921620367,0.4296974170185443,0.431196931321993,0.396442698066993,0.4285228603379208,0.3770948070099544,0.4467803120207947,0.3659706211538249,0.4167480544173472,0.4479608516194902,0.3637943839248155,0.3926272662233754,0.0,0.424473391042615,0.3128704779211057,0.1060727350169206,0.4025589093658668,0.0,0.0,0.0,0.0,0.3475292989405816,0.0,0.0,0.0,0.401090078828466,0.0,0.0,0.0,0.0,0.0,0.0,0.0,0.0,0.4052218068706525,0.0,0.0,0.0,0.0,0.3993582288354727,0.4045915214522276,0.384715761739295,0.4340471692568752,0.0,0.0,0.3867581251249645,0.4399506709869147,0.3937399877611431,0.347765267172315,0.0,0.3500254260367781
0.402212816571662,0.4251036058660346,0.0,0.0,0.0,0.4888631800822617,0.0,0.3970766324559797,0.0,0.0,0.0,0.0,0.4981376299551589,0.0,0.3852170161631166,0.3693258523128024,0.0,0.0,0.0,0.4139130795815797,0.0,0.4033508329399677,0.3552920386724525,0.4667636293801071,0.4088153760159204,0.4100930246574522,0.4279517176669108,0.0,0.4076129506721845,0.0,0.0,0.424987106772135,0.3584738827708231,0.3966301973129021,0.4317024063350994,0.3318529810461977,0.0,0.0,0.4118698992595441,0.0,0.3651270969427721,0.4126167565932921,0.0,0.0,0.0,0.4170554165170442,0.4171127022832053,0.0,0.0,0.0,0.4114083327304785,0.0,0.3756648563533407,0.0,0.0,0.0,0.0,0.0,0.0,0.415588603092154,0.3636325204661247,0.0,0.0,0.0,0.3898433753452017,0.3859832174512568,0.3926385805928931,0.4333233484458796,0.0,0.0,0.4199627104350627,0.4186697299946266,0.3823778692988883,0.4050323898698993,0.0,0.3498463531983284
0.3817972488127553,0.470945445277337,0.0,0.0,0.4965413544708826,0.4917560603663363,0.5241495017849163,0.4182644294252794,0.5162487421484846,0.3681601535707808,0.0,0.0,0.4874347009638887,0.0,0.3944261128543583,0.361585459175996,0.3843487753543353,0.3614452979892789,0.0,0.4091918767814453,0.4033508329399677,0.0,0.4411891697254277,0.0,0.44375838512233,0.4434754451734128,0.4614590767896759,0.4321675875450761,0.4475542075526582,0.4289607114886083,0.3680605474781103,0.4607613966636143,0.345637796454924,0.4289835064893004,0.4880714549988708,0.359675039881125,0.4093564952943287,0.0,0.4087961696508738,0.3684468434495238,0.3653891238808153,0.3938692484154316,0.0,0.0,0.0,0.3666445636728245,0.3878764049114105,0.0,0.0,0.0,0.3862527390760873,0.0,0.0,0.0,0.0,0.0,0.0,0.0,0.0,0.4251510837744839,0.3147037471260019,0.0,0.3237241186536093,0.0,0.3873731209177566,0.4088307432892661,0.384330277714054,0.4536361400946347,0.0,0.3297074709140312,0.4143482858298167,0.4181576280320897,0.0,0.3803373944960081,0.0,0.3083206652082457
0.4574721559568169,0.419870129757217,0.4551937448523942,0.3778106993810296,0.4028052761745204,0.4568976135760029,0.3722339342888536,0.416604321260433,0.4739946556393379,0.3765650922154229,0.3333209491050593,0.0,0.4074999358364056,0.3979907325314414,0.4147787484369994,0.0,0.0,0.0,0.4573131379474642,0.4244084641020751,0.3552920386724525,0.4411891697254277,0.0,0.4861258063430635,0.4326977382418549,0.4492926248140323,0.411882602416131,0.3978321735426948,0.4276679960462808,0.3853525640682273,0.4009397377297248,0.3886835922345756,0.3751610008378527,0.4108789146344101,0.4010771530996919,0.3657972061240141,0.3905727195404633,0.0,0.4434037486992262,0.0,0.4433661416729404,0.3826333593215582,0.4469395222677561,0.0,0.0,0.0,0.3779307049120661,0.3046640356474275,0.0,0.4026543599453149,0.4737493075848236,0.4591589471533489,0.4880276102632915,0.5137024705106432,0.0,0.431632271055615,0.0,0.484636016457812,0.4608824299990593,0.436334979997221,0.0,0.0,0.0,0.2438237365379949,0.4390156719620982,0.4613617386214339,0.3814441614635018,0.4783014270525428,0.0,0.0,0.4228473982461236,0.4754049290926613,0.4525935439818049,0.4448904610578401,0.4395374631136354,0.4423826036444911
0.4054946199505778,0.0,0.0,0.0,0.0,0.0,0.4414857730286325,0.4932593495396932,0.0,0.4144106039155219,0.0,0.412345071333167,0.5358485457595498,0.0,0.4130154586504999,0.3693768466899161,0.3767069493254573,0.3707796444180541,0.0,0.0,0.4667636293801071,0.0,0.4861258063430635,0.0,0.4339539209633718,0.4928952443759993,0.396305750559038,0.4221578166241675,0.0,0.0,0.3861250156747716,0.4277092964004366,0.294831016438794,0.3580822646384324,0.335638764775475,0.3798002460494493,0.0,0.3609679593641642,0.0,0.2923915720817234,0.2834861964837788,0.0,0.0,0.0,0.0,0.3816215403919927,0.0,0.0,0.0,0.0,0.0,0.0,0.0,0.0,0.3945290671374073,0.0,0.3590009533419357,0.0,0.0,0.0,0.3866145216330836,0.3726330046519925,0.3765917088232544,0.0,0.0,0.0,0.0,0.0,0.3431970151078715,0.3782815851894472,0.4476810678804176,0.0,0.0,0.0,0.0,0.385988177155846
0.418978873645481,0.4889350838800249,0.0,0.0,0.4839947646835559,0.4803143229783758,0.5174382666118291,0.4815777752228013,0.0,0.4676282029959091,0.0,0.4347050512326337,0.4682649640006655,0.0,0.4063441593538102,0.3865453103289252,0.3941789290337058,0.388735005053893,0.0,0.4043489514565744,0.4088153760159204,0.44375838512233,0.4326977382418549,0.4339539209633718,0.0,0.4967466733265376,0.4290300771643719,0.4655427092166857,0.455746994789915,0.0,0.4476610812007621,0.4991839119254308,0.3940191866439924,0.4410652208748627,0.4401327510416782,0.0,0.0,0.3763594130997935,0.4282678860362853,0.3559783624610895,0.3920596559590086,0.4285162644633667,0.0,0.0,0.0,0.419438880974058,0.3810359437630373,0.0,0.0,0.0,0.0,0.0,0.0,0.0,0.4266372113265688,0.0,0.4222192630354285,0.0,0.0,0.0,0.3947238750546138,0.4211675274210766,0.4154640120525536,0.0,0.3496083287373932,0.3386406766841744,0.3081206876181132,0.0,0.4223143741655559,0.4119961064142687,0.4679972338265016,0.0,0.0,0.0,0.0,0.3940206273567651
0.4377931983191628,0.5092100788746607,0.0,0.0,0.0,0.4142764914796735,0.52298295087876,0.4800097232381355,0.0,0.505113627453797,0.0,0.5045995678249732,0.4707312344213448,0.0,0.385736752165035,0.4077429438219663,0.4746761619107544,0.4398113831699717,0.0,0.4315116921620367,0.4100930246574522,0.4434754451734128,0.4492926248140323,0.4928952443759993,0.4967466733265376,0.0,0.4290763617437648,0.5428324069758427,0.4506383798462381,0.0,0.4755726153855527,0.4387504106749947,0.390813849208332,0.4597746243624773,0.4461411640564922,0.0,0.0,0.4508302124357267,0.4167318451708562,0.3961721233471758,0.3995318002280633,0.4320158616232855,0.0,0.0,0.0,0.4543958775060124,0.4246312080058103,0.0,0.0,0.0,0.0,0.0,0.0,0.0,0.4735777886869333,0.0,0.4663074750620756,0.0,0.0,0.4216645425891032,0.4126846854136823,0.4569682022797047,0.4453753759684028,0.0,0.362331988650735,0.4474167563825024,0.4078637088343597,0.4303651743707101,0.4933979667131521,0.4378086047696152,0.4846906049378782,0.4060130923561914,0.0,0.3438272629361211,0.0,0.4249772760722535
0.3995110868900842,0.4695179799965268,0.4513761310338195,0.391772060850672,0.4160510510340984,0.4608517304315722,0.4301191249905454,0.4542057270330049,0.4647046382090263,0.3840365998312064,0.4771673927905248,0.0,0.4410306021003883,0.4465259256735253,0.4241813059436061,0.4020343445835638,0.0,0.3863145738379799,0.470530665731123,0.4296974170185443,0.4279517176669108,0.4614590767896759,0.411882602416131,0.396305750559038,0.4290300771643719,0.4290763617437648,0.0,0.4380991413179559,0.4111303558641996,0.3945292022062847,0.4128751141227604,0.4324483044873309,0.3580860006559659,0.4244046868003802,0.4394727383981917,0.3694512264441352,0.4126155513089156,0.0,0.4316211075508529,0.0,0.4031562499784628,0.3837360829027515,0.441324311571159,0.0,0.0,0.0,0.3166283984387532,0.0,0.0,0.0,0.4725324756020529,0.4275799298893361,0.4999385429698518,0.5181967499955777,0.0,0.5678494784260192,0.0,0.449867703450242,0.4547766300342025,0.4166755782522965,0.0,0.0,0.0,0.0,0.4032250642339342,0.4352335851805901,0.2225816084447865,0.4665147004809346,0.0,0.0,0.388563430388989,0.4615255231278879,0.3972608489895423,0.4140730693084368,0.4012649275893865,0.4001399521561169
0.0,0.4786558638436389,0.4549932736000989,0.392611121772452,0.4334941106259701,0.4625892500426974,0.401382274858919,0.4052402431908269,0.4789001452391381,0.427024811280675,0.4671033265255123,0.4255910672163935,0.4172506060817519,0.3281089163042747,0.0,0.4592363236231195,0.4571447045090287,0.4613215825353965,0.4740779063047236,0.431196931321993,0.0,0.4321675875450761,0.3978321735426948,0.4221578166241675,0.4655427092166857,0.5428324069758427,0.4380991413179559,0.0,0.3928079133217685,0.3926773797752979,0.4223604238171176,0.3828035322338125,0.0,0.3991578975602102,0.3763146579048136,0.3438347820016452,0.3659382936814307,0.3721180580862297,0.3134770719721303,0.0,0.3076449586125885,0.3172752324812354,0.3242810220725945,0.0,0.0,0.0,0.0,0.0,0.0,0.0,0.4260644746691558,0.0,0.4309442230541231,0.0,0.0,0.0,0.0,0.0,0.0,0.0,0.0,0.0,0.0,0.0,0.0,0.0,0.0,0.446616809392643,0.0,0.0,0.0,0.4495381733384351,0.4073356792660215,0.4144883494971982,0.0,0.0
0.4121388691182013,0.51163852435444,0.0,0.0,0.4757706716545797,0.4886491236197668,0.4775847061724856,0.4317590457674439,0.5210917726704007,0.0,0.0,0.0,0.4677349944929292,0.0,0.0,0.4255374936774279,0.0,0.4216123262441346,0.0,0.396442698066993,0.4076129506721845,0.4475542075526582,0.4276679960462808,0.0,0.455746994789915,0.4506383798462381,0.4111303558641996,0.3928079133217685,0.0,0.4505352282333891,0.4250644421231622,0.469694582596632,0.3989848666934623,0.4475447087969363,0.455741633082887,0.4237006667614183,0.4278819866569948,0.0,0.4302092591732163,0.0,0.3060369682410282,0.3831949297830204,0.0,0.0,0.0,0.0,0.3796070187024298,0.0,0.0,0.0,0.4420742895020971,0.0,0.4534318641792216,0.0,0.0,0.0,0.0,0.4020988574934736,0.0,0.4184298150696414,0.0,0.0,0.0,0.0,0.3602120995005533,0.4354273919059582,0.3825284690351446,0.4621239967276361,0.0,0.0,0.409082731056523,0.4530519005729055,0.4045161224667398,0.4292583936553389,0.0,0.3522809088046209
0.0,0.0,0.4086012530685306,0.0,0.0,0.442568654211157,0.0,0.3854148274540578,0.4628811348036126,0.0,0.0,0.0,0.4316186424098424,0.0,0.0,0.4057913038679633,0.0,0.0,0.0,0.4285228603379208,0.0,0.4289607114886083,0.3853525640682273,0.0,0.0,0.0,0.3945292022062847,0.3926773797752979,0.4505352282333891,0.0,0.3979632633280329,0.3585311593445562,0.0,0.4105856331662307,0.3660479547376207,0.0,0.0,0.0,0.0,0.0,0.0,0.0,0.0,0.0,0.0,0.0,0.0,0.0,0.0,0.0,0.0,0.0,0.0,0.0,0.0,0.0,0.0,0.0,0.0,0.0,0.0,0.0,0.0,0.0,0.0,0.0,0.0,0.4467329332119788,0.0,0.0,0.0,0.4337703116630361,0.0,0.0,0.0,0.0
0.4229792006446067,0.4452774113650679,0.4461488965708459,0.0,0.4570780376507469,0.4531368213011273,0.4430486915244118,0.4013984004217332,0.4818280934473301,0.4045962183711444,0.4724167176726462,0.370542929160636,0.425175907545724,0.3995376990120575,0.0,0.330387603281976,0.3655382537331604,0.3639773350918951,0.4879167258880195,0.3770948070099544,0.0,0.3680605474781103,0.4009397377297248,0.3861250156747716,0.4476610812007621,0.4755726153855527,0.4128751141227604,0.4223604238171176,0.4250644421231622,0.3979632633280329,0.0,0.3763884964007458,0.3750711889566945,0.3691206721820533,0.3035216252125847,0.3683917005010619,0.3788422997648415,0.3377659602067526,0.4220290330095733,0.0,0.0,0.0,0.0,0.0,0.0,0.44619476386557,0.3976781565547263,0.0,0.0,0.0,0.417010481379184,0.0,0.0,0.0,0.4131548563695557,0.0,0.0,0.0,0.0,0.0,0.3976521901885987,0.0,0.4062213720620172,0.0,0.0,0.0,0.3810776405777319,0.4638277997416714,0.0,0.4114805265089644,0.4528889919270749,0.4457579036337761,0.3488644848417787,0.394645055151163,0.0,0.367548627885542
0.4436840059257217,0.4666454369423201,0.4164906065203001,0.2928562116915951,0.4672525621439528,0.4401783513680835,0.3728884754021998,0.3852727282458089,0.454178868252461,0.3645800101949507,0.4199772092285259,0.2930545233951366,0.3814090475198473,0.2731842994824768,0.3999017645241592,0.4397822005521681,0.4394623237516846,0.5072788403209558,0.4557736656158994,0.4467803120207947,0.424987106772135,0.4607613966636143,0.3886835922345756,0.4277092964004366,0.4991839119254308,0.4387504106749947,0.4324483044873309,0.3828035322338125,0.469694582596632,0.3585311593445562,0.3763884964007458,0.0,0.4313938743294408,0.4079034594854838,0.3765026469925827,0.2917268856722718,0.3226384781569592,0.3049190968480127,0.3078818155942704,0.3380689450225602,0.321068499581282,0.3320795492014038,0.319578681825904,0.2736362016893441,0.2669640602551379,0.4307932542813796,0.4073168905307714,0.0,0.0,0.0,0.4432633850830593,0.0,0.4252448764478084,0.3167223489204796,0.0,0.0,0.0,0.3252922938059647,0.0,0.4185145457157967,0.3866817146375876,0.0,0.4389444127763413,0.0,0.4163906379131392,0.4264240200952549,0.4074318544334954,0.4561855941585485,0.0,0.440124524183502,0.4065732000570287,0.426190985673744,0.3716724535011431,0.4307527734715431,0.0,0.3530858141024206
0.3713196984357305,0.3852764602130457,0.0,0.0,0.4126169217585124,0.4298374864724739,0.4778155465277932,0.3435913632128431,0.4250111169818937,0.3673147231387519,0.3178818904886084,0.3330959392391377,0.3937344538575882,0.0,0.3326930760905479,0.3402197301970567,0.3471844433171905,0.3440787262777425,0.0,0.3659706211538249,0.3584738827708231,0.345637796454924,0.3751610008378527,0.294831016438794,0.3940191866439924,0.390813849208332,0.3580860006559659,0.0,0.3989848666934623,0.0,0.3750711889566945,0.4313938743294408,0.0,0.2886204033745033,0.3567758612448206,0.2674404409174879,0.2844839729915961,0.3007711679232876,0.3303708344901838,0.2610272819213126,0.2806680430546757,0.2845848637175075,0.0,0.0,0.2531600185762828,0.3810021541372871,0.358857681922063,0.0,0.0,0.0,0.0,0.0,0.0,0.0,0.333503500344373,0.0,0.2844900393381676,0.0,0.0,0.4047752872497097,0.3664387055655304,0.3903361831365285,0.3838028800468697,0.0,0.3273172137089112,0.3895906654667523,0.3568615092238615,0.431538607885265,0.2803318941077053,0.3839727406129649,0.4459792087228579,0.4169937987309166,0.0,0.3543387964609466,0.0,0.3206360584394501
0.4261957637703888,0.4297850734137463,0.4398559001513135,0.2696084258684944,0.464834214657104,0.4704249348010575,0.4691735980638364,0.4088832685316873,0.4858404647339394,0.3642072417669875,0.4549828803391725,0.311592195102381,0.458226933317426,0.3039216022187915,0.4081044916911959,0.3613748121090641,0.4156150544459734,0.4033113531181586,0.4898747060356301,0.4167480544173472,0.3966301973129021,0.4289835064893004,0.4108789146344101,0.3580822646384324,0.4410652208748627,0.4597746243624773,0.4244046868003802,0.3991578975602102,0.4475447087969363,0.4105856331662307,0.3691206721820533,0.4079034594854838,0.2886204033745033,0.0,0.3147154843216944,0.2793164842604639,0.2722866750214288,0.2806058989911307,0.3655327479277483,0.0,0.2921274581581446,0.3326487354912453,0.325095231470422,0.0,0.0,0.3882288540165196,0.3853445659055302,0.0,0.0,0.0,0.4098312424580049,0.0,0.0,0.0,0.4154887503016753,0.0,0.0,0.0,0.0,0.423276041105435,0.3894977079630437,0.0,0.4082429135440003,0.0,0.4356360230612219,0.4118246215089219,0.4157758858788525,0.4603578989071465,0.0,0.402554490685665,0.4383033601038082,0.4322584147893577,0.3525932130293512,0.4066854636517403,0.0,0.2702489628690366
0.4283319415305012,0.4547410564515036,0.4390147889279168,0.3556425340396345,0.467616917598891,0.4589051076322044,0.4616453764729159,0.4235247885416465,0.4965123864456908,0.3431701400030438,0.4455559197438002,0.3201191547480445,0.4443200340606633,0.0,0.4432223548012976,0.3705195027863847,0.4084236019799224,0.4009111161452728,0.4706798745421057,0.4479608516194902,0.4317024063350994,0.4880714549988708,0.4010771530996919,0.335638764775475,0.4401327510416782,0.4461411640564922,0.4394727383981917,0.3763146579048136,0.455741633082887,0.3660479547376207,0.3035216252125847,0.3765026469925827,0.3567758612448206,0.3147154843216944,0.0,0.3445228650705433,0.3444903405434564,0.2773770403493925,0.3431107625921379,0.0,0.3006613425449436,0.3246970942457073,0.3287382792392123,0.2707566141914582,0.0,0.0,0.4133172318815307,0.0,0.0,0.0,0.0,0.0,0.0,0.0,0.0,0.0,0.0,0.0,0.0,0.4187332208226632,0.3821803586327621,0.0,0.4021296471608039,0.0,0.3749483854183586,0.4152925025482162,0.4089385470905153,0.4582099972881489,0.0,0.3944509347114863,0.4047099009047191,0.3963204070384958,0.0,0.3861223033484713,0.0,0.0
0.0,0.0,0.434965494960374,0.306116266354799,0.3981748594872697,0.4237627677738966,0.3307377388424331,0.320268313217026,0.4659934591845412,0.2997746242422296,0.3819086657860536,0.3319538916368378,0.4143087177537216,0.3166223773357983,0.3637808662303744,0.0,0.0,0.0,0.4448120929992419,0.3637943839248155,0.3318529810461977,0.359675039881125,0.3657972061240141,0.3798002460494493,0.0,0.0,0.3694512264441352,0.3438347820016452,0.4237006667614183,0.0,0.3683917005010619,0.2917268856722718,0.2674404409174879,0.2793164842604639,0.3445228650705433,0.0,0.2725197838429708,0.2674267125911942,0.2365254383894489,0.0,0.3007784363211805,0.312994458647409,0.3465184706347919,0.272591989194799,0.0,0.0,0.0,0.0,0.0,0.0,0.3945128125331981,0.3722265571161663,0.4189205966509524,0.0,0.0,0.4150120265578257,0.0,0.3860393905603861,0.0,0.0,0.0,0.0,0.0,0.0,0.0,0.0,0.0,0.4160934727266651,0.0,0.0,0.0,0.4036532183621273,0.3220743453439884,0.3490580230117698,0.0,0.0
0.0,0.0,0.4228389614171771,0.2837287414192851,0.3704381672957281,0.4389393801395564,0.4033308876189379,0.3823656473222281,0.4733930970183211,0.3213098322880365,0.4244730795608189,0.3364897073377164,0.4186319370475157,0.288087806471442,0.0,0.0,0.0,0.0,0.4506921482787168,0.3926272662233754,0.0,0.4093564952943287,0.3905727195404633,0.0,0.0,0.0,0.4126155513089156,0.3659382936814307,0.4278819866569948,0.0,0.3788422997648415,0.3226384781569592,0.2844839729915961,0.2722866750214288,0.3444903405434564,0.2725197838429708,0.0,0.2604162982891086,0.2435299084108856,0.0,0.2776999401048265,0.270919582465501,0.0,0.0,0.0,0.0,0.0,0.0,0.0,0.0,0.0,0.0,0.0,0.0,0.0,0.0,0.0,0.0,0.0,0.0,0.0,0.0,0.0,0.0,0.0,0.0,0.0,0.0,0.0,0.0,0.0,0.0,0.0,0.0,0.0,0.0
0.0,0.0,0.0,0.0,0.384783419170091,0.0,0.3900808696757926,0.0,0.4516822595489965,0.3378694283089245,0.4027377872365221,0.340744231255021,0.3989301207874772,0.0,0.0,0.0,0.318454624199915,0.0,0.0,0.0,0.0,0.0,0.0,0.3609679593641642,0.3763594130997935,0.4508302124357267,0.0,0.3721180580862297,0.0,0.0,0.3377659602067526,0.3049190968480127,0.3007711679232876,0.2806058989911307,0.2773770403493925,0.2674267125911942,0.2604162982891086,0.0,0.0,0.2805039230165858,0.2596510477048782,0.2691037941779567,0.0,0.0,0.2494770079464386,0.0,0.0,0.0,0.0,0.0,0.0,0.0,0.0,0.0,0.3190628042524646,0.0,0.2742623485051942,0.0,0.0,0.0,0.0,0.0,0.0,0.0,0.0,0.0,0.0,0.0,0.303839103064463,0.0,0.436386588919394,0.0,0.0,0.0,0.0,0.0
0.0,0.4417223945501177,0.4013836567462959,0.0,0.0,0.4302544114127208,0.0,0.4193679250955265,0.4030318520884013,0.1951267171765409,0.3978015919529081,0.2271749264753906,0.261697292070188,0.0,0.4088509300095344,0.383136377819802,0.0,0.0,0.4305017604584873,0.424473391042615,0.4118698992595441,0.4087961696508738,0.4434037486992262,0.0,0.4282678860362853,0.4167318451708562,0.4316211075508529,0.3134770719721303,0.4302092591732163,0.0,0.4220290330095733,0.3078818155942704,0.3303708344901838,0.3655327479277483,0.3431107625921379,0.2365254383894489,0.2435299084108856,0.0,0.0,0.2848520476326887,0.3155060817413788,0.3265427213890269,0.2916681847392765,0.2816340456075764,0.2561479544694077,0.3625436454085017,0.3889589368782001,0.3672515141519852,0.2906597071467868,0.342941307730253,0.3783961329482229,0.3380348047636863,0.3451131072238321,0.3766210432176556,0.3243953331957184,0.3160520712411249,0.2758298731219185,0.3441091820332975,0.2832552761348064,0.3824807679356938,0.3777501611186235,0.0,0.366115950806511,0.0,0.3823206816711995,0.3561174399146964,0.3914590868075669,0.3520038816903487,0.0,0.3563368837589149,0.3951722483669615,0.3599904980371288,0.3561876251857741,0.3717763857755536,0.3878579941352558,0.3244666609510308
0.0,0.3799594808396703,0.0,0.0,0.0,0.0,0.0,0.0,0.0,0.3543517331848858,0.0,0.3417402502831942,0.0,0.0,0.4182066487315809,0.3409059983142551,0.0,0.0,0.0,0.3128704779211057,0.0,0.3684468434495238,0.0,0.2923915720817234,0.3559783624610895,0.3961721233471758,0.0,0.0,0.0,0.0,0.0,0.3380689450225602,0.2610272819213126,0.0,0.0,0.0,0.0,0.2805039230165858,0.2848520476326887,0.0,0.2793480597570134,0.3109069745865335,0.2837782847349781,0.3041939060334124,0.2475795902864971,0.3196730174591536,0.3375170893557777,0.0,0.0,0.0,0.3878300391803647,0.0,0.3077626439920242,0.0,0.272780406937444,0.0,0.2561178107981999,0.3552661336534251,0.0,0.3554773274455589,0.3387927812568282,0.3558874515022349,0.3506986815448382,0.0,0.3499101768069821,0.3095130153749444,0.3467939132287569,0.3476983556521491,0.2841067085467161,0.3195952068741767,0.3606149964894192,0.3431107705619711,0.3731709122937928,0.3471190507466983,0.0,0.3282775206314979
0.3394666337608675,0.397189253724571,0.0,0.0,0.0,0.4014157376230838,0.0,0.3990113875756889,0.0,0.3251022373486015,0.0,0.2852416969088326,0.0,0.0,0.3231412547856071,0.3497273917043509,0.0,0.0,0.0,0.1060727350169206,0.3651270969427721,0.3653891238808153,0.4433661416729404,0.2834861964837788,0.3920596559590086,0.3995318002280633,0.4031562499784628,0.3076449586125885,0.3060369682410282,0.0,0.0,0.321068499581282,0.2806680430546757,0.2921274581581446,0.3006613425449436,0.3007784363211805,0.2776999401048265,0.2596510477048782,0.3155060817413788,0.2793480597570134,0.0,0.3098159393497134,0.3266777927740016,0.2842587328695536,0.2880351150124555,0.3393618672261493,0.372228569309882,0.3693171497106592,0.3016493504466133,0.3716257577532804,0.3874978072045766,0.3501212898878299,0.3789518927579859,0.3808067620336022,0.3334808562573962,0.330711650715095,0.3289825157919825,0.3730107199129627,0.3684809845582477,0.3889644163487046,0.3546577494838272,0.3600256265594159,0.3465687504423899,0.0,0.3690126211694189,0.2802324243681939,0.344067851051635,0.3703534656897798,0.3236724499379524,0.34107454948454,0.4020891988474859,0.3710321457809103,0.3393623387377693,0.3775077150402719,0.3472787874977406,0.3626657295106878
0.0,0.4365403113288597,0.0,0.0,0.0,0.351461616095556,0.0,0.0,0.0,0.0,0.0,0.0,0.0,0.0,0.4044344300010512,0.3694501715563552,0.0,0.0,0.0,0.4025589093658668,0.4126167565932921,0.3938692484154316,0.3826333593215582,0.0,0.4285162644633667,0.4320158616232855,0.3837360829027515,0.3172752324812354,0.3831949297830204,0.0,0.0,0.3320795492014038,0.2845848637175075,0.3326487354912453,0.3246970942457073,0.312994458647409,0.270919582465501,0.2691037941779567,0.3265427213890269,0.3109069745865335,0.3098159393497134,0.0,0.3687041176914403,0.3228811555098664,0.2741947127660273,0.384074597902154,0.4088960624985576,0.0,0.3244906118301823,0.0,0.4140360116728139,0.3631679743897668,0.3533464946640218,0.3844530087000467,0.2851845999146135,0.0,0.2810766496092156,0.3779876012100762,0.0,0.4195096390642522,0.4037514191937452,0.0,0.3534348442761821,0.0,0.4123957160034475,0.2941788237287181,0.3986351365015737,0.3831610845869871,0.3750026509456833,0.368508720126965,0.4196769296372858,0.3966865151315976,0.3377203773841644,0.4128970964424138,0.0,0.3055316765883146
0.0,0.0,0.4950947881326604,0.0,0.4127547995754806,0.4099806769649181,0.0,0.3950766092938618,0.4703424361931416,0.0,0.4559138626423575,0.0,0.2648064148441698,0.0,0.0,0.0,0.0,0.0,0.5021189722882143,0.0,0.0,0.0,0.4469395222677561,0.0,0.0,0.0,0.441324311571159,0.3242810220725945,0.0,0.0,0.0,0.319578681825904,0.0,0.325095231470422,0.3287382792392123,0.3465184706347919,0.0,0.0,0.2916681847392765,0.2837782847349781,0.3266777927740016,0.3687041176914403,0.0,0.2538104703820421,0.2712386296825141,0.0,0.0,0.3746920778207853,0.2451100004597997,0.2734763505595403,0.3688593272324519,0.2997142268619713,0.3432350089465499,0.3893084707567917,0.0,0.3625304247111846,0.0,0.3171088320677478,0.2626330326881617,0.4128315202488332,0.0,0.0,0.0,0.3776954864718516,0.4323008449307332,0.3545704150186196,0.424291958592827,0.3483895903331782,0.3123695810319227,0.0,0.43308182239986,0.3503647482817764,0.3183898812214942,0.3683715653855254,0.0,0.3088494627461479
