0.0,0.4923167598722405,0.0,0.0,0.0,0.5732682325582638,0.0,0.5385440345731182,0.0,0.5093768513083332,0.0,0.1729526770320301,0.4734341374164973,0.0,0.443636041655725,0.4426290811988064,0.4488746810959089,0.4439114614850611,0.0,0.4670778320830692,0.4819091405287385,0.4641155870421515,0.5243766190093865,0.4888136634641074,0.4936369689057809,0.5106099331771329,0.4778315748679089,0.1729526770320301,0.4851220410878616,0.0,0.4972683598344151,0.5124700196037204,0.4548177887890503,0.4982724645241677,0.4968235929335123,0.0,0.0,0.1729526770320301,0.1729526770320301,0.1729526770320301,0.4432406454725573,0.0,0.0,0.0,0.0,0.4024351373210405,0.4397161722631057,0.0,0.0,0.0,0.0,0.0,0.0,0.0,0.1729526770320301,0.0,0.0,0.0,0.0,0.0,0.4330968611746964,0.0,0.4391267099601587,0.0,0.0,0.4565175601819937,0.4637855664756685,0.0,0.1729526770320301,0.4292672172022184,0.4662679015008776,0.0,0.0,0.0,0.0,0.4131884385031745
0.4923167598722405,0.0,0.0,0.0,0.5773661930992591,0.5582148494497277,0.6952934801042641,0.4757963513211048,0.6855438857512385,0.0,0.0,0.0,0.5824236707031504,0.0,0.4499708132128074,0.488373273834283,0.1729526770320301,0.4618421229049961,0.0,0.5539482534587798,0.4967400950247849,0.5343849620832425,0.4930207752862001,0.0,0.5477103672582946,0.5666371468559209,0.533175337908453,0.5404316991870125,0.5660209316158243,0.0,0.5163438297802005,0.5307061585984445,0.4690359916212009,0.5023160582791284,0.5085710529039672,0.0,0.0,0.0,0.5098828339124684,0.4623059065984098,0.4753315059031561,0.5052458977576993,0.0,0.0,0.0,0.4987772553759071,0.491670757546768,0.0,0.0,0.0,0.4257389464823367,0.0,0.0,0.0,0.0,0.0,0.0,0.0,0.0,0.4905068012448108,0.4675862894163329,0.0,0.4567354325936837,0.0,0.4490530539002419,0.4951551074929144,0.4824074146869926,0.4906062648938579,0.0,0.4544193750563491,0.498947492077488,0.465013930894061,0.0,0.4510962378014346,0.0,0.4574287324379835
0.0,0.0,0.0,0.4560162027876029,0.5372107395003901,0.5270376324676396,0.5255813753028452,0.5620480787819733,0.4901752510555734,0.4633946711798018,0.460066359829583,0.4020866846157049,0.5280441569956997,0.5239783676819482,0.0,0.0,0.0,0.0,0.4700777577655819,0.0,0.0,0.0,0.5249146186277749,0.0,0.0,0.0,0.5189246068685678,0.5196559066306781,0.0,0.0,0.5112593914671785,0.4884085457551041,0.4017944180221394,0.5048254872025495,0.4999393860441216,0.503731090375775,0.4914822801233574,0.0,0.444888041113435,0.0,0.4118427298097989,0.0,0.5479395777032667,0.0,0.0,0.0,0.0,0.5051226171402436,0.0,0.5205899889287972,0.5689423403858838,0.4801583979555051,0.5921818705814024,0.5843446004233733,0.0,0.4312203549903874,0.0,0.5315343048883815,0.5751375095735249,0.0,0.0,0.0,0.0,0.4604780740643701,0.0,0.0,0.0,0.5677570120968888,0.0,0.0,0.0,0.5759678023511448,0.4099913844898497,0.0,0.0,0.0
0.0,0.0,0.4560162027876029,0.0,0.5025612137631429,0.4956660874115591,0.4783003755656528,0.4476730068294712,0.525148118968925,0.3824561174692601,0.4865260084844734,0.4057225298365641,0.4840569264902656,0.4377405813561671,0.0,0.0,0.0,0.0,0.516509668884534,0.4372371673082193,0.0,0.0,0.4586065333967709,0.0,0.0,0.0,0.4668498187133674,0.4729085749400046,0.4411415148070092,0.0,0.4429457679591607,0.3957100246550991,0.0,0.3766597174322439,0.4386714159640754,0.396882472235477,0.3901275877338683,0.3624346594844374,0.0,0.0,0.0,0.0,0.0,0.0,0.0,0.0,0.0,0.0,0.0,0.0,0.0,0.0,0.0,0.0,0.0,0.0,0.0,0.0,0.0,0.0,0.0,0.0,0.0,0.0,0.0,0.0,0.0,0.0,0.0,0.0,0.0,0.0,0.0,0.0,0.0,0.0
0.0,0.5773661930992591,0.5372107395003901,0.5025612137631429,0.0,0.5295070432607065,0.5190660285032749,0.4897945334418468,0.5459682970480627,0.5580784709385724,0.536327508182722,0.4800005926254366,0.5074434584007167,0.5170694684260895,0.0,0.5319002833870742,0.0,0.0,0.5573600059155611,0.5640957062295882,0.0,0.5518913689566013,0.4808504520341706,0.0,0.5406020765665579,0.4955551403413779,0.4928738655918044,0.5033851665305388,0.536545898967458,0.0,0.520775478934241,0.5306950540906121,0.4800307166821687,0.5261047767509303,0.5282651098320252,0.4774834325100924,0.4591989521632374,0.456559409685541,0.401679366088985,0.0,0.0,0.0,0.4700639280313423,0.0,0.0,0.0,0.0,0.1729526770320301,0.0,0.1729526770320301,0.4732368057434664,0.0,0.1729526770320301,0.1729526770320301,0.0,0.1729526770320301,0.0,0.0,0.0,0.0,0.0,0.0,0.0,0.1729526770320301,0.0,0.0,0.0,0.5119916389188335,0.0,0.0,0.0,0.4582216604550736,0.0,0.0,0.0,0.0
0.5732682325582638,0.5582148494497277,0.5270376324676396,0.4956660874115591,0.5295070432607065,0.0,0.524164622848038,0.5213260968853342,0.5628298017098395,0.5275489562981691,0.5196690906792323,0.4482407661331267,0.5268663907516135,0.4924572169092693,0.4770814785911857,0.5393286454708126,0.1729526770320301,0.563453579462799,0.5753335590269851,0.5562600889697884,0.5418702403845976,0.549857399636888,0.5264389053411718,0.0,0.5416220849509902,0.4894633230858144,0.5306505481549237,0.5301272529720462,0.552007666754469,0.5123659630674429,0.5188488269309953,0.5093123858330812,0.5005316425097651,0.5322161746335002,0.5234226907161831,0.4956959316177823,0.5068424140093446,0.4493871243362135,0.499193792239767,0.0,0.4638316949465217,0.4212894908723693,0.4601123211380636,0.0,0.0,0.0,0.4301232345913147,0.1729526770320301,0.0,0.4384869293065951,0.534665491191252,0.4177281771986123,0.5517443364161585,0.5690363627335803,0.0,0.6004493018041465,0.0,0.4876250666872542,0.0,0.4634198835450103,0.0,0.0,0.0,0.1729526770320301,0.4705652815810541,0.497176740613772,0.3965880589865061,0.5292513865747028,0.0,0.0,0.4825121720718694,0.5249166638693696,0.4714511853222417,0.4980794706229164,0.4672361223110816,0.462888769489839
0.0,0.6952934801042641,0.5255813753028452,0.4783003755656528,0.5190660285032749,0.524164622848038,0.0,0.1729526770320301,0.5358721870488063,0.5759000335203678,0.5403710076346601,0.5052362635083547,0.4853363602933783,0.5762927756404879,0.0,0.5804838117720524,0.1729526770320301,0.5320340500653664,0.5313831667113426,0.5632668884884884,0.0,0.5751299560920644,0.4550445549696281,0.5003182886113909,0.5715197711944933,0.6004273915808225,0.5019013335315976,0.4779727567014432,0.5403125740101379,0.0,0.5109210780252068,0.4577297229042278,0.5420856242391997,0.5327286821382431,0.5278358726455974,0.4270986599913549,0.5137099689786595,0.4694618193803443,0.2593701599450164,0.0,0.3230953031617515,0.0,0.1729526770320301,0.0,0.0,0.0,0.0,0.1729526770320301,0.0,0.0,0.1729526770320301,0.0,0.1729526770320301,0.1729526770320301,0.0,0.1729526770320301,0.0,0.0,0.0,0.0,0.0,0.0,0.0,0.1729526770320301,0.0,0.0,0.0,0.1729526770320301,0.0,0.0,0.0,0.1729526770320301,0.0,0.0,0.0,0.0
0.5385440345731182,0.4757963513211048,0.5620480787819733,0.4476730068294712,0.4897945334418468,0.5213260968853342,0.1729526770320301,0.0,0.5590068148676172,0.4242581248678455,0.5260976943645601,0.1729526770320301,0.4751345504082772,0.4483316845965437,0.5001154609867213,0.1729526770320301,0.0,0.1729526770320301,0.58831636762151,0.4883240055751737,0.4772701996911254,0.4870933235416972,0.495124592537627,0.5506591807557323,0.5411076105761398,0.5404241510058984,0.5220258251287503,0.4825942218812058,0.5039937857680695,0.4642408671008379,0.478369870507089,0.4658929585107199,0.435614460332469,0.4840827093129518,0.49612319865389,0.4114130047278588,0.463536007080739,0.0,0.4918692048580422,0.0,0.4695139801248102,0.0,0.4696076853326458,0.0,0.0,0.0,0.0,0.1729526770320301,0.0,0.4575323547371622,0.4875212250179681,0.4750071432860829,0.482074305838375,0.5291805366480957,0.0,0.5398627716128452,0.0,0.4979160566473665,0.1729526770320301,0.4844726016188775,0.0,0.0,0.0,0.4856321272471151,0.4902415740094953,0.5314260554599892,0.0,0.5033197468784152,0.0,0.0,0.0,0.5135398550053172,0.4768856610377737,0.4804057864106705,0.0,0.1729526770320301
0.0,0.6855438857512385,0.4901752510555734,0.525148118968925,0.5459682970480627,0.5628298017098395,0.5358721870488063,0.5590068148676172,0.0,0.5443872999903053,0.5382176367590562,0.5063440939761886,0.5342461003502137,0.5274625528908832,0.0,0.5411967529288739,0.0,0.4220621347211131,0.5330416325440399,0.5513330301362288,0.0,0.5661841691090306,0.5403008957581851,0.4641454420686574,0.5947709167161889,0.5045806903463871,0.5342795898279171,0.5375813617325093,0.571515879040453,0.5263019374939663,0.5390034325275539,0.5180036073919154,0.4891035442232943,0.5422473547672927,0.5503911496998224,0.5284672802967486,0.5311672348069059,0.5300167045462703,0.4499029483928357,0.0,0.3622160434594763,0.0,0.5284650462449247,0.0,0.0,0.0,0.0,0.5562544185615441,0.0,0.4811200059985475,0.5608399449999393,0.4544475579465669,0.5850326660606888,0.5513609589876507,0.0,0.5991368752309889,0.0,0.4874967540303055,0.5625454110634985,0.0,0.0,0.0,0.0,0.1729526770320301,0.0,0.0,0.0,0.5576587522758234,0.0,0.0,0.0,0.5648309895777841,0.3966397781957493,0.0,0.0,0.0
0.5093768513083332,0.0,0.4633946711798018,0.3824561174692601,0.5580784709385724,0.5275489562981691,0.5759000335203678,0.4242581248678455,0.5443872999903053,0.0,0.52037766612372,0.4726244426915107,0.5084278118333597,0.0,0.0,0.435084158521263,0.4607153744382917,0.4630760937136888,0.5160710906483417,0.4074546149720328,0.0,0.437702871840906,0.4301840358167013,0.4900696694466587,0.5360477861013602,0.5655380698194935,0.437622816293378,0.4991999913106517,0.4275096477764035,0.0,0.484822418393573,0.4535671396060558,0.4524776214009059,0.4478481656998245,0.4344852419119095,0.4023569915514408,0.4207784812937751,0.4289958023275551,0.327919309206009,0.4379881614986477,0.4238091387277801,0.4031077625574036,0.0,0.0,0.4443945901046062,0.1729526770320301,0.0,0.0,0.0,0.0,0.0,0.0,0.0,0.0,0.4952482627953162,0.0,0.4791463918792549,0.3743163920638339,0.0,0.0,0.0,0.4844744398439042,0.4758599617567793,0.0,0.0,0.0,0.0,0.0,0.481988116135487,0.4677928084068743,0.5255612928195206,0.0,0.4352776322271349,0.0,0.0,0.4806087737606666
0.0,0.0,0.460066359829583,0.4865260084844734,0.536327508182722,0.5196690906792323,0.5403710076346601,0.5260976943645601,0.5382176367590562,0.52037766612372,0.0,0.4828849603436813,0.5269894156370817,0.5032725096227547,0.0,0.0,0.1729526770320301,0.0,0.4911837804531416,0.0,0.0,0.0,0.4283471166633716,0.4948792540641999,0.0,0.3605246078708556,0.5455344244260144,0.5282296349143975,0.0,0.0,0.5315807730092748,0.4915973100938688,0.4053828028109449,0.517637809908428,0.5115152870739937,0.4585478245765666,0.4911934557067424,0.4736437772746967,0.4603392106515707,0.0,0.0,0.0,0.5142023740007208,0.0,0.0,0.0,0.0,0.5378838300551745,0.0,0.5189860912204304,0.5190643342900583,0.4936212048884973,0.5580461026834355,0.5327963390170836,0.0,0.4458875439092867,0.0,0.4935498549951939,0.531095792804949,0.0,0.0,0.0,0.0,0.5392948028960216,0.0,0.0,0.0,0.5281521724378432,0.0,0.0,0.0,0.5354752360539194,0.4242627551112026,0.0,0.0,0.0
0.1729526770320301,0.0,0.4020866846157049,0.4057225298365641,0.4800005926254366,0.4482407661331267,0.5052362635083547,0.1729526770320301,0.5063440939761886,0.4726244426915107,0.4828849603436813,0.0,0.5328712475685794,0.0,0.0,0.0,0.5052813846376328,0.4944195942268914,0.1729526770320301,0.0,0.5187498960415087,0.0,0.1729526770320301,0.49422948934904,0.5097949733116306,0.5598164280115011,0.4083425998789227,0.4983316772763413,0.0,0.0,0.4568168159074297,0.3958863349880726,0.4227572540765442,0.4145500314742004,0.4174694155386779,0.4251745811182492,0.435381152713747,0.4316119184569821,0.3449594329277543,0.4282849339959537,0.3976337332534127,0.3853909609021017,0.3947247501575976,0.0,0.3913093009441865,0.0,0.0,0.0,0.0,0.0,0.0,0.0,0.0,0.0,0.4813784215782881,0.0,0.4523228245056787,0.3963082980212212,0.0,0.0,0.0,0.4739111240404799,0.4785431058728128,0.0,0.0,0.0,0.0,0.0,0.4545122516762745,0.4781104276693265,0.5240674357457679,0.0,0.4096128379351025,0.0,0.0,0.4619966950866856
0.4734341374164973,0.5824236707031504,0.5280441569956997,0.4840569264902656,0.5074434584007167,0.5268663907516135,0.4853363602933783,0.4751345504082772,0.5342461003502137,0.5084278118333597,0.5269894156370817,0.5328712475685794,0.0,0.547568828827085,0.1729526770320301,0.5594804177900637,0.5143284614093632,0.5267347903919863,0.5321523971837397,0.5563605732652815,0.5474401120151701,0.5470065684150555,0.4833865307478329,0.5835339305929237,0.5326629162175086,0.5353886621166508,0.5100861719524719,0.494500823846033,0.5371642872127865,0.5039679526970544,0.4983013741405884,0.463797005158451,0.4757817201379745,0.5238531459652289,0.5132019716904002,0.4879823397155017,0.4914402870663155,0.4785605907420521,0.3383668465413602,0.1729526770320301,0.3368481418341681,0.3598543966297436,0.3419286798147732,0.0,0.1729526770320301,0.0,0.0,0.1729526770320301,0.0,0.0,0.410920920009344,0.1729526770320301,0.1729526770320301,0.0,0.0,0.1729526770320301,0.1729526770320301,0.0,0.0,0.1729526770320301,0.0,0.0,0.0,0.0,0.1729526770320301,0.0,0.3817566284111462,0.5124227429978628,0.0,0.1729526770320301,0.1729526770320301,0.4764487615770527,0.0,0.4127317043869837,0.0,0.0
0.0,0.0,0.5239783676819482,0.4377405813561671,0.5170694684260895,0.4924572169092693,0.5762927756404879,0.4483316845965437,0.5274625528908832,0.0,0.5032725096227547,0.0,0.547568828827085,0.0,0.0,0.0,0.0,0.0,0.5293929864658105,0.0,0.1729526770320301,0.0,0.4773277060871355,0.0,0.0,0.0,0.5144483353856119,0.4195693491615827,0.0,0.0,0.4764612076010929,0.3756334384986873,0.0,0.3963425778203029,0.0,0.4004023638022732,0.3860216531887183,0.0,0.1729526770320301,0.0,0.0,0.0,0.1729526770320301,0.0,0.0,0.0,0.0,0.1729526770320301,0.0,0.0,0.0,0.0,0.0,0.1729526770320301,0.0,0.1729526770320301,0.0,0.0,0.0,0.0,0.0,0.0,0.0,0.0,0.0,0.0,0.0,0.1729526770320301,0.0,0.0,0.0,0.1729526770320301,0.0,0.0,0.0,0.0
0.443636041655725,0.4499708132128074,0.0,0.0,0.0,0.4770814785911857,0.0,0.5001154609867213,0.0,0.0,0.0,0.0,0.1729526770320301,0.0,0.0,0.1729526770320301,0.0,0.1729526770320301,0.0,0.4825607464684354,0.4668636951824295,0.4772990212043904,0.4954540350624805,0.4877174375827486,0.4829709009134085,0.4724229609749412,0.5005777629605322,0.1729526770320301,0.1729526770320301,0.0,0.1729526770320301,0.4795055371705819,0.4274940521568257,0.4853774364853348,0.5119991458155424,0.4398402492322006,0.0,0.0,0.483620166214238,0.4913960194202869,0.4176237785803972,0.4808066631149089,0.1729526770320301,0.0,0.0,0.0,0.4714205490928078,0.0,0.0,0.0,0.4720410392681821,0.0,0.5629183005230797,0.0,0.0,0.0,0.0,0.1729526770320301,0.0,0.5016251386341881,0.3721145775066405,0.0,0.0,0.0,0.4853290592045527,0.489701227831461,0.4896666979384418,0.5099924936893222,0.0,0.1729526770320301,0.4492819501581414,0.5031970987648264,0.4325662863995658,0.4686468318316095,0.0,0.3845817017433792
0.4426290811988064,0.488373273834283,0.0,0.0,0.5319002833870742,0.5393286454708126,0.5804838117720524,0.1729526770320301,0.5411967529288739,0.435084158521263,0.0,0.0,0.5594804177900637,0.0,0.1729526770320301,0.0,0.397288588131475,0.4162959884963835,0.0,0.4296886879345468,0.4544731872466351,0.4507097307596677,0.1729526770320301,0.4526571169889266,0.4702761860322136,0.4854123127718233,0.4804370715713679,0.5273802225625115,0.4995777876311958,0.4832442959260229,0.4256953089631651,0.5102384857047958,0.4332743378215485,0.4499691986728056,0.4572410767759196,0.0,0.0,0.0,0.4654563728874012,0.4342126109222387,0.4393198059753372,0.4585254228079769,0.0,0.0,0.0,0.4525720329919833,0.4494655231563053,0.0,0.0,0.0,0.0,0.0,0.0,0.0,0.0,0.0,0.0,0.0,0.0,0.459602089695956,0.4382957829121073,0.0,0.4392537742091091,0.0,0.3854761015891841,0.4477480049761129,0.4432660897849683,0.3956187797846311,0.0,0.4411033000617372,0.4690630147296462,0.1729526770320301,0.0,0.4024932001049197,0.0,0.4259435661867267
0.4488746810959089,0.1729526770320301,0.0,0.0,0.0,0.1729526770320301,0.1729526770320301,0.0,0.0,0.4607153744382917,0.1729526770320301,0.5052813846376328,0.5143284614093632,0.0,0.0,0.397288588131475,0.0,0.4116282435184552,0.0,0.4919227766442876,0.0,0.464075159725295,0.0,0.4600655927146234,0.4772359986481626,0.5369792184727318,0.0,0.5230776798562907,0.1729526770320301,0.0,0.4552777749997728,0.5094182310502006,0.4382070536741729,0.4917676267344355,0.4860336888573991,0.0,0.0,0.4118583765782704,0.0,0.1729526770320301,0.0,0.0,0.0,0.0,0.0,0.0,0.0,0.0,0.0,0.0,0.0,0.0,0.0,0.0,0.4807039165293848,0.0,0.4652203329695525,0.0,0.0,0.0,0.0,0.43592506082777,0.4536279563596008,0.0,0.0,0.0,0.0,0.0,0.4527963988112274,0.1729526770320301,0.5061679073056502,0.0,0.0,0.0,0.0,0.0
0.4439114614850611,0.4618421229049961,0.0,0.0,0.0,0.563453579462799,0.5320340500653664,0.1729526770320301,0.4220621347211131,0.4630760937136888,0.0,0.4944195942268914,0.5267347903919863,0.0,0.1729526770320301,0.4162959884963835,0.4116282435184552,0.0,0.0,0.4555808001407849,0.1729526770320301,0.449943209973074,0.1729526770320301,0.4549821480436444,0.4731183759053513,0.5102446581322175,0.4680269238543758,0.5294109675262221,0.496122265294004,0.1729526770320301,0.452408883405408,0.5631066434757109,0.4356381092739261,0.4822191549315562,0.4796391729993405,0.0,0.0,0.0,0.1729526770320301,0.1729526770320301,0.1729526770320301,0.1729526770320301,0.0,0.0,0.0,0.4477347855188569,0.4255793976249259,0.0,0.0,0.0,0.0,0.0,0.0,0.0,0.4662516224223703,0.0,0.4538808930418249,0.0,0.0,0.0,0.448401062153917,0.451555184365647,0.4634381198735868,0.0,0.0,0.0,0.4059211623717725,0.0,0.4225813231344649,0.4538765267730513,0.4946858871149224,0.0,0.0,0.0,0.0,0.4436816758177043
0.0,0.0,0.4700777577655819,0.516509668884534,0.5573600059155611,0.5753335590269851,0.5313831667113426,0.58831636762151,0.5330416325440399,0.5160710906483417,0.4911837804531416,0.1729526770320301,0.5321523971837397,0.5293929864658105,0.0,0.0,0.0,0.0,0.0,0.0,0.0,0.0,0.522807926391043,0.0,0.0,0.0,0.5364549977933704,0.5335433934546651,0.0,0.0,0.5420875333514861,0.5191284764509648,0.0,0.5415197336880975,0.5298172906023929,0.5144393239084142,0.5162106607977166,0.4705743368149337,0.477719657831257,0.0,0.0,0.0,0.5537543648245814,0.0,0.0,0.0,0.0,0.4449103925780772,0.0,0.5175305419129472,0.5667096062400857,0.4995420898647071,0.6097866711014728,0.592976004472489,0.0,0.4212530731868212,0.0,0.4828101129860473,0.5717857160914428,0.0,0.0,0.0,0.0,0.6008288480905458,0.0,0.0,0.0,0.572438447767468,0.0,0.0,0.0,0.5751505137562644,0.0,0.0,0.0,0.0
0.4670778320830692,0.5539482534587798,0.0,0.4372371673082193,0.5640957062295882,0.5562600889697884,0.5632668884884884,0.4883240055751737,0.5513330301362288,0.4074546149720328,0.0,0.0,0.5563605732652815,0.0,0.4825607464684354,0.4296886879345468,0.4919227766442876,0.4555808001407849,0.0,0.0,0.489296820260739,0.48796682849969,0.5041180486204693,0.0,0.4837642264061202,0.5051375339246602,0.5061719032625748,0.5058160686110784,0.48024093552708,0.5045933838173425,0.4616189763423808,0.5167542543365888,0.454968196326153,0.4927399472436088,0.5166595941606806,0.4323560139178679,0.4571264748249102,0.0,0.4971011775862436,0.3430279189444967,0.2499955933131079,0.4644342247694802,0.4176103766630433,0.0,0.0,0.0,0.3975031781981749,0.0,0.0,0.0,0.4597497010849423,0.0,0.1729526770320301,0.0,0.0,0.0,0.0,0.4050546863143882,0.0,0.4792225622479918,0.3060560480875782,0.0,0.0,0.0,0.476148276116507,0.478479799709616,0.464913820208539,0.5001166341648017,0.0,0.3235743691591983,0.4677425845092077,0.5071567335718253,0.3491235326500738,0.434618840158649,0.4027426306778223,0.3828097355034241
0.4819091405287385,0.4967400950247849,0.0,0.0,0.0,0.5418702403845976,0.0,0.4772701996911254,0.0,0.0,0.0,0.5187498960415087,0.5474401120151701,0.1729526770320301,0.4668636951824295,0.4544731872466351,0.0,0.1729526770320301,0.0,0.489296820260739,0.0,0.4807822118286963,0.4426807884206067,0.5321001849122601,0.4846243098738029,0.4869425243778966,0.5012105370009534,0.1729526770320301,0.48333012037226,0.0,0.1729526770320301,0.497291536547689,0.4450477692843411,0.4753337277769029,0.5011217567315539,0.0,0.0,0.0,0.4864982941478981,0.1729526770320301,0.433696648190623,0.4942802153483261,0.0,0.0,0.0,0.4949421723804647,0.4894294150246343,0.0,0.0,0.0,0.4872598655605469,0.0,0.452427775085628,0.0,0.0,0.0,0.0,0.4406887225867388,0.0,0.4863176776575138,0.4138995048244124,0.0,0.0,0.0,0.4682592938042558,0.4647748925172477,0.4721152296301699,0.4993705836155778,0.0,0.1729526770320301,0.4927305387417946,0.4883478752412776,0.4414982146806801,0.4788618394840536,0.0,0.4095300820830351
0.4641155870421515,0.5343849620832425,0.0,0.0,0.5518913689566013,0.549857399636888,0.5751299560920644,0.4870933235416972,0.5661841691090306,0.437702871840906,0.0,0.0,0.5470065684150555,0.0,0.4772990212043904,0.4507097307596677,0.464075159725295,0.449943209973074,0.0,0.48796682849969,0.4807822118286963,0.0,0.5121013616702095,0.0,0.5146437365840311,0.5128643012388169,0.52750813941659,0.5057236276347559,0.5169056212399527,0.5036997044962425,0.4551506192607257,0.526461366510004,0.4392081310094164,0.5014049720770114,0.5463718282508166,0.4402397021867756,0.4801164885021219,0.0,0.4855148359761632,0.4543203992558281,0.4489004622709256,0.4723466881442298,0.4539501900618671,0.0,0.0,0.4427347110502013,0.4685407763331737,0.0,0.0,0.0,0.4679576501924999,0.0,0.0,0.0,0.0,0.0,0.0,0.0,0.0,0.4963883067718458,0.4119895640629383,0.0,0.3932546641539318,0.0,0.4677442565070662,0.4840225827779171,0.4652732418460465,0.516730518136973,0.0,0.4020852419039505,0.4886425137146102,0.4904627282537228,0.3999229440517587,0.4610750378315678,0.0,0.4061770605746941
0.5243766190093865,0.4930207752862001,0.5249146186277749,0.4586065333967709,0.4808504520341706,0.5264389053411718,0.4550445549696281,0.495124592537627,0.5403008957581851,0.4301840358167013,0.4283471166633716,0.1729526770320301,0.4833865307478329,0.4773277060871355,0.4954540350624805,0.1729526770320301,0.0,0.1729526770320301,0.522807926391043,0.5041180486204693,0.4426807884206067,0.5121013616702095,0.0,0.5474325489270834,0.503073510585497,0.5174239148297821,0.4919962902839166,0.4773724753385958,0.5015243098013431,0.4686006436365636,0.4789372016920786,0.4695907012314443,0.459169376641191,0.4862823213459099,0.4788725030558672,0.4502516566033451,0.4697380582030141,0.392670231004415,0.5074058877758647,0.1729526770320301,0.5079569622410274,0.479794353306081,0.5118479451987598,0.410993313744759,0.0,0.0,0.4326581000681757,0.4069517417416509,0.0,0.4779974176284999,0.5316596326387825,0.5200442578826229,0.5452386204256564,0.563015877933583,0.0,0.5009094201605074,0.0,0.5402829907099941,0.5221709642884201,0.5030527369900304,0.0,0.0,0.0,0.361453000965097,0.5045575551010862,0.5219230770046528,0.4621128072882522,0.5367971654795866,0.0,0.1729526770320301,0.467077591175191,0.532733042146006,0.5142765002374753,0.5082709879595844,0.5068317640754533,0.5057890358255033
0.4888136634641074,0.0,0.0,0.0,0.0,0.0,0.5003182886113909,0.5506591807557323,0.4641454420686574,0.4900696694466587,0.4948792540641999,0.49422948934904,0.5835339305929237,0.0,0.4877174375827486,0.4526571169889266,0.4600655927146234,0.4549821480436444,0.0,0.0,0.5321001849122601,0.0,0.5474325489270834,0.0,0.5065154490056089,0.556030188442402,0.4586225647253149,0.4981203841629978,0.0,0.0,0.4679396563639973,0.5007525036498527,0.3930769579572759,0.4525221518709476,0.4292883899763378,0.4547562240775202,0.4490366107390788,0.4480669659344382,0.1729526770320301,0.3945971874834386,0.3943355339663811,0.0,0.0,0.0,0.1729526770320301,0.468300184873775,0.0,0.0,0.0,0.0,0.0,0.0,0.0,0.0,0.4724428274801422,0.0,0.448541730854314,0.0,0.0,0.0,0.4661427668370771,0.4549482968884257,0.4589332527029817,0.0,0.0,0.0,0.0,0.0,0.439374075293301,0.4597247296095664,0.5152416121394141,0.0,0.1729526770320301,0.0,0.0,0.4713413377792927
0.4936369689057809,0.5477103672582946,0.0,0.0,0.5406020765665579,0.5416220849509902,0.5715197711944933,0.5411076105761398,0.5947709167161889,0.5360477861013602,0.0,0.5097949733116306,0.5326629162175086,0.0,0.4829709009134085,0.4702761860322136,0.4772359986481626,0.4731183759053513,0.0,0.4837642264061202,0.4846243098738029,0.5146437365840311,0.503073510585497,0.5065154490056089,0.0,0.55524240380588,0.5014081510852453,0.5309545458505454,0.5229182302269539,0.0,0.5188747649527354,0.557332832299219,0.4743076352138934,0.5113128456825821,0.5099282461054596,0.0,0.0,0.4586981299580036,0.4979570856582961,0.4394488575015247,0.4696193104840883,0.4971967606741901,0.0,0.0,0.0,0.4932389943884097,0.4622599437499256,0.0,0.0,0.0,0.0,0.0,0.0,0.0,0.4940636321979451,0.0,0.4921435197311221,0.1729526770320301,0.0,0.1729526770320301,0.4712361087115214,0.489998010139655,0.4865613254312221,0.0,0.432636858730976,0.4303512413617998,0.4014533808946102,0.1729526770320301,0.4959188681412234,0.4838434778233537,0.5280905567323017,0.0,0.0,0.4249636611899595,0.0,0.4705800277620767
0.5106099331771329,0.5666371468559209,0.0,0.0,0.4955551403413779,0.4894633230858144,0.6004273915808225,0.5404241510058984,0.5045806903463871,0.5655380698194935,0.3605246078708556,0.5598164280115011,0.5353886621166508,0.0,0.4724229609749412,0.4854123127718233,0.5369792184727318,0.5102446581322175,0.0,0.5051375339246602,0.4869425243778966,0.5128643012388169,0.5174239148297821,0.556030188442402,0.55524240380588,0.0,0.5022995949278312,0.5926027282616914,0.5185303271094825,0.0,0.5391511065268179,0.508644374643154,0.4703358250367141,0.5241635838047414,0.5132326458508714,0.1729526770320301,0.0,0.5166183598022774,0.4912565908512347,0.4721540437677663,0.4751527101381873,0.5010738795510951,0.0,0.0,0.1729526770320301,0.522361833889598,0.4961185827140026,0.0,0.0,0.0,0.4134913571110424,0.0,0.0,0.0,0.5297917059237112,0.0,0.5271583604921031,0.1729526770320301,0.0,0.4939251821642834,0.4853846209126611,0.518063862514955,0.5097228213814814,0.0,0.44896538325052,0.514136353004432,0.4842711468882011,0.4823373648888613,0.5537318643746837,0.5042984655037578,0.5421421309115557,0.4749533328383941,0.4214624216507176,0.4134979919780479,0.0,0.4953523191286236
0.4778315748679089,0.533175337908453,0.5189246068685678,0.4668498187133674,0.4928738655918044,0.5306505481549237,0.5019013335315976,0.5220258251287503,0.5342795898279171,0.437622816293378,0.5455344244260144,0.4083425998789227,0.5100861719524719,0.5144483353856119,0.5005777629605322,0.4804370715713679,0.0,0.4680269238543758,0.5364549977933704,0.5061719032625748,0.5012105370009534,0.52750813941659,0.4919962902839166,0.4586225647253149,0.5014081510852453,0.5022995949278312,0.0,0.509154153671816,0.4894840789815644,0.4766181894941702,0.4897398360884296,0.5043519969434751,0.4479716578444322,0.4977541482378013,0.5095090218717196,0.451353582003506,0.487774193624076,0.412500851214794,0.4983959895728206,0.4314721432675077,0.4770985760517395,0.4556916158296801,0.5096370143746686,0.3631019131402295,0.0,0.0,0.3632566281590781,0.1729526770320301,0.0,0.4196208137186456,0.5313140175688646,0.4769197287435528,0.5547598668177882,0.5661335066637817,0.0,0.6045137368493415,0.0,0.5100217894519324,0.52049559435162,0.4889804756533212,0.0,0.0,0.0,0.1729526770320301,0.4612425727813001,0.5021322498968122,0.3398710785655527,0.5265648450360325,0.0,0.0,0.4458355467344017,0.5219140386007434,0.4693981468706029,0.4427642284476863,0.4599025406270961,0.4513237387360668
0.1729526770320301,0.5404316991870125,0.5196559066306781,0.4729085749400046,0.5033851665305388,0.5301272529720462,0.4779727567014432,0.4825942218812058,0.5375813617325093,0.4991999913106517,0.5282296349143975,0.4983316772763413,0.494500823846033,0.4195693491615827,0.1729526770320301,0.5273802225625115,0.5230776798562907,0.5294109675262221,0.5335433934546651,0.5058160686110784,0.1729526770320301,0.5057236276347559,0.4773724753385958,0.4981203841629978,0.5309545458505454,0.5926027282616914,0.509154153671816,0.0,0.476642282842011,0.4788998148884815,0.4978595730277031,0.4652374121932059,0.1729526770320301,0.4775509696536206,0.4592825791839729,0.43473409093539,0.4526503405929191,0.4576607727153587,0.4174626412775641,0.1729526770320301,0.3596916197968995,0.3931806914080986,0.4005250525230593,0.0,0.1729526770320301,0.0,0.0,0.1729526770320301,0.0,0.0,0.4934497894533163,0.0,0.50012969316366,0.1729526770320301,0.1729526770320301,0.0,0.1729526770320301,0.3585244949992228,0.0,0.1729526770320301,0.0,0.0,0.0,0.0,0.1729526770320301,0.1729526770320301,0.3951708018361373,0.5108677962840645,0.0,0.1729526770320301,0.1729526770320301,0.5130745647914872,0.4187537074549008,0.4468851049861527,0.0,0.1729526770320301
0.4851220410878616,0.5660209316158243,0.0,0.4411415148070092,0.536545898967458,0.552007666754469,0.5403125740101379,0.5039937857680695,0.571515879040453,0.4275096477764035,0.0,0.0,0.5371642872127865,0.0,0.1729526770320301,0.4995777876311958,0.1729526770320301,0.496122265294004,0.0,0.48024093552708,0.48333012037226,0.5169056212399527,0.5015243098013431,0.0,0.5229182302269539,0.5185303271094825,0.4894840789815644,0.476642282842011,0.0,0.520762413699056,0.50131154660747,0.5334849871040084,0.4864095767291349,0.5151950645943305,0.5212553201810457,0.4934954284067144,0.4959318798627398,0.0,0.4995652554865323,0.4124682356562752,0.2238631085202992,0.4314668781709884,0.4385837332472495,0.0,0.0,0.0,0.432386784463038,0.1729526770320301,0.0,0.0,0.4891158619691979,0.3859720867206884,0.5121102953561465,0.1729526770320301,0.0,0.0,0.0,0.414760453788275,0.0,0.4894086989283718,0.0,0.0,0.0,0.0,0.3855985473036428,0.497398667879323,0.3843412174089474,0.5223369630904484,0.0,0.0,0.4741161782262349,0.5157306069627492,0.4306013153588616,0.4886906067868023,0.1729526770320301,0.4097282472376288
0.0,0.0,0.0,0.0,0.0,0.5123659630674429,0.0,0.4642408671008379,0.5263019374939663,0.0,0.0,0.0,0.5039679526970544,0.0,0.0,0.4832442959260229,0.0,0.1729526770320301,0.0,0.5045933838173425,0.0,0.5036997044962425,0.4686006436365636,0.0,0.0,0.0,0.4766181894941702,0.4788998148884815,0.520762413699056,0.0,0.4802522996691625,0.4350893942934165,0.0,0.4866602441749484,0.4494981174826859,0.0,0.0,0.0,0.0,0.0,0.0,0.0,0.0,0.0,0.0,0.0,0.0,0.0,0.0,0.0,0.0,0.0,0.0,0.0,0.0,0.0,0.0,0.0,0.0,0.0,0.0,0.0,0.0,0.0,0.1729526770320301,0.0,0.0,0.4963877917031319,0.0,0.0,0.0,0.4946772276377313,0.0,0.4504396255499115,0.0,0.0
0.4972683598344151,0.5163438297802005,0.5112593914671785,0.4429457679591607,0.520775478934241,0.5188488269309953,0.5109210780252068,0.478369870507089,0.5390034325275539,0.484822418393573,0.5315807730092748,0.4568168159074297,0.4983013741405884,0.4764612076010929,0.1729526770320301,0.4256953089631651,0.4552777749997728,0.452408883405408,0.5420875333514861,0.4616189763423808,0.1729526770320301,0.4551506192607257,0.4789372016920786,0.4679396563639973,0.5188747649527354,0.5391511065268179,0.4897398360884296,0.4978595730277031,0.50131154660747,0.4802522996691625,0.0,0.4609187684513583,0.4639267985295963,0.4569568649712721,0.4057231087255996,0.4521093204619288,0.4621293164387772,0.4310635223685183,0.4968129624145935,0.1729526770320301,0.1729526770320301,0.0,0.4260349846607168,0.0,0.0,0.0,0.4761871489895911,0.0,0.0,0.0,0.4862430467299267,0.0,0.1729526770320301,0.0,0.4834061303953501,0.0,0.1729526770320301,0.0,0.0,0.1729526770320301,0.4758745528147323,0.4635239055972075,0.4768609269051289,0.0,0.1729526770320301,0.1729526770320301,0.4625533766521955,0.5246290818678399,0.1729526770320301,0.4844294739936746,0.5183949575509493,0.508895649012734,0.3917027823626445,0.4692225805672119,0.0,0.4554509882470876
0.5124700196037204,0.5307061585984445,0.4884085457551041,0.3957100246550991,0.5306950540906121,0.5093123858330812,0.4577297229042278,0.4658929585107199,0.5180036073919154,0.4535671396060558,0.4915973100938688,0.3958863349880726,0.463797005158451,0.3756334384986873,0.4795055371705819,0.5102384857047958,0.5094182310502006,0.5631066434757109,0.5191284764509648,0.5167542543365888,0.497291536547689,0.526461366510004,0.4695907012314443,0.5007525036498527,0.557332832299219,0.508644374643154,0.5043519969434751,0.4652374121932059,0.5334849871040084,0.4350893942934165,0.4609187684513583,0.0,0.5058771257453881,0.4838910158490074,0.4602376916039162,0.3926747251652824,0.421443389638958,0.407154678723567,0.4110094597058982,0.4354429860992348,0.421153468986713,0.4279107394170648,0.4168028870922869,0.379782644398928,0.3740186314721084,0.503213117082678,0.4841370276677121,0.1729526770320301,0.0,0.4076033930088773,0.5090799116617313,0.3241309694112938,0.4961932689209519,0.3585835326884434,0.1729526770320301,0.1729526770320301,0.1729526770320301,0.3970317720382261,0.0,0.4901718040012356,0.4656047308357165,0.1729526770320301,0.5300850801908477,0.1729526770320301,0.4894116545506678,0.4982444846542138,0.4841572010500393,0.518496573214852,0.1729526770320301,0.5043274741046688,0.4844094981914192,0.4951196669533042,0.4633748262388251,0.4988235479874395,0.0,0.4406344380602233
0.4548177887890503,0.4690359916212009,0.4017944180221394,0.0,0.4800307166821687,0.5005316425097651,0.5420856242391997,0.435614460332469,0.4891035442232943,0.4524776214009059,0.4053828028109449,0.4227572540765442,0.4757817201379745,0.0,0.4274940521568257,0.4332743378215485,0.4382070536741729,0.4356381092739261,0.0,0.454968196326153,0.4450477692843411,0.4392081310094164,0.459169376641191,0.3930769579572759,0.4743076352138934,0.4703358250367141,0.4479716578444322,0.1729526770320301,0.4864095767291349,0.0,0.4639267985295963,0.5058771257453881,0.0,0.3950070022215182,0.4441555917729022,0.3717094037502929,0.3922799696834966,0.4027945004150804,0.4297017165222923,0.3713952698595419,0.3922792020439204,0.3942538114333536,0.0,0.0,0.3637200432979715,0.4671340087746668,0.4461507507491146,0.0,0.0,0.0,0.0,0.0,0.0,0.0,0.4249463569657554,0.0,0.3880539854171558,0.0,0.0,0.4810840838251826,0.4505430382350482,0.4651386790884382,0.4575351827153916,0.0,0.4514231253582086,0.4750898650449512,0.4452745399366938,0.5020647393392677,0.3861126430695315,0.4612450684448163,0.5108764159859168,0.4946042718641939,0.4375933388724481,0.0,0.0,0.4246880670539585
0.4982724645241677,0.5023160582791284,0.5048254872025495,0.3766597174322439,0.5261047767509303,0.5322161746335002,0.5327286821382431,0.4840827093129518,0.5422473547672927,0.4478481656998245,0.517637809908428,0.4145500314742004,0.5238531459652289,0.3963425778203029,0.4853774364853348,0.4499691986728056,0.4917676267344355,0.4822191549315562,0.5415197336880975,0.4927399472436088,0.4753337277769029,0.5014049720770114,0.4862823213459099,0.4525221518709476,0.5113128456825821,0.5241635838047414,0.4977541482378013,0.4775509696536206,0.5151950645943305,0.4866602441749484,0.4569568649712721,0.4838910158490074,0.3950070022215182,0.0,0.4118785704419306,0.3815034497941944,0.379661033312844,0.3899432725331034,0.4567985493646169,0.1729526770320301,0.4033137434118157,0.4327438463309468,0.4131000691111582,0.3598669108341469,0.1729526770320301,0.4770245002712619,0.4659146629637833,0.1729526770320301,0.0,0.0,0.4824462777982343,0.3357873444240102,0.1729526770320301,0.1729526770320301,0.4885855569833453,0.0,0.1729526770320301,0.3570973381636254,0.0,0.4936004335167694,0.4683880465020876,0.4671031662645214,0.4798912187817028,0.0,0.5036939802766777,0.4927155126497502,0.489167556990326,0.5218200260293199,0.1729526770320301,0.4766674158495228,0.5065475175870617,0.500726722944653,0.4210140876805123,0.4623837724775257,0.0,0.3810083225719204
0.4968235929335123,0.5085710529039672,0.4999393860441216,0.4386714159640754,0.5282651098320252,0.5234226907161831,0.5278358726455974,0.49612319865389,0.5503911496998224,0.4344852419119095,0.5115152870739937,0.4174694155386779,0.5132019716904002,0.0,0.5119991458155424,0.4572410767759196,0.4860336888573991,0.4796391729993405,0.5298172906023929,0.5166595941606806,0.5011217567315539,0.5463718282508166,0.4788725030558672,0.4292883899763378,0.5099282461054596,0.5132326458508714,0.5095090218717196,0.4592825791839729,0.5212553201810457,0.4494981174826859,0.4057231087255996,0.4602376916039162,0.4441555917729022,0.4118785704419306,0.0,0.4321574591504001,0.4339581961049735,0.3857822034403405,0.4373570718344677,0.1729526770320301,0.4034638234745134,0.4221895096583349,0.4204548152304918,0.3723245562429262,0.1729526770320301,0.0,0.4874748211509632,0.0,0.0,0.0,0.4362814974039901,0.0,0.0,0.0,0.0,0.0,0.1729526770320301,0.3545505742822466,0.0,0.490426184986417,0.4634618390911171,0.0,0.0,0.0,0.4692939014360278,0.0,0.4849598021827235,0.5154113723761491,0.0,0.4646274271102023,0.4820375603943745,0.4754550379831054,0.4022481599034001,0.4593153761532321,0.0,0.0
0.0,0.0,0.503731090375775,0.396882472235477,0.4774834325100924,0.4956959316177823,0.4270986599913549,0.4114130047278588,0.5284672802967486,0.4023569915514408,0.4585478245765666,0.4251745811182492,0.4879823397155017,0.4004023638022732,0.4398402492322006,0.0,0.0,0.0,0.5144393239084142,0.4323560139178679,0.0,0.4402397021867756,0.4502516566033451,0.4547562240775202,0.0,0.1729526770320301,0.451353582003506,0.43473409093539,0.4934954284067144,0.0,0.4521093204619288,0.3926747251652824,0.3717094037502929,0.3815034497941944,0.4321574591504001,0.0,0.3826883343267985,0.3721694528715729,0.3531555782048907,0.1729526770320301,0.3988489176713273,0.4110995897163111,0.4332124685589097,0.3748858647031485,0.1729526770320301,0.0,0.0,0.1729526770320301,0.0,0.4340009338079825,0.4673140408395639,0.4320992463885763,0.4826036722817693,0.1729526770320301,0.0,0.482300232242575,0.1729526770320301,0.4370136427767387,0.0,0.0,0.0,0.0,0.0,0.1729526770320301,0.1729526770320301,0.0,0.4282084876126961,0.4808579965174124,0.0,0.0,0.0,0.4784940626329967,0.4019480554485093,0.4197172715398258,0.0,0.0
0.0,0.0,0.4914822801233574,0.3901275877338683,0.4591989521632374,0.5068424140093446,0.5137099689786595,0.463536007080739,0.5311672348069059,0.4207784812937751,0.4911934557067424,0.435381152713747,0.4914402870663155,0.3860216531887183,0.0,0.0,0.0,0.0,0.5162106607977166,0.4571264748249102,0.0,0.4801164885021219,0.4697380582030141,0.4490366107390788,0.0,0.0,0.487774193624076,0.4526503405929191,0.4959318798627398,0.0,0.4621293164387772,0.421443389638958,0.3922799696834966,0.379661033312844,0.4339581961049735,0.3826883343267985,0.0,0.3730717939813322,0.358128685016091,0.0,0.3829790578721154,0.3782914791240418,0.3671075436109204,0.0,0.0,0.0,0.0,0.0,0.0,0.0,0.0,0.0,0.0,0.0,0.0,0.0,0.0,0.0,0.0,0.0,0.0,0.0,0.0,0.0,0.0,0.0,0.0,0.432770184293032,0.0,0.0,0.0,0.0,0.0,0.0,0.0,0.0
0.1729526770320301,0.0,0.0,0.3624346594844374,0.456559409685541,0.4493871243362135,0.4694618193803443,0.0,0.5300167045462703,0.4289958023275551,0.4736437772746967,0.4316119184569821,0.4785605907420521,0.0,0.0,0.0,0.4118583765782704,0.0,0.4705743368149337,0.0,0.0,0.0,0.392670231004415,0.4480669659344382,0.4586981299580036,0.5166183598022774,0.412500851214794,0.4576607727153587,0.0,0.0,0.4310635223685183,0.407154678723567,0.4027945004150804,0.3899432725331034,0.3857822034403405,0.3721694528715729,0.3730717939813322,0.0,0.1729526770320301,0.3833381352147726,0.373357501996047,0.3711722601088834,0.0,0.0,0.3592386872912155,0.0,0.0,0.0,0.0,0.0,0.0,0.0,0.0,0.0,0.412532744209128,0.0,0.380818800865052,0.0,0.0,0.0,0.0,0.0,0.0,0.0,0.0,0.0,0.0,0.0,0.3974884742833287,0.1729526770320301,0.5023212809915132,0.0,0.3942148848236186,0.0,0.0,0.0
0.1729526770320301,0.5098828339124684,0.444888041113435,0.0,0.401679366088985,0.499193792239767,0.2593701599450164,0.4918692048580422,0.4499029483928357,0.327919309206009,0.4603392106515707,0.3449594329277543,0.3383668465413602,0.1729526770320301,0.483620166214238,0.4654563728874012,0.0,0.1729526770320301,0.477719657831257,0.4971011775862436,0.4864982941478981,0.4855148359761632,0.5074058877758647,0.1729526770320301,0.4979570856582961,0.4912565908512347,0.4983959895728206,0.4174626412775641,0.4995652554865323,0.0,0.4968129624145935,0.4110094597058982,0.4297017165222923,0.4567985493646169,0.4373570718344677,0.3531555782048907,0.358128685016091,0.1729526770320301,0.0,0.3910506602274161,0.4130576907452898,0.4224968151067291,0.3936839111295522,0.3878314332912559,0.370360912067985,0.4496285369525874,0.4712765824002,0.4509285102796254,0.3944577446723787,0.4351865023546525,0.4610038014524147,0.4299308870653017,0.4337981661506722,0.4573263980026543,0.4196130276178892,0.4102999594560802,0.3858788594172428,0.4335268904371697,0.3819734842515073,0.4657777037055278,0.4612200317057202,0.1729526770320301,0.4515997193647105,0.1729526770320301,0.467120702571659,0.4443229613538099,0.4735816049025604,0.4404240500067961,0.1729526770320301,0.4447820057945009,0.4749378831404998,0.4484569201546162,0.4453998422916157,0.4588559971826195,0.4673251381977758,0.4199540974757793
