0.0,0.4153371326697063,0.0,0.0,0.0,0.34588396313587,0.0,0.4840631653610496,0.0,0.3791233840723914,0.0,0.3696177627783664,0.0,0.0,0.3939460005877688,0.4131913470802826,0.3941320679250089,0.4031826109889124,0.0,0.4329672969036377,0.4034659077617778,0.4099762046212506,0.43921336155249,0.3425974520496499,0.3776009674522647,0.3697262629090272,0.4481264376111982,0.4565637961922301,0.4480585791894437,0.0,0.3853022345070843,0.4153598914226403,0.3711315955000946,0.3741961890399574,0.3644662674703189,0.0,0.0,0.0,0.452910164895657,0.4508058914024236,0.4390006929191342,0.0,0.0,0.0,0.0,0.40070763439265,0.4859801373243267,0.0,0.0,0.0,0.0,0.0,0.0,0.0,0.4615708295660773,0.0,0.0,0.0,0.0,0.0,0.4739911953463384,0.0,0.4521952388705183,0.0,0.0,0.3342945011715486,0.4720545658004788,0.0,0.0,0.4571563586808112,0.4625169758145917,0.0,0.0,0.0,0.0,0.0
0.4153371326697063,0.0,0.0,0.0,0.3925938971615033,0.3994598485502866,0.4307249235593123,0.4625593239348949,0.388270468028258,0.0,0.0,0.0,0.4304018042618658,0.0,0.4174061680899616,0.3983853434553301,0.0,0.4098889506715262,0.0,0.429243666943055,0.4260054499322488,0.3860391081841195,0.4316591161563042,0.0,0.3556309844471615,0.370924240024623,0.4223263815090647,0.4217605639578361,0.4138244098510595,0.0,0.3532718527040692,0.4041674414521031,0.3646351278702666,0.3563940153823151,0.4187581430592565,0.0,0.0,0.0,0.4625204101782685,0.438981586169255,0.4446316328107739,0.465851624551537,0.0,0.0,0.0,0.46818621020313,0.4736932314761743,0.0,0.0,0.0,0.0,0.0,0.0,0.0,0.0,0.0,0.0,0.0,0.0,0.4859179818116718,0.4569361369167191,0.0,0.4538702913640815,0.0,0.4626522663714431,0.47165623144588,0.4648737544367363,0.4937499853922417,0.0,0.4731427207550346,0.4899057290028136,0.4584941940937244,0.0,0.4618726377096404,0.0,0.434365214198129
0.0,0.0,0.0,0.0,0.4041619597071825,0.4027186246485002,0.4565684340548855,0.4876883304719026,0.3209300390557968,0.4155189469045396,0.3389256721817224,0.0,0.4637619513438796,0.4365277547376501,0.0,0.0,0.0,0.0,0.2927091897507355,0.0,0.0,0.0,0.3461105894842526,0.0,0.0,0.0,0.3235438287050237,0.4719303031666081,0.0,0.0,0.4697575556819803,0.4214759698180001,0.0,0.4829468355228942,0.4654175587352909,0.4329832595766729,0.4122797959069659,0.0,0.5194988264082122,0.0,0.0,0.0,0.5288324318094726,0.0,0.0,0.0,0.0,0.3917845069301482,0.0,0.5550487780172971,0.571846697049757,0.0,0.6054649660206147,0.4936923809728107,0.0,0.5077827349639227,0.0,0.0,0.5268219194907721,0.0,0.0,0.0,0.0,0.2925009582261046,0.0,0.0,0.0,0.5897138684726024,0.0,0.0,0.0,0.6059505564524501,0.0,0.0,0.0,0.0
0.0,0.0,0.0,0.0,0.3298472925258177,0.4223996834185302,0.3258033040772419,0.3459997355083539,0.4209322285486842,0.24443251483594,0.3851737227378906,0.0,0.3237813419695662,0.2802287556022453,0.0,0.0,0.0,0.0,0.3954614999571209,0.0,0.0,0.0,0.3962179807857439,0.0,0.0,0.0,0.4093632725153645,0.2965023968744191,0.0,0.0,0.0,0.2907828017659628,0.0,0.2864945107177228,0.3107975295974507,0.2170235616538423,0.1945870025175676,0.0,0.0,0.0,0.0,0.0,0.0,0.0,0.0,0.0,0.0,0.0,0.0,0.0,0.0,0.0,0.0,0.0,0.0,0.0,0.0,0.0,0.0,0.0,0.0,0.0,0.0,0.0,0.0,0.0,0.0,0.0,0.0,0.0,0.0,0.0,0.0,0.0,0.0,0.0
0.0,0.3925938971615033,0.4041619597071825,0.3298472925258177,0.0,0.4131216669119194,0.3622076867923691,0.4484844334743003,0.3672151155319739,0.4679390845061923,0.3637881073381535,0.409602080477091,0.3756487755197372,0.339365624783034,0.0,0.0,0.0,0.0,0.3919234335321513,0.4420015117653231,0.0,0.4383871279685357,0.4161555464270656,0.0,0.3823899323180292,0.0,0.4206986443048308,0.4264181327155092,0.4438128513950817,0.0,0.4654314438672001,0.3810080411983157,0.3429806767899231,0.4459685190791438,0.4471199129172639,0.2863982911334419,0.3052504415559665,0.0,0.0,0.0,0.0,0.0,0.4674621741519587,0.0,0.0,0.0,0.0,0.5574571007546493,0.0,0.0,0.0,0.0,0.5309323879025541,0.5290507754954756,0.0,0.4171393002705457,0.0,0.0,0.0,0.0,0.0,0.0,0.0,0.0,0.0,0.0,0.0,0.5693056166332403,0.0,0.0,0.0,0.5574528366826842,0.0,0.0,0.0,0.0
0.34588396313587,0.3994598485502866,0.4027186246485002,0.4223996834185302,0.4131216669119194,0.0,0.4257982657030845,0.4455309109274153,0.3412824416605869,0.418661366255758,0.4249156076065881,0.0,0.3983702905485713,0.4298427822235566,0.4106705841528006,0.4385696116067086,0.0,0.4233743248504731,0.4130952675486877,0.4170505310889026,0.4444778289970668,0.4203261221252014,0.4030773931037472,0.0,0.3817429957547549,0.4053302354465698,0.3770195474501138,0.4011107592006895,0.368514853703499,0.4428149846555725,0.4353010461441643,0.4036532951809831,0.3695533701997726,0.4427847902403851,0.441177321215901,0.4560266497864454,0.4383182631200439,0.0,0.5173758707782529,0.0,0.5497397529286157,0.5004254633432612,0.5004436124869949,0.0,0.0,0.0,0.0,0.576361940239512,0.0,0.0,0.5463069358078716,0.5652015113817338,0.5162625152209753,0.563921801843903,0.0,0.5021282099085268,0.0,0.5615108074779623,0.0,0.4595490464641693,0.0,0.0,0.0,0.5609549048728818,0.4949809881987729,0.4364836573141267,0.4297047004042493,0.5557178990200223,0.0,0.0,0.0,0.5473059100117632,0.5711930361757201,0.5203029828611163,0.0,0.545559714433331
0.0,0.4307249235593123,0.4565684340548855,0.3258033040772419,0.3622076867923691,0.4257982657030845,0.0,0.4807467692211103,0.4247779820300832,0.4423073786345119,0.464656695032637,0.4094617026223969,0.3647668879392286,0.3735890022457987,0.0,0.4688620330039149,0.0,0.4341100648371129,0.4612259779510567,0.4490267127051356,0.0,0.4621801132779297,0.4521725851685226,0.421357725814948,0.4377015154840771,0.447724541591269,0.4432169334929617,0.4324016630838228,0.4646576841287391,0.0,0.4415436880876526,0.4060034518553764,0.4176483409716197,0.4117408906693754,0.3962538633936696,0.3177817934530256,0.3056527076877185,0.0,0.0,0.0,0.0,0.0,0.0,0.0,0.0,0.0,0.0,0.0,0.0,0.0,0.5551886744684553,0.0,0.0,0.0,0.0,0.0,0.0,0.0,0.0,0.0,0.0,0.0,0.0,0.0,0.0,0.0,0.0,0.5640292186308422,0.0,0.0,0.0,0.5756514651002514,0.0,0.0,0.0,0.0
0.4840631653610496,0.4625593239348949,0.4876883304719026,0.3459997355083539,0.4484844334743003,0.4455309109274153,0.4807467692211103,0.0,0.4860652171297591,0.431514723945422,0.3336729487751037,0.0,0.4786286826558378,0.345580926555492,0.4532125563416239,0.4314735492234902,0.0,0.4534039542857839,0.431501031833208,0.4321698039777781,0.3993072025065159,0.4234393820514766,0.3922452954340535,0.4923204254584649,0.4748480105373504,0.4779016215669874,0.4538325729460546,0.4527063918789263,0.4263077864454189,0.4341925327143272,0.461099460364721,0.3949560509222179,0.3947712704987152,0.4664209732206645,0.4726353184102962,0.2861031581829522,0.3506782962838715,0.0,0.4928206730518442,0.0,0.5294140838540236,0.0,0.4712942406230055,0.0,0.0,0.0,0.0,0.5633868462915237,0.0,0.5331846101506329,0.529106624074216,0.5424437114569877,0.4932248882325311,0.5495610407814938,0.0,0.4604389978108978,0.0,0.5448974525876956,0.0,0.5172504378289627,0.0,0.0,0.0,0.5222337338519388,0.5457790669813436,0.5425035626011538,0.0,0.5486425646358273,0.0,0.0,0.0,0.5523546854649193,0.5398617286921789,0.5304004612585528,0.0,0.5322225042036461
0.0,0.388270468028258,0.3209300390557968,0.4209322285486842,0.3672151155319739,0.3412824416605869,0.4247779820300832,0.4860652171297591,0.0,0.4709777710697022,0.3233305528231187,0.4244210916738522,0.4235322764120212,0.4183483474601886,0.0,0.4012233864900021,0.0,0.0,0.2627049187385278,0.42132730604871,0.0,0.4089412030100201,0.4145310884399921,0.0,0.0,0.0,0.3815460020978818,0.4574342702813819,0.3993463211192907,0.4253858278150244,0.475637350390985,0.4296391967736582,0.3883864535671114,0.4716255059643287,0.4811853034191538,0.4431186182665101,0.4506497436744821,0.4211225791251322,0.5174141260125384,0.0,0.0,0.0,0.5112725911614627,0.0,0.0,0.0,0.0,0.5825496842741388,0.0,0.0,0.5536424109076921,0.0,0.5441262574885065,0.5745986647377458,0.0,0.5293616728342927,0.0,0.0,0.5727841457647477,0.0,0.0,0.0,0.0,0.5522193764665565,0.0,0.0,0.0,0.5715948675378981,0.0,0.0,0.0,0.5586859747572056,0.0,0.0,0.0,0.0
0.3791233840723914,0.0,0.4155189469045396,0.24443251483594,0.4679390845061923,0.418661366255758,0.4423073786345119,0.431514723945422,0.4709777710697022,0.0,0.4716724981895421,0.2834956831339837,0.4116908344741418,0.4248605769769633,0.0,0.3625806828080637,0.3349882552869993,0.3548676781353004,0.4359485614821486,0.0,0.0,0.3541088130652229,0.4172759756427265,0.3178241223579285,0.3339854999419518,0.3688764241009109,0.4046886407411628,0.3970342870443068,0.0,0.0,0.3391295727854319,0.3569049391657731,0.318095328744115,0.3084419859441876,0.2892516539364889,0.3209195429897287,0.2565655051300736,0.2851202296920467,0.2686455657292307,0.3978556559752183,0.3856146419530847,0.0,0.0,0.0,0.4345992507581196,0.0,0.0,0.0,0.0,0.0,0.0,0.0,0.0,0.0,0.467393958040036,0.0,0.4742963328470712,0.0,0.0,0.0,0.0,0.4997234633325613,0.4676941213287098,0.0,0.0,0.0,0.0,0.0,0.4768166751012707,0.4812880316748827,0.4852084272483659,0.0,0.4226734088497086,0.0,0.0,0.4392951712644706
0.0,0.0,0.3389256721817224,0.3851737227378906,0.3637881073381535,0.4249156076065881,0.464656695032637,0.3336729487751037,0.3233305528231187,0.4716724981895421,0.0,0.4279946188080824,0.4682325643786169,0.3260586099274829,0.0,0.0,0.0,0.0,0.2598802953242614,0.0,0.0,0.0,0.2839305056945722,0.0,0.0,0.0,0.374302314364773,0.4636188704117486,0.0,0.0,0.4795069173321997,0.3984215683995997,0.3555405930558303,0.4724835237666921,0.4510647423343051,0.3438507217375348,0.4403972219963492,0.4178873725974691,0.430954673756877,0.0,0.0,0.0,0.4437301579135537,0.0,0.0,0.0,0.0,0.5512213767599172,0.0,0.4574478979958017,0.5118388762472453,0.4720881164905034,0.4687769104859468,0.5390001403107015,0.0,0.3400255148246143,0.0,0.429916852376931,0.0,0.0,0.0,0.0,0.0,0.3374361212057836,0.0,0.0,0.0,0.554726160396486,0.0,0.0,0.0,0.5418742371502323,0.0,0.0,0.0,0.0
0.3696177627783664,0.0,0.0,0.0,0.409602080477091,0.0,0.4094617026223969,0.0,0.4244210916738522,0.2834956831339837,0.4279946188080824,0.0,0.4146788645300668,0.0,0.0,0.0,0.3936592319430759,0.3786785197014891,0.0,0.0,0.0,0.0,0.0,0.2847644218731496,0.3636179389085168,0.3325910616079908,0.0,0.3913075784940399,0.0,0.0,0.3486734875302105,0.3083760409658108,0.3181053676840598,0.2655059507744504,0.2628076454767016,0.381105461227688,0.0,0.2256521662017498,0.2695461002391802,0.4263229284160748,0.2861059015641148,0.0,0.0,0.0,0.2323482679614002,0.0,0.0,0.0,0.0,0.0,0.0,0.0,0.0,0.0,0.4657673025722001,0.0,0.4716507559816816,0.0,0.0,0.0,0.0,0.50953821394583,0.4503360325754407,0.0,0.0,0.0,0.0,0.0,0.4565333604594486,0.4767661000786766,0.4765248091447998,0.0,0.0,0.0,0.0,0.4383659302904354
0.0,0.4304018042618658,0.4637619513438796,0.3237813419695662,0.3756487755197372,0.3983702905485713,0.3647668879392286,0.4786286826558378,0.4235322764120212,0.4116908344741418,0.4682325643786169,0.4146788645300668,0.0,0.3997447532780548,0.4430350088875525,0.4543536235476881,0.4151837411143467,0.4355510841986043,0.4567997849860039,0.4413615887203752,0.4740451202591114,0.4573754934573348,0.4503808041284612,0.4024961537615997,0.4304735654961475,0.4292877595512349,0.4487513312114268,0.3751608482069581,0.4320927926256898,0.4626843641923425,0.4194705741210536,0.4093258038815671,0.4047143519182407,0.3977714873465158,0.3756194026114037,0.3576237355365628,0.3459917359017274,0.3761327358763691,0.4665236320443663,0.0,0.0,0.0,0.4231699640864468,0.0,0.0,0.0,0.0,0.5353802104164188,0.0,0.0,0.6326748011551547,0.0,0.5176238642390875,0.0,0.0,0.0,0.0,0.0,0.0,0.0,0.0,0.0,0.0,0.0,0.0,0.0,0.0,0.5513320269060401,0.0,0.0,0.0,0.5640391571379663,0.0,0.5113930810002131,0.0,0.0
0.0,0.0,0.4365277547376501,0.2802287556022453,0.339365624783034,0.4298427822235566,0.3735890022457987,0.345580926555492,0.4183483474601886,0.4248605769769633,0.3260586099274829,0.0,0.3997447532780548,0.0,0.0,0.0,0.0,0.0,0.3953428603532334,0.0,0.4472522993461059,0.0,0.3884609167854077,0.0,0.0,0.0,0.4396996264679321,0.3389987576269956,0.0,0.0,0.4694186241733789,0.2912380717368575,0.0,0.4203195425723359,0.0,0.2653257269030826,0.2283880517166454,0.0,0.0,0.0,0.0,0.0,0.4770172373257033,0.0,0.0,0.0,0.0,0.5108101881693604,0.0,0.0,0.0,0.0,0.0,0.5113866213429428,0.0,0.446746432001245,0.0,0.0,0.0,0.0,0.0,0.0,0.0,0.0,0.0,0.0,0.0,0.49900391234726,0.0,0.0,0.0,0.0,0.0,0.0,0.0,0.0
0.3939460005877688,0.4174061680899616,0.0,0.0,0.0,0.4106705841528006,0.0,0.4532125563416239,0.0,0.0,0.0,0.0,0.4430350088875525,0.0,0.0,0.4233401445383929,0.0,0.4200090437194705,0.0,0.3209243225465762,0.383447354657375,0.3609842674218152,0.3759908501709822,0.4418262124707732,0.4050201043039767,0.3816582889528541,0.408223583810216,0.3923949318619871,0.3919052637477905,0.0,0.4105139901251918,0.4203710525001455,0.4149535935927139,0.4365402995211578,0.4555982269142203,0.0,0.0,0.0,0.4699399650338322,0.4738470027131684,0.484427511380889,0.4982758991507566,0.0,0.0,0.0,0.0,0.5029574500843749,0.0,0.0,0.0,0.4648213967031186,0.0,0.5303864734700933,0.0,0.0,0.0,0.0,0.0,0.0,0.4817265334933573,0.4739591800305087,0.0,0.0,0.0,0.4006221149093767,0.4798446551065073,0.4986379103847075,0.5066176963192094,0.0,0.0,0.5519516152812737,0.5068258166909714,0.4966551702618353,0.5030843786002961,0.0,0.4836064632513855
0.4131913470802826,0.3983853434553301,0.0,0.0,0.0,0.4385696116067086,0.4688620330039149,0.4314735492234902,0.4012233864900021,0.3625806828080637,0.0,0.0,0.4543536235476881,0.0,0.4233401445383929,0.0,0.3857444641965706,0.3394154694355001,0.0,0.417833891491659,0.4199309246250131,0.3766697274492819,0.4364047102841423,0.3854327701569917,0.3907576232328634,0.4193855117550218,0.4517781201140058,0.4160155181854398,0.4296120492937532,0.4110939443491077,0.365520498099276,0.4168980377777778,0.3696097541195479,0.3788935485602817,0.4083570274250875,0.0,0.0,0.0,0.4472981136852386,0.410915025898306,0.4259368067815001,0.0,0.0,0.0,0.0,0.4645051103760041,0.4688587381510363,0.0,0.0,0.0,0.0,0.0,0.0,0.0,0.0,0.0,0.0,0.0,0.0,0.4734621435805061,0.4454128792586961,0.0,0.4239624834466703,0.0,0.4560204728654211,0.4460242277186701,0.4564304201269661,0.0,0.0,0.4451269005139678,0.4716521277845211,0.0,0.0,0.0,0.0,0.4151862422930527
0.3941320679250089,0.0,0.0,0.0,0.0,0.0,0.0,0.0,0.0,0.3349882552869993,0.0,0.3936592319430759,0.4151837411143467,0.0,0.0,0.3857444641965706,0.0,0.3203142827565409,0.0,0.370510813754491,0.0,0.3931514694841793,0.0,0.3869451934206451,0.3215731731776654,0.3906539139227911,0.0,0.3886632254614552,0.0,0.0,0.3565486931511238,0.3957850524659339,0.371883362572077,0.357389732587396,0.3466211441473442,0.0,0.0,0.3425604772231439,0.0,0.408705171460576,0.0,0.0,0.0,0.0,0.0,0.0,0.0,0.0,0.0,0.0,0.0,0.0,0.0,0.0,0.4790747095146207,0.0,0.5153971120285106,0.0,0.0,0.0,0.0,0.4936342931639272,0.4574051178049552,0.0,0.0,0.0,0.0,0.0,0.4967168602401549,0.4508256911351602,0.4738382817769813,0.0,0.0,0.0,0.0,0.0
0.4031826109889124,0.4098889506715262,0.0,0.0,0.0,0.4233743248504731,0.4341100648371129,0.4534039542857839,0.0,0.3548676781353004,0.0,0.3786785197014891,0.4355510841986043,0.0,0.4200090437194705,0.3394154694355001,0.3203142827565409,0.0,0.0,0.4226643593414043,0.4421008873240259,0.418129525607246,0.437584049602544,0.3926699442487705,0.3592362361491447,0.3892848587399611,0.4638160631335538,0.4141812269361837,0.42209282698846,0.0,0.3869107082664407,0.4047239550738564,0.3720041845606459,0.3741308046819592,0.3595527369748986,0.0,0.0,0.0,0.4143740969853039,0.3979332584331117,0.4146889319824384,0.4244121073484754,0.0,0.0,0.0,0.4505761304220698,0.4615119203666292,0.0,0.0,0.0,0.0,0.0,0.0,0.0,0.4588086832975805,0.0,0.4698894095735164,0.0,0.0,0.0,0.4419897807927919,0.4525393285807522,0.4414341607186856,0.0,0.0,0.0,0.4347681634553581,0.0,0.4936587407491728,0.4487489584149708,0.4617992372566876,0.0,0.0,0.0,0.0,0.4253850801506183
0.0,0.0,0.2927091897507355,0.3954614999571209,0.3919234335321513,0.4130952675486877,0.4612259779510567,0.431501031833208,0.2627049187385278,0.4359485614821486,0.2598802953242614,0.0,0.4567997849860039,0.3953428603532334,0.0,0.0,0.0,0.0,0.0,0.0,0.0,0.0,0.3218167171707566,0.0,0.0,0.0,0.3566606846081029,0.4528137658074027,0.0,0.0,0.467082467654468,0.4041600452664138,0.0,0.4608777704136036,0.459396450577269,0.4084743797699999,0.418010790048084,0.0,0.4719989401792239,0.0,0.0,0.0,0.4828596767801703,0.0,0.0,0.0,0.0,0.5438916483141536,0.0,0.0,0.569177405724303,0.0,0.5220671445007705,0.5752698275867938,0.0,0.5277718926627922,0.0,0.0,0.0,0.0,0.0,0.0,0.0,0.5290327538510271,0.0,0.0,0.0,0.5835590481295567,0.0,0.0,0.0,0.581414671418271,0.0,0.0,0.0,0.0
0.4329672969036377,0.429243666943055,0.0,0.0,0.4420015117653231,0.4170505310889026,0.4490267127051356,0.4321698039777781,0.42132730604871,0.0,0.0,0.0,0.4413615887203752,0.0,0.3209243225465762,0.417833891491659,0.370510813754491,0.4226643593414043,0.0,0.0,0.4151441201011998,0.3716414205780431,0.3476497710167979,0.0,0.4212028396131742,0.4246428047560521,0.4002426673844211,0.370161849879794,0.3516607473967889,0.3945515058910953,0.3952428122338716,0.4155185614474589,0.3930807270378538,0.4217773844661356,0.4331085070569185,0.4877704418338249,0.0,0.0,0.4317327474612392,0.4739095574403624,0.5475666405304979,0.5011195153208418,0.0,0.0,0.0,0.0,0.4615907507575275,0.0,0.0,0.0,0.4879135134806883,0.0,0.5107114448738621,0.0,0.0,0.0,0.0,0.0,0.0,0.5088190493729602,0.0,0.0,0.0,0.0,0.4953161562066586,0.5120687331308988,0.477807987802702,0.5333679583234049,0.0,0.0,0.4985737060769003,0.5091535194650223,0.5077802542732931,0.5431777164197159,0.0,0.5006524967683074
0.4034659077617778,0.4260054499322488,0.0,0.0,0.0,0.4444778289970668,0.0,0.3993072025065159,0.0,0.0,0.0,0.0,0.4740451202591114,0.4472522993461059,0.383447354657375,0.4199309246250131,0.0,0.4421008873240259,0.0,0.4151441201011998,0.0,0.4309549756305945,0.3866849387052827,0.4753432509003074,0.4348578730534647,0.4251256617958178,0.4257064680877633,0.470802703465229,0.4247334709466185,0.4386862636628677,0.4107803604342321,0.4209987588675273,0.4184236659483573,0.426854955614623,0.4596482005999549,0.0,0.0,0.0,0.4773571623297687,0.432614211901922,0.4760286560694516,0.0,0.0,0.0,0.0,0.4434517550366611,0.4998623981447169,0.0,0.0,0.0,0.4842959915084654,0.0,0.5112480210911244,0.0,0.0,0.0,0.0,0.0,0.0,0.4761479497738429,0.4833340104512067,0.0,0.0,0.0,0.4917811240263779,0.4297187005635484,0.4994655560418785,0.5383389414064337,0.0,0.4266723859977171,0.5057425245731906,0.5286068597595842,0.5273907666027329,0.4970134326692567,0.0,0.5326396907894108
0.4099762046212506,0.3860391081841195,0.0,0.0,0.4383871279685357,0.4203261221252014,0.4621801132779297,0.4234393820514766,0.4089412030100201,0.3541088130652229,0.0,0.0,0.4573754934573348,0.0,0.3609842674218152,0.3766697274492819,0.3931514694841793,0.418129525607246,0.0,0.3716414205780431,0.4309549756305945,0.0,0.4366883668234047,0.0,0.4108622370096396,0.3813719351655212,0.4360232423063263,0.4022423243586691,0.4010876849650622,0.3996706196736661,0.3852395654926698,0.4229880528324543,0.3896719965448134,0.410835253806605,0.4318335559704284,0.4968488240365918,0.4532094569303415,0.0,0.4512014842208391,0.4568554173523,0.4715387609653809,0.4960874655418196,0.0,0.0,0.0,0.4715238581432278,0.4772355248362137,0.0,0.0,0.0,0.4358623353502776,0.0,0.0,0.0,0.0,0.0,0.0,0.0,0.0,0.5051622634646014,0.4659356282485987,0.0,0.3953631889451025,0.0,0.4818852546891625,0.4929558225407862,0.4849383248949989,0.5004190656550286,0.0,0.447584760734459,0.5065213699755836,0.5010239062428995,0.0,0.4791305568325813,0.0,0.4661832097131871
0.43921336155249,0.4316591161563042,0.3461105894842526,0.3962179807857439,0.4161555464270656,0.4030773931037472,0.4521725851685226,0.3922452954340535,0.4145310884399921,0.4172759756427265,0.2839305056945722,0.0,0.4503808041284612,0.3884609167854077,0.3759908501709822,0.4364047102841423,0.0,0.437584049602544,0.3218167171707566,0.3476497710167979,0.3866849387052827,0.4366883668234047,0.0,0.4598279654321879,0.407832516216368,0.4445527514884263,0.3427136242457808,0.4403762867245963,0.4225718260112373,0.4439876039182824,0.4394505971740437,0.4076581158859523,0.3999991820771187,0.4515478669076937,0.4692337007373897,0.4275613170749584,0.4459335475793456,0.0,0.5160226418358272,0.4812569260311594,0.544110248512214,0.5452603379268158,0.5035756035662357,0.0,0.0,0.0,0.4698211011454313,0.5864054495356207,0.0,0.5539874868319304,0.550722330600366,0.56883234357674,0.5277803018427321,0.5728668902352445,0.0,0.5260579898332536,0.0,0.545605055516025,0.5325085302906081,0.5073582008248758,0.0,0.0,0.0,0.5571115860435882,0.5126181897825954,0.5197889176603562,0.4976435074665412,0.5551366998180977,0.0,0.0,0.5078377598705014,0.5498060480054403,0.5430132545903473,0.5261767037347203,0.5353909986067064,0.5581688125860514
0.3425974520496499,0.0,0.0,0.0,0.0,0.0,0.421357725814948,0.4923204254584649,0.0,0.3178241223579285,0.0,0.2847644218731496,0.4024961537615997,0.0,0.4418262124707732,0.3854327701569917,0.3869451934206451,0.3926699442487705,0.0,0.0,0.4753432509003074,0.0,0.4598279654321879,0.0,0.3554324283907462,0.3474406420904955,0.4420069090497294,0.3732197445285609,0.0,0.0,0.350359732682177,0.3576366098224842,0.2577422664593833,0.269561108423465,0.3027976589473747,0.3923376449355985,0.0,0.228586399110738,0.4537919049222134,0.401532453742745,0.3688513495264901,0.0,0.0,0.0,0.0,0.400048528846811,0.0,0.0,0.0,0.0,0.0,0.0,0.0,0.0,0.46297044686974,0.0,0.4761475949125334,0.0,0.0,0.0,0.4492452474447681,0.4927778154235647,0.4525285416466126,0.0,0.0,0.0,0.0,0.0,0.4256711298201759,0.4579113422127394,0.4549699915348893,0.0,0.0,0.0,0.0,0.4397208297994691
0.3776009674522647,0.3556309844471615,0.0,0.0,0.3823899323180292,0.3817429957547549,0.4377015154840771,0.4748480105373504,0.0,0.3339854999419518,0.0,0.3636179389085168,0.4304735654961475,0.0,0.4050201043039767,0.3907576232328634,0.3215731731776654,0.3592362361491447,0.0,0.4212028396131742,0.4348578730534647,0.4108622370096396,0.407832516216368,0.3554324283907462,0.0,0.349040483795449,0.3980760939165604,0.412418330892438,0.409660933313577,0.0,0.3776809927470241,0.3895412078440194,0.3467301330657741,0.3536180817537485,0.3715151643295644,0.0,0.0,0.341741062675221,0.4371306996316685,0.4103954931555596,0.4296846101171379,0.4298078522316176,0.0,0.0,0.0,0.4419481607893499,0.4612035363370381,0.0,0.0,0.0,0.0,0.0,0.0,0.0,0.472145155526432,0.0,0.4756325919211822,0.0,0.0,0.0,0.4555334316209774,0.4736095636592177,0.4502117233402899,0.0,0.4256107306612272,0.430420290802292,0.4527532119432425,0.0,0.4766854931283478,0.4538109462124961,0.4633142252190541,0.0,0.0,0.0,0.0,0.4348179662514003
0.3697262629090272,0.370924240024623,0.0,0.0,0.0,0.4053302354465698,0.447724541591269,0.4779016215669874,0.0,0.3688764241009109,0.0,0.3325910616079908,0.4292877595512349,0.0,0.3816582889528541,0.4193855117550218,0.3906539139227911,0.3892848587399611,0.0,0.4246428047560521,0.4251256617958178,0.3813719351655212,0.4445527514884263,0.3474406420904955,0.349040483795449,0.0,0.44287272015585,0.4088032402304918,0.4222802662502445,0.0,0.3801524327240717,0.4143755935020189,0.3734752985396756,0.3814143855781604,0.4325343874114771,0.4320799986448566,0.0,0.3251685672829924,0.4602767608041189,0.4416440179210069,0.463492107955548,0.4791234399886384,0.0,0.0,0.0,0.4587674615881901,0.4949360165120068,0.0,0.0,0.0,0.0,0.0,0.0,0.0,0.492269497872274,0.0,0.4938579504996948,0.0,0.0,0.5218712148103989,0.4728741761375573,0.4861314931227545,0.4638050369733588,0.0,0.4833388135200053,0.5083996913157616,0.5023328457139569,0.5019678925676357,0.4641834469243493,0.4668070421004175,0.4877401768632503,0.483592640291453,0.0,0.4788650059721017,0.0,0.4528639874803699
0.4481264376111982,0.4223263815090647,0.3235438287050237,0.4093632725153645,0.4206986443048308,0.3770195474501138,0.4432169334929617,0.4538325729460546,0.3815460020978818,0.4046886407411628,0.374302314364773,0.0,0.4487513312114268,0.4396996264679321,0.408223583810216,0.4517781201140058,0.0,0.4638160631335538,0.3566606846081029,0.4002426673844211,0.4257064680877633,0.4360232423063263,0.3427136242457808,0.4420069090497294,0.3980760939165604,0.44287272015585,0.0,0.4357417634354237,0.4258725586265186,0.4188157253439308,0.4252644517337808,0.4062850660519509,0.3917073948869043,0.442239693138525,0.446509022237993,0.4638102917297995,0.4434042459432182,0.0,0.5203013964445068,0.0,0.5560264560789948,0.5384475219847656,0.5148322210053818,0.0,0.0,0.0,0.4222761307299013,0.5824817285377507,0.0,0.0,0.5418041554609795,0.5823137983745819,0.5266480799062871,0.5727711254215401,0.0,0.54243190492473,0.0,0.5951183534281033,0.5060227515789238,0.5062757001685753,0.0,0.0,0.0,0.5847201401372341,0.5171374446126901,0.5084089834871299,0.5007464964867435,0.5604828754210956,0.0,0.0,0.4976546409154241,0.5481300626024258,0.576547187679049,0.534642463109655,0.5217913827527293,0.5477356351759682
0.4565637961922301,0.4217605639578361,0.4719303031666081,0.2965023968744191,0.4264181327155092,0.4011107592006895,0.4324016630838228,0.4527063918789263,0.4574342702813819,0.3970342870443068,0.4636188704117486,0.3913075784940399,0.3751608482069581,0.3389987576269956,0.3923949318619871,0.4160155181854398,0.3886632254614552,0.4141812269361837,0.4528137658074027,0.370161849879794,0.470802703465229,0.4022423243586691,0.4403762867245963,0.3732197445285609,0.412418330892438,0.4088032402304918,0.4357417634354237,0.0,0.3495701055343307,0.3487648882789625,0.3935636294699439,0.4044985651741964,0.361827611831868,0.385299979438535,0.3432934935199722,0.3089998104102579,0.3045422970993525,0.3470241376670074,0.5191462060475882,0.0,0.5354048559741754,0.5087436840219774,0.4454546036629223,0.0,0.0,0.0,0.0,0.0,0.0,0.0,0.5703964995587196,0.0,0.5521654263604082,0.0,0.0,0.0,0.0,0.0,0.0,0.4832537452806461,0.0,0.0,0.0,0.0,0.5045113741293984,0.495023468575315,0.0,0.5463075489804312,0.0,0.0,0.0,0.5378642998188226,0.5519437424976154,0.534347849508979,0.0,0.5392454600382608
0.4480585791894437,0.4138244098510595,0.0,0.0,0.4438128513950817,0.368514853703499,0.4646576841287391,0.4263077864454189,0.3993463211192907,0.0,0.0,0.0,0.4320927926256898,0.0,0.3919052637477905,0.4296120492937532,0.0,0.42209282698846,0.0,0.3516607473967889,0.4247334709466185,0.4010876849650622,0.4225718260112373,0.0,0.409660933313577,0.4222802662502445,0.4258725586265186,0.3495701055343307,0.0,0.394189403555738,0.3869511885987711,0.3825929856070341,0.3448784808003353,0.4119965712472551,0.4234496485702779,0.4624153067732994,0.0,0.0,0.5036271302854317,0.0,0.5319296259716417,0.5126118160067346,0.0,0.0,0.0,0.0,0.4480859019340017,0.0,0.0,0.0,0.5507338102029182,0.0,0.5119884675636975,0.0,0.0,0.0,0.0,0.5170229264265017,0.0,0.4987583798026515,0.0,0.0,0.0,0.0,0.5041884080127709,0.492996563744121,0.4766676465703757,0.5337589282072648,0.0,0.0,0.4663723207168108,0.5248433980882267,0.5485448251340223,0.5083857621838455,0.0,0.5393226466886939
0.0,0.0,0.0,0.0,0.0,0.4428149846555725,0.0,0.4341925327143272,0.4253858278150244,0.0,0.0,0.0,0.4626843641923425,0.0,0.0,0.4110939443491077,0.0,0.0,0.0,0.3945515058910953,0.4386862636628677,0.3996706196736661,0.4439876039182824,0.0,0.0,0.0,0.4188157253439308,0.3487648882789625,0.394189403555738,0.0,0.3868427003747504,0.4084850579504377,0.0,0.4058133596577101,0.3532003552292356,0.0,0.0,0.0,0.5268138386425785,0.0,0.0,0.0,0.0,0.0,0.0,0.0,0.0,0.0,0.0,0.0,0.0,0.0,0.0,0.0,0.0,0.0,0.0,0.0,0.0,0.0,0.0,0.0,0.0,0.0,0.5024826895529999,0.0,0.0,0.5457695619532154,0.0,0.0,0.0,0.5449361474153019,0.0,0.0,0.0,0.0
0.3853022345070843,0.3532718527040692,0.4697575556819803,0.0,0.4654314438672001,0.4353010461441643,0.4415436880876526,0.461099460364721,0.475637350390985,0.3391295727854319,0.4795069173321997,0.3486734875302105,0.4194705741210536,0.4694186241733789,0.4105139901251918,0.365520498099276,0.3565486931511238,0.3869107082664407,0.467082467654468,0.3952428122338716,0.4107803604342321,0.3852395654926698,0.4394505971740437,0.350359732682177,0.3776809927470241,0.3801524327240717,0.4252644517337808,0.3935636294699439,0.3869511885987711,0.3868427003747504,0.0,0.3977088860036495,0.3356956022917755,0.264176862298531,0.2341398013622511,0.4034950301530788,0.3474636783565142,0.2783835819557824,0.4733767578172364,0.3766347186768733,0.5251612016332764,0.0,0.0,0.0,0.0,0.0,0.4416286897844648,0.0,0.0,0.0,0.5662376640734078,0.0,0.5348580848448284,0.0,0.5063085090343534,0.0,0.4707281957645146,0.0,0.0,0.4843781043911284,0.4223992733898144,0.0,0.4459517189306823,0.0,0.4938704341946004,0.482735960747057,0.464565074088989,0.5392476444525504,0.0,0.4417026451757666,0.4563781712096799,0.5348068418302796,0.5257240945968913,0.5371512081898172,0.0,0.516888215701742
0.4153598914226403,0.4041674414521031,0.4214759698180001,0.2907828017659628,0.3810080411983157,0.4036532951809831,0.4060034518553764,0.3949560509222179,0.4296391967736582,0.3569049391657731,0.3984215683995997,0.3083760409658108,0.4093258038815671,0.2912380717368575,0.4203710525001455,0.4168980377777778,0.3957850524659339,0.4047239550738564,0.4041600452664138,0.4155185614474589,0.4209987588675273,0.4229880528324543,0.4076581158859523,0.3576366098224842,0.3895412078440194,0.4143755935020189,0.4062850660519509,0.4044985651741964,0.3825929856070341,0.4084850579504377,0.3977088860036495,0.0,0.3427766366277323,0.3620969765921623,0.36421374993778,0.2932796779564117,0.3196567067141098,0.263070597467858,0.2831619548255402,0.2654373984397941,0.2806271898247418,0.3121726545469981,0.2931628249226348,0.2678747717081747,0.263752195004597,0.4384629757599931,0.4695020534384239,0.5118265062456235,0.0,0.0,0.50619955123344,0.0,0.4871977348158772,0.4525607517457884,0.2916345649906693,0.4222517067281723,0.2431696362413261,0.5065974365030462,0.0,0.4905261476430629,0.4579055679804357,0.0,0.3944863632260558,0.4280223401782697,0.4842093751661442,0.4729178143940148,0.4636458306526155,0.519843416533099,0.2932773580911989,0.4285432340871831,0.469210219355866,0.5115137038764871,0.5357417520174548,0.4958467212397095,0.0,0.5109619408209956
0.3711315955000946,0.3646351278702666,0.0,0.0,0.3429806767899231,0.3695533701997726,0.4176483409716197,0.3947712704987152,0.3883864535671114,0.318095328744115,0.3555405930558303,0.3181053676840598,0.4047143519182407,0.0,0.4149535935927139,0.3696097541195479,0.371883362572077,0.3720041845606459,0.0,0.3930807270378538,0.4184236659483573,0.3896719965448134,0.3999991820771187,0.2577422664593833,0.3467301330657741,0.3734752985396756,0.3917073948869043,0.361827611831868,0.3448784808003353,0.0,0.3356956022917755,0.3427766366277323,0.0,0.2394424940030112,0.3443107027827914,0.4088159100377123,0.3512725916246384,0.192002112555546,0.2841226255966459,0.3139118216909616,0.2809391717013297,0.2835169077555103,0.0,0.0,0.2158180464332497,0.4152713315174104,0.4443912298952108,0.0,0.0,0.0,0.0,0.0,0.0,0.0,0.3756322896120345,0.0,0.3832589500914969,0.0,0.0,0.5071063957268341,0.4133134064610202,0.4070607250312695,0.3830790748841733,0.0,0.458778481376788,0.4625740493187881,0.4585045130895409,0.5046895162915722,0.3607911699770001,0.4087723651188412,0.4398071365542266,0.5068115082264505,0.0,0.4585020842318049,0.0,0.3751530390786264
0.3741961890399574,0.3563940153823151,0.4829468355228942,0.2864945107177228,0.4459685190791438,0.4427847902403851,0.4117408906693754,0.4664209732206645,0.4716255059643287,0.3084419859441876,0.4724835237666921,0.2655059507744504,0.3977714873465158,0.4203195425723359,0.4365402995211578,0.3788935485602817,0.357389732587396,0.3741308046819592,0.4608777704136036,0.4217773844661356,0.426854955614623,0.410835253806605,0.4515478669076937,0.269561108423465,0.3536180817537485,0.3814143855781604,0.442239693138525,0.385299979438535,0.4119965712472551,0.4058133596577101,0.264176862298531,0.3620969765921623,0.2394424940030112,0.0,0.2782019238939869,0.3825557856282829,0.2726246168092462,0.2001303766270327,0.3029681488325749,0.2636291908442943,0.2820494190062512,0.3186622849181763,0.3343175988084907,0.0,0.2384557062775758,0.0,0.4553330049979279,0.0,0.0,0.0,0.5795342816010216,0.0,0.531276913368784,0.0,0.2672297833463155,0.0,0.2753339791071628,0.0,0.0,0.501521031019473,0.4295509092130372,0.0,0.4378655099869361,0.0,0.4902859531615133,0.5259722518711668,0.4803086813927946,0.5437681456058522,0.0,0.4338508632206493,0.4748372822596881,0.5354343631479013,0.5560131584166401,0.5259552241266958,0.0,0.5487578055117236
0.3644662674703189,0.4187581430592565,0.4654175587352909,0.3107975295974507,0.4471199129172639,0.441177321215901,0.3962538633936696,0.4726353184102962,0.4811853034191538,0.2892516539364889,0.4510647423343051,0.2628076454767016,0.3756194026114037,0.0,0.4555982269142203,0.4083570274250875,0.3466211441473442,0.3595527369748986,0.459396450577269,0.4331085070569185,0.4596482005999549,0.4318335559704284,0.4692337007373897,0.3027976589473747,0.3715151643295644,0.4325343874114771,0.446509022237993,0.3432934935199722,0.4234496485702779,0.3532003552292356,0.2341398013622511,0.36421374993778,0.3443107027827914,0.2782019238939869,0.0,0.4197347252728583,0.2985238825392741,0.2364101525038162,0.3273025812129065,0.2505747008500856,0.2800996663111019,0.345688202076237,0.3032633808740317,0.2886945126315264,0.2422196509629605,0.0,0.4803985593990196,0.0,0.0,0.0,0.0,0.0,0.0,0.0,0.0,0.0,0.2907000535681957,0.0,0.0,0.5054917629498527,0.0,0.0,0.0,0.0,0.502155613032357,0.5066826601514783,0.4923150442805591,0.5582691689469497,0.0,0.4345488742623625,0.4972618424997967,0.5558298249644399,0.0,0.509508247257233,0.0,0.0
0.0,0.0,0.4329832595766729,0.2170235616538423,0.2863982911334419,0.4560266497864454,0.3177817934530256,0.2861031581829522,0.4431186182665101,0.3209195429897287,0.3438507217375348,0.381105461227688,0.3576237355365628,0.2653257269030826,0.0,0.0,0.0,0.0,0.4084743797699999,0.4877704418338249,0.0,0.4968488240365918,0.4275613170749584,0.3923376449355985,0.0,0.4320799986448566,0.4638102917297995,0.3089998104102579,0.4624153067732994,0.0,0.4034950301530788,0.2932796779564117,0.4088159100377123,0.3825557856282829,0.4197347252728583,0.0,0.2234132749963301,0.3071104171750128,0.319462518823919,0.0,0.4429839618966746,0.0,0.3792910236623017,0.2981612342481857,0.0,0.0,0.0,0.5117743447223289,0.0,0.0,0.0,0.4468803816937204,0.4642813673488432,0.4897875672256929,0.0,0.4338161887210706,0.2752022200058911,0.0,0.0,0.0,0.0,0.0,0.0,0.4581048143945521,0.0,0.0,0.0,0.4898761722674398,0.0,0.0,0.0,0.4605777813941338,0.4083600603979772,0.3215883497683089,0.0,0.0
0.0,0.0,0.4122797959069659,0.1945870025175676,0.3052504415559665,0.4383182631200439,0.3056527076877185,0.3506782962838715,0.4506497436744821,0.2565655051300736,0.4403972219963492,0.0,0.3459917359017274,0.2283880517166454,0.0,0.0,0.0,0.0,0.418010790048084,0.0,0.0,0.4532094569303415,0.4459335475793456,0.0,0.0,0.0,0.4434042459432182,0.3045422970993525,0.0,0.0,0.3474636783565142,0.3196567067141098,0.3512725916246384,0.2726246168092462,0.2985238825392741,0.2234132749963301,0.0,0.2628088499920826,0.2711829026487553,0.0,0.2676515275593513,0.0,0.0,0.0,0.0,0.0,0.0,0.0,0.0,0.0,0.0,0.0,0.0,0.0,0.0,0.0,0.0,0.0,0.0,0.0,0.0,0.0,0.0,0.0,0.0,0.0,0.0,0.0,0.0,0.0,0.0,0.0,0.0,0.0,0.0,0.0
0.0,0.0,0.0,0.0,0.0,0.0,0.0,0.0,0.4211225791251322,0.2851202296920467,0.4178873725974691,0.2256521662017498,0.3761327358763691,0.0,0.0,0.0,0.3425604772231439,0.0,0.0,0.0,0.0,0.0,0.0,0.228586399110738,0.341741062675221,0.3251685672829924,0.0,0.3470241376670074,0.0,0.0,0.2783835819557824,0.263070597467858,0.192002112555546,0.2001303766270327,0.2364101525038162,0.3071104171750128,0.2628088499920826,0.0,0.254464932558443,0.1976838863282044,0.2210666284490804,0.2402363760788003,0.0,0.0,0.2162313705181632,0.0,0.0,0.0,0.0,0.0,0.0,0.0,0.0,0.0,0.2275967687855556,0.0,0.0,0.0,0.0,0.0,0.0,0.0,0.0,0.0,0.0,0.0,0.0,0.0,0.0,0.0,0.0,0.0,0.0,0.0,0.0,0.0
0.452910164895657,0.4625204101782685,0.5194988264082122,0.0,0.0,0.5173758707782529,0.0,0.4928206730518442,0.5174141260125384,0.2686455657292307,0.430954673756877,0.2695461002391802,0.4665236320443663,0.0,0.4699399650338322,0.4472981136852386,0.0,0.4143740969853039,0.4719989401792239,0.4317327474612392,0.4773571623297687,0.4512014842208391,0.5160226418358272,0.4537919049222134,0.4371306996316685,0.4602767608041189,0.5203013964445068,0.5191462060475882,0.5036271302854317,0.5268138386425785,0.4733767578172364,0.2831619548255402,0.2841226255966459,0.3029681488325749,0.3273025812129065,0.319462518823919,0.2711829026487553,0.254464932558443,0.0,0.342042325608096,0.3720945689415553,0.3538584648094485,0.295998150075358,0.3198597387642928,0.2700177274126661,0.4037347797481092,0.4088696754317795,0.4362542751558079,0.2804949621152817,0.367807656388873,0.4180935128749379,0.4100416346623006,0.4120708307775117,0.4361078037358902,0.3311697939971395,0.3901738564020204,0.2657790262250171,0.4071972117806476,0.3053508429058072,0.4181552389172534,0.4191053643331125,0.3903205956069185,0.3963519368274157,0.41708546517921,0.420941673604769,0.4172737580468729,0.4222769569093087,0.4170418721716845,0.3295109851421735,0.3874667171237081,0.4050852876457032,0.4064645983265008,0.3923494752299328,0.402613175289887,0.3895634183733346,0.4008324834495468
0.4508058914024236,0.438981586169255,0.0,0.0,0.0,0.0,0.0,0.0,0.0,0.3978556559752183,0.0,0.4263229284160748,0.0,0.0,0.4738470027131684,0.410915025898306,0.408705171460576,0.3979332584331117,0.0,0.4739095574403624,0.432614211901922,0.4568554173523,0.4812569260311594,0.401532453742745,0.4103954931555596,0.4416440179210069,0.0,0.0,0.0,0.0,0.3766347186768733,0.2654373984397941,0.3139118216909616,0.2636291908442943,0.2505747008500856,0.0,0.0,0.1976838863282044,0.342042325608096,0.0,0.2458657210680147,0.324032895403889,0.4301957359602836,0.2701455892048565,0.1954224588738037,0.3333494374826437,0.3773984044109988,0.0,0.0,0.0,0.3932589906622827,0.4009837927878922,0.398448440635928,0.4214794371015917,0.3104940574723041,0.4174206365008701,0.3058773145011053,0.4214459426764289,0.0,0.4079179108660785,0.3628176915371395,0.3513535280975246,0.3365478539969067,0.0,0.3889763761844239,0.4003498130112242,0.3804518369129739,0.4091066018953454,0.2737535746796886,0.3329946130513695,0.3607272087144035,0.3860188852102502,0.3647311377971445,0.3788779028553238,0.3454062037446007,0.3214883535736975
0.4390006929191342,0.4446316328107739,0.0,0.0,0.0,0.5497397529286157,0.0,0.5294140838540236,0.0,0.3856146419530847,0.0,0.2861059015641148,0.0,0.0,0.484427511380889,0.4259368067815001,0.0,0.4146889319824384,0.0,0.5475666405304979,0.4760286560694516,0.4715387609653809,0.544110248512214,0.3688513495264901,0.4296846101171379,0.463492107955548,0.5560264560789948,0.5354048559741754,0.5319296259716417,0.0,0.5251612016332764,0.2806271898247418,0.2809391717013297,0.2820494190062512,0.2800996663111019,0.4429839618966746,0.2676515275593513,0.2210666284490804,0.3720945689415553,0.2458657210680147,0.0,0.2942478345091547,0.3972813893063355,0.2923788143221936,0.1893826557041312,0.3587051624069467,0.3733701378390845,0.4565201136238031,0.3064307139278479,0.4260243410779766,0.4329889297485834,0.4094888220598853,0.4611617921048666,0.4677835567971914,0.275014570719855,0.4548815260948097,0.2175811413887233,0.4118301872256933,0.4014152884076032,0.4298341944728534,0.3940127193390342,0.3541790024079687,0.3597559557313938,0.456804918368576,0.4144338218459704,0.4359877310858175,0.4151456560489812,0.4436294631960694,0.2516269920706219,0.3482002207609383,0.3695535702177723,0.4211654373617902,0.3307094457508531,0.4158101376706974,0.3795868177434285,0.2565150844597405
0.0,0.465851624551537,0.0,0.0,0.0,0.5004254633432612,0.0,0.0,0.0,0.0,0.0,0.0,0.0,0.0,0.4982758991507566,0.0,0.0,0.4244121073484754,0.0,0.5011195153208418,0.0,0.4960874655418196,0.5452603379268158,0.0,0.4298078522316176,0.4791234399886384,0.5384475219847656,0.5087436840219774,0.5126118160067346,0.0,0.0,0.3121726545469981,0.2835169077555103,0.3186622849181763,0.345688202076237,0.0,0.0,0.2402363760788003,0.3538584648094485,0.324032895403889,0.2942478345091547,0.0,0.4256764494560258,0.3217077528106068,0.2307753007985145,0.4065888454154956,0.4100373530702683,0.459427346737966,0.3154810695789019,0.4579552298115815,0.4442158082160367,0.4285386893532569,0.4633083290815042,0.4480335406526105,0.2920142151728946,0.4285157051001271,0.2788772565649789,0.4291304170921759,0.0,0.4493280267616392,0.4007091232500911,0.351774699777404,0.3627826023439283,0.4351987966530941,0.4406508906790831,0.4567690795544754,0.447496138606223,0.4496793736261921,0.266131961166555,0.3580634035165636,0.4115493439367924,0.4374013053681151,0.341863507487845,0.4317457444665605,0.4144369320466831,0.2597313665801386
