0.0,0.3839671711561137,0.0,0.0,0.0,0.2920735397887949,0.0,0.4479241767768945,0.0,0.3520183058662728,0.0,0.3449145445799784,0.0,0.0,0.3674551513879719,0.3816274402545708,0.3721618180924567,0.3722321560285354,0.0,0.4004656908725253,0.3747236134800288,0.3780454730463054,0.4070889137384778,0.3194607580079093,0.348553131389027,0.3433061746337564,0.4197988883567678,0.4252338000312972,0.4127941756791528,0.0,0.3568316673482591,0.3840249019912746,0.3406318124263763,0.3448111347849871,0.3461479063431332,0.0,0.0,0.3007617751670317,0.4177683902138819,0.4119569621354459,0.4034022457566873,0.0,0.0,0.0,0.0,0.375636135867194,0.4465740557413982,0.0,0.0,0.0,0.0,0.0,0.0,0.0,0.4205441390492261,0.0,0.0,0.0,0.0,0.0,0.4355883279500139,0.0,0.4337776052477615,0.0,0.0,0.3078927945614959,0.4344919751126859,0.0,0.0,0.4192479734927866,0.4274363365681023,0.0,0.0,0.0,0.0,0.3851443308838329
0.3839671711561137,0.0,0.0,0.0,0.3580213601394116,0.3700260032705872,0.4066338855785039,0.4261291476585327,0.3593604914385434,0.0,0.0,0.0,0.3988657412898272,0.0,0.385045908624143,0.3698544247013495,0.0,0.3809425203065968,0.0,0.3983520137019067,0.3923381181929493,0.3589097757574007,0.3978693799545369,0.0,0.3305546434312896,0.3441559440222363,0.3913136332034279,0.3905114409393101,0.3832851436428476,0.0,0.3288884044983517,0.3748700903287131,0.3386351050773489,0.3306524171379147,0.3881434244625354,0.0,0.0,0.0,0.4264105258165336,0.4039710882839296,0.4093773948897717,0.4288030034918499,0.0,0.0,0.0,0.4323706415716573,0.4366786237389513,0.0,0.0,0.0,0.3778260408156718,0.0,0.0,0.0,0.0,0.0,0.0,0.0,0.0,0.4464209709363366,0.4213706213478695,0.0,0.4172005312703418,0.0,0.4243810355605196,0.4336798560025665,0.4292349317160489,0.4637905382975285,0.0,0.4337403289480822,0.4518585235943726,0.4194962498085601,0.0,0.4254629858289866,0.0,0.4002074445282724
0.0,0.0,0.0,0.3437686314715875,0.3753136129389781,0.3729888631875276,0.4206861878522482,0.4529096570153987,0.2982598533087527,0.3581379811063769,0.3154274160025119,0.0,0.4263267372892316,0.4027833179286019,0.0,0.0,0.0,0.0,0.2739631040335583,0.0,0.0,0.0,0.321692806649613,0.0,0.0,0.0,0.3003023403380251,0.4352722024835349,0.0,0.0,0.4310503293023768,0.3861351743197502,0.2750467103276437,0.4414614571842907,0.4242541421000106,0.3980329064650634,0.37428213880692,0.0,0.4674070560936205,0.0,0.4085238769601401,0.0,0.4847044970549896,0.0,0.0,0.0,0.0,0.3639939156481712,0.0,0.5199624178370489,0.5252856639748383,0.6175591585518205,0.5592118504244667,0.4544217932818228,0.0,0.4633553743831724,0.0,0.4941590131345367,0.4815592539542307,0.0,0.0,0.0,0.0,0.2692775663379491,0.0,0.0,0.0,0.5451775552237884,0.0,0.0,0.0,0.558062875425886,0.3911024463617431,0.0,0.0,0.0
0.0,0.0,0.3437686314715875,0.0,0.3097704714031695,0.3879654468523578,0.3144287520249509,0.3160284191794579,0.3894624061804054,0.2157410698857827,0.3545903108954065,0.0,0.2996231186654128,0.2529827931342055,0.0,0.0,0.0,0.0,0.3605422583838087,0.0,0.0,0.0,0.3648050442716544,0.0,0.0,0.0,0.3736081821107743,0.273523344893379,0.0,0.0,0.2984377901365154,0.2674409544272365,0.0,0.261723543290333,0.2813506142382487,0.1934913255666812,0.179501741475881,0.0,0.0,0.0,0.0,0.0,0.0,0.0,0.0,0.0,0.0,0.0,0.0,0.0,0.0,0.0,0.0,0.0,0.0,0.0,0.0,0.0,0.0,0.0,0.0,0.0,0.0,0.0,0.0,0.0,0.0,0.0,0.0,0.0,0.0,0.0,0.0,0.0,0.0,0.0
0.0,0.3580213601394116,0.3753136129389781,0.3097704714031695,0.0,0.3849757711944887,0.3365541589165493,0.41083730472329,0.340050735326579,0.4259802567611784,0.3394143218593743,0.3690320708224476,0.3452305375216745,0.3123844203343758,0.0,0.3859774542649138,0.0,0.0,0.3632165560848023,0.4118863436451316,0.0,0.4045077441714378,0.385128654626693,0.0,0.3361892708755424,0.3329757907624833,0.3913377946444828,0.393043111307189,0.4100611847007971,0.0,0.4283236640986423,0.3521268641765729,0.3051072824781857,0.4093540376924464,0.4105888385511811,0.2633767110899688,0.2841916357999097,0.0,0.3440747000559198,0.0,0.0,0.0,0.4117097066070317,0.0,0.0,0.0,0.0,0.5206671272542707,0.0,0.3764072221808672,0.482983361044656,0.0,0.4766553952720923,0.47323233304077,0.0,0.3638734442565252,0.0,0.0,0.0,0.0,0.0,0.0,0.0,0.4134968479772175,0.0,0.0,0.0,0.5209260540642386,0.0,0.0,0.0,0.5270432008115601,0.0,0.0,0.0,0.0
0.2920735397887949,0.3700260032705872,0.3729888631875276,0.3879654468523578,0.3849757711944887,0.0,0.3958317574968653,0.4134772381722874,0.3160458096573429,0.3846148303492099,0.3943322650509996,0.3424658390522371,0.3709806371692921,0.3958132615854005,0.3780645571625097,0.4048142288746783,0.0,0.3894520663660103,0.3880107562685794,0.388196393570655,0.4054607953946315,0.3890292831029844,0.3748741671984053,0.0,0.3542289973528755,0.374533575415913,0.3502533935083326,0.3714686414220969,0.3408647694932429,0.4106294288641875,0.400915662253332,0.3716369482673847,0.3404121734656491,0.4078316350359097,0.4071682232073718,0.4221506969946921,0.4031286093751647,0.0,0.4769947313067143,0.0,0.5122934069762782,0.4578006217433754,0.469077131120559,0.0,0.0,0.0,0.296594145240975,0.5289349589069634,0.0,0.445852751175634,0.5025100774898228,0.5935941370239732,0.477024437788478,0.5176305555825662,0.0,0.4538012734177166,0.0,0.5496468609498486,0.0,0.4177943014326375,0.0,0.0,0.0,0.516985180960665,0.4602705044404778,0.394725388156338,0.4147936895712457,0.5136379312636024,0.0,0.0,0.36479020936815,0.5043954793928621,0.5209515411643725,0.4871983225754127,0.4526666778525645,0.5084609165158648
0.0,0.4066338855785039,0.4206861878522482,0.3144287520249509,0.3365541589165493,0.3958317574968653,0.0,0.4430671440477879,0.3919245317127253,0.4067948000259987,0.4289548715502301,0.3812553916390686,0.3390178232444781,0.3447464650414856,0.0,0.4326878904282767,0.0,0.4022290523462745,0.424404938426535,0.4148147286481171,0.0,0.4274258707008483,0.4177917646320766,0.3760640019818281,0.4073834625799432,0.4266142236601165,0.4103875687950056,0.3962536377559894,0.4315019521517287,0.0,0.4072440807828411,0.3760037795222574,0.3840877130331938,0.380200763998797,0.3682035921236484,0.2951566357581778,0.2862788421276035,0.0,0.4066469039258767,0.0,0.3619760840241935,0.0,0.3725042873410947,0.0,0.0,0.0,0.0,0.4808293283367676,0.0,0.0,0.5111252110560176,0.0,0.450283466162781,0.4104401119716004,0.0,0.3554665260071714,0.0,0.0,0.0,0.0,0.0,0.0,0.0,0.3865377182265408,0.0,0.0,0.0,0.5179601215915381,0.0,0.0,0.0,0.5421903451652806,0.0,0.0,0.0,0.0
0.4479241767768945,0.4261291476585327,0.4529096570153987,0.3160284191794579,0.41083730472329,0.4134772381722874,0.4430671440477879,0.0,0.4485405940355441,0.3800446898564034,0.3060325033547363,0.3671376276994111,0.4415113132784468,0.3183736832043818,0.4211399177312473,0.3972462767071142,0.0,0.4178627787039504,0.3994239615121722,0.3943557588711326,0.3702655276991044,0.3848782591069315,0.3652002123425076,0.4557869118057901,0.438832413921376,0.4422702320675688,0.4217075720963898,0.4204635996687491,0.3949608378341829,0.4063889719881093,0.4254898979344346,0.3633468584876444,0.3649687965954875,0.4298871469597913,0.4361849634108674,0.2585712259646027,0.3220655265740483,0.0,0.4540901448027164,0.0,0.482831706521342,0.0,0.4330049928667715,0.0,0.0,0.0,0.0,0.5182957976860538,0.0,0.474076885807658,0.484328949462494,0.4948147212002126,0.4515844740238921,0.5043366153903489,0.0,0.4219314679090553,0.0,0.4973367683476659,0.0,0.4623489141024737,0.0,0.0,0.0,0.4818832990246059,0.4940998692324002,0.4932827031863828,0.0,0.5073861760008298,0.0,0.0,0.0,0.5077198726256091,0.4932297288058138,0.4926196034377689,0.0,0.485902548155601
0.0,0.3593604914385434,0.2982598533087527,0.3894624061804054,0.340050735326579,0.3160458096573429,0.3919245317127253,0.4485405940355441,0.0,0.4280969991729286,0.2997151373925688,0.3916961208671506,0.3897087793084811,0.3860503045020272,0.0,0.3538657284443827,0.0,0.2522074747794292,0.2440430802991869,0.389047036566687,0.0,0.3766359958098141,0.3856579218993216,0.0,0.2545997693813579,0.3057630804108975,0.3550694072254819,0.4204643732745726,0.3674203368107798,0.3926199774447476,0.4367374472053365,0.3937832877161311,0.3434956764140408,0.4328375992472754,0.4416937236941244,0.4077335603152009,0.4114552282924395,0.3875173942691736,0.4756048132285956,0.0,0.3431832394341873,0.0,0.4692972779830623,0.0,0.0,0.0,0.0,0.5362884051264929,0.0,0.4592510873753453,0.50751740565944,0.5097008398348295,0.5012135912387409,0.5247291048374865,0.0,0.4863858697673873,0.0,0.4523319533117861,0.5219276419296742,0.0,0.0,0.0,0.0,0.50757028808852,0.0,0.0,0.0,0.527053652612226,0.0,0.0,0.0,0.5141145895979307,0.4093661329068098,0.0,0.0,0.0
0.3520183058662728,0.0,0.3581379811063769,0.2157410698857827,0.4259802567611784,0.3846148303492099,0.4067948000259987,0.3800446898564034,0.4280969991729286,0.0,0.430428193580066,0.2633792908279741,0.3806538249282104,0.0,0.0,0.3338757224094039,0.3109287831352875,0.3312368232063142,0.3969554864995455,0.0,0.0,0.3054978310216611,0.3687673281047588,0.2946944375366748,0.3107493918749191,0.3446148500478894,0.3509742818302646,0.366978890041163,0.0,0.0,0.3154085546301095,0.3323034512587335,0.2926784091135939,0.2828867046218147,0.2655479537753751,0.298315222711645,0.2365946338115448,0.2622319908232203,0.2563272114653139,0.3574823720122609,0.3567477762082338,0.0,0.0,0.0,0.4018813212653128,0.3774122470323623,0.0,0.0,0.0,0.0,0.0,0.0,0.0,0.0,0.4241662576620769,0.0,0.4348369427067614,0.3625645439362154,0.0,0.0,0.0,0.4447558582079879,0.4151570259222686,0.0,0.0,0.0,0.0,0.0,0.4406754221650775,0.4313057815855594,0.4415624879524583,0.0,0.3903739242557577,0.0,0.0,0.3972135675632869
0.0,0.0,0.3154274160025119,0.3545903108954065,0.3394143218593743,0.3943322650509996,0.4289548715502301,0.3060325033547363,0.2997151373925688,0.430428193580066,0.0,0.3859829312133522,0.4291206737902104,0.2992154378425168,0.0,0.0,0.3242388431250994,0.0,0.2440735295727197,0.0,0.0,0.0,0.2586585295537407,0.0,0.0,0.2610776404769905,0.3489506511080087,0.4262462153208083,0.0,0.0,0.4402967817163725,0.3652957594953653,0.3178325881658911,0.4334941014386151,0.414482121714993,0.310465480158211,0.4002242783883847,0.3803401681219917,0.3798040050380181,0.0,0.0,0.0,0.401599243641777,0.0,0.0,0.0,0.0,0.5135528678758303,0.0,0.4133372586842623,0.4651448298298243,0.4267092274645793,0.4327501665501548,0.4978267223091235,0.0,0.3248312520230687,0.0,0.3766800779078335,0.0,0.0,0.0,0.0,0.0,0.3190282248760289,0.0,0.0,0.0,0.5090128638622495,0.0,0.0,0.0,0.4956098190886619,0.334995846608898,0.0,0.0,0.0
0.3449145445799784,0.0,0.0,0.0,0.3690320708224476,0.3424658390522371,0.3812553916390686,0.3671376276994111,0.3916961208671506,0.2633792908279741,0.3859829312133522,0.0,0.3855777226593154,0.0,0.0,0.0,0.3652936146886599,0.378553809475628,0.3281431855320926,0.0,0.3900324249442844,0.0,0.3385444404070256,0.2655130286603208,0.3388353053283829,0.3089470407389802,0.0,0.3623407947481189,0.0,0.0,0.3230396467502346,0.283772371907153,0.2886164028965952,0.2466649536221347,0.2403078453760401,0.3576861185170227,0.0,0.2078357002411929,0.2509205301939612,0.3832647895600791,0.2724507943378295,0.2422496670628626,0.0,0.0,0.207327071462534,0.0,0.0,0.0,0.0,0.0,0.0,0.0,0.0,0.0,0.4256721931028611,0.0,0.4356947802218516,0.3773695920486059,0.0,0.0,0.0,0.4508192568909498,0.4060190079613966,0.0,0.0,0.0,0.0,0.0,0.4250540949670751,0.4304343025182703,0.4371810406690604,0.0,0.3903642923052635,0.0,0.0,0.4024731044937542
0.0,0.3988657412898272,0.4263267372892316,0.2996231186654128,0.3452305375216745,0.3709806371692921,0.3390178232444781,0.4415113132784468,0.3897087793084811,0.3806538249282104,0.4291206737902104,0.3855777226593154,0.0,0.3699154875274569,0.4184548961263004,0.420457821185957,0.3841828027232354,0.4037397179760093,0.4187354227114652,0.409589570141974,0.4331044599803015,0.4235628902989151,0.416125479984804,0.3725171033011211,0.3991490598756835,0.3986754434753869,0.4149866405666447,0.3494308100640723,0.4043517985533013,0.4288197311111713,0.3880282575204254,0.3776289225369605,0.379566308161114,0.3668592339764002,0.3473289856557724,0.328953836660778,0.3178098985104732,0.3476219086967635,0.4376263284841203,0.3430769816443169,0.4193156796448377,0.385140603585166,0.3710216441713458,0.0,0.0,0.0,0.0,0.4952529090143652,0.0,0.0,0.5726976504605928,0.3975282797811383,0.4770489493646576,0.0,0.0,0.3592968439596699,0.0,0.0,0.0,0.3562497807962508,0.0,0.0,0.0,0.0,0.3937688784463278,0.0,0.2659719508656615,0.5087701915413976,0.0,0.2455159288875389,0.3073806985314532,0.5174009725840846,0.0,0.4796118576019508,0.0,0.0
0.0,0.0,0.4027833179286019,0.2529827931342055,0.3123844203343758,0.3958132615854005,0.3447464650414856,0.3183736832043818,0.3860503045020272,0.0,0.2992154378425168,0.0,0.3699154875274569,0.0,0.0,0.0,0.0,0.0,0.366367045225333,0.0,0.4060494637306575,0.0,0.3590291711557319,0.0,0.0,0.0,0.4065546106618517,0.30862737717354,0.0,0.0,0.4303225608503168,0.2625097903647371,0.0,0.3777666574303835,0.0,0.2332933009191575,0.2050547401268447,0.0,0.0,0.0,0.0,0.0,0.4331867624820597,0.0,0.0,0.0,0.0,0.4549296632066273,0.0,0.0,0.0,0.0,0.0,0.4618963102794323,0.0,0.4011578266861926,0.0,0.0,0.0,0.0,0.0,0.0,0.0,0.0,0.0,0.0,0.0,0.4493378161573702,0.0,0.0,0.0,0.4255108155675463,0.0,0.0,0.0,0.0
0.3674551513879719,0.385045908624143,0.0,0.0,0.0,0.3780645571625097,0.0,0.4211399177312473,0.0,0.0,0.0,0.0,0.4184548961263004,0.0,0.0,0.3911689915292072,0.0,0.3874624842289994,0.0,0.3014604569392963,0.3536934259714839,0.3374212174002354,0.3522292704657922,0.408853796034774,0.3736267093161341,0.358081571141945,0.3812858439527439,0.3622833075649326,0.3624661925582119,0.0,0.3797760739538928,0.389087063900945,0.3801667128470098,0.4036073431704226,0.4212363718866618,0.0,0.0,0.0,0.434339793559435,0.437068396415282,0.4444330218873459,0.4589000069502097,0.347310178505907,0.0,0.0,0.0,0.4620840498802051,0.0,0.0,0.0,0.4236047231996828,0.0,0.4878177485438389,0.0,0.0,0.0,0.0,0.3460077019689317,0.0,0.4423487340942788,0.4354068405034992,0.0,0.0,0.0,0.3692219542256975,0.4405112132055106,0.4600429646435222,0.4653293272675061,0.0,0.3507265954312955,0.5047738947946366,0.4655501975556365,0.4496617297611791,0.4604857749655843,0.0,0.4475994514596856
0.3816274402545708,0.3698544247013495,0.0,0.0,0.3859774542649138,0.4048142288746783,0.4326878904282767,0.3972462767071142,0.3538657284443827,0.3338757224094039,0.0,0.0,0.420457821185957,0.0,0.3911689915292072,0.0,0.3586121198994927,0.315739618939731,0.0,0.3882939170357266,0.3873971246258484,0.3506692801021027,0.4022854828355704,0.3535215415510527,0.3635414484656498,0.3886485995352366,0.4181254049798742,0.3866716192320432,0.3987944970918988,0.3806632850690347,0.3404093276483116,0.3865897418173604,0.3435809430196971,0.3513110388277355,0.3786513387977475,0.0,0.0,0.0,0.4126802709694098,0.3777943240155401,0.3918691650095555,0.0,0.0,0.0,0.0,0.4298190441282695,0.4318351837515667,0.0,0.0,0.0,0.0,0.0,0.0,0.0,0.0,0.0,0.0,0.0,0.0,0.4356610382378049,0.4103087797734058,0.0,0.3972187595548907,0.0,0.4065433905552533,0.4148848735001051,0.4212677884229547,0.3540873428331555,0.0,0.4089648478981353,0.4357780723841595,0.384547047987893,0.0,0.3803330496361288,0.0,0.3804382626766349
0.3721618180924567,0.0,0.0,0.0,0.0,0.0,0.0,0.0,0.0,0.3109287831352875,0.3242388431250994,0.3652936146886599,0.3841828027232354,0.0,0.0,0.3586121198994927,0.0,0.2970631349829558,0.0,0.326917656969846,0.0,0.361611262594391,0.0,0.3568377875880406,0.298369868438495,0.3612491731954628,0.0,0.3591742449737698,0.2888947504404658,0.0,0.332481265712947,0.3660862589407558,0.3438456841168048,0.3308214758945094,0.32102933148104,0.0,0.0,0.3156557536690573,0.0,0.3734179356684124,0.0,0.0,0.0,0.0,0.0,0.0,0.0,0.0,0.0,0.0,0.0,0.0,0.0,0.0,0.4360098437682882,0.0,0.4683228284888861,0.0,0.0,0.0,0.0,0.4583365300357757,0.412469076080385,0.0,0.0,0.0,0.0,0.0,0.4570165452572222,0.4101605764259045,0.4326163213330374,0.0,0.0,0.0,0.0,0.0
0.3722321560285354,0.3809425203065968,0.0,0.0,0.0,0.3894520663660103,0.4022290523462745,0.4178627787039504,0.2522074747794292,0.3312368232063142,0.0,0.378553809475628,0.4037397179760093,0.0,0.3874624842289994,0.315739618939731,0.2970631349829558,0.0,0.0,0.3926367977095595,0.4072089621154622,0.3888775864312409,0.4022521433761433,0.3613810009995575,0.334935295411822,0.3606144593927278,0.4283407124316474,0.384255145908803,0.3912108351819554,0.3573441053209876,0.3600821700532449,0.3744471654353783,0.3437631098012056,0.3462894212775181,0.3324924007269681,0.0,0.0,0.0,0.381182034030838,0.3636903312365599,0.3793789976523253,0.3913209421695447,0.0,0.0,0.0,0.4178437005189265,0.4227081727829689,0.0,0.0,0.0,0.0,0.0,0.0,0.0,0.4191464806800671,0.0,0.4562902387542474,0.0,0.0,0.0,0.4049957115036797,0.4427267744373955,0.4024962608963642,0.0,0.0,0.0,0.3973483933561758,0.0,0.4541048081564113,0.4095349385503939,0.4228249549325955,0.0,0.0,0.0,0.0,0.3912893494212761
0.0,0.0,0.2739631040335583,0.3605422583838087,0.3632165560848023,0.3880107562685794,0.424404938426535,0.3994239615121722,0.2440430802991869,0.3969554864995455,0.2440735295727197,0.3281431855320926,0.4187354227114652,0.366367045225333,0.0,0.0,0.0,0.0,0.0,0.0,0.0,0.0,0.2971826092393321,0.0,0.0,0.0,0.3323238134420317,0.4159876128338729,0.0,0.0,0.4268897428065581,0.3706470881888232,0.0,0.418609198547823,0.4206789267712899,0.3772073742653494,0.3785494789449709,0.0,0.4102244315568327,0.0,0.0,0.0,0.4411428274856588,0.0,0.0,0.0,0.0,0.5058011849055256,0.0,0.4244188241079992,0.5216257361758507,0.4625497436557129,0.4816935537075331,0.5281598062518813,0.0,0.4899737134744013,0.0,0.4010107575562014,0.0,0.0,0.0,0.0,0.0,0.4903814995208471,0.0,0.0,0.0,0.5379763611995763,0.0,0.0,0.0,0.5335574852356373,0.0,0.0,0.0,0.0
0.4004656908725253,0.3983520137019067,0.0,0.0,0.4118863436451316,0.388196393570655,0.4148147286481171,0.3943557588711326,0.389047036566687,0.0,0.0,0.0,0.409589570141974,0.0,0.3014604569392963,0.3882939170357266,0.326917656969846,0.3926367977095595,0.0,0.0,0.3836744322959013,0.3473320083996997,0.3298373072679065,0.0,0.3920739742224283,0.3951866525992303,0.37440286396889,0.3448183628465648,0.3280361757342788,0.3681297327290942,0.3657257177891896,0.3866677092491236,0.3665223338032902,0.3912290043685971,0.4018559107488105,0.4460728537204269,0.0,0.0,0.398681712080269,0.4549546461614966,0.4996661870352709,0.460721761890522,0.2849358120135853,0.0,0.0,0.0,0.4339462669377936,0.0,0.0,0.0,0.4453817370956837,0.0,0.4631353637208795,0.0,0.0,0.0,0.0,0.3253400029016678,0.0,0.4650518556130726,0.3070443274187011,0.0,0.0,0.0,0.4553090825467197,0.4697964801602764,0.4409382212746768,0.4897668438220592,0.0,0.2685185971334373,0.459144852746707,0.4682048450110624,0.527846931191703,0.4944069097944596,0.3748231762382999,0.4714757409689735
0.3747236134800288,0.3923381181929493,0.0,0.0,0.0,0.4054607953946315,0.0,0.3702655276991044,0.0,0.0,0.0,0.3900324249442844,0.4331044599803015,0.4060494637306575,0.3536934259714839,0.3873971246258484,0.0,0.4072089621154622,0.0,0.3836744322959013,0.0,0.3978601648343309,0.3589097178846556,0.4425323135849452,0.4012201405806112,0.3936896666338998,0.3946605879955306,0.4351370404062677,0.3919786415250079,0.0,0.3826524132592875,0.388340461632869,0.3834315651451445,0.3939691618371116,0.4225878290574821,0.0,0.0,0.0,0.4402185836974358,0.3927632513116918,0.4339836012444179,0.0,0.0,0.0,0.0,0.4151908020974226,0.4605479522067036,0.0,0.0,0.0,0.4441778143007684,0.0,0.4613566479911953,0.0,0.0,0.0,0.0,0.0,0.0,0.4363881875785886,0.4568945862914169,0.0,0.0,0.0,0.4500377818678886,0.3931061010021563,0.4590375831391065,0.4934025709686066,0.0,0.3817691055070471,0.4662543510106245,0.4836848465133199,0.4851776556588038,0.4556422327643666,0.0,0.4869339610859052
0.3780454730463054,0.3589097757574007,0.0,0.0,0.4045077441714378,0.3890292831029844,0.4274258707008483,0.3848782591069315,0.3766359958098141,0.3054978310216611,0.0,0.0,0.4235628902989151,0.0,0.3374212174002354,0.3506692801021027,0.361611262594391,0.3888775864312409,0.0,0.3473320083996997,0.3978601648343309,0.0,0.4058467715326574,0.0,0.3818782890639289,0.3538539168229223,0.4049087861169114,0.3747050209134158,0.372447598772439,0.3721913234743418,0.3569355911458875,0.392686809542478,0.3622291505763312,0.3808120715857477,0.4009085425033037,0.4584481236954708,0.4128391660463804,0.0,0.4175875783783779,0.4215086811820297,0.4345290641961378,0.4582646573203479,0.0,0.0,0.0,0.4353017687935515,0.4407587769591837,0.0,0.0,0.0,0.4025185566134957,0.0,0.0,0.0,0.0,0.0,0.0,0.0,0.0,0.4638669797832165,0.4293801407119098,0.0,0.3548846536125086,0.0,0.4427440704177012,0.4538839229924775,0.4473947147472565,0.4605349011258248,0.0,0.4164161633463001,0.4676301034464897,0.4580424212397043,0.3342757164897975,0.4380324559481816,0.0,0.4275681136857494
0.4070889137384778,0.3978693799545369,0.321692806649613,0.3648050442716544,0.385128654626693,0.3748741671984053,0.4177917646320766,0.3652002123425076,0.3856579218993216,0.3687673281047588,0.2586585295537407,0.3385444404070256,0.416125479984804,0.3590291711557319,0.3522292704657922,0.4022854828355704,0.0,0.4022521433761433,0.2971826092393321,0.3298373072679065,0.3589097178846556,0.4058467715326574,0.0,0.4267789580192844,0.3762472655154232,0.4120578906024222,0.3194423768623792,0.4089225134664101,0.3923823748926079,0.4146506229036348,0.4060584682288704,0.3769477153668161,0.3696331926340817,0.4168516973950397,0.4342070671489463,0.3957811249865688,0.4120216849523982,0.0,0.4763732946410627,0.4372871923804843,0.5006576500875378,0.4985567934246472,0.4633992066771308,0.3863114038297063,0.0,0.0,0.43805443420479,0.5395234105372555,0.0,0.5084125236768118,0.5086578590079391,0.5240923104773053,0.48908863152202,0.5273133269774243,0.0,0.4815364775635165,0.0,0.5028470259530715,0.4880839660092638,0.4662803824727856,0.0,0.0,0.0,0.5111484806630614,0.4726428874135689,0.477286699559125,0.4568416245569283,0.5164056755685418,0.0,0.2702770291060812,0.4955073587012428,0.5086621433924257,0.5016494255909811,0.4858876673554866,0.4922940719671218,0.5154350914044596
0.3194607580079093,0.0,0.0,0.0,0.0,0.0,0.3760640019818281,0.4557869118057901,0.0,0.2946944375366748,0.0,0.2655130286603208,0.3725171033011211,0.0,0.408853796034774,0.3535215415510527,0.3568377875880406,0.3613810009995575,0.0,0.0,0.4425323135849452,0.0,0.4267789580192844,0.0,0.3286801730306117,0.3233761202546075,0.4791127812839993,0.3481271126230808,0.0,0.0,0.3235819188919072,0.3315489667347707,0.2343803178674297,0.2505460149510107,0.2795247768508631,0.3528486122973637,0.0,0.2099570617587324,0.4316886938353399,0.3650940823802405,0.3434743760921044,0.0,0.0,0.0,0.0,0.374312789975025,0.0,0.0,0.0,0.0,0.0,0.0,0.0,0.0,0.421072638387113,0.0,0.4378509755368734,0.0,0.0,0.0,0.409782064144475,0.4492122686769977,0.4143432604465772,0.0,0.0,0.0,0.0,0.0,0.4052383229774681,0.4193280323264184,0.4208210941194727,0.0,0.0,0.0,0.0,0.405827111795336
0.348553131389027,0.3305546434312896,0.0,0.0,0.3361892708755424,0.3542289973528755,0.4073834625799432,0.438832413921376,0.2545997693813579,0.3107493918749191,0.0,0.3388353053283829,0.3991490598756835,0.0,0.3736267093161341,0.3635414484656498,0.298369868438495,0.334935295411822,0.0,0.3920739742224283,0.4012201405806112,0.3818782890639289,0.3762472655154232,0.3286801730306117,0.0,0.3243931963827128,0.3684354898606162,0.3819708271124086,0.37959026540457,0.0,0.350716234498114,0.3607511450084792,0.320112339564683,0.3265465246679684,0.3428501082814227,0.0,0.0,0.313322349307894,0.4010856786800281,0.3743224377000113,0.3932183180163668,0.3932329512804632,0.0,0.0,0.0,0.4097906622601068,0.4235150840344538,0.0,0.0,0.0,0.0,0.0,0.0,0.0,0.4312482567228333,0.0,0.4371817729667583,0.2763600123175436,0.0,0.3924956647799817,0.4175727523486471,0.4302535132666174,0.4112910689975502,0.0,0.3856439046612462,0.3954718396413491,0.4103862291244599,0.31673629162305,0.4405541166994344,0.4145848160513272,0.4250127628056619,0.0,0.0,0.3849557354840932,0.0,0.3982969672793731
0.3433061746337564,0.3441559440222363,0.0,0.0,0.3329757907624833,0.374533575415913,0.4266142236601165,0.4422702320675688,0.3057630804108975,0.3446148500478894,0.2610776404769905,0.3089470407389802,0.3986754434753869,0.0,0.358081571141945,0.3886485995352366,0.3612491731954628,0.3606144593927278,0.0,0.3951866525992303,0.3936896666338998,0.3538539168229223,0.4120578906024222,0.3233761202546075,0.3243931963827128,0.0,0.4114092117133893,0.3795512386988284,0.3915372442782898,0.0,0.3524632453260573,0.3836667792675174,0.3436555672094405,0.3524090674830002,0.399046624553139,0.3969745862778281,0.0,0.2974710432541451,0.4243934603268055,0.4044712287884369,0.424903556854076,0.4402496748101408,0.0,0.0,0.0,0.4268305231530629,0.455855945801971,0.0,0.0,0.0,0.4195420109498429,0.0,0.0,0.0,0.4487339583844951,0.0,0.4544261702115264,0.3100438545637553,0.0,0.4793404987751021,0.4346655575119175,0.4434183095629595,0.4237989901976915,0.0,0.4432968711806306,0.4686839240882892,0.4633868556854082,0.4734251984696523,0.4326120181269892,0.4270937841414157,0.449276304956938,0.4456947704167495,0.3522542564422434,0.4515249861191985,0.0,0.415971751332942
0.4197988883567678,0.3913136332034279,0.3003023403380251,0.3736081821107743,0.3913377946444828,0.3502533935083326,0.4103875687950056,0.4217075720963898,0.3550694072254819,0.3509742818302646,0.3489506511080087,0.0,0.4149866405666447,0.4065546106618517,0.3812858439527439,0.4181254049798742,0.0,0.4283407124316474,0.3323238134420317,0.37440286396889,0.3946605879955306,0.4049087861169114,0.3194423768623792,0.4791127812839993,0.3684354898606162,0.4114092117133893,0.0,0.4042640703071731,0.3968524049366462,0.390825083535758,0.3945261158535328,0.3763749579799885,0.3634814006500277,0.4090877559964007,0.4133807380893119,0.4283627204606784,0.4093716832836744,0.0,0.4817195149753423,0.4022953195010146,0.5105365978856236,0.4993526577911857,0.4752580910529719,0.3107361694163441,0.0,0.0,0.3813705778243743,0.5365809564452567,0.0,0.4964284484863414,0.5002250547506014,0.5490977314966635,0.4874864744914781,0.5259086516492378,0.0,0.4983320854365481,0.0,0.5435933287855913,0.4667037998220852,0.4644884432036745,0.0,0.0,0.0,0.537545962604488,0.4840287179785022,0.4657129567001065,0.4601361986077528,0.5202849105819531,0.0,0.0,0.4637213033336874,0.5067170315169961,0.529575884995846,0.5304441485023835,0.4742100693502011,0.513422952461476
0.4252338000312972,0.3905114409393101,0.4352722024835349,0.273523344893379,0.393043111307189,0.3714686414220969,0.3962536377559894,0.4204635996687491,0.4204643732745726,0.366978890041163,0.4262462153208083,0.3623407947481189,0.3494308100640723,0.30862737717354,0.3622833075649326,0.3866716192320432,0.3591742449737698,0.384255145908803,0.4159876128338729,0.3448183628465648,0.4351370404062677,0.3747050209134158,0.4089225134664101,0.3481271126230808,0.3819708271124086,0.3795512386988284,0.4042640703071731,0.0,0.3254327153958913,0.3276764203500618,0.3656902470743928,0.3736998164201818,0.3365560236433054,0.3550754963969696,0.3142043573842467,0.2845320813507508,0.2813574081125986,0.320652539235061,0.4844361970642579,0.0,0.5382233617338871,0.4586112449056925,0.3952065866987819,0.0,0.0,0.0,0.0,0.3970135758065629,0.0,0.0,0.5243588171187745,0.0,0.5093902779977133,0.3380543053197978,0.0,0.0,0.0,0.5274961975588087,0.0,0.4356924048995156,0.0,0.0,0.0,0.0,0.4646136075292589,0.4472426966873227,0.3658303946645495,0.5051597555858653,0.0,0.0,0.3506783069091672,0.496604660244698,0.5968110803691639,0.5333155495013225,0.0,0.5012833186228077
0.4127941756791528,0.3832851436428476,0.0,0.0,0.4100611847007971,0.3408647694932429,0.4315019521517287,0.3949608378341829,0.3674203368107798,0.0,0.0,0.0,0.4043517985533013,0.0,0.3624661925582119,0.3987944970918988,0.2888947504404658,0.3912108351819554,0.0,0.3280361757342788,0.3919786415250079,0.372447598772439,0.3923823748926079,0.0,0.37959026540457,0.3915372442782898,0.3968524049366462,0.3254327153958913,0.0,0.366750188187846,0.3588414308815458,0.3556745552219517,0.3192897911477041,0.3802153548431179,0.3900962459429552,0.4236043606339417,0.0,0.0,0.4637145922990596,0.3977961548367053,0.5577174575836079,0.4665724380950427,0.3328182843705639,0.0,0.0,0.0,0.4154571383280737,0.3968586448169292,0.0,0.0,0.5573351584496502,0.3880260681762768,0.4782801728608772,0.3357695677179431,0.0,0.0,0.0,0.5684776016475122,0.0,0.4558799070171714,0.0,0.0,0.0,0.0,0.4937703213395569,0.4596515173053496,0.4676545013916932,0.491952105943144,0.0,0.0,0.4343595993609326,0.4831526474423263,0.5565802151373181,0.4768069704287423,0.4530452545653726,0.508334149695719
0.0,0.0,0.0,0.0,0.0,0.4106294288641875,0.0,0.4063889719881093,0.3926199774447476,0.0,0.0,0.0,0.4288197311111713,0.0,0.0,0.3806632850690347,0.0,0.3573441053209876,0.0,0.3681297327290942,0.0,0.3721913234743418,0.4146506229036348,0.0,0.0,0.0,0.390825083535758,0.3276764203500618,0.366750188187846,0.0,0.360634770026521,0.3778052326251397,0.0,0.3748935639258708,0.3218748240914629,0.0,0.0,0.0,0.0,0.0,0.0,0.0,0.0,0.0,0.0,0.0,0.0,0.0,0.0,0.0,0.0,0.0,0.0,0.0,0.0,0.0,0.0,0.0,0.0,0.0,0.0,0.0,0.0,0.0,0.4500655555205909,0.0,0.0,0.5143407771805529,0.0,0.0,0.0,0.5046184078948398,0.0,0.4537440708156666,0.0,0.0
0.3568316673482591,0.3288884044983517,0.4310503293023768,0.2984377901365154,0.4283236640986423,0.400915662253332,0.4072440807828411,0.4254898979344346,0.4367374472053365,0.3154085546301095,0.4402967817163725,0.3230396467502346,0.3880282575204254,0.4303225608503168,0.3797760739538928,0.3404093276483116,0.332481265712947,0.3600821700532449,0.4268897428065581,0.3657257177891896,0.3826524132592875,0.3569355911458875,0.4060584682288704,0.3235819188919072,0.350716234498114,0.3524632453260573,0.3945261158535328,0.3656902470743928,0.3588414308815458,0.360634770026521,0.0,0.3679539413713814,0.3130248204447199,0.2443292361647131,0.2178544042957199,0.3697697923997856,0.3206976329056539,0.2580107044539346,0.4381630288453716,0.3484028584573687,0.4775000028350222,0.0,0.3696637947089272,0.0,0.0,0.0,0.4074924724542249,0.0,0.0,0.0,0.5153034119804958,0.0,0.4928627834627869,0.0,0.4433203819276685,0.0,0.431734650629478,0.0,0.0,0.4455507895174818,0.3892342470707085,0.0,0.4101972740446696,0.0,0.4547204773211799,0.4492587525832194,0.4291655873092193,0.4961768488411261,0.0,0.4050134871871048,0.4209499437866513,0.4915562520340625,0.5023057191748508,0.4888259463814379,0.0,0.47493132636803
0.3840249019912746,0.3748700903287131,0.3861351743197502,0.2674409544272365,0.3521268641765729,0.3716369482673847,0.3760037795222574,0.3633468584876444,0.3937832877161311,0.3323034512587335,0.3652957594953653,0.283772371907153,0.3776289225369605,0.2625097903647371,0.389087063900945,0.3865897418173604,0.3660862589407558,0.3744471654353783,0.3706470881888232,0.3866677092491236,0.388340461632869,0.392686809542478,0.3769477153668161,0.3315489667347707,0.3607511450084792,0.3836667792675174,0.3763749579799885,0.3736998164201818,0.3556745552219517,0.3778052326251397,0.3679539413713814,0.0,0.3173852530798948,0.3323715393251684,0.3359522103963839,0.2670068940511902,0.2974099332485381,0.2426211759942506,0.2640079579673145,0.2504254940549185,0.261915196702498,0.2899173936990616,0.2685225128028214,0.2440457398024116,0.2396828192765691,0.4064710760666769,0.4317798316828137,0.4711628742159511,0.0,0.3734398215406542,0.4656602979777755,0.4901569310768963,0.4487791749025118,0.4044501431258496,0.2660611338211683,0.3655367303493121,0.221640332585141,0.4856558673889155,0.0,0.4498056574335727,0.4187082740523264,0.2978915089309686,0.3146956472713604,0.3616019839130536,0.4444922509407176,0.4365000889994915,0.4282005347903937,0.4781167160904153,0.2693258284056936,0.3903660186965826,0.4332543511617561,0.4703380337585887,0.50108474296904,0.4552788885495809,0.0,0.4698463119359192
0.3406318124263763,0.3386351050773489,0.2750467103276437,0.0,0.3051072824781857,0.3404121734656491,0.3840877130331938,0.3649687965954875,0.3434956764140408,0.2926784091135939,0.3178325881658911,0.2886164028965952,0.379566308161114,0.0,0.3801667128470098,0.3435809430196971,0.3438456841168048,0.3437631098012056,0.0,0.3665223338032902,0.3834315651451445,0.3622291505763312,0.3696331926340817,0.2343803178674297,0.320112339564683,0.3436555672094405,0.3634814006500277,0.3365560236433054,0.3192897911477041,0.0,0.3130248204447199,0.3173852530798948,0.0,0.2214818004094234,0.3162418579267499,0.3692665225647887,0.3270745731237668,0.1776720737828751,0.2675198482432352,0.2904201969851558,0.265437348404982,0.2666304832275892,0.0,0.0,0.1967504342780657,0.3849623706586048,0.4070417757751182,0.0,0.0,0.0,0.0,0.0,0.0,0.0,0.3414992255366333,0.0,0.3504103074040831,0.0,0.0,0.4618675958079938,0.3778420234788658,0.3748983418835455,0.3434374412501825,0.0,0.4194690286467302,0.428781556282113,0.4214965922395327,0.4637907971538875,0.3335427901213638,0.3712014140929959,0.4030303359979104,0.4686226382206933,0.3491473240264728,0.0,0.0,0.3479993989903191
0.3448111347849871,0.3306524171379147,0.4414614571842907,0.261723543290333,0.4093540376924464,0.4078316350359097,0.380200763998797,0.4298871469597913,0.4328375992472754,0.2828867046218147,0.4334941014386151,0.2466649536221347,0.3668592339764002,0.3777666574303835,0.4036073431704226,0.3513110388277355,0.3308214758945094,0.3462894212775181,0.418609198547823,0.3912290043685971,0.3939691618371116,0.3808120715857477,0.4168516973950397,0.2505460149510107,0.3265465246679684,0.3524090674830002,0.4090877559964007,0.3550754963969696,0.3802153548431179,0.3748935639258708,0.2443292361647131,0.3323715393251684,0.2214818004094234,0.0,0.255102396559092,0.3490404812002355,0.2502433303593914,0.1848508041356583,0.2875625703896809,0.2487098933159051,0.2694776097864527,0.301947278730807,0.2992460234750455,0.2491765793866784,0.2155422886484173,0.0,0.4183515807470235,0.3612714571287938,0.0,0.0,0.5299365225269042,0.3614689552061156,0.487299004013589,0.3393085618843218,0.2471889529227802,0.0,0.2601565338165867,0.4727556698274311,0.0,0.4607020928135611,0.3944609419220278,0.0,0.3983490062510468,0.0,0.4509611628597163,0.4798035511278446,0.443163342230105,0.500637674501933,0.0,0.3965434475375666,0.4363117532289705,0.4933306366019473,0.57256070060461,0.4920121234871284,0.0,0.5096453277503113
0.3461479063431332,0.3881434244625354,0.4242541421000106,0.2813506142382487,0.4105888385511811,0.4071682232073718,0.3682035921236484,0.4361849634108674,0.4416937236941244,0.2655479537753751,0.414482121714993,0.2403078453760401,0.3473289856557724,0.0,0.4212363718866618,0.3786513387977475,0.32102933148104,0.3324924007269681,0.4206789267712899,0.4018559107488105,0.4225878290574821,0.4009085425033037,0.4342070671489463,0.2795247768508631,0.3428501082814227,0.399046624553139,0.4133807380893119,0.3142043573842467,0.3900962459429552,0.3218748240914629,0.2178544042957199,0.3359522103963839,0.3162418579267499,0.255102396559092,0.0,0.3822802869771761,0.2724343905454348,0.2172327834978132,0.3052992848777092,0.2367917600266193,0.258508903274733,0.3207039057686195,0.2738682419927995,0.2587764463859218,0.2075466568842803,0.0,0.4424476794386502,0.0,0.0,0.0,0.4590001926829683,0.0,0.0,0.0,0.0,0.0,0.2681699532326416,0.4026617735090795,0.0,0.463962981115773,0.0,0.0,0.0,0.0,0.4625508732844055,0.0,0.4541771283081366,0.5244948442274704,0.0,0.3958354618654546,0.4583258224962795,0.5131458220190045,0.4810915971047217,0.465102892859012,0.0,0.0
0.0,0.0,0.3980329064650634,0.1934913255666812,0.2633767110899688,0.4221506969946921,0.2951566357581778,0.2585712259646027,0.4077335603152009,0.298315222711645,0.310465480158211,0.3576861185170227,0.328953836660778,0.2332933009191575,0.0,0.0,0.0,0.0,0.3772073742653494,0.4460728537204269,0.0,0.4584481236954708,0.3957811249865688,0.3528486122973637,0.0,0.3969745862778281,0.4283627204606784,0.2845320813507508,0.4236043606339417,0.0,0.3697697923997856,0.2670068940511902,0.3692665225647887,0.3490404812002355,0.3822802869771761,0.0,0.2065360542140249,0.2815690107136053,0.2949645863480243,0.0,0.4074608800532243,0.0,0.3453204702590904,0.2683255299903932,0.0,0.0,0.0,0.4659963884919286,0.0,0.4064281523699727,0.0,0.38699126466466,0.418651146683566,0.446589445691356,0.0,0.3902361989325983,0.2330435491454574,0.0,0.0,0.0,0.0,0.0,0.0,0.4107672327888105,0.0,0.0,0.0,0.4518825409232148,0.0,0.0,0.0,0.4219343358706746,0.3612936027865648,0.272097404588337,0.0,0.0
0.0,0.0,0.37428213880692,0.179501741475881,0.2841916357999097,0.4031286093751647,0.2862788421276035,0.3220655265740483,0.4114552282924395,0.2365946338115448,0.4002242783883847,0.0,0.3178098985104732,0.2050547401268447,0.0,0.0,0.0,0.0,0.3785494789449709,0.0,0.0,0.4128391660463804,0.4120216849523982,0.0,0.0,0.0,0.4093716832836744,0.2813574081125986,0.0,0.0,0.3206976329056539,0.2974099332485381,0.3270745731237668,0.2502433303593914,0.2724343905454348,0.2065360542140249,0.0,0.2441799725030619,0.2509358872054767,0.0,0.2444959570917677,0.0,0.2541119815354372,0.0,0.0,0.0,0.0,0.0,0.0,0.0,0.0,0.0,0.0,0.0,0.0,0.0,0.0,0.0,0.0,0.0,0.0,0.0,0.0,0.0,0.0,0.0,0.0,0.3937348597350946,0.0,0.0,0.0,0.0,0.0,0.0,0.0,0.0
0.3007617751670317,0.0,0.0,0.0,0.0,0.0,0.0,0.0,0.3875173942691736,0.2622319908232203,0.3803401681219917,0.2078357002411929,0.3476219086967635,0.0,0.0,0.0,0.3156557536690573,0.0,0.0,0.0,0.0,0.0,0.0,0.2099570617587324,0.313322349307894,0.2974710432541451,0.0,0.320652539235061,0.0,0.0,0.2580107044539346,0.2426211759942506,0.1776720737828751,0.1848508041356583,0.2172327834978132,0.2815690107136053,0.2441799725030619,0.0,0.2330065835887081,0.1792030533575099,0.206109082684744,0.2121654116303058,0.0,0.0,0.1933362967358931,0.0,0.0,0.0,0.0,0.0,0.0,0.0,0.0,0.0,0.2077610349687499,0.0,0.0,0.0,0.0,0.0,0.0,0.0,0.0,0.0,0.0,0.0,0.0,0.0,0.0,0.0,0.0,0.0,0.0,0.0,0.0,0.0
0.4177683902138819,0.4264105258165336,0.4674070560936205,0.0,0.3440747000559198,0.4769947313067143,0.4066469039258767,0.4540901448027164,0.4756048132285956,0.2563272114653139,0.3798040050380181,0.2509205301939612,0.4376263284841203,0.0,0.434339793559435,0.4126802709694098,0.0,0.381182034030838,0.4102244315568327,0.398681712080269,0.4402185836974358,0.4175875783783779,0.4763732946410627,0.4316886938353399,0.4010856786800281,0.4243934603268055,0.4817195149753423,0.4844361970642579,0.4637145922990596,0.0,0.4381630288453716,0.2640079579673145,0.2675198482432352,0.2875625703896809,0.3052992848777092,0.2949645863480243,0.2509358872054767,0.2330065835887081,0.0,0.3171005940582302,0.3419983318639508,0.3272470265239655,0.270937492345159,0.2978823295499413,0.2520915965106861,0.3716399082269837,0.37874409700488,0.4012950990989503,0.2583332104708965,0.3403859247378692,0.3856059377340174,0.3834534007587837,0.377650425454992,0.4003787897374783,0.3041451529148591,0.3529803919884764,0.2474014650253944,0.3775824588165811,0.2766300552697453,0.3863323881489068,0.3873294481056722,0.3596426789519342,0.3651771499624999,0.3822829951955475,0.3913293138360799,0.3864817372503151,0.392079754626254,0.3841095958931377,0.3092605139497004,0.3573716917898845,0.3741000928388741,0.376113228898628,0.3651483572926063,0.374706222285619,0.3576915892852927,0.3692158498981962
0.4119569621354459,0.4039710882839296,0.0,0.0,0.0,0.0,0.0,0.0,0.0,0.3574823720122609,0.0,0.3832647895600791,0.3430769816443169,0.0,0.437068396415282,0.3777943240155401,0.3734179356684124,0.3636903312365599,0.0,0.4549546461614966,0.3927632513116918,0.4215086811820297,0.4372871923804843,0.3650940823802405,0.3743224377000113,0.4044712287884369,0.4022953195010146,0.0,0.3977961548367053,0.0,0.3484028584573687,0.2504254940549185,0.2904201969851558,0.2487098933159051,0.2367917600266193,0.0,0.0,0.1792030533575099,0.3171005940582302,0.0,0.2256434453179062,0.2936937179476635,0.3937612552790513,0.250189293633712,0.180846431037972,0.303774008378721,0.3469887197137606,0.2866321521787475,0.0,0.0,0.3606267407753112,0.3760645352880134,0.3584888155316405,0.3860567093689744,0.2829446994655107,0.3659061257100018,0.2722672457718278,0.3918420988369343,0.0,0.3719414554107062,0.3343466107634092,0.3223895943801994,0.3085994883789777,0.3075315334535975,0.3592165886614457,0.3685404465635016,0.3515556871226093,0.3750166729023577,0.2498069325637225,0.3051558029312049,0.3301412715566394,0.3549147079136646,0.3413331080027998,0.3508306670203822,0.3150059039411013,0.2969658295071314
