0.0,0.290676357589858,0.0,0.0,0.0,0.2420691111984763,0.0,0.3387747125958569,0.0,0.2653319332440738,0.0,0.2586793631822173,0.0,0.0,0.2757056365316812,0.2891746157752187,0.2758358569516753,0.2821699375938646,0.0,0.3030149411648198,0.2823682046583194,0.2869244776931342,0.3073862895914075,0.2397690253246691,0.2642664602028646,0.2587552976949246,0.3136241630678612,0.3195291026148008,0.3135766719159369,0.0,0.2696562413715566,0.2906922854491457,0.259738828727048,0.2618836041819533,0.2550740561328347,0.0,0.0,0.0,0.3169720853059036,0.3154993959981734,0.3072374520836217,0.0,0.0,0.0,0.0,0.2804378093406131,0.3401163177259005,0.0,0.0,0.0,0.0,0.0,0.0,0.0,0.323033307052496,0.0,0.0,0.0,0.0,0.0,0.3317257797474695,0.0,0.316471739739405,0.0,0.0,0.2339581518711431,0.3303704171321094,0.0,0.0,0.3199438112750114,0.3236954735761046,0.0,0.0,0.0,0.0,0.0
0.290676357589858,0.0,0.0,0.0,0.2747593582721253,0.2795645384115752,0.3014456017900921,0.3237251111798541,0.2717335786490233,0.0,0.0,0.0,0.3012194646762611,0.0,0.2921243853060856,0.278812539125583,0.0,0.2868634124564957,0.0,0.3004089348417219,0.2981426478865047,0.2701719471430769,0.302099402473974,0.0,0.2488906266115228,0.2595937096669028,0.2955678282413143,0.2951718371971368,0.2896176688178214,0.0,0.2472395731221589,0.2828591775133579,0.2551922341673447,0.2494246387079928,0.2930705736642062,0.0,0.0,0.0,0.3236978771375627,0.3072240801021074,0.3111783015015111,0.3260292488936794,0.0,0.0,0.0,0.327663123643391,0.3315172478208489,0.0,0.0,0.0,0.0,0.0,0.0,0.0,0.0,0.0,0.0,0.0,0.0,0.3400728177915061,0.31978968766021,0.0,0.3176440359761299,0.0,0.3237901575405002,0.3300916402778622,0.3253448802186728,0.3455540957567037,0.0,0.3311319693599358,0.3428636682532974,0.3208801039738623,0.0,0.3232445294185242,0.0,0.3039932825540491
0.0,0.0,0.0,0.0,0.2828553410789978,0.2818452137760457,0.3195323484527422,0.3413118076620053,0.2246049472973453,0.2908036014488398,0.237199306621647,0.0,0.3245667776895024,0.3055067504280335,0.0,0.0,0.0,0.0,0.2048544048130763,0.0,0.0,0.0,0.2422277171026927,0.0,0.0,0.0,0.2264342247565017,0.33028345113038,0.0,0.0,0.3287628398603629,0.2949726621620823,0.0,0.3379934419949402,0.3257254651467035,0.3030261127439788,0.2885366608369898,0.0,0.3635745873765432,0.0,0.0,0.0,0.3701067710119923,0.0,0.0,0.0,0.0,0.2741929013247129,0.0,0.3884544491404135,0.4002105805704625,0.0,0.4237385418440244,0.3455137809341073,0.0,0.355375005595051,0.0,0.0,0.3686997010639408,0.0,0.0,0.0,0.0,0.2047086726443053,0.0,0.0,0.0,0.4127150351475023,0.0,0.0,0.0,0.424078385423863,0.0,0.0,0.0,0.0
0.0,0.0,0.0,0.0,0.2308457443619132,0.2956191290530449,0.2280155330951969,0.2421501352362906,0.2945921213454688,0.171067664074097,0.2695663015852039,0.0,0.2266004499388559,0.1961198928851285,0.0,0.0,0.0,0.0,0.2767662684905466,0.0,0.0,0.0,0.277295696452928,0.0,0.0,0.0,0.2864955132255373,0.2075091051602593,0.0,0.0,0.0,0.2035062098199648,0.0,0.200505021811141,0.2175136455308378,0.1518853323015634,0.1361829624107206,0.0,0.0,0.0,0.0,0.0,0.0,0.0,0.0,0.0,0.0,0.0,0.0,0.0,0.0,0.0,0.0,0.0,0.0,0.0,0.0,0.0,0.0,0.0,0.0,0.0,0.0,0.0,0.0,0.0,0.0,0.0,0.0,0.0,0.0,0.0,0.0,0.0,0.0,0.0
0.0,0.2747593582721253,0.2828553410789978,0.2308457443619132,0.0,0.28912584966224,0.2534933739516646,0.3138747087699752,0.2569978550886223,0.3274901711385404,0.2545994414124666,0.286662644510024,0.2629002061513285,0.2375072102729276,0.0,0.0,0.0,0.0,0.2742901299986411,0.3093375944099059,0.0,0.3068080447155918,0.29124912970985,0.0,0.2676180479957943,0.0,0.294428645913457,0.2984314665806269,0.3106052720734754,0.0,0.3257351827453734,0.2666509226278261,0.2400372276183695,0.3121139299354626,0.3129197403017664,0.2004376819176241,0.2136314803683718,0.0,0.0,0.0,0.0,0.0,0.3271564023667129,0.0,0.0,0.0,0.0,0.3901399292627772,0.0,0.0,0.0,0.0,0.3715764387595207,0.3702595802417911,0.0,0.29193761615013,0.0,0.0,0.0,0.0,0.0,0.0,0.0,0.0,0.0,0.0,0.0,0.3984321891344062,0.0,0.0,0.0,0.3901369450246492,0.0,0.0,0.0,0.0
0.2420691111984763,0.2795645384115752,0.2818452137760457,0.2956191290530449,0.28912584966224,0.0,0.2979976486741866,0.3118076670622674,0.238848706865232,0.2930028437972442,0.2973799147411823,0.0,0.2788020042521907,0.3008282295154084,0.2874104436642442,0.3069357570607964,0.0,0.2963012381136344,0.2891073738984729,0.2918754904687096,0.3110706609155022,0.2941679338755035,0.2820963001817303,0.0,0.2671652852904818,0.2836729663522376,0.2638595496832855,0.2807199388244419,0.2579074851886111,0.3099069086323447,0.3046482305468791,0.2824993489461481,0.2586342976228701,0.3098857768771129,0.3087607793649181,0.3191531772557501,0.3067598492094571,0.0,0.362088823255539,0.0,0.3847388938631579,0.3502259718384333,0.3502386736331415,0.0,0.0,0.0,0.0,0.4033706024919172,0.0,0.0,0.3823364147722178,0.3955599047373788,0.3613096342241811,0.394664291805208,0.0,0.3514176499489567,0.0,0.3929769419264324,0.0,0.3216183491744902,0.0,0.0,0.0,0.3925878899209425,0.3464156209704146,0.3054758885631998,0.300731592068071,0.3889227377680371,0.0,0.0,0.0,0.3830355532794035,0.3997531118131117,0.3641373814305206,0.0,0.3818134670981954
0.0,0.3014456017900921,0.3195323484527422,0.2280155330951969,0.2534933739516646,0.2979976486741866,0.0,0.3364537114754268,0.297283596598298,0.3095516573011089,0.3251929698018058,0.2865644001675871,0.2552844472971352,0.2614586606076375,0.0,0.3281361025673933,0.0,0.3038147146364039,0.3227919604367507,0.3142542263695758,0.0,0.323459718168116,0.3164558854006906,0.2948899083377538,0.3063282144186483,0.3133428935592767,0.3101882151055675,0.3026190787062512,0.32519366202706,0.0,0.3090171835711537,0.2841441211760883,0.2922938715513797,0.2881595045482131,0.2773208091263498,0.2224016274094036,0.2139130089020905,0.0,0.0,0.0,0.0,0.0,0.0,0.0,0.0,0.0,0.0,0.0,0.0,0.0,0.3885523565694965,0.0,0.0,0.0,0.0,0.0,0.0,0.0,0.0,0.0,0.0,0.0,0.0,0.0,0.0,0.0,0.0,0.3947394681328598,0.0,0.0,0.0,0.4028733719064625,0.0,0.0,0.0,0.0
0.3387747125958569,0.3237251111798541,0.3413118076620053,0.2421501352362906,0.3138747087699752,0.3118076670622674,0.3364537114754268,0.0,0.3401758613737043,0.301998348658598,0.2335231544378808,0.0,0.3349713550005891,0.24185702910306,0.3171837158998623,0.3019695322652287,0.0,0.3173176669793167,0.3019887661460004,0.3024568106230055,0.279457708098286,0.2963467688132402,0.2745153871161314,0.344553609063314,0.3323254273572321,0.3344625166318791,0.317617638499228,0.3168294734524976,0.2983542400353929,0.3038724303094832,0.3227034162920682,0.2764125267399149,0.2762832069747583,0.3264277112133783,0.3307768605728811,0.2002311312283041,0.2454244560181787,0.0,0.3449037105517168,0.0,0.3705138439279341,0.0,0.3298382986775152,0.0,0.0,0.0,0.0,0.3942898997289722,0.0,0.3731526709527423,0.3702986662280127,0.3796327124192659,0.3451866031398399,0.3846138210201676,0.0,0.3222411873354714,0.0,0.3813499788956775,0.0,0.3620010382010531,0.0,0.0,0.0,0.3654886299014143,0.3819669823865457,0.3796745996265858,0.0,0.383971019595601,0.0,0.0,0.0,0.3865689711791691,0.3778256952122799,0.37120416648425,0.0,0.3724793349317417
0.0,0.2717335786490233,0.2246049472973453,0.2945921213454688,0.2569978550886223,0.238848706865232,0.297283596598298,0.3401758613737043,0.0,0.3296168154297954,0.2262849622619218,0.2970338245922619,0.2964117815275866,0.2927837755844686,0.0,0.2807987617556163,0.0,0.0,0.1838557232025322,0.2948686188691432,0.0,0.2862001251737283,0.2901122423631659,0.0,0.0,0.0,0.2670274180155765,0.3201383094920781,0.2794850855104674,0.2977090013715417,0.33287785191913,0.3006857489318535,0.2718147518726894,0.3300701368524278,0.3367606224480781,0.3101194085634293,0.3153901150087463,0.2947253394179088,0.3621155964267442,0.0,0.0,0.0,0.3578174038499164,0.0,0.0,0.0,0.0,0.4077011348623856,0.0,0.0,0.3874701940938528,0.0,0.3808102530566163,0.402136562816759,0.0,0.3704771637394448,0.0,0.0,0.400866660069421,0.0,0.0,0.0,0.0,0.3864742743083634,0.0,0.0,0.0,0.4000343360705541,0.0,0.0,0.0,0.3909999646193655,0.0,0.0,0.0,0.0
0.2653319332440738,0.0,0.2908036014488398,0.171067664074097,0.3274901711385404,0.2930028437972442,0.3095516573011089,0.301998348658598,0.3296168154297954,0.0,0.3301030246628007,0.1984062730826604,0.2881244723987595,0.2973414012018982,0.0,0.253754417606829,0.2344436801407827,0.2483564217908968,0.3051013983113865,0.0,0.0,0.2478253252018332,0.2920332692864204,0.2224312515651319,0.233741895377695,0.2581605325515003,0.2832239421804333,0.2778669936263632,0.0,0.0,0.2373420077676188,0.2497822119965331,0.2226210570948833,0.2158651031891663,0.2024346261858642,0.2245976015581524,0.1795590151909654,0.19954322241632,0.1880133231211455,0.2784418339435296,0.2698748817274132,0.0,0.0,0.0,0.3041570745424121,0.0,0.0,0.0,0.0,0.0,0.0,0.0,0.0,0.0,0.327108660883029,0.0,0.331939332185478,0.0,0.0,0.0,0.0,0.3497346726260882,0.3273187320868077,0.0,0.0,0.0,0.0,0.0,0.3337032098855563,0.3368325174770751,0.3395762314770408,0.0,0.295810697552599,0.0,0.0,0.3074435446433244
0.0,0.0,0.237199306621647,0.2695663015852039,0.2545994414124666,0.2973799147411823,0.3251929698018058,0.2335231544378808,0.2262849622619218,0.3301030246628007,0.0,0.2995347804891011,0.3276955649105683,0.2281942105328303,0.0,0.0,0.0,0.0,0.1818788923799557,0.0,0.0,0.0,0.1987105864420207,0.0,0.0,0.0,0.2619578766715502,0.324466641580975,0.0,0.0,0.3355859931746264,0.2788378913852919,0.2488273656162422,0.3306706261174621,0.3156805544839424,0.240646134158186,0.3082148219200817,0.2924611593686381,0.3016063939402049,0.0,0.0,0.0,0.3105473985097696,0.0,0.0,0.0,0.0,0.3857758178093334,0.0,0.3201478469354662,0.3582137221011517,0.3303938977978238,0.3280765290269473,0.3772227070545397,0.0,0.2379690385531573,0.0,0.3008800679875685,0.0,0.0,0.0,0.0,0.0,0.2361568348124273,0.0,0.0,0.0,0.3882286631281952,0.0,0.0,0.0,0.379234162171267,0.0,0.0,0.0,0.0
0.2586793631822173,0.0,0.0,0.0,0.286662644510024,0.0,0.2865644001675871,0.0,0.2970338245922619,0.1984062730826604,0.2995347804891011,0.0,0.2902156644081096,0.0,0.0,0.0,0.2755049396554484,0.2650205920593254,0.0,0.0,0.0,0.0,0.0,0.1992942080309839,0.2544803479449848,0.2327659887613178,0.0,0.2738591198981693,0.0,0.0,0.2440213777467209,0.2158189511728689,0.2226280829114253,0.1858160434475846,0.1839276171694585,0.2667191026605436,0.0,0.1579241165656798,0.188643567976821,0.2983648372407252,0.2002330512012156,0.0,0.0,0.0,0.1626104263522263,0.0,0.0,0.0,0.0,0.0,0.0,0.0,0.0,0.0,0.3259702356153317,0.0,0.330087808239106,0.0,0.0,0.0,0.0,0.3566035888257542,0.3151705622829432,0.0,0.0,0.0,0.0,0.0,0.3195078019719023,0.333667814631445,0.3334989456229653,0.0,0.0,0.0,0.0,0.3067932093845441
0.0,0.3012194646762611,0.3245667776895024,0.2266004499388559,0.2629002061513285,0.2788020042521907,0.2552844472971352,0.3349713550005891,0.2964117815275866,0.2881244723987595,0.3276955649105683,0.2902156644081096,0.0,0.2797639308135873,0.3100608940030298,0.317982299106454,0.2905690055254992,0.3048232212838168,0.3196942608865047,0.3088897401604011,0.3317635194437193,0.3200971741545876,0.3152018959416316,0.2816895160982139,0.3012696872365776,0.3004397933365065,0.3140614988640326,0.2625587270903651,0.3024029137340512,0.323812621406434,0.2935691731145995,0.2864692905617314,0.2832419363127043,0.2783829279886073,0.2628796493329401,0.2502852662492723,0.2421445366602582,0.2632389089125755,0.3264995576499256,0.0,0.0,0.0,0.2961582149215119,0.0,0.0,0.0,0.0,0.3746892758883032,0.0,0.0,0.4427815195731994,0.0,0.3622623830705214,0.0,0.0,0.0,0.0,0.0,0.0,0.0,0.0,0.0,0.0,0.0,0.0,0.0,0.0,0.3858532570241588,0.0,0.0,0.0,0.3947464236608478,0.0,0.3579017294367702,0.0,0.0
0.0,0.0,0.3055067504280335,0.1961198928851285,0.2375072102729276,0.3008282295154084,0.2614586606076375,0.24185702910306,0.2927837755844686,0.2973414012018982,0.2281942105328303,0.0,0.2797639308135873,0.0,0.0,0.0,0.0,0.0,0.2766832378024349,0.0,0.3130123917935383,0.0,0.2718668654338574,0.0,0.0,0.0,0.3077266052129266,0.2372504559395235,0.0,0.0,0.3285256364690854,0.2038248334306424,0.0,0.2941633291332085,0.0,0.1856899126146798,0.1598388435999349,0.0,0.0,0.0,0.0,0.0,0.3338435746453682,0.0,0.0,0.0,0.0,0.3574937881485728,0.0,0.0,0.0,0.0,0.0,0.3578972086041768,0.0,0.3126583572859983,0.0,0.0,0.0,0.0,0.0,0.0,0.0,0.0,0.0,0.0,0.0,0.3492310902515406,0.0,0.0,0.0,0.0,0.0,0.0,0.0,0.0
0.2757056365316812,0.2921243853060856,0.0,0.0,0.0,0.2874104436642442,0.0,0.3171837158998623,0.0,0.0,0.0,0.0,0.3100608940030298,0.0,0.0,0.2962773168028841,0.0,0.2939460245185052,0.0,0.2246009465616834,0.2683580918056495,0.2526371560542865,0.2631396092911551,0.309214910073689,0.2834559190819282,0.2671060026915932,0.2856978947716576,0.2746201111304638,0.2742774137584574,0.0,0.287300850329131,0.2941993786867342,0.2904079353055876,0.3055155299752735,0.3188533427593589,0.0,0.0,0.0,0.3288905002158091,0.3316248656078361,0.3390297024959136,0.3487215855441798,0.0,0.0,0.0,0.0,0.3519979990074031,0.0,0.0,0.0,0.3253082373228118,0.0,0.3711943770407346,0.0,0.0,0.0,0.0,0.0,0.0,0.3371394057886774,0.3317033736232382,0.0,0.0,0.0,0.2803779579814508,0.3358223611232979,0.3489749414293497,0.3545596458232917,0.0,0.0,0.3862868799245729,0.3547053002010141,0.3475873080307678,0.352086830743793,0.0,0.3384550866936712
0.2891746157752187,0.278812539125583,0.0,0.0,0.0,0.3069357570607964,0.3281361025673933,0.3019695322652287,0.2807987617556163,0.253754417606829,0.0,0.0,0.317982299106454,0.0,0.2962773168028841,0.0,0.2699657386576088,0.2375420943728179,0.0,0.2924237302735393,0.2938913523689452,0.2636147259108473,0.3054206369776484,0.2697475975838144,0.273474230179476,0.2935096416718722,0.3161798165009358,0.2911511300463625,0.3006667495938319,0.2877067350144061,0.2558118662036924,0.2917687670463427,0.2586737582709502,0.2651710813860291,0.2857912861418564,0.0,0.0,0.0,0.3130444552527789,0.2875815177884616,0.298094607536958,0.0,0.0,0.0,0.0,0.325086882307116,0.3281337966434626,0.0,0.0,0.0,0.0,0.0,0.0,0.0,0.0,0.0,0.0,0.0,0.0,0.3313555194741341,0.3117250618414844,0.0,0.2967128646814996,0.0,0.3191488542979328,0.3121529179843271,0.3194357585196283,0.0,0.0,0.3115249177818107,0.3300887683041263,0.0,0.0,0.0,0.0,0.2905707559914671
0.2758358569516753,0.0,0.0,0.0,0.0,0.0,0.0,0.0,0.0,0.2344436801407827,0.0,0.2755049396554484,0.2905690055254992,0.0,0.0,0.2699657386576088,0.0,0.2241740062998953,0.0,0.2593043706387223,0.0,0.2751495788401891,0.0,0.2708060767103666,0.2250550488396391,0.2734016485533011,0.0,0.2720084524590394,0.0,0.0,0.2495328909370879,0.2769927087901324,0.2602649577365955,0.25012149778366,0.2425850320599758,0.0,0.0,0.239743148255065,0.0,0.2860349369791942,0.0,0.0,0.0,0.0,0.0,0.0,0.0,0.0,0.0,0.0,0.0,0.0,0.0,0.0,0.3352835097599407,0.0,0.3607039762464911,0.0,0.0,0.0,0.0,0.3454731278083005,0.3201179069443743,0.0,0.0,0.0,0.0,0.0,0.3476304821579701,0.3155132529681875,0.3316187622046818,0.0,0.0,0.0,0.0,0.0
0.2821699375938646,0.2868634124564957,0.0,0.0,0.0,0.2963012381136344,0.3038147146364039,0.3173176669793167,0.0,0.2483564217908968,0.0,0.2650205920593254,0.3048232212838168,0.0,0.2939460245185052,0.2375420943728179,0.2241740062998953,0.0,0.0,0.2958043641961399,0.3094071430323744,0.2926306317064687,0.3062460051676583,0.2748125803141567,0.2514137851506859,0.2724435064981312,0.3246046481727506,0.2898673895446031,0.2954043736113089,0.0,0.2707819420538994,0.2832486571427871,0.2603495157806312,0.2618378445194254,0.2516352902846309,0.0,0.0,0.0,0.2900023708861607,0.2784961445216748,0.2902227101792565,0.297027536854493,0.0,0.0,0.0,0.3153385963016565,0.3229920790712316,0.0,0.0,0.0,0.0,0.0,0.0,0.0,0.3211002012613132,0.0,0.3288551186524839,0.0,0.0,0.0,0.3093293844135003,0.316712553131196,0.3089405301391258,0.0,0.0,0.0,0.3042752891775167,0.0,0.3454902376077191,0.3140598382472062,0.3231931596405017,0.0,0.0,0.0,0.0,0.2977084781138092
0.0,0.0,0.2048544048130763,0.2767662684905466,0.2742901299986411,0.2891073738984729,0.3227919604367507,0.3019887661460004,0.1838557232025322,0.3051013983113865,0.1818788923799557,0.0,0.3196942608865047,0.2766832378024349,0.0,0.0,0.0,0.0,0.0,0.0,0.0,0.0,0.2252254946660683,0.0,0.0,0.0,0.2496112688769234,0.3169046197853791,0.0,0.0,0.326890662337801,0.2828540012453406,0.0,0.3225482651571555,0.3215115539638086,0.2858734159335138,0.2925475338634423,0.0,0.3303314871841148,0.0,0.0,0.0,0.3379324433895319,0.0,0.0,0.0,0.0,0.3806460603204173,0.0,0.0,0.3983424599070346,0.0,0.3653720412749662,0.4026062804436346,0.0,0.369364545884523,0.0,0.0,0.0,0.0,0.0,0.0,0.0,0.3702469676782757,0.0,0.0,0.0,0.4084075446338641,0.0,0.0,0.0,0.4069067888316306,0.0,0.0,0.0,0.0
0.3030149411648198,0.3004089348417219,0.0,0.0,0.3093375944099059,0.2918754904687096,0.3142542263695758,0.3024568106230055,0.2948686188691432,0.0,0.0,0.0,0.3088897401604011,0.0,0.2246009465616834,0.2924237302735393,0.2593043706387223,0.2958043641961399,0.0,0.0,0.2905412765051934,0.2600956330794868,0.2433049231754414,0.0,0.2947815102355106,0.2971889919156111,0.2801123991961296,0.2590601460316535,0.2461120307341144,0.2761294033038476,0.2766132184840732,0.2908033316842284,0.2751000692851616,0.2951836091378103,0.3031137679967636,0.3413692738255697,0.0,0.0,0.3021509338152377,0.3316686449350874,0.3832180272060931,0.3507117085687958,0.0,0.0,0.0,0.0,0.3230472490261701,0.0,0.0,0.0,0.3414694034357428,0.0,0.3574246820195653,0.0,0.0,0.0,0.0,0.0,0.0,0.3561002768844265,0.0,0.0,0.0,0.0,0.3466501904515651,0.3583745889162085,0.3343969864410798,0.3732809883480341,0.0,0.0,0.3489300076325206,0.3563343579247092,0.3553732694677948,0.3801464105026694,0.0,0.350384862637865
0.2823682046583194,0.2981426478865047,0.0,0.0,0.0,0.3110706609155022,0.0,0.279457708098286,0.0,0.0,0.0,0.0,0.3317635194437193,0.3130123917935383,0.2683580918056495,0.2938913523689452,0.0,0.3094071430323744,0.0,0.2905412765051934,0.0,0.3016066052084633,0.2706239357777203,0.3326720245032914,0.3043380730154338,0.2975269225134692,0.2979334035240227,0.3294942932433655,0.2972524452308999,0.3070173967508761,0.2874872712992576,0.2946386830160478,0.2928364877117454,0.2987371798897407,0.3216877428327092,0.0,0.0,0.0,0.3340814733408215,0.3027678323605609,0.3331517097092819,0.0,0.0,0.0,0.0,0.3103525564698163,0.3498319070459442,0.0,0.0,0.0,0.3389376574692119,0.0,0.3578002083285197,0.0,0.0,0.0,0.0,0.0,0.0,0.3332351981738286,0.3382644088530888,0.0,0.0,0.0,0.3441761754952764,0.3007413901693979,0.3495541745536676,0.376759962758359,0.0,0.2986094073717679,0.3539471512607104,0.3699489029653426,0.3690978123656379,0.3478380402756341,0.0,0.3727713056409483
0.2869244776931342,0.2701719471430769,0.0,0.0,0.3068080447155918,0.2941679338755035,0.323459718168116,0.2963467688132402,0.2862001251737283,0.2478253252018332,0.0,0.0,0.3200971741545876,0.0,0.2526371560542865,0.2636147259108473,0.2751495788401891,0.2926306317064687,0.0,0.2600956330794868,0.3016066052084633,0.0,0.3056191558269247,0.0,0.2875445731459729,0.266905596155946,0.3051536641654271,0.2815118719617053,0.2807037901725667,0.2797120479348275,0.2696123820596606,0.296030903163049,0.2727144473751879,0.2875256887781732,0.3022214852972996,0.3477228378677412,0.3171815467569869,0.0,0.3157762541707298,0.3197331955550597,0.3300094278082564,0.3471899962394044,0.0,0.0,0.0,0.3299989979725385,0.333996344560388,0.0,0.0,0.0,0.3050410523996684,0.0,0.0,0.0,0.0,0.0,0.0,0.0,0.0,0.3535410518002274,0.3260880394201345,0.0,0.2766974648979065,0.0,0.3372504878361033,0.3449982957888307,0.339387198611743,0.3502214943752685,0.0,0.31324506702964,0.3544922312135622,0.3506447959420578,0.0,0.3353225948637974,0.0,0.3262613108969003
0.3073862895914075,0.302099402473974,0.2422277171026927,0.277295696452928,0.29124912970985,0.2820963001817303,0.3164558854006906,0.2745153871161314,0.2901122423631659,0.2920332692864204,0.1987105864420207,0.0,0.3152018959416316,0.2718668654338574,0.2631396092911551,0.3054206369776484,0.0,0.3062460051676583,0.2252254946660683,0.2433049231754414,0.2706239357777203,0.3056191558269247,0.0,0.3218135524041297,0.2854242036065539,0.3111230959018708,0.2398503291816286,0.3082001702358001,0.2957396041512199,0.310727573748255,0.3075523204635343,0.2853021484161551,0.2799419944413262,0.3160186723169232,0.3283962166157224,0.2992315314906013,0.3120894549069105,0.0,0.3611417572962757,0.336810747992705,0.3807990490718256,0.3816039465289594,0.3524306176884823,0.0,0.0,0.0,0.3288073125607414,0.4103996169237532,0.0,0.3877116976938436,0.3854265571521051,0.3981009659487385,0.369370431103067,0.4009245693180839,0.0,0.3681650599908564,0.0,0.3818451993458805,0.3726795121241814,0.3550778926535292,0.0,0.0,0.0,0.3898981185750129,0.3587591296798577,0.3637776096009225,0.3482790021658137,0.3885159817769132,0.0,0.0,0.3554135151290244,0.3847852908981008,0.3800313108360055,0.3682481426766057,0.3746968260725057,0.3906380253551632
0.2397690253246691,0.0,0.0,0.0,0.0,0.0,0.2948899083377538,0.344553609063314,0.0,0.2224312515651319,0.0,0.1992942080309839,0.2816895160982139,0.0,0.309214910073689,0.2697475975838144,0.2708060767103666,0.2748125803141567,0.0,0.0,0.3326720245032914,0.0,0.3218135524041297,0.0,0.2487516658812716,0.2431585629543518,0.309341371734033,0.2612002332246373,0.0,0.0,0.2452015072372546,0.2502942764008909,0.1803825791587659,0.1886540715509028,0.2119148847198141,0.2745800185074105,0.0,0.1599776582965205,0.317589176721769,0.281015064455787,0.258142983949684,0.0,0.0,0.0,0.0,0.2799765300947622,0.0,0.0,0.0,0.0,0.0,0.0,0.0,0.0,0.3240128382040532,0.0,0.3332349498218639,0.0,0.0,0.0,0.3144071693094833,0.3448737163655405,0.3167050038261168,0.0,0.0,0.0,0.0,0.0,0.2979086718106798,0.3204721913446926,0.3184136681976379,0.0,0.0,0.0,0.0,0.3077414445005682
0.2642664602028646,0.2488906266115228,0.0,0.0,0.2676180479957943,0.2671652852904818,0.3063282144186483,0.3323254273572321,0.0,0.233741895377695,0.0,0.2544803479449848,0.3012696872365776,0.0,0.2834559190819282,0.273474230179476,0.2250550488396391,0.2514137851506859,0.0,0.2947815102355106,0.3043380730154338,0.2875445731459729,0.2854242036065539,0.2487516658812716,0.0,0.2442782224380273,0.2785961088513667,0.2886336154355757,0.2867038330453077,0.0,0.2643224664189383,0.2726229140636434,0.24266130865394,0.2474818837443893,0.2600072718337806,0.0,0.0,0.2391696757253748,0.3059287252813151,0.2872179194645181,0.3007175317517132,0.3008037835363979,0.0,0.0,0.0,0.3093002563870085,0.3227762545291681,0.0,0.0,0.0,0.0,0.0,0.0,0.0,0.3304338169331479,0.0,0.3328745216735026,0.0,0.0,0.0,0.3188079953575801,0.3314586923622408,0.3150835636670089,0.0,0.2978664010716976,0.3012324026002098,0.3168622407749618,0.0,0.3336114013399885,0.3176025028909646,0.3242534336879064,0.0,0.0,0.0,0.0,0.3043101439839201
0.2587552976949246,0.2595937096669028,0.0,0.0,0.0,0.2836729663522376,0.3133428935592767,0.3344625166318791,0.0,0.2581605325515003,0.0,0.2327659887613178,0.3004397933365065,0.0,0.2671060026915932,0.2935096416718722,0.2734016485533011,0.2724435064981312,0.0,0.2971889919156111,0.2975269225134692,0.266905596155946,0.3111230959018708,0.2431585629543518,0.2442782224380273,0.0,0.3099473151927127,0.2861035710371441,0.2955355541814993,0.0,0.2660521195465373,0.2900034182329871,0.2613790843392508,0.2669353053496432,0.3027119666786754,0.3023939597844639,0.0,0.2275713084765245,0.3221276447251739,0.3090874000488607,0.3243779260625463,0.3353176140948939,0.0,0.0,0.0,0.3210713519834694,0.3463841472468402,0.0,0.0,0.0,0.0,0.0,0.0,0.0,0.3445179670653071,0.0,0.3456296558299856,0.0,0.0,0.3652349186238446,0.3309440266860965,0.3402222450527068,0.3245969314437813,0.0,0.3382677703116097,0.3558067864570021,0.3515608656305706,0.3513054508291496,0.3248617640763048,0.3266979039963449,0.3413480926916974,0.3384454126064581,0.0,0.3351367473900045,0.0,0.3169397677454864
0.3136241630678612,0.2955678282413143,0.2264342247565017,0.2864955132255373,0.294428645913457,0.2638595496832855,0.3101882151055675,0.317617638499228,0.2670274180155765,0.2832239421804333,0.2619578766715502,0.0,0.3140614988640326,0.3077266052129266,0.2856978947716576,0.3161798165009358,0.0,0.3246046481727506,0.2496112688769234,0.2801123991961296,0.2979334035240227,0.3051536641654271,0.2398503291816286,0.309341371734033,0.2785961088513667,0.3099473151927127,0.0,0.3049566693713268,0.2980496430534026,0.2931108729956512,0.2976240555421918,0.2843412106787285,0.2741389339664072,0.3095042871723927,0.3124922045396864,0.324600609018797,0.3103193069258962,0.0,0.3641362711666762,0.0,0.3891386834058236,0.3768359535728851,0.36030863363895,0.0,0.0,0.0,0.2955326599110486,0.4076535756041905,0.0,0.0,0.3791851150513169,0.4075360486018596,0.3685780383151801,0.4008575476986733,0.0,0.3796244495419008,0.0,0.4164973986251341,0.3541432699289386,0.3543202976226214,0.0,0.0,0.0,0.4092201423263674,0.3619219591735474,0.3558132896427637,0.3504506489440251,0.3922575370800146,0.0,0.0,0.3482867939814597,0.3836123417587098,0.4035002491012424,0.3741729587014112,0.3651790476459882,0.3833362991931938
0.3195291026148008,0.2951718371971368,0.33028345113038,0.2075091051602593,0.2984314665806269,0.2807199388244419,0.3026190787062512,0.3168294734524976,0.3201383094920781,0.2778669936263632,0.324466641580975,0.2738591198981693,0.2625587270903651,0.2372504559395235,0.2746201111304638,0.2911511300463625,0.2720084524590394,0.2898673895446031,0.3169046197853791,0.2590601460316535,0.3294942932433655,0.2815118719617053,0.3082001702358001,0.2612002332246373,0.2886336154355757,0.2861035710371441,0.3049566693713268,0.0,0.2446488816106589,0.2440853451472696,0.2754380316511292,0.2830909165751437,0.2532273760515504,0.2696546631473613,0.2402561544142939,0.2162555002214027,0.2131358809261237,0.242867069660792,0.3633278037543341,0.0,0.3747065242400541,0.3560475319599086,0.3117542629335348,0.0,0.0,0.0,0.0,0.0,0.0,0.0,0.3991956505501893,0.0,0.3864365169803683,0.0,0.0,0.0,0.0,0.0,0.0,0.3382082347583964,0.0,0.0,0.0,0.0,0.3530855227221149,0.3464453511345417,0.0,0.3823368439049685,0.0,0.0,0.0,0.3764277817974112,0.3862813701064086,0.3739667714823911,0.0,0.3773943956401316
0.3135766719159369,0.2896176688178214,0.0,0.0,0.3106052720734754,0.2579074851886111,0.32519366202706,0.2983542400353929,0.2794850855104674,0.0,0.0,0.0,0.3024029137340512,0.0,0.2742774137584574,0.3006667495938319,0.0,0.2954043736113089,0.0,0.2461120307341144,0.2972524452308999,0.2807037901725667,0.2957396041512199,0.0,0.2867038330453077,0.2955355541814993,0.2980496430534026,0.2446488816106589,0.0,0.2758759836607738,0.2708102724742502,0.2677601561431328,0.2413654179335964,0.2883384442413891,0.2963539539023053,0.3236243198451282,0.0,0.0,0.3524666789935675,0.0,0.3722743622216226,0.3587546689519197,0.0,0.0,0.0,0.0,0.3135957939140507,0.0,0.0,0.0,0.3854345912256178,0.0,0.3583184145439244,0.0,0.0,0.0,0.0,0.3618418128860603,0.0,0.3490592527245711,0.0,0.0,0.0,0.0,0.3528594928128631,0.345026808781428,0.3335989113118672,0.3735546111301754,0.0,0.0,0.3263936614463446,0.3673150201638518,0.3839026159780512,0.3557970380646449,0.0,0.3774484152127575
0.0,0.0,0.0,0.0,0.0,0.3099069086323447,0.0,0.3038724303094832,0.2977090013715417,0.0,0.0,0.0,0.323812621406434,0.0,0.0,0.2877067350144061,0.0,0.0,0.0,0.2761294033038476,0.3070173967508761,0.2797120479348275,0.310727573748255,0.0,0.0,0.0,0.2931108729956512,0.2440853451472696,0.2758759836607738,0.0,0.2707343462944814,0.285880889126617,0.0,0.2840110839316968,0.2471895351555848,0.0,0.0,0.0,0.3686940456304763,0.0,0.0,0.0,0.0,0.0,0.0,0.0,0.0,0.0,0.0,0.0,0.0,0.0,0.0,0.0,0.0,0.0,0.0,0.0,0.0,0.0,0.0,0.0,0.0,0.0,0.351665734802899,0.0,0.0,0.3819603302316147,0.0,0.0,0.0,0.3813770597190893,0.0,0.0,0.0,0.0
0.2696562413715566,0.2472395731221589,0.3287628398603629,0.0,0.3257351827453734,0.3046482305468791,0.3090171835711537,0.3227034162920682,0.33287785191913,0.2373420077676188,0.3355859931746264,0.2440213777467209,0.2935691731145995,0.3285256364690854,0.287300850329131,0.2558118662036924,0.2495328909370879,0.2707819420538994,0.326890662337801,0.2766132184840732,0.2874872712992576,0.2696123820596606,0.3075523204635343,0.2452015072372546,0.2643224664189383,0.2660521195465373,0.2976240555421918,0.2754380316511292,0.2708102724742502,0.2707343462944814,0.0,0.2783391160370786,0.2349387214812447,0.1848858723487195,0.1638642424993947,0.2823885861507549,0.2431746850329527,0.1948285362678496,0.3312957616997745,0.2635902247968197,0.3675374370142558,0.0,0.0,0.0,0.0,0.0,0.3090766725541384,0.0,0.0,0.0,0.3962850628478197,0.0,0.3743238629564547,0.0,0.3543432591178765,0.0,0.3294421485508916,0.0,0.0,0.3389951246970764,0.2956188420918169,0.0,0.3121021722437523,0.0,0.3456383926239754,0.3378458599298502,0.3251288482964461,0.3773959244164899,0.0,0.3091284307093256,0.3193991917795751,0.3742880002038873,0.3679313812670242,0.3759287200448183,0.0,0.3617475347208749
0.2906922854491457,0.2828591775133579,0.2949726621620823,0.2035062098199648,0.2666509226278261,0.2824993489461481,0.2841441211760883,0.2764125267399149,0.3006857489318535,0.2497822119965331,0.2788378913852919,0.2158189511728689,0.2864692905617314,0.2038248334306424,0.2941993786867342,0.2917687670463427,0.2769927087901324,0.2832486571427871,0.2828540012453406,0.2908033316842284,0.2946386830160478,0.296030903163049,0.2853021484161551,0.2502942764008909,0.2726229140636434,0.2900034182329871,0.2843412106787285,0.2830909165751437,0.2677601561431328,0.285880889126617,0.2783391160370786,0.0,0.2398944288014989,0.2534158927076031,0.2548973301172381,0.2052536646447413,0.2237137974868194,0.1841116458078782,0.1981727111844033,0.1857680666562631,0.1963987396325647,0.2184760355511957,0.2051718842991862,0.1874738779791895,0.1845886662178955,0.3068611272791718,0.3285840249756073,0.3582050648761363,0.0,0.0,0.3542670043017059,0.0,0.340968461143898,0.3167275462707228,0.2041023217786891,0.2955155666167056,0.1701838303855438,0.3545454668609392,0.0,0.3432978722200107,0.3204681502111605,0.0,0.2760838127916878,0.2995541814679195,0.3388770384662062,0.3309745671999127,0.3244855098785543,0.3638157509867403,0.2052520410721851,0.2999187324127398,0.328379783020179,0.3579861481307887,0.3749423030978638,0.3470215097946744,0.0,0.357599993215643
0.259738828727048,0.2551922341673447,0.0,0.0,0.2400372276183695,0.2586342976228701,0.2922938715513797,0.2762832069747583,0.2718147518726894,0.2226210570948833,0.2488273656162422,0.2226280829114253,0.2832419363127043,0.0,0.2904079353055876,0.2586737582709502,0.2602649577365955,0.2603495157806312,0.0,0.2751000692851616,0.2928364877117454,0.2727144473751879,0.2799419944413262,0.1803825791587659,0.24266130865394,0.2613790843392508,0.2741389339664072,0.2532273760515504,0.2413654179335964,0.0,0.2349387214812447,0.2398944288014989,0.0,0.167575365972336,0.2409680548444875,0.2861124380830317,0.2458403774261115,0.1343739105831091,0.1988450427883539,0.2196932028374381,0.1966170821509369,0.1984211272702379,0.0,0.0,0.1510416447384298,0.2906303062311663,0.3110100539783467,0.0,0.0,0.0,0.0,0.0,0.0,0.0,0.2628886683830297,0.0,0.2682262356611947,0.0,0.0,0.3549016652397875,0.2892600398161043,0.2848840605929438,0.2681003488430586,0.0,0.3210790642532355,0.3237354168342671,0.3208873257893033,0.3532101966574816,0.2525020155683926,0.2860819628921244,0.3078018468367308,0.3546952863302993,0.0,0.3208856259376303,0.0,0.2625532618217897
0.2618836041819533,0.2494246387079928,0.3379934419949402,0.200505021811141,0.3121139299354626,0.3098857768771129,0.2881595045482131,0.3264277112133783,0.3300701368524278,0.2158651031891663,0.3306706261174621,0.1858160434475846,0.2783829279886073,0.2941633291332085,0.3055155299752735,0.2651710813860291,0.25012149778366,0.2618378445194254,0.3225482651571555,0.2951836091378103,0.2987371798897407,0.2875256887781732,0.3160186723169232,0.1886540715509028,0.2474818837443893,0.2669353053496432,0.3095042871723927,0.2696546631473613,0.2883384442413891,0.2840110839316968,0.1848858723487195,0.2534158927076031,0.167575365972336,0.0,0.1947014017075705,0.2677341214992851,0.1907980875537605,0.1400625283540301,0.2120342031600348,0.1845025809669685,0.1973940958519372,0.223017845011557,0.2339743169005786,0.0,0.1668847562503008,0.0,0.3186677254992662,0.0,0.0,0.0,0.4055907859512385,0.0,0.3718175571179418,0.0,0.1870224787351393,0.0,0.1926942521444088,0.0,0.0,0.3509927119070793,0.3006239603159962,0.0,0.3064429870238556,0.0,0.3431297705707282,0.3681050557278945,0.3361471128974939,0.3805596261574742,0.0,0.3036333107217798,0.3323179191032649,0.3747271750249388,0.3891293769514912,0.3680931387516564,0.0,0.3840516716621178
0.2550740561328347,0.2930705736642062,0.3257254651467035,0.2175136455308378,0.3129197403017664,0.3087607793649181,0.2773208091263498,0.3307768605728811,0.3367606224480781,0.2024346261858642,0.3156805544839424,0.1839276171694585,0.2628796493329401,0.0,0.3188533427593589,0.2857912861418564,0.2425850320599758,0.2516352902846309,0.3215115539638086,0.3031137679967636,0.3216877428327092,0.3022214852972996,0.3283962166157224,0.2119148847198141,0.2600072718337806,0.3027119666786754,0.3124922045396864,0.2402561544142939,0.2963539539023053,0.2471895351555848,0.1638642424993947,0.2548973301172381,0.2409680548444875,0.1947014017075705,0.0,0.2937540409932942,0.2089238548750349,0.165453162315059,0.2290648118197152,0.1753663123715778,0.1960295489163332,0.2419321065646592,0.212240823198804,0.2020447072683131,0.1695189770922581,0.0,0.3362100145969133,0.0,0.0,0.0,0.0,0.0,0.0,0.0,0.0,0.0,0.2034482979627478,0.0,0.0,0.3537716541294363,0.0,0.0,0.0,0.0,0.3514368282010198,0.3546051111781895,0.3445498430114248,0.3907082603983422,0.0,0.3041218182285817,0.3480118914896268,0.3890010698584861,0.0,0.3565826164464381,0.0,0.0
0.0,0.0,0.3030261127439788,0.1518853323015634,0.2004376819176241,0.3191531772557501,0.2224016274094036,0.2002311312283041,0.3101194085634293,0.2245976015581524,0.240646134158186,0.2667191026605436,0.2502852662492723,0.1856899126146798,0.0,0.0,0.0,0.0,0.2858734159335138,0.3413692738255697,0.0,0.3477228378677412,0.2992315314906013,0.2745800185074105,0.0,0.3023939597844639,0.324600609018797,0.2162555002214027,0.3236243198451282,0.0,0.2823885861507549,0.2052536646447413,0.2861124380830317,0.2677341214992851,0.2937540409932942,0.0,0.1563572141882106,0.2149331962411499,0.2235778938457318,0.0,0.3100251684388865,0.0,0.265449256886845,0.2086700531413391,0.0,0.0,0.0,0.3581685592993289,0.0,0.0,0.0,0.3127521028378557,0.3249302943137593,0.3427809719753146,0.0,0.3036090435507373,0.1926020396918626,0.0,0.0,0.0,0.0,0.0,0.0,0.320607594092679,0.0,0.0,0.0,0.3428429827823752,0.0,0.0,0.0,0.3223383159167977,0.2857934087873963,0.2250656702739917,0.0,0.0
0.0,0.0,0.2885366608369898,0.1361829624107206,0.2136314803683718,0.3067598492094571,0.2139130089020905,0.2454244560181787,0.3153901150087463,0.1795590151909654,0.3082148219200817,0.0,0.2421445366602582,0.1598388435999349,0.0,0.0,0.0,0.0,0.2925475338634423,0.0,0.0,0.3171815467569869,0.3120894549069105,0.0,0.0,0.0,0.3103193069258962,0.2131358809261237,0.0,0.0,0.2431746850329527,0.2237137974868194,0.2458403774261115,0.1907980875537605,0.2089238548750349,0.1563572141882106,0.0,0.1839284601572775,0.1897890946468092,0.0,0.1873176391290387,0.0,0.0,0.0,0.0,0.0,0.0,0.0,0.0,0.0,0.0,0.0,0.0,0.0,0.0,0.0,0.0,0.0,0.0,0.0,0.0,0.0,0.0,0.0,0.0,0.0,0.0,0.0,0.0,0.0,0.0,0.0,0.0,0.0,0.0,0.0
0.0,0.0,0.0,0.0,0.0,0.0,0.0,0.0,0.2947253394179088,0.19954322241632,0.2924611593686381,0.1579241165656798,0.2632389089125755,0.0,0.0,0.0,0.239743148255065,0.0,0.0,0.0,0.0,0.0,0.0,0.1599776582965205,0.2391696757253748,0.2275713084765245,0.0,0.242867069660792,0.0,0.0,0.1948285362678496,0.1841116458078782,0.1343739105831091,0.1400625283540301,0.165453162315059,0.2149331962411499,0.1839284601572775,0.0,0.1780889159969684,0.1383503364188394,0.1547148985432769,0.168130969437557,0.0,0.0,0.1513309122516294,0.0,0.0,0.0,0.0,0.0,0.0,0.0,0.0,0.0,0.1592850591628108,0.0,0.0,0.0,0.0,0.0,0.0,0.0,0.0,0.0,0.0,0.0,0.0,0.0,0.0,0.0,0.0,0.0,0.0,0.0,0.0,0.0
0.3169720853059036,0.3236978771375627,0.3635745873765432,0.0,0.0,0.362088823255539,0.0,0.3449037105517168,0.3621155964267442,0.1880133231211455,0.3016063939402049,0.188643567976821,0.3264995576499256,0.0,0.3288905002158091,0.3130444552527789,0.0,0.2900023708861607,0.3303314871841148,0.3021509338152377,0.3340814733408215,0.3157762541707298,0.3611417572962757,0.317589176721769,0.3059287252813151,0.3221276447251739,0.3641362711666762,0.3633278037543341,0.3524666789935675,0.3686940456304763,0.3312957616997745,0.1981727111844033,0.1988450427883539,0.2120342031600348,0.2290648118197152,0.2235778938457318,0.1897890946468092,0.1780889159969684,0.0,0.2393805165222042,0.2604127718696231,0.247650117368501,0.2071562048020965,0.2238558907700322,0.188973639280699,0.282556376443352,0.2861500661390916,0.305315353987715,0.1963061992215707,0.2574125486097613,0.2926054279646629,0.286970269327239,0.2883904152501756,0.3052128450245529,0.2317713055033409,0.2730656772167767,0.1860071570540366,0.2849795817203555,0.2137017468973507,0.2926486273314841,0.293313578700894,0.2731683735909758,0.2773894464483114,0.2918999393159894,0.2945987315285803,0.2920317172877316,0.2955332381180087,0.2918694304699287,0.2306103774813267,0.2711710684206641,0.2835015380619283,0.2844668574931622,0.2745882980148175,0.2817714143657334,0.2726384582451134,0.2805251857542605
0.3154993959981734,0.3072240801021074,0.0,0.0,0.0,0.0,0.0,0.0,0.0,0.2784418339435296,0.0,0.2983648372407252,0.0,0.0,0.3316248656078361,0.2875815177884616,0.2860349369791942,0.2784961445216748,0.0,0.3316686449350874,0.3027678323605609,0.3197331955550597,0.336810747992705,0.281015064455787,0.2872179194645181,0.3090874000488607,0.0,0.0,0.0,0.0,0.2635902247968197,0.1857680666562631,0.2196932028374381,0.1845025809669685,0.1753663123715778,0.0,0.0,0.1383503364188394,0.2393805165222042,0.0,0.1720707026527493,0.226776501224129,0.3010752464530225,0.1890631241764749,0.1367676619029018,0.2332967429838242,0.2641246951585522,0.0,0.0,0.0,0.275224828226667,0.28063108056568,0.27885669809233,0.294975088762754,0.2173012586166203,0.2921345111163062,0.2140702014217803,0.2949516474743642,0.0,0.2854839676001462,0.2539202896867992,0.2458970213360444,0.2355351753061288,0.0,0.272227613002052,0.2801873857506199,0.2662616594894695,0.2863158806450167,0.1915881959641095,0.2330484168286266,0.2524572518683138,0.2701577939650401,0.2552594273307827,0.2651601316390131,0.2417347482226309,0.2249956872954999
0.3072374520836217,0.3111783015015111,0.0,0.0,0.0,0.3847388938631579,0.0,0.3705138439279341,0.0,0.2698748817274132,0.0,0.2002330512012156,0.0,0.0,0.3390297024959136,0.298094607536958,0.0,0.2902227101792565,0.0,0.3832180272060931,0.3331517097092819,0.3300094278082564,0.3807990490718256,0.258142983949684,0.3007175317517132,0.3243779260625463,0.3891386834058236,0.3747065242400541,0.3722743622216226,0.0,0.3675374370142558,0.1963987396325647,0.1966170821509369,0.1973940958519372,0.1960295489163332,0.3100251684388865,0.1873176391290387,0.1547148985432769,0.2604127718696231,0.1720707026527493,0.0,0.2059312352210083,0.2780399297301424,0.2046231894493344,0.1325406668961341,0.2510421097842156,0.2613054869481075,0.3194985310889686,0.214457501561847,0.29815586897607,0.3030300810501768,0.2865833798799436,0.3227470395604028,0.3273813240733476,0.192470712134852,0.3183517550917,0.1522755580571065,0.2882219993161837,0.2809330655441176,0.3008222193229696,0.2757523300779002,0.2478744476637711,0.2517775142354543,0.3196978535172396,0.290044169713163,0.3051288114098724,0.2905423514481046,0.3104769266655625,0.1761027651350068,0.2436901589612102,0.2586344376067507,0.2947553340298627,0.2314491278290422,0.2910073931751574,0.2656562702726839,0.1795237279612745
