0.0,0.2663174827790041,0.0,0.0,0.0,0.2599852505662653,0.0,0.3392096299400425,0.0,0.2771929862722662,0.0,0.2742814313713678,0.0,0.0,0.2587153289742227,0.2619609427518176,0.0,0.2579289698320249,0.0,0.2901180286848388,0.2588878613157375,0.266923037068581,0.3165097622039453,0.2601276323762646,0.2586062931251272,0.249440593599442,0.2665633554254616,0.3123214333221207,0.278190196803169,0.0,0.2505511785004438,0.276018079928263,0.2197827993940249,0.2427858572060743,0.2892777244757372,0.0,0.0,0.0,0.3045127042829942,0.3102470945551935,0.2813667340663363,0.0,0.0,0.0,0.0,0.2458922832474968,0.3240166419778165,0.0,0.0,0.0,0.0,0.0,0.0,0.0,0.2959976328277364,0.0,0.0,0.0,0.0,0.0,0.3082181662476598,0.0,0.3019123401327606,0.0,0.0,0.2097152820912625,0.3272638264750415,0.0,0.3185660477559895,0.3066731477507839,0.3184788027147948,0.0,0.0,0.0,0.0,0.0
0.2663174827790041,0.0,0.0,0.0,0.2547055944750742,0.2689693559120464,0.2674839580721992,0.3111935841128362,0.2378499042219671,0.0,0.0,0.0,0.2896391415557294,0.0,0.2687115389285955,0.2687149674574421,0.0,0.2647182115384204,0.0,0.2850239359274399,0.2757762674859563,0.2669183417102322,0.2682273121743035,0.0,0.2520736671232388,0.2568631485800732,0.2772021979467785,0.2819917466395753,0.2770546720337598,0.0,0.2548539940378806,0.2811207385912248,0.2407850001704102,0.2476851521267065,0.2897270653872629,0.0,0.0,0.0,0.3090631530878041,0.2958556832182418,0.2986915733999522,0.3155544175051117,0.0,0.0,0.0,0.3199555455383641,0.3179099366543564,0.0,0.0,0.0,0.0,0.0,0.0,0.0,0.0,0.0,0.0,0.0,0.0,0.3280484526015546,0.3038989718501464,0.0,0.295799648673165,0.0,0.3069085458767595,0.3254527481454006,0.3203321433868071,0.288407135907532,0.0,0.3057178251488144,0.32939429646665,0.299724144868222,0.0,0.3028682242732352,0.0,0.2914321416722814
0.0,0.0,0.0,0.0,0.2514920521546478,0.2471724676609862,0.3029702518530406,0.3063155254851781,0.1794991897905267,0.2797475287483085,0.2332717567853023,0.0,0.3065087992362627,0.2996299215502793,0.0,0.0,0.0,0.0,0.1688391232506502,0.0,0.0,0.0,0.2165878221510508,0.0,0.0,0.0,0.1933523840216371,0.3046039271587496,0.0,0.2946582678239335,0.3216236487852457,0.2948069181184224,0.0,0.3346708211657456,0.314512641987861,0.3006508194988377,0.2780291152389834,0.0,0.3185293939164676,0.0,0.0,0.0,0.3306742216429057,0.0,0.0,0.0,0.0,0.275255947183835,0.0,0.3316389508607391,0.3579224464520903,0.0,0.3439544397206377,0.3565594261590975,0.0,0.3100792855603525,0.0,0.0,0.3402438897675777,0.0,0.0,0.0,0.0,0.306304382250176,0.0,0.0,0.0,0.3632573064736931,0.0,0.0,0.0,0.3562219894305513,0.0,0.0,0.0,0.0
0.0,0.0,0.0,0.0,0.1682578912127149,0.2786448956759413,0.1844540217195561,0.2168266594587093,0.2830922898281039,0.1679484788975196,0.2578188320637726,0.0,0.2254968290450901,0.2031139653353439,0.0,0.0,0.0,0.0,0.2595733520876318,0.0,0.0,0.0,0.2723856035816102,0.0,0.0,0.0,0.2677687619278968,0.1771340941838763,0.0,0.0,0.0,0.2076931538460386,0.0,0.1823522665035681,0.260144456206716,0.1472568773164646,0.1203682017273021,0.0,0.0,0.0,0.0,0.0,0.0,0.0,0.0,0.0,0.0,0.0,0.0,0.0,0.0,0.0,0.0,0.0,0.0,0.0,0.0,0.0,0.0,0.0,0.0,0.0,0.0,0.0,0.0,0.0,0.0,0.0,0.0,0.0,0.0,0.0,0.0,0.0,0.0,0.0
0.0,0.2547055944750742,0.2514920521546478,0.1682578912127149,0.0,0.2583829401700069,0.216242152839987,0.268038815313363,0.2265143781838744,0.3079997089047561,0.226925339949703,0.2738553468022712,0.2593378212327041,0.2024766330486536,0.0,0.0,0.0,0.0,0.2588007212300924,0.2810442406066659,0.0,0.3013261271906144,0.2748126396031828,0.0,0.2578751330621647,0.0,0.2639571302110139,0.2927814730756821,0.2855353323217722,0.0,0.3017569684254196,0.2566826934193848,0.2372433569769045,0.3065192120316339,0.3045677156816894,0.1706180602222795,0.193345865927866,0.2627219418093816,0.0,0.0,0.0,0.0,0.2596554506320034,0.0,0.0,0.0,0.0,0.3532004402493472,0.0,0.0,0.0,0.0,0.3428116414130432,0.2715418473061546,0.0,0.2967500966473589,0.0,0.0,0.0,0.0,0.0,0.0,0.0,0.0,0.0,0.0,0.0,0.3481289404630994,0.0,0.0,0.0,0.3085971026963479,0.0,0.0,0.0,0.0
0.2599852505662653,0.2689693559120464,0.2471724676609862,0.2786448956759413,0.2583829401700069,0.0,0.2658104536336446,0.2716292539032374,0.2206398947580097,0.2887701199817885,0.2635355524036433,0.0,0.2651430126750844,0.282178274515643,0.2214351071763274,0.2924729034257384,0.0,0.285662735590213,0.2597498578782056,0.2660335832649112,0.2560949905006145,0.289196503715191,0.2604933374866811,0.0,0.2670947299788703,0.2805216145955497,0.2458191539231015,0.2537977264461457,0.2321615632491027,0.2779436333150038,0.288462318810271,0.2728063498721886,0.2292470332497779,0.2950762351241869,0.296090200921814,0.2995671376101253,0.2870600849225027,0.0,0.3209039854405713,0.0,0.2958555380813199,0.2983853713719921,0.290123710339461,0.0,0.0,0.0,0.0,0.3608128646431175,0.0,0.0,0.3290247289384365,0.3346011269142634,0.3063162984012558,0.3593121323372728,0.0,0.3236112109040625,0.0,0.3328391587266535,0.0,0.2875798501338938,0.0,0.0,0.0,0.3561670835958095,0.293548739872015,0.2878648784072181,0.2752252837994823,0.3352494249879363,0.0,0.0,0.0,0.3243424942588248,0.3078495325111056,0.3018276279696855,0.0,0.3315774519279194
0.0,0.2674839580721992,0.3029702518530406,0.1844540217195561,0.216242152839987,0.2658104536336446,0.0,0.2924215299668913,0.2448554664019481,0.2570863816931564,0.3154690967581428,0.2547047987453911,0.2454702354169051,0.2412271123517362,0.0,0.2968115939853304,0.268657329728924,0.2856168177709031,0.3156404326643984,0.288102340212229,0.0,0.3055378149081769,0.2876175547063067,0.0,0.2811914929391205,0.2588653965848344,0.2782336913788403,0.277766922375729,0.2970419723243624,0.0,0.2964328748810991,0.2678048617175233,0.2696618237474615,0.2822050898610047,0.2873600617369349,0.1955779429046968,0.1944103824735794,0.2649207301073744,0.0,0.0,0.0,0.0,0.0,0.0,0.0,0.0,0.0,0.0,0.0,0.0,0.2930034927357024,0.0,0.0,0.0,0.0,0.0,0.0,0.0,0.0,0.0,0.0,0.0,0.0,0.0,0.0,0.0,0.0,0.337930486418677,0.0,0.0,0.0,0.3071721262964632,0.0,0.0,0.0,0.0
0.3392096299400425,0.3111935841128362,0.3063155254851781,0.2168266594587093,0.268038815313363,0.2716292539032374,0.2924215299668913,0.0,0.3343476568257744,0.2847724326481066,0.196519416105086,0.0,0.2908843071186009,0.2223389925921771,0.2559410655148962,0.2901737773797121,0.0,0.0,0.2875889272265411,0.2572359484311419,0.2649542476739795,0.2619626783062004,0.2556950256097015,0.3466561998367011,0.3165159722823002,0.3279693998066206,0.278568741294779,0.2892347797287706,0.2595590240973756,0.2917460896522225,0.3150117525042918,0.2337715855439965,0.2735732301448007,0.3131294494420701,0.3193823644795183,0.1792798000039111,0.23770271772405,0.0,0.2945380673234788,0.0,0.3333988071309686,0.0,0.2499781697437167,0.0,0.0,0.0,0.0,0.3528277337418469,0.0,0.3062577295554836,0.3095504943897024,0.3184855212252875,0.234184009067088,0.3545518380902521,0.0,0.2820914677861545,0.0,0.3267579269787046,0.2819254540081763,0.2513989711205207,0.0,0.0,0.0,0.3367091370585303,0.3214425480812969,0.1824576766300252,0.0,0.3178892720792663,0.0,0.0,0.0,0.3190050355805878,0.3055250503439838,0.2890959446561733,0.0,0.3344474735181384
0.0,0.2378499042219671,0.1794991897905267,0.2830922898281039,0.2265143781838744,0.2206398947580097,0.2448554664019481,0.3343476568257744,0.0,0.3080325381516814,0.2138406103988785,0.2873717472797555,0.2453955737613507,0.2884872774913568,0.0,0.2531492304685649,0.0,0.0,0.1895083716817425,0.2680090787410324,0.0,0.2738860376625636,0.2615407265126376,0.0,0.0,0.0,0.2262596507958553,0.3011420867771096,0.2715694412641182,0.2794847594221804,0.3174100998082862,0.2943874387929586,0.2837297489973307,0.3166206628623549,0.3149315373187623,0.3068712456486985,0.2933551929913157,0.27297560462844,0.331156982436255,0.0,0.0,0.0,0.340715790165433,0.0,0.0,0.0,0.0,0.3765722857916409,0.0,0.0,0.3508216278818631,0.0,0.3640993336194985,0.3578885849369324,0.0,0.3369829819675436,0.0,0.0,0.3476736321958861,0.0,0.0,0.0,0.0,0.3688295263487194,0.0,0.0,0.0,0.3668051541077666,0.0,0.0,0.0,0.3529020615060436,0.0,0.0,0.0,0.0
0.2771929862722662,0.0,0.2797475287483085,0.1679484788975196,0.3079997089047561,0.2887701199817885,0.2570863816931564,0.2847724326481066,0.3080325381516814,0.0,0.3158129166124598,0.2174146280492596,0.2744616016392419,0.2644374989313023,0.0,0.2404279137593414,0.2122660073765034,0.2019067546079435,0.2965317196459457,0.0,0.0,0.2296578630636818,0.2813462058668619,0.2157302920368332,0.2144161246250089,0.2307089413668078,0.2683223173329894,0.2656153989311605,0.0,0.0,0.2298669416628111,0.2572458012039027,0.2105196586437532,0.1967750661701095,0.2004247985959766,0.1928821854739419,0.1750022591989513,0.1920492388729599,0.0,0.2871493319477372,0.2504467437797463,0.0,0.0,0.0,0.2364827655070442,0.0,0.0,0.0,0.0,0.0,0.0,0.0,0.0,0.0,0.3104756857138467,0.0,0.3193453698942485,0.0,0.0,0.0,0.0,0.3013212530796418,0.2812158132701942,0.0,0.0,0.0,0.0,0.0,0.2872621437710969,0.2920482032761775,0.3078077009170613,0.0,0.2831927500048763,0.0,0.0,0.2787226032625365
0.0,0.0,0.2332717567853023,0.2578188320637726,0.226925339949703,0.2635355524036433,0.3154690967581428,0.196519416105086,0.2138406103988785,0.3158129166124598,0.0,0.2874796707804052,0.3138646761085243,0.1953017107473914,0.0,0.0,0.0,0.0,0.1950109475769928,0.0,0.0,0.0,0.1877391958121023,0.0,0.0,0.0,0.2484460885649805,0.3089781565643941,0.0,0.0,0.3212093999036532,0.2654141105257003,0.2529324307625939,0.3141200458803309,0.2995245211185969,0.2448538384788502,0.2813642029768355,0.2820867437432118,0.2531917493380509,0.0,0.0,0.0,0.2408477965146436,0.0,0.0,0.0,0.0,0.2168668654717782,0.0,0.2655414343280872,0.2936455308704797,0.2805443009059304,0.2899713936237332,0.2259135186760839,0.0,0.1681907376760001,0.0,0.2695022766960363,0.2754618708000589,0.0,0.0,0.0,0.0,0.15361249315801,0.0,0.0,0.0,0.308620808647004,0.0,0.0,0.0,0.2290918621072781,0.0,0.0,0.0,0.0
0.2742814313713678,0.0,0.0,0.0,0.2738553468022712,0.0,0.2547047987453911,0.0,0.2873717472797555,0.2174146280492596,0.2874796707804052,0.0,0.2689640374863711,0.0,0.0,0.0,0.2362524439573549,0.2330157214540928,0.0,0.0,0.0,0.0,0.0,0.1965179672720108,0.2378403238178255,0.2159774652533638,0.0,0.2645397516139112,0.0,0.0,0.2419211044359526,0.1851156983064179,0.2153795672408524,0.1568980151459426,0.1940804966045785,0.1857505332694433,0.1595859685653648,0.1579356263847711,0.1786965466095945,0.3008547112281269,0.2192832995590587,0.0,0.0,0.0,0.2354685453703947,0.0,0.0,0.0,0.0,0.0,0.0,0.0,0.0,0.0,0.3099672267674426,0.0,0.3187079588504387,0.0,0.0,0.0,0.0,0.3111436041126899,0.2983858022043434,0.0,0.0,0.0,0.0,0.0,0.2893268101622437,0.2996778306199847,0.3086925223327526,0.0,0.0,0.0,0.0,0.2827684722539003
0.0,0.2896391415557294,0.3065087992362627,0.2254968290450901,0.2593378212327041,0.2651430126750844,0.2454702354169051,0.2908843071186009,0.2453955737613507,0.2744616016392419,0.3138646761085243,0.2689640374863711,0.0,0.2544486968197365,0.2690818214059261,0.309921989164324,0.2716374518624162,0.2992208211211167,0.3065175844709103,0.2953518057349872,0.2966704213130157,0.3129912033420778,0.2937595916671574,0.2510291369644798,0.2940121372250392,0.2857824107143548,0.2882860513599935,0.2389264730680579,0.2802607011223089,0.2689878689661507,0.2900424958975586,0.2680325424460101,0.2634944203073085,0.2754352844222978,0.2606678338325278,0.2246609436360791,0.233827041647826,0.2295270012658133,0.3053450676478532,0.0,0.0,0.0,0.2638868692969929,0.0,0.0,0.0,0.0,0.3227988400237733,0.0,0.0,0.2738398678657375,0.0,0.3061872262784006,0.0,0.0,0.0,0.0,0.0,0.0,0.0,0.0,0.0,0.0,0.0,0.0,0.0,0.0,0.3277918091078401,0.0,0.0,0.0,0.3143795502535418,0.0,0.2866612220673808,0.0,0.0
0.0,0.0,0.2996299215502793,0.2031139653353439,0.2024766330486536,0.282178274515643,0.2412271123517362,0.2223389925921771,0.2884872774913568,0.2644374989313023,0.1953017107473914,0.0,0.2544486968197365,0.0,0.0,0.0,0.0,0.0,0.2795853300247033,0.0,0.0,0.0,0.2610027878246946,0.0,0.0,0.0,0.2891172236616472,0.1930917942572888,0.0,0.0,0.0,0.1685770249177517,0.0,0.0,0.0,0.1728598558308781,0.1153232084637955,0.0,0.0,0.0,0.0,0.0,0.270307268470509,0.0,0.0,0.0,0.0,0.0,0.0,0.0,0.0,0.0,0.0,0.0,0.0,0.0,0.0,0.0,0.0,0.0,0.0,0.0,0.0,0.0,0.0,0.0,0.0,0.0,0.0,0.0,0.0,0.0,0.0,0.0,0.0,0.0
0.2587153289742227,0.2687115389285955,0.0,0.0,0.0,0.2214351071763274,0.0,0.2559410655148962,0.0,0.0,0.0,0.0,0.2690818214059261,0.0,0.0,0.2849110788284454,0.0,0.2729524817685343,0.0,0.2000783114728823,0.2668572589081658,0.2094440132579244,0.1994327417828298,0.2812151601283983,0.2479984987924972,0.2748905981070298,0.2347322473101597,0.264208665108587,0.2626425586870823,0.0,0.2848472528323779,0.2964999703085242,0.2802437466079709,0.3063618891229551,0.3367295132510468,0.3668977291220252,0.0,0.0,0.33502377504808,0.3280034801869741,0.3331156263690359,0.3545760145598352,0.0,0.0,0.0,0.0,0.3354128578834039,0.0,0.0,0.0,0.3066505138591444,0.0,0.3054194577316983,0.0,0.0,0.0,0.0,0.0,0.0,0.344360278633615,0.2991965098274352,0.0,0.0,0.0,0.3260947263682729,0.316238122645316,0.3461314911569487,0.3196960188709512,0.0,0.0,0.358685823566118,0.322574710442187,0.3014534898480846,0.3127860942538289,0.0,0.3158320121524043
0.2619609427518176,0.2687149674574421,0.0,0.0,0.0,0.2924729034257384,0.2968115939853304,0.2901737773797121,0.2531492304685649,0.2404279137593414,0.0,0.0,0.309921989164324,0.0,0.2849110788284454,0.0,0.2422053186378513,0.2140463731975601,0.0,0.2732949772545135,0.2771568360413043,0.2491369637313438,0.2882212303905028,0.0,0.2443411505208871,0.2735280179516172,0.2876046302079046,0.2887345985196398,0.2834919244179922,0.2828950179065659,0.2479695484772048,0.2870092260098874,0.2440807344433543,0.239636545173094,0.2838457617775777,0.0,0.0,0.0,0.2955665567092959,0.2787751793782765,0.2789762370709576,0.2991969238093951,0.0,0.0,0.0,0.2987100765288584,0.3056301352488134,0.0,0.0,0.0,0.0,0.0,0.0,0.0,0.0,0.0,0.0,0.0,0.0,0.3068028909699781,0.2897052006859905,0.0,0.2888054282990422,0.0,0.290294735428925,0.0,0.3070700807007872,0.0,0.0,0.2953048048158145,0.31566447521915,0.0,0.0,0.0,0.0,0.2836033638623036
0.0,0.0,0.0,0.0,0.0,0.0,0.268657329728924,0.0,0.0,0.2122660073765034,0.0,0.2362524439573549,0.2716374518624162,0.0,0.0,0.2422053186378513,0.0,0.2156664580430879,0.0,0.2440657057390413,0.0,0.2477542986730999,0.0,0.2288966759062786,0.2225203329010752,0.246576335735094,0.0,0.2631077409880702,0.0,0.0,0.2322989038185955,0.2689914507562668,0.2219382854837842,0.2304530085481733,0.2335857738643938,0.0,0.0,0.2102584136164909,0.0,0.2617432226023295,0.2420597611657451,0.0,0.0,0.0,0.0,0.0,0.0,0.0,0.0,0.0,0.0,0.0,0.0,0.0,0.3068080349910635,0.0,0.3189972587252248,0.0,0.0,0.0,0.0,0.2835922174402674,0.2778988008721413,0.0,0.0,0.0,0.0,0.0,0.3073897530204024,0.2909089121569678,0.2986076236195134,0.0,0.0,0.0,0.0,0.0
0.2579289698320249,0.2647182115384204,0.0,0.0,0.0,0.285662735590213,0.2856168177709031,0.0,0.0,0.2019067546079435,0.0,0.2330157214540928,0.2992208211211167,0.0,0.2729524817685343,0.2140463731975601,0.2156664580430879,0.0,0.0,0.2690657490708069,0.2616500497186938,0.2600375822554179,0.2825945676953439,0.2394943493476339,0.2255346200040582,0.256010764536315,0.2813585110664392,0.2814332589242135,0.2810548122393849,0.0,0.2465730502523538,0.2827183280961574,0.2323000812305231,0.2439490620968072,0.2680270722316011,0.0,0.0,0.0,0.2909944864609642,0.2631320566094784,0.2782722990555242,0.0,0.0,0.0,0.0,0.2963166405830814,0.2956693331711457,0.0,0.0,0.0,0.0,0.0,0.0,0.0,0.3053691522209386,0.0,0.3155067103974089,0.0,0.0,0.0,0.2859078258688364,0.2981699577239413,0.2903630536883952,0.0,0.0,0.0,0.2993587659486528,0.0,0.3238166470811896,0.2927136936607717,0.3086800624547646,0.0,0.0,0.0,0.0,0.2852283410063517
0.0,0.0,0.1688391232506502,0.2595733520876318,0.2588007212300924,0.2597498578782056,0.3156404326643984,0.2875889272265411,0.1895083716817425,0.2965317196459457,0.1950109475769928,0.0,0.3065175844709103,0.2795853300247033,0.0,0.0,0.0,0.0,0.0,0.0,0.0,0.0,0.2246776166963159,0.0,0.0,0.0,0.2280456557475917,0.2997924691733378,0.0,0.0,0.3099764314028074,0.2702441544220051,0.0,0.3039848171718708,0.3027761332367003,0.2826957034435191,0.2764748197444534,0.0,0.2918189163120224,0.0,0.0,0.0,0.3162869264845874,0.0,0.0,0.0,0.0,0.3381027230007775,0.0,0.0,0.3437221348882096,0.0,0.3551245236447753,0.3733215457703369,0.0,0.244535503848292,0.0,0.0,0.3215578078599788,0.0,0.0,0.0,0.0,0.3628202906007441,0.0,0.0,0.0,0.3655084165430001,0.0,0.0,0.0,0.3530459310081461,0.0,0.0,0.0,0.0
0.2901180286848388,0.2850239359274399,0.0,0.0,0.2810442406066659,0.2660335832649112,0.288102340212229,0.2572359484311419,0.2680090787410324,0.0,0.0,0.0,0.2953518057349872,0.0,0.2000783114728823,0.2732949772545135,0.2440657057390413,0.2690657490708069,0.0,0.0,0.2825923203188245,0.2272455028020283,0.2010597254205541,0.0,0.2672226408095446,0.2874879967630207,0.2232495787564956,0.2625998032256405,0.2235318966765444,0.254144872060929,0.2640988555632158,0.2887177787316394,0.2638758824787535,0.2968996165760355,0.3245717342500583,0.3456593458897847,0.3043210392141889,0.0,0.3136835067454582,0.2786772890064043,0.284700423516005,0.3254869366859063,0.0,0.0,0.0,0.0,0.2876062324714477,0.0,0.0,0.0,0.2925678855150835,0.0,0.0,0.0,0.0,0.0,0.0,0.0,0.0,0.3193366777956551,0.0,0.0,0.0,0.0,0.3112558620657571,0.3000678440849796,0.3206446490502462,0.3164612662381643,0.0,0.0,0.331301980820059,0.3185981531699662,0.3105525200581688,0.2874694924819021,0.0,0.3041483612044831
0.2588878613157375,0.2757762674859563,0.0,0.0,0.0,0.2560949905006145,0.0,0.2649542476739795,0.0,0.0,0.0,0.0,0.2966704213130157,0.0,0.2668572589081658,0.2771568360413043,0.0,0.2616500497186938,0.0,0.2825923203188245,0.0,0.2804238150711731,0.2780049880230225,0.3144887018106038,0.2788988088332104,0.2903254037616068,0.2699253256886812,0.2917473122554266,0.2775552764615993,0.29374850326735,0.2741202584161316,0.2878157565779494,0.2750770791832719,0.2769885099207196,0.3239592330942377,0.0,0.0,0.0,0.3089306608602208,0.2902681793282642,0.3064195055683394,0.3353611272395563,0.0,0.0,0.0,0.2449357715188695,0.3271155127231927,0.0,0.0,0.0,0.2948861067988355,0.0,0.2092128966108433,0.0,0.0,0.0,0.0,0.0,0.0,0.3100220540105387,0.3045863664284645,0.0,0.0,0.0,0.3085314271145695,0.2347169875118689,0.3330896182993532,0.3055558311219682,0.0,0.2754561351480865,0.3321258274456978,0.3094949884433874,0.3058525830736673,0.3026900985656439,0.0,0.2901990584090065
0.266923037068581,0.2669183417102322,0.0,0.0,0.3013261271906144,0.289196503715191,0.3055378149081769,0.2619626783062004,0.2738860376625636,0.2296578630636818,0.0,0.0,0.3129912033420778,0.0,0.2094440132579244,0.2491369637313438,0.2477542986730999,0.2600375822554179,0.0,0.2272455028020283,0.2804238150711731,0.0,0.2531625177404711,0.0,0.261444579016546,0.2613492465765252,0.2767852795028703,0.2882287536326458,0.2670644766813241,0.2679983105481193,0.2664063634838565,0.2937303851316333,0.2502929458804995,0.2862418515017014,0.3204388342423404,0.3531561952424578,0.3110119272631532,0.0,0.3183078178610194,0.3028026489536278,0.3112541019294976,0.3334146952490638,0.0,0.0,0.0,0.2879372302163611,0.3165927573702347,0.0,0.0,0.0,0.2884970369942504,0.0,0.0,0.0,0.0,0.0,0.0,0.0,0.0,0.3428366870611742,0.2932850418489464,0.0,0.2677600977246631,0.0,0.3194619064222038,0.3310578794867185,0.3277750980509343,0.3234651267368802,0.0,0.2828143229021052,0.3399953983001011,0.3189974436875512,0.0,0.3078282019086908,0.0,0.2934729384152634
0.3165097622039453,0.2682273121743035,0.2165878221510508,0.2723856035816102,0.2748126396031828,0.2604933374866811,0.2876175547063067,0.2556950256097015,0.2615407265126376,0.2813462058668619,0.1877391958121023,0.0,0.2937595916671574,0.2610027878246946,0.1994327417828298,0.2882212303905028,0.0,0.2825945676953439,0.2246776166963159,0.2010597254205541,0.2780049880230225,0.2531625177404711,0.0,0.3384361570330424,0.2786717011531024,0.3037805155561937,0.2070848400245155,0.2828902037866553,0.2553430737256862,0.2706088184476578,0.2942424793170609,0.2673987148793408,0.2107661820682753,0.3022651043665856,0.3030499407334902,0.281314257105905,0.2827973164491567,0.0,0.3238706295591789,0.3018567913956897,0.3433287649968929,0.337011426939566,0.3100214190588092,0.0,0.0,0.0,0.3009553148328966,0.3280892948893981,0.0,0.3203486099574995,0.3362475883242531,0.355603663733924,0.318856723495236,0.3651599031712771,0.0,0.270309539634024,0.0,0.3408909694506419,0.3220218474672717,0.319362190331159,0.0,0.0,0.0,0.2815613967094398,0.3179305350041826,0.3120747770266285,0.3200136239715289,0.3404604432149844,0.0,0.0,0.3167430486776187,0.3309232624468199,0.3276098588273913,0.3124944204673964,0.329305605394585,0.3388358492608618
0.2601276323762646,0.0,0.0,0.0,0.0,0.0,0.0,0.3466561998367011,0.0,0.2157302920368332,0.0,0.1965179672720108,0.2510291369644798,0.0,0.2812151601283983,0.0,0.2288966759062786,0.2394943493476339,0.0,0.0,0.3144887018106038,0.0,0.3384361570330424,0.0,0.2594887483071715,0.2388119444120433,0.267147340959582,0.2541132417798126,0.0,0.0,0.2411432836491371,0.2015285801483797,0.181669475363553,0.1583980611449507,0.1715623195032804,0.2059781345949108,0.0,0.1628167427478548,0.0,0.2876328352531515,0.2337779095019616,0.0,0.0,0.0,0.2334895260483267,0.2865763486924682,0.0,0.0,0.0,0.0,0.0,0.0,0.0,0.0,0.3078864787724614,0.0,0.3153508429648727,0.0,0.0,0.0,0.3046883755171219,0.3127002324450346,0.3145724341931559,0.0,0.0,0.0,0.0,0.0,0.2934415944887542,0.312478410709743,0.3155478614643284,0.0,0.0,0.0,0.0,0.2934275878515268
0.2586062931251272,0.2520736671232388,0.0,0.0,0.2578751330621647,0.2670947299788703,0.2811914929391205,0.3165159722823002,0.0,0.2144161246250089,0.0,0.2378403238178255,0.2940121372250392,0.0,0.2479984987924972,0.2443411505208871,0.2225203329010752,0.2255346200040582,0.0,0.2672226408095446,0.2788988088332104,0.261444579016546,0.2786717011531024,0.2594887483071715,0.0,0.2341242484769852,0.266552477480615,0.2801219335260197,0.2618939768830884,0.0,0.2465035300736121,0.2727171696657595,0.2158039894398044,0.2312364475895152,0.2616068726394471,0.0,0.0,0.2128985285528168,0.303024646373505,0.2735536580527869,0.2868739348527443,0.2958563256671076,0.0,0.0,0.0,0.292707886763796,0.3024852895691811,0.0,0.0,0.0,0.0,0.0,0.0,0.0,0.3096884678735503,0.0,0.3144659102761877,0.0,0.0,0.0,0.2916952201044211,0.3051047196121664,0.2994269804643258,0.0,0.2749652527296953,0.2943582160749309,0.283440785412131,0.0,0.305615580061843,0.3004052568298752,0.3141306443749626,0.0,0.0,0.0,0.0,0.2950233251631584
0.249440593599442,0.2568631485800732,0.0,0.0,0.0,0.2805216145955497,0.2588653965848344,0.3279693998066206,0.0,0.2307089413668078,0.0,0.2159774652533638,0.2857824107143548,0.0,0.2748905981070298,0.2735280179516172,0.246576335735094,0.256010764536315,0.0,0.2874879967630207,0.2903254037616068,0.2613492465765252,0.3037805155561937,0.2388119444120433,0.2341242484769852,0.0,0.291851075974382,0.2779538354478983,0.2773896676385129,0.0,0.2632676036446598,0.2880669994032921,0.250827686429403,0.2593297643572411,0.3061447274775047,0.0,0.0,0.2198111902719477,0.3185623084651644,0.3019539400506362,0.3054474659514434,0.3160621999137281,0.0,0.0,0.2667934905340646,0.3056533303046134,0.3312017857192457,0.0,0.0,0.0,0.0,0.0,0.0,0.0,0.3241202871106833,0.0,0.3257665836762828,0.0,0.0,0.3523538789055012,0.3117812287569483,0.3176217786246199,0.3131796475449957,0.0,0.3331139831033548,0.3405000247989623,0.3453416737161849,0.3171602323996884,0.3152023426027719,0.3131954916132454,0.3287820399380665,0.3236703905774101,0.0,0.3159882566056879,0.0,0.3085313591615923
0.2665633554254616,0.2772021979467785,0.1933523840216371,0.2677687619278968,0.2639571302110139,0.2458191539231015,0.2782336913788403,0.278568741294779,0.2262596507958553,0.2683223173329894,0.2484460885649805,0.0,0.2882860513599935,0.2891172236616472,0.2347322473101597,0.2876046302079046,0.0,0.2813585110664392,0.2280456557475917,0.2232495787564956,0.2699253256886812,0.2767852795028703,0.2070848400245155,0.267147340959582,0.266552477480615,0.291851075974382,0.0,0.2760631832263216,0.2411792541690078,0.2626744841897377,0.2785368853306608,0.2683809916615598,0.2342664824159541,0.2948952902606183,0.3061036717638614,0.2928842707831877,0.2774833616540904,0.0,0.3134829630047031,0.0,0.2700611145783517,0.3225060824086789,0.3136815827808226,0.0,0.0,0.0,0.2672581158788679,0.3608715222855854,0.0,0.0,0.3243852507674438,0.334611722965594,0.3073942947999082,0.3588066922303279,0.0,0.3344283516758868,0.0,0.3150301842425673,0.3188357849821743,0.3137005811133784,0.0,0.0,0.0,0.3530508654649433,0.3063719413136751,0.2911103100089455,0.3057897167017752,0.3300857469928947,0.0,0.0,0.3069325894278281,0.3179966912862302,0.2938689012885885,0.2926676195946495,0.2984604461834562,0.3237530278498446
0.3123214333221207,0.2819917466395753,0.3046039271587496,0.1771340941838763,0.2927814730756821,0.2537977264461457,0.277766922375729,0.2892347797287706,0.3011420867771096,0.2656153989311605,0.3089781565643941,0.2645397516139112,0.2389264730680579,0.1930917942572888,0.264208665108587,0.2887345985196398,0.2631077409880702,0.2814332589242135,0.2997924691733378,0.2625998032256405,0.2917473122554266,0.2882287536326458,0.2828902037866553,0.2541132417798126,0.2801219335260197,0.2779538354478983,0.2760631832263216,0.0,0.2169976829612238,0.2049901417001587,0.2709745839901211,0.2632015439847971,0.2265199596598172,0.256344442340884,0.2357561583216856,0.2055544561981971,0.1980665036318966,0.2340266273960124,0.2926252567487568,0.0,0.3261928187942511,0.0,0.2501649420269453,0.0,0.0,0.0,0.0,0.0,0.0,0.0,0.3116918152659456,0.0,0.2949129008767044,0.0,0.0,0.0,0.0,0.0,0.0,0.3035549823947236,0.0,0.0,0.0,0.0,0.3171725689528875,0.3060185017452174,0.0,0.3307875060217823,0.0,0.0,0.0,0.3210059805064972,0.3009836760006235,0.3047490546285226,0.0,0.3131735600746955
0.278190196803169,0.2770546720337598,0.0,0.0,0.2855353323217722,0.2321615632491027,0.2970419723243624,0.2595590240973756,0.2715694412641182,0.0,0.0,0.0,0.2802607011223089,0.0,0.2626425586870823,0.2834919244179922,0.0,0.2810548122393849,0.0,0.2235318966765444,0.2775552764615993,0.2670644766813241,0.2553430737256862,0.0,0.2618939768830884,0.2773896676385129,0.2411792541690078,0.2169976829612238,0.0,0.247762855512564,0.2572041152517275,0.2695905779636006,0.2151025760902681,0.2912978149878233,0.3123366159195744,0.3241473176844695,0.2702748243991941,0.0,0.3114738581896594,0.0,0.3161015764806693,0.302400327461432,0.0,0.0,0.0,0.0,0.2679219244183985,0.0,0.0,0.0,0.2944171289285008,0.0,0.2752979742016118,0.0,0.0,0.0,0.0,0.2911833954562995,0.0,0.3098016901307898,0.0,0.0,0.0,0.0,0.3092722825233715,0.3044676642232372,0.3076333050222685,0.3183187477281659,0.0,0.0,0.2921902425802709,0.3119217824424425,0.3013521114595767,0.302513329860625,0.0,0.3072853581511291
0.0,0.0,0.2946582678239335,0.0,0.0,0.2779436333150038,0.0,0.2917460896522225,0.2794847594221804,0.0,0.0,0.0,0.2689878689661507,0.0,0.0,0.2828950179065659,0.0,0.0,0.0,0.254144872060929,0.29374850326735,0.2679983105481193,0.2706088184476578,0.0,0.0,0.0,0.2626744841897377,0.2049901417001587,0.247762855512564,0.0,0.2477869804242378,0.2825324892333589,0.0,0.2728289578260772,0.2769608200208021,0.0,0.0,0.0,0.0,0.0,0.0,0.0,0.0,0.0,0.0,0.0,0.0,0.0,0.0,0.0,0.0,0.0,0.0,0.0,0.0,0.0,0.0,0.0,0.0,0.0,0.0,0.0,0.0,0.0,0.3161513641589588,0.0,0.0,0.3325027740655685,0.0,0.0,0.0,0.328026777510129,0.0,0.0,0.0,0.0
0.2505511785004438,0.2548539940378806,0.3216236487852457,0.0,0.3017569684254196,0.288462318810271,0.2964328748810991,0.3150117525042918,0.3174100998082862,0.2298669416628111,0.3212093999036532,0.2419211044359526,0.2900424958975586,0.0,0.2848472528323779,0.2479695484772048,0.2322989038185955,0.2465730502523538,0.3099764314028074,0.2640988555632158,0.2741202584161316,0.2664063634838565,0.2942424793170609,0.2411432836491371,0.2465035300736121,0.2632676036446598,0.2785368853306608,0.2709745839901211,0.2572041152517275,0.2477869804242378,0.0,0.2696049598569208,0.2295642108579938,0.2018795159338704,0.2142914202654054,0.2829924800666645,0.2027833545625663,0.1943771573578966,0.3079371497526547,0.2723143774990429,0.0,0.0,0.0,0.0,0.0,0.0,0.2959963355030603,0.0,0.0,0.0,0.3355427463422059,0.0,0.3444305995616103,0.0,0.2855841396877003,0.0,0.2722634209575698,0.0,0.0,0.3235982161226935,0.2855806656719223,0.0,0.2937619106041378,0.0,0.3182601800169511,0.286688696323861,0.3186026018790177,0.3422729981220968,0.0,0.2945876752572852,0.3093987460565492,0.3329956766963277,0.2965252651505759,0.308706920220145,0.0,0.0
0.276018079928263,0.2811207385912248,0.2948069181184224,0.2076931538460386,0.2566826934193848,0.2728063498721886,0.2678048617175233,0.2337715855439965,0.2943874387929586,0.2572458012039027,0.2654141105257003,0.1851156983064179,0.2680325424460101,0.1685770249177517,0.2964999703085242,0.2870092260098874,0.2689914507562668,0.2827183280961574,0.2702441544220051,0.2887177787316394,0.2878157565779494,0.2937303851316333,0.2673987148793408,0.2015285801483797,0.2727171696657595,0.2880669994032921,0.2683809916615598,0.2632015439847971,0.2695905779636006,0.2825324892333589,0.2696049598569208,0.0,0.2409440079101174,0.22457774454539,0.2448554905694108,0.1843692645296658,0.2114428273509123,0.1842380024410674,0.1816684447246489,0.203389144178174,0.2095141115954426,0.2352078420281512,0.1840367260843098,0.1842074103100883,0.1754715979582101,0.2867500456093927,0.3122699632066168,0.3381301716104989,0.0,0.0,0.3127577325737803,0.0,0.3101518405102983,0.2644852309931013,0.1758342025816655,0.2877400174164283,0.1719627592306604,0.2474692228201455,0.0,0.332592329493857,0.2795775692120614,0.0,0.2884719548156245,0.3232728774449839,0.3215516558804563,0.3087161153597796,0.3318497519531456,0.3304928012929323,0.0,0.2993737325937802,0.3154678807936771,0.3226507154508929,0.2354442185783768,0.3147313420023229,0.0,0.3349640612083782
0.2197827993940249,0.2407850001704102,0.0,0.0,0.2372433569769045,0.2292470332497779,0.2696618237474615,0.2735732301448007,0.2837297489973307,0.2105196586437532,0.2529324307625939,0.2153795672408524,0.2634944203073085,0.0,0.2802437466079709,0.2440807344433543,0.2219382854837842,0.2323000812305231,0.0,0.2638758824787535,0.2750770791832719,0.2502929458804995,0.2107661820682753,0.181669475363553,0.2158039894398044,0.250827686429403,0.2342664824159541,0.2265199596598172,0.2151025760902681,0.0,0.2295642108579938,0.2409440079101174,0.0,0.1629441264458473,0.2646845257363268,0.3051315534767551,0.2683423944006979,0.1257335095536642,0.235735688226506,0.2208207649804852,0.196529007347814,0.2533477047311852,0.0,0.0,0.1825471232538705,0.0,0.3071671935361782,0.0,0.0,0.0,0.0,0.0,0.0,0.0,0.2500566805832209,0.0,0.2676823397721492,0.0,0.0,0.3510015923603939,0.2903459945337286,0.2659141218840185,0.2945730721535577,0.0,0.3139066209426585,0.2976204497477456,0.342974482824693,0.3229427941514059,0.2358587432790805,0.2834014287096182,0.3006922377254161,0.0,0.0,0.0,0.0,0.2479729580728322
0.2427858572060743,0.2476851521267065,0.3346708211657456,0.1823522665035681,0.3065192120316339,0.2950762351241869,0.2822050898610047,0.3131294494420701,0.3166206628623549,0.1967750661701095,0.3141200458803309,0.1568980151459426,0.2754352844222978,0.0,0.3063618891229551,0.239636545173094,0.2304530085481733,0.2439490620968072,0.3039848171718708,0.2968996165760355,0.2769885099207196,0.2862418515017014,0.3022651043665856,0.1583980611449507,0.2312364475895152,0.2593297643572411,0.2948952902606183,0.256344442340884,0.2912978149878233,0.2728289578260772,0.2018795159338704,0.22457774454539,0.1629441264458473,0.0,0.1699900895431977,0.2316071388087195,0.193041527358942,0.1302479063428938,0.2123300546487463,0.1906217372918197,0.1785844025882424,0.179909873772996,0.0,0.0,0.1647182668116091,0.2234476329852715,0.2981171547685982,0.0,0.0,0.0,0.334949390029839,0.0,0.3402362288621,0.0,0.2353970349027107,0.0,0.2399865339409626,0.0,0.0,0.3344024387900031,0.2824504328394406,0.0,0.2881898945250012,0.0,0.3300464335838942,0.2798687164442068,0.3276083228437615,0.347742325223157,0.1608427865320215,0.2882517758284053,0.3114246209036548,0.341457169842501,0.2220958935969031,0.3231235076258702,0.0,0.2466858970565822
0.2892777244757372,0.2897270653872629,0.314512641987861,0.260144456206716,0.3045677156816894,0.296090200921814,0.2873600617369349,0.3193823644795183,0.3149315373187623,0.2004247985959766,0.2995245211185969,0.1940804966045785,0.2606678338325278,0.0,0.3367295132510468,0.2838457617775777,0.2335857738643938,0.2680270722316011,0.3027761332367003,0.3245717342500583,0.3239592330942377,0.3204388342423404,0.3030499407334902,0.1715623195032804,0.2616068726394471,0.3061447274775047,0.3061036717638614,0.2357561583216856,0.3123366159195744,0.2769608200208021,0.2142914202654054,0.2448554905694108,0.2646845257363268,0.1699900895431977,0.0,0.3062899695487041,0.2325156182398488,0.1450576491317577,0.2153454006072806,0.2063164358597498,0.2094453182233465,0.2491861973429079,0.20022722176803,0.200773110808868,0.184864753629146,0.0,0.3255475676912983,0.0,0.0,0.0,0.0,0.0,0.0,0.0,0.0,0.0,0.2111976459616675,0.0,0.0,0.357338657445094,0.2977221038567114,0.0,0.3113454091560451,0.0,0.3356432563985958,0.0,0.3527789729158814,0.3323587836077225,0.0,0.3045064933320081,0.3192039216127006,0.3054158046098033,0.0,0.0,0.0,0.0
0.0,0.0,0.3006508194988377,0.1472568773164646,0.1706180602222795,0.2995671376101253,0.1955779429046968,0.1792798000039111,0.3068712456486985,0.1928821854739419,0.2448538384788502,0.1857505332694433,0.2246609436360791,0.1728598558308781,0.3668977291220252,0.0,0.0,0.0,0.2826957034435191,0.3456593458897847,0.0,0.3531561952424578,0.281314257105905,0.2059781345949108,0.0,0.0,0.2928842707831877,0.2055544561981971,0.3241473176844695,0.0,0.2829924800666645,0.1843692645296658,0.3051315534767551,0.2316071388087195,0.3062899695487041,0.0,0.1280815847795212,0.210040102984246,0.1965545670325083,0.2407972715453767,0.2021399865785494,0.220044525259681,0.2491285243284302,0.0,0.0,0.0,0.0,0.3210419260441287,0.0,0.0,0.0,0.0,0.2391369043463821,0.3141433232307148,0.0,0.227213446800878,0.2131077818354133,0.0,0.2586613543412585,0.0,0.0,0.0,0.0,0.2838284392464798,0.0,0.0,0.0,0.2872508481301604,0.0,0.0,0.0,0.0,0.2531525242488344,0.2337549665608543,0.0,0.0
0.0,0.0,0.2780291152389834,0.1203682017273021,0.193345865927866,0.2870600849225027,0.1944103824735794,0.23770271772405,0.2933551929913157,0.1750022591989513,0.2813642029768355,0.1595859685653648,0.233827041647826,0.1153232084637955,0.0,0.0,0.0,0.0,0.2764748197444534,0.3043210392141889,0.0,0.3110119272631532,0.2827973164491567,0.0,0.0,0.0,0.2774833616540904,0.1980665036318966,0.2702748243991941,0.0,0.2027833545625663,0.2114428273509123,0.2683423944006979,0.193041527358942,0.2325156182398488,0.1280815847795212,0.0,0.1981038654327712,0.1965518608287818,0.0,0.0,0.2154528312375852,0.0,0.0,0.0,0.0,0.0,0.0,0.0,0.0,0.0,0.0,0.0,0.0,0.0,0.0,0.0,0.0,0.0,0.0,0.0,0.0,0.0,0.0,0.0,0.0,0.0,0.0,0.0,0.0,0.0,0.0,0.0,0.0,0.0,0.0
0.0,0.0,0.0,0.0,0.2627219418093816,0.0,0.2649207301073744,0.0,0.27297560462844,0.1920492388729599,0.2820867437432118,0.1579356263847711,0.2295270012658133,0.0,0.0,0.0,0.2102584136164909,0.0,0.0,0.0,0.0,0.0,0.0,0.1628167427478548,0.2128985285528168,0.2198111902719477,0.0,0.2340266273960124,0.0,0.0,0.1943771573578966,0.1842380024410674,0.1257335095536642,0.1302479063428938,0.1450576491317577,0.210040102984246,0.1981038654327712,0.0,0.1739280087059308,0.1756689885245575,0.1726478807444785,0.1752533601083011,0.0,0.0,0.1721349246713212,0.0,0.0,0.0,0.0,0.0,0.0,0.0,0.0,0.0,0.2439114143265442,0.0,0.2444711252374111,0.0,0.0,0.0,0.0,0.0,0.0,0.0,0.0,0.0,0.0,0.0,0.2309251173500961,0.0,0.2653546187697513,0.0,0.0,0.0,0.0,0.0
0.3045127042829942,0.3090631530878041,0.3185293939164676,0.0,0.0,0.3209039854405713,0.0,0.2945380673234788,0.331156982436255,0.0,0.2531917493380509,0.1786965466095945,0.3053450676478532,0.0,0.33502377504808,0.2955665567092959,0.0,0.2909944864609642,0.2918189163120224,0.3136835067454582,0.3089306608602208,0.3183078178610194,0.3238706295591789,0.0,0.303024646373505,0.3185623084651644,0.3134829630047031,0.2926252567487568,0.3114738581896594,0.0,0.3079371497526547,0.1816684447246489,0.235735688226506,0.2123300546487463,0.2153454006072806,0.1965545670325083,0.1965518608287818,0.1739280087059308,0.0,0.2254971242573625,0.2454454887200998,0.2569974618779217,0.1872317867795074,0.2156794546768458,0.1767681041414117,0.2820120693037548,0.2653047542335913,0.2986633365396151,0.210596463752112,0.2700460425884174,0.2748896940708627,0.2597432034379673,0.2107617074417541,0.299039872061886,0.1944137430998561,0.2649605118454124,0.1760936936572608,0.2648527890694718,0.1789081996170934,0.2782221457340004,0.2732347811015598,0.2783502906115788,0.280552754682462,0.2926674591372191,0.2767360945142296,0.2642826130465441,0.275788118996978,0.2689337300482734,0.1774677627722458,0.2657978784129127,0.2726940218170344,0.263991945835614,0.24241375303373,0.257731249294773,0.2511851980040281,0.2587087646152287
0.3102470945551935,0.2958556832182418,0.0,0.0,0.0,0.0,0.0,0.0,0.0,0.2871493319477372,0.0,0.3008547112281269,0.0,0.0,0.3280034801869741,0.2787751793782765,0.2617432226023295,0.2631320566094784,0.0,0.2786772890064043,0.2902681793282642,0.3028026489536278,0.3018567913956897,0.2876328352531515,0.2735536580527869,0.3019539400506362,0.0,0.0,0.0,0.0,0.2723143774990429,0.203389144178174,0.2208207649804852,0.1906217372918197,0.2063164358597498,0.2407972715453767,0.0,0.1756689885245575,0.2254971242573625,0.0,0.1727569337127313,0.239488873590705,0.0,0.1859402534220927,0.1363710149333008,0.2511109843182296,0.2363709174094341,0.0,0.0,0.3010930783237849,0.2346478200625051,0.2363547922678769,0.2457294794615463,0.2776346703302016,0.2034875498462688,0.2792591559177085,0.2067119741420354,0.2238545095154006,0.0,0.2595788475374068,0.2333930549291417,0.2255664597313045,0.2315335912485455,0.0,0.238744246722255,0.2456503543428017,0.2496157978389866,0.2345367197494436,0.1893808201701332,0.2141620979829315,0.2452180167680962,0.2159695051483745,0.2328244023861188,0.2283804429878513,0.2415456089858907,0.2147301724665904
0.2813667340663363,0.2986915733999522,0.0,0.0,0.0,0.2958555380813199,0.0,0.3333988071309686,0.0,0.2504467437797463,0.0,0.2192832995590587,0.0,0.0,0.3331156263690359,0.2789762370709576,0.2420597611657451,0.2782722990555242,0.0,0.284700423516005,0.3064195055683394,0.3112541019294976,0.3433287649968929,0.2337779095019616,0.2868739348527443,0.3054474659514434,0.2700611145783517,0.3261928187942511,0.3161015764806693,0.0,0.0,0.2095141115954426,0.196529007347814,0.1785844025882424,0.2094453182233465,0.2021399865785494,0.0,0.1726478807444785,0.2454454887200998,0.1727569337127313,0.0,0.2202311539475996,0.2761550691685429,0.186756931676802,0.1509564312929921,0.2488682591367355,0.237918921851786,0.3225197070208078,0.1705574381727583,0.3266835740639545,0.3023751096004334,0.2482142396291878,0.3033819335595846,0.3194762647735883,0.2085563772232406,0.3126614733880146,0.1861029297393217,0.258633494933971,0.2747097495772653,0.282725253487331,0.2400730756688889,0.2337088142831649,0.243566511720165,0.3104104089059959,0.2658883472323514,0.2555129480125178,0.2649381206339694,0.3008056711963409,0.1912841090661349,0.228447937578422,0.2471204361862436,0.2851367790831481,0.2324488706922065,0.2664502860850973,0.2501607816892756,0.1802191007421068
0.0,0.3155544175051117,0.0,0.0,0.0,0.2983853713719921,0.0,0.0,0.0,0.0,0.0,0.0,0.0,0.0,0.3545760145598352,0.2991969238093951,0.0,0.0,0.0,0.3254869366859063,0.3353611272395563,0.3334146952490638,0.337011426939566,0.0,0.2958563256671076,0.3160621999137281,0.3225060824086789,0.0,0.302400327461432,0.0,0.0,0.2352078420281512,0.2533477047311852,0.179909873772996,0.2491861973429079,0.220044525259681,0.2154528312375852,0.1752533601083011,0.2569974618779217,0.239488873590705,0.2202311539475996,0.0,0.3356563133938671,0.2361213774133553,0.1813237380553812,0.2867847418036641,0.2768595334801195,0.3142489022599758,0.2086598154332818,0.3059253001283518,0.297752398116562,0.2590859287687129,0.2982236307085236,0.3083576508295393,0.2008849425030427,0.288125940912029,0.2134313693707087,0.2641943225887201,0.0,0.3121069230019499,0.2779341105749653,0.2484295925437974,0.255431412491556,0.3035703154759116,0.2943216316254953,0.2834575933052076,0.3043824360904115,0.2949683843711224,0.2024847387805042,0.2492452151428569,0.2879647686730165,0.2937579988898453,0.2350081649808353,0.2765747496624263,0.2552703721955092,0.1462943303392252
