0.0,0.3805316008304928,0.0,0.0,0.0,0.3714836989218394,0.0,0.4846846033210548,0.0,0.3960712218532811,0.0,0.3919110043723126,0.0,0.0,0.3696691530223118,0.3743066953780668,0.0,0.3685455523480874,0.0,0.4145393563097022,0.3699156783627685,0.3813968558666923,0.4522495678208674,0.3716871432377094,0.3695133555666913,0.3564168127605453,0.3808829195301914,0.4462650133050536,0.3974961005947354,0.0,0.3580036881163292,0.3943924398700477,0.3140398430313224,0.3469080960722965,0.413338675443627,0.0,0.0,0.0,0.4351073974748672,0.4433010642491871,0.4020349419702145,0.0,0.0,0.0,0.0,0.3513467580109306,0.462975881947093,0.0,0.0,0.0,0.0,0.0,0.0,0.0,0.4229405140309286,0.0,0.0,0.0,0.0,0.0,0.4404020005873517,0.0,0.4313918294148772,0.0,0.0,0.2996547248046384,0.4676156686483902,0.0,0.4551877212786085,0.4381943784823591,0.4550630599351475,0.0,0.0,0.0,0.0,0.0
0.3805316008304928,0.0,0.0,0.0,0.3639397856824575,0.384320768248215,0.3821983359844035,0.4446534695917908,0.3398552880062747,0.0,0.0,0.0,0.4138550914842931,0.0,0.383952382709233,0.3839572816124401,0.0,0.3782464589051822,0.0,0.4072605879332356,0.3940469226519834,0.381390146835763,0.3832604882828779,0.0,0.3601791180837233,0.3670226381819871,0.3960843840881141,0.4029280002574588,0.395873589545979,0.0,0.3641518285517728,0.4016834477650108,0.3440491424547225,0.3539085247322351,0.4139807227271823,0.0,0.0,0.0,0.4416093722987598,0.4227376872710231,0.4267897901197169,0.4508845096812419,0.0,0.0,0.0,0.457173125353324,0.4542502274076774,0.0,0.0,0.0,0.0,0.0,0.0,0.0,0.0,0.0,0.0,0.0,0.0,0.468736793077999,0.4342304569799507,0.0,0.4226576214979564,0.0,0.4385307305114307,0.4650278830895294,0.4577112326553378,0.4120947223314734,0.0,0.4368293519161584,0.4706598216193797,0.4282651948497873,0.0,0.4327576583435215,0.0,0.4164170457259792
0.0,0.0,0.0,0.0,0.3593480690937904,0.3531759680918461,0.4329034419318427,0.43768338471731,0.2564800227382993,0.3997213169490076,0.3333137355902145,0.0,0.4379595467218892,0.4281305624943063,0.0,0.0,0.0,0.0,0.2412482319333938,0.0,0.0,0.0,0.3094746534230427,0.0,0.0,0.0,0.2762743603926345,0.4352377426049779,0.0,0.4210267429045456,0.4595566188899205,0.4212391440354648,0.0,0.4781992605237142,0.4493959536121896,0.4295892873462976,0.3972659368636721,0.0,0.4551353479079821,0.0,0.0,0.0,0.4724886612854109,0.0,0.0,0.0,0.0,0.3933034554359196,0.0,0.4738671286312243,0.5114226828082579,0.0,0.491464293646321,0.5094751114785626,0.0,0.443061287931184,0.0,0.0,0.486162420487768,0.0,0.0,0.0,0.0,0.4376674625442347,0.0,0.0,0.0,0.519045474984886,0.0,0.0,0.0,0.5089929601111315,0.0,0.0,0.0,0.0
0.0,0.0,0.0,0.0,0.2404177300994868,0.398145803678988,0.2635598062587983,0.3098159195767814,0.4045005273666212,0.2399756218218426,0.3683881803992855,0.0,0.3222044172366031,0.2902223375407374,0.0,0.0,0.0,0.0,0.3708951518019941,0.0,0.0,0.0,0.3892021233172372,0.0,0.0,0.0,0.3826052821075059,0.2531006215516986,0.0,0.0,0.0,0.2967653775105363,0.0,0.2605566828117454,0.3717111822120455,0.210410126566995,0.1719898521659842,0.0,0.0,0.0,0.0,0.0,0.0,0.0,0.0,0.0,0.0,0.0,0.0,0.0,0.0,0.0,0.0,0.0,0.0,0.0,0.0,0.0,0.0,0.0,0.0,0.0,0.0,0.0,0.0,0.0,0.0,0.0,0.0,0.0,0.0,0.0,0.0,0.0,0.0,0.0
0.0,0.3639397856824575,0.3593480690937904,0.2404177300994868,0.0,0.3691942144548302,0.3089807388105867,0.382991151807117,0.3236583570931413,0.4400898546420653,0.324245565777299,0.3913021872511998,0.3705586101212327,0.2893116760521093,0.0,0.0,0.0,0.0,0.3697911669865681,0.4015741425094161,0.0,0.4305542105436913,0.392670028964756,0.0,0.3684686268980394,0.0,0.3771589768035265,0.4183450574870885,0.4079913040941257,0.0,0.4311698242956441,0.3667647922063556,0.338988614171217,0.4379744251956958,0.4351860013103758,0.2437900918463324,0.2762650469197403,0.375394059927264,0.0,0.0,0.0,0.0,0.3710124594987686,0.0,0.0,0.0,0.0,0.5046755757061964,0.0,0.0,0.0,0.0,0.4898313896969541,0.387996509916046,0.0,0.4240156828815053,0.0,0.0,0.0,0.0,0.0,0.0,0.0,0.0,0.0,0.0,0.0,0.4974290896244928,0.0,0.0,0.0,0.4409434494322701,0.0,0.0,0.0,0.0
0.3714836989218394,0.384320768248215,0.3531759680918461,0.398145803678988,0.3691942144548302,0.0,0.3798071248766874,0.3881214021009824,0.3152645161827737,0.4126133773946389,0.376556599234321,0.0,0.3788534421752348,0.4031945233206046,0.3164007669890861,0.4179041532639201,0.0,0.4081733461034783,0.3711473546628129,0.3801259468890187,0.3659250443604434,0.4132226219810124,0.3722096862928875,0.0,0.3816421817736581,0.4008273807475879,0.3512422661143062,0.3626425652717431,0.3317274194417088,0.3971437947758354,0.4121735712230244,0.3898033127616048,0.3275629509481707,0.4216239615482507,0.4230727812957645,0.428040852750117,0.4101699689792542,0.0,0.4585283174740678,0.0,0.4227374798900257,0.4263522689075856,0.4145474746243776,0.0,0.0,0.0,0.0,0.5155526987945304,0.0,0.0,0.4701317596924699,0.4780996768808814,0.4376844891096664,0.5134083556564008,0.0,0.4623965758725832,0.0,0.4755820630612886,0.0,0.4109126430458711,0.0,0.0,0.0,0.5089145071122101,0.4194413777858009,0.4113199098313567,0.3932596416141123,0.4790260069934066,0.0,0.0,0.0,0.4634414807085129,0.439875272922208,0.431270787211082,0.0,0.4737792549884162
0.0,0.3821983359844035,0.4329034419318427,0.2635598062587983,0.3089807388105867,0.3798071248766874,0.0,0.4178307475515679,0.3498652872119142,0.367341608055814,0.4507625978935164,0.36393864869255,0.3507437088422234,0.3446808608622078,0.0,0.4241035542454913,0.3838749251074433,0.4081077357608665,0.4510074136900869,0.4116592105781722,0.0,0.4365721416709995,0.4109665177714399,0.0,0.4017845461419913,0.3698835793059451,0.3975582484505012,0.3968912987853176,0.4244327336791272,0.0,0.4235624159563546,0.3826568638158971,0.3853102109659234,0.4032328388160457,0.4105985952046779,0.279454382506376,0.2777860968373944,0.3785358305019614,0.0,0.0,0.0,0.0,0.0,0.0,0.0,0.0,0.0,0.0,0.0,0.0,0.4186622935008933,0.0,0.0,0.0,0.0,0.0,0.0,0.0,0.0,0.0,0.0,0.0,0.0,0.0,0.0,0.0,0.0,0.4828568805339591,0.0,0.0,0.0,0.4389073512199579,0.0,0.0,0.0,0.0
0.4846846033210548,0.4446534695917908,0.43768338471731,0.3098159195767814,0.382991151807117,0.3881214021009824,0.4178307475515679,0.0,0.4777375024658604,0.4069012238220245,0.2807996201541063,0.0,0.4156342643722094,0.3176922967852957,0.3657051064103997,0.4146190136415566,0.0,0.0,0.410925612981453,0.3675553186603252,0.3785837225635081,0.3743091752501381,0.3653535487206268,0.4953247428038355,0.4522584411814633,0.4686238373445172,0.3980369893860938,0.4132773132185868,0.3708746790451477,0.4168656348540298,0.4501091149181124,0.3340279231670206,0.3908990807702885,0.4474195588662863,0.4563541272777477,0.2561665444572809,0.339644978442334,0.0,0.4208549926747771,0.0,0.476381724807014,0.0,0.3571849362371361,0.0,0.0,0.0,0.0,0.5041430286031708,0.0,0.4376008021642661,0.4423057169916692,0.4550726597763834,0.3346172205042606,0.5066065401265275,0.0,0.4030704882651873,0.0,0.4668928068099875,0.4028332770688559,0.3592150689071196,0.0,0.0,0.0,0.481111737772995,0.4592978505204313,0.2607072996009472,0.0,0.4542207005296164,0.0,0.0,0.0,0.4558149754036337,0.4365539028381764,0.413078936709934,0.0,0.4778801269955702
0.0,0.3398552880062747,0.2564800227382993,0.4045005273666212,0.3236583570931413,0.3152645161827737,0.3498652872119142,0.4777375024658604,0.0,0.4401367631880465,0.3055492600355498,0.4106152922621513,0.3506370274519808,0.4122092337967656,0.0,0.3617159523813467,0.0,0.0,0.2707817875654644,0.3829486622741201,0.0,0.3913460403324023,0.3737062633053334,0.0,0.0,0.0,0.323294386167437,0.4302912417275335,0.3880359379434048,0.3993458551833087,0.4535360282751067,0.4206397649125909,0.4054113701532033,0.452408029836344,0.4499944982859561,0.4384774335391581,0.4191648255160072,0.3900451548767841,0.4731784610521947,0.0,0.0,0.0,0.486836702220813,0.0,0.0,0.0,0.0,0.5380707764484332,0.0,0.0,0.5012765751267817,0.0,0.5202486176940786,0.5113742992908291,0.0,0.4815030250460601,0.0,0.0,0.496778515798148,0.0,0.0,0.0,0.0,0.5270074222333241,0.0,0.0,0.0,0.5241148685733534,0.0,0.0,0.0,0.5042492329079005,0.0,0.0,0.0,0.0
0.3960712218532811,0.0,0.3997213169490076,0.2399756218218426,0.4400898546420653,0.4126133773946389,0.367341608055814,0.4069012238220245,0.4401367631880465,0.0,0.4512538698828552,0.3106560470316725,0.3921684432747112,0.3778453586219966,0.0,0.3435389143532066,0.3032993656518823,0.2884973969703934,0.4237036517333239,0.0,0.0,0.3281499710909056,0.4020056099544315,0.3082493590724111,0.3063715918910662,0.3296518195805846,0.3833962377828532,0.3795284181338508,0.0,0.0,0.3284487160820187,0.3675693969376961,0.3008040699170801,0.2811649094602408,0.2863798826123062,0.2756025103728926,0.2500545181901963,0.274412342531974,0.0,0.4102974908866688,0.3578544650498049,0.0,0.0,0.0,0.3379018320096263,0.0,0.0,0.0,0.0,0.0,0.0,0.0,0.0,0.0,0.4436276900441979,0.0,0.4563012670276137,0.0,0.0,0.0,0.0,0.430547246099481,0.4018192966000522,0.0,0.0,0.0,0.0,0.0,0.4104586836979244,0.4172973142907558,0.439815501241878,0.0,0.4046440713483681,0.0,0.0,0.3982568372920094
0.0,0.0,0.3333137355902145,0.3683881803992855,0.324245565777299,0.376556599234321,0.4507625978935164,0.2807996201541063,0.3055492600355498,0.4512538698828552,0.0,0.4107695003225493,0.4484700981603636,0.2790596841789383,0.0,0.0,0.0,0.0,0.2786442230025267,0.0,0.0,0.0,0.2682538749447841,0.0,0.0,0.0,0.3549957998069509,0.4414879237825725,0.0,0.0,0.4589647133626914,0.3792408042740354,0.3614061749746521,0.4488349869654666,0.4279799595576242,0.3498629611303666,0.4020313253862428,0.4030637382478597,0.3617767060851673,0.0,0.0,0.0,0.3441388699226608,0.0,0.0,0.0,0.0,0.3098733685221396,0.0,0.3794227327371635,0.4195796790088653,0.4008597964114641,0.4143298346742537,0.3227998102640415,0.0,0.2403217767938275,0.0,0.3850822398456909,0.3935976923839142,0.0,0.0,0.0,0.0,0.2194914405130789,0.0,0.0,0.0,0.4409773220239538,0.0,0.0,0.0,0.327341232408922,0.0,0.0,0.0,0.0
0.3919110043723126,0.0,0.0,0.0,0.3913021872511998,0.0,0.36393864869255,0.0,0.4106152922621513,0.3106560470316725,0.4107695003225493,0.0,0.3843131689384926,0.0,0.0,0.0,0.3375727337202671,0.3329478957908982,0.0,0.0,0.0,0.0,0.0,0.2807975499679373,0.3398415989067587,0.308602536110536,0.0,0.377991463851726,0.0,0.0,0.3456724815249403,0.2645052524540807,0.3077482208569516,0.224186006294437,0.2773147346252245,0.2654123456055419,0.2280267275530535,0.2256686121738219,0.2553331543789687,0.429880621003153,0.3133261254419595,0.0,0.0,0.0,0.3364526488461086,0.0,0.0,0.0,0.0,0.0,0.0,0.0,0.0,0.0,0.4429011710984166,0.0,0.4553904930057321,0.0,0.0,0.0,0.0,0.4445820549431289,0.4263528845086443,0.0,0.0,0.0,0.0,0.0,0.4134088122392639,0.4281990180639485,0.4410797911647499,0.0,0.0,0.0,0.0,0.4040378359255528
0.0,0.4138550914842931,0.4379595467218892,0.3222044172366031,0.3705586101212327,0.3788534421752348,0.3507437088422234,0.4156342643722094,0.3506370274519808,0.3921684432747112,0.4484700981603636,0.3843131689384926,0.0,0.3635727137387939,0.3844814662015662,0.442836532692583,0.3881331158739474,0.4275460134080608,0.437972099631932,0.4220177146153623,0.4239018376235525,0.4472220239196892,0.419742656433775,0.3586866260051685,0.4201035098198185,0.4083443456416762,0.4119217089181975,0.3413935590282606,0.4004545707442246,0.3843472208942862,0.4144314301902489,0.3829821887295501,0.3764978270414463,0.3935597040521525,0.3724590179294411,0.3210100502371759,0.3341071624259151,0.3279629873115802,0.4362967319503861,0.0,0.0,0.0,0.3770585834767,0.0,0.0,0.0,0.0,0.4612358079488302,0.0,0.0,0.391280069948059,0.0,0.4375000625334607,0.0,0.0,0.0,0.0,0.0,0.0,0.0,0.0,0.0,0.0,0.0,0.0,0.0,0.0,0.4683700842968601,0.0,0.0,0.0,0.4492057835557994,0.0,0.4096000479992736,0.0,0.0
0.0,0.0,0.4281305624943063,0.2902223375407374,0.2893116760521093,0.4031945233206046,0.3446808608622078,0.3176922967852957,0.4122092337967656,0.3778453586219966,0.2790596841789383,0.0,0.3635727137387939,0.0,0.0,0.0,0.0,0.0,0.399489556948492,0.0,0.0,0.0,0.3729376218029598,0.0,0.0,0.0,0.4131093415257674,0.2759020129254206,0.0,0.0,0.0,0.2408737289261106,0.0,0.0,0.0,0.2469933140410341,0.164781240314038,0.0,0.0,0.0,0.0,0.0,0.3862324640269914,0.0,0.0,0.0,0.0,0.0,0.0,0.0,0.0,0.0,0.0,0.0,0.0,0.0,0.0,0.0,0.0,0.0,0.0,0.0,0.0,0.0,0.0,0.0,0.0,0.0,0.0,0.0,0.0,0.0,0.0,0.0,0.0,0.0
0.3696691530223118,0.383952382709233,0.0,0.0,0.0,0.3164007669890861,0.0,0.3657051064103997,0.0,0.0,0.0,0.0,0.3844814662015662,0.0,0.0,0.4070993304292319,0.0,0.3900121154427828,0.0,0.2858847994572599,0.381302867787422,0.2992671183946934,0.284962367835273,0.401818363348917,0.3543562546638341,0.3927814211045349,0.3354005786754765,0.3775183860929183,0.3752806322007316,0.0,0.4070081317283253,0.4236582862317119,0.4004303450403203,0.4377496320741096,0.4811408525914298,0.5242471457261905,0.0,0.0,0.478703583801565,0.4686725335906573,0.4759770978649965,0.5066410850260095,0.0,0.0,0.0,0.0,0.4792595304583015,0.0,0.0,0.0,0.4381620377177621,0.0,0.43640302530145,0.0,0.0,0.0,0.0,0.0,0.0,0.4920441824678247,0.4275112758632088,0.0,0.0,0.0,0.4659451829915064,0.451861431694709,0.4945750051906968,0.4568022969075971,0.0,0.0,0.5125134452779503,0.4609155571429704,0.430736194525469,0.4469289508218144,0.0,0.4512811548222741
0.3743066953780668,0.3839572816124401,0.0,0.0,0.0,0.4179041532639201,0.4241035542454913,0.4146190136415566,0.3617159523813467,0.3435389143532066,0.0,0.0,0.442836532692583,0.0,0.4070993304292319,0.0,0.3460785851126534,0.3058432671970648,0.0,0.3905014950891993,0.3960195680710554,0.3559829668163673,0.4118290885350733,0.0,0.3491303995000356,0.3908344786718096,0.4109480504143008,0.4125626220378586,0.4050715510510243,0.4042186525181567,0.3543148885856186,0.4100972984837536,0.3487583002077494,0.3424081558621406,0.4055771366981687,0.0,0.0,0.0,0.4223245646620842,0.3983319614381196,0.3986192456406318,0.4275118673873411,0.0,0.0,0.0,0.4268162285840249,0.4367040549297351,0.0,0.0,0.0,0.0,0.0,0.0,0.0,0.0,0.0,0.0,0.0,0.0,0.4383797639643096,0.4139494810314059,0.0,0.4126638281962423,0.0,0.4147918463058638,0.0,0.4387615418893986,0.0,0.0,0.4219505566697906,0.4510417672434181,0.0,0.0,0.0,0.0,0.4052307829185569
0.0,0.0,0.0,0.0,0.0,0.0,0.3838749251074433,0.0,0.0,0.3032993656518823,0.0,0.3375727337202671,0.3881331158739474,0.0,0.0,0.3460785851126534,0.0,0.3081581489439063,0.0,0.3487368262254522,0.0,0.354007325778702,0.0,0.3270623377725229,0.3179514075177944,0.3523241763367619,0.0,0.3759453146835554,0.0,0.0,0.3319236605079082,0.3843523387870829,0.3171197406172599,0.329286126257849,0.3337624234515892,0.0,0.0,0.3004307861679405,0.0,0.3739956027822926,0.3458706032058877,0.0,0.0,0.0,0.0,0.0,0.0,0.0,0.0,0.0,0.0,0.0,0.0,0.0,0.4383871140735023,0.0,0.4558038633309683,0.0,0.0,0.0,0.0,0.4052148561916417,0.3970797352891147,0.0,0.0,0.0,0.0,0.0,0.4392183103232806,0.4156694216384187,0.4266698372574173,0.0,0.0,0.0,0.0,0.0
0.3685455523480874,0.3782464589051822,0.0,0.0,0.0,0.4081733461034783,0.4081077357608665,0.0,0.0,0.2884973969703934,0.0,0.3329478957908982,0.4275460134080608,0.0,0.3900121154427828,0.3058432671970648,0.3081581489439063,0.0,0.0,0.3844585010122433,0.3738624713551182,0.3715584738154725,0.4037893498728587,0.342204977292979,0.3222584153968553,0.3658046968688257,0.4020231924174558,0.4021299969789915,0.4015892479402725,0.0,0.3523194818270602,0.4039661867179261,0.3319253428700309,0.3485701582641795,0.3829743725342923,0.0,0.0,0.0,0.4157916957247833,0.3759800584121424,0.3976134135897162,0.0,0.0,0.0,0.0,0.4233963328925071,0.4224714183013845,0.0,0.0,0.0,0.0,0.0,0.0,0.0,0.4363311455422234,0.0,0.4508163426879386,0.0,0.0,0.0,0.4085235469055411,0.4260444719898686,0.4148894638425381,0.0,0.0,0.0,0.427743117877136,0.0,0.4626901163361492,0.4182482098862848,0.4410619876872333,0.0,0.0,0.0,0.0,0.4075526550971503
0.0,0.0,0.2412482319333938,0.3708951518019941,0.3697911669865681,0.3711473546628129,0.4510074136900869,0.410925612981453,0.2707817875654644,0.4237036517333239,0.2786442230025267,0.0,0.437972099631932,0.399489556948492,0.0,0.0,0.0,0.0,0.0,0.0,0.0,0.0,0.3210338737813023,0.0,0.0,0.0,0.3258463452663423,0.42836282102487,0.0,0.0,0.4429143232752616,0.3861422826026948,0.0,0.4343531183139297,0.4326260727292797,0.4039338591546103,0.3950450591859271,0.0,0.4169696942839539,0.0,0.0,0.0,0.451931165768833,0.0,0.0,0.0,0.0,0.4831029832742836,0.0,0.0,0.4911323615146333,0.0,0.5074248301935603,0.5334259093849476,0.0,0.3494081040729102,0.0,0.0,0.4594625411281808,0.0,0.0,0.0,0.0,0.5184210385115974,0.0,0.0,0.0,0.522262006281969,0.0,0.0,0.0,0.5044548029342256,0.0,0.0,0.0,0.0
0.4145393563097022,0.4072605879332356,0.0,0.0,0.4015741425094161,0.3801259468890187,0.4116592105781722,0.3675553186603252,0.3829486622741201,0.0,0.0,0.0,0.4220177146153623,0.0,0.2858847994572599,0.3905014950891993,0.3487368262254522,0.3844585010122433,0.0,0.0,0.4037861386762985,0.3247030351159639,0.2872871070214796,0.0,0.3818249490206752,0.41078139702366,0.3189934010432153,0.3752195404390608,0.319396795101083,0.3631385893221973,0.3773614831301442,0.4125385888396374,0.3770428848019865,0.424229326601856,0.4637690335973739,0.4939003735725858,0.4348335340593127,0.0,0.448211231686298,0.3981920893594047,0.4067983325284185,0.4650767338818729,0.0,0.0,0.0,0.0,0.4109503398318209,0.0,0.0,0.0,0.418039869800933,0.0,0.0,0.0,0.0,0.0,0.0,0.0,0.0,0.4562888471963739,0.0,0.0,0.0,0.0,0.4447424563487778,0.4287562944643984,0.4581577609085197,0.4521802736562489,0.0,0.0,0.4733856440975246,0.4552335955653747,0.4437374759123226,0.4107549569129965,0.0,0.4345868005787469
0.3699156783627685,0.3940469226519834,0.0,0.0,0.0,0.3659250443604434,0.0,0.3785837225635081,0.0,0.0,0.0,0.0,0.4239018376235525,0.0,0.381302867787422,0.3960195680710554,0.0,0.3738624713551182,0.0,0.4037861386762985,0.0,0.4006876384776358,0.3972314623409432,0.4493617463424273,0.3985086111792665,0.4148356671981629,0.3856867195393296,0.416867381788364,0.396588885448902,0.4197268126127636,0.39168071005582,0.4112497213926097,0.3930478772970704,0.3957790528504276,0.4628938524305094,0.0,0.0,0.0,0.4414200588562709,0.4147539012359765,0.4378319581683917,0.4791856143769766,0.0,0.0,0.0,0.3499800323438451,0.4674037483913074,0.0,0.0,0.0,0.4213522939308858,0.0,0.2989368840188852,0.0,0.0,0.0,0.0,0.0,0.0,0.4429795118005245,0.4352126507006184,0.0,0.0,0.0,0.440849607923974,0.3353787744911949,0.4759399358571268,0.4365978843995782,0.0,0.3935894969143411,0.4745628093065894,0.4422264065146158,0.4370219027330773,0.4325031408407594,0.0,0.4146551368072145
0.3813968558666923,0.381390146835763,0.0,0.0,0.4305542105436913,0.4132226219810124,0.4365721416709995,0.3743091752501381,0.3913460403324023,0.3281499710909056,0.0,0.0,0.4472220239196892,0.0,0.2992671183946934,0.3559829668163673,0.354007325778702,0.3715584738154725,0.0,0.3247030351159639,0.4006876384776358,0.0,0.3617349380926728,0.0,0.3735688815599752,0.3734326644193143,0.3954886641180219,0.411839838228808,0.3815989539103367,0.3829332759853774,0.3806585993157124,0.4197009242515626,0.3576347086891107,0.4090008242793965,0.4578636794328696,0.5046123555858922,0.444393906565397,0.0,0.454818745745009,0.4326639600962838,0.4447399413525353,0.4764044267751682,0.0,0.0,0.0,0.4114232907640273,0.4523681566688835,0.0,0.0,0.0,0.412223178804133,0.0,0.0,0.0,0.0,0.0,0.0,0.0,0.0,0.4898671765348202,0.4190645890379987,0.0,0.3825929021349555,0.0,0.4564677819370943,0.4730368563642838,0.4683462064606415,0.4621878413899132,0.0,0.4041033502897561,0.4858073598476444,0.455804127617073,0.0,0.439844794381337,0.0,0.4193330677740736
0.4522495678208674,0.3832604882828779,0.3094746534230427,0.3892021233172372,0.392670028964756,0.3722096862928875,0.4109665177714399,0.3653535487206268,0.3737062633053334,0.4020056099544315,0.2682538749447841,0.0,0.419742656433775,0.3729376218029598,0.284962367835273,0.4118290885350733,0.0,0.4037893498728587,0.3210338737813023,0.2872871070214796,0.3972314623409432,0.3617349380926728,0.0,0.4835794153310346,0.3981841050741075,0.4340611989849594,0.2958961794770615,0.4042117737930463,0.3648506571626183,0.3866633380887969,0.4204326374613876,0.3820765350109945,0.3011563184904621,0.4318958817107026,0.4330173065453462,0.4019599595036064,0.4040790503726144,0.0,0.4627672499833724,0.4313124577956312,0.4905702892357156,0.481543669057209,0.4429786045405295,0.0,0.0,0.0,0.4300243699240757,0.4687951511738045,0.0,0.4577347611538816,0.4804522471647065,0.508109456464593,0.4556030575277493,0.5217640278921588,0.0,0.3862357092119454,0.0,0.487087009685187,0.4601255908565325,0.4563253011530395,0.0,0.0,0.0,0.4023130885133145,0.4542796596588088,0.4459125748770571,0.457256111565552,0.4864718460243386,0.0,0.0,0.4525829025848969,0.4728445068528767,0.4681101019976574,0.4465121884984653,0.4705330940937208,0.4841505213722322
0.3716871432377094,0.0,0.0,0.0,0.0,0.0,0.0,0.4953247428038355,0.0,0.3082493590724111,0.0,0.2807975499679373,0.3586866260051685,0.0,0.401818363348917,0.0,0.3270623377725229,0.342204977292979,0.0,0.0,0.4493617463424273,0.0,0.4835794153310346,0.0,0.3707742644622711,0.3412299130957464,0.3817173557370892,0.3630933939359148,0.0,0.0,0.344561081003737,0.2879570369046951,0.2595810667807152,0.2263293687930817,0.2451393104257844,0.2943148473602933,0.0,0.2326430661379482,0.0,0.4109883516025942,0.3340369592461503,0.0,0.0,0.0,0.3336248983625778,0.4094787754456044,0.0,0.0,0.0,0.0,0.0,0.0,0.0,0.0,0.4399280641240162,0.0,0.450593629244565,0.0,0.0,0.0,0.4353584078675945,0.4468062659300463,0.4494813885726008,0.0,0.0,0.0,0.0,0.0,0.4192882815497282,0.4464893127238629,0.4508751419872087,0.0,0.0,0.0,0.0,0.4192682679628213
0.3695133555666913,0.3601791180837233,0.0,0.0,0.3684686268980394,0.3816421817736581,0.4017845461419913,0.4522584411814633,0.0,0.3063715918910662,0.0,0.3398415989067587,0.4201035098198185,0.0,0.3543562546638341,0.3491303995000356,0.3179514075177944,0.3222584153968553,0.0,0.3818249490206752,0.3985086111792665,0.3735688815599752,0.3981841050741075,0.3707742644622711,0.0,0.3345318307176755,0.3808673764208055,0.4002562906500741,0.3742110102245328,0.0,0.3522201469105893,0.3896758863292101,0.3083546626763541,0.3304055545035804,0.373800777158727,0.0,0.0,0.3042031527156159,0.4329811643319374,0.3908711149025284,0.4099039857501372,0.4227386052434101,0.0,0.0,0.0,0.4182399126172547,0.4322104965333891,0.0,0.0,0.0,0.0,0.0,0.0,0.0,0.4425028624067316,0.0,0.4493291803276609,0.0,0.0,0.0,0.4167929491622893,0.4359533071709762,0.4278405871779796,0.0,0.392888092445732,0.4205980096077734,0.4049984803402239,0.0,0.436683257539566,0.4292384115624421,0.4488501307783567,0.0,0.0,0.0,0.0,0.4215483603824543
0.3564168127605453,0.3670226381819871,0.0,0.0,0.0,0.4008273807475879,0.3698835793059451,0.4686238373445172,0.0,0.3296518195805846,0.0,0.308602536110536,0.4083443456416762,0.0,0.3927814211045349,0.3908344786718096,0.3523241763367619,0.3658046968688257,0.0,0.41078139702366,0.4148356671981629,0.3734326644193143,0.4340611989849594,0.3412299130957464,0.3345318307176755,0.0,0.4170156460843096,0.3971583722415043,0.3963522528782457,0.0,0.3761737367608079,0.4116087133503556,0.3583987804840972,0.3705470979377828,0.4374393375049364,0.0,0.0,0.3140804097493321,0.4551823783386376,0.4314512700613509,0.4364430452527683,0.4516100619461854,0.0,0.0,0.3812117514204983,0.436737197521888,0.4732424788734095,0.0,0.0,0.0,0.0,0.0,0.0,0.0,0.4631239767995846,0.0,0.4654763115431102,0.0,0.0,0.5034659542423203,0.4454931341711118,0.4538384886243141,0.4474912851542701,0.0,0.4759747498609764,0.4865284027451266,0.4934464630763698,0.4531790016015406,0.4503814423467148,0.4475139241811631,0.4697849899916935,0.4624811356078308,0.0,0.4515044069772153,0.0,0.4408495108283762
0.3808829195301914,0.3960843840881141,0.2762743603926345,0.3826052821075059,0.3771589768035265,0.3512422661143062,0.3975582484505012,0.3980369893860938,0.323294386167437,0.3833962377828532,0.3549957998069509,0.0,0.4119217089181975,0.4131093415257674,0.3354005786754765,0.4109480504143008,0.0,0.4020231924174558,0.3258463452663423,0.3189934010432153,0.3856867195393296,0.3954886641180219,0.2958961794770615,0.3817173557370892,0.3808673764208055,0.4170156460843096,0.0,0.394456886372147,0.3446124780031614,0.375326249418595,0.3979914715293786,0.3834800754488808,0.3347350637458773,0.4213654158535507,0.437380674452579,0.4184919414835524,0.3964861289323594,0.0,0.4479246818514553,0.0,0.3858807434652925,0.460817496981166,0.4482084826015024,0.0,0.0,0.0,0.3818756380883936,0.5156365126183783,0.0,0.0,0.463502573966458,0.4781148172026253,0.4392247999108506,0.5126861502231986,0.0,0.4778528044737181,0.0,0.4501354513748814,0.4555731392294413,0.448235628644733,0.0,0.0,0.0,0.5044618536044434,0.437763995292726,0.4159571918824793,0.4369320752051025,0.4716478107401139,0.0,0.0,0.438565085488364,0.4543741880226618,0.419898845072971,0.4181823762881473,0.4264595406416467,0.4625992130740176
0.4462650133050536,0.4029280002574588,0.4352377426049779,0.2531006215516986,0.4183450574870885,0.3626425652717431,0.3968912987853176,0.4132773132185868,0.4302912417275335,0.3795284181338508,0.4414879237825725,0.377991463851726,0.3413935590282606,0.2759020129254206,0.3775183860929183,0.4125626220378586,0.3759453146835554,0.4021299969789915,0.42836282102487,0.3752195404390608,0.416867381788364,0.411839838228808,0.4042117737930463,0.3630933939359148,0.4002562906500741,0.3971583722415043,0.394456886372147,0.0,0.3100602889907318,0.2929031393720454,0.3871859674931823,0.3760793464569662,0.3236663322660564,0.3662814772431718,0.336863608786223,0.2937094683335152,0.2830101986225528,0.3343923434191709,0.4181218455209027,0.0,0.4660853437781634,0.0,0.3574518085250014,0.0,0.0,0.0,0.0,0.0,0.0,0.0,0.445365374406668,0.0,0.4213905790379612,0.0,0.0,0.0,0.0,0.0,0.0,0.43373894265361,0.0,0.0,0.0,0.0,0.4531966288646425,0.4372589780352084,0.0,0.4726505293144759,0.0,0.0,0.0,0.4586740546044603,0.4300648941902406,0.4354451100966683,0.0,0.4474825869839729
0.3974961005947354,0.395873589545979,0.0,0.0,0.4079913040941257,0.3317274194417088,0.4244327336791272,0.3708746790451477,0.3880359379434048,0.0,0.0,0.0,0.4004545707442246,0.0,0.3752806322007316,0.4050715510510243,0.0,0.4015892479402725,0.0,0.319396795101083,0.396588885448902,0.3815989539103367,0.3648506571626183,0.0,0.3742110102245328,0.3963522528782457,0.3446124780031614,0.3100602889907318,0.0,0.3540195523429716,0.3675098333598647,0.3852084103935309,0.3073524380309506,0.4162251110931578,0.4462867071797985,0.4631625998272841,0.3861861058447718,0.0,0.4450539432745993,0.0,0.4516663257254048,0.4320890971925185,0.0,0.0,0.0,0.0,0.3828241305551918,0.0,0.0,0.0,0.4206821880937086,0.0,0.3933635063502863,0.0,0.0,0.0,0.0,0.4160616210847563,0.0,0.4426646416723938,0.0,0.0,0.0,0.0,0.4419081899282553,0.4350430413317331,0.4395663131362707,0.4548343630443267,0.0,0.0,0.4175002692120906,0.4456939663447477,0.4305913385435562,0.4322505623108197,0.0,0.4390691441990422
0.0,0.0,0.4210267429045456,0.0,0.0,0.3971437947758354,0.0,0.4168656348540298,0.3993458551833087,0.0,0.0,0.0,0.3843472208942862,0.0,0.0,0.4042186525181567,0.0,0.0,0.0,0.3631385893221973,0.4197268126127636,0.3829332759853774,0.3866633380887969,0.0,0.0,0.0,0.375326249418595,0.2929031393720454,0.3540195523429716,0.0,0.3540540235731865,0.4037006481613909,0.0,0.3898356164646699,0.3957394877350152,0.0,0.0,0.0,0.0,0.0,0.0,0.0,0.0,0.0,0.0,0.0,0.0,0.0,0.0,0.0,0.0,0.0,0.0,0.0,0.0,0.0,0.0,0.0,0.0,0.0,0.0,0.0,0.0,0.0,0.4517374655721901,0.0,0.0,0.4751014149557201,0.0,0.0,0.0,0.4687058223090046,0.0,0.0,0.0,0.0
0.3580036881163292,0.3641518285517728,0.4595566188899205,0.0,0.4311698242956441,0.4121735712230244,0.4235624159563546,0.4501091149181124,0.4535360282751067,0.3284487160820187,0.4589647133626914,0.3456724815249403,0.4144314301902489,0.0,0.4070081317283253,0.3543148885856186,0.3319236605079082,0.3523194818270602,0.4429143232752616,0.3773614831301442,0.39168071005582,0.3806585993157124,0.4204326374613876,0.344561081003737,0.3522201469105893,0.3761737367608079,0.3979914715293786,0.3871859674931823,0.3675098333598647,0.3540540235731865,0.0,0.3852289601705527,0.3280161547774594,0.2884584765955784,0.3061934062567801,0.4043579127402636,0.2897499395392842,0.2777386226485931,0.4400004660895477,0.3891003508953242,0.0,0.0,0.0,0.0,0.0,0.0,0.4229386603297347,0.0,0.0,0.0,0.4794451234679738,0.0,0.4921446615464894,0.0,0.4080610432073642,0.0,0.3890275409014131,0.0,0.0,0.4623780080906066,0.4080560793094951,0.0,0.4197459698805386,0.0,0.4547506777200553,0.4096393049894305,0.4552399521678754,0.4890617414123518,0.0,0.4209258756910487,0.4420888891832372,0.4758057060340943,0.4236944291339286,0.4411003637951339,0.0,0.0
0.3943924398700477,0.4016834477650108,0.4212391440354648,0.2967653775105363,0.3667647922063556,0.3898033127616048,0.3826568638158971,0.3340279231670206,0.4206397649125909,0.3675693969376961,0.3792408042740354,0.2645052524540807,0.3829821887295501,0.2408737289261106,0.4236582862317119,0.4100972984837536,0.3843523387870829,0.4039661867179261,0.3861422826026948,0.4125385888396374,0.4112497213926097,0.4197009242515626,0.3820765350109945,0.2879570369046951,0.3896758863292101,0.4116087133503556,0.3834800754488808,0.3760793464569662,0.3852084103935309,0.4037006481613909,0.3852289601705527,0.0,0.3442763429715787,0.3208911700088213,0.3498653217439441,0.2634386997177845,0.3021231529239714,0.2632511439772395,0.2595795941373575,0.2906155308244983,0.299367279421724,0.3360801390914708,0.2629635473333878,0.2632074319668495,0.250725139688751,0.4097269648065389,0.4461914694834341,0.4831422036186969,0.0,0.0,0.4468884258236111,0.0,0.4431649591245392,0.3779135612713225,0.2512432525681315,0.4111415003923265,0.245711484542579,0.3535999910083712,0.0,0.4752293775293148,0.3994784677987015,0.0,0.412187339769139,0.461913143198715,0.459453750782945,0.441113502403867,0.4741683348318583,0.4722294361850598,0.0,0.4277645031852651,0.4507608604450401,0.4610241580028621,0.3364178891562338,0.4497084463022541,0.0,0.4786182608149687
0.3140398430313224,0.3440491424547225,0.0,0.0,0.338988614171217,0.3275629509481707,0.3853102109659234,0.3908990807702885,0.4054113701532033,0.3008040699170801,0.3614061749746521,0.3077482208569516,0.3764978270414463,0.0,0.4004303450403203,0.3487583002077494,0.3171197406172599,0.3319253428700309,0.0,0.3770428848019865,0.3930478772970704,0.3576347086891107,0.3011563184904621,0.2595810667807152,0.3083546626763541,0.3583987804840972,0.3347350637458773,0.3236663322660564,0.3073524380309506,0.0,0.3280161547774594,0.3442763429715787,0.0,0.2328250801837817,0.3781983264579159,0.4359916491278836,0.3834249251924643,0.1796561501303885,0.336834359793605,0.3155229552254643,0.2808133247404938,0.3619995452123185,0.0,0.0,0.2608351067077339,0.0,0.4389003029738264,0.0,0.0,0.0,0.0,0.0,0.0,0.0,0.3572971175897358,0.0,0.3824817965558602,0.0,0.0,0.50153371998409,0.4148650886217814,0.3799552527609646,0.4209050098343257,0.0,0.4485300316454396,0.4252592995420487,0.4900640680116107,0.4614414988935724,0.3370101887916034,0.4049422449445815,0.429648468380524,0.0,0.0,0.0,0.0,0.3543197604358207
0.3469080960722965,0.3539085247322351,0.4781992605237142,0.2605566828117454,0.4379744251956958,0.4216239615482507,0.4032328388160457,0.4474195588662863,0.452408029836344,0.2811649094602408,0.4488349869654666,0.224186006294437,0.3935597040521525,0.0,0.4377496320741096,0.3424081558621406,0.329286126257849,0.3485701582641795,0.4343531183139297,0.424229326601856,0.3957790528504276,0.4090008242793965,0.4318958817107026,0.2263293687930817,0.3304055545035804,0.3705470979377828,0.4213654158535507,0.3662814772431718,0.4162251110931578,0.3898356164646699,0.2884584765955784,0.3208911700088213,0.2328250801837817,0.0,0.2428928068266181,0.3309352220326726,0.2758301883381006,0.1861066115085291,0.303390880526464,0.2723726361777723,0.2551729157663047,0.2570668345076722,0.0,0.0,0.2353600863968044,0.3192763937027318,0.4259690237206991,0.0,0.0,0.0,0.4785972976885629,0.0,0.4861514740917791,0.0,0.3363504700763937,0.0,0.3429082423931485,0.0,0.0,0.4778157784706011,0.4035834006919035,0.0,0.4117843138288155,0.0,0.4715916372050347,0.3998944777473145,0.4681079072851534,0.4968766688272339,0.2298225501472512,0.411872733827383,0.4449835898638193,0.4878960333334159,0.3173449412573499,0.461699713964592,0.0,0.3524807246212378
0.413338675443627,0.4139807227271823,0.4493959536121896,0.3717111822120455,0.4351860013103758,0.4230727812957645,0.4105985952046779,0.4563541272777477,0.4499944982859561,0.2863798826123062,0.4279799595576242,0.2773147346252245,0.3724590179294411,0.0,0.4811408525914298,0.4055771366981687,0.3337624234515892,0.3829743725342923,0.4326260727292797,0.4637690335973739,0.4628938524305094,0.4578636794328696,0.4330173065453462,0.2451393104257844,0.373800777158727,0.4374393375049364,0.437380674452579,0.336863608786223,0.4462867071797985,0.3957394877350152,0.3061934062567801,0.3498653217439441,0.3781983264579159,0.2428928068266181,0.0,0.4376468687465383,0.332233316054296,0.2072677274537813,0.3076994013666485,0.2947982340329549,0.2992689830134782,0.3560533149768699,0.2860975720938942,0.2868775735734001,0.2641466865095332,0.0,0.4651633673739781,0.0,0.0,0.0,0.0,0.0,0.0,0.0,0.0,0.0,0.3017728219371747,0.0,0.0,0.5105885274119939,0.4254045494911398,0.0,0.4448704070084996,0.0,0.4795887387209362,0.0,0.5040733559892332,0.474895672100025,0.0,0.4350985228673997,0.4560991565974216,0.4363978054852057,0.0,0.0,0.0,0.0
0.0,0.0,0.4295892873462976,0.210410126566995,0.2437900918463324,0.428040852750117,0.279454382506376,0.2561665444572809,0.4384774335391581,0.2756025103728926,0.3498629611303666,0.2654123456055419,0.3210100502371759,0.2469933140410341,0.5242471457261905,0.0,0.0,0.0,0.4039338591546103,0.4939003735725858,0.0,0.5046123555858922,0.4019599595036064,0.2943148473602933,0.0,0.0,0.4184919414835524,0.2937094683335152,0.4631625998272841,0.0,0.4043579127402636,0.2634386997177845,0.4359916491278836,0.3309352220326726,0.4376468687465383,0.0,0.1830112314988439,0.3001188498523086,0.2808498460669645,0.3440666765869608,0.2888306538569236,0.3144138138333802,0.3559709080530174,0.0,0.0,0.0,0.0,0.4587254159076497,0.0,0.0,0.0,0.0,0.3416942368146752,0.4488682471454302,0.0,0.3246572314334319,0.3045021473057365,0.0,0.3695920305845664,0.0,0.0,0.0,0.0,0.4055523851481754,0.0,0.0,0.0,0.4104425437574177,0.0,0.0,0.0,0.0,0.3617206587470936,0.3340041768917355,0.0,0.0
0.0,0.0,0.3972659368636721,0.1719898521659842,0.2762650469197403,0.4101699689792542,0.2777860968373944,0.339644978442334,0.4191648255160072,0.2500545181901963,0.4020313253862428,0.2280267275530535,0.3341071624259151,0.164781240314038,0.0,0.0,0.0,0.0,0.3950450591859271,0.4348335340593127,0.0,0.444393906565397,0.4040790503726144,0.0,0.0,0.0,0.3964861289323594,0.2830101986225528,0.3861861058447718,0.0,0.2897499395392842,0.3021231529239714,0.3834249251924643,0.2758301883381006,0.332233316054296,0.1830112314988439,0.0,0.283063583574034,0.2808459792684898,0.0,0.0,0.3078529051821,0.0,0.0,0.0,0.0,0.0,0.0,0.0,0.0,0.0,0.0,0.0,0.0,0.0,0.0,0.0,0.0,0.0,0.0,0.0,0.0,0.0,0.0,0.0,0.0,0.0,0.0,0.0,0.0,0.0,0.0,0.0,0.0,0.0,0.0
0.0,0.0,0.0,0.0,0.375394059927264,0.0,0.3785358305019614,0.0,0.3900451548767841,0.274412342531974,0.4030637382478597,0.2256686121738219,0.3279629873115802,0.0,0.0,0.0,0.3004307861679405,0.0,0.0,0.0,0.0,0.0,0.0,0.2326430661379482,0.3042031527156159,0.3140804097493321,0.0,0.3343923434191709,0.0,0.0,0.2777386226485931,0.2632511439772395,0.1796561501303885,0.1861066115085291,0.2072677274537813,0.3001188498523086,0.283063583574034,0.0,0.2485195597806455,0.2510071840645735,0.2466904303620427,0.2504133073692161,0.0,0.0,0.2459574856314249,0.0,0.0,0.0,0.0,0.0,0.0,0.0,0.0,0.0,0.3485163647011871,0.0,0.3493161157603062,0.0,0.0,0.0,0.0,0.0,0.0,0.0,0.0,0.0,0.0,0.0,0.3299607057720707,0.0,0.379155798615033,0.0,0.0,0.0,0.0,0.0
0.4351073974748672,0.4416093722987598,0.4551353479079821,0.0,0.0,0.4585283174740678,0.0,0.4208549926747771,0.4731784610521947,0.0,0.3617767060851673,0.2553331543789687,0.4362967319503861,0.0,0.478703583801565,0.4223245646620842,0.0,0.4157916957247833,0.4169696942839539,0.448211231686298,0.4414200588562709,0.454818745745009,0.4627672499833724,0.0,0.4329811643319374,0.4551823783386376,0.4479246818514553,0.4181218455209027,0.4450539432745993,0.0,0.4400004660895477,0.2595795941373575,0.336834359793605,0.303390880526464,0.3076994013666485,0.2808498460669645,0.2808459792684898,0.2485195597806455,0.0,0.3222048390549435,0.3507083491652982,0.367214553687157,0.2675288561835884,0.3081767193726957,0.252577671367228,0.4029570385911524,0.379084548948764,0.4267494434719701,0.3009138140109741,0.3858592076337069,0.3927801293593355,0.3711378463692901,0.3011499248554088,0.4272874617183281,0.2777908987170289,0.3785926732157836,0.2516140301579733,0.3784387519637995,0.2556355778508478,0.3975417512882883,0.3904154829423124,0.3977248529566215,0.4008718757127667,0.4181821470162188,0.3954183854330892,0.3776240476774125,0.3940638568555298,0.3842698637156583,0.2535773887573442,0.379789156590017,0.3896428111895714,0.3772087236140803,0.3463764096246012,0.3682630364885486,0.3589096160867318,0.3696597734426824
0.4433010642491871,0.4227376872710231,0.0,0.0,0.0,0.0,0.0,0.0,0.0,0.4102974908866688,0.0,0.429880621003153,0.0,0.0,0.4686725335906573,0.3983319614381196,0.3739956027822926,0.3759800584121424,0.0,0.3981920893594047,0.4147539012359765,0.4326639600962838,0.4313124577956312,0.4109883516025942,0.3908711149025284,0.4314512700613509,0.0,0.0,0.0,0.0,0.3891003508953242,0.2906155308244983,0.3155229552254643,0.2723726361777723,0.2947982340329549,0.3440666765869608,0.0,0.2510071840645735,0.3222048390549435,0.0,0.2468462522786196,0.3421971531782113,0.0,0.2656834299994169,0.1948557040940129,0.358803574784577,0.3377420162318963,0.0,0.0,0.4302212152876496,0.3352799435772153,0.3377189755893282,0.3511141334583006,0.3967023285304455,0.2907561391917004,0.39902349834134,0.2953634046487826,0.3198577651385638,0.0,0.3709030040551707,0.3334870542036653,0.3223039100532805,0.3308301325337853,0.0,0.3411331822690697,0.3510010743838922,0.3566671558812841,0.3351211962822916,0.2705995337367088,0.3060086222363721,0.3503833225649536,0.3085911621989822,0.3326745267636535,0.3263247108739781,0.3451359494008544,0.3068203237078712
0.4020349419702145,0.4267897901197169,0.0,0.0,0.0,0.4227374798900257,0.0,0.476381724807014,0.0,0.3578544650498049,0.0,0.3133261254419595,0.0,0.0,0.4759770978649965,0.3986192456406318,0.3458706032058877,0.3976134135897162,0.0,0.4067983325284185,0.4378319581683917,0.4447399413525353,0.4905702892357156,0.3340369592461503,0.4099039857501372,0.4364430452527683,0.3858807434652925,0.4660853437781634,0.4516663257254048,0.0,0.0,0.299367279421724,0.2808133247404938,0.2551729157663047,0.2992689830134782,0.2888306538569236,0.0,0.2466904303620427,0.3507083491652982,0.2468462522786196,0.0,0.3146804809430026,0.3945881789344017,0.2668503525776312,0.2156962879648746,0.355599024356151,0.3399539048484229,0.4608369647059656,0.2437034711509533,0.4667865665685245,0.4320530642857969,0.3546645190897881,0.4334916793137415,0.4564882980758796,0.2979988067626203,0.4467508844888408,0.2659158724165141,0.3695522232660883,0.3925230130577891,0.4039760821636257,0.3430318987972374,0.3339382315398651,0.3480235456058481,0.4435344183298164,0.3799184242758146,0.3650933845030596,0.3785606792083078,0.4298105494419261,0.2733190757017379,0.3264211514993898,0.3531016221639304,0.407421825514172,0.3321379428520158,0.3807213587620259,0.3574458639661353,0.2575086779508732
0.0,0.4508845096812419,0.0,0.0,0.0,0.4263522689075856,0.0,0.0,0.0,0.0,0.0,0.0,0.0,0.0,0.5066410850260095,0.4275118673873411,0.0,0.0,0.0,0.4650767338818729,0.4791856143769766,0.4764044267751682,0.481543669057209,0.0,0.4227386052434101,0.4516100619461854,0.460817496981166,0.0,0.4320890971925185,0.0,0.0,0.3360801390914708,0.3619995452123185,0.2570668345076722,0.3560533149768699,0.3144138138333802,0.3078529051821,0.2504133073692161,0.367214553687157,0.3421971531782113,0.3146804809430026,0.0,0.4796073953981501,0.3373854573864603,0.2590870550096042,0.4097765409673341,0.3955947629912006,0.4490191052738549,0.298146605950429,0.4371258055521412,0.4254478358840444,0.3701986899178743,0.4261211634129451,0.4406013051567697,0.2870373659128433,0.4116929327806422,0.3049645100523721,0.3774978925752268,0.0,0.4459585071204895,0.3971301880705102,0.3549722292276459,0.3649768812904564,0.4337608515492231,0.420545735386179,0.4050224965422106,0.4349212618770706,0.4214698574342955,0.2893232580447175,0.3561376434169623,0.4114626394875363,0.4197403805707936,0.3357948276441284,0.3951878454996916,0.3647467765259721,0.2090347773473292
