0.0,0.3775831977788575,0.0,0.0,0.0,0.3714368856385481,0.0,0.4715528047731208,0.0,0.3276575257724736,0.0,0.3356026419747231,0.0,0.0,0.3626820780289971,0.36373342860744,0.0,0.3316682230383584,0.0,0.3872899047885014,0.3785765152776187,0.3675189634240194,0.4246419038813622,0.3313955185325651,0.3470338462774467,0.3339309396231231,0.3796233677753323,0.3659657868560387,0.4238006477960201,0.0,0.3400631534386792,0.3920497910409593,0.3147262051242748,0.30958084226289,0.3887680535103617,0.0,0.0,0.0,0.4221408148024178,0.397146027361083,0.3988757079218157,0.0,0.0,0.0,0.0,0.3497107768396385,0.410267775563616,0.0,0.0,0.0,0.0,0.0,0.0,0.0,0.3673836794097512,0.0,0.0,0.0,0.0,0.0,0.436129084524715,0.0,0.4042637419139946,0.0,0.0,0.3417121184861306,0.417043710139332,0.0,0.0,0.4021718800971862,0.4329054403995775,0.0,0.0,0.0,0.0,0.0
0.3775831977788575,0.0,0.0,0.0,0.3782758034426939,0.3916622001912556,0.4171285570216546,0.4467254570705891,0.3733198494659386,0.0,0.0,0.0,0.4347073363648133,0.0,0.4012377724747977,0.3831733459119381,0.0,0.3733685564122804,0.0,0.4204119024865435,0.3867581720702584,0.3924574010961436,0.4012609618821101,0.0,0.3452405473653564,0.3811241991585777,0.4069769681294627,0.4469972854642163,0.4210084499296211,0.0,0.3505089902426761,0.4013266078597675,0.3358730951623347,0.349013670421883,0.3875031704180691,0.0,0.0,0.0,0.4338184942125851,0.4367790674151193,0.4316029314969494,0.4495100584740523,0.0,0.0,0.0,0.4217454385857805,0.4415299031025028,0.0,0.0,0.0,0.0,0.0,0.0,0.0,0.0,0.0,0.0,0.0,0.0,0.4824248690424859,0.4427613657551001,0.0,0.4282560107078774,0.0,0.4482947894025109,0.4546890869663301,0.4486557262309633,0.4320281597021236,0.0,0.4167156333928113,0.4646482789591399,0.4301146555462696,0.0,0.4382081184713398,0.0,0.424574912659938
0.0,0.0,0.0,0.0,0.3558007090764113,0.3300873874130562,0.4145898890628047,0.4310449992973623,0.2636857460574632,0.3844049560510231,0.2998563775500966,0.0,0.4332078128633387,0.3869125237455614,0.0,0.0,0.0,0.0,0.22235978366447,0.0,0.0,0.0,0.268999809612792,0.0,0.0,0.0,0.2782973925771955,0.4303059846524033,0.0,0.3963252904366449,0.4419665340532366,0.3900134147710745,0.0,0.4251214524548183,0.4242226017004787,0.3802244281761427,0.3929850646388485,0.0,0.4822906563535575,0.0,0.0,0.0,0.4850656244026032,0.0,0.0,0.0,0.0,0.4544402250064364,0.0,0.4800391045840737,0.5039510434402702,0.0,0.4910989333342331,0.5335541029615374,0.0,0.4595013163806302,0.0,0.0,0.0,0.0,0.0,0.0,0.0,0.3993289791779325,0.0,0.0,0.0,0.5326865499055787,0.0,0.0,0.0,0.5163168287122939,0.0,0.0,0.0,0.0
0.0,0.0,0.0,0.0,0.2728556300596799,0.3659333762474665,0.2905641481579785,0.3272117976487343,0.3687521761289588,0.2337073470252821,0.3310463015955353,0.0,0.3193817400614457,0.2636417261580869,0.0,0.0,0.0,0.0,0.3469784057733512,0.0,0.0,0.0,0.3633203750835461,0.0,0.0,0.0,0.3716555223959093,0.2393838716885368,0.0,0.0,0.0,0.2846402114553155,0.0,0.3126606664542113,0.3607954401773503,0.1991892852051431,0.1674115891782722,0.0,0.0,0.0,0.0,0.0,0.0,0.0,0.0,0.0,0.0,0.0,0.0,0.0,0.0,0.0,0.0,0.0,0.0,0.0,0.0,0.0,0.0,0.0,0.0,0.0,0.0,0.0,0.0,0.0,0.0,0.0,0.0,0.0,0.0,0.0,0.0,0.0,0.0,0.0
0.0,0.3782758034426939,0.3558007090764113,0.2728556300596799,0.0,0.3474792579752958,0.3087383331134419,0.37348611337941,0.3247333726981188,0.3896546013879289,0.3195441461574808,0.3864742564501536,0.3481467661498866,0.2777403095506103,0.0,0.0,0.0,0.0,0.3533787244895601,0.4017524649149076,0.0,0.4124385348343539,0.3607808082474967,0.0,0.3536669454702538,0.0,0.3556921621601051,0.358075061069883,0.4048765951457897,0.0,0.4300848182318709,0.3601516866587256,0.3424847810592494,0.4008249585179246,0.3993566841496766,0.222913716516945,0.3033588299328639,0.0,0.0,0.0,0.0,0.0,0.4724704032704524,0.0,0.0,0.0,0.0,0.4761758173022881,0.0,0.0,0.0,0.0,0.0,0.4419493063587313,0.0,0.3326195400247087,0.0,0.0,0.0,0.0,0.0,0.0,0.0,0.0,0.0,0.0,0.0,0.4881650698184517,0.0,0.0,0.0,0.4572017343346611,0.0,0.0,0.0,0.0
0.3714368856385481,0.3916622001912556,0.3300873874130562,0.3659333762474665,0.3474792579752958,0.0,0.3836568158469063,0.3800626649032549,0.2995179152730072,0.4066948419598621,0.361247695049158,0.0,0.3750257874949196,0.3864026148773545,0.3759826739732457,0.4303405547217551,0.0,0.421128405441,0.3471432718036583,0.3788589372519882,0.4003701594687859,0.3967084173965126,0.3553243940403038,0.0,0.3741185955296148,0.3948089765143957,0.342988575716295,0.3622778024929594,0.3115587020109932,0.3839609321796755,0.409995788661268,0.384528729602089,0.3454515807241685,0.3986316555088348,0.4065596843702629,0.3697060032106503,0.3971614099928426,0.0,0.4339686370116973,0.0,0.4691074983856173,0.4596930620213084,0.4159568192740829,0.0,0.0,0.0,0.0,0.5016392190090946,0.0,0.0,0.4805086539424106,0.4952213603455318,0.4628254192710997,0.507422779860199,0.0,0.4652191643890934,0.0,0.4893537532423405,0.0,0.4282079248769547,0.0,0.0,0.0,0.5024430741521245,0.4404854200605997,0.0,0.4094450706663599,0.4945775681088488,0.0,0.0,0.0,0.4849290563711707,0.4998931869698997,0.4732174103575749,0.0,0.4994843075369967
0.0,0.4171285570216546,0.4145898890628047,0.2905641481579785,0.3087383331134419,0.3836568158469063,0.0,0.4108306464863228,0.337494810098277,0.3227278594658765,0.4054846109848255,0.3426660711244128,0.2825765674752729,0.30373836632556,0.0,0.4432373918841418,0.3842948872908038,0.4045863325916445,0.419123103190863,0.4131563135904638,0.0,0.4379624842366713,0.3844905231823756,0.3823749587429739,0.3892722090149375,0.3882484431342414,0.3882046607726261,0.3436577282890899,0.4116862916999176,0.0,0.4029607247108788,0.3729352008532156,0.3688500069494926,0.3805100606187058,0.403666017523939,0.2768633944823144,0.2973922917316155,0.3292832140128721,0.0,0.0,0.0,0.0,0.0,0.0,0.0,0.0,0.0,0.0,0.0,0.0,0.4279839468050541,0.0,0.0,0.0,0.0,0.0,0.0,0.0,0.0,0.0,0.0,0.0,0.0,0.0,0.0,0.0,0.0,0.495734102463833,0.0,0.0,0.0,0.4669793489514202,0.0,0.0,0.0,0.0
0.4715528047731208,0.4467254570705891,0.4310449992973623,0.3272117976487343,0.37348611337941,0.3800626649032549,0.4108306464863228,0.0,0.45271396021402,0.3719455154953945,0.3571112931322778,0.0,0.4155555250526685,0.3385135981511127,0.415063567968371,0.4198218561654853,0.0,0.4158100481598494,0.4285659693399045,0.38817200358341,0.3736280375267053,0.4172745166051134,0.3394057339640207,0.4646220704380628,0.4356466024801452,0.4381113417919598,0.3953397064902602,0.4071739710920075,0.3837789789364106,0.393717376291742,0.4277936144026841,0.3753065592811935,0.3463500105862988,0.4261440601858244,0.4372411780920923,0.3110999337665671,0.3817728849084168,0.0,0.4454392891429575,0.0,0.4926702308617084,0.0,0.4425621992072565,0.0,0.0,0.0,0.0,0.5204237092402797,0.0,0.4912293272558319,0.4486641506307759,0.4821755865726255,0.4232772247217423,0.5161426866444447,0.0,0.4710129827786355,0.0,0.4791750113682774,0.0,0.489145801045211,0.0,0.0,0.0,0.5212321798203186,0.0,0.4394578082795401,0.0,0.4833279148050719,0.0,0.0,0.0,0.4769516863583595,0.4623007778709523,0.4511874485521248,0.0,0.4678255622428452
0.0,0.3733198494659386,0.2636857460574632,0.3687521761289588,0.3247333726981188,0.2995179152730072,0.337494810098277,0.45271396021402,0.0,0.4213301278300886,0.3086190913818361,0.3684128833348206,0.3850400218853373,0.3585742380215011,0.0,0.3805742684855152,0.0,0.0,0.2507909572276738,0.3874722069719261,0.0,0.3783940091032874,0.3619760175558676,0.0,0.0,0.0,0.3207292581846729,0.4324318147119362,0.3862640760794706,0.4006550212261541,0.4525452956424765,0.4129456469984144,0.3638462835626356,0.4326960115588383,0.3882584685689937,0.3773347660459138,0.4169177691551058,0.3561143579956302,0.4879085751688157,0.0,0.0,0.0,0.4833136389276231,0.0,0.0,0.0,0.0,0.5282409169314204,0.0,0.0,0.4989581520472239,0.0,0.5053936756986646,0.4981975399879274,0.0,0.4944554073777913,0.0,0.0,0.5126399189812143,0.0,0.0,0.0,0.0,0.5263066770189729,0.0,0.0,0.0,0.5284852656328191,0.0,0.0,0.0,0.5168505297423903,0.0,0.0,0.0,0.0
0.3276575257724736,0.0,0.3844049560510231,0.2337073470252821,0.3896546013879289,0.4066948419598621,0.3227278594658765,0.3719455154953945,0.4213301278300886,0.0,0.4171223898894233,0.2918484836152208,0.3888137400571173,0.2636775946228958,0.0,0.3529210314777006,0.3262320913785584,0.3441953187165345,0.4084654343814536,0.0,0.0,0.3430979143402066,0.3833216859014008,0.2925553409941108,0.3138342729141135,0.3468250199326557,0.3714075242705125,0.3650482100183445,0.0,0.0,0.3296550281749237,0.3357719336161551,0.2986685183028461,0.2954648758591769,0.3054033957064077,0.2674306680981785,0.2480027363787092,0.2534290410797534,0.2198870739900679,0.3185659726608355,0.2943237249505799,0.0,0.0,0.0,0.2977371833425234,0.0,0.0,0.0,0.0,0.0,0.0,0.0,0.0,0.0,0.3934114310916722,0.0,0.4060663471295272,0.0,0.0,0.0,0.0,0.4234784268434149,0.3956320553089377,0.0,0.0,0.0,0.0,0.0,0.4041637913916355,0.3920622876282538,0.4021756477344175,0.0,0.36559600809735,0.0,0.0,0.3584325325168467
0.0,0.0,0.2998563775500966,0.3310463015955353,0.3195441461574808,0.361247695049158,0.4054846109848255,0.3571112931322778,0.3086190913818361,0.4171223898894233,0.0,0.3817884046175467,0.4338289844790828,0.2916850450638388,0.0,0.0,0.0,0.0,0.2479350891802886,0.0,0.0,0.0,0.2702977422095631,0.0,0.0,0.0,0.3232214833645637,0.4254733861154195,0.0,0.0,0.4542104045821512,0.3619989321818472,0.3209844414906802,0.4308622246485292,0.4244707499567148,0.284929918799557,0.4073362613913536,0.3575863489949674,0.4235688558342448,0.0,0.0,0.0,0.4409327578875718,0.0,0.0,0.0,0.0,0.3699773699700599,0.0,0.3774981508257045,0.4787180963593528,0.4407370294697871,0.4797036436629023,0.4672092303795565,0.0,0.2316345371239233,0.0,0.3941601052602007,0.4550881578400613,0.0,0.0,0.0,0.0,0.2260208054898329,0.0,0.0,0.0,0.5243795863364296,0.0,0.0,0.0,0.4915657171503462,0.0,0.0,0.0,0.0
0.3356026419747231,0.0,0.0,0.0,0.3864742564501536,0.0,0.3426660711244128,0.0,0.3684128833348206,0.2918484836152208,0.3817884046175467,0.0,0.3609431309148563,0.0,0.0,0.0,0.3595245919302848,0.3290897676993902,0.0,0.0,0.0,0.0,0.0,0.2689590987148941,0.3318727783419818,0.3387573515014012,0.0,0.3561346078552212,0.0,0.0,0.3282196080178963,0.2555017037016718,0.2150163455184624,0.2225545461972592,0.2737526534874367,0.2947219167212623,0.2498337682430041,0.1943985142781902,0.2453013756865072,0.308198486229465,0.2624206852838764,0.0,0.0,0.0,0.2642509658340666,0.0,0.0,0.0,0.0,0.0,0.0,0.0,0.0,0.0,0.4011871735620369,0.0,0.4025349548571077,0.0,0.0,0.0,0.0,0.4485207427566651,0.4416165337522535,0.0,0.0,0.0,0.0,0.0,0.4054718644698628,0.424035472503101,0.4219140052284741,0.0,0.0,0.0,0.0,0.3506477950606587
0.0,0.4347073363648133,0.4332078128633387,0.3193817400614457,0.3481467661498866,0.3750257874949196,0.2825765674752729,0.4155555250526685,0.3850400218853373,0.3888137400571173,0.4338289844790828,0.3609431309148563,0.0,0.3375049522323232,0.0,0.4513946318110437,0.4011274737611693,0.4228340443978076,0.4400238935806722,0.4146287056285243,0.4259951949899779,0.4476417083019329,0.4006590217267101,0.3550190109414451,0.4121434914528096,0.4099404978639585,0.4033800160187535,0.319993301476342,0.3748542354641297,0.3727278517267269,0.4017743388146662,0.3799335960212395,0.3817321828300513,0.3937159570915544,0.4044269278230766,0.3294461458749653,0.3266208748622933,0.2802396732978826,0.3988660067921192,0.0,0.0,0.0,0.386505146567787,0.0,0.0,0.0,0.0,0.4655357361355528,0.0,0.0,0.4466298246363128,0.0,0.4550884251419755,0.0,0.0,0.0,0.0,0.0,0.0,0.0,0.0,0.0,0.0,0.0,0.0,0.0,0.0,0.4943805502547045,0.0,0.0,0.0,0.4710186300089223,0.0,0.4394799517906912,0.0,0.0
0.0,0.0,0.3869125237455614,0.2636417261580869,0.2777403095506103,0.3864026148773545,0.30373836632556,0.3385135981511127,0.3585742380215011,0.2636775946228958,0.2916850450638388,0.0,0.3375049522323232,0.0,0.0,0.0,0.0,0.0,0.3681417903463925,0.0,0.0,0.0,0.3616043099791038,0.0,0.0,0.0,0.3840503089023124,0.2540296646280041,0.0,0.0,0.4500560513795184,0.3024435335568838,0.0,0.0,0.0,0.2065809884130136,0.2009701288122974,0.0,0.0,0.0,0.0,0.0,0.4092137160328615,0.0,0.0,0.0,0.0,0.4737682819541762,0.0,0.0,0.0,0.0,0.0,0.4769917130638441,0.0,0.4428147775292594,0.0,0.0,0.0,0.0,0.0,0.0,0.0,0.0,0.0,0.0,0.0,0.4845216232600445,0.0,0.0,0.0,0.0,0.0,0.0,0.0,0.0
0.3626820780289971,0.4012377724747977,0.0,0.0,0.0,0.3759826739732457,0.0,0.415063567968371,0.0,0.0,0.0,0.0,0.0,0.0,0.0,0.4072438268848089,0.0,0.3720789548131118,0.0,0.2697930704098469,0.3615191352880316,0.3089212645412397,0.3169822646366395,0.3449551580670417,0.3600515992805531,0.3152168172250616,0.3219604271171523,0.0,0.3813753975777413,0.0,0.3774127096670623,0.4036403069572096,0.3600962960023885,0.3918464197517261,0.4446047116875958,0.5035504811599757,0.0,0.0,0.4436772123657069,0.420345895149789,0.4389637927337484,0.4746934914651509,0.0,0.0,0.0,0.0,0.4575550376426129,0.0,0.0,0.0,0.0,0.0,0.0,0.0,0.0,0.0,0.0,0.0,0.0,0.4224148398471418,0.4332722843809948,0.0,0.0,0.0,0.3490010812824611,0.4366184901913076,0.4584212398270345,0.4629620233483257,0.0,0.0,0.5038515861257511,0.4258809097950757,0.4420244346362763,0.4599875598066467,0.0,0.4119192662368639
0.36373342860744,0.3831733459119381,0.0,0.0,0.0,0.4303405547217551,0.4432373918841418,0.4198218561654853,0.3805742684855152,0.3529210314777006,0.0,0.0,0.4513946318110437,0.0,0.4072438268848089,0.0,0.377353545165601,0.3296327220440822,0.0,0.3812744152067946,0.3907981394397211,0.3646385429579489,0.4142712484195515,0.3412426335779494,0.3620741177695636,0.3817051171580966,0.4127211784497642,0.4312027909973087,0.4057276385076201,0.3852723404855272,0.3541648992922012,0.4238903815184644,0.3422600949836604,0.3621047897436899,0.4185277411548208,0.0,0.0,0.0,0.4290383484855621,0.4179897311878122,0.4198537659760139,0.4320318926900611,0.0,0.0,0.0,0.4113998913903871,0.4204973658009167,0.0,0.0,0.0,0.0,0.0,0.0,0.0,0.0,0.0,0.0,0.0,0.0,0.4538105101550696,0.4284143904786953,0.0,0.4011851655110235,0.0,0.4396184191419754,0.4470809237111017,0.4358108535134875,0.0,0.0,0.408557405826965,0.4343605243252847,0.0,0.0,0.0,0.0,0.415238316861831
0.0,0.0,0.0,0.0,0.0,0.0,0.3842948872908038,0.0,0.0,0.3262320913785584,0.0,0.3595245919302848,0.4011274737611693,0.0,0.0,0.377353545165601,0.0,0.3404069152622664,0.0,0.3578598459603083,0.0,0.3767664954518286,0.0,0.3480003732163518,0.3036758803042421,0.346411475577268,0.0,0.3996036394645351,0.0,0.0,0.3492783690096829,0.4245090178182342,0.330540690883933,0.3504570268090785,0.3916389566618221,0.0,0.0,0.2982186037589106,0.0,0.3662396392616523,0.3709763262531857,0.0,0.0,0.0,0.0,0.0,0.0,0.0,0.0,0.0,0.0,0.0,0.0,0.0,0.4134601434865033,0.0,0.4122386358814106,0.0,0.0,0.0,0.0,0.4016795170272765,0.393688777200715,0.0,0.0,0.0,0.0,0.0,0.4063114779727996,0.4068535078553075,0.4144388510661993,0.0,0.0,0.0,0.0,0.0
0.3316682230383584,0.3733685564122804,0.0,0.0,0.0,0.421128405441,0.4045863325916445,0.4158100481598494,0.0,0.3441953187165345,0.0,0.3290897676993902,0.4228340443978076,0.0,0.3720789548131118,0.3296327220440822,0.3404069152622664,0.0,0.0,0.3918039701050826,0.3932863203316251,0.3870010613293405,0.4086746099407913,0.3083360539217884,0.3099029433441334,0.3400170263547545,0.4071370541686923,0.4109646996978777,0.4235875259735085,0.0,0.3522946013482487,0.4057406593504061,0.3220851986617785,0.3515146822844968,0.3891890232048469,0.0,0.0,0.0,0.4169098532287741,0.3864138211320196,0.3911604681818264,0.4149419866198762,0.0,0.0,0.0,0.3784313593924699,0.4031318463819105,0.0,0.0,0.0,0.0,0.0,0.0,0.0,0.3960303341986947,0.0,0.3954597302609978,0.0,0.0,0.0,0.4036079683767865,0.400648626966507,0.3861873253376268,0.0,0.0,0.0,0.4105980007481464,0.0,0.3690228269735714,0.3902401734676879,0.4014787070303579,0.0,0.0,0.0,0.0,0.39125807764219
0.0,0.0,0.22235978366447,0.3469784057733512,0.3533787244895601,0.3471432718036583,0.419123103190863,0.4285659693399045,0.2507909572276738,0.4084654343814536,0.2479350891802886,0.0,0.4400238935806722,0.3681417903463925,0.0,0.0,0.0,0.0,0.0,0.0,0.0,0.0,0.2331945600274031,0.0,0.0,0.0,0.3171394903169363,0.4380563700824637,0.0,0.0,0.45495556504948,0.3912149730974481,0.0,0.4380969981965487,0.4390773925759532,0.3696296369838951,0.4048890483880516,0.0,0.4957349539623736,0.0,0.0,0.0,0.4853506310434063,0.0,0.0,0.0,0.0,0.5145124431127154,0.0,0.0,0.4925192212317959,0.0,0.5260535476009576,0.5379987864001926,0.0,0.2719240513502759,0.0,0.0,0.473891551765434,0.0,0.0,0.0,0.0,0.3380123146095946,0.0,0.0,0.0,0.5467293003944406,0.0,0.0,0.0,0.5213417075576211,0.0,0.0,0.0,0.0
0.3872899047885014,0.4204119024865435,0.0,0.0,0.4017524649149076,0.3788589372519882,0.4131563135904638,0.38817200358341,0.3874722069719261,0.0,0.0,0.0,0.4146287056285243,0.0,0.2697930704098469,0.3812744152067946,0.3578598459603083,0.3918039701050826,0.0,0.0,0.3800102407817916,0.3320518219035168,0.2158219567865815,0.0,0.387075032076851,0.3941954125087629,0.3176734835031772,0.3776607465491979,0.3007911385294423,0.3546829603956412,0.3623226508186905,0.4165818574238543,0.3637214707374139,0.3977556042773934,0.4502626457835391,0.4867631112847529,0.4273906445119642,0.0,0.442898554492697,0.4129569734173237,0.4296992859690138,0.464326363202831,0.0,0.0,0.0,0.0,0.4238868034387903,0.0,0.0,0.0,0.4499349450093931,0.0,0.4603088156505446,0.0,0.0,0.0,0.0,0.0,0.0,0.4422846769716986,0.0,0.0,0.0,0.0,0.4534814133031551,0.4242153567698694,0.456635177718748,0.465759860931494,0.0,0.0,0.4460972656480201,0.4729810589773595,0.4697218155305095,0.4584324119305125,0.0,0.4447977463433668
0.3785765152776187,0.3867581720702584,0.0,0.0,0.0,0.4003701594687859,0.0,0.3736280375267053,0.0,0.0,0.0,0.0,0.4259951949899779,0.0,0.3615191352880316,0.3907981394397211,0.0,0.3932863203316251,0.0,0.3800102407817916,0.0,0.4009806976422404,0.3466096004990808,0.4262831410523585,0.383473027344515,0.3686010833198911,0.3822235423338475,0.4057901019680676,0.3987088500934375,0.3960353710392295,0.3732289000724454,0.3859954377170029,0.3507677723813961,0.3708689979311454,0.4194228706977161,0.0,0.0,0.0,0.4247900709502299,0.3961226062359421,0.4026229084385192,0.4515027201046194,0.0,0.0,0.0,0.3319177504670451,0.4262622703118402,0.0,0.0,0.0,0.0,0.0,0.4136598237494308,0.0,0.0,0.0,0.0,0.0,0.0,0.4470470293349172,0.4112347303939545,0.0,0.0,0.0,0.4357577378474728,0.3319249733036325,0.4454651217222232,0.4326944040580725,0.0,0.3618235493596475,0.4793347323489723,0.4583335206128018,0.4380566611129294,0.4409997856520024,0.0,0.3935234354307808
0.3675189634240194,0.3924574010961436,0.0,0.0,0.4124385348343539,0.3967084173965126,0.4379624842366713,0.4172745166051134,0.3783940091032874,0.3430979143402066,0.0,0.0,0.4476417083019329,0.0,0.3089212645412397,0.3646385429579489,0.3767664954518286,0.3870010613293405,0.0,0.3320518219035168,0.4009806976422404,0.0,0.4013534081721707,0.0,0.3766545418055983,0.3758575827675361,0.3963724113389666,0.4396637754777934,0.3853982203712906,0.3920951619669623,0.3658770847962424,0.4163192918939334,0.3617330647283988,0.3889200773577173,0.4494157562968859,0.5056098654645801,0.4653215668966188,0.0,0.4479058753090101,0.4565176016646795,0.4527248019306242,0.4753051477229979,0.0,0.0,0.0,0.3915552328594799,0.4431870334697733,0.0,0.0,0.0,0.4116014483706277,0.0,0.0,0.0,0.0,0.0,0.0,0.0,0.0,0.4850924857702302,0.4352118634030575,0.0,0.3638906460413421,0.0,0.4521399853887932,0.4595736854116797,0.4750228822480578,0.4661988271667988,0.0,0.399396801408557,0.4870816500873567,0.4742168087942088,0.0,0.4490562563021658,0.0,0.4359532796458009
0.4246419038813622,0.4012609618821101,0.268999809612792,0.3633203750835461,0.3607808082474967,0.3553243940403038,0.3844905231823756,0.3394057339640207,0.3619760175558676,0.3833216859014008,0.2702977422095631,0.0,0.4006590217267101,0.3616043099791038,0.3169822646366395,0.4142712484195515,0.0,0.4086746099407913,0.2331945600274031,0.2158219567865815,0.3466096004990808,0.4013534081721707,0.0,0.3985730332038087,0.3906079884663125,0.4050180088391926,0.2777847729433164,0.3993269752749947,0.3730948689336635,0.390991483871031,0.4137938406379322,0.3828125878184519,0.3315819430692156,0.4112244836401612,0.4170803494023521,0.3717455201088288,0.3909223276037976,0.0,0.4782794755953393,0.4778756565265031,0.504274453980043,0.5069926464263653,0.4602760681383682,0.0,0.0,0.0,0.4218325242245264,0.5202881033612846,0.0,0.5074824087525697,0.4946581625880926,0.5220838700280422,0.4766465877400935,0.5284705201952556,0.0,0.5075549618199224,0.0,0.507411409301921,0.0,0.4582951078564287,0.0,0.0,0.0,0.5414611389447036,0.467555981636845,0.4366437098282669,0.4556150148121567,0.4894339638730052,0.0,0.0,0.4568808405132578,0.4964218028918906,0.4969273275975776,0.482672851002019,0.4943753610310547,0.5011962187981995
0.3313955185325651,0.0,0.0,0.0,0.0,0.0,0.3823749587429739,0.4646220704380628,0.0,0.2925553409941108,0.0,0.2689590987148941,0.3550190109414451,0.0,0.3449551580670417,0.3412426335779494,0.3480003732163518,0.3083360539217884,0.0,0.0,0.4262831410523585,0.0,0.3985730332038087,0.0,0.2981098132529514,0.3330512960913607,0.3056871648434867,0.3485374366211821,0.0,0.0,0.3302785529633182,0.3179215309160813,0.2435206110133077,0.2594963560713154,0.3305531387011793,0.3106775751708674,0.0,0.2153666059127323,0.4290151217445451,0.3847833334022631,0.3818884305543135,0.0,0.0,0.0,0.274484520668232,0.3618976412878793,0.0,0.0,0.0,0.0,0.0,0.0,0.0,0.0,0.3763135436657464,0.0,0.3612968936016655,0.0,0.0,0.0,0.4144379713184849,0.4359687637764647,0.4055892646716523,0.0,0.0,0.0,0.0,0.0,0.3683575691506287,0.3965870516200059,0.4137195438814854,0.0,0.0,0.0,0.0,0.4127863076669545
0.3470338462774467,0.3452405473653564,0.0,0.0,0.3536669454702538,0.3741185955296148,0.3892722090149375,0.4356466024801452,0.0,0.3138342729141135,0.0,0.3318727783419818,0.4121434914528096,0.0,0.3600515992805531,0.3620741177695636,0.3036758803042421,0.3099029433441334,0.0,0.387075032076851,0.383473027344515,0.3766545418055983,0.3906079884663125,0.2981098132529514,0.0,0.3427645044884727,0.3807271287628178,0.40062073245759,0.4054400656312029,0.0,0.3456368057857217,0.3909644828532674,0.3008022479383481,0.3289098014921737,0.3795750615969754,0.0,0.0,0.2802484007383943,0.4243047246569499,0.3894418440394675,0.400695508712395,0.4300753025934296,0.0,0.0,0.0,0.395819862970138,0.4210727758777365,0.0,0.0,0.0,0.0,0.0,0.0,0.0,0.4147420464722856,0.0,0.4197622888009533,0.0,0.0,0.0,0.4254539902489599,0.4156072079935603,0.3916763558475528,0.0,0.3951206170290923,0.3818998649568637,0.4234168569595978,0.0,0.3856616259886414,0.3995848345036072,0.4139022152731917,0.0,0.0,0.0,0.0,0.4007623760059485
0.3339309396231231,0.3811241991585777,0.0,0.0,0.0,0.3948089765143957,0.3882484431342414,0.4381113417919598,0.0,0.3468250199326557,0.0,0.3387573515014012,0.4099404978639585,0.0,0.3152168172250616,0.3817051171580966,0.346411475577268,0.3400170263547545,0.0,0.3941954125087629,0.3686010833198911,0.3758575827675361,0.4050180088391926,0.3330512960913607,0.3427645044884727,0.0,0.4007705497185387,0.3937829383273155,0.3939639805486189,0.0,0.3601261872020442,0.3993448010349671,0.3302202589016263,0.3514245111578674,0.4000105195318946,0.4084800706433444,0.0,0.3077625378525638,0.4428618351543864,0.411886366071241,0.4393897859352864,0.4644072387386416,0.0,0.0,0.3337586451545906,0.4073968718688947,0.4561853473828875,0.0,0.0,0.0,0.0,0.0,0.0,0.0,0.4262373349763221,0.0,0.4311391724536881,0.0,0.0,0.5035075401925968,0.4489928231644144,0.4353682316935457,0.4076184484834255,0.0,0.4627632372301891,0.4691179581749213,0.4755021039203116,0.4658361249871691,0.4218956771289246,0.4116496798654541,0.4520230860615828,0.4633883245895684,0.0,0.4223352979674554,0.0,0.4266215864838609
0.3796233677753323,0.4069769681294627,0.2782973925771955,0.3716555223959093,0.3556921621601051,0.342988575716295,0.3882046607726261,0.3953397064902602,0.3207292581846729,0.3714075242705125,0.3232214833645637,0.0,0.4033800160187535,0.3840503089023124,0.3219604271171523,0.4127211784497642,0.0,0.4071370541686923,0.3171394903169363,0.3176734835031772,0.3822235423338475,0.3963724113389666,0.2777847729433164,0.3056871648434867,0.3807271287628178,0.4007705497185387,0.0,0.3974008271164104,0.3518493017564323,0.3763614527260376,0.3903644400734711,0.3942760629946715,0.3532369088533121,0.405840891209335,0.424010374210014,0.4211868183049598,0.4006038934892361,0.0,0.4455866846705104,0.0,0.4713057912019921,0.5024480618811461,0.4555154009294484,0.0,0.0,0.0,0.3929366534270256,0.5098181668592746,0.0,0.0,0.4845844865140704,0.4974033329648902,0.4733391409309653,0.5136629201033752,0.0,0.4929208560659515,0.0,0.4933847582666914,0.0,0.4654675888584887,0.0,0.0,0.0,0.4984536720689638,0.4668722577485314,0.4315056668113039,0.4586349611823785,0.4980908764093208,0.0,0.0,0.4798300449579789,0.4879896448956928,0.4990277923265546,0.482628985163963,0.4791268548891024,0.4974671595258856
0.3659657868560387,0.4469972854642163,0.4303059846524033,0.2393838716885368,0.358075061069883,0.3622778024929594,0.3436577282890899,0.4071739710920075,0.4324318147119362,0.3650482100183445,0.4254733861154195,0.3561346078552212,0.319993301476342,0.2540296646280041,0.0,0.4312027909973087,0.3996036394645351,0.4109646996978777,0.4380563700824637,0.3776607465491979,0.4057901019680676,0.4396637754777934,0.3993269752749947,0.3485374366211821,0.40062073245759,0.3937829383273155,0.3974008271164104,0.0,0.3238818470075748,0.2959355572825041,0.3696379349722667,0.3619970962553027,0.334245542156675,0.352853761080577,0.3405828519753622,0.2319735054712135,0.2215556847372674,0.2770700254825329,0.3687190383803387,0.0,0.4728154283809449,0.4601161159536832,0.3644403334911909,0.0,0.0,0.0,0.0,0.0,0.0,0.0,0.4747455281145896,0.0,0.4534761737514101,0.0,0.0,0.0,0.0,0.0,0.0,0.4618516153892996,0.0,0.0,0.0,0.0,0.4651158819579958,0.0,0.0,0.4900466960403163,0.0,0.0,0.0,0.480705260717075,0.4767429379804377,0.480585097151987,0.0,0.4739106521970862
0.4238006477960201,0.4210084499296211,0.0,0.0,0.4048765951457897,0.3115587020109932,0.4116862916999176,0.3837789789364106,0.3862640760794706,0.0,0.0,0.0,0.3748542354641297,0.0,0.3813753975777413,0.4057276385076201,0.0,0.4235875259735085,0.0,0.3007911385294423,0.3987088500934375,0.3853982203712906,0.3730948689336635,0.0,0.4054400656312029,0.3939639805486189,0.3518493017564323,0.3238818470075748,0.0,0.3440922937019106,0.3559487932955759,0.3843666715484241,0.3310997665268835,0.3811743480878424,0.4100118944532929,0.4219198915200003,0.3637237937684723,0.0,0.4644674462799604,0.0,0.4600664051088201,0.4668292862560262,0.0,0.0,0.0,0.0,0.4212195257215035,0.0,0.0,0.0,0.4766823312741562,0.0,0.467139226550436,0.0,0.0,0.0,0.0,0.4595175008294223,0.0,0.4604572814494583,0.0,0.0,0.0,0.0,0.4649244058458573,0.4521819351866309,0.4483522454830907,0.4819084672125258,0.0,0.0,0.4327828254702267,0.4797725614055571,0.4894501356488914,0.4734491757241054,0.0,0.4735689322198751
0.0,0.0,0.3963252904366449,0.0,0.0,0.3839609321796755,0.0,0.393717376291742,0.4006550212261541,0.0,0.0,0.0,0.3727278517267269,0.0,0.0,0.3852723404855272,0.0,0.0,0.0,0.3546829603956412,0.3960353710392295,0.3920951619669623,0.390991483871031,0.0,0.0,0.0,0.3763614527260376,0.2959355572825041,0.3440922937019106,0.0,0.3256134312903214,0.3732427906646606,0.0,0.3524116569908315,0.3439567054642666,0.0,0.0,0.0,0.4737848506689087,0.0,0.0,0.0,0.0,0.0,0.0,0.0,0.0,0.0,0.0,0.0,0.0,0.0,0.0,0.0,0.0,0.0,0.0,0.0,0.0,0.0,0.0,0.0,0.0,0.0,0.0,0.0,0.0,0.4913113745992076,0.0,0.0,0.0,0.4858820919198642,0.0,0.0,0.0,0.0
0.3400631534386792,0.3505089902426761,0.4419665340532366,0.0,0.4300848182318709,0.409995788661268,0.4029607247108788,0.4277936144026841,0.4525452956424765,0.3296550281749237,0.4542104045821512,0.3282196080178963,0.4017743388146662,0.4500560513795184,0.3774127096670623,0.3541648992922012,0.3492783690096829,0.3522946013482487,0.45495556504948,0.3623226508186905,0.3732289000724454,0.3658770847962424,0.4137938406379322,0.3302785529633182,0.3456368057857217,0.3601261872020442,0.3903644400734711,0.3696379349722667,0.3559487932955759,0.3256134312903214,0.0,0.3929902085320071,0.3078710390432421,0.2723025780342563,0.2636132466534564,0.4082356598390257,0.3625098705189792,0.2550637627775744,0.4476842914772457,0.3583993070367151,0.4268811191343044,0.0,0.0,0.0,0.0,0.3648840127048736,0.4117412787172518,0.0,0.0,0.0,0.4755212714848722,0.0,0.5037233302835307,0.0,0.3539877915629665,0.0,0.3868798623904824,0.0,0.0,0.4644087620088946,0.4142805771304307,0.0,0.3886456126327685,0.0,0.4507286473040492,0.0,0.4403129593237119,0.4959767609783092,0.400598417086237,0.3935259727165863,0.4327242165388581,0.4907895093569165,0.4699702471936411,0.4702160442049387,0.0,0.3958946823556162
0.3920497910409593,0.4013266078597675,0.3900134147710745,0.2846402114553155,0.3601516866587256,0.384528729602089,0.3729352008532156,0.3753065592811935,0.4129456469984144,0.3357719336161551,0.3619989321818472,0.2555017037016718,0.3799335960212395,0.3024435335568838,0.4036403069572096,0.4238903815184644,0.4245090178182342,0.4057406593504061,0.3912149730974481,0.4165818574238543,0.3859954377170029,0.4163192918939334,0.3828125878184519,0.3179215309160813,0.3909644828532674,0.3993448010349671,0.3942760629946715,0.3619970962553027,0.3843666715484241,0.3732427906646606,0.3929902085320071,0.0,0.3436422937035243,0.3557074944902038,0.389772396794442,0.2950162150100066,0.3180442446381862,0.2736612945527279,0.2901107486578116,0.280352885093776,0.327962104456628,0.3356985111295462,0.277404956280469,0.2516554522081895,0.2665349673664798,0.4055691577991049,0.4315331567487507,0.4239564202923017,0.0,0.0,0.4555305709015689,0.0,0.430027865196585,0.4617804646880306,0.2719205490043341,0.3629494710180652,0.2468634070526065,0.3345750541975286,0.0,0.468649132706498,0.4328316197627022,0.0,0.422811109824268,0.4604131619712578,0.4635885906945071,0.437107413746188,0.4542482971177946,0.4897412884583415,0.0,0.4337941273990231,0.4565374841738877,0.4830747187948591,0.3039555547893082,0.4765381095216484,0.0,0.4407713544124184
0.3147262051242748,0.3358730951623347,0.0,0.0,0.3424847810592494,0.3454515807241685,0.3688500069494926,0.3463500105862988,0.3638462835626356,0.2986685183028461,0.3209844414906802,0.2150163455184624,0.3817321828300513,0.0,0.3600962960023885,0.3422600949836604,0.330540690883933,0.3220851986617785,0.0,0.3637214707374139,0.3507677723813961,0.3617330647283988,0.3315819430692156,0.2435206110133077,0.3008022479383481,0.3302202589016263,0.3532369088533121,0.334245542156675,0.3310997665268835,0.0,0.3078710390432421,0.3436422937035243,0.0,0.2459656841102209,0.4090631933363055,0.4111934662401265,0.238284622130095,0.1723404215687796,0.279461242339116,0.2623735918276331,0.2779675996637242,0.348658160979775,0.0,0.0,0.2036972739151359,0.3784494606736899,0.4253162156996761,0.0,0.0,0.0,0.0,0.0,0.0,0.0,0.3145439633523654,0.0,0.2749069926259372,0.0,0.0,0.4683844777347392,0.4218941534129117,0.3852300132069108,0.3826706931594214,0.0,0.397702031940758,0.4153272497192141,0.4628802102751438,0.4654937481610323,0.3074095895203724,0.3848595497035403,0.4111758804168483,0.4589907281593378,0.0,0.4160472761050167,0.0,0.4105818355889975
0.30958084226289,0.349013670421883,0.4251214524548183,0.3126606664542113,0.4008249585179246,0.3986316555088348,0.3805100606187058,0.4261440601858244,0.4326960115588383,0.2954648758591769,0.4308622246485292,0.2225545461972592,0.3937159570915544,0.0,0.3918464197517261,0.3621047897436899,0.3504570268090785,0.3515146822844968,0.4380969981965487,0.3977556042773934,0.3708689979311454,0.3889200773577173,0.4112244836401612,0.2594963560713154,0.3289098014921737,0.3514245111578674,0.405840891209335,0.352853761080577,0.3811743480878424,0.3524116569908315,0.2723025780342563,0.3557074944902038,0.2459656841102209,0.0,0.313397531375079,0.4080317848368814,0.2941575639549682,0.1847366235605273,0.3073275729303482,0.2869240134624872,0.3116886271610948,0.3368920689153953,0.2560059629658155,0.0,0.2329659949642903,0.3529663965431175,0.4128048016910374,0.0,0.0,0.0,0.4510057671042275,0.0,0.4776349331349458,0.0,0.3442458857773926,0.0,0.2793159591014252,0.0,0.0,0.4660393172059354,0.4156238248501575,0.0,0.3869895319422874,0.0,0.4626905177083141,0.3971053877931693,0.4540637693792481,0.4993699145436127,0.3289129054661958,0.3906955016690648,0.4317138257203178,0.4881980984232876,0.2538168478946112,0.4707595585952809,0.0,0.3906985072733548
0.3887680535103617,0.3875031704180691,0.4242226017004787,0.3607954401773503,0.3993566841496766,0.4065596843702629,0.403666017523939,0.4372411780920923,0.3882584685689937,0.3054033957064077,0.4244707499567148,0.2737526534874367,0.4044269278230766,0.0,0.4446047116875958,0.4185277411548208,0.3916389566618221,0.3891890232048469,0.4390773925759532,0.4502626457835391,0.4194228706977161,0.4494157562968859,0.4170803494023521,0.3305531387011793,0.3795750615969754,0.4000105195318946,0.424010374210014,0.3405828519753622,0.4100118944532929,0.3439567054642666,0.2636132466534564,0.389772396794442,0.4090631933363055,0.313397531375079,0.0,0.4710949656335875,0.3581832554178242,0.2778467652668229,0.3185681978279528,0.3415005287383698,0.3471757501651953,0.3704262246445257,0.2889174465237942,0.278289582879747,0.3256251707939944,0.0,0.4493602824644711,0.0,0.0,0.0,0.0,0.0,0.0,0.0,0.0,0.0,0.2969206558524973,0.0,0.0,0.4920873005508868,0.4369412401759364,0.0,0.4091693450219431,0.0,0.4610936785365386,0.0,0.4776515681605072,0.4646115208274555,0.0,0.4155540570056897,0.4641070759969983,0.4727056867381434,0.0,0.481653493094388,0.0,0.0
0.0,0.0,0.3802244281761427,0.1991892852051431,0.222913716516945,0.3697060032106503,0.2768633944823144,0.3110999337665671,0.3773347660459138,0.2674306680981785,0.284929918799557,0.2947219167212623,0.3294461458749653,0.2065809884130136,0.5035504811599757,0.0,0.0,0.0,0.3696296369838951,0.4867631112847529,0.0,0.5056098654645801,0.3717455201088288,0.3106775751708674,0.0,0.4084800706433444,0.4211868183049598,0.2319735054712135,0.4219198915200003,0.0,0.4082356598390257,0.2950162150100066,0.4111934662401265,0.4080317848368814,0.4710949656335875,0.0,0.2135087923237293,0.2842482177016235,0.3089163144644282,0.3574164242971064,0.3143807492003561,0.0,0.3633808841836682,0.2816770668529172,0.0,0.0,0.0,0.46458690884626,0.0,0.0,0.423547560886524,0.4288399833263481,0.4421042096714363,0.4599742907267555,0.0,0.400925992162835,0.3238768728820938,0.3691052968099738,0.4367782878177845,0.0,0.0,0.0,0.0,0.4405650357905404,0.0,0.0,0.0,0.4586022849001652,0.0,0.0,0.0,0.4187245607108447,0.3048689069721792,0.3823983020747,0.0,0.0
0.0,0.0,0.3929850646388485,0.1674115891782722,0.3033588299328639,0.3971614099928426,0.2973922917316155,0.3817728849084168,0.4169177691551058,0.2480027363787092,0.4073362613913536,0.2498337682430041,0.3266208748622933,0.2009701288122974,0.0,0.0,0.0,0.0,0.4048890483880516,0.4273906445119642,0.0,0.4653215668966188,0.3909223276037976,0.0,0.0,0.0,0.4006038934892361,0.2215556847372674,0.3637237937684723,0.0,0.3625098705189792,0.3180442446381862,0.238284622130095,0.2941575639549682,0.3581832554178242,0.2135087923237293,0.0,0.2563947778634584,0.2908920488054203,0.0,0.0,0.3480845746288923,0.0,0.0,0.0,0.0,0.0,0.0,0.0,0.0,0.0,0.0,0.0,0.0,0.0,0.0,0.0,0.0,0.0,0.0,0.0,0.0,0.0,0.0,0.0,0.0,0.0,0.0,0.0,0.0,0.0,0.0,0.0,0.0,0.0,0.0
0.0,0.0,0.0,0.0,0.0,0.0,0.3292832140128721,0.0,0.3561143579956302,0.2534290410797534,0.3575863489949674,0.1943985142781902,0.2802396732978826,0.0,0.0,0.0,0.2982186037589106,0.0,0.0,0.0,0.0,0.0,0.0,0.2153666059127323,0.2802484007383943,0.3077625378525638,0.0,0.2770700254825329,0.0,0.0,0.2550637627775744,0.2736612945527279,0.1723404215687796,0.1847366235605273,0.2778467652668229,0.2842482177016235,0.2563947778634584,0.0,0.24222382914251,0.2014659955030014,0.2218134328604807,0.3090752840564755,0.0,0.0,0.2002834588244259,0.0,0.0,0.0,0.0,0.0,0.0,0.0,0.0,0.0,0.2874357462687534,0.0,0.2334407724324854,0.0,0.0,0.0,0.0,0.0,0.0,0.0,0.0,0.0,0.0,0.0,0.2981071933766787,0.0,0.364958769851924,0.0,0.0,0.0,0.0,0.0
0.4221408148024178,0.4338184942125851,0.4822906563535575,0.0,0.0,0.4339686370116973,0.0,0.4454392891429575,0.4879085751688157,0.2198870739900679,0.4235688558342448,0.2453013756865072,0.3988660067921192,0.0,0.4436772123657069,0.4290383484855621,0.0,0.4169098532287741,0.4957349539623736,0.442898554492697,0.4247900709502299,0.4479058753090101,0.4782794755953393,0.4290151217445451,0.4243047246569499,0.4428618351543864,0.4455866846705104,0.3687190383803387,0.4644674462799604,0.4737848506689087,0.4476842914772457,0.2901107486578116,0.279461242339116,0.3073275729303482,0.3185681978279528,0.3089163144644282,0.2908920488054203,0.24222382914251,0.0,0.3204951367461198,0.3581474234975789,0.3762265415994054,0.2970307952712763,0.3051874456764437,0.2522505012964767,0.3925249762762977,0.3616356011455388,0.398237099712158,0.2963675244872595,0.3502278178117693,0.3934643225768748,0.3793049447035259,0.3635882214588729,0.3990314733688964,0.3458849954075041,0.3530894457555449,0.2301426841090641,0.3834829696968393,0.313171690223463,0.4160563108984457,0.4003423534658789,0.4080307750936591,0.4084419309161085,0.3868177931823917,0.4234355329370911,0.3734049479118912,0.4124420611011636,0.3851973239161054,0.3214355343173123,0.3919500391979704,0.3976434259074631,0.4090229076803192,0.3427445697697404,0.4069425805554969,0.3760605700071879,0.3805245951342199
0.397146027361083,0.4367790674151193,0.0,0.0,0.0,0.0,0.0,0.0,0.0,0.3185659726608355,0.0,0.308198486229465,0.0,0.0,0.420345895149789,0.4179897311878122,0.3662396392616523,0.3864138211320196,0.0,0.4129569734173237,0.3961226062359421,0.4565176016646795,0.4778756565265031,0.3847833334022631,0.3894418440394675,0.411886366071241,0.0,0.0,0.0,0.0,0.3583993070367151,0.280352885093776,0.2623735918276331,0.2869240134624872,0.3415005287383698,0.3574164242971064,0.0,0.2014659955030014,0.3204951367461198,0.0,0.2622103635019883,0.3896368401660586,0.4132408326990694,0.3047258009915707,0.2001186487732327,0.3210358630252396,0.3161199003792624,0.0,0.0,0.3778005290421534,0.3820275333870013,0.3538687043259377,0.3520661208287921,0.362614563072835,0.2850887050800847,0.4049787495345011,0.2311800867756573,0.3448947293173556,0.0,0.3754265437446821,0.3638692773386132,0.3254420898605798,0.3218272334790402,0.0,0.3826627378263865,0.3348487860708434,0.3707683979276793,0.3757940682106287,0.2797803643748651,0.303391249818503,0.3288045200191163,0.3933314409429774,0.3199829082452311,0.3364052437751982,0.3363790577308062,0.3352492634245332
0.3988757079218157,0.4316029314969494,0.0,0.0,0.0,0.4691074983856173,0.0,0.4926702308617084,0.0,0.2943237249505799,0.0,0.2624206852838764,0.0,0.0,0.4389637927337484,0.4198537659760139,0.3709763262531857,0.3911604681818264,0.0,0.4296992859690138,0.4026229084385192,0.4527248019306242,0.504274453980043,0.3818884305543135,0.400695508712395,0.4393897859352864,0.4713057912019921,0.4728154283809449,0.4600664051088201,0.0,0.4268811191343044,0.327962104456628,0.2779675996637242,0.3116886271610948,0.3471757501651953,0.3143807492003561,0.0,0.2218134328604807,0.3581474234975789,0.2622103635019883,0.0,0.3508845861992185,0.4172075811660069,0.2909628841810655,0.211586039467038,0.3432105267341572,0.3446204316708294,0.4250212258923554,0.2710919981704107,0.3900610347031042,0.427198996599915,0.3607624908742509,0.4279250446575502,0.4175507996296614,0.2937708212939449,0.4166107572500341,0.2263831812762026,0.3623912342549,0.3714818748611774,0.4224352802290775,0.3864798822422773,0.3391103828409373,0.3501184428914725,0.4147125844405281,0.4206163922806648,0.3743964315651504,0.4077807326786773,0.4233694411269714,0.2874690644912913,0.335208885321185,0.3610606036881372,0.4215693808142535,0.3329921644425855,0.3932234369026804,0.3451463284349495,0.2808357501464957
