0.0,0.261525047086335,0.0,0.0,0.0,0.2185616526712484,0.0,0.2819508510178177,0.0,0.2707480438678847,0.0,0.2562772626463824,0.0,0.0,0.225282199670272,0.2755317520665741,0.2459089455901545,0.2635195930395862,0.0,0.2597356546798682,0.2164692272250524,0.2582628082096255,0.2465804539583271,0.2176537435921212,0.2684553882005623,0.242399423997478,0.2129199632732394,0.2419257766748411,0.2558455464487444,0.0,0.2402801840443946,0.273768915274037,0.2420154981270476,0.2304564295116695,0.2812825770449015,0.0,0.0,0.0,0.2895379626787867,0.3143153529832881,0.2935256507449004,0.0,0.0,0.0,0.0,0.2533528570441979,0.3290266057269609,0.0,0.0,0.0,0.0,0.0,0.0,0.0,0.0,0.0,0.0,0.0,0.0,0.0,0.3246955773073625,0.0,0.3081869884881524,0.0,0.0,0.2400849901320911,0.311943756808996,0.0,0.0,0.3189014621096201,0.3110094960495656,0.0,0.0,0.0,0.0,0.0
0.261525047086335,0.0,0.0,0.0,0.2651647743970251,0.2874781256899426,0.3053380060112153,0.2555909523401944,0.2898516186126874,0.0,0.0,0.0,0.3106859861805421,0.0,0.2570164318679772,0.2766161593270672,0.0,0.2811539906366154,0.0,0.2849279340960545,0.2412313884872709,0.2730864890007965,0.2547825202327914,0.0,0.2568215796191429,0.2665240799275538,0.2810196809962914,0.2946194280133976,0.2895809871941557,0.0,0.2510736528879974,0.283149954799168,0.2585895939674183,0.2536477533372243,0.3043043775771225,0.0,0.0,0.0,0.3229553320091847,0.3191834275245362,0.3117204207126996,0.3397341081157708,0.0,0.0,0.0,0.3243212773664952,0.3402747139219353,0.0,0.0,0.0,0.0,0.0,0.0,0.0,0.0,0.0,0.0,0.0,0.0,0.3086548206299797,0.3334080390074044,0.0,0.3022750149877571,0.0,0.3071040184661556,0.2718292172086007,0.325139319302146,0.2722992826092051,0.0,0.3370876816560607,0.3404934748317771,0.2955141309238667,0.0,0.3066321317158167,0.0,0.306634195413636
0.0,0.0,0.0,0.0,0.2627199520846565,0.2538955198908119,0.2736035931323204,0.2890360421613493,0.2191762506765879,0.2819627937537996,0.2072533850734431,0.0,0.2871075554417602,0.2749382038000058,0.0,0.0,0.0,0.0,0.1964502965260834,0.0,0.0,0.0,0.2180967550379998,0.0,0.0,0.0,0.2249666182506615,0.2921961649558215,0.0,0.0,0.3059193139200379,0.2701805455432591,0.0,0.3035446019721257,0.3126262303957176,0.2571996186243436,0.2696674176105103,0.0,0.26654338401835,0.0,0.0,0.0,0.3164657960873929,0.0,0.0,0.0,0.0,0.2125178332204455,0.0,0.2850955215487019,0.3416998557623582,0.0,0.3542571072485738,0.3427167749495965,0.0,0.2229536870866371,0.0,0.0,0.2000846197671547,0.0,0.0,0.0,0.0,0.1967094887342758,0.0,0.0,0.0,0.3543742384234396,0.0,0.0,0.0,0.3405433543175072,0.0,0.0,0.0,0.0
0.0,0.0,0.0,0.0,0.1746352664399533,0.2616490982423338,0.1888672087305589,0.2310274386463635,0.271654017704275,0.1805485033035413,0.260616294651904,0.0,0.2257454488165384,0.1558109997689503,0.0,0.0,0.0,0.0,0.262347694458062,0.0,0.0,0.0,0.2354245621715867,0.0,0.0,0.0,0.2531433429826326,0.1751813211046768,0.0,0.0,0.0,0.203727794503329,0.0,0.2062287526153848,0.2044944675913665,0.1296281833264892,0.1078540608630206,0.0,0.0,0.0,0.0,0.0,0.0,0.0,0.0,0.0,0.0,0.0,0.0,0.0,0.0,0.0,0.0,0.0,0.0,0.0,0.0,0.0,0.0,0.0,0.0,0.0,0.0,0.0,0.0,0.0,0.0,0.0,0.0,0.0,0.0,0.0,0.0,0.0,0.0,0.0
0.0,0.2651647743970251,0.2627199520846565,0.1746352664399533,0.0,0.2426220386732109,0.2099347425517257,0.2466088714628032,0.2157125459412187,0.3030896114897359,0.2327479022286572,0.2956948945917354,0.2148952646364965,0.2000454266291342,0.0,0.0,0.0,0.0,0.2494430578057416,0.3005811330495174,0.0,0.3093115241750025,0.2404280921068034,0.0,0.2590303125364824,0.0,0.2515562578405678,0.2522549186704739,0.2805897661363714,0.0,0.3100553445881105,0.2500484795958584,0.2564820300712965,0.2974572663120033,0.2917907926610468,0.1508128280204446,0.1633057744298947,0.2645053975913973,0.0,0.0,0.0,0.0,0.2936388333897536,0.0,0.0,0.0,0.0,0.3096546681678161,0.0,0.0,0.0,0.0,0.0,0.2856231177064745,0.0,0.2481918712065903,0.0,0.0,0.0,0.0,0.0,0.0,0.0,0.0,0.0,0.0,0.0,0.308214358171717,0.0,0.0,0.0,0.278280255461042,0.0,0.0,0.0,0.0
0.2185616526712484,0.2874781256899426,0.2538955198908119,0.2616490982423338,0.2426220386732109,0.0,0.263435012146668,0.2513245303609001,0.2224582571571577,0.3056253430714533,0.2461505619304631,0.0,0.2403305570273972,0.2652169583073538,0.2728973218114541,0.3050821798646456,0.0,0.2973130031898203,0.2679057045026728,0.281545126587259,0.2442257207317221,0.2958797680621043,0.2488838125526022,0.0,0.2733151766312447,0.2717666692697175,0.2336956222846225,0.2510878891057033,0.2205357435163371,0.2774097554707894,0.2894230181695805,0.2631388686584432,0.2457021920612567,0.2910903610364128,0.3038281375865702,0.2618421465547912,0.2843039870704919,0.0,0.2863965778064724,0.0,0.2952306998949779,0.253022677762518,0.2775472871739983,0.0,0.0,0.0,0.0,0.3361064447515708,0.0,0.0,0.3016185105869067,0.2905112204205154,0.2957116700874743,0.3333073615611074,0.0,0.2990842375936929,0.0,0.2729875221871982,0.0,0.2694908882430071,0.0,0.0,0.0,0.3277523674073596,0.2652181532891064,0.2632226381889878,0.2813138952077578,0.3114094202672532,0.0,0.0,0.0,0.3080107762751952,0.2551298984036929,0.298223230287569,0.0,0.2907222196061533
0.0,0.3053380060112153,0.2736035931323204,0.1888672087305589,0.2099347425517257,0.263435012146668,0.0,0.2701324708455443,0.2546731595921404,0.2915979200052941,0.293441559771254,0.2871305765035798,0.209876107927902,0.1994928361199008,0.0,0.3244631703444382,0.2843206060224991,0.3058675915280159,0.2989260877325801,0.2972109441948349,0.0,0.3215638092027812,0.26235377819702,0.2956248048725264,0.2908369639180875,0.2842702372375211,0.2683126613107353,0.2596513877687374,0.2828105126924573,0.0,0.2851606429705375,0.2656432027271047,0.2515263609362642,0.2683821619005472,0.2629621477340098,0.1832691534633093,0.2046604126187209,0.2614902690648842,0.0,0.0,0.0,0.0,0.0,0.0,0.0,0.0,0.0,0.0,0.0,0.0,0.245548378062247,0.0,0.0,0.0,0.0,0.0,0.0,0.0,0.0,0.0,0.0,0.0,0.0,0.0,0.0,0.0,0.0,0.3110389683806577,0.0,0.0,0.0,0.2789242168826834,0.0,0.0,0.0,0.0
0.2819508510178177,0.2555909523401944,0.2890360421613493,0.2310274386463635,0.2466088714628032,0.2513245303609001,0.2701324708455443,0.0,0.3043282073841969,0.2823253483377225,0.2369484826088149,0.0,0.2700468462453937,0.2358278028792655,0.226716919007286,0.2463453702820318,0.0,0.2873377237250034,0.2886947752729094,0.2501286969158162,0.2682868803181397,0.260272787525392,0.2281939258627581,0.3124864397986818,0.3122615816453921,0.3021635569948207,0.2634876370218829,0.2728025910995354,0.2536450409170334,0.2785965322016465,0.2816077078483155,0.2406095008382209,0.0,0.2840817702773905,0.286284165616722,0.14867497582379,0.2400093901596496,0.0,0.2792794356932382,0.0,0.0,0.0,0.0,0.0,0.0,0.0,0.0,0.3594494730710196,0.0,0.3257631670515387,0.3035485234359676,0.3012911310916817,0.2541764434270718,0.3520128169947252,0.0,0.2942259873949585,0.0,0.2815911695881812,0.0,0.0,0.0,0.0,0.0,0.3517620175911002,0.0,0.2744389029807269,0.0,0.3035994131670248,0.0,0.0,0.0,0.3150179411718414,0.2583119946838712,0.3049289867045125,0.0,0.2733553838556587
0.0,0.2898516186126874,0.2191762506765879,0.271654017704275,0.2157125459412187,0.2224582571571577,0.2546731595921404,0.3043282073841969,0.0,0.3308249357104578,0.21624338358606,0.320632198849366,0.2587299146531843,0.2740994476030161,0.0,0.2868050552033606,0.0,0.0,0.1927389406655507,0.2888358522442342,0.0,0.3057781593616453,0.2601138980041073,0.0,0.0,0.0,0.2338082962613141,0.3069025103293911,0.2794564714081106,0.2709505951763202,0.3195192442944615,0.282600838296661,0.2684584774799373,0.3156740004274578,0.3168934484931712,0.2772767948156823,0.2933014453694638,0.2926424345664373,0.2576641154554889,0.0,0.0,0.0,0.3279735917201538,0.0,0.0,0.0,0.0,0.3659056591355097,0.0,0.0,0.3325872982161169,0.0,0.3390847786015815,0.3322933516932306,0.0,0.2909458240476561,0.0,0.0,0.339630157249422,0.0,0.0,0.0,0.0,0.3565706741246245,0.0,0.0,0.0,0.3461396175857215,0.0,0.0,0.0,0.3396880917811996,0.0,0.0,0.0,0.0
0.2707480438678847,0.0,0.2819627937537996,0.1805485033035413,0.3030896114897359,0.3056253430714533,0.2915979200052941,0.2823253483377225,0.3308249357104578,0.0,0.3288176013659681,0.1968783532762076,0.29950201463934,0.0,0.0,0.2550023103535179,0.2095027437775087,0.2406065902228078,0.3160521088634014,0.0,0.0,0.2343470675883186,0.2744303114273117,0.2285553188697139,0.2356781308692158,0.2584360912556767,0.2796076502479115,0.2865742285067403,0.0,0.0,0.2285892276891725,0.2557824592945764,0.210113051453566,0.2293978466994225,0.2282090662923735,0.1667294612892012,0.1684792268091494,0.19309042662231,0.2326009912177767,0.2701047582565595,0.2523132937792839,0.0,0.0,0.0,0.2369931974089176,0.0,0.0,0.0,0.0,0.0,0.0,0.0,0.0,0.0,0.3267128834237569,0.0,0.3283462677378027,0.0,0.0,0.0,0.0,0.3312718497342636,0.3153549394562283,0.0,0.0,0.0,0.0,0.0,0.285886408943829,0.3367045863264245,0.3418829641314344,0.0,0.2916663908460123,0.0,0.0,0.2926771508432381
0.0,0.0,0.2072533850734431,0.260616294651904,0.2327479022286572,0.2461505619304631,0.293441559771254,0.2369484826088149,0.21624338358606,0.3288176013659681,0.0,0.3050181186108396,0.3105713877304999,0.2203665339988091,0.0,0.0,0.0,0.0,0.1828242598329774,0.0,0.0,0.0,0.2036571495841058,0.0,0.0,0.0,0.2634098509880024,0.318775121752463,0.0,0.0,0.3318876406840728,0.248790057080286,0.277817718930279,0.3219095735818429,0.304260921980084,0.208298839296561,0.2902069915920034,0.2937351865125501,0.0,0.0,0.0,0.0,0.2262276526769967,0.0,0.0,0.0,0.0,0.2750908832524495,0.0,0.2442816705746637,0.2791334206358096,0.267311284103396,0.183319498373063,0.3124869219978348,0.0,0.1779003161325512,0.0,0.2320849075301516,0.2192306376323782,0.0,0.0,0.0,0.0,0.1608783756023426,0.0,0.0,0.0,0.2948614203435259,0.0,0.0,0.0,0.313433438265636,0.0,0.0,0.0,0.0
0.2562772626463824,0.0,0.0,0.0,0.2956948945917354,0.0,0.2871305765035798,0.0,0.320632198849366,0.1968783532762076,0.3050181186108396,0.0,0.3295529795859747,0.0,0.0,0.0,0.2484546534102738,0.2466757009529074,0.0,0.0,0.0,0.0,0.0,0.2073105180159049,0.2546475723409792,0.2238493103221087,0.0,0.2987732045017546,0.0,0.0,0.2520190067260694,0.2977816309859115,0.2132398383118993,0.2135230088683082,0.2314820887886982,0.0,0.0,0.1616636850992692,0.0,0.2857262811687732,0.2693157522260242,0.0,0.0,0.0,0.2478900344685715,0.0,0.0,0.0,0.0,0.0,0.0,0.0,0.0,0.0,0.3351895634674001,0.0,0.3206641372469799,0.0,0.0,0.0,0.0,0.3623937810805763,0.317699556537203,0.0,0.0,0.0,0.0,0.0,0.3007644595377938,0.3406926030871989,0.3381130880100996,0.0,0.0,0.0,0.0,0.3111016171950294
0.0,0.3106859861805421,0.2871075554417602,0.2257454488165384,0.2148952646364965,0.2403305570273972,0.209876107927902,0.2700468462453937,0.2587299146531843,0.29950201463934,0.3105713877304999,0.3295529795859747,0.0,0.2327495798324818,0.2561849392752492,0.324711573699136,0.3046774010172124,0.3180434426964752,0.3083773822405225,0.2947821457779672,0.2678881451406738,0.3218028095839439,0.2702069250464809,0.3263358105959459,0.2986240548219054,0.2929062215576453,0.2737202845637245,0.2231932896648061,0.2659952894326675,0.2732454639959766,0.2717492723737297,0.2757211566649396,0.2721417700204012,0.2775207246112085,0.2795374572192119,0.2356534770066027,0.2591441627186144,0.2826790222743593,0.2376211523670827,0.0,0.0,0.0,0.2397555082983638,0.0,0.0,0.0,0.0,0.2920967861847826,0.0,0.0,0.2227727026628313,0.0,0.3017179147101048,0.0,0.0,0.0,0.0,0.0,0.0,0.0,0.0,0.0,0.0,0.0,0.0,0.0,0.0,0.3125121228445227,0.0,0.0,0.0,0.2962026060300704,0.0,0.2553696604444385,0.0,0.0
0.0,0.0,0.2749382038000058,0.1558109997689503,0.2000454266291342,0.2652169583073538,0.1994928361199008,0.2358278028792655,0.2740994476030161,0.0,0.2203665339988091,0.0,0.2327495798324818,0.0,0.0,0.0,0.0,0.0,0.2566201017701597,0.0,0.0,0.0,0.241282822234596,0.0,0.0,0.0,0.2598412601621055,0.1187582388930105,0.0,0.0,0.0,0.1653789113691874,0.0,0.0,0.0,0.1535334354646913,0.1038054078114685,0.0,0.0,0.0,0.0,0.0,0.0,0.0,0.0,0.0,0.0,0.0,0.0,0.0,0.0,0.0,0.0,0.0,0.0,0.2462002973412056,0.0,0.0,0.0,0.0,0.0,0.0,0.0,0.0,0.0,0.0,0.0,0.0,0.0,0.0,0.0,0.0,0.0,0.0,0.0,0.0
0.225282199670272,0.2570164318679772,0.0,0.0,0.0,0.2728973218114541,0.0,0.226716919007286,0.0,0.0,0.0,0.0,0.2561849392752492,0.0,0.0,0.2798831464569353,0.0,0.2746144843755933,0.0,0.2317928640024142,0.2533319978397318,0.2179030651893246,0.2596460428004485,0.2725076520600793,0.2611563300088281,0.1742547048583976,0.2747175573878264,0.2600557116877934,0.2673639221994643,0.0,0.2706758324834799,0.2728249552772272,0.2656263739252875,0.2785338628149532,0.3073461334472697,0.3337937504689413,0.0,0.0,0.2968499044664952,0.3388630353640682,0.3312813205095841,0.355243933495285,0.0,0.0,0.0,0.0,0.3300164870331311,0.0,0.0,0.0,0.3075614427392503,0.0,0.0,0.0,0.0,0.0,0.0,0.0,0.0,0.3393273228367743,0.3041248036060228,0.0,0.0,0.0,0.3221403065318336,0.3105544135237393,0.3412939724802649,0.3045493425481616,0.0,0.0,0.335176181795397,0.3002732217739522,0.2602726019041254,0.3033667707306338,0.0,0.3127552686734675
0.2755317520665741,0.2766161593270672,0.0,0.0,0.0,0.3050821798646456,0.3244631703444382,0.2463453702820318,0.2868050552033606,0.2550023103535179,0.0,0.0,0.324711573699136,0.0,0.2798831464569353,0.0,0.2612477222714812,0.2214695093614875,0.0,0.2803542255917894,0.2626817666137747,0.2423786462432756,0.2667883752364271,0.2631375029992226,0.2748395572615549,0.2784948443006486,0.2808030949663496,0.3004808003782375,0.3084354377317094,0.260368110536224,0.2622614751343175,0.2997534738029376,0.2662516257151955,0.2617139264296468,0.3121828070869609,0.0,0.0,0.0,0.2935315144757181,0.3031767060010572,0.3081083509362451,0.3244452419946071,0.0,0.0,0.0,0.3196326311482105,0.3374950963274147,0.0,0.0,0.0,0.0,0.0,0.0,0.0,0.0,0.0,0.0,0.0,0.0,0.3236950481074006,0.324203864127669,0.0,0.3011340559054171,0.0,0.296559882733319,0.2937788941852931,0.3191325323260631,0.0,0.0,0.3189351940676671,0.331844030727541,0.0,0.0,0.0,0.0,0.3013137352245723
0.2459089455901545,0.0,0.0,0.0,0.0,0.0,0.2843206060224991,0.0,0.0,0.2095027437775087,0.0,0.2484546534102738,0.3046774010172124,0.0,0.0,0.2612477222714812,0.0,0.2206851034372874,0.0,0.2568907240188,0.0,0.2656815741365234,0.0,0.262385787843105,0.2238462055444485,0.2564891743516656,0.0,0.2819228130301418,0.0,0.0,0.246665093417064,0.2831155996095599,0.2295618578905573,0.2457124005082678,0.2572438541829047,0.0,0.0,0.2214480256991484,0.0,0.2596462494065703,0.2659922633986847,0.0,0.0,0.0,0.0,0.0,0.0,0.0,0.0,0.0,0.0,0.0,0.0,0.0,0.3193859016350043,0.0,0.3340383975128925,0.0,0.0,0.0,0.0,0.3268314939041641,0.3251098085333835,0.0,0.0,0.0,0.0,0.0,0.3283244575919191,0.3151988550439483,0.3310860070734674,0.0,0.0,0.0,0.0,0.0
0.2635195930395862,0.2811539906366154,0.0,0.0,0.0,0.2973130031898203,0.3058675915280159,0.2873377237250034,0.0,0.2406065902228078,0.0,0.2466757009529074,0.3180434426964752,0.0,0.2746144843755933,0.2214695093614875,0.2206851034372874,0.0,0.0,0.2844678226598554,0.268661638320036,0.2802682532328501,0.2613893994218378,0.2579729952818064,0.2375115420481416,0.2608473452437314,0.268480377835753,0.2844804172926141,0.2997844437744368,0.0,0.2575761214259487,0.2936091244868543,0.2462799281543672,0.2526744728919772,0.2803583080227972,0.0,0.0,0.0,0.2926896530742598,0.284001304247658,0.2955993103200427,0.3137496388218741,0.0,0.0,0.0,0.3162982301669312,0.330378503271547,0.0,0.0,0.0,0.0,0.0,0.0,0.0,0.3022469972178757,0.0,0.3098188946416074,0.0,0.0,0.0,0.3194744919086353,0.3063719889332261,0.3149039868171984,0.0,0.0,0.0,0.3107598464832363,0.0,0.3437336056544461,0.3161047662408417,0.3268598568329381,0.0,0.0,0.0,0.0,0.3038367235521265
0.0,0.0,0.1964502965260834,0.262347694458062,0.2494430578057416,0.2679057045026728,0.2989260877325801,0.2886947752729094,0.1927389406655507,0.3160521088634014,0.1828242598329774,0.0,0.3083773822405225,0.2566201017701597,0.0,0.0,0.0,0.0,0.0,0.0,0.0,0.0,0.1962489460975229,0.0,0.0,0.0,0.2726172089472612,0.3140869916830003,0.0,0.0,0.3268894696606498,0.2790071308807035,0.0,0.3160213669688458,0.3111303421256369,0.256593757229256,0.2838510603610684,0.0,0.2844785227121459,0.0,0.0,0.0,0.3186057832055004,0.0,0.0,0.0,0.0,0.3456336321468583,0.0,0.0,0.3126922932430209,0.0,0.3667003567863769,0.3506456976197397,0.0,0.1966053242117501,0.0,0.0,0.0,0.0,0.0,0.0,0.0,0.3476587032599366,0.0,0.0,0.0,0.351082696499058,0.0,0.0,0.0,0.3306273798508885,0.0,0.0,0.0,0.0
0.2597356546798682,0.2849279340960545,0.0,0.0,0.3005811330495174,0.281545126587259,0.2972109441948349,0.2501286969158162,0.2888358522442342,0.0,0.0,0.0,0.2947821457779672,0.0,0.2317928640024142,0.2803542255917894,0.2568907240188,0.2844678226598554,0.0,0.0,0.2685466186089099,0.2404576029449003,0.1916439261651976,0.0,0.2834830454489376,0.2886815978290125,0.2269510555124943,0.2621131109471225,0.221531392483426,0.2338837336543713,0.2545876825554767,0.2799046288615075,0.2594022332064636,0.2796891888397796,0.3098752030742979,0.3221537889564649,0.2792907739741267,0.0,0.2755564800493656,0.3046416288547679,0.2922516561222585,0.2983634054951494,0.0,0.0,0.0,0.0,0.3181752784860457,0.0,0.0,0.0,0.2862834197025315,0.0,0.2878974400431969,0.0,0.0,0.0,0.0,0.0,0.0,0.324681790298147,0.0,0.0,0.0,0.0,0.3048431047467876,0.3097911345039013,0.3267269390001182,0.2811499563620991,0.0,0.0,0.3418317241351885,0.2988902515580909,0.2634484582001172,0.2666074566119665,0.0,0.2942087650559578
0.2164692272250524,0.2412313884872709,0.0,0.0,0.0,0.2442257207317221,0.0,0.2682868803181397,0.0,0.0,0.0,0.0,0.2678881451406738,0.0,0.2533319978397318,0.2626817666137747,0.0,0.268661638320036,0.0,0.2685466186089099,0.0,0.2664893858944483,0.2479127754043643,0.2883172415648751,0.267012196132404,0.2418212666106364,0.2656545744632815,0.2544010435585035,0.2546651775941327,0.2619459069326197,0.241473478938935,0.2527688732373314,0.2297215095591459,0.2419110981108322,0.2946671303396396,0.0,0.0,0.0,0.2751491411922063,0.3096425441630577,0.2982032369715153,0.0,0.0,0.0,0.0,0.1992227936104346,0.3279368963073393,0.0,0.0,0.0,0.284727116671767,0.0,0.277760724103484,0.0,0.0,0.0,0.0,0.0,0.0,0.3192230381256165,0.314872653760072,0.0,0.0,0.0,0.296984389697059,0.2195125229288193,0.3286001776900161,0.2783009243076679,0.0,0.2799669817187246,0.3209794757541648,0.2834651313054249,0.2519296069354892,0.2919151991245606,0.0,0.2668404277933026
0.2582628082096255,0.2730864890007965,0.0,0.0,0.3093115241750025,0.2958797680621043,0.3215638092027812,0.260272787525392,0.3057781593616453,0.2343470675883186,0.0,0.0,0.3218028095839439,0.0,0.2179030651893246,0.2423786462432756,0.2656815741365234,0.2802682532328501,0.0,0.2404576029449003,0.2664893858944483,0.0,0.2663270228627203,0.0,0.2786222298840436,0.2578272439866226,0.2690575887014264,0.289142600602375,0.2776260219485862,0.2731524943808475,0.2591187517869148,0.2805102874611203,0.264779057972288,0.2679064382513942,0.3052284578778584,0.3336142665473685,0.2807515882609005,0.0,0.285097790650984,0.3177286995543308,0.3240387539205717,0.3194011237552724,0.0,0.0,0.0,0.3037738221202605,0.3250512363496349,0.0,0.0,0.0,0.2902929483222192,0.0,0.0,0.0,0.0,0.0,0.0,0.0,0.0,0.3384123203683143,0.3187460778363765,0.0,0.2341480676419934,0.0,0.32037241545988,0.3048843322915019,0.3303406872001843,0.3116375741886235,0.0,0.304773485267839,0.3362222370795181,0.304452687885843,0.0,0.3107530200188726,0.0,0.3087676923659075
0.2465804539583271,0.2547825202327914,0.2180967550379998,0.2354245621715867,0.2404280921068034,0.2488838125526022,0.26235377819702,0.2281939258627581,0.2601138980041073,0.2744303114273117,0.2036571495841058,0.0,0.2702069250464809,0.241282822234596,0.2596460428004485,0.2667883752364271,0.0,0.2613893994218378,0.1962489460975229,0.1916439261651976,0.2479127754043643,0.2663270228627203,0.0,0.245671456229842,0.2670672388065395,0.2772879127502017,0.2257457790192434,0.267947035879142,0.254221059952783,0.2674056858864399,0.2779858704467803,0.2530832428046165,0.2370202495496466,0.2808995192551096,0.2771428804998004,0.2269856836294758,0.2506903752926512,0.0,0.2762076624370867,0.0,0.3088670035551402,0.2992141799091249,0.3036617385848287,0.0,0.0,0.0,0.2660894871239235,0.3566761601519883,0.0,0.2973762022992931,0.3089354697970171,0.3182535621672177,0.2950910640851612,0.3422237454186005,0.0,0.2707754758293841,0.0,0.3090455158482746,0.0,0.3022929403294876,0.0,0.0,0.0,0.3491112334400034,0.2956697587960024,0.2734911267958301,0.2996052937019539,0.3155706433504108,0.0,0.0,0.2675358702502339,0.312037435749889,0.2959627477680943,0.3025743766036887,0.2976269228733138,0.3006504804973959
0.2176537435921212,0.0,0.0,0.0,0.0,0.0,0.2956248048725264,0.3124864397986818,0.0,0.2285553188697139,0.0,0.2073105180159049,0.3263358105959459,0.0,0.2725076520600793,0.2631375029992226,0.262385787843105,0.2579729952818064,0.0,0.0,0.2883172415648751,0.0,0.245671456229842,0.0,0.2672189346170289,0.2276147610536851,0.1894406273681361,0.2905819185910883,0.0,0.0,0.2538545787208298,0.25757869256214,0.2016953657100278,0.1965695037808574,0.2101666493438314,0.0,0.0,0.1884599551933865,0.3031743263982664,0.258068003362784,0.2431712169604161,0.0,0.0,0.0,0.2151067839365877,0.3021495019153083,0.0,0.0,0.0,0.0,0.0,0.0,0.0,0.0,0.3218497569806985,0.0,0.3169751355159281,0.0,0.0,0.0,0.3139619420163053,0.3389776307716453,0.3158836698820993,0.0,0.0,0.0,0.0,0.0,0.2917583614158716,0.3224167709293382,0.3232378769529679,0.0,0.0,0.0,0.0,0.2950945685337347
0.2684553882005623,0.2568215796191429,0.0,0.0,0.2590303125364824,0.2733151766312447,0.2908369639180875,0.3122615816453921,0.0,0.2356781308692158,0.0,0.2546475723409792,0.2986240548219054,0.0,0.2611563300088281,0.2748395572615549,0.2238462055444485,0.2375115420481416,0.0,0.2834830454489376,0.267012196132404,0.2786222298840436,0.2670672388065395,0.2672189346170289,0.0,0.2513106667521118,0.2694493508605514,0.279046869608088,0.2821152187780623,0.0,0.2545248737755772,0.2770570628922578,0.2285341591502147,0.2433084818682933,0.2710703390827845,0.0,0.0,0.2215533451590116,0.3108347244608075,0.2940865750940842,0.3021746026554718,0.3186597556491406,0.0,0.0,0.0,0.3139741974143497,0.3381884782125927,0.0,0.0,0.0,0.0,0.0,0.0,0.0,0.3236517895243337,0.0,0.3260857272347476,0.0,0.0,0.0,0.328283527957725,0.3255795136159578,0.3202609501695481,0.0,0.300543730837378,0.2971663674427806,0.3419477604798422,0.0,0.3321981436728862,0.3254784324868098,0.3314269249402921,0.0,0.0,0.0,0.0,0.3109041683116506
0.242399423997478,0.2665240799275538,0.0,0.0,0.0,0.2717666692697175,0.2842702372375211,0.3021635569948207,0.0,0.2584360912556767,0.0,0.2238493103221087,0.2929062215576453,0.0,0.1742547048583976,0.2784948443006486,0.2564891743516656,0.2608473452437314,0.0,0.2886815978290125,0.2418212666106364,0.2578272439866226,0.2772879127502017,0.2276147610536851,0.2513106667521118,0.0,0.2871976221736896,0.2640989127320389,0.2745251709140827,0.0,0.2569949115526462,0.2743488516757658,0.2494855282081393,0.2533219361779035,0.2836126687571274,0.2831313794425324,0.0,0.2406945200260837,0.2893259670601748,0.3052581529351972,0.31002468161813,0.3260893482561792,0.0,0.0,0.2706596678475321,0.3036824026045553,0.334520727848488,0.0,0.0,0.0,0.0,0.0,0.0,0.0,0.348983684536823,0.0,0.343567450643566,0.0,0.0,0.322176987298134,0.330793707044471,0.3426419715319382,0.3253044260555663,0.0,0.31353410996323,0.2700543931246842,0.3261494679593742,0.2913499587291095,0.3293269949156951,0.3291334139141936,0.3300150244301387,0.2956447655683067,0.0,0.3029233868113042,0.0,0.315472203519673
0.2129199632732394,0.2810196809962914,0.2249666182506615,0.2531433429826326,0.2515562578405678,0.2336956222846225,0.2683126613107353,0.2634876370218829,0.2338082962613141,0.2796076502479115,0.2634098509880024,0.0,0.2737202845637245,0.2598412601621055,0.2747175573878264,0.2808030949663496,0.0,0.268480377835753,0.2726172089472612,0.2269510555124943,0.2656545744632815,0.2690575887014264,0.2257457790192434,0.1894406273681361,0.2694493508605514,0.2871976221736896,0.0,0.2735349452305269,0.2352823835327158,0.2710360414940546,0.2603378674403996,0.2636165884209901,0.2439621286980684,0.2794883878285456,0.29483571846542,0.2415745002902964,0.278422084312904,0.0,0.2682488931750463,0.0,0.2765809031691652,0.2732939251040652,0.2991414942074524,0.0,0.0,0.0,0.2608713980474174,0.3483438017441594,0.0,0.0,0.3058712591747238,0.3013384550184168,0.2980023864803011,0.344570223649076,0.0,0.300894213971134,0.0,0.2484253611231922,0.0,0.2991825962503317,0.0,0.0,0.0,0.3332429257767721,0.2847588907994824,0.2794104252714213,0.2803169557580031,0.3085844059587471,0.0,0.0,0.3098416132655924,0.3062681824524529,0.2459224674677811,0.2827255569372078,0.2762177285541771,0.281589887744041
0.2419257766748411,0.2946194280133976,0.2921961649558215,0.1751813211046768,0.2522549186704739,0.2510878891057033,0.2596513877687374,0.2728025910995354,0.3069025103293911,0.2865742285067403,0.318775121752463,0.2987732045017546,0.2231932896648061,0.1187582388930105,0.2600557116877934,0.3004808003782375,0.2819228130301418,0.2844804172926141,0.3140869916830003,0.2621131109471225,0.2544010435585035,0.289142600602375,0.267947035879142,0.2905819185910883,0.279046869608088,0.2640989127320389,0.2735349452305269,0.0,0.2198594366272166,0.2207691856340782,0.249545119039026,0.2627981378301363,0.2353688094152056,0.2548929545421551,0.2456191249964108,0.1930811576491365,0.1996438812954668,0.2538493374567799,0.2427373605802422,0.0,0.2759606225609491,0.2529467926758397,0.0,0.0,0.0,0.0,0.0,0.0,0.0,0.0,0.2771346032166553,0.0,0.2865869208564644,0.0,0.0,0.0,0.0,0.0,0.0,0.2804772681254575,0.0,0.0,0.0,0.0,0.2925222296774679,0.2905470792242332,0.0,0.3092471904606343,0.0,0.0,0.0,0.3052836901456396,0.2498977328033801,0.2756448419924601,0.0,0.2454672004829249
0.2558455464487444,0.2895809871941557,0.0,0.0,0.2805897661363714,0.2205357435163371,0.2828105126924573,0.2536450409170334,0.2794564714081106,0.0,0.0,0.0,0.2659952894326675,0.0,0.2673639221994643,0.3084354377317094,0.0,0.2997844437744368,0.0,0.221531392483426,0.2546651775941327,0.2776260219485862,0.254221059952783,0.0,0.2821152187780623,0.2745251709140827,0.2352823835327158,0.2198594366272166,0.0,0.2411673914702339,0.2529711597251105,0.2715140002818542,0.2450050466942777,0.2801950915634079,0.3078801694177711,0.2926333439296242,0.283168049916957,0.0,0.269057880693314,0.0,0.2688609720047293,0.292064466240574,0.0,0.0,0.0,0.0,0.2844484432359123,0.0,0.0,0.0,0.2745512788016358,0.0,0.2996913542828057,0.0,0.0,0.0,0.0,0.241891911539486,0.0,0.3048618999660052,0.0,0.0,0.0,0.0,0.2870962444199503,0.2909463330928106,0.3112826364295414,0.2978679146335876,0.0,0.0,0.2891863312909269,0.2970815850331655,0.2483118991527161,0.2882009003908834,0.0,0.2666412858043514
0.0,0.0,0.0,0.0,0.0,0.2774097554707894,0.0,0.2785965322016465,0.2709505951763202,0.0,0.0,0.0,0.2732454639959766,0.0,0.0,0.260368110536224,0.0,0.0,0.0,0.2338837336543713,0.2619459069326197,0.2731524943808475,0.2674056858864399,0.0,0.0,0.0,0.2710360414940546,0.2207691856340782,0.2411673914702339,0.0,0.2207215220980846,0.2778584120891654,0.0,0.261274789249904,0.2812895200129403,0.0,0.0,0.0,0.0,0.0,0.0,0.0,0.0,0.0,0.0,0.0,0.0,0.0,0.0,0.0,0.0,0.0,0.0,0.0,0.0,0.0,0.0,0.0,0.0,0.0,0.0,0.0,0.0,0.0,0.2821750971617758,0.0,0.0,0.3074179937596866,0.0,0.0,0.0,0.0,0.0,0.0,0.0,0.0
0.2402801840443946,0.2510736528879974,0.3059193139200379,0.0,0.3100553445881105,0.2894230181695805,0.2851606429705375,0.2816077078483155,0.3195192442944615,0.2285892276891725,0.3318876406840728,0.2520190067260694,0.2717492723737297,0.0,0.2706758324834799,0.2622614751343175,0.246665093417064,0.2575761214259487,0.3268894696606498,0.2545876825554767,0.241473478938935,0.2591187517869148,0.2779858704467803,0.2538545787208298,0.2545248737755772,0.2569949115526462,0.2603378674403996,0.249545119039026,0.2529711597251105,0.2207215220980846,0.0,0.2722984215374851,0.2129138898133855,0.1850732097912323,0.1741632298419005,0.2960337659567426,0.2400005655097646,0.2094791085031817,0.2713065742546529,0.2664491577091693,0.2700787881724342,0.0,0.0,0.0,0.0,0.2873559131760145,0.3132153216051768,0.0,0.0,0.0,0.2759482087625101,0.0,0.0,0.0,0.3043921291548072,0.0,0.3053747766217988,0.0,0.0,0.3213275219800537,0.3054166083630304,0.0,0.3117550993314295,0.0,0.3108137588455361,0.2681128406396189,0.3140451516029797,0.3269884507989068,0.2919959202798621,0.3167373197542413,0.3179530916333988,0.3169792948863698,0.2545500428382682,0.2753358595880954,0.0,0.2742823353969575
0.273768915274037,0.283149954799168,0.2701805455432591,0.203727794503329,0.2500484795958584,0.2631388686584432,0.2656432027271047,0.2406095008382209,0.282600838296661,0.2557824592945764,0.248790057080286,0.2977816309859115,0.2757211566649396,0.1653789113691874,0.2728249552772272,0.2997534738029376,0.2831155996095599,0.2936091244868543,0.2790071308807035,0.2799046288615075,0.2527688732373314,0.2805102874611203,0.2530832428046165,0.25757869256214,0.2770570628922578,0.2743488516757658,0.2636165884209901,0.2627981378301363,0.2715140002818542,0.2778584120891654,0.2722984215374851,0.0,0.2313105722434369,0.251518806420717,0.2415930279469379,0.1785940998099608,0.2032099206311971,0.1923422491424617,0.1731670103333615,0.2147280320335605,0.2379637909378797,0.2174936124496712,0.1804388330388188,0.2003528692150832,0.1739465628182639,0.2714465865908543,0.2993386994272409,0.2877152653101644,0.0,0.0,0.3006114909251852,0.0,0.3048320723407025,0.2555518917684609,0.2984672099624661,0.2513185583404481,0.2997551244274332,0.2721048879053282,0.0,0.3222174945242257,0.2728529964198039,0.0,0.2856448085457038,0.0,0.2999870405166244,0.2849861534177485,0.2979256724259273,0.3093067744601813,0.0,0.2947163105803476,0.2972183635061578,0.3079635484070982,0.2252744792585962,0.2940477638613309,0.0,0.2754108793178899
0.2420154981270476,0.2585895939674183,0.0,0.0,0.2564820300712965,0.2457021920612567,0.2515263609362642,0.0,0.2684584774799373,0.210113051453566,0.277817718930279,0.2132398383118993,0.2721417700204012,0.0,0.2656263739252875,0.2662516257151955,0.2295618578905573,0.2462799281543672,0.0,0.2594022332064636,0.2297215095591459,0.264779057972288,0.2370202495496466,0.2016953657100278,0.2285341591502147,0.2494855282081393,0.2439621286980684,0.2353688094152056,0.2450050466942777,0.0,0.2129138898133855,0.2313105722434369,0.0,0.1798549232242952,0.266804831866241,0.2597347889216401,0.2089667567343018,0.1357632101165019,0.1991968214444839,0.205700343770487,0.2325365514115145,0.3192928654744837,0.0,0.0,0.1772220839778073,0.2972498946712704,0.3210199349721684,0.0,0.0,0.0,0.0,0.0,0.0,0.0,0.2678894517031768,0.0,0.2727890796692809,0.0,0.0,0.3352677179627852,0.3089803422402087,0.2982733287771275,0.3201127798691773,0.0,0.3159163390934889,0.2596827363054958,0.3271009268875468,0.308120031265615,0.2252635398421469,0.3093293841546355,0.3189104752890436,0.300570560558142,0.0,0.2796128884839888,0.0,0.2707181784440843
0.2304564295116695,0.2536477533372243,0.3035446019721257,0.2062287526153848,0.2974572663120033,0.2910903610364128,0.2683821619005472,0.2840817702773905,0.3156740004274578,0.2293978466994225,0.3219095735818429,0.2135230088683082,0.2775207246112085,0.0,0.2785338628149532,0.2617139264296468,0.2457124005082678,0.2526744728919772,0.3160213669688458,0.2796891888397796,0.2419110981108322,0.2679064382513942,0.2808995192551096,0.1965695037808574,0.2433084818682933,0.2533219361779035,0.2794883878285456,0.2548929545421551,0.2801950915634079,0.261274789249904,0.1850732097912323,0.251518806420717,0.1798549232242952,0.0,0.201784231080747,0.242117839642362,0.2210531560529313,0.1585160499920244,0.2150779926571742,0.2064368301132771,0.2481772948907006,0.2379070384066315,0.0,0.0,0.1884907852114023,0.2884082892901853,0.3222901054063099,0.0,0.0,0.0,0.2881898740708373,0.0,0.0,0.0,0.267587460823873,0.0,0.2797019514218848,0.0,0.0,0.3280876288977149,0.3099382372025336,0.0,0.304496314477061,0.0,0.3184668322937645,0.2594747995126726,0.3230398656365373,0.3282109914191168,0.2442133360293686,0.3120425151287724,0.3198462985913957,0.3213195212129935,0.2921037972264877,0.3077765476065582,0.0,0.253722585850559
0.2812825770449015,0.3043043775771225,0.3126262303957176,0.2044944675913665,0.2917907926610468,0.3038281375865702,0.2629621477340098,0.286284165616722,0.3168934484931712,0.2282090662923735,0.304260921980084,0.2314820887886982,0.2795374572192119,0.0,0.3073461334472697,0.3121828070869609,0.2572438541829047,0.2803583080227972,0.3111303421256369,0.3098752030742979,0.2946671303396396,0.3052284578778584,0.2771428804998004,0.2101666493438314,0.2710703390827845,0.2836126687571274,0.29483571846542,0.2456191249964108,0.3078801694177711,0.2812895200129403,0.1741632298419005,0.2415930279469379,0.266804831866241,0.201784231080747,0.0,0.2921347668761054,0.2166712503020752,0.1852817878700095,0.2095064307957747,0.1984080610517767,0.333387610702451,0.246857625541512,0.19396043991039,0.210322767284863,0.0,0.0,0.3347652890237397,0.0,0.0,0.0,0.0,0.0,0.0,0.0,0.0,0.0,0.0,0.0,0.0,0.3475624034457351,0.3226976881854196,0.0,0.3139997946243196,0.0,0.3168167700618799,0.3323479739012746,0.3425119380504312,0.3192509863231201,0.0,0.3207862064396911,0.3361674967907809,0.318878090730151,0.0,0.2987693425596121,0.0,0.0
0.0,0.0,0.2571996186243436,0.1296281833264892,0.1508128280204446,0.2618421465547912,0.1832691534633093,0.14867497582379,0.2772767948156823,0.1667294612892012,0.208298839296561,0.0,0.2356534770066027,0.1535334354646913,0.3337937504689413,0.0,0.0,0.0,0.256593757229256,0.3221537889564649,0.0,0.3336142665473685,0.2269856836294758,0.0,0.0,0.2831313794425324,0.2415745002902964,0.1930811576491365,0.2926333439296242,0.0,0.2960337659567426,0.1785940998099608,0.2597347889216401,0.242117839642362,0.2921347668761054,0.0,0.1326046438290554,0.2169402162129844,0.1664122303103714,0.0,0.0,0.232719041946092,0.0,0.1767330039225681,0.0,0.0,0.0,0.3108147748508281,0.0,0.0,0.2894664672201777,0.248181941111107,0.0,0.0,0.0,0.2505955936397684,0.0,0.2401020345454876,0.0,0.0,0.0,0.0,0.0,0.3616872779450859,0.0,0.0,0.0,0.2806090081892129,0.0,0.0,0.0,0.254133594058486,0.0,0.0,0.0,0.0
0.0,0.0,0.2696674176105103,0.1078540608630206,0.1633057744298947,0.2843039870704919,0.2046604126187209,0.2400093901596496,0.2933014453694638,0.1684792268091494,0.2902069915920034,0.0,0.2591441627186144,0.1038054078114685,0.0,0.0,0.0,0.0,0.2838510603610684,0.2792907739741267,0.0,0.2807515882609005,0.2506903752926512,0.0,0.0,0.0,0.278422084312904,0.1996438812954668,0.283168049916957,0.0,0.2400005655097646,0.2032099206311971,0.2089667567343018,0.2210531560529313,0.2166712503020752,0.1326046438290554,0.0,0.2040658277902672,0.1788868855523527,0.0,0.0,0.2220907472872567,0.0,0.0,0.0,0.0,0.0,0.0,0.0,0.0,0.0,0.0,0.0,0.0,0.0,0.0,0.0,0.0,0.0,0.0,0.0,0.0,0.0,0.0,0.0,0.0,0.0,0.0,0.0,0.0,0.0,0.0,0.0,0.0,0.0,0.0
0.0,0.0,0.0,0.0,0.2645053975913973,0.0,0.2614902690648842,0.0,0.2926424345664373,0.19309042662231,0.2937351865125501,0.1616636850992692,0.2826790222743593,0.0,0.0,0.0,0.2214480256991484,0.0,0.0,0.0,0.0,0.0,0.0,0.1884599551933865,0.2215533451590116,0.2406945200260837,0.0,0.2538493374567799,0.0,0.0,0.2094791085031817,0.1923422491424617,0.1357632101165019,0.1585160499920244,0.1852817878700095,0.2169402162129844,0.2040658277902672,0.0,0.162575576862165,0.1811741716902308,0.1939971172917558,0.2160827726921433,0.0,0.0,0.1835077016042167,0.0,0.0,0.0,0.0,0.0,0.0,0.0,0.0,0.0,0.2430818550882692,0.0,0.2498165443403261,0.0,0.0,0.0,0.0,0.0,0.0,0.0,0.0,0.0,0.0,0.0,0.2205740433185692,0.0,0.2804140563842385,0.0,0.0,0.0,0.0,0.0
0.2895379626787867,0.3229553320091847,0.26654338401835,0.0,0.0,0.2863965778064724,0.0,0.2792794356932382,0.2576641154554889,0.2326009912177767,0.0,0.0,0.2376211523670827,0.0,0.2968499044664952,0.2935315144757181,0.0,0.2926896530742598,0.2844785227121459,0.2755564800493656,0.2751491411922063,0.285097790650984,0.2762076624370867,0.3031743263982664,0.3108347244608075,0.2893259670601748,0.2682488931750463,0.2427373605802422,0.269057880693314,0.0,0.2713065742546529,0.1731670103333615,0.1991968214444839,0.2150779926571742,0.2095064307957747,0.1664122303103714,0.1788868855523527,0.162575576862165,0.0,0.2153569089896716,0.2523767910434569,0.2394181143330737,0.1576967595072176,0.1784392547077037,0.1721872452344971,0.2681946659938742,0.2629139463458067,0.2497644821910104,0.1697891267384235,0.2188444543603955,0.2315416270783671,0.2505251215596416,0.2028250453019631,0.2456487720250128,0.2556473642093509,0.2383923317957659,0.1941057569896391,0.250895160856974,0.1789931265109054,0.2781435564186846,0.2840906535009148,0.277744482252576,0.2875283343744974,0.2418914863102941,0.2735629345750162,0.2637416952917998,0.2761933153854734,0.2147198581280585,0.2525284157768969,0.2793668979039495,0.2597751076854149,0.2272194215371596,0.2357866417639314,0.2403510354847758,0.2440255455349086,0.2506825569154007
0.3143153529832881,0.3191834275245362,0.0,0.0,0.0,0.0,0.0,0.0,0.0,0.2701047582565595,0.0,0.2857262811687732,0.0,0.0,0.3388630353640682,0.3031767060010572,0.2596462494065703,0.284001304247658,0.0,0.3046416288547679,0.3096425441630577,0.3177286995543308,0.0,0.258068003362784,0.2940865750940842,0.3052581529351972,0.0,0.0,0.0,0.0,0.2664491577091693,0.2147280320335605,0.205700343770487,0.2064368301132771,0.1984080610517767,0.0,0.0,0.1811741716902308,0.2153569089896716,0.0,0.1781118005897807,0.2418559968108332,0.3120709804768634,0.2575051020782559,0.1244322347972297,0.2316499387068022,0.2442280802993988,0.0,0.0,0.2485647242599813,0.2568410752920297,0.2530347414156523,0.2024491210555518,0.2147752211337133,0.2253967408785281,0.2769300435053067,0.2167046488350776,0.2476062240644795,0.0,0.2712841608320212,0.2423964776663194,0.2310321369118714,0.2299093070667176,0.0,0.2501434021479004,0.2446713782917028,0.2482918989612645,0.2332028916030606,0.185600227225732,0.2260545204775667,0.2382323328655977,0.2407909644862285,0.2169688206687445,0.2448992431126044,0.2053467148495021,0.2026306254764719
0.2935256507449004,0.3117204207126996,0.0,0.0,0.0,0.2952306998949779,0.0,0.0,0.0,0.2523132937792839,0.0,0.2693157522260242,0.0,0.0,0.3312813205095841,0.3081083509362451,0.2659922633986847,0.2955993103200427,0.0,0.2922516561222585,0.2982032369715153,0.3240387539205717,0.3088670035551402,0.2431712169604161,0.3021746026554718,0.31002468161813,0.2765809031691652,0.2759606225609491,0.2688609720047293,0.0,0.2700787881724342,0.2379637909378797,0.2325365514115145,0.2481772948907006,0.333387610702451,0.0,0.0,0.1939971172917558,0.2523767910434569,0.1781118005897807,0.0,0.2465487435023443,0.2653634985996982,0.2101214917004654,0.1483086537562445,0.2336918991289818,0.2361923513638563,0.2694572472356471,0.1972014568169637,0.2644915662862843,0.2499883363396036,0.2705233127238978,0.2543784442703119,0.2638865541179635,0.2248810815005518,0.2641339228880733,0.1923760481292301,0.2623856469096761,0.0,0.2814517465749512,0.2444050045763449,0.239348370242366,0.2504613526764175,0.2705778192911529,0.2715782250270043,0.2581064304469246,0.2688967020270708,0.234678072258083,0.1998895209106164,0.2445763818011241,0.2412479137655025,0.2436074380894032,0.2424250337621186,0.2516758876417413,0.2436605951594416,0.1839160949484058
0.0,0.3397341081157708,0.0,0.0,0.0,0.253022677762518,0.0,0.0,0.0,0.0,0.0,0.0,0.0,0.0,0.355243933495285,0.3244452419946071,0.0,0.3137496388218741,0.0,0.2983634054951494,0.0,0.3194011237552724,0.2992141799091249,0.0,0.3186597556491406,0.3260893482561792,0.2732939251040652,0.2529467926758397,0.292064466240574,0.0,0.0,0.2174936124496712,0.3192928654744837,0.2379070384066315,0.246857625541512,0.232719041946092,0.2220907472872567,0.2160827726921433,0.2394181143330737,0.2418559968108332,0.2465487435023443,0.0,0.2686534378682528,0.2272363161889617,0.1805453342398248,0.2765937104230094,0.2825835875400719,0.3011652326083263,0.1642510525585694,0.2711345705229164,0.2705055363398533,0.2652856318828465,0.2333422117962787,0.2666537841548076,0.2152548888141327,0.2578860705223403,0.204065110463283,0.2667307925938564,0.0,0.3101307413747595,0.2608637514387514,0.2520306327315347,0.2661309913733244,0.2716971493443627,0.3077533800044786,0.3142926869302131,0.3094101969700142,0.2573547040616911,0.2115437546884954,0.2680490878128349,0.2715992585140461,0.2684666335542084,0.2253956492496825,0.2743308547555552,0.0,0.1639304973969125
