0.0,0.2708066307668939,0.0,0.0,0.0,0.2286503926039505,0.0,0.3318458568689053,0.0,0.253846272787422,0.0,0.0,0.0,0.0,0.2464753621227496,0.2603486655477819,0.0,0.2286205177734477,0.0,0.2733131515744899,0.275782306320498,0.2845450910198379,0.3030534037434007,0.2561129780741148,0.2214310969806926,0.2111542462844513,0.3087039089813251,0.2449420425601608,0.2748401200810019,0.0,0.2438383883013208,0.3279914307092104,0.2479452629759699,0.2558281337234363,0.3112057422472299,0.0,0.0,0.0,0.3287739473779962,0.248859895776744,0.2823406658400529,0.0,0.0,0.0,0.0,0.2428238172721033,0.3190465783454203,0.0,0.0,0.0,0.0,0.0,0.0,0.0,0.2548640668753678,0.0,0.0,0.0,0.0,0.0,0.272465238688427,0.0,0.2615540228134143,0.0,0.0,0.0,0.3131064515628342,0.0,0.0,0.2490157414568849,0.2785541160441334,0.0,0.0,0.0,0.0,0.0
0.2708066307668939,0.0,0.0,0.0,0.0,0.2605837138509083,0.2602230643540183,0.2638374557365488,0.2369171184658004,0.0,0.0,0.0,0.2727109137272286,0.0,0.2683636979067588,0.2561589127879287,0.0,0.2264139762815424,0.0,0.2714862563816939,0.2507434890906561,0.2330796508387299,0.2815184335880988,0.0,0.228341562872413,0.2582673099017286,0.2866923271939579,0.2840089961675309,0.2648194812098184,0.0,0.236527389794287,0.3174630982805432,0.2487913541896909,0.2533483272999868,0.3028512408084595,0.0,0.0,0.0,0.3307681327996135,0.2941289880645368,0.3074651942809954,0.3418313115012759,0.0,0.0,0.0,0.3123234600063265,0.3210099965490427,0.0,0.0,0.0,0.0,0.0,0.0,0.0,0.0,0.0,0.0,0.0,0.0,0.0,0.3046993126486617,0.0,0.2275525480736773,0.0,0.3017398258393127,0.3025402086945856,0.3180719619747515,0.2748805130753088,0.0,0.2530098012719067,0.3187219549929234,0.2873393655939741,0.0,0.2932120824641218,0.0,0.2908221248067213
0.0,0.0,0.0,0.0,0.2288772009318034,0.2389611724469008,0.2618800652545388,0.2818482903156967,0.1672907397804776,0.2683088204674781,0.1569228542261355,0.0,0.2789082970914039,0.2814860058326107,0.0,0.0,0.0,0.0,0.1613880361933118,0.0,0.0,0.0,0.2007276811624229,0.0,0.0,0.0,0.2114903983410284,0.306266187801029,0.0,0.3023865218137472,0.3147529806306341,0.3140554210271196,0.0,0.3139606577872581,0.3030888036083062,0.3079666975466349,0.2937645921619434,0.0,0.3450002402400599,0.0,0.0,0.0,0.0,0.0,0.0,0.0,0.0,0.1976728619554175,0.0,0.3148067119298124,0.3555912589154707,0.0,0.3456603173038734,0.3626679081678307,0.0,0.2744674480645918,0.0,0.0,0.3251372988913218,0.0,0.0,0.0,0.0,0.1482780843902807,0.0,0.0,0.0,0.3570198226421744,0.0,0.0,0.0,0.3604786716601252,0.0,0.0,0.0,0.0
0.0,0.0,0.0,0.0,0.1497349877416211,0.280794309940248,0.2118637343149482,0.2940381033371598,0.2680595898243208,0.1130462326781125,0.2521029495750547,0.0,0.1923413611172554,0.1493210931248891,0.0,0.0,0.0,0.0,0.2474276324556022,0.0,0.0,0.0,0.3027638176741734,0.0,0.0,0.0,0.3307928467982455,0.1424693953733152,0.0,0.0,0.0,0.1806612528419843,0.0,0.1328166546547919,0.1716579359350099,0.1141450829368624,0.1172203490473909,0.0,0.0,0.0,0.0,0.0,0.0,0.0,0.0,0.0,0.0,0.0,0.0,0.0,0.0,0.0,0.0,0.0,0.0,0.0,0.0,0.0,0.0,0.0,0.0,0.0,0.0,0.0,0.0,0.0,0.0,0.0,0.0,0.0,0.0,0.0,0.0,0.0,0.0,0.0
0.0,0.0,0.2288772009318034,0.1497349877416211,0.0,0.2319730721973022,0.1854519830198549,0.0,0.2067830112783388,0.2178921906685255,0.2104345045246087,0.2125520263296368,0.222760532715619,0.1867152851177937,0.0,0.0,0.0,0.0,0.2383379759615807,0.0,0.0,0.0,0.2524985126173407,0.0,0.0,0.0,0.2530499395167492,0.2398758460987279,0.0,0.0,0.2944870686144811,0.2614966019468708,0.1965193639418789,0.2682680536887858,0.2539447271405076,0.1564420877501457,0.1469519977924841,0.2117730376040256,0.0,0.0,0.0,0.0,0.2048623023868154,0.0,0.0,0.0,0.0,0.0,0.0,0.0,0.0,0.0,0.0,0.3130456952816476,0.0,0.0,0.0,0.0,0.0,0.0,0.0,0.0,0.0,0.0,0.0,0.0,0.0,0.0,0.0,0.0,0.0,0.0,0.0,0.0,0.0,0.0
0.2286503926039505,0.2605837138509083,0.2389611724469008,0.280794309940248,0.2319730721973022,0.0,0.2335150941028095,0.3088908757251195,0.2175955277615625,0.3047666284221854,0.2353738760061665,0.0,0.2377307003216437,0.3073205528551331,0.2618056226576551,0.2834402342961514,0.0,0.2558792806552552,0.2188451135194852,0.2581073027289551,0.2793278714655994,0.2707246664150949,0.2485104379796897,0.0,0.263171510676128,0.2696159124867331,0.2467184495233524,0.2422175624066231,0.2156365929197111,0.2961668799578044,0.3024036728658458,0.3195954287611404,0.2705430520428381,0.3191414664541237,0.3208086395108209,0.3228499349484366,0.3103926727986024,0.0,0.3525541550208563,0.0,0.3768809224190132,0.0,0.2926008904059247,0.0,0.0,0.0,0.0,0.3847440823223633,0.0,0.0,0.3619477979509777,0.3670900298757439,0.3667436036984323,0.3665506852204889,0.0,0.3291934550426073,0.0,0.3691930986236102,0.0,0.0,0.0,0.0,0.0,0.3558518809190486,0.0,0.0,0.2724099655717664,0.3761254846564485,0.0,0.0,0.0,0.3676657913448433,0.3754569544555461,0.0,0.0,0.3679594839832814
0.0,0.2602230643540183,0.2618800652545388,0.2118637343149482,0.1854519830198549,0.2335150941028095,0.0,0.3016593937817343,0.2225402975147463,0.2416619352551474,0.2792932030791234,0.2794227590813303,0.1808516998363001,0.2503075348576056,0.0,0.2756522766976481,0.0,0.0,0.2785293478954075,0.2795230972906048,0.0,0.2847517968423917,0.2872788389742075,0.0,0.2888515589302875,0.2737998677515196,0.2550215236594418,0.2396289571353486,0.2677679975460029,0.0,0.2794951931053724,0.2578181486583054,0.0,0.263919496177323,0.2498943961686353,0.2502123320744283,0.2109529562995269,0.2634919810156247,0.0,0.0,0.0,0.0,0.0,0.0,0.0,0.0,0.0,0.0,0.0,0.0,0.3231666644078578,0.0,0.0,0.0,0.0,0.0,0.0,0.0,0.0,0.0,0.0,0.0,0.0,0.0,0.0,0.0,0.0,0.3460820030993018,0.0,0.0,0.0,0.3236491328230848,0.0,0.0,0.0,0.0
0.3318458568689053,0.2638374557365488,0.2818482903156967,0.2940381033371598,0.0,0.3088908757251195,0.3016593937817343,0.0,0.3166821420720437,0.293116299127639,0.1769632951982061,0.0,0.315926834142444,0.2349013232071406,0.0,0.2919591609108218,0.0,0.286015398776049,0.2191730233560157,0.2813915866044738,0.2277963174068394,0.2803996202467996,0.2520052338696782,0.3408347054393425,0.2971259907858321,0.3127461714084477,0.3062091552050024,0.3158680562002016,0.273728490210548,0.3089898272234051,0.3305748399507612,0.2961777757204692,0.0,0.3399499809099839,0.3418012377226315,0.1656934938295579,0.3178848095543369,0.0,0.3323488397679849,0.0,0.3632959091697687,0.0,0.0,0.0,0.0,0.0,0.0,0.3696067725217735,0.0,0.0,0.3282725260657839,0.0,0.2472645648706034,0.3419858868762204,0.0,0.2659029385549264,0.0,0.3310989369125849,0.0,0.2908520097282646,0.0,0.0,0.0,0.3075345831822491,0.0,0.2319447000872728,0.0,0.304492548842328,0.0,0.0,0.0,0.3110600071001578,0.3553706335695359,0.3105722525952056,0.0,0.3594204809943865
0.0,0.2369171184658004,0.1672907397804776,0.2680595898243208,0.2067830112783388,0.2175955277615625,0.2225402975147463,0.3166821420720437,0.0,0.2872071178711461,0.178078112379402,0.2543697962753545,0.2589275145763353,0.3073177744169781,0.0,0.0,0.0,0.0,0.1783067733703451,0.0,0.0,0.2558223214072287,0.2417976332507288,0.0,0.0,0.0,0.2186610124370914,0.2969100898775835,0.0,0.2868417309310734,0.3069222802082034,0.2907570629224379,0.2649076368128842,0.3038550462622793,0.2944370035182871,0.3056960644057433,0.2926592218075667,0.2439043381368172,0.3467637644365267,0.0,0.0,0.0,0.2998224321867206,0.0,0.0,0.0,0.0,0.3511733197998675,0.0,0.0,0.3506445959481395,0.0,0.3538654716960993,0.328812375140302,0.0,0.3267829053363507,0.0,0.0,0.3324624776329208,0.0,0.0,0.0,0.0,0.3500832292271548,0.0,0.0,0.0,0.3617275706874102,0.0,0.0,0.0,0.3638385585124559,0.0,0.0,0.0,0.0
0.253846272787422,0.0,0.2683088204674781,0.1130462326781125,0.2178921906685255,0.3047666284221854,0.2416619352551474,0.293116299127639,0.2872071178711461,0.0,0.2745431827613232,0.191146677860919,0.2627349581837619,0.2627964403316118,0.0,0.2261723816379734,0.221333901117735,0.2402378112630922,0.2841351829299396,0.0,0.0,0.2427337147448257,0.3093640311569421,0.2290724690503619,0.2393732759807806,0.2158403406844518,0.3057908813825598,0.262469535000662,0.0,0.0,0.2210563206933271,0.2350407051486043,0.2204432797698007,0.2300685282799351,0.2199991743056109,0.1632301426536499,0.1624538043235126,0.1854058319358602,0.2039721406124866,0.2198163847878653,0.2275452764969978,0.0,0.0,0.0,0.2278254263745349,0.0,0.0,0.0,0.0,0.0,0.0,0.0,0.0,0.0,0.2425303199239113,0.0,0.2401390776696168,0.0,0.0,0.0,0.0,0.2569854707801118,0.2596927927967797,0.0,0.0,0.0,0.0,0.0,0.2108787060795878,0.2673111481412706,0.2496308712064321,0.0,0.2554846279430035,0.0,0.0,0.2495065327213367
0.0,0.0,0.1569228542261355,0.2521029495750547,0.2104345045246087,0.2353738760061665,0.2792932030791234,0.1769632951982061,0.178078112379402,0.2745431827613232,0.0,0.2519995968808241,0.2843663674574084,0.209347383098703,0.0,0.0,0.0,0.0,0.1635958003652083,0.0,0.0,0.0,0.1840009089555033,0.0,0.0,0.0,0.2297313461140215,0.2817376645825605,0.0,0.0,0.3080003431515277,0.281544576168774,0.2397965317511944,0.2929709363152775,0.28097198473347,0.188144850595451,0.2630925317872505,0.2427975604366577,0.2914639510171319,0.0,0.0,0.0,0.2152538730862125,0.0,0.0,0.0,0.0,0.2086603085843634,0.0,0.2282445164470288,0.0,0.277096267497766,0.2434162014131697,0.2325434180368149,0.0,0.1860336794452238,0.0,0.26542095321638,0.26526682780518,0.0,0.0,0.0,0.0,0.1429928483289215,0.0,0.0,0.0,0.250364614218822,0.0,0.0,0.0,0.0,0.0,0.0,0.0,0.0
0.0,0.0,0.0,0.0,0.2125520263296368,0.0,0.2794227590813303,0.0,0.2543697962753545,0.191146677860919,0.2519995968808241,0.0,0.1973060238020355,0.0,0.0,0.0,0.2401335076172409,0.2310944743986229,0.0,0.0,0.0,0.0,0.0,0.1897068913864688,0.2291345046850944,0.177977619843908,0.0,0.2336177626166417,0.0,0.0,0.2488271583326817,0.189750121758467,0.1636483766373748,0.1643684654782768,0.2083186325709569,0.1748856525778628,0.1832126174547551,0.1512708553894961,0.1809961628211234,0.2174569897485065,0.2228349422060378,0.0,0.0,0.0,0.2114509925831776,0.0,0.0,0.0,0.0,0.0,0.0,0.0,0.0,0.0,0.2395646339036085,0.0,0.2458538524935336,0.0,0.0,0.0,0.0,0.2292354287341364,0.2601667426265132,0.0,0.0,0.0,0.0,0.0,0.2124953731389525,0.2599367502969072,0.2420455131977344,0.0,0.0,0.0,0.0,0.244381231460764
0.0,0.2727109137272286,0.2789082970914039,0.1923413611172554,0.222760532715619,0.2377307003216437,0.1808516998363001,0.315926834142444,0.2589275145763353,0.2627349581837619,0.2843663674574084,0.1973060238020355,0.0,0.2474836030363389,0.2747120931322283,0.2998193378495539,0.2429720487999117,0.2612829707105115,0.286253322596432,0.2840503857145813,0.2845113517289737,0.289383703761767,0.3071817559707548,0.2409797250342144,0.2848844858578251,0.2795557537856513,0.2927210364796753,0.2102275079267569,0.2638613320799283,0.2595710224719763,0.257958090435078,0.2542425132281774,0.216415901628236,0.2596570251170494,0.2380900264646593,0.2089517528236288,0.2024974562922031,0.2084734400660912,0.3702615577315111,0.0,0.0,0.0,0.2851374718169152,0.0,0.0,0.0,0.0,0.3279394628929984,0.0,0.0,0.3591638309538033,0.0,0.3292169105125803,0.0,0.0,0.0,0.0,0.0,0.0,0.0,0.0,0.0,0.0,0.0,0.0,0.0,0.0,0.3515709262021511,0.0,0.0,0.0,0.3407125130588002,0.0,0.313750440788236,0.0,0.0
0.0,0.0,0.2814860058326107,0.1493210931248891,0.1867152851177937,0.3073205528551331,0.2503075348576056,0.2349013232071406,0.3073177744169781,0.2627964403316118,0.209347383098703,0.0,0.2474836030363389,0.0,0.0,0.0,0.0,0.0,0.2376322037109371,0.0,0.0,0.0,0.2742365976437462,0.0,0.0,0.0,0.3027145926186562,0.2335916755454797,0.0,0.0,0.2925250049914452,0.1617226797121343,0.0,0.2655510368588276,0.0,0.1344678213647756,0.1221400505397874,0.0,0.0,0.0,0.0,0.0,0.0,0.0,0.0,0.0,0.0,0.0,0.0,0.0,0.0,0.0,0.0,0.0,0.0,0.0,0.0,0.0,0.0,0.0,0.0,0.0,0.0,0.0,0.0,0.0,0.0,0.0,0.0,0.0,0.0,0.0,0.0,0.0,0.0,0.0
0.2464753621227496,0.2683636979067588,0.0,0.0,0.0,0.2618056226576551,0.0,0.0,0.0,0.0,0.0,0.0,0.2747120931322283,0.0,0.0,0.2809516671332026,0.0,0.2669554480538821,0.0,0.1936944040804927,0.2307191902414663,0.2138737770748381,0.2408726173393198,0.3010912686056639,0.2514300430292175,0.244740613562742,0.2465509212506649,0.3182935926430152,0.2766941151619388,0.0,0.2828832739991927,0.3403192787791361,0.2674528982137505,0.3023372242019176,0.3297622088438,0.380380537359625,0.0,0.0,0.3370067744014433,0.0,0.285195949545403,0.0,0.0,0.0,0.0,0.0,0.0,0.0,0.0,0.0,0.0,0.0,0.0,0.0,0.0,0.0,0.0,0.0,0.0,0.3115243052918045,0.0,0.0,0.0,0.0,0.3244570180266676,0.2765388456375287,0.313051098473992,0.3157124076566572,0.0,0.0,0.2284687292739266,0.3227432698035213,0.0,0.3141808627486341,0.0,0.33194886147638
0.2603486655477819,0.2561589127879287,0.0,0.0,0.0,0.2834402342961514,0.2756522766976481,0.2919591609108218,0.0,0.2261723816379734,0.0,0.0,0.2998193378495539,0.0,0.2809516671332026,0.0,0.2218629716493635,0.1922611805377344,0.0,0.2827200766963945,0.2684652373066288,0.2533245366271747,0.2859515647921867,0.2392851201804249,0.2157719803995889,0.2673542860386539,0.29486428255025,0.2956308041019795,0.2826990140652766,0.2827866496620648,0.2056496214920414,0.3154425129874953,0.2582049057630016,0.2401134474522567,0.2924724867256538,0.0,0.0,0.0,0.3188362014337368,0.2826937311578381,0.2987617612102308,0.3221967209326531,0.0,0.0,0.0,0.3010142191870922,0.3269591354651184,0.0,0.0,0.0,0.0,0.0,0.0,0.0,0.0,0.0,0.0,0.0,0.0,0.2760617838940145,0.3001276247317853,0.0,0.2649716411393426,0.0,0.2855949726174865,0.2875389625061766,0.3129187612454829,0.0,0.0,0.2609105274223984,0.2997294094630705,0.0,0.0,0.0,0.0,0.270090499817992
0.0,0.0,0.0,0.0,0.0,0.0,0.0,0.0,0.0,0.221333901117735,0.0,0.2401335076172409,0.2429720487999117,0.0,0.0,0.2218629716493635,0.0,0.2187820323747831,0.0,0.2656389219647049,0.0,0.0,0.0,0.2517320527078457,0.2168210496415141,0.2343746097695713,0.0,0.2505565607332245,0.0,0.0,0.2284928834262388,0.3135616116387811,0.2428228904888605,0.2517454632374841,0.2774551140934674,0.0,0.0,0.2227959968430893,0.0,0.2600613883421439,0.2262743016009208,0.0,0.0,0.0,0.0,0.0,0.0,0.0,0.0,0.0,0.0,0.0,0.0,0.0,0.2729554010609394,0.0,0.2389670104497376,0.0,0.0,0.0,0.0,0.269799317175534,0.2563540228301445,0.0,0.0,0.0,0.0,0.0,0.2774105910362988,0.2769788732653937,0.2856578095017476,0.0,0.0,0.0,0.0,0.0
0.2286205177734477,0.2264139762815424,0.0,0.0,0.0,0.2558792806552552,0.0,0.286015398776049,0.0,0.2402378112630922,0.0,0.2310944743986229,0.2612829707105115,0.0,0.2669554480538821,0.1922611805377344,0.2187820323747831,0.0,0.0,0.2798620348496392,0.2479391881087671,0.263480167984811,0.2648858704062363,0.2495678001183227,0.212870368143599,0.2198084542149602,0.2723278270327279,0.2784060135584453,0.2741704673207393,0.0,0.2334059013424977,0.322056923853635,0.2359979721524857,0.2532548441963904,0.2905669660043543,0.0,0.0,0.0,0.2960839793845359,0.2588324700565523,0.27482821788426,0.2898886264609157,0.0,0.0,0.0,0.2647608768617132,0.2946811787802464,0.0,0.0,0.0,0.0,0.0,0.0,0.0,0.2889624656044304,0.0,0.2819723648905293,0.0,0.0,0.0,0.2627667263626891,0.2836081971246098,0.26505218516274,0.0,0.0,0.0,0.2835151230126869,0.0,0.2940230273685918,0.2667127672881441,0.2859342300100394,0.0,0.0,0.0,0.0,0.26403393593281
0.0,0.0,0.1613880361933118,0.2474276324556022,0.2383379759615807,0.2188451135194852,0.2785293478954075,0.2191730233560157,0.1783067733703451,0.2841351829299396,0.1635958003652083,0.0,0.286253322596432,0.2376322037109371,0.0,0.0,0.0,0.0,0.0,0.0,0.0,0.0,0.1830715567514445,0.0,0.0,0.0,0.2229686357616898,0.2958950696754402,0.0,0.0,0.3089809354270836,0.2897833382495941,0.0,0.2948876603094215,0.2852609799917526,0.2763135549465693,0.2703679207431092,0.0,0.3725464824498352,0.0,0.0,0.0,0.288751214748466,0.0,0.0,0.0,0.0,0.3031455624570212,0.0,0.0,0.3536925000994106,0.0,0.3514957190912862,0.358118451569029,0.0,0.2050699126556326,0.0,0.0,0.3481204480545281,0.0,0.0,0.0,0.0,0.354034586358014,0.0,0.0,0.0,0.3497214773370954,0.0,0.0,0.0,0.3597701286747517,0.0,0.0,0.0,0.0
0.2733131515744899,0.2714862563816939,0.0,0.0,0.0,0.2581073027289551,0.2795230972906048,0.2813915866044738,0.0,0.0,0.0,0.0,0.2840503857145813,0.0,0.1936944040804927,0.2827200766963945,0.2656389219647049,0.2798620348496392,0.0,0.0,0.2707083811208105,0.2392959442458115,0.1892314852098531,0.0,0.2687206057804235,0.2790282621018051,0.2572422361126477,0.271952709794486,0.231521123691901,0.2839260260921856,0.2669347212958229,0.3500507618697331,0.2818631404568202,0.3116622915548802,0.3336684268735276,0.3702390318495061,0.0,0.0,0.3277805560839615,0.2579007396775422,0.2298680338585195,0.0,0.0,0.0,0.0,0.0,0.2640279484868372,0.0,0.0,0.0,0.0,0.0,0.2817732638611934,0.0,0.0,0.0,0.0,0.0,0.0,0.3031934328731682,0.0,0.0,0.0,0.0,0.3134546754194103,0.2342596394601903,0.3006009969657268,0.2962813511931648,0.0,0.0,0.2756121306926289,0.3182051742700377,0.3176100058714068,0.3025217812219151,0.0,0.2832363583484769
0.275782306320498,0.2507434890906561,0.0,0.0,0.0,0.2793278714655994,0.0,0.2277963174068394,0.0,0.0,0.0,0.0,0.2845113517289737,0.0,0.2307191902414663,0.2684652373066288,0.0,0.2479391881087671,0.0,0.2707083811208105,0.0,0.2623246436792258,0.2483407069392011,0.3214461251529923,0.229533357531691,0.2317691721159341,0.2887714434939492,0.2976092723732172,0.2721587569228481,0.2676050097911459,0.2684565951874805,0.3328461110853767,0.2753034438619576,0.2856414543863319,0.3306022783115613,0.3718902155809627,0.0,0.0,0.3433633248651558,0.2742975044814694,0.3122457499635899,0.3741008584285666,0.0,0.0,0.0,0.0,0.3177834996110082,0.0,0.0,0.0,0.0,0.0,0.1861111065555314,0.0,0.0,0.0,0.0,0.0,0.0,0.2874840575301367,0.3228400125522563,0.0,0.0,0.0,0.3035911117176659,0.2682058347445804,0.3227595942325663,0.2757335071770367,0.0,0.0,0.3339689674740175,0.3012844101793837,0.0,0.0,0.0,0.2683610946959202
0.2845450910198379,0.2330796508387299,0.0,0.0,0.0,0.2707246664150949,0.2847517968423917,0.2803996202467996,0.2558223214072287,0.2427337147448257,0.0,0.0,0.289383703761767,0.0,0.2138737770748381,0.2533245366271747,0.0,0.263480167984811,0.0,0.2392959442458115,0.2623246436792258,0.0,0.3109676285377478,0.0,0.2462924014333777,0.2478583139091945,0.2975386563339091,0.2911840048315988,0.2616986917299472,0.2574584438149501,0.2455439860522006,0.3519160261892018,0.3097756786490431,0.2961377722160868,0.3349612342479529,0.3947614988864899,0.0,0.0,0.3231849599854832,0.2834237439033051,0.301736674399515,0.3354753241423448,0.0,0.0,0.0,0.3179339474978915,0.3132663397402412,0.0,0.0,0.0,0.0,0.0,0.0,0.0,0.0,0.0,0.0,0.0,0.0,0.2940472984182044,0.2970019083162737,0.0,0.0,0.0,0.3057360725563234,0.2900392230504158,0.3066288656170887,0.3051674815957907,0.0,0.2560566073664496,0.315615936214745,0.2953360597647282,0.0,0.310587902298395,0.0,0.2646367606751107
0.3030534037434007,0.2815184335880988,0.2007276811624229,0.3027638176741734,0.2524985126173407,0.2485104379796897,0.2872788389742075,0.2520052338696782,0.2417976332507288,0.3093640311569421,0.1840009089555033,0.0,0.3071817559707548,0.2742365976437462,0.2408726173393198,0.2859515647921867,0.0,0.2648858704062363,0.1830715567514445,0.1892314852098531,0.2483407069392011,0.3109676285377478,0.0,0.3216170054540435,0.2568572918419747,0.2922186508249831,0.2105577299789336,0.3083789137660699,0.2849780295262089,0.3084499985198038,0.3268808206884067,0.334744483689458,0.3607147346752263,0.3452985085653903,0.3764404840071951,0.3544628894608548,0.3391103654845512,0.0,0.344792578709289,0.0,0.3564037296003192,0.3601977599908911,0.2891632278051073,0.0,0.0,0.0,0.0,0.3825624535038172,0.0,0.3296162186342279,0.3552369315975717,0.365778096521543,0.3588752620992861,0.3631145982641532,0.0,0.3075725281753807,0.0,0.3528732878537073,0.3242266273202689,0.3083091312400943,0.0,0.0,0.0,0.3516407108131965,0.320001008627314,0.2240412296038671,0.3109994778315461,0.3526052726318857,0.0,0.0,0.312462958636574,0.32886781315665,0.3453485239673631,0.3250732764857406,0.3389448100990141,0.3566545610987506
0.2561129780741148,0.0,0.0,0.0,0.0,0.0,0.0,0.3408347054393425,0.0,0.2290724690503619,0.0,0.1897068913864688,0.2409797250342144,0.0,0.3010912686056639,0.2392851201804249,0.2517320527078457,0.2495678001183227,0.0,0.0,0.3214461251529923,0.0,0.3216170054540435,0.0,0.2308991028121834,0.2112820023574557,0.3324233289843762,0.2607771575496497,0.0,0.0,0.244519434741853,0.2913472529327286,0.1797539505409043,0.1892909770870451,0.2505851535938243,0.1820093444133683,0.0,0.1793515086744618,0.3025308995626978,0.207949952810252,0.2379232005602262,0.0,0.0,0.0,0.217693168925266,0.2806860629150952,0.0,0.0,0.0,0.0,0.0,0.0,0.0,0.0,0.2511237547634476,0.0,0.2415500744556485,0.0,0.0,0.0,0.0,0.2822776462032678,0.2775853080728893,0.0,0.0,0.0,0.0,0.0,0.2434684376220191,0.2796384772280343,0.2862897965913134,0.0,0.0,0.0,0.0,0.2596763978530243
0.2214310969806926,0.228341562872413,0.0,0.0,0.0,0.263171510676128,0.2888515589302875,0.2971259907858321,0.0,0.2393732759807806,0.0,0.2291345046850944,0.2848844858578251,0.0,0.2514300430292175,0.2157719803995889,0.2168210496415141,0.212870368143599,0.0,0.2687206057804235,0.229533357531691,0.2462924014333777,0.2568572918419747,0.2308991028121834,0.0,0.2180872993853082,0.2757744026905948,0.287953492251806,0.27016434125524,0.0,0.2300257000646453,0.3024739293827529,0.220398599346242,0.2439520394652199,0.2719810566460593,0.0,0.0,0.2149883868944525,0.2992048385231866,0.2600877408469737,0.271770236860637,0.2981917877266298,0.0,0.0,0.0,0.2631739424060586,0.3009526754498406,0.0,0.0,0.0,0.0,0.0,0.0,0.0,0.287153780933557,0.0,0.2791898074618296,0.0,0.0,0.0,0.2666706347685312,0.2828330570225059,0.2663916363625624,0.0,0.2426956392132399,0.0,0.2766375934202916,0.0,0.2895727657829201,0.2668071354387361,0.2859009221235363,0.0,0.0,0.0,0.0,0.263516483165165
0.2111542462844513,0.2582673099017286,0.0,0.0,0.0,0.2696159124867331,0.2737998677515196,0.3127461714084477,0.0,0.2158403406844518,0.0,0.177977619843908,0.2795557537856513,0.0,0.244740613562742,0.2673542860386539,0.2343746097695713,0.2198084542149602,0.0,0.2790282621018051,0.2317691721159341,0.2478583139091945,0.2922186508249831,0.2112820023574557,0.2180872993853082,0.0,0.303254410340803,0.2625345009730588,0.2769778429479526,0.0,0.2382339298002272,0.3127608441384348,0.2236016073182508,0.2520598549197976,0.2847699351938861,0.3498043684604225,0.0,0.2184321403666952,0.2985111262574757,0.2655091372683025,0.2722456135986144,0.3162256481657963,0.0,0.0,0.0,0.2593756637560738,0.2938918963378775,0.0,0.0,0.0,0.0,0.0,0.0,0.0,0.2833729466133918,0.0,0.2670508818205534,0.0,0.0,0.0,0.2633772445197589,0.2910499328980173,0.2758482434513549,0.0,0.0,0.0,0.2833844599912104,0.0,0.2991360161466806,0.2762281910870621,0.2938083025669967,0.0,0.0,0.2192723571356308,0.0,0.2697607066326973
0.3087039089813251,0.2866923271939579,0.2114903983410284,0.3307928467982455,0.2530499395167492,0.2467184495233524,0.2550215236594418,0.3062091552050024,0.2186610124370914,0.3057908813825598,0.2297313461140215,0.0,0.2927210364796753,0.3027145926186562,0.2465509212506649,0.29486428255025,0.0,0.2723278270327279,0.2229686357616898,0.2572422361126477,0.2887714434939492,0.2975386563339091,0.2105577299789336,0.3324233289843762,0.2757744026905948,0.303254410340803,0.0,0.3063174037012796,0.2644774587173283,0.3091535005212454,0.324139430649884,0.3417441570071461,0.3179779736332233,0.3436435503889055,0.3553504526529535,0.3942941122500493,0.3295826910965343,0.0,0.3547577318658281,0.0,0.3660922184975699,0.0,0.3115713125564189,0.0,0.0,0.0,0.0,0.2687463813995823,0.0,0.0,0.3657864522585644,0.3727816248910112,0.3460247135991492,0.3659189940067431,0.0,0.3350636156048812,0.0,0.3675334713110016,0.333791053728634,0.0,0.0,0.0,0.0,0.3433087186837725,0.3290974165035307,0.0,0.309987150655435,0.3689430024897436,0.0,0.0,0.0,0.3424414468412057,0.3621577296019149,0.3411275233725128,0.0,0.371109644326962
0.2449420425601608,0.2840089961675309,0.306266187801029,0.1424693953733152,0.2398758460987279,0.2422175624066231,0.2396289571353486,0.3158680562002016,0.2969100898775835,0.262469535000662,0.2817376645825605,0.2336177626166417,0.2102275079267569,0.2335916755454797,0.3182935926430152,0.2956308041019795,0.2505565607332245,0.2784060135584453,0.2958950696754402,0.271952709794486,0.2976092723732172,0.2911840048315988,0.3083789137660699,0.2607771575496497,0.287953492251806,0.2625345009730588,0.3063174037012796,0.0,0.2123715890765021,0.2073601021201143,0.2565829490220695,0.2517179689467548,0.2054081079185108,0.2523019670640046,0.2142356661873218,0.196792100956562,0.1811591077213097,0.2049343818869351,0.3530060542280064,0.0,0.3614584976008285,0.3354107043546139,0.3245499575502004,0.0,0.0,0.0,0.0,0.0,0.0,0.0,0.3612694535388551,0.0,0.3237065928498323,0.0,0.0,0.0,0.0,0.0,0.0,0.0,0.0,0.0,0.0,0.0,0.3266265383640024,0.0,0.0,0.346554040765329,0.0,0.0,0.0,0.3382145893245715,0.3554035757247556,0.3413273873068613,0.0,0.3575609157196522
0.2748401200810019,0.2648194812098184,0.0,0.0,0.0,0.2156365929197111,0.2677679975460029,0.273728490210548,0.0,0.0,0.0,0.0,0.2638613320799283,0.0,0.2766941151619388,0.2826990140652766,0.0,0.2741704673207393,0.0,0.231521123691901,0.2721587569228481,0.2616986917299472,0.2849780295262089,0.0,0.27016434125524,0.2769778429479526,0.2644774587173283,0.2123715890765021,0.0,0.25473085583508,0.2434458431952553,0.342229837054791,0.0,0.2904580248336788,0.29698606149451,0.3551323550438623,0.0,0.0,0.3319945762304834,0.0,0.3496124978944304,0.3293319128504324,0.0,0.0,0.0,0.0,0.0,0.0,0.0,0.0,0.3227210737560339,0.0,0.2594122909690138,0.0,0.0,0.0,0.0,0.3106384387176695,0.0,0.3048102073669461,0.0,0.0,0.0,0.0,0.3102282502646984,0.2804771263547662,0.2997450570404016,0.3121485978547601,0.0,0.0,0.0,0.315506583177029,0.3307688772177833,0.3127381251054857,0.0,0.3396818287880837
0.0,0.0,0.3023865218137472,0.0,0.0,0.2961668799578044,0.0,0.3089898272234051,0.2868417309310734,0.0,0.0,0.0,0.2595710224719763,0.0,0.0,0.2827866496620648,0.0,0.0,0.0,0.2839260260921856,0.2676050097911459,0.2574584438149501,0.3084499985198038,0.0,0.0,0.0,0.3091535005212454,0.2073601021201143,0.25473085583508,0.0,0.2471204224086896,0.3398725488618593,0.0,0.282054619629665,0.0,0.0,0.0,0.0,0.3463997839770019,0.0,0.0,0.0,0.0,0.0,0.0,0.0,0.0,0.0,0.0,0.0,0.0,0.0,0.0,0.0,0.0,0.0,0.0,0.0,0.0,0.0,0.0,0.0,0.0,0.0,0.3451187323340709,0.0,0.0,0.3349446553342828,0.0,0.0,0.0,0.3285892825659819,0.0,0.0,0.0,0.0
0.2438383883013208,0.236527389794287,0.3147529806306341,0.0,0.2944870686144811,0.3024036728658458,0.2794951931053724,0.3305748399507612,0.3069222802082034,0.2210563206933271,0.3080003431515277,0.2488271583326817,0.257958090435078,0.2925250049914452,0.2828832739991927,0.2056496214920414,0.2284928834262388,0.2334059013424977,0.3089809354270836,0.2669347212958229,0.2684565951874805,0.2455439860522006,0.3268808206884067,0.244519434741853,0.2300257000646453,0.2382339298002272,0.324139430649884,0.2565829490220695,0.2434458431952553,0.2471204224086896,0.0,0.2897837667015335,0.231477919995947,0.1971222295572888,0.2504663804082876,0.3034602762715181,0.2517771094292299,0.2099325829138326,0.3349692546855793,0.2737072285234509,0.3008633641483684,0.0,0.0,0.0,0.0,0.2665377852602275,0.3043365097268989,0.0,0.0,0.0,0.3861954458566178,0.0,0.3297661569172663,0.0,0.2374603154662299,0.0,0.2438807187088497,0.0,0.0,0.3118947855706168,0.280839558836879,0.0,0.248066481467184,0.0,0.3346975752903757,0.2841909613512067,0.2893262487236173,0.3456987233632032,0.0,0.2492133157792036,0.2893914916253973,0.3451184621925015,0.3426229902964202,0.3373351555760446,0.0,0.2907252817860866
0.3279914307092104,0.3174630982805432,0.3140554210271196,0.1806612528419843,0.2614966019468708,0.3195954287611404,0.2578181486583054,0.2961777757204692,0.2907570629224379,0.2350407051486043,0.281544576168774,0.189750121758467,0.2542425132281774,0.1617226797121343,0.3403192787791361,0.3154425129874953,0.3135616116387811,0.322056923853635,0.2897833382495941,0.3500507618697331,0.3328461110853767,0.3519160261892018,0.334744483689458,0.2913472529327286,0.3024739293827529,0.3127608441384348,0.3417441570071461,0.2517179689467548,0.342229837054791,0.3398725488618593,0.2897837667015335,0.0,0.2563155389034208,0.2236250656386501,0.2706578978340204,0.153537615916176,0.2052099609611886,0.167482647524664,0.3017529306303155,0.2722113199360078,0.3046162276993569,0.251146492001648,0.3709923587118929,0.3592640527463912,0.0,0.3613408531207144,0.347974787167336,0.3774901371757881,0.0,0.0,0.3406413324898633,0.0,0.0,0.3338915039536237,0.2867929051978327,0.3362900071290837,0.1676119717675108,0.3723347054196612,0.0,0.3350400197321903,0.3519640344849214,0.0,0.2956938095591409,0.3230049735208969,0.3430213130865813,0.3414716094168792,0.3366399444713493,0.3413102355938551,0.1683740533893492,0.2980049210034749,0.331330658158818,0.3409259455149403,0.3598397180500003,0.3405411888640238,0.0,0.3493087976527659
0.2479452629759699,0.2487913541896909,0.0,0.0,0.1965193639418789,0.2705430520428381,0.0,0.0,0.2649076368128842,0.2204432797698007,0.2397965317511944,0.1636483766373748,0.216415901628236,0.0,0.2674528982137505,0.2582049057630016,0.2428228904888605,0.2359979721524857,0.0,0.2818631404568202,0.2753034438619576,0.3097756786490431,0.3607147346752263,0.1797539505409043,0.220398599346242,0.2236016073182508,0.3179779736332233,0.2054081079185108,0.0,0.0,0.231477919995947,0.2563155389034208,0.0,0.1527000131577959,0.2200053854052001,0.1714708666319563,0.1843490834237311,0.1421601497483259,0.2706632009951756,0.1983922591708603,0.2586877589016634,0.3214171224851802,0.0,0.0,0.1856956022645431,0.2860421241937936,0.3171410538941001,0.0,0.0,0.0,0.0,0.0,0.0,0.0,0.2312684223316271,0.0,0.2169843595641542,0.0,0.0,0.2986795348170701,0.2857213521146676,0.2719625124667515,0.2395686789312495,0.0,0.2801546340801253,0.2992867417046225,0.3123893155496424,0.2923755231707186,0.2338124524649913,0.2518922462535066,0.2858551663507132,0.0,0.0,0.2639877611873037,0.0,0.2395147236832484
0.2558281337234363,0.2533483272999868,0.3139606577872581,0.1328166546547919,0.2682680536887858,0.3191414664541237,0.263919496177323,0.3399499809099839,0.3038550462622793,0.2300685282799351,0.2929709363152775,0.1643684654782768,0.2596570251170494,0.2655510368588276,0.3023372242019176,0.2401134474522567,0.2517454632374841,0.2532548441963904,0.2948876603094215,0.3116622915548802,0.2856414543863319,0.2961377722160868,0.3452985085653903,0.1892909770870451,0.2439520394652199,0.2520598549197976,0.3436435503889055,0.2523019670640046,0.2904580248336788,0.282054619629665,0.1971222295572888,0.2236250656386501,0.1527000131577959,0.0,0.1794485446754296,0.2587574166760629,0.1497394875863269,0.1378828688252928,0.3121914106086507,0.264671262061756,0.2908908530968372,0.3281018329936693,0.3468484666364763,0.0,0.2098996149960248,0.2946255833445065,0.3191704042415037,0.0,0.0,0.0,0.3840703575504507,0.0,0.3382227375753513,0.0,0.2496256271528093,0.0,0.2462547258595689,0.0,0.0,0.3234901123052931,0.2988229347719179,0.0,0.2515991139767318,0.0,0.3428429912242045,0.3030087004034395,0.3056591203772386,0.3544512072303145,0.2359730811429922,0.2568361619621795,0.2933302030994761,0.3509241618190427,0.3716687135304472,0.3505278554477533,0.0,0.2969051067490833
0.3112057422472299,0.3028512408084595,0.3030888036083062,0.1716579359350099,0.2539447271405076,0.3208086395108209,0.2498943961686353,0.3418012377226315,0.2944370035182871,0.2199991743056109,0.28097198473347,0.2083186325709569,0.2380900264646593,0.0,0.3297622088438,0.2924724867256538,0.2774551140934674,0.2905669660043543,0.2852609799917526,0.3336684268735276,0.3306022783115613,0.3349612342479529,0.3764404840071951,0.2505851535938243,0.2719810566460593,0.2847699351938861,0.3553504526529535,0.2142356661873218,0.29698606149451,0.0,0.2504663804082876,0.2706578978340204,0.2200053854052001,0.1794485446754296,0.0,0.3144251249042624,0.2503001619362686,0.1721229921142031,0.269279416777247,0.3198494386378619,0.3213599130060123,0.2994475801325459,0.3752965166758036,0.0,0.0,0.0,0.3388429816837845,0.0,0.0,0.0,0.0,0.0,0.0,0.0,0.0,0.0,0.3128975527856047,0.0,0.0,0.336907887285462,0.310406141168043,0.0,0.2766580573898861,0.0,0.3509850975334151,0.3449539025976573,0.330134278111063,0.3616624483414597,0.0,0.2742220127133442,0.3144261003642574,0.3625841049503562,0.0,0.3351210910298339,0.0,0.0
0.0,0.0,0.3079666975466349,0.1141450829368624,0.1564420877501457,0.3228499349484366,0.2502123320744283,0.1656934938295579,0.3056960644057433,0.1632301426536499,0.188144850595451,0.1748856525778628,0.2089517528236288,0.1344678213647756,0.380380537359625,0.0,0.0,0.0,0.2763135549465693,0.3702390318495061,0.3718902155809627,0.3947614988864899,0.3544628894608548,0.1820093444133683,0.0,0.3498043684604225,0.3942941122500493,0.196792100956562,0.3551323550438623,0.0,0.3034602762715181,0.153537615916176,0.1714708666319563,0.2587574166760629,0.3144251249042624,0.0,0.1328371672467522,0.165301102014448,0.394464978584801,0.0,0.3487013452513918,0.0,0.0,0.0,0.0,0.0,0.0,0.309185343128971,0.0,0.0,0.0,0.0,0.0,0.0,0.0,0.2222609482662298,0.0,0.334550615582101,0.0,0.0,0.0,0.0,0.0,0.0,0.0,0.0,0.0,0.361986581315376,0.0,0.0,0.0,0.3627957398069678,0.3336843750765407,0.3334730820391566,0.0,0.0
0.0,0.0,0.2937645921619434,0.1172203490473909,0.1469519977924841,0.3103926727986024,0.2109529562995269,0.3178848095543369,0.2926592218075667,0.1624538043235126,0.2630925317872505,0.1832126174547551,0.2024974562922031,0.1221400505397874,0.0,0.0,0.0,0.0,0.2703679207431092,0.0,0.0,0.0,0.3391103654845512,0.0,0.0,0.0,0.3295826910965343,0.1811591077213097,0.0,0.0,0.2517771094292299,0.2052099609611886,0.1843490834237311,0.1497394875863269,0.2503001619362686,0.1328371672467522,0.0,0.1688042454370827,0.3015190449743595,0.0,0.0,0.0,0.0,0.0,0.0,0.0,0.0,0.0,0.0,0.0,0.0,0.0,0.0,0.0,0.0,0.0,0.0,0.0,0.0,0.0,0.0,0.0,0.0,0.0,0.0,0.0,0.0,0.0,0.0,0.0,0.0,0.0,0.0,0.0,0.0,0.0
0.0,0.0,0.0,0.0,0.2117730376040256,0.0,0.2634919810156247,0.0,0.2439043381368172,0.1854058319358602,0.2427975604366577,0.1512708553894961,0.2084734400660912,0.0,0.0,0.0,0.2227959968430893,0.0,0.0,0.0,0.0,0.0,0.0,0.1793515086744618,0.2149883868944525,0.2184321403666952,0.0,0.2049343818869351,0.0,0.0,0.2099325829138326,0.167482647524664,0.1421601497483259,0.1378828688252928,0.1721229921142031,0.165301102014448,0.1688042454370827,0.0,0.1784295186691551,0.1797758955197724,0.2025019525318634,0.0,0.0,0.0,0.197852797516423,0.0,0.0,0.0,0.0,0.0,0.0,0.0,0.0,0.0,0.2395267402644917,0.0,0.2128497791683429,0.0,0.0,0.0,0.0,0.0,0.0,0.0,0.0,0.0,0.0,0.0,0.2173186547146999,0.0,0.0,0.0,0.0,0.0,0.0,0.0
0.3287739473779962,0.3307681327996135,0.3450002402400599,0.0,0.0,0.3525541550208563,0.0,0.3323488397679849,0.3467637644365267,0.2039721406124866,0.2914639510171319,0.1809961628211234,0.3702615577315111,0.0,0.3370067744014433,0.3188362014337368,0.0,0.2960839793845359,0.3725464824498352,0.3277805560839615,0.3433633248651558,0.3231849599854832,0.344792578709289,0.3025308995626978,0.2992048385231866,0.2985111262574757,0.3547577318658281,0.3530060542280064,0.3319945762304834,0.3463997839770019,0.3349692546855793,0.3017529306303155,0.2706632009951756,0.3121914106086507,0.269279416777247,0.394464978584801,0.3015190449743595,0.1784295186691551,0.0,0.2404378640662517,0.2500892959261775,0.2823195386624443,0.2054689419152593,0.2187826474635454,0.1855916562875575,0.313106146437546,0.3280228063496037,0.3253446600491412,0.1882967628361412,0.2753019987010411,0.3130464072402112,0.2670186340122044,0.3009074789159988,0.3082551690739221,0.2576904763590625,0.3073844961853311,0.1858622449257199,0.2828442071730476,0.2330603989204207,0.3365291990004582,0.3287229156116338,0.2995247921827424,0.2973973933158344,0.3073543417199095,0.3432626617739781,0.3253927128119507,0.3553562718099323,0.3061283501568595,0.2715029436776405,0.2898661203770883,0.3122419345324729,0.3159676632899368,0.2696266357913637,0.3351591321043503,0.284483174491203,0.2877952861746559
0.248859895776744,0.2941289880645368,0.0,0.0,0.0,0.0,0.0,0.0,0.0,0.2198163847878653,0.0,0.2174569897485065,0.0,0.0,0.0,0.2826937311578381,0.2600613883421439,0.2588324700565523,0.0,0.2579007396775422,0.2742975044814694,0.2834237439033051,0.0,0.207949952810252,0.2600877408469737,0.2655091372683025,0.0,0.0,0.0,0.0,0.2737072285234509,0.2722113199360078,0.1983922591708603,0.264671262061756,0.3198494386378619,0.0,0.0,0.1797758955197724,0.2404378640662517,0.0,0.1520475690469657,0.2175170315096455,0.1797022392903351,0.1987155954491394,0.1417170546214949,0.215289167259794,0.2481641528333031,0.0,0.0,0.2829150601651206,0.0,0.1920974119666311,0.2563743336093196,0.2555182692551055,0.1956153032324051,0.2704789748152679,0.1642209053826389,0.1917972121927012,0.0,0.2801005189593814,0.2637469685216393,0.2267773533494841,0.2206037905100536,0.0,0.2860995957086811,0.2573926737428385,0.3033375660888877,0.2685200431564272,0.160730101665213,0.2069730151612967,0.2260380415206407,0.2764089549556005,0.2226822755535701,0.2703468589598923,0.0,0.1966261234390203
0.2823406658400529,0.3074651942809954,0.0,0.0,0.0,0.3768809224190132,0.0,0.3632959091697687,0.0,0.2275452764969978,0.0,0.2228349422060378,0.0,0.0,0.285195949545403,0.2987617612102308,0.2262743016009208,0.27482821788426,0.0,0.2298680338585195,0.3122457499635899,0.301736674399515,0.3564037296003192,0.2379232005602262,0.271770236860637,0.2722456135986144,0.3660922184975699,0.3614584976008285,0.3496124978944304,0.0,0.3008633641483684,0.3046162276993569,0.2586877589016634,0.2908908530968372,0.3213599130060123,0.3487013452513918,0.0,0.2025019525318634,0.2500892959261775,0.1520475690469657,0.0,0.2647201251753573,0.2882389122618493,0.1752999887220611,0.1624476768471194,0.245451062625307,0.261397065976365,0.3336767657870841,0.1417568600410517,0.2531109483295178,0.2986858659663574,0.2362832863452999,0.3303347696154585,0.3181114205133287,0.2116474220253983,0.3013142205673558,0.1676002997003836,0.2730528979818382,0.2488611027563433,0.3172408261933654,0.2472200868363359,0.2447968397055747,0.2392637615309168,0.3119016208375605,0.2927283714125557,0.288966008887268,0.2908279330842723,0.3249817916941364,0.1926096941320056,0.2333788853161642,0.2590890970600605,0.3095485220681816,0.2229620334269526,0.267469835932455,0.2584993593601393,0.1931839620497285
0.0,0.3418313115012759,0.0,0.0,0.0,0.0,0.0,0.0,0.0,0.0,0.0,0.0,0.0,0.0,0.0,0.3221967209326531,0.0,0.2898886264609157,0.0,0.0,0.3741008584285666,0.3354753241423448,0.3601977599908911,0.0,0.2981917877266298,0.3162256481657963,0.0,0.3354107043546139,0.3293319128504324,0.0,0.0,0.251146492001648,0.3214171224851802,0.3281018329936693,0.2994475801325459,0.0,0.0,0.0,0.2823195386624443,0.2175170315096455,0.2647201251753573,0.0,0.303109819482565,0.2203144476247569,0.1761637331097008,0.3161530949765869,0.3223877040753117,0.3428638011543529,0.1989876276703569,0.2530244210022069,0.3184303470759153,0.2262312464817666,0.3358197469508545,0.3068650920199391,0.2506573161171238,0.2945880640725731,0.1980236710336989,0.2724561912581957,0.0,0.3542440879467635,0.3160845343646087,0.279995046921052,0.2824255868391412,0.3030226642151318,0.334887487120746,0.3716523382273277,0.3555166714059588,0.324678437522829,0.2177622314338681,0.2728653627568858,0.3138741077569234,0.3237011698688046,0.222281789421082,0.3098740538895062,0.0,0.2286938631025664
0.0,0.0,0.0,0.0,0.2048623023868154,0.2926008904059247,0.0,0.0,0.2998224321867206,0.0,0.2152538730862125,0.0,0.2851374718169152,0.0,0.0,0.0,0.0,0.0,0.288751214748466,0.0,0.0,0.0,0.2891632278051073,0.0,0.0,0.0,0.3115713125564189,0.3245499575502004,0.0,0.0,0.0,0.3709923587118929,0.0,0.3468484666364763,0.3752965166758036,0.0,0.0,0.0,0.2054689419152593,0.1797022392903351,0.2882389122618493,0.303109819482565,0.0,0.1194203240973652,0.1823114698507057,0.0,0.0,0.318675218960097,0.1276659572642532,0.1486717462367455,0.3547888591072039,0.1849368242554377,0.2507767226386148,0.3092568863644128,0.2320057405064268,0.2148619554601727,0.182236933661824,0.2394664575436252,0.1620414968005968,0.3806875171104619,0.0,0.0,0.0,0.2889588919282093,0.3803221058879056,0.383839552624258,0.3993174057084987,0.3047668710210306,0.1997066876616337,0.0,0.3751446338630979,0.3404447583587145,0.1654545646112221,0.3634228113911876,0.0,0.2912879947815658
