0.0,0.3270215873640988,0.0,0.0,0.0,0.3162350258660413,0.0,0.4141572792757759,0.0,0.2849657053520721,0.0,0.2956834811924658,0.0,0.0,0.3035901232640935,0.3337101920371541,0.305106306986906,0.3209381155769064,0.0,0.4249291366206268,0.341158437754002,0.3610921685401989,0.3851447565383524,0.3037064227564969,0.3205553285063818,0.3017639606992907,0.3421660226150497,0.0,0.0,0.0,0.3073691112179671,0.3593994788281587,0.2721517499385066,0.2689632687858835,0.3388212277683229,0.0,0.0,0.0,0.3990947937664431,0.356152893535334,0.3610680083067044,0.0,0.0,0.0,0.0,0.360907844928926,0.4027084545002425,0.0,0.0,0.0,0.0,0.0,0.0,0.0,0.3685386456528045,0.0,0.0,0.0,0.0,0.0,0.3942782099201666,0.0,0.3814349771224148,0.0,0.0,0.0,0.4042328962451884,0.0,0.0,0.3933046460066144,0.3881274137583175,0.0,0.0,0.0,0.0,0.0
0.3270215873640988,0.0,0.0,0.0,0.3303662431615655,0.3668151561693762,0.3696332331504303,0.3802588578858881,0.295385425142638,0.0,0.0,0.0,0.3929233993701385,0.0,0.3611845534957145,0.3626928264969025,0.0,0.3430340752855196,0.0,0.3771067343083112,0.353962275698333,0.344813780971832,0.3568322695456792,0.0,0.3434611556208292,0.3402618250475617,0.3791876098788335,0.3879044270580518,0.3763032450491774,0.0,0.3030320037900064,0.3625403455838215,0.288568171880268,0.3040505419362395,0.3286002773258271,0.0,0.0,0.0,0.4076132115238378,0.3810329339351004,0.3989650608579135,0.4271274407582305,0.0,0.0,0.0,0.3807819840465411,0.4261471676359697,0.0,0.0,0.0,0.0,0.0,0.0,0.0,0.0,0.0,0.0,0.0,0.0,0.4329798380082197,0.4077464029379988,0.0,0.3579738072564755,0.0,0.3969679951653706,0.453038915631264,0.4279971657285492,0.3344530262267643,0.0,0.3887719503406022,0.4197051854324335,0.3659527659054021,0.0,0.3761621296731558,0.0,0.3824038126323811
0.0,0.0,0.0,0.0,0.2974480230480393,0.301556357423371,0.3539296198530936,0.3982013622960205,0.2884365788033867,0.3533599654634803,0.2173979049321703,0.0,0.3643062455946544,0.3832687366280189,0.0,0.0,0.0,0.0,0.231155670421734,0.0,0.0,0.0,0.2539477710051177,0.0,0.0,0.0,0.2397667063953778,0.362544236341451,0.0,0.3378671111896659,0.3715279873240786,0.3419404524418279,0.0,0.3665383798541234,0.3909107705709726,0.3387021565827335,0.3383946801242178,0.0,0.4229675792235087,0.0,0.0,0.0,0.4333056350399358,0.0,0.0,0.0,0.0,0.3361018118663525,0.0,0.4217236289296359,0.4802049081957833,0.0,0.4540391170978342,0.5052346186872936,0.0,0.280874861955415,0.0,0.0,0.4546656970070466,0.0,0.0,0.0,0.0,0.2935442883136057,0.0,0.0,0.0,0.4103142402404284,0.0,0.0,0.0,0.4440143952440424,0.0,0.0,0.0,0.0
0.0,0.0,0.0,0.0,0.1752533842627315,0.0,0.2074227849415872,0.2933153662891262,0.3308171953794497,0.0,0.2926130465048289,0.0,0.2347756218773312,0.1987089651329723,0.0,0.0,0.0,0.0,0.0,0.0,0.0,0.0,0.0,0.0,0.0,0.0,0.3739172042263955,0.2090583588686889,0.0,0.0,0.0,0.300735508380664,0.0,0.2416969642415908,0.2514140815238385,0.1624609183920526,0.169527495590862,0.0,0.0,0.0,0.0,0.0,0.0,0.0,0.0,0.0,0.0,0.0,0.0,0.0,0.0,0.0,0.0,0.0,0.0,0.0,0.0,0.0,0.0,0.0,0.0,0.0,0.0,0.0,0.0,0.0,0.0,0.0,0.0,0.0,0.0,0.0,0.0,0.0,0.0,0.0
0.0,0.3303662431615655,0.2974480230480393,0.1752533842627315,0.0,0.3267992626261673,0.3042785626875726,0.3487891387652176,0.3017472913115936,0.3036489893592765,0.2706389631591795,0.3204932706983576,0.3299677811661954,0.2311309634546156,0.0,0.0,0.0,0.0,0.3030848508953909,0.3908003079962234,0.0,0.3990700607772114,0.3278801935007756,0.0,0.3395924089772862,0.0,0.316760865804319,0.3068727993083053,0.3587226344257637,0.0,0.3863375603636481,0.3497768252168446,0.0,0.3758369384327159,0.3756447569869838,0.1704965723635367,0.1807033798834574,0.3337375735028092,0.0,0.0,0.0,0.0,0.3508587525650654,0.0,0.0,0.0,0.0,0.4270138200417495,0.0,0.0,0.0,0.0,0.4205775499728112,0.4010906560374813,0.0,0.3098993955142272,0.0,0.0,0.0,0.0,0.0,0.0,0.0,0.0,0.0,0.0,0.0,0.4364780020039951,0.0,0.0,0.0,0.3928372945637127,0.0,0.0,0.0,0.0
0.3162350258660413,0.3668151561693762,0.301556357423371,0.0,0.3267992626261673,0.0,0.3630816220958132,0.3255471277741768,0.2923912922635399,0.363009308580106,0.3153943431184154,0.0,0.3387615309998619,0.3654425733303281,0.3467140808160255,0.394467971243964,0.0,0.3357875801843322,0.3154405255162384,0.3505518859663813,0.2828453411397885,0.3760302019241759,0.3091208290185623,0.0,0.3652247621139298,0.3682344910384382,0.295666685457467,0.313245575247156,0.2938514701043498,0.341837042305734,0.3705103053699912,0.3594560863839229,0.2644662705289482,0.3802292720731244,0.4024824445519256,0.3952093003108148,0.3865978632641638,0.0,0.4438033661911502,0.0,0.4612223934527556,0.3985444240282617,0.4011736027698817,0.0,0.0,0.0,0.0,0.4666634838839062,0.0,0.0,0.4425143645868733,0.4126657592013696,0.4082582301856565,0.4762293931822894,0.0,0.3945113954832305,0.0,0.393789626744012,0.0,0.3605954000674606,0.0,0.0,0.0,0.452945942724973,0.3723949888479446,0.3564288537367372,0.3520755233835921,0.4358875203475322,0.0,0.0,0.0,0.4313554585109381,0.3886607306147136,0.4176371104456012,0.0,0.4477053063880983
0.0,0.3696332331504303,0.3539296198530936,0.2074227849415872,0.3042785626875726,0.3630816220958132,0.0,0.3897836231700998,0.3579128515465614,0.2749777319345702,0.3609434802447098,0.3172911157001736,0.3115823901055508,0.2744771913596665,0.0,0.4032170884905403,0.3172020271421463,0.3703646174725926,0.3720134696341238,0.4001336209659936,0.0,0.4220812219800817,0.3630130774219852,0.3644618827347007,0.3597902653111327,0.3323313715757107,0.3654909862221738,0.3223530877439584,0.3732044984595536,0.0,0.3837061480410318,0.3305075682803776,0.0,0.3449310311433674,0.3478010601664382,0.2157268558331422,0.2312248802959886,0.3542600489600042,0.0,0.0,0.0,0.0,0.0,0.0,0.0,0.0,0.0,0.0,0.0,0.0,0.3800310627855693,0.0,0.0,0.0,0.0,0.0,0.0,0.0,0.0,0.0,0.0,0.0,0.0,0.0,0.0,0.0,0.0,0.4469252586146559,0.0,0.0,0.0,0.4019691442011103,0.0,0.0,0.0,0.0
0.4141572792757759,0.3802588578858881,0.3982013622960205,0.2933153662891262,0.3487891387652176,0.3255471277741768,0.3897836231700998,0.0,0.4279205059094597,0.3566603959121412,0.3007797797283674,0.0,0.3826583717367589,0.3057752884916978,0.3894659459387949,0.3671589362369263,0.0,0.3599324042247048,0.4137345789515845,0.3797900291891724,0.3174030460059128,0.3713932412817452,0.3025612170042159,0.4279002285574716,0.3890933310816573,0.4026529362720044,0.356382019068892,0.3734288311722396,0.3257978330352596,0.358313083083544,0.4017301714270254,0.3633630154411376,0.3694638315499371,0.4124901128526138,0.4106609411317755,0.2304075577269303,0.3815784169008041,0.0,0.4394652320578152,0.0,0.4776663452664111,0.0,0.3488379804016986,0.0,0.0,0.0,0.0,0.4698872177334278,0.0,0.4022879540326772,0.4397088077036779,0.422421008795859,0.3625173283190802,0.4723697632933491,0.0,0.3803219766492497,0.0,0.4179407684995792,0.3976612301658639,0.0,0.0,0.0,0.0,0.4543207888726783,0.5027848305873496,0.364819469470114,0.0,0.429668052571431,0.0,0.0,0.0,0.4390256213688638,0.414207257996617,0.4124189169782581,0.0,0.4645237027725871
0.0,0.295385425142638,0.2884365788033867,0.3308171953794497,0.3017472913115936,0.2923912922635399,0.3579128515465614,0.4279205059094597,0.0,0.3249672145171208,0.2846026410615236,0.302994057536211,0.3469797097033434,0.3406548299702753,0.0,0.3397642259790224,0.0,0.0,0.2772195522355181,0.3566850601579149,0.0,0.3362309696182036,0.3280159333285036,0.0,0.0,0.0,0.2999594105605406,0.3891827454065579,0.3266976080243509,0.3671049953034616,0.4056767419175863,0.3732250562236525,0.2826318184501551,0.3940119815859945,0.3618407385661603,0.3062204244741713,0.3550493751464848,0.292031876782246,0.422673320143251,0.0,0.0,0.0,0.4325645282898353,0.0,0.0,0.0,0.0,0.4900172948972885,0.0,0.0,0.4729269664451104,0.0,0.4890096471673565,0.4505169679407107,0.0,0.3287473535485471,0.0,0.0,0.4451718039396486,0.0,0.0,0.0,0.0,0.4843063804622783,0.0,0.0,0.0,0.4852101443027173,0.0,0.0,0.0,0.4808279420029885,0.0,0.0,0.0,0.0
0.2849657053520721,0.0,0.3533599654634803,0.0,0.3036489893592765,0.363009308580106,0.2749777319345702,0.3566603959121412,0.3249672145171208,0.0,0.322877166551815,0.2659227225026691,0.3515035980632821,0.0,0.0,0.2896728467176689,0.2807473946121739,0.2807419640053101,0.3481730123121502,0.0,0.0,0.3004872545887245,0.3499899505688563,0.2651497434402345,0.2966023160076245,0.2908166441809849,0.3637313838976078,0.3418902576759959,0.0,0.0,0.275546832645965,0.3373659629647091,0.2775695127646939,0.2688574186410806,0.3207740852718271,0.3429844086608801,0.0,0.2334510328498535,0.3608131236548501,0.3247365840894879,0.3145120240074157,0.0,0.0,0.0,0.3011075654865077,0.0,0.0,0.0,0.0,0.0,0.0,0.0,0.0,0.0,0.374880775540357,0.0,0.3881882974015431,0.0,0.0,0.0,0.0,0.3565820003096119,0.349344723054272,0.0,0.0,0.0,0.0,0.0,0.3372676070305712,0.375202438195711,0.3841287706598247,0.0,0.3690563457510581,0.0,0.0,0.3617392777798993
0.0,0.0,0.2173979049321703,0.2926130465048289,0.2706389631591795,0.3153943431184154,0.3609434802447098,0.3007797797283674,0.2846026410615236,0.322877166551815,0.0,0.3164799267778382,0.3651437207469482,0.2675252607848233,0.0,0.0,0.0,0.0,0.197499329302964,0.0,0.0,0.0,0.2817971533331734,0.0,0.0,0.0,0.2977930235339875,0.3675271943544984,0.0,0.0,0.3977036565569093,0.3596058091332026,0.0,0.3803162462763299,0.3776743870902363,0.2319897088142277,0.3433794211040692,0.3044370002692753,0.381444073129765,0.0,0.0,0.0,0.2936725027157905,0.0,0.0,0.0,0.0,0.414647935557369,0.0,0.3410276207135654,0.4022487789522304,0.3207985922879736,0.4006031603899902,0.4527951200393726,0.0,0.2328535914282058,0.0,0.324985202758037,0.3396871481162253,0.0,0.0,0.0,0.0,0.2606079505817099,0.0,0.0,0.0,0.4010493261412063,0.0,0.0,0.0,0.419772415447097,0.0,0.0,0.0,0.0
0.2956834811924658,0.0,0.0,0.0,0.3204932706983576,0.0,0.3172911157001736,0.0,0.302994057536211,0.2659227225026691,0.3164799267778382,0.0,0.2514153147037119,0.0,0.0,0.0,0.2935591175792916,0.272725882679399,0.0,0.0,0.0,0.0,0.0,0.2526099817530139,0.2914415621560107,0.2718012976024477,0.0,0.29500560300669,0.0,0.0,0.2711615574600581,0.2683716511490424,0.2459141054018125,0.2280620791198724,0.2697487613199826,0.2984929979471447,0.2730243678690512,0.1962532265636949,0.3587841079587177,0.3332939059248732,0.3197427062663067,0.0,0.0,0.0,0.3122025938561181,0.0,0.0,0.0,0.0,0.0,0.0,0.0,0.0,0.0,0.3792244503769242,0.0,0.2802485701704248,0.0,0.0,0.0,0.0,0.3241378557534934,0.3475128545359902,0.0,0.0,0.0,0.0,0.0,0.3547647973328421,0.3727396165656692,0.3794528378463536,0.0,0.0,0.0,0.0,0.363720284641738
0.0,0.3929233993701385,0.3643062455946544,0.2347756218773312,0.3299677811661954,0.3387615309998619,0.3115823901055508,0.3826583717367589,0.3469797097033434,0.3515035980632821,0.3651437207469482,0.2514153147037119,0.0,0.2804216794866334,0.4061830807157989,0.4274710459609452,0.3138201118259704,0.3685613358464398,0.378622149745693,0.3922478929587863,0.3610708456121432,0.4237146276153098,0.3692176027406497,0.232770125461428,0.3886393612895,0.3717869630142201,0.3733615478857051,0.2876687347001974,0.3430252766720011,0.3155570743766034,0.3598931377389475,0.3413143709190199,0.338863863230703,0.3566354427390462,0.3520445831121875,0.2625586809699284,0.2954491356195611,0.3240243151127163,0.4409512405877487,0.0,0.0,0.0,0.3667815462752096,0.0,0.0,0.0,0.0,0.3942301799387488,0.0,0.0,0.3517974814569451,0.0,0.4161727861804492,0.0,0.0,0.0,0.0,0.0,0.0,0.0,0.0,0.0,0.0,0.0,0.0,0.0,0.0,0.4478026295873034,0.0,0.0,0.0,0.4249355485119209,0.0,0.3738253164593833,0.0,0.0
0.0,0.0,0.3832687366280189,0.1987089651329723,0.2311309634546156,0.3654425733303281,0.2744771913596665,0.3057752884916978,0.3406548299702753,0.0,0.2675252607848233,0.0,0.2804216794866334,0.0,0.0,0.0,0.0,0.0,0.3361905315570513,0.0,0.3977302433869074,0.0,0.3435997742329013,0.0,0.0,0.0,0.3768969472174648,0.2101883913539874,0.0,0.0,0.3166046902097807,0.2380244041664024,0.0,0.0,0.0,0.166032056611456,0.1570046753132231,0.0,0.0,0.0,0.0,0.0,0.3148410777456478,0.0,0.0,0.0,0.0,0.3893449094254149,0.0,0.0,0.0,0.0,0.0,0.4190438255311273,0.0,0.3135197347082844,0.0,0.0,0.0,0.0,0.0,0.0,0.0,0.0,0.0,0.0,0.0,0.3938827552748854,0.0,0.0,0.0,0.0,0.0,0.0,0.0,0.0
0.3035901232640935,0.3611845534957145,0.0,0.0,0.0,0.3467140808160255,0.0,0.3894659459387949,0.0,0.0,0.0,0.0,0.4061830807157989,0.0,0.0,0.3769336087782064,0.0,0.3565236342087091,0.0,0.3034749926582774,0.3348913889000394,0.3198229598670782,0.2860833130403191,0.0,0.3404529334601953,0.3009684091299097,0.3636088799137561,0.3570959738100935,0.343594985182765,0.0,0.3667410968228271,0.3763330766900745,0.3056018712307888,0.3667937882812241,0.4215895081352287,0.4844029596980514,0.0,0.0,0.4377691932695481,0.4271199181456278,0.4111578812303568,0.4893652356354912,0.0,0.0,0.0,0.0,0.4102644285471404,0.0,0.0,0.0,0.3954957503841669,0.0,0.0,0.0,0.0,0.0,0.0,0.0,0.0,0.4075639553980392,0.3642534615052096,0.0,0.0,0.0,0.4392069824621609,0.4378807543139771,0.452637416200515,0.3731763015077419,0.0,0.0,0.4124125307586171,0.41443440724072,0.3863668377014136,0.4088648287895437,0.0,0.4205948748433812
0.3337101920371541,0.3626928264969025,0.0,0.0,0.0,0.394467971243964,0.4032170884905403,0.3671589362369263,0.3397642259790224,0.2896728467176689,0.0,0.0,0.4274710459609452,0.0,0.3769336087782064,0.0,0.3194071963999826,0.3359097809397156,0.0,0.3758269131964972,0.3715757373979486,0.346799623200206,0.3706449294318378,0.3024043825654991,0.3508353301407519,0.3507905825181139,0.3963608501765316,0.4029818166673457,0.3885051066333889,0.3740344031636857,0.329678257943532,0.396439603545637,0.3225213712461779,0.3285638727414104,0.4160300098114132,0.0,0.0,0.0,0.4113913250001327,0.3816731251851011,0.3920351236278074,0.4221374616327844,0.0,0.0,0.0,0.4048328762101854,0.4207445474541254,0.0,0.0,0.0,0.0,0.0,0.0,0.0,0.0,0.0,0.0,0.0,0.0,0.421613504468079,0.4064062614154027,0.0,0.3844843020232177,0.0,0.3874720386374518,0.4077655992333631,0.4215336681672049,0.0,0.0,0.3997655421782507,0.4144820623057778,0.0,0.0,0.0,0.0,0.3820357868659912
0.305106306986906,0.0,0.0,0.0,0.0,0.0,0.3172020271421463,0.0,0.0,0.2807473946121739,0.0,0.2935591175792916,0.3138201118259704,0.0,0.0,0.3194071963999826,0.0,0.2786206380023355,0.0,0.3217267876587977,0.0,0.3321748503627459,0.0,0.3096888617086895,0.3128724604063228,0.2831129207410699,0.0,0.3152609761945497,0.0,0.0,0.2977876739195944,0.3627002153688675,0.3017226120525399,0.2995668075650802,0.3446962581813428,0.0,0.0,0.2663218952246561,0.0,0.3670957626909512,0.3315010736333245,0.0,0.0,0.0,0.0,0.0,0.0,0.0,0.0,0.0,0.0,0.0,0.0,0.0,0.3931612301805896,0.0,0.3678427517073103,0.0,0.0,0.0,0.0,0.3618093176378599,0.3665845488306822,0.0,0.0,0.0,0.0,0.0,0.3491786038278086,0.4001764963119859,0.4005135825979014,0.0,0.0,0.0,0.0,0.0
0.3209381155769064,0.3430340752855196,0.0,0.0,0.0,0.3357875801843322,0.3703646174725926,0.3599324042247048,0.0,0.2807419640053101,0.0,0.272725882679399,0.3685613358464398,0.0,0.3565236342087091,0.3359097809397156,0.2786206380023355,0.0,0.0,0.3780142153662028,0.3447063443607306,0.3628946095405045,0.3259370433160399,0.3018126737525019,0.3190661660533194,0.3193753606449186,0.3546785809245852,0.3979859643542223,0.3748971751858838,0.0,0.300387993865651,0.3167564451544651,0.2942953257036577,0.3030197684185111,0.3173368297189959,0.0,0.0,0.0,0.3996452325511044,0.3765934746017091,0.3850364319466866,0.3862703988290492,0.0,0.0,0.0,0.3765057766198284,0.4003694317647675,0.0,0.0,0.0,0.0,0.0,0.0,0.0,0.3828049742856569,0.0,0.3830857727244137,0.0,0.0,0.0,0.3919737654435439,0.3898048097054448,0.3832181179998148,0.0,0.0,0.0,0.3819034875864948,0.0,0.3600449948348487,0.3929148580001653,0.3960880857905544,0.0,0.0,0.0,0.0,0.38153915815423
0.0,0.0,0.231155670421734,0.0,0.3030848508953909,0.3154405255162384,0.3720134696341238,0.4137345789515845,0.2772195522355181,0.3481730123121502,0.197499329302964,0.0,0.378622149745693,0.3361905315570513,0.0,0.0,0.0,0.0,0.0,0.0,0.0,0.0,0.2577632518496645,0.0,0.0,0.0,0.3122579153239743,0.3913440149075781,0.0,0.0,0.3869586375192785,0.367494946391861,0.0,0.3456868523520517,0.3835075453381503,0.3052323737988917,0.3396393025616954,0.0,0.4362255461179484,0.0,0.0,0.0,0.3922706398746232,0.0,0.0,0.0,0.0,0.5000050271909612,0.0,0.0,0.4571569734992186,0.0,0.4908080241679805,0.4913407954001874,0.0,0.2452670473913545,0.0,0.0,0.4283390806205646,0.0,0.0,0.0,0.0,0.4975589597771104,0.0,0.0,0.0,0.4849869239520608,0.0,0.0,0.0,0.4750904510755956,0.0,0.0,0.0,0.0
0.4249291366206268,0.3771067343083112,0.0,0.0,0.3908003079962234,0.3505518859663813,0.4001336209659936,0.3797900291891724,0.3566850601579149,0.0,0.0,0.0,0.3922478929587863,0.0,0.3034749926582774,0.3758269131964972,0.3217267876587977,0.3780142153662028,0.0,0.0,0.3613318918470127,0.3128985650555072,0.3100751301693089,0.0,0.3760695703049994,0.3656769842329728,0.3243136132285902,0.35402104344268,0.2901192160694463,0.3262433557950677,0.355769780410034,0.4150819327966695,0.3619577165814112,0.3933391076982702,0.4551710617663143,0.4838373843587746,0.4438260994219863,0.0,0.4249800781534449,0.3691133012335872,0.3425617971990052,0.4588715065888695,0.0,0.0,0.0,0.0,0.4101070388885227,0.0,0.0,0.0,0.3804828646021367,0.0,0.0,0.0,0.0,0.0,0.0,0.0,0.0,0.3728893584846436,0.0,0.0,0.0,0.0,0.415185832031188,0.3809467027021681,0.4252270763136417,0.3872218333442929,0.0,0.0,0.41567333853699,0.4330556249039368,0.4202846799399604,0.3692705602143,0.0,0.4123808679688484
0.341158437754002,0.353962275698333,0.0,0.0,0.0,0.2828453411397885,0.0,0.3174030460059128,0.0,0.0,0.0,0.0,0.3610708456121432,0.3977302433869074,0.3348913889000394,0.3715757373979486,0.0,0.3447063443607306,0.0,0.3613318918470127,0.0,0.3732196915754703,0.3203568353313901,0.4110032278823201,0.3385636709169797,0.340859427277818,0.3661858713502747,0.3510855680929977,0.3377043569864612,0.3291987284115711,0.3488840661750938,0.3741948135640083,0.2966073369381038,0.3529827150770098,0.4358421251906142,0.4815210554886392,0.0,0.0,0.4339946745080055,0.3624386206596681,0.4065453565247967,0.4860472317842906,0.0,0.0,0.0,0.3315444403121491,0.4248945553836128,0.0,0.0,0.0,0.3914316992840601,0.0,0.3644315217565036,0.0,0.0,0.0,0.0,0.0,0.0,0.3973142336333748,0.3825074493061,0.0,0.0,0.0,0.410669420376505,0.3842761555106403,0.4358127458525311,0.3879640985070273,0.0,0.3404950458948217,0.4348894480391438,0.4123791612295467,0.4156941865140622,0.4214674745951389,0.0,0.4010596517648813
0.3610921685401989,0.344813780971832,0.0,0.0,0.3990700607772114,0.3760302019241759,0.4220812219800817,0.3713932412817452,0.3362309696182036,0.3004872545887245,0.0,0.0,0.4237146276153098,0.0,0.3198229598670782,0.346799623200206,0.3321748503627459,0.3628946095405045,0.0,0.3128985650555072,0.3732196915754703,0.0,0.3277417608132534,0.0,0.365166007975992,0.3464908604346421,0.3754079462756028,0.4038671680036366,0.3562432512999255,0.3882542680948868,0.3396444815336342,0.3924906515867644,0.3564093515471325,0.362754079311628,0.4285216579432699,0.4801104865186042,0.4353841014355959,0.0,0.4362219032930461,0.4084246003862209,0.4236212825473623,0.4662504564483697,0.0,0.0,0.0,0.4162253133091082,0.4329731469139558,0.0,0.0,0.0,0.3525799484047013,0.0,0.0,0.0,0.0,0.0,0.0,0.0,0.0,0.4395387020438926,0.4006327480448142,0.0,0.3200928332747683,0.0,0.4365644791232108,0.4355976272693041,0.4383860835583648,0.4129573479445607,0.0,0.361705982323701,0.4471952428229431,0.4129331932178999,0.0,0.4028780373196094,0.0,0.3851484638215018
0.3851447565383524,0.3568322695456792,0.2539477710051177,0.0,0.3278801935007756,0.3091208290185623,0.3630130774219852,0.3025612170042159,0.3280159333285036,0.3499899505688563,0.2817971533331734,0.0,0.3692176027406497,0.3435997742329013,0.2860833130403191,0.3706449294318378,0.0,0.3259370433160399,0.2577632518496645,0.3100751301693089,0.3203568353313901,0.3277417608132534,0.0,0.3756503133740214,0.3364806230450932,0.3702746529143055,0.2595669295090454,0.3607138948209926,0.326064327880376,0.3529403863269315,0.3738638640961506,0.36427847846141,0.3109890082334073,0.382337990668778,0.3989756756658871,0.3818118018592367,0.3743249137979166,0.0,0.443085493619814,0.4165590106692435,0.4719218793901477,0.4548990699210867,0.4366571274441044,0.0,0.0,0.0,0.33832861103793,0.4907751451052209,0.0,0.4030249956623425,0.4578132933492256,0.4560105086246898,0.4347009774372756,0.4883353533688581,0.0,0.435935177454455,0.0,0.4475045246493949,0.4282517474391294,0.3976894520983223,0.0,0.0,0.0,0.4852514946566317,0.414403942401465,0.3932186664554823,0.3804051681811388,0.4554371146279271,0.0,0.0,0.3608638163545269,0.4469632751979346,0.4444885574920634,0.4275637798225343,0.4414390871394055,0.4585133701821299
0.3037064227564969,0.0,0.0,0.0,0.0,0.0,0.3644618827347007,0.4279002285574716,0.0,0.2651497434402345,0.0,0.2526099817530139,0.232770125461428,0.0,0.0,0.3024043825654991,0.3096888617086895,0.3018126737525019,0.0,0.0,0.4110032278823201,0.0,0.3756503133740214,0.0,0.3044076484862131,0.2921989278658061,0.2604499857820502,0.3300878044101045,0.0,0.0,0.2929872735907922,0.3264519972377884,0.2066832607905425,0.2317052420649544,0.3025492924502539,0.29749421066844,0.0,0.2104124410742474,0.3853644532185604,0.3244081173684134,0.3210471427073785,0.0,0.0,0.0,0.2855655140552534,0.3459318972974012,0.0,0.0,0.0,0.0,0.0,0.0,0.0,0.0,0.3621436770446836,0.0,0.3561269019396807,0.0,0.0,0.0,0.3743926977447941,0.3757384121138043,0.3645150102393829,0.0,0.0,0.0,0.0,0.0,0.3677508328883895,0.3827689554837228,0.3839427369559817,0.0,0.0,0.0,0.0,0.3685855481881387
0.3205553285063818,0.3434611556208292,0.0,0.0,0.3395924089772862,0.3652247621139298,0.3597902653111327,0.3890933310816573,0.0,0.2966023160076245,0.0,0.2914415621560107,0.3886393612895,0.0,0.3404529334601953,0.3508353301407519,0.3128724604063228,0.3190661660533194,0.0,0.3760695703049994,0.3385636709169797,0.365166007975992,0.3364806230450932,0.3044076484862131,0.0,0.3246948000851681,0.3686364270780789,0.3904658854053153,0.3640612334552552,0.0,0.3056375380233428,0.3461458466261722,0.2770968726078368,0.2991824872077683,0.3285729825455515,0.0,0.0,0.2757757816744062,0.4020025267279384,0.3762619394330456,0.3852623116514576,0.4042859930880205,0.0,0.0,0.0,0.382152730433349,0.4122922973283036,0.0,0.0,0.0,0.0,0.0,0.0,0.0,0.3928765318438008,0.0,0.3951182437246311,0.0,0.0,0.0,0.4020762885233859,0.3899911160416038,0.3871208640456681,0.0,0.3526930868105368,0.3931499332497709,0.3523513330032558,0.0,0.3982069104388415,0.4012374142285927,0.4009335379333129,0.0,0.0,0.0,0.0,0.3838830073266968
0.3017639606992907,0.3402618250475617,0.0,0.0,0.0,0.3682344910384382,0.3323313715757107,0.4026529362720044,0.0,0.2908166441809849,0.0,0.2718012976024477,0.3717869630142201,0.0,0.3009684091299097,0.3507905825181139,0.2831129207410699,0.3193753606449186,0.0,0.3656769842329728,0.340859427277818,0.3464908604346421,0.3702746529143055,0.2921989278658061,0.3246948000851681,0.0,0.3848476856276202,0.3221703838205709,0.360227402369616,0.0,0.3171180926057863,0.3621394861173458,0.2885920795196641,0.3114396798140199,0.3640979485728604,0.0,0.0,0.2637481565950745,0.4012637520407965,0.3753422973800462,0.3790935098408378,0.4182016322502314,0.0,0.0,0.0,0.375219905389631,0.4259223210051168,0.0,0.0,0.0,0.0,0.0,0.0,0.0,0.3760201877652937,0.0,0.3775132851146921,0.0,0.0,0.4481563868017901,0.4001006792913625,0.3949258805791799,0.385138078666905,0.0,0.4165065341015534,0.4391479623535686,0.4355211179632938,0.3736359425181774,0.3895487409898047,0.3976769134947432,0.4087632552104082,0.3919059116448634,0.0,0.3282905202509247,0.0,0.3822717624604462
0.3421660226150497,0.3791876098788335,0.2397667063953778,0.3739172042263955,0.316760865804319,0.295666685457467,0.3654909862221738,0.356382019068892,0.2999594105605406,0.3637313838976078,0.2977930235339875,0.0,0.3733615478857051,0.3768969472174648,0.3636088799137561,0.3963608501765316,0.0,0.3546785809245852,0.3122579153239743,0.3243136132285902,0.3661858713502747,0.3754079462756028,0.2595669295090454,0.2604499857820502,0.3686364270780789,0.3848476856276202,0.0,0.3611370790379686,0.3196953348170375,0.35186886556535,0.3810969401052808,0.3931992111839179,0.3469872670097781,0.4012758245495676,0.4345770296772602,0.4511222683320324,0.3934059849922022,0.0,0.4395527803918876,0.0,0.4533234958435564,0.4502332082317126,0.4333757622339437,0.0,0.0,0.0,0.3344017505795447,0.468687650616966,0.0,0.0,0.4482636821675778,0.4188737274596659,0.4283754631372159,0.4720095095423662,0.0,0.4364158258068353,0.0,0.3666287760491198,0.4732731343059113,0.4013410226710907,0.0,0.0,0.0,0.4274364328959379,0.405787911375962,0.4147943733280854,0.3388374379715664,0.4397302499192652,0.0,0.0,0.4059413097750872,0.43670828645652,0.3984547632039329,0.4094849495125779,0.4150929920709094,0.4495373634150904
0.0,0.3879044270580518,0.362544236341451,0.2090583588686889,0.3068727993083053,0.313245575247156,0.3223530877439584,0.3734288311722396,0.3891827454065579,0.3418902576759959,0.3675271943544984,0.29500560300669,0.2876687347001974,0.2101883913539874,0.3570959738100935,0.4029818166673457,0.3152609761945497,0.3979859643542223,0.3913440149075781,0.35402104344268,0.3510855680929977,0.4038671680036366,0.3607138948209926,0.3300878044101045,0.3904658854053153,0.3221703838205709,0.3611370790379686,0.0,0.268451496956543,0.2758253104409458,0.3258986038862568,0.3435907050597327,0.2904352635702,0.3414322233884759,0.318239454728992,0.2059676536960565,0.2492683417885996,0.2927633894393996,0.4198564381563358,0.0,0.4438373821049022,0.0,0.0,0.0,0.0,0.0,0.0,0.0,0.0,0.0,0.4105448599980678,0.0,0.376020668854984,0.0,0.0,0.0,0.0,0.0,0.0,0.3708324667452635,0.0,0.0,0.0,0.0,0.4186499763752358,0.0,0.0,0.4420029244126019,0.0,0.0,0.0,0.4369627455667975,0.3945000244625907,0.407424321974198,0.0,0.4055647374025465
0.0,0.3763032450491774,0.0,0.0,0.3587226344257637,0.2938514701043498,0.3732044984595536,0.3257978330352596,0.3266976080243509,0.0,0.0,0.0,0.3430252766720011,0.0,0.343594985182765,0.3885051066333889,0.0,0.3748971751858838,0.0,0.2901192160694463,0.3377043569864612,0.3562432512999255,0.326064327880376,0.0,0.3640612334552552,0.360227402369616,0.3196953348170375,0.268451496956543,0.0,0.3055955579422291,0.3314648508410182,0.387425272021219,0.3105691620781737,0.3774880014114003,0.4223586370853852,0.4451358471570771,0.3908209310629069,0.0,0.4203532958859584,0.0,0.3981573958376672,0.4114255663021113,0.0,0.0,0.0,0.0,0.3760412602271866,0.0,0.0,0.0,0.3737558577864439,0.0,0.3868414033061638,0.0,0.0,0.0,0.0,0.3541635118007447,0.0,0.3759877426550727,0.0,0.0,0.0,0.0,0.38590197169347,0.3944199363871712,0.3708514459143662,0.4163631073590458,0.0,0.0,0.4003046544316383,0.4178570973626996,0.3868967016765771,0.4047952455524578,0.0,0.4003938504200209
0.0,0.0,0.3378671111896659,0.0,0.0,0.341837042305734,0.0,0.358313083083544,0.3671049953034616,0.0,0.0,0.0,0.3155570743766034,0.0,0.0,0.3740344031636857,0.0,0.0,0.0,0.3262433557950677,0.3291987284115711,0.3882542680948868,0.3529403863269315,0.0,0.0,0.0,0.35186886556535,0.2758253104409458,0.3055955579422291,0.0,0.284221064709184,0.3757410150587859,0.0,0.348053759688651,0.3485657740973693,0.0,0.0,0.0,0.4380613521231033,0.0,0.0,0.0,0.0,0.0,0.0,0.0,0.0,0.0,0.0,0.0,0.0,0.0,0.0,0.0,0.0,0.0,0.0,0.0,0.0,0.0,0.0,0.0,0.0,0.0,0.0,0.0,0.0,0.446423507482104,0.0,0.0,0.0,0.4237053367142992,0.0,0.0,0.0,0.0
0.3073691112179671,0.3030320037900064,0.3715279873240786,0.0,0.3863375603636481,0.3705103053699912,0.3837061480410318,0.4017301714270254,0.4056767419175863,0.275546832645965,0.3977036565569093,0.2711615574600581,0.3598931377389475,0.3166046902097807,0.3667410968228271,0.329678257943532,0.2977876739195944,0.300387993865651,0.3869586375192785,0.355769780410034,0.3488840661750938,0.3396444815336342,0.3738638640961506,0.2929872735907922,0.3056375380233428,0.3171180926057863,0.3810969401052808,0.3258986038862568,0.3314648508410182,0.284221064709184,0.0,0.3639874861301421,0.2720677750539755,0.251305528063004,0.31347520564022,0.4404027960050955,0.3849869008670124,0.257807071077942,0.4065076306956721,0.3641355304606518,0.3453427486980641,0.0,0.0,0.0,0.0,0.3385477402224248,0.4038241203612016,0.0,0.0,0.0,0.3651250562160673,0.0,0.451246087397651,0.0,0.3007464668985551,0.0,0.3643571928942477,0.0,0.0,0.4386308656368793,0.3938652625141754,0.0,0.3685064215142195,0.0,0.4259389658877233,0.4065005092096615,0.4078185324791298,0.4598296488520357,0.3495116306030381,0.3864162900047919,0.4037838954001703,0.4504319180529726,0.3894024768542817,0.37763990321419,0.0,0.3293406294586999
0.3593994788281587,0.3625403455838215,0.3419404524418279,0.300735508380664,0.3497768252168446,0.3594560863839229,0.3305075682803776,0.3633630154411376,0.3732250562236525,0.3373659629647091,0.3596058091332026,0.2683716511490424,0.3413143709190199,0.2380244041664024,0.3763330766900745,0.396439603545637,0.3627002153688675,0.3167564451544651,0.367494946391861,0.4150819327966695,0.3741948135640083,0.3924906515867644,0.36427847846141,0.3264519972377884,0.3461458466261722,0.3621394861173458,0.3931992111839179,0.3435907050597327,0.387425272021219,0.3757410150587859,0.3639874861301421,0.0,0.3093138595336345,0.3014013831873213,0.3275405186925444,0.2474412179457224,0.2996580397474592,0.2249536819522752,0.3046789528970801,0.3708990683951068,0.3845598572604686,0.3461752826360658,0.4368095909367491,0.4400106237016115,0.0,0.3714424082363611,0.4178536960871073,0.4044970405582375,0.0,0.0,0.4463077607172327,0.0,0.4481310588559491,0.3841506850062904,0.3796748451734982,0.3356554371596848,0.2484743683630164,0.4315332709235028,0.0,0.430929329590158,0.3696221449999998,0.0,0.3902345923082447,0.0,0.4345417075252143,0.4345709416120074,0.4342350445883927,0.4509752370534799,0.0,0.3805741835908236,0.4234466378011477,0.4487424043912545,0.4048003818397619,0.4362211494226879,0.0,0.4258040132332726
0.2721517499385066,0.288568171880268,0.0,0.0,0.0,0.2644662705289482,0.0,0.3694638315499371,0.2826318184501551,0.2775695127646939,0.0,0.2459141054018125,0.338863863230703,0.0,0.3056018712307888,0.3225213712461779,0.3017226120525399,0.2942953257036577,0.0,0.3619577165814112,0.2966073369381038,0.3564093515471325,0.3109890082334073,0.2066832607905425,0.2770968726078368,0.2885920795196641,0.3469872670097781,0.2904352635702,0.3105691620781737,0.0,0.2720677750539755,0.3093138595336345,0.0,0.2249715155062955,0.3866185452428162,0.0,0.2946994976165504,0.1790054406263112,0.3736147934460476,0.3142050314569716,0.2994199389377141,0.4004555547610632,0.0,0.0,0.2468631656408515,0.3529265194793469,0.4032665557235043,0.0,0.0,0.0,0.0,0.0,0.0,0.0,0.3111281798341079,0.0,0.3209519146762867,0.0,0.0,0.4433987426142553,0.3857532514130688,0.3579131761102188,0.3432004817286371,0.0,0.4212676845150173,0.4327608909704986,0.424324757492798,0.4033494623419806,0.3055378409582752,0.3730929688688855,0.3873552024972035,0.4380851733200752,0.0,0.363586826224218,0.0,0.3427475933432407
0.2689632687858835,0.3040505419362395,0.3665383798541234,0.2416969642415908,0.3758369384327159,0.3802292720731244,0.3449310311433674,0.4124901128526138,0.3940119815859945,0.2688574186410806,0.3803162462763299,0.2280620791198724,0.3566354427390462,0.0,0.3667937882812241,0.3285638727414104,0.2995668075650802,0.3030197684185111,0.3456868523520517,0.3933391076982702,0.3529827150770098,0.362754079311628,0.382337990668778,0.2317052420649544,0.2991824872077683,0.3114396798140199,0.4012758245495676,0.3414322233884759,0.3774880014114003,0.348053759688651,0.251305528063004,0.3014013831873213,0.2249715155062955,0.0,0.1910320067889197,0.4173859631080478,0.2769483915453113,0.1987263840270766,0.3549979589877459,0.3466950626549768,0.35015703288003,0.3620000594019003,0.0,0.0,0.2233119019188484,0.333790010400702,0.3989340027033146,0.0,0.0,0.0,0.4005451037872202,0.0,0.4642999435002635,0.0,0.3397819876324315,0.0,0.3353000908165505,0.0,0.0,0.436499592228413,0.3826181189861351,0.0,0.3551290482789648,0.0,0.4429069635597348,0.4099270111528781,0.4216136377454385,0.4680007594547914,0.3139331206300954,0.3786800355136279,0.3955838140071443,0.4634736214642541,0.4200816529764168,0.4086755046803413,0.0,0.3336768508778444
0.3388212277683229,0.3286002773258271,0.3909107705709726,0.2514140815238385,0.3756447569869838,0.4024824445519256,0.3478010601664382,0.4106609411317755,0.3618407385661603,0.3207740852718271,0.3776743870902363,0.2697487613199826,0.3520445831121875,0.0,0.4215895081352287,0.4160300098114132,0.3446962581813428,0.3173368297189959,0.3835075453381503,0.4551710617663143,0.4358421251906142,0.4285216579432699,0.3989756756658871,0.3025492924502539,0.3285729825455515,0.3640979485728604,0.4345770296772602,0.318239454728992,0.4223586370853852,0.3485657740973693,0.31347520564022,0.3275405186925444,0.3866185452428162,0.1910320067889197,0.0,0.4262880535933429,0.3233117441796382,0.2549991859831702,0.3140710693495218,0.3627746838319456,0.3571130368468887,0.3500449319649513,0.0,0.0,0.0,0.0,0.4366136459932389,0.0,0.0,0.0,0.0,0.0,0.0,0.0,0.0,0.0,0.2794892038034605,0.0,0.0,0.4674615466582162,0.4016237434688167,0.0,0.3750631120930477,0.0,0.458076236359603,0.4688145478525991,0.4609903896709494,0.4618880695624613,0.0,0.3855434897880892,0.4331300705091119,0.4629587742803804,0.0,0.3995615524961237,0.0,0.0
0.0,0.0,0.3387021565827335,0.1624609183920526,0.1704965723635367,0.3952093003108148,0.2157268558331422,0.2304075577269303,0.3062204244741713,0.3429844086608801,0.2319897088142277,0.2984929979471447,0.2625586809699284,0.166032056611456,0.4844029596980514,0.0,0.0,0.0,0.3052323737988917,0.4838373843587746,0.4815210554886392,0.4801104865186042,0.3818118018592367,0.29749421066844,0.0,0.0,0.4511222683320324,0.2059676536960565,0.4451358471570771,0.0,0.4404027960050955,0.2474412179457224,0.0,0.4173859631080478,0.4262880535933429,0.0,0.2209526891422003,0.3135331993162509,0.0,0.0,0.0,0.0,0.2901512974753925,0.0,0.0,0.0,0.0,0.4017567924277908,0.0,0.0,0.3199157375403031,0.2963816227315591,0.3033830022553059,0.0,0.0,0.2728648975187401,0.2721199477521198,0.3586878536014501,0.2811214135838216,0.0,0.0,0.0,0.0,0.3126040955845218,0.0,0.0,0.0,0.4028085121182125,0.0,0.0,0.0,0.3805433572187869,0.3217525429140024,0.4121568112077623,0.0,0.0
0.0,0.0,0.3383946801242178,0.169527495590862,0.1807033798834574,0.3865978632641638,0.2312248802959886,0.3815784169008041,0.3550493751464848,0.0,0.3433794211040692,0.2730243678690512,0.2954491356195611,0.1570046753132231,0.0,0.0,0.0,0.0,0.3396393025616954,0.4438260994219863,0.0,0.4353841014355959,0.3743249137979166,0.0,0.0,0.0,0.3934059849922022,0.2492683417885996,0.3908209310629069,0.0,0.3849869008670124,0.2996580397474592,0.2946994976165504,0.2769483915453113,0.3233117441796382,0.2209526891422003,0.0,0.3084195695065624,0.2971501084187456,0.0,0.0,0.3220209226581104,0.0,0.0,0.0,0.0,0.0,0.0,0.0,0.0,0.0,0.0,0.0,0.0,0.0,0.0,0.0,0.0,0.0,0.0,0.0,0.0,0.0,0.0,0.0,0.0,0.0,0.0,0.0,0.0,0.0,0.0,0.0,0.0,0.0,0.0
0.0,0.0,0.0,0.0,0.3337375735028092,0.0,0.3542600489600042,0.0,0.292031876782246,0.2334510328498535,0.3044370002692753,0.1962532265636949,0.3240243151127163,0.0,0.0,0.0,0.2663218952246561,0.0,0.0,0.0,0.0,0.0,0.0,0.2104124410742474,0.2757757816744062,0.2637481565950745,0.0,0.2927633894393996,0.0,0.0,0.257807071077942,0.2249536819522752,0.1790054406263112,0.1987263840270766,0.2549991859831702,0.3135331993162509,0.3084195695065624,0.0,0.0,0.2760446550200225,0.2779481891762411,0.0,0.0,0.0,0.0,0.0,0.0,0.0,0.0,0.0,0.0,0.0,0.0,0.0,0.2974801094132902,0.0,0.0,0.0,0.0,0.0,0.0,0.0,0.0,0.0,0.0,0.0,0.0,0.0,0.0,0.0,0.0,0.0,0.0,0.0,0.0,0.0
0.3990947937664431,0.4076132115238378,0.4229675792235087,0.0,0.0,0.4438033661911502,0.0,0.4394652320578152,0.422673320143251,0.3608131236548501,0.381444073129765,0.3587841079587177,0.4409512405877487,0.0,0.4377691932695481,0.4113913250001327,0.0,0.3996452325511044,0.4362255461179484,0.4249800781534449,0.4339946745080055,0.4362219032930461,0.443085493619814,0.3853644532185604,0.4020025267279384,0.4012637520407965,0.4395527803918876,0.4198564381563358,0.4203532958859584,0.4380613521231033,0.4065076306956721,0.3046789528970801,0.3736147934460476,0.3549979589877459,0.3140710693495218,0.0,0.2971501084187456,0.0,0.0,0.2911056539021802,0.3189990391656176,0.3280063154564037,0.2262553137710028,0.3044675470444218,0.2414770272030803,0.3466599134174238,0.350049630532091,0.3856453503507323,0.2747435199071378,0.329085596744032,0.3797858774326341,0.3211232783276795,0.3619279796760622,0.3865708280319484,0.2568887427193994,0.3452844356641154,0.2418166275778529,0.3437235219900901,0.2483424478459578,0.3700088858843992,0.3657492265369787,0.3528915177587637,0.3469263593759388,0.3816397483128774,0.4033691454645183,0.3681950731787173,0.3740868591817168,0.3516455022288067,0.2748107637309894,0.3378613182086399,0.3424538240526261,0.3801082717982172,0.3239076582411304,0.4002924512014788,0.3852388509331097,0.3629857679349182
0.356152893535334,0.3810329339351004,0.0,0.0,0.0,0.0,0.0,0.0,0.0,0.3247365840894879,0.0,0.3332939059248732,0.0,0.0,0.4271199181456278,0.3816731251851011,0.3670957626909512,0.3765934746017091,0.0,0.3691133012335872,0.3624386206596681,0.4084246003862209,0.4165590106692435,0.3244081173684134,0.3762619394330456,0.3753422973800462,0.0,0.0,0.0,0.0,0.3641355304606518,0.3708990683951068,0.3142050314569716,0.3466950626549768,0.3627746838319456,0.0,0.0,0.2760446550200225,0.2911056539021802,0.0,0.2420696375192248,0.3278018617427457,0.3363479523089975,0.2862951048010301,0.214092062907523,0.2658739545316498,0.2715448760073283,0.0,0.0,0.3383896338544968,0.2978354485758135,0.3324265547089011,0.2673602001387392,0.3183238223195399,0.3114577759613713,0.3746418338854572,0.2405506936261064,0.2680928462752747,0.0,0.3123739363770494,0.3044993246577586,0.2928939999550164,0.2919918584655968,0.0,0.3520017088005335,0.2573096798640891,0.3066006269564296,0.3087159683591717,0.2142112334627534,0.2823752108698177,0.2852208493249834,0.316053132778923,0.3086955446993369,0.3301680512535171,0.0,0.2547538466968235
0.3610680083067044,0.3989650608579135,0.0,0.0,0.0,0.4612223934527556,0.0,0.4776663452664111,0.0,0.3145120240074157,0.0,0.3197427062663067,0.0,0.0,0.4111578812303568,0.3920351236278074,0.3315010736333245,0.3850364319466866,0.0,0.3425617971990052,0.4065453565247967,0.4236212825473623,0.4719218793901477,0.3210471427073785,0.3852623116514576,0.3790935098408378,0.4533234958435564,0.4438373821049022,0.3981573958376672,0.0,0.3453427486980641,0.3845598572604686,0.2994199389377141,0.35015703288003,0.3571130368468887,0.0,0.0,0.2779481891762411,0.3189990391656176,0.2420696375192248,0.0,0.3087616105883971,0.3546742149955534,0.2916043667386733,0.2109890978178632,0.3054720209086609,0.3085609299796499,0.4165735882935851,0.2683935921761459,0.3650589740818393,0.3989984528126776,0.3450305439103415,0.4184104740761962,0.4111133184512636,0.2776826197274102,0.3748811979004602,0.242380018497112,0.3538586863548813,0.3360974632762593,0.3695496104270717,0.3165848597449642,0.3009472174886383,0.3046505169772535,0.4028307108066265,0.373582062764538,0.2863805491646655,0.3356968674155595,0.3919011163899817,0.2317857324891736,0.298005168475397,0.3078765427608909,0.3933585230931213,0.3180086980739342,0.3667064029955179,0.3431782862278785,0.2477090591378891
0.0,0.4271274407582305,0.0,0.0,0.0,0.3985444240282617,0.0,0.0,0.0,0.0,0.0,0.0,0.0,0.0,0.4893652356354912,0.4221374616327844,0.0,0.3862703988290492,0.0,0.4588715065888695,0.4860472317842906,0.4662504564483697,0.4548990699210867,0.0,0.4042859930880205,0.4182016322502314,0.4502332082317126,0.0,0.4114255663021113,0.0,0.0,0.3461752826360658,0.4004555547610632,0.3620000594019003,0.3500449319649513,0.0,0.3220209226581104,0.0,0.3280063154564037,0.3278018617427457,0.3087616105883971,0.0,0.4325539482261443,0.3620821977795659,0.2818691113935601,0.3541722859895918,0.3775292853207124,0.3902179081559823,0.3127789380923016,0.3673588913893764,0.4229600656186784,0.3820884592968411,0.4131536864663264,0.4070790965072837,0.2815885754294974,0.3771735853326859,0.2933051744117633,0.3961219622410409,0.0,0.4263277002217024,0.378009847731973,0.3256192178367459,0.3300145059550305,0.3986684849195179,0.4573099627693458,0.4032472612705901,0.4137121251880449,0.4041728455776874,0.2860512899605822,0.3238615648066578,0.3505262574637669,0.4440350922491256,0.3534009942121518,0.4158480655839373,0.3848770241193849,0.2866148000575098
