0.0,0.223202477738251,0.0,0.0,0.0,0.2263265898408439,0.0,0.3225546573679324,0.0,0.2606440541046056,0.0,0.2567946561422377,0.0,0.0,0.2396261675934576,0.233333354032261,0.0,0.2251286459237062,0.0,0.2728833935010747,0.2665480602055438,0.2391921602216425,0.3050510187652934,0.2523649213141333,0.1949719791337926,0.2296766879499583,0.2715540150305636,0.2628927318018092,0.2744254286097012,0.0,0.2321581016817613,0.2671677219932912,0.2199264856388649,0.2182743423988813,0.2381928575469115,0.0,0.0,0.0,0.2840345930030594,0.2456431397025161,0.2577047611128878,0.0,0.0,0.0,0.0,0.247465853884503,0.298464654203856,0.0,0.0,0.0,0.0,0.0,0.0,0.0,0.0,0.0,0.0,0.0,0.0,0.0,0.2827200127040125,0.0,0.2669844368369773,0.0,0.0,0.2380042707397034,0.2991175883591217,0.0,0.2841385818710008,0.260165734407318,0.2657956198763664,0.0,0.0,0.0,0.0,0.0
0.223202477738251,0.0,0.0,0.0,0.2371460547760774,0.2380992039902287,0.2635039330672415,0.2730610481282118,0.1912476016521156,0.0,0.0,0.0,0.2796422473559283,0.0,0.2534559770693018,0.2348621698744911,0.0,0.2029317570896238,0.0,0.2879059556354222,0.265681410805394,0.2648654861924133,0.258668657826861,0.0,0.2065974977633078,0.2590306587699884,0.2594945181278549,0.27335117684981,0.2712062283024835,0.0,0.209625156716809,0.2564100001039041,0.2142047596656194,0.2142020333605322,0.2199761114060151,0.0,0.0,0.0,0.2849623727772328,0.271559956405788,0.283246683551844,0.2950565293725145,0.0,0.0,0.0,0.2599061337206363,0.2980995757110498,0.0,0.0,0.0,0.0,0.0,0.0,0.0,0.0,0.0,0.0,0.0,0.0,0.2964788747741751,0.271278696827342,0.0,0.2373773009936647,0.0,0.282833915147721,0.2800767107384146,0.303049125293593,0.2600118110763625,0.0,0.2426833562873188,0.2977879471310976,0.2785245988655222,0.0,0.2794672087123874,0.0,0.2686480192242854
0.0,0.0,0.0,0.0,0.2737332741900041,0.2445088627369953,0.3187919468756518,0.3053551843395892,0.2281982837407423,0.2909917904363868,0.2520807883143686,0.0,0.3276292010910837,0.2879600240558013,0.0,0.0,0.0,0.0,0.1979598563357237,0.0,0.0,0.0,0.2338529193675505,0.0,0.0,0.0,0.2522477703945023,0.3106321745985639,0.0,0.2663790553560876,0.3228618927944548,0.2869857174151929,0.0,0.3213205028001556,0.3212942949710734,0.2852368476493656,0.3047401792693022,0.0,0.3293843894118838,0.0,0.0,0.0,0.3379203053639806,0.0,0.0,0.0,0.0,0.2587626664984422,0.0,0.3250253588575917,0.3613210005944167,0.0,0.3492968885485469,0.3283037798997447,0.0,0.2865101853648038,0.0,0.0,0.0,0.0,0.0,0.0,0.0,0.2400770865120303,0.0,0.0,0.0,0.3746363264670173,0.0,0.0,0.0,0.3099182155365971,0.0,0.0,0.0,0.0
0.0,0.0,0.0,0.0,0.1736442812022713,0.2822983974193868,0.184049133295628,0.1584413118679193,0.2862369849234957,0.0,0.2502193522542054,0.0,0.2082761857021059,0.2347270751067244,0.0,0.0,0.0,0.0,0.2864276914655778,0.0,0.0,0.0,0.2682419824898233,0.0,0.0,0.0,0.2873119930010351,0.2146860605747519,0.0,0.0,0.0,0.2344077053937091,0.0,0.2630244984621695,0.2439426872480273,0.1591782095162226,0.1411142257642411,0.0,0.0,0.0,0.0,0.0,0.0,0.0,0.0,0.0,0.0,0.0,0.0,0.0,0.0,0.0,0.0,0.0,0.0,0.0,0.0,0.0,0.0,0.0,0.0,0.0,0.0,0.0,0.0,0.0,0.0,0.0,0.0,0.0,0.0,0.0,0.0,0.0,0.0,0.0
0.0,0.2371460547760774,0.2737332741900041,0.1736442812022713,0.0,0.2704670987026092,0.2371275326143228,0.2800342835564749,0.2442085937616537,0.2997599947275589,0.2388760741149828,0.2732106388030675,0.2983109362228217,0.2114449100045285,0.0,0.0,0.0,0.0,0.2574265764172654,0.2779478124011767,0.0,0.2932141224985891,0.2597601752311597,0.0,0.2109790601568,0.0,0.2795762689185492,0.2733415629193463,0.2667951938203836,0.0,0.318027251707086,0.2480746647884777,0.268453293218179,0.3021447610997058,0.2855627046416854,0.1748075099639572,0.2054829260482397,0.2514344281327605,0.0,0.0,0.0,0.0,0.2406825806689454,0.0,0.0,0.0,0.0,0.3321079954041089,0.0,0.0,0.0,0.0,0.0,0.0,0.0,0.2824740735141545,0.0,0.0,0.0,0.0,0.0,0.0,0.0,0.0,0.0,0.0,0.0,0.3329076098871349,0.0,0.0,0.0,0.354569350622307,0.0,0.0,0.0,0.0
0.2263265898408439,0.2380992039902287,0.2445088627369953,0.2822983974193868,0.2704670987026092,0.0,0.2766795111907606,0.2466688253904644,0.2303710254493551,0.2880792694141904,0.2713172864187248,0.0,0.261224996459412,0.2702933501938938,0.1939265652745606,0.2722546377269517,0.0,0.2026674291351411,0.2599746592050791,0.2742634884865056,0.2078020005445905,0.2739317446386628,0.2350459324808685,0.0,0.2090665659405349,0.2295163998007707,0.2499791633722122,0.2650301569289886,0.254580171892,0.2627660107795668,0.2749969256703842,0.267349470650202,0.2202169945398818,0.2818374554880511,0.2936705449742225,0.2744072409306644,0.2953950307815352,0.0,0.3218423765368051,0.0,0.3059883232040584,0.2728019782035051,0.3043149240117053,0.0,0.0,0.0,0.0,0.3477089433109528,0.0,0.0,0.321770860234628,0.3195498019114751,0.3153226364798204,0.3433042060668647,0.0,0.3443875341356032,0.0,0.3122844596386053,0.0,0.2521984619608303,0.0,0.0,0.0,0.3367730312257642,0.2794010503837911,0.2583003109587566,0.2310290627924697,0.3323890114770922,0.0,0.0,0.0,0.3323302723673826,0.3035529734886517,0.3056717234603201,0.0,0.324316626831776
0.0,0.2635039330672415,0.3187919468756518,0.184049133295628,0.2371275326143228,0.2766795111907606,0.0,0.2821185388637911,0.26159081925189,0.250447661743274,0.313852586591497,0.2500381243192329,0.2348679531152747,0.2420113478415156,0.0,0.2948819296525525,0.0,0.2499305968469286,0.3162710626660923,0.2970601503111184,0.0,0.3095566430447279,0.2689176733575428,0.0,0.2208749126815921,0.239296394231722,0.2855766772497733,0.2718633380717209,0.2886542700278623,0.0,0.2836062700235325,0.2812907045775857,0.2581305715928344,0.2797979282711667,0.2835365869504,0.2304637208543824,0.2173481628493634,0.2564458102172483,0.0,0.0,0.0,0.0,0.0,0.0,0.0,0.0,0.0,0.0,0.0,0.0,0.2752297996016744,0.0,0.0,0.0,0.0,0.0,0.0,0.0,0.0,0.0,0.0,0.0,0.0,0.0,0.0,0.0,0.0,0.3320956959375744,0.0,0.0,0.0,0.3130790989335387,0.0,0.0,0.0,0.0
0.3225546573679324,0.2730610481282118,0.3053551843395892,0.1584413118679193,0.2800342835564749,0.2466688253904644,0.2821185388637911,0.0,0.3124945018351175,0.2859911047654958,0.1981401608540363,0.0,0.2747610998361069,0.1891843456585422,0.0,0.2866103454403751,0.0,0.2797497930396587,0.2641326401660888,0.2376159177473105,0.2684295377694771,0.2774922267033416,0.2321023470547297,0.328019585752488,0.2910852836704044,0.3019778388666113,0.2833893624115957,0.2854653181332081,0.2623391695295212,0.2689967535635752,0.2942592000577992,0.2285991982720432,0.0,0.3001236577575116,0.3130126091581391,0.1963138441320437,0.2334848429257959,0.0,0.3097815767274627,0.0,0.3214226913802817,0.0,0.2948619021115733,0.0,0.0,0.0,0.0,0.3463794034448926,0.0,0.3248737932814244,0.2963321282264164,0.3063987889710438,0.2477329992886354,0.3369939599540141,0.0,0.3184075540803399,0.0,0.30203447063871,0.0,0.0,0.0,0.0,0.0,0.3326688002932235,0.3341609898390537,0.3297055131414922,0.0,0.3243472788567738,0.0,0.0,0.0,0.3392408090820642,0.2999938160422852,0.3009565925510181,0.0,0.3085971341189997
0.0,0.1912476016521156,0.2281982837407423,0.2862369849234957,0.2442085937616537,0.2303710254493551,0.26159081925189,0.3124945018351175,0.0,0.3322820975757258,0.2341377397773683,0.2842640741703147,0.2933292309606181,0.2738040541352141,0.0,0.2421962228125357,0.0,0.0,0.1975357881059867,0.2680244984196326,0.0,0.2669951420589228,0.2610219227683969,0.0,0.0,0.0,0.2643035993470513,0.3180524238479806,0.2818809320066285,0.2964033508013214,0.3266947871098625,0.3024431041105178,0.2757324466954415,0.3279454181490644,0.3505838460312349,0.283933773165098,0.3244737248065139,0.3053903504856495,0.2862360233083014,0.0,0.0,0.0,0.3334195027420579,0.0,0.0,0.0,0.0,0.3621751630962339,0.0,0.0,0.3501016359300011,0.0,0.3597677679888563,0.3218127216939217,0.0,0.3474944779171882,0.0,0.0,0.0,0.0,0.0,0.0,0.0,0.3453357299097369,0.0,0.0,0.0,0.3610631578685759,0.0,0.0,0.0,0.3638859160323804,0.0,0.0,0.0,0.0
0.2606440541046056,0.0,0.2909917904363868,0.0,0.2997599947275589,0.2880792694141904,0.250447661743274,0.2859911047654958,0.3322820975757258,0.0,0.3143815674273552,0.1904856613732805,0.2639450426793239,0.0,0.0,0.2330020088984395,0.2049825383638692,0.2190972721956217,0.3009197776319138,0.0,0.0,0.1860123338762674,0.2787871232975701,0.1862410384574462,0.2217000386181525,0.223161008798789,0.2807348585162152,0.2579907900629165,0.0,0.0,0.2221833490067584,0.2046246732941438,0.2046106041569105,0.2119659343508065,0.2101072621515692,0.2529626896724508,0.2011157608461383,0.1799224048583531,0.2474820230944807,0.233528212357156,0.2299281780082342,0.0,0.0,0.0,0.2301534344461245,0.0,0.0,0.0,0.0,0.0,0.0,0.0,0.0,0.0,0.2898893628412892,0.0,0.2834923885192064,0.0,0.0,0.0,0.0,0.2685682928388688,0.2525741346530379,0.0,0.0,0.0,0.0,0.0,0.2632327241753027,0.2918501338721825,0.3004490676366697,0.0,0.2558563410730373,0.0,0.0,0.256897675579729
0.0,0.0,0.2520807883143686,0.2502193522542054,0.2388760741149828,0.2713172864187248,0.313852586591497,0.1981401608540363,0.2341377397773683,0.3143815674273552,0.0,0.2790599060304893,0.3251017377519236,0.2157665348946491,0.0,0.0,0.0,0.0,0.1910725744655986,0.0,0.0,0.0,0.2415745027187351,0.0,0.0,0.0,0.2730353355641435,0.3142157527268983,0.0,0.0,0.3266227694171219,0.2579542615082362,0.2701498523895841,0.3214475523651171,0.3155288737346042,0.2283867929904359,0.2963012564344254,0.2860833046574013,0.2649763178440917,0.0,0.0,0.0,0.2810178426733395,0.0,0.0,0.0,0.0,0.3172987775057213,0.0,0.2634118239373527,0.3190809858251976,0.2752318265843391,0.2711869681283938,0.3267778515402777,0.0,0.1662696348619274,0.0,0.2696856957969841,0.2604162704208493,0.0,0.0,0.0,0.0,0.1638109149713755,0.0,0.0,0.0,0.3377515346962099,0.0,0.0,0.0,0.3504622479528064,0.0,0.0,0.0,0.0
0.2567946561422377,0.0,0.0,0.0,0.2732106388030675,0.0,0.2500381243192329,0.0,0.2842640741703147,0.1904856613732805,0.2790599060304893,0.0,0.2230081503750426,0.0,0.0,0.0,0.2214856976039318,0.2231248978289194,0.0,0.0,0.0,0.0,0.0,0.188279486273434,0.2340459247018168,0.2126875050573895,0.0,0.2376204458731974,0.0,0.0,0.2192169788831091,0.1857073593464798,0.2024537301058808,0.1652407606928539,0.2060480769003207,0.2287906261875811,0.194078789332633,0.1480380801031374,0.2551981328194286,0.2487252509783576,0.2283195741620469,0.0,0.0,0.0,0.2435190920640836,0.0,0.0,0.0,0.0,0.0,0.0,0.0,0.0,0.0,0.3074598356535875,0.0,0.3012352237915985,0.0,0.0,0.0,0.0,0.2857311395902726,0.2770190370554066,0.0,0.0,0.0,0.0,0.0,0.2865894933377083,0.3102473486815137,0.314844506474101,0.0,0.0,0.0,0.0,0.2731879974392579
0.0,0.2796422473559283,0.3276292010910837,0.2082761857021059,0.2983109362228217,0.261224996459412,0.2348679531152747,0.2747610998361069,0.2933292309606181,0.2639450426793239,0.3251017377519236,0.2230081503750426,0.0,0.2801161712349857,0.0,0.3072331175598034,0.2434939424469717,0.2539205297682059,0.3224463920412718,0.2907077658080669,0.2739629947073769,0.3094301436610167,0.2658850955257532,0.1932179599151713,0.2555647036438762,0.2684323629089872,0.2931711873588186,0.2470732681899443,0.2757456907736384,0.2803604365841024,0.2773459211926973,0.2855547237753535,0.2722938084475496,0.2789090760704348,0.2896926001491788,0.2672690615059051,0.2457201554754828,0.2503357312052384,0.2711653713730969,0.0,0.0,0.0,0.2771042740134506,0.0,0.0,0.0,0.0,0.2941130930388023,0.0,0.0,0.2736275121532806,0.0,0.3259595441142361,0.0,0.0,0.0,0.0,0.0,0.0,0.0,0.0,0.0,0.0,0.0,0.0,0.0,0.0,0.3359933636669235,0.0,0.0,0.0,0.3255645186759698,0.0,0.2739382248401145,0.0,0.0
0.0,0.0,0.2879600240558013,0.2347270751067244,0.2114449100045285,0.2702933501938938,0.2420113478415156,0.1891843456585422,0.2738040541352141,0.0,0.2157665348946491,0.0,0.2801161712349857,0.0,0.0,0.0,0.0,0.0,0.2677617707446364,0.0,0.0,0.0,0.2317894980233887,0.0,0.0,0.0,0.2882296033461382,0.2139180663870407,0.0,0.0,0.0,0.2038890413756149,0.0,0.0,0.0,0.1745663550310187,0.1526827785228024,0.0,0.0,0.0,0.0,0.0,0.0,0.0,0.0,0.0,0.0,0.0,0.0,0.0,0.0,0.0,0.0,0.0,0.0,0.2754790964487437,0.0,0.0,0.0,0.0,0.0,0.0,0.0,0.0,0.0,0.0,0.0,0.0,0.0,0.0,0.0,0.0,0.0,0.0,0.0,0.0
0.2396261675934576,0.2534559770693018,0.0,0.0,0.0,0.1939265652745606,0.0,0.0,0.0,0.0,0.0,0.0,0.0,0.0,0.0,0.2563604197722957,0.0,0.2399637021381826,0.0,0.2360979662989511,0.2333968611434466,0.2394850371960124,0.2533670078764902,0.2557414805362472,0.2315405345312253,0.2637004093539636,0.2339647992683584,0.0,0.2506087672939191,0.0,0.2560958872480794,0.2541875370747515,0.2071853096327292,0.2592357408642456,0.2813121933728849,0.3274703333019654,0.0,0.0,0.3009052474869547,0.2978082117972095,0.2871197770856035,0.3159272237446974,0.0,0.0,0.0,0.0,0.2994006295077857,0.0,0.0,0.0,0.2722246997655266,0.0,0.0,0.0,0.0,0.0,0.0,0.0,0.0,0.3049727595738803,0.2603519994720094,0.0,0.0,0.0,0.3016580735928076,0.2728207846774539,0.3166986051428828,0.3054332305549944,0.0,0.0,0.2911031923467615,0.3013257485198085,0.2834571924850038,0.2894358961161287,0.0,0.2685006380933971
0.233333354032261,0.2348621698744911,0.0,0.0,0.0,0.2722546377269517,0.2948819296525525,0.2866103454403751,0.2421962228125357,0.2330020088984395,0.0,0.0,0.3072331175598034,0.0,0.2563604197722957,0.0,0.2343300027052472,0.2262476067428127,0.0,0.28571089121902,0.2576404473658062,0.2719075560083251,0.2748363065878461,0.2265527983302061,0.2122412845347707,0.2366054556832068,0.2737541064349093,0.3082023165159224,0.3005557588911132,0.2867545386542203,0.2426320917042577,0.2835816742086105,0.2628664913203666,0.2582380534657207,0.2817052709521393,0.0,0.0,0.0,0.2825237039510956,0.2597481703549599,0.2680423836378168,0.2799480551008611,0.0,0.0,0.0,0.2745504389161013,0.2852947675968888,0.0,0.0,0.0,0.0,0.0,0.0,0.0,0.0,0.0,0.0,0.0,0.0,0.2923008214941645,0.2723864877231083,0.0,0.2665861706445698,0.0,0.2782541957592997,0.2591958515872281,0.2823207691133804,0.0,0.0,0.2620945752386687,0.2792488419853223,0.0,0.0,0.0,0.0,0.2579359165543853
0.0,0.0,0.0,0.0,0.0,0.0,0.0,0.0,0.0,0.2049825383638692,0.0,0.2214856976039318,0.2434939424469717,0.0,0.0,0.2343300027052472,0.0,0.196222208668236,0.0,0.2269672041714683,0.0,0.2369788179385337,0.0,0.2249087766047967,0.1850994376798758,0.217731671829977,0.0,0.2487729261911607,0.0,0.0,0.2287139220328891,0.2643227908902887,0.2255838331762117,0.2386583915117002,0.2517208637961338,0.0,0.0,0.2060023025957697,0.0,0.2440149907814564,0.2404882367941172,0.0,0.0,0.0,0.0,0.0,0.0,0.0,0.0,0.0,0.0,0.0,0.0,0.0,0.2753469873501676,0.0,0.2469040771044993,0.0,0.0,0.0,0.0,0.2610620856946675,0.2609907216382561,0.0,0.0,0.0,0.0,0.0,0.2691777752071865,0.2878379248492348,0.2982951856312409,0.0,0.0,0.0,0.0,0.0
0.2251286459237062,0.2029317570896238,0.0,0.0,0.0,0.2026674291351411,0.2499305968469286,0.2797497930396587,0.0,0.2190972721956217,0.0,0.2231248978289194,0.2539205297682059,0.0,0.2399637021381826,0.2262476067428127,0.196222208668236,0.0,0.0,0.2469567518098499,0.2480766596124765,0.2407662501950265,0.2598982989823042,0.2165716282248239,0.2118719129400684,0.2175262565249502,0.2170653915422332,0.2607199844613724,0.2681664994032564,0.0,0.2376641726614052,0.2589841045319122,0.2249162675274515,0.2475138695687387,0.2607437514580958,0.0,0.0,0.0,0.2749582308170086,0.2501223252672165,0.2609159526551026,0.2672922069217975,0.0,0.0,0.0,0.252823393079829,0.2622353243355177,0.0,0.0,0.0,0.0,0.0,0.0,0.0,0.2410856398879413,0.0,0.2421964850356404,0.0,0.0,0.0,0.2599944456456522,0.2593977811513135,0.2542475700042379,0.0,0.0,0.0,0.2476802953582963,0.0,0.2461649880481218,0.2575361749899363,0.2605026757165263,0.0,0.0,0.0,0.0,0.2574346119536731
0.0,0.0,0.1979598563357237,0.2864276914655778,0.2574265764172654,0.2599746592050791,0.3162710626660923,0.2641326401660888,0.1975357881059867,0.3009197776319138,0.1910725744655986,0.0,0.3224463920412718,0.2677617707446364,0.0,0.0,0.0,0.0,0.0,0.0,0.0,0.0,0.2331726430583802,0.0,0.0,0.0,0.2574424056214721,0.312344366896381,0.0,0.0,0.324615448119097,0.2804636304599706,0.0,0.3235865286218558,0.3209834463703266,0.2711797142119844,0.3021845069113316,0.0,0.3026419348744069,0.0,0.0,0.0,0.3026691418372936,0.0,0.0,0.0,0.0,0.3671490041255651,0.0,0.0,0.3363528729970585,0.0,0.3565202440471622,0.3409458607718927,0.0,0.1485912247733909,0.0,0.0,0.3290777038375129,0.0,0.0,0.0,0.0,0.3329382646430338,0.0,0.0,0.0,0.3504338355332275,0.0,0.0,0.0,0.3566678376366541,0.0,0.0,0.0,0.0
0.2728833935010747,0.2879059556354222,0.0,0.0,0.2779478124011767,0.2742634884865056,0.2970601503111184,0.2376159177473105,0.2680244984196326,0.0,0.0,0.0,0.2907077658080669,0.0,0.2360979662989511,0.28571089121902,0.2269672041714683,0.2469567518098499,0.0,0.0,0.2519772898500041,0.2582979839458145,0.2057178524838573,0.0,0.2366486945211404,0.2568367436450556,0.2421605475068417,0.2701216909468831,0.2292823090876899,0.2282623629321052,0.2439814191626552,0.2849181016093598,0.2586046914410947,0.2739967867659282,0.3077000838399074,0.3368876046778515,0.3082231829248169,0.0,0.3060483592201835,0.279889747028159,0.2669907372495306,0.3211475534358702,0.0,0.0,0.0,0.0,0.2731059275656382,0.0,0.0,0.0,0.26608562673912,0.0,0.3062545507405522,0.0,0.0,0.0,0.0,0.0,0.0,0.2959385069433479,0.0,0.0,0.0,0.0,0.2997284640200088,0.253317039400965,0.3114983523768408,0.2890086114802811,0.0,0.0,0.2884109269212416,0.3003394419403758,0.2824465863863967,0.2502775574721196,0.0,0.2872776933561543
0.2665480602055438,0.265681410805394,0.0,0.0,0.0,0.2078020005445905,0.0,0.2684295377694771,0.0,0.0,0.0,0.0,0.2739629947073769,0.0,0.2333968611434466,0.2576404473658062,0.0,0.2480766596124765,0.0,0.2519772898500041,0.0,0.2558506655162995,0.2567388992508729,0.3199474403800192,0.2356540629804053,0.2678620600079721,0.2528055029456107,0.2838943367512457,0.2498807993010992,0.2606167010178229,0.2456795578860608,0.263303737893324,0.222171449858968,0.2527110504845406,0.2805245464143268,0.3072135755840455,0.0,0.0,0.3026476484901271,0.2755142707254187,0.2966479632703935,0.3277675909265646,0.0,0.0,0.0,0.2664397283325039,0.3068740996657126,0.0,0.0,0.0,0.2856252268843428,0.0,0.3076522002173581,0.0,0.0,0.0,0.0,0.0,0.0,0.2968532498951943,0.2722204519243612,0.0,0.0,0.0,0.2986143021917506,0.2465003468551281,0.3123447600110101,0.3245560796033348,0.0,0.2428016378710744,0.3052023825725618,0.3148449452280433,0.3080146092600312,0.3002918435073149,0.0,0.2888788376885178
0.2391921602216425,0.2648654861924133,0.0,0.0,0.2932141224985891,0.2739317446386628,0.3095566430447279,0.2774922267033416,0.2669951420589228,0.1860123338762674,0.0,0.0,0.3094301436610167,0.0,0.2394850371960124,0.2719075560083251,0.2369788179385337,0.2407662501950265,0.0,0.2582979839458145,0.2558506655162995,0.0,0.2723770205107683,0.0,0.2211644677526208,0.2686365336233535,0.2747782904711292,0.3037094040445646,0.2799217574297016,0.2733762547226842,0.2504987219356083,0.2752216793225734,0.2475883978511592,0.2680456656304306,0.2924956770421417,0.3206055539701276,0.294400398697573,0.0,0.3006868683292263,0.29533947291209,0.3029451225412614,0.3161255965359963,0.0,0.0,0.0,0.271327195441584,0.3039208360812841,0.0,0.0,0.0,0.2414465508551629,0.0,0.0,0.0,0.0,0.0,0.0,0.0,0.0,0.3047804182220375,0.2723331607663851,0.0,0.2194537663158865,0.0,0.2969283995387363,0.2847657798208584,0.314039476901618,0.3082858334679558,0.0,0.2405195904575394,0.316368163956167,0.2940104535357861,0.0,0.282936313791122,0.0,0.2716664492263102
0.3050510187652934,0.258668657826861,0.2338529193675505,0.2682419824898233,0.2597601752311597,0.2350459324808685,0.2689176733575428,0.2321023470547297,0.2610219227683969,0.2787871232975701,0.2415745027187351,0.0,0.2658850955257532,0.2317894980233887,0.2533670078764902,0.2748363065878461,0.0,0.2598982989823042,0.2331726430583802,0.2057178524838573,0.2567388992508729,0.2723770205107683,0.0,0.3064413764499796,0.2548692405254427,0.2749046708584716,0.2283551479730225,0.2659200290069778,0.2598169638593685,0.2521080262210889,0.2691643862470961,0.2573965388206118,0.2251375087948327,0.2833817742135553,0.3028583530180753,0.239074374971301,0.2699718555824357,0.0,0.3292043167542199,0.0,0.3415349043004392,0.3406494041650939,0.3184270743427795,0.0,0.0,0.0,0.2614103719730967,0.3520936382946052,0.0,0.2995588414355455,0.3229800010722595,0.3329254675305859,0.3227470061354341,0.3428083433818976,0.0,0.3395513402347639,0.0,0.3311114220065041,0.3054172134644407,0.3074587424623374,0.0,0.0,0.0,0.3313420584292576,0.3143236886910345,0.3047866781092083,0.2890450466661098,0.3410195131691532,0.0,0.0,0.2674836199539494,0.3378319236891273,0.3310687280703433,0.3196315292944868,0.3308143590969213,0.3333363787157611
0.2523649213141333,0.0,0.0,0.0,0.0,0.0,0.0,0.328019585752488,0.0,0.1862410384574462,0.0,0.188279486273434,0.1932179599151713,0.0,0.2557414805362472,0.2265527983302061,0.2249087766047967,0.2165716282248239,0.0,0.0,0.3199474403800192,0.0,0.3064413764499796,0.0,0.2128624632152136,0.2065861294838906,0.2683552911514617,0.2593931271456162,0.0,0.0,0.2286556937223743,0.2192618640649818,0.1446110124597415,0.1752738852122313,0.235793965073574,0.2325160320147447,0.0,0.1316340374474287,0.0,0.2615916841247987,0.2758114974792697,0.0,0.0,0.0,0.2256532281766748,0.2777952546285275,0.0,0.0,0.0,0.0,0.0,0.0,0.0,0.0,0.3082599701738406,0.0,0.2945053295550567,0.0,0.0,0.0,0.2723547369616356,0.3068060491625215,0.2833524366212617,0.0,0.0,0.0,0.0,0.0,0.2915733204405334,0.2976139694213046,0.2995991734484435,0.0,0.0,0.0,0.0,0.2934928909751377
0.1949719791337926,0.2065974977633078,0.0,0.0,0.2109790601568,0.2090665659405349,0.2208749126815921,0.2910852836704044,0.0,0.2217000386181525,0.0,0.2340459247018168,0.2555647036438762,0.0,0.2315405345312253,0.2122412845347707,0.1850994376798758,0.2118719129400684,0.0,0.2366486945211404,0.2356540629804053,0.2211644677526208,0.2548692405254427,0.2128624632152136,0.0,0.2118864640901461,0.2310126321483351,0.2565026511834049,0.234895838236,0.0,0.2177417988044808,0.240469710927991,0.1980029385527641,0.2157124270770546,0.2289649404166292,0.0,0.0,0.1955145898946201,0.2674463705319276,0.2479999811777499,0.2599740174822582,0.2723352422306815,0.0,0.0,0.0,0.2386067325984208,0.266735854946144,0.0,0.0,0.0,0.0,0.0,0.0,0.0,0.2702893174957407,0.0,0.2711998056978607,0.0,0.0,0.0,0.25095808281119,0.2734481381574896,0.2643338661920796,0.0,0.2414019873270805,0.2089847325006738,0.2210275885147937,0.0,0.2836054221842745,0.2645400806435519,0.2651928678056865,0.0,0.0,0.0,0.0,0.2667426961147185
0.2296766879499583,0.2590306587699884,0.0,0.0,0.0,0.2295163998007707,0.239296394231722,0.3019778388666113,0.0,0.223161008798789,0.0,0.2126875050573895,0.2684323629089872,0.0,0.2637004093539636,0.2366054556832068,0.217731671829977,0.2175262565249502,0.0,0.2568367436450556,0.2678620600079721,0.2686365336233535,0.2749046708584716,0.2065861294838906,0.2118864640901461,0.0,0.2572652911671463,0.2488019383083584,0.254963520787542,0.0,0.2373471407743206,0.2685634683828796,0.2261567735954847,0.2422912880072133,0.2680750847907204,0.3005418730866648,0.0,0.2165642766017878,0.2882208847739045,0.2656015249036682,0.2832232913842871,0.3056148746051461,0.0,0.0,0.2436503127967147,0.2709466389836219,0.3120107329998108,0.0,0.0,0.0,0.0,0.0,0.0,0.0,0.2787467447535036,0.0,0.2671750144419785,0.0,0.0,0.3045809920687595,0.2819650216063542,0.2840732977545024,0.2723736521255041,0.0,0.2815982943793421,0.3030437268873068,0.318230814827047,0.2986751558363816,0.2857378615609087,0.2751762923621454,0.2902123261879296,0.2899657349101113,0.0,0.2597295047859678,0.0,0.2780976577258048
0.2715540150305636,0.2594945181278549,0.2522477703945023,0.2873119930010351,0.2795762689185492,0.2499791633722122,0.2855766772497733,0.2833893624115957,0.2643035993470513,0.2807348585162152,0.2730353355641435,0.0,0.2931711873588186,0.2882296033461382,0.2339647992683584,0.2737541064349093,0.0,0.2170653915422332,0.2574424056214721,0.2421605475068417,0.2528055029456107,0.2747782904711292,0.2283551479730225,0.2683552911514617,0.2310126321483351,0.2572652911671463,0.0,0.2875094046069424,0.2658426431481328,0.2550224630025511,0.2598249559795798,0.2697971648825928,0.2272522923899459,0.2830601268602472,0.2995143527044487,0.2774786071292712,0.2943066393577948,0.0,0.3218628981255722,0.0,0.3224360969825844,0.3195616802945067,0.3445803799707184,0.0,0.0,0.0,0.2372606991346267,0.369688583345918,0.0,0.0,0.3352418172154602,0.3403222525336392,0.3295592436283262,0.3598969153106019,0.0,0.3580121606083086,0.0,0.311121690694508,0.3486983188063652,0.2911546504207448,0.0,0.0,0.0,0.3542895076922297,0.2921365094780785,0.2834579995133191,0.2322956891036662,0.3410186161325655,0.0,0.0,0.2682536924598082,0.3363856112763554,0.3086474374898547,0.2961922819263864,0.3112429752770769,0.3185267108786137
0.2628927318018092,0.27335117684981,0.3106321745985639,0.2146860605747519,0.2733415629193463,0.2650301569289886,0.2718633380717209,0.2854653181332081,0.3180524238479806,0.2579907900629165,0.3142157527268983,0.2376204458731974,0.2470732681899443,0.2139180663870407,0.0,0.3082023165159224,0.2487729261911607,0.2607199844613724,0.312344366896381,0.2701216909468831,0.2838943367512457,0.3037094040445646,0.2659200290069778,0.2593931271456162,0.2565026511834049,0.2488019383083584,0.2875094046069424,0.0,0.2605578644406879,0.2476325854359283,0.2639347814664191,0.2870610873856959,0.2582364777936659,0.2823178710942819,0.3064448638973819,0.205030378076054,0.1975772510616296,0.2377085031272106,0.284362835257946,0.0,0.2365283514380784,0.2225710887421639,0.29494734022484,0.0,0.0,0.0,0.0,0.0,0.0,0.0,0.311422146717448,0.0,0.3369997465444009,0.0,0.0,0.0,0.0,0.0,0.0,0.2948901273495838,0.0,0.0,0.0,0.0,0.315190125729998,0.3132575217776048,0.0,0.3402122122680312,0.0,0.0,0.0,0.3342709168943168,0.3099963317840079,0.3078518528399787,0.0,0.263979486936752
0.2744254286097012,0.2712062283024835,0.0,0.0,0.2667951938203836,0.254580171892,0.2886542700278623,0.2623391695295212,0.2818809320066285,0.0,0.0,0.0,0.2757456907736384,0.0,0.2506087672939191,0.3005557588911132,0.0,0.2681664994032564,0.0,0.2292823090876899,0.2498807993010992,0.2799217574297016,0.2598169638593685,0.0,0.234895838236,0.254963520787542,0.2658426431481328,0.2605578644406879,0.0,0.248550840479894,0.250658854128202,0.277006512917563,0.2307388345287815,0.2803349394981367,0.3113591832511376,0.3435538442200488,0.3135491656787479,0.0,0.3114428937318001,0.0,0.2987461301663425,0.3077836743135486,0.0,0.0,0.0,0.0,0.2636930083952334,0.0,0.0,0.0,0.2914385415412659,0.0,0.3180991825216364,0.0,0.0,0.0,0.0,0.2844689708350586,0.0,0.2885326361153995,0.0,0.0,0.0,0.0,0.2824030278390181,0.2860043399978201,0.2874709285252561,0.3248314138830439,0.0,0.0,0.2573175316940151,0.3154812643159833,0.3036554548138238,0.2931246173358584,0.0,0.2899221951246374
0.0,0.0,0.2663790553560876,0.0,0.0,0.2627660107795668,0.0,0.2689967535635752,0.2964033508013214,0.0,0.0,0.0,0.2803604365841024,0.0,0.0,0.2867545386542203,0.0,0.0,0.0,0.2282623629321052,0.2606167010178229,0.2733762547226842,0.2521080262210889,0.0,0.0,0.0,0.2550224630025511,0.2476325854359283,0.248550840479894,0.0,0.2417674597569705,0.2815145841805436,0.0,0.2762751000095288,0.3186693414173344,0.0,0.0,0.0,0.0,0.0,0.0,0.0,0.0,0.0,0.0,0.0,0.0,0.0,0.0,0.0,0.0,0.0,0.0,0.0,0.0,0.0,0.0,0.0,0.0,0.0,0.0,0.0,0.0,0.0,0.0,0.0,0.0,0.3361714465252905,0.0,0.0,0.0,0.3275687823857295,0.0,0.0,0.0,0.0
0.2321581016817613,0.209625156716809,0.3228618927944548,0.0,0.318027251707086,0.2749969256703842,0.2836062700235325,0.2942592000577992,0.3266947871098625,0.2221833490067584,0.3266227694171219,0.2192169788831091,0.2773459211926973,0.0,0.2560958872480794,0.2426320917042577,0.2287139220328891,0.2376641726614052,0.324615448119097,0.2439814191626552,0.2456795578860608,0.2504987219356083,0.2691643862470961,0.2286556937223743,0.2177417988044808,0.2373471407743206,0.2598249559795798,0.2639347814664191,0.250658854128202,0.2417674597569705,0.0,0.2624972806953885,0.2242767323150212,0.2208910144776713,0.2189954483845569,0.3013346537677502,0.0,0.1986378945991058,0.3050535346956585,0.2571083001279059,0.2230424524947406,0.0,0.0,0.0,0.0,0.0,0.2811057181625864,0.0,0.0,0.0,0.3233914697300862,0.0,0.3462994728183265,0.0,0.2817453964795027,0.0,0.2800043172104295,0.0,0.0,0.3078836104548035,0.2714447611040859,0.0,0.2714343666132292,0.0,0.3005078343458356,0.2510455522710625,0.2882573373761879,0.3459198735719606,0.2810226529107034,0.2780118453390173,0.2890621813505798,0.343043987712774,0.2486627221300446,0.2982082679797632,0.0,0.300129714809778
0.2671677219932912,0.2564100001039041,0.2869857174151929,0.2344077053937091,0.2480746647884777,0.267349470650202,0.2812907045775857,0.2285991982720432,0.3024431041105178,0.2046246732941438,0.2579542615082362,0.1857073593464798,0.2855547237753535,0.2038890413756149,0.2541875370747515,0.2835816742086105,0.2643227908902887,0.2589841045319122,0.2804636304599706,0.2849181016093598,0.263303737893324,0.2752216793225734,0.2573965388206118,0.2192618640649818,0.240469710927991,0.2685634683828796,0.2697971648825928,0.2870610873856959,0.277006512917563,0.2815145841805436,0.2624972806953885,0.0,0.2511241600548634,0.2537728961015952,0.2575594041311157,0.2051099395074034,0.2320814794940683,0.1899404873834164,0.21317633630332,0.2115692845057156,0.2300158877409283,0.2291379342070406,0.2044164914979254,0.1929600430178662,0.1821404796750486,0.2673812029507109,0.2985592744164794,0.3028425571413264,0.0,0.0,0.3237057848270425,0.0,0.3198496953926045,0.2517040894954881,0.2208525178633307,0.2497106752972962,0.1982118461693123,0.2533434198377808,0.0,0.3156358676580627,0.2548903892095814,0.0,0.2750932200975996,0.300145806224047,0.3101838232836376,0.2955857370099167,0.3123888151581309,0.3352207906826733,0.0,0.2599795153688755,0.2980938636475685,0.3337809429550576,0.2365893456637155,0.3159759828465824,0.0,0.2927646207965629
0.2199264856388649,0.2142047596656194,0.0,0.0,0.268453293218179,0.2202169945398818,0.2581305715928344,0.0,0.2757324466954415,0.2046106041569105,0.2701498523895841,0.2024537301058808,0.2722938084475496,0.0,0.2071853096327292,0.2628664913203666,0.2255838331762117,0.2249162675274515,0.0,0.2586046914410947,0.222171449858968,0.2475883978511592,0.2251375087948327,0.1446110124597415,0.1980029385527641,0.2261567735954847,0.2272522923899459,0.2582364777936659,0.2307388345287815,0.0,0.2242767323150212,0.2511241600548634,0.0,0.1706691888910684,0.2570475425600062,0.3071893750390044,0.2039503435552627,0.1149192623554167,0.2489033200175502,0.2044314311801323,0.2432502544471348,0.265132077819368,0.0,0.0,0.1687148706456539,0.2627929036973349,0.2796654080594467,0.0,0.0,0.0,0.0,0.0,0.0,0.0,0.2543389692159117,0.0,0.254828084484947,0.0,0.0,0.3091164089233094,0.2640875103595746,0.2816646848871295,0.2480616500606342,0.0,0.2759554321552458,0.2575450205322722,0.3080425571498283,0.3129943365970418,0.2355330531986441,0.2686357184736572,0.2814149076676232,0.0,0.0,0.2721160307051574,0.0,0.2380500659650792
0.2182743423988813,0.2142020333605322,0.3213205028001556,0.2630244984621695,0.3021447610997058,0.2818374554880511,0.2797979282711667,0.3001236577575116,0.3279454181490644,0.2119659343508065,0.3214475523651171,0.1652407606928539,0.2789090760704348,0.0,0.2592357408642456,0.2582380534657207,0.2386583915117002,0.2475138695687387,0.3235865286218558,0.2739967867659282,0.2527110504845406,0.2680456656304306,0.2833817742135553,0.1752738852122313,0.2157124270770546,0.2422912880072133,0.2830601268602472,0.2823178710942819,0.2803349394981367,0.2762751000095288,0.2208910144776713,0.2537728961015952,0.1706691888910684,0.0,0.209595550410999,0.3022461466688129,0.2076757276759382,0.1483746701038801,0.2529474737472846,0.2324162504831957,0.2098614688397994,0.2328608757870929,0.2140640152553513,0.0,0.2385629147412108,0.235327091096062,0.2872359542480149,0.0,0.0,0.0,0.3305599541079293,0.0,0.3434415253156498,0.0,0.2715541352096643,0.0,0.2678313810397275,0.0,0.0,0.3103535439518257,0.2686157338847446,0.0,0.2732215027278749,0.0,0.3132799849681936,0.2535261222647104,0.3045653735981224,0.3453359629666589,0.2760649836520047,0.2756787157720068,0.2875282717093468,0.3447042026771952,0.2427270962889113,0.3152637826213468,0.0,0.2154523657569404
0.2381928575469115,0.2199761114060151,0.3212942949710734,0.2439426872480273,0.2855627046416854,0.2936705449742225,0.2835365869504,0.3130126091581391,0.3505838460312349,0.2101072621515692,0.3155288737346042,0.2060480769003207,0.2896926001491788,0.0,0.2813121933728849,0.2817052709521393,0.2517208637961338,0.2607437514580958,0.3209834463703266,0.3077000838399074,0.2805245464143268,0.2924956770421417,0.3028583530180753,0.235793965073574,0.2289649404166292,0.2680750847907204,0.2995143527044487,0.3064448638973819,0.3113591832511376,0.3186693414173344,0.2189954483845569,0.2575594041311157,0.2570475425600062,0.209595550410999,0.0,0.2899382547588291,0.2290029054418679,0.1811415489087973,0.2320949909311417,0.214120925125933,0.2174715958118684,0.2407165857121563,0.2116355277910287,0.2024390262746819,0.0,0.0,0.3047010279998433,0.0,0.0,0.0,0.0,0.0,0.0,0.0,0.0,0.0,0.224969480674464,0.0,0.0,0.3248532845817781,0.2681282208956927,0.0,0.2675015408922691,0.0,0.2978913281642029,0.0,0.3234983552657535,0.316281144934342,0.0,0.2701567349611361,0.3069900091912984,0.3466320826824962,0.0,0.2954617967477815,0.0,0.0
0.0,0.0,0.2852368476493656,0.1591782095162226,0.1748075099639572,0.2744072409306644,0.2304637208543824,0.1963138441320437,0.283933773165098,0.2529626896724508,0.2283867929904359,0.2287906261875811,0.2672690615059051,0.1745663550310187,0.3274703333019654,0.0,0.0,0.0,0.2711797142119844,0.3368876046778515,0.3072135755840455,0.3206055539701276,0.239074374971301,0.2325160320147447,0.0,0.3005418730866648,0.2774786071292712,0.205030378076054,0.3435538442200488,0.0,0.3013346537677502,0.2051099395074034,0.3071893750390044,0.3022461466688129,0.2899382547588291,0.0,0.1809746597540935,0.2508832051817809,0.1856781975127229,0.1968058862454716,0.2166181100127215,0.2432557219302077,0.2198393542916062,0.1967639862738361,0.0,0.0,0.0,0.3156565331135593,0.0,0.0,0.2968800255536276,0.2915839810735511,0.3090352208765732,0.2979273898389016,0.0,0.2686463685557907,0.0,0.2505758271494976,0.3324159789403245,0.0,0.0,0.0,0.0,0.2714724025331787,0.0,0.0,0.0,0.3244648921602634,0.0,0.0,0.0,0.3150244997044231,0.2197818147763656,0.2802686193222996,0.0,0.0
0.0,0.0,0.3047401792693022,0.1411142257642411,0.2054829260482397,0.2953950307815352,0.2173481628493634,0.2334848429257959,0.3244737248065139,0.2011157608461383,0.2963012564344254,0.194078789332633,0.2457201554754828,0.1526827785228024,0.0,0.0,0.0,0.0,0.3021845069113316,0.3082231829248169,0.0,0.294400398697573,0.2699718555824357,0.0,0.0,0.0,0.2943066393577948,0.1975772510616296,0.3135491656787479,0.0,0.0,0.2320814794940683,0.2039503435552627,0.2076757276759382,0.2290029054418679,0.1809746597540935,0.0,0.1924350411162198,0.0,0.0,0.2066425448299186,0.2119242958669545,0.0,0.0,0.0,0.0,0.0,0.0,0.0,0.0,0.0,0.0,0.0,0.0,0.0,0.0,0.0,0.0,0.0,0.0,0.0,0.0,0.0,0.0,0.0,0.0,0.0,0.0,0.0,0.0,0.0,0.0,0.0,0.0,0.0,0.0
0.0,0.0,0.0,0.0,0.2514344281327605,0.0,0.2564458102172483,0.0,0.3053903504856495,0.1799224048583531,0.2860833046574013,0.1480380801031374,0.2503357312052384,0.0,0.0,0.0,0.2060023025957697,0.0,0.0,0.0,0.0,0.0,0.0,0.1316340374474287,0.1955145898946201,0.2165642766017878,0.0,0.2377085031272106,0.0,0.0,0.1986378945991058,0.1899404873834164,0.1149192623554167,0.1483746701038801,0.1811415489087973,0.2508832051817809,0.1924350411162198,0.0,0.0,0.16469780880139,0.1954166967101378,0.0,0.0,0.0,0.1788417408725305,0.0,0.0,0.0,0.0,0.0,0.0,0.0,0.0,0.0,0.2621077489550125,0.0,0.2544993675947925,0.0,0.0,0.0,0.0,0.0,0.0,0.0,0.0,0.0,0.0,0.0,0.2275715471653512,0.0,0.2873318634730554,0.0,0.0,0.0,0.0,0.0
0.2840345930030594,0.2849623727772328,0.3293843894118838,0.0,0.0,0.3218423765368051,0.0,0.3097815767274627,0.2862360233083014,0.2474820230944807,0.2649763178440917,0.2551981328194286,0.2711653713730969,0.0,0.3009052474869547,0.2825237039510956,0.0,0.2749582308170086,0.3026419348744069,0.3060483592201835,0.3026476484901271,0.3006868683292263,0.3292043167542199,0.0,0.2674463705319276,0.2882208847739045,0.3218628981255722,0.284362835257946,0.3114428937318001,0.0,0.3050535346956585,0.21317633630332,0.2489033200175502,0.2529474737472846,0.2320949909311417,0.1856781975127229,0.0,0.0,0.0,0.2101448169690669,0.2439851641084812,0.2441556027480536,0.2137422220421742,0.2428814841835446,0.172788860332993,0.2488145480015752,0.2623773876708927,0.267604466806601,0.2057110232507845,0.2021423748283051,0.2589246275650694,0.2658922015676232,0.2438358419919417,0.2713549868406286,0.1930327188591913,0.2575276921026116,0.1752965656052343,0.2784475032011559,0.2972361634827303,0.2713111691247675,0.2791957882703356,0.2405813820497982,0.2681773941386516,0.2533698611145539,0.2852820372747724,0.2620914095842774,0.2794890801645289,0.2580887535853237,0.2283144873996615,0.2584907774571376,0.2557071370212228,0.2655477844667649,0.2657876236192732,0.2624755600033873,0.267432326490926,0.2462556114444563
0.2456431397025161,0.271559956405788,0.0,0.0,0.0,0.0,0.0,0.0,0.0,0.233528212357156,0.0,0.2487252509783576,0.0,0.0,0.2978082117972095,0.2597481703549599,0.2440149907814564,0.2501223252672165,0.0,0.279889747028159,0.2755142707254187,0.29533947291209,0.0,0.2615916841247987,0.2479999811777499,0.2656015249036682,0.0,0.0,0.0,0.0,0.2571083001279059,0.2115692845057156,0.2044314311801323,0.2324162504831957,0.214120925125933,0.1968058862454716,0.0,0.16469780880139,0.2101448169690669,0.0,0.1889683837439915,0.2501345624279842,0.3179237105375634,0.1579463757213092,0.1141288213994091,0.1946629174029649,0.2357060102412774,0.0,0.0,0.2779261686128135,0.2473056937436936,0.2419664256610638,0.2422404475036825,0.246696813265315,0.1863596840311677,0.2713022813924454,0.1697621949230756,0.2265517079228946,0.0,0.249683387059041,0.2443458291301355,0.1936791381265826,0.2101234853305968,0.0,0.2577588400252061,0.224939957421337,0.2520070788624635,0.2535876466171745,0.1459488395247138,0.2021509372240247,0.2198211092812443,0.2539685063214288,0.2042031061702096,0.2447871844428661,0.0,0.2259100241851383
0.2577047611128878,0.283246683551844,0.0,0.0,0.0,0.3059883232040584,0.0,0.3214226913802817,0.0,0.2299281780082342,0.0,0.2283195741620469,0.0,0.0,0.2871197770856035,0.2680423836378168,0.2404882367941172,0.2609159526551026,0.0,0.2669907372495306,0.2966479632703935,0.3029451225412614,0.3415349043004392,0.2758114974792697,0.2599740174822582,0.2832232913842871,0.3224360969825844,0.2365283514380784,0.2987461301663425,0.0,0.2230424524947406,0.2300158877409283,0.2432502544471348,0.2098614688397994,0.2174715958118684,0.2166181100127215,0.2066425448299186,0.1954166967101378,0.2439851641084812,0.1889683837439915,0.0,0.2606957667768448,0.2976878315446781,0.2358467522059356,0.142186445005509,0.2261939657410289,0.2491303528188286,0.285355766746933,0.250555636697036,0.2763479604231586,0.2601496564350823,0.2679631544887417,0.283502365527762,0.2794839721464551,0.1983688726628914,0.2811333964970666,0.1597750198980821,0.2738276020577069,0.0,0.2869619045366187,0.263492835300597,0.2255253456893761,0.2478061724691469,0.2740295732840861,0.2916733047968176,0.2662598998593814,0.285073570038501,0.2774958837841592,0.1797011180771088,0.2355489281383721,0.2401367843685999,0.2773495619440779,0.2465852617950713,0.283822818472378,0.2784412004134238,0.1970483695121806
0.0,0.2950565293725145,0.0,0.0,0.0,0.2728019782035051,0.0,0.0,0.0,0.0,0.0,0.0,0.0,0.0,0.3159272237446974,0.2799480551008611,0.0,0.2672922069217975,0.0,0.3211475534358702,0.3277675909265646,0.3161255965359963,0.3406494041650939,0.0,0.2723352422306815,0.3056148746051461,0.3195616802945067,0.2225710887421639,0.3077836743135486,0.0,0.0,0.2291379342070406,0.265132077819368,0.2328608757870929,0.2407165857121563,0.2432557219302077,0.2119242958669545,0.0,0.2441556027480536,0.2501345624279842,0.2606957667768448,0.0,0.3041862172373428,0.2360952300468981,0.1532169019817003,0.2610200967868039,0.2790056371547806,0.2796617978228394,0.2354210592043827,0.0,0.2796703962920293,0.2776622096739852,0.2954080299399332,0.2867097691576947,0.1934925970515781,0.2845169237182098,0.1940550104891468,0.2884433516303362,0.0,0.3131690996271849,0.2897102291798363,0.2500433083047703,0.2714098895993396,0.2930030116152481,0.3235224793862968,0.2862840576032988,0.3090106939235431,0.3003701976682247,0.257007129761104,0.2680296568155216,0.2642617353774326,0.3011176757334087,0.234034721187149,0.3106814106679292,0.2946501270815089,0.1497929181075799
