0.0,0.391152009315159,0.0,0.0,0.0,0.3551487131091452,0.0,0.5231684534701799,0.0,0.3893432052066324,0.0,0.376362913640341,0.3378468380821641,0.0,0.3754290942582929,0.3727607916004989,0.3829031020499387,0.3672678433555115,0.0,0.4045030773946313,0.4173776506914634,0.3880695920515748,0.4601376681096818,0.3791863008686442,0.3812695339988876,0.3784812372941691,0.4184551075658853,0.4062879776512704,0.4474722569924204,0.0,0.3685840778025151,0.4119696557392268,0.2988288752701991,0.3688270841475178,0.4086132857030807,0.0,0.0,0.3542861984011003,0.433215137729106,0.4108766343235457,0.4131108424895094,0.0,0.0,0.0,0.0,0.4010538860088355,0.4364508542972896,0.0,0.0,0.0,0.0,0.0,0.0,0.0,0.4033864801520077,0.0,0.0,0.0,0.0,0.0,0.4331311771776762,0.0,0.4182722605926051,0.0,0.0,0.4566562581751711,0.4334621228089177,0.0,0.0495975841890657,0.4292705917781851,0.4492561059253731,0.0,0.0,0.0,0.0,0.3976429891058695
0.391152009315159,0.0,0.0,0.0,0.3664711283640334,0.3820183481716675,0.3774803804812991,0.4900005662977236,0.3416798840071289,0.0,0.0,0.0,0.4023637512801879,0.0,0.3943184414938833,0.3884095350277021,0.3614645087379214,0.3824777281661536,0.0,0.4038024220706082,0.3810736079092852,0.3973491278688005,0.4018024886581594,0.0,0.3811692757280657,0.3895780394881253,0.3911702776821453,0.3882838989877814,0.3902329932917934,0.0,0.3691222214234205,0.4121571898638823,0.3326790357754064,0.3749915502083159,0.4119289787865529,0.0,0.0,0.0,0.4362179646617805,0.4258101910901482,0.4251804359745015,0.4521274165563707,0.0,0.0,0.0,0.4196250812305868,0.4400265821059265,0.0,0.0,0.0,0.3495513785975648,0.0,0.0,0.0,0.0,0.0,0.0,0.0,0.0,0.417020092866064,0.4339995652191912,0.0,0.4117571948239903,0.0,0.4209722252967476,0.4419262880437407,0.4369784663219675,0.3867486766272464,0.0,0.4232638901356104,0.4493555115654553,0.41505004449392,0.0,0.3887511790536764,0.0,0.4189123012241491
0.0,0.0,0.0,0.3652454754473719,0.366798735119417,0.4086234349015272,0.3732525126131889,0.4156937670616236,0.3424091698880471,0.3154640570505539,0.3484402983255631,0.2674543292501308,0.3680551522175954,0.4034134485168988,0.0,0.0,0.0,0.0,0.3000122653189181,0.0,0.0,0.0,0.3195553776724728,0.0,0.0,0.0,0.3649933936746162,0.3781677082197784,0.0,0.0,0.3816957987372391,0.3914439954447685,0.0495975841890657,0.36464732045493,0.3967061707768482,0.3696381212530668,0.3352026892888588,0.0,0.2870951276121314,0.0,0.3089078975130506,0.0,0.4605196696311245,0.0,0.0,0.0,0.0,0.4492171491036439,0.0,0.2565298534144739,0.4795724505242308,0.0,0.4342661329441435,0.4872600637807736,0.0,0.3060622518697256,0.0,0.3253899591913484,0.4264021699802738,0.0,0.0,0.0,0.0,0.2513256869421141,0.0,0.0,0.0,0.50594250327498,0.0,0.0,0.0,0.5164166217575488,0.2806106977709116,0.0,0.0,0.0
0.0,0.0,0.3652454754473719,0.0,0.2328690353958874,0.0495975841890657,0.2346778762072707,0.3705284094217647,0.3199705235853055,0.1736931077313186,0.3338535949376057,0.2722403528736838,0.2890042641115946,0.2731110544787514,0.0,0.0,0.0,0.0,0.3335837287336535,0.0495975841890657,0.0,0.0,0.3836548932493825,0.0,0.0,0.0,0.0495975841890657,0.2730861040734347,0.0495975841890657,0.0,0.0495975841890657,0.2991028548420604,0.0,0.2604347937979047,0.2513775902741774,0.2200130929168234,0.1829158315973076,0.2795480802107218,0.0,0.0,0.0,0.0,0.0,0.0,0.0,0.0,0.0,0.0,0.0,0.0,0.0,0.0,0.0,0.0,0.0,0.0,0.0,0.0,0.0,0.0,0.0,0.0,0.0,0.0,0.0,0.0,0.0,0.0,0.0,0.0,0.0,0.0,0.0,0.0,0.0,0.0
0.0,0.3664711283640334,0.366798735119417,0.2328690353958874,0.0,0.3769125468186783,0.3297917576959266,0.3750460306887083,0.3430668728365823,0.3087200700894017,0.3224663347015873,0.3251532201794829,0.3457684308674471,0.2627469885447746,0.0,0.3770265098843103,0.0,0.0,0.3569847305274327,0.4098484987003109,0.0,0.4148191032400693,0.362908699484241,0.0,0.3511339458663485,0.3446787182468074,0.3924170938970749,0.3414338049982991,0.3712746078840672,0.0,0.3842737311110544,0.368653278198528,0.0495975841890657,0.3868733267235641,0.4042801780497402,0.1982445104981727,0.184796105968646,0.3203718053000344,0.3511422769965584,0.0,0.0,0.0,0.4043316849123181,0.0,0.0,0.0,0.0,0.3854991406336364,0.0,0.0495975841890657,0.3869538655033512,0.0,0.0495975841890657,0.0495975841890657,0.0,0.0495975841890657,0.0,0.0,0.0,0.0,0.0,0.0,0.0,0.0495975841890657,0.0,0.0,0.0,0.4574063985474317,0.0,0.0,0.0,0.420587492497691,0.0,0.0,0.0,0.0
0.3551487131091452,0.3820183481716675,0.4086234349015272,0.0495975841890657,0.3769125468186783,0.0,0.3883544457992608,0.3488439948173995,0.3495423308821996,0.3416340205755169,0.37352195888132,0.2934402398288186,0.3598865502153506,0.3922038650120832,0.3746033178916785,0.3773400545032083,0.25757861581366,0.3493035854193556,0.36990063372431,0.3776625319917227,0.3494749102848392,0.3931114326902745,0.3837609950468197,0.0,0.3694613956131755,0.3787440540813565,0.3827548379262357,0.3454816041680976,0.325881104395903,0.3720216063012193,0.3718875143830763,0.3976434737955188,0.3210212456799993,0.384444612482925,0.4240003413369987,0.4083003190111767,0.3833577240668794,0.3143426092922491,0.4505578029954354,0.0,0.4459667698782285,0.3990707164108775,0.4108677158235246,0.0,0.0,0.0,0.2729158534752068,0.4819696674989164,0.0,0.3300990581720872,0.4320470305919365,0.3108740389326346,0.4441085297667741,0.4775001233372269,0.0,0.3646568297523509,0.0,0.3724638330705275,0.0,0.3587940750138223,0.0,0.0,0.0,0.4343273821733687,0.3641813953137631,0.3547206349352465,0.2837073195618206,0.4552673495315126,0.0,0.0,0.338626138411442,0.4499075862481939,0.4236469716205495,0.4137959871256089,0.4089892765786142,0.4238624690070748
0.0,0.3774803804812991,0.3732525126131889,0.2346778762072707,0.3297917576959266,0.3883544457992608,0.0,0.3911654454758586,0.3564987995962661,0.359953093738556,0.3727105224861103,0.3383152041563781,0.3399490247068823,0.3766631239276765,0.0,0.3884105413347618,0.3640710211603368,0.372990514909462,0.3754240862988198,0.3973543306813777,0.0,0.4150304265744228,0.3703642128910038,0.0495975841890657,0.3840430647269695,0.3867403129212394,0.3891885954798302,0.3518330914866139,0.378612010678709,0.0,0.387893032438633,0.3747434242532667,0.3709186337611204,0.3837589367948881,0.4006073810359776,0.262356965000904,0.2172891024490696,0.3459175224802535,0.3303934612901291,0.0,0.0495975841890657,0.0,0.3590476465408718,0.0,0.0,0.0,0.0,0.4009367743906697,0.0,0.0,0.3488425213566812,0.0,0.0495975841890657,0.373146377642253,0.0,0.3392884927598079,0.0,0.0,0.0,0.0,0.0,0.0,0.0,0.3454359100695457,0.0,0.0,0.0,0.4599936782355748,0.0,0.0,0.0,0.4255369478397697,0.0,0.0,0.0,0.0
0.5231684534701799,0.4900005662977236,0.4156937670616236,0.3705284094217647,0.3750460306887083,0.3488439948173995,0.3911654454758586,0.0,0.42576765255317,0.4016162322122041,0.3342657086654594,0.4298454529053757,0.3799083475473954,0.3645141134287641,0.0495975841890657,0.4588349038012065,0.0,0.4800349777015744,0.4011775014545045,0.3592904680576991,0.3996826391725679,0.0495975841890657,0.3487601686474556,0.5282937467107038,0.4768840737849189,0.4927335342529878,0.4090258125795342,0.385140272282125,0.3507022341654698,0.3912716018844011,0.401981992257631,0.3961667016655201,0.4581668918997688,0.4218383714329834,0.4394840442154467,0.2780987545479413,0.3936327922739473,0.0,0.4446774775282924,0.0,0.451113252576935,0.0,0.4008637682921976,0.0,0.0,0.0,0.0,0.51308574366543,0.0,0.0495975841890657,0.4111186691769367,0.0495975841890657,0.4202116169101394,0.500561537137305,0.0,0.4196193444223953,0.0,0.4063905436893056,0.4506783764183795,0.3841110559561216,0.0,0.0,0.0,0.4813341906703772,0.4116320637546667,0.2968387115217292,0.0,0.4784976434854417,0.0,0.0,0.0,0.4869604571776851,0.4163988988410652,0.4006019531071016,0.0,0.424856078075511
0.0,0.3416798840071289,0.3424091698880471,0.3199705235853055,0.3430668728365823,0.3495423308821996,0.3564987995962661,0.42576765255317,0.0,0.3168574479526455,0.3210592100743218,0.2516950438183425,0.3320837797675586,0.4177700786145348,0.0,0.3363146670171255,0.0,0.2560700007707309,0.319656082508152,0.3845462032859371,0.0,0.3803612972128362,0.3837507685291995,0.2825321368541928,0.2710144325565619,0.2726372527535849,0.3942224893164977,0.3761317156236737,0.3338110136810573,0.3625432739470374,0.3853779668470068,0.3804873150133554,0.3202203363205914,0.3770410113302431,0.3701430186599356,0.3660803249170054,0.3371995425230054,0.2071956297806982,0.3969917911363759,0.0,0.0495975841890657,0.0,0.4627961264980395,0.0,0.0,0.0,0.0,0.5167267453839256,0.0,0.3661390707239453,0.4711223873439811,0.3284490380968015,0.4925739481815948,0.4759775908712362,0.0,0.4723514608572524,0.0,0.3820054819123623,0.4666617168979846,0.0,0.0,0.0,0.0,0.4755278685872581,0.0,0.0,0.0,0.5022479055573688,0.0,0.0,0.0,0.5133243333772273,0.319051849443231,0.0,0.0,0.0
0.3893432052066324,0.0,0.3154640570505539,0.1736931077313186,0.3087200700894017,0.3416340205755169,0.359953093738556,0.4016162322122041,0.3168574479526455,0.0,0.3487649351627886,0.2889024167504806,0.3903559988414173,0.0,0.0,0.3086882810328945,0.3067247236847897,0.3396461902232621,0.3446187385381729,0.296235611997278,0.0,0.3117327653924276,0.4178709112312253,0.3305697173859044,0.3221392377852166,0.3497563288410427,0.3120598905265308,0.3926285469047346,0.2905845819998687,0.0,0.3225491736827394,0.3660389967026912,0.3312578042607082,0.3288699613393547,0.3272982569704572,0.2863347566523442,0.2873590915238496,0.2769460245207233,0.416026410471185,0.3746907057641818,0.3712671252620209,0.0495975841890657,0.0,0.0,0.3459420555577114,0.4365969587040678,0.0,0.0,0.0,0.0,0.0,0.0,0.0,0.0,0.4189761478630897,0.0,0.4333905565969402,0.0495975841890657,0.0,0.0,0.0,0.4153031825289965,0.407604595819947,0.0,0.0,0.0,0.0,0.0,0.4181933293801551,0.4056676453662873,0.425771510332294,0.0,0.4164536825786343,0.0,0.0,0.4102181461035796
0.0,0.0,0.3484402983255631,0.3338535949376057,0.3224663347015873,0.37352195888132,0.3727105224861103,0.3342657086654594,0.3210592100743218,0.3487649351627886,0.0,0.3127316908183118,0.3705954643372444,0.2803107375982335,0.0,0.0,0.3072417410227839,0.0,0.2828649605704498,0.0,0.0,0.0,0.2746091396238684,0.3177341071397728,0.0,0.0495975841890657,0.3796601354809589,0.370413638917734,0.0,0.0,0.3936050129691421,0.3646365645284347,0.3084069520910522,0.3814649550191152,0.3810978345340305,0.299508717278919,0.3241066984840614,0.3083797059959716,0.0495975841890657,0.0,0.0,0.0,0.3969940299540493,0.0,0.0,0.0,0.0,0.4328530210351179,0.0,0.3234741408990109,0.3606860701339399,0.3132749966143427,0.4192817919397465,0.4233312041440538,0.0,0.262837417524005,0.0,0.2988369813230052,0.4236358172276127,0.0,0.0,0.0,0.0,0.256650083807004,0.0,0.0,0.0,0.4326055886734992,0.0,0.0,0.0,0.4855784655860461,0.2486105576207179,0.0,0.0,0.0
0.376362913640341,0.0,0.2674543292501308,0.2722403528736838,0.3251532201794829,0.2934402398288186,0.3383152041563781,0.4298454529053757,0.2516950438183425,0.2889024167504806,0.3127316908183118,0.0,0.3259796539815118,0.0,0.0,0.0,0.3178584810898285,0.3069898520709754,0.2739305005269553,0.0,0.4181865388683752,0.0,0.4017774473939989,0.282222034180591,0.3473478051795122,0.3007668093381209,0.3204812628317439,0.3564681861915655,0.0,0.0,0.3397548633288018,0.2782663761669044,0.2951133259192346,0.2658045091272272,0.2937028523454068,0.308246064549732,0.3165544531921487,0.2307856805552774,0.3118589281162359,0.3635698106572665,0.3735405021881768,0.3416494908094727,0.0495975841890657,0.0,0.3420899299150317,0.0,0.0,0.0,0.0,0.0,0.0,0.0,0.0,0.0,0.4133251738185746,0.0,0.4300890671484046,0.0495975841890657,0.0,0.0,0.0,0.3869542958875355,0.3947060314207092,0.0,0.0,0.0,0.0,0.0,0.3888382102150159,0.4048788615634836,0.4228954545369372,0.0,0.0495975841890657,0.0,0.0,0.4010142061369954
0.3378468380821641,0.4023637512801879,0.3680551522175954,0.2890042641115946,0.3457684308674471,0.3598865502153506,0.3399490247068823,0.3799083475473954,0.3320837797675586,0.3903559988414173,0.3705954643372444,0.3259796539815118,0.0,0.385773777351511,0.405041514221702,0.4102916653572981,0.3747247630432423,0.3720608212287981,0.3758736214914021,0.3915147939762406,0.3897678613271526,0.4116119361004604,0.375792805856961,0.2823427077714068,0.3991604807804738,0.4038376586885478,0.3854605604484993,0.3288352181641787,0.3602212461360247,0.342066388074455,0.3738885642952288,0.3719241118994719,0.351819362581781,0.382678324294508,0.3842901775415168,0.3243920175245925,0.2957132962055986,0.3404124984299843,0.3360523223402926,0.0495975841890657,0.3935370772516857,0.0495975841890657,0.234562258679326,0.0,0.0495975841890657,0.0,0.0,0.3833947590308416,0.0,0.0,0.3167922837773511,0.2805156939621224,0.3976101992494511,0.0,0.0,0.3150835871476199,0.0495975841890657,0.0,0.0,0.2923710084975564,0.0,0.0,0.0,0.0,0.3398802613406088,0.0,0.28028038978238,0.451197984969419,0.0,0.2921781358171828,0.2980059738161597,0.435722744677923,0.0,0.3427298489446599,0.0,0.0
0.0,0.0,0.4034134485168988,0.2731110544787514,0.2627469885447746,0.3922038650120832,0.3766631239276765,0.3645141134287641,0.4177700786145348,0.0,0.2803107375982335,0.0,0.385773777351511,0.0,0.0,0.0,0.0,0.0,0.3807992880586592,0.0,0.4286737983887071,0.0,0.3666205794482023,0.0,0.0,0.0,0.4157377107994651,0.3757290871471511,0.0,0.0,0.0495975841890657,0.3355978054642033,0.0,0.3858000601127678,0.0,0.2181406451972001,0.178795793651049,0.0,0.0495975841890657,0.0,0.0,0.0,0.0495975841890657,0.0,0.0,0.0,0.0,0.4398021198179407,0.0,0.0,0.0,0.0,0.0,0.4501764403167061,0.0,0.386740126363298,0.0,0.0,0.0,0.0,0.0,0.0,0.0,0.0,0.0,0.0,0.0,0.4428489672712473,0.0,0.0,0.0,0.4620645291037372,0.0,0.0,0.0,0.0
0.3754290942582929,0.3943184414938833,0.0,0.0,0.0,0.3746033178916785,0.0,0.0495975841890657,0.0,0.0,0.0,0.0,0.405041514221702,0.0,0.0,0.4087819515939506,0.0,0.3938167822361514,0.0,0.3506765963885273,0.3694591436285822,0.3810933953863277,0.349554511082557,0.3626468435796099,0.3790671358618991,0.424240151467834,0.401090340150077,0.3866445909214244,0.3715064517835157,0.0,0.3916113854526024,0.4278400365272883,0.3583789574733201,0.401148324334827,0.4481304978261531,0.0495975841890657,0.0,0.0,0.4659835753053385,0.4467954342474553,0.4432853395484021,0.4770646921852415,0.4616044197639271,0.0,0.0,0.0,0.4566571092109268,0.0,0.0,0.0,0.4150637527556911,0.0,0.0495975841890657,0.0,0.0,0.0,0.0,0.3338816587430823,0.0,0.4249239320733025,0.4124132297418035,0.0,0.0,0.0,0.4433174834927606,0.4645069114497187,0.4691495041732454,0.4529717933246591,0.0,0.3264967120796451,0.5110091239668251,0.4564398359946111,0.0495975841890657,0.4127527607169062,0.0,0.4189078574295211
0.3727607916004989,0.3884095350277021,0.0,0.0,0.3770265098843103,0.3773400545032083,0.3884105413347618,0.4588349038012065,0.3363146670171255,0.3086882810328945,0.0,0.0,0.4102916653572981,0.0,0.4087819515939506,0.0,0.3049040133994567,0.3275404177712674,0.0,0.4048567571547723,0.396621834824316,0.3875704000622951,0.4002691220993697,0.3376897782855881,0.3779899670395641,0.3925443581522958,0.3983719711549752,0.3786441385554834,0.4093589842674468,0.3383233959099954,0.341706953239887,0.4169828757376627,0.3700512438803811,0.3724002822023016,0.4100925669906485,0.0,0.0,0.0,0.4288360957603322,0.4085340953249553,0.4128310432316425,0.4423281004279319,0.0,0.0,0.0,0.4136118633176236,0.4294230864368058,0.0,0.0,0.0,0.0,0.0,0.0,0.0,0.0,0.0,0.0,0.0,0.0,0.4357440952307015,0.4266059321573799,0.0,0.3937963584706694,0.0,0.3876287691611303,0.431446314673213,0.4292864209660069,0.3274813532383222,0.0,0.4136248708512803,0.436761494788734,0.3493884231931948,0.0,0.3300829255280159,0.0,0.4076635815501309
0.3829031020499387,0.3614645087379214,0.0,0.0,0.0,0.25757861581366,0.3640710211603368,0.0,0.0,0.3067247236847897,0.3072417410227839,0.3178584810898285,0.3747247630432423,0.0,0.0,0.3049040133994567,0.0,0.2991870671416951,0.0,0.3421310226649214,0.0,0.3536579359612466,0.0,0.3306729292888711,0.3320918173508457,0.3464458978066352,0.0,0.3804132377607296,0.3247587481378698,0.0,0.3216814563083672,0.4117646850483506,0.33493642838852,0.358678176233227,0.3871348108569252,0.0,0.0,0.2935971893434394,0.0,0.3877204411154931,0.0,0.0,0.0,0.0,0.0,0.0,0.0,0.0,0.0,0.0,0.0,0.0,0.0,0.0,0.414545333234909,0.0,0.4197649163000543,0.0,0.0,0.0,0.0,0.4047095583498223,0.3921887986231913,0.0,0.0,0.0,0.0,0.0,0.3702533741245312,0.4063538168278911,0.4211207497961115,0.0,0.0,0.0,0.0,0.0
0.3672678433555115,0.3824777281661536,0.0,0.0,0.0,0.3493035854193556,0.372990514909462,0.4800349777015744,0.2560700007707309,0.3396461902232621,0.0,0.3069898520709754,0.3720608212287981,0.0,0.3938167822361514,0.3275404177712674,0.2991870671416951,0.0,0.0,0.396861493392263,0.4187911827190756,0.387926727380284,0.4315468844098859,0.3289695210097574,0.3523872647104316,0.3663237822287616,0.3796733765482729,0.3753947730230757,0.3970646708855008,0.0495975841890657,0.3458770678768542,0.4126518929390816,0.3431054114649113,0.3720562181190202,0.3882525930454338,0.0,0.0,0.0,0.4172604639083385,0.3857723015564315,0.4015214172201593,0.4200093496238335,0.0,0.0,0.0,0.4050861644503611,0.416320829127919,0.0,0.0,0.0,0.0,0.0,0.0,0.0,0.3839530059113784,0.0,0.3817758178494845,0.0,0.0,0.0,0.4064176334676088,0.3669262924931591,0.3904449729234241,0.0,0.0,0.0,0.3947563099004779,0.0,0.3505140055798805,0.3958579863845251,0.4119007533417749,0.0,0.0,0.0,0.0,0.3933346088441026
0.0,0.0,0.3000122653189181,0.3335837287336535,0.3569847305274327,0.36990063372431,0.3754240862988198,0.4011775014545045,0.319656082508152,0.3446187385381729,0.2828649605704498,0.2739305005269553,0.3758736214914021,0.3807992880586592,0.0,0.0,0.0,0.0,0.0,0.0,0.0,0.0,0.2963441347529114,0.0,0.0,0.0,0.3724491758174003,0.3871203654821011,0.0,0.0,0.3673903941589638,0.3827580227686391,0.0,0.3393801487137966,0.3846944967558168,0.3526038760603502,0.3272689487836956,0.3186162654187816,0.0495975841890657,0.0,0.0,0.0,0.4872254868502239,0.0,0.0,0.0,0.0,0.5277030108988354,0.0,0.3738445256643872,0.4560997403594842,0.0495975841890657,0.5115018231028307,0.5053158065039146,0.0,0.2333478733174774,0.0,0.3622357538524339,0.4537863019282828,0.0,0.0,0.0,0.0,0.4686263091585823,0.0,0.0,0.0,0.4983788909245678,0.0,0.0,0.0,0.4956562163844513,0.0,0.0,0.0,0.0
0.4045030773946313,0.4038024220706082,0.0,0.0495975841890657,0.4098484987003109,0.3776625319917227,0.3973543306813777,0.3592904680576991,0.3845462032859371,0.296235611997278,0.0,0.0,0.3915147939762406,0.0,0.3506765963885273,0.4048567571547723,0.3421310226649214,0.396861493392263,0.0,0.0,0.400796825207233,0.3846396154149263,0.2788925290676028,0.0,0.3954666628758522,0.4158739889974807,0.3423655700309214,0.3658448798566818,0.3443980746247363,0.3210484993651799,0.3636368368138251,0.440223244190635,0.3693418272083342,0.3970573440429634,0.4473127678254577,0.4512657606958899,0.0495975841890657,0.0,0.4567318178243691,0.3897732320483654,0.4265425456202349,0.4639954032385162,0.0495975841890657,0.0,0.0,0.0,0.3971558325241162,0.0,0.0,0.0,0.3782809192402247,0.0,0.0495975841890657,0.0,0.0,0.0,0.0,0.2980976976857788,0.0,0.4452394193091127,0.2931851504153124,0.0,0.0,0.0,0.4308430376244866,0.4197754072666714,0.4499037089900661,0.4223846233694466,0.0,0.2732866516353684,0.4544906786656064,0.4388804207384676,0.2846801764057702,0.3769675666618173,0.0495975841890657,0.406048485805948
0.4173776506914634,0.3810736079092852,0.0,0.0,0.0,0.3494749102848392,0.0,0.3996826391725679,0.0,0.0,0.0,0.4181865388683752,0.3897678613271526,0.4286737983887071,0.3694591436285822,0.396621834824316,0.0,0.4187911827190756,0.0,0.400796825207233,0.0,0.4123002114949976,0.3750277306097988,0.4914011034843505,0.4283517880616344,0.4158042126213632,0.3975193113332314,0.3922099782851533,0.3855978036540518,0.0,0.3885211037468954,0.4329427029504903,0.3756141993913932,0.3956635823693534,0.447617477987951,0.0,0.0,0.0,0.4648817843607088,0.4514553418935399,0.4390809058284172,0.0495975841890657,0.0,0.0,0.0,0.0495975841890657,0.4565922805137834,0.0,0.0,0.0,0.3927080299551438,0.0,0.3776920098215795,0.0,0.0,0.0,0.0,0.3542233331087373,0.0,0.445278334254007,0.4313535292162921,0.0,0.0,0.0,0.4276402554407628,0.3921274800324415,0.4635906182070552,0.4632573563867393,0.0,0.3795007688562253,0.4908522027629762,0.4431682784194562,0.4157511582821699,0.4194968763881184,0.0,0.4051227418030557
0.3880695920515748,0.3973491278688005,0.0,0.0,0.4148191032400693,0.3931114326902745,0.4150304265744228,0.0495975841890657,0.3803612972128362,0.3117327653924276,0.0,0.0,0.4116119361004604,0.0,0.3810933953863277,0.3875704000622951,0.3536579359612466,0.387926727380284,0.0,0.3846396154149263,0.4123002114949976,0.0,0.4057386874840544,0.0,0.3936840430108549,0.4108282322507387,0.4131388970075852,0.3980379844508457,0.3924573979722126,0.3518953209722001,0.3750773146991981,0.4405792879933851,0.3777508721316889,0.3968377999354229,0.4520577648768238,0.0495975841890657,0.0495975841890657,0.0,0.4542347580640274,0.4330435076322924,0.4384068833993001,0.4660571955223254,0.430104674739275,0.0,0.0,0.4333434276435123,0.4434543006833281,0.0,0.0,0.0,0.3704377967406095,0.0,0.0,0.0,0.0,0.0,0.0,0.0,0.0,0.4590876578942841,0.4372672830377545,0.0,0.3581122037358452,0.0,0.4400249359361569,0.4512873869738126,0.4472111496424463,0.4465690132719119,0.0,0.3926958406223046,0.4721881573431816,0.4361894224228397,0.0495975841890657,0.4091753886236896,0.0,0.423881829777012
0.4601376681096818,0.4018024886581594,0.3195553776724728,0.3836548932493825,0.362908699484241,0.3837609950468197,0.3703642128910038,0.3487601686474556,0.3837507685291995,0.4178709112312253,0.2746091396238684,0.4017774473939989,0.375792805856961,0.3666205794482023,0.349554511082557,0.4002691220993697,0.0,0.4315468844098859,0.2963441347529114,0.2788925290676028,0.3750277306097988,0.4057386874840544,0.0,0.507016229476224,0.4019714971151006,0.4362857601377519,0.3721073813267319,0.3839662768752703,0.3606208818866436,0.3955468899776475,0.3866841684650851,0.4058809126408786,0.3707504110809871,0.4079168403829973,0.4310794711889353,0.3220355759232379,0.3746022143881494,0.3715007181844636,0.4630410640610507,0.0495975841890657,0.4658955034361335,0.478233122759886,0.4468435710983489,0.0495975841890657,0.0,0.0,0.3599664763113273,0.4810452849930838,0.0,0.4109268249460768,0.4545365827683391,0.4609230957813992,0.4736214842167331,0.5085708721699947,0.0,0.3094862892217824,0.0,0.4576326126826386,0.4728633535420506,0.4365952976295909,0.0,0.0,0.0,0.3548995222431463,0.435981919485077,0.4142722137909151,0.4221094629914093,0.4866286247079966,0.0,0.289761514762462,0.4044220845555315,0.4767021844103375,0.4598760242303257,0.4410275866721613,0.4676022243578753,0.4591511529362922
0.3791863008686442,0.0,0.0,0.0,0.0,0.0,0.0495975841890657,0.5282937467107038,0.2825321368541928,0.3305697173859044,0.3177341071397728,0.282222034180591,0.2823427077714068,0.0,0.3626468435796099,0.3376897782855881,0.3306729292888711,0.3289695210097574,0.0,0.0,0.4914011034843505,0.0,0.507016229476224,0.0,0.3436922773219014,0.3311803521045458,0.4345650501957629,0.3722032286434108,0.0,0.0,0.3589770840822297,0.2897243817544871,0.2584801877176937,0.2738421522156786,0.3057351424812347,0.4739233737480267,0.3208931341386563,0.265734970953012,0.0495975841890657,0.338780286226594,0.3101623012198388,0.0,0.0,0.0,0.3063421284312125,0.4577170753906671,0.0,0.0,0.0,0.0,0.0,0.0,0.0,0.0,0.399474913019385,0.0,0.4193273021322217,0.0,0.0,0.0,0.4085635865631,0.4117152168556042,0.4164013568137514,0.0,0.0,0.0,0.0,0.0,0.3840803789941658,0.419241291922433,0.4396608932425301,0.0,0.0495975841890657,0.0,0.0,0.0495975841890657
0.3812695339988876,0.3811692757280657,0.0,0.0,0.3511339458663485,0.3694613956131755,0.3840430647269695,0.4768840737849189,0.2710144325565619,0.3221392377852166,0.0,0.3473478051795122,0.3991604807804738,0.0,0.3790671358618991,0.3779899670395641,0.3320918173508457,0.3523872647104316,0.0,0.3954666628758522,0.4283517880616344,0.3936840430108549,0.4019714971151006,0.3436922773219014,0.0,0.3625855998734865,0.3751328152473495,0.3920022659260995,0.3841445333264306,0.0,0.3563413067287989,0.39974469574357,0.3239853312035318,0.3567413781691166,0.3784346299437293,0.0,0.0,0.2943619513114498,0.4236224331842432,0.3954200256576258,0.4084046055638248,0.434040433697945,0.0,0.0,0.0,0.4170668673911288,0.4289781593217576,0.0,0.0,0.0,0.0,0.0,0.0,0.0,0.4102107581421071,0.0,0.4240717068865826,0.2823059256020053,0.0,0.3774245038796886,0.4187561836173385,0.4114819272663394,0.4010918045139252,0.0,0.3845017469236236,0.4008040956532054,0.3854221245327567,0.3350132750383649,0.3933875269934703,0.4078479950152163,0.423672600957202,0.0,0.0,0.3656749075107205,0.0,0.4082107443784095
0.3784812372941691,0.3895780394881253,0.0,0.0,0.3446787182468074,0.3787440540813565,0.3867403129212394,0.4927335342529878,0.2726372527535849,0.3497563288410427,0.0495975841890657,0.3007668093381209,0.4038376586885478,0.0,0.424240151467834,0.3925443581522958,0.3464458978066352,0.3663237822287616,0.0,0.4158739889974807,0.4158042126213632,0.4108282322507387,0.4362857601377519,0.3311803521045458,0.3625855998734865,0.0,0.4154774851345078,0.3875787467973934,0.4061961636721024,0.0,0.3794516134922383,0.4201475574685685,0.348129462214234,0.3836783211807857,0.4181405658588069,0.4645334161047836,0.0,0.3132609933778816,0.444215109912803,0.4087658460265354,0.4272964956553796,0.4429753971521531,0.0,0.0,0.3530580148421707,0.4339189801493495,0.4493828044784644,0.0,0.0,0.0,0.3437201476641146,0.0,0.0,0.0,0.4143826779216843,0.0,0.4278538529199793,0.3069694024984418,0.0,0.4761506267918275,0.4355748069974787,0.4232623432499162,0.4161198190349829,0.0,0.4272352089763163,0.4782095969033958,0.4573174622922368,0.4336288536871882,0.408350244643845,0.4207945296612458,0.4447801272316998,0.4420108442679292,0.3485098149938272,0.4042446556091216,0.0,0.4256270247453597
0.4184551075658853,0.3911702776821453,0.3649933936746162,0.0495975841890657,0.3924170938970749,0.3827548379262357,0.3891885954798302,0.4090258125795342,0.3942224893164977,0.3120598905265308,0.3796601354809589,0.3204812628317439,0.3854605604484993,0.4157377107994651,0.401090340150077,0.3983719711549752,0.0,0.3796733765482729,0.3724491758174003,0.3423655700309214,0.3975193113332314,0.4131388970075852,0.3721073813267319,0.4345650501957629,0.3751328152473495,0.4154774851345078,0.0,0.3851380094310591,0.363370616754909,0.3790142042383549,0.3762503362995237,0.4147195544177089,0.3588099989322135,0.39721018110541,0.4283797183098581,0.4065252720468184,0.4054488942736163,0.3065407271282367,0.4495784061647486,0.0495975841890657,0.4384073863130031,0.4474521729347808,0.0495975841890657,0.0495975841890657,0.0,0.0,0.322252083829629,0.5199349315563514,0.0,0.3691766118802357,0.4645601604884408,0.4311773272995306,0.4739966851801065,0.5062055619569606,0.0,0.4747843835351849,0.0,0.4145269288811519,0.0495975841890657,0.4284242594867606,0.0,0.0,0.0,0.477849260322745,0.3940289662431301,0.3891117518389486,0.3967727526335072,0.4841075633217713,0.0,0.0,0.4230331731467803,0.4779323455575086,0.4243794958563796,0.3717372377987222,0.4158137185276323,0.4157816538987937
0.4062879776512704,0.3882838989877814,0.3781677082197784,0.2730861040734347,0.3414338049982991,0.3454816041680976,0.3518330914866139,0.385140272282125,0.3761317156236737,0.3926285469047346,0.370413638917734,0.3564681861915655,0.3288352181641787,0.3757290871471511,0.3866445909214244,0.3786441385554834,0.3804132377607296,0.3753947730230757,0.3871203654821011,0.3658448798566818,0.3922099782851533,0.3980379844508457,0.3839662768752703,0.3722032286434108,0.3920022659260995,0.3875787467973934,0.3851380094310591,0.0,0.313297164663646,0.3064751111498223,0.3655507553578798,0.3843701653171557,0.3801524390242126,0.378516221936227,0.3758978383334794,0.2740078687147496,0.2721701935928647,0.3558925818032397,0.4546060268337115,0.0495975841890657,0.4526739302206444,0.3830517647650516,0.3230968175038434,0.0,0.0495975841890657,0.0,0.0,0.3459024464338349,0.0,0.0,0.4095885846261637,0.0,0.4413813411788413,0.2969018249870797,0.0495975841890657,0.0,0.0495975841890657,0.2192918948239784,0.0,0.3821315795822841,0.0,0.0,0.0,0.0,0.4136697107907425,0.0495975841890657,0.332316459357759,0.4578075818823091,0.0,0.2975796988401071,0.3466161492780397,0.447927559010871,0.371190330158459,0.381704610817602,0.0,0.3930239612288292
0.4474722569924204,0.3902329932917934,0.0,0.0495975841890657,0.3712746078840672,0.325881104395903,0.378612010678709,0.3507022341654698,0.3338110136810573,0.2905845819998687,0.0,0.0,0.3602212461360247,0.0,0.3715064517835157,0.4093589842674468,0.3247587481378698,0.3970646708855008,0.0,0.3443980746247363,0.3855978036540518,0.3924573979722126,0.3606208818866436,0.0,0.3841445333264306,0.4061961636721024,0.363370616754909,0.313297164663646,0.0,0.3190904860847582,0.3430442461243677,0.4426024649028079,0.374189205875579,0.3769864122993229,0.4276926357696557,0.0495975841890657,0.0495975841890657,0.0,0.4436349875067617,0.3331040275085766,0.3740151818705289,0.4049204053212363,0.0495975841890657,0.0,0.0,0.0,0.3558995456622596,0.3825147993102645,0.0,0.0,0.3535241887237315,0.2840847929664866,0.4214536087913234,0.3142188872270924,0.0,0.0,0.0,0.284281058930124,0.0,0.4194348651877332,0.0,0.0,0.0,0.0,0.3795526518513958,0.3967930521232243,0.4070754250785422,0.4508382990271191,0.0,0.0,0.3997902101153588,0.4430926484049323,0.3793503750743724,0.4029105943105256,0.390603280769409,0.3933705463122925
0.0,0.0,0.0,0.0,0.0,0.3720216063012193,0.0,0.3912716018844011,0.3625432739470374,0.0,0.0,0.0,0.342066388074455,0.0,0.0,0.3383233959099954,0.0,0.0495975841890657,0.0,0.3210484993651799,0.0,0.3518953209722001,0.3955468899776475,0.0,0.0,0.0,0.3790142042383549,0.3064751111498223,0.3190904860847582,0.0,0.3059338934808324,0.4259350071019018,0.0,0.3350762458671663,0.3776800610581866,0.0,0.0,0.0,0.0,0.0,0.0,0.0,0.0,0.0,0.0,0.0,0.0,0.0,0.0,0.0,0.0,0.0,0.0,0.0,0.0,0.0,0.0,0.0,0.0,0.0,0.0,0.0,0.0,0.0,0.0495975841890657,0.0,0.0,0.4540979251152167,0.0,0.0,0.0,0.4456405529933324,0.0,0.3856198508720853,0.0,0.0
0.3685840778025151,0.3691222214234205,0.3816957987372391,0.0495975841890657,0.3842737311110544,0.3718875143830763,0.387893032438633,0.401981992257631,0.3853779668470068,0.3225491736827394,0.3936050129691421,0.3397548633288018,0.3738885642952288,0.0495975841890657,0.3916113854526024,0.341706953239887,0.3216814563083672,0.3458770678768542,0.3673903941589638,0.3636368368138251,0.3885211037468954,0.3750773146991981,0.3866841684650851,0.3589770840822297,0.3563413067287989,0.3794516134922383,0.3762503362995237,0.3655507553578798,0.3430442461243677,0.3059338934808324,0.0,0.4020698399671306,0.3595988346005366,0.3238162003054912,0.3382818528386675,0.3925633917694149,0.3217568077552078,0.331664094364705,0.4424044115999793,0.404850347162443,0.4258878744445001,0.0,0.0495975841890657,0.0,0.0,0.0,0.421088631676226,0.0,0.0,0.0,0.4122160866949622,0.0,0.4567298773572197,0.0,0.4111897900378956,0.0,0.4245485232226891,0.0,0.0,0.4487597551841564,0.4186065161199286,0.4092728120162697,0.3996787873468758,0.0,0.424877274462066,0.4358135022619197,0.4300556806926534,0.4660267925483201,0.4135981413993424,0.4106598723652496,0.434351229424706,0.4478260465469701,0.3642006026652394,0.3998223121676847,0.0,0.3991581993906234
0.4119696557392268,0.4121571898638823,0.3914439954447685,0.2991028548420604,0.368653278198528,0.3976434737955188,0.3747434242532667,0.3961667016655201,0.3804873150133554,0.3660389967026912,0.3646365645284347,0.2782663761669044,0.3719241118994719,0.3355978054642033,0.4278400365272883,0.4169828757376627,0.4117646850483506,0.4126518929390816,0.3827580227686391,0.440223244190635,0.4329427029504903,0.4405792879933851,0.4058809126408786,0.2897243817544871,0.39974469574357,0.4201475574685685,0.4147195544177089,0.3843701653171557,0.4426024649028079,0.4259350071019018,0.4020698399671306,0.0,0.3572559350372509,0.3627541030384876,0.3800025812136146,0.2515052371369418,0.3282074408384903,0.2707028470796531,0.3739149584313456,0.3955660837908074,0.4050816761050997,0.3690779869339763,0.320648331968773,0.3087897984827946,0.3180957070085849,0.434657820448541,0.4431115674615409,0.425564952884039,0.0,0.3479133913673393,0.4504893588840256,0.3453817775939919,0.4525346948046806,0.3442470545411349,0.3756377901663101,0.3592067989188092,0.3519336929375783,0.4244527737192998,0.0,0.4700437069704153,0.4436456388198614,0.3979696470610313,0.4331694766686329,0.3419560986455242,0.4529924734643243,0.468897974758505,0.4607128655738157,0.4708832407924507,0.4278911324063185,0.4299914782936519,0.4564173600149791,0.464246620640954,0.4644874916223884,0.4461811714999122,0.0,0.4587326031575119
0.2988288752701991,0.3326790357754064,0.0495975841890657,0.0,0.0495975841890657,0.3210212456799993,0.3709186337611204,0.4581668918997688,0.3202203363205914,0.3312578042607082,0.3084069520910522,0.2951133259192346,0.351819362581781,0.0,0.3583789574733201,0.3700512438803811,0.33493642838852,0.3431054114649113,0.0,0.3693418272083342,0.3756141993913932,0.3777508721316889,0.3707504110809871,0.2584801877176937,0.3239853312035318,0.348129462214234,0.3588099989322135,0.3801524390242126,0.374189205875579,0.0,0.3595988346005366,0.3572559350372509,0.0,0.2833671893191947,0.3792374035341749,0.2731818033045259,0.3136602075512165,0.2249960533494238,0.4095546602483451,0.3466617937389039,0.3909192411808219,0.4259099510920839,0.0,0.0,0.2903482241814033,0.429666126217966,0.4230517413324357,0.0,0.0,0.0,0.0,0.0,0.0,0.0,0.385288671751699,0.0,0.3965868017121196,0.0,0.0,0.448785501839085,0.415482808881955,0.3923643453787592,0.3902067655824224,0.0,0.4132486467338238,0.4510887698385866,0.4386157976769536,0.4956674577157969,0.3761756617450526,0.3977100188781353,0.4195560942550857,0.4503347757468789,0.0495975841890657,0.0,0.0,0.4033880581327421
0.3688270841475178,0.3749915502083159,0.36464732045493,0.2604347937979047,0.3868733267235641,0.384444612482925,0.3837589367948881,0.4218383714329834,0.3770410113302431,0.3288699613393547,0.3814649550191152,0.2658045091272272,0.382678324294508,0.3858000601127678,0.401148324334827,0.3724002822023016,0.358678176233227,0.3720562181190202,0.3393801487137966,0.3970573440429634,0.3956635823693534,0.3968377999354229,0.4079168403829973,0.2738421522156786,0.3567413781691166,0.3836783211807857,0.39721018110541,0.378516221936227,0.3769864122993229,0.3350762458671663,0.3238162003054912,0.3627541030384876,0.2833671893191947,0.0,0.2862828514418153,0.4119496383704001,0.3019772317429435,0.2498502805928918,0.3879677895231765,0.3737074780780198,0.4219283645577202,0.4215097364220325,0.2737335427639402,0.0495975841890657,0.2944132810470791,0.4206313941176192,0.4254851943071199,0.3543869742230991,0.0,0.0,0.4211705484703336,0.3135290957518854,0.4711508774845404,0.3079410222331435,0.3831433030807746,0.0,0.3961401563616057,0.3707580550546523,0.0,0.4552270855367678,0.4231155555167087,0.3858797634530634,0.4023953360050514,0.0,0.4447800071077724,0.4426096001225822,0.4371994134528869,0.4750748560388374,0.3737892515047172,0.4091050298030379,0.4364285734076885,0.4687179545777754,0.473246499987921,0.4285165383982866,0.0,0.4167677808018248
0.4086132857030807,0.4119289787865529,0.3967061707768482,0.2513775902741774,0.4042801780497402,0.4240003413369987,0.4006073810359776,0.4394840442154467,0.3701430186599356,0.3272982569704572,0.3810978345340305,0.2937028523454068,0.3842901775415168,0.0,0.4481304978261531,0.4100925669906485,0.3871348108569252,0.3882525930454338,0.3846944967558168,0.4473127678254577,0.447617477987951,0.4520577648768238,0.4310794711889353,0.3057351424812347,0.3784346299437293,0.4181405658588069,0.4283797183098581,0.3758978383334794,0.4276926357696557,0.3776800610581866,0.3382818528386675,0.3800025812136146,0.3792374035341749,0.2862828514418153,0.0,0.3729850577692301,0.3006710460604558,0.2827488291864624,0.3556746534689398,0.4044472002998907,0.4183397769118506,0.3710540851495393,0.2998586707347898,0.2851746500840411,0.0495975841890657,0.0,0.4508581519388488,0.0,0.0,0.0,0.3637809086983297,0.0,0.0,0.0,0.0,0.0,0.4340349144656422,0.2785279590578669,0.0,0.4852972949740803,0.4262855414969019,0.0,0.0,0.0,0.4580954234208411,0.0,0.4717525023528729,0.4916556013553134,0.0,0.413114815613834,0.4586185516457512,0.4735076112166005,0.3188083415902866,0.4239864416371966,0.0,0.0
0.0,0.0,0.3696381212530668,0.2200130929168234,0.1982445104981727,0.4083003190111767,0.262356965000904,0.2780987545479413,0.3660803249170054,0.2863347566523442,0.299508717278919,0.308246064549732,0.3243920175245925,0.2181406451972001,0.0495975841890657,0.0,0.0,0.0,0.3526038760603502,0.4512657606958899,0.0,0.0495975841890657,0.3220355759232379,0.4739233737480267,0.0,0.4645334161047836,0.4065252720468184,0.2740078687147496,0.0495975841890657,0.0,0.3925633917694149,0.2515052371369418,0.2731818033045259,0.4119496383704001,0.3729850577692301,0.0,0.1997549278136858,0.3087159887562126,0.0495975841890657,0.0495975841890657,0.0495975841890657,0.0495975841890657,0.3455312904844234,0.2679734920821672,0.0495975841890657,0.0,0.0,0.4352677678864918,0.0,0.0495975841890657,0.3256610458048729,0.0495975841890657,0.3646640366222393,0.0495975841890657,0.0,0.3801399118079665,0.0495975841890657,0.2825597358451999,0.0,0.0,0.0,0.0,0.0,0.36621454362187,0.0495975841890657,0.0,0.0495975841890657,0.4254733446297221,0.0,0.0,0.0,0.4714635561596781,0.0495975841890657,0.0495975841890657,0.0,0.0
0.0,0.0,0.3352026892888588,0.1829158315973076,0.184796105968646,0.3833577240668794,0.2172891024490696,0.3936327922739473,0.3371995425230054,0.2873590915238496,0.3241066984840614,0.3165544531921487,0.2957132962055986,0.178795793651049,0.0,0.0,0.0,0.0,0.3272689487836956,0.0495975841890657,0.0,0.0495975841890657,0.3746022143881494,0.3208931341386563,0.0,0.0,0.4054488942736163,0.2721701935928647,0.0495975841890657,0.0,0.3217568077552078,0.3282074408384903,0.3136602075512165,0.3019772317429435,0.3006710460604558,0.1997549278136858,0.0,0.3184980633381919,0.3385454136240117,0.0,0.0495975841890657,0.0495975841890657,0.2773538900353396,0.0,0.0,0.0,0.0,0.0,0.0,0.0,0.0,0.0,0.0,0.0,0.0,0.0,0.0,0.0,0.0,0.0,0.0,0.0,0.0,0.0,0.0,0.0,0.0,0.0495975841890657,0.0,0.0,0.0,0.0,0.0,0.0,0.0,0.0
0.3542861984011003,0.0,0.0,0.2795480802107218,0.3203718053000344,0.3143426092922491,0.3459175224802535,0.0,0.2071956297806982,0.2769460245207233,0.3083797059959716,0.2307856805552774,0.3404124984299843,0.0,0.0,0.0,0.2935971893434394,0.0,0.3186162654187816,0.0,0.0,0.0,0.3715007181844636,0.265734970953012,0.2943619513114498,0.3132609933778816,0.3065407271282367,0.3558925818032397,0.0,0.0,0.331664094364705,0.2707028470796531,0.2249960533494238,0.2498502805928918,0.2827488291864624,0.3087159887562126,0.3184980633381919,0.0,0.29156053136473,0.2959544495572107,0.3116939836343697,0.0495975841890657,0.0,0.0,0.2882289619402408,0.0,0.0,0.0,0.0,0.0,0.0,0.0,0.0,0.0,0.341144173782938,0.0,0.3564862255116053,0.0,0.0,0.0,0.0,0.0,0.0,0.0,0.0,0.0,0.0,0.0,0.3459068475175243,0.3560111349541511,0.3848232753079181,0.0,0.0495975841890657,0.0,0.0,0.0
0.433215137729106,0.4362179646617805,0.2870951276121314,0.0,0.3511422769965584,0.4505578029954354,0.3303934612901291,0.4446774775282924,0.3969917911363759,0.416026410471185,0.0495975841890657,0.3118589281162359,0.3360523223402926,0.0495975841890657,0.4659835753053385,0.4288360957603322,0.0,0.4172604639083385,0.0495975841890657,0.4567318178243691,0.4648817843607088,0.4542347580640274,0.4630410640610507,0.0495975841890657,0.4236224331842432,0.444215109912803,0.4495784061647486,0.4546060268337115,0.4436349875067617,0.0,0.4424044115999793,0.3739149584313456,0.4095546602483451,0.3879677895231765,0.3556746534689398,0.0495975841890657,0.3385454136240117,0.29156053136473,0.0,0.3276628189881587,0.3623431953356817,0.3578696951163447,0.2865390224435442,0.3392638789455082,0.2596657774060857,0.4079886104396311,0.3939608291302995,0.405388463269566,0.3141673692114228,0.3698301684532666,0.3823898100855287,0.3637080415613664,0.3783600111065267,0.4017562275054373,0.3444405738758964,0.3709280610561775,0.265052953030024,0.3789514377670717,0.3910658361808322,0.4271286819753709,0.3998407478790348,0.3858060913403661,0.3945300877384763,0.3886605801821932,0.4363265328702904,0.4192363873645654,0.4313567919474793,0.3866458719090723,0.3204159069086523,0.3899196870956364,0.4068909605244357,0.4012038081276931,0.3828495195927239,0.4099606524869921,0.4201995734889271,0.3930213732108232
