0.0,0.3757882378176515,0.0,0.0,0.0,0.3763664046659035,0.0,0.4821415311509618,0.0,0.3684886079519682,0.0,0.3416394181163812,0.347293698175406,0.0,0.3608699591301552,0.3802083765682094,0.3477502492535395,0.3594030378064912,0.0,0.397104408244718,0.3767356393511933,0.3842408130014237,0.4253515939635028,0.3466580811304325,0.3375887244843618,0.3322048849446,0.398019382223704,0.3917528144847994,0.38017911861806,0.0,0.3334050908806441,0.3716236593330732,0.3118312184362907,0.3354745660457701,0.3899907568110786,0.0,0.0,0.0,0.4106205815097142,0.3779939838275861,0.3847417975013046,0.0,0.0,0.0,0.0,0.4003568803094305,0.4212378148037375,0.0,0.0,0.0,0.0,0.0,0.0,0.0,0.0,0.0,0.0,0.0,0.0,0.0,0.4178719825113774,0.0,0.4011946817245784,0.0,0.0,0.3777281151657868,0.4107887405841455,0.0,0.3915509778813177,0.3981818463727314,0.4202999456476064,0.0,0.0,0.0,0.0,0.3583716446910545
0.3757882378176515,0.0,0.0,0.0,0.4083042854054262,0.3735709794365611,0.3994976216730433,0.4004808785418855,0.3269226591331222,0.0,0.0,0.0,0.4073228147498489,0.0,0.3879872769483268,0.3987848349669168,0.0,0.3895449075926709,0.0,0.4069267712013246,0.381951704257897,0.3968118103429199,0.3897227056144213,0.0,0.3583151308066681,0.3713063997734973,0.3820905076603301,0.4266390336543957,0.3963676695148734,0.0,0.3280115993302405,0.375603605871632,0.3377780818242096,0.3306908481855537,0.4001102484101934,0.0,0.0,0.0,0.4339980886336633,0.4254629541719087,0.411035054917981,0.4523127351300229,0.0,0.0,0.0,0.4254898531138306,0.4339425705572634,0.0,0.0,0.0,0.3860211567279356,0.0,0.0,0.0,0.0,0.0,0.0,0.0,0.0,0.448202288455392,0.4278544470965391,0.0,0.4267433064080351,0.0,0.427736490891723,0.4440273869343027,0.433671166644871,0.4112901175344897,0.0,0.4275377758934796,0.4549111947442903,0.419461765348452,0.0,0.4321286053420506,0.0,0.4081863785015887
0.0,0.0,0.0,0.3682798027170861,0.3542608748106648,0.3596697664115039,0.4108136407165518,0.4404593536989882,0.299107680383793,0.3766268531520071,0.3188457392964811,0.2880917014223561,0.4320800501176383,0.4067645840390774,0.0,0.0,0.0,0.0,0.3006009832170561,0.0,0.0,0.0,0.3615505763046331,0.0,0.0,0.0,0.3349175947169932,0.434155777640396,0.0,0.0,0.4498556769396314,0.4432637377548137,0.3217301954114437,0.4755955348044492,0.4296713750101666,0.4066472020378346,0.4297154381477442,0.0,0.3721696515754635,0.0,0.2977390799343234,0.0,0.4087274245843215,0.0,0.0,0.0,0.0,0.4179264049970181,0.0,0.4304039300136073,0.5008056084047756,0.4755527750139979,0.4750991266940866,0.5325975513081076,0.0,0.4135266921259799,0.0,0.3881598236837622,0.4535035508025021,0.0,0.0,0.0,0.0,0.2609807631804602,0.0,0.0,0.0,0.4877021232710483,0.0,0.0,0.0,0.5087681691163215,0.3703723488619774,0.0,0.0,0.0
0.0,0.0,0.3682798027170861,0.0,0.2409722236253988,0.3985613468810817,0.2671368773590868,0.2892636837205938,0.4176454059355859,0.1834857148113138,0.3574898738256443,0.2123590817212018,0.2569883805885959,0.2112127360488813,0.0,0.0,0.0,0.0,0.3988766670329997,0.405844000890646,0.0,0.0,0.4147875224303783,0.0,0.0,0.0,0.4003494140318188,0.237054105924111,0.3602853642679929,0.0,0.3172975101262184,0.2863452390217298,0.0,0.323397667149346,0.340171631247099,0.1690792205359952,0.1910596407965639,0.2300804985898844,0.0,0.0,0.0,0.0,0.0,0.0,0.0,0.0,0.0,0.0,0.0,0.0,0.0,0.0,0.0,0.0,0.0,0.0,0.0,0.0,0.0,0.0,0.0,0.0,0.0,0.0,0.0,0.0,0.0,0.0,0.0,0.0,0.0,0.0,0.0,0.0,0.0,0.0
0.0,0.4083042854054262,0.3542608748106648,0.2409722236253988,0.0,0.3265657562236184,0.3073504544988669,0.3480418092068317,0.313980041783878,0.4223897661755563,0.3224357228232146,0.3432863574250522,0.3621321065417323,0.294455573129999,0.0,0.4072296980776293,0.0,0.0,0.3602509944323869,0.0,0.0,0.0,0.3883813395432869,0.0,0.4003295275640269,0.0,0.3515548423692922,0.3514527854920506,0.4568102742171294,0.0,0.4264078925060072,0.3377225064440943,0.366613137291947,0.4031792849136181,0.3488730816692729,0.2259777284541548,0.2821299752894474,0.3486154429776862,0.2402196972113378,0.0,0.0,0.0,0.3098485565188645,0.0,0.0,0.0,0.0,0.4361196390384121,0.0,0.2969742857844603,0.4237309035011659,0.0,0.3776900977849829,0.4101724839767038,0.0,0.3810747519385742,0.0,0.0,0.0,0.0,0.0,0.0,0.0,0.3906930268476939,0.0,0.0,0.0,0.4581736307270688,0.0,0.0,0.0,0.4421286337451995,0.0,0.0,0.0,0.0
0.3763664046659035,0.3735709794365611,0.3596697664115039,0.3985613468810817,0.3265657562236184,0.0,0.3833562166576616,0.3893645301731109,0.299838110145512,0.4403022541705216,0.3484275868261671,0.3349740760971445,0.3942865911328962,0.3814794317407352,0.3751104242442482,0.3995169227236351,0.2494036958634473,0.3992811878380375,0.3471914742496058,0.3837055756320824,0.3924276862236405,0.4037064843700822,0.3725404764331261,0.0,0.354476711964484,0.3551630008320884,0.349670921869121,0.3846622946925844,0.3446139083342068,0.3811959551049197,0.408638856497641,0.3980122141193038,0.3733043543669754,0.4171767912621052,0.4056398389963928,0.415315423316954,0.4206479826598673,0.3500330388091406,0.4627737408480225,0.0,0.3689089712868611,0.3112900963557237,0.3633803242692415,0.0,0.0,0.0,0.2812250909852536,0.503864795493895,0.0,0.3861337233558161,0.471003340010658,0.4974531963929769,0.4221596580357299,0.4962345335114908,0.0,0.4708296612509344,0.0,0.478357017596991,0.0,0.4022048362962459,0.0,0.0,0.0,0.4830052468504875,0.4195998533690735,0.0,0.3435141783350847,0.4721096008990676,0.0,0.0,0.3585845419684414,0.4641225409230873,0.4815170208046738,0.4455009226642096,0.4282407639328062,0.4976035206242803
0.0,0.3994976216730433,0.4108136407165518,0.2671368773590868,0.3073504544988669,0.3833562166576616,0.0,0.4039343567315405,0.359518600212706,0.3870764696958403,0.4112410611912,0.0,0.3395351634324469,0.3311062430518597,0.0,0.4274468325483503,0.3526652939903824,0.4114642357752253,0.4045977499589543,0.4282654366431942,0.0,0.430819382836631,0.4166980747842683,0.3768902003900912,0.3824512691566029,0.381744484972951,0.4003558368163672,0.3611949137890456,0.4174117938739248,0.0,0.3903119566635882,0.3707817048887697,0.3746303059943838,0.3937935221926221,0.3783799165123875,0.2982255649900944,0.2945556388350577,0.3649637711623287,0.3432728995949387,0.0,0.2873752003807812,0.0,0.0,0.0,0.0,0.0,0.0,0.4187936375689371,0.0,0.0,0.4506700110272364,0.0,0.36590577453221,0.3754155646283128,0.0,0.3052465250707032,0.0,0.0,0.0,0.0,0.0,0.0,0.0,0.3318746110437076,0.0,0.0,0.0,0.4783306438643388,0.0,0.0,0.0,0.4728734200138857,0.0,0.0,0.0,0.0
0.4821415311509618,0.4004808785418855,0.4404593536989882,0.2892636837205938,0.3480418092068317,0.3893645301731109,0.4039343567315405,0.0,0.4538199462498628,0.3872809016173916,0.3577453163198003,0.3816307919130642,0.4284587023416924,0.359298725555863,0.0,0.4174799943335791,0.0,0.4361541100977079,0.4223212437332235,0.0,0.4347942291487022,0.4039824515252933,0.3657120195218941,0.4775085273969672,0.4392555555228553,0.4317138191763748,0.4027990217811492,0.4195025844348324,0.3878701244881072,0.4086776128724233,0.4299826648316479,0.3686742658341203,0.4205666345168047,0.43170069912769,0.4559499268230312,0.2393396553810577,0.3652785731536559,0.0,0.419035172322267,0.0,0.4554624306198885,0.0,0.309967736926783,0.0,0.0,0.0,0.0,0.4823113641450163,0.0,0.3638208264744711,0.4414507826999924,0.4363525629194731,0.3128309571272439,0.4858666799956989,0.0,0.4011421450486873,0.0,0.4378005167715533,0.4002997013370269,0.0,0.0,0.0,0.0,0.4512989646946165,0.0,0.3267502264743003,0.0,0.4196598983648734,0.0,0.0,0.0,0.4410068299092859,0.4452083004770343,0.4047763374804974,0.0,0.467576271105603
0.0,0.3269226591331222,0.299107680383793,0.4176454059355859,0.313980041783878,0.299838110145512,0.359518600212706,0.4538199462498628,0.0,0.4360952849749097,0.3083838971236934,0.3852204761208454,0.3978264348553941,0.3996761521712904,0.0,0.3336606732466544,0.0,0.2740907588970602,0.2735908106515748,0.3933464870934132,0.0,0.3869239371284157,0.3907823962891631,0.3376706935024017,0.3372204498605987,0.3415089295485758,0.3366279005350441,0.4215164687622064,0.3834526607243854,0.4004932209074058,0.4317004964925789,0.4087822186039594,0.3762869986851597,0.4400309405934033,0.4219249195996546,0.4090198753090169,0.435637394445537,0.4397756245861953,0.4156598174951156,0.0,0.2383959760394492,0.0,0.3942646633204847,0.0,0.0,0.0,0.0,0.5206892449930841,0.0,0.3867565577429108,0.49732195656399,0.4198256154794834,0.481095847148656,0.5082669793234686,0.0,0.4860719247310127,0.0,0.3879104511845875,0.4433015937657996,0.0,0.0,0.0,0.0,0.5033591136039856,0.0,0.0,0.0,0.5003311123680785,0.0,0.0,0.0,0.4972697208717758,0.3870620535621442,0.0,0.0,0.0
0.3684886079519682,0.0,0.3766268531520071,0.1834857148113138,0.4223897661755563,0.4403022541705216,0.3870764696958403,0.3872809016173916,0.4360952849749097,0.0,0.4418107997909496,0.2947100043292974,0.390500200079797,0.0,0.0,0.3639284109471781,0.3182132465034265,0.3553450675089663,0.4140146694258003,0.3282341469610356,0.0,0.2899769867183147,0.4226540517823496,0.3297141648995295,0.3109925594205553,0.2914462923316016,0.3909339351996154,0.3718118888826515,0.3389945712928647,0.0,0.3209188359364638,0.3118567894552878,0.2944565323238191,0.2999247916088206,0.2595261952085944,0.2947147694047517,0.2649510251772713,0.3010710079227855,0.2947671779041849,0.3318060997270725,0.3213497646685765,0.349255508828965,0.0,0.0,0.2964378834200167,0.4129178681585932,0.0,0.0,0.0,0.0,0.0,0.0,0.0,0.0,0.4330294907328636,0.0,0.4308768345355338,0.3939079692912689,0.0,0.0,0.0,0.4563028731763046,0.4312965720946371,0.0,0.0,0.0,0.0,0.0,0.4239171185910746,0.4290833873489803,0.4458001716798923,0.0,0.3513644091345296,0.0,0.0,0.3989749707577719
0.0,0.0,0.3188457392964811,0.3574898738256443,0.3224357228232146,0.3484275868261671,0.4112410611912,0.3577453163198003,0.3083838971236934,0.4418107997909496,0.0,0.3851900038493513,0.4302506605608429,0.3299028854618215,0.0,0.0,0.3364585114798567,0.0,0.3020403204025679,0.0,0.0,0.0,0.3483288202656811,0.3896305059391035,0.0,0.2691934282648455,0.3459738928947536,0.4342352954468913,0.0,0.0,0.4435311886937518,0.3928687144564344,0.3761071478151158,0.4390388424308271,0.4061253696459503,0.2789207149110685,0.4323974496163695,0.4067501767534797,0.3329649066406405,0.0,0.0,0.0,0.3582869282578539,0.0,0.0,0.0,0.0,0.4235940882204704,0.0,0.3601662776887973,0.4520519849830114,0.3753334221500671,0.4112759267423168,0.4852891684751748,0.0,0.3261225010710017,0.0,0.3571174996822942,0.4177555423224173,0.0,0.0,0.0,0.0,0.356220200405224,0.0,0.0,0.0,0.4049530729756257,0.0,0.0,0.0,0.4810544177213699,0.3378510271810711,0.0,0.0,0.0
0.3416394181163812,0.0,0.2880917014223561,0.2123590817212018,0.3432863574250522,0.3349740760971445,0.0,0.3816307919130642,0.3852204761208454,0.2947100043292974,0.3851900038493513,0.0,0.3920359098199428,0.0,0.0,0.0,0.3485190643094738,0.3226503811946681,0.3207280333734157,0.0,0.3678079346550484,0.0,0.3032078734601819,0.2786104870229136,0.3246671444082826,0.2732263433931226,0.306947037383583,0.3459373027511864,0.0,0.0,0.3111344666707989,0.2854661834175035,0.249654932150324,0.2507772311938782,0.2850887255738539,0.2845803556027779,0.2546877411589539,0.2270867247612097,0.2532822716722951,0.268096782824954,0.2470286650865944,0.2935066918756395,0.2686609819015114,0.0,0.1776379609002165,0.0,0.0,0.0,0.0,0.0,0.0,0.0,0.0,0.0,0.4347278094313431,0.0,0.4324796006064251,0.2839704517379581,0.0,0.0,0.0,0.4804630178877302,0.4261006233169772,0.0,0.0,0.0,0.0,0.0,0.4309988902393958,0.4350229851060476,0.4478957166055045,0.0,0.2425355911610965,0.0,0.0,0.4063115774036566
0.347293698175406,0.4073228147498489,0.4320800501176383,0.2569883805885959,0.3621321065417323,0.3942865911328962,0.3395351634324469,0.4284587023416924,0.3978264348553941,0.390500200079797,0.4302506605608429,0.3920359098199428,0.0,0.3432978233511248,0.0,0.4315784071858667,0.3969629949325539,0.4217095119779332,0.4234228075602256,0.4124847069944547,0.4225369228432769,0.4404557952278607,0.4269162492238071,0.4297277122422019,0.3928636877095195,0.3867669623953789,0.4152866413891698,0.3446648792736532,0.4064916840938053,0.3912113383205139,0.3967420909996637,0.3880996802265892,0.4013271222599686,0.391491419139912,0.3893391701090442,0.310244725613352,0.2995623986049093,0.383777497293181,0.5069562581238557,0.2658255453124251,0.3123661434063653,0.2832965851602927,0.3402970212376545,0.0,0.2863836692520278,0.0,0.0,0.4399598897145058,0.0,0.0,0.5090354916580004,0.3454716648803048,0.423518775683074,0.0,0.0,0.3347224577304791,0.0,0.0,0.0,0.3282190979268112,0.0,0.0,0.0,0.0,0.365635789172582,0.0,0.2637069663443526,0.4797985863865152,0.0,0.2790281275161326,0.3021219331256674,0.4800843056770198,0.0,0.4510098437979821,0.0,0.0
0.0,0.0,0.4067645840390774,0.2112127360488813,0.294455573129999,0.3814794317407352,0.3311062430518597,0.359298725555863,0.3996761521712904,0.0,0.3299028854618215,0.0,0.3432978233511248,0.0,0.0,0.0,0.0,0.0,0.384181677173957,0.0,0.4455918742121108,0.0,0.3872810057974358,0.0,0.0,0.0,0.4390951743544278,0.2881407086684363,0.0,0.0,0.0,0.3151157048586765,0.0,0.3937531868062874,0.0,0.2207075234474089,0.1792642280562993,0.0,0.0,0.0,0.0,0.0,0.3411721750170844,0.0,0.0,0.0,0.0,0.3860050511662853,0.0,0.0,0.0,0.0,0.0,0.4135614874804721,0.0,0.3614727442153819,0.0,0.0,0.0,0.0,0.0,0.0,0.0,0.0,0.0,0.0,0.0,0.0,0.0,0.0,0.0,0.0,0.0,0.0,0.0,0.0
0.3608699591301552,0.3879872769483268,0.0,0.0,0.0,0.3751104242442482,0.0,0.0,0.0,0.0,0.0,0.0,0.0,0.0,0.0,0.3816660798941632,0.0,0.3618682340328611,0.0,0.3220456360830977,0.3713014091533481,0.3724379504855071,0.3445604392257296,0.3459893917903242,0.366850185770212,0.3718646798630863,0.3164331985066811,0.3768268703079069,0.3731302618401617,0.0,0.3705615213071093,0.3919458190414304,0.3633547033232422,0.3932826686910384,0.4290222843963137,0.470901547707034,0.0,0.0,0.4688156136594116,0.4447970939178067,0.4468994761500064,0.4811372355968755,0.0,0.0,0.0,0.0,0.4399411591236923,0.0,0.0,0.0,0.4108726030730907,0.0,0.0,0.0,0.0,0.0,0.0,0.3455738069825584,0.0,0.4554914453054924,0.3982599528896218,0.0,0.0,0.0,0.4391382166863132,0.41667720938374,0.4622379931495736,0.4556607268226657,0.0,0.3291273958232682,0.4929841623045409,0.4469966781626225,0.4271325078760978,0.4397364209822995,0.0,0.4514648052253199
0.3802083765682094,0.3987848349669168,0.0,0.0,0.4072296980776293,0.3995169227236351,0.4274468325483503,0.4174799943335791,0.3336606732466544,0.3639284109471781,0.0,0.0,0.4315784071858667,0.0,0.3816660798941632,0.0,0.3661564718698919,0.3249758939784751,0.0,0.3956231869838915,0.3780988149136139,0.3803596023204907,0.3903905180638826,0.3353685480162419,0.3676651887616147,0.3825875148663099,0.3955067347686422,0.4405983218972993,0.4215775175121238,0.3354293110979611,0.3383308254762716,0.390532933678671,0.3566578353932814,0.3516146705848226,0.3959260530159188,0.0,0.0,0.0,0.4157533744017581,0.4024895043696019,0.4016094125454574,0.4290576692254432,0.0,0.0,0.0,0.4127543720639566,0.4318887219486334,0.0,0.0,0.0,0.0,0.0,0.0,0.0,0.0,0.0,0.0,0.0,0.0,0.4269718342315282,0.4190383452389469,0.0,0.4046854574621588,0.0,0.3833692219209036,0.3959961613340503,0.4235731371489915,0.3224262623578145,0.0,0.4065894248640797,0.4345270353159721,0.3508445791392061,0.0,0.3482161003093201,0.0,0.3916493333059209
0.3477502492535395,0.0,0.0,0.0,0.0,0.2494036958634473,0.3526652939903824,0.0,0.0,0.3182132465034265,0.3364585114798567,0.3485190643094738,0.3969629949325539,0.0,0.0,0.3661564718698919,0.0,0.3278589037348639,0.0,0.309552784585398,0.0,0.3414944379656558,0.0,0.3376027040996123,0.3194285232805564,0.3216595865393751,0.0,0.3759771525072458,0.312815370715498,0.0,0.3341119589482823,0.3767156405072216,0.3063069424815587,0.3274541609947716,0.3682336185744115,0.0,0.0,0.3061265497315817,0.0,0.3607062678988293,0.0,0.0,0.0,0.0,0.0,0.0,0.0,0.0,0.0,0.0,0.0,0.0,0.0,0.0,0.4229475481817276,0.0,0.4269282345124718,0.0,0.0,0.0,0.0,0.4310306161465819,0.4081978612901062,0.0,0.0,0.0,0.0,0.0,0.4319897262642381,0.4047161094832909,0.4196388336396374,0.0,0.0,0.0,0.0,0.0
0.3594030378064912,0.3895449075926709,0.0,0.0,0.0,0.3992811878380375,0.4114642357752253,0.4361541100977079,0.2740907588970602,0.3553450675089663,0.0,0.3226503811946681,0.4217095119779332,0.0,0.3618682340328611,0.3249758939784751,0.3278589037348639,0.0,0.0,0.3751028369317898,0.3814014373078413,0.3752114975910378,0.3996311918783983,0.3424251382815055,0.3327620787006641,0.347720036039272,0.3824252648734717,0.4049818149221502,0.4060430748375324,0.333083354328431,0.3522010544265064,0.394782016621816,0.3345549646128498,0.3461268483548901,0.4162977525249779,0.0,0.0,0.0,0.3970224750536458,0.3700636174226516,0.3834045696112872,0.4035224056976082,0.0,0.0,0.0,0.4040961257481001,0.416113658587926,0.0,0.0,0.0,0.0,0.0,0.0,0.0,0.4068736672113528,0.0,0.4205596309782939,0.0,0.0,0.0,0.3929470409415616,0.435091413325112,0.3959236151897264,0.0,0.0,0.0,0.3930161077842494,0.0,0.4222563784638321,0.396245884000161,0.4110159573233448,0.0,0.0,0.0,0.0,0.3798431602572943
0.0,0.0,0.3006009832170561,0.3988766670329997,0.3602509944323869,0.3471914742496058,0.4045977499589543,0.4223212437332235,0.2735908106515748,0.4140146694258003,0.3020403204025679,0.3207280333734157,0.4234228075602256,0.384181677173957,0.0,0.0,0.0,0.0,0.0,0.0,0.0,0.0,0.3577814464402821,0.0,0.0,0.0,0.3551127106675175,0.4230292557025114,0.0,0.0,0.4408324509951301,0.4140468661804573,0.0,0.4590864190189726,0.0,0.3721573743256672,0.4246370721418211,0.3644317880708103,0.3637632123212753,0.0,0.0,0.0,0.3785315390142861,0.0,0.0,0.0,0.0,0.5368887818390332,0.0,0.3939029707357306,0.4983290654942989,0.4011890463283115,0.4653259156395219,0.5188818911122737,0.0,0.4935407517773766,0.0,0.3448872007458864,0.4281344883040149,0.0,0.0,0.0,0.0,0.5049763791294035,0.0,0.0,0.0,0.4976912308440876,0.0,0.0,0.0,0.5114710955844536,0.0,0.0,0.0,0.0
0.397104408244718,0.4069267712013246,0.0,0.405844000890646,0.0,0.3837055756320824,0.4282654366431942,0.0,0.3933464870934132,0.3282341469610356,0.0,0.0,0.4124847069944547,0.0,0.3220456360830977,0.3956231869838915,0.309552784585398,0.3751028369317898,0.0,0.0,0.4081932124176969,0.3694709874040661,0.3204561528075824,0.0,0.3665523024758087,0.3793021096671992,0.3598298786903294,0.3690971740066057,0.3217571425274321,0.2998948532237769,0.3467477674744629,0.4014141873115256,0.3671721290048755,0.39113138459441,0.4290280076348012,0.466255770154698,0.400838938011043,0.0,0.4495750853025501,0.4317359731961319,0.4706065988040104,0.4599858055321054,0.0,0.0,0.0,0.0,0.4140184320152793,0.0,0.0,0.0,0.4221194282843772,0.0,0.0,0.0,0.0,0.0,0.0,0.3543005886701179,0.0,0.4324262453113449,0.305363568755465,0.0,0.0,0.0,0.4321088524227341,0.429344014360128,0.4283611184862069,0.4619230288634167,0.0,0.2640900690704239,0.4198598983028769,0.4492921488249765,0.4683307855358101,0.4422012453778039,0.3554115755830767,0.4390412357246512
0.3767356393511933,0.381951704257897,0.0,0.0,0.0,0.3924276862236405,0.0,0.4347942291487022,0.0,0.0,0.0,0.3678079346550484,0.4225369228432769,0.4455918742121108,0.3713014091533481,0.3780988149136139,0.0,0.3814014373078413,0.0,0.4081932124176969,0.0,0.3996336682496887,0.3832165631409529,0.4209943238410119,0.3723363102364561,0.3700117838576368,0.4010167935904249,0.3994690695117971,0.391434325552734,0.0,0.3323507845165527,0.3670190757885254,0.3455092272891085,0.3529933767810724,0.4042368294024157,0.0,0.0,0.0,0.4332583082675396,0.4194403182120422,0.4154476461970679,0.4689241129749615,0.0,0.0,0.0,0.3288404520873597,0.4392777867526006,0.0,0.0,0.0,0.4261120448308992,0.0,0.3009029033740163,0.0,0.0,0.0,0.0,0.0,0.0,0.428691142094553,0.419663999671884,0.0,0.0,0.0,0.4261438426471458,0.3417458027889524,0.45078835868744,0.4344758421671113,0.0,0.3352857932851871,0.4585360691875902,0.4386723642808757,0.4261719496797894,0.4293102378062399,0.0,0.4123452539057252
0.3842408130014237,0.3968118103429199,0.0,0.0,0.0,0.4037064843700822,0.430819382836631,0.4039824515252933,0.3869239371284157,0.2899769867183147,0.0,0.0,0.4404557952278607,0.0,0.3724379504855071,0.3803596023204907,0.3414944379656558,0.3752114975910378,0.0,0.3694709874040661,0.3996336682496887,0.0,0.3899520865450897,0.0,0.3757191349954558,0.3783244848358614,0.3891717535916836,0.4168498648856299,0.3924279802669235,0.3232417795693462,0.3579015480329187,0.3962116213338387,0.3554669298317841,0.389506028876155,0.4305640187572991,0.4740853873609,0.3996817567074822,0.0,0.4356986815949449,0.4366344084093829,0.422508924263745,0.4483843153187113,0.0,0.0,0.0,0.4264896174011296,0.4304797757016339,0.0,0.0,0.0,0.376155263447179,0.0,0.0,0.0,0.0,0.0,0.0,0.0,0.0,0.4591440334354601,0.4274999928030985,0.0,0.3606916634709829,0.0,0.4319044659127403,0.4392012084231417,0.4469065547420677,0.4384188845551821,0.0,0.4091883731493613,0.4598714392525002,0.443623800189444,0.3510408872724616,0.4315961943672939,0.0,0.4175117917998007
0.4253515939635028,0.3897227056144213,0.3615505763046331,0.4147875224303783,0.3883813395432869,0.3725404764331261,0.4166980747842683,0.3657120195218941,0.3907823962891631,0.4226540517823496,0.3483288202656811,0.3032078734601819,0.4269162492238071,0.3872810057974358,0.3445604392257296,0.3903905180638826,0.0,0.3996311918783983,0.3577814464402821,0.3204561528075824,0.3832165631409529,0.3899520865450897,0.0,0.4307206821223628,0.3889385421614194,0.3921781008043732,0.334628103470115,0.4124648044796461,0.3921584091621327,0.3995906512951093,0.4020826583393304,0.3997826809497667,0.3334457258577527,0.4231479084059431,0.4516893820688518,0.4180462091347288,0.4472244474038258,0.3304954923359683,0.4780169622822046,0.4625535595600242,0.4869269253957643,0.4981609759431051,0.4515510112278953,0.3737437223741793,0.0,0.0,0.3913858899798345,0.4416915939586857,0.0,0.4637941894357147,0.4828936462449894,0.4964420585193298,0.4269088883855309,0.5144548491871413,0.0,0.4034525697490002,0.0,0.4829477546982041,0.4442779217634185,0.4604703830723824,0.0,0.0,0.0,0.2807579614718359,0.4602142055511832,0.4487069122696729,0.4558698369312042,0.4840422175506421,0.0,0.2586651886303276,0.4877669135389613,0.4781556032756867,0.4827379623304751,0.4694987161185758,0.4800963158833173,0.4984958618579801
0.3466580811304325,0.0,0.0,0.0,0.0,0.0,0.3768902003900912,0.4775085273969672,0.3376706935024017,0.3297141648995295,0.3896305059391035,0.2786104870229136,0.4297277122422019,0.0,0.3459893917903242,0.3353685480162419,0.3376027040996123,0.3424251382815055,0.0,0.0,0.4209943238410119,0.0,0.4307206821223628,0.0,0.3177277034161697,0.3125451310346923,0.3425180166783441,0.3603243541868904,0.0,0.0,0.3313925224566518,0.3125291269998393,0.2228612558347988,0.2965640421276027,0.3296141191437353,0.3279450801553583,0.293707340506186,0.1899944632558815,0.3954171031444096,0.2755556363622296,0.348532248520332,0.0,0.0,0.0,0.2432856829009515,0.3703046096287817,0.0,0.0,0.0,0.0,0.0,0.0,0.0,0.0,0.398424391968546,0.0,0.3918933565333112,0.0,0.0,0.0,0.3908621303337096,0.4368358694516614,0.4236710943286803,0.0,0.0,0.0,0.0,0.0,0.3927713562730811,0.4170401570078706,0.4259812160190389,0.0,0.0,0.0,0.0,0.4122204156423945
0.3375887244843618,0.3583151308066681,0.0,0.0,0.4003295275640269,0.354476711964484,0.3824512691566029,0.4392555555228553,0.3372204498605987,0.3109925594205553,0.0,0.3246671444082826,0.3928636877095195,0.0,0.366850185770212,0.3676651887616147,0.3194285232805564,0.3327620787006641,0.0,0.3665523024758087,0.3723363102364561,0.3757191349954558,0.3889385421614194,0.3177277034161697,0.0,0.3342736967779927,0.3641136416252093,0.3849564166180386,0.3886726766983779,0.0,0.3462953894370216,0.3705420531800846,0.3075453419334825,0.331678184769431,0.3781903285196079,0.0,0.0,0.3235624683073846,0.4080017861745312,0.3822039045284853,0.3894593348510179,0.409042148947592,0.0,0.0,0.0,0.4037657624141144,0.4197682611128223,0.0,0.0,0.0,0.0,0.0,0.0,0.0,0.4251702334124855,0.0,0.4199941442197354,0.2649983061403296,0.0,0.0,0.4079275599321064,0.4284925293722303,0.4014294173854935,0.0,0.3723809378333089,0.3861862915081014,0.3998578292353797,0.2848583807553125,0.4073403474209506,0.4035512369294872,0.4151508592889623,0.0,0.0,0.3597642585946136,0.0,0.3883293443958334
0.3322048849446,0.3713063997734973,0.0,0.0,0.0,0.3551630008320884,0.381744484972951,0.4317138191763748,0.3415089295485758,0.2914462923316016,0.2691934282648455,0.2732263433931226,0.3867669623953789,0.0,0.3718646798630863,0.3825875148663099,0.3216595865393751,0.347720036039272,0.0,0.3793021096671992,0.3700117838576368,0.3783244848358614,0.3921781008043732,0.3125451310346923,0.3342736967779927,0.0,0.3845684066456812,0.3784881968870935,0.3816278307050776,0.0,0.3408586123579486,0.3730818514073517,0.32794131162728,0.350227714676254,0.3923997118674392,0.3799993817388978,0.0,0.3136024980549467,0.4251118152318035,0.3985563691564948,0.4107837926321757,0.428241666227882,0.0,0.0,0.0,0.4171906610505277,0.4428932768819077,0.0,0.0,0.0,0.3801319535831218,0.0,0.0,0.0,0.4240926553311834,0.0,0.4235144559204354,0.2945269711274441,0.0,0.4715664293222878,0.4187027598866446,0.4257792528431757,0.4028629283140958,0.0,0.4348446302088183,0.4581173433429786,0.4603570845896877,0.4167387957424221,0.410233460330892,0.4052178600867394,0.4363207250811593,0.4255195860605809,0.3183557822123549,0.4052463689040813,0.0,0.3962075422823384
0.398019382223704,0.3820905076603301,0.3349175947169932,0.4003494140318188,0.3515548423692922,0.349670921869121,0.4003558368163672,0.4027990217811492,0.3366279005350441,0.3909339351996154,0.3459738928947536,0.306947037383583,0.4152866413891698,0.4390951743544278,0.3164331985066811,0.3955067347686422,0.0,0.3824252648734717,0.3551127106675175,0.3598298786903294,0.4010167935904249,0.3891717535916836,0.334628103470115,0.3425180166783441,0.3641136416252093,0.3845684066456812,0.0,0.4014765263059924,0.3587819076760825,0.3672738978313909,0.373514318970695,0.3909308174035646,0.346246019422809,0.3997501184911158,0.4209856275130316,0.4303343908803815,0.4183937242409218,0.3183970243811717,0.4707539793339107,0.4080485257419775,0.4926329575878184,0.4545591246837388,0.4417639424721004,0.2722011542914533,0.0,0.0,0.3209820836560699,0.5141114004036165,0.0,0.4102944965082343,0.468291244235438,0.4834826752562751,0.4314469569854465,0.5051627619014913,0.0,0.4816287241248885,0.0,0.4834334210488127,0.4474920155516823,0.4411343110631578,0.0,0.0,0.0,0.5004016079566523,0.4463927212489725,0.426536117174058,0.4134192953694661,0.4719419321042759,0.0,0.0,0.4034439080136727,0.4623388903085598,0.4815028662973999,0.4823908994479005,0.4561354353881311,0.4953901424573993
0.3917528144847994,0.4266390336543957,0.434155777640396,0.237054105924111,0.3514527854920506,0.3846622946925844,0.3611949137890456,0.4195025844348324,0.4215164687622064,0.3718118888826515,0.4342352954468913,0.3459373027511864,0.3446648792736532,0.2881407086684363,0.3768268703079069,0.4405983218972993,0.3759771525072458,0.4049818149221502,0.4230292557025114,0.3690971740066057,0.3994690695117971,0.4168498648856299,0.4124648044796461,0.3603243541868904,0.3849564166180386,0.3784881968870935,0.4014765263059924,0.0,0.354677904837556,0.3214730646648816,0.3597164966782303,0.3775456483244074,0.3794639171241299,0.3571561817296685,0.2701114258028309,0.2701980976658731,0.2675019622711058,0.3468280861960185,0.4357693729930731,0.2714378539431969,0.3526497312327332,0.3012065913689696,0.319267808060076,0.0,0.0,0.0,0.0,0.3629882180770973,0.0,0.0,0.4862174385847375,0.0,0.4158945809944711,0.323834107258295,0.39745462248717,0.0,0.3654369898630435,0.4531990862279944,0.0,0.4044348536788154,0.0,0.0,0.0,0.0,0.4317640661541079,0.0,0.3380370138805604,0.4738348591145682,0.0,0.2933735129370258,0.3574996051091724,0.4649752554601126,0.5201203367556874,0.4745468844111926,0.0,0.4684942408663363
0.38017911861806,0.3963676695148734,0.0,0.3602853642679929,0.4568102742171294,0.3446139083342068,0.4174117938739248,0.3878701244881072,0.3834526607243854,0.3389945712928647,0.0,0.0,0.4064916840938053,0.0,0.3731302618401617,0.4215775175121238,0.312815370715498,0.4060430748375324,0.0,0.3217571425274321,0.391434325552734,0.3924279802669235,0.3921584091621327,0.0,0.3886726766983779,0.3816278307050776,0.3587819076760825,0.354677904837556,0.0,0.3411861521913412,0.3637549396861069,0.3986520227602653,0.3722061973407295,0.4064842394348816,0.4420583995672285,0.4761980088968714,0.4081196446853412,0.0,0.4478954041454191,0.3526625854814603,0.4915135010670364,0.4244188744885517,0.3906697937826225,0.0,0.0,0.0,0.3773903058934293,0.0,0.0,0.0,0.4870330409323748,0.3408815606197613,0.3768450821373721,0.2693957321842901,0.0,0.0,0.0,0.4722681538170183,0.0,0.4230273013607302,0.0,0.0,0.0,0.0,0.4232784069343256,0.4228957933738607,0.4124377488743128,0.4603276956427725,0.0,0.0,0.4099342480121522,0.4499974897789388,0.4810443369797417,0.4397470108847604,0.4311656744207123,0.4691532265032701
0.0,0.0,0.0,0.0,0.0,0.3811959551049197,0.0,0.4086776128724233,0.4004932209074058,0.0,0.0,0.0,0.3912113383205139,0.0,0.0,0.3354293110979611,0.0,0.333083354328431,0.0,0.2998948532237769,0.0,0.3232417795693462,0.3995906512951093,0.0,0.0,0.0,0.3672738978313909,0.3214730646648816,0.3411861521913412,0.0,0.3380866866482405,0.4158898874664862,0.0,0.3854627876084748,0.4407298885096975,0.0,0.0,0.0,0.0,0.0,0.0,0.0,0.0,0.0,0.0,0.0,0.0,0.0,0.0,0.0,0.0,0.0,0.0,0.0,0.0,0.0,0.0,0.0,0.0,0.0,0.0,0.0,0.0,0.0,0.0,0.0,0.0,0.4716674991538723,0.0,0.0,0.0,0.4560222141132972,0.0,0.4204264120128235,0.0,0.0
0.3334050908806441,0.3280115993302405,0.4498556769396314,0.3172975101262184,0.4264078925060072,0.408638856497641,0.3903119566635882,0.4299826648316479,0.4317004964925789,0.3209188359364638,0.4435311886937518,0.3111344666707989,0.3967420909996637,0.0,0.3705615213071093,0.3383308254762716,0.3341119589482823,0.3522010544265064,0.4408324509951301,0.3467477674744629,0.3323507845165527,0.3579015480329187,0.4020826583393304,0.3313925224566518,0.3462953894370216,0.3408586123579486,0.373514318970695,0.3597164966782303,0.3637549396861069,0.3380866866482405,0.0,0.3437466890179642,0.3013429306490988,0.2551916862354713,0.2751369127147718,0.373238866371527,0.3440162991926822,0.2716064383626737,0.3649549750652691,0.3175156042784709,0.2951596196511978,0.0,0.0,0.0,0.0,0.0,0.3969741797501236,0.0,0.0,0.0,0.4868376437144786,0.0,0.0,0.0,0.3888523601152184,0.0,0.3927084104108083,0.0,0.0,0.4278220645491646,0.3959480528244946,0.4159758980129433,0.3895814273646476,0.0,0.4192834235509415,0.4199613015996602,0.4087706275413123,0.4753875617575583,0.2440242346558049,0.3958874043002353,0.4104216501085628,0.4743884406440816,0.3734224120172819,0.4659088881198613,0.0,0.3772586061476703
0.3716236593330732,0.375603605871632,0.4432637377548137,0.2863452390217298,0.3377225064440943,0.3980122141193038,0.3707817048887697,0.3686742658341203,0.4087822186039594,0.3118567894552878,0.3928687144564344,0.2854661834175035,0.3880996802265892,0.3151157048586765,0.3919458190414304,0.390532933678671,0.3767156405072216,0.394782016621816,0.4140468661804573,0.4014141873115256,0.3670190757885254,0.3962116213338387,0.3997826809497667,0.3125291269998393,0.3705420531800846,0.3730818514073517,0.3909308174035646,0.3775456483244074,0.3986520227602653,0.4158898874664862,0.3437466890179642,0.0,0.3103550381806095,0.3225583512030466,0.3441506589502227,0.2625885225297195,0.2792590826091083,0.2331278123558986,0.2479316191247607,0.2914983552430419,0.3101916434521271,0.3263927035700192,0.2872502960467321,0.2901936666341286,0.2626591295930082,0.366056230241572,0.417816993901323,0.4295193835090028,0.0,0.335375725418543,0.4638509312666802,0.4286734812203572,0.4194163247579402,0.4322229699185187,0.277624484848342,0.3701422129798439,0.2707213567261059,0.4680622546833712,0.0,0.4376119438994997,0.4018248886592235,0.3228769700707561,0.3782809784821412,0.3778153254341847,0.4364374431995246,0.4060344959498699,0.4353568557249793,0.462890523482221,0.2190141424027506,0.3873059646130632,0.4133882844325539,0.457221087947968,0.3557763081831841,0.4464029330628628,0.0,0.4267887214262922
0.3118312184362907,0.3377780818242096,0.3217301954114437,0.0,0.366613137291947,0.3733043543669754,0.3746303059943838,0.4205666345168047,0.3762869986851597,0.2944565323238191,0.3761071478151158,0.249654932150324,0.4013271222599686,0.0,0.3633547033232422,0.3566578353932814,0.3063069424815587,0.3345549646128498,0.0,0.3671721290048755,0.3455092272891085,0.3554669298317841,0.3334457258577527,0.2228612558347988,0.3075453419334825,0.32794131162728,0.346246019422809,0.3794639171241299,0.3722061973407295,0.0,0.3013429306490988,0.3103550381806095,0.0,0.2498353894040598,0.3814882908194858,0.384520685944263,0.2451250063949468,0.1786477553078695,0.332052497349237,0.2096819470223764,0.2624752853450905,0.3638536837562756,0.0,0.0,0.1943592987102365,0.3848881077750006,0.4155812255844542,0.0,0.0,0.0,0.0,0.0,0.0,0.0,0.3383170467429392,0.0,0.3416399240455317,0.0,0.0,0.4383865700551704,0.3954967537849171,0.3500405473507962,0.3653608660916146,0.0,0.4094204748059019,0.400637738812521,0.4346702581864022,0.4435736274512791,0.3203188220931846,0.3695946953352059,0.3983533833187858,0.4460079823810833,0.2705425085723072,0.0,0.0,0.3453945626798299
0.3354745660457701,0.3306908481855537,0.4755955348044492,0.323397667149346,0.4031792849136181,0.4171767912621052,0.3937935221926221,0.43170069912769,0.4400309405934033,0.2999247916088206,0.4390388424308271,0.2507772311938782,0.391491419139912,0.3937531868062874,0.3932826686910384,0.3516146705848226,0.3274541609947716,0.3461268483548901,0.4590864190189726,0.39113138459441,0.3529933767810724,0.389506028876155,0.4231479084059431,0.2965640421276027,0.331678184769431,0.350227714676254,0.3997501184911158,0.3571561817296685,0.4064842394348816,0.3854627876084748,0.2551916862354713,0.3225583512030466,0.2498353894040598,0.0,0.289174668673631,0.3239117423283016,0.2645660471592143,0.1928703582443167,0.3126274333789391,0.226516408925739,0.2646707445547017,0.321035135402923,0.2488378353533358,0.2471299525046016,0.2266305036109404,0.384592961638467,0.4067129440207205,0.3201761438713895,0.0,0.0,0.4823551208011372,0.3206626221994618,0.4635578581747425,0.2720984859125351,0.2915955854527156,0.0,0.3115123802666972,0.2336518051638507,0.0,0.4358976171348101,0.4040606536913955,0.3752820636411001,0.3867857219620387,0.0,0.4372616925213109,0.3858206978079095,0.4318964910737503,0.4840349848160195,0.2814560214693672,0.3931829759812639,0.4258659366325624,0.4793715998785477,0.2432366903784885,0.4687288466280476,0.0,0.3814173013628025
0.3899907568110786,0.4001102484101934,0.4296713750101666,0.340171631247099,0.3488730816692729,0.4056398389963928,0.3783799165123875,0.4559499268230312,0.4219249195996546,0.2595261952085944,0.4061253696459503,0.2850887255738539,0.3893391701090442,0.0,0.4290222843963137,0.3959260530159188,0.3682336185744115,0.4162977525249779,0.0,0.4290280076348012,0.4042368294024157,0.4305640187572991,0.4516893820688518,0.3296141191437353,0.3781903285196079,0.3923997118674392,0.4209856275130316,0.2701114258028309,0.4420583995672285,0.4407298885096975,0.2751369127147718,0.3441506589502227,0.3814882908194858,0.289174668673631,0.0,0.4079835810940855,0.3029342654485797,0.2747774929062274,0.3278887946225635,0.3387517130387996,0.3331304990741568,0.3548089832356049,0.2722592291513102,0.2776497851794258,0.2875298501124906,0.0,0.4338333897285171,0.0,0.0,0.0,0.0,0.0,0.0,0.0,0.0,0.0,0.0,0.2255221421991152,0.0,0.4509473963437191,0.4123556749895866,0.0,0.0,0.0,0.4425660098081468,0.0,0.451967435785265,0.4327624263412883,0.0,0.4137489625717565,0.4448438156048465,0.4320099544547838,0.2554282305757047,0.4416789883552313,0.0,0.0
0.0,0.0,0.4066472020378346,0.1690792205359952,0.2259777284541548,0.415315423316954,0.2982255649900944,0.2393396553810577,0.4090198753090169,0.2947147694047517,0.2789207149110685,0.2845803556027779,0.310244725613352,0.2207075234474089,0.470901547707034,0.0,0.0,0.0,0.3721573743256672,0.466255770154698,0.0,0.4740853873609,0.4180462091347288,0.3279450801553583,0.0,0.3799993817388978,0.4303343908803815,0.2701980976658731,0.4761980088968714,0.0,0.373238866371527,0.2625885225297195,0.384520685944263,0.3239117423283016,0.4079835810940855,0.0,0.2110841211730041,0.2720743145221916,0.2812633272990701,0.2883029178776569,0.28014257476332,0.3054421963444979,0.2543790775637838,0.2385975368473107,0.0,0.0,0.0,0.3765648838659136,0.0,0.3075073509041416,0.4306284255285252,0.3154214324482086,0.2619179543826276,0.3690868402763749,0.0,0.3231362674403505,0.0,0.3270369381826261,0.0,0.0,0.0,0.0,0.0,0.3491735112193118,0.0,0.0,0.0,0.4663824474138786,0.0,0.0,0.0,0.0,0.2625469480483205,0.3813242009014859,0.0,0.0
0.0,0.0,0.4297154381477442,0.1910596407965639,0.2821299752894474,0.4206479826598673,0.2945556388350577,0.3652785731536559,0.435637394445537,0.2649510251772713,0.4323974496163695,0.2546877411589539,0.2995623986049093,0.1792642280562993,0.0,0.0,0.0,0.0,0.4246370721418211,0.400838938011043,0.0,0.3996817567074822,0.4472244474038258,0.293707340506186,0.0,0.0,0.4183937242409218,0.2675019622711058,0.4081196446853412,0.0,0.3440162991926822,0.2792590826091083,0.2451250063949468,0.2645660471592143,0.3029342654485797,0.2110841211730041,0.0,0.2540920267372215,0.2656530595590449,0.0,0.2715322429349751,0.2801205567310885,0.2304328324535038,0.0,0.0,0.0,0.0,0.0,0.0,0.0,0.0,0.0,0.0,0.0,0.0,0.0,0.0,0.0,0.0,0.0,0.0,0.0,0.0,0.0,0.0,0.0,0.0,0.4003270834754457,0.0,0.0,0.0,0.0,0.0,0.0,0.0,0.0
0.0,0.0,0.0,0.2300804985898844,0.3486154429776862,0.3500330388091406,0.3649637711623287,0.0,0.4397756245861953,0.3010710079227855,0.4067501767534797,0.2270867247612097,0.383777497293181,0.0,0.0,0.0,0.3061265497315817,0.0,0.3644317880708103,0.0,0.0,0.0,0.3304954923359683,0.1899944632558815,0.3235624683073846,0.3136024980549467,0.3183970243811717,0.3468280861960185,0.0,0.0,0.2716064383626737,0.2331278123558986,0.1786477553078695,0.1928703582443167,0.2747774929062274,0.2720743145221916,0.2540920267372215,0.0,0.2325020300424086,0.2048146507807832,0.2478389998404779,0.2864839828526337,0.0,0.0,0.1990947694895814,0.0,0.0,0.0,0.0,0.0,0.0,0.0,0.0,0.0,0.3252306285876318,0.0,0.3324217175451459,0.0,0.0,0.0,0.0,0.0,0.0,0.0,0.0,0.0,0.0,0.0,0.3001994440956434,0.3470201432097074,0.3841567353179583,0.0,0.2128490612131862,0.0,0.0,0.0
0.4106205815097142,0.4339980886336633,0.3721696515754635,0.0,0.2402196972113378,0.4627737408480225,0.3432728995949387,0.419035172322267,0.4156598174951156,0.2947671779041849,0.3329649066406405,0.2532822716722951,0.5069562581238557,0.0,0.4688156136594116,0.4157533744017581,0.0,0.3970224750536458,0.3637632123212753,0.4495750853025501,0.4332583082675396,0.4356986815949449,0.4780169622822046,0.3954171031444096,0.4080017861745312,0.4251118152318035,0.4707539793339107,0.4357693729930731,0.4478954041454191,0.0,0.3649549750652691,0.2479316191247607,0.332052497349237,0.3126274333789391,0.3278887946225635,0.2812633272990701,0.2656530595590449,0.2325020300424086,0.0,0.3342883410121082,0.3347753972283538,0.3546442525018188,0.2790076220295461,0.2815831862667707,0.2434476240019205,0.3800229564782391,0.3824229712330731,0.4307404727813534,0.260988282501394,0.3262963135490207,0.4062120321697204,0.3566704211318668,0.3610371509492329,0.4325764809759614,0.3142669112425783,0.4025918630144585,0.2936837364211355,0.3708824401884493,0.2487684026883391,0.4107328263708113,0.398866506640281,0.3902438998553132,0.3945993904396461,0.4330828193422247,0.4246399769176827,0.4103881301274641,0.4233471886986938,0.4076870399977075,0.2956372218782154,0.368874707397143,0.3847158202027542,0.4062960267630484,0.3619305642708043,0.4149634072789674,0.3893754692751864,0.3954681340067037
