0.0,0.2267034961795277,0.0,0.0,0.0,0.2296654474362744,0.0,0.3331754494610813,0.0,0.0,0.0,0.233327554754438,0.0,0.0,0.2313432112397855,0.2358672859763061,0.0,0.2041919653669434,0.0,0.2606287769227811,0.2670674985277189,0.2335112445635994,0.2845643186892684,0.2350982109956377,0.2006084482289023,0.2032300409095903,0.2429339286511252,0.209725476217354,0.2433514676017105,0.0,0.2230924816584635,0.2677956061298654,0.1855491272904741,0.2041413517077785,0.2660055913849957,0.0,0.0,0.0,0.2791374610316532,0.2496902738229313,0.2527552823806894,0.0,0.0,0.0,0.0,0.233383341864625,0.2668184789515554,0.0,0.0,0.0,0.0,0.0,0.0,0.0,0.0,0.0,0.0,0.0,0.0,0.0,0.2608517344168748,0.0,0.2565742094469662,0.0,0.0,0.2426686523453617,0.2727403464552084,0.0,0.2369377063397437,0.2394612154282528,0.2545199008916041,0.0,0.0,0.0,0.0,0.0
0.2267034961795277,0.0,0.0,0.0,0.2305926867775921,0.2519254784606314,0.2400697796517232,0.0,0.2304781147366528,0.0,0.0,0.0,0.2683172644565226,0.0,0.2541099368561333,0.2439268617082953,0.0,0.2286769654660138,0.0,0.2560687134109202,0.2323691348065177,0.2498456829992866,0.2695555468189594,0.0,0.2161944094911355,0.2342421727599016,0.2639196725153852,0.2664544999027277,0.2505867548620763,0.0,0.2240032800693562,0.2703424934283782,0.2013773503596655,0.2306868376875311,0.2735529142139843,0.0,0.0,0.0,0.2754485009606167,0.2605294567227624,0.2698419335993012,0.2928012143246518,0.0,0.0,0.0,0.266860598435335,0.2785241464880776,0.0,0.0,0.0,0.0,0.0,0.0,0.0,0.0,0.0,0.0,0.0,0.0,0.2770180046862296,0.2678336417663228,0.0,0.2395319866562289,0.0,0.2559648365259456,0.2578376964411762,0.2763450732592957,0.2418875181326948,0.0,0.2383676112984259,0.2745592382144308,0.2698753740127296,0.0,0.2618015249233118,0.0,0.2524111746015288
0.0,0.0,0.0,0.0,0.2173813267372191,0.2306447897669705,0.2463264150611122,0.2301169205627824,0.1880481861478762,0.2199209908097927,0.2170413492075575,0.0,0.2473644924897684,0.0,0.0,0.0,0.0,0.0,0.1820976057627325,0.0,0.0,0.0,0.191103619760097,0.0,0.0,0.0,0.2169323199707565,0.2425365548685588,0.0,0.227160328961388,0.2567891459441594,0.2282018760955535,0.0,0.2334631193230484,0.2636702721638063,0.2254010188945106,0.2211702844437778,0.0,0.2579973678817079,0.0,0.0,0.0,0.0,0.0,0.0,0.0,0.0,0.2111197652950323,0.0,0.2754797522336891,0.3059080422693351,0.0,0.2605394366819611,0.3215352989833148,0.0,0.0,0.0,0.0,0.0,0.0,0.0,0.0,0.0,0.0,0.0,0.0,0.0,0.3226982951722787,0.0,0.0,0.0,0.287833968360306,0.0,0.0,0.0,0.0
0.0,0.0,0.0,0.0,0.1266201789305679,0.2409638152749441,0.1895769735950905,0.167414295563977,0.227613365503127,0.0,0.2042802654968565,0.0,0.1681476639467429,0.1738592850846002,0.0,0.0,0.0,0.0,0.2086989586566935,0.0,0.0,0.0,0.2359321519813903,0.0,0.0,0.0,0.2563548956295409,0.0960375753358522,0.0,0.0,0.0,0.1874408056930389,0.0,0.1848424223599245,0.2103804123714171,0.1049624692802303,0.0912726324439483,0.0,0.0,0.0,0.0,0.0,0.0,0.0,0.0,0.0,0.0,0.0,0.0,0.0,0.0,0.0,0.0,0.0,0.0,0.0,0.0,0.0,0.0,0.0,0.0,0.0,0.0,0.0,0.0,0.0,0.0,0.0,0.0,0.0,0.0,0.0,0.0,0.0,0.0,0.0
0.0,0.2305926867775921,0.2173813267372191,0.1266201789305679,0.0,0.2393847838161978,0.2087722735850788,0.2428778674444025,0.2203489400505809,0.1786291075311654,0.2131849446056415,0.2134794226255238,0.2211723202044235,0.1803780448563797,0.0,0.0,0.0,0.0,0.2336057920146341,0.2680172690678153,0.0,0.269663476412224,0.2354695082957817,0.0,0.2121772540279724,0.0,0.2493516526204281,0.2095325189864301,0.2578072415142745,0.0,0.2596275686881261,0.2558694444229786,0.2085336836738691,0.2626756939990877,0.259663304480591,0.1607441890601659,0.1549382825232327,0.1975716036725396,0.0,0.0,0.0,0.0,0.0,0.0,0.0,0.0,0.0,0.2583946214904916,0.0,0.0,0.0,0.0,0.0,0.0,0.0,0.0,0.0,0.0,0.0,0.0,0.0,0.0,0.0,0.0,0.0,0.0,0.0,0.287892136050552,0.0,0.0,0.0,0.2540946683042068,0.0,0.0,0.0,0.0
0.2296654474362744,0.2519254784606314,0.2306447897669705,0.2409638152749441,0.2393847838161978,0.0,0.2628177684399561,0.2289947924467378,0.2091331950360692,0.2359707882800787,0.2307574751288764,0.0,0.2567897563549938,0.0,0.2665114990979971,0.2612282344892916,0.0,0.2226564492025969,0.2048105978750269,0.2662239360333493,0.2440618131318255,0.2750532527223805,0.2330474151303967,0.0,0.2348552522866984,0.2644965556048035,0.2343669239801415,0.2390096666071156,0.2231304560866557,0.2509817998801824,0.2628212711521083,0.2637464241011087,0.2149014909611671,0.2672959696589272,0.2804646606495176,0.2866932846431359,0.2567971649119496,0.0,0.3098093458363351,0.0,0.3060481829993692,0.2883548320570127,0.2469413543456252,0.0,0.0,0.0,0.0,0.3178005357529632,0.0,0.0,0.2971616897224594,0.2775089304703627,0.2997213253144156,0.3026647276549464,0.0,0.0,0.0,0.2871546023466012,0.0,0.2678555681391821,0.0,0.0,0.0,0.0,0.2690012375021753,0.2417971583689828,0.2470422596810728,0.3064359361875067,0.0,0.0,0.0,0.300487362648493,0.2800669227219587,0.2929161024084341,0.0,0.3162076011535532
0.0,0.2400697796517232,0.2463264150611122,0.1895769735950905,0.2087722735850788,0.2628177684399561,0.0,0.2593824901935959,0.2395824464695981,0.156007898939803,0.2682757513756232,0.2099587956308937,0.2124550311937122,0.2132796046369655,0.0,0.2357695487176168,0.2162591275109278,0.226586431618798,0.2667904349716926,0.269677961665543,0.0,0.2742616544161092,0.2457120677256661,0.249982756709297,0.2094994980098081,0.2130636383681023,0.2606015142591105,0.20665152255954,0.2651694783903391,0.0,0.2432048959222583,0.2297307938442385,0.2027339617914056,0.2490018368083915,0.2558560026762485,0.2054181005720577,0.2082166746026387,0.2159485289418997,0.0,0.0,0.0,0.0,0.0,0.0,0.0,0.0,0.0,0.0,0.0,0.0,0.232481406224187,0.0,0.0,0.0,0.0,0.0,0.0,0.0,0.0,0.0,0.0,0.0,0.0,0.0,0.0,0.0,0.0,0.3011141055843698,0.0,0.0,0.0,0.2573393777713312,0.0,0.0,0.0,0.0
0.3331754494610813,0.0,0.2301169205627824,0.167414295563977,0.2428778674444025,0.2289947924467378,0.2593824901935959,0.0,0.2381899090120455,0.0,0.1763387525293244,0.0,0.2551113724798759,0.2423956133751654,0.0,0.0,0.0,0.0,0.2071881883824864,0.282559239179527,0.258870710912446,0.218681288138764,0.2042575529462761,0.3255917942728171,0.300821710863451,0.2953794970969274,0.2483085216870533,0.2470847709635253,0.2315688817036221,0.2494609791928671,0.2814407790329032,0.260387143157106,0.2390944290348099,0.289543542357815,0.2900644449698961,0.1525777168519212,0.0,0.0,0.2975052538158966,0.0,0.3066613544701961,0.0,0.2439653043801133,0.0,0.0,0.0,0.0,0.3135503297854775,0.0,0.0,0.262410371478062,0.0,0.1907425627958031,0.0,0.0,0.2565071232542938,0.0,0.0,0.0,0.0,0.0,0.0,0.0,0.0,0.0,0.0,0.0,0.2917930511365222,0.0,0.0,0.0,0.2999007744870583,0.2702425498368747,0.2650109489746273,0.0,0.2788903072289194
0.0,0.2304781147366528,0.1880481861478762,0.227613365503127,0.2203489400505809,0.2091331950360692,0.2395824464695981,0.2381899090120455,0.0,0.2183111709294543,0.206608525352422,0.1971968306491387,0.2332313933061874,0.1963004658402513,0.0,0.2346295429802868,0.0,0.0,0.1728283217690185,0.2680970163191187,0.0,0.2609529877178182,0.2276549004278221,0.0,0.0,0.0,0.2331310905586385,0.2651557851793998,0.2594292755505124,0.2380326772849424,0.280972525879965,0.2650071236569652,0.2331051323670888,0.2704153979650604,0.2602701195851457,0.2513750684191694,0.240414963138742,0.1842263224424751,0.2319955614214547,0.0,0.0,0.0,0.254755300489455,0.0,0.0,0.0,0.0,0.2572150235602078,0.0,0.0,0.2954293197803828,0.0,0.0,0.0,0.0,0.0,0.0,0.0,0.0,0.0,0.0,0.0,0.0,0.0,0.0,0.0,0.0,0.318906625514253,0.0,0.0,0.0,0.309080384090621,0.0,0.0,0.0,0.0
0.0,0.0,0.2199209908097927,0.0,0.1786291075311654,0.2359707882800787,0.156007898939803,0.0,0.2183111709294543,0.0,0.2248467088818448,0.15706359317065,0.2282005477931866,0.0,0.0,0.1953699906619676,0.1865209530181411,0.1687031491954881,0.2184920034046629,0.0,0.0,0.1941896387291374,0.2547885728431003,0.1665061675506621,0.164120184225974,0.1878077557033081,0.2356302962500074,0.2094495682891867,0.0,0.0,0.2005247839046394,0.218105694746342,0.1594786911671993,0.1848010460022366,0.1929949043375632,0.1872142276355066,0.1629879647512745,0.1507620893664777,0.1768807358039489,0.2198909122392775,0.2109647201731837,0.0,0.0,0.0,0.0,0.0,0.0,0.0,0.0,0.0,0.0,0.0,0.0,0.0,0.2438262240215658,0.0,0.2437220705970078,0.0,0.0,0.0,0.0,0.224973509668651,0.1916500186345593,0.0,0.0,0.0,0.0,0.0,0.2278760314127005,0.2243438720558524,0.2302251297697675,0.0,0.0,0.0,0.0,0.2426823453117169
0.0,0.0,0.2170413492075575,0.2042802654968565,0.2131849446056415,0.2307574751288764,0.2682757513756232,0.1763387525293244,0.206608525352422,0.2248467088818448,0.0,0.2094052976428501,0.2618949763556173,0.2139504351988012,0.0,0.0,0.0,0.0,0.1929254015756777,0.0,0.0,0.0,0.1804753029209203,0.0,0.0,0.0,0.2250076771530239,0.248785920829468,0.0,0.0,0.2773481642408688,0.251823619734441,0.2002095877436585,0.2610924638230281,0.2607734085043937,0.1762891702734414,0.209449382441982,0.1938656008334255,0.2097560871682389,0.0,0.0,0.0,0.2160247232500055,0.0,0.0,0.0,0.0,0.2332108897836572,0.0,0.0,0.0,0.2143785253449219,0.0,0.2201340291543073,0.0,0.2052384719722297,0.0,0.2049462713831597,0.0,0.0,0.0,0.0,0.0,0.1875147260549605,0.0,0.0,0.0,0.2665685579283591,0.0,0.0,0.0,0.2562716279607631,0.0,0.0,0.0,0.0
0.233327554754438,0.0,0.0,0.0,0.2134794226255238,0.0,0.2099587956308937,0.0,0.1971968306491387,0.15706359317065,0.2094052976428501,0.0,0.1523873456757902,0.0,0.0,0.0,0.1882345796525208,0.1509717681361344,0.0,0.0,0.0,0.0,0.0,0.1603403631562622,0.1320248266204524,0.1527367690963445,0.0,0.1749588916970678,0.0,0.0,0.1900910617427497,0.1672000994446038,0.1484958000794851,0.1529155259677419,0.1732339710203909,0.1698358873998102,0.1397002860734672,0.1183137331221818,0.2709720618471461,0.2314572322609644,0.2162586953192777,0.0,0.0,0.0,0.1859818126711446,0.0,0.0,0.0,0.0,0.0,0.0,0.0,0.0,0.0,0.2598598882691088,0.0,0.264544857190709,0.0,0.0,0.0,0.0,0.2105663731961232,0.2102495634282074,0.0,0.0,0.0,0.0,0.0,0.2290305726775827,0.2347148016167272,0.2357481475181288,0.0,0.0,0.0,0.0,0.2603775303697963
0.0,0.2683172644565226,0.2473644924897684,0.1681476639467429,0.2211723202044235,0.2567897563549938,0.2124550311937122,0.2551113724798759,0.2332313933061874,0.2282005477931866,0.2618949763556173,0.1523873456757902,0.0,0.2157455485543559,0.2713226839277964,0.2824255084828729,0.1901978773532511,0.2329690558990639,0.2659418734000868,0.2734685534875095,0.2502281593011781,0.284587962516316,0.2506979800076955,0.134361562070303,0.250936336262706,0.2503522556976789,0.2634079882970744,0.206779077300568,0.2484651871514118,0.2299076161666856,0.2351661501619991,0.2238300604298942,0.2255254796803129,0.2496839843215288,0.2545216907822185,0.1482695775159064,0.1585410854234692,0.1768048606869939,0.2364258026305545,0.0,0.0,0.0,0.0,0.0,0.0,0.0,0.0,0.2760600625265078,0.0,0.0,0.1941323887817988,0.0,0.0,0.0,0.0,0.0,0.0,0.0,0.0,0.0,0.0,0.0,0.0,0.0,0.0,0.0,0.0,0.3085135789371679,0.0,0.0,0.0,0.2842477108650173,0.0,0.2529069823955667,0.0,0.0
0.0,0.0,0.0,0.1738592850846002,0.1803780448563797,0.0,0.2132796046369655,0.2423956133751654,0.1963004658402513,0.0,0.2139504351988012,0.0,0.2157455485543559,0.0,0.0,0.0,0.0,0.0,0.2122527771381608,0.0,0.0,0.0,0.0,0.0,0.0,0.0,0.0,0.1135118072585149,0.0,0.0,0.0,0.1421945585043889,0.0,0.0,0.0,0.1365061580173792,0.1135318214021937,0.0,0.0,0.0,0.0,0.0,0.2364986454588936,0.0,0.0,0.0,0.0,0.0,0.0,0.0,0.0,0.0,0.0,0.0,0.0,0.2694755927596566,0.0,0.0,0.0,0.0,0.0,0.0,0.0,0.0,0.0,0.0,0.0,0.2820785482514329,0.0,0.0,0.0,0.0,0.0,0.0,0.0,0.0
0.2313432112397855,0.2541099368561333,0.0,0.0,0.0,0.2665114990979971,0.0,0.0,0.0,0.0,0.0,0.0,0.2713226839277964,0.0,0.0,0.2661466131241304,0.0,0.2433069324192387,0.0,0.1887196121763994,0.2248834277329197,0.2458413449393906,0.2318570225340969,0.247303212912204,0.2291520943405411,0.2300058964581004,0.2416060803758118,0.2603712387826948,0.26231476654961,0.0,0.2639421111737756,0.2874272850092831,0.2289125693118345,0.2800961823486462,0.3113943667969274,0.3433771037804496,0.0,0.0,0.3038614860441115,0.299141690028865,0.2874589070961315,0.3283189715360378,0.0,0.0,0.0,0.0,0.2901166677346545,0.0,0.0,0.0,0.3005356489937687,0.0,0.3181919069005927,0.0,0.0,0.0,0.0,0.0,0.0,0.3171850436286611,0.254678372882894,0.0,0.0,0.0,0.3094837089638489,0.2987865822802466,0.3176457425035588,0.297164048876392,0.0,0.0,0.2988493585706383,0.3115462265186273,0.2784726641496959,0.292226522664395,0.0,0.2753825481813232
0.2358672859763061,0.2439268617082953,0.0,0.0,0.0,0.2612282344892916,0.2357695487176168,0.0,0.2346295429802868,0.1953699906619676,0.0,0.0,0.2824255084828729,0.0,0.2661466131241304,0.0,0.2220684034549841,0.2155504908209146,0.0,0.2526202985034231,0.2472819730675354,0.2280371211380817,0.2735988317227926,0.1971897201867595,0.2205082888306929,0.2464355514708366,0.2728881546423461,0.2528147486418776,0.25899938107089,0.2488283205219623,0.2368392675779136,0.2885840493029292,0.2465536567864098,0.2454636033411412,0.3041765740188563,0.0,0.0,0.0,0.2841423545470227,0.2514246332099743,0.2641277756405096,0.2897850134363554,0.0,0.0,0.0,0.2718990622143596,0.2725167682851814,0.0,0.0,0.0,0.0,0.0,0.0,0.0,0.0,0.0,0.0,0.0,0.0,0.2794148306795782,0.2679966488640976,0.0,0.2523856016154229,0.0,0.243727829076003,0.2551339151597916,0.2700290640218281,0.0,0.0,0.2497863461179411,0.2664584810534301,0.0,0.0,0.0,0.0,0.2512458483267848
0.0,0.0,0.0,0.0,0.0,0.0,0.2162591275109278,0.0,0.0,0.1865209530181411,0.0,0.1882345796525208,0.1901978773532511,0.0,0.0,0.2220684034549841,0.0,0.1747672660925977,0.0,0.2178217750585337,0.0,0.2208200502132343,0.0,0.2128345771877404,0.1578959624093115,0.1667354226297985,0.0,0.211468196113086,0.0,0.0,0.2061178752102306,0.2420032642626491,0.1617749302329146,0.2107413580281037,0.2185692876280836,0.0,0.0,0.1883596675692337,0.0,0.2253757018973287,0.2121744052329437,0.0,0.0,0.0,0.0,0.0,0.0,0.0,0.0,0.0,0.0,0.0,0.0,0.0,0.2488690913837926,0.0,0.2246488197764924,0.0,0.0,0.0,0.0,0.2148306380831389,0.2001273434983216,0.0,0.0,0.0,0.0,0.0,0.2321128708895549,0.2478793981509798,0.2462932588329026,0.0,0.0,0.0,0.0,0.0
0.2041919653669434,0.2286769654660138,0.0,0.0,0.0,0.2226564492025969,0.226586431618798,0.0,0.0,0.1687031491954881,0.0,0.1509717681361344,0.2329690558990639,0.0,0.2433069324192387,0.2155504908209146,0.1747672660925977,0.0,0.0,0.2564816776186874,0.2400471470722924,0.2422999074242315,0.2485915523771928,0.1857677534163017,0.1736747913893813,0.1955951078349349,0.2472240009414937,0.236799309677788,0.2611950032151685,0.0,0.2142472934974105,0.2393898759793787,0.1754519515571322,0.216320140515598,0.2421011796333524,0.0,0.0,0.0,0.2761695398551094,0.2372648111135546,0.2481820063757183,0.2617901258678007,0.0,0.0,0.0,0.23903541514405,0.258092505789348,0.0,0.0,0.0,0.0,0.0,0.0,0.0,0.2291201980208731,0.0,0.2303637833731635,0.0,0.0,0.0,0.2472116418485781,0.2398540389868675,0.2305850253580751,0.0,0.0,0.0,0.2501744603770385,0.0,0.205554275469162,0.2284311884682879,0.236922115501595,0.0,0.0,0.0,0.0,0.2398464999735442
0.0,0.0,0.1820976057627325,0.2086989586566935,0.2336057920146341,0.2048105978750269,0.2667904349716926,0.2071881883824864,0.1728283217690185,0.2184920034046629,0.1929254015756777,0.0,0.2659418734000868,0.2122527771381608,0.0,0.0,0.0,0.0,0.0,0.0,0.0,0.0,0.1698377986322848,0.0,0.0,0.0,0.2270835706255465,0.2645322845606131,0.0,0.0,0.2584196999315482,0.2572843104486707,0.0,0.2267914122241116,0.2608215384781289,0.2183966600967855,0.2266345181406817,0.0,0.2181620160682743,0.0,0.0,0.0,0.0,0.0,0.0,0.0,0.0,0.1605081449613452,0.0,0.0,0.0,0.0,0.0,0.0,0.0,0.0,0.0,0.0,0.0,0.0,0.0,0.0,0.0,0.0,0.0,0.0,0.0,0.2826250217682747,0.0,0.0,0.0,0.2614509465119963,0.0,0.0,0.0,0.0
0.2606287769227811,0.2560687134109202,0.0,0.0,0.2680172690678153,0.2662239360333493,0.269677961665543,0.282559239179527,0.2680970163191187,0.0,0.0,0.0,0.2734685534875095,0.0,0.1887196121763994,0.2526202985034231,0.2178217750585337,0.2564816776186874,0.0,0.0,0.2336338313839743,0.2466098783635656,0.1331969919589416,0.0,0.238593530190509,0.2607898835113958,0.2147631849051279,0.2335436566154994,0.2138241269964114,0.2281863008140694,0.2597680200687861,0.2971943291117052,0.240082217797085,0.2851435273913164,0.3195481119743122,0.3320913844127287,0.2908991493394616,0.0,0.3022067462971476,0.2599931395496478,0.2608096013157818,0.3127945826945789,0.0,0.0,0.0,0.0,0.237819728630554,0.0,0.0,0.0,0.2865217929151038,0.0,0.3074567843810312,0.0,0.0,0.0,0.0,0.0,0.0,0.2913954638282566,0.0,0.0,0.0,0.0,0.3030578498745562,0.2773000425286391,0.3103172294714243,0.2879097314747537,0.0,0.0,0.3001784807482418,0.3144758651485708,0.2916844343516127,0.2741971142335088,0.0,0.2981542993707622
0.2670674985277189,0.2323691348065177,0.0,0.0,0.0,0.2440618131318255,0.0,0.258870710912446,0.0,0.0,0.0,0.0,0.2502281593011781,0.0,0.2248834277329197,0.2472819730675354,0.0,0.2400471470722924,0.0,0.2336338313839743,0.0,0.2492437947568608,0.2354013607678115,0.3084695638838884,0.2232039287950451,0.2391755209907005,0.2491291408470992,0.243912911088706,0.2533824785120864,0.0,0.2373612611014461,0.2757800315691883,0.1985460701641155,0.259560869554446,0.3025269520004943,0.0,0.0,0.0,0.2951477020399461,0.2473933593252618,0.2709208995911143,0.3124780183491278,0.0,0.0,0.0,0.2453130145311946,0.2814218299867393,0.0,0.0,0.0,0.0,0.0,0.0,0.0,0.0,0.0,0.0,0.0,0.0,0.2995622641637357,0.2403763428050814,0.0,0.0,0.0,0.2854357345476235,0.2676752022393057,0.2882564218132077,0.2895713595429883,0.0,0.2055547865109779,0.2947168806209124,0.3064307636031055,0.0,0.2993826188615461,0.0,0.2655090698079416
0.2335112445635994,0.2498456829992866,0.0,0.0,0.269663476412224,0.2750532527223805,0.2742616544161092,0.218681288138764,0.2609529877178182,0.1941896387291374,0.0,0.0,0.284587962516316,0.0,0.2458413449393906,0.2280371211380817,0.2208200502132343,0.2422999074242315,0.0,0.2466098783635656,0.2492437947568608,0.0,0.2723772578393181,0.0,0.2373329384231152,0.254400387532494,0.286813266795148,0.2610154263879241,0.2469741299479605,0.2141322463791284,0.2568363244183754,0.3065264844573223,0.2634928760234181,0.2909362024929919,0.3326203914586043,0.3539513672261202,0.3125336984573929,0.0,0.2977880101382623,0.2903379205438492,0.2906462061010795,0.3165763461616571,0.0,0.0,0.0,0.2750201025845304,0.2754032619263949,0.0,0.0,0.0,0.2586935030040903,0.0,0.0,0.0,0.0,0.0,0.0,0.0,0.0,0.3206936872747549,0.2433841162868265,0.0,0.2112410164161645,0.0,0.3076281476735056,0.296467183429435,0.3006045275372608,0.3056694524914545,0.0,0.2282397349686072,0.3000343484295476,0.2920409254718632,0.0,0.2976665555936134,0.0,0.263105743059508
0.2845643186892684,0.2695555468189594,0.191103619760097,0.2359321519813903,0.2354695082957817,0.2330474151303967,0.2457120677256661,0.2042575529462761,0.2276549004278221,0.2547885728431003,0.1804753029209203,0.0,0.2506979800076955,0.0,0.2318570225340969,0.2735988317227926,0.0,0.2485915523771928,0.1698377986322848,0.1331969919589416,0.2354013607678115,0.2723772578393181,0.0,0.2776745121125153,0.2523217173504229,0.2687813771265435,0.202052069689098,0.2513414378778367,0.2454909288687259,0.2493775389660848,0.2629407355643605,0.2561058924706879,0.1970946032527466,0.2720768747873966,0.2576555222516523,0.2486948821668358,0.2420337793602509,0.0,0.314628975956253,0.3051270194332142,0.3353528955747835,0.338070114186583,0.0,0.0,0.0,0.0,0.2229558691164596,0.3036437198070202,0.0,0.2643888819363443,0.3098336481259048,0.3195790361021783,0.315781060513681,0.3149990555170863,0.0,0.2685496413514973,0.0,0.320202897807737,0.0,0.305458549555345,0.0,0.0,0.0,0.0,0.3129507109261996,0.2855503135834796,0.3019328600001056,0.3224544035129922,0.0,0.0,0.2955849674210016,0.314223274222914,0.3139272660239536,0.3047608837315451,0.3102345655353888,0.3258919296900157
0.2350982109956377,0.0,0.0,0.0,0.0,0.0,0.249982756709297,0.3255917942728171,0.0,0.1665061675506621,0.0,0.1603403631562622,0.134361562070303,0.0,0.247303212912204,0.1971897201867595,0.2128345771877404,0.1857677534163017,0.0,0.0,0.3084695638838884,0.0,0.2776745121125153,0.0,0.1940820766856711,0.1834985733414236,0.1931373289655867,0.1872584188255255,0.0,0.0,0.2123192596748299,0.1877560635844457,0.1403170174875584,0.168675334640565,0.1950637291139053,0.1775130213879799,0.0,0.1391132338986447,0.2849418640421712,0.2347501250670752,0.2378345944437559,0.0,0.0,0.0,0.0,0.2647005646713462,0.0,0.0,0.0,0.0,0.0,0.0,0.0,0.0,0.2510971368992147,0.0,0.242769150963801,0.0,0.0,0.0,0.2555576330283345,0.2518349828643477,0.2548383542762795,0.0,0.0,0.0,0.0,0.0,0.2374785546165413,0.2487349620465553,0.2515171784862013,0.0,0.0,0.0,0.0,0.2653756357327659
0.2006084482289023,0.2161944094911355,0.0,0.0,0.2121772540279724,0.2348552522866984,0.2094994980098081,0.300821710863451,0.0,0.164120184225974,0.0,0.1320248266204524,0.250936336262706,0.0,0.2291520943405411,0.2205082888306929,0.1578959624093115,0.1736747913893813,0.0,0.238593530190509,0.2232039287950451,0.2373329384231152,0.2523217173504229,0.1940820766856711,0.0,0.2001405465239371,0.2438114980438611,0.2440351156743281,0.2369718892124697,0.0,0.2068634240204055,0.2500956719901634,0.1695104739346831,0.2011311676374258,0.2318791252844434,0.0,0.0,0.1701463656155006,0.2751636070513729,0.2352395357370822,0.2518363160026406,0.2750869296436622,0.0,0.0,0.0,0.2478323700423503,0.2629570973481057,0.0,0.0,0.0,0.0,0.0,0.0,0.0,0.2461260540029226,0.0,0.2475761329676168,0.0,0.0,0.0,0.2506531414571386,0.2389085995201172,0.2404745486275534,0.0,0.2298246647095846,0.2072580600365601,0.1984877668487157,0.0,0.2432738472238034,0.2370940866100975,0.2457252939282687,0.0,0.0,0.0,0.0,0.2423229664141256
0.2032300409095903,0.2342421727599016,0.0,0.0,0.0,0.2644965556048035,0.2130636383681023,0.2953794970969274,0.0,0.1878077557033081,0.0,0.1527367690963445,0.2503522556976789,0.0,0.2300058964581004,0.2464355514708366,0.1667354226297985,0.1955951078349349,0.0,0.2607898835113958,0.2391755209907005,0.254400387532494,0.2687813771265435,0.1834985733414236,0.2001405465239371,0.0,0.273870529705508,0.2007096036973203,0.2394232723263565,0.0,0.2180200502205603,0.2644905468355476,0.1924901453322762,0.2217504111698404,0.2673534172014463,0.290102192880017,0.0,0.177740997093079,0.2773628263941282,0.2463972755519928,0.2589993365253595,0.3003043881702086,0.0,0.0,0.0,0.2569775974615539,0.2860512272429568,0.0,0.0,0.0,0.0,0.0,0.0,0.0,0.2359866003317681,0.0,0.2296949507528758,0.0,0.0,0.3162321007106793,0.2613349700372357,0.2459136632323121,0.2418389693075375,0.0,0.2899065426206363,0.2810436676253085,0.2857242188298995,0.2840716492191756,0.2432772940915264,0.2414235660018446,0.262285583305167,0.2863095404524223,0.0,0.2255969326004931,0.0,0.2509360363843648
0.2429339286511252,0.2639196725153852,0.2169323199707565,0.2563548956295409,0.2493516526204281,0.2343669239801415,0.2606015142591105,0.2483085216870533,0.2331310905586385,0.2356302962500074,0.2250076771530239,0.0,0.2634079882970744,0.0,0.2416060803758118,0.2728881546423461,0.0,0.2472240009414937,0.2270835706255465,0.2147631849051279,0.2491291408470992,0.286813266795148,0.202052069689098,0.1931373289655867,0.2438114980438611,0.273870529705508,0.0,0.2556414973299091,0.2384601887264958,0.2495619468263862,0.2687718628969597,0.2749739393164262,0.2328796060186329,0.2838369696231145,0.3021342965818857,0.3182010898843379,0.2697667676317897,0.0,0.3109276995132217,0.0,0.3178915149989411,0.3268747103893086,0.0,0.0,0.0,0.0,0.208114183748431,0.3093733604839314,0.0,0.0,0.3029594464134661,0.282242555363605,0.3135560193756046,0.2996895383031881,0.0,0.0,0.0,0.2696085373693338,0.0,0.3011981838267908,0.0,0.0,0.0,0.2687007784911026,0.3066018542869979,0.2920146394773366,0.2796242785412213,0.3102613131322465,0.0,0.0,0.2822202066182486,0.3054589628483573,0.2821006292070617,0.2921720716057978,0.296822000033383,0.3146134941305568
0.209725476217354,0.2664544999027277,0.2425365548685588,0.0960375753358522,0.2095325189864301,0.2390096666071156,0.20665152255954,0.2470847709635253,0.2651557851793998,0.2094495682891867,0.248785920829468,0.1749588916970678,0.206779077300568,0.1135118072585149,0.2603712387826948,0.2528147486418776,0.211468196113086,0.236799309677788,0.2645322845606131,0.2335436566154994,0.243912911088706,0.2610154263879241,0.2513414378778367,0.1872584188255255,0.2440351156743281,0.2007096036973203,0.2556414973299091,0.0,0.2062075088791484,0.1985287691818419,0.2283680092345915,0.2270130474948589,0.2080984566243365,0.2423165178674495,0.2165564423801178,0.1286758970304194,0.1331483866319439,0.1918406621656969,0.2784823150788045,0.0,0.3024057869376337,0.0,0.0,0.0,0.0,0.0,0.0,0.0,0.0,0.0,0.2772874424111666,0.0,0.2672360123237923,0.0,0.0,0.0,0.0,0.0,0.0,0.0,0.0,0.0,0.0,0.0,0.0,0.0,0.0,0.3082415829300029,0.0,0.0,0.0,0.305580642419697,0.2738943848610023,0.271736775092966,0.0,0.2776322481756033
0.2433514676017105,0.2505867548620763,0.0,0.0,0.2578072415142745,0.2231304560866557,0.2651694783903391,0.2315688817036221,0.2594292755505124,0.0,0.0,0.0,0.2484651871514118,0.0,0.26231476654961,0.25899938107089,0.0,0.2611950032151685,0.0,0.2138241269964114,0.2533824785120864,0.2469741299479605,0.2454909288687259,0.0,0.2369718892124697,0.2394232723263565,0.2384601887264958,0.2062075088791484,0.0,0.2108020019376738,0.226401067246676,0.2714061842134384,0.237013738645649,0.2469214906747365,0.2823780526491676,0.2987315662199361,0.0,0.0,0.2980503665143254,0.0,0.2847044314196292,0.3017927540699528,0.0,0.0,0.0,0.0,0.2226982658053229,0.0,0.0,0.0,0.2685498809809004,0.0,0.2833346567979221,0.0,0.0,0.0,0.0,0.2589549660681317,0.0,0.2797976186628031,0.0,0.0,0.0,0.0,0.2895942981111931,0.2713525106339399,0.2603646955000722,0.2950363070921176,0.0,0.0,0.2340233030581285,0.2991799493271393,0.2762646313063636,0.287748422878254,0.0,0.2887839908630485
0.0,0.0,0.227160328961388,0.0,0.0,0.2509817998801824,0.0,0.2494609791928671,0.2380326772849424,0.0,0.0,0.0,0.2299076161666856,0.0,0.0,0.2488283205219623,0.0,0.0,0.0,0.2281863008140694,0.0,0.2141322463791284,0.2493775389660848,0.0,0.0,0.0,0.2495619468263862,0.1985287691818419,0.2108020019376738,0.0,0.2166794924646647,0.272257371994118,0.0,0.2405564228377437,0.0,0.0,0.0,0.0,0.3066973359350239,0.0,0.0,0.0,0.0,0.0,0.0,0.0,0.0,0.0,0.0,0.0,0.0,0.0,0.0,0.0,0.0,0.0,0.0,0.0,0.0,0.0,0.0,0.0,0.0,0.0,0.0,0.0,0.0,0.3094502323295837,0.0,0.0,0.0,0.3035831223700936,0.0,0.0,0.0,0.0
0.2230924816584635,0.2240032800693562,0.2567891459441594,0.0,0.2596275686881261,0.2628212711521083,0.2432048959222583,0.2814407790329032,0.280972525879965,0.2005247839046394,0.2773481642408688,0.1900910617427497,0.2351661501619991,0.0,0.2639421111737756,0.2368392675779136,0.2061178752102306,0.2142472934974105,0.2584196999315482,0.2597680200687861,0.2373612611014461,0.2568363244183754,0.2629407355643605,0.2123192596748299,0.2068634240204055,0.2180200502205603,0.2687718628969597,0.2283680092345915,0.226401067246676,0.2166794924646647,0.0,0.2611119678497308,0.2017081281147387,0.2015712343028124,0.2318525194801747,0.2557210914990815,0.1893728092626512,0.1814475956669232,0.2790971684802618,0.2621772394936102,0.2656050342584881,0.0,0.0,0.0,0.0,0.2394705870562507,0.2622820614015783,0.0,0.0,0.0,0.2889882392682444,0.0,0.0,0.0,0.2305118717538842,0.0,0.2482154112646952,0.0,0.0,0.30525146825535,0.2628100707334361,0.0,0.2464337939799092,0.0,0.2918419250514556,0.2695282918641394,0.2715808675302383,0.3224801958160996,0.2713588864857631,0.2434395551342085,0.2676199533985484,0.3126336137441671,0.2622667705477569,0.2749084572896085,0.0,0.2184234634883353
0.2677956061298654,0.2703424934283782,0.2282018760955535,0.1874408056930389,0.2558694444229786,0.2637464241011087,0.2297307938442385,0.260387143157106,0.2650071236569652,0.218105694746342,0.251823619734441,0.1672000994446038,0.2238300604298942,0.1421945585043889,0.2874272850092831,0.2885840493029292,0.2420032642626491,0.2393898759793787,0.2572843104486707,0.2971943291117052,0.2757800315691883,0.3065264844573223,0.2561058924706879,0.1877560635844457,0.2500956719901634,0.2644905468355476,0.2749739393164262,0.2270130474948589,0.2714061842134384,0.272257371994118,0.2611119678497308,0.0,0.2193910071504842,0.2555879668829309,0.2559311234191607,0.1921409412450169,0.2002332963049349,0.1671376540284413,0.1745302231050957,0.2245724762958326,0.2338493671452394,0.2371225570916689,0.1902656469692354,0.1641386226631338,0.1895016201227918,0.287768674707756,0.2847531256670109,0.2685651049276202,0.0,0.0,0.3132349869526136,0.0,0.3270864104200935,0.1972915443767656,0.2061023830617835,0.2227065122394483,0.189341251386302,0.2448757263640429,0.0,0.3138578426924271,0.2517073851177154,0.0,0.2733268729886417,0.2361961744354639,0.3098002977155875,0.3079465907138358,0.3004541548439443,0.3222250275474454,0.2861822347344392,0.2472634540734302,0.2892191640791179,0.31958340815425,0.317256798322329,0.3124844445750249,0.0,0.315427619828315
0.1855491272904741,0.2013773503596655,0.0,0.0,0.2085336836738691,0.2149014909611671,0.2027339617914056,0.2390944290348099,0.2331051323670888,0.1594786911671993,0.2002095877436585,0.1484958000794851,0.2255254796803129,0.0,0.2289125693118345,0.2465536567864098,0.1617749302329146,0.1754519515571322,0.0,0.240082217797085,0.1985460701641155,0.2634928760234181,0.1970946032527466,0.1403170174875584,0.1695104739346831,0.1924901453322762,0.2328796060186329,0.2080984566243365,0.237013738645649,0.0,0.2017081281147387,0.2193910071504842,0.0,0.1589373173433345,0.249018622075608,0.2705659088909275,0.1361807640331783,0.117346242591662,0.224037997173669,0.2242254255576679,0.2231630053020489,0.2744805954574085,0.0,0.0,0.1914156514483998,0.0,0.2651784397198101,0.0,0.0,0.0,0.0,0.0,0.0,0.0,0.22098148985135,0.0,0.2218307567317929,0.0,0.0,0.3017896725948394,0.2588846762002148,0.2303076936952734,0.2103191559058559,0.0,0.2624004206450854,0.2525525907484651,0.2828351170640767,0.2931318873242489,0.2167690134409592,0.2290473007032503,0.2515419533570148,0.3043606381005875,0.0,0.2567221184468048,0.0,0.2462986573056796
0.2041413517077785,0.2306868376875311,0.2334631193230484,0.1848424223599245,0.2626756939990877,0.2672959696589272,0.2490018368083915,0.289543542357815,0.2704153979650604,0.1848010460022366,0.2610924638230281,0.1529155259677419,0.2496839843215288,0.0,0.2800961823486462,0.2454636033411412,0.2107413580281037,0.216320140515598,0.2267914122241116,0.2851435273913164,0.259560869554446,0.2909362024929919,0.2720768747873966,0.168675334640565,0.2011311676374258,0.2217504111698404,0.2838369696231145,0.2423165178674495,0.2469214906747365,0.2405564228377437,0.2015712343028124,0.2555879668829309,0.1589373173433345,0.0,0.2245537210082933,0.2365933895362429,0.1662017352399974,0.148758258174058,0.2045325097744945,0.2403261760593306,0.2664289282384754,0.2298455861619175,0.1505562050780075,0.0,0.0,0.2630590938143134,0.2644691248500904,0.0,0.0,0.0,0.2938145937542636,0.0,0.0,0.0,0.2462305925639442,0.0,0.2467208426265259,0.0,0.0,0.3128673498690273,0.2570289157981348,0.0,0.2414746521935385,0.0,0.3060818678429689,0.2874458003703056,0.2908560746989666,0.3276065806586153,0.2475327276543353,0.2437133746889584,0.2625094200154426,0.3236410492300808,0.3050913562188475,0.30244014265748,0.0,0.2549072738937702
0.2660055913849957,0.2735529142139843,0.2636702721638063,0.2103804123714171,0.259663304480591,0.2804646606495176,0.2558560026762485,0.2900644449698961,0.2602701195851457,0.1929949043375632,0.2607734085043937,0.1732339710203909,0.2545216907822185,0.0,0.3113943667969274,0.3041765740188563,0.2185692876280836,0.2421011796333524,0.2608215384781289,0.3195481119743122,0.3025269520004943,0.3326203914586043,0.2576555222516523,0.1950637291139053,0.2318791252844434,0.2673534172014463,0.3021342965818857,0.2165564423801178,0.2823780526491676,0.0,0.2318525194801747,0.2559311234191607,0.249018622075608,0.2245537210082933,0.0,0.2564722710732994,0.2172457167756029,0.1886295888714017,0.2233725521606117,0.1897482357662941,0.2152327747202479,0.2479865306125238,0.1771640038153938,0.189276592845651,0.1982115709781098,0.0,0.3044893218380491,0.0,0.0,0.0,0.0,0.0,0.0,0.0,0.0,0.0,0.2535486444287159,0.0,0.0,0.3334930553987461,0.2757908390961377,0.0,0.2631692933353372,0.0,0.3070823030480812,0.3255036942695963,0.3144027010388002,0.3293027758264985,0.0,0.2594090127734277,0.3029649277426879,0.3079942937808937,0.0,0.0,0.0,0.0
0.0,0.0,0.2254010188945106,0.1049624692802303,0.1607441890601659,0.2866932846431359,0.2054181005720577,0.1525777168519212,0.2513750684191694,0.1872142276355066,0.1762891702734414,0.1698358873998102,0.1482695775159064,0.1365061580173792,0.3433771037804496,0.0,0.0,0.0,0.2183966600967855,0.3320913844127287,0.0,0.3539513672261202,0.2486948821668358,0.1775130213879799,0.0,0.290102192880017,0.3182010898843379,0.1286758970304194,0.2987315662199361,0.0,0.2557210914990815,0.1921409412450169,0.2705659088909275,0.2365933895362429,0.2564722710732994,0.0,0.1187730694312682,0.1584055718049773,0.178293666208769,0.0,0.0,0.213494901062639,0.2113564683466786,0.1635355843542414,0.0,0.0,0.0,0.2734816167526258,0.0,0.0,0.0,0.0,0.228957855160313,0.0,0.0,0.2049924341632594,0.0,0.245847838061515,0.0,0.0,0.0,0.0,0.0,0.0,0.0,0.0,0.0,0.2690250293586769,0.0,0.0,0.0,0.2347714151515051,0.2335722694519184,0.0,0.0,0.0
0.0,0.0,0.2211702844437778,0.0912726324439483,0.1549382825232327,0.2567971649119496,0.2082166746026387,0.0,0.240414963138742,0.1629879647512745,0.209449382441982,0.1397002860734672,0.1585410854234692,0.1135318214021937,0.0,0.0,0.0,0.0,0.2266345181406817,0.2908991493394616,0.0,0.3125336984573929,0.2420337793602509,0.0,0.0,0.0,0.2697667676317897,0.1331483866319439,0.0,0.0,0.1893728092626512,0.2002332963049349,0.1361807640331783,0.1662017352399974,0.2172457167756029,0.1187730694312682,0.0,0.1483282460639148,0.1665630564267177,0.0,0.0,0.0,0.0,0.0,0.0,0.0,0.0,0.0,0.0,0.0,0.0,0.0,0.0,0.0,0.0,0.0,0.0,0.0,0.0,0.0,0.0,0.0,0.0,0.0,0.0,0.0,0.0,0.0,0.0,0.0,0.0,0.0,0.0,0.0,0.0,0.0
0.0,0.0,0.0,0.0,0.1975716036725396,0.0,0.2159485289418997,0.0,0.1842263224424751,0.1507620893664777,0.1938656008334255,0.1183137331221818,0.1768048606869939,0.0,0.0,0.0,0.1883596675692337,0.0,0.0,0.0,0.0,0.0,0.0,0.1391132338986447,0.1701463656155006,0.177740997093079,0.0,0.1918406621656969,0.0,0.0,0.1814475956669232,0.1671376540284413,0.117346242591662,0.148758258174058,0.1886295888714017,0.1584055718049773,0.1483282460639148,0.0,0.1671998822942715,0.0,0.2267862434956878,0.0,0.0,0.0,0.0,0.0,0.0,0.0,0.0,0.0,0.0,0.0,0.0,0.0,0.0,0.0,0.2122023205960952,0.0,0.0,0.0,0.0,0.0,0.0,0.0,0.0,0.0,0.0,0.0,0.0,0.0,0.0,0.0,0.0,0.0,0.0,0.0
0.2791374610316532,0.2754485009606167,0.2579973678817079,0.0,0.0,0.3098093458363351,0.0,0.2975052538158966,0.2319955614214547,0.1768807358039489,0.2097560871682389,0.2709720618471461,0.2364258026305545,0.0,0.3038614860441115,0.2841423545470227,0.0,0.2761695398551094,0.2181620160682743,0.3022067462971476,0.2951477020399461,0.2977880101382623,0.314628975956253,0.2849418640421712,0.2751636070513729,0.2773628263941282,0.3109276995132217,0.2784823150788045,0.2980503665143254,0.3066973359350239,0.2790971684802618,0.1745302231050957,0.224037997173669,0.2045325097744945,0.2233725521606117,0.178293666208769,0.1665630564267177,0.1671998822942715,0.0,0.211575164667137,0.2557010779076416,0.2646192021719972,0.1930613350208376,0.204182654487686,0.1803876658006678,0.2597733843439275,0.2607067951769827,0.2710873920188476,0.17203427441581,0.2541124396149531,0.2727665731056107,0.2391998981489338,0.2557603877214383,0.2747110282132192,0.2118634210906226,0.2581511153995263,0.178879051335708,0.2460101971970965,0.191429871390104,0.2864742325232866,0.2899310513909564,0.2666947964414227,0.2698203564482598,0.2691402576544642,0.3040692393223015,0.2571384657026674,0.2899995817804477,0.2617970719409216,0.1978423200256524,0.2553009224307695,0.2656601349439231,0.2901155471700268,0.2565940528524075,0.2842963554523971,0.2762077704304848,0.2753341989330007
0.2496902738229313,0.2605294567227624,0.0,0.0,0.0,0.0,0.0,0.0,0.0,0.2198909122392775,0.0,0.2314572322609644,0.0,0.0,0.299141690028865,0.2514246332099743,0.2253757018973287,0.2372648111135546,0.0,0.2599931395496478,0.2473933593252618,0.2903379205438492,0.3051270194332142,0.2347501250670752,0.2352395357370822,0.2463972755519928,0.0,0.0,0.0,0.0,0.2621772394936102,0.2245724762958326,0.2242254255576679,0.2403261760593306,0.1897482357662941,0.0,0.0,0.0,0.211575164667137,0.0,0.1741234813894472,0.2554541617993036,0.3195578549263178,0.1663771614022729,0.1383163884016971,0.2036275622428425,0.2040496295781928,0.0,0.0,0.0,0.2393709312875662,0.23454428069255,0.1936991291937435,0.2333815502864623,0.1665915776267852,0.2486900186134905,0.1574736482802783,0.2332305464031725,0.0,0.249489777289097,0.242652282941421,0.1901736853049633,0.1984816674335608,0.0,0.2499324713626715,0.192043730216395,0.2477212053828305,0.2242311402066458,0.1697031613300964,0.1819084470123003,0.2048945458772142,0.2416410080308578,0.2240519280154374,0.2412773397727675,0.0,0.2255307240213483
0.2527552823806894,0.2698419335993012,0.0,0.0,0.0,0.3060481829993692,0.0,0.3066613544701961,0.0,0.2109647201731837,0.0,0.2162586953192777,0.0,0.0,0.2874589070961315,0.2641277756405096,0.2121744052329437,0.2481820063757183,0.0,0.2608096013157818,0.2709208995911143,0.2906462061010795,0.3353528955747835,0.2378345944437559,0.2518363160026406,0.2589993365253595,0.3178915149989411,0.3024057869376337,0.2847044314196292,0.0,0.2656050342584881,0.2338493671452394,0.2231630053020489,0.2664289282384754,0.2152327747202479,0.0,0.0,0.2267862434956878,0.2557010779076416,0.1741234813894472,0.0,0.2434256809846725,0.272023400853473,0.1825509930644948,0.1602313462908063,0.2300326941334,0.236990269460294,0.2908021371246783,0.0,0.2447812517839453,0.2798831141271011,0.2458865533384873,0.2946726129275251,0.2794955756971843,0.1849252026489667,0.2554376157359183,0.1677256385276014,0.2554479427697682,0.0,0.2908889236704767,0.2487940862878947,0.222964407837249,0.2284501501135099,0.2775426882594297,0.2992490157595929,0.2258025371217349,0.2727288809832515,0.2882144239850685,0.1806076839747432,0.2081016896715368,0.2338189959566531,0.3081631022828564,0.2599455470487096,0.2680145895681554,0.2656495480128095,0.2035658196149276
0.0,0.2928012143246518,0.0,0.0,0.0,0.2883548320570127,0.0,0.0,0.0,0.0,0.0,0.0,0.0,0.0,0.3283189715360378,0.2897850134363554,0.0,0.2617901258678007,0.0,0.3127945826945789,0.3124780183491278,0.3165763461616571,0.338070114186583,0.0,0.2750869296436622,0.3003043881702086,0.3268747103893086,0.0,0.3017927540699528,0.0,0.0,0.2371225570916689,0.2744805954574085,0.2298455861619175,0.2479865306125238,0.213494901062639,0.0,0.0,0.2646192021719972,0.2554541617993036,0.2434256809846725,0.0,0.3184478188469193,0.280279422090703,0.2055144605046196,0.2835423569293584,0.2799908389266169,0.2968371757507502,0.0,0.2506672682050331,0.2990696703490388,0.2297601331620347,0.3011124896523255,0.2859798301831199,0.2166326540486076,0.2572511550952834,0.2103361248670813,0.247988418425188,0.0,0.3190813601897649,0.2906699111655632,0.2649953197796985,0.2671812710763212,0.2750239077291132,0.3286197099394237,0.2660499441020612,0.3268752234613519,0.2994280165883154,0.2199092339466286,0.2566560247981602,0.2838972516618073,0.3153737542043506,0.2583379226393967,0.3023824611719013,0.0,0.2519656136215739
0.0,0.0,0.0,0.0,0.0,0.2469413543456252,0.0,0.2439653043801133,0.254755300489455,0.0,0.2160247232500055,0.0,0.0,0.2364986454588936,0.0,0.0,0.0,0.0,0.0,0.0,0.0,0.0,0.0,0.0,0.0,0.0,0.0,0.0,0.0,0.0,0.0,0.1902656469692354,0.0,0.1505562050780075,0.1771640038153938,0.2113564683466786,0.0,0.0,0.1930613350208376,0.3195578549263178,0.272023400853473,0.3184478188469193,0.0,0.1336485361122713,0.1973019361164565,0.0,0.0,0.2206353597019897,0.1275623452734862,0.1266914925234507,0.290740345320421,0.1725704194227302,0.1646949979911744,0.247850385713693,0.2388990596060846,0.1983564287313837,0.1944869308039708,0.1957743636480094,0.1434969655038626,0.3313592643451649,0.0,0.2717564495906363,0.0,0.2310408890952307,0.3529384208063008,0.3151674049513463,0.3496829034317159,0.2113887523978077,0.0,0.0,0.3300856277757624,0.3495719715308358,0.2371510776877231,0.3311186887574145,0.0,0.2724926506903044
