0.0,0.4226100231472863,0.0,0.0,0.0,0.4896942710599551,0.0,0.512732192808462,0.0,0.0,0.0,0.344028480555006,0.0,0.0,0.3389165945410611,0.3956405793157151,0.3347975686905143,0.3830947869441432,0.0,0.3774755805513853,0.4090274346732081,0.3857883893095064,0.4644026573510188,0.3654734205213228,0.3970962367575094,0.3490606547977439,0.4269438020395207,0.4359600029627145,0.4614179495084853,0.0,0.3563487731088276,0.4356800378771971,0.3625881830233449,0.3717277358978577,0.4065103407447877,0.0,0.0,0.0,0.4687120576280295,0.4290400462204882,0.4546180484795517,0.0,0.0,0.0,0.0,0.3950570962400254,0.4729519504463046,0.0,0.0,0.0,0.0,0.0,0.0,0.0,0.0,0.0,0.0,0.0,0.0,0.0,0.4741084898551089,0.0,0.4484402881684092,0.0,0.0,0.3906251892316426,0.4690343023947724,0.0,0.0,0.465396016796115,0.4755979906589008,0.0,0.0,0.0,0.0,0.0
0.4226100231472863,0.0,0.0,0.0,0.4117625306636963,0.419646904618543,0.4530422179894544,0.4949865295533666,0.4429754596956826,0.0,0.0,0.0,0.4547406240934504,0.0,0.4221810415242059,0.4038135576034025,0.0,0.3843450523586323,0.0,0.4361119642414431,0.4272103350100577,0.391014593527589,0.4403715476039943,0.0,0.3737285766083335,0.396470551566332,0.4171066706591519,0.4248287047928312,0.4207132944388052,0.0,0.3700757067124206,0.4314849141185624,0.3757561624972194,0.3815000020316161,0.4704233502106182,0.0,0.0,0.0,0.4691955043434738,0.4723532652000283,0.4721016610829838,0.5063729741518203,0.0,0.0,0.0,0.4672990606201549,0.4716948650406213,0.0,0.0,0.0,0.0,0.0,0.0,0.0,0.0,0.0,0.0,0.0,0.0,0.4978990376299532,0.4737615027975968,0.0,0.4428908678986459,0.0,0.4714063419045403,0.4738920249452446,0.4727324425107158,0.4797682222317661,0.0,0.4597296984355378,0.4993500219335745,0.4749347124650006,0.0,0.4670122887908367,0.0,0.4617078295821615
0.0,0.0,0.0,0.0,0.3889514419602184,0.3709991829268628,0.4252837415905053,0.4713545387152782,0.2803665642344775,0.4072064422356996,0.2976542000998728,0.0,0.4314832115447592,0.4000189331183374,0.0,0.0,0.0,0.0,0.2383193495086109,0.0,0.0,0.0,0.2731488947759502,0.0,0.0,0.0,0.3210336871426904,0.4338384046506103,0.0,0.427191420105102,0.4582321492909403,0.444342792832719,0.0,0.462053599318146,0.4536941569738034,0.4179411890244473,0.4221519056999875,0.0,0.5179249811856153,0.0,0.0,0.0,0.4943306823500726,0.0,0.0,0.0,0.0,0.3907682129320121,0.0,0.5632269753150265,0.5714269514552847,0.0,0.560613089516026,0.5816878626624743,0.0,0.2902300418520187,0.0,0.0,0.5192145022549896,0.0,0.0,0.0,0.0,0.2457682124157095,0.0,0.0,0.0,0.5436969886662337,0.0,0.0,0.0,0.5729638101885924,0.0,0.0,0.0,0.0
0.0,0.0,0.0,0.0,0.2320949183017727,0.3998184613577541,0.2785952910593353,0.2847056957924023,0.4010448898402901,0.3583698877332349,0.3945007381634439,0.0,0.3050471992314882,0.2307047779716121,0.0,0.0,0.0,0.0,0.3859730785274265,0.0,0.0,0.0,0.3853704407808662,0.0,0.0,0.0,0.3906674540134089,0.283244933992371,0.0,0.0,0.0,0.2983758418675926,0.0,0.2318907646113117,0.2824960047267004,0.2022449304765834,0.1945111505871043,0.0,0.0,0.0,0.0,0.0,0.0,0.0,0.0,0.0,0.0,0.0,0.0,0.0,0.0,0.0,0.0,0.0,0.0,0.0,0.0,0.0,0.0,0.0,0.0,0.0,0.0,0.0,0.0,0.0,0.0,0.0,0.0,0.0,0.0,0.0,0.0,0.0,0.0,0.0
0.0,0.4117625306636963,0.3889514419602184,0.2320949183017727,0.0,0.3733676231489393,0.3127337532230335,0.384006226490968,0.329525556168227,0.3832055590218473,0.3502772714331996,0.3562736479729235,0.3292880283121361,0.2988824248382966,0.0,0.0,0.0,0.0,0.3906105711327862,0.4330628316065433,0.0,0.446389819303884,0.417056209965939,0.0,0.3885952320304899,0.0,0.4029321491807539,0.3852380727838119,0.4279255838869936,0.0,0.4301526764706419,0.3549029414740695,0.3736248852239117,0.4085912695714777,0.3850284068597063,0.2539168644027391,0.2996806169474916,0.325899805907893,0.0,0.0,0.0,0.0,0.3431130571416367,0.0,0.0,0.0,0.0,0.496814061913758,0.0,0.0,0.0,0.0,0.4630521135877213,0.4804600549911955,0.0,0.4529225119679894,0.0,0.0,0.0,0.0,0.0,0.0,0.0,0.0,0.0,0.0,0.0,0.5412198819445885,0.0,0.0,0.0,0.5311625958434868,0.0,0.0,0.0,0.0
0.4896942710599551,0.419646904618543,0.3709991829268628,0.3998184613577541,0.3733676231489393,0.0,0.3756407241912047,0.4233895921031062,0.3253374432813714,0.4433496093198004,0.3510957949219456,0.0,0.3676502706013604,0.4157006676799051,0.4045814244902237,0.4446373806759104,0.0,0.4587916374351914,0.410271832289073,0.4101637307157304,0.4164362469867605,0.4363083616409074,0.4228199795398431,0.0,0.3991078325185828,0.3931093990955399,0.4085917170227173,0.403060472513761,0.3324547120919127,0.4324690094404332,0.4437631476498109,0.4243557096627766,0.4002445062154043,0.4562115417112634,0.4556093859587367,0.4327888458934833,0.4281412211122218,0.0,0.5130978286458321,0.0,0.5327072875662895,0.4519710293643538,0.4318117901284888,0.0,0.0,0.0,0.0,0.5677803701609828,0.0,0.0,0.538007694830318,0.5541747489402166,0.4726330710802522,0.5633946280836312,0.0,0.4629501863495996,0.0,0.5424388936907126,0.0,0.466226493532314,0.0,0.0,0.0,0.5199616770930502,0.4686136816347457,0.3968721993551988,0.4335416468573697,0.543274078703295,0.0,0.0,0.0,0.5417558514838556,0.5472226825462144,0.5125710151432726,0.0,0.5398958963181313
0.0,0.4530422179894544,0.4252837415905053,0.2785952910593353,0.3127337532230335,0.3756407241912047,0.0,0.4290359038127738,0.3542810159197306,0.3646047139416062,0.4282100783646936,0.3638336480598478,0.2973176093787253,0.3534936073761024,0.0,0.4792029564794843,0.3919493178948818,0.4229541487095783,0.4351074159861377,0.4299951557248388,0.0,0.4632369756315196,0.4256241032984906,0.3495688014396856,0.4187379800086024,0.3933506125223417,0.424088966036623,0.3477093464832248,0.4247480682139344,0.0,0.3932911089369784,0.3702267798192653,0.3992776994349565,0.3739556579135754,0.3629230513848743,0.3077149914562195,0.3199364710375222,0.3454697102140684,0.0,0.0,0.0,0.0,0.0,0.0,0.0,0.0,0.0,0.0,0.0,0.0,0.5066933010127803,0.0,0.0,0.0,0.0,0.0,0.0,0.0,0.0,0.0,0.0,0.0,0.0,0.0,0.0,0.0,0.0,0.5297559211263448,0.0,0.0,0.0,0.5271289245259121,0.0,0.0,0.0,0.0
0.512732192808462,0.4949865295533666,0.4713545387152782,0.2847056957924023,0.384006226490968,0.4233895921031062,0.4290359038127738,0.0,0.4953899895179669,0.0,0.4270618292729515,0.0,0.4182669614732446,0.3157974276041241,0.0,0.0,0.0,0.4818009941190285,0.4610883351664996,0.3655025094457456,0.3835288688908281,0.0,0.3690361562895133,0.5336151064405206,0.500760597674205,0.493868035611653,0.4215632371097704,0.4062920690401791,0.3597773692082336,0.4053016478269464,0.4371973166602034,0.3452115515048603,0.4894989362896924,0.4361767865563036,0.0,0.2454331763585157,0.2839443177607882,0.0,0.4758561484262201,0.0,0.4982686462086172,0.0,0.4293216588620202,0.0,0.0,0.0,0.0,0.5433366937692619,0.0,0.5143558652702733,0.5221512737084806,0.5162393487255105,0.441493268476329,0.540501581738448,0.0,0.4861624386795445,0.0,0.474716755311152,0.4951327099939939,0.4615866603540899,0.0,0.0,0.0,0.5009406324547523,0.0,0.4231045415667471,0.0,0.5107290235960577,0.0,0.0,0.0,0.5451239735929917,0.4699983815917307,0.469234123242516,0.0,0.4868824029122841
0.0,0.4429754596956826,0.2803665642344775,0.4010448898402901,0.329525556168227,0.3253374432813714,0.3542810159197306,0.4953899895179669,0.0,0.4466748856595525,0.3211916337623119,0.3998441846970125,0.3748798319917404,0.4186592251263362,0.0,0.446808401921208,0.0,0.0,0.2683771224848745,0.4183341688166117,0.0,0.4542472425003457,0.4365043464927317,0.0,0.0,0.0,0.3505875351753072,0.4258913630740549,0.4087309097575013,0.4195666984864871,0.4512821431585697,0.4293698279653515,0.3813943286355375,0.4467873123946788,0.4497830540624147,0.4344611794391584,0.4250627115956324,0.4072355224854465,0.5413595718830886,0.0,0.0,0.0,0.5001204711822768,0.0,0.0,0.0,0.0,0.583786039104101,0.0,0.0,0.5697055517826562,0.0,0.5466548186904862,0.5936326033671246,0.0,0.5358929677077756,0.0,0.0,0.5447070980123748,0.0,0.0,0.0,0.0,0.5484839156905712,0.0,0.0,0.0,0.5766040066882498,0.0,0.0,0.0,0.572849425162109,0.0,0.0,0.0,0.0
0.0,0.0,0.4072064422356996,0.3583698877332349,0.3832055590218473,0.4433496093198004,0.3646047139416062,0.0,0.4466748856595525,0.0,0.4444502080113965,0.2880516886096183,0.3985994122676017,0.3942504722181479,0.0,0.3359784640382831,0.2575626931778259,0.2867119773470844,0.4261763457143279,0.0,0.0,0.3231203642129659,0.4145309385564794,0.3403403512517292,0.3035191371426634,0.3168922759379285,0.4099759368210918,0.3670028557208708,0.0,0.0,0.3103204723623995,0.362047822442211,0.3246959166803138,0.3269244537758514,0.3284031133050675,0.3274683838096469,0.1765830093015406,0.297236552364707,0.4785875752680678,0.3978136388381664,0.3762548315704343,0.0,0.0,0.0,0.3510857788554039,0.0,0.0,0.0,0.0,0.0,0.0,0.0,0.0,0.0,0.4837710322534105,0.0,0.4798838512149251,0.0,0.0,0.0,0.0,0.4437293821907426,0.4677667223827796,0.0,0.0,0.0,0.0,0.0,0.4352003034049171,0.4831633844259677,0.4691407171327214,0.0,0.4584766115708435,0.0,0.0,0.4736970608303611
0.0,0.0,0.2976542000998728,0.3945007381634439,0.3502772714331996,0.3510957949219456,0.4282100783646936,0.4270618292729515,0.3211916337623119,0.4444502080113965,0.0,0.4094457336411966,0.4362185284137845,0.3109470861338721,0.0,0.0,0.0,0.0,0.2379546358462063,0.0,0.0,0.0,0.3161758811725231,0.0,0.0,0.0,0.3838686438210258,0.4360183302176323,0.0,0.0,0.459328798772006,0.4113268308163101,0.358319202032997,0.4492513939781096,0.4243511012301973,0.3682191622942189,0.4176293517719689,0.3952012514124084,0.4746370640806821,0.0,0.0,0.0,0.4694690396744704,0.0,0.0,0.0,0.0,0.4526644540400313,0.0,0.5240643843461839,0.5405667594198953,0.5117716762886506,0.5141158539781565,0.5626983283687751,0.0,0.3345295605331909,0.0,0.4777271426304216,0.4806067457154808,0.0,0.0,0.0,0.0,0.3057399892873936,0.0,0.0,0.0,0.5785591650173564,0.0,0.0,0.0,0.5617185948788412,0.0,0.0,0.0,0.0
0.344028480555006,0.0,0.0,0.0,0.3562736479729235,0.0,0.3638336480598478,0.0,0.3998441846970125,0.2880516886096183,0.4094457336411966,0.0,0.3740635470334144,0.0,0.0,0.0,0.3237921175194329,0.3458097050393997,0.0,0.0,0.0,0.0,0.0,0.2906162542505041,0.3487014934815349,0.3200863161081025,0.0,0.310568743245075,0.0,0.0,0.3243389529957337,0.2422594796945609,0.2749304179554524,0.2486563717320238,0.3023932726056517,0.3034576368730126,0.2422125259197431,0.1999083054967125,0.2465008957017929,0.3985494528157685,0.2999992778403382,0.0,0.0,0.0,0.3279666690974366,0.0,0.0,0.0,0.0,0.0,0.0,0.0,0.0,0.0,0.4696968432465822,0.0,0.4626224025303512,0.0,0.0,0.0,0.0,0.4471506777166301,0.4596510447874954,0.0,0.0,0.0,0.0,0.0,0.3822748250676445,0.4770103087025293,0.4595164318334871,0.0,0.0,0.0,0.0,0.4338926906294887
0.0,0.4547406240934504,0.4314832115447592,0.3050471992314882,0.3292880283121361,0.3676502706013604,0.2973176093787253,0.4182669614732446,0.3748798319917404,0.3985994122676017,0.4362185284137845,0.3740635470334144,0.0,0.3641054242999214,0.0,0.4608487950455691,0.4146300914678201,0.4368114726210245,0.4401922767169692,0.4096498557130228,0.3868558545315347,0.4646070151271553,0.415780937615451,0.2865126668582093,0.4235187921498515,0.4086599271386428,0.4146105176947401,0.343417794951229,0.3811793411568574,0.0,0.3784607266427006,0.3761762868618309,0.3663721924960751,0.3936939177263314,0.3684766812492118,0.3172192790231805,0.3325128544083933,0.3533387228274293,0.5084386691807601,0.0,0.0,0.0,0.3544779419797406,0.0,0.0,0.0,0.0,0.4752982475362264,0.0,0.0,0.5243797614028223,0.0,0.4302768392279302,0.0,0.0,0.0,0.0,0.0,0.0,0.0,0.0,0.0,0.0,0.0,0.0,0.0,0.0,0.5064486508547985,0.0,0.0,0.0,0.4992079645246107,0.0,0.4544775938915286,0.0,0.0
0.0,0.0,0.4000189331183374,0.2307047779716121,0.2988824248382966,0.4157006676799051,0.3534936073761024,0.3157974276041241,0.4186592251263362,0.3942504722181479,0.3109470861338721,0.0,0.3641054242999214,0.0,0.0,0.0,0.0,0.0,0.3794554902479243,0.0,0.4420464752755377,0.0,0.3771060780540579,0.0,0.0,0.0,0.4188505165314944,0.2965948296737649,0.0,0.0,0.4374381239007942,0.2730148403738126,0.0,0.3867979159876805,0.0,0.2144257392061472,0.1599174923310092,0.0,0.0,0.0,0.0,0.0,0.0,0.0,0.0,0.0,0.0,0.4715626350033101,0.0,0.0,0.0,0.0,0.0,0.0,0.0,0.4640697971108545,0.0,0.0,0.0,0.0,0.0,0.0,0.0,0.0,0.0,0.0,0.0,0.0,0.0,0.0,0.0,0.0,0.0,0.0,0.0,0.0
0.3389165945410611,0.4221810415242059,0.0,0.0,0.0,0.4045814244902237,0.0,0.0,0.0,0.0,0.0,0.0,0.0,0.0,0.0,0.0,0.0,0.0,0.0,0.2854477164789096,0.3743875039825473,0.3404310408637507,0.3443046995052325,0.4213433028163534,0.3594339554629785,0.3300104269419404,0.37789883183085,0.0,0.3764672456947952,0.0,0.3892002933463611,0.4122236290380867,0.3829986191763488,0.4101540354878562,0.4651312555886706,0.0,0.0,0.0,0.4776393550971378,0.4680028984609123,0.4843905660909411,0.510179894808915,0.0,0.0,0.0,0.0,0.48907437469356,0.0,0.0,0.0,0.4555868432598891,0.0,0.0,0.0,0.0,0.0,0.0,0.0,0.0,0.4815485386313159,0.4434243093968608,0.0,0.0,0.0,0.4644341677290136,0.4382506931223646,0.4845784733134993,0.4769575553321494,0.0,0.0,0.5021674811873481,0.4851048998651439,0.4902622824834043,0.4657115216149781,0.0,0.4434546596588118
0.3956405793157151,0.4038135576034025,0.0,0.0,0.0,0.4446373806759104,0.4792029564794843,0.0,0.446808401921208,0.3359784640382831,0.0,0.0,0.4608487950455691,0.0,0.0,0.0,0.3215058006155382,0.3308116310970516,0.0,0.3638640053026841,0.0,0.3406647161260405,0.427624963061926,0.0,0.3886533160548655,0.3929327958437295,0.4173045924063466,0.4114284084606942,0.4053886379487773,0.3896904247373108,0.3431652817857676,0.4358234043294738,0.3587180530553577,0.3673806878355726,0.4140876139034907,0.0,0.0,0.0,0.4571694476837244,0.4168847571183646,0.4532517643019851,0.4860902433107464,0.0,0.0,0.0,0.4539856683153516,0.4516311858270995,0.0,0.0,0.0,0.0,0.0,0.0,0.0,0.0,0.0,0.0,0.0,0.0,0.4040053359126933,0.4552196730690915,0.0,0.4199443274115881,0.0,0.4292072868598632,0.0,0.4299701196802284,0.0,0.0,0.4354023759620981,0.4657963021250165,0.0,0.0,0.0,0.0,0.4414628239189166
0.3347975686905143,0.0,0.0,0.0,0.0,0.0,0.3919493178948818,0.0,0.0,0.2575626931778259,0.0,0.3237921175194329,0.4146300914678201,0.0,0.0,0.3215058006155382,0.0,0.2796307058754807,0.0,0.3643998824155506,0.0,0.4050364026479585,0.0,0.3988271347096271,0.2976002223317497,0.3570964978483331,0.0,0.3918450576032379,0.0,0.0,0.3268361436717321,0.4309875101970067,0.3413814137349195,0.3593031545496284,0.3799933965675138,0.0,0.0,0.3085246999938995,0.0,0.402440197659868,0.4305456496250734,0.0,0.0,0.0,0.0,0.0,0.0,0.0,0.0,0.0,0.0,0.0,0.0,0.0,0.4928475553660586,0.0,0.4978156910286367,0.0,0.0,0.0,0.0,0.4889924089661048,0.4986851551829782,0.0,0.0,0.0,0.0,0.0,0.4672134940152569,0.4725567386980908,0.4751632135179128,0.0,0.0,0.0,0.0,0.0
0.3830947869441432,0.3843450523586323,0.0,0.0,0.0,0.4587916374351914,0.4229541487095783,0.4818009941190285,0.0,0.2867119773470844,0.0,0.3458097050393997,0.4368114726210245,0.0,0.0,0.3308116310970516,0.2796307058754807,0.0,0.0,0.3922215852582607,0.4601249057078613,0.3929185495483469,0.4496875578744282,0.3823351416248506,0.3354380547084246,0.3411118809986995,0.4250006555636476,0.4093918992167644,0.3977889856563623,0.0,0.3633266789291325,0.440566305685222,0.3369680001616215,0.3710346395178122,0.4060452937454639,0.0,0.0,0.0,0.4475057203915422,0.4224696363499664,0.4410376268475984,0.4893864005308996,0.0,0.0,0.0,0.45047496464904,0.4121755802234484,0.0,0.0,0.0,0.0,0.0,0.0,0.0,0.4428143168908608,0.0,0.4589503045597916,0.0,0.0,0.0,0.4529530012225695,0.4479943601454737,0.4500190415056596,0.0,0.0,0.0,0.0,0.0,0.4753444392023174,0.4620377179974463,0.4713634780488423,0.0,0.0,0.0,0.0,0.4523297144495941
0.0,0.0,0.2383193495086109,0.3859730785274265,0.3906105711327862,0.410271832289073,0.4351074159861377,0.4610883351664996,0.2683771224848745,0.4261763457143279,0.2379546358462063,0.0,0.4401922767169692,0.3794554902479243,0.0,0.0,0.0,0.0,0.0,0.0,0.0,0.0,0.2390573311443516,0.0,0.0,0.0,0.3475900039786163,0.4383799073113743,0.0,0.0,0.4590396703508524,0.4249279911967065,0.0,0.4441558825891494,0.4441309923855935,0.4024735770653017,0.4108375366469184,0.0,0.4776961861094716,0.0,0.0,0.0,0.4702058189818014,0.0,0.0,0.0,0.0,0.3546382577223566,0.0,0.0,0.5669912256571287,0.0,0.539764400131877,0.562541394364181,0.0,0.5303303740822576,0.0,0.0,0.5084633570862379,0.0,0.0,0.0,0.0,0.4153434638934811,0.0,0.0,0.0,0.5803726825146824,0.0,0.0,0.0,0.5763747447611943,0.0,0.0,0.0,0.0
0.3774755805513853,0.4361119642414431,0.0,0.0,0.4330628316065433,0.4101637307157304,0.4299951557248388,0.3655025094457456,0.4183341688166117,0.0,0.0,0.0,0.4096498557130228,0.0,0.2854477164789096,0.3638640053026841,0.3643998824155506,0.3922215852582607,0.0,0.0,0.3947094685250088,0.3444089143253745,0.1912235018175647,0.0,0.3922884520105906,0.3852489171406652,0.325653976394504,0.3448099734177767,0.3035385221245836,0.3450167340199183,0.3464963293869558,0.4254238267198932,0.3930590147791669,0.4011682739561389,0.4638117094690288,0.484689909164513,0.4208925999383288,0.0,0.4624802312003519,0.436688177119555,0.5203564512190352,0.4999320749651349,0.0,0.0,0.0,0.0,0.4504891959894221,0.0,0.0,0.0,0.4552084233060965,0.0,0.0,0.0,0.0,0.0,0.0,0.0,0.0,0.4948237697181453,0.0,0.0,0.0,0.0,0.4675638614378287,0.4248722492551449,0.4721612600028549,0.484015392319166,0.0,0.0,0.4818025210835168,0.4807328255693726,0.4727242373091507,0.4917951481992928,0.0,0.4621494496829602
0.4090274346732081,0.4272103350100577,0.0,0.0,0.0,0.4164362469867605,0.0,0.3835288688908281,0.0,0.0,0.0,0.0,0.3868558545315347,0.4420464752755377,0.3743875039825473,0.0,0.0,0.4601249057078613,0.0,0.3947094685250088,0.0,0.4105514664893891,0.3545901307943331,0.5137760150531888,0.4531381542315262,0.3937449893140841,0.3915934993704372,0.3902495987349479,0.3951297201688086,0.0,0.4041719584324073,0.4307402673043427,0.3976615198329895,0.4082258050175104,0.4679079151779118,0.3706956546647617,0.0,0.0,0.4590728400682543,0.3883198366844227,0.4595134305075157,0.4985546889516122,0.0,0.0,0.0,0.4412614165089591,0.4901846073239632,0.0,0.0,0.0,0.4515277841893099,0.0,0.2558430150918611,0.0,0.0,0.0,0.0,0.0,0.0,0.4504258641261739,0.489678950348672,0.0,0.0,0.0,0.4294913437985083,0.2813105705959345,0.4558791017190911,0.4611718144439057,0.0,0.4254130171237125,0.4943177020962682,0.4572581443595196,0.4573802213897668,0.4570824122561724,0.0,0.4201506831704121
0.3857883893095064,0.391014593527589,0.0,0.0,0.446389819303884,0.4363083616409074,0.4632369756315196,0.0,0.4542472425003457,0.3231203642129659,0.0,0.0,0.4646070151271553,0.0,0.3404310408637507,0.3406647161260405,0.4050364026479585,0.3929185495483469,0.0,0.3444089143253745,0.4105514664893891,0.0,0.4036106831289847,0.0,0.3945037960543345,0.3723113991659639,0.410149843372818,0.4023331211530154,0.3684999533573919,0.3646026617560804,0.3613537668607445,0.4286368691103093,0.3686755104994245,0.3975198431533361,0.4739890826163029,0.5178025611912992,0.0,0.0,0.460945075027393,0.4694684379188668,0.4787001789671015,0.5068998880712288,0.0,0.0,0.0,0.4691091177160805,0.4706773344791072,0.0,0.0,0.0,0.4574227781221433,0.0,0.0,0.0,0.0,0.0,0.0,0.0,0.0,0.5037575792097202,0.4664676599180166,0.0,0.3879904662714351,0.0,0.4672743073093506,0.4955765445913878,0.4780317091050705,0.4885717263473936,0.0,0.4442262035787302,0.4999307897530778,0.4985554261283278,0.0,0.4644190865100134,0.0,0.4593861204695582
0.4644026573510188,0.4403715476039943,0.2731488947759502,0.3853704407808662,0.417056209965939,0.4228199795398431,0.4256241032984906,0.3690361562895133,0.4365043464927317,0.4145309385564794,0.3161758811725231,0.0,0.415780937615451,0.3771060780540579,0.3443046995052325,0.427624963061926,0.0,0.4496875578744282,0.2390573311443516,0.1912235018175647,0.3545901307943331,0.4036106831289847,0.0,0.5402911738613048,0.4423944275356409,0.4352879400526488,0.3297531288972195,0.4073749587160825,0.3939219736819977,0.395926132719195,0.4123278120989536,0.4005977525186097,0.3674894428450547,0.4293425316483179,0.4216509486154298,0.3808588555405556,0.4153152188022411,0.0,0.5208113179347607,0.4797476792750056,0.5367906918535275,0.5300958404539495,0.4418019318141734,0.0,0.0,0.0,0.4566771528298095,0.4845298936390501,0.0,0.581620553946382,0.5391084214962187,0.5533640671645572,0.4769396817342507,0.5734507688318032,0.0,0.5403241883094324,0.0,0.5288237665453283,0.4831528936687991,0.4791854934816607,0.0,0.0,0.0,0.5418285892383138,0.4829322491508341,0.4147908532730165,0.4690360086999409,0.5339797586164142,0.0,0.0,0.4786016866795563,0.5391393399410506,0.5179999017613338,0.5085887029498093,0.5163413737939915,0.5256774354925527
0.3654734205213228,0.0,0.0,0.0,0.0,0.0,0.3495688014396856,0.5336151064405206,0.0,0.3403403512517292,0.0,0.2906162542505041,0.2865126668582093,0.0,0.4213433028163534,0.0,0.3988271347096271,0.3823351416248506,0.0,0.0,0.5137760150531888,0.0,0.5402911738613048,0.0,0.4058691957860095,0.3362874670671603,0.4534692681092878,0.2540995475934022,0.0,0.0,0.3509785260386342,0.2764107069257445,0.2433896730217695,0.241629404936305,0.3790331954207377,0.3298583462219054,0.0,0.2492775085796001,0.3364469585602334,0.3640679771288902,0.291751212564405,0.0,0.0,0.0,0.3022195218052593,0.4315557244603727,0.0,0.0,0.0,0.0,0.0,0.0,0.0,0.0,0.4605486692692179,0.0,0.4425893346090851,0.0,0.0,0.0,0.4667970485503559,0.490991626690577,0.4748202650626713,0.0,0.0,0.0,0.0,0.0,0.3525050606473536,0.483296043743935,0.4646418781374542,0.0,0.0,0.0,0.0,0.4618579097760278
0.3970962367575094,0.3737285766083335,0.0,0.0,0.3885952320304899,0.3991078325185828,0.4187379800086024,0.500760597674205,0.0,0.3035191371426634,0.0,0.3487014934815349,0.4235187921498515,0.0,0.3594339554629785,0.3886533160548655,0.2976002223317497,0.3354380547084246,0.0,0.3922884520105906,0.4531381542315262,0.3945037960543345,0.4423944275356409,0.4058691957860095,0.0,0.3522921767682145,0.3971193557874051,0.4014717209646601,0.3638017985104081,0.0,0.3671398141332762,0.4260720425093633,0.3352423224940459,0.3619152151325265,0.3997716487779726,0.0,0.0,0.3138234970546333,0.4625167380175348,0.4365774800595025,0.4435260011513262,0.4817419583641841,0.0,0.0,0.0,0.4530142053533404,0.444525116388863,0.0,0.0,0.0,0.0,0.0,0.0,0.0,0.4804901964209165,0.0,0.4796826411823045,0.0,0.0,0.0,0.4693848539587309,0.4652750763073485,0.4525699172879464,0.0,0.4131684452751007,0.4536073221102837,0.3815672623926666,0.0,0.461372895809594,0.4651290846609578,0.4773762758207409,0.0,0.0,0.0,0.0,0.4604582820836004
0.3490606547977439,0.396470551566332,0.0,0.0,0.0,0.3931093990955399,0.3933506125223417,0.493868035611653,0.0,0.3168922759379285,0.0,0.3200863161081025,0.4086599271386428,0.0,0.3300104269419404,0.3929327958437295,0.3570964978483331,0.3411118809986995,0.0,0.3852489171406652,0.3937449893140841,0.3723113991659639,0.4352879400526488,0.3362874670671603,0.3522921767682145,0.0,0.4149765415706927,0.3866368557015016,0.3771128146521256,0.0,0.3700193991635705,0.4261538894252025,0.3665188291724781,0.3733250964141131,0.4289162108400743,0.3982283370538366,0.0,0.3188158940294641,0.4639134043821684,0.4532974570252853,0.4752552780807349,0.501563362077307,0.0,0.0,0.3559413874925314,0.4405053667134955,0.4888259102034513,0.0,0.0,0.0,0.0,0.0,0.0,0.0,0.5036963625590046,0.0,0.4862711096881863,0.0,0.0,0.5091453344306831,0.4841440577033899,0.4778650040459933,0.4643598344949632,0.0,0.4757912479124426,0.4741378033378769,0.4985723561071516,0.4578380133554136,0.4410852005158011,0.4729888021227069,0.4887822411841263,0.5000639121517669,0.0,0.4565922016053004,0.0,0.4670531192271357
0.4269438020395207,0.4171066706591519,0.3210336871426904,0.3906674540134089,0.4029321491807539,0.4085917170227173,0.424088966036623,0.4215632371097704,0.3505875351753072,0.4099759368210918,0.3838686438210258,0.0,0.4146105176947401,0.4188505165314944,0.37789883183085,0.4173045924063466,0.0,0.4250006555636476,0.3475900039786163,0.325653976394504,0.3915934993704372,0.410149843372818,0.3297531288972195,0.4534692681092878,0.3971193557874051,0.4149765415706927,0.0,0.4061176761812644,0.3710310615891556,0.3753624051090524,0.3884893647428396,0.4107171758241839,0.363089685378567,0.4216700106993881,0.4320612220443647,0.4221119953860822,0.4189175850958371,0.0,0.5096823470922042,0.0,0.5420788354010174,0.5274154384280788,0.4534543414072071,0.0,0.0,0.0,0.4185098359585736,0.5803198544604694,0.0,0.0,0.5450711929458975,0.5739714497027025,0.4867700125811015,0.5776349013860858,0.0,0.5292913375786865,0.0,0.5552758222216624,0.496546476245096,0.4808447815766324,0.0,0.0,0.0,0.5563784654620456,0.4792915500315412,0.4407347205089263,0.4720213899763261,0.5342174477600506,0.0,0.0,0.4823492764526193,0.5365373142242209,0.5250554678449147,0.5010663372511833,0.4953510444281616,0.5031425867133897
0.4359600029627145,0.4248287047928312,0.4338384046506103,0.283244933992371,0.3852380727838119,0.403060472513761,0.3477093464832248,0.4062920690401791,0.4258913630740549,0.3670028557208708,0.4360183302176323,0.310568743245075,0.343417794951229,0.2965948296737649,0.0,0.4114284084606942,0.3918450576032379,0.4093918992167644,0.4383799073113743,0.3448099734177767,0.3902495987349479,0.4023331211530154,0.4073749587160825,0.2540995475934022,0.4014717209646601,0.3866368557015016,0.4061176761812644,0.0,0.3299387913011968,0.3061638931382015,0.3602174151847445,0.3643204861027862,0.3206511532546285,0.3353375611731943,0.3361226041048773,0.2854911654397563,0.2687884485540833,0.2450971029016692,0.3728512197224456,0.0,0.367946963673681,0.3756579182877835,0.2636007174946579,0.0,0.0,0.0,0.0,0.0,0.0,0.0,0.5192600869700896,0.0,0.4132794550133276,0.0,0.0,0.0,0.0,0.0,0.0,0.4398564367869905,0.0,0.0,0.0,0.0,0.4635654005147966,0.4190776454384406,0.0,0.5000688529865138,0.0,0.0,0.0,0.4920441465143828,0.4766831668763951,0.4836501955899195,0.0,0.4439137863265579
0.4614179495084853,0.4207132944388052,0.0,0.0,0.4279255838869936,0.3324547120919127,0.4247480682139344,0.3597773692082336,0.4087309097575013,0.0,0.0,0.0,0.3811793411568574,0.0,0.3764672456947952,0.4053886379487773,0.0,0.3977889856563623,0.0,0.3035385221245836,0.3951297201688086,0.3684999533573919,0.3939219736819977,0.0,0.3638017985104081,0.3771128146521256,0.3710310615891556,0.3299387913011968,0.0,0.3243597988201738,0.3397067212283939,0.3867009022222616,0.3185668795578596,0.3924902537550638,0.4309975236442541,0.4622008192030693,0.3955908742215718,0.0,0.4977075585593996,0.0,0.5233792977285825,0.4925488716991031,0.0,0.0,0.0,0.0,0.4189526007115983,0.0,0.0,0.0,0.5147321000500983,0.0,0.4097853224192087,0.0,0.0,0.0,0.0,0.4787467110106216,0.0,0.4695676307845017,0.0,0.0,0.0,0.0,0.4682579162304185,0.4312169592992542,0.4578170696530897,0.5054988642550046,0.0,0.0,0.4341784669275162,0.4959823940443619,0.5003319026649413,0.4883139843840953,0.0,0.4872928634180604
0.0,0.0,0.427191420105102,0.0,0.0,0.4324690094404332,0.0,0.4053016478269464,0.4195666984864871,0.0,0.0,0.0,0.0,0.0,0.0,0.3896904247373108,0.0,0.0,0.0,0.3450167340199183,0.0,0.3646026617560804,0.395926132719195,0.0,0.0,0.0,0.3753624051090524,0.3061638931382015,0.3243597988201738,0.0,0.3212345655523763,0.4165477500695834,0.0,0.3699224757425624,0.3793784526826279,0.0,0.0,0.0,0.0,0.0,0.0,0.0,0.0,0.0,0.0,0.0,0.0,0.0,0.0,0.0,0.0,0.0,0.0,0.0,0.0,0.0,0.0,0.0,0.0,0.0,0.0,0.0,0.0,0.0,0.4485191221854842,0.0,0.0,0.4977357084802033,0.0,0.0,0.0,0.4931774153185393,0.0,0.0,0.0,0.0
0.3563487731088276,0.3700757067124206,0.4582321492909403,0.0,0.4301526764706419,0.4437631476498109,0.3932911089369784,0.4371973166602034,0.4512821431585697,0.3103204723623995,0.459328798772006,0.3243389529957337,0.3784607266427006,0.4374381239007942,0.3892002933463611,0.3431652817857676,0.3268361436717321,0.3633266789291325,0.4590396703508524,0.3464963293869558,0.4041719584324073,0.3613537668607445,0.4123278120989536,0.3509785260386342,0.3671398141332762,0.3700193991635705,0.3884893647428396,0.3602174151847445,0.3397067212283939,0.3212345655523763,0.0,0.3949981867936832,0.3182751527454076,0.2921146990552631,0.3116450314283217,0.3841732293913731,0.291187773211939,0.2684346484700152,0.5074731910009739,0.0,0.5189123739115524,0.0,0.0,0.0,0.0,0.0,0.4302190408913304,0.0,0.0,0.0,0.5329581596760071,0.0,0.4584988062403661,0.0,0.4919278965083231,0.0,0.4985671366491927,0.0,0.0,0.4644932770109164,0.4315357071904704,0.0,0.4250674394899188,0.0,0.461347322721568,0.4387588940725439,0.435754146467633,0.513771392137117,0.0,0.4432631890293438,0.4574170986371846,0.507681271051856,0.4747668905952036,0.4892594361436022,0.0,0.4662003378966904
0.4356800378771971,0.4314849141185624,0.444342792832719,0.2983758418675926,0.3549029414740695,0.4243557096627766,0.3702267798192653,0.3452115515048603,0.4293698279653515,0.362047822442211,0.4113268308163101,0.2422594796945609,0.3761762868618309,0.2730148403738126,0.4122236290380867,0.4358234043294738,0.4309875101970067,0.440566305685222,0.4249279911967065,0.4254238267198932,0.4307402673043427,0.4286368691103093,0.4005977525186097,0.2764107069257445,0.4260720425093633,0.4261538894252025,0.4107171758241839,0.3643204861027862,0.3867009022222616,0.4165477500695834,0.3949981867936832,0.0,0.3299156043631439,0.3961675829007378,0.3914858819219344,0.2968245283987687,0.3162741786964712,0.2505714857828262,0.2927992054197706,0.2802497936257465,0.3270319195646611,0.3376610409411374,0.2596660450982624,0.2501591017281968,0.2566447806764767,0.464046923450379,0.4778991125961823,0.4574335703786956,0.0,0.0,0.4542747267508123,0.0,0.436819740298849,0.3653718039367629,0.2710135535713436,0.3957382631235303,0.287460134823441,0.3787825704666015,0.0,0.4878212985563883,0.5061063032089435,0.0,0.4469359899033064,0.3834518739760576,0.4729212646762144,0.4502536467107726,0.4642609850811759,0.5017815143162828,0.0,0.4708123969886111,0.486853563294892,0.4892618352990208,0.3472578919757607,0.4790575608501023,0.0,0.4089855195139019
0.3625881830233449,0.3757561624972194,0.0,0.0,0.3736248852239117,0.4002445062154043,0.3992776994349565,0.4894989362896924,0.3813943286355375,0.3246959166803138,0.358319202032997,0.2749304179554524,0.3663721924960751,0.0,0.3829986191763488,0.3587180530553577,0.3413814137349195,0.3369680001616215,0.0,0.3930590147791669,0.3976615198329895,0.3686755104994245,0.3674894428450547,0.2433896730217695,0.3352423224940459,0.3665188291724781,0.363089685378567,0.3206511532546285,0.3185668795578596,0.0,0.3182751527454076,0.3299156043631439,0.0,0.2291283011121352,0.3506797344851171,0.3080895991298328,0.2405211513325729,0.1867670932748522,0.2727148381261052,0.2280327299158517,0.2640803370724709,0.3006427774943219,0.0,0.0,0.2028405334921737,0.4336247043306336,0.4546922593834076,0.0,0.0,0.0,0.0,0.0,0.0,0.0,0.3677198811065194,0.0,0.3802851945549805,0.0,0.0,0.4893025051122988,0.4405046522524382,0.3797071404288037,0.3902379379265056,0.0,0.4487138872748759,0.0,0.4481427983894539,0.4828364080343584,0.3736877194907294,0.405151896559116,0.4319138795916598,0.0,0.0,0.3817302878355196,0.0,0.4168097416985955
0.3717277358978577,0.3815000020316161,0.462053599318146,0.2318907646113117,0.4085912695714777,0.4562115417112634,0.3739556579135754,0.4361767865563036,0.4467873123946788,0.3269244537758514,0.4492513939781096,0.2486563717320238,0.3936939177263314,0.3867979159876805,0.4101540354878562,0.3673806878355726,0.3593031545496284,0.3710346395178122,0.4441558825891494,0.4011682739561389,0.4082258050175104,0.3975198431533361,0.4293425316483179,0.241629404936305,0.3619152151325265,0.3733250964141131,0.4216700106993881,0.3353375611731943,0.3924902537550638,0.3699224757425624,0.2921146990552631,0.3961675829007378,0.2291283011121352,0.0,0.3480601645327819,0.3652835247768463,0.2475692474053461,0.2043726079045558,0.3244646638550749,0.2684719353291316,0.3116418069123522,0.3372282400664219,0.286527610777894,0.0,0.2659827711874855,0.4350815686668926,0.4588811424098337,0.0,0.0,0.0,0.4673733674690833,0.0,0.4621948965334604,0.0,0.3227754267761885,0.0,0.312310694478094,0.0,0.0,0.4858487770987487,0.4489120227156636,0.0,0.4413887319217303,0.0,0.4788524104702155,0.4529144759312812,0.4667567648004066,0.5162551351197638,0.4266928085740495,0.4372934488470234,0.4713234513298037,0.5106811026311303,0.3316460444724812,0.4948544879569004,0.0,0.3002502606900527
0.4065103407447877,0.4704233502106182,0.4536941569738034,0.2824960047267004,0.3850284068597063,0.4556093859587367,0.3629230513848743,0.0,0.4497830540624147,0.3284031133050675,0.4243511012301973,0.3023932726056517,0.3684766812492118,0.0,0.4651312555886706,0.4140876139034907,0.3799933965675138,0.4060452937454639,0.4441309923855935,0.4638117094690288,0.4679079151779118,0.4739890826163029,0.4216509486154298,0.3790331954207377,0.3997716487779726,0.4289162108400743,0.4320612220443647,0.3361226041048773,0.4309975236442541,0.3793784526826279,0.3116450314283217,0.3914858819219344,0.3506797344851171,0.3480601645327819,0.0,0.4391466696424377,0.3304604839766292,0.2826704586876418,0.3179437916145647,0.2818426866171381,0.3298066843595719,0.3590050438427749,0.2766581752451707,0.2778821966021905,0.3055833001241946,0.0,0.4961139111296423,0.0,0.0,0.0,0.0,0.0,0.0,0.0,0.0,0.0,0.0,0.0,0.0,0.5204272867655448,0.4705057252088176,0.0,0.0,0.0,0.4820581004846608,0.0,0.4746332524647519,0.473637335597676,0.0,0.4446942359449451,0.4968301530631782,0.4501002068047617,0.0,0.4785791293235145,0.0,0.0
0.0,0.0,0.4179411890244473,0.2022449304765834,0.2539168644027391,0.4327888458934833,0.3077149914562195,0.2454331763585157,0.4344611794391584,0.3274683838096469,0.3682191622942189,0.3034576368730126,0.3172192790231805,0.2144257392061472,0.0,0.0,0.0,0.0,0.4024735770653017,0.484689909164513,0.3706956546647617,0.5178025611912992,0.3808588555405556,0.3298583462219054,0.0,0.3982283370538366,0.4221119953860822,0.2854911654397563,0.4622008192030693,0.0,0.3841732293913731,0.2968245283987687,0.3080895991298328,0.3652835247768463,0.4391466696424377,0.0,0.2327465392375536,0.2822250004528948,0.2846812193494539,0.0,0.3123999600011491,0.3395864791146281,0.269617276828167,0.2830104018323404,0.0,0.0,0.0,0.5017329701745058,0.0,0.0,0.4674861077350285,0.4002609669963466,0.0,0.5046551318556812,0.0,0.4563051593678797,0.0,0.3983412588016898,0.0,0.0,0.0,0.0,0.0,0.4590880473802472,0.0,0.0,0.0,0.4940503134688245,0.0,0.0,0.0,0.485625179636936,0.3036237097139986,0.4164074514331811,0.0,0.0
0.0,0.0,0.4221519056999875,0.1945111505871043,0.2996806169474916,0.4281412211122218,0.3199364710375222,0.2839443177607882,0.4250627115956324,0.1765830093015406,0.4176293517719689,0.2422125259197431,0.3325128544083933,0.1599174923310092,0.0,0.0,0.0,0.0,0.4108375366469184,0.4208925999383288,0.0,0.0,0.4153152188022411,0.0,0.0,0.0,0.4189175850958371,0.2687884485540833,0.3955908742215718,0.0,0.291187773211939,0.3162741786964712,0.2405211513325729,0.2475692474053461,0.3304604839766292,0.2327465392375536,0.0,0.242284821641934,0.2736313780993458,0.0,0.3034845357951165,0.4324768491904404,0.0,0.0,0.0,0.0,0.0,0.0,0.0,0.0,0.0,0.0,0.0,0.0,0.0,0.0,0.0,0.0,0.0,0.0,0.0,0.0,0.0,0.0,0.0,0.0,0.0,0.0,0.0,0.0,0.0,0.0,0.0,0.0,0.0,0.0
0.0,0.0,0.0,0.0,0.325899805907893,0.0,0.3454697102140684,0.0,0.4072355224854465,0.297236552364707,0.3952012514124084,0.1999083054967125,0.3533387228274293,0.0,0.0,0.0,0.3085246999938995,0.0,0.0,0.0,0.0,0.0,0.0,0.2492775085796001,0.3138234970546333,0.3188158940294641,0.0,0.2450971029016692,0.0,0.0,0.2684346484700152,0.2505714857828262,0.1867670932748522,0.2043726079045558,0.2826704586876418,0.2822250004528948,0.242284821641934,0.0,0.2362167330831862,0.2536755787232005,0.2459726771986653,0.2974891228858144,0.0,0.0,0.2573651041985869,0.0,0.0,0.0,0.0,0.0,0.0,0.0,0.0,0.0,0.3733711897187061,0.0,0.3609275948125495,0.0,0.0,0.0,0.0,0.0,0.0,0.0,0.0,0.0,0.0,0.0,0.3125973288475354,0.0,0.3870263329088908,0.0,0.0,0.0,0.0,0.0
0.4687120576280295,0.4691955043434738,0.5179249811856153,0.0,0.0,0.5130978286458321,0.0,0.4758561484262201,0.5413595718830886,0.4785875752680678,0.4746370640806821,0.2465008957017929,0.5084386691807601,0.0,0.4776393550971378,0.4571694476837244,0.0,0.4475057203915422,0.4776961861094716,0.4624802312003519,0.4590728400682543,0.460945075027393,0.5208113179347607,0.3364469585602334,0.4625167380175348,0.4639134043821684,0.5096823470922042,0.3728512197224456,0.4977075585593996,0.0,0.5074731910009739,0.2927992054197706,0.2727148381261052,0.3244646638550749,0.3179437916145647,0.2846812193494539,0.2736313780993458,0.2362167330831862,0.0,0.2990592069225797,0.3735076474851469,0.3752086207788828,0.2846828417101696,0.2896484316037861,0.2421711453036616,0.4302629573360308,0.4014081758902971,0.4414448108484468,0.2825646666440967,0.3893588816847544,0.4228065796440126,0.3901933307554234,0.3930030480390807,0.4425436520940828,0.2861385794548035,0.3942143193105279,0.2579291804324066,0.407282594061441,0.2782306760067139,0.4372098866511275,0.4331684128955596,0.4089065861048732,0.4252331165312583,0.4176045060575161,0.4294016755725283,0.4185975093456275,0.4240482278921798,0.4354487357621419,0.3190835552316856,0.4072084137524415,0.4257379309383011,0.4328868765472666,0.3541869231937338,0.4252605056559425,0.4080975647513889,0.3718191752019554
0.4290400462204882,0.4723532652000283,0.0,0.0,0.0,0.0,0.0,0.0,0.0,0.3978136388381664,0.0,0.3985494528157685,0.0,0.0,0.4680028984609123,0.4168847571183646,0.402440197659868,0.4224696363499664,0.0,0.436688177119555,0.3883198366844227,0.4694684379188668,0.4797476792750056,0.3640679771288902,0.4365774800595025,0.4532974570252853,0.0,0.0,0.0,0.0,0.0,0.2802497936257465,0.2280327299158517,0.2684719353291316,0.2818426866171381,0.0,0.0,0.2536755787232005,0.2990592069225797,0.0,0.2697836827837147,0.3854591027316603,0.4146512658748552,0.2407692057021465,0.1846525528365206,0.3661349786385461,0.3623058191017353,0.0,0.0,0.4210113266045228,0.422897207415254,0.363140622885493,0.4614571686300724,0.446761213180228,0.3094745765767571,0.438058818888822,0.2779084630296243,0.4175494647537086,0.0,0.3928933592218614,0.3837403070873891,0.3183346118642159,0.3250287355765472,0.0,0.3546292775548101,0.368605821786665,0.3733949322503241,0.3615605988027013,0.29796063671747,0.3186018958752283,0.3531208164852534,0.3580098365227547,0.3244507962994392,0.3717173129670423,0.0,0.3615519483780245
0.4546180484795517,0.4721016610829838,0.0,0.0,0.0,0.5327072875662895,0.0,0.4982686462086172,0.0,0.3762548315704343,0.0,0.2999992778403382,0.0,0.0,0.4843905660909411,0.4532517643019851,0.4305456496250734,0.4410376268475984,0.0,0.5203564512190352,0.4595134305075157,0.4787001789671015,0.5367906918535275,0.291751212564405,0.4435260011513262,0.4752552780807349,0.5420788354010174,0.367946963673681,0.5233792977285825,0.0,0.5189123739115524,0.3270319195646611,0.2640803370724709,0.3116418069123522,0.3298066843595719,0.3123999600011491,0.3034845357951165,0.2459726771986653,0.3735076474851469,0.2697836827837147,0.0,0.3903739477049228,0.4387043590957981,0.3478077032818704,0.2006046664015498,0.3851829836456387,0.3909443819664296,0.4773197606934632,0.2752216345856642,0.449547088233225,0.4559863357395955,0.3897046068583308,0.4654329689001108,0.4755554526594207,0.324599851210157,0.4730178043111366,0.2387676894315707,0.4053041169146462,0.4276195106344449,0.4356458303904865,0.4063809692143621,0.3624177048138667,0.3753509546821662,0.4624728193278634,0.4167950434842826,0.4297273348331232,0.4152901845034185,0.4610510130807225,0.3172622124477486,0.3585890300631184,0.3940023537652781,0.4533389453918865,0.3491861983572576,0.418389130931154,0.3876878579841203,0.300916335539181
0.0,0.5063729741518203,0.0,0.0,0.0,0.4519710293643538,0.0,0.0,0.0,0.0,0.0,0.0,0.0,0.0,0.510179894808915,0.4860902433107464,0.0,0.4893864005308996,0.0,0.4999320749651349,0.4985546889516122,0.5068998880712288,0.5300958404539495,0.0,0.4817419583641841,0.501563362077307,0.5274154384280788,0.3756579182877835,0.4925488716991031,0.0,0.0,0.3376610409411374,0.3006427774943219,0.3372282400664219,0.3590050438427749,0.3395864791146281,0.4324768491904404,0.2974891228858144,0.3752086207788828,0.3854591027316603,0.3903739477049228,0.0,0.4531211499262275,0.3818010643426807,0.2805008839853228,0.4630207870159794,0.4364222846709361,0.4793039887813392,0.3269401201848238,0.4333228523218331,0.4533893977529139,0.3988032717123864,0.4703618041071102,0.4623430918189187,0.3278674798552181,0.4575493734158111,0.3193782363591479,0.4079162982225648,0.0,0.4817445346530783,0.4682784768855199,0.3937874883723418,0.4282291227631813,0.4572275815447338,0.4664367839912339,0.4659886158204775,0.4653735052608842,0.4651916005377677,0.3724808086843297,0.4173264070231664,0.4570820713365294,0.4572918054266532,0.3348502439229965,0.4463532712712532,0.4161729564816722,0.3341883248655444
