0.0,0.2666337796910908,0.0,0.0,0.0,0.2800713944247198,0.0,0.3576720427032651,0.0,0.2701994520286359,0.0,0.261255952428401,0.0,0.3466082773472317,0.2565275796395143,0.2841868250529915,0.2302004986268452,0.2606940890618082,0.0,0.2784293748582048,0.2810068693636763,0.271153505048801,0.3238664096635156,0.2658007011223962,0.2453073909155737,0.2505320752652749,0.3149263778820618,0.2710524312683151,0.0,0.0,0.2563280824022727,0.287292044577128,0.2533180011859037,0.2623880071331391,0.2958363185766623,0.0,0.0,0.2627184258423806,0.3070582741143532,0.2934864512416258,0.2854566175862121,0.0,0.0,0.0,0.0,0.1895643259909894,0.3270391826205186,0.0,0.0,0.0,0.0,0.0,0.0,0.0,0.3100594628461949,0.0,0.0,0.0,0.0,0.0,0.3138794401858304,0.0,0.3045179310140266,0.0,0.0,0.1985819282552217,0.3189525040439417,0.3288027257904256,0.0,0.3206426655877321,0.3233828814968907,0.0,0.0,0.0,0.0,0.298933538256781
0.2666337796910908,0.0,0.0,0.0,0.2736481143940999,0.2844072054966103,0.3015186833988236,0.3126120070118841,0.2647210330996648,0.0,0.0,0.0,0.3061280084515314,0.0,0.2754373491470968,0.2534860410268756,0.0,0.2627290385973689,0.0,0.2794396308350296,0.2723546343677591,0.2487057900982199,0.2972633095159153,0.0,0.2385252091369306,0.2530882572454629,0.2846163363869756,0.3152162931369682,0.2883904046634246,0.0,0.2476438573691683,0.2802682399829632,0.2409455538356024,0.2611609182523611,0.2935769683370532,0.0,0.0,0.0,0.3234052293251828,0.3154862035013923,0.3173689892026621,0.3347377493029349,0.0,0.0,0.0,0.300874091118688,0.325755094563404,0.0,0.0,0.0,0.2901736661587682,0.0,0.0,0.0,0.0,0.0,0.0,0.0,0.0,0.3248740544515612,0.3204472529045223,0.0,0.3066893586676252,0.0,0.3222234482945189,0.3204015814750999,0.3241346001579133,0.326297636043467,0.0,0.321114653244813,0.3406734152512327,0.3210779978719115,0.0,0.32671354772454,0.0,0.3119862112237843
0.0,0.0,0.0,0.2695992683195609,0.2885073104763566,0.2745367592848344,0.3141901769365476,0.3259426346027259,0.1806547373532353,0.2948151872167623,0.2272018010839911,0.0,0.3229295017056268,0.3015117319203854,0.0,0.0,0.0,0.0,0.1737526247676813,0.0,0.0,0.0,0.2477466528716168,0.0,0.0,0.0,0.2215752275869469,0.3285066936214713,0.2659551844601225,0.2747079902276984,0.3368060317074804,0.3164607005276427,0.0,0.3468920796321192,0.3228113925621382,0.2892383471376905,0.3130832881015838,0.0,0.3561302052869152,0.0,0.0,0.0,0.369831796701479,0.0,0.0,0.0,0.0,0.3142843094821421,0.0,0.3799508475514792,0.3854501635299099,0.3968929644462307,0.3740502656919818,0.3570641970375707,0.0,0.3355561167448236,0.0,0.3706494887385389,0.3803181747760271,0.0,0.0,0.0,0.0,0.2622191478520757,0.0,0.0,0.0,0.3928893067903538,0.0,0.0,0.0,0.4088282901927792,0.0,0.0,0.0,0.0
0.0,0.0,0.2695992683195609,0.0,0.2204706182958626,0.2978402050248828,0.2643525253249585,0.224734526710713,0.2971377884182477,0.1384749875698987,0.2709395901342361,0.0,0.2016854800134291,0.1884258439792268,0.0,0.0,0.0,0.0,0.2908768921097049,0.2932763326701094,0.0,0.0,0.2745154500926797,0.0,0.0,0.0,0.2849483276985964,0.1784821029394782,0.0,0.0,0.0,0.2111729212486167,0.0,0.1603097044774406,0.1852803988060321,0.1331093600461833,0.1191796008513136,0.0,0.0,0.0,0.0,0.0,0.0,0.0,0.0,0.0,0.0,0.0,0.0,0.0,0.0,0.0,0.0,0.0,0.0,0.0,0.0,0.0,0.0,0.0,0.0,0.0,0.0,0.0,0.0,0.0,0.0,0.0,0.0,0.0,0.0,0.0,0.0,0.0,0.0,0.0
0.0,0.2736481143940999,0.2885073104763566,0.2204706182958626,0.0,0.2685115318091316,0.23692695095992,0.2635579214857725,0.2332734218689747,0.3244176907468591,0.2290013144473736,0.3128857670034983,0.2716150800237106,0.2197041533883399,0.0,0.2809193699107313,0.0,0.0,0.2861736822868048,0.2918112463463615,0.0,0.3082512793316223,0.2871610523717298,0.0,0.2468682347445977,0.269929528424473,0.2774494062976454,0.2899650417752465,0.29046705376262,0.0,0.3249339485845763,0.2652428838740327,0.2656324676009567,0.3234451669727999,0.0,0.1786463837770328,0.2027018429500119,0.0,0.2836091146490516,0.0,0.0,0.0,0.3124145399978175,0.0,0.0,0.0,0.0,0.36865947962548,0.0,0.0,0.3518038882691469,0.0,0.3098336069724227,0.3428906012572755,0.0,0.3339742920405777,0.0,0.0,0.0,0.0,0.0,0.0,0.0,0.3310450820918292,0.0,0.0,0.0,0.3752049284350453,0.0,0.0,0.0,0.3675711750197635,0.0,0.0,0.0,0.0
0.2800713944247198,0.2844072054966103,0.2745367592848344,0.2978402050248828,0.2685115318091316,0.0,0.2973037292574376,0.3096647357499954,0.25002999402165,0.2746524978955792,0.2645381500760696,0.2109805054217646,0.2834404706422344,0.3055168210397825,0.3081300852738257,0.3017931548302963,0.0,0.307867446416143,0.3230214099532807,0.2903126090072505,0.3113888928850196,0.2994056198078807,0.2730398229015206,0.0,0.2627210006124454,0.275935566226588,0.2622186074075747,0.286961966989612,0.2527675342711876,0.2860056550019951,0.309232954434484,0.2943336553369747,0.2657353892073273,0.3164198044309278,0.3027526984156187,0.3194388320403235,0.3137920276358102,0.0,0.3552653669767519,0.0,0.3707224127650159,0.0,0.3589062033385877,0.0,0.0,0.0,0.0,0.4002645636592539,0.0,0.3470770722359199,0.3724818606352608,0.3931144602341645,0.3343263399753732,0.3914897662853661,0.0,0.3729057087530436,0.0,0.3953827181336635,0.0,0.3287662291670929,0.0,0.0,0.0,0.3781168665714092,0.3396973043100506,0.2995606320628475,0.3125692341932613,0.3734231037921487,0.0,0.0,0.2847694807105219,0.3711418421089216,0.3894595513309208,0.3564592238081286,0.0,0.3925177917911445
0.0,0.3015186833988236,0.3141901769365476,0.2643525253249585,0.23692695095992,0.2973037292574376,0.0,0.3200017667361612,0.2796938806391065,0.2775507540663587,0.3191964391691625,0.298726460040183,0.2402081818872041,0.2624946342780649,0.0,0.3106344596387023,0.2843784506473545,0.3093369683989332,0.3256468150433531,0.2961152433696339,0.0,0.3212823417347334,0.3085649631682761,0.0,0.2750143365713913,0.2742669757998613,0.3076241497803787,0.2896754987915641,0.3002052857046543,0.0,0.3079354310079021,0.2825100682572696,0.2783687921498755,0.3030913999444917,0.0,0.2587425168143186,0.2494525903180942,0.0,0.0,0.0,0.0,0.0,0.3131416994217502,0.0,0.0,0.0,0.0,0.0,0.0,0.0,0.3717508583126766,0.0,0.0,0.0,0.0,0.0,0.0,0.0,0.0,0.0,0.0,0.0,0.0,0.0,0.0,0.0,0.0,0.3767874296047276,0.0,0.0,0.0,0.3803131773464113,0.0,0.0,0.0,0.0
0.3576720427032651,0.3126120070118841,0.3259426346027259,0.224734526710713,0.2635579214857725,0.3096647357499954,0.3200017667361612,0.0,0.3356782213717354,0.3060840910040971,0.2921895482485445,0.0,0.3239698410382619,0.2562785917470762,0.0,0.3212780369790688,0.0,0.3139280462571414,0.3259917435419538,0.2789964621119341,0.3054539534810707,0.2909538257085068,0.2566515037637064,0.3644201670080162,0.3269558005256116,0.3282664208543846,0.3207876480515589,0.2963790581528263,0.2718314132426389,0.263179781377106,0.3105367163858182,0.2421833029735824,0.3194698947590369,0.317974261147234,0.323261678339679,0.1568614926505134,0.2283401083543957,0.0,0.3278502586882311,0.0,0.3532766950949341,0.0,0.3227915698012166,0.0,0.0,0.0,0.0,0.3786760427788853,0.0,0.0,0.3365037961472445,0.3529017594800636,0.2318696502100556,0.374410727393897,0.0,0.3138829720326356,0.0,0.3625908756547923,0.0,0.3597831444241287,0.0,0.0,0.0,0.0,0.3680853336351077,0.2471192154537407,0.0,0.3350041086944857,0.0,0.0,0.0,0.3458805808643676,0.3560183362185303,0.343670238389842,0.0,0.3501193186356581
0.0,0.2647210330996648,0.1806547373532353,0.2971377884182477,0.2332734218689747,0.25002999402165,0.2796938806391065,0.3356782213717354,0.0,0.3476917766151876,0.2104837459878473,0.3165821404759213,0.2964919001754566,0.3001591753198134,0.0,0.2540554507532114,0.0,0.0,0.1859215204926518,0.2828286929472952,0.0,0.2823035975239246,0.2929609907731243,0.0,0.2349871266226882,0.283367488096461,0.2600534596537358,0.3298329139814144,0.294995857486791,0.2778395375631621,0.3390962184854555,0.3192476842000708,0.2936123602986245,0.3410911877325778,0.3421491467295059,0.2979774899060756,0.337735811467804,0.3280570843993465,0.3619347378596452,0.0,0.0,0.0,0.3714393677707982,0.0,0.0,0.0,0.0,0.4090358050209689,0.0,0.3604163197651289,0.3873094805199852,0.3780975377780845,0.377458718888253,0.4125062257760378,0.0,0.391662797498437,0.0,0.3548880871493433,0.379013953818765,0.0,0.0,0.0,0.0,0.3927591255986214,0.0,0.0,0.0,0.3928771390977866,0.0,0.0,0.0,0.3916888404706493,0.0,0.0,0.0,0.0
0.2701994520286359,0.0,0.2948151872167623,0.1384749875698987,0.3244176907468591,0.2746524978955792,0.2775507540663587,0.3060840910040971,0.3476917766151876,0.0,0.3495395575199694,0.216204644980841,0.2850975724556489,0.2729973614454014,0.0,0.2625347797143239,0.225244740097442,0.2388513155327847,0.3383757907692435,0.0,0.3036466425807718,0.2128323605414399,0.3011884454021371,0.2310040811973291,0.2251866274755986,0.232923584043347,0.293377429245892,0.2757282694720661,0.0,0.0,0.2459626904521763,0.2208132638737005,0.1950077270510573,0.2186149020203878,0.2273144828159474,0.1850945533021251,0.1996665879651007,0.1897058553573889,0.1998333581136024,0.2534718047633461,0.2282613177579383,0.2384844584078154,0.0,0.0,0.2424973527072602,0.0,0.0,0.0,0.0,0.0,0.0,0.0,0.0,0.0,0.315801617562484,0.0,0.3242920731141357,0.3050901115950743,0.0,0.0,0.2445252210885568,0.3006923296148169,0.2846188482950729,0.0,0.0,0.0,0.0,0.0,0.2912701137985131,0.2973292971234011,0.3128095323429137,0.0,0.2711006551624743,0.0,0.0,0.3152544109189893
0.0,0.0,0.2272018010839911,0.2709395901342361,0.2290013144473736,0.2645381500760696,0.3191964391691625,0.2921895482485445,0.2104837459878473,0.3495395575199694,0.0,0.3130219494347275,0.3293173243585329,0.2367731974703127,0.0,0.0,0.0,0.0,0.174235572283403,0.0,0.0,0.0,0.2651511033763679,0.0,0.0,0.0,0.2821886524216344,0.3341013243312332,0.0,0.0,0.3497796571076434,0.2956359914038629,0.3026478047432271,0.3503146750582033,0.3170499948418673,0.2366998893948923,0.3447213807751735,0.320820886142363,0.3149185419517016,0.0,0.0,0.0,0.3328137999688349,0.0,0.0,0.0,0.0,0.3430814947446006,0.0,0.2859304609137236,0.3714292935981488,0.3314080800314282,0.3435266936262815,0.3885629105713551,0.0,0.2205519018539729,0.0,0.304185613027201,0.2852211122465048,0.0,0.0,0.0,0.0,0.2282513186898599,0.0,0.0,0.0,0.3935217981395698,0.0,0.0,0.0,0.3956469799108573,0.0,0.0,0.0,0.0
0.261255952428401,0.0,0.0,0.0,0.3128857670034983,0.2109805054217646,0.298726460040183,0.0,0.3165821404759213,0.216204644980841,0.3130219494347275,0.0,0.3143580543727742,0.0,0.0,0.0,0.2344806222480418,0.2343791683825819,0.0,0.0,0.2836585246465392,0.0,0.2682348101882219,0.1999055191449929,0.20875712056165,0.2216865544606035,0.0,0.294827895544059,0.0,0.0,0.2633991584696381,0.1532858340303861,0.1678629272125897,0.161912642804489,0.1768002141883415,0.0,0.1945503226716616,0.1322934676242813,0.1927018370412291,0.2692450666755239,0.2240009216500663,0.1710674281456397,0.0,0.0,0.2342307976289477,0.0,0.0,0.0,0.0,0.0,0.0,0.0,0.0,0.0,0.3132103948516372,0.0,0.3203634590510918,0.0,0.0,0.0,0.0,0.3092282833336274,0.2875622858530159,0.0,0.0,0.0,0.0,0.0,0.2948442581422598,0.3003036569239633,0.3122613532708855,0.0,0.3167567862307421,0.0,0.0,0.317008323778666
0.0,0.3061280084515314,0.3229295017056268,0.2016854800134291,0.2716150800237106,0.2834404706422344,0.2402081818872041,0.3239698410382619,0.2964919001754566,0.2850975724556489,0.3293173243585329,0.3143580543727742,0.0,0.2752271844614625,0.0,0.3217827840496994,0.3115595068734338,0.3299131198041194,0.3337200812376963,0.3026289520016077,0.3317851665427239,0.3255159470235144,0.3138397350459857,0.3213410211067088,0.2909264421595919,0.2923899460317242,0.3165545894925556,0.2583214700926535,0.291321001932073,0.283491500105629,0.3027751925698886,0.28372861152091,0.2766157640066631,0.2935478724282882,0.2778468438611855,0.2194476308984365,0.2142790262125758,0.3138893247305682,0.3632755872923818,0.0,0.3433995441254011,0.0,0.3292760996578838,0.0,0.0,0.0,0.0,0.3840479991487232,0.0,0.0,0.4482022454749197,0.0,0.3463572180039831,0.0,0.0,0.0,0.0,0.0,0.0,0.0,0.0,0.0,0.0,0.0,0.3261756449676594,0.0,0.0,0.3797600512215789,0.0,0.0,0.0,0.3906761492398366,0.0,0.3533374003033855,0.0,0.0
0.3466082773472317,0.0,0.3015117319203854,0.1884258439792268,0.2197041533883399,0.3055168210397825,0.2624946342780649,0.2562785917470762,0.3001591753198134,0.2729973614454014,0.2367731974703127,0.0,0.2752271844614625,0.0,0.0,0.0,0.0,0.0,0.2959215180453977,0.0,0.0,0.0,0.2676521617066781,0.0,0.0,0.0,0.3254229615073389,0.247676908175692,0.0,0.0,0.3396821378174671,0.2347766333965517,0.0,0.3273888252114241,0.0,0.1642567294138535,0.1324398476775135,0.0,0.0,0.0,0.0,0.0,0.2970613149285545,0.0,0.0,0.0,0.0,0.3462925535662394,0.0,0.0,0.0,0.0,0.0,0.0,0.0,0.0,0.0,0.0,0.0,0.0,0.0,0.0,0.0,0.0,0.0,0.0,0.0,0.3457203734710998,0.0,0.0,0.0,0.0,0.0,0.0,0.0,0.0
0.2565275796395143,0.2754373491470968,0.0,0.0,0.0,0.3081300852738257,0.0,0.0,0.0,0.0,0.0,0.0,0.0,0.0,0.0,0.2925561681355624,0.0,0.2831102097856147,0.0,0.2177334259084213,0.2681060463619402,0.2325449388556116,0.2698189798294569,0.204576253898228,0.2711646070568611,0.223877600310581,0.2685830889419749,0.2981939536366272,0.2864929384493021,0.0,0.2861702480818641,0.294096001999407,0.2823363563415551,0.3018746247523508,0.3338988309210672,0.0,0.0,0.0,0.3440281462325961,0.332833731107419,0.3611845238659775,0.3726412645485988,0.0,0.0,0.0,0.0,0.3512344300459026,0.0,0.0,0.0,0.3241798369691636,0.0,0.0,0.0,0.0,0.0,0.0,0.0,0.0,0.3517970952505435,0.3246598694089634,0.0,0.0,0.0,0.340105940718357,0.3320495764790374,0.3577367530275811,0.345442810417273,0.0,0.2815598759022072,0.3711922837423122,0.3453569122750203,0.3239648358567205,0.3390088137261099,0.0,0.3377021356392241
0.2841868250529915,0.2534860410268756,0.0,0.0,0.2809193699107313,0.3017931548302963,0.3106344596387023,0.3212780369790688,0.2540554507532114,0.2625347797143239,0.0,0.0,0.3217827840496994,0.0,0.2925561681355624,0.0,0.2535435664294214,0.207971606789141,0.0,0.2893782900874176,0.2869298519999023,0.2635978861782445,0.3046384999705868,0.0,0.2475468906582159,0.2833457684884538,0.3006323754191627,0.3238339233180691,0.29999241001168,0.2995957445256789,0.262463831922736,0.3002781766528302,0.2589627763658608,0.2790701378877722,0.3180011664992081,0.0,0.0,0.0,0.3183902490662689,0.3093749956919329,0.3130842054160703,0.3313960767234603,0.0,0.0,0.0,0.3036805342559065,0.3254650523398458,0.0,0.0,0.0,0.0,0.0,0.0,0.0,0.0,0.0,0.0,0.0,0.0,0.3324926527469119,0.3171742502600461,0.0,0.299035146708364,0.0,0.3265315381718854,0.2939723957328796,0.3205652890048919,0.0,0.0,0.3170992135169432,0.3357349869827568,0.2932482761605297,0.0,0.0,0.0,0.3053950279598075
0.2302004986268452,0.0,0.0,0.0,0.0,0.0,0.2843784506473545,0.0,0.0,0.225244740097442,0.0,0.2344806222480418,0.3115595068734338,0.0,0.0,0.2535435664294214,0.0,0.2318208963983566,0.0,0.2596759351657008,0.0,0.2726142829243876,0.0,0.2410657584914279,0.2209986447284574,0.223025923234742,0.0,0.3085717700323017,0.2617711746218312,0.0,0.24784274308901,0.2820150753480844,0.2343951572256206,0.2474716898620922,0.2691209012986465,0.0,0.0,0.2280322431116831,0.3010560417448743,0.2463573696189091,0.279474539541452,0.0,0.0,0.0,0.0,0.0,0.0,0.0,0.0,0.0,0.0,0.0,0.0,0.0,0.3124566038347899,0.0,0.3320941398073968,0.0,0.0,0.0,0.0,0.3075280779078173,0.2965944134685494,0.0,0.0,0.0,0.0,0.0,0.3192081854304374,0.3003250147092897,0.314178883373492,0.0,0.0,0.0,0.0,0.2802214145751117
0.2606940890618082,0.2627290385973689,0.0,0.0,0.0,0.307867446416143,0.3093369683989332,0.3139280462571414,0.0,0.2388513155327847,0.0,0.2343791683825819,0.3299131198041194,0.0,0.2831102097856147,0.207971606789141,0.2318208963983566,0.0,0.0,0.283083483732796,0.2800497869772429,0.2778538987387188,0.3014150769539432,0.2267263689468578,0.2345308786796112,0.2389680347836262,0.3060156592085563,0.3181910384410383,0.3076352575709307,0.2791436724681433,0.266294903862551,0.2892415266247624,0.2382046082993311,0.2658711220405267,0.2861927362756254,0.0,0.0,0.0,0.3023483069731036,0.2758135739280793,0.2926122345661505,0.3084027762384944,0.0,0.0,0.0,0.2877984600012727,0.3133243510469315,0.0,0.0,0.0,0.0,0.0,0.0,0.0,0.2946802061601794,0.0,0.3063384266503557,0.0,0.0,0.0,0.3030493770987657,0.295528870588065,0.2930364462887361,0.0,0.0,0.0,0.3072494651511357,0.0,0.3080906488263784,0.2971373181839328,0.3119077445850241,0.0,0.0,0.0,0.0,0.3000587520536695
0.0,0.0,0.1737526247676813,0.2908768921097049,0.2861736822868048,0.3230214099532807,0.3256468150433531,0.3259917435419538,0.1859215204926518,0.3383757907692435,0.174235572283403,0.0,0.3337200812376963,0.2959215180453977,0.0,0.0,0.0,0.0,0.0,0.0,0.0,0.0,0.3054468960054565,0.0,0.0,0.0,0.2651435798746663,0.3332733834167468,0.0,0.0,0.3597929738892895,0.3232338451177297,0.0,0.374690643478929,0.3218233047393363,0.2916384545197843,0.3333939794672301,0.2656294778048789,0.342108808887602,0.0,0.0,0.0,0.3593545298621283,0.0,0.0,0.0,0.0,0.4147207126517034,0.0,0.353430667008861,0.3928877312388922,0.3653054131380696,0.3655360611860024,0.400931223034383,0.0,0.3000010023945048,0.0,0.0,0.3470940969765557,0.0,0.0,0.0,0.0,0.3851759314444936,0.0,0.0,0.0,0.39363165667873,0.0,0.0,0.0,0.4004323796053838,0.0,0.0,0.0,0.0
0.2784293748582048,0.2794396308350296,0.0,0.2932763326701094,0.2918112463463615,0.2903126090072505,0.2961152433696339,0.2789964621119341,0.2828286929472952,0.0,0.0,0.0,0.3026289520016077,0.0,0.2177334259084213,0.2893782900874176,0.2596759351657008,0.283083483732796,0.0,0.0,0.3016405697345915,0.2564702670021409,0.2136558097543446,0.0,0.2747836676352821,0.2874176068197003,0.254325043780977,0.2797184703558789,0.2284642300822191,0.2549404893751041,0.2723686191309689,0.3007329852634394,0.2750578363760578,0.3056695329406559,0.3387144126042525,0.3571822832881636,0.3008685660093576,0.0,0.3423044331634622,0.3354612131486956,0.3856714530170981,0.3574531891196845,0.0,0.0,0.0,0.0,0.3242064642651406,0.0,0.0,0.0,0.3197985411756581,0.0,0.3369711235511828,0.0,0.0,0.0,0.0,0.2909419738718846,0.0,0.3549517968499817,0.0,0.0,0.0,0.0,0.3432664978151366,0.3512790485534748,0.3360777881609746,0.3647332632644349,0.0,0.0,0.3317558843860096,0.3474837845539051,0.3411933883218006,0.3604292845617343,0.0,0.3375830326326107
0.2810068693636763,0.2723546343677591,0.0,0.0,0.0,0.3113888928850196,0.0,0.3054539534810707,0.0,0.3036466425807718,0.0,0.2836585246465392,0.3317851665427239,0.0,0.2681060463619402,0.2869298519999023,0.0,0.2800497869772429,0.0,0.3016405697345915,0.0,0.2835729717815722,0.2998705882695928,0.3424108922554587,0.274409727740682,0.2737248270647506,0.3132802637029398,0.3237237619662173,0.3024548380209396,0.0,0.2727121657019659,0.2875839524361355,0.2670878504479029,0.2814365142884626,0.3147250127838377,0.0,0.0,0.0,0.3188580107641349,0.3040350787502953,0.3218419028181266,0.3478206805854634,0.0,0.0,0.0,0.2096461824738884,0.3458900185417739,0.0,0.0,0.0,0.321947154122526,0.0,0.2274031224381541,0.0,0.0,0.0,0.0,0.0,0.0,0.3303591210654363,0.3178366892065952,0.0,0.0,0.0,0.3441084448660087,0.2652001015780533,0.3391722108802983,0.3429607065896547,0.0,0.2898341341299048,0.3533924263197547,0.3474119516300798,0.3385994450338439,0.3318356798729424,0.0,0.2870343541950967
0.271153505048801,0.2487057900982199,0.0,0.0,0.3082512793316223,0.2994056198078807,0.3212823417347334,0.2909538257085068,0.2823035975239246,0.2128323605414399,0.0,0.0,0.3255159470235144,0.0,0.2325449388556116,0.2635978861782445,0.2726142829243876,0.2778538987387188,0.0,0.2564702670021409,0.2835729717815722,0.0,0.3041770562780083,0.0,0.2499823532651736,0.2593536550518436,0.2931790467941387,0.302849160379354,0.2819811166808564,0.2881178220526463,0.2649986484830188,0.2900845889066438,0.2611666924256184,0.2896205007225256,0.3284307617119496,0.3581673571540928,0.300727606950444,0.0,0.3354360688830919,0.3275729632779602,0.3372861910754178,0.366168702944689,0.0,0.0,0.0,0.3021241236828362,0.3266796473203983,0.0,0.0,0.0,0.3023787404991045,0.0,0.0,0.0,0.0,0.0,0.0,0.0,0.0,0.3548642171870941,0.3243516088456394,0.0,0.2765874117208247,0.0,0.3364270188018147,0.3321562183826621,0.343642531446068,0.3489505937977042,0.0,0.3067203335675888,0.3485605774674843,0.3421015527429166,0.2798646551104231,0.3359159739759811,0.0,0.3275823828297781
0.3238664096635156,0.2972633095159153,0.2477466528716168,0.2745154500926797,0.2871610523717298,0.2730398229015206,0.3085649631682761,0.2566515037637064,0.2929609907731243,0.3011884454021371,0.2651511033763679,0.2682348101882219,0.3138397350459857,0.2676521617066781,0.2698189798294569,0.3046384999705868,0.0,0.3014150769539432,0.3054468960054565,0.2136558097543446,0.2998705882695928,0.3041770562780083,0.0,0.3522570061776283,0.2954774281911183,0.3064287568435006,0.217776368721438,0.3101234628001584,0.2921909094276192,0.2877289684369219,0.3087495031912162,0.2967541415843934,0.3006881913680576,0.3198281735351959,0.3619911718306355,0.2880801769278625,0.3194958621455591,0.0,0.3587764726183906,0.3353021156465073,0.3671950965829307,0.3719673089268439,0.3505692460774334,0.0,0.0,0.0,0.3379197141557998,0.4052260697824851,0.0,0.3744606345804633,0.3695357293115326,0.3863677678214967,0.3345909292592477,0.3932659133634339,0.0,0.3925871114923911,0.0,0.3760081069355038,0.34906080254286,0.3615184196305532,0.0,0.0,0.0,0.3868753083307396,0.3646287867418541,0.3653792859160507,0.3634465458897438,0.3695560471517124,0.0,0.0,0.3544355033951057,0.3690774656513039,0.3686514627725171,0.3608716478466677,0.3568648161094909,0.3797784044464997
0.2658007011223962,0.0,0.0,0.0,0.0,0.0,0.0,0.3644201670080162,0.0,0.2310040811973291,0.0,0.1999055191449929,0.3213410211067088,0.0,0.204576253898228,0.0,0.2410657584914279,0.2267263689468578,0.0,0.0,0.3424108922554587,0.0,0.3522570061776283,0.0,0.226975041709078,0.2287398218451743,0.2610918712602577,0.2827544071344211,0.0,0.0,0.2548061586856047,0.1866845628919783,0.1777401414844709,0.1890014727417948,0.2503353334632258,0.0,0.1751348168533291,0.169768178295749,0.2400042665023163,0.2639257716951619,0.2300108351175867,0.0,0.0,0.0,0.2294350569545086,0.2804356946006338,0.3371433307127786,0.0,0.0,0.0,0.0,0.0,0.0,0.0,0.3077665932206485,0.0,0.3120653049943901,0.0,0.0,0.0,0.3283202989377971,0.30949584033591,0.3056003979364033,0.0,0.0,0.0,0.0,0.0,0.320046121029875,0.3055539119058331,0.3147673597057914,0.0,0.0,0.0,0.0,0.310448836720547
0.2453073909155737,0.2385252091369306,0.0,0.0,0.2468682347445977,0.2627210006124454,0.2750143365713913,0.3269558005256116,0.2349871266226882,0.2251866274755986,0.0,0.20875712056165,0.2909264421595919,0.0,0.2711646070568611,0.2475468906582159,0.2209986447284574,0.2345308786796112,0.0,0.2747836676352821,0.274409727740682,0.2499823532651736,0.2954774281911183,0.226975041709078,0.0,0.2276446097117948,0.2775546338941743,0.2942730167239743,0.2893579392421695,0.0,0.2546593185648952,0.264169184058785,0.2138194691935488,0.2350815077332034,0.2677576556374668,0.0,0.0,0.2078341895560225,0.3101933024239415,0.2795628623269235,0.2955775959199797,0.3134912687059509,0.0,0.0,0.2226777587383378,0.2812818673739438,0.3116442988482096,0.0,0.0,0.0,0.0,0.0,0.0,0.0,0.3035937058575239,0.0,0.311914682190651,0.0,0.0,0.3064606184327024,0.3075445595613382,0.300066144856296,0.2989730076730613,0.0,0.2929348234515646,0.2892835543077814,0.3011548801043554,0.0,0.3112831028440988,0.3026079301599841,0.3147489666819134,0.0,0.0,0.291190538744454,0.0,0.3043868397085358
0.2505320752652749,0.2530882572454629,0.0,0.0,0.269929528424473,0.275935566226588,0.2742669757998613,0.3282664208543846,0.283367488096461,0.232923584043347,0.0,0.2216865544606035,0.2923899460317242,0.0,0.223877600310581,0.2833457684884538,0.223025923234742,0.2389680347836262,0.0,0.2874176068197003,0.2737248270647506,0.2593536550518436,0.3064287568435006,0.2287398218451743,0.2276446097117948,0.0,0.2976314878941442,0.2871461128996072,0.2938885501952176,0.0,0.2588317116451537,0.2834444603116606,0.2423519032739421,0.2542948435759984,0.2941229172365669,0.3135108733953651,0.0,0.2125910033589434,0.3260342960400777,0.2999092441507469,0.317062876105829,0.3378167041594349,0.0,0.0,0.2477315593927718,0.3022974412839228,0.3379514816746163,0.0,0.0,0.0,0.3005807071576265,0.0,0.0,0.0,0.3125904749385081,0.0,0.3209028446343147,0.0,0.0,0.3534898551530253,0.3256335662605289,0.310732643196012,0.3059281175023207,0.0,0.331322621992316,0.3345966603934157,0.3445581656550425,0.3337761466600524,0.315630617175491,0.3109798778170833,0.3324823318828451,0.3381853371419437,0.0,0.3087134397301741,0.0,0.3128002075070647
0.3149263778820618,0.2846163363869756,0.2215752275869469,0.2849483276985964,0.2774494062976454,0.2622186074075747,0.3076241497803787,0.3207876480515589,0.2600534596537358,0.293377429245892,0.2821886524216344,0.0,0.3165545894925556,0.3254229615073389,0.2685830889419749,0.3006323754191627,0.0,0.3060156592085563,0.2651435798746663,0.254325043780977,0.3132802637029398,0.2931790467941387,0.217776368721438,0.2610918712602577,0.2775546338941743,0.2976314878941442,0.0,0.3064308130187231,0.2629813784550813,0.273653169862749,0.2900976112474488,0.2947459817200919,0.2721886670909852,0.3132254401396191,0.3321699845576595,0.3281269002510065,0.3111430744439488,0.0,0.3567956744973913,0.3297638388122579,0.3709375807617109,0.3614672418528953,0.3538486417664656,0.0,0.0,0.0,0.2977802269129909,0.413594310860064,0.0,0.3671996271085673,0.371257998521676,0.3992142720210063,0.3656122629183317,0.405797890105703,0.0,0.393480113250279,0.0,0.401252746832254,0.3964336517038407,0.3518861020186283,0.0,0.0,0.0,0.378522654144682,0.3585135477991512,0.351531043377999,0.3635603964342857,0.3730658581870472,0.0,0.0,0.3401622832027707,0.3674701214854685,0.37659635370523,0.3571714494768442,0.3406399048913197,0.3727945713744007
0.2710524312683151,0.3152162931369682,0.3285066936214713,0.1784821029394782,0.2899650417752465,0.286961966989612,0.2896754987915641,0.2963790581528263,0.3298329139814144,0.2757282694720661,0.3341013243312332,0.294827895544059,0.2583214700926535,0.247676908175692,0.2981939536366272,0.3238339233180691,0.3085717700323017,0.3181910384410383,0.3332733834167468,0.2797184703558789,0.3237237619662173,0.302849160379354,0.3101234628001584,0.2827544071344211,0.2942730167239743,0.2871461128996072,0.3064308130187231,0.0,0.2636200360967419,0.2044784513300157,0.2744293697339711,0.2845598370553464,0.260304150011611,0.2824522739680331,0.238921609713415,0.1823835642324766,0.1978623613529889,0.2911284786021636,0.3010625081927579,0.0,0.3130307750998266,0.0,0.2408081633607914,0.0,0.0,0.0,0.0,0.314640906580849,0.0,0.0,0.3811035810702116,0.0,0.3257592909368371,0.0,0.0,0.0,0.0,0.0,0.0,0.3404502612689058,0.0,0.0,0.0,0.0,0.3580321620277757,0.3363580272198898,0.2991009440977099,0.3647830193045155,0.0,0.0,0.0,0.3614632286094619,0.3615227598990039,0.3634767849419901,0.0,0.3572627914758925
0.0,0.2883904046634246,0.2659551844601225,0.0,0.29046705376262,0.2527675342711876,0.3002052857046543,0.2718314132426389,0.294995857486791,0.0,0.0,0.0,0.291321001932073,0.0,0.2864929384493021,0.29999241001168,0.2617711746218312,0.3076352575709307,0.0,0.2284642300822191,0.3024548380209396,0.2819811166808564,0.2921909094276192,0.0,0.2893579392421695,0.2938885501952176,0.2629813784550813,0.2636200360967419,0.0,0.2574590384926226,0.2723788623424075,0.2847941058145846,0.2439062919714556,0.307391795508204,0.3377846649952332,0.2999781771214309,0.2883704980481287,0.0,0.343872865935574,0.0,0.3586789912044038,0.3379399763193241,0.2851984368497753,0.0,0.0,0.0,0.3127558314311471,0.0,0.0,0.0,0.3533428616324787,0.0,0.3064063817433159,0.0,0.0,0.0,0.0,0.3356604776553364,0.0,0.3484031384782292,0.0,0.0,0.0,0.0,0.3527746191814258,0.3336791951223074,0.34052383311381,0.3523480544253578,0.0,0.0,0.3202685512584598,0.3490621814146062,0.3547900700963537,0.3426299875548073,0.3190754588029436,0.3637090091634881
0.0,0.0,0.2747079902276984,0.0,0.0,0.2860056550019951,0.0,0.263179781377106,0.2778395375631621,0.0,0.0,0.0,0.283491500105629,0.0,0.0,0.2995957445256789,0.0,0.2791436724681433,0.0,0.2549404893751041,0.0,0.2881178220526463,0.2877289684369219,0.0,0.0,0.0,0.273653169862749,0.2044784513300157,0.2574590384926226,0.0,0.2492627083162156,0.2791788858908338,0.2305569641920196,0.2744064463278766,0.3310167769029155,0.0,0.0,0.0,0.3422740611697126,0.0,0.0,0.0,0.0,0.0,0.0,0.0,0.0,0.0,0.0,0.0,0.3305606300013542,0.0,0.0,0.0,0.0,0.0,0.0,0.0,0.0,0.0,0.0,0.0,0.0,0.0,0.340691590738219,0.0,0.0,0.3509646205096803,0.0,0.0,0.0,0.3509163932585703,0.0,0.3273440938170685,0.0,0.0
0.2563280824022727,0.2476438573691683,0.3368060317074804,0.0,0.3249339485845763,0.309232954434484,0.3079354310079021,0.3105367163858182,0.3390962184854555,0.2459626904521763,0.3497796571076434,0.2633991584696381,0.3027751925698886,0.3396821378174671,0.2861702480818641,0.262463831922736,0.24784274308901,0.266294903862551,0.3597929738892895,0.2723686191309689,0.2727121657019659,0.2649986484830188,0.3087495031912162,0.2548061586856047,0.2546593185648952,0.2588317116451537,0.2900976112474488,0.2744293697339711,0.2723788623424075,0.2492627083162156,0.0,0.2811410696282337,0.2281561176311499,0.2138966101626809,0.2147533607462391,0.3069277733836253,0.0,0.2179935106707445,0.322266430216115,0.2932456606159137,0.3044291763861411,0.0,0.0,0.0,0.0,0.2661812953809861,0.3108297651931738,0.0,0.0,0.0,0.3885172068425423,0.0,0.3229695111269062,0.0,0.3037029679880765,0.0,0.2954897710206773,0.0,0.0,0.3356244336870574,0.3065404482827775,0.3124730780336397,0.3050704514952132,0.0,0.3466696640604889,0.2850577207483226,0.3306162156661956,0.3688615127164104,0.0,0.3054025485407412,0.31606333665043,0.3723279245772289,0.3589169794502431,0.372623035874449,0.0,0.2777113979909501
0.287292044577128,0.2802682399829632,0.3164607005276427,0.2111729212486167,0.2652428838740327,0.2943336553369747,0.2825100682572696,0.2421833029735824,0.3192476842000708,0.2208132638737005,0.2956359914038629,0.1532858340303861,0.28372861152091,0.2347766333965517,0.294096001999407,0.3002781766528302,0.2820150753480844,0.2892415266247624,0.3232338451177297,0.3007329852634394,0.2875839524361355,0.2900845889066438,0.2967541415843934,0.1866845628919783,0.264169184058785,0.2834444603116606,0.2947459817200919,0.2845598370553464,0.2847941058145846,0.2791788858908338,0.2811410696282337,0.0,0.2400815359613455,0.2469681928715557,0.2604864319584376,0.2063411609079935,0.224237012839828,0.1624263075825663,0.2239534963270229,0.2266599518085207,0.2137831596662867,0.2321086171956932,0.1787686183488097,0.1845018637624984,0.1828457934187736,0.2965563460176429,0.3264174873087086,0.3484899226648701,0.0,0.0,0.340483958730185,0.33556999778219,0.2937139688557639,0.3462276502232268,0.1893906903558262,0.3010171805791471,0.1991528812058854,0.3556840377258458,0.0,0.3453241521812894,0.3360246060619644,0.0,0.3064158407024799,0.302326241707841,0.3366248218751365,0.3152485395851675,0.3379620968577609,0.351296536992033,0.147385592154312,0.3298558141292574,0.3310920307023738,0.3516486250614973,0.3066057783147409,0.3439806355534077,0.0,0.3361320640149017
0.2533180011859037,0.2409455538356024,0.0,0.0,0.2656324676009567,0.2657353892073273,0.2783687921498755,0.3194698947590369,0.2936123602986245,0.1950077270510573,0.3026478047432271,0.1678629272125897,0.2766157640066631,0.0,0.2823363563415551,0.2589627763658608,0.2343951572256206,0.2382046082993311,0.0,0.2750578363760578,0.2670878504479029,0.2611666924256184,0.3006881913680576,0.1777401414844709,0.2138194691935488,0.2423519032739421,0.2721886670909852,0.260304150011611,0.2439062919714556,0.2305569641920196,0.2281561176311499,0.2400815359613455,0.0,0.1853637831253913,0.3015544199757184,0.2140886242907511,0.20336514657552,0.1178836844471339,0.1981748711420614,0.1714376555619074,0.2187554436810701,0.2324342311583051,0.0,0.0,0.1502689768043201,0.2746653659689247,0.3219482005442413,0.0,0.0,0.0,0.0,0.0,0.0,0.0,0.2477082119252182,0.0,0.2573439021469897,0.0,0.0,0.3465873997081555,0.3092333840571316,0.2724746137664294,0.3031922533098493,0.0,0.3406294301776055,0.2855856056485734,0.3369648688826168,0.3387209633559999,0.2425981886724376,0.2945176422236774,0.319818811991937,0.3444848366039754,0.0,0.3188841830665553,0.0,0.297345052657306
0.2623880071331391,0.2611609182523611,0.3468920796321192,0.1603097044774406,0.3234451669727999,0.3164198044309278,0.3030913999444917,0.317974261147234,0.3410911877325778,0.2186149020203878,0.3503146750582033,0.161912642804489,0.2935478724282882,0.3273888252114241,0.3018746247523508,0.2790701378877722,0.2474716898620922,0.2658711220405267,0.374690643478929,0.3056695329406559,0.2814365142884626,0.2896205007225256,0.3198281735351959,0.1890014727417948,0.2350815077332034,0.2542948435759984,0.3132254401396191,0.2824522739680331,0.307391795508204,0.2744064463278766,0.2138966101626809,0.2469681928715557,0.1853637831253913,0.0,0.1867820476215503,0.2765423345375255,0.1937906476636181,0.1301434074763832,0.2295199522730284,0.218712429043226,0.1983345995133682,0.2185767410173248,0.1921840332080197,0.1753703389867119,0.1727694803105736,0.2725998030336076,0.3220835499911557,0.0,0.0,0.0,0.379071088992495,0.0,0.3390347364818439,0.0,0.2121228650865396,0.0,0.2201446111630897,0.28931200963243,0.0,0.3516326628350608,0.3129251909579405,0.2898846902245282,0.2987945110018256,0.0,0.3494496751235701,0.3132154419376187,0.3432809297664943,0.3704497897050887,0.1650354627042364,0.3038113186140153,0.3268417890792225,0.368032085089766,0.3108366954829822,0.3679999804424688,0.0,0.3568671321807866
0.2958363185766623,0.2935769683370532,0.3228113925621382,0.1852803988060321,0.0,0.3027526984156187,0.0,0.323261678339679,0.3421491467295059,0.2273144828159474,0.3170499948418673,0.1768002141883415,0.2778468438611855,0.0,0.3338988309210672,0.3180011664992081,0.2691209012986465,0.2861927362756254,0.3218233047393363,0.3387144126042525,0.3147250127838377,0.3284307617119496,0.3619911718306355,0.2503353334632258,0.2677576556374668,0.2941229172365669,0.3321699845576595,0.238921609713415,0.3377846649952332,0.3310167769029155,0.2147533607462391,0.2604864319584376,0.3015544199757184,0.1867820476215503,0.0,0.3199877635815074,0.2376107799503699,0.1721278146610244,0.2393865435080767,0.222859368081585,0.2070855096132546,0.2410023414776131,0.1864375958358592,0.1808091925285155,0.1667606246322534,0.0,0.3364367246088811,0.0,0.0,0.0,0.0,0.0,0.0,0.0,0.1722652484129469,0.0,0.1498293482302971,0.0,0.0,0.3739844832964457,0.3252898690370372,0.0,0.3027756957187997,0.0,0.3230819784357833,0.335115002912453,0.3697086796844319,0.3799701702264096,0.0,0.3098366658625175,0.3492890623712976,0.3577388864838438,0.2265631956594481,0.3495392979218428,0.0,0.0
0.0,0.0,0.2892383471376905,0.1331093600461833,0.1786463837770328,0.3194388320403235,0.2587425168143186,0.1568614926505134,0.2979774899060756,0.1850945533021251,0.2366998893948923,0.0,0.2194476308984365,0.1642567294138535,0.0,0.0,0.0,0.0,0.2916384545197843,0.3571822832881636,0.0,0.3581673571540928,0.2880801769278625,0.0,0.0,0.3135108733953651,0.3281269002510065,0.1823835642324766,0.2999781771214309,0.0,0.3069277733836253,0.2063411609079935,0.2140886242907511,0.2765423345375255,0.3199877635815074,0.0,0.1634843170671492,0.2076613246055356,0.2252380694731313,0.0,0.2296386808362941,0.2359756528498951,0.198856909202545,0.1772310029694206,0.0,0.0,0.0,0.3493688811917643,0.0,0.3068370911284372,0.2855859497098438,0.3114044566779856,0.0,0.3399843717910559,0.0,0.3010475809280114,0.2511888747332442,0.0,0.0,0.0,0.0,0.0,0.0,0.3115345588246578,0.297841262316173,0.0,0.0,0.3401234570723778,0.0,0.0,0.0,0.3180440816168987,0.3064175274919657,0.2912455891823317,0.0,0.0
0.0,0.0,0.3130832881015838,0.1191796008513136,0.2027018429500119,0.3137920276358102,0.2494525903180942,0.2283401083543957,0.337735811467804,0.1996665879651007,0.3447213807751735,0.1945503226716616,0.2142790262125758,0.1324398476775135,0.0,0.0,0.0,0.0,0.3333939794672301,0.3008685660093576,0.0,0.300727606950444,0.3194958621455591,0.1751348168533291,0.0,0.0,0.3111430744439488,0.1978623613529889,0.2883704980481287,0.0,0.0,0.224237012839828,0.20336514657552,0.1937906476636181,0.2376107799503699,0.1634843170671492,0.0,0.1698625404366927,0.2141784568852515,0.0,0.2008373263957796,0.2175216161979044,0.1849494018216,0.1768357183785728,0.0,0.0,0.0,0.0,0.0,0.0,0.0,0.0,0.0,0.0,0.0,0.0,0.0,0.0,0.0,0.0,0.0,0.0,0.0,0.0,0.0,0.0,0.0,0.0,0.0,0.0,0.0,0.0,0.0,0.0,0.0,0.0
0.2627184258423806,0.0,0.0,0.0,0.0,0.0,0.0,0.0,0.3280570843993465,0.1897058553573889,0.320820886142363,0.1322934676242813,0.3138893247305682,0.0,0.0,0.0,0.2280322431116831,0.0,0.2656294778048789,0.0,0.0,0.0,0.0,0.169768178295749,0.2078341895560225,0.2125910033589434,0.0,0.2911284786021636,0.0,0.0,0.2179935106707445,0.1624263075825663,0.1178836844471339,0.1301434074763832,0.1721278146610244,0.2076613246055356,0.1698625404366927,0.0,0.180509226822169,0.1536927760152867,0.1704230856818351,0.1848215900494446,0.0,0.0,0.1583468919801176,0.0,0.0,0.0,0.0,0.0,0.0,0.0,0.0,0.0,0.2074265766277343,0.0,0.2252819516933457,0.0,0.0,0.0,0.0,0.0,0.0,0.0,0.0,0.0,0.0,0.0,0.236271373084845,0.2715150525584729,0.0,0.0,0.0,0.0,0.0,0.0
0.3070582741143532,0.3234052293251828,0.3561302052869152,0.0,0.2836091146490516,0.3552653669767519,0.0,0.3278502586882311,0.3619347378596452,0.1998333581136024,0.3149185419517016,0.1927018370412291,0.3632755872923818,0.0,0.3440281462325961,0.3183902490662689,0.3010560417448743,0.3023483069731036,0.342108808887602,0.3423044331634622,0.3188580107641349,0.3354360688830919,0.3587764726183906,0.2400042665023163,0.3101933024239415,0.3260342960400777,0.3567956744973913,0.3010625081927579,0.343872865935574,0.3422740611697126,0.322266430216115,0.2239534963270229,0.1981748711420614,0.2295199522730284,0.2393865435080767,0.2252380694731313,0.2141784568852515,0.180509226822169,0.0,0.221232021057549,0.2506449573762072,0.2587746060918645,0.2059330442624878,0.2271826249630736,0.1790683485775343,0.2832216576936978,0.2835435080271143,0.3287997596296855,0.2055109606735778,0.2549024232775895,0.2894652717347807,0.2795971063014818,0.2766472770428423,0.3224666719222973,0.2108880985876504,0.2672366114208708,0.1758641785973661,0.2864343546945274,0.243497797669408,0.286950108982782,0.2932106901905816,0.2655381101343045,0.2772048127541436,0.2999275612117412,0.299571319190074,0.2827942738089241,0.2863913759322198,0.2979340387936938,0.223354786357239,0.2666231892020779,0.2814646352500617,0.2932657694125498,0.2832285297584755,0.2889528657984366,0.2793213297106533,0.2829736448665338
0.2934864512416258,0.3154862035013923,0.0,0.0,0.0,0.0,0.0,0.0,0.0,0.2534718047633461,0.0,0.2692450666755239,0.0,0.0,0.332833731107419,0.3093749956919329,0.2463573696189091,0.2758135739280793,0.0,0.3354612131486956,0.3040350787502953,0.3275729632779602,0.3353021156465073,0.2639257716951619,0.2795628623269235,0.2999092441507469,0.3297638388122579,0.0,0.0,0.0,0.2932456606159137,0.2266599518085207,0.1714376555619074,0.218712429043226,0.222859368081585,0.0,0.0,0.1536927760152867,0.221232021057549,0.0,0.1875659992104914,0.2698836523912261,0.2964704859978511,0.2139375930887494,0.1400707888135977,0.251688805159463,0.2422019433352235,0.0,0.0,0.0,0.2721153628569918,0.2798841201616928,0.2909395713938956,0.310197740741971,0.1976728553697056,0.3183586858450974,0.1893352682960254,0.2934366947872668,0.0,0.2689707426313964,0.2400727686638581,0.2185942766080769,0.2261006701337865,0.0,0.262351705421738,0.2573741750217319,0.2588516458747741,0.2930545392760205,0.193373520132511,0.2150700442689697,0.246061053052136,0.2801356407804878,0.2621144013722419,0.2540183381411965,0.2500179674033436,0.2218075187429772
