0.0,0.3515836242994185,0.0,0.0,0.0,0.3644394475976515,0.0,0.4737504942636539,0.0,0.3584984974230995,0.0,0.3483683531254221,0.3291844187472693,0.0,0.340594492537212,0.3749481489688306,0.3137238888456463,0.3433279231367166,0.0,0.3616424567557563,0.3729261021081962,0.357257881329454,0.4300773622476092,0.3563939947797654,0.3228937245135807,0.3320922525818524,0.4217571045675465,0.3633008677592954,0.0,0.0,0.3389864015663208,0.3794805933935967,0.3319932026123036,0.3454839043220229,0.387598074764665,0.0,0.0,0.3385800120246098,0.4046787489123003,0.3831427606802902,0.379453966416069,0.0,0.0,0.0,0.0,0.2425267690037513,0.4292215287303446,0.0,0.0,0.0,0.0,0.0,0.0,0.0,0.4032166017238345,0.0,0.0,0.0,0.0,0.0,0.411506809363846,0.0,0.4060432358458491,0.0,0.0,0.2601630805606942,0.4193069877021457,0.0,0.0,0.420192211959744,0.4269882786481854,0.0,0.0,0.0,0.0,0.4000993875340599
0.3515836242994185,0.0,0.0,0.0,0.3564581200828295,0.3764057669074378,0.40678969146622,0.4114774620922057,0.3478889840040799,0.0,0.0,0.0,0.4055189437119402,0.0,0.3636300054205134,0.3356463452682977,0.2972684226952623,0.3482963012276652,0.0,0.3703818923889275,0.3580147690145754,0.3306943459369889,0.3914988420484989,0.0,0.3169361892691165,0.3352927346980482,0.3766444745836071,0.4176016625041402,0.3816361101235672,0.0,0.329430330097459,0.3714512848758004,0.3195369127543632,0.3460959157210712,0.3884985376695437,0.0,0.0,0.0,0.4260280931761779,0.4147936605087877,0.4175373825705006,0.4402737330259327,0.0,0.0,0.0,0.3967225921389513,0.4290515041917511,0.0,0.0,0.0,0.3746083685445028,0.0,0.0,0.0,0.0,0.0,0.0,0.0,0.0,0.4264997728229256,0.4222549061333328,0.0,0.4027469150743364,0.0,0.4223353853179711,0.4210012917934961,0.4276298548737845,0.4313620250823498,0.0,0.4205141365476703,0.448956133820532,0.4198685677219871,0.0,0.4315253663476815,0.0,0.4126719186736975
0.0,0.0,0.0,0.335201567792062,0.3831570058441627,0.3632494227676938,0.4134777459324886,0.4314320519001158,0.2381953064571602,0.3644788226036495,0.3019510400158901,0.2621302795071331,0.424138151018867,0.3973953327654551,0.0,0.0,0.0,0.0,0.2333067519338274,0.0,0.0,0.0,0.3292018690561397,0.0,0.0,0.0,0.293892448070291,0.4328639931470782,0.0,0.0,0.4417582602215235,0.4151487441021756,0.2874539983444573,0.4533195888818479,0.4196984352133872,0.3789694303775922,0.4103505028464326,0.0,0.4549248595450322,0.0,0.3980433566942304,0.0,0.4843399832181462,0.0,0.0,0.0,0.0,0.415136973371033,0.0,0.5038818693108398,0.5056939927020381,0.5762733295642952,0.4926847429881357,0.4696712632065709,0.0,0.4372118802606359,0.0,0.4773600561550968,0.4972147318906805,0.0,0.0,0.0,0.0,0.3439153266918362,0.0,0.0,0.0,0.5185391521346435,0.0,0.0,0.0,0.5374637070062175,0.3989176617613523,0.0,0.0,0.0
0.0,0.0,0.335201567792062,0.0,0.295397590382808,0.3910885472733991,0.3737254033634524,0.2933037288788772,0.3936991215268802,0.171971982571278,0.356425094783272,0.0,0.2596947512938097,0.2426318848195502,0.0,0.0,0.0,0.0,0.3812894459050254,0.3660152303324694,0.0,0.0,0.3606149522011572,0.0,0.0,0.0,0.3713145370553243,0.2350466131684525,0.3177997196658928,0.0,0.0,0.2774771001774426,0.0,0.2092860722150527,0.24033595731013,0.1702241132980269,0.1568559294667651,0.0,0.0,0.0,0.0,0.0,0.0,0.0,0.0,0.0,0.0,0.0,0.0,0.0,0.0,0.0,0.0,0.0,0.0,0.0,0.0,0.0,0.0,0.0,0.0,0.0,0.0,0.0,0.0,0.0,0.0,0.0,0.0,0.0,0.0,0.0,0.0,0.0,0.0,0.0
0.0,0.3564581200828295,0.3831570058441627,0.295397590382808,0.0,0.3562271391998401,0.3145837235090657,0.3454418271889058,0.3084197226633027,0.4217287658110542,0.3040815785642785,0.4117478434415673,0.3562405313910193,0.288874528946887,0.0,0.3610421657654181,0.0,0.0,0.3796074331888635,0.3893725462337607,0.0,0.4064110894649556,0.379509256390044,0.0,0.3045743146765162,0.3467239663062996,0.3677716408799495,0.3819481700170407,0.3834391904675191,0.0,0.4272595981620566,0.3502506815461026,0.3398679718626367,0.4245010499608384,0.0,0.2341728059952,0.269358793436983,0.0,0.3435664594666577,0.0,0.0,0.0,0.3915084476566915,0.0,0.0,0.0,0.0,0.4816034548799183,0.0,0.3658926842882597,0.4552566937060811,0.0,0.3935444701239676,0.4331268787384569,0.0,0.4246244417960592,0.0,0.0,0.0,0.0,0.0,0.0,0.0,0.403856350990429,0.0,0.0,0.0,0.4905807523425032,0.0,0.0,0.0,0.4858347995710697,0.0,0.0,0.0,0.0
0.3644394475976515,0.3764057669074378,0.3632494227676938,0.3910885472733991,0.3562271391998401,0.0,0.3948447016915702,0.4104172685730651,0.3313404302789259,0.3603784174349909,0.3497946605585065,0.209677034874005,0.3776879120589199,0.4020465168551177,0.4044251962259916,0.3980409601436681,0.2519881999509795,0.4047300866014451,0.4494876780307499,0.3860750110090177,0.4058767780743901,0.3960170274078651,0.3622431062555308,0.0,0.3483319035742859,0.3644421316461854,0.3479530592139818,0.3802309761731371,0.3336840598545429,0.3776584412405021,0.4072751571273341,0.3878694750545557,0.3497821171290176,0.4168034581885726,0.3991333479099849,0.4225544474129982,0.4125821336009555,0.0,0.4677587842514851,0.0,0.4906101202028364,0.0,0.4857611226420498,0.0,0.0,0.0,0.2893505144648665,0.5247998859418059,0.0,0.4430666328668725,0.4889421908224386,0.5859170422864208,0.4387434327158867,0.5133470890622688,0.0,0.50297048218381,0.0,0.5549542828181527,0.0,0.4310059363596014,0.0,0.0,0.0,0.4954917020487047,0.4487617849986343,0.3866164312098196,0.4692444766755896,0.4918950062022285,0.0,0.0,0.3558562894556491,0.4878672774428804,0.5071240695103711,0.4740947318266335,0.4319994406195409,0.5265391365054548
0.0,0.40678969146622,0.4134777459324886,0.3737254033634524,0.3145837235090657,0.3948447016915702,0.0,0.421127662752705,0.368524108545625,0.3646362494728692,0.4207283839759561,0.3994389844898451,0.3185840375120268,0.3461102730676906,0.0,0.4093117634619082,0.3666450072287013,0.4095756311977945,0.4282680619953292,0.3905404089732934,0.0,0.4244710535991082,0.4069722860369937,0.0,0.3655606189057316,0.3596545971695291,0.4068494197992071,0.379888639319979,0.3964778893630624,0.0,0.405805737631277,0.3737705403339015,0.3635056734924684,0.4005627923840134,0.0,0.3437986688254518,0.351647834056602,0.0,0.3803351734130152,0.0,0.3486214493665071,0.0,0.3767431886638278,0.0,0.0,0.0,0.0,0.4695575237327712,0.0,0.0,0.485958744690929,0.0,0.4003057961965401,0.4064799657784756,0.0,0.3800058858730378,0.0,0.0,0.0,0.0,0.0,0.0,0.0,0.3684443631681494,0.0,0.0,0.0,0.4942355937787614,0.0,0.0,0.0,0.5048312348670153,0.0,0.0,0.0,0.0
0.4737504942636539,0.4114774620922057,0.4314320519001158,0.2933037288788772,0.3454418271889058,0.4104172685730651,0.421127662752705,0.0,0.4423427731010042,0.3857463502183728,0.3849062631999566,0.3752117325952444,0.426612161292162,0.3376821100527828,0.0,0.422676651310958,0.0,0.4133959875763119,0.431414208321988,0.3618816022120201,0.4087154766881284,0.3773670003366818,0.3396903594355637,0.4831727813889262,0.4316370049512058,0.4336729682347984,0.4261257392615148,0.3921024555661637,0.3580606226359284,0.3417973802503755,0.4091237522497614,0.3171482615132833,0.4220939565743599,0.4186153435448671,0.4262509314041127,0.2045991409035641,0.2995051951920815,0.0,0.4313721968337794,0.0,0.4593636093783964,0.0,0.4231877466147812,0.0,0.0,0.0,0.0,0.4975940814449746,0.0,0.0,0.4398567193975147,0.4582834425854933,0.3012272751121916,0.490838047926864,0.0,0.4109252688328593,0.0,0.4728314421653568,0.0,0.4593806507523377,0.0,0.0,0.0,0.0,0.475230382108102,0.3197980521625246,0.0,0.440285622213501,0.0,0.0,0.0,0.4533945347832212,0.4646657225302625,0.450395707567608,0.0,0.4538312960777135
0.0,0.3478889840040799,0.2381953064571602,0.3936991215268802,0.3084197226633027,0.3313404302789259,0.368524108545625,0.4423427731010042,0.0,0.4517626342229487,0.278151379346982,0.432665923685792,0.3898157536716362,0.3960011073930742,0.0,0.3154580256828808,0.0,0.3235195737003554,0.2468307941075025,0.3731556146858322,0.0,0.3715083265613306,0.3896631497684163,0.3477568536105432,0.2868794685941772,0.369786269938031,0.3452651620572933,0.4336389549994052,0.3882624518352712,0.366404889085393,0.4451509424838104,0.4191009530834418,0.3764649488356311,0.4479972290766239,0.4490655891436778,0.3909519821920572,0.4418764866591511,0.4564271466402073,0.4752868445147398,0.0,0.3087620238659284,0.0,0.4880525565500715,0.0,0.0,0.0,0.0,0.5380650952227923,0.0,0.4571131717159,0.5073050495150004,0.5108026081902041,0.4967522129590873,0.5382964764450299,0.0,0.5140694901087153,0.0,0.4547422499187232,0.4918071580867503,0.0,0.0,0.0,0.0,0.5174324895120832,0.0,0.0,0.0,0.5174438505349565,0.0,0.0,0.0,0.515034611656872,0.4281050888734242,0.0,0.0,0.0
0.3584984974230995,0.0,0.3644788226036495,0.171971982571278,0.4217287658110542,0.3603784174349909,0.3646362494728692,0.3857463502183728,0.4517626342229487,0.0,0.455863083201967,0.2870151687154203,0.3766526706927176,0.0,0.0,0.3487698472474093,0.2983440707292403,0.3178556866128301,0.4445643110611699,0.3112761313117024,0.0,0.2534844386930891,0.3873218995679364,0.3059485135583497,0.2990159293725971,0.3101875081631453,0.372720825233465,0.3641773849358794,0.3295671887622188,0.0,0.327013794110535,0.2945876803987556,0.2563638218404968,0.2863740146193737,0.2989603488679261,0.2424237965518339,0.2645767125151059,0.2496131264817184,0.2721677401798205,0.3271191853610883,0.3042448672788027,0.3184987860317027,0.0,0.0,0.3170584194770531,0.0,0.0,0.0,0.0,0.0,0.0,0.0,0.0,0.0,0.4102269396486906,0.0,0.4249526808872221,0.3982701136330807,0.0,0.0,0.0,0.3862835252665602,0.3655166076010769,0.0,0.0,0.0,0.0,0.0,0.385030836551205,0.3840447492794974,0.4082539436265703,0.0,0.3566507717980503,0.0,0.0,0.4053324916366613
0.0,0.0,0.3019510400158901,0.356425094783272,0.3040815785642785,0.3497946605585065,0.4207283839759561,0.3849062631999566,0.278151379346982,0.455863083201967,0.0,0.4078599885316393,0.4312837704986888,0.3106513053335017,0.0,0.0,0.0,0.0,0.2338502977113501,0.0,0.0,0.0,0.3550417668263468,0.0,0.0,0.2678175401214161,0.377486900050236,0.4393887761883719,0.0,0.0,0.4593817964904829,0.3875479992654869,0.3929740623666659,0.4603238712787039,0.4163004281301791,0.3053015984518896,0.4507776422638091,0.4251922529152506,0.3983467213220505,0.0,0.0,0.0,0.4303573304384729,0.0,0.0,0.0,0.0,0.4577880071891212,0.0,0.3571743995197021,0.4823177717708679,0.4283147450655162,0.4532183827590634,0.5129039542291856,0.0,0.2994834978988749,0.0,0.3816604300868502,0.3703074036435279,0.0,0.0,0.0,0.0,0.3082976082188787,0.0,0.0,0.0,0.5161527878370086,0.0,0.0,0.0,0.517140470264204,0.3709680479502303,0.0,0.0,0.0
0.3483683531254221,0.0,0.2621302795071331,0.0,0.4117478434415673,0.209677034874005,0.3994389844898451,0.3752117325952444,0.432665923685792,0.2870151687154203,0.4078599885316393,0.0,0.4176617397106585,0.0,0.0,0.0,0.3091058526113711,0.2890989534549025,0.3436585958034083,0.0,0.3736307133933049,0.0,0.3267134083958686,0.2663548015801147,0.2759287739953952,0.2943300425912846,0.2197438162265307,0.3895041570671965,0.0,0.0,0.3485969553210253,0.2008524900514825,0.2185239274911973,0.2129777559972786,0.2304736584994007,0.0,0.2577291099046671,0.1744515048378103,0.256797587609576,0.346598148111046,0.3032713655273206,0.2297328169504073,0.2767483693301059,0.0,0.3068674288785847,0.0,0.0,0.0,0.0,0.0,0.0,0.0,0.0,0.0,0.4093456496148508,0.0,0.4224605666996229,0.3884335522154036,0.0,0.0,0.0,0.3947719237772409,0.3714820540399937,0.0,0.0,0.0,0.0,0.0,0.3911301068790667,0.3896681370970565,0.4101134968387033,0.0,0.4185982998286111,0.0,0.0,0.4185613756952053
0.3291844187472693,0.4055189437119402,0.424138151018867,0.2596947512938097,0.3562405313910193,0.3776879120589199,0.3185840375120268,0.426612161292162,0.3898157536716362,0.3766526706927176,0.4312837704986888,0.4176617397106585,0.0,0.3628086658013567,0.0,0.4256346242010546,0.4121712407947556,0.4383379470789982,0.4375429034107317,0.4010488069945859,0.4331297464068582,0.4309589264374067,0.4142747893105056,0.4251684448929762,0.3851549903458847,0.3876978722718262,0.4183786013549518,0.3437690539357855,0.3883476369390038,0.3758119348390534,0.4003806168446533,0.3739869238296302,0.3680034106360088,0.38744054445198,0.367274669425358,0.2885677523685672,0.280931902446882,0.41712956267437,0.4985876323977016,0.3507716174701543,0.4609413090626723,0.0,0.4208364179290053,0.0,0.0,0.0,0.0,0.5156729370691263,0.0,0.0,0.579852691109737,0.4080335946868363,0.4536213037085871,0.0,0.0,0.3983801749878896,0.0,0.0,0.0,0.3419846643911605,0.0,0.0,0.0,0.0,0.402691196865815,0.0,0.268702329891416,0.5003919216071945,0.0,0.2775287417122625,0.2936569397340458,0.5119480722474795,0.0,0.4717957455779212,0.0,0.0
0.0,0.0,0.3973953327654551,0.2426318848195502,0.288874528946887,0.4020465168551177,0.3461102730676906,0.3376821100527828,0.3960011073930742,0.0,0.3106513053335017,0.0,0.3628086658013567,0.0,0.0,0.0,0.0,0.0,0.3924971115908545,0.0,0.0,0.0,0.3533436597662132,0.0,0.0,0.0,0.430093957943566,0.3229073067743331,0.0,0.0,0.4447725256230632,0.3052426972513072,0.0,0.4216780193778382,0.0,0.2083851502987613,0.1705798920553041,0.0,0.0,0.0,0.0,0.0,0.3854114431519194,0.0,0.0,0.0,0.0,0.4394366294696593,0.0,0.0,0.0,0.0,0.0,0.0,0.0,0.0,0.0,0.0,0.0,0.0,0.0,0.0,0.0,0.0,0.0,0.0,0.0,0.4445354876961651,0.0,0.0,0.0,0.0,0.0,0.0,0.0,0.0
0.340594492537212,0.3636300054205134,0.0,0.0,0.0,0.4044251962259916,0.0,0.0,0.0,0.0,0.0,0.0,0.0,0.0,0.0,0.3862599100867454,0.0,0.3731646863069621,0.0,0.2925283542190353,0.3533514410384776,0.3111773742825705,0.3615088955732508,0.2621703859648993,0.3574081150201139,0.2972882879666925,0.3585249570504599,0.393379594301125,0.3785797624030171,0.0,0.3782864810009764,0.38895408543055,0.3700166306633434,0.3988784041952111,0.4408451007737209,0.0,0.0,0.0,0.4551254411823014,0.4386836825028508,0.4735985247199401,0.4904651191680395,0.0,0.0,0.0,0.0,0.4610813984234982,0.0,0.0,0.0,0.4220180696996912,0.0,0.0,0.0,0.0,0.0,0.0,0.0,0.0,0.4614607290321882,0.4223539416987572,0.0,0.0,0.0,0.4483605829911689,0.4356720304778648,0.4716844459020107,0.4531286086364117,0.0,0.3416663009070664,0.4854454490492872,0.4531518291700055,0.4111481325753375,0.4433682091343164,0.0,0.446306555188436
0.3749481489688306,0.3356463452682977,0.0,0.0,0.3610421657654181,0.3980409601436681,0.4093117634619082,0.422676651310958,0.3154580256828808,0.3487698472474093,0.0,0.0,0.4256346242010546,0.0,0.3862599100867454,0.0,0.3360037479041686,0.2773381770352447,0.0,0.3842153389392482,0.3781577489436336,0.3506456280065947,0.4012508723917548,0.0,0.3279974816170269,0.3751179335599272,0.3974304641828537,0.4319157544701937,0.3978804343556968,0.3982297737039831,0.349827539576333,0.3978693789967999,0.3439859102303444,0.3698625834415456,0.4211168826177334,0.0,0.0,0.0,0.4197051382808348,0.4053271622349118,0.4114857159308127,0.4367017384001252,0.0,0.0,0.0,0.4010871885236582,0.4283392319779695,0.0,0.0,0.0,0.0,0.0,0.0,0.0,0.0,0.0,0.0,0.0,0.0,0.4371568183332138,0.4175281918705409,0.0,0.4030626441887375,0.0,0.417532848223584,0.3912912224798601,0.4227725273854479,0.3305845695715343,0.0,0.4163648272092852,0.443374664311129,0.3565551071716264,0.0,0.380592911012568,0.0,0.4024016461477712
0.3137238888456463,0.2972684226952623,0.0,0.0,0.0,0.2519881999509795,0.3666450072287013,0.0,0.0,0.2983440707292403,0.0,0.3091058526113711,0.4121712407947556,0.0,0.0,0.3360037479041686,0.0,0.3072802362702025,0.0,0.3275246853701537,0.0,0.3576568241668085,0.0,0.3166448800238813,0.2928181235551957,0.2936547785115102,0.0,0.4081284099998424,0.3311694047431736,0.0,0.3300946742689961,0.3727801353269631,0.3092425528282338,0.3272668241643997,0.356320258495467,0.0,0.0,0.2970592749104436,0.0,0.3215286791558533,0.0,0.0,0.0,0.0,0.0,0.0,0.0,0.0,0.0,0.0,0.0,0.0,0.0,0.0,0.4060586104584149,0.0,0.4309312902546433,0.0,0.0,0.0,0.0,0.3975247036392223,0.3824697886878792,0.0,0.0,0.0,0.0,0.0,0.4193312512005221,0.3908937972919251,0.4104091186016406,0.0,0.0,0.0,0.0,0.0
0.3433279231367166,0.3482963012276652,0.0,0.0,0.0,0.4047300866014451,0.4095756311977945,0.4133959875763119,0.3235195737003554,0.3178556866128301,0.0,0.2890989534549025,0.4383379470789982,0.0,0.3731646863069621,0.2773381770352447,0.3072802362702025,0.0,0.0,0.375489455573183,0.3683787802520026,0.368777394395762,0.3958857422201858,0.2974337043302041,0.3120365439274888,0.3159200760379604,0.4038157017630362,0.4243871874736195,0.407934615598306,0.3616735700851565,0.3538797680465392,0.3825710686851315,0.3141387657378838,0.3517503632979064,0.3782530166149059,0.0,0.0,0.0,0.3974454046476244,0.3601919276066747,0.3825031569741817,0.4058724440839256,0.0,0.0,0.0,0.3791204500851706,0.4103395709659655,0.0,0.0,0.0,0.0,0.0,0.0,0.0,0.3833107737629602,0.0,0.4060758092389985,0.0,0.0,0.0,0.3967788915703933,0.3860331977734848,0.3816892174882479,0.0,0.0,0.0,0.4012163209138514,0.0,0.4050978638303703,0.3875376151165744,0.4079063194230745,0.0,0.0,0.0,0.0,0.3952701855840557
0.0,0.0,0.2333067519338274,0.3812894459050254,0.3796074331888635,0.4494876780307499,0.4282680619953292,0.431414208321988,0.2468307941075025,0.4445643110611699,0.2338502977113501,0.3436585958034083,0.4375429034107317,0.3924971115908545,0.0,0.0,0.0,0.0,0.0,0.0,0.0,0.0,0.4036345393366288,0.0,0.0,0.0,0.3532162829257679,0.437996987501099,0.0,0.0,0.4707538885293048,0.42421679092672,0.0,0.4880670730659783,0.4211058225785269,0.3852982703907739,0.4437166804678505,0.3381152920555024,0.4271447644776758,0.0,0.0,0.0,0.4718046341445122,0.0,0.0,0.0,0.0,0.5496916330118404,0.0,0.4406292437427654,0.5144801778485127,0.4551064756580107,0.4819107000386293,0.5259584105329065,0.0,0.3993946008146998,0.0,0.4066444799943751,0.4462302920538719,0.0,0.0,0.0,0.0,0.509562939391908,0.0,0.0,0.0,0.5182979503825188,0.0,0.0,0.0,0.5250688401105987,0.0,0.0,0.0,0.0
0.3616424567557563,0.3703818923889275,0.0,0.3660152303324694,0.3893725462337607,0.3860750110090177,0.3905404089732934,0.3618816022120201,0.3731556146858322,0.3112761313117024,0.0,0.0,0.4010488069945859,0.0,0.2925283542190353,0.3842153389392482,0.3275246853701537,0.375489455573183,0.0,0.0,0.3988272480318732,0.3427026034366544,0.2908820041942921,0.0,0.3644976456986345,0.3820457905150143,0.3387513476427837,0.3727009672565978,0.3035347298128872,0.3388406394935264,0.3601469032942827,0.3998429049902673,0.3664655024594299,0.4048364538136011,0.4488709218558567,0.4702069434697741,0.3811064605873286,0.0,0.4520067572493829,0.4633441904841452,0.5028940318302113,0.471304861558014,0.0,0.0,0.0,0.0,0.4363051306536208,0.0,0.0,0.0,0.4102136150916055,0.0,0.4361720256005145,0.0,0.0,0.0,0.0,0.3471989482671359,0.0,0.4635512209145099,0.3083861364352371,0.0,0.0,0.0,0.4508394801929095,0.4603276624430451,0.4432064745360085,0.4781847131115702,0.0,0.2755485004277713,0.4366040806681132,0.4564889201896998,0.4719112955443723,0.4687411845081867,0.348583394137684,0.4450343190585673
0.3729261021081962,0.3580147690145754,0.0,0.0,0.0,0.4058767780743901,0.0,0.4087154766881284,0.0,0.0,0.0,0.3736307133933049,0.4331297464068582,0.0,0.3533514410384776,0.3781577489436336,0.0,0.3683787802520026,0.0,0.3988272480318732,0.0,0.3739100351504127,0.4025402227396653,0.4559612943790198,0.3612004281184892,0.3619298436896481,0.4165649578098455,0.4273981910560692,0.399227341490326,0.0,0.3591263869132021,0.3786746942299414,0.3500242135476849,0.3707789253424763,0.413405854473267,0.0,0.0,0.0,0.4199222300632172,0.394603704172363,0.416685210639608,0.4633941856709831,0.0,0.0,0.0,0.2741825411873435,0.4552463481064742,0.0,0.0,0.0,0.4228134888615421,0.0,0.2917275279323071,0.0,0.0,0.0,0.0,0.0,0.0,0.4324868052263523,0.416523642681029,0.0,0.0,0.0,0.4499495116712104,0.3463605066554881,0.4455241786195087,0.448001418560784,0.0,0.3690084568715222,0.4655187871993756,0.4537096688433694,0.4369534728404977,0.4343232074117614,0.0,0.3523037167720974
0.357257881329454,0.3306943459369889,0.0,0.0,0.4064110894649556,0.3960170274078651,0.4244710535991082,0.3773670003366818,0.3715083265613306,0.2534844386930891,0.0,0.0,0.4309589264374067,0.0,0.3111773742825705,0.3506456280065947,0.3576568241668085,0.368777394395762,0.0,0.3427026034366544,0.3739100351504127,0.0,0.4039125173909572,0.0,0.3308642845876318,0.3439256000899273,0.3889047553577548,0.4028803655471437,0.3741535740457291,0.3835589160128179,0.3509014615291221,0.3848708663744817,0.3471304058775386,0.3835047918203165,0.4346038786017691,0.4731643544462517,0.3906217854503682,0.0,0.4438616368039594,0.4318100891470477,0.4444099047377384,0.4838022832430748,0.3205906630968115,0.0,0.0,0.3938684361820133,0.4310064140280303,0.0,0.0,0.0,0.3990049117486161,0.0,0.0,0.0,0.0,0.0,0.0,0.0,0.0,0.4655870721212474,0.4270774522424696,0.0,0.3546903635392067,0.0,0.4416696131619845,0.4369220753758919,0.453072256928851,0.4587933640298949,0.0,0.4053935542951203,0.4597292835204327,0.4471215793901305,0.3396728079900146,0.438801912843347,0.0,0.4293087793209398
0.4300773622476092,0.3914988420484989,0.3292018690561397,0.3606149522011572,0.379509256390044,0.3622431062555308,0.4069722860369937,0.3396903594355637,0.3896631497684163,0.3873218995679364,0.3550417668263468,0.3267134083958686,0.4142747893105056,0.3533436597662132,0.3615088955732508,0.4012508723917548,0.0,0.3958857422201858,0.4036345393366288,0.2908820041942921,0.4025402227396653,0.4039125173909572,0.0,0.4698063603913952,0.3894816467542071,0.4057613791570605,0.2892008679536617,0.4115607064726887,0.3875065861086257,0.3826061339011654,0.4076613819716065,0.3927091430141418,0.3977544185395728,0.4219375170521686,0.4795027582063543,0.3801752167025871,0.4221860890518125,0.0,0.4730234033649261,0.4352009957610679,0.4822125508676594,0.4877574272258496,0.460880540389081,0.390110526294017,0.0,0.0,0.4556301445292625,0.5327910243452447,0.0,0.4909494587764429,0.4865523572811293,0.5081307196924543,0.4403968771956333,0.5170146581461821,0.0,0.5129478956553084,0.0,0.4948169618687609,0.4570637062638285,0.4749811067370863,0.0,0.0,0.0,0.5072437069854463,0.4808121963478326,0.4794543297218705,0.4768377836072505,0.4894419522673227,0.0,0.2758611748819563,0.4932074792473983,0.4864461046301711,0.4856538701314101,0.4754564281404456,0.4687442631646716,0.5002921204674475
0.3563939947797654,0.0,0.0,0.0,0.0,0.0,0.0,0.4831727813889262,0.3477568536105432,0.3059485135583497,0.0,0.2663548015801147,0.4251684448929762,0.0,0.2621703859648993,0.0,0.3166448800238813,0.2974337043302041,0.0,0.0,0.4559612943790198,0.0,0.4698063603913952,0.0,0.2991034581303066,0.3035730885736671,0.2774159019408996,0.3764718725663832,0.0,0.0,0.3362802375390992,0.2474976397017489,0.2311454270907914,0.2510366062589281,0.3303686013744933,0.0,0.2182598383894741,0.2229221664597628,0.3307558642481241,0.3433699216160956,0.307783399989557,0.0,0.0,0.0,0.2975319775742929,0.3749252593781601,0.0,0.0,0.0,0.0,0.0,0.0,0.0,0.0,0.4010772173451259,0.0,0.4108342118631783,0.0,0.0,0.0,0.4273287644626788,0.4036686219838402,0.4000180378338331,0.0,0.0,0.0,0.0,0.0,0.4371108237812954,0.3998973797930751,0.4158515062598034,0.0,0.0,0.0,0.0,0.4090697224033213
0.3228937245135807,0.3169361892691165,0.0,0.0,0.3045743146765162,0.3483319035742859,0.3655606189057316,0.4316370049512058,0.2868794685941772,0.2990159293725971,0.0,0.2759287739953952,0.3851549903458847,0.0,0.3574081150201139,0.3279974816170269,0.2928181235551957,0.3120365439274888,0.0,0.3644976456986345,0.3612004281184892,0.3308642845876318,0.3894816467542071,0.2991034581303066,0.0,0.30221337661448,0.3670553972211076,0.3896908606672826,0.3831747832355839,0.0,0.337389296837402,0.3492923674521771,0.2815391073259962,0.309815915454164,0.3532749886906988,0.0,0.0,0.2717039580332318,0.4066658136547604,0.3638508730947634,0.3864815747686097,0.4098337630542354,0.0,0.0,0.0,0.369726689944289,0.4088907367088037,0.0,0.0,0.0,0.0,0.0,0.0,0.0,0.395022380295167,0.0,0.408450724963064,0.2832816947927558,0.0,0.3869254694539593,0.4025103352294776,0.390131758909839,0.3900250851082426,0.0,0.3790004733003042,0.3798000084897366,0.3895767448683851,0.31518437064628,0.4111861400316964,0.3947656738656185,0.4122767147147976,0.0,0.0,0.3688814062667187,0.0,0.398400194949315
0.3320922525818524,0.3352927346980482,0.0,0.0,0.3467239663062996,0.3644421316461854,0.3596545971695291,0.4336729682347984,0.369786269938031,0.3101875081631453,0.2678175401214161,0.2943300425912846,0.3876978722718262,0.0,0.2972882879666925,0.3751179335599272,0.2936547785115102,0.3159200760379604,0.0,0.3820457905150143,0.3619298436896481,0.3439256000899273,0.4057613791570605,0.3035730885736671,0.30221337661448,0.0,0.3945862010785195,0.3809722822485763,0.3893540449465309,0.0,0.3426982586910261,0.3751215047614297,0.3186980515293089,0.3357565528532186,0.3878688761699406,0.4120619422588322,0.0,0.2773606780400109,0.4294602978900074,0.3921561218299626,0.4151790469853101,0.4435479489694292,0.0,0.0,0.3065029220457121,0.4001210580466151,0.4446972247253732,0.0,0.0,0.0,0.3944027433666266,0.0,0.0,0.0,0.4065776564621062,0.0,0.4208924908200048,0.3045473295696815,0.0,0.4640590799651762,0.4274926237350396,0.405653849680238,0.3997673386676444,0.0,0.4343115953978486,0.4407784858828977,0.4541757356466899,0.4386749298371605,0.4200624243391482,0.4066033613686415,0.4373056307336456,0.4453089792018678,0.3517864931566088,0.4066012461592836,0.0,0.4104248858247027
0.4217571045675465,0.3766444745836071,0.293892448070291,0.3713145370553243,0.3677716408799495,0.3479530592139818,0.4068494197992071,0.4261257392615148,0.3452651620572933,0.372720825233465,0.377486900050236,0.2197438162265307,0.4183786013549518,0.430093957943566,0.3585249570504599,0.3974304641828537,0.0,0.4038157017630362,0.3532162829257679,0.3387513476427837,0.4165649578098455,0.3889047553577548,0.2892008679536617,0.2774159019408996,0.3670553972211076,0.3945862010785195,0.0,0.4062691876393062,0.3488330941408491,0.3637435021589243,0.3845505691629937,0.3901984301801621,0.3609161262425037,0.4139661161715162,0.4391289058684162,0.4332615899151458,0.4104694384088811,0.0,0.471285322515753,0.4118670193793119,0.4862449980886624,0.4769988629554725,0.4666984130154036,0.3029820553218608,0.0,0.0,0.3859688717432184,0.5444631565243175,0.0,0.4796287738753834,0.489282324552203,0.5351451813219045,0.4833874540734056,0.5324414427968568,0.0,0.5166186678170089,0.0,0.5231926481057212,0.5215139445363233,0.4612908644460836,0.0,0.0,0.0,0.497083963450483,0.4782376883042479,0.4600524532169027,0.4775313080574229,0.4932253524447725,0.0,0.0,0.4494859929240631,0.4841377372551317,0.4928811027334842,0.4892991320870867,0.4371900792924225,0.4953758852159911
0.3633008677592954,0.4176016625041402,0.4328639931470782,0.2350466131684525,0.3819481700170407,0.3802309761731371,0.379888639319979,0.3921024555661637,0.4336389549994052,0.3641773849358794,0.4393887761883719,0.3895041570671965,0.3437690539357855,0.3229073067743331,0.393379594301125,0.4319157544701937,0.4081284099998424,0.4243871874736195,0.437996987501099,0.3727009672565978,0.4273981910560692,0.4028803655471437,0.4115607064726887,0.3764718725663832,0.3896908606672826,0.3809722822485763,0.4062691876393062,0.0,0.3516163594663391,0.2732253447822886,0.3643308555894763,0.3756629978263653,0.3460944019910728,0.3725205700780463,0.3123562677001832,0.2400818793098524,0.2611563555717057,0.3854894416336343,0.4027673327232843,0.0,0.417334650121792,0.0,0.2947791105207338,0.0,0.0,0.0,0.0,0.3883375050288762,0.0,0.0,0.4998497418236933,0.0,0.4280029591729234,0.3324762290732607,0.0,0.0,0.0,0.4756099216881222,0.0,0.4391613239500723,0.0,0.0,0.0,0.0,0.4721343366379205,0.4334047519067011,0.3608077967602099,0.4808604750468742,0.0,0.292339980437306,0.3664184752297492,0.475941297382342,0.5235154343480574,0.5080425987723249,0.0,0.4704914369071232
0.0,0.3816361101235672,0.0,0.3177997196658928,0.3834391904675191,0.3336840598545429,0.3964778893630624,0.3580606226359284,0.3882624518352712,0.3295671887622188,0.0,0.0,0.3883476369390038,0.0,0.3785797624030171,0.3978804343556968,0.3311694047431736,0.407934615598306,0.0,0.3035347298128872,0.399227341490326,0.3741535740457291,0.3875065861086257,0.0,0.3831747832355839,0.3893540449465309,0.3488330941408491,0.3516163594663391,0.0,0.3416267709453988,0.3610868971685508,0.3780998883220792,0.3232968590354771,0.4059457154972568,0.4470066688420891,0.3921606087289412,0.3753645080034683,0.0,0.4522074561453417,0.3843978907245441,0.5150494585332659,0.4311821581939192,0.3541041708194747,0.0,0.0,0.0,0.4136734702174487,0.3841153526898777,0.0,0.0,0.4834609739319217,0.3504723755917693,0.39189227943903,0.314847920982178,0.0,0.0,0.0,0.478601816401522,0.0,0.4550250632189227,0.0,0.0,0.0,0.0,0.4935709833986802,0.4406805518223,0.4899437175682028,0.4625520374440656,0.0,0.0,0.4236328291129092,0.4581975366876694,0.4858051452898836,0.4542091210797352,0.4055747541248315,0.4850285994405124
0.0,0.0,0.0,0.0,0.0,0.3776584412405021,0.0,0.3417973802503755,0.366404889085393,0.0,0.0,0.0,0.3758119348390534,0.0,0.0,0.3982297737039831,0.0,0.3616735700851565,0.0,0.3388406394935264,0.0,0.3835589160128179,0.3826061339011654,0.0,0.0,0.0,0.3637435021589243,0.2732253447822886,0.3416267709453988,0.0,0.3304872020913269,0.3661401151439341,0.0,0.3621922680834109,0.4384303926051063,0.0,0.0,0.0,0.0,0.0,0.0,0.0,0.0,0.0,0.0,0.0,0.0,0.0,0.0,0.0,0.0,0.0,0.0,0.0,0.0,0.0,0.0,0.0,0.0,0.0,0.0,0.0,0.0,0.0,0.435530830457414,0.0,0.0,0.4592156502027613,0.0,0.0,0.0,0.4593524381326651,0.0,0.4124364216131139,0.0,0.0
0.3389864015663208,0.329430330097459,0.4417582602215235,0.0,0.4272595981620566,0.4072751571273341,0.405805737631277,0.4091237522497614,0.4451509424838104,0.327013794110535,0.4593817964904829,0.3485969553210253,0.4003806168446533,0.4447725256230632,0.3782864810009764,0.349827539576333,0.3300946742689961,0.3538797680465392,0.4707538885293048,0.3601469032942827,0.3591263869132021,0.3509014615291221,0.4076613819716065,0.3362802375390992,0.337389296837402,0.3426982586910261,0.3845505691629937,0.3643308555894763,0.3610868971685508,0.3304872020913269,0.0,0.3716660768311266,0.303475558645547,0.2834599738241198,0.2845013853309893,0.4019686460853986,0.0,0.2881528011776746,0.4264600685396236,0.385943331980269,0.4018195606262789,0.0,0.42262766391307,0.0,0.0,0.0,0.4098204298189973,0.0,0.0,0.0,0.50515100192782,0.0,0.4268758280794203,0.0,0.3905435961387717,0.0,0.3898242692018618,0.0,0.0,0.4410823959507926,0.4037160569474804,0.4010254599882006,0.3993899188235394,0.0,0.4563452684699844,0.3806206219020585,0.4365851747727066,0.4847038170989458,0.0,0.4000106010832226,0.4164848583881067,0.48887156955197,0.4849864232121652,0.4844972054641342,0.0,0.3677060204996504
0.3794805933935967,0.3714512848758004,0.4151487441021756,0.2774771001774426,0.3502506815461026,0.3878694750545557,0.3737705403339015,0.3171482615132833,0.4191009530834418,0.2945876803987556,0.3875479992654869,0.2008524900514825,0.3739869238296302,0.3052426972513072,0.38895408543055,0.3978693789967999,0.3727801353269631,0.3825710686851315,0.42421679092672,0.3998429049902673,0.3786746942299414,0.3848708663744817,0.3927091430141418,0.2474976397017489,0.3492923674521771,0.3751215047614297,0.3901984301801621,0.3756629978263653,0.3780998883220792,0.3661401151439341,0.3716660768311266,0.0,0.3176421753965122,0.3236043567510417,0.3433671414582874,0.2683442618782041,0.2981734702151498,0.2125917927671794,0.2995212551392037,0.3042894962865167,0.2853720687600508,0.3078805682647504,0.2309301354526455,0.2395962796164893,0.2370232199427116,0.3927516819591413,0.4290159264198668,0.4533872001716379,0.0,0.3679611458318932,0.4471222049600998,0.4825387442936411,0.385629876917437,0.4603054749261572,0.2455874897668054,0.3729955958591464,0.2621929236972229,0.4875825396313519,0.0,0.4524692657713067,0.4389492119977751,0.0,0.4288717133179219,0.3653800967588816,0.4415571200344699,0.4156298046468998,0.4459847165033053,0.4611685255496229,0.1924992935380774,0.4284320513285024,0.4367603184135914,0.4617626538296352,0.4118563232083788,0.4511896931984027,0.0,0.4414427503403245
0.3319932026123036,0.3195369127543632,0.2874539983444573,0.0,0.3398679718626367,0.3497821171290176,0.3635056734924684,0.4220939565743599,0.3764649488356311,0.2563638218404968,0.3929740623666659,0.2185239274911973,0.3680034106360088,0.0,0.3700166306633434,0.3439859102303444,0.3092425528282338,0.3141387657378838,0.0,0.3664655024594299,0.3500242135476849,0.3471304058775386,0.3977544185395728,0.2311454270907914,0.2815391073259962,0.3186980515293089,0.3609161262425037,0.3460944019910728,0.3232968590354771,0.0,0.303475558645547,0.3176421753965122,0.0,0.2457778834069413,0.3973252700615806,0.2754023550316867,0.2708424393272544,0.1559586056430986,0.2666311605541573,0.2246056826199341,0.2940352815026751,0.3098303567881976,0.0,0.0,0.1957478550905083,0.3654839640329401,0.4210590492100687,0.0,0.0,0.0,0.0,0.0,0.0,0.0,0.3225476823306663,0.0,0.336189973539924,0.0,0.0,0.4515005140854632,0.4035361668438977,0.3519871190112977,0.3889610773598868,0.0,0.4370560807678936,0.3813826833229445,0.4423409949783617,0.4451526437151842,0.3202098660283979,0.3821960357562242,0.418498832403417,0.4556755922252918,0.0,0.0,0.0,0.3877763101742967
0.3454839043220229,0.3460959157210712,0.4533195888818479,0.2092860722150527,0.4245010499608384,0.4168034581885726,0.4005627923840134,0.4186153435448671,0.4479972290766239,0.2863740146193737,0.4603238712787039,0.2129777559972786,0.38744054445198,0.4216780193778382,0.3988784041952111,0.3698625834415456,0.3272668241643997,0.3517503632979064,0.4880670730659783,0.4048364538136011,0.3707789253424763,0.3835047918203165,0.4219375170521686,0.2510366062589281,0.309815915454164,0.3357565528532186,0.4139661161715162,0.3725205700780463,0.4059457154972568,0.3621922680834109,0.2834599738241198,0.3236043567510417,0.2457778834069413,0.0,0.2446314243756512,0.3608506589252769,0.2541402821655197,0.1711987681964636,0.3097825768029106,0.2940513101643894,0.2706852738048311,0.2964249559728044,0.2417575526605887,0.2197125939616567,0.2240550295021821,0.3685886865014737,0.4228234487367893,0.3539835628451311,0.0,0.0,0.4951654300123698,0.3605936969234193,0.4426533211975488,0.3072125806322455,0.2797133288770746,0.0,0.2959364041374566,0.3747835063198314,0.0,0.4615552040035207,0.4108049262438617,0.3773423175728266,0.3883055492781957,0.0,0.4593974320101455,0.4157861033794075,0.4527703676437917,0.4869879332129757,0.2368973817243231,0.39678169941769,0.429253547398551,0.4843357508011848,0.4226324036434182,0.4918535834883427,0.0,0.4736513378454152
0.387598074764665,0.3884985376695437,0.4196984352133872,0.24033595731013,0.0,0.3991333479099849,0.0,0.4262509314041127,0.4490655891436778,0.2989603488679261,0.4163004281301791,0.2304736584994007,0.367274669425358,0.0,0.4408451007737209,0.4211168826177334,0.356320258495467,0.3782530166149059,0.4211058225785269,0.4488709218558567,0.413405854473267,0.4346038786017691,0.4795027582063543,0.3303686013744933,0.3532749886906988,0.3878688761699406,0.4391289058684162,0.3123562677001832,0.4470066688420891,0.4384303926051063,0.2845013853309893,0.3433671414582874,0.3973252700615806,0.2446314243756512,0.0,0.4166042515706155,0.3109150691670038,0.2265690270875456,0.3187315635855712,0.3001842757438658,0.2740337881144058,0.3194794829443734,0.2371193298635585,0.2288162453908093,0.2037026695720114,0.0,0.4427478156643988,0.0,0.0,0.0,0.4451741399116266,0.0,0.0,0.0,0.0,0.0,0.1948785740507365,0.3741507747892841,0.0,0.4906275225618949,0.4271973150691548,0.0,0.0,0.0,0.4293511019074745,0.0,0.487343154198824,0.5075626702237819,0.0,0.4046258975109967,0.4599940300125965,0.4718720390542057,0.2944491071549137,0.4554084419962665,0.0,0.0
0.0,0.0,0.3789694303775922,0.1702241132980269,0.2341728059952,0.4225544474129982,0.3437986688254518,0.2045991409035641,0.3909519821920572,0.2424237965518339,0.3053015984518896,0.0,0.2885677523685672,0.2083851502987613,0.0,0.0,0.0,0.0,0.3852982703907739,0.4702069434697741,0.0,0.4731643544462517,0.3801752167025871,0.0,0.0,0.4120619422588322,0.4332615899151458,0.2400818793098524,0.3921606087289412,0.0,0.4019686460853986,0.2683442618782041,0.2754023550316867,0.3608506589252769,0.4166042515706155,0.0,0.2162952450920162,0.2709145141238286,0.2971691577422283,0.0,0.2989646351804884,0.3107394709036655,0.256375229220785,0.225872338179174,0.2701131065981129,0.0,0.0,0.4515336522027921,0.0,0.3783485190810381,0.3687373041253586,0.3850915070047696,0.0,0.4428366045705846,0.0,0.3870835332528053,0.3074274065049462,0.0,0.0,0.0,0.0,0.0,0.0,0.3980602500420744,0.3684807877157449,0.0,0.0,0.4476909730373838,0.0,0.0,0.0,0.4162756014721452,0.3901222547498597,0.362532391380223,0.0,0.0
0.0,0.0,0.4103505028464326,0.1568559294667651,0.269358793436983,0.4125821336009555,0.351647834056602,0.2995051951920815,0.4418764866591511,0.2645767125151059,0.4507776422638091,0.2577291099046671,0.280931902446882,0.1705798920553041,0.0,0.0,0.0,0.0,0.4437166804678505,0.3811064605873286,0.0,0.3906217854503682,0.4221860890518125,0.2182598383894741,0.0,0.0,0.4104694384088811,0.2611563555717057,0.3753645080034683,0.0,0.0,0.2981734702151498,0.2708424393272544,0.2541402821655197,0.3109150691670038,0.2162952450920162,0.0,0.2255999325953039,0.2850071142878095,0.0,0.2626657831898665,0.285865828022826,0.2367434001009104,0.0,0.0,0.0,0.0,0.0,0.0,0.0,0.0,0.0,0.0,0.0,0.0,0.0,0.0,0.0,0.0,0.0,0.0,0.0,0.0,0.0,0.0,0.0,0.0,0.3898364149468847,0.0,0.0,0.0,0.0,0.0,0.0,0.0,0.0
0.3385800120246098,0.0,0.0,0.0,0.0,0.0,0.0,0.0,0.4564271466402073,0.2496131264817184,0.4251922529152506,0.1744515048378103,0.41712956267437,0.0,0.0,0.0,0.2970592749104436,0.0,0.3381152920555024,0.0,0.0,0.0,0.0,0.2229221664597628,0.2717039580332318,0.2773606780400109,0.0,0.3854894416336343,0.0,0.0,0.2881528011776746,0.2125917927671794,0.1559586056430986,0.1711987681964636,0.2265690270875456,0.2709145141238286,0.2255999325953039,0.0,0.2365882472783425,0.1991025843523968,0.227169553093515,0.2348893038853674,0.0,0.0,0.2029572168307018,0.0,0.0,0.0,0.0,0.0,0.0,0.0,0.0,0.0,0.2693697044007181,0.0,0.2947694362197497,0.0,0.0,0.0,0.0,0.0,0.0,0.0,0.0,0.0,0.0,0.0,0.3034458700912256,0.3285335331133139,0.0,0.0,0.0,0.0,0.0,0.0
0.4046787489123003,0.4260280931761779,0.4549248595450322,0.0,0.3435664594666577,0.4677587842514851,0.3803351734130152,0.4313721968337794,0.4752868445147398,0.2721677401798205,0.3983467213220505,0.256797587609576,0.4985876323977016,0.0,0.4551254411823014,0.4197051382808348,0.0,0.3974454046476244,0.4271447644776758,0.4520067572493829,0.4199222300632172,0.4438616368039594,0.4730234033649261,0.3307558642481241,0.4066658136547604,0.4294602978900074,0.471285322515753,0.4027673327232843,0.4522074561453417,0.0,0.4264600685396236,0.2995212551392037,0.2666311605541573,0.3097825768029106,0.3187315635855712,0.2971691577422283,0.2850071142878095,0.2365882472783425,0.0,0.2928902786498509,0.3292514767761661,0.3420963154409273,0.2693040581468561,0.3026161708995822,0.2384164075646442,0.3724962159001873,0.3753706395747518,0.4329963934368861,0.2706165672372227,0.3370232597632852,0.381388083801931,0.3728115036922909,0.3620491164825823,0.4238095425201244,0.2781442524358782,0.3455642032533891,0.2329068893368613,0.3796423108262135,0.3226788775481274,0.3789666552938248,0.387191590968271,0.3495728465249197,0.3649305808928112,0.392891775020676,0.3978869116296288,0.3738856960280999,0.3799644995453596,0.3921977070653257,0.2997038230316383,0.3513811893831058,0.3714684058392455,0.387744591708935,0.3773455723591021,0.3843611917007176,0.3675447775826012,0.3724484474281401
0.3831427606802902,0.4147936605087877,0.0,0.0,0.0,0.0,0.0,0.0,0.0,0.3271191853610883,0.0,0.346598148111046,0.3507716174701543,0.0,0.4386836825028508,0.4053271622349118,0.3215286791558533,0.3601919276066747,0.0,0.4633441904841452,0.394603704172363,0.4318100891470477,0.4352009957610679,0.3433699216160956,0.3638508730947634,0.3921561218299626,0.4118670193793119,0.0,0.3843978907245441,0.0,0.385943331980269,0.3042894962865167,0.2246056826199341,0.2940513101643894,0.3001842757438658,0.0,0.0,0.1991025843523968,0.2928902786498509,0.0,0.2469290127636277,0.3520940995600571,0.3874360312311571,0.2845071101557935,0.1851655774669445,0.3285085117415333,0.318144285636337,0.3151321088151291,0.0,0.0,0.3564898489732931,0.3749647703696783,0.3761078565951735,0.4138476693424164,0.258092018319649,0.4052620990871745,0.2437746321345436,0.3897672554645306,0.0,0.3507808517331729,0.3151633020967812,0.2852452238940715,0.2958463263263117,0.3444142785261473,0.346223102445637,0.3367317349910083,0.3417303402379336,0.3841702796391907,0.2520159479559243,0.281178197416611,0.321868924450124,0.3678220856227283,0.3520794800435056,0.3360353126152049,0.3261943353066866,0.2927731962301202
