0.0,0.2949218786045334,0.0,0.0,0.0,0.2577562940861856,0.0,0.3553349327431049,0.0,0.2900350494282554,0.0,0.2913874473964433,0.0,0.0,0.2675729207646736,0.2877075699870357,0.2725204105360514,0.2829992480640897,0.0,0.2953995510391251,0.2892804367944747,0.2917826238562511,0.3211264631715109,0.2752756285515431,0.2772812641648258,0.2758346829218004,0.2817157898166016,0.2887894515714029,0.3092336148359261,0.0,0.2646915919700486,0.2888415827805416,0.2569359367850288,0.2627581892495276,0.2759940182686994,0.0,0.0,0.266978940519424,0.3156454578062309,0.3100062105736773,0.3122664702312655,0.0,0.0,0.0,0.0,0.2769090389811084,0.3379749545009335,0.0,0.0,0.0,0.0,0.0,0.0,0.0,0.3216590215163635,0.0,0.0,0.0,0.0,0.0,0.3237162611938384,0.0,0.3127886093239,0.0,0.0,0.0,0.3302800026073339,0.0,0.0,0.3321147614814704,0.3363387517275867,0.0,0.0,0.0,0.0,0.2920314987798593
0.2949218786045334,0.0,0.0,0.0,0.2535472856998257,0.2687351144150288,0.2712153928546831,0.3159329033132236,0.2402662129977091,0.0,0.0,0.0,0.2812208630585681,0.0,0.2925706883087362,0.2907580509774245,0.0,0.2905172959954205,0.0,0.2888950065083445,0.3010770266922284,0.289257849535011,0.3004904991990486,0.0,0.2798360707746518,0.2717760781226796,0.2872634433853969,0.2934589007815542,0.2813518484047489,0.0,0.2624436688334485,0.2880229576314582,0.2591010783332741,0.2677149631783573,0.3090373098853654,0.0,0.0,0.0,0.3187785304931863,0.3056824776126433,0.313899649846048,0.3443130627388016,0.0,0.0,0.0,0.3227853411622874,0.3278242650129376,0.0,0.0,0.0,0.3002564675902049,0.0,0.0,0.0,0.0,0.0,0.0,0.0,0.0,0.3450114087156531,0.3220441632208375,0.0,0.3209063816414839,0.0,0.3190339771754094,0.3422890720165236,0.3339175531347155,0.3234983003128707,0.0,0.3246619042997617,0.3437326565650292,0.3257377104483105,0.0,0.3082149640594989,0.0,0.3093344193275634
0.0,0.0,0.0,0.2488656716806037,0.295202144441463,0.3120981892407678,0.3132506523148625,0.3584055544928914,0.231624699977227,0.0,0.2869288628044779,0.0,0.3181940070305712,0.310375800445496,0.0,0.0,0.0,0.0,0.2497445515557858,0.0,0.0,0.0,0.2632859645707078,0.0,0.0,0.0,0.2691048084692766,0.3286999088322723,0.0,0.0,0.3301886441107655,0.3243061725019409,0.0,0.3363894204568647,0.3344995177374004,0.3049164469820509,0.3104195745542175,0.0,0.3862876688303933,0.0,0.0,0.0,0.3734497032674297,0.0,0.0,0.0,0.0,0.3305015514609515,0.0,0.3828607941141086,0.403235914551235,0.3891679731409061,0.3994350821565852,0.408260970938671,0.0,0.4040302561218604,0.0,0.362367331935817,0.391005893626019,0.0,0.0,0.0,0.0,0.363508150672866,0.0,0.0,0.0,0.4044043786306361,0.0,0.0,0.0,0.4288564974913071,0.0,0.0,0.0,0.0
0.0,0.0,0.2488656716806037,0.0,0.1657137866100986,0.2774483854890663,0.1769458994688165,0.2047190866469714,0.2870536209288848,0.0,0.2534143413476444,0.1819373594508175,0.214919200652957,0.1814700242303847,0.0,0.0,0.0,0.0,0.2914080388110922,0.0,0.0,0.0,0.2673454390121066,0.0,0.0,0.0,0.2832108946841953,0.1758177561595632,0.0,0.0,0.0,0.1882897804658748,0.0,0.1941454309789397,0.1943642986551189,0.1408038929394049,0.1356140382693262,0.0,0.0,0.0,0.0,0.0,0.0,0.0,0.0,0.0,0.0,0.0,0.0,0.0,0.0,0.0,0.0,0.0,0.0,0.0,0.0,0.0,0.0,0.0,0.0,0.0,0.0,0.0,0.0,0.0,0.0,0.0,0.0,0.0,0.0,0.0,0.0,0.0,0.0,0.0
0.0,0.2535472856998257,0.295202144441463,0.1657137866100986,0.0,0.2780826321252994,0.2401826352939255,0.2940178761959426,0.2497494524868626,0.3237696389912816,0.2509980396478896,0.2810055107336555,0.2678662798576954,0.1974618613726229,0.0,0.2897864106833667,0.0,0.0,0.2731161549084789,0.3010169403301244,0.0,0.3071646522161888,0.289876662688361,0.0,0.2579059896708175,0.2263808591747879,0.2896666397711314,0.2565587412935219,0.3028208150835033,0.0,0.3111553114383505,0.2571532522539284,0.2596508141956666,0.3005279150714838,0.2856102904517655,0.1470639161650465,0.150256921038404,0.2628459974427676,0.302200657240225,0.0,0.0,0.0,0.3185272282559276,0.0,0.0,0.0,0.0,0.395237292070121,0.0,0.0,0.3466553430558245,0.0,0.3386901213353623,0.3503254950788783,0.0,0.3368913896493383,0.0,0.0,0.0,0.0,0.0,0.0,0.0,0.3717278923944787,0.0,0.0,0.0,0.3727174491803486,0.0,0.0,0.0,0.3826572682180758,0.0,0.0,0.0,0.0
0.2577562940861856,0.2687351144150288,0.3120981892407678,0.2774483854890663,0.2780826321252994,0.0,0.2973400526787024,0.3167225878839643,0.2596173552581708,0.3432810280771853,0.2763584125772988,0.2725345235144462,0.2778723430315293,0.3106122030172443,0.289999556956702,0.2857525383055674,0.0,0.3093773198616086,0.294638162743508,0.2792046180067917,0.2705151939922863,0.2909220838706943,0.3012655309943257,0.0,0.2611296463576659,0.2835250147975915,0.293689652067267,0.2691143727080554,0.240025387957604,0.2914095492880257,0.3110484219113392,0.2795789051577804,0.2550226396717121,0.3134008651438556,0.3106770353086536,0.303620581551435,0.3006543584399241,0.2778198056614429,0.3245131956463703,0.0,0.3475472651036673,0.2651608344709659,0.3146245360723017,0.0,0.0,0.0,0.0,0.3996740150226529,0.0,0.3343842242573862,0.3719308874436789,0.3671234937900287,0.3520807918389562,0.3859939327818208,0.0,0.3664884434534884,0.0,0.3581704083296091,0.0,0.3131111158607414,0.0,0.0,0.0,0.395076390466426,0.3058155720748503,0.2805168105013862,0.3034792471644296,0.3699709382797806,0.0,0.0,0.2853098623672968,0.383804686540877,0.3662597573101194,0.3326989541937343,0.0,0.3594214646885333
0.0,0.2712153928546831,0.3132506523148625,0.1769458994688165,0.2401826352939255,0.2973400526787024,0.0,0.3111307394356783,0.2859594787677306,0.3559892056857801,0.294234640911353,0.2821205476164021,0.2488265924726924,0.1983709240779768,0.0,0.332849833660029,0.300198416073199,0.3208185483518767,0.3085240428236108,0.3076413887808624,0.0,0.3194279714121178,0.3033312045173265,0.2842991031664176,0.2581701813879866,0.2671744374507682,0.3088742229470422,0.2375472354790694,0.3112316227885898,0.0,0.272463380760737,0.2674493596995092,0.2690377703715811,0.2750588799425008,0.2754001925931283,0.1787625630906232,0.205548810769979,0.2730848146643875,0.0,0.0,0.0,0.0,0.2955230380215469,0.0,0.0,0.0,0.0,0.0,0.0,0.0,0.350793411906963,0.0,0.0,0.0,0.0,0.0,0.0,0.0,0.0,0.0,0.0,0.0,0.0,0.0,0.0,0.0,0.0,0.3612626621536578,0.0,0.0,0.0,0.3827461261720145,0.0,0.0,0.0,0.0
0.3553349327431049,0.3159329033132236,0.3584055544928914,0.2047190866469714,0.2940178761959426,0.3167225878839643,0.3111307394356783,0.0,0.3529499831377545,0.3241824238316182,0.2501216185995699,0.0,0.3109600281985755,0.2377625134642665,0.0,0.323501383395376,0.0,0.3279124681298731,0.3584463587729423,0.2761510344009515,0.2709743261407573,0.2846439720266499,0.2743429231769182,0.3640536429429105,0.3357803543297033,0.345249882832673,0.3325801500344073,0.3024139114140688,0.2663624052393782,0.2679287939864875,0.3025236150000521,0.2629663240235372,0.326301539295316,0.3061961163227006,0.3074640647342976,0.1876722417000855,0.2914390904045723,0.0,0.3295207263319176,0.0,0.3547315724210606,0.0,0.3070136804126621,0.0,0.0,0.0,0.0,0.3879003559052965,0.0,0.3270813001944325,0.3490731571049548,0.3353693032037801,0.2747228214565895,0.372092698209075,0.0,0.3213199078834914,0.0,0.3419634342666536,0.0,0.3331420565929424,0.0,0.0,0.0,0.391373826041698,0.3437545657132489,0.3224388027305404,0.3641822961750453,0.3497581469803703,0.0,0.0,0.0,0.3813057151737055,0.3419034618652675,0.3439743141232267,0.0,0.3290569011737621
0.0,0.2402662129977091,0.231624699977227,0.2870536209288848,0.2497494524868626,0.2596173552581708,0.2859594787677306,0.3529499831377545,0.0,0.3423668850565742,0.2573161345496983,0.2887029244938103,0.2881815460785632,0.2980427188500644,0.0,0.0,0.0,0.0,0.2284355341385068,0.279880553065163,0.0,0.3037308368547203,0.3032159266386253,0.0,0.2765606765141672,0.2928992525356057,0.2704468555312355,0.3140220244786217,0.3088361637201303,0.3060718041561014,0.325860552752691,0.2988525652784313,0.2802989750672496,0.3235234594186278,0.3117253930481348,0.2964878004605948,0.3110286737818531,0.2977400398807828,0.3721936797355066,0.0,0.0,0.0,0.3439084744085634,0.0,0.0,0.0,0.0,0.4059094145749524,0.0,0.3425612538758674,0.3800637238218194,0.351337753380851,0.3686632167142516,0.3920524007209612,0.0,0.3604333955622033,0.0,0.3300512554747996,0.0,0.0,0.0,0.0,0.0,0.3996118349726843,0.0,0.0,0.0,0.389066986025579,0.0,0.0,0.0,0.3931646847600102,0.0,0.0,0.0,0.0
0.2900350494282554,0.0,0.0,0.0,0.3237696389912816,0.3432810280771853,0.3559892056857801,0.3241824238316182,0.3423668850565742,0.0,0.3178599592129077,0.2365517949304305,0.3070997763117433,0.0,0.0,0.2726133634101155,0.2638244056016854,0.2901571924672573,0.3213919087416007,0.0,0.3201655293108749,0.2445350920457478,0.3240769485450031,0.2546946241977903,0.2653207078017316,0.2730285348195547,0.2948292958000242,0.3045690282545897,0.0,0.0,0.2579391104411389,0.2844983200192955,0.2389130880279074,0.2348454484822292,0.2637536296595991,0.3012741255505859,0.0,0.2009926325600049,0.3164805266723144,0.2829596572499314,0.2922140895174475,0.0,0.0,0.0,0.2649890761588376,0.3207613450651203,0.0,0.0,0.0,0.0,0.0,0.0,0.0,0.0,0.3492262809183859,0.0,0.354665618534429,0.3098324350359999,0.0,0.0,0.2677881071725665,0.3541214891275476,0.3157976171770529,0.0,0.0,0.0,0.0,0.0,0.3478866328653068,0.3352555741485794,0.3557675868042231,0.0,0.3183436058508244,0.0,0.0,0.3142125092596415
0.0,0.0,0.2869288628044779,0.2534143413476444,0.2509980396478896,0.2763584125772988,0.294234640911353,0.2501216185995699,0.2573161345496983,0.3178599592129077,0.0,0.2882182821136103,0.3002852138996032,0.221486550620708,0.0,0.0,0.0,0.0,0.2387701487495539,0.0,0.0,0.0,0.2658753432745469,0.2917946857961878,0.0,0.0,0.3028110461865047,0.2992265503743645,0.0,0.0,0.3246269341557813,0.2607090317858099,0.2751623166563405,0.3166816384146396,0.2953407029986049,0.225669726168834,0.2978132946885849,0.2865850996575113,0.3137137822593784,0.0,0.0,0.0,0.3096266373612204,0.0,0.0,0.0,0.0,0.394399774970711,0.0,0.3594085596546341,0.3681997481372133,0.3444740347146531,0.3398169943431051,0.3914243176522531,0.0,0.2355220332978127,0.0,0.3011794206011204,0.0,0.0,0.0,0.0,0.0,0.4220331320116622,0.0,0.0,0.0,0.3755781860544423,0.0,0.0,0.0,0.3874585753477733,0.0,0.0,0.0,0.0
0.2913874473964433,0.0,0.0,0.1819373594508175,0.2810055107336555,0.2725345235144462,0.2821205476164021,0.0,0.2887029244938103,0.2365517949304305,0.2882182821136103,0.0,0.3330123461703773,0.0,0.0,0.0,0.2826569176256917,0.2862793938811119,0.0,0.0,0.3055134126391008,0.0,0.3032801687303763,0.2277201150382871,0.2781872248708973,0.2382743311223193,0.0,0.3034828070116717,0.0,0.0,0.2584887361496253,0.1691461340689076,0.2284132343904131,0.1930510805376865,0.2433333766942705,0.2165678340699085,0.2090948030119664,0.1723918908269063,0.1740891995391996,0.2967669640431173,0.2452204501685345,0.2393642849606508,0.0,0.0,0.2827860798138096,0.0,0.0,0.0,0.0,0.0,0.0,0.0,0.0,0.0,0.3479884293371251,0.0,0.3511556130813867,0.0,0.0,0.0,0.0,0.3614251148821009,0.30033711030082,0.0,0.0,0.0,0.0,0.0,0.3487415267094015,0.3417778813278807,0.3580598183257731,0.0,0.2027874922053282,0.0,0.0,0.325271856077648
0.0,0.2812208630585681,0.3181940070305712,0.214919200652957,0.2678662798576954,0.2778723430315293,0.2488265924726924,0.3109600281985755,0.2881815460785632,0.3070997763117433,0.3002852138996032,0.3330123461703773,0.0,0.2346940187658948,0.2735238043499241,0.3275898203363348,0.3334846580281105,0.3370055372683401,0.3171468912228064,0.3040500885277123,0.3004159669767914,0.3208874661131264,0.302376908153173,0.3337752141490028,0.29301805903172,0.3001884784633338,0.3036798942137909,0.2432522225044767,0.2839778772020916,0.2446689367683886,0.276494264469889,0.2618791928164216,0.2869673195417645,0.2789307059330326,0.259426966090168,0.2269165206826698,0.2356067470668492,0.2834222867172659,0.2956040805897967,0.0,0.2394326023788379,0.0,0.28343820413353,0.0,0.0,0.0,0.0,0.35877958746449,0.0,0.0,0.379358303723924,0.0,0.342620965902522,0.0,0.0,0.0,0.0,0.0,0.0,0.0,0.0,0.0,0.0,0.0,0.3144739661984599,0.0,0.0,0.3554599752192773,0.0,0.0,0.0,0.3681754600120411,0.0,0.3266600154351168,0.0,0.0
0.0,0.0,0.310375800445496,0.1814700242303847,0.1974618613726229,0.3106122030172443,0.1983709240779768,0.2377625134642665,0.2980427188500644,0.0,0.221486550620708,0.0,0.2346940187658948,0.0,0.0,0.0,0.0,0.0,0.2849175912132743,0.0,0.0,0.0,0.2646876324984821,0.0,0.0,0.0,0.3250980150343409,0.1746415346628604,0.0,0.0,0.0,0.1940146100530621,0.0,0.0,0.0,0.1483705281593897,0.120053251490174,0.0,0.0,0.0,0.0,0.0,0.0,0.0,0.0,0.0,0.0,0.4024361484601814,0.0,0.0,0.0,0.0,0.0,0.3647410885225715,0.0,0.3153212609150225,0.0,0.0,0.0,0.0,0.0,0.0,0.0,0.0,0.0,0.0,0.0,0.3519106674099876,0.0,0.0,0.0,0.3575806754970683,0.0,0.0,0.0,0.0
0.2675729207646736,0.2925706883087362,0.0,0.0,0.0,0.289999556956702,0.0,0.0,0.0,0.0,0.0,0.0,0.2735238043499241,0.0,0.0,0.2873026013455683,0.0,0.2851074904724918,0.0,0.2422785157609233,0.2498304909187734,0.2526201097225288,0.232015531369606,0.3267195750190337,0.2795077170620082,0.2689263661859246,0.2703201597607477,0.2818127821912172,0.2725847622442274,0.0,0.2735292596147704,0.2864306513226806,0.2573430496788877,0.2840439959104499,0.3173255530191916,0.3728734780820632,0.0,0.0,0.326829002829597,0.3307280547890587,0.3238685489970931,0.3426215909735767,0.0,0.0,0.0,0.0,0.3496251091789296,0.0,0.0,0.0,0.3223367298369418,0.0,0.3442666949970529,0.0,0.0,0.0,0.0,0.0,0.0,0.3375533417089992,0.316912810257463,0.0,0.0,0.0,0.3294285602729604,0.3164881685440102,0.338567747271318,0.3367763598367811,0.0,0.0,0.3792311330411647,0.3383480470509191,0.3203127242186104,0.3269395946083778,0.0,0.3063150369261092
0.2877075699870357,0.2907580509774245,0.0,0.0,0.2897864106833667,0.2857525383055674,0.332849833660029,0.323501383395376,0.0,0.2726133634101155,0.0,0.0,0.3275898203363348,0.0,0.2873026013455683,0.0,0.2952057982254135,0.2451685744364592,0.0,0.2956020273365297,0.2924495202855668,0.2866768359984762,0.3065895922102905,0.0,0.2898775102597807,0.3010741995195488,0.2985711282729107,0.3216524155538227,0.3033497190145825,0.2811321343905998,0.2712740900118827,0.2994469626090233,0.2713184571578514,0.2723254293998841,0.3079680182790103,0.0,0.0,0.0,0.3140155285712465,0.2985490657514842,0.3053974216286503,0.3315014053834149,0.0,0.0,0.0,0.3128964759049649,0.3246217543098789,0.0,0.0,0.0,0.0,0.0,0.0,0.0,0.0,0.0,0.0,0.0,0.0,0.330160408601702,0.3160192591220047,0.0,0.3044069315578879,0.0,0.3208762469535712,0.0,0.3259831094072898,0.0,0.0,0.3172239618461882,0.3339734784707796,0.0,0.0,0.0,0.0,0.300231101243219
0.2725204105360514,0.0,0.0,0.0,0.0,0.0,0.300198416073199,0.0,0.0,0.2638244056016854,0.0,0.2826569176256917,0.3334846580281105,0.0,0.0,0.2952057982254135,0.0,0.2762526415114015,0.0,0.2512879543901204,0.0,0.2735853208650891,0.0,0.297113510406712,0.2732005678484928,0.3030778746654824,0.0,0.3138023774522201,0.2452536723320082,0.0,0.2702552882731348,0.2991536010949408,0.2622031037819006,0.2774980222054712,0.2907522610473305,0.0,0.0,0.2570502132523703,0.2697893863400737,0.2834631856158546,0.3065059747872753,0.0,0.0,0.0,0.0,0.0,0.0,0.0,0.0,0.0,0.0,0.0,0.0,0.0,0.347412131328342,0.0,0.3750978651924023,0.0,0.0,0.0,0.0,0.3329008974668884,0.3172902308430905,0.0,0.0,0.0,0.0,0.0,0.3474733605638893,0.3227243878488979,0.3399058855438654,0.0,0.0,0.0,0.0,0.3006475184728423
0.2829992480640897,0.2905172959954205,0.0,0.0,0.0,0.3093773198616086,0.3208185483518767,0.3279124681298731,0.0,0.2901571924672573,0.0,0.2862793938811119,0.3370055372683401,0.0,0.2851074904724918,0.2451685744364592,0.2762526415114015,0.0,0.0,0.295354736607806,0.2972685427974777,0.2980895670863845,0.3215146116453083,0.2982815466843056,0.2660869590538774,0.2942108085300285,0.3041772554815751,0.3281125837797967,0.3126808858284543,0.2857712563214706,0.2890752731204044,0.308289940493694,0.267642143648629,0.2812340893962562,0.328812921012118,0.0,0.0,0.0,0.3075028887390312,0.2872556329352683,0.3001572185474996,0.3228061948713039,0.0,0.0,0.0,0.3103055167168188,0.312693678913969,0.0,0.0,0.0,0.0,0.0,0.0,0.0,0.313382465129074,0.0,0.3195321729622699,0.0,0.0,0.0,0.3015359332265381,0.3072474716501611,0.3038251352087778,0.0,0.0,0.0,0.3222104047545701,0.0,0.3509066356478594,0.3142884211863701,0.3260936457331576,0.0,0.0,0.0,0.0,0.3030416595840973
0.0,0.0,0.2497445515557858,0.2914080388110922,0.2731161549084789,0.294638162743508,0.3085240428236108,0.3584463587729423,0.2284355341385068,0.3213919087416007,0.2387701487495539,0.0,0.3171468912228064,0.2849175912132743,0.0,0.0,0.0,0.0,0.0,0.0,0.0,0.0,0.2775325076341587,0.0,0.0,0.0,0.2851710012846186,0.3152802036427954,0.0,0.0,0.3368657028838101,0.2948291141312275,0.0,0.3411163346564316,0.3076755146920248,0.2828104817787872,0.3067753592414154,0.2742469524509922,0.3583011618233759,0.0,0.0,0.0,0.3723710186289225,0.0,0.0,0.0,0.0,0.4297858649540158,0.0,0.3711000255533321,0.4014603994248608,0.3638998956168754,0.3982451205461811,0.4070426169520363,0.0,0.3069721169345793,0.0,0.0,0.0,0.0,0.0,0.0,0.0,0.4279105863064513,0.0,0.0,0.0,0.4100880294322581,0.0,0.0,0.0,0.4240591001142516,0.0,0.0,0.0,0.0
0.2953995510391251,0.2888950065083445,0.0,0.0,0.3010169403301244,0.2792046180067917,0.3076413887808624,0.2761510344009515,0.279880553065163,0.0,0.0,0.0,0.3040500885277123,0.0,0.2422785157609233,0.2956020273365297,0.2512879543901204,0.295354736607806,0.0,0.0,0.283486004645626,0.2606175511402503,0.2181449477396639,0.0,0.2777108324865108,0.2968569106626806,0.2410056510309018,0.285268741073941,0.2423863259172141,0.2421805966045589,0.2600600282420447,0.2976587824382816,0.2613401263954159,0.2835816612187317,0.3219691871769,0.3383152723496732,0.3080259956744487,0.0,0.3274045207625159,0.3084988463455861,0.3350186516254797,0.3455442963578063,0.0,0.0,0.0,0.0,0.307579450882275,0.0,0.0,0.0,0.3237556992164485,0.0,0.3284710800920195,0.0,0.0,0.0,0.0,0.2884102677096746,0.0,0.334534607010782,0.0,0.0,0.0,0.0,0.3330477531665775,0.3273912033909841,0.321909083702764,0.3427666775397686,0.0,0.0,0.3368462816845864,0.3378777097370115,0.335857317489833,0.3396392948871004,0.0,0.3188298237654534
0.2892804367944747,0.3010770266922284,0.0,0.0,0.0,0.2705151939922863,0.0,0.2709743261407573,0.0,0.3201655293108749,0.0,0.3055134126391008,0.3004159669767914,0.0,0.2498304909187734,0.2924495202855668,0.0,0.2972685427974777,0.0,0.283486004645626,0.0,0.2966500953880286,0.2734019446249798,0.3334347156925988,0.2975426761113609,0.2853040570068826,0.2799184455303496,0.3044856862717361,0.2822655073499563,0.0,0.2750744596763455,0.2885971409057945,0.2801632994864715,0.2822523107060505,0.3139923689370154,0.2761837831515631,0.0,0.0,0.3154380445984671,0.3451095400821137,0.3308123324360607,0.0,0.0,0.0,0.0,0.0,0.3509590748968122,0.0,0.0,0.0,0.0,0.0,0.2839927686190487,0.0,0.0,0.0,0.0,0.0,0.0,0.3438455378644565,0.3353320795122939,0.0,0.0,0.0,0.3044942819352697,0.2545874288414115,0.3500171685312092,0.3263561868808781,0.0,0.2983069362344068,0.3584906724116024,0.3304114729163758,0.3317039564615051,0.3188351413307155,0.0,0.2840594997810642
0.2917826238562511,0.289257849535011,0.0,0.0,0.3071646522161888,0.2909220838706943,0.3194279714121178,0.2846439720266499,0.3037308368547203,0.2445350920457478,0.0,0.0,0.3208874661131264,0.0,0.2526201097225288,0.2866768359984762,0.2735853208650891,0.2980895670863845,0.0,0.2606175511402503,0.2966500953880286,0.0,0.287430788681879,0.0,0.2918047382291197,0.2933949563716488,0.2933788646547837,0.3196799151535666,0.2776584661606469,0.2891221675785686,0.2666185255025294,0.2934544064861006,0.2672317775276974,0.282219551656477,0.3198302633827825,0.0,0.3126759549244563,0.0,0.3183869376317821,0.3201463871964886,0.3228766965969189,0.3441704642851589,0.0,0.0,0.0,0.0,0.3340374692853911,0.0,0.0,0.0,0.3151713513491344,0.0,0.0,0.0,0.0,0.0,0.0,0.0,0.0,0.3484299579475137,0.3296078953596563,0.0,0.23938921344058,0.0,0.3301635387272381,0.3361821732474593,0.3339836696550137,0.3390291553902425,0.0,0.0,0.3519629487802336,0.3456568865860161,0.272300597036511,0.3300851130043258,0.0,0.3115413614549364
0.3211264631715109,0.3004904991990486,0.2632859645707078,0.2673454390121066,0.289876662688361,0.3012655309943257,0.3033312045173265,0.2743429231769182,0.3032159266386253,0.3240769485450031,0.2658753432745469,0.3032801687303763,0.302376908153173,0.2646876324984821,0.232015531369606,0.3065895922102905,0.0,0.3215146116453083,0.2775325076341587,0.2181449477396639,0.2734019446249798,0.287430788681879,0.0,0.357072578141455,0.31181857333451,0.3128968779055189,0.2687066389277071,0.3023319063970943,0.2718311943924978,0.2873207334424101,0.3020235340257092,0.2800646308581586,0.2724471107567535,0.3056969174548483,0.3118713085007805,0.2762376161648615,0.3017565583744032,0.2845145479053282,0.3387215472686969,0.3203245628974435,0.3524532544958072,0.3408324639250747,0.328895873554537,0.0,0.0,0.0,0.3045332811177845,0.4053622879211679,0.0,0.3589407831689698,0.364283750938793,0.363695761159243,0.3429589032978896,0.3856332960510653,0.0,0.3834056925604811,0.0,0.3550301572624391,0.3501637232489655,0.3297253901425867,0.0,0.0,0.0,0.4087094964705158,0.3348500113417532,0.3185545009206364,0.3288100562623846,0.3519007925855438,0.0,0.0,0.3117147890829165,0.3689059748260814,0.3508876146352456,0.3399564464311815,0.3418944595404153,0.3467074612729438
0.2752756285515431,0.0,0.0,0.0,0.0,0.0,0.2842991031664176,0.3640536429429105,0.0,0.2546946241977903,0.2917946857961878,0.2277201150382871,0.3337752141490028,0.0,0.3267195750190337,0.0,0.297113510406712,0.2982815466843056,0.0,0.0,0.3334347156925988,0.0,0.357072578141455,0.0,0.2886341538654599,0.2532656405056618,0.3166736301349833,0.2894366364126639,0.0,0.0,0.261037303224461,0.2862762879721401,0.178836783339836,0.1876496276652558,0.0,0.0,0.0,0.1679713122625071,0.0,0.2710463707900629,0.3014249252511631,0.0,0.0,0.0,0.2571454179473331,0.294790361574946,0.0,0.0,0.0,0.0,0.0,0.0,0.0,0.0,0.3346123802190534,0.0,0.3471266743021506,0.0,0.0,0.0,0.0,0.334012469530124,0.3215131356062222,0.0,0.0,0.0,0.0,0.0,0.3326933392477384,0.3297105897920044,0.3433987567938183,0.0,0.3662617668156948,0.0,0.0,0.3658809259442185
0.2772812641648258,0.2798360707746518,0.0,0.0,0.2579059896708175,0.2611296463576659,0.2581701813879866,0.3357803543297033,0.2765606765141672,0.2653207078017316,0.0,0.2781872248708973,0.29301805903172,0.0,0.2795077170620082,0.2898775102597807,0.2732005678484928,0.2660869590538774,0.0,0.2777108324865108,0.2975426761113609,0.2918047382291197,0.31181857333451,0.2886341538654599,0.0,0.27722960511721,0.2921518610797662,0.3058858858728069,0.2770833552136213,0.0,0.2783331277409952,0.2823968351691132,0.238463654754346,0.2558552122816169,0.2844871404462686,0.0,0.0,0.2403394702903747,0.3189193095074093,0.2927122770981389,0.3064447768699966,0.3233505065231541,0.0,0.0,0.2705218327895219,0.3110833060082059,0.3202929082954575,0.0,0.0,0.0,0.0,0.0,0.0,0.0,0.3347390695900291,0.0,0.3398627612107931,0.0,0.0,0.3169320036099958,0.3139017816676253,0.3274498093561943,0.3090582336909605,0.0,0.0,0.3094065518153237,0.3481429594489429,0.0,0.331843584704349,0.3207886125003769,0.3307627020124998,0.0,0.0,0.0,0.0,0.3079956067412248
0.2758346829218004,0.2717760781226796,0.0,0.0,0.2263808591747879,0.2835250147975915,0.2671744374507682,0.345249882832673,0.2928992525356057,0.2730285348195547,0.0,0.2382743311223193,0.3001884784633338,0.0,0.2689263661859246,0.3010741995195488,0.3030778746654824,0.2942108085300285,0.0,0.2968569106626806,0.2853040570068826,0.2933949563716488,0.3128968779055189,0.2532656405056618,0.27722960511721,0.0,0.2985667926120885,0.3295833167685967,0.2933514003717024,0.0,0.2816032455414517,0.2941768168612548,0.2623033660117072,0.2710555075793526,0.3054603035255879,0.2902241750081635,0.0,0.2432223180377076,0.3299053107385277,0.3126265149809767,0.3218816817922678,0.341200368212165,0.0,0.0,0.2830850679054265,0.3184862760446779,0.3389681398814867,0.0,0.0,0.0,0.3148280641551166,0.0,0.0,0.0,0.3558523343747956,0.0,0.3638657918448936,0.0,0.0,0.3588900014791304,0.3318340554453454,0.3370496825435852,0.3233965127209885,0.0,0.3413468644037692,0.3359769665268366,0.3488295199899664,0.3392206460824175,0.3412942083306764,0.3322218950088251,0.3449892370733516,0.342564801439415,0.0,0.3239312924776975,0.0,0.3204805815094842
0.2817157898166016,0.2872634433853969,0.2691048084692766,0.2832108946841953,0.2896666397711314,0.293689652067267,0.3088742229470422,0.3325801500344073,0.2704468555312355,0.2948292958000242,0.3028110461865047,0.0,0.3036798942137909,0.3250980150343409,0.2703201597607477,0.2985711282729107,0.0,0.3041772554815751,0.2851710012846186,0.2410056510309018,0.2799184455303496,0.2933788646547837,0.2687066389277071,0.3166736301349833,0.2921518610797662,0.2985667926120885,0.0,0.3034561478525612,0.279445782030524,0.2811356486213141,0.2837236503219724,0.2880746096477953,0.2549849636978182,0.3007706806248252,0.3133731491466909,0.3007549933791877,0.303263621758613,0.0,0.3321650255825054,0.3075072624896017,0.3484788061026279,0.3292408315647904,0.3251778894364097,0.0,0.0,0.0,0.2827974041691087,0.4111468799985802,0.0,0.3536514846702439,0.3713923684313617,0.365928706862464,0.3591378852454681,0.3956532496072799,0.0,0.3862638909796634,0.0,0.359711667644004,0.3680017462602621,0.3292324418544926,0.0,0.0,0.0,0.4181745282524156,0.3308327644241853,0.3216611102213581,0.3226212606234178,0.3600492169397842,0.0,0.0,0.3294465778588333,0.371317112520746,0.3512503853984156,0.3376075392315391,0.3309761470468573,0.3342031214907182
0.2887894515714029,0.2934589007815542,0.3286999088322723,0.1758177561595632,0.2565587412935219,0.2691143727080554,0.2375472354790694,0.3024139114140688,0.3140220244786217,0.3045690282545897,0.2992265503743645,0.3034828070116717,0.2432522225044767,0.1746415346628604,0.2818127821912172,0.3216524155538227,0.3138023774522201,0.3281125837797967,0.3152802036427954,0.285268741073941,0.3044856862717361,0.3196799151535666,0.3023319063970943,0.2894366364126639,0.3058858858728069,0.3295833167685967,0.3034561478525612,0.0,0.2545285294321138,0.218284247810695,0.2689286691543924,0.2636744345601998,0.2671398696342009,0.2551313609839828,0.247714895117696,0.1736489748715115,0.1878399976238629,0.2659960287082612,0.2988370672514554,0.2640663552026307,0.2765357890404959,0.2321036595261581,0.2656334119306733,0.0,0.0,0.0,0.0,0.3166194375558762,0.0,0.0,0.3600946759119526,0.0,0.348505237198137,0.0,0.0,0.0,0.3031239353031027,0.0,0.0,0.3139459486330374,0.0,0.0,0.0,0.0,0.330536292606437,0.3208957173158685,0.0,0.3490730048383561,0.0,0.0,0.0,0.3483623053782536,0.3054919520002665,0.3447061744071423,0.0,0.3194302747134758
0.3092336148359261,0.2813518484047489,0.0,0.0,0.3028208150835033,0.240025387957604,0.3112316227885898,0.2663624052393782,0.3088361637201303,0.0,0.0,0.0,0.2839778772020916,0.0,0.2725847622442274,0.3033497190145825,0.2452536723320082,0.3126808858284543,0.0,0.2423863259172141,0.2822655073499563,0.2776584661606469,0.2718311943924978,0.0,0.2770833552136213,0.2933514003717024,0.279445782030524,0.2545285294321138,0.0,0.2357235338530428,0.2459327491722444,0.2754382342343224,0.2293953467327656,0.2770799622868339,0.3099465154296917,0.2476569603984251,0.2886253586322485,0.0,0.3200094105952348,0.0,0.3337161477333879,0.3220560580002575,0.2492816965906397,0.0,0.0,0.0,0.2915548342009396,0.0,0.0,0.0,0.3441198254373214,0.0,0.317521447154828,0.0,0.0,0.0,0.0,0.3260949037528821,0.0,0.3256237010070948,0.0,0.0,0.0,0.0,0.3314268227464895,0.3224975459779248,0.3187211406973951,0.3413881795072377,0.0,0.0,0.2843156340356296,0.3375957720799659,0.3438287269041147,0.3334607120230221,0.3131429180384629,0.323124308020632
0.0,0.0,0.0,0.0,0.0,0.2914095492880257,0.0,0.2679287939864875,0.3060718041561014,0.0,0.0,0.0,0.2446689367683886,0.0,0.0,0.2811321343905998,0.0,0.2857712563214706,0.0,0.2421805966045589,0.0,0.2891221675785686,0.2873207334424101,0.0,0.0,0.0,0.2811356486213141,0.218284247810695,0.2357235338530428,0.0,0.2269461941147182,0.2782234813593274,0.2308308196432551,0.2611115440026214,0.2918799261138933,0.0,0.0,0.0,0.0,0.0,0.0,0.0,0.0,0.0,0.0,0.0,0.0,0.0,0.0,0.0,0.336553208669422,0.0,0.0,0.0,0.0,0.0,0.0,0.0,0.0,0.0,0.0,0.0,0.0,0.0,0.3353780981280124,0.0,0.0,0.3377337941108622,0.0,0.0,0.0,0.3357628170903161,0.0,0.3204551342188365,0.0,0.0
0.2646915919700486,0.2624436688334485,0.3301886441107655,0.0,0.3111553114383505,0.3110484219113392,0.272463380760737,0.3025236150000521,0.325860552752691,0.2579391104411389,0.3246269341557813,0.2584887361496253,0.276494264469889,0.0,0.2735292596147704,0.2712740900118827,0.2702552882731348,0.2890752731204044,0.3368657028838101,0.2600600282420447,0.2750744596763455,0.2666185255025294,0.3020235340257092,0.261037303224461,0.2783331277409952,0.2816032455414517,0.2837236503219724,0.2689286691543924,0.2459327491722444,0.2269461941147182,0.0,0.2713950599882098,0.2324647852764102,0.1899215909323513,0.1643350032624077,0.3072663729645915,0.267998510889098,0.2247926447718226,0.3245465589946149,0.2798210965557132,0.2960602485752,0.0,0.0,0.0,0.0,0.2894215580948,0.3047733102794163,0.0,0.0,0.0,0.3552361088963417,0.0,0.3350634423918252,0.0,0.317789830962002,0.0,0.3254754957171274,0.0,0.0,0.3269512759093522,0.297931724819565,0.320191987523617,0.3041520942147191,0.0,0.3261219954557808,0.0,0.3120336814067816,0.3527035157314147,0.3364580439456818,0.3186162658512627,0.3216200111575782,0.3457321546553807,0.3283957077220834,0.345073480839267,0.0,0.2844802450109392
0.2888415827805416,0.2880229576314582,0.3243061725019409,0.1882897804658748,0.2571532522539284,0.2795789051577804,0.2674493596995092,0.2629663240235372,0.2988525652784313,0.2844983200192955,0.2607090317858099,0.1691461340689076,0.2618791928164216,0.1940146100530621,0.2864306513226806,0.2994469626090233,0.2991536010949408,0.308289940493694,0.2948291141312275,0.2976587824382816,0.2885971409057945,0.2934544064861006,0.2800646308581586,0.2862762879721401,0.2823968351691132,0.2941768168612548,0.2880746096477953,0.2636744345601998,0.2754382342343224,0.2782234813593274,0.2713950599882098,0.0,0.2290369502918317,0.2681152567077551,0.2636540586525926,0.1924034139768826,0.2172277050257609,0.1708440847034323,0.2214172160771664,0.206171978067972,0.2337293017922566,0.22931452437799,0.2130702988709844,0.1877876811672906,0.1915336662204854,0.2936953344070702,0.3242047633225475,0.3868162462549058,0.0,0.0,0.34046907274077,0.3098273595029424,0.3263122104206518,0.3639521720673298,0.0,0.2996628880931227,0.1901777789619211,0.3579911821297007,0.0,0.3406446329429333,0.2982931129266347,0.0,0.2900473273535188,0.3329403831366146,0.3346997217759445,0.3377413692993619,0.3251157713196288,0.3445402974218766,0.0,0.3239632515598718,0.3217324686304273,0.347651144597593,0.2661945905999537,0.3338928210778864,0.0,0.3316363902641943
0.2569359367850288,0.2591010783332741,0.0,0.0,0.2596508141956666,0.2550226396717121,0.2690377703715811,0.326301539295316,0.2802989750672496,0.2389130880279074,0.2751623166563405,0.2284132343904131,0.2869673195417645,0.0,0.2573430496788877,0.2713184571578514,0.2622031037819006,0.267642143648629,0.0,0.2613401263954159,0.2801632994864715,0.2672317775276974,0.2724471107567535,0.178836783339836,0.238463654754346,0.2623033660117072,0.2549849636978182,0.2671398696342009,0.2293953467327656,0.2308308196432551,0.2324647852764102,0.2290369502918317,0.0,0.1892526513666159,0.2720773634923344,0.2007790701324092,0.2063680749096401,0.1416842968727008,0.1848607508202381,0.1873814212527541,0.2046782901492996,0.2262247043083405,0.0,0.0,0.19184472497148,0.2960133994455508,0.3223367159665057,0.0,0.0,0.0,0.0,0.0,0.0,0.0,0.2749774755981318,0.0,0.2863735451050473,0.0,0.0,0.3394004245230845,0.3168904854153346,0.2878908430590397,0.3039480446631427,0.0,0.3174671080895281,0.0,0.3232987997859194,0.321764380527423,0.2720864976766594,0.3022566281392169,0.3102194889348857,0.3347583761932077,0.2882696013710166,0.3026839931262827,0.0,0.2837940561710165
0.2627581892495276,0.2677149631783573,0.3363894204568647,0.1941454309789397,0.3005279150714838,0.3134008651438556,0.2750588799425008,0.3061961163227006,0.3235234594186278,0.2348454484822292,0.3166816384146396,0.1930510805376865,0.2789307059330326,0.0,0.2840439959104499,0.2723254293998841,0.2774980222054712,0.2812340893962562,0.3411163346564316,0.2835816612187317,0.2822523107060505,0.282219551656477,0.3056969174548483,0.1876496276652558,0.2558552122816169,0.2710555075793526,0.3007706806248252,0.2551313609839828,0.2770799622868339,0.2611115440026214,0.1899215909323513,0.2681152567077551,0.1892526513666159,0.0,0.2269198503616357,0.301949993256485,0.2460815561220601,0.1582143671678168,0.2573780057808804,0.228525077878,0.2265139564660543,0.2316828778867823,0.2519977415531979,0.2140536732412084,0.2175087281237551,0.2789552527940183,0.3128828111542973,0.0,0.0,0.0,0.3627142968515785,0.0,0.3428933243181752,0.0,0.2826601651406756,0.0,0.269347553144151,0.2782403580606131,0.0,0.3367635743255425,0.3004330164815658,0.3091627949832344,0.3065163714095478,0.0,0.3319728806005699,0.0,0.3225890141814474,0.354131543910557,0.2913708800798756,0.3133989084062887,0.3247835446143217,0.3516029550377326,0.2838335664426046,0.3430171756714008,0.0,0.3262662342977447
0.2759940182686994,0.3090373098853654,0.3344995177374004,0.1943642986551189,0.2856102904517655,0.3106770353086536,0.2754001925931283,0.3074640647342976,0.3117253930481348,0.2637536296595991,0.2953407029986049,0.2433333766942705,0.259426966090168,0.0,0.3173255530191916,0.3079680182790103,0.2907522610473305,0.328812921012118,0.3076755146920248,0.3219691871769,0.3139923689370154,0.3198302633827825,0.3118713085007805,0.0,0.2844871404462686,0.3054603035255879,0.3133731491466909,0.247714895117696,0.3099465154296917,0.2918799261138933,0.1643350032624077,0.2636540586525926,0.2720773634923344,0.2269198503616357,0.0,0.3420255013466083,0.2721687461443486,0.1886427912809507,0.226426167919809,0.2040640972584482,0.2201932991742949,0.2382520042397801,0.2182017565354808,0.2227562590958923,0.0,0.0,0.3291801350031988,0.0,0.0,0.0,0.0,0.0,0.0,0.0,0.0,0.0,0.2004619820349934,0.0,0.0,0.3535480901235515,0.3130894936462939,0.0,0.3140683623022767,0.0,0.3432765474255391,0.0,0.3430640468975152,0.3597587468579001,0.0,0.3228210986628209,0.3360088553471607,0.3531793707459881,0.2193190809023862,0.3323534471545414,0.0,0.0
0.0,0.0,0.3049164469820509,0.1408038929394049,0.1470639161650465,0.303620581551435,0.1787625630906232,0.1876722417000855,0.2964878004605948,0.3012741255505859,0.225669726168834,0.2165678340699085,0.2269165206826698,0.1483705281593897,0.3728734780820632,0.0,0.0,0.0,0.2828104817787872,0.3383152723496732,0.2761837831515631,0.0,0.2762376161648615,0.0,0.0,0.2902241750081635,0.3007549933791877,0.1736489748715115,0.2476569603984251,0.0,0.3072663729645915,0.1924034139768826,0.2007790701324092,0.301949993256485,0.3420255013466083,0.0,0.1531674784669357,0.291459162682579,0.2119546022986232,0.0,0.2719853595396836,0.2354486636899176,0.2555247411110602,0.202468423631665,0.0,0.0,0.0,0.3617136855071421,0.0,0.3179889332412104,0.3329318860253502,0.3215965225304921,0.3289474375332335,0.3530588465970809,0.0,0.2988596202679896,0.0,0.3140105818754788,0.3496661792030336,0.0,0.0,0.0,0.0,0.3495134584222736,0.2357016581725715,0.0,0.0,0.3404149909051638,0.0,0.0,0.0,0.3396062619211411,0.2574963273798175,0.2862761200128775,0.0,0.0
0.0,0.0,0.3104195745542175,0.1356140382693262,0.150256921038404,0.3006543584399241,0.205548810769979,0.2914390904045723,0.3110286737818531,0.0,0.2978132946885849,0.2090948030119664,0.2356067470668492,0.120053251490174,0.0,0.0,0.0,0.0,0.3067753592414154,0.3080259956744487,0.0,0.3126759549244563,0.3017565583744032,0.0,0.0,0.0,0.303263621758613,0.1878399976238629,0.2886253586322485,0.0,0.267998510889098,0.2172277050257609,0.2063680749096401,0.2460815561220601,0.2721687461443486,0.1531674784669357,0.0,0.2359521175557551,0.1933374168105234,0.0,0.2270213515521351,0.2312349873103892,0.1939345255231907,0.2079202089452587,0.0,0.0,0.0,0.0,0.0,0.0,0.0,0.0,0.0,0.0,0.0,0.0,0.0,0.0,0.0,0.0,0.0,0.0,0.0,0.0,0.0,0.0,0.0,0.0,0.0,0.0,0.0,0.0,0.0,0.0,0.0,0.0
0.266978940519424,0.0,0.0,0.0,0.2628459974427676,0.2778198056614429,0.2730848146643875,0.0,0.2977400398807828,0.2009926325600049,0.2865850996575113,0.1723918908269063,0.2834222867172659,0.0,0.0,0.0,0.2570502132523703,0.0,0.2742469524509922,0.0,0.0,0.0,0.2845145479053282,0.1679713122625071,0.2403394702903747,0.2432223180377076,0.0,0.2659960287082612,0.0,0.0,0.2247926447718226,0.1708440847034323,0.1416842968727008,0.1582143671678168,0.1886427912809507,0.291459162682579,0.2359521175557551,0.0,0.1537964514709233,0.1875727863749914,0.2008732638051329,0.2214689689912191,0.0,0.0,0.2095241771450229,0.0,0.0,0.0,0.0,0.0,0.0,0.0,0.0,0.0,0.273219334908591,0.0,0.271947630734071,0.0,0.0,0.0,0.0,0.0,0.0,0.0,0.0,0.0,0.0,0.0,0.2558711911121088,0.0,0.2847284466528648,0.0,0.0,0.0,0.0,0.2913085105622456
0.3156454578062309,0.3187785304931863,0.3862876688303933,0.0,0.302200657240225,0.3245131956463703,0.0,0.3295207263319176,0.3721936797355066,0.3164805266723144,0.3137137822593784,0.1740891995391996,0.2956040805897967,0.0,0.326829002829597,0.3140155285712465,0.2697893863400737,0.3075028887390312,0.3583011618233759,0.3274045207625159,0.3154380445984671,0.3183869376317821,0.3387215472686969,0.0,0.3189193095074093,0.3299053107385277,0.3321650255825054,0.2988370672514554,0.3200094105952348,0.0,0.3245465589946149,0.2214172160771664,0.1848607508202381,0.2573780057808804,0.226426167919809,0.2119546022986232,0.1933374168105234,0.1537964514709233,0.0,0.2202464420769599,0.2631910791197711,0.2683937822621631,0.1991186686331574,0.2127322067664467,0.172214920936267,0.2919446437579893,0.2778631264031845,0.3186317496354725,0.1808783812350568,0.2344504279243452,0.2890844605621748,0.2559247753159624,0.2750959751384112,0.3012746788831071,0.2958805861627362,0.2549624683792583,0.1843902267974669,0.2693763852572612,0.1959852386075939,0.2830901757710667,0.2920085521600943,0.2895454368038521,0.2920722925690416,0.2937292176110516,0.3005953903447608,0.278292559630136,0.2828479512603635,0.2923744012430138,0.2174779621961088,0.2830651510658925,0.2846223313120002,0.2947638011452233,0.2632812397913623,0.2638505804169538,0.2796018369341514,0.2672185394218176
0.3100062105736773,0.3056824776126433,0.0,0.0,0.0,0.0,0.0,0.0,0.0,0.2829596572499314,0.0,0.2967669640431173,0.0,0.0,0.3307280547890587,0.2985490657514842,0.2834631856158546,0.2872556329352683,0.0,0.3084988463455861,0.3451095400821137,0.3201463871964886,0.3203245628974435,0.2710463707900629,0.2927122770981389,0.3126265149809767,0.3075072624896017,0.2640663552026307,0.0,0.0,0.2798210965557132,0.206171978067972,0.1873814212527541,0.228525077878,0.2040640972584482,0.0,0.0,0.1875727863749914,0.2202464420769599,0.0,0.1977184717871391,0.2998130397150109,0.2692119263792299,0.2132980392778445,0.1503816861165051,0.2578589397767271,0.2548093234949788,0.0,0.0,0.0,0.273924075604319,0.2638807700357167,0.2934214290619259,0.2617143854018415,0.245892259611609,0.2777607375008757,0.220525640373348,0.2815524466877783,0.0,0.2619871850918221,0.2629663936570527,0.251734408632943,0.2455281019623459,0.0,0.2641044323580045,0.2617408979133873,0.2687369110037507,0.2629083016470132,0.2123803441529744,0.2342191228647853,0.252650140779808,0.2587659414375973,0.2520081506061895,0.218082182148115,0.2379737154234845,0.2175179508136151
