0.0,0.262864844160433,0.0,0.0,0.0,0.2530610414816309,0.0,0.3401229250789256,0.0,0.2872898247324219,0.0,0.2740319245605408,0.0,0.0,0.2737123941861372,0.2637718242888338,0.2303185977903567,0.2487218816499857,0.0,0.2587435898525766,0.2891298539994936,0.2486067815549805,0.3123126681783792,0.2359248392011664,0.2383028151198457,0.2507462767488013,0.2979888846277416,0.2977282828112395,0.2326648939680303,0.0,0.2278457488769348,0.280221123694011,0.1886263325108075,0.233196573048057,0.2800972793515644,0.0,0.0,0.0,0.3131828132436082,0.2728867748682422,0.2582828447482562,0.0,0.0,0.0,0.0,0.2431659899565498,0.3130755611802264,0.0,0.0,0.0,0.0,0.0,0.0,0.0,0.3039126487142933,0.0,0.0,0.0,0.0,0.0,0.2932109440734789,0.0,0.2654214575499488,0.0,0.0,0.3006399489197202,0.2976915932898155,0.0,0.0,0.2858262172821882,0.309541704719575,0.0,0.0,0.0,0.0,0.0
0.262864844160433,0.0,0.0,0.0,0.2573822993447734,0.2652021892682834,0.2719895724566747,0.3013559135984399,0.2624711601332893,0.0,0.0,0.0,0.2762642829047798,0.0,0.2828916043152957,0.2784591560842835,0.0,0.2780919824465228,0.0,0.2939796471557211,0.2679713873051676,0.2790583183593502,0.2820682508403082,0.0,0.2594951278656116,0.281958241514172,0.2703351696082983,0.2849514023375722,0.2820920085874221,0.0,0.2443636130129515,0.2798425114998472,0.2329094647022867,0.2525033227767184,0.2939736740115335,0.0,0.0,0.0,0.3116639804054023,0.3094420598441134,0.2982797334034612,0.3158093944009835,0.0,0.0,0.0,0.2925024053750854,0.3092956996000815,0.0,0.0,0.0,0.0,0.0,0.0,0.0,0.0,0.0,0.0,0.0,0.0,0.336712153309368,0.2956619718144548,0.0,0.290498551852694,0.0,0.3150660540397944,0.3164330427340137,0.3260427847276417,0.3370077424903762,0.0,0.2957741450930388,0.3263746757059127,0.3195801316671888,0.0,0.299620016282991,0.0,0.2873949399216112
0.0,0.0,0.0,0.0,0.2503260529774171,0.2474143087365653,0.2807544967061245,0.284300426844927,0.1848908193386988,0.3150473913997769,0.2084249782022384,0.0,0.2850147193758784,0.2442918501502485,0.0,0.0,0.0,0.0,0.1734878941795455,0.0,0.0,0.0,0.2132187011609115,0.0,0.0,0.0,0.2252742393139576,0.2883377059770808,0.0,0.0,0.2971052780215104,0.2968255642645328,0.0,0.2952805019419479,0.2900611895008116,0.2644155612915395,0.0,0.0,0.3719874242733491,0.0,0.0,0.0,0.3713897539166951,0.0,0.0,0.0,0.0,0.3092953106180707,0.0,0.381277315307541,0.3740601337321776,0.0,0.3797827332752888,0.3873888126982818,0.0,0.2777327127362299,0.0,0.0,0.0,0.0,0.0,0.0,0.0,0.256847525720253,0.0,0.0,0.0,0.374135709708341,0.0,0.0,0.0,0.3843889391136026,0.0,0.0,0.0,0.0
0.0,0.0,0.0,0.0,0.1689127716129441,0.2795247559042709,0.2104082051900119,0.2725440670593844,0.2755398197251513,0.1291914664514491,0.2596019466835162,0.0,0.2017655959829002,0.2072686728892216,0.0,0.0,0.0,0.0,0.0,0.0,0.0,0.0,0.2829261494233737,0.0,0.0,0.0,0.2889328811271705,0.1788131920730479,0.0,0.0,0.0,0.2183692700303829,0.0,0.1568866910682411,0.2378012488309755,0.1470387189158925,0.1374060584967398,0.0,0.0,0.0,0.0,0.0,0.0,0.0,0.0,0.0,0.0,0.0,0.0,0.0,0.0,0.0,0.0,0.0,0.0,0.0,0.0,0.0,0.0,0.0,0.0,0.0,0.0,0.0,0.0,0.0,0.0,0.0,0.0,0.0,0.0,0.0,0.0,0.0,0.0,0.0
0.0,0.2573822993447734,0.2503260529774171,0.1689127716129441,0.0,0.2352121535287737,0.2223654587086823,0.262670653114152,0.2258169493212905,0.2975746406844183,0.2166923479767405,0.3038781233222377,0.2484210002228909,0.193018408373094,0.0,0.0,0.0,0.0,0.2386763945509064,0.0,0.0,0.2597425079825632,0.2615930560895639,0.0,0.2711395434086672,0.0,0.2619788901107035,0.2627249423607802,0.2455131964140197,0.0,0.2851079246737642,0.2233755941943926,0.2470384724249955,0.2787504083041099,0.2564154877684599,0.1661746229748497,0.1861703068781604,0.0,0.0,0.0,0.0,0.0,0.3644022738121164,0.0,0.0,0.0,0.0,0.3827911257927059,0.0,0.0,0.0,0.0,0.3673627142084705,0.3965579670689242,0.0,0.3447102802860383,0.0,0.0,0.0,0.0,0.0,0.0,0.0,0.0,0.0,0.0,0.0,0.3646477337538653,0.0,0.0,0.0,0.3736821794147634,0.0,0.0,0.0,0.0
0.2530610414816309,0.2652021892682834,0.2474143087365653,0.2795247559042709,0.2352121535287737,0.0,0.2540771635557882,0.2792449805259282,0.2176985633895491,0.2947156466692304,0.2394905521714111,0.0,0.2547247852027263,0.2572612505627599,0.2803394623195184,0.2869672830208866,0.0,0.2787119428056135,0.2407559244632481,0.2806228923101517,0.2755362697032003,0.2887116707848964,0.2644984730424902,0.0,0.2523117869428868,0.2684645498329127,0.2564115437706675,0.2656762254684287,0.2364961960382681,0.289025438118792,0.2853294128576862,0.2820886764591806,0.253836471445973,0.2839588824685896,0.2896580000187149,0.3024619909176204,0.2907460985770666,0.0,0.3744205106438106,0.0,0.3579617313684925,0.0,0.3526656888493623,0.0,0.0,0.0,0.0,0.3754531593749479,0.0,0.0,0.3566525343527871,0.3701229455888261,0.3498641938440262,0.3774909155668199,0.0,0.3673464222991954,0.0,0.3696895946948302,0.0,0.336692892209249,0.0,0.0,0.0,0.3750121287320395,0.3376667655619264,0.354169733450529,0.3383095026655524,0.3581380494981169,0.0,0.0,0.0,0.3582872998477612,0.3615015325114019,0.3367401444515884,0.0,0.3666372996180912
0.0,0.2719895724566747,0.2807544967061245,0.2104082051900119,0.2223654587086823,0.2540771635557882,0.0,0.2827014033144381,0.2504141678581676,0.2897239214155799,0.2816161848463692,0.2796707152161821,0.2251575171428277,0.2702190974035383,0.0,0.3047345498802045,0.3219543116401059,0.3003578135170192,0.2826437797671229,0.2840732275835967,0.0,0.2996164444427681,0.2779519375228523,0.3046708728942777,0.2800827960251306,0.2905290658855375,0.2804903031588855,0.2467760846471375,0.2747335512383745,0.0,0.2788060569615086,0.26816037510063,0.2583485921995403,0.2715566967303587,0.2554173622771096,0.2248848876739727,0.2208319069935472,0.2214999456524836,0.0,0.0,0.0,0.0,0.0,0.0,0.0,0.0,0.0,0.0,0.0,0.0,0.3742495605276424,0.0,0.0,0.0,0.0,0.0,0.0,0.0,0.0,0.0,0.0,0.0,0.0,0.0,0.0,0.0,0.0,0.3580869406136219,0.0,0.0,0.0,0.3615213914829692,0.0,0.0,0.0,0.0
0.3401229250789256,0.3013559135984399,0.284300426844927,0.2725440670593844,0.262670653114152,0.2792449805259282,0.2827014033144381,0.0,0.3117079676629055,0.3225874529672048,0.2233002861124134,0.0,0.2919261806862062,0.2134809642381492,0.2812675995534334,0.312385840516624,0.0,0.311167323822515,0.2803414197074615,0.301940074299355,0.2865562384855593,0.3182753495182431,0.2429952788408391,0.3406760052641656,0.2963929238234021,0.3269766965038074,0.3014784617452012,0.2947821398653273,0.2599546349218948,0.2850997157149763,0.2967057893651861,0.284520723178507,0.2843192064547806,0.2884696430413895,0.3074351203359802,0.2184501809102954,0.3097594273568646,0.0,0.3284075343676606,0.0,0.3520582946823149,0.0,0.3262752769616668,0.0,0.0,0.0,0.0,0.3754022703750976,0.0,0.0,0.3406686803917937,0.3703819717139185,0.3112464205811752,0.3728823512687174,0.0,0.3575196952542519,0.0,0.3510635989601584,0.3272037022670225,0.3413461494901869,0.0,0.0,0.0,0.3601857287255912,0.334553674665994,0.3102257365514008,0.0,0.3401771506349206,0.0,0.0,0.0,0.3484811145699072,0.3440219636092697,0.3400613612186038,0.0,0.3813265138481401
0.0,0.2624711601332893,0.1848908193386988,0.2755398197251513,0.2258169493212905,0.2176985633895491,0.2504141678581676,0.3117079676629055,0.0,0.298467641218244,0.1994626250643331,0.3032475677046225,0.2445176803473658,0.2702666569605818,0.0,0.2839448873227845,0.0,0.0,0.1681630456532646,0.2615214155058211,0.0,0.2780909250845575,0.2680442459546521,0.0,0.0,0.0,0.2365720315885525,0.2831130727596571,0.2554563992627507,0.2781703583569845,0.2815003430003865,0.2889037173876995,0.2801012335830664,0.2838719003138659,0.2883932066117164,0.275999156944844,0.2886992357385165,0.2903460022268468,0.3648267814521713,0.0,0.0,0.0,0.3660531509712262,0.0,0.0,0.0,0.0,0.3851822465314413,0.0,0.0,0.3660170063634063,0.0,0.3825952083451532,0.3913763406820571,0.0,0.3678340967179691,0.0,0.0,0.0,0.0,0.0,0.0,0.0,0.3729211036603927,0.0,0.0,0.0,0.3802443503793888,0.0,0.0,0.0,0.3716738088702273,0.0,0.0,0.0,0.0
0.2872898247324219,0.0,0.3150473913997769,0.1291914664514491,0.2975746406844183,0.2947156466692304,0.2897239214155799,0.3225874529672048,0.298467641218244,0.0,0.3019751289951451,0.2079798857192558,0.2818811040639326,0.1728646585470884,0.0,0.266386624091851,0.225194937962268,0.2424658760340108,0.3057100415833239,0.0,0.0,0.0,0.3028663275656336,0.2118173699109343,0.2343139701528267,0.2409309122549239,0.3058426276488927,0.2602267191812839,0.0,0.0,0.2299135608550352,0.229237512322199,0.2082480919274022,0.2250849242043628,0.217293160270341,0.2295344226678914,0.1668363131341591,0.1901545638861619,0.1974837442852161,0.2348862578565419,0.2387963252059671,0.0,0.0,0.0,0.2223268146984955,0.0,0.0,0.0,0.0,0.0,0.0,0.0,0.0,0.0,0.2879905444538784,0.0,0.3003225989607493,0.0,0.0,0.0,0.0,0.2893517249621858,0.2600788786288679,0.0,0.0,0.0,0.0,0.0,0.3095113659584829,0.2726487184495291,0.3059251612199761,0.0,0.0,0.0,0.0,0.3216642499410623
0.0,0.0,0.2084249782022384,0.2596019466835162,0.2166923479767405,0.2394905521714111,0.2816161848463692,0.2233002861124134,0.1994626250643331,0.3019751289951451,0.0,0.2955886961617113,0.2859155053599059,0.2237066641029579,0.0,0.0,0.0,0.0,0.1799148511325599,0.0,0.0,0.0,0.1704459005876921,0.0,0.0,0.0,0.261363624171451,0.2854867538786588,0.0,0.0,0.2899297241784178,0.2757824672884085,0.2746375959758835,0.2907608859420522,0.2847913247790161,0.2325027776492186,0.2769610747856991,0.2770151469776423,0.3516806074215509,0.0,0.0,0.0,0.3363937859182295,0.0,0.0,0.0,0.0,0.3001782745220409,0.0,0.2572037371919669,0.3714505688410779,0.3573148957791479,0.3561017857765749,0.3146534665414703,0.0,0.2267731850111748,0.0,0.3423360410179381,0.2942945782085859,0.0,0.0,0.0,0.0,0.2122303637668489,0.0,0.0,0.0,0.3584251075710465,0.0,0.0,0.0,0.3680285336470055,0.0,0.0,0.0,0.0
0.2740319245605408,0.0,0.0,0.0,0.3038781233222377,0.0,0.2796707152161821,0.0,0.3032475677046225,0.2079798857192558,0.2955886961617113,0.0,0.2719362711281187,0.0,0.0,0.0,0.2506371556210274,0.2503804646866199,0.0,0.0,0.0,0.0,0.0,0.2000752218775421,0.246012561575858,0.2007283157124446,0.0,0.2416634728181073,0.0,0.0,0.2370109167933592,0.2039467732990986,0.2019858489255765,0.1721823418785617,0.1768672537205475,0.2331045053124106,0.189110262513089,0.1655463344033092,0.0,0.2414866504522658,0.2657542360629102,0.0,0.0,0.0,0.2332566565514921,0.0,0.0,0.0,0.0,0.0,0.0,0.0,0.0,0.0,0.29046507512694,0.0,0.2988620022635199,0.0,0.0,0.0,0.0,0.2896973779920333,0.2603361026503921,0.0,0.0,0.0,0.0,0.0,0.2997291826237784,0.2823541375584245,0.3079471375841325,0.0,0.0,0.0,0.0,0.2246451257206422
0.0,0.2762642829047798,0.2850147193758784,0.2017655959829002,0.2484210002228909,0.2547247852027263,0.2251575171428277,0.2919261806862062,0.2445176803473658,0.2818811040639326,0.2859155053599059,0.2719362711281187,0.0,0.2504584845276681,0.2909961165103991,0.3086256179687054,0.2952652327062577,0.3000052010056778,0.2836100236102563,0.292754348910069,0.3075060632977204,0.3089787978747415,0.2834929373291432,0.2777637760125129,0.278016263530651,0.2846574747339376,0.2869264614666409,0.2204301177449729,0.2730123168293431,0.2801986254381884,0.2746381837865866,0.2727164433664742,0.2501353301518203,0.2726976204846064,0.2675506752751714,0.2243342716662065,0.2180063912249681,0.2388960430556814,0.3260221309742642,0.0,0.0,0.0,0.3872598228357137,0.0,0.0,0.0,0.0,0.3937261794439102,0.0,0.0,0.3625735622461803,0.0,0.3474683616770328,0.0,0.0,0.0,0.0,0.0,0.0,0.0,0.0,0.0,0.0,0.0,0.0,0.0,0.0,0.3596776577151105,0.0,0.0,0.0,0.3544754120095936,0.0,0.0,0.0,0.0
0.0,0.0,0.2442918501502485,0.2072686728892216,0.193018408373094,0.2572612505627599,0.2702190974035383,0.2134809642381492,0.2702666569605818,0.1728646585470884,0.2237066641029579,0.0,0.2504584845276681,0.0,0.0,0.0,0.0,0.0,0.2466696702439094,0.0,0.2835845653435181,0.0,0.2384255804548488,0.0,0.0,0.0,0.2826909743977117,0.203718525165502,0.0,0.0,0.2681129936223712,0.1891483010761077,0.0,0.2580100509500113,0.0,0.1695989030503497,0.1433059683540692,0.0,0.0,0.0,0.0,0.0,0.0,0.0,0.0,0.0,0.0,0.0,0.0,0.0,0.0,0.0,0.0,0.3609129446709276,0.0,0.0,0.0,0.0,0.0,0.0,0.0,0.0,0.0,0.0,0.0,0.0,0.0,0.3366338773913812,0.0,0.0,0.0,0.0,0.0,0.0,0.0,0.0
0.2737123941861372,0.2828916043152957,0.0,0.0,0.0,0.2803394623195184,0.0,0.2812675995534334,0.0,0.0,0.0,0.0,0.2909961165103991,0.0,0.0,0.2804579814971604,0.0,0.271004046003067,0.0,0.2518782580932714,0.2772624191126216,0.2698783808905532,0.2786340127066676,0.3297483830225656,0.2636952948535519,0.2803603581099579,0.2904589976272328,0.2844922203616818,0.2805697798678241,0.0,0.2623936246168375,0.2893560672238806,0.2523991967280192,0.2843837543554458,0.3115906409049171,0.3210705786707615,0.0,0.0,0.3375278976398648,0.3550987391580288,0.3388045961076433,0.3524358094601158,0.0,0.0,0.0,0.0,0.3292670954048679,0.0,0.0,0.0,0.3316344040560577,0.0,0.3140860943529751,0.0,0.0,0.0,0.0,0.0,0.0,0.345779749424308,0.0,0.0,0.0,0.0,0.3433325633063881,0.3282931681979899,0.3565606840421871,0.3426425068049817,0.0,0.0,0.3534841569865132,0.3399268254451904,0.0,0.3335298727606998,0.0,0.0
0.2637718242888338,0.2784591560842835,0.0,0.0,0.0,0.2869672830208866,0.3047345498802045,0.312385840516624,0.2839448873227845,0.266386624091851,0.0,0.0,0.3086256179687054,0.0,0.2804579814971604,0.0,0.2614564479328037,0.2326552440199914,0.0,0.2929778664876863,0.27195304078983,0.2625723795508559,0.2956302202927451,0.2500792761421506,0.2657757649227374,0.2862990792428708,0.283469192775412,0.310133352803377,0.2984513859574134,0.3056382862283441,0.2411296192599426,0.3019485764100557,0.2639207323256547,0.2583153335838355,0.3024851083998925,0.0,0.0,0.0,0.3067174270093236,0.2982668125051918,0.2836964145578499,0.3085167460261205,0.0,0.0,0.0,0.2766993726700807,0.3088632829603581,0.0,0.0,0.0,0.0,0.0,0.0,0.0,0.0,0.0,0.0,0.0,0.0,0.3300794162365525,0.2887445551677711,0.0,0.2555523592037218,0.0,0.3187723173387174,0.3220236877646752,0.3126947172522571,0.0,0.0,0.2805134163503993,0.3181265451637885,0.0,0.0,0.0,0.0,0.2843040858402364
0.2303185977903567,0.0,0.0,0.0,0.0,0.0,0.3219543116401059,0.0,0.0,0.225194937962268,0.0,0.2506371556210274,0.2952652327062577,0.0,0.0,0.2614564479328037,0.0,0.2229239668306493,0.0,0.2926956102512577,0.0,0.2518760120751975,0.0,0.263334231288746,0.2290360494836411,0.2540195305421673,0.0,0.2830844595883275,0.0,0.0,0.2485289059194141,0.2971666329068241,0.2459127070572815,0.257417307750116,0.2692706308348221,0.0,0.0,0.234637965836349,0.0,0.2781987556436072,0.0,0.0,0.0,0.0,0.0,0.0,0.0,0.0,0.0,0.0,0.0,0.0,0.0,0.0,0.3085244025095598,0.0,0.315212607965899,0.0,0.0,0.0,0.0,0.3012120239677915,0.2780981061235467,0.0,0.0,0.0,0.0,0.0,0.3331835997338501,0.2832767611880174,0.3169495244369167,0.0,0.0,0.0,0.0,0.0
0.2487218816499857,0.2780919824465228,0.0,0.0,0.0,0.2787119428056135,0.3003578135170192,0.311167323822515,0.0,0.2424658760340108,0.0,0.2503804646866199,0.3000052010056778,0.0,0.271004046003067,0.2326552440199914,0.2229239668306493,0.0,0.0,0.2926507183354859,0.2629465388216592,0.2759365087683786,0.2826394525450869,0.2507626305347176,0.2352268828391514,0.2644848897677355,0.278121171105872,0.2973524325549249,0.2818103744869611,0.0,0.2567630437842829,0.2935735065853894,0.2414047368660631,0.2562192026230017,0.2776651564750241,0.0,0.0,0.0,0.2880552836377579,0.268595640878225,0.2671291620271752,0.280928261470163,0.0,0.0,0.0,0.2801293344326152,0.3005798759286566,0.0,0.0,0.0,0.0,0.0,0.0,0.0,0.294123006664919,0.0,0.3036832821507785,0.0,0.0,0.0,0.2781789793985388,0.2906816830542641,0.2717999876417589,0.0,0.0,0.0,0.2950595048388191,0.0,0.3066152593936487,0.2768587016300672,0.3020101526092412,0.0,0.0,0.0,0.0,0.2756920399614154
0.0,0.0,0.1734878941795455,0.0,0.2386763945509064,0.2407559244632481,0.2826437797671229,0.2803414197074615,0.1681630456532646,0.3057100415833239,0.1799148511325599,0.0,0.2836100236102563,0.2466696702439094,0.0,0.0,0.0,0.0,0.0,0.0,0.0,0.0,0.2011563112909343,0.0,0.0,0.0,0.256139014763197,0.2793754462485008,0.0,0.0,0.2981593084412374,0.284759568562045,0.0,0.2941426959851884,0.288038147890578,0.250211223470818,0.2799352922750757,0.0,0.3663719144913372,0.0,0.0,0.0,0.3690524819750894,0.0,0.0,0.0,0.0,0.3367960301043458,0.0,0.0,0.3969645591947074,0.0,0.3714643643288151,0.3734615843940359,0.0,0.3328350531892229,0.0,0.0,0.0,0.0,0.0,0.0,0.0,0.3653633933559271,0.0,0.0,0.0,0.3753711579819864,0.0,0.0,0.0,0.3747771418465871,0.0,0.0,0.0,0.0
0.2587435898525766,0.2939796471557211,0.0,0.0,0.0,0.2806228923101517,0.2840732275835967,0.301940074299355,0.2615214155058211,0.0,0.0,0.0,0.292754348910069,0.0,0.2518782580932714,0.2929778664876863,0.2926956102512577,0.2926507183354859,0.0,0.0,0.2951132489848954,0.2725350731666545,0.2756560749370636,0.0,0.2794200550528904,0.29459408903313,0.2686180597394987,0.278749741757043,0.2371514552950251,0.2515439390023248,0.2648297722938927,0.3000934035586217,0.2492536239778929,0.300576942195653,0.321995374029113,0.3536872533049043,0.3205001163649881,0.0,0.3356658802199456,0.3510747668144263,0.3384997098905807,0.3377008315276418,0.0,0.0,0.0,0.0,0.3137751281942875,0.0,0.0,0.0,0.3401442408869143,0.0,0.3339440729418836,0.0,0.0,0.0,0.0,0.0,0.0,0.3397308411705687,0.0,0.0,0.0,0.0,0.3381160744894784,0.3349995028013385,0.3423136502979174,0.3430365287308984,0.0,0.0,0.3403741727039562,0.3430958656381421,0.3454579991508866,0.3346588753621901,0.0,0.3375167268500598
0.2891298539994936,0.2679713873051676,0.0,0.0,0.0,0.2755362697032003,0.0,0.2865562384855593,0.0,0.0,0.0,0.0,0.3075060632977204,0.2835845653435181,0.2772624191126216,0.27195304078983,0.0,0.2629465388216592,0.0,0.2951132489848954,0.0,0.2935344725211531,0.2705573997136682,0.3188702514792754,0.254782852647828,0.2830682566447345,0.3027040680269858,0.3025264695464527,0.283807816622195,0.2952935485881576,0.2229105791960744,0.2855359151764864,0.2332656857463043,0.2612126584639599,0.307653797967134,0.0,0.0,0.0,0.3384418041655779,0.2974840102913335,0.0,0.0,0.0,0.0,0.0,0.3080417809366396,0.3250424542617192,0.0,0.0,0.0,0.3201380314935124,0.0,0.2819560603948266,0.0,0.0,0.0,0.0,0.0,0.0,0.3293303247885601,0.2989080669081291,0.0,0.0,0.0,0.3284195283183024,0.2880833323446011,0.3462701084650397,0.3283397695902567,0.0,0.314930758671316,0.3371445365440272,0.328203076109136,0.3499983306645131,0.3575244193776512,0.0,0.0
0.2486067815549805,0.2790583183593502,0.0,0.0,0.2597425079825632,0.2887116707848964,0.2996164444427681,0.3182753495182431,0.2780909250845575,0.0,0.0,0.0,0.3089787978747415,0.0,0.2698783808905532,0.2625723795508559,0.2518760120751975,0.2759365087683786,0.0,0.2725350731666545,0.2935344725211531,0.0,0.3103412021922779,0.0,0.2732656656444836,0.2756352356037007,0.2954205072035361,0.3046757711042977,0.2778849773880923,0.2806394826335571,0.263794591197853,0.2938505133980544,0.2670951147951686,0.289559469704358,0.3183023487311633,0.3528865272482424,0.3269978101082607,0.0,0.3238788192008429,0.328598225595123,0.3239437124619143,0.3322298551283945,0.0,0.0,0.0,0.3297991894531553,0.3108927982790871,0.0,0.0,0.0,0.3231820451493757,0.0,0.0,0.0,0.0,0.0,0.0,0.0,0.0,0.3425870430864189,0.3052687608469704,0.0,0.0,0.0,0.333137128062568,0.3326880702311195,0.3407691643731925,0.3362893671814446,0.0,0.0,0.3359579765546843,0.3282532202726106,0.0,0.3218249575090588,0.0,0.0
0.3123126681783792,0.2820682508403082,0.2132187011609115,0.2829261494233737,0.2615930560895639,0.2644984730424902,0.2779519375228523,0.2429952788408391,0.2680442459546521,0.3028663275656336,0.1704459005876921,0.0,0.2834929373291432,0.2384255804548488,0.2786340127066676,0.2956302202927451,0.0,0.2826394525450869,0.2011563112909343,0.2756560749370636,0.2705573997136682,0.3103412021922779,0.0,0.3269358332130858,0.276813755653736,0.3060470469529061,0.2444949334321915,0.2865377411705579,0.2698707116403928,0.2801751439871573,0.2906368132492647,0.2834493012392792,0.2477505927389431,0.2945792576665512,0.3069112818413091,0.2839150248281313,0.2915606979541376,0.0,0.3532043187697826,0.320760708805287,0.3634047330836217,0.3600397089170019,0.3616346274809267,0.0,0.0,0.0,0.3319789416165128,0.373373311631423,0.0,0.3755454087427724,0.3575234261721594,0.3709767937750199,0.324800348773629,0.3798398195714702,0.0,0.3648478885991787,0.0,0.3564909343411785,0.3441002064130158,0.3457060559579764,0.0,0.0,0.0,0.36071012848971,0.3529067678603336,0.3324671298460506,0.3435342289651443,0.33065677440073,0.0,0.0,0.3404125398696417,0.3601044154424501,0.3579010972019839,0.3521626111256763,0.3570494361537952,0.3616934375578801
0.2359248392011664,0.0,0.0,0.0,0.0,0.0,0.3046708728942777,0.3406760052641656,0.0,0.2118173699109343,0.0,0.2000752218775421,0.2777637760125129,0.0,0.3297483830225656,0.2500792761421506,0.263334231288746,0.2507626305347176,0.0,0.0,0.3188702514792754,0.0,0.3269358332130858,0.0,0.2431113826649364,0.2327044760492613,0.3512951761451784,0.2567028384868016,0.0,0.0,0.2353882098229638,0.2306104185683647,0.1742624489146562,0.1794536559171578,0.1771865742396735,0.2559435612537314,0.0,0.1793835282951929,0.3220663193776021,0.2437908317203784,0.2337372765011434,0.0,0.0,0.0,0.229098483220309,0.2653008625716255,0.0,0.0,0.0,0.0,0.0,0.0,0.0,0.0,0.2825115813452371,0.0,0.2898228941451047,0.0,0.0,0.0,0.0,0.2913354835391399,0.2856817141671577,0.0,0.0,0.0,0.0,0.0,0.2895202950684398,0.2855899661083973,0.3088439982250291,0.0,0.0,0.0,0.0,0.0
0.2383028151198457,0.2594951278656116,0.0,0.0,0.2711395434086672,0.2523117869428868,0.2800827960251306,0.2963929238234021,0.0,0.2343139701528267,0.0,0.246012561575858,0.278016263530651,0.0,0.2636952948535519,0.2657757649227374,0.2290360494836411,0.2352268828391514,0.0,0.2794200550528904,0.254782852647828,0.2732656656444836,0.276813755653736,0.2431113826649364,0.0,0.2527711236206879,0.2474849358203775,0.2820690542914985,0.2561225142119349,0.0,0.2484645423475265,0.2817687165786299,0.2158137986572187,0.2418475261947205,0.2601657952984743,0.0,0.0,0.2275912746483568,0.2975996123420663,0.2703370833843311,0.265565240533745,0.280296348051151,0.0,0.0,0.0,0.2765583232584951,0.3018992802338373,0.0,0.0,0.0,0.0,0.0,0.0,0.0,0.2965749962867945,0.0,0.3089188415589641,0.0,0.0,0.0,0.2824157854175275,0.2887159694305095,0.2741658283432924,0.0,0.294719656414506,0.3036963844053209,0.2901499103533118,0.0,0.3072371234437945,0.2799764186495734,0.3018135853040245,0.0,0.0,0.0,0.0,0.2766761164153616
0.2507462767488013,0.281958241514172,0.0,0.0,0.0,0.2684645498329127,0.2905290658855375,0.3269766965038074,0.0,0.2409309122549239,0.0,0.2007283157124446,0.2846574747339376,0.0,0.2803603581099579,0.2862990792428708,0.2540195305421673,0.2644848897677355,0.0,0.29459408903313,0.2830682566447345,0.2756352356037007,0.3060470469529061,0.2327044760492613,0.2527711236206879,0.0,0.2912206434996448,0.2773980770118584,0.2636670932845987,0.0,0.257960562235306,0.2966032314851912,0.2324091456774996,0.2557098393566376,0.2907389681882198,0.2876605872008016,0.0,0.2258244643534916,0.311186995222843,0.2781620566083155,0.2958028638992395,0.2999106016833955,0.0,0.0,0.2059367851335045,0.2937649309202883,0.3219460821408442,0.0,0.0,0.0,0.0,0.0,0.0,0.0,0.3101715211310882,0.0,0.3159808749243108,0.0,0.0,0.3429867318616142,0.299355822494303,0.30377274038192,0.2886043253995642,0.0,0.3248235802357856,0.3157524133258856,0.328722735834116,0.3317997501377392,0.3102491943087417,0.291860837913996,0.3185268785902265,0.3186743783622143,0.0,0.0,0.0,0.291159599271019
0.2979888846277416,0.2703351696082983,0.2252742393139576,0.2889328811271705,0.2619788901107035,0.2564115437706675,0.2804903031588855,0.3014784617452012,0.2365720315885525,0.3058426276488927,0.261363624171451,0.0,0.2869264614666409,0.2826909743977117,0.2904589976272328,0.283469192775412,0.0,0.278121171105872,0.256139014763197,0.2686180597394987,0.3027040680269858,0.2954205072035361,0.2444949334321915,0.3512951761451784,0.2474849358203775,0.2912206434996448,0.0,0.2889423911734904,0.2584954409147322,0.2751430622892631,0.2805131751910588,0.2875695382346127,0.2425650143550087,0.291135193215385,0.3008506358395855,0.3064126217418143,0.2972383287366795,0.0,0.3640458999091912,0.0,0.3477873422230044,0.3562320981918385,0.3845013402550471,0.0,0.0,0.0,0.3354732556571747,0.3839280855949388,0.0,0.0,0.3575622883267318,0.3768682252779236,0.3610925736968191,0.379956870564183,0.0,0.3788002118593511,0.0,0.3601605401868026,0.3683014230441116,0.3451581531895006,0.0,0.0,0.0,0.3838228323605894,0.350296146583829,0.3422384113653014,0.3388494991395175,0.3601624791416145,0.0,0.0,0.3368827139553902,0.3578135328457439,0.3549792603294495,0.3473614037042961,0.3614489656603765,0.3589839600141952
0.2977282828112395,0.2849514023375722,0.2883377059770808,0.1788131920730479,0.2627249423607802,0.2656762254684287,0.2467760846471375,0.2947821398653273,0.2831130727596571,0.2602267191812839,0.2854867538786588,0.2416634728181073,0.2204301177449729,0.203718525165502,0.2844922203616818,0.310133352803377,0.2830844595883275,0.2973524325549249,0.2793754462485008,0.278749741757043,0.3025264695464527,0.3046757711042977,0.2865377411705579,0.2567028384868016,0.2820690542914985,0.2773980770118584,0.2889423911734904,0.0,0.2506728057283093,0.2414783166952414,0.2625876131452636,0.2666102517175875,0.2527054449662845,0.2528540748550033,0.2403248562751175,0.2023049416967732,0.1858987537991436,0.2000856225865867,0.2600981389478493,0.0,0.3536560751921794,0.2503889224088368,0.3657125610011591,0.0,0.0,0.0,0.0,0.0,0.0,0.0,0.3489516824267513,0.0,0.3259147834047641,0.0,0.0,0.0,0.0,0.0,0.0,0.3569138137724867,0.0,0.0,0.0,0.0,0.3453647204383546,0.3362114405124226,0.0,0.3549133021304832,0.0,0.0,0.0,0.3544241892901669,0.3615301583434489,0.3455641237716008,0.0,0.370660872935131
0.2326648939680303,0.2820920085874221,0.0,0.0,0.2455131964140197,0.2364961960382681,0.2747335512383745,0.2599546349218948,0.2554563992627507,0.0,0.0,0.0,0.2730123168293431,0.0,0.2805697798678241,0.2984513859574134,0.0,0.2818103744869611,0.0,0.2371514552950251,0.283807816622195,0.2778849773880923,0.2698707116403928,0.0,0.2561225142119349,0.2636670932845987,0.2584954409147322,0.2506728057283093,0.0,0.2423312106030769,0.2539011356348878,0.283283114705258,0.2215692845732641,0.284263744822265,0.3070710469932152,0.33724721130425,0.0,0.0,0.3306927487578322,0.0,0.3453367184286072,0.3606568669585425,0.0,0.0,0.0,0.0,0.0,0.0,0.0,0.0,0.3405455628416898,0.0,0.3256423598279226,0.0,0.0,0.0,0.0,0.3717454274800157,0.0,0.3295747341082905,0.0,0.0,0.0,0.0,0.3335765135009949,0.3182498880600864,0.327279751563173,0.34455077460267,0.0,0.0,0.3307513836243802,0.340742599979466,0.3453250124831623,0.3310445086861124,0.0,0.3499105710660088
0.0,0.0,0.0,0.0,0.0,0.289025438118792,0.0,0.2850997157149763,0.2781703583569845,0.0,0.0,0.0,0.2801986254381884,0.0,0.0,0.3056382862283441,0.0,0.0,0.0,0.2515439390023248,0.2952935485881576,0.2806394826335571,0.2801751439871573,0.0,0.0,0.0,0.2751430622892631,0.2414783166952414,0.2423312106030769,0.0,0.2441022763646023,0.2673988160917697,0.0,0.2511115155600955,0.0,0.0,0.0,0.0,0.0,0.0,0.0,0.0,0.0,0.0,0.0,0.0,0.0,0.0,0.0,0.0,0.0,0.0,0.0,0.0,0.0,0.0,0.0,0.0,0.0,0.0,0.0,0.0,0.0,0.0,0.3464055024621698,0.0,0.0,0.3531062530577646,0.0,0.0,0.0,0.353301399143123,0.0,0.0,0.0,0.0
0.2278457488769348,0.2443636130129515,0.2971052780215104,0.0,0.2851079246737642,0.2853294128576862,0.2788060569615086,0.2967057893651861,0.2815003430003865,0.2299135608550352,0.2899297241784178,0.2370109167933592,0.2746381837865866,0.2681129936223712,0.2623936246168375,0.2411296192599426,0.2485289059194141,0.2567630437842829,0.2981593084412374,0.2648297722938927,0.2229105791960744,0.263794591197853,0.2906368132492647,0.2353882098229638,0.2484645423475265,0.257960562235306,0.2805131751910588,0.2625876131452636,0.2539011356348878,0.2441022763646023,0.0,0.272284883052996,0.2258072514152098,0.1879445771568037,0.1945298856852391,0.3243190323013903,0.2827631135528484,0.1971147297189923,0.303474029079248,0.2481078304348605,0.2827049398916222,0.0,0.0,0.0,0.0,0.2686821409713033,0.2859658346870799,0.0,0.0,0.0,0.3582003662682795,0.0,0.3397867664927094,0.0,0.0,0.0,0.2920528458852763,0.0,0.0,0.3356273668595246,0.255403589615732,0.0,0.2632066512904433,0.0,0.3443571274931761,0.3122087324674028,0.3179579131061721,0.3646138336853116,0.0,0.2679033766417695,0.2901835445094637,0.3564582411066765,0.3797603840749833,0.3443067074650309,0.0,0.3904785485476326
0.280221123694011,0.2798425114998472,0.2968255642645328,0.2183692700303829,0.2233755941943926,0.2820886764591806,0.26816037510063,0.284520723178507,0.2889037173876995,0.229237512322199,0.2757824672884085,0.2039467732990986,0.2727164433664742,0.1891483010761077,0.2893560672238806,0.3019485764100557,0.2971666329068241,0.2935735065853894,0.284759568562045,0.3000934035586217,0.2855359151764864,0.2938505133980544,0.2834493012392792,0.2306104185683647,0.2817687165786299,0.2966032314851912,0.2875695382346127,0.2666102517175875,0.283283114705258,0.2673988160917697,0.272284883052996,0.0,0.2562125164948781,0.2655784365738231,0.2713208720138591,0.2004991572255793,0.2275809064126952,0.1799129945504854,0.2171888979665369,0.2277810451166259,0.2327674302433641,0.2446279873762735,0.2169569023753339,0.2009067817009365,0.2133549640092789,0.3050364446844728,0.3178407055931729,0.3856244710415493,0.0,0.0,0.3474505526491573,0.0,0.3273714741183919,0.3750186315963825,0.0,0.3541972940782909,0.1822975579755309,0.3562799604251059,0.0,0.3378414593830281,0.3019072308085364,0.0,0.2835691938751302,0.3784547158666887,0.3444175083875438,0.3307158838472928,0.3399679888733855,0.3597930815557376,0.1312310345608311,0.2972211773867826,0.3243575692602919,0.3584575043907279,0.2610743119437591,0.3455138793989505,0.0,0.3618679105657393
0.1886263325108075,0.2329094647022867,0.0,0.0,0.2470384724249955,0.253836471445973,0.2583485921995403,0.2843192064547806,0.2801012335830664,0.2082480919274022,0.2746375959758835,0.2019858489255765,0.2501353301518203,0.0,0.2523991967280192,0.2639207323256547,0.2459127070572815,0.2414047368660631,0.0,0.2492536239778929,0.2332656857463043,0.2670951147951686,0.2477505927389431,0.1742624489146562,0.2158137986572187,0.2324091456774996,0.2425650143550087,0.2527054449662845,0.2215692845732641,0.0,0.2258072514152098,0.2562125164948781,0.0,0.1933812250978552,0.2836233677548384,0.278167449696393,0.1764889905694732,0.1383316798945344,0.2079436257600327,0.1754666573015112,0.1627037826540777,0.2139920992834906,0.0,0.0,0.1591437130572132,0.260470624142626,0.3014864355333355,0.0,0.0,0.0,0.0,0.0,0.0,0.0,0.2501934664451263,0.0,0.2739277227407723,0.0,0.0,0.3455588089094593,0.2758175836942098,0.2570840328439613,0.2601091643828498,0.0,0.3294268653698861,0.0,0.3223162950064669,0.3242084679652636,0.2858326350490725,0.2645380335341796,0.2936136639066958,0.2771682598021988,0.0,0.0,0.0,0.0
0.233196573048057,0.2525033227767184,0.2952805019419479,0.1568866910682411,0.2787504083041099,0.2839588824685896,0.2715566967303587,0.2884696430413895,0.2838719003138659,0.2250849242043628,0.2907608859420522,0.1721823418785617,0.2726976204846064,0.2580100509500113,0.2843837543554458,0.2583153335838355,0.257417307750116,0.2562192026230017,0.2941426959851884,0.300576942195653,0.2612126584639599,0.289559469704358,0.2945792576665512,0.1794536559171578,0.2418475261947205,0.2557098393566376,0.291135193215385,0.2528540748550033,0.284263744822265,0.2511115155600955,0.1879445771568037,0.2655784365738231,0.1933812250978552,0.0,0.21421868890094,0.2727937962355209,0.2404702341222189,0.1362093226676009,0.1665103965648234,0.1380547056045402,0.1704304186479117,0.1855520242673819,0.0,0.0,0.1395903423874474,0.2682933922470328,0.2988899275471225,0.0,0.0,0.0,0.3238695960120588,0.0,0.3266968546296562,0.0,0.2526123153213948,0.0,0.2333528583460787,0.0,0.0,0.3401127672918397,0.2730719266799493,0.0,0.2687710066706877,0.0,0.3584751791576065,0.3311821873941927,0.3375189546210508,0.3658612960847032,0.0,0.2675723248361998,0.308348018720126,0.3222953247514969,0.0,0.3460899429256234,0.0,0.0
0.2800972793515644,0.2939736740115335,0.2900611895008116,0.2378012488309755,0.2564154877684599,0.2896580000187149,0.2554173622771096,0.3074351203359802,0.2883932066117164,0.217293160270341,0.2847913247790161,0.1768672537205475,0.2675506752751714,0.0,0.3115906409049171,0.3024851083998925,0.2692706308348221,0.2776651564750241,0.288038147890578,0.321995374029113,0.307653797967134,0.3183023487311633,0.3069112818413091,0.1771865742396735,0.2601657952984743,0.2907389681882198,0.3008506358395855,0.2403248562751175,0.3070710469932152,0.0,0.1945298856852391,0.2713208720138591,0.2836233677548384,0.21421868890094,0.0,0.3029761613017601,0.3167356524356152,0.16501941160182,0.2226199147890343,0.2192661559604223,0.2124161483966047,0.2499013515648489,0.2391352565690949,0.2424844078565197,0.2098122080370499,0.0,0.3166976526188049,0.0,0.0,0.0,0.0,0.0,0.0,0.0,0.0,0.0,0.0,0.0,0.0,0.3535168800691105,0.2926187721541964,0.0,0.2830706267893031,0.0,0.3509910605242234,0.3471644333520104,0.3529869979735845,0.3574512332594262,0.0,0.2850397284204464,0.3268005927341662,0.3200273212836804,0.0,0.3745352095068071,0.0,0.0
0.0,0.0,0.2644155612915395,0.1470387189158925,0.1661746229748497,0.3024619909176204,0.2248848876739727,0.2184501809102954,0.275999156944844,0.2295344226678914,0.2325027776492186,0.2331045053124106,0.2243342716662065,0.1695989030503497,0.3210705786707615,0.0,0.0,0.0,0.250211223470818,0.3536872533049043,0.0,0.3528865272482424,0.2839150248281313,0.2559435612537314,0.0,0.2876605872008016,0.3064126217418143,0.2023049416967732,0.33724721130425,0.0,0.3243190323013903,0.2004991572255793,0.278167449696393,0.2727937962355209,0.3029761613017601,0.0,0.1623855511349671,0.2050068756759377,0.2187253362808411,0.1636919090869803,0.2128808361326405,0.2127310559457273,0.2611496637457903,0.2057826549843496,0.0,0.0,0.0,0.3629339337011837,0.0,0.0,0.3210378298477989,0.3484071036064001,0.332133709621946,0.354637696584489,0.0,0.3228427780319879,0.0,0.3561362060750471,0.2250940786898445,0.0,0.0,0.0,0.0,0.337004637064516,0.0,0.0,0.0,0.3424370004401884,0.0,0.0,0.0,0.3402673098252607,0.3401820239171313,0.3175411294891253,0.0,0.0
0.0,0.0,0.0,0.1374060584967398,0.1861703068781604,0.2907460985770666,0.2208319069935472,0.3097594273568646,0.2886992357385165,0.1668363131341591,0.2769610747856991,0.189110262513089,0.2180063912249681,0.1433059683540692,0.0,0.0,0.0,0.0,0.2799352922750757,0.3205001163649881,0.0,0.3269978101082607,0.2915606979541376,0.0,0.0,0.0,0.2972383287366795,0.1858987537991436,0.0,0.0,0.2827631135528484,0.2275809064126952,0.1764889905694732,0.2404702341222189,0.3167356524356152,0.1623855511349671,0.0,0.1681699874311697,0.1874723000151879,0.0,0.1748278507915601,0.2173125999573593,0.0,0.0,0.0,0.0,0.0,0.0,0.0,0.0,0.0,0.0,0.0,0.0,0.0,0.0,0.0,0.0,0.0,0.0,0.0,0.0,0.0,0.0,0.0,0.0,0.0,0.0,0.0,0.0,0.0,0.0,0.0,0.0,0.0,0.0
0.0,0.0,0.0,0.0,0.0,0.0,0.2214999456524836,0.0,0.2903460022268468,0.1901545638861619,0.2770151469776423,0.1655463344033092,0.2388960430556814,0.0,0.0,0.0,0.234637965836349,0.0,0.0,0.0,0.0,0.0,0.0,0.1793835282951929,0.2275912746483568,0.2258244643534916,0.0,0.2000856225865867,0.0,0.0,0.1971147297189923,0.1799129945504854,0.1383316798945344,0.1362093226676009,0.16501941160182,0.2050068756759377,0.1681699874311697,0.0,0.1673402845253222,0.1605114760757502,0.13591729713575,0.133277607387584,0.0,0.0,0.1673307289825721,0.0,0.0,0.0,0.0,0.0,0.0,0.0,0.0,0.0,0.2468851136669429,0.0,0.2307925646062868,0.0,0.0,0.0,0.0,0.0,0.0,0.0,0.0,0.0,0.0,0.0,0.2012768511219858,0.0,0.2617673034937537,0.0,0.0,0.0,0.0,0.0
0.3131828132436082,0.3116639804054023,0.3719874242733491,0.0,0.0,0.3744205106438106,0.0,0.3284075343676606,0.3648267814521713,0.1974837442852161,0.3516806074215509,0.0,0.3260221309742642,0.0,0.3375278976398648,0.3067174270093236,0.0,0.2880552836377579,0.3663719144913372,0.3356658802199456,0.3384418041655779,0.3238788192008429,0.3532043187697826,0.3220663193776021,0.2975996123420663,0.311186995222843,0.3640458999091912,0.2600981389478493,0.3306927487578322,0.0,0.303474029079248,0.2171888979665369,0.2079436257600327,0.1665103965648234,0.2226199147890343,0.2187253362808411,0.1874723000151879,0.1673402845253222,0.0,0.2404981321662984,0.2594591759923781,0.286976424059713,0.1808945532082477,0.2185308991121366,0.1852608638799353,0.2780308154153285,0.2810105459278507,0.3059777298229436,0.1923158131322551,0.2448139343838431,0.2678807740447627,0.2586044386837193,0.199937076716415,0.2933457888754828,0.2389363019002557,0.2614542371475783,0.2010577205593345,0.2657035404453851,0.1922801343469896,0.2829483527413764,0.2864301934734346,0.2687747605139177,0.2707177492783126,0.295075396685289,0.2929997004329632,0.2828321873403295,0.2826085877828406,0.268744888173887,0.2517507381446938,0.2620372427162931,0.280732162390025,0.2721143136295553,0.2566643408856369,0.2840848393837923,0.2656797535528201,0.2678334708019396
0.2728867748682422,0.3094420598441134,0.0,0.0,0.0,0.0,0.0,0.0,0.0,0.2348862578565419,0.0,0.2414866504522658,0.0,0.0,0.3550987391580288,0.2982668125051918,0.2781987556436072,0.268595640878225,0.0,0.3510747668144263,0.2974840102913335,0.328598225595123,0.320760708805287,0.2437908317203784,0.2703370833843311,0.2781620566083155,0.0,0.0,0.0,0.0,0.2481078304348605,0.2277810451166259,0.1754666573015112,0.1380547056045402,0.2192661559604223,0.1636919090869803,0.0,0.1605114760757502,0.2404981321662984,0.0,0.1868911584937829,0.2660114431674574,0.2870517681539922,0.1863606024992765,0.1295063476474468,0.224752447323739,0.2379427689401963,0.0,0.0,0.2312624398666242,0.2488959855077766,0.2490526156574942,0.0,0.2898673068078091,0.2045559267917924,0.2602542085308476,0.1838689635582818,0.2626434530004246,0.0,0.2654411007683667,0.2324007259893765,0.2189939353870369,0.2121642971922842,0.0,0.259361697148253,0.2566719662513032,0.2506833606943977,0.2505065613033865,0.1650843239016729,0.2032044337597106,0.2304019293349419,0.244770221206391,0.2397509478316959,0.2446728053874907,0.2093949291901757,0.216943859278707
0.2582828447482562,0.2982797334034612,0.0,0.0,0.0,0.3579617313684925,0.0,0.3520582946823149,0.0,0.2387963252059671,0.0,0.2657542360629102,0.0,0.0,0.3388045961076433,0.2836964145578499,0.0,0.2671291620271752,0.0,0.3384997098905807,0.0,0.3239437124619143,0.3634047330836217,0.2337372765011434,0.265565240533745,0.2958028638992395,0.3477873422230044,0.3536560751921794,0.3453367184286072,0.0,0.2827049398916222,0.2327674302433641,0.1627037826540777,0.1704304186479117,0.2124161483966047,0.2128808361326405,0.1748278507915601,0.13591729713575,0.2594591759923781,0.1868911584937829,0.0,0.2616656862713379,0.2655722339643839,0.2000264533449603,0.1528108151715245,0.2248123631191838,0.2475256001915735,0.3151642701870191,0.1556537601130619,0.2653240624040467,0.2933481592556918,0.2558455216809335,0.3104456677349548,0.2970125958603047,0.2163387087097492,0.2830114470850221,0.2031247092675333,0.27561334320892,0.2160435759013467,0.2757653167040468,0.2434081749140594,0.2486926876614157,0.2470737780119409,0.2829152396997091,0.2731994473214196,0.0,0.2612643938839168,0.2932112281480007,0.1770332197434798,0.2322388376531032,0.2499260797357442,0.2865189352938423,0.2367880332804625,0.2689739685440934,0.2534240687003568,0.1905213430495599
0.0,0.3158093944009835,0.0,0.0,0.0,0.0,0.0,0.0,0.0,0.0,0.0,0.0,0.0,0.0,0.3524358094601158,0.3085167460261205,0.0,0.280928261470163,0.0,0.3377008315276418,0.0,0.3322298551283945,0.3600397089170019,0.0,0.280296348051151,0.2999106016833955,0.3562320981918385,0.2503889224088368,0.3606568669585425,0.0,0.0,0.2446279873762735,0.2139920992834906,0.1855520242673819,0.2499013515648489,0.2127310559457273,0.2173125999573593,0.133277607387584,0.286976424059713,0.2660114431674574,0.2616656862713379,0.0,0.3223549513991751,0.2668593963642302,0.1839088715419617,0.2596888325928365,0.273489838346634,0.3155258787958139,0.2223579053327393,0.0,0.2958141623315892,0.2682608243990735,0.3483730609882196,0.2884929003995933,0.2136479282615039,0.276735220876652,0.2045859937494083,0.2916943594948496,0.0,0.2989300944741571,0.2634302642568874,0.2581781342659339,0.2587790268799771,0.2616952274405452,0.3070993371890069,0.0,0.296697068594155,0.2980219209906665,0.264766679864433,0.2521525464414673,0.2798545439784801,0.2848215078120456,0.2595307057888401,0.2861029642764593,0.2617068666007975,0.2226233442924528
