0.0,0.3755982480257719,0.0,0.0,0.0,0.361589942267315,0.0,0.4859895783366015,0.0,0.410498236041299,0.0,0.3915544929441053,0.0,0.0,0.3910979273306991,0.3768941997469293,0.3290940714955889,0.3553898707595593,0.0,0.3697095339885506,0.4131273885673267,0.3552254083181492,0.4462524891021937,0.3371046309092491,0.3405024363166481,0.3582824570803191,0.4257857430681126,0.4254133783800041,0.3324466108452249,0.0,0.3255607054325834,0.4003980199613401,0.2695214730933964,0.3332063082159698,0.4002210631750517,0.0,0.0,0.0,0.4474958085086822,0.3899182291845739,0.3690511916585904,0.0,0.0,0.0,0.0,0.3474512542703881,0.4473425598411703,0.0,0.0,0.0,0.0,0.0,0.0,0.0,0.4342499993658048,0.0,0.0,0.0,0.0,0.0,0.418958713356003,0.0,0.3792513021762739,0.0,0.0,0.4295737547615406,0.4253609540247739,0.0,0.0,0.4084069392919714,0.4422931577439269,0.0,0.0,0.0,0.0,0.0
0.3755982480257719,0.0,0.0,0.0,0.367764434287531,0.3789379975093674,0.3886362484960357,0.4305967712848582,0.3750357268893179,0.0,0.0,0.0,0.3947442305666462,0.0,0.4042137749587225,0.3978804069674629,0.0,0.3973557655856737,0.0,0.4200570859126845,0.3828948063188988,0.3987365286809502,0.4030373143951239,0.0,0.3707833799869466,0.402880125972704,0.3862723309727027,0.407156947260538,0.4030712609969282,0.0,0.349162495357862,0.3998570344322052,0.3327960692887778,0.3607930378005903,0.4200485510989127,0.0,0.0,0.0,0.4453256021621615,0.4421507787172918,0.4262013265629296,0.451248837119863,0.0,0.0,0.0,0.4179463075524613,0.441941649758208,0.0,0.0,0.0,0.0,0.0,0.0,0.0,0.0,0.0,0.0,0.0,0.0,0.481116047586785,0.4224608999200276,0.0,0.4150830723613336,0.0,0.4501867044552946,0.4521399460926831,0.4658709654243647,0.481538404478505,0.0,0.4226211803373121,0.4663451926660192,0.4566367097944143,0.0,0.4281164092093678,0.0,0.4106484314051047
0.0,0.0,0.0,0.0,0.3576820142450864,0.3535215262229772,0.4011601377315346,0.4062267914790519,0.2641839308769679,0.45016003807122,0.2978110553642225,0.0,0.4072474187297598,0.3490599559498607,0.0,0.0,0.0,0.0,0.2478906957514179,0.0,0.0,0.0,0.3046606359939534,0.0,0.0,0.0,0.3218863666684151,0.4119955163675824,0.0,0.0,0.4245231889433705,0.4241235158817064,0.0,0.4219158311557133,0.414458140816592,0.3778140127069996,0.0,0.0,0.5315196305193862,0.0,0.0,0.0,0.5306656405551781,0.0,0.0,0.0,0.0,0.441941093955616,0.0,0.5447936261650848,0.5344812515147268,0.0,0.542658070934648,0.5535261279193907,0.0,0.3968424178453712,0.0,0.0,0.0,0.0,0.0,0.0,0.0,0.3670003152319692,0.0,0.0,0.0,0.5345892393452426,0.0,0.0,0.0,0.5492397150051683,0.0,0.0,0.0,0.0
0.0,0.0,0.0,0.0,0.2413534654648534,0.399403004737287,0.3006448180319703,0.3894285461575305,0.3937090708369503,0.1845971020355582,0.3709360096053702,0.0,0.2882957004201022,0.2961588517341056,0.0,0.0,0.0,0.0,0.0,0.0,0.0,0.0,0.4042631352378173,0.0,0.0,0.0,0.4128459410196737,0.255499824942517,0.0,0.0,0.0,0.3120201010828979,0.0,0.2241698257216459,0.33978576604463,0.2100984077697983,0.196334641113148,0.0,0.0,0.0,0.0,0.0,0.0,0.0,0.0,0.0,0.0,0.0,0.0,0.0,0.0,0.0,0.0,0.0,0.0,0.0,0.0,0.0,0.0,0.0,0.0,0.0,0.0,0.0,0.0,0.0,0.0,0.0,0.0,0.0,0.0,0.0,0.0,0.0,0.0,0.0
0.0,0.367764434287531,0.3576820142450864,0.2413534654648534,0.0,0.336086299641716,0.3177301132800161,0.3753207753306369,0.322661825739754,0.4251938445970012,0.3096240066662574,0.4342006672582348,0.3549599519652023,0.2757971544396029,0.0,0.0,0.0,0.0,0.3410362307091732,0.0,0.0,0.3711368526577415,0.3737810351808813,0.0,0.3874216721527352,0.0,0.3743323397223144,0.3753983473086826,0.3508050942865236,0.0,0.4073805964725061,0.3191734600307513,0.3529845070539782,0.3982965669292479,0.3663829915335782,0.2374410220394606,0.2660121452193136,0.0,0.0,0.0,0.0,0.0,0.520681478185436,0.0,0.0,0.0,0.0,0.546956656249564,0.0,0.0,0.0,0.0,0.5249115464161525,0.5666276072309002,0.0,0.4925442874091157,0.0,0.0,0.0,0.0,0.0,0.0,0.0,0.0,0.0,0.0,0.0,0.5210322071860212,0.0,0.0,0.0,0.5339412060023343,0.0,0.0,0.0,0.0
0.361589942267315,0.3789379975093674,0.3535215262229772,0.399403004737287,0.336086299641716,0.0,0.3630418430418471,0.399003243627041,0.3110617521639276,0.4211087295004941,0.3421995516426176,0.0,0.363967206632214,0.3675914719783446,0.4005671098240653,0.4100373676351232,0.0,0.3982416049434,0.344007597208514,0.4009720928801292,0.3937039983365576,0.4125298614112775,0.3779324823657983,0.0,0.3605193590443037,0.3835994687548538,0.366377356095086,0.3796153310145153,0.3379210224191079,0.412978192420604,0.4076970730789736,0.4030664998371248,0.3626979266271247,0.4057387708394525,0.4138820376728581,0.4321772059169299,0.4154367830915601,0.0,0.534996181295735,0.0,0.5114788156312743,0.0,0.5039114884064848,0.0,0.0,0.0,0.0,0.5364716964239751,0.0,0.0,0.5096081504725686,0.5288555430883533,0.4999085316047946,0.5393833739364828,0.0,0.52488826748511,0.0,0.5282363433734385,0.0,0.4810885260843077,0.0,0.0,0.0,0.5358415233883561,0.4824800591599189,0.5060605643658628,0.4833984433996757,0.5117307503500215,0.0,0.0,0.0,0.5119440088784591,0.5165367118740483,0.4811560431366343,0.0,0.5238750272493958
0.0,0.3886362484960357,0.4011601377315346,0.3006448180319703,0.3177301132800161,0.3630418430418471,0.0,0.4039420034979057,0.3578079184714222,0.4139762304176086,0.4023913733380083,0.3996115608186907,0.3217195864999898,0.3861064795181593,0.0,0.4354243847764996,0.4600290913096134,0.4291706214962346,0.4038596672559265,0.405902154516734,0.0,0.4281113055336205,0.3971556603637542,0.4353333989908954,0.4002003684638532,0.4151266727800691,0.4007826409468291,0.3526095904690632,0.3925570224067429,0.0,0.3983760813211047,0.3831648442735773,0.369145135858673,0.3880177277313574,0.3649568054376077,0.3213300359262371,0.3155388756525528,0.3164934123868634,0.0,0.0,0.0,0.0,0.0,0.0,0.0,0.0,0.0,0.0,0.0,0.0,0.5347519167409306,0.0,0.0,0.0,0.0,0.0,0.0,0.0,0.0,0.0,0.0,0.0,0.0,0.0,0.0,0.0,0.0,0.5116577226785725,0.0,0.0,0.0,0.5165650876538223,0.0,0.0,0.0,0.0
0.4859895783366015,0.4305967712848582,0.4062267914790519,0.3894285461575305,0.3753207753306369,0.399003243627041,0.4039420034979057,0.0,0.4453884539935139,0.4609337644847981,0.3190658549847289,0.0,0.4171229605419341,0.305035374398577,0.4018932921825294,0.4463570424597811,0.0,0.4446159471948009,0.4005699066662391,0.4314314577813732,0.4094500406845658,0.4547723528821595,0.3472073312148564,0.4867798549871647,0.4235053313076801,0.4672053988213404,0.4307718759831277,0.4212037392688768,0.3714399533139987,0.40736886698259,0.4239523737782586,0.4065415650928587,0.4062536249971746,0.4121840365569683,0.4392831340706442,0.3121357117680711,0.4426042538944323,0.0,0.4692498722715222,0.0,0.5030436044346561,0.0,0.4662031653275443,0.0,0.0,0.0,0.0,0.5363989829378921,0.0,0.0,0.4867693887369566,0.5292256563269202,0.4447289657464911,0.5327983599464607,0.0,0.510847205913348,0.0,0.5016223190141809,0.4675297593010677,0.4877374002915667,0.0,0.0,0.0,0.5146566065359812,0.4780318740471788,0.4432705465554594,0.0,0.4860670593093615,0.0,0.0,0.0,0.4979322987087639,0.4915607761346928,0.4859016119211897,0.0,0.5448639242139299
0.0,0.3750357268893179,0.2641839308769679,0.3937090708369503,0.322661825739754,0.3110617521639276,0.3578079184714222,0.4453884539935139,0.0,0.4264698213715382,0.2850050669958007,0.4332996887115771,0.349382636704906,0.3861744356815614,0.0,0.4057187736722313,0.0,0.0,0.2402822086451959,0.373678670492947,0.0,0.3973542547586822,0.382998911457748,0.0,0.0,0.0,0.3380293811458744,0.4045302233600324,0.3650125840011575,0.3974677541429525,0.4022258510349475,0.4128042699872229,0.4002267132361284,0.4056144851251415,0.4120748192549656,0.3943654014905249,0.4125120934147647,0.4148650996142051,0.5212880420885985,0.0,0.0,0.0,0.5230403579764854,0.0,0.0,0.0,0.0,0.5503732438238954,0.0,0.0,0.5229887122289679,0.0,0.5466767167609136,0.5592237651574293,0.0,0.5255850881569021,0.0,0.0,0.0,0.0,0.0,0.0,0.0,0.5328537318637917,0.0,0.0,0.0,0.5433176592341503,0.0,0.0,0.0,0.5310715165985511,0.0,0.0,0.0,0.0
0.410498236041299,0.0,0.45016003807122,0.1845971020355582,0.4251938445970012,0.4211087295004941,0.4139762304176086,0.4609337644847981,0.4264698213715382,0.0,0.431481546192267,0.2971750785094564,0.4027699070072899,0.2470001764718019,0.0,0.3806303943989308,0.3217730557810052,0.3464508863301108,0.4368182302556299,0.0,0.0,0.0,0.4327549482053345,0.3026583234972927,0.3348029172879858,0.3442576310545737,0.4370076777798864,0.3718287248572927,0.0,0.0,0.3285153285914992,0.3275493468326046,0.2975583088429428,0.3216158610261876,0.3104824860326766,0.3279735914896601,0.2383864876279316,0.2717051086761402,0.2821775144713765,0.3356206388801167,0.3412075953664338,0.0,0.0,0.0,0.3176748962251482,0.0,0.0,0.0,0.0,0.0,0.0,0.0,0.0,0.0,0.4114994695861527,0.0,0.4291203046663739,0.0,0.0,0.0,0.0,0.4134444121127961,0.3716174807380877,0.0,0.0,0.0,0.0,0.0,0.4422498077647775,0.3895780788153394,0.4371256070708925,0.0,0.0,0.0,0.0,0.4596146324407291
0.0,0.0,0.2978110553642225,0.3709360096053702,0.3096240066662574,0.3421995516426176,0.4023913733380083,0.3190658549847289,0.2850050669958007,0.431481546192267,0.0,0.4223561989400191,0.4085345198578226,0.3196465140750391,0.0,0.0,0.0,0.0,0.2570739464801307,0.0,0.0,0.0,0.2435440990535787,0.0,0.0,0.0,0.3734532080545128,0.4079218920805737,0.0,0.0,0.4142702946824885,0.3940557813297064,0.3924199153371552,0.4154579122326564,0.4069282181174912,0.3322149685899946,0.3957398517595363,0.3958171135958447,0.5025039405100347,0.0,0.0,0.0,0.4806611437188978,0.0,0.0,0.0,0.0,0.4289140845972761,0.0,0.3675092931636883,0.5307525368426026,0.5105545752107093,0.5088212053754079,0.4495971728196634,0.0,0.324028156984875,0.0,0.4891518211691336,0.4205070797187514,0.0,0.0,0.0,0.0,0.3032484357628654,0.0,0.0,0.0,0.5121409174441356,0.0,0.0,0.0,0.5258629121851811,0.0,0.0,0.0,0.0
0.3915544929441053,0.0,0.0,0.0,0.4342006672582348,0.0,0.3996115608186907,0.0,0.4332996887115771,0.2971750785094564,0.4223561989400191,0.0,0.388560088119067,0.0,0.0,0.0,0.358126537773021,0.3577597612055593,0.0,0.0,0.0,0.0,0.0,0.2858803848441131,0.3515186194462329,0.2868135674496809,0.0,0.3453043608482944,0.0,0.0,0.3386564886411208,0.2914123072878415,0.2886104120341864,0.2460252383962448,0.2527193426825186,0.333074755895541,0.270212943501334,0.2365432827944925,0.0,0.3450517056443094,0.3797267975847533,0.0,0.0,0.0,0.333292159401957,0.0,0.0,0.0,0.0,0.0,0.0,0.0,0.0,0.0,0.4150352386558298,0.0,0.4270333098751772,0.0,0.0,0.0,0.0,0.4139383034616,0.3719850190148139,0.0,0.0,0.0,0.0,0.0,0.4282723931199363,0.4034458077819109,0.4400147373475268,0.0,0.0,0.0,0.0,0.320987448579109
0.0,0.3947442305666462,0.4072474187297598,0.2882957004201022,0.3549599519652023,0.363967206632214,0.3217195864999898,0.4171229605419341,0.349382636704906,0.4027699070072899,0.4085345198578226,0.388560088119067,0.0,0.3578712409878883,0.4157940248445782,0.4409841938930734,0.4218940134866666,0.4286667859912822,0.4052402987960845,0.4183063007293485,0.439384501951254,0.4414888401281708,0.4050729983638247,0.3968868030585673,0.3972475735136806,0.4067369645377659,0.40997903916482,0.3149647732528116,0.3900976116379172,0.400365873001949,0.3924207552390103,0.3896748485459342,0.3574094971674167,0.3896479531979658,0.3822936658282613,0.3205432802514245,0.3115015964346448,0.3413500786633889,0.4658414540090648,0.0,0.0,0.0,0.5533418188819901,0.0,0.0,0.0,0.0,0.5625813663798903,0.0,0.0,0.5180684971209507,0.0,0.4964852120378111,0.0,0.0,0.0,0.0,0.0,0.0,0.0,0.0,0.0,0.0,0.0,0.0,0.0,0.0,0.5139306418980748,0.0,0.0,0.0,0.5064973376118646,0.0,0.0,0.0,0.0
0.0,0.0,0.3490599559498607,0.2961588517341056,0.2757971544396029,0.3675914719783446,0.3861064795181593,0.305035374398577,0.3861744356815614,0.2470001764718019,0.3196465140750391,0.0,0.3578712409878883,0.0,0.0,0.0,0.0,0.0,0.3524575387044203,0.0,0.4052039223821324,0.0,0.3406778513474892,0.0,0.0,0.0,0.4039271019888669,0.2910861716291618,0.0,0.0,0.3830971425606313,0.2702672954542277,0.0,0.3686614062804035,0.0,0.242333854328294,0.204764812949175,0.0,0.0,0.0,0.0,0.0,0.0,0.0,0.0,0.0,0.0,0.0,0.0,0.0,0.0,0.0,0.0,0.5156956995949148,0.0,0.0,0.0,0.0,0.0,0.0,0.0,0.0,0.0,0.0,0.0,0.0,0.0,0.4810042019052053,0.0,0.0,0.0,0.0,0.0,0.0,0.0,0.0
0.3910979273306991,0.4042137749587225,0.0,0.0,0.0,0.4005671098240653,0.0,0.4018932921825294,0.0,0.0,0.0,0.0,0.4157940248445782,0.0,0.0,0.4007364576713287,0.0,0.3872280647180171,0.0,0.3598999050549191,0.3961704319750311,0.3856196417831272,0.3981302533903764,0.4711657633343174,0.3767848495525126,0.4005969670775343,0.4150265547321592,0.4065008384293235,0.4008962023959895,0.0,0.3749249391412184,0.4134506166164459,0.3606442557845312,0.406345855201944,0.4452208099523805,0.4587663566291028,0.0,0.0,0.4822816357138323,0.5073879876554143,0.4841058648506208,0.5035830219044921,0.0,0.0,0.0,0.0,0.4704780685359463,0.0,0.0,0.0,0.4738606318633591,0.0,0.4487864748328025,0.0,0.0,0.0,0.0,0.0,0.0,0.4940724139105301,0.0,0.0,0.0,0.0,0.4905757165053697,0.4690864585099789,0.5094769088230731,0.4895897192572598,0.0,0.0,0.5050809684842055,0.4857093785285797,0.0,0.476568999834455,0.0,0.0
0.3768941997469293,0.3978804069674629,0.0,0.0,0.0,0.4100373676351232,0.4354243847764996,0.4463570424597811,0.4057187736722313,0.3806303943989308,0.0,0.0,0.4409841938930734,0.0,0.4007364576713287,0.0,0.3735858406332458,0.3324328223769018,0.0,0.418625677064454,0.3885840496936125,0.375180355723294,0.4224155312973637,0.357329403582084,0.3797575594086059,0.4090825949680191,0.405039070613577,0.4431385426961581,0.4264465948061575,0.4367157015751479,0.3445415564428997,0.4314436061456548,0.3771069691567207,0.3690976138028789,0.4322102376670215,0.0,0.0,0.0,0.4382576475436308,0.4261828643498923,0.4053637397555063,0.4408286306376497,0.0,0.0,0.0,0.3953659148930647,0.441323784966071,0.0,0.0,0.0,0.0,0.0,0.0,0.0,0.0,0.0,0.0,0.0,0.0,0.4716387649470242,0.4125768487390604,0.0,0.3651496977556595,0.0,0.4554824525658639,0.4601282203921892,0.446798385466794,0.0,0.0,0.4008156665660084,0.4545597316204222,0.0,0.0,0.0,0.0,0.4062320196876096
0.3290940714955889,0.0,0.0,0.0,0.0,0.0,0.4600290913096134,0.0,0.0,0.3217730557810052,0.0,0.358126537773021,0.4218940134866666,0.0,0.0,0.3735858406332458,0.0,0.3185281457167576,0.0,0.4182223711441225,0.0,0.3598966957993935,0.0,0.3762689386371516,0.3272614837315256,0.3629594932737996,0.0,0.4044893390148619,0.0,0.0,0.3551141345859159,0.4246108567618088,0.3513759408679903,0.3678144565556471,0.3847512492945872,0.0,0.0,0.3352658632231395,0.0,0.3975083300181261,0.0,0.0,0.0,0.0,0.0,0.0,0.0,0.0,0.0,0.0,0.0,0.0,0.0,0.0,0.4408395707151447,0.0,0.4503961101598193,0.0,0.0,0.0,0.0,0.4303911724975681,0.3973645154904736,0.0,0.0,0.0,0.0,0.0,0.4760742225939353,0.4047641119468101,0.4528779284705371,0.0,0.0,0.0,0.0,0.0
0.3553898707595593,0.3973557655856737,0.0,0.0,0.0,0.3982416049434,0.4291706214962346,0.4446159471948009,0.0,0.3464508863301108,0.0,0.3577597612055593,0.4286667859912822,0.0,0.3872280647180171,0.3324328223769018,0.3185281457167576,0.0,0.0,0.4181582266786719,0.3757149786282517,0.3942758857342526,0.4038534842419114,0.3583058244246986,0.3361073458306431,0.3779130737065056,0.3973974722252541,0.424876339285854,0.4026688440246041,0.0,0.3668796019915146,0.4194767660636914,0.3449346622276993,0.3661025266544382,0.3967458891009773,0.0,0.0,0.0,0.4115919731087193,0.3837867800977168,0.381691380505655,0.4014084240368028,0.0,0.0,0.0,0.4002668655428862,0.4294879185963082,0.0,0.0,0.0,0.0,0.0,0.0,0.0,0.4202619272282455,0.0,0.4339222656223024,0.0,0.0,0.0,0.3974800724433105,0.4153447420368213,0.3883653574814457,0.0,0.0,0.0,0.4216000562371652,0.0,0.4381116638630248,0.3955935743901792,0.4315315901916313,0.0,0.0,0.0,0.0,0.3939265729309921
0.0,0.0,0.2478906957514179,0.0,0.3410362307091732,0.344007597208514,0.4038596672559265,0.4005699066662391,0.2402822086451959,0.4368182302556299,0.2570739464801307,0.0,0.4052402987960845,0.3524575387044203,0.0,0.0,0.0,0.0,0.0,0.0,0.0,0.0,0.2874251151443029,0.0,0.0,0.0,0.3659879490670406,0.399189661468431,0.0,0.0,0.4260292556077044,0.406882842785935,0.0,0.4202900605993001,0.4115674884476383,0.3575179384378478,0.3999896055895906,0.0,0.5234958278590048,0.0,0.0,0.0,0.5273259956162332,0.0,0.0,0.0,0.0,0.4812358961627492,0.0,0.0,0.5672085722914545,0.0,0.5307722487254956,0.5336260056050613,0.0,0.4755761968045395,0.0,0.0,0.0,0.0,0.0,0.0,0.0,0.5220547877961281,0.0,0.0,0.0,0.536354527543403,0.0,0.0,0.0,0.5355057589662751,0.0,0.0,0.0,0.0
0.3697095339885506,0.4200570859126845,0.0,0.0,0.0,0.4009720928801292,0.405902154516734,0.4314314577813732,0.373678670492947,0.0,0.0,0.0,0.4183063007293485,0.0,0.3598999050549191,0.418625677064454,0.4182223711441225,0.4181582266786719,0.0,0.0,0.4216768493403752,0.3894156951033583,0.3938751837839197,0.0,0.3992534014060736,0.4209350401077598,0.3838188136130544,0.3982956145237965,0.3388572991191234,0.3594222083692243,0.3784058641099279,0.4287928154893041,0.3561496585029565,0.4294837266893233,0.4600877639001611,0.5053711656066537,0.4579512432833165,0.0,0.4796210650964536,0.5016382763648514,0.4836702237539892,0.4825287348094941,0.0,0.0,0.0,0.0,0.4483421463233306,0.0,0.0,0.0,0.4860200357382423,0.0,0.4771608357753982,0.0,0.0,0.0,0.0,0.0,0.0,0.4854293435531016,0.0,0.0,0.0,0.0,0.4831220607427089,0.4786689020494999,0.4891198278638339,0.4901527232052799,0.0,0.0,0.4863485771524512,0.4902375076064623,0.493612676362191,0.4781821915889122,0.0,0.482265674168677
0.4131273885673267,0.3828948063188988,0.0,0.0,0.0,0.3937039983365576,0.0,0.4094500406845658,0.0,0.0,0.0,0.0,0.439384501951254,0.4052039223821324,0.3961704319750311,0.3885840496936125,0.0,0.3757149786282517,0.0,0.4216768493403752,0.0,0.4194209916744333,0.3865898676844002,0.4556223871841008,0.3640501771439885,0.4044661872037255,0.4325231013083627,0.4322693371416354,0.4055229182121316,0.4219344730455203,0.3185090166007755,0.4079921369145441,0.333305060898022,0.3732374985121176,0.4395955947779941,0.0,0.0,0.0,0.4835874843183253,0.4250643460443541,0.0,0.0,0.0,0.0,0.0,0.4401499698754917,0.4644416287184718,0.0,0.0,0.0,0.4574338730590961,0.0,0.4028770094486686,0.0,0.0,0.0,0.0,0.0,0.0,0.4705684147586007,0.427099130011249,0.0,0.0,0.0,0.4692670100019873,0.4116320509106155,0.4947730705433739,0.4691530455857322,0.0,0.4499933857042505,0.4817338646476111,0.4689577291211458,0.5001001949477251,0.5108539560456371,0.0,0.0
0.3552254083181492,0.3987365286809502,0.0,0.0,0.3711368526577415,0.4125298614112775,0.4281113055336205,0.4547723528821595,0.3973542547586822,0.0,0.0,0.0,0.4414888401281708,0.0,0.3856196417831272,0.375180355723294,0.3598966957993935,0.3942758857342526,0.0,0.3894156951033583,0.4194209916744333,0.0,0.4434355313123945,0.0,0.390459612769754,0.3938454071999639,0.4221158797058907,0.4353403978693793,0.3970599834032852,0.4009957982045333,0.37692673057534,0.4198725712686836,0.3816427316240114,0.4137412512030352,0.4548109310994303,0.5042270365581636,0.4672355673015244,0.0,0.4627789518717356,0.4695223441997388,0.4628716755497342,0.474711450770958,0.0,0.0,0.0,0.4712383588401139,0.4442236873873733,0.0,0.0,0.0,0.4617833561547169,0.0,0.0,0.0,0.0,0.0,0.0,0.0,0.0,0.4895104691179431,0.4361876998703619,0.0,0.0,0.0,0.4760078208718939,0.475366178071416,0.4869129667322894,0.480511943491219,0.0,0.0,0.4800384311840831,0.4690293783369621,0.0,0.4598442617819093,0.0,0.0
0.4462524891021937,0.4030373143951239,0.3046606359939534,0.4042631352378173,0.3737810351808813,0.3779324823657983,0.3971556603637542,0.3472073312148564,0.382998911457748,0.4327549482053345,0.2435440990535787,0.0,0.4050729983638247,0.3406778513474892,0.3981302533903764,0.4224155312973637,0.0,0.4038534842419114,0.2874251151443029,0.3938751837839197,0.3865898676844002,0.4434355313123945,0.0,0.4671470107152677,0.3955293526795138,0.4372997652695441,0.3493501344449909,0.40942361052754,0.3856086834637174,0.4003323211898132,0.4152806291646689,0.4050106483034507,0.3540020305008909,0.4209138480943483,0.4385346398340896,0.4056761042132961,0.4166007352352862,0.0,0.5046811175864166,0.4583235945741011,0.5192561276363595,0.5144479640130208,0.5167268865531088,0.0,0.0,0.0,0.4743529293575307,0.5334998757869349,0.0,0.536603508272178,0.5108525368895539,0.5300755764626857,0.4640956927776863,0.5427396395175467,0.0,0.5213182013419675,0.0,0.5093772459503797,0.4916725745005091,0.4939671159315116,0.0,0.0,0.0,0.5154059027505329,0.5042559576505399,0.475050484195291,0.4908638694090328,0.4724637315401838,0.0,0.0,0.4864033986340352,0.514540420871114,0.5113921776223619,0.5031926584988919,0.5101752693719142,0.5168109181851839
0.3371046309092491,0.0,0.0,0.0,0.0,0.0,0.4353333989908954,0.4867798549871647,0.0,0.3026583234972927,0.0,0.2858803848441131,0.3968868030585673,0.0,0.4711657633343174,0.357329403582084,0.3762689386371516,0.3583058244246986,0.0,0.0,0.4556223871841008,0.0,0.4671470107152677,0.0,0.3473732278491489,0.3325031682765203,0.5019532114363079,0.3667935767783369,0.0,0.0,0.3363378602331024,0.3295110438499842,0.2489974295272365,0.2564149610024182,0.2531756084411654,0.3657086724830598,0.0,0.2563147581318808,0.4601891351911118,0.348344068494127,0.3339789001931488,0.0,0.0,0.0,0.3273506930823808,0.3790789882910771,0.0,0.0,0.0,0.0,0.0,0.0,0.0,0.0,0.403670773621973,0.0,0.4141176490387657,0.0,0.0,0.0,0.0,0.4162789343494605,0.4082004639186171,0.0,0.0,0.0,0.0,0.0,0.4136852759558891,0.4080693683731468,0.441296229692081,0.0,0.0,0.0,0.0,0.0
0.3405024363166481,0.3707833799869466,0.0,0.0,0.3874216721527352,0.3605193590443037,0.4002003684638532,0.4235053313076801,0.0,0.3348029172879858,0.0,0.3515186194462329,0.3972475735136806,0.0,0.3767848495525126,0.3797575594086059,0.3272614837315256,0.3361073458306431,0.0,0.3992534014060736,0.3640501771439885,0.390459612769754,0.3955293526795138,0.3473732278491489,0.0,0.3611756889235887,0.3536224427568247,0.4030384624180192,0.3659643720148663,0.0,0.3550221677619959,0.4026093205176262,0.3083686787190359,0.3455673481869777,0.3717416728830383,0.0,0.0,0.3251970962374212,0.4252295257124917,0.3862750654993654,0.3794567485796614,0.4005055053759108,0.0,0.0,0.0,0.3951643743940077,0.431373168588738,0.0,0.0,0.0,0.0,0.0,0.0,0.0,0.4237654881897552,0.0,0.4414031706761147,0.0,0.0,0.0,0.4035338942202004,0.4125360035934561,0.3917458233076848,0.0,0.421114458883232,0.4339409869688828,0.4145849108944578,0.0,0.4390002233373469,0.4000483696067353,0.4312507221444248,0.0,0.0,0.0,0.0,0.3953326848559479
0.3582824570803191,0.402880125972704,0.0,0.0,0.0,0.3835994687548538,0.4151266727800691,0.4672053988213404,0.0,0.3442576310545737,0.0,0.2868135674496809,0.4067369645377659,0.0,0.4005969670775343,0.4090825949680191,0.3629594932737996,0.3779130737065056,0.0,0.4209350401077598,0.4044661872037255,0.3938454071999639,0.4372997652695441,0.3325031682765203,0.3611756889235887,0.0,0.4161148434921404,0.3963642687334113,0.3767445533313719,0.0,0.3685906936120751,0.4238058324628142,0.3320811811881487,0.365374715557956,0.4154265947319598,0.4110280053758097,0.0,0.3226725637025942,0.4446440549606872,0.3974558920688679,0.4226622156204015,0.4285316163765431,0.0,0.0,0.2942557645821811,0.4197502855031096,0.4600173324701432,0.0,0.0,0.0,0.0,0.0,0.0,0.0,0.4431930800652163,0.0,0.4514938595546354,0.0,0.0,0.4900815702258085,0.4277389120796643,0.4340500893143429,0.4123764793993421,0.0,0.4641288873895902,0.4511674188836368,0.469700252461973,0.4740968890121454,0.443304064512522,0.4170295945734201,0.4551317538475729,0.4553425110377166,0.0,0.0,0.0,0.4160276195600199
0.4257857430681126,0.3862723309727027,0.3218863666684151,0.4128459410196737,0.3743323397223144,0.366377356095086,0.4007826409468291,0.4307718759831277,0.3380293811458744,0.4370076777798864,0.3734532080545128,0.0,0.40997903916482,0.4039271019888669,0.4150265547321592,0.405039070613577,0.0,0.3973974722252541,0.3659879490670406,0.3838188136130544,0.4325231013083627,0.4221158797058907,0.3493501344449909,0.5019532114363079,0.3536224427568247,0.4161148434921404,0.0,0.4128595295873948,0.3693549627768637,0.3931421582158018,0.4008153219819843,0.4108979087389074,0.3465925415590477,0.4159927466131766,0.4298747978250819,0.4378221221129434,0.4247133003889528,0.0,0.5201722681615228,0.0,0.4969409920208815,0.5090074041614241,0.5494003210076085,0.0,0.0,0.0,0.4793458306940192,0.5485812177657999,0.0,0.0,0.5109080656431936,0.5384936338789292,0.5159523651358504,0.5429068895274635,0.0,0.541254180948322,0.0,0.514620615526725,0.5262528341611883,0.4931842371080416,0.0,0.0,0.0,0.5484308251541636,0.5005257335467969,0.4890123216228827,0.4841700251994756,0.5146233860304514,0.0,0.0,0.4813597556415183,0.5112670600209637,0.5072172685969798,0.496332383585986,0.5164616009659598,0.512939441869195
0.4254133783800041,0.407156947260538,0.4119955163675824,0.255499824942517,0.3753983473086826,0.3796153310145153,0.3526095904690632,0.4212037392688768,0.4045302233600324,0.3718287248572927,0.4079218920805737,0.3453043608482944,0.3149647732528116,0.2910861716291618,0.4065008384293235,0.4431385426961581,0.4044893390148619,0.424876339285854,0.399189661468431,0.3982956145237965,0.4322693371416354,0.4353403978693793,0.40942361052754,0.3667935767783369,0.4030384624180192,0.3963642687334113,0.4128595295873948,0.0,0.3581774769462673,0.3450397978346218,0.3752021224657768,0.3809499279778887,0.3610818430249277,0.361294214998766,0.3433916591710081,0.2890663523718986,0.2656241326608048,0.2858952460481962,0.3716450011244252,0.0,0.5053266163077409,0.3577718461447116,0.5225537010541383,0.0,0.0,0.0,0.0,0.0,0.0,0.0,0.4986046764212434,0.0,0.4656880688762494,0.0,0.0,0.0,0.0,0.0,0.0,0.5099814833638413,0.0,0.0,0.0,0.0,0.4934793937198618,0.480400596839092,0.0,0.5071230232670126,0.0,0.0,0.0,0.5064241472857209,0.5165776143096685,0.4937643140668828,0.0,0.5296241683850627
0.3324466108452249,0.4030712609969282,0.0,0.0,0.3508050942865236,0.3379210224191079,0.3925570224067429,0.3714399533139987,0.3650125840011575,0.0,0.0,0.0,0.3900976116379172,0.0,0.4008962023959895,0.4264465948061575,0.0,0.4026688440246041,0.0,0.3388572991191234,0.4055229182121316,0.3970599834032852,0.3856086834637174,0.0,0.3659643720148663,0.3767445533313719,0.3693549627768637,0.3581774769462673,0.0,0.3462584676744706,0.3627903229920476,0.4047731902621397,0.3165924883102656,0.4061743778385367,0.4387629225903598,0.4818805729690655,0.0,0.0,0.4725151340224921,0.0,0.493439382641789,0.5153297992386405,0.0,0.0,0.0,0.0,0.0,0.0,0.0,0.0,0.4865934704384563,0.0,0.4652988124942886,0.0,0.0,0.0,0.0,0.5311738498886817,0.0,0.4709176425626653,0.0,0.0,0.0,0.0,0.4766356431332096,0.4547359719081027,0.4676384234417174,0.4923163753982318,0.0,0.0,0.4725989153026363,0.4868750098127348,0.4934226564317298,0.4730177513017624,0.0,0.4999747983715836
0.0,0.0,0.0,0.0,0.0,0.412978192420604,0.0,0.40736886698259,0.3974677541429525,0.0,0.0,0.0,0.400365873001949,0.0,0.0,0.4367157015751479,0.0,0.0,0.0,0.3594222083692243,0.4219344730455203,0.4009957982045333,0.4003323211898132,0.0,0.0,0.0,0.3931421582158018,0.3450397978346218,0.3462584676744706,0.0,0.3487890806946026,0.3820766796298425,0.0,0.358804333857228,0.0,0.0,0.0,0.0,0.0,0.0,0.0,0.0,0.0,0.0,0.0,0.0,0.0,0.0,0.0,0.0,0.0,0.0,0.0,0.0,0.0,0.0,0.0,0.0,0.0,0.0,0.0,0.0,0.0,0.0,0.4949665302213984,0.0,0.0,0.5045409949703894,0.0,0.0,0.0,0.5048198322869725,0.0,0.0,0.0,0.0
0.3255607054325834,0.349162495357862,0.4245231889433705,0.0,0.4073805964725061,0.4076970730789736,0.3983760813211047,0.4239523737782586,0.4022258510349475,0.3285153285914992,0.4142702946824885,0.3386564886411208,0.3924207552390103,0.3830971425606313,0.3749249391412184,0.3445415564428997,0.3551141345859159,0.3668796019915146,0.4260292556077044,0.3784058641099279,0.3185090166007755,0.37692673057534,0.4152806291646689,0.3363378602331024,0.3550221677619959,0.3685906936120751,0.4008153219819843,0.3752021224657768,0.3627903229920476,0.3487890806946026,0.0,0.3890582073279822,0.3226479687458868,0.2685473370602427,0.2779568507359471,0.4634079567500855,0.404030179067774,0.2816502426522318,0.4336232713337664,0.3545124747679586,0.4039470567875483,0.0,0.0,0.0,0.0,0.3839103770112486,0.4086064336474783,0.0,0.0,0.0,0.5118197925715877,0.0,0.4855092532613907,0.0,0.0,0.0,0.4173039479501533,0.0,0.0,0.4795660347223998,0.3649371261704901,0.0,0.3760866441047706,0.0,0.4920396799150703,0.4461039790529524,0.4543187792572259,0.5209837685810135,0.0,0.382797628295337,0.4146329695466707,0.5093305317477238,0.542626136955396,0.4919676365260153,0.0,0.5579409418348273
0.4003980199613401,0.3998570344322052,0.4241235158817064,0.3120201010828979,0.3191734600307513,0.4030664998371248,0.3831648442735773,0.4065415650928587,0.4128042699872229,0.3275493468326046,0.3940557813297064,0.2914123072878415,0.3896748485459342,0.2702672954542277,0.4134506166164459,0.4314436061456548,0.4246108567618088,0.4194767660636914,0.406882842785935,0.4287928154893041,0.4079921369145441,0.4198725712686836,0.4050106483034507,0.3295110438499842,0.4026093205176262,0.4238058324628142,0.4108979087389074,0.3809499279778887,0.4047731902621397,0.3820766796298425,0.3890582073279822,0.0,0.3660929730832206,0.3794756039330658,0.3876807661622234,0.2864861310195195,0.3251822814334026,0.2570712936758855,0.3103335093265331,0.3254682525254998,0.3325931212905355,0.3495402505042522,0.3100020190586584,0.2870685711677469,0.3048553371426797,0.43585575154954,0.454151305601026,0.5510051227339915,0.0,0.0,0.4964597653498356,0.0,0.4677694825460823,0.5358508151004608,0.0,0.5060999447688791,0.2604785117373726,0.509075792808142,0.0,0.4827296729618569,0.4313845288827982,0.0,0.4051819586364115,0.5407605139843794,0.492125956032408,0.4725481909308705,0.4857681954904377,0.5140955669281161,0.1875113685326998,0.4246887934337032,0.4634630208431708,0.5121872081101727,0.3730398200786479,0.4936925216657312,0.0,0.5170602164749153
0.2695214730933964,0.3327960692887778,0.0,0.0,0.3529845070539782,0.3626979266271247,0.369145135858673,0.4062536249971746,0.4002267132361284,0.2975583088429428,0.3924199153371552,0.2886104120341864,0.3574094971674167,0.0,0.3606442557845312,0.3771069691567207,0.3513759408679903,0.3449346622276993,0.0,0.3561496585029565,0.333305060898022,0.3816427316240114,0.3540020305008909,0.2489974295272365,0.3083686787190359,0.3320811811881487,0.3465925415590477,0.3610818430249277,0.3165924883102656,0.0,0.3226479687458868,0.3660929730832206,0.0,0.2763155703830129,0.405259365770759,0.3974635980610474,0.2521788558886683,0.1976572286826544,0.2971232679404122,0.2507180801597137,0.2324816614683545,0.3057657171271681,0.0,0.0,0.2273948043509531,0.3721772320015533,0.4307832694460419,0.0,0.0,0.0,0.0,0.0,0.0,0.0,0.3574925660539474,0.0,0.3914056026614539,0.0,0.0,0.4937567198489674,0.3941059579158455,0.3673382518685484,0.3716607549772582,0.0,0.4707063581695016,0.0,0.4605463164967772,0.4632499752935846,0.408416109411337,0.3779890089485638,0.4195341454351181,0.396035891077624,0.0,0.0,0.0,0.0
0.3332063082159698,0.3607930378005903,0.4219158311557133,0.2241698257216459,0.3982965669292479,0.4057387708394525,0.3880177277313574,0.4121840365569683,0.4056144851251415,0.3216158610261876,0.4154579122326564,0.2460252383962448,0.3896479531979658,0.3686614062804035,0.406345855201944,0.3690976138028789,0.3678144565556471,0.3661025266544382,0.4202900605993001,0.4294837266893233,0.3732374985121176,0.4137412512030352,0.4209138480943483,0.2564149610024182,0.3455673481869777,0.365374715557956,0.4159927466131766,0.361294214998766,0.4061743778385367,0.358804333857228,0.2685473370602427,0.3794756039330658,0.2763155703830129,0.0,0.306089482990978,0.3897853753156379,0.3435993844179784,0.1946246677532266,0.2379207970072021,0.1972614699481524,0.2435219774592052,0.2651287031366155,0.0,0.0,0.1994556868549665,0.3833549077539405,0.4270732113219844,0.0,0.0,0.0,0.4627657731845681,0.0,0.4668055426975929,0.0,0.360948773380063,0.0,0.3334296187325079,0.0,0.0,0.485975064235085,0.3901827860381845,0.0,0.3840373540556876,0.0,0.5122124629573741,0.4732144755221905,0.4822688573515933,0.5227662233371296,0.0,0.3823246001177771,0.4405875421774257,0.4605163528435829,0.0,0.4945156383973009,0.0,0.0
0.4002210631750517,0.4200485510989127,0.414458140816592,0.33978576604463,0.3663829915335782,0.4138820376728581,0.3649568054376077,0.4392831340706442,0.4120748192549656,0.3104824860326766,0.4069282181174912,0.2527193426825186,0.3822936658282613,0.0,0.4452208099523805,0.4322102376670215,0.3847512492945872,0.3967458891009773,0.4115674884476383,0.4600877639001611,0.4395955947779941,0.4548109310994303,0.4385346398340896,0.2531756084411654,0.3717416728830383,0.4154265947319598,0.4298747978250819,0.3433916591710081,0.4387629225903598,0.0,0.2779568507359471,0.3876807661622234,0.405259365770759,0.306089482990978,0.0,0.4329118857334204,0.4525723343571547,0.2357903815013724,0.3180936965438222,0.3133016295622108,0.3035138968277305,0.3570751734672556,0.3416918823641812,0.3464773657936894,0.2997932188491435,0.0,0.4525180377673433,0.0,0.0,0.0,0.0,0.0,0.0,0.0,0.0,0.0,0.0,0.0,0.0,0.5051277253357458,0.4181125799138421,0.0,0.4044695738191947,0.0,0.5015186714171098,0.496050939639125,0.5043705956123875,0.5107493829983248,0.0,0.4072831532660937,0.4669537703939665,0.4572756831688343,0.0,0.5351600704309656,0.0,0.0
0.0,0.0,0.3778140127069996,0.2100984077697983,0.2374410220394606,0.4321772059169299,0.3213300359262371,0.3121357117680711,0.3943654014905249,0.3279735914896601,0.3322149685899946,0.333074755895541,0.3205432802514245,0.242333854328294,0.4587663566291028,0.0,0.0,0.0,0.3575179384378478,0.5053711656066537,0.0,0.5042270365581636,0.4056761042132961,0.3657086724830598,0.0,0.4110280053758097,0.4378221221129434,0.2890663523718986,0.4818805729690655,0.0,0.4634079567500855,0.2864861310195195,0.3974635980610474,0.3897853753156379,0.4329118857334204,0.0,0.2320269517431865,0.2929270499562286,0.3125288715131179,0.2338935602645269,0.3041778726442439,0.3039638570501342,0.3731474875947013,0.2940355334813833,0.0,0.0,0.0,0.5185834191051746,0.0,0.0,0.458719562998068,0.4978265470692979,0.4745740718685304,0.5067292202822422,0.0,0.4612985894096217,0.0,0.5088703873184857,0.3216289415456443,0.0,0.0,0.0,0.0,0.4815339672456897,0.0,0.0,0.0,0.4892960785050281,0.0,0.0,0.0,0.4861958845771272,0.4860740225693833,0.4537232519364514,0.0,0.0
0.0,0.0,0.0,0.196334641113148,0.2660121452193136,0.4154367830915601,0.3155388756525528,0.4426042538944323,0.4125120934147647,0.2383864876279316,0.3957398517595363,0.270212943501334,0.3115015964346448,0.204764812949175,0.0,0.0,0.0,0.0,0.3999896055895906,0.4579512432833165,0.0,0.4672355673015244,0.4166007352352862,0.0,0.0,0.0,0.4247133003889528,0.2656241326608048,0.0,0.0,0.404030179067774,0.3251822814334026,0.2521788558886683,0.3435993844179784,0.4525723343571547,0.2320269517431865,0.0,0.2402921275053146,0.267872517011407,0.0,0.2498053122057812,0.310510262711637,0.0,0.0,0.0,0.0,0.0,0.0,0.0,0.0,0.0,0.0,0.0,0.0,0.0,0.0,0.0,0.0,0.0,0.0,0.0,0.0,0.0,0.0,0.0,0.0,0.0,0.0,0.0,0.0,0.0,0.0,0.0,0.0,0.0,0.0
0.0,0.0,0.0,0.0,0.0,0.0,0.3164934123868634,0.0,0.4148650996142051,0.2717051086761402,0.3958171135958447,0.2365432827944925,0.3413500786633889,0.0,0.0,0.0,0.3352658632231395,0.0,0.0,0.0,0.0,0.0,0.0,0.2563147581318808,0.3251970962374212,0.3226725637025942,0.0,0.2858952460481962,0.0,0.0,0.2816502426522318,0.2570712936758855,0.1976572286826544,0.1946246677532266,0.2357903815013724,0.2929270499562286,0.2402921275053146,0.0,0.2391065944652705,0.2293491523928821,0.1942074028333308,0.1904356438219295,0.0,0.0,0.2390929408893147,0.0,0.0,0.0,0.0,0.0,0.0,0.0,0.0,0.0,0.3527653781665534,0.0,0.3297713058600939,0.0,0.0,0.0,0.0,0.0,0.0,0.0,0.0,0.0,0.0,0.0,0.28759735023152,0.0,0.374030011113535,0.0,0.0,0.0,0.0,0.0
0.4474958085086822,0.4453256021621615,0.5315196305193862,0.0,0.0,0.534996181295735,0.0,0.4692498722715222,0.5212880420885985,0.2821775144713765,0.5025039405100347,0.0,0.4658414540090648,0.0,0.4822816357138323,0.4382576475436308,0.0,0.4115919731087193,0.5234958278590048,0.4796210650964536,0.4835874843183253,0.4627789518717356,0.5046811175864166,0.4601891351911118,0.4252295257124917,0.4446440549606872,0.5201722681615228,0.3716450011244252,0.4725151340224921,0.0,0.4336232713337664,0.3103335093265331,0.2971232679404122,0.2379207970072021,0.3180936965438222,0.3125288715131179,0.267872517011407,0.2391065944652705,0.0,0.3436392469431976,0.3707320096310406,0.4100504289411312,0.2584738080112184,0.3122510471423856,0.2647126743908594,0.3972683661853206,0.4015259973785174,0.4372007204822686,0.2747932410316567,0.3498059435850132,0.3827653322465302,0.3695107058211686,0.2856829941254786,0.4191513883086001,0.3414076030978106,0.3735826817206872,0.2872842423464257,0.3796543604158126,0.2747422608814575,0.4042948607710236,0.4092699394394652,0.3840427177890732,0.3868189854872941,0.4216227635326615,0.4186568748140796,0.4041288761516128,0.4038093826783779,0.3840000342624274,0.3597176963254594,0.3744157176897911,0.4011282250197964,0.3888144867315072,0.3667385689221252,0.4059187462059871,0.3796203721691076,0.3826977423214223
0.3899182291845739,0.4421507787172918,0.0,0.0,0.0,0.0,0.0,0.0,0.0,0.3356206388801167,0.0,0.3450517056443094,0.0,0.0,0.5073879876554143,0.4261828643498923,0.3975083300181261,0.3837867800977168,0.0,0.5016382763648514,0.4250643460443541,0.4695223441997388,0.4583235945741011,0.348344068494127,0.3862750654993654,0.3974558920688679,0.0,0.0,0.0,0.0,0.3545124747679586,0.3254682525254998,0.2507180801597137,0.1972614699481524,0.3133016295622108,0.2338935602645269,0.0,0.2293491523928821,0.3436392469431976,0.0,0.2670421445133581,0.3800943116894115,0.4101580854438512,0.2662840518796602,0.1850470246029169,0.3211407966094521,0.3399879791068352,0.0,0.0,0.330442693946002,0.3556386415838575,0.3558624448467465,0.0,0.4141811087165147,0.2922827050976564,0.3718680034134208,0.2627238374130226,0.3752819100533314,0.0,0.379279369674029,0.3320691505945634,0.3129126632446848,0.3031540355788513,0.0,0.3705927255697203,0.3667494645365387,0.3581925585627665,0.3579399361867014,0.2358831323832104,0.2903516046620305,0.3292131409826155,0.3497434833769201,0.3425716217614228,0.3496042893701071,0.2991969839120422,0.3099833822407243
0.3690511916585904,0.4262013265629296,0.0,0.0,0.0,0.5114788156312743,0.0,0.5030436044346561,0.0,0.3412075953664338,0.0,0.3797267975847533,0.0,0.0,0.4841058648506208,0.4053637397555063,0.0,0.381691380505655,0.0,0.4836702237539892,0.0,0.4628716755497342,0.5192561276363595,0.3339789001931488,0.3794567485796614,0.4226622156204015,0.4969409920208815,0.5053266163077409,0.493439382641789,0.0,0.4039470567875483,0.3325931212905355,0.2324816614683545,0.2435219774592052,0.3035138968277305,0.3041778726442439,0.2498053122057812,0.1942074028333308,0.3707320096310406,0.2670421445133581,0.0,0.3738848138703262,0.3794667412445384,0.285810701218465,0.2183459512858431,0.321226408163443,0.3536805466338459,0.4503270420228505,0.2224081344305145,0.3791121377083745,0.4191547752607675,0.3655685872164365,0.4435847984193515,0.424390758692063,0.3091187040665915,0.4043850140397475,0.2902376891641929,0.3938141259339165,0.3086969992694934,0.3940312754683029,0.3477973037622071,0.3553481565052444,0.3530349539543408,0.404247546720806,0.3903649957576942,0.0,0.3733114214178555,0.4189591192600067,0.2529564856433594,0.3318378340954923,0.3571105066731654,0.4093967394776302,0.3383380182985948,0.3843273590744669,0.3621086589780817,0.2722291864075107
0.0,0.451248837119863,0.0,0.0,0.0,0.0,0.0,0.0,0.0,0.0,0.0,0.0,0.0,0.0,0.5035830219044921,0.4408286306376497,0.0,0.4014084240368028,0.0,0.4825287348094941,0.0,0.474711450770958,0.5144479640130208,0.0,0.4005055053759108,0.4285316163765431,0.5090074041614241,0.3577718461447116,0.5153297992386405,0.0,0.0,0.3495402505042522,0.3057657171271681,0.2651287031366155,0.3570751734672556,0.3039638570501342,0.310510262711637,0.1904356438219295,0.4100504289411312,0.3800943116894115,0.3738848138703262,0.0,0.4606015512445906,0.3813059219225443,0.2627808605147625,0.3710601577980396,0.3907799251890576,0.4508437317322262,0.3177193205291638,0.0,0.4226783595494596,0.383308372711666,0.4977779047801867,0.4122172681708151,0.3052739433668073,0.3954171371233557,0.2923256667064637,0.4167917194678115,0.0,0.4271306044186951,0.3764061567375858,0.3689015745660659,0.3697601686995154,0.373927024198734,0.4388033454472451,0.0,0.4239399129779899,0.4258329475547961,0.3783157135763164,0.3602918259424965,0.3998742272139496,0.406971345582338,0.3708342160189604,0.4088023732516803,0.3739436549818012,0.3180985968395606
