0.0,0.4010596143103881,0.0,0.0,0.0,0.4150729673455467,0.0,0.4838050483168852,0.0,0.3759155049077103,0.0,0.344203385890897,0.382913619797778,0.0,0.4102440394714189,0.4134322553644157,0.0,0.3930286310609249,0.0,0.4489586298262754,0.4045501666383049,0.4026572234344005,0.4681347038773335,0.3523309399582244,0.3691949180405007,0.3583395298255036,0.4948131774268191,0.4440205583394889,0.4322184990083218,0.0,0.360355187179641,0.4028567144710416,0.3437444138184637,0.3749456976625034,0.4295623457276005,0.0,0.0,0.3559501248720599,0.4436687544155528,0.4143298766849531,0.4149514589927955,0.0,0.0,0.0,0.0,0.3708394901032449,0.4686566783786022,0.0,0.0,0.0,0.0,0.0,0.0,0.0,0.0,0.0,0.0,0.0,0.0,0.0,0.4460002751550238,0.0,0.441399724109968,0.0,0.0,0.3457532074278578,0.44045293135486,0.0,0.4183825310547694,0.4412271802630524,0.4595697439520889,0.0,0.0,0.0,0.0,0.3960063853192608
0.4010596143103881,0.0,0.0,0.0,0.4090843057891172,0.3961660523228861,0.4836586105412749,0.4257990967269868,0.4006430198343758,0.0,0.0,0.0,0.4281688731988424,0.0,0.416072361450403,0.39334000701127,0.3305569278710352,0.3767388751849663,0.0,0.4186243163219625,0.3970718039892995,0.3879680935679485,0.4313203547972262,0.0,0.3525495795788531,0.3666759466876172,0.4203451463936736,0.4061000376522743,0.4004287941903366,0.0,0.3482272720010739,0.3852294845976695,0.3382276462369245,0.3486661903279529,0.4051964299636644,0.0,0.0,0.0,0.4453436936647088,0.4361334708022775,0.425535078068268,0.4673471905757135,0.0,0.0,0.0,0.4362888053290176,0.4507149000465674,0.0,0.0,0.0,0.3955716007763457,0.0,0.0,0.0,0.0,0.0,0.0,0.0,0.0,0.4742058538395597,0.4370399841816083,0.0,0.4243105198795542,0.0,0.4672822624979326,0.453414184315688,0.4487436662017608,0.4974296429575684,0.0,0.4444397895753221,0.4728480095797689,0.4682756611889819,0.0,0.4483024998924811,0.0,0.4223351716817548
0.0,0.0,0.0,0.370884482682371,0.4048945791034252,0.4085124823294445,0.4770659632732044,0.4604852482739377,0.3031806226233976,0.4221208775378745,0.3705237825842724,0.3129291807545553,0.4954403875429481,0.4159449233450414,0.0,0.0,0.0,0.0,0.2929727843260133,0.0,0.0,0.0,0.3683641160529625,0.0,0.0,0.0,0.3427210254252938,0.4977144183816318,0.0,0.0,0.4899811901812497,0.4868839731787401,0.3306010079772551,0.5068761659161563,0.452295028360402,0.4526683053483902,0.4696615445764615,0.0,0.4869781613998711,0.0,0.2983604655973054,0.0,0.4792877243720431,0.0,0.0,0.0,0.0,0.5510728791185778,0.0,0.4965791667259796,0.5444540157457298,0.6320501488432729,0.5785286209524475,0.5610989667241729,0.0,0.5338913844310861,0.0,0.5141874383163594,0.5055745689520728,0.0,0.0,0.0,0.0,0.5816362318234554,0.0,0.0,0.0,0.5444241043729353,0.0,0.0,0.0,0.58994248801091,0.4462594335051403,0.0,0.0,0.0
0.0,0.0,0.370884482682371,0.0,0.2546105450824471,0.4188042970506259,0.2965005564824975,0.362255647312987,0.4181943642796313,0.2463297264713358,0.3510632422588172,0.2268490007853292,0.3071247170338446,0.261599841054686,0.0,0.0,0.0,0.0,0.3593284018003866,0.3896812045526508,0.0,0.0,0.3935107916971033,0.0,0.0,0.0,0.4172118980678794,0.2611575388293415,0.3154750775903042,0.0,0.3577292527424058,0.2837392987248794,0.0,0.278290377507792,0.271316547391113,0.2233300949153149,0.1731657952447031,0.255547244701646,0.0,0.0,0.0,0.0,0.0,0.0,0.0,0.0,0.0,0.0,0.0,0.0,0.0,0.0,0.0,0.0,0.0,0.0,0.0,0.0,0.0,0.0,0.0,0.0,0.0,0.0,0.0,0.0,0.0,0.0,0.0,0.0,0.0,0.0,0.0,0.0,0.0,0.0
0.0,0.4090843057891172,0.4048945791034252,0.2546105450824471,0.0,0.407871359355792,0.3167661934767503,0.3913519092743457,0.3572085757736691,0.4731332342698705,0.3405748070899093,0.3020924540450242,0.4011246505369802,0.3025938322527751,0.0,0.4209223946773786,0.0,0.0,0.3778670233424982,0.4406008643953258,0.0,0.4419215752725571,0.4230293904481801,0.0,0.3789832159633443,0.3740578278340218,0.4158070985763387,0.3207842714791925,0.4294913176384765,0.0,0.4570864487635782,0.3795967332692829,0.3650398201521878,0.4390429344200093,0.4134374840609781,0.2465652260955916,0.1750295066943236,0.3799622100738842,0.3786620859149808,0.0,0.0,0.0,0.4149831797339579,0.0,0.0,0.0,0.0,0.5393340920090879,0.0,0.3597323280954238,0.4906170796565615,0.0,0.476459195513209,0.4787508497030159,0.0,0.4680069013874715,0.0,0.0,0.0,0.0,0.0,0.0,0.0,0.4591809030094139,0.0,0.0,0.0,0.5247905066753634,0.0,0.0,0.0,0.5441497416213064,0.0,0.0,0.0,0.0
0.4150729673455467,0.3961660523228861,0.4085124823294445,0.4188042970506259,0.407871359355792,0.0,0.421554024594059,0.4293693474249991,0.3464180643136167,0.4796128159108538,0.4244863425973482,0.3794193265855105,0.3776524028116347,0.4126925191334306,0.4497013995080439,0.4169906721142415,0.2743143366576288,0.4075591967871785,0.492307308267739,0.4116364650232499,0.4374485908156012,0.4114732450221155,0.4145398496690753,0.0,0.3817006671927593,0.3974639159897312,0.3920547390534989,0.395418721326663,0.3481712043982538,0.417404252305444,0.4139217105699428,0.4268245557026594,0.4034349850033377,0.4325467480472081,0.4183654291251767,0.4248486694226978,0.4283883149773411,0.3868297146253442,0.4717714427736267,0.0,0.5074346175933173,0.0,0.5154136014178132,0.0,0.0,0.0,0.3367215766478216,0.5553600369925964,0.0,0.4670184806822823,0.5329113506528582,0.6477336861329026,0.5111139238716745,0.5410914033555602,0.0,0.5792850740091916,0.0,0.6138310786836122,0.0,0.493507169413029,0.0,0.0,0.0,0.5526658410733477,0.5030867847519984,0.0,0.594639218096017,0.5216657856960237,0.0,0.0,0.4083839597528229,0.529206784471701,0.560519816426541,0.5001379902019101,0.0,0.5559599115808886
0.0,0.4836586105412749,0.4770659632732044,0.2965005564824975,0.3167661934767503,0.421554024594059,0.0,0.4325855033694354,0.4240125307129039,0.3809626397865193,0.4526537989687373,0.326630370675473,0.351503658366135,0.3480323475834566,0.0,0.4905114830810484,0.3823430051517927,0.4505297962924492,0.4623013253000228,0.4372739278244836,0.0,0.448016255735978,0.4410596489333003,0.3214564035275561,0.4346248517440998,0.4648802758079431,0.4439223300472787,0.3641810447798955,0.4386651369028494,0.0,0.4095392675618496,0.3894798428718335,0.3273953927083002,0.368079640370867,0.3547084391539516,0.3109983541449323,0.2523833341799884,0.3331480720139292,0.3208394453811775,0.0,0.2567622821631818,0.0,0.387601640383878,0.0,0.0,0.0,0.0,0.5116963945131745,0.0,0.0,0.5409693632944614,0.0,0.4575218712499175,0.4368486237008618,0.0,0.3856378922964254,0.0,0.0,0.0,0.0,0.0,0.0,0.0,0.3871181990218551,0.0,0.0,0.0,0.5182032565131552,0.0,0.0,0.0,0.5658236025850494,0.0,0.0,0.0,0.0
0.4838050483168852,0.4257990967269868,0.4604852482739377,0.362255647312987,0.3913519092743457,0.4293693474249991,0.4325855033694354,0.0,0.4720421744553795,0.4226814444834296,0.3247675784384404,0.3914568523241575,0.4537091314814069,0.3134695834606295,0.4306437908211361,0.4479803768187945,0.0,0.4443026465913696,0.4064524375222843,0.4131485676125188,0.3831238264111536,0.4023219353407078,0.3483037578510215,0.4789318330969624,0.4423450214958529,0.4568146015855035,0.4728786713852926,0.440383252737256,0.3897517249479074,0.4483525114806877,0.4437119539242456,0.3596372386452507,0.0,0.4405749835508021,0.4241707188556756,0.2861123803691952,0.287206682138334,0.0,0.4632153623214127,0.0,0.4957409151817603,0.0,0.3687458835269921,0.0,0.0,0.0,0.0,0.5216410603868935,0.0,0.412339993766478,0.492649116396508,0.4854661577733525,0.3868953858907626,0.5318812034814284,0.0,0.4644418288725916,0.0,0.4999686030853199,0.4576079527888825,0.4796099775681209,0.0,0.0,0.0,0.4968108439184833,0.5110757173682724,0.3911149867067213,0.0,0.4657471103853071,0.0,0.0,0.0,0.5092547445436013,0.5156059864061429,0.4959286098872853,0.0,0.5085010637155702
0.0,0.4006430198343758,0.3031806226233976,0.4181943642796313,0.3572085757736691,0.3464180643136167,0.4240125307129039,0.4720421744553795,0.0,0.5281473974261718,0.3275080250691727,0.476869828805039,0.4154101121705201,0.4020935100976803,0.0,0.3848746492750454,0.0,0.3127453261395225,0.2576918788240468,0.4221688607751241,0.0,0.4079448861911901,0.4373218411104579,0.3592969260752914,0.4410981569777985,0.4390186769969232,0.3678533534622709,0.4737595390280519,0.3939070496060647,0.4396309823740055,0.4817835446327538,0.4556419671832035,0.4128806542091681,0.4768320266253712,0.4839185935761751,0.4242926890798031,0.4697996676026794,0.5629227587046962,0.5059026358715346,0.0,0.2917237788377169,0.0,0.4787460953841295,0.0,0.0,0.0,0.0,0.5632231571042832,0.0,0.448964689004333,0.5468117994674376,0.5486101743121101,0.5469397187420042,0.5723569188043931,0.0,0.5360265026009581,0.0,0.5074901821431365,0.4772490026644926,0.0,0.0,0.0,0.0,0.5497141250274536,0.0,0.0,0.0,0.5412290427373208,0.0,0.0,0.0,0.5440381007174685,0.4795381927736706,0.0,0.0,0.0
0.3759155049077103,0.0,0.4221208775378745,0.2463297264713358,0.4731332342698705,0.4796128159108538,0.3809626397865193,0.4226814444834296,0.5281473974261718,0.0,0.4777898375087945,0.2855354512603158,0.3891280153265981,0.0,0.0,0.4474368323709991,0.3374783469374233,0.3496310485125225,0.472454407167285,0.3043851758049208,0.0,0.3409030487255229,0.4725069304957277,0.3427819859626883,0.3280192488680594,0.3211951557292103,0.4722340030066672,0.3804019486921999,0.0,0.0,0.3411228324123929,0.3744338802807509,0.3149119859374001,0.3428359348892792,0.3433297528704607,0.2992547772596209,0.1982818906228235,0.3120382355034723,0.3603581217414471,0.3730211655677262,0.3917063375680364,0.0,0.0,0.0,0.3867856120760201,0.0,0.0,0.0,0.0,0.0,0.0,0.0,0.0,0.0,0.4493403567006506,0.0,0.4455173906775697,0.0,0.0,0.0,0.0,0.4724867100326732,0.4840380536595607,0.0,0.0,0.0,0.0,0.0,0.4426986738289976,0.4597433669684839,0.4752859511335375,0.0,0.4149426025757423,0.0,0.0,0.4192376858322116
0.0,0.0,0.3705237825842724,0.3510632422588172,0.3405748070899093,0.4244863425973482,0.4526537989687373,0.3247675784384404,0.3275080250691727,0.4777898375087945,0.0,0.4230080762578269,0.4692813540201602,0.3017872575151812,0.0,0.0,0.0,0.0,0.2973158489472365,0.0,0.0,0.0,0.3461661880580778,0.3951891437712228,0.0,0.2959214345172009,0.4177434346717005,0.4664345589516315,0.0,0.0,0.4700962516147595,0.3895288392649142,0.3817675504965822,0.4669540102965793,0.4385418128704927,0.3339504676842789,0.4474448613798417,0.4435365700834016,0.4622154156814131,0.0,0.0,0.0,0.4615500173140436,0.0,0.0,0.0,0.0,0.5415481123183342,0.0,0.4442714693009689,0.529432075666586,0.4902862928435733,0.4948970982816248,0.5307498588017338,0.0,0.3646439404133023,0.0,0.456347473662096,0.4938048593663345,0.0,0.0,0.0,0.0,0.3827298381513914,0.0,0.0,0.0,0.5686328985548291,0.0,0.0,0.0,0.5601863529611083,0.4132613463376889,0.0,0.0,0.0
0.344203385890897,0.0,0.3129291807545553,0.2268490007853292,0.3020924540450242,0.3794193265855105,0.326630370675473,0.3914568523241575,0.476869828805039,0.2855354512603158,0.4230080762578269,0.0,0.353662538885437,0.0,0.0,0.0,0.3641961811538194,0.4176662730836841,0.3511223573435524,0.0,0.4374499795239962,0.0,0.3705392331292942,0.2857252614787707,0.3208452342507255,0.3030332560060876,0.339748494486056,0.3383122630297748,0.0,0.0,0.3508744462013919,0.2946066933087611,0.2958380619187765,0.2597714617765518,0.3175465930351149,0.2974745660240567,0.2425851395196596,0.258294916529726,0.2582549009275213,0.3884261340625934,0.3323946529440024,0.0,0.0,0.0,0.3853940863207455,0.0,0.0,0.0,0.0,0.0,0.0,0.0,0.0,0.0,0.4519000659883948,0.0,0.4390633664772039,0.4079247978882506,0.0,0.0,0.0,0.4991799592327279,0.4621217181650582,0.0,0.0,0.0,0.0,0.0,0.4477588783391122,0.4523447773473253,0.4761162748308056,0.0,0.3376773137883476,0.0,0.0,0.4473941316762488
0.382913619797778,0.4281688731988424,0.4954403875429481,0.3071247170338446,0.4011246505369802,0.3776524028116347,0.351503658366135,0.4537091314814069,0.4154101121705201,0.3891280153265981,0.4692813540201602,0.353662538885437,0.0,0.3578438704009682,0.4396622811700101,0.4573549146846684,0.4225846838227589,0.4729365294035542,0.4709336493027645,0.4240271494222528,0.4502745146984361,0.4436023293201851,0.4508623827730426,0.3534921450338237,0.4135897557665806,0.4226098993850103,0.4616462553149876,0.3307778107000474,0.3933717897815973,0.4025666770743933,0.4119822258981958,0.3988502360280171,0.3599777460082309,0.380761389244925,0.3606252403237365,0.330868807254333,0.2980969203767332,0.3489197991296727,0.4306193689139393,0.276494070401022,0.3312605888352444,0.2520811099049121,0.4400428499120221,0.0,0.3020037911818397,0.0,0.0,0.5459207386912541,0.0,0.0,0.6578157440380719,0.4341921398304879,0.5160796721141577,0.0,0.0,0.4206730636106917,0.3005888152765777,0.0,0.0,0.3780262331150998,0.0,0.0,0.0,0.0,0.4595260131077538,0.0,0.2980986789133583,0.5238851222949776,0.0,0.2927545339504994,0.3204748766410433,0.5566284423384579,0.0,0.5093475561324963,0.0,0.0
0.0,0.0,0.4159449233450414,0.261599841054686,0.3025938322527751,0.4126925191334306,0.3480323475834566,0.3134695834606295,0.4020935100976803,0.0,0.3017872575151812,0.0,0.3578438704009682,0.0,0.0,0.0,0.0,0.0,0.3681189564500542,0.0,0.4360678048031956,0.0,0.380649273578489,0.0,0.0,0.0,0.4357396868837262,0.2781208643002499,0.0,0.0,0.4834956413036523,0.2571089457923728,0.0,0.4228313763142056,0.0,0.2498640079316978,0.2054121654949675,0.0,0.4606453240938127,0.0,0.0,0.0,0.4164546715076411,0.0,0.0,0.0,0.0,0.489173504921206,0.0,0.0,0.0,0.0,0.0,0.5019594149151891,0.0,0.4337451022244528,0.0,0.0,0.0,0.0,0.0,0.0,0.0,0.0,0.0,0.0,0.0,0.4732805474289151,0.0,0.0,0.0,0.4880611698135035,0.0,0.0,0.0,0.0
0.4102440394714189,0.416072361450403,0.0,0.0,0.0,0.4497013995080439,0.0,0.4306437908211361,0.0,0.0,0.0,0.0,0.4396622811700101,0.0,0.0,0.4191042214294374,0.0,0.4011759208173775,0.0,0.3806645085539445,0.3998815402406999,0.3351627967672834,0.3526874945321137,0.4557701108627511,0.3930225204900212,0.3900213556246895,0.414390200625748,0.4294766807857743,0.4023796927347058,0.0,0.4093690180862917,0.429800497933718,0.4121260331303897,0.4301977206522299,0.4595118477339264,0.4790683525016537,0.0,0.0,0.462706468708518,0.4367957898159758,0.4777193740748261,0.5054834109038253,0.462162330935684,0.0,0.0,0.0,0.4964123252260163,0.0,0.0,0.0,0.5046947742688254,0.0,0.528461685186881,0.0,0.0,0.0,0.0,0.405106215594789,0.0,0.4282910748828672,0.4721946606201326,0.0,0.0,0.0,0.4551004937718422,0.4675120147140001,0.4718539449777941,0.497897033947621,0.0,0.370906694471722,0.4951122788856295,0.5137147486605396,0.5086717269586758,0.4909917942604032,0.0,0.4791425725106223
0.4134322553644157,0.39334000701127,0.0,0.0,0.4209223946773786,0.4169906721142415,0.4905114830810484,0.4479803768187945,0.3848746492750454,0.4474368323709991,0.0,0.0,0.4573549146846684,0.0,0.4191042214294374,0.0,0.4124485601808488,0.3713251807551261,0.0,0.4325528135336575,0.4108864600542157,0.3904964336421888,0.4379203105918861,0.3627687326789267,0.3810682638240216,0.421348943738846,0.4369662501311508,0.4727641256869573,0.436694513625137,0.4011072874060123,0.345716153023433,0.4144035548962813,0.3952706628591999,0.388152588170506,0.439836663530792,0.0,0.0,0.0,0.4439115733459931,0.4416563050988216,0.4316714227823738,0.4690387833280887,0.0,0.0,0.0,0.4408498426611548,0.4638413680466103,0.0,0.0,0.0,0.0,0.0,0.0,0.0,0.0,0.0,0.0,0.0,0.0,0.4789259942367923,0.4421835872554182,0.0,0.4483804030000544,0.0,0.448461091014689,0.0,0.4540204214231612,0.3815522193472785,0.0,0.4401482630895675,0.4700441466557057,0.3980828383830671,0.0,0.3861781267723062,0.0,0.4226953627962643
0.0,0.3305569278710352,0.0,0.0,0.0,0.2743143366576288,0.3823430051517927,0.0,0.0,0.3374783469374233,0.0,0.3641961811538194,0.4225846838227589,0.0,0.0,0.4124485601808488,0.0,0.3353946380372831,0.0,0.3078293664340751,0.0,0.3661164754548914,0.0,0.3676332514213607,0.3317049793844071,0.3867639995194457,0.0,0.3936916881297762,0.0,0.0,0.3598078862092689,0.4061953540322063,0.3342848064809894,0.3717136873708593,0.3844343684073775,0.0,0.0,0.354303849610076,0.0,0.385781747070304,0.0,0.0,0.0,0.0,0.0,0.0,0.0,0.0,0.0,0.0,0.0,0.0,0.0,0.0,0.4411396561469606,0.0,0.4612141310409149,0.0,0.0,0.0,0.0,0.4633520924465104,0.4605633356810972,0.0,0.0,0.0,0.0,0.0,0.4844991519159743,0.4294365377415768,0.4556958994996287,0.0,0.0,0.0,0.0,0.0
0.3930286310609249,0.3767388751849663,0.0,0.0,0.0,0.4075591967871785,0.4505297962924492,0.4443026465913696,0.3127453261395225,0.3496310485125225,0.0,0.4176662730836841,0.4729365294035542,0.0,0.4011759208173775,0.3713251807551261,0.3353946380372831,0.0,0.0,0.3997698477728277,0.3897929755137658,0.3960367090090141,0.4342537280172001,0.3592967098068723,0.35018798775321,0.3768382929793838,0.4373509006608536,0.4321470056965801,0.4184081375411386,0.407385511730024,0.3613311118491736,0.4374149825949318,0.3551583868786583,0.3782206673199823,0.4296542101621453,0.0,0.0,0.0,0.4197905244484157,0.3879469947818864,0.4093792721420049,0.4442452824025896,0.0,0.0,0.0,0.426312839592081,0.4409063392677989,0.0,0.0,0.0,0.0,0.0,0.0,0.0,0.4250188983924497,0.0,0.4524438430016335,0.0,0.0,0.0,0.4256114825159685,0.4565941835510216,0.4302691001545223,0.0,0.0,0.0,0.4429063554277784,0.0,0.4664946809105019,0.4310677866841819,0.4493221756105904,0.0,0.0,0.0,0.0,0.4277808578982459
0.0,0.0,0.2929727843260133,0.3593284018003866,0.3778670233424982,0.492307308267739,0.4623013253000228,0.4064524375222843,0.2576918788240468,0.472454407167285,0.2973158489472365,0.3511223573435524,0.4709336493027645,0.3681189564500542,0.0,0.0,0.0,0.0,0.0,0.0,0.0,0.0,0.3809499631002557,0.0,0.0,0.0,0.3670998945845544,0.4568900861681724,0.0,0.0,0.4901482036671228,0.4477847496334944,0.0,0.4958953562675337,0.4419540165427259,0.3986452104601542,0.502504652475188,0.3726474470116055,0.4568137512087419,0.0,0.0,0.0,0.4786705418074285,0.0,0.0,0.0,0.0,0.553806797814563,0.0,0.4081561903118117,0.5329963047695521,0.4582553437566408,0.5278594717723322,0.548217839237345,0.0,0.3655789897812457,0.0,0.4384077144603168,0.4938479353828233,0.0,0.0,0.0,0.0,0.5277065897805326,0.0,0.0,0.0,0.5434422267663153,0.0,0.0,0.0,0.5702991542254152,0.0,0.0,0.0,0.0
0.4489586298262754,0.4186243163219625,0.0,0.3896812045526508,0.4406008643953258,0.4116364650232499,0.4372739278244836,0.4131485676125188,0.4221688607751241,0.3043851758049208,0.0,0.0,0.4240271494222528,0.0,0.3806645085539445,0.4325528135336575,0.3078293664340751,0.3997698477728277,0.0,0.0,0.441406316937019,0.3684979281209993,0.3438286728287342,0.0,0.3922339167189019,0.431636627400543,0.4098569241929526,0.3642636807468888,0.3374946501305904,0.3422848242557009,0.4023924779127067,0.4334136566811685,0.3872715279569917,0.437622414044671,0.4543447842413446,0.4706078433912219,0.4084273800233221,0.0,0.4995485224494554,0.529273331044291,0.6382270823733533,0.5087688926805536,0.386356140656657,0.0,0.0,0.0,0.5046125367009751,0.0,0.0,0.0,0.5067751523239415,0.0,0.5005196234691182,0.0,0.0,0.0,0.0,0.4280102094922702,0.0,0.5286183264103772,0.3503888980887066,0.0,0.0,0.0,0.5076212478893455,0.5451590272616865,0.4760169401709628,0.5557809216433623,0.0,0.2897052803270996,0.4794598988230425,0.5187678248630114,0.7089162023336664,0.5653047422105586,0.4079603628098893,0.5338903121620246
0.4045501666383049,0.3970718039892995,0.0,0.0,0.0,0.4374485908156012,0.0,0.3831238264111536,0.0,0.0,0.0,0.4374499795239962,0.4502745146984361,0.4360678048031956,0.3998815402406999,0.4108864600542157,0.0,0.3897929755137658,0.0,0.441406316937019,0.0,0.4269815850559063,0.4101325642595534,0.4402951648699797,0.3865102480923311,0.3979922892522359,0.4289285476874195,0.4403129285183687,0.4028525800554071,0.0,0.3738932228382914,0.4098328637733714,0.3627109118034061,0.3916996669748017,0.4471948155795051,0.0,0.0,0.0,0.4584334542110556,0.4620640607143936,0.4837565987662822,0.5013885870850916,0.0,0.0,0.0,0.3514798561435919,0.4793131763689073,0.0,0.0,0.0,0.0,0.0,0.4501837760123291,0.0,0.0,0.0,0.0,0.4037541161459063,0.0,0.4550392786205002,0.4777114845301817,0.0,0.0,0.0,0.4799697187887024,0.3771983132405809,0.4868562003586473,0.4611833877811488,0.0,0.391671513545974,0.4920527829980045,0.4989044268030659,0.4821996939289849,0.4490729285491616,0.0,0.4509870538350934
0.4026572234344005,0.3879680935679485,0.0,0.0,0.4419215752725571,0.4114732450221155,0.448016255735978,0.4023219353407078,0.4079448861911901,0.3409030487255229,0.0,0.0,0.4436023293201851,0.0,0.3351627967672834,0.3904964336421888,0.3661164754548914,0.3960367090090141,0.0,0.3684979281209993,0.4269815850559063,0.0,0.4013597123159654,0.0,0.3831072415445152,0.4013840281560143,0.4350875901640834,0.41036156902142,0.3869791457696325,0.3751372189646754,0.3909538754564362,0.4294090991409846,0.3923798498450886,0.4207231323534927,0.4579413296513765,0.4821617197437562,0.4327039910893443,0.0,0.4738982017597538,0.4655596451602447,0.457535404806369,0.4885821466138728,0.4564583684152616,0.0,0.0,0.4456917058663645,0.4617986906376598,0.0,0.0,0.0,0.4330780552109249,0.0,0.0,0.0,0.0,0.0,0.0,0.0,0.0,0.4958445081662316,0.4634767056132595,0.0,0.3945474144877973,0.0,0.4771097477482187,0.4690408760697859,0.4787643314569896,0.4922625675447983,0.0,0.4464494021182808,0.4894980383101749,0.5303605436421671,0.3922972204043849,0.4886204461819514,0.0,0.4539587517917915
0.4681347038773335,0.4313203547972262,0.3683641160529625,0.3935107916971033,0.4230293904481801,0.4145398496690753,0.4410596489333003,0.3483037578510215,0.4373218411104579,0.4725069304957277,0.3461661880580778,0.3705392331292942,0.4508623827730426,0.380649273578489,0.3526874945321137,0.4379203105918861,0.0,0.4342537280172001,0.3809499631002557,0.3438286728287342,0.4101325642595534,0.4013597123159654,0.0,0.4887499405999586,0.4186378988118818,0.45066831353299,0.3843225528344417,0.4435009882444647,0.4096982036995484,0.4401212512729703,0.44264722761093,0.4252858129441145,0.4307468596770141,0.4567376614467109,0.4664915073457092,0.4186981786359948,0.4463633042016929,0.3969479203395226,0.5089683504476035,0.4334012550675992,0.5154986021797029,0.4487827573478822,0.4848656167366647,0.4166572777657458,0.0,0.0,0.5377129837164949,0.555928258766497,0.0,0.5074239471591957,0.5287209460930272,0.5264621159784241,0.4958647078649248,0.5379415262400529,0.0,0.5303510877149263,0.0,0.5225796528864186,0.5004214290728934,0.5053577703587544,0.0,0.0,0.0,0.5382672783895392,0.5235328974570344,0.491070726507169,0.5242688850974787,0.5107219767991764,0.0,0.2962231436868818,0.5764808944215297,0.5291204370222566,0.5215849312216138,0.5067247224749557,0.5174675042414989,0.5349954169513311
0.3523309399582244,0.0,0.0,0.0,0.0,0.0,0.3214564035275561,0.4789318330969624,0.3592969260752914,0.3427819859626883,0.3951891437712228,0.2857252614787707,0.3534921450338237,0.0,0.4557701108627511,0.3627687326789267,0.3676332514213607,0.3592967098068723,0.0,0.0,0.4402951648699797,0.0,0.4887499405999586,0.0,0.3367448392746116,0.318178415478659,0.3624471977894054,0.3393752464352751,0.0,0.0,0.3476025454349831,0.3341078815020323,0.2640278427785059,0.2946823862540774,0.3083050638423447,0.2676485952807541,0.2850203874444033,0.2606192407044195,0.3341372300152729,0.3830340110500442,0.3892342840056337,0.0,0.0,0.0,0.3630874610559836,0.3815002443004232,0.0,0.0,0.0,0.0,0.0,0.0,0.0,0.0,0.4358574113021314,0.0,0.4320608279526616,0.0,0.0,0.0,0.4349883582242691,0.4529905816872031,0.444334030239598,0.0,0.0,0.0,0.0,0.0,0.4005513573136668,0.4375098488629365,0.4587644441188996,0.0,0.0,0.0,0.0,0.4235462818405612
0.3691949180405007,0.3525495795788531,0.0,0.0,0.3789832159633443,0.3817006671927593,0.4346248517440998,0.4423450214958529,0.4410981569777985,0.3280192488680594,0.0,0.3208452342507255,0.4135897557665806,0.0,0.3930225204900212,0.3810682638240216,0.3317049793844071,0.35018798775321,0.0,0.3922339167189019,0.3865102480923311,0.3831072415445152,0.4186378988118818,0.3367448392746116,0.0,0.3372422020996248,0.3936715486700943,0.3964127758049952,0.3857097919052196,0.0,0.3592744137141996,0.3872280913825001,0.3214905611159561,0.3525029385372762,0.3789310222427885,0.0,0.0,0.3522962690429729,0.4270710247842844,0.400528228286701,0.4121804694845323,0.4370601936660201,0.0,0.0,0.0,0.4198750794115528,0.431674162288015,0.0,0.0,0.0,0.0,0.0,0.0,0.0,0.4276428016816744,0.0,0.4317255356112746,0.3001034414984541,0.0,0.4339165121045744,0.4271943362685594,0.4309840914826425,0.4250701065625879,0.0,0.42275331279871,0.4005973878150507,0.4889659914298253,0.311817104925339,0.4339002171370952,0.4277354255992265,0.4451004437266456,0.0,0.0,0.4176060608544216,0.0,0.4129187394918479
0.3583395298255036,0.3666759466876172,0.0,0.0,0.3740578278340218,0.3974639159897312,0.4648802758079431,0.4568146015855035,0.4390186769969232,0.3211951557292103,0.2959214345172009,0.3030332560060876,0.4226098993850103,0.0,0.3900213556246895,0.421348943738846,0.3867639995194457,0.3768382929793838,0.0,0.431636627400543,0.3979922892522359,0.4013840281560143,0.45066831353299,0.318178415478659,0.3372422020996248,0.0,0.4554374630329095,0.4233885194447462,0.3874326732375289,0.0,0.3719687180634207,0.4121913386395664,0.3544289063506202,0.3771998470079211,0.4321823040601951,0.4271583589776124,0.0,0.3283624880095614,0.4543722823512122,0.4147353930583674,0.4368545312676937,0.453169628305905,0.0,0.0,0.3662413391225024,0.4358704827168654,0.4685574442979209,0.0,0.0,0.0,0.442337659288798,0.0,0.0,0.0,0.4528320791150215,0.0,0.4562494152544211,0.0,0.0,0.5011084342038493,0.4503966045112121,0.4445451661866269,0.4396418827346433,0.0,0.4917733650433911,0.4778376356066046,0.4825919584784938,0.4967808462584065,0.4431373008806632,0.4399579947451248,0.4637629148462454,0.4778741525738792,0.3654605499101294,0.4559690986072983,0.0,0.42942846766792
0.4948131774268191,0.4203451463936736,0.3427210254252938,0.4172118980678794,0.4158070985763387,0.3920547390534989,0.4439223300472787,0.4728786713852926,0.3678533534622709,0.4722340030066672,0.4177434346717005,0.339748494486056,0.4616462553149876,0.4357396868837262,0.414390200625748,0.4369662501311508,0.0,0.4373509006608536,0.3670998945845544,0.4098569241929526,0.4289285476874195,0.4350875901640834,0.3843225528344417,0.3624471977894054,0.3936715486700943,0.4554374630329095,0.0,0.4521911664520935,0.3988392743528392,0.4288906285255754,0.4313854612004219,0.4353234564192048,0.4088732002766682,0.4546901248957329,0.446869308186178,0.4584374291599939,0.4269810332347486,0.3451563518260611,0.5052539748311254,0.36641691112768,0.5138994676846879,0.4202813389287692,0.4908965191038706,0.3004277643937312,0.0,0.0,0.4585577189012007,0.5663337685427687,0.0,0.5149499291684085,0.5463414398021653,0.5767555248538406,0.536823569235673,0.5601742490206291,0.0,0.5444618914182683,0.0,0.6060548735804596,0.5066013468521734,0.5112225417369587,0.0,0.0,0.0,0.5641808320310784,0.555024947496627,0.4952623021291955,0.5922362243316815,0.5347224433059169,0.0,0.0,0.5076523366406279,0.5419001958617796,0.5712002209149664,0.5824219433855403,0.5168439952665751,0.5664096763166019
0.4440205583394889,0.4061000376522743,0.4977144183816318,0.2611575388293415,0.3207842714791925,0.395418721326663,0.3641810447798955,0.440383252737256,0.4737595390280519,0.3804019486921999,0.4664345589516315,0.3383122630297748,0.3307778107000474,0.2781208643002499,0.4294766807857743,0.4727641256869573,0.3936916881297762,0.4321470056965801,0.4568900861681724,0.3642636807468888,0.4403129285183687,0.41036156902142,0.4435009882444647,0.3393752464352751,0.3964127758049952,0.4233885194447462,0.4521911664520935,0.0,0.322223013191218,0.3378547599263671,0.3708097364987305,0.3851250798683985,0.3231594140209074,0.3652119719696763,0.3269560998340728,0.263221291782776,0.2274832507214582,0.3197511970688968,0.4144640165867458,0.2936694591961812,0.3640864971416516,0.2764534725348666,0.3786415704730109,0.0,0.3186944425459496,0.0,0.0,0.4327852466148885,0.0,0.0,0.557440981423502,0.0,0.5536732343942908,0.3699938242104532,0.0,0.0,0.2977176342289799,0.579715630193745,0.0,0.4888237131666253,0.0,0.0,0.0,0.0,0.5177604660770136,0.4566421419824396,0.3800014358427661,0.519118564567119,0.0,0.301083527874383,0.3674784455470549,0.5241361174460659,0.6587321323316527,0.5700381251396046,0.0,0.5248151036379354
0.4322184990083218,0.4004287941903366,0.0,0.3154750775903042,0.4294913176384765,0.3481712043982538,0.4386651369028494,0.3897517249479074,0.3939070496060647,0.0,0.0,0.0,0.3933717897815973,0.0,0.4023796927347058,0.436694513625137,0.0,0.4184081375411386,0.0,0.3374946501305904,0.4028525800554071,0.3869791457696325,0.4096982036995484,0.0,0.3857097919052196,0.3874326732375289,0.3988392743528392,0.322223013191218,0.0,0.3734573098977966,0.3730287278945969,0.3888785514161021,0.330118327421756,0.4183656976190908,0.4220405761013919,0.409147814315827,0.3724385173354195,0.0,0.4910703297001579,0.3211131751362452,0.4399373262874141,0.385700127741539,0.4146762290185944,0.0,0.0,0.0,0.4686237157883177,0.4188521382741217,0.0,0.0,0.599150239897661,0.3988670220754624,0.5287713588195743,0.3521648869558683,0.0,0.0,0.0,0.6433673428562444,0.0,0.4970619969155117,0.0,0.0,0.0,0.0,0.5935597966458365,0.4732773879012966,0.5603374093578704,0.5099118992652042,0.0,0.0,0.4314194777185634,0.5134021145177894,0.6063437624920689,0.4960922830554737,0.4737575545457854,0.5286108323237585
0.0,0.0,0.0,0.0,0.0,0.417404252305444,0.0,0.4483525114806877,0.4396309823740055,0.0,0.0,0.0,0.4025666770743933,0.0,0.0,0.4011072874060123,0.0,0.407385511730024,0.0,0.3422848242557009,0.0,0.3751372189646754,0.4401212512729703,0.0,0.0,0.0,0.4288906285255754,0.3378547599263671,0.3734573098977966,0.0,0.3613445411576338,0.4202661504770735,0.0,0.3749408057763407,0.3799014344939223,0.0,0.0,0.0,0.0,0.0,0.0,0.0,0.0,0.0,0.0,0.0,0.0,0.0,0.0,0.0,0.0,0.0,0.0,0.0,0.0,0.0,0.0,0.0,0.0,0.0,0.0,0.0,0.0,0.0,0.4933980008930396,0.0,0.0,0.5170403406307328,0.0,0.0,0.0,0.5395006803298025,0.0,0.4679454220042939,0.0,0.0
0.360355187179641,0.3482272720010739,0.4899811901812497,0.3577292527424058,0.4570864487635782,0.4139217105699428,0.4095392675618496,0.4437119539242456,0.4817835446327538,0.3411228324123929,0.4700962516147595,0.3508744462013919,0.4119822258981958,0.4834956413036523,0.4093690180862917,0.345716153023433,0.3598078862092689,0.3613311118491736,0.4901482036671228,0.4023924779127067,0.3738932228382914,0.3909538754564362,0.44264722761093,0.3476025454349831,0.3592744137141996,0.3719687180634207,0.4313854612004219,0.3708097364987305,0.3730287278945969,0.3613445411576338,0.0,0.3756366646102217,0.3312952805071567,0.2914015295302153,0.3394193841277085,0.4166701548329138,0.3062680868281204,0.291080463298602,0.4295461178869381,0.4053841992034965,0.3723525187734342,0.0,0.3658430670557869,0.0,0.0,0.0,0.4229867779365207,0.0,0.0,0.0,0.5702885993880841,0.0,0.0,0.0,0.4422437037136636,0.0,0.4269393568993792,0.0,0.0,0.4651823536925217,0.4147273571494632,0.4169649992133689,0.4258451856284606,0.0,0.4926893245768901,0.3922403713688145,0.4453528372536154,0.5115609383881722,0.3914563291045786,0.4250896740374418,0.4332058868621,0.5275490524717109,0.5706489796880212,0.5171534254176413,0.0,0.4527768686130829
0.4028567144710416,0.3852294845976695,0.4868839731787401,0.2837392987248794,0.3795967332692829,0.4268245557026594,0.3894798428718335,0.3596372386452507,0.4556419671832035,0.3744338802807509,0.3895288392649142,0.2946066933087611,0.3988502360280171,0.2571089457923728,0.429800497933718,0.4144035548962813,0.4061953540322063,0.4374149825949318,0.4477847496334944,0.4334136566811685,0.4098328637733714,0.4294090991409846,0.4252858129441145,0.3341078815020323,0.3872280913825001,0.4121913386395664,0.4353234564192048,0.3851250798683985,0.3888785514161021,0.4202661504770735,0.3756366646102217,0.0,0.3295098849628936,0.3577281590986892,0.3603884330942991,0.2990822943804855,0.3040585678515358,0.2432578127592842,0.2619005763480001,0.2660785299536013,0.3010436499217885,0.3146115419082361,0.2787119046190243,0.2278318693533349,0.2492260720777148,0.4281964578841866,0.454695960137057,0.5212031699274732,0.0,0.326914988819884,0.4592248356301625,0.318736346892634,0.4700930247349646,0.4460647667543421,0.2162498095027153,0.4195604095937213,0.2107156782586343,0.4240122563696662,0.0,0.4840233602372742,0.471833276546919,0.4000995338266381,0.4982815288208772,0.4255502389086714,0.4925594945018912,0.4389174084648657,0.4691356734991186,0.4976955908028929,0.2380505393660093,0.46836047831646,0.4562356969807663,0.4932417216796608,0.402586212625789,0.4638112298253397,0.0,0.4753226518133361
0.3437444138184637,0.3382276462369245,0.3306010079772551,0.0,0.3650398201521878,0.4034349850033377,0.3273953927083002,0.0,0.4128806542091681,0.3149119859374001,0.3817675504965822,0.2958380619187765,0.3599777460082309,0.0,0.4121260331303897,0.3952706628591999,0.3342848064809894,0.3551583868786583,0.0,0.3872715279569917,0.3627109118034061,0.3923798498450886,0.4307468596770141,0.2640278427785059,0.3214905611159561,0.3544289063506202,0.4088732002766682,0.3231594140209074,0.330118327421756,0.0,0.3312952805071567,0.3295098849628936,0.0,0.2555197271666391,0.3710391375577527,0.347331021398565,0.240524063157153,0.1968992663658008,0.2704770666813281,0.257440198181143,0.256023211204981,0.2840954500903686,0.0,0.0,0.2836352985799129,0.4109872124445122,0.4476101852616311,0.0,0.0,0.0,0.0,0.0,0.0,0.0,0.3799432085359908,0.0,0.3828760023044856,0.0,0.0,0.4840595183479336,0.4371664001541175,0.4158695886806027,0.4620822571698297,0.0,0.4656748153947411,0.0,0.4681573099406089,0.4798326793393346,0.3442547583180583,0.4293766200881905,0.4364239136986366,0.0,0.3351864655837626,0.0,0.0,0.4300321878168687
0.3749456976625034,0.3486661903279529,0.5068761659161563,0.278290377507792,0.4390429344200093,0.4325467480472081,0.368079640370867,0.4405749835508021,0.4768320266253712,0.3428359348892792,0.4669540102965793,0.2597714617765518,0.380761389244925,0.4228313763142056,0.4301977206522299,0.388152588170506,0.3717136873708593,0.3782206673199823,0.4958953562675337,0.437622414044671,0.3916996669748017,0.4207231323534927,0.4567376614467109,0.2946823862540774,0.3525029385372762,0.3771998470079211,0.4546901248957329,0.3652119719696763,0.4183656976190908,0.3749408057763407,0.2914015295302153,0.3577281590986892,0.2555197271666391,0.0,0.2718245709434164,0.3039398838131237,0.2651608119903819,0.2053724957060635,0.3116038724539063,0.2524033941749605,0.2810303170868499,0.3059153857215398,0.2614695429157095,0.2111043914099083,0.2289926220456795,0.3983650515024256,0.4468753933011702,0.3743641454497804,0.0,0.0,0.4933498331005433,0.2474015567314999,0.5110568028689021,0.3007737368229096,0.4191054770185198,0.0,0.294825964489929,0.2456219057036015,0.0,0.4833180535437667,0.4284616313972341,0.4218972374788079,0.431360837137386,0.0,0.4838960648157419,0.4208357205392056,0.4654934807457336,0.5110299010784786,0.4085605854835286,0.4242950763141808,0.4528880162954624,0.4940306399535397,0.4130700605702773,0.5207058317450555,0.0,0.3769722136762281
0.4295623457276005,0.4051964299636644,0.452295028360402,0.271316547391113,0.4134374840609781,0.4183654291251767,0.3547084391539516,0.4241707188556756,0.4839185935761751,0.3433297528704607,0.4385418128704927,0.3175465930351149,0.3606252403237365,0.0,0.4595118477339264,0.439836663530792,0.3844343684073775,0.4296542101621453,0.4419540165427259,0.4543447842413446,0.4471948155795051,0.4579413296513765,0.4664915073457092,0.3083050638423447,0.3789310222427885,0.4321823040601951,0.446869308186178,0.3269560998340728,0.4220405761013919,0.3799014344939223,0.3394193841277085,0.3603884330942991,0.3710391375577527,0.2718245709434164,0.0,0.3919735143875681,0.3260553901373125,0.2424819649856365,0.3090234546190972,0.2832539936505742,0.3047372936118953,0.342977049870353,0.2700223203218879,0.2687938904724719,0.2611900338683905,0.0,0.4643188474845451,0.0,0.0,0.0,0.3419821756559855,0.0,0.0,0.0,0.0,0.0,0.2753962756380448,0.2372569952173256,0.0,0.5066328051262567,0.4464756615620496,0.0,0.0,0.0,0.4579253271809661,0.0,0.490133527576544,0.4462363662912307,0.0,0.4468811163165663,0.4779396794675022,0.429225936494613,0.276037788198238,0.0,0.0,0.0
0.0,0.0,0.4526683053483902,0.2233300949153149,0.2465652260955916,0.4248486694226978,0.3109983541449323,0.2861123803691952,0.4242926890798031,0.2992547772596209,0.3339504676842789,0.2974745660240567,0.330868807254333,0.2498640079316978,0.4790683525016537,0.0,0.0,0.0,0.3986452104601542,0.4706078433912219,0.0,0.4821617197437562,0.4186981786359948,0.2676485952807541,0.0,0.4271583589776124,0.4584374291599939,0.263221291782776,0.409147814315827,0.0,0.4166701548329138,0.2990822943804855,0.347331021398565,0.3039398838131237,0.3919735143875681,0.0,0.1923763114632952,0.2861211106891113,0.300111749910454,0.3249223223993435,0.2971940969626803,0.327898653750334,0.35451865298324,0.2843705023974233,0.2886722779220674,0.0,0.0,0.4858616006199571,0.0,0.3678531610420116,0.4395078974346383,0.3972050020533644,0.4440867464591362,0.4782159538759956,0.0,0.4355236473682075,0.2801303836366225,0.3858895766808108,0.0,0.0,0.0,0.0,0.0,0.4616038839691365,0.3406223357537946,0.0,0.0,0.495787458431164,0.0,0.0,0.0,0.4877606830313409,0.4141344971616593,0.3266095662535697,0.0,0.0
0.0,0.0,0.4696615445764615,0.1731657952447031,0.1750295066943236,0.4283883149773411,0.2523833341799884,0.287206682138334,0.4697996676026794,0.1982818906228235,0.4474448613798417,0.2425851395196596,0.2980969203767332,0.2054121654949675,0.0,0.0,0.0,0.0,0.502504652475188,0.4084273800233221,0.0,0.4327039910893443,0.4463633042016929,0.2850203874444033,0.0,0.0,0.4269810332347486,0.2274832507214582,0.3724385173354195,0.0,0.3062680868281204,0.3040585678515358,0.240524063157153,0.2651608119903819,0.3260553901373125,0.1923763114632952,0.0,0.2590893107895153,0.2423719647233041,0.0,0.0,0.2919455964870643,0.2159870470383157,0.0,0.0,0.0,0.0,0.0,0.0,0.0,0.0,0.0,0.0,0.0,0.0,0.0,0.0,0.0,0.0,0.0,0.0,0.0,0.0,0.0,0.0,0.0,0.0,0.0,0.0,0.0,0.0,0.0,0.0,0.0,0.0,0.0
0.3559501248720599,0.0,0.0,0.255547244701646,0.3799622100738842,0.3868297146253442,0.3331480720139292,0.0,0.5629227587046962,0.3120382355034723,0.4435365700834016,0.258294916529726,0.3489197991296727,0.0,0.0,0.0,0.354303849610076,0.0,0.3726474470116055,0.0,0.0,0.0,0.3969479203395226,0.2606192407044195,0.3522962690429729,0.3283624880095614,0.3451563518260611,0.3197511970688968,0.0,0.0,0.291080463298602,0.2432578127592842,0.1968992663658008,0.2053724957060635,0.2424819649856365,0.2861211106891113,0.2590893107895153,0.0,0.2400487255996576,0.2623909728880274,0.2496755831988984,0.280805886589422,0.0,0.0,0.3127702834155372,0.0,0.0,0.0,0.0,0.0,0.0,0.0,0.0,0.0,0.4064933884140111,0.0,0.3992283010819363,0.0,0.0,0.0,0.0,0.0,0.0,0.0,0.0,0.0,0.0,0.0,0.3557837905053858,0.375639622218455,0.4018246981718226,0.0,0.3664302450165411,0.0,0.0,0.0
0.4436687544155528,0.4453436936647088,0.4869781613998711,0.0,0.3786620859149808,0.4717714427736267,0.3208394453811775,0.4632153623214127,0.5059026358715346,0.3603581217414471,0.4622154156814131,0.2582549009275213,0.4306193689139393,0.4606453240938127,0.462706468708518,0.4439115733459931,0.0,0.4197905244484157,0.4568137512087419,0.4995485224494554,0.4584334542110556,0.4738982017597538,0.5089683504476035,0.3341372300152729,0.4270710247842844,0.4543722823512122,0.5052539748311254,0.4144640165867458,0.4910703297001579,0.0,0.4295461178869381,0.2619005763480001,0.2704770666813281,0.3116038724539063,0.3090234546190972,0.300111749910454,0.2423719647233041,0.2400487255996576,0.0,0.3204544233694519,0.366160250370228,0.365275690026311,0.2792405041617502,0.2939975486292873,0.258524829681663,0.4006968307666422,0.4065312635629432,0.4444590366903261,0.2891142696170519,0.3512462780789445,0.4112616639181859,0.3583915760033294,0.3356473954232205,0.4471387911105927,0.3435419469773167,0.4050175928557049,0.2578015632757919,0.3845518332639523,0.319532833513592,0.4139166157304945,0.4054396079194313,0.3893155796647299,0.4062367849304606,0.4346131081761019,0.4281957232693716,0.4114456301213654,0.4086655381978246,0.4274375288068804,0.3166536239735208,0.391970881503637,0.4110965132360868,0.4340522560593985,0.3559212665953637,0.3980804075695542,0.3995250285691436,0.3842986011201949
