0.0,0.2263959203699346,0.0,0.0,0.0,0.2768455310774501,0.0,0.3087068422226711,0.0,0.2534862368790974,0.0,0.2455336089572608,0.0,0.0,0.2330466823541764,0.2650930637438824,0.2453491233784886,0.2605378332687263,0.0,0.2571793515333048,0.2336596717603676,0.243807834456867,0.2693507273681781,0.2210636584376843,0.2417251518890259,0.225049576160887,0.2697750459749616,0.2915869544051891,0.27695803793593,0.0,0.2339593947069995,0.2919234720939114,0.2105841812268712,0.2464341446732443,0.2866216542881949,0.0,0.0,0.2961747362557479,0.3183405468234427,0.2805895550805925,0.3049654916423465,0.0,0.0,0.0,0.0,0.2988816981202501,0.3006549855203257,0.0,0.0,0.0,0.0,0.0,0.0,0.0,0.0,0.0,0.0,0.0,0.0,0.0,0.2996255068049169,0.0,0.2928628091882704,0.0,0.0,0.2618803363994131,0.3058601043566346,0.0,0.0,0.2885062751461544,0.3061807496681017,0.0,0.0,0.0,0.0,0.310806138006966
0.2263959203699346,0.0,0.0,0.0,0.0,0.2553449004277861,0.2844240801509367,0.2946577706980559,0.2907180267754983,0.0,0.0,0.0,0.2801683540595602,0.0,0.2407187873684634,0.2657783859378699,0.0,0.2590713580163621,0.0,0.268138290342829,0.260928404924114,0.2594292452966327,0.2424506002877001,0.0,0.2358637760043538,0.2494685944303157,0.2552082559111159,0.278118646103248,0.2708290796306062,0.0,0.2224690259797861,0.2828552367728579,0.1916687907893001,0.2338498025813302,0.2851977075656047,0.0,0.0,0.0,0.2973067996197251,0.2773467821209181,0.2692258476488662,0.3072071054180275,0.0,0.0,0.0,0.2795152378203264,0.2531970499244551,0.0,0.0,0.0,0.0,0.0,0.0,0.0,0.0,0.0,0.0,0.0,0.0,0.3164830224557913,0.2738648339940784,0.0,0.2649187390757277,0.0,0.2938731193634889,0.3076634944671085,0.2957480946440407,0.0,0.0,0.272626162640473,0.2910932265779523,0.2973670620586812,0.0,0.2924327242583536,0.0,0.2789075037030955
0.0,0.0,0.0,0.0,0.2684860737107091,0.2676930488112485,0.2876321666713279,0.276096808115387,0.2488224296326447,0.0,0.2254755524116052,0.0,0.2835177351227689,0.2413077506528774,0.0,0.0,0.0,0.0,0.2025588722974973,0.0,0.0,0.0,0.217197435905945,0.0,0.0,0.0,0.2535760598723301,0.2920505647635951,0.0,0.0,0.3000059790620146,0.284402723061401,0.0,0.3005719571622191,0.2838631410943273,0.261024724283893,0.0,0.0,0.3099751837113423,0.0,0.0,0.0,0.330847410987139,0.0,0.0,0.0,0.0,0.1780014510126435,0.0,0.2950872201028844,0.3408512152784211,0.3302561442340104,0.3633876764379232,0.2592491148813575,0.0,0.2591201213522743,0.0,0.3343163427952224,0.3266946775379377,0.0,0.0,0.0,0.0,0.2157498352253815,0.0,0.0,0.0,0.3436634758440253,0.0,0.0,0.0,0.3466655584120222,0.0,0.0,0.0,0.0
0.0,0.0,0.0,0.0,0.1468232445831776,0.2518694301486388,0.1227463509926996,0.0,0.264875475108077,0.0,0.2475437583919966,0.0,0.1149112851217209,0.1415432769567405,0.0,0.0,0.0,0.0,0.0,0.0,0.0,0.0,0.2573104818876071,0.0,0.0,0.0,0.2696081672654978,0.1376792435473363,0.0,0.0,0.0,0.1750442906143129,0.0,0.1826772867404511,0.1635371467940837,0.1114501399978551,0.1195918820342933,0.0,0.0,0.0,0.0,0.0,0.0,0.0,0.0,0.0,0.0,0.0,0.0,0.0,0.0,0.0,0.0,0.0,0.0,0.0,0.0,0.0,0.0,0.0,0.0,0.0,0.0,0.0,0.0,0.0,0.0,0.0,0.0,0.0,0.0,0.0,0.0,0.0,0.0,0.0
0.0,0.0,0.2684860737107091,0.1468232445831776,0.0,0.2544784988281373,0.2120142300978318,0.2120915283303183,0.2383629080591733,0.2728432327193453,0.2106233419164549,0.2639681858945397,0.2168367697102611,0.1724803563156045,0.0,0.0,0.0,0.0,0.252081802215824,0.2585229196111712,0.0,0.2835980252211511,0.2462655123830529,0.0,0.2888783748781842,0.2902288821472369,0.2668135973752574,0.2085260077258611,0.2400880794815956,0.0,0.2663199719864708,0.2632524114581135,0.2562413320555896,0.2485476735996575,0.1972656046730913,0.1301257449173478,0.12024348765415,0.2597457634640255,0.0,0.0,0.0,0.0,0.0,0.0,0.0,0.0,0.0,0.0,0.0,0.0,0.0,0.0,0.0,0.0,0.0,0.0,0.0,0.0,0.0,0.0,0.0,0.0,0.0,0.0,0.0,0.0,0.0,0.3233379242375968,0.0,0.0,0.0,0.0,0.0,0.0,0.0,0.0
0.2768455310774501,0.2553449004277861,0.2676930488112485,0.2518694301486388,0.2544784988281373,0.0,0.2514351586649451,0.2557836231358039,0.2320092237826568,0.2893255476835608,0.2568478642989398,0.0,0.2360474427727917,0.2168071425674015,0.2698113877670496,0.2772181273618541,0.0,0.2721311425565688,0.2678971689486406,0.2573098172893619,0.2655227213609208,0.2785055043779081,0.2465166449450228,0.0,0.2507269844482417,0.2634812370074666,0.2308786261088259,0.2423114001520074,0.2034720030751524,0.2615356310661877,0.2740271797398706,0.2716465957866976,0.2472918763862233,0.2807596484270363,0.2786878422357651,0.2557427806887056,0.2604223258646351,0.2892649317569427,0.2752893357941154,0.0,0.3173237621457538,0.3438737168163867,0.3074557377036759,0.0,0.0,0.0,0.0,0.3254139486764031,0.0,0.0,0.3080138063233661,0.3220183317310767,0.3012694003717123,0.3170199653251269,0.0,0.3135115732411296,0.0,0.3215802797825993,0.0,0.3102987832329054,0.0,0.0,0.0,0.3207124567591408,0.3118602299111938,0.304128602993288,0.3115406491001945,0.3209862206604812,0.0,0.0,0.0,0.3200189683097071,0.3217121419423152,0.2959991329533523,0.0,0.3195358667946298
0.0,0.2844240801509367,0.2876321666713279,0.1227463509926996,0.2120142300978318,0.2514351586649451,0.0,0.2606067149877433,0.2562601514739975,0.2651320942978353,0.2689463518486255,0.0,0.2003423009141517,0.2035808046732803,0.0,0.2952911422040706,0.2834048192232208,0.2896579607821033,0.2940326842984777,0.2652336433567925,0.0,0.2896646657098429,0.2626822554760842,0.0,0.2774099848041285,0.2775822920151184,0.2645286687980319,0.2205956068957355,0.2420666021573176,0.0,0.2504577548371179,0.2444218665473055,0.0,0.2431317979412554,0.1826776938513454,0.1700086039215104,0.1614922216222259,0.2319083597032274,0.0,0.0,0.0,0.0,0.0,0.0,0.0,0.0,0.0,0.0,0.0,0.0,0.3322499013257037,0.0,0.0,0.0,0.0,0.0,0.0,0.0,0.0,0.0,0.0,0.0,0.0,0.0,0.0,0.0,0.0,0.3280913650287094,0.0,0.0,0.0,0.3325767094708937,0.0,0.0,0.0,0.0
0.3087068422226711,0.2946577706980559,0.276096808115387,0.0,0.2120915283303183,0.2557836231358039,0.2606067149877433,0.0,0.3352718483319726,0.0,0.2407600547629372,0.0,0.2650658138233652,0.2007252658465658,0.2571329168543481,0.3062925307394782,0.0,0.3018923618372076,0.3059462629746882,0.2727415289204809,0.272323375550826,0.3061610889759421,0.2222555785914647,0.2991613935505289,0.2738893333544269,0.2970100270354092,0.2723573594799539,0.2792250876496939,0.2458521009861802,0.2908867409067604,0.2802550976173902,0.2725863199692396,0.0,0.288630905555889,0.3055995439055767,0.1993876195946381,0.0,0.0,0.3034302713897457,0.0,0.3214255583827248,0.0,0.295137833261041,0.0,0.0,0.0,0.0,0.332404368866749,0.0,0.0,0.2973492243312189,0.0,0.2828020302097529,0.3442377391428034,0.0,0.3146966814422031,0.0,0.3052871470942893,0.2876487804757203,0.2925384720980492,0.0,0.0,0.0,0.3132148092235844,0.3037696233811146,0.0,0.0,0.3099141651982085,0.0,0.0,0.0,0.3245969482119201,0.3156693760737684,0.3007185884242381,0.0,0.3308096507919726
0.0,0.2907180267754983,0.2488224296326447,0.264875475108077,0.2383629080591733,0.2320092237826568,0.2562601514739975,0.3352718483319726,0.0,0.2929491989665436,0.2255121619421841,0.0,0.2605153254118845,0.250923364451661,0.0,0.3103361331924469,0.0,0.0,0.2257939778078638,0.2585233774081196,0.0,0.2956808601072193,0.2771911318880031,0.0,0.0,0.0,0.2611424460530961,0.2872909877687195,0.2524009591721876,0.2908533856388977,0.2928152333261071,0.2781119678690157,0.2834887271325717,0.2940657965265105,0.2880337019836497,0.2733168005948649,0.2810614963736929,0.2882034147343239,0.3147604705573323,0.0,0.0,0.0,0.3376504387604642,0.0,0.0,0.0,0.0,0.3497627618496927,0.0,0.0,0.3559539816469783,0.0,0.3553177149509169,0.3784611646998757,0.0,0.3560200345586283,0.0,0.0,0.3383504797751541,0.0,0.0,0.0,0.0,0.3433690187861657,0.0,0.0,0.0,0.3499288224863418,0.0,0.0,0.0,0.3417459011149963,0.0,0.0,0.0,0.0
0.2534862368790974,0.0,0.0,0.0,0.2728432327193453,0.2893255476835608,0.2651320942978353,0.0,0.2929491989665436,0.0,0.270203185641781,0.2010493454134159,0.2551341387271425,0.0,0.0,0.263049565513172,0.2350381313738475,0.2512742509515413,0.0,0.0,0.0,0.0,0.0,0.216059139778508,0.2370583331182356,0.2380156883538789,0.0,0.2588491191103706,0.0,0.0,0.2190664759101272,0.2749219800266297,0.2228427613135022,0.2331869517584776,0.245617919927341,0.2421336228199196,0.1505608411032528,0.199271783688981,0.2666205608581326,0.2131523000068017,0.2205605917070372,0.2411643562812955,0.0,0.0,0.1960950834412975,0.0,0.0,0.0,0.0,0.0,0.0,0.0,0.0,0.0,0.2649759556481886,0.0,0.2813920736670662,0.0,0.0,0.0,0.0,0.2684961319824305,0.2505171327132525,0.0,0.0,0.0,0.0,0.0,0.2729652616388768,0.2660705113527223,0.2873940310806039,0.0,0.0,0.0,0.0,0.2567125126622417
0.0,0.0,0.2254755524116052,0.2475437583919966,0.2106233419164549,0.2568478642989398,0.2689463518486255,0.2407600547629372,0.2255121619421841,0.270203185641781,0.0,0.0,0.2624893093982595,0.1799345089073933,0.0,0.0,0.0,0.0,0.1727848448104838,0.0,0.0,0.0,0.2103813325618286,0.0,0.0,0.0,0.2658792705698587,0.2691894256929333,0.0,0.0,0.2695868705988783,0.2150053856995296,0.2780459883261714,0.2785576343162551,0.240921086920348,0.1794255689404913,0.2476968220180524,0.2709231934445417,0.2595741121999397,0.0,0.0,0.0,0.2641168506661959,0.0,0.0,0.0,0.0,0.2904772128645063,0.0,0.0,0.3124551665432312,0.3046461552581359,0.3128625296009011,0.3174572713322347,0.0,0.2228772185967742,0.0,0.0,0.2474585568843311,0.0,0.0,0.0,0.0,0.2448217183932144,0.0,0.0,0.0,0.3146621561341068,0.0,0.0,0.0,0.3434220051638016,0.0,0.0,0.0,0.0
0.2455336089572608,0.0,0.0,0.0,0.2639681858945397,0.0,0.0,0.0,0.0,0.2010493454134159,0.0,0.0,0.2560685512634337,0.0,0.0,0.0,0.2557887174466041,0.2602099916654963,0.0,0.0,0.0,0.0,0.0,0.2031412417952273,0.2476356591987995,0.2149728068558539,0.0,0.2543316684390667,0.0,0.0,0.2325491607521594,0.180020696820886,0.1812111861076898,0.1981328470556362,0.2054117925520689,0.1778035062541602,0.1847280924844561,0.1610962008278332,0.0,0.2376349755109988,0.2421506493160333,0.0,0.0,0.0,0.2349491826602688,0.0,0.0,0.0,0.0,0.0,0.0,0.0,0.0,0.0,0.278721491133618,0.0,0.2863123111292682,0.0,0.0,0.0,0.0,0.0,0.2570916581699978,0.0,0.0,0.0,0.0,0.0,0.2741523697474107,0.2708492854998563,0.2897022319147022,0.0,0.0,0.0,0.0,0.0
0.0,0.2801683540595602,0.2835177351227689,0.1149112851217209,0.2168367697102611,0.2360474427727917,0.2003423009141517,0.2650658138233652,0.2605153254118845,0.2551341387271425,0.2624893093982595,0.2560685512634337,0.0,0.2267799113456964,0.2712107388293035,0.2913002999602427,0.2721671337352945,0.2836827281356484,0.2803536666712364,0.261667903922043,0.2708119003761173,0.2918182389431836,0.2653841979111183,0.2550361087439813,0.2725089157706186,0.2687806041829811,0.2671090701508172,0.2152551654012046,0.2303849223728935,0.2337211019502384,0.2487185031146374,0.2369344304802005,0.2411181855198033,0.2385902368964343,0.2115712962696971,0.1926215110913255,0.1545892523598512,0.2350400878516352,0.3104305676396662,0.0,0.0,0.0,0.0,0.0,0.0,0.0,0.0,0.0,0.0,0.0,0.0,0.0,0.3119106363183539,0.0,0.0,0.0,0.0,0.0,0.0,0.0,0.0,0.0,0.0,0.0,0.0,0.0,0.0,0.3202030428183801,0.0,0.0,0.0,0.3279421516270606,0.0,0.0,0.0,0.0
0.0,0.0,0.2413077506528774,0.1415432769567405,0.1724803563156045,0.2168071425674015,0.2035808046732803,0.2007252658465658,0.250923364451661,0.0,0.1799345089073933,0.0,0.2267799113456964,0.0,0.0,0.0,0.0,0.0,0.2280860174060351,0.0,0.2875911119331876,0.0,0.1974893266207847,0.0,0.0,0.0,0.2444722546067157,0.1440589659943578,0.0,0.0,0.2205756715721695,0.1493457677571771,0.0,0.218627309739344,0.0,0.1270144242335775,0.1077401058963487,0.0,0.0,0.0,0.0,0.0,0.0,0.0,0.0,0.0,0.0,0.2793683258917389,0.0,0.0,0.0,0.0,0.0,0.0,0.0,0.2629996774890911,0.0,0.0,0.0,0.0,0.0,0.0,0.0,0.0,0.0,0.0,0.0,0.0,0.0,0.0,0.0,0.0,0.0,0.0,0.0,0.0
0.2330466823541764,0.2407187873684634,0.0,0.0,0.0,0.2698113877670496,0.0,0.2571329168543481,0.0,0.0,0.0,0.0,0.2712107388293035,0.0,0.0,0.2564344712377681,0.0,0.2599268817799544,0.0,0.2518568669731409,0.2389027175680524,0.2471211371632999,0.2416158469378171,0.0,0.2250328800691315,0.2383853653785198,0.2612343921350025,0.2529816669859718,0.2522418975406282,0.0,0.2530784557489746,0.2839468496574209,0.2412777343726108,0.2941368620609093,0.3254251269007268,0.3163955567702353,0.0,0.0,0.2972075842914508,0.2717607050001112,0.3107940921103229,0.3254107707635868,0.0,0.0,0.0,0.2076693135464547,0.2895743298988474,0.0,0.0,0.0,0.2551667447897193,0.0,0.0,0.0,0.0,0.0,0.0,0.0,0.0,0.265164633651256,0.3057106759780278,0.0,0.0,0.0,0.2647836832463243,0.297300510972204,0.2981285872737316,0.2884658518059192,0.0,0.2818550088880521,0.3309931967060915,0.2901500780542916,0.0,0.2891296982773695,0.0,0.3156475150032714
0.2650930637438824,0.2657783859378699,0.0,0.0,0.0,0.2772181273618541,0.2952911422040706,0.3062925307394782,0.3103361331924469,0.263049565513172,0.0,0.0,0.2913002999602427,0.0,0.2564344712377681,0.0,0.2625217030039835,0.2297412844518922,0.0,0.2637238568787953,0.2563889755287139,0.2541715234803042,0.2563705204553236,0.2652953050276468,0.2616839379703268,0.272377215689644,0.2770412229708545,0.2852591978059922,0.2709148383922194,0.2669365727380867,0.2545121400923418,0.3215465637303347,0.254284712089627,0.2525088125108413,0.2624944401123605,0.0,0.0,0.0,0.296231405710346,0.2798957401147236,0.2839851139577836,0.3129275292095158,0.0,0.0,0.0,0.3001130452229315,0.2903402036356908,0.0,0.0,0.0,0.0,0.0,0.0,0.0,0.0,0.0,0.0,0.0,0.0,0.0,0.2891716293458544,0.0,0.2844839602659171,0.0,0.0,0.327613719861719,0.2996369700448226,0.0,0.0,0.2883511969943255,0.3000372550489901,0.0,0.0,0.0,0.0,0.2792581964575153
0.2453491233784886,0.0,0.0,0.0,0.0,0.0,0.2834048192232208,0.0,0.0,0.2350381313738475,0.0,0.2557887174466041,0.2721671337352945,0.0,0.0,0.2625217030039835,0.0,0.2374166028706382,0.0,0.3384574707621744,0.0,0.2697099756379497,0.0,0.2515292538783543,0.237871643254217,0.2502130421471263,0.0,0.2715830137205938,0.0,0.0,0.241107090512288,0.290705405255333,0.2443326340167164,0.2566453260592584,0.255794893898994,0.0,0.0,0.2147800592096917,0.2788253330940317,0.2591516811567468,0.2908923214861517,0.0,0.0,0.0,0.0,0.0,0.0,0.0,0.0,0.0,0.0,0.0,0.0,0.0,0.285773400339064,0.0,0.2863244479771564,0.0,0.0,0.0,0.0,0.0,0.2721480280112006,0.0,0.0,0.0,0.0,0.0,0.3152852425581127,0.2666571692263101,0.2893979614213336,0.0,0.0,0.0,0.0,0.3098660638235515
0.2605378332687263,0.2590713580163621,0.0,0.0,0.0,0.2721311425565688,0.2896579607821033,0.3018923618372076,0.0,0.2512742509515413,0.0,0.2602099916654963,0.2836827281356484,0.0,0.2599268817799544,0.2297412844518922,0.2374166028706382,0.0,0.0,0.278033567557436,0.2700463179754563,0.2724783679397474,0.2864207307482404,0.2488110118712339,0.2507233743513674,0.2627504657024616,0.2758918826942191,0.2792657121210345,0.2812768364401773,0.0,0.2535784027342403,0.3001436375748686,0.2446144320914761,0.2640799503584099,0.2676591472032379,0.0,0.0,0.0,0.2925641465120178,0.2716902090358035,0.2778646891062324,0.2980887567210171,0.0,0.0,0.0,0.2950284534615093,0.2716653458035117,0.0,0.0,0.0,0.0,0.0,0.0,0.0,0.279956497259059,0.0,0.2809759286882973,0.0,0.0,0.0,0.2749753776262958,0.2640192484115518,0.2794258764688063,0.0,0.0,0.0,0.2583575560997188,0.0,0.3013459843645202,0.281516007999278,0.2961596893565266,0.0,0.0,0.0,0.0,0.2848076958218105
0.0,0.0,0.2025588722974973,0.0,0.252081802215824,0.2678971689486406,0.2940326842984777,0.3059462629746882,0.2257939778078638,0.0,0.1727848448104838,0.0,0.2803536666712364,0.2280860174060351,0.0,0.0,0.0,0.0,0.0,0.0,0.0,0.0,0.1981701642358181,0.0,0.0,0.0,0.2658328991779281,0.2788506681218777,0.0,0.0,0.293922472930711,0.2656900268425208,0.0,0.2943911068835464,0.2671199641022423,0.2447691155709908,0.27845260176524,0.3021101661695238,0.281704614423751,0.0,0.0,0.0,0.3101117656717476,0.0,0.0,0.0,0.0,0.3238365268583235,0.0,0.0,0.3510148096043401,0.0,0.3397906612661974,0.3417367774450258,0.0,0.2901611430716845,0.0,0.0,0.3103504825733111,0.0,0.0,0.0,0.0,0.3219044725721099,0.0,0.0,0.0,0.3432733055184646,0.0,0.0,0.0,0.3411344767879745,0.0,0.0,0.0,0.0
0.2571793515333048,0.268138290342829,0.0,0.0,0.2585229196111712,0.2573098172893619,0.2652336433567925,0.2727415289204809,0.2585233774081196,0.0,0.0,0.0,0.261667903922043,0.0,0.2518568669731409,0.2637238568787953,0.3384574707621744,0.278033567557436,0.0,0.0,0.2736270519042606,0.2599147622783352,0.2331883431889661,0.0,0.2606852638867726,0.2806928680146027,0.2313214677855018,0.2377814291986848,0.2185760441183578,0.2329589137375253,0.2522274890879217,0.3109966144438055,0.263148240529174,0.3030410352450315,0.3352326108995161,0.3504633784277692,0.3067876707521721,0.0,0.3029273786884291,0.3041714486012331,0.3224580199187846,0.3214248949990431,0.0,0.0,0.0,0.0,0.2946669574941393,0.0,0.0,0.0,0.0,0.0,0.0,0.0,0.0,0.0,0.0,0.0,0.0,0.304315118707314,0.0,0.0,0.0,0.0,0.3001457573745387,0.301701176277208,0.2972735003880484,0.3136026247018052,0.0,0.0,0.3051482367511569,0.304505472274579,0.3100594260068947,0.3018324066719728,0.0,0.3160625023408684
0.2336596717603676,0.260928404924114,0.0,0.0,0.0,0.2655227213609208,0.0,0.272323375550826,0.0,0.0,0.0,0.0,0.2708119003761173,0.2875911119331876,0.2389027175680524,0.2563889755287139,0.0,0.2700463179754563,0.0,0.2736270519042606,0.0,0.279661106812624,0.2398966990702517,0.2834846670828372,0.2495588084832356,0.2468257231787548,0.2644970959705199,0.2641217019250242,0.2496404518592063,0.2701686940619115,0.2345179285414479,0.2790223373467242,0.2319753981343765,0.283365921628208,0.3331106246373637,0.2966721090602816,0.0,0.0,0.2971112019706847,0.3068669524452084,0.3138931113200953,0.3520521423043594,0.0,0.0,0.0,0.2996679960452783,0.2969614593662052,0.0,0.0,0.0,0.2511656122552486,0.0,0.2045266488682701,0.0,0.0,0.0,0.0,0.0,0.0,0.3066591870297615,0.3150141505781019,0.0,0.0,0.0,0.2943948135185648,0.2747390781290611,0.3112232645600071,0.3049647974055231,0.0,0.0,0.3344755094031631,0.3141515848545733,0.3108145525357996,0.259264275896048,0.0,0.3207132490586116
0.243807834456867,0.2594292452966327,0.0,0.0,0.2835980252211511,0.2785055043779081,0.2896646657098429,0.3061610889759421,0.2956808601072193,0.0,0.0,0.0,0.2918182389431836,0.0,0.2471211371632999,0.2541715234803042,0.2697099756379497,0.2724783679397474,0.0,0.2599147622783352,0.279661106812624,0.0,0.2703624794248956,0.0,0.255828307176894,0.2610580544752277,0.2786522087904972,0.2671264428232192,0.2670870871586628,0.2569840685729617,0.2435626650271741,0.3045798878846702,0.2543730590622707,0.2848938537974183,0.3326843528518717,0.3532155712124671,0.3082806017675239,0.0,0.3055738444987664,0.2924472087758621,0.3015374754460447,0.3243660135603161,0.0,0.0,0.0,0.2931633773381759,0.2895826533923043,0.0,0.0,0.0,0.0,0.0,0.0,0.0,0.0,0.0,0.0,0.0,0.0,0.3138192492071305,0.2941825736387981,0.0,0.2722338832484191,0.0,0.2892909704252677,0.3178291078649868,0.3106822576529411,0.299546405337424,0.0,0.2750689413381326,0.3133053725956106,0.3015653339465481,0.0,0.294001262258595,0.0,0.3044670043311094
0.2693507273681781,0.2424506002877001,0.217197435905945,0.2573104818876071,0.2462655123830529,0.2465166449450228,0.2626822554760842,0.2222555785914647,0.2771911318880031,0.0,0.2103813325618286,0.0,0.2653841979111183,0.1974893266207847,0.2416158469378171,0.2563705204553236,0.0,0.2864207307482404,0.1981701642358181,0.2331883431889661,0.2398966990702517,0.2703624794248956,0.0,0.2985509549760828,0.2528942871128914,0.2677737447462484,0.2187988566801032,0.2711119901875493,0.247882385690143,0.2734107366486988,0.274983345692066,0.263965982223068,0.2301817763998528,0.287635410929988,0.295843590337497,0.2258577895964364,0.2704810181262794,0.3021555872501733,0.3038868397433085,0.2249480375686751,0.3155499505153425,0.3280457877656947,0.3014449213254256,0.0,0.0,0.0,0.2966054494227369,0.3277167804001218,0.0,0.3476684853579179,0.3190252985018271,0.3179005302058558,0.3064163282123807,0.3355963711906063,0.0,0.315763237582598,0.0,0.3137717637855443,0.2862668318835087,0.2913113012302922,0.0,0.0,0.0,0.3073172193639729,0.2989216223074115,0.2881331672831868,0.2870888327849378,0.3227795051275348,0.0,0.0,0.2991609006176149,0.328219023382151,0.3187048879816874,0.3055654000178324,0.3212022725497693,0.3240338237453351
0.2210636584376843,0.0,0.0,0.0,0.0,0.0,0.0,0.2991613935505289,0.0,0.216059139778508,0.0,0.2031412417952273,0.2550361087439813,0.0,0.0,0.2652953050276468,0.2515292538783543,0.2488110118712339,0.0,0.0,0.2834846670828372,0.0,0.2985509549760828,0.0,0.2472871547335209,0.2236084824966528,0.0,0.2612802507816622,0.0,0.0,0.2289502075128949,0.2473858123064831,0.1834314147056285,0.1924247988618212,0.228856213616984,0.1641910643764453,0.1378371931537121,0.2109888987544427,0.3173079513747117,0.2128967795817711,0.2108205740392002,0.0,0.0,0.0,0.1928242125734375,0.3007239839467499,0.0,0.0,0.0,0.0,0.0,0.0,0.0,0.0,0.2591703142743202,0.0,0.2739421793857619,0.0,0.0,0.0,0.0,0.0,0.3028792280468759,0.0,0.0,0.0,0.0,0.0,0.260046578665198,0.2730774272600277,0.2934478034364406,0.0,0.0,0.0,0.0,0.2951629073110385
0.2417251518890259,0.2358637760043538,0.0,0.0,0.2888783748781842,0.2507269844482417,0.2774099848041285,0.2738893333544269,0.0,0.2370583331182356,0.0,0.2476356591987995,0.2725089157706186,0.0,0.2250328800691315,0.2616839379703268,0.237871643254217,0.2507233743513674,0.0,0.2606852638867726,0.2495588084832356,0.255828307176894,0.2528942871128914,0.2472871547335209,0.0,0.2501216225055297,0.2510177945716667,0.2710778248871702,0.264905178420413,0.0,0.2535269461113286,0.2968660240911911,0.2300575048445283,0.2553482111797325,0.2569589899515364,0.0,0.0,0.2181519896716716,0.2934990058170456,0.2769365971779271,0.2732183887825927,0.296233555717097,0.0,0.0,0.0,0.2863393826396562,0.2602130178285586,0.0,0.0,0.0,0.0,0.0,0.0,0.0,0.2907305960555602,0.0,0.2916630025335518,0.0,0.0,0.0,0.2771202386507951,0.2916149436943916,0.2838491120474044,0.0,0.0,0.3113728077463155,0.2741349040148591,0.0,0.2922069878220749,0.2846885882206039,0.2989276140180962,0.0,0.0,0.0,0.0,0.2865486874542393
0.225049576160887,0.2494685944303157,0.0,0.0,0.2902288821472369,0.2634812370074666,0.2775822920151184,0.2970100270354092,0.0,0.2380156883538789,0.0,0.2149728068558539,0.2687806041829811,0.0,0.2383853653785198,0.272377215689644,0.2502130421471263,0.2627504657024616,0.0,0.2806928680146027,0.2468257231787548,0.2610580544752277,0.2677737447462484,0.2236084824966528,0.2501216225055297,0.0,0.2787718030539121,0.2698203607119433,0.2643992762953626,0.0,0.2529534274331309,0.2925007338863687,0.2349107534618658,0.2567819243115996,0.2857388559047702,0.320352277030757,0.0,0.2280552635024874,0.3059196372378177,0.2870925090785392,0.2942823191997846,0.3111228433177506,0.0,0.0,0.0,0.3006730416361463,0.2854499679027666,0.0,0.0,0.0,0.0,0.0,0.0,0.0,0.3015746127886192,0.0,0.2999474066905621,0.0,0.0,0.3094174019421398,0.2939693929990531,0.2847504833086919,0.295751130628142,0.0,0.2899018752993636,0.3163881417738851,0.3149812648994637,0.2920108544228132,0.3092023773649319,0.2938520851181409,0.3048721801785727,0.2978070558122658,0.0,0.307911352154091,0.0,0.2953540783957232
0.2697750459749616,0.2552082559111159,0.2535760598723301,0.2696081672654978,0.2668135973752574,0.2308786261088259,0.2645286687980319,0.2723573594799539,0.2611424460530961,0.0,0.2658792705698587,0.0,0.2671090701508172,0.2444722546067157,0.2612343921350025,0.2770412229708545,0.0,0.2758918826942191,0.2658328991779281,0.2313214677855018,0.2644970959705199,0.2786522087904972,0.2187988566801032,0.0,0.2510177945716667,0.2787718030539121,0.0,0.2722307984010553,0.2366650117440192,0.2704086006768888,0.268384756689539,0.2838991676572726,0.2449422666882486,0.2880711223011455,0.3040919355320143,0.2895724445125919,0.2742681898894733,0.0,0.3008350563574899,0.0,0.3230680777565758,0.3252074726070978,0.2969261522653367,0.0,0.0,0.0,0.0,0.336160750862765,0.0,0.0,0.3187602799401806,0.3283725151291964,0.3167865148752946,0.3454167141194149,0.0,0.3244483145254134,0.0,0.323651479574532,0.3289568862395019,0.3015210969242923,0.0,0.0,0.0,0.3404131590944296,0.3087037562370179,0.3027317613778939,0.3075601363106787,0.3276273417397015,0.0,0.0,0.3083887275795036,0.3264123373844165,0.3206028838178626,0.309604120359942,0.3243400283250594,0.3230537606574182
0.2915869544051891,0.278118646103248,0.2920505647635951,0.1376792435473363,0.2085260077258611,0.2423114001520074,0.2205956068957355,0.2792250876496939,0.2872909877687195,0.2588491191103706,0.2691894256929333,0.2543316684390667,0.2152551654012046,0.1440589659943578,0.2529816669859718,0.2852591978059922,0.2715830137205938,0.2792657121210345,0.2788506681218777,0.2377814291986848,0.2641217019250242,0.2671264428232192,0.2711119901875493,0.2612802507816622,0.2710778248871702,0.2698203607119433,0.2722307984010553,0.0,0.2031076483800263,0.2086589420508739,0.2323531872685753,0.2430244489614725,0.2517225485083056,0.2299577580832691,0.213108196012133,0.1722459436033701,0.160700969015395,0.2267482050641811,0.3081088692353712,0.0,0.0,0.0,0.0,0.0,0.0,0.0,0.0,0.0,0.0,0.0,0.3106298742050483,0.0,0.318125510638017,0.0,0.0,0.0,0.0,0.0,0.0,0.3398942186822627,0.0,0.0,0.0,0.0,0.3137755451032281,0.0,0.0,0.3279417935216585,0.0,0.0,0.0,0.3255769847560845,0.3303045015172404,0.3098471504800383,0.0,0.3469701202638304
0.27695803793593,0.2708290796306062,0.0,0.0,0.2400880794815956,0.2034720030751524,0.2420666021573176,0.2458521009861802,0.2524009591721876,0.0,0.0,0.0,0.2303849223728935,0.0,0.2522418975406282,0.2709148383922194,0.0,0.2812768364401773,0.0,0.2185760441183578,0.2496404518592063,0.2670870871586628,0.247882385690143,0.0,0.264905178420413,0.2643992762953626,0.2366650117440192,0.2031076483800263,0.0,0.2237311687621794,0.2307363233493232,0.2815473647189469,0.2379777126880024,0.2672995362311196,0.3056586660274299,0.3260631891778874,0.0,0.0,0.2932928635822266,0.0,0.0,0.3331757282280739,0.0,0.0,0.0,0.0,0.3139767303432301,0.0,0.0,0.0,0.0,0.0,0.2948430571563052,0.0,0.0,0.0,0.0,0.0,0.0,0.2872675536453791,0.0,0.0,0.0,0.0,0.2998397160585961,0.2725110899685553,0.2923252852970273,0.3054987519020087,0.0,0.0,0.3068035285648832,0.3064564510269496,0.3152248656645143,0.2924926429472498,0.0,0.3180976279862302
0.0,0.0,0.0,0.0,0.0,0.2615356310661877,0.0,0.2908867409067604,0.2908533856388977,0.0,0.0,0.0,0.2337211019502384,0.0,0.0,0.2669365727380867,0.0,0.0,0.0,0.2329589137375253,0.2701686940619115,0.2569840685729617,0.2734107366486988,0.0,0.0,0.0,0.2704086006768888,0.2086589420508739,0.2237311687621794,0.0,0.2009381810151218,0.2564553501251814,0.0,0.207661020148804,0.0,0.0,0.0,0.0,0.3134377247259572,0.0,0.0,0.0,0.0,0.0,0.0,0.0,0.0,0.0,0.0,0.0,0.0,0.0,0.0,0.0,0.0,0.0,0.0,0.0,0.0,0.0,0.0,0.0,0.0,0.0,0.3101022590407939,0.0,0.0,0.3243878271031433,0.0,0.0,0.0,0.3317710294268276,0.0,0.3555858412735932,0.0,0.0
0.2339593947069995,0.2224690259797861,0.3000059790620146,0.0,0.2663199719864708,0.2740271797398706,0.2504577548371179,0.2802550976173902,0.2928152333261071,0.2190664759101272,0.2695868705988783,0.2325491607521594,0.2487185031146374,0.2205756715721695,0.2530784557489746,0.2545121400923418,0.241107090512288,0.2535784027342403,0.293922472930711,0.2522274890879217,0.2345179285414479,0.2435626650271741,0.274983345692066,0.2289502075128949,0.2535269461113286,0.2529534274331309,0.268384756689539,0.2323531872685753,0.2307363233493232,0.2009381810151218,0.0,0.2288777970239704,0.2068887914905953,0.1964797430086585,0.192110635519257,0.2316863250814044,0.0,0.2036104161933092,0.3033154155658016,0.2697548027067291,0.2868125856249993,0.3541397041292336,0.0,0.0,0.0,0.2885874453910281,0.2530778265605972,0.0,0.0,0.0,0.3302567135676379,0.0,0.3213214919754521,0.0,0.2425780253462745,0.0,0.2405849454492524,0.0,0.0,0.2358395317085675,0.2557390994542129,0.0,0.2831696807140562,0.0,0.0,0.2883712924447235,0.2908406587709389,0.3224180768143562,0.311108255154425,0.2763374849933854,0.285011999835694,0.3338368926173775,0.3537211754254214,0.3347061084425682,0.0,0.0
0.2919234720939114,0.2828552367728579,0.284402723061401,0.1750442906143129,0.2632524114581135,0.2716465957866976,0.2444218665473055,0.2725863199692396,0.2781119678690157,0.2749219800266297,0.2150053856995296,0.180020696820886,0.2369344304802005,0.1493457677571771,0.2839468496574209,0.3215465637303347,0.290705405255333,0.3001436375748686,0.2656900268425208,0.3109966144438055,0.2790223373467242,0.3045798878846702,0.263965982223068,0.2473858123064831,0.2968660240911911,0.2925007338863687,0.2838991676572726,0.2430244489614725,0.2815473647189469,0.2564553501251814,0.2288777970239704,0.0,0.2469785915729336,0.2748057795382066,0.2557797950059325,0.1673615148873382,0.200367598765761,0.1782528579553051,0.22805522712099,0.2086745467447616,0.1912986147475947,0.2185393030580118,0.1915692929814484,0.1865287886850509,0.1742126653020651,0.3204136847524609,0.3009787915957816,0.0,0.0,0.0,0.2863461038825175,0.0,0.3104373167777398,0.0,0.1693461944776012,0.0,0.2201648794118565,0.3276328208762342,0.0,0.3013929390717456,0.2995597968269571,0.0,0.2901159988104878,0.0,0.2988018791515117,0.3083946789316454,0.3093778738570165,0.3105969151881197,0.1728435467103152,0.2978561636713265,0.3087297759986338,0.3145112205354295,0.2965849339913946,0.2955047310914967,0.3177805547927284,0.2980177015413568
0.2105841812268712,0.1916687907893001,0.0,0.0,0.2562413320555896,0.2472918763862233,0.0,0.0,0.2834887271325717,0.2228427613135022,0.2780459883261714,0.1812111861076898,0.2411181855198033,0.0,0.2412777343726108,0.254284712089627,0.2443326340167164,0.2446144320914761,0.0,0.263148240529174,0.2319753981343765,0.2543730590622707,0.2301817763998528,0.1834314147056285,0.2300575048445283,0.2349107534618658,0.2449422666882486,0.2517225485083056,0.2379777126880024,0.0,0.2068887914905953,0.2469785915729336,0.0,0.1955544972389429,0.220314343183266,0.3021559295360196,0.1738226006683706,0.1458116498233419,0.2270938256892631,0.2241266042820686,0.2317644970749225,0.2266152077714278,0.0,0.0,0.1545325251920628,0.2765359801668821,0.27208699047438,0.0,0.0,0.0,0.0,0.0,0.0,0.0,0.2106250905069115,0.0,0.2386922979902091,0.0,0.0,0.2969102194809438,0.2674642247324976,0.0,0.2686494358194642,0.0,0.2900259884428765,0.3114392086353925,0.3035103317684484,0.2553461041640849,0.296420797495759,0.2675578136131659,0.2830568576799121,0.2513351520187329,0.0,0.0,0.0,0.2678355479229826
0.2464341446732443,0.2338498025813302,0.3005719571622191,0.1826772867404511,0.2485476735996575,0.2807596484270363,0.2431317979412554,0.288630905555889,0.2940657965265105,0.2331869517584776,0.2785576343162551,0.1981328470556362,0.2385902368964343,0.218627309739344,0.2941368620609093,0.2525088125108413,0.2566453260592584,0.2640799503584099,0.2943911068835464,0.3030410352450315,0.283365921628208,0.2848938537974183,0.287635410929988,0.1924247988618212,0.2553482111797325,0.2567819243115996,0.2880711223011455,0.2299577580832691,0.2672995362311196,0.207661020148804,0.1964797430086585,0.2748057795382066,0.1955544972389429,0.0,0.2530010508156671,0.2319223386151372,0.1893141887106347,0.1656278811138543,0.268105734144606,0.2549717335679287,0.3072887378857208,0.2666953541095041,0.0,0.1787357255586664,0.2040631973440317,0.2949355106783763,0.2830605538343418,0.0,0.0,0.0,0.327823313374938,0.0,0.3296849933395682,0.0,0.2389892003019394,0.0,0.2581179933524706,0.0,0.0,0.3125378743929038,0.2780154013371533,0.0,0.2833691100980423,0.0,0.2927021442471196,0.3179680584842246,0.306060960246111,0.3286332004516871,0.2938442399860161,0.2768719635273743,0.2942583443581725,0.3299444114874222,0.3356035159077411,0.3209297575081608,0.0,0.2900731730253573
0.2866216542881949,0.2851977075656047,0.2838631410943273,0.1635371467940837,0.1972656046730913,0.2786878422357651,0.1826776938513454,0.3055995439055767,0.2880337019836497,0.245617919927341,0.240921086920348,0.2054117925520689,0.2115712962696971,0.0,0.3254251269007268,0.2624944401123605,0.255794893898994,0.2676591472032379,0.2671199641022423,0.3352326108995161,0.3331106246373637,0.3326843528518717,0.295843590337497,0.228856213616984,0.2569589899515364,0.2857388559047702,0.3040919355320143,0.213108196012133,0.3056586660274299,0.0,0.192110635519257,0.2557797950059325,0.220314343183266,0.2530010508156671,0.0,0.2487524880263175,0.1937529312457026,0.1834888175355548,0.2318669240592553,0.2791054478551232,0.1691672940939345,0.2067798361587471,0.2087556181992712,0.2005001734020321,0.0,0.3263727034835043,0.2888349264961628,0.0,0.0,0.0,0.0,0.0,0.0,0.0,0.0,0.0,0.0,0.0,0.0,0.3341771416472978,0.3070442640522491,0.0,0.2667144394725751,0.0,0.3186890693029477,0.3659857236961302,0.3268931852518291,0.3287858557981131,0.0,0.2911105832474798,0.3113853588775994,0.3352179742347005,0.0,0.0,0.0,0.0
0.0,0.0,0.261024724283893,0.1114501399978551,0.1301257449173478,0.2557427806887056,0.1700086039215104,0.1993876195946381,0.2733168005948649,0.2421336228199196,0.1794255689404913,0.1778035062541602,0.1926215110913255,0.1270144242335775,0.3163955567702353,0.0,0.0,0.0,0.2447691155709908,0.3504633784277692,0.2966721090602816,0.3532155712124671,0.2258577895964364,0.1641910643764453,0.0,0.320352277030757,0.2895724445125919,0.1722459436033701,0.3260631891778874,0.0,0.2316863250814044,0.1673615148873382,0.3021559295360196,0.2319223386151372,0.2487524880263175,0.0,0.1370154260975487,0.1925352312424584,0.1912430384460039,0.1847910647593061,0.1854187735104853,0.1940083730979876,0.1863433362064595,0.1732144696432106,0.0,0.0,0.0,0.0,0.0,0.0,0.2807322814011094,0.0,0.2687448382529376,0.0,0.0,0.2742053615809055,0.0,0.0,0.2213119358852017,0.0,0.0,0.0,0.0,0.0,0.0,0.0,0.0,0.2579360253816346,0.0,0.0,0.0,0.2802301500274783,0.2777130867993125,0.0,0.0,0.0
0.0,0.0,0.0,0.1195918820342933,0.12024348765415,0.2604223258646351,0.1614922216222259,0.0,0.2810614963736929,0.1505608411032528,0.2476968220180524,0.1847280924844561,0.1545892523598512,0.1077401058963487,0.0,0.0,0.0,0.0,0.27845260176524,0.3067876707521721,0.0,0.3082806017675239,0.2704810181262794,0.1378371931537121,0.0,0.0,0.2742681898894733,0.160700969015395,0.0,0.0,0.0,0.200367598765761,0.1738226006683706,0.1893141887106347,0.1937529312457026,0.1370154260975487,0.0,0.1776846793270462,0.163532236255391,0.1435993465067545,0.1803706811167884,0.1996885087427139,0.1798039223974956,0.1637570902658596,0.0,0.0,0.0,0.0,0.0,0.0,0.0,0.0,0.0,0.0,0.0,0.0,0.0,0.0,0.0,0.0,0.0,0.0,0.0,0.0,0.0,0.0,0.0,0.0,0.0,0.0,0.0,0.0,0.0,0.0,0.0,0.0
0.2961747362557479,0.0,0.0,0.0,0.2597457634640255,0.2892649317569427,0.2319083597032274,0.0,0.2882034147343239,0.199271783688981,0.2709231934445417,0.1610962008278332,0.2350400878516352,0.0,0.0,0.0,0.2147800592096917,0.0,0.3021101661695238,0.0,0.0,0.0,0.3021555872501733,0.2109888987544427,0.2181519896716716,0.2280552635024874,0.0,0.2267482050641811,0.0,0.0,0.2036104161933092,0.1782528579553051,0.1458116498233419,0.1656278811138543,0.1834888175355548,0.1925352312424584,0.1776846793270462,0.0,0.1820415267635071,0.15401306519551,0.0,0.0,0.0,0.0,0.1530621398689761,0.0,0.0,0.0,0.0,0.0,0.0,0.0,0.0,0.0,0.1904457031441168,0.0,0.1874154520858368,0.0,0.0,0.0,0.0,0.0,0.0,0.0,0.0,0.0,0.0,0.0,0.0,0.0,0.1901924382088,0.0,0.0,0.0,0.0,0.0
0.3183405468234427,0.2973067996197251,0.3099751837113423,0.0,0.0,0.2752893357941154,0.0,0.3034302713897457,0.3147604705573323,0.2666205608581326,0.2595741121999397,0.0,0.3104305676396662,0.0,0.2972075842914508,0.296231405710346,0.2788253330940317,0.2925641465120178,0.281704614423751,0.3029273786884291,0.2971112019706847,0.3055738444987664,0.3038868397433085,0.3173079513747117,0.2934990058170456,0.3059196372378177,0.3008350563574899,0.3081088692353712,0.2932928635822266,0.3134377247259572,0.3033154155658016,0.22805522712099,0.2270938256892631,0.268105734144606,0.2318669240592553,0.1912430384460039,0.163532236255391,0.1820415267635071,0.0,0.2302193635423315,0.26299732354147,0.2800072956256335,0.1759189858126928,0.2153473650886933,0.1800178814143397,0.289670362278451,0.2858919603906451,0.2566195362964491,0.1822637561426636,0.2285853409842885,0.2422216834353226,0.2372358955607234,0.265736633617582,0.2658026140111667,0.2534512586739654,0.2506837968935962,0.1701140530501388,0.2530983492465772,0.1703786336839419,0.3041106017000111,0.2906459789174013,0.2879753991999479,0.2913219800068637,0.2524832183196293,0.3136198956052611,0.285249776146583,0.308419265539923,0.2675763811737496,0.2293966516811335,0.2854868766405397,0.2897003452289725,0.2779142022822455,0.2478370763076494,0.2833685760309924,0.23114359886013,0.2719775170336526
0.2805895550805925,0.2773467821209181,0.0,0.0,0.0,0.0,0.0,0.0,0.0,0.2131523000068017,0.0,0.2376349755109988,0.0,0.0,0.2717607050001112,0.2798957401147236,0.2591516811567468,0.2716902090358035,0.0,0.3041714486012331,0.3068669524452084,0.2924472087758621,0.2249480375686751,0.2128967795817711,0.2769365971779271,0.2870925090785392,0.0,0.0,0.0,0.0,0.2697548027067291,0.2086745467447616,0.2241266042820686,0.2549717335679287,0.2791054478551232,0.1847910647593061,0.1435993465067545,0.15401306519551,0.2302193635423315,0.0,0.1945441212981541,0.2506314375577286,0.2044861747778915,0.184694766965896,0.1521898687661652,0.2133634102310784,0.2114461053690347,0.0,0.0,0.0,0.2273129203193571,0.2242235330827026,0.3254492464088613,0.2890781803405273,0.2127216586542775,0.0,0.1863447961211057,0.2466059559933947,0.0,0.2615815371056781,0.2311911204029942,0.2342858532206662,0.2355700063632164,0.0,0.2503244984097518,0.2325583056204888,0.2507664786302138,0.2392368948559246,0.2005900940121361,0.2115215422975346,0.2242303363589826,0.2545508301371114,0.2340296943300636,0.2203042625692155,0.0,0.2276733323768695
0.3049654916423465,0.2692258476488662,0.0,0.0,0.0,0.3173237621457538,0.0,0.3214255583827248,0.0,0.2205605917070372,0.0,0.2421506493160333,0.0,0.0,0.3107940921103229,0.2839851139577836,0.2908923214861517,0.2778646891062324,0.0,0.3224580199187846,0.3138931113200953,0.3015374754460447,0.3155499505153425,0.2108205740392002,0.2732183887825927,0.2942823191997846,0.3230680777565758,0.0,0.0,0.0,0.2868125856249993,0.1912986147475947,0.2317644970749225,0.3072887378857208,0.1691672940939345,0.1854187735104853,0.1803706811167884,0.0,0.26299732354147,0.1945441212981541,0.0,0.24504723495395,0.2346003609701475,0.2022357121343856,0.1704697170915229,0.2476035322472066,0.2502859151913127,0.275676911175527,0.164500885717338,0.2290769905100441,0.2739973775002629,0.2167701063840908,0.2725623169659246,0.2889218078437153,0.2182519955004531,0.2739237065480557,0.1913692489663553,0.2371211830933233,0.1839438282823035,0.3073351246371669,0.2424768198975727,0.2481531194736313,0.2577115868206877,0.2647715665806443,0.2853170570098393,0.2861372035779564,0.2790398159059509,0.278338181751928,0.1823863499524607,0.2449225504025433,0.2548439159547381,0.283251837744272,0.2410447338744834,0.250418778439945,0.2303782692055761,0.2032037060472794
0.0,0.3072071054180275,0.0,0.0,0.0,0.3438737168163867,0.0,0.0,0.0,0.2411643562812955,0.0,0.0,0.0,0.0,0.3254107707635868,0.3129275292095158,0.0,0.2980887567210171,0.0,0.3214248949990431,0.3520521423043594,0.3243660135603161,0.3280457877656947,0.0,0.296233555717097,0.3111228433177506,0.3252074726070978,0.0,0.3331757282280739,0.0,0.3541397041292336,0.2185393030580118,0.2266152077714278,0.2666953541095041,0.2067798361587471,0.1940083730979876,0.1996885087427139,0.0,0.2800072956256335,0.2506314375577286,0.24504723495395,0.0,0.2759644183134104,0.217434790570927,0.1928036456389436,0.290389141830745,0.2861176095616201,0.2925398008698768,0.2140661450332832,0.187265822039574,0.2661102085245106,0.2212417659068587,0.2893082569284818,0.2876055899620376,0.2064672040454474,0.2743233881681546,0.1977829623200973,0.2401506938572317,0.0,0.3370526001788636,0.2837634366694439,0.2479986544100538,0.2709857748921185,0.268646238620994,0.3252805876167476,0.3351744335434118,0.3240431208581836,0.2786238544361603,0.1852944807421842,0.2694577800489593,0.2968598482639331,0.2783923285365192,0.2328091073677912,0.284619494925956,0.2309452132082455,0.2137715166368628
