0.0,0.3581883223954439,0.0,0.0,0.0,0.4063215886718796,0.0,0.4470312077119835,0.0,0.4365067382373088,0.0,0.375278324673997,0.0,0.0,0.3439483991215957,0.3608097418655371,0.3051933945044474,0.358928982972716,0.0,0.3922493940646051,0.3687319798702968,0.3567617838818926,0.4149316438923596,0.3494388492704648,0.3467310986374503,0.3390015650660279,0.4146741224649752,0.4407411664197442,0.4140367533831028,0.0,0.3091149814194558,0.3609260002612444,0.3044980586174795,0.3190914027451871,0.378284221220189,0.0,0.0,0.0,0.3939410705171023,0.3632687484229545,0.3584021234524047,0.0,0.0,0.0,0.0,0.3872996992776311,0.431833874687794,0.0,0.0,0.0,0.0,0.0,0.0,0.0,0.0,0.0,0.0,0.0,0.0,0.0,0.3985733515685161,0.0,0.3768259896304908,0.0,0.0,0.408744596037783,0.3814313908535351,0.0,0.0,0.4092470409936927,0.428576009376363,0.0,0.0,0.0,0.0,0.0
0.3581883223954439,0.0,0.0,0.0,0.3818589948391508,0.3755215101558319,0.3945401231900455,0.4394695076559661,0.4021188146714213,0.0,0.0,0.0,0.3976945401678723,0.0,0.3677541673398207,0.3775301975562919,0.0,0.3824675135329607,0.0,0.4069419787058856,0.386807778812582,0.380339404202476,0.3847263445787519,0.0,0.3840882469800258,0.3730406648111919,0.3910188628648628,0.3857416600384346,0.3907198370601841,0.0,0.3346759657594965,0.3538107262760976,0.3226864967305375,0.3244890809706224,0.3913941362656337,0.0,0.0,0.0,0.4029939534191036,0.3868584126856559,0.3746467656597115,0.4007664712607461,0.0,0.0,0.0,0.4327217683270636,0.4298620309349696,0.0,0.0,0.0,0.0,0.0,0.0,0.0,0.0,0.0,0.0,0.0,0.0,0.4389109323151052,0.3989373369586334,0.0,0.3988275603664148,0.0,0.4118468864332045,0.462279240604258,0.3940677041721689,0.5008927815975226,0.0,0.4218457438611975,0.4455354038977222,0.42407798208739,0.0,0.4126764030559543,0.0,0.3872024381161318
0.0,0.0,0.0,0.0,0.3885843540643215,0.3905475375275791,0.4082128534352123,0.4731237808688986,0.3409870685582999,0.4556417524576868,0.3371455695055957,0.0,0.4073876439378081,0.4270693052256334,0.0,0.0,0.0,0.0,0.2992913869453057,0.0,0.0,0.0,0.3229365933833399,0.0,0.0,0.0,0.386484192249177,0.4184101554598546,0.0,0.4500724295616519,0.4189266371658216,0.4018987652189375,0.0,0.4265682944283585,0.4338148281652434,0.4110730592988498,0.4191170641955598,0.0,0.507219508426663,0.0,0.0,0.0,0.5028496715525502,0.0,0.0,0.0,0.0,0.5009513395382656,0.0,0.5433688331119528,0.5221637997822909,0.0,0.5364518415196221,0.5610680268794216,0.0,0.3696474076733522,0.0,0.0,0.5157731453957042,0.0,0.0,0.0,0.0,0.2524106857960251,0.0,0.0,0.0,0.5215814766489925,0.0,0.0,0.0,0.5333356548513896,0.0,0.0,0.0,0.0
0.0,0.0,0.0,0.0,0.2029815476453288,0.3684554518996035,0.2680453974385708,0.3421927804201239,0.3723052084928637,0.2073808901283235,0.3444310517917854,0.0,0.2612520129269288,0.226267928432462,0.0,0.0,0.0,0.0,0.3852832708251602,0.0,0.0,0.0,0.3634713975150014,0.0,0.0,0.0,0.3815797336100974,0.2257882971002627,0.0,0.0,0.0,0.2941282692807727,0.0,0.2699660412275039,0.2868052761087247,0.1933717889986257,0.1711900097379693,0.0,0.0,0.0,0.0,0.0,0.0,0.0,0.0,0.0,0.0,0.0,0.0,0.0,0.0,0.0,0.0,0.0,0.0,0.0,0.0,0.0,0.0,0.0,0.0,0.0,0.0,0.0,0.0,0.0,0.0,0.0,0.0,0.0,0.0,0.0,0.0,0.0,0.0,0.0
0.0,0.3818589948391508,0.3885843540643215,0.2029815476453288,0.0,0.3801182832980217,0.3396146963548948,0.3789251221342714,0.3456180245931549,0.3604674040922908,0.3278692345171183,0.3843859470303767,0.3565685522693904,0.2408678543707081,0.0,0.0,0.0,0.0,0.3674495121721998,0.3692473315953646,0.0,0.3812415316310895,0.3849276295679168,0.0,0.3694637701613577,0.0,0.3915029438649196,0.3315661587909014,0.3937478025882381,0.0,0.3874462334503624,0.3013635698077296,0.4013179646864183,0.3734416982422978,0.330004214495971,0.1955916229747795,0.2159963018371594,0.3871090060714959,0.0,0.0,0.0,0.0,0.3903320927372956,0.0,0.0,0.0,0.0,0.5196189126119506,0.0,0.0,0.0,0.0,0.4679920361919432,0.5556478115456838,0.0,0.4330050607942474,0.0,0.0,0.0,0.0,0.0,0.0,0.0,0.0,0.0,0.0,0.0,0.4873136852692032,0.0,0.0,0.0,0.5013519483455687,0.0,0.0,0.0,0.0
0.4063215886718796,0.3755215101558319,0.3905475375275791,0.3684554518996035,0.3801182832980217,0.0,0.4053564949429809,0.3692834738714482,0.3618150194182932,0.421391287141804,0.3783262691582372,0.0,0.3941114771140095,0.396468230466981,0.3999388566574807,0.4010816114618168,0.0,0.3980119975463173,0.3932753938797127,0.4038202751863814,0.4043537309485083,0.404151831014194,0.3809146501178428,0.0,0.3488186151896349,0.388891548042152,0.3746433477358437,0.3710828427234305,0.3192272651435564,0.3828913236962169,0.3969036737180552,0.374110132183739,0.3692175027825825,0.4028064299456712,0.4007095288271861,0.3853905563460126,0.3883380409691763,0.0,0.4608602404456144,0.0,0.4764977001382674,0.4504885664658793,0.448043093636278,0.0,0.0,0.0,0.0,0.5241054234218818,0.0,0.0,0.4750221671716066,0.5056833645789627,0.4597167830477692,0.5424363175994992,0.0,0.5198905063237801,0.0,0.492606054721309,0.0,0.4801830927042061,0.0,0.0,0.0,0.4978076541587597,0.4781410254333809,0.4780112126006521,0.4746823014326827,0.4865719472150056,0.0,0.0,0.0,0.4761254396194326,0.4792191244537202,0.4612571522168095,0.0,0.4884073745863074
0.0,0.3945401231900455,0.4082128534352123,0.2680453974385708,0.3396146963548948,0.4053564949429809,0.0,0.3980493849606601,0.3844634002061088,0.3708317636409299,0.3976617236080667,0.3716941979509222,0.3173980494219844,0.330584060996273,0.0,0.4345056980327546,0.4269015489930975,0.4333942967975774,0.4043282675781629,0.4139630362439883,0.0,0.4222902813984048,0.3872010260168761,0.3888321491416302,0.3930504480691752,0.4126490627285066,0.3977109017501549,0.3409129195610488,0.4113274245499952,0.0,0.38902777101214,0.3795919459384074,0.3945782539324968,0.3842794309004226,0.3781104684696883,0.2984799596468416,0.2869003620167064,0.3610994758526106,0.0,0.0,0.0,0.0,0.0,0.0,0.0,0.0,0.0,0.0,0.0,0.0,0.508419729786941,0.0,0.0,0.0,0.0,0.0,0.0,0.0,0.0,0.0,0.0,0.0,0.0,0.0,0.0,0.0,0.0,0.4804376578693968,0.0,0.0,0.0,0.490204753901709,0.0,0.0,0.0,0.0
0.4470312077119835,0.4394695076559661,0.4731237808688986,0.3421927804201239,0.3789251221342714,0.3692834738714482,0.3980493849606601,0.0,0.4928816046727092,0.4640649028582444,0.3852250518424878,0.0,0.4044355809403266,0.3751539901675746,0.0,0.4325039212020463,0.0,0.4445593899586744,0.4465755466026385,0.3831926929600724,0.3445669364547954,0.432245920892442,0.3476399055006685,0.4726276285359314,0.4341633475324585,0.4302106268445833,0.4060414075575944,0.3977361753586694,0.3539900223261896,0.3685043155824422,0.3990172307090907,0.3347541669724078,0.3934547501904091,0.4001923352254478,0.419632011512478,0.2753684434527778,0.0,0.0,0.3975397815051009,0.0,0.4525631629544481,0.0,0.3640985318159053,0.0,0.0,0.0,0.0,0.5259368590133159,0.0,0.0,0.4307847784053073,0.4657359322014762,0.351602150625059,0.5303487406130003,0.0,0.4362130315605345,0.0,0.460008502939134,0.0,0.0,0.0,0.0,0.0,0.50673545724183,0.4878763239826027,0.2513204484456285,0.0,0.4381012174914364,0.0,0.0,0.0,0.4477675491099024,0.4534522188438601,0.4469332037294205,0.0,0.4727295587373986
0.0,0.4021188146714213,0.3409870685582999,0.3723052084928637,0.3456180245931549,0.3618150194182932,0.3844634002061088,0.4928816046727092,0.0,0.4238168137810995,0.3475373897301856,0.420484208786419,0.3729799827438956,0.4072196339202213,0.0,0.0,0.0,0.0,0.32735047449249,0.4092502727335604,0.0,0.4171201360327815,0.3866531194456524,0.0,0.0,0.0,0.4079347223808196,0.3907902564102483,0.3740148112990624,0.4068518731465283,0.3761514105706141,0.3747172392649719,0.438644590960957,0.3983058628318406,0.4025761223589144,0.3870732918677622,0.3890972933191683,0.4164039577566434,0.4967029606973631,0.0,0.0,0.0,0.4921067543238742,0.0,0.0,0.0,0.0,0.5578914423198892,0.0,0.0,0.5183774782858641,0.0,0.5605044248605021,0.5735933903226105,0.0,0.5295254463813143,0.0,0.0,0.504025172419243,0.0,0.0,0.0,0.0,0.5521803744187476,0.0,0.0,0.0,0.5326114785819345,0.0,0.0,0.0,0.529826111983823,0.0,0.0,0.0,0.0
0.4365067382373088,0.0,0.4556417524576868,0.2073808901283235,0.3604674040922908,0.421391287141804,0.3708317636409299,0.4640649028582444,0.4238168137810995,0.0,0.4229490341579066,0.264124534791795,0.3779816085599818,0.3968172460062938,0.0,0.3776754536615515,0.3291985518780954,0.3322395228438338,0.4371275917664797,0.0,0.0,0.3893378565334521,0.4217777689381868,0.3072690506666801,0.3428397948276844,0.3210534659787768,0.4276080093978147,0.3830890924480178,0.0,0.0,0.3313879095558394,0.3176497025545873,0.2906875586396822,0.2910381590782077,0.3037233666792437,0.3253279904690295,0.2506495374630014,0.2570239378485269,0.3086247567500476,0.3027157518991322,0.3132414524823328,0.0,0.0,0.0,0.2551446931854403,0.0,0.0,0.0,0.0,0.0,0.0,0.0,0.0,0.0,0.3964626722160718,0.0,0.3971993626809623,0.0,0.0,0.0,0.0,0.4277143892063553,0.4345147819070368,0.0,0.0,0.0,0.0,0.0,0.4215648160051077,0.4521935558834263,0.4412438613676645,0.0,0.4013262921241961,0.0,0.0,0.3857155804287814
0.0,0.0,0.3371455695055957,0.3444310517917854,0.3278692345171183,0.3783262691582372,0.3976617236080667,0.3852250518424878,0.3475373897301856,0.4229490341579066,0.0,0.4176164117132371,0.3956559051339592,0.3167025866346293,0.0,0.0,0.0,0.0,0.2706785753897761,0.0,0.0,0.0,0.3184396200922888,0.0,0.0,0.0,0.4032588660301405,0.3990929407033952,0.0,0.0,0.3840289295983369,0.3444494210428376,0.459251609731472,0.4100692557550424,0.3738951611911365,0.2664297140683041,0.3862494149261762,0.4148060256403033,0.4289505878229521,0.0,0.0,0.0,0.4374525349377773,0.0,0.0,0.0,0.0,0.5030214678588599,0.0,0.4974184393567591,0.5114324730589064,0.5357725442886179,0.4816225300885527,0.5208631891016199,0.0,0.3545138341038367,0.0,0.5339902863767116,0.0,0.0,0.0,0.0,0.0,0.4161204593423385,0.0,0.0,0.0,0.5068938994380654,0.0,0.0,0.0,0.5082030302199979,0.0,0.0,0.0,0.0
0.375278324673997,0.0,0.0,0.0,0.3843859470303767,0.0,0.3716941979509222,0.0,0.420484208786419,0.264124534791795,0.4176164117132371,0.0,0.3781651509338,0.0,0.0,0.0,0.3283652237256318,0.3390931502886412,0.0,0.0,0.0,0.0,0.0,0.3110000488581527,0.3481231521561125,0.305409751613185,0.0,0.3611774910998788,0.0,0.0,0.3287231837567455,0.2585316504279963,0.2690134111366584,0.252339615470998,0.2851028940043839,0.3029793055883169,0.2680261739465718,0.2033106003998505,0.2433977219053063,0.3342987088781087,0.3373104979117862,0.0,0.0,0.0,0.2882234759771634,0.0,0.0,0.0,0.0,0.0,0.0,0.0,0.0,0.0,0.4136738634019678,0.0,0.4119599336648407,0.0,0.0,0.0,0.0,0.4393858219572438,0.4358161668297636,0.0,0.0,0.0,0.0,0.0,0.4296582273543735,0.4523913941408213,0.4463445502792747,0.0,0.0,0.0,0.0,0.3961949252452018
0.0,0.3976945401678723,0.4073876439378081,0.2612520129269288,0.3565685522693904,0.3941114771140095,0.3173980494219844,0.4044355809403266,0.3729799827438956,0.3779816085599818,0.3956559051339592,0.3781651509338,0.0,0.3722305503625605,0.4087776836394591,0.4391592489471561,0.4109174063486908,0.4307707299021442,0.3909117293094622,0.4173937565608752,0.4259351095816155,0.4360367641674016,0.3882743871798488,0.4034444832237431,0.3949508390629519,0.4067360631020698,0.4004920621373887,0.3359526933601849,0.3933143906909162,0.367722710081078,0.3817557330810892,0.3753386726548135,0.3757212616605218,0.3940753382567395,0.3930572899951706,0.314493720421094,0.2971081484857061,0.3646399783442187,0.4147775600154723,0.0,0.0,0.0,0.4849273832411772,0.0,0.0,0.0,0.0,0.5555479273831159,0.0,0.0,0.4923358252782394,0.0,0.461289735318884,0.0,0.0,0.0,0.0,0.0,0.0,0.0,0.0,0.0,0.0,0.0,0.0,0.0,0.0,0.478414781672017,0.0,0.0,0.0,0.4774292054411985,0.0,0.4959582452722843,0.0,0.0
0.0,0.0,0.4270693052256334,0.226267928432462,0.2408678543707081,0.396468230466981,0.330584060996273,0.3751539901675746,0.4072196339202213,0.3968172460062938,0.3167025866346293,0.0,0.3722305503625605,0.0,0.0,0.0,0.0,0.0,0.4036703087732813,0.0,0.4067935862915571,0.0,0.3828612250799076,0.0,0.0,0.0,0.4043242262524739,0.3606632683160121,0.0,0.0,0.3706402011070807,0.2694307114113312,0.0,0.4071840742940258,0.0,0.1878365330553286,0.1562226174063781,0.0,0.0,0.0,0.0,0.0,0.3920774423468849,0.0,0.0,0.0,0.0,0.5261457458623747,0.0,0.0,0.0,0.0,0.0,0.4995503376317812,0.0,0.4488401649356832,0.0,0.0,0.0,0.0,0.0,0.0,0.0,0.0,0.0,0.0,0.0,0.4601089122433056,0.0,0.0,0.0,0.0,0.0,0.0,0.0,0.0
0.3439483991215957,0.3677541673398207,0.0,0.0,0.0,0.3999388566574807,0.0,0.0,0.0,0.0,0.0,0.0,0.4087776836394591,0.0,0.0,0.3241155173888516,0.0,0.342496621463255,0.0,0.3376018772998005,0.3574279489772846,0.2960917190362265,0.3429493194095836,0.3920821939151331,0.3278296691168668,0.3451259690587506,0.3661696593395145,0.3616429273284551,0.3532251389504923,0.0,0.3529088928135923,0.3900348369745109,0.341589007524135,0.3769703315078826,0.4158682085857008,0.4129019620078117,0.0,0.0,0.4545071763604622,0.4333787863184027,0.4543937620976248,0.4825633688028908,0.0,0.0,0.0,0.0,0.4688177682457928,0.0,0.0,0.0,0.4526264316826576,0.0,0.4371460092839704,0.0,0.0,0.0,0.0,0.0,0.0,0.478603234026921,0.4457861117456471,0.0,0.0,0.0,0.4581948220345958,0.4598438760348014,0.4712231687893279,0.4691472743699387,0.0,0.0,0.4903553404577995,0.4698754171159715,0.4700269696290443,0.4459379448102282,0.0,0.4620880789322659
0.3608097418655371,0.3775301975562919,0.0,0.0,0.0,0.4010816114618168,0.4345056980327546,0.4325039212020463,0.0,0.3776754536615515,0.0,0.0,0.4391592489471561,0.0,0.3241155173888516,0.0,0.3699650380815142,0.3535079215321477,0.0,0.4070955129854278,0.3455127325622952,0.375172212871311,0.3671320378019373,0.3682578972989061,0.3892677648369598,0.3653616739380372,0.3921715343305204,0.429071149273466,0.4115691055637865,0.4097586854711733,0.3660511163496672,0.4104477029081891,0.3594038472679555,0.3668482455675543,0.3933428697530026,0.0,0.0,0.0,0.3404469364010268,0.3662074799960841,0.3642593189159152,0.387168612811668,0.0,0.0,0.0,0.4080437321695489,0.424705570954448,0.0,0.0,0.0,0.0,0.0,0.0,0.0,0.0,0.0,0.0,0.0,0.0,0.4373675362100901,0.3843940323624791,0.0,0.3609005542002862,0.0,0.3934397892298986,0.0,0.3854992334819757,0.0,0.0,0.3998077933030934,0.4196597474873243,0.0,0.0,0.0,0.0,0.3637758285998009
0.3051933945044474,0.0,0.0,0.0,0.0,0.0,0.4269015489930975,0.0,0.0,0.3291985518780954,0.0,0.3283652237256318,0.4109174063486908,0.0,0.0,0.3699650380815142,0.0,0.3417351214551345,0.0,0.3995988453883356,0.0,0.3692361723544765,0.0,0.3382737266036494,0.3336291335802253,0.3429790994511625,0.0,0.401535389723459,0.0,0.0,0.341445800801497,0.3938306451313988,0.3108196148750648,0.3236214200401383,0.3152712922260591,0.0,0.0,0.2995246564689436,0.0,0.3117179616522776,0.4012996155877936,0.0,0.0,0.0,0.0,0.0,0.0,0.0,0.0,0.0,0.0,0.0,0.0,0.0,0.3713648482229796,0.0,0.3919509213838285,0.0,0.0,0.0,0.0,0.4102376148828894,0.4111716092753272,0.0,0.0,0.0,0.0,0.0,0.42383382143921,0.4354029197800145,0.4235140928165239,0.0,0.0,0.0,0.0,0.0
0.358928982972716,0.3824675135329607,0.0,0.0,0.0,0.3980119975463173,0.4333942967975774,0.4445593899586744,0.0,0.3322395228438338,0.0,0.3390931502886412,0.4307707299021442,0.0,0.342496621463255,0.3535079215321477,0.3417351214551345,0.0,0.0,0.4148291826476742,0.3589606977818394,0.4067333350013811,0.3858474380179193,0.3449141516261605,0.3554213930962781,0.3493797585368871,0.3947928612715352,0.4195113785310674,0.4177134493585466,0.0,0.3678184375612224,0.4089184227409697,0.3201606311873212,0.3565818861666804,0.3717002772505433,0.0,0.0,0.0,0.3450669978214375,0.3645522172661875,0.3529071038317096,0.3939693465430917,0.0,0.0,0.0,0.4146999457389491,0.4127314747273676,0.0,0.0,0.0,0.0,0.0,0.0,0.0,0.3607048454582968,0.0,0.3657810645684722,0.0,0.0,0.0,0.3874398882471634,0.3417999878947153,0.3913387697855346,0.0,0.0,0.0,0.3923286456514143,0.0,0.4170470060320342,0.409212851481878,0.4257831012866364,0.0,0.0,0.0,0.0,0.3795642663902058
0.0,0.0,0.2992913869453057,0.3852832708251602,0.3674495121721998,0.3932753938797127,0.4043282675781629,0.4465755466026385,0.32735047449249,0.4371275917664797,0.2706785753897761,0.0,0.3909117293094622,0.4036703087732813,0.0,0.0,0.0,0.0,0.0,0.0,0.0,0.0,0.2896545171087167,0.0,0.0,0.0,0.4072309807291558,0.3796250105028232,0.0,0.0,0.3985052610103635,0.378172167376337,0.0,0.416121083696793,0.3748916026546019,0.3738182547927033,0.3995157172084184,0.0,0.448752413615595,0.0,0.0,0.0,0.45341054118657,0.0,0.0,0.0,0.0,0.5146442064900348,0.0,0.0,0.5130313820167499,0.0,0.5067329363513123,0.5396540751640424,0.0,0.4441575283150412,0.0,0.0,0.0,0.0,0.0,0.0,0.0,0.5024011919711872,0.0,0.0,0.0,0.5169303389014014,0.0,0.0,0.0,0.5179517407300606,0.0,0.0,0.0,0.0
0.3922493940646051,0.4069419787058856,0.0,0.0,0.3692473315953646,0.4038202751863814,0.4139630362439883,0.3831926929600724,0.4092502727335604,0.0,0.0,0.0,0.4173937565608752,0.0,0.3376018772998005,0.4070955129854278,0.3995988453883356,0.4148291826476742,0.0,0.0,0.4088918194623213,0.3805136846712916,0.3183540793815135,0.0,0.3834283045495506,0.3961350160076371,0.359147885760704,0.3588773755579365,0.3375012418601739,0.3297381713934281,0.3705395501735194,0.411062785262087,0.3593687875848618,0.4011096897656179,0.4374982129898086,0.4656358785774325,0.4186964908704879,0.0,0.4516773916636774,0.4430376134721027,0.4549198386287924,0.4693662749635685,0.0,0.0,0.0,0.0,0.4364155866160905,0.0,0.0,0.0,0.4521928091671556,0.0,0.4872736282387492,0.0,0.0,0.0,0.0,0.0,0.0,0.4663643475011538,0.0,0.0,0.0,0.0,0.4607216334483781,0.4675485339618187,0.4533838855040431,0.4790468356564197,0.0,0.0,0.4537506681852974,0.4657377109134448,0.4635907872600157,0.4532224173984045,0.0,0.4568708811746261
0.3687319798702968,0.386807778812582,0.0,0.0,0.0,0.4043537309485083,0.0,0.3445669364547954,0.0,0.0,0.0,0.0,0.4259351095816155,0.4067935862915571,0.3574279489772846,0.3455127325622952,0.0,0.3589606977818394,0.0,0.4088918194623213,0.0,0.4050960501851345,0.3697997982953718,0.4612976603974353,0.366730587278863,0.3753936665517295,0.4094915178618921,0.4242287808293121,0.3886400785704696,0.4286840446053307,0.3310974303764887,0.3766039209078308,0.3291803546981965,0.3782968346141425,0.4155465378085268,0.0,0.0,0.0,0.4405407113077743,0.0,0.4452779857795959,0.5055647606917764,0.0,0.0,0.0,0.4286982328845165,0.4621795135645432,0.0,0.0,0.0,0.4242892262787993,0.0,0.4349087540754703,0.0,0.0,0.0,0.0,0.0,0.0,0.4672668518515341,0.4278807210474961,0.0,0.0,0.0,0.4765102181636999,0.4149718197897576,0.470408430592902,0.4679810406390908,0.0,0.4306466590048258,0.4711660794257342,0.477880110417094,0.4687700991729895,0.4449184885175056,0.0,0.0
0.3567617838818926,0.380339404202476,0.0,0.0,0.3812415316310895,0.404151831014194,0.4222902813984048,0.432245920892442,0.4171201360327815,0.3893378565334521,0.0,0.0,0.4360367641674016,0.0,0.2960917190362265,0.375172212871311,0.3692361723544765,0.4067333350013811,0.0,0.3805136846712916,0.4050960501851345,0.0,0.3705993022410612,0.0,0.3883641002835682,0.376989758521442,0.4041706571350281,0.4056617085246466,0.3856937871757935,0.3721282881400892,0.351669542428361,0.39002289845699,0.3491872763111576,0.3695799419438101,0.4149993069824046,0.4566491785243374,0.4207229793911824,0.0,0.4201225442386824,0.3994347917377215,0.4156325864657537,0.4436698062631344,0.0,0.0,0.0,0.4434903685406945,0.4341032447817822,0.0,0.0,0.0,0.4457054868174094,0.0,0.0,0.0,0.0,0.0,0.0,0.0,0.0,0.4774647494363713,0.4054002045209969,0.0,0.4103149480718778,0.0,0.438220991761105,0.4757468327680254,0.448485877115959,0.4650178171348231,0.0,0.4022001344535997,0.4567243043454874,0.4631406329710151,0.0,0.4295584939537612,0.0,0.4174886701677139
0.4149316438923596,0.3847263445787519,0.3229365933833399,0.3634713975150014,0.3849276295679168,0.3809146501178428,0.3872010260168761,0.3476399055006685,0.3866531194456524,0.4217777689381868,0.3184396200922888,0.0,0.3882743871798488,0.3828612250799076,0.3429493194095836,0.3671320378019373,0.0,0.3858474380179193,0.2896545171087167,0.3183540793815135,0.3697997982953718,0.3705993022410612,0.0,0.4571463327855549,0.3789443051477617,0.3934026321251614,0.3345027651681362,0.395271891270748,0.3629223979940268,0.382064462405726,0.3961644516046933,0.3758112832382894,0.3523313267967371,0.4080355526714404,0.4262800748459756,0.3673789729091444,0.3930535568940094,0.0,0.477168216248334,0.4287575017893325,0.4409102763233251,0.4638624490520867,0.4746509158735965,0.0,0.0,0.0,0.4742600113755579,0.5326569906345784,0.0,0.5320018647141669,0.4825595810224411,0.4966495552200697,0.4678173749009411,0.5565121180180709,0.0,0.5012563882376745,0.0,0.4884592573935292,0.0,0.4817278739702277,0.0,0.0,0.0,0.523142563980503,0.488986714427274,0.4709427053847015,0.4761591019956344,0.4909869522164591,0.0,0.0,0.4737430236542062,0.4883712143599478,0.4813568774841282,0.4760978914158729,0.4809903491016067,0.4870875311100467
0.3494388492704648,0.0,0.0,0.0,0.0,0.0,0.3888321491416302,0.4726276285359314,0.0,0.3072690506666801,0.0,0.3110000488581527,0.4034444832237431,0.0,0.3920821939151331,0.3682578972989061,0.3382737266036494,0.3449141516261605,0.0,0.0,0.4612976603974353,0.0,0.4571463327855549,0.0,0.357276948735117,0.3228810137456561,0.505205730559624,0.3947068519192718,0.0,0.0,0.3194184904484535,0.3112749480016986,0.2445238745862329,0.2291194516716967,0.1765498293412769,0.4043525978405421,0.0,0.2294340565304758,0.4024907387651836,0.3324094795302229,0.3870066422204227,0.0,0.0,0.0,0.2675785549730401,0.3786409510761443,0.0,0.0,0.0,0.0,0.0,0.0,0.0,0.0,0.3932574263561819,0.0,0.3874959136664891,0.0,0.0,0.0,0.4097846465667598,0.441849266491514,0.4119911227540128,0.0,0.0,0.0,0.0,0.0,0.4066715231957948,0.4231267822892383,0.428204266346146,0.0,0.0,0.0,0.0,0.3864597632609007
0.3467310986374503,0.3840882469800258,0.0,0.0,0.3694637701613577,0.3488186151896349,0.3930504480691752,0.4341633475324585,0.0,0.3428397948276844,0.0,0.3481231521561125,0.3949508390629519,0.0,0.3278296691168668,0.3892677648369598,0.3336291335802253,0.3554213930962781,0.0,0.3834283045495506,0.366730587278863,0.3883641002835682,0.3789443051477617,0.357276948735117,0.0,0.3430284875892825,0.365925632551507,0.3845929869071055,0.3814113643438907,0.0,0.3494745417191103,0.3772493005362668,0.2932076515407045,0.3244571758672864,0.3428607888593857,0.0,0.0,0.3031629944148442,0.3909315333975078,0.3901821435322735,0.3770046476805203,0.3868030315862859,0.0,0.0,0.0,0.4102151282572273,0.4245704981418096,0.0,0.0,0.0,0.0,0.0,0.0,0.0,0.3822048521149222,0.0,0.3845351603546749,0.0,0.0,0.0,0.3994581173873435,0.3992740435287766,0.4122825784817496,0.0,0.4065816733094951,0.4255521385185318,0.3973222464338665,0.0,0.4227607367807717,0.4271329443426243,0.435343420985785,0.0,0.0,0.0,0.0,0.4017986679815032
0.3390015650660279,0.3730406648111919,0.0,0.0,0.0,0.388891548042152,0.4126490627285066,0.4302106268445833,0.0,0.3210534659787768,0.0,0.305409751613185,0.4067360631020698,0.0,0.3451259690587506,0.3653616739380372,0.3429790994511625,0.3493797585368871,0.0,0.3961350160076371,0.3753936665517295,0.376989758521442,0.3934026321251614,0.3228810137456561,0.3430284875892825,0.0,0.4055968392383191,0.4035338762848238,0.3764387485287395,0.0,0.3495370385498064,0.3673680961729276,0.3146543113292043,0.332707080820592,0.3780799838856618,0.4205564015245858,0.0,0.3047394359982066,0.4201132409020124,0.3943834865334562,0.4043874586082554,0.4049378807429659,0.0,0.0,0.2948546372719564,0.4155927048458086,0.444616397314426,0.0,0.0,0.0,0.0,0.0,0.0,0.0,0.4039112044837819,0.0,0.4115190606419657,0.0,0.0,0.4975029827868488,0.4048861978862901,0.4170609702091356,0.4178190620861015,0.0,0.4404712387140956,0.4803377826934044,0.4533740834863652,0.4743455842656338,0.4280116855346224,0.4294655401766367,0.4470369000167786,0.4647205789469849,0.0,0.4426484440586495,0.0,0.4023731002654345
0.4146741224649752,0.3910188628648628,0.386484192249177,0.3815797336100974,0.3915029438649196,0.3746433477358437,0.3977109017501549,0.4060414075575944,0.4079347223808196,0.4276080093978147,0.4032588660301405,0.0,0.4004920621373887,0.4043242262524739,0.3661696593395145,0.3921715343305204,0.0,0.3947928612715352,0.4072309807291558,0.359147885760704,0.4094915178618921,0.4041706571350281,0.3345027651681362,0.505205730559624,0.365925632551507,0.4055968392383191,0.0,0.3960550063320089,0.3597853498978194,0.3753007569545272,0.3903273102786923,0.3856404439690173,0.3522123365135593,0.404600247279643,0.418770443440058,0.4013690057270199,0.3925222764976722,0.0,0.4701781930311955,0.0,0.4521443119096766,0.444682256740412,0.4704991085054101,0.0,0.0,0.0,0.4979289870876665,0.5602802222852167,0.0,0.0,0.4811336847554581,0.5040872332003234,0.4833327738924998,0.5675240633132957,0.0,0.5296866987004728,0.0,0.4931836098384832,0.5484121762510223,0.4769090607922759,0.0,0.0,0.0,0.555049511283352,0.4821842724650734,0.4767638870033578,0.4717569361719123,0.4924808493295205,0.0,0.0,0.4726794209288616,0.4842415868482569,0.4831384185232544,0.4757384909264964,0.490852981322799,0.4841905656448104
0.4407411664197442,0.3857416600384346,0.4184101554598546,0.2257882971002627,0.3315661587909014,0.3710828427234305,0.3409129195610488,0.3977361753586694,0.3907902564102483,0.3830890924480178,0.3990929407033952,0.3611774910998788,0.3359526933601849,0.3606632683160121,0.3616429273284551,0.429071149273466,0.401535389723459,0.4195113785310674,0.3796250105028232,0.3588773755579365,0.4242287808293121,0.4056617085246466,0.395271891270748,0.3947068519192718,0.3845929869071055,0.4035338762848238,0.3960550063320089,0.0,0.328171883351985,0.3184901171262717,0.3626501649763528,0.3785072976631669,0.3660599874266445,0.3771499476929181,0.3586662005840281,0.2830955025768422,0.2640173778358685,0.3476687596944405,0.4699774242933989,0.0,0.3898237643041616,0.4061927458107444,0.0,0.0,0.0,0.0,0.0,0.0,0.0,0.0,0.4755577279969301,0.0,0.4608159047039917,0.0,0.0,0.0,0.0,0.0,0.0,0.4886081808828241,0.0,0.0,0.0,0.0,0.4739563777310108,0.4610536098210647,0.0,0.4839340936747408,0.0,0.0,0.0,0.4767003251901082,0.4857399836525992,0.4690143702810122,0.0,0.5077611479868818
0.4140367533831028,0.3907198370601841,0.0,0.0,0.3937478025882381,0.3192272651435564,0.4113274245499952,0.3539900223261896,0.3740148112990624,0.0,0.0,0.0,0.3933143906909162,0.0,0.3532251389504923,0.4115691055637865,0.0,0.4177134493585466,0.0,0.3375012418601739,0.3886400785704696,0.3856937871757935,0.3629223979940268,0.0,0.3814113643438907,0.3764387485287395,0.3597853498978194,0.328171883351985,0.0,0.3159496755145242,0.3477795855793018,0.3745735054965902,0.3241286375224649,0.3812374956731068,0.4106868020514385,0.4059359685578745,0.3998882670622762,0.0,0.4423148328955406,0.0,0.4349927467494326,0.4445017306679308,0.0,0.0,0.0,0.0,0.441455923034514,0.0,0.0,0.0,0.4562987963078034,0.0,0.4589734686875786,0.0,0.0,0.0,0.0,0.4917008634164723,0.0,0.4538622367275594,0.0,0.0,0.0,0.0,0.456965885499388,0.4430156047419073,0.4526286690904834,0.4688696178847645,0.0,0.0,0.4476565669445709,0.4613700288977752,0.4652742168658337,0.4471280412206381,0.0,0.4614075825080951
0.0,0.0,0.4500724295616519,0.0,0.0,0.3828913236962169,0.0,0.3685043155824422,0.4068518731465283,0.0,0.0,0.0,0.367722710081078,0.0,0.0,0.4097586854711733,0.0,0.0,0.0,0.3297381713934281,0.4286840446053307,0.3721282881400892,0.382064462405726,0.0,0.0,0.0,0.3753007569545272,0.3184901171262717,0.3159496755145242,0.0,0.3016836904751336,0.3690501960326337,0.0,0.347667974696103,0.3997233807540267,0.0,0.0,0.0,0.4712212772136138,0.0,0.0,0.0,0.0,0.0,0.0,0.0,0.0,0.0,0.0,0.0,0.0,0.0,0.0,0.0,0.0,0.0,0.0,0.0,0.0,0.0,0.0,0.0,0.0,0.0,0.4855192191890966,0.0,0.0,0.4780401760294497,0.0,0.0,0.0,0.4776453021796872,0.0,0.0,0.0,0.0
0.3091149814194558,0.3346759657594965,0.4189266371658216,0.0,0.3874462334503624,0.3969036737180552,0.38902777101214,0.3990172307090907,0.3761514105706141,0.3313879095558394,0.3840289295983369,0.3287231837567455,0.3817557330810892,0.3706402011070807,0.3529088928135923,0.3660511163496672,0.341445800801497,0.3678184375612224,0.3985052610103635,0.3705395501735194,0.3310974303764887,0.351669542428361,0.3961644516046933,0.3194184904484535,0.3494745417191103,0.3495370385498064,0.3903273102786923,0.3626501649763528,0.3477795855793018,0.3016836904751336,0.0,0.3630882992021744,0.3195156112900793,0.2811787382145445,0.2326206979997871,0.4108897251747644,0.3691007522335389,0.2995994801238663,0.4302897823617591,0.2968136789556626,0.0,0.0,0.0,0.0,0.0,0.0,0.3782468734261762,0.0,0.0,0.0,0.4853772279550662,0.0,0.4707412291424329,0.0,0.3880644495866805,0.0,0.3620295397405277,0.0,0.0,0.4567419538700981,0.3294059023686722,0.0,0.3991689897290824,0.0,0.4673617745647636,0.4528818492862028,0.4270769373324364,0.4769692456697093,0.3564181756513779,0.4097165219182153,0.4011524790650551,0.4808428762729345,0.5068571840098021,0.4681240273630845,0.0,0.5053027244988813
0.3609260002612444,0.3538107262760976,0.4018987652189375,0.2941282692807727,0.3013635698077296,0.374110132183739,0.3795919459384074,0.3347541669724078,0.3747172392649719,0.3176497025545873,0.3444494210428376,0.2585316504279963,0.3753386726548135,0.2694307114113312,0.3900348369745109,0.4104477029081891,0.3938306451313988,0.4089184227409697,0.378172167376337,0.411062785262087,0.3766039209078308,0.39002289845699,0.3758112832382894,0.3112749480016986,0.3772493005362668,0.3673680961729276,0.3856404439690173,0.3785072976631669,0.3745735054965902,0.3690501960326337,0.3630882992021744,0.0,0.3152306421361114,0.3447956081969777,0.3518346106707952,0.2683715749077577,0.318871493484845,0.2422783673629896,0.3013456333546132,0.3137280575921999,0.3148611428637991,0.3320609496804553,0.3210917224439237,0.3251659591994562,0.2878302565019913,0.4212967697010904,0.416180537333498,0.5065536929331769,0.0,0.0,0.4364041599302621,0.0,0.4203244042888686,0.5161752767732701,0.2961515875212107,0.4038618142781456,0.3118658097836195,0.4600815602187122,0.0,0.4704359052696076,0.4019065385145028,0.0,0.3731084685944175,0.4969979736458732,0.467197362926334,0.4676201383350806,0.4479862858409656,0.4672740723966198,0.0,0.4092013917275798,0.4243033101393706,0.4589620884029119,0.3856423104858409,0.439375207188172,0.0,0.4182020598158221
0.3044980586174795,0.3226864967305375,0.0,0.0,0.4013179646864183,0.3692175027825825,0.3945782539324968,0.3934547501904091,0.438644590960957,0.2906875586396822,0.459251609731472,0.2690134111366584,0.3757212616605218,0.0,0.341589007524135,0.3594038472679555,0.3108196148750648,0.3201606311873212,0.0,0.3593687875848618,0.3291803546981965,0.3491872763111576,0.3523313267967371,0.2445238745862329,0.2932076515407045,0.3146543113292043,0.3522123365135593,0.3660599874266445,0.3241286375224649,0.0,0.3195156112900793,0.3152306421361114,0.0,0.2359184819248889,0.3259725360105958,0.291173071791628,0.2707965822921139,0.1736548430513993,0.2991320199664934,0.2257959758456945,0.2664098634110847,0.3235868587086846,0.0,0.0,0.1989439272339843,0.3886999079020483,0.3949451648751421,0.0,0.0,0.0,0.0,0.0,0.0,0.0,0.336954493910755,0.0,0.3311946828465568,0.0,0.0,0.4677790229512906,0.3537699180183754,0.3964705662221432,0.3837417656130548,0.0,0.4078872939596635,0.4585129411715719,0.4008909784472411,0.4525405923455719,0.3591405784439905,0.4012728830893526,0.4120524125722363,0.4221951352258734,0.0,0.3778379302996857,0.0,0.3546923831019616
0.3190914027451871,0.3244890809706224,0.4265682944283585,0.2699660412275039,0.3734416982422978,0.4028064299456712,0.3842794309004226,0.4001923352254478,0.3983058628318406,0.2910381590782077,0.4100692557550424,0.252339615470998,0.3940753382567395,0.4071840742940258,0.3769703315078826,0.3668482455675543,0.3236214200401383,0.3565818861666804,0.416121083696793,0.4011096897656179,0.3782968346141425,0.3695799419438101,0.4080355526714404,0.2291194516716967,0.3244571758672864,0.332707080820592,0.404600247279643,0.3771499476929181,0.3812374956731068,0.347667974696103,0.2811787382145445,0.3447956081969777,0.2359184819248889,0.0,0.2546826935870714,0.3569131271464978,0.2793296440776148,0.2092393124645125,0.2896837859436738,0.263859194428318,0.2990578958392318,0.3339991098092922,0.3691208504573119,0.0,0.2604234454103677,0.3791344641560094,0.4031773562176354,0.0,0.0,0.0,0.4817480418197822,0.0,0.4688546944964849,0.0,0.3173260794461213,0.0,0.3238448770998113,0.0,0.0,0.4721351960071359,0.3634962069651676,0.0,0.3795141816184571,0.0,0.466703443681867,0.4755503865630839,0.4366490617053845,0.4817997911148604,0.3469237259584036,0.4008823534753761,0.4189210558882775,0.4740653317131915,0.3980916885679595,0.4748463053793668,0.0,0.4255694303468557
0.378284221220189,0.3913941362656337,0.4338148281652434,0.2868052761087247,0.330004214495971,0.4007095288271861,0.3781104684696883,0.419632011512478,0.4025761223589144,0.3037233666792437,0.3738951611911365,0.2851028940043839,0.3930572899951706,0.0,0.4158682085857008,0.3933428697530026,0.3152712922260591,0.3717002772505433,0.3748916026546019,0.4374982129898086,0.4155465378085268,0.4149993069824046,0.4262800748459756,0.1765498293412769,0.3428607888593857,0.3780799838856618,0.418770443440058,0.3586662005840281,0.4106868020514385,0.3997233807540267,0.2326206979997871,0.3518346106707952,0.3259725360105958,0.2546826935870714,0.0,0.3837106950021782,0.325124725799679,0.242760859343084,0.3230694699123614,0.3080997168402427,0.3023613836104231,0.3542804489322044,0.3578583468464471,0.3697080851425383,0.2792458390734231,0.0,0.4027915182666968,0.0,0.0,0.0,0.0,0.0,0.0,0.0,0.0,0.0,0.366824612127808,0.0,0.0,0.4834150512301514,0.4076760254217402,0.0,0.3711749925160557,0.0,0.4838623819574642,0.5104034486359432,0.4630987370479659,0.4941924209532682,0.0,0.4019882790782795,0.4282998455581862,0.4482281314194244,0.0,0.5041501709746661,0.0,0.0
0.0,0.0,0.4110730592988498,0.1933717889986257,0.1955916229747795,0.3853905563460126,0.2984799596468416,0.2753684434527778,0.3870732918677622,0.3253279904690295,0.2664297140683041,0.3029793055883169,0.314493720421094,0.1878365330553286,0.4129019620078117,0.0,0.0,0.0,0.3738182547927033,0.4656358785774325,0.0,0.4566491785243374,0.3673789729091444,0.4043525978405421,0.0,0.4205564015245858,0.4013690057270199,0.2830955025768422,0.4059359685578745,0.0,0.4108897251747644,0.2683715749077577,0.291173071791628,0.3569131271464978,0.3837106950021782,0.0,0.2284432499683054,0.3166662097518862,0.3112233553383245,0.2821173755597999,0.3157693943000589,0.3183272474572695,0.3104090423869808,0.3185274527012429,0.0,0.0,0.0,0.4782827820885644,0.0,0.0,0.4085583331194058,0.4504672783150662,0.4651517081484742,0.4724377385310183,0.0,0.4004957199439051,0.2922345482906279,0.4544959336641624,0.3569605779434218,0.0,0.0,0.0,0.0,0.4597063973244698,0.0,0.0,0.0,0.4477200295193057,0.0,0.0,0.0,0.4429024388935093,0.4529875338338265,0.4397989277035153,0.0,0.0
0.0,0.0,0.4191170641955598,0.1711900097379693,0.2159963018371594,0.3883380409691763,0.2869003620167064,0.0,0.3890972933191683,0.2506495374630014,0.3862494149261762,0.2680261739465718,0.2971081484857061,0.1562226174063781,0.0,0.0,0.0,0.0,0.3995157172084184,0.4186964908704879,0.0,0.4207229793911824,0.3930535568940094,0.0,0.0,0.0,0.3925222764976722,0.2640173778358685,0.3998882670622762,0.0,0.3691007522335389,0.318871493484845,0.2707965822921139,0.2793296440776148,0.325124725799679,0.2284432499683054,0.0,0.2787402040477197,0.0,0.0,0.3011754955314953,0.3416897763231459,0.0,0.0,0.0,0.0,0.0,0.0,0.0,0.0,0.0,0.0,0.0,0.0,0.0,0.0,0.0,0.0,0.0,0.0,0.0,0.0,0.0,0.0,0.0,0.0,0.0,0.0,0.0,0.0,0.0,0.0,0.0,0.0,0.0,0.0
0.0,0.0,0.0,0.0,0.3871090060714959,0.0,0.3610994758526106,0.0,0.4164039577566434,0.2570239378485269,0.4148060256403033,0.2033106003998505,0.3646399783442187,0.0,0.0,0.0,0.2995246564689436,0.0,0.0,0.0,0.0,0.0,0.0,0.2294340565304758,0.3031629944148442,0.3047394359982066,0.0,0.3476687596944405,0.0,0.0,0.2995994801238663,0.2422783673629896,0.1736548430513993,0.2092393124645125,0.242760859343084,0.3166662097518862,0.2787402040477197,0.0,0.2580057301821206,0.2160905218776788,0.2787679129046884,0.284776701881329,0.0,0.0,0.2139198296416416,0.0,0.0,0.0,0.0,0.0,0.0,0.0,0.0,0.0,0.2889883712206372,0.0,0.2729832332884554,0.0,0.0,0.0,0.0,0.0,0.0,0.0,0.0,0.0,0.0,0.0,0.3001510983527801,0.0,0.3063589651965369,0.0,0.0,0.0,0.0,0.0
0.3939410705171023,0.4029939534191036,0.507219508426663,0.0,0.0,0.4608602404456144,0.0,0.3975397815051009,0.4967029606973631,0.3086247567500476,0.4289505878229521,0.2433977219053063,0.4147775600154723,0.0,0.4545071763604622,0.3404469364010268,0.0,0.3450669978214375,0.448752413615595,0.4516773916636774,0.4405407113077743,0.4201225442386824,0.477168216248334,0.4024907387651836,0.3909315333975078,0.4201132409020124,0.4701781930311955,0.4699774242933989,0.4423148328955406,0.4712212772136138,0.4302897823617591,0.3013456333546132,0.2991320199664934,0.2896837859436738,0.3230694699123614,0.3112233553383245,0.0,0.2580057301821206,0.0,0.2939915843807709,0.3174980429277745,0.3208984392027569,0.2845213861021596,0.3161233745087894,0.2624061115046825,0.3545978599442875,0.3574371451920447,0.3658380950108709,0.3017312915814392,0.3189812448625202,0.3387301565149568,0.3681201895531738,0.3317450926097602,0.3871076656116078,0.3022825303808496,0.3410911457367314,0.2738904516423857,0.371870065104194,0.3238958739444635,0.3967551894161063,0.3615217936912974,0.3258216824318758,0.3497147371842051,0.3689951298338539,0.4094677509821832,0.3887592528891301,0.3855102072047356,0.3542676905211507,0.3185445564557784,0.3442413285237217,0.3528562685351575,0.371120782206053,0.361393528739948,0.3853576406998295,0.3167803843260133,0.3687376397667382
0.3632687484229545,0.3868584126856559,0.0,0.0,0.0,0.0,0.0,0.0,0.0,0.3027157518991322,0.0,0.3342987088781087,0.0,0.0,0.4333787863184027,0.3662074799960841,0.3117179616522776,0.3645522172661875,0.0,0.4430376134721027,0.0,0.3994347917377215,0.4287575017893325,0.3324094795302229,0.3901821435322735,0.3943834865334562,0.0,0.0,0.0,0.0,0.2968136789556626,0.3137280575921999,0.2257959758456945,0.263859194428318,0.3080997168402427,0.2821173755597999,0.0,0.2160905218776788,0.2939915843807709,0.0,0.2205669689902007,0.3219199555038954,0.468936185581258,0.2706126011673389,0.1902960888119407,0.310321073045118,0.3004106922612969,0.0,0.0,0.0,0.3404532310045149,0.3741589299964952,0.3817064652970455,0.4285685770534839,0.2697682594763989,0.4102107568835544,0.2609634873798284,0.3595610216512067,0.0,0.3554267750855562,0.2889564706255143,0.2785034016093142,0.275854728470966,0.0,0.3383975544302162,0.329147960437625,0.3209581713152635,0.3431094041490324,0.2485455809408644,0.2726962522193098,0.304087495832189,0.3306024167524833,0.3177327325748353,0.2776252085691832,0.2735303139605241,0.2854674069781409
0.3584021234524047,0.3746467656597115,0.0,0.0,0.0,0.4764977001382674,0.0,0.4525631629544481,0.0,0.3132414524823328,0.0,0.3373104979117862,0.0,0.0,0.4543937620976248,0.3642593189159152,0.4012996155877936,0.3529071038317096,0.0,0.4549198386287924,0.4452779857795959,0.4156325864657537,0.4409102763233251,0.3870066422204227,0.3770046476805203,0.4043874586082554,0.4521443119096766,0.3898237643041616,0.4349927467494326,0.0,0.0,0.3148611428637991,0.2664098634110847,0.2990578958392318,0.3023613836104231,0.3157693943000589,0.3011754955314953,0.2787679129046884,0.3174980429277745,0.2205669689902007,0.0,0.2695407467521996,0.3603345713018828,0.3039513739679448,0.2263812775832071,0.2846355223760525,0.3148151147660595,0.3906457865379056,0.2729467922429595,0.3817045760827319,0.3910811910093176,0.3619842658720059,0.3906677608975627,0.4172845747427851,0.2927730759099423,0.4119072814145602,0.2569827838800839,0.3745438204936034,0.0,0.3906085371725241,0.3176255190753997,0.3042726205317234,0.3072870558018651,0.397641241600566,0.3731404357746541,0.3873073247821366,0.3536906333910282,0.3844268432086322,0.2368487926906065,0.3067957234828215,0.3149441033314085,0.3906018594839279,0.3282198576975274,0.3591518919669916,0.3255356228996388,0.2707231218141155
