0.0,0.2974391493797747,0.0,0.0,0.0,0.4017071617866578,0.0,0.4797123564606058,0.0,0.3029509813272839,0.0,0.0,0.0,0.0,0.3474511391154087,0.3122938964857016,0.2863279585283454,0.2808883808634805,0.0,0.3587314189535878,0.3924210206731938,0.2988082735733559,0.4447012953831248,0.3859232291129426,0.2679420029313564,0.3150240162254762,0.4137068022090047,0.4205490784506109,0.4033443526491739,0.0,0.2825469755432038,0.389233726315333,0.2630549514544603,0.3193029601838407,0.3663818825779885,0.0,0.0,0.0,0.3506054893462293,0.2840107715852387,0.3560350636076309,0.0,0.0,0.0,0.0,0.3079568909194097,0.3369737334962928,0.0,0.0,0.0,0.0,0.0,0.0,0.0,0.0,0.0,0.0,0.0,0.0,0.0,0.342871165412296,0.0,0.2625111054663263,0.0,0.0,0.229068825478093,0.2622008516667524,0.0,0.2525622094706759,0.3126245919116388,0.3278813027656699,0.0,0.0,0.0,0.0,0.0
0.2974391493797747,0.0,0.0,0.0,0.0,0.3549595920758807,0.0,0.4087229562749106,0.3731807137736029,0.0,0.0,0.0,0.374226931675981,0.0,0.3663757453570543,0.3329002903134606,0.0,0.2988518790973267,0.0,0.3637109802052766,0.3178133072929693,0.3372196545082243,0.3718233712729124,0.0,0.2962025532557233,0.3262698871698549,0.3825843771602363,0.3709220905198289,0.3767927006692096,0.0,0.3234358728097289,0.3841504961562937,0.2815605644056945,0.3287088622627503,0.3778168915121854,0.0,0.0,0.0,0.388837202598181,0.3185412775856799,0.3185965749839937,0.3956474573629074,0.0,0.0,0.0,0.3284769263812174,0.2847993347344124,0.0,0.0,0.0,0.0,0.0,0.0,0.0,0.0,0.0,0.0,0.0,0.0,0.4003430458884523,0.3549743327246776,0.0,0.3263778954971446,0.0,0.3947823513866281,0.3721756133325459,0.3462141769509598,0.4197419036719843,0.0,0.3423480679616851,0.3628060932357452,0.418436899093878,0.0,0.4062514512500632,0.0,0.3545516855021698
0.0,0.0,0.0,0.0,0.3593091106954469,0.4020677093232561,0.3867796120311589,0.4035381499249666,0.3426844631350333,0.0,0.3045972227848997,0.0,0.4010577041341733,0.3940802262599793,0.0,0.0,0.0,0.0,0.3183403434501611,0.0,0.0,0.0,0.371034549029932,0.0,0.0,0.0,0.3809797847962978,0.4151808598394953,0.0,0.0,0.4117879147114702,0.3954541065329517,0.0,0.423666465182012,0.4036814715603594,0.376400470588194,0.4116651618989115,0.0,0.0,0.0,0.0,0.0,0.3397424039148541,0.0,0.0,0.0,0.0,0.3552522017183096,0.0,0.4565538685135658,0.4146777572099969,0.0,0.4659950405647507,0.4318010759541421,0.0,0.3074558465698101,0.0,0.0,0.4006124654655202,0.0,0.0,0.0,0.0,0.3830432985870988,0.0,0.0,0.0,0.4259281851602478,0.0,0.0,0.0,0.4769116138752872,0.0,0.0,0.0,0.0
0.0,0.0,0.0,0.0,0.3095354436789772,0.3595074415103474,0.0,0.0,0.3558747242514423,0.0,0.2932995132900717,0.0,0.3814607013126763,0.3107726759671693,0.0,0.0,0.0,0.0,0.0,0.0,0.0,0.0,0.3780465667993583,0.0,0.0,0.0,0.3917154480713525,0.3213879356149043,0.0,0.0,0.0,0.2564763905578287,0.0,0.3147667716701512,0.3030183426714054,0.2197300003890316,0.2416285099320605,0.0,0.0,0.0,0.0,0.0,0.0,0.0,0.0,0.0,0.0,0.0,0.0,0.0,0.0,0.0,0.0,0.0,0.0,0.0,0.0,0.0,0.0,0.0,0.0,0.0,0.0,0.0,0.0,0.0,0.0,0.0,0.0,0.0,0.0,0.0,0.0,0.0,0.0,0.0
0.0,0.0,0.3593091106954469,0.3095354436789772,0.0,0.3502540557614609,0.328417826925866,0.3104405541515836,0.3160448856020144,0.0,0.2760692928804787,0.0,0.3742426724147603,0.3013769900937735,0.0,0.0,0.0,0.0,0.2829281902953361,0.3504912888963331,0.0,0.3817524820009598,0.3360891027095012,0.0,0.0,0.0,0.3572200748552297,0.371837081674652,0.3551468310680034,0.0,0.3427351080502702,0.3404138993425923,0.0,0.3577106381896024,0.3175575741909227,0.2175309292498179,0.3556727746626669,0.0,0.0,0.0,0.0,0.0,0.2104333819724762,0.0,0.0,0.0,0.0,0.4501866929447826,0.0,0.0,0.0,0.0,0.3421497197123671,0.4625523317458084,0.0,0.3096830793049867,0.0,0.0,0.0,0.0,0.0,0.0,0.0,0.0,0.0,0.0,0.0,0.4235037891013959,0.0,0.0,0.0,0.4513345126014029,0.0,0.0,0.0,0.0
0.4017071617866578,0.3549595920758807,0.4020677093232561,0.3595074415103474,0.3502540557614609,0.0,0.3760471962345991,0.3285944040978631,0.33641704283479,0.3931598702388614,0.3352503273201501,0.0,0.3492109779573262,0.3186654225114174,0.380737418169338,0.4105930225113202,0.0,0.3775257878034621,0.3511473019781713,0.3832131415910526,0.3688152072702064,0.4052233692398065,0.3642099112311251,0.0,0.3334522723531743,0.3580521767514994,0.350700522155688,0.3547516984491625,0.3383305765242594,0.3379507177861582,0.3748617032675854,0.3900694575918778,0.0,0.3905063876394303,0.4075893437659668,0.3577686475971502,0.3745496832548746,0.0,0.369532569885886,0.0,0.4105004762681626,0.0,0.0,0.0,0.0,0.0,0.0,0.4445923886016593,0.0,0.0,0.3882807286233042,0.4348534289587273,0.3930443569772341,0.3956589358097475,0.0,0.3953444707646785,0.0,0.4209949364305556,0.0,0.4413241972501635,0.0,0.0,0.0,0.4343183985279109,0.4235299787120814,0.0,0.4498309307331363,0.4090795987942334,0.0,0.0,0.0,0.4008143412720559,0.416073342110678,0.3743415621913939,0.0,0.4145217116363599
0.0,0.0,0.3867796120311589,0.0,0.328417826925866,0.3760471962345991,0.0,0.3361316850475497,0.3516340043664142,0.0,0.3155724952153966,0.0,0.3170879784066334,0.3180406484280692,0.0,0.4153655901924181,0.0,0.3957021451837134,0.3278976246171816,0.3894819013626623,0.0,0.424833259231811,0.3616052304970004,0.0,0.3716903313871478,0.3823235590702923,0.3784400749549625,0.3950241960994757,0.3762770988144072,0.0,0.3686770926636392,0.3667524708309352,0.0,0.3869321672697749,0.4214384312032113,0.305062592915958,0.355230287171643,0.0,0.0,0.0,0.0,0.0,0.0,0.0,0.0,0.0,0.0,0.0,0.0,0.0,0.0,0.0,0.0,0.0,0.0,0.0,0.0,0.0,0.0,0.0,0.0,0.0,0.0,0.0,0.0,0.0,0.0,0.4107688118790089,0.0,0.0,0.0,0.4313033038176687,0.0,0.0,0.0,0.0
0.4797123564606058,0.4087229562749106,0.4035381499249666,0.0,0.3104405541515836,0.3285944040978631,0.3361316850475497,0.0,0.4041436859075329,0.0,0.2701321474007054,0.0,0.3739559266233475,0.3685334180823617,0.3310529826876839,0.4283413678614882,0.0,0.4151824547974072,0.391606539683595,0.3816751576138373,0.3034539227188623,0.3804066142674545,0.302036367637333,0.4878364786781046,0.3841072697068582,0.4191417256593133,0.3826911003695037,0.3773412788323291,0.3268783940399162,0.3274462927248247,0.370469712066634,0.3797857944487872,0.3946505404491147,0.3783727269595254,0.4156161281667165,0.2725066855870476,0.4044163796215322,0.0,0.3383980571221592,0.0,0.0,0.0,0.1739935639703961,0.0,0.0,0.0,0.0,0.396168178791979,0.0,0.0,0.3253972699629824,0.0,0.2310128772285747,0.3632589524392813,0.0,0.3244701092484194,0.0,0.0,0.311570309973961,0.3727112563144457,0.0,0.0,0.0,0.2737668332150325,0.3489811751823262,0.1867555935018688,0.0,0.3343453413703637,0.0,0.0,0.0,0.3852165911472747,0.3972838819195094,0.3738655905053084,0.0,0.4047654958442429
0.0,0.3731807137736029,0.3426844631350333,0.3558747242514423,0.3160448856020144,0.33641704283479,0.3516340043664142,0.4041436859075329,0.0,0.0,0.2989001004048381,0.0,0.3578093191221045,0.3376949395905517,0.0,0.4137102418305861,0.0,0.0,0.3195404447819349,0.3552151278383126,0.0,0.3906590603665429,0.3822384970567402,0.0,0.0,0.0,0.3746778105266266,0.3851928356652354,0.3580078185338749,0.0,0.3564709069720683,0.3637016653034586,0.0,0.3807435646027404,0.3914596011775784,0.3517258702323838,0.375458547877508,0.0,0.0,0.0,0.0,0.0,0.3995731643113075,0.0,0.0,0.0,0.0,0.4715356585541477,0.0,0.0,0.399724790714995,0.0,0.4249780413896651,0.4766320391618637,0.0,0.4319007106994514,0.0,0.0,0.4278586255458625,0.0,0.0,0.0,0.0,0.4461241349499607,0.0,0.0,0.0,0.4246638509216339,0.0,0.0,0.0,0.433118002370091,0.0,0.0,0.0,0.0
0.3029509813272839,0.0,0.0,0.0,0.0,0.3931598702388614,0.0,0.0,0.0,0.0,0.3775104780075087,0.2831023505597812,0.3903517404022262,0.0,0.0,0.2996358965417569,0.2577942901327201,0.2830048002703669,0.0,0.0,0.0,0.3158875072530281,0.4119937150135342,0.3167274386711286,0.2881715391866746,0.280441483587358,0.4202837466662243,0.3791557202754798,0.0,0.0,0.3292228926773957,0.3170870176481435,0.2721929338197992,0.3095925984149908,0.3016500513512094,0.3219914128452523,0.3152297350321177,0.2597419407223788,0.3408623016122763,0.3017316220630561,0.3015413687288923,0.0,0.0,0.0,0.0,0.0,0.0,0.0,0.0,0.0,0.0,0.0,0.0,0.0,0.3439935905353844,0.0,0.3515097629207849,0.0,0.0,0.0,0.0,0.3813670821994909,0.3576048359852969,0.0,0.0,0.0,0.0,0.0,0.3645048397558791,0.3654391761204112,0.3769313222228248,0.0,0.3039570578396534,0.0,0.0,0.3550134190580608
0.0,0.0,0.3045972227848997,0.2932995132900717,0.2760692928804787,0.3352503273201501,0.3155724952153966,0.2701321474007054,0.2989001004048381,0.3775104780075087,0.0,0.0,0.3433071006526979,0.2717372692321643,0.0,0.0,0.0,0.0,0.2679518593426956,0.0,0.0,0.0,0.2858939847234926,0.0,0.0,0.0,0.3462634756993731,0.3513447571284631,0.0,0.0,0.2937599691324045,0.3155512588434083,0.0,0.3438044904523031,0.3074174144447842,0.234637071897166,0.3375620273799843,0.0,0.0,0.0,0.0,0.0,0.2404628058354007,0.0,0.0,0.0,0.0,0.3279745810028309,0.0,0.0,0.0,0.0,0.3123969123108907,0.3616388720125592,0.0,0.1843422906886265,0.0,0.0,0.2751065714910424,0.0,0.0,0.0,0.0,0.1513341088675358,0.0,0.0,0.0,0.3986932694890663,0.0,0.0,0.0,0.4092660175738041,0.0,0.0,0.0,0.0
0.0,0.0,0.0,0.0,0.0,0.0,0.0,0.0,0.0,0.2831023505597812,0.0,0.0,0.0,0.0,0.0,0.0,0.2759895503484134,0.256435772782389,0.0,0.0,0.0,0.0,0.0,0.2906511864867077,0.2911891605683732,0.3157217565943624,0.0,0.0,0.0,0.0,0.3367662611325265,0.3013503851647715,0.2608604393598577,0.2788072576484205,0.3002439669588043,0.2212176711808038,0.3294491835743979,0.2591827378433439,0.0,0.3110186158099624,0.3237968637717399,0.0,0.0,0.0,0.0,0.0,0.0,0.0,0.0,0.0,0.0,0.0,0.0,0.0,0.3478344686110293,0.0,0.3424245444865277,0.0,0.0,0.0,0.0,0.0,0.0,0.0,0.0,0.0,0.0,0.0,0.3718984499209323,0.3931187555362607,0.3887809788345745,0.0,0.0,0.0,0.0,0.3691611200259547
0.0,0.374226931675981,0.4010577041341733,0.3814607013126763,0.3742426724147603,0.3492109779573262,0.3170879784066334,0.3739559266233475,0.3578093191221045,0.3903517404022262,0.3433071006526979,0.0,0.0,0.0,0.3792435200988635,0.4197469428187953,0.0,0.3934466984862967,0.3478025211075763,0.3862617993359371,0.3995056712226609,0.4268553165192573,0.3805259014091328,0.0,0.3435100169133702,0.3691374055749603,0.3937763669415395,0.350963603262644,0.3410472152593976,0.3227966053491302,0.3880129704994945,0.3789457014616869,0.0,0.3926285951285329,0.3971743031315198,0.3533040536238799,0.3715645807926625,0.0,0.4303055361945146,0.0,0.0,0.0,0.0,0.0,0.0,0.0,0.0,0.0,0.0,0.0,0.4295904184390062,0.0,0.0,0.0,0.0,0.0,0.0,0.0,0.0,0.0,0.0,0.0,0.0,0.0,0.0,0.0,0.0,0.4154717204656171,0.0,0.0,0.0,0.4224636914779603,0.0,0.0,0.0,0.0
0.0,0.0,0.3940802262599793,0.3107726759671693,0.3013769900937735,0.3186654225114174,0.3180406484280692,0.3685334180823617,0.3376949395905517,0.0,0.2717372692321643,0.0,0.0,0.0,0.0,0.0,0.0,0.0,0.3503384893465363,0.0,0.3926395309653518,0.0,0.3373685209405331,0.0,0.0,0.0,0.3862522186165887,0.0,0.0,0.0,0.0,0.2561958020980392,0.0,0.0,0.0,0.2221924200216255,0.2355881797876868,0.0,0.0,0.0,0.0,0.0,0.2119476609986071,0.0,0.0,0.0,0.0,0.3930321709123514,0.0,0.0,0.0,0.0,0.0,0.3619467661763013,0.0,0.3106894363964376,0.0,0.0,0.0,0.0,0.0,0.0,0.0,0.0,0.0,0.0,0.0,0.3436531654493167,0.0,0.0,0.0,0.0,0.0,0.0,0.0,0.0
0.3474511391154087,0.3663757453570543,0.0,0.0,0.0,0.380737418169338,0.0,0.3310529826876839,0.0,0.0,0.0,0.0,0.3792435200988635,0.0,0.0,0.3875662923522412,0.0,0.3350066436287047,0.0,0.358518381734874,0.3371781363168,0.3709532457311901,0.3429322582429502,0.0,0.2990192163353339,0.3889552249154394,0.4106215413117222,0.3574723564650882,0.3726346831115357,0.0,0.4041747291981152,0.4508573251812865,0.3605685212712853,0.4358555866020488,0.4950511721290961,0.4781806271068903,0.0,0.0,0.4427126935663869,0.4247729352088679,0.4494973680762176,0.4697965302811123,0.0,0.0,0.0,0.0,0.4223522405848574,0.0,0.0,0.0,0.3902356523963039,0.0,0.3403340040302825,0.0,0.0,0.0,0.0,0.0,0.0,0.3198545824438383,0.4432834593703469,0.0,0.0,0.0,0.3907115858475149,0.4188733425911942,0.4523270925254801,0.3856050680320131,0.0,0.0,0.4656785311054479,0.4029390416121531,0.414587061301945,0.3880890417625089,0.0,0.4334550259989863
0.3122938964857016,0.3329002903134606,0.0,0.0,0.0,0.4105930225113202,0.4153655901924181,0.4283413678614882,0.4137102418305861,0.2996358965417569,0.0,0.0,0.4197469428187953,0.0,0.3875662923522412,0.0,0.3072421997130392,0.3261056559060479,0.0,0.3922765172872327,0.3137217718585083,0.3650981433767188,0.3636229403965971,0.2727389931461436,0.2901123937027744,0.3358248955360682,0.4157127219577536,0.4182112230665044,0.4237100644335351,0.0,0.3370502109699194,0.415601330218756,0.3089724699212176,0.3532017259764105,0.4141672011620354,0.0,0.0,0.0,0.3509269006826419,0.3335818558467321,0.3655096518293845,0.3977616774570814,0.0,0.0,0.0,0.2779228177824415,0.356574284866502,0.0,0.0,0.0,0.0,0.0,0.0,0.0,0.0,0.0,0.0,0.0,0.0,0.4305026172388575,0.3621658925528821,0.0,0.2587404401020887,0.0,0.4262978428408166,0.4040057422205079,0.3817871134896382,0.0,0.0,0.3195709785164086,0.3533345374666946,0.0,0.0,0.0,0.0,0.3622823659043825
0.2863279585283454,0.0,0.0,0.0,0.0,0.0,0.0,0.0,0.0,0.2577942901327201,0.0,0.2759895503484134,0.0,0.0,0.0,0.3072421997130392,0.0,0.2875828197842258,0.0,0.3965145151902888,0.0,0.3462806618299345,0.0,0.2662919937535102,0.2650879585815151,0.258516626016908,0.0,0.0,0.0,0.0,0.2643036829684523,0.4058186175563439,0.261002335302098,0.3019794570379062,0.3163414957717375,0.0,0.0,0.0,0.0,0.2934510026020727,0.3496120158935235,0.0,0.0,0.0,0.0,0.0,0.0,0.0,0.0,0.0,0.0,0.0,0.0,0.0,0.3461959637739362,0.0,0.3765543811317247,0.0,0.0,0.0,0.0,0.347830861627863,0.3345096442429844,0.0,0.0,0.0,0.0,0.0,0.3683587873693518,0.306589170389981,0.3465489135612338,0.0,0.0,0.0,0.0,0.0
0.2808883808634805,0.2988518790973267,0.0,0.0,0.0,0.3775257878034621,0.3957021451837134,0.4151824547974072,0.0,0.2830048002703669,0.0,0.256435772782389,0.3934466984862967,0.0,0.3350066436287047,0.3261056559060479,0.2875828197842258,0.0,0.0,0.3597990136345655,0.3002418698959096,0.3441840111746335,0.3729669194671008,0.2534220264763615,0.2845735530798495,0.2804772047692142,0.3791062974720797,0.380327718866328,0.3754956292031337,0.0,0.2879529985858104,0.392296365112775,0.2482537069821345,0.3000942796706114,0.3498183715394254,0.0,0.0,0.0,0.1959988280227445,0.234257998665285,0.2244669982171748,0.3281778907702986,0.0,0.0,0.0,0.2941530465454506,0.311961930493367,0.0,0.0,0.0,0.0,0.0,0.0,0.0,0.3228258473947951,0.0,0.3603240644852757,0.0,0.0,0.0,0.3113240124954709,0.2588398729040853,0.291193860159222,0.0,0.0,0.0,0.3404588894028209,0.0,0.333149540055613,0.2957010620694414,0.3176550399737987,0.0,0.0,0.0,0.0,0.2932153508858632
0.0,0.0,0.3183403434501611,0.0,0.2829281902953361,0.3511473019781713,0.3278976246171816,0.391606539683595,0.3195404447819349,0.0,0.2679518593426956,0.0,0.3478025211075763,0.3503384893465363,0.0,0.0,0.0,0.0,0.0,0.0,0.0,0.0,0.4052539140304617,0.0,0.0,0.0,0.4246498072594324,0.3533224188633094,0.0,0.0,0.3661036574236951,0.3480430608879312,0.0,0.386034965672366,0.3524625395263954,0.3251149870273307,0.3573636097492173,0.0,0.0,0.0,0.0,0.0,0.3581181559791221,0.0,0.0,0.0,0.0,0.3135594478466931,0.0,0.0,0.0,0.0,0.4306124636786482,0.4388704204466317,0.0,0.2488171503821917,0.0,0.0,0.3925164065437801,0.0,0.0,0.0,0.0,0.4464749513238612,0.0,0.0,0.0,0.458521647835061,0.0,0.0,0.0,0.4901244515031517,0.0,0.0,0.0,0.0
0.3587314189535878,0.3637109802052766,0.0,0.0,0.3504912888963331,0.3832131415910526,0.3894819013626623,0.3816751576138373,0.3552151278383126,0.0,0.0,0.0,0.3862617993359371,0.0,0.358518381734874,0.3922765172872327,0.3965145151902888,0.3597990136345655,0.0,0.0,0.3651621110590711,0.3389709174578231,0.3403981106413766,0.0,0.3319463778829741,0.3697125005498468,0.3394730056144189,0.3222632223109248,0.3146614887660126,0.2524951557698401,0.3512370716293181,0.4519870895626414,0.3543079536264911,0.4223670363804127,0.4830356476596356,0.4870415160211435,0.4670702307820315,0.0,0.4323016883441289,0.4285688783279699,0.4472017503220814,0.460023508960866,0.0,0.0,0.0,0.0,0.4284419755634957,0.0,0.0,0.0,0.4271970045275003,0.0,0.4041138802201374,0.0,0.0,0.0,0.0,0.0,0.0,0.4240407781284596,0.0,0.0,0.0,0.0,0.4252733973058993,0.4242961009646031,0.4328649905576094,0.4246879032383127,0.0,0.0,0.4457909363955679,0.4083867711377975,0.4301719658934623,0.4272265704517669,0.0,0.439745276984534
0.3924210206731938,0.3178133072929693,0.0,0.0,0.0,0.3688152072702064,0.0,0.3034539227188623,0.0,0.0,0.0,0.0,0.3995056712226609,0.3926395309653518,0.3371781363168,0.3137217718585083,0.0,0.3002418698959096,0.0,0.3651621110590711,0.0,0.3780426480122122,0.3361726738120682,0.4810876548191152,0.2982808213932355,0.3458357987115577,0.3890815591795047,0.3744497608908574,0.3609660840355351,0.0,0.3008173697470919,0.4206103992068146,0.2929507926789402,0.3686469731307622,0.4406486273239752,0.3923428041960912,0.0,0.0,0.3970222780533013,0.3690441574766493,0.4108199700880864,0.4390852778118734,0.0,0.0,0.0,0.3369752206123634,0.3719088224988813,0.0,0.0,0.0,0.3267251316878046,0.0,0.2053351396415431,0.0,0.0,0.0,0.0,0.0,0.0,0.3906932867964076,0.3892784060330898,0.0,0.0,0.0,0.4028761729794761,0.3027043995424416,0.4092519767013206,0.3236802497294458,0.0,0.0,0.3973418413216881,0.3686972439701641,0.3616484527501063,0.2699322785115839,0.0,0.0
0.2988082735733559,0.3372196545082243,0.0,0.0,0.3817524820009598,0.4052233692398065,0.424833259231811,0.3804066142674545,0.3906590603665429,0.3158875072530281,0.0,0.0,0.4268553165192573,0.0,0.3709532457311901,0.3650981433767188,0.3462806618299345,0.3441840111746335,0.0,0.3389709174578231,0.3780426480122122,0.0,0.383326480960604,0.0,0.3256773586437713,0.3607261573323215,0.4081200429255898,0.3972101998606597,0.3994769435520695,0.3342686570649551,0.3803705949474375,0.4786286313878866,0.3554132480745829,0.4352010501901371,0.5002654909059049,0.5005925337354242,0.476474892462124,0.0,0.4458531531598796,0.4038249814025886,0.4125613509153705,0.4394683954491512,0.0,0.0,0.0,0.3675396670820136,0.3940242467486283,0.0,0.0,0.0,0.4107872130685149,0.0,0.0,0.0,0.0,0.0,0.0,0.0,0.0,0.3756686780090809,0.402783749408413,0.0,0.0,0.0,0.4306703373034997,0.4296491131444672,0.4320297338829156,0.4221283092038827,0.0,0.0,0.432226967613169,0.4282631447464551,0.0,0.4172821811865037,0.0,0.4135497607073695
0.4447012953831248,0.3718233712729124,0.371034549029932,0.3780465667993583,0.3360891027095012,0.3642099112311251,0.3616052304970004,0.302036367637333,0.3822384970567402,0.4119937150135342,0.2858939847234926,0.0,0.3805259014091328,0.3373685209405331,0.3429322582429502,0.3636229403965971,0.0,0.3729669194671008,0.4052539140304617,0.3403981106413766,0.3361726738120682,0.383326480960604,0.0,0.4784225614729006,0.3692854237980544,0.3782146995622226,0.3456304778324278,0.3910719565271238,0.3612776007733847,0.3739846758105916,0.3985237517883446,0.3977452263662456,0.3523639494982595,0.4234065372873743,0.4509189003368454,0.3434245202598135,0.418188522768837,0.0,0.4192639093397686,0.3493362011530605,0.4046529176552738,0.4303120247983657,0.2771682264098462,0.0,0.0,0.0,0.0,0.4096955408943062,0.0,0.4515048342077952,0.4007999088567571,0.4113794762480793,0.381409726095668,0.3682366714941809,0.0,0.3292334221911733,0.0,0.4094953431552696,0.3343945281923831,0.372389477922491,0.0,0.0,0.0,0.3707457285072605,0.4138743426271603,0.3910845984653602,0.4338091541641358,0.4037933855828283,0.0,0.0,0.4404245702340449,0.4228899532988436,0.4142413118529395,0.4046872143368659,0.4029691771066004,0.4200753163380359
0.3859232291129426,0.0,0.0,0.0,0.0,0.0,0.0,0.4878364786781046,0.0,0.3167274386711286,0.0,0.2906511864867077,0.0,0.0,0.0,0.2727389931461436,0.2662919937535102,0.2534220264763615,0.0,0.0,0.4810876548191152,0.0,0.4784225614729006,0.0,0.2682127442682498,0.2924684956107723,0.0,0.0,0.0,0.0,0.3049176420592804,0.3097493883665005,0.2422584128826938,0.2796177295781043,0.2941660790925062,0.0,0.0,0.2561507220047744,0.3307652410997483,0.2722695616068901,0.2942082435073369,0.0,0.0,0.0,0.0,0.2902295257533011,0.0,0.0,0.0,0.0,0.0,0.0,0.0,0.0,0.3260459829507209,0.0,0.3360195886306903,0.0,0.0,0.0,0.3535203640462395,0.0,0.3232999030565725,0.0,0.0,0.0,0.0,0.0,0.3444157382774334,0.328467562830722,0.3452846688102998,0.0,0.0,0.0,0.0,0.3126067732933905
0.2679420029313564,0.2962025532557233,0.0,0.0,0.0,0.3334522723531743,0.3716903313871478,0.3841072697068582,0.0,0.2881715391866746,0.0,0.2911891605683732,0.3435100169133702,0.0,0.2990192163353339,0.2901123937027744,0.2650879585815151,0.2845735530798495,0.0,0.3319463778829741,0.2982808213932355,0.3256773586437713,0.3692854237980544,0.2682127442682498,0.0,0.2836967475796053,0.3502830009546418,0.328169432160326,0.3446008037661346,0.0,0.2735624950301199,0.3635628381208411,0.2166925847538036,0.276780930459965,0.2998176469113306,0.0,0.0,0.2464552900492753,0.2743320391499673,0.2823670077559412,0.2628207747711674,0.2776821108419328,0.0,0.0,0.0,0.2812888243344667,0.255046801543178,0.0,0.0,0.0,0.0,0.0,0.0,0.0,0.3359766816849635,0.0,0.3566161408091203,0.0,0.0,0.0,0.3131674134677231,0.3415705005286367,0.2934935342229821,0.0,0.3413913416092984,0.3514564211684986,0.3470989307995291,0.0,0.3247521065309869,0.2985721265841292,0.3191000746486568,0.0,0.0,0.0,0.0,0.3199776452916903
0.3150240162254762,0.3262698871698549,0.0,0.0,0.0,0.3580521767514994,0.3823235590702923,0.4191417256593133,0.0,0.280441483587358,0.0,0.3157217565943624,0.3691374055749603,0.0,0.3889552249154394,0.3358248955360682,0.258516626016908,0.2804772047692142,0.0,0.3697125005498468,0.3458357987115577,0.3607261573323215,0.3782146995622226,0.2924684956107723,0.2836967475796053,0.0,0.3865358609258278,0.3707356669550315,0.3676523506535833,0.0,0.3066006085377318,0.3970348838613125,0.2507740625765711,0.3055120999483644,0.3616392191189109,0.0,0.0,0.2665972670919072,0.3768648518457405,0.3216650097044545,0.3424017898445542,0.3355768130122162,0.0,0.0,0.0,0.3067793995781944,0.3331316723972032,0.0,0.0,0.0,0.0,0.0,0.0,0.0,0.370188716998211,0.0,0.3794985705584315,0.0,0.0,0.4361221539604726,0.3451837021523099,0.3405520829825413,0.323413974201382,0.0,0.4144545999118799,0.3915083894925354,0.4001855446768183,0.418877939513912,0.3618298844385617,0.334477091828964,0.3603899520916575,0.4079700705835601,0.0,0.4117678156684353,0.0,0.3362734681643872
0.4137068022090047,0.3825843771602363,0.3809797847962978,0.3917154480713525,0.3572200748552297,0.350700522155688,0.3784400749549625,0.3826911003695037,0.3746778105266266,0.4202837466662243,0.3462634756993731,0.0,0.3937763669415395,0.3862522186165887,0.4106215413117222,0.4157127219577536,0.0,0.3791062974720797,0.4246498072594324,0.3394730056144189,0.3890815591795047,0.4081200429255898,0.3456304778324278,0.0,0.3502830009546418,0.3865358609258278,0.0,0.3912005692560689,0.3375729058167631,0.3669231767220643,0.3952916113975068,0.4099137641561683,0.3786893941408611,0.4197271976686197,0.4565053848094821,0.3912760030280763,0.4176666104884617,0.0,0.4325809917851769,0.0,0.4434720012266852,0.0,0.3483441127739695,0.0,0.0,0.0,0.0,0.458624689699895,0.0,0.0,0.4129895850592621,0.4455326617191922,0.4513525274706738,0.4324868444662718,0.0,0.4142228640808428,0.0,0.4355052615082565,0.4416807487010196,0.4386393623560891,0.0,0.0,0.0,0.4640373035647763,0.4360318148855349,0.0,0.4461663871885611,0.4411392567523253,0.0,0.0,0.4333721593736283,0.4324636575671583,0.4345090249391687,0.425875466668547,0.0,0.4443996873178449
0.4205490784506109,0.3709220905198289,0.4151808598394953,0.3213879356149043,0.371837081674652,0.3547516984491625,0.3950241960994757,0.3773412788323291,0.3851928356652354,0.3791557202754798,0.3513447571284631,0.0,0.350963603262644,0.0,0.3574723564650882,0.4182112230665044,0.0,0.380327718866328,0.3533224188633094,0.3222632223109248,0.3744497608908574,0.3972101998606597,0.3910719565271238,0.0,0.328169432160326,0.3707356669550315,0.3912005692560689,0.0,0.3074652876035365,0.2897185411350506,0.3625021872667748,0.3751646073586297,0.0,0.3878215178630536,0.3809846846463393,0.2852075428154696,0.3377469411547472,0.0,0.4177260928364104,0.0,0.438264468474293,0.0,0.0,0.0,0.0,0.0,0.0,0.0,0.0,0.0,0.4189548033374858,0.0,0.4102332858891173,0.0,0.0,0.0,0.0,0.0,0.0,0.0,0.0,0.0,0.0,0.0,0.423839488742203,0.0,0.0,0.4203727837653923,0.0,0.0,0.0,0.4100033553164492,0.4336607900374671,0.4015603879374096,0.0,0.4507302914991814
0.4033443526491739,0.3767927006692096,0.0,0.0,0.3551468310680034,0.3383305765242594,0.3762770988144072,0.3268783940399162,0.3580078185338749,0.0,0.0,0.0,0.3410472152593976,0.0,0.3726346831115357,0.4237100644335351,0.0,0.3754956292031337,0.0,0.3146614887660126,0.3609660840355351,0.3994769435520695,0.3612776007733847,0.0,0.3446008037661346,0.3676523506535833,0.3375729058167631,0.3074652876035365,0.0,0.2772956350018439,0.3341067641245054,0.4241643959324498,0.3450190161515706,0.3846085356478528,0.4385207609870457,0.3712352872743757,0.4076196859180594,0.0,0.4103229806285799,0.0,0.4369572197978342,0.0,0.0,0.0,0.0,0.0,0.0,0.0,0.0,0.0,0.4057932084247118,0.0,0.0,0.0,0.0,0.0,0.0,0.0,0.0,0.390022203737178,0.0,0.0,0.0,0.0,0.4170724256476863,0.0,0.4212874020920529,0.395571280281811,0.0,0.0,0.0,0.3910669071334436,0.4183977155199848,0.3916971937200444,0.0,0.4292289183823779
0.0,0.0,0.0,0.0,0.0,0.3379507177861582,0.0,0.3274462927248247,0.0,0.0,0.0,0.0,0.3227966053491302,0.0,0.0,0.0,0.0,0.0,0.0,0.2524951557698401,0.0,0.3342686570649551,0.3739846758105916,0.0,0.0,0.0,0.3669231767220643,0.2897185411350506,0.2772956350018439,0.0,0.3029358893862153,0.5036106541750069,0.0,0.3468414194182661,0.3657031408646409,0.0,0.0,0.0,0.0,0.0,0.0,0.0,0.0,0.0,0.0,0.0,0.0,0.0,0.0,0.0,0.0,0.0,0.0,0.0,0.0,0.0,0.0,0.0,0.0,0.0,0.0,0.0,0.0,0.0,0.0,0.0,0.0,0.3965494055884495,0.0,0.0,0.0,0.4134347675013306,0.0,0.0,0.0,0.0
0.2825469755432038,0.3234358728097289,0.4117879147114702,0.0,0.3427351080502702,0.3748617032675854,0.3686770926636392,0.370469712066634,0.3564709069720683,0.3292228926773957,0.2937599691324045,0.3367662611325265,0.3880129704994945,0.0,0.4041747291981152,0.3370502109699194,0.2643036829684523,0.2879529985858104,0.3661036574236951,0.3512370716293181,0.3008173697470919,0.3803705949474375,0.3985237517883446,0.3049176420592804,0.2735624950301199,0.3066006085377318,0.3952916113975068,0.3625021872667748,0.3341067641245054,0.3029358893862153,0.0,0.4227961104336076,0.3397129999219463,0.3384172209759175,0.2980429408273432,0.3277087229278217,0.3675192281640591,0.3274201272176693,0.4065238250881784,0.2882176008361526,0.3695237658019223,0.0,0.0,0.0,0.0,0.3393046125712805,0.3018131457343926,0.0,0.0,0.0,0.4295754008914832,0.0,0.3858443229205147,0.0,0.3736299920329753,0.0,0.3597918325411037,0.0,0.0,0.3772648915904497,0.2941268720784187,0.0,0.3152129208346921,0.0,0.4098509155699273,0.4019680698101247,0.4139914158021394,0.3952841986111899,0.3283469178219911,0.3231282057133115,0.3094768087101568,0.4211002219722337,0.4564815361422735,0.4271695668961677,0.0,0.3762705115879173
0.389233726315333,0.3841504961562937,0.3954541065329517,0.2564763905578287,0.3404138993425923,0.3900694575918778,0.3667524708309352,0.3797857944487872,0.3637016653034586,0.3170870176481435,0.3155512588434083,0.3013503851647715,0.3789457014616869,0.2561958020980392,0.4508573251812865,0.415601330218756,0.4058186175563439,0.392296365112775,0.3480430608879312,0.4519870895626414,0.4206103992068146,0.4786286313878866,0.3977452263662456,0.3097493883665005,0.3635628381208411,0.3970348838613125,0.4099137641561683,0.3751646073586297,0.4241643959324498,0.5036106541750069,0.4227961104336076,0.0,0.3731806783762141,0.3646915776404276,0.4028998535173539,0.2302371675421212,0.2972507482566497,0.277406777534972,0.3702724178487807,0.3824715797750898,0.4473933958613041,0.4246593440018373,0.0,0.0,0.3269488389832565,0.4204638642674884,0.4074261002841612,0.4659204429258469,0.0,0.0,0.3756637345002881,0.0,0.3955626448289092,0.4657284517212275,0.0,0.0,0.0,0.4293843699547862,0.0,0.4485174605090154,0.4171453815624321,0.0,0.3647005806318518,0.0,0.4384620574823936,0.4349638147716881,0.4571280120973432,0.4017326635011825,0.0,0.3820467673280732,0.4241139414139454,0.3875399781866998,0.4209526786701958,0.3875787825649259,0.0,0.3880858892572452
0.2630549514544603,0.2815605644056945,0.0,0.0,0.0,0.0,0.0,0.3946505404491147,0.0,0.2721929338197992,0.0,0.2608604393598577,0.0,0.0,0.3605685212712853,0.3089724699212176,0.261002335302098,0.2482537069821345,0.0,0.3543079536264911,0.2929507926789402,0.3554132480745829,0.3523639494982595,0.2422584128826938,0.2166925847538036,0.2507740625765711,0.3786893941408611,0.0,0.3450190161515706,0.0,0.3397129999219463,0.3731806783762141,0.0,0.26394374878903,0.346720741966588,0.0,0.2718267159370844,0.2358378703646,0.372784496011336,0.292734638904078,0.3125767370665279,0.3639514550499726,0.0,0.0,0.0,0.2844229474608967,0.3461582847227211,0.0,0.0,0.0,0.0,0.0,0.0,0.0,0.3018736440343883,0.0,0.3041277867024707,0.0,0.0,0.423999964701757,0.3421373407184607,0.3074775579130976,0.3244730834772674,0.0,0.4250658943103661,0.3973154851240779,0.4042708532694667,0.3747948157461269,0.2885640499188721,0.314592342131601,0.3474061571549726,0.3540273757723089,0.0,0.4017314679295881,0.0,0.326759772987898
0.3193029601838407,0.3287088622627503,0.423666465182012,0.3147667716701512,0.3577106381896024,0.3905063876394303,0.3869321672697749,0.3783727269595254,0.3807435646027404,0.3095925984149908,0.3438044904523031,0.2788072576484205,0.3926285951285329,0.0,0.4358555866020488,0.3532017259764105,0.3019794570379062,0.3000942796706114,0.386034965672366,0.4223670363804127,0.3686469731307622,0.4352010501901371,0.4234065372873743,0.2796177295781043,0.276780930459965,0.3055120999483644,0.4197271976686197,0.3878215178630536,0.3846085356478528,0.3468414194182661,0.3384172209759175,0.3646915776404276,0.26394374878903,0.0,0.298434471689346,0.3543833763645894,0.3734834057454504,0.2709567462490123,0.4226862847845057,0.3236918131306707,0.3344150434539739,0.3922724184872169,0.0,0.0,0.0,0.346661332952294,0.3576746771459697,0.0,0.0,0.0,0.4410504796372063,0.0,0.4215257643573231,0.0,0.3201717142258107,0.0,0.3333410785552586,0.0,0.0,0.4483625391101413,0.3590305133622348,0.0,0.336663132547388,0.0,0.4191201918033419,0.4371206796682846,0.4297606146969595,0.411959378017721,0.3427345175580266,0.3292024698609033,0.3657875486626865,0.4126792500688613,0.4440563880909422,0.4379310483403749,0.0,0.3669866520311724
0.3663818825779885,0.3778168915121854,0.4036814715603594,0.3030183426714054,0.3175575741909227,0.4075893437659668,0.4214384312032113,0.4156161281667165,0.3914596011775784,0.3016500513512094,0.3074174144447842,0.3002439669588043,0.3971743031315198,0.0,0.4950511721290961,0.4141672011620354,0.3163414957717375,0.3498183715394254,0.3524625395263954,0.4830356476596356,0.4406486273239752,0.5002654909059049,0.4509189003368454,0.2941660790925062,0.2998176469113306,0.3616392191189109,0.4565053848094821,0.3809846846463393,0.4385207609870457,0.3657031408646409,0.2980429408273432,0.4028998535173539,0.346720741966588,0.298434471689346,0.0,0.335521182158746,0.3425704335431064,0.2709107628086473,0.4956108498114641,0.3799108266500842,0.4124290391629724,0.4499448081443876,0.0,0.0,0.0,0.0,0.337072789812679,0.0,0.0,0.0,0.0,0.0,0.0,0.0,0.0,0.0,0.0,0.0,0.0,0.4846754874398304,0.4022536950587302,0.0,0.3425625271760394,0.0,0.4904227410455181,0.4705454297596618,0.4677329974559241,0.4459926393783472,0.0,0.3460326844674444,0.4177612562788755,0.43960511260883,0.0,0.0,0.0,0.0
0.0,0.0,0.376400470588194,0.2197300003890316,0.2175309292498179,0.3577686475971502,0.305062592915958,0.2725066855870476,0.3517258702323838,0.3219914128452523,0.234637071897166,0.2212176711808038,0.3533040536238799,0.2221924200216255,0.4781806271068903,0.0,0.0,0.0,0.3251149870273307,0.4870415160211435,0.3923428041960912,0.5005925337354242,0.3434245202598135,0.0,0.0,0.0,0.3912760030280763,0.2852075428154696,0.3712352872743757,0.0,0.3277087229278217,0.2302371675421212,0.0,0.3543833763645894,0.335521182158746,0.0,0.218833184855712,0.0,0.0,0.0,0.0,0.0,0.1232059270552068,0.0,0.0,0.0,0.0,0.3293491061585685,0.0,0.0,0.4145475919300884,0.0,0.235805749944109,0.3373606896701853,0.0,0.2513365335418562,0.0,0.0,0.2230500868169379,0.0,0.0,0.0,0.0,0.2706261303080797,0.0,0.0,0.0,0.3950017551638434,0.0,0.0,0.0,0.4195707551136729,0.0,0.0,0.0,0.0
0.0,0.0,0.4116651618989115,0.2416285099320605,0.3556727746626669,0.3745496832548746,0.355230287171643,0.4044163796215322,0.375458547877508,0.3152297350321177,0.3375620273799843,0.3294491835743979,0.3715645807926625,0.2355881797876868,0.0,0.0,0.0,0.0,0.3573636097492173,0.4670702307820315,0.0,0.476474892462124,0.418188522768837,0.0,0.0,0.0,0.4176666104884617,0.3377469411547472,0.4076196859180594,0.0,0.3675192281640591,0.2972507482566497,0.2718267159370844,0.3734834057454504,0.3425704335431064,0.218833184855712,0.0,0.3202140887984795,0.5071344381297659,0.0,0.0,0.0,0.0,0.0,0.0,0.0,0.0,0.0,0.0,0.0,0.0,0.0,0.0,0.0,0.0,0.0,0.0,0.0,0.0,0.0,0.0,0.0,0.0,0.0,0.0,0.0,0.0,0.0,0.0,0.0,0.0,0.0,0.0,0.0,0.0,0.0
0.0,0.0,0.0,0.0,0.0,0.0,0.0,0.0,0.0,0.2597419407223788,0.0,0.2591827378433439,0.0,0.0,0.0,0.0,0.0,0.0,0.0,0.0,0.0,0.0,0.0,0.2561507220047744,0.2464552900492753,0.2665972670919072,0.0,0.0,0.0,0.0,0.3274201272176693,0.277406777534972,0.2358378703646,0.2709567462490123,0.2709107628086473,0.0,0.3202140887984795,0.0,0.0,0.0,0.0,0.0,0.0,0.0,0.0,0.0,0.0,0.0,0.0,0.0,0.0,0.0,0.0,0.0,0.0,0.0,0.0,0.0,0.0,0.0,0.0,0.0,0.0,0.0,0.0,0.0,0.0,0.0,0.0,0.0,0.0,0.0,0.0,0.0,0.0,0.0
0.3506054893462293,0.388837202598181,0.0,0.0,0.0,0.369532569885886,0.0,0.3383980571221592,0.0,0.3408623016122763,0.0,0.0,0.4303055361945146,0.0,0.4427126935663869,0.3509269006826419,0.0,0.1959988280227445,0.0,0.4323016883441289,0.3970222780533013,0.4458531531598796,0.4192639093397686,0.3307652410997483,0.2743320391499673,0.3768648518457405,0.4325809917851769,0.4177260928364104,0.4103229806285799,0.0,0.4065238250881784,0.3702724178487807,0.372784496011336,0.4226862847845057,0.4956108498114641,0.0,0.5071344381297659,0.0,0.0,0.3325459011105415,0.3742773249941595,0.3673744476345795,0.2586308825139389,0.304546976862773,0.3109313847356738,0.3876962473237714,0.3986366743982651,0.3070277275410732,0.3065017089105895,0.3474124937580143,0.3406713700067938,0.370742102125759,0.3543562014084952,0.2912181623653029,0.322855169855462,0.3227959153749616,0.2972911514042902,0.3582267454826398,0.0,0.4375458805861457,0.4017719960897913,0.2897508898088621,0.3519830021878014,0.2768098799072769,0.4564278572635805,0.4077937199383046,0.449912062503023,0.3625748554520037,0.3253898066886296,0.3422210684561413,0.3808737434708344,0.392234131625936,0.3433304325990456,0.4276640204403188,0.2966812049845471,0.3499380710833862
0.2840107715852387,0.3185412775856799,0.0,0.0,0.0,0.0,0.0,0.0,0.0,0.3017316220630561,0.0,0.3110186158099624,0.0,0.0,0.4247729352088679,0.3335818558467321,0.2934510026020727,0.234257998665285,0.0,0.4285688783279699,0.3690441574766493,0.4038249814025886,0.3493362011530605,0.2722695616068901,0.2823670077559412,0.3216650097044545,0.0,0.0,0.0,0.0,0.2882176008361526,0.3824715797750898,0.292734638904078,0.3236918131306707,0.3799108266500842,0.0,0.0,0.0,0.3325459011105415,0.0,0.2089365033262366,0.2485115441343162,0.0,0.261585349308001,0.2536854643067691,0.2448500620357063,0.2766017151664952,0.0,0.0,0.0,0.3297737636406848,0.0,0.0,0.0,0.2441797517139516,0.0,0.2426567922278635,0.3474024637123772,0.0,0.3482828209604856,0.3001566967614263,0.2458822494913126,0.2494352205630477,0.0,0.3554153865006788,0.3214336633046704,0.3390562184881341,0.3505457084568811,0.2193301575002307,0.2273195842683538,0.2736299374913125,0.3470446800669816,0.3012032363951144,0.3297065925613159,0.0,0.2821762245629595
0.3560350636076309,0.3185965749839937,0.0,0.0,0.0,0.4105004762681626,0.0,0.0,0.0,0.3015413687288923,0.0,0.3237968637717399,0.0,0.0,0.4494973680762176,0.3655096518293845,0.3496120158935235,0.2244669982171748,0.0,0.4472017503220814,0.4108199700880864,0.4125613509153705,0.4046529176552738,0.2942082435073369,0.2628207747711674,0.3424017898445542,0.4434720012266852,0.438264468474293,0.4369572197978342,0.0,0.3695237658019223,0.4473933958613041,0.3125767370665279,0.3344150434539739,0.4124290391629724,0.0,0.0,0.0,0.3742773249941595,0.2089365033262366,0.0,0.276569213557849,0.3586541868470568,0.2833707238766211,0.2408074613408553,0.328872243311357,0.3474040460230596,0.3367737323444439,0.2126131799385605,0.3759040069654789,0.3608563091934024,0.3759364541128863,0.3556842640690499,0.3467495396412467,0.2904301132078479,0.3609668363535376,0.2665143752187497,0.3641680401243303,0.0,0.4173293615263304,0.3457432921132308,0.3039091000628129,0.3230872365276168,0.3120829529278615,0.4066409187090798,0.3908030678706696,0.3832480540289837,0.3720381657452714,0.2567762953113802,0.3029749491381985,0.3336497315629287,0.3972960314206945,0.3459120093218666,0.368141289743546,0.2865018737227933,0.3162740234069903
0.0,0.3956474573629074,0.0,0.0,0.0,0.0,0.0,0.0,0.0,0.0,0.0,0.0,0.0,0.0,0.4697965302811123,0.3977616774570814,0.0,0.3281778907702986,0.0,0.460023508960866,0.4390852778118734,0.4394683954491512,0.4303120247983657,0.0,0.2776821108419328,0.3355768130122162,0.0,0.0,0.0,0.0,0.0,0.4246593440018373,0.3639514550499726,0.3922724184872169,0.4499448081443876,0.0,0.0,0.0,0.3673744476345795,0.2485115441343162,0.276569213557849,0.0,0.1977159731700015,0.1888311935121847,0.2680396157759814,0.3878579173127593,0.3652814428542967,0.0,0.1931183731559576,0.0,0.3643373069672359,0.3924403277023498,0.0,0.347249303369095,0.2851799919490216,0.0,0.2619125910833655,0.3718518068489015,0.0,0.4419854849589402,0.3773169412049771,0.2543613368403745,0.3310232859882546,0.0,0.4520109864665092,0.443819791455984,0.4355003002541941,0.3694469869090163,0.2108789752794457,0.3181639732149,0.3767560245527347,0.4102748597714398,0.3074751562258999,0.4083868353210686,0.2672596645111704,0.3294198637195206
0.0,0.0,0.3397424039148541,0.0,0.2104333819724762,0.0,0.0,0.1739935639703961,0.3995731643113075,0.0,0.2404628058354007,0.0,0.0,0.2119476609986071,0.0,0.0,0.0,0.0,0.3581181559791221,0.0,0.0,0.0,0.2771682264098462,0.0,0.0,0.0,0.3483441127739695,0.0,0.0,0.0,0.0,0.0,0.0,0.0,0.0,0.1232059270552068,0.0,0.0,0.2586308825139389,0.0,0.3586541868470568,0.1977159731700015,0.0,0.1973087829291353,0.3170864513885434,0.0,0.0,0.332275531169555,0.2077694781285625,0.2574846753009238,0.3292949857220987,0.2929163017582975,0.2106052197869575,0.3300183618764075,0.354420872664586,0.2602274708707908,0.0,0.321045026255738,0.2082308574118201,0.0,0.0,0.0,0.0,0.2831762740642331,0.4817410892843873,0.0,0.0,0.32007198882651,0.3237265074127565,0.0,0.3271599000768869,0.3358766168647751,0.3049294393146331,0.0,0.0,0.3676573626559938
0.0,0.0,0.0,0.0,0.0,0.0,0.0,0.0,0.0,0.0,0.0,0.0,0.0,0.0,0.0,0.0,0.0,0.0,0.0,0.0,0.0,0.0,0.0,0.0,0.0,0.0,0.0,0.0,0.0,0.0,0.0,0.0,0.0,0.0,0.0,0.0,0.0,0.0,0.304546976862773,0.261585349308001,0.2833707238766211,0.1888311935121847,0.1973087829291353,0.0,0.3146239721739557,0.0,0.0,0.3505812866907944,0.2177126996862584,0.2845270398281281,0.2932115996741428,0.2769424452724002,0.3693966482180998,0.3442702031918208,0.310909374194434,0.3299443138023448,0.2905444566967833,0.3108031997459708,0.2094522763223854,0.0,0.0,0.0,0.0,0.3268614817258078,0.0,0.0,0.0,0.3484864944252953,0.0,0.0,0.0,0.3289293710421245,0.2991813020590722,0.3438143015171676,0.0,0.3433342035936344
0.0,0.0,0.0,0.0,0.0,0.0,0.0,0.0,0.0,0.0,0.0,0.0,0.0,0.0,0.0,0.0,0.0,0.0,0.0,0.0,0.0,0.0,0.0,0.0,0.0,0.0,0.0,0.0,0.0,0.0,0.0,0.3269488389832565,0.0,0.0,0.0,0.0,0.0,0.0,0.3109313847356738,0.2536854643067691,0.2408074613408553,0.2680396157759814,0.3170864513885434,0.3146239721739557,0.0,0.0,0.0,0.0,0.0,0.0,0.0,0.0,0.0,0.0,0.262065374925601,0.0,0.2292800604017437,0.0,0.0,0.0,0.0,0.0,0.0,0.0,0.0,0.0,0.0,0.0,0.241260850587562,0.0,0.2886576728941828,0.0,0.3194134359177779,0.0,0.0,0.3155853476193997
