0.0,0.4001150544824894,0.0,0.0,0.0,0.4082273238074197,0.0,0.4809224447629655,0.0,0.3868354619127193,0.0,0.3597726180397981,0.0,0.0,0.3715951106624832,0.3931631264218651,0.0,0.3836395083513569,0.0,0.3968908345401071,0.3802119317560813,0.3839644910964201,0.4336953623411996,0.3384300249462143,0.3779531880182133,0.348221540848138,0.4273403677702982,0.4320128092755345,0.4379770164345902,0.0,0.3565578542071344,0.4332421974713201,0.3574190919950092,0.3557506647485273,0.4106410857977458,0.0,0.0,0.0,0.4387210580207357,0.4102325600156378,0.4260362256087561,0.0,0.0,0.0,0.0,0.3590067197238306,0.4442917143653555,0.0,0.0,0.0,0.0,0.0,0.0,0.0,0.4517195492277078,0.0,0.0,0.0,0.0,0.0,0.4478548003645674,0.0,0.4295861930707508,0.0,0.0,0.277200064581105,0.464053969077512,0.0,0.0,0.4266617349382881,0.441898741097486,0.0,0.0,0.0,0.0,0.0
0.4001150544824894,0.0,0.0,0.0,0.4079361937035689,0.3779760423631058,0.4143702569725428,0.444946303674827,0.3930043295316215,0.0,0.0,0.0,0.4149108949940269,0.0,0.4116175499832445,0.3760365725561022,0.0,0.3803911892286946,0.0,0.4001966433438574,0.4038475525611299,0.3720495983447824,0.3994046322745756,0.0,0.3461919361364839,0.3620585465006131,0.3859029851384472,0.3950362343811147,0.4014083476752836,0.0,0.3516883220688762,0.4058479505585092,0.340059823534229,0.358398444242741,0.4117933932748723,0.0,0.0,0.0,0.4664022046094798,0.4703603533459147,0.4801463857710124,0.4953263083145776,0.0,0.0,0.0,0.4422023946405935,0.4468576639371803,0.0,0.0,0.0,0.0,0.0,0.0,0.0,0.0,0.0,0.0,0.0,0.0,0.4884945361618702,0.4512721044843777,0.0,0.4363444039512013,0.0,0.4578998586478848,0.4689478217181062,0.4681574168898217,0.4763532256819801,0.0,0.442417682771395,0.4677545625486337,0.4668594802420608,0.0,0.4507403329676041,0.0,0.4369666521538848
0.0,0.0,0.0,0.0,0.3556630159888196,0.3543375820622004,0.4130550131232193,0.4342629202377716,0.2780117643982699,0.4764261870942287,0.2696741231859419,0.0,0.4164733119731914,0.3845696417187392,0.0,0.0,0.0,0.0,0.2143914257058082,0.0,0.0,0.0,0.2674575981477978,0.0,0.0,0.0,0.2899380979391461,0.4144918953514884,0.0,0.4284795942558516,0.4353651796640735,0.4130825222242921,0.0,0.4456178429227569,0.4340872623554789,0.3949223455934215,0.4360799587619768,0.0,0.5149765800517004,0.0,0.0,0.0,0.473100360530017,0.0,0.0,0.0,0.0,0.2049318460006884,0.0,0.4434743200364476,0.5242304607060718,0.0,0.4655453574943279,0.5136906029552146,0.0,0.2303184862757331,0.0,0.0,0.5000256718444384,0.0,0.0,0.0,0.0,0.2329212592439095,0.0,0.0,0.0,0.4894926588561514,0.0,0.0,0.0,0.5182502233958308,0.0,0.0,0.0,0.0
0.0,0.0,0.0,0.0,0.2722990218969344,0.3895469813763336,0.259722491259468,0.3495857872385189,0.3950300158488177,0.3667436962226044,0.3770762411572979,0.0,0.3244754911398553,0.315076278107516,0.0,0.0,0.0,0.0,0.4002425617198748,0.0,0.0,0.0,0.3839719894542731,0.0,0.0,0.0,0.400050487795263,0.2402885254401,0.0,0.0,0.0,0.2823642961125837,0.0,0.3324241899946526,0.4105402429735634,0.2285836627240647,0.1933647564497013,0.0,0.0,0.0,0.0,0.0,0.0,0.0,0.0,0.0,0.0,0.0,0.0,0.0,0.0,0.0,0.0,0.0,0.0,0.0,0.0,0.0,0.0,0.0,0.0,0.0,0.0,0.0,0.0,0.0,0.0,0.0,0.0,0.0,0.0,0.0,0.0,0.0,0.0,0.0
0.0,0.4079361937035689,0.3556630159888196,0.2722990218969344,0.0,0.3481915520121184,0.3077512200450024,0.4103040725870966,0.3175544409558592,0.4392640686157733,0.3250618130938726,0.4140573269812022,0.3763382891215122,0.3048217718771262,0.0,0.0,0.0,0.0,0.3635095857054889,0.3895636251610876,0.0,0.4017819957890274,0.3682599276160513,0.0,0.3830280494939788,0.0,0.3513110669591503,0.3849852432968844,0.3996030675531749,0.0,0.4116974071055437,0.3561350737023947,0.4099212780319762,0.4216989888175805,0.4113392572237583,0.2492582527803903,0.3063233933555079,0.4201687412353705,0.0,0.0,0.0,0.0,0.4565230071272768,0.0,0.0,0.0,0.0,0.5280053512549588,0.0,0.0,0.0,0.0,0.0,0.5598053535659276,0.0,0.4000783995464236,0.0,0.0,0.0,0.0,0.0,0.0,0.0,0.0,0.0,0.0,0.0,0.52279739090316,0.0,0.0,0.0,0.5316189698616023,0.0,0.0,0.0,0.0
0.4082273238074197,0.3779760423631058,0.3543375820622004,0.3895469813763336,0.3481915520121184,0.0,0.3843059385651669,0.4032801438970981,0.3108180266348933,0.4382464774446274,0.3624607610177931,0.0,0.3600574118797401,0.3840384284971715,0.3981320273576845,0.4178392929054487,0.0,0.3928896572830049,0.3752198505925967,0.3498073130798483,0.4051405333538359,0.39433960430813,0.3740476021099643,0.0,0.3429628242843685,0.3584041226052608,0.3634714755308498,0.3715070509724464,0.342167748659293,0.3981230544099178,0.4147261756258665,0.4017305231266435,0.378547285719889,0.4312351556792331,0.4129027577412631,0.4124406748471365,0.4138700521097098,0.0,0.484235870797689,0.0,0.5049077602425148,0.4931888150785504,0.4771314273908237,0.0,0.0,0.0,0.0,0.5172265337811647,0.0,0.0,0.5033751341654822,0.5164717261026848,0.4619932717780508,0.5167659629690281,0.0,0.5142267016274483,0.0,0.5056659299712045,0.0,0.4730445127363681,0.0,0.0,0.0,0.5148994600790938,0.4579950202171702,0.482341307391714,0.4747018050616288,0.495007574290968,0.0,0.0,0.0,0.4945080445451114,0.4979841550036524,0.4762599089171833,0.0,0.5069970121245108
0.0,0.4143702569725428,0.4130550131232193,0.259722491259468,0.3077512200450024,0.3843059385651669,0.0,0.3997962326981409,0.3540538647121583,0.3938526784754291,0.4189064622604374,0.3550330754806808,0.3266624220507122,0.3199666646105299,0.0,0.4411045657038915,0.4272199791529735,0.4158604998420556,0.4208712749364264,0.4124351122031794,0.0,0.4266763673835548,0.3960211931784359,0.3413047673502092,0.3874045330950199,0.4084743689653578,0.3968355757157299,0.3305399285746848,0.410792339075569,0.0,0.3792687965372147,0.3582285488856435,0.3736900308819244,0.35987866792357,0.2988221621901351,0.2661068498142438,0.2712689138259245,0.3162977813424232,0.0,0.0,0.0,0.0,0.0,0.0,0.0,0.0,0.0,0.0,0.0,0.0,0.5239149405635772,0.0,0.0,0.0,0.0,0.0,0.0,0.0,0.0,0.0,0.0,0.0,0.0,0.0,0.0,0.0,0.0,0.4822469652539786,0.0,0.0,0.0,0.4970584061894526,0.0,0.0,0.0,0.0
0.4809224447629655,0.444946303674827,0.4342629202377716,0.3495857872385189,0.4103040725870966,0.4032801438970981,0.3997962326981409,0.0,0.4659700568244449,0.4906996352284067,0.3411443558105774,0.0,0.4147386432342546,0.3403438513644491,0.4382699273084761,0.4654717439001547,0.0,0.4781067295860303,0.4293848927192233,0.4141215176698641,0.3869256678868149,0.4134583856145408,0.354736450457991,0.4889224400687781,0.4749032815425225,0.4644403129906328,0.4117225739367574,0.3941144197170741,0.3797346895375749,0.3743083883047974,0.3900786557784607,0.3993204413851132,0.3900907759914253,0.413802203672235,0.4334520897625724,0.3428202513706027,0.4216748685187357,0.0,0.4611947420083042,0.0,0.4957851261576542,0.0,0.3621765691524702,0.0,0.0,0.0,0.0,0.4919238376212465,0.0,0.48939807713348,0.4809070705342205,0.4835153682273059,0.3534667679342839,0.4890920724398027,0.0,0.4258643309351586,0.0,0.4811698744061496,0.0,0.0,0.0,0.0,0.0,0.4263461414001736,0.0,0.366410860384381,0.0,0.4511981742950383,0.0,0.0,0.0,0.4695333068430972,0.4697189540551976,0.4526064029642199,0.0,0.48524056572846
0.0,0.3930043295316215,0.2780117643982699,0.3950300158488177,0.3175544409558592,0.3108180266348933,0.3540538647121583,0.4659700568244449,0.0,0.4506100926249834,0.3021747967606993,0.4519723520170244,0.3792208389323326,0.4022584319388263,0.0,0.4374673696652978,0.0,0.0,0.2860614441698649,0.3689087025043004,0.0,0.40521504076812,0.3594184985873083,0.0,0.0,0.0,0.3292264929146434,0.4090190951147957,0.386639671124559,0.4196806304946842,0.429288100597367,0.4185809315278467,0.4237064323121147,0.4430737990020117,0.4243255262709021,0.4171357801909637,0.4235825374701558,0.4369660452241442,0.4909716372842151,0.0,0.0,0.0,0.472551366917677,0.0,0.0,0.0,0.0,0.5190305380389961,0.0,0.0,0.5227533221634725,0.0,0.5295994409135965,0.5395199438399734,0.0,0.4918539744146745,0.0,0.0,0.4842785442595776,0.0,0.0,0.0,0.0,0.4997495993780885,0.0,0.0,0.0,0.519693099094474,0.0,0.0,0.0,0.5205454485363451,0.0,0.0,0.0,0.0
0.3868354619127193,0.0,0.4764261870942287,0.3667436962226044,0.4392640686157733,0.4382464774446274,0.3938526784754291,0.4906996352284067,0.4506100926249834,0.0,0.4623199021477138,0.2853431123392527,0.3972214828465198,0.0,0.0,0.382878849113789,0.3243124267710935,0.3330480955718407,0.4668046388664392,0.0,0.0,0.4072765211766901,0.4495923851194919,0.310628263172918,0.3145448357539701,0.3169811272736917,0.4457275895898539,0.3882485148336536,0.0,0.0,0.3258374312028983,0.3105989864764636,0.2992214016930862,0.3354467303598652,0.3200781412164837,0.3934307214373876,0.3353026893139019,0.3011188201097325,0.3125299344111932,0.3926001522123074,0.3146014371988323,0.0,0.0,0.0,0.3430182379129623,0.0,0.0,0.0,0.0,0.0,0.0,0.0,0.0,0.0,0.4402354464928681,0.0,0.4286626419611039,0.0,0.0,0.0,0.0,0.4613903221195595,0.4431536721148756,0.0,0.0,0.0,0.0,0.0,0.4027329958176612,0.4596452124525652,0.4490984801531365,0.0,0.3285168039263697,0.0,0.0,0.4196475166398138
0.0,0.0,0.2696741231859419,0.3770762411572979,0.3250618130938726,0.3624607610177931,0.4189064622604374,0.3411443558105774,0.3021747967606993,0.4623199021477138,0.0,0.4497417677795418,0.4414480462535298,0.3006491084736962,0.0,0.0,0.0,0.0,0.2182087613665981,0.0,0.0,0.0,0.2629806755096768,0.0,0.0,0.0,0.338595453516951,0.4383397431054799,0.0,0.0,0.4681759522426332,0.3944201543528918,0.4534389398511508,0.4590930980283818,0.4398418034614884,0.3425093519284981,0.4234239935649965,0.4396862821513267,0.4530987154451704,0.0,0.0,0.0,0.4259441826171741,0.0,0.0,0.0,0.0,0.2551079733879433,0.0,0.3955509322353545,0.5186242551062342,0.4868892500355255,0.4170653891794268,0.4181789598332383,0.0,0.2086549266259771,0.0,0.510854397397155,0.4284006020499585,0.0,0.0,0.0,0.0,0.2108111802628131,0.0,0.0,0.0,0.501966303206015,0.0,0.0,0.0,0.4995657533033991,0.0,0.0,0.0,0.0
0.3597726180397981,0.0,0.0,0.0,0.4140573269812022,0.0,0.3550330754806808,0.0,0.4519723520170244,0.2853431123392527,0.4497417677795418,0.0,0.3734592491405655,0.0,0.0,0.0,0.3613877772818113,0.3614264847305128,0.0,0.0,0.0,0.0,0.0,0.2795719014941507,0.3417635973928443,0.2851294822078059,0.0,0.3249203494266043,0.0,0.0,0.3308534777053636,0.2623574107472917,0.2704821905828662,0.2476342599414403,0.3030980577858045,0.4034724527730425,0.2911767863533669,0.2135872413849304,0.2780727340240365,0.3988407570409836,0.2786719554458451,0.0,0.0,0.0,0.2923005714351138,0.0,0.0,0.0,0.0,0.0,0.0,0.0,0.0,0.0,0.4367881435674701,0.0,0.4252434736521371,0.0,0.0,0.0,0.0,0.4623856440758017,0.4503031837073004,0.0,0.0,0.0,0.0,0.0,0.3915927948026937,0.4538972509744474,0.4451981197275078,0.0,0.0,0.0,0.0,0.4174687238099377
0.0,0.4149108949940269,0.4164733119731914,0.3244754911398553,0.3763382891215122,0.3600574118797401,0.3266624220507122,0.4147386432342546,0.3792208389323326,0.3972214828465198,0.4414480462535298,0.3734592491405655,0.0,0.3713208390073854,0.4020572001918873,0.4385955646994234,0.4182737747796172,0.4188493474325474,0.4301351478228001,0.3903292808659242,0.4326571055044323,0.4239529725018829,0.3986701274482938,0.3916334656547761,0.3842508132046269,0.3957362658500459,0.3997412569209124,0.2992267863749057,0.3824685558578527,0.3333580773239883,0.3635687307097217,0.3774035240562251,0.3822723345427154,0.3838954990543194,0.3842500773883527,0.3262358041157113,0.3157507792454582,0.3588825552778172,0.4371151328876682,0.0,0.0,0.0,0.4882931997376676,0.0,0.0,0.0,0.0,0.5476712042228236,0.0,0.0,0.5023470981987784,0.0,0.4564421158946272,0.0,0.0,0.0,0.0,0.0,0.0,0.0,0.0,0.0,0.0,0.0,0.0,0.0,0.0,0.4797601754954848,0.0,0.0,0.0,0.4840480985405005,0.0,0.5046751460581153,0.0,0.0
0.0,0.0,0.3845696417187392,0.315076278107516,0.3048217718771262,0.3840384284971715,0.3199666646105299,0.3403438513644491,0.4022584319388263,0.0,0.3006491084736962,0.0,0.3713208390073854,0.0,0.0,0.0,0.0,0.0,0.3487868058837178,0.0,0.4339670510150489,0.0,0.3651080782611457,0.0,0.0,0.0,0.4201176990765226,0.2948352243274253,0.0,0.0,0.0,0.2854315724620555,0.0,0.3775798161951973,0.0,0.2277852492288018,0.1924525736695387,0.0,0.0,0.0,0.0,0.0,0.3918465316620269,0.0,0.0,0.0,0.0,0.0,0.0,0.0,0.0,0.0,0.0,0.0,0.0,0.3413327568148838,0.0,0.0,0.0,0.0,0.0,0.0,0.0,0.0,0.0,0.0,0.0,0.4692176653301457,0.0,0.0,0.0,0.0,0.0,0.0,0.0,0.0
0.3715951106624832,0.4116175499832445,0.0,0.0,0.0,0.3981320273576845,0.0,0.4382699273084761,0.0,0.0,0.0,0.0,0.4020572001918873,0.0,0.0,0.3974679933089832,0.0,0.3691246708392516,0.0,0.2943906988765649,0.3804813290638092,0.2975911119226747,0.3314001693318157,0.0,0.4043565453108423,0.3699390943046254,0.3688236559077982,0.3616629536421869,0.3620580718954062,0.0,0.3630145189628639,0.4108504833165609,0.3853382328611925,0.3990204216476172,0.4498241625528474,0.4416620031611792,0.0,0.0,0.4408079442672196,0.4154595513814141,0.4633377272873249,0.4773720256456202,0.0,0.0,0.0,0.0,0.4730819434904097,0.0,0.0,0.0,0.4610803634820989,0.0,0.0,0.0,0.0,0.0,0.0,0.0,0.0,0.4292561716826083,0.4852971123025859,0.0,0.0,0.0,0.3655598926621516,0.4445836667411286,0.4359924193707428,0.4542725009124376,0.0,0.0,0.4892437457961315,0.4561571600326324,0.4760916935132237,0.4400803541310709,0.0,0.4571499700954159
0.3931631264218651,0.3760365725561022,0.0,0.0,0.0,0.4178392929054487,0.4411045657038915,0.4654717439001547,0.4374673696652978,0.382878849113789,0.0,0.0,0.4385955646994234,0.0,0.3974679933089832,0.0,0.3702618900986378,0.3320411379053546,0.0,0.3763424887139179,0.3970070033556049,0.360206371769224,0.4123197342950161,0.3915798934325223,0.3704770068200088,0.3870023671484778,0.3972727195880194,0.4197225097132532,0.4056766875033289,0.4092742379959256,0.3500223941643418,0.4143855509952152,0.3478893841094571,0.3635914402409798,0.4244124701149662,0.0,0.0,0.0,0.4656033814984642,0.4493600559701163,0.4456277523883796,0.4838122463772794,0.0,0.0,0.0,0.4278357812550861,0.4404746767255912,0.0,0.0,0.0,0.0,0.0,0.0,0.0,0.0,0.0,0.0,0.0,0.0,0.464524203013429,0.4448311094770191,0.0,0.4360355250629349,0.0,0.4601017891171851,0.4519836058005536,0.451694047392317,0.0,0.0,0.4345450539118934,0.4510791186853102,0.0,0.0,0.0,0.0,0.4285273677127449
0.0,0.0,0.0,0.0,0.0,0.0,0.4272199791529735,0.0,0.0,0.3243124267710935,0.0,0.3613877772818113,0.4182737747796172,0.0,0.0,0.3702618900986378,0.0,0.3217118044016279,0.0,0.4032987587123654,0.0,0.3881774737525263,0.0,0.3770487180361941,0.3212444484884515,0.3557950068350385,0.0,0.4048496436801357,0.0,0.0,0.3435648998789332,0.4116809897474478,0.3466449474702009,0.3581032961614387,0.3511934589849625,0.0,0.0,0.3537246218991425,0.0,0.4293022880771835,0.471455120099742,0.0,0.0,0.0,0.0,0.0,0.0,0.0,0.0,0.0,0.0,0.0,0.0,0.0,0.4721633076889836,0.0,0.4567637062905441,0.0,0.0,0.0,0.0,0.4798031911509611,0.4576709172722866,0.0,0.0,0.0,0.0,0.0,0.4448058228801294,0.4936809493304508,0.4652950179150512,0.0,0.0,0.0,0.0,0.0
0.3836395083513569,0.3803911892286946,0.0,0.0,0.0,0.3928896572830049,0.4158604998420556,0.4781067295860303,0.0,0.3330480955718407,0.0,0.3614264847305128,0.4188493474325474,0.0,0.3691246708392516,0.3320411379053546,0.3217118044016279,0.0,0.0,0.3863352016503495,0.4212979298540076,0.383915929388492,0.422300807204002,0.3629473730107508,0.3267076359864944,0.3611971724107539,0.3756728547198459,0.4035081369193963,0.3944849717115868,0.0,0.3558619890880169,0.4222859844187871,0.3448362297390481,0.3608141915735971,0.3707691305253628,0.0,0.0,0.0,0.5193616870789755,0.4528352443574342,0.4552267947334288,0.4761678106422073,0.0,0.0,0.0,0.4222746626835443,0.4350431347806816,0.0,0.0,0.0,0.0,0.0,0.0,0.0,0.4603840777202099,0.0,0.4506045655250785,0.0,0.0,0.0,0.4395441188857102,0.4939032780595053,0.442380235374891,0.0,0.0,0.0,0.4410763394624771,0.0,0.4296010672146174,0.4456187029399949,0.4486565742894357,0.0,0.0,0.0,0.0,0.4380395498909928
0.0,0.0,0.2143914257058082,0.4002425617198748,0.3635095857054889,0.3752198505925967,0.4208712749364264,0.4293848927192233,0.2860614441698649,0.4668046388664392,0.2182087613665981,0.0,0.4301351478228001,0.3487868058837178,0.0,0.0,0.0,0.0,0.0,0.0,0.0,0.0,0.2560986179068931,0.0,0.0,0.0,0.3071410779512823,0.4233655972020655,0.0,0.0,0.4455721874548237,0.3961637589400199,0.0,0.4528933318535703,0.4145847037474845,0.3757309497089651,0.4256432921445361,0.0,0.4977859030983358,0.0,0.0,0.0,0.4591823805613708,0.0,0.0,0.0,0.0,0.3058063682310977,0.0,0.0,0.526367909825866,0.0,0.4696146389203544,0.5084867348314656,0.0,0.1555372909286241,0.0,0.0,0.4170154058416282,0.0,0.0,0.0,0.0,0.2533369086105758,0.0,0.0,0.0,0.5173579877465327,0.0,0.0,0.0,0.519708004334932,0.0,0.0,0.0,0.0
0.3968908345401071,0.4001966433438574,0.0,0.0,0.3895636251610876,0.3498073130798483,0.4124351122031794,0.4141215176698641,0.3689087025043004,0.0,0.0,0.0,0.3903292808659242,0.0,0.2943906988765649,0.3763424887139179,0.4032987587123654,0.3863352016503495,0.0,0.0,0.3926145147137767,0.2964011687388341,0.2093278616151944,0.0,0.3704488433005612,0.3860364121950651,0.3259496562408868,0.3501108827601757,0.3062453753579856,0.3376024463001712,0.3480042479852923,0.3967526965929636,0.3492561247593062,0.3869929668935862,0.4351255772648597,0.4730781173013796,0.4175111820250367,0.0,0.4171262552228284,0.4516893006316417,0.4762231943500316,0.4627551147325124,0.0,0.0,0.0,0.0,0.4534984089152326,0.0,0.0,0.0,0.4732992626374024,0.0,0.4580249958549913,0.0,0.0,0.0,0.0,0.0,0.0,0.4514645533508311,0.0,0.0,0.0,0.0,0.4354028593088389,0.4386053152700394,0.445232659437537,0.4667395153204019,0.0,0.0,0.4532813414103498,0.4592080137764994,0.4772880651302091,0.4568583154326781,0.0,0.4598785357220085
0.3802119317560813,0.4038475525611299,0.0,0.0,0.0,0.4051405333538359,0.0,0.3869256678868149,0.0,0.0,0.0,0.0,0.4326571055044323,0.4339670510150489,0.3804813290638092,0.3970070033556049,0.0,0.4212979298540076,0.0,0.3926145147137767,0.0,0.4096430132869086,0.3715105692247625,0.4383424689249625,0.4147939361405369,0.391441761761155,0.394605936129181,0.408619584563443,0.3867473193018971,0.4245928132597864,0.3498565503325228,0.4217611365666858,0.3905114079194365,0.3844587118278165,0.4656824073292048,0.0,0.0,0.0,0.436952191139897,0.447671068806402,0.4746251098749892,0.5002156102479656,0.0,0.0,0.0,0.3791216810198596,0.4563400255779211,0.0,0.0,0.0,0.446056265706894,0.0,0.3088084133122754,0.0,0.0,0.0,0.0,0.0,0.0,0.4620225361067512,0.4596689003233506,0.0,0.0,0.0,0.4305747800633359,0.397306465906423,0.4711987152722524,0.4460217360063306,0.0,0.4767305718090748,0.4955399343947905,0.4596597435699486,0.4702700543271648,0.4343063263083656,0.0,0.4703130839103373
0.3839644910964201,0.3720495983447824,0.0,0.0,0.4017819957890274,0.39433960430813,0.4266763673835548,0.4134583856145408,0.40521504076812,0.4072765211766901,0.0,0.0,0.4239529725018829,0.0,0.2975911119226747,0.360206371769224,0.3881774737525263,0.383915929388492,0.0,0.2964011687388341,0.4096430132869086,0.0,0.3826099152310107,0.0,0.3751967421680652,0.3796674823247213,0.3849318942972761,0.3759694841678579,0.3671441866225903,0.3626355685995703,0.3542198676692683,0.419199905745764,0.3522985804801422,0.3921660274541649,0.4430497420914763,0.4870525827729614,0.4293995431264624,0.0,0.4346920309715664,0.4683265438760504,0.4665423824291719,0.4885635156726568,0.0,0.0,0.0,0.4450843511380037,0.447239978766642,0.0,0.0,0.0,0.464364114508101,0.0,0.0,0.0,0.0,0.0,0.0,0.0,0.0,0.4770224011578303,0.448946267944587,0.0,0.0,0.0,0.4507020193366636,0.459083796167302,0.4661295872443223,0.4615448882090636,0.0,0.4366801862391269,0.4696190070477518,0.4597558989589496,0.0,0.45366463144325,0.0,0.4570405564915439
0.4336953623411996,0.3994046322745756,0.2674575981477978,0.3839719894542731,0.3682599276160513,0.3740476021099643,0.3960211931784359,0.354736450457991,0.3594184985873083,0.4495923851194919,0.2629806755096768,0.0,0.3986701274482938,0.3651080782611457,0.3314001693318157,0.4123197342950161,0.0,0.422300807204002,0.2560986179068931,0.2093278616151944,0.3715105692247625,0.3826099152310107,0.0,0.468407387770067,0.4035369751005652,0.4146442438261694,0.3149378407734381,0.3890318328191147,0.3730269234179406,0.3720397991945845,0.3956908292273763,0.392075076883362,0.3683450214537541,0.4179990464541669,0.4350002267885143,0.386061312374754,0.4049282564221071,0.0,0.4885244575599908,0.4164086028267942,0.5110484940703428,0.5215283326237088,0.4870082996572019,0.0,0.0,0.0,0.4688811730838519,0.288868700085381,0.0,0.5027842056853249,0.5043751893518288,0.5002678282752592,0.4501802084118107,0.5150351031615178,0.0,0.3029805208709162,0.0,0.4966351643706241,0.4522234727428001,0.4678956473792953,0.0,0.0,0.0,0.2110866438571345,0.4695842324677426,0.4519304154694675,0.4685768455592652,0.4282927718460723,0.0,0.0,0.4676860705315206,0.4953360419489841,0.4943155835805167,0.481102453404114,0.4906243736645451,0.5004820886088174
0.3384300249462143,0.0,0.0,0.0,0.0,0.0,0.3413047673502092,0.4889224400687781,0.0,0.310628263172918,0.0,0.2795719014941507,0.3916334656547761,0.0,0.0,0.3915798934325223,0.3770487180361941,0.3629473730107508,0.0,0.0,0.4383424689249625,0.0,0.468407387770067,0.0,0.3498282025021841,0.3224884750087475,0.4834050411865941,0.3466534409563723,0.0,0.0,0.3468222017099246,0.2938791106002313,0.2791668469668047,0.2758301608879708,0.2618839321866871,0.3118090650826724,0.0,0.2699521426682154,0.280814959664621,0.3615853388850924,0.3060977328572145,0.0,0.0,0.0,0.3134839320653704,0.3866363035121525,0.0,0.0,0.0,0.0,0.0,0.0,0.0,0.0,0.4182694860330115,0.0,0.3954460913384988,0.0,0.0,0.0,0.4571399314732333,0.4541910893095435,0.4445201099032068,0.0,0.0,0.0,0.0,0.0,0.3641221982565927,0.4401445750419793,0.429877353972683,0.0,0.0,0.0,0.0,0.414833489774043
0.3779531880182133,0.3461919361364839,0.0,0.0,0.3830280494939788,0.3429628242843685,0.3874045330950199,0.4749032815425225,0.0,0.3145448357539701,0.0,0.3417635973928443,0.3842508132046269,0.0,0.4043565453108423,0.3704770068200088,0.3212444484884515,0.3267076359864944,0.0,0.3704488433005612,0.4147939361405369,0.3751967421680652,0.4035369751005652,0.3498282025021841,0.0,0.3312548693116586,0.3529250454320254,0.3903334290379924,0.3758629328828904,0.0,0.3568954089856813,0.4088399828765395,0.3232475156715141,0.3461126325976368,0.3564997489351229,0.0,0.0,0.3402121522191813,0.4818933382322617,0.4368258941207703,0.4508749727826673,0.4838121918265074,0.0,0.0,0.0,0.4178206357879008,0.4465166534251393,0.0,0.0,0.0,0.0,0.0,0.0,0.0,0.465071156432688,0.0,0.4543804130930295,0.0,0.0,0.0,0.4481170336037818,0.4700784057271069,0.4460554163145219,0.0,0.4486113763268828,0.4694617995996632,0.4384295358959577,0.0,0.4196483586202355,0.4488413650234255,0.4497069154543324,0.0,0.0,0.0,0.0,0.4362886394648795
0.348221540848138,0.3620585465006131,0.0,0.0,0.0,0.3584041226052608,0.4084743689653578,0.4644403129906328,0.0,0.3169811272736917,0.0,0.2851294822078059,0.3957362658500459,0.0,0.3699390943046254,0.3870023671484778,0.3557950068350385,0.3611971724107539,0.0,0.3860364121950651,0.391441761761155,0.3796674823247213,0.4146442438261694,0.3224884750087475,0.3312548693116586,0.0,0.4050939815759649,0.3918926629636946,0.374552044600231,0.0,0.3573346971703286,0.4176299306080421,0.3430954654853353,0.3573512311142013,0.4156850223280598,0.461534372412399,0.0,0.3307790277854803,0.4462129474167113,0.4327928385422105,0.4547143581132833,0.4859227374435797,0.0,0.0,0.414960560628599,0.4267906727918876,0.456159082473198,0.0,0.0,0.0,0.0,0.0,0.0,0.0,0.4564532697499361,0.0,0.4426050480473347,0.0,0.0,0.4986596080573672,0.4530307911195473,0.467989040188453,0.4491360318775321,0.0,0.4712835813117849,0.4831222863848252,0.4777366604934613,0.4664478691463409,0.4011350203269657,0.4482577944575566,0.4588314009213372,0.4681633706846133,0.0,0.4596987280779018,0.0,0.4383312657468362
0.4273403677702982,0.3859029851384472,0.2899380979391461,0.400050487795263,0.3513110669591503,0.3634714755308498,0.3968355757157299,0.4117225739367574,0.3292264929146434,0.4457275895898539,0.338595453516951,0.0,0.3997412569209124,0.4201176990765226,0.3688236559077982,0.3972727195880194,0.0,0.3756728547198459,0.3071410779512823,0.3259496562408868,0.394605936129181,0.3849318942972761,0.3149378407734381,0.4834050411865941,0.3529250454320254,0.4050939815759649,0.0,0.393726170763129,0.3579270242349517,0.3732736957742846,0.3729241550641457,0.3887692864334033,0.3422671382381223,0.4076837363468522,0.4212272016666804,0.4211217002124972,0.4112114402814533,0.0,0.4719969371933006,0.0,0.5034486358643868,0.5128731714805128,0.490115010322762,0.0,0.0,0.0,0.5022169943745399,0.5218343312251291,0.0,0.0,0.501424309209263,0.5080099987547598,0.4681230222194049,0.5279176892319795,0.0,0.4435516735755144,0.0,0.4984246441450858,0.5202624935244428,0.4563182586456538,0.0,0.0,0.0,0.5220808480366744,0.4613381472275204,0.455695396923827,0.4631598436451245,0.4910373713432716,0.0,0.0,0.4679175776193425,0.493313387295948,0.4903445650519655,0.4779384629210043,0.4990945013730982,0.4948964977781302
0.4320128092755345,0.3950362343811147,0.4144918953514884,0.2402885254401,0.3849852432968844,0.3715070509724464,0.3305399285746848,0.3941144197170741,0.4090190951147957,0.3882485148336536,0.4383397431054799,0.3249203494266043,0.2992267863749057,0.2948352243274253,0.3616629536421869,0.4197225097132532,0.4048496436801357,0.4035081369193963,0.4233655972020655,0.3501108827601757,0.408619584563443,0.3759694841678579,0.3890318328191147,0.3466534409563723,0.3903334290379924,0.3918926629636946,0.393726170763129,0.0,0.3271201184642517,0.2965442333606876,0.3409189767215971,0.3664906564023938,0.3442528862659467,0.3578589786285511,0.3202039489728656,0.2433287033445537,0.2483512428783348,0.3090358135597795,0.3813665759229869,0.0,0.4072542664788123,0.3960646819930391,0.4361642557473394,0.0,0.0,0.0,0.0,0.0,0.0,0.0,0.4830839555198472,0.0,0.4454553895081191,0.0,0.0,0.0,0.0,0.0,0.0,0.4723442249223442,0.0,0.0,0.0,0.0,0.4553512292930695,0.4475738083575534,0.0,0.4715897973309456,0.0,0.0,0.0,0.4766122375778086,0.4656978041994367,0.4721664798517562,0.0,0.5072726350887856
0.4379770164345902,0.4014083476752836,0.0,0.0,0.3996030675531749,0.342167748659293,0.410792339075569,0.3797346895375749,0.386639671124559,0.0,0.0,0.0,0.3824685558578527,0.0,0.3620580718954062,0.4056766875033289,0.0,0.3944849717115868,0.0,0.3062453753579856,0.3867473193018971,0.3671441866225903,0.3730269234179406,0.0,0.3758629328828904,0.374552044600231,0.3579270242349517,0.3271201184642517,0.0,0.3219112529713552,0.3494693172674284,0.3803980108800536,0.3225579831495413,0.3896906934602471,0.4305647553678433,0.4519775499604002,0.4247482093053348,0.0,0.4575435868026833,0.0,0.4910296617864959,0.5146374031294715,0.0,0.0,0.0,0.0,0.4650106670077162,0.0,0.0,0.0,0.4785965167900213,0.0,0.4483271730912962,0.0,0.0,0.0,0.0,0.5094134341648661,0.0,0.4418719072592382,0.0,0.0,0.0,0.0,0.4438061302249051,0.4332746103232132,0.4465872284465468,0.4692068150397366,0.0,0.0,0.4607289424045627,0.4713282372542923,0.4805398081427562,0.4579950296374977,0.0,0.4774984959644067
0.0,0.0,0.4284795942558516,0.0,0.0,0.3981230544099178,0.0,0.3743083883047974,0.4196806304946842,0.0,0.0,0.0,0.3333580773239883,0.0,0.0,0.4092742379959256,0.0,0.0,0.0,0.3376024463001712,0.4245928132597864,0.3626355685995703,0.3720397991945845,0.0,0.0,0.0,0.3732736957742846,0.2965442333606876,0.3219112529713552,0.0,0.3146169337919079,0.3701134746883766,0.0,0.3377662259693104,0.0,0.0,0.0,0.0,0.4886986547492595,0.0,0.0,0.0,0.0,0.0,0.0,0.0,0.0,0.0,0.0,0.0,0.0,0.0,0.0,0.0,0.0,0.0,0.0,0.0,0.0,0.0,0.0,0.0,0.0,0.0,0.0,0.0,0.0,0.4723321417129858,0.0,0.0,0.0,0.4745437975291106,0.0,0.0,0.0,0.0
0.3565578542071344,0.3516883220688762,0.4353651796640735,0.0,0.4116974071055437,0.4147261756258665,0.3792687965372147,0.3900786557784607,0.429288100597367,0.3258374312028983,0.4681759522426332,0.3308534777053636,0.3635687307097217,0.0,0.3630145189628639,0.3500223941643418,0.3435648998789332,0.3558619890880169,0.4455721874548237,0.3480042479852923,0.3498565503325228,0.3542198676692683,0.3956908292273763,0.3468222017099246,0.3568954089856813,0.3573346971703286,0.3729241550641457,0.3409189767215971,0.3494693172674284,0.3146169337919079,0.0,0.3981696263167711,0.318513265950659,0.2970858562275841,0.3148049960980645,0.4651623321763927,0.2992271849659742,0.3225430944456534,0.4361850576485708,0.3440147195857608,0.4463108591694057,0.0,0.0,0.0,0.0,0.4010287074596436,0.4302153583515273,0.0,0.0,0.0,0.4999396637985288,0.0,0.4499590567590272,0.0,0.4239535913672043,0.0,0.4017851752449932,0.0,0.0,0.4413695936486408,0.4313409323321732,0.0,0.4410203183483721,0.0,0.4386385983456323,0.4121162013508217,0.4444157474168421,0.4787973967430547,0.4037610089326937,0.4384148788019003,0.4426157784621622,0.4880239157823421,0.519827628272214,0.4828371517081376,0.0,0.4645460419876396
0.4332421974713201,0.4058479505585092,0.4130825222242921,0.2823642961125837,0.3561350737023947,0.4017305231266435,0.3582285488856435,0.3993204413851132,0.4185809315278467,0.3105989864764636,0.3944201543528918,0.2623574107472917,0.3774035240562251,0.2854315724620555,0.4108504833165609,0.4143855509952152,0.4116809897474478,0.4222859844187871,0.3961637589400199,0.3967526965929636,0.4217611365666858,0.419199905745764,0.392075076883362,0.2938791106002313,0.4088399828765395,0.4176299306080421,0.3887692864334033,0.3664906564023938,0.3803980108800536,0.3701134746883766,0.3981696263167711,0.0,0.3543961614495837,0.403324327579396,0.4374661094503406,0.2942692730693898,0.3109680133047168,0.2488616281194892,0.3127015241983468,0.2691066411860375,0.3243693078737492,0.3461640805967773,0.3032260899726657,0.2833343357653387,0.2645094571785066,0.4524152680208209,0.4682065566102433,0.4944885513349671,0.0,0.0,0.4888865779078947,0.0,0.4338647831286804,0.5256047974776195,0.2922181689456027,0.433341485474336,0.2648491652979183,0.4387089240921957,0.0,0.4812016363511059,0.460644839212439,0.0,0.4568984827897388,0.547417109979435,0.4530826189429927,0.444462462899399,0.4775320231217768,0.4792703636923551,0.2332079211492676,0.4558609065560969,0.4683568961097982,0.4851231420381047,0.3718869122997673,0.4857191871002904,0.0,0.3651027842278203
0.3574190919950092,0.340059823534229,0.0,0.0,0.4099212780319762,0.378547285719889,0.3736900308819244,0.3900907759914253,0.4237064323121147,0.2992214016930862,0.4534389398511508,0.2704821905828662,0.3822723345427154,0.0,0.3853382328611925,0.3478893841094571,0.3466449474702009,0.3448362297390481,0.0,0.3492561247593062,0.3905114079194365,0.3522985804801422,0.3683450214537541,0.2791668469668047,0.3232475156715141,0.3430954654853353,0.3422671382381223,0.3442528862659467,0.3225579831495413,0.0,0.318513265950659,0.3543961614495837,0.0,0.2415384132259127,0.3810538171319163,0.4666121122352623,0.2511281388426433,0.2000638057606112,0.2671440429603927,0.2700860843882681,0.259679587423769,0.3089468431311282,0.0,0.0,0.2257932958316336,0.415843389352776,0.4366424739066114,0.0,0.0,0.0,0.0,0.0,0.0,0.0,0.3831800103055486,0.0,0.3489945419888557,0.0,0.0,0.4814970518065322,0.4457989040787984,0.428469523723557,0.4357804007233292,0.0,0.461643817215783,0.4316450475223611,0.4670381144103358,0.4304563949988025,0.2908941657096424,0.4375486746762549,0.4352797463225676,0.4271507625094123,0.0,0.4650367192661819,0.0,0.3924057109405979
0.3557506647485273,0.358398444242741,0.4456178429227569,0.3324241899946526,0.4216989888175805,0.4312351556792331,0.35987866792357,0.413802203672235,0.4430737990020117,0.3354467303598652,0.4590930980283818,0.2476342599414403,0.3838954990543194,0.3775798161951973,0.3990204216476172,0.3635914402409798,0.3581032961614387,0.3608141915735971,0.4528933318535703,0.3869929668935862,0.3844587118278165,0.3921660274541649,0.4179990464541669,0.2758301608879708,0.3461126325976368,0.3573512311142013,0.4076837363468522,0.3578589786285511,0.3896906934602471,0.3377662259693104,0.2970858562275841,0.403324327579396,0.2415384132259127,0.0,0.2799256306034997,0.4283334648566606,0.3562072984038503,0.2207217975560249,0.2926609135517918,0.2707188045260655,0.2352422813312285,0.3055783841229358,0.3333143213563064,0.0,0.2346973699232011,0.4035636263209475,0.4371573507249365,0.0,0.0,0.0,0.50727244722723,0.0,0.4565659739647726,0.0,0.3062777000171428,0.0,0.2746713805992563,0.0,0.0,0.4713758479145793,0.4399209409330732,0.0,0.4412714493124508,0.0,0.4487405860739936,0.4361790586378059,0.4630815507208665,0.4986728718083146,0.2948618258614485,0.4403164942599418,0.446127860849366,0.4977319232608066,0.3715001744004498,0.4897833513265951,0.0,0.425569908173998
0.4106410857977458,0.4117933932748723,0.4340872623554789,0.4105402429735634,0.4113392572237583,0.4129027577412631,0.2988221621901351,0.4334520897625724,0.4243255262709021,0.3200781412164837,0.4398418034614884,0.3030980577858045,0.3842500773883527,0.0,0.4498241625528474,0.4244124701149662,0.3511934589849625,0.3707691305253628,0.4145847037474845,0.4351255772648597,0.4656824073292048,0.4430497420914763,0.4350002267885143,0.2618839321866871,0.3564997489351229,0.4156850223280598,0.4212272016666804,0.3202039489728656,0.4305647553678433,0.0,0.3148049960980645,0.4374661094503406,0.3810538171319163,0.2799256306034997,0.0,0.4833480821014329,0.3963050406942034,0.2214146346320088,0.3218744511063234,0.3096708880254225,0.3137800581842613,0.3931785365891,0.3164267868980736,0.3220600502727025,0.2813350269476209,0.0,0.471320341537668,0.0,0.0,0.0,0.0,0.0,0.0,0.0,0.0,0.0,0.2657923304036738,0.0,0.0,0.5023739013545637,0.4602639948042741,0.0,0.4576887560438,0.0,0.4870670869821363,0.4726491966607963,0.4914490013117729,0.4323966769467856,0.0,0.4478833963559572,0.4739869532350564,0.4414686619721206,0.0,0.0,0.0,0.0
0.0,0.0,0.3949223455934215,0.2285836627240647,0.2492582527803903,0.4124406748471365,0.2661068498142438,0.3428202513706027,0.4171357801909637,0.3934307214373876,0.3425093519284981,0.4034724527730425,0.3262358041157113,0.2277852492288018,0.4416620031611792,0.0,0.0,0.0,0.3757309497089651,0.4730781173013796,0.0,0.4870525827729614,0.386061312374754,0.3118090650826724,0.0,0.461534372412399,0.4211217002124972,0.2433287033445537,0.4519775499604002,0.0,0.4651623321763927,0.2942692730693898,0.4666121122352623,0.4283334648566606,0.4833480821014329,0.0,0.2132985540460214,0.3271080834132356,0.3290949991548184,0.3014370093498669,0.3431166388444275,0.324360798542694,0.3466731218542969,0.3057498245989538,0.0,0.0,0.0,0.5193084138561215,0.0,0.0,0.4745172032842548,0.0,0.4275151482425901,0.5390935582733487,0.0,0.4095039685352019,0.314647994071369,0.5159390856185179,0.3730915685565154,0.0,0.0,0.0,0.0,0.4163818355515489,0.0,0.0,0.0,0.4648428061038145,0.0,0.0,0.0,0.4704639415632624,0.5074034628962072,0.5037325552471326,0.0,0.0
0.0,0.0,0.4360799587619768,0.1933647564497013,0.3063233933555079,0.4138700521097098,0.2712689138259245,0.4216748685187357,0.4235825374701558,0.3353026893139019,0.4234239935649965,0.2911767863533669,0.3157507792454582,0.1924525736695387,0.0,0.0,0.0,0.0,0.4256432921445361,0.4175111820250367,0.0,0.4293995431264624,0.4049282564221071,0.0,0.0,0.0,0.4112114402814533,0.2483512428783348,0.4247482093053348,0.0,0.2992271849659742,0.3109680133047168,0.2511281388426433,0.3562072984038503,0.3963050406942034,0.2132985540460214,0.0,0.2670253022405381,0.2449991016028928,0.0,0.2577636070396735,0.3232678451414413,0.0,0.0,0.0,0.0,0.0,0.0,0.0,0.0,0.0,0.0,0.0,0.0,0.0,0.0,0.0,0.0,0.0,0.0,0.0,0.0,0.0,0.0,0.0,0.0,0.0,0.0,0.0,0.0,0.0,0.0,0.0,0.0,0.0,0.0
0.0,0.0,0.0,0.0,0.4201687412353705,0.0,0.3162977813424232,0.0,0.4369660452241442,0.3011188201097325,0.4396862821513267,0.2135872413849304,0.3588825552778172,0.0,0.0,0.0,0.3537246218991425,0.0,0.0,0.0,0.0,0.0,0.0,0.2699521426682154,0.3402121522191813,0.3307790277854803,0.0,0.3090358135597795,0.0,0.0,0.3225430944456534,0.2488616281194892,0.2000638057606112,0.2207217975560249,0.2214146346320088,0.3271080834132356,0.2670253022405381,0.0,0.2471734657321343,0.2685472797593097,0.2369199561329395,0.259111050066556,0.0,0.0,0.2460276417838869,0.0,0.0,0.0,0.0,0.0,0.0,0.0,0.0,0.0,0.3195168372515121,0.0,0.2714871040232739,0.0,0.0,0.0,0.0,0.0,0.0,0.0,0.0,0.0,0.0,0.0,0.3051972048829523,0.0,0.3368332294705286,0.0,0.0,0.0,0.0,0.0
0.4387210580207357,0.4664022046094798,0.5149765800517004,0.0,0.0,0.484235870797689,0.0,0.4611947420083042,0.4909716372842151,0.3125299344111932,0.4530987154451704,0.2780727340240365,0.4371151328876682,0.0,0.4408079442672196,0.4656033814984642,0.0,0.5193616870789755,0.4977859030983358,0.4171262552228284,0.436952191139897,0.4346920309715664,0.4885244575599908,0.280814959664621,0.4818933382322617,0.4462129474167113,0.4719969371933006,0.3813665759229869,0.4575435868026833,0.4886986547492595,0.4361850576485708,0.3127015241983468,0.2671440429603927,0.2926609135517918,0.3218744511063234,0.3290949991548184,0.2449991016028928,0.2471734657321343,0.0,0.3233248415372459,0.4206995500058237,0.4106082453070543,0.2946399564848232,0.2980885832079857,0.2528169766603468,0.416690557795746,0.3913578191938909,0.4025469136443286,0.2829232292468678,0.3367613003915219,0.4069228125499422,0.356389600320798,0.4433143931795054,0.4260587658851681,0.3354622253441167,0.3955460671839011,0.2720515077424559,0.3768626446009951,0.2942543531415764,0.4164126118199032,0.4182981109173105,0.4130922351860382,0.4108622649720021,0.4260415868086912,0.4072145673696797,0.411013005181323,0.4179642622752105,0.4040526471427552,0.283606234153466,0.396016931960817,0.4096962420160768,0.40148918370823,0.3550898104801352,0.3916434889825423,0.3453143461673317,0.3863374318927977
0.4102325600156378,0.4703603533459147,0.0,0.0,0.0,0.0,0.0,0.0,0.0,0.3926001522123074,0.0,0.3988407570409836,0.0,0.0,0.4154595513814141,0.4493600559701163,0.4293022880771835,0.4528352443574342,0.0,0.4516893006316417,0.447671068806402,0.4683265438760504,0.4164086028267942,0.3615853388850924,0.4368258941207703,0.4327928385422105,0.0,0.0,0.0,0.0,0.3440147195857608,0.2691066411860375,0.2700860843882681,0.2707188045260655,0.3096708880254225,0.3014370093498669,0.0,0.2685472797593097,0.3233248415372459,0.0,0.2701135682394143,0.4085956299011991,0.5466494845676861,0.2790889050132595,0.2371527234579014,0.3223530051885841,0.3236301639283075,0.0,0.0,0.3394956732053846,0.3910375407328159,0.353167025669075,0.4443819096881488,0.4326499277193145,0.3231901714597919,0.4190965236682172,0.3058452650377397,0.3652039405273472,0.0,0.3950940060780554,0.3581072489172829,0.3281474888670362,0.3195543433403601,0.0,0.3589530866420249,0.368309935983487,0.3618700081910692,0.3874582740035658,0.290592726380379,0.3071392856987307,0.3261757530827552,0.3666787794185389,0.3371078421644653,0.351665860325137,0.3667936130916322,0.3227245911575365
0.4260362256087561,0.4801463857710124,0.0,0.0,0.0,0.5049077602425148,0.0,0.4957851261576542,0.0,0.3146014371988323,0.0,0.2786719554458451,0.0,0.0,0.4633377272873249,0.4456277523883796,0.471455120099742,0.4552267947334288,0.0,0.4762231943500316,0.4746251098749892,0.4665423824291719,0.5110484940703428,0.3060977328572145,0.4508749727826673,0.4547143581132833,0.5034486358643868,0.4072542664788123,0.4910296617864959,0.0,0.4463108591694057,0.3243693078737492,0.259679587423769,0.2352422813312285,0.3137800581842613,0.3431166388444275,0.2577636070396735,0.2369199561329395,0.4206995500058237,0.2701135682394143,0.0,0.4280571805905643,0.4932039952059943,0.3863836446637699,0.2586436568299727,0.3588015889661182,0.3657292041427288,0.4323138009913454,0.32137355205968,0.4118467461850773,0.4335308556597948,0.3490623095291796,0.4490360391479213,0.4458449992079126,0.3364863512841481,0.4360221379717998,0.2727589063953421,0.3809941936308477,0.3619867483930072,0.4212863628058926,0.3729891063508737,0.3576227335009845,0.3527676158160608,0.447392344693459,0.4110132553556297,0.4161243809846988,0.410096412129466,0.4274941993247741,0.3028134631366744,0.3432078386059489,0.3654686149970435,0.4218651926991086,0.3482072097806953,0.400393741944694,0.3681118484223261,0.2921703476702814
