0.0,0.3536348814504192,0.0,0.0,0.0,0.3855635971387554,0.0,0.4432027062082821,0.0,0.4106249450713547,0.0,0.3843104487112355,0.0,0.0,0.3322714972085637,0.3635289420128829,0.0,0.387977661919574,0.0,0.3651786120143739,0.3574463306117504,0.3263837604565472,0.4120557090392849,0.3617668001608082,0.3543358032108738,0.3409068280735008,0.3889654628856909,0.0,0.0,0.0,0.3127771875283306,0.3646519657071884,0.2944524103471777,0.3226851138925245,0.3956228208871089,0.0,0.0,0.0,0.390119886661518,0.3755249761406196,0.3899956434750876,0.0,0.0,0.0,0.0,0.3380067886674795,0.4084401545135288,0.0,0.0,0.0,0.0,0.0,0.0,0.0,0.5059445612184329,0.0,0.0,0.0,0.0,0.0,0.4056338326194925,0.0,0.3975028803792673,0.0,0.0,0.31234453701685,0.3828141820996313,0.0,0.3417102361467254,0.3948875944247656,0.4200926321195951,0.0,0.0,0.0,0.0,0.0
0.3536348814504192,0.0,0.0,0.0,0.3948768982169737,0.3679010674804324,0.401579769438102,0.4097322723618579,0.3807587747333101,0.0,0.0,0.0,0.401637686742346,0.0,0.3694231336399036,0.3510571225351995,0.0,0.384065592156105,0.0,0.3967095493612694,0.35361541613514,0.3750795574749932,0.3688677147117826,0.0,0.3650589813454309,0.3816924053683951,0.3734314824891043,0.4196571577569252,0.3874180234125827,0.0,0.3439936573596459,0.3812895078437046,0.3393286417437066,0.3490190549461985,0.4174974195352283,0.0,0.0,0.0,0.4094447954241547,0.4001575423198661,0.3616703626411493,0.4272452569355354,0.0,0.0,0.0,0.3939138295088498,0.3966491964662145,0.0,0.0,0.0,0.0,0.0,0.0,0.0,0.0,0.0,0.0,0.0,0.0,0.4535492871746913,0.4092518438763545,0.0,0.4156298114132201,0.0,0.4177708470075145,0.4137607182949902,0.4109696296420907,0.4504582758366575,0.0,0.4148331758506468,0.432708735070948,0.4383646599687238,0.0,0.4300902926695155,0.0,0.3822832474348294
0.0,0.0,0.0,0.0,0.3789703882637628,0.3614740320202643,0.4168442187605126,0.4833074799655436,0.2845122171750766,0.0,0.3051424091451495,0.0,0.420332578838084,0.4629220433993044,0.0,0.0,0.0,0.0,0.2759537429634593,0.0,0.0,0.0,0.3263141788413031,0.0,0.0,0.0,0.3349814382763703,0.4167397946052376,0.0,0.3894715676965748,0.4325396220030826,0.4001354421192267,0.0,0.4332536655804662,0.4286937503539771,0.4135252685372714,0.4303264595674331,0.0,0.5089849226449599,0.0,0.0,0.0,0.4057751733740644,0.0,0.0,0.0,0.0,0.4840372010432839,0.0,0.5108165255092816,0.5195411245562026,0.0,0.5301944989953662,0.544796320729243,0.0,0.4140010640241613,0.0,0.0,0.420729588738944,0.0,0.0,0.0,0.0,0.3608451379070438,0.0,0.0,0.0,0.5139108452520316,0.0,0.0,0.0,0.5362814075744936,0.0,0.0,0.0,0.0
0.0,0.0,0.0,0.0,0.194142257846629,0.3842893646760071,0.2927919029231626,0.2035243377017269,0.4018565577220258,0.2224767241121355,0.3209379749622396,0.0,0.3129461978687595,0.2024476006521932,0.0,0.0,0.0,0.0,0.4015963903121364,0.0,0.0,0.0,0.3526046360346227,0.0,0.0,0.0,0.388439489275754,0.2408090599856245,0.0,0.0,0.0,0.2533652956643532,0.0,0.2407607381467408,0.3075229300832623,0.1709285839643494,0.1708915699053609,0.0,0.0,0.0,0.0,0.0,0.0,0.0,0.0,0.0,0.0,0.0,0.0,0.0,0.0,0.0,0.0,0.0,0.0,0.0,0.0,0.0,0.0,0.0,0.0,0.0,0.0,0.0,0.0,0.0,0.0,0.0,0.0,0.0,0.0,0.0,0.0,0.0,0.0,0.0
0.0,0.3948768982169737,0.3789703882637628,0.194142257846629,0.0,0.3800870246892607,0.3773960927488586,0.2791625480745254,0.335597162476305,0.4271164491741933,0.3403450426052458,0.4140839408571767,0.395511980272874,0.1952858448425138,0.0,0.0,0.0,0.0,0.3876747542674287,0.3751777380764923,0.0,0.3935008129695787,0.3880530435454132,0.0,0.4321307000043163,0.0,0.3895064442137717,0.3650738343287029,0.407319271562195,0.0,0.414334491990483,0.3060613853745682,0.3959803169133834,0.3713762641839099,0.3261286536806761,0.1945962688119994,0.2184760810431524,0.3561696310043206,0.0,0.0,0.0,0.0,0.0,0.0,0.0,0.0,0.0,0.4887152065629563,0.0,0.0,0.0,0.0,0.0,0.516845955202855,0.0,0.3311631946942178,0.0,0.0,0.0,0.0,0.0,0.0,0.0,0.0,0.0,0.0,0.0,0.4700895798659417,0.0,0.0,0.0,0.5029883012501672,0.0,0.0,0.0,0.0
0.3855635971387554,0.3679010674804324,0.3614740320202643,0.3842893646760071,0.3800870246892607,0.0,0.3924422543008292,0.3809374330571608,0.3073398177996413,0.4286456934202067,0.3806891597469977,0.0,0.3676198016942108,0.4134374122769476,0.3835331748329331,0.3943384515473098,0.0,0.3955562084864271,0.3616542140626811,0.3880440611520254,0.3822274536366669,0.3914147644682899,0.3721416487078417,0.0,0.361269374491324,0.3732375548168237,0.3358945978502562,0.38504667153028,0.3359271762955033,0.3588875248629372,0.417482440079463,0.3876357466333456,0.3539500198731438,0.417596713827968,0.402174939955057,0.4175025926445384,0.4193420196673458,0.0,0.4226965773976846,0.0,0.4612809269489331,0.5144470052239847,0.4755821398184545,0.0,0.0,0.0,0.0,0.4923948918779706,0.0,0.0,0.4598436900949327,0.5006194593747654,0.4146412384682299,0.5240723410034659,0.0,0.443871461327369,0.0,0.4781957511159384,0.0,0.4422452673155194,0.0,0.0,0.0,0.5597012308148547,0.4359967686402661,0.4405781221212057,0.4503680683394949,0.4564420924241894,0.0,0.0,0.0,0.4684548039384182,0.4669890609020319,0.4440044840055634,0.0,0.4658777600508822
0.0,0.401579769438102,0.4168442187605126,0.2927919029231626,0.3773960927488586,0.3924422543008292,0.0,0.3819382505212104,0.3722448330510217,0.4152847975124319,0.4396949679404104,0.0,0.349447885811216,0.3599896153672252,0.0,0.4375763635125181,0.4535720165300282,0.4688670883137525,0.4400608717900551,0.4059271646338793,0.0,0.4177234158037978,0.3944974822272399,0.0,0.4156146988887345,0.4017609641409387,0.405354856693652,0.3926144296896863,0.4183941918579768,0.0,0.4101969180190585,0.3945020155138914,0.400425329353354,0.4034300953337033,0.4523811296451408,0.3493043984248976,0.362324194414559,0.363279039955413,0.0,0.0,0.0,0.0,0.0,0.0,0.0,0.0,0.0,0.0,0.0,0.0,0.5092137253708214,0.0,0.0,0.0,0.0,0.0,0.0,0.0,0.0,0.0,0.0,0.0,0.0,0.0,0.0,0.0,0.0,0.4621141056191158,0.0,0.0,0.0,0.4904546643185931,0.0,0.0,0.0,0.0
0.4432027062082821,0.4097322723618579,0.4833074799655436,0.2035243377017269,0.2791625480745254,0.3809374330571608,0.3819382505212104,0.0,0.4749286719792987,0.0,0.3595497110303954,0.0,0.397962526257745,0.3087664240836409,0.3541704188975048,0.4195133142472565,0.0,0.0,0.5143157362093993,0.3567643540513271,0.3562505123201926,0.3966977128859243,0.3234416309580141,0.4593251587091408,0.3880455416499583,0.4342554600504248,0.4192859083594379,0.3864004511665544,0.3555882563532255,0.3275499019152765,0.3973869819962891,0.3370087168803017,0.3926799295223746,0.3895623231074184,0.3952024122571871,0.243908053817082,0.3546712214473869,0.0,0.3737441092239462,0.0,0.4518027744114276,0.0,0.2829577009739161,0.0,0.0,0.0,0.0,0.4794827619781105,0.0,0.2762112163681157,0.4624990502044407,0.3550174307131739,0.2861569462014233,0.5211961763527376,0.0,0.3470185533141202,0.0,0.0,0.2524489265197469,0.4208800595360583,0.0,0.0,0.0,0.4259839406642448,0.3858448892551582,0.3265629641830104,0.0,0.400149704383404,0.0,0.0,0.0,0.4727645441911815,0.4414205340803004,0.4420373058975981,0.0,0.4922526324942863
0.0,0.3807587747333101,0.2845122171750766,0.4018565577220258,0.335597162476305,0.3073398177996413,0.3722448330510217,0.4749286719792987,0.0,0.4611637943512085,0.3098433178879025,0.0,0.3875848988459976,0.4458743118150245,0.0,0.0,0.0,0.0,0.2614225996888488,0.359199066308682,0.0,0.3885172631807719,0.3913724375004737,0.0,0.0,0.0,0.3296774380814901,0.4305970444540829,0.3759532684971811,0.4132836059824102,0.4373779475962499,0.410781310293595,0.0,0.4373703377082266,0.4220045422472602,0.4130979599590252,0.4187027308488308,0.0,0.5113248216880013,0.0,0.0,0.0,0.0,0.0,0.0,0.0,0.0,0.5328618312212204,0.0,0.0,0.512133243535648,0.0,0.4924717734838014,0.5603499864211355,0.0,0.4582187137156237,0.0,0.0,0.5263121979238456,0.0,0.0,0.0,0.0,0.529812458681782,0.0,0.0,0.0,0.5012197550804756,0.0,0.0,0.0,0.5353835770573301,0.0,0.0,0.0,0.0
0.4106249450713547,0.0,0.0,0.2224767241121355,0.4271164491741933,0.4286456934202067,0.4152847975124319,0.0,0.4611637943512085,0.0,0.4399440927695536,0.2989109664657249,0.437358535922469,0.0,0.0,0.3907358928743623,0.3499376378063944,0.3592308142807509,0.459327794643232,0.0,0.0,0.0,0.4294121613578673,0.3403532712852916,0.3573779537254966,0.3591576039818349,0.4386484834889477,0.3987335568053616,0.0,0.0,0.3525169458600347,0.2819828695767734,0.3416287360795373,0.3049619080400395,0.299297236691807,0.3810757567343116,0.2834163552841761,0.2563039129944681,0.3130180168176672,0.3380464140584174,0.2952704103598723,0.0,0.0,0.0,0.3388246525901423,0.0,0.0,0.0,0.0,0.0,0.0,0.0,0.0,0.0,0.4461167060503106,0.0,0.4575999387197071,0.0,0.0,0.0,0.0,0.4441699495419693,0.4015226589075753,0.0,0.0,0.0,0.0,0.0,0.4037501018326122,0.448808472117988,0.4571121910344747,0.0,0.0,0.0,0.0,0.4175654856546068
0.0,0.0,0.3051424091451495,0.3209379749622396,0.3403450426052458,0.3806891597469977,0.4396949679404104,0.3595497110303954,0.3098433178879025,0.4399440927695536,0.0,0.0,0.4316986459045227,0.3299561897563912,0.0,0.0,0.0,0.0,0.3075391609175615,0.0,0.0,0.0,0.3369244960580222,0.0,0.0,0.0,0.3771204015231416,0.4203768700713088,0.0,0.0,0.4229659095346014,0.3145424288706598,0.3567897915738119,0.4043969188192101,0.3806530859165246,0.2565427476032197,0.3994993850838628,0.3945257891064682,0.0,0.0,0.0,0.0,0.0,0.0,0.0,0.0,0.0,0.4323015896198284,0.0,0.3646614481003116,0.4567263544720053,0.4147344458309493,0.4098785710681911,0.4753147765935354,0.0,0.3224151053611443,0.0,0.4359036445677592,0.380156961004776,0.0,0.0,0.0,0.0,0.3684585416539025,0.0,0.0,0.0,0.4499784649006799,0.0,0.0,0.0,0.4860578418490286,0.0,0.0,0.0,0.0
0.3843104487112355,0.0,0.0,0.0,0.4140839408571767,0.0,0.0,0.0,0.0,0.2989109664657249,0.0,0.0,0.4190386574610656,0.0,0.0,0.0,0.3703331340549158,0.3819056715460504,0.0,0.0,0.0,0.0,0.0,0.3006214764982066,0.3650438771983516,0.3122088170278698,0.0,0.3544558011848804,0.0,0.0,0.3662135989013295,0.2266415130161298,0.2810246794954586,0.2515188343168839,0.2672063160487711,0.2732671223057831,0.2576856953096505,0.2027839487271261,0.2890693733334876,0.3223950771344901,0.3304222588162426,0.0,0.0,0.0,0.3422103242362406,0.0,0.0,0.0,0.0,0.0,0.0,0.0,0.0,0.0,0.4639185152216394,0.0,0.4674180996960264,0.0,0.0,0.0,0.0,0.4592892313852967,0.4254280899096453,0.0,0.0,0.0,0.0,0.0,0.4095425276463476,0.4591716233210201,0.4690982265225494,0.0,0.0,0.0,0.0,0.4381691067593237
0.0,0.401637686742346,0.420332578838084,0.3129461978687595,0.395511980272874,0.3676198016942108,0.349447885811216,0.397962526257745,0.3875848988459976,0.437358535922469,0.4316986459045227,0.4190386574610656,0.0,0.3737501575299026,0.397492533784551,0.4385605992197324,0.4418982637682104,0.4396225144760505,0.4442939812107851,0.4040662116806977,0.0,0.4253523923098907,0.3979213228577635,0.4263161843896329,0.4261558015002854,0.4096584049494963,0.4101377901591799,0.334078112118079,0.4053573818280093,0.3389501022421834,0.3953404878224553,0.4009887670176655,0.3997390021757362,0.3987064971826452,0.3945255714665674,0.3617585723231397,0.3393077538820305,0.3777403416675964,0.452346683128415,0.0,0.0,0.0,0.0,0.0,0.0,0.0,0.0,0.0,0.0,0.0,0.4891070766887029,0.0,0.4383331901050421,0.0,0.0,0.0,0.0,0.0,0.0,0.0,0.0,0.0,0.0,0.0,0.0,0.0,0.0,0.4637909142940011,0.0,0.0,0.0,0.4758422626998177,0.0,0.4853314625554393,0.0,0.0
0.0,0.0,0.4629220433993044,0.2024476006521932,0.1952858448425138,0.4134374122769476,0.3599896153672252,0.3087664240836409,0.4458743118150245,0.0,0.3299561897563912,0.0,0.3737501575299026,0.0,0.0,0.0,0.0,0.0,0.4521132987972956,0.0,0.0,0.0,0.3819372994097553,0.0,0.0,0.0,0.4236261383923851,0.1941813434660519,0.0,0.0,0.3443779359484875,0.1833956466197013,0.0,0.0,0.0,0.192012903335209,0.1691267370999115,0.0,0.0,0.0,0.0,0.0,0.0,0.0,0.0,0.0,0.0,0.0,0.0,0.0,0.0,0.0,0.0,0.0,0.0,0.0,0.0,0.0,0.0,0.0,0.0,0.0,0.0,0.0,0.0,0.0,0.0,0.0,0.0,0.0,0.0,0.0,0.0,0.0,0.0,0.0
0.3322714972085637,0.3694231336399036,0.0,0.0,0.0,0.3835331748329331,0.0,0.3541704188975048,0.0,0.0,0.0,0.0,0.397492533784551,0.0,0.0,0.3434376365011425,0.0,0.371640017978108,0.0,0.3358513887999174,0.3191404375630188,0.3073506524938928,0.3209557503326823,0.4270423365000526,0.3430742006669282,0.3301246718166821,0.3368359058031686,0.3636902841356462,0.3471108273290889,0.0,0.3238709132705017,0.37435646874874,0.343617358295992,0.3684102861042343,0.412498842595117,0.3990625554128897,0.0,0.0,0.4234321272432505,0.4247118934708097,0.4411627659247709,0.4627937375133218,0.0,0.0,0.0,0.0,0.4352853736106538,0.0,0.0,0.0,0.4154268478919053,0.0,0.3425984242646112,0.0,0.0,0.0,0.0,0.0,0.0,0.4265579663190918,0.4543567690529019,0.0,0.0,0.0,0.3929419356389099,0.38792104594869,0.4457281723310779,0.4127878583571041,0.0,0.0,0.4656829924091834,0.4112587138934913,0.4349297609600626,0.4120916498728159,0.0,0.4407455918592869
0.3635289420128829,0.3510571225351995,0.0,0.0,0.0,0.3943384515473098,0.4375763635125181,0.4195133142472565,0.0,0.3907358928743623,0.0,0.0,0.4385605992197324,0.0,0.3434376365011425,0.0,0.3901821069049877,0.3763403766833476,0.0,0.4035142726502048,0.3485744471100236,0.3537900446875121,0.3930633550657227,0.3869428090610097,0.3843919115767628,0.3875266484545278,0.4076939563025658,0.4245675876977741,0.4115995547207499,0.4104797426413271,0.3579396146248879,0.4056663283956512,0.3768927355472521,0.3533539295156384,0.4440423618454669,0.0,0.0,0.0,0.3958719484046267,0.3974795660321815,0.3985164957637069,0.4230694191572556,0.0,0.0,0.0,0.3913094663188474,0.4076257184420343,0.0,0.0,0.0,0.0,0.0,0.0,0.0,0.0,0.0,0.0,0.0,0.0,0.4485059217939624,0.4060765770371108,0.0,0.4063730825393128,0.0,0.4392017021320331,0.0,0.4191544235738828,0.0,0.0,0.399732020363284,0.4230677417292954,0.0,0.0,0.0,0.0,0.3960465201487233
0.0,0.0,0.0,0.0,0.0,0.0,0.4535720165300282,0.0,0.0,0.3499376378063944,0.0,0.3703331340549158,0.4418982637682104,0.0,0.0,0.3901821069049877,0.0,0.3260833988212257,0.0,0.0,0.0,0.0,0.0,0.3875325385016525,0.3699150699109253,0.3761032690838102,0.0,0.4113264950938816,0.0,0.0,0.3702611472872847,0.4149626187911253,0.3849359122941641,0.3844290194870656,0.3865119403725844,0.0,0.0,0.3636612345479453,0.0,0.0,0.0,0.0,0.0,0.0,0.0,0.0,0.0,0.0,0.0,0.0,0.0,0.0,0.0,0.0,0.4672297305845824,0.0,0.4862753776641152,0.0,0.0,0.0,0.0,0.4398290191171207,0.4126733859247437,0.0,0.0,0.0,0.0,0.0,0.4166701190488204,0.4417412804222503,0.454698434727562,0.0,0.0,0.0,0.0,0.0
0.387977661919574,0.384065592156105,0.0,0.0,0.0,0.3955562084864271,0.4688670883137525,0.0,0.0,0.3592308142807509,0.0,0.3819056715460504,0.4396225144760505,0.0,0.371640017978108,0.3763403766833476,0.3260833988212257,0.0,0.0,0.41923883917685,0.4018812110835059,0.4134604870139341,0.4166075974999556,0.3699550550261674,0.3692748965449192,0.386165637295372,0.4144113295324899,0.4198185136927606,0.4342113622253714,0.0,0.3886445205126006,0.42430621959641,0.3770747762839412,0.4010856333818633,0.3980560218983741,0.0,0.0,0.0,0.4712461682929296,0.4295582349431803,0.4131586643784662,0.4703252694208399,0.0,0.0,0.0,0.433654838325069,0.4074225263709273,0.0,0.0,0.0,0.0,0.0,0.0,0.0,0.4413857985914483,0.0,0.4623485940532922,0.0,0.0,0.0,0.4054353040973446,0.4289343351620542,0.4064351912295318,0.0,0.0,0.0,0.4296449354121686,0.0,0.4774682490375388,0.4166794645375754,0.4431184743579704,0.0,0.0,0.0,0.0,0.4206941760315131
0.0,0.0,0.2759537429634593,0.4015963903121364,0.3876747542674287,0.3616542140626811,0.4400608717900551,0.5143157362093993,0.2614225996888488,0.459327794643232,0.3075391609175615,0.0,0.4442939812107851,0.4521132987972956,0.0,0.0,0.0,0.0,0.0,0.0,0.0,0.0,0.4385634047315107,0.0,0.0,0.0,0.380181839536883,0.4404474944184985,0.0,0.0,0.4529032120537143,0.4237947303438874,0.0,0.4408333075657837,0.4238254210348893,0.4102014951492704,0.4276565119096557,0.0,0.5190555405829612,0.0,0.0,0.0,0.4424745838547902,0.0,0.0,0.0,0.0,0.5270054459694137,0.0,0.0,0.5418872787005818,0.0,0.5525318803347846,0.5547521352118346,0.0,0.395597971585389,0.0,0.0,0.3997231500062362,0.0,0.0,0.0,0.0,0.5322869791932483,0.0,0.0,0.0,0.5488519739380346,0.0,0.0,0.0,0.5575778400913678,0.0,0.0,0.0,0.0
0.3651786120143739,0.3967095493612694,0.0,0.0,0.3751777380764923,0.3880440611520254,0.4059271646338793,0.3567643540513271,0.359199066308682,0.0,0.0,0.0,0.4040662116806977,0.0,0.3358513887999174,0.4035142726502048,0.0,0.41923883917685,0.0,0.0,0.3618645827805822,0.3488334459053049,0.3550694840233407,0.0,0.3886457003022475,0.3940066541847987,0.348657193079425,0.3415926074016188,0.3327897957381045,0.2824912317885593,0.3719683374815895,0.3922709506506603,0.3569190207481013,0.4033794480529468,0.436108653044447,0.459958901589285,0.4183998105341915,0.0,0.4208147484930862,0.4189521458168786,0.4438558247288275,0.4419412655039349,0.0,0.0,0.0,0.0,0.4297475387612439,0.0,0.0,0.0,0.4486495974036538,0.0,0.4078396758193909,0.0,0.0,0.0,0.0,0.0,0.0,0.4159599852787212,0.0,0.0,0.0,0.0,0.4098188698878458,0.4038736888141582,0.4258766463809892,0.4411433585073738,0.0,0.0,0.4338923507389611,0.4230803722337612,0.4560804506316273,0.4390062593774352,0.0,0.428931228955779
0.3574463306117504,0.35361541613514,0.0,0.0,0.0,0.3822274536366669,0.0,0.3562505123201926,0.0,0.0,0.0,0.0,0.0,0.0,0.3191404375630188,0.3485744471100236,0.0,0.4018812110835059,0.0,0.3618645827805822,0.0,0.3600092509210087,0.3638756839588432,0.4402106821772931,0.3744585121934139,0.3829734216743565,0.3835656165428405,0.0,0.3530777280375611,0.0,0.284869677422343,0.3600073530885491,0.3153285632891003,0.3514745165414525,0.4278522765165768,0.0,0.0,0.0,0.4023159362168723,0.4315394992654562,0.4359946872916802,0.4765229873452102,0.0,0.0,0.0,0.3594473036717234,0.4242689874434912,0.0,0.0,0.0,0.4021773324985143,0.0,0.3053800493891347,0.0,0.0,0.0,0.0,0.0,0.0,0.4187344648403835,0.437463720480642,0.0,0.0,0.0,0.4020665551492843,0.3160095390753195,0.4329405320655413,0.411252791671836,0.0,0.457212535524392,0.4463878163283659,0.4250529014129678,0.0,0.3846357625808801,0.0,0.4250866265917148
0.3263837604565472,0.3750795574749932,0.0,0.0,0.3935008129695787,0.3914147644682899,0.4177234158037978,0.3966977128859243,0.3885172631807719,0.0,0.0,0.0,0.4253523923098907,0.0,0.3073506524938928,0.3537900446875121,0.0,0.4134604870139341,0.0,0.3488334459053049,0.3600092509210087,0.0,0.3699279854510499,0.0,0.3880133798478243,0.3641195623917667,0.3906311939417231,0.3873497567888107,0.3868626546713748,0.3631843483683507,0.3639066000418939,0.3833535701260954,0.3605879595121519,0.372409098899977,0.4236478903611984,0.4553586370590009,0.4165771904196164,0.0,0.4245376593722428,0.4280619712973764,0.4207855416295244,0.458334203516311,0.0,0.0,0.0,0.3938883716687645,0.4207266306657065,0.0,0.0,0.0,0.4391097466623043,0.0,0.0,0.0,0.0,0.0,0.0,0.0,0.0,0.4544116394195237,0.4214800487281552,0.0,0.0,0.0,0.420303996328412,0.4139257395457978,0.4479514857104918,0.4309853277452325,0.0,0.4172316583762614,0.4518751939735327,0.4363875548301972,0.0,0.4263567752757426,0.0,0.4275470326246638
0.4120557090392849,0.3688677147117826,0.3263141788413031,0.3526046360346227,0.3880530435454132,0.3721416487078417,0.3944974822272399,0.3234416309580141,0.3913724375004737,0.4294121613578673,0.3369244960580222,0.0,0.3979213228577635,0.3819372994097553,0.3209557503326823,0.3930633550657227,0.0,0.4166075974999556,0.4385634047315107,0.3550694840233407,0.3638756839588432,0.3699279854510499,0.0,0.4501491328949356,0.3689481882269677,0.4110698346521884,0.3295576419344809,0.3793927856436342,0.3665998026614148,0.3559857061122677,0.3972601642362481,0.3786950500142639,0.3559985213115891,0.4193862774252716,0.4257907728638559,0.3779018582464838,0.3970008959536616,0.0,0.4449326375380255,0.3804243660852399,0.4654079583274619,0.4709686169372805,0.4238855942700687,0.0,0.0,0.0,0.4511852205989943,0.3167207121409231,0.0,0.5016210461681745,0.4726082252432485,0.4895748713269037,0.4085190030651486,0.53269713339825,0.0,0.4122355317337682,0.0,0.4783468043178328,0.0,0.4206126347031079,0.0,0.0,0.0,0.2658317475701023,0.4283361916839381,0.4176702693375664,0.4372040060956338,0.4441917995223535,0.0,0.0,0.444837411553559,0.4731198099466557,0.4694462818093561,0.4501366002219426,0.4715736777963263,0.4638061305015384
0.3617668001608082,0.0,0.0,0.0,0.0,0.0,0.0,0.4593251587091408,0.0,0.3403532712852916,0.0,0.3006214764982066,0.4263161843896329,0.0,0.4270423365000526,0.3869428090610097,0.3875325385016525,0.3699550550261674,0.0,0.0,0.4402106821772931,0.0,0.4501491328949356,0.0,0.3569712756466205,0.3386731157562306,0.0,0.3964880120893346,0.0,0.0,0.3779336754074382,0.3046139005865616,0.2292854757182676,0.2603119764436303,0.2993217128234978,0.4114459932438511,0.0,0.2146776282169187,0.4504926236506592,0.2915459608270933,0.3009180280988687,0.0,0.0,0.0,0.263800025318807,0.4051004457081173,0.0,0.0,0.0,0.0,0.0,0.0,0.0,0.0,0.3822820228467402,0.0,0.3921547956009961,0.0,0.0,0.0,0.4236692268776062,0.4003917877498105,0.3906350694712731,0.0,0.0,0.0,0.0,0.0,0.4151491064924886,0.405540318089865,0.4329671939169034,0.0,0.0,0.0,0.0,0.3663961165256292
0.3543358032108738,0.3650589813454309,0.0,0.0,0.4321307000043163,0.361269374491324,0.4156146988887345,0.3880455416499583,0.0,0.3573779537254966,0.0,0.3650438771983516,0.4261558015002854,0.0,0.3430742006669282,0.3843919115767628,0.3699150699109253,0.3692748965449192,0.0,0.3886457003022475,0.3744585121934139,0.3880133798478243,0.3689481882269677,0.3569712756466205,0.0,0.3661023340454643,0.3623348030032242,0.4142166724472577,0.3888057502929429,0.0,0.3845290408762202,0.396676382581433,0.3312459624165824,0.3795335684307172,0.3901147011412697,0.0,0.0,0.341465123986613,0.4028871419882556,0.3932933342361691,0.3781012050611064,0.4103534412459915,0.0,0.0,0.0,0.3911719963194962,0.38962244932347,0.0,0.0,0.0,0.0,0.0,0.0,0.0,0.4472312168726978,0.0,0.4680518576674942,0.0,0.0,0.0,0.4015913945842866,0.4255262537231907,0.3898736349009338,0.0,0.4272116696645466,0.3775073616931295,0.4174229249039816,0.0,0.4479387249186626,0.398781665039218,0.4174108172164815,0.0,0.0,0.0,0.0,0.3888992589321458
0.3409068280735008,0.3816924053683951,0.0,0.0,0.0,0.3732375548168237,0.4017609641409387,0.4342554600504248,0.0,0.3591576039818349,0.0,0.3122088170278698,0.4096584049494963,0.0,0.3301246718166821,0.3875266484545278,0.3761032690838102,0.386165637295372,0.0,0.3940066541847987,0.3829734216743565,0.3641195623917667,0.4110698346521884,0.3386731157562306,0.3661023340454643,0.0,0.3942706917604587,0.3941653169776671,0.3831743570358566,0.0,0.3529046313432462,0.3842962149513,0.3383647936637828,0.3566397806966601,0.4118726404673217,0.444704212998451,0.0,0.3446248602032338,0.4279561280453848,0.4190268375262169,0.4141862528103437,0.4400111303743828,0.0,0.0,0.0,0.4120611393957523,0.406673115353685,0.0,0.0,0.0,0.0,0.0,0.0,0.0,0.4760087741290196,0.0,0.4728882703661415,0.0,0.0,0.4661619666589942,0.4165413606662708,0.454161797130769,0.4191215746119919,0.0,0.4311880807558176,0.4133293825835044,0.4493494204355794,0.4435889039000427,0.4640054660215599,0.4265679722572145,0.4442982564678232,0.4387647208824107,0.0,0.4433384722592332,0.0,0.4159424047341842
0.3889654628856909,0.3734314824891043,0.3349814382763703,0.388439489275754,0.3895064442137717,0.3358945978502562,0.405354856693652,0.4192859083594379,0.3296774380814901,0.4386484834889477,0.3771204015231416,0.0,0.4101377901591799,0.4236261383923851,0.3368359058031686,0.4076939563025658,0.0,0.4144113295324899,0.380181839536883,0.348657193079425,0.3835656165428405,0.3906311939417231,0.3295576419344809,0.0,0.3623348030032242,0.3942706917604587,0.0,0.3916793766931016,0.3450164245354089,0.3617377760008085,0.3902700872430794,0.3904551590884995,0.348893722909113,0.4159950138653875,0.4210537343961692,0.4275756990769646,0.4066986775117401,0.0,0.440175662024962,0.0,0.470343396502636,0.4629653254819637,0.4523646438914712,0.0,0.0,0.0,0.0,0.5158500849400001,0.0,0.0,0.470473360795263,0.5006014124193511,0.4307941496142664,0.5331513194737957,0.0,0.4478976347440119,0.0,0.4783051372284669,0.0,0.424502542692439,0.0,0.0,0.0,0.5416326624675438,0.4323986607001867,0.4263444769618731,0.4402503637607334,0.4600162286128763,0.0,0.0,0.4358588655413531,0.4688633990373682,0.4654729173974479,0.4529414849830425,0.4765970039876228,0.4662725913677927
0.0,0.4196571577569252,0.4167397946052376,0.2408090599856245,0.3650738343287029,0.38504667153028,0.3926144296896863,0.3864004511665544,0.4305970444540829,0.3987335568053616,0.4203768700713088,0.3544558011848804,0.334078112118079,0.1941813434660519,0.3636902841356462,0.4245675876977741,0.4113264950938816,0.4198185136927606,0.4404474944184985,0.3415926074016188,0.0,0.3873497567888107,0.3793927856436342,0.3964880120893346,0.4142166724472577,0.3941653169776671,0.3916793766931016,0.0,0.3231662672334323,0.2292258136167277,0.3281728874489451,0.3629587785402069,0.3237306131888498,0.377468694325494,0.3457884269334986,0.2522657203010822,0.2378440168231954,0.3026910246815544,0.3283751747267631,0.0,0.0,0.0,0.0,0.0,0.0,0.0,0.0,0.0,0.0,0.0,0.4642242207284502,0.0,0.4188308633111963,0.0,0.0,0.0,0.0,0.0,0.0,0.0,0.0,0.0,0.0,0.0,0.0,0.0,0.0,0.4478603645940747,0.0,0.0,0.0,0.4560500357503505,0.0,0.445269660818497,0.0,0.0
0.0,0.3874180234125827,0.0,0.0,0.407319271562195,0.3359271762955033,0.4183941918579768,0.3555882563532255,0.3759532684971811,0.0,0.0,0.0,0.4053573818280093,0.0,0.3471108273290889,0.4115995547207499,0.0,0.4342113622253714,0.0,0.3327897957381045,0.3530777280375611,0.3868626546713748,0.3665998026614148,0.0,0.3888057502929429,0.3831743570358566,0.3450164245354089,0.3231662672334323,0.0,0.2884851405862884,0.3746792648872615,0.387411624567342,0.3281732486475724,0.4249174677033883,0.4336011925126793,0.4636572812532998,0.430552809293492,0.0,0.4204963192254087,0.0,0.4636634911404324,0.4974057238566046,0.0,0.0,0.0,0.0,0.0,0.0,0.0,0.0,0.4478494080899065,0.0,0.41680162976033,0.0,0.0,0.0,0.0,0.0,0.0,0.4104447929142991,0.0,0.0,0.0,0.0,0.4223545530045667,0.4041249587600553,0.4330586396532295,0.443500602655341,0.0,0.0,0.4278986818540544,0.4366587489420356,0.4489414750419392,0.4300486951090704,0.0,0.451211163556582
0.0,0.0,0.3894715676965748,0.0,0.0,0.3588875248629372,0.0,0.3275499019152765,0.4132836059824102,0.0,0.0,0.0,0.3389501022421834,0.0,0.0,0.4104797426413271,0.0,0.0,0.0,0.2824912317885593,0.0,0.3631843483683507,0.3559857061122677,0.0,0.0,0.0,0.3617377760008085,0.2292258136167277,0.2884851405862884,0.0,0.2696165863101614,0.3904543242826268,0.0,0.3851327774660466,0.3553573373188023,0.0,0.0,0.0,0.401755641400674,0.0,0.0,0.0,0.0,0.0,0.0,0.0,0.0,0.0,0.0,0.0,0.0,0.0,0.0,0.0,0.0,0.0,0.0,0.0,0.0,0.0,0.0,0.0,0.0,0.0,0.0,0.0,0.0,0.4086618849927548,0.0,0.0,0.0,0.0,0.0,0.0,0.0,0.0
0.3127771875283306,0.3439936573596459,0.4325396220030826,0.0,0.414334491990483,0.417482440079463,0.4101969180190585,0.3973869819962891,0.4373779475962499,0.3525169458600347,0.4229659095346014,0.3662135989013295,0.3953404878224553,0.3443779359484875,0.3238709132705017,0.3579396146248879,0.3702611472872847,0.3886445205126006,0.4529032120537143,0.3719683374815895,0.284869677422343,0.3639066000418939,0.3972601642362481,0.3779336754074382,0.3845290408762202,0.3529046313432462,0.3902700872430794,0.3281728874489451,0.3746792648872615,0.2696165863101614,0.0,0.3606401935484444,0.315903481644648,0.2926503021066244,0.2712682914218404,0.4231382687778875,0.3500617932826638,0.3017221174680327,0.3933528526314653,0.3229458452068194,0.3549442930462633,0.0,0.0,0.0,0.0,0.3795685307227837,0.3694951486923158,0.0,0.0,0.0,0.4845448077390075,0.0,0.425830575236859,0.0,0.4185788573192262,0.0,0.4191527361906439,0.0,0.0,0.3574961718925425,0.3632541633377827,0.0,0.3699471162161213,0.0,0.4108625539670987,0.3405223175341478,0.4172253400947128,0.4509316886274141,0.3443337471608567,0.3922130707765766,0.3974510149994669,0.4594497972881981,0.4957430207727454,0.4593220583340109,0.0,0.0
0.3646519657071884,0.3812895078437046,0.4001354421192267,0.2533652956643532,0.3060613853745682,0.3876357466333456,0.3945020155138914,0.3370087168803017,0.410781310293595,0.2819828695767734,0.3145424288706598,0.2266415130161298,0.4009887670176655,0.1833956466197013,0.37435646874874,0.4056663283956512,0.4149626187911253,0.42430621959641,0.4237947303438874,0.3922709506506603,0.3600073530885491,0.3833535701260954,0.3786950500142639,0.3046139005865616,0.396676382581433,0.3842962149513,0.3904551590884995,0.3629587785402069,0.387411624567342,0.3904543242826268,0.3606401935484444,0.0,0.3091185886316293,0.3771235941357391,0.3978895993844334,0.2957951429941185,0.2937316228412668,0.2122236521399513,0.2832638169562491,0.2720207080251665,0.2530971956569979,0.3123435861843177,0.2838411698904594,0.2642200263200029,0.2520621899254469,0.4086517655457044,0.4113578971932205,0.4891393334481775,0.0,0.0,0.4363443479261487,0.0,0.3413273528199338,0.0,0.0,0.0,0.2308119053670762,0.4598179102582212,0.0,0.4298305275586723,0.4162651187758459,0.0,0.4011796447852436,0.0,0.4215921544553896,0.3598143101413777,0.4407834466573784,0.4296757356870837,0.0,0.4123767463448592,0.4262448091547772,0.4299356037047499,0.4477663987044257,0.4290359898272052,0.0,0.421333373390204
0.2944524103471777,0.3393286417437066,0.0,0.0,0.3959803169133834,0.3539500198731438,0.400425329353354,0.3926799295223746,0.0,0.3416287360795373,0.3567897915738119,0.2810246794954586,0.3997390021757362,0.0,0.343617358295992,0.3768927355472521,0.3849359122941641,0.3770747762839412,0.0,0.3569190207481013,0.3153285632891003,0.3605879595121519,0.3559985213115891,0.2292854757182676,0.3312459624165824,0.3383647936637828,0.348893722909113,0.3237306131888498,0.3281732486475724,0.0,0.315903481644648,0.3091185886316293,0.0,0.2490010590395489,0.4090757732931937,0.4221315577846832,0.2819197290962737,0.1529867220771386,0.2705415365392294,0.2357946346655849,0.252390803635631,0.313044931614169,0.0,0.0,0.2055657210212989,0.3714242917938445,0.3970291939135503,0.0,0.0,0.0,0.0,0.0,0.0,0.0,0.3458867230424422,0.0,0.3643248317969873,0.0,0.0,0.425616761833267,0.3945572141887632,0.3324789255183663,0.3578349903804381,0.0,0.4209574385208582,0.3581726504197893,0.4333707789885186,0.3930127492135521,0.3000202842572585,0.3715180302801938,0.4005695355173779,0.3739930972491937,0.0,0.4283014867257785,0.0,0.3718531955763322
0.3226851138925245,0.3490190549461985,0.4332536655804662,0.2407607381467408,0.3713762641839099,0.417596713827968,0.4034300953337033,0.3895623231074184,0.4373703377082266,0.3049619080400395,0.4043969188192101,0.2515188343168839,0.3987064971826452,0.0,0.3684102861042343,0.3533539295156384,0.3844290194870656,0.4010856333818633,0.4408333075657837,0.4033794480529468,0.3514745165414525,0.372409098899977,0.4193862774252716,0.2603119764436303,0.3795335684307172,0.3566397806966601,0.4159950138653875,0.377468694325494,0.4249174677033883,0.3851327774660466,0.2926503021066244,0.3771235941357391,0.2490010590395489,0.0,0.3829898252825349,0.3983988964814129,0.3031964350896641,0.180960597719114,0.3012540080172279,0.2671362174932974,0.2103199026057052,0.314001123417494,0.3749984012542173,0.0,0.2242548624358219,0.3878487658749924,0.3973009558601588,0.0,0.0,0.0,0.4797022053959364,0.0,0.4361257300298131,0.0,0.3535121025457882,0.0,0.359935917396268,0.0,0.0,0.4383143848762315,0.3932732256142692,0.0,0.3809608560241115,0.0,0.4037832313540481,0.4041707597183074,0.43078055961696,0.4519816655997313,0.3025281604165177,0.3895054266375306,0.4167408395923283,0.4693764465024062,0.0,0.4540368801632181,0.0,0.0
0.3956228208871089,0.4174974195352283,0.4286937503539771,0.3075229300832623,0.3261286536806761,0.402174939955057,0.4523811296451408,0.3952024122571871,0.4220045422472602,0.299297236691807,0.3806530859165246,0.2672063160487711,0.3945255714665674,0.0,0.412498842595117,0.4440423618454669,0.3865119403725844,0.3980560218983741,0.4238254210348893,0.436108653044447,0.4278522765165768,0.4236478903611984,0.4257907728638559,0.2993217128234978,0.3901147011412697,0.4118726404673217,0.4210537343961692,0.3457884269334986,0.4336011925126793,0.3553573373188023,0.2712682914218404,0.3978895993844334,0.4090757732931937,0.3829898252825349,0.0,0.4541801403791708,0.3706508677531271,0.2073489737391952,0.3108328271437997,0.2937031303636095,0.2825125525463365,0.3517217941788255,0.3257995583842928,0.3189279636029341,0.270773672924937,0.0,0.4249891759777933,0.0,0.0,0.0,0.0,0.0,0.0,0.0,0.0,0.0,0.2445948882704015,0.0,0.0,0.4585464007836183,0.0,0.0,0.4120930077323992,0.0,0.4454783736828901,0.4314444914510758,0.4611230501709021,0.4394140564150199,0.0,0.4242146724928272,0.4419859493228741,0.4456709438603989,0.0,0.4472006341089268,0.0,0.0
0.0,0.0,0.4135252685372714,0.1709285839643494,0.1945962688119994,0.4175025926445384,0.3493043984248976,0.243908053817082,0.4130979599590252,0.3810757567343116,0.2565427476032197,0.2732671223057831,0.3617585723231397,0.192012903335209,0.3990625554128897,0.0,0.0,0.0,0.4102014951492704,0.459958901589285,0.0,0.4553586370590009,0.3779018582464838,0.4114459932438511,0.0,0.444704212998451,0.4275756990769646,0.2522657203010822,0.4636572812532998,0.0,0.4231382687778875,0.2957951429941185,0.4221315577846832,0.3983988964814129,0.4541801403791708,0.0,0.2273861768737243,0.2921641908539779,0.2741479259854613,0.2332848754199768,0.2669128497628378,0.2941498517185912,0.2305335280973313,0.2858660682033874,0.0,0.0,0.0,0.4106414518926786,0.0,0.0,0.4552502686029606,0.0,0.0,0.431122297275144,0.0,0.0,0.0,0.0,0.0,0.0,0.0,0.0,0.0,0.0,0.0,0.0,0.0,0.4391255139278139,0.0,0.0,0.0,0.0,0.0,0.0,0.0,0.0
0.0,0.0,0.4303264595674331,0.1708915699053609,0.2184760810431524,0.4193420196673458,0.362324194414559,0.3546712214473869,0.4187027308488308,0.2834163552841761,0.3994993850838628,0.2576856953096505,0.3393077538820305,0.1691267370999115,0.0,0.0,0.0,0.0,0.4276565119096557,0.4183998105341915,0.0,0.4165771904196164,0.3970008959536616,0.0,0.0,0.0,0.4066986775117401,0.2378440168231954,0.430552809293492,0.0,0.3500617932826638,0.2937316228412668,0.2819197290962737,0.3031964350896641,0.3706508677531271,0.2273861768737243,0.0,0.2418031955289896,0.2585813107180721,0.0,0.2612537851057839,0.3170842696259722,0.0,0.0,0.0,0.0,0.0,0.0,0.0,0.0,0.0,0.0,0.0,0.0,0.0,0.0,0.0,0.0,0.0,0.0,0.0,0.0,0.0,0.0,0.0,0.0,0.0,0.0,0.0,0.0,0.0,0.0,0.0,0.0,0.0,0.0
0.0,0.0,0.0,0.0,0.3561696310043206,0.0,0.363279039955413,0.0,0.0,0.2563039129944681,0.3945257891064682,0.2027839487271261,0.3777403416675964,0.0,0.0,0.0,0.3636612345479453,0.0,0.0,0.0,0.0,0.0,0.0,0.2146776282169187,0.341465123986613,0.3446248602032338,0.0,0.3026910246815544,0.0,0.0,0.3017221174680327,0.2122236521399513,0.1529867220771386,0.180960597719114,0.2073489737391952,0.2921641908539779,0.2418031955289896,0.0,0.2416124470406359,0.1992045239985811,0.2330733990374254,0.2606636516676093,0.0,0.0,0.1688448598193112,0.0,0.0,0.0,0.0,0.0,0.0,0.0,0.0,0.0,0.3331978749601646,0.0,0.3173922961835498,0.0,0.0,0.0,0.0,0.0,0.0,0.0,0.0,0.0,0.0,0.0,0.2571668931263362,0.0,0.2979424123758837,0.0,0.0,0.0,0.0,0.0
0.390119886661518,0.4094447954241547,0.5089849226449599,0.0,0.0,0.4226965773976846,0.0,0.3737441092239462,0.5113248216880013,0.3130180168176672,0.0,0.2890693733334876,0.452346683128415,0.0,0.4234321272432505,0.3958719484046267,0.0,0.4712461682929296,0.5190555405829612,0.4208147484930862,0.4023159362168723,0.4245376593722428,0.4449326375380255,0.4504926236506592,0.4028871419882556,0.4279561280453848,0.440175662024962,0.3283751747267631,0.4204963192254087,0.401755641400674,0.3933528526314653,0.2832638169562491,0.2705415365392294,0.3012540080172279,0.3108328271437997,0.2741479259854613,0.2585813107180721,0.2416124470406359,0.0,0.3050706739070383,0.359767512770176,0.4357968690580086,0.2757377336007764,0.3258907075683793,0.2405958954494456,0.3950485337025055,0.3927339297984537,0.3871749155080234,0.2546974479568939,0.3554378943482556,0.3984305580979635,0.3970416795392096,0.2177278626678279,0.4300281266514234,0.3687637411194009,0.3037907784204301,0.2599983132556369,0.3942781112476685,0.1601604925275757,0.3761424511299334,0.3948494348009569,0.4224005109375466,0.3988943339130225,0.4045048757782469,0.3792053006223845,0.3816721459970276,0.374123115261611,0.3703748991480426,0.405532786665674,0.4093995889665702,0.3935672671200078,0.3848008214262052,0.3708497349188427,0.3987086214744672,0.3436377354310295,0.3687361172076553
0.3755249761406196,0.4001575423198661,0.0,0.0,0.0,0.0,0.0,0.0,0.0,0.3380464140584174,0.0,0.3223950771344901,0.0,0.0,0.4247118934708097,0.3974795660321815,0.0,0.4295582349431803,0.0,0.4189521458168786,0.4315394992654562,0.4280619712973764,0.3804243660852399,0.2915459608270933,0.3932933342361691,0.4190268375262169,0.0,0.0,0.0,0.0,0.3229458452068194,0.2720207080251665,0.2357946346655849,0.2671362174932974,0.2937031303636095,0.2332848754199768,0.0,0.1992045239985811,0.3050706739070383,0.0,0.283943789007879,0.4256100062256479,0.5254007787585193,0.2894405575842833,0.183031031341109,0.3011011749108502,0.338123228054698,0.0,0.0,0.0,0.3660890799076792,0.3830042392515233,0.0,0.4291834933431512,0.3144195460175252,0.4067627856318399,0.264223166668348,0.3900407108208914,0.0,0.3563725019134869,0.3599079054550441,0.3483375483657435,0.3120336771041662,0.0,0.3719334057046797,0.3516166957521761,0.3525210977013606,0.3536495086388663,0.2450775778365496,0.3347939095899656,0.3394682753782139,0.3525210292117935,0.3533641872765666,0.375726927676544,0.3495993392151341,0.3245698669171543
0.3899956434750876,0.3616703626411493,0.0,0.0,0.0,0.4612809269489331,0.0,0.4518027744114276,0.0,0.2952704103598723,0.0,0.3304222588162426,0.0,0.0,0.4411627659247709,0.3985164957637069,0.0,0.4131586643784662,0.0,0.4438558247288275,0.4359946872916802,0.4207855416295244,0.4654079583274619,0.3009180280988687,0.3781012050611064,0.4141862528103437,0.470343396502636,0.0,0.4636634911404324,0.0,0.3549442930462633,0.2530971956569979,0.252390803635631,0.2103199026057052,0.2825125525463365,0.2669128497628378,0.2612537851057839,0.2330733990374254,0.359767512770176,0.283943789007879,0.0,0.4279564393551677,0.4450100148511879,0.3397265662703053,0.2226828334218114,0.3343027502444779,0.356886941932409,0.4395918451895828,0.2525810916809866,0.441923189189095,0.4394313164685546,0.4140940825643853,0.4043091548401185,0.4677839056986925,0.3370876655865751,0.4461773918036216,0.2613871750289794,0.4114176829482539,0.3622581228522783,0.3897562637828639,0.3553755110500826,0.3836467892385481,0.3539117236972206,0.4379591581591023,0.3925868469474574,0.3971600329911107,0.3651364068000274,0.4131787231621166,0.27988381540073,0.3767917830912075,0.3659075094306142,0.4090992739280123,0.3748097909607131,0.4017706145102462,0.3754210947820538,0.2638952798472141
0.0,0.4272452569355354,0.0,0.0,0.0,0.5144470052239847,0.0,0.0,0.0,0.0,0.0,0.0,0.0,0.0,0.4627937375133218,0.4230694191572556,0.0,0.4703252694208399,0.0,0.4419412655039349,0.4765229873452102,0.458334203516311,0.4709686169372805,0.0,0.4103534412459915,0.4400111303743828,0.4629653254819637,0.0,0.4974057238566046,0.0,0.0,0.3123435861843177,0.313044931614169,0.314001123417494,0.3517217941788255,0.2941498517185912,0.3170842696259722,0.2606636516676093,0.4357968690580086,0.4256100062256479,0.4279564393551677,0.0,0.5462272479086131,0.4590091088916267,0.2849694044467075,0.4098757737105804,0.4169765699101171,0.4410885664737642,0.3554040049698025,0.4296993627837413,0.4436886595805889,0.4275643926004013,0.4192373897290727,0.470064219489097,0.3625541505489323,0.4328067889682619,0.3514527647781009,0.4302760616378739,0.0,0.4428901594508741,0.4302483954481905,0.4281845055147056,0.394818979798527,0.4451847381509864,0.4463247498830386,0.4629297090914789,0.4382041154435814,0.4390523793313122,0.3992674687502358,0.4152916334255283,0.4214948476234509,0.4201565483761454,0.3657260774157022,0.4429955466662544,0.3920477053826698,0.3347151111509313
0.0,0.0,0.4057751733740644,0.0,0.0,0.4755821398184545,0.0,0.2829577009739161,0.0,0.0,0.0,0.0,0.0,0.0,0.0,0.0,0.0,0.0,0.4424745838547902,0.0,0.0,0.0,0.4238855942700687,0.0,0.0,0.0,0.4523646438914712,0.0,0.0,0.0,0.0,0.2838411698904594,0.0,0.3749984012542173,0.3257995583842928,0.2305335280973313,0.0,0.0,0.2757377336007764,0.5254007787585193,0.4450100148511879,0.5462272479086131,0.0,0.276941933902285,0.3096155164422858,0.0,0.0,0.378904463603831,0.1821483956522866,0.2061384236559127,0.4378955986807271,0.3080936387183244,0.1977366801171751,0.4235269846438074,0.4054202195996847,0.2790219964196783,0.3246930468775745,0.3520897691489826,0.1870181604419458,0.0,0.0,0.0,0.0,0.3766948037068807,0.4877718413708536,0.0,0.4715186424317521,0.3495530506431057,0.0,0.4251651025361642,0.0,0.43744739442826,0.3250331638570644,0.4690295492560563,0.0,0.4255744541815709
