0.0,0.342670361433991,0.0,0.0,0.0,0.4167270314682136,0.0,0.4554165271693441,0.0,0.3791064724991325,0.0,0.3662440084488473,0.0,0.0,0.3470238127314507,0.3609405398864833,0.0,0.3500577486495611,0.0,0.3989625858877073,0.3682652321164794,0.3489227053524145,0.4164924587816629,0.3376510505862127,0.3429803729544151,0.3355942797361385,0.403535478958957,0.0,0.0,0.0,0.3191792230297938,0.3532092201980487,0.2889859583873704,0.3198796246550727,0.3440744829083842,0.0,0.0,0.0,0.4070780851917415,0.3660912957128587,0.3835814030301537,0.0,0.0,0.0,0.0,0.3399407482620847,0.4236852320051072,0.0,0.0,0.0,0.0,0.0,0.0,0.0,0.0,0.0,0.0,0.0,0.0,0.0,0.408608855174991,0.0,0.3870789889654321,0.0,0.0,0.2875307854918015,0.4392261986967132,0.0,0.0,0.3870513703962279,0.4223668019795857,0.0,0.0,0.0,0.0,0.0
0.342670361433991,0.0,0.0,0.0,0.0,0.3623900302167357,0.3830946952469898,0.4222709839109893,0.3755344822659461,0.0,0.0,0.0,0.3796343463478902,0.0,0.3640635297050206,0.3657917103648925,0.0,0.3620138169580365,0.0,0.3742286522353366,0.3595442022477205,0.3539508694914289,0.3815146564090252,0.0,0.3500773899192704,0.3576887673910969,0.3700272754797744,0.3802244651063554,0.3805262398872626,0.0,0.3198511244111187,0.3464644476577638,0.2947543693122577,0.3156818314124754,0.3371559777568495,0.0,0.0,0.0,0.4116893306695777,0.4050608930698724,0.3978182581476658,0.4097025258405722,0.0,0.0,0.0,0.3876173883505885,0.414750512640671,0.0,0.0,0.0,0.0,0.0,0.0,0.0,0.0,0.0,0.0,0.0,0.0,0.4326132582608309,0.3982538945229289,0.0,0.3872864084251335,0.0,0.4084180905338321,0.4133507194003177,0.4295383215284022,0.4442264896000709,0.0,0.3881705010206339,0.4342297249366799,0.4317750478541925,0.0,0.4292219120264818,0.0,0.4012934933368076
0.0,0.0,0.0,0.0,0.3784622796688761,0.3608370840410395,0.3817990515148363,0.4289281155480463,0.3020545397239206,0.4491233862664504,0.3148862138261277,0.5381125849601142,0.3926475420785099,0.4063446835743195,0.0,0.0,0.0,0.0,0.2794031266292863,0.0,0.0,0.0,0.3056712753891261,0.0,0.0,0.0,0.2988846370691647,0.4024544994768228,0.0,0.0,0.4167650044166509,0.3827478595109242,0.0,0.4134536492391498,0.0,0.3721170233394056,0.4001353462261708,0.0,0.476340126620431,0.0,0.0,0.0,0.4199456609358971,0.0,0.0,0.0,0.0,0.2661805073678639,0.0,0.4690414978860645,0.456583861942501,0.4905242911151814,0.4960967137015538,0.4269956054220454,0.0,0.4087624648954754,0.0,0.4924332707615638,0.4427889401555795,0.0,0.0,0.0,0.0,0.17442816768199,0.0,0.0,0.0,0.4726471366700556,0.0,0.0,0.0,0.4683903770450594,0.5293943794571289,0.0,0.0,0.0
0.0,0.0,0.0,0.0,0.2766824429839073,0.3786392292551391,0.2759651199461759,0.3374286048408129,0.4009386049495743,0.2687786038499998,0.3519258736024929,0.2655098705049438,0.3162933055159426,0.287521389722712,0.0,0.0,0.0,0.0,0.3979037967141255,0.4471603615899026,0.0,0.0,0.3617432003490055,0.0,0.0,0.0,0.3873973520529115,0.2511202694032368,0.0,0.0,0.3192645595881723,0.3684733723407131,0.0,0.3742963142283638,0.3906539333052028,0.2167858112053386,0.1903985872757616,0.363103743836015,0.0,0.0,0.0,0.0,0.0,0.0,0.0,0.0,0.0,0.0,0.0,0.0,0.0,0.0,0.0,0.0,0.0,0.0,0.0,0.0,0.0,0.0,0.0,0.0,0.0,0.0,0.0,0.0,0.0,0.0,0.0,0.0,0.0,0.0,0.0,0.0,0.0,0.0
0.0,0.0,0.3784622796688761,0.2766824429839073,0.0,0.3589840477321654,0.3189984855451258,0.365770317901535,0.3346986331943429,0.3560751176103146,0.3100220765208574,0.4124002476723973,0.3522062675770198,0.2902946864924013,0.0,0.0,0.0,0.0,0.3639759605054177,0.0,0.0,0.3768932085820652,0.370639771145408,0.0,0.0,0.0,0.3892360929023822,0.3661819497561303,0.3689241294480556,0.0,0.4286103493711148,0.315881342554058,0.0,0.4161944653038107,0.3143630993262783,0.2373872819230087,0.2710815404128219,0.394716866550457,0.0,0.0,0.0,0.0,0.3146333762390065,0.0,0.0,0.0,0.0,0.4367456223084366,0.0,0.3824175178892378,0.4027714456508084,0.0,0.0,0.0,0.0,0.3505345086193623,0.0,0.0,0.0,0.0,0.0,0.0,0.0,0.484418275635268,0.0,0.0,0.0,0.4470864739126689,0.0,0.0,0.0,0.4559527515187299,0.0,0.0,0.0,0.0
0.4167270314682136,0.3623900302167357,0.3608370840410395,0.3786392292551391,0.3589840477321654,0.0,0.3646697984897404,0.3625943458964609,0.3074128506874974,0.391691786278195,0.3591235697557643,0.0,0.3502809655334701,0.3526776936736981,0.3602915381700413,0.3860030258091524,0.0,0.382869609818181,0.3660712047185883,0.3709012381515828,0.3709602608871039,0.3788652396335867,0.3576925095533776,0.0,0.352965966830185,0.36691440229891,0.3463090320122414,0.360635675763833,0.3094764084240832,0.3658010526832205,0.3883744370970359,0.3667108272502703,0.3382076772865763,0.3888008954462111,0.3686488900543839,0.3793228893964795,0.3783567970803681,0.4188098265939805,0.4246508395838002,0.0,0.4459081520939571,0.4882411153987172,0.0,0.0,0.0,0.0,0.0,0.4529036788296505,0.0,0.0,0.4337023532744699,0.0,0.4298846256067206,0.4381883783985838,0.0,0.4365737377778015,0.0,0.447411846660407,0.0,0.4532913587289417,0.0,0.0,0.0,0.473585607943275,0.4363459348515248,0.4332068989583497,0.0,0.4419877015961719,0.0,0.0,0.0,0.4380196472286463,0.4396573120495292,0.4356902931724969,0.0,0.4523072159150876
0.0,0.3830946952469898,0.3817990515148363,0.2759651199461759,0.3189984855451258,0.3646697984897404,0.0,0.330137385632245,0.3629945352868718,0.3838791581270763,0.3860072685351366,0.3898359156387279,0.3054388594371279,0.3172343256862181,0.0,0.3999312904762539,0.0,0.0,0.4051587953240584,0.3826183919306407,0.0,0.3946614382339885,0.3511896244270484,0.4023271017770389,0.0,0.3868334945932785,0.3715235900000454,0.3475724291514067,0.3815073360810105,0.0,0.3909849911319973,0.3676414353762703,0.4057078699579612,0.3741814987189866,0.3132545771920191,0.2879208761777419,0.288656867481918,0.3708533628175061,0.0,0.0,0.0,0.0,0.3841026233390555,0.0,0.0,0.0,0.0,0.0,0.0,0.0,0.0,0.0,0.0,0.0,0.0,0.4591241366143642,0.0,0.0,0.0,0.0,0.0,0.0,0.0,0.0,0.0,0.0,0.0,0.4497016269317618,0.0,0.0,0.0,0.0,0.0,0.0,0.0,0.0
0.4554165271693441,0.4222709839109893,0.4289281155480463,0.3374286048408129,0.365770317901535,0.3625943458964609,0.330137385632245,0.0,0.4480726949117985,0.0,0.3095926991505509,0.532738336345587,0.360651207895088,0.2983186189106225,0.3554906742325728,0.4292657341453423,0.0,0.4330604134968784,0.4123333668146757,0.3856259982098825,0.3711716848321167,0.428813286219632,0.3278001968260737,0.4580077228677393,0.4210329688272621,0.43229416208566,0.3818224567983985,0.3721133065222436,0.3447145403563884,0.3491259880126121,0.3838658406962086,0.3077736838202041,0.3611644937919309,0.3783151749781243,0.0,0.2187528763061316,0.3672075344375684,0.0,0.412242963589238,0.0,0.4529476601760235,0.0,0.3545204144268103,0.0,0.0,0.0,0.0,0.4860623286950153,0.0,0.0,0.4188168120050207,0.4246006731157386,0.3700681022306691,0.4432062617612182,0.0,0.3955387838463186,0.0,0.4234918676302931,0.0,0.4589436595643656,0.0,0.0,0.0,0.4402483189429088,0.4300647640244874,0.409958033164861,0.0,0.4281238397790713,0.0,0.0,0.0,0.4330591351390305,0.4241055972876564,0.4261558557365116,0.0,0.0
0.0,0.3755344822659461,0.3020545397239206,0.4009386049495743,0.3346986331943429,0.3074128506874974,0.3629945352868718,0.4480726949117985,0.0,0.4424997626722199,0.3178451308584635,0.0,0.3681222493981547,0.3764510116650194,0.0,0.0,0.0,0.0,0.2825708238616689,0.3542692524993678,0.0,0.3857815123238585,0.3740371729433993,0.0,0.0,0.0,0.340161905534364,0.4278623569897592,0.3767500156953038,0.4011394469873128,0.4606985445196555,0.4063879917085774,0.4228485464383341,0.444547483652489,0.4129134612987519,0.4082078229208324,0.4087663289530611,0.4318037587295187,0.4695286481137129,0.0,0.0,0.0,0.4224508413023857,0.0,0.0,0.0,0.0,0.4908307056655727,0.0,0.0,0.4587588081636215,0.0,0.4791885113275799,0.0,0.0,0.4560620535616094,0.0,0.0,0.4429809709702558,0.0,0.0,0.0,0.0,0.4864048501247618,0.0,0.0,0.0,0.475224099308843,0.0,0.0,0.0,0.4509529989932405,0.0,0.0,0.0,0.0
0.3791064724991325,0.0,0.4491233862664504,0.2687786038499998,0.3560751176103146,0.391691786278195,0.3838791581270763,0.0,0.4424997626722199,0.0,0.4237550359105951,0.290523698224776,0.3840643251800116,0.0,0.0,0.3619096876336022,0.3160429816559967,0.3314586581894633,0.4373900813450829,0.0,0.0,0.4359574765669054,0.3955300579641131,0.3255594601851052,0.3322841977956547,0.3211542371848447,0.4040299355139619,0.3736747832498089,0.4462321142566853,0.0,0.3296762077194977,0.3249149912739149,0.3088905396754279,0.294427290719409,0.2628167363014637,0.2708090780813355,0.2312679901866762,0.2649888557807401,0.3105315080741586,0.2951081989996195,0.3220446286293488,0.2974159836730641,0.0,0.0,0.3135303362643563,0.0,0.0,0.0,0.0,0.0,0.0,0.0,0.0,0.0,0.4083437905352631,0.0,0.4257493548972691,0.0,0.0,0.0,0.0,0.401781255188411,0.3850360744945418,0.0,0.0,0.0,0.0,0.0,0.4111201190138678,0.4014878981581339,0.4171002453416019,0.0,0.0,0.0,0.0,0.3809350994839685
0.0,0.0,0.3148862138261277,0.3519258736024929,0.3100220765208574,0.3591235697557643,0.3860072685351366,0.3095926991505509,0.3178451308584635,0.4237550359105951,0.0,0.4175939432943027,0.4123331044604819,0.2749460596471844,0.0,0.0,0.0,0.0,0.2696576153266518,0.0,0.0,0.0,0.2640757349264464,0.4525601010899493,0.0,0.0,0.356185174298746,0.4182352157270743,0.0,0.0,0.4567540338004,0.340502971777787,0.4456870243551584,0.4401233006275868,0.396566354325866,0.3178104947348754,0.402392338945431,0.4265532031469471,0.3829398015287989,0.0,0.0,0.0,0.3396931204279733,0.0,0.0,0.0,0.0,0.4139321808693332,0.0,0.3874430773284628,0.4323477936995437,0.4212604541726755,0.421783075051319,0.4235960406414971,0.0,0.224780899035287,0.0,0.0,0.3590732870376117,0.0,0.0,0.0,0.0,0.2354846633868722,0.0,0.0,0.0,0.4302628097906022,0.0,0.0,0.0,0.4345353676598555,0.0,0.0,0.0,0.0
0.3662440084488473,0.0,0.5381125849601142,0.2655098705049438,0.4124002476723973,0.0,0.3898359156387279,0.532738336345587,0.0,0.290523698224776,0.4175939432943027,0.0,0.3675108277830408,0.0,0.0,0.0,0.3490744233191213,0.3498939287044431,0.4817527310398847,0.0,0.4640314417878312,0.0,0.0,0.2939812410134468,0.3502532185859909,0.3240210656540425,0.4386967198267254,0.345279626342965,0.0,0.0,0.3456168680880582,0.2496277997442134,0.2683588436260516,0.2342458623728314,0.268564231551112,0.2547700138063062,0.2372299712416673,0.1930317554350642,0.2147587072792818,0.2677393983524641,0.2465240637810724,0.2384953654629608,0.2476126304467948,0.0,0.293437040499471,0.0,0.0,0.0,0.0,0.0,0.0,0.0,0.0,0.0,0.4184742059195169,0.0,0.4314389618279976,0.3186803364828745,0.0,0.0,0.0,0.4140456880655355,0.4006274120918089,0.0,0.0,0.0,0.0,0.0,0.4038149578847243,0.4067443831479825,0.421824555045611,0.0,0.2518765869800992,0.0,0.0,0.3914604902086842
0.0,0.3796343463478902,0.3926475420785099,0.3162933055159426,0.3522062675770198,0.3502809655334701,0.3054388594371279,0.360651207895088,0.3681222493981547,0.3840643251800116,0.4123331044604819,0.3675108277830408,0.0,0.3254760998399861,0.3452526918434633,0.3989178392578378,0.4073319673991585,0.3974618088891408,0.4240157097591342,0.3846709848681757,0.3879714879269143,0.399692700382233,0.3601980278231299,0.3798351226750977,0.3828619291687556,0.3805078564287824,0.3702444714539148,0.3176664931491197,0.3602129027425825,0.3591978319095674,0.3779683249625473,0.3736970071975161,0.3572605405423871,0.3785339495115739,0.3460198685001986,0.3252838385993429,0.3185222909088649,0.3588037120521151,0.4338574680569916,0.0,0.0,0.0,0.4027957948918532,0.0,0.0,0.0,0.0,0.0,0.0,0.0,0.0,0.0,0.4229985651922017,0.0,0.0,0.0,0.0,0.0,0.0,0.0,0.0,0.0,0.0,0.0,0.479508483505851,0.0,0.0,0.4286371904295081,0.0,0.0,0.0,0.4329992834161478,0.0,0.0,0.0,0.0
0.0,0.0,0.4063446835743195,0.287521389722712,0.2902946864924013,0.3526776936736981,0.3172343256862181,0.2983186189106225,0.3764510116650194,0.0,0.2749460596471844,0.0,0.3254760998399861,0.0,0.0,0.0,0.0,0.0,0.3548568436412238,0.0,0.0,0.0,0.3425503552317568,0.0,0.0,0.0,0.4049301356641099,0.2684831388663309,0.0,0.0,0.3339571319538342,0.2203419673083399,0.0,0.0,0.0,0.2142942302291251,0.2045729374237272,0.0,0.2978745990271394,0.0,0.0,0.0,0.2794777623692199,0.0,0.0,0.0,0.0,0.4555734540958492,0.0,0.0,0.0,0.0,0.0,0.4320977451403126,0.0,0.3514726359791,0.0,0.0,0.0,0.0,0.0,0.0,0.0,0.0,0.0,0.0,0.0,0.4053258194276705,0.0,0.0,0.0,0.4289005252186284,0.0,0.0,0.0,0.0
0.3470238127314507,0.3640635297050206,0.0,0.0,0.0,0.3602915381700413,0.0,0.3554906742325728,0.0,0.0,0.0,0.0,0.3452526918434633,0.0,0.0,0.3709477983989956,0.0,0.3650189844516844,0.0,0.3142977350951964,0.3469822912625697,0.2873459910845918,0.3013832333554824,0.4059541287046443,0.3508869828913717,0.3429954511656066,0.344059952807546,0.3595903373621174,0.3592232631750576,0.0,0.3651199087469815,0.3867188029800457,0.356503511842498,0.3795604753459567,0.4006039870937766,0.4151006489817445,0.0,0.0,0.432997182855827,0.4357849897712066,0.4377158539512953,0.4541650852794193,0.5276738904552407,0.0,0.0,0.0,0.4357740713120989,0.0,0.0,0.0,0.428284925932165,0.0,0.413743392661311,0.0,0.0,0.0,0.0,0.0,0.0,0.4423524698651714,0.453767260892464,0.0,0.0,0.0,0.4270686838764023,0.4237224179284714,0.4447777788692085,0.434698474344773,0.0,0.0,0.4586434920796094,0.439255183576888,0.4689384202928342,0.4374726054400527,0.0,0.4473802620183137
0.3609405398864833,0.3657917103648925,0.0,0.0,0.0,0.3860030258091524,0.3999312904762539,0.4292657341453423,0.0,0.3619096876336022,0.0,0.0,0.3989178392578378,0.0,0.3709477983989956,0.0,0.3477380966460298,0.3294202916789331,0.0,0.3799278511353342,0.3588184484426649,0.3669673765004609,0.385347345441595,0.3702028159499831,0.368047574135072,0.3803430689265946,0.3892667165303409,0.3949206415710786,0.3942941160059034,0.3890094630098358,0.3463161584220875,0.3837590597099221,0.345995183020047,0.3652072658579471,0.3643632229900769,0.0,0.0,0.0,0.4160217261286254,0.381401708821432,0.4008108468519101,0.3996030464555503,0.0,0.0,0.0,0.3891465748863437,0.4185710042481248,0.0,0.0,0.0,0.0,0.0,0.0,0.0,0.0,0.0,0.0,0.0,0.0,0.0,0.403870047105426,0.0,0.3812761136605959,0.0,0.0,0.4087214590401608,0.4176812258399267,0.0,0.0,0.382947873338984,0.4148017338485532,0.0,0.0,0.0,0.0,0.3795682131927298
0.0,0.0,0.0,0.0,0.0,0.0,0.0,0.0,0.0,0.3160429816559967,0.0,0.3490744233191213,0.4073319673991585,0.0,0.0,0.3477380966460298,0.0,0.3073773836848837,0.0,0.0,0.0,0.0,0.0,0.3539132404412149,0.3339012343561611,0.3352994183253746,0.0,0.3920279478112459,0.0,0.0,0.3283940403873027,0.3830590328006093,0.3329854259025134,0.3437544068504138,0.3390986113920101,0.0,0.0,0.3240618148949417,0.0,0.347499573296157,0.0,0.0,0.0,0.0,0.0,0.0,0.0,0.0,0.0,0.0,0.0,0.0,0.0,0.0,0.4234830586123741,0.0,0.4306076283269524,0.0,0.0,0.0,0.0,0.4159593467655683,0.3969529378658575,0.0,0.0,0.0,0.0,0.0,0.4389732705246681,0.4019344408451797,0.4133515983170284,0.0,0.0,0.0,0.0,0.0
0.3500577486495611,0.3620138169580365,0.0,0.0,0.0,0.382869609818181,0.0,0.4330604134968784,0.0,0.3314586581894633,0.0,0.3498939287044431,0.3974618088891408,0.0,0.3650189844516844,0.3294202916789331,0.3073773836848837,0.0,0.0,0.3767761144869124,0.3866725137886569,0.3694264798378431,0.3792630403650933,0.3441619142412774,0.3298440601393555,0.3502517609839641,0.3883373253267236,0.3869535836320025,0.3886839696155615,0.0,0.3443140736337876,0.3828497186754772,0.3292942126035946,0.3599458374937139,0.3643346851996963,0.0,0.0,0.0,0.3939212451528908,0.3877650541471762,0.3650322324171904,0.3940136876555668,0.0,0.0,0.0,0.3722716578505425,0.3996380414698151,0.0,0.0,0.0,0.0,0.0,0.0,0.0,0.388977421756725,0.0,0.4130415738766878,0.0,0.0,0.0,0.3811159302732385,0.3878652311637874,0.3848929701362299,0.0,0.0,0.0,0.425775422600762,0.0,0.4141653066922388,0.3742255474410227,0.3947519316046118,0.0,0.0,0.0,0.0,0.3707002618332473
0.0,0.0,0.2794031266292863,0.3979037967141255,0.3639759605054177,0.3660712047185883,0.4051587953240584,0.4123333668146757,0.2825708238616689,0.4373900813450829,0.2696576153266518,0.4817527310398847,0.4240157097591342,0.3548568436412238,0.0,0.0,0.0,0.0,0.0,0.0,0.0,0.0,0.2798551467402589,0.0,0.0,0.0,0.3309670328965094,0.4312583997409899,0.0,0.0,0.4413626016525664,0.3919053236023908,0.0,0.4296331885044238,0.4067572802504194,0.38183206607423,0.4102600132010965,0.4605196619906007,0.4756129596062139,0.0,0.0,0.0,0.4083695750294428,0.0,0.0,0.0,0.0,0.4460219442888985,0.0,0.0,0.45699681404734,0.0,0.465610273754157,0.4607028561396022,0.0,0.4054975798685897,0.0,0.0,0.4302127658629888,0.0,0.0,0.0,0.0,0.4592255628761308,0.0,0.0,0.0,0.4704982325739129,0.0,0.0,0.0,0.4592300331090577,0.0,0.0,0.0,0.0
0.3989625858877073,0.3742286522353366,0.0,0.4471603615899026,0.0,0.3709012381515828,0.3826183919306407,0.3856259982098825,0.3542692524993678,0.0,0.0,0.0,0.3846709848681757,0.0,0.3142977350951964,0.3799278511353342,0.0,0.3767761144869124,0.0,0.0,0.3844742758064784,0.3330292130918065,0.297738287307532,0.0,0.3505095856695396,0.3691674774588929,0.3211449923660911,0.3478491902106722,0.3346178784405095,0.3331129782295974,0.3514634884387793,0.3891028258048026,0.3429260641425563,0.3769222178338394,0.3877592275407803,0.4506784653827256,0.4242975380257705,0.0,0.4349610627855912,0.0,0.4481853734209328,0.4419282630398051,0.0,0.0,0.0,0.0,0.4213555154045993,0.0,0.0,0.0,0.4363719277056586,0.0,0.0,0.0,0.0,0.0,0.0,0.0,0.0,0.4301173218567297,0.0,0.0,0.0,0.0,0.4257506243414255,0.4169840291570304,0.4316278443221817,0.4413349854937928,0.0,0.0,0.4342352586169573,0.4369382823282321,0.4552880593498785,0.4368264513848273,0.0,0.4568867126764251
0.3682652321164794,0.3595442022477205,0.0,0.0,0.0,0.3709602608871039,0.0,0.3711716848321167,0.0,0.0,0.0,0.4640314417878312,0.3879714879269143,0.0,0.3469822912625697,0.3588184484426649,0.0,0.3866725137886569,0.0,0.3844742758064784,0.0,0.3770836933740963,0.3677172953716129,0.4329880288632593,0.3742637662070852,0.3648988207639369,0.3806867747824291,0.3985459652805285,0.3752187127333633,0.0,0.3322668238242353,0.3707622752308525,0.3235999522972826,0.3409608103729959,0.3914882396039632,0.0,0.0,0.0,0.4285292942142039,0.4292877132699733,0.4331587420594096,0.4479936675081225,0.0,0.0,0.0,0.3064837513029503,0.4375265031623857,0.0,0.0,0.0,0.3836162404247336,0.0,0.3583316485268714,0.0,0.0,0.0,0.0,0.0,0.0,0.4275244960221205,0.4354298574419518,0.0,0.0,0.0,0.415244572278526,0.3576950131775896,0.4377721253477487,0.4171001668828294,0.0,0.4295568034932703,0.4554356289863182,0.4236738104898193,0.0,0.4141387207747928,0.0,0.456114206884523
0.3489227053524145,0.3539508694914289,0.0,0.0,0.3768932085820652,0.3788652396335867,0.3946614382339885,0.428813286219632,0.3857815123238585,0.4359574765669054,0.0,0.0,0.399692700382233,0.0,0.2873459910845918,0.3669673765004609,0.0,0.3694264798378431,0.0,0.3330292130918065,0.3770836933740963,0.0,0.3691416045957178,0.0,0.3577499920674522,0.3672195408636681,0.3845828919580538,0.3734018855121458,0.3694951358807465,0.349080344246081,0.3546799744789008,0.3843729230158814,0.3371511748281613,0.3694358645125133,0.3911835857107072,0.4417618034999007,0.4153550867616874,0.0,0.4202638809477947,0.427923817901936,0.4201071415483013,0.4402164812821921,0.5477346871694626,0.0,0.0,0.4101848154912094,0.4220744133205935,0.0,0.0,0.0,0.0,0.0,0.0,0.0,0.0,0.0,0.0,0.0,0.0,0.443517016127183,0.4156220269456274,0.0,0.0,0.0,0.4296083230791292,0.4217448236353302,0.4355018078276738,0.4323472954180249,0.0,0.3880337393470666,0.4465991948665264,0.4304406034587442,0.0,0.4289559786798106,0.0,0.4218502720186368
0.4164924587816629,0.3815146564090252,0.3056712753891261,0.3617432003490055,0.370639771145408,0.3576925095533776,0.3511896244270484,0.3278001968260737,0.3740371729433993,0.3955300579641131,0.2640757349264464,0.0,0.3601980278231299,0.3425503552317568,0.3013832333554824,0.385347345441595,0.0,0.3792630403650933,0.2798551467402589,0.297738287307532,0.3677172953716129,0.3691416045957178,0.0,0.4355992920203348,0.3924869364368281,0.3984636289367231,0.281751919086291,0.3687947822359824,0.3544647771551084,0.3532205130887779,0.3748546581484232,0.3601072280350475,0.3296065733015144,0.385025483702549,0.3943842376025824,0.3482979503818166,0.3638135353129066,0.4390002520686372,0.4406880305648126,0.4109447565473977,0.4478408146635831,0.4445734457934467,0.3786499736685979,0.0,0.0,0.0,0.4638728759839144,0.4246209595110767,0.0,0.4527183598165922,0.4352643807692145,0.4273304367774905,0.435229994935343,0.4684132022643658,0.0,0.41854897272515,0.0,0.4385581402675951,0.4102987594330283,0.4372517217292153,0.0,0.0,0.0,0.4471551128086663,0.4331637817314412,0.4177253945844841,0.4395538952640141,0.4385216567659674,0.0,0.0,0.4422708607709354,0.443399506441326,0.4404386799511973,0.4392235221085447,0.4496209062154037,0.4496536658628716
0.3376510505862127,0.0,0.0,0.0,0.0,0.0,0.4023271017770389,0.4580077228677393,0.0,0.3255594601851052,0.4525601010899493,0.2939812410134468,0.3798351226750977,0.0,0.4059541287046443,0.3702028159499831,0.3539132404412149,0.3441619142412774,0.0,0.0,0.4329880288632593,0.0,0.4355992920203348,0.0,0.3445069457464532,0.3332818154753403,0.4686529313649498,0.3719783935706603,0.0,0.0,0.3550356529603495,0.3584812083219688,0.2788872156985873,0.2451696899445045,0.249203189999522,0.3904548685903689,0.0,0.2151694998390273,0.3956929055258286,0.3334074495837644,0.2837350942461075,0.0,0.0,0.0,0.27729508836092,0.3832787041779996,0.0,0.0,0.0,0.0,0.0,0.0,0.0,0.0,0.4093196827168891,0.0,0.4225868737980114,0.0,0.0,0.0,0.4096941105421782,0.407524548574888,0.4071296294003101,0.0,0.0,0.0,0.0,0.0,0.4212029356328416,0.3991706755387545,0.4188818404759817,0.0,0.0,0.0,0.0,0.4123443237057847
0.3429803729544151,0.3500773899192704,0.0,0.0,0.0,0.352965966830185,0.0,0.4210329688272621,0.0,0.3322841977956547,0.0,0.3502532185859909,0.3828619291687556,0.0,0.3508869828913717,0.368047574135072,0.3339012343561611,0.3298440601393555,0.0,0.3505095856695396,0.3742637662070852,0.3577499920674522,0.3924869364368281,0.3445069457464532,0.0,0.3367799731658452,0.3626757932805708,0.3871365055356413,0.3401195948536872,0.0,0.346155988606509,0.3612725438786345,0.3047513021227077,0.340488196427623,0.3506976699687352,0.0,0.0,0.3184383565189972,0.3857994729841086,0.3761121129143317,0.3778888770194127,0.3856007923657619,0.0,0.0,0.0,0.3848791329757498,0.4045073079080931,0.0,0.0,0.0,0.0,0.0,0.0,0.0,0.4161486468888801,0.0,0.4226606274072855,0.0,0.0,0.0,0.3929003474567947,0.3987976752428919,0.38612933887696,0.0,0.0,0.0,0.3986603826034912,0.0,0.4161363123156997,0.3777971753487455,0.3988497591005136,0.0,0.0,0.0,0.0,0.371572387269198
0.3355942797361385,0.3576887673910969,0.0,0.0,0.0,0.36691440229891,0.3868334945932785,0.43229416208566,0.0,0.3211542371848447,0.0,0.3240210656540425,0.3805078564287824,0.0,0.3429954511656066,0.3803430689265946,0.3352994183253746,0.3502517609839641,0.0,0.3691674774588929,0.3648988207639369,0.3672195408636681,0.3984636289367231,0.3332818154753403,0.3367799731658452,0.0,0.3949506217803886,0.3778389175150211,0.3650135378837101,0.0,0.3489555737622984,0.3757822062160797,0.3222343643478316,0.3519476082940053,0.3739151446017807,0.4364662849464862,0.0,0.3219936967975207,0.425091046554354,0.3961357401018283,0.4140617444956715,0.4292035654968956,0.0,0.0,0.0,0.4015771228724368,0.4457645333447046,0.0,0.0,0.0,0.0,0.0,0.0,0.0,0.4231426762323564,0.0,0.4298420211467102,0.0,0.0,0.4529467153782723,0.4198393577398934,0.4152532901233708,0.3975209486291494,0.0,0.4325214846971186,0.4368131216145049,0.4463735894452829,0.4474669865534001,0.4310333153847908,0.3911353027027411,0.4265757525046506,0.4427971467251802,0.0,0.4461821869799256,0.0,0.3950194222838218
0.403535478958957,0.3700272754797744,0.2988846370691647,0.3873973520529115,0.3892360929023822,0.3463090320122414,0.3715235900000454,0.3818224567983985,0.340161905534364,0.4040299355139619,0.356185174298746,0.4386967198267254,0.3702444714539148,0.4049301356641099,0.344059952807546,0.3892667165303409,0.0,0.3883373253267236,0.3309670328965094,0.3211449923660911,0.3806867747824291,0.3845828919580538,0.281751919086291,0.4686529313649498,0.3626757932805708,0.3949506217803886,0.0,0.3730337235572065,0.3405896732041661,0.3511986969292865,0.3670164728647546,0.3676647793902716,0.3305969953195216,0.3852850968550082,0.3837250070450776,0.3845879357796912,0.3727020988511578,0.4396055250705265,0.4339541628405665,0.4582946204746879,0.4542545064239651,0.4581128980837961,0.3620969071988511,0.0,0.0,0.0,0.0,0.4630710843026787,0.0,0.0,0.4318668365176558,0.4453579035550147,0.4445956169242652,0.4600555101977171,0.0,0.4502717655574376,0.0,0.4458086538636074,0.0,0.4350301996328807,0.0,0.0,0.0,0.4756047804692267,0.4372562228656212,0.4253807836960103,0.4369532057099869,0.4430467202591566,0.0,0.0,0.4434271727145963,0.4401589915574936,0.4416720756670396,0.4421900787409403,0.0,0.4502227889765374
0.0,0.3802244651063554,0.4024544994768228,0.2511202694032368,0.3661819497561303,0.360635675763833,0.3475724291514067,0.3721133065222436,0.4278623569897592,0.3736747832498089,0.4182352157270743,0.345279626342965,0.3176664931491197,0.2684831388663309,0.3595903373621174,0.3949206415710786,0.3920279478112459,0.3869535836320025,0.4312583997409899,0.3478491902106722,0.3985459652805285,0.3734018855121458,0.3687947822359824,0.3719783935706603,0.3871365055356413,0.3778389175150211,0.3730337235572065,0.0,0.332453635676933,0.3186610613492345,0.353553944460468,0.3701905995094095,0.3604715142628804,0.3682138825673336,0.3311068237670622,0.2873392317644151,0.2743194140187062,0.3457096399326929,0.368224484511485,0.0,0.0,0.0,0.4262851261434942,0.0,0.0,0.0,0.0,0.0,0.0,0.0,0.4313310917564151,0.0,0.4260202001550593,0.0,0.4127537872962966,0.0,0.4083748595315525,0.0,0.0,0.4689816776915588,0.0,0.0,0.0,0.0,0.4256344369357013,0.0,0.0,0.4395700218462127,0.0,0.0,0.0,0.4381285195555168,0.4607972248999099,0.4400972913210113,0.0,0.0
0.0,0.3805262398872626,0.0,0.0,0.3689241294480556,0.3094764084240832,0.3815073360810105,0.3447145403563884,0.3767500156953038,0.4462321142566853,0.0,0.0,0.3602129027425825,0.0,0.3592232631750576,0.3942941160059034,0.0,0.3886839696155615,0.0,0.3346178784405095,0.3752187127333633,0.3694951358807465,0.3544647771551084,0.0,0.3401195948536872,0.3650135378837101,0.3405896732041661,0.332453635676933,0.0,0.3262962357262549,0.3504941949456022,0.3811809028194609,0.328806112296024,0.386318111832758,0.3852628724192162,0.4421293072122871,0.4039251402841599,0.0,0.4237553726401047,0.0,0.4567011180929882,0.0,0.0,0.0,0.0,0.0,0.4522143523906459,0.0,0.0,0.0,0.4262735132260847,0.0,0.4346694453387583,0.0,0.0,0.0,0.0,0.0,0.0,0.4229225587800332,0.0,0.0,0.0,0.0,0.4222171297068428,0.4106634017578479,0.4277105879242923,0.4378994999273641,0.0,0.0,0.4414138860115231,0.4312528515517047,0.4400557456668829,0.4288100510285895,0.4848005052966513,0.446624763286963
0.0,0.0,0.0,0.0,0.0,0.3658010526832205,0.0,0.3491259880126121,0.4011394469873128,0.0,0.0,0.0,0.3591978319095674,0.0,0.0,0.3890094630098358,0.0,0.0,0.0,0.3331129782295974,0.0,0.349080344246081,0.3532205130887779,0.0,0.0,0.0,0.3511986969292865,0.3186610613492345,0.3262962357262549,0.0,0.3250737796238404,0.3855137168117509,0.0,0.3722625078873025,0.0,0.0,0.0,0.0,0.0,0.0,0.0,0.0,0.0,0.0,0.0,0.0,0.0,0.0,0.0,0.0,0.0,0.0,0.0,0.0,0.0,0.0,0.0,0.0,0.0,0.0,0.0,0.0,0.0,0.0,0.428356804726241,0.0,0.0,0.4441229622991324,0.0,0.0,0.0,0.4415191055455917,0.0,0.4726488076005888,0.0,0.0
0.3191792230297938,0.3198511244111187,0.4167650044166509,0.3192645595881723,0.4286103493711148,0.3883744370970359,0.3909849911319973,0.3838658406962086,0.4606985445196555,0.3296762077194977,0.4567540338004,0.3456168680880582,0.3779683249625473,0.3339571319538342,0.3651199087469815,0.3463161584220875,0.3283940403873027,0.3443140736337876,0.4413626016525664,0.3514634884387793,0.3322668238242353,0.3546799744789008,0.3748546581484232,0.3550356529603495,0.346155988606509,0.3489555737622984,0.3670164728647546,0.353553944460468,0.3504941949456022,0.3250737796238404,0.0,0.3757329939905985,0.3105602348464964,0.2846366696547365,0.2135726369859341,0.3806563539551698,0.3359073100436395,0.2739888440324526,0.4189151900077405,0.3078335347416341,0.0,0.0,0.4966336863281567,0.0,0.0,0.0,0.3887894097921307,0.0,0.0,0.0,0.4502734982122935,0.0,0.4214694785723142,0.0,0.3929872967734056,0.0,0.3893959080852782,0.0,0.0,0.4151352808263816,0.3608170843494738,0.4172138554533341,0.3927852482693822,0.0,0.4249750501719656,0.3685029496166685,0.4151098310552417,0.4407449788598579,0.3848134955522366,0.3740812121626463,0.4032853052503294,0.4422520715058771,0.461879671422827,0.4409633064761582,0.0,0.0
0.3532092201980487,0.3464644476577638,0.3827478595109242,0.3684733723407131,0.315881342554058,0.3667108272502703,0.3676414353762703,0.3077736838202041,0.4063879917085774,0.3249149912739149,0.340502971777787,0.2496277997442134,0.3736970071975161,0.2203419673083399,0.3867188029800457,0.3837590597099221,0.3830590328006093,0.3828497186754772,0.3919053236023908,0.3891028258048026,0.3707622752308525,0.3843729230158814,0.3601072280350475,0.3584812083219688,0.3612725438786345,0.3757822062160797,0.3676647793902716,0.3701905995094095,0.3811809028194609,0.3855137168117509,0.3757329939905985,0.0,0.3272742005725326,0.3451959275279158,0.3724433815594555,0.2542367192563853,0.3110111661927209,0.2874151359732534,0.2362894373821241,0.2412997076214484,0.2952426301457637,0.2872694036128922,0.3165675202924635,0.2805937253712258,0.2304885367321341,0.4013510500481197,0.4185352828288579,0.0,0.0,0.0,0.4085586489090986,0.0,0.3779627355977443,0.0,0.0,0.0,0.0,0.4402501544141465,0.0,0.4347018483416184,0.4035957937026472,0.0,0.3867088510599835,0.0,0.4175337470148411,0.3929370059331021,0.4012587056476087,0.4323740933577267,0.0,0.3792222244912759,0.4080614358056463,0.430532929297331,0.4204871853989632,0.4297460436208547,0.0,0.4285336576109296
0.2889859583873704,0.2947543693122577,0.0,0.0,0.0,0.3382076772865763,0.4057078699579612,0.3611644937919309,0.4228485464383341,0.3088905396754279,0.4456870243551584,0.2683588436260516,0.3572605405423871,0.0,0.356503511842498,0.345995183020047,0.3329854259025134,0.3292942126035946,0.0,0.3429260641425563,0.3235999522972826,0.3371511748281613,0.3296065733015144,0.2788872156985873,0.3047513021227077,0.3222343643478316,0.3305969953195216,0.3604715142628804,0.328806112296024,0.0,0.3105602348464964,0.3272742005725326,0.0,0.2222723819898192,0.3176969588284922,0.3725269447418997,0.3746079141161482,0.1667016522638644,0.2677977456913156,0.2035011470410459,0.193660469361337,0.0,0.0,0.0,0.2145650836052444,0.3444366454394424,0.415205154157406,0.0,0.0,0.0,0.0,0.0,0.0,0.0,0.3628934747569053,0.0,0.3825667779761122,0.0,0.0,0.4288757762394991,0.3782179532988138,0.3772841232657424,0.3741564793855966,0.0,0.0,0.3836881378724773,0.4302778262621251,0.4055487622191473,0.3568256185589707,0.3714422324033541,0.3941826021901283,0.0,0.0,0.0,0.0,0.3220517062531453
0.3198796246550727,0.3156818314124754,0.4134536492391498,0.3742963142283638,0.4161944653038107,0.3888008954462111,0.3741814987189866,0.3783151749781243,0.444547483652489,0.294427290719409,0.4401233006275868,0.2342458623728314,0.3785339495115739,0.0,0.3795604753459567,0.3652072658579471,0.3437544068504138,0.3599458374937139,0.4296331885044238,0.3769222178338394,0.3409608103729959,0.3694358645125133,0.385025483702549,0.2451696899445045,0.340488196427623,0.3519476082940053,0.3852850968550082,0.3682138825673336,0.386318111832758,0.3722625078873025,0.2846366696547365,0.3451959275279158,0.2222723819898192,0.0,0.2302673168809515,0.3827716792661294,0.3103663902545121,0.204179846621275,0.3136341525986807,0.1807133791225822,0.4011183713945236,0.4513184313421686,0.0,0.0,0.2286928326283311,0.3672010147430631,0.4032733955545776,0.0,0.0,0.0,0.4508061022629742,0.0,0.4355409317579937,0.0,0.3262051245842599,0.0,0.3547136213318819,0.0,0.0,0.4374511999195709,0.3866142110983788,0.3495577426838967,0.3871524854936467,0.0,0.4274717716748641,0.3998037955906764,0.4252565142893588,0.4461372893529054,0.3146781758106879,0.3724842167936738,0.4100875354643334,0.4387075881958683,0.4667301893796878,0.4510061657836924,0.0,0.0
0.3440744829083842,0.3371559777568495,0.0,0.3906539333052028,0.3143630993262783,0.3686488900543839,0.3132545771920191,0.0,0.4129134612987519,0.2628167363014637,0.396566354325866,0.268564231551112,0.3460198685001986,0.0,0.4006039870937766,0.3643632229900769,0.3390986113920101,0.3643346851996963,0.4067572802504194,0.3877592275407803,0.3914882396039632,0.3911835857107072,0.3943842376025824,0.249203189999522,0.3506976699687352,0.3739151446017807,0.3837250070450776,0.3311068237670622,0.3852628724192162,0.0,0.2135726369859341,0.3724433815594555,0.3176969588284922,0.2302673168809515,0.0,0.3538492356625448,0.305222515531777,0.2110297891512441,0.280047619655119,0.0,0.0,0.0,0.0,0.0,0.0,0.0,0.4165663221251948,0.0,0.0,0.0,0.0,0.0,0.0,0.0,0.0,0.0,0.3497868101404335,0.0,0.0,0.4597414758248991,0.4056168773013011,0.0,0.0,0.0,0.0,0.0,0.4338024064593692,0.4439728872796361,0.0,0.3865825213301235,0.4190340271540081,0.0,0.0,0.0,0.0,0.0
0.0,0.0,0.3721170233394056,0.2167858112053386,0.2373872819230087,0.3793228893964795,0.2879208761777419,0.2187528763061316,0.4082078229208324,0.2708090780813355,0.3178104947348754,0.2547700138063062,0.3252838385993429,0.2142942302291251,0.4151006489817445,0.0,0.0,0.0,0.38183206607423,0.4506784653827256,0.0,0.4417618034999007,0.3482979503818166,0.3904548685903689,0.0,0.4364662849464862,0.3845879357796912,0.2873392317644151,0.4421293072122871,0.0,0.3806563539551698,0.2542367192563853,0.3725269447418997,0.3827716792661294,0.3538492356625448,0.0,0.2081339846278417,0.2966651177948265,0.34370356002582,0.0,0.3864859130870523,0.0,0.2230476499552335,0.0,0.0,0.0,0.0,0.4363124053594508,0.0,0.0,0.3874807849651898,0.3903907695975493,0.3703678763436792,0.4073107894745092,0.0,0.3153110916573334,0.0,0.4361926142715477,0.0,0.0,0.0,0.0,0.0,0.3948886993926926,0.0,0.0,0.0,0.4167860593234308,0.0,0.0,0.0,0.4026290819595429,0.3981573251238801,0.4487218401976481,0.0,0.0
0.0,0.0,0.4001353462261708,0.1903985872757616,0.2710815404128219,0.3783567970803681,0.288656867481918,0.3672075344375684,0.4087663289530611,0.2312679901866762,0.402392338945431,0.2372299712416673,0.3185222909088649,0.2045729374237272,0.0,0.0,0.0,0.0,0.4102600132010965,0.4242975380257705,0.0,0.4153550867616874,0.3638135353129066,0.0,0.0,0.0,0.3727020988511578,0.2743194140187062,0.4039251402841599,0.0,0.3359073100436395,0.3110111661927209,0.3746079141161482,0.3103663902545121,0.305222515531777,0.2081339846278417,0.0,0.268190117487255,0.2301246156344281,0.0,0.0,0.0,0.0,0.0,0.0,0.0,0.0,0.0,0.0,0.0,0.0,0.0,0.0,0.0,0.0,0.0,0.0,0.0,0.0,0.0,0.0,0.0,0.0,0.0,0.0,0.0,0.0,0.0,0.0,0.0,0.0,0.0,0.0,0.0,0.0,0.0
0.0,0.0,0.0,0.363103743836015,0.394716866550457,0.4188098265939805,0.3708533628175061,0.0,0.4318037587295187,0.2649888557807401,0.4265532031469471,0.1930317554350642,0.3588037120521151,0.0,0.0,0.0,0.3240618148949417,0.0,0.4605196619906007,0.0,0.0,0.0,0.4390002520686372,0.2151694998390273,0.3184383565189972,0.3219936967975207,0.4396055250705265,0.3457096399326929,0.0,0.0,0.2739888440324526,0.2874151359732534,0.1667016522638644,0.204179846621275,0.2110297891512441,0.2966651177948265,0.268190117487255,0.0,0.2653144725566613,0.1971739443349937,0.2105782147294807,0.0,0.0,0.0,0.2146330295093812,0.0,0.0,0.0,0.0,0.0,0.0,0.0,0.0,0.0,0.311009964472606,0.0,0.3247352198917246,0.0,0.0,0.0,0.0,0.0,0.0,0.0,0.0,0.0,0.0,0.0,0.2762443283255982,0.3680303794386009,0.3538198913863767,0.0,0.0,0.0,0.0,0.0
0.4070780851917415,0.4116893306695777,0.476340126620431,0.0,0.0,0.4246508395838002,0.0,0.412242963589238,0.4695286481137129,0.3105315080741586,0.3829398015287989,0.2147587072792818,0.4338574680569916,0.2978745990271394,0.432997182855827,0.4160217261286254,0.0,0.3939212451528908,0.4756129596062139,0.4349610627855912,0.4285292942142039,0.4202638809477947,0.4406880305648126,0.3956929055258286,0.3857994729841086,0.425091046554354,0.4339541628405665,0.368224484511485,0.4237553726401047,0.0,0.4189151900077405,0.2362894373821241,0.2677977456913156,0.3136341525986807,0.280047619655119,0.34370356002582,0.2301246156344281,0.2653144725566613,0.0,0.297308214077974,0.3237482297424452,0.3294243675887576,0.2791646480086593,0.2880984692519059,0.2499512826656464,0.3613385822017737,0.3587463454557149,0.3529597538744733,0.2399189718440138,0.298196593228887,0.3378602117976335,0.3442004998200982,0.3287946995225236,0.3667080384249981,0.3628725236521434,0.3193968148286203,0.2707567011302262,0.3601790109718872,0.2564882297551112,0.3751203402836283,0.3822752135462787,0.3650192553463648,0.3787735416874423,0.3777721123938289,0.3666678680191871,0.3742806220569866,0.3752380673244707,0.3649831514891331,0.2837764580520092,0.3654084249647065,0.3719781065203503,0.3692836662146206,0.3487673214274383,0.3759272360322101,0.3705115306851205,0.3730173903609171
0.3660912957128587,0.4050608930698724,0.0,0.0,0.0,0.0,0.0,0.0,0.0,0.2951081989996195,0.0,0.2677393983524641,0.0,0.0,0.4357849897712066,0.381401708821432,0.347499573296157,0.3877650541471762,0.0,0.0,0.4292877132699733,0.427923817901936,0.4109447565473977,0.3334074495837644,0.3761121129143317,0.3961357401018283,0.4582946204746879,0.0,0.0,0.0,0.3078335347416341,0.2412997076214484,0.2035011470410459,0.1807133791225822,0.0,0.0,0.0,0.1971739443349937,0.297308214077974,0.0,0.2215824375034479,0.3285444457242846,0.520671996047591,0.0,0.1659546069571466,0.2853193391771377,0.2959569655242248,0.0,0.0,0.0,0.335660026681092,0.3538643299311735,0.3717640237184824,0.0,0.3115596157139355,0.44673007859594,0.2951056194073768,0.3453854486805373,0.0,0.3550071204014354,0.3269327743201668,0.3129988338673045,0.3085009608823024,0.0,0.3252443218408922,0.3348339570883429,0.3429358470947384,0.3383499174398521,0.2538929036508596,0.2908976299393712,0.3118979660843918,0.3403532048427086,0.3147426972777786,0.2945905334491532,0.371553425442564,0.2953471530146485
0.3835814030301537,0.3978182581476658,0.0,0.0,0.0,0.4459081520939571,0.0,0.4529476601760235,0.0,0.3220446286293488,0.0,0.2465240637810724,0.0,0.0,0.4377158539512953,0.4008108468519101,0.0,0.3650322324171904,0.0,0.4481853734209328,0.4331587420594096,0.4201071415483013,0.4478408146635831,0.2837350942461075,0.3778888770194127,0.4140617444956715,0.4542545064239651,0.0,0.4567011180929882,0.0,0.0,0.2952426301457637,0.193660469361337,0.4011183713945236,0.0,0.3864859130870523,0.0,0.2105782147294807,0.3237482297424452,0.2215824375034479,0.0,0.3007672695244168,0.4655074387311719,0.3656262999056988,0.1992327819135718,0.3099115031851954,0.3230361915224601,0.3710090076762397,0.2211077983099648,0.380425086382951,0.3737378492643696,0.363954807586315,0.3986759195000937,0.4013410880809521,0.3255653071655378,0.4216504850706037,0.2945656129657312,0.3674372416751382,0.0,0.3852172233471555,0.3593247131163249,0.3371398519521301,0.3511409129005842,0.4172552985406945,0.3688076403218303,0.3852142641208686,0.3647427158821699,0.3888030937745422,0.251793022025756,0.3254202639407751,0.3444617675649118,0.384139085234356,0.3608998273009698,0.3778089347221434,0.372425479808727,0.2884144592619921
0.0,0.4097025258405722,0.0,0.0,0.0,0.4882411153987172,0.0,0.0,0.0,0.2974159836730641,0.0,0.2384953654629608,0.0,0.0,0.4541650852794193,0.3996030464555503,0.0,0.3940136876555668,0.0,0.4419282630398051,0.4479936675081225,0.4402164812821921,0.4445734457934467,0.0,0.3856007923657619,0.4292035654968956,0.4581128980837961,0.0,0.0,0.0,0.0,0.2872694036128922,0.0,0.4513184313421686,0.0,0.0,0.0,0.0,0.3294243675887576,0.3285444457242846,0.3007672695244168,0.0,0.4598200076566718,0.3740834531755494,0.2162694945858546,0.3579549822110692,0.3666384477781163,0.3879511325138836,0.3783898088523841,0.3168453493588906,0.3654859007264141,0.3663985830487213,0.4087270908445458,0.3776893877429594,0.3053683583375778,0.374125903917926,0.3003764550322551,0.3540741051258328,0.0,0.4087538115926853,0.3837549331912278,0.3137124582517373,0.3722386994579738,0.4106205687112385,0.3927211467580946,0.4407303937795276,0.4051997619750916,0.3962708609736137,0.2156907500654294,0.3572678282162004,0.3851354727277302,0.3840582566538378,0.3513690952333431,0.3972129222640166,0.0,0.2678733981703513
