0.0,0.3654150545368534,0.0,0.0,0.0,0.404010931261395,0.0,0.4558655724097115,0.0,0.3674365082782005,0.0,0.3241018056419558,0.0,0.0,0.3481904824453244,0.3521172444381436,0.3278921000631651,0.3414279824220761,0.0,0.4119038676245999,0.3754399348324057,0.3384055048265562,0.4356839219959801,0.3180027766027342,0.3426444549180616,0.320146961017923,0.4513132175197725,0.360891597965742,0.4145155571015141,0.0,0.3217695323216976,0.3776524279922445,0.3049982817959431,0.3314430992531876,0.3733328014980514,0.0,0.0,0.395112836799353,0.3990297102608167,0.3704214855890925,0.3715397917752524,0.0,0.0,0.0,0.0,0.3102394147881164,0.4202410181589307,0.0,0.0,0.0,0.0,0.0,0.0,0.0,0.446127303046572,0.0,0.0,0.0,0.0,0.0,0.3947711620920102,0.0,0.3816821380791877,0.0,0.0,0.3936131874698814,0.3706143110982187,0.0,0.2145126615493889,0.3841431867159872,0.4098885256296443,0.0,0.0,0.0,0.0,0.3801311078478354
0.3654150545368534,0.0,0.0,0.0,0.3713089005266905,0.3438986912765429,0.3638992159962464,0.4329245610832888,0.0,0.0,0.0,0.0,0.3549266846379978,0.0,0.3678748545738464,0.3633197271339987,0.0,0.3617124723946356,0.0,0.3884937827376408,0.3752261087077884,0.3582555985239869,0.3895699231229002,0.0,0.3488408687149691,0.3669412667106365,0.3744053307195674,0.3455244872743051,0.3510717557179442,0.0,0.3324631490539344,0.3834155408920755,0.3250269045093413,0.3454253340911025,0.4048444583025505,0.0,0.0,0.0,0.4259906913353622,0.4218721952741145,0.4234689241190147,0.4252951453182728,0.0,0.0,0.0,0.41127988527499,0.4397771381458419,0.0,0.0,0.0,0.0,0.0,0.0,0.0,0.0,0.0,0.0,0.0,0.0,0.4408848496037095,0.4190019774110283,0.0,0.4138727621214618,0.0,0.4143467373915132,0.4458874046166821,0.4173474935858824,0.4648783174526225,0.0,0.4172702146526064,0.4449590901705409,0.4654592137401489,0.0,0.427442173935143,0.0,0.4033827558632362
0.0,0.0,0.0,0.4143716895418434,0.352522034649903,0.3871694898611115,0.3893079671487944,0.4394608876892407,0.2500362777975224,0.0,0.3044276793618337,0.0,0.4052189160599945,0.3881009074721548,0.0,0.0,0.0,0.0,0.2508061071787323,0.0,0.0,0.0,0.3255495748726319,0.0,0.0,0.0,0.2842460990317943,0.4091554375870789,0.0,0.0,0.4287514670114823,0.4007997530917531,0.0,0.4115990137599679,0.4270221202826005,0.3779649118237859,0.4246624128057749,0.0,0.0,0.0,0.0,0.0,0.4439883369812096,0.0,0.0,0.0,0.0,0.2638846495321376,0.0,0.5309235120925283,0.5171126351837697,0.5430711883974918,0.5036505663307608,0.4388378741721731,0.0,0.3447787346643226,0.0,0.5553600988417092,0.0,0.0,0.0,0.0,0.0,0.3034771780402084,0.0,0.0,0.0,0.5206324008526894,0.0,0.0,0.0,0.5138247538556382,0.0,0.0,0.0,0.0
0.0,0.0,0.4143716895418434,0.0,0.2146799671878518,0.3661509324710593,0.2563839636781647,0.3427187231686188,0.3708952711535324,0.2254631879264678,0.322283019312515,0.0,0.2641549104991596,0.2247640714857239,0.0,0.0,0.0,0.0,0.3789180452429695,0.0,0.0,0.0,0.3630386845844656,0.0,0.0,0.0,0.3897277720933114,0.2506398913939709,0.0,0.0,0.3220634410667611,0.2419162868010077,0.0,0.3004155430096674,0.3165848135877385,0.1504433515708824,0.153547802250557,0.3020976042664451,0.0,0.0,0.0,0.0,0.0,0.0,0.0,0.0,0.0,0.0,0.0,0.0,0.0,0.0,0.0,0.0,0.0,0.0,0.0,0.0,0.0,0.0,0.0,0.0,0.0,0.0,0.0,0.0,0.0,0.0,0.0,0.0,0.0,0.0,0.0,0.0,0.0,0.0
0.0,0.3713089005266905,0.352522034649903,0.2146799671878518,0.0,0.339591506989792,0.2983812237863441,0.3689842612064466,0.3052224475421914,0.3871930371280924,0.2756907357600113,0.0,0.304794364876026,0.2423856180180013,0.0,0.0,0.0,0.0,0.337771982906677,0.3310676327377097,0.0,0.3731235035211406,0.3685009580214928,0.0,0.0,0.0,0.3547685559799834,0.3017720215477432,0.3488578539990518,0.0,0.3450083130003558,0.3148926533592006,0.0,0.3546830179008445,0.3652428104309574,0.199938853084945,0.2398888350672514,0.0,0.0,0.0,0.0,0.0,0.0,0.0,0.0,0.0,0.0,0.0,0.0,0.0,0.5409089115433167,0.0,0.5618827477066773,0.0,0.0,0.0,0.0,0.0,0.0,0.0,0.0,0.0,0.0,0.0,0.0,0.0,0.0,0.487047347900093,0.0,0.0,0.0,0.5025849690026902,0.0,0.0,0.0,0.0
0.404010931261395,0.3438986912765429,0.3871694898611115,0.3661509324710593,0.339591506989792,0.0,0.359304365455201,0.3758792767389962,0.3233492362692599,0.3972437142244344,0.315459119899698,0.0,0.3609344730653686,0.3724591811116388,0.3649374879193054,0.3730036893140983,0.6942430508252272,0.369504194105193,0.3485212119107444,0.3613017762029498,0.3817422392460872,0.3760574683128672,0.3732932374932078,0.0,0.3291383490277776,0.3548807912307533,0.3537565960633008,0.353995104042812,0.3212883114948326,0.3719162093475948,0.3908590565463054,0.3810126111159344,0.3486087606791046,0.3829366058825823,0.4040995015867484,0.377085408740959,0.3921465038892656,0.4254514737484682,0.4667302005844242,0.0,0.4856548676351728,0.0,0.4669997484791005,0.0,0.0,0.0,0.0,0.5159684466481705,0.0,0.5415177084614916,0.4760648971979279,0.4992848577830975,0.4369593812487356,0.4946094511016866,0.0,0.4570871686308241,0.0,0.4818914378300571,0.0,0.4514551862433646,0.0,0.0,0.0,0.4681072898690571,0.4570298500476758,0.4616344952003484,0.467924050673623,0.4863766666538407,0.0,0.0,0.0,0.4805646572928319,0.4721452027040921,0.4536792829485388,0.5103505029255432,0.4826212523059915
0.0,0.3638992159962464,0.3893079671487944,0.2563839636781647,0.2983812237863441,0.359304365455201,0.0,0.3926242514905501,0.3548853633180527,0.3784603807984512,0.3728734949112236,0.3700326213934787,0.3077115207232888,0.2841763579863706,0.0,0.3975065111255451,0.4237269928179904,0.3891116278366099,0.4008303171888244,0.3751805618515392,0.0,0.3976549226710854,0.3894377255581978,0.3848159544623789,0.3640933763434991,0.3832526733121407,0.3903608262416547,0.3272961349441796,0.3623263242193812,0.0,0.3422109582351329,0.3215200265699407,0.3755440041249796,0.3401854946987458,0.2740214507472331,0.2591366949880141,0.2669819523482021,0.3300426417181175,0.0,0.0,0.0,0.0,0.0,0.0,0.0,0.0,0.0,0.0,0.0,0.0,0.5038147219516592,0.0,0.4738607486026997,0.0,0.0,0.0,0.0,0.0,0.0,0.0,0.0,0.0,0.0,0.0,0.0,0.0,0.0,0.4796067189423719,0.0,0.0,0.0,0.484424113316385,0.0,0.0,0.0,0.0
0.4558655724097115,0.4329245610832888,0.4394608876892407,0.3427187231686188,0.3689842612064466,0.3758792767389962,0.3926242514905501,0.0,0.4368048249896343,0.513084030268529,0.240118829068179,0.5252955202769022,0.4022962717231439,0.334407713701868,0.0,0.4335684045192134,0.0,0.4410840869222041,0.4387125938735939,0.3650930313222337,0.3661402077713352,0.4017752148740675,0.3237722136721931,0.4645348778324449,0.4440646023797498,0.4395099013214992,0.4262098634232942,0.3946550230027749,0.3515353500960585,0.3766031509431091,0.4056482532984933,0.3842618546361825,0.4044324757473017,0.3917643217544218,0.4053548122674084,0.261869667384493,0.4136818814980318,0.0,0.4307221540308181,0.0,0.4595600519019167,0.0,0.4519096458138313,0.0,0.0,0.0,0.0,0.50578918194803,0.0,0.0,0.4369259881726758,0.4720882998828232,0.2853388230169429,0.4697582919522768,0.0,0.0,0.0,0.4494803754001227,0.0,0.0,0.0,0.0,0.0,0.4693891870860167,0.0,0.0,0.0,0.4455376267197202,0.0,0.0,0.0,0.4584886293927023,0.4524972709410464,0.4020118214196528,0.0,0.4705564787734859
0.0,0.0,0.2500362777975224,0.3708952711535324,0.3052224475421914,0.3233492362692599,0.3548853633180527,0.4368048249896343,0.0,0.4125018384047945,0.2869965241691605,0.4080675620884924,0.35778781557006,0.3645934902178786,0.0,0.0,0.0,0.0,0.2522566982846589,0.0,0.0,0.3646555863672757,0.374594885207392,0.0,0.0,0.0,0.3371531728311879,0.4025326886148489,0.3498278640388878,0.0,0.4198690396126008,0.3918457967886699,0.3879777493240782,0.401588352770359,0.3991737431473992,0.3747150125125895,0.3932499684596969,0.4008841126275838,0.4832355159662558,0.0,0.0,0.0,0.3954534280613313,0.0,0.0,0.0,0.0,0.5162701483066284,0.0,0.5553011640302845,0.4960924181464858,0.550421851476888,0.4771749746124366,0.5155265281118834,0.0,0.41305433957344,0.0,0.5634803321979621,0.0,0.0,0.0,0.0,0.0,0.455205633000625,0.0,0.0,0.0,0.5021791083074565,0.0,0.0,0.0,0.4980467917234146,0.550710195219094,0.0,0.0,0.0
0.3674365082782005,0.0,0.0,0.2254631879264678,0.3871930371280924,0.3972437142244344,0.3784603807984512,0.513084030268529,0.4125018384047945,0.0,0.4080279878047487,0.2672347511990457,0.3768887547245604,0.0,0.0,0.3616637963405534,0.2963751783455213,0.3300342865743125,0.4280342682522886,0.4701533319535637,0.0,0.3956354161019191,0.4243153664311075,0.3125915917196397,0.3154910354705426,0.3154394992115876,0.4355953175974323,0.3675986030161804,0.4633109647443564,0.0,0.3071517672539474,0.3470498426441924,0.291710202973136,0.3038852019578096,0.2977884486140451,0.2597732890006228,0.2674727882104438,0.2781365579014204,0.3672617020113128,0.3754662708116816,0.4064939432253824,0.3324915404707818,0.0,0.0,0.3405833315043814,0.4496074496889219,0.0,0.0,0.0,0.0,0.0,0.0,0.0,0.0,0.4290247978790136,0.0,0.4276525218393244,0.4349472527852203,0.0,0.0,0.0,0.4084405694524725,0.3831325922037514,0.0,0.0,0.0,0.0,0.0,0.3808410677346402,0.4072730808792418,0.4289508620225368,0.0,0.4026441115842528,0.0,0.0,0.3937438224614253
0.0,0.0,0.3044276793618337,0.322283019312515,0.2756907357600113,0.315459119899698,0.3728734949112236,0.240118829068179,0.2869965241691605,0.4080279878047487,0.0,0.0,0.3719450175650737,0.2812567822681105,0.0,0.0,0.0,0.0,0.2614227016491207,0.0,0.0,0.0,0.2648813710392028,0.0,0.0,0.0,0.319792128179965,0.380163971578685,0.0,0.0,0.4140630548127937,0.297774609935402,0.0,0.3988959868158713,0.3661228379726257,0.2480667092958263,0.3750856588761778,0.4093033498585403,0.326733223969,0.0,0.0,0.0,0.3148042897236205,0.0,0.0,0.0,0.0,0.4235038280642028,0.0,0.0,0.4623894465915906,0.4837898313518921,0.3798853417411762,0.4482477065590099,0.0,0.2847786904243741,0.0,0.0,0.0,0.0,0.0,0.0,0.0,0.2675734162940549,0.0,0.0,0.0,0.4566063257180544,0.0,0.0,0.0,0.0,0.0,0.0,0.0,0.0
0.3241018056419558,0.0,0.0,0.0,0.0,0.0,0.3700326213934787,0.5252955202769022,0.4080675620884924,0.2672347511990457,0.0,0.0,0.3644789894192644,0.0,0.0,0.0,0.3308624200485925,0.3386843401590578,0.4929087300852645,0.0,0.444678635000654,0.0,0.5081388266365461,0.2724020922690816,0.3233667621022844,0.2930911264194123,0.0,0.3498392787175698,0.0,0.0,0.3223885549272263,0.2607590035671356,0.2571333930615924,0.2394682112686314,0.2800665078300384,0.3025258204029373,0.3625826759632068,0.2273600676372339,0.3066648804207172,0.3718316423460087,0.3605874130173073,0.0,0.0,0.0,0.3196973827152309,0.0,0.0,0.0,0.0,0.0,0.0,0.0,0.0,0.0,0.4251032913246547,0.0,0.4262160670183087,0.0,0.0,0.0,0.0,0.4154542438215411,0.397082345275206,0.0,0.0,0.0,0.0,0.0,0.3825823201116272,0.4031843112464814,0.4231919583493341,0.0,0.4354229386114529,0.0,0.0,0.3998844451593003
0.0,0.3549266846379978,0.4052189160599945,0.2641549104991596,0.304794364876026,0.3609344730653686,0.3077115207232888,0.4022962717231439,0.35778781557006,0.3768887547245604,0.3719450175650737,0.3644789894192644,0.0,0.274029917672367,0.3625388117911868,0.4059570195443741,0.3965527519206135,0.3937540403124911,0.4063860496592547,0.3846183138558112,0.4064952596439059,0.4045051585729811,0.3992944507162965,0.387342688421775,0.3604362179952065,0.3688536733640282,0.4003516563532998,0.3226919475243294,0.3534343084909436,0.3616785339805923,0.3702300894176953,0.338553950262668,0.3284070166289285,0.3518820355180172,0.34293261290741,0.2725094172149059,0.2776038846009704,0.338528619861669,0.4552336568473835,0.0,0.0,0.0,0.0,0.0,0.0,0.0,0.0,0.5605696162711459,0.0,0.0,0.4811294010164025,0.0,0.4442549211817743,0.0,0.0,0.0,0.0,0.0,0.0,0.5844191715045761,0.0,0.0,0.0,0.0,0.5147889196198355,0.0,0.634323721707008,0.4809573745242775,0.0,0.0,0.0,0.4738885588997458,0.0,0.4791952880306331,0.0,0.0
0.0,0.0,0.3881009074721548,0.2247640714857239,0.2423856180180013,0.3724591811116388,0.2841763579863706,0.334407713701868,0.3645934902178786,0.0,0.2812567822681105,0.0,0.274029917672367,0.0,0.0,0.0,0.0,0.0,0.3597755445389025,0.0,0.0,0.0,0.3279243972103428,0.0,0.0,0.0,0.42858796010585,0.2307803954152126,0.0,0.0,0.0,0.1818789956007683,0.0,0.0,0.0,0.1830923247626534,0.1638148460068603,0.0,0.1922053129387921,0.0,0.0,0.0,0.0,0.0,0.0,0.0,0.0,0.0,0.0,0.0,0.0,0.0,0.0,0.0,0.0,0.0,0.0,0.0,0.0,0.0,0.0,0.0,0.0,0.0,0.0,0.0,0.0,0.0,0.0,0.0,0.0,0.0,0.0,0.0,0.0,0.0
0.3481904824453244,0.3678748545738464,0.0,0.0,0.0,0.3649374879193054,0.0,0.0,0.0,0.0,0.0,0.0,0.3625388117911868,0.0,0.0,0.3675731132160937,0.0,0.3461822208910682,0.0,0.3408391768915234,0.3408769058296471,0.3443464904814201,0.3534647388186586,0.4156102134836909,0.3540057390068605,0.3790108825292712,0.4069815718473342,0.3590353615023082,0.3227404007745885,0.0,0.3392882395836114,0.3706700648497023,0.3529410677455247,0.3790035280307207,0.4221891795512958,0.4110202044743513,0.0,0.0,0.4406779688008714,0.4358270060270257,0.4541884150496583,0.4730196798395918,0.0,0.0,0.0,0.0,0.4515857923294966,0.0,0.0,0.0,0.4192762705956515,0.0,0.0,0.0,0.0,0.0,0.0,0.5507801965422058,0.0,0.4531688259792799,0.4650681479866418,0.0,0.0,0.0,0.4332245728185971,0.4212652547961957,0.4585906383725036,0.4521923839444488,0.0,0.0,0.4851786026986047,0.449870378592248,0.4777639261780567,0.4280945818606124,0.0,0.0
0.3521172444381436,0.3633197271339987,0.0,0.0,0.0,0.3730036893140983,0.3975065111255451,0.4335684045192134,0.0,0.3616637963405534,0.0,0.0,0.4059570195443741,0.0,0.3675731132160937,0.0,0.3473969171136811,0.3208009879007897,0.0,0.3821573934210723,0.3758140821286235,0.3413782202357525,0.3950682669684123,0.3631699433992829,0.3548322450536498,0.3730007987737949,0.3940408471860767,0.3740234961226801,0.3928815811185076,0.3701536938827531,0.3342532304659992,0.4152200856231048,0.3493871202565857,0.3511135699722488,0.4067075110596728,0.0,0.0,0.0,0.4202114130058968,0.4014471448594187,0.4023582161854256,0.4047870855566042,0.0,0.0,0.0,0.3972688632691391,0.4207088848834159,0.0,0.0,0.0,0.0,0.0,0.0,0.0,0.0,0.0,0.0,0.0,0.0,0.4307434865463831,0.4051691089703844,0.0,0.3945571432886826,0.0,0.440351901728606,0.4341138236012304,0.416247569954267,0.0,0.0,0.3964298179948924,0.4255566912711804,0.0,0.0,0.0,0.0,0.3955662232526039
0.3278921000631651,0.0,0.0,0.0,0.0,0.6942430508252272,0.4237269928179904,0.0,0.0,0.2963751783455213,0.0,0.3308624200485925,0.3965527519206135,0.0,0.0,0.3473969171136811,0.0,0.3042207862040217,0.0,0.4106557978480702,0.0,0.3670114686656995,0.0,0.3310620105124312,0.2676165784646328,0.3250839261815313,0.0,0.388345871557976,0.4402088621275843,0.0,0.3212167487367082,0.3807200653316976,0.3211775126257485,0.3410045877913192,0.3350325374232182,0.0,0.0,0.3013913620440477,0.0,0.3580998815203611,0.0,0.0,0.0,0.0,0.0,0.0,0.0,0.0,0.0,0.0,0.0,0.0,0.0,0.0,0.4042620241305174,0.0,0.3998403098007375,0.0,0.0,0.0,0.0,0.4007147730457076,0.3873360286183428,0.0,0.0,0.0,0.0,0.0,0.0,0.3960465816921401,0.401390458218362,0.0,0.0,0.0,0.0,0.0
0.3414279824220761,0.3617124723946356,0.0,0.0,0.0,0.369504194105193,0.3891116278366099,0.4410840869222041,0.0,0.3300342865743125,0.0,0.3386843401590578,0.3937540403124911,0.0,0.3461822208910682,0.3208009879007897,0.3042207862040217,0.0,0.0,0.3835791167564034,0.3778144140737373,0.3664642275077732,0.3980598148566366,0.3353215757770652,0.3216239467723082,0.3375091190152327,0.3825332466011001,0.384940404810821,0.3836792123982159,0.0,0.3394296577710822,0.3903414290230758,0.322158932114944,0.3485565288535134,0.3672957854050042,0.0,0.0,0.0,0.4318026751888428,0.3982341748238924,0.4199441541567327,0.3978544902512426,0.0,0.0,0.0,0.3859184087130375,0.4029411017625259,0.0,0.0,0.0,0.0,0.0,0.0,0.0,0.4003142097894159,0.0,0.4044245454989825,0.0,0.0,0.0,0.3984169291534034,0.3960617212156986,0.3935339021936572,0.0,0.0,0.0,0.3992712892489118,0.0,0.398665336438662,0.3953692550844112,0.4031489837093732,0.0,0.0,0.0,0.0,0.3919423759400131
0.0,0.0,0.2508061071787323,0.3789180452429695,0.337771982906677,0.3485212119107444,0.4008303171888244,0.4387125938735939,0.2522566982846589,0.4280342682522886,0.2614227016491207,0.4929087300852645,0.4063860496592547,0.3597755445389025,0.0,0.0,0.0,0.0,0.0,0.0,0.0,0.0,0.3188793611022189,0.0,0.0,0.0,0.3004245834997588,0.4115141716142543,0.0,0.0,0.4299178588392207,0.39908292699936,0.0,0.4129160452690537,0.3990824639403285,0.357185697561559,0.4082518655262486,0.4362743190327651,0.0,0.0,0.0,0.0,0.3811752328021573,0.0,0.0,0.0,0.0,0.4974472212388364,0.0,0.4708343776677647,0.5237183448085817,0.5793138864797331,0.5089441460632628,0.5277060405169037,0.0,0.3359753098247862,0.0,0.6178782359790299,0.3261189017148864,0.0,0.0,0.0,0.0,0.4321709268074846,0.0,0.0,0.0,0.5182024146261104,0.0,0.0,0.0,0.5141371923824619,0.0,0.0,0.0,0.0
0.4119038676245999,0.3884937827376408,0.0,0.0,0.3310676327377097,0.3613017762029498,0.3751805618515392,0.3650930313222337,0.0,0.4701533319535637,0.0,0.0,0.3846183138558112,0.0,0.3408391768915234,0.3821573934210723,0.4106557978480702,0.3835791167564034,0.0,0.0,0.3781079557468463,0.3479743855569033,0.3319344469884725,0.0,0.362873436991367,0.4121932337136902,0.3391355766816595,0.3097073076803624,0.3008167886168563,0.2819274422740951,0.324466075639706,0.3770323772829224,0.3426532564719902,0.3726287739204627,0.4136933745188336,0.4465912232119992,0.4273944487962359,0.0,0.448938672496915,0.4219574508074786,0.4648382472328101,0.4824185232272527,0.0,0.0,0.0,0.0,0.0,0.0,0.0,0.0,0.4620945034462739,0.0,0.4865751845528592,0.0,0.0,0.0,0.0,0.5472678327787225,0.0,0.4339729841166347,0.0,0.0,0.0,0.0,0.4542831205857726,0.4217955406253398,0.4299893112737105,0.4779529045273433,0.0,0.0,0.4546107408819264,0.4881710564639859,0.4788398782072633,0.4501255295271653,0.5952310451916932,0.4771974659815439
0.3754399348324057,0.3752261087077884,0.0,0.0,0.0,0.3817422392460872,0.0,0.3661402077713352,0.0,0.0,0.0,0.444678635000654,0.4064952596439059,0.0,0.3408769058296471,0.3758140821286235,0.0,0.3778144140737373,0.0,0.3781079557468463,0.0,0.3813091190967382,0.3676517915619283,0.4278463208408846,0.3843452319572282,0.3760155676386568,0.4078706162056987,0.3915806431002075,0.353228441098331,0.0,0.3519493602346514,0.3827581745909353,0.3485173956646337,0.3710968046779289,0.4207417564004673,0.0,0.0,0.0,0.4221198190478313,0.4143670392106274,0.4469856479023386,0.4536649179418895,0.0,0.0,0.0,0.3895331159486214,0.4464798066203684,0.0,0.0,0.0,0.3712277152182414,0.0,0.2541189669825883,0.0,0.0,0.0,0.0,0.4981161340213123,0.0,0.433548549518662,0.432106649301008,0.0,0.0,0.0,0.4209569875679054,0.3261646227558355,0.4406972112548922,0.4338278604097346,0.0,0.454292677727847,0.4730355997378024,0.4469681824848727,0.4470829599707075,0.4088977752680038,0.0,0.0
0.3384055048265562,0.3582555985239869,0.0,0.0,0.3731235035211406,0.3760574683128672,0.3976549226710854,0.4017752148740675,0.3646555863672757,0.3956354161019191,0.0,0.0,0.4045051585729811,0.0,0.3443464904814201,0.3413782202357525,0.3670114686656995,0.3664642275077732,0.0,0.3479743855569033,0.3813091190967382,0.0,0.3970799281693691,0.0,0.3666855450709366,0.3835021366014401,0.3889908667221415,0.3193368438110541,0.3625136113709691,0.2323981216248048,0.3420223528749284,0.3851464611777512,0.3594153962948646,0.3718673694340884,0.421499481723416,0.4516410521929464,0.0,0.0,0.4340826858230408,0.445352498507488,0.4436729412676443,0.4593853645519324,0.5470683825861902,0.0,0.0,0.4207809826534621,0.43568586617998,0.0,0.0,0.0,0.4211629868896605,0.0,0.0,0.0,0.0,0.0,0.0,0.0,0.0,0.4594069343020015,0.414938132242131,0.0,0.0,0.0,0.4369220225205705,0.436805116497387,0.4501300470126295,0.4436764469188446,0.0,0.4125708186400026,0.4668166484522109,0.44718995965651,0.5333003148594807,0.4233853654808662,0.0,0.0
0.4356839219959801,0.3895699231229002,0.3255495748726319,0.3630386845844656,0.3685009580214928,0.3732932374932078,0.3894377255581978,0.3237722136721931,0.374594885207392,0.4243153664311075,0.2648813710392028,0.5081388266365461,0.3992944507162965,0.3279243972103428,0.3534647388186586,0.3950682669684123,0.0,0.3980598148566366,0.3188793611022189,0.3319344469884725,0.3676517915619283,0.3970799281693691,0.0,0.4600825287757495,0.3959113135461195,0.4121189517536952,0.3217214614504453,0.3968892318552454,0.3698719164944314,0.3821139099922537,0.3978275652680865,0.3833384515614527,0.3724149861596931,0.3998981368862908,0.4133735784192721,0.3441413052359364,0.3905459172942045,0.44656553291738,0.4641646238482658,0.4331186417372529,0.4878638845044105,0.4910292127920512,0.4657945585520085,0.561406593640049,0.0,0.0,0.4567395111489836,0.50676819351374,0.0,0.4965228952570416,0.4756201433535386,0.4862136744597014,0.44005094474791,0.5021375817506502,0.0,0.4173383652214955,0.0,0.4783948863992079,0.4987412899852967,0.4528738388889048,0.0,0.0,0.0,0.4552219401344676,0.4715434606530538,0.4502522047589202,0.4433789820449842,0.4880798049858137,0.0,0.0,0.455381612497773,0.488225157981889,0.4795935555499586,0.4628388659837335,0.4800754680649884,0.483674764574058
0.3180027766027342,0.0,0.0,0.0,0.0,0.0,0.3848159544623789,0.4645348778324449,0.0,0.3125915917196397,0.0,0.2724020922690816,0.387342688421775,0.0,0.4156102134836909,0.3631699433992829,0.3310620105124312,0.3353215757770652,0.0,0.0,0.4278463208408846,0.0,0.4600825287757495,0.0,0.3255224006468369,0.3004908784081461,0.0,0.3777656029279592,0.0,0.0,0.3459450440179092,0.3730345227092689,0.2404004591717375,0.2656851608393078,0.2619854379380824,0.0,0.0,0.2501308024349433,0.3769784063728691,0.3227301182740029,0.3764625849811664,0.0,0.0,0.0,0.2763875985683458,0.3606512622617476,0.0,0.0,0.0,0.0,0.0,0.0,0.0,0.0,0.393614431192675,0.0,0.3927609965911084,0.0,0.0,0.0,0.4201046868453243,0.4126264917001316,0.3991052719979623,0.0,0.0,0.0,0.0,0.0,0.3633619271732003,0.4029893845949787,0.4091029702704688,0.0,0.3141710641543968,0.0,0.0,0.3800369658468643
0.3426444549180616,0.3488408687149691,0.0,0.0,0.0,0.3291383490277776,0.3640933763434991,0.4440646023797498,0.0,0.3154910354705426,0.0,0.3233667621022844,0.3604362179952065,0.0,0.3540057390068605,0.3548322450536498,0.2676165784646328,0.3216239467723082,0.0,0.362873436991367,0.3843452319572282,0.3666855450709366,0.3959113135461195,0.3255224006468369,0.0,0.3281497660199502,0.3540427717271026,0.3615262680630219,0.3446426667593554,0.0,0.3399580667807954,0.378110881959614,0.3045622936175659,0.3331497080244914,0.3602712063944115,0.0,0.0,0.3089713321520857,0.4395173017317708,0.3975072110493311,0.426815083919931,0.4105627690338809,0.0,0.0,0.0,0.394443151658912,0.4304041022227201,0.0,0.0,0.0,0.0,0.0,0.0,0.0,0.4264349075065943,0.0,0.4231594724823367,0.0,0.0,0.4365047455247646,0.4128582978211236,0.4064261371971505,0.4019750748890551,0.0,0.4353741178243788,0.4463165190061431,0.3993001798092618,0.5556148131739549,0.3979652918751324,0.4053909972127386,0.4162726835362398,0.0,0.0,0.0,0.0,0.3996891095895614
0.320146961017923,0.3669412667106365,0.0,0.0,0.0,0.3548807912307533,0.3832526733121407,0.4395099013214992,0.0,0.3154394992115876,0.0,0.2930911264194123,0.3688536733640282,0.0,0.3790108825292712,0.3730007987737949,0.3250839261815313,0.3375091190152327,0.0,0.4121932337136902,0.3760155676386568,0.3835021366014401,0.4121189517536952,0.3004908784081461,0.3281497660199502,0.0,0.4039084200923609,0.3877648647627987,0.350405588931283,0.0,0.3473567183845119,0.3904979328529124,0.3279902729913019,0.361187985588697,0.416708248487482,0.4492368428741053,0.0,0.3081260489478836,0.4362612243498526,0.4018769714238282,0.421148563171513,0.4434402682863994,0.0,0.0,0.4658524442636744,0.3905194048068804,0.4506798517681171,0.0,0.0,0.0,0.0,0.0,0.0,0.0,0.4254288228328285,0.0,0.4211553213468598,0.0,0.0,0.4832946220414352,0.4160679607803569,0.4167096771193584,0.3985529323885158,0.0,0.4495075521645913,0.4736101989050653,0.459431515759197,0.4626255769256123,0.3922253329584361,0.4034951045261513,0.4308988307454849,0.466221861874793,0.0,0.4358306313625567,0.0,0.4023079968134191
0.4513132175197725,0.3744053307195674,0.2842460990317943,0.3897277720933114,0.3547685559799834,0.3537565960633008,0.3903608262416547,0.4262098634232942,0.3371531728311879,0.4355953175974323,0.319792128179965,0.0,0.4003516563532998,0.42858796010585,0.4069815718473342,0.3940408471860767,0.0,0.3825332466011001,0.3004245834997588,0.3391355766816595,0.4078706162056987,0.3889908667221415,0.3217214614504453,0.0,0.3540427717271026,0.4039084200923609,0.0,0.3972509979159596,0.3358239929328375,0.3663054929295636,0.3779857288635602,0.3892188833094739,0.3579560579862362,0.3972447641712815,0.4145367617736211,0.4033608546726354,0.4011483534068701,0.0,0.4590491868282123,0.4885596796607349,0.4757180287621072,0.4862564637042357,0.4362547130083745,0.0,0.0,0.0,0.0,0.5226160105384503,0.0,0.5318425520255158,0.4795742254877776,0.5028399464515707,0.4678542367783789,0.5133024490457611,0.0,0.4291747082741938,0.0,0.4760579350390673,0.0,0.4631953065785714,0.0,0.0,0.0,0.4774048582065152,0.472266281915049,0.4710646385843293,0.4530454351432709,0.4942242365110861,0.0,0.0,0.459452550510059,0.4865410604657544,0.4730083771469279,0.4624194997854305,0.4929287942312396,0.4830568421406774
0.360891597965742,0.3455244872743051,0.4091554375870789,0.2506398913939709,0.3017720215477432,0.353995104042812,0.3272961349441796,0.3946550230027749,0.4025326886148489,0.3675986030161804,0.380163971578685,0.3498392787175698,0.3226919475243294,0.2307803954152126,0.3590353615023082,0.3740234961226801,0.388345871557976,0.384940404810821,0.4115141716142543,0.3097073076803624,0.3915806431002075,0.3193368438110541,0.3968892318552454,0.3777656029279592,0.3615262680630219,0.3877648647627987,0.3972509979159596,0.0,0.3126917603803655,0.2738263525160196,0.3315101380882978,0.3493837867127279,0.2943839897614483,0.3396291424047116,0.344214952606205,0.2582367866987556,0.266438900151152,0.3225724894414278,0.4366572173470497,0.0,0.0,0.0,0.0,0.0,0.0,0.0,0.0,0.0,0.0,0.0,0.4546536045763887,0.0,0.4255582647129527,0.0,0.0,0.0,0.0,0.5274116363585132,0.0,0.4710330251752476,0.0,0.0,0.0,0.0,0.460875899092634,0.4552610509868934,0.521735256343626,0.4746874477301843,0.0,0.0,0.512758559628714,0.4675013161229813,0.4735223580237613,0.4504806266460834,0.0,0.4904032749169853
0.4145155571015141,0.3510717557179442,0.0,0.0,0.3488578539990518,0.3212883114948326,0.3623263242193812,0.3515353500960585,0.3498278640388878,0.4633109647443564,0.0,0.0,0.3534343084909436,0.0,0.3227404007745885,0.3928815811185076,0.4402088621275843,0.3836792123982159,0.0,0.3008167886168563,0.353228441098331,0.3625136113709691,0.3698719164944314,0.0,0.3446426667593554,0.350405588931283,0.3358239929328375,0.3126917603803655,0.0,0.318645442383117,0.326109855677971,0.3559732617684624,0.3502897307958099,0.364604294554189,0.401522916442772,0.4300473046748779,0.0,0.0,0.4317955561626097,0.0,0.4660021703606355,0.4851361988638353,0.0,0.0,0.0,0.0,0.0,0.0,0.0,0.0,0.442616584641514,0.0,0.4106452182515342,0.0,0.0,0.0,0.0,0.483408961892273,0.0,0.4271555759527648,0.0,0.0,0.0,0.0,0.4378283366125579,0.4039133409566243,0.4313326188006577,0.4569150869174934,0.0,0.0,0.0,0.4549742084737485,0.4522101724201536,0.434635760004733,0.4759186206363168,0.4577033088145765
0.0,0.0,0.0,0.0,0.0,0.3719162093475948,0.0,0.3766031509431091,0.0,0.0,0.0,0.0,0.3616785339805923,0.0,0.0,0.3701536938827531,0.0,0.0,0.0,0.2819274422740951,0.0,0.2323981216248048,0.3821139099922537,0.0,0.0,0.0,0.3663054929295636,0.2738263525160196,0.318645442383117,0.0,0.2459027904513325,0.3413059278196192,0.0,0.319281602318409,0.3820093648678999,0.0,0.0,0.0,0.0,0.0,0.0,0.0,0.0,0.0,0.0,0.0,0.0,0.0,0.0,0.0,0.0,0.0,0.0,0.0,0.0,0.0,0.0,0.0,0.0,0.0,0.0,0.0,0.0,0.0,0.4802286237430432,0.0,0.0,0.4684274503660874,0.0,0.0,0.0,0.4675966133640655,0.0,0.0,0.0,0.0
0.3217695323216976,0.3324631490539344,0.4287514670114823,0.3220634410667611,0.3450083130003558,0.3908590565463054,0.3422109582351329,0.4056482532984933,0.4198690396126008,0.3071517672539474,0.4140630548127937,0.3223885549272263,0.3702300894176953,0.0,0.3392882395836114,0.3342532304659992,0.3212167487367082,0.3394296577710822,0.4299178588392207,0.324466075639706,0.3519493602346514,0.3420223528749284,0.3978275652680865,0.3459450440179092,0.3399580667807954,0.3473567183845119,0.3779857288635602,0.3315101380882978,0.326109855677971,0.2459027904513325,0.0,0.3548799633359867,0.3026456306577046,0.2744980596243578,0.2850512371705459,0.3072737245425872,0.3022185945716009,0.2972047052033678,0.4255522923612609,0.351797440657294,0.4038271982544573,0.0,0.0,0.0,0.0,0.0,0.4084650282050498,0.0,0.0,0.0,0.4642475545264592,0.0,0.4311286038858328,0.0,0.3935513255439217,0.0,0.3853964571012655,0.0,0.0,0.4252766045287541,0.3881078096736145,0.4132744271362039,0.3929957198575628,0.0,0.4474363595204061,0.3970070585534331,0.4146956913155284,0.4810039470058764,0.2911618535237407,0.3980961689027871,0.4242447006315849,0.4726057356873899,0.4859155442943729,0.4465007050159835,0.0,0.4224942404149213
0.3776524279922445,0.3834155408920755,0.4007997530917531,0.2419162868010077,0.3148926533592006,0.3810126111159344,0.3215200265699407,0.3842618546361825,0.3918457967886699,0.3470498426441924,0.297774609935402,0.2607590035671356,0.338553950262668,0.1818789956007683,0.3706700648497023,0.4152200856231048,0.3807200653316976,0.3903414290230758,0.39908292699936,0.3770323772829224,0.3827581745909353,0.3851464611777512,0.3833384515614527,0.3730345227092689,0.378110881959614,0.3904979328529124,0.3892188833094739,0.3493837867127279,0.3559732617684624,0.3413059278196192,0.3548799633359867,0.0,0.3147656457657172,0.3532662716033558,0.3625853077771704,0.2289971461593664,0.2794208921539985,0.2583582378144266,0.3042093099214669,0.2954393364165889,0.3398922408653342,0.3390146034668531,0.311818822142944,0.2818603551382712,0.2639833556235851,0.4120290756281827,0.4358375309176463,0.4959613620837784,0.0,0.0,0.4491788906700291,0.0,0.4196364614581755,0.4639990440344069,0.3262950708794507,0.0,0.4423584953335597,0.4476567649215188,0.0,0.4351051208605604,0.4162463610130412,0.4772819240891685,0.4080685425962209,0.0,0.4380276247280548,0.4090086760896201,0.433780354343267,0.475647690664641,0.0,0.4115000417020651,0.4461327643874183,0.4660114426063461,0.3898358384980432,0.4337564218834934,0.0,0.438456294974565
0.3049982817959431,0.3250269045093413,0.0,0.0,0.0,0.3486087606791046,0.3755440041249796,0.4044324757473017,0.3879777493240782,0.291710202973136,0.0,0.2571333930615924,0.3284070166289285,0.0,0.3529410677455247,0.3493871202565857,0.3211775126257485,0.322158932114944,0.0,0.3426532564719902,0.3485173956646337,0.3594153962948646,0.3724149861596931,0.2404004591717375,0.3045622936175659,0.3279902729913019,0.3579560579862362,0.2943839897614483,0.3502897307958099,0.0,0.3026456306577046,0.3147656457657172,0.0,0.2572786626329966,0.350600384868647,0.4248357983721681,0.2738467407216958,0.2061250918228875,0.3077810423878401,0.2591150773590002,0.2966086756523386,0.2914982383197567,0.0,0.0,0.2323978297866722,0.3691382928204403,0.4391880487989333,0.0,0.0,0.0,0.0,0.0,0.0,0.0,0.3403407651076292,0.0,0.3424328857732112,0.0,0.0,0.4476086557862645,0.4052865891607471,0.3848956326857896,0.3842333627461647,0.0,0.4319995790821493,0.4330384239191064,0.4340664889404241,0.4457009714826632,0.2853514844598674,0.3916160146251995,0.4163517275660509,0.4375375604652615,0.0,0.0,0.0,0.3497180729696355
0.3314430992531876,0.3454253340911025,0.4115990137599679,0.3004155430096674,0.3546830179008445,0.3829366058825823,0.3401854946987458,0.3917643217544218,0.401588352770359,0.3038852019578096,0.3988959868158713,0.2394682112686314,0.3518820355180172,0.0,0.3790035280307207,0.3511135699722488,0.3410045877913192,0.3485565288535134,0.4129160452690537,0.3726287739204627,0.3710968046779289,0.3718673694340884,0.3998981368862908,0.2656851608393078,0.3331497080244914,0.361187985588697,0.3972447641712815,0.3396291424047116,0.364604294554189,0.319281602318409,0.2744980596243578,0.3532662716033558,0.2572786626329966,0.0,0.3068676349267725,0.3610435833824156,0.2989792491728578,0.2141339890900303,0.321542573177545,0.291628166501099,0.2737500646132469,0.263410348250455,0.0,0.3168221831483763,0.2790049230400562,0.3780062481604009,0.4213043199998555,0.0,0.0,0.0,0.452312869357405,0.0,0.4294635484794117,0.0,0.3462605510002037,0.0,0.3352081340916135,0.0,0.0,0.445591081371453,0.402795695541531,0.418958766690845,0.3917069643608257,0.0,0.4578901040340179,0.4233438455804274,0.4355955320244292,0.4761977366911179,0.3274228310032535,0.3990981330379034,0.4333495811854755,0.491714704603496,0.4667928145327546,0.4450646287256009,0.0,0.395766602068656
0.3733328014980514,0.4048444583025505,0.4270221202826005,0.3165848135877385,0.3652428104309574,0.4040995015867484,0.2740214507472331,0.4053548122674084,0.3991737431473992,0.2977884486140451,0.3661228379726257,0.2800665078300384,0.34293261290741,0.0,0.4221891795512958,0.4067075110596728,0.3350325374232182,0.3672957854050042,0.3990824639403285,0.4136933745188336,0.4207417564004673,0.421499481723416,0.4133735784192721,0.2619854379380824,0.3602712063944115,0.416708248487482,0.4145367617736211,0.344214952606205,0.401522916442772,0.3820093648678999,0.2850512371705459,0.3625853077771704,0.350600384868647,0.3068676349267725,0.0,0.3994403748365397,0.3264783578601232,0.2748175835429584,0.3085950137394015,0.2731761774547329,0.3069671895954372,0.332887409604705,0.0,0.325344948268852,0.3149546465763755,0.0,0.4614784410952112,0.0,0.0,0.0,0.5173058477236722,0.0,0.0,0.0,0.0,0.0,0.2613782929885682,0.0,0.0,0.4619509911254991,0.4397945673590488,0.0,0.0,0.0,0.4571764247498501,0.0,0.4637540325921326,0.4747416814135411,0.0,0.4156142248179528,0.4624085950565035,0.4771999252943307,0.3210350388992442,0.4750618123190957,0.0,0.0
0.0,0.0,0.3779649118237859,0.1504433515708824,0.199938853084945,0.377085408740959,0.2591366949880141,0.261869667384493,0.3747150125125895,0.2597732890006228,0.2480667092958263,0.3025258204029373,0.2725094172149059,0.1830923247626534,0.4110202044743513,0.0,0.0,0.0,0.357185697561559,0.4465912232119992,0.0,0.4516410521929464,0.3441413052359364,0.0,0.0,0.4492368428741053,0.4033608546726354,0.2582367866987556,0.4300473046748779,0.0,0.3072737245425872,0.2289971461593664,0.4248357983721681,0.3610435833824156,0.3994403748365397,0.0,0.1776480678884928,0.2960782252829927,0.2722389017753908,0.2810335371852323,0.0,0.2659441340694766,0.0,0.0,0.0,0.0,0.0,0.4793472520131877,0.0,0.0,0.4452325413501779,0.0,0.0,0.4458382696039988,0.0,0.0,0.0,0.0,0.0,0.0,0.0,0.0,0.0,0.3311983535475999,0.0,0.0,0.0,0.4488075921487199,0.0,0.0,0.0,0.454645617117928,0.0,0.0,0.0,0.0
0.0,0.0,0.4246624128057749,0.153547802250557,0.2398888350672514,0.3921465038892656,0.2669819523482021,0.4136818814980318,0.3932499684596969,0.2674727882104438,0.3750856588761778,0.3625826759632068,0.2776038846009704,0.1638148460068603,0.0,0.0,0.0,0.0,0.4082518655262486,0.4273944487962359,0.0,0.0,0.3905459172942045,0.0,0.0,0.0,0.4011483534068701,0.266438900151152,0.0,0.0,0.3022185945716009,0.2794208921539985,0.2738467407216958,0.2989792491728578,0.3264783578601232,0.1776480678884928,0.0,0.3079103852300638,0.2617900814195047,0.0,0.2711096697382781,0.2962872243247397,0.0,0.0,0.0,0.0,0.0,0.0,0.0,0.0,0.0,0.0,0.0,0.0,0.0,0.0,0.0,0.0,0.0,0.0,0.0,0.0,0.0,0.0,0.0,0.0,0.0,0.5295622665700791,0.0,0.0,0.0,0.0,0.0,0.0,0.0,0.0
0.395112836799353,0.0,0.0,0.3020976042664451,0.0,0.4254514737484682,0.3300426417181175,0.0,0.4008841126275838,0.2781365579014204,0.4093033498585403,0.2273600676372339,0.338528619861669,0.0,0.0,0.0,0.3013913620440477,0.0,0.4362743190327651,0.0,0.0,0.0,0.44656553291738,0.2501308024349433,0.3089713321520857,0.3081260489478836,0.0,0.3225724894414278,0.0,0.0,0.2972047052033678,0.2583582378144266,0.2061250918228875,0.2141339890900303,0.2748175835429584,0.2960782252829927,0.3079103852300638,0.0,0.229820740453378,0.2301168853646397,0.2570916036475409,0.2647112076322713,0.0,0.0,0.2595183895475028,0.0,0.0,0.0,0.0,0.0,0.0,0.0,0.0,0.0,0.32004171556167,0.0,0.3116124344473105,0.0,0.0,0.0,0.0,0.0,0.0,0.0,0.0,0.0,0.0,0.0,0.2864452148153099,0.0,0.3359988314545417,0.0,0.0,0.0,0.0,0.0
0.3990297102608167,0.4259906913353622,0.0,0.0,0.0,0.4667302005844242,0.0,0.4307221540308181,0.4832355159662558,0.3672617020113128,0.326733223969,0.3066648804207172,0.4552336568473835,0.1922053129387921,0.4406779688008714,0.4202114130058968,0.0,0.4318026751888428,0.0,0.448938672496915,0.4221198190478313,0.4340826858230408,0.4641646238482658,0.3769784063728691,0.4395173017317708,0.4362612243498526,0.4590491868282123,0.4366572173470497,0.4317955561626097,0.0,0.4255522923612609,0.3042093099214669,0.3077810423878401,0.321542573177545,0.3085950137394015,0.2722389017753908,0.2617900814195047,0.229820740453378,0.0,0.3034936480684421,0.3588013228078756,0.3131525428381798,0.2464218440490351,0.2785719516868526,0.2596788047727266,0.3766247403879809,0.3597997946275787,0.4141589883145505,0.2384789844224585,0.304693850104102,0.3652006998359448,0.3376288558030043,0.3856418687460615,0.3935368316619431,0.3476019264030648,0.2889206536714278,0.2448827133180273,0.3529525717450761,0.2265245327384696,0.3815846901926098,0.3853014953242861,0.3834409497833372,0.3816621412982816,0.4015269351513308,0.3825385004354805,0.375208723417502,0.3874288881165935,0.3887215430005244,0.2725747156513832,0.3605590124671055,0.3753822356352446,0.3757255550499176,0.338187495444293,0.3637985863122402,0.3548922261774843,0.3635416835803725
0.3704214855890925,0.4218721952741145,0.0,0.0,0.0,0.0,0.0,0.0,0.0,0.3754662708116816,0.0,0.3718316423460087,0.0,0.0,0.4358270060270257,0.4014471448594187,0.3580998815203611,0.3982341748238924,0.0,0.4219574508074786,0.4143670392106274,0.445352498507488,0.4331186417372529,0.3227301182740029,0.3975072110493311,0.4018769714238282,0.4885596796607349,0.0,0.0,0.0,0.351797440657294,0.2954393364165889,0.2591150773590002,0.291628166501099,0.2731761774547329,0.2810335371852323,0.0,0.2301168853646397,0.3034936480684421,0.0,0.2369308856797624,0.3350562211411442,0.4220297296174627,0.2731295097084331,0.2302344159609824,0.2970510402936975,0.2915808197411805,0.0,0.0,0.0,0.3224758320756667,0.3366704647578706,0.37497411679963,0.3930155650341592,0.2913904283402866,0.0,0.2477073444620914,0.3347931474829113,0.0,0.3468024884186678,0.3242762879283031,0.3157387443773572,0.3029993774341488,0.0,0.3539654723371495,0.3291726835598326,0.3467722929320843,0.3674486975064673,0.242099513311858,0.2840506493271611,0.3144667896709361,0.344148158800155,0.3135415210577031,0.2619598092699446,0.3238983633312555,0.2914400547856119
0.3715397917752524,0.4234689241190147,0.0,0.0,0.0,0.4856548676351728,0.0,0.4595600519019167,0.0,0.4064939432253824,0.0,0.3605874130173073,0.0,0.0,0.4541884150496583,0.4023582161854256,0.0,0.4199441541567327,0.0,0.4648382472328101,0.4469856479023386,0.4436729412676443,0.4878638845044105,0.3764625849811664,0.426815083919931,0.421148563171513,0.4757180287621072,0.0,0.4660021703606355,0.0,0.4038271982544573,0.3398922408653342,0.2966086756523386,0.2737500646132469,0.3069671895954372,0.0,0.2711096697382781,0.2570916036475409,0.3588013228078756,0.2369308856797624,0.0,0.3182932560279357,0.4144651490227566,0.2846427012253866,0.2071307261196462,0.3259980245602182,0.3127493860134519,0.430296598297665,0.3043045617492487,0.3423861796692484,0.3804881562407367,0.3402374696462991,0.4197609005367514,0.4129626848188865,0.3018700619842674,0.4129334058149628,0.2438979760097045,0.348283513790861,0.0,0.3906763109957019,0.3494854429181923,0.345270359072469,0.3465202657845773,0.4291064330876891,0.3823183514888119,0.3732501929217354,0.379616521890802,0.410617607958291,0.2839866401478685,0.3275304265990499,0.340386965353018,0.392522036851753,0.3142677080263721,0.3698662643438618,0.33405657168131,0.2807152468597583
