0.0,0.4123803455869841,0.0,0.0,0.0,0.4216293211286767,0.0,0.4721317492380963,0.0,0.4019406628125201,0.0,0.3848522270379905,0.0,0.0,0.3670483336915249,0.4032639673088138,0.3864505232622783,0.382636648042608,0.0,0.4221851224379698,0.3721092841837535,0.3872983169814766,0.4308368429247527,0.3439990131846319,0.3830046791586849,0.3626996915982577,0.4291010990067251,0.0,0.0,0.0,0.3812389893147849,0.4143991071774821,0.3732223082730001,0.3655706394639385,0.435591730416184,0.0,0.0,0.0,0.426748006138725,0.3846119866889221,0.40903886846014,0.0,0.0,0.0,0.0,0.4429844993675442,0.4570762517214017,0.0,0.0,0.0,0.0,0.0,0.0,0.0,0.4792799298142332,0.0,0.0,0.0,0.0,0.0,0.4408991191048416,0.0,0.4081037364412465,0.0,0.0,0.4070047617823404,0.46746091791364,0.0,0.0,0.4289792692934224,0.4593759931392145,0.0,0.0,0.0,0.0,0.0
0.4123803455869841,0.0,0.0,0.0,0.3634137124112175,0.3738780722750883,0.3923208759859891,0.4586842743313468,0.3649288455116414,0.0,0.0,0.0,0.4107987431873325,0.0,0.3903216617614851,0.3941178366480917,0.0,0.3988283335682573,0.0,0.3984070712775493,0.410308324652142,0.3523747421301303,0.4028159361133091,0.0,0.3765978514500012,0.3806506705506108,0.3917539752330202,0.4062972546644814,0.4066583158750436,0.0,0.3653307671995559,0.388355710564343,0.3790853766688534,0.3761361341566497,0.430851944425698,0.0,0.0,0.0,0.454887761514442,0.4600563491257602,0.4632453315624399,0.4676403673383539,0.0,0.0,0.0,0.4674558389673238,0.4539588126017482,0.0,0.0,0.0,0.0,0.0,0.0,0.0,0.0,0.0,0.0,0.0,0.0,0.4463696619476079,0.454965841869365,0.0,0.4405373992335885,0.0,0.4377187016822402,0.4661905451895711,0.4249213310356785,0.0,0.0,0.4559711145820349,0.4725007181475866,0.0,0.0,0.4300422218107954,0.0,0.4396320022589655
0.0,0.0,0.0,0.0,0.3649236818817095,0.3864486163270535,0.4008427779165039,0.4072209283262579,0.3412241926932527,0.4693685356122673,0.3088794973344262,0.0,0.4133326517977813,0.400592522143692,0.0,0.0,0.0,0.0,0.2668734362267561,0.0,0.0,0.0,0.2627900394821884,0.0,0.0,0.0,0.309567373833691,0.4150124886123173,0.0,0.4297796350612325,0.4293731255834493,0.4006615038062332,0.0,0.4293689542603465,0.408909789229656,0.391108657694254,0.4244905846215882,0.0,0.488593634014576,0.0,0.0,0.0,0.4544629397925604,0.0,0.0,0.0,0.0,0.2618059684069792,0.0,0.4874860021201176,0.5418286770549104,0.0,0.5179300560772342,0.5563371219653903,0.0,0.2224162980054666,0.0,0.0,0.4812050231082316,0.0,0.0,0.0,0.0,0.2697466962048981,0.0,0.0,0.0,0.4517091940130322,0.0,0.0,0.0,0.5201145160765248,0.0,0.0,0.0,0.0
0.0,0.0,0.0,0.0,0.2236903726203302,0.3782679412880181,0.2570555065623412,0.0,0.3891438170875148,0.314975711302313,0.3599431065238156,0.0,0.2564847464448432,0.2134667430548576,0.0,0.0,0.0,0.0,0.4023772057732902,0.0,0.0,0.0,0.3794316157458267,0.0,0.0,0.0,0.3781194230219157,0.1860166578872629,0.0,0.0,0.0,0.2609304249916317,0.0,0.289338506311643,0.2765247409869955,0.1787036844014863,0.1674024656607439,0.0,0.0,0.0,0.0,0.0,0.0,0.0,0.0,0.0,0.0,0.0,0.0,0.0,0.0,0.0,0.0,0.0,0.0,0.0,0.0,0.0,0.0,0.0,0.0,0.0,0.0,0.0,0.0,0.0,0.0,0.0,0.0,0.0,0.0,0.0,0.0,0.0,0.0,0.0
0.0,0.3634137124112175,0.3649236818817095,0.2236903726203302,0.0,0.3539574886441398,0.3142131932914818,0.3077132571752993,0.321019099808566,0.4131446667939535,0.2791106329055212,0.4161125810799206,0.3415962332012254,0.2396849929616243,0.0,0.0,0.0,0.0,0.328830418135439,0.3520350819746083,0.0,0.370897432295014,0.3753319658368792,0.0,0.371258070623119,0.0,0.3660028947491625,0.2909553511169314,0.385812393345873,0.0,0.4022283561382478,0.2924340821099164,0.0,0.3806432074224671,0.2362874991639487,0.2186823572854456,0.2101822383474869,0.0,0.0,0.0,0.0,0.0,0.3370878675703856,0.0,0.0,0.0,0.0,0.4967405631705551,0.0,0.0,0.0,0.0,0.3153668447276497,0.603050029551897,0.0,0.3801675570129138,0.0,0.0,0.0,0.0,0.0,0.0,0.0,0.0,0.0,0.0,0.0,0.4838496107773379,0.0,0.0,0.0,0.489013160405689,0.0,0.0,0.0,0.0
0.4216293211286767,0.3738780722750883,0.3864486163270535,0.3782679412880181,0.3539574886441398,0.0,0.3854683848777031,0.3856908529744997,0.3362556057881096,0.4267651579083465,0.3677931996923884,0.0,0.3779441642382284,0.3543825922781453,0.3868816172861965,0.392618349597733,0.0,0.4065761948485021,0.3895891560375823,0.4024273608745446,0.3977605618051703,0.4043892076985553,0.3924924146899344,0.0,0.3611314289890842,0.4041855347274184,0.3534976669401253,0.3542332278613024,0.2993031695597849,0.3936275267730785,0.3980709629470463,0.371416759936038,0.3600932167971674,0.4039945506712316,0.3945550294740749,0.3882618044385028,0.3947452590102165,0.0,0.4671229502344123,0.0,0.4871810446644897,0.0,0.4741048253672502,0.0,0.0,0.0,0.0,0.5165755923899424,0.0,0.0,0.4933819340709678,0.5261833591980797,0.4588828388725595,0.548635822382268,0.0,0.5248694586295488,0.0,0.5116906000312833,0.0,0.0,0.0,0.0,0.0,0.5462800969425231,0.4516532143952663,0.0,0.0,0.4880639507975338,0.0,0.0,0.0,0.4825277576941925,0.4805802571125183,0.4588224804255664,0.0,0.4931892571881813
0.0,0.3923208759859891,0.4008427779165039,0.2570555065623412,0.3142131932914818,0.3854683848777031,0.0,0.4088547318863259,0.3727577058666916,0.4103833043504801,0.3825676227257612,0.4172902125720653,0.3194756842356125,0.3114324486130945,0.0,0.4355268716859654,0.4589025722131404,0.4394980999283475,0.3985376117514504,0.3946053743707081,0.0,0.4219521974765208,0.402357389578782,0.4197631338452453,0.4155559504685824,0.4218710503692572,0.3941906758939862,0.3158057268591466,0.4093510556693764,0.0,0.4073909010214102,0.362675607948266,0.3657676573669279,0.3862819783375299,0.3137917867622878,0.310044919835771,0.3109510579085329,0.4229279186070281,0.0,0.0,0.0,0.0,0.0,0.0,0.0,0.0,0.0,0.0,0.0,0.0,0.5390515005669011,0.0,0.0,0.0,0.0,0.0,0.0,0.0,0.0,0.0,0.0,0.0,0.0,0.0,0.0,0.0,0.0,0.4869248982213107,0.0,0.0,0.0,0.5027983126425432,0.0,0.0,0.0,0.0
0.4721317492380963,0.4586842743313468,0.4072209283262579,0.0,0.3077132571752993,0.3856908529744997,0.4088547318863259,0.0,0.463507687514081,0.4554005741148413,0.2677186911789478,0.0,0.4181389044766327,0.3268646082814361,0.3804941918823163,0.4594216843576664,0.0,0.4702258065095309,0.3808632239054771,0.3886346669642195,0.3536198848209746,0.4326932024256049,0.3257857761680606,0.4820848900287171,0.4722572826651328,0.4614735391586391,0.4106979059671468,0.4020881442429744,0.3801997636990594,0.3890068233103997,0.4188629585711639,0.3393029203848683,0.4719244545411562,0.4006714413836588,0.4061965564395233,0.2659300042982961,0.0,0.0,0.3758553210975739,0.0,0.4626762336765697,0.0,0.3863303299479276,0.0,0.0,0.0,0.0,0.4373611222923931,0.0,0.4404482324608546,0.4552046156801932,0.4788366209940789,0.3572541760137999,0.4961677418266925,0.0,0.3903321561688302,0.0,0.4801429603236516,0.329135225886964,0.0,0.0,0.0,0.0,0.4629605054709828,0.0,0.0,0.0,0.4221073722254237,0.0,0.0,0.0,0.4476710009152304,0.4598604533558451,0.4420905054136086,0.0,0.4687922738701188
0.0,0.3649288455116414,0.3412241926932527,0.3891438170875148,0.321019099808566,0.3362556057881096,0.3727577058666916,0.463507687514081,0.0,0.4386035452676495,0.3228507628668221,0.4446813244645695,0.37301043042911,0.4406606207785148,0.0,0.3955373458275155,0.0,0.0,0.2966074973096723,0.3723336631096956,0.0,0.392869189231429,0.376372137391393,0.0,0.0,0.0,0.3336226844705534,0.4151052148707449,0.4072095434717382,0.4465632288123752,0.4278983044119784,0.4011858931391898,0.4010878557763049,0.4288520752838503,0.4200218222045407,0.4011961410784831,0.4131091673016293,0.4263906536776324,0.4826773301302043,0.0,0.0,0.0,0.4573665343138652,0.0,0.0,0.0,0.0,0.5473276873694413,0.0,0.0,0.5328185649664662,0.0,0.5340072696301096,0.5733105882908696,0.0,0.5040271857962559,0.0,0.0,0.4792525770489934,0.0,0.0,0.0,0.0,0.5474984440174188,0.0,0.0,0.0,0.534717461627624,0.0,0.0,0.0,0.5243971834729138,0.0,0.0,0.0,0.0
0.4019406628125201,0.0,0.4693685356122673,0.314975711302313,0.4131446667939535,0.4267651579083465,0.4103833043504801,0.4554005741148413,0.4386035452676495,0.0,0.432911976741314,0.2639228965710321,0.4292037525435059,0.4200870929821444,0.0,0.4197510681117508,0.3173756524672677,0.3441264290603816,0.4490428643004182,0.0,0.0,0.3439879898974246,0.443910599138297,0.3024955543911479,0.3165072043691543,0.3332039595157528,0.4368506982354453,0.4080687760812641,0.0,0.0,0.3059943712689149,0.3660857993457421,0.3000642510597906,0.3094627875772254,0.3418236102179323,0.333504049891802,0.291366400433574,0.3019226012264942,0.4225993153028294,0.3401575863566907,0.3711145171288373,0.0,0.0,0.0,0.3112662082360593,0.0,0.0,0.0,0.0,0.0,0.0,0.0,0.0,0.0,0.4226248547900971,0.0,0.4395047293283712,0.0,0.0,0.0,0.0,0.4146556997099413,0.3982788634641986,0.0,0.0,0.0,0.0,0.0,0.4223697310952925,0.4171253887132096,0.4411147091920282,0.0,0.420283509643493,0.0,0.0,0.4223629235620502
0.0,0.0,0.3088794973344262,0.3599431065238156,0.2791106329055212,0.3677931996923884,0.3825676227257612,0.2677186911789478,0.3228507628668221,0.432911976741314,0.0,0.4565114997268261,0.4049886034216492,0.2871846624959615,0.0,0.0,0.0,0.0,0.2448504729669851,0.0,0.0,0.0,0.2968902405320068,0.0,0.0,0.0,0.3773370972188435,0.393992719469184,0.0,0.0,0.4243813572953757,0.2780819676691661,0.0,0.4205500864524334,0.3910850310468291,0.2700566803106337,0.3978507193598222,0.0,0.3962682876575407,0.0,0.0,0.0,0.3886001012869433,0.0,0.0,0.0,0.0,0.3919267568741728,0.0,0.3887512588440899,0.4920156437808128,0.4540084286428655,0.395115926840421,0.5101620331411277,0.0,0.1738811651311784,0.0,0.4942812663099183,0.4110855463953784,0.0,0.0,0.0,0.0,0.1946014937311776,0.0,0.0,0.0,0.4953143819535486,0.0,0.0,0.0,0.4964965255645609,0.0,0.0,0.0,0.0
0.3848522270379905,0.0,0.0,0.0,0.4161125810799206,0.0,0.4172902125720653,0.0,0.4446813244645695,0.2639228965710321,0.4565114997268261,0.0,0.4170058322792122,0.0,0.0,0.0,0.3482243960946794,0.3609362341805226,0.0,0.0,0.0,0.0,0.0,0.2800370385231577,0.3347103205003524,0.2975860280984178,0.0,0.3970133803782256,0.0,0.0,0.3182995973420693,0.2758103893713735,0.2707163468979758,0.2927025515134507,0.33436138647318,0.3135527960968078,0.3018620765192835,0.258890833371462,0.2465591634258373,0.3490699146664222,0.3412669866215604,0.0,0.0,0.0,0.3330554253239909,0.0,0.0,0.0,0.0,0.0,0.0,0.0,0.0,0.0,0.4285937820079017,0.0,0.4403424396899915,0.0,0.0,0.0,0.0,0.4202414267580096,0.4029545318063846,0.0,0.0,0.0,0.0,0.0,0.4209155081061003,0.4168571764774836,0.4384912147272591,0.0,0.0,0.0,0.0,0.4228430528746445
0.0,0.4107987431873325,0.4133326517977813,0.2564847464448432,0.3415962332012254,0.3779441642382284,0.3194756842356125,0.4181389044766327,0.37301043042911,0.4292037525435059,0.4049886034216492,0.4170058322792122,0.0,0.3087226362012323,0.0,0.4535456043700371,0.4415758407158079,0.444857198597873,0.4124243003589342,0.4160213572750227,0.4266452784882559,0.4459813287173305,0.4095501014370313,0.4316048345674012,0.4328898429292818,0.4284282116940024,0.3997632107440073,0.3179362842225217,0.4041813061757692,0.3771044049711147,0.4109238699084497,0.3756242703745822,0.3765781318630756,0.4080690851224772,0.3687366279079477,0.3197563672692404,0.3464292458281376,0.4073960116876225,0.4793883373335514,0.0,0.0,0.0,0.0,0.0,0.0,0.0,0.0,0.549678507117372,0.0,0.0,0.5117654086084777,0.0,0.4778763046651445,0.0,0.0,0.0,0.0,0.0,0.0,0.0,0.0,0.0,0.0,0.0,0.0,0.0,0.0,0.4899637936237646,0.0,0.0,0.0,0.4905993077362962,0.0,0.5008613852098937,0.0,0.0
0.0,0.0,0.400592522143692,0.2134667430548576,0.2396849929616243,0.3543825922781453,0.3114324486130945,0.3268646082814361,0.4406606207785148,0.4200870929821444,0.2871846624959615,0.0,0.3087226362012323,0.0,0.0,0.0,0.0,0.0,0.3906307590315473,0.0,0.3987408733781193,0.0,0.3267376889011193,0.0,0.0,0.0,0.4243544964821273,0.2138076117686615,0.0,0.0,0.0,0.2158858015189097,0.0,0.0,0.0,0.1883556542700425,0.1636406361221586,0.0,0.0,0.0,0.0,0.0,0.2614870902182107,0.0,0.0,0.0,0.0,0.0,0.0,0.0,0.0,0.0,0.0,0.0,0.0,0.0,0.0,0.0,0.0,0.0,0.0,0.0,0.0,0.0,0.0,0.0,0.0,0.0,0.0,0.0,0.0,0.0,0.0,0.0,0.0,0.0
0.3670483336915249,0.3903216617614851,0.0,0.0,0.0,0.3868816172861965,0.0,0.3804941918823163,0.0,0.0,0.0,0.0,0.0,0.0,0.0,0.3998763570746976,0.0,0.3984185307736406,0.0,0.2886046632499501,0.3407621047333958,0.3143740862647685,0.3195245840914963,0.4416910268919471,0.3721581527658965,0.3627935068364316,0.3444780058327986,0.3870632376353428,0.3461438391262526,0.0,0.3787518381688133,0.391208717999969,0.3738492156401923,0.4037804400890716,0.4546979924004303,0.4107295291073111,0.0,0.0,0.4417187135334654,0.4278939142615673,0.4725790574588143,0.4974077058030949,0.0,0.0,0.0,0.0,0.472921584687356,0.0,0.0,0.0,0.0,0.0,0.4101483160543656,0.0,0.0,0.0,0.0,0.0,0.0,0.3930315743167413,0.4876117501719001,0.0,0.0,0.0,0.3563086401786605,0.4366176635814517,0.4724697267553061,0.4174973061425875,0.0,0.0,0.4940141367659232,0.4235407649704219,0.4644405184927794,0.4376030875220024,0.0,0.4703210213043686
0.4032639673088138,0.3941178366480917,0.0,0.0,0.0,0.392618349597733,0.4355268716859654,0.4594216843576664,0.3955373458275155,0.4197510681117508,0.0,0.0,0.4535456043700371,0.0,0.3998763570746976,0.0,0.3747154115854696,0.3381606391184157,0.0,0.400270422921376,0.4365856672468531,0.3738151865649405,0.4211532347808255,0.3676762489355019,0.3907631233385086,0.4037202727369928,0.4117378962239142,0.4346711315968601,0.4196117325063864,0.4273994652915951,0.3648602742974591,0.416251042128559,0.39394224441561,0.3859148614869382,0.4721412538869136,0.0,0.0,0.0,0.4382962881961163,0.4050111385384822,0.4332916518330711,0.4394939360360699,0.0,0.0,0.0,0.4800584811998007,0.4419585482441696,0.0,0.0,0.0,0.0,0.0,0.0,0.0,0.0,0.0,0.0,0.0,0.0,0.4706918701266296,0.4349966995312045,0.0,0.3965464830068393,0.0,0.0,0.4829717778325939,0.4328596311563155,0.0,0.0,0.4335580130316787,0.4633475435936176,0.0,0.0,0.0,0.0,0.4122382839128259
0.3864505232622783,0.0,0.0,0.0,0.0,0.0,0.4589025722131404,0.0,0.0,0.3173756524672677,0.0,0.3482243960946794,0.4415758407158079,0.0,0.0,0.3747154115854696,0.0,0.3051613768546549,0.0,0.0,0.0,0.3651329433680658,0.0,0.3669210776392472,0.3526995873931294,0.3669497598654992,0.0,0.4265320392208794,0.0,0.0,0.3522053206001811,0.4137690280541778,0.3468170187701725,0.3535184036782003,0.4180570272937403,0.0,0.0,0.3339879113321412,0.0,0.3629085450015404,0.0,0.0,0.0,0.0,0.0,0.0,0.0,0.0,0.0,0.0,0.0,0.0,0.0,0.0,0.4332715845996829,0.0,0.4509668634256448,0.0,0.0,0.0,0.0,0.4410006342908812,0.4056789213405404,0.0,0.0,0.0,0.0,0.0,0.4755378349958206,0.4133100844208395,0.4438655260825117,0.0,0.0,0.0,0.0,0.0
0.382636648042608,0.3988283335682573,0.0,0.0,0.0,0.4065761948485021,0.4394980999283475,0.4702258065095309,0.0,0.3441264290603816,0.0,0.3609362341805226,0.444857198597873,0.0,0.3984185307736406,0.3381606391184157,0.3051613768546549,0.0,0.0,0.418319964237857,0.4397461557405481,0.3960918899189702,0.433839916784153,0.3638406335032914,0.3610028615270431,0.3806945277021829,0.4223497512039719,0.4256546003290584,0.4332800753170952,0.0,0.3753650242423483,0.4189599419308951,0.3692803919028243,0.3842357555649863,0.4283291694369799,0.0,0.0,0.0,0.3727572933113638,0.3792850893637874,0.3983402503711295,0.4255688305567218,0.0,0.0,0.0,0.4494149569257387,0.4226859764646919,0.0,0.0,0.0,0.0,0.0,0.0,0.0,0.4083504198046135,0.0,0.4260067786290084,0.0,0.0,0.0,0.4176114151881933,0.4122601699623875,0.4125523865459318,0.0,0.0,0.0,0.4034474862025134,0.0,0.4391764960445503,0.4217633633862432,0.434270671371914,0.0,0.0,0.0,0.0,0.3940245170370272
0.0,0.0,0.2668734362267561,0.4023772057732902,0.328830418135439,0.3895891560375823,0.3985376117514504,0.3808632239054771,0.2966074973096723,0.4490428643004182,0.2448504729669851,0.0,0.4124243003589342,0.3906307590315473,0.0,0.0,0.0,0.0,0.0,0.0,0.0,0.0,0.2298761477045332,0.0,0.0,0.0,0.3606448067424735,0.3987986656892493,0.0,0.0,0.4340240147737048,0.389544055907749,0.0,0.4302751253132902,0.3978118403665044,0.369802912055816,0.4137882869696163,0.0,0.4602034549310733,0.0,0.0,0.0,0.4346668846756749,0.0,0.0,0.0,0.0,0.5053047138128326,0.0,0.0,0.5247440514326156,0.0,0.5027811462374335,0.5423330207460335,0.0,0.4400328426483865,0.0,0.0,0.4570191477262098,0.0,0.0,0.0,0.0,0.5196426778610368,0.0,0.0,0.0,0.5261395074379633,0.0,0.0,0.0,0.5299058112377825,0.0,0.0,0.0,0.0
0.4221851224379698,0.3984070712775493,0.0,0.0,0.3520350819746083,0.4024273608745446,0.3946053743707081,0.3886346669642195,0.3723336631096956,0.0,0.0,0.0,0.4160213572750227,0.0,0.2886046632499501,0.400270422921376,0.0,0.418319964237857,0.0,0.0,0.3712462062462319,0.3394111635255256,0.2436828450054412,0.0,0.3878597297427067,0.4030548291189038,0.3042280020956234,0.3405602548127012,0.2984042796206614,0.2957191943984535,0.3545630959256958,0.3995192621408701,0.3769003902925376,0.4092222437272563,0.4657169520623026,0.4669178980244599,0.401919594519527,0.0,0.4318677280862327,0.0,0.4651700382621371,0.4955505505481429,0.0,0.0,0.0,0.0,0.4461155641862643,0.0,0.0,0.0,0.4627079873250403,0.0,0.0,0.0,0.0,0.0,0.0,0.0,0.0,0.4466503461923272,0.0,0.0,0.0,0.0,0.4417429134193247,0.4406060921469959,0.4562956911064224,0.4566919887459018,0.0,0.0,0.4611517448765422,0.4428926463317331,0.4723457033090811,0.4495284385023617,0.0,0.4524175297049276
0.3721092841837535,0.410308324652142,0.0,0.0,0.0,0.3977605618051703,0.0,0.3536198848209746,0.0,0.0,0.0,0.0,0.4266452784882559,0.3987408733781193,0.3407621047333958,0.4365856672468531,0.0,0.4397461557405481,0.0,0.3712462062462319,0.0,0.4013618687302584,0.3614192703157539,0.455730875324411,0.423337880795012,0.3902347960840629,0.3826361013085067,0.4093841984360378,0.3900317018630899,0.4062575440337877,0.3907531647013463,0.3974300979400683,0.4070000307240511,0.4122267202732686,0.4604166105818442,0.3949364263154049,0.0,0.0,0.4588865787681668,0.4810112275026204,0.4949538556075044,0.553185694645142,0.0,0.0,0.0,0.4664471333907105,0.47904066334652,0.0,0.0,0.0,0.4697139510995216,0.0,0.4466897917930389,0.0,0.0,0.0,0.0,0.0,0.0,0.4442834790368906,0.4849157341049674,0.0,0.0,0.0,0.455712741656674,0.433474576753846,0.4788085486689891,0.460466960315022,0.0,0.0,0.495840144225299,0.4668485783372321,0.4810342978294423,0.4586660622884367,0.0,0.0
0.3872983169814766,0.3523747421301303,0.0,0.0,0.370897432295014,0.4043892076985553,0.4219521974765208,0.4326932024256049,0.392869189231429,0.3439879898974246,0.0,0.0,0.4459813287173305,0.0,0.3143740862647685,0.3738151865649405,0.3651329433680658,0.3960918899189702,0.0,0.3394111635255256,0.4013618687302584,0.0,0.398814319160184,0.0,0.3922299514304062,0.3810505516736971,0.4010853287685758,0.4078942958317753,0.3799541670320777,0.3726716431770298,0.3693303150150769,0.403518615114124,0.3828955262332515,0.4000312787243288,0.4668991759985654,0.4761489608630148,0.4435823106512194,0.0,0.4618878376240178,0.4721704215382337,0.4748515929648202,0.4939410363016993,0.0,0.0,0.0,0.4637155553267096,0.4579192471416456,0.0,0.0,0.0,0.0,0.0,0.0,0.0,0.0,0.0,0.0,0.0,0.0,0.4694346748262915,0.4525858067809605,0.0,0.0,0.0,0.4514753036045936,0.4635462936391488,0.4762006476239962,0.4478246239563814,0.0,0.4465981717867059,0.4859419781157013,0.4541343031744133,0.0,0.4410022587464405,0.0,0.461754579823793
0.4308368429247527,0.4028159361133091,0.2627900394821884,0.3794316157458267,0.3753319658368792,0.3924924146899344,0.402357389578782,0.3257857761680606,0.376372137391393,0.443910599138297,0.2968902405320068,0.0,0.4095501014370313,0.3267376889011193,0.3195245840914963,0.4211532347808255,0.0,0.433839916784153,0.2298761477045332,0.2436828450054412,0.3614192703157539,0.398814319160184,0.0,0.467756861106574,0.4224968924070179,0.4185210958487689,0.3064318897506871,0.4007375687713659,0.3724626390702565,0.3914515466383552,0.4034558296354802,0.3701229233007927,0.3477577814843021,0.4109236452539109,0.414872231482958,0.3674134700566284,0.4127664428790952,0.0,0.4663554819139873,0.4167572378984337,0.4891171867175207,0.4885352774679422,0.4542059887496381,0.0,0.0,0.0,0.4756366744330464,0.465336919370015,0.0,0.512114295560825,0.4965007021918833,0.5160862817793317,0.4511553898401228,0.5414598840147634,0.0,0.4303053860410802,0.0,0.5082400768306857,0.4223208846435168,0.4472028720946962,0.0,0.0,0.0,0.4738214755328249,0.4569107872551803,0.4589704564708612,0.463339088471659,0.4815684818542449,0.0,0.0,0.4736951833895914,0.4854862195813727,0.481390548589149,0.4626630577820336,0.4759270320434997,0.4909379554911697
0.3439990131846319,0.0,0.0,0.0,0.0,0.0,0.4197631338452453,0.4820848900287171,0.0,0.3024955543911479,0.0,0.2800370385231577,0.4316048345674012,0.0,0.4416910268919471,0.3676762489355019,0.3669210776392472,0.3638406335032914,0.0,0.0,0.455730875324411,0.0,0.467756861106574,0.0,0.3730592033785329,0.3242101646398629,0.0,0.4196515050994507,0.0,0.0,0.3531904791170074,0.3495097124287062,0.2425584050248476,0.3053263900489363,0.4273916513367783,0.4042767721846468,0.0,0.2665557847506145,0.2758580871013101,0.3764611211023538,0.3747309580204709,0.0,0.0,0.0,0.3604504702112596,0.4414678818833285,0.0,0.0,0.0,0.0,0.0,0.0,0.0,0.0,0.4192138028877946,0.0,0.4336845725831349,0.0,0.0,0.0,0.4522198978739454,0.3983153838538243,0.4338598991318791,0.0,0.0,0.0,0.0,0.0,0.3910960562308941,0.4221618912274293,0.4568366802757097,0.0,0.0,0.0,0.0,0.430851907310317
0.3830046791586849,0.3765978514500012,0.0,0.0,0.371258070623119,0.3611314289890842,0.4155559504685824,0.4722572826651328,0.0,0.3165072043691543,0.0,0.3347103205003524,0.4328898429292818,0.0,0.3721581527658965,0.3907631233385086,0.3526995873931294,0.3610028615270431,0.0,0.3878597297427067,0.423337880795012,0.3922299514304062,0.4224968924070179,0.3730592033785329,0.0,0.3745520802087613,0.3870071136843319,0.4187067788881702,0.4236928577391199,0.0,0.3774306402501892,0.3986387147248775,0.3417661262875751,0.3613578809068585,0.4190779841802913,0.0,0.0,0.3246605575234054,0.4386285029510294,0.4217238681900383,0.4383304793571494,0.4513470636588332,0.0,0.0,0.0,0.4578568981637682,0.4405941942770488,0.0,0.0,0.0,0.0,0.0,0.0,0.0,0.4206167540616761,0.0,0.4432040653483942,0.0,0.0,0.0,0.4366826820123718,0.4320482533998427,0.4335125548688013,0.0,0.0,0.0,0.405926681287075,0.0,0.4709543759215449,0.4380423306117411,0.4486982547064995,0.0,0.0,0.0,0.0,0.4244731674413027
0.3626996915982577,0.3806506705506108,0.0,0.0,0.0,0.4041855347274184,0.4218710503692572,0.4614735391586391,0.0,0.3332039595157528,0.0,0.2975860280984178,0.4284282116940024,0.0,0.3627935068364316,0.4037202727369928,0.3669497598654992,0.3806945277021829,0.0,0.4030548291189038,0.3902347960840629,0.3810505516736971,0.4185210958487689,0.3242101646398629,0.3745520802087613,0.0,0.4065011646845774,0.4119705709665733,0.3974467253879905,0.0,0.3807648672901972,0.405366236247698,0.3687345326543644,0.3767720615974159,0.4374469465813214,0.3819829702755598,0.0,0.3220184272152355,0.4524512202528072,0.423974384643362,0.4635720968092771,0.4740428004312606,0.0,0.0,0.3058701915444092,0.4568901177592246,0.4688456699302301,0.0,0.0,0.0,0.0,0.0,0.0,0.0,0.4406631508437489,0.0,0.4514740902260802,0.0,0.0,0.4895530635211127,0.4520383965207688,0.4441609585024342,0.4341653893294238,0.0,0.4670164621029869,0.4826874737862223,0.4856826420343661,0.4699830624184447,0.4742666636424638,0.4447756185967478,0.4677378620723029,0.4793411986008244,0.0,0.4839129572287249,0.0,0.4657230281405927
0.4291010990067251,0.3917539752330202,0.309567373833691,0.3781194230219157,0.3660028947491625,0.3534976669401253,0.3941906758939862,0.4106979059671468,0.3336226844705534,0.4368506982354453,0.3773370972188435,0.0,0.3997632107440073,0.4243544964821273,0.3444780058327986,0.4117378962239142,0.0,0.4223497512039719,0.3606448067424735,0.3042280020956234,0.3826361013085067,0.4010853287685758,0.3064318897506871,0.0,0.3870071136843319,0.4065011646845774,0.0,0.3913186907437412,0.3658697988278899,0.3744287535735697,0.3769191706986062,0.3682381226642497,0.3417795241801312,0.3974966073180457,0.4084703487686731,0.4016971192516839,0.3889456049944596,0.0,0.4615185635432458,0.0,0.4804839867173316,0.4831392690803044,0.4708320062690139,0.0,0.0,0.0,0.0,0.5215813800607376,0.0,0.0,0.4954468527823931,0.5277533169534049,0.4705139737235952,0.556233103549176,0.0,0.5060657766092737,0.0,0.5064007187434211,0.5130635494580482,0.4455857787649125,0.0,0.0,0.0,0.5496582132243389,0.4537207587140318,0.4626961168552188,0.4665723461812257,0.4832463408274633,0.0,0.0,0.4891424510589917,0.4774914411281933,0.479435433102209,0.4624493438571074,0.4744037211035957,0.4889463921343718
0.0,0.4062972546644814,0.4150124886123173,0.1860166578872629,0.2909553511169314,0.3542332278613024,0.3158057268591466,0.4020881442429744,0.4151052148707449,0.4080687760812641,0.393992719469184,0.3970133803782256,0.3179362842225217,0.2138076117686615,0.3870632376353428,0.4346711315968601,0.4265320392208794,0.4256546003290584,0.3987986656892493,0.3405602548127012,0.4093841984360378,0.4078942958317753,0.4007375687713659,0.4196515050994507,0.4187067788881702,0.4119705709665733,0.3913186907437412,0.0,0.3224497269248634,0.3357116090549529,0.380870322438232,0.3701400177966139,0.3481392887435608,0.3730152628402813,0.3195691599497258,0.2319222761592946,0.2314794717583318,0.3640126693285263,0.4514049497201137,0.0,0.4871077159844709,0.3410230164982825,0.0,0.0,0.0,0.0,0.0,0.0,0.0,0.0,0.4793302152619659,0.0,0.4507849189715444,0.0,0.0,0.0,0.0,0.0,0.0,0.0,0.0,0.0,0.0,0.0,0.4560507497199825,0.4473520095130334,0.0,0.4711447104311086,0.0,0.0,0.0,0.4676465003574439,0.482443730399351,0.46090248818804,0.0,0.4985502624443566
0.0,0.4066583158750436,0.0,0.0,0.385812393345873,0.2993031695597849,0.4093510556693764,0.3801997636990594,0.4072095434717382,0.0,0.0,0.0,0.4041813061757692,0.0,0.3461438391262526,0.4196117325063864,0.0,0.4332800753170952,0.0,0.2984042796206614,0.3900317018630899,0.3799541670320777,0.3724626390702565,0.0,0.4236928577391199,0.3974467253879905,0.3658697988278899,0.3224497269248634,0.0,0.327500235028912,0.3406799355922935,0.3595712411924558,0.3317626283062811,0.3841709039280828,0.4075845767065277,0.4179843863973883,0.4030672674041194,0.0,0.4360202982247242,0.0,0.4663802078916837,0.0,0.0,0.0,0.0,0.0,0.0,0.0,0.0,0.0,0.4556819273178822,0.0,0.4429539246964237,0.0,0.0,0.0,0.0,0.4997622605663009,0.0,0.4262318583469116,0.0,0.0,0.0,0.0,0.4377217237645631,0.4376799528722424,0.4345045451254678,0.4550083649496726,0.0,0.0,0.0,0.4497060352310487,0.4604631211907098,0.4410146750046579,0.0,0.4618629383418329
0.0,0.0,0.4297796350612325,0.0,0.0,0.3936275267730785,0.0,0.3890068233103997,0.4465632288123752,0.0,0.0,0.0,0.3771044049711147,0.0,0.0,0.4273994652915951,0.0,0.0,0.0,0.2957191943984535,0.4062575440337877,0.3726716431770298,0.3914515466383552,0.0,0.0,0.0,0.3744287535735697,0.3357116090549529,0.327500235028912,0.0,0.3160699732251939,0.3622822039365956,0.0,0.3613393424149245,0.4237880824999972,0.0,0.0,0.0,0.0,0.0,0.0,0.0,0.0,0.0,0.0,0.0,0.0,0.0,0.0,0.0,0.0,0.0,0.0,0.0,0.0,0.0,0.0,0.0,0.0,0.0,0.0,0.0,0.0,0.0,0.4501420043178388,0.0,0.0,0.4663710377563464,0.0,0.0,0.0,0.4672647875089658,0.0,0.0,0.0,0.0
0.3812389893147849,0.3653307671995559,0.4293731255834493,0.0,0.4022283561382478,0.3980709629470463,0.4073909010214102,0.4188629585711639,0.4278983044119784,0.3059943712689149,0.4243813572953757,0.3182995973420693,0.4109238699084497,0.0,0.3787518381688133,0.3648602742974591,0.3522053206001811,0.3753650242423483,0.4340240147737048,0.3545630959256958,0.3907531647013463,0.3693303150150769,0.4034558296354802,0.3531904791170074,0.3774306402501892,0.3807648672901972,0.3769191706986062,0.380870322438232,0.3406799355922935,0.3160699732251939,0.0,0.3735517612377078,0.3348609145868626,0.3042818268091093,0.4455026481299875,0.437363607627624,0.38244226125419,0.3268306313147734,0.424040748086486,0.3827860347817633,0.4187220330769224,0.0,0.0,0.0,0.0,0.4421071231726563,0.4365791717328178,0.0,0.0,0.0,0.501728514614341,0.0,0.0,0.0,0.4211543762938055,0.0,0.4314879895908021,0.0,0.0,0.4298818118201993,0.437394907986639,0.0,0.4238817371060879,0.0,0.4265678053836768,0.4254750609571586,0.4581011460804201,0.473326171823115,0.3614128578882424,0.4303382187248529,0.4495738887600222,0.4723445332904556,0.506819787544463,0.4572276345163043,0.0,0.0
0.4143991071774821,0.388355710564343,0.4006615038062332,0.2609304249916317,0.2924340821099164,0.371416759936038,0.362675607948266,0.3393029203848683,0.4011858931391898,0.3660857993457421,0.2780819676691661,0.2758103893713735,0.3756242703745822,0.2158858015189097,0.391208717999969,0.416251042128559,0.4137690280541778,0.4189599419308951,0.389544055907749,0.3995192621408701,0.3974300979400683,0.403518615114124,0.3701229233007927,0.3495097124287062,0.3986387147248775,0.405366236247698,0.3682381226642497,0.3701400177966139,0.3595712411924558,0.3622822039365956,0.3735517612377078,0.0,0.3226988953642992,0.3608183683545454,0.3722634300314131,0.2392581331514532,0.2970598179670245,0.273649373146636,0.2947790491351922,0.3028716365450464,0.3265034628939348,0.3190341362914509,0.302445451413902,0.2849300821386114,0.2851563101173869,0.466179529278184,0.4559125968160582,0.4935259211513916,0.0,0.0,0.4625544802804118,0.0,0.2573157199969331,0.4965053687038754,0.3066330002003571,0.3716985350603712,0.2488318525971898,0.4726058269637997,0.0,0.4524427998468945,0.4477005290230247,0.0,0.4201956727005912,0.4784795941770807,0.4384224036777595,0.4474167252342265,0.4574900391372693,0.4470068515866783,0.0,0.4299644841938763,0.4663459562031926,0.4488148546181693,0.4562070667128564,0.4293059705640319,0.0,0.4390911911214858
0.3732223082730001,0.3790853766688534,0.0,0.0,0.0,0.3600932167971674,0.3657676573669279,0.4719244545411562,0.4010878557763049,0.3000642510597906,0.0,0.2707163468979758,0.3765781318630756,0.0,0.3738492156401923,0.39394224441561,0.3468170187701725,0.3692803919028243,0.0,0.3769003902925376,0.4070000307240511,0.3828955262332515,0.3477577814843021,0.2425584050248476,0.3417661262875751,0.3687345326543644,0.3417795241801312,0.3481392887435608,0.3317626283062811,0.0,0.3348609145868626,0.3226988953642992,0.0,0.2899643465815907,0.446861837191063,0.3294332145772256,0.2777415128138266,0.2132022750012334,0.2998738385837646,0.2777198663618653,0.2802653826094465,0.3274449972029368,0.0,0.0,0.2550122285590206,0.4580966937620103,0.4473424557386415,0.0,0.0,0.0,0.0,0.0,0.0,0.0,0.3691430159795921,0.0,0.3849601405766991,0.0,0.0,0.4690413282180271,0.4242454845532759,0.3465850051634689,0.4043390776321858,0.0,0.4531653032253999,0.0,0.473750196617528,0.42982322743079,0.302879235915631,0.4076586210531839,0.4310739613205657,0.3765103650032973,0.0,0.0,0.0,0.3936015391827911
0.3655706394639385,0.3761361341566497,0.4293689542603465,0.289338506311643,0.3806432074224671,0.4039945506712316,0.3862819783375299,0.4006714413836588,0.4288520752838503,0.3094627875772254,0.4205500864524334,0.2927025515134507,0.4080690851224772,0.0,0.4037804400890716,0.3859148614869382,0.3535184036782003,0.3842357555649863,0.4302751253132902,0.4092222437272563,0.4122267202732686,0.4000312787243288,0.4109236452539109,0.3053263900489363,0.3613578809068585,0.3767720615974159,0.3974966073180457,0.3730152628402813,0.3841709039280828,0.3613393424149245,0.3042818268091093,0.3608183683545454,0.2899643465815907,0.0,0.3131887087646073,0.326606142147869,0.2741683734928162,0.2395733906899219,0.3287820450526412,0.3374971164690764,0.356293089316233,0.2954267241537006,0.3534068080288255,0.0,0.2764046836618098,0.4435201851683985,0.4390002230093256,0.0,0.0,0.0,0.4924405024539229,0.0,0.460746502924717,0.0,0.3907688228733398,0.0,0.3796627884512746,0.0,0.0,0.466264902067651,0.4249053712754655,0.0,0.4186865649589583,0.0,0.43293572721299,0.4629947285118668,0.4786930204498731,0.4779892992055802,0.3506868300527657,0.4202718275705923,0.4545020200781526,0.4654453409604789,0.0,0.4610993522525687,0.0,0.4887005496641366
0.435591730416184,0.430851944425698,0.408909789229656,0.2765247409869955,0.2362874991639487,0.3945550294740749,0.3137917867622878,0.4061965564395233,0.4200218222045407,0.3418236102179323,0.3910850310468291,0.33436138647318,0.3687366279079477,0.0,0.4546979924004303,0.4721412538869136,0.4180570272937403,0.4283291694369799,0.3978118403665044,0.4657169520623026,0.4604166105818442,0.4668991759985654,0.414872231482958,0.4273916513367783,0.4190779841802913,0.4374469465813214,0.4084703487686731,0.3195691599497258,0.4075845767065277,0.4237880824999972,0.4455026481299875,0.3722634300314131,0.446861837191063,0.3131887087646073,0.0,0.3825724560368748,0.3816663824001697,0.3305182093912047,0.3231382603579076,0.3565897739223757,0.3671834537935902,0.3828657660531251,0.3528939990121643,0.3417625045288306,0.329556729853943,0.0,0.4767873018317864,0.0,0.0,0.0,0.0,0.0,0.0,0.0,0.0,0.0,0.3148172704544847,0.0,0.0,0.4975523579248926,0.4610457218940601,0.0,0.4595018575973183,0.0,0.4789201473251386,0.5008815910358978,0.5076867555150023,0.4671965559229957,0.0,0.4569443366946676,0.4872653685162589,0.461812562712881,0.0,0.4866587339043167,0.0,0.0
0.0,0.0,0.391108657694254,0.1787036844014863,0.2186823572854456,0.3882618044385028,0.310044919835771,0.2659300042982961,0.4011961410784831,0.333504049891802,0.2700566803106337,0.3135527960968078,0.3197563672692404,0.1883556542700425,0.4107295291073111,0.0,0.0,0.0,0.369802912055816,0.4669178980244599,0.3949364263154049,0.4761489608630148,0.3674134700566284,0.4042767721846468,0.0,0.3819829702755598,0.4016971192516839,0.2319222761592946,0.4179843863973883,0.0,0.437363607627624,0.2392581331514532,0.3294332145772256,0.326606142147869,0.3825724560368748,0.0,0.2057782018783845,0.3083434495740565,0.2781186888618412,0.0,0.2885260301208672,0.3274905763506177,0.2610252872632688,0.3033237470127876,0.0,0.0,0.0,0.4196699632294575,0.0,0.0,0.4294481943775096,0.0,0.2543424576599031,0.5054557529905703,0.0,0.3648009911245097,0.2899398461045058,0.4426958653577081,0.2744361728441004,0.0,0.0,0.0,0.0,0.4145886296410209,0.0,0.0,0.0,0.4482762360145378,0.0,0.0,0.0,0.441187470326021,0.4449286034432739,0.4544666228286974,0.0,0.0
0.0,0.0,0.4244905846215882,0.1674024656607439,0.2101822383474869,0.3947452590102165,0.3109510579085329,0.0,0.4131091673016293,0.291366400433574,0.3978507193598222,0.3018620765192835,0.3464292458281376,0.1636406361221586,0.0,0.0,0.0,0.0,0.4137882869696163,0.401919594519527,0.0,0.4435823106512194,0.4127664428790952,0.0,0.0,0.0,0.3889456049944596,0.2314794717583318,0.4030672674041194,0.0,0.38244226125419,0.2970598179670245,0.2777415128138266,0.2741683734928162,0.3816663824001697,0.2057782018783845,0.0,0.2961396897792001,0.2504218896528324,0.0,0.2888583181497378,0.315064651225835,0.0,0.0,0.0,0.0,0.0,0.0,0.0,0.0,0.0,0.0,0.0,0.0,0.0,0.0,0.0,0.0,0.0,0.0,0.0,0.0,0.0,0.0,0.0,0.0,0.0,0.0,0.0,0.0,0.0,0.0,0.0,0.0,0.0,0.0
0.0,0.0,0.0,0.0,0.0,0.0,0.4229279186070281,0.0,0.4263906536776324,0.3019226012264942,0.0,0.258890833371462,0.4073960116876225,0.0,0.0,0.0,0.3339879113321412,0.0,0.0,0.0,0.0,0.0,0.0,0.2665557847506145,0.3246605575234054,0.3220184272152355,0.0,0.3640126693285263,0.0,0.0,0.3268306313147734,0.273649373146636,0.2132022750012334,0.2395733906899219,0.3305182093912047,0.3083434495740565,0.2961396897792001,0.0,0.2326091685444854,0.2643174171709571,0.2712768897291037,0.2356945966722999,0.0,0.0,0.2487454744811637,0.0,0.0,0.0,0.0,0.0,0.0,0.0,0.0,0.0,0.3592278968101233,0.0,0.3643265670978116,0.0,0.0,0.0,0.0,0.0,0.0,0.0,0.0,0.0,0.0,0.0,0.2913878099963683,0.0,0.4392517200151236,0.0,0.0,0.0,0.0,0.0
0.426748006138725,0.454887761514442,0.488593634014576,0.0,0.0,0.4671229502344123,0.0,0.3758553210975739,0.4826773301302043,0.4225993153028294,0.3962682876575407,0.2465591634258373,0.4793883373335514,0.0,0.4417187135334654,0.4382962881961163,0.0,0.3727572933113638,0.4602034549310733,0.4318677280862327,0.4588865787681668,0.4618878376240178,0.4663554819139873,0.2758580871013101,0.4386285029510294,0.4524512202528072,0.4615185635432458,0.4514049497201137,0.4360202982247242,0.0,0.424040748086486,0.2947790491351922,0.2998738385837646,0.3287820450526412,0.3231382603579076,0.2781186888618412,0.2504218896528324,0.2326091685444854,0.0,0.3267953705691998,0.3762385719465281,0.3454046455253315,0.269458118989525,0.3212048453005686,0.2691139867589737,0.4152527948132493,0.3953995447316868,0.3827918445158671,0.294411077374625,0.3273603448884545,0.3731495293997436,0.365773244401783,0.3709317147368806,0.407523951080101,0.3292136674763687,0.3391476740593145,0.2495875275834245,0.3921457135013179,0.2317243761919416,0.3868733365574425,0.4072956374377364,0.4065610839619845,0.4141100706759779,0.3793253396236649,0.3974342171886356,0.3876471273877019,0.4034381871672002,0.3744490068043292,0.3090650961547318,0.3971117658098683,0.4028986751762866,0.3805533970877201,0.3754474176421359,0.3769987679748762,0.3419859875208548,0.383406844004758
0.3846119866889221,0.4600563491257602,0.0,0.0,0.0,0.0,0.0,0.0,0.0,0.3401575863566907,0.0,0.3490699146664222,0.0,0.0,0.4278939142615673,0.4050111385384822,0.3629085450015404,0.3792850893637874,0.0,0.0,0.4810112275026204,0.4721704215382337,0.4167572378984337,0.3764611211023538,0.4217238681900383,0.423974384643362,0.0,0.0,0.0,0.0,0.3827860347817633,0.3028716365450464,0.2777198663618653,0.3374971164690764,0.3565897739223757,0.0,0.0,0.2643174171709571,0.3267953705691998,0.0,0.2968264595231945,0.4081200500721373,0.339294278283981,0.2943030820030895,0.2211054636468862,0.3691598732342986,0.3619594467963486,0.0,0.0,0.0,0.0,0.3951652445231658,0.3884586808763642,0.4169298750235635,0.3043206543138469,0.4172199188819015,0.2991934214340477,0.4022611261562326,0.0,0.3626291972680708,0.3678753550420131,0.348771230270512,0.3477993243102278,0.0,0.3618717930565026,0.3592704344904167,0.3845664584162519,0.3526727943254384,0.290806474531482,0.3338200981214111,0.3406056692738972,0.3607762307043368,0.3646848047646833,0.3260931923412049,0.3237852787480184,0.3481055017347719
0.40903886846014,0.4632453315624399,0.0,0.0,0.0,0.4871810446644897,0.0,0.4626762336765697,0.0,0.3711145171288373,0.0,0.3412669866215604,0.0,0.0,0.4725790574588143,0.4332916518330711,0.0,0.3983402503711295,0.0,0.4651700382621371,0.4949538556075044,0.4748515929648202,0.4891171867175207,0.3747309580204709,0.4383304793571494,0.4635720968092771,0.4804839867173316,0.4871077159844709,0.4663802078916837,0.0,0.4187220330769224,0.3265034628939348,0.2802653826094465,0.356293089316233,0.3671834537935902,0.2885260301208672,0.2888583181497378,0.2712768897291037,0.3762385719465281,0.2968264595231945,0.0,0.4054126896258108,0.3800920197553595,0.3115218878607959,0.2499913804606278,0.3847184394193955,0.3834966064616038,0.4066846710076003,0.3362969115091236,0.3886013172215596,0.4168247291884314,0.3646839282978508,0.4349449196840895,0.4273519468735013,0.3065238594873298,0.4185176318905846,0.290266702293379,0.3962044589415111,0.3617557535031681,0.4083128311949972,0.3800813408326314,0.3596315094155034,0.3465210630282792,0.4241866402958258,0.4111582252845234,0.4308155090114537,0.4098286351111482,0.4115707336643577,0.308772837171076,0.3541424548234499,0.3724037306836741,0.405770311347507,0.3397422597358192,0.3895558399899939,0.3838829585951892,0.309543292301132
0.0,0.4676403673383539,0.0,0.0,0.0,0.0,0.0,0.0,0.0,0.0,0.0,0.0,0.0,0.0,0.4974077058030949,0.4394939360360699,0.0,0.4255688305567218,0.0,0.4955505505481429,0.553185694645142,0.4939410363016993,0.4885352774679422,0.0,0.4513470636588332,0.4740428004312606,0.4831392690803044,0.3410230164982825,0.0,0.0,0.0,0.3190341362914509,0.3274449972029368,0.2954267241537006,0.3828657660531251,0.3274905763506177,0.315064651225835,0.2356945966722999,0.3454046455253315,0.4081200500721373,0.4054126896258108,0.0,0.4240153614274263,0.3819296929382074,0.3364989201775462,0.4276479665471125,0.4331123137159169,0.4141408478353204,0.3761730787017418,0.3544425444721239,0.4038893533017905,0.354695387586591,0.4267905306067187,0.4058092040935119,0.3463039620229293,0.4004272653777242,0.3644752561222545,0.3724077019108688,0.0,0.464844642908939,0.4292704589012317,0.3743667517373245,0.3863477312941431,0.4200181692221762,0.4678254300162016,0.5041183145999167,0.4631785207551102,0.390332155896216,0.3764669319655556,0.3906050726000857,0.4164180932455869,0.413835821305261,0.3121984790487142,0.42114123878286,0.4047080999405367,0.3614499110343068
