0.0,0.3373445461715386,0.0,0.0,0.0,0.0,0.0,0.4728186640229325,0.0,0.3301338552142463,0.0,0.3949198154417354,0.454373230401261,0.0,0.3484921047375418,0.3528606921434122,0.3300974806496732,0.3370946948446759,0.0,0.403386984823698,0.3768049716132393,0.3598715563640169,0.4358321727399782,0.3807796504526412,0.3221033270684232,0.3470331584560412,0.4247312445298377,0.4250746562972788,0.4263475836681055,0.0,0.3531872398021979,0.3703916232937953,0.2846376491009425,0.337013579829907,0.3735294706158031,0.0,0.0,0.0,0.3863440185439455,0.3626946793931208,0.376664355348152,0.0,0.0,0.0,0.0,0.3327023525752764,0.4056042123188678,0.0,0.0,0.0,0.0,0.0,0.0,0.0,0.0,0.0,0.0,0.0,0.0,0.0,0.3803619897996883,0.0,0.3898630744380739,0.0,0.0,0.3525129391463945,0.3681352297618078,0.0,0.3326292029443178,0.3714966481104469,0.3969708516912875,0.0,0.0,0.0,0.0,0.378954078555559
0.3373445461715386,0.0,0.0,0.0,0.0,0.3570117374276716,0.3870312401040929,0.4174377169709846,0.0,0.0,0.0,0.0,0.3800914552447221,0.0,0.3811349060097744,0.3682546256598452,0.0,0.3608456384756083,0.0,0.3756206688878769,0.3370312499280359,0.3463695423223034,0.3957852000338041,0.0,0.3359746203098304,0.3626437399699369,0.3729805094484775,0.3803507921842129,0.367691581755414,0.0,0.3421843219983981,0.3540935999138515,0.3005481608534042,0.3344668013643032,0.3796139638275412,0.0,0.0,0.0,0.3966405403320904,0.3809693287520949,0.3802832102202269,0.4074249475946045,0.0,0.0,0.0,0.3841233114841882,0.3979199509463456,0.0,0.0,0.0,0.4103830798399412,0.0,0.0,0.0,0.0,0.0,0.0,0.0,0.0,0.4251238722467668,0.3904236358992678,0.0,0.390551381563585,0.0,0.4031012126110562,0.3967537267686249,0.3989100523399628,0.4404250538666249,0.0,0.3825321532243615,0.4206942099833125,0.4245155425234072,0.0,0.4068413055878436,0.0,0.3790291157359817
0.0,0.0,0.0,0.4197342347696546,0.366365120061932,0.3301712916628742,0.396463666669439,0.4120708440196476,0.2705711706702219,0.4281750954035546,0.2743288442793387,0.0,0.4095453999451433,0.4013997056613047,0.0,0.0,0.0,0.0,0.2262334262321715,0.0,0.0,0.0,0.2843206839746018,0.0,0.0,0.0,0.3029940241610874,0.41938161624159,0.0,0.0,0.4294436838599431,0.4034081362833056,0.0,0.4237049967486183,0.4337763673870833,0.3712641318015039,0.4118522190789537,0.0,0.4720799097690661,0.0,0.591164813168768,0.0,0.4141384529331146,0.0,0.0,0.0,0.0,0.4563701034820352,0.0,0.4889658567012254,0.4581417503719756,0.5080124283155456,0.4663111485739576,0.4791504017475335,0.0,0.4302398386221459,0.0,0.5105606783047187,0.4341777582296916,0.0,0.0,0.0,0.0,0.4213243839071454,0.0,0.0,0.0,0.472276026267776,0.0,0.0,0.0,0.477535027031542,0.5307645635207006,0.0,0.0,0.0
0.0,0.0,0.4197342347696546,0.0,0.229317410652263,0.3928556321712593,0.2695355801621995,0.3138304091892582,0.3788835714840237,0.0,0.3440195535881247,0.0,0.3024587738166296,0.253585530936508,0.0,0.0,0.0,0.0,0.3939190876696885,0.0,0.0,0.0,0.373279134598641,0.0,0.0,0.0,0.3908440947193848,0.2367485046955392,0.0,0.0,0.2920762648837645,0.2838413614573363,0.0,0.2306328802449213,0.2529175243604901,0.1775878426559816,0.1608134185349859,0.0,0.0,0.0,0.0,0.0,0.0,0.0,0.0,0.0,0.0,0.0,0.0,0.0,0.0,0.0,0.0,0.0,0.0,0.0,0.0,0.0,0.0,0.0,0.0,0.0,0.0,0.0,0.0,0.0,0.0,0.0,0.0,0.0,0.0,0.0,0.0,0.0,0.0,0.0
0.0,0.0,0.366365120061932,0.229317410652263,0.0,0.3727620509299364,0.3268424461647211,0.3502793733949755,0.3406987438103458,0.4017849736938325,0.3095999087073141,0.392796339288116,0.3709227762109142,0.2738877592273676,0.0,0.0,0.0,0.0,0.3495203808314048,0.0,0.0,0.4145848279850778,0.3705760206903269,0.0,0.4302166514701571,0.4474467024064562,0.3832706373491301,0.3501334923501285,0.3984453273384915,0.0,0.4203800149417661,0.3393167259692859,0.0,0.4139460140707117,0.3736591297427359,0.2092437325959011,0.2025166045927567,0.0,0.0,0.0,0.0,0.0,0.3591421849569067,0.0,0.0,0.0,0.0,0.4783399073329578,0.0,0.5050945921106658,0.4759442332222201,0.0,0.4489588923629823,0.5132901549207357,0.0,0.4374710616986341,0.0,0.0,0.0,0.0,0.0,0.0,0.0,0.4771954921025302,0.0,0.0,0.0,0.4530876995026776,0.0,0.0,0.0,0.4777061847880753,0.0,0.0,0.0,0.0
0.0,0.3570117374276716,0.3301712916628742,0.3928556321712593,0.3727620509299364,0.0,0.3851661080176364,0.3834686486166993,0.3113253752845151,0.4068761451340435,0.3624900929460006,0.0,0.3615030343250809,0.4045982418165857,0.3875884542733704,0.3976449108135575,0.0,0.3841066616132743,0.3616653199087224,0.3814335313876146,0.3800397065347083,0.3996313816122967,0.3808929996387269,0.0,0.3476754689022089,0.3661967919400295,0.3499052068131839,0.3549871625682658,0.3217818157609086,0.3881238540417048,0.3886095581548402,0.394210355901351,0.361390129434581,0.4008235508221053,0.4169331960477954,0.402070609394272,0.3926792649341474,0.0,0.4134945017398412,0.0,0.4431487620578994,0.0,0.4122214412915389,0.0,0.0,0.0,0.4779998589346279,0.4614810965868784,0.0,0.4977643525567523,0.4378292771165856,0.4655366075582575,0.4189300822010511,0.4643956438008845,0.0,0.4594247410439007,0.0,0.4484449274968637,0.0,0.0,0.0,0.0,0.0,0.4609638180230863,0.0,0.4585901139220517,0.4502942810001434,0.4562438202231179,0.0,0.0,0.0,0.4495148374343964,0.4469990579069591,0.4314802342674728,0.0,0.448953330183458
0.0,0.3870312401040929,0.396463666669439,0.2695355801621995,0.3268424461647211,0.3851661080176364,0.0,0.3853819695864866,0.3770743227123372,0.3714992850483894,0.3887718242554495,0.3419813563141906,0.3364954296548922,0.3126095662783067,0.0,0.4205613262340367,0.4222392927678171,0.4055731821753071,0.4042980766417732,0.4139948125962606,0.0,0.4346809963559538,0.3969577474915132,0.3586002625121683,0.3832957751958726,0.3957892828897799,0.3977513674955054,0.3512164373037572,0.4041378636944708,0.0,0.3947555631162169,0.3560406349375677,0.0,0.3688385048915866,0.2941407087218592,0.2879260266996488,0.2714226554245179,0.3074715017577233,0.0,0.0,0.0,0.0,0.4405459382249624,0.0,0.0,0.0,0.0,0.5214909694661648,0.0,0.0,0.4745109310872707,0.0,0.4770879427734716,0.5646952165620345,0.0,0.5661812118764347,0.0,0.0,0.0,0.0,0.0,0.0,0.0,0.6393721708393597,0.0,0.0,0.0,0.452266394513366,0.0,0.0,0.0,0.4668995913610537,0.0,0.0,0.0,0.0
0.4728186640229325,0.4174377169709846,0.4120708440196476,0.3138304091892582,0.3502793733949755,0.3834686486166993,0.3853819695864866,0.0,0.4245087949453764,0.0,0.3065896729746473,0.0,0.3998807273636852,0.3560416741562755,0.3431606731206877,0.4269373133605106,0.0,0.43022829897236,0.3839736814518679,0.4163715177327217,0.395382149917361,0.4252038585796111,0.353046066442438,0.4891509215783298,0.4096874457652519,0.4352961003959006,0.4106807842310191,0.4173836020847614,0.3761221898535026,0.4315601512774028,0.4212548665003663,0.3957395652160865,0.4104007189260223,0.433602310675784,0.4256771879546529,0.2023541434833148,0.3293749315085558,0.0,0.395731059684389,0.0,0.4492111809787335,0.0,0.3950661579447971,0.0,0.0,0.0,0.0,0.4377718518915179,0.0,0.4549818570727583,0.4256803942264154,0.4592304627337013,0.3106638928539451,0.4638807397047321,0.0,0.4119658949851356,0.0,0.4239408981724338,0.3790220258766421,0.0,0.0,0.0,0.0,0.4170712109029025,0.4652719158517686,0.3854136373815472,0.0,0.4365295257624625,0.0,0.0,0.0,0.4515235464933451,0.4401334239819374,0.4339370547653939,0.0,0.4526501902544287
0.0,0.0,0.2705711706702219,0.3788835714840237,0.3406987438103458,0.3113253752845151,0.3770743227123372,0.4245087949453764,0.0,0.4095345479699607,0.2834552968962215,0.4098461063590868,0.3797452524676368,0.3831474327175525,0.0,0.4301199590314745,0.0,0.0,0.236466355589496,0.3744383751556856,0.0,0.4083330555569771,0.3735562530218094,0.4600729247867046,0.4308639244647917,0.0,0.3397724642154827,0.4119458939952494,0.3751970240227104,0.0,0.4239359295716184,0.4007068504155332,0.0,0.4195896179172345,0.4117635438171585,0.3739851740788205,0.3977777144867314,0.0,0.4477729387065204,0.0,0.0,0.0,0.4084033353747653,0.0,0.0,0.0,0.0,0.4787778251937228,0.0,0.5160645199676521,0.449443567315871,0.5230617067048409,0.4466061722406456,0.5048101850039842,0.0,0.4510689005161757,0.0,0.0,0.4365372992328928,0.0,0.0,0.0,0.0,0.4709303378940735,0.0,0.0,0.0,0.4752747189844152,0.0,0.0,0.0,0.4708770956589717,0.0,0.0,0.0,0.0
0.3301338552142463,0.0,0.4281750954035546,0.0,0.4017849736938325,0.4068761451340435,0.3714992850483894,0.0,0.4095345479699607,0.0,0.4034496595814732,0.2541579751129522,0.376208714810895,0.0,0.0,0.0,0.3037101361031727,0.3262531723682749,0.4187265940343097,0.0,0.0,0.0,0.413776796451187,0.2763457810757115,0.3131279316371962,0.3205587818043071,0.411223475239369,0.3415850715789047,0.0,0.0,0.3124942166900322,0.2835189848048686,0.2743400034669903,0.2665675846709552,0.2686125428731573,0.3329487181831098,0.2911278008700502,0.2318881527071448,0.2927555753892123,0.3413308344440812,0.3044671244029907,0.3598555294628205,0.0,0.0,0.2905763139958908,0.3900141672905656,0.0,0.0,0.0,0.0,0.0,0.0,0.0,0.0,0.4159906966169392,0.0,0.4117437698895672,0.4083227070961307,0.0,0.0,0.0,0.4131677892541962,0.3977333525922979,0.0,0.0,0.0,0.0,0.0,0.3949029329234467,0.4075008359293648,0.4224359022884931,0.0,0.3585478232040664,0.0,0.0,0.3492021023588825
0.0,0.0,0.2743288442793387,0.3440195535881247,0.3095999087073141,0.3624900929460006,0.3887718242554495,0.3065896729746473,0.2834552968962215,0.4034496595814732,0.0,0.0,0.3960974872102892,0.3038502438922272,0.0,0.0,0.5224090008206422,0.0,0.2498311799922312,0.0,0.0,0.0,0.2422868345699603,0.0,0.0,0.0,0.3432424511135882,0.3920621113831966,0.0,0.0,0.3976011381799443,0.3622100781707372,0.0,0.4043836596004037,0.3663916692733886,0.2765222588863632,0.3661428872622574,0.0,0.3908583273427776,0.0,0.0,0.0,0.3593703863520865,0.0,0.0,0.0,0.0,0.3611295706461999,0.0,0.3865473050206132,0.4444741782191202,0.4440793618823998,0.3938407834846061,0.4334282054708798,0.0,0.2388186721956408,0.0,0.4578896862120336,0.3614948788910899,0.0,0.0,0.0,0.0,0.2739035344160375,0.0,0.0,0.0,0.4411610753671329,0.0,0.0,0.0,0.4500177697215281,0.4640570490185398,0.0,0.0,0.0
0.3949198154417354,0.0,0.0,0.0,0.392796339288116,0.0,0.3419813563141906,0.0,0.4098461063590868,0.2541579751129522,0.0,0.0,0.3485481282862427,0.0,0.0,0.0,0.3109547435909098,0.3497253388091517,0.0,0.0,0.0,0.0,0.0,0.2592989389466633,0.3275607907763464,0.3109638530228609,0.0,0.2852469544146393,0.0,0.0,0.303155626812645,0.2274202919177833,0.2347238973350428,0.1947197846633671,0.2195838302134408,0.2359628853609562,0.2564594065430782,0.1795952245773335,0.2875235411235067,0.3618115860979004,0.3504207984742938,0.2775946202255406,0.0,0.0,0.4186010933977431,0.0,0.0,0.0,0.0,0.0,0.0,0.0,0.0,0.0,0.4345962825811572,0.0,0.423914563101455,0.4245073272610298,0.0,0.0,0.0,0.4244009594739086,0.4087883711361437,0.0,0.0,0.0,0.0,0.0,0.4172966418657074,0.4209203161297387,0.4309204489787179,0.0,0.4024147749858186,0.0,0.0,0.3880243557647175
0.454373230401261,0.3800914552447221,0.4095453999451433,0.3024587738166296,0.3709227762109142,0.3615030343250809,0.3364954296548922,0.3998807273636852,0.3797452524676368,0.376208714810895,0.3960974872102892,0.3485481282862427,0.0,0.3578734073142624,0.3849221914405676,0.4174760882428406,0.4021874395416507,0.4041977353715307,0.4107416290325629,0.4019896869011127,0.4000568752803543,0.4249901395307125,0.4089417425974516,0.3734569385090944,0.3865668387419985,0.3997791606579345,0.4013234560371434,0.3331733055189946,0.3689930896742659,0.3909097349051409,0.3677317974916645,0.3683181472702733,0.4015720861816628,0.3767910794963792,0.3401610180594752,0.3283750359360325,0.3146513983170402,0.3250611039124467,0.3989957196812725,0.0,0.0,0.0,0.0,0.0,0.0,0.0,0.0,0.5210098729534788,0.0,0.0,0.462038343563059,0.0,0.4356321470613679,0.0,0.0,0.0,0.0,0.0,0.0,0.0,0.0,0.0,0.0,0.0,0.5006822623102575,0.0,0.0,0.4569208012138452,0.0,0.6130597603996151,0.5259607237171325,0.4533387631109393,0.0,0.0,0.0,0.0
0.0,0.0,0.4013997056613047,0.253585530936508,0.2738877592273676,0.4045982418165857,0.3126095662783067,0.3560416741562755,0.3831474327175525,0.0,0.3038502438922272,0.0,0.3578734073142624,0.0,0.0,0.0,0.0,0.0,0.3564405140376462,0.0,0.4369183523661399,0.0,0.3923165982214922,0.0,0.0,0.0,0.4067497022818949,0.2664605024624017,0.0,0.0,0.3567131996408999,0.2024492072756991,0.0,0.3722607810069427,0.0,0.1995529737518324,0.1712192156463182,0.0,0.0,0.0,0.0,0.0,0.337532080066029,0.0,0.0,0.0,0.0,0.4681194206172516,0.0,0.0,0.0,0.0,0.0,0.0,0.0,0.3964458818859099,0.0,0.0,0.0,0.0,0.0,0.0,0.0,0.0,0.0,0.0,0.0,0.4176080400804683,0.0,0.0,0.0,0.0,0.0,0.0,0.0,0.0
0.3484921047375418,0.3811349060097744,0.0,0.0,0.0,0.3875884542733704,0.0,0.3431606731206877,0.0,0.0,0.0,0.0,0.3849221914405676,0.0,0.0,0.3888296138174567,0.0,0.3534497154246881,0.0,0.3379170645823897,0.3579607374442902,0.3714261568289129,0.3625023461386781,0.4701914035798823,0.3468814450553914,0.3416904364299827,0.3927364810819657,0.3800658284939775,0.3649832659740324,0.0,0.3804804359329859,0.3991933746979989,0.3611533677917614,0.3950695584486014,0.4362504486377706,0.4358591605426514,0.0,0.0,0.425929782984107,0.4099401219867098,0.4346993921329242,0.4705481670626509,0.0,0.0,0.0,0.0,0.4481778356880032,0.0,0.0,0.0,0.4276618561710001,0.0,0.3944877006094219,0.0,0.0,0.0,0.0,0.0,0.0,0.4410657284513751,0.0,0.0,0.0,0.0,0.4265808650614883,0.4058879074828886,0.4538929383654673,0.4304457921916001,0.0,0.4850124165583955,0.460066730177335,0.4408819768935205,0.4673889350817042,0.4154571918383113,0.0,0.4429717652565964
0.3528606921434122,0.3682546256598452,0.0,0.0,0.0,0.3976449108135575,0.4205613262340367,0.4269373133605106,0.4301199590314745,0.0,0.0,0.0,0.4174760882428406,0.0,0.3888296138174567,0.0,0.3453039201098473,0.2975633942553163,0.0,0.3876302180574137,0.3644395084573303,0.3764422107253584,0.4066351394392197,0.3566811506725397,0.3454750113795723,0.3788107368698056,0.4007864034521692,0.4012517034890672,0.4023638604868833,0.4041513645080437,0.3599855890380002,0.3996419178216887,0.3597645790322007,0.3795318225529416,0.4356332592109471,0.0,0.0,0.0,0.3947693159697713,0.3762114368406983,0.3990563850215025,0.0,0.0,0.0,0.0,0.3853893299569589,0.4175682668712402,0.0,0.0,0.0,0.0,0.0,0.0,0.0,0.0,0.0,0.0,0.0,0.0,0.4376247794476076,0.3924028109237973,0.0,0.3685697093931712,0.0,0.4456764932742409,0.4259474450088503,0.4195328639490173,0.5518113485672772,0.0,0.3687409570199861,0.4214968524431245,0.4980174584076022,0.0,0.4686190914811867,0.0,0.3794983063965125
0.3300974806496732,0.0,0.0,0.0,0.0,0.0,0.4222392927678171,0.0,0.0,0.3037101361031727,0.5224090008206422,0.3109547435909098,0.4021874395416507,0.0,0.0,0.3453039201098473,0.0,0.3180156964088252,0.0,0.0,0.0,0.0,0.0,0.3293171169016932,0.3168068127676595,0.3413684623385528,0.0,0.3872400272884885,0.0,0.0,0.3485718080325184,0.3816318411653483,0.3169929126972047,0.3312082098938328,0.3463636523957427,0.0,0.0,0.2929569541936497,0.0,0.3531957465757702,0.0,0.0,0.0,0.0,0.0,0.0,0.0,0.0,0.0,0.0,0.0,0.0,0.0,0.0,0.4295786652830506,0.0,0.4105781786108766,0.0,0.0,0.0,0.0,0.4132678482127976,0.3891395760375076,0.0,0.0,0.0,0.0,0.0,0.430569823760358,0.404342354131352,0.4160609974461898,0.0,0.0,0.0,0.0,0.0
0.3370946948446759,0.3608456384756083,0.0,0.0,0.0,0.3841066616132743,0.4055731821753071,0.43022829897236,0.0,0.3262531723682749,0.0,0.3497253388091517,0.4041977353715307,0.0,0.3534497154246881,0.2975633942553163,0.3180156964088252,0.0,0.0,0.3717823901031681,0.3483058145572428,0.38580062840715,0.3937993031785973,0.3353214841834758,0.3205830432113069,0.3494151024862548,0.3844264757036651,0.396147615079817,0.3876752998369198,0.0,0.3513780402380911,0.3836980843518384,0.3322236618073144,0.3568092543667546,0.3703388524276335,0.0,0.0,0.0,0.3689342491827429,0.3470332067365655,0.369511000603044,0.3983506747915172,0.0,0.0,0.0,0.3638318723939263,0.3903275850816194,0.0,0.0,0.0,0.0,0.0,0.0,0.0,0.4182874375483316,0.0,0.4005421793725441,0.0,0.0,0.0,0.3602655966901522,0.4106930737160169,0.3848631171790226,0.0,0.0,0.0,0.3877815152811934,0.0,0.4131154586834874,0.3733798952608715,0.3933633425569033,0.0,0.0,0.0,0.0,0.3703560016938058
0.0,0.0,0.2262334262321715,0.3939190876696885,0.3495203808314048,0.3616653199087224,0.4042980766417732,0.3839736814518679,0.236466355589496,0.4187265940343097,0.2498311799922312,0.0,0.4107416290325629,0.3564405140376462,0.0,0.0,0.0,0.0,0.0,0.0,0.0,0.0,0.2159957809583783,0.0,0.0,0.0,0.3536034728935335,0.4110056398629181,0.0,0.0,0.4166763864084123,0.3865166443373183,0.0,0.4142893160934298,0.3952043288206584,0.3342467896674628,0.3965155811581838,0.0,0.4808257349921914,0.0,0.0,0.0,0.3879996736362864,0.0,0.0,0.0,0.0,0.4422648905501782,0.0,0.4899429648040507,0.4569443610358275,0.5384392018217922,0.453133595771276,0.4715840744289482,0.0,0.3850325388169345,0.0,0.0,0.4172076633421974,0.0,0.0,0.0,0.0,0.4270270631592984,0.0,0.0,0.0,0.4885766848348467,0.0,0.0,0.0,0.4801372511246767,0.0,0.0,0.0,0.0
0.403386984823698,0.3756206688878769,0.0,0.0,0.0,0.3814335313876146,0.4139948125962606,0.4163715177327217,0.3744383751556856,0.0,0.0,0.0,0.4019896869011127,0.0,0.3379170645823897,0.3876302180574137,0.0,0.3717823901031681,0.0,0.0,0.3703684157519858,0.3496075698123148,0.3230995824574178,0.0,0.3619391799334389,0.3908273749863465,0.3342143687543956,0.3606529636464451,0.3298050502295299,0.2588001175982583,0.3625957491503614,0.3980408967893071,0.3641020876454264,0.3852838362739524,0.4243432507600524,0.0,0.4434510774389211,0.0,0.4228366765294692,0.0,0.4491864817022904,0.0,0.0,0.0,0.0,0.0,0.4164462554678995,0.0,0.0,0.0,0.4403518187847536,0.0,0.4543140700958171,0.0,0.0,0.0,0.0,0.0,0.0,0.4256075530137051,0.0,0.0,0.0,0.0,0.4267101410533979,0.4013488904720705,0.4365331822717024,0.4378796229814299,0.0,0.0,0.434480066632211,0.4394163129100372,0.4612430425469247,0.4212663875814171,0.0,0.4666757819435776
0.3768049716132393,0.3370312499280359,0.0,0.0,0.0,0.3800397065347083,0.0,0.395382149917361,0.0,0.0,0.0,0.0,0.4000568752803543,0.4369183523661399,0.3579607374442902,0.3644395084573303,0.0,0.3483058145572428,0.0,0.3703684157519858,0.0,0.373276201155406,0.3856194613161249,0.4658081768470359,0.3440290420710706,0.34985413220893,0.3946152872578763,0.40234510266241,0.3509674847072681,0.0,0.3468609266302017,0.370889018610339,0.3024791428456754,0.3582552212609999,0.4208775406244346,0.0,0.0,0.0,0.4274091396852778,0.3957907746127136,0.4448758699235565,0.0,0.0,0.0,0.0,0.2668870571205878,0.4200470734613966,0.0,0.0,0.0,0.4280738723061534,0.0,0.4117979164755847,0.0,0.0,0.0,0.0,0.5193666782696784,0.0,0.4218223867783503,0.4105889083890745,0.0,0.0,0.0,0.4257899303519776,0.3403970530107176,0.4307971351932145,0.4422763318925625,0.0,0.4057557753156606,0.4394634548320678,0.4542320132036296,0.4617543780538948,0.4405954706936545,0.0,0.4740642547362508
0.3598715563640169,0.3463695423223034,0.0,0.0,0.4145848279850778,0.3996313816122967,0.4346809963559538,0.4252038585796111,0.4083330555569771,0.0,0.0,0.0,0.4249901395307125,0.0,0.3714261568289129,0.3764422107253584,0.0,0.38580062840715,0.0,0.3496075698123148,0.373276201155406,0.0,0.4109888000253652,0.0,0.3596773966231152,0.3620441392223775,0.3971683005371967,0.3919378284672999,0.3797556557376064,0.3770141082156948,0.3638397804189451,0.3949519274923005,0.3658920353668277,0.383847652574472,0.4263043789100346,0.4594724954122213,0.4406307597376089,0.0,0.4236184107902368,0.4155954002248406,0.4217299091769814,0.4247430732460063,0.0,0.0,0.0,0.4055183550189784,0.427960192225003,0.0,0.0,0.0,0.4299546783416947,0.0,0.0,0.0,0.0,0.0,0.0,0.0,0.0,0.4476782872702048,0.4034388027995583,0.0,0.0,0.0,0.4313145661603249,0.4213803126645614,0.4429021016165994,0.4309081827765363,0.0,0.4022384218511422,0.4496923795655799,0.4399826383195482,0.0,0.4176812847439353,0.0,0.410056686427821
0.4358321727399782,0.3957852000338041,0.2843206839746018,0.373279134598641,0.3705760206903269,0.3808929996387269,0.3969577474915132,0.353046066442438,0.3735562530218094,0.413776796451187,0.2422868345699603,0.0,0.4089417425974516,0.3923165982214922,0.3625023461386781,0.4066351394392197,0.0,0.3937993031785973,0.2159957809583783,0.3230995824574178,0.3856194613161249,0.4109888000253652,0.0,0.4687019385992176,0.3798669808955284,0.4042816044925365,0.3464353363434959,0.4188360533256495,0.3890659390731265,0.4229396521987495,0.4184714573158797,0.4095025542086531,0.3688671165501223,0.4282105600391139,0.4396331771071902,0.3901731938144565,0.4026353152886094,0.0,0.4491916277543493,0.4352274344955495,0.4709530900290873,0.4626706106518447,0.4248713573968372,0.5266904573828508,0.0,0.0,0.4518872540914181,0.4567402361220516,0.0,0.470562811284013,0.4589168294485325,0.4618545890181335,0.4395756082571885,0.4704983037931778,0.0,0.43621872915979,0.0,0.4474906860254691,0.4233730446328548,0.440409975827905,0.0,0.0,0.0,0.4478840410448689,0.4521267793051344,0.4443766500073011,0.4461099817624967,0.4738008274719466,0.0,0.0,0.4463337907352866,0.4741708368885345,0.456206213929005,0.4556356678877742,0.4792111274920854,0.4564621656951403
0.3807796504526412,0.0,0.0,0.0,0.0,0.0,0.3586002625121683,0.4891509215783298,0.4600729247867046,0.2763457810757115,0.0,0.2592989389466633,0.3734569385090944,0.0,0.4701914035798823,0.3566811506725397,0.3293171169016932,0.3353214841834758,0.0,0.0,0.4658081768470359,0.0,0.4687019385992176,0.0,0.331771581977738,0.322478312777515,0.0,0.3055787134893023,0.0,0.0,0.2998142337004555,0.2603910302766287,0.2230200253613069,0.2013642102382117,0.1860579412342154,0.280550148478735,0.2378811071471899,0.1973356455912287,0.2404555966518044,0.2114968870168421,0.1732605313828478,0.0,0.0,0.0,0.1980709557435427,0.3718558687729698,0.0,0.0,0.0,0.0,0.0,0.0,0.0,0.0,0.3449179903294109,0.0,0.3453134251547533,0.0,0.0,0.0,0.4054407714187445,0.3704850075874096,0.3912435436631166,0.0,0.0,0.0,0.0,0.0,0.3613328404736593,0.4034870996918759,0.4188298686841525,0.0,0.2342933639617476,0.0,0.0,0.2910814646903065
0.3221033270684232,0.3359746203098304,0.0,0.0,0.4302166514701571,0.3476754689022089,0.3832957751958726,0.4096874457652519,0.4308639244647917,0.3131279316371962,0.0,0.3275607907763464,0.3865668387419985,0.0,0.3468814450553914,0.3454750113795723,0.3168068127676595,0.3205830432113069,0.0,0.3619391799334389,0.3440290420710706,0.3596773966231152,0.3798669808955284,0.331771581977738,0.0,0.3260950941896178,0.3602475203966518,0.3832215048787361,0.3678765443201398,0.0,0.3438277563336228,0.3595803050105778,0.286776150542109,0.3264856690184612,0.3453713052071248,0.0,0.0,0.2812076263561742,0.3656515041705472,0.3592616034439961,0.3651120518693276,0.3966108225318163,0.0,0.0,0.0,0.3652991685278717,0.3638456795648175,0.0,0.0,0.0,0.0,0.0,0.0,0.0,0.4299680381592534,0.0,0.4155626750749874,0.0,0.0,0.4020967130927007,0.3640704080030884,0.4127124049669882,0.3923755693060123,0.0,0.3880503103944088,0.4212046053160012,0.3782521956564709,0.0,0.412946072036556,0.379836721678836,0.3959169585330775,0.0,0.0,0.4172361390694907,0.0,0.3695139270478353
0.3470331584560412,0.3626437399699369,0.0,0.0,0.4474467024064562,0.3661967919400295,0.3957892828897799,0.4352961003959006,0.0,0.3205587818043071,0.0,0.3109638530228609,0.3997791606579345,0.0,0.3416904364299827,0.3788107368698056,0.3413684623385528,0.3494151024862548,0.0,0.3908273749863465,0.34985413220893,0.3620441392223775,0.4042816044925365,0.322478312777515,0.3260950941896178,0.0,0.4001636986969243,0.3921796022814807,0.3711368038668546,0.0,0.3614526232920288,0.3807381292970794,0.324027942656977,0.3550786126227533,0.3953347538241625,0.3811249102167667,0.0,0.2853980448500676,0.4022789854375193,0.388624409361246,0.4023763092279366,0.4214820024197595,0.0,0.0,0.3112918941834232,0.3938716533234541,0.4180436679388175,0.0,0.0,0.0,0.4278853505803706,0.0,0.0,0.0,0.4379941874210307,0.0,0.4281869019388344,0.5256476246987781,0.0,0.4558742010207108,0.3987203890729646,0.4229926453040084,0.4109306086094393,0.0,0.4208779024397582,0.4226419276069455,0.4318343331953699,0.4428060663277238,0.4221325981090393,0.404111396068599,0.4208786518810833,0.4332955905655872,0.4685881439761819,0.4189176286986723,0.0,0.3897507160364957
0.4247312445298377,0.3729805094484775,0.3029940241610874,0.3908440947193848,0.3832706373491301,0.3499052068131839,0.3977513674955054,0.4106807842310191,0.3397724642154827,0.411223475239369,0.3432424511135882,0.0,0.4013234560371434,0.4067497022818949,0.3927364810819657,0.4007864034521692,0.0,0.3844264757036651,0.3536034728935335,0.3342143687543956,0.3946152872578763,0.3971683005371967,0.3464353363434959,0.0,0.3602475203966518,0.4001636986969243,0.0,0.4083428380239438,0.35139272316386,0.4051019870467428,0.3966747285909565,0.4091512204759899,0.376763816416669,0.4126133676945972,0.4341285817630128,0.4171453781471974,0.4116205214481512,0.0,0.4419306791119136,0.0,0.4627412900312923,0.0,0.40256083600027,0.0,0.0,0.0,0.0,0.4694795238391622,0.0,0.5013829291716292,0.4503455040068285,0.472174690000683,0.4458748971270149,0.4765733744936739,0.0,0.455390196216572,0.0,0.4650174170105246,0.4507170924027283,0.4359553841746361,0.0,0.0,0.0,0.4728254498006072,0.4449508287814805,0.4501149984348712,0.4412227422305571,0.469154375435947,0.0,0.0,0.4484597222160312,0.4646406039166159,0.4521351474171661,0.4502789053965261,0.0,0.4496084617990107
0.4250746562972788,0.3803507921842129,0.41938161624159,0.2367485046955392,0.3501334923501285,0.3549871625682658,0.3512164373037572,0.4173836020847614,0.4119458939952494,0.3415850715789047,0.3920621113831966,0.2852469544146393,0.3331733055189946,0.2664605024624017,0.3800658284939775,0.4012517034890672,0.3872400272884885,0.396147615079817,0.4110056398629181,0.3606529636464451,0.40234510266241,0.3919378284672999,0.4188360533256495,0.3055787134893023,0.3832215048787361,0.3921796022814807,0.4083428380239438,0.0,0.30753773358599,0.3108904781259068,0.3562393667517542,0.351991313648954,0.3643826369037907,0.3168201971124616,0.2948721064010763,0.2410660013667483,0.2533729243403794,0.2465540331660674,0.4458065955872551,0.0,0.4708519864024574,0.3634284072653077,0.4696432630733266,0.0,0.0,0.0,0.0,0.5586821905276571,0.0,0.0,0.4528079100201178,0.0,0.4438058443537722,0.6018312164168336,0.0,0.0,0.0,0.0,0.0,0.4712711320036469,0.0,0.0,0.0,0.0,0.4488447429882888,0.4665895421610016,0.5046384764836567,0.4670281160379952,0.0,0.519709063064314,0.4647320696499117,0.4653588832159117,0.4703540397371865,0.4511536006829889,0.0,0.0
0.4263475836681055,0.367691581755414,0.0,0.0,0.3984453273384915,0.3217818157609086,0.4041378636944708,0.3761221898535026,0.3751970240227104,0.0,0.0,0.0,0.3689930896742659,0.0,0.3649832659740324,0.4023638604868833,0.0,0.3876752998369198,0.0,0.3298050502295299,0.3509674847072681,0.3797556557376064,0.3890659390731265,0.0,0.3678765443201398,0.3711368038668546,0.35139272316386,0.30753773358599,0.0,0.3481851614480573,0.353218834174286,0.3928706183219538,0.2960514989866468,0.3845078463227871,0.4173862673249442,0.4411855877496242,0.0,0.0,0.4297147120819626,0.0,0.4518195861744206,0.0,0.0,0.0,0.0,0.0,0.4417790473269581,0.5506944703283212,0.0,0.0,0.4334212877957881,0.0,0.435776252702666,0.0,0.0,0.0,0.0,0.0,0.0,0.4116423034424664,0.0,0.0,0.0,0.0,0.4190744554628611,0.4040755992309817,0.422610448335415,0.4425106714634298,0.0,0.0,0.4247473045505036,0.4438365829668011,0.4551039199616568,0.4209900478164529,0.0,0.4442807020828365
0.0,0.0,0.0,0.0,0.0,0.3881238540417048,0.0,0.4315601512774028,0.0,0.0,0.0,0.0,0.3909097349051409,0.0,0.0,0.4041513645080437,0.0,0.0,0.0,0.2588001175982583,0.0,0.3770141082156948,0.4229396521987495,0.0,0.0,0.0,0.4051019870467428,0.3108904781259068,0.3481851614480573,0.0,0.3525696559051746,0.4204094157917589,0.0,0.3837436354159627,0.4232609677610305,0.0,0.0,0.0,0.0,0.0,0.0,0.0,0.0,0.0,0.0,0.0,0.0,0.0,0.0,0.0,0.0,0.0,0.0,0.0,0.0,0.0,0.0,0.0,0.0,0.0,0.0,0.0,0.0,0.0,0.4917251562875524,0.0,0.0,0.4794008616864816,0.0,0.0,0.0,0.4738328885288748,0.0,0.5173039859137464,0.0,0.0
0.3531872398021979,0.3421843219983981,0.4294436838599431,0.2920762648837645,0.4203800149417661,0.3886095581548402,0.3947555631162169,0.4212548665003663,0.4239359295716184,0.3124942166900322,0.3976011381799443,0.303155626812645,0.3677317974916645,0.3567131996408999,0.3804804359329859,0.3599855890380002,0.3485718080325184,0.3513780402380911,0.4166763864084123,0.3625957491503614,0.3468609266302017,0.3638397804189451,0.4184714573158797,0.2998142337004555,0.3438277563336228,0.3614526232920288,0.3966747285909565,0.3562393667517542,0.353218834174286,0.3525696559051746,0.0,0.39257465598516,0.3319617376174933,0.2880520915670437,0.2948411208083313,0.3880467245601093,0.328988666612641,0.2336843769649159,0.4027641090039732,0.377349927405036,0.3830528619243822,0.0,0.0,0.0,0.0,0.0,0.4086164067902484,0.0,0.0,0.0,0.4526960557417047,0.0,0.4404812794105108,0.0,0.3582934696978702,0.0,0.3564919704226673,0.0,0.0,0.4133735267166641,0.3847673835939912,0.3587513995332436,0.3772663461597637,0.0,0.4201339992745773,0.3740790957020562,0.4149879718812825,0.4657594455963953,0.4188157048598152,0.3702748638540341,0.411829786179686,0.4640368098180106,0.4858306004505955,0.4357244417377443,0.0,0.3987895160593104
0.3703916232937953,0.3540935999138515,0.4034081362833056,0.2838413614573363,0.3393167259692859,0.394210355901351,0.3560406349375677,0.3957395652160865,0.4007068504155332,0.2835189848048686,0.3622100781707372,0.2274202919177833,0.3683181472702733,0.2024492072756991,0.3991933746979989,0.3996419178216887,0.3816318411653483,0.3836980843518384,0.3865166443373183,0.3980408967893071,0.370889018610339,0.3949519274923005,0.4095025542086531,0.2603910302766287,0.3595803050105778,0.3807381292970794,0.4091512204759899,0.351991313648954,0.3928706183219538,0.4204094157917589,0.39257465598516,0.0,0.3067296515123112,0.316197339254491,0.2894476742235659,0.262569633035087,0.2744956022232467,0.2419537967957545,0.2568872797127339,0.2638931580792684,0.3275036216616108,0.3001851026460911,0.3340330703413405,0.2641911284287636,0.2552871739605098,0.3909172521776423,0.4145721989757727,0.4789164886543505,0.0,0.546818556965034,0.4273799312100312,0.491712205338703,0.4628552487818605,0.4685356195284225,0.2839692551778812,0.0,0.2552774919833924,0.4320509894066224,0.0,0.43573225407639,0.400769896330137,0.3965503054767849,0.379092252374926,0.0,0.4219691411236018,0.390037494139609,0.4302773076305616,0.462637225785095,0.2243255504046271,0.3788837259310731,0.4198174435408754,0.4524346580664422,0.4141131169450527,0.4271192978712143,0.0,0.4394792029813051
0.2846376491009425,0.3005481608534042,0.0,0.0,0.0,0.361390129434581,0.0,0.4104007189260223,0.0,0.2743400034669903,0.0,0.2347238973350428,0.4015720861816628,0.0,0.3611533677917614,0.3597645790322007,0.3169929126972047,0.3322236618073144,0.0,0.3641020876454264,0.3024791428456754,0.3658920353668277,0.3688671165501223,0.2230200253613069,0.286776150542109,0.324027942656977,0.376763816416669,0.3643826369037907,0.2960514989866468,0.0,0.3319617376174933,0.3067296515123112,0.0,0.2235220492735107,0.2977399741490503,0.3507613876796843,0.2522743513078154,0.1915892279721905,0.2523298375984082,0.2621291993047981,0.2595202811659787,0.274052505865607,0.0,0.0,0.2182501306756685,0.3292930506252416,0.4052960818368086,0.0,0.0,0.0,0.0,0.0,0.0,0.0,0.3229603830873164,0.0,0.2677942108889191,0.0,0.0,0.4300612334078326,0.3653114866752674,0.3596120722813221,0.3529965007594824,0.0,0.4223869062238681,0.3586121389599054,0.4296893858598017,0.402526740120244,0.319470693269289,0.3466663907524599,0.3893869277472602,0.3810087575688751,0.0,0.0,0.0,0.3388895290545026
0.337013579829907,0.3344668013643032,0.4237049967486183,0.2306328802449213,0.4139460140707117,0.4008235508221053,0.3688385048915866,0.433602310675784,0.4195896179172345,0.2665675846709552,0.4043836596004037,0.1947197846633671,0.3767910794963792,0.3722607810069427,0.3950695584486014,0.3795318225529416,0.3312082098938328,0.3568092543667546,0.4142893160934298,0.3852838362739524,0.3582552212609999,0.383847652574472,0.4282105600391139,0.2013642102382117,0.3264856690184612,0.3550786126227533,0.4126133676945972,0.3168201971124616,0.3845078463227871,0.3837436354159627,0.2880520915670437,0.316197339254491,0.2235220492735107,0.0,0.2584867194916387,0.3378337706109458,0.2823148484235709,0.1663721361726645,0.2403297896808976,0.2402353954353538,0.2876316467500406,0.2499845437041837,0.0,0.2574844193700366,0.0,0.3596871161616954,0.4117493576776965,0.7195601007649309,0.0,0.0,0.4489270496541319,0.0,0.4602932602379942,0.8793706960869033,0.3138193263737271,0.0,0.2847756143558781,0.0,0.0,0.4375048275837579,0.3771424010565092,0.35354714469077,0.3604339487280181,0.0,0.4038080790464096,0.4050088236022135,0.4307435093977693,0.4677890072109697,0.3337478570081353,0.3601898066190822,0.4129964636528412,0.4650311248639955,0.470154682301987,0.4378554735389023,0.0,0.3657491495198595
0.3735294706158031,0.3796139638275412,0.4337763673870833,0.2529175243604901,0.3736591297427359,0.4169331960477954,0.2941407087218592,0.4256771879546529,0.4117635438171585,0.2686125428731573,0.3663916692733886,0.2195838302134408,0.3401610180594752,0.0,0.4362504486377706,0.4356332592109471,0.3463636523957427,0.3703388524276335,0.3952043288206584,0.4243432507600524,0.4208775406244346,0.4263043789100346,0.4396331771071902,0.1860579412342154,0.3453713052071248,0.3953347538241625,0.4341285817630128,0.2948721064010763,0.4173862673249442,0.4232609677610305,0.2948411208083313,0.2894476742235659,0.2977399741490503,0.2584867194916387,0.0,0.3257872341234167,0.3069168263752924,0.1835808664421427,0.2632730715664262,0.2758804586317669,0.3145701022958673,0.322344441334119,0.0,0.2893215959236614,0.2778573610594793,0.0,0.4311954356111018,0.0,0.0,0.0,0.5022606622455011,0.0,0.0,0.0,0.0,0.0,0.2803499785042364,0.0,0.0,0.4603365502469073,0.4096643323007705,0.0,0.0,0.0,0.4391543799168249,0.0,0.4561849675945453,0.4736929444176555,0.0,0.3810935693510666,0.4554081588420001,0.4664124943274132,0.5003985292951927,0.4796091737531256,0.0,0.0
0.0,0.0,0.3712641318015039,0.1775878426559816,0.2092437325959011,0.402070609394272,0.2879260266996488,0.2023541434833148,0.3739851740788205,0.3329487181831098,0.2765222588863632,0.2359628853609562,0.3283750359360325,0.1995529737518324,0.4358591605426514,0.0,0.0,0.0,0.3342467896674628,0.0,0.0,0.4594724954122213,0.3901731938144565,0.280550148478735,0.0,0.3811249102167667,0.4171453781471974,0.2410660013667483,0.4411855877496242,0.0,0.3880467245601093,0.262569633035087,0.3507613876796843,0.3378337706109458,0.3257872341234167,0.0,0.1828879152430821,0.2556775417141753,0.2618697701647531,0.0,0.2559525023338304,0.2472669036039818,0.0,0.2600408793634441,0.0,0.0,0.0,0.4082193105117822,0.0,0.3679741325291436,0.0,0.0,0.0,0.4039121803839519,0.0,0.3628275606511417,0.0,0.0,0.0,0.0,0.0,0.0,0.0,0.388502940736855,0.6069698018110384,0.0,0.0,0.4286570164475259,0.0,0.0,0.0,0.4454770364556526,0.0,0.0,0.0,0.0
0.0,0.0,0.4118522190789537,0.1608134185349859,0.2025166045927567,0.3926792649341474,0.2714226554245179,0.3293749315085558,0.3977777144867314,0.2911278008700502,0.3661428872622574,0.2564594065430782,0.3146513983170402,0.1712192156463182,0.0,0.0,0.0,0.0,0.3965155811581838,0.4434510774389211,0.0,0.4406307597376089,0.4026353152886094,0.2378811071471899,0.0,0.0,0.4116205214481512,0.2533729243403794,0.0,0.0,0.328988666612641,0.2744956022232467,0.2522743513078154,0.2823148484235709,0.3069168263752924,0.1828879152430821,0.0,0.2854495285037123,0.2587970730218449,0.0,0.2536329937819348,0.2975856845852109,0.0,0.0,0.0,0.0,0.0,0.0,0.0,0.0,0.0,0.0,0.0,0.0,0.0,0.0,0.0,0.0,0.0,0.0,0.0,0.0,0.0,0.0,0.0,0.0,0.0,0.5331814619471603,0.0,0.0,0.0,0.0,0.0,0.0,0.0,0.0
0.0,0.0,0.0,0.0,0.0,0.0,0.3074715017577233,0.0,0.0,0.2318881527071448,0.0,0.1795952245773335,0.3250611039124467,0.0,0.0,0.0,0.2929569541936497,0.0,0.0,0.0,0.0,0.0,0.0,0.1973356455912287,0.2812076263561742,0.2853980448500676,0.0,0.2465540331660674,0.0,0.0,0.2336843769649159,0.2419537967957545,0.1915892279721905,0.1663721361726645,0.1835808664421427,0.2556775417141753,0.2854495285037123,0.0,0.2697098918595603,0.2263371489058871,0.2594435906187751,0.2942080234903575,0.0,0.0,0.2070597863469815,0.0,0.0,0.0,0.0,0.0,0.0,0.0,0.0,0.0,0.3092846744570894,0.0,0.2199525022839253,0.0,0.0,0.0,0.0,0.0,0.0,0.0,0.0,0.0,0.0,0.0,0.0,0.3543098342103031,0.3392258564150309,0.0,0.0,0.0,0.0,0.0
0.3863440185439455,0.3966405403320904,0.4720799097690661,0.0,0.0,0.4134945017398412,0.0,0.395731059684389,0.4477729387065204,0.2927555753892123,0.3908583273427776,0.2875235411235067,0.3989957196812725,0.0,0.425929782984107,0.3947693159697713,0.0,0.3689342491827429,0.4808257349921914,0.4228366765294692,0.4274091396852778,0.4236184107902368,0.4491916277543493,0.2404555966518044,0.3656515041705472,0.4022789854375193,0.4419306791119136,0.4458065955872551,0.4297147120819626,0.0,0.4027641090039732,0.2568872797127339,0.2523298375984082,0.2403297896808976,0.2632730715664262,0.2618697701647531,0.2587970730218449,0.2697098918595603,0.0,0.3063394918893489,0.359937392130923,0.3239182371244035,0.2418435292794146,0.2581953509514313,0.2512373508410115,0.3839935153224705,0.3726915867453398,0.3736388100868449,0.220720044323909,0.2549319642884804,0.3747403412091085,0.3436717456077377,0.3433993824524918,0.3899279518747846,0.3058431730533121,0.2926937506412292,0.2462789782515705,0.3513537225033048,0.2202789766632649,0.3879774067503277,0.3993439797754277,0.370047621467966,0.3897532563327339,0.3419690914550298,0.410786901728241,0.3545853164914788,0.3942832952010596,0.3713922790200099,0.2555273887103281,0.3637595566881266,0.3727733658940804,0.3963174785235775,0.3382097925004629,0.3884980591504271,0.3778181553891037,0.3493349370197955
0.3626946793931208,0.3809693287520949,0.0,0.0,0.0,0.0,0.0,0.0,0.0,0.3413308344440812,0.0,0.3618115860979004,0.0,0.0,0.4099401219867098,0.3762114368406983,0.3531957465757702,0.3470332067365655,0.0,0.0,0.3957907746127136,0.4155954002248406,0.4352274344955495,0.2114968870168421,0.3592616034439961,0.388624409361246,0.0,0.0,0.0,0.0,0.377349927405036,0.2638931580792684,0.2621291993047981,0.2402353954353538,0.2758804586317669,0.0,0.0,0.2263371489058871,0.3063394918893489,0.0,0.2331353349921418,0.3153132534761913,0.2947474967639726,0.2554772614614117,0.1904289817728937,0.2785358215999843,0.2942613964520219,0.5115893953653278,0.0,0.3613238638644325,0.3365132045663193,0.3473715951752781,0.0,0.4099606549024138,0.2724908336740435,0.397412775706404,0.2460295650627114,0.3497620900532918,0.0,0.3480461515893484,0.3203221804455564,0.2988357828509503,0.3072174084615869,0.0,0.3432484074428832,0.3042239365434378,0.3227045631235573,0.3425543241739641,0.2198843993305961,0.2699407401653808,0.3049145379644334,0.3520612740671115,0.3106918867450809,0.337665775746942,0.2880355185677634,0.279764844886734
0.376664355348152,0.3802832102202269,0.591164813168768,0.0,0.0,0.4431487620578994,0.0,0.4492111809787335,0.0,0.3044671244029907,0.0,0.3504207984742938,0.0,0.0,0.4346993921329242,0.3990563850215025,0.0,0.369511000603044,0.0,0.4491864817022904,0.4448758699235565,0.4217299091769814,0.4709530900290873,0.1732605313828478,0.3651120518693276,0.4023763092279366,0.4627412900312923,0.4708519864024574,0.4518195861744206,0.0,0.3830528619243822,0.3275036216616108,0.2595202811659787,0.2876316467500406,0.3145701022958673,0.2559525023338304,0.2536329937819348,0.2594435906187751,0.359937392130923,0.2331353349921418,0.0,0.3384581115068836,0.2956498558594511,0.2665056069772986,0.1953096784181152,0.3273755418882718,0.3363831587403312,0.3934133806083621,0.2469295462159126,0.3778758739249226,0.3858285804917625,0.3604679887028997,0.3892416036877223,0.4053259983911607,0.2512862658003847,0.3789970594845219,0.2153597759620105,0.365627806103609,0.3156612976871097,0.3855406273004552,0.3481074363900273,0.3079050893557256,0.3282165785505261,0.3796965463391107,0.3973822620724842,0.3812136368244418,0.3779252559092881,0.3962592956425962,0.2034222744496687,0.3089227617472367,0.3380816948412142,0.4020220345251113,0.3304512823163286,0.3782869182713721,0.3562300597249229,0.2554389137874015
