0.0,0.2524049693384099,0.0,0.0,0.0,0.2995035587909927,0.0,0.3323853212616308,0.0,0.2461126229921192,0.0,0.2426152009575033,0.0,0.0,0.2710879911592423,0.2494829788624233,0.2371754381720298,0.2309858499432306,0.0,0.2966577095529673,0.2712178738140112,0.2707381041923654,0.3038612502072171,0.2415969877872227,0.2272504947640481,0.2318698760767125,0.2992350535707579,0.3000324743867366,0.2795085285698868,0.0,0.2334200748748097,0.2623381380795775,0.2128741186577465,0.2385835592833121,0.2627642112142722,0.0,0.0,0.0,0.2737058197047214,0.2580925836784717,0.2661769742713439,0.0,0.0,0.0,0.0,0.2439151774598798,0.2822162257859715,0.0,0.0,0.0,0.0,0.0,0.0,0.0,0.0,0.0,0.0,0.0,0.0,0.0,0.2759444943845839,0.0,0.2546310721076846,0.0,0.0,0.3027957418220366,0.2637606096737364,0.0,0.2543559885247905,0.2702461934174492,0.28553833956533,0.0,0.0,0.0,0.0,0.0
0.2524049693384099,0.0,0.0,0.0,0.2673318068057145,0.2493005757663397,0.2731153480781292,0.3051908248434383,0.2620569591941027,0.0,0.0,0.0,0.2712449973289464,0.0,0.2702953329850951,0.2512720312537862,0.0,0.2505672352071875,0.0,0.2673376620891022,0.268338400550866,0.2409338893259709,0.2667115632656112,0.0,0.2433420887649097,0.2361543867128916,0.2676847506591853,0.2747381753820505,0.2462665941312614,0.0,0.2473082880069422,0.2521020608972297,0.2230449184741301,0.2427153834796809,0.2797530545667275,0.0,0.0,0.0,0.2869426125267542,0.2795475497759903,0.2615622589838225,0.3008267782518888,0.0,0.0,0.0,0.2785954520482395,0.2689463899177313,0.0,0.0,0.0,0.0,0.0,0.0,0.0,0.0,0.0,0.0,0.0,0.0,0.3092506850358129,0.2829853957952565,0.0,0.2805520669714169,0.0,0.2853928973817806,0.3033357759495918,0.2804391773802871,0.3121996058647097,0.0,0.2853927389532726,0.2962611005240837,0.2998017304567988,0.0,0.2991622573719033,0.0,0.2716261555761788
0.0,0.0,0.0,0.0,0.2623533052044643,0.2449250441933296,0.2736589863039185,0.2817462492105594,0.1791972806795207,0.0,0.2047823381952836,0.0,0.2831663299278296,0.2423499290061803,0.0,0.0,0.0,0.0,0.1751818207031376,0.0,0.0,0.0,0.2242268728043445,0.0,0.0,0.0,0.1845044070258623,0.2888066499816557,0.0,0.3046111108401057,0.2897828467730435,0.2698037263680032,0.0,0.2930101185956551,0.2899868860249666,0.2646206754816654,0.2912525050440027,0.0,0.3465922927638793,0.0,0.0,0.0,0.3253009307082358,0.0,0.0,0.0,0.0,0.2646700476574267,0.0,0.3693865672787314,0.3371904458034152,0.0,0.3540835059138451,0.3390618953293171,0.0,0.2872141453343583,0.0,0.0,0.3140048374759008,0.0,0.0,0.0,0.0,0.2046943193741373,0.0,0.0,0.0,0.3326981503122574,0.0,0.0,0.0,0.3424929950693968,0.0,0.0,0.0,0.0
0.0,0.0,0.0,0.0,0.191250466233136,0.2492276719138891,0.2061305493014115,0.2341708676004472,0.2470163810677868,0.0,0.2272656192830627,0.0,0.190625188246999,0.2010117559206837,0.0,0.0,0.0,0.0,0.2468188450916721,0.0,0.0,0.0,0.2561415084309457,0.0,0.0,0.0,0.2841590971745564,0.1577514491005973,0.0,0.0,0.0,0.1854427550185804,0.0,0.1556358988801829,0.199836669696284,0.1229026787479277,0.1122876964540623,0.0,0.0,0.0,0.0,0.0,0.0,0.0,0.0,0.0,0.0,0.0,0.0,0.0,0.0,0.0,0.0,0.0,0.0,0.0,0.0,0.0,0.0,0.0,0.0,0.0,0.0,0.0,0.0,0.0,0.0,0.0,0.0,0.0,0.0,0.0,0.0,0.0,0.0,0.0
0.0,0.2673318068057145,0.2623533052044643,0.191250466233136,0.0,0.2425031916733683,0.2116491894434983,0.2369490912531532,0.2051389172128,0.2664820046513582,0.1964254195630169,0.2445315310912993,0.2338299165250941,0.2031239287524827,0.0,0.0,0.0,0.0,0.2265528748378609,0.2531277977875134,0.0,0.2654793817451127,0.2465852573533529,0.0,0.2844196211387161,0.0,0.2560898430891846,0.2254781685520436,0.2536770020142223,0.0,0.2566016192357763,0.2294943209091137,0.2954483817005539,0.2464269500773327,0.2141395157624654,0.1693473513188648,0.1604334094099515,0.0,0.0,0.0,0.0,0.0,0.2452279484247647,0.0,0.0,0.0,0.0,0.335157723242505,0.0,0.0,0.0,0.0,0.3254485024249912,0.0,0.0,0.2690182364576885,0.0,0.0,0.0,0.0,0.0,0.0,0.0,0.0,0.0,0.0,0.0,0.3139258818423183,0.0,0.0,0.0,0.3304675004098072,0.0,0.0,0.0,0.0
0.2995035587909927,0.2493005757663397,0.2449250441933296,0.2492276719138891,0.2425031916733683,0.0,0.2616944775390693,0.2467587449093257,0.2016012827870011,0.2819076673507095,0.2319774449983587,0.0,0.2487955798082285,0.2210819046227997,0.28429042172387,0.2653324511640813,0.0,0.2677292246861314,0.2472044220064346,0.2720148989792512,0.2689615237898977,0.2737685084607646,0.2486160894642393,0.0,0.2347823163233225,0.272096579057997,0.2436204466291166,0.2468809939448956,0.2197959148661232,0.2651614907045092,0.2747517709473486,0.2551752749481309,0.2579072977693403,0.2776310716209505,0.2724598583448528,0.2635661346042773,0.2698910784194326,0.0,0.291333427541295,0.0,0.3144994138876049,0.3445627877564752,0.2998304169689456,0.0,0.0,0.0,0.0,0.3254453286785409,0.0,0.0,0.3088470232134287,0.3267822464023785,0.2938816577468851,0.3103891514749748,0.0,0.0,0.0,0.3192390815923006,0.0,0.3184086412239329,0.0,0.0,0.0,0.3336536489329199,0.3162741845068079,0.3122898599082074,0.0,0.3183449371439117,0.0,0.0,0.0,0.3134829200756654,0.3174693222021878,0.2941985057638968,0.0,0.3169857639954599
0.0,0.2731153480781292,0.2736589863039185,0.2061305493014115,0.2116491894434983,0.2616944775390693,0.0,0.2327976307287272,0.2398668378031873,0.2616875554206273,0.2774773694663731,0.2367770395961,0.2095552183122492,0.2472839317530233,0.0,0.2914343114189738,0.0,0.2900809969145077,0.2604940028164389,0.2713462207456487,0.0,0.2829632599281523,0.2532475245951716,0.0,0.2756907078972432,0.2738857045889079,0.2675712125144679,0.2385658787308655,0.2641706593169687,0.0,0.2437729725875798,0.2470202654153341,0.2630740487515041,0.2606996808994605,0.2643941396312791,0.2030123450409146,0.2074165199699391,0.0,0.0,0.0,0.0,0.0,0.0,0.0,0.0,0.0,0.0,0.0,0.0,0.0,0.0,0.0,0.0,0.0,0.0,0.0,0.0,0.0,0.0,0.0,0.0,0.0,0.0,0.0,0.0,0.0,0.0,0.3137202110778915,0.0,0.0,0.0,0.3184184669056459,0.0,0.0,0.0,0.0
0.3323853212616308,0.3051908248434383,0.2817462492105594,0.2341708676004472,0.2369490912531532,0.2467587449093257,0.2327976307287272,0.0,0.2826900843149617,0.0,0.1983665263498888,0.0,0.2555776724173873,0.2164542071644807,0.266831751617777,0.3012305821506702,0.0,0.3101879105567981,0.2623740079465126,0.2710293938963904,0.2550066501785056,0.2894909994995555,0.2335252071255447,0.3361167373221962,0.282468831265603,0.3012916706644429,0.2778619668929485,0.2542944552276502,0.2329772971951076,0.2482250832751169,0.2535926645255739,0.2412987160402745,0.2977553281658278,0.2486131606672479,0.2817145853970001,0.1598969885155014,0.2345514014974533,0.0,0.2573154860371775,0.0,0.3175873208567543,0.0,0.2434315459005162,0.0,0.0,0.0,0.0,0.3212757130763594,0.0,0.3369626892674544,0.2918114660677902,0.3058436709970696,0.2529537826368118,0.3096406229186224,0.0,0.2697217635294666,0.0,0.2884833025258723,0.2348621441051185,0.3162223845523457,0.0,0.0,0.0,0.3221242490725581,0.2758566405884887,0.3054852278051951,0.0,0.3052811954922253,0.0,0.0,0.0,0.3200222617853888,0.301529011256348,0.2876574719824703,0.0,0.3107073233226132
0.0,0.2620569591941027,0.1791972806795207,0.2470163810677868,0.2051389172128,0.2016012827870011,0.2398668378031873,0.2826900843149617,0.0,0.2841629398115955,0.1772261853889417,0.0,0.2221281517445985,0.2438026315949323,0.0,0.0,0.0,0.0,0.1553108056135163,0.2597048570662076,0.0,0.2750921387684846,0.2580102432767019,0.0,0.0,0.0,0.2284882641688148,0.2656617906072755,0.2506731900345262,0.2899324191820804,0.258926343312123,0.2461323016727815,0.0,0.266841858757231,0.272132426943572,0.2561979607427846,0.2631102510947694,0.0,0.3225171544689461,0.0,0.0,0.0,0.2861864484672722,0.0,0.0,0.0,0.0,0.3416660960242075,0.0,0.0,0.3318935338926522,0.0,0.3042331954616454,0.3480235084548235,0.0,0.3312659743166683,0.0,0.0,0.0,0.0,0.0,0.0,0.0,0.3403654882657759,0.0,0.0,0.0,0.3170028548707467,0.0,0.0,0.0,0.307641411944463,0.0,0.0,0.0,0.0
0.2461126229921192,0.0,0.0,0.0,0.2664820046513582,0.2819076673507095,0.2616875554206273,0.0,0.2841629398115955,0.0,0.0,0.185487798048165,0.2616494270428946,0.0,0.0,0.243354303631996,0.1982092592222663,0.2238788237871961,0.0,0.0,0.0,0.2644149451205932,0.0,0.1871968280926052,0.200678758698192,0.2121280439480685,0.0,0.2598271715913131,0.0,0.0,0.2012491041375918,0.2274475141087981,0.1844675352973943,0.1718262543313702,0.1737694438832062,0.2430567590319872,0.0936241846224417,0.1718283695461786,0.2565813023227185,0.2075822240949323,0.2106185606469561,0.0,0.0,0.0,0.1717692436148276,0.0,0.0,0.0,0.0,0.0,0.0,0.0,0.0,0.0,0.2603914480499984,0.0,0.2685230365982247,0.0,0.0,0.0,0.0,0.2735337719053981,0.2574807474704877,0.0,0.0,0.0,0.0,0.0,0.251513675202656,0.2719452111329742,0.2817589294937129,0.0,0.2451634701864141,0.0,0.0,0.2444734380920891
0.0,0.0,0.2047823381952836,0.2272656192830627,0.1964254195630169,0.2319774449983587,0.2774773694663731,0.1983665263498888,0.1772261853889417,0.0,0.0,0.0,0.2748709326748904,0.194083642994934,0.0,0.0,0.0,0.0,0.1559882770277374,0.0,0.0,0.0,0.1850580875031909,0.0,0.0,0.0,0.2520508387339436,0.2752621566291678,0.0,0.0,0.2601390690825412,0.2353346086179084,0.0,0.2793728489355446,0.2409959149257458,0.2040808737787836,0.0,0.0,0.0,0.0,0.0,0.0,0.2628065223506626,0.0,0.0,0.0,0.0,0.3097316352684109,0.0,0.2487052665055963,0.3314718701108227,0.2792202803780969,0.3070579805689209,0.2828021981328356,0.0,0.162413793520701,0.0,0.2771678697124962,0.2196057668281721,0.0,0.0,0.0,0.0,0.1614978957788691,0.0,0.0,0.0,0.3221381203242844,0.0,0.0,0.0,0.3472692890772384,0.0,0.0,0.0,0.0
0.2426152009575033,0.0,0.0,0.0,0.2445315310912993,0.0,0.2367770395961,0.0,0.0,0.185487798048165,0.0,0.0,0.2597123843478237,0.0,0.0,0.0,0.2286345453866149,0.243126990888204,0.0,0.0,0.0,0.0,0.0,0.182907398451792,0.2143260772178342,0.1983605592575296,0.0,0.2486415957400291,0.0,0.0,0.2193344543177249,0.191199791753699,0.1919940580650777,0.1717073109343946,0.2040717945006044,0.1878968873369557,0.2111329757865842,0.1557257831590808,0.186598408406781,0.2362486840095067,0.2441579051251021,0.0,0.0,0.0,0.2227952284772078,0.0,0.0,0.0,0.0,0.0,0.0,0.0,0.0,0.0,0.2835274522591746,0.0,0.2847442895108162,0.0,0.0,0.0,0.0,0.290955083138998,0.2772882663086506,0.0,0.0,0.0,0.0,0.0,0.2725319422206019,0.2856563936958605,0.2944179546743059,0.0,0.0,0.0,0.0,0.2611733406140238
0.0,0.2712449973289464,0.2831663299278296,0.190625188246999,0.2338299165250941,0.2487955798082285,0.2095552183122492,0.2555776724173873,0.2221281517445985,0.2616494270428946,0.2748709326748904,0.2597123843478237,0.0,0.2350678862047088,0.2839112454896991,0.290135731740297,0.2837906776874037,0.2864796880288137,0.2624932480974569,0.271184308352952,0.2748373081225152,0.2878687837224846,0.2552337150502513,0.2545248800471438,0.274867497607521,0.2679279758682165,0.2675152335163058,0.2147407339202838,0.247080618323631,0.2290315965844455,0.2571008791486647,0.2514212134252602,0.2758700237388772,0.2647536401066425,0.2571116361383219,0.2127529323768829,0.2032984134931974,0.2568247494272527,0.3103130442035938,0.0,0.0,0.0,0.0,0.0,0.0,0.0,0.0,0.0,0.0,0.0,0.3221568673030063,0.0,0.2998816228092069,0.0,0.0,0.0,0.0,0.0,0.0,0.0,0.0,0.0,0.0,0.0,0.0,0.0,0.0,0.3097777141836655,0.0,0.0,0.0,0.3143765195618442,0.0,0.3231165763240818,0.0,0.0
0.0,0.0,0.2423499290061803,0.2010117559206837,0.2031239287524827,0.2210819046227997,0.2472839317530233,0.2164542071644807,0.2438026315949323,0.0,0.194083642994934,0.0,0.2350678862047088,0.0,0.0,0.0,0.0,0.0,0.2254978592819922,0.0,0.2613446896923049,0.0,0.2120968885042423,0.0,0.0,0.0,0.2631027342629862,0.1292818707927786,0.0,0.0,0.0,0.1632417059275194,0.0,0.0,0.0,0.1450914735771963,0.1115715272629847,0.0,0.0,0.0,0.0,0.0,0.253476461451448,0.0,0.0,0.0,0.0,0.3308180212090238,0.0,0.0,0.0,0.0,0.0,0.3205331658307911,0.0,0.276232314190478,0.0,0.0,0.0,0.0,0.0,0.0,0.0,0.0,0.0,0.0,0.0,0.3041624259579,0.0,0.0,0.0,0.0,0.0,0.0,0.0,0.0
0.2710879911592423,0.2702953329850951,0.0,0.0,0.0,0.28429042172387,0.0,0.266831751617777,0.0,0.0,0.0,0.0,0.2839112454896991,0.0,0.0,0.2726722076066109,0.0,0.2611506661280802,0.0,0.1845179230875281,0.2660677811947419,0.2225018377469621,0.2357196439051188,0.3186115551581401,0.2440283826595213,0.256153210199097,0.2641455134434985,0.2661837362381236,0.2343999496094342,0.0,0.2575483906733188,0.2794427278404039,0.2567413100625308,0.2752873547876226,0.3025935318466454,0.2974458590003468,0.0,0.0,0.3155527044846289,0.3038068598421996,0.3202135184157944,0.3405570823519342,0.0,0.0,0.0,0.0,0.3217369295464579,0.0,0.0,0.0,0.3006770332536139,0.0,0.2612936610009744,0.0,0.0,0.0,0.0,0.0,0.0,0.3235696427639952,0.3235745455857556,0.0,0.0,0.0,0.2938477814804486,0.3194063653329915,0.3199692166773334,0.3098457117060971,0.0,0.0,0.3413883899186093,0.3065960072334607,0.0,0.2931342339589718,0.0,0.3142077903006259
0.2494829788624233,0.2512720312537862,0.0,0.0,0.0,0.2653324511640813,0.2914343114189738,0.3012305821506702,0.0,0.243354303631996,0.0,0.0,0.290135731740297,0.0,0.2726722076066109,0.0,0.2398783482184133,0.2210426146525448,0.0,0.2555587157046995,0.2711534859348596,0.2445374038311986,0.2670907236645273,0.0,0.2444912217103498,0.2600819864515661,0.2795889936974525,0.2872885501930403,0.2613098974486043,0.2784204638312221,0.2289196281649619,0.2491314934023532,0.2397028388980004,0.2519641452298922,0.2751741068475389,0.0,0.0,0.0,0.2785735171046817,0.2660797894487665,0.2841025678668212,0.3060847098564572,0.0,0.0,0.0,0.26277589596781,0.2896169143417526,0.0,0.0,0.0,0.0,0.0,0.0,0.0,0.0,0.0,0.0,0.0,0.0,0.3209641961407291,0.2820047065588877,0.0,0.2556731094695349,0.0,0.3088673557886687,0.3151324837339123,0.3023842205397966,0.0,0.0,0.2816440385849199,0.2977694826158073,0.0,0.0,0.0,0.0,0.2732018127386125
0.2371754381720298,0.0,0.0,0.0,0.0,0.0,0.0,0.0,0.0,0.1982092592222663,0.0,0.2286345453866149,0.2837906776874037,0.0,0.0,0.2398783482184133,0.0,0.2001197468118385,0.0,0.2760793232049358,0.0,0.2397796865828195,0.0,0.2333247365435769,0.1957949211661846,0.2344971102142006,0.0,0.2765688935983529,0.0,0.0,0.2162508027467418,0.2740939700393737,0.2272621254943318,0.2389933506591187,0.2532260154784381,0.0,0.0,0.2131835994233108,0.0,0.2288932359184156,0.0,0.0,0.0,0.0,0.0,0.0,0.0,0.0,0.0,0.0,0.0,0.0,0.0,0.0,0.2709848135406486,0.0,0.2902939113107037,0.0,0.0,0.0,0.0,0.2718905056762465,0.2681349194638665,0.0,0.0,0.0,0.0,0.0,0.2923685934895313,0.2686450912585009,0.2819575340965716,0.0,0.0,0.0,0.0,0.0
0.2309858499432306,0.2505672352071875,0.0,0.0,0.0,0.2677292246861314,0.2900809969145077,0.3101879105567981,0.0,0.2238788237871961,0.0,0.243126990888204,0.2864796880288137,0.0,0.2611506661280802,0.2210426146525448,0.2001197468118385,0.0,0.0,0.2650644568685545,0.259519809502157,0.2593348882830097,0.2769226365571276,0.2164849777747079,0.2233371426127121,0.2351928023523037,0.2756639496078493,0.2824856293004243,0.2680425037871646,0.0,0.2286957688898752,0.2674029006276128,0.2108019063875028,0.2393515083509293,0.2571133342742031,0.0,0.0,0.0,0.2483447534967378,0.2417805894781372,0.2439097736997946,0.2809011764989509,0.0,0.0,0.0,0.2588828878383394,0.2779507954875926,0.0,0.0,0.0,0.0,0.0,0.0,0.0,0.2717938133149409,0.0,0.2636769892180216,0.0,0.0,0.0,0.2700190772265946,0.2490054636021243,0.2573752114592124,0.0,0.0,0.0,0.2861686078059695,0.0,0.2826613318950184,0.2677880034769178,0.2768455398887015,0.0,0.0,0.0,0.0,0.262475585865058
0.0,0.0,0.1751818207031376,0.2468188450916721,0.2265528748378609,0.2472044220064346,0.2604940028164389,0.2623740079465126,0.1553108056135163,0.0,0.1559882770277374,0.0,0.2624932480974569,0.2254978592819922,0.0,0.0,0.0,0.0,0.0,0.0,0.0,0.0,0.1924751575687878,0.0,0.0,0.0,0.227709740159293,0.2525803392604925,0.0,0.0,0.2774013245330617,0.2475501736801867,0.0,0.2785082735890967,0.0,0.2402103751780997,0.0,0.0,0.3276174363324199,0.0,0.0,0.0,0.2900275331506299,0.0,0.0,0.0,0.0,0.3404413031227701,0.0,0.0,0.3469962918543796,0.0,0.3522260311012246,0.3406100438176956,0.0,0.2689345332441381,0.0,0.0,0.0,0.0,0.0,0.0,0.0,0.3431650161026684,0.0,0.0,0.0,0.3488095403045586,0.0,0.0,0.0,0.3489703504014291,0.0,0.0,0.0,0.0
0.2966577095529673,0.2673376620891022,0.0,0.0,0.2531277977875134,0.2720148989792512,0.2713462207456487,0.2710293938963904,0.2597048570662076,0.0,0.0,0.0,0.271184308352952,0.0,0.1845179230875281,0.2555587157046995,0.2760793232049358,0.2650644568685545,0.0,0.0,0.2717748897740089,0.2314936138843353,0.2282272924761699,0.0,0.2522977154056677,0.2776787729035236,0.2233822226271989,0.2438806167248807,0.2095161564132476,0.2109152009139673,0.2328729977941808,0.2988992054554736,0.2498769567609106,0.2854837910860712,0.3069660163000876,0.3363176270507276,0.31421491513581,0.0,0.3114281222267169,0.2928905925994026,0.3179003103105602,0.3259765939187506,0.0,0.0,0.0,0.0,0.0,0.0,0.0,0.0,0.3147678306006459,0.0,0.0,0.0,0.0,0.0,0.0,0.0,0.0,0.3059838204862642,0.0,0.0,0.0,0.0,0.299076605629445,0.2982815713977616,0.3003250590133756,0.3185909933094435,0.0,0.0,0.3124814747278913,0.3146769509476279,0.3297179543921614,0.3045527394623458,0.0,0.3092539250160568
0.2712178738140112,0.268338400550866,0.0,0.0,0.0,0.2689615237898977,0.0,0.2550066501785056,0.0,0.0,0.0,0.0,0.2748373081225152,0.2613446896923049,0.2660677811947419,0.2711534859348596,0.0,0.259519809502157,0.0,0.2717748897740089,0.0,0.2915817047723724,0.2517841631840666,0.317995528128313,0.2609318165003986,0.2631321533568413,0.2732157665849957,0.2670551210114267,0.2512216878647479,0.0,0.2536503030517026,0.2762958955378948,0.2460338860676976,0.2727213942603827,0.3095882579895821,0.2855095000331222,0.0,0.0,0.2894803444580689,0.2602018967975532,0.3007029721487917,0.3375580935419972,0.0,0.0,0.0,0.2301374274233218,0.3011887040564502,0.0,0.0,0.0,0.2760467896086669,0.0,0.2449296427645622,0.0,0.0,0.0,0.0,0.0,0.0,0.3151636264557619,0.2965743029192698,0.0,0.0,0.0,0.2915509575760346,0.2867421262320879,0.3154811804454496,0.31035203175798,0.0,0.3062017848121803,0.3139334776532919,0.3115512343919329,0.3073594927090348,0.2523644084177058,0.0,0.2944278232026471
0.2707381041923654,0.2409338893259709,0.0,0.0,0.2654793817451127,0.2737685084607646,0.2829632599281523,0.2894909994995555,0.2750921387684846,0.2644149451205932,0.0,0.0,0.2878687837224846,0.0,0.2225018377469621,0.2445374038311986,0.2397796865828195,0.2593348882830097,0.0,0.2314936138843353,0.2915817047723724,0.0,0.2449801292021613,0.0,0.2470313760880856,0.2632476225921444,0.282749642219441,0.2756131974197985,0.2438352936229674,0.2525006244697966,0.2439878002488732,0.2854935538604972,0.2517890869590045,0.2780361399983008,0.3067794467416079,0.3361985320593839,0.3179748214353512,0.0,0.3085621456254216,0.296956128062027,0.3049522844226368,0.3320252385332915,0.0,0.0,0.0,0.2898544724879668,0.3042520319392742,0.0,0.0,0.0,0.3039741649971634,0.0,0.0,0.0,0.0,0.0,0.0,0.0,0.0,0.3217091079549188,0.3009267087377484,0.0,0.3172175270528036,0.0,0.3018062004180143,0.3193872956268392,0.3122226309245975,0.3097626834669119,0.0,0.2953185729071781,0.3183442065866227,0.310967643991164,0.0,0.2942288641930857,0.0,0.3051861510340162
0.3038612502072171,0.2667115632656112,0.2242268728043445,0.2561415084309457,0.2465852573533529,0.2486160894642393,0.2532475245951716,0.2335252071255447,0.2580102432767019,0.0,0.1850580875031909,0.0,0.2552337150502513,0.2120968885042423,0.2357196439051188,0.2670907236645273,0.0,0.2769226365571276,0.1924751575687878,0.2282272924761699,0.2517841631840666,0.2449801292021613,0.0,0.3254787174761178,0.2629114289690561,0.2765027556136154,0.2223691476529969,0.2576068517412033,0.2402271331452045,0.2587725845340569,0.2668815688393295,0.2588305625357963,0.2557705848754801,0.2806164844518066,0.297494165423924,0.2485200834728732,0.2741620996113904,0.0,0.3162148626781887,0.0,0.3129172060629701,0.3349108915873734,0.3137497342644536,0.0,0.0,0.0,0.3205750528661156,0.3298290391392481,0.0,0.3691896359278279,0.3153917887771788,0.3119901962466761,0.3097288383337831,0.3108730620490478,0.0,0.3029669178693093,0.0,0.3133671099757057,0.3313309154424997,0.3158860710208649,0.0,0.0,0.0,0.3302060576376394,0.3136824037885838,0.3147538903054996,0.3178540527847226,0.3273791789169982,0.0,0.0,0.3157202136199994,0.3285036978542958,0.3213381518999931,0.3104524210689969,0.32901302875567,0.322082833789074
0.2415969877872227,0.0,0.0,0.0,0.0,0.0,0.0,0.3361167373221962,0.0,0.1871968280926052,0.0,0.182907398451792,0.2545248800471438,0.0,0.3186115551581401,0.0,0.2333247365435769,0.2164849777747079,0.0,0.0,0.317995528128313,0.0,0.3254787174761178,0.0,0.2099630458152697,0.2217199478761808,0.3447691677576496,0.2546557230874117,0.0,0.0,0.1930185182994937,0.2081688641737787,0.1324864658578891,0.1483352020848585,0.1632215363845336,0.0,0.0,0.1415355563376344,0.2867636684169919,0.2234485357414533,0.230108738821179,0.0,0.0,0.0,0.1802113679438993,0.2679333999697549,0.0,0.0,0.0,0.0,0.0,0.0,0.0,0.0,0.2749776829217977,0.0,0.2790926336364334,0.0,0.0,0.0,0.2777979009789696,0.3010714792654882,0.2773630434577738,0.0,0.0,0.0,0.0,0.0,0.2572276703076777,0.2857546515764625,0.2984780769672681,0.0,0.0,0.0,0.0,0.2512023991630443
0.2272504947640481,0.2433420887649097,0.0,0.0,0.2844196211387161,0.2347823163233225,0.2756907078972432,0.282468831265603,0.0,0.200678758698192,0.0,0.2143260772178342,0.274867497607521,0.0,0.2440283826595213,0.2444912217103498,0.1957949211661846,0.2233371426127121,0.0,0.2522977154056677,0.2609318165003986,0.2470313760880856,0.2629114289690561,0.2099630458152697,0.0,0.2248523462515719,0.2576128443479282,0.2731148392279519,0.2441882677500252,0.0,0.2309149780927079,0.2550520337662286,0.1979977919748798,0.221190717275016,0.2388175104739504,0.0,0.0,0.2026791397326068,0.2681552943276805,0.2503056472914458,0.2434692043838262,0.2708805179989338,0.0,0.0,0.0,0.264091720363371,0.2613347660261316,0.0,0.0,0.0,0.0,0.0,0.0,0.0,0.2666683282989996,0.0,0.2728428107163128,0.0,0.0,0.0,0.2719722782661792,0.2698450922178417,0.259821620309952,0.0,0.2972253594970668,0.2915277655064317,0.2808268171180358,0.0,0.2741613873810357,0.2703297041004434,0.2780701199063009,0.0,0.0,0.0,0.0,0.2639401712829177
0.2318698760767125,0.2361543867128916,0.0,0.0,0.0,0.272096579057997,0.2738857045889079,0.3012916706644429,0.0,0.2121280439480685,0.0,0.1983605592575296,0.2679279758682165,0.0,0.256153210199097,0.2600819864515661,0.2344971102142006,0.2351928023523037,0.0,0.2776787729035236,0.2631321533568413,0.2632476225921444,0.2765027556136154,0.2217199478761808,0.2248523462515719,0.0,0.2833790384350595,0.2749354576041481,0.2498401389620881,0.0,0.2411346934539621,0.2609287177348969,0.2149764382049894,0.2338145043100358,0.2634193063966247,0.2796562450180092,0.0,0.2095718339192626,0.2858489718052518,0.2580835632732158,0.2743375655532555,0.2909408469042491,0.0,0.0,0.2018235954014136,0.2766137978567658,0.2787417645784251,0.0,0.0,0.0,0.0,0.0,0.0,0.0,0.2905257525644973,0.0,0.294189432825634,0.0,0.0,0.3320655733491152,0.2820591133095177,0.286255506554278,0.2686506393858663,0.0,0.2998307891725495,0.3121095082993818,0.309471973443519,0.3126264747736615,0.2839694997539824,0.2790045316052396,0.290095769260987,0.3137411558944701,0.0,0.3042161764014158,0.0,0.2720991109282972
0.2992350535707579,0.2676847506591853,0.1845044070258623,0.2841590971745564,0.2560898430891846,0.2436204466291166,0.2675712125144679,0.2778619668929485,0.2284882641688148,0.0,0.2520508387339436,0.0,0.2675152335163058,0.2631027342629862,0.2641455134434985,0.2795889936974525,0.0,0.2756639496078493,0.227709740159293,0.2233822226271989,0.2732157665849957,0.282749642219441,0.2223691476529969,0.3447691677576496,0.2576128443479282,0.2833790384350595,0.0,0.2665562973468849,0.2437725741650551,0.2607667854840975,0.27311050147325,0.2765349748279955,0.2575060036932198,0.2929172057912581,0.3055331716242351,0.3066919590905064,0.2954398643417243,0.0,0.3139284822100036,0.0,0.3315217585413516,0.336218533330799,0.3162573267997787,0.0,0.0,0.0,0.0,0.3525418949350825,0.0,0.0,0.3217405226008631,0.3339536011783667,0.3277971343197966,0.3363741107076902,0.0,0.3367494691409899,0.0,0.3245824466046237,0.0,0.3168087824902358,0.0,0.0,0.0,0.3598370469119776,0.3143741038540475,0.3151092509782301,0.3229346412140128,0.3334233436981577,0.0,0.0,0.3296496153722464,0.3267441458027595,0.3300780416027338,0.3108579861719625,0.3330004154594394,0.3286153188661022
0.3000324743867366,0.2747381753820505,0.2888066499816557,0.1577514491005973,0.2254781685520436,0.2468809939448956,0.2385658787308655,0.2542944552276502,0.2656617906072755,0.2598271715913131,0.2752621566291678,0.2486415957400291,0.2147407339202838,0.1292818707927786,0.2661837362381236,0.2872885501930403,0.2765688935983529,0.2824856293004243,0.2525803392604925,0.2438806167248807,0.2670551210114267,0.2756131974197985,0.2576068517412033,0.2546557230874117,0.2731148392279519,0.2749354576041481,0.2665562973468849,0.0,0.2127607676963575,0.1889456894121308,0.2363087314082094,0.2452129607028453,0.2531357892553968,0.2586233589949381,0.2417207203415236,0.1872437640380266,0.1650162770310655,0.2258614971932449,0.3075963244610333,0.0,0.3305379564364922,0.379896585284441,0.0,0.0,0.0,0.0,0.0,0.0,0.0,0.0,0.3130225370262401,0.0,0.3021602380165425,0.0,0.0,0.0,0.0,0.0,0.0,0.3228621975347381,0.0,0.0,0.0,0.0,0.3078212919460841,0.303756712396265,0.0,0.3173462648059747,0.0,0.0,0.0,0.3154847362200351,0.3260359843301763,0.3080769265972181,0.0,0.340371207969479
0.2795085285698868,0.2462665941312614,0.0,0.0,0.2536770020142223,0.2197959148661232,0.2641706593169687,0.2329772971951076,0.2506731900345262,0.0,0.0,0.0,0.247080618323631,0.0,0.2343999496094342,0.2613098974486043,0.0,0.2680425037871646,0.0,0.2095161564132476,0.2512216878647479,0.2438352936229674,0.2402271331452045,0.0,0.2441882677500252,0.2498401389620881,0.2437725741650551,0.2127607676963575,0.0,0.2153471253296719,0.2288536440133391,0.2564240862850552,0.2230060027482117,0.2635007016079162,0.2816199309440316,0.300416926143335,0.2921553845324455,0.0,0.2949859369962817,0.0,0.3184241438534748,0.3373092055778921,0.0,0.0,0.0,0.0,0.0,0.0,0.0,0.0,0.3057712101919999,0.0,0.2989938396581425,0.0,0.0,0.0,0.0,0.3236484333130005,0.0,0.2914595456593493,0.0,0.0,0.0,0.0,0.2985880718396868,0.2847959712250048,0.2965011935797627,0.3095839068063408,0.0,0.0,0.3026190687888095,0.3085320750991564,0.3156058426119487,0.289755721756349,0.0,0.3194344304398862
0.0,0.0,0.3046111108401057,0.0,0.0,0.2651614907045092,0.0,0.2482250832751169,0.2899324191820804,0.0,0.0,0.0,0.2290315965844455,0.0,0.0,0.2784204638312221,0.0,0.0,0.0,0.2109152009139673,0.0,0.2525006244697966,0.2587725845340569,0.0,0.0,0.0,0.2607667854840975,0.1889456894121308,0.2153471253296719,0.0,0.2015832846505215,0.254281946482547,0.0,0.2419619626858501,0.2795333416363545,0.0,0.0,0.0,0.3074646207598281,0.0,0.0,0.0,0.0,0.0,0.0,0.0,0.0,0.0,0.0,0.0,0.0,0.0,0.0,0.0,0.0,0.0,0.0,0.0,0.0,0.0,0.0,0.0,0.0,0.0,0.0,0.0,0.0,0.3189446727742795,0.0,0.0,0.0,0.3216623752194414,0.0,0.0,0.0,0.0
0.2334200748748097,0.2473082880069422,0.2897828467730435,0.0,0.2566016192357763,0.2747517709473486,0.2437729725875798,0.2535926645255739,0.258926343312123,0.2012491041375918,0.2601390690825412,0.2193344543177249,0.2571008791486647,0.0,0.2575483906733188,0.2289196281649619,0.2162508027467418,0.2286957688898752,0.2774013245330617,0.2328729977941808,0.2536503030517026,0.2439878002488732,0.2668815688393295,0.1930185182994937,0.2309149780927079,0.2411346934539621,0.27311050147325,0.2363087314082094,0.2288536440133391,0.2015832846505215,0.0,0.2387510015782139,0.2279184519924691,0.218606590820373,0.229318793469296,0.2492801154691141,0.1986585181296314,0.18641033311584,0.2921285185274378,0.2038402327451646,0.2814195687847126,0.0,0.0,0.0,0.0,0.2667255375503491,0.2742527110651984,0.0,0.0,0.0,0.3236811057316326,0.0,0.3075366585278216,0.0,0.2437356162634089,0.0,0.2434864973894747,0.0,0.0,0.2793523714617338,0.2628889495776512,0.0,0.2640669054537499,0.0,0.2880170553946861,0.2934107281389319,0.2978487191590969,0.3080901227354765,0.1937353161943925,0.2733475094897355,0.2786535823111364,0.3209713460305093,0.3423906026525631,0.3124766787122957,0.0,0.2846117450892154
0.2623381380795775,0.2521020608972297,0.2698037263680032,0.1854427550185804,0.2294943209091137,0.2551752749481309,0.2470202654153341,0.2412987160402745,0.2461323016727815,0.2274475141087981,0.2353346086179084,0.191199791753699,0.2514212134252602,0.1632417059275194,0.2794427278404039,0.2491314934023532,0.2740939700393737,0.2674029006276128,0.2475501736801867,0.2988992054554736,0.2762958955378948,0.2854935538604972,0.2588305625357963,0.2081688641737787,0.2550520337662286,0.2609287177348969,0.2765349748279955,0.2452129607028453,0.2564240862850552,0.254281946482547,0.2387510015782139,0.0,0.2300230702884159,0.2347627585211605,0.2416444936662999,0.1961730406917069,0.2051342770180923,0.1869730607719991,0.2113659307883296,0.1811270843591629,0.2351950456894947,0.2291291827398707,0.1984620770765189,0.1916496889402328,0.1834548522301122,0.2925551028950811,0.2955180702372318,0.3288588825278101,0.0,0.0,0.2891652024016471,0.0,0.2633987053758947,0.3305256522941524,0.2000424964682533,0.0,0.1949795658772528,0.3139588060942147,0.0,0.3138749344591515,0.2932214366562996,0.0,0.2765746113153703,0.0,0.2971051951905182,0.3044713915072821,0.3059076115249076,0.3038982969005701,0.0,0.2898653824510693,0.297604169947525,0.3036910005834038,0.2863343880220882,0.2834306712650378,0.0,0.2774035575285988
0.2128741186577465,0.2230449184741301,0.0,0.0,0.2954483817005539,0.2579072977693403,0.2630740487515041,0.2977553281658278,0.0,0.1844675352973943,0.0,0.1919940580650777,0.2758700237388772,0.0,0.2567413100625308,0.2397028388980004,0.2272621254943318,0.2108019063875028,0.0,0.2498769567609106,0.2460338860676976,0.2517890869590045,0.2557705848754801,0.1324864658578891,0.1979977919748798,0.2149764382049894,0.2575060036932198,0.2531357892553968,0.2230060027482117,0.0,0.2279184519924691,0.2300230702884159,0.0,0.1800834334337861,0.2623275486026514,0.2543982040914134,0.2385360796992104,0.1215666997814599,0.222799518704193,0.1657771473117719,0.2330320956000524,0.2665169093279996,0.0,0.0,0.122385731752996,0.2564945023591035,0.2780294187836984,0.0,0.0,0.0,0.0,0.0,0.0,0.0,0.2075752975591491,0.0,0.2057697138492316,0.0,0.0,0.3075651354338998,0.2688607497331488,0.2702978967383015,0.2649044238022803,0.0,0.2951509182290399,0.290407068398367,0.3010275487421363,0.2901169013505597,0.2608766457952952,0.2709726378942011,0.2873439093252225,0.2670783955054655,0.0,0.2899986309712355,0.0,0.2639507311331617
0.2385835592833121,0.2427153834796809,0.2930101185956551,0.1556358988801829,0.2464269500773327,0.2776310716209505,0.2606996808994605,0.2486131606672479,0.266841858757231,0.1718262543313702,0.2793728489355446,0.1717073109343946,0.2647536401066425,0.0,0.2752873547876226,0.2519641452298922,0.2389933506591187,0.2393515083509293,0.2785082735890967,0.2854837910860712,0.2727213942603827,0.2780361399983008,0.2806164844518066,0.1483352020848585,0.221190717275016,0.2338145043100358,0.2929172057912581,0.2586233589949381,0.2635007016079162,0.2419619626858501,0.218606590820373,0.2347627585211605,0.1800834334337861,0.0,0.1603448578675894,0.2421762417147638,0.2036391970016872,0.1265351178094988,0.2647986906928283,0.1909019853525987,0.2929401299942029,0.328571912972203,0.0,0.0,0.0,0.2702534282153712,0.2879821227519594,0.0,0.0,0.0,0.3196232037636466,0.0,0.3128209450244554,0.0,0.2003377270466948,0.0,0.197856851139446,0.0,0.0,0.3157028410334933,0.2779783536329671,0.0,0.2700748554201905,0.0,0.2791472808960332,0.3127024876245795,0.3051158552977631,0.3201691537664741,0.0,0.2737343057241534,0.2937308374054845,0.3138258381162116,0.3310245079103473,0.3075414331847144,0.0,0.2907576943768526
0.2627642112142722,0.2797530545667275,0.2899868860249666,0.199836669696284,0.2141395157624654,0.2724598583448528,0.2643941396312791,0.2817145853970001,0.272132426943572,0.1737694438832062,0.2409959149257458,0.2040717945006044,0.2571116361383219,0.0,0.3025935318466454,0.2751741068475389,0.2532260154784381,0.2571133342742031,0.0,0.3069660163000876,0.3095882579895821,0.3067794467416079,0.297494165423924,0.1632215363845336,0.2388175104739504,0.2634193063966247,0.3055331716242351,0.2417207203415236,0.2816199309440316,0.2795333416363545,0.229318793469296,0.2416444936662999,0.2623275486026514,0.1603448578675894,0.0,0.2439560659843925,0.2433942022742903,0.1693806165316485,0.2236887809663788,0.2571142113242709,0.2891285481716796,0.253240715296532,0.2311840887581035,0.2313365612673682,0.0,0.0,0.2842240495820526,0.0,0.0,0.0,0.0,0.0,0.0,0.0,0.0,0.0,0.0,0.0,0.0,0.3258858089033282,0.2962652703525708,0.0,0.2782473576186691,0.0,0.3194061532348856,0.3271381226897183,0.3170066397470586,0.3209929100380547,0.0,0.2905433244726624,0.3042182696791617,0.3314934404164718,0.0,0.3276327031806516,0.0,0.0
0.0,0.0,0.2646206754816654,0.1229026787479277,0.1693473513188648,0.2635661346042773,0.2030123450409146,0.1598969885155014,0.2561979607427846,0.2430567590319872,0.2040808737787836,0.1878968873369557,0.2127529323768829,0.1450914735771963,0.2974458590003468,0.0,0.0,0.0,0.2402103751780997,0.3363176270507276,0.2855095000331222,0.3361985320593839,0.2485200834728732,0.0,0.0,0.2796562450180092,0.3066919590905064,0.1872437640380266,0.300416926143335,0.0,0.2492801154691141,0.1961730406917069,0.2543982040914134,0.2421762417147638,0.2439560659843925,0.0,0.139336484241078,0.1956119697435934,0.0,0.0,0.0,0.0,0.2226986668711239,0.0,0.0,0.0,0.0,0.3060276597696623,0.0,0.0,0.3002167773597635,0.3008146320167695,0.2789167664606046,0.2959963220613828,0.0,0.2479232807476035,0.0,0.2974458643076898,0.2182073383953077,0.0,0.0,0.0,0.0,0.2979940692188736,0.0,0.0,0.0,0.2913559194952475,0.0,0.0,0.0,0.3261004408556058,0.3007527363508477,0.348263842937828,0.0,0.0
0.0,0.0,0.2912525050440027,0.1122876964540623,0.1604334094099515,0.2698910784194326,0.2074165199699391,0.2345514014974533,0.2631102510947694,0.0936241846224417,0.0,0.2111329757865842,0.2032984134931974,0.1115715272629847,0.0,0.0,0.0,0.0,0.0,0.31421491513581,0.0,0.3179748214353512,0.2741620996113904,0.0,0.0,0.0,0.2954398643417243,0.1650162770310655,0.2921553845324455,0.0,0.1986585181296314,0.2051342770180923,0.2385360796992104,0.2036391970016872,0.2433942022742903,0.139336484241078,0.0,0.193959919860725,0.1744228580742088,0.0,0.0,0.0,0.0,0.0,0.0,0.0,0.0,0.0,0.0,0.0,0.0,0.0,0.0,0.0,0.0,0.0,0.0,0.0,0.0,0.0,0.0,0.0,0.0,0.0,0.0,0.0,0.0,0.0,0.0,0.0,0.0,0.0,0.0,0.0,0.0,0.0
0.0,0.0,0.0,0.0,0.0,0.0,0.0,0.0,0.0,0.1718283695461786,0.0,0.1557257831590808,0.2568247494272527,0.0,0.0,0.0,0.2131835994233108,0.0,0.0,0.0,0.0,0.0,0.0,0.1415355563376344,0.2026791397326068,0.2095718339192626,0.0,0.2258614971932449,0.0,0.0,0.18641033311584,0.1869730607719991,0.1215666997814599,0.1265351178094988,0.1693806165316485,0.1956119697435934,0.193959919860725,0.0,0.1912260189715424,0.1405046597106021,0.1586934056537576,0.0,0.0,0.0,0.1285801931834487,0.0,0.0,0.0,0.0,0.0,0.0,0.0,0.0,0.0,0.2005083726876742,0.0,0.181699300241057,0.0,0.0,0.0,0.0,0.0,0.0,0.0,0.0,0.0,0.0,0.0,0.1680500666978331,0.0,0.2162182483180383,0.0,0.0,0.0,0.0,0.0
0.2737058197047214,0.2869426125267542,0.3465922927638793,0.0,0.0,0.291333427541295,0.0,0.2573154860371775,0.3225171544689461,0.2565813023227185,0.0,0.186598408406781,0.3103130442035938,0.0,0.3155527044846289,0.2785735171046817,0.0,0.2483447534967378,0.3276174363324199,0.3114281222267169,0.2894803444580689,0.3085621456254216,0.3162148626781887,0.2867636684169919,0.2681552943276805,0.2858489718052518,0.3139284822100036,0.3075963244610333,0.2949859369962817,0.3074646207598281,0.2921285185274378,0.2113659307883296,0.222799518704193,0.2647986906928283,0.2236887809663788,0.0,0.1744228580742088,0.1912260189715424,0.0,0.2033654904196785,0.2383169068093029,0.2478408814095724,0.1999897616588124,0.1963376957089741,0.1833622495940018,0.259573004580916,0.2663579984926791,0.2292695275889493,0.1845569237814401,0.2232542108973791,0.2263206476886331,0.2339647664517435,0.2317355104204187,0.2135934629047165,0.2148097422880614,0.2130404133837933,0.1938194115529443,0.230811346641291,0.1439589176970682,0.2757304517504984,0.2740166219098154,0.231023706590553,0.2580705214627056,0.2042052899330564,0.2846055262565468,0.2679241674471079,0.2785338792848896,0.2529273322718834,0.181853739904966,0.2517349851592859,0.2628907880631315,0.2608675541073637,0.2316220319253309,0.2471763833284998,0.2614429327810824,0.241927638338383
0.2580925836784717,0.2795475497759903,0.0,0.0,0.0,0.0,0.0,0.0,0.0,0.2075822240949323,0.0,0.2362486840095067,0.0,0.0,0.3038068598421996,0.2660797894487665,0.2288932359184156,0.2417805894781372,0.0,0.2928905925994026,0.2602018967975532,0.296956128062027,0.0,0.2234485357414533,0.2503056472914458,0.2580835632732158,0.0,0.0,0.0,0.0,0.2038402327451646,0.1811270843591629,0.1657771473117719,0.1909019853525987,0.2571142113242709,0.0,0.0,0.1405046597106021,0.2033654904196785,0.0,0.1771147037255261,0.2415692954508865,0.2725148563825111,0.182157895697873,0.1284479152016175,0.2120469519519975,0.2242760351007467,0.0,0.0,0.2401450272918346,0.2381482442626274,0.2401638716845894,0.3144672740539148,0.0,0.1959692077251199,0.2456584333828733,0.1734849681915632,0.2503181283211229,0.0,0.2394924403760326,0.2270334640974986,0.202264645886321,0.1994546636593643,0.0,0.2290546185680187,0.2246010511087495,0.2392841047424626,0.2320565303938677,0.1613716440887803,0.1958347516585478,0.2137489003535594,0.2237479433398202,0.2160042663019597,0.1784770334947165,0.2499622757798448,0.2109027077228595
0.2661769742713439,0.2615622589838225,0.0,0.0,0.0,0.3144994138876049,0.0,0.3175873208567543,0.0,0.2106185606469561,0.0,0.2441579051251021,0.0,0.0,0.3202135184157944,0.2841025678668212,0.0,0.2439097736997946,0.0,0.3179003103105602,0.3007029721487917,0.3049522844226368,0.3129172060629701,0.230108738821179,0.2434692043838262,0.2743375655532555,0.3315217585413516,0.3305379564364922,0.3184241438534748,0.0,0.2814195687847126,0.2351950456894947,0.2330320956000524,0.2929401299942029,0.2891285481716796,0.0,0.0,0.1586934056537576,0.2383169068093029,0.1771147037255261,0.0,0.215459121542191,0.2324435942403243,0.1953970063267307,0.1569016869745016,0.2140596218324325,0.2458844110519143,0.2461551021798859,0.1598482268605095,0.25394997952281,0.2626686096534952,0.2474378472383693,0.2523831047846885,0.248236510035794,0.1892838194366224,0.2452823844457027,0.1727323662891386,0.24964764695254,0.2302582622526161,0.2786442167604914,0.246394188480171,0.2148960673326568,0.2196211391019228,0.2146186975279896,0.2798415333761082,0.2719529145873494,0.2687103411802836,0.2704825838049335,0.1617104582438727,0.2169734511560361,0.2343674525170422,0.2749115567726581,0.2325888812181067,0.2573707170595827,0.2514955020567185,0.1987117573861937
0.0,0.3008267782518888,0.0,0.0,0.0,0.3445627877564752,0.0,0.0,0.0,0.0,0.0,0.0,0.0,0.0,0.3405570823519342,0.3060847098564572,0.0,0.2809011764989509,0.0,0.3259765939187506,0.3375580935419972,0.3320252385332915,0.3349108915873734,0.0,0.2708805179989338,0.2909408469042491,0.336218533330799,0.379896585284441,0.3373092055778921,0.0,0.0,0.2291291827398707,0.2665169093279996,0.328571912972203,0.253240715296532,0.0,0.0,0.0,0.2478408814095724,0.2415692954508865,0.215459121542191,0.0,0.2625887563216971,0.216960091507375,0.1965263566814037,0.2695097824796015,0.286612928594985,0.2741108434884258,0.1896340382116105,0.2344062917644253,0.2560934163249893,0.244580701749221,0.2753087077483259,0.2417675929381539,0.2052616115657898,0.2229264958560542,0.2235596873519201,0.2378487802684757,0.0,0.316110106295598,0.2898944763362998,0.2281468891635218,0.2587259888987925,0.2126257201163028,0.3215497984004876,0.3198613580617151,0.3171850871186829,0.2770559459700931,0.1514468184058979,0.2501778139671945,0.2786335177644663,0.280835501537129,0.2078390546560074,0.2864315247191901,0.2957259006684688,0.2260529454827368
