0.0,0.2795542948658562,0.0,0.0,0.0,0.2978707407885407,0.0,0.372002148700652,0.0,0.2648402442820355,0.0,0.2402339116422246,0.0,0.3678895250258352,0.2656069541677592,0.2963546909132198,0.2476311398054765,0.2723519718357443,0.0,0.2946266798249145,0.3167811947415909,0.3044616313714766,0.3437505574515025,0.2749250766174257,0.2699647206933073,0.2582222552579846,0.2768889722870958,0.3354226518076345,0.3463949217066948,0.0,0.2911444582427445,0.3257199616904598,0.2729598227060897,0.2769579611887362,0.3193000560277695,0.0,0.0,0.0,0.3153778934101182,0.2790482825331762,0.292974818428016,0.0,0.0,0.0,0.0,0.2567084012763671,0.3088421095309044,0.0,0.0,0.0,0.0,0.0,0.0,0.0,0.3046385834039853,0.0,0.0,0.0,0.0,0.0,0.3086974842301741,0.0,0.2927258349847649,0.0,0.0,0.2769615017017134,0.3029456228997283,0.0,0.0,0.3026720560834028,0.312088647171399,0.0,0.0,0.0,0.0,0.3099136481221493
0.2795542948658562,0.0,0.0,0.0,0.3121136845578405,0.2750856704528259,0.3065039068545819,0.3003833239070659,0.2924899863481332,0.0,0.0,0.0,0.3138016282692835,0.0,0.2942913694822521,0.2704175808088007,0.0,0.2591322941821065,0.0,0.2868132053625591,0.2816680105622947,0.2831538890349979,0.2727428485489107,0.0,0.2483861091692992,0.2828619086302459,0.2640276837563858,0.3236167545316472,0.2911324372334291,0.0,0.2739216586298643,0.3231342423792802,0.2790332216875573,0.2758116627646433,0.3151758326107263,0.0,0.0,0.0,0.3306641613441519,0.3101632932844497,0.3364649442149199,0.3505193874845575,0.0,0.0,0.0,0.3160660252458294,0.3453433850519435,0.0,0.0,0.0,0.3534164272049939,0.0,0.0,0.0,0.0,0.0,0.0,0.0,0.0,0.3483108656390147,0.337982927082369,0.0,0.3119054273810962,0.0,0.321398813638502,0.3332668350938712,0.3335656401787342,0.0,0.0,0.3227188134610276,0.3475437113376984,0.3366381832242446,0.0,0.3383946109660818,0.0,0.3171871826429608
0.0,0.0,0.0,0.3109243793854588,0.2594508506448666,0.2560927877208084,0.2876981391499898,0.2965428558695419,0.1976076625239492,0.0,0.2154725437683187,0.0,0.2952459734593408,0.2915229614523143,0.0,0.0,0.0,0.0,0.1885855455889356,0.0,0.0,0.0,0.2097126074182524,0.0,0.0,0.0,0.2235431741199723,0.3025870283721197,0.2665214323767572,0.2723626458884056,0.3215831686968233,0.2991110843156617,0.0,0.3236507581930519,0.3233688273631765,0.2907365273888425,0.316885965182749,0.0,0.3332808804116908,0.0,0.0,0.0,0.2952531329531245,0.0,0.0,0.0,0.0,0.1803052820100549,0.0,0.3310449464249014,0.3315662921870017,0.3678123023574801,0.3398442189252746,0.2727064497605522,0.0,0.2410555863475574,0.0,0.0,0.3098430112881972,0.0,0.0,0.0,0.0,0.0971820217310441,0.0,0.0,0.0,0.3166870405635975,0.0,0.0,0.0,0.3346161211895763,0.0,0.0,0.0,0.0
0.0,0.0,0.3109243793854588,0.0,0.1758830216720507,0.2861673915371198,0.1787393779763275,0.2663850268399504,0.2797725617340744,0.0,0.2631824443521584,0.2534887713064883,0.218727012178063,0.1979785404961175,0.0,0.0,0.0,0.0,0.2871680920344049,0.2980060334644345,0.0,0.0,0.2991708508653753,0.0,0.0,0.0,0.3010789251513183,0.1744087872329045,0.0,0.0,0.0,0.2044471409884953,0.0,0.1935429323036983,0.2266080669079469,0.1367722757194071,0.1263769897891415,0.0,0.0,0.0,0.0,0.0,0.0,0.0,0.0,0.0,0.0,0.0,0.0,0.0,0.0,0.0,0.0,0.0,0.0,0.0,0.0,0.0,0.0,0.0,0.0,0.0,0.0,0.0,0.0,0.0,0.0,0.0,0.0,0.0,0.0,0.0,0.0,0.0,0.0,0.0
0.0,0.3121136845578405,0.2594508506448666,0.1758830216720507,0.0,0.2596233601924252,0.2297554326437035,0.2501226516331453,0.2451076292212249,0.3063924168741158,0.2357101450138074,0.3040072755335445,0.2587229479167453,0.1724475563465408,0.0,0.327977656904216,0.0,0.0,0.252574593961307,0.2746042955283322,0.0,0.3075355604981344,0.2536326488414304,0.0,0.3142744683414885,0.3289857177021774,0.2593552725816592,0.2700638332295971,0.262350361766445,0.0,0.3220521775253068,0.2805556710647522,0.3267616257041777,0.3079431807499916,0.302157197478819,0.1695143940026344,0.235607386668747,0.3160657249427313,0.2823345785814722,0.0,0.0,0.0,0.2279064518495027,0.0,0.0,0.0,0.0,0.3285341541172283,0.0,0.0,0.0,0.0,0.0,0.0,0.0,0.2898233907945095,0.0,0.0,0.0,0.0,0.0,0.0,0.0,0.0,0.0,0.0,0.0,0.3445403110738922,0.0,0.0,0.0,0.3482270112742058,0.0,0.0,0.0,0.0
0.2978707407885407,0.2750856704528259,0.2560927877208084,0.2861673915371198,0.2596233601924252,0.0,0.2624617782991725,0.2856242460683273,0.2180543788830254,0.3148522207645433,0.2592967297554959,0.3251491266425486,0.2400525438190554,0.2849694881025421,0.2562702816089222,0.2976837545140429,0.0,0.2908007088261871,0.2637105667762489,0.2434000971305033,0.2811595689281441,0.2822870547045346,0.2399009969784282,0.0,0.2764582206022991,0.2981877767155277,0.2012116649283418,0.2283421726883278,0.1934679131548277,0.2624871843765425,0.295682445651699,0.3045970489531474,0.2804043152128326,0.3048413537038433,0.3277221513011716,0.3130571839191373,0.3136666082195855,0.0,0.3358749120865643,0.0,0.3508817738002414,0.4124561582791838,0.28483343379859,0.0,0.0,0.0,0.0,0.321897731106622,0.0,0.3811579779095492,0.3383186834915996,0.3496234561356676,0.3153188128743445,0.3082874326494841,0.0,0.3262451028736354,0.0,0.3550145169146917,0.0,0.0,0.0,0.0,0.0,0.2998171689579701,0.3540102408188015,0.0,0.0,0.3424004500050662,0.0,0.0,0.0,0.3339918301724527,0.3545771253891642,0.3310305031898425,0.0,0.3571541058914957
0.0,0.3065039068545819,0.2876981391499898,0.1787393779763275,0.2297554326437035,0.2624617782991725,0.0,0.3032063688173569,0.2554488014443175,0.2898210660361465,0.2881462104963681,0.2879538091857088,0.2295717770261555,0.1960195272115241,0.0,0.3218372641752599,0.0,0.0,0.2886146686009917,0.2986793296695664,0.0,0.3191492022700765,0.2852246039844175,0.2743486430096368,0.2931749327524103,0.3011841458674306,0.2736214879825102,0.2442207878788726,0.2699531635734911,0.0,0.3022772006913105,0.2657536938417618,0.2915143741582592,0.2784440490566606,0.2965794575450498,0.1794440769885045,0.190524687025165,0.2890807354276473,0.0,0.0,0.0,0.0,0.3145529245725575,0.0,0.0,0.0,0.0,0.0,0.0,0.0,0.3714429663684027,0.0,0.0,0.0,0.0,0.0,0.0,0.0,0.0,0.0,0.0,0.0,0.0,0.0,0.0,0.0,0.0,0.3509932584307298,0.0,0.0,0.0,0.3568079721762364,0.0,0.0,0.0,0.0
0.372002148700652,0.3003833239070659,0.2965428558695419,0.2663850268399504,0.2501226516331453,0.2856242460683273,0.3032063688173569,0.0,0.2970181609788297,0.3227707386381429,0.2390580928131108,0.0,0.323474674507294,0.2527135745158377,0.2486309660229003,0.3315699026649578,0.0,0.322469216310996,0.2724816890386037,0.2698859175815774,0.2870736130710207,0.319838208383065,0.2503511056756039,0.3703153279292987,0.312191281078421,0.3314232273001852,0.2817629309255821,0.3269948066210905,0.2807293601281241,0.3242959121427538,0.3477343275379901,0.2952182067465515,0.3100883928659593,0.3874977342878905,0.3703955769508065,0.1601254919368014,0.3381098539967763,0.0,0.3417194773059331,0.0,0.3534341094237939,0.0,0.2625551825253895,0.0,0.0,0.0,0.0,0.273002638164827,0.0,0.325280563352622,0.3191067043272021,0.3386565974234664,0.2453245867913984,0.2876699239611814,0.0,0.2873396914060583,0.0,0.3376915384344452,0.280804412157661,0.2774129194413621,0.0,0.0,0.0,0.2704486543853904,0.3075326560879401,0.0,0.0,0.3201383696642382,0.0,0.0,0.0,0.306597338051312,0.3376956628159728,0.3062794783044676,0.0,0.3525981228616998
0.0,0.2924899863481332,0.1976076625239492,0.2797725617340744,0.2451076292212249,0.2180543788830254,0.2554488014443175,0.2970181609788297,0.0,0.3199880654515968,0.2192097275513841,0.3275305060840188,0.2474996157308007,0.2834677986064359,0.0,0.3161344550318815,0.0,0.0,0.18364960220493,0.2558056240959607,0.0,0.3004680289420571,0.2601188727973538,0.0,0.3103322057056528,0.3348594770043409,0.2393897445530404,0.3001550470591561,0.2446168270876256,0.2861688807918187,0.3140703058606463,0.289184660288308,0.3197774429753974,0.3093109564433599,0.3086102815938114,0.2861013754903264,0.2952532262455021,0.3231472648384709,0.3239166262646856,0.0,0.0,0.0,0.0,0.0,0.0,0.0,0.0,0.3187981116913842,0.0,0.0,0.3364940137104276,0.3697989495099469,0.3077821882076531,0.3453767239626257,0.0,0.3167966120411531,0.0,0.0,0.3116699337668631,0.0,0.0,0.0,0.0,0.3061417285280283,0.0,0.0,0.0,0.3301305375214395,0.0,0.0,0.0,0.3155765473513608,0.0,0.0,0.0,0.0
0.2648402442820355,0.0,0.0,0.0,0.3063924168741158,0.3148522207645433,0.2898210660361465,0.3227707386381429,0.3199880654515968,0.0,0.3130642172240718,0.1979230774085225,0.2946491538686341,0.295144005367024,0.0,0.2552808981852067,0.2075457320157428,0.2372415038805966,0.3286753914318237,0.0,0.2779291943112063,0.0,0.3063774722362968,0.2219628346745853,0.2325595505220795,0.2330640259789035,0.0,0.2798273685491557,0.0,0.0,0.2286081467931332,0.2313094473484672,0.2168454351183919,0.2272518058062217,0.2245022497147688,0.2923103782143291,0.0,0.1888511221269135,0.2518274741563487,0.2139522000173111,0.2016746226819089,0.0,0.0,0.0,0.1887486173739145,0.2946914735021463,0.0,0.0,0.0,0.0,0.0,0.0,0.0,0.0,0.2768821132026873,0.0,0.2680821611286202,0.2819478864804808,0.0,0.0,0.0,0.2934165282553582,0.2896756451019304,0.0,0.0,0.0,0.0,0.0,0.2756059960910449,0.2986818255890094,0.3040370016172446,0.0,0.2537796134921428,0.0,0.0,0.2504421215379878
0.0,0.0,0.2154725437683187,0.2631824443521584,0.2357101450138074,0.2592967297554959,0.2881462104963681,0.2390580928131108,0.2192097275513841,0.3130642172240718,0.0,0.3155328012777726,0.3006032585914204,0.2225989066116426,0.0,0.0,0.0,0.0,0.1755147840350856,0.0,0.0,0.0,0.2323655260617334,0.3266463641999355,0.0,0.0,0.2537004678342444,0.3023367118746527,0.0,0.0,0.3273621834754614,0.3003250958799254,0.3226716007722405,0.3088555601390581,0.3041364044655896,0.2230730217592219,0.2863520246356409,0.3156629906786057,0.2716163119422257,0.0,0.0,0.0,0.2539724436011387,0.0,0.0,0.0,0.0,0.1936763827262628,0.0,0.2834971741069141,0.0,0.3070533444672811,0.2856774353239523,0.2764322137950552,0.0,0.2077189456931185,0.0,0.0,0.2709473331761196,0.0,0.0,0.0,0.0,0.1269929061574008,0.0,0.0,0.0,0.0,0.0,0.0,0.0,0.3299489825658144,0.0,0.0,0.0,0.0
0.2402339116422246,0.0,0.0,0.2534887713064883,0.3040072755335445,0.3251491266425486,0.2879538091857088,0.0,0.3275305060840188,0.1979230774085225,0.3155328012777726,0.0,0.2856598536152787,0.0,0.0,0.0,0.2481658525964834,0.2437306770630423,0.0,0.0,0.3168772322668594,0.0,0.0,0.2014672623673949,0.2375579658933101,0.2213463674364304,0.0,0.2663468013876636,0.0,0.0,0.2279307502067003,0.1991150593655519,0.1779176772578393,0.191618610842319,0.244534210371584,0.2664425562829311,0.2524465869402411,0.1710319943456127,0.195316093468216,0.2221868846820673,0.2331786067127176,0.2261188084805974,0.0,0.0,0.2036271699123558,0.0,0.0,0.0,0.0,0.0,0.0,0.0,0.0,0.0,0.2786547275186053,0.0,0.2582987286793815,0.0,0.0,0.0,0.0,0.3049718481102659,0.2945419929898716,0.0,0.0,0.0,0.0,0.0,0.2772935811502764,0.3049588878740428,0.3045524410366677,0.0,0.2678192570259887,0.0,0.0,0.2546940037880257
0.0,0.3138016282692835,0.2952459734593408,0.218727012178063,0.2587229479167453,0.2400525438190554,0.2295717770261555,0.323474674507294,0.2474996157308007,0.2946491538686341,0.3006032585914204,0.2856598536152787,0.0,0.2558592501230666,0.3003790980437891,0.329113812926533,0.303437251623721,0.3050823759387179,0.2956281672573773,0.2975089311922875,0.3169405109680155,0.3217096100813224,0.2982872147117038,0.2921702141427807,0.2919464088016751,0.2961188275492879,0.2778063663084037,0.2221342116703659,0.2474201718721049,0.2480480397554081,0.287873478317547,0.2724922323040771,0.3013717041385615,0.2936501552136717,0.312318069836105,0.2306173197262117,0.2389153693008767,0.2867197545554893,0.3328481706214506,0.0,0.3519327580276468,0.0,0.3020957977654689,0.0,0.0,0.0,0.0,0.4230464054004875,0.0,0.0,0.36533862961192,0.0,0.3497144296993631,0.0,0.0,0.0,0.0,0.0,0.0,0.0,0.0,0.0,0.0,0.0,0.0,0.0,0.0,0.3599921248791041,0.0,0.0,0.0,0.3580700168663518,0.0,0.0,0.0,0.0
0.3678895250258352,0.0,0.2915229614523143,0.1979785404961175,0.1724475563465408,0.2849694881025421,0.1960195272115241,0.2527135745158377,0.2834677986064359,0.295144005367024,0.2225989066116426,0.0,0.2558592501230666,0.0,0.0,0.0,0.0,0.0,0.2558852882702399,0.0,0.3151718103762518,0.0,0.2597236724937378,0.0,0.0,0.0,0.2900716834595773,0.1969848689673765,0.0,0.0,0.2883832466598187,0.1437142004452444,0.0,0.2775397948120764,0.0,0.1489238037517556,0.1303625174477458,0.0,0.2179621431667523,0.0,0.0,0.0,0.2471500460961155,0.0,0.0,0.0,0.0,0.0,0.0,0.0,0.0,0.0,0.0,0.0,0.0,0.2890709658105271,0.0,0.0,0.0,0.0,0.0,0.0,0.0,0.0,0.0,0.0,0.0,0.2929129209552851,0.0,0.0,0.0,0.0,0.0,0.0,0.0,0.0
0.2656069541677592,0.2942913694822521,0.0,0.0,0.0,0.2562702816089222,0.0,0.2486309660229003,0.0,0.0,0.0,0.0,0.3003790980437891,0.0,0.0,0.3243080354587137,0.0,0.2983460366096291,0.0,0.2250841464355634,0.2674366075894429,0.2475314676050859,0.2100028150490715,0.2888114525505917,0.288132726155181,0.2720017354061785,0.2244179408584217,0.2978552772508192,0.2872578673394056,0.2335993851994404,0.3189506965929597,0.3318506266253399,0.2886891088117288,0.3213319307630908,0.3549886767640728,0.3873036128472161,0.0,0.0,0.3472388503962911,0.3482839426228731,0.3425713425247106,0.3705991290834409,0.4129066908272637,0.0,0.0,0.0,0.3349003662304969,0.0,0.0,0.0,0.3084920747669477,0.0,0.2905846148363935,0.0,0.0,0.0,0.0,0.0,0.0,0.273080301564633,0.3469299677776167,0.0,0.0,0.0,0.3037455396527538,0.3232167831001843,0.3087377308546116,0.3227583246261371,0.0,0.0,0.3509294572280292,0.3269707651258595,0.370248026729214,0.3337795773032689,0.0,0.3441857643421169
0.2963546909132198,0.2704175808088007,0.0,0.0,0.327977656904216,0.2976837545140429,0.3218372641752599,0.3315699026649578,0.3161344550318815,0.2552808981852067,0.0,0.0,0.329113812926533,0.0,0.3243080354587137,0.0,0.2529783236419708,0.2471757102362124,0.0,0.2943471176307187,0.2987022222653771,0.271422396629299,0.2851276634563509,0.2618149654512358,0.2721245803039488,0.2952040063783303,0.2841936985156848,0.3165918164616714,0.3015884851426653,0.0,0.2595219535828517,0.3236473188088787,0.2643833989151402,0.2748441462702595,0.3103292414356566,0.0,0.0,0.0,0.344292559142432,0.3079271005744968,0.3197246349783437,0.3416260921451705,0.0,0.0,0.0,0.3291802206136525,0.3338347768487237,0.0,0.0,0.0,0.0,0.0,0.0,0.0,0.0,0.0,0.0,0.0,0.0,0.3463284306135747,0.3355479404677711,0.0,0.3229271858018404,0.0,0.3508747561213281,0.3417316711570588,0.3270406869787777,0.0,0.0,0.3267194908072366,0.3374681789042498,0.0,0.0,0.0,0.0,0.3214292702920815
0.2476311398054765,0.0,0.0,0.0,0.0,0.0,0.0,0.0,0.0,0.2075457320157428,0.0,0.2481658525964834,0.303437251623721,0.0,0.0,0.2529783236419708,0.0,0.2185574898686534,0.0,0.0,0.0,0.2770708884371479,0.0,0.2470852126729616,0.2324896165062336,0.2450784773254772,0.0,0.2921680670109479,0.0,0.0,0.2439908411314085,0.2948098862050378,0.2637625738514955,0.2556932760757608,0.2543610142722404,0.0,0.0,0.0,0.0,0.2810632209720898,0.3079552361986647,0.0,0.0,0.0,0.0,0.0,0.0,0.0,0.0,0.0,0.0,0.0,0.0,0.0,0.2522641608283987,0.0,0.2657076346411267,0.0,0.0,0.0,0.0,0.2882698381703211,0.294126610938981,0.0,0.0,0.0,0.0,0.0,0.2399991179370703,0.2906177289354013,0.2976324194207626,0.0,0.0,0.0,0.0,0.3384465957248694
0.2723519718357443,0.2591322941821065,0.0,0.0,0.0,0.2908007088261871,0.0,0.322469216310996,0.0,0.2372415038805966,0.0,0.2437306770630423,0.3050823759387179,0.0,0.2983460366096291,0.2471757102362124,0.2185574898686534,0.0,0.0,0.2893303824995719,0.2712553348007349,0.2908586282260855,0.2929088651608815,0.2327886588425572,0.2376194563390596,0.2481967784635234,0.2803911283238474,0.2978300358442945,0.2986818646698548,0.0,0.2546067776719319,0.295670937786371,0.2584114663907714,0.261895236382044,0.2706836000526158,0.0,0.0,0.0,0.3254002580463271,0.2886531641636273,0.3038322028957444,0.3252877965525453,0.0,0.0,0.0,0.2986267846523002,0.3175134762933632,0.0,0.0,0.0,0.0,0.0,0.0,0.0,0.234695939664913,0.0,0.2544265715250111,0.0,0.0,0.0,0.3148129422625746,0.2422196819894585,0.2942155800536907,0.0,0.0,0.0,0.299822839656153,0.0,0.2403107528982155,0.2928651969061427,0.2991714735297788,0.0,0.0,0.0,0.0,0.3005674790035614
0.0,0.0,0.1885855455889356,0.2871680920344049,0.252574593961307,0.2637105667762489,0.2886146686009917,0.2724816890386037,0.18364960220493,0.3286753914318237,0.1755147840350856,0.0,0.2956281672573773,0.2558852882702399,0.0,0.0,0.0,0.0,0.0,0.0,0.0,0.0,0.2213916706233718,0.0,0.0,0.0,0.2489781689434109,0.2942303805827628,0.0,0.0,0.3149551857196249,0.2865816202721333,0.0,0.3118282731500361,0.2973124162864486,0.2610562257117784,0.2957418153179482,0.3436015579409314,0.2949706741581165,0.0,0.0,0.0,0.2713178108875998,0.0,0.0,0.0,0.0,0.2210895630477881,0.0,0.3281095165015334,0.3411956435640946,0.0,0.3038516303963768,0.3131828163960365,0.0,0.2583116765082472,0.0,0.0,0.2862999537330125,0.0,0.0,0.0,0.0,0.2900735830524447,0.0,0.0,0.0,0.3327079863050267,0.0,0.0,0.0,0.3235379680200049,0.0,0.0,0.0,0.0
0.2946266798249145,0.2868132053625591,0.0,0.2980060334644345,0.2746042955283322,0.2434000971305033,0.2986793296695664,0.2698859175815774,0.2558056240959607,0.0,0.0,0.0,0.2975089311922875,0.0,0.2250841464355634,0.2943471176307187,0.0,0.2893303824995719,0.0,0.0,0.2818964431528485,0.2529107943598196,0.1538875796911621,0.0,0.2867310136240457,0.3000916977102695,0.1994126638670179,0.2740939202576484,0.2189360804042211,0.2582426432281013,0.2513388691504671,0.3298329095869335,0.2834085898919318,0.2885753025415993,0.3396819842108046,0.0,0.0,0.0,0.3422865741417395,0.326531018010151,0.3414807809990261,0.3515295574554667,0.0,0.0,0.0,0.0,0.3390670095877096,0.0,0.0,0.0,0.3720967465333423,0.0,0.0,0.0,0.0,0.0,0.0,0.0,0.0,0.3269771488758586,0.0,0.0,0.0,0.0,0.3355941079000433,0.3118824424949925,0.3307398785505003,0.3327389181732254,0.0,0.0,0.3375089852138656,0.3408878691100144,0.0,0.3374589612528657,0.0,0.3307457029708874
0.3167811947415909,0.2816680105622947,0.0,0.0,0.0,0.2811595689281441,0.0,0.2870736130710207,0.0,0.2779291943112063,0.0,0.3168772322668594,0.3169405109680155,0.3151718103762518,0.2674366075894429,0.2987022222653771,0.0,0.2712553348007349,0.0,0.2818964431528485,0.0,0.3170129857773098,0.2551213702601344,0.3377812637994676,0.2638586089003081,0.2739044134747281,0.248652294612694,0.3156203669314777,0.3129011408065706,0.0,0.3450299250753525,0.3441068183326432,0.2971264380727346,0.3176187121913922,0.3584251975827247,0.4137784632498095,0.0,0.0,0.3451497021262897,0.3093897447362523,0.3320279728311962,0.3727729633984173,0.0,0.0,0.0,0.249140325796768,0.3277464041056458,0.0,0.0,0.0,0.3078598533950582,0.0,0.2263377379729391,0.0,0.0,0.0,0.0,0.0,0.0,0.3138773165307598,0.3198511316473475,0.0,0.0,0.0,0.3160482589866847,0.2092957515721285,0.3310645254658092,0.2985737535670665,0.0,0.0,0.3393928905083507,0.317101473940322,0.3286979724666726,0.3212110794671686,0.0,0.3246320163667095
0.3044616313714766,0.2831538890349979,0.0,0.0,0.3075355604981344,0.2822870547045346,0.3191492022700765,0.319838208383065,0.3004680289420571,0.0,0.0,0.0,0.3217096100813224,0.0,0.2475314676050859,0.271422396629299,0.2770708884371479,0.2908586282260855,0.0,0.2529107943598196,0.3170129857773098,0.0,0.262090533213328,0.0,0.2806301538593747,0.3026458566279905,0.2670518186823186,0.3060944838077761,0.2599732974943331,0.2792287618941144,0.2686661843661094,0.3452691616405659,0.3262769961584006,0.3112144607708912,0.355151946695306,0.4011522234405449,0.0,0.0,0.3478031930202397,0.3408140978474098,0.3431231752219568,0.3655922488009211,0.0,0.0,0.0,0.3321482898975463,0.3509568965759921,0.0,0.0,0.0,0.3335052198080392,0.0,0.0,0.0,0.0,0.0,0.0,0.0,0.0,0.3477701271447544,0.3351335166822962,0.0,0.0,0.0,0.3363447080232083,0.3428323404676578,0.34593131194855,0.3280333107018436,0.0,0.3196426993635232,0.3594522033822363,0.3292681742619383,0.0,0.3353479117678121,0.0,0.3315028251107714
0.3437505574515025,0.2727428485489107,0.2097126074182524,0.2991708508653753,0.2536326488414304,0.2399009969784282,0.2852246039844175,0.2503511056756039,0.2601188727973538,0.3063774722362968,0.2323655260617334,0.0,0.2982872147117038,0.2597236724937378,0.2100028150490715,0.2851276634563509,0.0,0.2929088651608815,0.2213916706233718,0.1538875796911621,0.2551213702601344,0.262090533213328,0.0,0.3452110754495474,0.2793761437426523,0.2910899668702524,0.2058586259078526,0.2950972945194817,0.2474849311124603,0.2713606791848363,0.2924613292976373,0.2993061112064439,0.2624604850126645,0.3125889583081093,0.3253185448863322,0.311143201722787,0.3123919985209328,0.0,0.3409036143467585,0.2866798576410485,0.3567712588759844,0.3581886698772006,0.297986767404215,0.0,0.0,0.0,0.3468105028119607,0.275947246686145,0.0,0.3603429215569289,0.3443904563342405,0.3483077315084091,0.3200614631611168,0.3131309871211546,0.0,0.3053026348746688,0.0,0.3537241762896463,0.3294451740605206,0.3128765501809585,0.0,0.0,0.0,0.2260330837913187,0.3198131961134435,0.302303354368256,0.3175085003897807,0.3448710846758264,0.0,0.0,0.3317290348524804,0.3410432955028434,0.34549617204301,0.3319686118367557,0.3520232312399878,0.3562768888179378
0.2749250766174257,0.0,0.0,0.0,0.0,0.0,0.2743486430096368,0.3703153279292987,0.0,0.2219628346745853,0.3266463641999355,0.2014672623673949,0.2921702141427807,0.0,0.2888114525505917,0.2618149654512358,0.2470852126729616,0.2327886588425572,0.0,0.0,0.3377812637994676,0.0,0.3452110754495474,0.0,0.2394299170070698,0.237968839030158,0.3640897450022853,0.2769559395546061,0.0,0.0,0.2412087877575889,0.2082938839402634,0.1699972245395002,0.2022601400408001,0.2433460358403975,0.27173479952985,0.2780979509302961,0.1721732853361512,0.196306181560825,0.212246458383305,0.2208521187229261,0.2373099520790764,0.0,0.0,0.1514699753628376,0.2712228697223401,0.0,0.0,0.0,0.0,0.0,0.0,0.0,0.0,0.2501920511765124,0.0,0.231046195443089,0.0,0.0,0.0,0.0,0.2986995560548581,0.2927011305321274,0.0,0.0,0.0,0.0,0.0,0.2392044232293723,0.3003704367083111,0.3002710102737233,0.0,0.20665457589507,0.0,0.0,0.2612903448388152
0.2699647206933073,0.2483861091692992,0.0,0.0,0.3142744683414885,0.2764582206022991,0.2931749327524103,0.312191281078421,0.3103322057056528,0.2325595505220795,0.0,0.2375579658933101,0.2919464088016751,0.0,0.288132726155181,0.2721245803039488,0.2324896165062336,0.2376194563390596,0.0,0.2867310136240457,0.2638586089003081,0.2806301538593747,0.2793761437426523,0.2394299170070698,0.0,0.2468330430318771,0.2690871061128503,0.2889448754277205,0.2922413272692338,0.0,0.2583083889059249,0.2889424744068632,0.2330910638820539,0.2507705233658424,0.2727172405210483,0.0,0.0,0.2301408513997865,0.3170638620168463,0.2854265475210709,0.3025124909435517,0.3293910238359563,0.0,0.0,0.2203305289860829,0.30007441813801,0.3192007936018969,0.0,0.0,0.0,0.0,0.0,0.0,0.0,0.2635924194724909,0.0,0.2678456925115305,0.0,0.0,0.0,0.3195869744689007,0.2723852218519886,0.2940303039208026,0.0,0.32865556435987,0.0,0.3009496452365664,0.0,0.2350001300263063,0.2955066600988578,0.3006790223737985,0.0,0.0,0.3326901610791535,0.0,0.3026624361613937
0.2582222552579846,0.2828619086302459,0.0,0.0,0.3289857177021774,0.2981877767155277,0.3011841458674306,0.3314232273001852,0.3348594770043409,0.2330640259789035,0.0,0.2213463674364304,0.2961188275492879,0.0,0.2720017354061785,0.2952040063783303,0.2450784773254772,0.2481967784635234,0.0,0.3000916977102695,0.2739044134747281,0.3026458566279905,0.2910899668702524,0.237968839030158,0.2468330430318771,0.0,0.2798683848760079,0.2911183972137914,0.3005214984520879,0.0,0.2744810414257435,0.3172483317698155,0.2648873714057134,0.2783051035517616,0.3240505093498203,0.3691706258596743,0.0,0.2230771320928166,0.3284401418534107,0.3019709685813597,0.3116205163109949,0.3483351355603632,0.0,0.0,0.2301868746327435,0.3149797750065589,0.3555500568649784,0.0,0.0,0.0,0.3537969107057704,0.0,0.0,0.0,0.289135302914395,0.0,0.2908456806907871,0.0,0.0,0.3492049247270361,0.3426412727281443,0.2962512113145203,0.3009443549234116,0.0,0.3295751129757557,0.3452721628545671,0.3465646283519935,0.0,0.273863864987124,0.3039926403454298,0.322045207900857,0.3405832367961405,0.0,0.3413978721598372,0.0,0.3114420277537356
0.2768889722870958,0.2640276837563858,0.2235431741199723,0.3010789251513183,0.2593552725816592,0.2012116649283418,0.2736214879825102,0.2817629309255821,0.2393897445530404,0.0,0.2537004678342444,0.0,0.2778063663084037,0.2900716834595773,0.2244179408584217,0.2841936985156848,0.0,0.2803911283238474,0.2489781689434109,0.1994126638670179,0.248652294612694,0.2670518186823186,0.2058586259078526,0.3640897450022853,0.2690871061128503,0.2798683848760079,0.0,0.2811253999872434,0.1950750809572747,0.2481029591624823,0.2772452511930077,0.2943302449743224,0.2463886061919575,0.2931782901670756,0.3059956596019061,0.3173746849408985,0.3060535613624568,0.0,0.3306510261883985,0.3098856531007121,0.3502450363130841,0.3577947444276048,0.2964404922601746,0.0,0.0,0.0,0.3580220739126799,0.3222991902365966,0.0,0.3289140654585841,0.3357042919110731,0.3482963656931513,0.3177577488896913,0.3170360841661736,0.0,0.3193526334389137,0.0,0.3460785608151596,0.0,0.3053575840183195,0.0,0.0,0.0,0.0,0.314174226597195,0.2915820642054526,0.3156191928573812,0.3406980091590845,0.0,0.0,0.332244631788364,0.3374445806851702,0.3497174776487986,0.3310314456638607,0.0,0.3565257779185523
0.3354226518076345,0.3236167545316472,0.3025870283721197,0.1744087872329045,0.2700638332295971,0.2283421726883278,0.2442207878788726,0.3269948066210905,0.3001550470591561,0.2798273685491557,0.3023367118746527,0.2663468013876636,0.2221342116703659,0.1969848689673765,0.2978552772508192,0.3165918164616714,0.2921680670109479,0.2978300358442945,0.2942303805827628,0.2740939202576484,0.3156203669314777,0.3060944838077761,0.2950972945194817,0.2769559395546061,0.2889448754277205,0.2911183972137914,0.2811253999872434,0.0,0.2191568918309859,0.2240518771677316,0.2653310957985411,0.2646489715284182,0.2660680380998342,0.264324402205732,0.2637796022311249,0.2001822556122128,0.1950444889201241,0.2729172916219585,0.3322950318587926,0.260969047877822,0.3312492771020935,0.3107880496056877,0.2836713874679764,0.0,0.0,0.0,0.0,0.0,0.0,0.0,0.3568859738385241,0.0,0.3382621750641383,0.0,0.0,0.0,0.2933949351863002,0.0,0.0,0.0,0.0,0.0,0.0,0.0,0.3459364094854797,0.0,0.0,0.3614353388174204,0.0,0.0,0.0,0.358532440289699,0.3727632302549692,0.354851073657557,0.0,0.3874750795191747
0.3463949217066948,0.2911324372334291,0.2665214323767572,0.0,0.262350361766445,0.1934679131548277,0.2699531635734911,0.2807293601281241,0.2446168270876256,0.0,0.0,0.0,0.2474201718721049,0.0,0.2872578673394056,0.3015884851426653,0.0,0.2986818646698548,0.0,0.2189360804042211,0.3129011408065706,0.2599732974943331,0.2474849311124603,0.0,0.2922413272692338,0.3005214984520879,0.1950750809572747,0.2191568918309859,0.0,0.2325701897946827,0.2596701626663581,0.321146196010067,0.2617762727224985,0.2867741293029596,0.326442058125963,0.370898621989787,0.0,0.0,0.3597711248329213,0.0,0.3650789837733295,0.3858817906008667,0.4253549105961984,0.0,0.0,0.0,0.3523759572165154,0.0,0.0,0.0,0.3444378003249909,0.0,0.3356969647905563,0.0,0.0,0.0,0.0,0.3712458700921883,0.0,0.3431538310084411,0.0,0.0,0.0,0.0,0.3459716770892171,0.3354742789497692,0.3328353395233576,0.3483090847306296,0.0,0.0,0.3503028214206027,0.353955495915865,0.3566607716137475,0.3539918353566369,0.3807489655606491,0.3631326543801431
0.0,0.0,0.2723626458884056,0.0,0.0,0.2624871843765425,0.0,0.3242959121427538,0.2861688807918187,0.0,0.0,0.0,0.2480480397554081,0.0,0.2335993851994404,0.0,0.0,0.0,0.0,0.2582426432281013,0.0,0.2792287618941144,0.2713606791848363,0.0,0.0,0.0,0.2481029591624823,0.2240518771677316,0.2325701897946827,0.0,0.2250602043082898,0.2906054472389339,0.0,0.2639775909923706,0.3068642422972104,0.0,0.0,0.0,0.3654731676889043,0.0,0.0,0.0,0.0,0.0,0.0,0.0,0.0,0.0,0.0,0.0,0.3841044180283059,0.0,0.0,0.0,0.0,0.0,0.0,0.0,0.0,0.0,0.0,0.0,0.0,0.0,0.0,0.0,0.0,0.3607038500539656,0.0,0.0,0.0,0.3609390947581383,0.0,0.3798573195240031,0.0,0.0
0.2911444582427445,0.2739216586298643,0.3215831686968233,0.0,0.3220521775253068,0.295682445651699,0.3022772006913105,0.3477343275379901,0.3140703058606463,0.2286081467931332,0.3273621834754614,0.2279307502067003,0.287873478317547,0.2883832466598187,0.3189506965929597,0.2595219535828517,0.2439908411314085,0.2546067776719319,0.3149551857196249,0.2513388691504671,0.3450299250753525,0.2686661843661094,0.2924613292976373,0.2412087877575889,0.2583083889059249,0.2744810414257435,0.2772452511930077,0.2653310957985411,0.2596701626663581,0.2250602043082898,0.0,0.3388943467167743,0.2442638497349106,0.219680986042321,0.230614612082348,0.3561458087347609,0.3383919176418784,0.2081378699956677,0.3528141453742542,0.3112508753382313,0.3288634939567533,0.3607546096702491,0.0,0.0,0.0,0.3111711624453127,0.3504631159337174,0.0,0.0,0.0,0.3709632373369272,0.0,0.3619946706786415,0.0,0.278965507907882,0.0,0.2548478347267204,0.0,0.0,0.3760327906511924,0.3567876243371813,0.293764187480235,0.3072958912584119,0.0,0.3611576529304707,0.3260801961299523,0.3354218190191662,0.3827819691270705,0.2488395850100569,0.3094224735417418,0.342828574293913,0.3731094828913439,0.3853285610378173,0.3624968394903131,0.0,0.3493679390134317
0.3257199616904598,0.3231342423792802,0.2991110843156617,0.2044471409884953,0.2805556710647522,0.3045970489531474,0.2657536938417618,0.2952182067465515,0.289184660288308,0.2313094473484672,0.3003250958799254,0.1991150593655519,0.2724922323040771,0.1437142004452444,0.3318506266253399,0.3236473188088787,0.2948098862050378,0.295670937786371,0.2865816202721333,0.3298329095869335,0.3441068183326432,0.3452691616405659,0.2993061112064439,0.2082938839402634,0.2889424744068632,0.3172483317698155,0.2943302449743224,0.2646489715284182,0.321146196010067,0.2906054472389339,0.3388943467167743,0.0,0.2401941917987172,0.2493825604965844,0.2623156881306046,0.1907367133287716,0.2286444441145693,0.1947367260160417,0.3036546325288101,0.2741284295859323,0.3107609442551137,0.2923203151958031,0.3492478193283675,0.2284038828725543,0.2089805521624315,0.3343692226642927,0.3426946686872347,0.0,0.0,0.0,0.3696215588084122,0.0,0.3725433774843256,0.0,0.2312100789595423,0.0,0.2015680245193573,0.2993130855326652,0.0,0.3495130875859654,0.3329396410378517,0.3092596218266977,0.325449920652792,0.0,0.3544699790122848,0.3698027161453254,0.3503219204549118,0.3732510898034986,0.1856374778087588,0.3266166581394463,0.3503682656289417,0.3801106019581304,0.3337080195861984,0.3854358908329435,0.3781088205391002,0.3455886160559896
0.2729598227060897,0.2790332216875573,0.0,0.0,0.3267616257041777,0.2804043152128326,0.2915143741582592,0.3100883928659593,0.3197774429753974,0.2168454351183919,0.3226716007722405,0.1779176772578393,0.3013717041385615,0.0,0.2886891088117288,0.2643833989151402,0.2637625738514955,0.2584114663907714,0.0,0.2834085898919318,0.2971264380727346,0.3262769961584006,0.2624604850126645,0.1699972245395002,0.2330910638820539,0.2648873714057134,0.2463886061919575,0.2660680380998342,0.2617762727224985,0.0,0.2442638497349106,0.2401941917987172,0.0,0.1708445915966684,0.2672126378526708,0.0,0.2218291956799505,0.168630150590153,0.2931297024013627,0.2780675411613854,0.3043034726857738,0.3025292158835107,0.0,0.0,0.2089054989993173,0.3126796147344412,0.3336497748286186,0.0,0.0,0.0,0.0,0.0,0.0,0.0,0.2455608550438431,0.0,0.2405289668802731,0.0,0.0,0.3331255061464056,0.3264719059088645,0.2685972928647004,0.2959572494554197,0.0,0.3331358769660339,0.3407566951633193,0.3404102650627813,0.3142650251264828,0.2178913602594294,0.2984678850022612,0.3161700579285951,0.312324005979571,0.0,0.3337385959070842,0.0,0.3008002206246513
0.2769579611887362,0.2758116627646433,0.3236507581930519,0.1935429323036983,0.3079431807499916,0.3048413537038433,0.2784440490566606,0.3874977342878905,0.3093109564433599,0.2272518058062217,0.3088555601390581,0.191618610842319,0.2936501552136717,0.2775397948120764,0.3213319307630908,0.2748441462702595,0.2556932760757608,0.261895236382044,0.3118282731500361,0.2885753025415993,0.3176187121913922,0.3112144607708912,0.3125889583081093,0.2022601400408001,0.2507705233658424,0.2783051035517616,0.2931782901670756,0.264324402205732,0.2867741293029596,0.2639775909923706,0.219680986042321,0.2493825604965844,0.1708445915966684,0.0,0.2105711189209572,0.3083120050499831,0.2260021869421441,0.1811906394863194,0.3327664795390704,0.3011728712410281,0.3243982811634046,0.3349644813510798,0.3402431299084515,0.2310599442313557,0.2617240882466596,0.3105521172829007,0.3302718429133642,0.0,0.0,0.0,0.3731578086094939,0.0,0.3655890869751337,0.0,0.2474009103513544,0.0,0.2288948720021444,0.3566652557129425,0.0,0.348698333170681,0.3282021403088833,0.2942018035632662,0.3045173782544736,0.0,0.3727758449721092,0.3340241684616058,0.3429597883058786,0.3886868338005077,0.2452830384410019,0.3129773885308456,0.3323741083219659,0.3866539228605301,0.3319647450693327,0.3731613129326712,0.0,0.323802072670633
0.3193000560277695,0.3151758326107263,0.3233688273631765,0.2266080669079469,0.302157197478819,0.3277221513011716,0.2965794575450498,0.3703955769508065,0.3086102815938114,0.2245022497147688,0.3041364044655896,0.244534210371584,0.312318069836105,0.0,0.3549886767640728,0.3103292414356566,0.2543610142722404,0.2706836000526158,0.2973124162864486,0.3396819842108046,0.3584251975827247,0.355151946695306,0.3253185448863322,0.2433460358403975,0.2727172405210483,0.3240505093498203,0.3059956596019061,0.2637796022311249,0.326442058125963,0.3068642422972104,0.230614612082348,0.2623156881306046,0.2672126378526708,0.2105711189209572,0.0,0.3273137856891394,0.2497485806469814,0.2202511765398051,0.271952863458868,0.2931399110921343,0.3156429334345808,0.2902949507318694,0.0,0.0,0.2642120920130395,0.3296841008629013,0.3768347430314865,0.0,0.0,0.0,0.0,0.0,0.0,0.0,0.2671999559515642,0.0,0.2357706174130702,0.0,0.0,0.3687562633454283,0.3562014897470835,0.0,0.3196272174435814,0.0,0.3766843937984021,0.3770511566648598,0.3684994951559185,0.3839838910563955,0.0,0.3281879262339843,0.3639481801764425,0.3851001196945971,0.0,0.4004527058022618,0.0,0.0
0.0,0.0,0.2907365273888425,0.1367722757194071,0.1695143940026344,0.3130571839191373,0.1794440769885045,0.1601254919368014,0.2861013754903264,0.2923103782143291,0.2230730217592219,0.2664425562829311,0.2306173197262117,0.1489238037517556,0.3873036128472161,0.0,0.0,0.0,0.2610562257117784,0.0,0.4137784632498095,0.4011522234405449,0.311143201722787,0.27173479952985,0.0,0.3691706258596743,0.3173746849408985,0.2001822556122128,0.370898621989787,0.0,0.3561458087347609,0.1907367133287716,0.0,0.3083120050499831,0.3273137856891394,0.0,0.1464139088215204,0.2909489996207303,0.3328373206283266,0.0,0.2681621787302501,0.2564384114414162,0.1963048940201296,0.0,0.0,0.0,0.0,0.0,0.0,0.2600118309081363,0.0,0.0,0.2336871057888464,0.0,0.0,0.2421026189128258,0.0,0.0,0.0,0.0,0.0,0.0,0.0,0.0,0.4488321329635962,0.0,0.0,0.3556004227982687,0.0,0.0,0.0,0.4000752175193344,0.0,0.0,0.0,0.0
0.0,0.0,0.316885965182749,0.1263769897891415,0.235607386668747,0.3136666082195855,0.190524687025165,0.3381098539967763,0.2952532262455021,0.0,0.2863520246356409,0.2524465869402411,0.2389153693008767,0.1303625174477458,0.0,0.0,0.0,0.0,0.2957418153179482,0.0,0.0,0.0,0.3123919985209328,0.2780979509302961,0.0,0.0,0.3060535613624568,0.1950444889201241,0.0,0.0,0.3383919176418784,0.2286444441145693,0.2218291956799505,0.2260021869421441,0.2497485806469814,0.1464139088215204,0.0,0.2666435139056534,0.1999028583484603,0.2027724082264499,0.272991935879378,0.2533944468203508,0.0,0.0,0.0,0.0,0.0,0.0,0.0,0.0,0.0,0.0,0.0,0.0,0.0,0.0,0.0,0.0,0.0,0.0,0.0,0.0,0.0,0.0,0.0,0.0,0.0,0.0,0.0,0.0,0.0,0.0,0.0,0.0,0.0,0.0
0.0,0.0,0.0,0.0,0.3160657249427313,0.0,0.2890807354276473,0.0,0.3231472648384709,0.1888511221269135,0.3156629906786057,0.1710319943456127,0.2867197545554893,0.0,0.0,0.0,0.0,0.0,0.3436015579409314,0.0,0.0,0.0,0.0,0.1721732853361512,0.2301408513997865,0.2230771320928166,0.0,0.2729172916219585,0.0,0.0,0.2081378699956677,0.1947367260160417,0.168630150590153,0.1811906394863194,0.2202511765398051,0.2909489996207303,0.2666435139056534,0.0,0.200865550977528,0.1830513585643041,0.2592250421767451,0.1850024545084592,0.0,0.0,0.1596921273615509,0.0,0.0,0.0,0.0,0.0,0.0,0.0,0.0,0.0,0.2088970176099167,0.0,0.1694836149039663,0.0,0.0,0.0,0.0,0.0,0.0,0.0,0.0,0.0,0.0,0.0,0.1836447638705156,0.0,0.3039844569815389,0.0,0.0,0.0,0.0,0.0
0.3153778934101182,0.3306641613441519,0.3332808804116908,0.0,0.2823345785814722,0.3358749120865643,0.0,0.3417194773059331,0.3239166262646856,0.2518274741563487,0.2716163119422257,0.195316093468216,0.3328481706214506,0.2179621431667523,0.3472388503962911,0.344292559142432,0.0,0.3254002580463271,0.2949706741581165,0.3422865741417395,0.3451497021262897,0.3478031930202397,0.3409036143467585,0.196306181560825,0.3170638620168463,0.3284401418534107,0.3306510261883985,0.3322950318587926,0.3597711248329213,0.3654731676889043,0.3528141453742542,0.3036546325288101,0.2931297024013627,0.3327664795390704,0.271952863458868,0.3328373206283266,0.1999028583484603,0.200865550977528,0.0,0.2220111278391326,0.2650003923857787,0.2764245501336787,0.2047801031449987,0.2336046744327809,0.198679566671301,0.290472014874101,0.2864625887016894,0.2416865973774995,0.217533863012227,0.2529699777364544,0.3231007319808017,0.2750192318262203,0.2941066778102303,0.2571351492588279,0.2226159011422598,0.2146966772535802,0.1905953221433921,0.2835122508738843,0.1960281001227383,0.3038026873084057,0.2959829173677203,0.2738473315419836,0.2726666379941515,0.2612779453260827,0.3176536567732944,0.3196028932371798,0.3140983319911263,0.3119928314053779,0.2316179081884981,0.2722155187000899,0.2980943300465706,0.3084479798976121,0.2655762302433593,0.3207642827297853,0.3168724973056319,0.2810480950825785
0.2790482825331762,0.3101632932844497,0.0,0.0,0.0,0.0,0.0,0.0,0.0,0.2139522000173111,0.0,0.2221868846820673,0.0,0.0,0.3482839426228731,0.3079271005744968,0.2810632209720898,0.2886531641636273,0.0,0.326531018010151,0.3093897447362523,0.3408140978474098,0.2866798576410485,0.212246458383305,0.2854265475210709,0.3019709685813597,0.3098856531007121,0.260969047877822,0.0,0.0,0.3112508753382313,0.2741284295859323,0.2780675411613854,0.3011728712410281,0.2931399110921343,0.0,0.2027724082264499,0.1830513585643041,0.2220111278391326,0.0,0.1737505361496903,0.2851179678185392,0.2570477397008762,0.0,0.1391599897321683,0.2421218307448468,0.2389053192027889,0.0,0.0,0.3083001689618121,0.2859465496320199,0.2928914546460188,0.3068047387667371,0.3261146495716086,0.2025344326357508,0.310118166966181,0.1812238497558892,0.2854447083314446,0.0,0.2746900257026666,0.2574580659060166,0.2160925249822946,0.2301018252478753,0.0,0.2753051389415347,0.2699344023224697,0.2835398962337325,0.2894853434111982,0.1783615340257406,0.2153584570788821,0.2438753473091522,0.2775687060169478,0.2675528410489374,0.2983048724595595,0.0,0.2402267119528751
0.292974818428016,0.3364649442149199,0.0,0.0,0.0,0.3508817738002414,0.0,0.3534341094237939,0.0,0.2016746226819089,0.0,0.2331786067127176,0.3519327580276468,0.0,0.3425713425247106,0.3197246349783437,0.3079552361986647,0.3038322028957444,0.0,0.3414807809990261,0.3320279728311962,0.3431231752219568,0.3567712588759844,0.2208521187229261,0.3025124909435517,0.3116205163109949,0.3502450363130841,0.3312492771020935,0.3650789837733295,0.0,0.3288634939567533,0.3107609442551137,0.3043034726857738,0.3243982811634046,0.3156429334345808,0.2681621787302501,0.272991935879378,0.2592250421767451,0.2650003923857787,0.1737505361496903,0.0,0.2505030491528769,0.2722140901591337,0.2058669758632112,0.1863831233416058,0.2665094131193609,0.2683555962067433,0.2711516467894402,0.1685365109716703,0.3040869535664908,0.3157478359625009,0.2878505363592668,0.333314292710998,0.299721841894331,0.2074804233254083,0.3038272268347994,0.1920891165668529,0.2776228098705838,0.1787758098618715,0.2925250155520227,0.2680626706579793,0.2429267668279804,0.2479623784002192,0.3004206218147747,0.2836466050905287,0.2981478080021702,0.2888633738660881,0.3254688754296913,0.1989750421084248,0.2400801802516805,0.2686355180839313,0.3085227887351442,0.2520946944418024,0.2828259016357227,0.2687271822142462,0.2016112421938688
