0.0,0.3732096744091328,0.0,0.0,0.0,0.0,0.0,0.4170530671636523,0.0,0.3198570764321056,0.0,0.2909931505840036,0.0,0.0,0.3862265581914758,0.3895427052920908,0.3239142416363451,0.3606029818198006,0.0,0.0,0.3807583883531775,0.3913208143643336,0.4003162952451255,0.3323744768964768,0.3471140454772294,0.3459707793974602,0.3877232738761964,0.3429973059388534,0.0,0.0,0.3472779370756998,0.4101283753429774,0.3015391962820279,0.3225774464184874,0.3711551584285446,0.0,0.0,0.0,0.4226439470420987,0.3631736280433021,0.3811126994816936,0.0,0.0,0.0,0.0,0.4132356195788737,0.4070314673663389,0.0,0.0,0.0,0.0,0.0,0.0,0.0,0.4293155028130433,0.0,0.0,0.0,0.0,0.0,0.3878741048543981,0.0,0.3940662052518355,0.0,0.0,0.4059674586232062,0.4136982948959866,0.0,0.4707647516613836,0.3863378243100567,0.417453331835895,0.0,0.0,0.0,0.0,0.0
0.3732096744091328,0.0,0.0,0.0,0.3855156795194504,0.4043927224058811,0.4150468237904997,0.3530302089645646,0.3753112235795788,0.0,0.0,0.0,0.4327029203291618,0.0,0.4003194762934656,0.3815088170765762,0.0,0.3961899145140771,0.0,0.413267555617212,0.3659007911228206,0.3817996063295407,0.3719977975820667,0.0,0.3677395733800903,0.3827561937717155,0.4059884392434116,0.429318821954074,0.415087543479612,0.0,0.3567141849917749,0.414225169928831,0.3431459676782311,0.3566109217361216,0.396573268707539,0.0,0.0,0.0,0.410567387129834,0.3850963474414812,0.3989816694809775,0.4178617400968868,0.0,0.0,0.0,0.4089471104791893,0.4141512125094101,0.0,0.0,0.0,0.0,0.0,0.0,0.0,0.0,0.0,0.0,0.0,0.0,0.3990939473286314,0.3934930308515489,0.0,0.3713007576820065,0.0,0.3885259562315666,0.3964750429803227,0.4188104453313473,0.280898187313517,0.0,0.3632543680187438,0.4341333962874109,0.0,0.0,0.4120010418488034,0.0,0.3788556578573658
0.0,0.0,0.0,0.0,0.3801761192069958,0.3716950795930894,0.3599563958480865,0.4266758670013838,0.3161832209576282,0.0,0.3348418414436329,0.0,0.3780854581706508,0.3998844218615934,0.0,0.0,0.0,0.0,0.3360695276927629,0.0,0.0,0.0,0.3289648046734598,0.0,0.0,0.0,0.3398380275248753,0.404239582978279,0.0,0.3992936308033074,0.3799178858024639,0.3539418352039185,0.0,0.3828483794578141,0.4159431442679864,0.3972538895722521,0.363156509544239,0.0,0.0,0.0,0.0,0.0,0.4288797026264363,0.0,0.0,0.0,0.0,0.5064290364985524,0.0,0.0,0.4519491504462071,0.0,0.4746097689341163,0.4927550768356771,0.0,0.4803305675143771,0.0,0.0,0.458533882147999,0.0,0.0,0.0,0.0,0.5245080400177846,0.0,0.0,0.0,0.4939018729611805,0.0,0.0,0.0,0.435230892053607,0.0,0.0,0.0,0.0
0.0,0.0,0.0,0.0,0.3206806113452278,0.3520329603343608,0.2732174489888224,0.3429652109337558,0.3150979580932128,0.2488180929215561,0.3305050917489878,0.0,0.2700518047404737,0.1957628280473847,0.0,0.0,0.0,0.0,0.3480170467335531,0.0,0.0,0.0,0.3410664009269387,0.0,0.0,0.0,0.0,0.2095761903975789,0.0,0.0,0.0,0.2845035261156972,0.0,0.2181277104407999,0.2388064738224728,0.1306010832784205,0.1679297724199845,0.0,0.0,0.0,0.0,0.0,0.0,0.0,0.0,0.0,0.0,0.0,0.0,0.0,0.0,0.0,0.0,0.0,0.0,0.0,0.0,0.0,0.0,0.0,0.0,0.0,0.0,0.0,0.0,0.0,0.0,0.0,0.0,0.0,0.0,0.0,0.0,0.0,0.0,0.0
0.0,0.3855156795194504,0.3801761192069958,0.3206806113452278,0.0,0.3762562985946802,0.3432545634250884,0.3322359410409898,0.3562983936750491,0.3324530950352031,0.338095415298411,0.3448939860613545,0.3631864172841004,0.2947287899438611,0.0,0.0,0.0,0.0,0.3886124984433003,0.4037799316407424,0.0,0.4115916639282628,0.3354070993424771,0.0,0.0,0.0,0.3696897371402399,0.3267766618606051,0.3731121222899391,0.0,0.3825342849276809,0.3619825920563086,0.0,0.3733084401578989,0.3575077885471383,0.2302377166221942,0.3027096941247051,0.2863917305118644,0.0,0.0,0.0,0.0,0.0,0.0,0.0,0.0,0.0,0.0,0.0,0.0,0.0,0.0,0.0,0.0,0.0,0.0,0.0,0.0,0.0,0.0,0.0,0.0,0.0,0.0,0.0,0.0,0.0,0.4039092603613788,0.0,0.0,0.0,0.0,0.0,0.0,0.0,0.0
0.0,0.4043927224058811,0.3716950795930894,0.3520329603343608,0.3762562985946802,0.0,0.3835314408539128,0.3199978069876697,0.3303990478277139,0.3545389175300337,0.3586776911355549,0.0,0.3728925601339495,0.3679873694139423,0.3997064810939468,0.3999095768933788,0.0,0.3815969841416619,0.3675368803513625,0.4075542354646222,0.2832573354654888,0.4103983136873696,0.3716530810707835,0.0,0.3920901164296856,0.3860651248605307,0.3735282737361746,0.3680138603594698,0.3207565117269704,0.3780547944951518,0.3810700623469836,0.3637507649852713,0.2952503923839,0.3980602017501543,0.4120085798842603,0.3265808009083193,0.3673565020545584,0.0,0.381898369378311,0.0,0.4011468135336955,0.0,0.2989038855739943,0.0,0.0,0.0,0.0,0.4295163579513479,0.0,0.0,0.3855147489507705,0.0,0.3843979665326436,0.4372621093347368,0.0,0.3744354715852907,0.0,0.3227323572670206,0.0,0.0,0.0,0.0,0.0,0.3922785405995287,0.0,0.0,0.0,0.3954458311655102,0.0,0.0,0.0,0.3910509122125828,0.3245008044611942,0.3567893905323751,0.0,0.3824191300374536
0.0,0.4150468237904997,0.3599563958480865,0.2732174489888224,0.3432545634250884,0.3835314408539128,0.0,0.350655180168969,0.367868776118707,0.2968410425140246,0.3672243423898583,0.3354603025137824,0.3278338921452051,0.3351031113944282,0.0,0.4004183718222291,0.0,0.3844179041346184,0.3709133716353279,0.4052855599311,0.0,0.4277768260095988,0.3420437425475381,0.0,0.4106515241741829,0.3883922982372484,0.3750200389710215,0.3432019511897567,0.390786069972475,0.0,0.3894958654558835,0.3612488408950278,0.0,0.345302268438252,0.3383800944872681,0.2982967369574897,0.2886212909826651,0.3060273247034201,0.0,0.0,0.0,0.0,0.0,0.0,0.0,0.0,0.0,0.0,0.0,0.0,0.2477094653467256,0.0,0.0,0.0,0.0,0.0,0.0,0.0,0.0,0.0,0.0,0.0,0.0,0.0,0.0,0.0,0.0,0.394367377258268,0.0,0.0,0.0,0.305632256067524,0.0,0.0,0.0,0.0
0.4170530671636523,0.3530302089645646,0.4266758670013838,0.3429652109337558,0.3322359410409898,0.3199978069876697,0.350655180168969,0.0,0.4118291294511235,0.0,0.3090088566521229,0.0,0.3496454001509892,0.3559560945083625,0.3731421349109121,0.3611157068550468,0.0,0.3684060036037324,0.4280833270382626,0.3541626639435555,0.3297246829112359,0.3625190292997062,0.3126444143632999,0.4329671950661022,0.3995121252728303,0.4050723981008077,0.4047042248580377,0.3569777072470501,0.3094033406513614,0.3607767421211795,0.3659686633716348,0.3108537003361972,0.3127531791912823,0.3815729419955082,0.3825756853500462,0.2807353980638373,0.319259958786722,0.0,0.409001759115315,0.0,0.4172671849263721,0.0,0.3564934906662395,0.0,0.0,0.0,0.0,0.4763562684812508,0.0,0.0,0.4030352329497384,0.3802192977590805,0.3595320294680655,0.4715734464528542,0.0,0.4010081047230772,0.0,0.3901985150247137,0.4015872204342846,0.0,0.0,0.0,0.0,0.4500977422966519,0.0,0.3152292926479355,0.0,0.4048809915131588,0.0,0.0,0.0,0.4216940167643487,0.3926109609253477,0.3595274441768334,0.0,0.408269361907948
0.0,0.3753112235795788,0.3161832209576282,0.3150979580932128,0.3562983936750491,0.3303990478277139,0.367868776118707,0.4118291294511235,0.0,0.2884044130342579,0.3361922372799574,0.0,0.3656717977426758,0.3818030398086157,0.0,0.0,0.0,0.0,0.3179356403490765,0.3956878113697636,0.0,0.3857128440848723,0.3579024855971703,0.0,0.0,0.0,0.344819235685653,0.3762922816891083,0.3555666838149244,0.370550874951035,0.3740033456888555,0.3510411854351012,0.0,0.3672037119804567,0.3369235471376847,0.3248798626377368,0.311962199136877,0.2033491401970263,0.0,0.0,0.0,0.0,0.4122546049389859,0.0,0.0,0.0,0.0,0.4473500531132077,0.0,0.0,0.4072299520607564,0.0,0.4779923342927349,0.4087950756378627,0.0,0.4276195297180152,0.0,0.0,0.0,0.0,0.0,0.0,0.0,0.4591167656178503,0.0,0.0,0.0,0.4658557840666663,0.0,0.0,0.0,0.4510667267916093,0.0,0.0,0.0,0.0
0.3198570764321056,0.0,0.0,0.2488180929215561,0.3324530950352031,0.3545389175300337,0.2968410425140246,0.0,0.2884044130342579,0.0,0.3216975463886383,0.2537480623946463,0.3929235439749747,0.0,0.0,0.0,0.2995553531871753,0.3826877285321398,0.3490956373574307,0.0,0.0,0.0,0.3305767403240381,0.3015611844792391,0.336915314418186,0.3268464858219075,0.3586013877159746,0.3914010058606904,0.0,0.0,0.3479992711604062,0.3600943977604839,0.3095026449012107,0.3109786806636156,0.2843606277169971,0.2605091261888855,0.2696299179676836,0.2615936100499872,0.3288657069744236,0.2637400892130172,0.3268836180253091,0.0,0.0,0.0,0.3088019678454841,0.0,0.0,0.0,0.0,0.0,0.0,0.0,0.0,0.0,0.3786193599540836,0.0,0.3868246001848192,0.0,0.0,0.0,0.0,0.3885356426173688,0.365052926397203,0.0,0.0,0.0,0.0,0.0,0.4733463615365584,0.3821964981207187,0.4136365670252809,0.0,0.3751027229140306,0.0,0.0,0.3741547082126936
0.0,0.0,0.3348418414436329,0.3305050917489878,0.338095415298411,0.3586776911355549,0.3672243423898583,0.3090088566521229,0.3361922372799574,0.3216975463886383,0.0,0.0,0.3686330151825275,0.2924449672937753,0.0,0.0,0.0,0.0,0.3120811430893273,0.0,0.0,0.0,0.1924495543384678,0.0,0.0,0.0,0.3900546235514915,0.3577272847056847,0.0,0.0,0.382925440753255,0.355514033196451,0.0,0.3639971935487641,0.3573545565710472,0.2859598075657235,0.3135483801223078,0.2902048874206019,0.0,0.0,0.0,0.0,0.3195388604245591,0.0,0.0,0.0,0.0,0.4000411375223372,0.0,0.0,0.340105178809657,0.0,0.3616801210199096,0.4227021229018395,0.0,0.3159221247540141,0.0,0.0,0.0,0.0,0.0,0.0,0.0,0.2984215879037782,0.0,0.0,0.0,0.3580328535004047,0.0,0.0,0.0,0.391191678649344,0.0,0.0,0.0,0.0
0.2909931505840036,0.0,0.0,0.0,0.3448939860613545,0.0,0.3354603025137824,0.0,0.0,0.2537480623946463,0.0,0.0,0.3224216922388045,0.0,0.0,0.0,0.3218088564009057,0.3184081545472259,0.0,0.0,0.0,0.0,0.0,0.242815575949229,0.3253451029068513,0.2792360990413686,0.0,0.3425410687444875,0.0,0.0,0.3206327247151632,0.2721834241155841,0.2608141065634133,0.2418217913071789,0.2579250005852895,0.2990278021716095,0.2664918604122114,0.2291760121362487,0.0,0.2581455205954028,0.3171744700601271,0.0,0.0,0.0,0.2584873473422919,0.0,0.0,0.0,0.0,0.0,0.0,0.0,0.0,0.0,0.3823578412536413,0.0,0.4067956268322216,0.0,0.0,0.0,0.0,0.3563808602380056,0.3548183792859306,0.0,0.0,0.0,0.0,0.0,0.4575414731327952,0.3624439152252247,0.4182331002189726,0.0,0.0,0.0,0.0,0.3598607861288387
0.0,0.4327029203291618,0.3780854581706508,0.2700518047404737,0.3631864172841004,0.3728925601339495,0.3278338921452051,0.3496454001509892,0.3656717977426758,0.3929235439749747,0.3686330151825275,0.3224216922388045,0.0,0.3338866123177852,0.4253034056084095,0.4392123758353402,0.3924211264838483,0.4234578335763803,0.3751101374757692,0.4195554463795422,0.3463896732314022,0.442368063634027,0.365817451041383,0.3301439954271153,0.4192116048571121,0.4157948727140854,0.3923575579415673,0.3562404231261823,0.3998037889764068,0.4114542507596586,0.393096094052991,0.3781319452663672,0.3885310449479368,0.3700088083556978,0.3584319792054744,0.3412945388676145,0.3292264490156273,0.2821414597585416,0.3203584220569757,0.0,0.0,0.0,0.0,0.0,0.0,0.0,0.0,0.0,0.0,0.0,0.1719352355729036,0.0,0.3711730884977118,0.0,0.0,0.0,0.0,0.0,0.0,0.0,0.0,0.0,0.0,0.0,0.0,0.0,0.0,0.3945393460356871,0.0,0.0,0.0,0.341991007892343,0.0,0.0,0.0,0.0
0.0,0.0,0.3998844218615934,0.1957628280473847,0.2947287899438611,0.3679873694139423,0.3351031113944282,0.3559560945083625,0.3818030398086157,0.0,0.2924449672937753,0.0,0.3338866123177852,0.0,0.0,0.0,0.0,0.0,0.3801193611855157,0.0,0.0,0.0,0.3571905377283221,0.0,0.0,0.0,0.4306523306569903,0.2148495650007724,0.0,0.0,0.0,0.0,0.0,0.3540949511854315,0.0,0.194511588099552,0.1363790282241191,0.0,0.0,0.0,0.0,0.0,0.0,0.0,0.0,0.0,0.0,0.0,0.0,0.0,0.0,0.0,0.0,0.3869099775791231,0.0,0.3174216348223495,0.0,0.0,0.0,0.0,0.0,0.0,0.0,0.0,0.0,0.0,0.0,0.0,0.0,0.0,0.0,0.0,0.0,0.0,0.0,0.0
0.3862265581914758,0.4003194762934656,0.0,0.0,0.0,0.3997064810939468,0.0,0.3731421349109121,0.0,0.0,0.0,0.0,0.4253034056084095,0.0,0.0,0.4072805921172137,0.0,0.3894097245770238,0.0,0.3943536818966802,0.3576249691254051,0.3860881206616888,0.3734178704594476,0.0,0.3669400773662382,0.4450330811731555,0.4148803532872449,0.381196645916158,0.391755779115824,0.0,0.3820512092229801,0.4039094822629597,0.3278704235865327,0.3947834798244138,0.4224347840405056,0.0,0.0,0.0,0.4088785935429394,0.4126886460793253,0.3548413591822906,0.4173758398237042,0.0,0.0,0.0,0.0,0.4083016499774143,0.0,0.0,0.0,0.0,0.0,0.0,0.0,0.0,0.0,0.0,0.0,0.0,0.4360435228756924,0.3688122391046082,0.0,0.0,0.0,0.4154065845719699,0.4036564923338767,0.4302166331817188,0.3920390822304074,0.0,0.0,0.3799572348901351,0.4063429590329691,0.3624189583989177,0.4097941937703965,0.0,0.3066368313270996
0.3895427052920908,0.3815088170765762,0.0,0.0,0.0,0.3999095768933788,0.4004183718222291,0.3611157068550468,0.0,0.0,0.0,0.0,0.4392123758353402,0.0,0.4072805921172137,0.0,0.3959594076897699,0.3730998985174586,0.0,0.4175689386535591,0.38101465214373,0.4055788925414788,0.390065482849597,0.0,0.3945296423303908,0.4049829677389097,0.4136288285705366,0.4378952727204756,0.4339820615130488,0.4178354131711251,0.3591970568636822,0.4418254397332362,0.4034848181510441,0.3773623107279035,0.4308948672728523,0.0,0.0,0.0,0.4106467081196878,0.3937066466990308,0.390763341857875,0.4141957169524318,0.0,0.0,0.0,0.4114938838563098,0.4032583891148569,0.0,0.0,0.0,0.0,0.0,0.0,0.0,0.0,0.0,0.0,0.0,0.0,0.3868749848508294,0.3905942774814631,0.0,0.3860518357492026,0.0,0.0,0.3746307157535328,0.4099006498820705,0.0,0.0,0.3747305110858622,0.4310621998275823,0.0,0.0,0.0,0.0,0.4014395392542792
0.3239142416363451,0.0,0.0,0.0,0.0,0.0,0.0,0.0,0.0,0.2995553531871753,0.0,0.3218088564009057,0.3924211264838483,0.0,0.0,0.3959594076897699,0.0,0.3317513344422047,0.0,0.0,0.0,0.0,0.0,0.3578318260022757,0.3260648035554442,0.33394406531547,0.0,0.3935853762991037,0.0,0.0,0.3646732496140349,0.4421902158495935,0.3533588973416873,0.3683793357251254,0.3780191365436599,0.0,0.0,0.2937765426278983,0.0,0.3649556238151131,0.3842099958568044,0.0,0.0,0.0,0.0,0.0,0.0,0.0,0.0,0.0,0.0,0.0,0.0,0.0,0.4267791194013963,0.0,0.453065453713236,0.0,0.0,0.0,0.0,0.4092745593028959,0.386176700059655,0.0,0.0,0.0,0.0,0.0,0.4585415101726994,0.3989740581057834,0.4296435686869382,0.0,0.0,0.0,0.0,0.0
0.3606029818198006,0.3961899145140771,0.0,0.0,0.0,0.3815969841416619,0.3844179041346184,0.3684060036037324,0.0,0.3826877285321398,0.0,0.3184081545472259,0.4234578335763803,0.0,0.3894097245770238,0.3730998985174586,0.3317513344422047,0.0,0.0,0.4145307882003017,0.3673049844538235,0.4231754504891346,0.36696700923222,0.3528000275018952,0.3510137517946432,0.3703302103894132,0.4017219109272231,0.4263757011675217,0.4291229229691667,0.0,0.3991217275180256,0.4710666106560505,0.3685280292743667,0.3794281216529518,0.4132806307097433,0.0,0.0,0.0,0.3974002125938158,0.3430727141887629,0.3727907924079417,0.3793766359780601,0.0,0.0,0.0,0.3772876066272753,0.3830898904244313,0.0,0.0,0.0,0.0,0.0,0.0,0.0,0.3838846850657553,0.0,0.4037795563914637,0.0,0.0,0.0,0.3724047613128429,0.3898536649214641,0.3663543438975361,0.0,0.0,0.0,0.3660401104099904,0.0,0.4473029470707595,0.3590743409668985,0.37647830337102,0.0,0.0,0.0,0.0,0.3606470254282852
0.0,0.0,0.3360695276927629,0.3480170467335531,0.3886124984433003,0.3675368803513625,0.3709133716353279,0.4280833270382626,0.3179356403490765,0.3490956373574307,0.3120811430893273,0.0,0.3751101374757692,0.3801193611855157,0.0,0.0,0.0,0.0,0.0,0.0,0.0,0.0,0.3140470837344923,0.0,0.0,0.0,0.3920676285898169,0.3805302791629525,0.0,0.0,0.3565862909719163,0.3596523380531685,0.0,0.3054977933685153,0.3715300224243231,0.3574335822531073,0.336608267582326,0.0,0.0,0.0,0.0,0.0,0.3886195123056563,0.0,0.0,0.0,0.0,0.506243775789549,0.0,0.0,0.4432266763562091,0.0,0.489835285624471,0.4911565541236872,0.0,0.4772358862638242,0.0,0.0,0.4090384385975256,0.0,0.0,0.0,0.0,0.4740209151429095,0.0,0.0,0.0,0.4689397777215811,0.0,0.0,0.0,0.4674257098292756,0.0,0.0,0.0,0.0
0.0,0.413267555617212,0.0,0.0,0.4037799316407424,0.4075542354646222,0.4052855599311,0.3541626639435555,0.3956878113697636,0.0,0.0,0.0,0.4195554463795422,0.0,0.3943536818966802,0.4175689386535591,0.0,0.4145307882003017,0.0,0.0,0.3789272698703717,0.3853325670839513,0.3537408076115471,0.0,0.4010361033143204,0.4451510229275903,0.3739079393076579,0.3860673483194695,0.3466974539046182,0.3609340286548474,0.3569227076866363,0.4315844214517431,0.3920766024564598,0.4054795130993625,0.4335203096974049,0.0,0.0,0.0,0.398134350509997,0.0,0.2609700710327849,0.0,0.0,0.0,0.0,0.0,0.0,0.0,0.0,0.0,0.3388059615150953,0.0,0.3621027375490268,0.0,0.0,0.0,0.0,0.0,0.0,0.3769918898431746,0.0,0.0,0.0,0.0,0.3908050219638533,0.3528688871412826,0.4342488290304275,0.327672249475658,0.0,0.0,0.4090039504297859,0.3980952959259909,0.3543011206249259,0.2939261776002951,0.0,0.0
0.3807583883531775,0.3659007911228206,0.0,0.0,0.0,0.2832573354654888,0.0,0.3297246829112359,0.0,0.0,0.0,0.0,0.3463896732314022,0.0,0.3576249691254051,0.38101465214373,0.0,0.3673049844538235,0.0,0.3789272698703717,0.0,0.3807471293014988,0.3399538348777057,0.429399151150108,0.3589995982879135,0.3801932269792153,0.3862937887984115,0.3286451258417779,0.3251667559539034,0.3244779573785065,0.3531829901267003,0.3595120309506883,0.2945652318548533,0.3577815871422528,0.3805876228637664,0.3421183120043426,0.0,0.0,0.4082062446198222,0.3380434392154663,0.3691170596503779,0.4190648493126283,0.0,0.0,0.0,0.3934958213535785,0.4121350516690506,0.0,0.0,0.0,0.3981930922656158,0.0,0.3588386230068039,0.0,0.0,0.0,0.0,0.0,0.0,0.3940269481621161,0.3774170223907792,0.0,0.0,0.0,0.3940013914459122,0.34862174646817,0.418844474097295,0.3640755784365913,0.0,0.3102952703471051,0.4337820236683311,0.381963363544706,0.3868693039616523,0.3913927157974717,0.0,0.3369677549195727
0.3913208143643336,0.3817996063295407,0.0,0.0,0.4115916639282628,0.4103983136873696,0.4277768260095988,0.3625190292997062,0.3857128440848723,0.0,0.0,0.0,0.442368063634027,0.0,0.3860881206616888,0.4055788925414788,0.0,0.4231754504891346,0.0,0.3853325670839513,0.3807471293014988,0.0,0.4223417820460526,0.0,0.4044595001484354,0.4013914306104672,0.4274071070384304,0.4299957534775318,0.4075649510024174,0.4139095282131685,0.3790254641202601,0.4346186276631884,0.3914953819358527,0.4082097940231666,0.4466101770973733,0.0,0.0,0.0,0.406010386042337,0.3807745457421375,0.3876724299438559,0.4067969295653482,0.0,0.0,0.0,0.3991908906673571,0.4132021369153381,0.0,0.0,0.0,0.0,0.0,0.0,0.0,0.0,0.0,0.0,0.0,0.0,0.4224919148435041,0.3734717389334409,0.0,0.0,0.0,0.4017366003023968,0.4000199454132517,0.4139619191617359,0.3896661839694101,0.0,0.0,0.4258329918780825,0.3539016994734226,0.0,0.3901465202647216,0.0,0.3019024538049022
0.4003162952451255,0.3719977975820667,0.3289648046734598,0.3410664009269387,0.3354070993424771,0.3716530810707835,0.3420437425475381,0.3126444143632999,0.3579024855971703,0.3305767403240381,0.1924495543384678,0.0,0.365817451041383,0.3571905377283221,0.3734178704594476,0.390065482849597,0.0,0.36696700923222,0.3140470837344923,0.3537408076115471,0.3399538348777057,0.4223417820460526,0.0,0.3974936872332187,0.3711960261743857,0.3995119865475812,0.3372286725273888,0.3765656792648592,0.3623906121669738,0.3834796405281286,0.3791806781010466,0.3574199521361801,0.314414798682411,0.395391804934071,0.3890401905004939,0.3181002903300004,0.3384352225036355,0.0,0.3848842441851789,0.0,0.4256879096156994,0.4023872159943339,0.3975434482056036,0.0,0.0,0.0,0.3398418419939366,0.4832745191523007,0.0,0.3367488736914711,0.4087805444234562,0.4165623200106222,0.3994776879195811,0.4666665434214207,0.0,0.4275880218255666,0.0,0.4103526717538724,0.4243698570064205,0.3939463983992712,0.0,0.0,0.0,0.462014063891965,0.3701469810908945,0.3374468409170351,0.378255326634259,0.419297714937276,0.0,0.0,0.3758221989885765,0.4077352030217639,0.4070501676437704,0.3749043176082257,0.4149182520106222,0.4121887341770027
0.3323744768964768,0.0,0.0,0.0,0.0,0.0,0.0,0.4329671950661022,0.0,0.3015611844792391,0.0,0.242815575949229,0.3301439954271153,0.0,0.0,0.0,0.3578318260022757,0.3528000275018952,0.0,0.0,0.429399151150108,0.0,0.3974936872332187,0.0,0.3452489278263693,0.321340542242422,0.0,0.3297092708862985,0.0,0.0,0.322899561226101,0.2827822573278291,0.2456391087737267,0.2375563917159461,0.2712120138586221,0.0,0.0,0.2289860795028976,0.4320022211704741,0.2920515698099218,0.3644322414069105,0.0,0.0,0.0,0.2759965341622911,0.4060411644971991,0.0,0.0,0.0,0.0,0.0,0.0,0.0,0.0,0.3741613385022677,0.0,0.3851360219696476,0.0,0.0,0.0,0.360432414730129,0.4383361580766579,0.4050269680202827,0.0,0.0,0.0,0.0,0.0,0.5068889663416636,0.3838613311553677,0.4099183812724524,0.0,0.0,0.0,0.0,0.395305622124862
0.3471140454772294,0.3677395733800903,0.0,0.0,0.0,0.3920901164296856,0.4106515241741829,0.3995121252728303,0.0,0.336915314418186,0.0,0.3253451029068513,0.4192116048571121,0.0,0.3669400773662382,0.3945296423303908,0.3260648035554442,0.3510137517946432,0.0,0.4010361033143204,0.3589995982879135,0.4044595001484354,0.3711960261743857,0.3452489278263693,0.0,0.3569958534893171,0.3930263251410614,0.4119155731335438,0.4092542011804574,0.0,0.37882675332296,0.4141695885873128,0.313337761316799,0.3484478365849063,0.367898062289687,0.0,0.0,0.298053397490255,0.3922397157577607,0.3169815078952926,0.3678516909817311,0.3965325900329791,0.0,0.0,0.0,0.3692960977389322,0.3902406470357,0.0,0.0,0.0,0.0,0.0,0.0,0.0,0.385738336467178,0.0,0.4110798158649368,0.0,0.0,0.0,0.3659852070259593,0.3982802369879746,0.3709759778777532,0.0,0.0,0.3748760269789354,0.30329213775893,0.0,0.4429760537842893,0.3595398483121605,0.3742658718670458,0.0,0.0,0.0,0.0,0.3576863565399322
0.3459707793974602,0.3827561937717155,0.0,0.0,0.0,0.3860651248605307,0.3883922982372484,0.4050723981008077,0.0,0.3268464858219075,0.0,0.2792360990413686,0.4157948727140854,0.0,0.4450330811731555,0.4049829677389097,0.33394406531547,0.3703302103894132,0.0,0.4451510229275903,0.3801932269792153,0.4013914306104672,0.3995119865475812,0.321340542242422,0.3569958534893171,0.0,0.4237761031730709,0.4137915662120517,0.4036297233053271,0.0,0.3629396254474067,0.4212639530775776,0.3228291571698729,0.3579561085960964,0.3938052400049331,0.3659685106302412,0.0,0.2769666180558437,0.4119431571681972,0.349831304905427,0.3868341356948536,0.4162292048132311,0.0,0.0,0.0,0.3974737495954018,0.412175054190505,0.0,0.0,0.0,0.0,0.0,0.0,0.0,0.3857799600581397,0.0,0.4182267138879065,0.0,0.0,0.426558824954869,0.3841932222778843,0.4106618503222212,0.3877515024996058,0.0,0.403959582766421,0.4211700506243022,0.4292475919150677,0.3793233473409368,0.4574161718744567,0.3756097714256207,0.4048966249578773,0.3988677093230846,0.0,0.4187544965010731,0.0,0.3873064981338579
0.3877232738761964,0.4059884392434116,0.3398380275248753,0.0,0.3696897371402399,0.3735282737361746,0.3750200389710215,0.4047042248580377,0.344819235685653,0.3586013877159746,0.3900546235514915,0.0,0.3923575579415673,0.4306523306569903,0.4148803532872449,0.4136288285705366,0.0,0.4017219109272231,0.3920676285898169,0.3739079393076579,0.3862937887984115,0.4274071070384304,0.3372286725273888,0.0,0.3930263251410614,0.4237761031730709,0.0,0.3970325135685043,0.3674305917749818,0.3891708352302434,0.3986634845938052,0.3995412255270282,0.3670818390602757,0.4160041264792324,0.4300505326912554,0.3269247294121358,0.3731026196319054,0.0,0.3789896406040907,0.0,0.3745119315224227,0.3839218540577936,0.4119981019735534,0.0,0.0,0.0,0.0,0.4694648996595797,0.0,0.0,0.4055665864505769,0.3770993614323353,0.441999321091266,0.4566338459720298,0.0,0.4342714409044354,0.0,0.2803992280634352,0.4507711495992769,0.3906359095856196,0.0,0.0,0.0,0.4415148366714479,0.3670057243035858,0.3361003627947844,0.2925937927605226,0.4190046931186623,0.0,0.0,0.0,0.406377460999479,0.3284063040503128,0.3454438670171367,0.387914567078812,0.3803369517140681
0.3429973059388534,0.429318821954074,0.404239582978279,0.2095761903975789,0.3267766618606051,0.3680138603594698,0.3432019511897567,0.3569777072470501,0.3762922816891083,0.3914010058606904,0.3577272847056847,0.3425410687444875,0.3562404231261823,0.2148495650007724,0.381196645916158,0.4378952727204756,0.3935853762991037,0.4263757011675217,0.3805302791629525,0.3860673483194695,0.3286451258417779,0.4299957534775318,0.3765656792648592,0.3297092708862985,0.4119155731335438,0.4137915662120517,0.3970325135685043,0.0,0.3577751155067268,0.3529714759841204,0.383345073422171,0.3734331492877983,0.357196778690697,0.3689462380841486,0.3194530791304828,0.2678829205626676,0.2644338791214147,0.3109750517217243,0.3580331481650317,0.0,0.0,0.0,0.0,0.0,0.0,0.0,0.0,0.0,0.0,0.0,0.305493618070064,0.0,0.3303726440798429,0.0,0.0,0.0,0.0,0.0,0.0,0.0,0.0,0.0,0.0,0.0,0.0,0.0,0.0,0.3881149746953037,0.0,0.0,0.0,0.3846011630117312,0.3094311675608123,0.3148026008313122,0.0,0.300900117753023
0.0,0.415087543479612,0.0,0.0,0.3731121222899391,0.3207565117269704,0.390786069972475,0.3094033406513614,0.3555666838149244,0.0,0.0,0.0,0.3998037889764068,0.0,0.391755779115824,0.4339820615130488,0.0,0.4291229229691667,0.0,0.3466974539046182,0.3251667559539034,0.4075649510024174,0.3623906121669738,0.0,0.4092542011804574,0.4036297233053271,0.3674305917749818,0.3577751155067268,0.0,0.3318478287149614,0.3407876608411526,0.4080002501604888,0.3474006139286992,0.3902972707527298,0.4181957531780645,0.2691166862881553,0.3792519487287177,0.0,0.3608869655802332,0.0,0.3197899174474422,0.0,0.0,0.0,0.0,0.0,0.0,0.0,0.0,0.0,0.3018932810668941,0.0,0.3170156564650548,0.0,0.0,0.0,0.0,0.2570279163067205,0.0,0.3763808241165916,0.0,0.0,0.0,0.0,0.3422325392272046,0.3608623172484094,0.3531492055115616,0.3616430407066934,0.0,0.0,0.4209045929915379,0.3677049277043475,0.3123493519497669,0.3413777292566763,0.0,0.3245910835962171
0.0,0.0,0.3992936308033074,0.0,0.0,0.3780547944951518,0.0,0.3607767421211795,0.370550874951035,0.0,0.0,0.0,0.4114542507596586,0.0,0.0,0.4178354131711251,0.0,0.0,0.0,0.3609340286548474,0.3244779573785065,0.4139095282131685,0.3834796405281286,0.0,0.0,0.0,0.3891708352302434,0.3529714759841204,0.3318478287149614,0.0,0.3441680654918575,0.3992373243903973,0.0,0.3802826486771932,0.3844142454431484,0.0,0.0,0.0,0.3723943474560406,0.0,0.0,0.0,0.0,0.0,0.0,0.0,0.0,0.0,0.0,0.0,0.0,0.0,0.0,0.0,0.0,0.0,0.0,0.0,0.0,0.0,0.0,0.0,0.0,0.0,0.0,0.0,0.0,0.3976350323018977,0.0,0.0,0.0,0.3748215986671995,0.0,0.0,0.0,0.0
0.3472779370756998,0.3567141849917749,0.3799178858024639,0.0,0.3825342849276809,0.3810700623469836,0.3894958654558835,0.3659686633716348,0.3740033456888555,0.3479992711604062,0.382925440753255,0.3206327247151632,0.393096094052991,0.0,0.3820512092229801,0.3591970568636822,0.3646732496140349,0.3991217275180256,0.3565862909719163,0.3569227076866363,0.3531829901267003,0.3790254641202601,0.3791806781010466,0.322899561226101,0.37882675332296,0.3629396254474067,0.3986634845938052,0.383345073422171,0.3407876608411526,0.3441680654918575,0.0,0.3898475233310953,0.3597084577208284,0.2891875961159402,0.3266556756294793,0.3773537109123219,0.3349186399461341,0.2677673479244374,0.3777781717162125,0.3522383536825722,0.3719826825031379,0.0,0.0,0.0,0.0,0.3405379349125181,0.3914475215014884,0.0,0.0,0.0,0.3164920424365381,0.0,0.4047549079044484,0.0,0.3650343481906869,0.0,0.3857852896733927,0.0,0.0,0.4116084989693788,0.3814862055741274,0.0,0.3376966432069863,0.0,0.3844462536243559,0.3757119850655838,0.3879851543625713,0.405749705675465,0.4328624255962662,0.3607786020985247,0.4042178220662608,0.383180136377596,0.2922405423513645,0.3028184278173891,0.0,0.0
0.4101283753429774,0.414225169928831,0.3539418352039185,0.2845035261156972,0.3619825920563086,0.3637507649852713,0.3612488408950278,0.3108537003361972,0.3510411854351012,0.3600943977604839,0.355514033196451,0.2721834241155841,0.3781319452663672,0.0,0.4039094822629597,0.4418254397332362,0.4421902158495935,0.4710666106560505,0.3596523380531685,0.4315844214517431,0.3595120309506883,0.4346186276631884,0.3574199521361801,0.2827822573278291,0.4141695885873128,0.4212639530775776,0.3995412255270282,0.3734331492877983,0.4080002501604888,0.3992373243903973,0.3898475233310953,0.0,0.3801478024150868,0.3202983282916284,0.3722359053869035,0.2612687898656013,0.3088492121475749,0.2581968571248976,0.3000813154954702,0.3419152600759262,0.3641100573341861,0.3341815431878537,0.2795920419798818,0.2663280095377766,0.2636329465588628,0.4307336155992373,0.4250178968818711,0.0,0.0,0.0,0.3883782029759011,0.0,0.3802367303620864,0.3930008301450781,0.0,0.0,0.2593542738628863,0.3222333276925249,0.0,0.4003528304052013,0.3845583226941766,0.0,0.0,0.0,0.3814634974323792,0.4083995403923451,0.4218801508108838,0.3794264561367575,0.0,0.3702269577861276,0.4414013151415838,0.3820958001836821,0.3685494888230144,0.375156414130335,0.0,0.4011874151427997
0.3015391962820279,0.3431459676782311,0.0,0.0,0.0,0.2952503923839,0.0,0.3127531791912823,0.0,0.3095026449012107,0.0,0.2608141065634133,0.3885310449479368,0.0,0.3278704235865327,0.4034848181510441,0.3533588973416873,0.3685280292743667,0.0,0.3920766024564598,0.2945652318548533,0.3914953819358527,0.314414798682411,0.2456391087737267,0.313337761316799,0.3228291571698729,0.3670818390602757,0.357196778690697,0.3474006139286992,0.0,0.3597084577208284,0.3801478024150868,0.0,0.291025092787686,0.4079687096520896,0.2887332593394627,0.2630177330134108,0.2154017821610139,0.3752677909436724,0.2462209701379968,0.3563175677158644,0.4011765084694709,0.0,0.0,0.2436298398407126,0.3568111683494395,0.3969943221947973,0.0,0.0,0.0,0.0,0.0,0.0,0.0,0.3249894122322793,0.0,0.3312080084280104,0.0,0.0,0.3966863758867028,0.3655264009430137,0.3375068701446349,0.2570909581279513,0.0,0.314390722390866,0.3563636038914046,0.3959420786095906,0.3672627622765149,0.3564112530356818,0.2908575871920986,0.3898435815404962,0.3943872276355266,0.0,0.3734189351686001,0.0,0.3325917994408795
0.3225774464184874,0.3566109217361216,0.3828483794578141,0.2181277104407999,0.3733084401578989,0.3980602017501543,0.345302268438252,0.3815729419955082,0.3672037119804567,0.3109786806636156,0.3639971935487641,0.2418217913071789,0.3700088083556978,0.3540949511854315,0.3947834798244138,0.3773623107279035,0.3683793357251254,0.3794281216529518,0.3054977933685153,0.4054795130993625,0.3577815871422528,0.4082097940231666,0.395391804934071,0.2375563917159461,0.3484478365849063,0.3579561085960964,0.4160041264792324,0.3689462380841486,0.3902972707527298,0.3802826486771932,0.2891875961159402,0.3202983282916284,0.291025092787686,0.0,0.2310393166759293,0.2887474041714824,0.2426922835654704,0.2017112525109928,0.3464788976373149,0.2676903211340251,0.3781052570428776,0.352530375878236,0.0,0.0,0.3141547217361223,0.3617351317019012,0.3789933388687281,0.0,0.0,0.0,0.3355569770050567,0.0,0.4209285729354335,0.0,0.3362921930711796,0.0,0.3189559063892225,0.0,0.0,0.4009439344438745,0.3678154839450308,0.0,0.3175383795501519,0.0,0.4000282944925288,0.3744639371466561,0.3992818349657723,0.4133677232940676,0.3977140376518974,0.3382593333931296,0.4084949375594538,0.4121064044411588,0.3675255710646897,0.3647302435473504,0.0,0.0
0.3711551584285446,0.396573268707539,0.4159431442679864,0.2388064738224728,0.3575077885471383,0.4120085798842603,0.3383800944872681,0.3825756853500462,0.3369235471376847,0.2843606277169971,0.3573545565710472,0.2579250005852895,0.3584319792054744,0.0,0.4224347840405056,0.4308948672728523,0.3780191365436599,0.4132806307097433,0.3715300224243231,0.4335203096974049,0.3805876228637664,0.4466101770973733,0.3890401905004939,0.2712120138586221,0.367898062289687,0.3938052400049331,0.4300505326912554,0.3194530791304828,0.4181957531780645,0.3844142454431484,0.3266556756294793,0.3722359053869035,0.4079687096520896,0.2310393166759293,0.0,0.2879583381449993,0.3007757031846521,0.2270175537009754,0.3212947983890236,0.3511292250494718,0.3713396349591761,0.3646844756062993,0.2823392587931362,0.2757580972662492,0.3002582461954423,0.0,0.4176029225519191,0.0,0.0,0.0,0.0,0.0,0.0,0.0,0.0,0.0,0.2986255291431556,0.0,0.0,0.4231981340516306,0.3768721476893246,0.0,0.0,0.0,0.3601635984499653,0.4302107143642282,0.4283618731677565,0.3981474223045246,0.0,0.0,0.4257238558330282,0.4036985431739655,0.0,0.3469476407158443,0.0,0.0
0.0,0.0,0.3972538895722521,0.1306010832784205,0.2302377166221942,0.3265808009083193,0.2982967369574897,0.2807353980638373,0.3248798626377368,0.2605091261888855,0.2859598075657235,0.2990278021716095,0.3412945388676145,0.194511588099552,0.0,0.0,0.0,0.0,0.3574335822531073,0.0,0.3421183120043426,0.0,0.3181002903300004,0.0,0.0,0.3659685106302412,0.3269247294121358,0.2678829205626676,0.2691166862881553,0.0,0.3773537109123219,0.2612687898656013,0.2887332593394627,0.2887474041714824,0.2879583381449993,0.0,0.2071857020475433,0.2789702596614616,0.254311694678799,0.2615886257508756,0.2717841943326843,0.317711676593803,0.2918028884638127,0.3034057975053491,0.0,0.0,0.0,0.0,0.0,0.0,0.3304388039253636,0.0,0.0,0.3826856529941225,0.0,0.3000750280480999,0.2782998092572851,0.0,0.3530448465332004,0.0,0.0,0.0,0.0,0.3879323247175279,0.0,0.0,0.0,0.3603834670762837,0.0,0.0,0.0,0.3178176428958837,0.0,0.0,0.0,0.0
0.0,0.0,0.363156509544239,0.1679297724199845,0.3027096941247051,0.3673565020545584,0.2886212909826651,0.319259958786722,0.311962199136877,0.2696299179676836,0.3135483801223078,0.2664918604122114,0.3292264490156273,0.1363790282241191,0.0,0.0,0.0,0.0,0.336608267582326,0.0,0.0,0.0,0.3384352225036355,0.0,0.0,0.0,0.3731026196319054,0.2644338791214147,0.3792519487287177,0.0,0.3349186399461341,0.3088492121475749,0.2630177330134108,0.2426922835654704,0.3007757031846521,0.2071857020475433,0.0,0.2764359124390973,0.2719550346326668,0.0,0.0,0.3109219188389976,0.0,0.0,0.0,0.0,0.0,0.0,0.0,0.0,0.0,0.0,0.0,0.0,0.0,0.0,0.0,0.0,0.0,0.0,0.0,0.0,0.0,0.0,0.0,0.0,0.0,0.0,0.0,0.0,0.0,0.0,0.0,0.0,0.0,0.0
0.0,0.0,0.0,0.0,0.2863917305118644,0.0,0.3060273247034201,0.0,0.2033491401970263,0.2615936100499872,0.2902048874206019,0.2291760121362487,0.2821414597585416,0.0,0.0,0.0,0.2937765426278983,0.0,0.0,0.0,0.0,0.0,0.0,0.2289860795028976,0.298053397490255,0.2769666180558437,0.0,0.3109750517217243,0.0,0.0,0.2677673479244374,0.2581968571248976,0.2154017821610139,0.2017112525109928,0.2270175537009754,0.2789702596614616,0.2764359124390973,0.0,0.2454961327698112,0.2141076164888704,0.2622257599971758,0.0,0.0,0.0,0.2396405714544111,0.0,0.0,0.0,0.0,0.0,0.0,0.0,0.0,0.0,0.283432842720142,0.0,0.2930347057046372,0.0,0.0,0.0,0.0,0.0,0.0,0.0,0.0,0.0,0.0,0.0,0.3163014671612507,0.0,0.3377976169188508,0.0,0.0,0.0,0.0,0.0
0.4226439470420987,0.410567387129834,0.0,0.0,0.0,0.381898369378311,0.0,0.409001759115315,0.0,0.3288657069744236,0.0,0.0,0.3203584220569757,0.0,0.4088785935429394,0.4106467081196878,0.0,0.3974002125938158,0.0,0.398134350509997,0.4082062446198222,0.406010386042337,0.3848842441851789,0.4320022211704741,0.3922397157577607,0.4119431571681972,0.3789896406040907,0.3580331481650317,0.3608869655802332,0.3723943474560406,0.3777781717162125,0.3000813154954702,0.3752677909436724,0.3464788976373149,0.3212947983890236,0.254311694678799,0.2719550346326668,0.2454961327698112,0.0,0.3482991293514194,0.3847998252051796,0.3794475469296738,0.2949357564009739,0.3171597688170697,0.2771503963079337,0.4095080949114253,0.4014297930258341,0.4177273244631345,0.287677727431315,0.3999760329046029,0.3981925189859475,0.3945461837473802,0.3378471696263657,0.4215693001798638,0.3217934411710342,0.3963152961248101,0.2789914257280113,0.3981889793579707,0.3133977419295087,0.407330457173251,0.4168929943419094,0.4115654290505834,0.4216319180736577,0.407886334737543,0.4366872151351026,0.3714980316516761,0.4326337582880519,0.366714514220785,0.3589433964901039,0.4052056320236764,0.4057290877416288,0.3927331417521815,0.3952764017712654,0.4123994997035858,0.4105675389282484,0.3897938091266547
0.3631736280433021,0.3850963474414812,0.0,0.0,0.0,0.0,0.0,0.0,0.0,0.2637400892130172,0.0,0.2581455205954028,0.0,0.0,0.4126886460793253,0.3937066466990308,0.3649556238151131,0.3430727141887629,0.0,0.0,0.3380434392154663,0.3807745457421375,0.0,0.2920515698099218,0.3169815078952926,0.349831304905427,0.0,0.0,0.0,0.0,0.3522383536825722,0.3419152600759262,0.2462209701379968,0.2676903211340251,0.3511292250494718,0.2615886257508756,0.0,0.2141076164888704,0.3482991293514194,0.0,0.2701043180463341,0.3256865267179151,0.2719153723319403,0.2587088329008236,0.1905647092036635,0.288307357506224,0.318203402368106,0.0,0.0,0.0,0.3661064353101757,0.4052737491698405,0.277698216729783,0.333657005092106,0.2574708695655959,0.3607228617016247,0.2161402388258846,0.3410329282897094,0.0,0.3405445612269452,0.3285871498356965,0.284375905912614,0.301312304744542,0.0,0.3743334459721869,0.2856913531359054,0.3705681574859059,0.3074762942311033,0.2080802996202679,0.2872299070491982,0.3037732406230433,0.3418110741396269,0.3486663147162122,0.3628245391527269,0.4151528771184177,0.3228557411276749
0.3811126994816936,0.3989816694809775,0.0,0.0,0.0,0.4011468135336955,0.0,0.4172671849263721,0.0,0.3268836180253091,0.0,0.3171744700601271,0.0,0.0,0.3548413591822906,0.390763341857875,0.3842099958568044,0.3727907924079417,0.0,0.2609700710327849,0.3691170596503779,0.3876724299438559,0.4256879096156994,0.3644322414069105,0.3678516909817311,0.3868341356948536,0.3745119315224227,0.0,0.3197899174474422,0.0,0.3719826825031379,0.3641100573341861,0.3563175677158644,0.3781052570428776,0.3713396349591761,0.2717841943326843,0.0,0.2622257599971758,0.3847998252051796,0.2701043180463341,0.0,0.3228607674272302,0.242919029426697,0.2446632246567933,0.2150221108118353,0.3450332751183732,0.3567729583805574,0.4118568806046062,0.2188926887080155,0.381938379497761,0.4073334611582234,0.382204537315944,0.3798133541062545,0.4158338103953177,0.2762190033920406,0.3675746429788552,0.2551991703775702,0.3897783949867172,0.3568112449568252,0.4098949340715946,0.3631124437141489,0.3485365543891139,0.3577501806334019,0.3985571154845771,0.4184593420404476,0.3613777154289017,0.4070666737800101,0.3922591512458303,0.2686403930110795,0.3341538521461722,0.3595526309408489,0.4123250824650797,0.3413960262135616,0.3944284241965444,0.3845494511964123,0.2521672774026436
0.0,0.4178617400968868,0.0,0.0,0.0,0.0,0.0,0.0,0.0,0.0,0.0,0.0,0.0,0.0,0.4173758398237042,0.4141957169524318,0.0,0.3793766359780601,0.0,0.0,0.4190648493126283,0.4067969295653482,0.4023872159943339,0.0,0.3965325900329791,0.4162292048132311,0.3839218540577936,0.0,0.0,0.0,0.0,0.3341815431878537,0.4011765084694709,0.352530375878236,0.3646844756062993,0.317711676593803,0.3109219188389976,0.0,0.3794475469296738,0.3256865267179151,0.3228607674272302,0.0,0.3508503547202511,0.3101805544307612,0.254473618921152,0.4000157635986235,0.4023464460414968,0.4277145309731038,0.250083103962091,0.4194498131306987,0.4190840976531166,0.3948135342745421,0.3737685023190149,0.4303765891830263,0.2880515660661029,0.3826762178188408,0.307085603245659,0.403607723691831,0.0,0.4303432532974081,0.4050128346481197,0.3846484751539002,0.3992476596184139,0.4089395790538885,0.4436226208827835,0.3657895000053739,0.4526927646731977,0.4036864925694334,0.3303218466444508,0.3778562069469856,0.401689791050825,0.4280091257120123,0.3465678511651063,0.4111556611159889,0.3739839454578809,0.2822160272153869
0.0,0.0,0.4288797026264363,0.0,0.0,0.2989038855739943,0.0,0.3564934906662395,0.4122546049389859,0.0,0.3195388604245591,0.0,0.0,0.0,0.0,0.0,0.0,0.0,0.3886195123056563,0.0,0.0,0.0,0.3975434482056036,0.0,0.0,0.0,0.4119981019735534,0.0,0.0,0.0,0.0,0.2795920419798818,0.0,0.0,0.2823392587931362,0.2918028884638127,0.0,0.0,0.2949357564009739,0.2719153723319403,0.242919029426697,0.3508503547202511,0.0,0.1733163016359553,0.267906010279158,0.0,0.0,0.3624608603484205,0.1557837419425989,0.2283439943125237,0.3560647713938081,0.2643697897161817,0.3097193644218028,0.3895373179144598,0.296440786735219,0.2701446019773968,0.2723312416429522,0.3165381658335414,0.209420631129354,0.0,0.0,0.0,0.0,0.335492870753335,0.0,0.3348332495346166,0.0,0.3369699655584927,0.2964803499432593,0.0,0.0,0.3551895361953661,0.2698997739016667,0.3983502435288187,0.0,0.3106770948234828
0.0,0.0,0.0,0.0,0.0,0.0,0.0,0.0,0.0,0.0,0.0,0.0,0.0,0.0,0.0,0.0,0.0,0.0,0.0,0.0,0.0,0.0,0.0,0.0,0.0,0.0,0.0,0.0,0.0,0.0,0.0,0.2663280095377766,0.0,0.0,0.2757580972662492,0.3034057975053491,0.0,0.0,0.3171597688170697,0.2587088329008236,0.2446632246567933,0.3101805544307612,0.1733163016359553,0.0,0.2588609233579256,0.0,0.0,0.4023629037278913,0.1487300786544979,0.2353840721334815,0.4012502620235353,0.2887051698962998,0.0,0.397365337124939,0.2571573024679631,0.3748517895243014,0.2637525036558226,0.3320244839464883,0.1909131519393553,0.0,0.0,0.0,0.0,0.3832738102926008,0.0,0.0,0.0,0.3547307218641233,0.0,0.0,0.0,0.3858539569117933,0.2930262748075158,0.4132629467017487,0.0,0.2861922295864262
