0.0,0.3512391839186308,0.0,0.0,0.0,0.40248957012256,0.0,0.4490387307091244,0.0,0.3768934990958151,0.0,0.3247173771944792,0.0,0.0,0.3273552312839615,0.3574397979711274,0.3325710412526582,0.3514038779448922,0.0,0.384595582685365,0.3630109091060187,0.3456236525319356,0.4131243728305273,0.3183159971364552,0.3461160837535432,0.3175805613604009,0.3945451791742193,0.4387465392186503,0.4180004438021839,0.0,0.3354640131827896,0.3863355888394828,0.2808098146456618,0.3302063911493426,0.360556555144448,0.0,0.0,0.4119355167219422,0.3859614919432725,0.3705303404547061,0.3591560445922583,0.0,0.0,0.0,0.0,0.3774513464570611,0.3977510300972043,0.0,0.0,0.0,0.0,0.0,0.0,0.0,0.433541141656116,0.0,0.0,0.0,0.0,0.0,0.3889356489898333,0.0,0.3811797560053959,0.0,0.0,0.0,0.4132105579768007,0.0,0.0,0.3850040389979512,0.4046030530419587,0.0,0.0,0.0,0.0,0.3945285366678858
0.3512391839186308,0.0,0.0,0.0,0.3925686305148139,0.3604417170651689,0.3994904796533834,0.379268798568258,0.3767291716349197,0.0,0.0,0.0,0.4003821784051523,0.0,0.3641434630703544,0.3535867846493972,0.3738650079779093,0.3471751188218872,0.0,0.3775226344692023,0.3726313086751229,0.3424487045790044,0.3613034375261322,0.0,0.3218559501541244,0.3573880501955788,0.3750678507146575,0.4025513477964286,0.3670148703754267,0.0,0.3246985769921384,0.4006712113156621,0.3198391242431828,0.3291171657506052,0.3550615174249602,0.0,0.0,0.0,0.4125385042605916,0.3954602214863794,0.3846275905401229,0.416531945795989,0.0,0.0,0.0,0.3959436194311131,0.402615702002472,0.0,0.0,0.0,0.4291680890875247,0.0,0.0,0.0,0.0,0.0,0.0,0.0,0.0,0.428305161729054,0.3971182712594003,0.0,0.3875298464603615,0.0,0.3965316178806187,0.4304664415646961,0.4226858561706852,0.4175879204871096,0.0,0.3881430769255089,0.4233343607112497,0.4256027677936119,0.0,0.4166701117914396,0.0,0.3919703083805884
0.0,0.0,0.0,0.0,0.3582477966541659,0.3230506529230409,0.3848375296162784,0.4022946004704829,0.2906943802866205,0.0,0.2836081436131302,0.0,0.3914226708562469,0.3571660340620427,0.0,0.0,0.0,0.0,0.2490957667569261,0.0,0.0,0.0,0.2798709506555589,0.0,0.0,0.0,0.2699229917579201,0.3949475628984858,0.0,0.0,0.3988106299096998,0.3699664677091347,0.0,0.3968790686963627,0.3888275624986081,0.3656692265843633,0.3954906505841416,0.0,0.0,0.0,0.0,0.0,0.4571955592120509,0.0,0.0,0.0,0.0,0.21988094360735,0.0,0.5202712784679722,0.4758137902728219,0.5243970485458569,0.4901486326857306,0.4957942158594637,0.0,0.235818951474142,0.0,0.5294580698050944,0.4713217691301463,0.0,0.0,0.0,0.0,0.1412929905906641,0.0,0.0,0.0,0.4983214359145195,0.0,0.0,0.0,0.4715849931659074,0.0,0.0,0.0,0.0
0.0,0.0,0.0,0.0,0.2649958053198527,0.3630912397568711,0.2526631057229354,0.3107783822633121,0.3728959770901582,0.0,0.3384819169300621,0.0,0.2739660195116988,0.2119915842408749,0.0,0.0,0.0,0.0,0.3928387705193037,0.0,0.0,0.0,0.347506228562889,0.0,0.0,0.0,0.3702353587256336,0.2235125733160571,0.0,0.0,0.2836572475978101,0.312457866948103,0.0,0.2503142960263918,0.2902960934700031,0.1595601083063658,0.1646962007412542,0.0,0.0,0.0,0.0,0.0,0.0,0.0,0.0,0.0,0.0,0.0,0.0,0.0,0.0,0.0,0.0,0.0,0.0,0.0,0.0,0.0,0.0,0.0,0.0,0.0,0.0,0.0,0.0,0.0,0.0,0.0,0.0,0.0,0.0,0.0,0.0,0.0,0.0,0.0
0.0,0.3925686305148139,0.3582477966541659,0.2649958053198527,0.0,0.3485034499506527,0.2937856537475396,0.3661045668651453,0.2996730815821898,0.3740089033407971,0.2914635159872083,0.0,0.3207920660814209,0.2785973045870322,0.0,0.4223767685901464,0.0,0.0,0.3483519983028916,0.3443480403444011,0.0,0.3755720256717843,0.3546947133135727,0.0,0.4001399667194917,0.0,0.3552473589162952,0.3240463348184267,0.3624927787955954,0.0,0.3764208326152831,0.3705167440648955,0.0,0.3781570930802828,0.2595107878339887,0.2057714709419878,0.264851770923898,0.4015385676429999,0.0,0.0,0.0,0.0,0.4031685471061902,0.0,0.0,0.0,0.0,0.4889322762853348,0.0,0.0,0.4713265973566449,0.0,0.0,0.5702305351259336,0.0,0.415110552658677,0.0,0.0,0.0,0.0,0.0,0.0,0.0,0.0,0.0,0.0,0.0,0.4600649091192728,0.0,0.0,0.0,0.0,0.0,0.0,0.0,0.0
0.40248957012256,0.3604417170651689,0.3230506529230409,0.3630912397568711,0.3485034499506527,0.0,0.3695166135674608,0.3698829478751839,0.305072215270249,0.4059552986401165,0.3491483142999796,0.0,0.3445095994783997,0.3689595053881711,0.3770548842909693,0.3821156710087516,0.0,0.3746591204979805,0.3519807093712609,0.3557630741844566,0.3700741065660173,0.3676192327767728,0.3426854833657591,0.0,0.3475397987387268,0.3531713393298845,0.3299747415298996,0.3462040114684004,0.2836202881671835,0.3762537399821116,0.3779832505177167,0.3706265112015147,0.3493329414631905,0.3771979152758443,0.3759141469284886,0.3769722776965787,0.3736157077407006,0.4064064492593592,0.4066186864124602,0.0,0.4334844970046686,0.4716118097430617,0.4476248294398604,0.0,0.0,0.0,0.0,0.4721717107504124,0.0,0.5256745357415915,0.4354506558668618,0.4691627226870097,0.4088476118830271,0.4591847147459975,0.0,0.480410260506193,0.0,0.455497132781083,0.0,0.4341224692459048,0.0,0.0,0.0,0.4892940489752334,0.4242527626012056,0.4197485392047376,0.0,0.4479100037643065,0.0,0.0,0.0,0.4272629984024704,0.4416276356138943,0.4216808730417762,0.4584244682907396,0.4485506223989371
0.0,0.3994904796533834,0.3848375296162784,0.2526631057229354,0.2937856537475396,0.3695166135674608,0.0,0.3750808821120862,0.3486333017027971,0.37004673574449,0.3897456275706424,0.3793039163610662,0.2865873537092832,0.307295050908598,0.0,0.4266349327506582,0.4266144292377687,0.4185537225262704,0.4025970125949583,0.3975236977516076,0.0,0.4204131786221306,0.3703128243900128,0.0,0.3898598898720466,0.3944107360094739,0.3773494362850468,0.323165560388872,0.3879741767440016,0.0,0.3535768093466024,0.3600317526760969,0.0,0.3571785068022788,0.3706366642376167,0.2521989632624226,0.2628736339515964,0.367778466117351,0.0,0.0,0.0,0.0,0.0,0.0,0.0,0.0,0.0,0.5233062958868051,0.0,0.0,0.469758552936211,0.0,0.4688513056506351,0.0,0.0,0.5697656698549688,0.0,0.0,0.0,0.0,0.0,0.0,0.0,0.0,0.0,0.0,0.0,0.4475437137048826,0.0,0.0,0.0,0.448626989947104,0.0,0.0,0.0,0.0
0.4490387307091244,0.379268798568258,0.4022946004704829,0.3107783822633121,0.3661045668651453,0.3698829478751839,0.3750808821120862,0.0,0.4336007866052845,0.4885776508071807,0.2724205338294456,0.512857518246261,0.3809047520535452,0.3223728656951528,0.3097630890127901,0.3959303266415409,0.0,0.4546438883666148,0.414516395776379,0.3652765958599006,0.335588404742748,0.3750159335606335,0.3145133281614141,0.4593272788944837,0.4611856618901444,0.4391702742458382,0.3720039391445572,0.3806009735329234,0.3272241098924685,0.3783720829485844,0.3717169670588218,0.3755062318156174,0.3474841688156093,0.3659714082714966,0.4015417824567144,0.2194916908030348,0.3165741489075496,0.0,0.4016107975579643,0.0,0.4411447385914439,0.0,0.4260109931003316,0.0,0.0,0.0,0.0,0.5001939582756929,0.0,0.4894166772076017,0.4303889098342594,0.4615137040379284,0.3841835757754527,0.5055320929148132,0.0,0.4360601051522245,0.0,0.4495584071174553,0.4291660739743388,0.0,0.0,0.0,0.0,0.5025685128818781,0.0,0.4659882293949418,0.0,0.4603198294729718,0.0,0.0,0.0,0.4323347638198319,0.4376244487193056,0.4327280120234656,0.0,0.4573616975979567
0.0,0.3767291716349197,0.2906943802866205,0.3728959770901582,0.2996730815821898,0.305072215270249,0.3486333017027971,0.4336007866052845,0.0,0.4136481564362235,0.296823450908771,0.4281426633618694,0.3387104342173212,0.3776048942446613,0.0,0.4231593464452792,0.0,0.0,0.2890262253213277,0.3481756594475607,0.0,0.3766806121858321,0.3739695857792035,0.0,0.3974510579267764,0.0,0.2938584377804395,0.3936741432092515,0.3656717364157374,0.4029782060634958,0.4117789697010958,0.3795895891064633,0.0,0.4050566860308152,0.3882272261265726,0.3799207698975767,0.3867256681311264,0.3980404351474236,0.4091988007336892,0.0,0.0,0.0,0.5104014945117744,0.0,0.0,0.0,0.0,0.4946534289188503,0.0,0.4965021751501139,0.4810387282510698,0.0,0.482807169405978,0.5234985407578355,0.0,0.4655857815167792,0.0,0.0,0.4723588319843914,0.0,0.0,0.0,0.0,0.5142695051572974,0.0,0.0,0.0,0.5099294442807715,0.0,0.0,0.0,0.4811838036495027,0.0,0.0,0.0,0.0
0.3768934990958151,0.0,0.0,0.0,0.3740089033407971,0.4059552986401165,0.37004673574449,0.4885776508071807,0.4136481564362235,0.0,0.4167714670326498,0.2704168601063169,0.3778598881376965,0.0,0.0,0.361299656367508,0.2903005043556086,0.3190539867152841,0.4320406266038613,0.0,0.0,0.0,0.4006901182779808,0.2875805622424036,0.2961452401202573,0.289963959943481,0.0,0.3397841107192004,0.0,0.0,0.3013795937668712,0.304957366124332,0.3046230196908267,0.2997894410745939,0.293173515207003,0.3549427676423357,0.2988198240611306,0.282800027250675,0.2955479682556708,0.3212479672058542,0.3288518202073691,0.350261941015827,0.0,0.0,0.2883508545119073,0.4179835164883074,0.0,0.0,0.0,0.0,0.0,0.0,0.0,0.0,0.3882282256401979,0.0,0.3948491471497148,0.0,0.0,0.0,0.0,0.4052578582192963,0.3869390684825712,0.0,0.0,0.0,0.0,0.0,0.3745215192530483,0.4010361907903224,0.4151587782937949,0.0,0.3556038747745709,0.0,0.0,0.373871953552
0.0,0.0,0.2836081436131302,0.3384819169300621,0.2914635159872083,0.3491483142999796,0.3897456275706424,0.2724205338294456,0.296823450908771,0.4167714670326498,0.0,0.4171119062734654,0.3982205515670584,0.2554406725090531,0.0,0.0,0.5281519352742904,0.0,0.2561352521558467,0.0,0.0,0.0,0.2143933499637184,0.4441618186618247,0.0,0.0,0.3395058363571959,0.4024855175902007,0.0,0.0,0.4300845503583907,0.4201512338498743,0.4075852945890587,0.4239687124240324,0.3995636333425874,0.2687111457549952,0.3907934672570659,0.4115813049704656,0.4273193524810917,0.0,0.0,0.0,0.4022582962854621,0.0,0.0,0.0,0.0,0.4404144780292561,0.0,0.4268122046821449,0.4779971591560897,0.4894667327578622,0.4435434592032216,0.4561804830417676,0.0,0.2755620529452484,0.0,0.4902125606473557,0.4141717792154434,0.0,0.0,0.0,0.0,0.2021116817773298,0.0,0.0,0.0,0.4790698298405252,0.0,0.0,0.0,0.4567698956718057,0.0,0.0,0.0,0.0
0.3247173771944792,0.0,0.0,0.0,0.0,0.0,0.3793039163610662,0.512857518246261,0.4281426633618694,0.2704168601063169,0.4171119062734654,0.0,0.3555516083474881,0.0,0.0,0.0,0.3289970670543654,0.3292113941720134,0.0,0.0,0.4528297953679681,0.0,0.4876307554676354,0.2642042848045624,0.3117638370292587,0.2769373430772083,0.0,0.3053109681254957,0.0,0.0,0.3118258558330519,0.2578834713575344,0.2504568606193004,0.2302073867535319,0.2498867509731634,0.286752178171137,0.265186175105717,0.2172798750128627,0.2340800907684396,0.357569070426641,0.3539309010684462,0.2473578855580784,0.0,0.0,0.3203049120180007,0.0,0.0,0.0,0.0,0.0,0.0,0.0,0.0,0.0,0.4010867102185036,0.0,0.399957134033045,0.0,0.0,0.0,0.0,0.4066682690209841,0.3934771212881496,0.0,0.0,0.0,0.0,0.0,0.3784879897644972,0.4014863532523253,0.4180067323814677,0.0,0.0,0.0,0.0,0.4005713438555447
0.0,0.4003821784051523,0.3914226708562469,0.2739660195116988,0.3207920660814209,0.3445095994783997,0.2865873537092832,0.3809047520535452,0.3387104342173212,0.3778598881376965,0.3982205515670584,0.3555516083474881,0.0,0.338833666445892,0.3561239172545862,0.431223824833576,0.3959491462107464,0.4120326824124681,0.3987411344069695,0.3924544904145006,0.3868104401644455,0.418722661407964,0.3729090767957767,0.3703211701352845,0.3894601150563198,0.3988572123220509,0.3798487095059716,0.2943762390958503,0.3689655123279439,0.3567915527222124,0.3645767255100214,0.3579617363414225,0.3592723705529145,0.3642796065898662,0.3367440046643317,0.2682663563146309,0.2786676958899095,0.3429865568324002,0.3685104207680571,0.0,0.0,0.0,0.0,0.0,0.0,0.0,0.0,0.5116983555446389,0.0,0.0,0.4530660985540383,0.0,0.436049125336755,0.0,0.0,0.5408586256143176,0.0,0.0,0.0,0.0,0.0,0.0,0.0,0.0,0.0,0.0,0.0,0.4441820611529068,0.0,0.0,0.0,0.4377458499398648,0.0,0.4683334161379168,0.0,0.0
0.0,0.0,0.3571660340620427,0.2119915842408749,0.2785973045870322,0.3689595053881711,0.307295050908598,0.3223728656951528,0.3776048942446613,0.0,0.2554406725090531,0.0,0.338833666445892,0.0,0.0,0.0,0.0,0.0,0.3418065442219565,0.0,0.3811571663132026,0.0,0.3153608447437175,0.0,0.0,0.0,0.3699659648332884,0.2313327299530966,0.0,0.0,0.3665029789595832,0.24096391531093,0.0,0.0,0.0,0.179629204281279,0.153325815900705,0.0,0.0,0.0,0.0,0.0,0.3670408941773416,0.0,0.0,0.0,0.0,0.5021685154286588,0.0,0.0,0.0,0.0,0.0,0.4705947489779364,0.0,0.4021661260356783,0.0,0.0,0.0,0.0,0.0,0.0,0.0,0.0,0.0,0.0,0.0,0.5008815166339238,0.0,0.0,0.0,0.0,0.0,0.0,0.0,0.0
0.3273552312839615,0.3641434630703544,0.0,0.0,0.0,0.3770548842909693,0.0,0.3097630890127901,0.0,0.0,0.0,0.0,0.3561239172545862,0.0,0.0,0.3621078210233548,0.0,0.3288899597481716,0.0,0.2990422398490239,0.3459610980655012,0.3091658496629566,0.290935674970646,0.3992135819349075,0.3215054485811559,0.3409683288167504,0.3393166117701508,0.3438555056265508,0.3273443128343892,0.0,0.3563765100348203,0.3977668301085572,0.3491733371704024,0.3739670840410952,0.4120351183051978,0.4200771168573858,0.0,0.0,0.4096811998740891,0.3739141837829979,0.4172247701734163,0.4315258558910085,0.0,0.0,0.0,0.0,0.4065579737876487,0.0,0.0,0.0,0.4109634857336979,0.0,0.3323837276740878,0.0,0.0,0.0,0.0,0.0,0.0,0.3942182297066897,0.4209944884943665,0.0,0.0,0.0,0.3611940347505415,0.4117368041785365,0.4106613359136954,0.383514706261849,0.0,0.4234544498826184,0.4403162744084604,0.3952752072594677,0.0,0.3713834418686865,0.0,0.4282731212237609
0.3574397979711274,0.3535867846493972,0.0,0.0,0.4223767685901464,0.3821156710087516,0.4266349327506582,0.3959303266415409,0.4231593464452792,0.361299656367508,0.0,0.0,0.431223824833576,0.0,0.3621078210233548,0.0,0.3459660729069132,0.3154974810324646,0.0,0.3496103167705336,0.352461899383449,0.3182324822858755,0.3689585940711678,0.382042119402539,0.3449586174303464,0.3643199555541241,0.3956029615877265,0.4145001186669413,0.3943692960924981,0.4085297012247352,0.3448139905616284,0.4287345163775648,0.3603082157084778,0.3550171482737532,0.3794727260985996,0.0,0.0,0.0,0.4009285641708397,0.3797582367349975,0.3737018552366196,0.3968356565864677,0.0,0.0,0.0,0.4132288970922664,0.4010616411948712,0.0,0.0,0.0,0.0,0.0,0.0,0.0,0.0,0.0,0.0,0.0,0.0,0.4049638947830881,0.3876576328697658,0.0,0.3849604843360257,0.0,0.4219433480604217,0.4506151255194048,0.412991774005339,0.0,0.0,0.3921660210082545,0.4066851461391373,0.492760864900156,0.0,0.0,0.0,0.3796629986499926
0.3325710412526582,0.3738650079779093,0.0,0.0,0.0,0.0,0.4266144292377687,0.0,0.0,0.2903005043556086,0.5281519352742904,0.3289970670543654,0.3959491462107464,0.0,0.0,0.3459660729069132,0.0,0.2970725932625011,0.0,0.0,0.0,0.3613033654027869,0.0,0.3215883210580568,0.2829682646348652,0.3238475287427192,0.0,0.3770969533188076,0.0,0.0,0.3227708300765649,0.3668279647404016,0.3160542183408677,0.3316803958984894,0.3306234307893124,0.0,0.0,0.3281601518119951,0.0,0.3978531245729508,0.0,0.0,0.0,0.0,0.0,0.0,0.0,0.0,0.0,0.0,0.0,0.0,0.0,0.0,0.399451097873206,0.0,0.4067140996237297,0.0,0.0,0.0,0.0,0.4189507361880589,0.3959061525162536,0.0,0.0,0.0,0.0,0.0,0.4079731796858509,0.4180852666194817,0.4233718779732757,0.0,0.0,0.0,0.0,0.0
0.3514038779448922,0.3471751188218872,0.0,0.0,0.0,0.3746591204979805,0.4185537225262704,0.4546438883666148,0.0,0.3190539867152841,0.0,0.3292113941720134,0.4120326824124681,0.0,0.3288899597481716,0.3154974810324646,0.2970725932625011,0.0,0.0,0.3693114920923024,0.3604307518657336,0.3559647637210207,0.3665874415915598,0.3163888373804935,0.3078349297555884,0.3365617195583464,0.3777111918994747,0.3945601939954555,0.4124169020726228,0.4505909108398723,0.3368820910559353,0.3918655350417829,0.3284897748764437,0.3472703160964175,0.3572435573381441,0.0,0.0,0.0,0.3898868902369327,0.3911400640766846,0.3909797572696619,0.3950092588327813,0.0,0.0,0.0,0.4065586545787469,0.3894718510791322,0.0,0.0,0.0,0.0,0.0,0.0,0.0,0.3861209988085964,0.0,0.3991281392157051,0.0,0.0,0.0,0.3763999627146612,0.3889866795139884,0.3824408251688552,0.0,0.0,0.0,0.3909358397222818,0.0,0.3951189673357475,0.3929156242478588,0.40262224199122,0.0,0.0,0.0,0.0,0.393296415400326
0.0,0.0,0.2490957667569261,0.3928387705193037,0.3483519983028916,0.3519807093712609,0.4025970125949583,0.414516395776379,0.2890262253213277,0.4320406266038613,0.2561352521558467,0.0,0.3987411344069695,0.3418065442219565,0.0,0.0,0.0,0.0,0.0,0.0,0.0,0.0,0.2909433794007104,0.0,0.0,0.0,0.315335615450354,0.4003229190799103,0.0,0.0,0.4139888896627519,0.3797057575862403,0.0,0.410385765088564,0.4049200819506048,0.3633461906826599,0.4084381441676003,0.4206557605853299,0.0,0.0,0.0,0.0,0.4533815071505595,0.0,0.0,0.0,0.0,0.4856920745272452,0.0,0.481470065491765,0.4876405806790654,0.5494139250183211,0.4802563170236729,0.5110788113322254,0.0,0.4225203290570769,0.0,0.5736288230697397,0.46290526206194,0.0,0.0,0.0,0.0,0.4903110768655799,0.0,0.0,0.0,0.5103294005896961,0.0,0.0,0.0,0.4874576776032429,0.0,0.0,0.0,0.0
0.384595582685365,0.3775226344692023,0.0,0.0,0.3443480403444011,0.3557630741844566,0.3975236977516076,0.3652765958599006,0.3481756594475607,0.0,0.0,0.0,0.3924544904145006,0.0,0.2990422398490239,0.3496103167705336,0.0,0.3693114920923024,0.0,0.0,0.3514200310952831,0.2922136698448993,0.2872333235469956,0.0,0.3522923733750964,0.3867952438781242,0.3096392749058365,0.3505999380247547,0.2943933425370175,0.2669493838290303,0.3452040710473626,0.4076956027833882,0.3706069887502699,0.3836244935728129,0.4271580052354133,0.4530714978574146,0.0,0.0,0.3902892016544404,0.0,0.4244021507493948,0.3977407417432717,0.0,0.0,0.0,0.0,0.4213668745047205,0.0,0.0,0.0,0.4059516089870901,0.0,0.4296001188516873,0.0,0.0,0.0,0.0,0.0,0.0,0.3927923272583428,0.0,0.0,0.0,0.0,0.3862416260120278,0.3933447178820478,0.3868927262038794,0.4125492439027382,0.0,0.0,0.41869587588971,0.4058573054477748,0.0,0.407894020664044,0.0,0.0
0.3630109091060187,0.3726313086751229,0.0,0.0,0.0,0.3700741065660173,0.0,0.335588404742748,0.0,0.0,0.0,0.4528297953679681,0.3868104401644455,0.3811571663132026,0.3459610980655012,0.352461899383449,0.0,0.3604307518657336,0.0,0.3514200310952831,0.0,0.3851075132547313,0.3488208135696874,0.4428304191745432,0.3779768911486342,0.3709736773074987,0.3628661252659007,0.3693361299318405,0.3396499231039556,0.0,0.3520397925409504,0.3929901048915984,0.3265038602673504,0.3595432119984942,0.4049153676595157,0.0,0.0,0.0,0.4200134861384375,0.3982928074565606,0.4204090689895386,0.4427081006669429,0.0,0.0,0.0,0.4152187745673069,0.428272893525936,0.0,0.0,0.0,0.3793106028681318,0.0,0.3623841044975993,0.0,0.0,0.0,0.0,0.0,0.0,0.4119716513600163,0.4209142888541931,0.0,0.0,0.0,0.3800672933610344,0.4133694625077006,0.4308607444126976,0.4058326054566778,0.0,0.4208278207035199,0.4501042120346901,0.4121151534536845,0.0,0.3671968861620362,0.0,0.0
0.3456236525319356,0.3424487045790044,0.0,0.0,0.3755720256717843,0.3676192327767728,0.4204131786221306,0.3750159335606335,0.3766806121858321,0.0,0.0,0.0,0.418722661407964,0.0,0.3091658496629566,0.3182324822858755,0.3613033654027869,0.3559647637210207,0.0,0.2922136698448993,0.3851075132547313,0.0,0.3419188936468901,0.0,0.3366047319763781,0.3455127343863111,0.3782599283886891,0.3974999877964568,0.3514960340688575,0.389013498134886,0.3518198925323063,0.4166518364565906,0.3649658251823678,0.3753501956815612,0.4200562062829133,0.451918023113752,0.4279103722775325,0.0,0.4181336215432231,0.4028844889327782,0.4160851348098529,0.4380022888096147,0.0,0.0,0.0,0.395730032030238,0.4121559262408563,0.0,0.0,0.0,0.4070537928593375,0.0,0.0,0.0,0.0,0.0,0.0,0.0,0.0,0.4192436968521085,0.4027684005432802,0.0,0.0,0.0,0.3870977417534831,0.4210812647938933,0.4211285539506353,0.3907425189610624,0.0,0.3805239398571789,0.4352635181441874,0.4104108951491175,0.0,0.3907178788690582,0.0,0.4097486952964559
0.4131243728305273,0.3613034375261322,0.2798709506555589,0.347506228562889,0.3546947133135727,0.3426854833657591,0.3703128243900128,0.3145133281614141,0.3739695857792035,0.4006901182779808,0.2143933499637184,0.4876307554676354,0.3729090767957767,0.3153608447437175,0.290935674970646,0.3689585940711678,0.0,0.3665874415915598,0.2909433794007104,0.2872333235469956,0.3488208135696874,0.3419188936468901,0.0,0.4435355072377595,0.3802451287658787,0.3947672535839247,0.303281808448732,0.3744936201911875,0.3326008975740182,0.36231457663598,0.3693202009093687,0.3621289513658308,0.3309705396784326,0.3734498201522331,0.3893735304671759,0.3477819809003187,0.3669757127030147,0.4289998984755461,0.4282413371058756,0.3432512856593728,0.4259620493814791,0.4276827707741194,0.4504238781848032,0.0,0.0,0.0,0.4119052726293798,0.4858593586155229,0.0,0.4825607369499022,0.4599314473160067,0.4624710015262891,0.434031495381533,0.4976537382172449,0.0,0.4331914562898176,0.0,0.4550379259812448,0.45150226807901,0.3923887177248171,0.0,0.0,0.0,0.4889745334886867,0.4104353500810123,0.4239470781039244,0.403532287452249,0.4631305520006312,0.0,0.0,0.4228009162101265,0.442692149787158,0.4499426781444567,0.4296437773740106,0.4286873457308505,0.4493748565274251
0.3183159971364552,0.0,0.0,0.0,0.0,0.0,0.0,0.4593272788944837,0.0,0.2875805622424036,0.4441618186618247,0.2642042848045624,0.3703211701352845,0.0,0.3992135819349075,0.382042119402539,0.3215883210580568,0.3163888373804935,0.0,0.0,0.4428304191745432,0.0,0.4435355072377595,0.0,0.3027224486535523,0.2910688155060916,0.473029837128968,0.3357599662144469,0.0,0.0,0.3157975066976244,0.282362611849666,0.2046498407545909,0.2446607752641252,0.1873649672390696,0.3887709087806864,0.0,0.2361993246907534,0.3728271760068142,0.3495231639526874,0.3484931975293007,0.0,0.0,0.0,0.3155528300658043,0.3956328340385877,0.0,0.0,0.0,0.0,0.0,0.0,0.0,0.0,0.3881762055783291,0.0,0.3909785653861498,0.0,0.0,0.0,0.401260006406065,0.4195259065173946,0.4027340750830007,0.0,0.0,0.0,0.0,0.0,0.353382506814938,0.4097580996381768,0.4167401806594366,0.0,0.0,0.0,0.0,0.3914328306920366
0.3461160837535432,0.3218559501541244,0.0,0.0,0.4001399667194917,0.3475397987387268,0.3898598898720466,0.4611856618901444,0.3974510579267764,0.2961452401202573,0.0,0.3117638370292587,0.3894601150563198,0.0,0.3215054485811559,0.3449586174303464,0.2829682646348652,0.3078349297555884,0.0,0.3522923733750964,0.3779768911486342,0.3366047319763781,0.3802451287658787,0.3027224486535523,0.0,0.3210682795602819,0.3535874688846988,0.3876888294773379,0.3690817746502078,0.0,0.3297589904386444,0.3727083663461336,0.3005614379009472,0.3251220246320137,0.3392203706626804,0.0,0.0,0.3156046634471383,0.3875531584803481,0.3840877384682448,0.3801278960163831,0.3770995626339579,0.0,0.0,0.0,0.4025476156712228,0.3783191628558549,0.0,0.0,0.0,0.0,0.0,0.0,0.0,0.4035976574489634,0.0,0.4064124011254931,0.0,0.0,0.373509871024383,0.377214397389799,0.3978608888400576,0.383418727167422,0.0,0.3717444127901395,0.3879754773953405,0.3815557106276198,0.5123416610021426,0.3928310605160877,0.3947168620451904,0.4053026707662522,0.0,0.0,0.0,0.0,0.4036233453243844
0.3175805613604009,0.3573880501955788,0.0,0.0,0.0,0.3531713393298845,0.3944107360094739,0.4391702742458382,0.0,0.289963959943481,0.0,0.2769373430772083,0.3988572123220509,0.0,0.3409683288167504,0.3643199555541241,0.3238475287427192,0.3365617195583464,0.0,0.3867952438781242,0.3709736773074987,0.3455127343863111,0.3947672535839247,0.2910688155060916,0.3210682795602819,0.0,0.3860691115848522,0.3826602063125321,0.3706903892751705,0.0,0.3446688183261318,0.3955242727467681,0.3247583091506884,0.3466370894057551,0.3739566577626378,0.4405875744215762,0.0,0.3024943844774055,0.4152234725811945,0.3915627487188618,0.4008073358558771,0.4153287092495836,0.0,0.0,0.3593380655542095,0.4136980799215216,0.4156545299334427,0.0,0.0,0.0,0.4412899638314516,0.0,0.0,0.0,0.4026333223598879,0.0,0.4061413232506601,0.0,0.0,0.4426850528626225,0.397624240638178,0.4082200852900123,0.3930325739906407,0.0,0.4095224704617967,0.4547868591156279,0.4389857558814589,0.4145489270050257,0.3865353689494097,0.4011376578597334,0.4158450681203747,0.4287150651458424,0.0,0.4438081552739211,0.0,0.4099909725661153
0.3945451791742193,0.3750678507146575,0.2699229917579201,0.3702353587256336,0.3552473589162952,0.3299747415298996,0.3773494362850468,0.3720039391445572,0.2938584377804395,0.0,0.3395058363571959,0.0,0.3798487095059716,0.3699659648332884,0.3393166117701508,0.3956029615877265,0.0,0.3777111918994747,0.315335615450354,0.3096392749058365,0.3628661252659007,0.3782599283886891,0.303281808448732,0.473029837128968,0.3535874688846988,0.3860691115848522,0.0,0.3755044530369305,0.3223992638127765,0.3545993981739248,0.3579903369709958,0.3737379062030947,0.3411476008552008,0.3783449881837862,0.3875399839117799,0.3965562209667874,0.3766180548350082,0.0,0.4172287165372759,0.0,0.4347840939087846,0.4381893051089779,0.4640574962043494,0.0,0.0,0.0,0.4462713490878635,0.4742033896329198,0.0,0.0,0.4439429249726458,0.0,0.4224660276145394,0.4795006111531318,0.0,0.4758200172484149,0.0,0.4552836973190719,0.4593496973222913,0.3959466788574755,0.0,0.0,0.0,0.5231828126112672,0.4198396799047006,0.4190699596613855,0.4072952748756717,0.4457466312925036,0.0,0.0,0.4299449647907624,0.4283648385367075,0.4389854397370689,0.4285000166908466,0.4442793218884865,0.4412623682643871
0.4387465392186503,0.4025513477964286,0.3949475628984858,0.2235125733160571,0.3240463348184267,0.3462040114684004,0.323165560388872,0.3806009735329234,0.3936741432092515,0.3397841107192004,0.4024855175902007,0.3053109681254957,0.2943762390958503,0.2313327299530966,0.3438555056265508,0.4145001186669413,0.3770969533188076,0.3945601939954555,0.4003229190799103,0.3505999380247547,0.3693361299318405,0.3974999877964568,0.3744936201911875,0.3357599662144469,0.3876888294773379,0.3826602063125321,0.3755044530369305,0.0,0.3064413310250271,0.2791044550397304,0.330134049881523,0.3453558880196598,0.2959394982599343,0.322315529578722,0.2909477807174913,0.2264270892153226,0.2239269370731831,0.2988522076492821,0.3308964591540185,0.0,0.0,0.3480754339265435,0.0,0.0,0.0,0.0,0.0,0.5465426442313854,0.0,0.0,0.4384042308063022,0.0,0.4198964139230646,0.0,0.0,0.0,0.0,0.0,0.0,0.0,0.0,0.0,0.0,0.0,0.4323166963811198,0.4328325554947372,0.0,0.4393605898657586,0.0,0.0,0.0,0.4295120065379044,0.0,0.4323556674359257,0.0,0.4889624503814124
0.4180004438021839,0.3670148703754267,0.0,0.0,0.3624927787955954,0.2836202881671835,0.3879741767440016,0.3272241098924685,0.3656717364157374,0.0,0.0,0.0,0.3689655123279439,0.0,0.3273443128343892,0.3943692960924981,0.0,0.4124169020726228,0.0,0.2943933425370175,0.3396499231039556,0.3514960340688575,0.3326008975740182,0.0,0.3690817746502078,0.3706903892751705,0.3223992638127765,0.3064413310250271,0.0,0.3037278917429766,0.3270630068966595,0.3664432574803962,0.3513408026481875,0.370660398600325,0.3782677747612378,0.4123496359654067,0.387653136807884,0.0,0.3993549680684409,0.0,0.4309140949264834,0.4489210500790156,0.4809984447489526,0.0,0.0,0.0,0.4430200770113537,0.4916797984313603,0.0,0.0,0.4107076179784377,0.0,0.3988292132741886,0.0,0.0,0.0,0.0,0.4506591693913906,0.0,0.392055294956815,0.0,0.0,0.0,0.0,0.4073598633425555,0.3958385595413398,0.3934487562796719,0.4087571779266974,0.0,0.0,0.4365443437701109,0.4055334973842637,0.4248018771092904,0.4041191338511788,0.4371248367329914,0.4292746565212488
0.0,0.0,0.0,0.0,0.0,0.3762537399821116,0.0,0.3783720829485844,0.4029782060634958,0.0,0.0,0.0,0.3567915527222124,0.0,0.0,0.4085297012247352,0.0,0.4505909108398723,0.0,0.2669493838290303,0.0,0.389013498134886,0.36231457663598,0.0,0.0,0.0,0.3545993981739248,0.2791044550397304,0.3037278917429766,0.0,0.2844700888712085,0.3621605418825031,0.0,0.2965987827968923,0.3208090064270664,0.0,0.0,0.0,0.0,0.0,0.0,0.0,0.0,0.0,0.0,0.0,0.0,0.0,0.0,0.0,0.0,0.0,0.0,0.0,0.0,0.0,0.0,0.0,0.0,0.0,0.0,0.0,0.0,0.0,0.418810124060352,0.0,0.0,0.4386555690131117,0.0,0.0,0.0,0.4280390118552286,0.0,0.4459756161855622,0.0,0.0
0.3354640131827896,0.3246985769921384,0.3988106299096998,0.2836572475978101,0.3764208326152831,0.3779832505177167,0.3535768093466024,0.3717169670588218,0.4117789697010958,0.3013795937668712,0.4300845503583907,0.3118258558330519,0.3645767255100214,0.3665029789595832,0.3563765100348203,0.3448139905616284,0.3227708300765649,0.3368820910559353,0.4139888896627519,0.3452040710473626,0.3520397925409504,0.3518198925323063,0.3693202009093687,0.3157975066976244,0.3297589904386444,0.3446688183261318,0.3579903369709958,0.330134049881523,0.3270630068966595,0.2844700888712085,0.0,0.3393720277443179,0.3046117888654589,0.239817444928683,0.1833602261676882,0.3383468230876414,0.2550143855459143,0.2842199049541004,0.3763059943352818,0.3264500150329743,0.3871334611257145,0.0,0.0,0.0,0.0,0.0,0.3805181455710988,0.0,0.0,0.0,0.441541197262165,0.0,0.428221685086022,0.0,0.3903980614828222,0.0,0.3984845787825286,0.0,0.0,0.342577761602775,0.3708559736149989,0.3544995896862334,0.396191808140204,0.0,0.3942704049787673,0.391353760753304,0.401759470941382,0.4206968786500464,0.3699329147536832,0.397655954418709,0.4060015073906881,0.4263650722304345,0.0,0.4286551295840514,0.0,0.0
0.3863355888394828,0.4006712113156621,0.3699664677091347,0.312457866948103,0.3705167440648955,0.3706265112015147,0.3600317526760969,0.3755062318156174,0.3795895891064633,0.304957366124332,0.4201512338498743,0.2578834713575344,0.3579617363414225,0.24096391531093,0.3977668301085572,0.4287345163775648,0.3668279647404016,0.3918655350417829,0.3797057575862403,0.4076956027833882,0.3929901048915984,0.4166518364565906,0.3621289513658308,0.282362611849666,0.3727083663461336,0.3955242727467681,0.3737379062030947,0.3453558880196598,0.3664432574803962,0.3621605418825031,0.3393720277443179,0.0,0.3560601431275765,0.290477315829345,0.3133422978253382,0.2985854620219045,0.3099591242288415,0.2259976717182349,0.2748070898399475,0.2453227336742584,0.2603366225789037,0.2913136257942383,0.2855973515799671,0.2787382387323717,0.264799092358452,0.4306629322417155,0.4234402525847124,0.4641033296135449,0.0,0.0,0.408352175319902,0.0,0.408530988538578,0.0,0.2774656978317377,0.0,0.2598542352334361,0.3312442121373091,0.0,0.4148169429861196,0.4053478701041166,0.0,0.399015958715214,0.0,0.3987689637401803,0.42603577030325,0.4271280030170382,0.4168559641749543,0.2594399538692049,0.4063939888709482,0.4279315535222971,0.4141137615413835,0.3214189039906712,0.4117994352455323,0.0,0.3181579334751394
0.2808098146456618,0.3198391242431828,0.0,0.0,0.0,0.3493329414631905,0.0,0.3474841688156093,0.0,0.3046230196908267,0.4075852945890587,0.2504568606193004,0.3592723705529145,0.0,0.3491733371704024,0.3603082157084778,0.3160542183408677,0.3284897748764437,0.0,0.3706069887502699,0.3265038602673504,0.3649658251823678,0.3309705396784326,0.2046498407545909,0.3005614379009472,0.3247583091506884,0.3411476008552008,0.2959394982599343,0.3513408026481875,0.0,0.3046117888654589,0.3560601431275765,0.0,0.210159349927568,0.302488190197228,0.4494679363694428,0.2876626562246892,0.1567706216707087,0.2300398311536013,0.2389783168292666,0.2657242374619623,0.2625030211943766,0.0,0.0,0.2443268914434524,0.4193471822350819,0.3900542852426176,0.0,0.0,0.0,0.0,0.0,0.0,0.0,0.340727441010279,0.0,0.350269244144929,0.0,0.0,0.4000812424690687,0.3858464788075623,0.3819648841050276,0.3865514174393343,0.0,0.3793522688422213,0.3922734504391897,0.4115737070555282,0.348417845301303,0.3156948045026751,0.4057269911025445,0.4044114168474069,0.3521486900804376,0.2932925205327285,0.0,0.0,0.3495838913821537
0.3302063911493426,0.3291171657506052,0.3968790686963627,0.2503142960263918,0.3781570930802828,0.3771979152758443,0.3571785068022788,0.3659714082714966,0.4050566860308152,0.2997894410745939,0.4239687124240324,0.2302073867535319,0.3642796065898662,0.0,0.3739670840410952,0.3550171482737532,0.3316803958984894,0.3472703160964175,0.410385765088564,0.3836244935728129,0.3595432119984942,0.3753501956815612,0.3734498201522331,0.2446607752641252,0.3251220246320137,0.3466370894057551,0.3783449881837862,0.322315529578722,0.370660398600325,0.2965987827968923,0.239817444928683,0.290477315829345,0.210159349927568,0.0,0.2045561542937429,0.354189590869056,0.2762465150008859,0.1887269239557196,0.2470105647601383,0.2993298741966652,0.2782211321706468,0.2680804685312553,0.309640596944809,0.2938987699496633,0.2569001042064317,0.3878612189294785,0.3889413547706019,0.0,0.0,0.0,0.4268533687375387,0.0,0.4353826050095615,0.0,0.3443175540785333,0.0,0.3515151284456225,0.0,0.0,0.4065559655498773,0.3781982186191328,0.420453643981169,0.3895473074402334,0.0,0.3693678761812038,0.4131428064896241,0.414397507816118,0.4088557782938991,0.3234181029286149,0.3930949145327649,0.4092701255983997,0.4095492323432487,0.3222280512657857,0.4195055609957197,0.0,0.3969198549296962
0.360556555144448,0.3550615174249602,0.3888275624986081,0.2902960934700031,0.2595107878339887,0.3759141469284886,0.3706366642376167,0.4015417824567144,0.3882272261265726,0.293173515207003,0.3995636333425874,0.2498867509731634,0.3367440046643317,0.0,0.4120351183051978,0.3794727260985996,0.3306234307893124,0.3572435573381441,0.4049200819506048,0.4271580052354133,0.4049153676595157,0.4200562062829133,0.3893735304671759,0.1873649672390696,0.3392203706626804,0.3739566577626378,0.3875399839117799,0.2909477807174913,0.3782677747612378,0.3208090064270664,0.1833602261676882,0.3133422978253382,0.302488190197228,0.2045561542937429,0.0,0.3922658027623987,0.3025494537659288,0.198015330339048,0.2592372329787201,0.2579473938680289,0.2439655041693609,0.2929700331943583,0.3166562560947145,0.3098757976633384,0.0,0.0,0.3870285004803568,0.0,0.0,0.0,0.0,0.0,0.0,0.0,0.0,0.0,0.322300572461354,0.0,0.0,0.4328540750633141,0.3969682098610911,0.0,0.0,0.0,0.4106138927995205,0.0,0.4312777783720173,0.0,0.0,0.3978005179165938,0.4122003379673509,0.4196492081921654,0.0,0.0,0.0,0.0
0.0,0.0,0.3656692265843633,0.1595601083063658,0.2057714709419878,0.3769722776965787,0.2521989632624226,0.2194916908030348,0.3799207698975767,0.3549427676423357,0.2687111457549952,0.286752178171137,0.2682663563146309,0.179629204281279,0.4200771168573858,0.0,0.0,0.0,0.3633461906826599,0.4530714978574146,0.0,0.451918023113752,0.3477819809003187,0.3887709087806864,0.0,0.4405875744215762,0.3965562209667874,0.2264270892153226,0.4123496359654067,0.0,0.3383468230876414,0.2985854620219045,0.4494679363694428,0.354189590869056,0.3922658027623987,0.0,0.1740143257513034,0.2756301305929312,0.2676248086842839,0.0,0.2561846254188708,0.2597380177121499,0.3228643045746999,0.0,0.0,0.0,0.0,0.0,0.0,0.3987367245668622,0.4347864551849126,0.0,0.3389706061385207,0.5111849805629998,0.0,0.3737172208278309,0.0,0.0,0.0,0.0,0.0,0.0,0.0,0.4624972764960885,0.0,0.0,0.0,0.4303017327736222,0.0,0.0,0.0,0.4384366914086941,0.3427378842662806,0.0,0.0,0.0
0.0,0.0,0.3954906505841416,0.1646962007412542,0.264851770923898,0.3736157077407006,0.2628736339515964,0.3165741489075496,0.3867256681311264,0.2988198240611306,0.3907934672570659,0.265186175105717,0.2786676958899095,0.153325815900705,0.0,0.0,0.0,0.0,0.4084381441676003,0.0,0.0,0.4279103722775325,0.3669757127030147,0.0,0.0,0.0,0.3766180548350082,0.2239269370731831,0.387653136807884,0.0,0.2550143855459143,0.3099591242288415,0.2876626562246892,0.2762465150008859,0.3025494537659288,0.1740143257513034,0.0,0.2542597463404171,0.2361760808383221,0.0,0.243614653672105,0.2773591030152161,0.2846651855615866,0.0,0.0,0.0,0.0,0.0,0.0,0.0,0.0,0.0,0.0,0.0,0.0,0.0,0.0,0.0,0.0,0.0,0.0,0.0,0.0,0.0,0.0,0.0,0.0,0.0,0.0,0.0,0.0,0.0,0.0,0.0,0.0,0.0
0.4119355167219422,0.0,0.0,0.0,0.4015385676429999,0.4064064492593592,0.367778466117351,0.0,0.3980404351474236,0.282800027250675,0.4115813049704656,0.2172798750128627,0.3429865568324002,0.0,0.0,0.0,0.3281601518119951,0.0,0.4206557605853299,0.0,0.0,0.0,0.4289998984755461,0.2361993246907534,0.3156046634471383,0.3024943844774055,0.0,0.2988522076492821,0.0,0.0,0.2842199049541004,0.2259976717182349,0.1567706216707087,0.1887269239557196,0.198015330339048,0.2756301305929312,0.2542597463404171,0.0,0.2343885146130011,0.2331273498688156,0.2346649109781665,0.2319182679915618,0.0,0.0,0.2321456684383711,0.0,0.0,0.0,0.0,0.0,0.0,0.0,0.0,0.0,0.2983294934914811,0.0,0.2903502524594757,0.0,0.0,0.0,0.0,0.0,0.0,0.0,0.0,0.0,0.0,0.0,0.2977068627306742,0.0,0.363164525517508,0.0,0.0,0.0,0.0,0.0
0.3859614919432725,0.4125385042605916,0.0,0.0,0.0,0.4066186864124602,0.0,0.4016107975579643,0.4091988007336892,0.2955479682556708,0.4273193524810917,0.2340800907684396,0.3685104207680571,0.0,0.4096811998740891,0.4009285641708397,0.0,0.3898868902369327,0.0,0.3902892016544404,0.4200134861384375,0.4181336215432231,0.4282413371058756,0.3728271760068142,0.3875531584803481,0.4152234725811945,0.4172287165372759,0.3308964591540185,0.3993549680684409,0.0,0.3763059943352818,0.2748070898399475,0.2300398311536013,0.2470105647601383,0.2592372329787201,0.2676248086842839,0.2361760808383221,0.2343885146130011,0.0,0.3025983799702774,0.3037645281532156,0.311915568432567,0.2494126517865893,0.2829568800891609,0.2480608160464408,0.3561363460415427,0.3665189207246645,0.3621151852791776,0.246501455534924,0.3465733801545594,0.3368184144189868,0.3689615791357096,0.3719579117437896,0.3558416376064878,0.2815092680946516,0.3607224872081209,0.2514563228255022,0.3539745438874609,0.0,0.3930785870090073,0.3763094297683779,0.3518453409810098,0.3561549620692761,0.3525229961673201,0.3992978971105116,0.3809029811147267,0.3940044604347106,0.3581879944216544,0.3038212341697564,0.3483331144667292,0.3747450872162276,0.3743779767625767,0.312908737884558,0.3748822468898242,0.3061402564864511,0.339059721884994
0.3705303404547061,0.3954602214863794,0.0,0.0,0.0,0.0,0.0,0.0,0.0,0.3212479672058542,0.0,0.357569070426641,0.0,0.0,0.3739141837829979,0.3797582367349975,0.3978531245729508,0.3911400640766846,0.0,0.0,0.3982928074565606,0.4028844889327782,0.3432512856593728,0.3495231639526874,0.3840877384682448,0.3915627487188618,0.0,0.0,0.0,0.0,0.3264500150329743,0.2453227336742584,0.2389783168292666,0.2993298741966652,0.2579473938680289,0.0,0.0,0.2331273498688156,0.3025983799702774,0.0,0.2125890554342177,0.3139597929999881,0.5450929755552275,0.0,0.1873621586605327,0.2653436236237013,0.2717158866459738,0.0,0.0,0.0,0.326011043734781,0.3657311529846654,0.0,0.0,0.2851693283469412,0.0,0.2299359464277863,0.3434415830891728,0.0,0.3309005084504262,0.3184672771044121,0.2896600161018541,0.2774936288534,0.0,0.3469319444428019,0.3102310503072441,0.3424847832490886,0.321438097947787,0.2232572348051432,0.2665635948562702,0.3021115835672593,0.3442783691109264,0.2845176301137727,0.3218048965151951,0.0,0.2789045721605154
0.3591560445922583,0.3846275905401229,0.0,0.0,0.0,0.4334844970046686,0.0,0.4411447385914439,0.0,0.3288518202073691,0.0,0.3539309010684462,0.0,0.0,0.4172247701734163,0.3737018552366196,0.0,0.3909797572696619,0.0,0.4244021507493948,0.4204090689895386,0.4160851348098529,0.4259620493814791,0.3484931975293007,0.3801278960163831,0.4008073358558771,0.4347840939087846,0.0,0.4309140949264834,0.0,0.3871334611257145,0.2603366225789037,0.2657242374619623,0.2782211321706468,0.2439655041693609,0.2561846254188708,0.243614653672105,0.2346649109781665,0.3037645281532156,0.2125890554342177,0.0,0.2213666989886953,0.3311330021224904,0.210086281359329,0.195245976503992,0.2972169968192925,0.3124890601163047,0.3673955152294233,0.2193038136102637,0.3618175577199847,0.3603959590961348,0.3528089317427954,0.3697679176009594,0.3710000386107573,0.277224403879265,0.3644616752875966,0.2268852289924756,0.3597827926537711,0.3439197412118782,0.3766859788725566,0.3273654527085183,0.3128444204012835,0.3113526903785764,0.3512520250620247,0.3582829903428647,0.3607899353062216,0.3541546185406871,0.3646536726543777,0.2671489110387459,0.2954637473333439,0.3265703207273953,0.3713724272776453,0.2861259474006273,0.3365612876625581,0.2552467337704855,0.2173697888927326
