0.0,0.3208637989058762,0.0,0.0,0.0,0.4198990939465541,0.0,0.4576255044045468,0.0,0.3915545193471177,0.0,0.0,0.4515068341861254,0.0,0.3211321785546844,0.3560357916754686,0.2767538476256442,0.3250728946753305,0.0,0.3732248298985396,0.3362124134911368,0.3468753220553071,0.4052493447789193,0.340846327634991,0.3097032218203799,0.314561083319283,0.3966842102666612,0.4201777049709802,0.4092298855419315,0.0,0.3261064429689103,0.3864604528073802,0.2913790226439821,0.3218301361847259,0.390316634737125,0.0,0.0,0.0,0.4011446330415441,0.3479173118784202,0.3665885975291441,0.0,0.0,0.0,0.0,0.2790457589962614,0.3937388728192204,0.0,0.0,0.0,0.0,0.0,0.0,0.0,0.0,0.0,0.0,0.0,0.0,0.0,0.4067960232813719,0.0,0.3654084064130766,0.0,0.0,0.2695682013037197,0.3906084057340965,0.0,0.2702637914673622,0.3707800774472042,0.3817545333410367,0.0,0.0,0.0,0.0,0.3733937827655076
0.3208637989058762,0.0,0.0,0.0,0.0,0.3642246592083349,0.3812383951930657,0.4256286776413022,0.3664086518367686,0.0,0.0,0.0,0.378056820131767,0.0,0.3728932170512599,0.3484602061768257,0.0,0.344410232020457,0.0,0.3798735195913364,0.3634955946624547,0.355124960730013,0.3817123354111891,0.0,0.3299947397472634,0.3431511442307338,0.3745333911981165,0.3738277589882741,0.3665667398745386,0.0,0.3375731548492214,0.3881067220914859,0.3083928580240173,0.3415507199394884,0.4095403483290518,0.0,0.0,0.0,0.4297583932574813,0.4076639244811393,0.4045235103408857,0.4373977388533679,0.0,0.0,0.0,0.3668968556151321,0.422060147832234,0.0,0.0,0.0,0.4312244424570811,0.0,0.0,0.0,0.0,0.0,0.0,0.0,0.0,0.4276330787938184,0.4248625908457543,0.0,0.397128425254232,0.0,0.4118721657097356,0.4109093128849279,0.4529089348803196,0.4340821264348002,0.0,0.3940627997146101,0.4228803031816713,0.4196692224338875,0.0,0.4142660395794166,0.0,0.4021647697255147
0.0,0.0,0.0,0.0,0.3157252348399695,0.3279122226683386,0.363484550181442,0.380572296198476,0.2510461502782808,0.0,0.2524846551103624,0.0,0.3737546904173424,0.3177514042209355,0.0,0.0,0.0,0.0,0.2094848407141987,0.0,0.0,0.0,0.2733335165372241,0.0,0.0,0.0,0.295884973195813,0.3781515067984532,0.0,0.0,0.3889430717108749,0.3668416426473981,0.0,0.3921938297007987,0.4124355910327443,0.339424251470542,0.3795866933268158,0.0,0.0,0.0,0.0,0.0,0.412604608274865,0.0,0.0,0.0,0.0,0.3382485871663367,0.0,0.5020101831166375,0.4453027937183432,0.5126703282762551,0.4606766171895547,0.4962041557131473,0.0,0.1960225917006315,0.0,0.0,0.3997057637462414,0.0,0.0,0.0,0.0,0.238640366052402,0.0,0.0,0.0,0.4522913930226626,0.0,0.0,0.0,0.4888667131772548,0.5345180980972428,0.0,0.0,0.0
0.0,0.0,0.0,0.0,0.243585841832378,0.3686458009261268,0.2767291667333699,0.3286892511084912,0.3654675372027641,0.1784322464236072,0.3008512942642236,0.0,0.2906234041840846,0.2605635783585018,0.0,0.0,0.0,0.0,0.3709156066790618,0.0,0.0,0.0,0.3886633682220928,0.0,0.0,0.0,0.4240667173088808,0.2443568960304943,0.0,0.0,0.2182440309739457,0.2631668160077609,0.0,0.2062991939955892,0.2359970634907192,0.1511627991244735,0.1431176880842889,0.0,0.0,0.0,0.0,0.0,0.0,0.0,0.0,0.0,0.0,0.0,0.0,0.0,0.0,0.0,0.0,0.0,0.0,0.0,0.0,0.0,0.0,0.0,0.0,0.0,0.0,0.0,0.0,0.0,0.0,0.0,0.0,0.0,0.0,0.0,0.0,0.0,0.0,0.0
0.0,0.0,0.3157252348399695,0.243585841832378,0.0,0.2870637285099337,0.2935971043024485,0.2793642673208417,0.2706604525861661,0.3701219999576974,0.2549036626894495,0.0,0.3169987639269671,0.237733324796185,0.0,0.0,0.0,0.0,0.2768039664349327,0.0,0.0,0.0,0.3121320587919579,0.0,0.0,0.4175876882144035,0.3022274275942336,0.317316148026295,0.3516684781719429,0.0,0.3664628722045371,0.3471590826521084,0.0,0.3244602406673367,0.2755428312206958,0.1786485750270344,0.2261130532027241,0.3308365633323883,0.0,0.0,0.0,0.0,0.0,0.0,0.0,0.0,0.0,0.5058067519744182,0.0,0.0,0.0,0.0,0.0,0.0,0.0,0.0,0.0,0.0,0.0,0.0,0.0,0.0,0.0,0.0,0.0,0.0,0.0,0.4561856022913862,0.0,0.0,0.0,0.0,0.0,0.0,0.0,0.0
0.4198990939465541,0.3642246592083349,0.3279122226683386,0.3686458009261268,0.2870637285099337,0.0,0.3433443484159451,0.3540134708028272,0.259298523762179,0.385176530006129,0.2805743168966217,0.0,0.3301120367689306,0.289586090621027,0.3812434124908971,0.3671051387936549,0.0,0.3699143111190421,0.3156940299900989,0.3592399607192886,0.3808209117718755,0.3633264595799367,0.3428217184921148,0.0,0.3528910290163558,0.3762856768212701,0.3111751582188668,0.3327302790586714,0.2898190427105719,0.359721760903666,0.3744452170879069,0.3634879641610716,0.3520630440094427,0.3796114096979281,0.3885765026974566,0.3633786920384712,0.3737587977210729,0.0,0.4245870772006453,0.0,0.4488387766596992,0.4952056577591098,0.4164761676235572,0.0,0.0,0.0,0.4803506542987547,0.4853762100363843,0.0,0.5189023908834124,0.4390333577603029,0.4802399135705188,0.4222234410851362,0.4779427592028243,0.0,0.4423163898986573,0.0,0.4592079317458299,0.0,0.4528487518865383,0.0,0.0,0.0,0.4918274284689762,0.4437269613197173,0.432733334372951,0.4485349177309041,0.4454241735258585,0.0,0.0,0.4595782944953651,0.4424954892940435,0.4481319963154599,0.4286011927585854,0.4843689870573224,0.4558716516063365
0.0,0.3812383951930657,0.363484550181442,0.2767291667333699,0.2935971043024485,0.3433443484159451,0.0,0.3659682027273394,0.3167619188850618,0.3575783844163431,0.3474627615430791,0.0,0.2889102112205147,0.2892068269682227,0.0,0.3948865195404161,0.422982488961458,0.3869289049970266,0.3546892878751347,0.3684360966376195,0.0,0.380522801681441,0.3559621280472596,0.3653598453423802,0.373946311994922,0.3780094937804346,0.3524442155476861,0.3170466776812795,0.3671883234819876,0.0,0.3367939177514331,0.3467213065026488,0.0,0.3256196311534069,0.2446327010826331,0.2892857219168023,0.2974941861743881,0.249475465560279,0.0,0.0,0.0,0.0,0.0,0.0,0.0,0.0,0.0,0.0,0.0,0.0,0.4752940012138368,0.0,0.0,0.5084137482943607,0.0,0.0,0.0,0.0,0.0,0.0,0.0,0.0,0.0,0.0,0.0,0.0,0.0,0.4470179253026606,0.0,0.0,0.0,0.4480679099661628,0.0,0.0,0.0,0.0
0.4576255044045468,0.4256286776413022,0.380572296198476,0.3286892511084912,0.2793642673208417,0.3540134708028272,0.3659682027273394,0.0,0.3750413615842366,0.5049671607635138,0.2019603200165664,0.0,0.3788866622874957,0.2809670074210739,0.0,0.3866919430775649,0.0,0.4456257792663343,0.3266755669512303,0.3436861470329934,0.3651982908409937,0.3980524465127456,0.3040734705794207,0.4815797645250094,0.4643927123504742,0.4579504515411156,0.3638922977087964,0.3752673749417944,0.3448063696452435,0.3672877615118687,0.3845720753564834,0.3276524773390545,0.4385290648271157,0.3764869642639823,0.4088387525640186,0.1994331464451451,0.4007308046167678,0.0,0.4095808148289664,0.0,0.4498769285664104,0.0,0.2989974371742977,0.0,0.0,0.0,0.0,0.444765363507237,0.0,0.4665892475743313,0.4067549826592271,0.4500992314215142,0.305718607551882,0.4572314124710777,0.0,0.3232337457030608,0.0,0.4412319502143438,0.2956197425565573,0.0,0.0,0.0,0.0,0.4189316077076513,0.0,0.2922190283343503,0.0,0.4093300324072233,0.0,0.0,0.0,0.4230782068956271,0.4344215509288677,0.4054175560307537,0.0,0.4612091937996734
0.0,0.3664086518367686,0.2510461502782808,0.3654675372027641,0.2706604525861661,0.259298523762179,0.3167619188850618,0.3750413615842366,0.0,0.383689827842023,0.2389075169366004,0.0,0.3359226904310533,0.3054954807309115,0.0,0.3963886482783834,0.0,0.0,0.2295157642523491,0.3291192497402634,0.0,0.3559641413014474,0.3190097654550523,0.0,0.0,0.0,0.2940718357023962,0.3648988977401249,0.3373437251494363,0.0,0.3732298835029141,0.3501643978636072,0.0,0.372748886522295,0.3840581273298366,0.3506339027709111,0.3679226270963764,0.3938414412332985,0.449140286547408,0.0,0.0,0.0,0.4029813562356835,0.0,0.0,0.0,0.0,0.4749340095922435,0.0,0.0,0.4357414988475369,0.5123771926744108,0.404790836104359,0.4948025856447673,0.0,0.4077396662271644,0.0,0.5174547484184138,0.4026379596303927,0.0,0.0,0.0,0.0,0.4589955091096368,0.0,0.0,0.0,0.4488743034702397,0.0,0.0,0.0,0.4639000869662151,0.4897659309032154,0.0,0.0,0.0
0.3915545193471177,0.0,0.0,0.1784322464236072,0.3701219999576974,0.385176530006129,0.3575783844163431,0.5049671607635138,0.383689827842023,0.0,0.3751983923432724,0.2541132874184674,0.3777819734301271,0.0,0.0,0.3531675860673112,0.3005814509714398,0.3095401799972184,0.0,0.4493466201185959,0.0,0.0,0.3988536765224845,0.269088445191502,0.3013938738908684,0.3102413950542503,0.0,0.3237355688694706,0.0,0.0,0.2939947047327784,0.2825879460900279,0.2515014269895809,0.2610003507951051,0.2676483027051416,0.2403192891657876,0.1918646476388981,0.2337749831322066,0.3320633207978993,0.3124055065645184,0.3808933521050385,0.3640740671710491,0.0,0.0,0.3541726159883233,0.0,0.0,0.0,0.0,0.0,0.0,0.0,0.0,0.0,0.4054038915374095,0.0,0.413850404355931,0.0,0.0,0.0,0.0,0.4120346584750885,0.400830207766733,0.0,0.0,0.0,0.0,0.0,0.3477927470265852,0.4178189983814601,0.4232035434700851,0.0,0.365501399262423,0.0,0.0,0.3559314120822528
0.0,0.0,0.2524846551103624,0.3008512942642236,0.2549036626894495,0.2805743168966217,0.3474627615430791,0.2019603200165664,0.2389075169366004,0.3751983923432724,0.0,0.0,0.3595244851737638,0.2220731559624138,0.0,0.0,0.0,0.0,0.2088992902421829,0.0,0.0,0.0,0.2110475424457572,0.0,0.0,0.0,0.3189782032216233,0.3567063068247361,0.0,0.0,0.3645739675811586,0.3230110378229338,0.0,0.3689203067043871,0.3413652868320632,0.2085386383874293,0.3666491139590767,0.0,0.0,0.0,0.0,0.0,0.0,0.0,0.0,0.0,0.0,0.2058187875413046,0.0,0.0,0.0,0.0,0.3537786600299329,0.0,0.0,0.1525770368601995,0.0,0.0,0.0,0.0,0.0,0.0,0.0,0.1282769225097473,0.0,0.0,0.0,0.3769445510255143,0.0,0.0,0.0,0.4142144023592982,0.0,0.0,0.0,0.0
0.0,0.0,0.0,0.0,0.0,0.0,0.0,0.0,0.0,0.2541132874184674,0.0,0.0,0.3544616672667743,0.0,0.0,0.0,0.3106077466093131,0.3191341298303625,0.0,0.0,0.0,0.0,0.0,0.2488779328839229,0.3126739645384608,0.2630597262652543,0.0,0.262159543459269,0.0,0.0,0.2826943254909712,0.2275063577608773,0.2041443225821664,0.1969002032648952,0.2293775898841548,0.2401787349818256,0.2159196180831494,0.1695764042825359,0.2536476526333764,0.3017782271949136,0.3177509766502522,0.3595901372439831,0.0,0.0,0.0,0.0,0.0,0.0,0.0,0.0,0.0,0.0,0.0,0.0,0.3984138449936958,0.0,0.4075565842874811,0.0,0.0,0.0,0.0,0.4212510874917884,0.409825725192868,0.0,0.0,0.0,0.0,0.0,0.3496697922432685,0.4169249041230308,0.4241119328826475,0.0,0.0,0.0,0.0,0.3664482505890583
0.4515068341861254,0.378056820131767,0.3737546904173424,0.2906234041840846,0.3169987639269671,0.3301120367689306,0.2889102112205147,0.3788866622874957,0.3359226904310533,0.3777819734301271,0.3595244851737638,0.3544616672667743,0.0,0.2907837231166008,0.3779674433518321,0.3979057562130546,0.3875135456552541,0.3932832642867379,0.3654290875536798,0.3728874210012777,0.3983084379863513,0.3886562800961243,0.3677395541775125,0.0,0.3716153871172787,0.3703998057087635,0.3667180425701442,0.3074121952750538,0.3579471131245832,0.3605262023171124,0.3599854947722238,0.3610370251265863,0.3659195910204281,0.3576728819351575,0.3542085587608258,0.3208185981362092,0.3324944326121187,0.3260315333033277,0.414306561488054,0.0,0.5043971476321766,0.0,0.4731880293164673,0.0,0.0,0.0,0.0,0.5324147334599851,0.0,0.0,0.4579687459734825,0.5664437084149696,0.4374221746471025,0.0,0.0,0.0,0.0,0.0,0.0,0.0,0.0,0.0,0.0,0.0,0.4950569148293446,0.0,0.0,0.4483824887151034,0.0,0.0,0.0,0.4423467643074011,0.0,0.4634097066855714,0.0,0.0
0.0,0.0,0.3177514042209355,0.2605635783585018,0.237733324796185,0.289586090621027,0.2892068269682227,0.2809670074210739,0.3054954807309115,0.0,0.2220731559624138,0.0,0.2907837231166008,0.0,0.0,0.0,0.0,0.0,0.2471993464993307,0.0,0.3553041050010666,0.0,0.2753067971107692,0.0,0.0,0.0,0.3610028437515097,0.2765705608378883,0.0,0.0,0.0,0.1835941415681146,0.0,0.0,0.0,0.1711271590981979,0.1261256168414891,0.0,0.0,0.0,0.0,0.0,0.0,0.0,0.0,0.0,0.0,0.0,0.0,0.0,0.0,0.0,0.0,0.3912264969412494,0.0,0.0,0.0,0.0,0.0,0.0,0.0,0.0,0.0,0.0,0.0,0.0,0.0,0.4358457600301335,0.0,0.0,0.0,0.0,0.0,0.0,0.0,0.0
0.3211321785546844,0.3728932170512599,0.0,0.0,0.0,0.3812434124908971,0.0,0.0,0.0,0.0,0.0,0.0,0.3779674433518321,0.0,0.0,0.3649729727518613,0.0,0.3566313788737376,0.0,0.32438115422928,0.3323422262085327,0.3091685732693775,0.3755589512335823,0.0,0.3526561230012826,0.3403472773548477,0.3718746215055299,0.3708414497507826,0.3566972698761572,0.0,0.3501634733142474,0.3879946255293723,0.3501216404223678,0.3830913200249574,0.4290514259946707,0.4315653620886582,0.0,0.0,0.4279526296530263,0.4038161069303986,0.4306650343984585,0.4593325049555388,0.0,0.0,0.0,0.0,0.4438386538377411,0.0,0.0,0.0,0.4116571202333206,0.0,0.0,0.0,0.0,0.0,0.0,0.0,0.0,0.3803959322887928,0.4602665217452771,0.0,0.0,0.0,0.3767410230718306,0.3920185160260067,0.441267429729223,0.400083420645952,0.0,0.0,0.4508666067783204,0.4079157480961894,0.0,0.4122443771300628,0.0,0.4360198226242018
0.3560357916754686,0.3484602061768257,0.0,0.0,0.0,0.3671051387936549,0.3948865195404161,0.3866919430775649,0.3963886482783834,0.3531675860673112,0.0,0.0,0.3979057562130546,0.0,0.3649729727518613,0.0,0.3381692266302349,0.3158220864671061,0.0,0.3658747385111379,0.3631482116288556,0.3460534610577048,0.3805251323391127,0.3487626710879967,0.3529224394143827,0.3750034429029139,0.378151115675682,0.3928002894601678,0.3760382335777688,0.3883797018350599,0.3348464695334098,0.3835969260786347,0.3477002924952679,0.3371157732947095,0.4000962732838124,0.0,0.0,0.0,0.4440516765082326,0.4060305624979746,0.4126373238407216,0.4444705230260957,0.0,0.0,0.0,0.3795706622210035,0.4285909533881001,0.0,0.0,0.0,0.0,0.0,0.0,0.0,0.0,0.0,0.0,0.0,0.0,0.4184044785711038,0.4309471535081943,0.0,0.3914638779878391,0.0,0.4433253332977069,0.418339513567194,0.4342342322585155,0.5367740442530181,0.0,0.3945645693027746,0.4215270964668446,0.4954087251011896,0.0,0.476096454002584,0.0,0.4049648658918314
0.2767538476256442,0.0,0.0,0.0,0.0,0.0,0.422982488961458,0.0,0.0,0.3005814509714398,0.0,0.3106077466093131,0.3875135456552541,0.0,0.0,0.3381692266302349,0.0,0.2878528673085277,0.0,0.3953978070729723,0.0,0.350435533577209,0.0,0.3227408711855148,0.3070856918153894,0.3275020081699107,0.0,0.3564214861992703,0.0,0.0,0.3030989480493763,0.3756151767836108,0.2961363966792118,0.3148064038213611,0.3385082903993401,0.0,0.0,0.3118550851943419,0.0,0.3538020161699777,0.0,0.0,0.0,0.0,0.0,0.0,0.0,0.0,0.0,0.0,0.0,0.0,0.0,0.0,0.4038355961934429,0.0,0.40456860869315,0.0,0.0,0.0,0.0,0.4061263357419399,0.3908589584612176,0.0,0.0,0.0,0.0,0.0,0.4103763118628766,0.389376077803883,0.4036819025735534,0.0,0.0,0.0,0.0,0.0
0.3250728946753305,0.344410232020457,0.0,0.0,0.0,0.3699143111190421,0.3869289049970266,0.4456257792663343,0.0,0.3095401799972184,0.0,0.3191341298303625,0.3932832642867379,0.0,0.3566313788737376,0.3158220864671061,0.2878528673085277,0.0,0.0,0.3733265420705052,0.3543421416704866,0.3580720958136082,0.3797325772103952,0.310390304518147,0.3063346773157006,0.3279406230478999,0.3759519333986622,0.3787414978420741,0.3724491058370875,0.4149748268830586,0.3169539181819994,0.3798767246901302,0.2960922603000255,0.3183356880400617,0.3650769663634339,0.0,0.0,0.0,0.4081271387124739,0.3654941195915273,0.3909012296670819,0.4046802087102585,0.0,0.0,0.0,0.3621683871218035,0.4001964887250617,0.0,0.0,0.0,0.0,0.0,0.0,0.0,0.3883947505262652,0.0,0.3891752040671211,0.0,0.0,0.0,0.4014816947985969,0.3908732939413515,0.3676232265782501,0.0,0.0,0.0,0.4121193843290988,0.0,0.3948234988355106,0.3725119571228767,0.3848219545574676,0.0,0.0,0.0,0.0,0.3783343127310302
0.0,0.0,0.2094848407141987,0.3709156066790618,0.2768039664349327,0.3156940299900989,0.3546892878751347,0.3266755669512303,0.2295157642523491,0.0,0.2088992902421829,0.0,0.3654290875536798,0.2471993464993307,0.0,0.0,0.0,0.0,0.0,0.0,0.0,0.0,0.2006430329372706,0.0,0.0,0.0,0.2965914790387496,0.3612203659549066,0.0,0.0,0.4016662492617037,0.3576384391049039,0.0,0.3824744799625397,0.3616227558903641,0.3181155999742556,0.3814697239028786,0.0,0.0,0.0,0.0,0.0,0.4097572068244653,0.0,0.0,0.0,0.0,0.207507413234448,0.0,0.0,0.4514372431433558,0.5246106791906029,0.4170305182678784,0.4870021131406515,0.0,0.2238871354110282,0.0,0.0,0.4097876023047788,0.0,0.0,0.0,0.0,0.2840044469984836,0.0,0.0,0.0,0.4555384996945604,0.0,0.0,0.0,0.4747927082501664,0.0,0.0,0.0,0.0
0.3732248298985396,0.3798735195913364,0.0,0.0,0.0,0.3592399607192886,0.3684360966376195,0.3436861470329934,0.3291192497402634,0.4493466201185959,0.0,0.0,0.3728874210012777,0.0,0.32438115422928,0.3658747385111379,0.3953978070729723,0.3733265420705052,0.0,0.0,0.3654451750446256,0.3278654370219609,0.3101067121419372,0.0,0.3672730450193922,0.3951105117699096,0.3081566819864367,0.3181919521758736,0.2979385322656525,0.3009943828927857,0.3359934760687038,0.4066712553886217,0.3286455870695843,0.3885869617209878,0.4392603182667697,0.4577076000828125,0.4347067381037735,0.0,0.4201299141414852,0.4221151490585865,0.4352389029636052,0.445048645793473,0.0,0.0,0.0,0.0,0.4304584119703651,0.0,0.0,0.0,0.4226423514561628,0.0,0.0,0.0,0.0,0.0,0.0,0.0,0.0,0.4094930690789604,0.0,0.0,0.0,0.0,0.4082594134162238,0.3923547304383578,0.4228441147438767,0.4219979136273069,0.0,0.0,0.4269205367777939,0.4225399865800404,0.4432824543230482,0.4244837889686397,0.0,0.4348907797251552
0.3362124134911368,0.3634955946624547,0.0,0.0,0.0,0.3808209117718755,0.0,0.3651982908409937,0.0,0.0,0.0,0.0,0.3983084379863513,0.3553041050010666,0.3323422262085327,0.3631482116288556,0.0,0.3543421416704866,0.0,0.3654451750446256,0.0,0.368663161100628,0.3510414011321039,0.4384477372681932,0.363072432167301,0.3679582306819081,0.3800636754515665,0.3832586307908982,0.3665481238887093,0.0,0.3510371599898134,0.3839187599342236,0.3426867668385711,0.3722389587856488,0.4347017320314895,0.0,0.0,0.0,0.4080899048420224,0.3997221881885732,0.4260420680521549,0.4568825126831622,0.0,0.0,0.0,0.1851984271704879,0.4312513314960383,0.0,0.0,0.0,0.3634142164634942,0.0,0.3120840481406883,0.0,0.0,0.0,0.0,0.0,0.0,0.3678218732877516,0.4193922336361487,0.0,0.0,0.0,0.3885396547708234,0.2705387005733279,0.4237156840330633,0.3917582355846287,0.0,0.4227308804730466,0.4248861031518892,0.3986674783914465,0.4209529723916837,0.3875285172260036,0.0,0.448912963386499
0.3468753220553071,0.355124960730013,0.0,0.0,0.0,0.3633264595799367,0.380522801681441,0.3980524465127456,0.3559641413014474,0.0,0.0,0.0,0.3886562800961243,0.0,0.3091685732693775,0.3460534610577048,0.350435533577209,0.3580720958136082,0.0,0.3278654370219609,0.368663161100628,0.0,0.3822603898166162,0.0,0.3581807326142193,0.3497671063015025,0.3720078975233404,0.3359386319736839,0.3482853665417663,0.3370592641813393,0.3342939177290204,0.3940280139716426,0.3497160070192772,0.3559630547103725,0.4224749268972301,0.0,0.0,0.0,0.4351227173361851,0.4313298745467659,0.4326852429522397,0.4677874454947333,0.0,0.0,0.0,0.4187233573804029,0.4434314752798035,0.0,0.0,0.0,0.4261754407716797,0.0,0.0,0.0,0.0,0.0,0.0,0.0,0.0,0.4214327993380019,0.4345802031126882,0.0,0.0,0.0,0.4143903377250435,0.4097707112915442,0.4447273890067448,0.4295697134665038,0.0,0.404056283453702,0.4523073186863294,0.4214534601526792,0.0,0.4215912292332597,0.0,0.4322871784328028
0.4052493447789193,0.3817123354111891,0.2733335165372241,0.3886633682220928,0.3121320587919579,0.3428217184921148,0.3559621280472596,0.3040734705794207,0.3190097654550523,0.3988536765224845,0.2110475424457572,0.0,0.3677395541775125,0.2753067971107692,0.3755589512335823,0.3805251323391127,0.0,0.3797325772103952,0.2006430329372706,0.3101067121419372,0.3510414011321039,0.3822603898166162,0.0,0.4583214108504937,0.3811938554324147,0.4080305552336799,0.3033847594091311,0.3698832460762073,0.3603620941157756,0.3679050095033842,0.3766829619782616,0.3667631299187567,0.3569688930552948,0.3930593880243715,0.4143743878859838,0.3164065346032308,0.3769150965124143,0.0,0.4357105156882725,0.3771216780590458,0.44798522684699,0.4512169971977757,0.3799546425115088,0.0,0.0,0.0,0.4412220728348546,0.4682829872950448,0.0,0.4826357091251002,0.4394912329956419,0.4692853125446899,0.4106601592252517,0.4782687922319969,0.0,0.4021636030313623,0.0,0.4476698930520613,0.3876853840451338,0.411544380945555,0.0,0.0,0.0,0.4534412449279675,0.4278563149168184,0.4004998663880349,0.4301121902615471,0.4397373558581184,0.0,0.5998646335804366,0.4270102006825382,0.4461657193195321,0.4478359367710265,0.4346835417484173,0.4389856762129128,0.4530170645943251
0.340846327634991,0.0,0.0,0.0,0.0,0.0,0.3653598453423802,0.4815797645250094,0.0,0.269088445191502,0.0,0.2488779328839229,0.0,0.0,0.0,0.3487626710879967,0.3227408711855148,0.310390304518147,0.0,0.0,0.4384477372681932,0.0,0.4583214108504937,0.0,0.3128070383422062,0.3017707289794636,0.4836712168120388,0.0,0.0,0.0,0.3021937030077429,0.2598643034314589,0.1680358067264872,0.2100206780426928,0.2063808281605952,0.2356836629967799,0.2022708877376811,0.1878972323028199,0.3862339208671574,0.3169864371907837,0.3627365642944337,0.0,0.0,0.0,0.0,0.3359309749910135,0.0,0.0,0.0,0.0,0.0,0.0,0.0,0.0,0.3753384991742091,0.0,0.3782743708405625,0.0,0.0,0.0,0.4183257403178519,0.4238185386153095,0.3925031011714845,0.0,0.0,0.0,0.0,0.0,0.3190157981421625,0.3933334525394989,0.4023207846977613,0.0,0.0,0.0,0.0,0.3475438007628645
0.3097032218203799,0.3299947397472634,0.0,0.0,0.0,0.3528910290163558,0.373946311994922,0.4643927123504742,0.0,0.3013938738908684,0.0,0.3126739645384608,0.3716153871172787,0.0,0.3526561230012826,0.3529224394143827,0.3070856918153894,0.3063346773157006,0.0,0.3672730450193922,0.363072432167301,0.3581807326142193,0.3811938554324147,0.3128070383422062,0.0,0.3055037346757288,0.3665483891513021,0.3669226872369969,0.3596146283016506,0.0,0.3310980094239553,0.375159146778204,0.2875215113272351,0.319203687446924,0.3653708618669182,0.0,0.0,0.3014470291931428,0.4118231912567042,0.3753817025872734,0.3957225634220354,0.4111962824380412,0.0,0.0,0.0,0.3598140317449192,0.4022577398976936,0.0,0.0,0.0,0.0,0.0,0.0,0.0,0.415334548901373,0.0,0.4100459540005348,0.0,0.0,0.3876049735128895,0.4080172025930739,0.4105745393947886,0.3805603217439471,0.0,0.4065722512653956,0.4102689912740697,0.3967734489003413,0.4893986172970379,0.3428379148549205,0.3846773655966499,0.3959030395010418,0.0,0.0,0.4196625355536793,0.0,0.3868814214493904
0.314561083319283,0.3431511442307338,0.0,0.0,0.4175876882144035,0.3762856768212701,0.3780094937804346,0.4579504515411156,0.0,0.3102413950542503,0.0,0.2630597262652543,0.3703998057087635,0.0,0.3403472773548477,0.3750034429029139,0.3275020081699107,0.3279406230478999,0.0,0.3951105117699096,0.3679582306819081,0.3497671063015025,0.4080305552336799,0.3017707289794636,0.3055037346757288,0.0,0.4054179235162629,0.3694078360329051,0.3666203778983179,0.0,0.3448706026214864,0.3877810036177206,0.3148771569500607,0.3455515152673215,0.4031379205641625,0.4298004747385621,0.0,0.3043982123328014,0.42269523690769,0.3901743018348352,0.4091732477081278,0.4528151405114333,0.0,0.0,0.0,0.3693819788289387,0.4414385576355774,0.0,0.0,0.0,0.4444582891975528,0.0,0.0,0.0,0.426800799990565,0.0,0.4206437339723203,0.0,0.0,0.4283488525136338,0.4150163827348533,0.4198804403741474,0.3935886315988828,0.0,0.4245749732564585,0.4078823171660901,0.4511911771863985,0.4245141687850846,0.3594701426887633,0.3993516630346356,0.41440807752697,0.4251299171026382,0.0,0.4280512841412352,0.0,0.401087586423234
0.3966842102666612,0.3745333911981165,0.295884973195813,0.4240667173088808,0.3022274275942336,0.3111751582188668,0.3524442155476861,0.3638922977087964,0.2940718357023962,0.0,0.3189782032216233,0.0,0.3667180425701442,0.3610028437515097,0.3718746215055299,0.378151115675682,0.0,0.3759519333986622,0.2965914790387496,0.3081566819864367,0.3800636754515665,0.3720078975233404,0.3033847594091311,0.4836712168120388,0.3665483891513021,0.4054179235162629,0.0,0.370719691537906,0.3062358426035552,0.3604378177392652,0.3730682979874377,0.3707965768072229,0.3538038666089194,0.3857012735293279,0.4110974593717064,0.3688833924624896,0.3727100861963896,0.0,0.4318152303483095,0.0,0.4617410691314196,0.4573113344426886,0.4138540799186035,0.0,0.0,0.0,0.4691076710021132,0.4807273805285321,0.0,0.5138657276953846,0.4550467436081966,0.4812002593085788,0.440338013209392,0.4844091986994485,0.0,0.4292802765453506,0.0,0.4598454215189824,0.4284803186411937,0.4124496141696779,0.0,0.0,0.0,0.4829189551379813,0.4371902821399908,0.0,0.4342322106781987,0.4602688142807478,0.0,0.0,0.4370687432758184,0.4575026689939007,0.4481680356362098,0.4369205925699426,0.0,0.4619632942062154
0.4201777049709802,0.3738277589882741,0.3781515067984532,0.2443568960304943,0.317316148026295,0.3327302790586714,0.3170466776812795,0.3752673749417944,0.3648988977401249,0.3237355688694706,0.3567063068247361,0.262159543459269,0.3074121952750538,0.2765705608378883,0.3708414497507826,0.3928002894601678,0.3564214861992703,0.3787414978420741,0.3612203659549066,0.3181919521758736,0.3832586307908982,0.3359386319736839,0.3698832460762073,0.0,0.3669226872369969,0.3694078360329051,0.370719691537906,0.0,0.3029884039245822,0.2797547198839251,0.3198320948142019,0.3482473043042615,0.2746389031504451,0.3268150472154226,0.3262686105133698,0.2405504884634836,0.2305282495045392,0.2505306096274988,0.422404128861946,0.0,0.4561130874165989,0.5039212731374412,0.0,0.0,0.0,0.0,0.0,0.5674377998013787,0.0,0.0,0.4352258153069271,0.0,0.4210053838831341,0.5982911302444488,0.0,0.0,0.0,0.4987246808285549,0.0,0.4390098331976015,0.0,0.0,0.0,0.0,0.4361539650741843,0.4119486616239843,0.0,0.43658054107346,0.0,0.0,0.0,0.4306581050694056,0.4549294209692401,0.4351123011332757,0.0,0.4692502953312942
0.4092298855419315,0.3665667398745386,0.0,0.0,0.3516684781719429,0.2898190427105719,0.3671883234819876,0.3448063696452435,0.3373437251494363,0.0,0.0,0.0,0.3579471131245832,0.0,0.3566972698761572,0.3760382335777688,0.0,0.3724491058370875,0.0,0.2979385322656525,0.3665481238887093,0.3482853665417663,0.3603620941157756,0.0,0.3596146283016506,0.3666203778983179,0.3062358426035552,0.3029884039245822,0.0,0.2873726422974489,0.3217038910947285,0.3614599401966905,0.3195149589215084,0.3518735425475434,0.3873050447596509,0.4075514890849273,0.3812661991797222,0.0,0.4239235221454939,0.4552502435194193,0.4526568490762692,0.4782612782060255,0.0,0.0,0.0,0.0,0.4338576729780919,0.5213041002421499,0.0,0.0,0.4284690493771135,0.0,0.4106086017264176,0.0,0.0,0.0,0.0,0.4642003284956,0.0,0.4027396780329624,0.0,0.0,0.0,0.0,0.4200669921704071,0.3923879781342646,0.4228847944056602,0.422914566334186,0.0,0.0,0.4363541169030787,0.4211770114293347,0.4378514747018803,0.4259275391914716,0.4614479401662089,0.4432064866601269
0.0,0.0,0.0,0.0,0.0,0.359721760903666,0.0,0.3672877615118687,0.0,0.0,0.0,0.0,0.3605262023171124,0.0,0.0,0.3883797018350599,0.0,0.4149748268830586,0.0,0.3009943828927857,0.0,0.3370592641813393,0.3679050095033842,0.0,0.0,0.0,0.3604378177392652,0.2797547198839251,0.2873726422974489,0.0,0.2831326595938933,0.3764057963755631,0.0,0.304944398747645,0.3566200717908365,0.0,0.0,0.0,0.0,0.0,0.0,0.0,0.0,0.0,0.0,0.0,0.0,0.0,0.0,0.0,0.0,0.0,0.0,0.0,0.0,0.0,0.0,0.0,0.0,0.0,0.0,0.0,0.0,0.0,0.4644272299868698,0.0,0.0,0.4367170298170559,0.0,0.0,0.0,0.4426367402634891,0.0,0.4709780050239083,0.0,0.0
0.3261064429689103,0.3375731548492214,0.3889430717108749,0.2182440309739457,0.3664628722045371,0.3744452170879069,0.3367939177514331,0.3845720753564834,0.3732298835029141,0.2939947047327784,0.3645739675811586,0.2826943254909712,0.3599854947722238,0.0,0.3501634733142474,0.3348464695334098,0.3030989480493763,0.3169539181819994,0.4016662492617037,0.3359934760687038,0.3510371599898134,0.3342939177290204,0.3766829619782616,0.3021937030077429,0.3310980094239553,0.3448706026214864,0.3730682979874377,0.3198320948142019,0.3217038910947285,0.2831326595938933,0.0,0.3486062180508387,0.2988425858503456,0.2373406790632054,0.1710094295537151,0.3288807714197582,0.2973487426111219,0.2586402376659915,0.4167732021689192,0.3912538260822429,0.3983101291502119,0.0,0.0,0.0,0.0,0.0,0.4262767409564975,0.0,0.0,0.0,0.4451788959425937,0.0,0.4121337657059271,0.0,0.4003729784515656,0.0,0.3957512653668203,0.0,0.0,0.3693570182725476,0.4302706055705898,0.4397932878941089,0.3899594678420755,0.0,0.4178376329439655,0.3859381878219221,0.4225945485360423,0.4290128918354293,0.2915667138028676,0.3879010164537036,0.4115474804799994,0.4336319069207134,0.4697096619107901,0.4345952304255149,0.0,0.4342884403965033
0.3864604528073802,0.3881067220914859,0.3668416426473981,0.2631668160077609,0.3471590826521084,0.3634879641610716,0.3467213065026488,0.3276524773390545,0.3501643978636072,0.2825879460900279,0.3230110378229338,0.2275063577608773,0.3610370251265863,0.1835941415681146,0.3879946255293723,0.3835969260786347,0.3756151767836108,0.3798767246901302,0.3576384391049039,0.4066712553886217,0.3839187599342236,0.3940280139716426,0.3667631299187567,0.2598643034314589,0.375159146778204,0.3877810036177206,0.3707965768072229,0.3482473043042615,0.3614599401966905,0.3764057963755631,0.3486062180508387,0.0,0.3060101727490174,0.319960162082656,0.3357471012891322,0.2370191301364868,0.2849304716730932,0.2033682079480308,0.3256694711268884,0.3003895641660431,0.3314607739818503,0.3490130859166713,0.3310338386077114,0.2752544952923126,0.1981728205600861,0.4092690618809421,0.4327470234654018,0.4855902567888025,0.0,0.0,0.4118978731943505,0.4958350232108915,0.3872805742371703,0.4702736267210006,0.3294219239413466,0.0,0.2570155958206327,0.4137624302813972,0.0,0.414616685354852,0.428547470056546,0.4513083600938359,0.4027201776007102,0.0,0.4155392930579294,0.3836154818225207,0.4393005824212779,0.4180660520290741,0.3495466471422808,0.4087230951494413,0.4272755907034355,0.4160009671234755,0.3559689418773112,0.4201736700188825,0.0,0.4018012244646323
0.2913790226439821,0.3083928580240173,0.0,0.0,0.0,0.3520630440094427,0.0,0.4385290648271157,0.0,0.2515014269895809,0.0,0.2041443225821664,0.3659195910204281,0.0,0.3501216404223678,0.3477002924952679,0.2961363966792118,0.2960922603000255,0.0,0.3286455870695843,0.3426867668385711,0.3497160070192772,0.3569688930552948,0.1680358067264872,0.2875215113272351,0.3148771569500607,0.3538038666089194,0.2746389031504451,0.3195149589215084,0.0,0.2988425858503456,0.3060101727490174,0.0,0.2163808676304942,0.3366050914332929,0.2578836800142935,0.2171584636307441,0.1370545957951418,0.3107203412614881,0.2109845360334775,0.2898944568742972,0.3219302715157702,0.0,0.0,0.1582957540208084,0.3421453747990322,0.4309438674536354,0.0,0.0,0.0,0.0,0.0,0.0,0.0,0.3273037405176015,0.0,0.3376293971770252,0.0,0.0,0.4092438554615553,0.4235543933101275,0.3850688887174043,0.3751085940838526,0.0,0.4109582320827452,0.3759804934492453,0.4499039216855544,0.3908559096138238,0.2619483414353213,0.3778479506548365,0.3991462698484655,0.385925927269365,0.0,0.0,0.0,0.3520198151885009
0.3218301361847259,0.3415507199394884,0.3921938297007987,0.2062991939955892,0.3244602406673367,0.3796114096979281,0.3256196311534069,0.3764869642639823,0.372748886522295,0.2610003507951051,0.3689203067043871,0.1969002032648952,0.3576728819351575,0.0,0.3830913200249574,0.3371157732947095,0.3148064038213611,0.3183356880400617,0.3824744799625397,0.3885869617209878,0.3722389587856488,0.3559630547103725,0.3930593880243715,0.2100206780426928,0.319203687446924,0.3455515152673215,0.3857012735293279,0.3268150472154226,0.3518735425475434,0.304944398747645,0.2373406790632054,0.319960162082656,0.2163808676304942,0.0,0.2421712559746394,0.3043887664917002,0.2394334838404492,0.1729204903277259,0.3192656093952487,0.26294681632401,0.305312203165466,0.3175072041445781,0.0,0.3005628556296457,0.1786829077160976,0.3562935170608941,0.4241206947217873,0.0,0.0,0.0,0.437973436393608,0.0,0.4284692720851555,0.8584609529854333,0.3566725705685558,0.0,0.2800993538042396,0.5003010535585908,0.0,0.4221499931968392,0.4206985847389614,0.4218400805539297,0.3823977454175204,0.0,0.4318984266226763,0.4142377643843179,0.4370732665271704,0.4358748899242746,0.2398245098974627,0.3856118367439326,0.4094902147100467,0.432011028617907,0.4162909190077264,0.445706085380244,0.0,0.4178671964102673
0.390316634737125,0.4095403483290518,0.4124355910327443,0.2359970634907192,0.2755428312206958,0.3885765026974566,0.2446327010826331,0.4088387525640186,0.3840581273298366,0.2676483027051416,0.3413652868320632,0.2293775898841548,0.3542085587608258,0.0,0.4290514259946707,0.4000962732838124,0.3385082903993401,0.3650769663634339,0.3616227558903641,0.4392603182667697,0.4347017320314895,0.4224749268972301,0.4143743878859838,0.2063808281605952,0.3653708618669182,0.4031379205641625,0.4110974593717064,0.3262686105133698,0.3873050447596509,0.3566200717908365,0.1710094295537151,0.3357471012891322,0.3366050914332929,0.2421712559746394,0.0,0.3420911651101668,0.2777379496732411,0.1814800643753837,0.3400720845182402,0.2672020855723528,0.3259029459241702,0.3573732277899171,0.3199501596007397,0.0,0.2106128169948715,0.0,0.4628094680856179,0.0,0.0,0.0,0.4732260717743707,0.0,0.0,0.0,0.0,0.0,0.3056172113720867,0.0,0.0,0.4447103977132682,0.4486607498826339,0.0,0.0,0.0,0.4475565753956831,0.0,0.467505573636827,0.4469221799212968,0.0,0.4132820209252886,0.4410450988752364,0.4101433539204442,0.3859936509245047,0.4665040548284862,0.0,0.0
0.0,0.0,0.339424251470542,0.1511627991244735,0.1786485750270344,0.3633786920384712,0.2892857219168023,0.1994331464451451,0.3506339027709111,0.2403192891657876,0.2085386383874293,0.2401787349818256,0.3208185981362092,0.1711271590981979,0.4315653620886582,0.0,0.0,0.0,0.3181155999742556,0.4577076000828125,0.0,0.0,0.3164065346032308,0.2356836629967799,0.0,0.4298004747385621,0.3688833924624896,0.2405504884634836,0.4075514890849273,0.0,0.3288807714197582,0.2370191301364868,0.2578836800142935,0.3043887664917002,0.3420911651101668,0.0,0.1340361785887506,0.2391391362303484,0.2656451505020578,0.0,0.2679450512944544,0.2861487554577879,0.2637904201058503,0.2766592983029498,0.0,0.0,0.0,0.4067772407898004,0.0,0.0,0.4445381744542367,0.0,0.3047219990429924,0.4042977932329682,0.0,0.2825482551906695,0.0,0.0,0.0,0.0,0.0,0.0,0.0,0.333218999576282,0.0,0.0,0.0,0.4165311322857464,0.0,0.0,0.0,0.4302678269771245,0.3479041204226604,0.5124271223224222,0.0,0.0
0.0,0.0,0.3795866933268158,0.1431176880842889,0.2261130532027241,0.3737587977210729,0.2974941861743881,0.4007308046167678,0.3679226270963764,0.1918646476388981,0.3666491139590767,0.2159196180831494,0.3324944326121187,0.1261256168414891,0.0,0.0,0.0,0.0,0.3814697239028786,0.4347067381037735,0.0,0.0,0.3769150965124143,0.2022708877376811,0.0,0.0,0.3727100861963896,0.2305282495045392,0.3812661991797222,0.0,0.2973487426111219,0.2849304716730932,0.2171584636307441,0.2394334838404492,0.2777379496732411,0.1340361785887506,0.0,0.2053173188992694,0.2401910773365685,0.0,0.2386034144899931,0.3035729740227459,0.2905873241600395,0.0,0.0,0.0,0.0,0.0,0.0,0.0,0.0,0.0,0.0,0.0,0.0,0.0,0.0,0.0,0.0,0.0,0.0,0.0,0.0,0.0,0.0,0.0,0.0,0.5159284123113741,0.0,0.0,0.0,0.0,0.0,0.0,0.0,0.0
0.0,0.0,0.0,0.0,0.3308365633323883,0.0,0.249475465560279,0.0,0.3938414412332985,0.2337749831322066,0.0,0.1695764042825359,0.3260315333033277,0.0,0.0,0.0,0.3118550851943419,0.0,0.0,0.0,0.0,0.0,0.0,0.1878972323028199,0.3014470291931428,0.3043982123328014,0.0,0.2505306096274988,0.0,0.0,0.2586402376659915,0.2033682079480308,0.1370545957951418,0.1729204903277259,0.1814800643753837,0.2391391362303484,0.2053173188992694,0.0,0.2436878046768407,0.1674915966780866,0.1537165803068461,0.1797069894990625,0.0,0.0,0.0,0.0,0.0,0.0,0.0,0.0,0.0,0.0,0.0,0.0,0.3517360575556877,0.0,0.3898988171135808,0.0,0.0,0.0,0.0,0.0,0.0,0.0,0.0,0.0,0.0,0.0,0.0,0.0,0.386560263744603,0.0,0.0,0.0,0.0,0.0
0.4011446330415441,0.4297583932574813,0.0,0.0,0.0,0.4245870772006453,0.0,0.4095808148289664,0.449140286547408,0.3320633207978993,0.0,0.2536476526333764,0.414306561488054,0.0,0.4279526296530263,0.4440516765082326,0.0,0.4081271387124739,0.0,0.4201299141414852,0.4080899048420224,0.4351227173361851,0.4357105156882725,0.3862339208671574,0.4118231912567042,0.42269523690769,0.4318152303483095,0.422404128861946,0.4239235221454939,0.0,0.4167732021689192,0.3256694711268884,0.3107203412614881,0.3192656093952487,0.3400720845182402,0.2656451505020578,0.2401910773365685,0.2436878046768407,0.0,0.2864440128485857,0.3303980760015328,0.3355910597787205,0.2548562161849474,0.2722597682009564,0.2083585356273329,0.3857901596604978,0.377680995907753,0.3690855800394892,0.2478382659744685,0.3026911145689978,0.3693874471449573,0.3322632975654389,0.399617254150414,0.3550661781287828,0.286626330336081,0.3759621800261055,0.2257798371472917,0.3505766040009369,0.3622032600118768,0.3773690023495145,0.4061304047104697,0.3725464793550031,0.3710433880740634,0.3548062917392272,0.4054012293033346,0.3828909990361232,0.4039158565076433,0.3631902918326374,0.230728833659432,0.358121484742869,0.3821714675262448,0.3758055010089191,0.3179938231662192,0.383981531940734,0.41052267720021,0.3492777877240561
0.3479173118784202,0.4076639244811393,0.0,0.0,0.0,0.0,0.0,0.0,0.0,0.3124055065645184,0.0,0.3017782271949136,0.0,0.0,0.4038161069303986,0.4060305624979746,0.3538020161699777,0.3654941195915273,0.0,0.4221151490585865,0.3997221881885732,0.4313298745467659,0.3771216780590458,0.3169864371907837,0.3753817025872734,0.3901743018348352,0.0,0.0,0.4552502435194193,0.0,0.3912538260822429,0.3003895641660431,0.2109845360334775,0.26294681632401,0.2672020855723528,0.0,0.0,0.1674915966780866,0.2864440128485857,0.0,0.2109931467846818,0.2844239968835265,0.2722503455147632,0.2046653692538215,0.1553707392812323,0.2962207569278322,0.3080638300633674,0.4849666744235267,0.0,0.296422799075094,0.3231885394724554,0.3206807729258517,0.3519927789772631,0.3885929900251501,0.2705836483751773,0.3839134136713089,0.1989154292355185,0.3387021332155002,0.0,0.312497481423386,0.3457958658375999,0.283210719284369,0.276133616734996,0.4738939256312119,0.3311704087477551,0.3173550380360933,0.352381767775372,0.3077389637194028,0.1876271170158959,0.2638795265804025,0.3047221485913995,0.3036966839356739,0.2816680816930128,0.300235236967164,0.0,0.2777632616021108
0.3665885975291441,0.4045235103408857,0.0,0.0,0.0,0.4488387766596992,0.0,0.4498769285664104,0.0,0.3808933521050385,0.0,0.3177509766502522,0.5043971476321766,0.0,0.4306650343984585,0.4126373238407216,0.0,0.3909012296670819,0.0,0.4352389029636052,0.4260420680521549,0.4326852429522397,0.44798522684699,0.3627365642944337,0.3957225634220354,0.4091732477081278,0.4617410691314196,0.4561130874165989,0.4526568490762692,0.0,0.3983101291502119,0.3314607739818503,0.2898944568742972,0.305312203165466,0.3259029459241702,0.2679450512944544,0.2386034144899931,0.1537165803068461,0.3303980760015328,0.2109931467846818,0.0,0.2796368987616065,0.3368220165506603,0.2193380318708365,0.181187634918704,0.3232970536026457,0.3258361308229043,0.384864884147513,0.169969363227787,0.2827240934017422,0.3641209751021294,0.2993981715187123,0.4068964396329658,0.3773908767302434,0.2582483018494013,0.3632503524123031,0.2049553361734141,0.3380577489665345,0.40770724332717,0.3624571085788431,0.3212690455724542,0.3173693860017887,0.3054004138665734,0.3626507244757066,0.3612128160745997,0.3811333106238251,0.3565689396686531,0.3930413458703355,0.2107426823410447,0.2992636615097963,0.3364348640101525,0.3769606737765508,0.2955991941298256,0.3493573490149658,0.3328119530516756,0.2263410450831617
0.0,0.4373977388533679,0.0,0.0,0.0,0.4952056577591098,0.0,0.0,0.0,0.3640740671710491,0.0,0.3595901372439831,0.0,0.0,0.4593325049555388,0.4444705230260957,0.0,0.4046802087102585,0.0,0.445048645793473,0.4568825126831622,0.4677874454947333,0.4512169971977757,0.0,0.4111962824380412,0.4528151405114333,0.4573113344426886,0.5039212731374412,0.4782612782060255,0.0,0.0,0.3490130859166713,0.3219302715157702,0.3175072041445781,0.3573732277899171,0.2861487554577879,0.3035729740227459,0.1797069894990625,0.3355910597787205,0.2844239968835265,0.2796368987616065,0.0,0.4120316797891406,0.3011835476761512,0.2057319751050985,0.3804070376797607,0.385144171580026,0.4224452054740942,0.204140982009326,0.2481364160875513,0.3801814186719062,0.3050811084521621,0.4254366843405933,0.388550565898397,0.2804538750005058,0.3558115860228483,0.202668037771951,0.3375127472094911,0.0,0.4190277813763096,0.401864698985844,0.3232792847173268,0.3439960231094974,0.3763008310247698,0.4222955835808359,0.4402321025380849,0.4343559349623953,0.4003737566286897,0.1193716917578367,0.3405045518201296,0.3987383578002897,0.4036936022791587,0.3254086099103599,0.3956613888676716,0.3368012029047449,0.1777728404803092
