0.0,0.3704689319199505,0.0,0.0,0.0,0.0,0.0,0.4892298061336837,0.0,0.0,0.0,0.0,0.0,0.0,0.3677447196326781,0.4012628212981777,0.3889442929059681,0.362016416988902,0.0,0.3955479037231535,0.431969314445274,0.3710887587344678,0.4530254328655309,0.4072119028253271,0.3485988062671264,0.3654899433286509,0.0,0.4330164680888984,0.444499602800082,0.0,0.3760918799185815,0.4548267699572015,0.3653717246080682,0.3691831007604614,0.4276811603365518,0.0,0.0,0.0,0.4479724588305063,0.3666178091315383,0.4124804875690182,0.0,0.0,0.0,0.0,0.3689815127175966,0.4489292166629819,0.0,0.0,0.0,0.0,0.0,0.0,0.0,0.0,0.0,0.0,0.0,0.0,0.0,0.4254568489667888,0.0,0.3788060781667052,0.0,0.0,0.0,0.4348505918201252,0.0,0.3347196665877444,0.3894983224566161,0.4188510251321476,0.0,0.0,0.0,0.0,0.0
0.3704689319199505,0.0,0.0,0.0,0.0,0.3739819992617788,0.3954434977032048,0.4578588806818692,0.0,0.0,0.0,0.0,0.3886631402981616,0.0,0.3907313063501837,0.3920390339990199,0.0,0.3748480281039186,0.0,0.3998535423534906,0.3817125805665806,0.3510761084387277,0.4199043927085355,0.0,0.3392000403447587,0.3788363679570273,0.4103074684293276,0.4046792145795226,0.3874411272302601,0.0,0.3586979561015778,0.4411025485733885,0.3866145092160317,0.3442703934353288,0.4077426770978575,0.0,0.0,0.0,0.4659001367825869,0.4315700967475911,0.4482668543755099,0.4904576155635642,0.0,0.0,0.0,0.4436248341291305,0.4658476726256589,0.0,0.0,0.0,0.0,0.0,0.0,0.0,0.0,0.0,0.0,0.0,0.0,0.0,0.4492086970247692,0.0,0.0,0.0,0.4532632780698928,0.4447281310537279,0.4489861589624752,0.461791952925085,0.0,0.0,0.4593448815961228,0.4679079042429118,0.0,0.0,0.0,0.441435951409508
0.0,0.0,0.0,0.0,0.3740768265055363,0.3685984918435579,0.406237180299387,0.4459511091930972,0.2348810890204213,0.0,0.270193300699273,0.0,0.4231617839164537,0.4939704519598227,0.0,0.0,0.0,0.0,0.2367789028828268,0.0,0.0,0.0,0.2906799753509247,0.0,0.0,0.0,0.3236753892250737,0.4382409974508895,0.0,0.0,0.4542615358299636,0.4413435517717673,0.0,0.4510179635761628,0.0,0.437067160544865,0.4516037298565705,0.0,0.0,0.0,0.0,0.0,0.428756321100281,0.0,0.0,0.0,0.0,0.3022041129112124,0.0,0.0,0.5118482618653039,0.0,0.5207126221359348,0.5129409676931589,0.0,0.4523196951261138,0.0,0.0,0.4981758637535618,0.0,0.0,0.0,0.0,0.190233600774471,0.0,0.0,0.0,0.538640399767591,0.0,0.0,0.0,0.5294723996306396,0.0,0.0,0.0,0.0
0.0,0.0,0.0,0.0,0.2175420951454748,0.4118639503204422,0.2353470225951335,0.0,0.0,0.1343715237059446,0.3376603175660113,0.0,0.2514028516249908,0.1982427177254786,0.0,0.0,0.0,0.0,0.3954042651386252,0.0,0.0,0.0,0.4253881587904608,0.0,0.0,0.0,0.0,0.2071314321440694,0.0,0.0,0.0,0.2782270921425094,0.0,0.1743461611528313,0.3662140614708283,0.158954744589717,0.1634490652580001,0.0,0.0,0.0,0.0,0.0,0.0,0.0,0.0,0.0,0.0,0.0,0.0,0.0,0.0,0.0,0.0,0.0,0.0,0.0,0.0,0.0,0.0,0.0,0.0,0.0,0.0,0.0,0.0,0.0,0.0,0.0,0.0,0.0,0.0,0.0,0.0,0.0,0.0,0.0
0.0,0.0,0.3740768265055363,0.2175420951454748,0.0,0.3669732454258787,0.3066609721028935,0.3330677441493965,0.3140627494290268,0.4205592713198817,0.3208936867408857,0.3560243358419591,0.3442028234209071,0.2676652568617917,0.0,0.0,0.0,0.0,0.4009257145034728,0.0,0.0,0.0,0.3885988497727646,0.0,0.0,0.0,0.380003276231421,0.3620274206551435,0.0,0.0,0.4027096474984122,0.3789772067522686,0.3323772406658714,0.3556601533635967,0.2728749198113355,0.2190791376286174,0.227721996303842,0.355372035524086,0.0,0.0,0.0,0.0,0.0,0.0,0.0,0.0,0.0,0.5152346366125806,0.0,0.0,0.0,0.0,0.0,0.0,0.0,0.3306404541633134,0.0,0.0,0.0,0.0,0.0,0.0,0.0,0.0,0.0,0.0,0.0,0.5072006349465537,0.0,0.0,0.0,0.0,0.0,0.0,0.0,0.0
0.0,0.3739819992617788,0.3685984918435579,0.4118639503204422,0.3669732454258787,0.0,0.3638606433191121,0.4492726587866819,0.3362917572767476,0.4306195355488943,0.3806734477176272,0.0,0.3508302790957958,0.4790832714768621,0.3903778006201961,0.4122397147719686,0.0,0.399470323822753,0.3680013032847217,0.3817257551728926,0.399072657916351,0.3994021129606666,0.3748849109136041,0.0,0.3769892947998993,0.3839701760666242,0.3514531528461223,0.348264203875084,0.306039170705662,0.4254343284503857,0.4238628829857091,0.4417102488581518,0.0,0.4436661507714039,0.4271474995077534,0.4507303867977801,0.4370052892879614,0.0,0.4618994164772877,0.0,0.0,0.0,0.4683886038600713,0.0,0.0,0.0,0.0,0.5379536589388596,0.0,0.0,0.5114324933789329,0.5485060769153078,0.5050714066750835,0.5252427897975347,0.0,0.5040584624534669,0.0,0.5376054959652923,0.0,0.0,0.0,0.0,0.0,0.5265222698509383,0.0,0.0,0.0,0.5387438304264628,0.0,0.0,0.0,0.513378100281779,0.0,0.0,0.0,0.5476433528116179
0.0,0.3954434977032048,0.406237180299387,0.2353470225951335,0.3066609721028935,0.3638606433191121,0.0,0.3935329431865241,0.345128607933615,0.3990325209108789,0.4100965490956034,0.3411583186965961,0.3034747766683394,0.3524311028038561,0.0,0.4263597953904866,0.0,0.0,0.4142391431802295,0.4029291577230725,0.0,0.41289818035382,0.4192204167096154,0.0,0.0,0.0,0.3952337028653658,0.3543141119040414,0.3832308613397872,0.0,0.3753871284022831,0.3672081779834925,0.0,0.3603587481902228,0.227453558232559,0.2733940244010749,0.2605881690202515,0.3024588808861025,0.0,0.0,0.0,0.0,0.0,0.0,0.0,0.0,0.0,0.0,0.0,0.0,0.5396131167049217,0.0,0.0,0.0,0.0,0.0,0.0,0.0,0.0,0.0,0.0,0.0,0.0,0.0,0.0,0.0,0.0,0.4949068740814454,0.0,0.0,0.0,0.5007259319825719,0.0,0.0,0.0,0.0
0.4892298061336837,0.4578588806818692,0.4459511091930972,0.0,0.3330677441493965,0.4492726587866819,0.3935329431865241,0.0,0.4643841481790358,0.0,0.289233875466589,0.0,0.4312499370285437,0.3488783264576673,0.4273338861664149,0.4826259625247736,0.0,0.4648639362493281,0.3525191609483011,0.3761985820927919,0.3791345508310936,0.4503592908496631,0.3432284485224648,0.5052450342996061,0.4905256035880354,0.4805640775315343,0.4394523463449735,0.4416798178417427,0.3841543083937682,0.4364352449351584,0.4483531212979773,0.4029074775280747,0.4792312147962604,0.4769739343607405,0.0,0.250041400167271,0.4344557251138782,0.0,0.4702567420658255,0.0,0.0,0.0,0.2791195349852007,0.0,0.0,0.0,0.0,0.488721868951524,0.0,0.0,0.0,0.0,0.3871150447186457,0.4763405254057432,0.0,0.3984872428721298,0.0,0.0,0.3912555571189171,0.0,0.0,0.0,0.0,0.4810848043749784,0.4404812496060373,0.0,0.0,0.4810568800582356,0.0,0.0,0.0,0.4575516601170488,0.0,0.0,0.0,0.0
0.0,0.0,0.2348810890204213,0.0,0.3140627494290268,0.3362917572767476,0.345128607933615,0.4643841481790358,0.0,0.4419796268054303,0.2931495067779482,0.0,0.3825587743697847,0.4595596758203309,0.0,0.0,0.0,0.0,0.2543429233432872,0.0,0.0,0.0,0.378760049553711,0.0,0.0,0.0,0.3230625710464838,0.429120115939176,0.0,0.0,0.4351014549905826,0.4235616996298558,0.0,0.4391891916686396,0.418862621362323,0.4179088657786952,0.4183029326552674,0.0,0.0,0.0,0.0,0.0,0.4251955724995083,0.0,0.0,0.0,0.0,0.5248944824356387,0.0,0.0,0.4988786046797301,0.0,0.5151680783607586,0.5406899813039251,0.0,0.4702140052355425,0.0,0.0,0.4598864079175272,0.0,0.0,0.0,0.0,0.5033571987893855,0.0,0.0,0.0,0.5099890134131572,0.0,0.0,0.0,0.4949314956328351,0.0,0.0,0.0,0.0
0.0,0.0,0.0,0.1343715237059446,0.4205592713198817,0.4306195355488943,0.3990325209108789,0.0,0.4419796268054303,0.0,0.43316772629901,0.3189630076783042,0.3958806935374837,0.1235163967064024,0.0,0.3803705786443992,0.3290264699611847,0.3599563444042597,0.4449650209486552,0.0,0.0,0.0,0.4584172041457735,0.3398850276904117,0.3529794177300465,0.3276891189860981,0.4394717249517734,0.3909375753914923,0.0,0.0,0.3487080929820403,0.3888994549256856,0.3291921623198698,0.331842654064886,0.3383372364436099,0.2359939511508821,0.212199446256389,0.3220685536307998,0.319085951174173,0.3258840997557197,0.3455599872635767,0.0,0.0,0.0,0.3036209120240739,0.0,0.0,0.0,0.0,0.0,0.0,0.0,0.0,0.0,0.3769482004826141,0.0,0.3693676407305982,0.0,0.0,0.0,0.0,0.3941704683298262,0.3810412395961959,0.0,0.0,0.0,0.0,0.0,0.3914148413499173,0.3944923121327532,0.4101554561144841,0.0,0.3998947959229327,0.0,0.0,0.373623072828747
0.0,0.0,0.270193300699273,0.3376603175660113,0.3208936867408857,0.3806734477176272,0.4100965490956034,0.289233875466589,0.2931495067779482,0.43316772629901,0.0,0.3983059172925455,0.4188003389092791,0.3067251726487595,0.0,0.0,0.0,0.0,0.2810615651054155,0.0,0.0,0.0,0.2606284821827206,0.0,0.0,0.0,0.3822933099507574,0.4053165429235895,0.0,0.0,0.4155423841677837,0.3851784734478601,0.4026253274862604,0.4155273547067789,0.3519597033093462,0.2765496780649217,0.3858236743489169,0.3868412404739539,0.0,0.0,0.0,0.0,0.3281441325447852,0.0,0.0,0.0,0.0,0.4505173351449562,0.0,0.4167529372365734,0.0,0.4904395678339617,0.3847965863386449,0.4310707678161947,0.0,0.2746514977038926,0.0,0.5055672309306622,0.3617960155455387,0.0,0.0,0.0,0.0,0.2554255645024101,0.0,0.0,0.0,0.4640527450737268,0.0,0.0,0.0,0.4713118985222906,0.0,0.0,0.0,0.0
0.0,0.0,0.0,0.0,0.3560243358419591,0.0,0.3411583186965961,0.0,0.0,0.3189630076783042,0.3983059172925455,0.0,0.3753356444787237,0.0,0.0,0.0,0.3743978098652714,0.0,0.0,0.0,0.0,0.0,0.0,0.2969086588920137,0.3523334430713765,0.2719978412966107,0.0,0.3594019351907631,0.0,0.0,0.3516120095265597,0.3001759648538162,0.2811623188176275,0.2707685527471969,0.2751098802546248,0.296132625982438,0.3201256365286348,0.2511209448507165,0.2484463307191295,0.3369969981602983,0.3608900836155506,0.0,0.0,0.0,0.2837681041657562,0.0,0.0,0.0,0.0,0.0,0.0,0.0,0.0,0.0,0.3802479583145657,0.0,0.3750429782118528,0.0,0.0,0.0,0.0,0.4010764995713112,0.3753137248030865,0.0,0.0,0.0,0.0,0.0,0.388610201026867,0.400038044014484,0.4139139300098029,0.0,0.0,0.0,0.0,0.3666890544421523
0.0,0.3886631402981616,0.4231617839164537,0.2514028516249908,0.3442028234209071,0.3508302790957958,0.3034747766683394,0.4312499370285437,0.3825587743697847,0.3958806935374837,0.4188003389092791,0.3753356444787237,0.0,0.3693264615244796,0.4359756442348248,0.4293049533903432,0.0,0.4142832022844391,0.4220122606260416,0.4071722692204333,0.4387824115985431,0.4210002786717979,0.4456486605516743,0.3987856576113441,0.3976850772026735,0.3929088564493692,0.42600716813892,0.3284727069492321,0.3753850555751753,0.3627501896696261,0.3863146743049306,0.381221558291093,0.3527477654339144,0.3761476008656804,0.350289366842041,0.3278033569561957,0.2932065768333842,0.3534355372004312,0.4840674090091807,0.0,0.0,0.0,0.0,0.0,0.0,0.0,0.0,0.5609400178325188,0.0,0.0,0.5098153616193258,0.0,0.4899822201115417,0.0,0.0,0.0,0.0,0.0,0.0,0.0,0.0,0.0,0.0,0.0,0.0,0.0,0.0,0.4997364303676701,0.0,0.0,0.0,0.4947394926028733,0.0,0.0,0.0,0.0
0.0,0.0,0.4939704519598227,0.1982427177254786,0.2676652568617917,0.4790832714768621,0.3524311028038561,0.3488783264576673,0.4595596758203309,0.1235163967064024,0.3067251726487595,0.0,0.3693264615244796,0.0,0.0,0.0,0.0,0.0,0.367172909140262,0.0,0.0,0.0,0.4333059787883775,0.0,0.0,0.0,0.4605780513562353,0.2511211737865745,0.0,0.0,0.3363079877860611,0.1854294738690918,0.0,0.3546586705914394,0.0,0.1953270570705111,0.1538275175455545,0.0,0.0,0.0,0.0,0.0,0.242600111248769,0.0,0.0,0.0,0.0,0.0,0.0,0.0,0.0,0.0,0.0,0.0,0.0,0.0,0.0,0.0,0.0,0.0,0.0,0.0,0.0,0.0,0.0,0.0,0.0,0.0,0.0,0.0,0.0,0.0,0.0,0.0,0.0,0.0
0.3677447196326781,0.3907313063501837,0.0,0.0,0.0,0.3903778006201961,0.0,0.4273338861664149,0.0,0.0,0.0,0.0,0.4359756442348248,0.0,0.0,0.400801672003985,0.0,0.3771796616116474,0.0,0.3125566824829833,0.3777314911155752,0.3528306002608347,0.3536455754686852,0.0,0.3621287296529302,0.3913217307808993,0.3538208645452061,0.3998366880773394,0.4130615990114937,0.0,0.4129109137864258,0.4714723212527374,0.4011392776532922,0.4279616274147413,0.4517471301962976,0.507224728968976,0.0,0.0,0.4785372291991454,0.4291232887389082,0.0,0.0,0.0,0.0,0.0,0.0,0.0,0.0,0.0,0.0,0.0,0.0,0.0,0.0,0.0,0.0,0.0,0.0,0.0,0.4431918179767207,0.0,0.0,0.0,0.0,0.4636414934720502,0.4868161715788623,0.4401330313764504,0.4369059503036527,0.0,0.0,0.0,0.4604700581359829,0.0,0.0,0.0,0.0
0.4012628212981777,0.3920390339990199,0.0,0.0,0.0,0.4122397147719686,0.4263597953904866,0.4826259625247736,0.0,0.3803705786443992,0.0,0.0,0.4293049533903432,0.0,0.400801672003985,0.0,0.3548244627742445,0.3032051621376461,0.0,0.423564672766503,0.4029299517616363,0.381362542438151,0.4372708524819373,0.3845693448418761,0.3516614368772512,0.4140909193431119,0.437170839476939,0.4345210966292471,0.4230070860705965,0.0,0.3537949969770623,0.4353642286241418,0.3643756056266997,0.3404051272255593,0.3772335735426703,0.0,0.0,0.0,0.4786970425978569,0.4226296216966124,0.4461139408342758,0.4834493243549971,0.0,0.0,0.0,0.4550582561411145,0.4734604749947795,0.0,0.0,0.0,0.0,0.0,0.0,0.0,0.0,0.0,0.0,0.0,0.0,0.4590049182709768,0.4506479971657718,0.0,0.3895608563010089,0.0,0.47093878540763,0.458315419970943,0.4558003208223682,0.0,0.0,0.4083982656878809,0.4562760030466841,0.0,0.0,0.0,0.0,0.4379357947952945
0.3889442929059681,0.0,0.0,0.0,0.0,0.0,0.0,0.0,0.0,0.3290264699611847,0.0,0.3743978098652714,0.0,0.0,0.0,0.3548244627742445,0.0,0.3180011359706016,0.0,0.0,0.0,0.0,0.0,0.3758517506480315,0.3443111205555714,0.35274259952268,0.0,0.0,0.0,0.0,0.3608744577614252,0.4571162346372264,0.3743041924229346,0.3775258537590535,0.4091758857072722,0.0,0.0,0.3564923670365624,0.0,0.3690332411302368,0.4230568788094184,0.0,0.0,0.0,0.0,0.0,0.0,0.0,0.0,0.0,0.0,0.0,0.0,0.0,0.3884714990091171,0.0,0.4069013078157066,0.0,0.0,0.0,0.0,0.4057127705454408,0.4158462691587871,0.0,0.0,0.0,0.0,0.0,0.4374058050233871,0.393153431748401,0.4348653580382302,0.0,0.0,0.0,0.0,0.0
0.362016416988902,0.3748480281039186,0.0,0.0,0.0,0.399470323822753,0.0,0.4648639362493281,0.0,0.3599563444042597,0.0,0.0,0.4142832022844391,0.0,0.3771796616116474,0.3032051621376461,0.3180011359706016,0.0,0.0,0.4015974683622894,0.3827637966811396,0.3842570383793156,0.412999813467253,0.3587181960303143,0.3346567360089113,0.3455567486750051,0.4122391914445566,0.4135806850552692,0.4005183727286753,0.0,0.364418719700094,0.4302560985466605,0.3587363658566614,0.3778279998716359,0.4065988708539356,0.0,0.0,0.0,0.4253454170311856,0.3816991892444188,0.4104872619745409,0.44157066686096,0.0,0.0,0.0,0.3930821273449065,0.4316315244607457,0.0,0.0,0.0,0.0,0.0,0.0,0.0,0.4058046483121148,0.0,0.4253565429245778,0.0,0.0,0.0,0.4024838142773463,0.3879588845704378,0.3909629633181206,0.0,0.0,0.0,0.4315989126078087,0.0,0.4246814139764834,0.3934663293832883,0.4190208625285574,0.0,0.0,0.0,0.0,0.3878036153955699
0.0,0.0,0.2367789028828268,0.3954042651386252,0.4009257145034728,0.3680013032847217,0.4142391431802295,0.3525191609483011,0.2543429233432872,0.4449650209486552,0.2810615651054155,0.0,0.4220122606260416,0.367172909140262,0.0,0.0,0.0,0.0,0.0,0.0,0.0,0.0,0.2681820992738458,0.0,0.0,0.0,0.3498041539025632,0.420098143398011,0.0,0.0,0.4428417865089389,0.417658979262363,0.0,0.4383107387917026,0.4081803508671844,0.4049531698214437,0.4190517651507119,0.0,0.5277324282952921,0.0,0.0,0.0,0.338106382812781,0.0,0.0,0.0,0.0,0.5167469676132947,0.0,0.0,0.5176785547757644,0.0,0.512522781690822,0.4909181386633934,0.0,0.3576353445017761,0.0,0.0,0.3929397928651693,0.0,0.0,0.0,0.0,0.4707075646068251,0.0,0.0,0.0,0.5303918251196779,0.0,0.0,0.0,0.5044759974485672,0.0,0.0,0.0,0.0
0.3955479037231535,0.3998535423534906,0.0,0.0,0.0,0.3817257551728926,0.4029291577230725,0.3761985820927919,0.0,0.0,0.0,0.0,0.4071722692204333,0.0,0.3125566824829833,0.423564672766503,0.0,0.4015974683622894,0.0,0.0,0.3877939364479777,0.3371275215711116,0.2831324183054649,0.0,0.3831980107183051,0.4122007042389239,0.3430131492945724,0.3923824846829823,0.328427713395281,0.0,0.3701401526277508,0.4881427225442443,0.4306581650100026,0.4234569019305145,0.4639613060897138,0.523696043999581,0.0,0.0,0.4555386919965385,0.4162288034285787,0.0,0.0,0.0,0.0,0.0,0.0,0.0,0.0,0.0,0.0,0.0,0.0,0.0,0.0,0.0,0.0,0.0,0.0,0.0,0.4419573163224631,0.0,0.0,0.0,0.0,0.4515235801089259,0.4371357652609768,0.4252737033751252,0.4538312201440564,0.0,0.0,0.0,0.4556650147223282,0.0,0.4519410898331539,0.0,0.0
0.431969314445274,0.3817125805665806,0.0,0.0,0.0,0.399072657916351,0.0,0.3791345508310936,0.0,0.0,0.0,0.0,0.4387824115985431,0.0,0.3777314911155752,0.4029299517616363,0.0,0.3827637966811396,0.0,0.3877939364479777,0.0,0.3817098470612016,0.3807731735653017,0.4929619545116212,0.3935322237597697,0.3629176775630287,0.4224406156526622,0.4341670947851453,0.3909211140690558,0.4612860320423969,0.3757911058744343,0.4526215452048699,0.396507795913285,0.4047801414673291,0.4454986495137776,0.5270971570351433,0.0,0.0,0.4809036327536887,0.4091360597486899,0.461167929817863,0.5171313178480318,0.0,0.0,0.0,0.0,0.4551006149998977,0.0,0.0,0.0,0.0,0.0,0.3740489616355766,0.0,0.0,0.0,0.0,0.0,0.0,0.4181053332664303,0.4587242736144675,0.0,0.0,0.0,0.4355143530188649,0.3420280698722138,0.4493239629217835,0.408843280257315,0.0,0.0,0.4948041490669316,0.4314894745737108,0.0,0.4487782485876805,0.0,0.0
0.3710887587344678,0.3510761084387277,0.0,0.0,0.0,0.3994021129606666,0.41289818035382,0.4503592908496631,0.0,0.0,0.0,0.0,0.4210002786717979,0.0,0.3528306002608347,0.381362542438151,0.0,0.3842570383793156,0.0,0.3371275215711116,0.3817098470612016,0.0,0.4265221821711474,0.0,0.3608803113342724,0.3650701450809746,0.4210528201667939,0.4186866431625844,0.3871285709487262,0.3858527260807344,0.3655976544889424,0.4768172248058617,0.4215384095387784,0.3980748830022721,0.4610778780909548,0.5386584162652828,0.0,0.0,0.4476819850945777,0.4179317735727823,0.4416468512908985,0.4693179393475951,0.0,0.0,0.0,0.461229503928636,0.4468958995311533,0.0,0.0,0.0,0.0,0.0,0.0,0.0,0.0,0.0,0.0,0.0,0.0,0.4292915685486879,0.4458573383761176,0.0,0.0,0.0,0.4414836541025344,0.4214207493611256,0.4385053019370982,0.4428493761917589,0.0,0.0,0.4554944966293185,0.4596410849044543,0.0,0.0,0.0,0.4505344990417051
0.4530254328655309,0.4199043927085355,0.2906799753509247,0.4253881587904608,0.3885988497727646,0.3748849109136041,0.4192204167096154,0.3432284485224648,0.378760049553711,0.4584172041457735,0.2606284821827206,0.0,0.4456486605516743,0.4333059787883775,0.3536455754686852,0.4372708524819373,0.0,0.412999813467253,0.2681820992738458,0.2831324183054649,0.3807731735653017,0.4265221821711474,0.0,0.484485151111603,0.4102098760143641,0.4300799680264798,0.3223865841288433,0.4504600990323237,0.414932930373607,0.4505181353711577,0.4581089129687868,0.4566397465891851,0.0,0.4721643126218295,0.4547996096584639,0.4722808565942679,0.4424865500893163,0.0,0.4886582119765856,0.0,0.5032614772894196,0.5212684016590424,0.3846595347077932,0.0,0.0,0.0,0.0,0.5257980545623548,0.0,0.4922897135344958,0.5088378402536504,0.5202911211983929,0.4914331000852855,0.5183370482506098,0.0,0.455746818004171,0.0,0.5091175424520049,0.4471099278675995,0.4550948371540558,0.0,0.0,0.0,0.4918227397269005,0.4651266055058849,0.4378302496235683,0.0,0.5419508865470337,0.0,0.0,0.0,0.4988769121335329,0.5072162861400589,0.4806244806857861,0.0,0.5146626700060553
0.4072119028253271,0.0,0.0,0.0,0.0,0.0,0.0,0.5052450342996061,0.0,0.3398850276904117,0.0,0.2969086588920137,0.3987856576113441,0.0,0.0,0.3845693448418761,0.3758517506480315,0.3587181960303143,0.0,0.0,0.4929619545116212,0.0,0.484485151111603,0.0,0.3571384073629883,0.3347959562769376,0.0,0.4061982798797978,0.0,0.0,0.3800069549348809,0.346828136586093,0.2774473919134675,0.2936992282842215,0.2961646134599014,0.2693678079860799,0.0,0.2935975197925804,0.4515715749431872,0.3470395065369541,0.3768557078947905,0.0,0.0,0.0,0.317546188141591,0.4008258651722057,0.0,0.0,0.0,0.0,0.0,0.0,0.0,0.0,0.3942315647852505,0.0,0.3909268474160881,0.0,0.0,0.0,0.4041769844162874,0.4136389028017279,0.426271233896059,0.0,0.0,0.0,0.0,0.0,0.4158198850587417,0.4186160605674785,0.4414824059485114,0.0,0.0,0.0,0.0,0.3688972172312112
0.3485988062671264,0.3392000403447587,0.0,0.0,0.0,0.3769892947998993,0.0,0.4905256035880354,0.0,0.3529794177300465,0.0,0.3523334430713765,0.3976850772026735,0.0,0.3621287296529302,0.3516614368772512,0.3443111205555714,0.3346567360089113,0.0,0.3831980107183051,0.3935322237597697,0.3608803113342724,0.4102098760143641,0.3571384073629883,0.0,0.3055255417946678,0.3991284256085431,0.4092328228489768,0.3918042898878371,0.0,0.3658970734984028,0.429410014253311,0.3317185456992677,0.3741854599261956,0.4022102822056592,0.0,0.0,0.3597778860568996,0.4276645532877963,0.3892084164726337,0.4080612794959157,0.4375681196076594,0.0,0.0,0.0,0.3921836790863213,0.4150343176947766,0.0,0.0,0.0,0.0,0.0,0.0,0.0,0.4197731508683067,0.0,0.4277681647074973,0.0,0.0,0.0,0.3972058292526292,0.404328766835039,0.3988525825226214,0.0,0.0,0.0,0.4191266793277276,0.0,0.4246669484624876,0.4058136173542239,0.4282566043446409,0.0,0.0,0.0,0.0,0.3912237202799609
0.3654899433286509,0.3788363679570273,0.0,0.0,0.0,0.3839701760666242,0.0,0.4805640775315343,0.0,0.3276891189860981,0.0,0.2719978412966107,0.3929088564493692,0.0,0.3913217307808993,0.4140909193431119,0.35274259952268,0.3455567486750051,0.0,0.4122007042389239,0.3629176775630287,0.3650701450809746,0.4300799680264798,0.3347959562769376,0.3055255417946678,0.0,0.4224707879216571,0.4021449248252746,0.395026097875063,0.0,0.3708832659112402,0.4368008461616053,0.3242646470744773,0.3719326404202929,0.417173213439349,0.4730598229497576,0.0,0.3538948143276075,0.439102752008198,0.4090202274345278,0.4340403187151642,0.4331743684607579,0.0,0.0,0.0,0.3974324431958423,0.3881019190887568,0.0,0.0,0.0,0.0,0.0,0.0,0.0,0.4294806269138367,0.0,0.436356202260943,0.0,0.0,0.0,0.4011329811437302,0.4249152112252321,0.4211553563295241,0.0,0.0,0.0,0.4903519769936561,0.0,0.4470028051636632,0.4243501281129144,0.4453754152055628,0.0,0.0,0.0,0.0,0.4054197013756839
0.0,0.4103074684293276,0.3236753892250737,0.0,0.380003276231421,0.3514531528461223,0.3952337028653658,0.4394523463449735,0.3230625710464838,0.4394717249517734,0.3822933099507574,0.0,0.42600716813892,0.4605780513562353,0.3538208645452061,0.437170839476939,0.0,0.4122391914445566,0.3498041539025632,0.3430131492945724,0.4224406156526622,0.4210528201667939,0.3223865841288433,0.0,0.3991284256085431,0.4224707879216571,0.0,0.4388609382048221,0.3738152362553799,0.4385041315263515,0.4411752496849495,0.4679953375915108,0.4221713409594129,0.4613205388662972,0.4603499593620762,0.498118536099621,0.4453151253518914,0.0,0.4921880976727884,0.0,0.0,0.0,0.4456695918882877,0.0,0.0,0.0,0.0,0.5468121395723637,0.0,0.0,0.5006872187068642,0.0,0.4938521171955587,0.5335852145935658,0.0,0.4918939482723811,0.0,0.512516920236569,0.520639936854796,0.0,0.0,0.0,0.0,0.5351807517540631,0.4740959216580936,0.0,0.0,0.5323765940598537,0.0,0.0,0.0,0.4962477495900265,0.5023086345081574,0.0,0.0,0.0
0.4330164680888984,0.4046792145795226,0.4382409974508895,0.2071314321440694,0.3620274206551435,0.348264203875084,0.3543141119040414,0.4416798178417427,0.429120115939176,0.3909375753914923,0.4053165429235895,0.3594019351907631,0.3284727069492321,0.2511211737865745,0.3998366880773394,0.4345210966292471,0.0,0.4135806850552692,0.420098143398011,0.3923824846829823,0.4341670947851453,0.4186866431625844,0.4504600990323237,0.4061982798797978,0.4092328228489768,0.4021449248252746,0.4388609382048221,0.0,0.3181408540868328,0.3159214485333413,0.373908912207972,0.3834493956508185,0.3496763090443933,0.369263033287036,0.3535427979728987,0.2880429126356916,0.2508603577716612,0.3444875255610096,0.4667562303759203,0.0,0.5235808183909777,0.0,0.0,0.0,0.0,0.0,0.0,0.0,0.0,0.0,0.4988492061608524,0.0,0.4735356764544523,0.0,0.0,0.0,0.0,0.0,0.0,0.0,0.0,0.0,0.0,0.0,0.4785320529772211,0.4744797266393257,0.0,0.4986490097108845,0.0,0.0,0.0,0.4966090918889136,0.5210290994263792,0.4806279241157672,0.0,0.5334915725546637
0.444499602800082,0.3874411272302601,0.0,0.0,0.0,0.306039170705662,0.3832308613397872,0.3841543083937682,0.0,0.0,0.0,0.0,0.3753850555751753,0.0,0.4130615990114937,0.4230070860705965,0.0,0.4005183727286753,0.0,0.328427713395281,0.3909211140690558,0.3871285709487262,0.414932930373607,0.0,0.3918042898878371,0.395026097875063,0.3738152362553799,0.3181408540868328,0.0,0.3823742786322698,0.3559602885631839,0.4521847926645012,0.0,0.3972768368692574,0.4270246347143978,0.4930410210257144,0.0,0.0,0.4705065126169708,0.0,0.4958578276182807,0.0,0.0,0.0,0.0,0.0,0.0,0.0,0.0,0.0,0.4771635882688764,0.0,0.4489942570686929,0.0,0.0,0.0,0.0,0.5349399350196937,0.0,0.4490531185197275,0.0,0.0,0.0,0.0,0.4589843271777739,0.4294292265409889,0.0,0.461905161162134,0.0,0.0,0.0,0.4683130003810884,0.4827359754467712,0.4638017302861256,0.0,0.4930764182066731
0.0,0.0,0.0,0.0,0.0,0.4254343284503857,0.0,0.4364352449351584,0.0,0.0,0.0,0.0,0.3627501896696261,0.0,0.0,0.0,0.0,0.0,0.0,0.0,0.4612860320423969,0.3858527260807344,0.4505181353711577,0.0,0.0,0.0,0.4385041315263515,0.3159214485333413,0.3823742786322698,0.0,0.3537630848745812,0.414587047688052,0.0,0.3787241679528513,0.0,0.0,0.0,0.0,0.4962663135136734,0.0,0.0,0.0,0.0,0.0,0.0,0.0,0.0,0.0,0.0,0.0,0.0,0.0,0.0,0.0,0.0,0.0,0.0,0.0,0.0,0.0,0.0,0.0,0.0,0.0,0.4676426336556585,0.0,0.0,0.4913841340394653,0.0,0.0,0.0,0.4910525422733282,0.0,0.0,0.0,0.0
0.3760918799185815,0.3586979561015778,0.4542615358299636,0.0,0.4027096474984122,0.4238628829857091,0.3753871284022831,0.4483531212979773,0.4351014549905826,0.3487080929820403,0.4155423841677837,0.3516120095265597,0.3863146743049306,0.3363079877860611,0.4129109137864258,0.3537949969770623,0.3608744577614252,0.364418719700094,0.4428417865089389,0.3701401526277508,0.3757911058744343,0.3655976544889424,0.4581089129687868,0.3800069549348809,0.3658970734984028,0.3708832659112402,0.4411752496849495,0.373908912207972,0.3559602885631839,0.3537630848745812,0.0,0.3902047386359167,0.3355326691546453,0.2591970477329893,0.2965407739680483,0.3477743389748131,0.2979426877650236,0.3183168477534095,0.4534997113070363,0.3932272222184633,0.4155334841621064,0.0,0.0,0.0,0.0,0.4371229909071806,0.4633037982921562,0.0,0.0,0.0,0.506528875323252,0.0,0.4628356984440583,0.0,0.3935876702949397,0.0,0.3751480685208599,0.0,0.0,0.4333073625127545,0.4568992725336259,0.0,0.3946393397844573,0.0,0.4736954176659049,0.4417602065000404,0.4322922005145793,0.489417957947251,0.4064060088443388,0.4008777006875159,0.4258264774393185,0.4891565470983265,0.5103338542924376,0.4893886414841241,0.0,0.4384888427169079
0.4548267699572015,0.4411025485733885,0.4413435517717673,0.2782270921425094,0.3789772067522686,0.4417102488581518,0.3672081779834925,0.4029074775280747,0.4235616996298558,0.3888994549256856,0.3851784734478601,0.3001759648538162,0.381221558291093,0.1854294738690918,0.4714723212527374,0.4353642286241418,0.4571162346372264,0.4302560985466605,0.417658979262363,0.4881427225442443,0.4526215452048699,0.4768172248058617,0.4566397465891851,0.346828136586093,0.429410014253311,0.4368008461616053,0.4679953375915108,0.3834493956508185,0.4521847926645012,0.414587047688052,0.3902047386359167,0.0,0.3576532306866116,0.3377291327999262,0.389112664035704,0.2780294653125727,0.3215641449536248,0.2644510332628301,0.3534142139580808,0.4268789042411772,0.4191864489721268,0.3626525971946125,0.4859097708424448,0.0,0.2627407049237275,0.4789704120061571,0.484133963164303,0.5295036741161883,0.0,0.0,0.5035246056302098,0.0,0.498162487797357,0.0,0.4528528845460245,0.0,0.2538797815063474,0.510670266354992,0.0,0.4722849528179964,0.4628367237593707,0.0,0.4249210347598235,0.0,0.4791507761558241,0.4807278998273656,0.470049310948411,0.4857635470674275,0.4836361609861729,0.4373685352157834,0.469678492874346,0.4929813506696431,0.4939375862351582,0.4982243942862499,0.0,0.4594144598132809
0.3653717246080682,0.3866145092160317,0.0,0.0,0.3323772406658714,0.0,0.0,0.4792312147962604,0.0,0.3291921623198698,0.4026253274862604,0.2811623188176275,0.3527477654339144,0.0,0.4011392776532922,0.3643756056266997,0.3743041924229346,0.3587363658566614,0.0,0.4306581650100026,0.396507795913285,0.4215384095387784,0.0,0.2774473919134675,0.3317185456992677,0.3242646470744773,0.4221713409594129,0.3496763090443933,0.0,0.0,0.3355326691546453,0.3576532306866116,0.0,0.2459915892905837,0.3443071568247225,0.2770119815679731,0.2666841847134287,0.2282333117033881,0.3614100901432262,0.3460639261343602,0.4107340604978523,0.4715541446352819,0.0,0.0,0.2391061942676631,0.4072060303568609,0.4594340959462946,0.0,0.0,0.0,0.0,0.0,0.0,0.0,0.3313751731289193,0.0,0.3121371326591872,0.0,0.0,0.4462522951071284,0.4324782940542656,0.379517927654534,0.3873469630956218,0.0,0.4457320647659863,0.4372903835879901,0.4504596248943857,0.0,0.316178532614105,0.3921615823060827,0.4206095720710208,0.4069400275412586,0.0,0.4530595712310097,0.0,0.3798126656225041
0.3691831007604614,0.3442703934353288,0.4510179635761628,0.1743461611528313,0.3556601533635967,0.4436661507714039,0.3603587481902228,0.4769739343607405,0.4391891916686396,0.331842654064886,0.4155273547067789,0.2707685527471969,0.3761476008656804,0.3546586705914394,0.4279616274147413,0.3404051272255593,0.3775258537590535,0.3778279998716359,0.4383107387917026,0.4234569019305145,0.4047801414673291,0.3980748830022721,0.4721643126218295,0.2936992282842215,0.3741854599261956,0.3719326404202929,0.4613205388662972,0.369263033287036,0.3972768368692574,0.3787241679528513,0.2591970477329893,0.3377291327999262,0.2459915892905837,0.0,0.184105297045301,0.3412510920285016,0.2137256695658546,0.2424892960185349,0.3170213873009144,0.3920525889946458,0.4185704428911465,0.3834931891911955,0.0,0.0,0.2779024479510167,0.4148684982733337,0.4438324123471585,0.0,0.0,0.0,0.5070185771756311,0.0,0.48814512653118,0.0,0.3505468846702985,0.0,0.3626407977863162,0.0,0.0,0.4591645555594309,0.4330971183073179,0.0,0.4059885878041697,0.0,0.4926435977318524,0.4636507681597667,0.4320820837425391,0.5022588365282334,0.355510791894241,0.4044629765648444,0.4241168192889442,0.5044300266808464,0.5087038588071319,0.4949750297795691,0.0,0.4107697141614716
0.4276811603365518,0.4077426770978575,0.0,0.3662140614708283,0.2728749198113355,0.4271474995077534,0.227453558232559,0.0,0.418862621362323,0.3383372364436099,0.3519597033093462,0.2751098802546248,0.350289366842041,0.0,0.4517471301962976,0.3772335735426703,0.4091758857072722,0.4065988708539356,0.4081803508671844,0.4639613060897138,0.4454986495137776,0.4610778780909548,0.4547996096584639,0.2961646134599014,0.4022102822056592,0.417173213439349,0.4603499593620762,0.3535427979728987,0.4270246347143978,0.0,0.2965407739680483,0.389112664035704,0.3443071568247225,0.184105297045301,0.0,0.4385392064494474,0.3024513967376918,0.2428683915919558,0.3718823162165875,0.4219378034802267,0.3975293980458514,0.4100798283606643,0.0,0.0,0.0,0.0,0.4888737243376048,0.0,0.0,0.0,0.0,0.0,0.0,0.0,0.0,0.0,0.0,0.0,0.0,0.465912331258673,0.4612338490364286,0.0,0.4351284801981042,0.0,0.482980559962871,0.4524240489271444,0.4644133850038948,0.4578386052739308,0.0,0.4312803071941175,0.467202725565648,0.0,0.0,0.0,0.0,0.0
0.0,0.0,0.437067160544865,0.158954744589717,0.2190791376286174,0.4507303867977801,0.2733940244010749,0.250041400167271,0.4179088657786952,0.2359939511508821,0.2765496780649217,0.296132625982438,0.3278033569561957,0.1953270570705111,0.507224728968976,0.0,0.0,0.0,0.4049531698214437,0.523696043999581,0.5270971570351433,0.5386584162652828,0.4722808565942679,0.2693678079860799,0.0,0.4730598229497576,0.498118536099621,0.2880429126356916,0.4930410210257144,0.0,0.3477743389748131,0.2780294653125727,0.2770119815679731,0.3412510920285016,0.4385392064494474,0.0,0.2090822855985997,0.2524877899179157,0.4231145163543141,0.0,0.0,0.0,0.2093749485488015,0.0,0.0,0.0,0.0,0.0,0.0,0.0,0.5159769471151009,0.0,0.5091006547450387,0.0,0.0,0.0,0.0,0.0,0.0,0.0,0.0,0.0,0.0,0.0,0.0,0.0,0.0,0.5073187036292339,0.0,0.0,0.0,0.5189684578645664,0.0,0.0,0.0,0.0
0.0,0.0,0.4516037298565705,0.1634490652580001,0.227721996303842,0.4370052892879614,0.2605881690202515,0.4344557251138782,0.4183029326552674,0.212199446256389,0.3858236743489169,0.3201256365286348,0.2932065768333842,0.1538275175455545,0.0,0.0,0.0,0.0,0.4190517651507119,0.0,0.0,0.0,0.4424865500893163,0.0,0.0,0.0,0.4453151253518914,0.2508603577716612,0.0,0.0,0.2979426877650236,0.3215641449536248,0.2666841847134287,0.2137256695658546,0.3024513967376918,0.2090822855985997,0.0,0.2866811997607433,0.2905668629069266,0.0,0.0,0.0,0.0,0.0,0.0,0.0,0.0,0.0,0.0,0.0,0.0,0.0,0.0,0.0,0.0,0.0,0.0,0.0,0.0,0.0,0.0,0.0,0.0,0.0,0.0,0.0,0.0,0.0,0.0,0.0,0.0,0.0,0.0,0.0,0.0,0.0
0.0,0.0,0.0,0.0,0.355372035524086,0.0,0.3024588808861025,0.0,0.0,0.3220685536307998,0.3868412404739539,0.2511209448507165,0.3534355372004312,0.0,0.0,0.0,0.3564923670365624,0.0,0.0,0.0,0.0,0.0,0.0,0.2935975197925804,0.3597778860568996,0.3538948143276075,0.0,0.3444875255610096,0.0,0.0,0.3183168477534095,0.2644510332628301,0.2282333117033881,0.2424892960185349,0.2428683915919558,0.2524877899179157,0.2866811997607433,0.0,0.2391183359864252,0.252512780002573,0.3124778451678449,0.0,0.0,0.0,0.2205232439251066,0.0,0.0,0.0,0.0,0.0,0.0,0.0,0.0,0.0,0.3274031395209097,0.0,0.2836261118534566,0.0,0.0,0.0,0.0,0.0,0.0,0.0,0.0,0.0,0.0,0.0,0.319534786672867,0.0,0.0,0.0,0.0,0.0,0.0,0.0
0.4479724588305063,0.4659001367825869,0.0,0.0,0.0,0.4618994164772877,0.0,0.4702567420658255,0.0,0.319085951174173,0.0,0.2484463307191295,0.4840674090091807,0.0,0.4785372291991454,0.4786970425978569,0.0,0.4253454170311856,0.5277324282952921,0.4555386919965385,0.4809036327536887,0.4476819850945777,0.4886582119765856,0.4515715749431872,0.4276645532877963,0.439102752008198,0.4921880976727884,0.4667562303759203,0.4705065126169708,0.4962663135136734,0.4534997113070363,0.3534142139580808,0.3614100901432262,0.3170213873009144,0.3718823162165875,0.4231145163543141,0.2905668629069266,0.2391183359864252,0.0,0.3292380098353938,0.3366395249254931,0.3494299220646774,0.2593331406994826,0.3137811505463958,0.2496662311416577,0.4205966875239298,0.4458053725360105,0.4585609496998993,0.2309717501807642,0.3565488473753494,0.4588136715192481,0.3841789210528969,0.4394293030422649,0.4355561315106769,0.3550130138394657,0.4231337800467305,0.2784865459007768,0.3848917328015242,0.2067488851537319,0.4608133160944105,0.4308351480480503,0.4414895188024597,0.4274764730066354,0.4498595768975703,0.4727827181908976,0.4351358173405691,0.4864252686117652,0.4206318380188892,0.3618907629789025,0.41352483890773,0.4298786735416749,0.4446320514507142,0.3834272031090855,0.4642098332612701,0.4471439587103438,0.4190688028659762
0.3666178091315383,0.4315700967475911,0.0,0.0,0.0,0.0,0.0,0.0,0.0,0.3258840997557197,0.0,0.3369969981602983,0.0,0.0,0.4291232887389082,0.4226296216966124,0.3690332411302368,0.3816991892444188,0.0,0.4162288034285787,0.4091360597486899,0.4179317735727823,0.0,0.3470395065369541,0.3892084164726337,0.4090202274345278,0.0,0.0,0.0,0.0,0.3932272222184633,0.4268789042411772,0.3460639261343602,0.3920525889946458,0.4219378034802267,0.0,0.0,0.252512780002573,0.3292380098353938,0.0,0.2261909334835979,0.2896239104324428,0.3018735735942913,0.293181401476686,0.2079843244090858,0.2946905345794448,0.3621704584338291,0.0,0.0,0.4017539639358537,0.3992852674353219,0.4068040703258903,0.0,0.0,0.2905246005563419,0.440625347948168,0.2452550995232354,0.369396890658138,0.0,0.3834026874542625,0.3703024836228606,0.3322742777562573,0.322606282836928,0.0,0.3920617984919738,0.3550639254554869,0.4180905308498324,0.3657837464102944,0.235273154998663,0.3064285471795179,0.3251016996104796,0.3828904683388679,0.3563579198401145,0.4141001121982643,0.0,0.3138383207280312
0.4124804875690182,0.4482668543755099,0.0,0.0,0.0,0.0,0.0,0.0,0.0,0.3455599872635767,0.0,0.3608900836155506,0.0,0.0,0.0,0.4461139408342758,0.4230568788094184,0.4104872619745409,0.0,0.0,0.461167929817863,0.4416468512908985,0.5032614772894196,0.3768557078947905,0.4080612794959157,0.4340403187151642,0.0,0.5235808183909777,0.4958578276182807,0.0,0.4155334841621064,0.4191864489721268,0.4107340604978523,0.4185704428911465,0.3975293980458514,0.0,0.0,0.3124778451678449,0.3366395249254931,0.2261909334835979,0.0,0.3254790833429331,0.3864389512560728,0.263395885777645,0.2310522844152288,0.365024409612305,0.395183578935087,0.466260799444019,0.1599809309704884,0.3948338341172438,0.4275626588468215,0.3933463262267258,0.4377210290934616,0.4432584571574092,0.2990632306808336,0.4292251057404977,0.2708697412556936,0.3808440581438531,0.3349499388541124,0.4312786568998947,0.356987884447443,0.3677213815710996,0.3650718036521663,0.4378922489776676,0.3947788323290331,0.4131781377512539,0.3979291376237598,0.4366427929526399,0.2832048373905196,0.3546251660569782,0.3818089991042442,0.4334911915621929,0.3554757074065158,0.3945243824783999,0.3148019459749557,0.2586888795013135
0.0,0.4904576155635642,0.0,0.0,0.0,0.0,0.0,0.0,0.0,0.0,0.0,0.0,0.0,0.0,0.0,0.4834493243549971,0.0,0.44157066686096,0.0,0.0,0.5171313178480318,0.4693179393475951,0.5212684016590424,0.0,0.4375681196076594,0.4331743684607579,0.0,0.0,0.0,0.0,0.0,0.3626525971946125,0.4715541446352819,0.3834931891911955,0.4100798283606643,0.0,0.0,0.0,0.3494299220646774,0.2896239104324428,0.3254790833429331,0.0,0.4181463598670489,0.297578802725084,0.258966381030409,0.4606707807419463,0.4921075396425883,0.458514706504202,0.214083811424507,0.3073891107704218,0.4606440536412534,0.3625181843519036,0.4521446113358372,0.4463151742517682,0.3355435761395959,0.4004251276284547,0.2704108714309329,0.3815788175341123,0.0,0.4809411959062932,0.4320420345675931,0.4220085913358278,0.4152433951822959,0.425749056431791,0.467592534527718,0.4888980074975054,0.4813233584120939,0.4590193144588391,0.2943682568337971,0.4039442463985049,0.4481216336855416,0.4659596297626135,0.3456748269134355,0.4349714858524904,0.361278957249308,0.2457951894649013
0.0,0.0,0.428756321100281,0.0,0.0,0.4683886038600713,0.0,0.2791195349852007,0.4251955724995083,0.0,0.3281441325447852,0.0,0.0,0.242600111248769,0.0,0.0,0.0,0.0,0.338106382812781,0.0,0.0,0.0,0.3846595347077932,0.0,0.0,0.0,0.4456695918882877,0.0,0.0,0.0,0.0,0.4859097708424448,0.0,0.0,0.0,0.2093749485488015,0.0,0.0,0.2593331406994826,0.3018735735942913,0.3864389512560728,0.4181463598670489,0.0,0.192745166595753,0.2830506583258249,0.0,0.0,0.433866268698069,0.1773681671043454,0.2434629800810601,0.4535515258491662,0.3013563702591792,0.3196371960026812,0.4215499380247542,0.3627299487608544,0.3155286221188504,0.3304071751952535,0.3096996040966155,0.2140895807503569,0.5335364622962444,0.0,0.0,0.0,0.4149130212346605,0.5331849674958337,0.0,0.540181139034372,0.4027288887659846,0.3744502300471,0.3351303690359521,0.5251601732695631,0.4525652431933191,0.2488516016326639,0.3929251790402289,0.0,0.3525686783961421
0.0,0.0,0.0,0.0,0.0,0.0,0.0,0.0,0.0,0.0,0.0,0.0,0.0,0.0,0.0,0.0,0.0,0.0,0.0,0.0,0.0,0.0,0.0,0.0,0.0,0.0,0.0,0.0,0.0,0.0,0.0,0.0,0.0,0.0,0.0,0.0,0.0,0.0,0.3137811505463958,0.293181401476686,0.263395885777645,0.297578802725084,0.192745166595753,0.0,0.2383391521132446,0.0,0.0,0.4429422395336216,0.1641631276685395,0.246423608668023,0.4332933429876702,0.288411840064859,0.0,0.4287928969592697,0.0,0.4055932306974275,0.0,0.3031264539033702,0.1702950232171289,0.0,0.0,0.0,0.0,0.4315698874623954,0.0,0.0,0.0,0.4186105052323997,0.0,0.0,0.0,0.4367305566778943,0.2566272935646465,0.3799358179897586,0.0,0.3390355693869562
0.0,0.0,0.0,0.0,0.0,0.0,0.0,0.0,0.0,0.3036209120240739,0.0,0.2837681041657562,0.0,0.0,0.0,0.0,0.0,0.0,0.0,0.0,0.0,0.0,0.0,0.317546188141591,0.0,0.0,0.0,0.0,0.0,0.0,0.0,0.2627407049237275,0.2391061942676631,0.2779024479510167,0.0,0.0,0.0,0.2205232439251066,0.2496662311416577,0.2079843244090858,0.2310522844152288,0.258966381030409,0.2830506583258249,0.2383391521132446,0.0,0.0,0.0,0.0,0.0,0.0,0.0,0.0,0.0,0.0,0.2730697551281363,0.4089815001480999,0.2142782402647216,0.3219317895915373,0.0,0.0,0.0,0.3353718248936071,0.0,0.0,0.0,0.0,0.0,0.0,0.2326900293565422,0.3161153214795517,0.2908050201742853,0.0,0.3861323036811136,0.0,0.0,0.319451850709
0.3689815127175966,0.4436248341291305,0.0,0.0,0.0,0.0,0.0,0.0,0.0,0.0,0.0,0.0,0.0,0.0,0.0,0.4550582561411145,0.0,0.3930821273449065,0.0,0.0,0.0,0.461229503928636,0.0,0.4008258651722057,0.3921836790863213,0.3974324431958423,0.0,0.0,0.0,0.0,0.4371229909071806,0.4789704120061571,0.4072060303568609,0.4148684982733337,0.0,0.0,0.0,0.0,0.4205966875239298,0.2946905345794448,0.365024409612305,0.4606707807419463,0.0,0.0,0.0,0.0,0.3942744639290461,0.0,0.0,0.0,0.4116622540943833,0.0,0.4347022745842262,0.0,0.3190917203302951,0.0,0.0,0.4331713283218108,0.0,0.3586089891487602,0.3801430151560047,0.0,0.3280379582696368,0.0,0.3745216364340921,0.3568429104648575,0.3918277163695007,0.4141060450277266,0.3172890398579435,0.3238738880197792,0.3537219372641504,0.3904072926863966,0.4361332838204435,0.399078094551465,0.0,0.3448913956903752
