0.0,0.3333884241431212,0.0,0.0,0.0,0.3974566581941379,0.0,0.4315581484588703,0.0,0.343884349500113,0.0,0.3324092978330886,0.0,0.0,0.3785139104970763,0.3231790712105656,0.3145167622268068,0.3054986825283268,0.0,0.3873687479928897,0.3583443640440852,0.3426294296618463,0.4033940046402229,0.3280252467732239,0.2985916773539184,0.3334012166666994,0.4139859097329627,0.4085384017146702,0.3729146579690724,0.0,0.2834435584634578,0.3303814242228728,0.2608555182435486,0.2926478447274342,0.3470101629422859,0.0,0.0,0.0,0.4138897787598989,0.3852064101541879,0.3634481024334388,0.0,0.0,0.0,0.0,0.308743349658125,0.4041972200908556,0.0,0.0,0.0,0.0,0.0,0.0,0.0,0.0,0.0,0.0,0.0,0.0,0.0,0.3963257297992272,0.0,0.0,0.0,0.0,0.3814584877673356,0.4012370521737681,0.0,0.2950421440453639,0.3929874816851723,0.3850053718218785,0.0,0.0,0.0,0.0,0.0
0.3333884241431212,0.0,0.0,0.0,0.0,0.3704718988546249,0.3787390249423679,0.4137409722892455,0.3684661734450313,0.0,0.0,0.0,0.3806861947392781,0.0,0.397025416893881,0.3665704715843437,0.4052604111573424,0.3426192395511592,0.0,0.3978707451032297,0.380524166834561,0.3676517429990742,0.3859980503659487,0.0,0.3133620917340572,0.3497006576234,0.3949381559494304,0.3706457766879701,0.3857060189285172,0.0,0.3215757762890227,0.3721469485890831,0.3353059888660533,0.327557809252572,0.4002920983210754,0.0,0.0,0.0,0.4259604969004432,0.4257925471862335,0.4184178399903976,0.420386656480794,0.0,0.0,0.0,0.3943797950774203,0.427586228162326,0.0,0.0,0.0,0.4293604129508439,0.0,0.0,0.0,0.0,0.0,0.0,0.0,0.0,0.4683816843640768,0.4042882337306314,0.0,0.3987762053711723,0.0,0.4210021859398099,0.4487593917084886,0.4589811229114441,0.4540112545343983,0.0,0.3865618795571567,0.4460207069966465,0.4510241537426159,0.0,0.3985405911127989,0.0,0.4077592170169111
0.0,0.0,0.0,0.0,0.3128958140921237,0.307638378156149,0.3367617228800784,0.3503125438562974,0.2395960142460156,0.0,0.2424643778603006,0.0,0.3480132693255868,0.2695580648409086,0.0,0.0,0.0,0.0,0.2068175615331713,0.0,0.0,0.0,0.2287890608461096,0.0,0.0,0.0,0.2416523184133543,0.3507344281971942,0.0,0.0,0.3508282326933405,0.3254903666416883,0.0,0.3523665700023081,0.0,0.2961350243189161,0.3407856807178116,0.0,0.3851845505190654,0.0,0.0,0.0,0.3451436582220599,0.0,0.0,0.0,0.0,0.2737519249463774,0.0,0.4766568205660322,0.4634146035178891,0.4953003222281391,0.454668258827799,0.4344478049783092,0.0,0.2590532037980744,0.0,0.5041913016253006,0.386774678998289,0.0,0.0,0.0,0.0,0.1957028744458678,0.0,0.0,0.0,0.4568575203286366,0.0,0.0,0.0,0.4676771499615506,0.0,0.0,0.0,0.0
0.0,0.0,0.0,0.0,0.229956221410492,0.3164522369521632,0.2800154877322816,0.3431574283461654,0.3226855581092152,0.2042511830507723,0.2872239498689725,0.2584928775153052,0.284875101226432,0.2525921881694538,0.0,0.0,0.0,0.0,0.333369446687429,0.0,0.0,0.0,0.0,0.0,0.0,0.0,0.3362486118688849,0.2265536256938159,0.0,0.0,0.2523144825453183,0.2310608183430559,0.0,0.2150163866274256,0.2264636823223633,0.191567749585545,0.1751908706384534,0.2274963151860863,0.0,0.0,0.0,0.0,0.0,0.0,0.0,0.0,0.0,0.0,0.0,0.0,0.0,0.0,0.0,0.0,0.0,0.0,0.0,0.0,0.0,0.0,0.0,0.0,0.0,0.0,0.0,0.0,0.0,0.0,0.0,0.0,0.0,0.0,0.0,0.0,0.0,0.0
0.0,0.0,0.3128958140921237,0.229956221410492,0.0,0.3204426807314182,0.2974942821349052,0.3453360971516202,0.2793458527627296,0.3936854549486389,0.2803294654711966,0.0,0.3443481379314236,0.2513068040410434,0.0,0.0,0.0,0.0,0.290874954379876,0.3217524864249489,0.0,0.3484983024725909,0.3316920261385389,0.0,0.0,0.4334751437877204,0.3253763017696947,0.3511992930829584,0.3159196489785703,0.0,0.3620950819197525,0.2951214690830597,0.4530074511382256,0.3581711974885059,0.2887269758503467,0.2066126662776116,0.2004827134058235,0.3770135022212486,0.4904102652281528,0.0,0.0,0.0,0.3307235335302914,0.0,0.0,0.0,0.0,0.4373022725567701,0.0,0.5089168558286808,0.4800899752385169,0.0,0.4378111871427463,0.4489205641364298,0.0,0.3693516682983455,0.0,0.0,0.0,0.0,0.0,0.0,0.0,0.4256316144531435,0.0,0.0,0.0,0.4528820645745844,0.0,0.0,0.0,0.4717983522696459,0.0,0.0,0.0,0.0
0.3974566581941379,0.3704718988546249,0.307638378156149,0.3164522369521632,0.3204426807314182,0.0,0.337381116262812,0.3538550836351024,0.2820615992096139,0.3838211019267774,0.3128226218266862,0.0,0.3226004055964502,0.2829349829470206,0.371839385470666,0.3839458294615608,0.0,0.3601671864576113,0.3033486299835618,0.3589421269074329,0.3585566100438992,0.372417874193746,0.3556483575138526,0.0,0.3745659603541938,0.3523236964516429,0.3350167543860524,0.3068831573638182,0.2913791756333446,0.3290278719852496,0.3461528742014229,0.3385042434386903,0.3175302095806265,0.3505259094925529,0.3490329866026536,0.336070501169298,0.335790412605975,0.4043920249741911,0.409424136761814,0.0,0.4318428010651555,0.0,0.0,0.0,0.0,0.0,0.0,0.4510931399538814,0.0,0.0,0.4434175762569009,0.4718131407342606,0.4174789524071568,0.421328773721062,0.0,0.0,0.0,0.4452154638051071,0.0,0.4506407248761612,0.0,0.0,0.0,0.4480113515169694,0.4319582811527841,0.4308576115768193,0.4548689206393403,0.4560576032505422,0.0,0.0,0.4656442545872564,0.4445672558096889,0.4263628507959304,0.4198099938779751,0.4689185466645588,0.431963435806104
0.0,0.3787390249423679,0.3367617228800784,0.2800154877322816,0.2974942821349052,0.337381116262812,0.0,0.3469946263565368,0.321166352216221,0.3680050127356763,0.3439802674737879,0.3763205691697532,0.3132302304650495,0.2926988336823815,0.0,0.392895404035777,0.4280519710756085,0.4093454759450368,0.3364055910109246,0.3630403295642027,0.0,0.378808434365545,0.3542740772163696,0.0,0.3879507354245589,0.3834787672649975,0.3507895888683036,0.3501306225801816,0.3396819487283643,0.0,0.3639261719040438,0.3526703227582841,0.3722173394662022,0.3597534677507645,0.317753199238466,0.2906621669717276,0.2817816068026992,0.3621905326691392,0.4942467609982791,0.0,0.0,0.0,0.0,0.0,0.0,0.0,0.0,0.0,0.0,0.0,0.468834899819167,0.0,0.4709876185111251,0.0,0.0,0.0,0.0,0.0,0.0,0.0,0.0,0.0,0.0,0.0,0.0,0.0,0.0,0.4473573868994542,0.0,0.0,0.0,0.4532160217245471,0.0,0.0,0.0,0.0
0.4315581484588703,0.4137409722892455,0.3503125438562974,0.3431574283461654,0.3453360971516202,0.3538550836351024,0.3469946263565368,0.0,0.3665245638890493,0.0,0.2768782834663848,0.0,0.3724774201745008,0.3209874497618902,0.3548268820266608,0.4033318109674875,0.0,0.3870933629330829,0.3094689222351628,0.3907029802654346,0.3928077132341945,0.3970907071443335,0.3371782680687206,0.4324655631760144,0.36016619627294,0.4103239053826317,0.3843158868215407,0.3710734522748959,0.3300783679077011,0.3796993511071329,0.3651370766301529,0.3050082167341176,0.3265434360397116,0.3510034266486227,0.3941427527766626,0.2365572984988634,0.0,0.0,0.4461836000316497,0.0,0.3680184938594441,0.0,0.353178578642311,0.0,0.0,0.0,0.0,0.4260902426526723,0.0,0.0,0.430700610198422,0.0,0.3431109754399264,0.4071816608798294,0.0,0.4067395336188371,0.0,0.4258549963636055,0.0,0.44426904693943,0.0,0.0,0.0,0.4043785802817935,0.4483562854534376,0.3841024147451751,0.0,0.4458745220651119,0.0,0.0,0.0,0.4438543729375134,0.4191340988986414,0.427706777022486,0.0,0.0
0.0,0.3684661734450313,0.2395960142460156,0.3226855581092152,0.2793458527627296,0.2820615992096139,0.321166352216221,0.3665245638890493,0.0,0.3821689626917747,0.2654277037220065,0.3809240232209447,0.3233169390289566,0.3201667184857257,0.0,0.0,0.0,0.0,0.2324493242397053,0.3304676066119177,0.0,0.3578712462495655,0.3191211053489172,0.0,0.0,0.0,0.2776867714398327,0.3435355987495185,0.3113719335248957,0.3463898972371443,0.3251209555627792,0.3236044476697235,0.3519135648827465,0.3418948639682003,0.3487488156784936,0.3194771918941392,0.3376179591222124,0.3554012368763133,0.4016754959133397,0.0,0.0,0.0,0.3726998462356664,0.0,0.0,0.0,0.0,0.4494913886521436,0.0,0.0,0.449871550498367,0.5021373908920959,0.4162127813718964,0.4634931058255005,0.0,0.3943318375625056,0.0,0.5134953318138801,0.0,0.0,0.0,0.0,0.0,0.4383796515658993,0.0,0.0,0.0,0.4524066295387804,0.0,0.0,0.0,0.44394125764891,0.5019857477379908,0.0,0.0,0.0
0.343884349500113,0.0,0.0,0.2042511830507723,0.3936854549486389,0.3838211019267774,0.3680050127356763,0.0,0.3821689626917747,0.0,0.386202172249995,0.2698921988710694,0.3793114847683675,0.0,0.0,0.3635050072193748,0.2871625928331185,0.319078662385256,0.3949963069798948,0.0,0.0,0.0,0.0,0.2785399092774863,0.3154573121943539,0.3040187967312268,0.0,0.3551570618706488,0.0,0.0,0.3034635717335943,0.2944916903061993,0.2848957189207192,0.2725570329134287,0.2671190763537681,0.2599179864127895,0.1895441143960615,0.2456567380631597,0.3160355326615872,0.313763286316004,0.3252568035762315,0.2998814219339879,0.0,0.0,0.3045061001004415,0.4201852007863474,0.0,0.0,0.0,0.0,0.0,0.0,0.0,0.0,0.3735035217602338,0.0,0.3920075181355595,0.3747929077744274,0.0,0.0,0.0,0.3941303434369523,0.3838345371887333,0.0,0.0,0.0,0.0,0.0,0.3555640175126339,0.3815848463803094,0.3980103765600056,0.0,0.3603582951833219,0.0,0.0,0.3561191729738295
0.0,0.0,0.2424643778603006,0.2872239498689725,0.2803294654711966,0.3128226218266862,0.3439802674737879,0.2768782834663848,0.2654277037220065,0.386202172249995,0.0,0.0,0.3545536230360589,0.2394767081704391,0.0,0.0,0.0,0.0,0.2257227301417906,0.0,0.0,0.0,0.2202152091238048,0.0,0.0,0.0,0.2968537071096231,0.3546484650804144,0.0,0.0,0.3209537943791934,0.2675826430883817,0.0,0.3502437476874174,0.3225755937964094,0.2511942502358222,0.2558912629349975,0.0,0.3245048308680819,0.0,0.0,0.0,0.3380186518307159,0.0,0.0,0.0,0.0,0.3689327007049925,0.0,0.3964068536042177,0.449366766624628,0.4406426995951032,0.4188919186706672,0.4001975334465072,0.0,0.13751748004772,0.0,0.459031671529262,0.3355121572223934,0.0,0.0,0.0,0.0,0.1419473194017404,0.0,0.0,0.0,0.4483172291439674,0.0,0.0,0.0,0.449090390268933,0.4654499888640929,0.0,0.0,0.0
0.3324092978330886,0.0,0.0,0.2584928775153052,0.0,0.0,0.3763205691697532,0.0,0.3809240232209447,0.2698921988710694,0.0,0.0,0.3673060681837119,0.0,0.0,0.0,0.3422752520128284,0.0,0.0,0.0,0.4330233942569556,0.0,0.0,0.2534361365250605,0.3172665952410196,0.2729304087891188,0.0,0.32434174525065,0.0,0.0,0.31590738676047,0.2253696512124282,0.2255158198403993,0.237691404928607,0.2594022315640601,0.2302813480885797,0.2471885211373316,0.1710454158766724,0.2298680780826051,0.2987511990497615,0.3252106992826976,0.3520860005223964,0.0,0.0,0.3290550558133031,0.0,0.0,0.0,0.0,0.0,0.0,0.0,0.0,0.0,0.3721242211409157,0.0,0.3877625827962483,0.0,0.0,0.0,0.0,0.3997261145302119,0.3896331931725558,0.0,0.0,0.0,0.0,0.0,0.3234754316933801,0.3933107045395123,0.4038430175032536,0.0,0.0,0.0,0.0,0.357560235528587
0.0,0.3806861947392781,0.3480132693255868,0.284875101226432,0.3443481379314236,0.3226004055964502,0.3132302304650495,0.3724774201745008,0.3233169390289566,0.3793114847683675,0.3545536230360589,0.3673060681837119,0.0,0.3359142567655224,0.0,0.3922222476334291,0.3990020179375366,0.3829278582495199,0.3433302829398191,0.3620731282796464,0.3772384426578784,0.3838109593816121,0.3652909745291426,0.3650509064906038,0.3859377239622156,0.3727846853153931,0.3639894444680154,0.3174078991916964,0.3216155983981142,0.3369644117649945,0.3592173877072875,0.3577247729758096,0.3710105118955474,0.3613227363389114,0.3459000435114375,0.3278263360246904,0.31975672032091,0.3399790320677961,0.417634741466672,0.0,0.4799590460937622,0.0,0.0,0.0,0.0,0.0,0.0,0.0,0.0,0.0,0.4521076345318147,0.0,0.425976096536306,0.0,0.0,0.0,0.0,0.0,0.0,0.5599138205221271,0.0,0.0,0.0,0.0,0.4885258643274181,0.0,0.0,0.4483899779324537,0.0,0.0,0.0,0.4438332038233095,0.0,0.453812659076227,0.0,0.0
0.0,0.0,0.2695580648409086,0.2525921881694538,0.2513068040410434,0.2829349829470206,0.2926988336823815,0.3209874497618902,0.3201667184857257,0.0,0.2394767081704391,0.0,0.3359142567655224,0.0,0.0,0.0,0.0,0.0,0.2602330516245366,0.0,0.3981897321207091,0.0,0.3264886329489602,0.0,0.0,0.0,0.3544834355535291,0.2378008624736769,0.0,0.0,0.3171395890024958,0.2174602401345593,0.0,0.3073934471167024,0.0,0.1730502209037499,0.1604471353403197,0.0,0.2557949497489311,0.0,0.0,0.0,0.305338447434806,0.0,0.0,0.0,0.0,0.4424864136716,0.0,0.0,0.0,0.0,0.0,0.4021715607469716,0.0,0.3738373882364349,0.0,0.0,0.0,0.0,0.0,0.0,0.0,0.0,0.0,0.0,0.0,0.4425874119699858,0.0,0.0,0.0,0.4765421328750057,0.0,0.0,0.0,0.0
0.3785139104970763,0.397025416893881,0.0,0.0,0.0,0.371839385470666,0.0,0.3548268820266608,0.0,0.0,0.0,0.0,0.0,0.0,0.0,0.3769309928228967,0.0,0.3346638937519354,0.0,0.329568434409688,0.373757440586176,0.3224974316996011,0.3149570028055524,0.4065297702403234,0.3735248220410209,0.3576653547283875,0.3723428141409366,0.3350236068930285,0.3693452270092817,0.0,0.3491970161691892,0.3871750574016592,0.3590973177061798,0.3833623832029566,0.4240574602367362,0.0,0.0,0.0,0.4510435879716458,0.494966103706293,0.4514474018827289,0.4765849514801071,0.0,0.0,0.0,0.0,0.4586651214533709,0.0,0.0,0.0,0.4293920404245784,0.0,0.4069145821462657,0.0,0.0,0.0,0.0,0.0,0.0,0.4680554217208592,0.4399225831016686,0.0,0.0,0.0,0.4521942670566189,0.4489431673802334,0.4735805967167875,0.4508467140755846,0.0,0.0,0.4799475519908889,0.4622414112188316,0.0,0.4326057020965905,0.0,0.4465743172642623
0.3231790712105656,0.3665704715843437,0.0,0.0,0.0,0.3839458294615608,0.392895404035777,0.4033318109674875,0.0,0.3635050072193748,0.0,0.0,0.3922222476334291,0.0,0.3769309928228967,0.0,0.3615012409730226,0.3230068368387095,0.0,0.3809675040355522,0.3518985207598917,0.3619896488436601,0.356329699170755,0.352546269596676,0.3422302693534826,0.370427841055191,0.3932556301638334,0.3839093307495286,0.3982074756994292,0.0,0.3272713788574939,0.3751515824338853,0.3285675612345531,0.3476352602228737,0.4062292967868794,0.0,0.0,0.0,0.4151600483906185,0.3859966616211489,0.3919396163128256,0.3902114088876895,0.0,0.0,0.0,0.3799136272782493,0.4093527087864609,0.0,0.0,0.0,0.0,0.0,0.0,0.0,0.0,0.0,0.0,0.0,0.0,0.44987852980676,0.3945954002525823,0.0,0.0,0.0,0.4031801205363799,0.4427758033908404,0.425075851911211,0.5368738974585917,0.0,0.3762361312388013,0.4264834646017552,0.5076866625337719,0.0,0.0,0.0,0.0
0.3145167622268068,0.4052604111573424,0.0,0.0,0.0,0.0,0.4280519710756085,0.0,0.0,0.2871625928331185,0.0,0.3422752520128284,0.3990020179375366,0.0,0.0,0.3615012409730226,0.0,0.2913488440453663,0.0,0.3823768315653488,0.0,0.3638856782371558,0.0,0.3313433787952082,0.294375956642798,0.3291266211075088,0.0,0.3822657669526138,0.4258440343748,0.0,0.3337661561612011,0.373426876026139,0.3177405866871534,0.3450122018072153,0.3650190494126963,0.0,0.0,0.3029269081255371,0.0,0.315625851083759,0.0,0.0,0.0,0.0,0.0,0.0,0.0,0.0,0.0,0.0,0.0,0.0,0.0,0.0,0.3448985573548431,0.0,0.3762516618535383,0.0,0.0,0.0,0.0,0.3904502168793884,0.3512828426635369,0.0,0.0,0.0,0.0,0.0,0.3258432157597666,0.3428278241071696,0.3810415599370471,0.0,0.0,0.0,0.0,0.0
0.3054986825283268,0.3426192395511592,0.0,0.0,0.0,0.3601671864576113,0.4093454759450368,0.3870933629330829,0.0,0.319078662385256,0.0,0.0,0.3829278582495199,0.0,0.3346638937519354,0.3230068368387095,0.2913488440453663,0.0,0.0,0.3533083633153054,0.3214207044043495,0.3642257440653431,0.3568200522243712,0.3074864442594902,0.2990599079184481,0.3245605924463413,0.3694903599940243,0.366309178865271,0.3628866195494581,0.0,0.3249066096556222,0.3640276948808929,0.3003735213030093,0.3285351773515245,0.3619272720197045,0.0,0.0,0.0,0.3704197368054039,0.3468145008999024,0.3557630109900818,0.3906067972465971,0.0,0.0,0.0,0.3499291198984285,0.3783442146683683,0.0,0.0,0.0,0.0,0.0,0.0,0.0,0.342665788282642,0.0,0.0,0.0,0.0,0.0,0.3684863589666047,0.0,0.3390968681646557,0.0,0.0,0.0,0.3856559478594417,0.0,0.3865483310927832,0.3686673890808862,0.3829774101980953,0.0,0.0,0.0,0.0,0.0
0.0,0.0,0.2068175615331713,0.333369446687429,0.290874954379876,0.3033486299835618,0.3364055910109246,0.3094689222351628,0.2324493242397053,0.3949963069798948,0.2257227301417906,0.0,0.3433302829398191,0.2602330516245366,0.0,0.0,0.0,0.0,0.0,0.0,0.0,0.0,0.1690804170329176,0.0,0.0,0.0,0.254698749925193,0.3257456792710671,0.0,0.0,0.3459418034366835,0.2992362952851449,0.0,0.3596318122593475,0.3097903438866145,0.2863749306528986,0.0,0.0,0.0,0.0,0.0,0.0,0.3282152259143382,0.0,0.0,0.0,0.0,0.3817712042745719,0.0,0.0,0.4515895810349108,0.0,0.4016647886194678,0.408135433327239,0.0,0.1824269671566516,0.0,0.4979347351202128,0.0,0.0,0.0,0.0,0.0,0.3811471624326034,0.0,0.0,0.0,0.4469890028240393,0.0,0.0,0.0,0.4448001136372051,0.0,0.0,0.0,0.0
0.3873687479928897,0.3978707451032297,0.0,0.0,0.3217524864249489,0.3589421269074329,0.3630403295642027,0.3907029802654346,0.3304676066119177,0.0,0.0,0.0,0.3620731282796464,0.0,0.329568434409688,0.3809675040355522,0.3823768315653488,0.3533083633153054,0.0,0.0,0.3920399693052811,0.3322090617747581,0.2710049495305736,0.0,0.3942184762901224,0.3952599372153797,0.326285717664481,0.3108064984626038,0.3004992261640682,0.2422564094055845,0.3387907040701241,0.39278368372482,0.3462150649281497,0.3798691602915534,0.4261388808538373,0.445053303410247,0.4116492799505771,0.0,0.4358994195114024,0.4329884361648635,0.4402823104204665,0.4508472989974976,0.0,0.0,0.0,0.0,0.4189294024662789,0.0,0.0,0.0,0.4352240909465904,0.0,0.4481830923329329,0.0,0.0,0.0,0.0,0.4789313756257173,0.0,0.4454180105767796,0.0,0.0,0.0,0.0,0.4381594629883172,0.4307301176464699,0.448199408217666,0.4519590108822379,0.0,0.0,0.4414990291098572,0.4526174015610621,0.4452122231065408,0.4291292898872547,0.0,0.4442130457019151
0.3583443640440852,0.380524166834561,0.0,0.0,0.0,0.3585566100438992,0.0,0.3928077132341945,0.0,0.0,0.0,0.4330233942569556,0.3772384426578784,0.3981897321207091,0.373757440586176,0.3518985207598917,0.0,0.3214207044043495,0.0,0.3920399693052811,0.0,0.4098513057272377,0.3601773314799554,0.4020991343775216,0.3250715481500463,0.3719533887641715,0.3944685178449889,0.3789329449375426,0.3526213131543483,0.0,0.338213023241258,0.3717082060330611,0.3255455441512926,0.3591874634006151,0.4203429962899985,0.0,0.0,0.0,0.3870680040435779,0.0,0.0,0.0,0.0,0.0,0.0,0.3581907716384008,0.4260031045885888,0.0,0.0,0.0,0.3940483728645346,0.0,0.3389140612317466,0.0,0.0,0.0,0.0,0.0,0.0,0.4334902703323313,0.0,0.0,0.0,0.0,0.4181630399269992,0.3742208048466794,0.4530917209822206,0.4069771143568066,0.0,0.0,0.448160895704223,0.4237049093321703,0.0,0.3414114492032945,0.0,0.0
0.3426294296618463,0.3676517429990742,0.0,0.0,0.3484983024725909,0.372417874193746,0.378808434365545,0.3970907071443335,0.3578712462495655,0.0,0.0,0.0,0.3838109593816121,0.0,0.3224974316996011,0.3619896488436601,0.3638856782371558,0.3642257440653431,0.0,0.3322090617747581,0.4098513057272377,0.0,0.3663468853537279,0.0,0.3507351454714061,0.3673493708404732,0.3915759535293565,0.3640198716376166,0.3627476526547509,0.2701574973480045,0.3262944409175335,0.3862856296429261,0.3545091771070527,0.3667465140903804,0.4281863933872694,0.4539285797626632,0.4026255786189513,0.0,0.4372514587051233,0.4377642599965858,0.4333740804407578,0.4395684528861312,0.0,0.0,0.0,0.4130452093013089,0.4329792544014931,0.0,0.0,0.0,0.426791357099832,0.0,0.0,0.0,0.0,0.0,0.0,0.0,0.0,0.4704880117289767,0.4147760247485332,0.0,0.4460887516465218,0.0,0.4468252735430041,0.4573031598582297,0.4546122090604172,0.4508500544950619,0.0,0.4118004213778197,0.4666436594617958,0.4501994809998322,0.0,0.4202150896090146,0.0,0.4223460060479037
0.4033940046402229,0.3859980503659487,0.2287890608461096,0.0,0.3316920261385389,0.3556483575138526,0.3542740772163696,0.3371782680687206,0.3191211053489172,0.0,0.2202152091238048,0.0,0.3652909745291426,0.3264886329489602,0.3149570028055524,0.356329699170755,0.0,0.3568200522243712,0.1690804170329176,0.2710049495305736,0.3601773314799554,0.3663468853537279,0.0,0.4214050990994472,0.3542966871239699,0.409657213653093,0.3139566917910639,0.365553198215228,0.3471165909790264,0.3679924680522849,0.3693546664602264,0.3645538693149291,0.3337160101703723,0.377238282498049,0.4006857459834387,0.3378304557154249,0.3664059642689209,0.0,0.442058843738065,0.4175721954185855,0.4375850575730519,0.4450571259131993,0.4105255335930485,0.0,0.0,0.0,0.4469523718874778,0.4171739542437355,0.0,0.4842100097574431,0.4640657282215364,0.4476798999714137,0.4406174773905384,0.4163641843559084,0.0,0.3528654244134917,0.0,0.4419549725693271,0.4445597335097598,0.450916156468833,0.0,0.0,0.0,0.4144273159724462,0.448458716145896,0.4265616997743657,0.4513492504727806,0.4767424123254676,0.0,0.0,0.4443151004620053,0.4704743800547917,0.4401532283717834,0.440430514493189,0.4437988205835314,0.449027250083232
0.3280252467732239,0.0,0.0,0.0,0.0,0.0,0.0,0.4324655631760144,0.0,0.2785399092774863,0.0,0.2534361365250605,0.3650509064906038,0.0,0.4065297702403234,0.352546269596676,0.3313433787952082,0.3074864442594902,0.0,0.0,0.4020991343775216,0.0,0.4214050990994472,0.0,0.3243142379647585,0.2867831587837136,0.4643167604398182,0.3541750121940782,0.0,0.0,0.3131210264331755,0.3008214620849327,0.2323712665014997,0.2519810315688346,0.3310183779520986,0.0,0.0,0.2249650996357514,0.3749951362794305,0.3170554772931896,0.3360453035679231,0.0,0.0,0.0,0.0,0.3447352447302371,0.0,0.0,0.0,0.0,0.0,0.0,0.0,0.0,0.3778496512404599,0.0,0.3715690991195773,0.0,0.0,0.0,0.3904371099071878,0.4064067492868854,0.4002764110312767,0.0,0.0,0.0,0.0,0.0,0.3591557445817019,0.3893784806499574,0.3989334898500412,0.0,0.0,0.0,0.0,0.3309750549808183
0.2985916773539184,0.3133620917340572,0.0,0.0,0.0,0.3745659603541938,0.3879507354245589,0.36016619627294,0.0,0.3154573121943539,0.0,0.3172665952410196,0.3859377239622156,0.0,0.3735248220410209,0.3422302693534826,0.294375956642798,0.2990599079184481,0.0,0.3942184762901224,0.3250715481500463,0.3507351454714061,0.3542966871239699,0.3243142379647585,0.0,0.3060248450131178,0.4027811543478631,0.3670236530058217,0.3816373237195642,0.0,0.3250779406734408,0.3388190383242768,0.2802845833322594,0.3090023207830858,0.3456033076274993,0.0,0.0,0.2933401527909776,0.3674112247695852,0.3506359944243017,0.3544934167221951,0.3616811844777128,0.0,0.0,0.0,0.3468596140073258,0.3722460651432668,0.0,0.0,0.0,0.0,0.0,0.0,0.0,0.3615721113012148,0.0,0.3852784857490838,0.0,0.0,0.457055365531965,0.3698130977445245,0.3797157067497725,0.3684123249750181,0.0,0.3914483110824494,0.4327470315197291,0.4195028864715951,0.5066190504386769,0.3770510618560195,0.3679327918478687,0.3891700527037343,0.0,0.0,0.0,0.0,0.3618465580214958
0.3334012166666994,0.3497006576234,0.0,0.0,0.4334751437877204,0.3523236964516429,0.3834787672649975,0.4103239053826317,0.0,0.3040187967312268,0.0,0.2729304087891188,0.3727846853153931,0.0,0.3576653547283875,0.370427841055191,0.3291266211075088,0.3245605924463413,0.0,0.3952599372153797,0.3719533887641715,0.3673493708404732,0.409657213653093,0.2867831587837136,0.3060248450131178,0.0,0.4249088935846444,0.3613821934127662,0.3581453045449775,0.0,0.3273603136267416,0.3623064591695374,0.3021255533641736,0.3217693355751608,0.3661856002330645,0.0,0.0,0.2837324475751988,0.4218632452186874,0.3668279215294407,0.4012552606718295,0.4051338392858054,0.0,0.0,0.0,0.3963128671872992,0.4254324936540328,0.0,0.0,0.0,0.4474282578237669,0.0,0.0,0.0,0.3792290612477244,0.0,0.3951241052555379,0.0,0.0,0.4808988801237317,0.3995254142695374,0.4026957440524285,0.3824690496459059,0.0,0.4422772610827262,0.4681943831826645,0.4603857652880883,0.4549252626080224,0.3863218638440592,0.3848470495193297,0.4231645562624618,0.4582387362595687,0.0,0.4293374983457478,0.0,0.3794882240274417
0.4139859097329627,0.3949381559494304,0.2416523184133543,0.3362486118688849,0.3253763017696947,0.3350167543860524,0.3507895888683036,0.3843158868215407,0.2776867714398327,0.0,0.2968537071096231,0.0,0.3639894444680154,0.3544834355535291,0.3723428141409366,0.3932556301638334,0.0,0.3694903599940243,0.254698749925193,0.326285717664481,0.3944685178449889,0.3915759535293565,0.3139566917910639,0.4643167604398182,0.4027811543478631,0.4249088935846444,0.0,0.3630559900397681,0.3345419862963361,0.3730690442968217,0.3726513304093792,0.3788069775472114,0.3496195421526832,0.3868835709868019,0.4142718574969221,0.3739638232694438,0.3687999607375453,0.0,0.4416629544777772,0.4560388468176187,0.4480427246185063,0.4582242088325087,0.4265690947341053,0.0,0.0,0.0,0.4760280434924382,0.4620309764175468,0.0,0.5040465736447416,0.4565484714042511,0.4637977706403865,0.4515813855123321,0.4468512578251031,0.0,0.4380332198206669,0.0,0.4437009040395346,0.4071805108554097,0.4501996786549748,0.0,0.0,0.0,0.463661602864632,0.4495598534135367,0.4389032443624027,0.4524206791825896,0.4721995765876949,0.0,0.0,0.4597944918773417,0.4635715559759048,0.4423984901183953,0.4451302025935041,0.4683074290133888,0.4489230815066486
0.4085384017146702,0.3706457766879701,0.3507344281971942,0.2265536256938159,0.3511992930829584,0.3068831573638182,0.3501306225801816,0.3710734522748959,0.3435355987495185,0.3551570618706488,0.3546484650804144,0.32434174525065,0.3174078991916964,0.2378008624736769,0.3350236068930285,0.3839093307495286,0.3822657669526138,0.366309178865271,0.3257456792710671,0.3108064984626038,0.3789329449375426,0.3640198716376166,0.365553198215228,0.3541750121940782,0.3670236530058217,0.3613821934127662,0.3630559900397681,0.0,0.2620466028742467,0.2818838040603693,0.3296393699794391,0.3440114351738312,0.3218590757223033,0.3108100982711284,0.3028099300188369,0.2558094140999207,0.238893005158092,0.2942516468409337,0.3787724197358916,0.0,0.4491882496585803,0.0,0.0,0.0,0.0,0.0,0.0,0.0,0.0,0.0,0.4292367809783795,0.0,0.4230424073354058,0.0,0.0,0.0,0.0,0.4839152009042812,0.0,0.4619452202029374,0.0,0.0,0.0,0.0,0.4388090316380759,0.4374027925871768,0.5212062095402271,0.4465563236608632,0.0,0.0,0.0,0.4421807526242505,0.4489556623511914,0.4297534384892665,0.0,0.4621668121847253
0.3729146579690724,0.3857060189285172,0.0,0.0,0.3159196489785703,0.2913791756333446,0.3396819487283643,0.3300783679077011,0.3113719335248957,0.0,0.0,0.0,0.3216155983981142,0.0,0.3693452270092817,0.3982074756994292,0.4258440343748,0.3628866195494581,0.0,0.3004992261640682,0.3526213131543483,0.3627476526547509,0.3471165909790264,0.0,0.3816373237195642,0.3581453045449775,0.3345419862963361,0.2620466028742467,0.0,0.3091481473308402,0.3203006975963986,0.3632439022389711,0.3286544095731195,0.3468965586513903,0.3852616258440654,0.4098955454650577,0.3820712186158796,0.0,0.4315148795565637,0.0,0.4438843955294265,0.0,0.0,0.0,0.0,0.0,0.4399268431312536,0.0,0.0,0.0,0.4248796455229929,0.0,0.4131513675861638,0.0,0.0,0.0,0.0,0.4655018991385917,0.0,0.4298599059389386,0.0,0.0,0.0,0.0,0.424050032640387,0.4070957097578087,0.434364660426926,0.4339179405226133,0.0,0.0,0.441788000096755,0.4326860119753575,0.4343157735450843,0.4233243917616523,0.0,0.4344128804931005
0.0,0.0,0.0,0.0,0.0,0.3290278719852496,0.0,0.3796993511071329,0.3463898972371443,0.0,0.0,0.0,0.3369644117649945,0.0,0.0,0.0,0.0,0.0,0.0,0.2422564094055845,0.0,0.2701574973480045,0.3679924680522849,0.0,0.0,0.0,0.3730690442968217,0.2818838040603693,0.3091481473308402,0.0,0.2970580754676393,0.3437487943677286,0.0,0.3022033377959221,0.3527025309495548,0.0,0.0,0.0,0.0,0.0,0.0,0.0,0.0,0.0,0.0,0.0,0.0,0.0,0.0,0.0,0.0,0.0,0.0,0.0,0.0,0.0,0.0,0.0,0.0,0.0,0.0,0.0,0.0,0.0,0.4851619192875879,0.0,0.0,0.4541199474488985,0.0,0.0,0.0,0.455916871673435,0.0,0.0,0.0,0.0
0.2834435584634578,0.3215757762890227,0.3508282326933405,0.2523144825453183,0.3620950819197525,0.3461528742014229,0.3639261719040438,0.3651370766301529,0.3251209555627792,0.3034635717335943,0.3209537943791934,0.31590738676047,0.3592173877072875,0.3171395890024958,0.3491970161691892,0.3272713788574939,0.3337661561612011,0.3249066096556222,0.3459418034366835,0.3387907040701241,0.338213023241258,0.3262944409175335,0.3693546664602264,0.3131210264331755,0.3250779406734408,0.3273603136267416,0.3726513304093792,0.3296393699794391,0.3203006975963986,0.2970580754676393,0.0,0.3280708344450468,0.2775453934086877,0.2553587919229517,0.271367107122694,0.3008165756916843,0.2934080695560133,0.253849903983662,0.406793790820534,0.2233416853379803,0.3794153184279688,0.0,0.0,0.0,0.0,0.0,0.3787097071739349,0.0,0.0,0.0,0.4438666597534986,0.0,0.4135880665605352,0.0,0.3427006415996435,0.0,0.3480412998751354,0.0,0.0,0.4436323316566613,0.3540914843837131,0.0,0.0,0.0,0.4297007423944042,0.3912341113242203,0.4112095496059557,0.4447047931480664,0.2846890748193152,0.3726300947921824,0.4059319522680019,0.4380281934553047,0.0,0.4325342112695335,0.0,0.4647764112846556
0.3303814242228728,0.3721469485890831,0.3254903666416883,0.2310608183430559,0.2951214690830597,0.3385042434386903,0.3526703227582841,0.3050082167341176,0.3236044476697235,0.2944916903061993,0.2675826430883817,0.2253696512124282,0.3577247729758096,0.2174602401345593,0.3871750574016592,0.3751515824338853,0.373426876026139,0.3640276948808929,0.2992362952851449,0.39278368372482,0.3717082060330611,0.3862856296429261,0.3645538693149291,0.3008214620849327,0.3388190383242768,0.3623064591695374,0.3788069775472114,0.3440114351738312,0.3632439022389711,0.3437487943677286,0.3280708344450468,0.0,0.2909112406845249,0.3224539805091561,0.2882537647876626,0.2395840711397449,0.2563109431140423,0.212734677279388,0.2166607131456919,0.2313280279926831,0.220422584126346,0.2620158829977937,0.242722883453587,0.2224817462160391,0.1848148790137965,0.3931765022298252,0.4093400872912268,0.4341659963947303,0.0,0.0,0.3801253951084656,0.4110463307887954,0.3814962618391958,0.4287069047166098,0.0,0.3718222495502845,0.2071338188276865,0.3985244964864931,0.0,0.4485981353983218,0.3946713098618727,0.0,0.0,0.4501754036438194,0.428898527427502,0.4247233135987316,0.4412661227978225,0.4294523014052835,0.1967762138128197,0.3866964314473791,0.4289157013056039,0.4248851146232079,0.3390186572324023,0.4035669900180778,0.0,0.3868084115276076
0.2608555182435486,0.3353059888660533,0.0,0.0,0.4530074511382256,0.3175302095806265,0.3722173394662022,0.3265434360397116,0.3519135648827465,0.2848957189207192,0.0,0.2255158198403993,0.3710105118955474,0.0,0.3590973177061798,0.3285675612345531,0.3177405866871534,0.3003735213030093,0.0,0.3462150649281497,0.3255455441512926,0.3545091771070527,0.3337160101703723,0.2323712665014997,0.2802845833322594,0.3021255533641736,0.3496195421526832,0.3218590757223033,0.3286544095731195,0.0,0.2775453934086877,0.2909112406845249,0.0,0.2118824194806261,0.3384818991688298,0.2379281884448096,0.2217265086077767,0.1683309016172559,0.2210241976277174,0.1858330101612189,0.2010248301793122,0.2288931899029181,0.0,0.0,0.1822868150826948,0.3315849354732248,0.3888947755665711,0.0,0.0,0.0,0.0,0.0,0.0,0.0,0.2647168869204163,0.0,0.2370281077275225,0.0,0.0,0.4438342855471834,0.3689805323900824,0.0,0.3448392286983008,0.0,0.4218136171566188,0.4120063228750246,0.4230799533430118,0.4053746657531449,0.1992210636191298,0.3608547360352412,0.3923159516829681,0.3991274323274314,0.0,0.0,0.0,0.2862960447565986
0.2926478447274342,0.327557809252572,0.3523665700023081,0.2150163866274256,0.3581711974885059,0.3505259094925529,0.3597534677507645,0.3510034266486227,0.3418948639682003,0.2725570329134287,0.3502437476874174,0.237691404928607,0.3613227363389114,0.3073934471167024,0.3833623832029566,0.3476352602228737,0.3450122018072153,0.3285351773515245,0.3596318122593475,0.3798691602915534,0.3591874634006151,0.3667465140903804,0.377238282498049,0.2519810315688346,0.3090023207830858,0.3217693355751608,0.3868835709868019,0.3108100982711284,0.3468965586513903,0.3022033377959221,0.2553587919229517,0.3224539805091561,0.2118824194806261,0.0,0.2552505369252587,0.2811414006229048,0.2284174645257755,0.1562301454668231,0.2925167907804292,0.2085086911144216,0.2296403085307627,0.2040344722919367,0.0,0.0,0.1905772963686803,0.3383445977565483,0.3926393291109881,0.0,0.0,0.0,0.4261002744414741,0.0,0.4179270225477912,0.0,0.3054856064896439,0.0,0.3149239574265365,0.0,0.0,0.4573580912029145,0.3805729463960744,0.0,0.3555622294699191,0.0,0.4276834663500204,0.4272569082953382,0.4330853299054022,0.434289493782686,0.3027670996062077,0.3666379365801208,0.4186889493500477,0.4328480985651522,0.0,0.4296408404013658,0.0,0.0
0.3470101629422859,0.4002920983210754,0.0,0.2264636823223633,0.2887269758503467,0.3490329866026536,0.317753199238466,0.3941427527766626,0.3487488156784936,0.2671190763537681,0.3225755937964094,0.2594022315640601,0.3459000435114375,0.0,0.4240574602367362,0.4062292967868794,0.3650190494126963,0.3619272720197045,0.3097903438866145,0.4261388808538373,0.4203429962899985,0.4281863933872694,0.4006857459834387,0.3310183779520986,0.3456033076274993,0.3661856002330645,0.4142718574969221,0.3028099300188369,0.3852616258440654,0.3527025309495548,0.271367107122694,0.2882537647876626,0.3384818991688298,0.2552505369252587,0.0,0.31606148206232,0.2472836088886923,0.1766440148595912,0.2801646067223675,0.2571437409077443,0.284882555978038,0.3052086178418469,0.2846315734146021,0.2795311779631884,0.2686282913662749,0.0,0.417349220474941,0.0,0.0,0.0,0.4837221153494848,0.0,0.0,0.0,0.0,0.0,0.2297090465434398,0.0,0.0,0.4753676283585382,0.0,0.0,0.0,0.0,0.4487911009342231,0.0,0.4695082856360192,0.4535961564063122,0.0,0.3939569194124449,0.4601847341851263,0.454096505516978,0.3251370601039416,0.0,0.0,0.0
0.0,0.0,0.2961350243189161,0.191567749585545,0.2066126662776116,0.336070501169298,0.2906621669717276,0.2365572984988634,0.3194771918941392,0.2599179864127895,0.2511942502358222,0.2302813480885797,0.3278263360246904,0.1730502209037499,0.0,0.0,0.0,0.0,0.2863749306528986,0.445053303410247,0.0,0.4539285797626632,0.3378304557154249,0.0,0.0,0.0,0.3739638232694438,0.2558094140999207,0.4098955454650577,0.0,0.3008165756916843,0.2395840711397449,0.2379281884448096,0.2811414006229048,0.31606148206232,0.0,0.1646229733244285,0.2364372706266275,0.2359658335272768,0.1896352177723918,0.2356988861423586,0.2338510067996746,0.2599788895870046,0.0,0.2289955895941216,0.0,0.0,0.4045435917666531,0.0,0.3966698598586389,0.3916876362546972,0.0,0.3791773470897397,0.3733576091663557,0.0,0.3340860940490388,0.0,0.4686018111815056,0.0,0.0,0.0,0.0,0.0,0.3694797646373928,0.4386511194877899,0.0,0.3423291145494039,0.3975629681010578,0.0,0.0,0.0,0.4009574062242267,0.3840559179265576,0.4012090455664662,0.0,0.0
0.0,0.0,0.3407856807178116,0.1751908706384534,0.2004827134058235,0.335790412605975,0.2817816068026992,0.0,0.3376179591222124,0.1895441143960615,0.2558912629349975,0.2471885211373316,0.31975672032091,0.1604471353403197,0.0,0.0,0.0,0.0,0.0,0.4116492799505771,0.0,0.4026255786189513,0.3664059642689209,0.0,0.0,0.0,0.3687999607375453,0.238893005158092,0.3820712186158796,0.0,0.2934080695560133,0.2563109431140423,0.2217265086077767,0.2284174645257755,0.2472836088886923,0.1646229733244285,0.0,0.2179684790243877,0.2360340438665225,0.0,0.2045026497761133,0.2724185854240197,0.2377630894584411,0.0,0.0,0.0,0.0,0.0,0.0,0.0,0.0,0.0,0.0,0.0,0.0,0.0,0.0,0.0,0.0,0.0,0.0,0.0,0.0,0.0,0.0,0.0,0.0,0.5151014373884155,0.0,0.0,0.0,0.0,0.0,0.0,0.0,0.0
0.0,0.0,0.0,0.2274963151860863,0.3770135022212486,0.4043920249741911,0.3621905326691392,0.0,0.3554012368763133,0.2456567380631597,0.0,0.1710454158766724,0.3399790320677961,0.0,0.0,0.0,0.3029269081255371,0.0,0.0,0.0,0.0,0.0,0.0,0.2249650996357514,0.2933401527909776,0.2837324475751988,0.0,0.2942516468409337,0.0,0.0,0.253849903983662,0.212734677279388,0.1683309016172559,0.1562301454668231,0.1766440148595912,0.2364372706266275,0.2179684790243877,0.0,0.2175346106461629,0.2045401192949407,0.1859866354011473,0.2149728049070274,0.0,0.0,0.186832052533942,0.0,0.0,0.0,0.0,0.0,0.0,0.0,0.0,0.0,0.287138697672637,0.0,0.2326259176925978,0.0,0.0,0.0,0.0,0.0,0.0,0.0,0.0,0.0,0.0,0.0,0.2193959698982724,0.0,0.279757533023263,0.0,0.0,0.0,0.0,0.0
0.4138897787598989,0.4259604969004432,0.3851845505190654,0.0,0.4904102652281528,0.409424136761814,0.4942467609982791,0.4461836000316497,0.4016754959133397,0.3160355326615872,0.3245048308680819,0.2298680780826051,0.417634741466672,0.2557949497489311,0.4510435879716458,0.4151600483906185,0.0,0.3704197368054039,0.0,0.4358994195114024,0.3870680040435779,0.4372514587051233,0.442058843738065,0.3749951362794305,0.3674112247695852,0.4218632452186874,0.4416629544777772,0.3787724197358916,0.4315148795565637,0.0,0.406793790820534,0.2166607131456919,0.2210241976277174,0.2925167907804292,0.2801646067223675,0.2359658335272768,0.2360340438665225,0.2175346106461629,0.0,0.2859605856597954,0.3250338021791981,0.3067376689403884,0.212100604103535,0.2320504811791199,0.2061674206710753,0.3665572912928345,0.3610497517976144,0.3054237468765338,0.2077666249406057,0.2673044565216241,0.290057991417519,0.3007066679856698,0.3178647409199142,0.2820224101424531,0.2870854317406985,0.2508161281071412,0.2188749953199124,0.3220766632587129,0.2221817675412914,0.3685680246192948,0.3880870441062453,0.3587412134073183,0.3672799954750285,0.2814319807371852,0.3797724032862174,0.3368136747060596,0.3781609630631828,0.3420760512232802,0.2198461144177227,0.3459660023338338,0.3618118034634705,0.3575319353266337,0.3092768823142053,0.3347808457776957,0.3202755620046567,0.329654523104009
0.3852064101541879,0.4257925471862335,0.0,0.0,0.0,0.0,0.0,0.0,0.0,0.313763286316004,0.0,0.2987511990497615,0.0,0.0,0.494966103706293,0.3859966616211489,0.315625851083759,0.3468145008999024,0.0,0.4329884361648635,0.0,0.4377642599965858,0.4175721954185855,0.3170554772931896,0.3506359944243017,0.3668279215294407,0.4560388468176187,0.0,0.0,0.0,0.2233416853379803,0.2313280279926831,0.1858330101612189,0.2085086911144216,0.2571437409077443,0.1896352177723918,0.0,0.2045401192949407,0.2859605856597954,0.0,0.2185994284651352,0.3116920839146894,0.2953317298517602,0.1950477298621191,0.1699211785489701,0.2918780125535782,0.3067331719192023,0.0,0.0,0.3157387440955286,0.2802855246431557,0.3123753540535907,0.3546305313973557,0.3394942868909548,0.2495260383257861,0.0,0.2099503617370089,0.313000790859698,0.0,0.3430707083076658,0.3107761460725019,0.285931263035009,0.2758985982474184,0.0,0.3097460768586745,0.3156972033315957,0.325083302275217,0.3264213439033519,0.2421913514533027,0.2545414864863922,0.2869909358810534,0.3327668691946994,0.2871385129243576,0.2560787482424261,0.2849913132364289,0.2743567926531369
0.3634481024334388,0.4184178399903976,0.0,0.0,0.0,0.4318428010651555,0.0,0.3680184938594441,0.0,0.3252568035762315,0.0,0.3252106992826976,0.4799590460937622,0.0,0.4514474018827289,0.3919396163128256,0.0,0.3557630109900818,0.0,0.4402823104204665,0.0,0.4333740804407578,0.4375850575730519,0.3360453035679231,0.3544934167221951,0.4012552606718295,0.4480427246185063,0.4491882496585803,0.4438843955294265,0.0,0.3794153184279688,0.220422584126346,0.2010248301793122,0.2296403085307627,0.284882555978038,0.2356988861423586,0.2045026497761133,0.1859866354011473,0.3250338021791981,0.2185994284651352,0.0,0.2913495365820039,0.2846691612122637,0.2062937834995581,0.1764420519608072,0.3041757875644998,0.3254717728811905,0.3178741429757112,0.1997459309736496,0.3267578947381464,0.3324959814969011,0.2883874921179633,0.3328759877684488,0.320430403918853,0.2706530393084232,0.3325233079071298,0.2049967663885978,0.3193330024940078,0.1979489827847261,0.3664939004442685,0.3317477939978745,0.3056586215238346,0.3160903963240741,0.2913715787363932,0.3626411603161958,0.3537632670302783,0.3601521174743331,0.3573046134077181,0.2533869863457071,0.2879320174258741,0.308641999777894,0.3629699296104958,0.2819515698054667,0.3359136740905945,0.2777334263573988,0.2261451116475254
0.0,0.420386656480794,0.0,0.0,0.0,0.0,0.0,0.0,0.0,0.2998814219339879,0.0,0.3520860005223964,0.0,0.0,0.4765849514801071,0.3902114088876895,0.0,0.3906067972465971,0.0,0.4508472989974976,0.0,0.4395684528861312,0.4450571259131993,0.0,0.3616811844777128,0.4051338392858054,0.4582242088325087,0.0,0.0,0.0,0.0,0.2620158829977937,0.2288931899029181,0.2040344722919367,0.3052086178418469,0.2338510067996746,0.2724185854240197,0.2149728049070274,0.3067376689403884,0.3116920839146894,0.2913495365820039,0.0,0.2909149848349464,0.2331569520702094,0.2283764704108293,0.0,0.3371238486270963,0.352514566983529,0.1979465201660135,0.0,0.3155585549958206,0.2718571326597628,0.0,0.3220700946629531,0.2787383546182493,0.3463397936099551,0.205908431534964,0.3249795838315823,0.0,0.398159581941256,0.3645347613346817,0.2756451920360681,0.3323246402932844,0.2889219864298698,0.3991386835963323,0.4041691591703113,0.4005035339411243,0.3592311179943774,0.1894393118469167,0.3115779831117827,0.3440457922613377,0.370612958808936,0.2428201088702235,0.3667765932794409,0.2767436967657973,0.2011233072401709
