0.0,0.2572009006190523,0.0,0.0,0.0,0.2892267106511288,0.0,0.3445176227662493,0.0,0.2598301976795379,0.0,0.2727639943212068,0.0,0.0,0.3134805120564862,0.2521252774229353,0.2461108945951836,0.2350566682646286,0.0,0.3179011491872181,0.2947942459419651,0.2761925312755366,0.3354564379808141,0.2892015162032798,0.2312893723557042,0.2712596492621616,0.3922503325179616,0.2893009856146479,0.2590931630388676,0.0,0.2433546441976203,0.2657736222779226,0.2076040971292536,0.2146662733370034,0.2560593725115007,0.0,0.0,0.0,0.3236198278776586,0.2964858472374885,0.2826230340008243,0.0,0.0,0.0,0.0,0.2650637075759295,0.3154910037554747,0.0,0.0,0.0,0.0,0.0,0.0,0.0,0.0,0.0,0.0,0.0,0.0,0.0,0.3050844816153413,0.0,0.0,0.0,0.0,0.3112889844146478,0.317259803276936,0.0,0.3240073537502196,0.304439062215266,0.3008149125425457,0.0,0.0,0.0,0.0,0.0
0.2572009006190523,0.0,0.0,0.0,0.0,0.2938861541309742,0.2926666698322373,0.3144749096107588,0.2750279711111339,0.0,0.0,0.0,0.3054247593419269,0.0,0.3169692998944,0.2945452559892644,0.0,0.2747084346473771,0.0,0.3204919201769418,0.2957404452648661,0.290621321610552,0.308765879748814,0.0,0.2483925895218647,0.2800749228129082,0.3173084640931288,0.292940899391275,0.3075144984124492,0.0,0.2616678162582128,0.2912129155747696,0.2667900607697422,0.2597124576792138,0.3178584599625447,0.0,0.0,0.0,0.3246381706356818,0.3167061695579132,0.3094269444028318,0.3214270715019496,0.0,0.0,0.0,0.3100815312404296,0.3240100373269652,0.0,0.0,0.0,0.0,0.0,0.0,0.0,0.0,0.0,0.0,0.0,0.0,0.3725613934741002,0.3063595449401297,0.0,0.2994965177539716,0.0,0.3258597256334395,0.3564663314386347,0.3363507023175752,0.3490106903496283,0.0,0.2785873569486322,0.3478095620945199,0.3411321939488393,0.0,0.2866380960008198,0.0,0.3139601899789973
0.0,0.0,0.0,0.0,0.2441908622234978,0.2555879638953411,0.2512342439724564,0.2936237752755696,0.1966814459018791,0.0,0.2039477144463308,0.0,0.2615315538943402,0.2559026798469081,0.0,0.0,0.0,0.0,0.1877728128514486,0.0,0.0,0.0,0.1972722507319626,0.0,0.0,0.0,0.2033047593630993,0.2623156158339842,0.0,0.0,0.2627479199604197,0.2128157252984795,0.0,0.2342245923490502,0.0,0.2095922627513231,0.2050208868344755,0.0,0.2250880200354214,0.0,0.0,0.0,0.282754966896558,0.0,0.0,0.0,0.0,0.2565410311338068,0.0,0.3235899453919288,0.3666994417017901,0.0,0.3476260314901833,0.3622748019918216,0.0,0.2344960323805143,0.0,0.0,0.3211107768374716,0.0,0.0,0.0,0.0,0.2061587559950805,0.0,0.0,0.0,0.3793964435569635,0.0,0.0,0.0,0.3706087744738426,0.0,0.0,0.0,0.0
0.0,0.0,0.0,0.0,0.1698165580716363,0.2340689758467659,0.2188655660688184,0.2555786264535953,0.214452469337396,0.1512422791753489,0.2130071389603627,0.0,0.2088185374603444,0.1618648387026598,0.0,0.0,0.0,0.0,0.225131355339629,0.0,0.0,0.0,0.0,0.0,0.0,0.0,0.2402553570517692,0.1659931100995792,0.0,0.0,0.0,0.1860565599138493,0.0,0.1557554892566266,0.1724132530590402,0.1215844992783682,0.1258094155646431,0.0,0.0,0.0,0.0,0.0,0.0,0.0,0.0,0.0,0.0,0.0,0.0,0.0,0.0,0.0,0.0,0.0,0.0,0.0,0.0,0.0,0.0,0.0,0.0,0.0,0.0,0.0,0.0,0.0,0.0,0.0,0.0,0.0,0.0,0.0,0.0,0.0,0.0,0.0
0.0,0.0,0.2441908622234978,0.1698165580716363,0.0,0.2627785014981459,0.2470072056598536,0.2727383587592648,0.2364140668490094,0.3078521031350955,0.2295585875479213,0.0,0.2795242759646393,0.1879001914423784,0.0,0.0,0.0,0.0,0.2424235845932963,0.2854999847673655,0.0,0.2887482915663459,0.2701319855706402,0.0,0.0,0.0,0.2668680733348276,0.2700098672255864,0.2521062789351453,0.0,0.2923169029698292,0.2451208472385057,0.320691553397547,0.2845948045594911,0.2648792712501256,0.1499850146282766,0.1290491192686821,0.2466951607787543,0.0,0.0,0.0,0.0,0.231727465789706,0.0,0.0,0.0,0.0,0.2771196926365896,0.0,0.0,0.0,0.0,0.3180989676406405,0.2462161979346969,0.0,0.2515343227144607,0.0,0.0,0.0,0.0,0.0,0.0,0.0,0.0,0.0,0.0,0.0,0.3473135991845634,0.0,0.0,0.0,0.3163974708786491,0.0,0.0,0.0,0.0
0.2892267106511288,0.2938861541309742,0.2555879638953411,0.2340689758467659,0.2627785014981459,0.0,0.2701164436119426,0.2782629027995342,0.2281148899393204,0.2927367617383482,0.2489448771582421,0.0,0.2583560172064815,0.2545422050514648,0.2967985601537652,0.3037906758624857,0.0,0.2717563796325657,0.2237441624747175,0.2901688719052968,0.264548315928685,0.2981070868048336,0.2931804909539908,0.0,0.298563178905773,0.2834766177094423,0.2741524092259518,0.2400527019259627,0.2210739904256565,0.2538565596528115,0.2661063629208466,0.2611398367028215,0.2237887183838838,0.2700478833320126,0.285765656132481,0.2560840748869844,0.2526576876973774,0.0,0.3250530119766778,0.0,0.334873703974292,0.0,0.0,0.0,0.0,0.0,0.0,0.3528830670319017,0.0,0.0,0.3415118481065783,0.3398904044199648,0.3271623209097479,0.3400236016544596,0.0,0.0,0.0,0.3178775809953764,0.0,0.3166598996804859,0.0,0.0,0.0,0.3358907963858457,0.3145006131287201,0.280570120032589,0.3138044269267616,0.3576852678185507,0.0,0.0,0.0,0.3450284577350569,0.3063064539173747,0.3187211878608711,0.0,0.3218023999504041
0.0,0.2926666698322373,0.2512342439724564,0.2188655660688184,0.2470072056598536,0.2701164436119426,0.0,0.2862091311082059,0.2613107512654638,0.2903272257738664,0.2711928978501171,0.2797466263840635,0.2554985794823696,0.2245191808768145,0.0,0.3036802896109639,0.3032480410649155,0.3351055186905385,0.2686603503046737,0.2892994210824743,0.0,0.301531600706652,0.2855349555753304,0.0,0.3259681281414475,0.3044184053737022,0.2813366084167238,0.2665119747247101,0.2638744103138745,0.0,0.2905737528496286,0.2795144419411781,0.2750577851593219,0.2790738639771222,0.270955447074661,0.2390581365585321,0.2143167825191015,0.2812945453950383,0.0,0.0,0.0,0.0,0.0,0.0,0.0,0.0,0.0,0.0,0.0,0.0,0.2938639160907837,0.0,0.0,0.0,0.0,0.0,0.0,0.0,0.0,0.0,0.0,0.0,0.0,0.0,0.0,0.0,0.0,0.3501061804416311,0.0,0.0,0.0,0.3247020053668422,0.0,0.0,0.0,0.0
0.3445176227662493,0.3144749096107588,0.2936237752755696,0.2555786264535953,0.2727383587592648,0.2782629027995342,0.2862091311082059,0.0,0.2969530966949243,0.0,0.224526762306177,0.0,0.2933488675260572,0.2534050211909975,0.3281734280091591,0.2927088055955784,0.0,0.2790516447206735,0.2696134369034518,0.306566294501952,0.3283312224983998,0.2937059495901352,0.2774134208962778,0.3453899876650239,0.3023225215798641,0.3245320649509539,0.3176924574212585,0.2968567249315759,0.2529657362371398,0.3026564974635505,0.2980987415177912,0.2336482974493629,0.2535188590733164,0.2956628048135411,0.3057505511064622,0.1698900344848167,0.0,0.0,0.3387261123868646,0.0,0.285629100210884,0.0,0.2680510994270234,0.0,0.0,0.0,0.0,0.3546167381535609,0.0,0.0,0.337968541931505,0.0,0.2781176025685156,0.3349947063812765,0.0,0.3097799035128483,0.0,0.3240951353896302,0.0,0.3347402758680488,0.0,0.0,0.0,0.3415869457292118,0.3743545265442482,0.3085558300650493,0.0,0.3545565939779121,0.0,0.0,0.0,0.3544531110946991,0.3236358188624175,0.3420259770167252,0.0,0.0
0.0,0.2750279711111339,0.1966814459018791,0.214452469337396,0.2364140668490094,0.2281148899393204,0.2613107512654638,0.2969530966949243,0.0,0.2666303953732015,0.224475272249954,0.2083325625768862,0.2633383014014012,0.2585952295387053,0.0,0.0,0.0,0.0,0.2000722692660795,0.2763213319124085,0.0,0.2699949698320987,0.2617843555440463,0.0,0.0,0.0,0.2218446772766044,0.2724475911140567,0.2237813591733305,0.2365020414695189,0.2764933580069397,0.253292442294054,0.2346121276392237,0.2665492901912205,0.248743599368526,0.2305407469685333,0.222352000190098,0.172912516537441,0.2468486243756436,0.0,0.0,0.0,0.2982590213057209,0.0,0.0,0.0,0.0,0.3597128349817849,0.0,0.0,0.3475125236531884,0.0,0.3511320911815044,0.3162662773425755,0.0,0.3055814956393953,0.0,0.0,0.0,0.0,0.0,0.0,0.0,0.3449829974173093,0.0,0.0,0.0,0.3652465785770101,0.0,0.0,0.0,0.3540652311835816,0.0,0.0,0.0,0.0
0.2598301976795379,0.0,0.0,0.1512422791753489,0.3078521031350955,0.2927367617383482,0.2903272257738664,0.0,0.2666303953732015,0.0,0.2792414066256011,0.2150407682618043,0.3040782495183783,0.1724361357044532,0.0,0.2884584855336184,0.2304281938124674,0.2626746269774211,0.277969663249549,0.0,0.0,0.0,0.0,0.2289234092276007,0.2645964764340819,0.2584527803656457,0.0,0.2787253409437777,0.0,0.0,0.2476321340330215,0.2314983818649865,0.2230263792866973,0.1987316558919015,0.193555656332408,0.1703666809858002,0.1496736590017677,0.180423883242049,0.2355351200761174,0.2372286595844965,0.2548786310334742,0.0,0.0,0.0,0.2402818670109368,0.0,0.0,0.0,0.0,0.0,0.0,0.0,0.0,0.0,0.2862603299548797,0.0,0.3106376700941561,0.0,0.0,0.0,0.0,0.2864606807321754,0.2818152607900107,0.0,0.0,0.0,0.0,0.0,0.2757221871078434,0.2688403731505737,0.308316496967225,0.0,0.2821957476606169,0.0,0.0,0.2801751287613462
0.0,0.0,0.2039477144463308,0.2130071389603627,0.2295585875479213,0.2489448771582421,0.2711928978501171,0.224526762306177,0.224475272249954,0.2792414066256011,0.0,0.0,0.2772166983000703,0.1841502785456571,0.0,0.0,0.0,0.0,0.2075354621919637,0.0,0.0,0.0,0.1842094764965474,0.0,0.0,0.0,0.2264845486506704,0.2759841682123431,0.0,0.0,0.2828466787926085,0.219801397259662,0.0,0.2725628582604059,0.2749298089336295,0.1852614582413499,0.1160691244559482,0.0,0.1931082463480229,0.0,0.0,0.0,0.2438482676888868,0.0,0.0,0.0,0.0,0.3395009059107371,0.0,0.2787001968096299,0.3077798146809626,0.2744284602013391,0.3262022035623684,0.3226907477118677,0.0,0.1051447280713197,0.0,0.2659729690183155,0.2817212326900827,0.0,0.0,0.0,0.0,0.1522914891661628,0.0,0.0,0.0,0.3495428562043108,0.0,0.0,0.0,0.3371606489530291,0.0,0.0,0.0,0.0
0.2727639943212068,0.0,0.0,0.0,0.0,0.0,0.2797466263840635,0.0,0.2083325625768862,0.2150407682618043,0.0,0.0,0.3025392474666179,0.0,0.0,0.0,0.2860714275903855,0.0,0.0,0.0,0.0,0.0,0.0,0.2054651042037999,0.256757616056051,0.2232266281421694,0.0,0.2349071840621806,0.0,0.0,0.2479624990256751,0.1562629305490236,0.158310467295728,0.1716199065558835,0.185508682500428,0.1640883667008968,0.1745165625282095,0.1263743942806489,0.18060425686793,0.2118621895607531,0.2557556262312409,0.0,0.0,0.0,0.2463993924249495,0.0,0.0,0.0,0.0,0.0,0.0,0.0,0.0,0.0,0.2884346364208032,0.0,0.3141951762446697,0.0,0.0,0.0,0.0,0.2896481224946212,0.2854398015815378,0.0,0.0,0.0,0.0,0.0,0.2349120047007639,0.2927959613170905,0.3261783225748936,0.0,0.0,0.0,0.0,0.2710494049764232
0.0,0.3054247593419269,0.2615315538943402,0.2088185374603444,0.2795242759646393,0.2583560172064815,0.2554985794823696,0.2933488675260572,0.2633383014014012,0.3040782495183783,0.2772166983000703,0.3025392474666179,0.0,0.2538788760239746,0.0,0.3154383146959273,0.3296155234263823,0.3020409335187974,0.2757200269230491,0.2923513360866617,0.2874078259222571,0.3075580458743415,0.2952048098470415,0.2809653592189037,0.3136177240083884,0.3032970849576231,0.2932101291228136,0.2573533694098714,0.2552009832069152,0.2811031752763223,0.2889170151872994,0.2796280874630578,0.2967542530241057,0.2826005056549268,0.2714164826055195,0.2532357672058964,0.2411336021051498,0.261350935420521,0.3163214706454059,0.0,0.0,0.0,0.0,0.0,0.0,0.0,0.0,0.0,0.0,0.0,0.3121149605292217,0.0,0.3220478316462362,0.0,0.0,0.0,0.0,0.0,0.0,0.0,0.0,0.0,0.0,0.0,0.0,0.0,0.0,0.3555953035100541,0.0,0.0,0.0,0.3491258775354908,0.0,0.2940958834391331,0.0,0.0
0.0,0.0,0.2559026798469081,0.1618648387026598,0.1879001914423784,0.2545422050514648,0.2245191808768145,0.2534050211909975,0.2585952295387053,0.1724361357044532,0.1841502785456571,0.0,0.2538788760239746,0.0,0.0,0.0,0.0,0.0,0.2335787780748127,0.0,0.3220392306886253,0.0,0.2681512894642148,0.0,0.0,0.0,0.2911199054750738,0.1631635144692428,0.0,0.0,0.295067341913738,0.1532313564996472,0.0,0.2513654094756053,0.0,0.1194900177538264,0.1138233725318721,0.0,0.0,0.0,0.0,0.0,0.2501721795810476,0.0,0.0,0.0,0.0,0.3147984635379903,0.0,0.0,0.0,0.0,0.0,0.3084296151586162,0.0,0.2691503471735299,0.0,0.0,0.0,0.0,0.0,0.0,0.0,0.0,0.0,0.0,0.0,0.3316285581491901,0.0,0.0,0.0,0.0,0.0,0.0,0.0,0.0
0.3134805120564862,0.3169692998944,0.0,0.0,0.0,0.2967985601537652,0.0,0.3281734280091591,0.0,0.0,0.0,0.0,0.0,0.0,0.0,0.3009857323028075,0.0,0.2770592572887574,0.0,0.2830547175493212,0.3125312486431728,0.2691332141277915,0.2725908683572018,0.3151007258973078,0.2870927485414149,0.3136472543433761,0.3169508795592478,0.2799211675562902,0.2944446915144637,0.0,0.2880642934516713,0.3094084436453653,0.2860031483693748,0.3051383120875565,0.3338356870467108,0.0,0.0,0.0,0.3636851052851873,0.3727884421045036,0.371753797085584,0.3797352778394722,0.0,0.0,0.0,0.0,0.3596555660264743,0.0,0.0,0.0,0.3286301363871388,0.0,0.3719526513813974,0.0,0.0,0.0,0.0,0.0,0.0,0.3782478060800348,0.2957444373515032,0.0,0.0,0.0,0.3646574207324072,0.3686473690008177,0.375505230827523,0.363886993048637,0.0,0.0,0.4116906958695835,0.3725544175487965,0.0,0.3448294584244514,0.0,0.3501122463144244
0.2521252774229353,0.2945452559892644,0.0,0.0,0.0,0.3037906758624857,0.3036802896109639,0.2927088055955784,0.0,0.2884584855336184,0.0,0.0,0.3154383146959273,0.0,0.3009857323028075,0.0,0.3138492473379827,0.2646928633421965,0.0,0.3154089427280135,0.2846786920864042,0.2996407768283246,0.2933241570297688,0.2606740822583491,0.2763372685320052,0.3001902231521143,0.3159521777135322,0.3050558493054274,0.3240125873285698,0.0,0.2643300607698541,0.3034060722988188,0.2677699874969956,0.2782552128071587,0.3199382399883024,0.0,0.0,0.0,0.3132940829089837,0.2875250150225928,0.2970934113638273,0.3000736426088423,0.0,0.0,0.0,0.3087518740080735,0.3148409757945107,0.0,0.0,0.0,0.0,0.0,0.0,0.0,0.0,0.0,0.0,0.0,0.0,0.3511479778767848,0.2990624161244554,0.0,0.0,0.0,0.2573222469770297,0.3313967787894035,0.3296067192430199,0.0,0.0,0.2787630038948051,0.3361066961746149,0.0,0.0,0.0,0.0,0.0
0.2461108945951836,0.0,0.0,0.0,0.0,0.0,0.3032480410649155,0.0,0.0,0.2304281938124674,0.0,0.2860714275903855,0.3296155234263823,0.0,0.0,0.3138492473379827,0.0,0.2336830965641465,0.0,0.2594769388808265,0.0,0.2751020677464555,0.0,0.2656246276612058,0.2302236369696628,0.2653503526365423,0.0,0.3124963733722978,0.0,0.0,0.277934931392561,0.3021443138265204,0.2582138942198393,0.2725452303885204,0.2871363424659231,0.0,0.0,0.216367367596517,0.0,0.2235688489217909,0.2022228062494074,0.0,0.0,0.0,0.0,0.0,0.0,0.0,0.0,0.0,0.0,0.0,0.0,0.0,0.2425294664579912,0.0,0.2510007714742818,0.0,0.0,0.0,0.0,0.2525641965243707,0.2229268068756904,0.0,0.0,0.0,0.0,0.0,0.1969454765959889,0.2607231190257735,0.2828676692428541,0.0,0.0,0.0,0.0,0.0
0.2350566682646286,0.2747084346473771,0.0,0.0,0.0,0.2717563796325657,0.3351055186905385,0.2790516447206735,0.0,0.2626746269774211,0.0,0.0,0.3020409335187974,0.0,0.2770592572887574,0.2646928633421965,0.2336830965641465,0.0,0.0,0.2835841922325687,0.2549906459622058,0.2952064860359633,0.2727308343221944,0.2427074624159024,0.2377452884783026,0.2601470444548004,0.292951739861238,0.2865427478134335,0.2893832392071138,0.0,0.2632315629914797,0.280192836784667,0.2458521688887616,0.2608496939838737,0.2887356586934372,0.0,0.0,0.0,0.2906268071031751,0.2556744437899985,0.271841579968217,0.2890515939691606,0.0,0.0,0.0,0.2755613041762415,0.2831577365662966,0.0,0.0,0.0,0.0,0.0,0.0,0.0,0.2398480907689455,0.0,0.0,0.0,0.0,0.0,0.2725225996493673,0.0,0.2473413928724216,0.0,0.0,0.0,0.2840369721366708,0.0,0.3022951355773076,0.2691567793075461,0.2862726601489549,0.0,0.0,0.0,0.0,0.0
0.0,0.0,0.1877728128514486,0.225131355339629,0.2424235845932963,0.2237441624747175,0.2686603503046737,0.2696134369034518,0.2000722692660795,0.277969663249549,0.2075354621919637,0.0,0.2757200269230491,0.2335787780748127,0.0,0.0,0.0,0.0,0.0,0.0,0.0,0.0,0.1453085242257226,0.0,0.0,0.0,0.2211613108644776,0.2776850145160678,0.0,0.0,0.2600580488918154,0.236433984626335,0.0,0.2381627941144791,0.2541287743502634,0.2312067895821181,0.0,0.0,0.0,0.0,0.0,0.0,0.2461512286318673,0.0,0.0,0.0,0.0,0.3481423465539631,0.0,0.0,0.3325811625556775,0.0,0.3362054252107709,0.3280720693026397,0.0,0.2079846028688471,0.0,0.0,0.0,0.0,0.0,0.0,0.0,0.3257841328437187,0.0,0.0,0.0,0.3564068285845713,0.0,0.0,0.0,0.3361776645719138,0.0,0.0,0.0,0.0
0.3179011491872181,0.3204919201769418,0.0,0.0,0.2854999847673655,0.2901688719052968,0.2892994210824743,0.306566294501952,0.2763213319124085,0.0,0.0,0.0,0.2923513360866617,0.0,0.2830547175493212,0.3154089427280135,0.2594769388808265,0.2835841922325687,0.0,0.0,0.3235143917525439,0.2762669748750541,0.2431670102139617,0.0,0.3183783391059644,0.3258149268500306,0.2682019321537735,0.2569297132185369,0.2451014780262063,0.1904728305988675,0.2759924485982303,0.3190903027017863,0.2820335182821825,0.3089486836292845,0.3396324072091908,0.3388237912681496,0.3040929044054331,0.0,0.3501025082410473,0.3256965109645138,0.3658403699382479,0.3493326945727902,0.0,0.0,0.0,0.0,0.3048452227304917,0.0,0.0,0.0,0.3152453844937232,0.0,0.3461636203471396,0.0,0.0,0.0,0.0,0.0,0.0,0.381010010956063,0.0,0.0,0.0,0.0,0.3593363702926027,0.3784046614582795,0.3575138240229059,0.3800344606109777,0.0,0.0,0.3551734553954758,0.3617256215645746,0.3318869161356482,0.3516878994530281,0.0,0.3368729594278072
0.2947942459419651,0.2957404452648661,0.0,0.0,0.0,0.264548315928685,0.0,0.3283312224983998,0.0,0.0,0.0,0.0,0.2874078259222571,0.3220392306886253,0.3125312486431728,0.2846786920864042,0.0,0.2549906459622058,0.0,0.3235143917525439,0.0,0.3332124153336467,0.3038267506162623,0.3348594528775664,0.2574138483477769,0.3000652313611509,0.3331930097657436,0.3005089888479928,0.2758667223766623,0.291733155532991,0.2726259556172961,0.2889593108777784,0.2517892631206919,0.2807531352659289,0.3194920441889148,0.2733833612037442,0.0,0.0,0.3145523286441807,0.0,0.0,0.0,0.0,0.0,0.0,0.2944858857109605,0.3337695247253287,0.0,0.0,0.0,0.3071509725031144,0.0,0.2763407840064108,0.0,0.0,0.0,0.0,0.0,0.0,0.3425674987876493,0.0,0.0,0.0,0.0,0.3428745674206389,0.2854005276629767,0.3643819431261496,0.3193160283148019,0.0,0.0,0.352417457926396,0.33818025600261,0.0,0.2962964718742508,0.0,0.0
0.2761925312755366,0.290621321610552,0.0,0.0,0.2887482915663459,0.2981070868048336,0.301531600706652,0.2937059495901352,0.2699949698320987,0.0,0.0,0.0,0.3075580458743415,0.0,0.2691332141277915,0.2996407768283246,0.2751020677464555,0.2952064860359633,0.0,0.2762669748750541,0.3332124153336467,0.0,0.3073114179233935,0.0,0.2792183440100696,0.294601309440428,0.3214953874774675,0.3004748493027337,0.2974069611668017,0.2195395207523175,0.264077290094748,0.3081019086167562,0.2853774427093081,0.294320361658105,0.3376478328411544,0.3537348525705697,0.3097113614748906,0.0,0.3435341346670584,0.3333354169576716,0.3308257387750527,0.3388624323330421,0.0,0.0,0.0,0.3241619330295232,0.3338366108427277,0.0,0.0,0.0,0.3099809039475688,0.0,0.0,0.0,0.0,0.0,0.0,0.0,0.0,0.3717891888723775,0.3199642981549273,0.0,0.2823097280759519,0.0,0.3565704665327943,0.3661163290662345,0.3561056233849096,0.3634728947526587,0.0,0.3074848946116832,0.3646090326871233,0.3868477464566472,0.0,0.329051922965682,0.0,0.3210169608576329
0.3354564379808141,0.308765879748814,0.1972722507319626,0.0,0.2701319855706402,0.2931804909539908,0.2855349555753304,0.2774134208962778,0.2617843555440463,0.0,0.1842094764965474,0.0,0.2952048098470415,0.2681512894642148,0.2725908683572018,0.2933241570297688,0.0,0.2727308343221944,0.1453085242257226,0.2431670102139617,0.3038267506162623,0.3073114179233935,0.0,0.3439863077710121,0.2824399655562478,0.3350459810436549,0.2665473403975628,0.297384675196234,0.2800740377674436,0.3019740904407222,0.2979647303015317,0.2943672574200314,0.2619948673137265,0.3019525023089975,0.315756903276591,0.2662276792644987,0.2816544403762344,0.0,0.3514997083768328,0.3617110769520408,0.3517671745218403,0.3589766778536871,0.3257229467020697,0.0,0.0,0.0,0.338132612195633,0.3596053908350977,0.0,0.3558431905396318,0.3664298983800508,0.3521991989606178,0.3592783532757472,0.3482744346251046,0.0,0.2885437062593968,0.0,0.3500681493412064,0.3548252263416961,0.365783957491288,0.0,0.0,0.0,0.3547323871142895,0.3655991885543836,0.3559593786184372,0.389010001492917,0.3830001106304134,0.0,0.0,0.376216043096498,0.3756952836376357,0.350407285346995,0.3493304185952819,0.3519066299988485,0.358125951036
0.2892015162032798,0.0,0.0,0.0,0.0,0.0,0.0,0.3453899876650239,0.0,0.2289234092276007,0.0,0.2054651042037999,0.2809653592189037,0.0,0.3151007258973078,0.2606740822583491,0.2656246276612058,0.2427074624159024,0.0,0.0,0.3348594528775664,0.0,0.3439863077710121,0.0,0.2615258574134317,0.2350341042578675,0.3230876858896223,0.2746353470698132,0.0,0.0,0.2506465687036909,0.2208728343759084,0.1800982569110322,0.1963849701585254,0.2360070831303482,0.0,0.0,0.1651504218214851,0.3115015250533667,0.2373414294716936,0.2596386022400734,0.0,0.0,0.0,0.0,0.31515919681269,0.0,0.0,0.0,0.0,0.0,0.0,0.0,0.0,0.2923567427595414,0.0,0.2980392754750697,0.0,0.0,0.0,0.2832698837313527,0.310628383987863,0.3104875475267399,0.0,0.0,0.0,0.0,0.0,0.320042056400993,0.3004399019060581,0.3253192228780281,0.0,0.0,0.0,0.0,0.2832438962664481
0.2312893723557042,0.2483925895218647,0.0,0.0,0.0,0.298563178905773,0.3259681281414475,0.3023225215798641,0.0,0.2645964764340819,0.0,0.256757616056051,0.3136177240083884,0.0,0.2870927485414149,0.2763372685320052,0.2302236369696628,0.2377452884783026,0.0,0.3183783391059644,0.2574138483477769,0.2792183440100696,0.2824399655562478,0.2615258574134317,0.0,0.247882856766372,0.3175347583114112,0.293500883952409,0.3073599968848564,0.0,0.2615439830712196,0.2717976653904751,0.2247825811660841,0.2436598377524232,0.2683535545530282,0.0,0.0,0.2073724605505565,0.2874654898930623,0.2515582967357276,0.271428340270206,0.2821059762802211,0.0,0.0,0.0,0.2732814964194008,0.2873366574909253,0.0,0.0,0.0,0.0,0.0,0.0,0.0,0.2605749606023451,0.0,0.2906545836758734,0.0,0.0,0.0,0.2720135033429385,0.2761972063157004,0.2727901963123935,0.0,0.2549454393948978,0.3084777459799158,0.3569206190306854,0.0,0.3016462896433984,0.2702102452620361,0.2949025295110616,0.0,0.0,0.0,0.0,0.2692911391046289
0.2712596492621616,0.2800749228129082,0.0,0.0,0.0,0.2834766177094423,0.3044184053737022,0.3245320649509539,0.0,0.2584527803656457,0.0,0.2232266281421694,0.3032970849576231,0.0,0.3136472543433761,0.3001902231521143,0.2653503526365423,0.2601470444548004,0.0,0.3258149268500306,0.3000652313611509,0.294601309440428,0.3350459810436549,0.2350341042578675,0.247882856766372,0.0,0.3510365014776692,0.2875005719988565,0.2860138598617441,0.0,0.2664566176467717,0.2896409689203597,0.2421599542170864,0.2571843838010948,0.2854295941568776,0.0,0.0,0.2087237919534471,0.3291463631297781,0.2727162163569314,0.3031527532907667,0.3169677084162752,0.0,0.0,0.0,0.3209768187037141,0.330414266671462,0.0,0.0,0.0,0.0,0.0,0.0,0.0,0.2693608236443863,0.0,0.3030376789737218,0.0,0.0,0.3842272813710146,0.3026299351253493,0.3033558303812311,0.2893986774726416,0.0,0.3606794260418061,0.3735957720970506,0.3613247615618224,0.3665859007197974,0.3238628740395536,0.2906707290461021,0.3317012186264391,0.3657915597155476,0.0,0.322767663258282,0.0,0.2900954519393265
0.3922503325179616,0.3173084640931288,0.2033047593630993,0.2402553570517692,0.2668680733348276,0.2741524092259518,0.2813366084167238,0.3176924574212585,0.2218446772766044,0.0,0.2264845486506704,0.0,0.2932101291228136,0.2911199054750738,0.3169508795592478,0.3159521777135322,0.0,0.292951739861238,0.2211613108644776,0.2682019321537735,0.3331930097657436,0.3214953874774675,0.2665473403975628,0.3230876858896223,0.3175347583114112,0.3510365014776692,0.0,0.2935828152038323,0.2702377258551091,0.3091332059905793,0.3039341182597847,0.3061318862527801,0.2831772811543818,0.3121796303524349,0.3300738977781823,0.2781079049720099,0.2868341114517594,0.0,0.3522170633585157,0.0,0.3509444109980411,0.3569366745802231,0.3375972890448779,0.0,0.0,0.0,0.3034548272479417,0.3717428351946164,0.0,0.0,0.3587881964978873,0.3471965542247692,0.3672829096933938,0.3543991637558525,0.0,0.3458496129931703,0.0,0.333077619126054,0.310440117648416,0.3628432842893632,0.0,0.0,0.0,0.3503067965306474,0.3658580860396854,0.3548280408003975,0.4219328254378527,0.3799589487625537,0.0,0.0,0.3676366260922707,0.3689563048392451,0.3493138016345696,0.3506129095534449,0.3446195196120435,0.3467428619805648
0.2893009856146479,0.292940899391275,0.2623156158339842,0.1659931100995792,0.2700098672255864,0.2400527019259627,0.2665119747247101,0.2968567249315759,0.2724475911140567,0.2787253409437777,0.2759841682123431,0.2349071840621806,0.2573533694098714,0.1631635144692428,0.2799211675562902,0.3050558493054274,0.3124963733722978,0.2865427478134335,0.2776850145160678,0.2569297132185369,0.3005089888479928,0.3004748493027337,0.297384675196234,0.2746353470698132,0.293500883952409,0.2875005719988565,0.2935828152038323,0.0,0.2054471497712696,0.2435989851305232,0.2698688557315487,0.2654817611628884,0.2508571110459555,0.2367665893539056,0.2144722785212111,0.2026691740249989,0.1797469763770744,0.208034990723509,0.2999582283753252,0.0,0.3366365215923166,0.0,0.0,0.0,0.0,0.0,0.0,0.0,0.0,0.0,0.3222452458596798,0.0,0.3441586293528919,0.0,0.0,0.0,0.0,0.0,0.0,0.3299578519935147,0.0,0.0,0.0,0.0,0.3440529014021271,0.3278977235414149,0.0,0.356060226892389,0.0,0.0,0.0,0.3511298130145368,0.3276961676424114,0.3259618749983186,0.0,0.3190263563798584
0.2590931630388676,0.3075144984124492,0.0,0.0,0.2521062789351453,0.2210739904256565,0.2638744103138745,0.2529657362371398,0.2237813591733305,0.0,0.0,0.0,0.2552009832069152,0.0,0.2944446915144637,0.3240125873285698,0.0,0.2893832392071138,0.0,0.2451014780262063,0.2758667223766623,0.2974069611668017,0.2800740377674436,0.0,0.3073599968848564,0.2860138598617441,0.2702377258551091,0.2054471497712696,0.0,0.25167248791751,0.2538058012380647,0.2860009834882792,0.2603308044110653,0.2750926049413424,0.295016598532221,0.2889447717617546,0.2599952787876709,0.0,0.3382554817195219,0.0,0.3215179463450275,0.0,0.0,0.0,0.0,0.0,0.2927860496608068,0.0,0.0,0.0,0.3042926484000797,0.0,0.304623679125983,0.0,0.0,0.0,0.0,0.3113750835650313,0.0,0.3425467590844183,0.0,0.0,0.0,0.0,0.337973185273406,0.3163959136426985,0.3412923602372082,0.3392376166001065,0.0,0.0,0.3340321894770731,0.3390930404742545,0.3226968907820114,0.3234727320984027,0.0,0.3182356305715091
0.0,0.0,0.0,0.0,0.0,0.2538565596528115,0.0,0.3026564974635505,0.2365020414695189,0.0,0.0,0.0,0.2811031752763223,0.0,0.0,0.0,0.0,0.0,0.0,0.1904728305988675,0.291733155532991,0.2195395207523175,0.3019740904407222,0.0,0.0,0.0,0.3091332059905793,0.2435989851305232,0.25167248791751,0.0,0.245663532283729,0.2595681499455309,0.0,0.2553518363720418,0.2500632679515636,0.0,0.0,0.0,0.0,0.0,0.0,0.0,0.0,0.0,0.0,0.0,0.0,0.0,0.0,0.0,0.0,0.0,0.0,0.0,0.0,0.0,0.0,0.0,0.0,0.0,0.0,0.0,0.0,0.0,0.3590214524627609,0.0,0.0,0.3553795501421775,0.0,0.0,0.0,0.3565950573148982,0.0,0.0,0.0,0.0
0.2433546441976203,0.2616678162582128,0.2627479199604197,0.0,0.2923169029698292,0.2661063629208466,0.2905737528496286,0.2980987415177912,0.2764933580069397,0.2476321340330215,0.2828466787926085,0.2479624990256751,0.2889170151872994,0.295067341913738,0.2880642934516713,0.2643300607698541,0.277934931392561,0.2632315629914797,0.2600580488918154,0.2759924485982303,0.2726259556172961,0.264077290094748,0.2979647303015317,0.2506465687036909,0.2615439830712196,0.2664566176467717,0.3039341182597847,0.2698688557315487,0.2538058012380647,0.245663532283729,0.0,0.2714110108236592,0.233977483782261,0.2041076938744572,0.2155381364043596,0.2418999437748099,0.2276446919288229,0.1924638846245026,0.3223662867289253,0.2350553221978765,0.293586914998104,0.0,0.0,0.0,0.0,0.2714040103589004,0.2982185755645344,0.0,0.0,0.0,0.3229954906400096,0.0,0.3346699856382135,0.0,0.2173193531086972,0.0,0.2684993528203849,0.0,0.0,0.3387442986054721,0.2832615972383799,0.0,0.0,0.0,0.3376078611538827,0.3176510755901496,0.3198290039073757,0.3523208413970346,0.2513026052003094,0.2797780567900866,0.3173414883844768,0.342149385644445,0.0,0.3193317371843291,0.0,0.3272862341838692
0.2657736222779226,0.2912129155747696,0.2128157252984795,0.1860565599138493,0.2451208472385057,0.2611398367028215,0.2795144419411781,0.2336482974493629,0.253292442294054,0.2314983818649865,0.219801397259662,0.1562629305490236,0.2796280874630578,0.1532313564996472,0.3094084436453653,0.3034060722988188,0.3021443138265204,0.280192836784667,0.236433984626335,0.3190903027017863,0.2889593108777784,0.3081019086167562,0.2943672574200314,0.2208728343759084,0.2717976653904751,0.2896409689203597,0.3061318862527801,0.2654817611628884,0.2860009834882792,0.2595681499455309,0.2714110108236592,0.0,0.2295579720665053,0.2421153187215407,0.2367427428297763,0.1727267174461152,0.1895914516079896,0.1698047830563178,0.164040999102545,0.197613793944825,0.1895034545263643,0.2139756345956696,0.1665062558232715,0.1440995937263358,0.1443556324164013,0.3046294644281849,0.3136453028794126,0.2709659730639264,0.0,0.0,0.3089544596301204,0.0,0.3190627532973987,0.2347920181409447,0.0,0.2216433792819774,0.1626150964975344,0.2753297671651574,0.0,0.3526340220972511,0.2792086781573856,0.0,0.0,0.258077027088975,0.3414290524521557,0.3320426826048006,0.3426827596867213,0.340596197219398,0.1599761972344979,0.2764522160517644,0.3373455308804728,0.3375962523900008,0.2566377906373806,0.3183881225975254,0.0,0.325397774541843
0.2076040971292536,0.2667900607697422,0.0,0.0,0.320691553397547,0.2237887183838838,0.2750577851593219,0.2535188590733164,0.2346121276392237,0.2230263792866973,0.0,0.158310467295728,0.2967542530241057,0.0,0.2860031483693748,0.2677699874969956,0.2582138942198393,0.2458521688887616,0.0,0.2820335182821825,0.2517892631206919,0.2853774427093081,0.2619948673137265,0.1800982569110322,0.2247825811660841,0.2421599542170864,0.2831772811543818,0.2508571110459555,0.2603308044110653,0.0,0.233977483782261,0.2295579720665053,0.0,0.174988798066496,0.2466318495954694,0.1721155787342911,0.180614306696643,0.1327237291558144,0.191360289716932,0.1396972913137677,0.186881692222513,0.1899303082287755,0.0,0.0,0.1340576250883384,0.2799353282247184,0.2928701376562549,0.0,0.0,0.0,0.0,0.0,0.0,0.0,0.2010460714943055,0.0,0.1921168420942577,0.0,0.0,0.3446797285029592,0.2705071221668974,0.0,0.2175774684013162,0.0,0.3254991113220768,0.3266500364783955,0.3230143293017386,0.3349049907919207,0.1762120198672331,0.2570144787978035,0.3018763696799173,0.3431586037219244,0.0,0.0,0.0,0.2204865876788301
0.2146662733370034,0.2597124576792138,0.2342245923490502,0.1557554892566266,0.2845948045594911,0.2700478833320126,0.2790738639771222,0.2956628048135411,0.2665492901912205,0.1987316558919015,0.2725628582604059,0.1716199065558835,0.2826005056549268,0.2513654094756053,0.3051383120875565,0.2782552128071587,0.2725452303885204,0.2608496939838737,0.2381627941144791,0.3089486836292845,0.2807531352659289,0.294320361658105,0.3019525023089975,0.1963849701585254,0.2436598377524232,0.2571843838010948,0.3121796303524349,0.2367665893539056,0.2750926049413424,0.2553518363720418,0.2041076938744572,0.2421153187215407,0.174988798066496,0.0,0.1720144008540035,0.1791888832898099,0.1632541453472318,0.1211196071376446,0.2406484458523579,0.1779907100835034,0.2171380143089884,0.2042609375054238,0.0,0.0,0.151932107670413,0.2636929124969382,0.2988181919547968,0.0,0.0,0.0,0.3067732793339137,0.0,0.3315946786366998,0.0,0.234372037377794,0.0,0.2493215775955135,0.0,0.0,0.3562438201528148,0.2843352740293813,0.0,0.2479286273430465,0.0,0.3376555623348865,0.3394197219785821,0.3348055135694145,0.348978107997511,0.239568008445262,0.2668713646354161,0.325166544253949,0.3465897704557885,0.0,0.3239036308731829,0.0,0.0
0.2560593725115007,0.3178584599625447,0.0,0.1724132530590402,0.2648792712501256,0.285765656132481,0.270955447074661,0.3057505511064622,0.248743599368526,0.193555656332408,0.2749298089336295,0.185508682500428,0.2714164826055195,0.0,0.3338356870467108,0.3199382399883024,0.2871363424659231,0.2887356586934372,0.2541287743502634,0.3396324072091908,0.3194920441889148,0.3376478328411544,0.315756903276591,0.2360070831303482,0.2683535545530282,0.2854295941568776,0.3300738977781823,0.2144722785212111,0.295016598532221,0.2500632679515636,0.2155381364043596,0.2367427428297763,0.2466318495954694,0.1720144008540035,0.0,0.2181846734745719,0.192726477408588,0.1457581286417328,0.2291801462278863,0.2195995585958913,0.2394036195342666,0.2430462259020465,0.1836124952884518,0.1745691198805199,0.2161009043887427,0.0,0.3235182093354958,0.0,0.0,0.0,0.0,0.0,0.0,0.0,0.0,0.0,0.1829327561336853,0.0,0.0,0.3695889060032133,0.0,0.0,0.0,0.0,0.3446672107392257,0.368713876236789,0.3636699036346729,0.3574241528026912,0.0,0.2796075840201992,0.3574537336913916,0.363802530090237,0.0,0.0,0.0,0.0
0.0,0.0,0.2095922627513231,0.1215844992783682,0.1499850146282766,0.2560840748869844,0.2390581365585321,0.1698900344848167,0.2305407469685333,0.1703666809858002,0.1852614582413499,0.1640883667008968,0.2532357672058964,0.1194900177538264,0.0,0.0,0.0,0.0,0.2312067895821181,0.3388237912681496,0.2733833612037442,0.3537348525705697,0.2662276792644987,0.0,0.0,0.0,0.2781079049720099,0.2026691740249989,0.2889447717617546,0.0,0.2418999437748099,0.1727267174461152,0.1721155787342911,0.1791888832898099,0.2181846734745719,0.0,0.1202457784235701,0.1685042094345673,0.1651780772234981,0.1935026781514058,0.1798294487628117,0.2096069066017937,0.2127254555469798,0.0,0.0,0.0,0.0,0.2994833910766615,0.0,0.0,0.2599904947031401,0.0,0.2792393575428567,0.275104937114889,0.0,0.2411456867289707,0.0,0.2681502457081374,0.2532463922970444,0.0,0.0,0.0,0.0,0.2724994179255035,0.0,0.0,0.0,0.3000000157534224,0.0,0.0,0.0,0.2684596275372696,0.2032869963154278,0.2109266463237951,0.0,0.0
0.0,0.0,0.2050208868344755,0.1258094155646431,0.1290491192686821,0.2526576876973774,0.2143167825191015,0.0,0.222352000190098,0.1496736590017677,0.1160691244559482,0.1745165625282095,0.2411336021051498,0.1138233725318721,0.0,0.0,0.0,0.0,0.0,0.3040929044054331,0.0,0.3097113614748906,0.2816544403762344,0.0,0.0,0.0,0.2868341114517594,0.1797469763770744,0.2599952787876709,0.0,0.2276446919288229,0.1895914516079896,0.180614306696643,0.1632541453472318,0.192726477408588,0.1202457784235701,0.0,0.1628302451155893,0.1940272771444035,0.0,0.1706822683552176,0.2108290175713351,0.0,0.0,0.0,0.0,0.0,0.0,0.0,0.0,0.0,0.0,0.0,0.0,0.0,0.0,0.0,0.0,0.0,0.0,0.0,0.0,0.0,0.0,0.0,0.0,0.0,0.0,0.0,0.0,0.0,0.0,0.0,0.0,0.0,0.0
0.0,0.0,0.0,0.0,0.2466951607787543,0.0,0.2812945453950383,0.0,0.172912516537441,0.180423883242049,0.0,0.1263743942806489,0.261350935420521,0.0,0.0,0.0,0.216367367596517,0.0,0.0,0.0,0.0,0.0,0.0,0.1651504218214851,0.2073724605505565,0.2087237919534471,0.0,0.208034990723509,0.0,0.0,0.1924638846245026,0.1698047830563178,0.1327237291558144,0.1211196071376446,0.1457581286417328,0.1685042094345673,0.1628302451155893,0.0,0.1720297688526014,0.1528674942804456,0.1610034510311596,0.1922832926885301,0.0,0.0,0.1472453935409904,0.0,0.0,0.0,0.0,0.0,0.0,0.0,0.0,0.0,0.2218536740653502,0.0,0.2085254991689522,0.0,0.0,0.0,0.0,0.0,0.0,0.0,0.0,0.0,0.0,0.0,0.1755846443244572,0.0,0.2397598493478795,0.0,0.0,0.0,0.0,0.0
0.3236198278776586,0.3246381706356818,0.2250880200354214,0.0,0.0,0.3250530119766778,0.0,0.3387261123868646,0.2468486243756436,0.2355351200761174,0.1931082463480229,0.18060425686793,0.3163214706454059,0.0,0.3636851052851873,0.3132940829089837,0.0,0.2906268071031751,0.0,0.3501025082410473,0.3145523286441807,0.3435341346670584,0.3514997083768328,0.3115015250533667,0.2874654898930623,0.3291463631297781,0.3522170633585157,0.2999582283753252,0.3382554817195219,0.0,0.3223662867289253,0.164040999102545,0.191360289716932,0.2406484458523579,0.2291801462278863,0.1651780772234981,0.1940272771444035,0.1720297688526014,0.0,0.2252957703939911,0.2465353976770217,0.2526495303665184,0.1501015403800638,0.1685397563583569,0.1711244432206568,0.2848582879671021,0.2819514718251035,0.2591002697348533,0.1760628368157651,0.2246823240554684,0.2530627440377287,0.2322999683981038,0.235857804911694,0.2373655422478712,0.2252714142665683,0.1859212367336594,0.179392803093223,0.246182761237331,0.1612903712045338,0.2881315363585879,0.3017862022437554,0.2822867533705028,0.2849132948112429,0.2392967330958351,0.3065721682233108,0.2604612461960966,0.2986606595692387,0.2658215459109729,0.199152076063405,0.2690978452930904,0.2811632041681023,0.2851251879946234,0.2344328586113264,0.2685806842121555,0.2579830322968792,0.2524162965387306
0.2964858472374885,0.3167061695579132,0.0,0.0,0.0,0.0,0.0,0.0,0.0,0.2372286595844965,0.0,0.2118621895607531,0.0,0.0,0.3727884421045036,0.2875250150225928,0.2235688489217909,0.2556744437899985,0.0,0.3256965109645138,0.0,0.3333354169576716,0.3617110769520408,0.2373414294716936,0.2515582967357276,0.2727162163569314,0.0,0.0,0.0,0.0,0.2350553221978765,0.197613793944825,0.1396972913137677,0.1779907100835034,0.2195995585958913,0.1935026781514058,0.0,0.1528674942804456,0.2252957703939911,0.0,0.1645833093321845,0.225452387903733,0.211238530059837,0.1589539520390028,0.1359375743983467,0.2235757827410452,0.2360635848858158,0.0,0.0,0.2546381015584831,0.2099009637848154,0.2368817108619312,0.2163756186768142,0.1835806481071059,0.181610193243489,0.0,0.1501624061860067,0.2027503369020656,0.0,0.2660509547440282,0.2348133444981635,0.2175027882915016,0.2130643265460492,0.0,0.2519124687928818,0.24211380875142,0.2571635728859998,0.2495177831985184,0.1818042430074627,0.1953968702890673,0.2235747634903438,0.2598947820390507,0.2246043232452734,0.2374123355783514,0.2380041886540974,0.2150972903261581
0.2826230340008243,0.3094269444028318,0.0,0.0,0.0,0.334873703974292,0.0,0.285629100210884,0.0,0.2548786310334742,0.0,0.2557556262312409,0.0,0.0,0.371753797085584,0.2970934113638273,0.2022228062494074,0.271841579968217,0.0,0.3658403699382479,0.0,0.3308257387750527,0.3517671745218403,0.2596386022400734,0.271428340270206,0.3031527532907667,0.3509444109980411,0.3366365215923166,0.3215179463450275,0.0,0.293586914998104,0.1895034545263643,0.186881692222513,0.2171380143089884,0.2394036195342666,0.1798294487628117,0.1706822683552176,0.1610034510311596,0.2465353976770217,0.1645833093321845,0.0,0.1987172812381477,0.190794356391026,0.1351920183538991,0.1338102764144137,0.240111427886926,0.2515663509066215,0.2692733224109137,0.1603532524562946,0.2335690813656566,0.2481226359726354,0.2117496306131337,0.2708234842277324,0.2331610536148673,0.1890816226173319,0.2279915574447963,0.1542257517766037,0.2425601680918285,0.1873805728435923,0.2821573036553593,0.2551959072199344,0.2337205993534024,0.2445267225409962,0.2493394811088546,0.284501700941497,0.2431601445302546,0.2793741070975994,0.272566496415921,0.1974945967707564,0.2193638421403978,0.2376920018054955,0.2816419677592821,0.2019747324431048,0.2650200367332271,0.2307242672368838,0.1765577835387744
0.0,0.3214270715019496,0.0,0.0,0.0,0.0,0.0,0.0,0.0,0.0,0.0,0.0,0.0,0.0,0.3797352778394722,0.3000736426088423,0.0,0.2890515939691606,0.0,0.3493326945727902,0.0,0.3388624323330421,0.3589766778536871,0.0,0.2821059762802211,0.3169677084162752,0.3569366745802231,0.0,0.0,0.0,0.0,0.2139756345956696,0.1899303082287755,0.2042609375054238,0.2430462259020465,0.2096069066017937,0.2108290175713351,0.1922832926885301,0.2526495303665184,0.225452387903733,0.1987172812381477,0.0,0.2275105866499812,0.1815750863988188,0.179176977427266,0.0,0.274488519056869,0.2583823478277955,0.1891981963188761,0.0,0.2694646535014254,0.213252361079794,0.0,0.2421920604708187,0.197345306530379,0.2629731138085825,0.1853362309479327,0.273281584744297,0.0,0.3068541437594916,0.2745351514376282,0.2450557383106093,0.2545985443589721,0.2338899575667845,0.3147788012944725,0.2602124010377084,0.3130409451673289,0.2919399655076407,0.2089027028518376,0.2308482923266099,0.2546348839628322,0.3062103135433108,0.1951383323850929,0.2852398307691736,0.2503252272942126,0.1777302230818799
