0.0,0.3572672831693786,0.0,0.0,0.0,0.3883772796624696,0.0,0.4567219131078636,0.0,0.38293840301818,0.0,0.3551998921415589,0.4640751145301417,0.0,0.3387578488328389,0.3731346746811926,0.3542999645014886,0.3641553424045786,0.0,0.3756882295615054,0.3758358181279339,0.3450167772512062,0.4153715480494158,0.3455680910230742,0.3471321602107857,0.3493541825533532,0.4033247914904823,0.414022836882629,0.0,0.0,0.3518073107518248,0.3713320689905021,0.3305839976810384,0.3434774698614891,0.3720285806763009,0.0,0.0,0.4051977860549396,0.3998519295491051,0.3771688202607292,0.3969490235909471,0.0,0.0,0.0,0.0,0.3660080592001259,0.4186977214791393,0.0,0.0,0.0,0.0,0.0,0.0,0.0,0.4368000066991589,0.0,0.0,0.0,0.0,0.0,0.3909956172881895,0.0,0.386418299743913,0.0,0.0,0.3523256349148426,0.4026000683907312,0.0,0.2993065733290324,0.3921526159856536,0.4075397389537955,0.0,0.0,0.0,0.0,0.4287880406282893
0.3572672831693786,0.0,0.0,0.0,0.3972827791427617,0.3842644362268734,0.4154325923812664,0.4238833691485689,0.3904953561621106,0.0,0.0,0.0,0.4163801599131436,0.0,0.3684977577988343,0.3590634001939113,0.0,0.3504132280190629,0.0,0.3788704461870661,0.3513769688277641,0.3549978547324028,0.3832878333954526,0.0,0.3276067951885621,0.3459580931168042,0.3833292607945937,0.3996658215029559,0.3824802047438697,0.0,0.3443306789487859,0.3584158395107816,0.3202685456462514,0.354604582726121,0.3795555599051453,0.0,0.0,0.0,0.4159411104353264,0.4183220625686723,0.4230635395682444,0.4316818218040933,0.0,0.0,0.0,0.3958814811986346,0.4243335611662129,0.0,0.0,0.0,0.4466520556770172,0.0,0.0,0.0,0.0,0.0,0.0,0.0,0.0,0.4296994739742167,0.4027702596035369,0.0,0.384284614375956,0.0,0.4079885689951815,0.4090800445016532,0.4181819574483065,0.4457769513453615,0.0,0.3937308569564779,0.4331206335939392,0.4261278180460521,0.0,0.4249432629618007,0.0,0.0
0.0,0.0,0.0,0.39103116925128,0.3385457295252432,0.3690548604719044,0.4023532380363391,0.3769965549444585,0.2537648086083568,0.0,0.2470328964332746,0.0,0.4128692092751195,0.3066060379147031,0.0,0.0,0.0,0.0,0.2067894716237924,0.0,0.0,0.0,0.2687274180300485,0.0,0.0,0.0,0.2953454048851108,0.4128477250837867,0.0,0.0,0.4225798805643276,0.3868123023227393,0.0,0.4177090156471055,0.0,0.3445482770732554,0.3976349778973648,0.0,0.4367781978395974,0.0,0.0,0.0,0.3741205678858345,0.0,0.0,0.0,0.0,0.4432402458375115,0.0,0.0,0.4626734854350521,0.0,0.4799316033657642,0.4467285890272618,0.0,0.3422437141002323,0.0,0.0,0.4467153564609674,0.0,0.0,0.0,0.0,0.2634933904820754,0.0,0.0,0.0,0.4683644134011415,0.0,0.0,0.0,0.4734522405634245,0.0,0.0,0.0,0.0
0.0,0.0,0.39103116925128,0.0,0.2713049624555642,0.3865610912204669,0.2775987215944898,0.3364671631061711,0.3775755826746989,0.0,0.3148397196697125,0.0,0.2989069502751362,0.2550394797129115,0.0,0.0,0.0,0.0,0.3710637492805427,0.0,0.0,0.0,0.3537478817107547,0.0,0.0,0.0,0.390317280233922,0.2253578626119484,0.0,0.0,0.4003736984504741,0.2644302383667902,0.0,0.2409702563577239,0.2297581512822966,0.2010694276695251,0.1823226950735583,0.0,0.0,0.0,0.0,0.0,0.0,0.0,0.0,0.0,0.0,0.0,0.0,0.0,0.0,0.0,0.0,0.0,0.0,0.0,0.0,0.0,0.0,0.0,0.0,0.0,0.0,0.0,0.0,0.0,0.0,0.0,0.0,0.0,0.0,0.0,0.0,0.0,0.0,0.0
0.0,0.3972827791427617,0.3385457295252432,0.2713049624555642,0.0,0.3359905107967445,0.3145999180406287,0.3244302738305537,0.3084467392689038,0.3915067436496282,0.2866111777628306,0.0,0.3539188779111642,0.2925707253735259,0.0,0.4624910390400751,0.0,0.0,0.3231068720705625,0.3706444465484282,0.0,0.4037293585023842,0.3625160057459872,0.0,0.0,0.0,0.3485902175664614,0.3596527502477357,0.4116779104436794,0.0,0.4040558965434535,0.376512836576529,0.0,0.3920186927765141,0.3875906700095973,0.219307501431201,0.2122498590511799,0.0,0.0,0.0,0.0,0.0,0.0,0.0,0.0,0.0,0.0,0.0,0.0,0.0,0.0,0.0,0.0,0.0,0.0,0.0,0.0,0.0,0.0,0.0,0.0,0.0,0.0,0.0,0.0,0.0,0.0,0.45881563566512,0.0,0.0,0.0,0.0,0.0,0.0,0.0,0.0
0.3883772796624696,0.3842644362268734,0.3690548604719044,0.3865610912204669,0.3359905107967445,0.0,0.3842063511972193,0.3938063114054335,0.3001978149842548,0.3872284044240381,0.3189394072419023,0.0,0.3626175998069992,0.3629466752754687,0.3891841290857194,0.3856222938610019,0.0,0.3767412975925893,0.3445629202832074,0.3815145310283756,0.3860864658823168,0.396074918487737,0.3646244324764964,0.0,0.3650396005043692,0.3924356364377944,0.3381499541545721,0.3365543184672478,0.3205330677781574,0.3846589824037476,0.3965398801236456,0.3846032476752852,0.3765889515006724,0.4087264996910276,0.4183687430535847,0.3837508239605396,0.3937052835088365,0.0,0.4230432651519767,0.0,0.4507128920990234,0.0,0.0,0.0,0.0,0.0,0.0,0.4512290152916502,0.0,0.0,0.4531484952781782,0.0,0.4403349123572395,0.4341973561984265,0.0,0.0,0.0,0.0,0.0,0.4517429421175642,0.0,0.0,0.0,0.0,0.4542703144212927,0.0,0.4582392343357117,0.4626645292859828,0.0,0.0,0.4767341286702612,0.456449978483953,0.4456105936035154,0.0,0.0,0.4553183682145374
0.0,0.4154325923812664,0.4023532380363391,0.2775987215944898,0.3145999180406287,0.3842063511972193,0.0,0.4320846895325212,0.3599784651194379,0.3708904435340208,0.3871457176185173,0.3949148215041404,0.3384736737633568,0.3136111928427841,0.0,0.4301314458455313,0.4170991968575322,0.4142251071124591,0.394286042773726,0.4162498063440986,0.0,0.4417342685421006,0.4087637762732356,0.0,0.3959199355892077,0.4102574376170656,0.4035980265478016,0.329073958514143,0.4053586982513484,0.0,0.3932689678543875,0.3524492446860859,0.3686742349458683,0.3633857331192632,0.4613123732327264,0.2673934498342125,0.2545666735359722,0.0,0.0,0.0,0.0,0.0,0.0,0.0,0.0,0.0,0.0,0.0,0.0,0.0,0.0,0.0,0.4969150523317317,0.0,0.0,0.0,0.0,0.0,0.0,0.0,0.0,0.0,0.0,0.0,0.0,0.0,0.0,0.4687487993549919,0.0,0.0,0.0,0.0,0.0,0.0,0.0,0.0
0.4567219131078636,0.4238833691485689,0.3769965549444585,0.3364671631061711,0.3244302738305537,0.3938063114054335,0.4320846895325212,0.0,0.4298239085249415,0.0,0.2386475028363022,0.0,0.4208561477934558,0.2969466514044843,0.3173077495285572,0.4426280408092377,0.0,0.4326880144182862,0.3554774760246092,0.3889440247152805,0.3699962314353998,0.4329788414196767,0.3228441856069585,0.4679795799285836,0.4279787202194854,0.4397331597376255,0.4079219440133368,0.4124749223176749,0.3826477877514044,0.4011023210088199,0.4200992413951486,0.3712164392716798,0.3965906306731597,0.4343706733247299,0.4445042067730497,0.226829155792699,0.2886557297677147,0.0,0.3967691334107966,0.0,0.4702265949773067,0.0,0.2980341689491274,0.0,0.0,0.0,0.0,0.4250460056528556,0.0,0.0,0.4488450328394481,0.4362269710922664,0.3314073308724092,0.4366978017297468,0.0,0.3731718539858001,0.0,0.4420045655010207,0.3527192728775426,0.4383735611275547,0.0,0.0,0.0,0.442035497777075,0.4433973002053834,0.4595919820602385,0.0,0.4353088073006238,0.0,0.0,0.0,0.454451910403883,0.4365480509396595,0.0,0.0,0.4625994589493583
0.0,0.3904953561621106,0.2537648086083568,0.3775755826746989,0.3084467392689038,0.3001978149842548,0.3599784651194379,0.4298239085249415,0.0,0.4051762848263138,0.2809872190939669,0.4232777011281713,0.3612596954522653,0.3460214575663342,0.0,0.4194589241705333,0.0,0.0,0.2409237000187899,0.3903360049539081,0.0,0.4063211054852784,0.3727676910930962,0.0,0.4068409480247325,0.4328220635499823,0.3389262890448694,0.405012067995518,0.3861402566915921,0.4151568092085357,0.4144853323648138,0.3828221718447311,0.3963577563238435,0.4116677222667117,0.4074013272307402,0.3765975595396642,0.3902730960513593,0.3946926672043573,0.0,0.0,0.0,0.0,0.4249628943921437,0.0,0.0,0.0,0.0,0.4890296213845537,0.0,0.0,0.4814847677966157,0.0,0.4920889040694419,0.4947976025683578,0.0,0.4359204008846191,0.0,0.0,0.5026165895403686,0.0,0.0,0.0,0.0,0.0,0.0,0.0,0.0,0.4913329695155482,0.0,0.0,0.0,0.4724851475805595,0.4911022363610822,0.0,0.0,0.0
0.38293840301818,0.0,0.0,0.0,0.3915067436496282,0.3872284044240381,0.3708904435340208,0.0,0.4051762848263138,0.0,0.4030175644554075,0.2556781586253345,0.3715295722408819,0.0,0.0,0.3758186006079997,0.2989020646994825,0.3218922977953032,0.4147551665651618,0.0,0.0,0.0,0.0,0.2873482495009566,0.3213030012411244,0.3256607501826551,0.0,0.3662619942342038,0.0,0.0,0.3063517165849058,0.3003956617675972,0.318768354027631,0.3188883828958427,0.2873298619705438,0.3527989556134071,0.2579290753682679,0.2652227950583943,0.3392704038832795,0.3091102450519446,0.3316546191691349,0.3070790075959893,0.0,0.0,0.2756086110400446,0.3871190141073442,0.0,0.0,0.0,0.0,0.0,0.0,0.0,0.0,0.3756916484509787,0.0,0.3747395854647165,0.3838433972948327,0.0,0.0,0.0,0.3855294258108881,0.3868676590868037,0.0,0.0,0.0,0.0,0.0,0.3741080199639183,0.3920408476607646,0.3996527428699595,0.0,0.3647334674890609,0.0,0.0,0.3725804821011363
0.0,0.0,0.2470328964332746,0.3148397196697125,0.2866111777628306,0.3189394072419023,0.3871457176185173,0.2386475028363022,0.2809872190939669,0.4030175644554075,0.0,0.0,0.3930550322034465,0.2576738344379588,0.0,0.0,0.0,0.0,0.2350392708443278,0.0,0.0,0.0,0.217646710181478,0.0,0.0,0.0,0.3497452477223581,0.3922851395748167,0.0,0.0,0.3917839769951602,0.3274936526249598,0.0,0.3873096811840872,0.3778534363070759,0.2371502582876427,0.3730420511026692,0.4018149177921333,0.3581499005393064,0.0,0.0,0.0,0.3103428976574361,0.0,0.0,0.0,0.0,0.3622451209987328,0.0,0.0,0.4280032381738169,0.0,0.3609640129658554,0.3874419159118873,0.0,0.2182753795117684,0.0,0.0,0.3178753496169746,0.0,0.0,0.0,0.0,0.2704774044129879,0.0,0.0,0.0,0.4207877184177968,0.0,0.0,0.0,0.4252379034184215,0.0,0.0,0.0,0.0
0.3551998921415589,0.0,0.0,0.0,0.0,0.0,0.3949148215041404,0.0,0.4232777011281713,0.2556781586253345,0.0,0.0,0.3534981341747284,0.0,0.0,0.0,0.3527804608080594,0.0,0.0,0.0,0.4641524077205358,0.0,0.0,0.2615490738314819,0.3414147185466248,0.2870673549651942,0.0,0.3374983424156578,0.0,0.0,0.3019154416925662,0.220053356040975,0.2754685617191961,0.2518090463306346,0.2665362123352902,0.2991345046339204,0.2708463588473212,0.2212617661576525,0.3675436011108803,0.3071363863667239,0.3250250292556264,0.0,0.0,0.0,0.287935342458503,0.0,0.0,0.0,0.0,0.0,0.0,0.0,0.0,0.0,0.3751927959947444,0.0,0.3693182376091313,0.4185292836327087,0.0,0.0,0.0,0.4044437534835166,0.3816729432101166,0.0,0.0,0.0,0.0,0.0,0.3683503124118095,0.3864508133471839,0.3986794056826522,0.0,0.3853382863680346,0.0,0.0,0.3776435423552489
0.4640751145301417,0.4163801599131436,0.4128692092751195,0.2989069502751362,0.3539188779111642,0.3626175998069992,0.3384736737633568,0.4208561477934558,0.3612596954522653,0.3715295722408819,0.3930550322034465,0.3534981341747284,0.0,0.3405825329616579,0.4044861613357312,0.4307508851457064,0.3937948695626075,0.4055137750860658,0.3980274690095408,0.4066047633405291,0.4314226717134399,0.4342038355480746,0.4122837479221684,0.3644024695614563,0.3941927625749898,0.4073551588745847,0.410312293413925,0.3241138293958978,0.3877856872257783,0.3849964204457741,0.3698332740632042,0.35222370203029,0.3374998876294444,0.3617453023864841,0.3912731586468089,0.3057262185160549,0.2555525372862779,0.3351220657828899,0.0,0.0,0.0,0.0,0.0,0.0,0.0,0.0,0.0,0.0,0.0,0.0,0.480692667899579,0.0,0.4623302284789936,0.0,0.0,0.0,0.0,0.0,0.0,0.0,0.0,0.0,0.0,0.0,0.0,0.0,0.0,0.4657364938558151,0.0,0.0,0.0,0.4626902607645489,0.0,0.0,0.0,0.0
0.0,0.0,0.3066060379147031,0.2550394797129115,0.2925707253735259,0.3629466752754687,0.3136111928427841,0.2969466514044843,0.3460214575663342,0.0,0.2576738344379588,0.0,0.3405825329616579,0.0,0.0,0.0,0.0,0.0,0.3092273808439591,0.0,0.0,0.0,0.3274983691986327,0.0,0.0,0.0,0.3766341123515442,0.2164292219845495,0.0,0.0,0.3107390835041619,0.2739894576168572,0.0,0.0,0.0,0.1978926621547592,0.1652411515956416,0.0,0.0,0.0,0.0,0.0,0.2804060563722252,0.0,0.0,0.0,0.0,0.0,0.0,0.0,0.0,0.0,0.0,0.0,0.0,0.0,0.0,0.0,0.0,0.0,0.0,0.0,0.0,0.0,0.0,0.0,0.0,0.3660667523060317,0.0,0.0,0.0,0.0,0.0,0.0,0.0,0.0
0.3387578488328389,0.3684977577988343,0.0,0.0,0.0,0.3891841290857194,0.0,0.3173077495285572,0.0,0.0,0.0,0.0,0.4044861613357312,0.0,0.0,0.3944764699888951,0.0,0.3762080207857131,0.0,0.3283529668539662,0.3294331924320599,0.3462484581729652,0.3463044000421271,0.0,0.364202555648183,0.3589726192098593,0.3759803987752964,0.3653575176047228,0.3501535210510375,0.0,0.3626341859701293,0.3821199348265754,0.3466277440694637,0.4019681896039445,0.4325954169481526,0.0,0.0,0.0,0.4256814244999761,0.4079645347875898,0.4406047642084641,0.4605696815599728,0.0,0.0,0.0,0.0,0.4343796986204515,0.0,0.0,0.0,0.4283059265595159,0.0,0.3830469818473528,0.0,0.0,0.0,0.0,0.0,0.0,0.3966368402803199,0.4385034148740722,0.0,0.0,0.0,0.3987206200018856,0.3942113363888411,0.4296794538386315,0.4104201521136713,0.0,0.0,0.450059476495335,0.4170937722142163,0.4506826122622306,0.4040750403801753,0.0,0.4113709302415326
0.3731346746811926,0.3590634001939113,0.0,0.0,0.4624910390400751,0.3856222938610019,0.4301314458455313,0.4426280408092377,0.4194589241705333,0.3758186006079997,0.0,0.0,0.4307508851457064,0.0,0.3944764699888951,0.0,0.3422710795676023,0.32386987174737,0.0,0.3718181238155571,0.385047874712987,0.3511921595997171,0.3979365816023289,0.0,0.3579323305839382,0.3922076729360093,0.3880640462099072,0.402585807931073,0.3863155793761501,0.3914096703946014,0.3444080258003396,0.3989429054687462,0.3769058429156955,0.3709461049216258,0.4115743065044518,0.0,0.0,0.0,0.4297859234425804,0.4124781146127225,0.4195085084106592,0.4285420496689374,0.0,0.0,0.0,0.409089671761279,0.4282935815338641,0.0,0.0,0.0,0.0,0.0,0.0,0.0,0.0,0.0,0.0,0.0,0.0,0.4350238083347703,0.4050533063691723,0.0,0.3764126871494797,0.0,0.4497551169051702,0.4332111448459408,0.4306576959199705,0.5515095537714461,0.0,0.3983511896783985,0.4310882810739501,0.0,0.0,0.484132274686146,0.0,0.4007430019388151
0.3542999645014886,0.0,0.0,0.0,0.0,0.0,0.4170991968575322,0.0,0.0,0.2989020646994825,0.0,0.3527804608080594,0.3937948695626075,0.0,0.0,0.3422710795676023,0.0,0.2944760641540704,0.0,0.0,0.0,0.3570957799596477,0.0,0.3325910630832422,0.3126875773588289,0.3373215790605929,0.0,0.3903541748871137,0.0,0.0,0.3228725526658608,0.3737853029279356,0.3364849403578051,0.3479635855855125,0.3308343387267311,0.0,0.0,0.0,0.0,0.3560894350052607,0.0,0.0,0.0,0.0,0.0,0.0,0.0,0.0,0.0,0.0,0.0,0.0,0.0,0.0,0.3914236280957388,0.0,0.4005420339452548,0.0,0.0,0.0,0.0,0.0,0.3803222445738059,0.0,0.0,0.0,0.0,0.0,0.4380577172564546,0.3817137502674223,0.3932017916145934,0.0,0.0,0.0,0.0,0.0
0.3641553424045786,0.3504132280190629,0.0,0.0,0.0,0.3767412975925893,0.4142251071124591,0.4326880144182862,0.0,0.3218922977953032,0.0,0.0,0.4055137750860658,0.0,0.3762080207857131,0.32386987174737,0.2944760641540704,0.0,0.0,0.3740017473104891,0.3853076309932171,0.3711109346835213,0.3952777809381851,0.3283414115191553,0.3280250253221433,0.360329853448819,0.3810346167992685,0.3936108227603074,0.3882511644448618,0.4187921778846877,0.3360568417668429,0.3856310679869105,0.3408452863066011,0.3601256575296573,0.3658362554460473,0.0,0.0,0.0,0.3940910189654059,0.3573829617884506,0.4052034937240607,0.4020428888664993,0.0,0.0,0.0,0.4005886636061224,0.4116683307104847,0.0,0.0,0.0,0.0,0.0,0.0,0.0,0.3787422525604215,0.0,0.3879572744026252,0.0,0.0,0.0,0.3883723506636961,0.3579928953653999,0.3634547031330218,0.0,0.0,0.0,0.401779150146776,0.0,0.3855329837822245,0.3847929364822863,0.3978168214355677,0.0,0.0,0.0,0.0,0.3741992092429895
0.0,0.0,0.2067894716237924,0.3710637492805427,0.3231068720705625,0.3445629202832074,0.394286042773726,0.3554774760246092,0.2409237000187899,0.4147551665651618,0.2350392708443278,0.0,0.3980274690095408,0.3092273808439591,0.0,0.0,0.0,0.0,0.0,0.0,0.0,0.0,0.2156462915692633,0.0,0.0,0.0,0.310222323449873,0.3911100111254381,0.0,0.0,0.4066873636154086,0.3659771548853242,0.0,0.402749808819232,0.371199347756081,0.3179717801860846,0.3925889528731929,0.4153286849788673,0.0,0.0,0.0,0.0,0.4068522338505783,0.0,0.0,0.0,0.0,0.4415460574118039,0.0,0.0,0.4780649920218445,0.0,0.4627700045317295,0.4491042217368208,0.0,0.3410159422937758,0.0,0.0,0.3433782566282614,0.0,0.0,0.0,0.0,0.4375225960432575,0.0,0.0,0.0,0.4859106149011155,0.0,0.0,0.0,0.4961127031415555,0.0,0.0,0.0,0.0
0.3756882295615054,0.3788704461870661,0.0,0.0,0.3706444465484282,0.3815145310283756,0.4162498063440986,0.3889440247152805,0.3903360049539081,0.0,0.0,0.0,0.4066047633405291,0.0,0.3283529668539662,0.3718181238155571,0.0,0.3740017473104891,0.0,0.0,0.3700625221714659,0.3482506877818381,0.3296270167692359,0.0,0.355794637419989,0.4025647662846944,0.3119995234730541,0.3424138692026585,0.3027531759718984,0.2987513283199938,0.3413515383346127,0.4019555183636103,0.3709535657155736,0.4018272991384057,0.430557563921922,0.0,0.0,0.0,0.4122172298565932,0.4079075633531495,0.4377160363129833,0.0,0.0,0.0,0.0,0.0,0.4344283165337163,0.0,0.0,0.0,0.4533657930217486,0.0,0.0,0.0,0.0,0.0,0.0,0.0,0.0,0.4085114908655972,0.0,0.0,0.0,0.0,0.4071604351156542,0.4011112724408123,0.4214932112836042,0.4286224585639223,0.0,0.0,0.4255786269338336,0.4238347185876277,0.0,0.4182048015127641,0.0,0.0
0.3758358181279339,0.3513769688277641,0.0,0.0,0.0,0.3860864658823168,0.0,0.3699962314353998,0.0,0.0,0.0,0.4641524077205358,0.4314226717134399,0.0,0.3294331924320599,0.385047874712987,0.0,0.3853076309932171,0.0,0.3700625221714659,0.0,0.3842331757668246,0.3612354893612589,0.4436873856048887,0.3906463473226285,0.3718982023621123,0.3877979086062513,0.4054266424404156,0.377501205197905,0.0,0.3584229637983074,0.3783808834547098,0.3396332383198381,0.3739578700111572,0.4184537857006205,0.0,0.0,0.0,0.4242671733676724,0.4166363039127516,0.4481384002787341,0.4661142638142392,0.0,0.0,0.0,0.3668873282589059,0.437390711894363,0.0,0.0,0.0,0.4179786523224232,0.0,0.3267798955166656,0.0,0.0,0.0,0.0,0.4740808266748828,0.0,0.3890610095081086,0.4210558392786326,0.0,0.0,0.0,0.4085130476149097,0.3470179329943108,0.4304598327649748,0.4052160426208706,0.0,0.4365728996736916,0.445519011175938,0.4182639279073875,0.4407704319861878,0.4024945398586265,0.0,0.0
0.3450167772512062,0.3549978547324028,0.0,0.0,0.4037293585023842,0.396074918487737,0.4417342685421006,0.4329788414196767,0.4063211054852784,0.0,0.0,0.0,0.4342038355480746,0.0,0.3462484581729652,0.3511921595997171,0.3570957799596477,0.3711109346835213,0.0,0.3482506877818381,0.3842331757668246,0.0,0.3913769866770718,0.0,0.3599163468590456,0.3886269600736766,0.3899191821000616,0.3833407862355246,0.3608357810504004,0.3471602464784351,0.3463557554184941,0.4031593126698427,0.3707714844464755,0.4051019063509192,0.4402274570276034,0.5368748691086082,0.0,0.0,0.4321118454605866,0.4284490973525899,0.4421933545663757,0.4524274352689054,0.0,0.0,0.0,0.425746905677538,0.439015853898435,0.0,0.0,0.0,0.4379785166972592,0.0,0.0,0.0,0.0,0.0,0.0,0.0,0.0,0.434165890271196,0.41462962872431,0.0,0.0,0.0,0.4190454091202992,0.4243689130463736,0.434986368223535,0.4190726323110961,0.0,0.3977129175149093,0.4519355949381741,0.4244247528984542,0.0,0.4239167045647935,0.0,0.4179741115225228
0.4153715480494158,0.3832878333954526,0.2687274180300485,0.3537478817107547,0.3625160057459872,0.3646244324764964,0.4087637762732356,0.3228441856069585,0.3727676910930962,0.0,0.217646710181478,0.0,0.4122837479221684,0.3274983691986327,0.3463044000421271,0.3979365816023289,0.0,0.3952777809381851,0.2156462915692633,0.3296270167692359,0.3612354893612589,0.3913769866770718,0.0,0.456463857217148,0.391541087190858,0.4027252089397513,0.3186514547992825,0.3967277548992649,0.3752369283523239,0.3868804924869761,0.3946968187301784,0.375802926703553,0.3567075617177933,0.4125940259414759,0.4232085182383322,0.3270614415924235,0.3841543909085685,0.4476228952034948,0.4412030306324527,0.3941104445551713,0.4570585293118831,0.4546374153824916,0.3371838130780578,0.0,0.0,0.0,0.4269960746382497,0.4446734584925332,0.0,0.4716575200887208,0.4615809215879101,0.4456412086910735,0.4362855915376201,0.4382935788426291,0.0,0.4140935128316373,0.0,0.4430449229658209,0.3867518068651167,0.4166127714173944,0.0,0.0,0.0,0.448670513416584,0.4374894744892945,0.4152514635186436,0.4209522476321546,0.4588430342212192,0.0,0.0,0.4354375365844458,0.4589399737527361,0.4461561622583391,0.4369014561592608,0.4411596571868382,0.451801324053864
0.3455680910230742,0.0,0.0,0.0,0.0,0.0,0.0,0.4679795799285836,0.0,0.2873482495009566,0.0,0.2615490738314819,0.3644024695614563,0.0,0.0,0.0,0.3325910630832422,0.3283414115191553,0.0,0.0,0.4436873856048887,0.0,0.456463857217148,0.0,0.3385919652127784,0.3071073952091485,0.0,0.3634649295076395,0.0,0.0,0.2971418050355298,0.2456163062136037,0.2451164248088702,0.2449176056541654,0.2350437582371019,0.0,0.0,0.2459013138141099,0.375589144772514,0.3177091069583591,0.3416602672920514,0.0,0.0,0.0,0.2763091404658896,0.3825780800169746,0.0,0.0,0.0,0.0,0.0,0.0,0.0,0.0,0.3669756783381585,0.0,0.3651745016979971,0.0,0.0,0.0,0.4068897476559877,0.4070269000062037,0.391839850243957,0.0,0.0,0.0,0.0,0.0,0.3758774965576678,0.393128801558902,0.3970273688592862,0.0,0.2724018655117098,0.0,0.0,0.3601058104502184
0.3471321602107857,0.3276067951885621,0.0,0.0,0.0,0.3650396005043692,0.3959199355892077,0.4279787202194854,0.4068409480247325,0.3213030012411244,0.0,0.3414147185466248,0.3941927625749898,0.0,0.364202555648183,0.3579323305839382,0.3126875773588289,0.3280250253221433,0.0,0.355794637419989,0.3906463473226285,0.3599163468590456,0.391541087190858,0.3385919652127784,0.0,0.3328488022993415,0.3696846724415798,0.3902337810740378,0.3702633624037276,0.0,0.3485679785245196,0.3666661658297157,0.3253535717808391,0.345871440825529,0.340340539443097,0.0,0.0,0.319475012726603,0.3945660366835596,0.3733675685503986,0.40802825136297,0.4046027797520715,0.0,0.0,0.0,0.3978280619095723,0.4063626765037922,0.0,0.0,0.0,0.0,0.0,0.0,0.0,0.3991192606566947,0.0,0.4034270151278562,0.0,0.0,0.0,0.3867148234012231,0.374473105849048,0.3861038402589474,0.0,0.4105990409465493,0.4170940735994292,0.3888148832758779,0.0,0.4022255071904892,0.3890293911723647,0.4009531063936878,0.0,0.0,0.4268580136735459,0.0,0.3785766672228171
0.3493541825533532,0.3459580931168042,0.0,0.0,0.0,0.3924356364377944,0.4102574376170656,0.4397331597376255,0.4328220635499823,0.3256607501826551,0.0,0.2870673549651942,0.4073551588745847,0.0,0.3589726192098593,0.3922076729360093,0.3373215790605929,0.360329853448819,0.0,0.4025647662846944,0.3718982023621123,0.3886269600736766,0.4027252089397513,0.3071073952091485,0.3328488022993415,0.0,0.4076111353436848,0.3882087190867301,0.3869632801780109,0.0,0.363151033327791,0.3868178636486581,0.3306597855186869,0.3679179464561876,0.3957540593786462,0.0,0.0,0.3127681146480031,0.4255846732664329,0.3917734254608313,0.427876282238231,0.444535756589764,0.0,0.0,0.2954179468039615,0.4104173294417933,0.4406499159968939,0.0,0.0,0.0,0.4587442551603003,0.0,0.0,0.0,0.4097218574308482,0.0,0.4099318139405117,0.0,0.0,0.4526975125981849,0.4071600583391427,0.3969291515672933,0.4004617781705716,0.0,0.4315989992832255,0.4324089280071418,0.4492164779905317,0.4368291723457623,0.4129663848088701,0.4019348218878028,0.4300503797799493,0.4379452826993064,0.0,0.444576348921447,0.0,0.3922508529641171
0.4033247914904823,0.3833292607945937,0.2953454048851108,0.390317280233922,0.3485902175664614,0.3381499541545721,0.4035980265478016,0.4079219440133368,0.3389262890448694,0.0,0.3497452477223581,0.0,0.410312293413925,0.3766341123515442,0.3759803987752964,0.3880640462099072,0.0,0.3810346167992685,0.310222323449873,0.3119995234730541,0.3877979086062513,0.3899191821000616,0.3186514547992825,0.0,0.3696846724415798,0.4076111353436848,0.0,0.4001776020987063,0.3292256704951027,0.3811741781937783,0.3846985012034438,0.3864724401940118,0.3736371315474147,0.4115538653163462,0.4202090617083966,0.3931241620871649,0.3967997772078339,0.0,0.4299102386241625,0.0,0.4561594277217036,0.4694624702735149,0.409558607636102,0.0,0.0,0.0,0.0,0.463745506121862,0.0,0.0,0.4676356672803216,0.4559281061948614,0.4634053112275935,0.4637927706282563,0.0,0.4480114656438728,0.0,0.4508124888658948,0.4413223357959012,0.4245305834824968,0.0,0.0,0.0,0.4847850896297224,0.4341234630502298,0.4469725075756263,0.4373541425158379,0.4757683499415216,0.0,0.0,0.4491131288929065,0.4643556235893517,0.4474211848770286,0.0,0.0,0.4541816738690929
0.414022836882629,0.3996658215029559,0.4128477250837867,0.2253578626119484,0.3596527502477357,0.3365543184672478,0.329073958514143,0.4124749223176749,0.405012067995518,0.3662619942342038,0.3922851395748167,0.3374983424156578,0.3241138293958978,0.2164292219845495,0.3653575176047228,0.402585807931073,0.3903541748871137,0.3936108227603074,0.3911100111254381,0.3424138692026585,0.4054266424404156,0.3833407862355246,0.3967277548992649,0.3634649295076395,0.3902337810740378,0.3882087190867301,0.4001776020987063,0.0,0.3143431583154503,0.2688434504899956,0.3288756137194407,0.337627094703726,0.3149663469453997,0.3230605142951683,0.2655896672861567,0.2385077758655525,0.2302226133361845,0.3144557591881993,0.4336114353745738,0.0,0.0,0.0,0.0,0.0,0.0,0.0,0.0,0.0,0.0,0.0,0.4466716439132882,0.0,0.4408662925214435,0.0,0.0,0.0,0.4093635470001303,0.0,0.0,0.4642116082974102,0.0,0.0,0.0,0.0,0.4378580629570994,0.0,0.0,0.4505031520030408,0.0,0.0,0.492405487293391,0.4524014395284601,0.0,0.0,0.0,0.0
0.0,0.3824802047438697,0.0,0.0,0.4116779104436794,0.3205330677781574,0.4053586982513484,0.3826477877514044,0.3861402566915921,0.0,0.0,0.0,0.3877856872257783,0.0,0.3501535210510375,0.3863155793761501,0.0,0.3882511644448618,0.0,0.3027531759718984,0.377501205197905,0.3608357810504004,0.3752369283523239,0.0,0.3702633624037276,0.3869632801780109,0.3292256704951027,0.3143431583154503,0.0,0.2872763856173389,0.3064108905028812,0.37510453892041,0.3650733679177547,0.3709311430773438,0.4114279438678544,0.3703880475888408,0.0,0.0,0.4114874750569954,0.0,0.0,0.0,0.0,0.0,0.0,0.0,0.0,0.0,0.0,0.0,0.0,0.0,0.0,0.0,0.0,0.0,0.0,0.0,0.0,0.3992432387461465,0.0,0.0,0.0,0.0,0.4138904280691207,0.0,0.4257063953681363,0.4411521143005367,0.0,0.0,0.4476663319457484,0.4313668043532934,0.0,0.0,0.0,0.0
0.0,0.0,0.0,0.0,0.0,0.3846589824037476,0.0,0.4011023210088199,0.4151568092085357,0.0,0.0,0.0,0.3849964204457741,0.0,0.0,0.3914096703946014,0.0,0.4187921778846877,0.0,0.2987513283199938,0.0,0.3471602464784351,0.3868804924869761,0.0,0.0,0.0,0.3811741781937783,0.2688434504899956,0.2872763856173389,0.0,0.2843214638096538,0.0,0.0,0.3205189327882218,0.0,0.0,0.0,0.0,0.0,0.0,0.0,0.0,0.0,0.0,0.0,0.0,0.0,0.0,0.0,0.0,0.0,0.0,0.0,0.0,0.0,0.0,0.0,0.0,0.0,0.0,0.0,0.0,0.0,0.0,0.0,0.0,0.0,0.0,0.0,0.0,0.0,0.4641216741772444,0.0,0.0,0.0,0.0
0.3518073107518248,0.3443306789487859,0.4225798805643276,0.4003736984504741,0.4040558965434535,0.3965398801236456,0.3932689678543875,0.4200992413951486,0.4144853323648138,0.3063517165849058,0.3917839769951602,0.3019154416925662,0.3698332740632042,0.3107390835041619,0.3626341859701293,0.3444080258003396,0.3228725526658608,0.3360568417668429,0.4066873636154086,0.3413515383346127,0.3584229637983074,0.3463557554184941,0.3946968187301784,0.2971418050355298,0.3485679785245196,0.363151033327791,0.3846985012034438,0.3288756137194407,0.3064108905028812,0.2843214638096538,0.0,0.3390284976694665,0.3133719289238624,0.2883677968777148,0.3026747470884646,0.3662762108431958,0.3142322405171294,0.2830731762133338,0.4085597134499936,0.3596183416742706,0.4087744183787776,0.0,0.0,0.0,0.0,0.0,0.4165205907909697,0.0,0.0,0.0,0.452588004528594,0.0,0.4552165136086571,0.0,0.3538783311163391,0.0,0.3412489807229738,0.0,0.0,0.3849677519261089,0.3919123025690791,0.0,0.3868239442362544,0.0,0.4224318678464372,0.3819254591943505,0.414775243581914,0.4448022066734918,0.0,0.3907514150555606,0.4234869121345782,0.4458316067744915,0.467896127202467,0.4222695018280941,0.0,0.0
0.3713320689905021,0.3584158395107816,0.3868123023227393,0.2644302383667902,0.376512836576529,0.3846032476752852,0.3524492446860859,0.3712164392716798,0.3828221718447311,0.3003956617675972,0.3274936526249598,0.220053356040975,0.35222370203029,0.2739894576168572,0.3821199348265754,0.3989429054687462,0.3737853029279356,0.3856310679869105,0.3659771548853242,0.4019555183636103,0.3783808834547098,0.4031593126698427,0.375802926703553,0.2456163062136037,0.3666661658297157,0.3868178636486581,0.3864724401940118,0.337627094703726,0.37510453892041,0.0,0.3390284976694665,0.0,0.3017049549640908,0.3068604083949549,0.3010733880545209,0.2700473212955964,0.2819362583984295,0.1974651904351493,0.3020803391386387,0.2932116297924767,0.3446565282051332,0.2895622510123385,0.2967781038510015,0.2977866209559702,0.0,0.4043829105946078,0.4222822333129998,0.0,0.0,0.0,0.4180634210551096,0.4653956596569908,0.4197401528606471,0.0,0.0,0.0,0.2475510548486605,0.4195152110429987,0.0,0.4088401143354083,0.4022668433441036,0.0,0.3878642168788995,0.0,0.4091498360425301,0.3940619520632158,0.4229739668702532,0.4286235650478598,0.2277380389418855,0.3984243756720316,0.4215523564983869,0.4222427433427385,0.4117375716691945,0.4002277603832144,0.0,0.4196284251009285
0.3305839976810384,0.3202685456462514,0.0,0.0,0.0,0.3765889515006724,0.3686742349458683,0.3965906306731597,0.3963577563238435,0.318768354027631,0.0,0.2754685617191961,0.3374998876294444,0.0,0.3466277440694637,0.3769058429156955,0.3364849403578051,0.3408452863066011,0.0,0.3709535657155736,0.3396332383198381,0.3707714844464755,0.3567075617177933,0.2451164248088702,0.3253535717808391,0.3306597855186869,0.3736371315474147,0.3149663469453997,0.3650733679177547,0.0,0.3133719289238624,0.3017049549640908,0.0,0.2145296008131208,0.3439341899879867,0.2790950511413874,0.2230749961970693,0.1774109417656993,0.2941472996858285,0.3012568970927411,0.3734240494216508,0.2515460134160583,0.0,0.0,0.1929980424032482,0.3827966108817989,0.4051335727816775,0.0,0.0,0.0,0.0,0.0,0.0,0.0,0.3403742764093413,0.0,0.3339398765288054,0.0,0.0,0.4090196485469056,0.3739403727456746,0.0,0.3578790293878568,0.0,0.4009277757644907,0.3715877452568785,0.4263685235318555,0.3912692381429112,0.3139255231443207,0.371375613789831,0.3849865205527085,0.3709300888393583,0.0,0.0,0.0,0.3501380213905541
0.3434774698614891,0.354604582726121,0.4177090156471055,0.2409702563577239,0.3920186927765141,0.4087264996910276,0.3633857331192632,0.4343706733247299,0.4116677222667117,0.3188883828958427,0.3873096811840872,0.2518090463306346,0.3617453023864841,0.0,0.4019681896039445,0.3709461049216258,0.3479635855855125,0.3601256575296573,0.402749808819232,0.4018272991384057,0.3739578700111572,0.4051019063509192,0.4125940259414759,0.2449176056541654,0.345871440825529,0.3679179464561876,0.4115538653163462,0.3230605142951683,0.3709311430773438,0.3205189327882218,0.2883677968777148,0.3068604083949549,0.2145296008131208,0.0,0.2816899729462588,0.3134853994720297,0.2359116947944178,0.2082393491791715,0.3306573197548452,0.3628756263540112,0.3914551052630126,0.3097480789550749,0.0,0.0,0.2342533635320737,0.3810259831965358,0.4146358800131557,0.0,0.0,0.0,0.451890254142765,0.0,0.4655904394330385,0.0,0.3324852796065995,0.0,0.3230655457983913,0.0,0.0,0.431212647155038,0.3876374324481038,0.0,0.3787678378269992,0.0,0.4284586708730377,0.4147312004451424,0.4312989125261642,0.4642727157071379,0.2764320304669483,0.3916916271718029,0.4206889836500663,0.4528824557350503,0.4501578914114031,0.4329052603835593,0.0,0.4715636379524152
0.3720285806763009,0.3795555599051453,0.0,0.2297581512822966,0.3875906700095973,0.4183687430535847,0.4613123732327264,0.4445042067730497,0.4074013272307402,0.2873298619705438,0.3778534363070759,0.2665362123352902,0.3912731586468089,0.0,0.4325954169481526,0.4115743065044518,0.3308343387267311,0.3658362554460473,0.371199347756081,0.430557563921922,0.4184537857006205,0.4402274570276034,0.4232085182383322,0.2350437582371019,0.340340539443097,0.3957540593786462,0.4202090617083966,0.2655896672861567,0.4114279438678544,0.0,0.3026747470884646,0.3010733880545209,0.3439341899879867,0.2816899729462588,0.0,0.3237166253766804,0.2805818663140656,0.2031321584783822,0.3202819323533016,0.3099604444574991,0.3306860862139888,0.3317461321323718,0.0,0.0,0.0,0.0,0.4312648353001674,0.0,0.0,0.0,0.0,0.0,0.0,0.0,0.0,0.0,0.3196009153857327,0.0,0.0,0.4478406170418638,0.4131902361771996,0.0,0.0,0.0,0.4431283104651113,0.0,0.4506752153192669,0.4474235977720395,0.0,0.4034832911074283,0.4470978767723932,0.4475414715524125,0.0,0.461226440539258,0.0,0.0
0.0,0.0,0.3445482770732554,0.2010694276695251,0.219307501431201,0.3837508239605396,0.2673934498342125,0.226829155792699,0.3765975595396642,0.3527989556134071,0.2371502582876427,0.2991345046339204,0.3057262185160549,0.1978926621547592,0.0,0.0,0.0,0.0,0.3179717801860846,0.0,0.0,0.5368748691086082,0.3270614415924235,0.0,0.0,0.0,0.3931241620871649,0.2385077758655525,0.3703880475888408,0.0,0.3662762108431958,0.2700473212955964,0.2790950511413874,0.3134853994720297,0.3237166253766804,0.0,0.2308569153973981,0.2882911289257749,0.27566303627185,0.227823102820022,0.2724809513517021,0.259320487157741,0.0,0.29759970603812,0.0,0.0,0.0,0.0,0.0,0.0,0.3670541471969774,0.0,0.2915032775873221,0.0,0.0,0.2922687761187085,0.0,0.0,0.0,0.0,0.0,0.0,0.0,0.0,0.0,0.0,0.0,0.0,0.0,0.0,0.0,0.3933360019775608,0.0,0.0,0.0,0.0
0.0,0.0,0.3976349778973648,0.1823226950735583,0.2122498590511799,0.3937052835088365,0.2545666735359722,0.2886557297677147,0.3902730960513593,0.2579290753682679,0.3730420511026692,0.2708463588473212,0.2555525372862779,0.1652411515956416,0.0,0.0,0.0,0.0,0.3925889528731929,0.0,0.0,0.0,0.3841543909085685,0.0,0.0,0.0,0.3967997772078339,0.2302226133361845,0.0,0.0,0.3142322405171294,0.2819362583984295,0.2230749961970693,0.2359116947944178,0.2805818663140656,0.2308569153973981,0.0,0.2568476721071526,0.2376848149895405,0.0,0.2352592510666547,0.2684832400605537,0.3233552236736564,0.0,0.0,0.0,0.0,0.0,0.0,0.0,0.0,0.0,0.0,0.0,0.0,0.0,0.0,0.0,0.0,0.0,0.0,0.0,0.0,0.0,0.0,0.0,0.0,0.0,0.0,0.0,0.0,0.0,0.0,0.0,0.0,0.0
0.4051977860549396,0.0,0.0,0.0,0.0,0.0,0.0,0.0,0.3946926672043573,0.2652227950583943,0.4018149177921333,0.2212617661576525,0.3351220657828899,0.0,0.0,0.0,0.0,0.0,0.4153286849788673,0.0,0.0,0.0,0.4476228952034948,0.2459013138141099,0.319475012726603,0.3127681146480031,0.0,0.3144557591881993,0.0,0.0,0.2830731762133338,0.1974651904351493,0.1774109417656993,0.2082393491791715,0.2031321584783822,0.2882911289257749,0.2568476721071526,0.0,0.2297780453491599,0.2050721294820871,0.220553637631878,0.0,0.0,0.0,0.2134102387209638,0.0,0.0,0.0,0.0,0.0,0.0,0.0,0.0,0.0,0.2794099290672064,0.0,0.2763529749350632,0.0,0.0,0.0,0.0,0.0,0.0,0.0,0.0,0.0,0.0,0.0,0.2721527053132575,0.0,0.3238785457142201,0.0,0.0,0.0,0.0,0.0
0.3998519295491051,0.4159411104353264,0.4367781978395974,0.0,0.0,0.4230432651519767,0.0,0.3967691334107966,0.0,0.3392704038832795,0.3581499005393064,0.3675436011108803,0.0,0.0,0.4256814244999761,0.4297859234425804,0.0,0.3940910189654059,0.0,0.4122172298565932,0.4242671733676724,0.4321118454605866,0.4412030306324527,0.375589144772514,0.3945660366835596,0.4255846732664329,0.4299102386241625,0.4336114353745738,0.4114874750569954,0.0,0.4085597134499936,0.3020803391386387,0.2941472996858285,0.3306573197548452,0.3202819323533016,0.27566303627185,0.2376848149895405,0.2297780453491599,0.0,0.3013075132278157,0.3478453297869254,0.3129697919827405,0.2025885152664987,0.2695709988289147,0.2335645338893204,0.3617387101893014,0.3649870463076758,0.3380736933956557,0.2292664092125217,0.3109902524302492,0.342609820405528,0.3300761591528695,0.2857562986335417,0.3799505472642979,0.2940780332586645,0.2883952248547781,0.2441025641813969,0.3458830294498882,0.2419315624198728,0.3839070955375606,0.3750421649173642,0.3715306121365364,0.3889220849224551,0.3568436123581197,0.4081201878365292,0.3781935802440592,0.4081027924853617,0.3595824354856402,0.3117020086229601,0.3669046899419294,0.3757862594195714,0.379777992455604,0.3136902581812849,0.3930395118666074,0.0,0.3315139338432672
0.3771688202607292,0.4183220625686723,0.0,0.0,0.0,0.0,0.0,0.0,0.0,0.3091102450519446,0.0,0.3071363863667239,0.0,0.0,0.4079645347875898,0.4124781146127225,0.3560894350052607,0.3573829617884506,0.0,0.4079075633531495,0.4166363039127516,0.4284490973525899,0.3941104445551713,0.3177091069583591,0.3733675685503986,0.3917734254608313,0.0,0.0,0.0,0.0,0.3596183416742706,0.2932116297924767,0.3012568970927411,0.3628756263540112,0.3099604444574991,0.227823102820022,0.0,0.2050721294820871,0.3013075132278157,0.0,0.2337795755492866,0.3154207281008317,0.2766108944995614,0.2269774108379803,0.1821682591887151,0.3089690771128334,0.3132014736896634,0.0,0.0,0.3855424867295883,0.3576809937650559,0.3375713095724534,0.0,0.3658079617144596,0.2869019881035854,0.0,0.2451986722936729,0.3528564970139431,0.0,0.3310482484432028,0.3161870194537275,0.3140783944023982,0.3170519092067758,0.0,0.3292649121489457,0.3262906267070249,0.3428513436258181,0.3403066233699334,0.2519947352135616,0.2983262815865618,0.3141007673321908,0.343136497550242,0.3115729225217251,0.3478434173036409,0.3115403426119671,0.2972123029140504
0.3969490235909471,0.4230635395682444,0.0,0.0,0.0,0.4507128920990234,0.0,0.4702265949773067,0.0,0.3316546191691349,0.0,0.3250250292556264,0.0,0.0,0.4406047642084641,0.4195085084106592,0.0,0.4052034937240607,0.0,0.4377160363129833,0.4481384002787341,0.4421933545663757,0.4570585293118831,0.3416602672920514,0.40802825136297,0.427876282238231,0.4561594277217036,0.0,0.0,0.0,0.4087744183787776,0.3446565282051332,0.3734240494216508,0.3914551052630126,0.3306860862139888,0.2724809513517021,0.2352592510666547,0.220553637631878,0.3478453297869254,0.2337795755492866,0.0,0.3314175828417261,0.2644154350164468,0.2566426349315678,0.2002784726435066,0.3299377469723267,0.351134261029756,0.3627867648717314,0.1931505655775401,0.3618751538885907,0.3839082796062176,0.3506035118830456,0.3952867857545289,0.3981757439399458,0.3150880438369233,0.3939815849529854,0.2539452632395071,0.3677404022021961,0.0,0.4029387324071607,0.3337085723460171,0.3361426765742016,0.3504236446709651,0.4208001733438642,0.4084859866668194,0.3793126599109909,0.378322518453008,0.3890438700757934,0.2939424968112524,0.3394856264943972,0.3556407425769006,0.3940830371094426,0.3358338389198451,0.3762030665626535,0.352950392472747,0.2648634385243552
0.0,0.4316818218040933,0.0,0.0,0.0,0.0,0.0,0.0,0.0,0.3070790075959893,0.0,0.0,0.0,0.0,0.4605696815599728,0.4285420496689374,0.0,0.4020428888664993,0.0,0.0,0.4661142638142392,0.4524274352689054,0.4546374153824916,0.0,0.4046027797520715,0.444535756589764,0.4694624702735149,0.0,0.0,0.0,0.0,0.2895622510123385,0.2515460134160583,0.3097480789550749,0.3317461321323718,0.259320487157741,0.2684832400605537,0.0,0.3129697919827405,0.3154207281008317,0.3314175828417261,0.0,0.2492583147294466,0.2380635573409072,0.2497611010110696,0.3741047704740164,0.3913410030536393,0.0,0.1272841393628259,0.3263794304745808,0.3889498302560477,0.3271283689114126,0.0,0.3946971282430099,0.2962564997751692,0.383294866708279,0.2511716824353701,0.3422406168395861,0.0,0.4266049708458999,0.3805515026162551,0.3493456680444254,0.3846997734242939,0.4202587878713005,0.4314971319402229,0.4273307742421042,0.434080473533846,0.3921953777889139,0.3383574768988472,0.3688014710481206,0.3949932022572805,0.3942721823293291,0.2627912291651467,0.4141083970681476,0.2971038096196093,0.2560393880003641
0.0,0.0,0.3741205678858345,0.0,0.0,0.0,0.0,0.2980341689491274,0.4249628943921437,0.0,0.3103428976574361,0.0,0.0,0.2804060563722252,0.0,0.0,0.0,0.0,0.4068522338505783,0.0,0.0,0.0,0.3371838130780578,0.0,0.0,0.0,0.409558607636102,0.0,0.0,0.0,0.0,0.2967781038510015,0.0,0.0,0.0,0.0,0.3233552236736564,0.0,0.2025885152664987,0.2766108944995614,0.2644154350164468,0.2492583147294466,0.0,0.2006652387755307,0.270039110090272,0.0,0.0,0.3474943241080505,0.1739156688788138,0.1866979056847236,0.3718244833595273,0.2623360618806544,0.2716188174289342,0.3778900181296239,0.3837594434269614,0.2896466430567372,0.2973941248515167,0.2965093291192908,0.207383935553318,0.0,0.0,0.3643475400903086,0.0,0.3395898562301015,0.4255260184293865,0.3774922739920458,0.4416059978569958,0.317009885311472,0.3489854052636537,0.3366035148817193,0.3598869787442088,0.3757069104299299,0.2546571570432261,0.3728219998213073,0.0,0.3610040545319444
