0.0,0.3853019098453457,0.0,0.0,0.0,0.0,0.0,0.4578433273129985,0.0,0.3980365258608486,0.0,0.0,0.0,0.0,0.34722077555083,0.3726370178243461,0.338092493699264,0.3532503877530675,0.0,0.3807571237811452,0.3687323467474303,0.3864359034324043,0.4186291812221263,0.3569457540709421,0.3551344124950222,0.3310046600182125,0.3944464274122578,0.0,0.4516718616659217,0.0,0.3370052573824635,0.3861095444172398,0.3082258244409137,0.3414473291244459,0.3975706568268968,0.0,0.0,0.0,0.4117876937218756,0.4067021899528009,0.412841614482622,0.0,0.0,0.0,0.0,0.3447502167224138,0.4332696040052806,0.0,0.0,0.0,0.0,0.0,0.0,0.0,0.0,0.0,0.0,0.0,0.0,0.0,0.4236968221488723,0.0,0.40331119091152,0.0,0.0,0.292860039187847,0.4644073396919544,0.0,0.3331141949102896,0.4063035019578872,0.4306011088034289,0.0,0.0,0.0,0.0,0.4048137171352242
0.3853019098453457,0.0,0.0,0.0,0.4256141655896289,0.416027343222222,0.4212237301724839,0.448025120437331,0.4004762443998285,0.0,0.0,0.0,0.44540981658511,0.0,0.4010429765428753,0.3690952650979955,0.0,0.3534985515840775,0.0,0.3960663412920834,0.4075525197495071,0.353160422109755,0.4161131459865356,0.0,0.3304054474742187,0.3595659415589126,0.4029968118520656,0.4367660382300455,0.4169580641047927,0.0,0.3607919804405066,0.40386293705131,0.3326096021642254,0.3793288882652378,0.4381708541646268,0.0,0.0,0.0,0.4245009150441299,0.422777545920688,0.4342588542738322,0.4508130155873609,0.0,0.0,0.0,0.4297450898091439,0.4493261143212628,0.0,0.0,0.0,0.0,0.0,0.0,0.0,0.0,0.0,0.0,0.0,0.0,0.4464869656312657,0.4340670798724804,0.0,0.4235923256748255,0.0,0.4336555366186113,0.4381822049264373,0.4476756932960918,0.4618622392925612,0.0,0.4288107438886882,0.454465992824768,0.4536712419918431,0.0,0.4397417835390401,0.0,0.4042422158220895
0.0,0.0,0.0,0.4116912691807631,0.356743177504726,0.379730542896212,0.3881376007185783,0.408090822829001,0.2839245412814478,0.4613207189777306,0.2913845918113926,0.0,0.3969033298314629,0.3893547574463522,0.0,0.0,0.0,0.0,0.2448142128082271,0.0,0.0,0.0,0.3119936816143941,0.0,0.0,0.0,0.3144563514494243,0.3939703936217197,0.0,0.0,0.4192996867028002,0.3857139261593483,0.0,0.4092391284245406,0.4015362600949661,0.3852953870219268,0.4067016585549069,0.0,0.4974008518446868,0.0,0.0,0.0,0.4592473429791236,0.0,0.0,0.0,0.0,0.3161879369972827,0.0,0.5036585525808158,0.4826209042208927,0.5045922400393563,0.489927321590034,0.5063046537820151,0.0,0.4565378430430242,0.0,0.5423710187835892,0.4733578935167848,0.0,0.0,0.0,0.0,0.4848669962883384,0.0,0.0,0.0,0.5041461398090232,0.0,0.0,0.0,0.486915879049694,0.0,0.0,0.0,0.0
0.0,0.0,0.4116912691807631,0.0,0.2184692928880098,0.3888694934145662,0.2550150640523557,0.2293142809534702,0.3815140150381469,0.1988912745358949,0.3678184823362783,0.0,0.3055995195468915,0.1917506416114257,0.0,0.0,0.0,0.0,0.3944905503090835,0.4665355603137226,0.0,0.0,0.3927857937164011,0.0,0.0,0.0,0.4160276537333842,0.2460957868154275,0.4842971762055735,0.0,0.304617980903674,0.2947260065761974,0.0,0.3416239674248222,0.3559174409211275,0.1739010777712112,0.1646368296384231,0.0,0.0,0.0,0.0,0.0,0.0,0.0,0.0,0.0,0.0,0.0,0.0,0.0,0.0,0.0,0.0,0.0,0.0,0.0,0.0,0.0,0.0,0.0,0.0,0.0,0.0,0.0,0.0,0.0,0.0,0.0,0.0,0.0,0.0,0.0,0.0,0.0,0.0,0.0
0.0,0.4256141655896289,0.356743177504726,0.2184692928880098,0.0,0.3656709668428867,0.317683954246061,0.3632174333680921,0.3241162645041855,0.4067464581437415,0.3233220159295524,0.3888921290939507,0.3765080213196233,0.2663942439006683,0.0,0.4570702093529659,0.0,0.0,0.3422741611712576,0.3691293096344759,0.0,0.4113786525647923,0.3658629778580223,0.0,0.4389483497208956,0.0,0.3560241883860534,0.3466072505538372,0.3858378788134917,0.0,0.4270885084880442,0.3558062553361923,0.0,0.4159471520999109,0.3693640592267097,0.210391396559438,0.2606394901716382,0.391738407220272,0.4941033013840826,0.0,0.0,0.0,0.4071532894981035,0.0,0.0,0.0,0.0,0.4962307304409933,0.0,0.590699288614939,0.0,0.0,0.4626331071008258,0.5213985246946373,0.0,0.4482155937998904,0.0,0.0,0.0,0.0,0.0,0.0,0.0,0.5190314978678926,0.0,0.0,0.0,0.4633142797986153,0.0,0.0,0.0,0.4845703813552312,0.0,0.0,0.0,0.0
0.0,0.416027343222222,0.379730542896212,0.3888694934145662,0.3656709668428867,0.0,0.3782253755623104,0.3769719370739435,0.3177308312352112,0.4112774411372025,0.3701616935802087,0.0,0.3758325817149476,0.3647160192885103,0.408328545575122,0.4356072895132965,0.0,0.4139020932942121,0.356114147857085,0.3941097269915687,0.3722067594088287,0.4086309955772938,0.3683653184605486,0.0,0.4112588073317145,0.4147633564751671,0.361566117475111,0.3803509922384627,0.3281102574365703,0.3982318234807173,0.4092137700228099,0.388957505662607,0.3726424080034696,0.4103381272137351,0.4205497986198298,0.4113388110998301,0.4127205639261664,0.0,0.4869638571449095,0.0,0.4936415179401925,0.530860793314139,0.4523736254513001,0.0,0.0,0.0,0.0,0.5014373926120876,0.0,0.5102744695133475,0.4666950102206178,0.4988717722984824,0.4408198473163431,0.5105231740888223,0.0,0.4813059028140588,0.0,0.4920198121029581,0.0,0.4734724288945161,0.0,0.0,0.0,0.5047782975036633,0.4622651681205214,0.0,0.4570702548226113,0.4770049895451239,0.0,0.0,0.4945579613698559,0.4699389306631351,0.4833461067083938,0.4681997744318348,0.5072640788542817,0.4955707945148176
0.0,0.4212237301724839,0.3881376007185783,0.2550150640523557,0.317683954246061,0.3782253755623104,0.0,0.421214874628476,0.3727397864683183,0.3707553147465477,0.4199559513785684,0.3721022863226947,0.3456841361556336,0.3111381350735978,0.0,0.4436036301680558,0.4472728875957615,0.425197746912426,0.4142656923576816,0.4185868642103146,0.0,0.4466718942122604,0.3945983196144275,0.3977847895053576,0.4121848954811641,0.4330884670422825,0.3838932646445055,0.3411482498772528,0.4094416480610381,0.0,0.4055086808815013,0.3828293901448536,0.3926666000913112,0.3841096005132157,0.315634335410558,0.265875173878509,0.2781164093780744,0.3651801153965235,0.0,0.0,0.5558220821269891,0.0,0.4578259715213424,0.0,0.0,0.0,0.0,0.5584843496745209,0.0,0.0,0.538124594829701,0.0,0.5014954652210287,0.0,0.0,0.0,0.0,0.0,0.0,0.0,0.0,0.0,0.0,0.0,0.0,0.0,0.0,0.4764819141799248,0.0,0.0,0.0,0.4820717182007898,0.0,0.0,0.0,0.0
0.4578433273129985,0.448025120437331,0.408090822829001,0.2293142809534702,0.3632174333680921,0.3769719370739435,0.421214874628476,0.0,0.4216589890567057,0.4542952960485805,0.3433086345354463,0.0,0.4215249158037917,0.2995071204919214,0.3026865063995717,0.455824893607626,0.0,0.0,0.427701939286881,0.3944119660182475,0.3475911018106629,0.4168444470422647,0.3470061230356875,0.4705927111821916,0.434517806674333,0.4422540941432037,0.4014094019214137,0.4104093126639257,0.3835635565072288,0.4039074014386891,0.4279960709020617,0.3050878341814668,0.2991028670512733,0.4363308865580362,0.4339017691013757,0.2276099873823229,0.3309810202208539,0.0,0.4536384255268508,0.0,0.4979587042983525,0.0,0.3222528383721432,0.0,0.0,0.0,0.0,0.5155090686438026,0.0,0.4690452719425351,0.4569411234648433,0.4540803655797104,0.3512847185147605,0.5090839587984266,0.0,0.4343535126028428,0.0,0.4685762010449135,0.4176438569422556,0.4776266503253216,0.0,0.0,0.0,0.5097861017684026,0.4482456854139929,0.4104423634883511,0.0,0.451899995846619,0.0,0.0,0.0,0.4573235269968697,0.4707826154664808,0.4452477667258478,0.0,0.5014946577306441
0.0,0.4004762443998285,0.2839245412814478,0.3815140150381469,0.3241162645041855,0.3177308312352112,0.3727397864683183,0.4216589890567057,0.0,0.4306096012511318,0.3079518615374802,0.4493077681961847,0.361419508910673,0.3800945576252327,0.0,0.4500252918742293,0.0,0.0,0.2659477685864055,0.3630706907892657,0.0,0.3925719877763419,0.3645852554485174,0.0,0.0,0.0,0.3453845922343925,0.3993261472359976,0.361387454760969,0.3922894778136375,0.4298732664209407,0.3953526130665459,0.4372675192499021,0.4175772738064958,0.409551826784528,0.3992634125044412,0.4021690224783342,0.4311042434373443,0.4750411450177018,0.0,0.0,0.0,0.4467958323800761,0.0,0.0,0.0,0.0,0.4890654013268226,0.0,0.5319999843175297,0.4918787578910706,0.5362584561107357,0.45555084166297,0.5283479046169761,0.0,0.4865182129649287,0.0,0.0,0.4737008371919384,0.0,0.0,0.0,0.0,0.5244696469455488,0.0,0.0,0.0,0.4833440795880934,0.0,0.0,0.0,0.4617349156937879,0.0,0.0,0.0,0.0
0.3980365258608486,0.0,0.4613207189777306,0.1988912745358949,0.4067464581437415,0.4112774411372025,0.3707553147465477,0.4542952960485805,0.4306096012511318,0.0,0.4278017359023278,0.2989420676857995,0.3855846242880482,0.0,0.0,0.3655984461271519,0.3125814596289109,0.3403395418312445,0.4396857175517825,0.0,0.0,0.3977105577709403,0.4278721631811855,0.33072018213965,0.315478662969863,0.3336800007800229,0.4314084180515175,0.3617005515655533,0.4826545113568368,0.0,0.3019431612137015,0.3146251188571681,0.2974342130413439,0.2717805257320423,0.2702139617609955,0.3127523414255715,0.2609364953140384,0.2765941847042411,0.2960813422928723,0.3269004320598595,0.3402322402823644,0.2597980775182855,0.0,0.0,0.3385325559542946,0.4441161806852916,0.0,0.0,0.0,0.0,0.0,0.0,0.0,0.0,0.442861114338046,0.0,0.4438241187092859,0.4297997180410992,0.0,0.0,0.0,0.4145908432406568,0.3886562925682087,0.0,0.0,0.0,0.0,0.0,0.4179295943269178,0.4084727816280052,0.4345033036140829,0.0,0.3981983396384302,0.0,0.0,0.4194146353280938
0.0,0.0,0.2913845918113926,0.3678184823362783,0.3233220159295524,0.3701616935802087,0.4199559513785684,0.3433086345354463,0.3079518615374802,0.4278017359023278,0.0,0.4354354536642766,0.4316755345429465,0.2757557741960246,0.0,0.0,0.0,0.0,0.2509389973638905,0.0,0.0,0.0,0.2800178220508714,0.4480383172297116,0.0,0.0,0.3690415283580119,0.4224635851899665,0.0,0.0,0.4608205885060299,0.384846441180998,0.0,0.4278986273788679,0.4189634553677564,0.3141754922860414,0.410362999293231,0.4165166411011225,0.4477490335473143,0.0,0.0,0.0,0.4154904255207523,0.0,0.0,0.0,0.0,0.4563753678058289,0.0,0.4442119991418852,0.0,0.475781744290995,0.4622087994539009,0.4853918106648812,0.0,0.3282184584789711,0.0,0.5117067779351447,0.438980092513426,0.0,0.0,0.0,0.0,0.2885340644747821,0.0,0.0,0.0,0.4931775166262837,0.0,0.0,0.0,0.0,0.0,0.0,0.0,0.0
0.0,0.0,0.0,0.0,0.3888921290939507,0.0,0.3721022863226947,0.0,0.4493077681961847,0.2989420676857995,0.4354354536642766,0.0,0.3754354456973225,0.0,0.0,0.0,0.3437948710526342,0.3496026546755498,0.0,0.0,0.0,0.0,0.0,0.2849392981844226,0.3292723196402655,0.30607565028833,0.0,0.3539108186012008,0.0,0.0,0.3022832545822927,0.2545642362120472,0.2305469309868469,0.2185284301809245,0.2653965864907742,0.3348273980594872,0.2767762256205442,0.1819214370424697,0.2301720013985265,0.3116048684344105,0.3318898028735809,0.0,0.0,0.0,0.3072477362272274,0.0,0.0,0.0,0.0,0.0,0.0,0.0,0.0,0.0,0.4321618652619551,0.0,0.4382107096630236,0.4410589356928748,0.0,0.0,0.0,0.4085913724246107,0.3814131086770498,0.0,0.0,0.0,0.0,0.0,0.4116162669893236,0.4021584025809771,0.4284105210544647,0.0,0.4001664521902257,0.0,0.0,0.3879109008468522
0.0,0.44540981658511,0.3969033298314629,0.3055995195468915,0.3765080213196233,0.3758325817149476,0.3456841361556336,0.4215249158037917,0.361419508910673,0.3855846242880482,0.4316755345429465,0.3754354456973225,0.0,0.375884962204383,0.4391127305456608,0.4675525829440696,0.3983771212517462,0.4337444490514149,0.4265379837291845,0.4293655140623332,0.4203616034271383,0.4636050676771401,0.4084821670237039,0.389019229223175,0.4323306780344528,0.423601362544085,0.3979748526817823,0.3373051728861108,0.4029221430131838,0.4008606469355212,0.3932253689034383,0.3920612510881744,0.3781477046467666,0.3929368853000048,0.3814177215649769,0.3418197956599987,0.329825838782945,0.3655257779933888,0.4781030624069207,0.4470726421162737,0.4611566408423909,0.5243771682475226,0.4545844796516025,0.0,0.0,0.0,0.0,0.5458004701402916,0.0,0.0,0.4861799320751511,0.0,0.4631849687397409,0.0,0.0,0.5386862090736384,0.0,0.0,0.0,0.6190069102641825,0.0,0.0,0.0,0.0,0.5266033516793653,0.0,0.0,0.4859091892160345,0.0,0.0,0.0,0.4733461178985861,0.0,0.5056480203889895,0.0,0.0
0.0,0.0,0.3893547574463522,0.1917506416114257,0.2663942439006683,0.3647160192885103,0.3111381350735978,0.2995071204919214,0.3800945576252327,0.0,0.2757557741960246,0.0,0.375884962204383,0.0,0.0,0.0,0.0,0.0,0.3775739532590019,0.0,0.0,0.0,0.3499762844414948,0.0,0.0,0.0,0.3920836345611606,0.273981290262773,0.0,0.0,0.3836242820884709,0.3074395696606426,0.0,0.3819158456530687,0.0,0.2114430571046954,0.1636522589317116,0.0,0.3576733515966682,0.0,0.0,0.0,0.3561836067230198,0.0,0.0,0.0,0.0,0.505422319438647,0.0,0.0,0.0,0.0,0.0,0.450586985938091,0.0,0.4355982757063739,0.0,0.0,0.0,0.0,0.0,0.0,0.0,0.0,0.0,0.0,0.0,0.4661684865668266,0.0,0.0,0.0,0.0,0.0,0.0,0.0,0.0
0.34722077555083,0.4010429765428753,0.0,0.0,0.0,0.408328545575122,0.0,0.3026865063995717,0.0,0.0,0.0,0.0,0.4391127305456608,0.0,0.0,0.4451826960317458,0.0,0.3887173066995429,0.0,0.2873276720249063,0.3409018956618944,0.3481574182002254,0.3483824534424095,0.4144947972128799,0.3769580577638288,0.3519315835493089,0.363797750851393,0.0,0.406188709454447,0.0,0.4056141687561105,0.4157545875867994,0.3852822501513777,0.420728012316414,0.4518653745323204,0.4670307869772069,0.0,0.0,0.4506219025116701,0.4402734234601809,0.4503873436809614,0.4753665024692262,0.5374651737544747,0.0,0.0,0.0,0.4647424979652781,0.0,0.0,0.0,0.4548543365493902,0.0,0.3888683966806852,0.0,0.0,0.0,0.0,0.0,0.0,0.4640995682187506,0.4799969790187869,0.0,0.0,0.0,0.440337396238054,0.4320389423110422,0.4669333492672587,0.4421147312936228,0.0,0.5127251630115108,0.4759307991258417,0.4464955841537159,0.4914379245885748,0.4467573573199426,0.0,0.4493129641283454
0.3726370178243461,0.3690952650979955,0.0,0.0,0.4570702093529659,0.4356072895132965,0.4436036301680558,0.455824893607626,0.4500252918742293,0.3655984461271519,0.0,0.0,0.4675525829440696,0.0,0.4451826960317458,0.0,0.3548227980354755,0.3405037310773501,0.0,0.4015625087661678,0.4191259543793643,0.3601051156432159,0.4366343395171141,0.3664291522074723,0.3583787777842282,0.3935722386527894,0.4219328049028285,0.4362232210673828,0.4252043886333932,0.4195522249300319,0.3371313776243871,0.418759483426678,0.3482305098691624,0.3672914460356956,0.4316524516475541,0.0,0.0,0.0,0.4174092725526213,0.4079279392113312,0.4125442668312417,0.4285123705371195,0.0,0.0,0.0,0.4353510682173582,0.4304752623234983,0.0,0.0,0.0,0.0,0.0,0.0,0.0,0.0,0.0,0.0,0.0,0.0,0.4635321094714103,0.419020186507011,0.0,0.4028729269617163,0.0,0.464501927005634,0.4563738749046359,0.4340730864685367,0.0,0.0,0.4142301799732988,0.4450774763396609,0.0,0.0,0.4823427227308197,0.0,0.3992527029025612
0.338092493699264,0.0,0.0,0.0,0.0,0.0,0.4472728875957615,0.0,0.0,0.3125814596289109,0.0,0.3437948710526342,0.3983771212517462,0.0,0.0,0.3548227980354755,0.0,0.2968534551972163,0.0,0.3967510763756185,0.0,0.3672733221887521,0.0,0.3570230152383297,0.2711120778148118,0.3455196884435666,0.0,0.3804204964655689,0.0,0.0,0.3164594088597842,0.3845697935925371,0.3179930217020649,0.3288810170201977,0.3490150945591141,0.0,0.0,0.3118920705203186,0.0,0.3633081294273331,0.0,0.0,0.0,0.0,0.0,0.0,0.0,0.0,0.0,0.0,0.0,0.0,0.0,0.0,0.442712645744946,0.0,0.4355325938275217,0.0,0.0,0.0,0.0,0.4299608293984964,0.4053824494228958,0.0,0.0,0.0,0.0,0.0,0.4230118156409709,0.4254072390493993,0.4367127330292059,0.0,0.0,0.0,0.0,0.0
0.3532503877530675,0.3534985515840775,0.0,0.0,0.0,0.4139020932942121,0.425197746912426,0.0,0.0,0.3403395418312445,0.0,0.3496026546755498,0.4337444490514149,0.0,0.3887173066995429,0.3405037310773501,0.2968534551972163,0.0,0.0,0.3906241934847428,0.4053406017168461,0.3728563011168387,0.41512013860522,0.3482025425374751,0.3234651204820959,0.3580451445174302,0.4023271517042859,0.4042996624798995,0.4194561612387286,0.4273620025487744,0.3332978232765549,0.3888825539934171,0.3234385590389252,0.3552253849592521,0.3808310747686587,0.0,0.0,0.0,0.4282559048127431,0.4092468536656267,0.423354364862319,0.4180508161330361,0.0,0.0,0.0,0.4018121403612783,0.4057636277268078,0.0,0.0,0.0,0.0,0.0,0.0,0.0,0.4111222874765847,0.0,0.4279960006279213,0.0,0.0,0.0,0.3998486036475008,0.4159835813215199,0.4128340824642821,0.0,0.0,0.0,0.4143382036319549,0.0,0.4176403564729035,0.4042337035104256,0.4220652517408345,0.0,0.0,0.0,0.0,0.3915254198755461
0.0,0.0,0.2448142128082271,0.3944905503090835,0.3422741611712576,0.356114147857085,0.4142656923576816,0.427701939286881,0.2659477685864055,0.4396857175517825,0.2509389973638905,0.0,0.4265379837291845,0.3775739532590019,0.0,0.0,0.0,0.0,0.0,0.0,0.0,0.0,0.2944459047650793,0.0,0.0,0.0,0.3455926608444239,0.4218331786214202,0.0,0.0,0.4336801283462899,0.4012815844633323,0.0,0.4223312375432741,0.4087947172992854,0.3864243782045858,0.4278577023928863,0.0,0.4879486009476381,0.0,0.0,0.0,0.4402510834035955,0.0,0.0,0.0,0.0,0.3156388352457532,0.0,0.4979885654092783,0.5164000737433815,0.5087725649854871,0.4975865574089207,0.5129424376898688,0.0,0.4233217097473661,0.0,0.0,0.4766682474067538,0.0,0.0,0.0,0.0,0.5003292226675335,0.0,0.0,0.0,0.5059569336672433,0.0,0.0,0.0,0.4901566998908783,0.0,0.0,0.0,0.0
0.3807571237811452,0.3960663412920834,0.0,0.4665355603137226,0.3691293096344759,0.3941097269915687,0.4185868642103146,0.3944119660182475,0.3630706907892657,0.0,0.0,0.0,0.4293655140623332,0.0,0.2873276720249063,0.4015625087661678,0.3967510763756185,0.3906241934847428,0.0,0.0,0.371130499462506,0.3505986118232412,0.2428828021224208,0.0,0.3842644896133742,0.3898736035459971,0.3372320198886404,0.3829731439577018,0.3326180482303448,0.3518859515838633,0.3647057467879873,0.4186253763838974,0.366199483946782,0.4107819726200687,0.4428248727648763,0.4821602239506942,0.458767862305403,0.0,0.4550452428122602,0.4519319385791973,0.46187393264429,0.4772088414382704,0.6672285308143212,0.0,0.0,0.0,0.4540341783950459,0.0,0.0,0.0,0.4757674180840903,0.0,0.454195574742172,0.0,0.0,0.0,0.0,0.5529874524186483,0.0,0.4504603342932308,0.0,0.0,0.0,0.0,0.442659716062659,0.4276705835017823,0.4519820935264613,0.4519413693730055,0.0,0.0,0.4553322889145094,0.4573596295124428,0.4768861378005334,0.4503354517755161,0.0,0.4681545289186599
0.3687323467474303,0.4075525197495071,0.0,0.0,0.0,0.3722067594088287,0.0,0.3475911018106629,0.0,0.0,0.0,0.0,0.4203616034271383,0.0,0.3409018956618944,0.4191259543793643,0.0,0.4053406017168461,0.0,0.371130499462506,0.0,0.4008572492569826,0.3479827266122507,0.4449176843937992,0.4065423815910698,0.3740547265545892,0.3789698495750662,0.413884121252267,0.3899061728497914,0.0,0.3966522542845164,0.3976432196914176,0.3644556071735501,0.4067344482815138,0.0,0.0,0.0,0.0,0.4397150449658087,0.3973972656287308,0.4371709222596655,0.4526610132102487,0.0,0.0,0.0,0.2552512691811277,0.4512915136748221,0.0,0.0,0.0,0.4461287609708171,0.0,0.2715827701809023,0.0,0.0,0.0,0.0,0.5141353311290291,0.0,0.4325169391480635,0.4331482711173241,0.0,0.0,0.0,0.4205164292502834,0.3059340108013972,0.4406786820206033,0.4155036626888351,0.0,0.0,0.4471856485994211,0.4344485319713666,0.4557271328645572,0.438164108070572,0.0,0.5004859713995833
0.3864359034324043,0.353160422109755,0.0,0.0,0.4113786525647923,0.4086309955772938,0.4466718942122604,0.4168444470422647,0.3925719877763419,0.3977105577709403,0.0,0.0,0.4636050676771401,0.0,0.3481574182002254,0.3601051156432159,0.3672733221887521,0.3728563011168387,0.0,0.3505986118232412,0.4008572492569826,0.0,0.4136930691847302,0.0,0.373757871701934,0.3776454127971614,0.396508762332058,0.4211266917662039,0.3895845756427029,0.3986547557416752,0.3663498776992369,0.417162250402475,0.3667833478960527,0.4122901417890902,0.4524099571260699,0.4941156134355663,0.4632741232952693,0.0,0.4421510199148066,0.4470647237049373,0.4504844787488616,0.4706086455645489,0.588549689919046,0.0,0.0,0.4396163759689943,0.4595254741704379,0.0,0.0,0.0,0.4557514414779708,0.0,0.0,0.0,0.0,0.0,0.0,0.0,0.0,0.4769189089278404,0.4305819214409694,0.0,0.4259626980016447,0.0,0.448636589987504,0.4601322881396552,0.4600123583560704,0.4496963192709067,0.0,0.4178824395542834,0.474179835334475,0.4490321626972647,0.5486470431045533,0.4429451504661988,0.0,0.4352538574309637
0.4186291812221263,0.4161131459865356,0.3119936816143941,0.3927857937164011,0.3658629778580223,0.3683653184605486,0.3945983196144275,0.3470061230356875,0.3645852554485174,0.4278721631811855,0.2800178220508714,0.0,0.4084821670237039,0.3499762844414948,0.3483824534424095,0.4366343395171141,0.0,0.41512013860522,0.2944459047650793,0.2428828021224208,0.3479827266122507,0.4136930691847302,0.0,0.4516368714731222,0.4038568308683445,0.404594160177613,0.3172272642731631,0.4021045799504111,0.3828375562968619,0.3908667020394782,0.4044228901614918,0.3913481841543952,0.3618301044250396,0.4149779156577447,0.4244976351734308,0.3866486330340379,0.4082690940712211,0.5039459283741986,0.475049895511008,0.4233043847032499,0.5132426643590462,0.5080228853031934,0.4838106897661222,0.5661629205711821,0.0,0.0,0.4679225250811565,0.5055638175114072,0.0,0.4961491848492129,0.4759584762933427,0.4906904088407869,0.4446559614742513,0.5224699977698425,0.0,0.4828947284138026,0.0,0.4915936379940199,0.478816862517659,0.4549282451070048,0.0,0.0,0.0,0.5098219670913852,0.4535613714143555,0.4251480415106777,0.4484940948769669,0.4786559747900468,0.0,0.0,0.4646413441372116,0.4767528110403139,0.489437501039425,0.4646294677216549,0.4892731262241241,0.4978186516773761
0.3569457540709421,0.0,0.0,0.0,0.0,0.0,0.3977847895053576,0.4705927111821916,0.0,0.33072018213965,0.4480383172297116,0.2849392981844226,0.389019229223175,0.0,0.4144947972128799,0.3664291522074723,0.3570230152383297,0.3482025425374751,0.0,0.0,0.4449176843937992,0.0,0.4516368714731222,0.0,0.3384556211258173,0.3314819351631781,0.4755095353299572,0.3755411671195105,0.0,0.0,0.320502019888685,0.3511089125531409,0.2431818455424339,0.2669528121009109,0.3350651894705544,0.3727299652804204,0.0,0.2168018499720981,0.4045617535390156,0.2486149990449986,0.3489782888448354,0.0,0.0,0.0,0.2101546043749683,0.3916989200337034,0.0,0.0,0.0,0.0,0.0,0.0,0.0,0.0,0.4193477445086399,0.0,0.4084472113939688,0.0,0.0,0.0,0.4357391848580524,0.4108062533468078,0.4229064218120844,0.0,0.0,0.0,0.0,0.0,0.3999089557005403,0.4266302648847476,0.4273854028666086,0.0,0.3093291773740749,0.0,0.0,0.3955035670531451
0.3551344124950222,0.3304054474742187,0.0,0.0,0.4389483497208956,0.4112588073317145,0.4121848954811641,0.434517806674333,0.0,0.315478662969863,0.0,0.3292723196402655,0.4323306780344528,0.0,0.3769580577638288,0.3583787777842282,0.2711120778148118,0.3234651204820959,0.0,0.3842644896133742,0.4065423815910698,0.373757871701934,0.4038568308683445,0.3384556211258173,0.0,0.3413108469459506,0.4007586622083587,0.3766495641845387,0.410634861518624,0.0,0.3343754950082495,0.3772442988671948,0.2974530227891974,0.3308210345864721,0.3629436320044507,0.0,0.0,0.2925256166078324,0.422107893940235,0.3976342544294426,0.4225784586258268,0.4323964481739414,0.0,0.0,0.0,0.4089074342091554,0.4134897846903823,0.0,0.0,0.0,0.0,0.0,0.0,0.0,0.4387496831132751,0.0,0.4409326569182586,0.5864615577820363,0.0,0.470370614820724,0.4047766463575651,0.4374713123861081,0.4145844776849416,0.0,0.4293538482300522,0.429040646096983,0.4095445907946523,0.0,0.4176189477152963,0.408045415532578,0.4261694784187504,0.0,0.0,0.4365096308231186,0.0,0.3958839750961765
0.3310046600182125,0.3595659415589126,0.0,0.0,0.0,0.4147633564751671,0.4330884670422825,0.4422540941432037,0.0,0.3336800007800229,0.0,0.30607565028833,0.423601362544085,0.0,0.3519315835493089,0.3935722386527894,0.3455196884435666,0.3580451445174302,0.0,0.3898736035459971,0.3740547265545892,0.3776454127971614,0.404594160177613,0.3314819351631781,0.3413108469459506,0.0,0.4044642028606325,0.3813617377420837,0.4032007487739116,0.0,0.356799370441976,0.4008055059659616,0.3468000002748341,0.3716843125902663,0.4112833760132766,0.4104372230885768,0.0,0.3006568611534549,0.4280901688486334,0.4204224502319798,0.4327542240212892,0.4644527514897425,0.0,0.0,0.389428287803952,0.4224542232626862,0.4648406881124936,0.0,0.0,0.0,0.0,0.0,0.0,0.0,0.4457614811345265,0.0,0.4463155532055496,0.5296329971203401,0.0,0.4706124771806978,0.4375192058488789,0.4481767215853485,0.4317487561034393,0.0,0.4449982776484082,0.4513233946731667,0.4660934902705199,0.450561355515957,0.4254261772690962,0.4282876130107761,0.4483033659705496,0.4566766542803052,0.4873124981823783,0.4518135108270179,0.0,0.4171183928344805
0.3944464274122578,0.4029968118520656,0.3144563514494243,0.4160276537333842,0.3560241883860534,0.361566117475111,0.3838932646445055,0.4014094019214137,0.3453845922343925,0.4314084180515175,0.3690415283580119,0.0,0.3979748526817823,0.3920836345611606,0.363797750851393,0.4219328049028285,0.0,0.4023271517042859,0.3455926608444239,0.3372320198886404,0.3789698495750662,0.396508762332058,0.3172272642731631,0.4755095353299572,0.4007586622083587,0.4044642028606325,0.0,0.3957511960145278,0.3558738047786195,0.378031054607852,0.3885733924002359,0.3967915625103359,0.3650779644043824,0.4079754845342145,0.4233745777776693,0.4216065396508192,0.4137964212375084,0.0,0.4692375459944722,0.4641716164048092,0.4876096349289585,0.4938950744072897,0.4593417903336294,0.0,0.0,0.0,0.0,0.4890158600984357,0.0,0.523806057435292,0.4679836832197755,0.4970264100401395,0.4530656176984112,0.5048159905182039,0.0,0.4871186452035144,0.0,0.4853903779627213,0.4869616167289133,0.4597307523862137,0.0,0.0,0.0,0.526218222327985,0.4562072870606742,0.4432395972381185,0.4541714024794503,0.4768637669600555,0.0,0.0,0.4622033956673098,0.4702642006892363,0.4779762136007486,0.46437584447113,0.5088877967592385,0.4895272307766828
0.0,0.4367660382300455,0.3939703936217197,0.2460957868154275,0.3466072505538372,0.3803509922384627,0.3411482498772528,0.4104093126639257,0.3993261472359976,0.3617005515655533,0.4224635851899665,0.3539108186012008,0.3373051728861108,0.273981290262773,0.0,0.4362232210673828,0.3804204964655689,0.4042996624798995,0.4218331786214202,0.3829731439577018,0.413884121252267,0.4211266917662039,0.4021045799504111,0.3755411671195105,0.3766495641845387,0.3813617377420837,0.3957511960145278,0.0,0.3487293885698997,0.3065600423430259,0.3539968881214005,0.3826168895451495,0.3584358986802899,0.368455485584412,0.3541470773421971,0.2749563904778219,0.2842899144869951,0.3360941458081168,0.4734370199979547,0.3743535802737843,0.4386881423341198,0.0,0.0,0.0,0.0,0.0,0.0,0.5871774389460281,0.0,0.0,0.4727981020605762,0.0,0.4474420618292149,0.0,0.4662259194180278,0.0,0.0,0.0,0.0,0.4915280714467403,0.0,0.0,0.0,0.0,0.4640149321935363,0.4708579632823801,0.5375801826050963,0.4816634616580756,0.0,0.0,0.4953621114175849,0.4753878483367892,0.4944420060957737,0.4660061770876764,0.0,0.5101369152575048
0.4516718616659217,0.4169580641047927,0.0,0.4842971762055735,0.3858378788134917,0.3281102574365703,0.4094416480610381,0.3835635565072288,0.361387454760969,0.4826545113568368,0.0,0.0,0.4029221430131838,0.0,0.406188709454447,0.4252043886333932,0.0,0.4194561612387286,0.0,0.3326180482303448,0.3899061728497914,0.3895845756427029,0.3828375562968619,0.0,0.410634861518624,0.4032007487739116,0.3558738047786195,0.3487293885698997,0.0,0.3510599830853991,0.3545834777955053,0.4005179220835764,0.3448365681772135,0.401585289684295,0.4294187986875761,0.4602254165883306,0.4506129268639354,0.0,0.4695105708428,0.5057275264613874,0.4867247731577938,0.518515535730383,0.5561715284962064,0.0,0.0,0.0,0.4800400271316299,0.0,0.0,0.0,0.4684583121642763,0.0,0.4458814859152648,0.0,0.0,0.0,0.0,0.502804211072234,0.0,0.4558080933176101,0.0,0.0,0.0,0.0,0.4500855011197922,0.4342812273079401,0.4500654366771968,0.4700987472819198,0.0,0.0,0.4664135524917333,0.466175469055293,0.4785921435386652,0.4607570621509378,0.5235322441289512,0.4842296464793476
0.0,0.0,0.0,0.0,0.0,0.3982318234807173,0.0,0.4039074014386891,0.3922894778136375,0.0,0.0,0.0,0.4008606469355212,0.0,0.0,0.4195522249300319,0.0,0.4273620025487744,0.0,0.3518859515838633,0.0,0.3986547557416752,0.3908667020394782,0.0,0.0,0.0,0.378031054607852,0.3065600423430259,0.3510599830853991,0.0,0.3306334473519693,0.3805688554508727,0.0,0.3784355125471822,0.4053530910207038,0.0,0.0,0.0,0.0,0.0,0.0,0.0,0.0,0.0,0.0,0.0,0.0,0.0,0.0,0.0,0.0,0.0,0.0,0.0,0.0,0.0,0.0,0.0,0.0,0.0,0.0,0.0,0.0,0.0,0.0,0.0,0.0,0.4801907398646631,0.0,0.0,0.0,0.476983504528407,0.0,0.0,0.0,0.0
0.3370052573824635,0.3607919804405066,0.4192996867028002,0.304617980903674,0.4270885084880442,0.4092137700228099,0.4055086808815013,0.4279960709020617,0.4298732664209407,0.3019431612137015,0.4608205885060299,0.3022832545822927,0.3932253689034383,0.3836242820884709,0.4056141687561105,0.3371313776243871,0.3164594088597842,0.3332978232765549,0.4336801283462899,0.3647057467879873,0.3966522542845164,0.3663498776992369,0.4044228901614918,0.320502019888685,0.3343754950082495,0.356799370441976,0.3885733924002359,0.3539968881214005,0.3545834777955053,0.3306334473519693,0.0,0.3930123020193424,0.2997888452379717,0.2574658901465431,0.2269135883862476,0.4111346418846331,0.3177243875945221,0.2749530612032704,0.4433902786944,0.3578075713356631,0.3968233263413512,0.0,0.0,0.0,0.0,0.0,0.4233274085369616,0.0,0.0,0.0,0.4764454293967223,0.0,0.463204883862636,0.0,0.4270947606431923,0.0,0.4301208401898809,0.0,0.0,0.4906044451966218,0.4095949350079557,0.4597287995906077,0.4149434624590554,0.0,0.4479813367708099,0.0,0.4271554814748712,0.5029318746430833,0.4053833234425493,0.4080514810341628,0.4464352358938062,0.4787059042336539,0.4903504707378897,0.470533382355122,0.0,0.3540348086662345
0.3861095444172398,0.40386293705131,0.3857139261593483,0.2947260065761974,0.3558062553361923,0.388957505662607,0.3828293901448536,0.3050878341814668,0.3953526130665459,0.3146251188571681,0.384846441180998,0.2545642362120472,0.3920612510881744,0.3074395696606426,0.4157545875867994,0.418759483426678,0.3845697935925371,0.3888825539934171,0.4012815844633323,0.4186253763838974,0.3976432196914176,0.417162250402475,0.3913481841543952,0.3511089125531409,0.3772442988671948,0.4008055059659616,0.3967915625103359,0.3826168895451495,0.4005179220835764,0.3805688554508727,0.3930123020193424,0.0,0.3161625826034406,0.3437487538922456,0.3442460474469325,0.2877692289179374,0.2981160787332133,0.2424601404015691,0.2686666158039549,0.2889624623315948,0.351331109763989,0.3259536793748219,0.3045022275956696,0.2736752622229061,0.2454651697884115,0.4150019288520392,0.4376177433155136,0.5000264771730806,0.0,0.4561369837724441,0.4794613818429306,0.0,0.4745200962668021,0.4807896523081663,0.2784172173468472,0.4365239229471384,0.2566244831997914,0.4786894934277023,0.0,0.467736870123464,0.4215605303313314,0.4710287639355118,0.411235771345649,0.5285511166605885,0.4563212701096092,0.435215576307128,0.4490750519134288,0.4855736694413158,0.4365758577074421,0.4158950055646483,0.4484766868071514,0.4747970520848405,0.4008177152625908,0.4866900298536594,0.0,0.4688167383450776
0.3082258244409137,0.3326096021642254,0.0,0.0,0.0,0.3726424080034696,0.3926666000913112,0.2991028670512733,0.4372675192499021,0.2974342130413439,0.0,0.2305469309868469,0.3781477046467666,0.0,0.3852822501513777,0.3482305098691624,0.3179930217020649,0.3234385590389252,0.0,0.366199483946782,0.3644556071735501,0.3667833478960527,0.3618301044250396,0.2431818455424339,0.2974530227891974,0.3468000002748341,0.3650779644043824,0.3584358986802899,0.3448365681772135,0.0,0.2997888452379717,0.3161625826034406,0.0,0.2424965026625293,0.3469797177314596,0.3093338481036728,0.2506066425365397,0.1481246531718149,0.2474895808843011,0.2198090570242051,0.2759487154644143,0.3039180202860989,0.0,0.0,0.2264249876458529,0.4027891595115755,0.4284028346097014,0.0,0.0,0.0,0.0,0.0,0.0,0.0,0.3769099807241837,0.0,0.3773653351315104,0.0,0.0,0.4710156337740902,0.4144456872043608,0.3853310961215722,0.3981411119126017,0.0,0.4441369203989835,0.436958622175854,0.4489839521756489,0.4179069726109404,0.3457634596697027,0.4052321099735159,0.4191907874153397,0.4231301871080669,0.3761808801398609,0.0,0.0,0.3596294874375356
0.3414473291244459,0.3793288882652378,0.4092391284245406,0.3416239674248222,0.4159471520999109,0.4103381272137351,0.3841096005132157,0.4363308865580362,0.4175772738064958,0.2717805257320423,0.4278986273788679,0.2185284301809245,0.3929368853000048,0.3819158456530687,0.420728012316414,0.3672914460356956,0.3288810170201977,0.3552253849592521,0.4223312375432741,0.4107819726200687,0.4067344482815138,0.4122901417890902,0.4149779156577447,0.2669528121009109,0.3308210345864721,0.3716843125902663,0.4079754845342145,0.368455485584412,0.401585289684295,0.3784355125471822,0.2574658901465431,0.3437487538922456,0.2424965026625293,0.0,0.2748186927225229,0.3939490904486952,0.3097929675406226,0.175853899729384,0.3152418541304837,0.292359963728919,0.2868538805993667,0.300215513120109,0.3488060131514791,0.2964515824957755,0.2691303532808052,0.3949583174747719,0.4267750024758731,0.0,0.0,0.0,0.4787874872490855,0.5672867254421857,0.4608787704774794,0.0,0.4078872518766915,0.0,0.3915108131858542,0.44814619251285,0.0,0.4718455898140093,0.4135132554087682,0.4404091688117353,0.4154529115143304,0.0,0.4607462128583034,0.4318900085574374,0.4422315608378012,0.4951117226249891,0.4049820586963291,0.4137768466737105,0.4439066682038936,0.4932365340671221,0.4047019942271411,0.4710506201832142,0.0,0.4287069872311384
0.3975706568268968,0.4381708541646268,0.4015362600949661,0.3559174409211275,0.3693640592267097,0.4205497986198298,0.315634335410558,0.4339017691013757,0.409551826784528,0.2702139617609955,0.4189634553677564,0.2653965864907742,0.3814177215649769,0.0,0.4518653745323204,0.4316524516475541,0.3490150945591141,0.3808310747686587,0.4087947172992854,0.4428248727648763,0.0,0.4524099571260699,0.4244976351734308,0.3350651894705544,0.3629436320044507,0.4112833760132766,0.4233745777776693,0.3541470773421971,0.4294187986875761,0.4053530910207038,0.2269135883862476,0.3442460474469325,0.3469797177314596,0.2748186927225229,0.0,0.4306489440182428,0.3455954804357988,0.2184945067818865,0.2817797103714211,0.2907175918369375,0.2947226556740228,0.3216143766496883,0.3143488757707421,0.3196957206029836,0.2861703609115353,0.0,0.4652705997790944,0.0,0.0,0.0,0.0,0.0,0.0,0.0,0.0,0.0,0.2938914720729652,0.4782663420387144,0.0,0.4924923648590448,0.4446229264613175,0.0,0.0,0.0,0.4655626060833034,0.0,0.4690102095263463,0.4602739878828494,0.0,0.4281782631375592,0.4543701921080571,0.4389814611120122,0.3839578743433343,0.0,0.0,0.0
0.0,0.0,0.3852953870219268,0.1739010777712112,0.210391396559438,0.4113388110998301,0.265875173878509,0.2276099873823229,0.3992634125044412,0.3127523414255715,0.3141754922860414,0.3348273980594872,0.3418197956599987,0.2114430571046954,0.4670307869772069,0.0,0.0,0.0,0.3864243782045858,0.4821602239506942,0.0,0.4941156134355663,0.3866486330340379,0.3727299652804204,0.0,0.4104372230885768,0.4216065396508192,0.2749563904778219,0.4602254165883306,0.0,0.4111346418846331,0.2877692289179374,0.3093338481036728,0.3939490904486952,0.4306489440182428,0.0,0.2314517281572212,0.3223233463080419,0.340387336487338,0.0,0.3618716327883984,0.2868264887462296,0.3067771256236918,0.0,0.2789378162866996,0.0,0.0,0.4716726706814328,0.0,0.4168987080550256,0.4118031777433661,0.446170859881528,0.0,0.45614629096514,0.0,0.4042825498133313,0.0,0.4781001553112818,0.0,0.0,0.0,0.0,0.0,0.4541013435622381,0.0,0.0,0.0,0.4638455265941879,0.0,0.0,0.0,0.4501264664609122,0.48029552486643,0.0,0.0,0.0
0.0,0.0,0.4067016585549069,0.1646368296384231,0.2606394901716382,0.4127205639261664,0.2781164093780744,0.3309810202208539,0.4021690224783342,0.2609364953140384,0.410362999293231,0.2767762256205442,0.329825838782945,0.1636522589317116,0.0,0.0,0.0,0.0,0.4278577023928863,0.458767862305403,0.0,0.4632741232952693,0.4082690940712211,0.0,0.0,0.0,0.4137964212375084,0.2842899144869951,0.4506129268639354,0.0,0.3177243875945221,0.2981160787332133,0.2506066425365397,0.3097929675406226,0.3455954804357988,0.2314517281572212,0.0,0.2613232290923575,0.2420810287908286,0.0,0.2877637141179436,0.2706127813613438,0.0,0.0,0.0,0.0,0.0,0.0,0.0,0.0,0.0,0.0,0.0,0.0,0.0,0.0,0.0,0.0,0.0,0.0,0.0,0.0,0.0,0.0,0.0,0.0,0.0,0.5627729828410588,0.0,0.0,0.0,0.0,0.0,0.0,0.0,0.0
0.0,0.0,0.0,0.0,0.391738407220272,0.0,0.3651801153965235,0.0,0.4311042434373443,0.2765941847042411,0.4165166411011225,0.1819214370424697,0.3655257779933888,0.0,0.0,0.0,0.3118920705203186,0.0,0.0,0.0,0.0,0.0,0.5039459283741986,0.2168018499720981,0.2925256166078324,0.3006568611534549,0.0,0.3360941458081168,0.0,0.0,0.2749530612032704,0.2424601404015691,0.1481246531718149,0.175853899729384,0.2184945067818865,0.3223233463080419,0.2613232290923575,0.0,0.2363265574565301,0.2054880880345562,0.2589945444653053,0.2392910524971057,0.0,0.0,0.2090724533398467,0.0,0.0,0.0,0.0,0.0,0.0,0.0,0.0,0.0,0.3518547241527271,0.0,0.3775405544857307,0.0,0.0,0.0,0.0,0.0,0.0,0.0,0.0,0.0,0.0,0.0,0.2663606536448138,0.0,0.3896899645063697,0.0,0.4000974082454393,0.0,0.0,0.0
0.4117876937218756,0.4245009150441299,0.4974008518446868,0.0,0.4941033013840826,0.4869638571449095,0.0,0.4536384255268508,0.4750411450177018,0.2960813422928723,0.4477490335473143,0.2301720013985265,0.4781030624069207,0.3576733515966682,0.4506219025116701,0.4174092725526213,0.0,0.4282559048127431,0.4879486009476381,0.4550452428122602,0.4397150449658087,0.4421510199148066,0.475049895511008,0.4045617535390156,0.422107893940235,0.4280901688486334,0.4692375459944722,0.4734370199979547,0.4695105708428,0.0,0.4433902786944,0.2686666158039549,0.2474895808843011,0.3152418541304837,0.2817797103714211,0.340387336487338,0.2420810287908286,0.2363265574565301,0.0,0.31004770280993,0.3699440685767777,0.3625499375568592,0.2780422539400894,0.2912546887192754,0.2537784694943734,0.3676615499808021,0.3785237193158725,0.4565041814245512,0.2599474704478016,0.3491487525845704,0.4363945728496984,0.3712888431574074,0.3674181418840593,0.4412777078578074,0.3155235681492017,0.3711100649750222,0.2434445701025556,0.3767990037032708,0.2985009447712134,0.4174251741455544,0.3940983667437797,0.4418032374186389,0.4046562661131245,0.4269138987484524,0.4082195184546433,0.3935045913405355,0.4081778921964672,0.4162333144081936,0.3709901041642371,0.3715860844218223,0.3936497821992762,0.4124866925193162,0.3539814201890488,0.4050761661202869,0.385417714355056,0.3632652009264346
0.4067021899528009,0.422777545920688,0.0,0.0,0.0,0.0,0.0,0.0,0.0,0.3269004320598595,0.0,0.3116048684344105,0.4470726421162737,0.0,0.4402734234601809,0.4079279392113312,0.3633081294273331,0.4092468536656267,0.0,0.4519319385791973,0.3973972656287308,0.4470647237049373,0.4233043847032499,0.2486149990449986,0.3976342544294426,0.4204224502319798,0.4641716164048092,0.3743535802737843,0.5057275264613874,0.0,0.3578075713356631,0.2889624623315948,0.2198090570242051,0.292359963728919,0.2907175918369375,0.0,0.0,0.2054880880345562,0.31004770280993,0.0,0.2462089511811168,0.3647804275274891,0.4217514725701273,0.266014803274293,0.1695328376909103,0.3081251652249936,0.3266905550424624,0.0,0.0,0.381134918120051,0.3895143359308362,0.3672530584831686,0.4350249439075909,0.4518625741395217,0.3159341659424978,0.4473966208882684,0.2206514953484964,0.371607157219581,0.0,0.3786118295287186,0.35507569070871,0.3385751405201007,0.3329104373996241,0.5518503702482617,0.3654018477928841,0.3376338817740872,0.367276982473512,0.3833199898735011,0.2552383135040419,0.3047591706042267,0.3463590120823349,0.3800509313947823,0.3601816396847153,0.385441128266406,0.3515552802699145,0.3156210746825132
