0.0,0.3277604511640051,0.0,0.0,0.0,0.3666920683366849,0.0,0.4325969563937377,0.0,0.0,0.0,0.2985848503748958,0.0,0.0,0.3248695628750132,0.3339931551700793,0.3110432396366199,0.3401167911777792,0.0,0.3777284854380827,0.3646653216155428,0.3175019465391545,0.3818808961727181,0.3494358814629992,0.3317876614003075,0.3155636785511946,0.3795626122478867,0.4264380275384017,0.4012244377854833,0.0,0.2939354040736111,0.330849769206838,0.2788128934369425,0.2939451812624069,0.3425263561491203,0.0,0.0,0.0,0.3904930562348644,0.372732942812062,0.3448872691387136,0.0,0.0,0.0,0.0,0.3284548019659812,0.4059773118643616,0.0,0.0,0.0,0.0,0.0,0.0,0.0,0.0,0.0,0.0,0.0,0.0,0.0,0.3834996920566055,0.0,0.3680965988853582,0.0,0.0,0.3716159262813676,0.4096053939465407,0.0,0.2777894570905623,0.3694650909416223,0.4080452995471642,0.0,0.0,0.0,0.0,0.3494379465250531
0.3277604511640051,0.0,0.0,0.0,0.3720497157483039,0.3447540035793855,0.3740220326341123,0.3997186263438169,0.366590055220911,0.0,0.0,0.0,0.3687951133794312,0.0,0.3589366402317479,0.345244603050047,0.0,0.3444832626880775,0.0,0.3504233546483236,0.3358178326914828,0.3385729490096681,0.3443402836708893,0.0,0.3312649617820302,0.3333374336768444,0.349113460429746,0.3789343858369638,0.3493340298335457,0.0,0.2981949577321242,0.3190080416853744,0.2935363263691383,0.2855096957733593,0.32537196860115,0.0,0.0,0.0,0.3922326777142896,0.3868254926598158,0.3478914821652595,0.4008336052910291,0.0,0.0,0.0,0.3757506166802786,0.3728343200486904,0.0,0.0,0.0,0.0,0.0,0.0,0.0,0.0,0.0,0.0,0.0,0.0,0.4234869869498168,0.3760995791156898,0.0,0.3790696194992673,0.0,0.4001957519566264,0.3904687638873874,0.3701184122719376,0.4334809470907204,0.0,0.3903798087849842,0.4169080488207786,0.4133468956603804,0.0,0.0,0.0,0.3679677165070363
0.0,0.0,0.0,0.4047073342590006,0.3392592476521225,0.3309851045575501,0.3790251576876014,0.4258229827196382,0.2670360709227153,0.4382442368675897,0.3003371843765907,0.0,0.3840354397195137,0.4142159422699816,0.0,0.0,0.0,0.0,0.2589603049410688,0.0,0.0,0.0,0.3126890705093401,0.0,0.0,0.0,0.2787985483138148,0.3948817658490487,0.0,0.0,0.4041940338798591,0.372015235685132,0.0,0.4030978882329497,0.4034625378664086,0.3741249483473702,0.4004646705346119,0.0,0.4652561776416502,0.0,0.0,0.0,0.4329747325923208,0.0,0.0,0.0,0.0,0.4057105640582844,0.0,0.4926563005736151,0.4773830813623475,0.5140823225030812,0.4805548273823037,0.4952209658004838,0.0,0.4576920082911169,0.0,0.514124653610489,0.4500941841386843,0.0,0.0,0.0,0.0,0.3289217326882164,0.0,0.0,0.0,0.4844261860396773,0.0,0.0,0.0,0.4796335283225997,0.0,0.0,0.0,0.0
0.0,0.0,0.4047073342590006,0.0,0.2070978107732593,0.3501389268204818,0.2633619650908743,0.2453729844667193,0.3654788033882719,0.2073702172852609,0.3317870095810477,0.3215536238708682,0.2519344738787297,0.201868333160294,0.0,0.0,0.0,0.0,0.3759212532325178,0.3210420347769969,0.0,0.0,0.3407350699516376,0.0,0.0,0.0,0.3612755007616808,0.226811168176281,0.4107771758421241,0.0,0.0,0.2345381657318906,0.0,0.2331638021602074,0.2746013525861669,0.1720382424766396,0.1733146558701126,0.0,0.0,0.0,0.0,0.0,0.0,0.0,0.0,0.0,0.0,0.0,0.0,0.0,0.0,0.0,0.0,0.0,0.0,0.0,0.0,0.0,0.0,0.0,0.0,0.0,0.0,0.0,0.0,0.0,0.0,0.0,0.0,0.0,0.0,0.0,0.0,0.0,0.0,0.0
0.0,0.3720497157483039,0.3392592476521225,0.2070978107732593,0.0,0.3274348696145005,0.2970538610015528,0.3694222878179213,0.3082784661950759,0.3960990358569177,0.292412857368087,0.4131421758068686,0.341605769311237,0.2848927874454247,0.0,0.3831485499458806,0.0,0.0,0.3286659210572212,0.3329953379097571,0.0,0.3501933707398562,0.3320134387506993,0.0,0.3694953205022741,0.3932660305803442,0.3291418730575102,0.3509299207607206,0.3359086913478693,0.0,0.4070776849393049,0.3080367195349723,0.0,0.3869136608763816,0.3307077952496695,0.2330606554597339,0.2112423160959362,0.4052228364638033,0.46044063003134,0.0,0.0,0.0,0.3844337204279093,0.0,0.0,0.0,0.0,0.498016364692924,0.0,0.5136796333177575,0.0,0.0,0.4509206712814068,0.5005328488370716,0.0,0.4386622972033759,0.0,0.0,0.0,0.0,0.0,0.0,0.0,0.4950361795479461,0.0,0.0,0.0,0.4562493256626394,0.0,0.0,0.0,0.464315049109695,0.0,0.0,0.0,0.0
0.3666920683366849,0.3447540035793855,0.3309851045575501,0.3501389268204818,0.3274348696145005,0.0,0.3517805462820704,0.346299831853872,0.2924908410283698,0.3846369545634784,0.3253718373912615,0.4286772823637935,0.3335836635138701,0.3482328315115131,0.3537512488587471,0.3463860152953236,0.0,0.3523883067699819,0.33156533820362,0.3414618513551617,0.3442153937763788,0.3583781628355038,0.304796975857395,0.0,0.3049850696290275,0.3412837241228966,0.3194526105031749,0.3367845286811567,0.3068561803783631,0.3556221970859726,0.3645260165310097,0.3433731153626254,0.3273609268434977,0.3676324967627658,0.3368528048967681,0.3725123209374615,0.369411050864938,0.4149536389154754,0.3912141167844994,0.0,0.4270434395003935,0.4678298192671145,0.4153460936035416,0.0,0.0,0.0,0.0,0.4763280607832738,0.0,0.4620465186089499,0.4133760292693747,0.4580092364254329,0.4035361260539629,0.4493153578972658,0.0,0.458010151402569,0.0,0.444288070509117,0.0,0.425144035508874,0.0,0.0,0.0,0.468187247517981,0.4171479773089038,0.3888913421787866,0.4332666830819806,0.4302690252512557,0.0,0.0,0.4521820506685585,0.4132517178476563,0.4307754659532151,0.4040342568907035,0.4727282216756805,0.4391566796601149
0.0,0.3740220326341123,0.3790251576876014,0.2633619650908743,0.2970538610015528,0.3517805462820704,0.0,0.3755164571388738,0.3520948119885546,0.3705476822020705,0.3986701306081955,0.3612627310671561,0.304743235073497,0.2897020618567428,0.0,0.3861412275405046,0.4027345900491118,0.3899567026481777,0.3937408345529855,0.3726932240685439,0.0,0.382848367617001,0.3538473382730168,0.0,0.3566234923117495,0.365994013389441,0.3596035972671375,0.3116052953125802,0.3679058845775625,0.0,0.3701662926499902,0.3471503613813279,0.3638249606551331,0.3531563279582613,0.272163481309956,0.2564753862656256,0.2680777513469315,0.3550228891893089,0.5161203438482492,0.0,0.5307973903056957,0.0,0.0,0.0,0.0,0.0,0.0,0.5545307380354209,0.0,0.0,0.4685121409074219,0.0,0.0,0.0,0.0,0.0,0.0,0.0,0.0,0.0,0.0,0.0,0.0,0.0,0.0,0.0,0.0,0.4441653815180862,0.0,0.0,0.0,0.4505537263415813,0.0,0.0,0.0,0.0
0.4325969563937377,0.3997186263438169,0.4258229827196382,0.2453729844667193,0.3694222878179213,0.346299831853872,0.3755164571388738,0.0,0.4200813863010263,0.4521765299705826,0.3533316140915734,0.0,0.3830293723058029,0.3410495144922301,0.0,0.4079561327560901,0.0,0.4311130328270057,0.4013721726488143,0.3423211114486037,0.3411708822365495,0.3795637697197478,0.3266304191168559,0.4540126538807211,0.4006055947687705,0.4045489341842852,0.3672207822991024,0.3812629600130758,0.3349327889032196,0.371133654117093,0.3947381748746982,0.3369921107987412,0.3090122228392658,0.3828887640929838,0.3833431665230959,0.2445921049387314,0.3268523992936526,0.0,0.3832605423848847,0.0,0.4252558984421472,0.0,0.3530497110799472,0.0,0.0,0.0,0.0,0.4871729273949255,0.0,0.4433968587764582,0.3934261519813547,0.440586207627435,0.3612876464298282,0.4484968673330006,0.0,0.4484966904340557,0.0,0.4334625401759868,0.4065822543854414,0.4580274142211333,0.0,0.0,0.0,0.4594647923867107,0.4168057995818745,0.3034494091387932,0.0,0.431478768186585,0.0,0.0,0.0,0.4367292606757583,0.4269936283809923,0.4108267770512945,0.0,0.4521491940002533
0.0,0.366590055220911,0.2670360709227153,0.3654788033882719,0.3082784661950759,0.2924908410283698,0.3520948119885546,0.4200813863010263,0.0,0.4029226854389408,0.287078548174734,0.4168342731464372,0.3445311694751533,0.3452126085031539,0.0,0.3825653822692586,0.0,0.0,0.25396155405449,0.3363895345530138,0.0,0.3684474535938773,0.3421211321081187,0.0,0.3733265419703557,0.3924112604313472,0.3001999555455739,0.390436431788928,0.3380405789656551,0.3871825252323739,0.4052386847073057,0.3705699934605286,0.4038699222599209,0.4022277258294263,0.3889840036478207,0.3666344869981722,0.3875300227061666,0.4037916280557018,0.4376059494997493,0.0,0.0,0.0,0.416162862885506,0.0,0.0,0.0,0.0,0.5033173276448457,0.0,0.5086572646795864,0.4492913779701643,0.5319028755059539,0.4510111451293004,0.5112035511337739,0.0,0.4730117442544685,0.0,0.5378152395269522,0.4439558767303307,0.0,0.0,0.0,0.0,0.503178657835134,0.0,0.0,0.0,0.4755174012684323,0.0,0.0,0.0,0.4698756269558214,0.0,0.0,0.0,0.0
0.0,0.0,0.4382442368675897,0.2073702172852609,0.3960990358569177,0.3846369545634784,0.3705476822020705,0.4521765299705826,0.4029226854389408,0.0,0.404591078921289,0.2622501900142291,0.3522034161457657,0.0,0.0,0.3436893484846817,0.2970933486970363,0.3178578257549049,0.4234407384009095,0.0,0.0,0.0,0.395725684249652,0.2767713414872919,0.2888729907960101,0.2966512727111035,0.4042090795463723,0.3354434431615315,0.0,0.0,0.3037001877369522,0.3067987419114,0.2706456065738095,0.2691914160313151,0.2795493048604207,0.3162786344840285,0.2982994789380449,0.2543674880477133,0.2798328401982763,0.3356816949474702,0.3072832812617704,0.0,0.0,0.0,0.2957704885789262,0.3915327807660811,0.0,0.0,0.0,0.0,0.0,0.0,0.0,0.0,0.3893012606529427,0.0,0.3997798255030727,0.0,0.0,0.0,0.0,0.3890090151077839,0.369743701607436,0.0,0.0,0.0,0.0,0.0,0.3864886397414184,0.3892562866130339,0.3950984802616805,0.0,0.3612916193400259,0.0,0.0,0.3638424511956382
0.0,0.0,0.3003371843765907,0.3317870095810477,0.292412857368087,0.3253718373912615,0.3986701306081955,0.3533316140915734,0.287078548174734,0.404591078921289,0.0,0.4071676617994644,0.3956269935923951,0.2981042296851748,0.0,0.0,0.0,0.0,0.2510793364718172,0.0,0.0,0.0,0.2996513892070553,0.4002793871332547,0.0,0.0,0.3348544695997157,0.3969088149626124,0.0,0.0,0.4208342596586029,0.3503521802895422,0.4315571370085865,0.4090708985706785,0.3735735768606044,0.308171581083577,0.3822627573739977,0.4119646806340457,0.4146272548566682,0.0,0.0,0.0,0.3963447313962179,0.0,0.0,0.0,0.0,0.4615383114601682,0.0,0.4179483666931515,0.4108849099586886,0.4544082786133639,0.4496371797349818,0.4341576457344339,0.0,0.3168497031982847,0.0,0.4504640967155902,0.3916738349250588,0.0,0.0,0.0,0.0,0.3255696323229428,0.0,0.0,0.0,0.4744646501688385,0.0,0.0,0.0,0.516800945748483,0.4869147250711683,0.0,0.0,0.0
0.2985848503748958,0.0,0.0,0.3215536238708682,0.4131421758068686,0.4286772823637935,0.3612627310671561,0.0,0.4168342731464372,0.2622501900142291,0.4071676617994644,0.0,0.3483834307408414,0.0,0.0,0.0,0.3153973035362072,0.3214541267537791,0.4829569882395478,0.0,0.0,0.0,0.436805532965276,0.2703789949360083,0.2970460731006298,0.2772404377980219,0.4574808887670537,0.3279532025046204,0.0,0.0,0.3046338033520774,0.2634383592780607,0.2338448307416689,0.2482921453191071,0.2799585848774855,0.3030699304327835,0.3280295348129765,0.2006872593563339,0.2430455591525555,0.3437435356755701,0.2898115548916382,0.2478654602977981,0.0,0.0,0.2917612196498331,0.0,0.0,0.0,0.0,0.0,0.0,0.0,0.0,0.0,0.3918138415692886,0.0,0.3996493770055553,0.0,0.0,0.0,0.0,0.3958760191286304,0.3780638105942412,0.0,0.0,0.0,0.0,0.0,0.3932225651623077,0.3921192229039782,0.3942976647417068,0.0,0.0,0.0,0.0,0.3789402560420991
0.0,0.3687951133794312,0.3840354397195137,0.2519344738787297,0.341605769311237,0.3335836635138701,0.304743235073497,0.3830293723058029,0.3445311694751533,0.3522034161457657,0.3956269935923951,0.3483834307408414,0.0,0.3411499827116627,0.3566870083699447,0.3868879227393388,0.3748769495519147,0.393458194318019,0.392400367898264,0.3727658916677842,0.3781630019159154,0.388395281446704,0.3607275978160434,0.3653556108602001,0.3567612603009213,0.3643350004130283,0.3645418769553916,0.2990444841058889,0.3544181068240684,0.3582039741487272,0.3674653118244176,0.3455294290427909,0.3372498365073603,0.348626515678948,0.2858321981403836,0.2812744887721511,0.3024100097711234,0.3393158021799377,0.4233037351869128,0.0,0.4176876007345727,0.0,0.0,0.0,0.337928407697709,0.0,0.0,0.535928533069565,0.0,0.0,0.4445743279002525,0.0,0.4326444480003257,0.0,0.0,0.0,0.0,0.0,0.0,0.0,0.0,0.0,0.0,0.0,0.480910004945774,0.0,0.0,0.4380933041886837,0.0,0.0,0.0,0.4332221048983852,0.0,0.4495016784876315,0.0,0.0
0.0,0.0,0.4142159422699816,0.201868333160294,0.2848927874454247,0.3482328315115131,0.2897020618567428,0.3410495144922301,0.3452126085031539,0.0,0.2981042296851748,0.0,0.3411499827116627,0.0,0.0,0.0,0.0,0.0,0.3444402756268125,0.0,0.4030784252247668,0.0,0.3733287259494648,0.0,0.0,0.0,0.3908132082017126,0.2230350764881765,0.0,0.0,0.3326052267234639,0.228632542276177,0.0,0.3519259612205275,0.0,0.2000254695419588,0.1566206661419122,0.0,0.3002995581551597,0.0,0.0,0.0,0.333541962962291,0.0,0.0,0.0,0.0,0.479282556768546,0.0,0.0,0.0,0.0,0.0,0.5238188109590087,0.0,0.4324721880984823,0.0,0.0,0.0,0.0,0.0,0.0,0.0,0.0,0.0,0.0,0.0,0.4705841991194136,0.0,0.0,0.0,0.4413367673765734,0.0,0.0,0.0,0.0
0.3248695628750132,0.3589366402317479,0.0,0.0,0.0,0.3537512488587471,0.0,0.0,0.0,0.0,0.0,0.0,0.3566870083699447,0.0,0.0,0.3422808421636895,0.0,0.345872974463945,0.0,0.3111211333729273,0.3277412721374743,0.3303346877411683,0.3259034877081904,0.4285992310101397,0.3130948499540558,0.3377543337912557,0.3481431651104297,0.0,0.3275957589182137,0.0,0.3512402582745881,0.3739667966602239,0.341984870306771,0.3655431383812161,0.4120879996795368,0.4196112203319261,0.0,0.0,0.4217589905579657,0.4191035758394792,0.4291210778243466,0.4522243962724406,0.0,0.0,0.0,0.0,0.4305673484519649,0.0,0.0,0.0,0.4119646983151172,0.0,0.3943385208971552,0.0,0.0,0.0,0.0,0.0,0.0,0.4371310917305837,0.4406947852682504,0.0,0.0,0.0,0.3998578586693119,0.3999384698721168,0.440853137043604,0.4176559647932958,0.0,0.4529373476192969,0.4661212446452777,0.4170914264230043,0.4459565380443751,0.3990799695608812,0.0,0.4262879778823094
0.3339931551700793,0.345244603050047,0.0,0.0,0.3831485499458806,0.3463860152953236,0.3861412275405046,0.4079561327560901,0.3825653822692586,0.3436893484846817,0.0,0.0,0.3868879227393388,0.0,0.3422808421636895,0.0,0.3311100642565958,0.3202906055370028,0.0,0.3491664900341757,0.3434350791340086,0.3477096793651789,0.3385076631241771,0.3542800096366696,0.3335397883050524,0.3461296505416113,0.3520399419974557,0.3880236451129575,0.3598375241951838,0.3719896457358225,0.3180733024136724,0.3450139201048701,0.3210009576834213,0.3117984856804261,0.3386873879018552,0.0,0.0,0.0,0.354581702025767,0.3568506126176255,0.3482510696908567,0.3704612778798378,0.0,0.0,0.0,0.3495640281441043,0.3700621399634977,0.0,0.0,0.0,0.0,0.0,0.0,0.0,0.0,0.0,0.0,0.0,0.0,0.4229379697603084,0.3516887090954196,0.0,0.357129757943719,0.0,0.4304723659330043,0.4025370479629606,0.3891660752479809,0.5283538964638886,0.0,0.3590418403233691,0.3982734685202665,0.488748813434538,0.0,0.0,0.0,0.3468229867641798
0.3110432396366199,0.0,0.0,0.0,0.0,0.0,0.4027345900491118,0.0,0.0,0.2970933486970363,0.0,0.3153973035362072,0.3748769495519147,0.0,0.0,0.3311100642565958,0.0,0.2996927353887418,0.0,0.0,0.0,0.3478320539124604,0.0,0.3097368245993085,0.3019575363859174,0.3135098627781885,0.0,0.3614254890130944,0.3975904926561766,0.0,0.3055834991895264,0.3528771235099992,0.2962910004534045,0.3031874421184294,0.3297560534606696,0.0,0.0,0.294541377340803,0.0,0.3631579052839154,0.0,0.0,0.0,0.0,0.0,0.0,0.0,0.0,0.0,0.0,0.0,0.0,0.0,0.0,0.3808737045646195,0.0,0.391094395826436,0.0,0.0,0.0,0.0,0.391807742526216,0.3750933573985207,0.0,0.0,0.0,0.0,0.0,0.3970464671535961,0.3651901866660469,0.3813547374256109,0.0,0.0,0.0,0.0,0.0
0.3401167911777792,0.3444832626880775,0.0,0.0,0.0,0.3523883067699819,0.3899567026481777,0.4311130328270057,0.0,0.3178578257549049,0.0,0.3214541267537791,0.393458194318019,0.0,0.345872974463945,0.3202906055370028,0.2996927353887418,0.0,0.0,0.3518151384619845,0.3838372569175743,0.3568672762123119,0.3740722738318786,0.3233085727678234,0.3112040184736317,0.3207081695385999,0.3607664041250114,0.3853427490898103,0.3642508874421136,0.4058815328744949,0.3167818911275601,0.3606303175522759,0.3104627933379213,0.3127325582837105,0.3472836104421699,0.0,0.0,0.0,0.3253797547452715,0.3481275621157018,0.3252992596924614,0.3634879877916497,0.0,0.0,0.0,0.3672041137480051,0.3623176488939609,0.0,0.0,0.0,0.0,0.0,0.0,0.0,0.3717693607961373,0.0,0.3835512292270803,0.0,0.0,0.0,0.352250422791115,0.3749639686233367,0.3606798131046811,0.0,0.0,0.0,0.3855660964676902,0.0,0.3818763886840842,0.3632234936850855,0.3778670671861731,0.0,0.0,0.0,0.0,0.360522899064001
0.0,0.0,0.2589603049410688,0.3759212532325178,0.3286659210572212,0.33156533820362,0.3937408345529855,0.4013721726488143,0.25396155405449,0.4234407384009095,0.2510793364718172,0.4829569882395478,0.392400367898264,0.3444402756268125,0.0,0.0,0.0,0.0,0.0,0.0,0.0,0.0,0.3230427766307387,0.0,0.0,0.0,0.3137318785406353,0.397256492707207,0.0,0.0,0.4170152916916825,0.369861192105185,0.0,0.4087762619743663,0.3852918885611093,0.3507146238422848,0.3982711616685979,0.4445114773227145,0.4507021461016355,0.0,0.0,0.0,0.4126274688364791,0.0,0.0,0.0,0.0,0.4785874502072287,0.0,0.4892275748321409,0.464164719812871,0.5371157195105484,0.4574589019235839,0.4963988330844796,0.0,0.4233900012248992,0.0,0.5799809778063396,0.4298079537859981,0.0,0.0,0.0,0.0,0.471475184916628,0.0,0.0,0.0,0.4795731840027913,0.0,0.0,0.0,0.4670835720039392,0.0,0.0,0.0,0.0
0.3777284854380827,0.3504233546483236,0.0,0.3210420347769969,0.3329953379097571,0.3414618513551617,0.3726932240685439,0.3423211114486037,0.3363895345530138,0.0,0.0,0.0,0.3727658916677842,0.0,0.3111211333729273,0.3491664900341757,0.0,0.3518151384619845,0.0,0.0,0.3421674128447501,0.3340040093255936,0.2756958555940415,0.0,0.3309980072787601,0.3633979559941747,0.301298603412911,0.3434537059394667,0.3037993737713686,0.3283171818908215,0.3290507926805094,0.3621256484930309,0.3215331420685905,0.3484340126488668,0.3916108430065681,0.4375128762291783,0.4004361376842923,0.0,0.3961519628999912,0.4126556472348033,0.4172335603972379,0.4344395477105638,0.0,0.0,0.0,0.0,0.4039935988129263,0.0,0.0,0.0,0.0,0.0,0.4324733042591641,0.0,0.0,0.0,0.0,0.0,0.0,0.4134211914904417,0.4983064717758895,0.0,0.0,0.0,0.3970482658373477,0.3933921813603776,0.4058078305263317,0.4185588082008062,0.0,0.0,0.416692601604173,0.403575619143402,0.438121845397071,0.4019333180125565,0.0,0.420117542815128
0.3646653216155428,0.3358178326914828,0.0,0.0,0.0,0.3442153937763788,0.0,0.3411708822365495,0.0,0.0,0.0,0.0,0.3781630019159154,0.4030784252247668,0.3277412721374743,0.3434350791340086,0.0,0.3838372569175743,0.0,0.3421674128447501,0.0,0.3689524286294419,0.3448108403057171,0.4330218981906342,0.3601058933273947,0.3534579974280324,0.3571843057156374,0.3816851468618015,0.3375707453726624,0.0,0.34018449269238,0.3628218049001164,0.3133038197379715,0.3499364447570492,0.4100319225699489,0.0,0.0,0.0,0.4007865402213016,0.3963758195820147,0.4233010583059673,0.4501208012901052,0.0,0.0,0.0,0.2789933418405177,0.4237882781919306,0.0,0.0,0.0,0.3896837573161864,0.0,0.3478720450394704,0.0,0.0,0.0,0.0,0.0,0.0,0.434368074232115,0.4140687255102491,0.0,0.0,0.0,0.4102035557169091,0.3333777743369401,0.4428900405867181,0.405070835966216,0.0,0.3933554309100868,0.445259757515016,0.4152783236042635,0.43005593101681,0.3665654819318403,0.0,0.4560303771935984
0.3175019465391545,0.3385729490096681,0.0,0.0,0.3501933707398562,0.3583781628355038,0.382848367617001,0.3795637697197478,0.3684474535938773,0.0,0.0,0.0,0.388395281446704,0.0,0.3303346877411683,0.3477096793651789,0.3478320539124604,0.3568672762123119,0.0,0.3340040093255936,0.3689524286294419,0.0,0.3623007172351788,0.0,0.3419298342389594,0.3509697005115693,0.3630614920227547,0.3695756412912118,0.3401955006573172,0.3449486495975109,0.3370344608714559,0.3766288925277202,0.3363438554181949,0.3555672727926728,0.4105510527288559,0.4577240003775774,0.4299384553139836,0.0,0.4067418267383153,0.4121453003211124,0.4035703498484448,0.4358651982573376,0.0,0.0,0.0,0.4003643817609874,0.4022406868734582,0.0,0.0,0.0,0.4081501030738422,0.0,0.0,0.0,0.0,0.0,0.0,0.0,0.0,0.4447401589618426,0.38415032914707,0.0,0.4106840744678847,0.0,0.4150613485846768,0.4091561048427081,0.4227282079425706,0.4332434926905089,0.0,0.3682940482409039,0.437667695848954,0.4194947444999837,0.0,0.3983974479060589,0.0,0.4078599565043107
0.3818808961727181,0.3443402836708893,0.3126890705093401,0.3407350699516376,0.3320134387506993,0.304796975857395,0.3538473382730168,0.3266304191168559,0.3421211321081187,0.395725684249652,0.2996513892070553,0.436805532965276,0.3607275978160434,0.3733287259494648,0.3259034877081904,0.3385076631241771,0.0,0.3740722738318786,0.3230427766307387,0.2756958555940415,0.3448108403057171,0.3623007172351788,0.0,0.4324680758172963,0.343476955504625,0.3571721852513756,0.2948116077096291,0.3601043625343824,0.3317817045485635,0.3547139937332524,0.3654164968974233,0.3409390160084911,0.3249048516875717,0.3696629810102854,0.3848801582881379,0.3563511031784952,0.3639836814347928,0.4405296270747738,0.4187699764381594,0.3897499118141739,0.4286305756634884,0.4303683801230846,0.4145830867011539,0.511385663939533,0.0,0.0,0.4262788702083439,0.4756494887738988,0.0,0.4605646485510985,0.4162074505541794,0.4381820006927088,0.4163418670977882,0.4639278475140525,0.0,0.4654216094702592,0.0,0.4346040759034993,0.4401318739568551,0.4235324435989631,0.0,0.0,0.0,0.4615446961381463,0.4216820100020885,0.4056424368657603,0.4231790471644299,0.4298533327872744,0.0,0.0,0.4218005706233092,0.4293860272410854,0.4353618991727572,0.4133980335642789,0.4341275700657602,0.4378494375185456
0.3494358814629992,0.0,0.0,0.0,0.0,0.0,0.0,0.4540126538807211,0.0,0.2767713414872919,0.4002793871332547,0.2703789949360083,0.3653556108602001,0.0,0.4285992310101397,0.3542800096366696,0.3097368245993085,0.3233085727678234,0.0,0.0,0.4330218981906342,0.0,0.4324680758172963,0.0,0.3123875876852973,0.294768477024928,0.4629731604070038,0.3453246986807182,0.0,0.0,0.3002487119201744,0.2951898991278114,0.2397550798099626,0.2391424138272637,0.2346825761299318,0.0,0.0,0.2168454507572979,0.2910232982110459,0.2806711621855451,0.2866581821307841,0.0,0.0,0.0,0.220278883140161,0.3473413172639218,0.0,0.0,0.0,0.0,0.0,0.0,0.0,0.0,0.3667475022290336,0.0,0.3777382371263324,0.0,0.0,0.0,0.3756181960293663,0.3700717051206537,0.3664441215490315,0.0,0.0,0.0,0.0,0.0,0.356243124649242,0.3693850089659872,0.3770186732083883,0.0,0.0,0.0,0.0,0.3236907495516569
0.3317876614003075,0.3312649617820302,0.0,0.0,0.3694953205022741,0.3049850696290275,0.3566234923117495,0.4006055947687705,0.3733265419703557,0.2888729907960101,0.0,0.2970460731006298,0.3567612603009213,0.0,0.3130948499540558,0.3335397883050524,0.3019575363859174,0.3112040184736317,0.0,0.3309980072787601,0.3601058933273947,0.3419298342389594,0.343476955504625,0.3123875876852973,0.0,0.3073232037813061,0.3176859598452201,0.3753111785227151,0.3279912824337757,0.0,0.3158773120671394,0.3304343459503718,0.2814025586257792,0.2909269693087066,0.3220927195600701,0.0,0.0,0.2833104463263179,0.3649269368286965,0.3668453549083949,0.3448553004402936,0.3622939712133071,0.0,0.0,0.0,0.3656404086261457,0.3714743231327734,0.0,0.0,0.0,0.0,0.0,0.0,0.0,0.3879550095322839,0.0,0.3917722539563724,0.0,0.0,0.4311558895671016,0.3640214091139849,0.3843130017808493,0.3672001579140621,0.0,0.0,0.0,0.3766188637372453,0.0,0.3914354806139677,0.3713089998891783,0.3854397521181876,0.0,0.0,0.0,0.0,0.3692368514459874
0.3155636785511946,0.3333374336768444,0.0,0.0,0.3932660305803442,0.3412837241228966,0.365994013389441,0.4045489341842852,0.3924112604313472,0.2966512727111035,0.0,0.2772404377980219,0.3643350004130283,0.0,0.3377543337912557,0.3461296505416113,0.3135098627781885,0.3207081695385999,0.0,0.3633979559941747,0.3534579974280324,0.3509697005115693,0.3571721852513756,0.294768477024928,0.3073232037813061,0.0,0.3666516641886856,0.3651725498927248,0.3316397158138227,0.0,0.3221823610431956,0.3621495334431728,0.3055964010209674,0.3163794908967088,0.3704771961034001,0.0,0.0,0.2784659882144221,0.3939203464520881,0.3699666667366483,0.3749025758740491,0.3860968267934477,0.0,0.0,0.0,0.3746167214672402,0.3976467451789024,0.0,0.0,0.0,0.4421569933875244,0.0,0.0,0.0,0.3944638812581449,0.0,0.3946584840016175,0.0,0.0,0.4734490724587037,0.3771160766927264,0.3945784530951776,0.3714028802223416,0.0,0.4322722844693863,0.4342834355627,0.4383393115330672,0.4391685902928524,0.3815740166645374,0.3752200624635858,0.4054264478548286,0.4354787051886081,0.0,0.0,0.0,0.3699806216988665
0.3795626122478867,0.349113460429746,0.2787985483138148,0.3612755007616808,0.3291418730575102,0.3194526105031749,0.3596035972671375,0.3672207822991024,0.3001999555455739,0.4042090795463723,0.3348544695997157,0.4574808887670537,0.3645418769553916,0.3908132082017126,0.3481431651104297,0.3520399419974557,0.0,0.3607664041250114,0.3137318785406353,0.301298603412911,0.3571843057156374,0.3630614920227547,0.2948116077096291,0.4629731604070038,0.3176859598452201,0.3666516641886856,0.0,0.3621288109566738,0.3181815015894404,0.3462363109795671,0.3383173053498629,0.345568847187502,0.3106939863981512,0.3570501736259677,0.3765006590882686,0.3967882128464974,0.363605602892812,0.4483822240196576,0.411628029046204,0.0,0.4327959403382854,0.4360163046684671,0.4069649425323229,0.741411218305814,0.0,0.0,0.0,0.5068154302994105,0.0,0.5056771157921259,0.4149694321112181,0.4533757166769683,0.4180012002251008,0.4651056742897611,0.0,0.4895157604283845,0.0,0.4395739175773538,0.4500854544925994,0.4120272331946952,0.0,0.0,0.0,0.4820915204994513,0.4172950232069252,0.4075313858873836,0.4137236660064556,0.4310734789463244,0.0,0.0,0.4290065117368046,0.4187970915066615,0.4345679625886884,0.4162268973706894,0.4525229117128115,0.4372753930582131
0.4264380275384017,0.3789343858369638,0.3948817658490487,0.226811168176281,0.3509299207607206,0.3367845286811567,0.3116052953125802,0.3812629600130758,0.390436431788928,0.3354434431615315,0.3969088149626124,0.3279532025046204,0.2990444841058889,0.2230350764881765,0.0,0.3880236451129575,0.3614254890130944,0.3853427490898103,0.397256492707207,0.3434537059394667,0.3816851468618015,0.3695756412912118,0.3601043625343824,0.3453246986807182,0.3753111785227151,0.3651725498927248,0.3621288109566738,0.0,0.3158981621971404,0.2836313124190995,0.3450110455442602,0.3337505374831925,0.334503148272305,0.3217749640595112,0.299191264623879,0.23441407916322,0.2453948513889336,0.3219186962018998,0.353735712903972,0.0,0.3787659586147902,0.0,0.4226543529130659,0.0,0.0,0.0,0.0,0.5533218120046105,0.0,0.0,0.4317792155210169,0.0,0.4279747104613401,0.0,0.0,0.0,0.0,0.4826292604153385,0.0,0.0,0.0,0.0,0.0,0.0,0.4313628824740714,0.0,0.4642393694620567,0.4358406169679542,0.0,0.0,0.0,0.4297852772022548,0.4509818728216018,0.4232397309934986,0.0,0.4669832977473966
0.4012244377854833,0.3493340298335457,0.0,0.4107771758421241,0.3359086913478693,0.3068561803783631,0.3679058845775625,0.3349327889032196,0.3380405789656551,0.0,0.0,0.0,0.3544181068240684,0.0,0.3275957589182137,0.3598375241951838,0.3975904926561766,0.3642508874421136,0.0,0.3037993737713686,0.3375707453726624,0.3401955006573172,0.3317817045485635,0.0,0.3279912824337757,0.3316397158138227,0.3181815015894404,0.3158981621971404,0.0,0.3267012372053489,0.3297332357273643,0.3480243164286909,0.297297255623446,0.3561520718259837,0.3927685484427321,0.420940989219139,0.378770940293046,0.0,0.3952247807209622,0.4603783402309502,0.4284017562071645,0.4558924786663567,0.4921447634036618,0.0,0.0,0.0,0.4275214098915481,0.0,0.0,0.0,0.4116750181210676,0.4630224190550966,0.4136575238335631,0.0,0.0,0.0,0.0,0.4608311656287777,0.0,0.4063809026261692,0.0,0.0,0.0,0.0,0.4047411231547086,0.390054932500591,0.4151677400028261,0.4124247327068949,0.0,0.0,0.4185848105657891,0.4043579218882079,0.4272176753511755,0.3959602610329383,0.4541860709927037,0.4231777445059989
0.0,0.0,0.0,0.0,0.0,0.3556221970859726,0.0,0.371133654117093,0.3871825252323739,0.0,0.0,0.0,0.3582039741487272,0.0,0.0,0.3719896457358225,0.0,0.4058815328744949,0.0,0.3283171818908215,0.0,0.3449486495975109,0.3547139937332524,0.0,0.0,0.0,0.3462363109795671,0.2836313124190995,0.3267012372053489,0.0,0.3272435092458618,0.3680820819874274,0.0,0.3572476731422147,0.3994608136248672,0.0,0.0,0.0,0.0,0.0,0.0,0.0,0.0,0.0,0.0,0.0,0.0,0.0,0.0,0.0,0.0,0.0,0.0,0.0,0.0,0.0,0.0,0.0,0.0,0.0,0.0,0.0,0.0,0.0,0.4523594487107169,0.0,0.0,0.4381590895678521,0.0,0.0,0.0,0.4335395356261064,0.0,0.4497241935267819,0.0,0.0
0.2939354040736111,0.2981949577321242,0.4041940338798591,0.0,0.4070776849393049,0.3645260165310097,0.3701662926499902,0.3947381748746982,0.4052386847073057,0.3037001877369522,0.4208342596586029,0.3046338033520774,0.3674653118244176,0.3326052267234639,0.3512402582745881,0.3180733024136724,0.3055834991895264,0.3167818911275601,0.4170152916916825,0.3290507926805094,0.34018449269238,0.3370344608714559,0.3654164968974233,0.3002487119201744,0.3158773120671394,0.3221823610431956,0.3383173053498629,0.3450110455442602,0.3297332357273643,0.3272435092458618,0.0,0.333534472857442,0.2834664869033651,0.2306582010862637,0.1469222582182117,0.3764227367067309,0.2798768326328755,0.2770721211443428,0.3898540655362521,0.3270472142119733,0.3340700550936616,0.0,0.0,0.0,0.0,0.0,0.3475539859743934,0.0,0.0,0.0,0.4517567501596725,0.0,0.4374596289298186,0.0,0.3737040193062866,0.0,0.3744776317816756,0.0,0.0,0.3986357199143809,0.3175131496857587,0.4143115358670036,0.3727067947664234,0.0,0.4148153477678395,0.3761046889199241,0.3994696931322646,0.4337710353258315,0.3755421978996562,0.3688006018438241,0.3858581236147552,0.429961034097937,0.4699971515694797,0.4201593108052955,0.0,0.4466097065677957
0.330849769206838,0.3190080416853744,0.372015235685132,0.2345381657318906,0.3080367195349723,0.3433731153626254,0.3471503613813279,0.3369921107987412,0.3705699934605286,0.3067987419114,0.3503521802895422,0.2634383592780607,0.3455294290427909,0.228632542276177,0.3739667966602239,0.3450139201048701,0.3528771235099992,0.3606303175522759,0.369861192105185,0.3621256484930309,0.3628218049001164,0.3766288925277202,0.3409390160084911,0.2951898991278114,0.3304343459503718,0.3621495334431728,0.345568847187502,0.3337505374831925,0.3480243164286909,0.3680820819874274,0.333534472857442,0.0,0.316298634494178,0.3068534309670344,0.3319903849375399,0.2531449649524932,0.2859788732034005,0.2434046232036301,0.242463966645724,0.2663108048511445,0.2980178968359493,0.3087342258662237,0.3365196613723616,0.2986145895393828,0.2483407379741867,0.3754426190830479,0.3809275098494392,0.4705801889353753,0.0,0.4970295354763882,0.3978984915744734,0.4820187845070255,0.391387037861081,0.4555768698392028,0.2626187328113984,0.4404382647724684,0.2465716488498417,0.4318469073657602,0.0,0.4316391069405388,0.3806667355047615,0.0,0.364050924439969,0.5011877019390015,0.4126125679818363,0.3765117835131448,0.4157574636020885,0.4192044941642789,0.2187803297019655,0.3682340211007049,0.4068814680985492,0.4044233908000775,0.3409830155896853,0.3924017670767907,0.0,0.4000646781171296
0.2788128934369425,0.2935363263691383,0.0,0.0,0.0,0.3273609268434977,0.3638249606551331,0.3090122228392658,0.4038699222599209,0.2706456065738095,0.4315571370085865,0.2338448307416689,0.3372498365073603,0.0,0.341984870306771,0.3210009576834213,0.2962910004534045,0.3104627933379213,0.0,0.3215331420685905,0.3133038197379715,0.3363438554181949,0.3249048516875717,0.2397550798099626,0.2814025586257792,0.3055964010209674,0.3106939863981512,0.334503148272305,0.297297255623446,0.0,0.2834664869033651,0.316298634494178,0.0,0.2066027171282188,0.3644054764134246,0.472749882499919,0.3287080569591817,0.1745249275206961,0.2869777943776277,0.2294084350189741,0.2592431287118814,0.3383767803650124,0.0,0.0,0.2255711931190807,0.3292620945635663,0.3786006201296498,0.0,0.0,0.0,0.0,0.0,0.0,0.0,0.3293722019840674,0.0,0.3366484218108693,0.0,0.0,0.4365593665414972,0.3467233620903421,0.3351038492137357,0.347580333969902,0.0,0.4066195842818704,0.3633811852244343,0.4299158004900594,0.3886094055287984,0.3197209579313248,0.346801093914767,0.3796030900151058,0.3677178195166863,0.0,0.0,0.0,0.3137417999731535
0.2939451812624069,0.2855096957733593,0.4030978882329497,0.2331638021602074,0.3869136608763816,0.3676324967627658,0.3531563279582613,0.3828887640929838,0.4022277258294263,0.2691914160313151,0.4090708985706785,0.2482921453191071,0.348626515678948,0.3519259612205275,0.3655431383812161,0.3117984856804261,0.3031874421184294,0.3127325582837105,0.4087762619743663,0.3484340126488668,0.3499364447570492,0.3555672727926728,0.3696629810102854,0.2391424138272637,0.2909269693087066,0.3163794908967088,0.3570501736259677,0.3217749640595112,0.3561520718259837,0.3572476731422147,0.2306582010862637,0.3068534309670344,0.2066027171282188,0.0,0.2490586627754401,0.3666554572361242,0.2728903740192242,0.2007319177310037,0.2936660497234159,0.2594237460527981,0.2523071050209377,0.2712294920543202,0.3597598510800006,0.3307779889983954,0.255619141175467,0.3212196710180831,0.3662136838712952,0.0,0.0,0.0,0.4413364631062028,0.4948362845474911,0.4323931777965874,0.0,0.3067299267595533,0.0,0.3269699006109653,0.4285715980765648,0.0,0.4300136327020054,0.3514706978290305,0.4021967821712593,0.3592872175607829,0.0,0.404805083263542,0.3824060977104915,0.4117882961039948,0.4313894129772916,0.367981688172955,0.3537627737784793,0.3920141291143791,0.4183217763841786,0.3606171205431544,0.4208686338644826,0.0,0.379565617377319
0.3425263561491203,0.32537196860115,0.4034625378664086,0.2746013525861669,0.3307077952496695,0.3368528048967681,0.272163481309956,0.3833431665230959,0.3889840036478207,0.2795493048604207,0.3735735768606044,0.2799585848774855,0.2858321981403836,0.0,0.4120879996795368,0.3386873879018552,0.3297560534606696,0.3472836104421699,0.3852918885611093,0.3916108430065681,0.4100319225699489,0.4105510527288559,0.3848801582881379,0.2346825761299318,0.3220927195600701,0.3704771961034001,0.3765006590882686,0.299191264623879,0.3927685484427321,0.3994608136248672,0.1469222582182117,0.3319903849375399,0.3644054764134246,0.2490586627754401,0.0,0.3846972948876345,0.3291954550068988,0.2369470269488638,0.2805905681243156,0.2805993348809209,0.2915089332076946,0.339537885526553,0.348474989055549,0.3562948218608153,0.2815502720952695,0.0,0.3780447128098997,0.0,0.0,0.0,0.0,0.0,0.0,0.0,0.0,0.0,0.0,0.4477154183001703,0.0,0.4540441443816318,0.3825711460553739,0.0,0.0,0.0,0.430377684965304,0.0,0.4382700953309258,0.43747962472858,0.0,0.3836883168464094,0.4156860675418801,0.4293197325843786,0.3729773836349809,0.0,0.0,0.0
0.0,0.0,0.3741249483473702,0.1720382424766396,0.2330606554597339,0.3725123209374615,0.2564753862656256,0.2445921049387314,0.3666344869981722,0.3162786344840285,0.308171581083577,0.3030699304327835,0.2812744887721511,0.2000254695419588,0.4196112203319261,0.0,0.0,0.0,0.3507146238422848,0.4375128762291783,0.0,0.4577240003775774,0.3563511031784952,0.0,0.0,0.0,0.3967882128464974,0.23441407916322,0.420940989219139,0.0,0.3764227367067309,0.2531449649524932,0.472749882499919,0.3666554572361242,0.3846972948876345,0.0,0.2129666728279913,0.2938470842658108,0.2785392345447934,0.2609481099312539,0.3131462721566059,0.3160705257281492,0.2712473282992314,0.3250044334125911,0.0,0.0,0.0,0.4473141116824657,0.0,0.3840144382707647,0.0,0.4142489132665652,0.0,0.3989276530705481,0.0,0.3849694675478232,0.2917006157655452,0.0,0.0,0.0,0.0,0.0,0.0,0.4118748008704364,0.0,0.0,0.4944630574655328,0.4283527376527028,0.0,0.0,0.0,0.4244550518757463,0.3963949209615268,0.4537757934675512,0.0,0.0
0.0,0.0,0.4004646705346119,0.1733146558701126,0.2112423160959362,0.369411050864938,0.2680777513469315,0.3268523992936526,0.3875300227061666,0.2982994789380449,0.3822627573739977,0.3280295348129765,0.3024100097711234,0.1566206661419122,0.0,0.0,0.0,0.0,0.3982711616685979,0.4004361376842923,0.0,0.4299384553139836,0.3639836814347928,0.0,0.0,0.0,0.363605602892812,0.2453948513889336,0.378770940293046,0.0,0.2798768326328755,0.2859788732034005,0.3287080569591817,0.2728903740192242,0.3291954550068988,0.2129666728279913,0.0,0.3037453094021155,0.2599460528310204,0.0,0.2922362059747998,0.3359005147524364,0.3465946537704187,0.0,0.0,0.0,0.0,0.0,0.0,0.0,0.0,0.0,0.0,0.0,0.0,0.0,0.0,0.0,0.0,0.0,0.0,0.0,0.0,0.0,0.0,0.0,0.0,0.5172645548584787,0.0,0.0,0.0,0.0,0.0,0.0,0.0,0.0
0.0,0.0,0.0,0.0,0.4052228364638033,0.4149536389154754,0.3550228891893089,0.0,0.4037916280557018,0.2543674880477133,0.4119646806340457,0.2006872593563339,0.3393158021799377,0.0,0.0,0.0,0.294541377340803,0.0,0.4445114773227145,0.0,0.0,0.0,0.4405296270747738,0.2168454507572979,0.2833104463263179,0.2784659882144221,0.4483822240196576,0.3219186962018998,0.0,0.0,0.2770721211443428,0.2434046232036301,0.1745249275206961,0.2007319177310037,0.2369470269488638,0.2938470842658108,0.3037453094021155,0.0,0.2478329575038759,0.2331615649916461,0.2556528672293562,0.2525397351806545,0.0,0.0,0.2311942515595784,0.0,0.0,0.0,0.0,0.0,0.0,0.0,0.0,0.0,0.3127640619669609,0.0,0.3031697602391318,0.0,0.0,0.0,0.0,0.0,0.0,0.0,0.0,0.0,0.0,0.0,0.3052033560240442,0.3038867627933622,0.2562782551084815,0.0,0.3378616013508031,0.0,0.0,0.0
0.3904930562348644,0.3922326777142896,0.4652561776416502,0.0,0.46044063003134,0.3912141167844994,0.5161203438482492,0.3832605423848847,0.4376059494997493,0.2798328401982763,0.4146272548566682,0.2430455591525555,0.4233037351869128,0.3002995581551597,0.4217589905579657,0.354581702025767,0.0,0.3253797547452715,0.4507021461016355,0.3961519628999912,0.4007865402213016,0.4067418267383153,0.4187699764381594,0.2910232982110459,0.3649269368286965,0.3939203464520881,0.411628029046204,0.353735712903972,0.3952247807209622,0.0,0.3898540655362521,0.242463966645724,0.2869777943776277,0.2936660497234159,0.2805905681243156,0.2785392345447934,0.2599460528310204,0.2478329575038759,0.0,0.3035249526049805,0.338994252751237,0.3599079805379483,0.2683139759437789,0.2936708728884085,0.2370121385447325,0.3495746202998072,0.3468572137768433,0.388627046348028,0.2374347154096612,0.3059826188344149,0.3499601559046933,0.344153560124866,0.3642438443523317,0.3846965714030008,0.2839396714495243,0.357009741732755,0.236010897160506,0.3609311457471937,0.2768682525582434,0.3808067519978863,0.3708999879124381,0.3499253454814049,0.353156802492961,0.3819887384629383,0.3701171197852413,0.3564311387353748,0.3697000589167142,0.3656794596487917,0.2302680995604804,0.3409364619771911,0.3566390306015026,0.3575387121032647,0.344250726298431,0.3380558538566074,0.351541906945523,0.3553469802777038
0.372732942812062,0.3868254926598158,0.0,0.0,0.0,0.0,0.0,0.0,0.0,0.3356816949474702,0.0,0.3437435356755701,0.0,0.0,0.4191035758394792,0.3568506126176255,0.3631579052839154,0.3481275621157018,0.0,0.4126556472348033,0.3963758195820147,0.4121453003211124,0.3897499118141739,0.2806711621855451,0.3668453549083949,0.3699666667366483,0.0,0.0,0.4603783402309502,0.0,0.3270472142119733,0.2663108048511445,0.2294084350189741,0.2594237460527981,0.2805993348809209,0.2609481099312539,0.0,0.2331615649916461,0.3035249526049805,0.0,0.2392611415939448,0.349447820647816,0.361291195192017,0.2644022486479757,0.1723031789182084,0.2934154471739822,0.2872023330760156,0.0,0.0,0.0,0.3238860411713544,0.3293817163444147,0.3949166117082671,0.4194489921568878,0.2925784515174215,0.3904772616193908,0.2585918383539359,0.3365173210110031,0.0,0.3514768920188839,0.3061682328603747,0.3009757267995164,0.2839898441150518,0.0,0.3272091347003041,0.3092763410570193,0.3212190090348073,0.3350742799550203,0.2570496708435412,0.2673527948462423,0.2903347389364004,0.3162726010961852,0.3183503916933222,0.2485191393343616,0.2635658790344812,0.2762649223373082
