0.0,0.2758566401875416,0.0,0.0,0.0,0.3023235139555674,0.0,0.3451272403334551,0.0,0.2788020300511953,0.0,0.2469368277814694,0.0,0.0,0.2651189771557781,0.2656011719056797,0.2565786927584955,0.257317110921309,0.0,0.3108327696307743,0.285337786607965,0.2543873437787263,0.3312500791786951,0.2424683724331121,0.2583838601197399,0.2426955485578082,0.3427831698930131,0.2762882674010358,0.3114630053295868,0.0,0.2432884164163329,0.2853459336222614,0.2274256798568639,0.2498697621257242,0.2835644133244178,0.0,0.0,0.0,0.3002542455943386,0.2752696922286945,0.2841031776944591,0.0,0.0,0.0,0.0,0.2341744044334323,0.3151626656277975,0.0,0.0,0.0,0.0,0.0,0.0,0.0,0.3317718566147614,0.0,0.0,0.0,0.0,0.0,0.2955193128079065,0.0,0.2788344417331235,0.0,0.0,0.2978505248040732,0.2743126896342165,0.0,0.1651832260305211,0.2870219772316381,0.3086270772483939,0.0,0.0,0.0,0.0,0.0
0.2758566401875416,0.0,0.0,0.0,0.2766910271882343,0.2607276807342519,0.2720409161503546,0.3262118229959724,0.0,0.0,0.0,0.0,0.2680991747145746,0.0,0.2777492598177015,0.275884030802986,0.0,0.2747390636886704,0.0,0.2949448644262206,0.2819676982936956,0.272558577346933,0.2934829197239108,0.0,0.2652633627519578,0.2792437961752573,0.2835807931133657,0.2608989247608073,0.2655592734700074,0.0,0.2534348709986188,0.2918907072525513,0.2468918324241006,0.2622506785570704,0.3010880448391717,0.0,0.0,0.0,0.3207070527399678,0.3166078915920159,0.3159711400747071,0.3192040368527887,0.0,0.0,0.0,0.3103391519837558,0.3297656148805876,0.0,0.0,0.0,0.0,0.0,0.0,0.0,0.0,0.0,0.0,0.0,0.0,0.3316154567899154,0.3155171086800147,0.0,0.3115409603636043,0.0,0.3114963613356172,0.3355000786528275,0.3139440238996808,0.3493748879755013,0.0,0.3133563708789468,0.3353624722021847,0.3483294351403534,0.0,0.3187599437117502,0.0,0.3031613298989729
0.0,0.0,0.0,0.0,0.2668180802126124,0.2933844199204317,0.2931683858198188,0.3331694941098344,0.189015560024133,0.0,0.231375630335904,0.0,0.3048579740555234,0.2917679687035577,0.0,0.0,0.0,0.0,0.1922332118753277,0.0,0.0,0.0,0.2473631705407444,0.0,0.0,0.0,0.2159944584703818,0.3083278179549216,0.0,0.0,0.3219023690424225,0.3016002563002622,0.0,0.3088897432272042,0.3157741619861888,0.2837889789705874,0.3180973237752297,0.0,0.0,0.0,0.0,0.0,0.3307101209188356,0.0,0.0,0.0,0.0,0.2038601912715684,0.0,0.3944803106026641,0.3871620041084274,0.0,0.3802567901648767,0.3298314244409544,0.0,0.2555503417336921,0.0,0.0,0.0,0.0,0.0,0.0,0.0,0.2279590777741247,0.0,0.0,0.0,0.3930447950467168,0.0,0.0,0.0,0.3866382934355905,0.0,0.0,0.0,0.0
0.0,0.0,0.0,0.0,0.1627624586018001,0.2731878209214546,0.1946716389505285,0.2563297621508351,0.2771170548413026,0.1604987444560953,0.2422938706598966,0.0,0.1939242116255066,0.1643758518251148,0.0,0.0,0.0,0.0,0.2825914699528762,0.0,0.0,0.0,0.2723700953289294,0.0,0.0,0.0,0.2907174616166325,0.1888919635554963,0.0,0.0,0.0,0.181135450928995,0.0,0.2224153128916476,0.2301567560541828,0.1100733480344644,0.1154697219998166,0.0,0.0,0.0,0.0,0.0,0.0,0.0,0.0,0.0,0.0,0.0,0.0,0.0,0.0,0.0,0.0,0.0,0.0,0.0,0.0,0.0,0.0,0.0,0.0,0.0,0.0,0.0,0.0,0.0,0.0,0.0,0.0,0.0,0.0,0.0,0.0,0.0,0.0,0.0
0.0,0.2766910271882343,0.2668180802126124,0.1627624586018001,0.0,0.2573125732801719,0.2269595098513236,0.2754696838655505,0.230927057580021,0.2904067209157237,0.2088839008703679,0.0,0.2300424979928681,0.1820980320658328,0.0,0.0,0.0,0.0,0.2551962083535796,0.2558078569225125,0.0,0.2811829980669258,0.2782425098248756,0.0,0.0,0.0,0.2687413390420913,0.227739565884985,0.2633676840838929,0.0,0.2573829654458869,0.2371771334172956,0.0,0.2631034251484734,0.2702054121664457,0.1489010984852342,0.1820915875962645,0.0,0.0,0.0,0.0,0.0,0.0,0.0,0.0,0.0,0.0,0.0,0.0,0.0,0.0,0.0,0.4130828845077172,0.0,0.0,0.0,0.0,0.0,0.0,0.0,0.0,0.0,0.0,0.0,0.0,0.0,0.0,0.3651559951115343,0.0,0.0,0.0,0.3735517603275197,0.0,0.0,0.0,0.0
0.3023235139555674,0.2607276807342519,0.2933844199204317,0.2731878209214546,0.2573125732801719,0.0,0.2712950916067004,0.2830346819450732,0.2451295959250677,0.2993649275434744,0.2381711906414392,0.0,0.2742687996963153,0.2786112085778989,0.2753557465586024,0.2813884949959482,0.0,0.278604386230764,0.2597338416095163,0.2747464133081855,0.286767296076747,0.2845352760288848,0.2838447164358662,0.0,0.2499713957971549,0.2682808038826584,0.2688067268959817,0.2671592915868925,0.2420282953193474,0.2808212029804431,0.2936663287391808,0.2869870769716374,0.2629266747203989,0.287454289153567,0.3041786216962667,0.2829255260877651,0.2944684036845014,0.0,0.350847383196459,0.0,0.3651083296629722,0.0,0.3492462945866238,0.0,0.0,0.0,0.0,0.3866572953442684,0.0,0.0,0.3567128882370847,0.3714626028490891,0.3279480999232824,0.3686030927829294,0.0,0.3331217945506315,0.0,0.3603172331373337,0.0,0.3349120225481167,0.0,0.0,0.0,0.3483824554677866,0.3413520398178449,0.3432615345638997,0.3491524626245542,0.3660009674448186,0.0,0.0,0.0,0.3607459621706117,0.3539975835217729,0.3397219224277356,0.0,0.361158818334071
0.0,0.2720409161503546,0.2931683858198188,0.1946716389505285,0.2269595098513236,0.2712950916067004,0.0,0.2935714762276522,0.267376761387545,0.2858240883200382,0.2797035215876855,0.2787513603632484,0.2335768733710577,0.214512847626444,0.0,0.300177412374253,0.3135599222496227,0.2945578875626218,0.3007479810311019,0.2827849194562714,0.0,0.2999320898646309,0.2931759229813945,0.277654964354198,0.2762511941823489,0.2890316298492307,0.2948122903079856,0.2470575610213442,0.272215837450893,0.0,0.2562983051450768,0.2422776341900997,0.2796849489607522,0.2557120278464159,0.2077797701148656,0.1965131417047498,0.2003308884158001,0.2439834536559743,0.0,0.0,0.0,0.0,0.0,0.0,0.0,0.0,0.0,0.0,0.0,0.0,0.3762201540247226,0.0,0.0,0.0,0.0,0.0,0.0,0.0,0.0,0.0,0.0,0.0,0.0,0.0,0.0,0.0,0.0,0.3596536750758002,0.0,0.0,0.0,0.3619824871698753,0.0,0.0,0.0,0.0
0.3451272403334551,0.3262118229959724,0.3331694941098344,0.2563297621508351,0.2754696838655505,0.2830346819450732,0.2935714762276522,0.0,0.3288823832319419,0.3759212301198621,0.1787130538900337,0.0,0.3023468113580206,0.2518917921090457,0.0,0.3266197965344529,0.0,0.3324615901400019,0.3323960128743218,0.2696853244279174,0.2771710807224151,0.2983267609782615,0.2444396683192881,0.351947989290169,0.3356260174746182,0.3324844620716736,0.3239627157648634,0.2988733964869847,0.2647487389393264,0.2842019740917401,0.304946394185877,0.2889557059891619,0.3057284724031753,0.2925748126484489,0.3055968775651104,0.192123689775066,0.31102038052978,0.0,0.3214147910387313,0.0,0.3403366848026328,0.0,0.3417235122033777,0.0,0.0,0.0,0.0,0.3789467148660845,0.0,0.0,0.3263878295764691,0.3508595744009517,0.2099530247957894,0.350356362695132,0.0,0.0,0.0,0.336521341447927,0.0,0.0,0.0,0.0,0.0,0.3535873426667569,0.0,0.0,0.0,0.3348002681865854,0.0,0.0,0.0,0.3436213803831562,0.3395542846117746,0.2968922591006293,0.0,0.3487503835286655
0.0,0.0,0.189015560024133,0.2771170548413026,0.230927057580021,0.2451295959250677,0.267376761387545,0.3288823832319419,0.0,0.309639054238558,0.2173111647480464,0.3022691363366204,0.2683503142316413,0.274504634458012,0.0,0.0,0.0,0.0,0.1921319920449439,0.0,0.0,0.2749198201671751,0.2844284747356372,0.0,0.0,0.0,0.256031086492297,0.3015573598984707,0.2630165970612066,0.0,0.3127915448858928,0.2930543960706157,0.2836882372883285,0.2994951228463515,0.299151047869398,0.2812406819793268,0.2946617499281598,0.2994660405043648,0.356665964014871,0.0,0.0,0.0,0.2912891910408441,0.0,0.0,0.0,0.0,0.3881760549031958,0.0,0.0,0.3706887312291881,0.0,0.3571379279993285,0.3870371169408881,0.0,0.3105279856766352,0.0,0.0,0.0,0.0,0.0,0.0,0.0,0.3331386948005091,0.0,0.0,0.0,0.3770508563716251,0.0,0.0,0.0,0.3728713171119198,0.0,0.0,0.0,0.0
0.2788020300511953,0.0,0.0,0.1604987444560953,0.2904067209157237,0.2993649275434744,0.2858240883200382,0.3759212301198621,0.309639054238558,0.0,0.3062798873202246,0.2031177376485221,0.2849738101154254,0.0,0.0,0.2726926023617976,0.2246072708197877,0.2508612625520258,0.3203316767051998,0.0,0.0,0.2865785562877329,0.3143632114841397,0.2368993465531491,0.2399452399247046,0.2405962349651224,0.3220051229046999,0.2779030208432103,0.0,0.0,0.2333988990334633,0.2638139235388664,0.21923666597855,0.227122278957496,0.2239031131703118,0.1963075953986522,0.2042700595685404,0.2085842287746813,0.2836786670891959,0.2731247933384272,0.3018089414914605,0.0,0.0,0.0,0.2551257022299555,0.0,0.0,0.0,0.0,0.0,0.0,0.0,0.0,0.0,0.3181138890305526,0.0,0.3204861078614453,0.0,0.0,0.0,0.0,0.3041344462403894,0.2853402327314948,0.0,0.0,0.0,0.0,0.0,0.2881254848747729,0.3032210120114502,0.3217648535323184,0.0,0.304245300588268,0.0,0.0,0.2892683879776662
0.0,0.0,0.231375630335904,0.2422938706598966,0.2088839008703679,0.2381711906414392,0.2797035215876855,0.1787130538900337,0.2173111647480464,0.3062798873202246,0.0,0.0,0.2775654045110505,0.2107503515564002,0.0,0.0,0.0,0.0,0.200182462599091,0.0,0.0,0.0,0.1970141424730392,0.0,0.0,0.0,0.2428051428120805,0.284323307529069,0.0,0.0,0.3075429106025529,0.2209301093586543,0.0,0.2976914530243332,0.272475035351477,0.1821464254377779,0.2791179177565761,0.3050716898206548,0.2294869156934642,0.0,0.0,0.0,0.2329574198782797,0.0,0.0,0.0,0.0,0.3249572977632617,0.0,0.0,0.3449123672644383,0.3585010339680126,0.2865857667878085,0.338328060396664,0.0,0.2197770356825542,0.0,0.0,0.0,0.0,0.0,0.0,0.0,0.2067028180249192,0.0,0.0,0.0,0.3429675976558748,0.0,0.0,0.0,0.0,0.0,0.0,0.0,0.0
0.2469368277814694,0.0,0.0,0.0,0.0,0.0,0.2787513603632484,0.0,0.3022691363366204,0.2031177376485221,0.0,0.0,0.2761591572285227,0.0,0.0,0.0,0.250164187412088,0.2535913069128447,0.0,0.0,0.0,0.0,0.0,0.207652758984176,0.2455379132056897,0.2228277896254293,0.0,0.2650484507796901,0.0,0.0,0.2442027525685836,0.1962555475339804,0.1905388194665159,0.1816919034793686,0.211091849177741,0.2257679107059845,0.2798041785584861,0.1706597077822268,0.2383981848770376,0.2745945887564747,0.278682427973484,0.0,0.0,0.0,0.2397530540419123,0.0,0.0,0.0,0.0,0.0,0.0,0.0,0.0,0.0,0.3175631462583677,0.0,0.3214814477097719,0.0,0.0,0.0,0.0,0.3106287107573123,0.2963162087284088,0.0,0.0,0.0,0.0,0.0,0.2898885536914213,0.3012760381921709,0.3188611849246424,0.0,0.0,0.0,0.0,0.2982857906778308
0.0,0.2680991747145746,0.3048579740555234,0.1939242116255066,0.2300424979928681,0.2742687996963153,0.2335768733710577,0.3023468113580206,0.2683503142316413,0.2849738101154254,0.2775654045110505,0.2761591572285227,0.0,0.1958485276604384,0.2854531205006751,0.3068368417989712,0.2999870434462119,0.2979816042074655,0.3036336248210876,0.2914412010535539,0.3074107794813948,0.3058779046538632,0.3011365623934293,0.2930343789878507,0.2727145150637394,0.2796499591478931,0.3023102816887273,0.2463800460858727,0.2678019035754533,0.2747004963357145,0.2798470446172262,0.2551617007324092,0.2443088574933788,0.2650378591729006,0.2589939487300401,0.2048317196519933,0.2080339484094423,0.2558030212954639,0.3447527721678403,0.0,0.0,0.0,0.0,0.0,0.0,0.0,0.0,0.4131189150652696,0.0,0.0,0.3614596603733154,0.0,0.3316796888177905,0.0,0.0,0.0,0.0,0.0,0.0,0.0,0.0,0.0,0.0,0.0,0.0,0.0,0.0,0.3617128903646311,0.0,0.0,0.0,0.3560192030481627,0.0,0.3585138659405919,0.0,0.0
0.0,0.0,0.2917679687035577,0.1643758518251148,0.1820980320658328,0.2786112085778989,0.214512847626444,0.2518917921090457,0.274504634458012,0.0,0.2107503515564002,0.0,0.1958485276604384,0.0,0.0,0.0,0.0,0.0,0.2727921553637374,0.0,0.0,0.0,0.2464893282144738,0.0,0.0,0.0,0.3241526260693311,0.1667818783974334,0.0,0.0,0.0,0.127565422957628,0.0,0.0,0.0,0.1338584975251102,0.1199441445557217,0.0,0.0,0.0,0.0,0.0,0.0,0.0,0.0,0.0,0.0,0.0,0.0,0.0,0.0,0.0,0.0,0.0,0.0,0.0,0.0,0.0,0.0,0.0,0.0,0.0,0.0,0.0,0.0,0.0,0.0,0.0,0.0,0.0,0.0,0.0,0.0,0.0,0.0,0.0
0.2651189771557781,0.2777492598177015,0.0,0.0,0.0,0.2753557465586024,0.0,0.0,0.0,0.0,0.0,0.0,0.2854531205006751,0.0,0.0,0.2771388886141733,0.0,0.2604059137433366,0.0,0.2610015085937444,0.2569743837554837,0.2637117111344489,0.2713675231961844,0.3136252081037609,0.2660299855755728,0.2897365369780563,0.3110922667958936,0.2707999468340812,0.2442126791480602,0.0,0.2570234412078414,0.2809203718569694,0.2650305478290745,0.2869105240846252,0.3191375764463849,0.3001975381161209,0.0,0.0,0.3331556256492799,0.327788283114734,0.3420238559267928,0.3561050035105733,0.0,0.0,0.0,0.0,0.3393843251249742,0.0,0.0,0.0,0.3117704694315573,0.0,0.0,0.0,0.0,0.0,0.0,0.0,0.0,0.3396897229363796,0.3459012378358765,0.0,0.0,0.0,0.3262722225047604,0.3167556144675009,0.3455391668913632,0.3387749623979604,0.0,0.0,0.3654307078348007,0.3370839725630016,0.3521719213494883,0.3201331771962223,0.0,0.0
0.2656011719056797,0.275884030802986,0.0,0.0,0.0,0.2813884949959482,0.300177412374253,0.3266197965344529,0.0,0.2726926023617976,0.0,0.0,0.3068368417989712,0.0,0.2771388886141733,0.0,0.263284138808143,0.2439442089504372,0.0,0.2905039366384012,0.2825112502729214,0.2597435564603482,0.2964877115203838,0.2721410876712062,0.2696479559618699,0.2826336964981023,0.298086643898476,0.2837642728247938,0.2981941939654884,0.2787665845302119,0.254181019876074,0.3165367465653109,0.2660498234297883,0.2663726120972225,0.3089693481568683,0.0,0.0,0.0,0.3154282902263211,0.3006887181934456,0.3021290165087191,0.3064819218002033,0.0,0.0,0.0,0.299944251792984,0.3165732809284902,0.0,0.0,0.0,0.0,0.0,0.0,0.0,0.0,0.0,0.0,0.0,0.0,0.3245091042407771,0.304906782406058,0.0,0.3019885747255523,0.0,0.3216889895616038,0.3302675815146926,0.3139119196387933,0.0,0.0,0.2975165794553605,0.3212945687461828,0.0,0.0,0.0,0.0,0.2967357786410781
0.2565786927584955,0.0,0.0,0.0,0.0,0.0,0.3135599222496227,0.0,0.0,0.2246072708197877,0.0,0.250164187412088,0.2999870434462119,0.0,0.0,0.263284138808143,0.0,0.230750127687808,0.0,0.3032931006147359,0.0,0.2745191967765449,0.0,0.2491352192176109,0.202496442470475,0.2455462922003504,0.0,0.2936659616483055,0.0,0.0,0.2444637302653308,0.288043432060792,0.2424896360344113,0.2583281317899467,0.2538363872026449,0.0,0.0,0.2240780698796828,0.0,0.2661839565675155,0.2886064839723637,0.0,0.0,0.0,0.0,0.0,0.0,0.0,0.0,0.0,0.0,0.0,0.0,0.0,0.3001222547201358,0.0,0.2992474358608396,0.0,0.0,0.0,0.0,0.2971653605114492,0.288047810360713,0.0,0.0,0.0,0.0,0.0,0.0,0.290423576630513,0.299976600451548,0.0,0.0,0.0,0.0,0.0
0.257317110921309,0.2747390636886704,0.0,0.0,0.0,0.278604386230764,0.2945578875626218,0.3324615901400019,0.0,0.2508612625520258,0.0,0.2535913069128447,0.2979816042074655,0.0,0.2604059137433366,0.2439442089504372,0.230750127687808,0.0,0.0,0.2912219396117172,0.2838230515386384,0.2783689038188837,0.2994206059260693,0.2521170034642266,0.2448823843839987,0.255509564710251,0.2890807512504397,0.2916677920660415,0.2906611696437102,0.0,0.2576351947147519,0.2953939862497517,0.2430779887917953,0.2638801430761505,0.2778151792904738,0.0,0.0,0.0,0.3182554682361188,0.2924562867471119,0.3048483498504589,0.2992692606568741,0.0,0.0,0.0,0.2911689617126858,0.3018098106965082,0.0,0.0,0.0,0.0,0.0,0.0,0.0,0.2976687346571431,0.0,0.3028858103305011,0.0,0.0,0.0,0.2980558981341427,0.2974904995212636,0.2923951576479394,0.0,0.0,0.0,0.2990189766550981,0.0,0.3007764772704872,0.294355579299231,0.3015357433259031,0.0,0.0,0.0,0.0,0.2933668974479611
0.0,0.0,0.1922332118753277,0.2825914699528762,0.2551962083535796,0.2597338416095163,0.3007479810311019,0.3323960128743218,0.1921319920449439,0.3203316767051998,0.200182462599091,0.0,0.3036336248210876,0.2727921553637374,0.0,0.0,0.0,0.0,0.0,0.0,0.0,0.0,0.2408562442321329,0.0,0.0,0.0,0.2290862675008575,0.3073826657965528,0.0,0.0,0.3215755149566199,0.2992304591449595,0.0,0.3092514512938975,0.2966225705571922,0.2684187162342725,0.304080503480137,0.0,0.0,0.0,0.0,0.0,0.2788419781113488,0.0,0.0,0.0,0.0,0.3789614178219525,0.0,0.0,0.3929257780840807,0.0,0.3837670104164286,0.3956888330135034,0.0,0.2578040682718195,0.0,0.0,0.2324416389977524,0.0,0.0,0.0,0.0,0.3292581599560397,0.0,0.0,0.0,0.390235185501141,0.0,0.0,0.0,0.386382502471679,0.0,0.0,0.0,0.0
0.3108327696307743,0.2949448644262206,0.0,0.0,0.2558078569225125,0.2747464133081855,0.2827849194562714,0.2696853244279174,0.0,0.0,0.0,0.0,0.2914412010535539,0.0,0.2610015085937444,0.2905039366384012,0.3032931006147359,0.2912219396117172,0.0,0.0,0.2855636273464479,0.2661722595162838,0.2591234145623952,0.0,0.2756587982679598,0.3142334333105611,0.2585325321315858,0.2358935771184261,0.2289672158212539,0.2129489861920102,0.2457051130068474,0.2872620706863643,0.2614636435299644,0.2832400306428868,0.3140060627245976,0.3324506504832054,0.3100369084518147,0.0,0.3391311755672318,0.3135631998989361,0.3503228558141924,0.3620541377227215,0.0,0.0,0.0,0.0,0.0,0.0,0.0,0.0,0.3425663645766876,0.0,0.359661034005012,0.0,0.0,0.0,0.0,0.0,0.0,0.3260622991350527,0.0,0.0,0.0,0.0,0.3412888118555081,0.3174865011024109,0.3241023616274592,0.3593690240631855,0.0,0.0,0.3428707446389456,0.3663050092634144,0.3567655507161855,0.3382630869000059,0.0,0.3565920421623738
0.285337786607965,0.2819676982936956,0.0,0.0,0.0,0.286767296076747,0.0,0.2771710807224151,0.0,0.0,0.0,0.0,0.3074107794813948,0.0,0.2569743837554837,0.2825112502729214,0.0,0.2838230515386384,0.0,0.2855636273464479,0.0,0.287762509767703,0.2793144876114481,0.3253879504946495,0.2894096036117616,0.284635824671151,0.3094446458782206,0.2955193683095836,0.2647093802470112,0.3124402698335654,0.2612323136586867,0.2883762156512262,0.2610825804940301,0.2794594533339244,0.3165766529990613,0.0,0.0,0.0,0.3167434494827215,0.3087357912996849,0.3335723510803332,0.3470207202306972,0.0,0.0,0.0,0.298980573354957,0.3357742644586162,0.0,0.0,0.0,0.2807266674140702,0.0,0.1842579537324062,0.0,0.0,0.0,0.0,0.0,0.0,0.3249005114613175,0.3228015506980654,0.0,0.0,0.0,0.3152273239058484,0.2434931073304048,0.3313009663169682,0.3239888613259474,0.0,0.336089509441792,0.3565475450766004,0.3338380900482193,0.3287037996435136,0.3005312355612669,0.0,0.0
0.2543873437787263,0.272558577346933,0.0,0.0,0.2811829980669258,0.2845352760288848,0.2999320898646309,0.2983267609782615,0.2749198201671751,0.2865785562877329,0.0,0.0,0.3058779046538632,0.0,0.2637117111344489,0.2597435564603482,0.2745191967765449,0.2783689038188837,0.0,0.2661722595162838,0.287762509767703,0.0,0.3027246079633837,0.0,0.2786547511585622,0.2909150511443887,0.2954312533406991,0.2442185425785808,0.2753866718806655,0.1754811370857401,0.2593038445586218,0.2927090392121993,0.273485993719386,0.2822873120246204,0.3195873189228911,0.3399023706452239,0.0,0.0,0.328691953166811,0.3356124862422489,0.3341850481402602,0.3469253004714128,0.0,0.0,0.0,0.3153791794974622,0.3287927827950194,0.0,0.0,0.0,0.3183472171333878,0.0,0.0,0.0,0.0,0.0,0.0,0.0,0.0,0.3446502458647943,0.3130704785606719,0.0,0.0,0.0,0.3279925929780529,0.3287949587686131,0.3393908175944324,0.3331645325707295,0.0,0.3097120650398542,0.3521995459626734,0.3364641542802,0.0,0.3177346896143741,0.0,0.0
0.3312500791786951,0.2934829197239108,0.2473631705407444,0.2723700953289294,0.2782425098248756,0.2838447164358662,0.2931759229813945,0.2444396683192881,0.2844284747356372,0.3143632114841397,0.1970141424730392,0.0,0.3011365623934293,0.2464893282144738,0.2713675231961844,0.2964877115203838,0.0,0.2994206059260693,0.2408562442321329,0.2591234145623952,0.2793144876114481,0.3027246079633837,0.0,0.3492245448875559,0.2983115311043867,0.3125171561491043,0.2454662998074231,0.3010666570715538,0.2802345131152011,0.2907890075189187,0.3004124729070614,0.2899795335078269,0.2813468839885747,0.3016348950594038,0.3125416056362833,0.2584294349485108,0.2947369481106136,0.0,0.3492907795636452,0.3186172391733313,0.3650612043806484,0.3674984907083979,0.3494108505711563,0.0,0.0,0.0,0.3415093163654713,0.3805468959503938,0.0,0.3740427377178923,0.357449797212071,0.3649883310184846,0.3312679040945878,0.3757179857657642,0.0,0.3128784083870254,0.0,0.3593665553987814,0.3723545775845306,0.3399577098927289,0.0,0.0,0.0,0.3415086813633151,0.3550675351517274,0.3385509317329284,0.3338753250384841,0.3700446541156282,0.0,0.0,0.3424837304881746,0.3679045478122611,0.3608558282801463,0.3478244862129935,0.3604688035958937,0.3634855584578882
0.2424683724331121,0.0,0.0,0.0,0.0,0.0,0.277654964354198,0.351947989290169,0.0,0.2368993465531491,0.0,0.207652758984176,0.2930343789878507,0.0,0.3136252081037609,0.2721410876712062,0.2491352192176109,0.2521170034642266,0.0,0.0,0.3253879504946495,0.0,0.3492245448875559,0.0,0.2460492262844177,0.2283348696190901,0.0,0.287165589295541,0.0,0.0,0.2609780769616719,0.2828317008130925,0.1776130475508928,0.2030235415329556,0.1970509937953889,0.0,0.0,0.1880594025800138,0.3000598255276456,0.2400569433740858,0.2850251111514678,0.0,0.0,0.0,0.2009363657301788,0.2768168657721521,0.0,0.0,0.0,0.0,0.0,0.0,0.0,0.0,0.2940609909220915,0.0,0.2964283649077546,0.0,0.0,0.0,0.3132778074921061,0.3086821086961466,0.2985875951919469,0.0,0.0,0.0,0.0,0.0,0.2802681832756552,0.301487795416216,0.3091516869010631,0.0,0.0,0.0,0.0,0.2878519887256266
0.2583838601197399,0.2652633627519578,0.0,0.0,0.0,0.2499713957971549,0.2762511941823489,0.3356260174746182,0.0,0.2399452399247046,0.0,0.2455379132056897,0.2727145150637394,0.0,0.2660299855755728,0.2696479559618699,0.202496442470475,0.2448823843839987,0.0,0.2756587982679598,0.2894096036117616,0.2786547511585622,0.2983115311043867,0.2460492262844177,0.0,0.2497457928486244,0.267957800867813,0.2733250676219938,0.2606781009352435,0.0,0.2579046871794397,0.2869784086849158,0.2295453279086815,0.2515355686133138,0.2719764948114772,0.0,0.0,0.2321228861829263,0.3244487883665936,0.296096496021049,0.3135542707424617,0.3026337964925023,0.0,0.0,0.0,0.298092059714771,0.3205213228443088,0.0,0.0,0.0,0.0,0.0,0.0,0.0,0.3175884188425597,0.0,0.3170763137253314,0.0,0.0,0.0,0.3087300498177315,0.301308719413873,0.2991402146713641,0.0,0.3240865275855844,0.3356978904607723,0.2993472089984434,0.0,0.3008692496318257,0.3018478766459895,0.311660106567625,0.0,0.0,0.0,0.0,0.2985794782532702
0.2426955485578082,0.2792437961752573,0.0,0.0,0.0,0.2682808038826584,0.2890316298492307,0.3324844620716736,0.0,0.2405962349651224,0.0,0.2228277896254293,0.2796499591478931,0.0,0.2897365369780563,0.2826336964981023,0.2455462922003504,0.255509564710251,0.0,0.3142334333105611,0.284635824671151,0.2909150511443887,0.3125171561491043,0.2283348696190901,0.2497457928486244,0.0,0.3067743955360691,0.2937403514805108,0.2656789257836563,0.0,0.2633899304891961,0.2956203681814852,0.2463741895113588,0.2727071441645814,0.3140659460358728,0.3382308639763819,0.0,0.2311859735426492,0.3284360276527273,0.3002493288368016,0.3149066625984856,0.3306269611497034,0.0,0.0,0.3321169992877614,0.2953779493217948,0.3378056241557855,0.0,0.0,0.0,0.0,0.0,0.0,0.0,0.3183318657366143,0.0,0.3168510791004525,0.0,0.0,0.363443877739463,0.3118735078221817,0.3107560132802814,0.2975073602082754,0.0,0.3383364008421197,0.3568461229404598,0.346350101030917,0.3464091378363528,0.298648219186516,0.3014379765126838,0.3238767711593347,0.3509495769399131,0.0,0.3282391296858472,0.0,0.3014176280241377
0.3427831698930131,0.2835807931133657,0.2159944584703818,0.2907174616166325,0.2687413390420913,0.2688067268959817,0.2948122903079856,0.3239627157648634,0.256031086492297,0.3220051229046999,0.2428051428120805,0.0,0.3023102816887273,0.3241526260693311,0.3110922667958936,0.298086643898476,0.0,0.2890807512504397,0.2290862675008575,0.2585325321315858,0.3094446458782206,0.2954312533406991,0.2454662998074231,0.0,0.267957800867813,0.3067743955360691,0.0,0.3012125338427165,0.2546679073441478,0.2786644083956318,0.2868256924627398,0.2949157294263471,0.2718801182707676,0.3005606583564498,0.3138377519152919,0.3039428096983677,0.3027035971030934,0.0,0.3460069188069731,0.0,0.357506523969362,0.3663252382697144,0.3286627400222893,0.0,0.0,0.0,0.0,0.3933385504516067,0.0,0.0,0.3610578998670152,0.3769682053707046,0.3533160529467038,0.3845307310484712,0.0,0.3217992360763514,0.0,0.3579547053614451,0.0,0.3477628871978444,0.0,0.0,0.0,0.3593454206039769,0.3556354823381885,0.3539041738834856,0.3420157834916247,0.3735940332489535,0.0,0.0,0.3443071073191936,0.3665656531127278,0.355667925922005,0.3472074497259842,0.3650396761020679,0.3623118385641087
0.2762882674010358,0.2608989247608073,0.3083278179549216,0.1888919635554963,0.227739565884985,0.2671592915868925,0.2470575610213442,0.2988733964869847,0.3015573598984707,0.2779030208432103,0.284323307529069,0.2650484507796901,0.2463800460858727,0.1667818783974334,0.2707999468340812,0.2837642728247938,0.2936659616483055,0.2916677920660415,0.3073826657965528,0.2358935771184261,0.2955193683095836,0.2442185425785808,0.3010666570715538,0.287165589295541,0.2733250676219938,0.2937403514805108,0.3012125338427165,0.0,0.2377310224825737,0.2097748590347487,0.2516055657195697,0.2637360898774634,0.2234956716810214,0.2554932398792405,0.2587854824782622,0.1944933026750041,0.2012401546402064,0.2437522906140622,0.3343703755278477,0.0,0.0,0.0,0.0,0.0,0.0,0.0,0.0,0.0,0.0,0.0,0.3419742498868275,0.0,0.3210070287947505,0.0,0.0,0.0,0.0,0.0,0.0,0.3473723225511159,0.0,0.0,0.0,0.0,0.3445547302329499,0.3345792133296259,0.0,0.3575819570985208,0.0,0.0,0.0,0.3517265611927528,0.3548969311999238,0.3375019632141698,0.0,0.3678893937792942
0.3114630053295868,0.2655592734700074,0.0,0.0,0.2633676840838929,0.2420282953193474,0.272215837450893,0.2647487389393264,0.2630165970612066,0.0,0.0,0.0,0.2678019035754533,0.0,0.2442126791480602,0.2981941939654884,0.0,0.2906611696437102,0.0,0.2289672158212539,0.2647093802470112,0.2753866718806655,0.2802345131152011,0.0,0.2606781009352435,0.2656789257836563,0.2546679073441478,0.2377310224825737,0.0,0.2415012070834616,0.2455534739284576,0.2707717963784216,0.2695352974988912,0.2746416621219043,0.3027339033997416,0.322804765999285,0.0,0.0,0.3243784882047084,0.0,0.3477681827177504,0.3568013458582326,0.0,0.0,0.0,0.0,0.0,0.0,0.0,0.0,0.3302060295544827,0.0,0.3049527235813343,0.0,0.0,0.0,0.0,0.360266622555927,0.0,0.3199683782458852,0.0,0.0,0.0,0.0,0.3285207545199343,0.299219481470324,0.3215131698886614,0.3426678593934674,0.0,0.0,0.0,0.3413430283525098,0.3381828222568956,0.3247442239722278,0.0,0.3423600944833248
0.0,0.0,0.0,0.0,0.0,0.2808212029804431,0.0,0.2842019740917401,0.0,0.0,0.0,0.0,0.2747004963357145,0.0,0.0,0.2787665845302119,0.0,0.0,0.0,0.2129489861920102,0.3124402698335654,0.1754811370857401,0.2907890075189187,0.0,0.0,0.0,0.2786644083956318,0.2097748590347487,0.2415012070834616,0.0,0.1838892680873073,0.2498183514735199,0.0,0.2406407118586501,0.286953957600419,0.0,0.0,0.0,0.324895840710372,0.0,0.0,0.0,0.0,0.0,0.0,0.0,0.0,0.0,0.0,0.0,0.0,0.0,0.0,0.0,0.0,0.0,0.0,0.0,0.0,0.0,0.0,0.0,0.0,0.0,0.3496863875125052,0.0,0.0,0.349658433867605,0.0,0.0,0.0,0.3498604755596363,0.0,0.0,0.0,0.0
0.2432884164163329,0.2534348709986188,0.3219023690424225,0.0,0.2573829654458869,0.2936663287391808,0.2562983051450768,0.304946394185877,0.3127915448858928,0.2333988990334633,0.3075429106025529,0.2442027525685836,0.2798470446172262,0.0,0.2570234412078414,0.254181019876074,0.2444637302653308,0.2576351947147519,0.3215755149566199,0.2457051130068474,0.2612323136586867,0.2593038445586218,0.3004124729070614,0.2609780769616719,0.2579046871794397,0.2633899304891961,0.2868256924627398,0.2516055657195697,0.2455534739284576,0.1838892680873073,0.0,0.2684215916222454,0.2307152234432662,0.2081215574473202,0.216380888169378,0.2282668352872543,0.2278019319709778,0.2246707280647737,0.322402465671349,0.2623994762636806,0.3042626931949238,0.0,0.0,0.0,0.0,0.2963883092241031,0.3071888657585551,0.0,0.0,0.0,0.3481971807626598,0.0,0.326013219530241,0.0,0.2948821588643117,0.0,0.2915360202895399,0.0,0.0,0.3147975953442324,0.2903026335027249,0.0,0.2922865518295097,0.0,0.3338432734509912,0.3037145727723486,0.3128924463546309,0.3598473983558072,0.2264136157885957,0.2978048861705163,0.3192329726933629,0.3541111318336008,0.36322349410756,0.334633234213726,0.0,0.3193573774880637
0.2853459336222614,0.2918907072525513,0.3016002563002622,0.181135450928995,0.2371771334172956,0.2869870769716374,0.2422776341900997,0.2889557059891619,0.2930543960706157,0.2638139235388664,0.2209301093586543,0.1962555475339804,0.2551617007324092,0.127565422957628,0.2809203718569694,0.3165367465653109,0.288043432060792,0.2953939862497517,0.2992304591449595,0.2872620706863643,0.2883762156512262,0.2927090392121993,0.2899795335078269,0.2828317008130925,0.2869784086849158,0.2956203681814852,0.2949157294263471,0.2637360898774634,0.2707717963784216,0.2498183514735199,0.2684215916222454,0.0,0.2383005459293901,0.2646957678973676,0.2727253414656679,0.1718875056256391,0.2114861430456388,0.1952480158220076,0.2337849083788241,0.2284168841320223,0.2620428092279113,0.2577285540323324,0.235764983610574,0.2124085260933245,0.1982936215421578,0.3121815735230407,0.3271318409612883,0.3689013513024816,0.0,0.0,0.3357639067842571,0.0,0.3125562052966674,0.343022273933631,0.2457034913645529,0.0,0.3472021116270141,0.3381473681543055,0.0,0.3260231587104242,0.3134216029629234,0.0,0.3082192698577575,0.0,0.3284878037603671,0.3073670030789037,0.3274092283293079,0.3560874036059208,0.0,0.3086921596134674,0.3363819715530871,0.3483224969071149,0.2996323926961616,0.32221431289502,0.0,0.3268652703154793
0.2274256798568639,0.2468918324241006,0.0,0.0,0.0,0.2629266747203989,0.2796849489607522,0.3057284724031753,0.2836882372883285,0.21923666597855,0.0,0.1905388194665159,0.2443088574933788,0.0,0.2650305478290745,0.2660498234297883,0.2424896360344113,0.2430779887917953,0.0,0.2614636435299644,0.2610825804940301,0.273485993719386,0.2813468839885747,0.1776130475508928,0.2295453279086815,0.2463741895113588,0.2718801182707676,0.2234956716810214,0.2695352974988912,0.0,0.2307152234432662,0.2383005459293901,0.0,0.196310532087241,0.2627755496094257,0.3110474009280519,0.2089335863199106,0.1558401446148802,0.2377932336843352,0.1950365787833053,0.2305978825068005,0.2241615536628768,0.0,0.0,0.1718399958954727,0.281219547935631,0.3269945937855629,0.0,0.0,0.0,0.0,0.0,0.0,0.0,0.2509886085375413,0.0,0.2539661379802242,0.0,0.0,0.3334066048849353,0.3016795415884007,0.2901835746024074,0.2860224830184746,0.0,0.3270352628264097,0.3284601393953631,0.3255945793558212,0.3340517233599299,0.2143215317904667,0.2908621131019911,0.3120309702153038,0.3303922001619057,0.0,0.3241318193962146,0.0,0.2647535116097388
0.2498697621257242,0.2622506785570704,0.3088897432272042,0.2224153128916476,0.2631034251484734,0.287454289153567,0.2557120278464159,0.2925748126484489,0.2994951228463515,0.227122278957496,0.2976914530243332,0.1816919034793686,0.2650378591729006,0.0,0.2869105240846252,0.2663726120972225,0.2583281317899467,0.2638801430761505,0.3092514512938975,0.2832400306428868,0.2794594533339244,0.2822873120246204,0.3016348950594038,0.2030235415329556,0.2515355686133138,0.2727071441645814,0.3005606583564498,0.2554932398792405,0.2746416621219043,0.2406407118586501,0.2081215574473202,0.2646957678973676,0.196310532087241,0.0,0.2287415213266447,0.2683400399988709,0.2228641033695525,0.1634191392501986,0.2494950601665233,0.2262807218609961,0.2189054374606747,0.2148339037021799,0.0,0.0,0.2104619243184458,0.2907611349378234,0.3159670659152058,0.0,0.0,0.0,0.3399391217358685,0.0,0.3187967319958643,0.0,0.2598911173727111,0.0,0.2586096208475048,0.0,0.0,0.3340332791312191,0.3020914503654763,0.0,0.2917262922765986,0.0,0.3424428117335461,0.3215225832904715,0.3282615554185993,0.3561560300772693,0.2558571157985412,0.2973843635665208,0.3254432602208206,0.3693402561521658,0.3562695360309643,0.3317882280721377,0.0,0.3005820530287159
0.2835644133244178,0.3010880448391717,0.3157741619861888,0.2301567560541828,0.2702054121664457,0.3041786216962667,0.2077797701148656,0.3055968775651104,0.299151047869398,0.2239031131703118,0.272475035351477,0.211091849177741,0.2589939487300401,0.0,0.3191375764463849,0.3089693481568683,0.2538363872026449,0.2778151792904738,0.2966225705571922,0.3140060627245976,0.3165766529990613,0.3195873189228911,0.3125416056362833,0.1970509937953889,0.2719764948114772,0.3140659460358728,0.3138377519152919,0.2587854824782622,0.3027339033997416,0.286953957600419,0.216380888169378,0.2727253414656679,0.2627755496094257,0.2287415213266447,0.0,0.2958513888822723,0.2433240295579246,0.2105522314183695,0.2366559428351756,0.2123645649048696,0.2354408639276186,0.2527854176720057,0.0,0.2413567216798987,0.2272855615291207,0.0,0.3454790819400364,0.0,0.0,0.0,0.0,0.0,0.0,0.0,0.0,0.0,0.1966990987975253,0.0,0.0,0.346380014474319,0.3305778131623656,0.0,0.2934956040201883,0.0,0.3466258820862321,0.3397260635322016,0.3496061265957956,0.3582344051810051,0.0,0.310475258654535,0.348200328665451,0.3601578120998542,0.0,0.3537543998720521,0.0,0.0
0.0,0.0,0.2837889789705874,0.1100733480344644,0.1489010984852342,0.2829255260877651,0.1965131417047498,0.192123689775066,0.2812406819793268,0.1963075953986522,0.1821464254377779,0.2257679107059845,0.2048317196519933,0.1338584975251102,0.3001975381161209,0.0,0.0,0.0,0.2684187162342725,0.3324506504832054,0.0,0.3399023706452239,0.2584294349485108,0.0,0.0,0.3382308639763819,0.3039428096983677,0.1944933026750041,0.322804765999285,0.0,0.2282668352872543,0.1718875056256391,0.3110474009280519,0.2683400399988709,0.2958513888822723,0.0,0.1330547650244233,0.2225493308048775,0.2054300564795519,0.2100124376165102,0.0,0.1988623740803148,0.0,0.0,0.0,0.0,0.0,0.3539960878603193,0.0,0.0,0.3311340008618657,0.0,0.0,0.33117093133954,0.0,0.0,0.0,0.0,0.0,0.0,0.0,0.0,0.0,0.2348635471671734,0.0,0.0,0.0,0.3369735084766144,0.0,0.0,0.0,0.3415774003843435,0.0,0.0,0.0,0.0
0.0,0.0,0.3180973237752297,0.1154697219998166,0.1820915875962645,0.2944684036845014,0.2003308884158001,0.31102038052978,0.2946617499281598,0.2042700595685404,0.2791179177565761,0.2798041785584861,0.2080339484094423,0.1199441445557217,0.0,0.0,0.0,0.0,0.304080503480137,0.3100369084518147,0.0,0.0,0.2947369481106136,0.0,0.0,0.0,0.3027035971030934,0.2012401546402064,0.0,0.0,0.2278019319709778,0.2114861430456388,0.2089335863199106,0.2228641033695525,0.2433240295579246,0.1330547650244233,0.0,0.2337789439029643,0.1994845648374458,0.0,0.2023295059966346,0.2226125632545454,0.0,0.0,0.0,0.0,0.0,0.0,0.0,0.0,0.0,0.0,0.0,0.0,0.0,0.0,0.0,0.0,0.0,0.0,0.0,0.0,0.0,0.0,0.0,0.0,0.0,0.0,0.0,0.0,0.0,0.0,0.0,0.0,0.0,0.0
0.0,0.0,0.0,0.0,0.0,0.0,0.2439834536559743,0.0,0.2994660405043648,0.2085842287746813,0.3050716898206548,0.1706597077822268,0.2558030212954639,0.0,0.0,0.0,0.2240780698796828,0.0,0.0,0.0,0.0,0.0,0.0,0.1880594025800138,0.2321228861829263,0.2311859735426492,0.0,0.2437522906140622,0.0,0.0,0.2246707280647737,0.1952480158220076,0.1558401446148802,0.1634191392501986,0.2105522314183695,0.2225493308048775,0.2337789439029643,0.0,0.1710462443467708,0.168834320732565,0.1969817367086093,0.1916686643514412,0.0,0.0,0.1914471500083853,0.0,0.0,0.0,0.0,0.0,0.0,0.0,0.0,0.0,0.2366351371791066,0.0,0.2304764099246807,0.0,0.0,0.0,0.0,0.0,0.0,0.0,0.0,0.0,0.0,0.0,0.2068222616536411,0.0,0.246476832568241,0.0,0.0,0.0,0.0,0.0
0.3002542455943386,0.3207070527399678,0.0,0.0,0.0,0.350847383196459,0.0,0.3214147910387313,0.356665964014871,0.2836786670891959,0.2294869156934642,0.2383981848770376,0.3447527721678403,0.0,0.3331556256492799,0.3154282902263211,0.0,0.3182554682361188,0.0,0.3391311755672318,0.3167434494827215,0.328691953166811,0.3492907795636452,0.3000598255276456,0.3244487883665936,0.3284360276527273,0.3460069188069731,0.3343703755278477,0.3243784882047084,0.324895840710372,0.322402465671349,0.2337849083788241,0.2377932336843352,0.2494950601665233,0.2366559428351756,0.2054300564795519,0.1994845648374458,0.1710462443467708,0.0,0.2300012011742729,0.2685426624232144,0.2358755849851707,0.1836211991888439,0.2112413532737637,0.198919079676226,0.2832500094379678,0.2729727784479926,0.310969104472601,0.1783052676892585,0.2300790798101767,0.2736912395936888,0.2557666021310272,0.2873656750389077,0.2939635332380314,0.2588177004151145,0.2133928012993124,0.1865749327642351,0.2664860354574426,0.1580161984450138,0.2882779104340573,0.2911070729341067,0.2875319508057979,0.2874090519084634,0.2995729463649194,0.2912689181094571,0.2839289523614319,0.2945180321347376,0.2926413901047489,0.2125360083436525,0.2718494129013803,0.2833439076609672,0.284302195368984,0.2561330447312327,0.2771944577662069,0.2639011459293765,0.2738955818017579
0.2752696922286945,0.3166078915920159,0.0,0.0,0.0,0.0,0.0,0.0,0.0,0.2731247933384272,0.0,0.2745945887564747,0.0,0.0,0.327788283114734,0.3006887181934456,0.2661839565675155,0.2924562867471119,0.0,0.3135631998989361,0.3087357912996849,0.3356124862422489,0.3186172391733313,0.2400569433740858,0.296096496021049,0.3002493288368016,0.0,0.0,0.0,0.0,0.2623994762636806,0.2284168841320223,0.1950365787833053,0.2262807218609961,0.2123645649048696,0.2100124376165102,0.0,0.168834320732565,0.2300012011742729,0.0,0.177727704553497,0.2477186223737619,0.3159585675001787,0.2072002723578928,0.1733767627062784,0.2198273660000417,0.2183558999084138,0.0,0.0,0.0,0.2408082575639544,0.2549275557417955,0.2752459918132172,0.2906870736928296,0.2165873603793976,0.0,0.1813622118793159,0.2533199631044453,0.0,0.2582968393916558,0.2435501244272758,0.2363647620947764,0.226247610310116,0.0,0.2671087872994391,0.2466059751630209,0.2618290748117263,0.2748238912957019,0.1805575708075172,0.2119606115865291,0.2349342027916791,0.2588068421905681,0.2364783166824265,0.1973177388982696,0.2406678537166202,0.2201452022732215
0.2841031776944591,0.3159711400747071,0.0,0.0,0.0,0.3651083296629722,0.0,0.3403366848026328,0.0,0.3018089414914605,0.0,0.278682427973484,0.0,0.0,0.3420238559267928,0.3021290165087191,0.2886064839723637,0.3048483498504589,0.0,0.3503228558141924,0.3335723510803332,0.3341850481402602,0.3650612043806484,0.2850251111514678,0.3135542707424617,0.3149066625984856,0.357506523969362,0.0,0.3477681827177504,0.0,0.3042626931949238,0.2620428092279113,0.2305978825068005,0.2189054374606747,0.2354408639276186,0.0,0.2023295059966346,0.1969817367086093,0.2685426624232144,0.177727704553497,0.0,0.2313660939335113,0.3030668135714494,0.2082782175068351,0.1563625574480692,0.2432398623528894,0.2357601393360159,0.3216905490891895,0.2204558619430145,0.2558485863491975,0.284345139988045,0.2557315813514406,0.3131987400569744,0.3083694079906732,0.2241830157283929,0.308092333002572,0.1841090041647046,0.2621479965069664,0.0,0.293310969976522,0.263459471567141,0.2596588373627079,0.2612236124928866,0.3199997662505494,0.2876665075004631,0.2799531073262383,0.2854318366881406,0.3081912997605052,0.2168200721145599,0.2457060512338615,0.2556530987088837,0.2951721486363375,0.2354384605533505,0.2783794574933219,0.2500503927872464,0.2114956971124302
0.0,0.3192040368527887,0.0,0.0,0.0,0.0,0.0,0.0,0.0,0.0,0.0,0.0,0.0,0.0,0.3561050035105733,0.3064819218002033,0.0,0.2992692606568741,0.0,0.3620541377227215,0.3470207202306972,0.3469253004714128,0.3674984907083979,0.0,0.3026337964925023,0.3306269611497034,0.3663252382697144,0.0,0.3568013458582326,0.0,0.0,0.2577285540323324,0.2241615536628768,0.2148339037021799,0.2527854176720057,0.1988623740803148,0.2226125632545454,0.1916686643514412,0.2358755849851707,0.2477186223737619,0.2313660939335113,0.0,0.2826192500539888,0.2357781593570391,0.2122558640287967,0.2677129919111619,0.2644524717795281,0.3156064719290045,0.2026245107447546,0.2690171452254673,0.2849069849379535,0.2558843100389582,0.3366309120811203,0.3013134121954438,0.2170197211968019,0.2951631925982725,0.1961597706188591,0.253319220116059,0.0,0.3232575489443934,0.2861858537896407,0.2510828066127543,0.2631436716818967,0.3019415382170119,0.3165243595040597,0.3299600511860336,0.3217698667683054,0.3252490119208561,0.2451533805667758,0.253516584833139,0.2806133432874739,0.3003798601954464,0.2242195025818571,0.2948398991386148,0.2630041825185894,0.1917203470992579
