0.0,0.2812989079622691,0.0,0.0,0.0,0.3214912383825321,0.0,0.3512359231110602,0.0,0.3128461963702725,0.0,0.3059165040958477,0.0,0.0,0.2862846671474298,0.2801908032985963,0.2633187364879844,0.2733306398885148,0.0,0.3180099798848241,0.3082698121024095,0.2809935809632941,0.3239228552485393,0.2735259688656974,0.2679836359228363,0.2614965609060084,0.3175633786048543,0.0,0.0,0.0,0.2606780613583492,0.27951423102755,0.243933767236747,0.2482817614341391,0.0,0.0,0.0,0.0,0.2995194916296433,0.2866394039400277,0.2943239744190013,0.0,0.0,0.0,0.0,0.2724638751245893,0.3216797055131979,0.0,0.0,0.0,0.0,0.0,0.0,0.0,0.0,0.0,0.0,0.0,0.0,0.0,0.3118116586419738,0.0,0.2995363433662715,0.0,0.0,0.2040603697863221,0.2889353212191924,0.0,0.2463100226623036,0.306856414712203,0.316690731688194,0.0,0.0,0.0,0.0,0.0
0.2812989079622691,0.0,0.0,0.0,0.2710386039322293,0.2800513412308457,0.2845457263887688,0.0,0.269555543604192,0.0,0.0,0.0,0.2888193257216214,0.0,0.2824239144869664,0.2806955356389223,0.0,0.2690231696480283,0.0,0.2840971417764149,0.2760025655276646,0.2785041526207421,0.262834058569891,0.0,0.2654690668653774,0.2797198878421578,0.2847226539366914,0.2961539809952692,0.2912648986861305,0.0,0.2414679540514307,0.2510443062077634,0.241143668542679,0.2363210563907103,0.2805080177557291,0.0,0.0,0.0,0.3046203636948189,0.2981708102388662,0.2972141710435178,0.3080223090593569,0.0,0.0,0.0,0.3037338541230273,0.3161163215767423,0.0,0.0,0.0,0.0,0.0,0.0,0.0,0.0,0.0,0.0,0.0,0.0,0.3340943968837648,0.3061590605624521,0.0,0.3072099949098489,0.0,0.301833342439461,0.3140128836426173,0.2913218821741054,0.333980070618299,0.0,0.3048833261540794,0.3314013745377044,0.3109532641187372,0.0,0.2990988475608053,0.0,0.289021202197612
0.0,0.0,0.0,0.0,0.2590159612509735,0.288943994947431,0.2873548541230543,0.3034612014677874,0.2179071753685152,0.3268841897841998,0.232383976586932,0.0,0.2947504830607069,0.253477853594487,0.0,0.0,0.0,0.0,0.2052686312168201,0.0,0.0,0.0,0.2168154694364001,0.0,0.0,0.0,0.2194026617765465,0.2992082673000748,0.0,0.3107549098488299,0.3109358811476568,0.2800338403608347,0.0,0.3087322695529391,0.3005703562859362,0.2742165453223739,0.3034917967030661,0.0,0.3350034129401503,0.0,0.0,0.0,0.3226644141178084,0.0,0.0,0.0,0.0,0.2699544017351599,0.0,0.3715653617060353,0.3565586639374111,0.0,0.3604954258697051,0.3789831693539519,0.0,0.2537743237058996,0.0,0.0,0.3155197570362782,0.0,0.0,0.0,0.0,0.2585075675939892,0.0,0.0,0.0,0.3663374648347813,0.0,0.0,0.0,0.372190655589957,0.0,0.0,0.0,0.0
0.0,0.0,0.0,0.0,0.1549197602259844,0.2621601496886413,0.1905746819677648,0.2375508334432245,0.2768333308930152,0.0,0.2267695611154934,0.0,0.1988528924177406,0.1761171587223789,0.0,0.0,0.0,0.0,0.0,0.0,0.0,0.0,0.2583532732288361,0.0,0.0,0.0,0.2732223476196018,0.1734975770727614,0.0,0.0,0.0,0.1695972226463499,0.0,0.1549961636796802,0.1769423670835269,0.1240601412337951,0.1285726045916256,0.0,0.0,0.0,0.0,0.0,0.0,0.0,0.0,0.0,0.0,0.0,0.0,0.0,0.0,0.0,0.0,0.0,0.0,0.0,0.0,0.0,0.0,0.0,0.0,0.0,0.0,0.0,0.0,0.0,0.0,0.0,0.0,0.0,0.0,0.0,0.0,0.0,0.0,0.0
0.0,0.2710386039322293,0.2590159612509735,0.1549197602259844,0.0,0.2518635283432968,0.2191046120529765,0.2631612344724796,0.2451903189541018,0.2970123333718524,0.2273111665030876,0.2905095625237072,0.2558652167761129,0.1931310850525339,0.0,0.0,0.0,0.0,0.2545355551970306,0.2520672963067778,0.0,0.2772563449151159,0.2647836008091461,0.0,0.2729533626807803,0.0,0.2613210876806783,0.2464465731410054,0.2781701845061201,0.0,0.2902577578949016,0.1826041668628835,0.3129190841855075,0.287558475991615,0.2773687133805191,0.1490950006719504,0.1603230905464961,0.2883091318449681,0.0,0.0,0.0,0.0,0.2786369269837396,0.0,0.0,0.0,0.0,0.3595386414265608,0.0,0.0,0.0,0.0,0.3175893888314854,0.3733432989156885,0.0,0.3068561653070756,0.0,0.0,0.0,0.0,0.0,0.0,0.0,0.0,0.0,0.0,0.0,0.3451997415769334,0.0,0.0,0.0,0.3601534582453629,0.0,0.0,0.0,0.0
0.3214912383825321,0.2800513412308457,0.288943994947431,0.2621601496886413,0.2518635283432968,0.0,0.2728993242941053,0.2821327697760498,0.243824127429501,0.3002604203538365,0.2544099237190265,0.0,0.2659838435605597,0.2521689886266874,0.2985765514234605,0.2876733506650537,0.0,0.2787648885665899,0.281064275555908,0.2843092578255877,0.2853143998259219,0.2972447400850189,0.2792197535206505,0.0,0.2653146634144512,0.2760755987901245,0.2716226028901658,0.2681285864258272,0.2545614236399274,0.2794712960110619,0.2902043081049529,0.2597891889758262,0.2596555156557362,0.2898027341477491,0.2867934950881937,0.2811599336454218,0.2765724327901476,0.0,0.313604435104086,0.0,0.336285320600707,0.0,0.3234836379552719,0.0,0.0,0.0,0.0,0.3653078571631931,0.0,0.0,0.3345554050674001,0.3454292431977056,0.3132769678803742,0.3599790049809797,0.0,0.3371767533941175,0.0,0.3432949810323651,0.0,0.3453333855175401,0.0,0.0,0.0,0.3520766211492542,0.3239234553506145,0.3162809224517077,0.3447929055847852,0.337750700661713,0.0,0.0,0.0,0.3378448518757545,0.3384431597220182,0.3204253859546944,0.0,0.3420264296314325
0.0,0.2845457263887688,0.2873548541230543,0.1905746819677648,0.2191046120529765,0.2728993242941053,0.0,0.278423219021705,0.2668586166493167,0.2597592265663157,0.2924725201706371,0.2574682189652203,0.2334588104076163,0.234146930069639,0.0,0.3026131406453393,0.0,0.2942804334681939,0.2894594926027602,0.2839957318125156,0.0,0.3026249355346545,0.2863144882653108,0.2673324088544945,0.2777287098567937,0.2870978122686455,0.2843434264188831,0.243586694721327,0.2947089443052147,0.0,0.2678789690466495,0.2443268804132128,0.2520569793001064,0.2567748785262972,0.2193642564918541,0.2010317385288111,0.1936793180962932,0.231680904421548,0.0,0.0,0.0,0.0,0.0,0.0,0.0,0.0,0.0,0.0,0.0,0.0,0.3586690783745375,0.0,0.0,0.0,0.0,0.0,0.0,0.0,0.0,0.0,0.0,0.0,0.0,0.0,0.0,0.0,0.0,0.3378452370651881,0.0,0.0,0.0,0.3504687821657125,0.0,0.0,0.0,0.0
0.3512359231110602,0.0,0.3034612014677874,0.2375508334432245,0.2631612344724796,0.2821327697760498,0.278423219021705,0.0,0.3116244620252285,0.3024958739922436,0.2604586391618987,0.0,0.2870049080314665,0.2159980070136521,0.0,0.3387841115647752,0.0,0.0,0.2802438947861627,0.0,0.271388606220761,0.0,0.2512978308843742,0.3622560855311413,0.3200244325668393,0.335509733876591,0.2987367028376063,0.2842571056592748,0.277516694469095,0.0,0.2953770757121505,0.2026201761159788,0.0,0.2848726485636005,0.2889099837181471,0.1640771380423343,0.1875174575388472,0.0,0.3099316626703053,0.0,0.0,0.0,0.208778664670982,0.0,0.0,0.0,0.0,0.3595151711829291,0.0,0.0,0.3103244267595548,0.0,0.2726494527327842,0.3758520797086387,0.0,0.324115798405262,0.0,0.0,0.0,0.0,0.0,0.0,0.0,0.3261959648411008,0.3106220514683844,0.2878192298448967,0.0,0.3132538913723517,0.0,0.0,0.0,0.3218000814375855,0.317793648865883,0.3280487696115365,0.0,0.0
0.0,0.269555543604192,0.2179071753685152,0.2768333308930152,0.2451903189541018,0.243824127429501,0.2668586166493167,0.3116244620252285,0.0,0.313332542623594,0.2361376590202704,0.323388871545705,0.2817391557534566,0.2637137275787243,0.0,0.2750635637813901,0.0,0.0,0.2153642251823001,0.2656847257578469,0.0,0.2884672714664379,0.2894919848481685,0.0,0.0,0.0,0.2531298893074043,0.2978448712242661,0.2843139343012396,0.3107264498731538,0.3135991910649796,0.2826327074691801,0.2921665914465189,0.3106830595368586,0.3043882866493869,0.2840477582590837,0.2896714268050375,0.3092946001838992,0.3165866213464411,0.0,0.0,0.0,0.3144727241420754,0.0,0.0,0.0,0.0,0.3797373652627477,0.0,0.0,0.3544003221783027,0.0,0.344690680133813,0.3897740918760858,0.0,0.343236897035896,0.0,0.0,0.3170781642383197,0.0,0.0,0.0,0.0,0.3608169958280811,0.0,0.0,0.0,0.3558193232284323,0.0,0.0,0.0,0.3554434140779877,0.0,0.0,0.0,0.0
0.3128461963702725,0.0,0.3268841897841998,0.0,0.2970123333718524,0.3002604203538365,0.2597592265663157,0.3024958739922436,0.313332542623594,0.0,0.3102509322921514,0.2163131292296773,0.2710353009431451,0.2777280671979487,0.0,0.0,0.2312765636389716,0.2549496705369781,0.3187990218296014,0.0,0.0,0.0,0.3039365568545875,0.2466933385013777,0.243338142624947,0.2555104114260515,0.3103735519956432,0.2591170064100921,0.0,0.0,0.2359029284043728,0.2425605776880231,0.2327195439689569,0.2252124473025192,0.2194951973387384,0.2302626438968114,0.1593799200406086,0.1987313821876618,0.2829842117222153,0.2676733587994152,0.2641341326591359,0.0,0.0,0.0,0.2747910425357496,0.0,0.0,0.0,0.0,0.0,0.0,0.0,0.0,0.0,0.3329134939297882,0.0,0.3296067861212242,0.0,0.0,0.0,0.0,0.3095726096695707,0.3018244501047172,0.0,0.0,0.0,0.0,0.0,0.3083624609374361,0.318685066652753,0.3330734742295049,0.0,0.0,0.0,0.0,0.2826270922075286
0.0,0.0,0.232383976586932,0.2267695611154934,0.2273111665030876,0.2544099237190265,0.2924725201706371,0.2604586391618987,0.2361376590202704,0.3102509322921514,0.0,0.3136956576308046,0.2963310037305963,0.201454512652235,0.0,0.0,0.0,0.0,0.2009513331890639,0.0,0.0,0.0,0.2374095358318586,0.0,0.0,0.0,0.2610861350363977,0.2943611668115737,0.0,0.0,0.3115530664841769,0.1953008362128213,0.3287083376915104,0.3058794183541604,0.2984294889986811,0.1891604075629939,0.2668379214107603,0.3330118211577016,0.2942005765763643,0.0,0.0,0.0,0.2911369887008347,0.0,0.0,0.0,0.0,0.333641342208704,0.0,0.3066017261660779,0.3763697734189009,0.0,0.3196017410755251,0.3530826232525427,0.0,0.2914134353085725,0.0,0.0,0.2828839151543889,0.0,0.0,0.0,0.0,0.2787696619742634,0.0,0.0,0.0,0.3464813238792527,0.0,0.0,0.0,0.3612548513101856,0.0,0.0,0.0,0.0
0.3059165040958477,0.0,0.0,0.0,0.2905095625237072,0.0,0.2574682189652203,0.0,0.323388871545705,0.2163131292296773,0.3136956576308046,0.0,0.2714735269667267,0.0,0.0,0.0,0.2555449834865057,0.0,0.0,0.0,0.0,0.0,0.0,0.2207425985253678,0.2528487681720781,0.2214025458997867,0.0,0.261679768413008,0.0,0.0,0.2486334326739882,0.1740755509804763,0.2165040068661717,0.1637388841094087,0.2064229848303527,0.2422391987025226,0.0,0.153756069924697,0.2407618961813797,0.2702323516168665,0.239651024591275,0.0,0.0,0.0,0.2101413233096275,0.0,0.0,0.0,0.0,0.0,0.0,0.0,0.0,0.0,0.3379515992404659,0.0,0.3360225069758437,0.0,0.0,0.0,0.0,0.3204084876587201,0.3086465048410901,0.0,0.0,0.0,0.0,0.0,0.31925552138939,0.320080140329529,0.3340740044507631,0.0,0.0,0.0,0.0,0.2888157880835462
0.0,0.2888193257216214,0.2947504830607069,0.1988528924177406,0.2558652167761129,0.2659838435605597,0.2334588104076163,0.2870049080314665,0.2817391557534566,0.2710353009431451,0.2963310037305963,0.2714735269667267,0.0,0.2655620849220641,0.0,0.3062092452862399,0.294095084782358,0.2972883559383013,0.2943836110063964,0.2898642761752006,0.2995281240437777,0.3087401005058389,0.285581978975935,0.2848134717546478,0.2789689728556895,0.2866792140294147,0.2872313421799868,0.244482443039502,0.2865812405942135,0.2678177110291103,0.2721002517622299,0.2505374773324235,0.2489601992189432,0.2712651197496837,0.2579544515866421,0.2192385215778863,0.2161405121301646,0.2606777211291955,0.3063388733807897,0.0,0.0,0.0,0.3305698490859738,0.0,0.0,0.0,0.0,0.3907492351021003,0.0,0.0,0.345783986231066,0.0,0.3287455498442699,0.0,0.0,0.0,0.0,0.0,0.0,0.0,0.0,0.0,0.0,0.0,0.0,0.0,0.0,0.3365520611622465,0.0,0.0,0.0,0.3393488867680642,0.0,0.3449063036315008,0.0,0.0
0.0,0.0,0.253477853594487,0.1761171587223789,0.1931310850525339,0.2521689886266874,0.234146930069639,0.2159980070136521,0.2637137275787243,0.2777280671979487,0.201454512652235,0.0,0.2655620849220641,0.0,0.0,0.0,0.0,0.0,0.2395345938470187,0.0,0.0,0.0,0.2341045775273856,0.0,0.0,0.0,0.2727770893613204,0.1590781814929286,0.0,0.0,0.2467300784042876,0.1282470937118423,0.0,0.2599045212687803,0.0,0.1254273502786165,0.1185276455098586,0.0,0.0,0.0,0.0,0.0,0.2348198792067773,0.0,0.0,0.0,0.0,0.3406451650570433,0.0,0.0,0.0,0.0,0.0,0.3406894899678283,0.0,0.2979559251863192,0.0,0.0,0.0,0.0,0.0,0.0,0.0,0.0,0.0,0.0,0.0,0.3222823498072573,0.0,0.0,0.0,0.0,0.0,0.0,0.0,0.0
0.2862846671474298,0.2824239144869664,0.0,0.0,0.0,0.2985765514234605,0.0,0.0,0.0,0.0,0.0,0.0,0.0,0.0,0.0,0.2850883728201348,0.0,0.2598498384298085,0.0,0.2356101778729391,0.2747927434563106,0.270779198622404,0.2706796200650909,0.3304280543585078,0.2493349602804464,0.2781539517159375,0.2845279560882702,0.2782406718239442,0.2741536800815711,0.0,0.2813018201647402,0.2936818678006526,0.2802414836809804,0.2892008780687462,0.315695502923476,0.3112934169851475,0.0,0.0,0.324387976639033,0.3362735994112232,0.331109411704908,0.3524298095887682,0.0,0.0,0.0,0.0,0.3349755043371003,0.0,0.0,0.0,0.3146599701842648,0.0,0.2960718730478593,0.0,0.0,0.0,0.0,0.0,0.0,0.3391959813657895,0.333351622097098,0.0,0.0,0.0,0.3245103174473309,0.3275912139096755,0.3552191494486244,0.325298597146692,0.0,0.0,0.3569862392373188,0.3203016726046024,0.328474994869692,0.3133244393175989,0.0,0.3300595681235242
0.2801908032985963,0.2806955356389223,0.0,0.0,0.0,0.2876733506650537,0.3026131406453393,0.3387841115647752,0.2750635637813901,0.0,0.0,0.0,0.3062092452862399,0.0,0.2850883728201348,0.0,0.2794373108715299,0.2625349365195005,0.0,0.2769887501487512,0.2828572651963301,0.2712986853670482,0.2959118736788028,0.2823405584651674,0.2793908496418413,0.2837000141229996,0.2920355191954698,0.3048155437401487,0.3001634376722557,0.2959765058340671,0.2614800589138928,0.2756208730029812,0.2631382868104361,0.2507555732302001,0.2862662166216757,0.0,0.0,0.0,0.2981385432371132,0.2879062143573555,0.2909064566958113,0.0,0.0,0.0,0.0,0.312885072557558,0.3103510594951054,0.0,0.0,0.0,0.0,0.0,0.0,0.0,0.0,0.0,0.0,0.0,0.0,0.3328294121340017,0.3046454657052182,0.0,0.3065011110901816,0.0,0.3085841917671689,0.0,0.2934961644979886,0.0,0.0,0.3062367293788113,0.319917666476467,0.0,0.0,0.0,0.0,0.2832251281652779
0.2633187364879844,0.0,0.0,0.0,0.0,0.0,0.0,0.0,0.0,0.2312765636389716,0.0,0.2555449834865057,0.294095084782358,0.0,0.0,0.2794373108715299,0.0,0.2416285186524109,0.0,0.2882213927593935,0.0,0.2636437193539354,0.0,0.2667554952036128,0.2553979373820093,0.2600221674921973,0.0,0.2827626442252127,0.0,0.0,0.2619977752153953,0.2938721001065869,0.2454841205281076,0.24425545911195,0.2540682887941586,0.0,0.0,0.237653024810825,0.0,0.2660452299636039,0.2896254642619921,0.0,0.0,0.0,0.0,0.0,0.0,0.0,0.0,0.0,0.0,0.0,0.0,0.0,0.3145622779959685,0.0,0.3147707907869504,0.0,0.0,0.0,0.0,0.3148810555680234,0.3028730667485866,0.0,0.0,0.0,0.0,0.0,0.3248246804894452,0.3160631808388222,0.3244274857989959,0.0,0.0,0.0,0.0,0.0
0.2733306398885148,0.2690231696480283,0.0,0.0,0.0,0.2787648885665899,0.2942804334681939,0.0,0.0,0.2549496705369781,0.0,0.0,0.2972883559383013,0.0,0.2598498384298085,0.2625349365195005,0.2416285186524109,0.0,0.0,0.2731705788846783,0.2915547858842568,0.2713238154320461,0.2898149013944329,0.258922413814012,0.2558997114849867,0.2693820552498912,0.2828083814310467,0.2895695312926223,0.2887276351595736,0.0,0.268466014432188,0.2917203230848116,0.2570862353681254,0.2552199111302284,0.2713708046810866,0.0,0.0,0.0,0.29195004235955,0.2731938847667167,0.2779371854838118,0.2924958518658646,0.0,0.0,0.0,0.3053015617907923,0.300893066034922,0.0,0.0,0.0,0.0,0.0,0.0,0.0,0.3066053571355675,0.0,0.3073023963679636,0.0,0.0,0.0,0.2954002998190383,0.3132939296607919,0.2957277806642708,0.0,0.0,0.0,0.2826261590208125,0.0,0.2991103677838643,0.2982643396596407,0.3105972777253792,0.0,0.0,0.0,0.0,0.2644697543240178
0.0,0.0,0.2052686312168201,0.0,0.2545355551970306,0.281064275555908,0.2894594926027602,0.2802438947861627,0.2153642251823001,0.3187990218296014,0.2009513331890639,0.0,0.2943836110063964,0.2395345938470187,0.0,0.0,0.0,0.0,0.0,0.0,0.0,0.0,0.2171613550303899,0.0,0.0,0.0,0.244610988767602,0.2918824881521134,0.0,0.0,0.3133990288868242,0.2732086575564208,0.0,0.3086914273532887,0.310238383687095,0.259926508197933,0.0,0.0,0.3018394096397099,0.0,0.0,0.0,0.3047690944228642,0.0,0.0,0.0,0.0,0.3525369392581539,0.0,0.0,0.3577316247821185,0.0,0.3225960253674817,0.3722845695755492,0.0,0.3144359642637511,0.0,0.0,0.3083138831433073,0.0,0.0,0.0,0.0,0.3424918280698101,0.0,0.0,0.0,0.3567963937306559,0.0,0.0,0.0,0.3599448442241081,0.0,0.0,0.0,0.0
0.3180099798848241,0.2840971417764149,0.0,0.0,0.2520672963067778,0.2843092578255877,0.2839957318125156,0.0,0.2656847257578469,0.0,0.0,0.0,0.2898642761752006,0.0,0.2356101778729391,0.2769887501487512,0.2882213927593935,0.2731705788846783,0.0,0.0,0.2959108572115869,0.2543166223693035,0.2286403136731015,0.0,0.2723079185495164,0.2942649058373734,0.236796808030303,0.2644303973211266,0.2336375919455888,0.2373989078745009,0.2624516443329103,0.2924649933118964,0.2731193497137621,0.284416919505497,0.3107231320242404,0.3424979109102851,0.3146975974391817,0.0,0.3037202675511824,0.3177505398049974,0.3217119881943705,0.0,0.0,0.0,0.0,0.0,0.3076512466815423,0.0,0.0,0.0,0.322267764404364,0.0,0.3393066083004946,0.0,0.0,0.0,0.0,0.0,0.0,0.3227139755032366,0.0,0.0,0.0,0.0,0.3166954736273126,0.3231769350113725,0.3204638702066262,0.3270240325088648,0.0,0.0,0.32376770835791,0.3128466764974784,0.3152326238667511,0.316645268217843,0.0,0.3153019631438006
0.3082698121024095,0.2760025655276646,0.0,0.0,0.0,0.2853143998259219,0.0,0.271388606220761,0.0,0.0,0.0,0.0,0.2995281240437777,0.0,0.2747927434563106,0.2828572651963301,0.0,0.2915547858842568,0.0,0.2959108572115869,0.0,0.3111261945510796,0.2711965125176706,0.3463712369212212,0.286809449066696,0.2871391093080672,0.2954570326738248,0.2945098053881426,0.2840030328017018,0.0,0.2679700847333923,0.2858235887012695,0.2515776812052672,0.2773582064302254,0.3126314129104622,0.0,0.0,0.0,0.2986107441991798,0.0,0.0,0.0,0.0,0.0,0.0,0.0,0.3349814035467521,0.0,0.0,0.0,0.323998683731086,0.0,0.2876130707428482,0.0,0.0,0.0,0.0,0.0,0.0,0.3396406022369669,0.0,0.0,0.0,0.0,0.3138533351227413,0.2780109435071519,0.3569926397201816,0.3098702703491474,0.0,0.0,0.3508203009492963,0.3210975923673205,0.0,0.3217187041205362,0.0,0.0
0.2809935809632941,0.2785041526207421,0.0,0.0,0.2772563449151159,0.2972447400850189,0.3026249355346545,0.0,0.2884672714664379,0.0,0.0,0.0,0.3087401005058389,0.0,0.270779198622404,0.2712986853670482,0.2636437193539354,0.2713238154320461,0.0,0.2543166223693035,0.3111261945510796,0.0,0.3088831815106291,0.0,0.2725452692289692,0.2749752636569496,0.2870434756889027,0.2843699100643322,0.2714336193574663,0.2618168124500999,0.263129771730158,0.2890298390824568,0.2665419827625724,0.2703475099698136,0.3045920387270271,0.3326678494358976,0.3113469556709189,0.0,0.3038201732217014,0.3039642608222343,0.2990740237090263,0.3155224413895577,0.0,0.0,0.0,0.3086166222233092,0.3100912759917698,0.0,0.0,0.0,0.3174574392887607,0.0,0.0,0.0,0.0,0.0,0.0,0.0,0.0,0.3482968944526605,0.3007145171141859,0.0,0.0,0.0,0.31287498226216,0.3435918257369388,0.3291033527469779,0.3315306048806268,0.0,0.295376716315543,0.3355697279682581,0.3196378328707512,0.0,0.3008104539007827,0.0,0.3030319424917077
0.3239228552485393,0.262834058569891,0.2168154694364001,0.2583532732288361,0.2647836008091461,0.2792197535206505,0.2863144882653108,0.2512978308843742,0.2894919848481685,0.3039365568545875,0.2374095358318586,0.0,0.285581978975935,0.2341045775273856,0.2706796200650909,0.2959118736788028,0.0,0.2898149013944329,0.2171613550303899,0.2286403136731015,0.2711965125176706,0.3088831815106291,0.0,0.3458400923227807,0.2628985916837304,0.3082126771832896,0.2522198887367601,0.2870993733598534,0.2822006358725067,0.2819365663103878,0.2876911834367516,0.2712805997215103,0.2716229611182381,0.2958411293151696,0.31302923474475,0.2643003605210157,0.2812330797036212,0.0,0.3330700024162634,0.0,0.3398001977919331,0.346349682275578,0.3347690210841852,0.0,0.0,0.0,0.3368881430022913,0.3622426560894796,0.0,0.3686340961508845,0.3394904982272296,0.3415288108181288,0.3182955392027977,0.3668900442414555,0.0,0.3145250527152459,0.0,0.3420049896079296,0.3138705650792978,0.3354838832077944,0.0,0.0,0.0,0.3514869734451299,0.3283395679124323,0.3201408371982581,0.3380569400720455,0.3319528272166492,0.0,0.0,0.3380567725075468,0.339739583422256,0.3347349830704844,0.3308876972582557,0.3361577791355064,0.343536958228948
0.2735259688656974,0.0,0.0,0.0,0.0,0.0,0.2673324088544945,0.3622560855311413,0.0,0.2466933385013777,0.0,0.2207425985253678,0.2848134717546478,0.0,0.3304280543585078,0.2823405584651674,0.2667554952036128,0.258922413814012,0.0,0.0,0.3463712369212212,0.0,0.3458400923227807,0.0,0.2528767023566222,0.2470877449304213,0.0,0.27741751753251,0.0,0.0,0.2634031346859307,0.241557632264166,0.1684825529180737,0.190285701404858,0.2195507066323258,0.2488370849663803,0.0,0.1623574239088822,0.2987666457262373,0.2476280435274954,0.2736384749941646,0.0,0.0,0.0,0.1920365079709741,0.3033571149226948,0.0,0.0,0.0,0.0,0.0,0.0,0.0,0.0,0.3086276802435622,0.0,0.3183258254525941,0.0,0.0,0.0,0.3156283298402694,0.3224881373926932,0.3137849618129278,0.0,0.0,0.0,0.0,0.0,0.3041261958757306,0.3096922652914191,0.3228253257172978,0.0,0.0,0.0,0.0,0.2698425153210383
0.2679836359228363,0.2654690668653774,0.0,0.0,0.2729533626807803,0.2653146634144512,0.2777287098567937,0.3200244325668393,0.0,0.243338142624947,0.0,0.2528487681720781,0.2789689728556895,0.0,0.2493349602804464,0.2793908496418413,0.2553979373820093,0.2558997114849867,0.0,0.2723079185495164,0.286809449066696,0.2725452692289692,0.2628985916837304,0.2528767023566222,0.0,0.2569718667429546,0.2721028290340132,0.2657662228248038,0.2816042953024814,0.0,0.2483545484732063,0.272363582508226,0.227424256140598,0.2319122775605467,0.2472661225121073,0.0,0.0,0.2303701311758389,0.291770089565564,0.2704723326595207,0.2756807922962127,0.2746046755995083,0.0,0.0,0.0,0.3005145028865978,0.308898529912987,0.0,0.0,0.0,0.0,0.0,0.0,0.0,0.3136845421256024,0.0,0.3128937956236055,0.0,0.0,0.0,0.2986976502512856,0.3062506955878567,0.301380811197972,0.0,0.2872995910231112,0.0,0.2801589611829392,0.0,0.3060128838970239,0.2995296595112513,0.311424819221442,0.0,0.0,0.0,0.0,0.2753356294593098
0.2614965609060084,0.2797198878421578,0.0,0.0,0.0,0.2760755987901245,0.2870978122686455,0.335509733876591,0.0,0.2555104114260515,0.0,0.2214025458997867,0.2866792140294147,0.0,0.2781539517159375,0.2837000141229996,0.2600221674921973,0.2693820552498912,0.0,0.2942649058373734,0.2871391093080672,0.2749752636569496,0.3082126771832896,0.2470877449304213,0.2569718667429546,0.0,0.2991252296846166,0.269692295600724,0.2868941691661174,0.0,0.2569237077301596,0.2778179898176903,0.2458426182387432,0.2505101220535717,0.277883287433523,0.2961138084764427,0.0,0.2293739589186251,0.3091469422389872,0.29332101554656,0.3029346735926392,0.2899759872473353,0.0,0.0,0.2210515471427416,0.3080937296899194,0.3266556553150316,0.0,0.0,0.0,0.0,0.0,0.0,0.0,0.3281111675669836,0.0,0.3269870610464501,0.0,0.0,0.3540561312765025,0.3146893095467439,0.3201482010423299,0.3140231573341966,0.0,0.3231174480879272,0.3223840391395892,0.328094975260816,0.3282360968929849,0.3293944913712293,0.3125050888602043,0.3285172835244684,0.3266565159759829,0.0,0.3188632201683427,0.0,0.2968640173147741
0.3175633786048543,0.2847226539366914,0.2194026617765465,0.2732223476196018,0.2613210876806783,0.2716226028901658,0.2843434264188831,0.2987367028376063,0.2531298893074043,0.3103735519956432,0.2610861350363977,0.0,0.2872313421799868,0.2727770893613204,0.2845279560882702,0.2920355191954698,0.0,0.2828083814310467,0.244610988767602,0.236796808030303,0.2954570326738248,0.2870434756889027,0.2522198887367601,0.0,0.2721028290340132,0.2991252296846166,0.0,0.2863159550879581,0.2503455158056644,0.2697601260499048,0.2746171048966482,0.2717360795745737,0.2643088160909543,0.2892645961607592,0.3053174812643602,0.3082651181894663,0.2864697688135855,0.0,0.3225858431528543,0.0,0.3379109078656692,0.3296271749129486,0.3105053194816315,0.0,0.0,0.0,0.3285674881921758,0.37876658664018,0.0,0.0,0.3341443405135921,0.3521581079853457,0.3303454814289919,0.37992425996556,0.0,0.363397455006191,0.0,0.3352069148032828,0.3437167326466547,0.3270387735632204,0.0,0.0,0.0,0.3744868324385557,0.3213716015519878,0.3208835770978626,0.3298209214152318,0.337210490162313,0.0,0.0,0.3365244951460376,0.335721885840142,0.3297978758477968,0.3243722110806017,0.3378873207379519,0.3408512996162046
0.0,0.2961539809952692,0.2992082673000748,0.1734975770727614,0.2464465731410054,0.2681285864258272,0.243586694721327,0.2842571056592748,0.2978448712242661,0.2591170064100921,0.2943611668115737,0.261679768413008,0.244482443039502,0.1590781814929286,0.2782406718239442,0.3048155437401487,0.2827626442252127,0.2895695312926223,0.2918824881521134,0.2644303973211266,0.2945098053881426,0.2843699100643322,0.2870993733598534,0.27741751753251,0.2657662228248038,0.269692295600724,0.2863159550879581,0.0,0.2595408931653798,0.232100641871103,0.2552575779631775,0.2521243391506688,0.2496381425537681,0.2557640516144576,0.2391704920982842,0.1854959283846809,0.1759773546516461,0.2489443582426622,0.2703689893005094,0.0,0.2725408624312844,0.2980509793491509,0.3026077715002361,0.0,0.0,0.0,0.0,0.0,0.0,0.0,0.3267441315895477,0.0,0.3193007124913468,0.0,0.0,0.0,0.0,0.0,0.0,0.3402510169507478,0.0,0.0,0.0,0.0,0.3190558334300529,0.3083864215577683,0.0,0.3307914549202687,0.0,0.0,0.0,0.329475890076759,0.3389737491804159,0.3209495389572165,0.0,0.3365064757455565
0.0,0.2912648986861305,0.0,0.0,0.2781701845061201,0.2545614236399274,0.2947089443052147,0.277516694469095,0.2843139343012396,0.0,0.0,0.0,0.2865812405942135,0.0,0.2741536800815711,0.3001634376722557,0.0,0.2887276351595736,0.0,0.2336375919455888,0.2840030328017018,0.2714336193574663,0.2822006358725067,0.0,0.2816042953024814,0.2868941691661174,0.2503455158056644,0.2595408931653798,0.0,0.25358002245969,0.258517184625713,0.2693368003985436,0.2540094367179789,0.2813566722736524,0.3040497630750731,0.3293139839623267,0.2960313958773974,0.0,0.3072360805136002,0.0,0.3276536961009622,0.0,0.0,0.0,0.0,0.0,0.322945556418295,0.0,0.0,0.0,0.3198758113331247,0.0,0.32345484507059,0.0,0.0,0.0,0.0,0.33335209830336,0.0,0.3128156755155994,0.0,0.0,0.0,0.0,0.310081501396539,0.3091816795583202,0.3138145625225427,0.3204595241604633,0.0,0.0,0.3288177305641362,0.3162005287179606,0.3180765187074333,0.3086995139728692,0.0,0.3215658632572081
0.0,0.0,0.3107549098488299,0.0,0.0,0.2794712960110619,0.0,0.0,0.3107264498731538,0.0,0.0,0.0,0.2678177110291103,0.0,0.0,0.2959765058340671,0.0,0.0,0.0,0.2373989078745009,0.0,0.2618168124500999,0.2819365663103878,0.0,0.0,0.0,0.2697601260499048,0.232100641871103,0.25358002245969,0.0,0.2283063360550234,0.2478418167956654,0.0,0.2409393843722306,0.283373128863966,0.0,0.0,0.0,0.0,0.0,0.0,0.0,0.0,0.0,0.0,0.0,0.0,0.0,0.0,0.0,0.0,0.0,0.0,0.0,0.0,0.0,0.0,0.0,0.0,0.0,0.0,0.0,0.0,0.0,0.0,0.0,0.0,0.3384837766216823,0.0,0.0,0.0,0.3257649953972504,0.0,0.0,0.0,0.0
0.2606780613583492,0.2414679540514307,0.3109358811476568,0.0,0.2902577578949016,0.2902043081049529,0.2678789690466495,0.2953770757121505,0.3135991910649796,0.2359029284043728,0.3115530664841769,0.2486334326739882,0.2721002517622299,0.2467300784042876,0.2813018201647402,0.2614800589138928,0.2619977752153953,0.268466014432188,0.3133990288868242,0.2624516443329103,0.2679700847333923,0.263129771730158,0.2876911834367516,0.2634031346859307,0.2483545484732063,0.2569237077301596,0.2746171048966482,0.2552575779631775,0.258517184625713,0.2283063360550234,0.0,0.2524361725062485,0.2243198528659376,0.2060356890971275,0.2315067578581056,0.2791972327854063,0.0,0.2240114531247897,0.2894924466467301,0.232555448130701,0.2572974872170086,0.0,0.0,0.0,0.0,0.2906071628208165,0.2804625509786099,0.0,0.0,0.0,0.3351346306143601,0.0,0.3359483089120186,0.0,0.3085580912660892,0.0,0.3066827549433447,0.0,0.0,0.3163372447461679,0.2761885352055912,0.0,0.2897168096183015,0.0,0.2929586633492569,0.0,0.3002444451073393,0.323014697726836,0.2906951107736744,0.2860099818892289,0.3041195572274059,0.3312785914324837,0.3372687725404573,0.3190866736327943,0.0,0.2984437649350583
0.27951423102755,0.2510443062077634,0.2800338403608347,0.1695972226463499,0.1826041668628835,0.2597891889758262,0.2443268804132128,0.2026201761159788,0.2826327074691801,0.2425605776880231,0.1953008362128213,0.1740755509804763,0.2505374773324235,0.1282470937118423,0.2936818678006526,0.2756208730029812,0.2938721001065869,0.2917203230848116,0.2732086575564208,0.2924649933118964,0.2858235887012695,0.2890298390824568,0.2712805997215103,0.241557632264166,0.272363582508226,0.2778179898176903,0.2717360795745737,0.2521243391506688,0.2693368003985436,0.2478418167956654,0.2524361725062485,0.0,0.2216994684047217,0.2454513530825504,0.1979164118341472,0.1738707259136627,0.2034556259914373,0.1650185815836025,0.1788963067844037,0.197524203183423,0.1950997536749927,0.1962327362364571,0.2006806116817386,0.1975585379851207,0.1995479149172478,0.3039748443469206,0.3059345694830678,0.3449807527223409,0.0,0.0,0.2922108047632514,0.0,0.2751513046817432,0.3397178809999497,0.1940633272924081,0.3106352816525264,0.1821400622495538,0.2799410397401672,0.0,0.3332303317702885,0.3046043955187594,0.0,0.2938045967922126,0.3278128974125635,0.3091986482281333,0.3038717986645317,0.314294565968969,0.3082471116003231,0.0,0.3014014602081585,0.3126240418581051,0.3020435865200025,0.2136504189404001,0.2923460801143197,0.0,0.2926113624934836
0.243933767236747,0.241143668542679,0.0,0.0,0.3129190841855075,0.2596555156557362,0.2520569793001064,0.0,0.2921665914465189,0.2327195439689569,0.3287083376915104,0.2165040068661717,0.2489601992189432,0.0,0.2802414836809804,0.2631382868104361,0.2454841205281076,0.2570862353681254,0.0,0.2731193497137621,0.2515776812052672,0.2665419827625724,0.2716229611182381,0.1684825529180737,0.227424256140598,0.2458426182387432,0.2643088160909543,0.2496381425537681,0.2540094367179789,0.0,0.2243198528659376,0.2216994684047217,0.0,0.1711002915336339,0.2269082352531624,0.2747988428783376,0.2135087419069658,0.1284854115116125,0.2089336432906347,0.1865966123856311,0.1989173104278647,0.2013818664520487,0.0,0.0,0.1854309683601313,0.292016985117961,0.3041644891352155,0.0,0.0,0.0,0.0,0.0,0.0,0.0,0.2623309521098843,0.0,0.2828648741367991,0.0,0.0,0.3373531281116126,0.2968111633694568,0.2819867331934638,0.2880104627388573,0.0,0.3163623078320526,0.2953427751214184,0.3205272944207873,0.3078815498229585,0.1918279861863313,0.2928833387308205,0.3061968041210501,0.2827322992661675,0.0,0.2958875785894986,0.0,0.2376672460593362
0.2482817614341391,0.2363210563907103,0.3087322695529391,0.1549961636796802,0.287558475991615,0.2898027341477491,0.2567748785262972,0.2848726485636005,0.3106830595368586,0.2252124473025192,0.3058794183541604,0.1637388841094087,0.2712651197496837,0.2599045212687803,0.2892008780687462,0.2507555732302001,0.24425545911195,0.2552199111302284,0.3086914273532887,0.284416919505497,0.2773582064302254,0.2703475099698136,0.2958411293151696,0.190285701404858,0.2319122775605467,0.2505101220535717,0.2892645961607592,0.2557640516144576,0.2813566722736524,0.2409393843722306,0.2060356890971275,0.2454513530825504,0.1711002915336339,0.0,0.1634860970298907,0.2586069469688202,0.2031516300387184,0.1508266600290368,0.2400963166104379,0.2259252277487281,0.2360753529856524,0.2556720212905816,0.258260213473607,0.0,0.2296087311146837,0.2895104437786682,0.2893575021299056,0.0,0.0,0.0,0.3311632725736332,0.0,0.3250154952862144,0.0,0.2711603576870242,0.0,0.2681619611327484,0.0,0.0,0.3293162411741002,0.2796088705912589,0.0,0.2829387412049569,0.0,0.288642127626605,0.3028149474069305,0.3080628280295237,0.3239731237813688,0.2453084269642265,0.2777250309837097,0.3084152557570699,0.3234954182566166,0.2681390264215959,0.3080405520147466,0.0,0.2585337250972755
0.0,0.2805080177557291,0.3005703562859362,0.1769423670835269,0.2773687133805191,0.2867934950881937,0.2193642564918541,0.2889099837181471,0.3043882866493869,0.2194951973387384,0.2984294889986811,0.2064229848303527,0.2579544515866421,0.0,0.315695502923476,0.2862662166216757,0.2540682887941586,0.2713708046810866,0.310238383687095,0.3107231320242404,0.3126314129104622,0.3045920387270271,0.31302923474475,0.2195507066323258,0.2472661225121073,0.277883287433523,0.3053174812643602,0.2391704920982842,0.3040497630750731,0.283373128863966,0.2315067578581056,0.1979164118341472,0.2269082352531624,0.1634860970298907,0.0,0.2319610492390331,0.19204320908154,0.1738512565084811,0.1977912274397149,0.1945473870918381,0.2165175283977622,0.2170123589699313,0.231720675323023,0.2131887197857923,0.2135488257840894,0.0,0.3009519624140785,0.0,0.0,0.0,0.0,0.0,0.0,0.0,0.0,0.0,0.2195062534139801,0.0,0.0,0.3413693754397532,0.2984624861870921,0.0,0.3073799088109715,0.0,0.3289053000218513,0.0,0.332350344654545,0.333500173208745,0.0,0.295976615079078,0.3177558120608717,0.3248864052917093,0.0,0.324894255104476,0.0,0.0
0.0,0.0,0.2742165453223739,0.1240601412337951,0.1490950006719504,0.2811599336454218,0.2010317385288111,0.1640771380423343,0.2840477582590837,0.2302626438968114,0.1891604075629939,0.2422391987025226,0.2192385215778863,0.1254273502786165,0.3112934169851475,0.0,0.0,0.0,0.259926508197933,0.3424979109102851,0.0,0.3326678494358976,0.2643003605210157,0.2488370849663803,0.0,0.2961138084764427,0.3082651181894663,0.1854959283846809,0.3293139839623267,0.0,0.2791972327854063,0.1738707259136627,0.2747988428783376,0.2586069469688202,0.2319610492390331,0.0,0.1367808734527909,0.2276981801662524,0.2049411457995254,0.1810597641636996,0.2246333838153667,0.1775302852889221,0.1888509002995721,0.1744772884176142,0.0,0.0,0.0,0.3213158159800796,0.0,0.0,0.2941178932345395,0.3098889787581877,0.2530094101683575,0.3273790379823955,0.0,0.2870921104715678,0.0,0.3173492324658284,0.2183317693746476,0.0,0.0,0.0,0.0,0.2996731131475222,0.0,0.0,0.0,0.3131095954856375,0.0,0.0,0.0,0.3252319060270713,0.2472655110278521,0.0,0.0,0.0
0.0,0.0,0.3034917967030661,0.1285726045916256,0.1603230905464961,0.2765724327901476,0.1936793180962932,0.1875174575388472,0.2896714268050375,0.1593799200406086,0.2668379214107603,0.0,0.2161405121301646,0.1185276455098586,0.0,0.0,0.0,0.0,0.0,0.3146975974391817,0.0,0.3113469556709189,0.2812330797036212,0.0,0.0,0.0,0.2864697688135855,0.1759773546516461,0.2960313958773974,0.0,0.0,0.2034556259914373,0.2135087419069658,0.2031516300387184,0.19204320908154,0.1367808734527909,0.0,0.0,0.188668659815815,0.0,0.1997979477972888,0.1990276058425935,0.0,0.0,0.0,0.0,0.0,0.0,0.0,0.0,0.0,0.0,0.0,0.0,0.0,0.0,0.0,0.0,0.0,0.0,0.0,0.0,0.0,0.0,0.0,0.0,0.0,0.0,0.0,0.0,0.0,0.0,0.0,0.0,0.0,0.0
0.0,0.0,0.0,0.0,0.2883091318449681,0.0,0.231680904421548,0.0,0.3092946001838992,0.1987313821876618,0.3330118211577016,0.153756069924697,0.2606777211291955,0.0,0.0,0.0,0.237653024810825,0.0,0.0,0.0,0.0,0.0,0.0,0.1623574239088822,0.2303701311758389,0.2293739589186251,0.0,0.2489443582426622,0.0,0.0,0.2240114531247897,0.1650185815836025,0.1284854115116125,0.1508266600290368,0.1738512565084811,0.2276981801662524,0.0,0.0,0.1768178502359621,0.1800947115318592,0.2166176841052874,0.2063094100734349,0.0,0.0,0.2060568573462353,0.0,0.0,0.0,0.0,0.0,0.0,0.0,0.0,0.0,0.2333664064105617,0.0,0.2630254306311952,0.0,0.0,0.0,0.0,0.0,0.0,0.0,0.0,0.0,0.0,0.0,0.2003470037918546,0.0,0.2773998730595428,0.0,0.0,0.0,0.0,0.0
0.2995194916296433,0.3046203636948189,0.3350034129401503,0.0,0.0,0.313604435104086,0.0,0.3099316626703053,0.3165866213464411,0.2829842117222153,0.2942005765763643,0.2407618961813797,0.3063388733807897,0.0,0.324387976639033,0.2981385432371132,0.0,0.29195004235955,0.3018394096397099,0.3037202675511824,0.2986107441991798,0.3038201732217014,0.3330700024162634,0.2987666457262373,0.291770089565564,0.3091469422389872,0.3225858431528543,0.2703689893005094,0.3072360805136002,0.0,0.2894924466467301,0.1788963067844037,0.2089336432906347,0.2400963166104379,0.1977912274397149,0.2049411457995254,0.188668659815815,0.1768178502359621,0.0,0.2208664100097056,0.2610681963497937,0.2295574046489882,0.1855907931490233,0.2176212388714861,0.195117808940367,0.274320119485551,0.2666221543920006,0.2898306881629903,0.1942978557143454,0.2171389292878988,0.2711095600473737,0.2414801343975375,0.1616426690995266,0.2969824282363619,0.2409108990575017,0.186047851501047,0.1859586909257228,0.2651650176565356,0.1471992349087913,0.2910737232140769,0.2782208994299239,0.2813261576724162,0.2778188787007906,0.2637619456316402,0.2863433354852233,0.2592849106744837,0.2796877846082563,0.2637529005796755,0.2528973042093131,0.2623651135873488,0.2707465651334398,0.2716853046114343,0.2459350114978273,0.2895177674753452,0.2496751712654981,0.2566462593496325
0.2866394039400277,0.2981708102388662,0.0,0.0,0.0,0.0,0.0,0.0,0.0,0.2676733587994152,0.0,0.2702323516168665,0.0,0.0,0.3362735994112232,0.2879062143573555,0.2660452299636039,0.2731938847667167,0.0,0.3177505398049974,0.0,0.3039642608222343,0.0,0.2476280435274954,0.2704723326595207,0.29332101554656,0.0,0.0,0.0,0.0,0.232555448130701,0.197524203183423,0.1865966123856311,0.2259252277487281,0.1945473870918381,0.1810597641636996,0.0,0.1800947115318592,0.2208664100097056,0.0,0.1729873009600613,0.2192458809630183,0.2848425651916965,0.1828767484015718,0.1322185495185192,0.2255689140612357,0.2340535708052228,0.0,0.0,0.0,0.250201473215514,0.2316292047410671,0.2208986228452136,0.2974890805624068,0.220033808709859,0.0,0.1671850508682591,0.2519060857061146,0.0,0.2764697796311172,0.2182488171509165,0.2449004515337965,0.2231898187721223,0.0,0.2431757615996994,0.2383233497785921,0.2412020439097862,0.2540899753444984,0.144375755339861,0.2075103875013212,0.2286017849256753,0.2519320176732282,0.2229052736432615,0.2409417158683743,0.2092022649156547,0.1930841169001398
0.2943239744190013,0.2972141710435178,0.0,0.0,0.0,0.336285320600707,0.0,0.0,0.0,0.2641341326591359,0.0,0.239651024591275,0.0,0.0,0.331109411704908,0.2909064566958113,0.2896254642619921,0.2779371854838118,0.0,0.3217119881943705,0.0,0.2990740237090263,0.3398001977919331,0.2736384749941646,0.2756807922962127,0.3029346735926392,0.3379109078656692,0.2725408624312844,0.3276536961009622,0.0,0.2572974872170086,0.1950997536749927,0.1989173104278647,0.2360753529856524,0.2165175283977622,0.2246333838153667,0.1997979477972888,0.2166176841052874,0.2610681963497937,0.1729873009600613,0.0,0.2060742957709088,0.2776846743350565,0.1977914274772987,0.1639818948397027,0.2441805145436728,0.2471934321308623,0.3066956603897519,0.2170177518813034,0.2726903004680412,0.2875782225177204,0.2342857675928456,0.2357557853616673,0.3062460674340008,0.2098793088376089,0.2868330761303195,0.1735967858553159,0.2660140944069112,0.0,0.2752747184960491,0.2464576702486298,0.2390066981367228,0.2407513347368891,0.2969154006449823,0.2653244449781036,0.2657378008532053,0.2591604192275673,0.2862794704575364,0.1682784066700962,0.2257929883992628,0.2414057147588312,0.2845383575098034,0.2490687247267274,0.2739050434252654,0.2380697768646,0.1833197429651828
0.0,0.3080223090593569,0.0,0.0,0.0,0.0,0.0,0.0,0.0,0.0,0.0,0.0,0.0,0.0,0.3524298095887682,0.0,0.0,0.2924958518658646,0.0,0.0,0.0,0.3155224413895577,0.346349682275578,0.0,0.2746046755995083,0.2899759872473353,0.3296271749129486,0.2980509793491509,0.0,0.0,0.0,0.1962327362364571,0.2013818664520487,0.2556720212905816,0.2170123589699313,0.1775302852889221,0.1990276058425935,0.2063094100734349,0.2295574046489882,0.2192458809630183,0.2060742957709088,0.0,0.2562687753877176,0.2232566428309523,0.1884575235633542,0.2454279943039165,0.2616935081136063,0.301292931670894,0.1896892877752092,0.2486765953095919,0.2939683792547506,0.2291583055657124,0.2946787851457553,0.3043100311350131,0.2282747840370867,0.2806479331623734,0.2000399244104138,0.2626526760820059,0.0,0.3095807272425348,0.2496472154673597,0.2261872741842313,0.2512950896716268,0.2878184653884549,0.3019673925108635,0.0,0.3015218414718066,0.2810157283449681,0.1522090704989285,0.2383612158811117,0.257053936955233,0.2826178671608777,0.2309954214086353,0.2950180239833715,0.2595656403737005,0.1638228930292214
