0.0,0.3450670401458379,0.0,0.0,0.0,0.4501961008533269,0.0,0.4950987814934202,0.0,0.4245516254974099,0.0,0.0,0.0,0.0,0.3479038441706167,0.383785891571854,0.3135231385322019,0.3497694415998768,0.0,0.3985443567250449,0.3653590458729878,0.3725649146265754,0.4389338010974675,0.3720363211325231,0.3327605663615558,0.3405788410518607,0.4298505117419017,0.4578902520226577,0.4391494937863582,0.0,0.3524697003195933,0.4174140620809042,0.3099122699799194,0.3465998050691635,0.4213855264752464,0.0,0.0,0.0,0.4313024744671293,0.3693560882776661,0.4019283939802397,0.0,0.0,0.0,0.0,0.2979366715814194,0.4215674101710161,0.0,0.0,0.0,0.0,0.0,0.0,0.0,0.0,0.0,0.0,0.0,0.0,0.0,0.435495712918663,0.0,0.3688569866182459,0.0,0.0,0.2886094255884671,0.4143452479387415,0.0,0.2972163621051498,0.3954048630711556,0.408783142573039,0.0,0.0,0.0,0.0,0.0
0.3450670401458379,0.0,0.0,0.0,0.0,0.3944120735661462,0.4093958171458814,0.4582408338014119,0.3938369957308766,0.0,0.0,0.0,0.4089013503703627,0.0,0.4021142319480537,0.3777759433757894,0.0,0.3734513607644642,0.0,0.4120260319371341,0.3901008274052312,0.3860846230505198,0.4108823398437679,0.0,0.3588054258180492,0.3723159623055075,0.405338884335661,0.4040758940667844,0.3964692916145681,0.0,0.3677314511752994,0.4220947248875146,0.3345181630746228,0.3705625989492717,0.4329158137363296,0.0,0.0,0.0,0.4622510804541653,0.4372533959718991,0.4313447870579138,0.4690965521723398,0.0,0.0,0.0,0.3951491205395216,0.4519144904606957,0.0,0.0,0.0,0.0,0.0,0.0,0.0,0.0,0.0,0.0,0.0,0.0,0.4595757944768505,0.4573187130684768,0.0,0.4270659266269531,0.0,0.4424261526081763,0.4418132638558678,0.4877149647498279,0.4648490911845878,0.0,0.4226718212718199,0.4552605956627553,0.4430580678736871,0.0,0.4396928538818411,0.0,0.4316832343778979
0.0,0.0,0.0,0.0,0.3407947193194532,0.3545375014888037,0.390756478372359,0.4087439261246982,0.2712102435867703,0.0,0.2738171921046596,0.0,0.4014364440831546,0.3363845723791613,0.0,0.0,0.0,0.0,0.2303700721374369,0.0,0.0,0.0,0.2957415835445462,0.0,0.0,0.0,0.3211762188166062,0.4067062046071437,0.0,0.0,0.4167426896028614,0.3940590287077568,0.0,0.4203429032215243,0.4332818664057364,0.3630459560181381,0.4042852190309552,0.0,0.0,0.0,0.0,0.0,0.4384609698143056,0.0,0.0,0.0,0.0,0.3685820586916516,0.0,0.5293199194516623,0.4751055299027069,0.0,0.4967545478734559,0.5332034507409312,0.0,0.2046805313491727,0.0,0.0,0.4217216519272401,0.0,0.0,0.0,0.0,0.2567367091064566,0.0,0.0,0.0,0.4844888323089125,0.0,0.0,0.0,0.5252471717988275,0.0,0.0,0.0,0.0
0.0,0.0,0.0,0.0,0.2647467544280342,0.3931875883166206,0.3023035205149408,0.3512262219342213,0.389695350236626,0.177502147931816,0.3228730980605476,0.0,0.3112309955877572,0.2741896729989515,0.0,0.0,0.0,0.0,0.3947192605100503,0.0,0.0,0.0,0.4203880509087332,0.0,0.0,0.0,0.4551789420392602,0.2630922977611272,0.0,0.0,0.0,0.2810706990215252,0.0,0.2187402150634191,0.2482273060672006,0.1580109534326478,0.1536122858327616,0.0,0.0,0.0,0.0,0.0,0.0,0.0,0.0,0.0,0.0,0.0,0.0,0.0,0.0,0.0,0.0,0.0,0.0,0.0,0.0,0.0,0.0,0.0,0.0,0.0,0.0,0.0,0.0,0.0,0.0,0.0,0.0,0.0,0.0,0.0,0.0,0.0,0.0,0.0
0.0,0.0,0.3407947193194532,0.2647467544280342,0.0,0.3079629589048563,0.3191042353400223,0.2993416196012937,0.2921769693802395,0.3964231731895729,0.275310917773132,0.0,0.3413356385109177,0.2551694198057871,0.0,0.0,0.0,0.0,0.2965654631630214,0.0,0.0,0.0,0.334097899356516,0.0,0.0,0.0,0.3245561877055093,0.34209796249466,0.379355017220737,0.0,0.3912044986727072,0.37454367046809,0.0,0.3424382618256527,0.2875067157652399,0.1893649954862121,0.2448257883243633,0.3419947793974435,0.0,0.0,0.0,0.0,0.0,0.0,0.0,0.0,0.0,0.5357400851872158,0.0,0.0,0.0,0.0,0.0,0.0,0.0,0.0,0.0,0.0,0.0,0.0,0.0,0.0,0.0,0.0,0.0,0.0,0.0,0.4886129056444601,0.0,0.0,0.0,0.0,0.0,0.0,0.0,0.0
0.4501961008533269,0.3944120735661462,0.3545375014888037,0.3931875883166206,0.3079629589048563,0.0,0.3691975050525748,0.3792671728106609,0.2781979274256611,0.4147109143912012,0.3018331581823048,0.0,0.3558615803834661,0.3067491654123587,0.4108576552551676,0.3957194007340371,0.0,0.3985311498467926,0.3306880486132492,0.3902938154979573,0.4087578516190259,0.3926755966810049,0.3711040427095502,0.0,0.3829808925174484,0.4060835033619753,0.3359456652894277,0.3572724951835932,0.3100757859797877,0.387633396535625,0.4010699058012245,0.3905347292829575,0.3794178093180308,0.4070197921472638,0.4172189754981339,0.3885062346789948,0.4005751832572763,0.0,0.4530191094493536,0.0,0.4782596741373163,0.5269413876485919,0.4383445855418964,0.0,0.0,0.0,0.0,0.5192013214366492,0.0,0.0,0.4682941650785112,0.5074477870699471,0.4518886244890354,0.5079350236634238,0.0,0.4570555143115714,0.0,0.4885724324109632,0.0,0.4801653119305303,0.0,0.0,0.0,0.5251261355266492,0.4723887186684502,0.4585272011598674,0.4753919482112265,0.4767091134174558,0.0,0.0,0.0,0.4725711995379424,0.4797835933316106,0.4534732039826579,0.0,0.4836880309179822
0.0,0.4093958171458814,0.390756478372359,0.3023035205149408,0.3191042353400223,0.3691975050525748,0.0,0.3897442797368066,0.3405911435063515,0.3858367386636557,0.371321077931654,0.0,0.3127634634904387,0.3119321314645826,0.0,0.4260753285199821,0.4472064784078706,0.4185202180162977,0.378742217989616,0.3966625901370196,0.0,0.4094543061395761,0.3814299976151182,0.3743147098219832,0.405400479244775,0.4070298811349551,0.3787064990407698,0.3423833076610617,0.3945138192693525,0.0,0.3602590416706943,0.3741733629332839,0.0,0.3491429958422412,0.262838034557204,0.3135850125029308,0.3241411188336573,0.2506327673009279,0.0,0.0,0.0,0.0,0.0,0.0,0.0,0.0,0.0,0.0,0.0,0.0,0.5061036888309077,0.0,0.0,0.0,0.0,0.0,0.0,0.0,0.0,0.0,0.0,0.0,0.0,0.0,0.0,0.0,0.0,0.4786787546584035,0.0,0.0,0.0,0.4761894563974362,0.0,0.0,0.0,0.0
0.4950987814934202,0.4582408338014119,0.4087439261246982,0.3512262219342213,0.2993416196012937,0.3792671728106609,0.3897442797368066,0.0,0.4002549735132791,0.5279622487422447,0.2135045700399151,0.0,0.4061076364022744,0.3013025745989998,0.0,0.4161440749070815,0.0,0.4799401910494582,0.3526243998882906,0.3611138192160215,0.3949515516936024,0.4220798673978045,0.3268059857125022,0.5219631691429217,0.5026850087548549,0.4962236358584662,0.3923000635390409,0.405161024214852,0.3707493135532282,0.394297157806017,0.4119551437762713,0.3495136118145632,0.4737308241906277,0.4008689656193197,0.4404222760144113,0.2123472484566442,0.4304190132504066,0.0,0.4349980196303365,0.0,0.4754846208457046,0.0,0.2998742699155595,0.0,0.0,0.0,0.0,0.4750893923926527,0.0,0.4780226573910086,0.4338897160587969,0.4770291202973412,0.3221552364965077,0.4870492207712917,0.0,0.3448551008889643,0.0,0.4719761238155182,0.2956263708429596,0.0,0.0,0.0,0.0,0.4502577321918691,0.0,0.3064570044719715,0.0,0.4377258835670576,0.0,0.0,0.0,0.4523547183438555,0.4656950946921357,0.4281694354521599,0.0,0.4876663119101136
0.0,0.3938369957308766,0.2712102435867703,0.389695350236626,0.2921769693802395,0.2781979274256611,0.3405911435063515,0.4002549735132791,0.0,0.4113316699125832,0.2566807944510172,0.0,0.359524167296044,0.3269044547343346,0.0,0.4099782643237725,0.0,0.0,0.2491224882666949,0.3547830352414879,0.0,0.3834471655353711,0.3434903288421008,0.0,0.0,0.0,0.3158152728609271,0.3890164852625262,0.3621786418836414,0.0,0.3938440125522796,0.3722764456008843,0.0,0.395461633065205,0.4108792186574986,0.3753098383852013,0.3934409272502147,0.4200364827659785,0.4690758981119149,0.0,0.0,0.0,0.4249234142260121,0.0,0.0,0.0,0.0,0.5096794312400473,0.0,0.0,0.4644650491355854,0.0,0.4301119822617686,0.530688549992997,0.0,0.4380094594190104,0.0,0.0,0.4166449692521841,0.0,0.0,0.0,0.0,0.4807862838095958,0.0,0.0,0.0,0.4788859058180376,0.0,0.0,0.0,0.4949482398593805,0.0,0.0,0.0,0.0
0.4245516254974099,0.0,0.0,0.177502147931816,0.3964231731895729,0.4147109143912012,0.3858367386636557,0.5279622487422447,0.4113316699125832,0.0,0.4022346210818091,0.275981986049171,0.4081544519845441,0.0,0.0,0.3800351831718683,0.3256026726369516,0.3358760229729047,0.0,0.0,0.0,0.0,0.4173847713849835,0.2917050775779161,0.3272603731833469,0.338011248755707,0.0,0.3498926081576773,0.0,0.0,0.3191081794928621,0.3078049442828716,0.2700404358090162,0.280113455485194,0.2868425290473458,0.2586383463377604,0.1998050612291594,0.2517705984373125,0.367000477659918,0.3291080611901872,0.4069558706934575,0.0,0.0,0.0,0.3808384113068012,0.0,0.0,0.0,0.0,0.0,0.0,0.0,0.0,0.0,0.4306359757873116,0.0,0.4433249787620059,0.0,0.0,0.0,0.0,0.4383563449323518,0.4263047480335932,0.0,0.0,0.0,0.0,0.0,0.376062549968435,0.4442890483732775,0.4536687348249509,0.0,0.3929168849950313,0.0,0.0,0.3876834781669592
0.0,0.0,0.2738171921046596,0.3228730980605476,0.275310917773132,0.3018331581823048,0.371321077931654,0.2135045700399151,0.2566807944510172,0.4022346210818091,0.0,0.0,0.3830671041570216,0.2367383392085727,0.0,0.0,0.0,0.0,0.2289081527087821,0.0,0.0,0.0,0.2171827301646153,0.0,0.0,0.0,0.3460364171574252,0.3802395585706041,0.0,0.0,0.3832045525602409,0.3430766469151066,0.0,0.3919662388656024,0.3622288744435449,0.2178904881359378,0.3895568940369873,0.0,0.0,0.0,0.0,0.0,0.0,0.0,0.0,0.0,0.0,0.2326616774504017,0.0,0.0,0.0,0.0,0.381226330145323,0.0,0.0,0.1633066874577886,0.0,0.0,0.0,0.0,0.0,0.0,0.0,0.1417637948934062,0.0,0.0,0.0,0.4034770302875463,0.0,0.0,0.0,0.4437519316040017,0.0,0.0,0.0,0.0
0.0,0.0,0.0,0.0,0.0,0.0,0.0,0.0,0.0,0.275981986049171,0.0,0.0,0.3837614784664782,0.0,0.0,0.0,0.3353238828288984,0.3382590443700075,0.0,0.0,0.0,0.0,0.0,0.2706160840354732,0.3391133734824045,0.2859919565895985,0.0,0.2846008624459556,0.0,0.0,0.3060830354029273,0.2444208180791511,0.2168824913858958,0.2104718493043386,0.2459382609262675,0.2446243707197337,0.2308002273577255,0.1828375869239062,0.2767216525279564,0.3190329002893301,0.3530526933018045,0.0,0.0,0.0,0.0,0.0,0.0,0.0,0.0,0.0,0.0,0.0,0.0,0.0,0.4257365213811696,0.0,0.4384621993599464,0.0,0.0,0.0,0.0,0.4500383013172386,0.4369601454559129,0.0,0.0,0.0,0.0,0.0,0.378213771326528,0.4449681971075098,0.4565932728982473,0.0,0.0,0.0,0.0,0.3863521488969256
0.0,0.4089013503703627,0.4014364440831546,0.3112309955877572,0.3413356385109177,0.3558615803834661,0.3127634634904387,0.4061076364022744,0.359524167296044,0.4081544519845441,0.3830671041570216,0.3837614784664782,0.0,0.3004343242618921,0.4232756059557443,0.4294419542470395,0.4188570942464731,0.425263492384166,0.3888626733569007,0.4032953715933861,0.4309821942507709,0.4193550188912911,0.3952713498923441,0.0,0.4020765785375764,0.4013146316364203,0.3947071779740277,0.3352525955145924,0.3879190814376416,0.3912725426099097,0.3886780296702523,0.3889935622248066,0.3951196593502143,0.385099253394868,0.3825801214274567,0.3442950635863424,0.3566501237607462,0.3519145160392474,0.4458976225477345,0.0,0.0,0.0,0.4956890235608043,0.0,0.0,0.0,0.0,0.5561624789197817,0.0,0.0,0.4914440534033308,0.0,0.4661855710448238,0.0,0.0,0.0,0.0,0.0,0.0,0.0,0.0,0.0,0.0,0.0,0.0,0.0,0.0,0.4804368230265906,0.0,0.0,0.0,0.4744733170994258,0.0,0.4943824751376686,0.0,0.0
0.0,0.0,0.3363845723791613,0.2741896729989515,0.2551694198057871,0.3067491654123587,0.3119321314645826,0.3013025745989998,0.3269044547343346,0.0,0.2367383392085727,0.0,0.3004343242618921,0.0,0.0,0.0,0.0,0.0,0.2622041202478166,0.0,0.3723781638109047,0.0,0.2921886295250539,0.0,0.0,0.0,0.389404873727918,0.2900647813650704,0.0,0.0,0.0,0.1842233531603797,0.0,0.0,0.0,0.1805662751308328,0.1333059556409599,0.0,0.0,0.0,0.0,0.0,0.0,0.0,0.0,0.0,0.0,0.0,0.0,0.0,0.0,0.0,0.0,0.4093172141649194,0.0,0.0,0.0,0.0,0.0,0.0,0.0,0.0,0.0,0.0,0.0,0.0,0.0,0.4531341058253071,0.0,0.0,0.0,0.0,0.0,0.0,0.0,0.0
0.3479038441706167,0.4021142319480537,0.0,0.0,0.0,0.4108576552551676,0.0,0.0,0.0,0.0,0.0,0.0,0.4232756059557443,0.0,0.0,0.3932200825295829,0.0,0.3833226179625507,0.0,0.3553890122767902,0.357815168476235,0.3393393278953948,0.4128617629060176,0.0,0.3786720526476245,0.3711867508087665,0.4063389048134514,0.3996545093081782,0.3853552292988399,0.0,0.3788410057111441,0.4196338947914931,0.3757983002375637,0.4142628863456626,0.4633080272248753,0.4542411977191684,0.0,0.0,0.4618291259373862,0.4326249936132979,0.4633035695101549,0.4940541027996817,0.0,0.0,0.0,0.0,0.4765989102696391,0.0,0.0,0.0,0.4369053929094257,0.0,0.0,0.0,0.0,0.0,0.0,0.0,0.0,0.4079217725942295,0.4886308591168798,0.0,0.0,0.0,0.4048894871998986,0.4215965603788797,0.4748545250959149,0.4269574831477671,0.0,0.0,0.4852596393310741,0.436117834133515,0.0,0.4404441778797665,0.0,0.4660555407965122
0.383785891571854,0.3777759433757894,0.0,0.0,0.0,0.3957194007340371,0.4260753285199821,0.4161440749070815,0.4099782643237725,0.3800351831718683,0.0,0.0,0.4294419542470395,0.0,0.3932200825295829,0.0,0.3661197063804965,0.3432562866212633,0.0,0.3972715685647291,0.389794398536687,0.3764762972908545,0.4078824634852547,0.3729376657766476,0.3831734254141329,0.4060244453606381,0.4086137470330911,0.4259874302909441,0.4074746414323647,0.4189143578554972,0.3638603595805764,0.41746423222689,0.3782185123144692,0.3652991096936347,0.4344024535315257,0.0,0.0,0.0,0.4757438824869309,0.434346243990757,0.4426666037159128,0.4778006005152457,0.0,0.0,0.0,0.4085843133163107,0.4607703102583854,0.0,0.0,0.0,0.0,0.0,0.0,0.0,0.0,0.0,0.0,0.0,0.0,0.4503732338050231,0.4636015621568566,0.0,0.4253872989625293,0.0,0.4630766124955344,0.4551419735363251,0.4681542798970409,0.0,0.0,0.423087114033036,0.4546660918138417,0.0,0.0,0.0,0.0,0.4351362828722845
0.3135231385322019,0.0,0.0,0.0,0.0,0.0,0.4472064784078706,0.0,0.0,0.3256026726369516,0.0,0.3353238828288984,0.4188570942464731,0.0,0.0,0.3661197063804965,0.0,0.3118693769432296,0.0,0.4151974714411112,0.0,0.372954889254766,0.0,0.3468370748293609,0.3333064470344539,0.3534807012727793,0.0,0.3849968901480589,0.0,0.0,0.3287145041790952,0.406013709778896,0.3189706059724099,0.3401989815343724,0.3664778037806595,0.0,0.0,0.3324514704301112,0.0,0.3757677301043244,0.4405380194107419,0.0,0.0,0.0,0.0,0.0,0.0,0.0,0.0,0.0,0.0,0.0,0.0,0.0,0.4283761877109108,0.0,0.4326811630757223,0.0,0.0,0.0,0.0,0.4307671161384905,0.4153366501222088,0.0,0.0,0.0,0.0,0.0,0.4416700084650853,0.408617514706341,0.4310188239383939,0.0,0.0,0.0,0.0,0.0
0.3497694415998768,0.3734513607644642,0.0,0.0,0.0,0.3985311498467926,0.4185202180162977,0.4799401910494582,0.0,0.3358760229729047,0.0,0.3382590443700075,0.425263492384166,0.0,0.3833226179625507,0.3432562866212633,0.3118693769432296,0.0,0.0,0.4048746376037859,0.3801491904340415,0.3884653501961753,0.4080577090557623,0.3331727856674594,0.3331042348794106,0.354668245520828,0.4059472329403948,0.4099604436802015,0.4027968454371879,0.0,0.3430785024723798,0.4107066296754108,0.3187365658658559,0.343462625364398,0.3945607823157877,0.0,0.0,0.0,0.4302783270694944,0.3842857882686948,0.4067695562848708,0.4346440417312743,0.0,0.0,0.0,0.389058064644684,0.4283758337909206,0.0,0.0,0.0,0.0,0.0,0.0,0.0,0.4121165245027671,0.0,0.4132272855775657,0.0,0.0,0.0,0.4291592166227662,0.4139004243377076,0.3901145587984158,0.0,0.0,0.0,0.4410204861911407,0.0,0.4256237012715735,0.3963286693565816,0.4110431161565658,0.0,0.0,0.0,0.0,0.4000937753668149
0.0,0.0,0.2303700721374369,0.3947192605100503,0.2965654631630214,0.3306880486132492,0.378742217989616,0.3526243998882906,0.2491224882666949,0.0,0.2289081527087821,0.0,0.3888626733569007,0.2622041202478166,0.0,0.0,0.0,0.0,0.0,0.0,0.0,0.0,0.2159844244213452,0.0,0.0,0.0,0.3230979990870909,0.3826978345251447,0.0,0.0,0.4287869531010289,0.3826116635961243,0.0,0.4089217377328167,0.3814107488775352,0.3386422449114448,0.4034553987471216,0.0,0.0,0.0,0.0,0.0,0.4318951471609487,0.0,0.0,0.0,0.0,0.2366891024805786,0.0,0.0,0.4837650283503772,0.0,0.448802198211673,0.5216533374231779,0.0,0.2492411543945222,0.0,0.0,0.4242166723797778,0.0,0.0,0.0,0.0,0.3151407403098932,0.0,0.0,0.0,0.4893797690093285,0.0,0.0,0.0,0.5097473503155469,0.0,0.0,0.0,0.0
0.3985443567250449,0.4120260319371341,0.0,0.0,0.0,0.3902938154979573,0.3966625901370196,0.3611138192160215,0.3547830352414879,0.0,0.0,0.0,0.4032953715933861,0.0,0.3553890122767902,0.3972715685647291,0.4151974714411112,0.4048746376037859,0.0,0.0,0.3939725785889494,0.3592996433290515,0.346841603722074,0.0,0.3988642146429355,0.4301751635981946,0.3346880694032438,0.3464482188568065,0.3238702786859535,0.3256401255853456,0.3634707160498967,0.4426284873233059,0.3581652980800871,0.4215414890618272,0.4762789025638158,0.4884391573684301,0.451588375118606,0.0,0.4532552626026803,0.4482278526308074,0.468577594496858,0.4729278707280269,0.0,0.0,0.0,0.0,0.460503948271469,0.0,0.0,0.0,0.4433702909949326,0.0,0.0,0.0,0.0,0.0,0.0,0.0,0.0,0.4395134275295949,0.0,0.0,0.0,0.0,0.4379394424460055,0.4217716646699653,0.455215115296269,0.4525559146611447,0.0,0.0,0.4600658584771803,0.4523082349347124,0.4647484584042933,0.4556740833501848,0.0,0.4569120617175454
0.3653590458729878,0.3901008274052312,0.0,0.0,0.0,0.4087578516190259,0.0,0.3949515516936024,0.0,0.0,0.0,0.0,0.4309821942507709,0.3723781638109047,0.357815168476235,0.389794398536687,0.0,0.3801491904340415,0.0,0.3939725785889494,0.0,0.3974553967040701,0.3798986119988531,0.4767604528129599,0.3901464456627919,0.3979154940318002,0.4106411098218039,0.4131909090333047,0.3933611584404621,0.4283649394659032,0.3713495282077376,0.4133487563917033,0.3668681924878249,0.4005674336411344,0.4674145664977513,0.3845045470269916,0.0,0.0,0.4369373408960793,0.4245344396903839,0.4527271485658296,0.4991570467791998,0.0,0.0,0.0,0.1863786481863684,0.4630064166062114,0.0,0.0,0.0,0.3931960694508206,0.0,0.3246692653201687,0.0,0.0,0.0,0.0,0.0,0.0,0.3919878375550606,0.4459593133432238,0.0,0.0,0.0,0.415724903251277,0.2880410930825114,0.4552520997721144,0.4169437339579957,0.0,0.4446702660653693,0.4572759754914264,0.424553357782973,0.4388077522430445,0.4054207166118067,0.0,0.4663957563617328
0.3725649146265754,0.3860846230505198,0.0,0.0,0.0,0.3926755966810049,0.4094543061395761,0.4220798673978045,0.3834471655353711,0.0,0.0,0.0,0.4193550188912911,0.0,0.3393393278953948,0.3764762972908545,0.372954889254766,0.3884653501961753,0.0,0.3592996433290515,0.3974553967040701,0.0,0.4160270360985609,0.0,0.3886917321072733,0.3794340517494466,0.40357831821707,0.3668746744849964,0.3779467254956676,0.3664026306586586,0.3622370021293228,0.4277746803308961,0.3804159764376581,0.3868045728441933,0.457668937957668,0.0,0.0,0.0,0.4707945495900354,0.4645092784695941,0.4652508238702159,0.5049391900622887,0.0,0.0,0.0,0.4482640056578091,0.4782651971378343,0.0,0.0,0.0,0.4602914966846784,0.0,0.0,0.0,0.0,0.0,0.0,0.0,0.0,0.452095388621703,0.4685868516550651,0.0,0.0,0.0,0.4446142524072125,0.4406000748262745,0.4790438498799977,0.4603659781621147,0.0,0.4327858529323475,0.4874196269511354,0.4531391586003346,0.0,0.4520748664148092,0.0,0.465188135083205
0.4389338010974675,0.4108823398437679,0.2957415835445462,0.4203880509087332,0.334097899356516,0.3711040427095502,0.3814299976151182,0.3268059857125022,0.3434903288421008,0.4173847713849835,0.2171827301646153,0.0,0.3952713498923441,0.2921886295250539,0.4128617629060176,0.4078824634852547,0.0,0.4080577090557623,0.2159844244213452,0.346841603722074,0.3798986119988531,0.4160270360985609,0.0,0.4970621957334658,0.4104344641876004,0.4420470605003775,0.3302572198577251,0.400019628737957,0.3897919128185377,0.3994769410192323,0.4061059160159408,0.3957880996198303,0.3851018376353004,0.4235373752250495,0.4476666086790699,0.3380463296029337,0.4062673665595748,0.0,0.4662171689285003,0.3896665980782282,0.4755862648878267,0.4908654888950388,0.400497193639753,0.0,0.0,0.0,0.4702947385633884,0.5032371634915636,0.0,0.519455185270574,0.4697296083518377,0.5027395948321942,0.4400612666979921,0.509965160667561,0.0,0.4310854378035683,0.0,0.4791154159386264,0.4131605430607756,0.440373950185126,0.0,0.0,0.0,0.4861022733254898,0.4581812928503491,0.4296485307464561,0.4627321552799243,0.4714847923487788,0.0,0.0,0.4566356917563263,0.4774992780450209,0.4795447079505849,0.4647272501197625,0.4706914154960343,0.4846768721988739
0.3720363211325231,0.0,0.0,0.0,0.0,0.0,0.3743147098219832,0.5219631691429217,0.0,0.2917050775779161,0.0,0.2706160840354732,0.0,0.0,0.0,0.3729376657766476,0.3468370748293609,0.3331727856674594,0.0,0.0,0.4767604528129599,0.0,0.4970621957334658,0.0,0.3375196362214653,0.3276965184451034,0.5218168516771623,0.0,0.0,0.0,0.3255932074916742,0.2818589461205314,0.183397622361357,0.2251879563462372,0.2211709382635587,0.2308784667618893,0.0,0.2013409595437599,0.4384390494668033,0.3370648764256114,0.3936238763186018,0.0,0.0,0.0,0.0,0.3685143301823507,0.0,0.0,0.0,0.0,0.0,0.0,0.0,0.0,0.4015582429974182,0.0,0.4083431652991741,0.0,0.0,0.0,0.4457919307828046,0.4529852143137497,0.4196780188771318,0.0,0.0,0.0,0.0,0.0,0.3504051263344274,0.4204929108987908,0.4342554111270222,0.0,0.0,0.0,0.0,0.384502382893678
0.3327605663615558,0.3588054258180492,0.0,0.0,0.0,0.3829808925174484,0.405400479244775,0.5026850087548549,0.0,0.3272603731833469,0.0,0.3391133734824045,0.4020765785375764,0.0,0.3786720526476245,0.3831734254141329,0.3333064470344539,0.3331042348794106,0.0,0.3988642146429355,0.3901464456627919,0.3886917321072733,0.4104344641876004,0.3375196362214653,0.0,0.3321006638118724,0.3964387803959027,0.396570671641728,0.3889584423061757,0.0,0.358528766159415,0.4067332190365811,0.3092820214943265,0.3438786626613099,0.3942600009703129,0.0,0.0,0.3235235236102616,0.4351928059178236,0.3981381752902283,0.4157785405019625,0.4330800651247669,0.0,0.0,0.0,0.3856607223675431,0.4281494051700493,0.0,0.0,0.0,0.0,0.0,0.0,0.0,0.4415486616285008,0.0,0.4383904053887115,0.0,0.0,0.0,0.4358350393602434,0.4348519976725311,0.40432303606623,0.0,0.4316144701918179,0.4408979643921134,0.4249945966822686,0.0,0.3705807945004903,0.4089125900296205,0.4230129151395549,0.0,0.0,0.0,0.0,0.4124940159008499
0.3405788410518607,0.3723159623055075,0.0,0.0,0.0,0.4060835033619753,0.4070298811349551,0.4962236358584662,0.0,0.338011248755707,0.0,0.2859919565895985,0.4013146316364203,0.0,0.3711867508087665,0.4060244453606381,0.3534807012727793,0.354668245520828,0.0,0.4301751635981946,0.3979154940318002,0.3794340517494466,0.4420470605003775,0.3276965184451034,0.3321006638118724,0.0,0.4400213865092101,0.399787861398137,0.3971853234528322,0.0,0.3735893162490416,0.419527334038334,0.3380100313880806,0.3728499538852035,0.4343284372016081,0.4617516695852721,0.0,0.3262767288168174,0.4549822399875212,0.4161674072196772,0.4369295602287466,0.4825000113288472,0.0,0.0,0.0,0.3976213984122858,0.472656303844026,0.0,0.0,0.0,0.0,0.0,0.0,0.0,0.4563354783648813,0.0,0.4521797031837426,0.0,0.0,0.4604573316337666,0.4444633118931511,0.4473516105724429,0.4198802068411253,0.0,0.4566684378681638,0.439176064435456,0.4860297877990643,0.4495485211215417,0.3902528270098931,0.4262974105599725,0.4445691597926323,0.4549843237075754,0.0,0.4602827974310768,0.0,0.4293462068460426
0.4298505117419017,0.405338884335661,0.3211762188166062,0.4551789420392602,0.3245561877055093,0.3359456652894277,0.3787064990407698,0.3923000635390409,0.3158152728609271,0.0,0.3460364171574252,0.0,0.3947071779740277,0.389404873727918,0.4063389048134514,0.4086137470330911,0.0,0.4059472329403948,0.3230979990870909,0.3346880694032438,0.4106411098218039,0.40357831821707,0.3302572198577251,0.5218168516771623,0.3964387803959027,0.4400213865092101,0.0,0.4010212950132482,0.3309898667210383,0.3916096450879111,0.4045066133378004,0.4013878060961505,0.3840195037184647,0.4170789949655351,0.4447492905969068,0.3962888335839659,0.4015672286913724,0.0,0.4631884161011904,0.0,0.4956639412438284,0.4905017486068679,0.4452887991318102,0.0,0.0,0.0,0.4983614019718544,0.5165891889668729,0.0,0.0,0.4884303738889788,0.5140048246722255,0.4740733234439352,0.5181986389625776,0.0,0.4599214475109526,0.0,0.4939239025358318,0.4625816059299076,0.4422771531893784,0.0,0.0,0.0,0.5194089407173158,0.4666288014490635,0.0,0.4683538221786167,0.4953472276312874,0.0,0.0,0.4657362603357448,0.4910346556236722,0.4812166277899012,0.4649059658837854,0.0,0.4926734113262515
0.4578902520226577,0.4040758940667844,0.4067062046071437,0.2630922977611272,0.34209796249466,0.3572724951835932,0.3423833076610617,0.405161024214852,0.3890164852625262,0.3498926081576773,0.3802395585706041,0.2846008624459556,0.3352525955145924,0.2900647813650704,0.3996545093081782,0.4259874302909441,0.3849968901480589,0.4099604436802015,0.3826978345251447,0.3464482188568065,0.4131909090333047,0.3668746744849964,0.400019628737957,0.0,0.396570671641728,0.399787861398137,0.4010212950132482,0.0,0.3288415171886955,0.3063822253193975,0.3466587932663578,0.3756053241850286,0.2977545520142367,0.3508781402160113,0.3498784146734935,0.2588955653163178,0.2487102039219796,0.269892097082764,0.4624898985729485,0.0,0.491497902942039,0.5295089134027594,0.0,0.0,0.0,0.0,0.0,0.0,0.0,0.0,0.4675432801075606,0.0,0.4537432491074177,0.0,0.0,0.0,0.0,0.0,0.0,0.4591271807697024,0.0,0.0,0.0,0.0,0.4630836017898668,0.4295996562777154,0.0,0.468189047991787,0.0,0.0,0.0,0.4613935767860782,0.4852671029118062,0.4638760570108982,0.0,0.5021708326991892
0.4391494937863582,0.3964692916145681,0.0,0.0,0.379355017220737,0.3100757859797877,0.3945138192693525,0.3707493135532282,0.3621786418836414,0.0,0.0,0.0,0.3879190814376416,0.0,0.3853552292988399,0.4074746414323647,0.0,0.4027968454371879,0.0,0.3238702786859535,0.3933611584404621,0.3779467254956676,0.3897919128185377,0.0,0.3889584423061757,0.3971853234528322,0.3309898667210383,0.3288415171886955,0.0,0.3104126300689549,0.3458317332775285,0.3928026739390715,0.3456502754765934,0.3783314879339189,0.416664663554757,0.4368618339059893,0.4047178277297393,0.0,0.4548786978350796,0.0,0.4809863348825808,0.5015719525504612,0.0,0.0,0.0,0.0,0.4569804913391711,0.0,0.0,0.0,0.4553947407875545,0.0,0.4356942431996481,0.0,0.0,0.0,0.0,0.492373035191432,0.0,0.4310060435490525,0.0,0.0,0.0,0.0,0.4478077210206793,0.4136171015079944,0.4489686589992573,0.4514551341836891,0.0,0.0,0.4669484662078327,0.450161896550205,0.4665349695681792,0.4533608090249283,0.0,0.4726486827967716
0.0,0.0,0.0,0.0,0.0,0.387633396535625,0.0,0.394297157806017,0.0,0.0,0.0,0.0,0.3912725426099097,0.0,0.0,0.4189143578554972,0.0,0.0,0.0,0.3256401255853456,0.4283649394659032,0.3664026306586586,0.3994769410192323,0.0,0.0,0.0,0.3916096450879111,0.3063822253193975,0.3104126300689549,0.0,0.3045497383464836,0.4051995464254551,0.0,0.3283256536194814,0.3816323727513139,0.0,0.0,0.0,0.4609229524033127,0.0,0.0,0.0,0.0,0.0,0.0,0.0,0.0,0.0,0.0,0.0,0.0,0.0,0.0,0.0,0.0,0.0,0.0,0.0,0.0,0.0,0.0,0.0,0.0,0.0,0.4825374995279873,0.0,0.0,0.4574175398846905,0.0,0.0,0.0,0.4711690592296075,0.0,0.0,0.0,0.0
0.3524697003195933,0.3677314511752994,0.4167426896028614,0.0,0.3912044986727072,0.4010699058012245,0.3602590416706943,0.4119551437762713,0.3938440125522796,0.3191081794928621,0.3832045525602409,0.3060830354029273,0.3886780296702523,0.0,0.3788410057111441,0.3638603595805764,0.3287145041790952,0.3430785024723798,0.4287869531010289,0.3634707160498967,0.3713495282077376,0.3622370021293228,0.4061059160159408,0.3255932074916742,0.358528766159415,0.3735893162490416,0.4045066133378004,0.3466587932663578,0.3458317332775285,0.3045497383464836,0.0,0.3766668209877886,0.3252545585284503,0.2563839494068723,0.188438584593558,0.3490205154667825,0.3202592417890855,0.2802256037089604,0.4513706539657363,0.4081557113372591,0.4296171429681048,0.0,0.0,0.0,0.0,0.4539205859246067,0.4585603906732503,0.0,0.0,0.0,0.476962461510278,0.0,0.4460231842241152,0.0,0.4281463337951028,0.0,0.4270449191578856,0.0,0.0,0.3877462072557642,0.4612665984654689,0.0,0.4139490677566215,0.0,0.4393873931908083,0.422241879859054,0.4557984199733055,0.4554171112279352,0.3239329579206091,0.4143255023967984,0.4418312720935488,0.4624863532448174,0.5005324602190411,0.4653049277700877,0.0,0.468756019955098
0.4174140620809042,0.4220947248875146,0.3940590287077568,0.2810706990215252,0.37454367046809,0.3905347292829575,0.3741733629332839,0.3495136118145632,0.3722764456008843,0.3078049442828716,0.3430766469151066,0.2444208180791511,0.3889935622248066,0.1842233531603797,0.4196338947914931,0.41746423222689,0.406013709778896,0.4107066296754108,0.3826116635961243,0.4426284873233059,0.4133487563917033,0.4277746803308961,0.3957880996198303,0.2818589461205314,0.4067332190365811,0.419527334038334,0.4013878060961505,0.3756053241850286,0.3928026739390715,0.4051995464254551,0.3766668209877886,0.0,0.3305060703267802,0.3398063703151999,0.3601754897572431,0.253752652153573,0.3085341889941851,0.217517942521458,0.3584421296266288,0.3316999340395995,0.3649469964161319,0.3789793473510034,0.3589427380223135,0.2956704017626578,0.1981789293265586,0.4430711159626799,0.4642366439929206,0.514988000093102,0.0,0.0,0.4375993757090983,0.0,0.4090935160947101,0.4975067440096802,0.3546282157299445,0.0,0.2758974546430463,0.4447955396367468,0.0,0.4438021233283512,0.4611056263028107,0.0,0.4325406229850848,0.0,0.4454014732933681,0.4112873110303236,0.473776936553175,0.4425694396376206,0.3755521122479111,0.4381038208860497,0.4608708549853538,0.4396903459347993,0.3918134432512303,0.4449181281224544,0.0,0.4272944496827581
0.3099122699799194,0.3345181630746228,0.0,0.0,0.0,0.3794178093180308,0.0,0.4737308241906277,0.0,0.2700404358090162,0.0,0.2168824913858958,0.3951196593502143,0.0,0.3757983002375637,0.3782185123144692,0.3189706059724099,0.3187365658658559,0.0,0.3581652980800871,0.3668681924878249,0.3804159764376581,0.3851018376353004,0.183397622361357,0.3092820214943265,0.3380100313880806,0.3840195037184647,0.2977545520142367,0.3456502754765934,0.0,0.3252545585284503,0.3305060703267802,0.0,0.2332851156604857,0.3599302530379163,0.2678212300053924,0.2371683370619545,0.1485035363169089,0.3429655464445436,0.224499178365766,0.3226515403124641,0.3509927127088199,0.0,0.0,0.1678697692500256,0.3763601076123419,0.4587181957366781,0.0,0.0,0.0,0.0,0.0,0.0,0.0,0.3458888386676285,0.0,0.3578151336836777,0.0,0.0,0.4372996967862641,0.450156849032676,0.4148946896259304,0.3988656672088557,0.0,0.44805590738103,0.411847715168862,0.4819409165994266,0.4205571412276759,0.280006629405301,0.4008808405378593,0.4276132201799094,0.4215176559830662,0.0,0.4555769828803214,0.0,0.3802982832025621
0.3465998050691635,0.3705625989492717,0.4203429032215243,0.2187402150634191,0.3424382618256527,0.4070197921472638,0.3491429958422412,0.4008689656193197,0.395461633065205,0.280113455485194,0.3919662388656024,0.2104718493043386,0.385099253394868,0.0,0.4142628863456626,0.3652991096936347,0.3401989815343724,0.343462625364398,0.4089217377328167,0.4215414890618272,0.4005674336411344,0.3868045728441933,0.4235373752250495,0.2251879563462372,0.3438786626613099,0.3728499538852035,0.4170789949655351,0.3508781402160113,0.3783314879339189,0.3283256536194814,0.2563839494068723,0.3398063703151999,0.2332851156604857,0.0,0.2568604558408605,0.3210180969014795,0.2559116012587252,0.1848605811692949,0.3541889499358851,0.292179862275965,0.3443858550605708,0.3552792877255392,0.0,0.0,0.1829430742198647,0.396070186118982,0.4544832093011501,0.0,0.0,0.0,0.47025558468064,0.0,0.4543997035836276,0.0,0.382293291869153,0.0,0.3114955046163004,0.0,0.0,0.451726219564268,0.4511051277968941,0.0,0.4068176055945022,0.0,0.4602194461229127,0.4503238456293931,0.4706723516894506,0.4627655525560034,0.2799087662149924,0.4101359504365345,0.4398624732519209,0.4601063005553694,0.4492037624580325,0.4748615420389888,0.0,0.453403912602315
0.4213855264752464,0.4329158137363296,0.4332818664057364,0.2482273060672006,0.2875067157652399,0.4172189754981339,0.262838034557204,0.4404222760144113,0.4108792186574986,0.2868425290473458,0.3622288744435449,0.2459382609262675,0.3825801214274567,0.0,0.4633080272248753,0.4344024535315257,0.3664778037806595,0.3945607823157877,0.3814107488775352,0.4762789025638158,0.4674145664977513,0.457668937957668,0.4476666086790699,0.2211709382635587,0.3942600009703129,0.4343284372016081,0.4447492905969068,0.3498784146734935,0.416664663554757,0.3816323727513139,0.188438584593558,0.3601754897572431,0.3599302530379163,0.2568604558408605,0.0,0.3616275676948182,0.2933721856375173,0.1888340570412627,0.3708782786925539,0.2968890333863614,0.3594787707709054,0.3874898450252552,0.3402941947558999,0.0,0.2059221992233214,0.0,0.4950918026332327,0.0,0.0,0.0,0.0,0.0,0.0,0.0,0.0,0.0,0.3310216906379613,0.0,0.0,0.476329937644563,0.4818859255575349,0.0,0.4271213385901072,0.0,0.4854175285486369,0.4821321164396726,0.5035819780852812,0.4764762651262574,0.0,0.4408944658411158,0.4747578376064925,0.4422155711246056,0.0,0.4959255349621285,0.0,0.0
0.0,0.0,0.3630459560181381,0.1580109534326478,0.1893649954862121,0.3885062346789948,0.3135850125029308,0.2123472484566442,0.3753098383852013,0.2586383463377604,0.2178904881359378,0.2446243707197337,0.3442950635863424,0.1805662751308328,0.4542411977191684,0.0,0.0,0.0,0.3386422449114448,0.4884391573684301,0.3845045470269916,0.0,0.3380463296029337,0.2308784667618893,0.0,0.4617516695852721,0.3962888335839659,0.2588955653163178,0.4368618339059893,0.0,0.3490205154667825,0.253752652153573,0.2678212300053924,0.3210180969014795,0.3616275676948182,0.0,0.1403475770865605,0.2493381555056183,0.2863811289998122,0.0,0.2811564314857008,0.306770286574924,0.271203908888073,0.288921220147788,0.0,0.0,0.0,0.4142729853532251,0.0,0.0,0.4723835362925666,0.0,0.306119776096918,0.4275688880926534,0.0,0.301436798139041,0.0,0.0,0.0,0.0,0.0,0.0,0.0,0.3378948143340238,0.0,0.0,0.0,0.4409859968812624,0.0,0.0,0.0,0.4617524596471687,0.3557226081255807,0.5293460060797932,0.0,0.0
0.0,0.0,0.4042852190309552,0.1536122858327616,0.2448257883243633,0.4005751832572763,0.3241411188336573,0.4304190132504066,0.3934409272502147,0.1998050612291594,0.3895568940369873,0.2308002273577255,0.3566501237607462,0.1333059556409599,0.0,0.0,0.0,0.0,0.4034553987471216,0.451588375118606,0.0,0.0,0.4062673665595748,0.0,0.0,0.0,0.4015672286913724,0.2487102039219796,0.4047178277297393,0.0,0.3202592417890855,0.3085341889941851,0.2371683370619545,0.2559116012587252,0.2933721856375173,0.1403475770865605,0.0,0.2232202247651667,0.2583185106674246,0.0,0.2531370149906982,0.3261683583973926,0.0,0.0,0.0,0.0,0.0,0.0,0.0,0.0,0.0,0.0,0.0,0.0,0.0,0.0,0.0,0.0,0.0,0.0,0.0,0.0,0.0,0.0,0.0,0.0,0.0,0.0,0.0,0.0,0.0,0.0,0.0,0.0,0.0,0.0
0.0,0.0,0.0,0.0,0.3419947793974435,0.0,0.2506327673009279,0.0,0.4200364827659785,0.2517705984373125,0.0,0.1828375869239062,0.3519145160392474,0.0,0.0,0.0,0.3324514704301112,0.0,0.0,0.0,0.0,0.0,0.0,0.2013409595437599,0.3235235236102616,0.3262767288168174,0.0,0.269892097082764,0.0,0.0,0.2802256037089604,0.217517942521458,0.1485035363169089,0.1848605811692949,0.1888340570412627,0.2493381555056183,0.2232202247651667,0.0,0.2611054917669621,0.1757142087340949,0.1673892870273508,0.1786292705439682,0.0,0.0,0.0,0.0,0.0,0.0,0.0,0.0,0.0,0.0,0.0,0.0,0.3712470172311949,0.0,0.4103463507560282,0.0,0.0,0.0,0.0,0.0,0.0,0.0,0.0,0.0,0.0,0.0,0.0,0.0,0.4079701629714213,0.0,0.0,0.0,0.0,0.0
0.4313024744671293,0.4622510804541653,0.0,0.0,0.0,0.4530191094493536,0.0,0.4349980196303365,0.4690758981119149,0.367000477659918,0.0,0.2767216525279564,0.4458976225477345,0.0,0.4618291259373862,0.4757438824869309,0.0,0.4302783270694944,0.0,0.4532552626026803,0.4369373408960793,0.4707945495900354,0.4662171689285003,0.4384390494668033,0.4351928059178236,0.4549822399875212,0.4631884161011904,0.4624898985729485,0.4548786978350796,0.4609229524033127,0.4513706539657363,0.3584421296266288,0.3429655464445436,0.3541889499358851,0.3708782786925539,0.2863811289998122,0.2583185106674246,0.2611054917669621,0.0,0.3100797757648809,0.3537275802674502,0.3624822238612036,0.2715824210575154,0.2947270733921631,0.2259590200982792,0.4143752097735159,0.4089158939106625,0.3936498067155022,0.2651626174589163,0.3265424432871383,0.3958423272191319,0.3593231145651807,0.4258698835347085,0.3765497051684378,0.308259901748196,0.3945408642410475,0.2441097128330003,0.3780876464082084,0.3985507320221275,0.4074722821432269,0.4387572324399532,0.3991401854862239,0.3990432011443805,0.3775726308045074,0.4408214386918069,0.4142543456527466,0.4387094800634609,0.3903223567171167,0.2588697098026383,0.3858097453561543,0.4120049337480143,0.4063157346986515,0.3433724309703898,0.4183279785462728,0.4545198519059752,0.375953965629375
0.3693560882776661,0.4372533959718991,0.0,0.0,0.0,0.0,0.0,0.0,0.0,0.3291080611901872,0.0,0.3190329002893301,0.0,0.0,0.4326249936132979,0.434346243990757,0.3757677301043244,0.3842857882686948,0.0,0.4482278526308074,0.4245344396903839,0.4645092784695941,0.3896665980782282,0.3370648764256114,0.3981381752902283,0.4161674072196772,0.0,0.0,0.0,0.0,0.4081557113372591,0.3316999340395995,0.224499178365766,0.292179862275965,0.2968890333863614,0.0,0.0,0.1757142087340949,0.3100797757648809,0.0,0.2243428209291525,0.2970492795386291,0.280938965431971,0.2194370008526517,0.168721910028046,0.3131848613850615,0.3296626011967967,0.0,0.0,0.3123361830121003,0.3448582164900512,0.3458345172975314,0.3667921309332236,0.4102304762402219,0.2879351398078257,0.3907443703400906,0.2151269723850735,0.366205704573914,0.0,0.3332084866773193,0.3725880852516053,0.301648714553431,0.2933561217139356,0.0,0.357200709815591,0.3392962952444344,0.3802155257789725,0.3265831755759797,0.2036665285657462,0.2808345734505393,0.3254205887080412,0.3268385793361436,0.2990850671321677,0.3243720024859092,0.0,0.2998346420123979
0.4019283939802397,0.4313447870579138,0.0,0.0,0.0,0.4782596741373163,0.0,0.4754846208457046,0.0,0.4069558706934575,0.0,0.3530526933018045,0.0,0.0,0.4633035695101549,0.4426666037159128,0.4405380194107419,0.4067695562848708,0.0,0.468577594496858,0.4527271485658296,0.4652508238702159,0.4755862648878267,0.3936238763186018,0.4157785405019625,0.4369295602287466,0.4956639412438284,0.491497902942039,0.4809863348825808,0.0,0.4296171429681048,0.3649469964161319,0.3226515403124641,0.3443858550605708,0.3594787707709054,0.2811564314857008,0.2531370149906982,0.1673892870273508,0.3537275802674502,0.2243428209291525,0.0,0.2860262304029104,0.3454196253454525,0.2198976096623066,0.1932529741710598,0.344600561634137,0.3511867653946992,0.4075995765042818,0.1800601033323102,0.3005543017054846,0.3873274723440289,0.3195556283945377,0.4327303717453263,0.4004446886459396,0.2749818705687468,0.386615198995665,0.2205371986337832,0.3631054036432544,0.4337878110434083,0.3890342756252307,0.3440973235876142,0.3406789740827619,0.3275753428753672,0.3843643998059687,0.3870933349020325,0.4084411955108784,0.3821736631196987,0.4208072494438971,0.2320229375540566,0.320023763983001,0.3609587120558088,0.4048933350244189,0.31456167727216,0.3736465381264962,0.35590316740708,0.2417947511317191
0.0,0.4690965521723398,0.0,0.0,0.0,0.5269413876485919,0.0,0.0,0.0,0.0,0.0,0.0,0.0,0.0,0.4940541027996817,0.4778006005152457,0.0,0.4346440417312743,0.0,0.4729278707280269,0.4991570467791998,0.5049391900622887,0.4908654888950388,0.0,0.4330800651247669,0.4825000113288472,0.4905017486068679,0.5295089134027594,0.5015719525504612,0.0,0.0,0.3789793473510034,0.3509927127088199,0.3552792877255392,0.3874898450252552,0.306770286574924,0.3261683583973926,0.1786292705439682,0.3624822238612036,0.2970492795386291,0.2860262304029104,0.0,0.4296013302380271,0.3156866030868612,0.2186407563986763,0.4061847650387392,0.413619548514813,0.4505730803366864,0.2406403422775599,0.257547695181195,0.4048472450031846,0.3279359060510294,0.4543259867456833,0.4066321105817567,0.2984546687388519,0.3745133383825969,0.2129017530281871,0.3637647129484763,0.0,0.4503784231198744,0.4320243491779293,0.3448962324885029,0.368863061667026,0.39643456766913,0.4552700178570076,0.473315991105085,0.4687397076123913,0.4278120075959783,0.1436554558279244,0.3636593911418174,0.4278791886699757,0.4336042449058745,0.3451889828012526,0.4253323626743101,0.3565003692896185,0.1904227452672338
