0.0,0.2635327851012073,0.0,0.0,0.0,0.3070444469144163,0.0,0.3314479803085969,0.0,0.2633628656707127,0.0,0.2274485858818479,0.0,0.0,0.2534137869287779,0.2531353271394921,0.2896006469786388,0.2429022618945698,0.0,0.3010451079659339,0.2834097516621518,0.2555059434524754,0.3071333287653812,0.2269661304039934,0.2423828167498714,0.2322559006267444,0.3009845445298149,0.33601355162748,0.3231062371033565,0.0,0.237317588130974,0.2816655195992482,0.2240261143452134,0.2463755658474237,0.2646862823958095,0.0,0.0,0.0,0.3149523934551644,0.308170418991759,0.3237539672969627,0.0,0.0,0.0,0.0,0.2630665623986831,0.3288482285136789,0.0,0.0,0.0,0.0,0.0,0.0,0.0,0.32272965977245,0.0,0.0,0.0,0.0,0.0,0.3188737104945418,0.0,0.3108944358365654,0.0,0.0,0.2788430922907713,0.3199131650368508,0.0,0.2043900645361107,0.3160469772519313,0.3117223849311613,0.0,0.0,0.0,0.0,0.0
0.2635327851012073,0.0,0.0,0.0,0.308083056359049,0.2945612708909797,0.3087975905792599,0.2873998293559835,0.2963012185338154,0.0,0.0,0.0,0.3111840203240057,0.0,0.3000484453695374,0.2544173534779758,0.0,0.2583020621323125,0.0,0.2919060209363727,0.2871080283687904,0.2562268053178571,0.300982671686165,0.0,0.2346806891280366,0.2478499388278185,0.2944716821215094,0.3104376446687247,0.2942744386117112,0.0,0.2474441012698886,0.2921048909475083,0.2365503720946128,0.2591913641123545,0.2926801859136413,0.0,0.0,0.0,0.3200423756738582,0.3080508764625563,0.3113931367133843,0.3048804844616457,0.0,0.0,0.0,0.3084605912330853,0.3266484638038618,0.0,0.0,0.0,0.0,0.0,0.0,0.0,0.0,0.0,0.0,0.0,0.0,0.3434040612343975,0.3065355215731293,0.0,0.3022202297529942,0.0,0.3163424941208502,0.3336743990404536,0.3199289987966154,0.3436463002146233,0.0,0.3122339546540914,0.3312337467905989,0.3344218081634232,0.0,0.3120632879501797,0.0,0.2989665279811589
0.0,0.0,0.0,0.0,0.2633015716359381,0.2690936647707208,0.3054469391595458,0.2953854998258465,0.2073938929798364,0.3317455091626271,0.206000553962323,0.0,0.3064137813668188,0.250595607757407,0.0,0.0,0.0,0.0,0.1658546855708855,0.0,0.0,0.0,0.2190667303619413,0.0,0.0,0.0,0.211699675944075,0.3048985581152414,0.0,0.3188088837753619,0.3118437228159836,0.2876483479109084,0.0,0.3147659487215947,0.3027465979825827,0.2693978266164456,0.3047053878366772,0.0,0.3653559864116267,0.0,0.0,0.0,0.3599130567151565,0.0,0.0,0.0,0.0,0.3551066382130787,0.0,0.3915844619813952,0.3838684590267597,0.0,0.3770078108412838,0.379478019459161,0.0,0.3451290426392619,0.0,0.0,0.0,0.0,0.0,0.0,0.0,0.2935845536029513,0.0,0.0,0.0,0.379575113359513,0.0,0.0,0.0,0.3773813700622523,0.0,0.0,0.0,0.0
0.0,0.0,0.0,0.0,0.1878570247010874,0.2752374397801825,0.1778795394506448,0.2580824116196382,0.2867630497337032,0.1408556136958051,0.2564992301864963,0.0,0.2309236432697159,0.2136231071595967,0.0,0.0,0.0,0.0,0.2855146376756816,0.0,0.0,0.0,0.2634952671517678,0.0,0.0,0.0,0.2785287858705617,0.1777556735391805,0.0,0.0,0.0,0.1946345819843619,0.0,0.1703772903683779,0.1741497736990564,0.1621960172629086,0.1271964684204967,0.0,0.0,0.0,0.0,0.0,0.0,0.0,0.0,0.0,0.0,0.0,0.0,0.0,0.0,0.0,0.0,0.0,0.0,0.0,0.0,0.0,0.0,0.0,0.0,0.0,0.0,0.0,0.0,0.0,0.0,0.0,0.0,0.0,0.0,0.0,0.0,0.0,0.0,0.0
0.0,0.308083056359049,0.2633015716359381,0.1878570247010874,0.0,0.2526713801701413,0.2429862107736622,0.3094517746973703,0.230438316993132,0.3155762873809384,0.2141340984915795,0.2992308940552945,0.2805501341973002,0.2016123297317642,0.0,0.0,0.0,0.0,0.2577565171484203,0.2895831207716512,0.0,0.3131357234629571,0.2888107696682386,0.0,0.2912620414495542,0.0,0.2640255761040837,0.288087986144163,0.2843743772036137,0.0,0.3204250283118116,0.2711322680573916,0.2887881362990504,0.3138203568193455,0.2859330375852416,0.1751141623868038,0.175472692609394,0.2892083384895818,0.0,0.0,0.0,0.0,0.3131941653890384,0.0,0.0,0.0,0.0,0.3815781203790638,0.0,0.0,0.0,0.0,0.3537117960247264,0.3935700590025434,0.0,0.3445363897530731,0.0,0.0,0.0,0.0,0.0,0.0,0.0,0.0,0.0,0.0,0.0,0.3626940602869902,0.0,0.0,0.0,0.3795750339873979,0.0,0.0,0.0,0.0
0.3070444469144163,0.2945612708909797,0.2690936647707208,0.2752374397801825,0.2526713801701413,0.0,0.2778273513344939,0.2858048185592016,0.2351805211778879,0.2869678024361474,0.2459513067897996,0.0,0.2503066425640429,0.2883741465213746,0.2927600190364318,0.2945790289369924,0.0,0.2821322097532315,0.260478278870977,0.274839895882556,0.3007324059000147,0.2976786606711627,0.2658027067552349,0.0,0.2729039037556455,0.2922836702401391,0.2490143565534593,0.2690774693388559,0.2347699238318333,0.2857458117663541,0.3031358841058323,0.2852277921532047,0.2848910763164117,0.3011266376197076,0.3088764844116717,0.2988487568390464,0.2969237429108108,0.0,0.3230880781447975,0.0,0.3475482917705811,0.3844411101270272,0.328857699744922,0.0,0.0,0.0,0.0,0.3802394201537119,0.0,0.0,0.3538299577974682,0.3658203751002106,0.3409852845745645,0.3770357421854004,0.0,0.3628915136137768,0.0,0.3560536045212106,0.0,0.3508051937195479,0.0,0.0,0.0,0.3730925241820905,0.331221296347596,0.3554832314186725,0.3390933345075018,0.3583831659536067,0.0,0.0,0.0,0.3557502863876555,0.3503350358391459,0.3375870938024389,0.0,0.3524748948974337
0.0,0.3087975905792599,0.3054469391595458,0.1778795394506448,0.2429862107736622,0.2778273513344939,0.0,0.3196802146843816,0.2738087149245589,0.2835630079520355,0.3160349566308961,0.2643453021675865,0.2361983162983105,0.2298280766210432,0.0,0.316537419350726,0.3113844326114983,0.3066166630635163,0.3229314588953088,0.3092785893049745,0.0,0.3267216602010556,0.2972434074646872,0.2758036933576704,0.2932678145873963,0.2888875484339238,0.2950961417135193,0.2732758152986243,0.2977161442761428,0.0,0.3018242874637233,0.2691488138750659,0.2650924220426667,0.2819858353833028,0.2149501446296745,0.1969313658785083,0.198533554006425,0.2357063163946731,0.0,0.0,0.0,0.0,0.0,0.0,0.0,0.0,0.0,0.0,0.0,0.0,0.3746470326468448,0.0,0.0,0.0,0.0,0.0,0.0,0.0,0.0,0.0,0.0,0.0,0.0,0.0,0.0,0.0,0.0,0.3606871327404478,0.0,0.0,0.0,0.3643744743962233,0.0,0.0,0.0,0.0
0.3314479803085969,0.2873998293559835,0.2953854998258465,0.2580824116196382,0.3094517746973703,0.2858048185592016,0.3196802146843816,0.0,0.3200403855290688,0.3273965858721409,0.2319947977534804,0.0,0.3033801714414413,0.2469048916322379,0.0,0.3138677362555374,0.0,0.319516759111958,0.2923029233772451,0.2739828992705496,0.264485331360892,0.3031927276207795,0.2431357315401783,0.3296665138809865,0.3053358431096422,0.3046995478746012,0.2922715550521815,0.2946181273185229,0.2707875840313437,0.2873238276160073,0.2982179597260253,0.2584106662831069,0.2628770392768609,0.3135761393228585,0.3023685561004013,0.2068329717008855,0.2520988177898636,0.0,0.3078928243755722,0.0,0.3379788538550917,0.0,0.3036569095913903,0.0,0.0,0.0,0.0,0.3760107310266913,0.0,0.3864339267960456,0.3427643829258045,0.3565826642776463,0.3109859929264941,0.3768761161738479,0.0,0.3393260178586028,0.0,0.3453557174821389,0.0,0.341149817388446,0.0,0.0,0.0,0.3631263632633072,0.3143515860790071,0.3278944037735767,0.0,0.3494480615406323,0.0,0.0,0.0,0.3548185581210129,0.3383567736022771,0.3300555125283583,0.0,0.3461888008751884
0.0,0.2963012185338154,0.2073938929798364,0.2867630497337032,0.230438316993132,0.2351805211778879,0.2738087149245589,0.3200403855290688,0.0,0.3217093322767648,0.2090117180941124,0.3214827483870065,0.2833869873769639,0.2748664511073647,0.0,0.3036736739801103,0.0,0.0,0.1804058773187224,0.2797258402476967,0.0,0.3027728929933705,0.2789431139110725,0.0,0.0,0.0,0.2393730316388497,0.3078690565483136,0.2770293570597708,0.3151293316637598,0.3150273731396165,0.2897731779783413,0.295782715109161,0.3143425439550821,0.3022638053963178,0.2839446815625768,0.2927589789702104,0.3034196224190448,0.3528451410831985,0.0,0.0,0.0,0.3423513716223527,0.0,0.0,0.0,0.0,0.3798402877379408,0.0,0.0,0.3707036170660341,0.0,0.368216086969293,0.3877090633338155,0.0,0.3534097893900526,0.0,0.0,0.0,0.0,0.0,0.0,0.0,0.3713569905672008,0.0,0.0,0.0,0.3711284546373048,0.0,0.0,0.0,0.3719605687896228,0.0,0.0,0.0,0.0
0.2633628656707127,0.0,0.3317455091626271,0.1408556136958051,0.3155762873809384,0.2869678024361474,0.2835630079520355,0.3273965858721409,0.3217093322767648,0.0,0.3197745991157229,0.1954204566656258,0.2847427577162628,0.2028798228337699,0.0,0.2651889229032902,0.2333905467771437,0.2393329002738755,0.3323766684067266,0.0,0.0,0.2939153367171779,0.3053797601477974,0.2214979968376212,0.2302336336367577,0.2238513278233571,0.3102116268429969,0.2710494887298461,0.0,0.0,0.2264116253442512,0.2323662362697116,0.2375044557403517,0.2378933390359497,0.2040920899642179,0.2148748129228505,0.1621546179905754,0.1926149422968051,0.1950154015495842,0.3070145042652031,0.2764030712811108,0.0,0.0,0.0,0.2502863018935814,0.0,0.0,0.0,0.0,0.0,0.0,0.0,0.0,0.0,0.3395349992714428,0.0,0.317933604009572,0.0,0.0,0.0,0.0,0.3315519676931645,0.3122819854598498,0.0,0.0,0.0,0.0,0.0,0.2913510575222163,0.3209082491177971,0.3205864253339738,0.0,0.1938050471562813,0.0,0.0,0.319415033290482
0.0,0.0,0.206000553962323,0.2564992301864963,0.2141340984915795,0.2459513067897996,0.3160349566308961,0.2319947977534804,0.2090117180941124,0.3197745991157229,0.0,0.3148857545224538,0.3172498706469229,0.20532493574169,0.0,0.0,0.0,0.0,0.1681919482970647,0.0,0.0,0.0,0.2085410668756817,0.0,0.0,0.0,0.2423699925453582,0.3118649238656262,0.0,0.0,0.3252987603183382,0.2729608855538198,0.3130249118607612,0.3149075659668243,0.3002022811460166,0.208431847411925,0.2903324282330578,0.3027792598925056,0.3070317966506181,0.0,0.0,0.0,0.3001344244432219,0.0,0.0,0.0,0.0,0.3408842571088951,0.0,0.2958954228052859,0.3609571520556768,0.3564150524301686,0.3227123411272655,0.3236463025234321,0.0,0.1347739563843173,0.0,0.3633596770009129,0.0,0.0,0.0,0.0,0.0,0.1233266057398531,0.0,0.0,0.0,0.3506407701765458,0.0,0.0,0.0,0.3583386984015091,0.0,0.0,0.0,0.0
0.2274485858818479,0.0,0.0,0.0,0.2992308940552945,0.0,0.2643453021675865,0.0,0.3214827483870065,0.1954204566656258,0.3148857545224538,0.0,0.2661620162684552,0.0,0.0,0.0,0.2578563068664461,0.2516484513247433,0.0,0.0,0.0,0.0,0.0,0.1849837948043985,0.238736943191037,0.1975618730261014,0.0,0.2492049370373962,0.0,0.0,0.2305370891074092,0.1811894525178314,0.2037466752135991,0.1830801197264052,0.1822469412395184,0.1847058168408049,0.1776112951063464,0.1475018734141103,0.1550912752478377,0.2906510630545824,0.1781059986099284,0.0,0.0,0.0,0.2072182301868321,0.0,0.0,0.0,0.0,0.0,0.0,0.0,0.0,0.0,0.3283907420360787,0.0,0.304289706575753,0.0,0.0,0.0,0.0,0.3286198322592072,0.314511900464593,0.0,0.0,0.0,0.0,0.0,0.2753449858210742,0.3239485222698179,0.3122687004659747,0.0,0.0,0.0,0.0,0.3093617208308049
0.0,0.3111840203240057,0.3064137813668188,0.2309236432697159,0.2805501341973002,0.2503066425640429,0.2361983162983105,0.3033801714414413,0.2833869873769639,0.2847427577162628,0.3172498706469229,0.2661620162684552,0.0,0.2680484773797679,0.0,0.3161578543005975,0.2971885662733535,0.3043559038286796,0.3207743307996367,0.2905972004473172,0.3080604563023746,0.3169324038409897,0.2939593346032791,0.2818319456345312,0.2925211252958507,0.283879210875409,0.2954572147954967,0.2320080399409518,0.2669876191174566,0.2634062592865607,0.2722877349301594,0.2682936984939554,0.2613103075732637,0.2769186975044065,0.2444344418352748,0.2303220141938504,0.2447340863201983,0.2470877691226119,0.2982054119357243,0.0,0.0,0.0,0.0,0.0,0.0,0.0,0.0,0.3917480792970897,0.0,0.0,0.3560919460023222,0.0,0.338199724834571,0.0,0.0,0.0,0.0,0.0,0.0,0.0,0.0,0.0,0.0,0.0,0.0,0.0,0.0,0.3488811821568579,0.0,0.0,0.0,0.3468594603774664,0.0,0.3561179501782193,0.0,0.0
0.0,0.0,0.250595607757407,0.2136231071595967,0.2016123297317642,0.2883741465213746,0.2298280766210432,0.2469048916322379,0.2748664511073647,0.2028798228337699,0.20532493574169,0.0,0.2680484773797679,0.0,0.0,0.0,0.0,0.0,0.2348154832641207,0.0,0.0,0.0,0.2297681974572764,0.0,0.0,0.0,0.2745451178674011,0.2001098198112783,0.0,0.0,0.0,0.2022755471161609,0.0,0.2706084822232252,0.0,0.1564214980148386,0.1289762445279019,0.0,0.0,0.0,0.0,0.0,0.0,0.0,0.0,0.0,0.0,0.3572823274310861,0.0,0.0,0.0,0.0,0.0,0.334388480089937,0.0,0.0,0.0,0.0,0.0,0.0,0.0,0.0,0.0,0.0,0.0,0.0,0.0,0.3349526877530834,0.0,0.0,0.0,0.0,0.0,0.0,0.0,0.0
0.2534137869287779,0.3000484453695374,0.0,0.0,0.0,0.2927600190364318,0.0,0.0,0.0,0.0,0.0,0.0,0.0,0.0,0.0,0.3012131745669177,0.0,0.289141041111831,0.0,0.1905314239402371,0.274709659863353,0.2454577166255153,0.2186806444338292,0.2896772931307849,0.3006222162278125,0.2707324757499847,0.2503506473373774,0.2780568558384874,0.2729656053339173,0.0,0.2951854478440229,0.3067839246389258,0.3007687863423051,0.3131693285353132,0.3404081237089951,0.1944254709323145,0.0,0.0,0.336977634089104,0.3423785503414845,0.3398122570268401,0.3553565831949644,0.0,0.0,0.0,0.0,0.3511205483742945,0.0,0.0,0.0,0.3362912058324673,0.0,0.3007011489770438,0.0,0.0,0.0,0.0,0.0,0.0,0.3445061366493326,0.3457669646278686,0.0,0.0,0.0,0.3318434162551039,0.3399892606604054,0.346396112889771,0.3328908324207754,0.0,0.0,0.3686028510829773,0.3385142287125782,0.3432642611647711,0.3252353964580705,0.0,0.3385850892321219
0.2531353271394921,0.2544173534779758,0.0,0.0,0.0,0.2945790289369924,0.316537419350726,0.3138677362555374,0.3036736739801103,0.2651889229032902,0.0,0.0,0.3161578543005975,0.0,0.3012131745669177,0.0,0.2541843538782506,0.217622306196272,0.0,0.2605918252886947,0.2745307386395246,0.2378619657943715,0.3034435814620991,0.2563629206357443,0.2389840172866209,0.2747015319229134,0.2933028095277383,0.301815719533304,0.2881594370059833,0.2881742774244846,0.2486055836736782,0.3038231623212222,0.2360492563220212,0.2678748179066551,0.2849347088172793,0.0,0.0,0.0,0.3100503005992091,0.2996515815577885,0.2938473616811848,0.3258093222680616,0.0,0.0,0.0,0.2962365938711999,0.3129190133928192,0.0,0.0,0.0,0.0,0.0,0.0,0.0,0.0,0.0,0.0,0.0,0.0,0.3352222638399456,0.2975295875651031,0.0,0.3016869294487321,0.0,0.3390636547616954,0.3383087651566307,0.3109523269054766,0.0,0.0,0.3019249303528517,0.3173836321950247,0.0,0.0,0.0,0.0,0.2957117478272675
0.2896006469786388,0.0,0.0,0.0,0.0,0.0,0.3113844326114983,0.0,0.0,0.2333905467771437,0.0,0.2578563068664461,0.2971885662733535,0.0,0.0,0.2541843538782506,0.0,0.22308949493191,0.0,0.2899254920314473,0.0,0.2766485465218801,0.0,0.2517497662957468,0.2333637629261676,0.2486130957872844,0.0,0.284870061207564,0.0,0.0,0.2412935963946929,0.2902541679528901,0.250874676779419,0.2597818124266869,0.2497069860030192,0.0,0.0,0.24887718848711,0.0,0.291814091624228,0.3311399481667082,0.0,0.0,0.0,0.0,0.0,0.0,0.0,0.0,0.0,0.0,0.0,0.0,0.0,0.3385343930118601,0.0,0.3261719330551365,0.0,0.0,0.0,0.0,0.3340701748419018,0.3159400765642933,0.0,0.0,0.0,0.0,0.0,0.3165720229317233,0.344206409327678,0.3257447851115564,0.0,0.0,0.0,0.0,0.0
0.2429022618945698,0.2583020621323125,0.0,0.0,0.0,0.2821322097532315,0.3066166630635163,0.319516759111958,0.0,0.2393329002738755,0.0,0.2516484513247433,0.3043559038286796,0.0,0.289141041111831,0.217622306196272,0.22308949493191,0.0,0.0,0.2759002920779872,0.2909531855990327,0.2686183889293697,0.2971636022261162,0.2412209661541083,0.2109077659269382,0.2528670298883755,0.2822792696800457,0.2939132678837615,0.2840721134673289,0.0,0.2482154926793489,0.2941529686070024,0.2388402027354433,0.2631794735050807,0.2676275665710757,0.0,0.0,0.0,0.3429520316133543,0.3034840708588124,0.3278324337246428,0.0,0.0,0.0,0.0,0.29607914343118,0.307220448660232,0.0,0.0,0.0,0.0,0.0,0.0,0.0,0.3273541682234416,0.0,0.3080970787088772,0.0,0.0,0.0,0.2939301009095475,0.3426262150025784,0.3020143060387985,0.0,0.0,0.0,0.3071665729092894,0.0,0.3063633344857297,0.3084081830512287,0.315558673074675,0.0,0.0,0.0,0.0,0.3118775281433303
0.0,0.0,0.1658546855708855,0.2855146376756816,0.2577565171484203,0.260478278870977,0.3229314588953088,0.2923029233772451,0.1804058773187224,0.3323766684067266,0.1681919482970647,0.0,0.3207743307996367,0.2348154832641207,0.0,0.0,0.0,0.0,0.0,0.0,0.0,0.0,0.2285716055319147,0.0,0.0,0.0,0.2200244962962489,0.3108852693824537,0.0,0.0,0.3155807549039107,0.2806540307479486,0.0,0.3109543216002224,0.2884282536574113,0.2546987033622201,0.295814629083962,0.0,0.364089925981685,0.0,0.0,0.0,0.3257752991329688,0.0,0.0,0.0,0.0,0.3623994813444902,0.0,0.0,0.3763755686826939,0.0,0.3568515718800152,0.3670971704449707,0.0,0.278039547953033,0.0,0.0,0.0,0.0,0.0,0.0,0.0,0.3652703167525618,0.0,0.0,0.0,0.3695974717198785,0.0,0.0,0.0,0.3742861344097032,0.0,0.0,0.0,0.0
0.3010451079659339,0.2919060209363727,0.0,0.0,0.2895831207716512,0.274839895882556,0.3092785893049745,0.2739828992705496,0.2797258402476967,0.0,0.0,0.0,0.2905972004473172,0.0,0.1905314239402371,0.2605918252886947,0.2899254920314473,0.2759002920779872,0.0,0.0,0.2777059742033765,0.2131254733110654,0.1399306383390401,0.0,0.276162111996681,0.2915582905973968,0.2336024958803851,0.2544166061700018,0.2252394931880295,0.2163553895459606,0.2559920099595272,0.2962247575014748,0.2650216573827204,0.3001471654554619,0.3218262507027509,0.3411995010821031,0.3133986660603428,0.0,0.3225603086565438,0.2969429516922937,0.3380052940131919,0.338384999786714,0.0,0.0,0.0,0.0,0.3167023402100818,0.0,0.0,0.0,0.3314975605502976,0.0,0.3296596324865631,0.0,0.0,0.0,0.0,0.0,0.0,0.3296879838378139,0.0,0.0,0.0,0.0,0.3164280414838979,0.3196355761219048,0.3260049694060132,0.3311329537266374,0.0,0.0,0.3344096369626536,0.3283216312098431,0.3373398044684306,0.326165001806064,0.0,0.3349891112515152
0.2834097516621518,0.2871080283687904,0.0,0.0,0.0,0.3007324059000147,0.0,0.264485331360892,0.0,0.0,0.0,0.0,0.3080604563023746,0.0,0.274709659863353,0.2745307386395246,0.0,0.2909531855990327,0.0,0.2777059742033765,0.0,0.3092083136207466,0.2599066997220911,0.3026275757335807,0.2894844875638488,0.276758498492955,0.2815985605556393,0.2986281000291666,0.2874561094338292,0.3201000771469247,0.3018127966501653,0.2958594007603635,0.2526586482814303,0.2822601272922839,0.3148439382084165,0.2915000537533316,0.0,0.0,0.3318139903398983,0.3032866216557042,0.3371306166036207,0.3741386497401382,0.0,0.0,0.0,0.2371203747862576,0.3444804149854619,0.0,0.0,0.0,0.3228130065994682,0.0,0.2938815079471769,0.0,0.0,0.0,0.0,0.0,0.0,0.3324172160127753,0.3273852332231613,0.0,0.0,0.0,0.307387650426075,0.3013122136094917,0.3366354855591522,0.3271487689997151,0.0,0.3389268218541899,0.3570474101129393,0.3309057840590294,0.3330283080356854,0.3382029906514819,0.0,0.3514003657908662
0.2555059434524754,0.2562268053178571,0.0,0.0,0.3131357234629571,0.2976786606711627,0.3267216602010556,0.3031927276207795,0.3027728929933705,0.2939153367171779,0.0,0.0,0.3169324038409897,0.0,0.2454577166255153,0.2378619657943715,0.2766485465218801,0.2686183889293697,0.0,0.2131254733110654,0.3092083136207466,0.0,0.2705575585198537,0.0,0.2629008368219495,0.2728165772174464,0.2919670439320149,0.2487293941418462,0.271369082957451,0.207379648028977,0.2548596146321866,0.3147975480949638,0.2706798234404889,0.2973346874802646,0.3361338890749745,0.3581328512144517,0.3344783538027399,0.0,0.3361597118490896,0.3326614365422614,0.3320236530159388,0.3501312478871634,0.0,0.0,0.0,0.317817654509633,0.3162620019869707,0.0,0.0,0.0,0.3356584010594572,0.0,0.0,0.0,0.0,0.0,0.0,0.0,0.0,0.3587361486668193,0.3052702160638458,0.0,0.3271690592022896,0.0,0.3437350106555992,0.3488069976566498,0.3395776340832244,0.3390961008029813,0.0,0.3048238645575996,0.3492360625505407,0.3410557785682931,0.0,0.3235880612928375,0.0,0.326627463753841
0.3071333287653812,0.300982671686165,0.2190667303619413,0.2634952671517678,0.2888107696682386,0.2658027067552349,0.2972434074646872,0.2431357315401783,0.2789431139110725,0.3053797601477974,0.2085410668756817,0.0,0.2939593346032791,0.2297681974572764,0.2186806444338292,0.3034435814620991,0.0,0.2971636022261162,0.2285716055319147,0.1399306383390401,0.2599066997220911,0.2705575585198537,0.0,0.3131808385966482,0.2952144278401855,0.3015575250271249,0.2235039316780494,0.2853468771741466,0.2669943850527078,0.2788110105186153,0.2919723721130375,0.2780335713199778,0.2833125553091508,0.3018106519794209,0.308560076292713,0.2429223047074178,0.2879148351963229,0.0,0.3382151671184551,0.3036143713872641,0.3555948059707721,0.3494872099457154,0.329590115286404,0.0,0.0,0.0,0.3401819206352685,0.3757400213879987,0.0,0.387934914092822,0.3604319214398636,0.3604114160695579,0.3403973888726276,0.3790671742798082,0.0,0.3557916818067224,0.0,0.3540049244046975,0.0,0.3365830355758406,0.0,0.0,0.0,0.3644954048477458,0.3259957163761672,0.3243899281684816,0.3333917465459386,0.3592273333308717,0.0,0.0,0.3384423709618221,0.3584034030938713,0.3476860411205643,0.3401420175294464,0.3462402782734798,0.3520877607153358
0.2269661304039934,0.0,0.0,0.0,0.0,0.0,0.2758036933576704,0.3296665138809865,0.0,0.2214979968376212,0.0,0.1849837948043985,0.2818319456345312,0.0,0.2896772931307849,0.2563629206357443,0.2517497662957468,0.2412209661541083,0.0,0.0,0.3026275757335807,0.0,0.3131808385966482,0.0,0.2268300474951436,0.2147026481635386,0.3338700429343058,0.2660417632823358,0.0,0.0,0.2455230327346376,0.2114454530972912,0.2058079496879717,0.1985103180118023,0.1933953942828429,0.1809771498942517,0.0,0.1824118153148624,0.1511084681011902,0.2931553628006589,0.2732042108063451,0.0,0.0,0.0,0.2338517276806316,0.2412738812501301,0.0,0.0,0.0,0.0,0.0,0.0,0.0,0.0,0.3322288193354669,0.0,0.3032710289105971,0.0,0.0,0.0,0.3180999166860324,0.3321649823039085,0.3136510792492998,0.0,0.0,0.0,0.0,0.0,0.2634979129944784,0.3186838656765737,0.3031680190829315,0.0,0.0,0.0,0.0,0.3139867660738824
0.2423828167498714,0.2346806891280366,0.0,0.0,0.2912620414495542,0.2729039037556455,0.2932678145873963,0.3053358431096422,0.0,0.2302336336367577,0.0,0.238736943191037,0.2925211252958507,0.0,0.3006222162278125,0.2389840172866209,0.2333637629261676,0.2109077659269382,0.0,0.276162111996681,0.2894844875638488,0.2629008368219495,0.2952144278401855,0.2268300474951436,0.0,0.2201923024213531,0.2782999269466681,0.2901115230064095,0.2809265025415265,0.0,0.2502913181914628,0.276657448158353,0.225889527347103,0.2508636005852152,0.2556155497478816,0.0,0.0,0.2435425516199509,0.3332304471877182,0.3008347805198315,0.3186076174477004,0.3248597102300603,0.0,0.0,0.0,0.2977876693478428,0.3176758647211484,0.0,0.0,0.0,0.0,0.0,0.0,0.0,0.3360383135931609,0.0,0.3184385951737642,0.0,0.0,0.0,0.2993081168568119,0.3298277202379953,0.303987627532011,0.0,0.0,0.3150734750529134,0.3026866850526358,0.0,0.2981976253452251,0.3125450135666365,0.3162610298431263,0.0,0.0,0.0,0.0,0.3062989884829167
0.2322559006267444,0.2478499388278185,0.0,0.0,0.0,0.2922836702401391,0.2888875484339238,0.3046995478746012,0.0,0.2238513278233571,0.0,0.1975618730261014,0.283879210875409,0.0,0.2707324757499847,0.2747015319229134,0.2486130957872844,0.2528670298883755,0.0,0.2915582905973968,0.276758498492955,0.2728165772174464,0.3015575250271249,0.2147026481635386,0.2201923024213531,0.0,0.3003210341988833,0.2794748390002176,0.284437173367389,0.0,0.2515470083999387,0.3006348012278891,0.2477426226962117,0.2647356282691991,0.300088100020403,0.2929705966747946,0.0,0.2312783541120402,0.3379236303359197,0.291559404727307,0.3242312684321849,0.3482427776308537,0.0,0.0,0.2676541920536605,0.2996498294698199,0.346474553458217,0.0,0.0,0.0,0.0,0.0,0.0,0.0,0.3254958815878982,0.0,0.3100246401620841,0.0,0.0,0.3685463835294041,0.3208800084955169,0.3254827457666189,0.3096201767384777,0.0,0.3326051956050986,0.3565550391684235,0.349861989893839,0.3477465494553556,0.2854249167656301,0.31732928358016,0.3277566699920632,0.344196010182671,0.0,0.3268391045227903,0.0,0.3124602441515309
0.3009845445298149,0.2944716821215094,0.211699675944075,0.2785287858705617,0.2640255761040837,0.2490143565534593,0.2950961417135193,0.2922715550521815,0.2393730316388497,0.3102116268429969,0.2423699925453582,0.0,0.2954572147954967,0.2745451178674011,0.2503506473373774,0.2933028095277383,0.0,0.2822792696800457,0.2200244962962489,0.2336024958803851,0.2815985605556393,0.2919670439320149,0.2235039316780494,0.3338700429343058,0.2782999269466681,0.3003210341988833,0.0,0.2844884632100636,0.2567071895058938,0.2684331620306221,0.2736207231832001,0.283519371640738,0.2666831127700491,0.2995968803843001,0.3119585343838795,0.3071287505493908,0.2939199256704289,0.0,0.3319704170908097,0.0,0.3454545233768081,0.3370821098043598,0.3092228820408977,0.0,0.0,0.0,0.3579458724246695,0.3780496227115898,0.0,0.0,0.3502783888574688,0.3601679929431357,0.3511927918233828,0.3768910457194439,0.0,0.3681979791151827,0.0,0.351009487254282,0.0,0.3315954888796335,0.0,0.0,0.0,0.3874095496961957,0.3236684690155861,0.3366097793130447,0.3307404161906167,0.3532241895861217,0.0,0.0,0.3425231995198048,0.3500046678167627,0.3426545542636449,0.3356067664313099,0.3534934937578646,0.3462804382332003
0.33601355162748,0.3104376446687247,0.3048985581152414,0.1777556735391805,0.288087986144163,0.2690774693388559,0.2732758152986243,0.2946181273185229,0.3078690565483136,0.2710494887298461,0.3118649238656262,0.2492049370373962,0.2320080399409518,0.2001098198112783,0.2780568558384874,0.301815719533304,0.284870061207564,0.2939132678837615,0.3108852693824537,0.2544166061700018,0.2986281000291666,0.2487293941418462,0.2853468771741466,0.2660417632823358,0.2901115230064095,0.2794748390002176,0.2844884632100636,0.0,0.2295632316268592,0.2116966789395463,0.2495217585617279,0.2610956086799898,0.2365214031161973,0.2596176455168427,0.2366167226068352,0.182030787723734,0.1818820656755128,0.2267344170712235,0.2693259761069656,0.0,0.3404104177117319,0.3748806686916801,0.3344464590547485,0.0,0.0,0.0,0.0,0.0,0.0,0.0,0.3436662131090304,0.0,0.3284874946657875,0.0,0.0,0.0,0.0,0.0,0.0,0.3452602899143585,0.0,0.0,0.0,0.0,0.3282440624339678,0.336372541324177,0.0,0.3445760320918866,0.0,0.0,0.0,0.3421008956425582,0.3531874429605655,0.3355240389902467,0.0,0.3590760155819404
0.3231062371033565,0.2942744386117112,0.0,0.0,0.2843743772036137,0.2347699238318333,0.2977161442761428,0.2707875840313437,0.2770293570597708,0.0,0.0,0.0,0.2669876191174566,0.0,0.2729656053339173,0.2881594370059833,0.0,0.2840721134673289,0.0,0.2252394931880295,0.2874561094338292,0.271369082957451,0.2669943850527078,0.0,0.2809265025415265,0.284437173367389,0.2567071895058938,0.2295632316268592,0.0,0.2370988073705091,0.2599100987045583,0.272926772461237,0.2335768058945572,0.2998398751344585,0.3166366695453921,0.3340896931473953,0.3088060366610253,0.0,0.3279595585054955,0.0,0.3463202587154438,0.3553738567888397,0.0,0.0,0.0,0.0,0.3283445626056451,0.0,0.0,0.0,0.3363568200962167,0.0,0.3280832815908298,0.0,0.0,0.0,0.0,0.3603638593739032,0.0,0.3270954275858169,0.0,0.0,0.0,0.0,0.3176341216084598,0.3236077227373014,0.3263646398348669,0.3388604694752317,0.0,0.0,0.32664700236218,0.3348149474435397,0.3387066982945959,0.3267417607626556,0.0,0.3390418834388425
0.0,0.0,0.3188088837753619,0.0,0.0,0.2857458117663541,0.0,0.2873238276160073,0.3151293316637598,0.0,0.0,0.0,0.2634062592865607,0.0,0.0,0.2881742774244846,0.0,0.0,0.0,0.2163553895459606,0.3201000771469247,0.207379648028977,0.2788110105186153,0.0,0.0,0.0,0.2684331620306221,0.2116966789395463,0.2370988073705091,0.0,0.2184417405312826,0.2595308702898359,0.0,0.2505612489583628,0.2597423273444513,0.0,0.0,0.0,0.3457442894677988,0.0,0.0,0.0,0.0,0.0,0.0,0.0,0.0,0.0,0.0,0.0,0.0,0.0,0.0,0.0,0.0,0.0,0.0,0.0,0.0,0.0,0.0,0.0,0.0,0.0,0.332898990915772,0.0,0.0,0.3497821111864864,0.0,0.0,0.0,0.3459474252519036,0.0,0.0,0.0,0.0
0.237317588130974,0.2474441012698886,0.3118437228159836,0.0,0.3204250283118116,0.3031358841058323,0.3018242874637233,0.2982179597260253,0.3150273731396165,0.2264116253442512,0.3252987603183382,0.2305370891074092,0.2722877349301594,0.0,0.2951854478440229,0.2486055836736782,0.2412935963946929,0.2482154926793489,0.3155807549039107,0.2559920099595272,0.3018127966501653,0.2548596146321866,0.2919723721130375,0.2455230327346376,0.2502913181914628,0.2515470083999387,0.2736207231832001,0.2495217585617279,0.2599100987045583,0.2184417405312826,0.0,0.2657911824530667,0.2265728131415865,0.214610934038371,0.2092800213714399,0.2751147184099923,0.2433170128058437,0.2100370952730819,0.2932940807723583,0.2632591122265271,0.3465576053706506,0.0,0.0,0.0,0.0,0.0,0.2983602977876175,0.0,0.0,0.0,0.3482869719229022,0.0,0.335339813366558,0.0,0.3301088903024846,0.0,0.2769179920742938,0.0,0.0,0.3495839461971608,0.2898239890461184,0.0,0.2960629958812221,0.0,0.3244102141112575,0.0,0.3021328775198294,0.3526614080620103,0.336044472472603,0.3086584393316558,0.3049548034811495,0.3475699332983034,0.3650204459516052,0.3450937316081496,0.0,0.3683055099809392
0.2816655195992482,0.2921048909475083,0.2876483479109084,0.1946345819843619,0.2711322680573916,0.2852277921532047,0.2691488138750659,0.2584106662831069,0.2897731779783413,0.2323662362697116,0.2729608855538198,0.1811894525178314,0.2682936984939554,0.2022755471161609,0.3067839246389258,0.3038231623212222,0.2902541679528901,0.2941529686070024,0.2806540307479486,0.2962247575014748,0.2958594007603635,0.3147975480949638,0.2780335713199778,0.2114454530972912,0.276657448158353,0.3006348012278891,0.283519371640738,0.2610956086799898,0.272926772461237,0.2595308702898359,0.2657911824530667,0.0,0.2424096236258397,0.2548656129573209,0.2543342912411319,0.2084620883583517,0.2041064259204516,0.1776304495185864,0.2005250029609313,0.1661982524964051,0.1665556481304203,0.2065645083724535,0.1940954808393276,0.1695017894023966,0.1512144664824682,0.3094441594918976,0.3311793445891422,0.3604361990557062,0.0,0.0,0.3208427645428574,0.0,0.2924252588672143,0.3414969973104477,0.1952917060227441,0.3149655312411381,0.1480744976348935,0.3073125993201296,0.0,0.3388133702941536,0.3152116855354851,0.0,0.3138069816569566,0.3702349962330688,0.321162561218009,0.344275955170665,0.328619147591386,0.3393397219679316,0.1731275570197543,0.318467319072829,0.3362258583380373,0.3397833413171489,0.2119248041811841,0.3330981579989312,0.0,0.3353148010207193
0.2240261143452134,0.2365503720946128,0.0,0.0,0.2887881362990504,0.2848910763164117,0.2650924220426667,0.2628770392768609,0.295782715109161,0.2375044557403517,0.3130249118607612,0.2037466752135991,0.2613103075732637,0.0,0.3007687863423051,0.2360492563220212,0.250874676779419,0.2388402027354433,0.0,0.2650216573827204,0.2526586482814303,0.2706798234404889,0.2833125553091508,0.2058079496879717,0.225889527347103,0.2477426226962117,0.2666831127700491,0.2365214031161973,0.2335768058945572,0.0,0.2265728131415865,0.2424096236258397,0.0,0.152946825449376,0.2075199971984741,0.1870913319961087,0.159293698940939,0.1372571902461356,0.16675285295386,0.2231785790638957,0.1311805046157552,0.0,0.0,0.0,0.1716324715558616,0.2756133259134147,0.3228968276424592,0.0,0.0,0.0,0.0,0.0,0.0,0.0,0.2930050353092056,0.0,0.2668837615797393,0.0,0.0,0.3601802617676751,0.3032802488953645,0.329293977969965,0.2979108742018067,0.0,0.0,0.3554425944989017,0.3283277113279143,0.0,0.2180540896615489,0.3090166813574757,0.3086108837211092,0.301321223657865,0.0,0.0,0.0,0.0
0.2463755658474237,0.2591913641123545,0.3147659487215947,0.1703772903683779,0.3138203568193455,0.3011266376197076,0.2819858353833028,0.3135761393228585,0.3143425439550821,0.2378933390359497,0.3149075659668243,0.1830801197264052,0.2769186975044065,0.2706084822232252,0.3131693285353132,0.2678748179066551,0.2597818124266869,0.2631794735050807,0.3109543216002224,0.3001471654554619,0.2822601272922839,0.2973346874802646,0.3018106519794209,0.1985103180118023,0.2508636005852152,0.2647356282691991,0.2995968803843001,0.2596176455168427,0.2998398751344585,0.2505612489583628,0.214610934038371,0.2548656129573209,0.152946825449376,0.0,0.2031211766785042,0.2168723243508702,0.1965257160431686,0.1530018579444891,0.1575216692866804,0.1675653663299956,0.2017783269479066,0.0,0.2318329174866084,0.0,0.1448279113314647,0.2834653313182043,0.313408632589999,0.0,0.0,0.0,0.34685093765699,0.0,0.3388328780472228,0.0,0.2857905020381226,0.0,0.2173998698321292,0.0,0.0,0.3457428084017924,0.3003890608610632,0.0,0.3037169675221522,0.0,0.3333517068307082,0.3165302177473351,0.3311130708432104,0.3553312570919918,0.2190814895353002,0.3116895187061512,0.3151124170666964,0.3513410876929712,0.3065993689493939,0.3419963632138018,0.0,0.3574404139818092
0.2646862823958095,0.2926801859136413,0.3027465979825827,0.1741497736990564,0.2859330375852416,0.3088764844116717,0.2149501446296745,0.3023685561004013,0.3022638053963178,0.2040920899642179,0.3002022811460166,0.1822469412395184,0.2444344418352748,0.0,0.3404081237089951,0.2849347088172793,0.2497069860030192,0.2676275665710757,0.2884282536574113,0.3218262507027509,0.3148439382084165,0.3361338890749745,0.308560076292713,0.1933953942828429,0.2556155497478816,0.300088100020403,0.3119585343838795,0.2366167226068352,0.3166366695453921,0.2597423273444513,0.2092800213714399,0.2543342912411319,0.2075199971984741,0.2031211766785042,0.0,0.22334244450333,0.2068517133825806,0.1623627009556836,0.171337036532523,0.1373804470908528,0.1423135131309541,0.1923542883087023,0.1857066398246483,0.1834628435820359,0.1477134450941044,0.0,0.3291200253217134,0.0,0.0,0.0,0.0,0.0,0.0,0.0,0.0,0.0,0.1597525804375553,0.0,0.0,0.3636616943150642,0.3199870534524891,0.0,0.0,0.0,0.3352610432722811,0.3546663164235183,0.351596027461275,0.3462491568474087,0.0,0.3180074016233131,0.3354403815056903,0.3412741507024201,0.0,0.3667673062120671,0.0,0.0
0.0,0.0,0.2693978266164456,0.1621960172629086,0.1751141623868038,0.2988487568390464,0.1969313658785083,0.2068329717008855,0.2839446815625768,0.2148748129228505,0.208431847411925,0.1847058168408049,0.2303220141938504,0.1564214980148386,0.1944254709323145,0.0,0.0,0.0,0.2546987033622201,0.3411995010821031,0.2915000537533316,0.3581328512144517,0.2429223047074178,0.1809771498942517,0.0,0.2929705966747946,0.3071287505493908,0.182030787723734,0.3340896931473953,0.0,0.2751147184099923,0.2084620883583517,0.1870913319961087,0.2168723243508702,0.22334244450333,0.0,0.1316030437151968,0.1886278096011465,0.1983644985506581,0.1678349171584021,0.1805142698514834,0.1934847750446188,0.2304743832791891,0.1780543834524021,0.0,0.0,0.0,0.3397715290464154,0.0,0.0,0.3225392192214171,0.3491294245217586,0.263480697383806,0.3413901668061868,0.0,0.2969525057848571,0.1848240859723495,0.3231533029793957,0.0,0.0,0.0,0.0,0.0,0.3248591120029134,0.0,0.0,0.0,0.3276534787420886,0.0,0.0,0.0,0.3363502010985368,0.3334922921642623,0.318271522072892,0.0,0.0
0.0,0.0,0.3047053878366772,0.1271964684204967,0.175472692609394,0.2969237429108108,0.198533554006425,0.2520988177898636,0.2927589789702104,0.1621546179905754,0.2903324282330578,0.1776112951063464,0.2447340863201983,0.1289762445279019,0.0,0.0,0.0,0.0,0.295814629083962,0.3133986660603428,0.0,0.3344783538027399,0.2879148351963229,0.0,0.0,0.0,0.2939199256704289,0.1818820656755128,0.3088060366610253,0.0,0.2433170128058437,0.2041064259204516,0.159293698940939,0.1965257160431686,0.2068517133825806,0.1316030437151968,0.0,0.168291263208567,0.1567077701541309,0.0,0.1357254497305305,0.0,0.0,0.0,0.0,0.0,0.0,0.0,0.0,0.0,0.0,0.0,0.0,0.0,0.0,0.0,0.0,0.0,0.0,0.0,0.0,0.0,0.0,0.0,0.0,0.0,0.0,0.0,0.0,0.0,0.0,0.0,0.0,0.0,0.0,0.0
0.0,0.0,0.0,0.0,0.2892083384895818,0.0,0.2357063163946731,0.0,0.3034196224190448,0.1926149422968051,0.3027792598925056,0.1475018734141103,0.2470877691226119,0.0,0.0,0.0,0.24887718848711,0.0,0.0,0.0,0.0,0.0,0.0,0.1824118153148624,0.2435425516199509,0.2312783541120402,0.0,0.2267344170712235,0.0,0.0,0.2100370952730819,0.1776304495185864,0.1372571902461356,0.1530018579444891,0.1623627009556836,0.1886278096011465,0.168291263208567,0.0,0.1604992775307389,0.1810086731103752,0.1415631664614098,0.1640410477903308,0.0,0.0,0.155538141203439,0.0,0.0,0.0,0.0,0.0,0.0,0.0,0.0,0.0,0.2734202394599886,0.0,0.2263280515303288,0.0,0.0,0.0,0.0,0.0,0.0,0.0,0.0,0.0,0.0,0.0,0.2241670369978278,0.0,0.2451944984614003,0.0,0.0,0.0,0.0,0.0
0.3149523934551644,0.3200423756738582,0.3653559864116267,0.0,0.0,0.3230880781447975,0.0,0.3078928243755722,0.3528451410831985,0.1950154015495842,0.3070317966506181,0.1550912752478377,0.2982054119357243,0.0,0.336977634089104,0.3100503005992091,0.0,0.3429520316133543,0.364089925981685,0.3225603086565438,0.3318139903398983,0.3361597118490896,0.3382151671184551,0.1511084681011902,0.3332304471877182,0.3379236303359197,0.3319704170908097,0.2693259761069656,0.3279595585054955,0.3457442894677988,0.2932940807723583,0.2005250029609313,0.16675285295386,0.1575216692866804,0.171337036532523,0.1983644985506581,0.1567077701541309,0.1604992775307389,0.0,0.2233536478608659,0.2515065231992202,0.2438195249593093,0.225570854118728,0.1872867767984443,0.174731460474236,0.2935946904478341,0.2803155654641007,0.2870312697981903,0.1941363320382461,0.2859698075454893,0.2899507596149675,0.262935648064838,0.2516339979017456,0.295781292810334,0.267589932135667,0.2877611947130726,0.1676901844073426,0.2722857775809197,0.2250137634519528,0.3053703352249813,0.30065291427586,0.3039132982910011,0.2965068483304209,0.2830904862620201,0.2956954515164914,0.2819926242041731,0.303952556220951,0.2852997536266172,0.1997495557200462,0.2800108055463335,0.2971184767379663,0.2891829627519668,0.2383231155185936,0.2748299623876839,0.2533921788885515,0.2706748120686655
0.308170418991759,0.3080508764625563,0.0,0.0,0.0,0.0,0.0,0.0,0.0,0.3070145042652031,0.0,0.2906510630545824,0.0,0.0,0.3423785503414845,0.2996515815577885,0.291814091624228,0.3034840708588124,0.0,0.2969429516922937,0.3032866216557042,0.3326614365422614,0.3036143713872641,0.2931553628006589,0.3008347805198315,0.291559404727307,0.0,0.0,0.0,0.0,0.2632591122265271,0.1661982524964051,0.2231785790638957,0.1675653663299956,0.1373804470908528,0.1678349171584021,0.0,0.1810086731103752,0.2233536478608659,0.0,0.1745023816546702,0.2473271783924401,0.2414607986078965,0.1373892494787591,0.1542086899280814,0.2389009174255059,0.2428115160669485,0.0,0.0,0.2760543720288204,0.2815925176812034,0.2376121942425059,0.2282643395375947,0.3014573463963682,0.242964388759089,0.2891161090092649,0.2328395736420823,0.2605644996986535,0.0,0.2878814350135983,0.2465645879270365,0.2431795144951899,0.2387505070077533,0.0,0.2835017832485073,0.2537207802588362,0.2624087952694235,0.2799056419229142,0.1922233736492836,0.227054422543022,0.2427290060128398,0.2730226448025256,0.2093185980719811,0.2591131424186371,0.2077322629202339,0.2356821423406206
0.3237539672969627,0.3113931367133843,0.0,0.0,0.0,0.3475482917705811,0.0,0.3379788538550917,0.0,0.2764030712811108,0.0,0.1781059986099284,0.0,0.0,0.3398122570268401,0.2938473616811848,0.3311399481667082,0.3278324337246428,0.0,0.3380052940131919,0.3371306166036207,0.3320236530159388,0.3555948059707721,0.2732042108063451,0.3186076174477004,0.3242312684321849,0.3454545233768081,0.3404104177117319,0.3463202587154438,0.0,0.3465576053706506,0.1665556481304203,0.1311805046157552,0.2017783269479066,0.1423135131309541,0.1805142698514834,0.1357254497305305,0.1415631664614098,0.2515065231992202,0.1745023816546702,0.0,0.2092273392734848,0.2607440094023658,0.180150975325086,0.1591244400533584,0.2568994921684998,0.2516862983346691,0.3015291239250781,0.1837905363142901,0.305744399875272,0.2950257914536335,0.2577339161141048,0.3059780043656002,0.3090105049540341,0.2438907917072737,0.3031554778585215,0.1948981632004467,0.2615985522186945,0.2511517780671579,0.3115300454340433,0.261717249699439,0.2550425718945343,0.2577681869217589,0.2979432537531769,0.2985102630993252,0.3067307660139634,0.2935763546637511,0.3066526953671157,0.1972180581630959,0.2501482956361534,0.2662343155914863,0.3039515330533494,0.2435974472275612,0.2773055546035662,0.2662735231813947,0.2163142780919485
