0.0,0.3617634142856871,0.0,0.0,0.0,0.3992183673910539,0.0,0.4511169955679596,0.0,0.3928291164632626,0.0,0.3771316543728271,0.0,0.0,0.3657901241665635,0.3794404117269944,0.3808056613910691,0.3599772405547717,0.0,0.3741064008912913,0.3522132977695827,0.3682239755427466,0.4209893608492118,0.3753204758696735,0.3613972247675158,0.3563235937879706,0.3976367035837388,0.4310646171187918,0.3996311848982459,0.0,0.3482854810000873,0.4054307691756444,0.34892427979306,0.3583443679392964,0.418861311938085,0.0,0.0,0.0,0.4240275882257796,0.3833855413356501,0.4191535699801814,0.0,0.0,0.0,0.0,0.3930622722208654,0.4371603440093883,0.0,0.0,0.0,0.0,0.0,0.0,0.0,0.0,0.0,0.0,0.0,0.0,0.0,0.4383707327153785,0.0,0.4292308463957967,0.0,0.0,0.2101393591452507,0.4127287363266622,0.0,0.0,0.4364593798733338,0.452469142682114,0.0,0.0,0.0,0.0,0.0
0.3617634142856871,0.0,0.0,0.0,0.3814076237482534,0.3678937911418943,0.3992029556387586,0.434458161028621,0.3775331447260026,0.0,0.0,0.0,0.3880214300083369,0.0,0.4043757362415883,0.35824258687541,0.0,0.3660294133251949,0.0,0.3996941310915921,0.3888096868143455,0.3749929446656206,0.3856103844815575,0.0,0.3561293751337449,0.3945310552855219,0.3830147066800686,0.385704198784445,0.3872728490767375,0.0,0.3502743677765465,0.4137251201920075,0.3688248408985755,0.357091749406501,0.422980280435904,0.0,0.0,0.0,0.4458975737078914,0.4270136710287764,0.439514331178718,0.4543714878921714,0.0,0.0,0.0,0.4144664265498462,0.4283158444911285,0.0,0.0,0.0,0.0,0.0,0.0,0.0,0.0,0.0,0.0,0.0,0.0,0.4535414661813149,0.4255496998701514,0.0,0.4177838921342848,0.0,0.0,0.4201494454596817,0.4341186389979428,0.4554799189391404,0.0,0.429274048102219,0.4464633110137759,0.0,0.0,0.4459204266487571,0.0,0.4116213964524889
0.0,0.0,0.0,0.0,0.3914959991842799,0.3896441130140148,0.3981962149733028,0.4454522448138582,0.2819143187808444,0.0,0.3332732495898427,0.0,0.3977220743645345,0.4009510780244655,0.0,0.0,0.0,0.0,0.2958517459560482,0.0,0.0,0.0,0.308662647739691,0.0,0.0,0.0,0.3373062648578638,0.4080908092917391,0.0,0.0,0.4131558394492168,0.3851775950063545,0.0,0.4138398185418553,0.3934442123684704,0.4010538868796594,0.0,0.0,0.0,0.0,0.0,0.0,0.5117638408253956,0.0,0.0,0.0,0.0,0.4775297712128704,0.0,0.0,0.4497799309958202,0.0,0.5183179584122938,0.5487108185631561,0.0,0.454436168495283,0.0,0.0,0.6182785615205078,0.0,0.0,0.0,0.0,0.4417293480058925,0.0,0.0,0.0,0.4497501573656065,0.0,0.0,0.0,0.4781214582920643,0.0,0.0,0.0,0.0
0.0,0.0,0.0,0.0,0.2323914888782082,0.0,0.2707203726735522,0.3898473116065307,0.0,0.0,0.3595395633345083,0.0,0.277663340419117,0.2867473754421632,0.0,0.0,0.0,0.0,0.0,0.0,0.0,0.0,0.3874012373139523,0.0,0.0,0.0,0.0,0.255307825672884,0.0,0.0,0.0,0.2181613103621409,0.0,0.0,0.2245786240153728,0.1903325178326307,0.1893890848386921,0.0,0.0,0.0,0.0,0.0,0.0,0.0,0.0,0.0,0.0,0.0,0.0,0.0,0.0,0.0,0.0,0.0,0.0,0.0,0.0,0.0,0.0,0.0,0.0,0.0,0.0,0.0,0.0,0.0,0.0,0.0,0.0,0.0,0.0,0.0,0.0,0.0,0.0,0.0
0.0,0.3814076237482534,0.3914959991842799,0.2323914888782082,0.0,0.3884394432114618,0.3261991663232154,0.3619722832242727,0.3546360784717674,0.0,0.3388686103110662,0.0,0.3300368631179718,0.2653288257385514,0.0,0.0,0.0,0.0,0.3637225327315587,0.3668953560561516,0.0,0.3676957841728149,0.3754210372358141,0.0,0.0,0.0,0.4162743948937002,0.3471344621122463,0.0,0.0,0.3912061825910684,0.3741920836503615,0.0,0.3784996249630746,0.3594957236111039,0.1960210441053798,0.2018807679046178,0.0,0.0,0.0,0.0,0.0,0.0,0.0,0.0,0.0,0.0,0.0,0.0,0.0,0.0,0.0,0.0,0.0,0.0,0.0,0.0,0.0,0.0,0.0,0.0,0.0,0.0,0.0,0.0,0.0,0.0,0.4642405922783275,0.0,0.0,0.0,0.0,0.0,0.0,0.0,0.0
0.3992183673910539,0.3678937911418943,0.3896441130140148,0.0,0.3884394432114618,0.0,0.3989700737572199,0.3922485143049888,0.3516741591171592,0.4100214875399721,0.3933498977346768,0.0,0.3606361648336453,0.3777972862414135,0.3951774675054763,0.3727242391946324,0.0,0.373995381029467,0.3666856154180377,0.388096894389781,0.3827921623143197,0.3934374343867672,0.394758730169214,0.0,0.3478096737517143,0.3899360950254127,0.3580496025314025,0.3548355364822992,0.299545071182269,0.3860616963387948,0.4060870162164104,0.3861617231300256,0.3627274951707678,0.406825618976332,0.4048183959471937,0.3857376128455575,0.4039397825204706,0.0,0.4106390668194464,0.0,0.4628137272697615,0.0,0.4505191227640794,0.0,0.0,0.0,0.0,0.5058997788415069,0.0,0.0,0.4504880575744079,0.4962327314320894,0.4675478104802399,0.4691225832573337,0.0,0.4666079782878759,0.0,0.4882116612229572,0.0,0.0,0.0,0.0,0.0,0.4900268176934862,0.0,0.0,0.0,0.4573236801235354,0.0,0.0,0.0,0.4538697748715583,0.4643821156433174,0.4297430406108727,0.0,0.4534364542105699
0.0,0.3992029556387586,0.3981962149733028,0.2707203726735522,0.3261991663232154,0.3989700737572199,0.0,0.3781561646122042,0.3681704994138254,0.0,0.4028176749374584,0.0,0.3293164564758137,0.324846545039153,0.0,0.4237015001157569,0.0,0.4270408353822939,0.4168863955891333,0.4101562375921122,0.0,0.4191219941451943,0.3862345694246448,0.0,0.387302797009022,0.4049551070423514,0.4007160742364267,0.3417539798113918,0.3920080340505585,0.0,0.398223164043254,0.3815381561353853,0.0,0.3970459839078078,0.3821075902249544,0.2675773740642764,0.2476858595718591,0.0,0.0,0.0,0.0,0.0,0.0,0.0,0.0,0.0,0.0,0.0,0.0,0.0,0.4879493343538746,0.0,0.0,0.0,0.0,0.0,0.0,0.0,0.0,0.0,0.0,0.0,0.0,0.0,0.0,0.0,0.0,0.462046078153114,0.0,0.0,0.0,0.0,0.0,0.0,0.0,0.0
0.4511169955679596,0.434458161028621,0.4454522448138582,0.3898473116065307,0.3619722832242727,0.3922485143049888,0.3781561646122042,0.0,0.448632524804725,0.5037286561309642,0.3110322441357295,0.0,0.3898410681988211,0.3350233921258115,0.3478325857120541,0.4476218662033425,0.0,0.0,0.4646677850242213,0.3531195065480689,0.3494650570078275,0.4184016943378415,0.3286569473867251,0.4765280912655475,0.4300987233633786,0.448181964498185,0.4290395579509815,0.3793419711730392,0.3363079172252543,0.3766779730082403,0.4018956146369989,0.3929005084104554,0.4769653961711577,0.3981967015162251,0.4260188090171459,0.2837817782146025,0.0,0.0,0.4093844691775081,0.0,0.0,0.0,0.4156875210166423,0.0,0.0,0.0,0.0,0.5260135461265013,0.0,0.494955070503699,0.445750769412592,0.4962744221173106,0.4422591136914943,0.5263854631250816,0.0,0.4459493215111593,0.0,0.4721022253261125,0.4292003767839981,0.4083427653566044,0.0,0.0,0.0,0.5017598749047676,0.0,0.4018790645733255,0.0,0.4680548580676662,0.0,0.0,0.0,0.4611663309731511,0.4653102135419308,0.0,0.0,0.4978790973213879
0.0,0.3775331447260026,0.2819143187808444,0.0,0.3546360784717674,0.3516741591171592,0.3681704994138254,0.448632524804725,0.0,0.4155862812680541,0.3524235211961545,0.0,0.3557351158344723,0.3788603232581228,0.0,0.0,0.0,0.0,0.288633842759346,0.3734206626007542,0.0,0.3824602301991037,0.3784225659846226,0.0,0.0,0.0,0.3617889474897419,0.4027503134630102,0.3481079021205309,0.0,0.4052373363452538,0.3816271917465205,0.0,0.4072337444944832,0.4046501000236777,0.3894224475986099,0.3920701723790258,0.4004905460079819,0.0,0.0,0.0,0.0,0.4502747153138237,0.0,0.0,0.0,0.0,0.5050430665045892,0.0,0.0,0.4523367452028708,0.0,0.4551286194119523,0.5066372921068129,0.0,0.4754436131620712,0.0,0.0,0.479494070830941,0.0,0.0,0.0,0.0,0.5009471598031013,0.0,0.0,0.0,0.4517185604612705,0.0,0.0,0.0,0.4390759569797713,0.0,0.0,0.0,0.0
0.3928291164632626,0.0,0.0,0.0,0.0,0.4100214875399721,0.0,0.5037286561309642,0.4155862812680541,0.0,0.0,0.2617739180402894,0.3301820407692893,0.0,0.0,0.3695755409291136,0.2805779003513335,0.3332491028140987,0.0,0.0,0.0,0.4023804214048873,0.4063884879084828,0.3049415605031337,0.3056053044900975,0.3242206741059573,0.0,0.3468453289946804,0.0,0.0,0.304071154053465,0.3398266115668641,0.2967675642732012,0.2963393111354661,0.2926577885651044,0.2971557704316293,0.3091991817916757,0.2562382100085072,0.402699017623449,0.3397231579869575,0.3640396762742572,0.0,0.0,0.0,0.3077101582924098,0.0,0.0,0.0,0.0,0.0,0.0,0.0,0.0,0.0,0.3983998154497826,0.0,0.4139480060420079,0.0,0.0,0.0,0.0,0.4064801920000897,0.3786051919807368,0.0,0.0,0.0,0.0,0.0,0.458722455980245,0.4130525093888272,0.4305565564467332,0.0,0.0,0.0,0.0,0.3766870789302796
0.0,0.0,0.3332732495898427,0.3595395633345083,0.3388686103110662,0.3933498977346768,0.4028176749374584,0.3110322441357295,0.3524235211961545,0.0,0.0,0.0,0.3865878364533025,0.2390608151530807,0.0,0.0,0.0,0.0,0.2977661304137534,0.0,0.0,0.0,0.2580582247741657,0.0,0.0,0.0,0.3849471666687569,0.3851006273006159,0.0,0.0,0.3931649110772883,0.3948211461226353,0.0,0.3939684615297831,0.3648396831819056,0.2993557910941789,0.3789009036911543,0.0,0.0,0.0,0.0,0.0,0.4044052546706632,0.0,0.0,0.0,0.0,0.4694895385798752,0.0,0.0,0.4346923625895194,0.0,0.0,0.4680703785201258,0.0,0.4086648377154144,0.0,0.0,0.4252719850420721,0.0,0.0,0.0,0.0,0.4292312616486825,0.0,0.0,0.0,0.4466674446275495,0.0,0.0,0.0,0.4395517839861966,0.0,0.0,0.0,0.0
0.3771316543728271,0.0,0.0,0.0,0.0,0.0,0.0,0.0,0.0,0.2617739180402894,0.0,0.0,0.0,0.0,0.0,0.0,0.3495196344976026,0.3424269467536175,0.0,0.0,0.0,0.0,0.0,0.2583857535122538,0.325975454615811,0.2850849134444899,0.0,0.2978789544626358,0.0,0.0,0.3056457444939957,0.2811924911523396,0.2711683482887844,0.2200547714032525,0.2496642952918912,0.273297515291956,0.3010107830349823,0.2260342132102479,0.2722033416510249,0.3456567136269782,0.291943756092131,0.0,0.0,0.0,0.0,0.0,0.0,0.0,0.0,0.0,0.0,0.0,0.0,0.0,0.4040950312138778,0.0,0.4092017544581082,0.0,0.0,0.0,0.0,0.4102119150636838,0.3846855090882993,0.0,0.0,0.0,0.0,0.0,0.4493570989928503,0.4174718885739075,0.4347666084488137,0.0,0.0,0.0,0.0,0.3795786986064934
0.0,0.3880214300083369,0.3977220743645345,0.277663340419117,0.3300368631179718,0.3606361648336453,0.3293164564758137,0.3898410681988211,0.3557351158344723,0.3301820407692893,0.3865878364533025,0.0,0.0,0.3190911857807663,0.395878388148177,0.4158983191541145,0.0,0.4117249490267275,0.3962173788847045,0.4019620371280192,0.3973003059788239,0.4184737746301024,0.3813863230848403,0.0,0.3751553754421921,0.3920876485301849,0.392979712408199,0.3315053665850398,0.3798670750169804,0.3801083298817043,0.3748850861096683,0.3788971800180994,0.4072121983407965,0.3719096947062814,0.3556194927135113,0.2625930579739812,0.2716669672503105,0.3413813680084507,0.0,0.0,0.0,0.0,0.0,0.0,0.0,0.0,0.0,0.54804622038172,0.0,0.0,0.4715363094012091,0.0,0.0,0.0,0.0,0.0,0.0,0.0,0.0,0.0,0.0,0.0,0.0,0.0,0.0,0.0,0.0,0.4469968053531315,0.0,0.0,0.0,0.4557601994389666,0.0,0.0,0.0,0.0
0.0,0.0,0.4009510780244655,0.2867473754421632,0.2653288257385514,0.3777972862414135,0.324846545039153,0.3350233921258115,0.3788603232581228,0.0,0.2390608151530807,0.0,0.3190911857807663,0.0,0.0,0.0,0.0,0.0,0.3782093092539426,0.0,0.3954098538579034,0.0,0.3399112367626625,0.0,0.0,0.0,0.42523640767661,0.3023298569854787,0.0,0.0,0.0,0.0,0.0,0.0,0.0,0.1989391174415068,0.1817286596410502,0.0,0.0,0.0,0.0,0.0,0.0,0.0,0.0,0.0,0.0,0.0,0.0,0.0,0.0,0.0,0.0,0.0,0.0,0.0,0.0,0.0,0.0,0.0,0.0,0.0,0.0,0.0,0.0,0.0,0.0,0.0,0.0,0.0,0.0,0.0,0.0,0.0,0.0,0.0
0.3657901241665635,0.4043757362415883,0.0,0.0,0.0,0.3951774675054763,0.0,0.3478325857120541,0.0,0.0,0.0,0.0,0.395878388148177,0.0,0.0,0.4012942941974023,0.0,0.3936584153192293,0.0,0.3290418190685117,0.3625622978118311,0.3585673617404301,0.3449553620712627,0.0,0.3782168397891212,0.3736919824158512,0.4001985951056895,0.3673901759405142,0.3615011087827969,0.0,0.3910394263081492,0.4384757454910303,0.3837375008642988,0.425358166878797,0.4584246368235752,0.4796778099530141,0.0,0.0,0.4583738904843992,0.4135257843508473,0.4647779772100195,0.476865698877191,0.0,0.0,0.0,0.0,0.4786648743306273,0.0,0.0,0.0,0.0,0.0,0.0,0.0,0.0,0.0,0.0,0.0,0.0,0.4341656117280673,0.0,0.0,0.0,0.0,0.4531989920976907,0.4310806875834233,0.4499771623058319,0.417127400225065,0.0,0.0,0.4844349064996009,0.4132917818273,0.0,0.3985026564705599,0.0,0.0
0.3794404117269944,0.35824258687541,0.0,0.0,0.0,0.3727242391946324,0.4237015001157569,0.4476218662033425,0.0,0.3695755409291136,0.0,0.0,0.4158983191541145,0.0,0.4012942941974023,0.0,0.3677557491875758,0.3405534138094051,0.0,0.3942348416764386,0.3829336223193063,0.3690733235275586,0.3868852964040068,0.4087942968593767,0.3547253503008347,0.4084095197409734,0.3929252409879037,0.4177823164619323,0.4033829808038858,0.4114119242577009,0.3681889007710083,0.4393084174259674,0.3955120996374197,0.3793481519755994,0.4497492903112554,0.0,0.0,0.0,0.4545439420659855,0.4283314874122037,0.4364522748269768,0.4434320877863186,0.0,0.0,0.0,0.4164769652569124,0.4428202569024276,0.0,0.0,0.0,0.0,0.0,0.0,0.0,0.0,0.0,0.0,0.0,0.0,0.4656801113298788,0.4281294971314767,0.0,0.419172603129254,0.0,0.0,0.0,0.4445267892366494,0.0,0.0,0.436784444476601,0.4484505428283852,0.0,0.0,0.0,0.0,0.4260496787746777
0.3808056613910691,0.0,0.0,0.0,0.0,0.0,0.0,0.0,0.0,0.2805779003513335,0.0,0.3495196344976026,0.0,0.0,0.0,0.3677557491875758,0.0,0.3083753162048537,0.0,0.0,0.0,0.3960050496330135,0.0,0.3738075845988076,0.3137124856547346,0.3464668672376956,0.0,0.0,0.0,0.0,0.3266103396998017,0.4273683519323185,0.3525802054583541,0.347074440586221,0.369049815704154,0.0,0.0,0.0,0.0,0.3673433887323976,0.0,0.0,0.0,0.0,0.0,0.0,0.0,0.0,0.0,0.0,0.0,0.0,0.0,0.0,0.4326584248223965,0.0,0.4713602386592978,0.0,0.0,0.0,0.0,0.0,0.3825885136587139,0.0,0.0,0.0,0.0,0.0,0.4803786204551306,0.3848880489302993,0.4146126459233333,0.0,0.0,0.0,0.0,0.0
0.3599772405547717,0.3660294133251949,0.0,0.0,0.0,0.373995381029467,0.4270408353822939,0.0,0.0,0.3332491028140987,0.0,0.3424269467536175,0.4117249490267275,0.0,0.3936584153192293,0.3405534138094051,0.3083753162048537,0.0,0.0,0.3941816440773175,0.3795564052120274,0.3830255540422529,0.3986806675732476,0.3355404853481746,0.3237949089615958,0.3565996338599158,0.3884557390574605,0.4032670045999068,0.3941483470223001,0.0,0.3563938512775271,0.4276391926363698,0.3553122427485762,0.3698965346076179,0.3977483205961358,0.0,0.0,0.0,0.4075350234782603,0.3476746313833314,0.374323619198202,0.0,0.0,0.0,0.0,0.4051195941544527,0.4094666045774668,0.0,0.0,0.0,0.0,0.0,0.0,0.0,0.3833483745129575,0.0,0.4007796453997589,0.0,0.0,0.0,0.3877079577722535,0.3709386244445194,0.3697009507652848,0.0,0.0,0.0,0.3962020886986161,0.0,0.4489421185066267,0.3876853887435145,0.4103837269422468,0.0,0.0,0.0,0.0,0.3933839956580248
0.0,0.0,0.2958517459560482,0.0,0.3637225327315587,0.3666856154180377,0.4168863955891333,0.4646677850242213,0.288633842759346,0.0,0.2977661304137534,0.0,0.3962173788847045,0.3782093092539426,0.0,0.0,0.0,0.0,0.0,0.0,0.0,0.0,0.2801484005925927,0.0,0.0,0.0,0.3762177960184417,0.3883019568880526,0.0,0.0,0.4134316582539852,0.3750065584267393,0.0,0.420583822869189,0.3740479156246158,0.3837791068753384,0.3952289351201791,0.0,0.0,0.0,0.0,0.0,0.470864800374314,0.0,0.0,0.0,0.0,0.4979926564402986,0.0,0.0,0.484385362779448,0.0,0.5381075831038344,0.5264771860384874,0.0,0.4528849778637492,0.0,0.0,0.518087484593516,0.0,0.0,0.0,0.0,0.520452823638585,0.0,0.0,0.0,0.4906151638999555,0.0,0.0,0.0,0.4839364428827196,0.0,0.0,0.0,0.0
0.3741064008912913,0.3996941310915921,0.0,0.0,0.3668953560561516,0.388096894389781,0.4101562375921122,0.3531195065480689,0.3734206626007542,0.0,0.0,0.0,0.4019620371280192,0.0,0.3290418190685117,0.3942348416764386,0.0,0.3941816440773175,0.0,0.0,0.3802427760790804,0.3652566443265436,0.3202985570805521,0.0,0.3817523877980785,0.4128538705751149,0.3406454177976867,0.369842199197204,0.3156796484565668,0.3059840865851584,0.3620506095815885,0.4528132990059603,0.3803999051681885,0.4164310621415665,0.4440839801053116,0.4862100561936954,0.4510215195880817,0.0,0.4186086571573857,0.0,0.0,0.457501476956222,0.0,0.0,0.0,0.0,0.470110100403497,0.0,0.0,0.0,0.0,0.0,0.0,0.0,0.0,0.0,0.0,0.0,0.0,0.4219932846164119,0.0,0.0,0.0,0.0,0.3983238209171105,0.4141870656385573,0.4310144719546509,0.4119615330360299,0.0,0.0,0.456394195159065,0.39288919326926,0.0,0.4166962315371476,0.0,0.0
0.3522132977695827,0.3888096868143455,0.0,0.0,0.0,0.3827921623143197,0.0,0.3494650570078275,0.0,0.0,0.0,0.0,0.3973003059788239,0.3954098538579034,0.3625622978118311,0.3829336223193063,0.0,0.3795564052120274,0.0,0.3802427760790804,0.0,0.4017719543573229,0.3617899515369604,0.4427381326043908,0.3788223676662707,0.3785306035583884,0.3862398086531401,0.381508157563962,0.3625885067180991,0.375125484365447,0.3527188608483531,0.4185021958746957,0.3702013828920947,0.3884420646320492,0.4541578485718094,0.3996786046734515,0.0,0.0,0.4222815527710065,0.4006223858412568,0.426251380200933,0.4577176539505618,0.0,0.0,0.0,0.3407384736616936,0.4311638500775498,0.0,0.0,0.0,0.0,0.0,0.0,0.0,0.0,0.0,0.0,0.0,0.0,0.4266474319588269,0.438282630769037,0.0,0.0,0.0,0.4210210941662381,0.3352329477575334,0.4347060254346466,0.396135416418705,0.0,0.0,0.4554979001178573,0.4055142839837323,0.0,0.3013162103788777,0.0,0.0
0.3682239755427466,0.3749929446656206,0.0,0.0,0.3676957841728149,0.3934374343867672,0.4191219941451943,0.4184016943378415,0.3824602301991037,0.4023804214048873,0.0,0.0,0.4184737746301024,0.0,0.3585673617404301,0.3690733235275586,0.3960050496330135,0.3830255540422529,0.0,0.3652566443265436,0.4017719543573229,0.0,0.3825040408409408,0.0,0.3776222340042996,0.4056849950826534,0.4106333197698684,0.3909815367435315,0.389852353425634,0.2944068189302244,0.3643927238423173,0.4522826866080578,0.4075416230003736,0.4206104737313215,0.466808388630671,0.5253457458061317,0.0,0.0,0.4581022427448812,0.4436837673203095,0.462321044197554,0.4793162752469038,0.0,0.0,0.0,0.4114729140098248,0.4621526856320274,0.0,0.0,0.0,0.0,0.0,0.0,0.0,0.0,0.0,0.0,0.0,0.0,0.4604695118928703,0.4378409853331186,0.0,0.0,0.0,0.4483192474901942,0.4322740925016927,0.4646629763721691,0.4355266661691143,0.0,0.4363244939257593,0.4734128417636001,0.4386192981619859,0.0,0.4446255170696001,0.0,0.4518133727412949
0.4209893608492118,0.3856103844815575,0.308662647739691,0.3874012373139523,0.3754210372358141,0.394758730169214,0.3862345694246448,0.3286569473867251,0.3784225659846226,0.4063884879084828,0.2580582247741657,0.0,0.3813863230848403,0.3399112367626625,0.3449553620712627,0.3868852964040068,0.0,0.3986806675732476,0.2801484005925927,0.3202985570805521,0.3617899515369604,0.3825040408409408,0.0,0.4650406972623596,0.3973090696836586,0.4273395679199016,0.3431037856784495,0.3764688150336094,0.3448067609835369,0.357169530583748,0.3950212462902577,0.3893774178137986,0.3566343514245822,0.4113153260358967,0.4266130399034257,0.3564219356982287,0.400706001131444,0.0,0.4257974304349507,0.3548937504285022,0.4048143188348221,0.4413029348123805,0.466793238904286,0.0,0.0,0.0,0.4721724595632919,0.494841735149555,0.0,0.0,0.4468427226868429,0.4865671598147308,0.4363675601356739,0.4887483407192906,0.0,0.468610149562554,0.0,0.4687424497498679,0.0,0.415822831657698,0.0,0.0,0.0,0.494284527711836,0.4137703322714164,0.4181744961592223,0.4404699369293393,0.4318431140369188,0.0,0.0,0.4462942487402008,0.4437662378775626,0.4350989012047218,0.4009144205870303,0.4315967535283856,0.4284589058157262
0.3753204758696735,0.0,0.0,0.0,0.0,0.0,0.0,0.4765280912655475,0.0,0.3049415605031337,0.0,0.2583857535122538,0.0,0.0,0.0,0.4087942968593767,0.3738075845988076,0.3355404853481746,0.0,0.0,0.4427381326043908,0.0,0.4650406972623596,0.0,0.3404489541732252,0.3264809102470789,0.0,0.0,0.0,0.0,0.3156328347132485,0.3604546922391065,0.228807520033229,0.2215596546141511,0.2550033412372592,0.0,0.0,0.2246906678738233,0.0,0.3648736705366808,0.3182362316121794,0.0,0.0,0.0,0.0,0.4049768996496911,0.0,0.0,0.0,0.0,0.0,0.0,0.0,0.0,0.3980844874347489,0.0,0.4205466812653965,0.0,0.0,0.0,0.4216837764094065,0.4663525904489677,0.3903056931421988,0.0,0.0,0.0,0.0,0.0,0.5287994233564639,0.4223785441025832,0.4670789710482196,0.0,0.0,0.0,0.0,0.5271622756941712
0.3613972247675158,0.3561293751337449,0.0,0.0,0.0,0.3478096737517143,0.387302797009022,0.4300987233633786,0.0,0.3056053044900975,0.0,0.325975454615811,0.3751553754421921,0.0,0.3782168397891212,0.3547253503008347,0.3137124856547346,0.3237949089615958,0.0,0.3817523877980785,0.3788223676662707,0.3776222340042996,0.3973090696836586,0.3404489541732252,0.0,0.3413873485867398,0.3672554562708927,0.3791899394784675,0.3731430724008668,0.0,0.3490838957997567,0.4119844751798433,0.3373934507384543,0.355038503275393,0.3841459006128462,0.0,0.0,0.2842820944884902,0.4124486799600002,0.3835788533018301,0.4027547600470664,0.3961318266721451,0.0,0.0,0.0,0.4115808524573399,0.4088262293333907,0.0,0.0,0.0,0.0,0.0,0.0,0.0,0.3970249139769825,0.0,0.4166975823521414,0.0,0.0,0.0,0.3997148515029294,0.3968305498891735,0.3896748939992797,0.0,0.0,0.4835793349263091,0.4057617494569335,0.0,0.4615834120859116,0.4043382330146102,0.423850350894083,0.0,0.0,0.0,0.0,0.3975880110137621
0.3563235937879706,0.3945310552855219,0.0,0.0,0.0,0.3899360950254127,0.4049551070423514,0.448181964498185,0.0,0.3242206741059573,0.0,0.2850849134444899,0.3920876485301849,0.0,0.3736919824158512,0.4084095197409734,0.3464668672376956,0.3565996338599158,0.0,0.4128538705751149,0.3785306035583884,0.4056849950826534,0.4273395679199016,0.3264809102470789,0.3413873485867398,0.0,0.4288669056992389,0.3972268789976591,0.397409161524634,0.0,0.3719416778248124,0.4378360869893816,0.3739780191843243,0.4002482406867197,0.4462793366309836,0.5096263057860946,0.0,0.3103963782937308,0.4553661233149946,0.4138936926755744,0.4403056263298589,0.4771737914635592,0.0,0.0,0.0,0.4287601509648761,0.4363195354081327,0.0,0.0,0.0,0.0,0.0,0.0,0.0,0.4286068186006433,0.0,0.4339699356816466,0.0,0.0,0.4715334188034431,0.4299414920383977,0.4124784536735943,0.402378589796004,0.0,0.4704266443229249,0.4443855930303831,0.4732029379012543,0.4556553909445399,0.4644347848674648,0.4222036737448248,0.4407033346543395,0.0,0.0,0.0,0.0,0.4143500946782784
0.3976367035837388,0.3830147066800686,0.3373062648578638,0.0,0.4162743948937002,0.3580496025314025,0.4007160742364267,0.4290395579509815,0.3617889474897419,0.0,0.3849471666687569,0.0,0.392979712408199,0.42523640767661,0.4001985951056895,0.3929252409879037,0.0,0.3884557390574605,0.3762177960184417,0.3406454177976867,0.3862398086531401,0.4106333197698684,0.3431037856784495,0.0,0.3672554562708927,0.4288669056992389,0.0,0.3773613907393726,0.3526979853004826,0.3630431979627596,0.388916541355885,0.4011657482160626,0.3445824814838612,0.4076842836146272,0.4199604320422399,0.410869824325575,0.4021083371199795,0.0,0.4242587457222271,0.0,0.4369974435574391,0.0,0.4729342300286736,0.0,0.0,0.0,0.0,0.4949298176107494,0.0,0.0,0.4473381731417361,0.0,0.4716040350533889,0.5164218623853919,0.0,0.4751466129686949,0.0,0.0,0.0,0.4102458753399072,0.0,0.0,0.0,0.0,0.0,0.4097626766492225,0.0,0.4540200170032846,0.0,0.0,0.0,0.440516276733696,0.4514590136551942,0.4112112368486718,0.0,0.4207654986103878
0.4310646171187918,0.385704198784445,0.4080908092917391,0.255307825672884,0.3471344621122463,0.3548355364822992,0.3417539798113918,0.3793419711730392,0.4027503134630102,0.3468453289946804,0.3851006273006159,0.2978789544626358,0.3315053665850398,0.3023298569854787,0.3673901759405142,0.4177823164619323,0.0,0.4032670045999068,0.3883019568880526,0.369842199197204,0.381508157563962,0.3909815367435315,0.3764688150336094,0.0,0.3791899394784675,0.3972268789976591,0.3773613907393726,0.0,0.2982858108111997,0.2739358600721991,0.3320827516446762,0.37624950548439,0.3787137008680787,0.3603077090371464,0.3497138949125145,0.2326140771457074,0.248072882180369,0.3004561432864953,0.422715886546131,0.0,0.0,0.0,0.4687939037911963,0.0,0.0,0.0,0.0,0.0,0.0,0.0,0.4362211857839063,0.0,0.0,0.0,0.0,0.0,0.0,0.0,0.0,0.0,0.0,0.0,0.0,0.0,0.0,0.0,0.0,0.4335821633520585,0.0,0.0,0.0,0.4246968725511353,0.0,0.0,0.0,0.0
0.3996311848982459,0.3872728490767375,0.0,0.0,0.0,0.299545071182269,0.3920080340505585,0.3363079172252543,0.3481079021205309,0.0,0.0,0.0,0.3798670750169804,0.0,0.3615011087827969,0.4033829808038858,0.0,0.3941483470223001,0.0,0.3156796484565668,0.3625885067180991,0.389852353425634,0.3448067609835369,0.0,0.3731430724008668,0.397409161524634,0.3526979853004826,0.2982858108111997,0.0,0.2938453615293926,0.3652013687356747,0.4128282832352828,0.3552456201476079,0.4023847311985051,0.4323048414226808,0.538234728046877,0.5213239854416201,0.0,0.4099410227409664,0.0,0.0,0.4805876570352574,0.0,0.0,0.0,0.0,0.0,0.0,0.0,0.0,0.4139705767988677,0.0,0.0,0.0,0.0,0.0,0.0,0.0,0.0,0.3990292638287585,0.0,0.0,0.0,0.0,0.3995850171298451,0.3704531537464859,0.0,0.3982834590298617,0.0,0.0,0.467000182678278,0.4030987109191628,0.0,0.39878826291913,0.0,0.3962295537949155
0.0,0.0,0.0,0.0,0.0,0.3860616963387948,0.0,0.3766779730082403,0.0,0.0,0.0,0.0,0.3801083298817043,0.0,0.0,0.4114119242577009,0.0,0.0,0.0,0.3059840865851584,0.375125484365447,0.2944068189302244,0.357169530583748,0.0,0.0,0.0,0.3630431979627596,0.2739358600721991,0.2938453615293926,0.0,0.2715074938281843,0.4258231995284474,0.0,0.3410359286774457,0.3998891786500451,0.0,0.0,0.0,0.4116223272719329,0.0,0.0,0.0,0.0,0.0,0.0,0.0,0.0,0.0,0.0,0.0,0.0,0.0,0.0,0.0,0.0,0.0,0.0,0.0,0.0,0.0,0.0,0.0,0.0,0.0,0.0,0.0,0.0,0.4202358185113898,0.0,0.0,0.0,0.0,0.0,0.0,0.0,0.0
0.3482854810000873,0.3502743677765465,0.4131558394492168,0.0,0.3912061825910684,0.4060870162164104,0.398223164043254,0.4018956146369989,0.4052373363452538,0.304071154053465,0.3931649110772883,0.3056457444939957,0.3748850861096683,0.0,0.3910394263081492,0.3681889007710083,0.3266103396998017,0.3563938512775271,0.4134316582539852,0.3620506095815885,0.3527188608483531,0.3643927238423173,0.3950212462902577,0.3156328347132485,0.3490838957997567,0.3719416778248124,0.388916541355885,0.3320827516446762,0.3652013687356747,0.2715074938281843,0.0,0.4189943674602502,0.3359384019025966,0.2787324707586963,0.3185054175626845,0.2913011923217272,0.3038955908199521,0.2706689715078071,0.4370305541069234,0.3883577401450537,0.4305365153095887,0.0,0.0,0.0,0.0,0.4082451188039323,0.4305888725105111,0.0,0.0,0.0,0.4678729581557354,0.0,0.0,0.0,0.413612451085843,0.0,0.4174403184837026,0.0,0.0,0.4157147198625208,0.4222026684363749,0.0,0.3880348368702643,0.0,0.0,0.4452712438748957,0.4439939151658231,0.4290861063951645,0.4571904942930767,0.39778344608946,0.4369139352518247,0.4507275669686689,0.0,0.4217605356492511,0.0,0.0
0.4054307691756444,0.4137251201920075,0.3851775950063545,0.2181613103621409,0.3741920836503615,0.3861617231300256,0.3815381561353853,0.3929005084104554,0.3816271917465205,0.3398266115668641,0.3948211461226353,0.2811924911523396,0.3788971800180994,0.0,0.4384757454910303,0.4393084174259674,0.4273683519323185,0.4276391926363698,0.3750065584267393,0.4528132990059603,0.4185021958746957,0.4522826866080578,0.3893774178137986,0.3604546922391065,0.4119844751798433,0.4378360869893816,0.4011657482160626,0.37624950548439,0.4128282832352828,0.4258231995284474,0.4189943674602502,0.0,0.3412206846026337,0.3669327750866565,0.3290654087486964,0.2513090835196665,0.2981990320322865,0.2784398973849356,0.3473495722142233,0.3634149806542935,0.395833335448096,0.3185983673714456,0.2608337457471991,0.0,0.3123626697908541,0.4483117257192603,0.462858181602113,0.4929417697504994,0.0,0.0,0.4111300945859421,0.0,0.363803629586491,0.0,0.0,0.0,0.2257596660852417,0.0,0.0,0.4421142972202847,0.4477708684234392,0.0,0.4130461806807264,0.0,0.4253466475735445,0.4244976266105239,0.4602659707140354,0.4111055499471907,0.4513004335236619,0.4343514100422591,0.4685050271912288,0.404850163270909,0.4305671060405042,0.3904431063874068,0.0,0.3960181033886604
0.34892427979306,0.3688248408985755,0.0,0.0,0.0,0.3627274951707678,0.0,0.4769653961711577,0.0,0.2967675642732012,0.0,0.2711683482887844,0.4072121983407965,0.0,0.3837375008642988,0.3955120996374197,0.3525802054583541,0.3553122427485762,0.0,0.3803999051681885,0.3702013828920947,0.4075416230003736,0.3566343514245822,0.228807520033229,0.3373934507384543,0.3739780191843243,0.3445824814838612,0.3787137008680787,0.3552456201476079,0.0,0.3359384019025966,0.3412206846026337,0.0,0.2780812939820066,0.349838136372932,0.4745087018168856,0.275485475699032,0.2041228517826579,0.3520458989350106,0.3249709751854663,0.3907045309409847,0.4862004129812759,0.0,0.0,0.2514335699214244,0.4137007444283265,0.4461707537663613,0.0,0.0,0.0,0.0,0.0,0.0,0.0,0.3529845263523695,0.0,0.3728985254605073,0.0,0.0,0.4429320806934315,0.3959666199915174,0.3811247627047742,0.365399974160173,0.0,0.0,0.4270816043740763,0.469243353255266,0.0,0.4210126533316401,0.3826363441026696,0.4189396283873403,0.0,0.0,0.0,0.0,0.3605408774319492
0.3583443679392964,0.357091749406501,0.4138398185418553,0.0,0.3784996249630746,0.406825618976332,0.3970459839078078,0.3981967015162251,0.4072337444944832,0.2963393111354661,0.3939684615297831,0.2200547714032525,0.3719096947062814,0.0,0.425358166878797,0.3793481519755994,0.347074440586221,0.3698965346076179,0.420583822869189,0.4164310621415665,0.3884420646320492,0.4206104737313215,0.4113153260358967,0.2215596546141511,0.355038503275393,0.4002482406867197,0.4076842836146272,0.3603077090371464,0.4023847311985051,0.3410359286774457,0.2787324707586963,0.3669327750866565,0.2780812939820066,0.0,0.3403465100267984,0.3806399504044206,0.2828590222795945,0.2193766579564465,0.3609543904664262,0.3855739903729118,0.4435390479291271,0.4913314844243764,0.0,0.0,0.0,0.4090811702453285,0.4412716553961198,0.0,0.0,0.0,0.472097817406326,0.0,0.0,0.0,0.3732988196959863,0.0,0.2968668046557823,0.0,0.0,0.4605272960933768,0.4247800890541093,0.0,0.3818679196739014,0.0,0.4443313518002552,0.4499288818013682,0.4621342669309066,0.424827225349314,0.4377252262463986,0.3996817402261365,0.4462901587879091,0.4278430140893953,0.0,0.4515491602734089,0.0,0.4459205900535514
0.418861311938085,0.422980280435904,0.3934442123684704,0.2245786240153728,0.3594957236111039,0.4048183959471937,0.3821075902249544,0.4260188090171459,0.4046501000236777,0.2926577885651044,0.3648396831819056,0.2496642952918912,0.3556194927135113,0.0,0.4584246368235752,0.4497492903112554,0.369049815704154,0.3977483205961358,0.3740479156246158,0.4440839801053116,0.4541578485718094,0.466808388630671,0.4266130399034257,0.2550033412372592,0.3841459006128462,0.4462793366309836,0.4199604320422399,0.3497138949125145,0.4323048414226808,0.3998891786500451,0.3185054175626845,0.3290654087486964,0.349838136372932,0.3403465100267984,0.0,0.4078255170442793,0.2740541968282552,0.2362539172716181,0.2865790306408891,0.0,0.4504095239755849,0.3374991489457189,0.3014831268415858,0.0,0.0,0.0,0.4844089789867409,0.0,0.0,0.0,0.0,0.0,0.0,0.0,0.0,0.0,0.2565043072218775,0.0,0.0,0.4813739294364332,0.4510441596906185,0.0,0.3922667319077236,0.0,0.0,0.4830581899626363,0.486915058179608,0.4456962400237101,0.0,0.4223683990782066,0.4726252709520616,0.451586173732047,0.0,0.0,0.0,0.0
0.0,0.0,0.4010538868796594,0.1903325178326307,0.1960210441053798,0.3857376128455575,0.2675773740642764,0.2837817782146025,0.3894224475986099,0.2971557704316293,0.2993557910941789,0.273297515291956,0.2625930579739812,0.1989391174415068,0.4796778099530141,0.0,0.0,0.0,0.3837791068753384,0.4862100561936954,0.3996786046734515,0.5253457458061317,0.3564219356982287,0.0,0.0,0.5096263057860946,0.410869824325575,0.2326140771457074,0.538234728046877,0.0,0.2913011923217272,0.2513090835196665,0.4745087018168856,0.3806399504044206,0.4078255170442793,0.0,0.2186838414677852,0.2815489895598817,0.2875654964745778,0.2938876791588344,0.250910403151547,0.2420049499124077,0.3289504799219931,0.0,0.0,0.0,0.0,0.4515518738067263,0.0,0.0,0.0,0.443736692482798,0.0,0.0,0.0,0.3609151307224364,0.2129747804741411,0.0,0.3364769084934494,0.0,0.0,0.0,0.0,0.0,0.0,0.0,0.0,0.384838717785993,0.0,0.0,0.0,0.0,0.0,0.0,0.0,0.0
0.0,0.0,0.0,0.1893890848386921,0.2018807679046178,0.4039397825204706,0.2476858595718591,0.0,0.3920701723790258,0.3091991817916757,0.3789009036911543,0.3010107830349823,0.2716669672503105,0.1817286596410502,0.0,0.0,0.0,0.0,0.3952289351201791,0.4510215195880817,0.0,0.0,0.400706001131444,0.0,0.0,0.0,0.4021083371199795,0.248072882180369,0.5213239854416201,0.0,0.3038955908199521,0.2981990320322865,0.275485475699032,0.2828590222795945,0.2740541968282552,0.2186838414677852,0.0,0.3003225172309427,0.2790050836482149,0.0,0.0,0.2737387696605425,0.0,0.0,0.0,0.0,0.0,0.0,0.0,0.0,0.0,0.0,0.0,0.0,0.0,0.0,0.0,0.0,0.0,0.0,0.0,0.0,0.0,0.0,0.0,0.0,0.0,0.0,0.0,0.0,0.0,0.0,0.0,0.0,0.0,0.0
0.0,0.0,0.0,0.0,0.0,0.0,0.0,0.0,0.4004905460079819,0.2562382100085072,0.0,0.2260342132102479,0.3413813680084507,0.0,0.0,0.0,0.0,0.0,0.0,0.0,0.0,0.0,0.0,0.2246906678738233,0.2842820944884902,0.3103963782937308,0.0,0.3004561432864953,0.0,0.0,0.2706689715078071,0.2784398973849356,0.2041228517826579,0.2193766579564465,0.2362539172716181,0.2815489895598817,0.3003225172309427,0.0,0.2662994833363798,0.2600353479864121,0.2505200434156798,0.0,0.0,0.0,0.2162279364609676,0.0,0.0,0.0,0.0,0.0,0.0,0.0,0.0,0.0,0.3245917571757097,0.0,0.3399977322792393,0.0,0.0,0.0,0.0,0.0,0.0,0.0,0.0,0.0,0.0,0.0,0.4648517228209679,0.0,0.3935420589127111,0.0,0.0,0.0,0.0,0.0
0.4240275882257796,0.4458975737078914,0.0,0.0,0.0,0.4106390668194464,0.0,0.4093844691775081,0.0,0.402699017623449,0.0,0.2722033416510249,0.0,0.0,0.4583738904843992,0.4545439420659855,0.0,0.4075350234782603,0.0,0.4186086571573857,0.4222815527710065,0.4581022427448812,0.4257974304349507,0.0,0.4124486799600002,0.4553661233149946,0.4242587457222271,0.422715886546131,0.4099410227409664,0.4116223272719329,0.4370305541069234,0.3473495722142233,0.3520458989350106,0.3609543904664262,0.2865790306408891,0.2875654964745778,0.2790050836482149,0.2662994833363798,0.0,0.3419873793008129,0.40662920498775,0.4043452689483594,0.2228091321379602,0.2984345938384748,0.2850849371971505,0.4137439584192241,0.4151816426071145,0.3919619010377903,0.2809512206860675,0.3762159751051922,0.3924822895383101,0.3653214715168931,0.3936818497119553,0.4061886743506778,0.3191249968785251,0.3874240617166898,0.273711263743005,0.3752111632445119,0.182104969231055,0.4247672041745143,0.4327263349016385,0.4299168065092666,0.4192833490145493,0.392415315020479,0.4539346377387318,0.424420169245756,0.4324743763535009,0.3929712030472228,0.4247279432578366,0.4145849751215026,0.417467633032698,0.4232824021385918,0.3862600051201907,0.4299301622059346,0.379030223729035,0.3949347913464004
0.3833855413356501,0.4270136710287764,0.0,0.0,0.0,0.0,0.0,0.0,0.0,0.3397231579869575,0.0,0.3456567136269782,0.0,0.0,0.4135257843508473,0.4283314874122037,0.3673433887323976,0.3476746313833314,0.0,0.0,0.4006223858412568,0.4436837673203095,0.3548937504285022,0.3648736705366808,0.3835788533018301,0.4138936926755744,0.0,0.0,0.0,0.0,0.3883577401450537,0.3634149806542935,0.3249709751854663,0.3855739903729118,0.0,0.2938876791588344,0.0,0.2600353479864121,0.3419873793008129,0.0,0.2586089502685215,0.3858184685710709,0.2757869639636442,0.2745604729522314,0.2155849789603645,0.3468401094372233,0.3412295377995882,0.0,0.0,0.0,0.3799896460541187,0.3896265481949349,0.0,0.0,0.2871893183672371,0.0,0.2516604425184144,0.384735373256599,0.0,0.3406686162210984,0.3812894323324685,0.349992623881401,0.3398998276452006,0.0,0.3730018815336528,0.3329519610445309,0.3583516919181855,0.3268157191452447,0.2578955396297381,0.3145830310262353,0.3425006332228703,0.3436672940788556,0.3621662823719009,0.3671044768493319,0.0,0.2949619921243811
0.4191535699801814,0.439514331178718,0.0,0.0,0.0,0.4628137272697615,0.0,0.0,0.0,0.3640396762742572,0.0,0.291943756092131,0.0,0.0,0.4647779772100195,0.4364522748269768,0.0,0.374323619198202,0.0,0.0,0.426251380200933,0.462321044197554,0.4048143188348221,0.3182362316121794,0.4027547600470664,0.4403056263298589,0.4369974435574391,0.0,0.0,0.0,0.4305365153095887,0.395833335448096,0.3907045309409847,0.4435390479291271,0.4504095239755849,0.250910403151547,0.0,0.2505200434156798,0.40662920498775,0.2586089502685215,0.0,0.3961882704346977,0.3119024210263101,0.2836742005628884,0.2338830805033364,0.3825566564782261,0.3921585073442067,0.4149813953164708,0.2439034820980553,0.3544458711671748,0.4030379546143685,0.345341757724438,0.3922485250896366,0.4292653376150822,0.2968312052188933,0.3813713351618858,0.258276910969244,0.3664746738205273,0.0,0.4119673924743681,0.3824987030695907,0.3600032886261035,0.3730833757755158,0.3870745681705491,0.4110786714897363,0.4014807413568787,0.4031518285437331,0.4042227665399254,0.2402742676806572,0.3638207288572588,0.3892911861968686,0.4063577253597253,0.3715097698130405,0.3901840145582949,0.3559157340021009,0.2535474645556834
0.0,0.4543714878921714,0.0,0.0,0.0,0.0,0.0,0.0,0.0,0.0,0.0,0.0,0.0,0.0,0.476865698877191,0.4434320877863186,0.0,0.0,0.0,0.457501476956222,0.4577176539505618,0.4793162752469038,0.4413029348123805,0.0,0.3961318266721451,0.4771737914635592,0.0,0.0,0.4805876570352574,0.0,0.0,0.3185983673714456,0.4862004129812759,0.4913314844243764,0.3374991489457189,0.2420049499124077,0.2737387696605425,0.0,0.4043452689483594,0.3858184685710709,0.3961882704346977,0.0,0.3235346755512748,0.2584151936381254,0.3000945475616655,0.4041100469106107,0.4187001752724027,0.4224616123813293,0.2007316066889912,0.3117824595635929,0.4039725850447377,0.3236679602917839,0.4127309077307974,0.4095431851224579,0.3104377326624489,0.3679537329595556,0.3056864535153157,0.328532738767747,0.0,0.4463649743845793,0.4024213911334481,0.3569251901488209,0.3878699466978047,0.3754401577175023,0.4436722028543054,0.4605244226566016,0.4441515501364924,0.4087444842861487,0.2870559649073372,0.3765122676319758,0.4270244507249633,0.416990711134117,0.3369360181117393,0.4172035194875916,0.3838429507765569,0.2679108427107775
0.0,0.0,0.5117638408253956,0.0,0.0,0.4505191227640794,0.0,0.4156875210166423,0.4502747153138237,0.0,0.4044052546706632,0.0,0.0,0.0,0.0,0.0,0.0,0.0,0.470864800374314,0.0,0.0,0.0,0.466793238904286,0.0,0.0,0.0,0.4729342300286736,0.4687939037911963,0.0,0.0,0.0,0.2608337457471991,0.0,0.0,0.3014831268415858,0.3289504799219931,0.0,0.0,0.2228091321379602,0.2757869639636442,0.3119024210263101,0.3235346755512748,0.0,0.1912817452569412,0.2938040463879637,0.0,0.0,0.4043735144379635,0.1656839856309185,0.1775686701139608,0.376007481462786,0.2540532453055116,0.3716388760480138,0.4028774124952968,0.2718885117183372,0.30849960172044,0.2935884137021948,0.2893130058581706,0.1806131384047984,0.0,0.0,0.0,0.0,0.3782305707500346,0.5131519788177019,0.0,0.4812463536181677,0.3512814329825704,0.0,0.0,0.4318377397304592,0.3785611432206578,0.2443877502456876,0.0,0.0,0.2624924027041788
0.0,0.0,0.0,0.0,0.0,0.0,0.0,0.0,0.0,0.0,0.0,0.0,0.0,0.0,0.0,0.0,0.0,0.0,0.0,0.0,0.0,0.0,0.0,0.0,0.0,0.0,0.0,0.0,0.0,0.0,0.0,0.0,0.0,0.0,0.0,0.0,0.0,0.0,0.2984345938384748,0.2745604729522314,0.2836742005628884,0.2584151936381254,0.1912817452569412,0.0,0.2844904585908477,0.0,0.0,0.3945776689357894,0.1718819306509272,0.1830171914061465,0.3631514802923127,0.2827363198363073,0.3877209486971579,0.403841856167549,0.2339555053635201,0.3628452940293633,0.2836529121316858,0.3204723788031262,0.1498096371168735,0.0,0.0,0.0,0.0,0.3879744623508375,0.0,0.0,0.0,0.370796201638635,0.0,0.0,0.0,0.3674674903880615,0.2768571997716681,0.0,0.0,0.3393573105280962
0.0,0.0,0.0,0.0,0.0,0.0,0.0,0.0,0.0,0.3077101582924098,0.0,0.0,0.0,0.0,0.0,0.0,0.0,0.0,0.0,0.0,0.0,0.0,0.0,0.0,0.0,0.0,0.0,0.0,0.0,0.0,0.0,0.3123626697908541,0.2514335699214244,0.0,0.0,0.0,0.0,0.2162279364609676,0.2850849371971505,0.2155849789603645,0.2338830805033364,0.3000945475616655,0.2938040463879637,0.2844904585908477,0.0,0.0,0.0,0.0,0.0,0.0,0.0,0.0,0.0,0.0,0.2467906182588394,0.3490949734993931,0.2154683094051587,0.321908223601375,0.0,0.0,0.0,0.3690697249192967,0.0,0.0,0.0,0.0,0.0,0.0,0.2104826207975068,0.3270228271039297,0.3376303804507707,0.0,0.3105775955754624,0.0,0.0,0.2757869302893244
0.3930622722208654,0.4144664265498462,0.0,0.0,0.0,0.0,0.0,0.0,0.0,0.0,0.0,0.0,0.0,0.0,0.0,0.4164769652569124,0.0,0.4051195941544527,0.0,0.0,0.3407384736616936,0.4114729140098248,0.0,0.4049768996496911,0.4115808524573399,0.4287601509648761,0.0,0.0,0.0,0.0,0.4082451188039323,0.4483117257192603,0.4137007444283265,0.4090811702453285,0.0,0.0,0.0,0.0,0.4137439584192241,0.3468401094372233,0.3825566564782261,0.4041100469106107,0.0,0.0,0.0,0.0,0.3905820982360057,0.0,0.0,0.0,0.404204079364971,0.0,0.4247702315069888,0.0,0.362563786209866,0.0,0.3708381761583915,0.0,0.0,0.3524253198395982,0.3893871564064697,0.0,0.3538360599529291,0.0,0.3832381624072604,0.3622622014068616,0.3964188108309542,0.3954558068888242,0.329748711793989,0.367078824481106,0.3624283729739147,0.3812612433626081,0.4145700019025828,0.4058344144162313,0.0,0.3588534577438482
