0.0,0.3624291871418193,0.0,0.0,0.0,0.3842506451757594,0.0,0.4342500926327888,0.0,0.3472089103445489,0.0,0.3396426449027476,0.45561784049726,0.0,0.3468623293073504,0.3489926561795902,0.295088535591095,0.3229317782045636,0.0,0.3647500228498582,0.3744507671773169,0.3563546156191477,0.4002843005266971,0.3170323861450877,0.3418159216093832,0.3310600583506377,0.3748425409746081,0.4219875740655286,0.3931009665500059,0.0,0.2934164575004404,0.3540963569683938,0.2905633824046014,0.316357249562419,0.3788246592348935,0.0,0.0,0.372359366707687,0.4018368225200672,0.370555317617592,0.3781889673624226,0.0,0.0,0.0,0.0,0.3548490903807775,0.4189832953269354,0.0,0.0,0.0,0.0,0.0,0.0,0.0,0.4218575069832812,0.0,0.0,0.0,0.0,0.0,0.4040260123516638,0.0,0.3682409166552272,0.0,0.0,0.4373829152102516,0.4337527123193154,0.0,0.0,0.3689261731558532,0.4158747949955494,0.0,0.0,0.0,0.0,0.3862764335387348
0.3624291871418193,0.0,0.0,0.0,0.384830571996987,0.3479160884744323,0.3973763127275305,0.4197818054993376,0.3754312304213801,0.0,0.0,0.0,0.3989340358430797,0.0,0.3602679957330525,0.3706991593393939,0.3562097606126946,0.3454481752807525,0.0,0.3619556021953713,0.3646341679583036,0.3553330513354058,0.3633953673248199,0.0,0.3667432703344105,0.3422810538413606,0.3597364432952278,0.3861503379485567,0.3576672512859055,0.0,0.3299922080444468,0.360876727113243,0.3200897574565038,0.3365833694887453,0.3956413621509258,0.0,0.0,0.0,0.4095261604665539,0.3907512682013933,0.3842030797287149,0.4331074422823883,0.0,0.0,0.0,0.4121472892425065,0.4099514073852896,0.0,0.0,0.0,0.0,0.0,0.0,0.0,0.0,0.0,0.0,0.0,0.0,0.4189592532027086,0.4105349723648724,0.0,0.3787250846102163,0.0,0.0,0.4297664207873581,0.3997435054235352,0.4266544925064702,0.0,0.3969853227944898,0.4302398739497581,0.0,0.0,0.0,0.0,0.3888417668668295
0.0,0.0,0.0,0.0,0.3435963539878062,0.3483023883614961,0.3815827783540394,0.3903024336515033,0.2707001909021195,0.4474970983922594,0.2469785251136247,0.5806108458950912,0.3924351037010702,0.3288371724786645,0.0,0.0,0.0,0.0,0.2264930054519315,0.0,0.0,0.0,0.2705520525463626,0.0,0.0,0.0,0.2953214799451234,0.3970604544916342,0.0,0.0,0.4099533324951822,0.3776937448517413,0.0,0.4040636643592147,0.4200040770952471,0.3537906196457747,0.3849678899145556,0.0,0.0,0.0,0.0,0.0,0.43856620764781,0.0,0.0,0.0,0.0,0.3383796422664961,0.0,0.5134412245462345,0.4817632926158995,0.5290338739658675,0.4852675873098731,0.4933159361244026,0.0,0.4076548898490613,0.0,0.5316648688822876,0.4310418481178688,0.0,0.0,0.0,0.0,0.44511673016305,0.0,0.0,0.0,0.4942750452160829,0.0,0.0,0.0,0.491105929702207,0.0,0.0,0.0,0.0
0.0,0.0,0.0,0.0,0.1911238944120539,0.3679758925492789,0.2579499119062365,0.2859328035125509,0.3669125596154096,0.1652567991959205,0.3367584982972545,0.2596918312544913,0.2630530439611352,0.201185298161142,0.0,0.0,0.0,0.0,0.368015955348257,0.0,0.0,0.0,0.3517677305759595,0.0,0.0,0.0,0.3816447504069895,0.2012278155333462,0.0,0.0,0.0,0.2614446271267573,0.0,0.210912839053927,0.261184078311681,0.1663470984422939,0.1332089328793791,0.2617883247724586,0.0,0.0,0.0,0.0,0.0,0.0,0.0,0.0,0.0,0.0,0.0,0.0,0.0,0.0,0.0,0.0,0.0,0.0,0.0,0.0,0.0,0.0,0.0,0.0,0.0,0.0,0.0,0.0,0.0,0.0,0.0,0.0,0.0,0.0,0.0,0.0,0.0,0.0
0.0,0.384830571996987,0.3435963539878062,0.1911238944120539,0.0,0.3480309191123757,0.2930390232536291,0.320763881642863,0.3047107336154844,0.3847374996700578,0.304134850738735,0.3941473288001387,0.3435151702738388,0.2211284732094234,0.0,0.4259023184035804,0.0,0.0,0.3188322224867307,0.3531930291020397,0.0,0.3963140822384809,0.3543160668510428,0.0,0.0,0.4127993553653677,0.3684209035755394,0.3365726949759253,0.3754921603857176,0.0,0.396253206322566,0.3304915792315854,0.360654593817845,0.3800706778328349,0.3542550792403767,0.2324072755051601,0.2561386679349194,0.3629371952117529,0.0,0.0,0.0,0.0,0.376015059503746,0.0,0.0,0.0,0.0,0.4877159867216795,0.0,0.0,0.0,0.0,0.4406849352477658,0.0,0.0,0.0,0.0,0.0,0.0,0.0,0.0,0.0,0.0,0.536671905262097,0.0,0.0,0.0,0.4500699396041953,0.0,0.0,0.0,0.4945136492655724,0.0,0.0,0.0,0.0
0.3842506451757594,0.3479160884744323,0.3483023883614961,0.3679758925492789,0.3480309191123757,0.0,0.3722911951546341,0.3329509059667881,0.3019123448850686,0.3994498250060393,0.3344311390610006,0.4425184168198632,0.349875306012576,0.3170919776863266,0.3522469215663214,0.3786936231836493,0.0,0.3661272460444581,0.3512435442205264,0.3415104936839291,0.3546789505307459,0.372723216974299,0.3341227676333716,0.0,0.3527880793040663,0.3636998504158106,0.3188448977852655,0.3362206920025135,0.3008773178848207,0.3674670940046818,0.3914596674793714,0.3651069417384832,0.3373903512488561,0.3965621309513525,0.4082621020594287,0.3709306164475343,0.3845767769152767,0.4285990698681982,0.3989009177984201,0.0,0.452634371167693,0.0,0.0,0.0,0.0,0.0,0.0,0.469693803886426,0.0,0.5158948543566746,0.4209736297365279,0.4775330846949253,0.405907655182108,0.4623606306761533,0.0,0.4457770817489045,0.0,0.45597693582809,0.0,0.422349272428205,0.0,0.0,0.0,0.4870477098741573,0.422762755655831,0.4168925114563174,0.4301639095338639,0.4228950219618111,0.0,0.0,0.4422725363349878,0.4237956584557064,0.4278205562004484,0.4085107930742915,0.4794996507901199,0.4348524603327363
0.0,0.3973763127275305,0.3815827783540394,0.2579499119062365,0.2930390232536291,0.3722911951546341,0.0,0.3711881798564558,0.3348386519286342,0.3734151663483968,0.3862273621789225,0.3758518548601933,0.3116991937983115,0.2839863086619044,0.0,0.4174819281135447,0.4199828970976209,0.4061375501148279,0.3895899570357841,0.3936695307869554,0.0,0.4239721607892892,0.3662617276258637,0.0,0.3941366829282072,0.3941088252301475,0.3772408408247171,0.365790888065664,0.3939737578798133,0.0,0.3966639814517881,0.3611213335591993,0.3860438908901435,0.3763015686674325,0.4103309716898409,0.2924972638741572,0.2901597087911669,0.3532224553073285,0.0,0.0,0.0,0.0,0.0,0.0,0.0,0.0,0.0,0.5391234889474269,0.0,0.0,0.0,0.0,0.4796767071248131,0.5826116726296102,0.0,0.5603771530108762,0.0,0.0,0.0,0.0,0.0,0.0,0.0,0.606634783554956,0.0,0.0,0.0,0.4428839584223365,0.0,0.0,0.0,0.446813012310405,0.0,0.0,0.0,0.0
0.4342500926327888,0.4197818054993376,0.3903024336515033,0.2859328035125509,0.320763881642863,0.3329509059667881,0.3711881798564558,0.0,0.3920473853326042,0.4316272350322519,0.2546516305879745,0.507813995989145,0.3787183532967035,0.3087289171819862,0.2997004676595417,0.4202205287869683,0.0,0.4220195239505246,0.3308878427615295,0.3403401020222396,0.3437753599402334,0.3999419729630127,0.3031489310924808,0.4431878300245032,0.4107556618698363,0.4223224570289821,0.3558467809265233,0.3645846196061719,0.3148150266574604,0.35452749574879,0.382842889458283,0.3284931793332248,0.3946713382237213,0.3767755082321559,0.4015458595788216,0.2376102088987209,0.3304772547482611,0.0,0.4698726841594839,0.0,0.0,0.0,0.3715667393878714,0.0,0.0,0.0,0.0,0.4927290896808899,0.0,0.5117499581643831,0.0,0.471209210189146,0.4271644634019823,0.4896367384399175,0.0,0.4157996656273174,0.0,0.4500683775188867,0.0,0.4048115471088618,0.0,0.0,0.0,0.5022655619434705,0.4269869491750744,0.403172702744789,0.0,0.4455448353974164,0.0,0.0,0.0,0.4638485050633349,0.4390228719841628,0.4198513641865193,0.0,0.0
0.0,0.3754312304213801,0.2707001909021195,0.3669125596154096,0.3047107336154844,0.3019123448850686,0.3348386519286342,0.3920473853326042,0.0,0.4067717948080624,0.2717265825214973,0.419687296393551,0.3366844916903131,0.3536904859163356,0.0,0.4267047714394133,0.0,0.0,0.2206316361886112,0.3715440500969163,0.0,0.3975537539738777,0.3476324906142529,0.0,0.4128600225117151,0.4250485306454145,0.3424100249538466,0.3885440841019788,0.3591547063061205,0.0,0.4108977893811716,0.3741380695445866,0.4037218978612256,0.4028847721409914,0.4006665645591764,0.3671408594799303,0.3845670924437963,0.3971658499272374,0.0,0.0,0.0,0.0,0.4161767098445222,0.0,0.0,0.0,0.0,0.4934420635786447,0.0,0.0,0.4653558556991726,0.0,0.4591057603090989,0.536861016083835,0.0,0.4402261101251795,0.0,0.5589343185703869,0.4335273263403492,0.0,0.0,0.0,0.0,0.4914396591941611,0.0,0.0,0.0,0.4768725096724597,0.0,0.0,0.0,0.4723665993895385,0.0,0.0,0.0,0.0
0.3472089103445489,0.0,0.4474970983922594,0.1652567991959205,0.3847374996700578,0.3994498250060393,0.3734151663483968,0.4316272350322519,0.4067717948080624,0.0,0.4035774722337354,0.2708316367551261,0.3801306596330466,0.0,0.0,0.3378743556957658,0.317723398170098,0.318272066599934,0.4132070393610992,0.0,0.0,0.0,0.4026467602540782,0.2753475098232016,0.3053006278444065,0.295463410554978,0.4182118136185607,0.370065039465218,0.0,0.0,0.3040873775606286,0.3211654892120142,0.2563958981903123,0.2854295365816059,0.2981905208152194,0.2825500744018772,0.2050030925120534,0.2518960192395275,0.316047280130647,0.2880030280154049,0.2817638901838726,0.2708369081989897,0.0,0.0,0.2574245354352357,0.3898053870969271,0.0,0.0,0.0,0.0,0.0,0.0,0.0,0.0,0.3596534709752941,0.0,0.3621990843567364,0.3760543562143436,0.0,0.0,0.0,0.3580257979748191,0.3517317362590378,0.0,0.0,0.0,0.0,0.0,0.3514320343696535,0.3807036755849498,0.3928866967382798,0.0,0.3376147728193989,0.0,0.0,0.2900748849159998
0.0,0.0,0.2469785251136247,0.3367584982972545,0.304134850738735,0.3344311390610006,0.3862273621789225,0.2546516305879745,0.2717265825214973,0.4035774722337354,0.0,0.4021725222204374,0.3902327663860666,0.2554565810948162,0.0,0.0,0.0,0.0,0.2075385924284914,0.0,0.0,0.0,0.2361477739849068,0.4385095033577102,0.0,0.0,0.3411520872589665,0.3814862449515601,0.0,0.0,0.3950386147530137,0.3150706342299608,0.0,0.3946839310750627,0.3654804112296618,0.2379775996344553,0.372187806052446,0.3896613052889852,0.0,0.0,0.0,0.0,0.3655530020957799,0.0,0.0,0.0,0.0,0.4185477428389878,0.0,0.4147235258529206,0.0,0.4572166118154475,0.4116725537568556,0.4580022874761859,0.0,0.1690110659509296,0.0,0.4595142042750034,0.3052217642980972,0.0,0.0,0.0,0.0,0.1755582849775925,0.0,0.0,0.0,0.4587879695055866,0.0,0.0,0.0,0.4801869832516111,0.0,0.0,0.0,0.0
0.3396426449027476,0.0,0.5806108458950912,0.2596918312544913,0.3941473288001387,0.4425184168198632,0.3758518548601933,0.507813995989145,0.419687296393551,0.2708316367551261,0.4021725222204374,0.0,0.3750831709233511,0.0,0.0,0.0,0.3301174313631991,0.3309020234610259,0.462602223805885,0.0,0.4438677499791865,0.0,0.4547265592908413,0.2570739621583733,0.3157014673145147,0.2834719720357744,0.4790357910499421,0.3198271958392998,0.0,0.0,0.3118773987260831,0.2822644607823786,0.2558137922453422,0.2534878428401141,0.3177131548325346,0.2926226326653296,0.2708253943967016,0.225618776541234,0.237719552881284,0.3225039490199221,0.319840354735236,0.2706542099373352,0.0,0.0,0.306478916161209,0.0,0.0,0.0,0.0,0.0,0.0,0.0,0.0,0.0,0.3816533275935723,0.0,0.378981808272311,0.3906561178154495,0.0,0.0,0.0,0.3854839995823864,0.3686240950219066,0.0,0.0,0.0,0.0,0.0,0.3664086667462857,0.3970923636435985,0.4036007838141536,0.0,0.3605276300494998,0.0,0.0,0.3518004978381755
0.45561784049726,0.3989340358430797,0.3924351037010702,0.2630530439611352,0.3435151702738388,0.349875306012576,0.3116991937983115,0.3787183532967035,0.3366844916903131,0.3801306596330466,0.3902327663860666,0.3750831709233511,0.0,0.3107545052104801,0.3668058838174517,0.4224070538502941,0.3966293545714771,0.3990626769874132,0.3898090132928762,0.3856586099312262,0.3888723376560931,0.4244865969280809,0.3742818705652235,0.3722628892624217,0.3941185972111102,0.3982421025088821,0.385350525706777,0.3140253934551867,0.3687759323993639,0.3856927428038585,0.3777549257858577,0.3618579653651675,0.3716195608713568,0.368873252246249,0.3732427741644264,0.2926455638395387,0.2895161648840696,0.3432078334857799,0.4345715165560799,0.4348641015552795,0.0,0.0,0.0,0.0,0.0,0.0,0.0,0.5319723046376756,0.0,0.0,0.0,0.0,0.4443572503891136,0.0,0.0,0.5154595177549528,0.4312746275309504,0.0,0.0,0.0,0.0,0.0,0.0,0.0,0.0,0.0,0.0,0.4379109812855504,0.0,0.0,0.0,0.4348443624281538,0.0,0.4612887663332508,0.0,0.0
0.0,0.0,0.3288371724786645,0.201185298161142,0.2211284732094234,0.3170919776863266,0.2839863086619044,0.3087289171819862,0.3536904859163356,0.0,0.2554565810948162,0.0,0.3107545052104801,0.0,0.0,0.0,0.0,0.0,0.287471866897852,0.0,0.0,0.0,0.3042662438550885,0.0,0.0,0.0,0.3515540788288105,0.2337459370932942,0.0,0.0,0.3448928432261634,0.2257222085436014,0.0,0.2723095961440527,0.0,0.191304238559244,0.1397334282303176,0.0,0.0,0.0,0.0,0.0,0.3368473916529593,0.0,0.0,0.0,0.0,0.491921116735761,0.0,0.0,0.0,0.0,0.0,0.4610091027897769,0.0,0.395515339628139,0.0,0.0,0.0,0.0,0.0,0.0,0.0,0.0,0.0,0.0,0.0,0.4483431688156246,0.0,0.0,0.0,0.0,0.0,0.0,0.0,0.0
0.3468623293073504,0.3602679957330525,0.0,0.0,0.0,0.3522469215663214,0.0,0.2997004676595417,0.0,0.0,0.0,0.0,0.3668058838174517,0.0,0.0,0.3769318585584242,0.0,0.3594582805737512,0.0,0.2925922355807986,0.3389498855393368,0.3130384513540802,0.2871971351412788,0.4013407717908102,0.3728541681230645,0.3566189594253685,0.3141343034644679,0.3588784708999056,0.3255918785547214,0.0,0.3704554844805112,0.3818699537871675,0.3220327370501774,0.381790780851846,0.4194948684537359,0.0,0.0,0.0,0.4165824452418922,0.3805056596969073,0.4331747357419234,0.4470828293411487,0.5125318329215711,0.0,0.0,0.0,0.4389395372454852,0.0,0.0,0.0,0.418166394016551,0.0,0.3785898568223182,0.0,0.0,0.0,0.0,0.5533255737484221,0.0,0.4004696723245737,0.0,0.0,0.0,0.0,0.4035542685504964,0.4155804305898991,0.4230629070509316,0.418817541749923,0.0,0.0,0.4535363192916637,0.4140261733127684,0.4609713648803766,0.4238667614943332,0.0,0.4373265894447395
0.3489926561795902,0.3706991593393939,0.0,0.0,0.4259023184035804,0.3786936231836493,0.4174819281135447,0.4202205287869683,0.4267047714394133,0.3378743556957658,0.0,0.0,0.4224070538502941,0.0,0.3769318585584242,0.0,0.3353748471945767,0.3388867072989748,0.0,0.3540412667164871,0.3704953870282587,0.3551885821767984,0.3726980270329205,0.3371502525774867,0.3497495895870874,0.3652312956146224,0.3807349481660672,0.4019124111091407,0.3789504455098261,0.3910789979083357,0.3191295312467539,0.3616638300751032,0.3324856161646847,0.3223179984435063,0.3931685365807887,0.0,0.0,0.0,0.3916431597331323,0.3687877479289635,0.3663512044880753,0.4016380147656821,0.0,0.0,0.0,0.3875376291725582,0.401308742124464,0.0,0.0,0.0,0.0,0.0,0.0,0.0,0.0,0.0,0.0,0.0,0.0,0.0,0.3932555596506213,0.0,0.3664990475722808,0.0,0.0,0.4150651592232987,0.4037658787341913,0.0,0.0,0.3648458353745681,0.4008209891188819,0.0,0.0,0.0,0.0,0.3774813417951697
0.295088535591095,0.3562097606126946,0.0,0.0,0.0,0.0,0.4199828970976209,0.0,0.0,0.317723398170098,0.0,0.3301174313631991,0.3966293545714771,0.0,0.0,0.3353748471945767,0.0,0.3142394424105877,0.0,0.0,0.0,0.3615001197926354,0.0,0.3135828976852132,0.3141028161996462,0.3282402357044987,0.0,0.3843339224287361,0.0,0.0,0.3155473992413286,0.3579495048672898,0.2848559237157844,0.3106784302445574,0.3325489121000282,0.0,0.0,0.3162925180919029,0.0,0.3349195136587906,0.0,0.0,0.0,0.0,0.0,0.0,0.0,0.0,0.0,0.0,0.0,0.0,0.0,0.0,0.3629676822912001,0.0,0.3783488248886908,0.0,0.0,0.0,0.0,0.3787584334943142,0.3765715632205313,0.0,0.0,0.0,0.0,0.0,0.3899704745517883,0.3698173633249099,0.3887498376694472,0.0,0.0,0.0,0.0,0.0
0.3229317782045636,0.3454481752807525,0.0,0.0,0.0,0.3661272460444581,0.4061375501148279,0.4220195239505246,0.0,0.318272066599934,0.0,0.3309020234610259,0.3990626769874132,0.0,0.3594582805737512,0.3388867072989748,0.3142394424105877,0.0,0.0,0.3614250939790654,0.3968613511012255,0.3587325862633463,0.3880081503294103,0.3117672538453858,0.3310122733800175,0.3274891265606505,0.3746377718713344,0.3850695100621258,0.3731777963260406,0.0,0.3267308039417749,0.3692821312507715,0.2918334814219514,0.3128763789942764,0.3542362480459938,0.0,0.0,0.0,0.3639699272984657,0.3533537227965445,0.3472680706464757,0.3891073733502517,0.0,0.0,0.0,0.3706758960653802,0.3855708964955759,0.0,0.0,0.0,0.0,0.0,0.0,0.0,0.3652714359792108,0.0,0.369582972003411,0.0,0.0,0.0,0.3755304213016058,0.3737199385340314,0.3722268088281693,0.0,0.0,0.0,0.0,0.0,0.3813200290074517,0.3713391491052772,0.3921778165978734,0.0,0.0,0.0,0.0,0.3709493588248126
0.0,0.0,0.2264930054519315,0.368015955348257,0.3188322224867307,0.3512435442205264,0.3895899570357841,0.3308878427615295,0.2206316361886112,0.4132070393610992,0.2075385924284914,0.462602223805885,0.3898090132928762,0.287471866897852,0.0,0.0,0.0,0.0,0.0,0.0,0.0,0.0,0.2379171075665588,0.0,0.0,0.0,0.3377120816897416,0.3829592870842704,0.0,0.0,0.4049234169926675,0.3610432061934058,0.0,0.4005005711754088,0.3800063270191198,0.3279928028741451,0.3903601788430985,0.439385982725151,0.0,0.0,0.0,0.0,0.4051731770762742,0.0,0.0,0.0,0.0,0.4540411420196346,0.0,0.0,0.0,0.5486742689410713,0.4420874114016109,0.4937354625392172,0.0,0.4051872035108101,0.0,0.0,0.4199309090605399,0.0,0.0,0.0,0.0,0.4687038321061645,0.0,0.0,0.0,0.4673722568690252,0.0,0.0,0.0,0.490185701621873,0.0,0.0,0.0,0.0
0.3647500228498582,0.3619556021953713,0.0,0.0,0.3531930291020397,0.3415104936839291,0.3936695307869554,0.3403401020222396,0.3715440500969163,0.0,0.0,0.0,0.3856586099312262,0.0,0.2925922355807986,0.3540412667164871,0.0,0.3614250939790654,0.0,0.0,0.3536611118949579,0.3207034551666889,0.2908416620482577,0.0,0.3699876651975353,0.3717181612916557,0.3023535191080037,0.3428179130277813,0.2947920800110211,0.3301285589460082,0.3425818135655139,0.3947906799965859,0.3426665091827641,0.3705510622497032,0.4224768505891905,0.0,0.0,0.0,0.4208892600015201,0.3980587302701725,0.4308342660936541,0.4454715087668846,0.0,0.0,0.0,0.0,0.4156148574225199,0.0,0.0,0.0,0.0,0.0,0.4356319145953066,0.0,0.0,0.0,0.0,0.0,0.0,0.4113891745705819,0.0,0.0,0.0,0.0,0.4127184169524782,0.4092252724381341,0.4156981644295103,0.4226335617290248,0.0,0.0,0.4238802214309015,0.4059532054020487,0.4437586291964502,0.4188566868584488,0.0,0.4428549954759639
0.3744507671773169,0.3646341679583036,0.0,0.0,0.0,0.3546789505307459,0.0,0.3437753599402334,0.0,0.0,0.0,0.4438677499791865,0.3888723376560931,0.0,0.3389498855393368,0.3704953870282587,0.0,0.3968613511012255,0.0,0.3536611118949579,0.0,0.3577561565484699,0.3399210881925968,0.4245552002647863,0.392275537564916,0.374521573685523,0.348376453440295,0.3778332275252082,0.3433023938339243,0.0,0.3558201904543203,0.3642544312371912,0.3134226066598743,0.3643912717600928,0.4208506752741304,0.0,0.0,0.0,0.426343396783735,0.4226512609276168,0.4431212467837382,0.4724947168874556,0.0,0.0,0.0,0.3999903110378802,0.4468538600053297,0.0,0.0,0.0,0.0,0.0,0.4132211790210472,0.0,0.0,0.0,0.0,0.5350936233423353,0.0,0.4275326821735312,0.4292102062430777,0.0,0.0,0.0,0.4177070907263588,0.4186170878485482,0.4346250639047689,0.4170955754574564,0.0,0.0,0.4666636736486959,0.4291371867750924,0.4536247480171578,0.4236150528438426,0.0,0.4604132803388873
0.3563546156191477,0.3553330513354058,0.0,0.0,0.3963140822384809,0.372723216974299,0.4239721607892892,0.3999419729630127,0.3975537539738777,0.0,0.0,0.0,0.4244865969280809,0.0,0.3130384513540802,0.3551885821767984,0.3615001197926354,0.3587325862633463,0.0,0.3207034551666889,0.3577561565484699,0.0,0.3259994664955828,0.0,0.3857330195618739,0.3577658345795734,0.3553422562872015,0.388986091217928,0.3502628772540578,0.3606455201812708,0.352360887828232,0.3944447797357902,0.3261556957806434,0.368465474989386,0.4288965904466699,0.4535472436960899,0.4403411340929347,0.0,0.4062744235667428,0.3884084202105357,0.4066023749984034,0.4387761238673356,0.0,0.0,0.0,0.4164512759795516,0.4095823122432842,0.0,0.0,0.0,0.0,0.0,0.0,0.0,0.0,0.0,0.0,0.0,0.0,0.4281441989881556,0.4085106553155802,0.0,0.4029428935323204,0.0,0.4117107938987742,0.4234485338600506,0.412575608158801,0.4188777331571645,0.0,0.3798174942001872,0.4339056084201385,0.4189565250750601,0.5149126969813833,0.4203166821521907,0.0,0.4121134046986587
0.4002843005266971,0.3633953673248199,0.2705520525463626,0.3517677305759595,0.3543160668510428,0.3341227676333716,0.3662617276258637,0.3031489310924808,0.3476324906142529,0.4026467602540782,0.2361477739849068,0.4547265592908413,0.3742818705652235,0.3042662438550885,0.2871971351412788,0.3726980270329205,0.0,0.3880081503294103,0.2379171075665588,0.2908416620482577,0.3399210881925968,0.3259994664955828,0.0,0.4277984194630151,0.3792574336036809,0.3780795536025031,0.3084790888261963,0.3645143490166352,0.3246388883976653,0.3492880149906529,0.3770700123034561,0.354845852659197,0.3392094686341486,0.3853750931709868,0.4021603500159466,0.3180035883098518,0.3686146108036556,0.4307290737277126,0.4258774074046831,0.3463721324771232,0.4268224201086827,0.4257697948868168,0.4244959552626388,0.0,0.0,0.0,0.4378238186003839,0.48778948321105,0.0,0.4786624906311132,0.4176926393028844,0.4576618929670853,0.4446723429205044,0.4902662802972325,0.0,0.4376184083212363,0.0,0.438482241095702,0.4382206811106259,0.4061907821798578,0.0,0.0,0.0,0.4833106847264092,0.4226673152924125,0.4084424146727001,0.4140319341059787,0.4412376696203198,0.0,0.0,0.4302519172525782,0.4368650575062616,0.4313019454318835,0.4151782062738173,0.4283186139755558,0.4324430153350437
0.3170323861450877,0.0,0.0,0.0,0.0,0.0,0.0,0.4431878300245032,0.0,0.2753475098232016,0.4385095033577102,0.2570739621583733,0.3722628892624217,0.0,0.4013407717908102,0.3371502525774867,0.3135828976852132,0.3117672538453858,0.0,0.0,0.4245552002647863,0.0,0.4277984194630151,0.0,0.3112393597848085,0.313491814881254,0.0,0.3564132691154703,0.0,0.0,0.2991714011777054,0.3515691418081371,0.2516905309026064,0.2516481406276269,0.3244865393808093,0.0,0.0,0.2231823893503634,0.3527175617516174,0.3144053258660148,0.3323405456327821,0.0,0.0,0.0,0.2377589883586767,0.3385320295792912,0.0,0.0,0.0,0.0,0.0,0.0,0.0,0.0,0.3619314094305905,0.0,0.3657863607825196,0.0,0.0,0.0,0.3875303492927637,0.3896986249209297,0.3711008861649956,0.0,0.0,0.0,0.0,0.0,0.3595687886222073,0.38031576748232,0.3981533577184168,0.0,0.0,0.0,0.0,0.3360566293903156
0.3418159216093832,0.3667432703344105,0.0,0.0,0.0,0.3527880793040663,0.3941366829282072,0.4107556618698363,0.4128600225117151,0.3053006278444065,0.0,0.3157014673145147,0.3941185972111102,0.0,0.3728541681230645,0.3497495895870874,0.3141028161996462,0.3310122733800175,0.0,0.3699876651975353,0.392275537564916,0.3857330195618739,0.3792574336036809,0.3112393597848085,0.0,0.3242522590171518,0.3604097951370302,0.3689284087785489,0.3601451630144022,0.0,0.3076227706756949,0.3487636626132624,0.2735232336255978,0.2856489621576414,0.3307664500037059,0.0,0.0,0.2851909609489064,0.3932581056550376,0.3686577980319945,0.3658530917427131,0.4060017901740197,0.0,0.0,0.0,0.3925825873202124,0.3929770916976373,0.0,0.0,0.0,0.0,0.0,0.0,0.0,0.3745270928499842,0.0,0.3757854661186879,0.0,0.0,0.0,0.3995911382869311,0.3710033984559798,0.3779031898945004,0.0,0.0,0.0,0.0,0.0,0.379249225184903,0.378704493563681,0.3999112850010807,0.0,0.0,0.0,0.0,0.372894719953401
0.3310600583506377,0.3422810538413606,0.0,0.0,0.4127993553653677,0.3636998504158106,0.3941088252301475,0.4223224570289821,0.4250485306454145,0.295463410554978,0.0,0.2834719720357744,0.3982421025088821,0.0,0.3566189594253685,0.3652312956146224,0.3282402357044987,0.3274891265606505,0.0,0.3717181612916557,0.374521573685523,0.3577658345795734,0.3780795536025031,0.313491814881254,0.3242522590171518,0.0,0.3694455972529674,0.3790520451726434,0.3600781233076741,0.0,0.3379402357010203,0.3927695548200436,0.3295937769097279,0.3496193753659237,0.426941556941906,0.3646814818626828,0.0,0.2897691747241399,0.4182517697875762,0.3887352164886291,0.4000814880836552,0.4478700629308885,0.0,0.0,0.3014985705072864,0.3997101778835996,0.4288312590689377,0.0,0.0,0.0,0.0,0.0,0.0,0.0,0.3792739275850235,0.0,0.3820981717760172,0.0,0.0,0.4554474725143404,0.4109127825999928,0.3754017807911846,0.3814939227516562,0.0,0.4302392519782576,0.4597401144166968,0.4454926183769324,0.4367242642931202,0.3859298754651504,0.3841370338201811,0.4254460516511394,0.0,0.3944001640709586,0.0,0.0,0.3846688918366095
0.3748425409746081,0.3597364432952278,0.2953214799451234,0.3816447504069895,0.3684209035755394,0.3188448977852655,0.3772408408247171,0.3558467809265233,0.3424100249538466,0.4182118136185607,0.3411520872589665,0.4790357910499421,0.385350525706777,0.3515540788288105,0.3141343034644679,0.3807349481660672,0.0,0.3746377718713344,0.3377120816897416,0.3023535191080037,0.348376453440295,0.3553422562872015,0.3084790888261963,0.0,0.3604097951370302,0.3694455972529674,0.0,0.3729347125781974,0.3303160716272624,0.3440263401863889,0.3663736599219995,0.3680774399830322,0.3330112484178209,0.3850266780851989,0.4054018957506803,0.3750296708340255,0.3909072021429635,0.4615073665427255,0.4121522246040575,0.0,0.4412301303244392,0.4489166102341072,0.427180647628777,0.0,0.0,0.0,0.0,0.4897100907220412,0.0,0.5216481012463634,0.4233238694158838,0.4821155280974345,0.4535364029901998,0.490665131619667,0.0,0.4689484913570089,0.0,0.4475914426902567,0.0,0.395003824189036,0.0,0.0,0.0,0.5166026619282705,0.4186814557307023,0.4043345405666776,0.4123982798401409,0.4520374611329825,0.0,0.0,0.4348887146791028,0.4350708874630605,0.4256553764986137,0.4155402980805702,0.0,0.4326776335969508
0.4219875740655286,0.3861503379485567,0.3970604544916342,0.2012278155333462,0.3365726949759253,0.3362206920025135,0.365790888065664,0.3645846196061719,0.3885440841019788,0.370065039465218,0.3814862449515601,0.3198271958392998,0.3140253934551867,0.2337459370932942,0.3588784708999056,0.4019124111091407,0.3843339224287361,0.3850695100621258,0.3829592870842704,0.3428179130277813,0.3778332275252082,0.388986091217928,0.3645143490166352,0.3564132691154703,0.3689284087785489,0.3790520451726434,0.3729347125781974,0.0,0.3165100410062717,0.2864235384400384,0.3428419317780948,0.3414273945931372,0.3163516527413658,0.334431188685294,0.3058163361812712,0.2529148994356596,0.2470196910607887,0.2942766045633482,0.4225819816330047,0.0,0.4448838495655,0.0,0.0,0.0,0.0,0.0,0.0,0.0,0.0,0.0,0.4383010931547041,0.0,0.4275249493960576,0.0,0.385733393227891,0.0,0.3999230229843092,0.0,0.0,0.4400243196204967,0.0,0.0,0.0,0.0,0.4313793120501853,0.4492168034503161,0.0,0.4291698639299945,0.0,0.0,0.0,0.4242629344229733,0.4525248135695981,0.428240141770432,0.0,0.4674193667947409
0.3931009665500059,0.3576672512859055,0.0,0.0,0.3754921603857176,0.3008773178848207,0.3939737578798133,0.3148150266574604,0.3591547063061205,0.0,0.0,0.0,0.3687759323993639,0.0,0.3255918785547214,0.3789504455098261,0.0,0.3731777963260406,0.0,0.2947920800110211,0.3433023938339243,0.3502628772540578,0.3246388883976653,0.0,0.3601451630144022,0.3600781233076741,0.3303160716272624,0.3165100410062717,0.0,0.3158411659718396,0.3302462574919541,0.364416758137122,0.3025508296156918,0.3668984582009634,0.4038046428947323,0.0,0.0,0.0,0.4120294245419905,0.0,0.4431536223910213,0.4651197628200114,0.0,0.0,0.0,0.0,0.0,0.0,0.0,0.0,0.4128216449711531,0.0,0.4240421521139733,0.0,0.0,0.0,0.0,0.4649751073273403,0.0,0.4014375650946103,0.0,0.0,0.0,0.0,0.4166524755009755,0.405041490254414,0.4154757045570348,0.4112757867401777,0.0,0.0,0.4225252295831784,0.404578576160752,0.4302374768315755,0.4136976106963123,0.4471272494763583,0.4303312815095213
0.0,0.0,0.0,0.0,0.0,0.3674670940046818,0.0,0.35452749574879,0.0,0.0,0.0,0.0,0.3856927428038585,0.0,0.0,0.3910789979083357,0.0,0.0,0.0,0.3301285589460082,0.0,0.3606455201812708,0.3492880149906529,0.0,0.0,0.0,0.3440263401863889,0.2864235384400384,0.3158411659718396,0.0,0.3195154858324506,0.351891797326307,0.0,0.3507787404883614,0.3777247798566666,0.0,0.0,0.0,0.0,0.0,0.0,0.0,0.0,0.0,0.0,0.0,0.0,0.0,0.0,0.0,0.0,0.0,0.0,0.0,0.0,0.0,0.0,0.0,0.0,0.0,0.0,0.0,0.0,0.0,0.0,0.0,0.0,0.4346490914909121,0.0,0.0,0.0,0.0,0.0,0.4631042906426062,0.0,0.0
0.2934164575004404,0.3299922080444468,0.4099533324951822,0.0,0.396253206322566,0.3914596674793714,0.3966639814517881,0.382842889458283,0.4108977893811716,0.3040873775606286,0.3950386147530137,0.3118773987260831,0.3777549257858577,0.3448928432261634,0.3704554844805112,0.3191295312467539,0.3155473992413286,0.3267308039417749,0.4049234169926675,0.3425818135655139,0.3558201904543203,0.352360887828232,0.3770700123034561,0.2991714011777054,0.3076227706756949,0.3379402357010203,0.3663736599219995,0.3428419317780948,0.3302462574919541,0.3195154858324506,0.0,0.3500533930774971,0.2972874957404572,0.272275016962786,0.3226911205380174,0.3521754569064669,0.3445072056537442,0.2687992730525512,0.4082438948595381,0.3057478336629543,0.3432322356491527,0.0,0.0,0.0,0.0,0.0,0.3737591253465238,0.0,0.0,0.0,0.0,0.0,0.4420410960135429,0.0,0.3566373713253577,0.0,0.3479810136157819,0.0,0.0,0.3915956358329584,0.3647917861912113,0.373527269007907,0.3659593142175031,0.0,0.4354125102564176,0.4217173545578032,0.4075912346230602,0.4295350751526302,0.339369483846439,0.3583369421213341,0.3736657642413181,0.4315411029806345,0.4761468932178111,0.4371288103794783,0.0,0.3768577279710451
0.3540963569683938,0.360876727113243,0.3776937448517413,0.2614446271267573,0.3304915792315854,0.3651069417384832,0.3611213335591993,0.3284931793332248,0.3741380695445866,0.3211654892120142,0.3150706342299608,0.2822644607823786,0.3618579653651675,0.2257222085436014,0.3818699537871675,0.3616638300751032,0.3579495048672898,0.3692821312507715,0.3610432061934058,0.3947906799965859,0.3642544312371912,0.3944447797357902,0.354845852659197,0.3515691418081371,0.3487636626132624,0.3927695548200436,0.3680774399830322,0.3414273945931372,0.364416758137122,0.351891797326307,0.3500533930774971,0.0,0.3173079767263156,0.3383034528526175,0.3498486454849845,0.25794183835868,0.272699980032992,0.2529306180660619,0.283031364007429,0.2394799434356009,0.2607922816163669,0.3019822791773148,0.3027742208759023,0.2715487808440028,0.2141256322034315,0.3962109820114933,0.3957946409203046,0.4767796599222717,0.0,0.0,0.4059941777077957,0.0,0.409112311041078,0.4682294891310168,0.3052298615681738,0.4116959728001366,0.2131571589518945,0.4399403167179632,0.0,0.4141646141514005,0.3992942781032907,0.3890273340835342,0.3792265537947608,0.0,0.4110892022670778,0.4172085389268655,0.4049072595325501,0.4110759121273513,0.0,0.379771817606838,0.4081092033823436,0.4095989653820078,0.4083247963161665,0.4076160600042574,0.0,0.4237302718846812
0.2905633824046014,0.3200897574565038,0.0,0.0,0.360654593817845,0.3373903512488561,0.3860438908901435,0.3946713382237213,0.4037218978612256,0.2563958981903123,0.0,0.2558137922453422,0.3716195608713568,0.0,0.3220327370501774,0.3324856161646847,0.2848559237157844,0.2918334814219514,0.0,0.3426665091827641,0.3134226066598743,0.3261556957806434,0.3392094686341486,0.2516905309026064,0.2735232336255978,0.3295937769097279,0.3330112484178209,0.3163516527413658,0.3025508296156918,0.0,0.2972874957404572,0.3173079767263156,0.0,0.2169438704530069,0.4054656197033455,0.2872050170980796,0.3476314371996698,0.1877429400008553,0.2783969449415401,0.2509561481205209,0.2961200789294871,0.346011655762555,0.0,0.0,0.2252687132473066,0.358831797615658,0.3958198531413215,0.0,0.0,0.0,0.0,0.0,0.0,0.0,0.3052683063207782,0.0,0.2986495443809754,0.0,0.0,0.4224851667578214,0.3782911497685762,0.3414180904460086,0.3579778827210104,0.0,0.3859705626731634,0.4194382229962544,0.4072588646977219,0.3830639311610608,0.2925687781913679,0.3530324822142707,0.3836794457360878,0.0,0.3406574048456889,0.0,0.0,0.3080006055556182
0.316357249562419,0.3365833694887453,0.4040636643592147,0.210912839053927,0.3800706778328349,0.3965621309513525,0.3763015686674325,0.3767755082321559,0.4028847721409914,0.2854295365816059,0.3946839310750627,0.2534878428401141,0.368873252246249,0.2723095961440527,0.381790780851846,0.3223179984435063,0.3106784302445574,0.3128763789942764,0.4005005711754088,0.3705510622497032,0.3643912717600928,0.368465474989386,0.3853750931709868,0.2516481406276269,0.2856489621576414,0.3496193753659237,0.3850266780851989,0.334431188685294,0.3668984582009634,0.3507787404883614,0.272275016962786,0.3383034528526175,0.2169438704530069,0.0,0.27980027248823,0.2968981595665346,0.2482122873510618,0.2114010819941483,0.3113273356496591,0.2814885038286849,0.3116510214669917,0.292236358752564,0.0,0.0,0.2336714803706346,0.366026879071388,0.3990686436773522,0.0,0.0,0.0,0.0,0.0,0.445687143624054,0.0,0.3284561576032682,0.0,0.3228300592624321,0.0,0.0,0.4278933574281994,0.3820951270935867,0.3747136081213531,0.3586566472578051,0.0,0.4314795972989699,0.4299409570235195,0.4184318347774215,0.4345822093030261,0.31296985862513,0.3563202810569877,0.3910035503740584,0.4337129131657728,0.4624389269507925,0.4435709462249633,0.0,0.3328847440448082
0.3788246592348935,0.3956413621509258,0.4200040770952471,0.261184078311681,0.3542550792403767,0.4082621020594287,0.4103309716898409,0.4015458595788216,0.4006665645591764,0.2981905208152194,0.3654804112296618,0.3177131548325346,0.3732427741644264,0.0,0.4194948684537359,0.3931685365807887,0.3325489121000282,0.3542362480459938,0.3800063270191198,0.4224768505891905,0.4208506752741304,0.4288965904466699,0.4021603500159466,0.3244865393808093,0.3307664500037059,0.426941556941906,0.4054018957506803,0.3058163361812712,0.4038046428947323,0.3777247798566666,0.3226911205380174,0.3498486454849845,0.4054656197033455,0.27980027248823,0.0,0.2913486685665289,0.3312710353525371,0.2699285448000485,0.2567579548374366,0.2559460127392162,0.2997100327438788,0.3379840357417656,0.0,0.0,0.0,0.0,0.417475337465316,0.0,0.0,0.0,0.0,0.0,0.0,0.0,0.0,0.0,0.3408600963936892,0.0,0.0,0.4471341901783615,0.4208231102769398,0.0,0.0,0.0,0.0,0.0,0.4387585585460477,0.4432760751493129,0.0,0.3867144467411589,0.4289809462545035,0.4262195508062862,0.0,0.4722382651972239,0.0,0.0
0.0,0.0,0.3537906196457747,0.1663470984422939,0.2324072755051601,0.3709306164475343,0.2924972638741572,0.2376102088987209,0.3671408594799303,0.2825500744018772,0.2379775996344553,0.2926226326653296,0.2926455638395387,0.191304238559244,0.0,0.0,0.0,0.0,0.3279928028741451,0.0,0.0,0.4535472436960899,0.3180035883098518,0.0,0.0,0.3646814818626828,0.3750296708340255,0.2529148994356596,0.0,0.0,0.3521754569064669,0.25794183835868,0.2872050170980796,0.2968981595665346,0.2913486685665289,0.0,0.193329085039897,0.2835757650729614,0.2697614137663457,0.0,0.0,0.2963159201756763,0.3108910413251344,0.0,0.0,0.0,0.0,0.4724623608731727,0.0,0.4836919209092242,0.0,0.5074486020784986,0.386378425498388,0.4555689024763649,0.0,0.3766621989471403,0.0,0.0,0.0,0.0,0.0,0.0,0.0,0.4431702305211122,0.0,0.0,0.0,0.4410954845541971,0.0,0.0,0.0,0.4812250159701146,0.0,0.0,0.0,0.0
0.0,0.0,0.3849678899145556,0.1332089328793791,0.2561386679349194,0.3845767769152767,0.2901597087911669,0.3304772547482611,0.3845670924437963,0.2050030925120534,0.372187806052446,0.2708253943967016,0.2895161648840696,0.1397334282303176,0.0,0.0,0.0,0.0,0.3903601788430985,0.0,0.0,0.4403411340929347,0.3686146108036556,0.0,0.0,0.0,0.3909072021429635,0.2470196910607887,0.0,0.0,0.3445072056537442,0.272699980032992,0.3476314371996698,0.2482122873510618,0.3312710353525371,0.193329085039897,0.0,0.2635527149746673,0.2350274340228998,0.0,0.0,0.0,0.0,0.0,0.0,0.0,0.0,0.0,0.0,0.0,0.0,0.0,0.0,0.0,0.0,0.0,0.0,0.0,0.0,0.0,0.0,0.0,0.0,0.0,0.0,0.0,0.0,0.0,0.0,0.0,0.0,0.0,0.0,0.0,0.0,0.0
0.372359366707687,0.0,0.0,0.2617883247724586,0.3629371952117529,0.4285990698681982,0.3532224553073285,0.0,0.3971658499272374,0.2518960192395275,0.3896613052889852,0.225618776541234,0.3432078334857799,0.0,0.0,0.0,0.3162925180919029,0.0,0.439385982725151,0.0,0.0,0.0,0.4307290737277126,0.2231823893503634,0.2851909609489064,0.2897691747241399,0.4615073665427255,0.2942766045633482,0.0,0.0,0.2687992730525512,0.2529306180660619,0.1877429400008553,0.2114010819941483,0.2699285448000485,0.2835757650729614,0.2635527149746673,0.0,0.2314480629614373,0.2385739660913933,0.2495695739510472,0.2793151362793559,0.0,0.0,0.2204878260553406,0.0,0.0,0.0,0.0,0.0,0.0,0.0,0.0,0.0,0.2991798447812965,0.0,0.2727595434814379,0.0,0.0,0.0,0.0,0.0,0.0,0.0,0.0,0.0,0.0,0.0,0.2833817679217758,0.3270802447827513,0.307875530185325,0.0,0.3432510558290561,0.0,0.0,0.0
0.4018368225200672,0.4095261604665539,0.0,0.0,0.0,0.3989009177984201,0.0,0.4698726841594839,0.0,0.316047280130647,0.0,0.237719552881284,0.4345715165560799,0.0,0.4165824452418922,0.3916431597331323,0.0,0.3639699272984657,0.0,0.4208892600015201,0.426343396783735,0.4062744235667428,0.4258774074046831,0.3527175617516174,0.3932581056550376,0.4182517697875762,0.4121522246040575,0.4225819816330047,0.4120294245419905,0.0,0.4082438948595381,0.283031364007429,0.2783969449415401,0.3113273356496591,0.2567579548374366,0.2697614137663457,0.2350274340228998,0.2314480629614373,0.0,0.3005845010605663,0.3354664600997205,0.3309075773413999,0.2711487764766074,0.2905351319032879,0.2251127076396053,0.3557820784943765,0.3798896000366125,0.3653725167474124,0.2809724864569279,0.3376263226249956,0.3698929082623698,0.3469735392485036,0.3688236326028258,0.3605459566415129,0.3100913783658743,0.3202352330518536,0.2532600129369536,0.3457433566450579,0.2267657737246751,0.4035619326027598,0.3789425706595588,0.3377055798528173,0.3468002485130594,0.32711907480869,0.398080847001287,0.3780261920396844,0.4131049897373254,0.363082799965778,0.2951264234186059,0.3407005371798925,0.3910604846344885,0.3725405700595584,0.3261069843232569,0.3665694633053508,0.3490495391779904,0.3581110012671032
0.370555317617592,0.3907512682013933,0.0,0.0,0.0,0.0,0.0,0.0,0.0,0.2880030280154049,0.0,0.3225039490199221,0.4348641015552795,0.0,0.3805056596969073,0.3687877479289635,0.3349195136587906,0.3533537227965445,0.0,0.3980587302701725,0.4226512609276168,0.3884084202105357,0.3463721324771232,0.3144053258660148,0.3686577980319945,0.3887352164886291,0.0,0.0,0.0,0.0,0.3057478336629543,0.2394799434356009,0.2509561481205209,0.2814885038286849,0.2559460127392162,0.0,0.0,0.2385739660913933,0.3005845010605663,0.0,0.2292725007642312,0.36869528413843,0.4675348163787155,0.2331734363784719,0.1753691985993186,0.2687741550290579,0.3074519708873177,0.0,0.0,0.0,0.3511074323337377,0.3674745249559511,0.4146938980163065,0.3926751351252734,0.2585871838018925,0.3843002116986694,0.2179725965449513,0.3526413224682364,0.0,0.3616182874284498,0.3210715081134166,0.2813324280780269,0.2721667879458984,0.0,0.3364660898966995,0.3231201603823567,0.3481977828523014,0.3467575284499192,0.237429849225814,0.2515474598191029,0.3110069718803939,0.3532947234099536,0.2931534770891638,0.2907914619166022,0.0,0.2771158333613581
0.3781889673624226,0.3842030797287149,0.0,0.0,0.0,0.452634371167693,0.0,0.0,0.0,0.2817638901838726,0.0,0.319840354735236,0.0,0.0,0.4331747357419234,0.3663512044880753,0.0,0.3472680706464757,0.0,0.4308342660936541,0.4431212467837382,0.4066023749984034,0.4268224201086827,0.3323405456327821,0.3658530917427131,0.4000814880836552,0.4412301303244392,0.4448838495655,0.4431536223910213,0.0,0.3432322356491527,0.2607922816163669,0.2961200789294871,0.3116510214669917,0.2997100327438788,0.0,0.0,0.2495695739510472,0.3354664600997205,0.2292725007642312,0.0,0.3308470353209378,0.3809721522701965,0.2743994817718217,0.1817931475184898,0.2948966143022632,0.3440542348860537,0.3837646273763591,0.2416612435602861,0.3466787540002244,0.3853507559982142,0.3482578312913324,0.3816345474756032,0.3778585214622869,0.2755457150583271,0.3549785941226388,0.22786908321104,0.3549680235437815,0.2837293078696197,0.4157221992586277,0.3255514961595648,0.3055093150481255,0.3121421353428012,0.3363498189696237,0.3697658758806567,0.3757123822234947,0.3946703142510099,0.3872968198952137,0.2404406760257518,0.2919087417365761,0.3541621066491342,0.3899636893117988,0.3058019158875724,0.3375165685142948,0.306389809936942,0.2440125967004772
