0.0,0.2999156213356765,0.0,0.0,0.0,0.3187772411854949,0.0,0.3611031248515374,0.0,0.30440465328744,0.0,0.2906195394452571,0.0,0.0,0.2699555856216455,0.2897472805077633,0.283822858337647,0.2794229771573479,0.0,0.3077960932274724,0.3172569485587336,0.3022860505676522,0.3327580867612505,0.2616335611901074,0.2857887537475339,0.2693105697599914,0.3153665136683136,0.0,0.3343427706965469,0.0,0.273012712240104,0.2853612604955647,0.2271134011488818,0.2596098017994781,0.2998392290147404,0.0,0.0,0.3094879555771948,0.3108316916546633,0.2826880241190247,0.2956517987816829,0.0,0.0,0.0,0.0,0.3032500635304713,0.3195434286437532,0.0,0.0,0.0,0.0,0.0,0.0,0.0,0.3122830105714973,0.0,0.0,0.0,0.0,0.0,0.3176781828372654,0.0,0.3074885736597045,0.0,0.0,0.3176742821991548,0.3240728446418278,0.0,0.0,0.3078462227221549,0.3246699377051651,0.0,0.0,0.0,0.0,0.3109997871783309
0.2999156213356765,0.0,0.0,0.0,0.3142508333925015,0.3102673852238924,0.3132854892011583,0.320999275260749,0.29869172146594,0.0,0.0,0.0,0.3201449662751347,0.0,0.2941461567491314,0.2975687380252434,0.0,0.294176029551083,0.0,0.3161204904102888,0.3094735481837531,0.3003804295425484,0.3028266967206118,0.0,0.2771939082209866,0.2950492706254105,0.3119139335552827,0.3309793573541901,0.312788930309001,0.0,0.271912594620354,0.3027664023374989,0.2547518580647681,0.2752607299363686,0.3088531314021603,0.0,0.0,0.0,0.3133101497616578,0.2981177576169883,0.2998433169307336,0.3176373025414932,0.0,0.0,0.0,0.3252811353199527,0.3153004509525411,0.0,0.0,0.0,0.3509202093631665,0.0,0.0,0.0,0.0,0.0,0.0,0.0,0.0,0.3296516207067613,0.3152103512313735,0.0,0.3047459853913761,0.0,0.3234953950377872,0.3290827899577694,0.3318991178114964,0.3320298500291782,0.0,0.3041992789062587,0.3269671504836128,0.3407208125912468,0.0,0.3176010129834905,0.0,0.2979424492749321
0.0,0.0,0.0,0.2533576351418684,0.2769340426661013,0.2736683125872924,0.2902071403298319,0.3286344821869264,0.2402324507370055,0.316884104827668,0.2311339856225788,0.0,0.2976513359173721,0.3133730182001071,0.0,0.0,0.0,0.0,0.2230061759452503,0.0,0.0,0.0,0.2413489696323823,0.0,0.0,0.0,0.2534296528330422,0.2987913271490379,0.0,0.3173813533389227,0.3049172153897695,0.2821572916274373,0.0,0.2999131528985042,0.3026372587700172,0.2861910461839273,0.2877738262791137,0.0,0.0,0.0,0.0,0.0,0.3174358901120095,0.0,0.0,0.0,0.0,0.3783569948486321,0.0,0.0,0.3788760682258823,0.3837231816185974,0.3823363301988606,0.3806929785941126,0.0,0.3249404129682251,0.0,0.3869821911013139,0.0,0.0,0.0,0.0,0.0,0.3678272736128242,0.0,0.0,0.0,0.3880461979234985,0.0,0.0,0.0,0.3725143674367918,0.0,0.0,0.0,0.0
0.0,0.0,0.2533576351418684,0.0,0.1633596601381386,0.2639603888843692,0.1992780047396793,0.0,0.2640294283792854,0.1124242095339878,0.2479840802625797,0.0,0.1977185775867732,0.1577763037724563,0.0,0.0,0.0,0.0,0.2802674287325331,0.2674918505955175,0.0,0.0,0.2426250710406445,0.0,0.0,0.0,0.2720769142241174,0.1677401488049938,0.0,0.0,0.2135876729917425,0.2006812401097632,0.0,0.1592912931996298,0.1616166101778727,0.1147721300994413,0.1160914802005848,0.0,0.0,0.0,0.0,0.0,0.0,0.0,0.0,0.0,0.0,0.0,0.0,0.0,0.0,0.0,0.0,0.0,0.0,0.0,0.0,0.0,0.0,0.0,0.0,0.0,0.0,0.0,0.0,0.0,0.0,0.0,0.0,0.0,0.0,0.0,0.0,0.0,0.0,0.0
0.0,0.3142508333925015,0.2769340426661013,0.1633596601381386,0.0,0.28448534016221,0.2434352624687257,0.3132255436279002,0.2697379314147998,0.2882889984652133,0.2456632571257449,0.0,0.2636070888938752,0.1940238042998246,0.0,0.3514020313038286,0.0,0.0,0.2856209424239125,0.3092006929162915,0.0,0.3412718353444908,0.2754882292665268,0.0,0.0,0.3436113671327253,0.2884111313919026,0.2561013602224365,0.309562064936366,0.0,0.2918849792615238,0.2492633633669375,0.0,0.2776062878849775,0.2494946936433565,0.1702620901256968,0.2169883846279225,0.2547538937782884,0.0,0.0,0.0,0.0,0.0,0.0,0.0,0.0,0.0,0.3797552120053484,0.0,0.0,0.3771010369237066,0.0,0.3556903793196994,0.0,0.0,0.3232353696580323,0.0,0.0,0.0,0.0,0.0,0.0,0.0,0.3930755641875358,0.0,0.0,0.0,0.368703474589498,0.0,0.0,0.0,0.3739237539085271,0.0,0.0,0.0,0.0
0.3187772411854949,0.3102673852238924,0.2736683125872924,0.2639603888843692,0.28448534016221,0.0,0.2973835814903888,0.2932447304732082,0.2565425961427091,0.2999539426279341,0.2818025281213657,0.0,0.2822893836806026,0.2985994600009351,0.2946281777058486,0.3225913912992165,0.0,0.3084023189311628,0.2477050055463115,0.301593246790852,0.2951727727862677,0.3202775244455991,0.2876503629150455,0.0,0.2982412046765791,0.2949280354983398,0.2795968028690415,0.2816991410362841,0.2622541978185893,0.2927882474243008,0.3053730147494674,0.283314935624667,0.2751448537612234,0.3041938479505566,0.3205758422821531,0.2770132385697307,0.2799955112829925,0.0,0.3226649782440106,0.0,0.3343711552366359,0.3374302782098381,0.3154433550944492,0.0,0.0,0.0,0.0,0.3713093235499899,0.0,0.0,0.3452893397670417,0.360783306558265,0.3362073847478018,0.3573454820852608,0.0,0.3311736302174148,0.0,0.3511621749361968,0.0,0.3345184984616785,0.0,0.0,0.0,0.3778982825509477,0.3299017986557928,0.347861181451983,0.3405072747017037,0.3482084696689747,0.0,0.0,0.3491070598029739,0.3435547046374129,0.3466163637402885,0.323644788289146,0.0,0.3407627688151345
0.0,0.3132854892011583,0.2902071403298319,0.1992780047396793,0.2434352624687257,0.2973835814903888,0.0,0.2901525142474603,0.2809679622683042,0.2809220953720437,0.3013144671878038,0.0,0.2613414582251007,0.2397406626468369,0.0,0.3364916061714417,0.0,0.3294211041376987,0.3055740780404144,0.3257732176537899,0.0,0.3414961926079251,0.2804672024000039,0.0,0.3122900464911602,0.3047234716278518,0.2930624480041898,0.2626264763280412,0.3141551564815134,0.0,0.3027496008535111,0.2565662909222211,0.0,0.279355936374505,0.2467998568783527,0.2104012853507728,0.1995823131850671,0.2549032036568806,0.0,0.0,0.0,0.0,0.0,0.0,0.0,0.0,0.0,0.0,0.0,0.0,0.3635208853632618,0.0,0.0,0.0,0.0,0.0,0.0,0.0,0.0,0.0,0.0,0.0,0.0,0.0,0.0,0.0,0.0,0.3404328956069504,0.0,0.0,0.0,0.3484825238221168,0.0,0.0,0.0,0.0
0.3611031248515374,0.320999275260749,0.3286344821869264,0.0,0.3132255436279002,0.2932447304732082,0.2901525142474603,0.0,0.334033519892204,0.3162317377676674,0.2240730181480058,0.0,0.2923387728176893,0.2259255366542921,0.2710905258172662,0.3357514706506962,0.0,0.3364431778997001,0.3059209684972264,0.2945641763274441,0.2927394587726109,0.3171809855264508,0.2743216409539182,0.3558526580420105,0.3425779442009014,0.3344629462075058,0.3085122503206483,0.2955261382704648,0.2829431986400839,0.2904089359480111,0.2964723761382011,0.2703940355567071,0.2909737936134166,0.2893094766518073,0.3121278198624472,0.176836640764171,0.2923050259136948,0.0,0.3096154039163513,0.0,0.3338039770969653,0.0,0.1901564957611495,0.0,0.0,0.0,0.0,0.3751725146682025,0.0,0.3906019892243254,0.3422705784843163,0.3618393238768219,0.3244636552810578,0.3702393251781443,0.0,0.2848435115348735,0.0,0.3342186046076,0.0,0.3192237922336836,0.0,0.0,0.0,0.4100695025976377,0.3166158736121963,0.3248828341473627,0.0,0.3496444162742117,0.0,0.0,0.0,0.3553297644919444,0.3359370749406539,0.3211170205700962,0.0,0.3450406500991997
0.0,0.29869172146594,0.2402324507370055,0.2640294283792854,0.2697379314147998,0.2565425961427091,0.2809679622683042,0.334033519892204,0.0,0.2991287833530534,0.2547574152488892,0.0,0.2737325251172099,0.3060426516035862,0.0,0.3191603140465645,0.0,0.0,0.2293948131925743,0.2916458929298923,0.0,0.3081797606220369,0.2891560019733775,0.0,0.3092214920582326,0.3040354752464517,0.2624219883705527,0.286862375463548,0.2825017278676589,0.3060403852244676,0.2844565154903918,0.2649181537269611,0.0,0.2839472905937285,0.2878546882916446,0.2757328941001353,0.2758033096732853,0.0,0.3320921744773117,0.0,0.0,0.0,0.0,0.0,0.0,0.0,0.0,0.3825800348946571,0.0,0.0,0.3661435757783003,0.4051625296755379,0.3724794967409257,0.3916253898001673,0.0,0.3395911760525902,0.0,0.3970050132853161,0.0,0.0,0.0,0.0,0.0,0.3916297479757577,0.0,0.0,0.0,0.3744036730962113,0.0,0.0,0.0,0.3517857972146135,0.0,0.0,0.0,0.0
0.30440465328744,0.0,0.316884104827668,0.1124242095339878,0.2882889984652133,0.2999539426279341,0.2809220953720437,0.3162317377676674,0.2991287833530534,0.0,0.3059173144151423,0.207526750417011,0.2864668005720647,0.1948072516706269,0.0,0.2617673760761086,0.2313089529206439,0.2481912614307929,0.0,0.0,0.3514168759096756,0.2982101177478617,0.288360998747126,0.2376172791910867,0.2486566328069301,0.2564145714570584,0.3041651650548958,0.2723645102242689,0.0,0.0,0.24866095906532,0.2258534991068957,0.2279370442633527,0.232011448729558,0.2468687832069161,0.198805452789335,0.1769076105641877,0.1857362278875089,0.2516761650138162,0.2319513631026024,0.2423798390121593,0.2257554385797034,0.0,0.0,0.2341608173206176,0.0,0.0,0.0,0.0,0.0,0.0,0.0,0.0,0.0,0.292770073156092,0.0,0.2936666890446986,0.2992905776436667,0.0,0.0,0.0,0.2908680691484982,0.2867009199158177,0.0,0.0,0.0,0.0,0.0,0.2782647616664483,0.2936464391675567,0.3008411720929528,0.0,0.2695504242593683,0.0,0.0,0.2772911568092917
0.0,0.0,0.2311339856225788,0.2479840802625797,0.2456632571257449,0.2818025281213657,0.3013144671878038,0.2240730181480058,0.2547574152488892,0.3059173144151423,0.0,0.0,0.2904574288642746,0.1979891018067351,0.0,0.0,0.0,0.0,0.225959725996048,0.0,0.0,0.0,0.2208220958677746,0.0,0.0,0.0,0.2742788717692922,0.2920470103407039,0.0,0.0,0.3062014793741192,0.2558186607805504,0.0,0.2914150906656598,0.2817122784131022,0.1782665554798851,0.2721962025477117,0.0,0.0,0.0,0.0,0.0,0.0,0.0,0.0,0.0,0.0,0.3146953849609706,0.0,0.0,0.0,0.0,0.0,0.2864295877340642,0.0,0.2509109045884136,0.0,0.0,0.0,0.0,0.0,0.0,0.0,0.3178565439865659,0.0,0.0,0.0,0.3341855280026947,0.0,0.0,0.0,0.0,0.0,0.0,0.0,0.0
0.2906195394452571,0.0,0.0,0.0,0.0,0.0,0.0,0.0,0.0,0.207526750417011,0.0,0.0,0.2885514091861567,0.0,0.0,0.0,0.265801741255563,0.2716132961014212,0.0,0.0,0.3555185701784957,0.0,0.0,0.2278067324090673,0.2695177157496168,0.2391180436836991,0.0,0.2750870204678141,0.0,0.0,0.2591288374427,0.1846241757414695,0.1926357180861559,0.1997474440245949,0.2246119960331495,0.0,0.0,0.1601045812647188,0.2294515335600982,0.2351580787716674,0.246126371470175,0.0,0.0,0.0,0.2306913054143124,0.0,0.0,0.0,0.0,0.0,0.0,0.0,0.0,0.0,0.2872358367186472,0.0,0.2852369619790346,0.0,0.0,0.0,0.0,0.2968461966417113,0.2995211749539225,0.0,0.0,0.0,0.0,0.0,0.271151428846391,0.2969517116976479,0.2994286307516057,0.0,0.2709581307103634,0.0,0.0,0.2708522115273787
0.0,0.3201449662751347,0.2976513359173721,0.1977185775867732,0.2636070888938752,0.2822893836806026,0.2613414582251007,0.2923387728176893,0.2737325251172099,0.2864668005720647,0.2904574288642746,0.2885514091861567,0.0,0.2442272377351651,0.0,0.3466246740093028,0.3030391359758022,0.3257998782659265,0.2961658228346628,0.3210397656664927,0.305846187456057,0.3414264701368517,0.2806943985782641,0.2940182924284615,0.3152655106021448,0.3053986324047261,0.2926503989146344,0.2626891309686924,0.2981477233208214,0.2701905330492899,0.2884787361070078,0.2611581458036142,0.2736873184677766,0.2792854355062875,0.2577548815589792,0.2255657272913334,0.2322581469677694,0.2521125148444206,0.3327450544531775,0.0,0.0,0.0,0.0,0.0,0.0,0.0,0.0,0.392508490522726,0.0,0.0,0.3529940061395421,0.0,0.3382902162766916,0.0,0.0,0.0,0.0,0.0,0.0,0.0,0.0,0.0,0.0,0.0,0.0,0.0,0.0,0.3408334566575898,0.0,0.0,0.0,0.3401577667873381,0.0,0.3489688073632941,0.0,0.0
0.0,0.0,0.3133730182001071,0.1577763037724563,0.1940238042998246,0.2985994600009351,0.2397406626468369,0.2259255366542921,0.3060426516035862,0.1948072516706269,0.1979891018067351,0.0,0.2442272377351651,0.0,0.0,0.0,0.0,0.0,0.2690872051992068,0.0,0.0,0.0,0.2625402223038034,0.0,0.0,0.0,0.3188252511570764,0.190376500832925,0.0,0.0,0.252275062692658,0.1325719508990011,0.0,0.2453923857446405,0.0,0.1310771044505,0.111746597534098,0.0,0.0,0.0,0.0,0.0,0.0,0.0,0.0,0.0,0.0,0.0,0.0,0.0,0.0,0.0,0.0,0.0,0.0,0.0,0.0,0.0,0.0,0.0,0.0,0.0,0.0,0.0,0.0,0.0,0.0,0.0,0.0,0.0,0.0,0.0,0.0,0.0,0.0,0.0
0.2699555856216455,0.2941461567491314,0.0,0.0,0.0,0.2946281777058486,0.0,0.2710905258172662,0.0,0.0,0.0,0.0,0.0,0.0,0.0,0.3095246959301472,0.0,0.2950137202562018,0.0,0.2237619689463344,0.2685495071431613,0.246730972825818,0.2734335708314685,0.3373800580827203,0.2789224947892406,0.270836709610069,0.286307598243662,0.0,0.280636644588854,0.0,0.2800835644816949,0.2890054484929332,0.2612261203241734,0.2936543260265833,0.3229977816952041,0.3043193866451114,0.0,0.0,0.320263365090044,0.3032397016193355,0.326843721272679,0.3440019903025629,0.0,0.0,0.0,0.0,0.315814927886324,0.0,0.0,0.0,0.3332728850502646,0.0,0.0,0.0,0.0,0.0,0.0,0.0,0.0,0.3192427145578423,0.3334579096199765,0.0,0.0,0.0,0.3090458811966343,0.3146211728000108,0.3260155876296102,0.3185012814156222,0.0,0.3501805149373861,0.3418672896822325,0.3248692553509594,0.0,0.3154440985693624,0.0,0.326307960944511
0.2897472805077633,0.2975687380252434,0.0,0.0,0.3514020313038286,0.3225913912992165,0.3364916061714417,0.3357514706506962,0.3191603140465645,0.2617673760761086,0.0,0.0,0.3466246740093028,0.0,0.3095246959301472,0.0,0.2699556633017516,0.2639857236102901,0.0,0.3044814405257939,0.3146300205810654,0.2758327470375379,0.2976280388417601,0.2574476151142413,0.2727769307121964,0.2944883175062814,0.3135241610208204,0.3349557303895832,0.3208858235707677,0.3244529866293665,0.2718889700480489,0.3033310335966541,0.2555669207644367,0.275874485098713,0.3123829116615869,0.0,0.0,0.0,0.305003013393364,0.2757951986984463,0.2849069142062797,0.3116227731249448,0.0,0.0,0.0,0.3171127535972234,0.3119066052052204,0.0,0.0,0.0,0.0,0.0,0.0,0.0,0.0,0.0,0.0,0.0,0.0,0.325769388567853,0.3067041652201668,0.0,0.2923014490237346,0.0,0.3503643274984587,0.3492665312806888,0.304757445903796,0.0,0.0,0.2955085142420198,0.3125305175985974,0.0,0.0,0.0,0.0,0.2878978533041343
0.283822858337647,0.0,0.0,0.0,0.0,0.0,0.0,0.0,0.0,0.2313089529206439,0.0,0.265801741255563,0.3030391359758022,0.0,0.0,0.2699556633017516,0.0,0.2268528618772463,0.0,0.0,0.0,0.2819211765486112,0.0,0.2644923202287649,0.2450485435536252,0.2685487497525329,0.0,0.3009364285265127,0.0,0.0,0.2571760343169127,0.2676544981093364,0.2182402467311048,0.2587876664042287,0.2632793938160842,0.0,0.0,0.2128553623139801,0.0,0.2731168396296156,0.286153796614626,0.0,0.0,0.0,0.0,0.0,0.0,0.0,0.0,0.0,0.0,0.0,0.0,0.0,0.2913035288057428,0.0,0.3015605493127019,0.0,0.0,0.0,0.0,0.2920077891056691,0.291459371736681,0.0,0.0,0.0,0.0,0.0,0.2947926361167799,0.2925681077042157,0.3039046604162228,0.0,0.0,0.0,0.0,0.3196410665639972
0.2794229771573479,0.294176029551083,0.0,0.0,0.0,0.3084023189311628,0.3294211041376987,0.3364431778997001,0.0,0.2481912614307929,0.0,0.2716132961014212,0.3257998782659265,0.0,0.2950137202562018,0.2639857236102901,0.2268528618772463,0.0,0.0,0.3043255652972277,0.2945033511296276,0.3006442918269623,0.2985242304348631,0.2601357486406369,0.2635906651488786,0.2780802934192199,0.3043225078297312,0.3223514952340903,0.3184501797972273,0.3429969358125944,0.2681161372070821,0.2803939332011756,0.2314155723092939,0.2619963075114674,0.279797900846198,0.0,0.0,0.0,0.2751220309668928,0.2705464187180724,0.2633677340732596,0.2864011665425462,0.0,0.0,0.0,0.3075001050810012,0.3003638421278378,0.0,0.0,0.0,0.0,0.0,0.0,0.0,0.2882065553132483,0.0,0.2993421800970631,0.0,0.0,0.0,0.3029267138088093,0.2758147015931417,0.2916776784588819,0.0,0.0,0.0,0.2976858887289724,0.0,0.2949500339131992,0.2932898578750305,0.3068787776580688,0.0,0.0,0.0,0.0,0.2883269271020235
0.0,0.0,0.2230061759452503,0.2802674287325331,0.2856209424239125,0.2477050055463115,0.3055740780404144,0.3059209684972264,0.2293948131925743,0.0,0.225959725996048,0.0,0.2961658228346628,0.2690872051992068,0.0,0.0,0.0,0.0,0.0,0.0,0.0,0.0,0.2305354626841982,0.0,0.0,0.0,0.2815847054032607,0.2931340186116377,0.0,0.0,0.3055055600598789,0.2776371627808345,0.0,0.2996019927298094,0.0,0.257065386507088,0.2927307237007156,0.0,0.0,0.0,0.0,0.0,0.0,0.0,0.0,0.0,0.0,0.366820060970678,0.0,0.0,0.0,0.0,0.4118729565296282,0.3945891709894655,0.0,0.317056451690864,0.0,0.0,0.0,0.0,0.0,0.0,0.0,0.388697873576982,0.0,0.0,0.0,0.3788436324462078,0.0,0.0,0.0,0.0,0.0,0.0,0.0,0.0
0.3077960932274724,0.3161204904102888,0.0,0.2674918505955175,0.3092006929162915,0.301593246790852,0.3257732176537899,0.2945641763274441,0.2916458929298923,0.0,0.0,0.0,0.3210397656664927,0.0,0.2237619689463344,0.3044814405257939,0.0,0.3043255652972277,0.0,0.0,0.2901008934770592,0.2710875396400682,0.2075281700352904,0.0,0.3035069738358098,0.3010596698550865,0.2709327562122896,0.3015701489676563,0.246297683210052,0.2445659891821666,0.2669179591884341,0.3087438181727744,0.2822816101787465,0.3095419300141356,0.3385912786923274,0.3488714573368501,0.309758312646403,0.0,0.316218813442168,0.3208189650414499,0.3322032967848641,0.3261382706672771,0.0,0.0,0.0,0.0,0.3179881549422217,0.0,0.0,0.0,0.3359839571465013,0.0,0.3349705951566671,0.0,0.0,0.0,0.0,0.0,0.0,0.3160889838859164,0.0,0.0,0.0,0.0,0.3200029905927161,0.3129516340469795,0.3210934415734698,0.3293343266033061,0.0,0.0,0.3250543724741573,0.3325590252580267,0.3449683063593854,0.3216864667391911,0.0,0.3249723522411107
0.3172569485587336,0.3094735481837531,0.0,0.0,0.0,0.2951727727862677,0.0,0.2927394587726109,0.0,0.3514168759096756,0.0,0.3555185701784957,0.305846187456057,0.0,0.2685495071431613,0.3146300205810654,0.0,0.2945033511296276,0.0,0.2901008934770592,0.0,0.3007949278409965,0.2935240161922999,0.345754602291777,0.2993714554549401,0.2980631339975173,0.302712218706756,0.3038432114759617,0.2907297895826308,0.0,0.3065020386164357,0.2874150048627692,0.2551375397542805,0.2912280163682701,0.3250066981363905,0.3396772173203513,0.0,0.0,0.319472314940468,0.3017570258116189,0.3313423816850662,0.3588470683854532,0.0,0.0,0.0,0.3124233244017912,0.3217820808955233,0.0,0.0,0.0,0.3301080326489343,0.0,0.294477545455434,0.0,0.0,0.0,0.0,0.0,0.0,0.3116069753316467,0.3215085465140647,0.0,0.0,0.0,0.3144418087531874,0.2911669576453164,0.3291939260380257,0.3252160645411263,0.0,0.3261169408708408,0.3439861258282942,0.3364118201940136,0.335107208267394,0.3024135452063028,0.0,0.330551048507264
0.3022860505676522,0.3003804295425484,0.0,0.0,0.3412718353444908,0.3202775244455991,0.3414961926079251,0.3171809855264508,0.3081797606220369,0.2982101177478617,0.0,0.0,0.3414264701368517,0.0,0.246730972825818,0.2758327470375379,0.2819211765486112,0.3006442918269623,0.0,0.2710875396400682,0.3007949278409965,0.0,0.3025657002777702,0.0,0.2988302963719821,0.2902373127017429,0.3090967577664301,0.3366696511588654,0.2977402175506905,0.3118514756080084,0.2744048034136428,0.3040022415694464,0.2696496629623195,0.2971897315567598,0.3312639366902489,0.3246550989592719,0.0,0.0,0.3159574443182543,0.313879985513888,0.3180832904349019,0.3386042500656618,0.0,0.0,0.0,0.3223910421068239,0.3095390618915304,0.0,0.0,0.0,0.3345949765599269,0.0,0.0,0.0,0.0,0.0,0.0,0.0,0.0,0.3274463851011641,0.3126944175151514,0.0,0.3295413634059767,0.0,0.322935794150793,0.324632796467557,0.3247124750516622,0.3251060869799826,0.0,0.2988706834856531,0.3323376964893118,0.3278711987958186,0.0,0.3164528874366681,0.0,0.3123566056357429
0.3327580867612505,0.3028266967206118,0.2413489696323823,0.2426250710406445,0.2754882292665268,0.2876503629150455,0.2804672024000039,0.2743216409539182,0.2891560019733775,0.288360998747126,0.2208220958677746,0.0,0.2806943985782641,0.2625402223038034,0.2734335708314685,0.2976280388417601,0.0,0.2985242304348631,0.2305354626841982,0.2075281700352904,0.2935240161922999,0.3025657002777702,0.0,0.3433452250064172,0.2786000546342927,0.3111034010942585,0.2479823569184489,0.2875423200395155,0.2832704784836743,0.2806590631309876,0.2962157953491015,0.2817045586518568,0.2745364110967192,0.2990185090817184,0.3223471506605605,0.2680751105806884,0.2737516136643164,0.0,0.3340994709245831,0.2964309363218231,0.3304116513647256,0.3406168138309186,0.3208613623883262,0.0,0.0,0.0,0.341830206451364,0.3705330213224441,0.0,0.3909970799586145,0.3471618337441028,0.3579898836909022,0.3421403801661832,0.3795772412859188,0.0,0.3348287596766819,0.0,0.3492338149015691,0.0,0.3225686687352754,0.0,0.0,0.0,0.4041088786567259,0.3335268591576598,0.3425666106814131,0.3256562178366986,0.3501785025974849,0.0,0.0,0.330041189415865,0.347450155699972,0.3478804427892686,0.3304607471279009,0.3437950759690183,0.338492819734501
0.2616335611901074,0.0,0.0,0.0,0.0,0.0,0.0,0.3558526580420105,0.0,0.2376172791910867,0.0,0.2278067324090673,0.2940182924284615,0.0,0.3373800580827203,0.2574476151142413,0.2644923202287649,0.2601357486406369,0.0,0.0,0.345754602291777,0.0,0.3433452250064172,0.0,0.2634668829729276,0.262188062269702,0.3648721785173245,0.2885571046707028,0.0,0.0,0.2598470899321874,0.2213277593273267,0.1669226574276849,0.1961833501807904,0.2175050907361412,0.0,0.0,0.1752773139593141,0.28941631169746,0.2474064594031844,0.251493650579241,0.0,0.0,0.0,0.1832792458494543,0.283042705620747,0.2751515680872551,0.0,0.0,0.0,0.0,0.0,0.0,0.0,0.2907265959527174,0.0,0.2831086397214681,0.0,0.0,0.0,0.0,0.3093052564145218,0.3053982439635502,0.0,0.0,0.0,0.0,0.0,0.2859038995121558,0.3110161146609659,0.3169702572616743,0.0,0.2058949859261253,0.0,0.0,0.2702083141999302
0.2857887537475339,0.2771939082209866,0.0,0.0,0.0,0.2982412046765791,0.3122900464911602,0.3425779442009014,0.3092214920582326,0.2486566328069301,0.0,0.2695177157496168,0.3152655106021448,0.0,0.2789224947892406,0.2727769307121964,0.2450485435536252,0.2635906651488786,0.0,0.3035069738358098,0.2993714554549401,0.2988302963719821,0.2786000546342927,0.2634668829729276,0.0,0.2764303582600813,0.2926439097465503,0.317686328743146,0.3167547294004273,0.0,0.2697323950563451,0.2728661375223196,0.2268399783955897,0.254033825777455,0.2674344670806542,0.0,0.0,0.2148118495102673,0.2873347831992092,0.277849273669572,0.2748488869936379,0.2894686068409735,0.0,0.0,0.0,0.3115504596510752,0.2947607639954768,0.0,0.0,0.0,0.0,0.0,0.0,0.0,0.3073239186215437,0.0,0.3096145827597765,0.0,0.0,0.0,0.3023631606936867,0.2895415942511603,0.2952641475104932,0.0,0.0,0.0,0.2849868616076484,0.0,0.2995287494121949,0.2999707299462703,0.3120277314504995,0.0,0.0,0.3171167790620983,0.0,0.2912528104114469
0.2693105697599914,0.2950492706254105,0.0,0.0,0.3436113671327253,0.2949280354983398,0.3047234716278518,0.3344629462075058,0.3040354752464517,0.2564145714570584,0.0,0.2391180436836991,0.3053986324047261,0.0,0.270836709610069,0.2944883175062814,0.2685487497525329,0.2780802934192199,0.0,0.3010596698550865,0.2980631339975173,0.2902373127017429,0.3111034010942585,0.262188062269702,0.2764303582600813,0.0,0.3084972183302286,0.3022804013113991,0.2933483811081062,0.0,0.2796020014753124,0.2882037957760856,0.2441499320126781,0.2695848756948042,0.2978843353249014,0.0,0.0,0.2245729087409565,0.3158924400092638,0.2944062292759953,0.3040492815464528,0.3263812208961472,0.0,0.0,0.3167017902805018,0.3173549360689368,0.3201014932528527,0.0,0.0,0.0,0.3558504857904323,0.0,0.0,0.0,0.3112917133725687,0.0,0.3104406687612239,0.0,0.0,0.3381936641576278,0.3158627175248774,0.3071899933246555,0.3082852701293431,0.0,0.3305673648606994,0.3410809662520862,0.3356596299949241,0.3346779225107981,0.3119418289189618,0.3088220553140801,0.3257731571889787,0.3404609446987048,0.0,0.3301555263081314,0.0,0.301926362646491
0.3153665136683136,0.3119139335552827,0.2534296528330422,0.2720769142241174,0.2884111313919026,0.2795968028690415,0.2930624480041898,0.3085122503206483,0.2624219883705527,0.3041651650548958,0.2742788717692922,0.0,0.2926503989146344,0.3188252511570764,0.286307598243662,0.3135241610208204,0.0,0.3043225078297312,0.2815847054032607,0.2709327562122896,0.302712218706756,0.3090967577664301,0.2479823569184489,0.3648721785173245,0.2926439097465503,0.3084972183302286,0.0,0.2968216452570328,0.2790181412456675,0.2895911323371122,0.3031718497659357,0.2951649447570983,0.2755278289817239,0.3147660011696587,0.3261708862133944,0.3042273138535883,0.2859513563555458,0.0,0.3301345525323125,0.3126178157735405,0.3413572779837854,0.3263933783712073,0.3130438915618849,0.0,0.0,0.0,0.3554159342927563,0.3805379873397501,0.0,0.0,0.3480973959713344,0.3579607792117452,0.3402965680094889,0.377952156416574,0.0,0.3593785996592065,0.0,0.3485151519233314,0.0,0.3234238471295692,0.0,0.0,0.0,0.4002090776885674,0.3344506584891685,0.3415112360867991,0.3298060696149591,0.350454471161149,0.0,0.0,0.334206571055323,0.3430309141131469,0.3428214397455547,0.329988444101657,0.3542023210635485,0.338952466667195
0.0,0.3309793573541901,0.2987913271490379,0.1677401488049938,0.2561013602224365,0.2816991410362841,0.2626264763280412,0.2955261382704648,0.286862375463548,0.2723645102242689,0.2920470103407039,0.2750870204678141,0.2626891309686924,0.190376500832925,0.0,0.3349557303895832,0.3009364285265127,0.3223514952340903,0.2931340186116377,0.3015701489676563,0.3038432114759617,0.3366696511588654,0.2875423200395155,0.2885571046707028,0.317686328743146,0.3022804013113991,0.2968216452570328,0.0,0.2698902256490897,0.2248677661721095,0.2781644221488561,0.2696305413484536,0.2488837275127881,0.2720224129660832,0.2468911909456387,0.1780285039911641,0.1824129096230176,0.2284901772645308,0.3082477445697947,0.0,0.3458038519987294,0.0,0.0,0.0,0.0,0.0,0.0,0.0,0.0,0.0,0.340273463464441,0.0,0.3343286776837114,0.0,0.0,0.0,0.0,0.0,0.0,0.0,0.0,0.0,0.0,0.0,0.3394050312241746,0.3437574845770822,0.0,0.3387544758684427,0.0,0.0,0.0,0.3406064846374,0.3539778950707652,0.3326033502912071,0.0,0.3629710933176262
0.3343427706965469,0.312788930309001,0.0,0.0,0.309562064936366,0.2622541978185893,0.3141551564815134,0.2829431986400839,0.2825017278676589,0.0,0.0,0.0,0.2981477233208214,0.0,0.280636644588854,0.3208858235707677,0.0,0.3184501797972273,0.0,0.246297683210052,0.2907297895826308,0.2977402175506905,0.2832704784836743,0.0,0.3167547294004273,0.2933483811081062,0.2790181412456675,0.2698902256490897,0.0,0.2489861068418218,0.2740620649054486,0.2970841463829994,0.2658411749730589,0.3039920373625341,0.3184362770653267,0.3219855815755699,0.3138591201075231,0.0,0.3175055643792761,0.0,0.3414758248677201,0.3353724535453597,0.0,0.0,0.0,0.0,0.3353833420811116,0.0,0.0,0.0,0.3350056099330803,0.0,0.3360572513537452,0.0,0.0,0.0,0.0,0.3574259615132962,0.0,0.3125362897348114,0.0,0.0,0.0,0.0,0.3235196733719859,0.3230633289950848,0.317208719542988,0.3333733201365751,0.0,0.0,0.3258741340893034,0.3343830787673433,0.3404978980906828,0.3197385213592039,0.3602788836401797,0.3333161208182346
0.0,0.0,0.3173813533389227,0.0,0.0,0.2927882474243008,0.0,0.2904089359480111,0.3060403852244676,0.0,0.0,0.0,0.2701905330492899,0.0,0.0,0.3244529866293665,0.0,0.3429969358125944,0.0,0.2445659891821666,0.0,0.3118514756080084,0.2806590631309876,0.0,0.0,0.0,0.2895911323371122,0.2248677661721095,0.2489861068418218,0.0,0.235862623011723,0.2615295155655595,0.0,0.2944988396890625,0.2829862830142514,0.0,0.0,0.0,0.3362023971521762,0.0,0.0,0.0,0.0,0.0,0.0,0.0,0.0,0.0,0.0,0.0,0.0,0.0,0.0,0.0,0.0,0.0,0.0,0.0,0.0,0.0,0.0,0.0,0.0,0.0,0.0,0.0,0.0,0.3401421190783236,0.0,0.0,0.0,0.345846469884279,0.0,0.0,0.0,0.0
0.273012712240104,0.271912594620354,0.3049172153897695,0.2135876729917425,0.2918849792615238,0.3053730147494674,0.3027496008535111,0.2964723761382011,0.2844565154903918,0.24866095906532,0.3062014793741192,0.2591288374427,0.2884787361070078,0.252275062692658,0.2800835644816949,0.2718889700480489,0.2571760343169127,0.2681161372070821,0.3055055600598789,0.2669179591884341,0.3065020386164357,0.2744048034136428,0.2962157953491015,0.2598470899321874,0.2697323950563451,0.2796020014753124,0.3031718497659357,0.2781644221488561,0.2740620649054486,0.235862623011723,0.0,0.2594796997523704,0.2246949373547123,0.2232069831042052,0.2195101547582349,0.2672487047841306,0.2605944181224762,0.2124174298522736,0.3044762777382343,0.2656768916653207,0.278285122546995,0.0,0.0,0.0,0.0,0.2950964686653021,0.291880879788245,0.0,0.0,0.0,0.3503540158068888,0.0,0.3499456947503367,0.0,0.2941645127600877,0.0,0.3049129917429005,0.0,0.0,0.3202907820422873,0.2950847417421012,0.311597921951439,0.2928317941276052,0.0,0.3380636733268014,0.0,0.3053293117934332,0.3404098490570726,0.2858325333322075,0.2933397411312368,0.3037819116400769,0.3451282318720203,0.3664116569149138,0.3451691912726512,0.0,0.3015375369357302
0.2853612604955647,0.3027664023374989,0.2821572916274373,0.2006812401097632,0.2492633633669375,0.283314935624667,0.2565662909222211,0.2703940355567071,0.2649181537269611,0.2258534991068957,0.2558186607805504,0.1846241757414695,0.2611581458036142,0.1325719508990011,0.2890054484929332,0.3033310335966541,0.2676544981093364,0.2803939332011756,0.2776371627808345,0.3087438181727744,0.2874150048627692,0.3040022415694464,0.2817045586518568,0.2213277593273267,0.2728661375223196,0.2882037957760856,0.2951649447570983,0.2696305413484536,0.2970841463829994,0.2615295155655595,0.2594796997523704,0.0,0.2227280308413589,0.2549642086637514,0.2535592588403934,0.1743145383313096,0.2163364628689108,0.1707703195080603,0.2165422619635355,0.2010103045331305,0.2407777968501669,0.2324211942184098,0.2078996330949004,0.0,0.1672065545674993,0.3157414630825875,0.3034650556396721,0.0,0.0,0.0,0.328484984218136,0.0,0.3244121078988458,0.0,0.2016933307896553,0.0,0.1765652178244471,0.3048656836804978,0.0,0.3148149016955145,0.3038316668809205,0.0,0.2914354171908979,0.0,0.3189231309315151,0.3052704276741367,0.3188390352895881,0.3214479374338714,0.1879371525108183,0.2980395896362376,0.3129175657736689,0.327823383712745,0.2708546372112924,0.3142332080874564,0.3327097528563074,0.2911455668558947
0.2271134011488818,0.2547518580647681,0.0,0.0,0.0,0.2751448537612234,0.0,0.2909737936134166,0.0,0.2279370442633527,0.0,0.1926357180861559,0.2736873184677766,0.0,0.2612261203241734,0.2555669207644367,0.2182402467311048,0.2314155723092939,0.0,0.2822816101787465,0.2551375397542805,0.2696496629623195,0.2745364110967192,0.1669226574276849,0.2268399783955897,0.2441499320126781,0.2755278289817239,0.2488837275127881,0.2658411749730589,0.0,0.2246949373547123,0.2227280308413589,0.0,0.1589178504637743,0.2584400168311306,0.2108256116510874,0.0,0.1307262082330124,0.2273050627313399,0.2179205014223282,0.2181103217796338,0.1922997528482378,0.0,0.0,0.1428781046378851,0.2891620388008648,0.2953960445447722,0.0,0.0,0.0,0.0,0.0,0.0,0.0,0.2501769292246568,0.0,0.2325296850618653,0.0,0.0,0.3103729837744146,0.290278160912892,0.2349880882760482,0.2722964423860743,0.0,0.3174230963193871,0.3338346971668591,0.306592216979886,0.3074757522445273,0.216799778010555,0.2759920691423551,0.2957297698999598,0.3102863880488009,0.2517339483807505,0.3238185269147217,0.0,0.2645640478794218
0.2596098017994781,0.2752607299363686,0.2999131528985042,0.1592912931996298,0.2776062878849775,0.3041938479505566,0.279355936374505,0.2893094766518073,0.2839472905937285,0.232011448729558,0.2914150906656598,0.1997474440245949,0.2792854355062875,0.2453923857446405,0.2936543260265833,0.275874485098713,0.2587876664042287,0.2619963075114674,0.2996019927298094,0.3095419300141356,0.2912280163682701,0.2971897315567598,0.2990185090817184,0.1961833501807904,0.254033825777455,0.2695848756948042,0.3147660011696587,0.2720224129660832,0.3039920373625341,0.2944988396890625,0.2232069831042052,0.2549642086637514,0.1589178504637743,0.0,0.2412822991829624,0.1993249111643603,0.1977244356754681,0.1432680698960776,0.2532846089619568,0.2354923107934242,0.2702326396534092,0.2655726409411817,0.2376288152086192,0.2103841632086171,0.0,0.296055651450242,0.2939743420873484,0.0,0.0,0.0,0.3370051215326288,0.0,0.3344532145717953,0.0,0.2717641083232563,0.0,0.2769717074013729,0.0,0.0,0.3242237814043336,0.2909607431256578,0.2849891708675739,0.2850358974455076,0.0,0.3263243077675511,0.331012533350398,0.3202603510959668,0.3365814907623504,0.2664197656254573,0.2849713489239543,0.3028325074932921,0.3395552662508648,0.3460188203685798,0.3394523824839602,0.0,0.2849214137344802
0.2998392290147404,0.3088531314021603,0.3026372587700172,0.1616166101778727,0.2494946936433565,0.3205758422821531,0.2467998568783527,0.3121278198624472,0.2878546882916446,0.2468687832069161,0.2817122784131022,0.2246119960331495,0.2577548815589792,0.0,0.3229977816952041,0.3123829116615869,0.2632793938160842,0.279797900846198,0.0,0.3385912786923274,0.3250066981363905,0.3312639366902489,0.3223471506605605,0.2175050907361412,0.2674344670806542,0.2978843353249014,0.3261708862133944,0.2468911909456387,0.3184362770653267,0.2829862830142514,0.2195101547582349,0.2535592588403934,0.2584400168311306,0.2412822991829624,0.0,0.1930439391871999,0.2147581361068261,0.218768005366511,0.2227187799105574,0.1870597207557491,0.2149002782638184,0.2503319539018723,0.2262157869577502,0.0,0.2046727271323817,0.2967177500848094,0.3159450503502548,0.0,0.0,0.0,0.0,0.0,0.0,0.0,0.2277053096832492,0.0,0.1898795148186441,0.0,0.0,0.342153160916856,0.3150010994544347,0.0,0.2976226168907266,0.0,0.3430121864403822,0.349379802330266,0.338595852127017,0.3443149141726188,0.0,0.2976031516452214,0.3214516300241304,0.3379719769634918,0.0,0.3496804765820468,0.0,0.0
0.0,0.0,0.2861910461839273,0.1147721300994413,0.1702620901256968,0.2770132385697307,0.2104012853507728,0.176836640764171,0.2757328941001353,0.198805452789335,0.1782665554798851,0.0,0.2255657272913334,0.1310771044505,0.3043193866451114,0.0,0.0,0.0,0.257065386507088,0.3488714573368501,0.3396772173203513,0.3246550989592719,0.2680751105806884,0.0,0.0,0.0,0.3042273138535883,0.1780285039911641,0.3219855815755699,0.0,0.2672487047841306,0.1743145383313096,0.2108256116510874,0.1993249111643603,0.1930439391871999,0.0,0.131768118459571,0.2286046385305445,0.2198271138877642,0.0,0.0,0.1957408995599195,0.2579078921429165,0.2125455379042326,0.0,0.0,0.0,0.3291426381104021,0.0,0.0,0.0,0.0,0.0,0.0,0.0,0.0,0.0,0.0,0.0,0.0,0.0,0.0,0.0,0.0,0.0,0.0,0.0,0.0,0.0,0.0,0.0,0.0,0.0,0.0,0.0,0.0
0.0,0.0,0.2877738262791137,0.1160914802005848,0.2169883846279225,0.2799955112829925,0.1995823131850671,0.2923050259136948,0.2758033096732853,0.1769076105641877,0.2721962025477117,0.0,0.2322581469677694,0.111746597534098,0.0,0.0,0.0,0.0,0.2927307237007156,0.309758312646403,0.0,0.0,0.2737516136643164,0.0,0.0,0.0,0.2859513563555458,0.1824129096230176,0.3138591201075231,0.0,0.2605944181224762,0.2163364628689108,0.0,0.1977244356754681,0.2147581361068261,0.131768118459571,0.0,0.2398652568595399,0.206748578508829,0.0,0.0,0.2160214786372362,0.1936261444383113,0.0,0.0,0.0,0.0,0.0,0.0,0.0,0.0,0.0,0.0,0.0,0.0,0.0,0.0,0.0,0.0,0.0,0.0,0.0,0.0,0.0,0.0,0.0,0.0,0.0,0.0,0.0,0.0,0.0,0.0,0.0,0.0,0.0
0.3094879555771948,0.0,0.0,0.0,0.2547538937782884,0.0,0.2549032036568806,0.0,0.0,0.1857362278875089,0.0,0.1601045812647188,0.2521125148444206,0.0,0.0,0.0,0.2128553623139801,0.0,0.0,0.0,0.0,0.0,0.0,0.1752773139593141,0.2148118495102673,0.2245729087409565,0.0,0.2284901772645308,0.0,0.0,0.2124174298522736,0.1707703195080603,0.1307262082330124,0.1432680698960776,0.218768005366511,0.2286046385305445,0.2398652568595399,0.0,0.0,0.0,0.1485174214736899,0.0,0.0,0.0,0.1402011555630679,0.0,0.0,0.0,0.0,0.0,0.0,0.0,0.0,0.0,0.2508089658617375,0.0,0.250351609449278,0.0,0.0,0.0,0.0,0.0,0.0,0.0,0.0,0.0,0.0,0.0,0.2687752799071163,0.0,0.2302440068124589,0.0,0.0,0.0,0.0,0.0
0.3108316916546633,0.3133101497616578,0.0,0.0,0.0,0.3226649782440106,0.0,0.3096154039163513,0.3320921744773117,0.2516761650138162,0.0,0.2294515335600982,0.3327450544531775,0.0,0.320263365090044,0.305003013393364,0.0,0.2751220309668928,0.0,0.316218813442168,0.319472314940468,0.3159574443182543,0.3340994709245831,0.28941631169746,0.2873347831992092,0.3158924400092638,0.3301345525323125,0.3082477445697947,0.3175055643792761,0.3362023971521762,0.3044762777382343,0.2165422619635355,0.2273050627313399,0.2532846089619568,0.2227187799105574,0.2198271138877642,0.206748578508829,0.0,0.0,0.2243872044190438,0.234236147696039,0.2174218440786004,0.1634624209286763,0.2000275900980196,0.1742937434085956,0.2750863867205385,0.2824160722033264,0.2809947765251737,0.1691498558283111,0.2677448650861787,0.2962386866996949,0.2549966432520483,0.2549850488771736,0.2800247919657726,0.2132460309214978,0.2410514280473814,0.1866300229495854,0.2643978033193622,0.1734318964682829,0.2905406446244843,0.2963578869703433,0.2849646390389319,0.2944211264277263,0.2747877124868137,0.3250385966571182,0.2835641526958961,0.3029900511223033,0.2799375273187302,0.2205081817663117,0.2800909679279558,0.2885331882987323,0.3060818659567664,0.247280704914352,0.3081580241676077,0.2393648657596039,0.2508372810751582
0.2826880241190247,0.2981177576169883,0.0,0.0,0.0,0.0,0.0,0.0,0.0,0.2319513631026024,0.0,0.2351580787716674,0.0,0.0,0.3032397016193355,0.2757951986984463,0.2731168396296156,0.2705464187180724,0.0,0.3208189650414499,0.3017570258116189,0.313879985513888,0.2964309363218231,0.2474064594031844,0.277849273669572,0.2944062292759953,0.3126178157735405,0.0,0.0,0.0,0.2656768916653207,0.2010103045331305,0.2179205014223282,0.2354923107934242,0.1870597207557491,0.0,0.0,0.0,0.2243872044190438,0.0,0.1711526564516059,0.2435453160786921,0.0,0.1847448266983762,0.1222675531122256,0.2024355671197948,0.2209787482704258,0.0,0.0,0.0,0.2863898245470835,0.230835198728504,0.2914908037121558,0.0,0.2225460257143937,0.2932716798903587,0.156720597622736,0.2632465896992974,0.0,0.2606567957503631,0.2600558727988218,0.2356995392287997,0.2475711287186525,0.0,0.2909230119637295,0.2433873512342093,0.2689768849088073,0.2742967945295647,0.1706302161258483,0.226920686286213,0.2454709115912184,0.285690944143193,0.2299732200322012,0.2292919313441673,0.0,0.2234532379396738
0.2956517987816829,0.2998433169307336,0.0,0.0,0.0,0.3343711552366359,0.0,0.3338039770969653,0.0,0.2423798390121593,0.0,0.246126371470175,0.0,0.0,0.326843721272679,0.2849069142062797,0.286153796614626,0.2633677340732596,0.0,0.3322032967848641,0.3313423816850662,0.3180832904349019,0.3304116513647256,0.251493650579241,0.2748488869936379,0.3040492815464528,0.3413572779837854,0.3458038519987294,0.3414758248677201,0.0,0.278285122546995,0.2407777968501669,0.2181103217796338,0.2702326396534092,0.2149002782638184,0.0,0.0,0.1485174214736899,0.234236147696039,0.1711526564516059,0.0,0.2103735253884544,0.2085242868115741,0.199878652106114,0.1157285652691166,0.2484980120893307,0.2491761394817967,0.2946025174573962,0.1573490064909117,0.2804145227348359,0.3025976435302512,0.2665284442692197,0.2703611729899642,0.3018894706330955,0.2212283307091314,0.2933196097585249,0.1535188110071644,0.2741383470369097,0.2292600009429075,0.3003421845260089,0.2773027176458882,0.2590516021260379,0.2752909846542942,0.2942767402034019,0.3199018306878102,0.2854130998784442,0.2952068939201099,0.2911047283687565,0.1880898143627452,0.2531344185334942,0.2668180684160426,0.3145628212993934,0.2407872432034569,0.2959704487392312,0.2834498849060081,0.2048724250817021
0.0,0.3176373025414932,0.0,0.0,0.0,0.3374302782098381,0.0,0.0,0.0,0.2257554385797034,0.0,0.0,0.0,0.0,0.3440019903025629,0.3116227731249448,0.0,0.2864011665425462,0.0,0.3261382706672771,0.3588470683854532,0.3386042500656618,0.3406168138309186,0.0,0.2894686068409735,0.3263812208961472,0.3263933783712073,0.0,0.3353724535453597,0.0,0.0,0.2324211942184098,0.1922997528482378,0.2655726409411817,0.2503319539018723,0.1957408995599195,0.2160214786372362,0.0,0.2174218440786004,0.2435453160786921,0.2103735253884544,0.0,0.1929083617197369,0.1969124267546622,0.1603677128847107,0.2967604088597371,0.2907509125743518,0.292854870242034,0.1522315736391913,0.245898505997317,0.3240848681222821,0.2500881137993601,0.2797233874412117,0.2854280471369637,0.2140040380943415,0.2776446413997085,0.154004282384903,0.233428111199591,0.2249639851665656,0.3238280664315095,0.3208199751124053,0.2892095243158868,0.3002087756474956,0.2929814714076917,0.3453519737128104,0.3323270233588731,0.3323499415184094,0.2933192069342582,0.1540735194325177,0.2848902456306972,0.3024651077335369,0.33271849324474,0.2103020478846967,0.31613578262506,0.0,0.2078051944372611
